CODONML (in paml version 4.10.7, June 2023)  /home/rachel/ruminants_paml/6406-phy-tree/ENSBTAT00000057593.fasta.phy
Model: free dN/dS Ratios for branches,  kappa = 2.000 fixed

Codon frequency model: F3x4
ns =  54  ls =  22

Codon usage in sequences
--------------------------------------------------------------------------------------------------------------------------------------
Phe TTT   0   0   0   0   0   0 | Ser TCT   0   0   0   0   0   0 | Tyr TAT   0   0   0   0   0   0 | Cys TGT   1   1   1   1   1   1
    TTC   1   1   1   1   0   1 |     TCC   0   0   0   0   0   0 |     TAC   0   0   0   0   1   0 |     TGC   0   0   0   0   0   0
Leu TTA   0   0   0   0   0   0 |     TCA   1   1   1   1   1   1 | *** TAA   0   0   0   0   0   0 | *** TGA   0   0   0   0   0   0
    TTG   0   0   0   0   0   0 |     TCG   1   1   1   1   1   1 |     TAG   0   0   0   0   0   0 | Trp TGG   0   0   0   0   0   0
--------------------------------------------------------------------------------------------------------------------------------------
Leu CTT   0   1   0   0   1   1 | Pro CCT   0   0   0   0   0   0 | His CAT   0   0   0   0   0   0 | Arg CGT   0   0   0   0   0   0
    CTC   0   0   0   0   0   0 |     CCC   0   0   0   0   0   0 |     CAC   0   0   0   0   0   0 |     CGC   0   0   0   0   0   0
    CTA   1   0   1   1   0   0 |     CCA   1   1   1   1   1   1 | Gln CAA   0   0   0   0   0   0 |     CGA   0   0   0   0   0   0
    CTG   1   1   1   1   1   1 |     CCG   0   0   0   0   0   0 |     CAG   0   0   0   0   0   0 |     CGG   0   0   0   0   0   0
--------------------------------------------------------------------------------------------------------------------------------------
Ile ATT   0   0   0   0   0   0 | Thr ACT   0   0   0   0   0   0 | Asn AAT   0   0   0   0   0   0 | Ser AGT   0   0   0   0   0   0
    ATC   0   0   0   0   0   0 |     ACC   0   0   0   0   0   0 |     AAC   0   0   0   0   0   0 |     AGC   0   0   0   0   0   0
    ATA   0   0   0   0   0   0 |     ACA   0   0   0   0   0   0 | Lys AAA   3   3   3   3   3   3 | Arg AGA   0   0   0   0   0   0
Met ATG   0   0   0   0   0   0 |     ACG   0   0   0   0   0   0 |     AAG   0   0   0   0   0   0 |     AGG   0   0   0   0   0   0
--------------------------------------------------------------------------------------------------------------------------------------
Val GTT   0   0   0   0   0   1 | Ala GCT   2   2   2   1   4   3 | Asp GAT   0   0   0   0   0   0 | Gly GGT   0   0   0   0   0   0
    GTC   1   1   1   1   1   1 |     GCC   4   3   4   5   2   2 |     GAC   0   0   0   0   0   0 |     GGC   0   0   0   0   0   0
    GTA   0   0   0   0   0   0 |     GCA   3   4   3   3   3   3 | Glu GAA   0   0   0   0   0   0 |     GGA   0   0   0   0   0   0
    GTG   1   1   1   1   1   1 |     GCG   1   1   1   1   0   1 |     GAG   0   0   0   0   1   0 |     GGG   0   0   0   0   0   0
--------------------------------------------------------------------------------------------------------------------------------------

--------------------------------------------------------------------------------------------------------------------------------------
Phe TTT   1   0   1   0   0   0 | Ser TCT   0   0   0   0   0   0 | Tyr TAT   0   0   0   0   0   0 | Cys TGT   1   1   1   1   1   1
    TTC   0   1   0   1   1   1 |     TCC   0   0   0   0   0   0 |     TAC   0   0   0   0   0   0 |     TGC   0   0   0   0   0   0
Leu TTA   0   0   0   0   0   0 |     TCA   1   1   1   1   1   1 | *** TAA   0   0   0   0   0   0 | *** TGA   0   0   0   0   0   0
    TTG   0   0   0   0   0   0 |     TCG   1   1   1   1   1   1 |     TAG   0   0   0   0   0   0 | Trp TGG   0   0   0   0   0   0
--------------------------------------------------------------------------------------------------------------------------------------
Leu CTT   0   0   0   0   0   0 | Pro CCT   0   0   0   0   0   0 | His CAT   0   0   0   0   0   0 | Arg CGT   0   0   0   0   0   0
    CTC   0   0   0   0   0   0 |     CCC   1   0   0   0   0   0 |     CAC   0   0   0   0   0   0 |     CGC   0   0   0   0   0   0
    CTA   1   1   1   1   1   1 |     CCA   0   1   1   1   1   1 | Gln CAA   0   0   0   0   0   0 |     CGA   0   0   0   0   0   0
    CTG   1   1   1   1   1   1 |     CCG   0   0   0   0   0   0 |     CAG   0   0   0   0   0   0 |     CGG   0   0   0   0   0   0
--------------------------------------------------------------------------------------------------------------------------------------
Ile ATT   0   0   0   0   0   0 | Thr ACT   0   0   0   0   0   0 | Asn AAT   0   0   0   0   0   0 | Ser AGT   0   0   0   0   0   0
    ATC   0   0   0   0   0   0 |     ACC   0   0   0   0   0   0 |     AAC   0   0   0   0   0   0 |     AGC   0   0   0   0   0   0
    ATA   0   0   0   0   0   0 |     ACA   0   0   0   0   0   0 | Lys AAA   3   3   2   3   3   3 | Arg AGA   0   0   0   0   0   0
Met ATG   0   0   0   0   0   0 |     ACG   0   0   0   0   0   0 |     AAG   0   0   1   0   0   0 |     AGG   0   0   0   0   0   0
--------------------------------------------------------------------------------------------------------------------------------------
Val GTT   0   0   0   0   0   0 | Ala GCT   2   2   1   2   3   2 | Asp GAT   0   0   0   0   0   0 | Gly GGT   0   0   0   0   0   0
    GTC   1   1   1   1   1   1 |     GCC   5   4   6   5   4   3 |     GAC   0   0   0   0   0   0 |     GGC   0   0   0   0   0   0
    GTA   0   0   0   0   0   0 |     GCA   3   3   3   3   2   3 | Glu GAA   0   0   0   0   0   0 |     GGA   0   0   0   0   0   0
    GTG   1   1   1   1   1   1 |     GCG   0   1   0   0   1   2 |     GAG   0   0   0   0   0   0 |     GGG   0   0   0   0   0   0
--------------------------------------------------------------------------------------------------------------------------------------

--------------------------------------------------------------------------------------------------------------------------------------
Phe TTT   0   0   0   0   0   0 | Ser TCT   0   0   0   0   0   0 | Tyr TAT   0   0   0   0   0   0 | Cys TGT   1   1   1   1   1   1
    TTC   1   1   1   1   1   1 |     TCC   0   0   0   0   0   0 |     TAC   0   0   0   0   0   0 |     TGC   0   0   0   0   0   0
Leu TTA   0   0   0   0   0   0 |     TCA   1   1   1   1   1   1 | *** TAA   0   0   0   0   0   0 | *** TGA   0   0   0   0   0   0
    TTG   0   0   0   0   0   0 |     TCG   1   1   1   1   1   1 |     TAG   0   0   0   0   0   0 | Trp TGG   0   0   0   0   0   0
--------------------------------------------------------------------------------------------------------------------------------------
Leu CTT   0   0   0   0   0   0 | Pro CCT   0   0   0   0   0   0 | His CAT   0   0   0   0   0   0 | Arg CGT   0   0   0   0   0   0
    CTC   0   0   0   0   0   0 |     CCC   0   0   0   0   0   0 |     CAC   0   0   0   0   0   0 |     CGC   0   0   0   0   0   0
    CTA   1   1   1   1   1   1 |     CCA   1   1   1   1   1   1 | Gln CAA   0   0   0   0   0   0 |     CGA   0   0   0   0   0   0
    CTG   1   1   1   1   1   1 |     CCG   0   0   0   0   0   0 |     CAG   0   0   0   0   0   0 |     CGG   0   0   0   0   0   0
--------------------------------------------------------------------------------------------------------------------------------------
Ile ATT   0   0   0   0   0   0 | Thr ACT   0   0   0   0   0   0 | Asn AAT   0   0   0   0   0   0 | Ser AGT   0   0   0   0   0   0
    ATC   0   0   0   0   0   0 |     ACC   0   0   0   0   0   0 |     AAC   0   0   0   0   0   0 |     AGC   0   0   0   0   0   0
    ATA   0   0   0   0   0   0 |     ACA   0   0   0   0   0   0 | Lys AAA   3   3   3   3   3   3 | Arg AGA   0   0   0   0   0   0
Met ATG   0   0   0   0   0   0 |     ACG   0   0   0   0   0   0 |     AAG   0   0   0   0   0   0 |     AGG   0   0   0   0   0   0
--------------------------------------------------------------------------------------------------------------------------------------
Val GTT   0   0   0   0   0   0 | Ala GCT   2   2   2   2   2   2 | Asp GAT   0   0   0   0   0   0 | Gly GGT   0   0   0   0   0   0
    GTC   1   1   1   1   1   1 |     GCC   4   4   4   5   4   5 |     GAC   0   0   0   0   0   0 |     GGC   0   0   0   0   0   0
    GTA   0   0   1   0   0   0 |     GCA   3   4   4   3   4   3 | Glu GAA   0   0   0   0   0   0 |     GGA   0   0   0   0   0   0
    GTG   1   1   0   1   1   1 |     GCG   1   0   0   0   0   0 |     GAG   0   0   0   0   0   0 |     GGG   0   0   0   0   0   0
--------------------------------------------------------------------------------------------------------------------------------------

--------------------------------------------------------------------------------------------------------------------------------------
Phe TTT   0   0   0   0   0   0 | Ser TCT   0   0   0   0   0   0 | Tyr TAT   0   0   0   0   0   0 | Cys TGT   1   1   1   1   1   1
    TTC   1   1   1   1   1   1 |     TCC   0   0   0   0   0   0 |     TAC   0   0   0   0   0   0 |     TGC   0   0   0   0   0   0
Leu TTA   0   0   0   0   0   0 |     TCA   1   1   1   1   1   1 | *** TAA   0   0   0   0   0   0 | *** TGA   0   0   0   0   0   0
    TTG   0   0   0   0   1   0 |     TCG   1   1   1   1   0   1 |     TAG   0   0   0   0   0   0 | Trp TGG   0   0   0   0   0   0
--------------------------------------------------------------------------------------------------------------------------------------
Leu CTT   0   0   0   0   0   0 | Pro CCT   0   0   0   0   0   0 | His CAT   0   0   0   0   0   0 | Arg CGT   0   0   0   0   0   0
    CTC   0   0   0   0   0   0 |     CCC   0   0   0   0   0   0 |     CAC   0   0   0   0   0   0 |     CGC   0   0   0   0   0   0
    CTA   1   1   1   1   1   1 |     CCA   1   1   1   1   1   1 | Gln CAA   0   0   0   0   0   0 |     CGA   0   0   0   0   0   0
    CTG   1   1   1   1   1   1 |     CCG   0   0   0   0   0   0 |     CAG   0   0   0   0   0   0 |     CGG   0   0   0   0   0   0
--------------------------------------------------------------------------------------------------------------------------------------
Ile ATT   0   0   0   0   0   0 | Thr ACT   0   0   0   0   0   0 | Asn AAT   0   0   0   0   0   0 | Ser AGT   0   0   0   0   0   0
    ATC   0   0   0   0   0   0 |     ACC   0   0   0   0   0   0 |     AAC   0   0   0   0   0   0 |     AGC   0   0   0   0   0   0
    ATA   0   0   0   0   0   0 |     ACA   0   0   0   0   0   0 | Lys AAA   3   3   3   3   3   3 | Arg AGA   0   0   0   0   0   0
Met ATG   0   0   0   0   0   0 |     ACG   0   0   0   0   0   0 |     AAG   0   0   0   0   0   0 |     AGG   0   0   0   0   0   0
--------------------------------------------------------------------------------------------------------------------------------------
Val GTT   0   0   0   0   0   0 | Ala GCT   2   3   2   3   1   2 | Asp GAT   0   0   0   0   0   0 | Gly GGT   0   0   0   0   0   0
    GTC   1   1   1   1   1   1 |     GCC   4   3   4   4   6   4 |     GAC   0   0   0   0   0   0 |     GGC   0   0   0   0   0   0
    GTA   0   0   0   0   0   0 |     GCA   3   4   4   2   3   3 | Glu GAA   0   0   0   0   0   0 |     GGA   0   0   0   0   0   0
    GTG   1   1   1   1   1   1 |     GCG   1   0   0   1   0   1 |     GAG   0   0   0   0   0   0 |     GGG   0   0   0   0   0   0
--------------------------------------------------------------------------------------------------------------------------------------

--------------------------------------------------------------------------------------------------------------------------------------
Phe TTT   0   0   0   0   0   0 | Ser TCT   0   0   0   0   0   0 | Tyr TAT   0   0   0   0   0   0 | Cys TGT   1   1   1   1   1   1
    TTC   1   1   1   1   1   1 |     TCC   0   0   0   0   0   0 |     TAC   0   0   0   0   0   0 |     TGC   0   0   0   0   0   0
Leu TTA   0   0   0   0   0   0 |     TCA   1   1   1   1   1   1 | *** TAA   0   0   0   0   0   0 | *** TGA   0   0   0   0   0   0
    TTG   0   0   0   0   0   0 |     TCG   1   1   1   1   1   1 |     TAG   0   0   0   0   0   0 | Trp TGG   0   0   0   0   0   0
--------------------------------------------------------------------------------------------------------------------------------------
Leu CTT   0   0   0   0   0   0 | Pro CCT   0   0   0   0   0   0 | His CAT   0   0   0   0   0   0 | Arg CGT   0   0   0   0   0   0
    CTC   0   0   0   0   0   0 |     CCC   0   0   0   0   0   0 |     CAC   0   0   0   0   0   0 |     CGC   0   0   0   0   0   0
    CTA   1   0   1   1   1   1 |     CCA   1   1   1   1   1   1 | Gln CAA   0   0   0   0   0   0 |     CGA   0   0   0   0   0   0
    CTG   1   2   1   1   1   1 |     CCG   0   0   0   0   0   0 |     CAG   0   0   0   0   0   0 |     CGG   0   0   0   0   0   0
--------------------------------------------------------------------------------------------------------------------------------------
Ile ATT   0   0   0   0   0   0 | Thr ACT   0   0   0   0   0   0 | Asn AAT   0   0   0   0   0   0 | Ser AGT   0   0   0   0   0   0
    ATC   0   0   0   0   0   0 |     ACC   0   0   0   0   0   0 |     AAC   0   0   0   0   0   0 |     AGC   0   0   0   0   0   0
    ATA   0   0   0   0   0   0 |     ACA   0   0   0   0   0   0 | Lys AAA   3   3   3   3   3   3 | Arg AGA   0   0   0   0   0   0
Met ATG   0   0   0   0   0   0 |     ACG   0   0   0   0   0   0 |     AAG   0   0   0   0   0   0 |     AGG   0   0   0   0   0   0
--------------------------------------------------------------------------------------------------------------------------------------
Val GTT   0   0   0   0   0   0 | Ala GCT   2   3   2   2   2   3 | Asp GAT   0   0   0   0   0   0 | Gly GGT   0   0   0   0   0   0
    GTC   1   1   1   1   1   1 |     GCC   4   3   4   5   4   4 |     GAC   0   0   0   0   0   0 |     GGC   0   0   0   0   0   0
    GTA   0   0   0   0   1   0 |     GCA   3   3   3   3   4   2 | Glu GAA   0   0   0   0   0   0 |     GGA   0   0   0   0   0   0
    GTG   1   1   1   1   0   1 |     GCG   1   1   1   0   0   1 |     GAG   0   0   0   0   0   0 |     GGG   0   0   0   0   0   0
--------------------------------------------------------------------------------------------------------------------------------------

--------------------------------------------------------------------------------------------------------------------------------------
Phe TTT   0   0   0   0   1   0 | Ser TCT   0   0   0   0   0   0 | Tyr TAT   0   0   0   0   0   0 | Cys TGT   1   1   1   1   1   1
    TTC   1   1   1   1   0   1 |     TCC   0   0   0   0   0   0 |     TAC   0   0   0   0   0   0 |     TGC   0   0   0   0   0   0
Leu TTA   0   0   0   0   0   0 |     TCA   1   1   1   1   1   1 | *** TAA   0   0   0   0   0   0 | *** TGA   0   0   0   0   0   0
    TTG   0   0   0   0   0   0 |     TCG   1   1   1   1   1   1 |     TAG   0   0   0   0   0   0 | Trp TGG   0   0   0   0   0   0
--------------------------------------------------------------------------------------------------------------------------------------
Leu CTT   0   0   0   0   0   0 | Pro CCT   0   0   0   0   0   0 | His CAT   0   0   0   0   0   0 | Arg CGT   0   0   0   0   0   0
    CTC   0   0   0   0   0   0 |     CCC   0   0   0   0   0   0 |     CAC   0   0   0   0   0   0 |     CGC   0   0   0   0   0   0
    CTA   1   1   1   1   1   1 |     CCA   1   1   1   1   1   1 | Gln CAA   0   0   0   0   0   0 |     CGA   0   0   0   0   0   0
    CTG   1   1   1   1   1   1 |     CCG   0   0   0   0   0   0 |     CAG   0   0   0   0   0   0 |     CGG   0   0   0   0   0   0
--------------------------------------------------------------------------------------------------------------------------------------
Ile ATT   0   0   0   0   0   0 | Thr ACT   0   0   0   0   0   0 | Asn AAT   0   0   0   0   0   0 | Ser AGT   0   0   0   0   0   0
    ATC   0   0   0   0   0   0 |     ACC   0   0   0   0   0   0 |     AAC   0   0   0   0   0   0 |     AGC   0   0   0   0   0   0
    ATA   0   0   0   0   0   0 |     ACA   0   0   0   0   0   0 | Lys AAA   3   3   3   3   3   3 | Arg AGA   0   0   0   0   0   0
Met ATG   0   0   0   0   0   0 |     ACG   0   0   0   0   0   0 |     AAG   0   0   0   0   0   0 |     AGG   0   0   0   0   0   0
--------------------------------------------------------------------------------------------------------------------------------------
Val GTT   0   0   0   0   0   0 | Ala GCT   2   3   2   2   4   2 | Asp GAT   0   0   0   0   0   0 | Gly GGT   0   0   0   0   0   0
    GTC   1   1   1   1   1   1 |     GCC   5   4   3   5   3   4 |     GAC   0   0   0   0   0   0 |     GGC   0   0   0   0   0   0
    GTA   0   0   0   0   0   1 |     GCA   3   2   3   3   3   4 | Glu GAA   0   0   0   0   0   0 |     GGA   0   0   0   0   0   0
    GTG   1   1   1   1   1   0 |     GCG   0   1   2   0   0   0 |     GAG   0   0   0   0   0   0 |     GGG   0   0   0   0   0   0
--------------------------------------------------------------------------------------------------------------------------------------

--------------------------------------------------------------------------------------------------------------------------------------
Phe TTT   0   0   0   0   0   0 | Ser TCT   0   0   0   0   0   0 | Tyr TAT   0   0   0   0   0   0 | Cys TGT   1   1   1   1   1   1
    TTC   1   1   1   1   1   1 |     TCC   0   1   0   0   0   0 |     TAC   0   0   0   0   0   0 |     TGC   0   0   0   0   0   0
Leu TTA   0   0   0   0   0   0 |     TCA   1   0   1   1   1   1 | *** TAA   0   0   0   0   0   0 | *** TGA   0   0   0   0   0   0
    TTG   0   0   0   0   1   0 |     TCG   1   1   1   1   0   1 |     TAG   0   0   0   0   0   0 | Trp TGG   0   0   0   0   0   0
--------------------------------------------------------------------------------------------------------------------------------------
Leu CTT   0   0   0   0   0   0 | Pro CCT   0   0   0   0   0   0 | His CAT   0   0   0   0   0   0 | Arg CGT   0   0   0   0   0   0
    CTC   0   0   0   0   0   0 |     CCC   0   0   0   0   0   0 |     CAC   0   0   0   0   0   0 |     CGC   0   0   0   0   0   0
    CTA   1   1   1   1   1   1 |     CCA   1   1   1   1   1   1 | Gln CAA   0   0   0   0   0   0 |     CGA   0   0   0   0   0   0
    CTG   1   1   1   1   1   1 |     CCG   0   0   0   0   0   0 |     CAG   0   0   0   0   0   0 |     CGG   0   0   0   0   0   0
--------------------------------------------------------------------------------------------------------------------------------------
Ile ATT   0   0   0   0   0   0 | Thr ACT   0   0   0   0   0   0 | Asn AAT   0   0   0   0   0   0 | Ser AGT   0   0   0   0   0   0
    ATC   0   0   0   0   0   0 |     ACC   0   0   0   0   0   0 |     AAC   0   0   0   0   0   0 |     AGC   0   0   0   0   0   0
    ATA   0   0   0   0   0   0 |     ACA   0   0   0   0   0   0 | Lys AAA   3   3   3   3   3   3 | Arg AGA   0   0   0   0   0   0
Met ATG   0   0   0   0   0   0 |     ACG   0   0   0   0   0   0 |     AAG   0   0   0   0   0   0 |     AGG   0   0   0   0   0   0
--------------------------------------------------------------------------------------------------------------------------------------
Val GTT   0   0   0   0   0   0 | Ala GCT   2   2   2   2   2   3 | Asp GAT   0   0   0   0   0   0 | Gly GGT   0   0   0   0   0   0
    GTC   1   1   1   1   1   1 |     GCC   3   4   4   5   5   3 |     GAC   0   0   0   0   0   0 |     GGC   0   0   0   0   0   0
    GTA   1   0   0   0   0   0 |     GCA   4   4   3   3   3   3 | Glu GAA   1   0   0   0   0   0 |     GGA   0   0   0   0   0   0
    GTG   0   1   1   1   1   1 |     GCG   0   0   1   0   0   1 |     GAG   0   0   0   0   0   0 |     GGG   0   0   0   0   0   0
--------------------------------------------------------------------------------------------------------------------------------------

--------------------------------------------------------------------------------------------------------------------------------------
Phe TTT   0   0   0   0   0   1 | Ser TCT   0   0   0   0   0   0 | Tyr TAT   0   0   0   0   0   0 | Cys TGT   1   1   1   1   1   1
    TTC   1   1   1   1   1   0 |     TCC   0   0   0   0   1   0 |     TAC   0   0   0   0   0   0 |     TGC   0   0   0   0   0   0
Leu TTA   0   0   0   0   0   0 |     TCA   1   1   1   1   0   1 | *** TAA   0   0   0   0   0   0 | *** TGA   0   0   0   0   0   0
    TTG   0   0   0   0   0   0 |     TCG   1   1   1   1   1   1 |     TAG   0   0   0   0   0   0 | Trp TGG   0   0   0   0   0   0
--------------------------------------------------------------------------------------------------------------------------------------
Leu CTT   0   0   0   0   0   0 | Pro CCT   0   0   0   0   0   0 | His CAT   0   0   0   0   0   0 | Arg CGT   0   0   0   0   0   0
    CTC   0   0   0   0   0   0 |     CCC   0   0   0   0   0   0 |     CAC   0   0   0   0   0   0 |     CGC   0   0   0   0   0   0
    CTA   1   1   1   1   1   1 |     CCA   1   1   1   1   1   1 | Gln CAA   0   0   0   0   0   0 |     CGA   0   0   0   0   0   0
    CTG   1   1   1   1   1   1 |     CCG   0   0   0   0   0   0 |     CAG   0   0   0   0   0   0 |     CGG   0   0   0   0   0   0
--------------------------------------------------------------------------------------------------------------------------------------
Ile ATT   0   0   0   0   0   0 | Thr ACT   0   0   0   0   0   0 | Asn AAT   0   0   0   0   0   0 | Ser AGT   0   0   0   0   0   0
    ATC   0   0   0   0   0   0 |     ACC   0   0   0   0   0   0 |     AAC   0   0   0   0   0   0 |     AGC   0   0   0   0   0   0
    ATA   0   0   0   0   0   0 |     ACA   0   0   0   0   0   0 | Lys AAA   3   3   3   3   3   3 | Arg AGA   0   0   0   0   0   0
Met ATG   0   0   0   0   0   0 |     ACG   0   0   0   0   0   0 |     AAG   0   0   0   0   0   0 |     AGG   0   0   0   0   0   0
--------------------------------------------------------------------------------------------------------------------------------------
Val GTT   0   0   0   0   0   1 | Ala GCT   2   2   2   3   2   1 | Asp GAT   0   0   0   0   0   0 | Gly GGT   0   0   0   0   0   0
    GTC   1   1   1   1   1   0 |     GCC   4   5   3   3   4   4 |     GAC   0   0   0   0   0   0 |     GGC   0   0   0   0   0   0
    GTA   0   0   0   0   0   0 |     GCA   3   3   3   3   4   4 | Glu GAA   0   0   0   0   0   0 |     GGA   0   0   0   0   0   0
    GTG   1   1   1   1   1   1 |     GCG   1   0   2   1   0   1 |     GAG   0   0   0   0   0   0 |     GGG   0   0   0   0   0   0
--------------------------------------------------------------------------------------------------------------------------------------

--------------------------------------------------------------------------------------------------------------------------------------
Phe TTT   1   0   0   0   0   0 | Ser TCT   0   0   0   0   0   0 | Tyr TAT   0   0   0   0   0   0 | Cys TGT   1   1   1   1   1   1
    TTC   0   0   1   1   1   1 |     TCC   0   0   0   0   0   0 |     TAC   0   0   0   0   0   0 |     TGC   0   0   0   0   0   0
Leu TTA   0   0   0   0   0   0 |     TCA   1   1   0   1   1   1 | *** TAA   0   0   0   0   0   0 | *** TGA   0   0   0   0   0   0
    TTG   0   1   0   0   0   0 |     TCG   1   1   2   1   1   1 |     TAG   0   0   0   0   0   0 | Trp TGG   0   0   0   0   0   0
--------------------------------------------------------------------------------------------------------------------------------------
Leu CTT   0   0   0   0   0   0 | Pro CCT   0   0   0   0   0   0 | His CAT   0   0   0   0   0   0 | Arg CGT   0   0   0   0   0   0
    CTC   0   0   0   0   0   0 |     CCC   0   0   0   0   0   0 |     CAC   0   0   0   0   0   0 |     CGC   0   0   0   0   0   0
    CTA   1   1   1   1   1   1 |     CCA   1   1   1   1   1   1 | Gln CAA   0   0   0   0   0   0 |     CGA   0   0   0   0   0   0
    CTG   1   1   1   1   1   1 |     CCG   0   0   0   0   0   0 |     CAG   0   0   0   0   0   0 |     CGG   0   0   0   0   0   0
--------------------------------------------------------------------------------------------------------------------------------------
Ile ATT   0   0   0   0   0   0 | Thr ACT   0   0   0   0   0   0 | Asn AAT   0   0   0   0   0   0 | Ser AGT   0   0   0   0   0   0
    ATC   0   0   0   0   0   0 |     ACC   0   0   0   0   0   0 |     AAC   0   0   0   0   0   0 |     AGC   0   0   0   0   0   0
    ATA   0   0   0   0   0   0 |     ACA   0   0   0   0   0   0 | Lys AAA   3   2   3   3   3   3 | Arg AGA   0   0   0   0   0   0
Met ATG   0   0   0   0   0   0 |     ACG   0   0   0   0   0   0 |     AAG   0   1   0   0   0   0 |     AGG   0   0   0   0   0   0
--------------------------------------------------------------------------------------------------------------------------------------
Val GTT   0   0   0   0   0   0 | Ala GCT   1   2   2   1   3   2 | Asp GAT   0   0   0   0   0   0 | Gly GGT   0   0   0   0   0   0
    GTC   1   1   1   1   1   1 |     GCC   5   4   4   5   4   4 |     GAC   0   0   0   0   0   0 |     GGC   0   0   0   0   0   0
    GTA   0   0   0   0   0   0 |     GCA   4   4   4   3   2   3 | Glu GAA   0   0   0   0   0   0 |     GGA   0   0   0   0   0   0
    GTG   1   1   1   1   1   1 |     GCG   0   0   0   1   1   1 |     GAG   0   0   0   0   0   0 |     GGG   0   0   0   0   0   0
--------------------------------------------------------------------------------------------------------------------------------------

Codon position x base (3x4) table for each sequence.

#1: Argali         
position  1:    T:0.18182    C:0.13636    A:0.13636    G:0.54545
position  2:    T:0.22727    C:0.59091    A:0.13636    G:0.04545
position  3:    T:0.13636    C:0.27273    A:0.40909    G:0.18182
Average         T:0.18182    C:0.33333    A:0.22727    G:0.25758

#2: LesserMouseDeer
position  1:    T:0.18182    C:0.13636    A:0.13636    G:0.54545
position  2:    T:0.22727    C:0.59091    A:0.13636    G:0.04545
position  3:    T:0.18182    C:0.22727    A:0.40909    G:0.18182
Average         T:0.19697    C:0.31818    A:0.22727    G:0.25758

#3: LesserKudu     
position  1:    T:0.18182    C:0.13636    A:0.13636    G:0.54545
position  2:    T:0.22727    C:0.59091    A:0.13636    G:0.04545
position  3:    T:0.13636    C:0.27273    A:0.40909    G:0.18182
Average         T:0.18182    C:0.33333    A:0.22727    G:0.25758

#4: ForestMuskDeer2
position  1:    T:0.18182    C:0.13636    A:0.13636    G:0.54545
position  2:    T:0.22727    C:0.59091    A:0.13636    G:0.04545
position  3:    T:0.09091    C:0.31818    A:0.40909    G:0.18182
Average         T:0.16667    C:0.34848    A:0.22727    G:0.25758

#5: Camel          
position  1:    T:0.18182    C:0.13636    A:0.13636    G:0.54545
position  2:    T:0.18182    C:0.54545    A:0.22727    G:0.04545
position  3:    T:0.27273    C:0.18182    A:0.36364    G:0.18182
Average         T:0.21212    C:0.28788    A:0.24242    G:0.25758

#6: KillerWhale    
position  1:    T:0.18182    C:0.13636    A:0.13636    G:0.54545
position  2:    T:0.27273    C:0.54545    A:0.13636    G:0.04545
position  3:    T:0.27273    C:0.18182    A:0.36364    G:0.18182
Average         T:0.24242    C:0.28788    A:0.21212    G:0.25758

#7: DefassaWaterbuck
position  1:    T:0.18182    C:0.13636    A:0.13636    G:0.54545
position  2:    T:0.22727    C:0.59091    A:0.13636    G:0.04545
position  3:    T:0.18182    C:0.31818    A:0.36364    G:0.13636
Average         T:0.19697    C:0.34848    A:0.21212    G:0.24242

#8: Sheep          
position  1:    T:0.18182    C:0.13636    A:0.13636    G:0.54545
position  2:    T:0.22727    C:0.59091    A:0.13636    G:0.04545
position  3:    T:0.13636    C:0.27273    A:0.40909    G:0.18182
Average         T:0.18182    C:0.33333    A:0.22727    G:0.25758

#9: MaxwellsDuiker 
position  1:    T:0.18182    C:0.13636    A:0.13636    G:0.54545
position  2:    T:0.22727    C:0.59091    A:0.13636    G:0.04545
position  3:    T:0.13636    C:0.31818    A:0.36364    G:0.18182
Average         T:0.18182    C:0.34848    A:0.21212    G:0.25758

#10: GazellaPrzewalskyi
position  1:    T:0.18182    C:0.13636    A:0.13636    G:0.54545
position  2:    T:0.22727    C:0.59091    A:0.13636    G:0.04545
position  3:    T:0.13636    C:0.31818    A:0.40909    G:0.13636
Average         T:0.18182    C:0.34848    A:0.22727    G:0.24242

#11: MountainNyala  
position  1:    T:0.18182    C:0.13636    A:0.13636    G:0.54545
position  2:    T:0.22727    C:0.59091    A:0.13636    G:0.04545
position  3:    T:0.18182    C:0.27273    A:0.36364    G:0.18182
Average         T:0.19697    C:0.33333    A:0.21212    G:0.25758

#12: MuntiacusMuntjak
position  1:    T:0.18182    C:0.13636    A:0.13636    G:0.54545
position  2:    T:0.22727    C:0.59091    A:0.13636    G:0.04545
position  3:    T:0.13636    C:0.22727    A:0.40909    G:0.22727
Average         T:0.18182    C:0.31818    A:0.22727    G:0.27273

#13: goat           
position  1:    T:0.18182    C:0.13636    A:0.13636    G:0.54545
position  2:    T:0.22727    C:0.59091    A:0.13636    G:0.04545
position  3:    T:0.13636    C:0.27273    A:0.40909    G:0.18182
Average         T:0.18182    C:0.33333    A:0.22727    G:0.25758

#14: AfricanBuffalo 
position  1:    T:0.18182    C:0.13636    A:0.13636    G:0.54545
position  2:    T:0.22727    C:0.59091    A:0.13636    G:0.04545
position  3:    T:0.13636    C:0.27273    A:0.45455    G:0.13636
Average         T:0.18182    C:0.33333    A:0.24242    G:0.24242

#15: Topi           
position  1:    T:0.18182    C:0.13636    A:0.13636    G:0.54545
position  2:    T:0.22727    C:0.59091    A:0.13636    G:0.04545
position  3:    T:0.13636    C:0.27273    A:0.50000    G:0.09091
Average         T:0.18182    C:0.33333    A:0.25758    G:0.22727

#16: CommonDuiker   
position  1:    T:0.18182    C:0.13636    A:0.13636    G:0.54545
position  2:    T:0.22727    C:0.59091    A:0.13636    G:0.04545
position  3:    T:0.13636    C:0.31818    A:0.40909    G:0.13636
Average         T:0.18182    C:0.34848    A:0.22727    G:0.24242

#17: Suni           
position  1:    T:0.18182    C:0.13636    A:0.13636    G:0.54545
position  2:    T:0.22727    C:0.59091    A:0.13636    G:0.04545
position  3:    T:0.13636    C:0.27273    A:0.45455    G:0.13636
Average         T:0.18182    C:0.33333    A:0.24242    G:0.24242

#18: Springbuck     
position  1:    T:0.18182    C:0.13636    A:0.13636    G:0.54545
position  2:    T:0.22727    C:0.59091    A:0.13636    G:0.04545
position  3:    T:0.13636    C:0.31818    A:0.40909    G:0.13636
Average         T:0.18182    C:0.34848    A:0.22727    G:0.24242

#19: Okapi          
position  1:    T:0.18182    C:0.13636    A:0.13636    G:0.54545
position  2:    T:0.22727    C:0.59091    A:0.13636    G:0.04545
position  3:    T:0.13636    C:0.27273    A:0.40909    G:0.18182
Average         T:0.18182    C:0.33333    A:0.22727    G:0.25758

#20: Giraffe        
position  1:    T:0.18182    C:0.13636    A:0.13636    G:0.54545
position  2:    T:0.22727    C:0.59091    A:0.13636    G:0.04545
position  3:    T:0.18182    C:0.22727    A:0.45455    G:0.13636
Average         T:0.19697    C:0.31818    A:0.24242    G:0.24242

#21: TibetanAntelope
position  1:    T:0.18182    C:0.13636    A:0.13636    G:0.54545
position  2:    T:0.22727    C:0.59091    A:0.13636    G:0.04545
position  3:    T:0.13636    C:0.27273    A:0.45455    G:0.13636
Average         T:0.18182    C:0.33333    A:0.24242    G:0.24242

#22: Sitatunga      
position  1:    T:0.18182    C:0.13636    A:0.13636    G:0.54545
position  2:    T:0.22727    C:0.59091    A:0.13636    G:0.04545
position  3:    T:0.18182    C:0.27273    A:0.36364    G:0.18182
Average         T:0.19697    C:0.33333    A:0.21212    G:0.25758

#23: Oribi          
position  1:    T:0.18182    C:0.13636    A:0.13636    G:0.54545
position  2:    T:0.27273    C:0.54545    A:0.13636    G:0.04545
position  3:    T:0.09091    C:0.36364    A:0.40909    G:0.13636
Average         T:0.18182    C:0.34848    A:0.22727    G:0.24242

#24: BarbarySheep   
position  1:    T:0.18182    C:0.13636    A:0.13636    G:0.54545
position  2:    T:0.22727    C:0.59091    A:0.13636    G:0.04545
position  3:    T:0.13636    C:0.27273    A:0.40909    G:0.18182
Average         T:0.18182    C:0.33333    A:0.22727    G:0.25758

#25: Daviddeer      
position  1:    T:0.18182    C:0.13636    A:0.13636    G:0.54545
position  2:    T:0.22727    C:0.59091    A:0.13636    G:0.04545
position  3:    T:0.13636    C:0.27273    A:0.40909    G:0.18182
Average         T:0.18182    C:0.33333    A:0.22727    G:0.25758

#26: Reindeer       
position  1:    T:0.18182    C:0.13636    A:0.13636    G:0.54545
position  2:    T:0.22727    C:0.59091    A:0.13636    G:0.04545
position  3:    T:0.18182    C:0.22727    A:0.36364    G:0.22727
Average         T:0.19697    C:0.31818    A:0.21212    G:0.27273

#27: Ibex           
position  1:    T:0.18182    C:0.13636    A:0.13636    G:0.54545
position  2:    T:0.22727    C:0.59091    A:0.13636    G:0.04545
position  3:    T:0.13636    C:0.27273    A:0.40909    G:0.18182
Average         T:0.18182    C:0.33333    A:0.22727    G:0.25758

#28: GyrantGazelle  
position  1:    T:0.18182    C:0.13636    A:0.13636    G:0.54545
position  2:    T:0.22727    C:0.59091    A:0.13636    G:0.04545
position  3:    T:0.13636    C:0.31818    A:0.40909    G:0.13636
Average         T:0.18182    C:0.34848    A:0.22727    G:0.24242

#29: Hartebeest     
position  1:    T:0.18182    C:0.13636    A:0.13636    G:0.54545
position  2:    T:0.22727    C:0.59091    A:0.13636    G:0.04545
position  3:    T:0.13636    C:0.27273    A:0.50000    G:0.09091
Average         T:0.18182    C:0.33333    A:0.25758    G:0.22727

#30: Bongo          
position  1:    T:0.18182    C:0.13636    A:0.13636    G:0.54545
position  2:    T:0.22727    C:0.59091    A:0.13636    G:0.04545
position  3:    T:0.18182    C:0.27273    A:0.36364    G:0.18182
Average         T:0.19697    C:0.33333    A:0.21212    G:0.25758

#31: Gerenuk        
position  1:    T:0.18182    C:0.13636    A:0.13636    G:0.54545
position  2:    T:0.22727    C:0.59091    A:0.13636    G:0.04545
position  3:    T:0.13636    C:0.31818    A:0.40909    G:0.13636
Average         T:0.18182    C:0.34848    A:0.22727    G:0.24242

#32: CommonEland    
position  1:    T:0.18182    C:0.13636    A:0.13636    G:0.54545
position  2:    T:0.22727    C:0.59091    A:0.13636    G:0.04545
position  3:    T:0.18182    C:0.27273    A:0.36364    G:0.18182
Average         T:0.19697    C:0.33333    A:0.21212    G:0.25758

#33: MuntiacusReevesi
position  1:    T:0.18182    C:0.13636    A:0.13636    G:0.54545
position  2:    T:0.22727    C:0.59091    A:0.13636    G:0.04545
position  3:    T:0.13636    C:0.22727    A:0.40909    G:0.22727
Average         T:0.18182    C:0.31818    A:0.22727    G:0.27273

#34: HarveysDuiker  
position  1:    T:0.18182    C:0.13636    A:0.13636    G:0.54545
position  2:    T:0.22727    C:0.59091    A:0.13636    G:0.04545
position  3:    T:0.13636    C:0.31818    A:0.40909    G:0.13636
Average         T:0.18182    C:0.34848    A:0.22727    G:0.24242

#35: Pronghorn      
position  1:    T:0.18182    C:0.13636    A:0.13636    G:0.54545
position  2:    T:0.22727    C:0.59091    A:0.13636    G:0.04545
position  3:    T:0.27273    C:0.18182    A:0.40909    G:0.13636
Average         T:0.22727    C:0.30303    A:0.22727    G:0.24242

#36: BlueWildebeest 
position  1:    T:0.18182    C:0.13636    A:0.13636    G:0.54545
position  2:    T:0.22727    C:0.59091    A:0.13636    G:0.04545
position  3:    T:0.13636    C:0.27273    A:0.50000    G:0.09091
Average         T:0.18182    C:0.33333    A:0.25758    G:0.22727

#37: Gemsbok        
position  1:    T:0.18182    C:0.13636    A:0.13636    G:0.54545
position  2:    T:0.22727    C:0.54545    A:0.18182    G:0.04545
position  3:    T:0.13636    C:0.22727    A:0.54545    G:0.09091
Average         T:0.18182    C:0.30303    A:0.28788    G:0.22727

#38: Yak            
position  1:    T:0.18182    C:0.13636    A:0.13636    G:0.54545
position  2:    T:0.22727    C:0.59091    A:0.13636    G:0.04545
position  3:    T:0.13636    C:0.31818    A:0.40909    G:0.13636
Average         T:0.18182    C:0.34848    A:0.22727    G:0.24242

#39: BlueSheep      
position  1:    T:0.18182    C:0.13636    A:0.13636    G:0.54545
position  2:    T:0.22727    C:0.59091    A:0.13636    G:0.04545
position  3:    T:0.13636    C:0.27273    A:0.40909    G:0.18182
Average         T:0.18182    C:0.33333    A:0.22727    G:0.25758

#40: BohorReedbuck  
position  1:    T:0.18182    C:0.13636    A:0.13636    G:0.54545
position  2:    T:0.22727    C:0.59091    A:0.13636    G:0.04545
position  3:    T:0.13636    C:0.31818    A:0.40909    G:0.13636
Average         T:0.18182    C:0.34848    A:0.22727    G:0.24242

#41: KirksDik       
position  1:    T:0.18182    C:0.13636    A:0.13636    G:0.54545
position  2:    T:0.27273    C:0.54545    A:0.13636    G:0.04545
position  3:    T:0.13636    C:0.31818    A:0.40909    G:0.13636
Average         T:0.19697    C:0.33333    A:0.22727    G:0.24242

#42: RoeDeer        
position  1:    T:0.18182    C:0.13636    A:0.13636    G:0.54545
position  2:    T:0.22727    C:0.59091    A:0.13636    G:0.04545
position  3:    T:0.18182    C:0.22727    A:0.40909    G:0.18182
Average         T:0.19697    C:0.31818    A:0.22727    G:0.25758

#43: WhiteLippedDeer
position  1:    T:0.18182    C:0.13636    A:0.13636    G:0.54545
position  2:    T:0.22727    C:0.59091    A:0.13636    G:0.04545
position  3:    T:0.13636    C:0.27273    A:0.40909    G:0.18182
Average         T:0.18182    C:0.33333    A:0.22727    G:0.25758

#44: ThomsonGazelle 
position  1:    T:0.18182    C:0.13636    A:0.13636    G:0.54545
position  2:    T:0.22727    C:0.59091    A:0.13636    G:0.04545
position  3:    T:0.13636    C:0.31818    A:0.40909    G:0.13636
Average         T:0.18182    C:0.34848    A:0.22727    G:0.24242

#45: MuntiacusCrinifrons
position  1:    T:0.18182    C:0.13636    A:0.13636    G:0.54545
position  2:    T:0.22727    C:0.59091    A:0.13636    G:0.04545
position  3:    T:0.13636    C:0.22727    A:0.40909    G:0.22727
Average         T:0.18182    C:0.31818    A:0.22727    G:0.27273

#46: WhiteTailedDeer
position  1:    T:0.18182    C:0.13636    A:0.13636    G:0.54545
position  2:    T:0.22727    C:0.59091    A:0.13636    G:0.04545
position  3:    T:0.18182    C:0.22727    A:0.40909    G:0.18182
Average         T:0.19697    C:0.31818    A:0.22727    G:0.25758

#47: Cattle         
position  1:    T:0.18182    C:0.13636    A:0.13636    G:0.54545
position  2:    T:0.22727    C:0.59091    A:0.13636    G:0.04545
position  3:    T:0.13636    C:0.31818    A:0.40909    G:0.13636
Average         T:0.18182    C:0.34848    A:0.22727    G:0.24242

#48: RoyalAntelope  
position  1:    T:0.18182    C:0.13636    A:0.13636    G:0.54545
position  2:    T:0.22727    C:0.59091    A:0.13636    G:0.04545
position  3:    T:0.18182    C:0.18182    A:0.45455    G:0.18182
Average         T:0.19697    C:0.30303    A:0.24242    G:0.25758

#49: Steenbok       
position  1:    T:0.18182    C:0.13636    A:0.13636    G:0.54545
position  2:    T:0.22727    C:0.59091    A:0.13636    G:0.04545
position  3:    T:0.13636    C:0.27273    A:0.45455    G:0.13636
Average         T:0.18182    C:0.33333    A:0.24242    G:0.24242

#50: Impala         
position  1:    T:0.18182    C:0.13636    A:0.13636    G:0.54545
position  2:    T:0.22727    C:0.59091    A:0.13636    G:0.04545
position  3:    T:0.13636    C:0.22727    A:0.40909    G:0.22727
Average         T:0.18182    C:0.31818    A:0.22727    G:0.27273

#51: Klipspringer   
position  1:    T:0.18182    C:0.13636    A:0.13636    G:0.54545
position  2:    T:0.22727    C:0.59091    A:0.13636    G:0.04545
