CODONML (in paml version 4.10.7, June 2023)  /home/rachel/ruminants_paml/6406-phy-tree/ENSBTAT00000015680.fasta.phy
Model: free dN/dS Ratios for branches,  kappa = 2.000 fixed

Codon frequency model: F3x4
ns =  54  ls =  72

Codon usage in sequences
--------------------------------------------------------------------------------------------------------------------------------------
Phe TTT   3   3   3   3   3   3 | Ser TCT   1   1   1   1   1   1 | Tyr TAT   0   0   0   0   0   0 | Cys TGT   0   0   0   0   0   0
    TTC   3   3   3   3   3   3 |     TCC   2   2   2   2   2   2 |     TAC   0   0   0   0   0   0 |     TGC   0   0   0   0   0   0
Leu TTA   0   0   0   0   0   0 |     TCA   0   0   0   0   0   0 | *** TAA   0   0   0   0   0   0 | *** TGA   0   0   0   0   0   0
    TTG   1   1   1   1   1   1 |     TCG   0   0   0   0   0   0 |     TAG   0   0   0   0   0   0 | Trp TGG   0   0   0   0   0   0
--------------------------------------------------------------------------------------------------------------------------------------
Leu CTT   0   0   0   0   0   0 | Pro CCT   2   2   2   2   2   2 | His CAT   2   2   2   2   2   2 | Arg CGT   1   1   1   1   1   1
    CTC   0   0   0   0   0   0 |     CCC   0   0   0   0   0   0 |     CAC   0   0   0   0   0   0 |     CGC   0   0   0   0   0   0
    CTA   2   2   2   2   2   2 |     CCA   5   5   5   5   5   4 | Gln CAA   1   1   1   1   1   1 |     CGA   0   0   0   0   0   0
    CTG   0   0   0   0   0   0 |     CCG   0   0   0   0   0   1 |     CAG   2   2   2   2   2   2 |     CGG   1   1   1   1   1   1
--------------------------------------------------------------------------------------------------------------------------------------
Ile ATT   1   1   1   1   1   2 | Thr ACT   0   0   0   0   0   0 | Asn AAT   4   4   5   4   4   4 | Ser AGT   1   1   0   1   1   1
    ATC   5   5   5   5   5   4 |     ACC   1   1   1   1   1   1 |     AAC   2   2   2   2   2   2 |     AGC   2   2   2   2   2   2
    ATA   3   3   3   3   3   3 |     ACA   1   1   1   1   2   1 | Lys AAA   0   0   0   2   1   0 | Arg AGA   2   2   2   2   2   2
Met ATG   1   1   1   1   1   1 |     ACG   0   0   0   0   0   0 |     AAG   5   5   5   3   4   5 |     AGG   1   1   1   1   1   1
--------------------------------------------------------------------------------------------------------------------------------------
Val GTT   0   1   0   1   1   0 | Ala GCT   0   0   0   0   0   0 | Asp GAT   3   3   3   3   2   3 | Gly GGT   2   2   2   2   2   2
    GTC   1   0   1   0   0   1 |     GCC   1   1   1   1   1   1 |     GAC   2   2   2   2   3   2 |     GGC   0   0   0   0   0   0
    GTA   1   2   1   1   1   1 |     GCA   1   1   1   1   0   1 | Glu GAA   3   3   3   3   3   3 |     GGA   2   2   2   2   2   2
    GTG   1   0   1   1   1   1 |     GCG   0   0   0   0   0   0 |     GAG   0   0   0   0   0   0 |     GGG   0   0   0   0   0   0
--------------------------------------------------------------------------------------------------------------------------------------

--------------------------------------------------------------------------------------------------------------------------------------
Phe TTT   3   3   3   3   3   3 | Ser TCT   1   1   1   1   1   1 | Tyr TAT   0   0   0   0   0   0 | Cys TGT   0   0   0   0   0   0
    TTC   3   3   3   3   3   3 |     TCC   2   2   2   2   2   2 |     TAC   0   0   0   0   0   0 |     TGC   0   0   0   0   0   0
Leu TTA   0   0   0   0   0   0 |     TCA   0   0   0   0   0   0 | *** TAA   0   0   0   0   0   0 | *** TGA   0   0   0   0   0   0
    TTG   1   1   1   1   1   1 |     TCG   0   0   0   0   0   0 |     TAG   0   0   0   0   0   0 | Trp TGG   0   0   0   0   0   0
--------------------------------------------------------------------------------------------------------------------------------------
Leu CTT   0   0   0   0   0   0 | Pro CCT   2   2   2   2   2   2 | His CAT   2   2   2   2   2   2 | Arg CGT   1   1   1   1   1   1
    CTC   0   0   0   0   0   0 |     CCC   0   0   0   0   0   0 |     CAC   0   0   0   0   0   0 |     CGC   0   0   0   0   0   0
    CTA   2   2   2   2   2   2 |     CCA   5   5   5   5   5   5 | Gln CAA   1   1   1   1   1   1 |     CGA   0   0   0   0   0   0
    CTG   0   0   0   0   0   0 |     CCG   0   0   0   0   0   0 |     CAG   2   2   2   2   2   2 |     CGG   1   1   1   1   1   1
--------------------------------------------------------------------------------------------------------------------------------------
Ile ATT   1   1   1   1   1   1 | Thr ACT   0   0   0   0   0   0 | Asn AAT   4   4   4   4   4   4 | Ser AGT   1   1   1   1   1   1
    ATC   5   5   5   5   5   5 |     ACC   1   1   1   1   1   1 |     AAC   2   2   2   2   2   2 |     AGC   2   2   2   2   2   2
    ATA   3   3   3   2   3   3 |     ACA   1   1   1   2   1   1 | Lys AAA   0   0   0   0   0   0 | Arg AGA   2   2   2   2   2   2
Met ATG   1   1   1   1   1   1 |     ACG   0   0   0   0   0   0 |     AAG   5   5   5   5   5   5 |     AGG   1   1   1   1   1   1
--------------------------------------------------------------------------------------------------------------------------------------
Val GTT   0   0   0   1   0   0 | Ala GCT   0   0   0   0   0   0 | Asp GAT   3   3   2   3   3   3 | Gly GGT   2   2   2   1   2   2
    GTC   1   1   1   0   1   0 |     GCC   1   1   1   1   1   1 |     GAC   2   2   3   2   2   2 |     GGC   0   0   0   1   0   0
    GTA   1   1   1   1   1   1 |     GCA   1   1   1   1   1   1 | Glu GAA   2   3   3   3   3   3 |     GGA   2   2   2   2   2   2
    GTG   1   1   1   1   1   2 |     GCG   0   0   0   0   0   0 |     GAG   1   0   0   0   0   0 |     GGG   0   0   0   0   0   0
--------------------------------------------------------------------------------------------------------------------------------------

--------------------------------------------------------------------------------------------------------------------------------------
Phe TTT   3   3   3   3   3   3 | Ser TCT   1   1   1   1   1   1 | Tyr TAT   0   0   0   0   0   0 | Cys TGT   0   0   0   0   0   0
    TTC   3   3   3   3   3   3 |     TCC   2   2   2   2   2   2 |     TAC   0   0   0   0   0   0 |     TGC   0   0   0   0   0   0
Leu TTA   0   0   0   0   0   0 |     TCA   0   0   0   0   0   0 | *** TAA   0   0   0   0   0   0 | *** TGA   0   0   0   0   0   0
    TTG   1   1   1   1   1   1 |     TCG   0   0   0   0   0   0 |     TAG   0   0   0   0   0   0 | Trp TGG   0   0   0   0   0   0
--------------------------------------------------------------------------------------------------------------------------------------
Leu CTT   0   0   0   0   0   0 | Pro CCT   2   2   2   2   2   1 | His CAT   2   2   2   2   2   2 | Arg CGT   1   1   1   1   1   1
    CTC   0   0   0   0   0   0 |     CCC   0   0   0   0   0   1 |     CAC   0   0   0   0   0   0 |     CGC   0   0   0   0   0   0
    CTA   2   2   2   2   2   2 |     CCA   5   5   5   5   5   5 | Gln CAA   1   1   1   1   1   1 |     CGA   0   0   0   0   0   0
    CTG   0   0   0   0   0   0 |     CCG   0   0   0   0   0   0 |     CAG   2   2   2   2   2   2 |     CGG   1   1   1   1   1   1
--------------------------------------------------------------------------------------------------------------------------------------
Ile ATT   1   1   1   1   1   1 | Thr ACT   0   0   0   0   0   0 | Asn AAT   4   5   4   4   4   4 | Ser AGT   1   1   1   1   1   1
    ATC   5   5   5   5   5   5 |     ACC   1   1   1   1   1   1 |     AAC   2   1   2   2   2   2 |     AGC   2   2   2   2   2   2
    ATA   3   3   3   3   3   3 |     ACA   1   1   1   1   1   1 | Lys AAA   0   1   0   0   1   0 | Arg AGA   2   2   2   2   2   2
Met ATG   1   1   1   1   1   1 |     ACG   0   0   0   0   0   0 |     AAG   5   4   5   5   4   5 |     AGG   1   1   1   1   1   1
--------------------------------------------------------------------------------------------------------------------------------------
Val GTT   0   0   0   0   0   0 | Ala GCT   0   0   0   0   0   0 | Asp GAT   3   3   3   3   3   3 | Gly GGT   2   2   2   2   2   1
    GTC   1   1   1   1   1   1 |     GCC   1   1   1   1   1   1 |     GAC   2   2   2   2   2   2 |     GGC   0   0   0   0   0   1
    GTA   1   1   1   1   1   1 |     GCA   1   1   1   1   1   1 | Glu GAA   3   3   3   3   3   3 |     GGA   2   2   2   2   2   2
    GTG   1   1   1   1   1   1 |     GCG   0   0   0   0   0   0 |     GAG   0   0   0   0   0   0 |     GGG   0   0   0   0   0   0
--------------------------------------------------------------------------------------------------------------------------------------

--------------------------------------------------------------------------------------------------------------------------------------
Phe TTT   3   3   3   3   3   3 | Ser TCT   1   1   1   1   1   1 | Tyr TAT   0   0   0   0   0   0 | Cys TGT   0   0   0   0   0   0
    TTC   3   3   3   3   3   3 |     TCC   1   2   2   2   2   2 |     TAC   0   0   0   0   0   0 |     TGC   1   0   0   0   0   0
Leu TTA   0   0   0   0   0   0 |     TCA   0   0   0   0   0   0 | *** TAA   0   0   0   0   0   0 | *** TGA   0   0   0   0   0   0
    TTG   1   1   1   1   1   1 |     TCG   0   0   0   0   0   0 |     TAG   0   0   0   0   0   0 | Trp TGG   0   0   0   0   0   0
--------------------------------------------------------------------------------------------------------------------------------------
Leu CTT   0   0   0   0   0   0 | Pro CCT   2   2   2   2   2   2 | His CAT   2   2   2   2   2   2 | Arg CGT   1   1   1   1   1   1
    CTC   0   0   0   0   0   0 |     CCC   0   0   0   0   0   0 |     CAC   0   0   0   0   0   0 |     CGC   0   0   0   0   0   0
    CTA   2   2   2   2   2   2 |     CCA   5   5   5   5   5   5 | Gln CAA   1   1   1   1   1   1 |     CGA   0   0   0   0   0   0
    CTG   0   0   0   0   0   0 |     CCG   0   0   0   0   0   0 |     CAG   2   2   2   2   2   2 |     CGG   1   1   1   1   1   1
--------------------------------------------------------------------------------------------------------------------------------------
Ile ATT   1   1   1   1   1   1 | Thr ACT   0   0   0   0   0   0 | Asn AAT   4   4   4   4   4   4 | Ser AGT   1   1   1   1   1   1
    ATC   4   5   5   5   5   5 |     ACC   1   1   1   1   1   1 |     AAC   2   2   2   2   2   2 |     AGC   2   2   2   2   2   2
    ATA   3   3   3   3   3   3 |     ACA   1   1   1   1   1   1 | Lys AAA   0   0   0   0   0   0 | Arg AGA   2   2   2   2   2   2
Met ATG   1   1   1   1   1   1 |     ACG   0   0   0   0   0   0 |     AAG   5   5   5   5   5   5 |     AGG   1   1   1   1   1   1
--------------------------------------------------------------------------------------------------------------------------------------
Val GTT   0   0   0   0   0   0 | Ala GCT   0   0   0   0   0   0 | Asp GAT   2   3   3   3   3   3 | Gly GGT   2   2   2   2   1   2
    GTC   2   1   1   1   1   1 |     GCC   1   1   1   1   1   1 |     GAC   3   2   2   2   2   2 |     GGC   0   0   0   0   1   0
    GTA   1   1   1   1   1   1 |     GCA   1   1   1   1   1   1 | Glu GAA   3   3   3   3   3   3 |     GGA   2   2   2   2   2   2
    GTG   1   1   1   1   1   1 |     GCG   0   0   0   0   0   0 |     GAG   0   0   0   0   0   0 |     GGG   0   0   0   0   0   0
--------------------------------------------------------------------------------------------------------------------------------------

--------------------------------------------------------------------------------------------------------------------------------------
Phe TTT   3   3   3   3   3   3 | Ser TCT   1   1   1   1   1   1 | Tyr TAT   0   0   0   0   0   0 | Cys TGT   0   0   0   0   0   0
    TTC   3   3   3   3   3   3 |     TCC   2   2   2   2   2   2 |     TAC   0   0   0   0   0   0 |     TGC   0   0   0   0   0   0
Leu TTA   0   0   0   0   0   0 |     TCA   0   0   0   0   0   0 | *** TAA   0   0   0   0   0   0 | *** TGA   0   0   0   0   0   0
    TTG   1   1   1   1   1   1 |     TCG   0   0   0   0   0   0 |     TAG   0   0   0   0   0   0 | Trp TGG   0   0   0   0   0   0
--------------------------------------------------------------------------------------------------------------------------------------
Leu CTT   0   0   0   0   0   0 | Pro CCT   2   2   2   1   2   2 | His CAT   2   2   2   2   2   2 | Arg CGT   1   1   1   1   1   1
    CTC   0   0   0   0   0   0 |     CCC   0   0   0   1   0   0 |     CAC   0   0   0   0   0   0 |     CGC   0   0   0   0   0   0
    CTA   2   2   2   2   2   2 |     CCA   5   5   5   5   5   5 | Gln CAA   1   1   1   1   1   1 |     CGA   0   1   0   0   0   0
    CTG   0   0   0   0   0   0 |     CCG   0   0   0   0   0   0 |     CAG   2   2   2   2   2   2 |     CGG   1   0   1   1   1   1
--------------------------------------------------------------------------------------------------------------------------------------
Ile ATT   1   1   1   1   1   1 | Thr ACT   0   0   0   0   0   0 | Asn AAT   4   4   4   4   4   4 | Ser AGT   1   1   1   1   1   1
    ATC   5   5   5   5   5   5 |     ACC   1   1   1   1   1   1 |     AAC   2   2   2   2   2   2 |     AGC   2   2   2   2   2   2
    ATA   3   3   3   3   3   3 |     ACA   1   1   1   1   1   1 | Lys AAA   0   0   0   0   0   0 | Arg AGA   2   2   2   2   2   2
Met ATG   1   1   1   1   1   1 |     ACG   0   0   0   0   0   0 |     AAG   5   5   5   5   5   5 |     AGG   1   1   1   1   1   1
--------------------------------------------------------------------------------------------------------------------------------------
Val GTT   0   0   1   0   0   0 | Ala GCT   0   0   0   0   0   0 | Asp GAT   3   3   3   3   3   3 | Gly GGT   2   2   2   1   2   2
    GTC   0   0   0   1   1   1 |     GCC   1   1   1   1   1   1 |     GAC   2   2   2   2   2   2 |     GGC   0   0   0   1   0   0
    GTA   1   1   1   1   1   1 |     GCA   1   1   1   1   1   1 | Glu GAA   3   3   3   3   3   3 |     GGA   2   2   2   2   2   2
    GTG   2   2   1   1   1   1 |     GCG   0   0   0   0   0   0 |     GAG   0   0   0   0   0   0 |     GGG   0   0   0   0   0   0
--------------------------------------------------------------------------------------------------------------------------------------

--------------------------------------------------------------------------------------------------------------------------------------
Phe TTT   3   3   3   3   3   3 | Ser TCT   1   1   1   1   1   1 | Tyr TAT   0   0   0   0   0   0 | Cys TGT   0   0   0   0   0   0
    TTC   3   3   3   3   3   3 |     TCC   2   2   2   2   2   2 |     TAC   0   0   0   0   0   0 |     TGC   0   0   0   0   0   0
Leu TTA   0   0   0   0   0   0 |     TCA   0   0   0   0   0   0 | *** TAA   0   0   0   0   0   0 | *** TGA   0   0   0   0   0   0
    TTG   1   1   1   1   1   1 |     TCG   0   0   0   0   0   0 |     TAG   0   0   0   0   0   0 | Trp TGG   0   0   0   0   0   0
--------------------------------------------------------------------------------------------------------------------------------------
Leu CTT   0   0   0   0   0   0 | Pro CCT   1   2   2   2   2   2 | His CAT   2   2   2   2   2   2 | Arg CGT   1   1   1   1   1   1
    CTC   0   0   0   0   0   0 |     CCC   1   0   0   0   0   0 |     CAC   0   0   0   0   0   0 |     CGC   0   0   0   0   0   0
    CTA   2   2   2   2   2   2 |     CCA   5   5   5   5   4   5 | Gln CAA   1   1   1   1   1   1 |     CGA   0   0   0   0   0   0
    CTG   0   0   0   0   0   0 |     CCG   0   0   0   0   1   0 |     CAG   2   2   2   2   2   2 |     CGG   1   1   1   1   1   1
--------------------------------------------------------------------------------------------------------------------------------------
Ile ATT   1   2   1   1   1   1 | Thr ACT   0   0   0   0   0   0 | Asn AAT   4   4   4   4   4   4 | Ser AGT   1   1   1   1   1   1
    ATC   5   4   5   5   5   5 |     ACC   1   1   1   1   1   1 |     AAC   2   2   2   2   2   2 |     AGC   2   2   2   2   2   2
    ATA   3   3   3   3   4   3 |     ACA   1   1   1   1   1   1 | Lys AAA   0   0   0   0   0   0 | Arg AGA   2   2   2   2   2   2
Met ATG   1   1   1   1   1   1 |     ACG   0   0   0   0   0   0 |     AAG   5   5   5   5   5   5 |     AGG   1   1   1   1   1   1
--------------------------------------------------------------------------------------------------------------------------------------
Val GTT   0   0   0   0   0   0 | Ala GCT   0   0   0   0   0   0 | Asp GAT   3   3   3   3   3   3 | Gly GGT   1   2   2   2   2   2
    GTC   1   1   0   1   1   1 |     GCC   1   1   1   1   1   1 |     GAC   2   2   2   2   2   2 |     GGC   1   0   0   0   0   0
    GTA   1   1   1   0   0   1 |     GCA   1   1   1   1   1   1 | Glu GAA   3   3   3   3   3   3 |     GGA   2   2   2   2   2   2
    GTG   1   1   2   2   1   1 |     GCG   0   0   0   0   0   0 |     GAG   0   0   0   0   0   0 |     GGG   0   0   0   0   0   0
--------------------------------------------------------------------------------------------------------------------------------------

--------------------------------------------------------------------------------------------------------------------------------------
Phe TTT   3   3   3   3   3   3 | Ser TCT   1   1   1   1   0   1 | Tyr TAT   0   0   0   0   0   0 | Cys TGT   0   0   0   0   1   0
    TTC   3   3   3   3   3   3 |     TCC   2   2   2   2   2   2 |     TAC   0   0   0   0   0   0 |     TGC   0   0   0   0   0   0
Leu TTA   0   0   0   0   0   0 |     TCA   0   0   0   0   0   0 | *** TAA   0   0   0   0   0   0 | *** TGA   0   0   0   0   0   0
    TTG   1   1   1   1   1   1 |     TCG   0   0   0   0   0   0 |     TAG   0   0   0   0   0   0 | Trp TGG   0   0   0   0   0   0
--------------------------------------------------------------------------------------------------------------------------------------
Leu CTT   0   0   0   0   0   0 | Pro CCT   2   2   2   2   2   2 | His CAT   2   2   2   2   2   2 | Arg CGT   1   1   1   1   1   1
    CTC   0   0   0   0   0   0 |     CCC   0   0   0   0   0   0 |     CAC   0   0   0   0   0   0 |     CGC   0   0   0   0   0   0
    CTA   2   2   2   2   2   2 |     CCA   5   5   5   5   5   5 | Gln CAA   1   1   1   1   1   1 |     CGA   0   0   0   0   0   0
    CTG   0   0   0   0   0   0 |     CCG   0   0   0   0   0   0 |     CAG   2   2   2   2   2   2 |     CGG   1   1   1   1   1   1
--------------------------------------------------------------------------------------------------------------------------------------
Ile ATT   1   1   1   1   1   1 | Thr ACT   0   0   0   0   0   0 | Asn AAT   3   5   4   4   4   4 | Ser AGT   1   1   1   1   1   1
    ATC   5   5   5   5   5   5 |     ACC   1   1   1   1   1   1 |     AAC   3   1   2   2   2   2 |     AGC   2   2   2   2   2   2
    ATA   3   3   3   3   3   3 |     ACA   1   1   1   1   1   2 | Lys AAA   0   0   0   0   0   0 | Arg AGA   2   2   2   2   2   2
Met ATG   1   1   1   1   1   1 |     ACG   0   0   0   0   0   0 |     AAG   5   5   5   5   5   5 |     AGG   1   1   1   1   1   1
--------------------------------------------------------------------------------------------------------------------------------------
Val GTT   0   0   0   0   0   0 | Ala GCT   0   0   0   0   0   0 | Asp GAT   3   3   3   3   3   3 | Gly GGT   2   2   2   2   1   2
    GTC   1   1   1   1   1   0 |     GCC   1   1   1   1   1   1 |     GAC   2   2   2   2   2   2 |     GGC   0   0   0   0   1   0
    GTA   1   1   0   1   1   1 |     GCA   1   1   1   1   1   0 | Glu GAA   3   3   3   2   3   3 |     GGA   2   2   2   2   2   2
    GTG   1   1   2   1   1   2 |     GCG   0   0   0   0   0   0 |     GAG   0   0   0   1   0   0 |     GGG   0   0   0   0   0   0
--------------------------------------------------------------------------------------------------------------------------------------

--------------------------------------------------------------------------------------------------------------------------------------
Phe TTT   3   3   3   3   3   3 | Ser TCT   1   1   1   1   1   1 | Tyr TAT   0   0   0   0   0   0 | Cys TGT   0   0   0   0   0   0
    TTC   3   3   3   3   3   3 |     TCC   2   2   2   2   2   2 |     TAC   0   0   0   0   0   0 |     TGC   0   0   0   0   0   0
Leu TTA   0   0   0   0   0   0 |     TCA   0   0   0   0   0   0 | *** TAA   0   0   0   0   0   0 | *** TGA   0   0   0   0   0   0
    TTG   1   1   1   1   1   1 |     TCG   0   0   0   0   0   0 |     TAG   0   0   0   0   0   0 | Trp TGG   0   0   0   0   0   0
--------------------------------------------------------------------------------------------------------------------------------------
Leu CTT   0   0   0   0   0   0 | Pro CCT   2   1   2   2   1   2 | His CAT   2   2   2   2   2   2 | Arg CGT   1   1   1   1   1   1
    CTC   0   0   0   0   0   0 |     CCC   0   1   0   0   1   0 |     CAC   0   0   0   0   0   0 |     CGC   0   0   0   0   0   0
    CTA   2   2   2   2   2   2 |     CCA   5   5   5   5   5   5 | Gln CAA   1   1   1   1   1   1 |     CGA   0   0   0   0   0   0
    CTG   0   0   0   0   0   0 |     CCG   0   0   0   0   0   0 |     CAG   2   2   2   2   2   2 |     CGG   1   1   1   1   1   1
--------------------------------------------------------------------------------------------------------------------------------------
Ile ATT   1   1   1   1   1   1 | Thr ACT   0   0   0   0   0   0 | Asn AAT   4   4   4   4   5   4 | Ser AGT   1   1   1   1   1   1
    ATC   5   5   5   5   5   5 |     ACC   1   1   1   1   1   1 |     AAC   2   2   2   2   1   2 |     AGC   2   2   2   2   2   2
    ATA   3   3   3   3   3   3 |     ACA   1   1   1   1   1   1 | Lys AAA   0   0   0   0   0   0 | Arg AGA   2   2   2   2   2   2
Met ATG   1   1   1   1   1   1 |     ACG   0   0   0   0   0   0 |     AAG   5   5   5   5   5   5 |     AGG   1   1   1   1   1   1
--------------------------------------------------------------------------------------------------------------------------------------
Val GTT   0   0   0   0   0   0 | Ala GCT   0   0   0   0   0   0 | Asp GAT   3   3   3   3   3   3 | Gly GGT   2   1   2   2   2   2
    GTC   0   1   0   0   1   1 |     GCC   1   1   1   1   1   1 |     GAC   2   2   2   2   2   2 |     GGC   0   1   0   0   0   0
    GTA   1   1   1   1   1   1 |     GCA   1   1   1   1   1   1 | Glu GAA   3   3   3   3   3   3 |     GGA   2   2   2   2   2   2
    GTG   2   1   2   2   1   1 |     GCG   0   0   0   0   0   0 |     GAG   0   0   0   0   0   0 |     GGG   0   0   0   0   0   0
--------------------------------------------------------------------------------------------------------------------------------------

--------------------------------------------------------------------------------------------------------------------------------------
Phe TTT   3   3   3   3   3   3 | Ser TCT   1   1   1   1   1   1 | Tyr TAT   0   0   0   0   0   0 | Cys TGT   0   0   0   0   0   0
    TTC   3   3   3   3   3   3 |     TCC   2   2   2   2   2   2 |     TAC   0   0   0   0   0   0 |     TGC   0   0   0   0   0   0
Leu TTA   0   0   0   0   0   0 |     TCA   0   0   0   0   0   0 | *** TAA   0   0   0   0   0   0 | *** TGA   0   0   0   0   0   0
    TTG   1   1   1   1   1   1 |     TCG   0   0   0   0   0   0 |     TAG   0   0   0   0   0   0 | Trp TGG   0   0   0   0   0   0
--------------------------------------------------------------------------------------------------------------------------------------
Leu CTT   0   0   0   0   0   0 | Pro CCT   2   2   2   2   2   2 | His CAT   2   2   2   2   2   2 | Arg CGT   1   1   1   1   1   1
    CTC   0   0   0   0   0   0 |     CCC   0   0   0   0   0   0 |     CAC   0   0   0   0   0   0 |     CGC   0   0   0   0   0   0
    CTA   2   2   2   2   2   2 |     CCA   5   5   5   5   5   5 | Gln CAA   1   1   1   1   1   1 |     CGA   0   0   0   0   0   0
    CTG   0   0   0   0   0   0 |     CCG   0   0   0   0   0   0 |     CAG   2   2   2   2   2   2 |     CGG   1   1   1   1   1   1
--------------------------------------------------------------------------------------------------------------------------------------
Ile ATT   1   1   1   1   1   1 | Thr ACT   0   0   0   0   0   0 | Asn AAT   4   4   4   4   4   4 | Ser AGT   1   1   1   1   1   1
    ATC   5   5   5   5   5   5 |     ACC   1   1   1   1   1   1 |     AAC   2   2   2   2   2   2 |     AGC   2   2   2   2   2   2
    ATA   3   3   3   3   3   3 |     ACA   1   1   1   1   1   1 | Lys AAA   0   1   0   2   0   0 | Arg AGA   2   2   2   2   2   2
Met ATG   1   1   1   1   1   1 |     ACG   0   0   0   0   0   0 |     AAG   5   4   5   3   5   5 |     AGG   1   1   1   1   1   1
--------------------------------------------------------------------------------------------------------------------------------------
Val GTT   0   0   0   1   0   1 | Ala GCT   0   0   0   0   0   0 | Asp GAT   3   3   3   3   3   3 | Gly GGT   1   2   2   2   2   2
    GTC   1   1   1   0   1   0 |     GCC   1   1   1   1   1   1 |     GAC   2   2   2   2   2   2 |     GGC   1   0   0   0   0   0
    GTA   1   1   1   1   1   1 |     GCA   1   1   1   1   1   1 | Glu GAA   2   3   3   3   3   3 |     GGA   2   2   2   2   2   2
    GTG   1   1   1   1   1   1 |     GCG   0   0   0   0   0   0 |     GAG   1   0   0   0   0   0 |     GGG   0   0   0   0   0   0
--------------------------------------------------------------------------------------------------------------------------------------

Codon position x base (3x4) table for each sequence.

#1: Argali         
position  1:    T:0.13889    C:0.22222    A:0.40278    G:0.23611
position  2:    T:0.30556    C:0.19444    A:0.33333    G:0.16667
position  3:    T:0.27778    C:0.26389    A:0.29167    G:0.16667
Average         T:0.24074    C:0.22685    A:0.34259    G:0.18981

#2: LesserMouseDeer
position  1:    T:0.13889    C:0.22222    A:0.40278    G:0.23611
position  2:    T:0.30556    C:0.19444    A:0.33333    G:0.16667
position  3:    T:0.29167    C:0.25000    A:0.30556    G:0.15278
Average         T:0.24537    C:0.22222    A:0.34722    G:0.18519

#3: LesserKudu     
position  1:    T:0.13889    C:0.22222    A:0.40278    G:0.23611
position  2:    T:0.30556    C:0.19444    A:0.34722    G:0.15278
position  3:    T:0.27778    C:0.26389    A:0.29167    G:0.16667
Average         T:0.24074    C:0.22685    A:0.34722    G:0.18519

#4: ForestMuskDeer2
position  1:    T:0.13889    C:0.22222    A:0.40278    G:0.23611
position  2:    T:0.30556    C:0.19444    A:0.33333    G:0.16667
position  3:    T:0.29167    C:0.25000    A:0.31944    G:0.13889
Average         T:0.24537    C:0.22222    A:0.35185    G:0.18056

#5: Camel          
position  1:    T:0.13889    C:0.22222    A:0.41667    G:0.22222
position  2:    T:0.30556    C:0.19444    A:0.33333    G:0.16667
position  3:    T:0.27778    C:0.26389    A:0.30556    G:0.15278
Average         T:0.24074    C:0.22685    A:0.35185    G:0.18056

#6: KillerWhale    
position  1:    T:0.13889    C:0.22222    A:0.40278    G:0.23611
position  2:    T:0.30556    C:0.19444    A:0.33333    G:0.16667
position  3:    T:0.29167    C:0.25000    A:0.27778    G:0.18056
Average         T:0.24537    C:0.22222    A:0.33796    G:0.19444

#7: DefassaWaterbuck
position  1:    T:0.13889    C:0.22222    A:0.40278    G:0.23611
position  2:    T:0.30556    C:0.19444    A:0.33333    G:0.16667
position  3:    T:0.27778    C:0.26389    A:0.27778    G:0.18056
Average         T:0.24074    C:0.22685    A:0.33796    G:0.19444

#8: Sheep          
position  1:    T:0.13889    C:0.22222    A:0.40278    G:0.23611
position  2:    T:0.30556    C:0.19444    A:0.33333    G:0.16667
position  3:    T:0.27778    C:0.26389    A:0.29167    G:0.16667
Average         T:0.24074    C:0.22685    A:0.34259    G:0.18981

#9: MaxwellsDuiker 
position  1:    T:0.13889    C:0.22222    A:0.40278    G:0.23611
position  2:    T:0.30556    C:0.19444    A:0.33333    G:0.16667
position  3:    T:0.26389    C:0.27778    A:0.29167    G:0.16667
Average         T:0.23611    C:0.23148    A:0.34259    G:0.18981

#10: GazellaPrzewalskyi
position  1:    T:0.13889    C:0.22222    A:0.40278    G:0.23611
position  2:    T:0.29167    C:0.20833    A:0.33333    G:0.16667
position  3:    T:0.27778    C:0.26389    A:0.29167    G:0.16667
Average         T:0.23611    C:0.23148    A:0.34259    G:0.18981

#11: MountainNyala  
position  1:    T:0.13889    C:0.22222    A:0.40278    G:0.23611
position  2:    T:0.30556    C:0.19444    A:0.33333    G:0.16667
position  3:    T:0.27778    C:0.26389    A:0.29167    G:0.16667
Average         T:0.24074    C:0.22685    A:0.34259    G:0.18981

#12: MuntiacusMuntjak
position  1:    T:0.13889    C:0.22222    A:0.40278    G:0.23611
position  2:    T:0.30556    C:0.19444    A:0.33333    G:0.16667
position  3:    T:0.27778    C:0.25000    A:0.29167    G:0.18056
Average         T:0.24074    C:0.22222    A:0.34259    G:0.19444

#13: goat           
position  1:    T:0.13889    C:0.22222    A:0.40278    G:0.23611
position  2:    T:0.30556    C:0.19444    A:0.33333    G:0.16667
position  3:    T:0.27778    C:0.26389    A:0.29167    G:0.16667
Average         T:0.24074    C:0.22685    A:0.34259    G:0.18981

#14: AfricanBuffalo 
position  1:    T:0.13889    C:0.22222    A:0.40278    G:0.23611
position  2:    T:0.30556    C:0.19444    A:0.33333    G:0.16667
position  3:    T:0.29167    C:0.25000    A:0.30556    G:0.15278
Average         T:0.24537    C:0.22222    A:0.34722    G:0.18519

#15: Topi           
position  1:    T:0.13889    C:0.22222    A:0.40278    G:0.23611
position  2:    T:0.30556    C:0.19444    A:0.33333    G:0.16667
position  3:    T:0.27778    C:0.26389    A:0.29167    G:0.16667
Average         T:0.24074    C:0.22685    A:0.34259    G:0.18981

#16: CommonDuiker   
position  1:    T:0.13889    C:0.22222    A:0.40278    G:0.23611
position  2:    T:0.30556    C:0.19444    A:0.33333    G:0.16667
position  3:    T:0.27778    C:0.26389    A:0.29167    G:0.16667
Average         T:0.24074    C:0.22685    A:0.34259    G:0.18981

#17: Suni           
position  1:    T:0.13889    C:0.22222    A:0.40278    G:0.23611
position  2:    T:0.30556    C:0.19444    A:0.33333    G:0.16667
position  3:    T:0.27778    C:0.26389    A:0.30556    G:0.15278
Average         T:0.24074    C:0.22685    A:0.34722    G:0.18519

#18: Springbuck     
position  1:    T:0.13889    C:0.22222    A:0.40278    G:0.23611
position  2:    T:0.30556    C:0.19444    A:0.33333    G:0.16667
position  3:    T:0.25000    C:0.29167    A:0.29167    G:0.16667
Average         T:0.23148    C:0.23611    A:0.34259    G:0.18981

#19: Okapi          
position  1:    T:0.13889    C:0.22222    A:0.38889    G:0.25000
position  2:    T:0.30556    C:0.18056    A:0.33333    G:0.18056
position  3:    T:0.26389    C:0.27778    A:0.29167    G:0.16667
Average         T:0.23611    C:0.22685    A:0.33796    G:0.19907

#20: Giraffe        
position  1:    T:0.13889    C:0.22222    A:0.40278    G:0.23611
position  2:    T:0.30556    C:0.19444    A:0.33333    G:0.16667
position  3:    T:0.27778    C:0.26389    A:0.29167    G:0.16667
Average         T:0.24074    C:0.22685    A:0.34259    G:0.18981

#21: TibetanAntelope
position  1:    T:0.13889    C:0.22222    A:0.40278    G:0.23611
position  2:    T:0.30556    C:0.19444    A:0.33333    G:0.16667
position  3:    T:0.27778    C:0.26389    A:0.29167    G:0.16667
Average         T:0.24074    C:0.22685    A:0.34259    G:0.18981

#22: Sitatunga      
position  1:    T:0.13889    C:0.22222    A:0.40278    G:0.23611
position  2:    T:0.30556    C:0.19444    A:0.33333    G:0.16667
position  3:    T:0.27778    C:0.26389    A:0.29167    G:0.16667
Average         T:0.24074    C:0.22685    A:0.34259    G:0.18981

#23: Oribi          
position  1:    T:0.13889    C:0.22222    A:0.40278    G:0.23611
position  2:    T:0.30556    C:0.19444    A:0.33333    G:0.16667
position  3:    T:0.26389    C:0.27778    A:0.29167    G:0.16667
Average         T:0.23611    C:0.23148    A:0.34259    G:0.18981

#24: BarbarySheep   
position  1:    T:0.13889    C:0.22222    A:0.40278    G:0.23611
position  2:    T:0.30556    C:0.19444    A:0.33333    G:0.16667
position  3:    T:0.27778    C:0.26389    A:0.29167    G:0.16667
Average         T:0.24074    C:0.22685    A:0.34259    G:0.18981

#25: Daviddeer      
position  1:    T:0.13889    C:0.22222    A:0.40278    G:0.23611
position  2:    T:0.30556    C:0.19444    A:0.33333    G:0.16667
position  3:    T:0.27778    C:0.25000    A:0.29167    G:0.18056
Average         T:0.24074    C:0.22222    A:0.34259    G:0.19444

#26: Reindeer       
position  1:    T:0.13889    C:0.22222    A:0.40278    G:0.23611
position  2:    T:0.30556    C:0.19444    A:0.33333    G:0.16667
position  3:    T:0.27778    C:0.25000    A:0.30556    G:0.16667
Average         T:0.24074    C:0.22222    A:0.34722    G:0.18981

#27: Ibex           
position  1:    T:0.13889    C:0.22222    A:0.40278    G:0.23611
position  2:    T:0.30556    C:0.19444    A:0.33333    G:0.16667
position  3:    T:0.29167    C:0.25000    A:0.29167    G:0.16667
Average         T:0.24537    C:0.22222    A:0.34259    G:0.18981

#28: GyrantGazelle  
position  1:    T:0.13889    C:0.22222    A:0.40278    G:0.23611
position  2:    T:0.30556    C:0.19444    A:0.33333    G:0.16667
position  3:    T:0.25000    C:0.29167    A:0.29167    G:0.16667
Average         T:0.23148    C:0.23611    A:0.34259    G:0.18981

#29: Hartebeest     
position  1:    T:0.13889    C:0.22222    A:0.40278    G:0.23611
position  2:    T:0.30556    C:0.19444    A:0.33333    G:0.16667
position  3:    T:0.27778    C:0.26389    A:0.29167    G:0.16667
Average         T:0.24074    C:0.22685    A:0.34259    G:0.18981

#30: Bongo          
position  1:    T:0.13889    C:0.22222    A:0.40278    G:0.23611
position  2:    T:0.30556    C:0.19444    A:0.33333    G:0.16667
position  3:    T:0.27778    C:0.26389    A:0.29167    G:0.16667
Average         T:0.24074    C:0.22685    A:0.34259    G:0.18981

#31: Gerenuk        
position  1:    T:0.13889    C:0.22222    A:0.40278    G:0.23611
position  2:    T:0.30556    C:0.19444    A:0.33333    G:0.16667
position  3:    T:0.25000    C:0.29167    A:0.29167    G:0.16667
Average         T:0.23148    C:0.23611    A:0.34259    G:0.18981

#32: CommonEland    
position  1:    T:0.13889    C:0.22222    A:0.40278    G:0.23611
position  2:    T:0.30556    C:0.19444    A:0.33333    G:0.16667
position  3:    T:0.29167    C:0.25000    A:0.29167    G:0.16667
Average         T:0.24537    C:0.22222    A:0.34259    G:0.18981

#33: MuntiacusReevesi
position  1:    T:0.13889    C:0.22222    A:0.40278    G:0.23611
position  2:    T:0.30556    C:0.19444    A:0.33333    G:0.16667
position  3:    T:0.27778    C:0.25000    A:0.29167    G:0.18056
Average         T:0.24074    C:0.22222    A:0.34259    G:0.19444

#34: HarveysDuiker  
position  1:    T:0.13889    C:0.22222    A:0.40278    G:0.23611
position  2:    T:0.30556    C:0.19444    A:0.33333    G:0.16667
position  3:    T:0.27778    C:0.26389    A:0.27778    G:0.18056
Average         T:0.24074    C:0.22685    A:0.33796    G:0.19444

#35: Pronghorn      
position  1:    T:0.13889    C:0.22222    A:0.41667    G:0.22222
position  2:    T:0.30556    C:0.19444    A:0.33333    G:0.16667
position  3:    T:0.27778    C:0.26389    A:0.27778    G:0.18056
Average         T:0.24074    C:0.22685    A:0.34259    G:0.18981

#36: BlueWildebeest 
position  1:    T:0.13889    C:0.22222    A:0.40278    G:0.23611
position  2:    T:0.30556    C:0.19444    A:0.33333    G:0.16667
position  3:    T:0.27778    C:0.26389    A:0.29167    G:0.16667
Average         T:0.24074    C:0.22685    A:0.34259    G:0.18981

#37: Gemsbok        
position  1:    T:0.13889    C:0.22222    A:0.40278    G:0.23611
position  2:    T:0.30556    C:0.19444    A:0.33333    G:0.16667
position  3:    T:0.26389    C:0.27778    A:0.29167    G:0.16667
Average         T:0.23611    C:0.23148    A:0.34259    G:0.18981

#38: Yak            
position  1:    T:0.13889    C:0.22222    A:0.40278    G:0.23611
position  2:    T:0.30556    C:0.19444    A:0.33333    G:0.16667
position  3:    T:0.29167    C:0.25000    A:0.29167    G:0.16667
Average         T:0.24537    C:0.22222    A:0.34259    G:0.18981

#39: BlueSheep      
position  1:    T:0.13889    C:0.22222    A:0.40278    G:0.23611
position  2:    T:0.30556    C:0.19444    A:0.33333    G:0.16667
position  3:    T:0.27778    C:0.26389    A:0.27778    G:0.18056
Average         T:0.24074    C:0.22685    A:0.33796    G:0.19444

#40: BohorReedbuck  
position  1:    T:0.13889    C:0.22222    A:0.40278    G:0.23611
position  2:    T:0.30556    C:0.19444    A:0.33333    G:0.16667
position  3:    T:0.27778    C:0.26389    A:0.27778    G:0.18056
Average         T:0.24074    C:0.22685    A:0.33796    G:0.19444

#41: KirksDik       
position  1:    T:0.13889    C:0.22222    A:0.40278    G:0.23611
position  2:    T:0.30556    C:0.18056    A:0.33333    G:0.18056
position  3:    T:0.26389    C:0.27778    A:0.29167    G:0.16667
Average         T:0.23611    C:0.22685    A:0.34259    G:0.19444

#42: RoeDeer        
position  1:    T:0.13889    C:0.22222    A:0.41667    G:0.22222
position  2:    T:0.30556    C:0.19444    A:0.33333    G:0.16667
position  3:    T:0.27778    C:0.25000    A:0.29167    G:0.18056
Average         T:0.24074    C:0.22222    A:0.34722    G:0.18981

#43: WhiteLippedDeer
position  1:    T:0.13889    C:0.22222    A:0.40278    G:0.23611
position  2:    T:0.30556    C:0.19444    A:0.33333    G:0.16667
position  3:    T:0.27778    C:0.25000    A:0.29167    G:0.18056
Average         T:0.24074    C:0.22222    A:0.34259    G:0.19444

#44: ThomsonGazelle 
position  1:    T:0.13889    C:0.22222    A:0.40278    G:0.23611
position  2:    T:0.30556    C:0.19444    A:0.33333    G:0.16667
position  3:    T:0.25000    C:0.29167    A:0.29167    G:0.16667
Average         T:0.23148    C:0.23611    A:0.34259    G:0.18981

#45: MuntiacusCrinifrons
position  1:    T:0.13889    C:0.22222    A:0.40278    G:0.23611
position  2:    T:0.30556    C:0.19444    A:0.33333    G:0.16667
position  3:    T:0.27778    C:0.25000    A:0.29167    G:0.18056
Average         T:0.24074    C:0.22222    A:0.34259    G:0.19444

#46: WhiteTailedDeer
position  1:    T:0.13889    C:0.22222    A:0.40278    G:0.23611
position  2:    T:0.30556    C:0.19444    A:0.33333    G:0.16667
position  3:    T:0.27778    C:0.25000    A:0.29167    G:0.18056
Average         T:0.24074    C:0.22222    A:0.34259    G:0.19444

#47: Cattle         
position  1:    T:0.13889    C:0.22222    A:0.40278    G:0.23611
position  2:    T:0.30556    C:0.19444    A:0.33333    G:0.16667
position  3:    T:0.27778    C:0.26389    A:0.29167    G:0.16667
Average         T:0.24074    C:0.22685    A:0.34259    G:0.18981

#48: RoyalAntelope  
position  1:    T:0.13889    C:0.22222    A:0.40278    G:0.23611
position  2:    T:0.30556    C:0.19444    A:0.33333    G:0.16667
position  3:    T:0.27778    C:0.26389    A:0.29167    G:0.16667
Average         T:0.24074    C:0.22685    A:0.34259    G:0.18981

#49: Steenbok       
position  1:    T:0.13889    C:0.22222    A:0.40278    G:0.23611
position  2:    T:0.30556    C:0.19444    A:0.33333    G:0.16667
position  3:    T:0.26389    C:0.27778    A:0.27778    G:0.18056
Average         T:0.23611    C:0.23148    A:0.33796    G:0.19444

#50: Impala         
position  1:    T:0.13889    C:0.22222    A:0.40278    G:0.23611
position  2:    T:0.30556    C:0.19444    A:0.33333    G:0.16667
position  3:    T:0.27778    C:0.26389    A:0.30556    G:0.15278
Average         T:0.24074    C:0.22685    A:0.34722    G:0.18519

#51: Klipspringer   
position  1:    T:0.13889    C:0.22222    A:0.40278    G:0.23611
position  2:    T:0.30556    C:0.19444    A:0.33333    G:0.16667
