CODONML (in paml version 4.10.7, June 2023)  /home/rachel/ruminants_paml/6406-phy-tree/ENSBTAT00000003541.fasta.phy
Model: free dN/dS Ratios for branches,  kappa = 2.000 fixed

Codon frequency model: F3x4
ns =  54  ls = 120

Codon usage in sequences
--------------------------------------------------------------------------------------------------------------------------------------
Phe TTT   1   2   1   1   2   2 | Ser TCT   2   2   2   2   2   2 | Tyr TAT   4   5   5   3   4   7 | Cys TGT   3   2   4   3   4   2
    TTC   4   3   4   4   3   3 |     TCC   1   1   1   1   0   1 |     TAC   4   3   3   5   4   1 |     TGC   4   5   3   4   3   5
Leu TTA   1   2   2   2   4   3 |     TCA   3   2   2   2   3   2 | *** TAA   0   0   0   0   0   0 | *** TGA   0   0   0   0   0   0
    TTG   5   4   4   3   3   4 |     TCG   0   1   1   1   1   1 |     TAG   0   0   0   0   0   0 | Trp TGG   1   1   1   1   1   1
--------------------------------------------------------------------------------------------------------------------------------------
Leu CTT   0   0   0   0   0   0 | Pro CCT   2   2   2   2   2   2 | His CAT   1   1   1   0   1   1 | Arg CGT   1   1   1   1   1   1
    CTC   3   3   3   3   2   2 |     CCC   1   1   1   1   1   2 |     CAC   2   2   2   3   2   2 |     CGC   0   0   0   0   0   0
    CTA   0   0   0   0   0   0 |     CCA   3   2   3   3   3   2 | Gln CAA   0   0   0   0   1   1 |     CGA   0   1   0   0   1   0
    CTG   1   1   1   2   1   1 |     CCG   0   1   0   0   0   0 |     CAG   2   2   2   2   1   1 |     CGG   2   2   2   2   1   2
--------------------------------------------------------------------------------------------------------------------------------------
Ile ATT   3   3   4   4   5   5 | Thr ACT   2   1   2   1   2   2 | Asn AAT   2   0   2   2   2   1 | Ser AGT   2   2   2   2   2   2
    ATC   3   3   2   2   1   1 |     ACC   2   4   3   3   2   2 |     AAC   0   2   0   0   0   1 |     AGC   1   1   1   1   1   1
    ATA   1   1   1   1   1   1 |     ACA   3   1   3   2   3   4 | Lys AAA   1   0   1   1   2   1 | Arg AGA   6   4   6   5   5   6
Met ATG   3   3   3   3   3   3 |     ACG   1   2   0   2   1   0 |     AAG   3   4   3   3   2   3 |     AGG   0   1   0   1   1   0
--------------------------------------------------------------------------------------------------------------------------------------
Val GTT   4   1   4   4   4   3 | Ala GCT   2   0   2   2   2   2 | Asp GAT   5   4   5   5   4   5 | Gly GGT   0   1   1   1   2   2
    GTC   1   3   1   1   1   2 |     GCC   0   1   0   0   0   0 |     GAC   3   4   3   3   4   3 |     GGC   3   4   2   2   2   2
    GTA   0   2   0   0   2   2 |     GCA   1   1   1   1   1   1 | Glu GAA   5   4   5   5   4   4 |     GGA   4   2   4   4   3   3
    GTG   3   2   3   3   1   1 |     GCG   0   1   0   0   0   0 |     GAG   5   6   5   5   6   6 |     GGG   0   0   0   0   0   0
--------------------------------------------------------------------------------------------------------------------------------------

--------------------------------------------------------------------------------------------------------------------------------------
Phe TTT   1   1   1   2   1   1 | Ser TCT   2   2   2   2   2   2 | Tyr TAT   3   4   4   4   6   4 | Cys TGT   3   3   3   3   2   3
    TTC   4   4   4   3   4   4 |     TCC   1   1   1   1   1   2 |     TAC   5   4   4   4   2   4 |     TGC   4   4   4   4   5   4
Leu TTA   0   1   1   1   2   1 |     TCA   1   3   2   2   2   2 | *** TAA   0   0   0   0   0   0 | *** TGA   0   0   0   0   0   0
    TTG   6   5   5   5   4   5 |     TCG   2   0   1   1   1   0 |     TAG   0   0   0   0   0   0 | Trp TGG   1   1   1   1   1   1
--------------------------------------------------------------------------------------------------------------------------------------
Leu CTT   0   0   1   0   0   0 | Pro CCT   2   2   2   2   2   2 | His CAT   1   1   1   1   1   1 | Arg CGT   1   1   1   1   1   1
    CTC   3   3   2   3   3   3 |     CCC   1   1   1   1   1   1 |     CAC   2   2   2   2   2   2 |     CGC   0   0   0   0   0   0
    CTA   1   0   1   1   0   0 |     CCA   3   3   3   2   3   3 | Gln CAA   0   0   0   0   0   0 |     CGA   0   0   0   0   0   0
    CTG   0   1   0   0   1   1 |     CCG   0   0   0   1   0   0 |     CAG   2   2   2   2   2   2 |     CGG   2   2   2   2   2   2
--------------------------------------------------------------------------------------------------------------------------------------
Ile ATT   4   3   4   4   4   4 | Thr ACT   2   2   2   2   2   2 | Asn AAT   2   2   2   2   2   1 | Ser AGT   2   2   2   2   2   2
    ATC   2   3   2   2   2   2 |     ACC   3   2   3   3   3   3 |     AAC   0   0   0   0   0   1 |     AGC   1   1   1   1   1   1
    ATA   1   1   1   1   1   1 |     ACA   3   3   3   3   3   3 | Lys AAA   1   1   1   1   1   1 | Arg AGA   6   6   6   6   6   6
Met ATG   3   3   3   3   3   3 |     ACG   0   1   0   0   0   0 |     AAG   3   3   3   3   3   3 |     AGG   0   0   0   0   0   0
--------------------------------------------------------------------------------------------------------------------------------------
Val GTT   4   4   4   4   4   4 | Ala GCT   2   2   2   2   2   2 | Asp GAT   5   5   5   4   5   5 | Gly GGT   0   0   0   0   0   0
    GTC   1   1   1   1   1   0 |     GCC   0   0   0   0   0   0 |     GAC   3   3   3   4   3   3 |     GGC   3   3   3   3   3   3
    GTA   0   0   0   0   0   0 |     GCA   1   1   1   1   1   1 | Glu GAA   5   5   5   5   5   5 |     GGA   4   4   4   4   4   4
    GTG   3   3   3   3   3   4 |     GCG   0   0   0   0   0   0 |     GAG   5   5   5   5   5   5 |     GGG   0   0   0   0   0   0
--------------------------------------------------------------------------------------------------------------------------------------

--------------------------------------------------------------------------------------------------------------------------------------
Phe TTT   1   2   1   1   1   2 | Ser TCT   2   2   2   2   2   2 | Tyr TAT   4   5   4   4   4   4 | Cys TGT   3   3   3   3   3   3
    TTC   4   3   4   4   4   3 |     TCC   1   1   1   1   2   1 |     TAC   4   3   4   4   4   4 |     TGC   4   4   4   4   4   4
Leu TTA   1   2   1   1   1   1 |     TCA   2   2   2   2   2   2 | *** TAA   0   0   0   0   0   0 | *** TGA   0   0   0   0   0   0
    TTG   5   3   5   5   5   5 |     TCG   1   1   1   1   0   1 |     TAG   0   0   0   0   0   0 | Trp TGG   1   1   1   1   1   1
--------------------------------------------------------------------------------------------------------------------------------------
Leu CTT   0   0   0   0   0   0 | Pro CCT   2   2   2   2   2   2 | His CAT   1   1   1   1   1   1 | Arg CGT   1   0   1   1   1   1
    CTC   3   3   3   3   3   3 |     CCC   1   1   1   1   1   1 |     CAC   2   2   2   2   2   2 |     CGC   0   1   0   0   0   0
    CTA   1   0   1   1   1   1 |     CCA   3   3   3   3   3   3 | Gln CAA   0   0   0   0   0   0 |     CGA   0   0   0   0   0   0
    CTG   0   2   0   0   0   0 |     CCG   0   0   0   0   0   0 |     CAG   2   2   2   2   2   2 |     CGG   2   2   2   2   2   2
--------------------------------------------------------------------------------------------------------------------------------------
Ile ATT   4   4   4   4   4   4 | Thr ACT   2   2   2   2   2   2 | Asn AAT   2   2   2   2   2   2 | Ser AGT   2   2   2   2   2   2
    ATC   2   2   2   2   2   2 |     ACC   3   3   3   3   3   3 |     AAC   0   0   0   0   0   0 |     AGC   1   1   1   1   1   1
    ATA   1   1   1   1   1   1 |     ACA   3   3   3   3   3   3 | Lys AAA   1   1   1   1   1   1 | Arg AGA   6   6   6   6   5   6
Met ATG   3   3   3   3   3   3 |     ACG   0   0   0   0   0   0 |     AAG   3   3   3   3   3   3 |     AGG   0   0   0   0   1   0
--------------------------------------------------------------------------------------------------------------------------------------
Val GTT   4   4   4   4   4   4 | Ala GCT   2   2   2   2   2   2 | Asp GAT   5   5   4   5   5   5 | Gly GGT   0   0   0   0   0   0
    GTC   1   1   1   1   2   1 |     GCC   0   0   0   0   0   0 |     GAC   3   3   4   3   3   3 |     GGC   3   3   3   3   3   3
    GTA   0   0   0   0   1   0 |     GCA   1   1   1   1   1   1 | Glu GAA   5   5   5   5   5   5 |     GGA   4   4   4   4   4   4
    GTG   3   3   3   3   1   3 |     GCG   0   0   0   0   0   0 |     GAG   5   5   5   5   5   5 |     GGG   0   0   0   0   0   0
--------------------------------------------------------------------------------------------------------------------------------------

--------------------------------------------------------------------------------------------------------------------------------------
Phe TTT   3   3   2   1   2   1 | Ser TCT   2   2   2   2   2   2 | Tyr TAT   4   4   4   5   5   4 | Cys TGT   3   3   3   4   3   3
    TTC   2   2   3   4   3   4 |     TCC   1   1   1   1   1   1 |     TAC   4   4   4   3   3   4 |     TGC   4   4   4   3   4   4
Leu TTA   2   2   1   2   1   1 |     TCA   2   2   2   2   2   2 | *** TAA   0   0   0   0   0   0 | *** TGA   0   0   0   0   0   0
    TTG   4   4   5   4   5   5 |     TCG   1   1   1   1   1   1 |     TAG   0   0   0   0   0   0 | Trp TGG   1   1   1   1   1   1
--------------------------------------------------------------------------------------------------------------------------------------
Leu CTT   0   0   0   0   0   0 | Pro CCT   2   2   2   2   2   2 | His CAT   1   1   1   1   1   1 | Arg CGT   1   1   1   1   1   1
    CTC   3   3   3   3   3   3 |     CCC   1   1   1   1   1   1 |     CAC   2   2   2   2   2   2 |     CGC   0   0   0   0   0   0
    CTA   0   0   1   0   1   1 |     CCA   3   3   3   3   3   3 | Gln CAA   0   0   0   0   0   0 |     CGA   0   0   0   0   0   0
    CTG   1   1   0   1   0   0 |     CCG   0   0   0   0   0   0 |     CAG   2   2   2   2   2   2 |     CGG   2   2   2   2   2   2
--------------------------------------------------------------------------------------------------------------------------------------
Ile ATT   4   4   4   4   4   4 | Thr ACT   2   2   2   2   2   2 | Asn AAT   2   2   3   2   2   2 | Ser AGT   2   2   1   2   2   2
    ATC   2   2   2   2   2   2 |     ACC   3   3   3   3   3   3 |     AAC   0   0   0   0   0   0 |     AGC   1   1   1   1   1   1
    ATA   1   1   1   1   1   1 |     ACA   3   3   3   2   3   3 | Lys AAA   1   1   1   1   1   1 | Arg AGA   6   6   6   6   6   6
Met ATG   3   3   3   3   3   3 |     ACG   0   0   0   1   0   0 |     AAG   3   3   3   3   3   3 |     AGG   0   0   0   0   0   0
--------------------------------------------------------------------------------------------------------------------------------------
Val GTT   4   4   4   4   4   4 | Ala GCT   2   2   2   2   2   2 | Asp GAT   5   5   5   5   5   5 | Gly GGT   0   0   0   1   0   0
    GTC   1   1   1   1   1   1 |     GCC   0   0   0   0   0   0 |     GAC   3   3   3   3   3   3 |     GGC   3   3   3   2   3   3
    GTA   0   0   0   0   0   0 |     GCA   1   1   1   1   1   1 | Glu GAA   5   5   5   5   6   5 |     GGA   4   4   4   4   4   4
    GTG   3   3   3   3   3   3 |     GCG   0   0   0   0   0   0 |     GAG   5   5   5   5   4   5 |     GGG   0   0   0   0   0   0
--------------------------------------------------------------------------------------------------------------------------------------

--------------------------------------------------------------------------------------------------------------------------------------
Phe TTT   1   1   1   1   1   1 | Ser TCT   2   2   2   2   2   2 | Tyr TAT   4   5   4   4   4   5 | Cys TGT   3   3   3   3   3   4
    TTC   4   4   4   4   4   4 |     TCC   2   1   1   1   1   1 |     TAC   4   3   4   4   4   3 |     TGC   4   4   4   4   4   3
Leu TTA   1   1   1   1   1   2 |     TCA   2   2   2   2   2   2 | *** TAA   0   0   0   0   0   0 | *** TGA   0   0   0   0   0   0
    TTG   5   5   5   5   5   4 |     TCG   0   1   1   1   1   1 |     TAG   0   0   0   0   0   0 | Trp TGG   1   1   1   1   1   1
--------------------------------------------------------------------------------------------------------------------------------------
Leu CTT   0   0   0   0   0   0 | Pro CCT   2   2   2   2   2   2 | His CAT   1   1   1   1   1   1 | Arg CGT   1   1   1   1   1   1
    CTC   3   3   3   3   3   3 |     CCC   1   1   1   1   1   1 |     CAC   2   2   2   2   2   2 |     CGC   0   0   0   0   0   0
    CTA   0   0   1   1   1   0 |     CCA   3   3   3   3   3   3 | Gln CAA   0   0   0   0   0   0 |     CGA   0   0   0   0   0   0
    CTG   1   1   0   0   0   1 |     CCG   0   0   0   0   0   0 |     CAG   2   2   2   2   2   2 |     CGG   2   2   2   2   2   2
--------------------------------------------------------------------------------------------------------------------------------------
Ile ATT   4   4   4   4   4   4 | Thr ACT   2   3   2   2   2   2 | Asn AAT   2   2   2   2   2   2 | Ser AGT   2   2   2   2   2   2
    ATC   2   2   2   2   2   2 |     ACC   3   3   3   3   3   3 |     AAC   0   0   0   0   0   0 |     AGC   1   1   1   1   1   1
    ATA   1   1   1   1   1   1 |     ACA   3   2   3   3   3   3 | Lys AAA   1   2   1   1   1   1 | Arg AGA   6   6   6   6   6   6
Met ATG   3   3   3   3   3   3 |     ACG   0   0   0   0   0   0 |     AAG   3   2   3   3   3   3 |     AGG   0   0   0   0   0   0
--------------------------------------------------------------------------------------------------------------------------------------
Val GTT   4   4   4   4   4   4 | Ala GCT   2   2   2   2   2   2 | Asp GAT   5   5   5   5   5   5 | Gly GGT   0   0   0   0   1   0
    GTC   1   1   1   1   1   1 |     GCC   0   0   0   0   0   0 |     GAC   3   3   3   3   3   3 |     GGC   3   3   3   3   2   2
    GTA   0   0   0   0   0   0 |     GCA   1   1   1   1   1   1 | Glu GAA   5   5   5   6   5   5 |     GGA   4   4   4   4   4   4
    GTG   3   3   3   3   3   3 |     GCG   0   0   0   0   0   0 |     GAG   5   5   5   4   5   5 |     GGG   0   0   0   0   0   1
--------------------------------------------------------------------------------------------------------------------------------------

--------------------------------------------------------------------------------------------------------------------------------------
Phe TTT   2   1   1   1   1   1 | Ser TCT   2   2   2   2   2   2 | Tyr TAT   5   5   4   4   4   4 | Cys TGT   3   4   3   3   3   3
    TTC   3   4   4   4   4   4 |     TCC   1   1   1   2   2   1 |     TAC   3   3   4   4   4   4 |     TGC   4   3   4   4   4   4
Leu TTA   1   2   1   1   2   1 |     TCA   2   3   2   2   2   2 | *** TAA   0   0   0   0   0   0 | *** TGA   0   0   0   0   0   0
    TTG   5   4   5   4   4   5 |     TCG   1   0   1   0   0   1 |     TAG   0   0   0   0   0   0 | Trp TGG   1   1   1   1   1   1
--------------------------------------------------------------------------------------------------------------------------------------
Leu CTT   0   0   0   0   0   0 | Pro CCT   2   2   2   2   2   2 | His CAT   1   1   1   1   1   1 | Arg CGT   1   1   1   1   1   1
    CTC   3   3   3   3   3   3 |     CCC   1   1   1   1   1   1 |     CAC   2   2   2   2   2   2 |     CGC   0   0   0   0   0   0
    CTA   1   0   0   1   0   1 |     CCA   3   3   3   3   3   3 | Gln CAA   0   0   0   0   0   0 |     CGA   0   0   0   0   1   0
    CTG   0   1   1   1   1   0 |     CCG   0   0   0   0   0   0 |     CAG   2   2   2   2   2   2 |     CGG   2   2   2   2   1   2
--------------------------------------------------------------------------------------------------------------------------------------
Ile ATT   4   4   4   4   3   4 | Thr ACT   2   2   2   2   2   2 | Asn AAT   2   2   1   2   2   2 | Ser AGT   2   2   2   2   2   2
    ATC   2   2   2   2   3   2 |     ACC   3   3   3   3   3   3 |     AAC   0   0   1   0   0   0 |     AGC   1   1   1   1   1   1
    ATA   1   1   1   1   1   1 |     ACA   3   3   3   3   3   3 | Lys AAA   1   1   1   1   1   1 | Arg AGA   6   6   6   6   6   6
Met ATG   3   3   3   3   3   3 |     ACG   0   0   0   0   0   0 |     AAG   3   3   3   3   3   3 |     AGG   0   0   0   0   0   0
--------------------------------------------------------------------------------------------------------------------------------------
Val GTT   4   4   4   4   4   4 | Ala GCT   2   2   2   2   2   2 | Asp GAT   5   5   5   5   4   5 | Gly GGT   0   0   0   1   0   1
    GTC   1   1   0   1   1   1 |     GCC   0   0   0   0   0   0 |     GAC   3   3   3   3   4   3 |     GGC   3   2   3   2   3   2
    GTA   0   0   0   0   1   0 |     GCA   1   1   1   1   1   1 | Glu GAA   6   5   5   5   5   5 |     GGA   4   4   4   4   4   4
    GTG   3   3   4   3   2   3 |     GCG   0   0   0   0   0   0 |     GAG   4   5   5   5   5   5 |     GGG   0   1   0   0   0   0
--------------------------------------------------------------------------------------------------------------------------------------

--------------------------------------------------------------------------------------------------------------------------------------
Phe TTT   1   1   1   1   1   3 | Ser TCT   2   2   2   2   2   1 | Tyr TAT   4   5   4   4   4   4 | Cys TGT   3   3   3   3   3   2
    TTC   4   4   4   4   4   2 |     TCC   2   1   1   1   1   1 |     TAC   4   3   4   4   4   4 |     TGC   4   4   4   4   4   5
Leu TTA   1   2   1   0   1   1 |     TCA   3   2   3   2   2   2 | *** TAA   0   0   0   0   0   0 | *** TGA   0   0   0   0   0   0
    TTG   5   4   4   6   5   5 |     TCG   0   1   0   1   1   2 |     TAG   0   0   0   0   0   0 | Trp TGG   1   1   1   1   1   1
--------------------------------------------------------------------------------------------------------------------------------------
Leu CTT   0   0   0   0   0   0 | Pro CCT   2   2   2   2   2   2 | His CAT   1   1   1   1   1   0 | Arg CGT   1   1   1   1   1   0
    CTC   3   3   3   3   3   3 |     CCC   1   1   1   1   1   1 |     CAC   2   2   2   2   2   3 |     CGC   0   0   0   0   0   1
    CTA   1   0   0   1   1   0 |     CCA   3   3   2   3   3   2 | Gln CAA   0   0   0   0   0   0 |     CGA   0   0   0   0   0   0
    CTG   0   1   2   0   0   1 |     CCG   0   0   1   0   0   1 |     CAG   2   2   2   2   2   2 |     CGG   2   2   2   2   2   2
--------------------------------------------------------------------------------------------------------------------------------------
Ile ATT   4   4   4   4   4   4 | Thr ACT   2   2   2   2   2   2 | Asn AAT   2   2   2   2   2   2 | Ser AGT   1   2   2   2   2   2
    ATC   2   2   2   2   2   2 |     ACC   3   3   3   2   3   3 |     AAC   0   0   0   0   0   0 |     AGC   2   1   1   1   1   1
    ATA   1   1   1   1   1   1 |     ACA   2   3   3   3   3   3 | Lys AAA   1   1   1   1   1   2 | Arg AGA   6   6   6   6   5   6
Met ATG   3   3   3   3   3   3 |     ACG   1   0   0   1   0   0 |     AAG   3   3   3   3   3   2 |     AGG   0   0   0   0   1   0
--------------------------------------------------------------------------------------------------------------------------------------
Val GTT   5   4   4   4   4   4 | Ala GCT   2   2   2   2   2   2 | Asp GAT   5   5   5   5   5   3 | Gly GGT   0   0   0   0   1   0
    GTC   1   1   1   1   1   1 |     GCC   0   0   0   0   0   0 |     GAC   3   3   3   3   3   5 |     GGC   3   3   3   3   2   4
    GTA   1   0   0   0   0   0 |     GCA   0   1   1   1   1   1 | Glu GAA   5   6   5   5   5   4 |     GGA   4   4   4   4   4   3
    GTG   1   3   3   3   3   3 |     GCG   0   0   0   0   0   0 |     GAG   5   4   5   5   5   6 |     GGG   0   0   0   0   0   0
--------------------------------------------------------------------------------------------------------------------------------------

--------------------------------------------------------------------------------------------------------------------------------------
Phe TTT   2   1   1   1   1   1 | Ser TCT   2   2   2   2   2   2 | Tyr TAT   4   4   4   5   5   4 | Cys TGT   3   2   3   3   3   3
    TTC   3   4   4   4   4   4 |     TCC   2   2   2   2   1   1 |     TAC   4   4   4   3   3   4 |     TGC   4   5   4   4   4   4
Leu TTA   1   1   1   1   2   1 |     TCA   2   2   2   2   2   3 | *** TAA   0   0   0   0   0   0 | *** TGA   0   0   0   0   0   0
    TTG   4   5   5   5   4   5 |     TCG   0   0   0   0   1   0 |     TAG   0   0   0   0   0   0 | Trp TGG   1   1   1   1   1   1
--------------------------------------------------------------------------------------------------------------------------------------
Leu CTT   0   0   0   0   0   0 | Pro CCT   2   2   2   2   2   1 | His CAT   1   1   1   1   1   1 | Arg CGT   1   1   1   1   1   1
    CTC   3   3   3   3   3   3 |     CCC   1   1   1   1   1   2 |     CAC   2   2   2   2   2   2 |     CGC   0   0   0   0   0   0
    CTA   0   1   0   0   0   1 |     CCA   3   3   3   3   3   3 | Gln CAA   0   0   0   0   0   0 |     CGA   0   0   0   0   0   0
    CTG   2   0   1   1   1   0 |     CCG   0   0   0   0   0   0 |     CAG   2   2   2   2   2   2 |     CGG   2   2   2   2   2   2
--------------------------------------------------------------------------------------------------------------------------------------
Ile ATT   4   4   4   4   4   4 | Thr ACT   2   2   2   3   2   2 | Asn AAT   2   2   1   2   2   2 | Ser AGT   2   2   2   2   2   2
    ATC   2   2   2   2   2   2 |     ACC   3   3   3   3   3   3 |     AAC   0   0   1   0   0   0 |     AGC   1   1   1   1   1   1
    ATA   1   1   1   1   1   1 |     ACA   3   3   3   2   3   3 | Lys AAA   1   1   1   1   1   1 | Arg AGA   6   6   6   6   6   6
Met ATG   3   3   3   3   3   3 |     ACG   0   0   0   0   0   0 |     AAG   3   3   3   3   3   3 |     AGG   0   0   0   0   0   0
--------------------------------------------------------------------------------------------------------------------------------------
Val GTT   4   4   4   4   4   4 | Ala GCT   2   2   2   2   2   2 | Asp GAT   5   5   5   5   5   5 | Gly GGT   0   0   0   0   0   0
    GTC   1   1   0   1   1   1 |     GCC   0   0   0   0   0   0 |     GAC   3   3   3   3   3   3 |     GGC   3   3   3   3   3   2
    GTA   0   0   0   0   0   0 |     GCA   1   1   1   1   1   1 | Glu GAA   5   6   5   5   5   5 |     GGA   4   4   4   4   4   5
    GTG   3   3   4   3   3   3 |     GCG   0   0   0   0   0   0 |     GAG   5   4   5   5   5   5 |     GGG   0   0   0   0   0   0
--------------------------------------------------------------------------------------------------------------------------------------

--------------------------------------------------------------------------------------------------------------------------------------
Phe TTT   1   1   2   1   1   1 | Ser TCT   3   2   2   2   2   2 | Tyr TAT   4   4   2   3   5   5 | Cys TGT   3   3   3   3   4   4
    TTC   4   4   3   4   4   4 |     TCC   1   1   1   1   1   1 |     TAC   4   4   6   5   3   3 |     TGC   4   4   4   4   3   3
Leu TTA   1   1   1   2   2   2 |     TCA   1   2   2   2   2   2 | *** TAA   0   0   0   0   0   0 | *** TGA   0   0   0   0   0   0
    TTG   5   5   5   3   4   4 |     TCG   1   1   1   1   1   1 |     TAG   0   0   0   0   0   0 | Trp TGG   1   1   1   1   1   1
--------------------------------------------------------------------------------------------------------------------------------------
Leu CTT   0   0   0   0   0   0 | Pro CCT   2   2   2   2   2   2 | His CAT   1   1   1   0   1   1 | Arg CGT   1   1   1   1   1   1
    CTC   3   3   3   3   3   3 |     CCC   1   1   1   1   1   1 |     CAC   2   2   2   3   2   2 |     CGC   0   0   0   0   0   0
    CTA   0   1   1   0   0   0 |     CCA   3   3   3   3   3   3 | Gln CAA   0   0   0   0   0   0 |     CGA   0   0   0   0   0   0
    CTG   1   0   0   2   1   1 |     CCG   0   0   0   0   0   0 |     CAG   2   2   2   2   2   2 |     CGG   2   2   2   2   2   2
--------------------------------------------------------------------------------------------------------------------------------------
Ile ATT   4   4   4   4   4   4 | Thr ACT   2   2   2   1   2   2 | Asn AAT   2   2   2   2   2   2 | Ser AGT   2   2   2   2   2   2
    ATC   2   2   2   2   2   2 |     ACC   3   3   3   3   3   3 |     AAC   0   0   0   0   0   0 |     AGC   1   1   1   1   1   1
    ATA   1   1   1   1   1   1 |     ACA   3   3   3   2   2   3 | Lys AAA   1   1   1   1   1   1 | Arg AGA   6   4   6   5   6   6
Met ATG   3   3   3   3   3   3 |     ACG   0   0   0   2   1   0 |     AAG   3   3   3   3   3   3 |     AGG   0   2   0   1   0   0
--------------------------------------------------------------------------------------------------------------------------------------
Val GTT   4   4   4   4   4   4 | Ala GCT   2   2   2   2   2   2 | Asp GAT   5   5   5   5   5   5 | Gly GGT   1   0   0   1   1   1
    GTC   1   1   1   1   1   1 |     GCC   0   0   0   0   0   0 |     GAC   3   3   3   3   3   3 |     GGC   2   3   3   2   2   2
    GTA   0   0   0   0   0   0 |     GCA   1   1   1   1   1   1 | Glu GAA   5   4   5   5   5   5 |     GGA   4   4   4   4   4   4
    GTG   3   3   3   3   3   3 |     GCG   0   0   0   0   0   0 |     GAG   5   6   5   5   5   5 |     GGG   0   0   0   0   0   0
--------------------------------------------------------------------------------------------------------------------------------------

Codon position x base (3x4) table for each sequence.

#1: Argali         
position  1:    T:0.27500    C:0.15000    A:0.27500    G:0.30000
position  2:    T:0.27500    C:0.19167    A:0.30833    G:0.22500
position  3:    T:0.28333    C:0.26667    A:0.23333    G:0.21667
Average         T:0.27778    C:0.20278    A:0.27222    G:0.24722

#2: LesserMouseDeer
position  1:    T:0.27500    C:0.15833    A:0.26667    G:0.30000
position  2:    T:0.27500    C:0.19167    A:0.30833    G:0.22500
position  3:    T:0.22500    C:0.33333    A:0.18333    G:0.25833
Average         T:0.25833    C:0.22778    A:0.25278    G:0.26111

#3: LesserKudu     
position  1:    T:0.27500    C:0.15000    A:0.27500    G:0.30000
position  2:    T:0.27500    C:0.19167    A:0.30833    G:0.22500
position  3:    T:0.31667    C:0.24167    A:0.23333    G:0.20833
Average         T:0.28889    C:0.19444    A:0.27222    G:0.24444

#4: ForestMuskDeer2
position  1:    T:0.26667    C:0.15833    A:0.27500    G:0.30000
position  2:    T:0.27500    C:0.19167    A:0.30833    G:0.22500
position  3:    T:0.27500    C:0.27500    A:0.21667    G:0.23333
Average         T:0.27222    C:0.20833    A:0.26667    G:0.25278

#5: Camel          
position  1:    T:0.28333    C:0.14167    A:0.27500    G:0.30000
position  2:    T:0.27500    C:0.19167    A:0.30833    G:0.22500
position  3:    T:0.32500    C:0.21667    A:0.27500    G:0.18333
Average         T:0.29444    C:0.18333    A:0.28611    G:0.23611

#6: KillerWhale    
position  1:    T:0.28333    C:0.14167    A:0.27500    G:0.30000
position  2:    T:0.27500    C:0.19167    A:0.30833    G:0.22500
position  3:    T:0.32500    C:0.23333    A:0.25000    G:0.19167
Average         T:0.29444    C:0.18889    A:0.27778    G:0.23889

#7: DefassaWaterbuck
position  1:    T:0.27500    C:0.15000    A:0.27500    G:0.30000
position  2:    T:0.27500    C:0.19167    A:0.30833    G:0.22500
position  3:    T:0.28333    C:0.27500    A:0.21667    G:0.22500
Average         T:0.27778    C:0.20556    A:0.26667    G:0.25000

#8: Sheep          
position  1:    T:0.27500    C:0.15000    A:0.27500    G:0.30000
position  2:    T:0.27500    C:0.19167    A:0.30833    G:0.22500
position  3:    T:0.28333    C:0.26667    A:0.23333    G:0.21667
Average         T:0.27778    C:0.20278    A:0.27222    G:0.24722

#9: MaxwellsDuiker 
position  1:    T:0.27500    C:0.15000    A:0.27500    G:0.30000
position  2:    T:0.27500    C:0.19167    A:0.30833    G:0.22500
position  3:    T:0.30000    C:0.25833    A:0.23333    G:0.20833
Average         T:0.28333    C:0.20000    A:0.27222    G:0.24444

#10: GazellaPrzewalskyi
position  1:    T:0.27500    C:0.15000    A:0.27500    G:0.30000
position  2:    T:0.27500    C:0.19167    A:0.30833    G:0.22500
position  3:    T:0.29167    C:0.26667    A:0.22500    G:0.21667
Average         T:0.28056    C:0.20278    A:0.26944    G:0.24722

#11: MountainNyala  
position  1:    T:0.27500    C:0.15000    A:0.27500    G:0.30000
position  2:    T:0.27500    C:0.19167    A:0.30833    G:0.22500
position  3:    T:0.30000    C:0.25833    A:0.23333    G:0.20833
Average         T:0.28333    C:0.20000    A:0.27222    G:0.24444

#12: MuntiacusMuntjak
position  1:    T:0.27500    C:0.15000    A:0.27500    G:0.30000
position  2:    T:0.27500    C:0.19167    A:0.30833    G:0.22500
position  3:    T:0.28333    C:0.27500    A:0.22500    G:0.21667
Average         T:0.27778    C:0.20556    A:0.26944    G:0.24722

#13: goat           
position  1:    T:0.27500    C:0.15000    A:0.27500    G:0.30000
position  2:    T:0.27500    C:0.19167    A:0.30833    G:0.22500
position  3:    T:0.29167    C:0.26667    A:0.23333    G:0.20833
Average         T:0.28056    C:0.20278    A:0.27222    G:0.24444

#14: AfricanBuffalo 
position  1:    T:0.26667    C:0.15833    A:0.27500    G:0.30000
position  2:    T:0.27500    C:0.19167    A:0.30833    G:0.22500
position  3:    T:0.30000    C:0.25833    A:0.23333    G:0.20833
Average         T:0.28056    C:0.20278    A:0.27222    G:0.24444

#15: Topi           
position  1:    T:0.27500    C:0.15000    A:0.27500    G:0.30000
position  2:    T:0.27500    C:0.19167    A:0.30833    G:0.22500
position  3:    T:0.28333    C:0.27500    A:0.23333    G:0.20833
Average         T:0.27778    C:0.20556    A:0.27222    G:0.24444

#16: CommonDuiker   
position  1:    T:0.27500    C:0.15000    A:0.27500    G:0.30000
position  2:    T:0.27500    C:0.19167    A:0.30833    G:0.22500
position  3:    T:0.29167    C:0.26667    A:0.23333    G:0.20833
Average         T:0.28056    C:0.20278    A:0.27222    G:0.24444

#17: Suni           
position  1:    T:0.27500    C:0.15000    A:0.27500    G:0.30000
position  2:    T:0.27500    C:0.19167    A:0.30833    G:0.22500
position  3:    T:0.29167    C:0.28333    A:0.23333    G:0.19167
Average         T:0.28056    C:0.20833    A:0.27222    G:0.23889

#18: Springbuck     
position  1:    T:0.27500    C:0.15000    A:0.27500    G:0.30000
position  2:    T:0.27500    C:0.19167    A:0.30833    G:0.22500
position  3:    T:0.30000    C:0.25833    A:0.23333    G:0.20833
Average         T:0.28333    C:0.20000    A:0.27222    G:0.24444

#19: Okapi          
position  1:    T:0.27500    C:0.15000    A:0.27500    G:0.30000
position  2:    T:0.27500    C:0.19167    A:0.30833    G:0.22500
position  3:    T:0.30833    C:0.25000    A:0.23333    G:0.20833
Average         T:0.28611    C:0.19722    A:0.27222    G:0.24444

#20: Giraffe        
position  1:    T:0.27500    C:0.15000    A:0.27500    G:0.30000
position  2:    T:0.27500    C:0.19167    A:0.30833    G:0.22500
position  3:    T:0.30833    C:0.25000    A:0.23333    G:0.20833
Average         T:0.28611    C:0.19722    A:0.27222    G:0.24444

#21: TibetanAntelope
position  1:    T:0.27500    C:0.15000    A:0.27500    G:0.30000
position  2:    T:0.27500    C:0.19167    A:0.31667    G:0.21667
position  3:    T:0.30000    C:0.25833    A:0.23333    G:0.20833
Average         T:0.28333    C:0.20000    A:0.27500    G:0.24167

#22: Sitatunga      
position  1:    T:0.27500    C:0.15000    A:0.27500    G:0.30000
position  2:    T:0.27500    C:0.19167    A:0.30833    G:0.22500
position  3:    T:0.31667    C:0.24167    A:0.22500    G:0.21667
Average         T:0.28889    C:0.19444    A:0.26944    G:0.24722

#23: Oribi          
position  1:    T:0.27500    C:0.15000    A:0.27500    G:0.30000
position  2:    T:0.27500    C:0.19167    A:0.30833    G:0.22500
position  3:    T:0.30833    C:0.25000    A:0.24167    G:0.20000
Average         T:0.28611    C:0.19722    A:0.27500    G:0.24167

#24: BarbarySheep   
position  1:    T:0.27500    C:0.15000    A:0.27500    G:0.30000
position  2:    T:0.27500    C:0.19167    A:0.30833    G:0.22500
position  3:    T:0.29167    C:0.26667    A:0.23333    G:0.20833
Average         T:0.28056    C:0.20278    A:0.27222    G:0.24444

#25: Daviddeer      
position  1:    T:0.27500    C:0.15000    A:0.27500    G:0.30000
position  2:    T:0.27500    C:0.19167    A:0.30833    G:0.22500
position  3:    T:0.29167    C:0.27500    A:0.22500    G:0.20833
Average         T:0.28056    C:0.20556    A:0.26944    G:0.24444

#26: Reindeer       
position  1:    T:0.27500    C:0.15000    A:0.27500    G:0.30000
position  2:    T:0.27500    C:0.19167    A:0.30833    G:0.22500
position  3:    T:0.30833    C:0.25833    A:0.22500    G:0.20833
Average         T:0.28611    C:0.20000    A:0.26944    G:0.24444

#27: Ibex           
position  1:    T:0.27500    C:0.15000    A:0.27500    G:0.30000
position  2:    T:0.27500    C:0.19167    A:0.30833    G:0.22500
position  3:    T:0.29167    C:0.26667    A:0.23333    G:0.20833
Average         T:0.28056    C:0.20278    A:0.27222    G:0.24444

#28: GyrantGazelle  
position  1:    T:0.27500    C:0.15000    A:0.27500    G:0.30000
position  2:    T:0.27500    C:0.19167    A:0.30833    G:0.22500
position  3:    T:0.29167    C:0.26667    A:0.24167    G:0.20000
Average         T:0.28056    C:0.20278    A:0.27500    G:0.24167

#29: Hartebeest     
position  1:    T:0.27500    C:0.15000    A:0.27500    G:0.30000
position  2:    T:0.27500    C:0.19167    A:0.30833    G:0.22500
position  3:    T:0.30000    C:0.25833    A:0.23333    G:0.20833
Average         T:0.28333    C:0.20000    A:0.27222    G:0.24444

#30: Bongo          
position  1:    T:0.27500    C:0.15000    A:0.27500    G:0.30000
position  2:    T:0.27500    C:0.19167    A:0.30833    G:0.22500
position  3:    T:0.30833    C:0.24167    A:0.23333    G:0.21667
Average         T:0.28611    C:0.19444    A:0.27222    G:0.24722

#31: Gerenuk        
position  1:    T:0.27500    C:0.15000    A:0.27500    G:0.30000
position  2:    T:0.27500    C:0.19167    A:0.30833    G:0.22500
position  3:    T:0.30833    C:0.25000    A:0.24167    G:0.20000
Average         T:0.28611    C:0.19722    A:0.27500    G:0.24167

#32: CommonEland    
position  1:    T:0.27500    C:0.15000    A:0.27500    G:0.30000
position  2:    T:0.27500    C:0.19167    A:0.30833    G:0.22500
position  3:    T:0.30833    C:0.24167    A:0.24167    G:0.20833
Average         T:0.28611    C:0.19444    A:0.27500    G:0.24444

#33: MuntiacusReevesi
position  1:    T:0.27500    C:0.15000    A:0.27500    G:0.30000
position  2:    T:0.27500    C:0.19167    A:0.30833    G:0.22500
position  3:    T:0.28333    C:0.26667    A:0.22500    G:0.22500
Average         T:0.27778    C:0.20278    A:0.26944    G:0.25000

#34: HarveysDuiker  
position  1:    T:0.26667    C:0.15833    A:0.27500    G:0.30000
position  2:    T:0.27500    C:0.19167    A:0.30833    G:0.22500
position  3:    T:0.30000    C:0.26667    A:0.23333    G:0.20000
Average         T:0.28056    C:0.20556    A:0.27222    G:0.24167

#35: Pronghorn      
position  1:    T:0.27500    C:0.15000    A:0.27500    G:0.30000
position  2:    T:0.27500    C:0.19167    A:0.30833    G:0.22500
position  3:    T:0.27500    C:0.29167    A:0.25000    G:0.18333
Average         T:0.27500    C:0.21111    A:0.27778    G:0.23611

#36: BlueWildebeest 
position  1:    T:0.27500    C:0.15000    A:0.27500    G:0.30000
position  2:    T:0.27500    C:0.19167    A:0.30833    G:0.22500
position  3:    T:0.30000    C:0.25833    A:0.23333    G:0.20833
Average         T:0.28333    C:0.20000    A:0.27222    G:0.24444

#37: Gemsbok        
position  1:    T:0.28333    C:0.15000    A:0.27500    G:0.29167
position  2:    T:0.27500    C:0.19167    A:0.30833    G:0.22500
position  3:    T:0.29167    C:0.28333    A:0.23333    G:0.19167
Average         T:0.28333    C:0.20833    A:0.27222    G:0.23611

#38: Yak            
position  1:    T:0.27500    C:0.15000    A:0.27500    G:0.30000
position  2:    T:0.27500    C:0.19167    A:0.30833    G:0.22500
position  3:    T:0.30000    C:0.25833    A:0.24167    G:0.20000
Average         T:0.28333    C:0.20000    A:0.27500    G:0.24167

#39: BlueSheep      
position  1:    T:0.26667    C:0.15833    A:0.27500    G:0.30000
position  2:    T:0.27500    C:0.19167    A:0.30833    G:0.22500
position  3:    T:0.29167    C:0.26667    A:0.22500    G:0.21667
Average         T:0.27778    C:0.20556    A:0.26944    G:0.24722

#40: BohorReedbuck  
position  1:    T:0.27500    C:0.15000    A:0.27500    G:0.30000
position  2:    T:0.27500    C:0.19167    A:0.30833    G:0.22500
position  3:    T:0.29167    C:0.25833    A:0.22500    G:0.22500
Average         T:0.28056    C:0.20000    A:0.26944    G:0.25000

#41: KirksDik       
position  1:    T:0.27500    C:0.15000    A:0.27500    G:0.30000
position  2:    T:0.27500    C:0.19167    A:0.30833    G:0.22500
position  3:    T:0.30000    C:0.25833    A:0.22500    G:0.21667
Average         T:0.28333    C:0.20000    A:0.26944    G:0.24722

#42: RoeDeer        
position  1:    T:0.27500    C:0.15000    A:0.27500    G:0.30000
position  2:    T:0.27500    C:0.19167    A:0.30833    G:0.22500
position  3:    T:0.25833    C:0.30000    A:0.20833    G:0.23333
Average         T:0.26944    C:0.21389    A:0.26389    G:0.25278

#43: WhiteLippedDeer
position  1:    T:0.26667    C:0.15833    A:0.27500    G:0.30000
position  2:    T:0.27500    C:0.19167    A:0.30833    G:0.22500
position  3:    T:0.30000    C:0.26667    A:0.22500    G:0.20833
Average         T:0.28056    C:0.20556    A:0.26944    G:0.24444

#44: ThomsonGazelle 
position  1:    T:0.27500    C:0.15000    A:0.27500    G:0.30000
position  2:    T:0.27500    C:0.19167    A:0.30833    G:0.22500
position  3:    T:0.28333    C:0.28333    A:0.24167    G:0.19167
Average         T:0.27778    C:0.20833    A:0.27500    G:0.23889

#45: MuntiacusCrinifrons
position  1:    T:0.27500    C:0.15000    A:0.27500    G:0.30000
position  2:    T:0.27500    C:0.19167    A:0.30833    G:0.22500
position  3:    T:0.28333    C:0.27500    A:0.22500    G:0.21667
Average         T:0.27778    C:0.20556    A:0.26944    G:0.24722

#46: WhiteTailedDeer
position  1:    T:0.27500    C:0.15000    A:0.27500    G:0.30000
position  2:    T:0.27500    C:0.19167    A:0.30833    G:0.22500
position  3:    T:0.30833    C:0.26667    A:0.21667    G:0.20833
Average         T:0.28611    C:0.20278    A:0.26667    G:0.24444

#47: Cattle         
position  1:    T:0.27500    C:0.15000    A:0.27500    G:0.30000
position  2:    T:0.27500    C:0.19167    A:0.30833    G:0.22500
position  3:    T:0.30000    C:0.25833    A:0.23333    G:0.20833
Average         T:0.28333    C:0.20000    A:0.27222    G:0.24444

#48: RoyalAntelope  
position  1:    T:0.27500    C:0.15000    A:0.27500    G:0.30000
position  2:    T:0.27500    C:0.19167    A:0.30833    G:0.22500
position  3:    T:0.28333    C:0.26667    A:0.25000    G:0.20000
Average         T:0.27778    C:0.20278    A:0.27778    G:0.24167

#49: Steenbok       
position  1:    T:0.27500    C:0.15000    A:0.27500    G:0.30000
position  2:    T:0.27500    C:0.19167    A:0.30833    G:0.22500
position  3:    T:0.30833    C:0.25833    A:0.21667    G:0.21667
Average         T:0.28611    C:0.20000    A:0.26667    G:0.24722

#50: Impala         
position  1:    T:0.27500    C:0.15000    A:0.27500    G:0.30000
position  2:    T:0.27500    C:0.19167    A:0.30833    G:0.22500
position  3:    T:0.29167    C:0.26667    A:0.20833    G:0.23333
Average         T:0.28056    C:0.20278    A:0.26389    G:0.25278

#51: Klipspringer   
position  1:    T:0.27500    C:0.15000    A:0.27500    G:0.30000
position  2:    T:0.27500    C:0.19167    A:0.30833    G:0.22500
