1
52 1
Argali 0.000000 0.345000 0.000100 0.038700 0.000000 0.041900 0.084800 0.000100 0.000000 0.000200 0.000000 0.040000 0.082600 0.043200 0.000000 0.041400 0.000400 0.042600 0.000000 0.000000 0.000100 0.000100 0.000200 0.041800 0.000000 0.042100 0.041900 0.000000 0.000100 0.000000 0.000200 0.000100 0.040500 0.041900 0.041400 0.041100 0.000000 0.040900 0.000200 0.042500 0.042200 0.000200 0.000200 0.085500 0.040000 0.000000 0.084600 0.041700 0.041900 0.040400 0.000100 0.000100
LesserMous 0.345000 0.000000 0.342700 0.388600 0.345000 0.415600 0.266400 0.330400 0.345000 0.346200 0.345000 0.392300 0.395500 0.430800 0.345000 0.264600 0.352000 0.418100 0.345000 0.345000 0.330400 0.343500 0.346200 0.410600 0.345000 0.398800 0.344000 0.345000 0.330400 0.345000 0.346200 0.348600 0.383400 0.331300 0.340100 0.392300 0.345000 0.403800 0.324700 0.419700 0.415500 0.332900 0.346200 0.408000 0.392300 0.345000 0.368300 0.287400 0.338300 0.392300 0.344400 0.325500
LesserKudu 0.000100 0.342700 0.000000 0.039100 0.000100 0.042100 0.084900 0.000200 0.000100 0.000400 0.000100 0.040100 0.083000 0.043200 0.000100 0.041400 0.000500 0.042500 0.000100 0.000100 0.000200 0.000200 0.000400 0.041600 0.000100 0.042100 0.041800 0.000100 0.000200 0.000100 0.000400 0.000200 0.040200 0.042000 0.041500 0.040100 0.000100 0.041100 0.000400 0.042400 0.042300 0.000400 0.000400 0.085600 0.040100 0.000100 0.084600 0.041700 0.042200 0.040500 0.000200 0.000200
KillerWhal 0.038700 0.388600 0.039100 0.000000 0.038700 0.081500 0.166000 0.038900 0.038700 0.039100 0.038700 0.078400 0.120500 0.083600 0.038700 0.079200 0.039900 0.082200 0.038700 0.038700 0.038900 0.038200 0.039100 0.079700 0.038700 0.081900 0.079300 0.038700 0.038900 0.038700 0.039100 0.038600 0.080000 0.079300 0.079100 0.078400 0.038700 0.079900 0.038300 0.081400 0.082000 0.039100 0.039100 0.122500 0.078400 0.038700 0.099500 0.079700 0.081900 0.078700 0.038500 0.039000
DefassaWat 0.000000 0.345000 0.000100 0.038700 0.000000 0.041900 0.084800 0.000100 0.000000 0.000200 0.000000 0.040000 0.082600 0.043200 0.000000 0.041400 0.000400 0.042600 0.000000 0.000000 0.000100 0.000100 0.000200 0.041800 0.000000 0.042100 0.043200 0.000000 0.000100 0.000000 0.000200 0.000100 0.040500 0.041900 0.041400 0.039900 0.000000 0.040900 0.000200 0.042500 0.042200 0.000200 0.000200 0.085500 0.040000 0.000000 0.084600 0.041700 0.041900 0.040400 0.000100 0.000100
Sheep 0.041900 0.415600 0.042100 0.081500 0.041900 0.000000 0.131600 0.042400 0.041900 0.042300 0.041900 0.082300 0.127300 0.089300 0.041900 0.085300 0.043300 0.087800 0.041900 0.043400 0.042400 0.041900 0.042300 0.086700 0.041900 0.086600 0.085400 0.043100 0.042400 0.041900 0.042300 0.042300 0.084300 0.086200 0.085000 0.082300 0.041900 0.084200 0.042000 0.088400 0.087300 0.042800 0.042300 0.132500 0.082300 0.041900 0.130500 0.085900 0.086600 0.083200 0.042100 0.042400
MaxwellsDu 0.084800 0.266400 0.084900 0.166000 0.084800 0.131600 0.000000 0.085200 0.084800 0.084900 0.084800 0.126100 0.175400 0.135200 0.084800 0.128600 0.086700 0.132300 0.084800 0.084800 0.085200 0.084600 0.084900 0.129100 0.084800 0.131900 0.131300 0.084800 0.085200 0.084800 0.084900 0.085100 0.108100 0.130800 0.130400 0.126100 0.084800 0.129500 0.084100 0.131100 0.132000 0.085900 0.084900 0.178100 0.126100 0.084800 0.094000 0.129900 0.133200 0.126500 0.084600 0.086000
GazellaPrz 0.000100 0.330400 0.000200 0.038900 0.000100 0.042400 0.085200 0.000000 0.000100 0.000400 0.000100 0.040400 0.083700 0.043600 0.000100 0.041500 0.000500 0.042800 0.000100 0.000100 0.000000 0.000200 0.000400 0.042000 0.000100 0.042100 0.042100 0.000100 0.000000 0.000100 0.000400 0.000200 0.040900 0.042200 0.041800 0.040400 0.000100 0.041500 0.000100 0.042600 0.042600 0.000100 0.000400 0.086300 0.040400 0.000100 0.084700 0.041900 0.042300 0.040700 0.000200 0.000200
MountainNy 0.000000 0.345000 0.000100 0.038700 0.000000 0.041900 0.084800 0.000100 0.000000 0.000200 0.000000 0.040000 0.082600 0.043200 0.000000 0.041400 0.000400 0.042600 0.000000 0.000000 0.000100 0.000100 0.000200 0.041800 0.000000 0.042100 0.041600 0.000000 0.000100 0.000000 0.000200 0.000100 0.040500 0.041900 0.041400 0.040000 0.000000 0.040900 0.000200 0.042500 0.042200 0.000200 0.000200 0.085500 0.040000 0.000000 0.084600 0.041700 0.041900 0.040400 0.000100 0.000100
MuntiacusM 0.000200 0.346200 0.000400 0.039100 0.000200 0.042300 0.084900 0.000400 0.000200 0.000000 0.000200 0.040400 0.083500 0.043500 0.000200 0.041600 0.000400 0.042900 0.000200 0.000200 0.000400 0.000400 0.000000 0.042300 0.000200 0.042400 0.042100 0.000200 0.000400 0.000200 0.000000 0.000400 0.040800 0.042300 0.041700 0.040400 0.000200 0.041400 0.000500 0.043100 0.042400 0.000500 0.000000 0.086300 0.040400 0.000200 0.072400 0.041900 0.042200 0.040700 0.000400 0.000400
goat 0.000000 0.345000 0.000100 0.038700 0.000000 0.041900 0.084800 0.000100 0.000000 0.000200 0.000000 0.040100 0.082600 0.043200 0.000000 0.041400 0.000400 0.042600 0.000000 0.000000 0.000100 0.000100 0.000200 0.041800 0.000000 0.042100 0.041700 0.000000 0.000100 0.000000 0.000200 0.000100 0.040500 0.041900 0.041400 0.040000 0.000000 0.040800 0.000200 0.042500 0.042200 0.000200 0.000200 0.085500 0.040000 0.000000 0.084600 0.041700 0.041900 0.040400 0.000100 0.000100
AfricanBuf 0.040000 0.392300 0.040100 0.078400 0.040000 0.082300 0.126100 0.040400 0.040000 0.040400 0.040100 0.000000 0.122300 0.085000 0.040000 0.081400 0.041300 0.083700 0.040000 0.040000 0.040400 0.040000 0.040400 0.082400 0.040000 0.082700 0.081800 0.040000 0.040400 0.040000 0.040400 0.040400 0.080600 0.082500 0.081400 0.000000 0.041500 0.080700 0.040100 0.083900 0.083100 0.040800 0.040400 0.126200 0.000000 0.040000 0.125000 0.082000 0.082500 0.079700 0.040200 0.040500
Topi 0.082600 0.395500 0.083000 0.120500 0.082600 0.127300 0.175400 0.083700 0.082600 0.083500 0.082600 0.122300 0.000000 0.132000 0.082600 0.126300 0.085400 0.130100 0.082600 0.082600 0.083700 0.082500 0.083500 0.127600 0.082600 0.129000 0.040400 0.082600 0.083700 0.082600 0.083500 0.083500 0.125400 0.040700 0.040200 0.122300 0.082600 0.125200 0.083000 0.129900 0.128700 0.084500 0.083500 0.082800 0.122300 0.082600 0.173500 0.127100 0.127900 0.039300 0.083000 0.069600
CommonDuik 0.043200 0.430800 0.043200 0.083600 0.043200 0.089300 0.135200 0.043600 0.043200 0.043500 0.043200 0.085000 0.132000 0.000000 0.043200 0.087800 0.044300 0.082900 0.043200 0.043200 0.043600 0.043100 0.043500 0.088900 0.043200 0.088900 0.088400 0.043200 0.043600 0.043200 0.043500 0.043300 0.086700 0.088800 0.087700 0.085000 0.043200 0.087000 0.043200 0.090500 0.043500 0.043900 0.043500 0.136200 0.085000 0.043200 0.134600 0.088400 0.089100 0.085800 0.043300 0.043600
Suni 0.000000 0.345000 0.000100 0.038700 0.000000 0.041900 0.084800 0.000100 0.000000 0.000200 0.000000 0.040000 0.082600 0.043200 0.000000 0.041400 0.000400 0.042600 0.000000 0.000000 0.000100 0.000100 0.000200 0.041800 0.000000 0.042100 0.041600 0.000000 0.000100 0.000000 0.000200 0.000100 0.040500 0.041900 0.041400 0.040000 0.000000 0.040900 0.000200 0.042500 0.042200 0.000200 0.000200 0.085500 0.040000 0.000000 0.084600 0.041700 0.041900 0.040400 0.000100 0.000100
Springbuck 0.041400 0.264600 0.041400 0.079200 0.041400 0.085300 0.128600 0.041500 0.041400 0.041600 0.041400 0.081400 0.126300 0.087800 0.041400 0.000000 0.042400 0.086300 0.041400 0.041400 0.041500 0.041200 0.041600 0.084900 0.041400 0.084800 0.084800 0.041400 0.041500 0.041400 0.041600 0.041600 0.082700 0.084900 0.084000 0.081400 0.041400 0.083500 0.041300 0.086100 0.085800 0.042000 0.041600 0.130300 0.081400 0.041400 0.128200 0.000200 0.085200 0.081800 0.041300 0.041700
Okapi 0.000400 0.352000 0.000500 0.039900 0.000400 0.043300 0.086700 0.000500 0.000400 0.000400 0.000400 0.041300 0.085400 0.044300 0.000400 0.042400 0.000000 0.000200 0.000400 0.000400 0.000500 0.000500 0.000400 0.042900 0.000400 0.043500 0.043000 0.000400 0.000500 0.000400 0.000400 0.000500 0.041600 0.043200 0.042600 0.041300 0.000400 0.042400 0.000600 0.043700 0.043600 0.000600 0.000400 0.088200 0.041300 0.000400 0.070700 0.042600 0.043000 0.041700 0.000500 0.000500
Giraffe 0.042600 0.418100 0.042500 0.082200 0.042600 0.087800 0.132300 0.042800 0.042600 0.042900 0.042600 0.083700 0.130100 0.082900 0.042600 0.086300 0.000200 0.000000 0.042600 0.042600 0.042800 0.042400 0.042900 0.087700 0.042600 0.087900 0.087200 0.042600 0.042800 0.042600 0.042900 0.042800 0.085300 0.087400 0.086500 0.083700 0.042600 0.085800 0.042300 0.089400 0.088000 0.043100 0.042900 0.134500 0.083700 0.042600 0.125600 0.087000 0.087600 0.084400 0.042600 0.043000
TibetanAnt 0.000000 0.345000 0.000100 0.038700 0.000000 0.041900 0.084800 0.000100 0.000000 0.000200 0.000000 0.040000 0.082600 0.043200 0.000000 0.041400 0.000400 0.042600 0.000000 0.000000 0.000100 0.000100 0.000200 0.041800 0.000000 0.042100 0.041600 0.000000 0.000100 0.000000 0.000200 0.000100 0.040500 0.041900 0.041400 0.041600 0.000000 0.040900 0.000200 0.042500 0.042200 0.000200 0.000200 0.085500 0.040000 0.000000 0.084600 0.041700 0.041900 0.040400 0.000100 0.000100
Sitatunga 0.000000 0.345000 0.000100 0.038700 0.000000 0.043400 0.084800 0.000100 0.000000 0.000200 0.000000 0.040000 0.082600 0.043200 0.000000 0.041400 0.000400 0.042600 0.000000 0.000000 0.000100 0.000100 0.000200 0.041800 0.000000 0.042100 0.041600 0.000000 0.000100 0.000000 0.000200 0.000100 0.040500 0.041900 0.041400 0.040000 0.000000 0.040800 0.000200 0.042500 0.042200 0.000200 0.000200 0.085500 0.040000 0.000000 0.084600 0.041700 0.041900 0.040400 0.000100 0.000100
Oribi 0.000100 0.330400 0.000200 0.038900 0.000100 0.042400 0.085200 0.000000 0.000100 0.000400 0.000100 0.040400 0.083700 0.043600 0.000100 0.041500 0.000500 0.042800 0.000100 0.000100 0.000000 0.000200 0.000400 0.042000 0.000100 0.042100 0.042100 0.000100 0.000000 0.000100 0.000400 0.000200 0.040900 0.042200 0.041800 0.040400 0.000100 0.041500 0.000100 0.042600 0.042600 0.000100 0.000400 0.086300 0.040400 0.000100 0.084700 0.041900 0.042300 0.040700 0.000200 0.000200
BarbaryShe 0.000100 0.343500 0.000200 0.038200 0.000100 0.041900 0.084600 0.000200 0.000100 0.000400 0.000100 0.040000 0.082500 0.043100 0.000100 0.041200 0.000500 0.042400 0.000100 0.000100 0.000200 0.000000 0.000400 0.041400 0.000100 0.041900 0.041600 0.000100 0.000200 0.000100 0.000400 0.000200 0.040100 0.041800 0.041200 0.040000 0.000100 0.040900 0.000400 0.042200 0.042100 0.000400 0.000400 0.085100 0.040000 0.000100 0.084200 0.041500 0.041700 0.040200 0.000200 0.000200
Daviddeer 0.000200 0.346200 0.000400 0.039100 0.000200 0.042300 0.084900 0.000400 0.000200 0.000000 0.000200 0.040400 0.083500 0.043500 0.000200 0.041600 0.000400 0.042900 0.000200 0.000200 0.000400 0.000400 0.000000 0.042300 0.000200 0.042400 0.042100 0.000200 0.000400 0.000200 0.000000 0.000400 0.040800 0.042300 0.041700 0.040400 0.000200 0.041400 0.000500 0.043100 0.042400 0.000500 0.000000 0.086300 0.040400 0.000200 0.072400 0.041900 0.042200 0.040700 0.000400 0.000400
Reindeer 0.041800 0.410600 0.041600 0.079700 0.041800 0.086700 0.129100 0.042000 0.041800 0.042300 0.041800 0.082400 0.127600 0.088900 0.041800 0.084900 0.042900 0.087700 0.041800 0.041800 0.042000 0.041400 0.042300 0.000000 0.041800 0.086300 0.085500 0.041800 0.042000 0.041800 0.042300 0.042000 0.083500 0.085900 0.084900 0.082400 0.041800 0.084400 0.041200 0.000200 0.087200 0.042100 0.042300 0.042200 0.082400 0.041800 0.119100 0.085600 0.086400 0.083000 0.041600 0.042000
Ibex 0.000000 0.345000 0.000100 0.038700 0.000000 0.041900 0.084800 0.000100 0.000000 0.000200 0.000000 0.040000 0.082600 0.043200 0.000000 0.041400 0.000400 0.042600 0.000000 0.000000 0.000100 0.000100 0.000200 0.041800 0.000000 0.042100 0.041600 0.000000 0.000100 0.000000 0.000200 0.000100 0.040500 0.041900 0.041400 0.040000 0.000000 0.040900 0.000200 0.042500 0.042200 0.000200 0.000200 0.085500 0.040000 0.000000 0.084600 0.041700 0.041900 0.040400 0.000100 0.000100
GyrantGaze 0.042100 0.398800 0.042100 0.081900 0.042100 0.086600 0.131900 0.042100 0.042100 0.042400 0.042100 0.082700 0.129000 0.088900 0.042100 0.084800 0.043500 0.087900 0.042100 0.042100 0.042100 0.041900 0.042400 0.086300 0.042100 0.000000 0.086500 0.042100 0.041900 0.042100 0.042400 0.042200 0.084200 0.086600 0.085700 0.082700 0.042100 0.085000 0.041900 0.087500 0.087200 0.042600 0.042400 0.132900 0.082700 0.042100 0.130500 0.086000 0.086600 0.083400 0.042100 0.042500
Hartebeest 0.041900 0.344000 0.041800 0.079300 0.043200 0.085400 0.131300 0.042100 0.041600 0.042100 0.041700 0.081800 0.040400 0.088400 0.041600 0.084800 0.043000 0.087200 0.041600 0.041600 0.042100 0.041600 0.042100 0.085500 0.041600 0.086500 0.000000 0.041600 0.042100 0.041600 0.042100 0.042000 0.083700 0.000100 0.000100 0.081800 0.041600 0.083800 0.041800 0.087200 0.086300 0.042500 0.042100 0.041500 0.081800 0.042500 0.130500 0.085300 0.085700 0.082700 0.041800 0.000200
Bongo 0.000000 0.345000 0.000100 0.038700 0.000000 0.043100 0.084800 0.000100 0.000000 0.000200 0.000000 0.040000 0.082600 0.043200 0.000000 0.041400 0.000400 0.042600 0.000000 0.000000 0.000100 0.000100 0.000200 0.041800 0.000000 0.042100 0.041600 0.000000 0.000100 0.000000 0.000200 0.000100 0.040500 0.041900 0.041400 0.040000 0.000000 0.040900 0.000200 0.042500 0.042200 0.000200 0.000200 0.085500 0.040000 0.000000 0.084600 0.041700 0.041900 0.040400 0.000100 0.000100
Gerenuk 0.000100 0.330400 0.000200 0.038900 0.000100 0.042400 0.085200 0.000000 0.000100 0.000400 0.000100 0.040400 0.083700 0.043600 0.000100 0.041500 0.000500 0.042800 0.000100 0.000100 0.000000 0.000200 0.000400 0.042000 0.000100 0.041900 0.042100 0.000100 0.000000 0.000100 0.000400 0.000200 0.040900 0.042200 0.041800 0.040400 0.000100 0.041500 0.000100 0.042600 0.042600 0.000100 0.000400 0.086300 0.040400 0.000100 0.085500 0.041900 0.042300 0.040700 0.000200 0.000200
CommonElan 0.000000 0.345000 0.000100 0.038700 0.000000 0.041900 0.084800 0.000100 0.000000 0.000200 0.000000 0.040000 0.082600 0.043200 0.000000 0.041400 0.000400 0.042600 0.000000 0.000000 0.000100 0.000100 0.000200 0.041800 0.000000 0.042100 0.041600 0.000000 0.000100 0.000000 0.000200 0.000100 0.040500 0.041900 0.041400 0.040000 0.000000 0.041700 0.000200 0.042500 0.042200 0.000200 0.000200 0.085500 0.041300 0.000000 0.084600 0.041700 0.041900 0.040400 0.000100 0.000100
MuntiacusR 0.000200 0.346200 0.000400 0.039100 0.000200 0.042300 0.084900 0.000400 0.000200 0.000000 0.000200 0.040400 0.083500 0.043500 0.000200 0.041600 0.000400 0.042900 0.000200 0.000200 0.000400 0.000400 0.000000 0.042300 0.000200 0.042400 0.042100 0.000200 0.000400 0.000200 0.000000 0.000400 0.040800 0.042300 0.041700 0.040400 0.000200 0.041400 0.000500 0.043100 0.042400 0.000500 0.000000 0.086300 0.040400 0.000200 0.072400 0.041900 0.042200 0.040700 0.000400 0.000400
HarveysDui 0.000100 0.348600 0.000200 0.038600 0.000100 0.042300 0.085100 0.000200 0.000100 0.000400 0.000100 0.040400 0.083500 0.043300 0.000100 0.041600 0.000500 0.042800 0.000100 0.000100 0.000200 0.000200 0.000400 0.042000 0.000100 0.042200 0.042000 0.000100 0.000200 0.000100 0.000400 0.000000 0.040600 0.042200 0.041700 0.040400 0.000100 0.041300 0.000400 0.042600 0.042500 0.000400 0.000400 0.086000 0.040400 0.000100 0.085100 0.042000 0.042200 0.040700 0.000200 0.000200
Pronghorn 0.040500 0.383400 0.040200 0.080000 0.040500 0.084300 0.108100 0.040900 0.040500 0.040800 0.040500 0.080600 0.125400 0.086700 0.040500 0.082700 0.041600 0.085300 0.040500 0.040500 0.040900 0.040100 0.040800 0.083500 0.040500 0.084200 0.083700 0.040500 0.040900 0.040500 0.040800 0.040600 0.000000 0.084000 0.082800 0.080600 0.040500 0.082500 0.040400 0.084800 0.084200 0.040900 0.040800 0.128200 0.080600 0.040500 0.114900 0.083200 0.083400 0.081100 0.040300 0.040600
BlueWildeb 0.041900 0.331300 0.042000 0.079300 0.041900 0.086200 0.130800 0.042200 0.041900 0.042300 0.041900 0.082500 0.040700 0.088800 0.041900 0.084900 0.043200 0.087400 0.041900 0.041900 0.042200 0.041800 0.042300 0.085900 0.041900 0.086600 0.000100 0.041900 0.042200 0.041900 0.042300 0.042200 0.084000 0.000000 0.000200 0.082500 0.041900 0.084600 0.041800 0.087400 0.086900 0.042600 0.042300 0.041500 0.082500 0.041900 0.130700 0.085800 0.086300 0.083000 0.041900 0.000400
Gemsbok 0.041400 0.340100 0.041500 0.079100 0.041400 0.085000 0.130400 0.041800 0.041400 0.041700 0.041400 0.081400 0.040200 0.087700 0.041400 0.084000 0.042600 0.086500 0.041400 0.041400 0.041800 0.041200 0.041700 0.084900 0.041400 0.085700 0.000100 0.041400 0.041800 0.041400 0.041700 0.041700 0.082800 0.000200 0.000000 0.081400 0.041400 0.083400 0.041500 0.086400 0.085600 0.042200 0.041700 0.041100 0.081400 0.041400 0.129300 0.084400 0.084800 0.081900 0.041500 0.000400
Yak 0.041100 0.392300 0.040100 0.078400 0.039900 0.082300 0.126100 0.040400 0.040000 0.040400 0.040000 0.000000 0.122300 0.085000 0.040000 0.081400 0.041300 0.083700 0.041600 0.040000 0.040400 0.040000 0.040400 0.082400 0.040000 0.082700 0.081800 0.040000 0.040400 0.040000 0.040400 0.040400 0.080600 0.082500 0.081400 0.000000 0.040000 0.080700 0.040100 0.083900 0.083100 0.040800 0.040400 0.126200 0.000000 0.040000 0.125000 0.082000 0.082500 0.079700 0.040200 0.040500
BlueSheep 0.000000 0.345000 0.000100 0.038700 0.000000 0.041900 0.084800 0.000100 0.000000 0.000200 0.000000 0.041500 0.082600 0.043200 0.000000 0.041400 0.000400 0.042600 0.000000 0.000000 0.000100 0.000100 0.000200 0.041800 0.000000 0.042100 0.041600 0.000000 0.000100 0.000000 0.000200 0.000100 0.040500 0.041900 0.041400 0.040000 0.000000 0.040900 0.000200 0.042500 0.042200 0.000200 0.000200 0.085500 0.040000 0.000000 0.084600 0.041700 0.041900 0.040400 0.000100 0.000100
BohorReedb 0.040900 0.403800 0.041100 0.079900 0.040900 0.084200 0.129500 0.041500 0.040900 0.041400 0.040800 0.080700 0.125200 0.087000 0.040900 0.083500 0.042400 0.085800 0.040900 0.040800 0.041500 0.040900 0.041400 0.084400 0.040900 0.085000 0.083800 0.040900 0.041500 0.041700 0.041400 0.041300 0.082500 0.084600 0.083400 0.080700 0.040900 0.000000 0.041100 0.086000 0.085100 0.041800 0.041400 0.129500 0.080700 0.042300 0.128500 0.084000 0.084400 0.081600 0.041200 0.041500
KirksDik 0.000200 0.324700 0.000400 0.038300 0.000200 0.042000 0.084100 0.000100 0.000200 0.000500 0.000200 0.040100 0.083000 0.043200 0.000200 0.041300 0.000600 0.042300 0.000200 0.000200 0.000100 0.000400 0.000500 0.041200 0.000200 0.041900 0.041800 0.000200 0.000100 0.000200 0.000500 0.000400 0.040400 0.041800 0.041500 0.040100 0.000200 0.041100 0.000000 0.041800 0.042300 0.000200 0.000500 0.085200 0.040100 0.000200 0.084200 0.041500 0.042000 0.040500 0.000400 0.000400
RoeDeer 0.042500 0.419700 0.042400 0.081400 0.042500 0.088400 0.131100 0.042600 0.042500 0.043100 0.042500 0.083900 0.129900 0.090500 0.042500 0.086100 0.043700 0.089400 0.042500 0.042500 0.042600 0.042200 0.043100 0.000200 0.042500 0.087500 0.087200 0.042500 0.042600 0.042500 0.043100 0.042600 0.084800 0.087400 0.086400 0.083900 0.042500 0.086000 0.041800 0.000000 0.088900 0.042700 0.043100 0.043200 0.083900 0.042500 0.121100 0.087200 0.088100 0.084400 0.042400 0.042800
WhiteLippe 0.042200 0.415500 0.042300 0.082000 0.042200 0.087300 0.132000 0.042600 0.042200 0.042400 0.042200 0.083100 0.128700 0.043500 0.042200 0.085800 0.043600 0.088000 0.042200 0.042200 0.042600 0.042100 0.042400 0.087200 0.042200 0.087200 0.086300 0.042200 0.042600 0.042200 0.042400 0.042500 0.084200 0.086900 0.085600 0.083100 0.042200 0.085100 0.042300 0.088900 0.000000 0.043000 0.042400 0.133300 0.083100 0.042200 0.123000 0.086400 0.086900 0.083700 0.042400 0.042600
ThomsonGaz 0.000200 0.332900 0.000400 0.039100 0.000200 0.042800 0.085900 0.000100 0.000200 0.000500 0.000200 0.040800 0.084500 0.043900 0.000200 0.042000 0.000600 0.043100 0.000200 0.000200 0.000100 0.000400 0.000500 0.042100 0.000200 0.042600 0.042500 0.000200 0.000100 0.000200 0.000500 0.000400 0.040900 0.042600 0.042200 0.040800 0.000200 0.041800 0.000200 0.042700 0.043000 0.000000 0.000500 0.087100 0.040800 0.000200 0.085700 0.042300 0.042700 0.041200 0.000400 0.000400
MuntiacusC 0.000200 0.346200 0.000400 0.039100 0.000200 0.042300 0.084900 0.000400 0.000200 0.000000 0.000200 0.040400 0.083500 0.043500 0.000200 0.041600 0.000400 0.042900 0.000200 0.000200 0.000400 0.000400 0.000000 0.042300 0.000200 0.042400 0.042100 0.000200 0.000400 0.000200 0.000000 0.000400 0.040800 0.042300 0.041700 0.040400 0.000200 0.041400 0.000500 0.043100 0.042400 0.000500 0.000000 0.086300 0.040400 0.000200 0.072400 0.041900 0.042200 0.040700 0.000400 0.000400
WhiteTaile 0.085500 0.408000 0.085600 0.122500 0.085500 0.132500 0.178100 0.086300 0.085500 0.086300 0.085500 0.126200 0.082800 0.136200 0.085500 0.130300 0.088200 0.134500 0.085500 0.085500 0.086300 0.085100 0.086300 0.042200 0.085500 0.132900 0.041500 0.085500 0.086300 0.085500 0.086300 0.086000 0.128200 0.041500 0.041100 0.126200 0.085500 0.129500 0.085200 0.043200 0.133300 0.087100 0.086300 0.000000 0.126200 0.085500 0.168900 0.131400 0.132300 0.127200 0.085500 0.058600
Cattle 0.040000 0.392300 0.040100 0.078400 0.040000 0.082300 0.126100 0.040400 0.040000 0.040400 0.040000 0.000000 0.122300 0.085000 0.040000 0.081400 0.041300 0.083700 0.040000 0.040000 0.040400 0.040000 0.040400 0.082400 0.040000 0.082700 0.081800 0.040000 0.040400 0.041300 0.040400 0.040400 0.080600 0.082500 0.081400 0.000000 0.040000 0.080700 0.040100 0.083900 0.083100 0.040800 0.040400 0.126200 0.000000 0.040000 0.125000 0.082000 0.082500 0.079700 0.040200 0.040500
RoyalAntel 0.000000 0.345000 0.000100 0.038700 0.000000 0.041900 0.084800 0.000100 0.000000 0.000200 0.000000 0.040000 0.082600 0.043200 0.000000 0.041400 0.000400 0.042600 0.000000 0.000000 0.000100 0.000100 0.000200 0.041800 0.000000 0.042100 0.042500 0.000000 0.000100 0.000000 0.000200 0.000100 0.040500 0.041900 0.041400 0.040000 0.000000 0.042300 0.000200 0.042500 0.042200 0.000200 0.000200 0.085500 0.040000 0.000000 0.084600 0.041700 0.041900 0.040400 0.000100 0.000100
Steenbok 0.084600 0.368300 0.084600 0.099500 0.084600 0.130500 0.094000 0.084700 0.084600 0.072400 0.084600 0.125000 0.173500 0.134600 0.084600 0.128200 0.070700 0.125600 0.084600 0.084600 0.084700 0.084200 0.072400 0.119100 0.084600 0.130500 0.130500 0.084600 0.085500 0.084600 0.072400 0.085100 0.114900 0.130700 0.129300 0.125000 0.084600 0.128500 0.084200 0.121100 0.123000 0.085700 0.072400 0.168900 0.125000 0.084600 0.000000 0.130000 0.130700 0.125400 0.084500 0.085500
Impala 0.041700 0.287400 0.041700 0.079700 0.041700 0.085900 0.129900 0.041900 0.041700 0.041900 0.041700 0.082000 0.127100 0.088400 0.041700 0.000200 0.042600 0.087000 0.041700 0.041700 0.041900 0.041500 0.041900 0.085600 0.041700 0.086000 0.085300 0.041700 0.041900 0.041700 0.041900 0.042000 0.083200 0.085800 0.084400 0.082000 0.041700 0.084000 0.041500 0.087200 0.086400 0.042300 0.041900 0.131400 0.082000 0.041700 0.130000 0.000000 0.085700 0.082300 0.041700 0.042000
Klipspring 0.041900 0.338300 0.042200 0.081900 0.041900 0.086600 0.133200 0.042300 0.041900 0.042200 0.041900 0.082500 0.127900 0.089100 0.041900 0.085200 0.043000 0.087600 0.041900 0.041900 0.042300 0.041700 0.042200 0.086400 0.041900 0.086600 0.085700 0.041900 0.042300 0.041900 0.042200 0.042200 0.083400 0.086300 0.084800 0.082500 0.041900 0.084400 0.042000 0.088100 0.086900 0.042700 0.042200 0.132300 0.082500 0.041900 0.130700 0.085700 0.000000 0.083200 0.042000 0.042200
ForestMusk 0.040400 0.392300 0.040500 0.078700 0.040400 0.083200 0.126500 0.040700 0.040400 0.040700 0.040400 0.079700 0.039300 0.085800 0.040400 0.081800 0.041700 0.084400 0.040400 0.040400 0.040700 0.040200 0.040700 0.083000 0.040400 0.083400 0.082700 0.040400 0.040700 0.040400 0.040700 0.040700 0.081100 0.083000 0.081900 0.079700 0.040400 0.081600 0.040500 0.084400 0.083700 0.041200 0.040700 0.127200 0.079700 0.040400 0.125400 0.082300 0.083200 0.000000 0.040400 0.040800
Bushbuck 0.000100 0.344400 0.000200 0.038500 0.000100 0.042100 0.084600 0.000200 0.000100 0.000400 0.000100 0.040200 0.083000 0.043300 0.000100 0.041300 0.000500 0.042600 0.000100 0.000100 0.000200 0.000200 0.000400 0.041600 0.000100 0.042100 0.041800 0.000100 0.000200 0.000100 0.000400 0.000200 0.040300 0.041900 0.041500 0.040200 0.000100 0.041200 0.000400 0.042400 0.042400 0.000400 0.000400 0.085500 0.040200 0.000100 0.084500 0.041700 0.042000 0.040400 0.000000 0.000200
GreaterKud 0.000100 0.325500 0.000200 0.039000 0.000100 0.042400 0.086000 0.000200 0.000100 0.000400 0.000100 0.040500 0.069600 0.043600 0.000100 0.041700 0.000500 0.043000 0.000100 0.000100 0.000200 0.000200 0.000400 0.042000 0.000100 0.042500 0.000200 0.000100 0.000200 0.000100 0.000400 0.000200 0.040600 0.000400 0.000400 0.040500 0.000100 0.041500 0.000400 0.042800 0.042600 0.000400 0.000400 0.058600 0.040500 0.000100 0.085500 0.042000 0.042200 0.040800 0.000200 0.000000
