1
52 1
Argali 0.000000 0.282600 0.092400 0.138700 0.019600 0.009800 0.069800 0.125800 0.060300 0.127300 0.019600 0.071300 0.050200 0.083000 0.019700 0.103800 0.128200 0.103900 0.051000 0.072200 0.125000 0.000100 0.104900 0.105800 0.019200 0.138100 0.030200 0.083200 0.138300 0.082200 0.139500 0.050600 0.082700 0.071400 0.029600 0.060400 0.019100 0.009800 0.070800 0.116700 0.105000 0.103300 0.139100 0.116800 0.060400 0.060400 0.060300 0.029800 0.040000 0.082700 0.082200 0.093500
LesserMous 0.282600 0.000000 0.325000 0.296800 0.283700 0.297500 0.316100 0.296300 0.281000 0.312600 0.312000 0.267200 0.329100 0.378500 0.255200 0.284900 0.315300 0.282700 0.319200 0.300900 0.374600 0.282200 0.284600 0.286400 0.311800 0.348700 0.273800 0.314900 0.361000 0.312300 0.297400 0.331600 0.257300 0.298800 0.297700 0.241900 0.311800 0.270300 0.298900 0.271500 0.285000 0.314200 0.297900 0.301900 0.241900 0.327200 0.312700 0.285300 0.311400 0.286800 0.312300 0.328200
LesserKudu 0.092400 0.325000 0.000000 0.149400 0.092400 0.081700 0.093300 0.208900 0.049600 0.161300 0.092400 0.081500 0.103400 0.139000 0.070900 0.160200 0.138700 0.114200 0.116400 0.009900 0.182900 0.092500 0.138100 0.139400 0.092300 0.172400 0.061200 0.009900 0.223200 0.009800 0.174100 0.126900 0.103800 0.126300 0.081200 0.070400 0.092300 0.081800 0.126400 0.138600 0.138300 0.136400 0.173500 0.162800 0.070400 0.136900 0.113800 0.103700 0.115100 0.093300 0.009800 0.019700
KillerWhal 0.138700 0.296800 0.149400 0.000000 0.138600 0.150700 0.139600 0.265300 0.137700 0.188200 0.138600 0.150300 0.175000 0.215300 0.115600 0.212100 0.189500 0.162500 0.165400 0.140300 0.236500 0.138700 0.164100 0.165500 0.138600 0.212900 0.129100 0.140400 0.280300 0.138800 0.201400 0.176200 0.140000 0.200600 0.126500 0.126300 0.138600 0.127300 0.200800 0.177000 0.164200 0.238000 0.201000 0.177400 0.126300 0.161700 0.161600 0.150800 0.163600 0.116900 0.138800 0.151100
DefassaWat 0.019600 0.283700 0.092400 0.138600 0.000000 0.029700 0.061200 0.126100 0.060300 0.127300 0.039700 0.071300 0.050200 0.083100 0.019700 0.104000 0.128000 0.103800 0.051000 0.072200 0.125200 0.019600 0.104900 0.105800 0.039800 0.138400 0.030200 0.083100 0.138300 0.082200 0.139400 0.050600 0.082600 0.071400 0.029600 0.060400 0.039800 0.009600 0.071500 0.116600 0.105000 0.103400 0.139000 0.116800 0.060400 0.060400 0.060300 0.029800 0.040100 0.082600 0.082200 0.093400
Sheep 0.009800 0.297500 0.081700 0.150700 0.029700 0.000000 0.058900 0.137500 0.070900 0.116000 0.029700 0.082200 0.039900 0.094200 0.029800 0.115000 0.116800 0.093000 0.061700 0.061500 0.136500 0.009800 0.093800 0.094600 0.028900 0.149700 0.020000 0.072400 0.150200 0.071500 0.128000 0.061200 0.082800 0.060800 0.039800 0.071000 0.029600 0.019700 0.081700 0.105400 0.093900 0.092300 0.127500 0.116900 0.071000 0.071000 0.070900 0.040000 0.050500 0.072000 0.071500 0.082600
MaxwellsDu 0.069800 0.316100 0.093300 0.139600 0.061200 0.058900 0.000000 0.184200 0.082200 0.128500 0.091100 0.093800 0.072000 0.084000 0.040300 0.116000 0.117700 0.093600 0.095400 0.073000 0.149400 0.068600 0.083300 0.106900 0.091700 0.151200 0.030500 0.084100 0.176000 0.083100 0.140800 0.051000 0.100200 0.094100 0.071600 0.082300 0.091700 0.050800 0.116600 0.117700 0.083500 0.115500 0.140400 0.129400 0.082300 0.104600 0.104500 0.072100 0.083400 0.083300 0.083100 0.094400
GazellaPrz 0.125800 0.296300 0.208900 0.265300 0.126100 0.137500 0.184200 0.000000 0.148900 0.223700 0.148800 0.161700 0.161200 0.199800 0.126200 0.149600 0.225600 0.197400 0.151600 0.187700 0.147700 0.125800 0.198700 0.200400 0.148700 0.186500 0.139800 0.200200 0.185900 0.198100 0.211000 0.162300 0.199100 0.161300 0.137000 0.149000 0.148700 0.115000 0.150200 0.212200 0.199000 0.148900 0.236900 0.212900 0.149000 0.172500 0.126000 0.137900 0.149800 0.199700 0.198100 0.211400
MountainNy 0.060300 0.281000 0.049600 0.137700 0.060300 0.070900 0.082200 0.148900 0.000000 0.149700 0.060200 0.070800 0.092400 0.104800 0.039700 0.103500 0.126900 0.102900 0.094000 0.040100 0.148000 0.060300 0.126700 0.127900 0.060200 0.161900 0.059700 0.040200 0.161600 0.039700 0.162000 0.093100 0.081900 0.114900 0.070600 0.060000 0.060200 0.050000 0.093000 0.127100 0.126900 0.125600 0.161700 0.139300 0.060000 0.103000 0.081400 0.071000 0.082100 0.082100 0.039700 0.050100
MuntiacusM 0.127300 0.312600 0.161300 0.188200 0.127300 0.116000 0.128500 0.223700 0.149700 0.000000 0.150500 0.162800 0.139100 0.177800 0.104700 0.174000 0.106100 0.127200 0.153200 0.140500 0.249100 0.127300 0.039800 0.019800 0.150400 0.238100 0.094800 0.161300 0.225500 0.150800 0.028500 0.164100 0.125700 0.163300 0.138500 0.150000 0.150400 0.116200 0.187800 0.050300 0.039800 0.173300 0.009700 0.060800 0.150000 0.174300 0.174000 0.139200 0.127700 0.105600 0.150800 0.163400
goat 0.019600 0.312000 0.092400 0.138600 0.039700 0.029700 0.091100 0.148800 0.060200 0.150500 0.000000 0.092800 0.071100 0.104900 0.039900 0.126200 0.151300 0.126200 0.072200 0.083000 0.148100 0.019600 0.127400 0.128500 0.000000 0.161800 0.050900 0.083100 0.161700 0.082100 0.162900 0.071600 0.104600 0.092900 0.049900 0.081500 0.000000 0.029700 0.092400 0.139600 0.127600 0.125600 0.162500 0.139800 0.081500 0.081500 0.081400 0.050200 0.060800 0.082600 0.082100 0.093300
AfricanBuf 0.071300 0.267200 0.081500 0.150300 0.071300 0.082200 0.093800 0.161700 0.070800 0.162800 0.092800 0.000000 0.104200 0.140100 0.050300 0.138000 0.163900 0.138100 0.094500 0.061400 0.160800 0.071400 0.139400 0.140600 0.092800 0.174300 0.061700 0.072200 0.199400 0.071400 0.175600 0.104900 0.116200 0.127200 0.060500 0.029600 0.092800 0.060900 0.104400 0.151900 0.139600 0.161200 0.175100 0.128200 0.029600 0.115000 0.092500 0.082300 0.071500 0.116300 0.071400 0.082400
Topi 0.050200 0.329100 0.103400 0.175000 0.050200 0.039900 0.072000 0.161200 0.092400 0.139100 0.071100 0.104200 0.000000 0.116900 0.050300 0.138200 0.139900 0.115100 0.083400 0.083100 0.160200 0.050200 0.116300 0.117400 0.071000 0.174300 0.040600 0.094300 0.174300 0.093200 0.151400 0.082600 0.104800 0.019600 0.060400 0.092600 0.071000 0.040000 0.104400 0.128300 0.116400 0.114600 0.151000 0.140200 0.092600 0.092600 0.092500 0.060800 0.071800 0.093600 0.093200 0.104600
CommonDuik 0.083000 0.378500 0.139000 0.215300 0.083100 0.094200 0.084000 0.199800 0.104800 0.177800 0.104900 0.140100 0.116900 0.000000 0.083400 0.163800 0.142300 0.140000 0.118800 0.118400 0.198300 0.083100 0.153100 0.155500 0.104900 0.200700 0.095900 0.130200 0.201400 0.128600 0.191300 0.072500 0.128900 0.140700 0.093600 0.127800 0.104900 0.072300 0.140100 0.178500 0.153300 0.162700 0.190900 0.191400 0.127800 0.127800 0.127500 0.094300 0.105900 0.153200 0.128600 0.141000
Suni 0.019700 0.255200 0.070900 0.115600 0.019700 0.029800 0.040300 0.126200 0.039700 0.104700 0.039900 0.050300 0.050300 0.083400 0.000000 0.082000 0.105300 0.082000 0.051200 0.050900 0.125300 0.019700 0.082800 0.083600 0.039900 0.138300 0.010000 0.061600 0.138600 0.060900 0.116500 0.050700 0.061200 0.071600 0.029700 0.039800 0.039900 0.009800 0.071600 0.094200 0.082900 0.103500 0.116100 0.094300 0.039800 0.060500 0.060500 0.029900 0.046700 0.061200 0.060900 0.071700
Springbuck 0.103800 0.284900 0.160200 0.212100 0.104000 0.115000 0.116000 0.149600 0.103500 0.174000 0.126200 0.138000 0.138200 0.163800 0.082000 0.000000 0.186500 0.148200 0.128700 0.139400 0.126100 0.103800 0.138600 0.151600 0.126200 0.071900 0.104200 0.151200 0.049700 0.149700 0.186500 0.127400 0.127200 0.162100 0.114600 0.126000 0.126200 0.093000 0.116200 0.163000 0.138700 0.039800 0.186500 0.163700 0.126000 0.149400 0.082100 0.115400 0.127300 0.150200 0.149700 0.162000
Okapi 0.128200 0.315300 0.138700 0.189500 0.128000 0.116800 0.117700 0.225600 0.126900 0.106100 0.151300 0.163900 0.139900 0.142300 0.105300 0.186500 0.000000 0.029800 0.166800 0.118000 0.250300 0.128300 0.094900 0.084800 0.151300 0.250800 0.095600 0.129900 0.253400 0.128200 0.095300 0.152900 0.094800 0.140300 0.139200 0.150600 0.151300 0.116900 0.189000 0.106500 0.095000 0.185700 0.117700 0.129900 0.150600 0.175600 0.174600 0.140100 0.152300 0.106300 0.128200 0.140600
Giraffe 0.103900 0.282700 0.114200 0.162500 0.103800 0.093000 0.093600 0.197400 0.102900 0.127200 0.126200 0.138100 0.115100 0.140000 0.082000 0.148200 0.029800 0.000000 0.140400 0.093900 0.221300 0.104000 0.093700 0.105800 0.126100 0.208900 0.072400 0.105200 0.210600 0.103900 0.116300 0.127500 0.071800 0.115400 0.114600 0.125600 0.126100 0.093100 0.162200 0.105100 0.093800 0.147600 0.139000 0.128200 0.125600 0.149400 0.148600 0.115300 0.127000 0.082700 0.103900 0.115600
TibetanAnt 0.051000 0.319200 0.116400 0.165400 0.051000 0.061700 0.095400 0.151600 0.094000 0.153200 0.072200 0.094500 0.083400 0.118800 0.051200 0.128700 0.166800 0.140400 0.000000 0.095700 0.162700 0.051000 0.129700 0.128300 0.072200 0.152000 0.062700 0.107100 0.164800 0.105900 0.165900 0.084000 0.117900 0.106100 0.050800 0.083000 0.072200 0.040600 0.106100 0.142100 0.129900 0.127900 0.165600 0.142400 0.083000 0.094100 0.083000 0.061800 0.072600 0.118000 0.105900 0.117800
Sitatunga 0.072200 0.300900 0.009900 0.140300 0.072200 0.061500 0.073000 0.187700 0.040100 0.140500 0.083000 0.061400 0.083100 0.118400 0.050900 0.139400 0.118000 0.093900 0.095700 0.000000 0.186300 0.072300 0.117500 0.118700 0.083000 0.175500 0.041100 0.000100 0.201700 0.000100 0.153200 0.106200 0.083500 0.105700 0.061100 0.050500 0.083000 0.061600 0.128700 0.117900 0.117600 0.138900 0.152600 0.141700 0.050500 0.116300 0.093400 0.083300 0.094700 0.083900 0.000100 0.010000
Oribi 0.125000 0.374600 0.182900 0.236500 0.125200 0.136500 0.149400 0.147700 0.148000 0.249100 0.148100 0.160800 0.160200 0.198300 0.125300 0.126100 0.250300 0.221300 0.162700 0.186300 0.000000 0.125000 0.223500 0.225400 0.148000 0.115600 0.138800 0.198700 0.160900 0.196800 0.262400 0.161300 0.173000 0.184600 0.136200 0.148300 0.148000 0.114100 0.137900 0.237300 0.223800 0.103200 0.262600 0.238400 0.148300 0.147900 0.103200 0.137000 0.148800 0.198000 0.196800 0.220700
BarbaryShe 0.000100 0.282200 0.092500 0.138700 0.019600 0.009800 0.068600 0.125800 0.060300 0.127300 0.019600 0.071400 0.050200 0.083100 0.019700 0.103800 0.128300 0.104000 0.051000 0.072300 0.125000 0.000000 0.104800 0.105800 0.019600 0.138000 0.030200 0.083200 0.138300 0.082300 0.139500 0.050600 0.082700 0.071400 0.029600 0.060400 0.019600 0.009700 0.070700 0.116700 0.105000 0.103200 0.139100 0.116800 0.060400 0.060400 0.060300 0.029800 0.039900 0.082800 0.082300 0.093500
Daviddeer 0.104900 0.284600 0.138100 0.164100 0.104900 0.093800 0.083300 0.198700 0.126700 0.039800 0.127400 0.139400 0.116300 0.153100 0.082800 0.138600 0.094900 0.093700 0.129700 0.117500 0.223500 0.104800 0.000000 0.019800 0.127300 0.199600 0.072900 0.138100 0.187800 0.127700 0.050300 0.117100 0.103700 0.139800 0.115800 0.127000 0.127300 0.094000 0.163700 0.029800 0.000000 0.138000 0.050100 0.040100 0.127000 0.150600 0.150400 0.116400 0.127800 0.083500 0.127700 0.139800
Reindeer 0.105800 0.286400 0.139400 0.165500 0.105800 0.094600 0.106900 0.200400 0.127900 0.019800 0.128500 0.140600 0.117400 0.155500 0.083600 0.151600 0.084800 0.105800 0.128300 0.118700 0.225400 0.105800 0.019800 0.000000 0.128500 0.213500 0.073600 0.139500 0.202300 0.129000 0.030100 0.141800 0.104500 0.141200 0.116800 0.128100 0.128500 0.094800 0.165000 0.030100 0.019800 0.151000 0.030000 0.040400 0.128100 0.152200 0.151700 0.117500 0.128600 0.084200 0.129000 0.164400
Ibex 0.019200 0.311800 0.092300 0.138600 0.039800 0.028900 0.091700 0.148700 0.060200 0.150400 0.000000 0.092800 0.071000 0.104900 0.039900 0.126200 0.151300 0.126100 0.072200 0.083000 0.148000 0.019600 0.127300 0.128500 0.000000 0.161700 0.050900 0.083100 0.161600 0.082100 0.162900 0.071600 0.104500 0.092800 0.049900 0.081500 0.000000 0.029700 0.092500 0.139600 0.127500 0.125600 0.162400 0.139800 0.081500 0.081400 0.081400 0.050200 0.060800 0.082600 0.082100 0.093300
GyrantGaze 0.138100 0.348700 0.172400 0.212900 0.138400 0.149700 0.151200 0.186500 0.161900 0.238100 0.161800 0.174300 0.174300 0.200700 0.138300 0.071900 0.250800 0.208900 0.152000 0.175500 0.115600 0.138000 0.199600 0.213500 0.161700 0.000000 0.151900 0.187700 0.104400 0.186100 0.251200 0.163100 0.193700 0.199200 0.126200 0.138600 0.161700 0.126900 0.128300 0.226200 0.199900 0.050500 0.251500 0.227400 0.138600 0.185900 0.093500 0.150300 0.170100 0.212300 0.186100 0.198800
Hartebeest 0.030200 0.273800 0.061200 0.129100 0.030200 0.020000 0.030500 0.139800 0.059700 0.094800 0.050900 0.061700 0.040600 0.095900 0.010000 0.104200 0.095600 0.072400 0.062700 0.041100 0.138800 0.030200 0.072900 0.073600 0.050900 0.151900 0.000000 0.051600 0.152800 0.051100 0.106700 0.062200 0.062100 0.061900 0.040400 0.050700 0.050900 0.020100 0.083700 0.084300 0.073100 0.093700 0.106300 0.095700 0.050700 0.072300 0.072000 0.040700 0.051300 0.051400 0.051100 0.070800
Bongo 0.083200 0.314900 0.009900 0.140400 0.083100 0.072400 0.084100 0.200200 0.040200 0.161300 0.083100 0.072200 0.094300 0.130200 0.061600 0.151200 0.129900 0.105200 0.107100 0.000100 0.198700 0.083200 0.138100 0.139500 0.083100 0.187700 0.051600 0.000000 0.201900 0.000100 0.174100 0.117800 0.092900 0.117300 0.071900 0.061100 0.083100 0.072500 0.140500 0.138600 0.138300 0.150600 0.173500 0.162700 0.061100 0.127900 0.104600 0.094500 0.105900 0.084000 0.000100 0.010000
Gerenuk 0.138300 0.361000 0.223200 0.280300 0.138300 0.150200 0.176000 0.185900 0.161600 0.225500 0.161700 0.199400 0.174300 0.201400 0.138600 0.049700 0.253400 0.210600 0.164800 0.201700 0.160900 0.138300 0.187800 0.202300 0.161600 0.104400 0.152800 0.201900 0.000000 0.212200 0.239300 0.163300 0.175700 0.199700 0.149500 0.185800 0.161600 0.127100 0.151500 0.214000 0.188000 0.071000 0.239000 0.214700 0.185800 0.185800 0.115400 0.150500 0.162800 0.213800 0.212200 0.225900
CommonElan 0.082200 0.312300 0.009800 0.138800 0.082200 0.071500 0.083100 0.198100 0.039700 0.150800 0.082100 0.071400 0.093200 0.128600 0.060900 0.149700 0.128200 0.103900 0.105900 0.000100 0.196800 0.082300 0.127700 0.129000 0.082100 0.186100 0.051100 0.000100 0.212200 0.000000 0.163500 0.116400 0.093500 0.115900 0.071100 0.060400 0.082100 0.071600 0.139000 0.128100 0.127900 0.149100 0.163000 0.152100 0.060400 0.126500 0.103500 0.093400 0.104800 0.083000 0.000000 0.009900
MuntiacusR 0.139500 0.297400 0.174100 0.201400 0.139400 0.128000 0.140800 0.211000 0.162000 0.028500 0.162900 0.175600 0.151400 0.191300 0.116500 0.186500 0.095300 0.116300 0.165900 0.153200 0.262400 0.139500 0.050300 0.030100 0.162900 0.251200 0.106700 0.174100 0.239300 0.163500 0.000000 0.177000 0.137800 0.151700 0.150700 0.162300 0.162900 0.128200 0.200800 0.061000 0.050300 0.185800 0.039900 0.071600 0.162300 0.187200 0.186400 0.151600 0.163300 0.117600 0.163500 0.176400
HarveysDui 0.050600 0.331600 0.126900 0.176200 0.050600 0.061200 0.051000 0.162300 0.093100 0.164100 0.071600 0.104900 0.082600 0.072500 0.050700 0.127400 0.152900 0.127500 0.084000 0.106200 0.161300 0.050600 0.117100 0.141800 0.071600 0.163100 0.062200 0.117800 0.163300 0.116400 0.177000 0.000000 0.117100 0.105000 0.060900 0.093200 0.071600 0.040300 0.105200 0.153000 0.117200 0.126800 0.176500 0.153300 0.093200 0.093200 0.093200 0.061300 0.072200 0.117200 0.116400 0.128400
Pronghorn 0.082700 0.257300 0.103800 0.140000 0.082600 0.082800 0.100200 0.199100 0.081900 0.125700 0.104600 0.116200 0.104800 0.128900 0.061200 0.127200 0.094800 0.071800 0.117900 0.083500 0.173000 0.082700 0.103700 0.104500 0.104500 0.193700 0.062100 0.092900 0.175700 0.093500 0.137800 0.117100 0.000000 0.128000 0.093300 0.104000 0.104500 0.072000 0.139700 0.103900 0.103800 0.138000 0.137300 0.103700 0.104000 0.127100 0.104000 0.093800 0.105300 0.072700 0.093500 0.105100
BlueWildeb 0.071400 0.298800 0.126300 0.200600 0.071400 0.060800 0.094100 0.161300 0.114900 0.163300 0.092900 0.127200 0.019600 0.140700 0.071600 0.162100 0.140300 0.115400 0.106100 0.105700 0.184600 0.071400 0.139800 0.141200 0.092800 0.199200 0.061900 0.117300 0.199700 0.115900 0.151700 0.105000 0.128000 0.000000 0.081800 0.115100 0.092800 0.060900 0.127300 0.152400 0.140000 0.137600 0.151500 0.164600 0.115100 0.115100 0.114800 0.082400 0.093700 0.116500 0.115900 0.127800
Gemsbok 0.029600 0.297700 0.081200 0.126500 0.029600 0.039800 0.071600 0.137000 0.070600 0.138500 0.049900 0.060500 0.060400 0.093600 0.029700 0.114600 0.139200 0.114600 0.050800 0.061100 0.136200 0.029600 0.115800 0.116800 0.049900 0.126200 0.040400 0.071900 0.149500 0.071100 0.150700 0.060900 0.093300 0.081800 0.000000 0.049700 0.049900 0.019600 0.082000 0.127700 0.115900 0.114100 0.150300 0.127900 0.049700 0.070700 0.049700 0.039800 0.050300 0.093300 0.071100 0.082000
Yak 0.060400 0.241900 0.070400 0.126300 0.060400 0.071000 0.082300 0.149000 0.060000 0.150000 0.081500 0.029600 0.092600 0.127800 0.039800 0.126000 0.150600 0.125600 0.083000 0.050500 0.148300 0.060400 0.127000 0.128100 0.081500 0.138600 0.050700 0.061100 0.185800 0.060400 0.162300 0.093200 0.104000 0.115100 0.049700 0.000000 0.081500 0.050100 0.115300 0.139200 0.127200 0.148800 0.162000 0.139400 0.000000 0.103200 0.081300 0.071100 0.082300 0.104100 0.060400 0.071100
BlueSheep 0.019100 0.311800 0.092300 0.138600 0.039800 0.029600 0.091700 0.148700 0.060200 0.150400 0.000000 0.092800 0.071000 0.104900 0.039900 0.126200 0.151300 0.126100 0.072200 0.083000 0.148000 0.019600 0.127300 0.128500 0.000000 0.161700 0.050900 0.083100 0.161600 0.082100 0.162900 0.071600 0.104500 0.092800 0.049900 0.081500 0.000000 0.029700 0.092500 0.139600 0.127500 0.125600 0.162400 0.139800 0.081500 0.081400 0.081400 0.050200 0.060800 0.082600 0.082100 0.093300
BohorReedb 0.009800 0.270300 0.081800 0.127300 0.009600 0.019700 0.050800 0.115000 0.050000 0.116200 0.029700 0.060900 0.040000 0.072300 0.009800 0.093000 0.116900 0.093100 0.040600 0.061600 0.114100 0.009700 0.094000 0.094800 0.029700 0.126900 0.020100 0.072500 0.127100 0.071600 0.128200 0.040300 0.072000 0.060900 0.019600 0.050100 0.029700 0.000000 0.061000 0.105600 0.094100 0.092500 0.127800 0.105700 0.050100 0.050100 0.050000 0.019800 0.029900 0.072000 0.071600 0.082700
KirksDik 0.070800 0.298900 0.126400 0.200800 0.071500 0.081700 0.116600 0.150200 0.093000 0.187800 0.092400 0.104400 0.104400 0.140100 0.071600 0.116200 0.189000 0.162200 0.106100 0.128700 0.137900 0.070700 0.163700 0.165000 0.092500 0.128300 0.083700 0.140500 0.151500 0.139000 0.200800 0.105200 0.139700 0.127300 0.082000 0.115300 0.092500 0.061000 0.000000 0.176600 0.163900 0.093300 0.200500 0.152300 0.115300 0.115100 0.093100 0.082500 0.071700 0.127100 0.139000 0.151300
RoeDeer 0.116700 0.271500 0.138600 0.177000 0.116600 0.105400 0.117700 0.212200 0.127100 0.050300 0.139600 0.151900 0.128300 0.178500 0.094200 0.163000 0.106500 0.105100 0.142100 0.117900 0.237300 0.116700 0.029800 0.030100 0.139600 0.226200 0.084300 0.138600 0.214000 0.128100 0.061000 0.153000 0.103900 0.152400 0.127700 0.139200 0.139600 0.105600 0.176600 0.000000 0.029900 0.162300 0.060800 0.050600 0.139200 0.163300 0.163000 0.117000 0.140000 0.095000 0.128100 0.140300
WhiteLippe 0.105000 0.285000 0.138300 0.164200 0.105000 0.093900 0.083500 0.199000 0.126900 0.039800 0.127600 0.139600 0.116400 0.153300 0.082900 0.138700 0.095000 0.093800 0.129900 0.117600 0.223800 0.105000 0.000000 0.019800 0.127500 0.199900 0.073100 0.138300 0.188000 0.127900 0.050300 0.117200 0.103800 0.140000 0.115900 0.127200 0.127500 0.094100 0.163900 0.029900 0.000000 0.138200 0.050100 0.040100 0.127200 0.150800 0.150600 0.116600 0.128000 0.083600 0.127900 0.140000
ThomsonGaz 0.103300 0.314200 0.136400 0.238000 0.103400 0.092300 0.115500 0.148900 0.125600 0.173300 0.125600 0.161200 0.114600 0.162700 0.103500 0.039800 0.185700 0.147600 0.127900 0.138900 0.103200 0.103200 0.138000 0.151000 0.125600 0.050500 0.093700 0.150600 0.071000 0.149100 0.185800 0.126800 0.138000 0.137600 0.114100 0.148800 0.125600 0.092500 0.093300 0.162300 0.138200 0.000000 0.185700 0.175000 0.148800 0.148600 0.081700 0.114800 0.126500 0.149700 0.149100 0.161300
MuntiacusC 0.139100 0.297900 0.173500 0.201000 0.139000 0.127500 0.140400 0.236900 0.161700 0.009700 0.162500 0.175100 0.151000 0.190900 0.116100 0.186500 0.117700 0.139000 0.165600 0.152600 0.262600 0.139100 0.050100 0.030000 0.162400 0.251500 0.106300 0.173500 0.239000 0.163000 0.039900 0.176500 0.137300 0.151500 0.150300 0.162000 0.162400 0.127800 0.200500 0.060800 0.050100 0.185700 0.000000 0.071400 0.162000 0.186800 0.186500 0.151100 0.139400 0.117000 0.163000 0.175800
WhiteTaile 0.116800 0.301900 0.162800 0.177400 0.116800 0.116900 0.129400 0.212900 0.139300 0.060800 0.139800 0.128200 0.140200 0.191400 0.094300 0.163700 0.129900 0.128200 0.142400 0.141700 0.238400 0.116800 0.040100 0.040400 0.139800 0.227400 0.095700 0.162700 0.214700 0.152100 0.071600 0.153300 0.103700 0.164600 0.127900 0.139400 0.139800 0.105700 0.152300 0.050600 0.040100 0.175000 0.071400 0.000000 0.139400 0.163600 0.163400 0.128600 0.116900 0.106400 0.152100 0.164800
Cattle 0.060400 0.241900 0.070400 0.126300 0.060400 0.071000 0.082300 0.149000 0.060000 0.150000 0.081500 0.029600 0.092600 0.127800 0.039800 0.126000 0.150600 0.125600 0.083000 0.050500 0.148300 0.060400 0.127000 0.128100 0.081500 0.138600 0.050700 0.061100 0.185800 0.060400 0.162300 0.093200 0.104000 0.115100 0.049700 0.000000 0.081500 0.050100 0.115300 0.139200 0.127200 0.148800 0.162000 0.139400 0.000000 0.103200 0.081300 0.071100 0.082300 0.104100 0.060400 0.071100
RoyalAntel 0.060400 0.327200 0.136900 0.161700 0.060400 0.071000 0.104600 0.172500 0.103000 0.174300 0.081500 0.115000 0.092600 0.127800 0.060500 0.149400 0.175600 0.149400 0.094100 0.116300 0.147900 0.060400 0.150600 0.152200 0.081400 0.185900 0.072300 0.127900 0.185800 0.126500 0.187200 0.093200 0.127100 0.115100 0.070700 0.103200 0.081400 0.050100 0.115100 0.163300 0.150800 0.148600 0.186800 0.163600 0.103200 0.000000 0.103100 0.071100 0.082100 0.127200 0.126500 0.126900
Steenbok 0.060300 0.312700 0.113800 0.161600 0.060300 0.070900 0.104500 0.126000 0.081400 0.174000 0.081400 0.092500 0.092500 0.127500 0.060500 0.082100 0.174600 0.148600 0.083000 0.093400 0.103200 0.060300 0.150400 0.151700 0.081400 0.093500 0.072000 0.104600 0.115400 0.103500 0.186400 0.093200 0.104000 0.114800 0.049700 0.081300 0.081400 0.050000 0.093100 0.163000 0.150600 0.081700 0.186500 0.163400 0.081300 0.103100 0.000000 0.071000 0.082100 0.126700 0.103500 0.115000
Impala 0.029800 0.285300 0.103700 0.150800 0.029800 0.040000 0.072100 0.137900 0.071000 0.139200 0.050200 0.082300 0.060800 0.094300 0.029900 0.115400 0.140100 0.115300 0.061800 0.083300 0.137000 0.029800 0.116400 0.117500 0.050200 0.150300 0.040700 0.094500 0.150500 0.093400 0.151600 0.061300 0.093800 0.082400 0.039800 0.071100 0.050200 0.019800 0.082500 0.117000 0.116600 0.114800 0.151100 0.128600 0.071100 0.071100 0.071000 0.000000 0.050600 0.093900 0.093400 0.104900
Klipspring 0.040000 0.311400 0.115100 0.163600 0.040100 0.050500 0.083400 0.149800 0.082100 0.127700 0.060800 0.071500 0.071800 0.105900 0.046700 0.127300 0.152300 0.127000 0.072600 0.094700 0.148800 0.039900 0.127800 0.128600 0.060800 0.170100 0.051300 0.105900 0.162800 0.104800 0.163300 0.072200 0.105300 0.093700 0.050300 0.082300 0.060800 0.029900 0.071700 0.140000 0.128000 0.126500 0.139400 0.116900 0.082300 0.082100 0.082100 0.050600 0.000000 0.105400 0.104800 0.116500
ForestMusk 0.082700 0.286800 0.093300 0.116900 0.082600 0.072000 0.083300 0.199700 0.082100 0.105600 0.082600 0.116300 0.093600 0.153200 0.061200 0.150200 0.106300 0.082700 0.118000 0.083900 0.198000 0.082800 0.083500 0.084200 0.082600 0.212300 0.051400 0.084000 0.213800 0.083000 0.117600 0.117200 0.072700 0.116500 0.093300 0.104100 0.082600 0.072000 0.127100 0.095000 0.083600 0.149700 0.117000 0.106400 0.104100 0.127200 0.126700 0.093900 0.105400 0.000000 0.083000 0.094400
Bushbuck 0.082200 0.312300 0.009800 0.138800 0.082200 0.071500 0.083100 0.198100 0.039700 0.150800 0.082100 0.071400 0.093200 0.128600 0.060900 0.149700 0.128200 0.103900 0.105900 0.000100 0.196800 0.082300 0.127700 0.129000 0.082100 0.186100 0.051100 0.000100 0.212200 0.000000 0.163500 0.116400 0.093500 0.115900 0.071100 0.060400 0.082100 0.071600 0.139000 0.128100 0.127900 0.149100 0.163000 0.152100 0.060400 0.126500 0.103500 0.093400 0.104800 0.083000 0.000000 0.009900
GreaterKud 0.093500 0.328200 0.019700 0.151100 0.093400 0.082600 0.094400 0.211400 0.050100 0.163400 0.093300 0.082400 0.104600 0.141000 0.071700 0.162000 0.140600 0.115600 0.117800 0.010000 0.220700 0.093500 0.139800 0.164400 0.093300 0.198800 0.070800 0.010000 0.225900 0.009900 0.176400 0.128400 0.105100 0.127800 0.082000 0.071100 0.093300 0.082700 0.151300 0.140300 0.140000 0.161300 0.175800 0.164800 0.071100 0.126900 0.115000 0.104900 0.116500 0.094400 0.009900 0.000000
