1
52 1
Argali 0.000000 0.463800 0.188700 0.396800 0.167700 0.009600 0.115500 0.154100 0.146700 0.254900 0.070900 0.149500 0.118900 0.121200 0.165300 0.166500 0.271000 0.277100 0.101800 0.158100 0.136400 0.055400 0.244600 0.238300 0.080800 0.143400 0.103900 0.179300 0.155400 0.166700 0.278000 0.131500 0.322500 0.108900 0.113400 0.153000 0.070800 0.147600 0.158500 0.265100 0.249000 0.160200 0.262300 0.248500 0.153300 0.137800 0.151100 0.139700 0.102100 0.222900 0.163800 0.166800
LesserMous 0.463800 0.000000 0.478200 0.381500 0.463200 0.460000 0.403900 0.470400 0.466800 0.481500 0.483600 0.431800 0.441600 0.454400 0.480800 0.494800 0.465300 0.456600 0.461300 0.454200 0.463800 0.468400 0.471400 0.451000 0.489600 0.448900 0.449400 0.488400 0.498600 0.436300 0.511500 0.448200 0.494100 0.436400 0.493300 0.444700 0.463800 0.465600 0.459100 0.457000 0.476100 0.465400 0.492300 0.484800 0.427200 0.418200 0.468900 0.464700 0.447100 0.489200 0.459000 0.445600
LesserKudu 0.188700 0.478200 0.000000 0.447100 0.194300 0.200400 0.158400 0.186300 0.066200 0.238000 0.149900 0.123200 0.172300 0.146700 0.196800 0.225100 0.241800 0.261400 0.170700 0.066200 0.168000 0.150300 0.228600 0.222200 0.160300 0.193400 0.169100 0.075800 0.223100 0.051200 0.261100 0.162800 0.312700 0.174100 0.173300 0.091200 0.154400 0.179600 0.228200 0.241100 0.225500 0.211200 0.245400 0.232400 0.091400 0.193800 0.170400 0.164500 0.148500 0.181600 0.060300 0.061800
KillerWhal 0.396800 0.381500 0.447100 0.000000 0.409400 0.393300 0.340300 0.419500 0.422300 0.425800 0.360700 0.398500 0.364200 0.357300 0.384300 0.429700 0.429800 0.437700 0.369100 0.421600 0.403600 0.354600 0.410500 0.379600 0.373600 0.386500 0.363200 0.417400 0.433400 0.421800 0.454300 0.369800 0.429900 0.368800 0.383000 0.374800 0.376300 0.385100 0.434600 0.421800 0.425900 0.401400 0.436300 0.391800 0.375600 0.380100 0.407700 0.361900 0.381200 0.404000 0.397100 0.395700
DefassaWat 0.167700 0.463200 0.194300 0.409400 0.000000 0.173300 0.132000 0.142000 0.157800 0.265600 0.129900 0.190300 0.129900 0.103900 0.158700 0.179400 0.241800 0.282400 0.145400 0.169400 0.147600 0.124900 0.229600 0.222600 0.129000 0.137100 0.131500 0.178800 0.177900 0.166000 0.274800 0.136500 0.285500 0.124900 0.152000 0.164600 0.129800 0.019200 0.169600 0.241600 0.213400 0.153700 0.273100 0.232800 0.164900 0.166100 0.167300 0.150100 0.101200 0.202400 0.163400 0.178100
Sheep 0.009600 0.460000 0.200400 0.393300 0.173300 0.000000 0.125900 0.164500 0.157000 0.253000 0.081200 0.160200 0.129100 0.126200 0.170700 0.173800 0.264100 0.270100 0.111900 0.168500 0.147500 0.065700 0.242800 0.236400 0.091200 0.154000 0.114200 0.190600 0.160900 0.177200 0.275900 0.141900 0.315600 0.119100 0.123600 0.163800 0.081200 0.153200 0.168900 0.256700 0.247200 0.170900 0.260100 0.246600 0.164100 0.148300 0.162200 0.150600 0.112700 0.235600 0.175000 0.177400
MaxwellsDu 0.115500 0.403900 0.158400 0.340300 0.132000 0.125900 0.000000 0.100600 0.127200 0.221600 0.083900 0.118400 0.099700 0.057500 0.158700 0.138400 0.220000 0.239800 0.115400 0.127100 0.084100 0.078700 0.199400 0.191900 0.094100 0.095500 0.084400 0.148900 0.137300 0.135000 0.244700 0.062200 0.263800 0.089500 0.105300 0.121300 0.094700 0.111600 0.116500 0.218000 0.196000 0.111900 0.228800 0.202400 0.109900 0.129700 0.126600 0.110100 0.099600 0.178200 0.133300 0.135100
GazellaPrz 0.154100 0.470400 0.186300 0.419500 0.142000 0.164500 0.100600 0.000000 0.154600 0.245700 0.099300 0.157700 0.126400 0.083900 0.139500 0.108200 0.250100 0.246900 0.142300 0.166400 0.056000 0.105400 0.236100 0.216200 0.109600 0.066800 0.111300 0.176700 0.085800 0.157500 0.255100 0.094100 0.329100 0.110800 0.143600 0.137400 0.121500 0.127100 0.076400 0.242500 0.233000 0.082600 0.253200 0.226400 0.125900 0.134100 0.075700 0.142500 0.121000 0.195100 0.161000 0.163200
MountainNy 0.146700 0.466800 0.066200 0.422300 0.157800 0.157000 0.127200 0.154600 0.000000 0.229400 0.126000 0.116300 0.130500 0.133200 0.132800 0.205500 0.202100 0.233900 0.157700 0.019600 0.137800 0.109700 0.220000 0.213400 0.124900 0.161300 0.138100 0.029300 0.179700 0.024900 0.252200 0.143500 0.284200 0.143100 0.153800 0.084700 0.125800 0.149000 0.182800 0.212700 0.216800 0.178400 0.236500 0.223500 0.084900 0.173700 0.152200 0.140800 0.119300 0.162100 0.014700 0.035100
MuntiacusM 0.254900 0.481500 0.238000 0.425800 0.265600 0.253000 0.221600 0.245700 0.229400 0.000000 0.206000 0.188500 0.223300 0.208900 0.283300 0.235100 0.258600 0.250700 0.201700 0.242500 0.226700 0.200600 0.127400 0.132000 0.217200 0.200800 0.220500 0.253600 0.232800 0.226500 0.031600 0.212700 0.241900 0.225700 0.230200 0.186300 0.205500 0.244100 0.277600 0.155900 0.134700 0.219300 0.016000 0.130100 0.186800 0.253000 0.214700 0.214200 0.235800 0.194700 0.223500 0.226500
goat 0.070900 0.483600 0.149900 0.360700 0.129900 0.081200 0.083900 0.099300 0.126000 0.206000 0.000000 0.140100 0.076800 0.067500 0.156100 0.136200 0.235400 0.254900 0.060500 0.137300 0.104700 0.025100 0.209500 0.189600 0.009900 0.105400 0.061800 0.146800 0.135100 0.133800 0.228800 0.088600 0.286300 0.066800 0.082300 0.119800 0.030100 0.109800 0.137800 0.221400 0.206200 0.121800 0.213000 0.199800 0.120000 0.105600 0.113500 0.113700 0.098000 0.175200 0.131400 0.133800
AfricanBuf 0.149500 0.431800 0.123200 0.398500 0.190300 0.160200 0.118400 0.157700 0.116300 0.188500 0.140100 0.000000 0.156300 0.124200 0.169800 0.203700 0.239100 0.218400 0.160900 0.115800 0.152200 0.134900 0.198500 0.191300 0.150600 0.146800 0.152800 0.137900 0.183300 0.112300 0.211200 0.123100 0.276500 0.157800 0.150800 0.075000 0.128500 0.169600 0.174200 0.230700 0.221400 0.164000 0.195400 0.201700 0.075100 0.165000 0.155200 0.149200 0.144800 0.165200 0.111000 0.123700
Topi 0.118900 0.441600 0.172300 0.364200 0.129900 0.129100 0.099700 0.126400 0.130500 0.223300 0.076800 0.156300 0.000000 0.094100 0.161200 0.152900 0.255000 0.288300 0.086200 0.141800 0.121100 0.071800 0.226400 0.194100 0.086900 0.110100 0.015000 0.151900 0.129200 0.149100 0.246100 0.104300 0.279200 0.019900 0.071000 0.124200 0.087500 0.120900 0.153800 0.233200 0.236600 0.126400 0.230400 0.204300 0.113000 0.138900 0.129600 0.118700 0.125000 0.168100 0.125200 0.149900
CommonDuik 0.121200 0.454400 0.146700 0.357300 0.103900 0.126200 0.057500 0.083900 0.133200 0.208900 0.067500 0.124200 0.094100 0.000000 0.141300 0.115900 0.219500 0.239200 0.104500 0.144700 0.089700 0.073200 0.187000 0.185400 0.077700 0.089800 0.078900 0.155100 0.120200 0.141200 0.232000 0.062400 0.276800 0.083900 0.099800 0.115300 0.089200 0.083700 0.122200 0.198000 0.183500 0.106200 0.216000 0.195700 0.104000 0.118400 0.104300 0.104500 0.094000 0.171800 0.139400 0.141300
Suni 0.165300 0.480800 0.196800 0.384300 0.158700 0.170700 0.158700 0.139500 0.132800 0.283300 0.156100 0.169800 0.161200 0.141300 0.000000 0.199700 0.252200 0.258100 0.177000 0.155200 0.156300 0.139800 0.233700 0.247500 0.154900 0.157500 0.169400 0.164400 0.152200 0.163200 0.292400 0.151500 0.336400 0.174100 0.190500 0.161600 0.156000 0.150100 0.144200 0.253000 0.257100 0.174200 0.291000 0.257600 0.161900 0.181300 0.153400 0.152800 0.138000 0.231000 0.138100 0.163300
Springbuck 0.166500 0.494800 0.225100 0.429700 0.179400 0.173800 0.138400 0.108200 0.205500 0.235100 0.136200 0.203700 0.152900 0.115900 0.199700 0.000000 0.306700 0.316800 0.157100 0.217800 0.081600 0.120000 0.232200 0.245500 0.146500 0.081600 0.137800 0.202800 0.078600 0.209400 0.251700 0.143000 0.301600 0.137300 0.146900 0.189400 0.147300 0.164600 0.129500 0.238600 0.229100 0.097300 0.242300 0.242400 0.177600 0.155100 0.116700 0.133700 0.146400 0.229600 0.211300 0.215300
Okapi 0.271000 0.465300 0.241800 0.429800 0.241800 0.264100 0.220000 0.250100 0.202100 0.258600 0.235400 0.239100 0.255000 0.219500 0.252200 0.306700 0.000000 0.064200 0.286000 0.201900 0.242800 0.230000 0.240500 0.227900 0.233400 0.272700 0.238900 0.224600 0.262400 0.186200 0.282500 0.257600 0.252000 0.230600 0.269500 0.204500 0.261800 0.247300 0.282700 0.194100 0.237300 0.292600 0.266200 0.224400 0.205000 0.279200 0.250700 0.257600 0.225800 0.225600 0.208100 0.199000
Giraffe 0.277100 0.456600 0.261400 0.437700 0.282400 0.270100 0.239800 0.246900 0.233900 0.250700 0.254900 0.218400 0.288300 0.239200 0.258100 0.316800 0.064200 0.000000 0.306400 0.233700 0.253000 0.249400 0.226900 0.234000 0.266100 0.283000 0.272100 0.256800 0.271900 0.225100 0.274400 0.264100 0.258100 0.271100 0.281700 0.210700 0.281700 0.267000 0.278900 0.213400 0.237300 0.302800 0.258300 0.230500 0.211100 0.263600 0.273800 0.277500 0.266100 0.231700 0.240100 0.231000
TibetanAnt 0.101800 0.461300 0.170700 0.369100 0.145400 0.111900 0.115400 0.142300 0.157700 0.201700 0.060500 0.160900 0.086200 0.104500 0.177000 0.157100 0.286000 0.306400 0.000000 0.169300 0.136900 0.055600 0.205300 0.211300 0.070500 0.125800 0.082000 0.179500 0.155900 0.166100 0.224000 0.108800 0.296200 0.087000 0.113300 0.140800 0.070900 0.130800 0.169900 0.257000 0.214800 0.142200 0.208500 0.208600 0.141100 0.126100 0.122800 0.112100 0.129700 0.185100 0.152400 0.166200
Sitatunga 0.158100 0.454200 0.066200 0.421600 0.169400 0.168500 0.127100 0.166400 0.019600 0.242500 0.137300 0.115800 0.141800 0.144700 0.155200 0.217800 0.201900 0.233700 0.169300 0.000000 0.137700 0.132200 0.233000 0.213300 0.136200 0.173200 0.149600 0.019500 0.203600 0.024900 0.265400 0.155200 0.270400 0.154600 0.165500 0.084700 0.137200 0.160700 0.194800 0.218700 0.229900 0.190500 0.249800 0.223400 0.084900 0.185800 0.163800 0.152300 0.130600 0.174400 0.014700 0.035100
Oribi 0.136400 0.463800 0.168000 0.403600 0.147600 0.147500 0.084100 0.056000 0.137800 0.226700 0.104700 0.152200 0.121100 0.089700 0.156300 0.081600 0.242800 0.253000 0.136900 0.137700 0.000000 0.088700 0.217300 0.197300 0.115000 0.051100 0.105900 0.158900 0.080400 0.140400 0.249700 0.100000 0.293200 0.105500 0.138300 0.131800 0.115700 0.132700 0.092800 0.223200 0.214000 0.066700 0.233900 0.207500 0.120400 0.140300 0.080800 0.136000 0.115100 0.188400 0.143400 0.146000
BarbaryShe 0.055400 0.468400 0.150300 0.354600 0.124900 0.065700 0.078700 0.105400 0.109700 0.200600 0.025100 0.134900 0.071800 0.073200 0.139800 0.120000 0.230000 0.249400 0.055600 0.132200 0.088700 0.000000 0.204100 0.184100 0.034700 0.100300 0.056700 0.141800 0.118900 0.128600 0.223300 0.083500 0.280900 0.061700 0.077300 0.114600 0.035300 0.104700 0.132600 0.209700 0.200800 0.116700 0.207600 0.194400 0.114800 0.111800 0.119500 0.108700 0.093000 0.169800 0.126400 0.128700
Daviddeer 0.244600 0.471400 0.228600 0.410500 0.229600 0.242800 0.199400 0.236100 0.220000 0.127400 0.209500 0.198500 0.226400 0.187000 0.233700 0.232200 0.240500 0.226900 0.205300 0.233000 0.217300 0.204100 0.000000 0.123700 0.220500 0.192100 0.223600 0.243900 0.230200 0.217200 0.125700 0.197800 0.284600 0.228900 0.240200 0.177800 0.221800 0.208400 0.227300 0.110800 0.026100 0.210300 0.133700 0.122100 0.178100 0.242900 0.211800 0.205800 0.213700 0.172700 0.214300 0.217000
Reindeer 0.238300 0.451000 0.222200 0.379600 0.222600 0.236400 0.191900 0.216200 0.213400 0.132000 0.189600 0.191300 0.194100 0.185400 0.247500 0.245500 0.227900 0.234000 0.211300 0.213300 0.197300 0.184100 0.123700 0.000000 0.200700 0.171700 0.190900 0.224400 0.230000 0.197200 0.142400 0.196500 0.258700 0.196200 0.213900 0.144600 0.202000 0.201200 0.247300 0.102600 0.131800 0.189900 0.138500 0.032600 0.157600 0.236600 0.218200 0.198800 0.193700 0.177900 0.194600 0.210300
Ibex 0.080800 0.489600 0.160300 0.373600 0.129000 0.091200 0.094100 0.109600 0.124900 0.217200 0.009900 0.150600 0.086900 0.077700 0.154900 0.146500 0.233400 0.266100 0.070500 0.136200 0.115000 0.034700 0.220500 0.200700 0.000000 0.115700 0.072000 0.145600 0.145300 0.132700 0.240000 0.098800 0.297600 0.076900 0.092500 0.130400 0.040000 0.109000 0.136600 0.219400 0.217300 0.132100 0.224200 0.210900 0.130700 0.116000 0.123500 0.123700 0.108100 0.186200 0.130400 0.132700
GyrantGaze 0.143400 0.448900 0.193400 0.386500 0.137100 0.154000 0.095500 0.066800 0.161300 0.200800 0.105400 0.146800 0.110100 0.089800 0.157500 0.081600 0.272700 0.283000 0.125800 0.173200 0.051100 0.100300 0.192100 0.171700 0.115700 0.000000 0.106100 0.183600 0.081000 0.164400 0.223800 0.100200 0.281700 0.105700 0.138500 0.132100 0.116400 0.122200 0.093100 0.210300 0.188600 0.014900 0.207800 0.194900 0.120700 0.140600 0.081300 0.103700 0.104600 0.177000 0.155900 0.170100
Hartebeest 0.103900 0.449400 0.169100 0.363200 0.131500 0.114200 0.084400 0.111300 0.138100 0.220500 0.061800 0.152800 0.015000 0.078900 0.169400 0.137800 0.238900 0.272100 0.082000 0.149600 0.105900 0.056700 0.223600 0.190900 0.072000 0.106100 0.000000 0.160000 0.125400 0.146300 0.243800 0.089200 0.276600 0.005000 0.061500 0.132200 0.072400 0.111100 0.138700 0.216900 0.220500 0.122600 0.227600 0.201200 0.120800 0.123600 0.125900 0.114900 0.110000 0.189900 0.144300 0.146400
Bongo 0.179300 0.488400 0.075800 0.417400 0.178800 0.190600 0.148900 0.176700 0.029300 0.253600 0.146800 0.137900 0.151900 0.155100 0.164400 0.202800 0.224600 0.256800 0.179500 0.019500 0.158900 0.141800 0.243900 0.224400 0.145600 0.183600 0.160000 0.000000 0.212800 0.034800 0.276600 0.165500 0.280200 0.164900 0.175800 0.095000 0.146700 0.170200 0.205200 0.229800 0.240900 0.200900 0.261000 0.221300 0.095200 0.196300 0.173100 0.150400 0.140000 0.184300 0.024400 0.045000
Gerenuk 0.155400 0.498600 0.223100 0.433400 0.177900 0.160900 0.137300 0.085800 0.179700 0.232800 0.135100 0.183300 0.129200 0.120200 0.152200 0.078600 0.262400 0.271900 0.155900 0.203600 0.080400 0.118900 0.230200 0.230000 0.145300 0.081000 0.125400 0.212800 0.000000 0.195100 0.255500 0.130400 0.326100 0.125000 0.145700 0.163300 0.134700 0.163300 0.117400 0.243500 0.240300 0.096600 0.240000 0.240000 0.151800 0.159400 0.094600 0.155100 0.145200 0.214400 0.185300 0.200800
CommonElan 0.166700 0.436300 0.051200 0.421800 0.166000 0.177200 0.135000 0.157500 0.024900 0.226500 0.133800 0.112300 0.149100 0.141200 0.163200 0.209400 0.186200 0.225100 0.166100 0.024900 0.140400 0.128600 0.217200 0.197200 0.132700 0.164400 0.146300 0.034800 0.195100 0.000000 0.249600 0.151800 0.295700 0.138800 0.161500 0.069200 0.133600 0.157400 0.186200 0.202700 0.213800 0.181800 0.233800 0.207400 0.069400 0.182800 0.155000 0.148800 0.115500 0.170800 0.020000 0.020200
MuntiacusR 0.278000 0.511500 0.261100 0.454300 0.274800 0.275900 0.244700 0.255100 0.252200 0.031600 0.228800 0.211200 0.246100 0.232000 0.292400 0.251700 0.282500 0.274400 0.224000 0.265400 0.249700 0.223300 0.125700 0.142400 0.240000 0.223800 0.243800 0.276600 0.255500 0.249600 0.000000 0.235600 0.264800 0.248700 0.253100 0.209400 0.228100 0.253400 0.286900 0.166200 0.132900 0.242500 0.037200 0.140500 0.209900 0.276500 0.237200 0.236600 0.258600 0.218100 0.246300 0.249500
HarveysDui 0.131500 0.448200 0.162800 0.369800 0.136500 0.141900 0.062200 0.094100 0.143500 0.212700 0.088600 0.123100 0.104300 0.062400 0.151500 0.143000 0.257600 0.264100 0.108800 0.155200 0.100000 0.083500 0.197800 0.196500 0.098800 0.100200 0.089200 0.165500 0.130400 0.151800 0.235600 0.000000 0.287800 0.094200 0.110000 0.126000 0.099400 0.116200 0.115700 0.222500 0.194400 0.116500 0.219800 0.193900 0.114600 0.122800 0.119800 0.120100 0.104200 0.182800 0.149800 0.151900
Pronghorn 0.322500 0.494100 0.312700 0.429900 0.285500 0.315600 0.263800 0.329100 0.284200 0.241900 0.286300 0.276500 0.279200 0.276800 0.336400 0.301600 0.252000 0.258100 0.296200 0.270400 0.293200 0.280900 0.284600 0.258700 0.297600 0.281700 0.276600 0.280200 0.326100 0.295700 0.264800 0.287800 0.000000 0.281700 0.253300 0.290000 0.285900 0.291400 0.348400 0.265000 0.282100 0.301200 0.249100 0.269100 0.290700 0.345800 0.321300 0.273800 0.295100 0.291800 0.276900 0.295700
BlueWildeb 0.108900 0.436400 0.174100 0.368800 0.124900 0.119100 0.089500 0.110800 0.143100 0.225700 0.066800 0.157800 0.019900 0.083900 0.174100 0.137300 0.230600 0.271100 0.087000 0.154600 0.105500 0.061700 0.228900 0.196200 0.076900 0.105700 0.005000 0.164900 0.125000 0.138800 0.248700 0.094200 0.281700 0.000000 0.066200 0.137400 0.077400 0.116000 0.138200 0.222200 0.225700 0.122200 0.232800 0.206400 0.125900 0.128600 0.125500 0.119800 0.103800 0.195200 0.149300 0.151400
Gemsbok 0.113400 0.493300 0.173300 0.383000 0.152000 0.123600 0.105300 0.143600 0.153800 0.230200 0.082300 0.150800 0.071000 0.099800 0.190500 0.146900 0.269500 0.281700 0.113300 0.165500 0.138300 0.077300 0.240200 0.213900 0.092500 0.138500 0.061500 0.175800 0.145700 0.161500 0.253100 0.110000 0.253300 0.066200 0.000000 0.148500 0.093000 0.137200 0.165800 0.240000 0.237200 0.155300 0.237400 0.224100 0.148800 0.144700 0.152800 0.124400 0.114300 0.200600 0.160100 0.162400
Yak 0.153000 0.444700 0.091200 0.374800 0.164600 0.163800 0.121300 0.137400 0.084700 0.186300 0.119800 0.075000 0.124200 0.115300 0.161600 0.189400 0.204500 0.210700 0.140800 0.084700 0.131800 0.114600 0.177800 0.144600 0.130400 0.132100 0.132200 0.095000 0.163300 0.069200 0.209400 0.126000 0.290000 0.137400 0.148500 0.000000 0.131200 0.143600 0.166200 0.188600 0.200300 0.149400 0.193400 0.155100 0.010600 0.168800 0.134900 0.129400 0.124500 0.131500 0.068400 0.080300
BlueSheep 0.070800 0.463800 0.154400 0.376300 0.129800 0.081200 0.094700 0.121500 0.125800 0.205500 0.030100 0.128500 0.087500 0.089200 0.156000 0.147300 0.261800 0.281700 0.070900 0.137200 0.115700 0.035300 0.221800 0.202000 0.040000 0.116400 0.072400 0.146700 0.134700 0.133600 0.228100 0.099400 0.285900 0.077400 0.093000 0.131200 0.000000 0.109700 0.149000 0.234300 0.218700 0.132900 0.212400 0.212200 0.131500 0.105500 0.124400 0.124500 0.097900 0.187400 0.130400 0.133700
BohorReedb 0.147600 0.465600 0.179600 0.385100 0.019200 0.153200 0.111600 0.127100 0.149000 0.244100 0.109800 0.169600 0.120900 0.083700 0.150100 0.164600 0.247300 0.267000 0.130800 0.160700 0.132700 0.104700 0.208400 0.201200 0.109000 0.122200 0.111100 0.170200 0.163300 0.157400 0.253400 0.116200 0.291400 0.116000 0.137200 0.143600 0.109700 0.000000 0.154800 0.220100 0.192200 0.138800 0.251400 0.211500 0.143900 0.145600 0.152700 0.130200 0.103300 0.193600 0.154600 0.157500
KirksDik 0.158500 0.459100 0.228200 0.434600 0.169600 0.168900 0.116500 0.076400 0.182800 0.277600 0.137800 0.174200 0.153800 0.122200 0.144200 0.129500 0.282700 0.278900 0.169900 0.194800 0.092800 0.132600 0.227300 0.247300 0.136600 0.093100 0.138700 0.205200 0.117400 0.186200 0.286900 0.115700 0.348400 0.138200 0.165800 0.166200 0.149000 0.154800 0.000000 0.247000 0.237400 0.109100 0.285400 0.257700 0.154500 0.162100 0.123400 0.170100 0.148300 0.212700 0.189400 0.192000
RoeDeer 0.265100 0.457000 0.241100 0.421800 0.241600 0.256700 0.218000 0.242500 0.212700 0.155900 0.221400 0.230700 0.233200 0.198000 0.253000 0.238600 0.194100 0.213400 0.257000 0.218700 0.223200 0.209700 0.110800 0.102600 0.219400 0.210300 0.216900 0.229800 0.243500 0.202700 0.166200 0.222500 0.265000 0.222200 0.240000 0.188600 0.234300 0.220100 0.247000 0.000000 0.100300 0.229200 0.162600 0.107400 0.195900 0.264000 0.264000 0.243900 0.212100 0.197200 0.213000 0.202600
WhiteLippe 0.249000 0.476100 0.225500 0.425900 0.213400 0.247200 0.196000 0.233000 0.216800 0.134700 0.206200 0.221400 0.236600 0.183500 0.257100 0.229100 0.237300 0.237300 0.214800 0.229900 0.214000 0.200800 0.026100 0.131800 0.217300 0.188600 0.220500 0.240900 0.240300 0.213800 0.132900 0.194400 0.282100 0.225700 0.237200 0.200300 0.218700 0.192200 0.237400 0.100300 0.000000 0.207000 0.141900 0.130000 0.200700 0.240000 0.221500 0.202500 0.197500 0.182000 0.224200 0.213800
ThomsonGaz 0.160200 0.465400 0.211200 0.401400 0.153700 0.170900 0.111900 0.082600 0.178400 0.219300 0.121800 0.164000 0.126400 0.106200 0.174200 0.097300 0.292600 0.302800 0.142200 0.190500 0.066700 0.116700 0.210300 0.189900 0.132100 0.014900 0.122600 0.200900 0.096600 0.181800 0.242500 0.116500 0.301200 0.122200 0.155300 0.149400 0.132900 0.138800 0.109100 0.229200 0.207000 0.000000 0.226500 0.213300 0.137800 0.145900 0.097000 0.119800 0.120900 0.182600 0.172900 0.187600
MuntiacusC 0.262300 0.492300 0.245400 0.436300 0.273100 0.260100 0.228800 0.253200 0.236500 0.016000 0.213000 0.195400 0.230400 0.216000 0.291000 0.242300 0.266200 0.258300 0.208500 0.249800 0.233900 0.207600 0.133700 0.138500 0.224200 0.207800 0.227600 0.261000 0.240000 0.233800 0.037200 0.219800 0.249100 0.232800 0.237400 0.193400 0.212400 0.251400 0.285400 0.162600 0.141900 0.226500 0.000000 0.136600 0.193900 0.260500 0.221800 0.221200 0.243000 0.201800 0.230600 0.233800
WhiteTaile 0.248500 0.484800 0.232400 0.391800 0.232800 0.246600 0.202400 0.226400 0.223500 0.130100 0.199800 0.201700 0.204300 0.195700 0.257600 0.242400 0.224400 0.230500 0.208600 0.223400 0.207500 0.194400 0.122100 0.032600 0.210900 0.194900 0.201200 0.221300 0.240000 0.207400 0.140500 0.193900 0.269100 0.206400 0.224100 0.155100 0.212200 0.211500 0.257700 0.107400 0.130000 0.213300 0.136600 0.000000 0.168000 0.233400 0.215200 0.209100 0.203900 0.188500 0.204700 0.220500
Cattle 0.153300 0.427200 0.091400 0.375600 0.164900 0.164100 0.109900 0.125900 0.084900 0.186800 0.120000 0.075100 0.113000 0.104000 0.161900 0.177600 0.205000 0.211100 0.141100 0.084900 0.120400 0.114800 0.178100 0.157600 0.130700 0.120700 0.120800 0.095200 0.151800 0.069400 0.209900 0.114600 0.290700 0.125900 0.148800 0.010600 0.131500 0.143900 0.154500 0.195900 0.200700 0.137800 0.193900 0.168000 0.000000 0.169100 0.135200 0.129600 0.136500 0.131700 0.068500 0.080500
RoyalAntel 0.137800 0.418200 0.193800 0.380100 0.166100 0.148300 0.129700 0.134100 0.173700 0.253000 0.105600 0.165000 0.138900 0.118400 0.181300 0.155100 0.279200 0.263600 0.126100 0.185800 0.140300 0.111800 0.242900 0.236600 0.116000 0.140600 0.123600 0.196300 0.159400 0.182800 0.276500 0.122800 0.345800 0.128600 0.144700 0.168800 0.105500 0.145600 0.162100 0.264000 0.240000 0.145900 0.260500 0.233400 0.169100 0.000000 0.132000 0.131700 0.121300 0.203000 0.180300 0.182900
Steenbok 0.151100 0.468900 0.170400 0.407700 0.167300 0.162200 0.126600 0.075700 0.152200 0.214700 0.113500 0.155200 0.129600 0.104300 0.153400 0.116700 0.250700 0.273800 0.122800 0.163800 0.080800 0.119500 0.211800 0.218200 0.123500 0.081300 0.125900 0.173100 0.094600 0.155000 0.237200 0.119800 0.321300 0.125500 0.152800 0.134900 0.124400 0.152700 0.123400 0.264000 0.221500 0.097000 0.221800 0.215200 0.135200 0.132000 0.000000 0.123000 0.118700 0.196400 0.146200 0.160600
Impala 0.139700 0.464700 0.164500 0.361900 0.150100 0.150600 0.110100 0.142500 0.140800 0.214200 0.113700 0.149200 0.118700 0.104500 0.152800 0.133700 0.257600 0.277500 0.112100 0.152300 0.136000 0.108700 0.205800 0.198800 0.123700 0.103700 0.114900 0.150400 0.155100 0.148800 0.236600 0.120100 0.273800 0.119800 0.124400 0.129400 0.124500 0.130200 0.170100 0.243900 0.202500 0.119800 0.221200 0.209100 0.129600 0.131700 0.123000 0.000000 0.096300 0.196700 0.135000 0.148900
Klipspring 0.102100 0.447100 0.148500 0.381200 0.101200 0.112700 0.099600 0.121000 0.119300 0.235800 0.098000 0.144800 0.125000 0.094000 0.138000 0.146400 0.225800 0.266100 0.129700 0.130600 0.115100 0.093000 0.213700 0.193700 0.108100 0.104600 0.110000 0.140000 0.145200 0.115500 0.258600 0.104200 0.295100 0.103800 0.114300 0.124500 0.097900 0.103300 0.148300 0.212100 0.197500 0.120900 0.243000 0.203900 0.136500 0.121300 0.118700 0.096300 0.000000 0.191900 0.124700 0.127000
ForestMusk 0.222900 0.489200 0.181600 0.404000 0.202400 0.235600 0.178200 0.195100 0.162100 0.194700 0.175200 0.165200 0.168100 0.171800 0.231000 0.229600 0.225600 0.231700 0.185100 0.174400 0.188400 0.169800 0.172700 0.177900 0.186200 0.177000 0.189900 0.184300 0.214400 0.170800 0.218100 0.182800 0.291800 0.195200 0.200600 0.131500 0.187400 0.193600 0.212700 0.197200 0.182000 0.182600 0.201800 0.188500 0.131700 0.203000 0.196400 0.196700 0.191900 0.000000 0.155700 0.170800
Bushbuck 0.163800 0.459000 0.060300 0.397100 0.163400 0.175000 0.133300 0.161000 0.014700 0.223500 0.131400 0.111000 0.125200 0.139400 0.138100 0.211300 0.208100 0.240100 0.152400 0.014700 0.143400 0.126400 0.214300 0.194600 0.130400 0.155900 0.144300 0.024400 0.185300 0.020000 0.246300 0.149800 0.276900 0.149300 0.160100 0.068400 0.130400 0.154600 0.189400 0.213000 0.224200 0.172900 0.230600 0.204700 0.068500 0.180300 0.146200 0.135000 0.124700 0.155700 0.000000 0.030100
GreaterKud 0.166800 0.445600 0.061800 0.395700 0.178100 0.177400 0.135100 0.163200 0.035100 0.226500 0.133800 0.123700 0.149900 0.141300 0.163300 0.215300 0.199000 0.231000 0.166200 0.035100 0.146000 0.128700 0.217000 0.210300 0.132700 0.170100 0.146400 0.045000 0.200800 0.020200 0.249500 0.151900 0.295700 0.151400 0.162400 0.080300 0.133700 0.157500 0.192000 0.202600 0.213800 0.187600 0.233800 0.220500 0.080500 0.182900 0.160600 0.148900 0.127000 0.170800 0.030100 0.000000
