CODONML (in paml version 4.10.7, June 2023)  /home/rachel/ruminants_paml/6406-phy-tree/ENSBTAT00000002168.fasta.phy
Model: free dN/dS Ratios for branches,  kappa = 2.000 fixed

Codon frequency model: F3x4
ns =  54  ls =  68

Codon usage in sequences
--------------------------------------------------------------------------------------------------------------------------------------
Phe TTT   1   1   1   1   2   1 | Ser TCT   1   1   1   1   1   1 | Tyr TAT   2   2   2   2   2   2 | Cys TGT   1   1   1   1   1   1
    TTC   2   2   2   2   1   2 |     TCC   3   3   3   3   3   3 |     TAC   2   2   2   2   2   2 |     TGC   1   1   1   1   1   1
Leu TTA   2   1   2   2   1   2 |     TCA   0   0   0   0   0   0 | *** TAA   0   0   0   0   0   0 | *** TGA   0   0   0   0   0   0
    TTG   0   1   0   0   1   0 |     TCG   0   0   0   0   0   0 |     TAG   0   0   0   0   0   0 | Trp TGG   0   0   0   0   0   0
--------------------------------------------------------------------------------------------------------------------------------------
Leu CTT   0   0   0   0   0   0 | Pro CCT   0   0   0   0   0   0 | His CAT   0   0   0   0   0   1 | Arg CGT   0   0   0   0   0   0
    CTC   1   2   1   1   1   1 |     CCC   1   1   1   1   1   1 |     CAC   2   3   2   2   2   2 |     CGC   1   0   1   1   1   0
    CTA   1   0   0   0   0   0 |     CCA   0   0   0   1   1   0 | Gln CAA   1   1   1   1   1   1 |     CGA   0   0   0   0   0   0
    CTG   3   3   4   4   4   4 |     CCG   1   1   1   0   0   1 |     CAG   0   0   0   0   0   0 |     CGG   0   0   0   0   0   0
--------------------------------------------------------------------------------------------------------------------------------------
Ile ATT   0   0   0   0   0   0 | Thr ACT   1   1   1   1   1   2 | Asn AAT   2   2   2   2   4   3 | Ser AGT   2   2   2   1   0   1
    ATC   3   3   4   4   2   2 |     ACC   2   1   2   1   2   1 |     AAC   1   1   1   1   0   0 |     AGC   1   2   1   2   2   2
    ATA   0   0   0   0   1   1 |     ACA   1   1   1   2   1   1 | Lys AAA   1   1   1   1   1   1 | Arg AGA   2   2   2   2   2   2
Met ATG   2   2   2   2   2   2 |     ACG   0   0   0   0   0   0 |     AAG   1   1   1   1   1   1 |     AGG   2   2   2   2   2   2
--------------------------------------------------------------------------------------------------------------------------------------
Val GTT   0   0   0   0   0   0 | Ala GCT   1   1   1   1   1   1 | Asp GAT   3   2   4   3   4   3 | Gly GGT   3   2   3   1   3   3
    GTC   1   0   0   0   1   1 |     GCC   0   0   0   0   0   0 |     GAC   1   2   0   1   0   1 |     GGC   2   2   2   3   2   2
    GTA   0   1   0   0   1   1 |     GCA   0   0   0   0   0   0 | Glu GAA   5   5   5   5   4   4 |     GGA   2   2   2   2   3   2
    GTG   1   1   1   1   0   0 |     GCG   0   0   0   0   0   0 |     GAG   1   1   1   1   2   2 |     GGG   1   2   1   2   0   1
--------------------------------------------------------------------------------------------------------------------------------------

--------------------------------------------------------------------------------------------------------------------------------------
Phe TTT   1   1   1   2   1   2 | Ser TCT   1   1   1   1   1   1 | Tyr TAT   3   2   2   2   2   2 | Cys TGT   1   1   1   1   1   1
    TTC   2   2   2   1   2   1 |     TCC   3   3   3   3   3   3 |     TAC   1   2   2   2   2   2 |     TGC   1   1   1   1   1   1
Leu TTA   2   2   2   2   2   1 |     TCA   0   0   0   0   0   0 | *** TAA   0   0   0   0   0   0 | *** TGA   0   0   0   0   0   0
    TTG   0   0   0   0   0   1 |     TCG   0   0   0   0   0   0 |     TAG   0   0   0   0   0   0 | Trp TGG   0   0   0   0   0   0
--------------------------------------------------------------------------------------------------------------------------------------
Leu CTT   0   0   1   0   0   0 | Pro CCT   0   0   0   0   0   0 | His CAT   0   0   0   0   0   0 | Arg CGT   0   0   0   0   0   0
    CTC   1   1   0   1   1   1 |     CCC   1   1   1   1   1   1 |     CAC   2   2   2   2   2   2 |     CGC   1   1   1   1   1   1
    CTA   0   0   0   0   0   0 |     CCA   0   0   0   0   0   0 | Gln CAA   1   1   1   1   1   1 |     CGA   0   0   0   0   0   0
    CTG   4   4   4   5   4   4 |     CCG   1   1   1   1   1   1 |     CAG   0   0   0   0   0   0 |     CGG   0   0   0   0   0   0
--------------------------------------------------------------------------------------------------------------------------------------
Ile ATT   1   0   0   0   0   0 | Thr ACT   1   1   1   1   1   1 | Asn AAT   2   2   2   2   2   3 | Ser AGT   2   2   2   2   2   2
    ATC   2   3   4   3   4   3 |     ACC   2   2   2   2   2   2 |     AAC   1   1   1   1   1   0 |     AGC   1   1   1   1   1   1
    ATA   0   0   0   0   0   0 |     ACA   1   1   1   1   0   1 | Lys AAA   1   1   1   1   1   1 | Arg AGA   2   2   2   2   2   2
Met ATG   2   2   2   1   2   2 |     ACG   0   0   0   0   1   0 |     AAG   1   1   1   1   1   1 |     AGG   2   2   2   2   2   2
--------------------------------------------------------------------------------------------------------------------------------------
Val GTT   0   0   0   0   0   0 | Ala GCT   1   1   1   1   1   1 | Asp GAT   3   3   3   3   3   3 | Gly GGT   3   3   3   3   3   2
    GTC   1   1   0   1   0   1 |     GCC   0   0   0   0   0   0 |     GAC   1   1   1   1   1   1 |     GGC   2   2   2   2   2   2
    GTA   0   0   0   0   0   0 |     GCA   0   0   0   0   0   0 | Glu GAA   5   5   5   5   5   5 |     GGA   2   2   2   2   2   3
    GTG   1   1   1   1   1   1 |     GCG   0   0   0   0   0   0 |     GAG   1   1   1   1   1   1 |     GGG   1   1   1   1   1   1
--------------------------------------------------------------------------------------------------------------------------------------

--------------------------------------------------------------------------------------------------------------------------------------
Phe TTT   1   1   1   1   1   1 | Ser TCT   1   1   1   1   1   1 | Tyr TAT   2   2   2   2   2   2 | Cys TGT   1   1   1   1   1   1
    TTC   2   2   2   2   2   2 |     TCC   3   3   3   3   3   3 |     TAC   2   2   2   2   2   2 |     TGC   1   1   1   1   1   1
Leu TTA   2   2   2   2   2   2 |     TCA   0   0   0   0   0   0 | *** TAA   0   0   0   0   0   0 | *** TGA   0   0   0   0   0   0
    TTG   0   0   1   0   0   0 |     TCG   0   0   0   0   0   0 |     TAG   0   0   0   0   0   0 | Trp TGG   0   0   0   0   0   0
--------------------------------------------------------------------------------------------------------------------------------------
Leu CTT   0   0   0   0   0   0 | Pro CCT   0   0   0   0   0   0 | His CAT   0   0   0   0   0   0 | Arg CGT   0   0   0   0   0   0
    CTC   1   1   1   1   1   1 |     CCC   1   1   1   1   1   1 |     CAC   2   2   2   2   2   2 |     CGC   1   1   1   1   1   1
    CTA   0   0   0   0   0   0 |     CCA   0   0   0   0   1   0 | Gln CAA   1   1   1   1   1   1 |     CGA   0   0   0   0   0   0
    CTG   4   4   4   4   4   4 |     CCG   1   1   1   1   0   1 |     CAG   0   0   0   0   0   0 |     CGG   0   0   0   0   0   0
--------------------------------------------------------------------------------------------------------------------------------------
Ile ATT   0   0   0   0   0   0 | Thr ACT   1   1   1   1   1   1 | Asn AAT   2   2   2   3   3   2 | Ser AGT   2   1   2   2   2   2
    ATC   3   4   3   4   4   3 |     ACC   2   2   2   2   2   2 |     AAC   1   1   1   0   0   1 |     AGC   1   2   1   1   1   1
    ATA   0   0   0   0   0   0 |     ACA   1   0   1   1   1   1 | Lys AAA   1   1   1   1   1   1 | Arg AGA   2   2   2   2   2   2
Met ATG   2   2   1   2   2   2 |     ACG   0   1   0   0   0   0 |     AAG   1   1   1   1   1   1 |     AGG   2   2   2   2   2   2
--------------------------------------------------------------------------------------------------------------------------------------
Val GTT   0   0   0   0   0   0 | Ala GCT   1   1   1   1   1   1 | Asp GAT   3   3   3   3   3   3 | Gly GGT   3   2   3   2   3   3
    GTC   1   0   1   0   0   1 |     GCC   0   0   0   0   0   0 |     GAC   1   1   1   1   1   1 |     GGC   2   3   2   4   2   2
    GTA   0   0   0   0   0   0 |     GCA   0   0   0   0   0   0 | Glu GAA   5   5   5   5   5   5 |     GGA   2   2   2   2   2   2
    GTG   1   1   1   1   1   1 |     GCG   0   0   0   0   0   0 |     GAG   1   1   1   1   1   1 |     GGG   1   1   1   0   1   1
--------------------------------------------------------------------------------------------------------------------------------------

--------------------------------------------------------------------------------------------------------------------------------------
Phe TTT   0   1   1   1   2   1 | Ser TCT   1   1   1   1   1   1 | Tyr TAT   2   2   2   2   2   2 | Cys TGT   1   1   1   1   1   1
    TTC   3   2   2   2   1   2 |     TCC   3   3   3   3   3   3 |     TAC   2   2   2   2   2   2 |     TGC   1   1   1   1   1   1
Leu TTA   2   2   2   2   2   2 |     TCA   0   0   0   0   0   0 | *** TAA   0   0   0   0   0   0 | *** TGA   0   0   0   0   0   0
    TTG   0   0   0   0   0   0 |     TCG   0   0   0   0   0   0 |     TAG   0   0   0   0   0   0 | Trp TGG   0   0   0   0   0   0
--------------------------------------------------------------------------------------------------------------------------------------
Leu CTT   0   0   0   0   0   0 | Pro CCT   0   0   0   0   0   0 | His CAT   0   0   0   0   0   0 | Arg CGT   0   0   0   0   0   0
    CTC   1   1   1   1   1   1 |     CCC   1   1   1   1   1   1 |     CAC   2   2   2   2   2   2 |     CGC   1   1   1   1   1   1
    CTA   0   0   0   0   0   0 |     CCA   0   0   0   0   0   0 | Gln CAA   1   1   1   1   1   1 |     CGA   0   0   0   0   0   0
    CTG   4   4   4   4   4   4 |     CCG   1   1   1   1   1   1 |     CAG   0   0   0   0   0   0 |     CGG   0   0   0   0   0   0
--------------------------------------------------------------------------------------------------------------------------------------
Ile ATT   0   0   0   0   0   0 | Thr ACT   1   1   1   1   1   1 | Asn AAT   3   3   2   2   2   3 | Ser AGT   2   2   2   2   2   2
    ATC   3   4   3   4   3   3 |     ACC   2   2   2   2   2   2 |     AAC   0   0   1   1   1   0 |     AGC   1   1   1   1   1   1
    ATA   0   0   0   0   0   0 |     ACA   1   1   1   0   1   1 | Lys AAA   1   1   1   1   1   1 | Arg AGA   2   2   2   2   2   2
Met ATG   2   2   2   2   2   2 |     ACG   0   0   0   1   0   0 |     AAG   1   1   1   1   1   1 |     AGG   2   2   2   2   2   2
--------------------------------------------------------------------------------------------------------------------------------------
Val GTT   0   0   0   0   0   0 | Ala GCT   1   1   1   1   1   1 | Asp GAT   4   4   3   3   3   3 | Gly GGT   2   2   3   3   3   3
    GTC   1   0   1   0   1   1 |     GCC   0   0   0   0   0   0 |     GAC   1   1   1   1   1   1 |     GGC   2   2   2   2   2   2
    GTA   0   0   0   0   0   0 |     GCA   0   0   0   0   0   0 | Glu GAA   5   5   5   5   5   5 |     GGA   2   2   2   2   2   2
    GTG   1   1   1   1   1   1 |     GCG   0   0   0   0   0   0 |     GAG   0   0   1   1   1   1 |     GGG   2   2   1   1   1   1
--------------------------------------------------------------------------------------------------------------------------------------

--------------------------------------------------------------------------------------------------------------------------------------
Phe TTT   2   2   1   1   1   1 | Ser TCT   1   1   1   1   1   1 | Tyr TAT   2   2   2   2   2   2 | Cys TGT   1   1   1   1   1   1
    TTC   1   1   2   2   2   2 |     TCC   3   3   3   3   3   3 |     TAC   2   2   2   2   2   2 |     TGC   1   1   1   1   1   1
Leu TTA   1   1   2   2   2   2 |     TCA   0   0   0   0   0   0 | *** TAA   0   0   0   0   0   0 | *** TGA   0   0   0   0   0   0
    TTG   1   1   0   0   0   0 |     TCG   0   0   0   0   0   0 |     TAG   0   0   0   0   0   0 | Trp TGG   0   0   0   0   0   0
--------------------------------------------------------------------------------------------------------------------------------------
Leu CTT   0   0   0   0   0   0 | Pro CCT   0   0   0   0   0   0 | His CAT   0   0   0   0   0   0 | Arg CGT   0   0   0   0   0   0
    CTC   1   1   1   1   1   1 |     CCC   1   1   1   1   1   1 |     CAC   2   2   2   2   2   2 |     CGC   1   1   1   1   1   1
    CTA   0   0   0   0   0   0 |     CCA   0   0   0   0   0   0 | Gln CAA   1   1   1   1   1   1 |     CGA   0   0   0   0   0   0
    CTG   4   4   4   4   4   4 |     CCG   1   1   1   1   1   1 |     CAG   0   0   0   0   0   0 |     CGG   0   0   0   0   0   0
--------------------------------------------------------------------------------------------------------------------------------------
Ile ATT   0   0   0   0   0   0 | Thr ACT   1   1   1   1   1   1 | Asn AAT   3   3   2   2   2   2 | Ser AGT   2   2   2   2   2   2
    ATC   2   2   3   3   3   4 |     ACC   2   2   2   2   2   2 |     AAC   0   0   1   1   1   1 |     AGC   1   1   1   1   1   1
    ATA   0   0   0   0   0   0 |     ACA   1   1   1   1   1   1 | Lys AAA   1   1   1   1   1   1 | Arg AGA   2   2   2   2   2   2
Met ATG   2   2   2   2   2   2 |     ACG   0   0   0   0   0   0 |     AAG   1   1   1   1   1   1 |     AGG   2   2   2   2   2   2
--------------------------------------------------------------------------------------------------------------------------------------
Val GTT   0   0   0   0   0   0 | Ala GCT   1   1   1   1   1   1 | Asp GAT   3   3   3   3   3   3 | Gly GGT   2   2   3   3   3   3
    GTC   2   2   1   1   1   0 |     GCC   0   0   0   0   0   0 |     GAC   1   1   1   1   1   1 |     GGC   2   2   2   2   2   2
    GTA   0   0   0   0   0   0 |     GCA   0   0   0   0   0   0 | Glu GAA   5   5   5   5   5   5 |     GGA   3   3   2   2   2   2
    GTG   1   1   1   1   1   1 |     GCG   0   0   0   0   0   0 |     GAG   1   1   1   1   1   1 |     GGG   1   1   1   1   1   1
--------------------------------------------------------------------------------------------------------------------------------------

--------------------------------------------------------------------------------------------------------------------------------------
Phe TTT   1   1   2   1   1   1 | Ser TCT   1   1   1   1   1   1 | Tyr TAT   2   2   2   2   2   2 | Cys TGT   1   1   1   1   1   1
    TTC   2   2   1   2   2   2 |     TCC   3   3   3   3   3   3 |     TAC   2   2   2   2   2   2 |     TGC   1   1   1   1   1   1
Leu TTA   2   2   1   2   2   2 |     TCA   0   0   0   0   0   0 | *** TAA   0   0   0   0   0   0 | *** TGA   0   0   0   0   0   0
    TTG   0   0   0   0   0   0 |     TCG   0   0   0   0   0   0 |     TAG   0   0   0   0   0   0 | Trp TGG   0   0   0   0   0   0
--------------------------------------------------------------------------------------------------------------------------------------
Leu CTT   0   0   0   0   0   0 | Pro CCT   0   0   0   0   0   0 | His CAT   0   0   0   0   0   0 | Arg CGT   0   0   0   0   0   0
    CTC   1   1   1   1   1   1 |     CCC   1   1   1   1   1   1 |     CAC   2   2   2   2   2   2 |     CGC   1   1   1   1   1   1
    CTA   0   0   0   0   0   0 |     CCA   0   0   0   0   0   0 | Gln CAA   1   1   1   1   1   1 |     CGA   0   0   0   0   0   0
    CTG   4   4   5   4   4   4 |     CCG   1   1   1   1   1   1 |     CAG   0   0   0   0   0   0 |     CGG   0   0   0   0   0   0
--------------------------------------------------------------------------------------------------------------------------------------
Ile ATT   0   0   0   0   0   0 | Thr ACT   1   1   1   1   1   1 | Asn AAT   2   2   3   2   3   2 | Ser AGT   2   2   2   2   2   2
    ATC   3   4   2   4   3   3 |     ACC   2   2   2   2   2   2 |     AAC   1   1   0   1   0   1 |     AGC   1   1   1   1   1   1
    ATA   0   0   0   0   0   0 |     ACA   1   1   1   1   1   1 | Lys AAA   1   1   1   1   1   1 | Arg AGA   2   2   2   2   2   2
Met ATG   2   2   2   2   2   2 |     ACG   0   0   0   0   0   0 |     AAG   1   1   1   1   1   1 |     AGG   2   2   2   2   2   2
--------------------------------------------------------------------------------------------------------------------------------------
Val GTT   0   0   0   0   0   0 | Ala GCT   1   1   1   1   1   1 | Asp GAT   3   3   3   3   3   3 | Gly GGT   3   3   2   3   2   3
    GTC   1   0   2   0   1   1 |     GCC   0   0   0   0   0   0 |     GAC   1   1   1   1   1   1 |     GGC   2   2   2   2   2   2
    GTA   0   0   0   0   0   0 |     GCA   0   0   0   0   0   0 | Glu GAA   5   5   5   5   4   5 |     GGA   2   2   3   2   2   2
    GTG   1   1   1   1   1   1 |     GCG   0   0   0   0   0   0 |     GAG   1   1   1   1   2   1 |     GGG   1   1   1   1   2   1
--------------------------------------------------------------------------------------------------------------------------------------

--------------------------------------------------------------------------------------------------------------------------------------
Phe TTT   1   1   1   1   1   2 | Ser TCT   1   1   1   1   2   1 | Tyr TAT   2   2   2   2   2   2 | Cys TGT   1   1   1   1   1   1
    TTC   2   2   2   2   2   1 |     TCC   3   3   3   3   2   3 |     TAC   2   2   2   2   2   2 |     TGC   1   1   1   1   1   1
Leu TTA   2   2   2   2   2   1 |     TCA   0   0   0   0   0   0 | *** TAA   0   0   0   0   0   0 | *** TGA   0   0   0   0   0   0
    TTG   0   0   0   0   0   2 |     TCG   0   0   0   0   0   0 |     TAG   0   0   0   0   0   0 | Trp TGG   0   0   0   0   0   0
--------------------------------------------------------------------------------------------------------------------------------------
Leu CTT   0   0   0   0   0   0 | Pro CCT   0   0   0   0   0   0 | His CAT   0   0   0   0   0   0 | Arg CGT   0   0   0   0   0   0
    CTC   1   1   1   1   1   1 |     CCC   1   1   1   1   1   1 |     CAC   2   2   2   2   2   2 |     CGC   1   1   1   1   1   1
    CTA   0   0   0   0   0   0 |     CCA   0   0   0   0   0   0 | Gln CAA   1   1   1   1   1   1 |     CGA   0   0   0   0   0   0
    CTG   4   4   4   4   4   3 |     CCG   1   1   1   1   1   1 |     CAG   0   0   0   0   0   0 |     CGG   0   0   0   0   0   0
--------------------------------------------------------------------------------------------------------------------------------------
Ile ATT   0   0   0   1   0   0 | Thr ACT   1   1   1   1   1   1 | Asn AAT   2   3   2   3   2   3 | Ser AGT   2   3   2   2   2   2
    ATC   3   4   3   2   3   2 |     ACC   2   1   2   2   2   2 |     AAC   1   1   1   0   1   0 |     AGC   1   0   1   1   1   1
    ATA   0   0   0   0   0   0 |     ACA   1   1   1   1   1   1 | Lys AAA   1   2   1   1   1   1 | Arg AGA   2   1   2   2   1   2
Met ATG   2   2   2   2   2   2 |     ACG   0   0   0   0   0   0 |     AAG   1   1   1   1   1   1 |     AGG   2   2   2   2   3   2
--------------------------------------------------------------------------------------------------------------------------------------
Val GTT   0   0   0   0   0   0 | Ala GCT   1   1   1   1   1   1 | Asp GAT   3   3   3   3   3   3 | Gly GGT   3   2   3   3   3   2
    GTC   1   0   1   1   1   2 |     GCC   0   0   0   0   0   0 |     GAC   1   1   1   1   1   1 |     GGC   2   3   2   2   2   2
    GTA   0   0   0   0   0   0 |     GCA   0   0   0   0   0   0 | Glu GAA   5   5   5   5   5   5 |     GGA   2   2   2   2   2   3
    GTG   1   1   1   1   1   1 |     GCG   0   0   0   0   0   0 |     GAG   1   1   1   1   1   1 |     GGG   1   1   1   1   1   1
--------------------------------------------------------------------------------------------------------------------------------------

--------------------------------------------------------------------------------------------------------------------------------------
Phe TTT   2   1   2   2   1   1 | Ser TCT   1   1   1   1   1   1 | Tyr TAT   2   2   2   2   2   2 | Cys TGT   1   1   1   1   1   1
    TTC   1   2   1   1   2   2 |     TCC   3   3   3   3   3   3 |     TAC   2   2   2   2   2   2 |     TGC   1   1   1   1   1   1
Leu TTA   1   2   1   1   2   2 |     TCA   0   0   0   0   0   0 | *** TAA   0   0   0   0   0   0 | *** TGA   0   0   0   0   0   0
    TTG   1   0   1   1   0   1 |     TCG   0   0   0   0   0   0 |     TAG   0   0   0   0   0   0 | Trp TGG   0   0   0   0   0   0
--------------------------------------------------------------------------------------------------------------------------------------
Leu CTT   0   0   0   0   0   0 | Pro CCT   0   0   0   0   0   0 | His CAT   0   0   0   0   0   0 | Arg CGT   0   0   0   0   0   0
    CTC   1   1   1   1   1   1 |     CCC   1   1   1   1   1   1 |     CAC   2   2   2   2   2   2 |     CGC   1   1   1   1   1   1
    CTA   0   0   0   0   0   0 |     CCA   0   0   0   0   0   0 | Gln CAA   1   1   1   1   1   1 |     CGA   0   0   0   0   0   0
    CTG   4   4   4   4   4   3 |     CCG   1   1   1   1   1   1 |     CAG   0   0   0   0   0   0 |     CGG   0   0   0   0   0   0
--------------------------------------------------------------------------------------------------------------------------------------
Ile ATT   0   0   0   0   0   0 | Thr ACT   1   1   1   1   1   1 | Asn AAT   3   2   3   3   3   2 | Ser AGT   2   2   2   2   2   2
    ATC   2   3   2   2   4   3 |     ACC   2   2   2   2   2   2 |     AAC   0   1   0   0   0   1 |     AGC   1   1   1   1   1   1
    ATA   0   0   0   0   0   0 |     ACA   1   0   1   1   1   1 | Lys AAA   1   1   1   1   2   1 | Arg AGA   2   2   2   2   1   3
Met ATG   2   2   2   2   2   2 |     ACG   0   1   0   0   0   0 |     AAG   1   1   1   1   1   1 |     AGG   2   2   2   2   2   1
--------------------------------------------------------------------------------------------------------------------------------------
Val GTT   0   0   0   0   0   0 | Ala GCT   1   1   1   1   1   1 | Asp GAT   3   3   3   3   3   3 | Gly GGT   2   3   2   2   2   3
    GTC   2   1   2   2   0   1 |     GCC   0   0   0   0   0   0 |     GAC   1   1   1   1   1   1 |     GGC   2   2   2   2   3   2
    GTA   0   0   0   0   0   1 |     GCA   0   0   0   0   0   0 | Glu GAA   5   5   5   5   5   5 |     GGA   3   2   3   3   2   3
    GTG   1   1   1   1   1   0 |     GCG   0   0   0   0   0   0 |     GAG   1   1   1   1   1   1 |     GGG   1   1   1   1   1   0
--------------------------------------------------------------------------------------------------------------------------------------

--------------------------------------------------------------------------------------------------------------------------------------
Phe TTT   1   1   1   1   1   1 | Ser TCT   1   1   1   1   1   1 | Tyr TAT   2   2   2   2   2   2 | Cys TGT   1   1   1   1   1   1
    TTC   2   2   2   2   2   2 |     TCC   3   3   3   3   3   3 |     TAC   2   2   2   2   2   2 |     TGC   1   1   1   1   1   1
Leu TTA   2   2   1   2   2   2 |     TCA   0   0   0   0   0   0 | *** TAA   0   0   0   0   0   0 | *** TGA   0   0   0   0   0   0
    TTG   0   0   0   0   0   0 |     TCG   0   0   0   0   0   0 |     TAG   0   0   0   0   0   0 | Trp TGG   0   0   0   0   0   0
--------------------------------------------------------------------------------------------------------------------------------------
Leu CTT   0   0   0   0   0   0 | Pro CCT   0   0   0   0   0   0 | His CAT   0   0   0   0   0   0 | Arg CGT   0   0   0   0   0   0
    CTC   1   1   1   1   1   1 |     CCC   1   1   1   1   1   1 |     CAC   2   2   2   2   2   2 |     CGC   1   1   1   1   1   1
    CTA   0   0   1   0   0   0 |     CCA   0   0   0   1   0   0 | Gln CAA   1   1   1   1   1   1 |     CGA   0   0   0   0   0   0
    CTG   4   4   4   4   4   4 |     CCG   1   1   1   0   1   1 |     CAG   0   0   0   0   0   0 |     CGG   0   0   0   0   0   0
--------------------------------------------------------------------------------------------------------------------------------------
Ile ATT   0   0   1   0   0   0 | Thr ACT   1   1   1   1   1   1 | Asn AAT   2   2   2   2   2   2 | Ser AGT   2   2   2   1   2   2
    ATC   3   4   2   4   4   4 |     ACC   2   2   1   1   2   2 |     AAC   1   1   1   1   1   1 |     AGC   1   1   1   2   1   1
    ATA   0   0   0   0   0   0 |     ACA   1   1   1   2   1   1 | Lys AAA   1   1   1   1   1   1 | Arg AGA   2   2   2   2   2   2
Met ATG   2   2   2   2   2   2 |     ACG   0   0   1   0   0   0 |     AAG   1   1   1   1   1   1 |     AGG   2   2   2   2   2   2
--------------------------------------------------------------------------------------------------------------------------------------
Val GTT   0   0   0   0   0   0 | Ala GCT   1   1   1   1   1   1 | Asp GAT   3   3   2   3   3   3 | Gly GGT   3   3   3   1   3   3
    GTC   1   0   1   0   0   0 |     GCC   0   0   0   0   0   0 |     GAC   1   1   2   1   1   1 |     GGC   2   2   2   3   2   2
    GTA   0   0   0   0   0   0 |     GCA   0   0   0   0   0   0 | Glu GAA   5   5   5   5   5   5 |     GGA   2   2   3   2   2   2
    GTG   1   1   1   1   1   1 |     GCG   0   0   0   0   0   0 |     GAG   1   1   1   1   1   1 |     GGG   1   1   0   2   1   1
--------------------------------------------------------------------------------------------------------------------------------------

Codon position x base (3x4) table for each sequence.

#1: Argali         
position  1:    T:0.22059    C:0.16176    A:0.30882    G:0.30882
position  2:    T:0.25000    C:0.16176    A:0.32353    G:0.26471
position  3:    T:0.25000    C:0.35294    A:0.22059    G:0.17647
Average         T:0.24020    C:0.22549    A:0.28431    G:0.25000

#2: LesserMouseDeer
position  1:    T:0.22059    C:0.16176    A:0.30882    G:0.30882
position  2:    T:0.25000    C:0.14706    A:0.33824    G:0.26471
position  3:    T:0.22059    C:0.36765    A:0.20588    G:0.20588
Average         T:0.23039    C:0.22549    A:0.28431    G:0.25980

#3: LesserKudu     
position  1:    T:0.22059    C:0.16176    A:0.32353    G:0.29412
position  2:    T:0.25000    C:0.16176    A:0.32353    G:0.26471
position  3:    T:0.26471    C:0.33824    A:0.20588    G:0.19118
Average         T:0.24510    C:0.22059    A:0.28431    G:0.25000

#4: ForestMuskDeer2
position  1:    T:0.22059    C:0.16176    A:0.32353    G:0.29412
position  2:    T:0.25000    C:0.16176    A:0.32353    G:0.26471
position  3:    T:0.20588    C:0.36765    A:0.23529    G:0.19118
Average         T:0.22549    C:0.23039    A:0.29412    G:0.25000

#5: Camel          
position  1:    T:0.22059    C:0.16176    A:0.30882    G:0.30882
position  2:    T:0.25000    C:0.16176    A:0.33824    G:0.25000
position  3:    T:0.27941    C:0.30882    A:0.23529    G:0.17647
Average         T:0.25000    C:0.21078    A:0.29412    G:0.24510

#6: KillerWhale    
position  1:    T:0.22059    C:0.16176    A:0.30882    G:0.30882
position  2:    T:0.25000    C:0.16176    A:0.33824    G:0.25000
position  3:    T:0.27941    C:0.30882    A:0.22059    G:0.19118
Average         T:0.25000    C:0.21078    A:0.28922    G:0.25000

#7: DefassaWaterbuck
position  1:    T:0.22059    C:0.16176    A:0.30882    G:0.30882
position  2:    T:0.25000    C:0.16176    A:0.32353    G:0.26471
position  3:    T:0.27941    C:0.32353    A:0.20588    G:0.19118
Average         T:0.25000    C:0.21569    A:0.27941    G:0.25490

#8: Sheep          
position  1:    T:0.22059    C:0.16176    A:0.30882    G:0.30882
position  2:    T:0.25000    C:0.16176    A:0.32353    G:0.26471
position  3:    T:0.25000    C:0.35294    A:0.20588    G:0.19118
Average         T:0.24020    C:0.22549    A:0.27941    G:0.25490

#9: MaxwellsDuiker 
position  1:    T:0.22059    C:0.16176    A:0.32353    G:0.29412
position  2:    T:0.25000    C:0.16176    A:0.32353    G:0.26471
position  3:    T:0.26471    C:0.33824    A:0.20588    G:0.19118
Average         T:0.24510    C:0.22059    A:0.28431    G:0.25000

#10: GazellaPrzewalskyi
position  1:    T:0.22059    C:0.17647    A:0.29412    G:0.30882
position  2:    T:0.25000    C:0.16176    A:0.32353    G:0.26471
position  3:    T:0.26471    C:0.33824    A:0.20588    G:0.19118
Average         T:0.24510    C:0.22549    A:0.27451    G:0.25490

#11: MountainNyala  
position  1:    T:0.22059    C:0.16176    A:0.32353    G:0.29412
position  2:    T:0.25000    C:0.16176    A:0.32353    G:0.26471
position  3:    T:0.25000    C:0.35294    A:0.19118    G:0.20588
Average         T:0.24020    C:0.22549    A:0.27941    G:0.25490

#12: MuntiacusMuntjak
position  1:    T:0.22059    C:0.16176    A:0.30882    G:0.30882
position  2:    T:0.25000    C:0.16176    A:0.32353    G:0.26471
position  3:    T:0.26471    C:0.32353    A:0.20588    G:0.20588
Average         T:0.24510    C:0.21569    A:0.27941    G:0.25980

#13: goat           
position  1:    T:0.22059    C:0.16176    A:0.30882    G:0.30882
position  2:    T:0.25000    C:0.16176    A:0.32353    G:0.26471
position  3:    T:0.25000    C:0.35294    A:0.20588    G:0.19118
Average         T:0.24020    C:0.22549    A:0.27941    G:0.25490

#14: AfricanBuffalo 
position  1:    T:0.22059    C:0.16176    A:0.32353    G:0.29412
position  2:    T:0.25000    C:0.16176    A:0.32353    G:0.26471
position  3:    T:0.22059    C:0.38235    A:0.19118    G:0.20588
Average         T:0.23039    C:0.23529    A:0.27941    G:0.25490

#15: Topi           
position  1:    T:0.23529    C:0.16176    A:0.29412    G:0.30882
position  2:    T:0.25000    C:0.16176    A:0.32353    G:0.26471
position  3:    T:0.25000    C:0.35294    A:0.20588    G:0.19118
Average         T:0.24510    C:0.22549    A:0.27451    G:0.25490

#16: CommonDuiker   
position  1:    T:0.22059    C:0.16176    A:0.32353    G:0.29412
position  2:    T:0.25000    C:0.16176    A:0.32353    G:0.26471
position  3:    T:0.25000    C:0.36765    A:0.20588    G:0.17647
Average         T:0.24020    C:0.23039    A:0.28431    G:0.24510

#17: Suni           
position  1:    T:0.22059    C:0.16176    A:0.32353    G:0.29412
position  2:    T:0.25000    C:0.16176    A:0.32353    G:0.26471
position  3:    T:0.26471    C:0.33824    A:0.22059    G:0.17647
Average         T:0.24510    C:0.22059    A:0.28922    G:0.24510

#18: Springbuck     
position  1:    T:0.22059    C:0.16176    A:0.30882    G:0.30882
position  2:    T:0.25000    C:0.16176    A:0.32353    G:0.26471
position  3:    T:0.25000    C:0.35294    A:0.20588    G:0.19118
Average         T:0.24020    C:0.22549    A:0.27941    G:0.25490

#19: Okapi          
position  1:    T:0.22059    C:0.16176    A:0.30882    G:0.30882
position  2:    T:0.25000    C:0.16176    A:0.32353    G:0.26471
position  3:    T:0.25000    C:0.35294    A:0.20588    G:0.19118
Average         T:0.24020    C:0.22549    A:0.27941    G:0.25490

#20: Giraffe        
position  1:    T:0.22059    C:0.16176    A:0.32353    G:0.29412
position  2:    T:0.25000    C:0.16176    A:0.32353    G:0.26471
position  3:    T:0.26471    C:0.33824    A:0.20588    G:0.19118
Average         T:0.24510    C:0.22059    A:0.28431    G:0.25000

#21: TibetanAntelope
position  1:    T:0.22059    C:0.16176    A:0.30882    G:0.30882
position  2:    T:0.25000    C:0.16176    A:0.32353    G:0.26471
position  3:    T:0.25000    C:0.35294    A:0.20588    G:0.19118
Average         T:0.24020    C:0.22549    A:0.27941    G:0.25490

#22: Sitatunga      
position  1:    T:0.22059    C:0.16176    A:0.32353    G:0.29412
position  2:    T:0.25000    C:0.16176    A:0.32353    G:0.26471
position  3:    T:0.25000    C:0.35294    A:0.19118    G:0.20588
Average         T:0.24020    C:0.22549    A:0.27941    G:0.25490

#23: Oribi          
position  1:    T:0.22059    C:0.16176    A:0.30882    G:0.30882
position  2:    T:0.25000    C:0.16176    A:0.32353    G:0.26471
position  3:    T:0.26471    C:0.33824    A:0.20588    G:0.19118
Average         T:0.24510    C:0.22059    A:0.27941    G:0.25490

#24: BarbarySheep   
position  1:    T:0.22059    C:0.16176    A:0.30882    G:0.30882
position  2:    T:0.25000    C:0.16176    A:0.32353    G:0.26471
position  3:    T:0.26471    C:0.33824    A:0.20588    G:0.19118
Average         T:0.24510    C:0.22059    A:0.27941    G:0.25490

#25: Daviddeer      
position  1:    T:0.22059    C:0.16176    A:0.29412    G:0.32353
position  2:    T:0.25000    C:0.16176    A:0.32353    G:0.26471
position  3:    T:0.26471    C:0.32353    A:0.20588    G:0.20588
Average         T:0.24510    C:0.21569    A:0.27451    G:0.26471

#26: Reindeer       
position  1:    T:0.22059    C:0.16176    A:0.29412    G:0.32353
position  2:    T:0.25000    C:0.16176    A:0.32353    G:0.26471
position  3:    T:0.26471    C:0.32353    A:0.20588    G:0.20588
Average         T:0.24510    C:0.21569    A:0.27451    G:0.26471

#27: Ibex           
position  1:    T:0.22059    C:0.16176    A:0.30882    G:0.30882
position  2:    T:0.25000    C:0.16176    A:0.32353    G:0.26471
position  3:    T:0.25000    C:0.35294    A:0.20588    G:0.19118
Average         T:0.24020    C:0.22549    A:0.27941    G:0.25490

#28: GyrantGazelle  
position  1:    T:0.22059    C:0.16176    A:0.30882    G:0.30882
position  2:    T:0.25000    C:0.16176    A:0.32353    G:0.26471
position  3:    T:0.25000    C:0.35294    A:0.20588    G:0.19118
Average         T:0.24020    C:0.22549    A:0.27941    G:0.25490

#29: Hartebeest     
position  1:    T:0.22059    C:0.16176    A:0.30882    G:0.30882
position  2:    T:0.25000    C:0.16176    A:0.32353    G:0.26471
position  3:    T:0.25000    C:0.35294    A:0.20588    G:0.19118
Average         T:0.24020    C:0.22549    A:0.27941    G:0.25490

#30: Bongo          
position  1:    T:0.22059    C:0.16176    A:0.32353    G:0.29412
position  2:    T:0.25000    C:0.16176    A:0.32353    G:0.26471
position  3:    T:0.25000    C:0.35294    A:0.20588    G:0.19118
Average         T:0.24020    C:0.22549    A:0.28431    G:0.25000

#31: Gerenuk        
position  1:    T:0.22059    C:0.16176    A:0.30882    G:0.30882
position  2:    T:0.25000    C:0.16176    A:0.32353    G:0.26471
position  3:    T:0.25000    C:0.35294    A:0.20588    G:0.19118
Average         T:0.24020    C:0.22549    A:0.27941    G:0.25490

#32: CommonEland    
position  1:    T:0.22059    C:0.16176    A:0.32353    G:0.29412
position  2:    T:0.25000    C:0.16176    A:0.32353    G:0.26471
position  3:    T:0.25000    C:0.35294    A:0.20588    G:0.19118
Average         T:0.24020    C:0.22549    A:0.28431    G:0.25000

#33: MuntiacusReevesi
position  1:    T:0.20588    C:0.17647    A:0.29412    G:0.32353
position  2:    T:0.25000    C:0.16176    A:0.32353    G:0.26471
position  3:    T:0.26471    C:0.32353    A:0.20588    G:0.20588
Average         T:0.24020    C:0.22059    A:0.27451    G:0.26471

#34: HarveysDuiker  
position  1:    T:0.22059    C:0.16176    A:0.32353    G:0.29412
position  2:    T:0.25000    C:0.16176    A:0.32353    G:0.26471
position  3:    T:0.25000    C:0.35294    A:0.20588    G:0.19118
Average         T:0.24020    C:0.22549    A:0.28431    G:0.25000

#35: Pronghorn      
position  1:    T:0.22059    C:0.16176    A:0.30882    G:0.30882
position  2:    T:0.25000    C:0.16176    A:0.32353    G:0.26471
position  3:    T:0.25000    C:0.33824    A:0.19118    G:0.22059
Average         T:0.24020    C:0.22059    A:0.27451    G:0.26471

#36: BlueWildebeest 
position  1:    T:0.22059    C:0.16176    A:0.30882    G:0.30882
position  2:    T:0.25000    C:0.16176    A:0.32353    G:0.26471
position  3:    T:0.25000    C:0.35294    A:0.20588    G:0.19118
Average         T:0.24020    C:0.22549    A:0.27941    G:0.25490

#37: Gemsbok        
position  1:    T:0.22059    C:0.16176    A:0.30882    G:0.30882
position  2:    T:0.25000    C:0.16176    A:0.32353    G:0.26471
position  3:    T:0.25000    C:0.35294    A:0.20588    G:0.19118
Average         T:0.24020    C:0.22549    A:0.27941    G:0.25490

#38: Yak            
position  1:    T:0.22059    C:0.16176    A:0.32353    G:0.29412
position  2:    T:0.25000    C:0.14706    A:0.35294    G:0.25000
position  3:    T:0.26471    C:0.33824    A:0.20588    G:0.19118
Average         T:0.24510    C:0.21569    A:0.29412    G:0.24510

#39: BlueSheep      
position  1:    T:0.22059    C:0.16176    A:0.30882    G:0.30882
position  2:    T:0.25000    C:0.16176    A:0.32353    G:0.26471
position  3:    T:0.25000    C:0.35294    A:0.20588    G:0.19118
Average         T:0.24020    C:0.22549    A:0.27941    G:0.25490

#40: BohorReedbuck  
position  1:    T:0.22059    C:0.16176    A:0.30882    G:0.30882
position  2:    T:0.25000    C:0.16176    A:0.32353    G:0.26471
position  3:    T:0.27941    C:0.32353    A:0.20588    G:0.19118
Average         T:0.25000    C:0.21569    A:0.27941    G:0.25490

#41: KirksDik       
position  1:    T:0.22059    C:0.16176    A:0.30882    G:0.30882
position  2:    T:0.25000    C:0.16176    A:0.32353    G:0.26471
position  3:    T:0.26471    C:0.33824    A:0.19118    G:0.20588
Average         T:0.24510    C:0.22059    A:0.27451    G:0.25980

#42: RoeDeer        
position  1:    T:0.23529    C:0.14706    A:0.29412    G:0.32353
position  2:    T:0.25000    C:0.16176    A:0.32353    G:0.26471
position  3:    T:0.26471    C:0.32353    A:0.20588    G:0.20588
Average         T:0.25000    C:0.21078    A:0.27451    G:0.26471

#43: WhiteLippedDeer
position  1:    T:0.22059    C:0.16176    A:0.29412    G:0.32353
position  2:    T:0.25000    C:0.16176    A:0.32353    G:0.26471
position  3:    T:0.26471    C:0.32353    A:0.20588    G:0.20588
Average         T:0.24510    C:0.21569    A:0.27451    G:0.26471

#44: ThomsonGazelle 
position  1:    T:0.22059    C:0.16176    A:0.30882    G:0.30882
position  2:    T:0.25000    C:0.16176    A:0.32353    G:0.26471
position  3:    T:0.25000    C:0.35294    A:0.19118    G:0.20588
Average         T:0.24020    C:0.22549    A:0.27451    G:0.25980

#45: MuntiacusCrinifrons
position  1:    T:0.22059    C:0.16176    A:0.29412    G:0.32353
position  2:    T:0.25000    C:0.16176    A:0.32353    G:0.26471
position  3:    T:0.26471    C:0.32353    A:0.20588    G:0.20588
Average         T:0.24510    C:0.21569    A:0.27451    G:0.26471

#46: WhiteTailedDeer
position  1:    T:0.22059    C:0.16176    A:0.29412    G:0.32353
position  2:    T:0.25000    C:0.16176    A:0.32353    G:0.26471
position  3:    T:0.26471    C:0.32353    A:0.20588    G:0.20588
Average         T:0.24510    C:0.21569    A:0.27451    G:0.26471

#47: Cattle         
position  1:    T:0.22059    C:0.16176    A:0.32353    G:0.29412
position  2:    T:0.25000    C:0.16176    A:0.33824    G:0.25000
position  3:    T:0.25000    C:0.35294    A:0.20588    G:0.19118
Average         T:0.24020    C:0.22549    A:0.28922    G:0.24510

#48: RoyalAntelope  
position  1:    T:0.23529    C:0.14706    A:0.30882    G:0.30882
position  2:    T:0.25000    C:0.16176    A:0.32353    G:0.26471
position  3:    T:0.25000    C:0.35294    A:0.25000    G:0.14706
Average         T:0.24510    C:0.22059    A:0.29412    G:0.24020

#49: Steenbok       
position  1:    T:0.22059    C:0.16176    A:0.30882    G:0.30882
position  2:    T:0.25000    C:0.16176    A:0.32353    G:0.26471
position  3:    T:0.25000    C:0.35294    A:0.20588    G:0.19118
Average         T:0.24020    C:0.22549    A:0.27941    G:0.25490

#50: Impala         
position  1:    T:0.22059    C:0.16176    A:0.32353    G:0.29412
position  2:    T:0.25000    C:0.16176    A:0.32353    G:0.26471
position  3:    T:0.25000    C:0.35294    A:0.20588    G:0.19118
Average         T:0.24020    C:0.22549    A:0.28431    G:0.25000

#51: Klipspringer   
position  1:    T:0.20588    C:0.17647    A:0.30882    G:0.30882
position  2:    T:0.25000    C:0.16176    A:0.32353    G:0.26471
