1
52 1
Argali 0.000000 0.221300 0.056000 0.268700 0.048600 0.000000 0.041000 0.042400 0.060900 0.080400 0.011800 0.053600 0.033500 0.046000 0.042600 0.041100 0.089300 0.091600 0.035900 0.061100 0.048300 0.004700 0.075900 0.080900 0.014200 0.036000 0.031100 0.061200 0.038400 0.063800 0.073700 0.036100 0.085900 0.031100 0.028700 0.043500 0.007100 0.041200 0.046000 0.085900 0.073500 0.033500 0.073100 0.080900 0.048500 0.053400 0.038500 0.031100 0.043500 0.066200 0.068600 0.065600
LesserMous 0.221300 0.000000 0.220100 0.367000 0.226200 0.223300 0.218700 0.220900 0.225700 0.238100 0.224000 0.217000 0.225300 0.220100 0.229600 0.221100 0.242400 0.229500 0.234000 0.226300 0.228700 0.213800 0.228400 0.234300 0.227600 0.226500 0.219200 0.227000 0.233900 0.227000 0.230900 0.215000 0.236800 0.218400 0.213900 0.212800 0.217800 0.220400 0.224000 0.226100 0.232100 0.229500 0.231400 0.235100 0.213000 0.223700 0.232800 0.213400 0.230600 0.220500 0.235500 0.226900
LesserKudu 0.056000 0.220100 0.000000 0.301600 0.076400 0.056100 0.068300 0.070000 0.009500 0.099200 0.058700 0.050600 0.065500 0.078900 0.071500 0.068500 0.097800 0.094900 0.073400 0.004700 0.077600 0.050400 0.093200 0.103500 0.061300 0.068300 0.063000 0.007100 0.073300 0.007200 0.090900 0.073400 0.086600 0.063000 0.065500 0.040400 0.053700 0.068600 0.078400 0.104000 0.096000 0.065700 0.085700 0.109600 0.045400 0.086600 0.070800 0.061100 0.081200 0.077000 0.014300 0.009500
KillerWhal 0.268700 0.367000 0.301600 0.000000 0.275600 0.269000 0.280500 0.292900 0.300700 0.295100 0.271800 0.280100 0.282300 0.288100 0.266200 0.297100 0.290200 0.287600 0.287800 0.301900 0.286100 0.258700 0.291800 0.288200 0.275800 0.293300 0.278700 0.299300 0.290800 0.306300 0.294900 0.275900 0.315900 0.273900 0.288700 0.266500 0.263800 0.264400 0.291700 0.297500 0.285700 0.296500 0.295500 0.295000 0.270100 0.290600 0.286900 0.283900 0.277100 0.279700 0.311900 0.308400
DefassaWat 0.048600 0.226200 0.076400 0.275600 0.000000 0.048600 0.046300 0.068700 0.081300 0.106100 0.050500 0.072000 0.058700 0.056400 0.063900 0.061500 0.105100 0.107600 0.056200 0.081600 0.071500 0.043700 0.100000 0.105100 0.048000 0.061300 0.056200 0.081800 0.061200 0.084500 0.097700 0.051200 0.091900 0.053700 0.058800 0.069200 0.046200 0.016800 0.061600 0.105500 0.097600 0.058800 0.097900 0.089200 0.074400 0.053600 0.063900 0.053700 0.053900 0.078900 0.089300 0.086300
Sheep 0.000000 0.223300 0.056100 0.269000 0.048600 0.000000 0.041100 0.042500 0.061000 0.080400 0.011800 0.053700 0.033600 0.046100 0.042600 0.041100 0.089400 0.091700 0.036000 0.061100 0.048300 0.005300 0.076000 0.081000 0.014200 0.036000 0.031100 0.061300 0.038400 0.063900 0.073800 0.036100 0.086000 0.031100 0.028700 0.043500 0.007100 0.041200 0.046100 0.086000 0.073600 0.033600 0.073100 0.081000 0.048600 0.053500 0.038500 0.031100 0.043600 0.066300 0.068700 0.065600
MaxwellsDu 0.041000 0.218700 0.068300 0.280500 0.046300 0.041100 0.000000 0.055900 0.073300 0.099900 0.043600 0.069300 0.046100 0.024100 0.058700 0.053800 0.089900 0.092400 0.048500 0.073500 0.058600 0.036200 0.093900 0.099100 0.041200 0.053700 0.043600 0.073700 0.053600 0.076300 0.091600 0.019200 0.091600 0.041100 0.051100 0.066500 0.038700 0.038900 0.053800 0.099500 0.091500 0.051100 0.091800 0.083300 0.071700 0.060600 0.056200 0.048600 0.050500 0.076100 0.081200 0.078100
GazellaPrz 0.042400 0.220900 0.070000 0.292900 0.068700 0.042500 0.055900 0.000000 0.076900 0.109800 0.045700 0.068800 0.059500 0.066100 0.060700 0.038500 0.108500 0.105400 0.060700 0.075200 0.050100 0.038400 0.105900 0.105800 0.048300 0.042600 0.056900 0.075400 0.040700 0.077300 0.101400 0.060800 0.102400 0.057100 0.052600 0.063500 0.040800 0.061100 0.048400 0.109400 0.103400 0.040000 0.101600 0.103600 0.068600 0.073500 0.035900 0.044900 0.062900 0.084100 0.084900 0.079800
MountainNy 0.060900 0.225700 0.009500 0.300700 0.081300 0.061000 0.073300 0.076900 0.000000 0.104200 0.063600 0.060500 0.070500 0.083900 0.071300 0.073400 0.108200 0.105100 0.078300 0.004700 0.082600 0.055300 0.098200 0.108600 0.066200 0.073200 0.067900 0.007100 0.078300 0.007100 0.095900 0.078400 0.096900 0.068000 0.070400 0.050300 0.058600 0.073600 0.083400 0.109100 0.101100 0.070600 0.090700 0.114600 0.055400 0.091600 0.075800 0.066000 0.080900 0.087100 0.014200 0.009500
MuntiacusM 0.080400 0.238100 0.099200 0.295100 0.106100 0.080400 0.099900 0.109800 0.104200 0.000000 0.085900 0.094700 0.089600 0.106000 0.099700 0.108600 0.091100 0.093600 0.096900 0.104500 0.110500 0.078000 0.023600 0.042900 0.088600 0.094900 0.087000 0.106900 0.108000 0.106900 0.011800 0.095000 0.096500 0.084400 0.091700 0.084000 0.080600 0.098200 0.103300 0.048000 0.026100 0.097500 0.011800 0.052700 0.084100 0.103000 0.100200 0.096900 0.099800 0.094700 0.112500 0.109500
goat 0.011800 0.224000 0.058700 0.271800 0.050500 0.011800 0.043600 0.045700 0.063600 0.085900 0.000000 0.056300 0.041000 0.048600 0.045900 0.043600 0.092100 0.094400 0.038500 0.063800 0.053400 0.007100 0.081300 0.086300 0.002400 0.043500 0.038500 0.064000 0.040900 0.066600 0.079000 0.038600 0.088900 0.038500 0.036000 0.046100 0.004700 0.043700 0.048600 0.091400 0.078900 0.041000 0.078500 0.086300 0.051100 0.056000 0.041000 0.038500 0.051100 0.068900 0.071300 0.068400
AfricanBuf 0.053600 0.217000 0.050600 0.280100 0.072000 0.053700 0.069300 0.068800 0.060500 0.094700 0.056300 0.000000 0.063800 0.074500 0.058800 0.066800 0.089300 0.083700 0.071600 0.055600 0.070800 0.048800 0.088800 0.099100 0.058900 0.071700 0.061300 0.058300 0.061200 0.058300 0.086500 0.069100 0.086800 0.061400 0.058700 0.028900 0.051300 0.064300 0.074100 0.099600 0.091600 0.069100 0.086600 0.107200 0.033800 0.076800 0.063900 0.063900 0.071800 0.071900 0.058000 0.060900
Topi 0.033500 0.225300 0.065500 0.282300 0.058700 0.033600 0.046100 0.059500 0.070500 0.089600 0.041000 0.063800 0.000000 0.051100 0.057700 0.051100 0.096500 0.088400 0.050800 0.070600 0.048300 0.033600 0.089100 0.088800 0.043500 0.036100 0.007100 0.070000 0.045800 0.072600 0.081500 0.051000 0.088800 0.011900 0.033600 0.063600 0.036100 0.051200 0.048600 0.094500 0.086700 0.038500 0.081700 0.083700 0.068800 0.058500 0.043400 0.040900 0.048500 0.073400 0.073100 0.074400
CommonDuik 0.046000 0.220100 0.078900 0.288100 0.056400 0.046100 0.024100 0.066100 0.083900 0.106000 0.048600 0.074500 0.051100 0.000000 0.066400 0.059000 0.099000 0.101400 0.053600 0.084100 0.068900 0.041200 0.099900 0.105100 0.051200 0.058800 0.048600 0.084300 0.058600 0.087000 0.097600 0.019100 0.103100 0.046100 0.056200 0.071700 0.043700 0.048900 0.059000 0.105600 0.097500 0.056200 0.097800 0.094400 0.076900 0.066400 0.061300 0.053600 0.053800 0.084900 0.091900 0.088900
Suni 0.042600 0.229600 0.071500 0.266200 0.063900 0.042600 0.058700 0.060700 0.071300 0.099700 0.045900 0.058800 0.057700 0.066400 0.000000 0.051200 0.108100 0.102400 0.061100 0.071500 0.070400 0.038500 0.098900 0.104000 0.048500 0.060300 0.055200 0.074300 0.055900 0.074300 0.096700 0.061100 0.100600 0.055300 0.057800 0.058700 0.041000 0.056400 0.066400 0.101900 0.096500 0.057700 0.096800 0.109400 0.063800 0.068700 0.058500 0.042600 0.063200 0.076700 0.079100 0.070900
Springbuck 0.041100 0.221100 0.068500 0.297100 0.061500 0.041100 0.053800 0.038500 0.073400 0.108600 0.043600 0.066800 0.051100 0.059000 0.051200 0.000000 0.105100 0.102100 0.053600 0.073600 0.050800 0.036200 0.102600 0.102400 0.046200 0.028600 0.048600 0.073800 0.028600 0.075800 0.100300 0.053700 0.091900 0.048600 0.046100 0.061400 0.038700 0.054000 0.043600 0.102900 0.100200 0.026200 0.100400 0.097100 0.066600 0.061200 0.040900 0.043600 0.061400 0.076900 0.081300 0.078400
Okapi 0.089300 0.242400 0.097800 0.290200 0.105100 0.089400 0.089900 0.108500 0.108200 0.091100 0.092100 0.089300 0.096500 0.099000 0.108100 0.105100 0.000000 0.030900 0.095900 0.103200 0.104600 0.083700 0.085300 0.106000 0.094900 0.104800 0.093900 0.106100 0.101900 0.106200 0.088200 0.088100 0.081400 0.091300 0.094000 0.089100 0.087000 0.097200 0.104300 0.101200 0.082900 0.102200 0.088300 0.111800 0.094500 0.096700 0.104700 0.099200 0.099600 0.105200 0.105600 0.108000
Giraffe 0.091600 0.229500 0.094900 0.287600 0.107600 0.091700 0.092400 0.105400 0.105100 0.093600 0.094400 0.083700 0.088400 0.101400 0.102400 0.102100 0.030900 0.000000 0.098200 0.100100 0.101600 0.086000 0.087800 0.097900 0.097200 0.096600 0.085800 0.103100 0.096300 0.103200 0.090600 0.095800 0.078500 0.085900 0.085900 0.091500 0.089300 0.099700 0.104000 0.090500 0.085300 0.099200 0.090800 0.103700 0.091600 0.099200 0.101800 0.096300 0.102000 0.094300 0.097300 0.105000
TibetanAnt 0.035900 0.234000 0.073400 0.287800 0.056200 0.036000 0.048500 0.060700 0.078300 0.096900 0.038500 0.071600 0.050800 0.053600 0.061100 0.053600 0.095900 0.098200 0.000000 0.078500 0.063400 0.031200 0.096800 0.101800 0.041000 0.053400 0.048400 0.078700 0.053300 0.081400 0.094500 0.048400 0.098400 0.045900 0.040900 0.067800 0.033600 0.048700 0.047700 0.101800 0.094400 0.050900 0.094100 0.096500 0.073000 0.055900 0.056000 0.048400 0.056000 0.079400 0.086200 0.083300
Sitatunga 0.061100 0.226300 0.004700 0.301900 0.081600 0.061100 0.073500 0.075200 0.004700 0.104500 0.063800 0.055600 0.070600 0.084100 0.071500 0.073600 0.103200 0.100100 0.078500 0.000000 0.082800 0.055400 0.098400 0.108900 0.066400 0.073400 0.068100 0.002400 0.078500 0.002400 0.096100 0.078600 0.091900 0.068100 0.070600 0.045400 0.058700 0.073800 0.083600 0.109400 0.101300 0.070800 0.091000 0.115000 0.050500 0.091800 0.076000 0.066200 0.081200 0.082200 0.009500 0.004800
Oribi 0.048300 0.228700 0.077600 0.286100 0.071500 0.048300 0.058600 0.050100 0.082600 0.110500 0.053400 0.070800 0.048300 0.068900 0.070400 0.050800 0.104600 0.101600 0.063400 0.082800 0.000000 0.045900 0.107100 0.101600 0.056000 0.048100 0.045900 0.083000 0.045500 0.085600 0.104800 0.063500 0.096800 0.045900 0.048400 0.070600 0.048400 0.063900 0.053300 0.102100 0.104700 0.045600 0.105000 0.101600 0.075900 0.071100 0.040800 0.050900 0.063600 0.086400 0.085300 0.087600
BarbaryShe 0.004700 0.213800 0.050400 0.258700 0.043700 0.005300 0.036200 0.038400 0.055300 0.078000 0.007100 0.048800 0.033600 0.041200 0.038500 0.036200 0.083700 0.086000 0.031200 0.055400 0.045900 0.000000 0.073600 0.078600 0.009500 0.036100 0.031200 0.055600 0.033600 0.058100 0.071300 0.031200 0.080100 0.031200 0.028700 0.038700 0.002300 0.036300 0.041200 0.083600 0.071200 0.033700 0.070700 0.078600 0.043700 0.048500 0.033700 0.031200 0.043600 0.061300 0.063000 0.059900
Daviddeer 0.075900 0.228400 0.093200 0.291800 0.100000 0.076000 0.093900 0.105900 0.098200 0.023600 0.081300 0.088800 0.089100 0.099900 0.098900 0.102600 0.085300 0.087800 0.096800 0.098400 0.107100 0.073600 0.000000 0.042600 0.084000 0.094300 0.086500 0.101400 0.102000 0.101400 0.016400 0.084000 0.090600 0.083900 0.091700 0.078100 0.076200 0.092200 0.100000 0.042800 0.007000 0.096900 0.016400 0.047500 0.073000 0.102300 0.099600 0.091000 0.093800 0.088800 0.106400 0.104000
Reindeer 0.080900 0.234300 0.103500 0.288200 0.105100 0.081000 0.099100 0.105800 0.108600 0.042900 0.086300 0.099100 0.088800 0.105100 0.104000 0.102400 0.106000 0.097900 0.101800 0.108900 0.101600 0.078600 0.042600 0.000000 0.089100 0.094200 0.086300 0.109200 0.096600 0.111900 0.035500 0.094300 0.090400 0.083700 0.086300 0.088400 0.081200 0.097300 0.097200 0.037900 0.045200 0.096800 0.035500 0.028200 0.088500 0.102100 0.083800 0.090900 0.093600 0.093900 0.111400 0.114500
Ibex 0.014200 0.227600 0.061300 0.275800 0.048000 0.014200 0.041200 0.048300 0.066200 0.088600 0.002400 0.058900 0.043500 0.051200 0.048500 0.046200 0.094900 0.097200 0.041000 0.066400 0.056000 0.009500 0.084000 0.089100 0.000000 0.046100 0.041100 0.066600 0.043500 0.069200 0.081800 0.041100 0.086400 0.041100 0.038600 0.048700 0.007100 0.041300 0.051200 0.094100 0.081600 0.043600 0.081200 0.083900 0.053700 0.058600 0.043600 0.041000 0.053700 0.071600 0.074000 0.071100
GyrantGaze 0.036000 0.226500 0.068300 0.293300 0.061300 0.036000 0.053700 0.042600 0.073200 0.094900 0.043500 0.071700 0.036100 0.058800 0.060300 0.028600 0.104800 0.096600 0.053400 0.073400 0.048100 0.036100 0.094300 0.094200 0.046100 0.000000 0.033600 0.072900 0.028500 0.074800 0.086800 0.053500 0.094400 0.033600 0.036100 0.066300 0.038600 0.053800 0.038500 0.094600 0.091900 0.002300 0.086900 0.088900 0.071400 0.066100 0.035900 0.038500 0.056100 0.078700 0.081100 0.077300
Hartebeest 0.031100 0.219200 0.063000 0.278700 0.056200 0.031100 0.043600 0.056900 0.067900 0.087000 0.038500 0.061300 0.007100 0.048600 0.055200 0.048600 0.093900 0.085800 0.048400 0.068100 0.045900 0.031200 0.086500 0.086300 0.041100 0.033600 0.000000 0.067400 0.043400 0.070000 0.079000 0.048500 0.086200 0.009500 0.031200 0.061200 0.033600 0.048800 0.046100 0.091900 0.084100 0.036000 0.079100 0.086300 0.066300 0.056000 0.041000 0.038500 0.046100 0.070800 0.070600 0.071800
Bongo 0.061200 0.227000 0.007100 0.299300 0.081800 0.061300 0.073700 0.075400 0.007100 0.106900 0.064000 0.058300 0.070000 0.084300 0.074300 0.073800 0.106100 0.103100 0.078700 0.002400 0.083000 0.055600 0.101400 0.109200 0.066600 0.072900 0.067400 0.000000 0.078700 0.000100 0.098400 0.078900 0.094800 0.067600 0.070800 0.048000 0.058900 0.074000 0.083100 0.112400 0.104300 0.070200 0.093200 0.115300 0.053100 0.092100 0.075500 0.068900 0.081400 0.082400 0.011900 0.002400
Gerenuk 0.038400 0.233900 0.073300 0.290800 0.061200 0.038400 0.053600 0.040700 0.078300 0.108000 0.040900 0.061200 0.045800 0.058600 0.055900 0.028600 0.101900 0.096300 0.053300 0.078500 0.045500 0.033600 0.102000 0.096600 0.043500 0.028500 0.043400 0.078700 0.000000 0.080800 0.099800 0.053400 0.088900 0.043400 0.040900 0.066200 0.036000 0.053700 0.040900 0.097000 0.099600 0.026100 0.099900 0.096600 0.071300 0.060900 0.035800 0.043400 0.056000 0.071400 0.080900 0.083200
CommonElan 0.063800 0.227000 0.007200 0.306300 0.084500 0.063900 0.076300 0.077300 0.007100 0.106900 0.066600 0.058300 0.072600 0.087000 0.074300 0.075800 0.106200 0.103200 0.081400 0.002400 0.085600 0.058100 0.101400 0.111900 0.069200 0.074800 0.070000 0.000100 0.080800 0.000000 0.098400 0.081500 0.094800 0.070100 0.073400 0.048000 0.061500 0.076600 0.085000 0.112400 0.104300 0.072100 0.093200 0.118100 0.053100 0.094800 0.077400 0.069000 0.084000 0.085100 0.011900 0.002400
MuntiacusR 0.073700 0.230900 0.090900 0.294900 0.097700 0.073800 0.091600 0.101400 0.095900 0.011800 0.079000 0.086500 0.081500 0.097600 0.096700 0.100300 0.088200 0.090600 0.094500 0.096100 0.104800 0.071300 0.016400 0.035500 0.081800 0.086800 0.079000 0.098400 0.099800 0.098400 0.000000 0.086900 0.088300 0.076400 0.089400 0.075900 0.073900 0.089900 0.095000 0.040500 0.018800 0.089400 0.004700 0.045200 0.076000 0.100000 0.092000 0.088700 0.091500 0.091800 0.104000 0.101000
HarveysDui 0.036100 0.215000 0.073400 0.275900 0.051200 0.036100 0.019200 0.060800 0.078400 0.095000 0.038600 0.069100 0.051000 0.019100 0.061100 0.053700 0.088100 0.095800 0.048400 0.078600 0.063500 0.031200 0.084000 0.094300 0.041100 0.053500 0.048500 0.078900 0.053400 0.081500 0.086900 0.000000 0.098800 0.046000 0.051000 0.061300 0.033700 0.043800 0.053700 0.094700 0.081600 0.051000 0.087000 0.083800 0.061300 0.061100 0.055800 0.048500 0.048600 0.079400 0.086400 0.083400
Pronghorn 0.085900 0.236800 0.086600 0.315900 0.091900 0.086000 0.091600 0.102400 0.096900 0.096500 0.088900 0.086800 0.088800 0.103100 0.100600 0.091900 0.081400 0.078500 0.098400 0.091900 0.096800 0.080100 0.090600 0.090400 0.086400 0.094400 0.086200 0.094800 0.088900 0.094800 0.088300 0.098800 0.000000 0.086300 0.085300 0.088300 0.081100 0.084100 0.097400 0.090800 0.093400 0.091700 0.088400 0.091100 0.091900 0.099600 0.091700 0.086300 0.091800 0.086000 0.094300 0.097400
BlueWildeb 0.031100 0.218400 0.063000 0.273900 0.053700 0.031100 0.041100 0.057100 0.068000 0.084400 0.038500 0.061400 0.011900 0.046100 0.055300 0.048600 0.091300 0.085900 0.045900 0.068100 0.045900 0.031200 0.083900 0.083700 0.041100 0.033600 0.009500 0.067600 0.043400 0.070100 0.076400 0.046000 0.086300 0.000000 0.031200 0.061200 0.033700 0.046300 0.043600 0.089300 0.081500 0.036100 0.076500 0.083700 0.066300 0.053500 0.041000 0.038500 0.043600 0.071500 0.070600 0.071900
Gemsbok 0.028700 0.213900 0.065500 0.288700 0.058800 0.028700 0.051100 0.052600 0.070400 0.091700 0.036000 0.058700 0.033600 0.056200 0.057800 0.046100 0.094000 0.085900 0.040900 0.070600 0.048400 0.028700 0.091700 0.086300 0.038600 0.036100 0.031200 0.070800 0.040900 0.073400 0.089400 0.051000 0.085300 0.031200 0.000000 0.058500 0.031200 0.051300 0.048100 0.091400 0.089300 0.038500 0.088900 0.086300 0.063500 0.048500 0.043500 0.036100 0.048600 0.074100 0.073100 0.075200
Yak 0.043500 0.212800 0.040400 0.266500 0.069200 0.043500 0.066500 0.063500 0.050300 0.084000 0.046100 0.028900 0.063600 0.071700 0.058700 0.061400 0.089100 0.091500 0.067800 0.045400 0.070600 0.038700 0.078100 0.088400 0.048700 0.066300 0.061200 0.048000 0.066200 0.048000 0.075900 0.061300 0.088300 0.061200 0.058500 0.000000 0.041100 0.061600 0.068200 0.088800 0.080900 0.063700 0.076000 0.093700 0.009500 0.079200 0.061200 0.058600 0.071600 0.069100 0.052900 0.050500
BlueSheep 0.007100 0.217800 0.053700 0.263800 0.046200 0.007100 0.038700 0.040800 0.058600 0.080600 0.004700 0.051300 0.036100 0.043700 0.041000 0.038700 0.087000 0.089300 0.033600 0.058700 0.048400 0.002300 0.076200 0.081200 0.007100 0.038600 0.033600 0.058900 0.036000 0.061500 0.073900 0.033700 0.081100 0.033700 0.031200 0.041100 0.000000 0.038800 0.043700 0.086100 0.073800 0.036100 0.073300 0.081200 0.046000 0.051000 0.038200 0.033600 0.046100 0.063900 0.066300 0.063300
BohorReedb 0.041200 0.220400 0.068600 0.264400 0.016800 0.041200 0.038900 0.061100 0.073600 0.098200 0.043700 0.064300 0.051200 0.048900 0.056400 0.054000 0.097200 0.099700 0.048700 0.073800 0.063900 0.036300 0.092200 0.097300 0.041300 0.053800 0.048800 0.074000 0.053700 0.076600 0.089900 0.043800 0.084100 0.046300 0.051300 0.061600 0.038800 0.000000 0.054000 0.097800 0.089800 0.051300 0.090100 0.081600 0.066700 0.051100 0.056400 0.046200 0.051400 0.071100 0.081500 0.078400
KirksDik 0.046000 0.224000 0.078400 0.291700 0.061600 0.046100 0.053800 0.048400 0.083400 0.103300 0.048600 0.074100 0.048600 0.059000 0.066400 0.043600 0.104300 0.104000 0.047700 0.083600 0.053300 0.041200 0.100000 0.097200 0.051200 0.038500 0.046100 0.083100 0.040900 0.085000 0.095000 0.053700 0.097400 0.043600 0.048100 0.068200 0.043700 0.054000 0.000000 0.095000 0.092300 0.036000 0.095100 0.094500 0.073500 0.063800 0.033600 0.048600 0.053800 0.066700 0.088800 0.087700
RoeDeer 0.085900 0.226100 0.104000 0.297500 0.105500 0.086000 0.099500 0.109400 0.109100 0.048000 0.091400 0.099600 0.094500 0.105600 0.101900 0.102900 0.101200 0.090500 0.101800 0.109400 0.102100 0.083600 0.042800 0.037900 0.094100 0.094600 0.091900 0.112400 0.097000 0.112400 0.040500 0.094700 0.090800 0.089300 0.091400 0.088800 0.086100 0.097800 0.095000 0.000000 0.040500 0.097200 0.040600 0.037900 0.089000 0.107900 0.105200 0.091400 0.099300 0.083900 0.117300 0.115100
WhiteLippe 0.073500 0.232100 0.096000 0.285700 0.097600 0.073600 0.091500 0.103400 0.101100 0.026100 0.078900 0.091600 0.086700 0.097500 0.096500 0.100200 0.082900 0.085300 0.094400 0.101300 0.104700 0.071200 0.007000 0.045200 0.081600 0.091900 0.084100 0.104300 0.099600 0.104300 0.018800 0.081600 0.093400 0.081500 0.089300 0.080900 0.073800 0.089800 0.092300 0.040500 0.000000 0.094500 0.018800 0.050100 0.075800 0.099900 0.097200 0.088500 0.091400 0.086500 0.109300 0.106200
ThomsonGaz 0.033500 0.229500 0.065700 0.296500 0.058800 0.033600 0.051100 0.040000 0.070600 0.097500 0.041000 0.069100 0.038500 0.056200 0.057700 0.026200 0.102200 0.099200 0.050900 0.070800 0.045600 0.033700 0.096900 0.096800 0.043600 0.002300 0.036000 0.070200 0.026100 0.072100 0.089400 0.051000 0.091700 0.036100 0.038500 0.063700 0.036100 0.051300 0.036000 0.097200 0.094500 0.000000 0.089500 0.091500 0.068900 0.063600 0.033400 0.036000 0.053600 0.076100 0.078500 0.074600
MuntiacusC 0.073100 0.231400 0.085700 0.295500 0.097900 0.073100 0.091800 0.101600 0.090700 0.011800 0.078500 0.086600 0.081700 0.097800 0.096800 0.100400 0.088300 0.090800 0.094100 0.091000 0.105000 0.070700 0.016400 0.035500 0.081200 0.086900 0.079100 0.093200 0.099900 0.093200 0.004700 0.087000 0.088400 0.076500 0.088900 0.076000 0.073300 0.090100 0.095100 0.040600 0.018800 0.089500 0.000000 0.045300 0.076100 0.100200 0.092100 0.088800 0.091700 0.092000 0.098900 0.095800
WhiteTaile 0.080900 0.235100 0.109600 0.295000 0.089200 0.081000 0.083300 0.103600 0.114600 0.052700 0.086300 0.107200 0.083700 0.094400 0.109400 0.097100 0.111800 0.103700 0.096500 0.115000 0.101600 0.078600 0.047500 0.028200 0.083900 0.088900 0.086300 0.115300 0.096600 0.118100 0.045200 0.083800 0.091100 0.083700 0.086300 0.093700 0.081200 0.081600 0.094500 0.037900 0.050100 0.091500 0.045300 0.000000 0.093900 0.102100 0.094200 0.088300 0.088400 0.093800 0.122900 0.120700
Cattle 0.048500 0.213000 0.045400 0.270100 0.074400 0.048600 0.071700 0.068600 0.055400 0.084100 0.051100 0.033800 0.068800 0.076900 0.063800 0.066600 0.094500 0.091600 0.073000 0.050500 0.075900 0.043700 0.073000 0.088500 0.053700 0.071400 0.066300 0.053100 0.071300 0.053100 0.076000 0.061300 0.091900 0.066300 0.063500 0.009500 0.046000 0.066700 0.073500 0.089000 0.075800 0.068900 0.076100 0.093900 0.000000 0.084500 0.066300 0.063600 0.076800 0.074300 0.058000 0.055600
RoyalAntel 0.053400 0.223700 0.086600 0.290600 0.053600 0.053500 0.060600 0.073500 0.091600 0.103000 0.056000 0.076800 0.058500 0.066400 0.068700 0.061200 0.096700 0.099200 0.055900 0.091800 0.071100 0.048500 0.102300 0.102100 0.058600 0.066100 0.056000 0.092100 0.060900 0.094800 0.100000 0.061100 0.099600 0.053500 0.048500 0.079200 0.051000 0.051100 0.063800 0.107900 0.099900 0.063600 0.100200 0.102100 0.084500 0.000000 0.063600 0.057800 0.058700 0.087200 0.094300 0.096800
Steenbok 0.038500 0.232800 0.070800 0.286900 0.063900 0.038500 0.056200 0.035900 0.075800 0.100200 0.041000 0.063900 0.043400 0.061300 0.058500 0.040900 0.104700 0.101800 0.056000 0.076000 0.040800 0.033700 0.099600 0.083800 0.043600 0.035900 0.041000 0.075500 0.035800 0.077400 0.092000 0.055800 0.091700 0.041000 0.043500 0.061200 0.038200 0.056400 0.033600 0.105200 0.097200 0.033400 0.092100 0.094200 0.066300 0.063600 0.000000 0.041100 0.053600 0.074100 0.078400 0.080000
Impala 0.031100 0.213400 0.061100 0.283900 0.053700 0.031100 0.048600 0.044900 0.066000 0.096900 0.038500 0.063900 0.040900 0.053600 0.042600 0.043600 0.099200 0.096300 0.048400 0.066200 0.050900 0.031200 0.091000 0.090900 0.041000 0.038500 0.038500 0.068900 0.043400 0.069000 0.088700 0.048500 0.086300 0.038500 0.036100 0.058600 0.033600 0.046200 0.048600 0.091400 0.088500 0.036000 0.088800 0.088300 0.063600 0.057800 0.041100 0.000000 0.050300 0.073300 0.076400 0.065500
Klipspring 0.043500 0.230600 0.081200 0.277100 0.053900 0.043600 0.050500 0.062900 0.080900 0.099800 0.051100 0.071800 0.048500 0.053800 0.063200 0.061400 0.099600 0.102000 0.056000 0.081200 0.063600 0.043600 0.093800 0.093600 0.053700 0.056100 0.046100 0.081400 0.056000 0.084000 0.091500 0.048600 0.091800 0.043600 0.048600 0.071600 0.046100 0.051400 0.053800 0.099300 0.091400 0.053600 0.091700 0.088400 0.076800 0.058700 0.053600 0.050300 0.000000 0.076900 0.083600 0.086000
ForestMusk 0.066200 0.220500 0.077000 0.279700 0.078900 0.066300 0.076100 0.084100 0.087100 0.094700 0.068900 0.071900 0.073400 0.084900 0.076700 0.076900 0.105200 0.094300 0.079400 0.082200 0.086400 0.061300 0.088800 0.093900 0.071600 0.078700 0.070800 0.082400 0.071400 0.085100 0.091800 0.079400 0.086000 0.071500 0.074100 0.069100 0.063900 0.071100 0.066700 0.083900 0.086500 0.076100 0.092000 0.093800 0.074300 0.087200 0.074100 0.073300 0.076900 0.000000 0.089900 0.087600
Bushbuck 0.068600 0.235500 0.014300 0.311900 0.089300 0.068700 0.081200 0.084900 0.014200 0.112500 0.071300 0.058000 0.073100 0.091900 0.079100 0.081300 0.105600 0.097300 0.086200 0.009500 0.085300 0.063000 0.106400 0.111400 0.074000 0.081100 0.070600 0.011900 0.080900 0.011900 0.104000 0.086400 0.094300 0.070600 0.073100 0.052900 0.066300 0.081500 0.088800 0.117300 0.109300 0.078500 0.098900 0.122900 0.058000 0.094300 0.078400 0.076400 0.083600 0.089900 0.000000 0.014300
GreaterKud 0.065600 0.226900 0.009500 0.308400 0.086300 0.065600 0.078100 0.079800 0.009500 0.109500 0.068400 0.060900 0.074400 0.088900 0.070900 0.078400 0.108000 0.105000 0.083300 0.004800 0.087600 0.059900 0.104000 0.114500 0.071100 0.077300 0.071800 0.002400 0.083200 0.002400 0.101000 0.083400 0.097400 0.071900 0.075200 0.050500 0.063300 0.078400 0.087700 0.115100 0.106200 0.074600 0.095800 0.120700 0.055600 0.096800 0.080000 0.065500 0.086000 0.087600 0.014300 0.000000
