1
52 1
Argali 0.000000 0.205600 0.046100 0.207500 0.064300 0.003900 0.081400 0.054700 0.072300 0.090800 0.007900 0.050400 0.024700 0.081400 0.037500 0.041800 0.091000 0.095600 0.015900 0.059200 0.063400 0.012200 0.090700 0.081900 0.012200 0.054800 0.016400 0.067900 0.050500 0.054800 0.090700 0.068200 0.085800 0.024700 0.016500 0.042000 0.012300 0.059600 0.085900 0.103900 0.086100 0.046000 0.086100 0.068900 0.050600 0.059000 0.054900 0.072200 0.046100 0.072800 0.063900 0.050800
LesserMous 0.205600 0.000000 0.201400 0.291300 0.202800 0.205700 0.233800 0.216600 0.211600 0.196500 0.205600 0.201600 0.217200 0.233800 0.190600 0.207100 0.202200 0.213200 0.206600 0.211900 0.227400 0.200600 0.196300 0.176000 0.200600 0.212400 0.206500 0.206600 0.207300 0.212100 0.196200 0.218300 0.186500 0.216800 0.207100 0.181600 0.200600 0.212900 0.206900 0.164900 0.190900 0.212100 0.191100 0.171700 0.181700 0.196800 0.223500 0.227700 0.196800 0.202000 0.223900 0.218400
LesserKudu 0.046100 0.201400 0.000000 0.198600 0.069200 0.046100 0.086500 0.068200 0.024800 0.082200 0.054800 0.055100 0.055100 0.086500 0.059600 0.055300 0.077700 0.073300 0.055100 0.012000 0.086400 0.050500 0.077500 0.068700 0.059200 0.068700 0.046400 0.020700 0.064300 0.008000 0.082100 0.082200 0.072700 0.055000 0.046500 0.037900 0.050600 0.068900 0.091100 0.090800 0.073000 0.059600 0.077500 0.055800 0.046500 0.055200 0.068700 0.081600 0.050900 0.068900 0.016600 0.020900
KillerWhal 0.207500 0.291300 0.198600 0.000000 0.222100 0.207600 0.237200 0.208400 0.231100 0.203500 0.196700 0.203700 0.198000 0.237400 0.214700 0.204200 0.193800 0.194000 0.198000 0.215400 0.242400 0.191800 0.199400 0.204900 0.202300 0.221100 0.198100 0.225800 0.204900 0.209700 0.203000 0.232500 0.208500 0.208500 0.198500 0.183300 0.202800 0.238500 0.247800 0.241300 0.193800 0.209300 0.197400 0.201300 0.193900 0.209200 0.215400 0.235600 0.198900 0.205800 0.216500 0.206000
DefassaWat 0.064300 0.202800 0.069200 0.222100 0.000000 0.068800 0.096700 0.087100 0.078100 0.116000 0.064300 0.073600 0.055700 0.096700 0.078300 0.064800 0.106600 0.106700 0.055700 0.073900 0.087200 0.059900 0.115200 0.106700 0.068800 0.078500 0.055700 0.073700 0.074000 0.069300 0.115800 0.092400 0.101200 0.064500 0.055900 0.064900 0.060000 0.016900 0.096500 0.110400 0.110300 0.069200 0.110900 0.093300 0.065000 0.064700 0.073900 0.091600 0.060300 0.097600 0.074100 0.074300
Sheep 0.003900 0.205700 0.046100 0.207600 0.068800 0.000000 0.081500 0.054700 0.072300 0.090900 0.011900 0.050400 0.029000 0.081400 0.041800 0.041800 0.091000 0.095700 0.020100 0.059300 0.058600 0.016300 0.090800 0.081900 0.015900 0.054900 0.020600 0.068000 0.050600 0.054800 0.090800 0.068200 0.090400 0.028900 0.020700 0.042000 0.016400 0.064000 0.085900 0.104000 0.086200 0.046100 0.086100 0.068900 0.050600 0.059100 0.054900 0.076800 0.046200 0.072900 0.064000 0.050800
MaxwellsDu 0.081400 0.233800 0.086500 0.237200 0.096700 0.081500 0.000000 0.095400 0.095400 0.115000 0.081400 0.081900 0.081900 0.008200 0.095800 0.073000 0.115100 0.124700 0.091100 0.091200 0.100300 0.086100 0.124300 0.115100 0.077000 0.086800 0.072800 0.091000 0.082300 0.086500 0.114800 0.020800 0.109600 0.072800 0.073000 0.073200 0.086300 0.091700 0.114100 0.137800 0.119400 0.077400 0.119400 0.092400 0.082200 0.091100 0.077800 0.090900 0.077600 0.115500 0.096300 0.073500
GazellaPrz 0.054700 0.216600 0.068200 0.208400 0.087100 0.054700 0.095400 0.000000 0.095100 0.105000 0.054700 0.072700 0.054900 0.095300 0.059400 0.020700 0.105200 0.114700 0.063800 0.081800 0.041900 0.059100 0.104900 0.095900 0.059100 0.033500 0.046200 0.090700 0.029200 0.077200 0.104900 0.091100 0.109200 0.054800 0.046300 0.064000 0.059200 0.091400 0.063600 0.118300 0.100200 0.024900 0.090900 0.082800 0.073000 0.072700 0.025000 0.090500 0.050700 0.082500 0.086800 0.073200
MountainNy 0.072300 0.211600 0.024800 0.231100 0.078100 0.072300 0.095400 0.095100 0.000000 0.100500 0.081300 0.072700 0.081700 0.095500 0.086400 0.072900 0.095900 0.091400 0.081700 0.020200 0.099900 0.076900 0.095700 0.086700 0.085800 0.086600 0.072700 0.004100 0.082100 0.016500 0.100300 0.091100 0.090800 0.081500 0.072900 0.055200 0.077000 0.077800 0.104700 0.109100 0.091000 0.077300 0.095700 0.073700 0.055200 0.072800 0.086600 0.081500 0.068400 0.087000 0.033500 0.037900
MuntiacusM 0.090800 0.196500 0.082200 0.203500 0.116000 0.090900 0.115000 0.105000 0.100500 0.000000 0.081700 0.091500 0.091300 0.115000 0.096100 0.091700 0.064600 0.073600 0.082100 0.096200 0.124500 0.077300 0.042200 0.055400 0.086300 0.105800 0.082100 0.096000 0.101200 0.091500 0.008200 0.110600 0.086700 0.082100 0.082400 0.073500 0.086500 0.115500 0.138800 0.109200 0.037800 0.096200 0.012300 0.042600 0.073500 0.100700 0.096600 0.095900 0.087100 0.078200 0.101300 0.073700
goat 0.007900 0.205600 0.054800 0.196700 0.064300 0.011900 0.081400 0.054700 0.081300 0.081700 0.000000 0.050400 0.024700 0.081400 0.037500 0.041800 0.081800 0.091000 0.016400 0.068100 0.063400 0.003900 0.081600 0.072800 0.004000 0.054800 0.016400 0.076900 0.050500 0.063600 0.081600 0.068200 0.076800 0.024700 0.016500 0.042000 0.012300 0.059600 0.085900 0.103900 0.077100 0.046000 0.077000 0.068900 0.050600 0.059000 0.054900 0.072200 0.046100 0.072100 0.072900 0.059600
AfricanBuf 0.050400 0.201600 0.055100 0.203700 0.073600 0.050400 0.081900 0.072700 0.072700 0.091500 0.050400 0.000000 0.050700 0.081900 0.064000 0.050900 0.082300 0.091500 0.050700 0.059600 0.072800 0.054900 0.086700 0.077800 0.054800 0.064200 0.050700 0.068300 0.059800 0.055100 0.091300 0.068600 0.095500 0.059400 0.050800 0.025000 0.055000 0.077900 0.100100 0.099900 0.082100 0.055200 0.086700 0.064800 0.033500 0.059500 0.059700 0.072600 0.055300 0.073500 0.059800 0.051100
Topi 0.024700 0.217200 0.055100 0.198000 0.055700 0.029000 0.081900 0.054900 0.081700 0.091300 0.024700 0.050700 0.000000 0.081800 0.046400 0.042000 0.082300 0.091400 0.024900 0.068500 0.072600 0.029000 0.091200 0.082300 0.029000 0.055200 0.008000 0.077300 0.050800 0.064000 0.091200 0.077600 0.086300 0.016500 0.016600 0.050900 0.029100 0.059900 0.086300 0.113900 0.086600 0.046300 0.086500 0.069300 0.059700 0.050600 0.050800 0.077100 0.046400 0.073300 0.068700 0.060000
CommonDuik 0.081400 0.233800 0.086500 0.237400 0.096700 0.081400 0.008200 0.095300 0.095500 0.115000 0.081400 0.081900 0.081800 0.000000 0.095800 0.073000 0.115100 0.124800 0.091100 0.091200 0.100300 0.086100 0.124300 0.115000 0.077000 0.086800 0.072800 0.091000 0.082300 0.086500 0.114800 0.012400 0.119100 0.072700 0.073000 0.073200 0.086300 0.091700 0.114100 0.128200 0.119400 0.077400 0.119400 0.092400 0.082200 0.091100 0.077700 0.090900 0.077600 0.115500 0.096300 0.073500
Suni 0.037500 0.190600 0.059600 0.214700 0.078300 0.041800 0.095800 0.059400 0.086400 0.096100 0.037500 0.064000 0.046400 0.095800 0.000000 0.055300 0.087000 0.105600 0.037700 0.068500 0.068400 0.033300 0.096000 0.077800 0.041800 0.059800 0.037700 0.081900 0.055400 0.068500 0.095900 0.082200 0.090900 0.046300 0.037800 0.046600 0.033400 0.077900 0.091000 0.095300 0.091300 0.059700 0.091200 0.064800 0.055400 0.064100 0.059800 0.068200 0.051000 0.078100 0.068900 0.064500
Springbuck 0.041800 0.207100 0.055300 0.204200 0.064800 0.041800 0.073000 0.020700 0.072900 0.091700 0.041800 0.050900 0.042000 0.073000 0.055300 0.000000 0.091800 0.101200 0.050800 0.059700 0.029100 0.043000 0.091600 0.082600 0.046100 0.012400 0.033400 0.068500 0.008300 0.055300 0.091500 0.068800 0.095800 0.042000 0.033600 0.042300 0.046400 0.069000 0.055000 0.095400 0.086900 0.004000 0.077700 0.069600 0.051100 0.050700 0.012000 0.077300 0.029300 0.078100 0.064500 0.051300
Okapi 0.091000 0.202200 0.077700 0.193800 0.106600 0.091000 0.115100 0.105200 0.095900 0.064600 0.081800 0.082300 0.082300 0.115100 0.087000 0.091800 0.000000 0.016800 0.073200 0.091600 0.124600 0.077400 0.078000 0.051200 0.086500 0.096600 0.082300 0.091400 0.092100 0.086900 0.073500 0.110800 0.068700 0.082300 0.082500 0.073500 0.086700 0.115600 0.129100 0.119200 0.073400 0.096300 0.077900 0.038400 0.073500 0.091500 0.092000 0.109900 0.087200 0.069300 0.092000 0.073900
Giraffe 0.095600 0.213200 0.073300 0.194000 0.106700 0.095700 0.124700 0.114700 0.091400 0.073600 0.091000 0.091500 0.091400 0.124800 0.105600 0.101200 0.016800 0.000000 0.082200 0.087100 0.134400 0.086500 0.087200 0.069100 0.095700 0.115500 0.091500 0.087000 0.110900 0.082500 0.082700 0.120400 0.068800 0.091400 0.091700 0.082700 0.095900 0.115800 0.129300 0.128900 0.082500 0.105700 0.087100 0.056200 0.082700 0.091600 0.101400 0.119400 0.096500 0.078400 0.087500 0.078500
TibetanAnt 0.015900 0.206600 0.055100 0.198000 0.055700 0.020100 0.091100 0.063800 0.081700 0.082100 0.016400 0.050700 0.024900 0.091100 0.037700 0.050800 0.073200 0.082200 0.000000 0.068500 0.072700 0.012000 0.091300 0.073200 0.020600 0.064100 0.024900 0.077300 0.059700 0.064000 0.091200 0.077600 0.086300 0.033300 0.025000 0.042200 0.012300 0.064300 0.095600 0.104500 0.086600 0.055100 0.086600 0.060300 0.050900 0.047100 0.059600 0.072600 0.046400 0.064200 0.068800 0.060000
Sitatunga 0.059200 0.211900 0.012000 0.215400 0.073900 0.059300 0.091200 0.081800 0.020200 0.096200 0.068100 0.059600 0.068500 0.091200 0.068500 0.059700 0.091600 0.087100 0.068500 0.000000 0.091100 0.063800 0.091400 0.082400 0.072600 0.073200 0.059600 0.016600 0.068800 0.004000 0.096000 0.086900 0.086500 0.068300 0.059700 0.042200 0.063900 0.073500 0.100400 0.090900 0.086700 0.064100 0.091300 0.069300 0.051000 0.059700 0.073300 0.077200 0.055300 0.082700 0.020500 0.025100
Oribi 0.063400 0.227400 0.086400 0.242400 0.087200 0.058600 0.100300 0.041900 0.099900 0.124500 0.063400 0.072800 0.072600 0.100300 0.068400 0.029100 0.124600 0.134400 0.072700 0.091100 0.000000 0.067900 0.124300 0.115100 0.067800 0.042000 0.063700 0.095500 0.037800 0.086400 0.124200 0.086700 0.128600 0.072500 0.064100 0.064200 0.068200 0.091500 0.072500 0.118500 0.119400 0.033300 0.109800 0.101600 0.073100 0.081700 0.033400 0.095300 0.059500 0.096000 0.096100 0.082400
BarbaryShe 0.012200 0.200600 0.050500 0.191800 0.059900 0.016300 0.086100 0.059100 0.076900 0.077300 0.003900 0.054900 0.029000 0.086100 0.033300 0.043000 0.077400 0.086500 0.012000 0.063800 0.067900 0.000000 0.077200 0.068500 0.008100 0.059300 0.020600 0.072500 0.055000 0.059300 0.077200 0.072800 0.072400 0.028900 0.020700 0.037700 0.008200 0.059600 0.090600 0.099500 0.072700 0.046900 0.072700 0.064500 0.046300 0.054700 0.059400 0.067900 0.041900 0.068400 0.068500 0.055300
Daviddeer 0.090700 0.196300 0.077500 0.199400 0.115200 0.090800 0.124300 0.104900 0.095700 0.042200 0.081600 0.086700 0.091200 0.124300 0.096000 0.091600 0.078000 0.087200 0.091300 0.091400 0.124300 0.077200 0.000000 0.059700 0.086200 0.105700 0.082100 0.091200 0.101100 0.086700 0.042100 0.119900 0.082000 0.082000 0.082300 0.068900 0.086500 0.115500 0.138700 0.118500 0.004100 0.096000 0.037800 0.055700 0.068900 0.100600 0.105800 0.105000 0.087000 0.078200 0.096500 0.073600
Reindeer 0.081900 0.176000 0.068700 0.204900 0.106700 0.081900 0.115100 0.095900 0.086700 0.055400 0.072800 0.077800 0.082300 0.115000 0.077800 0.082600 0.051200 0.069100 0.073200 0.082400 0.115100 0.068500 0.059700 0.000000 0.077400 0.078200 0.073200 0.082200 0.082800 0.077800 0.064000 0.105900 0.073200 0.082200 0.073400 0.060100 0.077600 0.106100 0.129200 0.090700 0.055200 0.087100 0.059500 0.021000 0.060100 0.082400 0.096700 0.105200 0.069000 0.069300 0.087400 0.073800
Ibex 0.012200 0.200600 0.059200 0.202300 0.068800 0.015900 0.077000 0.059100 0.085800 0.086300 0.004000 0.054800 0.029000 0.077000 0.041800 0.046100 0.086500 0.095700 0.020600 0.072600 0.067800 0.008100 0.086200 0.077400 0.000000 0.059300 0.019800 0.081400 0.054900 0.068100 0.086200 0.063800 0.072400 0.028900 0.020700 0.046300 0.016400 0.064000 0.090500 0.108700 0.081600 0.050400 0.081600 0.073500 0.055000 0.063500 0.059300 0.067900 0.050500 0.077400 0.077500 0.064100
GyrantGaze 0.054800 0.212400 0.068700 0.221100 0.078500 0.054900 0.086800 0.033500 0.086600 0.105800 0.054800 0.064200 0.055200 0.086800 0.059800 0.012400 0.096600 0.115500 0.064100 0.073200 0.042000 0.059300 0.105700 0.078200 0.059300 0.000000 0.046400 0.082100 0.012400 0.068700 0.105600 0.077900 0.110000 0.055100 0.046700 0.055600 0.059600 0.082800 0.068400 0.100100 0.100900 0.008200 0.091500 0.074200 0.064400 0.051600 0.024100 0.091100 0.042200 0.092000 0.078200 0.064700
Hartebeest 0.016400 0.206500 0.046400 0.198100 0.055700 0.020600 0.072800 0.046200 0.072700 0.082100 0.016400 0.050700 0.008000 0.072800 0.037700 0.033400 0.082300 0.091500 0.024900 0.059600 0.063700 0.020600 0.082100 0.073200 0.019800 0.046400 0.000000 0.068300 0.042100 0.055100 0.082000 0.068600 0.077200 0.008200 0.008200 0.042200 0.020700 0.051100 0.077200 0.104500 0.077500 0.037700 0.077400 0.060300 0.050900 0.050600 0.046400 0.068100 0.035800 0.073300 0.064300 0.051100
Bongo 0.067900 0.206600 0.020700 0.225800 0.073700 0.068000 0.091000 0.090700 0.004100 0.096000 0.076900 0.068300 0.077300 0.091000 0.081900 0.068500 0.091400 0.087000 0.077300 0.016600 0.095500 0.072500 0.091200 0.082200 0.081400 0.082100 0.068300 0.000000 0.077700 0.012400 0.095800 0.086700 0.086300 0.077100 0.068500 0.050900 0.072700 0.073400 0.100200 0.104600 0.086600 0.072900 0.091200 0.069200 0.050900 0.068400 0.082200 0.077100 0.064100 0.082600 0.029300 0.033600
Gerenuk 0.050500 0.207300 0.064300 0.204900 0.074000 0.050600 0.082300 0.029200 0.082100 0.101200 0.050500 0.059800 0.050800 0.082300 0.055400 0.008300 0.092100 0.110900 0.059700 0.068800 0.037800 0.055000 0.101100 0.082800 0.054900 0.012400 0.042100 0.077700 0.000000 0.064300 0.101000 0.078000 0.105400 0.050700 0.042300 0.051200 0.055300 0.078200 0.064000 0.095600 0.096300 0.012000 0.087000 0.069700 0.060000 0.059600 0.020900 0.086600 0.037900 0.087500 0.073700 0.060300
CommonElan 0.054800 0.212100 0.008000 0.209700 0.069300 0.054800 0.086500 0.077200 0.016500 0.091500 0.063600 0.055100 0.064000 0.086500 0.068500 0.055300 0.086900 0.082500 0.064000 0.004000 0.086400 0.059300 0.086700 0.077800 0.068100 0.068700 0.055100 0.012400 0.064300 0.000000 0.091300 0.082200 0.081800 0.063900 0.055300 0.037900 0.059400 0.068900 0.095600 0.090900 0.082100 0.059600 0.086700 0.064800 0.046600 0.055200 0.068700 0.072600 0.050900 0.078100 0.016600 0.020900
MuntiacusR 0.090700 0.196200 0.082100 0.203000 0.115800 0.090800 0.114800 0.104900 0.100300 0.008200 0.081600 0.091300 0.091200 0.114800 0.095900 0.091500 0.073500 0.082700 0.091200 0.096000 0.124200 0.077200 0.042100 0.064000 0.086200 0.105600 0.082000 0.095800 0.101000 0.091300 0.000000 0.110400 0.086600 0.082000 0.082200 0.073400 0.086400 0.115300 0.138600 0.109000 0.037800 0.096000 0.012200 0.051300 0.073400 0.100500 0.096400 0.095700 0.086900 0.087300 0.101200 0.073600
HarveysDui 0.068200 0.218300 0.082200 0.232500 0.092400 0.068200 0.020800 0.091100 0.091100 0.110600 0.068200 0.068600 0.077600 0.012400 0.082200 0.068800 0.110800 0.120400 0.077600 0.086900 0.086700 0.072800 0.119900 0.105900 0.063800 0.077900 0.068600 0.086700 0.078000 0.082200 0.110400 0.000000 0.114700 0.068500 0.068700 0.059900 0.072900 0.087300 0.109700 0.114300 0.115000 0.073200 0.115000 0.088100 0.068800 0.082200 0.073500 0.082100 0.073300 0.101600 0.091900 0.069200
Pronghorn 0.085800 0.186500 0.072700 0.208500 0.101200 0.090400 0.109600 0.109200 0.090800 0.086700 0.076800 0.095500 0.086300 0.119100 0.090900 0.095800 0.068700 0.068800 0.086300 0.086500 0.128600 0.072400 0.082000 0.073200 0.072400 0.110000 0.077200 0.086300 0.105400 0.081800 0.086600 0.114700 0.000000 0.086100 0.077400 0.077500 0.081500 0.100800 0.123800 0.114000 0.077400 0.100300 0.082000 0.069200 0.077500 0.095600 0.110100 0.104500 0.091200 0.091600 0.091500 0.087000
BlueWildeb 0.024700 0.216800 0.055000 0.208500 0.064500 0.028900 0.072800 0.054800 0.081500 0.082100 0.024700 0.059400 0.016500 0.072700 0.046300 0.042000 0.082300 0.091400 0.033300 0.068300 0.072500 0.028900 0.082000 0.082200 0.028900 0.055100 0.008200 0.077100 0.050700 0.063900 0.082000 0.068500 0.086100 0.000000 0.016600 0.050800 0.029100 0.059800 0.086100 0.113700 0.077400 0.046200 0.086400 0.060200 0.059600 0.059200 0.046400 0.068100 0.046300 0.082200 0.073200 0.051100
Gemsbok 0.016500 0.207100 0.046500 0.198500 0.055900 0.020700 0.073000 0.046300 0.072900 0.082400 0.016500 0.050800 0.016600 0.073000 0.037800 0.033600 0.082500 0.091700 0.025000 0.059700 0.064100 0.020700 0.082300 0.073400 0.020700 0.046700 0.008200 0.068500 0.042300 0.055300 0.082200 0.068700 0.077400 0.016600 0.000000 0.042300 0.020800 0.051200 0.077400 0.104800 0.077700 0.037900 0.077600 0.060400 0.051000 0.050900 0.046700 0.068300 0.038000 0.073700 0.064500 0.051300
Yak 0.042000 0.181600 0.037900 0.183300 0.064900 0.042000 0.073200 0.064000 0.055200 0.073500 0.042000 0.025000 0.050900 0.073200 0.046600 0.042300 0.073500 0.082700 0.042200 0.042200 0.064200 0.037700 0.068900 0.060100 0.046300 0.055600 0.042200 0.050900 0.051200 0.037900 0.073400 0.059900 0.077500 0.050800 0.042300 0.000000 0.037800 0.064600 0.091200 0.081900 0.064300 0.046600 0.068800 0.047200 0.008300 0.051000 0.055600 0.055100 0.038000 0.055800 0.046800 0.033800
BlueSheep 0.012300 0.200600 0.050600 0.202800 0.060000 0.016400 0.086300 0.059200 0.077000 0.086500 0.012300 0.055000 0.029100 0.086300 0.033400 0.046400 0.086700 0.095900 0.012300 0.063900 0.068200 0.008200 0.086500 0.077600 0.016400 0.059600 0.020700 0.072700 0.055300 0.059400 0.086400 0.072900 0.081500 0.029100 0.020800 0.037800 0.000000 0.059700 0.090800 0.099600 0.081800 0.050700 0.081800 0.064600 0.046400 0.055000 0.059700 0.068000 0.042100 0.068800 0.068700 0.055400
BohorReedb 0.059600 0.212900 0.068900 0.238500 0.016900 0.064000 0.091700 0.091400 0.077800 0.115500 0.059600 0.077900 0.059900 0.091700 0.077900 0.069000 0.115600 0.115800 0.064300 0.073500 0.091500 0.059600 0.115500 0.106100 0.064000 0.082800 0.051100 0.073400 0.078200 0.068900 0.115300 0.087300 0.100800 0.059800 0.051200 0.064600 0.059700 0.000000 0.100900 0.119400 0.110600 0.073400 0.110500 0.092800 0.064700 0.073500 0.082800 0.091200 0.069000 0.097100 0.078400 0.073900
KirksDik 0.085900 0.206900 0.091100 0.247800 0.096500 0.085900 0.114100 0.063600 0.104700 0.138800 0.085900 0.100100 0.086300 0.114100 0.091000 0.055000 0.129100 0.129300 0.095600 0.100400 0.072500 0.090600 0.138700 0.129200 0.090500 0.068400 0.077200 0.100200 0.064000 0.095600 0.138600 0.109700 0.123800 0.086100 0.077400 0.091200 0.090800 0.100900 0.000000 0.118600 0.133700 0.059400 0.123900 0.115700 0.100500 0.081900 0.059500 0.118400 0.077400 0.120000 0.105500 0.100800
RoeDeer 0.103900 0.164900 0.090800 0.241300 0.110400 0.104000 0.137800 0.118300 0.109100 0.109200 0.103900 0.099900 0.113900 0.128200 0.095300 0.095400 0.119200 0.128900 0.104500 0.090900 0.118500 0.099500 0.118500 0.090700 0.108700 0.100100 0.104500 0.104600 0.095600 0.090900 0.109000 0.114300 0.114000 0.113700 0.104800 0.081900 0.099600 0.119400 0.118600 0.000000 0.113600 0.099900 0.104300 0.077700 0.091000 0.095300 0.109600 0.123100 0.081700 0.110000 0.100600 0.105300
WhiteLippe 0.086100 0.190900 0.073000 0.193800 0.110300 0.086200 0.119400 0.100200 0.091000 0.037800 0.077100 0.082100 0.086600 0.119400 0.091300 0.086900 0.073400 0.082500 0.086600 0.086700 0.119400 0.072700 0.004100 0.055200 0.081600 0.100900 0.077500 0.086600 0.096300 0.082100 0.037800 0.115000 0.077400 0.077400 0.077700 0.064300 0.081800 0.110600 0.133700 0.113600 0.000000 0.091300 0.033500 0.051200 0.064300 0.095900 0.100900 0.100200 0.082300 0.073500 0.091700 0.069000
ThomsonGaz 0.046000 0.212100 0.059600 0.209300 0.069200 0.046100 0.077400 0.024900 0.077300 0.096200 0.046000 0.055200 0.046300 0.077400 0.059700 0.004000 0.096300 0.105700 0.055100 0.064100 0.033300 0.046900 0.096000 0.087100 0.050400 0.008200 0.037700 0.072900 0.012000 0.059600 0.096000 0.073200 0.100300 0.046200 0.037900 0.046600 0.050700 0.073400 0.059400 0.099900 0.091300 0.000000 0.082100 0.074000 0.055400 0.055000 0.016600 0.081700 0.033500 0.082500 0.068900 0.055600
MuntiacusC 0.086100 0.191100 0.077500 0.197400 0.110900 0.086100 0.119400 0.090900 0.095700 0.012300 0.077000 0.086700 0.086500 0.119400 0.091200 0.077700 0.077900 0.087100 0.086600 0.091300 0.109800 0.072700 0.037800 0.059500 0.081600 0.091500 0.077400 0.091200 0.087000 0.086700 0.012200 0.115000 0.082000 0.086400 0.077600 0.068800 0.081800 0.110500 0.123900 0.104300 0.033500 0.082100 0.000000 0.055700 0.068800 0.095800 0.091600 0.100200 0.082300 0.082600 0.096400 0.078000
WhiteTaile 0.068900 0.171700 0.055800 0.201300 0.093300 0.068900 0.092400 0.082800 0.073700 0.042600 0.068900 0.064800 0.069300 0.092400 0.064800 0.069600 0.038400 0.056200 0.060300 0.069300 0.101600 0.064500 0.055700 0.021000 0.073500 0.074200 0.060300 0.069200 0.069700 0.064800 0.051300 0.088100 0.069200 0.060200 0.060400 0.047200 0.064600 0.092800 0.115700 0.077700 0.051200 0.074000 0.055700 0.000000 0.047200 0.078400 0.074300 0.082800 0.056000 0.056300 0.074300 0.051900
Cattle 0.050600 0.181700 0.046500 0.193900 0.065000 0.050600 0.082200 0.073000 0.055200 0.073500 0.050600 0.033500 0.059700 0.082200 0.055400 0.051100 0.073500 0.082700 0.050900 0.051000 0.073100 0.046300 0.068900 0.060100 0.055000 0.064400 0.050900 0.050900 0.060000 0.046600 0.073400 0.068800 0.077500 0.059600 0.051000 0.008300 0.046400 0.064700 0.100500 0.091000 0.064300 0.055400 0.068800 0.047200 0.000000 0.059800 0.064500 0.063900 0.046700 0.055800 0.055600 0.042500
RoyalAntel 0.059000 0.196800 0.055200 0.209200 0.064700 0.059100 0.091100 0.072700 0.072800 0.100700 0.059000 0.059500 0.050600 0.091100 0.064100 0.050700 0.091500 0.091600 0.047100 0.059700 0.081700 0.054700 0.100600 0.082400 0.063500 0.051600 0.050600 0.068400 0.059600 0.055200 0.100500 0.082200 0.095600 0.059200 0.050900 0.051000 0.055000 0.073500 0.081900 0.095300 0.095900 0.055000 0.095800 0.078400 0.059800 0.000000 0.059700 0.086100 0.046400 0.091700 0.059900 0.060000
Steenbok 0.054900 0.223500 0.068700 0.215400 0.073900 0.054900 0.077800 0.025000 0.086600 0.096600 0.054900 0.059700 0.050800 0.077700 0.059800 0.012000 0.092000 0.101400 0.059600 0.073300 0.033400 0.059400 0.105800 0.096700 0.059300 0.024100 0.046400 0.082200 0.020900 0.068700 0.096400 0.073500 0.110100 0.046400 0.046700 0.055600 0.059700 0.082800 0.059500 0.109600 0.100900 0.016600 0.091600 0.074300 0.064500 0.059700 0.000000 0.073000 0.042200 0.092000 0.068700 0.055800
Impala 0.072200 0.227700 0.081600 0.235600 0.091600 0.076800 0.090900 0.090500 0.081500 0.095900 0.072200 0.072600 0.077100 0.090900 0.068200 0.077300 0.109900 0.119400 0.072600 0.077200 0.095300 0.067900 0.105000 0.105200 0.067900 0.091100 0.068100 0.077100 0.086600 0.072600 0.095700 0.082100 0.104500 0.068100 0.068300 0.055100 0.068000 0.091200 0.118400 0.123100 0.100200 0.081700 0.100200 0.082800 0.063900 0.086100 0.073000 0.000000 0.072800 0.105600 0.091200 0.068700
Klipspring 0.046100 0.196800 0.050900 0.198900 0.060300 0.046200 0.077600 0.050700 0.068400 0.087100 0.046100 0.055300 0.046400 0.077600 0.051000 0.029300 0.087200 0.096500 0.046400 0.055300 0.059500 0.041900 0.087000 0.069000 0.050500 0.042200 0.035800 0.064100 0.037900 0.050900 0.086900 0.073300 0.091200 0.046300 0.038000 0.038000 0.042100 0.069000 0.077400 0.081700 0.082300 0.033500 0.082300 0.056000 0.046700 0.046400 0.042200 0.072800 0.000000 0.078100 0.060100 0.046900
ForestMusk 0.072800 0.202000 0.068900 0.205800 0.097600 0.072900 0.115500 0.082500 0.087000 0.078200 0.072100 0.073500 0.073300 0.115500 0.078100 0.078100 0.069300 0.078400 0.064200 0.082700 0.096000 0.068400 0.078200 0.069300 0.077400 0.092000 0.073300 0.082600 0.087500 0.078100 0.087300 0.101600 0.091600 0.082200 0.073700 0.055800 0.068800 0.097100 0.120000 0.110000 0.073500 0.082500 0.082600 0.056300 0.055800 0.091700 0.092000 0.105600 0.078100 0.000000 0.087800 0.065000
Bushbuck 0.063900 0.223900 0.016600 0.216500 0.074100 0.064000 0.096300 0.086800 0.033500 0.101300 0.072900 0.059800 0.068700 0.096300 0.068900 0.064500 0.092000 0.087500 0.068800 0.020500 0.096100 0.068500 0.096500 0.087400 0.077500 0.078200 0.064300 0.029300 0.073700 0.016600 0.101200 0.091900 0.091500 0.073200 0.064500 0.046800 0.068700 0.078400 0.105500 0.100600 0.091700 0.068900 0.096400 0.074300 0.055600 0.059900 0.068700 0.091200 0.060100 0.087800 0.000000 0.029500
GreaterKud 0.050800 0.218400 0.020900 0.206000 0.074300 0.050800 0.073500 0.073200 0.037900 0.073700 0.059600 0.051100 0.060000 0.073500 0.064500 0.051300 0.073900 0.078500 0.060000 0.025100 0.082400 0.055300 0.073600 0.073800 0.064100 0.064700 0.051100 0.033600 0.060300 0.020900 0.073600 0.069200 0.087000 0.051100 0.051300 0.033800 0.055400 0.073900 0.100800 0.105300 0.069000 0.055600 0.078000 0.051900 0.042500 0.060000 0.055800 0.068700 0.046900 0.065000 0.029500 0.000000
