1
52 1
Argali 0.000000 0.391900 0.073300 0.264100 0.058800 0.010600 0.047500 0.062100 0.065600 0.081400 0.014100 0.076900 0.050400 0.047300 0.058800 0.058400 0.081000 0.073500 0.039600 0.072900 0.062100 0.017900 0.077200 0.069500 0.014200 0.077500 0.039700 0.065600 0.065900 0.061900 0.069600 0.054700 0.081000 0.036100 0.058200 0.058500 0.017900 0.074200 0.069500 0.069400 0.073400 0.081300 0.081500 0.081200 0.058500 0.047600 0.077100 0.058200 0.047600 0.108600 0.069300 0.073600
LesserMous 0.391900 0.000000 0.418200 0.408300 0.377100 0.392800 0.391700 0.380700 0.411800 0.397800 0.392800 0.427500 0.386800 0.391000 0.388300 0.374600 0.419400 0.414600 0.410700 0.404700 0.386800 0.400000 0.419300 0.403200 0.392800 0.369600 0.379700 0.411300 0.384800 0.406300 0.402000 0.389200 0.390900 0.374900 0.398800 0.404000 0.400500 0.378300 0.390700 0.407200 0.413500 0.379900 0.398100 0.409400 0.404000 0.359200 0.389800 0.400500 0.401900 0.414900 0.422300 0.426100
LesserKudu 0.073300 0.418200 0.000000 0.253100 0.089200 0.085000 0.062200 0.065400 0.013900 0.069400 0.065700 0.046500 0.080100 0.047000 0.058300 0.069300 0.069100 0.061700 0.092900 0.021100 0.065400 0.069600 0.065400 0.057800 0.065700 0.088500 0.061700 0.013900 0.076800 0.010500 0.065400 0.069400 0.061500 0.058000 0.072800 0.028600 0.077500 0.097000 0.072800 0.065200 0.061600 0.092300 0.069500 0.069200 0.028600 0.070000 0.088100 0.061500 0.054700 0.111800 0.024700 0.021200
KillerWhal 0.264100 0.408300 0.253100 0.000000 0.284800 0.274000 0.249800 0.240400 0.257700 0.247700 0.245400 0.262100 0.275200 0.249100 0.259800 0.254400 0.246600 0.238200 0.274700 0.257000 0.245000 0.250200 0.251400 0.246800 0.245400 0.259200 0.253400 0.257400 0.263500 0.253000 0.246900 0.257700 0.215000 0.249000 0.257500 0.250000 0.270100 0.289300 0.258400 0.250800 0.246700 0.263600 0.252400 0.251700 0.250000 0.260700 0.263400 0.253500 0.266000 0.272400 0.266700 0.268100
DefassaWat 0.058800 0.377100 0.089200 0.284800 0.000000 0.070400 0.063000 0.070100 0.081300 0.097500 0.058900 0.092800 0.081100 0.062800 0.074500 0.074000 0.093100 0.085600 0.086100 0.088800 0.077500 0.062800 0.093300 0.085300 0.058900 0.093600 0.062500 0.081200 0.081700 0.077500 0.093300 0.070200 0.097100 0.058700 0.081400 0.074200 0.063000 0.021600 0.077500 0.093000 0.089300 0.097500 0.097700 0.085400 0.074200 0.063100 0.084900 0.081500 0.063100 0.141900 0.085100 0.089500
Sheep 0.010600 0.392800 0.085000 0.274000 0.070400 0.000000 0.058900 0.073600 0.077200 0.093200 0.024900 0.088600 0.061700 0.058700 0.070300 0.069900 0.092700 0.085300 0.050900 0.084500 0.066000 0.028800 0.085100 0.081100 0.024800 0.089300 0.050900 0.077100 0.077500 0.073300 0.081300 0.066100 0.092800 0.047200 0.069600 0.070000 0.028800 0.078100 0.081000 0.081000 0.085100 0.093100 0.093300 0.093000 0.070000 0.059000 0.088800 0.069700 0.059000 0.120800 0.080900 0.085200
MaxwellsDu 0.047500 0.391700 0.062200 0.249800 0.063000 0.058900 0.000000 0.051100 0.047100 0.069700 0.040000 0.050700 0.046900 0.021200 0.055200 0.039900 0.077100 0.062100 0.066600 0.061900 0.051100 0.051400 0.065700 0.058100 0.040000 0.058700 0.028800 0.054500 0.039800 0.050900 0.065700 0.028600 0.069500 0.025200 0.054700 0.040000 0.051500 0.074500 0.047100 0.065500 0.061900 0.062500 0.069900 0.069600 0.040000 0.040300 0.054600 0.062300 0.044000 0.109100 0.065800 0.062400
GazellaPrz 0.062100 0.380700 0.065400 0.240400 0.070100 0.073600 0.051100 0.000000 0.065400 0.085000 0.054600 0.076600 0.061400 0.050900 0.062300 0.025000 0.084600 0.084900 0.081400 0.057600 0.021300 0.058500 0.080800 0.073100 0.054600 0.043200 0.050700 0.065300 0.032200 0.061600 0.080900 0.058200 0.084600 0.047000 0.061700 0.058300 0.066200 0.085500 0.035700 0.080600 0.077000 0.046900 0.085100 0.084800 0.058300 0.058700 0.043000 0.065600 0.054900 0.120300 0.076700 0.073300
MountainNy 0.065600 0.411800 0.013900 0.257700 0.081300 0.077200 0.047100 0.065400 0.000000 0.065500 0.058100 0.031900 0.064900 0.047000 0.058300 0.061700 0.065200 0.057900 0.085000 0.013900 0.065400 0.069600 0.061600 0.054000 0.058100 0.080700 0.046700 0.007000 0.061600 0.003500 0.061600 0.061800 0.057700 0.043100 0.072800 0.021300 0.069700 0.089000 0.061400 0.061400 0.057800 0.084500 0.065600 0.065400 0.021300 0.062300 0.076500 0.065300 0.047200 0.107700 0.017600 0.013900
MuntiacusM 0.081400 0.397800 0.069400 0.247700 0.097500 0.093200 0.069700 0.085000 0.065500 0.000000 0.069900 0.076800 0.080500 0.058200 0.073900 0.081200 0.046300 0.039200 0.101200 0.072800 0.085000 0.081600 0.024400 0.024100 0.069900 0.092900 0.062000 0.065400 0.088800 0.061700 0.010500 0.069300 0.049700 0.058300 0.080800 0.058400 0.085600 0.101400 0.092400 0.024600 0.021100 0.096800 0.013900 0.020800 0.058400 0.078000 0.100300 0.073200 0.070200 0.080600 0.069200 0.073400
goat 0.014100 0.392800 0.065700 0.245400 0.058900 0.024900 0.040000 0.054600 0.058100 0.069900 0.000000 0.069300 0.050500 0.039900 0.058800 0.050900 0.065700 0.058400 0.032300 0.065400 0.054600 0.010600 0.069600 0.061900 0.000000 0.069900 0.032400 0.058100 0.058400 0.054400 0.069700 0.047200 0.073400 0.028700 0.050700 0.051000 0.017800 0.074200 0.061900 0.069400 0.065800 0.073700 0.073800 0.073500 0.051000 0.047600 0.069500 0.043300 0.040100 0.108700 0.061800 0.066000
AfricanBuf 0.076900 0.427500 0.046500 0.262100 0.092800 0.088600 0.050700 0.076600 0.031900 0.076800 0.069300 0.000000 0.076000 0.050600 0.069500 0.065300 0.076500 0.069100 0.096500 0.046300 0.076600 0.080900 0.072700 0.065100 0.069300 0.084400 0.057700 0.039100 0.065200 0.035500 0.072800 0.057900 0.068900 0.054100 0.084100 0.024800 0.081100 0.100600 0.072600 0.072600 0.068900 0.088200 0.076900 0.076600 0.024600 0.073600 0.072600 0.076500 0.058300 0.111500 0.050100 0.046600
Topi 0.050400 0.386800 0.080100 0.275200 0.081100 0.061700 0.046900 0.061400 0.064900 0.080500 0.050500 0.076000 0.000000 0.054300 0.073300 0.057700 0.087800 0.088200 0.069300 0.072200 0.061400 0.061800 0.076500 0.068800 0.050500 0.076600 0.024700 0.064800 0.057600 0.068700 0.076500 0.061600 0.087900 0.021000 0.057300 0.065400 0.054400 0.096600 0.064900 0.076300 0.072700 0.072800 0.080600 0.080400 0.065400 0.054500 0.064900 0.072600 0.062000 0.123400 0.083800 0.080400
CommonDuik 0.047300 0.391000 0.047000 0.249100 0.062800 0.058700 0.021200 0.050900 0.047000 0.058200 0.039900 0.050600 0.054300 0.000000 0.055000 0.039800 0.065400 0.058100 0.066400 0.054200 0.050900 0.051200 0.054200 0.046700 0.039900 0.058600 0.036100 0.046900 0.047200 0.043300 0.054300 0.021300 0.057900 0.032400 0.054500 0.032500 0.051300 0.066500 0.050800 0.046700 0.050500 0.062300 0.058200 0.058000 0.032500 0.040100 0.058200 0.054500 0.036400 0.096800 0.058100 0.054600
Suni 0.058800 0.388300 0.058300 0.259800 0.074500 0.070300 0.055200 0.062300 0.058300 0.073900 0.058800 0.069500 0.073300 0.055000 0.000000 0.066200 0.081300 0.073800 0.085900 0.065600 0.062300 0.047600 0.077500 0.069700 0.058800 0.077800 0.054800 0.058200 0.073800 0.054500 0.069800 0.054800 0.073600 0.051100 0.065900 0.051200 0.062900 0.090100 0.077400 0.077300 0.073700 0.081600 0.074000 0.081500 0.051200 0.063000 0.085100 0.054600 0.062700 0.108900 0.069600 0.066100
Springbuck 0.058400 0.374600 0.069300 0.254400 0.074000 0.069900 0.039900 0.025000 0.061700 0.081200 0.050900 0.065300 0.057700 0.039800 0.066200 0.000000 0.073200 0.081100 0.077600 0.054000 0.017800 0.062300 0.077100 0.061800 0.050900 0.017700 0.047000 0.061600 0.007000 0.057900 0.077100 0.047100 0.080800 0.043300 0.065500 0.047100 0.062500 0.089500 0.024900 0.069300 0.073200 0.021300 0.081300 0.073400 0.047100 0.051200 0.032100 0.073200 0.043700 0.112200 0.072900 0.069500
Okapi 0.081000 0.419400 0.069100 0.246600 0.093100 0.092700 0.077100 0.084600 0.065200 0.046300 0.065700 0.076500 0.087800 0.065400 0.081300 0.073200 0.000000 0.013700 0.100700 0.065000 0.077000 0.077300 0.046200 0.039000 0.065700 0.084800 0.076900 0.065200 0.080700 0.061500 0.046200 0.084300 0.049900 0.073200 0.096000 0.058100 0.085200 0.096900 0.092000 0.038800 0.042500 0.088600 0.050100 0.041800 0.058100 0.085400 0.096000 0.076700 0.069900 0.088000 0.068900 0.073100
Giraffe 0.073500 0.414600 0.061700 0.238200 0.085600 0.085300 0.062100 0.084900 0.057900 0.039200 0.058400 0.069100 0.088200 0.058100 0.073800 0.081100 0.013700 0.000000 0.093200 0.065200 0.085000 0.069900 0.038400 0.039100 0.058400 0.092800 0.069500 0.057900 0.088800 0.054200 0.039100 0.076900 0.042200 0.065800 0.088600 0.050800 0.077700 0.089400 0.092400 0.039000 0.035400 0.096700 0.042900 0.042700 0.050800 0.078000 0.096300 0.069400 0.070200 0.080600 0.061600 0.065700
TibetanAnt 0.039600 0.410700 0.092900 0.274700 0.086100 0.050900 0.066600 0.081400 0.085000 0.101200 0.032300 0.096500 0.069300 0.066400 0.085900 0.077600 0.100700 0.093200 0.000000 0.092400 0.073500 0.043500 0.096900 0.089000 0.032400 0.097200 0.058500 0.077100 0.085300 0.081100 0.097000 0.073800 0.100800 0.054800 0.069600 0.077800 0.036200 0.101900 0.088900 0.096700 0.093000 0.101100 0.101400 0.101000 0.077800 0.074500 0.073300 0.077500 0.066700 0.137400 0.088700 0.085100
Sitatunga 0.072900 0.404700 0.021100 0.257000 0.088800 0.084500 0.061900 0.057600 0.013900 0.072800 0.065400 0.046300 0.072200 0.054200 0.065600 0.054000 0.065000 0.065200 0.092400 0.000000 0.057700 0.076900 0.068800 0.061200 0.065400 0.072800 0.061400 0.013900 0.061400 0.010500 0.068800 0.069000 0.065000 0.057700 0.080100 0.028400 0.077100 0.096400 0.057500 0.068700 0.065100 0.076500 0.072900 0.072700 0.028400 0.069600 0.072400 0.072500 0.054400 0.107400 0.024300 0.021000
Oribi 0.062100 0.386800 0.065400 0.245000 0.077500 0.066000 0.051100 0.021300 0.065400 0.085000 0.054600 0.076600 0.061400 0.050900 0.062300 0.017800 0.077000 0.085000 0.073500 0.057700 0.000000 0.058500 0.080900 0.065500 0.054600 0.035900 0.050700 0.065300 0.024900 0.061700 0.080900 0.058300 0.084700 0.047000 0.061700 0.058300 0.066200 0.085200 0.035700 0.073100 0.077000 0.039600 0.085100 0.077200 0.058300 0.058800 0.042900 0.073200 0.047400 0.120400 0.076700 0.065500
BarbaryShe 0.017900 0.400000 0.069600 0.250200 0.062800 0.028800 0.051400 0.058500 0.069600 0.081600 0.010600 0.080900 0.061800 0.051200 0.047600 0.062300 0.077300 0.069900 0.043500 0.076900 0.058500 0.000000 0.081300 0.073500 0.010600 0.081600 0.043500 0.069500 0.069900 0.065800 0.081300 0.058600 0.085100 0.039900 0.054500 0.062500 0.021600 0.078300 0.073500 0.081100 0.077400 0.085400 0.085600 0.085300 0.062500 0.059100 0.081100 0.050800 0.051500 0.121000 0.073300 0.077600
Daviddeer 0.077200 0.419300 0.065400 0.251400 0.093300 0.085100 0.065700 0.080800 0.061600 0.024400 0.069600 0.072700 0.076500 0.054200 0.077500 0.077100 0.046200 0.038400 0.096900 0.068800 0.080900 0.081300 0.000000 0.021100 0.069600 0.088700 0.058100 0.061500 0.084700 0.057800 0.020800 0.072900 0.046200 0.054400 0.084500 0.054500 0.081500 0.097100 0.088300 0.020700 0.010400 0.092500 0.024700 0.024100 0.054500 0.073900 0.096100 0.080700 0.066200 0.084300 0.072800 0.069400
Reindeer 0.069500 0.403200 0.057800 0.246800 0.085300 0.081100 0.058100 0.073100 0.054000 0.024100 0.061900 0.065100 0.068800 0.046700 0.069700 0.061800 0.039000 0.039100 0.089000 0.061200 0.065500 0.073500 0.021100 0.000000 0.061900 0.073200 0.050500 0.053900 0.069300 0.050300 0.020600 0.065300 0.046200 0.046800 0.076700 0.046900 0.073600 0.089100 0.080500 0.014000 0.017500 0.077000 0.024100 0.017500 0.046900 0.066100 0.088200 0.072900 0.051000 0.084300 0.065100 0.061700
Ibex 0.014200 0.392800 0.065700 0.245400 0.058900 0.024800 0.040000 0.054600 0.058100 0.069900 0.000000 0.069300 0.050500 0.039900 0.058800 0.050900 0.065700 0.058400 0.032400 0.065400 0.054600 0.010600 0.069600 0.061900 0.000000 0.069900 0.032400 0.058100 0.058400 0.054400 0.069700 0.047200 0.073400 0.028700 0.050700 0.051000 0.017900 0.074200 0.061900 0.069400 0.065800 0.073700 0.073800 0.073500 0.051000 0.047600 0.069500 0.043300 0.040100 0.108700 0.061800 0.066000
GyrantGaze 0.077500 0.369600 0.088500 0.259200 0.093600 0.089300 0.058700 0.043200 0.080700 0.092900 0.069900 0.084400 0.076600 0.058600 0.077800 0.017700 0.084800 0.092800 0.097200 0.072800 0.035900 0.081600 0.088700 0.073200 0.069900 0.000000 0.065800 0.080600 0.024900 0.076900 0.088700 0.065900 0.092500 0.062100 0.077000 0.066000 0.074000 0.109500 0.043100 0.080800 0.084800 0.010600 0.093000 0.085000 0.066000 0.070300 0.050500 0.092600 0.062600 0.124300 0.092200 0.088800
Hartebeest 0.039700 0.379700 0.061700 0.253400 0.062500 0.050900 0.028800 0.050700 0.046700 0.062000 0.032400 0.057700 0.024700 0.036100 0.054800 0.047000 0.076900 0.069500 0.058500 0.061400 0.050700 0.043500 0.058100 0.050500 0.032400 0.065800 0.000000 0.054100 0.046900 0.050500 0.058100 0.043300 0.069300 0.003500 0.046700 0.047100 0.043600 0.077800 0.054200 0.057900 0.054300 0.069500 0.062100 0.061900 0.047100 0.043700 0.061700 0.054300 0.043700 0.112300 0.065400 0.061900
Bongo 0.065600 0.411300 0.013900 0.257400 0.081200 0.077100 0.054500 0.065300 0.007000 0.065400 0.058100 0.039100 0.064800 0.046900 0.058200 0.061600 0.065200 0.057900 0.077100 0.013900 0.065300 0.069500 0.061500 0.053900 0.058100 0.080600 0.054100 0.000000 0.069100 0.003500 0.061500 0.061700 0.057700 0.050400 0.065100 0.021300 0.062000 0.088900 0.065100 0.061300 0.057700 0.084400 0.065500 0.065300 0.021300 0.062200 0.072600 0.065200 0.047100 0.107600 0.017400 0.014000
Gerenuk 0.065900 0.384800 0.076800 0.263500 0.081700 0.077500 0.039800 0.032200 0.061600 0.088800 0.058400 0.065200 0.057600 0.047200 0.073800 0.007000 0.080700 0.088800 0.085300 0.061400 0.024900 0.069900 0.084700 0.069300 0.058400 0.024900 0.046900 0.069100 0.000000 0.065400 0.084700 0.054500 0.088500 0.043300 0.073100 0.054600 0.070000 0.097300 0.028500 0.076800 0.080800 0.028500 0.088900 0.080900 0.054600 0.058700 0.035700 0.080800 0.051100 0.120000 0.080500 0.077100
CommonElan 0.061900 0.406300 0.010500 0.253000 0.077500 0.073300 0.050900 0.061600 0.003500 0.061700 0.054400 0.035500 0.068700 0.043300 0.054500 0.057900 0.061500 0.054200 0.081100 0.010500 0.061700 0.065800 0.057800 0.050300 0.054400 0.076900 0.050500 0.003500 0.065400 0.000000 0.057800 0.058000 0.054000 0.046800 0.069000 0.017700 0.065900 0.085100 0.061500 0.057700 0.054100 0.080700 0.061800 0.061600 0.017700 0.058500 0.076500 0.061500 0.043500 0.103800 0.013900 0.010500
MuntiacusR 0.069600 0.402000 0.065400 0.246900 0.093300 0.081300 0.065700 0.080900 0.061600 0.010500 0.069700 0.072800 0.076500 0.054300 0.069800 0.077100 0.046200 0.039100 0.097000 0.068800 0.080900 0.081300 0.020800 0.020600 0.069700 0.088700 0.058100 0.061500 0.084700 0.057800 0.000000 0.065300 0.046200 0.054400 0.076800 0.054500 0.081500 0.097100 0.088300 0.013800 0.017400 0.092600 0.010500 0.017500 0.054500 0.073900 0.096100 0.073000 0.066200 0.076600 0.065200 0.069400
HarveysDui 0.054700 0.389200 0.069400 0.257700 0.070200 0.066100 0.028600 0.058200 0.061800 0.069300 0.047200 0.057900 0.061600 0.021300 0.054800 0.047100 0.084300 0.076900 0.073800 0.069000 0.058300 0.058600 0.072900 0.065300 0.047200 0.065900 0.043300 0.061700 0.054500 0.058000 0.065300 0.000000 0.069100 0.039700 0.061800 0.047200 0.058700 0.081800 0.058100 0.065100 0.069100 0.069700 0.069400 0.076800 0.047200 0.047500 0.058100 0.061800 0.051200 0.100500 0.073000 0.069600
Pronghorn 0.081000 0.390900 0.061500 0.215000 0.097100 0.092800 0.069500 0.084600 0.057700 0.049700 0.073400 0.068900 0.087900 0.057900 0.073600 0.080800 0.049900 0.042200 0.100800 0.065000 0.084700 0.085100 0.046200 0.046200 0.073400 0.092500 0.069300 0.057700 0.088500 0.054000 0.046200 0.069100 0.000000 0.065600 0.088200 0.058100 0.085300 0.100900 0.084400 0.046100 0.035300 0.096400 0.050000 0.049900 0.058100 0.069900 0.092100 0.076800 0.069900 0.072800 0.068900 0.065500
BlueWildeb 0.036100 0.374900 0.058000 0.249000 0.058700 0.047200 0.025200 0.047000 0.043100 0.058300 0.028700 0.054100 0.021000 0.032400 0.051100 0.043300 0.073200 0.065800 0.054800 0.057700 0.047000 0.039900 0.054400 0.046800 0.028700 0.062100 0.003500 0.050400 0.043300 0.046800 0.054400 0.039700 0.065600 0.000000 0.043000 0.043400 0.039900 0.074000 0.050500 0.054200 0.050600 0.065800 0.058400 0.058200 0.043400 0.040000 0.058000 0.050600 0.040000 0.108400 0.061600 0.058200
Gemsbok 0.058200 0.398800 0.072800 0.257500 0.081400 0.069600 0.054700 0.061700 0.072800 0.080800 0.050700 0.084100 0.057300 0.054500 0.065900 0.065500 0.096000 0.088600 0.069600 0.080100 0.061700 0.054500 0.084500 0.076700 0.050700 0.077000 0.046700 0.065100 0.073100 0.069000 0.076800 0.061800 0.088200 0.043000 0.000000 0.065700 0.047200 0.097000 0.076600 0.084200 0.080600 0.080800 0.080900 0.080700 0.065700 0.062300 0.076600 0.069200 0.062300 0.132100 0.076500 0.080700
Yak 0.058500 0.404000 0.028600 0.250000 0.074200 0.070000 0.040000 0.058300 0.021300 0.058400 0.051000 0.024800 0.065400 0.032500 0.051200 0.047100 0.058100 0.050800 0.077800 0.028400 0.058300 0.062500 0.054500 0.046900 0.051000 0.066000 0.047100 0.021300 0.054600 0.017700 0.054500 0.047200 0.058100 0.043400 0.065700 0.000000 0.062600 0.081900 0.058100 0.054300 0.050700 0.069800 0.058500 0.058300 0.000000 0.055200 0.065700 0.058200 0.040000 0.100600 0.032200 0.028700
BlueSheep 0.017900 0.400500 0.077500 0.270100 0.063000 0.028800 0.051500 0.066200 0.069700 0.085600 0.017800 0.081100 0.054400 0.051300 0.062900 0.062500 0.085200 0.077700 0.036200 0.077100 0.066200 0.021600 0.081500 0.073600 0.017900 0.074000 0.043600 0.062000 0.070000 0.065900 0.081500 0.058700 0.085300 0.039900 0.047200 0.062600 0.000000 0.078400 0.073600 0.081200 0.077600 0.077800 0.085800 0.085400 0.062600 0.059200 0.073600 0.062300 0.051600 0.121200 0.073400 0.077800
BohorReedb 0.074200 0.378300 0.097000 0.289300 0.021600 0.078100 0.074500 0.085500 0.089000 0.101400 0.074200 0.100600 0.096600 0.066500 0.090100 0.089500 0.096900 0.089400 0.101900 0.096400 0.085200 0.078300 0.097100 0.089100 0.074200 0.109500 0.077800 0.088900 0.097300 0.085100 0.097100 0.081800 0.100900 0.074000 0.097000 0.081900 0.078400 0.000000 0.093000 0.096800 0.093100 0.113400 0.101500 0.089200 0.081900 0.078600 0.100500 0.097200 0.070700 0.141800 0.092800 0.097300
KirksDik 0.069500 0.390700 0.072800 0.258400 0.077500 0.081000 0.047100 0.035700 0.061400 0.092400 0.061900 0.072600 0.064900 0.050800 0.077400 0.024900 0.092000 0.092400 0.088900 0.057500 0.035700 0.073500 0.088300 0.080500 0.061900 0.043100 0.054200 0.065100 0.028500 0.061500 0.088300 0.058100 0.084400 0.050500 0.076600 0.058100 0.073600 0.093000 0.000000 0.088100 0.084400 0.046800 0.092600 0.092300 0.058100 0.058500 0.035500 0.084400 0.062300 0.128100 0.076400 0.073100
RoeDeer 0.069400 0.407200 0.065200 0.250800 0.093000 0.081000 0.065500 0.080600 0.061400 0.024600 0.069400 0.072600 0.076300 0.046700 0.077300 0.069300 0.038800 0.039000 0.096700 0.068700 0.073100 0.081100 0.020700 0.014000 0.069400 0.080800 0.057900 0.061300 0.076800 0.057700 0.013800 0.065100 0.046100 0.054200 0.084200 0.054300 0.081200 0.096800 0.088100 0.000000 0.017500 0.084600 0.024600 0.017200 0.054300 0.073700 0.095800 0.080500 0.058400 0.084100 0.072600 0.069200
WhiteLippe 0.073400 0.413500 0.061600 0.246700 0.089300 0.085100 0.061900 0.077000 0.057800 0.021100 0.065800 0.068900 0.072700 0.050500 0.073700 0.073200 0.042500 0.035400 0.093000 0.065100 0.077000 0.077400 0.010400 0.017500 0.065800 0.084800 0.054300 0.057700 0.080800 0.054100 0.017400 0.069100 0.035300 0.050600 0.080600 0.050700 0.077600 0.093100 0.084400 0.017500 0.000000 0.088600 0.021100 0.020700 0.050700 0.070100 0.092200 0.076900 0.062400 0.080400 0.069000 0.065600
ThomsonGaz 0.081300 0.379900 0.092300 0.263600 0.097500 0.093100 0.062500 0.046900 0.084500 0.096800 0.073700 0.088200 0.072800 0.062300 0.081600 0.021300 0.088600 0.096700 0.101100 0.076500 0.039600 0.085400 0.092500 0.077000 0.073700 0.010600 0.069500 0.084400 0.028500 0.080700 0.092600 0.069700 0.096400 0.065800 0.080800 0.069800 0.077800 0.113400 0.046800 0.084600 0.088600 0.000000 0.096900 0.088800 0.069800 0.074100 0.054200 0.096400 0.066400 0.128200 0.096000 0.092700
MuntiacusC 0.081500 0.398100 0.069500 0.252400 0.097700 0.093300 0.069900 0.085100 0.065600 0.013900 0.073800 0.076900 0.080600 0.058200 0.074000 0.081300 0.050100 0.042900 0.101400 0.072900 0.085100 0.085600 0.024700 0.024100 0.073800 0.093000 0.062100 0.065500 0.088900 0.061800 0.010500 0.069400 0.050000 0.058400 0.080900 0.058500 0.085800 0.101500 0.092600 0.024600 0.021100 0.096900 0.000000 0.020900 0.058500 0.078100 0.100400 0.077200 0.070300 0.073000 0.069300 0.073500
WhiteTaile 0.081200 0.409400 0.069200 0.251700 0.085400 0.093000 0.069600 0.084800 0.065400 0.020800 0.073500 0.076600 0.080400 0.058000 0.081500 0.073400 0.041800 0.042700 0.101000 0.072700 0.077200 0.085300 0.024100 0.017500 0.073500 0.085000 0.061900 0.065300 0.080900 0.061600 0.017500 0.076800 0.049900 0.058200 0.080700 0.058300 0.085400 0.089200 0.092300 0.017200 0.020700 0.088800 0.020900 0.000000 0.058300 0.077900 0.100100 0.084600 0.054800 0.088200 0.069000 0.073300
Cattle 0.058500 0.404000 0.028600 0.250000 0.074200 0.070000 0.040000 0.058300 0.021300 0.058400 0.051000 0.024600 0.065400 0.032500 0.051200 0.047100 0.058100 0.050800 0.077800 0.028400 0.058300 0.062500 0.054500 0.046900 0.051000 0.066000 0.047100 0.021300 0.054600 0.017700 0.054500 0.047200 0.058100 0.043400 0.065700 0.000000 0.062600 0.081900 0.058100 0.054300 0.050700 0.069800 0.058500 0.058300 0.000000 0.055200 0.065700 0.058200 0.040000 0.100600 0.032200 0.028700
RoyalAntel 0.047600 0.359200 0.070000 0.260700 0.063100 0.059000 0.040300 0.058700 0.062300 0.078000 0.047600 0.073600 0.054500 0.040100 0.063000 0.051200 0.085400 0.078000 0.074500 0.069600 0.058800 0.059100 0.073900 0.066100 0.047600 0.070300 0.043700 0.062200 0.058700 0.058500 0.073900 0.047500 0.069900 0.040000 0.062300 0.055200 0.059200 0.078600 0.058500 0.073700 0.070100 0.074100 0.078100 0.077900 0.055200 0.000000 0.073800 0.069800 0.051700 0.101300 0.073600 0.070200
Steenbok 0.077100 0.389800 0.088100 0.263400 0.084900 0.088800 0.054600 0.043000 0.076500 0.100300 0.069500 0.072600 0.064900 0.058200 0.085100 0.032100 0.096000 0.096300 0.073300 0.072400 0.042900 0.081100 0.096100 0.088200 0.069500 0.050500 0.061700 0.072600 0.035700 0.076500 0.096100 0.058100 0.092100 0.058000 0.076600 0.065700 0.073600 0.100500 0.035500 0.095800 0.092200 0.054200 0.100400 0.100100 0.065700 0.073800 0.000000 0.092100 0.069900 0.128200 0.091800 0.088400
Impala 0.058200 0.400500 0.061500 0.253500 0.081500 0.069700 0.062300 0.065600 0.065300 0.073200 0.043300 0.076500 0.072600 0.054500 0.054600 0.073200 0.076700 0.069400 0.077500 0.072500 0.073200 0.050800 0.080700 0.072900 0.043300 0.092600 0.054300 0.065200 0.080800 0.061500 0.073000 0.061800 0.076800 0.050600 0.069200 0.058200 0.062300 0.097200 0.084400 0.080500 0.076900 0.096400 0.077200 0.084600 0.058200 0.069800 0.092100 0.000000 0.062400 0.104100 0.076600 0.073100
Klipspring 0.047600 0.401900 0.054700 0.266000 0.063100 0.059000 0.044000 0.054900 0.047200 0.070200 0.040100 0.058300 0.062000 0.036400 0.062700 0.043700 0.069900 0.070200 0.066700 0.054400 0.047400 0.051500 0.066200 0.051000 0.040100 0.062600 0.043700 0.047100 0.051100 0.043500 0.066200 0.051200 0.069900 0.040000 0.062300 0.040000 0.051600 0.070700 0.062300 0.058400 0.062400 0.066400 0.070300 0.054800 0.040000 0.051700 0.069900 0.062400 0.000000 0.105300 0.058400 0.054900
ForestMusk 0.108600 0.414900 0.111800 0.272400 0.141900 0.120800 0.109100 0.120300 0.107700 0.080600 0.108700 0.111500 0.123400 0.096800 0.108900 0.112200 0.088000 0.080600 0.137400 0.107400 0.120400 0.121000 0.084300 0.084300 0.108700 0.124300 0.112300 0.107600 0.120000 0.103800 0.076600 0.100500 0.072800 0.108400 0.132100 0.100600 0.121200 0.141800 0.128100 0.084100 0.080400 0.128200 0.073000 0.088200 0.100600 0.101300 0.128200 0.104100 0.105300 0.000000 0.119500 0.116200
Bushbuck 0.069300 0.422300 0.024700 0.266700 0.085100 0.080900 0.065800 0.076700 0.017600 0.069200 0.061800 0.050100 0.083800 0.058100 0.069600 0.072900 0.068900 0.061600 0.088700 0.024300 0.076700 0.073300 0.072800 0.065100 0.061800 0.092200 0.065400 0.017400 0.080500 0.013900 0.065200 0.073000 0.068900 0.061600 0.076500 0.032200 0.073400 0.092800 0.076400 0.072600 0.069000 0.096000 0.069300 0.069000 0.032200 0.073600 0.091800 0.076600 0.058400 0.119500 0.000000 0.024600
GreaterKud 0.073600 0.426100 0.021200 0.268100 0.089500 0.085200 0.062400 0.073300 0.013900 0.073400 0.066000 0.046600 0.080400 0.054600 0.066100 0.069500 0.073100 0.065700 0.085100 0.021000 0.065500 0.077600 0.069400 0.061700 0.066000 0.088800 0.061900 0.014000 0.077100 0.010500 0.069400 0.069600 0.065500 0.058200 0.080700 0.028700 0.077800 0.097300 0.073100 0.069200 0.065600 0.092700 0.073500 0.073300 0.028700 0.070200 0.088400 0.073100 0.054900 0.116200 0.024600 0.000000
