1
52 1
Argali 0.000000 0.495100 0.089700 0.372500 0.132600 0.012500 0.103900 0.077700 0.076600 0.148800 0.038100 0.091200 0.078700 0.077300 0.103600 0.089800 0.159200 0.157100 0.063900 0.064500 0.090600 0.049300 0.106200 0.122100 0.037700 0.119100 0.065000 0.077500 0.090400 0.064800 0.189500 0.076300 0.150200 0.065100 0.051000 0.078100 0.050700 0.144100 0.078900 0.134000 0.131900 0.119400 0.163100 0.150100 0.077900 0.122200 0.104500 0.091000 0.091200 0.180100 0.078100 0.064600
LesserMous 0.495100 0.000000 0.409800 0.365900 0.481600 0.488400 0.419600 0.416300 0.391400 0.402400 0.465400 0.378600 0.382900 0.373700 0.451300 0.389600 0.348300 0.372900 0.460200 0.382800 0.395200 0.500000 0.350900 0.393000 0.465600 0.439100 0.405000 0.380600 0.391700 0.384600 0.454400 0.405900 0.340000 0.406200 0.457800 0.401700 0.442800 0.534500 0.385300 0.361300 0.394700 0.440000 0.423400 0.379900 0.385200 0.413200 0.415800 0.437400 0.373400 0.433100 0.362200 0.383300
LesserKudu 0.089700 0.409800 0.000000 0.321600 0.126400 0.088900 0.075100 0.049400 0.035900 0.102200 0.075600 0.049600 0.049900 0.049000 0.048700 0.061100 0.113200 0.111700 0.075000 0.024200 0.036500 0.101000 0.060100 0.075100 0.075600 0.088000 0.062700 0.036400 0.061500 0.024300 0.140900 0.048400 0.103300 0.062800 0.074600 0.037100 0.088300 0.136800 0.050100 0.088600 0.086700 0.088300 0.115700 0.103000 0.037000 0.104100 0.074700 0.061900 0.087600 0.103000 0.036600 0.024200
KillerWhal 0.372500 0.365900 0.321600 0.000000 0.345900 0.368000 0.328800 0.308300 0.305200 0.370900 0.329700 0.292800 0.278700 0.290000 0.322600 0.303200 0.296900 0.292000 0.326700 0.294900 0.306500 0.325900 0.316000 0.339700 0.330100 0.346100 0.314100 0.293700 0.305100 0.296400 0.420100 0.319500 0.292000 0.315300 0.363100 0.312500 0.346800 0.393400 0.295700 0.350100 0.343700 0.347500 0.389900 0.328600 0.311400 0.319300 0.288300 0.344000 0.306700 0.339200 0.276900 0.295500
DefassaWat 0.132600 0.481600 0.126400 0.345900 0.000000 0.116800 0.102900 0.088600 0.113300 0.173600 0.102900 0.089300 0.063500 0.062100 0.114200 0.074400 0.155400 0.181300 0.102100 0.101800 0.075100 0.129000 0.130900 0.147300 0.103000 0.101500 0.063200 0.114600 0.074900 0.102100 0.214100 0.074000 0.175900 0.063300 0.101600 0.103300 0.116000 0.023700 0.063500 0.158600 0.156300 0.101800 0.188100 0.175100 0.102800 0.104100 0.088400 0.075400 0.101800 0.175900 0.088700 0.101800
Sheep 0.012500 0.488400 0.088900 0.368000 0.116800 0.000000 0.104300 0.063400 0.076000 0.147400 0.024900 0.090400 0.064200 0.063100 0.088900 0.075400 0.157900 0.155700 0.050300 0.064000 0.076000 0.037000 0.105200 0.120900 0.024900 0.103600 0.050900 0.076800 0.075900 0.064200 0.187800 0.062300 0.148700 0.051000 0.037500 0.077400 0.037400 0.128300 0.064300 0.132800 0.130800 0.103900 0.161600 0.148700 0.077200 0.106300 0.089600 0.076400 0.076600 0.178400 0.077400 0.064000
MaxwellsDu 0.103900 0.419600 0.075100 0.328800 0.102900 0.104300 0.000000 0.063200 0.062400 0.131600 0.090500 0.050300 0.038000 0.037200 0.088600 0.049500 0.114900 0.113500 0.089800 0.050400 0.050000 0.116600 0.090400 0.105500 0.090500 0.076500 0.050800 0.063100 0.049900 0.050600 0.171200 0.062000 0.105300 0.050900 0.089300 0.063500 0.103600 0.141400 0.038000 0.117300 0.115500 0.076800 0.145500 0.132600 0.063400 0.092800 0.063000 0.076100 0.075800 0.133100 0.037700 0.050500
GazellaPrz 0.077700 0.416300 0.049400 0.308300 0.088600 0.063400 0.063200 0.000000 0.036900 0.103500 0.050300 0.050100 0.024900 0.024400 0.049300 0.036600 0.114500 0.113000 0.049900 0.024900 0.037000 0.075600 0.063500 0.077900 0.050300 0.062800 0.037500 0.037300 0.036800 0.024900 0.142500 0.024100 0.104700 0.037600 0.049700 0.037600 0.063000 0.126600 0.025000 0.089700 0.088500 0.063000 0.117100 0.104300 0.037500 0.077900 0.037100 0.031400 0.062500 0.132500 0.037500 0.024900
MountainNy 0.076600 0.391400 0.035900 0.305200 0.113300 0.076000 0.062400 0.036900 0.000000 0.089000 0.062700 0.037000 0.037300 0.036600 0.061600 0.048700 0.100200 0.098900 0.062300 0.012100 0.049200 0.088100 0.050000 0.063800 0.062800 0.075200 0.049900 0.024100 0.049000 0.012100 0.127400 0.036100 0.090000 0.050000 0.061900 0.024600 0.075500 0.151000 0.037400 0.075600 0.049000 0.075400 0.102300 0.089700 0.024600 0.090700 0.062000 0.049300 0.074800 0.117200 0.024300 0.012100
MuntiacusM 0.148800 0.402400 0.102200 0.370900 0.173600 0.147400 0.131600 0.103500 0.089000 0.000000 0.132700 0.103900 0.105100 0.102800 0.129700 0.115400 0.171900 0.169100 0.131600 0.077200 0.116700 0.159500 0.038000 0.051700 0.132800 0.145400 0.118900 0.090100 0.116100 0.077500 0.037300 0.101400 0.163500 0.119100 0.131100 0.064000 0.146300 0.213700 0.105100 0.064000 0.062900 0.145900 0.012500 0.078200 0.063700 0.164600 0.130600 0.117000 0.117100 0.193400 0.090800 0.077300
goat 0.038100 0.465400 0.075600 0.329700 0.102900 0.024900 0.090500 0.050300 0.062700 0.132700 0.000000 0.076800 0.050900 0.050000 0.075500 0.062300 0.143200 0.141300 0.024800 0.050800 0.062800 0.037100 0.091200 0.106500 0.000000 0.089900 0.037800 0.063500 0.062700 0.050900 0.172700 0.049400 0.134000 0.037900 0.050100 0.063900 0.012300 0.141400 0.051000 0.118300 0.116600 0.090100 0.146700 0.133800 0.063800 0.092100 0.076100 0.063100 0.089500 0.163000 0.063900 0.050800
AfricanBuf 0.091200 0.378600 0.049600 0.292800 0.089300 0.090400 0.050300 0.050100 0.037000 0.103900 0.076800 0.000000 0.025100 0.024600 0.075300 0.036800 0.115000 0.113400 0.076200 0.024800 0.037200 0.102600 0.063800 0.078200 0.076800 0.063200 0.037800 0.037300 0.037100 0.024900 0.143000 0.049100 0.105000 0.037900 0.075900 0.037700 0.089800 0.127500 0.025100 0.090100 0.088800 0.063400 0.117500 0.104800 0.037600 0.078500 0.050000 0.062900 0.062900 0.105200 0.012400 0.024900
Topi 0.078700 0.382900 0.049900 0.278700 0.063500 0.064200 0.038000 0.024900 0.037300 0.105100 0.050900 0.025100 0.000000 0.000300 0.049900 0.012200 0.116100 0.114200 0.050600 0.025100 0.012300 0.063600 0.064500 0.079000 0.051000 0.037700 0.012500 0.037700 0.012300 0.025200 0.143600 0.024400 0.106100 0.012600 0.050300 0.038000 0.063800 0.101500 0.000200 0.091100 0.089800 0.037800 0.118900 0.105900 0.037900 0.052000 0.018600 0.037500 0.037600 0.106200 0.012500 0.025100
CommonDuik 0.077300 0.373700 0.049000 0.290000 0.062100 0.063100 0.037200 0.024400 0.036600 0.102800 0.050000 0.024600 0.000300 0.000000 0.048900 0.011900 0.113700 0.112100 0.049700 0.024600 0.012100 0.075200 0.063100 0.077300 0.050100 0.037000 0.012300 0.036900 0.012000 0.024700 0.141400 0.023900 0.104000 0.012400 0.049400 0.037300 0.062700 0.099300 0.000300 0.089100 0.087800 0.037100 0.116200 0.103600 0.037200 0.061400 0.024400 0.036800 0.036800 0.104000 0.012300 0.024600
Suni 0.103600 0.451300 0.048700 0.322600 0.114200 0.088900 0.088600 0.049300 0.061600 0.129700 0.075500 0.075300 0.049900 0.048900 0.000000 0.061100 0.140300 0.138500 0.074900 0.049800 0.036400 0.100900 0.087100 0.102600 0.075500 0.088000 0.062600 0.062200 0.061400 0.049900 0.168900 0.048300 0.131100 0.062700 0.061300 0.062600 0.088300 0.124900 0.050000 0.115500 0.113500 0.088200 0.143500 0.130600 0.062500 0.103900 0.074600 0.061900 0.087500 0.159300 0.062600 0.049800
Springbuck 0.089800 0.389600 0.061100 0.303200 0.074400 0.075400 0.049500 0.036600 0.048700 0.115400 0.062300 0.036800 0.012200 0.011900 0.061100 0.000000 0.126100 0.124500 0.061800 0.036800 0.024000 0.087400 0.075500 0.089900 0.062300 0.024200 0.024500 0.049200 0.011900 0.037000 0.154100 0.039000 0.116600 0.024500 0.061500 0.049600 0.074900 0.111600 0.012200 0.101600 0.100200 0.036600 0.128900 0.116300 0.049500 0.063600 0.036500 0.049000 0.049000 0.116700 0.024500 0.036900
Okapi 0.159200 0.348300 0.113200 0.296900 0.155400 0.157900 0.114900 0.114500 0.100200 0.171900 0.143200 0.115000 0.116100 0.113700 0.140300 0.126100 0.000000 0.047300 0.142200 0.088800 0.127400 0.169800 0.129800 0.145900 0.143300 0.155500 0.129600 0.101500 0.126900 0.089100 0.212200 0.111200 0.062200 0.129800 0.141400 0.102100 0.156600 0.194000 0.116200 0.157100 0.154800 0.156000 0.186300 0.142100 0.101600 0.175200 0.141300 0.101000 0.127200 0.174400 0.102000 0.088800
Giraffe 0.157100 0.372900 0.111700 0.292000 0.181300 0.155700 0.113500 0.113000 0.098900 0.169100 0.141300 0.113400 0.114200 0.112100 0.138500 0.124500 0.047300 0.000000 0.113000 0.087600 0.125700 0.167800 0.127800 0.143500 0.141500 0.126400 0.127700 0.100100 0.125200 0.087800 0.208600 0.110800 0.061400 0.127800 0.139500 0.100400 0.154700 0.220100 0.114500 0.154600 0.152500 0.126800 0.183200 0.139900 0.100300 0.172600 0.139400 0.126200 0.125500 0.171700 0.100600 0.087600
TibetanAnt 0.063900 0.460200 0.075000 0.326700 0.102100 0.050300 0.089800 0.049900 0.062300 0.131600 0.024800 0.076200 0.050600 0.049700 0.074900 0.061800 0.142200 0.113000 0.000000 0.050400 0.062400 0.062200 0.090500 0.105600 0.024900 0.062800 0.037600 0.063000 0.062200 0.050600 0.171400 0.049100 0.132900 0.037600 0.049700 0.063400 0.037300 0.140400 0.050700 0.117400 0.115700 0.063000 0.145600 0.132800 0.063300 0.091400 0.075500 0.062600 0.088800 0.161800 0.063400 0.050400
Sitatunga 0.064500 0.382800 0.024200 0.294900 0.101800 0.064000 0.050400 0.024900 0.012100 0.077200 0.050800 0.024800 0.025100 0.024600 0.049800 0.036800 0.088800 0.087600 0.050400 0.000000 0.037200 0.076300 0.037800 0.051400 0.050800 0.063300 0.037900 0.012000 0.037100 0.000100 0.116100 0.024100 0.078200 0.037900 0.050100 0.012500 0.063500 0.139900 0.024800 0.063700 0.062800 0.063500 0.090600 0.077900 0.012400 0.078800 0.050100 0.037300 0.063000 0.105400 0.024400 0.000100
Oribi 0.090600 0.395200 0.036500 0.306500 0.075100 0.076000 0.050000 0.037000 0.049200 0.116700 0.062800 0.037200 0.012300 0.012100 0.036400 0.024000 0.127400 0.125700 0.062400 0.037200 0.000000 0.088100 0.073200 0.088700 0.062800 0.049300 0.024800 0.049700 0.036400 0.037400 0.155900 0.038600 0.117900 0.024800 0.062100 0.050100 0.075500 0.086300 0.012400 0.102600 0.100300 0.062200 0.130400 0.117500 0.050000 0.064600 0.036900 0.049400 0.049400 0.117800 0.024800 0.037300
BarbaryShe 0.049300 0.500000 0.101000 0.325900 0.129000 0.037000 0.116600 0.075600 0.088100 0.159500 0.037100 0.102600 0.063600 0.075200 0.100900 0.087400 0.169800 0.167800 0.062200 0.076300 0.088100 0.000000 0.117400 0.133300 0.036900 0.115800 0.063100 0.089100 0.088000 0.076500 0.199800 0.074300 0.161000 0.063200 0.075200 0.089600 0.048700 0.167700 0.076700 0.145000 0.142900 0.116200 0.173700 0.160900 0.089500 0.118600 0.101700 0.088500 0.115300 0.190700 0.089600 0.076300
Daviddeer 0.106200 0.350900 0.060100 0.316000 0.130900 0.105200 0.090400 0.063500 0.050000 0.038000 0.091200 0.063800 0.064500 0.063100 0.087100 0.075500 0.129800 0.127800 0.090500 0.037800 0.073200 0.117400 0.000000 0.012600 0.091200 0.103700 0.077800 0.050500 0.076000 0.038000 0.076100 0.062200 0.120400 0.077900 0.089900 0.025100 0.104400 0.168800 0.064500 0.025100 0.024700 0.104000 0.050900 0.038400 0.025000 0.121100 0.089800 0.076500 0.103400 0.148800 0.050900 0.037900
Reindeer 0.122100 0.393000 0.075100 0.339700 0.147300 0.120900 0.105500 0.077900 0.063800 0.051700 0.106500 0.078200 0.079000 0.077300 0.102600 0.089900 0.145900 0.143500 0.105600 0.051400 0.088700 0.133300 0.012600 0.000000 0.106500 0.119200 0.092700 0.064400 0.090600 0.051700 0.090700 0.076300 0.136600 0.092900 0.105000 0.038500 0.120100 0.186300 0.079100 0.012600 0.037900 0.119600 0.065100 0.025700 0.038200 0.136600 0.104800 0.091300 0.118900 0.149500 0.065000 0.051600
Ibex 0.037700 0.465600 0.075600 0.330100 0.103000 0.024900 0.090500 0.050300 0.062800 0.132800 0.000000 0.076800 0.051000 0.050100 0.075500 0.062300 0.143300 0.141500 0.024900 0.050800 0.062800 0.036900 0.091200 0.106500 0.000000 0.089900 0.037900 0.063500 0.062700 0.051000 0.172800 0.049400 0.134000 0.037900 0.050100 0.063900 0.012300 0.141500 0.051100 0.118400 0.116700 0.090200 0.146800 0.133900 0.063800 0.092200 0.076200 0.063100 0.089600 0.163200 0.063900 0.050800
GyrantGaze 0.119100 0.439100 0.088000 0.346100 0.101500 0.103600 0.076500 0.062800 0.075200 0.145400 0.089900 0.063200 0.037700 0.037000 0.088000 0.024200 0.155500 0.126400 0.062800 0.063300 0.049300 0.115800 0.103700 0.119200 0.089900 0.000000 0.050500 0.076000 0.036700 0.063500 0.185300 0.052300 0.147100 0.050600 0.088700 0.076600 0.102900 0.127000 0.037800 0.130900 0.129000 0.012000 0.159500 0.146600 0.076500 0.091700 0.062700 0.075600 0.075600 0.147100 0.050500 0.063400
Hartebeest 0.065000 0.405000 0.062700 0.314100 0.063200 0.050900 0.050800 0.037500 0.049900 0.118900 0.037800 0.037800 0.012500 0.012300 0.062600 0.024500 0.129600 0.127700 0.037600 0.037900 0.024800 0.063100 0.077800 0.092700 0.037900 0.050500 0.000000 0.050500 0.024700 0.038000 0.158700 0.036900 0.120100 0.000100 0.037400 0.050900 0.050600 0.101100 0.012600 0.104600 0.103100 0.050600 0.132800 0.119900 0.050800 0.051800 0.034300 0.050200 0.050300 0.120100 0.025200 0.037900
Bongo 0.077500 0.380600 0.036400 0.293700 0.114600 0.076800 0.063100 0.037300 0.024100 0.090100 0.063500 0.037300 0.037700 0.036900 0.062200 0.049200 0.101500 0.100100 0.063000 0.012000 0.049700 0.089100 0.050500 0.064400 0.063500 0.076000 0.050500 0.000000 0.049500 0.012000 0.129000 0.036400 0.091300 0.050600 0.062600 0.024900 0.076300 0.152800 0.037200 0.076500 0.075400 0.076300 0.103600 0.091000 0.024800 0.091900 0.062700 0.049900 0.075700 0.118800 0.024500 0.012000
Gerenuk 0.090400 0.391700 0.061500 0.305100 0.074900 0.075900 0.049900 0.036800 0.049000 0.116100 0.062700 0.037100 0.012300 0.012000 0.061400 0.011900 0.126900 0.125200 0.062200 0.037100 0.036400 0.088000 0.076000 0.090600 0.062700 0.036700 0.024700 0.049500 0.000000 0.037200 0.155000 0.039200 0.117400 0.024700 0.061900 0.049900 0.075400 0.112200 0.012300 0.102300 0.100800 0.024400 0.129700 0.117000 0.049800 0.064000 0.036700 0.049300 0.049300 0.117500 0.024700 0.037100
CommonElan 0.064800 0.384600 0.024300 0.296400 0.102100 0.064200 0.050600 0.024900 0.012100 0.077500 0.050900 0.024900 0.025200 0.024700 0.049900 0.037000 0.089100 0.087800 0.050600 0.000100 0.037400 0.076500 0.038000 0.051700 0.051000 0.063500 0.038000 0.012000 0.037200 0.000000 0.116400 0.024300 0.078500 0.038000 0.050200 0.012500 0.063700 0.140400 0.024900 0.063900 0.063000 0.063700 0.090900 0.078200 0.012500 0.079000 0.050300 0.037500 0.063200 0.105800 0.012300 0.000000
MuntiacusR 0.189500 0.454400 0.140900 0.420100 0.214100 0.187800 0.171200 0.142500 0.127400 0.037300 0.172700 0.143000 0.143600 0.141400 0.168900 0.154100 0.212200 0.208600 0.171400 0.116100 0.155900 0.199800 0.076100 0.090700 0.172800 0.185300 0.158700 0.129000 0.155000 0.116400 0.000000 0.139600 0.204700 0.159100 0.170600 0.102500 0.186400 0.254500 0.144600 0.102500 0.100800 0.185900 0.050200 0.117400 0.102100 0.206000 0.170000 0.156200 0.156200 0.235300 0.129800 0.116100
HarveysDui 0.076300 0.405900 0.048400 0.319500 0.074000 0.062300 0.062000 0.024100 0.036100 0.101400 0.049400 0.049100 0.024400 0.023900 0.048300 0.039000 0.111200 0.110800 0.049100 0.024100 0.038600 0.074300 0.062200 0.076300 0.049400 0.052300 0.036900 0.036400 0.039200 0.024300 0.139600 0.000000 0.102700 0.036900 0.048800 0.036900 0.061900 0.098100 0.024400 0.088000 0.086700 0.052400 0.114700 0.102300 0.036700 0.086900 0.048700 0.036300 0.061300 0.129900 0.036700 0.024200
Pronghorn 0.150200 0.340000 0.103300 0.292000 0.175900 0.148700 0.105300 0.104700 0.090000 0.163500 0.134000 0.105000 0.106100 0.104000 0.131100 0.116600 0.062200 0.061400 0.132900 0.078200 0.117900 0.161000 0.120400 0.136600 0.134000 0.147100 0.120100 0.091300 0.117400 0.078500 0.204700 0.102700 0.000000 0.120300 0.132300 0.091800 0.147700 0.216500 0.106300 0.148400 0.146100 0.147600 0.178200 0.133100 0.091500 0.166800 0.132100 0.118300 0.117900 0.165900 0.091800 0.078300
BlueWildeb 0.065100 0.406200 0.062800 0.315300 0.063300 0.051000 0.050900 0.037600 0.050000 0.119100 0.037900 0.037900 0.012600 0.012400 0.062700 0.024500 0.129800 0.127800 0.037600 0.037900 0.024800 0.063200 0.077900 0.092900 0.037900 0.050600 0.000100 0.050600 0.024700 0.038000 0.159100 0.036900 0.120300 0.000000 0.037400 0.051000 0.050600 0.101300 0.012600 0.104900 0.103300 0.050700 0.133200 0.120100 0.050900 0.051900 0.033200 0.050300 0.050400 0.120400 0.025200 0.038000
Gemsbok 0.051000 0.457800 0.074600 0.363100 0.101600 0.037500 0.089300 0.049700 0.061900 0.131100 0.050100 0.075900 0.050300 0.049400 0.061300 0.061500 0.141400 0.139500 0.049700 0.050100 0.062100 0.075200 0.089900 0.105000 0.050100 0.088700 0.037400 0.062600 0.061900 0.050200 0.170600 0.048800 0.132300 0.037400 0.000000 0.063100 0.062700 0.112900 0.050400 0.116800 0.115100 0.088900 0.144900 0.132100 0.063000 0.091000 0.073000 0.062300 0.062400 0.160800 0.063100 0.050100
Yak 0.078100 0.401700 0.037100 0.312500 0.103300 0.077400 0.063500 0.037600 0.024600 0.064000 0.063900 0.037700 0.038000 0.037300 0.062600 0.049600 0.102100 0.100400 0.063400 0.012500 0.050100 0.089600 0.025100 0.038500 0.063900 0.076600 0.050900 0.024900 0.049900 0.012500 0.102500 0.036900 0.091800 0.051000 0.063100 0.000000 0.076800 0.141900 0.038100 0.050700 0.050000 0.076900 0.077200 0.064500 0.000100 0.092500 0.063100 0.050200 0.076300 0.119700 0.025100 0.012500
BlueSheep 0.050700 0.442800 0.088300 0.346800 0.116000 0.037400 0.103600 0.063000 0.075500 0.146300 0.012300 0.089800 0.063800 0.062700 0.088300 0.074900 0.156600 0.154700 0.037300 0.063500 0.075500 0.048700 0.104400 0.120100 0.012300 0.102900 0.050600 0.076300 0.075400 0.063700 0.186400 0.061900 0.147700 0.050600 0.062700 0.076800 0.000000 0.154600 0.063900 0.131800 0.129800 0.103200 0.160500 0.147600 0.076700 0.105600 0.089000 0.075900 0.102600 0.177200 0.076800 0.063600
BohorReedb 0.144100 0.534500 0.136800 0.393400 0.023700 0.128300 0.141400 0.126600 0.151000 0.213700 0.141400 0.127500 0.101500 0.099300 0.124900 0.111600 0.194000 0.220100 0.140400 0.139900 0.086300 0.167700 0.168800 0.186300 0.141500 0.127000 0.101100 0.152800 0.112200 0.140400 0.254500 0.098100 0.216500 0.101300 0.112900 0.141900 0.154600 0.000000 0.101500 0.198200 0.195300 0.127300 0.228500 0.215500 0.141300 0.143100 0.126200 0.113100 0.113200 0.216500 0.126600 0.140000
KirksDik 0.078900 0.385300 0.050100 0.295700 0.063500 0.064300 0.038000 0.025000 0.037400 0.105100 0.051000 0.025100 0.000200 0.000300 0.050000 0.012200 0.116200 0.114500 0.050700 0.024800 0.012400 0.076700 0.064500 0.079100 0.051100 0.037800 0.012600 0.037200 0.012300 0.024900 0.144600 0.024400 0.106300 0.012600 0.050400 0.038100 0.063900 0.101500 0.000000 0.091100 0.089700 0.037900 0.118900 0.105900 0.038000 0.052200 0.024900 0.037600 0.037600 0.106300 0.012600 0.024800
RoeDeer 0.134000 0.361300 0.088600 0.350100 0.158600 0.132800 0.117300 0.089700 0.075600 0.064000 0.118300 0.090100 0.091100 0.089100 0.115500 0.101600 0.157100 0.154600 0.117400 0.063700 0.102600 0.145000 0.025100 0.012600 0.118400 0.130900 0.104600 0.076500 0.102300 0.063900 0.102500 0.088000 0.148400 0.104900 0.116800 0.050700 0.131800 0.198200 0.091100 0.000000 0.050000 0.131300 0.077300 0.038000 0.050500 0.149300 0.116400 0.103000 0.130400 0.161100 0.077000 0.063800
WhiteLippe 0.131900 0.394700 0.086700 0.343700 0.156300 0.130800 0.115500 0.088500 0.049000 0.062900 0.116600 0.088800 0.089800 0.087800 0.113500 0.100200 0.154800 0.152500 0.115700 0.062800 0.100300 0.142900 0.024700 0.037900 0.116700 0.129000 0.103100 0.075400 0.100800 0.063000 0.100800 0.086700 0.146100 0.103300 0.115100 0.050000 0.129800 0.195300 0.089700 0.050000 0.000000 0.129400 0.075900 0.063600 0.049800 0.147000 0.114800 0.101500 0.128500 0.174800 0.075900 0.062800
ThomsonGaz 0.119400 0.440000 0.088300 0.347500 0.101800 0.103900 0.076800 0.063000 0.075400 0.145900 0.090100 0.063400 0.037800 0.037100 0.088200 0.036600 0.156000 0.126800 0.063000 0.063500 0.062200 0.116200 0.104000 0.119600 0.090200 0.012000 0.050600 0.076300 0.024400 0.063700 0.185900 0.052400 0.147600 0.050700 0.088900 0.076900 0.103200 0.127300 0.037900 0.131300 0.129400 0.000000 0.160000 0.147100 0.076700 0.092000 0.062800 0.075800 0.075800 0.147600 0.050600 0.063600
MuntiacusC 0.163100 0.423400 0.115700 0.389900 0.188100 0.161600 0.145500 0.117100 0.102300 0.012500 0.146700 0.117500 0.118900 0.116200 0.143500 0.128900 0.186300 0.183200 0.145600 0.090600 0.130400 0.173700 0.050900 0.065100 0.146800 0.159500 0.132800 0.103600 0.129700 0.090900 0.050200 0.114700 0.178200 0.133200 0.144900 0.077200 0.160500 0.228500 0.118900 0.077300 0.075900 0.160000 0.000000 0.091700 0.076900 0.179400 0.144500 0.130700 0.130800 0.208500 0.104300 0.090700
WhiteTaile 0.150100 0.379900 0.103000 0.328600 0.175100 0.148700 0.132600 0.104300 0.089700 0.078200 0.133800 0.104800 0.105900 0.103600 0.130600 0.116300 0.142100 0.139900 0.132800 0.077900 0.117500 0.160900 0.038400 0.025700 0.133900 0.146600 0.119900 0.091000 0.117000 0.078200 0.117400 0.102300 0.133100 0.120100 0.132100 0.064500 0.147600 0.215500 0.105900 0.038000 0.063600 0.147100 0.091700 0.000000 0.064300 0.166100 0.131700 0.118000 0.146100 0.179300 0.091500 0.078000
Cattle 0.077900 0.385200 0.037000 0.311400 0.102800 0.077200 0.063400 0.037500 0.024600 0.063700 0.063800 0.037600 0.037900 0.037200 0.062500 0.049500 0.101600 0.100300 0.063300 0.012400 0.050000 0.089500 0.025000 0.038200 0.063800 0.076500 0.050800 0.024800 0.049800 0.012500 0.102100 0.036700 0.091500 0.050900 0.063000 0.000100 0.076700 0.141300 0.038000 0.050500 0.049800 0.076700 0.076900 0.064300 0.000000 0.092400 0.063000 0.050100 0.076000 0.119200 0.025000 0.012400
RoyalAntel 0.122200 0.413200 0.104100 0.319300 0.104100 0.106300 0.092800 0.077900 0.090700 0.164600 0.092100 0.078500 0.052000 0.061400 0.103900 0.063600 0.175200 0.172600 0.091400 0.078800 0.064600 0.118600 0.121100 0.136600 0.092200 0.091700 0.051800 0.091900 0.064000 0.079000 0.206000 0.086900 0.166800 0.051900 0.091000 0.092500 0.105600 0.143100 0.052200 0.149300 0.147000 0.092000 0.179400 0.166100 0.092400 0.000000 0.077800 0.091300 0.091300 0.166800 0.065300 0.078800
Steenbok 0.104500 0.415800 0.074700 0.288300 0.088400 0.089600 0.063000 0.037100 0.062000 0.130600 0.076100 0.050000 0.018600 0.024400 0.074600 0.036500 0.141300 0.139400 0.075500 0.050100 0.036900 0.101700 0.089800 0.104800 0.076200 0.062700 0.034300 0.062700 0.036700 0.050300 0.170000 0.048700 0.132100 0.033200 0.073000 0.063100 0.089000 0.126200 0.024900 0.116400 0.114800 0.062800 0.144500 0.131700 0.063000 0.077800 0.000000 0.062300 0.062300 0.132100 0.037400 0.050200
Impala 0.091000 0.437400 0.061900 0.344000 0.075400 0.076400 0.076100 0.031400 0.049300 0.117000 0.063100 0.062900 0.037500 0.036800 0.061900 0.049000 0.101000 0.126200 0.062600 0.037300 0.049400 0.088500 0.076500 0.091300 0.063100 0.075600 0.050200 0.049900 0.049300 0.037500 0.156200 0.036300 0.118300 0.050300 0.062300 0.050200 0.075900 0.113100 0.037600 0.103000 0.101500 0.075800 0.130700 0.118000 0.050100 0.091300 0.062300 0.000000 0.075300 0.146500 0.050200 0.037400
Klipspring 0.091200 0.373400 0.087600 0.306700 0.101800 0.076600 0.075800 0.062500 0.074800 0.117100 0.089500 0.062900 0.037600 0.036800 0.087500 0.049000 0.127200 0.125500 0.088800 0.063000 0.049400 0.115300 0.103400 0.118900 0.089600 0.075600 0.050300 0.075700 0.049300 0.063200 0.156200 0.061300 0.117900 0.050400 0.062400 0.076300 0.102600 0.113200 0.037600 0.130400 0.128500 0.075800 0.130800 0.146100 0.076000 0.091300 0.062300 0.075300 0.000000 0.117900 0.050200 0.063100
ForestMusk 0.180100 0.433100 0.103000 0.339200 0.175900 0.178400 0.133100 0.132500 0.117200 0.193400 0.163000 0.105200 0.106200 0.104000 0.159300 0.116700 0.174400 0.171700 0.161800 0.105400 0.117800 0.190700 0.148800 0.149500 0.163200 0.147100 0.120100 0.118800 0.117500 0.105800 0.235300 0.129900 0.165900 0.120400 0.160800 0.119700 0.177200 0.216500 0.106300 0.161100 0.174800 0.147600 0.208500 0.179300 0.119200 0.166800 0.132100 0.146500 0.117900 0.000000 0.091700 0.105600
Bushbuck 0.078100 0.362200 0.036600 0.276900 0.088700 0.077400 0.037700 0.037500 0.024300 0.090800 0.063900 0.012400 0.012500 0.012300 0.062600 0.024500 0.102000 0.100600 0.063400 0.024400 0.024800 0.089600 0.050900 0.065000 0.063900 0.050500 0.025200 0.024500 0.024700 0.012300 0.129800 0.036700 0.091800 0.025200 0.063100 0.025100 0.076800 0.126600 0.012600 0.077000 0.075900 0.050600 0.104300 0.091500 0.025000 0.065300 0.037400 0.050200 0.050200 0.091700 0.000000 0.012300
GreaterKud 0.064600 0.383300 0.024200 0.295500 0.101800 0.064000 0.050500 0.024900 0.012100 0.077300 0.050800 0.024900 0.025100 0.024600 0.049800 0.036900 0.088800 0.087600 0.050400 0.000100 0.037300 0.076300 0.037900 0.051600 0.050800 0.063400 0.037900 0.012000 0.037100 0.000000 0.116100 0.024200 0.078300 0.038000 0.050100 0.012500 0.063600 0.140000 0.024800 0.063800 0.062800 0.063600 0.090700 0.078000 0.012400 0.078800 0.050200 0.037400 0.063100 0.105600 0.012300 0.000000
