1
52 1
Argali 0.000000 0.116500 0.072000 0.118600 0.022800 0.045200 0.046000 0.046100 0.071500 0.069500 0.022800 0.045800 0.045800 0.046900 0.022300 0.022800 0.094300 0.071900 0.022800 0.046900 0.022800 0.022800 0.092800 0.123800 0.022800 0.046900 0.045800 0.046900 0.022800 0.046500 0.147300 0.046900 0.094000 0.045800 0.022600 0.070600 0.045500 0.045200 0.046900 0.095500 0.118400 0.069700 0.095300 0.119200 0.070600 0.022800 0.022800 0.022800 0.047100 0.099500 0.046900 0.073000
LesserMous 0.116500 0.000000 0.143000 0.043100 0.090700 0.112900 0.114600 0.115200 0.142200 0.043400 0.090700 0.114000 0.114200 0.116400 0.089000 0.090700 0.066600 0.092000 0.090700 0.116400 0.090700 0.090700 0.065400 0.092600 0.090700 0.116400 0.114200 0.116400 0.090700 0.115600 0.114800 0.116400 0.066300 0.114200 0.090200 0.140500 0.113800 0.112700 0.116400 0.067100 0.088700 0.138800 0.067000 0.089600 0.140500 0.090700 0.090700 0.090700 0.116900 0.118900 0.116400 0.144800
LesserKudu 0.072000 0.143000 0.000000 0.145600 0.046100 0.069500 0.070100 0.070300 0.046800 0.114600 0.046100 0.069500 0.069500 0.023000 0.045800 0.046100 0.120500 0.072100 0.046100 0.023000 0.046100 0.046100 0.140500 0.120000 0.046100 0.023000 0.069500 0.023000 0.046100 0.023000 0.142900 0.023000 0.120000 0.069500 0.046100 0.046200 0.069500 0.068600 0.023000 0.091200 0.166500 0.094300 0.089700 0.115600 0.046200 0.046100 0.046100 0.046100 0.071400 0.141900 0.023000 0.047700
KillerWhal 0.118600 0.043100 0.145600 0.000000 0.092300 0.115000 0.116700 0.116900 0.144600 0.090600 0.092300 0.115800 0.116200 0.118400 0.090700 0.092300 0.115700 0.093700 0.092300 0.118400 0.092300 0.092300 0.113500 0.145000 0.092300 0.118400 0.116200 0.118400 0.092300 0.117600 0.167700 0.118400 0.115000 0.116200 0.091800 0.142800 0.115800 0.114700 0.118400 0.116500 0.138700 0.141200 0.116400 0.140000 0.142800 0.092300 0.092300 0.092300 0.118900 0.121300 0.118400 0.147300
DefassaWat 0.022800 0.090700 0.046100 0.092300 0.000000 0.022100 0.022200 0.022300 0.045800 0.061500 0.000000 0.022100 0.022100 0.022500 0.000200 0.000000 0.068800 0.046400 0.000000 0.022500 0.000000 0.000000 0.087300 0.117500 0.000000 0.022500 0.022100 0.022500 0.000000 0.022500 0.139900 0.022500 0.068500 0.022100 0.000100 0.045300 0.022100 0.021800 0.022500 0.089500 0.110700 0.044900 0.088000 0.113400 0.045300 0.000000 0.000000 0.000000 0.022700 0.082500 0.022500 0.046700
Sheep 0.045200 0.112900 0.069500 0.115000 0.022100 0.000000 0.044600 0.044600 0.069000 0.067200 0.022100 0.044300 0.044400 0.045300 0.021800 0.022100 0.091300 0.069400 0.022100 0.045300 0.022100 0.022100 0.089800 0.119400 0.022100 0.045300 0.044400 0.045300 0.022100 0.044900 0.142000 0.045300 0.090900 0.044400 0.022000 0.068200 0.044200 0.043900 0.045300 0.092100 0.114400 0.021900 0.092000 0.115200 0.068200 0.022100 0.022100 0.022100 0.045400 0.095800 0.045300 0.070200
MaxwellsDu 0.046000 0.114600 0.070100 0.116700 0.022200 0.044600 0.000000 0.045000 0.069700 0.085100 0.022200 0.044700 0.044700 0.045700 0.022000 0.022200 0.067600 0.070400 0.022200 0.045700 0.022200 0.022200 0.110400 0.142500 0.022200 0.045700 0.044700 0.045700 0.022200 0.045100 0.165100 0.045700 0.092200 0.044700 0.022200 0.068800 0.044600 0.044200 0.045700 0.113300 0.136800 0.068100 0.112100 0.137500 0.068800 0.022200 0.022200 0.022200 0.045900 0.111500 0.045700 0.070900
GazellaPrz 0.046100 0.115200 0.070300 0.116900 0.022300 0.044600 0.045000 0.000000 0.069900 0.085500 0.022300 0.044800 0.044800 0.045800 0.022100 0.022300 0.092900 0.070500 0.022300 0.045800 0.022300 0.022300 0.110900 0.143000 0.022300 0.045800 0.044800 0.045800 0.022300 0.045400 0.165900 0.045800 0.092500 0.044800 0.022200 0.069000 0.044600 0.044300 0.045800 0.113700 0.135600 0.068200 0.112600 0.138000 0.069000 0.022300 0.022300 0.022300 0.046000 0.108700 0.045800 0.071100
MountainNy 0.071500 0.142200 0.046800 0.144600 0.045800 0.069000 0.069700 0.069900 0.000000 0.114200 0.045800 0.045500 0.069100 0.022900 0.045500 0.045800 0.119800 0.071500 0.045800 0.022900 0.045800 0.045800 0.140000 0.119300 0.045800 0.022900 0.069100 0.022900 0.045800 0.022800 0.142100 0.022900 0.119400 0.069100 0.045800 0.022700 0.069200 0.068300 0.022900 0.090900 0.165600 0.067900 0.089400 0.115100 0.022700 0.045800 0.045800 0.045800 0.071000 0.141100 0.022900 0.047400
MuntiacusM 0.069500 0.043400 0.114600 0.090600 0.061500 0.067200 0.085100 0.085500 0.114200 0.000000 0.061500 0.086200 0.086200 0.088000 0.044300 0.061500 0.022000 0.045700 0.061500 0.088000 0.061500 0.061500 0.021700 0.046000 0.061500 0.088000 0.086200 0.088000 0.061500 0.086200 0.068200 0.088000 0.022000 0.086200 0.058100 0.112800 0.083200 0.084800 0.088000 0.022200 0.044100 0.110300 0.022100 0.044400 0.112800 0.061500 0.061500 0.061500 0.088400 0.070900 0.088000 0.116400
goat 0.022800 0.090700 0.046100 0.092300 0.000000 0.022100 0.022200 0.022300 0.045800 0.061500 0.000000 0.022100 0.022100 0.022500 0.000200 0.000000 0.068800 0.046400 0.000000 0.022500 0.000000 0.000000 0.087300 0.117500 0.000000 0.022500 0.022100 0.022500 0.000000 0.022500 0.139900 0.022500 0.068500 0.022100 0.000100 0.045300 0.022100 0.021800 0.022500 0.089500 0.110700 0.044900 0.088000 0.113400 0.045300 0.000000 0.000000 0.000000 0.022700 0.082500 0.022500 0.046700
AfricanBuf 0.045800 0.114000 0.069500 0.115800 0.022100 0.044300 0.044700 0.044800 0.045500 0.086200 0.022100 0.000000 0.044400 0.045300 0.021900 0.022100 0.092100 0.069900 0.022100 0.045300 0.022100 0.022100 0.111400 0.142800 0.022100 0.045300 0.044400 0.045300 0.022100 0.045200 0.165200 0.045300 0.091900 0.044400 0.022100 0.022100 0.044400 0.043900 0.045300 0.114100 0.133400 0.044600 0.112800 0.137900 0.022100 0.022100 0.022100 0.022100 0.045500 0.109300 0.045300 0.070400
Topi 0.045800 0.114200 0.069500 0.116200 0.022100 0.044400 0.044700 0.044800 0.069100 0.086200 0.022100 0.044400 0.000000 0.045300 0.021900 0.022100 0.092300 0.070000 0.022100 0.045300 0.022100 0.022100 0.111300 0.143000 0.022100 0.045300 0.000000 0.045300 0.022100 0.045100 0.165500 0.045300 0.091900 0.000000 0.022100 0.068300 0.044400 0.043900 0.045300 0.114100 0.135500 0.067700 0.112900 0.138100 0.068300 0.022100 0.022100 0.022100 0.045500 0.109400 0.045300 0.070300
CommonDuik 0.046900 0.116400 0.023000 0.118400 0.022500 0.045300 0.045700 0.045800 0.022900 0.088000 0.022500 0.045300 0.045300 0.000000 0.022400 0.022500 0.094100 0.046900 0.022500 0.000000 0.022500 0.022500 0.113700 0.092400 0.022500 0.000000 0.045300 0.000000 0.022500 0.000100 0.115100 0.000000 0.093800 0.045300 0.022600 0.022600 0.045300 0.044700 0.000000 0.064900 0.138400 0.069100 0.063200 0.089200 0.022600 0.022500 0.022500 0.022500 0.046500 0.112000 0.000000 0.023300
Suni 0.022300 0.089000 0.045800 0.090700 0.000200 0.021800 0.022000 0.022100 0.045500 0.044300 0.000200 0.021900 0.021900 0.022400 0.000000 0.000200 0.067700 0.045800 0.000200 0.022400 0.000200 0.000200 0.066500 0.094200 0.000200 0.022400 0.021900 0.022400 0.000200 0.022300 0.116900 0.022400 0.067400 0.021900 0.000300 0.045000 0.021600 0.021600 0.022400 0.068200 0.090200 0.044500 0.068200 0.091000 0.045000 0.000200 0.000200 0.000200 0.022400 0.071000 0.022400 0.046400
Springbuck 0.022800 0.090700 0.046100 0.092300 0.000000 0.022100 0.022200 0.022300 0.045800 0.061500 0.000000 0.022100 0.022100 0.022500 0.000200 0.000000 0.068800 0.046400 0.000000 0.022500 0.000000 0.000000 0.087300 0.117500 0.000000 0.022500 0.022100 0.022500 0.000000 0.022500 0.139900 0.022500 0.068500 0.022100 0.000100 0.045300 0.022100 0.021800 0.022500 0.089500 0.110700 0.044900 0.088000 0.113400 0.045300 0.000000 0.000000 0.000000 0.022700 0.082500 0.022500 0.046700
Okapi 0.094300 0.066600 0.120500 0.115700 0.068800 0.091300 0.067600 0.092900 0.119800 0.022000 0.068800 0.092100 0.092300 0.094100 0.067700 0.068800 0.000000 0.069500 0.068800 0.094100 0.068800 0.068800 0.044100 0.070200 0.068800 0.094100 0.092300 0.094100 0.068800 0.093500 0.092900 0.094100 0.044500 0.092300 0.068500 0.118300 0.091900 0.091100 0.094100 0.045200 0.067400 0.116900 0.045200 0.067800 0.118300 0.068800 0.068800 0.068800 0.094600 0.096300 0.094100 0.122000
Giraffe 0.071900 0.092000 0.072100 0.093700 0.046400 0.069400 0.070400 0.070500 0.071500 0.045700 0.046400 0.069900 0.070000 0.046900 0.045800 0.046400 0.069500 0.000000 0.046400 0.046900 0.046400 0.046400 0.068600 0.071900 0.046400 0.046900 0.070000 0.046900 0.046400 0.046600 0.095000 0.046900 0.069200 0.070000 0.046200 0.070600 0.069700 0.069100 0.046900 0.046300 0.093300 0.094600 0.046200 0.069300 0.070600 0.046400 0.046400 0.046400 0.071900 0.073500 0.046900 0.073000
TibetanAnt 0.022800 0.090700 0.046100 0.092300 0.000000 0.022100 0.022200 0.022300 0.045800 0.061500 0.000000 0.022100 0.022100 0.022500 0.000200 0.000000 0.068800 0.046400 0.000000 0.022500 0.000000 0.000000 0.087300 0.117500 0.000000 0.022500 0.022100 0.022500 0.000000 0.022500 0.139900 0.022500 0.068500 0.022100 0.000100 0.045300 0.022100 0.021800 0.022500 0.089500 0.110700 0.044900 0.088000 0.113400 0.045300 0.000000 0.000000 0.000000 0.022700 0.082500 0.022500 0.046700
Sitatunga 0.046900 0.116400 0.023000 0.118400 0.022500 0.045300 0.045700 0.045800 0.022900 0.088000 0.022500 0.045300 0.045300 0.000000 0.022400 0.022500 0.094100 0.046900 0.022500 0.000000 0.022500 0.022500 0.113700 0.092400 0.022500 0.000000 0.045300 0.000000 0.022500 0.000100 0.115100 0.000000 0.093800 0.045300 0.022600 0.022600 0.045300 0.044700 0.000000 0.064900 0.138400 0.069100 0.063200 0.089200 0.022600 0.022500 0.022500 0.022500 0.046500 0.112000 0.000000 0.023300
Oribi 0.022800 0.090700 0.046100 0.092300 0.000000 0.022100 0.022200 0.022300 0.045800 0.061500 0.000000 0.022100 0.022100 0.022500 0.000200 0.000000 0.068800 0.046400 0.000000 0.022500 0.000000 0.000000 0.087300 0.117500 0.000000 0.022500 0.022100 0.022500 0.000000 0.022500 0.139900 0.022500 0.068500 0.022100 0.000100 0.045300 0.022100 0.021800 0.022500 0.089500 0.110700 0.044900 0.088000 0.113400 0.045300 0.000000 0.000000 0.000000 0.022700 0.082500 0.022500 0.046700
BarbaryShe 0.022800 0.090700 0.046100 0.092300 0.000000 0.022100 0.022200 0.022300 0.045800 0.061500 0.000000 0.022100 0.022100 0.022500 0.000200 0.000000 0.068800 0.046400 0.000000 0.022500 0.000000 0.000000 0.087300 0.117500 0.000000 0.022500 0.022100 0.022500 0.000000 0.022500 0.139900 0.022500 0.068500 0.022100 0.000100 0.045300 0.022100 0.021800 0.022500 0.089500 0.110700 0.044900 0.088000 0.113400 0.045300 0.000000 0.000000 0.000000 0.022700 0.082500 0.022500 0.046700
Daviddeer 0.092800 0.065400 0.140500 0.113500 0.087300 0.089800 0.110400 0.110900 0.140000 0.021700 0.087300 0.111400 0.111300 0.113700 0.066500 0.087300 0.044100 0.068600 0.087300 0.113700 0.087300 0.087300 0.000000 0.068800 0.087300 0.113700 0.111300 0.113700 0.087300 0.111700 0.091400 0.113700 0.044000 0.111300 0.084000 0.138300 0.108500 0.109700 0.113700 0.044300 0.021600 0.135500 0.044500 0.066500 0.138300 0.087300 0.087300 0.087300 0.114200 0.094600 0.113700 0.142600
Reindeer 0.123800 0.092600 0.120000 0.145000 0.117500 0.119400 0.142500 0.143000 0.119300 0.046000 0.117500 0.142800 0.143000 0.092400 0.094200 0.117500 0.070200 0.071900 0.117500 0.092400 0.117500 0.117500 0.068800 0.000000 0.117500 0.092400 0.143000 0.092400 0.117500 0.090300 0.070800 0.092400 0.069900 0.143000 0.114100 0.117800 0.140000 0.140900 0.092400 0.022900 0.094000 0.169100 0.023000 0.045800 0.117800 0.117500 0.117500 0.117500 0.147000 0.126700 0.092400 0.121700
Ibex 0.022800 0.090700 0.046100 0.092300 0.000000 0.022100 0.022200 0.022300 0.045800 0.061500 0.000000 0.022100 0.022100 0.022500 0.000200 0.000000 0.068800 0.046400 0.000000 0.022500 0.000000 0.000000 0.087300 0.117500 0.000000 0.022500 0.022100 0.022500 0.000000 0.022500 0.139900 0.022500 0.068500 0.022100 0.000100 0.045300 0.022100 0.021800 0.022500 0.089500 0.110700 0.044900 0.088000 0.113400 0.045300 0.000000 0.000000 0.000000 0.022700 0.082500 0.022500 0.046700
GyrantGaze 0.046900 0.116400 0.023000 0.118400 0.022500 0.045300 0.045700 0.045800 0.022900 0.088000 0.022500 0.045300 0.045300 0.000000 0.022400 0.022500 0.094100 0.046900 0.022500 0.000000 0.022500 0.022500 0.113700 0.092400 0.022500 0.000000 0.045300 0.000000 0.022500 0.000100 0.115100 0.000000 0.093800 0.045300 0.022600 0.022600 0.045300 0.044700 0.000000 0.064900 0.138400 0.069100 0.063200 0.089200 0.022600 0.022500 0.022500 0.022500 0.046500 0.112000 0.000000 0.023300
Hartebeest 0.045800 0.114200 0.069500 0.116200 0.022100 0.044400 0.044700 0.044800 0.069100 0.086200 0.022100 0.044400 0.000000 0.045300 0.021900 0.022100 0.092300 0.070000 0.022100 0.045300 0.022100 0.022100 0.111300 0.143000 0.022100 0.045300 0.000000 0.045300 0.022100 0.045100 0.165500 0.045300 0.091900 0.000000 0.022100 0.068300 0.044400 0.043900 0.045300 0.114100 0.135500 0.067700 0.112900 0.138100 0.068300 0.022100 0.022100 0.022100 0.045500 0.109400 0.045300 0.070300
Bongo 0.046900 0.116400 0.023000 0.118400 0.022500 0.045300 0.045700 0.045800 0.022900 0.088000 0.022500 0.045300 0.045300 0.000000 0.022400 0.022500 0.094100 0.046900 0.022500 0.000000 0.022500 0.022500 0.113700 0.092400 0.022500 0.000000 0.045300 0.000000 0.022500 0.000100 0.115100 0.000000 0.093800 0.045300 0.022600 0.022600 0.045300 0.044700 0.000000 0.064900 0.138400 0.069100 0.063200 0.089200 0.022600 0.022500 0.022500 0.022500 0.046500 0.112000 0.000000 0.023300
Gerenuk 0.022800 0.090700 0.046100 0.092300 0.000000 0.022100 0.022200 0.022300 0.045800 0.061500 0.000000 0.022100 0.022100 0.022500 0.000200 0.000000 0.068800 0.046400 0.000000 0.022500 0.000000 0.000000 0.087300 0.117500 0.000000 0.022500 0.022100 0.022500 0.000000 0.022500 0.139900 0.022500 0.068500 0.022100 0.000100 0.045300 0.022100 0.021800 0.022500 0.089500 0.110700 0.044900 0.088000 0.113400 0.045300 0.000000 0.000000 0.000000 0.022700 0.082500 0.022500 0.046700
CommonElan 0.046500 0.115600 0.023000 0.117600 0.022500 0.044900 0.045100 0.045400 0.022800 0.086200 0.022500 0.045200 0.045100 0.000100 0.022300 0.022500 0.093500 0.046600 0.022500 0.000100 0.022500 0.022500 0.111700 0.090300 0.022500 0.000100 0.045100 0.000100 0.022500 0.000000 0.113200 0.000100 0.093200 0.045100 0.022400 0.022600 0.044900 0.044600 0.000100 0.062800 0.138500 0.068700 0.061300 0.087200 0.022600 0.022500 0.022500 0.022500 0.046400 0.113200 0.000100 0.023200
MuntiacusR 0.147300 0.114800 0.142900 0.167700 0.139900 0.142000 0.165100 0.165900 0.142100 0.068200 0.139900 0.165200 0.165500 0.115100 0.116900 0.139900 0.092900 0.095000 0.139900 0.115100 0.139900 0.139900 0.091400 0.070800 0.139900 0.115100 0.165500 0.115100 0.139900 0.113200 0.000000 0.115100 0.092600 0.165500 0.136900 0.140400 0.162700 0.162800 0.115100 0.045600 0.116600 0.191900 0.045400 0.068300 0.140400 0.139900 0.139900 0.139900 0.170000 0.150800 0.115100 0.145100
HarveysDui 0.046900 0.116400 0.023000 0.118400 0.022500 0.045300 0.045700 0.045800 0.022900 0.088000 0.022500 0.045300 0.045300 0.000000 0.022400 0.022500 0.094100 0.046900 0.022500 0.000000 0.022500 0.022500 0.113700 0.092400 0.022500 0.000000 0.045300 0.000000 0.022500 0.000100 0.115100 0.000000 0.093800 0.045300 0.022600 0.022600 0.045300 0.044700 0.000000 0.064900 0.138400 0.069100 0.063200 0.089200 0.022600 0.022500 0.022500 0.022500 0.046500 0.112000 0.000000 0.023300
Pronghorn 0.094000 0.066300 0.120000 0.115000 0.068500 0.090900 0.092200 0.092500 0.119400 0.022000 0.068500 0.091900 0.091900 0.093800 0.067400 0.068500 0.044500 0.069200 0.068500 0.093800 0.068500 0.068500 0.044000 0.069900 0.068500 0.093800 0.091900 0.093800 0.068500 0.093200 0.092600 0.093800 0.000000 0.091900 0.068200 0.118000 0.091600 0.090700 0.093800 0.045100 0.067300 0.116400 0.045100 0.067600 0.118000 0.068500 0.068500 0.068500 0.094300 0.095900 0.093800 0.121600
BlueWildeb 0.045800 0.114200 0.069500 0.116200 0.022100 0.044400 0.044700 0.044800 0.069100 0.086200 0.022100 0.044400 0.000000 0.045300 0.021900 0.022100 0.092300 0.070000 0.022100 0.045300 0.022100 0.022100 0.111300 0.143000 0.022100 0.045300 0.000000 0.045300 0.022100 0.045100 0.165500 0.045300 0.091900 0.000000 0.022100 0.068300 0.044400 0.043900 0.045300 0.114100 0.135500 0.067700 0.112900 0.138100 0.068300 0.022100 0.022100 0.022100 0.045500 0.109400 0.045300 0.070300
Gemsbok 0.022600 0.090200 0.046100 0.091800 0.000100 0.022000 0.022200 0.022200 0.045800 0.058100 0.000100 0.022100 0.022100 0.022600 0.000300 0.000100 0.068500 0.046200 0.000100 0.022600 0.000100 0.000100 0.084000 0.114100 0.000100 0.022600 0.022100 0.022600 0.000100 0.022400 0.136900 0.022600 0.068200 0.022100 0.000000 0.045300 0.022000 0.021900 0.022600 0.086000 0.108000 0.044700 0.084900 0.110200 0.045300 0.000100 0.000100 0.000100 0.022600 0.079700 0.022600 0.046700
Yak 0.070600 0.140500 0.046200 0.142800 0.045300 0.068200 0.068800 0.069000 0.022700 0.112800 0.045300 0.022100 0.068300 0.022600 0.045000 0.045300 0.118300 0.070600 0.045300 0.022600 0.045300 0.045300 0.138300 0.117800 0.045300 0.022600 0.068300 0.022600 0.045300 0.022600 0.140400 0.022600 0.118000 0.068300 0.045300 0.000000 0.068300 0.067400 0.022600 0.089900 0.162100 0.068600 0.088500 0.113700 0.000000 0.045300 0.045300 0.045300 0.061300 0.139400 0.022600 0.046900
BlueSheep 0.045500 0.113800 0.069500 0.115800 0.022100 0.044200 0.044600 0.044600 0.069200 0.083200 0.022100 0.044400 0.044400 0.045300 0.021600 0.022100 0.091900 0.069700 0.022100 0.045300 0.022100 0.022100 0.108500 0.140000 0.022100 0.045300 0.044400 0.045300 0.022100 0.044900 0.162700 0.045300 0.091600 0.044400 0.022000 0.068300 0.000000 0.000100 0.045300 0.111100 0.108000 0.086000 0.110100 0.135300 0.068300 0.022100 0.022100 0.022100 0.045500 0.126300 0.045300 0.070300
BohorReedb 0.045200 0.112700 0.068600 0.114700 0.021800 0.043900 0.044200 0.044300 0.068300 0.084800 0.021800 0.043900 0.043900 0.044700 0.021600 0.021800 0.091100 0.069100 0.021800 0.044700 0.021800 0.021800 0.109700 0.140900 0.021800 0.044700 0.043900 0.044700 0.021800 0.044600 0.162800 0.044700 0.090700 0.043900 0.021900 0.067400 0.000100 0.000000 0.044700 0.112400 0.133400 0.067000 0.111100 0.136100 0.067400 0.021800 0.021800 0.021800 0.044900 0.107300 0.044700 0.069400
KirksDik 0.046900 0.116400 0.023000 0.118400 0.022500 0.045300 0.045700 0.045800 0.022900 0.088000 0.022500 0.045300 0.045300 0.000000 0.022400 0.022500 0.094100 0.046900 0.022500 0.000000 0.022500 0.022500 0.113700 0.092400 0.022500 0.000000 0.045300 0.000000 0.022500 0.000100 0.115100 0.000000 0.093800 0.045300 0.022600 0.022600 0.045300 0.044700 0.000000 0.064900 0.138400 0.069100 0.063200 0.089200 0.022600 0.022500 0.022500 0.022500 0.046500 0.112000 0.000000 0.023300
RoeDeer 0.095500 0.067100 0.091200 0.116500 0.089500 0.092100 0.113300 0.113700 0.090900 0.022200 0.089500 0.114100 0.114100 0.064900 0.068200 0.089500 0.045200 0.046300 0.089500 0.064900 0.089500 0.089500 0.044300 0.022900 0.089500 0.064900 0.114100 0.064900 0.089500 0.062800 0.045600 0.064900 0.045100 0.114100 0.086000 0.089900 0.111100 0.112400 0.064900 0.000000 0.068100 0.138900 0.000100 0.022100 0.089900 0.089500 0.089500 0.089500 0.117200 0.097500 0.064900 0.092700
WhiteLippe 0.118400 0.088700 0.166500 0.138700 0.110700 0.114400 0.136800 0.135600 0.165600 0.044100 0.110700 0.133400 0.135500 0.138400 0.090200 0.110700 0.067400 0.093300 0.110700 0.138400 0.110700 0.110700 0.021600 0.094000 0.110700 0.138400 0.135500 0.138400 0.110700 0.138500 0.116600 0.138400 0.067300 0.135500 0.108000 0.162100 0.108000 0.133400 0.138400 0.068100 0.000000 0.160300 0.068000 0.090800 0.162100 0.110700 0.110700 0.110700 0.139100 0.121200 0.138400 0.169100
ThomsonGaz 0.069700 0.138800 0.094300 0.141200 0.044900 0.021900 0.068100 0.068200 0.067900 0.110300 0.044900 0.044600 0.067700 0.069100 0.044500 0.044900 0.116900 0.094600 0.044900 0.069100 0.044900 0.044900 0.135500 0.169100 0.044900 0.069100 0.067700 0.069100 0.044900 0.068700 0.191900 0.069100 0.116400 0.067700 0.044700 0.068600 0.086000 0.067000 0.069100 0.138900 0.160300 0.000000 0.137900 0.163300 0.068600 0.044900 0.044900 0.044900 0.069500 0.135900 0.069100 0.095500
MuntiacusC 0.095300 0.067000 0.089700 0.116400 0.088000 0.092000 0.112100 0.112600 0.089400 0.022100 0.088000 0.112800 0.112900 0.063200 0.068200 0.088000 0.045200 0.046200 0.088000 0.063200 0.088000 0.088000 0.044500 0.023000 0.088000 0.063200 0.112900 0.063200 0.088000 0.061300 0.045400 0.063200 0.045100 0.112900 0.084900 0.088500 0.110100 0.111100 0.063200 0.000100 0.068000 0.137900 0.000000 0.022200 0.088500 0.088000 0.088000 0.088000 0.115900 0.097400 0.063200 0.091200
WhiteTaile 0.119200 0.089600 0.115600 0.140000 0.113400 0.115200 0.137500 0.138000 0.115100 0.044400 0.113400 0.137900 0.138100 0.089200 0.091000 0.113400 0.067800 0.069300 0.113400 0.089200 0.113400 0.113400 0.066500 0.045800 0.113400 0.089200 0.138100 0.089200 0.113400 0.087200 0.068300 0.089200 0.067600 0.138100 0.110200 0.113700 0.135300 0.136100 0.089200 0.022100 0.090800 0.163300 0.022200 0.000000 0.113700 0.113400 0.113400 0.113400 0.141600 0.121800 0.089200 0.117200
Cattle 0.070600 0.140500 0.046200 0.142800 0.045300 0.068200 0.068800 0.069000 0.022700 0.112800 0.045300 0.022100 0.068300 0.022600 0.045000 0.045300 0.118300 0.070600 0.045300 0.022600 0.045300 0.045300 0.138300 0.117800 0.045300 0.022600 0.068300 0.022600 0.045300 0.022600 0.140400 0.022600 0.118000 0.068300 0.045300 0.000000 0.068300 0.067400 0.022600 0.089900 0.162100 0.068600 0.088500 0.113700 0.000000 0.045300 0.045300 0.045300 0.070200 0.139400 0.022600 0.046900
RoyalAntel 0.022800 0.090700 0.046100 0.092300 0.000000 0.022100 0.022200 0.022300 0.045800 0.061500 0.000000 0.022100 0.022100 0.022500 0.000200 0.000000 0.068800 0.046400 0.000000 0.022500 0.000000 0.000000 0.087300 0.117500 0.000000 0.022500 0.022100 0.022500 0.000000 0.022500 0.139900 0.022500 0.068500 0.022100 0.000100 0.045300 0.022100 0.021800 0.022500 0.089500 0.110700 0.044900 0.088000 0.113400 0.045300 0.000000 0.000000 0.000000 0.022700 0.082500 0.022500 0.046700
Steenbok 0.022800 0.090700 0.046100 0.092300 0.000000 0.022100 0.022200 0.022300 0.045800 0.061500 0.000000 0.022100 0.022100 0.022500 0.000200 0.000000 0.068800 0.046400 0.000000 0.022500 0.000000 0.000000 0.087300 0.117500 0.000000 0.022500 0.022100 0.022500 0.000000 0.022500 0.139900 0.022500 0.068500 0.022100 0.000100 0.045300 0.022100 0.021800 0.022500 0.089500 0.110700 0.044900 0.088000 0.113400 0.045300 0.000000 0.000000 0.000000 0.022700 0.082500 0.022500 0.046700
Impala 0.022800 0.090700 0.046100 0.092300 0.000000 0.022100 0.022200 0.022300 0.045800 0.061500 0.000000 0.022100 0.022100 0.022500 0.000200 0.000000 0.068800 0.046400 0.000000 0.022500 0.000000 0.000000 0.087300 0.117500 0.000000 0.022500 0.022100 0.022500 0.000000 0.022500 0.139900 0.022500 0.068500 0.022100 0.000100 0.045300 0.022100 0.021800 0.022500 0.089500 0.110700 0.044900 0.088000 0.113400 0.045300 0.000000 0.000000 0.000000 0.022700 0.082500 0.022500 0.046700
Klipspring 0.047100 0.116900 0.071400 0.118900 0.022700 0.045400 0.045900 0.046000 0.071000 0.088400 0.022700 0.045500 0.045500 0.046500 0.022400 0.022700 0.094600 0.071900 0.022700 0.046500 0.022700 0.022700 0.114200 0.147000 0.022700 0.046500 0.045500 0.046500 0.022700 0.046400 0.170000 0.046500 0.094300 0.045500 0.022600 0.061300 0.045500 0.044900 0.046500 0.117200 0.139100 0.069500 0.115900 0.141600 0.070200 0.022700 0.022700 0.022700 0.000000 0.112600 0.046500 0.072400
ForestMusk 0.099500 0.118900 0.141900 0.121300 0.082500 0.095800 0.111500 0.108700 0.141100 0.070900 0.082500 0.109300 0.109400 0.112000 0.071000 0.082500 0.096300 0.073500 0.082500 0.112000 0.082500 0.082500 0.094600 0.126700 0.082500 0.112000 0.109400 0.112000 0.082500 0.113200 0.150800 0.112000 0.095900 0.109400 0.079700 0.139400 0.126300 0.107300 0.112000 0.097500 0.121200 0.135900 0.097400 0.121800 0.139400 0.082500 0.082500 0.082500 0.112600 0.000000 0.112000 0.144600
Bushbuck 0.046900 0.116400 0.023000 0.118400 0.022500 0.045300 0.045700 0.045800 0.022900 0.088000 0.022500 0.045300 0.045300 0.000000 0.022400 0.022500 0.094100 0.046900 0.022500 0.000000 0.022500 0.022500 0.113700 0.092400 0.022500 0.000000 0.045300 0.000000 0.022500 0.000100 0.115100 0.000000 0.093800 0.045300 0.022600 0.022600 0.045300 0.044700 0.000000 0.064900 0.138400 0.069100 0.063200 0.089200 0.022600 0.022500 0.022500 0.022500 0.046500 0.112000 0.000000 0.023300
GreaterKud 0.073000 0.144800 0.047700 0.147300 0.046700 0.070200 0.070900 0.071100 0.047400 0.116400 0.046700 0.070400 0.070300 0.023300 0.046400 0.046700 0.122000 0.073000 0.046700 0.023300 0.046700 0.046700 0.142600 0.121700 0.046700 0.023300 0.070300 0.023300 0.046700 0.023200 0.145100 0.023300 0.121600 0.070300 0.046700 0.046900 0.070300 0.069400 0.023300 0.092700 0.169100 0.095500 0.091200 0.117200 0.046900 0.046700 0.046700 0.046700 0.072400 0.144600 0.023300 0.000000
