CODONML (in paml version 4.10.7, June 2023)  /home/rachel/ruminants_paml/6406-phy-tree/ENSBTAT00000018765.fasta.phy
Model: free dN/dS Ratios for branches,  kappa = 2.000 fixed

Codon frequency model: F3x4
ns =  54  ls =  74

Codon usage in sequences
--------------------------------------------------------------------------------------------------------------------------------------
Phe TTT   1   1   2   1   1   0 | Ser TCT   0   0   0   0   0   0 | Tyr TAT   0   0   1   0   0   0 | Cys TGT   0   0   0   0   1   0
    TTC   1   1   0   1   1   2 |     TCC   2   1   1   2   1   2 |     TAC   1   2   1   2   1   1 |     TGC   0   0   0   0   1   1
Leu TTA   0   0   0   0   0   0 |     TCA   0   0   0   0   1   0 | *** TAA   0   0   0   0   0   0 | *** TGA   0   0   0   0   0   0
    TTG   0   0   0   0   0   0 |     TCG   0   1   1   1   1   0 |     TAG   0   0   0   0   0   0 | Trp TGG   4   4   4   4   3   4
--------------------------------------------------------------------------------------------------------------------------------------
Leu CTT   0   0   0   0   0   0 | Pro CCT   1   1   1   1   1   1 | His CAT   1   0   0   0   0   1 | Arg CGT   0   0   0   0   0   1
    CTC   1   1   1   1   1   1 |     CCC   1   1   1   1   1   2 |     CAC   3   3   3   3   3   2 |     CGC   4   4   4   4   5   3
    CTA   0   0   0   0   0   0 |     CCA   0   1   1   0   0   0 | Gln CAA   0   0   0   0   0   0 |     CGA   1   1   1   1   0   1
    CTG   2   2   2   2   2   2 |     CCG   2   1   1   1   0   1 |     CAG   3   3   3   3   4   3 |     CGG   8   7   8   8   6   8
--------------------------------------------------------------------------------------------------------------------------------------
Ile ATT   0   0   0   0   1   0 | Thr ACT   1   1   1   0   1   0 | Asn AAT   1   1   1   1   1   1 | Ser AGT   0   0   0   0   0   0
    ATC   1   1   0   1   0   1 |     ACC   1   1   1   4   1   2 |     AAC   1   1   1   1   1   1 |     AGC   1   1   1   1   0   1
    ATA   0   0   1   0   0   0 |     ACA   0   0   0   0   1   0 | Lys AAA   0   0   0   0   0   0 | Arg AGA   0   0   1   0   0   0
Met ATG   2   3   2   2   2   2 |     ACG   2   2   2   1   2   2 |     AAG   3   3   3   3   3   3 |     AGG   1   2   0   1   2   1
--------------------------------------------------------------------------------------------------------------------------------------
Val GTT   0   0   0   0   0   0 | Ala GCT   0   1   0   0   0   2 | Asp GAT   1   0   0   1   0   0 | Gly GGT   0   0   0   0   1   0
    GTC   0   0   0   0   0   0 |     GCC   3   2   3   2   4   2 |     GAC   2   3   3   2   3   3 |     GGC   6   6   6   6   6   6
    GTA   0   0   0   0   0   0 |     GCA   2   1   1   2   1   1 | Glu GAA   1   1   2   1   1   1 |     GGA   0   0   0   0   0   0
    GTG   1   1   1   1   1   1 |     GCG   0   0   1   0   0   0 |     GAG   5   5   4   5   5   5 |     GGG   3   3   3   3   3   3
--------------------------------------------------------------------------------------------------------------------------------------

--------------------------------------------------------------------------------------------------------------------------------------
Phe TTT   1   1   1   1   2   2 | Ser TCT   0   0   2   0   0   1 | Tyr TAT   0   0   1   0   1   0 | Cys TGT   0   0   0   0   0   0
    TTC   1   1   1   1   0   0 |     TCC   2   2   1   2   2   1 |     TAC   2   1   1   2   1   2 |     TGC   0   0   0   0   0   0
Leu TTA   0   0   0   0   0   0 |     TCA   0   0   0   0   0   0 | *** TAA   0   0   0   0   0   0 | *** TGA   0   0   0   0   0   0
    TTG   0   0   0   0   0   0 |     TCG   0   0   0   0   0   0 |     TAG   0   0   0   0   0   0 | Trp TGG   4   4   4   4   4   4
--------------------------------------------------------------------------------------------------------------------------------------
Leu CTT   1   0   0   0   0   0 | Pro CCT   2   2   0   1   1   1 | His CAT   0   1   0   0   0   0 | Arg CGT   0   0   0   1   0   1
    CTC   0   1   1   1   1   1 |     CCC   0   1   1   1   1   1 |     CAC   3   3   3   3   3   3 |     CGC   4   4   4   4   4   4
    CTA   0   0   0   0   0   0 |     CCA   0   0   1   0   0   1 | Gln CAA   0   0   0   0   0   0 |     CGA   1   1   1   1   1   1
    CTG   2   2   3   2   2   2 |     CCG   2   1   0   2   2   1 |     CAG   3   3   3   3   3   3 |     CGG   8   8   8   7   8   7
--------------------------------------------------------------------------------------------------------------------------------------
Ile ATT   0   0   0   1   0   1 | Thr ACT   1   1   1   1   1   1 | Asn AAT   1   1   1   1   1   1 | Ser AGT   0   0   0   0   0   0
    ATC   1   1   1   0   0   0 |     ACC   1   2   1   1   1   2 |     AAC   1   1   1   1   1   1 |     AGC   1   1   1   1   1   1
    ATA   0   0   0   0   1   0 |     ACA   0   0   1   0   0   0 | Lys AAA   0   0   1   0   0   0 | Arg AGA   0   0   1   0   0   0
Met ATG   2   2   2   2   2   2 |     ACG   2   1   1   2   2   2 |     AAG   3   3   2   3   3   3 |     AGG   1   1   0   1   1   1
--------------------------------------------------------------------------------------------------------------------------------------
Val GTT   0   0   0   0   0   0 | Ala GCT   1   0   0   0   0   0 | Asp GAT   0   1   0   0   0   0 | Gly GGT   1   0   1   0   0   0
    GTC   0   0   0   0   0   0 |     GCC   2   2   3   3   3   2 |     GAC   3   2   3   3   3   3 |     GGC   6   7   5   6   6   6
    GTA   0   0   0   0   0   0 |     GCA   2   2   2   2   2   2 | Glu GAA   1   1   1   1   2   1 |     GGA   0   0   0   0   0   0
    GTG   1   1   1   1   1   1 |     GCG   0   0   0   0   0   0 |     GAG   5   5   5   5   4   5 |     GGG   2   3   3   3   3   3
--------------------------------------------------------------------------------------------------------------------------------------

--------------------------------------------------------------------------------------------------------------------------------------
Phe TTT   1   2   2   1   1   1 | Ser TCT   0   0   1   1   0   0 | Tyr TAT   0   1   0   0   0   0 | Cys TGT   0   0   0   0   0   0
    TTC   1   0   0   1   1   1 |     TCC   2   2   1   2   3   2 |     TAC   2   1   2   2   1   2 |     TGC   0   0   0   0   0   0
Leu TTA   0   0   0   0   0   0 |     TCA   0   0   0   0   0   0 | *** TAA   0   0   0   0   0   0 | *** TGA   0   0   0   0   0   0
    TTG   0   0   0   0   0   0 |     TCG   0   0   0   0   0   0 |     TAG   0   0   0   0   0   0 | Trp TGG   4   4   4   4   4   4
--------------------------------------------------------------------------------------------------------------------------------------
Leu CTT   0   0   0   0   0   0 | Pro CCT   1   1   1   0   1   2 | His CAT   0   0   0   0   1   0 | Arg CGT   0   0   0   0   0   0
    CTC   1   1   1   1   1   1 |     CCC   1   1   1   1   1   1 |     CAC   3   3   3   3   3   3 |     CGC   4   4   4   4   4   4
    CTA   0   0   0   0   0   0 |     CCA   0   0   0   0   1   0 | Gln CAA   0   0   0   0   0   0 |     CGA   1   1   1   1   1   1
    CTG   2   2   2   3   2   2 |     CCG   2   2   2   1   1   1 |     CAG   3   3   3   3   3   3 |     CGG   7   8   8   8   8   8
--------------------------------------------------------------------------------------------------------------------------------------
Ile ATT   0   0   0   1   0   0 | Thr ACT   0   0   0   1   1   2 | Asn AAT   1   1   1   1   1   1 | Ser AGT   0   0   0   0   0   0
    ATC   1   0   1   0   0   1 |     ACC   2   2   3   1   2   0 |     AAC   1   1   1   1   1   1 |     AGC   1   1   1   1   1   1
    ATA   0   1   0   0   1   0 |     ACA   0   0   0   0   0   0 | Lys AAA   0   0   0   0   0   0 | Arg AGA   0   0   0   1   0   0
Met ATG   2   2   2   2   2   2 |     ACG   2   2   2   2   2   2 |     AAG   3   3   3   3   3   3 |     AGG   2   1   1   0   1   1
--------------------------------------------------------------------------------------------------------------------------------------
Val GTT   0   0   0   0   0   0 | Ala GCT   0   0   1   0   0   0 | Asp GAT   0   0   0   0   0   0 | Gly GGT   0   0   0   0   0   0
    GTC   0   0   0   0   0   0 |     GCC   3   3   1   3   1   3 |     GAC   3   3   3   3   3   3 |     GGC   6   6   6   7   6   6
    GTA   0   0   0   0   0   0 |     GCA   2   2   2   2   2   2 | Glu GAA   1   1   1   1   1   0 |     GGA   0   0   0   0   0   0
    GTG   1   1   1   1   1   1 |     GCG   0   0   0   0   0   0 |     GAG   5   5   5   5   5   6 |     GGG   3   3   3   2   3   3
--------------------------------------------------------------------------------------------------------------------------------------

--------------------------------------------------------------------------------------------------------------------------------------
Phe TTT   1   1   1   2   1   1 | Ser TCT   0   0   0   0   1   0 | Tyr TAT   1   1   0   1   0   0 | Cys TGT   0   0   0   0   0   0
    TTC   1   1   1   0   1   1 |     TCC   2   2   2   2   1   2 |     TAC   1   1   2   1   2   2 |     TGC   0   0   0   0   0   0
Leu TTA   0   0   0   0   0   0 |     TCA   0   0   0   0   0   0 | *** TAA   0   0   0   0   0   0 | *** TGA   0   0   0   0   0   0
    TTG   0   0   0   0   0   0 |     TCG   0   0   0   0   0   0 |     TAG   0   0   0   0   0   0 | Trp TGG   4   4   4   4   4   4
--------------------------------------------------------------------------------------------------------------------------------------
Leu CTT   0   0   0   0   0   0 | Pro CCT   1   1   1   1   1   1 | His CAT   1   0   1   0   0   0 | Arg CGT   0   0   0   0   0   0
    CTC   0   1   1   1   1   1 |     CCC   1   1   1   1   1   1 |     CAC   2   3   2   3   3   3 |     CGC   4   4   4   4   4   4
    CTA   0   0   0   0   0   0 |     CCA   1   0   0   0   0   0 | Gln CAA   0   0   0   0   0   0 |     CGA   1   1   1   1   1   1
    CTG   4   2   2   2   2   2 |     CCG   0   2   2   2   2   2 |     CAG   3   3   3   3   3   3 |     CGG   8   8   8   8   8   8
--------------------------------------------------------------------------------------------------------------------------------------
Ile ATT   0   0   0   0   0   0 | Thr ACT   0   0   0   1   1   0 | Asn AAT   1   1   1   1   1   1 | Ser AGT   0   0   0   0   0   0
    ATC   0   1   1   0   1   1 |     ACC   2   2   2   1   1   2 |     AAC   1   1   1   1   1   1 |     AGC   1   1   1   1   1   1
    ATA   1   0   0   1   0   0 |     ACA   0   0   0   0   0   0 | Lys AAA   0   0   0   0   0   0 | Arg AGA   0   0   0   0   0   0
Met ATG   2   2   2   2   2   2 |     ACG   2   2   2   2   2   2 |     AAG   3   3   3   3   3   3 |     AGG   1   1   1   1   1   1
--------------------------------------------------------------------------------------------------------------------------------------
Val GTT   0   0   0   0   0   0 | Ala GCT   0   0   0   0   0   1 | Asp GAT   0   0   0   0   0   0 | Gly GGT   0   0   0   0   0   0
    GTC   0   0   0   0   0   0 |     GCC   3   3   2   3   3   2 |     GAC   3   3   3   3   3   3 |     GGC   6   6   6   6   6   6
    GTA   0   0   0   1   0   0 |     GCA   2   2   3   2   2   2 | Glu GAA   1   1   1   2   1   1 |     GGA   0   1   0   0   0   0
    GTG   1   1   1   0   1   1 |     GCG   0   0   0   0   0   0 |     GAG   5   5   5   4   5   5 |     GGG   3   2   3   3   3   3
--------------------------------------------------------------------------------------------------------------------------------------

--------------------------------------------------------------------------------------------------------------------------------------
Phe TTT   1   2   2   1   2   2 | Ser TCT   0   0   0   0   0   0 | Tyr TAT   0   0   0   0   0   1 | Cys TGT   0   0   0   0   0   0
    TTC   1   0   0   1   0   0 |     TCC   2   2   2   2   2   2 |     TAC   2   2   2   2   2   1 |     TGC   0   0   0   0   0   0
Leu TTA   0   0   0   0   0   0 |     TCA   0   0   0   0   0   0 | *** TAA   0   0   0   0   0   0 | *** TGA   0   0   0   0   0   0
    TTG   0   0   0   0   0   0 |     TCG   0   0   0   0   0   0 |     TAG   0   0   0   0   0   0 | Trp TGG   4   4   4   4   4   4
--------------------------------------------------------------------------------------------------------------------------------------
Leu CTT   0   0   0   0   0   0 | Pro CCT   1   1   1   2   1   1 | His CAT   0   1   0   0   0   1 | Arg CGT   2   1   0   0   0   0
    CTC   1   1   1   1   1   1 |     CCC   1   1   1   0   1   1 |     CAC   3   2   3   3   3   2 |     CGC   3   4   4   4   4   4
    CTA   0   0   0   0   1   0 |     CCA   1   1   0   0   0   0 | Gln CAA   0   0   0   0   0   0 |     CGA   1   1   1   1   1   1
    CTG   2   2   2   2   1   2 |     CCG   1   1   2   2   2   2 |     CAG   3   3   3   3   3   3 |     CGG   7   7   8   8   8   8
--------------------------------------------------------------------------------------------------------------------------------------
Ile ATT   1   1   0   0   0   0 | Thr ACT   1   1   0   2   0   1 | Asn AAT   1   1   1   1   1   1 | Ser AGT   0   0   0   0   0   0
    ATC   0   0   1   1   1   0 |     ACC   1   2   2   1   3   1 |     AAC   1   1   1   1   1   1 |     AGC   1   2   2   1   1   1
    ATA   0   0   0   0   0   1 |     ACA   0   0   1   1   0   0 | Lys AAA   0   0   0   0   0   0 | Arg AGA   0   0   0   0   0   0
Met ATG   2   2   2   2   2   2 |     ACG   3   2   1   0   2   2 |     AAG   3   3   3   3   3   3 |     AGG   2   1   1   1   1   1
--------------------------------------------------------------------------------------------------------------------------------------
Val GTT   0   0   0   0   0   0 | Ala GCT   0   0   0   0   0   0 | Asp GAT   0   0   0   0   0   0 | Gly GGT   0   0   0   0   0   0
    GTC   0   0   0   0   0   0 |     GCC   2   2   3   3   2   3 |     GAC   3   3   3   3   3   3 |     GGC   6   5   5   6   6   6
    GTA   0   0   0   0   0   0 |     GCA   2   2   2   2   2   2 | Glu GAA   1   1   1   1   1   2 |     GGA   0   0   0   0   0   0
    GTG   1   1   1   1   1   1 |     GCG   0   0   0   0   0   0 |     GAG   5   5   5   5   5   4 |     GGG   2   3   3   3   3   3
--------------------------------------------------------------------------------------------------------------------------------------

--------------------------------------------------------------------------------------------------------------------------------------
Phe TTT   1   2   1   1   1   2 | Ser TCT   0   0   1   1   0   0 | Tyr TAT   0   1   0   0   1   0 | Cys TGT   0   0   0   0   0   0
    TTC   1   0   1   1   1   0 |     TCC   2   2   1   2   2   2 |     TAC   2   1   2   2   1   2 |     TGC   0   0   0   0   0   0
Leu TTA   0   0   0   0   0   0 |     TCA   0   0   0   0   0   0 | *** TAA   0   0   0   0   0   0 | *** TGA   0   0   0   0   0   0
    TTG   0   0   0   0   0   1 |     TCG   0   0   0   0   0   0 |     TAG   0   0   0   0   0   0 | Trp TGG   4   4   4   4   4   4
--------------------------------------------------------------------------------------------------------------------------------------
Leu CTT   0   0   0   0   1   0 | Pro CCT   1   1   1   0   1   1 | His CAT   0   0   0   0   0   0 | Arg CGT   0   0   1   0   0   0
    CTC   1   1   1   1   0   1 |     CCC   1   1   1   1   1   1 |     CAC   3   3   3   3   3   3 |     CGC   4   4   4   4   4   4
    CTA   0   0   0   0   0   0 |     CCA   0   0   1   0   0   0 | Gln CAA   0   0   0   0   0   0 |     CGA   1   1   1   1   1   1
    CTG   2   2   2   3   3   1 |     CCG   2   2   1   1   1   2 |     CAG   3   3   3   3   3   3 |     CGG   8   8   7   8   7   8
--------------------------------------------------------------------------------------------------------------------------------------
Ile ATT   0   0   1   1   0   0 | Thr ACT   1   1   1   1   0   0 | Asn AAT   1   1   1   1   1   1 | Ser AGT   0   0   0   0   0   0
    ATC   1   0   0   0   1   1 |     ACC   1   1   2   1   2   3 |     AAC   1   1   1   1   1   1 |     AGC   1   1   1   1   1   1
    ATA   0   1   0   0   0   0 |     ACA   0   0   0   0   0   0 | Lys AAA   0   0   0   0   0   0 | Arg AGA   0   0   0   1   0   0
Met ATG   2   2   2   2   2   2 |     ACG   2   2   2   2   2   2 |     AAG   3   3   3   3   3   3 |     AGG   1   1   1   0   2   1
--------------------------------------------------------------------------------------------------------------------------------------
Val GTT   0   0   0   0   0   0 | Ala GCT   0   1   0   0   0   0 | Asp GAT   0   0   0   0   0   0 | Gly GGT   0   0   0   0   1   0
    GTC   0   0   0   0   0   0 |     GCC   3   2   2   3   3   2 |     GAC   3   3   3   3   3   3 |     GGC   6   6   6   5   5   6
    GTA   0   0   0   0   0   0 |     GCA   2   2   2   2   2   2 | Glu GAA   0   2   1   1   1   1 |     GGA   0   0   0   1   1   0
    GTG   1   1   1   1   1   1 |     GCG   0   0   0   0   0   0 |     GAG   6   4   5   5   5   5 |     GGG   3   3   3   3   2   3
--------------------------------------------------------------------------------------------------------------------------------------

--------------------------------------------------------------------------------------------------------------------------------------
Phe TTT   1   2   1   1   1   1 | Ser TCT   1   1   0   1   0   0 | Tyr TAT   1   1   0   0   0   0 | Cys TGT   0   0   0   0   0   0
    TTC   1   0   1   1   1   1 |     TCC   1   1   2   1   2   2 |     TAC   1   1   2   2   2   2 |     TGC   0   0   0   0   0   0
Leu TTA   0   0   0   0   0   0 |     TCA   0   0   0   0   0   0 | *** TAA   0   0   0   0   0   0 | *** TGA   0   0   0   0   0   0
    TTG   0   0   0   0   0   0 |     TCG   0   0   0   0   0   0 |     TAG   0   0   0   0   0   0 | Trp TGG   4   4   4   4   4   4
--------------------------------------------------------------------------------------------------------------------------------------
Leu CTT   0   0   0   1   0   0 | Pro CCT   1   1   1   2   1   1 | His CAT   0   0   0   0   0   1 | Arg CGT   0   0   0   0   0   1
    CTC   1   1   1   0   1   1 |     CCC   1   1   1   0   2   1 |     CAC   3   3   3   3   3   2 |     CGC   4   4   4   4   4   4
    CTA   0   0   0   0   0   1 |     CCA   0   0   0   0   0   1 | Gln CAA   0   0   0   0   0   0 |     CGA   2   1   0   1   1   2
    CTG   2   2   2   2   3   1 |     CCG   2   2   2   2   1   1 |     CAG   3   3   3   3   3   3 |     CGG   7   8   8   8   8   6
--------------------------------------------------------------------------------------------------------------------------------------
Ile ATT   0   0   0   0   0   1 | Thr ACT   1   1   0   1   1   2 | Asn AAT   1   1   1   1   1   1 | Ser AGT   0   0   0   0   1   0
    ATC   1   0   1   1   1   0 |     ACC   2   3   2   2   1   2 |     AAC   1   1   1   1   1   1 |     AGC   1   1   1   1   0   1
    ATA   0   1   0   0   0   0 |     ACA   0   0   0   0   0   0 | Lys AAA   0   0   0   0   0   0 | Arg AGA   0   0   1   0   0   0
Met ATG   2   2   2   2   2   2 |     ACG   1   1   2   1   2   1 |     AAG   3   3   3   3   3   3 |     AGG   1   1   1   1   1   1
--------------------------------------------------------------------------------------------------------------------------------------
Val GTT   0   0   0   0   0   0 | Ala GCT   0   0   0   0   0   0 | Asp GAT   0   0   0   0   0   0 | Gly GGT   0   0   1   1   0   0
    GTC   0   0   0   0   0   0 |     GCC   3   2   3   3   2   2 |     GAC   3   3   3   3   3   3 |     GGC   6   6   5   6   6   6
    GTA   0   0   0   0   0   0 |     GCA   2   2   2   2   2   2 | Glu GAA   1   1   1   1   1   1 |     GGA   0   0   0   0   0   0
    GTG   1   1   1   1   1   1 |     GCG   0   0   0   0   0   0 |     GAG   5   5   5   5   5   5 |     GGG   3   3   3   2   3   3
--------------------------------------------------------------------------------------------------------------------------------------

--------------------------------------------------------------------------------------------------------------------------------------
Phe TTT   1   2   1   1   2   2 | Ser TCT   0   0   1   0   2   0 | Tyr TAT   1   0   0   0   1   0 | Cys TGT   0   0   0   0   0   0
    TTC   1   0   1   1   0   0 |     TCC   2   2   1   1   1   1 |     TAC   1   2   2   2   1   2 |     TGC   0   0   0   0   0   0
Leu TTA   0   0   0   0   0   0 |     TCA   0   0   0   0   0   1 | *** TAA   0   0   0   0   0   0 | *** TGA   0   0   0   0   0   0
    TTG   0   0   0   0   0   0 |     TCG   0   0   0   1   0   0 |     TAG   0   0   0   0   0   0 | Trp TGG   4   4   4   4   4   4
--------------------------------------------------------------------------------------------------------------------------------------
Leu CTT   0   0   0   0   0   0 | Pro CCT   1   1   1   1   0   1 | His CAT   0   0   0   1   0   0 | Arg CGT   1   0   1   0   0   0
    CTC   1   1   1   1   1   1 |     CCC   1   1   1   1   1   1 |     CAC   3   3   3   2   3   3 |     CGC   4   4   4   5   4   4
    CTA   0   0   0   0   0   0 |     CCA   1   0   1   1   0   0 | Gln CAA   0   0   0   0   0   0 |     CGA   1   1   1   1   1   1
    CTG   2   2   2   2   2   2 |     CCG   1   2   1   1   2   2 |     CAG   3   3   3   3   3   3 |     CGG   7   8   7   7   8   8
--------------------------------------------------------------------------------------------------------------------------------------
Ile ATT   1   0   1   1   0   0 | Thr ACT   1   1   1   1   1   1 | Asn AAT   1   1   1   1   1   1 | Ser AGT   0   0   0   0   0   0
    ATC   0   1   0   0   0   1 |     ACC   1   1   2   2   2   2 |     AAC   1   1   1   1   1   1 |     AGC   1   1   1   1   1   1
    ATA   0   0   0   0   1   0 |     ACA   0   1   0   0   0   0 | Lys AAA   0   0   0   0   0   0 | Arg AGA   0   1   0   0   0   0
Met ATG   2   2   2   2   2   2 |     ACG   3   1   2   2   1   2 |     AAG   3   3   3   3   3   3 |     AGG   1   0   1   1   1   1
--------------------------------------------------------------------------------------------------------------------------------------
Val GTT   0   0   0   0   0   0 | Ala GCT   0   0   0   0   0   2 | Asp GAT   0   0   0   0   0   0 | Gly GGT   0   0   0   0   0   0
    GTC   0   0   0   0   0   0 |     GCC   2   3   2   2   3   0 |     GAC   3   3   3   3   3   3 |     GGC   6   6   6   6   6   6
    GTA   0   0   0   0   0   0 |     GCA   2   2   2   2   2   2 | Glu GAA   1   1   1   1   1   1 |     GGA   0   0   0   0   0   0
    GTG   1   1   1   1   1   1 |     GCG   0   0   0   0   0   0 |     GAG   5   5   5   5   5   5 |     GGG   3   3   3   3   3   3
--------------------------------------------------------------------------------------------------------------------------------------

--------------------------------------------------------------------------------------------------------------------------------------
Phe TTT   1   1   0   1   2   2 | Ser TCT   0   0   0   0   0   0 | Tyr TAT   0   0   0   0   1   1 | Cys TGT   0   0   0   0   0   0
    TTC   1   1   1   1   0   0 |     TCC   2   1   2   2   2   2 |     TAC   2   2   2   2   1   1 |     TGC   0   0   0   0   0   0
Leu TTA   0   0   0   0   0   0 |     TCA   0   1   0   0   0   0 | *** TAA   0   0   0   0   0   0 | *** TGA   0   0   0   0   0   0
    TTG   0   0   0   0   0   0 |     TCG   0   0   0   1   0   0 |     TAG   0   0   0   0   0   0 | Trp TGG   4   4   4   4   4   4
--------------------------------------------------------------------------------------------------------------------------------------
Leu CTT   0   0   0   0   0   1 | Pro CCT   1   1   1   1   2   1 | His CAT   0   0   0   0   0   0 | Arg CGT   0   0   0   0   0   0
    CTC   1   1   1   1   1   0 |     CCC   1   1   1   1   0   1 |     CAC   3   3   3   3   3   3 |     CGC   4   4   4   4   4   4
    CTA   0   0   0   0   0   0 |     CCA   0   1   0   0   0   0 | Gln CAA   0   0   0   0   0   0 |     CGA   1   2   1   1   1   1
    CTG   3   2   2   2   2   2 |     CCG   1   1   2   1   2   2 |     CAG   3   3   3   3   3   3 |     CGG   8   7   7   8   8   8
--------------------------------------------------------------------------------------------------------------------------------------
Ile ATT   0   0   2   0   0   0 | Thr ACT   1   2   2   0   1   1 | Asn AAT   1   1   1   1   1   1 | Ser AGT   0   0   0   0   0   0
    ATC   1   1   0   1   0   0 |     ACC   1   1   0   4   1   1 |     AAC   1   1   1   1   1   1 |     AGC   1   1   1   1   1   1
    ATA   0   0   0   0   1   1 |     ACA   0   0   0   0   0   0 | Lys AAA   0   0   0   0   0   0 | Arg AGA   0   0   1   0   0   0
Met ATG   2   2   2   2   2   2 |     ACG   2   2   2   1   2   2 |     AAG   3   3   3   3   3   3 |     AGG   1   1   1   1   1   1
--------------------------------------------------------------------------------------------------------------------------------------
Val GTT   0   0   0   0   0   0 | Ala GCT   0   0   0   0   0   1 | Asp GAT   0   0   0   1   0   0 | Gly GGT   1   0   0   0   0   0
    GTC   0   0   0   0   0   0 |     GCC   3   2   1   2   3   2 |     GAC   3   3   3   2   3   3 |     GGC   5   6   7   6   6   6
    GTA   0   0   0   0   0   0 |     GCA   2   2   2   2   2   2 | Glu GAA   1   1   1   1   2   2 |     GGA   0   0   0   0   0   0
    GTG   1   1   1   1   1   1 |     GCG   0   0   1   0   0   0 |     GAG   5   5   5   5   4   4 |     GGG   3   3   3   3   3   3
--------------------------------------------------------------------------------------------------------------------------------------

Codon position x base (3x4) table for each sequence.

#1: Argali         
position  1:    T:0.12162    C:0.36486    A:0.18919    G:0.32432
position  2:    T:0.12162    C:0.20270    A:0.29730    G:0.37838
position  3:    T:0.08108    C:0.37838    A:0.05405    G:0.48649
Average         T:0.10811    C:0.31532    A:0.18018    G:0.39640

#2: LesserMouseDeer
position  1:    T:0.13514    C:0.33784    A:0.21622    G:0.31081
position  2:    T:0.13514    C:0.18919    A:0.29730    G:0.37838
position  3:    T:0.06757    C:0.37838    A:0.05405    G:0.50000
Average         T:0.11261    C:0.30180    A:0.18919    G:0.39640

#3: LesserKudu     
position  1:    T:0.13514    C:0.35135    A:0.18919    G:0.32432
position  2:    T:0.12162    C:0.20270    A:0.29730    G:0.37838
position  3:    T:0.08108    C:0.35135    A:0.09459    G:0.47297
Average         T:0.11261    C:0.30180    A:0.19369    G:0.39189

#4: ForestMuskDeer2
position  1:    T:0.14865    C:0.33784    A:0.20270    G:0.31081
position  2:    T:0.12162    C:0.20270    A:0.29730    G:0.37838
position  3:    T:0.05405    C:0.41892    A:0.05405    G:0.47297
Average         T:0.10811    C:0.31982    A:0.18468    G:0.38739

#5: Camel          
position  1:    T:0.14865    C:0.31081    A:0.20270    G:0.33784
position  2:    T:0.12162    C:0.20270    A:0.29730    G:0.37838
position  3:    T:0.09459    C:0.39189    A:0.05405    G:0.45946
Average         T:0.12162    C:0.30180    A:0.18468    G:0.39189

#6: KillerWhale    
position  1:    T:0.13514    C:0.35135    A:0.18919    G:0.32432
position  2:    T:0.12162    C:0.20270    A:0.28378    G:0.39189
position  3:    T:0.08108    C:0.40541    A:0.04054    G:0.47297
Average         T:0.11261    C:0.31982    A:0.17117    G:0.39640

#7: DefassaWaterbuck
position  1:    T:0.13514    C:0.35135    A:0.18919    G:0.32432
position  2:    T:0.12162    C:0.20270    A:0.29730    G:0.37838
position  3:    T:0.10811    C:0.36486    A:0.05405    G:0.47297
Average         T:0.12162    C:0.30631    A:0.18018    G:0.39189

#8: Sheep          
position  1:    T:0.12162    C:0.36486    A:0.18919    G:0.32432
position  2:    T:0.12162    C:0.18919    A:0.29730    G:0.39189
position  3:    T:0.09459    C:0.39189    A:0.05405    G:0.45946
Average         T:0.11261    C:0.31532    A:0.18018    G:0.39189

#9: MaxwellsDuiker 
position  1:    T:0.14865    C:0.33784    A:0.18919    G:0.32432
position  2:    T:0.13514    C:0.18919    A:0.29730    G:0.37838
position  3:    T:0.09459    C:0.36486    A:0.10811    G:0.43243
Average         T:0.12613    C:0.29730    A:0.19820    G:0.37838

#10: GazellaPrzewalskyi
position  1:    T:0.13514    C:0.35135    A:0.18919    G:0.32432
position  2:    T:0.12162    C:0.20270    A:0.29730    G:0.37838
position  3:    T:0.08108    C:0.39189    A:0.05405    G:0.47297
Average         T:0.11261    C:0.31532    A:0.18018    G:0.39189

#11: MountainNyala  
position  1:    T:0.13514    C:0.35135    A:0.18919    G:0.32432
position  2:    T:0.12162    C:0.20270    A:0.29730    G:0.37838
position  3:    T:0.08108    C:0.36486    A:0.08108    G:0.47297
Average         T:0.11261    C:0.30631    A:0.18919    G:0.39189

#12: MuntiacusMuntjak
position  1:    T:0.13514    C:0.35135    A:0.20270    G:0.31081
position  2:    T:0.12162    C:0.20270    A:0.29730    G:0.37838
position  3:    T:0.10811    C:0.36486    A:0.06757    G:0.45946
Average         T:0.12162    C:0.30631    A:0.18919    G:0.38288

#13: goat           
position  1:    T:0.13514    C:0.33784    A:0.20270    G:0.32432
position  2:    T:0.12162    C:0.20270    A:0.29730    G:0.37838
position  3:    T:0.04054    C:0.41892    A:0.05405    G:0.48649
Average         T:0.09910    C:0.31982    A:0.18468    G:0.39640

#14: AfricanBuffalo 
position  1:    T:0.13514    C:0.35135    A:0.18919    G:0.32432
position  2:    T:0.12162    C:0.20270    A:0.29730    G:0.37838
position  3:    T:0.06757    C:0.37838    A:0.06757    G:0.48649
Average         T:0.10811    C:0.31081    A:0.18468    G:0.39640

#15: Topi           
position  1:    T:0.13514    C:0.35135    A:0.20270    G:0.31081
position  2:    T:0.12162    C:0.20270    A:0.29730    G:0.37838
position  3:    T:0.08108    C:0.37838    A:0.05405    G:0.48649
Average         T:0.11261    C:0.31081    A:0.18468    G:0.39189

#16: CommonDuiker   
position  1:    T:0.14865    C:0.33784    A:0.18919    G:0.32432
position  2:    T:0.13514    C:0.18919    A:0.29730    G:0.37838
position  3:    T:0.06757    C:0.40541    A:0.06757    G:0.45946
Average         T:0.11712    C:0.31081    A:0.18468    G:0.38739

#17: Suni           
position  1:    T:0.13514    C:0.36486    A:0.20270    G:0.29730
position  2:    T:0.12162    C:0.20270    A:0.29730    G:0.37838
position  3:    T:0.06757    C:0.37838    A:0.08108    G:0.47297
Average         T:0.10811    C:0.31532    A:0.19369    G:0.38288

#18: Springbuck     
position  1:    T:0.13514    C:0.35135    A:0.18919    G:0.32432
position  2:    T:0.12162    C:0.20270    A:0.29730    G:0.37838
position  3:    T:0.08108    C:0.39189    A:0.04054    G:0.48649
Average         T:0.11261    C:0.31532    A:0.17568    G:0.39640

#19: Okapi          
position  1:    T:0.13514    C:0.35135    A:0.18919    G:0.32432
position  2:    T:0.13514    C:0.18919    A:0.29730    G:0.37838
position  3:    T:0.06757    C:0.36486    A:0.08108    G:0.48649
Average         T:0.11261    C:0.30180    A:0.18919    G:0.39640

#20: Giraffe        
position  1:    T:0.13514    C:0.35135    A:0.18919    G:0.32432
position  2:    T:0.12162    C:0.20270    A:0.29730    G:0.37838
position  3:    T:0.05405    C:0.40541    A:0.06757    G:0.47297
Average         T:0.10360    C:0.31982    A:0.18468    G:0.39189

#21: TibetanAntelope
position  1:    T:0.13514    C:0.35135    A:0.18919    G:0.32432
position  2:    T:0.12162    C:0.20270    A:0.29730    G:0.37838
position  3:    T:0.05405    C:0.39189    A:0.06757    G:0.48649
Average         T:0.10360    C:0.31532    A:0.18468    G:0.39640

#22: Sitatunga      
position  1:    T:0.13514    C:0.35135    A:0.18919    G:0.32432
position  2:    T:0.12162    C:0.20270    A:0.29730    G:0.37838
position  3:    T:0.08108    C:0.36486    A:0.09459    G:0.45946
Average         T:0.11261    C:0.30631    A:0.19369    G:0.38739

#23: Oribi          
position  1:    T:0.13514    C:0.35135    A:0.18919    G:0.32432
position  2:    T:0.12162    C:0.20270    A:0.29730    G:0.37838
position  3:    T:0.06757    C:0.39189    A:0.05405    G:0.48649
Average         T:0.10811    C:0.31532    A:0.18018    G:0.39640

#24: BarbarySheep   
position  1:    T:0.13514    C:0.35135    A:0.18919    G:0.32432
position  2:    T:0.12162    C:0.20270    A:0.29730    G:0.37838
position  3:    T:0.05405    C:0.40541    A:0.05405    G:0.48649
Average         T:0.10360    C:0.31982    A:0.18018    G:0.39640

#25: Daviddeer      
position  1:    T:0.13514    C:0.35135    A:0.21622    G:0.29730
position  2:    T:0.12162    C:0.20270    A:0.29730    G:0.37838
position  3:    T:0.09459    C:0.36486    A:0.06757    G:0.47297
Average         T:0.11712    C:0.30631    A:0.19369    G:0.38288

#26: Reindeer       
position  1:    T:0.13514    C:0.35135    A:0.21622    G:0.29730
position  2:    T:0.12162    C:0.20270    A:0.29730    G:0.37838
position  3:    T:0.10811    C:0.36486    A:0.06757    G:0.45946
Average         T:0.12162    C:0.30631    A:0.19369    G:0.37838

#27: Ibex           
position  1:    T:0.13514    C:0.35135    A:0.20270    G:0.31081
position  2:    T:0.12162    C:0.20270    A:0.29730    G:0.37838
position  3:    T:0.05405    C:0.40541    A:0.06757    G:0.47297
Average         T:0.10360    C:0.31982    A:0.18919    G:0.38739

#28: GyrantGazelle  
position  1:    T:0.13514    C:0.35135    A:0.18919    G:0.32432
position  2:    T:0.12162    C:0.20270    A:0.29730    G:0.37838
position  3:    T:0.08108    C:0.39189    A:0.06757    G:0.45946
Average         T:0.11261    C:0.31532    A:0.18468    G:0.38739

#29: Hartebeest     
position  1:    T:0.13514    C:0.35135    A:0.20270    G:0.31081
position  2:    T:0.12162    C:0.20270    A:0.29730    G:0.37838
position  3:    T:0.05405    C:0.40541    A:0.06757    G:0.47297
Average         T:0.10360    C:0.31982    A:0.18919    G:0.38739

#30: Bongo          
position  1:    T:0.13514    C:0.35135    A:0.18919    G:0.32432
position  2:    T:0.12162    C:0.20270    A:0.29730    G:0.37838
position  3:    T:0.09459    C:0.35135    A:0.08108    G:0.47297
Average         T:0.11712    C:0.30180    A:0.18919    G:0.39189

#31: Gerenuk        
position  1:    T:0.13514    C:0.35135    A:0.18919    G:0.32432
position  2:    T:0.12162    C:0.20270    A:0.29730    G:0.37838
position  3:    T:0.05405    C:0.40541    A:0.04054    G:0.50000
Average         T:0.10360    C:0.31982    A:0.17568    G:0.40090

#32: CommonEland    
position  1:    T:0.13514    C:0.35135    A:0.18919    G:0.32432
position  2:    T:0.12162    C:0.20270    A:0.29730    G:0.37838
position  3:    T:0.09459    C:0.35135    A:0.08108    G:0.47297
Average         T:0.11712    C:0.30180    A:0.18919    G:0.39189

#33: MuntiacusReevesi
position  1:    T:0.13514    C:0.35135    A:0.20270    G:0.31081
position  2:    T:0.12162    C:0.20270    A:0.29730    G:0.37838
position  3:    T:0.09459    C:0.37838    A:0.06757    G:0.45946
Average         T:0.11712    C:0.31081    A:0.18919    G:0.38288

#34: HarveysDuiker  
position  1:    T:0.14865    C:0.33784    A:0.18919    G:0.32432
position  2:    T:0.13514    C:0.18919    A:0.29730    G:0.37838
position  3:    T:0.06757    C:0.37838    A:0.08108    G:0.47297
Average         T:0.11712    C:0.30180    A:0.18919    G:0.39189

#35: Pronghorn      
position  1:    T:0.13514    C:0.33784    A:0.20270    G:0.32432
position  2:    T:0.13514    C:0.18919    A:0.29730    G:0.37838
position  3:    T:0.08108    C:0.37838    A:0.06757    G:0.47297
Average         T:0.11712    C:0.30180    A:0.18919    G:0.39189

#36: BlueWildebeest 
position  1:    T:0.14865    C:0.33784    A:0.20270    G:0.31081
position  2:    T:0.12162    C:0.20270    A:0.29730    G:0.37838
position  3:    T:0.05405    C:0.40541    A:0.05405    G:0.48649
Average         T:0.10811    C:0.31532    A:0.18468    G:0.39189

#37: Gemsbok        
position  1:    T:0.13514    C:0.35135    A:0.18919    G:0.32432
position  2:    T:0.12162    C:0.20270    A:0.29730    G:0.37838
position  3:    T:0.08108    C:0.39189    A:0.06757    G:0.45946
Average         T:0.11261    C:0.31532    A:0.18468    G:0.38739

#38: Yak            
position  1:    T:0.13514    C:0.35135    A:0.20270    G:0.31081
position  2:    T:0.12162    C:0.20270    A:0.29730    G:0.37838
position  3:    T:0.09459    C:0.36486    A:0.06757    G:0.47297
Average         T:0.11712    C:0.30631    A:0.18919    G:0.38739

#39: BlueSheep      
position  1:    T:0.13514    C:0.33784    A:0.20270    G:0.32432
position  2:    T:0.12162    C:0.20270    A:0.29730    G:0.37838
position  3:    T:0.05405    C:0.40541    A:0.05405    G:0.48649
Average         T:0.10360    C:0.31532    A:0.18468    G:0.39640

#40: BohorReedbuck  
position  1:    T:0.13514    C:0.35135    A:0.18919    G:0.32432
position  2:    T:0.12162    C:0.20270    A:0.29730    G:0.37838
position  3:    T:0.10811    C:0.37838    A:0.05405    G:0.45946
Average         T:0.12162    C:0.31081    A:0.18018    G:0.38739

#41: KirksDik       
position  1:    T:0.13514    C:0.36486    A:0.18919    G:0.31081
position  2:    T:0.13514    C:0.18919    A:0.29730    G:0.37838
position  3:    T:0.06757    C:0.39189    A:0.05405    G:0.48649
Average         T:0.11261    C:0.31532    A:0.18018    G:0.39189

#42: RoeDeer        
position  1:    T:0.13514    C:0.35135    A:0.20270    G:0.31081
position  2:    T:0.12162    C:0.20270    A:0.29730    G:0.37838
position  3:    T:0.10811    C:0.37838    A:0.09459    G:0.41892
Average         T:0.12162    C:0.31081    A:0.19820    G:0.36937

#43: WhiteLippedDeer
position  1:    T:0.13514    C:0.35135    A:0.20270    G:0.31081
position  2:    T:0.12162    C:0.20270    A:0.29730    G:0.37838
position  3:    T:0.09459    C:0.36486    A:0.06757    G:0.47297
Average         T:0.11712    C:0.30631    A:0.18919    G:0.38739

#44: ThomsonGazelle 
position  1:    T:0.13514    C:0.35135    A:0.18919    G:0.32432
position  2:    T:0.12162    C:0.20270    A:0.29730    G:0.37838
position  3:    T:0.06757    C:0.39189    A:0.08108    G:0.45946
Average         T:0.10811    C:0.31532    A:0.18919    G:0.38739

#45: MuntiacusCrinifrons
position  1:    T:0.13514    C:0.35135    A:0.20270    G:0.31081
position  2:    T:0.12162    C:0.20270    A:0.29730    G:0.37838
position  3:    T:0.09459    C:0.37838    A:0.06757    G:0.45946
Average         T:0.11712    C:0.31081    A:0.18919    G:0.38288

#46: WhiteTailedDeer
position  1:    T:0.13514    C:0.35135    A:0.20270    G:0.31081
position  2:    T:0.12162    C:0.20270    A:0.29730    G:0.37838
position  3:    T:0.08108    C:0.37838    A:0.06757    G:0.47297
Average         T:0.11261    C:0.31081    A:0.18919    G:0.38739

#47: Cattle         
position  1:    T:0.14865    C:0.33784    A:0.18919    G:0.32432
position  2:    T:0.12162    C:0.20270    A:0.29730    G:0.37838
position  3:    T:0.09459    C:0.36486    A:0.06757    G:0.47297
Average         T:0.12162    C:0.30180    A:0.18468    G:0.39189

#48: RoyalAntelope  
position  1:    T:0.13514    C:0.35135    A:0.20270    G:0.31081
position  2:    T:0.12162    C:0.20270    A:0.29730    G:0.37838
position  3:    T:0.09459    C:0.35135    A:0.06757    G:0.48649
Average         T:0.11712    C:0.30180    A:0.18919    G:0.39189

#49: Steenbok       
position  1:    T:0.13514    C:0.35135    A:0.18919    G:0.32432
position  2:    T:0.13514    C:0.18919    A:0.29730    G:0.37838
position  3:    T:0.06757    C:0.39189    A:0.05405    G:0.48649
Average         T:0.11261    C:0.31081    A:0.18018    G:0.39640

#50: Impala         
position  1:    T:0.13514    C:0.35135    A:0.20270    G:0.31081
position  2:    T:0.12162    C:0.20270    A:0.29730    G:0.37838
position  3:    T:0.06757    C:0.37838    A:0.09459    G:0.45946
Average         T:0.10811    C:0.31081    A:0.19820    G:0.38288

#51: Klipspringer   
position  1:    T:0.12162    C:0.33784    A:0.21622    G:0.32432
position  2:    T:0.12162    C:0.18919    A:0.29730    G:0.39189
