CODONML (in paml version 4.10.7, June 2023)  /home/rachel/ruminants_paml/6406-phy-tree/ENSBTAT00000027155.fasta.phy
Model: free dN/dS Ratios for branches,  kappa = 2.000 fixed

Codon frequency model: F3x4
ns =  54  ls =  18

Codon usage in sequences
--------------------------------------------------------------------------------------------------------------------------------------
Phe TTT   1   1   1   1   1   1 | Ser TCT   0   0   0   0   0   0 | Tyr TAT   1   0   1   1   1   0 | Cys TGT   1   1   1   1   1   1
    TTC   0   0   0   0   0   0 |     TCC   0   0   0   0   0   0 |     TAC   0   1   0   0   0   1 |     TGC   0   0   0   0   0   0
Leu TTA   0   0   0   0   0   0 |     TCA   0   0   0   0   0   0 | *** TAA   0   0   0   0   0   0 | *** TGA   0   0   0   0   0   0
    TTG   2   0   2   2   3   3 |     TCG   0   0   0   0   0   0 |     TAG   0   0   0   0   0   0 | Trp TGG   0   0   0   0   0   0
--------------------------------------------------------------------------------------------------------------------------------------
Leu CTT   0   0   0   0   0   0 | Pro CCT   0   0   0   0   0   0 | His CAT   0   0   0   0   0   0 | Arg CGT   0   0   0   0   0   0
    CTC   1   2   1   1   1   1 |     CCC   0   0   0   0   0   0 |     CAC   0   0   0   0   0   0 |     CGC   0   0   0   0   0   0
    CTA   1   0   1   1   1   1 |     CCA   0   0   0   0   0   0 | Gln CAA   1   0   1   1   1   1 |     CGA   0   0   0   0   0   0
    CTG   1   2   1   1   0   0 |     CCG   0   0   0   0   0   0 |     CAG   0   1   0   0   0   0 |     CGG   0   0   0   0   0   0
--------------------------------------------------------------------------------------------------------------------------------------
Ile ATT   0   0   0   0   0   0 | Thr ACT   0   0   0   0   0   0 | Asn AAT   1   1   1   1   1   1 | Ser AGT   0   0   0   0   0   0
    ATC   0   0   0   0   0   0 |     ACC   0   0   0   0   0   0 |     AAC   0   0   0   0   0   0 |     AGC   0   0   0   0   0   0
    ATA   0   0   0   0   0   0 |     ACA   0   0   0   0   0   0 | Lys AAA   2   2   2   2   2   2 | Arg AGA   0   0   0   0   0   0
Met ATG   1   1   1   1   3   2 |     ACG   1   1   1   1   0   0 |     AAG   0   0   0   0   0   0 |     AGG   0   0   0   0   0   0
--------------------------------------------------------------------------------------------------------------------------------------
Val GTT   0   0   0   0   0   0 | Ala GCT   0   0   0   0   0   0 | Asp GAT   0   0   0   0   0   0 | Gly GGT   0   0   0   0   0   0
    GTC   0   0   0   0   0   0 |     GCC   0   0   0   0   0   0 |     GAC   2   2   2   2   2   2 |     GGC   0   0   0   0   0   0
    GTA   0   0   0   0   0   0 |     GCA   0   0   0   0   0   0 | Glu GAA   0   0   0   0   0   0 |     GGA   0   0   0   0   0   0
    GTG   2   3   2   2   1   2 |     GCG   0   0   0   0   0   0 |     GAG   0   0   0   0   0   0 |     GGG   0   0   0   0   0   0
--------------------------------------------------------------------------------------------------------------------------------------

--------------------------------------------------------------------------------------------------------------------------------------
Phe TTT   1   1   1   1   1   1 | Ser TCT   0   0   0   0   0   0 | Tyr TAT   0   1   1   1   1   1 | Cys TGT   1   1   1   1   1   1
    TTC   0   0   0   0   0   0 |     TCC   0   0   0   0   0   0 |     TAC   1   0   0   0   0   0 |     TGC   0   0   0   0   0   0
Leu TTA   0   0   0   0   0   0 |     TCA   0   0   0   0   0   0 | *** TAA   0   0   0   0   0   0 | *** TGA   0   0   0   0   0   0
    TTG   2   2   2   2   2   2 |     TCG   0   0   0   0   0   0 |     TAG   0   0   0   0   0   0 | Trp TGG   0   0   0   0   0   0
--------------------------------------------------------------------------------------------------------------------------------------
Leu CTT   0   0   0   0   0   0 | Pro CCT   0   0   0   0   0   0 | His CAT   0   0   0   0   0   0 | Arg CGT   0   0   0   0   0   0
    CTC   1   1   1   1   1   1 |     CCC   0   0   0   0   0   0 |     CAC   0   0   0   0   0   0 |     CGC   0   0   0   0   0   0
    CTA   1   1   1   1   1   1 |     CCA   0   0   0   0   0   0 | Gln CAA   1   1   1   1   1   1 |     CGA   0   0   0   0   0   0
    CTG   1   1   1   1   1   1 |     CCG   0   0   0   0   0   0 |     CAG   0   0   0   0   0   0 |     CGG   0   0   0   0   0   0
--------------------------------------------------------------------------------------------------------------------------------------
Ile ATT   0   0   0   0   0   0 | Thr ACT   0   0   0   0   0   0 | Asn AAT   1   1   1   1   1   1 | Ser AGT   0   0   0   0   0   0
    ATC   0   0   0   0   0   0 |     ACC   0   0   0   0   0   0 |     AAC   0   0   0   0   0   0 |     AGC   0   0   0   0   0   0
    ATA   0   0   0   0   0   0 |     ACA   0   0   0   0   0   0 | Lys AAA   2   2   2   2   2   2 | Arg AGA   0   0   0   0   0   0
Met ATG   1   2   1   1   2   1 |     ACG   1   0   1   1   1   1 |     AAG   0   0   0   0   0   0 |     AGG   0   0   0   0   0   0
--------------------------------------------------------------------------------------------------------------------------------------
Val GTT   0   0   0   0   0   0 | Ala GCT   0   0   0   0   0   0 | Asp GAT   0   0   0   0   0   0 | Gly GGT   0   0   0   0   0   0
    GTC   0   0   0   0   0   0 |     GCC   0   0   0   0   0   0 |     GAC   2   2   2   2   2   2 |     GGC   0   0   0   0   0   0
    GTA   0   0   0   0   0   0 |     GCA   0   0   0   0   0   0 | Glu GAA   0   0   0   0   0   0 |     GGA   0   0   0   0   0   0
    GTG   2   2   2   2   1   2 |     GCG   0   0   0   0   0   0 |     GAG   0   0   0   0   0   0 |     GGG   0   0   0   0   0   0
--------------------------------------------------------------------------------------------------------------------------------------

--------------------------------------------------------------------------------------------------------------------------------------
Phe TTT   1   1   1   1   1   1 | Ser TCT   0   0   0   0   0   0 | Tyr TAT   1   1   1   1   1   1 | Cys TGT   1   1   1   1   1   1
    TTC   0   0   0   0   0   0 |     TCC   0   0   0   0   0   0 |     TAC   0   0   0   0   0   0 |     TGC   0   0   0   0   0   0
Leu TTA   0   0   0   0   0   0 |     TCA   0   0   0   0   0   0 | *** TAA   0   0   0   0   0   0 | *** TGA   0   0   0   0   0   0
    TTG   2   2   2   2   2   2 |     TCG   0   0   0   0   0   0 |     TAG   0   0   0   0   0   0 | Trp TGG   0   0   0   0   0   0
--------------------------------------------------------------------------------------------------------------------------------------
Leu CTT   0   0   0   0   0   0 | Pro CCT   0   0   0   0   0   0 | His CAT   0   0   0   0   0   0 | Arg CGT   0   0   0   0   0   0
    CTC   1   1   1   1   1   1 |     CCC   0   0   0   0   0   0 |     CAC   0   0   0   0   0   0 |     CGC   0   0   0   0   0   0
    CTA   1   1   1   1   1   1 |     CCA   0   0   0   0   0   0 | Gln CAA   1   1   1   1   1   1 |     CGA   0   0   0   0   0   0
    CTG   1   1   1   1   1   1 |     CCG   0   0   0   0   0   0 |     CAG   0   0   0   0   0   0 |     CGG   0   0   0   0   0   0
--------------------------------------------------------------------------------------------------------------------------------------
Ile ATT   0   0   0   0   0   0 | Thr ACT   0   0   0   0   0   0 | Asn AAT   1   1   1   1   1   1 | Ser AGT   0   0   0   0   0   0
    ATC   0   0   0   0   0   0 |     ACC   0   0   0   0   0   0 |     AAC   0   0   0   0   0   0 |     AGC   0   0   0   0   0   0
    ATA   0   0   0   0   0   0 |     ACA   0   0   0   0   0   0 | Lys AAA   2   2   2   2   2   2 | Arg AGA   0   0   0   0   0   0
Met ATG   1   1   1   1   2   1 |     ACG   1   1   1   1   0   1 |     AAG   0   0   0   0   0   0 |     AGG   0   0   0   0   0   0
--------------------------------------------------------------------------------------------------------------------------------------
Val GTT   0   0   0   0   0   0 | Ala GCT   0   0   0   0   0   0 | Asp GAT   0   0   0   0   0   0 | Gly GGT   0   0   0   0   0   0
    GTC   0   0   0   0   0   0 |     GCC   0   0   0   0   0   0 |     GAC   2   2   2   2   2   2 |     GGC   0   0   0   0   0   0
    GTA   0   0   0   0   0   0 |     GCA   0   0   0   0   0   0 | Glu GAA   0   0   0   0   0   0 |     GGA   0   0   0   0   0   0
    GTG   2   2   2   2   2   2 |     GCG   0   0   0   0   0   0 |     GAG   0   0   0   0   0   0 |     GGG   0   0   0   0   0   0
--------------------------------------------------------------------------------------------------------------------------------------

--------------------------------------------------------------------------------------------------------------------------------------
Phe TTT   1   1   1   1   1   1 | Ser TCT   0   0   0   0   0   0 | Tyr TAT   1   1   1   1   1   1 | Cys TGT   1   1   1   1   1   1
    TTC   0   0   0   0   0   0 |     TCC   0   0   0   0   0   0 |     TAC   0   0   0   0   0   0 |     TGC   0   0   0   0   0   0
Leu TTA   0   0   0   0   0   0 |     TCA   0   0   0   0   0   0 | *** TAA   0   0   0   0   0   0 | *** TGA   0   0   0   0   0   0
    TTG   2   2   2   2   2   2 |     TCG   0   0   0   0   0   0 |     TAG   0   0   0   0   0   0 | Trp TGG   0   0   0   0   0   0
--------------------------------------------------------------------------------------------------------------------------------------
Leu CTT   0   0   0   0   0   0 | Pro CCT   0   0   0   0   0   0 | His CAT   0   0   0   0   0   0 | Arg CGT   0   0   0   0   0   0
    CTC   1   1   1   1   1   1 |     CCC   0   0   0   0   0   0 |     CAC   0   0   0   0   0   0 |     CGC   0   0   0   0   0   0
    CTA   1   0   1   1   1   1 |     CCA   0   0   0   0   0   0 | Gln CAA   1   1   1   1   1   1 |     CGA   0   0   0   0   0   0
    CTG   1   2   1   1   1   1 |     CCG   0   0   0   0   0   0 |     CAG   0   0   0   0   0   0 |     CGG   0   0   0   0   0   0
--------------------------------------------------------------------------------------------------------------------------------------
Ile ATT   0   0   0   0   0   0 | Thr ACT   0   0   0   0   0   0 | Asn AAT   1   1   1   1   1   1 | Ser AGT   0   0   0   0   0   0
    ATC   0   0   0   0   0   0 |     ACC   0   0   0   0   0   0 |     AAC   0   0   0   0   0   0 |     AGC   0   0   0   0   0   0
    ATA   0   0   0   0   0   0 |     ACA   0   0   0   0   0   0 | Lys AAA   2   2   2   2   2   2 | Arg AGA   0   0   0   0   0   0
Met ATG   1   1   1   1   1   1 |     ACG   1   1   1   1   1   1 |     AAG   0   0   0   0   0   0 |     AGG   0   0   0   0   0   0
--------------------------------------------------------------------------------------------------------------------------------------
Val GTT   0   0   0   0   0   0 | Ala GCT   0   0   0   0   0   0 | Asp GAT   0   0   0   0   0   0 | Gly GGT   0   0   0   0   0   0
    GTC   0   0   0   0   0   0 |     GCC   0   0   0   0   0   0 |     GAC   2   2   2   2   2   2 |     GGC   0   0   0   0   0   0
    GTA   0   0   0   0   0   0 |     GCA   0   0   0   0   0   0 | Glu GAA   0   0   0   0   0   0 |     GGA   0   0   0   0   0   0
    GTG   2   2   2   2   2   2 |     GCG   0   0   0   0   0   0 |     GAG   0   0   0   0   0   0 |     GGG   0   0   0   0   0   0
--------------------------------------------------------------------------------------------------------------------------------------

--------------------------------------------------------------------------------------------------------------------------------------
Phe TTT   1   1   1   1   1   1 | Ser TCT   0   0   0   0   0   0 | Tyr TAT   1   1   1   1   1   1 | Cys TGT   1   1   1   1   1   1
    TTC   0   0   0   0   0   0 |     TCC   0   0   0   0   0   0 |     TAC   0   0   0   0   0   0 |     TGC   0   0   0   0   0   0
Leu TTA   0   0   0   0   0   0 |     TCA   0   0   0   0   0   0 | *** TAA   0   0   0   0   0   0 | *** TGA   0   0   0   0   0   0
    TTG   2   2   2   2   2   2 |     TCG   0   0   0   0   0   0 |     TAG   0   0   0   0   0   0 | Trp TGG   0   0   0   0   0   0
--------------------------------------------------------------------------------------------------------------------------------------
Leu CTT   0   0   0   0   0   0 | Pro CCT   0   0   0   0   0   0 | His CAT   0   0   0   0   0   0 | Arg CGT   0   0   0   0   0   0
    CTC   1   1   1   1   1   1 |     CCC   0   0   0   0   0   0 |     CAC   0   0   0   0   0   0 |     CGC   0   0   0   0   0   0
    CTA   1   1   1   1   1   1 |     CCA   0   0   0   0   0   0 | Gln CAA   1   1   1   1   1   1 |     CGA   0   0   0   0   0   0
    CTG   1   1   1   1   1   1 |     CCG   0   0   0   0   0   0 |     CAG   0   0   0   0   0   0 |     CGG   0   0   0   0   0   0
--------------------------------------------------------------------------------------------------------------------------------------
Ile ATT   0   0   0   0   0   0 | Thr ACT   0   0   0   0   0   0 | Asn AAT   1   1   1   1   1   1 | Ser AGT   0   0   0   0   0   0
    ATC   0   0   0   0   0   0 |     ACC   0   0   0   0   0   0 |     AAC   0   0   0   0   0   0 |     AGC   0   0   0   0   0   0
    ATA   0   0   0   0   0   0 |     ACA   0   1   0   0   0   0 | Lys AAA   2   2   2   2   2   2 | Arg AGA   0   0   0   0   0   0
Met ATG   1   1   1   1   1   1 |     ACG   1   0   1   1   1   1 |     AAG   0   0   0   0   0   0 |     AGG   0   0   0   0   0   0
--------------------------------------------------------------------------------------------------------------------------------------
Val GTT   0   0   0   0   0   0 | Ala GCT   0   0   0   0   0   0 | Asp GAT   0   0   0   0   0   0 | Gly GGT   0   0   0   0   0   0
    GTC   0   0   0   0   0   0 |     GCC   0   0   0   0   0   0 |     GAC   2   2   2   2   2   2 |     GGC   0   0   0   0   0   0
    GTA   0   0   0   0   0   0 |     GCA   0   0   0   0   0   0 | Glu GAA   0   0   0   0   0   0 |     GGA   0   0   0   0   0   0
    GTG   2   2   2   2   2   2 |     GCG   0   0   0   0   0   0 |     GAG   0   0   0   0   0   0 |     GGG   0   0   0   0   0   0
--------------------------------------------------------------------------------------------------------------------------------------

--------------------------------------------------------------------------------------------------------------------------------------
Phe TTT   1   1   1   1   1   1 | Ser TCT   0   0   0   0   0   0 | Tyr TAT   1   1   1   1   1   1 | Cys TGT   1   1   1   1   1   1
    TTC   0   0   0   0   0   0 |     TCC   0   0   0   0   0   0 |     TAC   0   0   0   0   0   0 |     TGC   0   0   0   0   0   0
Leu TTA   0   0   0   0   0   0 |     TCA   0   0   0   0   0   0 | *** TAA   0   0   0   0   0   0 | *** TGA   0   0   0   0   0   0
    TTG   2   2   2   2   2   2 |     TCG   0   0   0   0   0   0 |     TAG   0   0   0   0   0   0 | Trp TGG   0   0   0   0   0   0
--------------------------------------------------------------------------------------------------------------------------------------
Leu CTT   0   0   0   0   0   0 | Pro CCT   0   0   0   0   0   0 | His CAT   0   0   0   0   0   0 | Arg CGT   0   0   0   0   0   0
    CTC   1   1   1   1   1   1 |     CCC   0   0   0   0   0   0 |     CAC   0   0   0   0   0   0 |     CGC   0   0   0   0   0   0
    CTA   1   1   1   1   1   1 |     CCA   0   0   0   0   0   0 | Gln CAA   1   1   1   1   1   1 |     CGA   0   0   0   0   0   0
    CTG   1   1   1   1   1   1 |     CCG   0   0   0   0   0   0 |     CAG   0   0   0   0   0   0 |     CGG   0   0   0   0   0   0
--------------------------------------------------------------------------------------------------------------------------------------
Ile ATT   0   0   0   0   0   0 | Thr ACT   0   0   0   0   0   0 | Asn AAT   1   1   1   1   1   1 | Ser AGT   0   0   0   0   0   0
    ATC   0   0   0   0   0   0 |     ACC   0   0   0   0   0   0 |     AAC   0   0   0   0   0   0 |     AGC   0   0   0   0   0   0
    ATA   0   0   0   0   0   0 |     ACA   0   0   0   0   0   0 | Lys AAA   2   2   2   2   2   2 | Arg AGA   0   0   0   0   0   0
Met ATG   1   1   1   1   1   1 |     ACG   1   1   1   1   1   1 |     AAG   0   0   0   0   0   0 |     AGG   0   0   0   0   0   0
--------------------------------------------------------------------------------------------------------------------------------------
Val GTT   0   0   0   0   0   0 | Ala GCT   0   0   0   0   0   0 | Asp GAT   0   0   0   0   0   0 | Gly GGT   0   0   0   0   0   0
    GTC   0   0   0   0   0   0 |     GCC   0   0   0   0   0   0 |     GAC   2   2   2   2   2   2 |     GGC   0   0   0   0   0   0
    GTA   0   0   0   0   1   0 |     GCA   0   0   0   0   0   0 | Glu GAA   0   0   0   0   0   0 |     GGA   0   0   0   0   0   0
    GTG   2   2   2   2   1   2 |     GCG   0   0   0   0   0   0 |     GAG   0   0   0   0   0   0 |     GGG   0   0   0   0   0   0
--------------------------------------------------------------------------------------------------------------------------------------

--------------------------------------------------------------------------------------------------------------------------------------
Phe TTT   1   1   1   1   1   1 | Ser TCT   0   0   0   0   0   0 | Tyr TAT   1   1   1   0   1   1 | Cys TGT   1   1   1   1   1   1
    TTC   0   0   0   0   0   0 |     TCC   0   0   0   0   0   0 |     TAC   0   0   0   1   0   0 |     TGC   0   0   0   0   0   0
Leu TTA   0   0   0   0   0   0 |     TCA   0   0   0   0   0   0 | *** TAA   0   0   0   0   0   0 | *** TGA   0   0   0   0   0   0
    TTG   2   2   2   2   2   2 |     TCG   0   0   0   0   0   0 |     TAG   0   0   0   0   0   0 | Trp TGG   0   0   0   0   0   0
--------------------------------------------------------------------------------------------------------------------------------------
Leu CTT   0   0   0   0   0   0 | Pro CCT   0   0   0   0   0   0 | His CAT   0   0   0   0   0   0 | Arg CGT   0   0   0   0   0   0
    CTC   1   1   1   1   1   1 |     CCC   0   0   0   0   0   0 |     CAC   0   0   0   0   0   0 |     CGC   0   0   0   0   0   0
    CTA   1   1   1   1   1   1 |     CCA   0   0   0   0   0   0 | Gln CAA   1   1   1   1   1   1 |     CGA   0   0   0   0   0   0
    CTG   1   1   1   1   1   1 |     CCG   0   0   0   0   0   0 |     CAG   0   0   0   0   0   0 |     CGG   0   0   0   0   0   0
--------------------------------------------------------------------------------------------------------------------------------------
Ile ATT   0   0   0   0   0   0 | Thr ACT   0   0   0   0   0   0 | Asn AAT   1   1   1   1   1   1 | Ser AGT   0   0   0   0   0   0
    ATC   0   0   0   0   0   0 |     ACC   0   0   0   0   0   0 |     AAC   0   0   0   0   0   0 |     AGC   0   0   0   0   0   0
    ATA   0   0   0   0   0   0 |     ACA   0   0   0   0   0   0 | Lys AAA   2   2   2   2   2   2 | Arg AGA   0   0   0   0   0   0
Met ATG   1   1   1   1   1   1 |     ACG   1   1   1   1   1   1 |     AAG   0   0   0   0   0   0 |     AGG   0   0   0   0   0   0
--------------------------------------------------------------------------------------------------------------------------------------
Val GTT   0   0   0   0   0   0 | Ala GCT   0   0   0   0   0   0 | Asp GAT   1   0   0   0   0   0 | Gly GGT   0   0   0   0   0   0
    GTC   0   0   0   0   0   0 |     GCC   0   0   0   0   0   0 |     GAC   1   2   2   2   2   2 |     GGC   0   0   0   0   0   0
    GTA   0   0   0   0   0   0 |     GCA   0   0   0   0   0   0 | Glu GAA   0   0   0   0   0   0 |     GGA   0   0   0   0   0   0
    GTG   2   2   2   2   2   2 |     GCG   0   0   0   0   0   0 |     GAG   0   0   0   0   0   0 |     GGG   0   0   0   0   0   0
--------------------------------------------------------------------------------------------------------------------------------------

--------------------------------------------------------------------------------------------------------------------------------------
Phe TTT   1   1   1   1   1   1 | Ser TCT   0   0   0   0   0   0 | Tyr TAT   1   1   1   1   1   0 | Cys TGT   1   1   1   1   1   2
    TTC   0   0   0   0   0   0 |     TCC   0   0   0   0   0   0 |     TAC   0   0   0   0   0   0 |     TGC   0   0   0   0   0   0
Leu TTA   0   0   0   0   0   0 |     TCA   0   0   0   0   0   0 | *** TAA   0   0   0   0   0   0 | *** TGA   0   0   0   0   0   0
    TTG   2   2   2   2   2   2 |     TCG   0   0   0   0   0   0 |     TAG   0   0   0   0   0   0 | Trp TGG   0   0   0   0   0   0
--------------------------------------------------------------------------------------------------------------------------------------
Leu CTT   0   0   0   0   0   0 | Pro CCT   0   0   0   0   0   0 | His CAT   0   0   0   0   0   0 | Arg CGT   0   0   0   0   0   0
    CTC   1   1   1   1   1   1 |     CCC   0   0   0   0   0   0 |     CAC   0   0   0   0   0   0 |     CGC   0   0   0   0   0   0
    CTA   1   1   1   1   1   0 |     CCA   0   0   0   0   0   0 | Gln CAA   1   1   1   1   1   1 |     CGA   0   0   0   0   0   0
    CTG   1   1   1   1   1   2 |     CCG   0   0   0   0   0   0 |     CAG   0   0   0   0   0   0 |     CGG   0   0   0   0   0   0
--------------------------------------------------------------------------------------------------------------------------------------
Ile ATT   0   0   0   0   0   0 | Thr ACT   0   0   0   0   0   0 | Asn AAT   1   1   1   1   1   1 | Ser AGT   0   0   0   0   0   0
    ATC   0   0   0   0   0   0 |     ACC   0   0   0   0   0   0 |     AAC   0   0   0   0   0   0 |     AGC   0   0   0   0   0   0
    ATA   0   0   0   0   0   0 |     ACA   0   0   1   1   0   0 | Lys AAA   2   2   2   2   2   2 | Arg AGA   0   0   0   0   0   0
Met ATG   1   1   1   1   1   1 |     ACG   1   1   0   0   1   1 |     AAG   0   0   0   0   0   0 |     AGG   0   0   0   0   0   0
--------------------------------------------------------------------------------------------------------------------------------------
Val GTT   0   0   0   0   0   0 | Ala GCT   0   0   0   0   0   0 | Asp GAT   0   0   0   0   0   0 | Gly GGT   0   0   0   0   0   0
    GTC   0   0   0   0   0   0 |     GCC   0   0   0   0   0   0 |     GAC   2   2   2   2   2   2 |     GGC   0   0   0   0   0   0
    GTA   0   0   0   0   0   0 |     GCA   0   0   0   0   0   0 | Glu GAA   0   0   0   0   0   0 |     GGA   0   0   0   0   0   0
    GTG   2   2   2   2   2   2 |     GCG   0   0   0   0   0   0 |     GAG   0   0   0   0   0   0 |     GGG   0   0   0   0   0   0
--------------------------------------------------------------------------------------------------------------------------------------

--------------------------------------------------------------------------------------------------------------------------------------
Phe TTT   1   1   1   1   1   1 | Ser TCT   0   0   0   0   0   0 | Tyr TAT   1   1   1   1   1   1 | Cys TGT   1   1   1   1   1   1
    TTC   0   0   0   0   0   0 |     TCC   0   0   0   0   0   0 |     TAC   0   0   0   0   0   0 |     TGC   0   0   0   0   0   0
Leu TTA   0   0   0   0   0   0 |     TCA   0   0   0   0   0   0 | *** TAA   0   0   0   0   0   0 | *** TGA   0   0   0   0   0   0
    TTG   2   2   2   2   2   2 |     TCG   0   0   0   0   0   0 |     TAG   0   0   0   0   0   0 | Trp TGG   0   0   0   0   0   0
--------------------------------------------------------------------------------------------------------------------------------------
Leu CTT   0   0   0   0   0   1 | Pro CCT   0   0   0   0   0   0 | His CAT   0   0   0   0   0   0 | Arg CGT   0   0   0   0   0   0
    CTC   1   1   1   1   1   1 |     CCC   0   0   0   0   0   0 |     CAC   0   0   0   0   0   0 |     CGC   0   0   0   0   0   0
    CTA   1   1   1   1   1   1 |     CCA   0   0   0   0   0   0 | Gln CAA   1   1   1   1   1   1 |     CGA   0   0   0   0   0   0
    CTG   1   1   1   1   1   0 |     CCG   0   0   0   0   0   0 |     CAG   0   0   0   0   0   0 |     CGG   0   0   0   0   0   0
--------------------------------------------------------------------------------------------------------------------------------------
Ile ATT   0   0   0   0   0   0 | Thr ACT   0   0   0   0   0   0 | Asn AAT   1   1   1   1   1   1 | Ser AGT   0   0   0   0   0   0
    ATC   0   0   0   0   0   0 |     ACC   0   0   0   0   0   0 |     AAC   0   0   0   0   0   0 |     AGC   0   0   0   0   0   0
    ATA   0   0   0   0   0   0 |     ACA   0   0   0   0   1   0 | Lys AAA   2   2   2   2   2   2 | Arg AGA   0   0   0   0   0   0
Met ATG   1   1   1   1   2   1 |     ACG   1   1   1   1   0   1 |     AAG   0   0   0   0   0   0 |     AGG   0   0   0   0   0   0
--------------------------------------------------------------------------------------------------------------------------------------
Val GTT   0   0   0   0   0   0 | Ala GCT   0   0   0   0   0   0 | Asp GAT   0   0   0   0   0   0 | Gly GGT   0   0   0   0   0   0
    GTC   0   0   0   0   0   0 |     GCC   0   0   0   0   0   0 |     GAC   2   2   2   2   2   2 |     GGC   0   0   0   0   0   0
    GTA   0   0   0   0   0   0 |     GCA   0   0   0   0   0   0 | Glu GAA   0   0   0   0   0   0 |     GGA   0   0   0   0   0   0
    GTG   2   2   2   2   1   2 |     GCG   0   0   0   0   0   0 |     GAG   0   0   0   0   0   0 |     GGG   0   0   0   0   0   0
--------------------------------------------------------------------------------------------------------------------------------------

Codon position x base (3x4) table for each sequence.

#1: Argali         
position  1:    T:0.27778    C:0.22222    A:0.27778    G:0.22222
position  2:    T:0.50000    C:0.05556    A:0.38889    G:0.05556
position  3:    T:0.22222    C:0.16667    A:0.22222    G:0.38889
Average         T:0.33333    C:0.14815    A:0.29630    G:0.22222

#2: LesserMouseDeer
position  1:    T:0.16667    C:0.27778    A:0.27778    G:0.27778
position  2:    T:0.50000    C:0.05556    A:0.38889    G:0.05556
position  3:    T:0.16667    C:0.27778    A:0.11111    G:0.44444
Average         T:0.27778    C:0.20370    A:0.25926    G:0.25926

#3: LesserKudu     
position  1:    T:0.27778    C:0.22222    A:0.27778    G:0.22222
position  2:    T:0.50000    C:0.05556    A:0.38889    G:0.05556
position  3:    T:0.22222    C:0.16667    A:0.22222    G:0.38889
Average         T:0.33333    C:0.14815    A:0.29630    G:0.22222

#4: ForestMuskDeer2
position  1:    T:0.27778    C:0.22222    A:0.27778    G:0.22222
position  2:    T:0.50000    C:0.05556    A:0.38889    G:0.05556
position  3:    T:0.22222    C:0.16667    A:0.22222    G:0.38889
Average         T:0.33333    C:0.14815    A:0.29630    G:0.22222

#5: Camel          
position  1:    T:0.33333    C:0.16667    A:0.33333    G:0.16667
position  2:    T:0.55556    C:0.00000    A:0.38889    G:0.05556
position  3:    T:0.22222    C:0.16667    A:0.22222    G:0.38889
Average         T:0.37037    C:0.11111    A:0.31481    G:0.20370

#6: KillerWhale    
position  1:    T:0.33333    C:0.16667    A:0.27778    G:0.22222
position  2:    T:0.55556    C:0.00000    A:0.38889    G:0.05556
position  3:    T:0.16667    C:0.22222    A:0.22222    G:0.38889
Average         T:0.35185    C:0.12963    A:0.29630    G:0.22222

#7: DefassaWaterbuck
position  1:    T:0.27778    C:0.22222    A:0.27778    G:0.22222
position  2:    T:0.50000    C:0.05556    A:0.38889    G:0.05556
position  3:    T:0.16667    C:0.22222    A:0.22222    G:0.38889
Average         T:0.31481    C:0.16667    A:0.29630    G:0.22222

#8: Sheep          
position  1:    T:0.27778    C:0.22222    A:0.27778    G:0.22222
position  2:    T:0.55556    C:0.00000    A:0.38889    G:0.05556
position  3:    T:0.22222    C:0.16667    A:0.22222    G:0.38889
Average         T:0.35185    C:0.12963    A:0.29630    G:0.22222

#9: MaxwellsDuiker 
position  1:    T:0.27778    C:0.22222    A:0.27778    G:0.22222
position  2:    T:0.50000    C:0.05556    A:0.38889    G:0.05556
position  3:    T:0.22222    C:0.16667    A:0.22222    G:0.38889
Average         T:0.33333    C:0.14815    A:0.29630    G:0.22222

#10: GazellaPrzewalskyi
position  1:    T:0.27778    C:0.22222    A:0.27778    G:0.22222
position  2:    T:0.50000    C:0.05556    A:0.38889    G:0.05556
position  3:    T:0.22222    C:0.16667    A:0.22222    G:0.38889
Average         T:0.33333    C:0.14815    A:0.29630    G:0.22222

#11: MountainNyala  
position  1:    T:0.27778    C:0.22222    A:0.33333    G:0.16667
position  2:    T:0.50000    C:0.05556    A:0.38889    G:0.05556
position  3:    T:0.22222    C:0.16667    A:0.22222    G:0.38889
Average         T:0.33333    C:0.14815    A:0.31481    G:0.20370

#12: MuntiacusMuntjak
position  1:    T:0.27778    C:0.22222    A:0.27778    G:0.22222
position  2:    T:0.50000    C:0.05556    A:0.38889    G:0.05556
position  3:    T:0.22222    C:0.16667    A:0.22222    G:0.38889
Average         T:0.33333    C:0.14815    A:0.29630    G:0.22222

#13: goat           
position  1:    T:0.27778    C:0.22222    A:0.27778    G:0.22222
position  2:    T:0.50000    C:0.05556    A:0.38889    G:0.05556
position  3:    T:0.22222    C:0.16667    A:0.22222    G:0.38889
Average         T:0.33333    C:0.14815    A:0.29630    G:0.22222

#14: AfricanBuffalo 
position  1:    T:0.27778    C:0.22222    A:0.27778    G:0.22222
position  2:    T:0.50000    C:0.05556    A:0.38889    G:0.05556
position  3:    T:0.22222    C:0.16667    A:0.22222    G:0.38889
Average         T:0.33333    C:0.14815    A:0.29630    G:0.22222

#15: Topi           
position  1:    T:0.27778    C:0.22222    A:0.27778    G:0.22222
position  2:    T:0.50000    C:0.05556    A:0.38889    G:0.05556
position  3:    T:0.22222    C:0.16667    A:0.22222    G:0.38889
Average         T:0.33333    C:0.14815    A:0.29630    G:0.22222

#16: CommonDuiker   
position  1:    T:0.27778    C:0.22222    A:0.27778    G:0.22222
position  2:    T:0.50000    C:0.05556    A:0.38889    G:0.05556
position  3:    T:0.22222    C:0.16667    A:0.22222    G:0.38889
Average         T:0.33333    C:0.14815    A:0.29630    G:0.22222

#17: Suni           
position  1:    T:0.27778    C:0.22222    A:0.27778    G:0.22222
position  2:    T:0.55556    C:0.00000    A:0.38889    G:0.05556
position  3:    T:0.22222    C:0.16667    A:0.22222    G:0.38889
Average         T:0.35185    C:0.12963    A:0.29630    G:0.22222

#18: Springbuck     
position  1:    T:0.27778    C:0.22222    A:0.27778    G:0.22222
position  2:    T:0.50000    C:0.05556    A:0.38889    G:0.05556
position  3:    T:0.22222    C:0.16667    A:0.22222    G:0.38889
Average         T:0.33333    C:0.14815    A:0.29630    G:0.22222

#19: Okapi          
position  1:    T:0.27778    C:0.22222    A:0.27778    G:0.22222
position  2:    T:0.50000    C:0.05556    A:0.38889    G:0.05556
position  3:    T:0.22222    C:0.16667    A:0.22222    G:0.38889
Average         T:0.33333    C:0.14815    A:0.29630    G:0.22222

#20: Giraffe        
position  1:    T:0.27778    C:0.22222    A:0.27778    G:0.22222
position  2:    T:0.50000    C:0.05556    A:0.38889    G:0.05556
position  3:    T:0.22222    C:0.16667    A:0.16667    G:0.44444
Average         T:0.33333    C:0.14815    A:0.27778    G:0.24074

#21: TibetanAntelope
position  1:    T:0.27778    C:0.22222    A:0.27778    G:0.22222
position  2:    T:0.50000    C:0.05556    A:0.38889    G:0.05556
position  3:    T:0.22222    C:0.16667    A:0.22222    G:0.38889
Average         T:0.33333    C:0.14815    A:0.29630    G:0.22222

#22: Sitatunga      
position  1:    T:0.27778    C:0.22222    A:0.27778    G:0.22222
position  2:    T:0.50000    C:0.05556    A:0.38889    G:0.05556
position  3:    T:0.22222    C:0.16667    A:0.22222    G:0.38889
Average         T:0.33333    C:0.14815    A:0.29630    G:0.22222

#23: Oribi          
position  1:    T:0.27778    C:0.22222    A:0.27778    G:0.22222
position  2:    T:0.50000    C:0.05556    A:0.38889    G:0.05556
position  3:    T:0.22222    C:0.16667    A:0.22222    G:0.38889
Average         T:0.33333    C:0.14815    A:0.29630    G:0.22222

#24: BarbarySheep   
position  1:    T:0.27778    C:0.22222    A:0.27778    G:0.22222
position  2:    T:0.50000    C:0.05556    A:0.38889    G:0.05556
position  3:    T:0.22222    C:0.16667    A:0.22222    G:0.38889
Average         T:0.33333    C:0.14815    A:0.29630    G:0.22222

#25: Daviddeer      
position  1:    T:0.27778    C:0.22222    A:0.27778    G:0.22222
position  2:    T:0.50000    C:0.05556    A:0.38889    G:0.05556
position  3:    T:0.22222    C:0.16667    A:0.22222    G:0.38889
Average         T:0.33333    C:0.14815    A:0.29630    G:0.22222

#26: Reindeer       
position  1:    T:0.27778    C:0.22222    A:0.27778    G:0.22222
position  2:    T:0.50000    C:0.05556    A:0.38889    G:0.05556
position  3:    T:0.22222    C:0.16667    A:0.27778    G:0.33333
Average         T:0.33333    C:0.14815    A:0.31481    G:0.20370

#27: Ibex           
position  1:    T:0.27778    C:0.22222    A:0.27778    G:0.22222
position  2:    T:0.50000    C:0.05556    A:0.38889    G:0.05556
position  3:    T:0.22222    C:0.16667    A:0.22222    G:0.38889
Average         T:0.33333    C:0.14815    A:0.29630    G:0.22222

#28: GyrantGazelle  
position  1:    T:0.27778    C:0.22222    A:0.27778    G:0.22222
position  2:    T:0.50000    C:0.05556    A:0.38889    G:0.05556
position  3:    T:0.22222    C:0.16667    A:0.22222    G:0.38889
Average         T:0.33333    C:0.14815    A:0.29630    G:0.22222

#29: Hartebeest     
position  1:    T:0.27778    C:0.22222    A:0.27778    G:0.22222
position  2:    T:0.50000    C:0.05556    A:0.38889    G:0.05556
position  3:    T:0.22222    C:0.16667    A:0.22222    G:0.38889
Average         T:0.33333    C:0.14815    A:0.29630    G:0.22222

#30: Bongo          
position  1:    T:0.27778    C:0.22222    A:0.27778    G:0.22222
position  2:    T:0.50000    C:0.05556    A:0.38889    G:0.05556
position  3:    T:0.22222    C:0.16667    A:0.22222    G:0.38889
Average         T:0.33333    C:0.14815    A:0.29630    G:0.22222

#31: Gerenuk        
position  1:    T:0.27778    C:0.22222    A:0.27778    G:0.22222
position  2:    T:0.50000    C:0.05556    A:0.38889    G:0.05556
position  3:    T:0.22222    C:0.16667    A:0.22222    G:0.38889
Average         T:0.33333    C:0.14815    A:0.29630    G:0.22222

#32: CommonEland    
position  1:    T:0.27778    C:0.22222    A:0.27778    G:0.22222
position  2:    T:0.50000    C:0.05556    A:0.38889    G:0.05556
position  3:    T:0.22222    C:0.16667    A:0.22222    G:0.38889
Average         T:0.33333    C:0.14815    A:0.29630    G:0.22222

#33: MuntiacusReevesi
position  1:    T:0.27778    C:0.22222    A:0.27778    G:0.22222
position  2:    T:0.50000    C:0.05556    A:0.38889    G:0.05556
position  3:    T:0.22222    C:0.16667    A:0.22222    G:0.38889
Average         T:0.33333    C:0.14815    A:0.29630    G:0.22222

#34: HarveysDuiker  
position  1:    T:0.27778    C:0.22222    A:0.27778    G:0.22222
position  2:    T:0.50000    C:0.05556    A:0.38889    G:0.05556
position  3:    T:0.22222    C:0.16667    A:0.22222    G:0.38889
Average         T:0.33333    C:0.14815    A:0.29630    G:0.22222

#35: Pronghorn      
position  1:    T:0.27778    C:0.22222    A:0.27778    G:0.22222
position  2:    T:0.50000    C:0.05556    A:0.38889    G:0.05556
position  3:    T:0.22222    C:0.16667    A:0.27778    G:0.33333
Average         T:0.33333    C:0.14815    A:0.31481    G:0.20370

#36: BlueWildebeest 
position  1:    T:0.27778    C:0.22222    A:0.27778    G:0.22222
position  2:    T:0.50000    C:0.05556    A:0.38889    G:0.05556
position  3:    T:0.22222    C:0.16667    A:0.22222    G:0.38889
Average         T:0.33333    C:0.14815    A:0.29630    G:0.22222

#37: Gemsbok        
position  1:    T:0.27778    C:0.22222    A:0.27778    G:0.22222
position  2:    T:0.50000    C:0.05556    A:0.38889    G:0.05556
position  3:    T:0.27778    C:0.11111    A:0.22222    G:0.38889
Average         T:0.35185    C:0.12963    A:0.29630    G:0.22222

#38: Yak            
position  1:    T:0.27778    C:0.22222    A:0.27778    G:0.22222
position  2:    T:0.50000    C:0.05556    A:0.38889    G:0.05556
position  3:    T:0.22222    C:0.16667    A:0.22222    G:0.38889
Average         T:0.33333    C:0.14815    A:0.29630    G:0.22222

#39: BlueSheep      
position  1:    T:0.27778    C:0.22222    A:0.27778    G:0.22222
position  2:    T:0.50000    C:0.05556    A:0.38889    G:0.05556
position  3:    T:0.22222    C:0.16667    A:0.22222    G:0.38889
Average         T:0.33333    C:0.14815    A:0.29630    G:0.22222

#40: BohorReedbuck  
position  1:    T:0.27778    C:0.22222    A:0.27778    G:0.22222
position  2:    T:0.50000    C:0.05556    A:0.38889    G:0.05556
position  3:    T:0.16667    C:0.22222    A:0.22222    G:0.38889
Average         T:0.31481    C:0.16667    A:0.29630    G:0.22222

#41: KirksDik       
position  1:    T:0.27778    C:0.22222    A:0.27778    G:0.22222
position  2:    T:0.50000    C:0.05556    A:0.38889    G:0.05556
position  3:    T:0.22222    C:0.16667    A:0.22222    G:0.38889
Average         T:0.33333    C:0.14815    A:0.29630    G:0.22222

#42: RoeDeer        
position  1:    T:0.27778    C:0.22222    A:0.27778    G:0.22222
position  2:    T:0.50000    C:0.05556    A:0.38889    G:0.05556
position  3:    T:0.22222    C:0.16667    A:0.22222    G:0.38889
Average         T:0.33333    C:0.14815    A:0.29630    G:0.22222

#43: WhiteLippedDeer
position  1:    T:0.27778    C:0.22222    A:0.27778    G:0.22222
position  2:    T:0.50000    C:0.05556    A:0.38889    G:0.05556
position  3:    T:0.22222    C:0.16667    A:0.22222    G:0.38889
Average         T:0.33333    C:0.14815    A:0.29630    G:0.22222

#44: ThomsonGazelle 
position  1:    T:0.27778    C:0.22222    A:0.27778    G:0.22222
position  2:    T:0.50000    C:0.05556    A:0.38889    G:0.05556
position  3:    T:0.22222    C:0.16667    A:0.22222    G:0.38889
Average         T:0.33333    C:0.14815    A:0.29630    G:0.22222

#45: MuntiacusCrinifrons
position  1:    T:0.27778    C:0.22222    A:0.27778    G:0.22222
position  2:    T:0.50000    C:0.05556    A:0.38889    G:0.05556
position  3:    T:0.22222    C:0.16667    A:0.27778    G:0.33333
Average         T:0.33333    C:0.14815    A:0.31481    G:0.20370

#46: WhiteTailedDeer
position  1:    T:0.27778    C:0.22222    A:0.27778    G:0.22222
position  2:    T:0.50000    C:0.05556    A:0.38889    G:0.05556
position  3:    T:0.22222    C:0.16667    A:0.27778    G:0.33333
Average         T:0.33333    C:0.14815    A:0.31481    G:0.20370

#47: Cattle         
position  1:    T:0.27778    C:0.22222    A:0.27778    G:0.22222
position  2:    T:0.50000    C:0.05556    A:0.38889    G:0.05556
position  3:    T:0.22222    C:0.16667    A:0.22222    G:0.38889
Average         T:0.33333    C:0.14815    A:0.29630    G:0.22222

#48: RoyalAntelope  
position  1:    T:0.27778    C:0.22222    A:0.27778    G:0.22222
position  2:    T:0.50000    C:0.05556    A:0.33333    G:0.11111
position  3:    T:0.22222    C:0.16667    A:0.16667    G:0.44444
Average         T:0.33333    C:0.14815    A:0.25926    G:0.25926

#49: Steenbok       
position  1:    T:0.27778    C:0.22222    A:0.27778    G:0.22222
position  2:    T:0.50000    C:0.05556    A:0.38889    G:0.05556
position  3:    T:0.22222    C:0.16667    A:0.22222    G:0.38889
Average         T:0.33333    C:0.14815    A:0.29630    G:0.22222

#50: Impala         
position  1:    T:0.27778    C:0.22222    A:0.27778    G:0.22222
position  2:    T:0.50000    C:0.05556    A:0.38889    G:0.05556
position  3:    T:0.22222    C:0.16667    A:0.22222    G:0.38889
Average         T:0.33333    C:0.14815    A:0.29630    G:0.22222

#51: Klipspringer   
position  1:    T:0.27778    C:0.22222    A:0.27778    G:0.22222
position  2:    T:0.50000    C:0.05556    A:0.38889    G:0.05556
