1
52 1
Argali 0.000000 0.163200 0.044700 0.156200 0.027000 0.002400 0.028900 0.036900 0.034600 0.135900 0.007200 0.049700 0.024600 0.031300 0.037300 0.047200 0.065300 0.072900 0.011900 0.051900 0.038800 0.012200 0.119700 0.099000 0.007300 0.041100 0.024600 0.047200 0.044400 0.054800 0.148500 0.034600 0.068300 0.024500 0.019200 0.036900 0.009600 0.022100 0.039500 0.117200 0.105100 0.047300 0.135800 0.101600 0.034600 0.027100 0.039500 0.024100 0.037200 0.057700 0.049800 0.047200
LesserMous 0.163200 0.000000 0.172000 0.171200 0.176700 0.166100 0.181100 0.189000 0.172100 0.229800 0.166300 0.171400 0.162700 0.184000 0.172800 0.187000 0.165900 0.180500 0.166000 0.180600 0.186000 0.160100 0.213500 0.203800 0.166100 0.196000 0.162700 0.174700 0.191800 0.183900 0.238300 0.181200 0.175900 0.168500 0.168300 0.168100 0.169100 0.171100 0.192700 0.203100 0.199700 0.202500 0.229700 0.206600 0.166000 0.174800 0.193000 0.159800 0.187300 0.163400 0.178300 0.175100
LesserKudu 0.044700 0.172000 0.000000 0.155900 0.047000 0.042100 0.049700 0.057100 0.019100 0.129800 0.041500 0.043800 0.044700 0.052200 0.042400 0.065200 0.075700 0.078000 0.042100 0.012000 0.054500 0.037200 0.113900 0.098800 0.042100 0.062400 0.044700 0.011900 0.064700 0.014500 0.142300 0.054800 0.078800 0.042000 0.039400 0.031800 0.044600 0.042100 0.059800 0.117100 0.099400 0.062700 0.129700 0.095900 0.029400 0.047300 0.059800 0.034500 0.057400 0.062700 0.009600 0.007100
KillerWhal 0.156200 0.171200 0.155900 0.000000 0.157800 0.153100 0.161800 0.163700 0.155900 0.190400 0.153300 0.155500 0.150000 0.164700 0.156500 0.164600 0.153000 0.158300 0.147300 0.164200 0.172600 0.153100 0.182100 0.185700 0.153100 0.170200 0.150000 0.158500 0.172400 0.167400 0.198000 0.167800 0.142000 0.149800 0.149700 0.146500 0.156100 0.152300 0.173000 0.191700 0.175200 0.182400 0.190400 0.185400 0.144300 0.158800 0.173300 0.144300 0.167800 0.141700 0.161900 0.158800
DefassaWat 0.027000 0.176700 0.047000 0.157800 0.000000 0.024500 0.031900 0.039200 0.036900 0.137500 0.024500 0.046900 0.026900 0.034400 0.039600 0.049600 0.067700 0.070000 0.024500 0.054500 0.036700 0.024500 0.121900 0.106300 0.024500 0.044400 0.026900 0.054700 0.044200 0.057200 0.150000 0.036900 0.075700 0.026900 0.021900 0.034300 0.027000 0.004800 0.041800 0.121800 0.107300 0.049500 0.137400 0.103500 0.031900 0.029400 0.041900 0.026900 0.039500 0.060000 0.052200 0.049600
Sheep 0.002400 0.166100 0.042100 0.153100 0.024500 0.000000 0.027000 0.034300 0.032000 0.132800 0.004800 0.047100 0.022100 0.028900 0.034800 0.044600 0.062000 0.070200 0.009600 0.049600 0.036800 0.009600 0.115400 0.096100 0.004800 0.039500 0.022100 0.044600 0.040800 0.052200 0.145400 0.032000 0.065600 0.021700 0.017100 0.033700 0.007200 0.019600 0.036200 0.114300 0.102200 0.044700 0.132800 0.098700 0.032000 0.024600 0.035600 0.022100 0.034600 0.055100 0.047200 0.044600
MaxwellsDu 0.028900 0.181100 0.049700 0.161800 0.031900 0.027000 0.000000 0.041800 0.039600 0.135600 0.027100 0.054700 0.029600 0.007200 0.039800 0.052300 0.070500 0.067500 0.027000 0.057200 0.044400 0.027000 0.119500 0.104300 0.026500 0.047000 0.029600 0.057400 0.049400 0.059200 0.148200 0.009700 0.078800 0.028900 0.023900 0.041900 0.028900 0.027000 0.044500 0.119800 0.104900 0.052400 0.135600 0.101400 0.039600 0.032100 0.044500 0.028700 0.035700 0.062800 0.054900 0.052300
GazellaPrz 0.036900 0.189000 0.057100 0.163700 0.039200 0.034300 0.041800 0.000000 0.046900 0.149300 0.034400 0.062100 0.036900 0.044300 0.049800 0.033700 0.077900 0.085400 0.034300 0.064600 0.026600 0.034300 0.132900 0.117400 0.034300 0.031700 0.036900 0.064800 0.030900 0.064700 0.162000 0.046900 0.086300 0.036700 0.031700 0.049200 0.031800 0.034300 0.026700 0.130300 0.118100 0.036800 0.149200 0.114500 0.045900 0.039400 0.026300 0.036800 0.043200 0.065000 0.062200 0.059600
MountainNy 0.034600 0.172100 0.019100 0.155900 0.036900 0.032000 0.039600 0.046900 0.000000 0.124000 0.032100 0.043700 0.034600 0.042100 0.032200 0.054900 0.070500 0.072800 0.031700 0.016700 0.044400 0.027000 0.108300 0.093300 0.031000 0.052200 0.034600 0.017100 0.054500 0.024500 0.136400 0.044600 0.073500 0.032000 0.029400 0.031900 0.034600 0.032000 0.049600 0.111500 0.093900 0.052400 0.124000 0.090500 0.028900 0.037200 0.049700 0.024500 0.047200 0.057600 0.019200 0.017100
MuntiacusM 0.135900 0.229800 0.129800 0.190400 0.137500 0.132800 0.135600 0.149300 0.124000 0.000000 0.129800 0.140900 0.135500 0.138400 0.133200 0.144200 0.130000 0.126300 0.132700 0.138000 0.146400 0.127000 0.063900 0.062900 0.132800 0.149800 0.135500 0.138500 0.151900 0.141200 0.010500 0.141500 0.133300 0.135300 0.129400 0.120400 0.135700 0.132000 0.143700 0.080800 0.055400 0.156000 0.000000 0.065600 0.118200 0.132500 0.152800 0.124000 0.141500 0.133100 0.132700 0.132700
goat 0.007200 0.166300 0.041500 0.153300 0.024500 0.004800 0.027100 0.034400 0.032100 0.129800 0.000000 0.047100 0.022100 0.028700 0.034800 0.044700 0.062700 0.070300 0.009600 0.049600 0.036900 0.009600 0.113900 0.093300 0.004800 0.039500 0.022100 0.044700 0.041900 0.052300 0.142300 0.032100 0.065700 0.022000 0.016800 0.033800 0.007200 0.019600 0.037000 0.111300 0.099400 0.044800 0.129800 0.095900 0.032100 0.024600 0.037000 0.022100 0.034600 0.055100 0.046400 0.044700
AfricanBuf 0.049700 0.171400 0.043800 0.155500 0.046900 0.047100 0.054700 0.062100 0.043700 0.140900 0.047100 0.000000 0.044600 0.057200 0.047400 0.072800 0.080800 0.077800 0.042000 0.051900 0.059500 0.042000 0.124800 0.109500 0.046200 0.067400 0.044600 0.051700 0.069700 0.054500 0.153500 0.059800 0.083900 0.044400 0.044500 0.026800 0.048700 0.042000 0.064800 0.128000 0.110000 0.073000 0.140900 0.106600 0.024400 0.052300 0.064900 0.039500 0.062500 0.067800 0.049500 0.046900
Topi 0.024600 0.162700 0.044700 0.150000 0.026900 0.022100 0.029600 0.036900 0.034600 0.135500 0.022100 0.044600 0.000000 0.032100 0.032200 0.047300 0.065400 0.073000 0.017200 0.052300 0.039400 0.022100 0.119900 0.104200 0.022100 0.042100 0.000000 0.052400 0.044400 0.054900 0.148100 0.034600 0.073500 0.004900 0.019600 0.037000 0.024600 0.022000 0.039500 0.119700 0.105200 0.047200 0.135500 0.101300 0.034600 0.027100 0.039600 0.024600 0.037200 0.052600 0.049900 0.047300
CommonDuik 0.031300 0.184000 0.052200 0.164700 0.034400 0.028900 0.007200 0.044300 0.042100 0.138400 0.028700 0.057200 0.032100 0.000000 0.042300 0.054800 0.073000 0.070100 0.028700 0.059800 0.041800 0.028900 0.122300 0.107000 0.029700 0.049600 0.032100 0.059900 0.051900 0.062400 0.151100 0.007300 0.081400 0.031900 0.026000 0.044400 0.026400 0.029500 0.047000 0.122600 0.107600 0.054900 0.138400 0.104100 0.042100 0.034600 0.047000 0.031000 0.043500 0.065300 0.057400 0.054800
Suni 0.037300 0.172800 0.042400 0.156500 0.039600 0.034800 0.039800 0.049800 0.032200 0.133200 0.034800 0.047400 0.032200 0.042300 0.000000 0.057800 0.071000 0.075900 0.034800 0.049900 0.044700 0.029700 0.111800 0.099100 0.034800 0.052500 0.032200 0.050000 0.054900 0.052500 0.145800 0.044900 0.076400 0.032200 0.032200 0.034600 0.037300 0.034600 0.052500 0.120300 0.097300 0.057700 0.133100 0.096300 0.029700 0.039800 0.052500 0.022200 0.050100 0.060600 0.047500 0.044900
Springbuck 0.047200 0.187000 0.065200 0.164600 0.049600 0.044600 0.052300 0.033700 0.054900 0.144200 0.044700 0.072800 0.047300 0.054800 0.057800 0.000000 0.083600 0.091200 0.044600 0.072800 0.031700 0.044600 0.133700 0.123800 0.044600 0.026800 0.047300 0.073000 0.026700 0.072900 0.157000 0.057400 0.092100 0.046300 0.042000 0.059700 0.041200 0.044600 0.036800 0.131100 0.118800 0.031900 0.144200 0.120800 0.056000 0.049900 0.035900 0.047200 0.052300 0.070600 0.070400 0.067500
Okapi 0.065300 0.165900 0.075700 0.153000 0.067700 0.062000 0.070500 0.077900 0.070500 0.130000 0.062700 0.080800 0.065400 0.073000 0.071000 0.083600 0.000000 0.033700 0.062700 0.083400 0.080500 0.062700 0.114100 0.098900 0.062700 0.083400 0.065400 0.083600 0.080400 0.086200 0.142500 0.075700 0.065700 0.065100 0.059900 0.062400 0.065300 0.062600 0.075400 0.108700 0.099500 0.089100 0.130000 0.096100 0.060100 0.068100 0.078200 0.059300 0.075700 0.068100 0.081100 0.078400
Giraffe 0.072900 0.180500 0.078000 0.158300 0.070000 0.070200 0.067500 0.085400 0.072800 0.126300 0.070300 0.077800 0.073000 0.070100 0.075900 0.091200 0.033700 0.000000 0.070200 0.085600 0.088100 0.070200 0.110600 0.095700 0.070200 0.091000 0.073000 0.085900 0.088000 0.088400 0.138700 0.072700 0.068000 0.071600 0.067400 0.059500 0.072800 0.064900 0.082900 0.113800 0.096200 0.096800 0.126300 0.092800 0.057200 0.070400 0.085700 0.062400 0.083300 0.070400 0.083300 0.080600
TibetanAnt 0.011900 0.166000 0.042100 0.147300 0.024500 0.009600 0.027000 0.034300 0.031700 0.132700 0.009600 0.042000 0.017200 0.028700 0.034800 0.044600 0.062700 0.070200 0.000000 0.049600 0.036800 0.014300 0.116700 0.101600 0.009700 0.039500 0.017200 0.044600 0.041800 0.052200 0.145300 0.031900 0.065600 0.017100 0.016800 0.034400 0.012200 0.019600 0.036900 0.114200 0.102200 0.044700 0.132700 0.098700 0.031400 0.024600 0.037000 0.021600 0.034600 0.055000 0.047200 0.044600
Sitatunga 0.051900 0.180600 0.012000 0.164200 0.054500 0.049600 0.057200 0.064600 0.016700 0.138000 0.049600 0.051900 0.052300 0.059800 0.049900 0.072800 0.083400 0.085600 0.049600 0.000000 0.062000 0.044500 0.122000 0.106700 0.049600 0.070000 0.052300 0.009700 0.072300 0.007200 0.150600 0.062000 0.086500 0.049500 0.046900 0.039200 0.052200 0.049500 0.067300 0.125200 0.107400 0.070300 0.138000 0.103800 0.036900 0.054800 0.067400 0.042000 0.065000 0.070400 0.011900 0.009500
Oribi 0.038800 0.186000 0.054500 0.172600 0.036700 0.036800 0.044400 0.026600 0.044400 0.146400 0.036900 0.059500 0.039400 0.041800 0.044700 0.031700 0.080500 0.088100 0.036800 0.062000 0.000000 0.031900 0.130100 0.114700 0.036800 0.029200 0.039400 0.061400 0.028800 0.062100 0.159100 0.044400 0.088900 0.039200 0.034200 0.046100 0.029300 0.031800 0.029200 0.127500 0.115400 0.034300 0.146300 0.111800 0.044400 0.042000 0.029200 0.038600 0.046900 0.067600 0.059200 0.057500
BarbaryShe 0.012200 0.160100 0.037200 0.153100 0.024500 0.009600 0.027000 0.034300 0.027000 0.127000 0.009600 0.042000 0.022100 0.028900 0.029700 0.044600 0.062700 0.070200 0.014300 0.044500 0.031900 0.000000 0.111200 0.090700 0.009600 0.039500 0.022100 0.039600 0.041800 0.047100 0.139500 0.032000 0.070900 0.022000 0.017100 0.029400 0.012200 0.019600 0.036900 0.108700 0.096700 0.044700 0.127000 0.093300 0.026500 0.024600 0.036600 0.021400 0.034600 0.055100 0.042100 0.039600
Daviddeer 0.119700 0.213500 0.113900 0.182100 0.121900 0.115400 0.119500 0.132900 0.108300 0.063900 0.113900 0.124800 0.119900 0.122300 0.111800 0.133700 0.114100 0.110600 0.116700 0.122000 0.130100 0.111200 0.000000 0.057100 0.116800 0.139100 0.119900 0.119300 0.135600 0.125000 0.069800 0.125200 0.117600 0.119200 0.113500 0.104900 0.119600 0.116600 0.130300 0.080100 0.017400 0.139900 0.063900 0.059700 0.102600 0.117000 0.136300 0.102600 0.130900 0.117100 0.116700 0.116700
Reindeer 0.099000 0.203800 0.098800 0.185700 0.106300 0.096100 0.104300 0.117400 0.093300 0.062900 0.093300 0.109500 0.104200 0.107000 0.099100 0.123800 0.098900 0.095700 0.101600 0.106700 0.114700 0.090700 0.057100 0.000000 0.096100 0.123500 0.104200 0.107000 0.120100 0.109600 0.074300 0.109800 0.107500 0.104000 0.098500 0.090100 0.098900 0.101100 0.112100 0.067900 0.048800 0.123700 0.062900 0.012200 0.087800 0.096000 0.120700 0.090600 0.115500 0.096300 0.101600 0.101500
Ibex 0.007300 0.166100 0.042100 0.153100 0.024500 0.004800 0.026500 0.034300 0.031000 0.132800 0.004800 0.046200 0.022100 0.029700 0.034800 0.044600 0.062700 0.070200 0.009700 0.049600 0.036800 0.009600 0.116800 0.096100 0.000000 0.039500 0.022100 0.044600 0.041800 0.052200 0.145400 0.031300 0.065600 0.021700 0.017100 0.034400 0.007200 0.019600 0.036900 0.114300 0.102200 0.044700 0.132800 0.098700 0.031800 0.024600 0.037000 0.022100 0.033800 0.055100 0.047200 0.044600
GyrantGaze 0.041100 0.196000 0.062400 0.170200 0.044400 0.039500 0.047000 0.031700 0.052200 0.149800 0.039500 0.067400 0.042100 0.049600 0.052500 0.026800 0.083400 0.091000 0.039500 0.070000 0.029200 0.039500 0.139100 0.123500 0.039500 0.000000 0.042100 0.070200 0.023800 0.070100 0.162600 0.052100 0.091900 0.041700 0.036800 0.054500 0.036900 0.039400 0.034200 0.136500 0.124200 0.019500 0.149800 0.120500 0.052200 0.044600 0.033600 0.041700 0.049600 0.070400 0.067400 0.065000
Hartebeest 0.024600 0.162700 0.044700 0.150000 0.026900 0.022100 0.029600 0.036900 0.034600 0.135500 0.022100 0.044600 0.000000 0.032100 0.032200 0.047300 0.065400 0.073000 0.017200 0.052300 0.039400 0.022100 0.119900 0.104200 0.022100 0.042100 0.000000 0.052400 0.044400 0.054900 0.148100 0.034600 0.073500 0.004900 0.019600 0.037000 0.024600 0.022000 0.039500 0.119700 0.105200 0.047200 0.135500 0.101300 0.034600 0.027100 0.039600 0.024600 0.037200 0.052600 0.049900 0.047300
Bongo 0.047200 0.174700 0.011900 0.158500 0.054700 0.044600 0.057400 0.064800 0.017100 0.138500 0.044700 0.051700 0.052400 0.059900 0.050000 0.073000 0.083600 0.085900 0.044600 0.009700 0.061400 0.039600 0.119300 0.107000 0.044600 0.070200 0.052400 0.000000 0.072500 0.016800 0.151100 0.062600 0.086800 0.049600 0.047000 0.039300 0.047200 0.049700 0.067500 0.122800 0.107700 0.070500 0.138500 0.104100 0.035600 0.055000 0.067600 0.042100 0.065200 0.070600 0.012100 0.009600
Gerenuk 0.044400 0.191800 0.064700 0.172400 0.044200 0.040800 0.049400 0.030900 0.054500 0.151900 0.041900 0.069700 0.044400 0.051900 0.054900 0.026700 0.080400 0.088000 0.041800 0.072300 0.028800 0.041800 0.135600 0.120100 0.041800 0.023800 0.044400 0.072500 0.000000 0.073000 0.164700 0.054500 0.088800 0.044200 0.036700 0.055400 0.039300 0.039300 0.034100 0.132900 0.120800 0.029200 0.151900 0.117100 0.054600 0.047000 0.034100 0.044300 0.051000 0.072700 0.069900 0.067300
CommonElan 0.054800 0.183900 0.014500 0.167400 0.057200 0.052200 0.059200 0.064700 0.024500 0.141200 0.052300 0.054500 0.054900 0.062400 0.052500 0.072900 0.086200 0.088400 0.052200 0.007200 0.062100 0.047100 0.125000 0.109600 0.052200 0.070100 0.054900 0.016800 0.073000 0.000000 0.153800 0.065100 0.089300 0.052100 0.049500 0.041700 0.052200 0.052200 0.067400 0.128200 0.110300 0.070400 0.141100 0.106700 0.038500 0.057500 0.067500 0.044500 0.065100 0.070500 0.019500 0.017000
MuntiacusR 0.148500 0.238300 0.142300 0.198000 0.150000 0.145400 0.148200 0.162000 0.136400 0.010500 0.142300 0.153500 0.148100 0.151100 0.145800 0.157000 0.142500 0.138700 0.145300 0.150600 0.159100 0.139500 0.069800 0.074300 0.145400 0.162600 0.148100 0.151100 0.164700 0.153800 0.000000 0.154200 0.145900 0.147800 0.141800 0.132600 0.148300 0.144500 0.156400 0.092700 0.066700 0.169000 0.010500 0.077100 0.130400 0.145100 0.165700 0.136300 0.154200 0.145800 0.145300 0.145200
HarveysDui 0.034600 0.181200 0.054800 0.167800 0.036900 0.032000 0.009700 0.046900 0.044600 0.141500 0.032100 0.059800 0.034600 0.007300 0.044900 0.057400 0.075700 0.072700 0.031900 0.062000 0.044400 0.032000 0.125200 0.109800 0.031300 0.052100 0.034600 0.062600 0.054500 0.065100 0.154200 0.000000 0.078800 0.034400 0.028900 0.047000 0.028900 0.032000 0.048400 0.125500 0.110500 0.057500 0.141500 0.106900 0.043500 0.037200 0.049600 0.034500 0.047200 0.068000 0.060000 0.057400
Pronghorn 0.068300 0.175900 0.078800 0.142000 0.075700 0.065600 0.078800 0.086300 0.073500 0.133300 0.065700 0.083900 0.073500 0.081400 0.076400 0.092100 0.065700 0.068000 0.065600 0.086500 0.088900 0.070900 0.117600 0.107500 0.065600 0.091900 0.073500 0.086800 0.088800 0.089300 0.145900 0.078800 0.000000 0.073400 0.062800 0.070600 0.068300 0.070600 0.083800 0.126200 0.108500 0.097400 0.133300 0.104600 0.068300 0.076100 0.083900 0.063000 0.084200 0.065800 0.084200 0.081400
BlueWildeb 0.024500 0.168500 0.042000 0.149800 0.026900 0.021700 0.028900 0.036700 0.032000 0.135300 0.022000 0.044400 0.004900 0.031900 0.032200 0.046300 0.065100 0.071600 0.017100 0.049500 0.039200 0.022000 0.119200 0.104000 0.021700 0.041700 0.004900 0.049600 0.044200 0.052100 0.147800 0.034400 0.073400 0.000000 0.019500 0.036800 0.024500 0.022000 0.039300 0.119500 0.104700 0.047200 0.135200 0.101200 0.034500 0.027000 0.039400 0.024500 0.037000 0.057500 0.047100 0.044500
Gemsbok 0.019200 0.168300 0.039400 0.149700 0.021900 0.017100 0.023900 0.031700 0.029400 0.129400 0.016800 0.044500 0.019600 0.026000 0.032200 0.042000 0.059900 0.067400 0.016800 0.046900 0.034200 0.017100 0.113500 0.098500 0.017100 0.036800 0.019600 0.047000 0.036700 0.049500 0.141800 0.028900 0.062800 0.019500 0.000000 0.031800 0.019500 0.017000 0.034300 0.113800 0.098300 0.042100 0.129300 0.095700 0.028800 0.022100 0.034000 0.019500 0.031300 0.049700 0.044500 0.041300
Yak 0.036900 0.168100 0.031800 0.146500 0.034300 0.033700 0.041900 0.049200 0.031900 0.120400 0.033800 0.026800 0.037000 0.044400 0.034600 0.059700 0.062400 0.059500 0.034400 0.039200 0.046100 0.029400 0.104900 0.090100 0.034400 0.054500 0.037000 0.039300 0.055400 0.041700 0.132600 0.047000 0.070600 0.036800 0.031800 0.000000 0.036000 0.029400 0.046800 0.108000 0.090600 0.059900 0.120400 0.087300 0.007100 0.039500 0.051900 0.026400 0.049500 0.054800 0.036000 0.034300
BlueSheep 0.009600 0.169100 0.044600 0.156100 0.027000 0.007200 0.028900 0.031800 0.034600 0.135700 0.007200 0.048700 0.024600 0.026400 0.037300 0.041200 0.065300 0.072800 0.012200 0.052200 0.029300 0.012200 0.119600 0.098900 0.007200 0.036900 0.024600 0.047200 0.039300 0.052200 0.148300 0.028900 0.068300 0.024500 0.019500 0.036000 0.000000 0.022000 0.033200 0.117100 0.105000 0.042200 0.135700 0.101500 0.034600 0.027100 0.034400 0.024200 0.032000 0.052200 0.049800 0.047200
BohorReedb 0.022100 0.171100 0.042100 0.152300 0.004800 0.019600 0.027000 0.034300 0.032000 0.132000 0.019600 0.042000 0.022000 0.029500 0.034600 0.044600 0.062600 0.064900 0.019600 0.049500 0.031800 0.019600 0.116600 0.101100 0.019600 0.039400 0.022000 0.049700 0.039300 0.052200 0.144500 0.032000 0.070600 0.022000 0.017000 0.029400 0.022000 0.000000 0.036900 0.116400 0.102000 0.044500 0.132000 0.098200 0.027000 0.024500 0.036900 0.022000 0.034500 0.055000 0.047200 0.044600
KirksDik 0.039500 0.192700 0.059800 0.173000 0.041800 0.036200 0.044500 0.026700 0.049600 0.143700 0.037000 0.064800 0.039500 0.047000 0.052500 0.036800 0.075400 0.082900 0.036900 0.067300 0.029200 0.036900 0.130300 0.112100 0.036900 0.034200 0.039500 0.067500 0.034100 0.067400 0.156400 0.048400 0.083800 0.039300 0.034300 0.046800 0.033200 0.036900 0.000000 0.124900 0.115600 0.039400 0.143700 0.109200 0.043600 0.042100 0.024300 0.039400 0.047000 0.067700 0.064700 0.062300
RoeDeer 0.117200 0.203100 0.117100 0.191700 0.121800 0.114300 0.119800 0.130300 0.111500 0.080800 0.111300 0.128000 0.119700 0.122600 0.120300 0.131100 0.108700 0.113800 0.114200 0.125200 0.127500 0.108700 0.080100 0.067900 0.114300 0.136500 0.119700 0.122800 0.132900 0.128200 0.092700 0.125500 0.126200 0.119500 0.113800 0.108000 0.117100 0.116400 0.124900 0.000000 0.071400 0.131000 0.080800 0.065100 0.105700 0.116800 0.128000 0.111400 0.131300 0.120300 0.120000 0.119900
WhiteLippe 0.105100 0.199700 0.099400 0.175200 0.107300 0.102200 0.104900 0.118100 0.093900 0.055400 0.099400 0.110000 0.105200 0.107600 0.097300 0.118800 0.099500 0.096200 0.102200 0.107400 0.115400 0.096700 0.017400 0.048800 0.102200 0.124200 0.105200 0.107700 0.120800 0.110300 0.066700 0.110500 0.108500 0.104700 0.098300 0.090600 0.105000 0.102000 0.115600 0.071400 0.000000 0.124900 0.055400 0.051500 0.088400 0.102400 0.121400 0.088300 0.116100 0.102500 0.102200 0.102100
ThomsonGaz 0.047300 0.202500 0.062700 0.182400 0.049500 0.044700 0.052400 0.036800 0.052400 0.156000 0.044800 0.073000 0.047200 0.054900 0.057700 0.031900 0.089100 0.096800 0.044700 0.070300 0.034300 0.044700 0.139900 0.123700 0.044700 0.019500 0.047200 0.070500 0.029200 0.070400 0.169000 0.057500 0.097400 0.047200 0.042100 0.059900 0.042200 0.044500 0.039400 0.131000 0.124900 0.000000 0.156000 0.120700 0.057600 0.049800 0.039500 0.047300 0.055000 0.076000 0.068000 0.065300
MuntiacusC 0.135800 0.229700 0.129700 0.190400 0.137400 0.132800 0.135600 0.149200 0.124000 0.000000 0.129800 0.140900 0.135500 0.138400 0.133100 0.144200 0.130000 0.126300 0.132700 0.138000 0.146300 0.127000 0.063900 0.062900 0.132800 0.149800 0.135500 0.138500 0.151900 0.141100 0.010500 0.141500 0.133300 0.135200 0.129300 0.120400 0.135700 0.132000 0.143700 0.080800 0.055400 0.156000 0.000000 0.065600 0.118100 0.132500 0.152800 0.123900 0.141500 0.133100 0.132700 0.132600
WhiteTaile 0.101600 0.206600 0.095900 0.185400 0.103500 0.098700 0.101400 0.114500 0.090500 0.065600 0.095900 0.106600 0.101300 0.104100 0.096300 0.120800 0.096100 0.092800 0.098700 0.103800 0.111800 0.093300 0.059700 0.012200 0.098700 0.120500 0.101300 0.104100 0.117100 0.106700 0.077100 0.106900 0.104600 0.101200 0.095700 0.087300 0.101500 0.098200 0.109200 0.065100 0.051500 0.120700 0.065600 0.000000 0.085000 0.093100 0.117800 0.087800 0.112500 0.093500 0.098700 0.098700
Cattle 0.034600 0.166000 0.029400 0.144300 0.031900 0.032000 0.039600 0.045900 0.028900 0.118200 0.032100 0.024400 0.034600 0.042100 0.029700 0.056000 0.060100 0.057200 0.031400 0.036900 0.044400 0.026500 0.102600 0.087800 0.031800 0.052200 0.034600 0.035600 0.054600 0.038500 0.130400 0.043500 0.068300 0.034500 0.028800 0.007100 0.034600 0.027000 0.043600 0.105700 0.088400 0.057600 0.118100 0.085000 0.000000 0.037200 0.049600 0.023900 0.047200 0.052500 0.034100 0.031900
RoyalAntel 0.027100 0.174800 0.047300 0.158800 0.029400 0.024600 0.032100 0.039400 0.037200 0.132500 0.024600 0.052300 0.027100 0.034600 0.039800 0.049900 0.068100 0.070400 0.024600 0.054800 0.042000 0.024600 0.117000 0.096000 0.024600 0.044600 0.027100 0.055000 0.047000 0.057500 0.145100 0.037200 0.076100 0.027000 0.022100 0.039500 0.027100 0.024500 0.042100 0.116800 0.102400 0.049800 0.132500 0.093100 0.037200 0.000000 0.042100 0.027100 0.039700 0.060400 0.052500 0.049900
Steenbok 0.039500 0.193000 0.059800 0.173300 0.041900 0.035600 0.044500 0.026300 0.049700 0.152800 0.037000 0.064900 0.039600 0.047000 0.052500 0.035900 0.078200 0.085700 0.037000 0.067400 0.029200 0.036600 0.136300 0.120700 0.037000 0.033600 0.039600 0.067600 0.034100 0.067500 0.165700 0.049600 0.083900 0.039400 0.034000 0.051900 0.034400 0.036900 0.024300 0.128000 0.121400 0.039500 0.152800 0.117800 0.049600 0.042100 0.000000 0.039500 0.047100 0.067800 0.065000 0.062400
Impala 0.024100 0.159800 0.034500 0.144300 0.026900 0.022100 0.028700 0.036800 0.024500 0.124000 0.022100 0.039500 0.024600 0.031000 0.022200 0.047200 0.059300 0.062400 0.021600 0.042000 0.038600 0.021400 0.102600 0.090600 0.022100 0.041700 0.024600 0.042100 0.044300 0.044500 0.136300 0.034500 0.063000 0.024500 0.019500 0.026400 0.024200 0.022000 0.039400 0.111400 0.088300 0.047300 0.123900 0.087800 0.023900 0.027100 0.039500 0.000000 0.036300 0.047300 0.039600 0.036600
Klipspring 0.037200 0.187300 0.057400 0.167800 0.039500 0.034600 0.035700 0.043200 0.047200 0.141500 0.034600 0.062500 0.037200 0.043500 0.050100 0.052300 0.075700 0.083300 0.034600 0.065000 0.046900 0.034600 0.130900 0.115500 0.033800 0.049600 0.037200 0.065200 0.051000 0.065100 0.154200 0.047200 0.084200 0.037000 0.031300 0.049500 0.032000 0.034500 0.047000 0.131300 0.116100 0.055000 0.141500 0.112500 0.047200 0.039700 0.047100 0.036300 0.000000 0.062800 0.062700 0.060000
ForestMusk 0.057700 0.163400 0.062700 0.141700 0.060000 0.055100 0.062800 0.065000 0.057600 0.133100 0.055100 0.067800 0.052600 0.065300 0.060600 0.070600 0.068100 0.070400 0.055000 0.070400 0.067600 0.055100 0.117100 0.096300 0.055100 0.070400 0.052600 0.070600 0.072700 0.070500 0.145800 0.068000 0.065800 0.057500 0.049700 0.054800 0.052200 0.055000 0.067700 0.120300 0.102500 0.076000 0.133100 0.093500 0.052500 0.060400 0.067800 0.047300 0.062800 0.000000 0.068000 0.065300
Bushbuck 0.049800 0.178300 0.009600 0.161900 0.052200 0.047200 0.054900 0.062200 0.019200 0.132700 0.046400 0.049500 0.049900 0.057400 0.047500 0.070400 0.081100 0.083300 0.047200 0.011900 0.059200 0.042100 0.116700 0.101600 0.047200 0.067400 0.049900 0.012100 0.069900 0.019500 0.145300 0.060000 0.084200 0.047100 0.044500 0.036000 0.049800 0.047200 0.064700 0.120000 0.102200 0.068000 0.132700 0.098700 0.034100 0.052500 0.065000 0.039600 0.062700 0.068000 0.000000 0.007100
GreaterKud 0.047200 0.175100 0.007100 0.158800 0.049600 0.044600 0.052300 0.059600 0.017100 0.132700 0.044700 0.046900 0.047300 0.054800 0.044900 0.067500 0.078400 0.080600 0.044600 0.009500 0.057500 0.039600 0.116700 0.101500 0.044600 0.065000 0.047300 0.009600 0.067300 0.017000 0.145200 0.057400 0.081400 0.044500 0.041300 0.034300 0.047200 0.044600 0.062300 0.119900 0.102100 0.065300 0.132600 0.098700 0.031900 0.049900 0.062400 0.036600 0.060000 0.065300 0.007100 0.000000
