1
52 1
Argali 0.000000 0.058800 0.030800 0.081600 0.008800 0.000000 0.031400 0.060000 0.044700 0.035900 0.008800 0.017600 0.004400 0.026800 0.031100 0.054400 0.026700 0.022300 0.008800 0.030900 0.045200 0.004400 0.031200 0.036000 0.008800 0.059800 0.008700 0.030800 0.049800 0.026500 0.031200 0.026600 0.035900 0.008800 0.017700 0.031000 0.004400 0.013200 0.045100 0.031500 0.040200 0.073800 0.036100 0.026700 0.035500 0.013300 0.054700 0.026700 0.031300 0.023900 0.031000 0.030800
LesserMous 0.058800 0.000000 0.068600 0.085500 0.059100 0.059200 0.073200 0.084200 0.073800 0.068300 0.059000 0.049200 0.054400 0.068900 0.073000 0.078500 0.058900 0.054400 0.054300 0.068600 0.089500 0.054200 0.063300 0.068600 0.059000 0.103900 0.058900 0.059000 0.093300 0.064200 0.063200 0.058300 0.069200 0.059100 0.058700 0.063100 0.054200 0.064000 0.078500 0.063900 0.072700 0.118200 0.068700 0.058700 0.067800 0.054600 0.098500 0.068900 0.073500 0.054700 0.068800 0.059000
LesserKudu 0.030800 0.068600 0.000000 0.098200 0.031000 0.030800 0.054200 0.070400 0.021900 0.040300 0.030900 0.021900 0.026500 0.049600 0.035500 0.077700 0.031000 0.026700 0.035400 0.017400 0.068400 0.026400 0.026500 0.040400 0.030900 0.083500 0.030800 0.017300 0.073200 0.004300 0.035500 0.049200 0.040300 0.031000 0.040100 0.035300 0.026400 0.035600 0.068400 0.035900 0.035500 0.088000 0.040600 0.031100 0.039800 0.035800 0.068600 0.040200 0.054200 0.030900 0.008700 0.017400
KillerWhal 0.081600 0.085500 0.098200 0.000000 0.081900 0.081400 0.087500 0.117900 0.113700 0.073900 0.081900 0.073700 0.077100 0.082600 0.088700 0.106300 0.084000 0.079100 0.086700 0.098100 0.106300 0.077000 0.068800 0.074000 0.081900 0.112300 0.072100 0.098000 0.106500 0.093500 0.067900 0.081800 0.089100 0.081900 0.081400 0.088100 0.077000 0.077300 0.106500 0.068600 0.078000 0.129600 0.070000 0.063400 0.092900 0.077500 0.112300 0.089600 0.096600 0.076600 0.094000 0.098000
DefassaWat 0.008800 0.059100 0.031000 0.081900 0.000000 0.008800 0.031700 0.060200 0.044900 0.036100 0.008800 0.017700 0.004400 0.026900 0.031300 0.054400 0.025400 0.021500 0.013200 0.031000 0.045600 0.004400 0.031300 0.036100 0.008800 0.060000 0.008800 0.030900 0.049800 0.026600 0.031300 0.026700 0.034400 0.008800 0.017700 0.031100 0.004400 0.004400 0.045300 0.031600 0.040400 0.074100 0.036300 0.026800 0.035600 0.013400 0.054700 0.026800 0.031500 0.026600 0.031100 0.031000
Sheep 0.000000 0.059200 0.030800 0.081400 0.008800 0.000000 0.031400 0.059800 0.044600 0.035800 0.008700 0.017500 0.004400 0.026700 0.031100 0.054300 0.026600 0.022200 0.008700 0.030800 0.045000 0.004400 0.031200 0.035900 0.008700 0.059600 0.008700 0.030700 0.049700 0.026400 0.031100 0.026500 0.035800 0.008800 0.017600 0.030900 0.004400 0.013200 0.045000 0.031500 0.040200 0.073600 0.036100 0.026700 0.035400 0.013300 0.054600 0.026600 0.031300 0.023400 0.030900 0.030800
MaxwellsDu 0.031400 0.073200 0.054200 0.087500 0.031700 0.031400 0.000000 0.065100 0.069000 0.045500 0.031600 0.031300 0.027000 0.013400 0.045400 0.059900 0.040600 0.036500 0.036200 0.054500 0.050300 0.026900 0.040700 0.045600 0.031600 0.065100 0.031500 0.054300 0.055300 0.050000 0.040600 0.015900 0.040900 0.022400 0.022300 0.045100 0.026900 0.036300 0.050200 0.041100 0.049900 0.079300 0.045800 0.036100 0.049700 0.017900 0.055400 0.031400 0.036100 0.039300 0.045300 0.054400
GazellaPrz 0.060000 0.084200 0.070400 0.117900 0.060200 0.059800 0.065100 0.000000 0.075900 0.069900 0.060100 0.059700 0.055400 0.060100 0.064700 0.041100 0.069800 0.065100 0.055400 0.080200 0.031800 0.055300 0.064900 0.080000 0.060100 0.036900 0.060000 0.070200 0.036500 0.065900 0.074500 0.050200 0.079600 0.050500 0.050300 0.074000 0.055300 0.065200 0.031900 0.075200 0.074400 0.051000 0.080100 0.069800 0.078800 0.045900 0.031800 0.059900 0.055200 0.067500 0.070700 0.070200
MountainNy 0.044700 0.073800 0.021900 0.113700 0.044900 0.044600 0.069000 0.075900 0.000000 0.054600 0.044900 0.035600 0.040300 0.064100 0.049500 0.092800 0.045100 0.040600 0.040200 0.030900 0.083300 0.040200 0.040400 0.049900 0.044900 0.098900 0.044700 0.021900 0.088100 0.017600 0.049700 0.054200 0.054600 0.044900 0.054200 0.049300 0.040200 0.049700 0.073600 0.050100 0.049500 0.103500 0.055000 0.045100 0.053900 0.050000 0.083600 0.054400 0.068800 0.044800 0.021900 0.021900
MuntiacusM 0.035900 0.068300 0.040300 0.073900 0.036100 0.035800 0.045500 0.069900 0.054600 0.000000 0.035900 0.017700 0.031400 0.040800 0.037300 0.064400 0.026800 0.022300 0.040700 0.040400 0.054800 0.031400 0.013200 0.017800 0.035900 0.065000 0.035900 0.040200 0.055000 0.035900 0.013200 0.040500 0.036100 0.036100 0.035900 0.031200 0.031400 0.040800 0.054800 0.013300 0.022100 0.069500 0.017700 0.008800 0.035700 0.031600 0.064800 0.036000 0.050100 0.026700 0.040500 0.040300
goat 0.008800 0.059000 0.030900 0.081900 0.008800 0.008700 0.031600 0.060100 0.044900 0.035900 0.000000 0.017600 0.004400 0.017800 0.031300 0.054600 0.026800 0.022300 0.013200 0.031000 0.045300 0.004400 0.031300 0.036100 0.000000 0.060000 0.008800 0.021900 0.050000 0.026600 0.031200 0.026700 0.036000 0.008800 0.017700 0.031100 0.004400 0.013300 0.045300 0.031600 0.040400 0.074100 0.036200 0.026800 0.035600 0.013400 0.055000 0.026800 0.031400 0.014500 0.031100 0.031000
AfricanBuf 0.017600 0.049200 0.021900 0.073700 0.017700 0.017500 0.031300 0.059700 0.035600 0.017700 0.017600 0.000000 0.013200 0.026700 0.022000 0.054100 0.008800 0.004400 0.022100 0.022000 0.045000 0.013200 0.013200 0.017700 0.017600 0.059500 0.017600 0.021900 0.049600 0.017600 0.013100 0.026500 0.017700 0.017700 0.017600 0.013000 0.013200 0.022200 0.044900 0.013300 0.022000 0.063900 0.017800 0.008800 0.017400 0.013300 0.054500 0.017600 0.031200 0.008700 0.022000 0.021900
Topi 0.004400 0.054400 0.026500 0.077100 0.004400 0.004400 0.027000 0.055400 0.040300 0.031400 0.004400 0.013200 0.000000 0.022300 0.026700 0.049900 0.022300 0.017800 0.008800 0.026500 0.040700 0.000000 0.026800 0.031500 0.004400 0.055200 0.004400 0.026400 0.045300 0.022100 0.026700 0.022200 0.031400 0.004400 0.013300 0.026600 0.000000 0.008800 0.040700 0.027000 0.035800 0.069300 0.031600 0.022300 0.031100 0.008900 0.050200 0.022300 0.026900 0.019300 0.026600 0.026500
CommonDuik 0.026800 0.068900 0.049600 0.082600 0.026900 0.026700 0.013400 0.060100 0.064100 0.040800 0.017800 0.026700 0.022300 0.000000 0.040600 0.054700 0.036100 0.031600 0.031500 0.049700 0.045200 0.022300 0.036000 0.040900 0.017800 0.060100 0.026800 0.040200 0.050200 0.045200 0.036000 0.008800 0.036100 0.017800 0.017700 0.040300 0.022300 0.031600 0.048600 0.036300 0.045100 0.074300 0.041000 0.031400 0.044900 0.013300 0.050300 0.026800 0.031400 0.023800 0.040500 0.049600
Suni 0.031100 0.073000 0.035500 0.088700 0.031300 0.031100 0.045400 0.064700 0.049500 0.037300 0.031300 0.022000 0.026700 0.040600 0.000000 0.068500 0.031200 0.026900 0.035800 0.044700 0.059300 0.026700 0.026700 0.040600 0.031300 0.074200 0.022100 0.044600 0.063900 0.031100 0.035700 0.040200 0.040500 0.031300 0.031200 0.035500 0.026700 0.026800 0.059200 0.036100 0.035700 0.078700 0.040800 0.031200 0.040000 0.026900 0.059400 0.031200 0.045100 0.031000 0.035700 0.044600
Springbuck 0.054400 0.078500 0.077700 0.106300 0.054400 0.054300 0.059900 0.041100 0.092800 0.064400 0.054600 0.054100 0.049900 0.054700 0.068500 0.000000 0.064200 0.060800 0.059200 0.077900 0.008800 0.049800 0.068600 0.073800 0.054600 0.022300 0.054400 0.077600 0.013200 0.073300 0.068800 0.054100 0.073800 0.045200 0.044900 0.068000 0.049800 0.059600 0.031300 0.069200 0.078100 0.035900 0.074600 0.064000 0.072700 0.040700 0.045200 0.054300 0.049900 0.063300 0.078100 0.077700
Okapi 0.026700 0.058900 0.031000 0.084000 0.025400 0.026600 0.040600 0.069800 0.045100 0.026800 0.026800 0.008800 0.022300 0.036100 0.031200 0.064200 0.000000 0.004400 0.031300 0.031100 0.054800 0.022200 0.022200 0.026900 0.026800 0.069600 0.026700 0.031000 0.059600 0.026700 0.022200 0.035800 0.017800 0.026800 0.026700 0.022100 0.022200 0.029800 0.054700 0.022400 0.031200 0.074100 0.027000 0.017700 0.026600 0.022400 0.064600 0.026800 0.040600 0.017700 0.031200 0.031100
Giraffe 0.022300 0.054400 0.026700 0.079100 0.021500 0.022200 0.036500 0.065100 0.040600 0.022300 0.022300 0.004400 0.017800 0.031600 0.026900 0.060800 0.004400 0.000000 0.026900 0.026700 0.050600 0.017800 0.017800 0.022400 0.022300 0.065300 0.022300 0.026600 0.056100 0.022300 0.017700 0.031400 0.013400 0.022400 0.022300 0.017700 0.017800 0.025600 0.050400 0.017900 0.026800 0.069700 0.022400 0.013300 0.022200 0.017900 0.061200 0.022300 0.036100 0.013300 0.026800 0.026600
TibetanAnt 0.008800 0.054300 0.035400 0.086700 0.013200 0.008700 0.036200 0.055400 0.040200 0.040700 0.013200 0.022100 0.008800 0.031500 0.035800 0.059200 0.031300 0.026900 0.000000 0.035500 0.050000 0.008700 0.035800 0.040700 0.013200 0.064700 0.013100 0.026400 0.054600 0.031100 0.035900 0.022200 0.040600 0.013300 0.022200 0.035600 0.008700 0.017700 0.040600 0.036200 0.045000 0.078900 0.040900 0.031300 0.040100 0.017900 0.059600 0.031300 0.036000 0.029400 0.035600 0.026400
Sitatunga 0.030900 0.068600 0.017400 0.098100 0.031000 0.030800 0.054500 0.080200 0.030900 0.040400 0.031000 0.022000 0.026500 0.049700 0.044700 0.077900 0.031100 0.026700 0.035500 0.000000 0.068400 0.026500 0.035600 0.040500 0.031000 0.083600 0.030900 0.017400 0.073300 0.013100 0.035600 0.049300 0.040400 0.031000 0.040200 0.035400 0.026500 0.035600 0.068400 0.036700 0.044700 0.088100 0.040600 0.031100 0.039900 0.035900 0.078400 0.040300 0.054300 0.031000 0.017500 0.017400
Oribi 0.045200 0.089500 0.068400 0.106300 0.045600 0.045000 0.050300 0.031800 0.083300 0.054800 0.045300 0.045000 0.040700 0.045200 0.059300 0.008800 0.054800 0.050600 0.050000 0.068400 0.000000 0.040600 0.059300 0.064400 0.045300 0.013300 0.045300 0.068200 0.004400 0.063900 0.059300 0.045000 0.064300 0.036000 0.035800 0.058900 0.040600 0.050300 0.025600 0.059700 0.068700 0.026800 0.064900 0.054600 0.063600 0.031500 0.036300 0.045100 0.040600 0.053600 0.068700 0.068300
BarbaryShe 0.004400 0.054200 0.026400 0.077000 0.004400 0.004400 0.026900 0.055300 0.040200 0.031400 0.004400 0.013200 0.000000 0.022300 0.026700 0.049800 0.022200 0.017800 0.008700 0.026500 0.040600 0.000000 0.026700 0.031400 0.004400 0.055100 0.004400 0.026400 0.045200 0.022000 0.026700 0.022200 0.031400 0.004400 0.013200 0.026500 0.000000 0.008800 0.040600 0.027000 0.035700 0.069100 0.031600 0.022200 0.031000 0.008900 0.050100 0.022200 0.026800 0.019900 0.026500 0.026400
Daviddeer 0.031200 0.063300 0.026500 0.068800 0.031300 0.031200 0.040700 0.064900 0.040400 0.013200 0.031300 0.013200 0.026800 0.036000 0.026700 0.068600 0.022200 0.017800 0.035800 0.035600 0.059300 0.026700 0.000000 0.013300 0.031300 0.069500 0.031200 0.035500 0.059300 0.022200 0.008700 0.035700 0.031400 0.031400 0.031200 0.026500 0.026700 0.036000 0.059300 0.008800 0.008700 0.074000 0.013300 0.004400 0.031000 0.026900 0.059600 0.031300 0.045200 0.022100 0.026600 0.035600
Reindeer 0.036000 0.068600 0.040400 0.074000 0.036100 0.035900 0.045600 0.080000 0.049900 0.017800 0.036100 0.017700 0.031500 0.040900 0.040600 0.073800 0.026900 0.022400 0.040700 0.040500 0.064400 0.031400 0.013300 0.000000 0.036100 0.074600 0.036000 0.040300 0.064400 0.036000 0.013200 0.040600 0.036200 0.036200 0.036000 0.031200 0.031400 0.040900 0.064400 0.013400 0.022200 0.079100 0.017900 0.008800 0.035700 0.031700 0.074400 0.036100 0.050100 0.026800 0.040600 0.040400
Ibex 0.008800 0.059000 0.030900 0.081900 0.008800 0.008700 0.031600 0.060100 0.044900 0.035900 0.000000 0.017600 0.004400 0.017800 0.031300 0.054600 0.026800 0.022300 0.013200 0.031000 0.045300 0.004400 0.031300 0.036100 0.000000 0.060000 0.008800 0.021900 0.050000 0.026600 0.031200 0.026700 0.036000 0.008800 0.017700 0.031100 0.004400 0.013300 0.045300 0.031600 0.040400 0.074100 0.036200 0.026800 0.035600 0.013400 0.055000 0.026800 0.031400 0.014500 0.031100 0.031000
GyrantGaze 0.059800 0.103900 0.083500 0.112300 0.060000 0.059600 0.065100 0.036900 0.098900 0.065000 0.060000 0.059500 0.055200 0.060100 0.074200 0.022300 0.069600 0.065300 0.064700 0.083600 0.013300 0.055100 0.069500 0.074600 0.060000 0.000000 0.059800 0.083400 0.008900 0.079100 0.069500 0.059400 0.079400 0.050400 0.050100 0.073600 0.055100 0.065000 0.036200 0.070000 0.079000 0.013400 0.075300 0.064700 0.078300 0.045800 0.050600 0.059700 0.055200 0.067500 0.083900 0.083500
Hartebeest 0.008700 0.058900 0.030800 0.072100 0.008800 0.008700 0.031500 0.060000 0.044700 0.035900 0.008800 0.017600 0.004400 0.026800 0.022100 0.054400 0.026700 0.022300 0.013100 0.030900 0.045300 0.004400 0.031200 0.036000 0.008800 0.059800 0.000000 0.030800 0.049900 0.026500 0.031200 0.026600 0.035900 0.008800 0.017700 0.031000 0.004400 0.004400 0.045200 0.031500 0.040300 0.073900 0.036200 0.026700 0.035500 0.013300 0.054800 0.026700 0.031300 0.024700 0.031000 0.030900
Bongo 0.030800 0.059000 0.017300 0.098000 0.030900 0.030700 0.054300 0.070200 0.021900 0.040200 0.021900 0.021900 0.026400 0.040200 0.044600 0.077600 0.031000 0.026600 0.026400 0.017400 0.068200 0.026400 0.035500 0.040300 0.021900 0.083400 0.030800 0.000000 0.073000 0.013000 0.035500 0.040000 0.040200 0.030900 0.040000 0.035300 0.026400 0.035500 0.058800 0.035900 0.044500 0.087900 0.040500 0.031000 0.039800 0.035800 0.078100 0.040100 0.054100 0.021900 0.017400 0.008600
Gerenuk 0.049800 0.093300 0.073200 0.106500 0.049800 0.049700 0.055300 0.036500 0.088100 0.055000 0.050000 0.049600 0.045300 0.050200 0.063900 0.013200 0.059600 0.056100 0.054600 0.073300 0.004400 0.045200 0.059300 0.064400 0.050000 0.008900 0.049900 0.073000 0.000000 0.068700 0.059400 0.049600 0.069100 0.040700 0.040400 0.063500 0.045200 0.055000 0.026800 0.059800 0.068700 0.022300 0.065000 0.054700 0.068100 0.036100 0.040700 0.049800 0.045300 0.058800 0.073500 0.073100
CommonElan 0.026500 0.064200 0.004300 0.093500 0.026600 0.026400 0.050000 0.065900 0.017600 0.035900 0.026600 0.017600 0.022100 0.045200 0.031100 0.073300 0.026700 0.022300 0.031100 0.013100 0.063900 0.022000 0.022200 0.036000 0.026600 0.079100 0.026500 0.013000 0.068700 0.000000 0.031200 0.044800 0.035900 0.026600 0.035700 0.031000 0.022000 0.031200 0.063900 0.031500 0.031100 0.083600 0.036100 0.026700 0.035500 0.031400 0.064200 0.035800 0.049800 0.026500 0.004300 0.013100
MuntiacusR 0.031200 0.063200 0.035500 0.067900 0.031300 0.031100 0.040600 0.074500 0.049700 0.013200 0.031200 0.013100 0.026700 0.036000 0.035700 0.068800 0.022200 0.017700 0.035900 0.035600 0.059300 0.026700 0.008700 0.013200 0.031200 0.069500 0.031200 0.035500 0.059400 0.031200 0.000000 0.035700 0.031300 0.031300 0.031200 0.022000 0.026700 0.036000 0.059300 0.008800 0.008700 0.074000 0.013300 0.004400 0.026400 0.026900 0.069300 0.031300 0.045200 0.022100 0.035700 0.035600
HarveysDui 0.026600 0.058300 0.049200 0.081800 0.026700 0.026500 0.015900 0.050200 0.054200 0.040500 0.026700 0.026500 0.022200 0.008800 0.040200 0.054100 0.035800 0.031400 0.022200 0.049300 0.045000 0.022200 0.035700 0.040600 0.026700 0.059400 0.026600 0.040000 0.049600 0.044800 0.035700 0.000000 0.035900 0.017700 0.017600 0.040000 0.022200 0.031300 0.035800 0.036100 0.044800 0.073500 0.040700 0.031200 0.048300 0.013300 0.049800 0.026600 0.031200 0.033300 0.040200 0.040000
Pronghorn 0.035900 0.069200 0.040300 0.089100 0.034400 0.035800 0.040900 0.079600 0.054600 0.036100 0.036000 0.017700 0.031400 0.036100 0.040500 0.073800 0.017800 0.013400 0.040600 0.040400 0.064300 0.031400 0.031400 0.036200 0.036000 0.079400 0.035900 0.040200 0.069100 0.035900 0.031300 0.035900 0.000000 0.036100 0.035900 0.031100 0.031400 0.038900 0.064100 0.031700 0.040500 0.084000 0.036300 0.026900 0.035700 0.031600 0.069400 0.036000 0.050000 0.026700 0.031300 0.040300
BlueWildeb 0.008800 0.059100 0.031000 0.081900 0.008800 0.008800 0.022400 0.050500 0.044900 0.036100 0.008800 0.017700 0.004400 0.017800 0.031300 0.045200 0.026800 0.022400 0.013300 0.031000 0.036000 0.004400 0.031400 0.036200 0.008800 0.050400 0.008800 0.030900 0.040700 0.026600 0.031300 0.017700 0.036100 0.000000 0.008800 0.031100 0.004400 0.013300 0.036000 0.031600 0.040400 0.064400 0.036300 0.026800 0.035700 0.004400 0.045500 0.017700 0.022300 0.024100 0.031100 0.031000
Gemsbok 0.017700 0.058700 0.040100 0.081400 0.017700 0.017600 0.022300 0.050300 0.054200 0.035900 0.017700 0.017600 0.013300 0.017700 0.031200 0.044900 0.026700 0.022300 0.022200 0.040200 0.035800 0.013200 0.031200 0.036000 0.017700 0.050100 0.017700 0.040000 0.040400 0.035700 0.031200 0.017600 0.035900 0.008800 0.000000 0.031000 0.013200 0.022300 0.035800 0.031500 0.040200 0.064000 0.036200 0.026700 0.035500 0.004400 0.045200 0.017700 0.022200 0.023600 0.040300 0.040100
Yak 0.031000 0.063100 0.035300 0.088100 0.031100 0.030900 0.045100 0.074000 0.049300 0.031200 0.031100 0.013000 0.026600 0.040300 0.035500 0.068000 0.022100 0.017700 0.035600 0.035400 0.058900 0.026500 0.026500 0.031200 0.031100 0.073600 0.031000 0.035300 0.063500 0.031000 0.022000 0.040000 0.031100 0.031100 0.031000 0.000000 0.026500 0.035800 0.058800 0.026800 0.030900 0.078000 0.031400 0.022100 0.004300 0.026700 0.068500 0.031100 0.044900 0.021900 0.035500 0.035300
BlueSheep 0.004400 0.054200 0.026400 0.077000 0.004400 0.004400 0.026900 0.055300 0.040200 0.031400 0.004400 0.013200 0.000000 0.022300 0.026700 0.049800 0.022200 0.017800 0.008700 0.026500 0.040600 0.000000 0.026700 0.031400 0.004400 0.055100 0.004400 0.026400 0.045200 0.022000 0.026700 0.022200 0.031400 0.004400 0.013200 0.026500 0.000000 0.008800 0.040600 0.027000 0.035700 0.069100 0.031600 0.022200 0.031000 0.008900 0.050100 0.022200 0.026800 0.019900 0.026500 0.026400
BohorReedb 0.013200 0.064000 0.035600 0.077300 0.004400 0.013200 0.036300 0.065200 0.049700 0.040800 0.013300 0.022200 0.008800 0.031600 0.026800 0.059600 0.029800 0.025600 0.017700 0.035600 0.050300 0.008800 0.036000 0.040900 0.013300 0.065000 0.004400 0.035500 0.055000 0.031200 0.036000 0.031300 0.038900 0.013300 0.022300 0.035800 0.008800 0.000000 0.050100 0.036300 0.045100 0.079200 0.041100 0.031400 0.040300 0.017900 0.060100 0.031400 0.036100 0.029600 0.035700 0.035600
KirksDik 0.045100 0.078500 0.068400 0.106500 0.045300 0.045000 0.050200 0.031900 0.073600 0.054800 0.045300 0.044900 0.040700 0.048600 0.059200 0.031300 0.054700 0.050400 0.040600 0.068400 0.025600 0.040600 0.059300 0.064400 0.045300 0.036200 0.045200 0.058800 0.026800 0.063900 0.059300 0.035800 0.064100 0.036000 0.035800 0.058800 0.040600 0.050100 0.000000 0.059800 0.068700 0.050000 0.064800 0.054600 0.063500 0.031500 0.036200 0.045100 0.040600 0.052700 0.068700 0.058900
RoeDeer 0.031500 0.063900 0.035900 0.068600 0.031600 0.031500 0.041100 0.075200 0.050100 0.013300 0.031600 0.013300 0.027000 0.036300 0.036100 0.069200 0.022400 0.017900 0.036200 0.036700 0.059700 0.027000 0.008800 0.013400 0.031600 0.070000 0.031500 0.035900 0.059800 0.031500 0.008800 0.036100 0.031700 0.031600 0.031500 0.026800 0.027000 0.036300 0.059800 0.000000 0.017700 0.074600 0.013400 0.004400 0.031300 0.027100 0.069700 0.031600 0.045500 0.022300 0.036100 0.035900
WhiteLippe 0.040200 0.072700 0.035500 0.078000 0.040400 0.040200 0.049900 0.074400 0.049500 0.022100 0.040400 0.022000 0.035800 0.045100 0.035700 0.078100 0.031200 0.026800 0.045000 0.044700 0.068700 0.035700 0.008700 0.022200 0.040400 0.079000 0.040300 0.044500 0.068700 0.031100 0.008700 0.044800 0.040500 0.040400 0.040200 0.030900 0.035700 0.045100 0.068700 0.017700 0.000000 0.083500 0.022300 0.013200 0.035400 0.036000 0.068900 0.040400 0.054400 0.031000 0.035600 0.044600
ThomsonGaz 0.073800 0.118200 0.088000 0.129600 0.074100 0.073600 0.079300 0.051000 0.103500 0.069500 0.074100 0.063900 0.069300 0.074300 0.078700 0.035900 0.074100 0.069700 0.078900 0.088100 0.026800 0.069100 0.074000 0.079100 0.074100 0.013400 0.073900 0.087900 0.022300 0.083600 0.074000 0.073500 0.084000 0.064400 0.064000 0.078000 0.069100 0.079200 0.050000 0.074600 0.083500 0.000000 0.079800 0.069200 0.082800 0.059800 0.064700 0.064200 0.069300 0.073600 0.088500 0.088000
MuntiacusC 0.036100 0.068700 0.040600 0.070000 0.036300 0.036100 0.045800 0.080100 0.055000 0.017700 0.036200 0.017800 0.031600 0.041000 0.040800 0.074600 0.027000 0.022400 0.040900 0.040600 0.064900 0.031600 0.013300 0.017900 0.036200 0.075300 0.036200 0.040500 0.065000 0.036100 0.013300 0.040700 0.036300 0.036300 0.036200 0.031400 0.031600 0.041100 0.064800 0.013400 0.022300 0.079800 0.000000 0.008900 0.036000 0.031800 0.075000 0.036200 0.050400 0.026900 0.040800 0.040500
WhiteTaile 0.026700 0.058700 0.031100 0.063400 0.026800 0.026700 0.036100 0.069800 0.045100 0.008800 0.026800 0.008800 0.022300 0.031400 0.031200 0.064000 0.017700 0.013300 0.031300 0.031100 0.054600 0.022200 0.004400 0.008800 0.026800 0.064700 0.026700 0.031000 0.054700 0.026700 0.004400 0.031200 0.026900 0.026800 0.026700 0.022100 0.022200 0.031400 0.054600 0.004400 0.013200 0.069200 0.008900 0.000000 0.026500 0.022400 0.064400 0.026800 0.040600 0.017600 0.031200 0.031100
Cattle 0.035500 0.067800 0.039800 0.092900 0.035600 0.035400 0.049700 0.078800 0.053900 0.035700 0.035600 0.017400 0.031100 0.044900 0.040000 0.072700 0.026600 0.022200 0.040100 0.039900 0.063600 0.031000 0.031000 0.035700 0.035600 0.078300 0.035500 0.039800 0.068100 0.035500 0.026400 0.048300 0.035700 0.035700 0.035500 0.004300 0.031000 0.040300 0.063500 0.031300 0.035400 0.082800 0.036000 0.026500 0.000000 0.031200 0.073200 0.035600 0.049500 0.026400 0.040000 0.039800
RoyalAntel 0.013300 0.054600 0.035800 0.077500 0.013400 0.013300 0.017900 0.045900 0.050000 0.031600 0.013400 0.013300 0.008900 0.013300 0.026900 0.040700 0.022400 0.017900 0.017900 0.035900 0.031500 0.008900 0.026900 0.031700 0.013400 0.045800 0.013300 0.035800 0.036100 0.031400 0.026900 0.013300 0.031600 0.004400 0.004400 0.026700 0.008900 0.017900 0.031500 0.027100 0.036000 0.059800 0.031800 0.022400 0.031200 0.000000 0.040900 0.013300 0.018200 0.019000 0.036000 0.036300
Steenbok 0.054700 0.098500 0.068600 0.112300 0.054700 0.054600 0.055400 0.031800 0.083600 0.064800 0.055000 0.054500 0.050200 0.050300 0.059400 0.045200 0.064600 0.061200 0.059600 0.078400 0.036300 0.050100 0.059600 0.074400 0.055000 0.050600 0.054800 0.078100 0.040700 0.064200 0.069300 0.049800 0.069400 0.045500 0.045200 0.068500 0.050100 0.060100 0.036200 0.069700 0.068900 0.064700 0.075000 0.064400 0.073200 0.040900 0.000000 0.054700 0.050100 0.063700 0.064200 0.078200
Impala 0.026700 0.068900 0.040200 0.089600 0.026800 0.026600 0.031400 0.059900 0.054400 0.036000 0.026800 0.017600 0.022300 0.026800 0.031200 0.054300 0.026800 0.022300 0.031300 0.040300 0.045100 0.022200 0.031300 0.036100 0.026800 0.059700 0.026700 0.040100 0.049800 0.035800 0.031300 0.026600 0.036000 0.017700 0.017700 0.031100 0.022200 0.031400 0.045100 0.031600 0.040400 0.064200 0.036200 0.026800 0.035600 0.013300 0.054700 0.000000 0.031300 0.026600 0.040400 0.040200
Klipspring 0.031300 0.073500 0.054200 0.096600 0.031500 0.031300 0.036100 0.055200 0.068800 0.050100 0.031400 0.031200 0.026900 0.031400 0.045100 0.049900 0.040600 0.036100 0.036000 0.054300 0.040600 0.026800 0.045200 0.050100 0.031400 0.055200 0.031300 0.054100 0.045300 0.049800 0.045200 0.031200 0.050000 0.022300 0.022200 0.044900 0.026800 0.036100 0.040600 0.045500 0.054400 0.069300 0.050400 0.040600 0.049500 0.018200 0.050100 0.031300 0.000000 0.037900 0.054500 0.054200
ForestMusk 0.023900 0.054700 0.030900 0.076600 0.026600 0.023400 0.039300 0.067500 0.044800 0.026700 0.014500 0.008700 0.019300 0.023800 0.031000 0.063300 0.017700 0.013300 0.029400 0.031000 0.053600 0.019900 0.022100 0.026800 0.014500 0.067500 0.024700 0.021900 0.058800 0.026500 0.022100 0.033300 0.026700 0.024100 0.023600 0.021900 0.019900 0.029600 0.052700 0.022300 0.031000 0.073600 0.026900 0.017600 0.026400 0.019000 0.063700 0.026600 0.037900 0.000000 0.031100 0.030900
Bushbuck 0.031000 0.068800 0.008700 0.094000 0.031100 0.030900 0.045300 0.070700 0.021900 0.040500 0.031100 0.022000 0.026600 0.040500 0.035700 0.078100 0.031200 0.026800 0.035600 0.017500 0.068700 0.026500 0.026600 0.040600 0.031100 0.083900 0.031000 0.017400 0.073500 0.004300 0.035700 0.040200 0.031300 0.031100 0.040300 0.035500 0.026500 0.035700 0.068700 0.036100 0.035600 0.088500 0.040800 0.031200 0.040000 0.036000 0.064200 0.040400 0.054500 0.031100 0.000000 0.017500
GreaterKud 0.030800 0.059000 0.017400 0.098000 0.031000 0.030800 0.054400 0.070200 0.021900 0.040300 0.031000 0.021900 0.026500 0.049600 0.044600 0.077700 0.031100 0.026600 0.026400 0.017400 0.068300 0.026400 0.035600 0.040400 0.031000 0.083500 0.030900 0.008600 0.073100 0.013100 0.035600 0.040000 0.040300 0.031000 0.040100 0.035300 0.026400 0.035600 0.058900 0.035900 0.044600 0.088000 0.040500 0.031100 0.039800 0.036300 0.078200 0.040200 0.054200 0.030900 0.017500 0.000000
