1
52 1
Argali 0.000000 0.356500 0.090600 0.241800 0.056200 0.010000 0.067500 0.082000 0.098600 0.101800 0.045400 0.106000 0.063500 0.060000 0.117200 0.082000 0.125400 0.110000 0.060200 0.090900 0.059700 0.031200 0.132300 0.133400 0.041800 0.049100 0.049100 0.102600 0.071100 0.090800 0.114300 0.056300 0.111300 0.063100 0.075500 0.090300 0.034700 0.056200 0.063300 0.132900 0.128500 0.070900 0.109300 0.132600 0.090500 0.098300 0.082300 0.085900 0.082400 0.109200 0.110600 0.098700
LesserMous 0.356500 0.000000 0.312400 0.346700 0.328200 0.340700 0.346200 0.328100 0.311600 0.346300 0.351700 0.334600 0.347600 0.322400 0.326200 0.343700 0.343800 0.329700 0.356600 0.297300 0.322300 0.351600 0.332500 0.364300 0.355900 0.318000 0.339200 0.303900 0.333700 0.297300 0.359100 0.313300 0.332700 0.349400 0.336400 0.304100 0.345300 0.333900 0.327600 0.344300 0.333300 0.331600 0.354500 0.375500 0.309100 0.330900 0.356400 0.327000 0.324200 0.318400 0.332900 0.318500
LesserKudu 0.090600 0.312400 0.000000 0.204300 0.086400 0.086800 0.098100 0.105400 0.034800 0.101800 0.098100 0.071300 0.094000 0.090200 0.105300 0.113300 0.098100 0.086900 0.098300 0.027800 0.089900 0.083000 0.124600 0.117200 0.094100 0.086400 0.079000 0.035000 0.102000 0.023500 0.106100 0.078800 0.103300 0.101700 0.098700 0.060100 0.086500 0.086400 0.086100 0.094000 0.120800 0.101500 0.101500 0.124500 0.063600 0.113900 0.105700 0.090100 0.097900 0.078800 0.045600 0.020700
KillerWhal 0.241800 0.346700 0.204300 0.000000 0.221900 0.246100 0.231900 0.230900 0.213600 0.236100 0.259800 0.183200 0.218000 0.230800 0.230900 0.240100 0.241000 0.223600 0.255400 0.200400 0.221900 0.241500 0.234800 0.254800 0.254500 0.226800 0.214100 0.209600 0.227200 0.200300 0.237300 0.231700 0.211900 0.231200 0.215600 0.195900 0.245300 0.231100 0.217100 0.231300 0.244300 0.226100 0.235600 0.239300 0.187000 0.228900 0.241200 0.249400 0.241600 0.191200 0.218500 0.196300
DefassaWat 0.056200 0.328200 0.086400 0.221900 0.000000 0.045400 0.038300 0.052400 0.094300 0.086100 0.052000 0.075000 0.048700 0.038200 0.092900 0.052300 0.086300 0.071500 0.052600 0.090500 0.038000 0.045400 0.085600 0.101500 0.048800 0.034600 0.032800 0.102200 0.048900 0.090400 0.090600 0.034600 0.122500 0.041600 0.053000 0.078600 0.041700 0.019800 0.041500 0.093500 0.081900 0.048800 0.094000 0.093200 0.075000 0.067700 0.059800 0.056100 0.052600 0.089600 0.106200 0.086800
Sheep 0.010000 0.340700 0.086800 0.246100 0.045400 0.000000 0.056500 0.070800 0.094700 0.090300 0.034700 0.102000 0.059400 0.049100 0.104800 0.070800 0.113500 0.098300 0.049200 0.087000 0.048900 0.027700 0.120400 0.129300 0.031100 0.038300 0.045500 0.098700 0.059800 0.087000 0.102500 0.045400 0.115100 0.059800 0.064300 0.079000 0.023100 0.045400 0.052400 0.121000 0.117200 0.059900 0.097700 0.128500 0.086600 0.086800 0.071100 0.074700 0.071200 0.097600 0.106600 0.094800
MaxwellsDu 0.067500 0.346200 0.098100 0.231900 0.038300 0.056500 0.000000 0.056200 0.114000 0.105800 0.056400 0.102100 0.059900 0.041900 0.104900 0.071000 0.098100 0.086900 0.063800 0.102300 0.041700 0.056500 0.105000 0.113300 0.049000 0.045500 0.045500 0.097600 0.067400 0.102200 0.110200 0.031200 0.131200 0.059900 0.049500 0.082800 0.045500 0.038300 0.052500 0.105500 0.101300 0.052500 0.113200 0.112700 0.078900 0.086600 0.067300 0.074700 0.071200 0.094000 0.118100 0.106200
GazellaPrz 0.082000 0.328100 0.105400 0.230900 0.052400 0.070800 0.056200 0.000000 0.113600 0.112900 0.078100 0.105400 0.074200 0.045200 0.104400 0.074200 0.113000 0.094000 0.074500 0.109600 0.041600 0.070800 0.112100 0.128700 0.074300 0.048700 0.059700 0.121600 0.070700 0.109600 0.113700 0.052400 0.138400 0.074200 0.064000 0.093600 0.066900 0.052300 0.052100 0.128300 0.116200 0.055900 0.128200 0.120100 0.089900 0.086300 0.067100 0.081800 0.063500 0.108600 0.110000 0.098200
MountainNy 0.098600 0.311600 0.034800 0.213600 0.094300 0.094700 0.114000 0.113600 0.000000 0.117900 0.110100 0.079000 0.109700 0.098200 0.121300 0.129500 0.114000 0.094900 0.122100 0.020700 0.105600 0.094700 0.141200 0.133700 0.106000 0.102100 0.094500 0.027800 0.118000 0.017200 0.122400 0.094300 0.111400 0.117600 0.114700 0.067600 0.098300 0.094300 0.101600 0.117700 0.137300 0.117400 0.117500 0.141000 0.078700 0.130200 0.121800 0.090400 0.113800 0.094100 0.024200 0.035000
MuntiacusM 0.101800 0.346300 0.101800 0.236100 0.086100 0.090300 0.105800 0.112900 0.117900 0.000000 0.097900 0.090200 0.108900 0.097700 0.148600 0.121200 0.117300 0.102100 0.113500 0.106100 0.097200 0.090300 0.067100 0.071200 0.093800 0.086100 0.093900 0.118100 0.109300 0.106000 0.020800 0.093700 0.131000 0.116800 0.114200 0.086300 0.086300 0.086100 0.104800 0.056300 0.063500 0.109000 0.013400 0.070800 0.090200 0.130200 0.121300 0.101400 0.097900 0.120700 0.114300 0.102300
goat 0.045400 0.351700 0.098100 0.259800 0.052000 0.034700 0.056400 0.078100 0.110100 0.097900 0.000000 0.109700 0.059700 0.063500 0.112300 0.078100 0.113400 0.105900 0.056400 0.098400 0.056000 0.020700 0.120200 0.129000 0.010300 0.052600 0.045400 0.110300 0.074700 0.098400 0.102500 0.052600 0.131000 0.059700 0.056800 0.078900 0.010300 0.049100 0.059600 0.120800 0.116500 0.067100 0.105300 0.128300 0.086500 0.094300 0.078500 0.082000 0.071100 0.105200 0.114400 0.106300
AfricanBuf 0.106000 0.334600 0.071300 0.183200 0.075000 0.102000 0.102100 0.105400 0.079000 0.090200 0.109700 0.000000 0.090100 0.094100 0.128700 0.101400 0.090300 0.079200 0.102000 0.071500 0.093700 0.094400 0.112700 0.113600 0.105500 0.082500 0.075200 0.079100 0.097900 0.067700 0.098600 0.090200 0.118900 0.090100 0.095000 0.045500 0.097900 0.082500 0.097400 0.097700 0.108900 0.090200 0.097600 0.105100 0.041900 0.118100 0.109800 0.090100 0.094000 0.085400 0.090600 0.064100
Topi 0.063500 0.347600 0.094000 0.218000 0.048700 0.059400 0.059900 0.074200 0.109700 0.108900 0.059700 0.090100 0.000000 0.059600 0.100500 0.066800 0.109200 0.094000 0.067100 0.098100 0.052200 0.059800 0.108200 0.116900 0.063200 0.048800 0.013700 0.109900 0.063400 0.098000 0.117500 0.048800 0.114500 0.034500 0.053000 0.086100 0.056000 0.048700 0.055800 0.116000 0.112200 0.056000 0.116400 0.116300 0.075000 0.082600 0.067100 0.070700 0.067100 0.097000 0.121900 0.102100
CommonDuik 0.060000 0.322400 0.090200 0.230800 0.038200 0.049100 0.041900 0.045200 0.098200 0.097700 0.063500 0.094100 0.059600 0.000000 0.104500 0.067000 0.105500 0.090400 0.056300 0.094400 0.038000 0.056300 0.108500 0.121100 0.059700 0.034600 0.045300 0.106100 0.056300 0.094300 0.102200 0.024100 0.118700 0.059700 0.053100 0.086300 0.052500 0.038100 0.041500 0.112800 0.108600 0.056100 0.105100 0.116500 0.082600 0.082800 0.056300 0.067100 0.060000 0.089800 0.110200 0.090600
Suni 0.117200 0.326200 0.105300 0.230900 0.092900 0.104800 0.104900 0.104400 0.121300 0.148600 0.112300 0.128700 0.100500 0.104500 0.000000 0.119800 0.124600 0.121100 0.112500 0.117400 0.074100 0.104700 0.147700 0.148700 0.108200 0.093000 0.085600 0.129500 0.108600 0.117300 0.157900 0.085400 0.146500 0.108100 0.098000 0.116700 0.100600 0.085300 0.085200 0.148400 0.143800 0.108300 0.148100 0.156100 0.112900 0.105700 0.112500 0.077900 0.112600 0.112400 0.133800 0.113600
Springbuck 0.082000 0.343700 0.113300 0.240100 0.052300 0.070800 0.071000 0.074200 0.129500 0.121200 0.078100 0.101400 0.066800 0.067000 0.119800 0.000000 0.128800 0.113400 0.063400 0.117600 0.048700 0.070800 0.112000 0.136700 0.073600 0.037500 0.059700 0.129800 0.031000 0.117600 0.117600 0.052400 0.142500 0.066900 0.071400 0.089900 0.067000 0.059600 0.055800 0.124400 0.123900 0.052400 0.128200 0.120000 0.086200 0.094000 0.078200 0.081800 0.056100 0.108700 0.142000 0.121600
Okapi 0.125400 0.343800 0.098100 0.241000 0.086300 0.113500 0.098100 0.113000 0.114000 0.117300 0.113400 0.090300 0.109200 0.105500 0.124600 0.128800 0.000000 0.045600 0.105800 0.102200 0.105000 0.113600 0.108800 0.109600 0.109200 0.101500 0.094000 0.114000 0.125200 0.102100 0.126100 0.101500 0.130900 0.116900 0.106600 0.078700 0.101500 0.078700 0.108800 0.093900 0.105000 0.109200 0.117100 0.108900 0.075100 0.130500 0.113600 0.101400 0.113700 0.082300 0.118200 0.090800
Giraffe 0.110000 0.329700 0.086900 0.223600 0.071500 0.098300 0.086900 0.094000 0.094900 0.102100 0.105900 0.079200 0.094000 0.090400 0.121100 0.113400 0.045600 0.000000 0.098000 0.083300 0.090000 0.097700 0.101400 0.110000 0.101900 0.086500 0.079100 0.094900 0.109800 0.083200 0.110600 0.086500 0.122900 0.101700 0.099200 0.075300 0.094200 0.064000 0.093800 0.094200 0.097700 0.098000 0.101900 0.109300 0.071600 0.114900 0.098400 0.090200 0.106200 0.078800 0.102800 0.079600
TibetanAnt 0.060200 0.356600 0.098300 0.255400 0.052600 0.049200 0.063800 0.074500 0.122100 0.113500 0.056400 0.102000 0.067100 0.056300 0.112500 0.063400 0.105800 0.098000 0.000000 0.110300 0.056100 0.049200 0.128400 0.137300 0.052700 0.045400 0.052700 0.122400 0.060000 0.110200 0.118300 0.045400 0.127300 0.067100 0.071700 0.090300 0.045500 0.045400 0.059700 0.109300 0.124500 0.059900 0.121000 0.136500 0.086600 0.090400 0.071100 0.082100 0.063800 0.101600 0.126500 0.114300
Sitatunga 0.090900 0.297300 0.027800 0.200400 0.090500 0.087000 0.102300 0.109600 0.020700 0.106100 0.098400 0.071500 0.098100 0.094400 0.117400 0.117600 0.102200 0.083300 0.110300 0.000000 0.094000 0.083300 0.129000 0.129600 0.094400 0.090500 0.083100 0.013800 0.106200 0.003300 0.110400 0.090600 0.099600 0.105900 0.102900 0.053000 0.086800 0.090500 0.090100 0.105900 0.125100 0.105600 0.113600 0.128900 0.063900 0.122300 0.110000 0.101900 0.113800 0.075200 0.031300 0.027800
Oribi 0.059700 0.322300 0.089900 0.221900 0.038000 0.048900 0.041700 0.041600 0.105600 0.097200 0.056000 0.093700 0.052200 0.038000 0.074100 0.048700 0.105000 0.090000 0.056100 0.094000 0.000000 0.048900 0.096500 0.112700 0.052300 0.024000 0.038100 0.105800 0.045200 0.094000 0.094000 0.023400 0.126100 0.052300 0.042000 0.074700 0.045100 0.030900 0.027500 0.104600 0.100400 0.038000 0.104600 0.104300 0.071000 0.071200 0.052400 0.059500 0.041700 0.085600 0.109800 0.090400
BarbaryShe 0.031200 0.351600 0.083000 0.241500 0.045400 0.027700 0.056500 0.070800 0.094700 0.090300 0.020700 0.094400 0.059800 0.056300 0.104700 0.070800 0.113600 0.097700 0.049200 0.083300 0.048900 0.000000 0.120400 0.129200 0.016700 0.045400 0.045500 0.094900 0.067400 0.083200 0.094800 0.045400 0.115200 0.059800 0.064300 0.079000 0.010300 0.045400 0.052400 0.121000 0.116600 0.059900 0.097700 0.128500 0.086600 0.086800 0.071100 0.074400 0.063800 0.097600 0.098900 0.091000
Daviddeer 0.132300 0.332500 0.124600 0.234800 0.085600 0.120400 0.105000 0.112100 0.141200 0.067100 0.120200 0.112700 0.108200 0.108500 0.147700 0.112000 0.108800 0.101400 0.128400 0.129000 0.096500 0.120400 0.000000 0.067100 0.116100 0.092900 0.100900 0.141300 0.108500 0.128900 0.067500 0.100700 0.146300 0.123800 0.105700 0.093200 0.108400 0.093100 0.104100 0.059600 0.010200 0.108300 0.074200 0.052200 0.089500 0.113500 0.112700 0.100800 0.097100 0.112100 0.145500 0.125200
Reindeer 0.133400 0.364300 0.117200 0.254800 0.101500 0.129300 0.113300 0.128700 0.133700 0.071200 0.129000 0.113600 0.116900 0.121100 0.148700 0.136700 0.109600 0.110000 0.137300 0.129600 0.112700 0.129200 0.067100 0.000000 0.124800 0.109100 0.101700 0.142000 0.133100 0.129500 0.064000 0.101300 0.164100 0.124800 0.129900 0.101700 0.117000 0.101500 0.116600 0.063700 0.063500 0.124500 0.071000 0.020500 0.090100 0.146100 0.137000 0.101500 0.121400 0.128700 0.154400 0.125700
Ibex 0.041800 0.355900 0.094100 0.254500 0.048800 0.031100 0.049000 0.074300 0.106000 0.093800 0.010300 0.105500 0.063200 0.059700 0.108200 0.073600 0.109200 0.101900 0.052700 0.094400 0.052300 0.016700 0.116100 0.124800 0.000000 0.048200 0.048900 0.102300 0.070800 0.094300 0.098400 0.048900 0.126700 0.063300 0.060400 0.075000 0.006700 0.048800 0.055900 0.116600 0.112300 0.063300 0.101200 0.124100 0.082500 0.090300 0.074600 0.078100 0.067300 0.101100 0.110200 0.102200
GyrantGaze 0.049100 0.318000 0.086400 0.226800 0.034600 0.038300 0.045500 0.048700 0.102100 0.086100 0.052600 0.082500 0.048800 0.034600 0.093000 0.037500 0.101500 0.086500 0.045400 0.090500 0.024000 0.045400 0.092900 0.109100 0.048200 0.000000 0.034600 0.102200 0.027600 0.090500 0.090500 0.027600 0.114700 0.048800 0.045700 0.063700 0.040800 0.034600 0.030900 0.101100 0.096900 0.020600 0.093500 0.100800 0.060100 0.067700 0.049000 0.056100 0.045400 0.082100 0.114100 0.094400
Hartebeest 0.049100 0.339200 0.079000 0.214100 0.032800 0.045500 0.045500 0.059700 0.094500 0.093900 0.045400 0.075200 0.013700 0.045300 0.085600 0.059700 0.094000 0.079100 0.052700 0.083100 0.038100 0.045500 0.100900 0.101700 0.048900 0.034600 0.000000 0.094700 0.056300 0.083000 0.102200 0.034300 0.106900 0.020600 0.038600 0.071400 0.041800 0.034600 0.040300 0.101300 0.097100 0.041800 0.101300 0.101100 0.060400 0.067900 0.052700 0.056200 0.060000 0.082300 0.106400 0.087000
Bongo 0.102600 0.303900 0.035000 0.209600 0.102200 0.098700 0.097600 0.121600 0.027800 0.118100 0.110300 0.079100 0.109900 0.106100 0.129500 0.129800 0.114000 0.094900 0.122400 0.013800 0.105800 0.094900 0.141300 0.142000 0.102300 0.102200 0.094700 0.000000 0.118200 0.010300 0.122600 0.102300 0.111500 0.117800 0.114800 0.060400 0.098400 0.102200 0.101800 0.117800 0.137400 0.117500 0.125600 0.141200 0.071400 0.130500 0.122100 0.113800 0.121800 0.086700 0.038500 0.035100
Gerenuk 0.071100 0.333700 0.102000 0.227200 0.048900 0.059800 0.067400 0.070700 0.118000 0.109300 0.074700 0.097900 0.063400 0.056300 0.108600 0.031000 0.125200 0.109800 0.060000 0.106200 0.045200 0.067400 0.108500 0.133100 0.070800 0.027600 0.056300 0.118200 0.000000 0.106100 0.114000 0.048900 0.123000 0.063400 0.067900 0.086300 0.063500 0.056100 0.052300 0.113000 0.120300 0.048900 0.116900 0.116400 0.082600 0.090400 0.074700 0.078300 0.052700 0.097500 0.130400 0.110300
CommonElan 0.090800 0.297300 0.023500 0.200300 0.090400 0.087000 0.102200 0.109600 0.017200 0.106000 0.098400 0.067700 0.098000 0.094300 0.117300 0.117600 0.102100 0.083200 0.110200 0.003300 0.094000 0.083200 0.128900 0.129500 0.094300 0.090500 0.083000 0.010300 0.106100 0.000000 0.110400 0.090500 0.099500 0.105800 0.102800 0.049300 0.086700 0.090400 0.090100 0.105800 0.125100 0.105600 0.113500 0.128800 0.060100 0.118200 0.110000 0.101900 0.109700 0.075200 0.027700 0.024300
MuntiacusR 0.114300 0.359100 0.106100 0.237300 0.090600 0.102500 0.110200 0.113700 0.122400 0.020800 0.102500 0.098600 0.117500 0.102200 0.157900 0.117600 0.126100 0.110600 0.118300 0.110400 0.094000 0.094800 0.067500 0.064000 0.098400 0.090500 0.102200 0.122600 0.114000 0.110400 0.000000 0.098200 0.144200 0.121600 0.110700 0.086800 0.090700 0.090600 0.097800 0.064000 0.071300 0.105600 0.027700 0.056300 0.090500 0.130700 0.121800 0.109900 0.094700 0.121500 0.118700 0.106600
HarveysDui 0.056300 0.313300 0.078800 0.231700 0.034600 0.045400 0.031200 0.052400 0.094300 0.093700 0.052600 0.090200 0.048800 0.024100 0.085400 0.052400 0.101500 0.086500 0.045400 0.090600 0.023400 0.045400 0.100700 0.101300 0.048900 0.027600 0.034300 0.102300 0.048900 0.090500 0.098200 0.000000 0.122600 0.048800 0.045800 0.078700 0.041700 0.034600 0.038000 0.101100 0.097000 0.041700 0.093600 0.108500 0.075000 0.075200 0.049000 0.048800 0.052600 0.082200 0.114100 0.094400
Pronghorn 0.111300 0.332700 0.103300 0.211900 0.122500 0.115100 0.131200 0.138400 0.111400 0.131000 0.131000 0.118900 0.114500 0.118700 0.146500 0.142500 0.130900 0.122900 0.127300 0.099600 0.126100 0.115200 0.146300 0.164100 0.126700 0.114700 0.106900 0.111500 0.123000 0.099500 0.144200 0.122600 0.000000 0.130600 0.128200 0.106700 0.118700 0.122500 0.122000 0.134600 0.150700 0.134700 0.138800 0.163000 0.103000 0.153100 0.143400 0.130400 0.135300 0.102700 0.111800 0.111600
BlueWildeb 0.063100 0.349400 0.101700 0.231200 0.041600 0.059800 0.059900 0.074200 0.117600 0.116800 0.059700 0.090100 0.034500 0.059700 0.108100 0.066900 0.116900 0.101700 0.067100 0.105900 0.052300 0.059800 0.123800 0.124800 0.063300 0.048800 0.020600 0.117800 0.063400 0.105800 0.121600 0.048800 0.130600 0.000000 0.053000 0.093800 0.055300 0.048300 0.055800 0.124300 0.120000 0.056100 0.124300 0.116200 0.082500 0.090200 0.074500 0.070700 0.074600 0.104900 0.129900 0.109800
Gemsbok 0.075500 0.336400 0.098700 0.215600 0.053000 0.064300 0.049500 0.064000 0.114700 0.114200 0.056800 0.095000 0.053000 0.053100 0.098000 0.071400 0.106600 0.099200 0.071700 0.102900 0.042000 0.064300 0.105700 0.129900 0.060400 0.045700 0.038600 0.114800 0.067900 0.102800 0.110700 0.045800 0.128200 0.053000 0.000000 0.075700 0.053100 0.053000 0.052800 0.113900 0.109700 0.052900 0.121800 0.121100 0.071800 0.079600 0.071400 0.082800 0.064300 0.086900 0.119100 0.099200
Yak 0.090300 0.304100 0.060100 0.195900 0.078600 0.079000 0.082800 0.093600 0.067600 0.086300 0.078900 0.045500 0.086100 0.086300 0.116700 0.089900 0.078700 0.075300 0.090300 0.053000 0.074700 0.079000 0.093200 0.101700 0.075000 0.063700 0.071400 0.060400 0.086300 0.049300 0.086800 0.078700 0.106700 0.093800 0.075700 0.000000 0.067600 0.078600 0.078400 0.086100 0.097200 0.078600 0.093600 0.093400 0.010300 0.098300 0.090300 0.086100 0.082300 0.059900 0.079000 0.060300
BlueSheep 0.034700 0.345300 0.086500 0.245300 0.041700 0.023100 0.045500 0.066900 0.098300 0.086300 0.010300 0.097900 0.056000 0.052500 0.100600 0.067000 0.101500 0.094200 0.045500 0.086800 0.045100 0.010300 0.108400 0.117000 0.006700 0.040800 0.041800 0.098400 0.063500 0.086700 0.090700 0.041700 0.118700 0.055300 0.053100 0.067600 0.000000 0.041700 0.048700 0.108900 0.104700 0.056100 0.093600 0.116300 0.075100 0.082800 0.067200 0.070700 0.060000 0.093500 0.102400 0.094500
BohorReedb 0.056200 0.333900 0.086400 0.231100 0.019800 0.045400 0.038300 0.052300 0.094300 0.086100 0.049100 0.082500 0.048700 0.038100 0.085300 0.059600 0.078700 0.064000 0.045400 0.090500 0.030900 0.045400 0.093100 0.101500 0.048800 0.034600 0.034600 0.102200 0.056100 0.090400 0.090600 0.034600 0.122500 0.048300 0.053000 0.078600 0.041700 0.000000 0.034400 0.085900 0.089400 0.048800 0.093500 0.100900 0.075000 0.075100 0.059800 0.056100 0.052600 0.089600 0.106200 0.086800
KirksDik 0.063300 0.327600 0.086100 0.217100 0.041500 0.052400 0.052500 0.052100 0.101600 0.104800 0.059600 0.097400 0.055800 0.041500 0.085200 0.055800 0.108800 0.093800 0.059700 0.090100 0.027500 0.052400 0.104100 0.116600 0.055900 0.030900 0.040300 0.101800 0.052300 0.090100 0.097800 0.038000 0.122000 0.055800 0.052800 0.078400 0.048700 0.034400 0.000000 0.112300 0.108000 0.045100 0.112200 0.108100 0.074700 0.067500 0.059600 0.066800 0.056000 0.089300 0.113600 0.094000
RoeDeer 0.132900 0.344300 0.094000 0.231300 0.093500 0.121000 0.105500 0.128300 0.117700 0.056300 0.120800 0.097700 0.116000 0.112800 0.148400 0.124400 0.093900 0.094200 0.109300 0.105900 0.104600 0.121000 0.059600 0.063700 0.116600 0.101100 0.101300 0.117800 0.113000 0.105800 0.064000 0.101100 0.134600 0.124300 0.113900 0.086100 0.108900 0.085900 0.112300 0.000000 0.056000 0.116600 0.063400 0.056100 0.082400 0.138000 0.129000 0.108900 0.101500 0.105000 0.122000 0.102100
WhiteLippe 0.128500 0.333300 0.120800 0.244300 0.081900 0.117200 0.101300 0.116200 0.137300 0.063500 0.116500 0.108900 0.112200 0.108600 0.143800 0.123900 0.105000 0.097700 0.124500 0.125100 0.100400 0.116600 0.010200 0.063500 0.112300 0.096900 0.097100 0.137400 0.120300 0.125100 0.071300 0.097000 0.150700 0.120000 0.109700 0.097200 0.104700 0.089400 0.108000 0.056000 0.000000 0.112300 0.070600 0.055900 0.093500 0.117600 0.116800 0.097100 0.108900 0.116200 0.141600 0.121300
ThomsonGaz 0.070900 0.331600 0.101500 0.226100 0.048800 0.059900 0.052500 0.055900 0.117400 0.109000 0.067100 0.090200 0.056000 0.056100 0.108300 0.052400 0.109200 0.098000 0.059900 0.105600 0.038000 0.059900 0.108300 0.124500 0.063300 0.020600 0.041800 0.117500 0.048900 0.105600 0.105600 0.041700 0.134700 0.056100 0.052900 0.078600 0.056100 0.048800 0.045100 0.116600 0.112300 0.000000 0.116500 0.115900 0.074700 0.082400 0.063300 0.070700 0.059900 0.097200 0.121600 0.109600
MuntiacusC 0.109300 0.354500 0.101500 0.235600 0.094000 0.097700 0.113200 0.128200 0.117500 0.013400 0.105300 0.097600 0.116400 0.105100 0.148100 0.128200 0.117100 0.101900 0.121000 0.113600 0.104600 0.097700 0.074200 0.071000 0.101200 0.093500 0.101300 0.125600 0.116900 0.113500 0.027700 0.093600 0.138800 0.124300 0.121800 0.093600 0.093600 0.093500 0.112200 0.063400 0.070600 0.116500 0.000000 0.078000 0.097500 0.137900 0.121000 0.101100 0.105400 0.128300 0.121900 0.109800
WhiteTaile 0.132600 0.375500 0.124500 0.239300 0.093200 0.128500 0.112700 0.120100 0.141000 0.070800 0.128300 0.105100 0.116300 0.116500 0.156100 0.120000 0.108900 0.109300 0.136500 0.128900 0.104300 0.128500 0.052200 0.020500 0.124100 0.100800 0.101100 0.141200 0.116400 0.128800 0.056300 0.108500 0.163000 0.116200 0.121100 0.093400 0.116300 0.100900 0.108100 0.056100 0.055900 0.115900 0.078000 0.000000 0.082000 0.137100 0.128200 0.108700 0.112800 0.120000 0.153500 0.125000
Cattle 0.090500 0.309100 0.063600 0.187000 0.075000 0.086600 0.078900 0.089900 0.078700 0.090200 0.086500 0.041900 0.075000 0.082600 0.112900 0.086200 0.075100 0.071600 0.086600 0.063900 0.071000 0.086600 0.089500 0.090100 0.082500 0.060100 0.060400 0.071400 0.082600 0.060100 0.090500 0.075000 0.103000 0.082500 0.071800 0.010300 0.075100 0.075000 0.074700 0.082400 0.093500 0.074700 0.097500 0.082000 0.000000 0.094300 0.086300 0.082400 0.078700 0.063700 0.090200 0.063900
RoyalAntel 0.098300 0.330900 0.113900 0.228900 0.067700 0.086800 0.086600 0.086300 0.130200 0.130200 0.094300 0.118100 0.082600 0.082800 0.105700 0.094000 0.130500 0.114900 0.090400 0.122300 0.071200 0.086800 0.113500 0.146100 0.090300 0.067700 0.067900 0.130500 0.090400 0.118200 0.130700 0.075200 0.153100 0.090200 0.079600 0.098300 0.082800 0.075100 0.067500 0.138000 0.117600 0.082400 0.137900 0.137100 0.094300 0.000000 0.086500 0.098100 0.086400 0.110100 0.142800 0.122400
Steenbok 0.082300 0.356400 0.105700 0.241200 0.059800 0.071100 0.067300 0.067100 0.121800 0.121300 0.078500 0.109800 0.067100 0.056300 0.112500 0.078200 0.113600 0.098400 0.071100 0.110000 0.052400 0.071100 0.112700 0.137000 0.074600 0.049000 0.052700 0.122100 0.074700 0.110000 0.121800 0.049000 0.143400 0.074500 0.071400 0.090300 0.067200 0.059800 0.059600 0.129000 0.116800 0.063300 0.121000 0.128200 0.086300 0.086500 0.000000 0.082100 0.078500 0.093800 0.134100 0.114000
Impala 0.085900 0.327000 0.090100 0.249400 0.056100 0.074700 0.074700 0.081800 0.090400 0.101400 0.082000 0.090100 0.070700 0.067100 0.077900 0.081800 0.101400 0.090200 0.082100 0.101900 0.059500 0.074400 0.100800 0.101500 0.078100 0.056100 0.056200 0.113800 0.078300 0.101900 0.109900 0.048800 0.130400 0.070700 0.082800 0.086100 0.070700 0.056100 0.066800 0.108900 0.097100 0.070700 0.101100 0.108700 0.082400 0.098100 0.082100 0.000000 0.074700 0.097100 0.110100 0.098200
Klipspring 0.082400 0.324200 0.097900 0.241600 0.052600 0.071200 0.071200 0.063500 0.113800 0.097900 0.071100 0.094000 0.067100 0.060000 0.112600 0.056100 0.113700 0.106200 0.063800 0.113800 0.041700 0.063800 0.097100 0.121400 0.067300 0.045400 0.060000 0.121800 0.052700 0.109700 0.094700 0.052600 0.135300 0.074600 0.064300 0.082300 0.060000 0.052600 0.056000 0.101500 0.108900 0.059900 0.105400 0.112800 0.078700 0.086400 0.078500 0.074700 0.000000 0.101500 0.102500 0.098400
ForestMusk 0.109200 0.318400 0.078800 0.191200 0.089600 0.097600 0.094000 0.108600 0.094100 0.120700 0.105200 0.085400 0.097000 0.089800 0.112400 0.108700 0.082300 0.078800 0.101600 0.075200 0.085600 0.097600 0.112100 0.128700 0.101100 0.082100 0.082300 0.086700 0.097500 0.075200 0.121500 0.082200 0.102700 0.104900 0.086900 0.059900 0.093500 0.089600 0.089300 0.105000 0.116200 0.097200 0.128300 0.120000 0.063700 0.110100 0.093800 0.097100 0.101500 0.000000 0.098200 0.086600
Bushbuck 0.110600 0.332900 0.045600 0.218500 0.106200 0.106600 0.118100 0.110000 0.024200 0.114300 0.114400 0.090600 0.121900 0.110200 0.133800 0.142000 0.118200 0.102800 0.126500 0.031300 0.109800 0.098900 0.145500 0.154400 0.110200 0.114100 0.106400 0.038500 0.130400 0.027700 0.118700 0.114100 0.111800 0.129900 0.119100 0.079000 0.102400 0.106200 0.113600 0.122000 0.141600 0.121600 0.121900 0.153500 0.090200 0.142800 0.134100 0.110100 0.102500 0.098200 0.000000 0.038600
GreaterKud 0.098700 0.318500 0.020700 0.196300 0.086800 0.094800 0.106200 0.098200 0.035000 0.102300 0.106300 0.064100 0.102100 0.090600 0.113600 0.121600 0.090800 0.079600 0.114300 0.027800 0.090400 0.091000 0.125200 0.125700 0.102200 0.094400 0.087000 0.035100 0.110300 0.024300 0.106600 0.094400 0.111600 0.109800 0.099200 0.060300 0.094500 0.086800 0.094000 0.102100 0.121300 0.109600 0.109800 0.125000 0.063900 0.122400 0.114000 0.098200 0.098400 0.086600 0.038600 0.000000
