1
52 1
Argali 0.000000 0.286000 0.097100 0.313300 0.046000 0.000000 0.047500 0.015400 0.064100 0.061400 0.015300 0.110400 0.045700 0.015400 0.075300 0.045800 0.124800 0.124200 0.061600 0.098200 0.062400 0.015400 0.091700 0.076500 0.015300 0.078600 0.092600 0.079700 0.075700 0.095300 0.076500 0.015300 0.146700 0.095700 0.000100 0.076700 0.030600 0.015300 0.046400 0.076600 0.076600 0.130400 0.382800 0.061400 0.030700 0.062000 0.045800 0.077100 0.080200 0.076700 0.080000 0.080700
LesserMous 0.286000 0.000000 0.223300 0.172700 0.292200 0.286000 0.304900 0.255900 0.224700 0.287900 0.283200 0.268400 0.314900 0.260900 0.321900 0.313600 0.367600 0.365400 0.340500 0.225400 0.319700 0.283800 0.302400 0.285300 0.283200 0.340200 0.332200 0.222500 0.365300 0.257300 0.285300 0.257600 0.296200 0.344900 0.282300 0.309500 0.281100 0.257500 0.299100 0.308500 0.304500 0.366700 0.690600 0.329100 0.277400 0.234300 0.333200 0.254200 0.303100 0.304900 0.241800 0.244000
LesserKudu 0.097100 0.223300 0.000000 0.250800 0.109400 0.097100 0.113800 0.112300 0.031100 0.125400 0.112700 0.160300 0.126700 0.078100 0.138400 0.142900 0.192600 0.191800 0.162300 0.063400 0.162400 0.113000 0.156200 0.140400 0.112700 0.180900 0.176800 0.046400 0.173100 0.061600 0.140400 0.078200 0.164200 0.183000 0.096100 0.141100 0.128500 0.078200 0.110500 0.140800 0.140800 0.240000 0.474000 0.159700 0.094500 0.110200 0.142900 0.142700 0.112200 0.108100 0.046500 0.046900
KillerWhal 0.313300 0.172700 0.250800 0.000000 0.279900 0.313300 0.332200 0.282700 0.252200 0.274800 0.310400 0.357900 0.340900 0.288200 0.307300 0.279100 0.310500 0.308100 0.344400 0.274500 0.323700 0.311000 0.306600 0.272500 0.310400 0.284300 0.316500 0.249900 0.348700 0.284100 0.272500 0.285000 0.224200 0.371200 0.309400 0.314100 0.308100 0.284500 0.345200 0.312700 0.290700 0.350100 0.627100 0.313800 0.304500 0.223600 0.318800 0.260500 0.329900 0.330400 0.268800 0.271500
DefassaWat 0.046000 0.292200 0.109400 0.279900 0.000000 0.046000 0.061600 0.060800 0.077400 0.074500 0.061000 0.122200 0.090400 0.030000 0.087600 0.043800 0.104700 0.136100 0.075500 0.110700 0.090600 0.061100 0.103700 0.089100 0.061000 0.075400 0.137400 0.092500 0.102800 0.107500 0.089100 0.029700 0.158200 0.141900 0.045600 0.089300 0.076100 0.029700 0.091300 0.089100 0.089100 0.124900 0.388900 0.105900 0.044800 0.075000 0.043800 0.090100 0.093000 0.089200 0.092700 0.093600
Sheep 0.000000 0.286000 0.097100 0.313300 0.046000 0.000000 0.047500 0.015400 0.064100 0.061400 0.015300 0.110400 0.045700 0.015400 0.075300 0.045800 0.124800 0.124200 0.061600 0.098200 0.062400 0.015400 0.091700 0.076500 0.015300 0.078600 0.092600 0.079700 0.075700 0.095300 0.076500 0.015300 0.146700 0.095700 0.000100 0.076700 0.030600 0.015300 0.046400 0.076600 0.076600 0.130400 0.382800 0.061400 0.030700 0.062000 0.045800 0.077100 0.080200 0.076700 0.080000 0.080700
MaxwellsDu 0.047500 0.304900 0.113800 0.332200 0.061600 0.047500 0.000000 0.063100 0.080500 0.077200 0.063100 0.126700 0.093400 0.031000 0.090800 0.093700 0.141100 0.140500 0.111000 0.115100 0.111700 0.063200 0.107500 0.092200 0.063100 0.128700 0.141700 0.096100 0.123800 0.111700 0.092200 0.030600 0.163800 0.146900 0.047100 0.092500 0.078600 0.030800 0.094900 0.092300 0.092300 0.183800 0.353300 0.109900 0.046200 0.077800 0.093600 0.093000 0.096600 0.092500 0.096400 0.097300
GazellaPrz 0.015400 0.255900 0.112300 0.282700 0.060800 0.015400 0.063100 0.000000 0.079500 0.060000 0.030700 0.125100 0.060800 0.030800 0.089700 0.060600 0.122500 0.121900 0.077200 0.113600 0.061600 0.015300 0.089600 0.074700 0.030700 0.094000 0.107600 0.094500 0.090100 0.110300 0.074700 0.030400 0.143800 0.111400 0.015300 0.091400 0.030500 0.030400 0.061400 0.091200 0.074800 0.146300 0.374200 0.060000 0.045900 0.076900 0.060600 0.076500 0.095400 0.075000 0.095200 0.096100
MountainNy 0.064100 0.224700 0.031100 0.252200 0.077400 0.064100 0.080500 0.079500 0.000000 0.093200 0.079700 0.126900 0.094100 0.045600 0.106600 0.110100 0.158800 0.158100 0.128500 0.031400 0.128600 0.080000 0.123700 0.108200 0.079700 0.146500 0.143000 0.014600 0.140200 0.030500 0.108200 0.046500 0.130000 0.148100 0.063500 0.108700 0.095400 0.046500 0.078200 0.108500 0.108500 0.203300 0.428900 0.126500 0.062400 0.078000 0.110000 0.109900 0.079900 0.108700 0.015400 0.014600
MuntiacusM 0.061400 0.287900 0.125400 0.274800 0.074500 0.061400 0.077200 0.060000 0.093200 0.000000 0.076500 0.137800 0.105800 0.045200 0.072000 0.105700 0.119400 0.087600 0.123000 0.126800 0.107400 0.061000 0.028200 0.014100 0.076500 0.107300 0.120200 0.108200 0.103000 0.090800 0.014100 0.044600 0.106800 0.158300 0.060900 0.104400 0.075900 0.044700 0.106900 0.039900 0.013600 0.158800 0.321300 0.028700 0.059900 0.059100 0.105600 0.089900 0.108800 0.073100 0.108500 0.109500
goat 0.015300 0.283200 0.112700 0.310400 0.061000 0.015300 0.063100 0.030700 0.079700 0.076500 0.000000 0.125600 0.060600 0.030700 0.090000 0.060800 0.139800 0.139200 0.076600 0.079800 0.077600 0.030600 0.106500 0.059800 0.000000 0.093900 0.107500 0.062300 0.090500 0.110700 0.059800 0.030400 0.162200 0.111100 0.015300 0.091700 0.015000 0.030500 0.061500 0.091500 0.091500 0.146100 0.379300 0.076400 0.045800 0.077100 0.060800 0.092200 0.095700 0.091600 0.095400 0.096400
AfricanBuf 0.110400 0.268400 0.160300 0.357900 0.122200 0.110400 0.126700 0.125100 0.126900 0.137800 0.125600 0.000000 0.155200 0.092500 0.150200 0.155000 0.203700 0.202700 0.173800 0.126000 0.174200 0.125800 0.167700 0.152600 0.125600 0.192800 0.204800 0.142200 0.184700 0.157500 0.152600 0.091500 0.192000 0.211800 0.109300 0.120600 0.141000 0.091600 0.140400 0.152800 0.152800 0.191700 0.480500 0.138100 0.073400 0.106000 0.154900 0.154500 0.159700 0.152900 0.142500 0.144000
Topi 0.045700 0.314900 0.126700 0.340900 0.090400 0.045700 0.093400 0.060800 0.094100 0.105800 0.060600 0.155200 0.000000 0.060700 0.118600 0.090200 0.169200 0.168500 0.091000 0.128100 0.107500 0.060800 0.135500 0.120300 0.060600 0.123800 0.043500 0.109200 0.119200 0.124400 0.120300 0.060000 0.157700 0.044700 0.045100 0.120900 0.075600 0.060300 0.091500 0.120700 0.120600 0.176700 0.410800 0.105800 0.075500 0.106700 0.090200 0.121600 0.126300 0.121000 0.109600 0.110500
CommonDuik 0.015400 0.260900 0.078100 0.288200 0.030000 0.015400 0.031000 0.030800 0.045600 0.045200 0.030700 0.092500 0.060700 0.000000 0.059000 0.060900 0.106900 0.106400 0.077200 0.079100 0.077700 0.030800 0.074900 0.060000 0.030700 0.094000 0.107600 0.061300 0.090600 0.076800 0.060000 0.000100 0.127400 0.111200 0.015300 0.060100 0.045900 0.000000 0.060500 0.060000 0.060000 0.146300 0.354900 0.076500 0.015000 0.045500 0.060900 0.060500 0.062700 0.060100 0.061400 0.062100
Suni 0.075300 0.321900 0.138400 0.307300 0.087600 0.075300 0.090800 0.089700 0.106600 0.072000 0.090000 0.150200 0.118600 0.059000 0.000000 0.118500 0.164500 0.131600 0.103700 0.139900 0.136000 0.090100 0.070400 0.086100 0.090000 0.120200 0.132700 0.121300 0.115500 0.136000 0.086100 0.058400 0.152700 0.154400 0.074600 0.117100 0.104700 0.058400 0.119900 0.071500 0.056500 0.171300 0.374700 0.102400 0.073400 0.072500 0.118400 0.087400 0.089700 0.117000 0.089500 0.122700
Springbuck 0.045800 0.313600 0.142900 0.279100 0.043800 0.045800 0.093700 0.060600 0.110100 0.105700 0.060800 0.155000 0.090200 0.060900 0.118500 0.000000 0.136600 0.168900 0.075300 0.144600 0.043800 0.060900 0.135300 0.120300 0.060800 0.059200 0.137100 0.125200 0.086500 0.140400 0.120300 0.060200 0.157800 0.141700 0.045400 0.089000 0.075800 0.060200 0.091200 0.120500 0.120500 0.107100 0.433700 0.105600 0.075700 0.106600 0.028700 0.089800 0.125900 0.120700 0.125600 0.126800
Okapi 0.124800 0.367600 0.192600 0.310500 0.104700 0.124800 0.141100 0.122500 0.158800 0.119400 0.139800 0.203700 0.169200 0.106900 0.164500 0.136600 0.000000 0.027800 0.154200 0.194900 0.138500 0.123900 0.148700 0.133800 0.139800 0.171900 0.218800 0.173900 0.165000 0.189300 0.133800 0.105700 0.206000 0.226300 0.123600 0.167600 0.138800 0.106200 0.171900 0.167300 0.134000 0.227600 0.403800 0.151900 0.121600 0.153600 0.136600 0.152300 0.174800 0.134200 0.174500 0.159100
Giraffe 0.124200 0.365400 0.191800 0.308100 0.136100 0.124200 0.140500 0.121900 0.158100 0.087600 0.139200 0.202700 0.168500 0.106400 0.131600 0.168900 0.027800 0.000000 0.187400 0.193900 0.137900 0.123300 0.116500 0.101800 0.139200 0.170500 0.182900 0.173100 0.132000 0.188400 0.101800 0.105200 0.170000 0.225200 0.123100 0.166900 0.138200 0.105700 0.171300 0.134000 0.102000 0.225900 0.357800 0.118700 0.121100 0.120100 0.168800 0.151700 0.174100 0.133700 0.173700 0.158300
TibetanAnt 0.061600 0.340500 0.162300 0.344400 0.075500 0.061600 0.111000 0.077200 0.128500 0.123000 0.076600 0.173800 0.091000 0.077200 0.103700 0.075300 0.154200 0.187400 0.000000 0.164100 0.125000 0.076900 0.088600 0.137900 0.076600 0.108400 0.138400 0.143800 0.136500 0.159400 0.137900 0.076300 0.195000 0.126500 0.061400 0.138500 0.091800 0.076600 0.076100 0.089900 0.105400 0.126000 0.413800 0.123000 0.092100 0.124200 0.075300 0.139200 0.110300 0.138400 0.110100 0.145600
Sitatunga 0.098200 0.225400 0.063400 0.274500 0.110700 0.098200 0.115100 0.113600 0.031400 0.126800 0.079800 0.126000 0.128100 0.079100 0.139900 0.144600 0.194900 0.193900 0.164100 0.000000 0.164300 0.114300 0.157900 0.108400 0.079800 0.183200 0.178600 0.015300 0.175100 0.062200 0.108400 0.079000 0.166000 0.185100 0.097200 0.142700 0.095600 0.079100 0.111600 0.142400 0.142400 0.219900 0.458600 0.161500 0.094000 0.111400 0.144500 0.144200 0.114200 0.142600 0.043300 0.047400
Oribi 0.062400 0.319700 0.162400 0.323700 0.090600 0.062400 0.111700 0.061600 0.128600 0.107400 0.077600 0.174200 0.107500 0.077700 0.136000 0.043800 0.138500 0.137900 0.125000 0.164300 0.000000 0.045800 0.137400 0.121000 0.077600 0.107200 0.155600 0.144000 0.102900 0.159500 0.122200 0.076800 0.160500 0.161000 0.061800 0.105900 0.060800 0.076800 0.108600 0.138400 0.122400 0.158900 0.442100 0.107300 0.092800 0.124400 0.074200 0.075000 0.144800 0.122600 0.144400 0.145800
BarbaryShe 0.015400 0.283800 0.113000 0.311000 0.061100 0.015400 0.063200 0.015300 0.080000 0.061000 0.030600 0.125800 0.060800 0.030800 0.090100 0.060900 0.123900 0.123300 0.076900 0.114300 0.045800 0.000000 0.091000 0.075900 0.030600 0.094000 0.107800 0.095400 0.090600 0.111000 0.075900 0.030400 0.145600 0.111400 0.015300 0.091900 0.015000 0.030600 0.061700 0.091700 0.076000 0.146400 0.380100 0.060900 0.045900 0.077300 0.060900 0.060500 0.096000 0.076200 0.095800 0.096600
Daviddeer 0.091700 0.302400 0.156200 0.306600 0.103700 0.091700 0.107500 0.089600 0.123700 0.028200 0.106500 0.167700 0.135500 0.074900 0.070400 0.135300 0.148700 0.116500 0.088600 0.157900 0.137400 0.091000 0.000000 0.042100 0.106500 0.137200 0.149700 0.138600 0.131800 0.120600 0.042100 0.074000 0.136700 0.172600 0.090800 0.133700 0.105800 0.074000 0.104600 0.028000 0.013800 0.154900 0.355000 0.057200 0.089400 0.088300 0.135200 0.119400 0.106300 0.101900 0.106100 0.140200
Reindeer 0.076500 0.285300 0.140400 0.272500 0.089100 0.076500 0.092200 0.074700 0.108200 0.014100 0.059800 0.152600 0.120300 0.060000 0.086100 0.120300 0.133800 0.101800 0.137900 0.108400 0.121000 0.075900 0.042100 0.000000 0.059800 0.122100 0.134600 0.090700 0.117400 0.105400 0.000000 0.059300 0.121500 0.173300 0.075800 0.118900 0.059400 0.054300 0.121600 0.057300 0.026500 0.174100 0.318600 0.040100 0.074500 0.073600 0.120300 0.104500 0.123800 0.087400 0.123400 0.124600
Ibex 0.015300 0.283200 0.112700 0.310400 0.061000 0.015300 0.063100 0.030700 0.079700 0.076500 0.000000 0.125600 0.060600 0.030700 0.090000 0.060800 0.139800 0.139200 0.076600 0.079800 0.077600 0.030600 0.106500 0.059800 0.000000 0.093900 0.107500 0.062300 0.090500 0.110700 0.059800 0.030400 0.162200 0.111100 0.015300 0.091700 0.015000 0.030500 0.061500 0.091500 0.091500 0.146100 0.379300 0.076400 0.045800 0.077100 0.060800 0.092200 0.095700 0.091600 0.095400 0.096400
GyrantGaze 0.078600 0.340200 0.180900 0.284300 0.075400 0.078600 0.128700 0.094000 0.146500 0.107300 0.093900 0.192800 0.123800 0.094000 0.120200 0.059200 0.171900 0.170500 0.108400 0.183200 0.107200 0.094000 0.137200 0.122100 0.093900 0.000000 0.106000 0.162000 0.087700 0.177600 0.122100 0.092900 0.195000 0.143600 0.077900 0.156100 0.109200 0.093400 0.125500 0.122200 0.122200 0.044700 0.438100 0.107100 0.109100 0.076100 0.059100 0.123500 0.162900 0.155800 0.162400 0.164200
Hartebeest 0.092600 0.332200 0.176800 0.316500 0.137400 0.092600 0.141700 0.107600 0.143000 0.120200 0.107500 0.204800 0.043500 0.107600 0.132700 0.137100 0.218800 0.182900 0.138400 0.178600 0.155600 0.107800 0.149700 0.134600 0.107500 0.106000 0.000000 0.158000 0.133300 0.173400 0.134600 0.106200 0.172600 0.059700 0.091600 0.168600 0.122600 0.106800 0.139000 0.134900 0.134900 0.157000 0.427600 0.120200 0.122400 0.089600 0.137000 0.136400 0.176100 0.168500 0.158600 0.160100
Bongo 0.079700 0.222500 0.046400 0.249900 0.092500 0.079700 0.096100 0.094500 0.014600 0.108200 0.062300 0.142200 0.109200 0.061300 0.121300 0.125200 0.173900 0.173100 0.143800 0.015300 0.144000 0.095400 0.138600 0.090700 0.062300 0.162000 0.158000 0.000000 0.155100 0.045500 0.090700 0.061700 0.145500 0.163600 0.079000 0.123600 0.077700 0.061700 0.093300 0.123400 0.123400 0.219200 0.425100 0.141600 0.077600 0.093100 0.125200 0.125000 0.095400 0.123600 0.030600 0.030800
Gerenuk 0.075700 0.365300 0.173100 0.348700 0.102800 0.075700 0.123800 0.090100 0.140200 0.103000 0.090500 0.184700 0.119200 0.090600 0.115500 0.086500 0.165000 0.132000 0.136500 0.175100 0.102900 0.090600 0.131800 0.117400 0.090500 0.087700 0.133300 0.155100 0.000000 0.170100 0.117400 0.089500 0.187500 0.171500 0.075000 0.134100 0.105300 0.089600 0.120400 0.117400 0.117400 0.136100 0.420000 0.102900 0.105100 0.103800 0.086500 0.151100 0.155900 0.149600 0.155500 0.157000
CommonElan 0.095300 0.257300 0.061600 0.284100 0.107500 0.095300 0.111700 0.110300 0.030500 0.090800 0.110700 0.157500 0.124400 0.076800 0.136000 0.140400 0.189300 0.188400 0.159400 0.062200 0.159500 0.111000 0.120600 0.105400 0.110700 0.177600 0.173400 0.045500 0.170100 0.000000 0.105400 0.076800 0.161200 0.179600 0.094400 0.138700 0.126200 0.076800 0.108500 0.105700 0.105700 0.235400 0.464400 0.123200 0.092800 0.108300 0.140300 0.140200 0.111000 0.138700 0.045700 0.046100
MuntiacusR 0.076500 0.285300 0.140400 0.272500 0.089100 0.076500 0.092200 0.074700 0.108200 0.014100 0.059800 0.152600 0.120300 0.060000 0.086100 0.120300 0.133800 0.101800 0.137900 0.108400 0.122200 0.075900 0.042100 0.000000 0.059800 0.122100 0.134600 0.090700 0.117400 0.105400 0.000000 0.059300 0.121500 0.173300 0.075800 0.118900 0.059400 0.059300 0.121600 0.052700 0.028100 0.174100 0.318600 0.042900 0.074500 0.073600 0.120300 0.104500 0.123800 0.087400 0.123400 0.124600
HarveysDui 0.015300 0.257600 0.078200 0.285000 0.029700 0.015300 0.030600 0.030400 0.046500 0.044600 0.030400 0.091500 0.060000 0.000100 0.058400 0.060200 0.105700 0.105200 0.076300 0.079000 0.076800 0.030400 0.074000 0.059300 0.030400 0.092900 0.106200 0.061700 0.089500 0.076800 0.059300 0.000000 0.126000 0.109900 0.015100 0.059400 0.045400 0.000100 0.060900 0.059300 0.059300 0.144500 0.350500 0.075600 0.014800 0.045000 0.060200 0.059700 0.062000 0.059500 0.061800 0.062400
Pronghorn 0.146700 0.296200 0.164200 0.224200 0.158200 0.146700 0.163800 0.143800 0.130000 0.106800 0.162200 0.192000 0.157700 0.127400 0.152700 0.157800 0.206000 0.170000 0.195000 0.166000 0.160500 0.145600 0.136700 0.121500 0.162200 0.195000 0.172600 0.145500 0.187500 0.161200 0.121500 0.126000 0.000000 0.215400 0.145300 0.155800 0.161000 0.126600 0.178600 0.155400 0.121800 0.253900 0.414800 0.139800 0.142700 0.107900 0.193000 0.140200 0.163500 0.155400 0.146000 0.147300
BlueWildeb 0.095700 0.344900 0.183000 0.371200 0.141900 0.095700 0.146900 0.111400 0.148100 0.158300 0.111100 0.211800 0.044700 0.111200 0.154400 0.141700 0.226300 0.225200 0.126500 0.185100 0.161000 0.111400 0.172600 0.173300 0.111100 0.143600 0.059700 0.163600 0.171500 0.179600 0.173300 0.109900 0.215400 0.000000 0.094300 0.174300 0.126700 0.110400 0.143800 0.155300 0.157100 0.199200 0.494300 0.158300 0.126500 0.125800 0.141600 0.141100 0.164900 0.174200 0.147100 0.165800
Gemsbok 0.000100 0.282300 0.096100 0.309400 0.045600 0.000100 0.047100 0.015300 0.063500 0.060900 0.015300 0.109300 0.045100 0.015300 0.074600 0.045400 0.123600 0.123100 0.061400 0.097200 0.061800 0.015300 0.090800 0.075800 0.015300 0.077900 0.091600 0.079000 0.075000 0.094400 0.075800 0.015100 0.145300 0.094300 0.000000 0.076000 0.030500 0.015200 0.046000 0.075900 0.075900 0.129300 0.377500 0.060800 0.030400 0.061400 0.045400 0.076400 0.079400 0.076000 0.079200 0.080000
Yak 0.076700 0.309500 0.141100 0.314100 0.089300 0.076700 0.092500 0.091400 0.108700 0.104400 0.091700 0.120600 0.120900 0.060100 0.117100 0.089000 0.167600 0.166900 0.138500 0.142700 0.105900 0.091900 0.133700 0.118900 0.091700 0.156100 0.168600 0.123600 0.134100 0.138700 0.118900 0.059400 0.155800 0.174300 0.076000 0.000000 0.106700 0.059500 0.122200 0.119100 0.119000 0.211000 0.407600 0.104600 0.044200 0.105200 0.120700 0.088700 0.124300 0.119200 0.124000 0.125100
BlueSheep 0.030600 0.281100 0.128500 0.308100 0.076100 0.030600 0.078600 0.030500 0.095400 0.075900 0.015000 0.141000 0.075600 0.045900 0.104700 0.075800 0.138800 0.138200 0.091800 0.095600 0.060800 0.015000 0.105800 0.059400 0.015000 0.109200 0.122600 0.077700 0.105300 0.126200 0.059400 0.045400 0.161000 0.126700 0.030500 0.106700 0.000000 0.045600 0.076800 0.106500 0.090800 0.161900 0.376600 0.075800 0.060900 0.092300 0.075800 0.075200 0.111400 0.091000 0.111100 0.112200
BohorReedb 0.015300 0.257500 0.078200 0.284500 0.029700 0.015300 0.030800 0.030400 0.046500 0.044700 0.030500 0.091600 0.060300 0.000000 0.058400 0.060200 0.106200 0.105700 0.076600 0.079100 0.076800 0.030600 0.074000 0.054300 0.030500 0.093400 0.106800 0.061700 0.089600 0.076800 0.059300 0.000100 0.126600 0.110400 0.015200 0.059500 0.045600 0.000000 0.060900 0.059400 0.059400 0.145300 0.352100 0.075600 0.014900 0.045000 0.060200 0.060100 0.062000 0.059500 0.061900 0.062400
KirksDik 0.046400 0.299100 0.110500 0.345200 0.091300 0.046400 0.094900 0.061400 0.078200 0.106900 0.061500 0.140400 0.091500 0.060500 0.119900 0.091200 0.171900 0.171300 0.076100 0.111600 0.108600 0.061700 0.104600 0.121600 0.061500 0.125500 0.139000 0.093300 0.120400 0.108500 0.121600 0.060900 0.178600 0.143800 0.046000 0.122200 0.076800 0.060900 0.000000 0.089800 0.121900 0.143700 0.440200 0.106900 0.076700 0.092000 0.091100 0.123500 0.127700 0.122200 0.093600 0.094400
RoeDeer 0.076600 0.308500 0.140800 0.312700 0.089100 0.076600 0.092300 0.091200 0.108500 0.039900 0.091500 0.152800 0.120700 0.060000 0.071500 0.120500 0.167300 0.134000 0.089900 0.142400 0.138400 0.091700 0.028000 0.057300 0.091500 0.122200 0.134900 0.123400 0.117400 0.105700 0.052700 0.059300 0.155400 0.155300 0.075900 0.119100 0.106500 0.059400 0.089800 0.000000 0.042900 0.139800 0.381600 0.073100 0.074700 0.073700 0.120400 0.120200 0.108000 0.119000 0.107700 0.124900
WhiteLippe 0.076600 0.304500 0.140800 0.290700 0.089100 0.076600 0.092300 0.074800 0.108500 0.013600 0.091500 0.152800 0.120600 0.060000 0.056500 0.120500 0.134000 0.102000 0.105400 0.142400 0.122400 0.076000 0.013800 0.026500 0.091500 0.122200 0.134900 0.123400 0.117400 0.105700 0.028100 0.059300 0.121800 0.157100 0.075900 0.119000 0.090800 0.059400 0.121900 0.042900 0.000000 0.174300 0.338100 0.043000 0.074700 0.073700 0.120400 0.104600 0.091300 0.087500 0.091100 0.124900
ThomsonGaz 0.130400 0.366700 0.240000 0.350100 0.124900 0.130400 0.183800 0.146300 0.203300 0.158800 0.146100 0.191700 0.176700 0.146300 0.171300 0.107100 0.227600 0.225900 0.126000 0.219900 0.158900 0.146400 0.154900 0.174100 0.146100 0.044700 0.157000 0.219200 0.136100 0.235400 0.174100 0.144500 0.253900 0.199200 0.129300 0.211000 0.161900 0.145300 0.143700 0.139800 0.174300 0.000000 0.520100 0.158600 0.162600 0.126100 0.107100 0.176100 0.220600 0.210300 0.219800 0.222300
MuntiacusC 0.382800 0.690600 0.474000 0.627100 0.388900 0.382800 0.353300 0.374200 0.428900 0.321300 0.379300 0.480500 0.410800 0.354900 0.374700 0.433700 0.403800 0.357800 0.413800 0.458600 0.442100 0.380100 0.355000 0.318600 0.379300 0.438100 0.427600 0.425100 0.420000 0.464400 0.318600 0.350500 0.414800 0.494300 0.377500 0.407600 0.376600 0.352100 0.440200 0.381600 0.338100 0.520100 0.000000 0.363100 0.371800 0.367600 0.433200 0.409500 0.449400 0.380800 0.447900 0.426100
WhiteTaile 0.061400 0.329100 0.159700 0.313800 0.105900 0.061400 0.109900 0.060000 0.126500 0.028700 0.076400 0.138100 0.105800 0.076500 0.102400 0.105600 0.151900 0.118700 0.123000 0.161500 0.107300 0.060900 0.057200 0.040100 0.076400 0.107100 0.120200 0.141600 0.102900 0.123200 0.042900 0.075600 0.139800 0.158300 0.060800 0.104600 0.075800 0.075600 0.106900 0.073100 0.043000 0.158600 0.363100 0.000000 0.060000 0.090100 0.105500 0.121900 0.142400 0.104000 0.142100 0.143400
Cattle 0.030700 0.277400 0.094500 0.304500 0.044800 0.030700 0.046200 0.045900 0.062400 0.059900 0.045800 0.073400 0.075500 0.015000 0.073400 0.075700 0.121600 0.121100 0.092100 0.094000 0.092800 0.045900 0.089400 0.074500 0.045800 0.109100 0.122400 0.077600 0.105100 0.092800 0.074500 0.014800 0.142700 0.126500 0.030400 0.044200 0.060900 0.014900 0.076700 0.074700 0.074700 0.162600 0.371800 0.060000 0.000000 0.060400 0.075700 0.075200 0.078000 0.074800 0.077800 0.078500
RoyalAntel 0.062000 0.234300 0.110200 0.223600 0.075000 0.062000 0.077800 0.076900 0.078000 0.059100 0.077100 0.106000 0.106700 0.045500 0.072500 0.106600 0.153600 0.120100 0.124200 0.111400 0.124400 0.077300 0.088300 0.073600 0.077100 0.076100 0.089600 0.093100 0.103800 0.108300 0.073600 0.045000 0.107900 0.125800 0.061400 0.105200 0.092300 0.045000 0.092000 0.073700 0.073700 0.126100 0.367600 0.090100 0.060400 0.000000 0.106500 0.074800 0.109800 0.105200 0.093400 0.094300
Steenbok 0.045800 0.333200 0.142900 0.318800 0.043800 0.045800 0.093600 0.060600 0.110000 0.105600 0.060800 0.154900 0.090200 0.060900 0.118400 0.028700 0.136600 0.168800 0.075300 0.144500 0.074200 0.060900 0.135200 0.120300 0.060800 0.059100 0.137000 0.125200 0.086500 0.140300 0.120300 0.060200 0.193000 0.141600 0.045400 0.120700 0.075800 0.060200 0.091100 0.120400 0.120400 0.107100 0.433200 0.105500 0.075700 0.106500 0.000000 0.121800 0.092600 0.120600 0.125500 0.126700
Impala 0.077100 0.254200 0.142700 0.260500 0.090100 0.077100 0.093000 0.076500 0.109900 0.089900 0.092200 0.154500 0.121600 0.060500 0.087400 0.089800 0.152300 0.151700 0.139200 0.144200 0.075000 0.060500 0.119400 0.104500 0.092200 0.123500 0.136400 0.125000 0.151100 0.140200 0.104500 0.059700 0.140200 0.141100 0.076400 0.088700 0.075200 0.060100 0.123500 0.120200 0.104600 0.176100 0.409500 0.121900 0.075200 0.074800 0.121800 0.000000 0.125700 0.104800 0.125400 0.126500
Klipspring 0.080200 0.303100 0.112200 0.329900 0.093000 0.080200 0.096600 0.095400 0.079900 0.108800 0.095700 0.159700 0.126300 0.062700 0.089700 0.125900 0.174800 0.174100 0.110300 0.114200 0.144800 0.096000 0.106300 0.123800 0.095700 0.162900 0.176100 0.095400 0.155900 0.111000 0.123800 0.062000 0.163500 0.164900 0.079400 0.124300 0.111400 0.062000 0.127700 0.108000 0.091300 0.220600 0.449400 0.142400 0.078000 0.109800 0.092600 0.125700 0.000000 0.124300 0.062600 0.096600
ForestMusk 0.076700 0.304900 0.108100 0.330400 0.089200 0.076700 0.092500 0.075000 0.108700 0.073100 0.091600 0.152900 0.121000 0.060100 0.117000 0.120700 0.134200 0.133700 0.138400 0.142600 0.122600 0.076200 0.101900 0.087400 0.091600 0.155800 0.168500 0.123600 0.149600 0.138700 0.087400 0.059500 0.155400 0.174200 0.076000 0.119200 0.091000 0.059500 0.122200 0.119000 0.087500 0.210300 0.380800 0.104000 0.074800 0.105200 0.120600 0.104800 0.124300 0.000000 0.124000 0.125100
Bushbuck 0.080000 0.241800 0.046500 0.268800 0.092700 0.080000 0.096400 0.095200 0.015400 0.108500 0.095400 0.142500 0.109600 0.061400 0.089500 0.125600 0.174500 0.173700 0.110100 0.043300 0.144400 0.095800 0.106100 0.123400 0.095400 0.162400 0.158600 0.030600 0.155500 0.045700 0.123400 0.061800 0.146000 0.147100 0.079200 0.124000 0.111100 0.061900 0.093600 0.107700 0.091100 0.219800 0.447900 0.142100 0.077800 0.093400 0.125500 0.125400 0.062600 0.124000 0.000000 0.028800
GreaterKud 0.080700 0.244000 0.046900 0.271500 0.093600 0.080700 0.097300 0.096100 0.014600 0.109500 0.096400 0.144000 0.110500 0.062100 0.122700 0.126800 0.159100 0.158300 0.145600 0.047400 0.145800 0.096600 0.140200 0.124600 0.096400 0.164200 0.160100 0.030800 0.157000 0.046100 0.124600 0.062400 0.147300 0.165800 0.080000 0.125100 0.112200 0.062400 0.094400 0.124900 0.124900 0.222300 0.426100 0.143400 0.078500 0.094300 0.126700 0.126500 0.096600 0.125100 0.028800 0.000000
