CODONML (in paml version 4.10.7, June 2023)  /home/rachel/ruminants_paml/6406-phy-tree/ENSBTAT00000032193.fasta.phy
Model: free dN/dS Ratios for branches,  kappa = 2.000 fixed

Codon frequency model: F3x4
ns =  54  ls =  53

Codon usage in sequences
--------------------------------------------------------------------------------------------------------------------------------------
Phe TTT   3   3   3   3   3   3 | Ser TCT   1   1   1   1   1   1 | Tyr TAT   1   1   1   1   2   1 | Cys TGT   0   0   0   0   0   0
    TTC   2   2   2   2   1   2 |     TCC   1   2   1   1   1   1 |     TAC   0   0   0   0   0   0 |     TGC   0   0   0   0   0   0
Leu TTA   0   0   0   0   0   0 |     TCA   0   0   0   0   1   1 | *** TAA   0   0   0   0   0   0 | *** TGA   0   0   0   0   0   0
    TTG   1   1   1   1   0   0 |     TCG   1   0   1   1   0   0 |     TAG   0   0   0   0   0   0 | Trp TGG   0   0   0   0   0   0
--------------------------------------------------------------------------------------------------------------------------------------
Leu CTT   0   0   0   0   0   0 | Pro CCT   2   2   2   2   2   2 | His CAT   1   1   1   1   0   2 | Arg CGT   0   0   0   0   0   0
    CTC   0   0   0   0   1   0 |     CCC   0   0   0   0   0   0 |     CAC   1   1   1   1   1   0 |     CGC   2   2   2   2   2   2
    CTA   0   0   0   0   0   0 |     CCA   1   1   1   1   1   1 | Gln CAA   0   0   0   0   0   0 |     CGA   0   0   0   0   0   0
    CTG   2   2   2   3   3   3 |     CCG   0   0   0   0   0   0 |     CAG   2   2   2   2   2   2 |     CGG   0   0   0   0   0   0
--------------------------------------------------------------------------------------------------------------------------------------
Ile ATT   1   1   1   1   0   1 | Thr ACT   0   0   0   0   0   0 | Asn AAT   2   1   2   2   1   1 | Ser AGT   1   0   1   1   0   0
    ATC   3   3   3   3   4   3 |     ACC   0   0   0   0   1   0 |     AAC   0   1   0   0   1   1 |     AGC   1   2   1   1   2   2
    ATA   0   0   0   0   0   0 |     ACA   1   2   1   1   0   1 | Lys AAA   1   2   1   1   1   1 | Arg AGA   1   1   1   1   1   1
Met ATG   1   3   1   2   2   1 |     ACG   1   0   1   1   1   1 |     AAG   4   3   4   4   4   4 |     AGG   0   0   0   0   0   0
--------------------------------------------------------------------------------------------------------------------------------------
Val GTT   0   0   0   0   0   0 | Ala GCT   1   0   1   1   0   0 | Asp GAT   3   3   2   3   3   3 | Gly GGT   0   0   0   0   0   0
    GTC   0   0   0   0   0   0 |     GCC   1   2   1   1   2   2 |     GAC   0   1   1   0   1   1 |     GGC   0   0   0   0   0   0
    GTA   0   0   0   0   0   1 |     GCA   0   0   0   0   0   0 | Glu GAA   2   0   3   3   2   2 |     GGA   0   0   0   0   0   0
    GTG   5   3   5   3   4   3 |     GCG   0   0   0   0   0   1 |     GAG   3   4   2   2   2   1 |     GGG   0   0   0   0   0   1
--------------------------------------------------------------------------------------------------------------------------------------

--------------------------------------------------------------------------------------------------------------------------------------
Phe TTT   3   3   3   2   3   2 | Ser TCT   1   1   1   1   1   1 | Tyr TAT   1   1   0   1   1   0 | Cys TGT   0   0   0   0   0   0
    TTC   2   2   2   3   2   3 |     TCC   2   1   1   1   1   1 |     TAC   0   0   1   0   0   1 |     TGC   0   0   0   0   0   0
Leu TTA   0   0   0   0   0   0 |     TCA   0   0   0   0   0   1 | *** TAA   0   0   0   0   0   0 | *** TGA   0   0   0   0   0   0
    TTG   1   1   1   1   1   1 |     TCG   0   1   1   1   1   0 |     TAG   0   0   0   0   0   0 | Trp TGG   0   0   0   0   0   0
--------------------------------------------------------------------------------------------------------------------------------------
Leu CTT   0   0   0   0   0   0 | Pro CCT   2   2   2   2   2   2 | His CAT   1   1   1   1   1   1 | Arg CGT   0   0   0   0   0   0
    CTC   0   0   0   0   0   0 |     CCC   0   0   0   0   0   0 |     CAC   1   1   1   1   1   1 |     CGC   2   2   2   2   2   2
    CTA   0   0   0   0   0   0 |     CCA   1   1   1   1   1   0 | Gln CAA   0   0   0   0   0   0 |     CGA   0   0   0   0   0   0
    CTG   2   2   2   2   2   2 |     CCG   0   0   0   0   0   0 |     CAG   2   2   2   2   2   2 |     CGG   0   0   0   0   0   0
--------------------------------------------------------------------------------------------------------------------------------------
Ile ATT   1   1   1   1   1   1 | Thr ACT   0   0   0   0   0   0 | Asn AAT   2   2   2   2   2   2 | Ser AGT   1   1   1   1   1   1
    ATC   3   3   3   3   3   2 |     ACC   0   0   0   0   0   0 |     AAC   0   0   0   0   0   0 |     AGC   1   1   1   1   1   1
    ATA   0   0   0   0   0   0 |     ACA   1   1   1   2   1   2 | Lys AAA   1   1   1   1   1   0 | Arg AGA   1   1   1   1   1   1
Met ATG   1   1   1   1   1   1 |     ACG   1   1   1   0   1   1 |     AAG   4   4   4   4   4   5 |     AGG   0   0   0   0   0   0
--------------------------------------------------------------------------------------------------------------------------------------
Val GTT   0   0   0   0   0   0 | Ala GCT   1   1   1   1   1   1 | Asp GAT   2   3   2   2   2   3 | Gly GGT   0   0   0   0   0   0
    GTC   0   0   0   0   0   1 |     GCC   1   1   1   1   1   1 |     GAC   0   0   1   1   1   0 |     GGC   0   0   0   0   0   0
    GTA   0   0   0   0   0   0 |     GCA   0   0   0   0   0   0 | Glu GAA   3   2   2   2   2   3 |     GGA   0   0   0   0   0   0
    GTG   5   5   5   5   5   5 |     GCG   0   0   0   0   0   0 |     GAG   3   3   3   3   3   2 |     GGG   0   0   0   0   0   0
--------------------------------------------------------------------------------------------------------------------------------------

--------------------------------------------------------------------------------------------------------------------------------------
Phe TTT   3   3   3   3   2   3 | Ser TCT   1   1   1   1   1   1 | Tyr TAT   1   1   1   0   1   1 | Cys TGT   0   0   0   0   0   0
    TTC   2   2   2   2   3   2 |     TCC   1   1   1   1   1   1 |     TAC   0   0   0   1   0   0 |     TGC   0   0   0   0   0   0
Leu TTA   0   0   0   0   0   0 |     TCA   0   0   0   0   0   0 | *** TAA   0   0   0   0   0   0 | *** TGA   0   0   0   0   0   0
    TTG   1   1   1   1   1   1 |     TCG   1   1   1   1   1   1 |     TAG   0   0   0   0   0   0 | Trp TGG   0   0   0   0   0   0
--------------------------------------------------------------------------------------------------------------------------------------
Leu CTT   0   0   0   0   0   0 | Pro CCT   2   2   2   2   2   2 | His CAT   1   1   1   1   0   1 | Arg CGT   0   0   0   0   0   0
    CTC   0   0   0   0   0   0 |     CCC   0   0   0   0   0   0 |     CAC   1   1   1   1   2   1 |     CGC   2   2   2   2   2   2
    CTA   0   0   0   0   0   0 |     CCA   1   1   1   1   1   1 | Gln CAA   0   0   0   0   0   0 |     CGA   0   0   0   0   0   0
    CTG   2   2   2   2   2   2 |     CCG   0   0   0   0   0   0 |     CAG   2   2   2   2   2   2 |     CGG   0   0   0   0   0   0
--------------------------------------------------------------------------------------------------------------------------------------
Ile ATT   1   1   1   1   1   1 | Thr ACT   0   0   0   0   0   0 | Asn AAT   2   2   2   2   2   1 | Ser AGT   1   1   1   1   1   1
    ATC   3   3   3   3   3   3 |     ACC   0   0   0   0   0   0 |     AAC   0   0   0   0   0   1 |     AGC   1   1   1   1   1   1
    ATA   0   0   0   0   0   0 |     ACA   1   1   1   1   1   1 | Lys AAA   1   1   1   1   1   1 | Arg AGA   1   0   1   1   1   1
Met ATG   1   1   1   1   1   1 |     ACG   1   1   1   1   1   1 |     AAG   4   4   4   4   4   4 |     AGG   0   0   0   0   0   0
--------------------------------------------------------------------------------------------------------------------------------------
Val GTT   0   0   0   0   0   0 | Ala GCT   1   1   1   1   1   1 | Asp GAT   3   2   3   2   2   2 | Gly GGT   0   0   0   0   0   0
    GTC   0   0   0   0   0   0 |     GCC   1   1   1   1   1   1 |     GAC   0   1   0   1   1   1 |     GGC   0   0   0   0   0   0
    GTA   0   0   0   0   0   0 |     GCA   0   0   0   0   0   0 | Glu GAA   3   2   2   2   2   2 |     GGA   0   1   0   0   0   0
    GTG   5   5   5   5   5   5 |     GCG   0   0   0   0   0   0 |     GAG   2   3   3   3   3   3 |     GGG   0   0   0   0   0   0
--------------------------------------------------------------------------------------------------------------------------------------

--------------------------------------------------------------------------------------------------------------------------------------
Phe TTT   3   3   3   2   2   3 | Ser TCT   0   0   1   1   2   1 | Tyr TAT   1   1   1   1   1   1 | Cys TGT   0   0   0   0   0   0
    TTC   2   2   2   2   3   2 |     TCC   2   2   1   1   1   1 |     TAC   0   0   0   0   0   0 |     TGC   0   0   0   0   0   0
Leu TTA   0   0   0   1   0   0 |     TCA   0   0   0   0   0   0 | *** TAA   0   0   0   0   0   0 | *** TGA   0   0   0   0   0   0
    TTG   1   1   1   2   1   1 |     TCG   1   1   1   1   0   1 |     TAG   0   0   0   0   0   0 | Trp TGG   0   0   0   0   0   0
--------------------------------------------------------------------------------------------------------------------------------------
Leu CTT   0   0   0   0   0   0 | Pro CCT   2   2   2   2   2   2 | His CAT   1   1   1   1   1   1 | Arg CGT   0   0   0   0   0   0
    CTC   0   0   0   0   0   0 |     CCC   0   0   0   0   0   0 |     CAC   1   1   1   1   1   1 |     CGC   2   2   2   2   2   2
    CTA   0   0   0   0   0   0 |     CCA   1   1   1   1   1   1 | Gln CAA   0   0   0   0   0   0 |     CGA   0   0   0   0   0   0
    CTG   2   2   2   1   2   2 |     CCG   0   0   0   0   0   0 |     CAG   2   2   2   2   2   2 |     CGG   0   0   0   0   0   0
--------------------------------------------------------------------------------------------------------------------------------------
Ile ATT   1   1   1   1   1   1 | Thr ACT   0   0   0   0   0   0 | Asn AAT   2   2   2   2   2   2 | Ser AGT   1   1   1   0   1   1
    ATC   3   2   3   3   3   3 |     ACC   0   0   0   0   0   0 |     AAC   0   0   0   0   0   0 |     AGC   1   1   1   1   1   1
    ATA   0   0   0   0   0   0 |     ACA   1   1   1   1   1   1 | Lys AAA   1   1   1   1   1   1 | Arg AGA   1   1   1   1   1   1
Met ATG   2   2   1   1   1   1 |     ACG   1   1   1   1   1   1 |     AAG   4   4   4   4   4   4 |     AGG   0   0   0   0   0   0
--------------------------------------------------------------------------------------------------------------------------------------
Val GTT   0   0   0   0   0   0 | Ala GCT   1   1   1   1   1   1 | Asp GAT   3   3   3   2   1   3 | Gly GGT   0   0   0   1   0   0
    GTC   0   1   0   0   0   0 |     GCC   1   1   1   1   1   1 |     GAC   0   0   0   1   2   0 |     GGC   0   0   0   0   0   0
    GTA   0   0   0   0   0   0 |     GCA   0   0   0   0   0   0 | Glu GAA   3   3   2   2   2   2 |     GGA   0   0   0   0   0   0
    GTG   4   4   5   5   5   5 |     GCG   0   0   0   0   0   0 |     GAG   2   2   3   3   3   3 |     GGG   0   0   0   0   0   0
--------------------------------------------------------------------------------------------------------------------------------------

--------------------------------------------------------------------------------------------------------------------------------------
Phe TTT   2   2   3   3   3   2 | Ser TCT   1   2   1   1   1   1 | Tyr TAT   0   0   1   1   1   1 | Cys TGT   0   0   0   0   0   0
    TTC   3   3   2   2   2   2 |     TCC   1   1   1   1   1   1 |     TAC   1   1   0   0   0   0 |     TGC   0   0   0   0   0   0
Leu TTA   0   0   0   0   0   1 |     TCA   0   0   0   1   0   0 | *** TAA   0   0   0   0   0   0 | *** TGA   0   0   0   0   0   0
    TTG   1   1   1   1   1   2 |     TCG   1   0   1   0   1   1 |     TAG   0   0   0   0   0   0 | Trp TGG   0   0   0   0   0   0
--------------------------------------------------------------------------------------------------------------------------------------
Leu CTT   0   0   0   0   0   0 | Pro CCT   2   2   2   2   2   2 | His CAT   1   1   1   1   1   1 | Arg CGT   0   0   0   0   0   0
    CTC   0   0   0   0   0   0 |     CCC   0   0   0   0   0   0 |     CAC   1   1   1   1   1   1 |     CGC   2   2   2   2   2   2
    CTA   0   0   0   0   0   0 |     CCA   0   0   1   1   1   1 | Gln CAA   0   0   0   0   0   0 |     CGA   0   0   0   0   0   0
    CTG   2   2   2   2   2   1 |     CCG   0   0   0   0   0   0 |     CAG   2   2   2   2   2   2 |     CGG   0   0   0   0   0   0
--------------------------------------------------------------------------------------------------------------------------------------
Ile ATT   1   1   1   1   1   1 | Thr ACT   0   0   0   0   0   0 | Asn AAT   2   1   2   2   2   2 | Ser AGT   1   1   1   1   1   0
    ATC   2   2   3   3   3   3 |     ACC   0   1   0   0   0   0 |     AAC   0   1   0   0   0   0 |     AGC   1   1   1   1   1   1
    ATA   0   0   0   0   0   0 |     ACA   2   2   1   1   1   1 | Lys AAA   0   0   1   1   1   1 | Arg AGA   1   1   1   1   1   1
Met ATG   1   1   1   1   1   1 |     ACG   1   0   1   1   1   1 |     AAG   5   5   4   4   4   4 |     AGG   0   0   0   0   0   0
--------------------------------------------------------------------------------------------------------------------------------------
Val GTT   0   0   0   0   0   0 | Ala GCT   1   1   1   1   1   1 | Asp GAT   3   3   3   2   3   2 | Gly GGT   0   0   0   0   0   1
    GTC   1   1   0   0   0   0 |     GCC   1   1   1   1   1   1 |     GAC   0   0   0   1   0   1 |     GGC   0   0   0   0   0   0
    GTA   0   0   0   0   0   0 |     GCA   0   0   0   0   0   0 | Glu GAA   2   3   2   2   2   2 |     GGA   0   0   0   0   0   0
    GTG   5   5   5   5   5   5 |     GCG   0   0   0   0   0   1 |     GAG   3   2   3   3   3   2 |     GGG   0   0   0   0   0   0
--------------------------------------------------------------------------------------------------------------------------------------

--------------------------------------------------------------------------------------------------------------------------------------
Phe TTT   3   3   2   3   3   3 | Ser TCT   1   1   1   1   1   1 | Tyr TAT   1   1   0   1   1   1 | Cys TGT   0   0   0   0   0   0
    TTC   2   2   3   2   2   2 |     TCC   1   1   1   1   1   1 |     TAC   0   0   1   0   0   0 |     TGC   0   0   0   0   0   0
Leu TTA   0   0   0   0   0   0 |     TCA   0   0   0   0   0   0 | *** TAA   0   0   0   0   0   0 | *** TGA   0   0   0   0   0   0
    TTG   1   1   1   1   1   1 |     TCG   1   1   1   1   1   1 |     TAG   0   0   0   0   0   0 | Trp TGG   0   0   0   0   0   0
--------------------------------------------------------------------------------------------------------------------------------------
Leu CTT   0   0   0   0   0   0 | Pro CCT   2   2   2   2   1   2 | His CAT   1   1   1   1   0   1 | Arg CGT   0   0   0   0   1   0
    CTC   0   0   0   0   0   0 |     CCC   0   0   0   0   0   0 |     CAC   1   1   1   1   1   1 |     CGC   2   2   2   2   2   2
    CTA   0   0   0   0   0   0 |     CCA   1   1   0   1   1   1 | Gln CAA   0   0   0   0   0   0 |     CGA   0   0   0   0   0   0
    CTG   2   2   2   2   2   2 |     CCG   0   0   0   0   1   0 |     CAG   2   2   2   2   2   2 |     CGG   0   0   0   0   0   0
--------------------------------------------------------------------------------------------------------------------------------------
Ile ATT   1   1   1   1   1   1 | Thr ACT   0   0   0   0   0   0 | Asn AAT   2   2   2   2   2   2 | Ser AGT   1   1   1   0   1   1
    ATC   3   3   2   3   2   3 |     ACC   0   0   0   0   1   0 |     AAC   0   0   0   0   0   0 |     AGC   1   1   1   2   1   1
    ATA   0   0   0   0   0   0 |     ACA   1   1   2   1   0   1 | Lys AAA   1   1   0   1   1   1 | Arg AGA   1   1   1   1   1   1
Met ATG   1   1   1   1   2   1 |     ACG   1   1   1   1   1   1 |     AAG   4   4   5   4   4   4 |     AGG   0   0   0   0   0   0
--------------------------------------------------------------------------------------------------------------------------------------
Val GTT   0   0   0   0   0   0 | Ala GCT   1   1   1   1   0   1 | Asp GAT   2   2   3   2   2   2 | Gly GGT   0   0   0   0   0   0
    GTC   0   0   1   0   1   0 |     GCC   1   1   1   1   1   1 |     GAC   1   1   0   1   1   1 |     GGC   0   0   0   0   0   0
    GTA   0   0   0   0   0   0 |     GCA   0   0   0   0   0   0 | Glu GAA   2   2   3   2   3   2 |     GGA   0   0   0   0   0   0
    GTG   5   5   5   5   4   5 |     GCG   0   0   0   0   1   0 |     GAG   3   3   2   3   2   3 |     GGG   0   0   0   0   0   0
--------------------------------------------------------------------------------------------------------------------------------------

--------------------------------------------------------------------------------------------------------------------------------------
Phe TTT   3   3   3   3   3   2 | Ser TCT   1   1   1   1   1   1 | Tyr TAT   1   1   1   1   1   0 | Cys TGT   0   0   0   0   0   0
    TTC   2   2   2   2   2   3 |     TCC   1   1   1   2   1   1 |     TAC   0   0   0   0   0   1 |     TGC   0   0   0   0   0   0
Leu TTA   0   0   0   0   0   0 |     TCA   0   0   0   0   0   0 | *** TAA   0   0   0   0   0   0 | *** TGA   0   0   0   0   0   0
    TTG   1   1   1   1   1   1 |     TCG   1   1   1   0   1   1 |     TAG   0   0   0   0   0   0 | Trp TGG   0   0   0   0   0   0
--------------------------------------------------------------------------------------------------------------------------------------
Leu CTT   0   0   0   0   0   0 | Pro CCT   2   2   2   2   2   2 | His CAT   1   1   1   1   1   1 | Arg CGT   0   0   0   0   0   0
    CTC   0   0   0   0   0   0 |     CCC   0   0   0   0   0   0 |     CAC   1   1   1   1   1   1 |     CGC   2   2   2   2   2   2
    CTA   0   0   0   0   0   0 |     CCA   1   1   1   1   1   0 | Gln CAA   0   0   0   0   0   0 |     CGA   0   0   0   0   0   0
    CTG   2   2   2   2   2   2 |     CCG   0   0   0   0   0   0 |     CAG   2   2   2   2   2   2 |     CGG   0   0   0   0   0   0
--------------------------------------------------------------------------------------------------------------------------------------
Ile ATT   1   1   1   1   1   1 | Thr ACT   0   0   0   0   0   0 | Asn AAT   2   2   2   2   2   1 | Ser AGT   1   1   1   1   1   0
    ATC   3   3   3   3   3   2 |     ACC   0   0   0   0   0   0 |     AAC   0   0   0   0   0   1 |     AGC   1   1   1   1   1   1
    ATA   0   0   0   0   0   0 |     ACA   1   1   1   1   1   2 | Lys AAA   1   1   1   1   1   0 | Arg AGA   1   1   1   1   1   1
Met ATG   1   1   1   1   1   1 |     ACG   1   1   1   1   1   1 |     AAG   4   4   4   4   4   5 |     AGG   0   0   0   0   0   0
--------------------------------------------------------------------------------------------------------------------------------------
Val GTT   0   0   0   0   0   0 | Ala GCT   1   1   1   1   1   1 | Asp GAT   2   2   3   2   2   3 | Gly GGT   0   0   0   0   0   1
    GTC   0   0   0   0   0   1 |     GCC   1   1   1   1   1   1 |     GAC   1   1   0   0   1   0 |     GGC   0   0   0   0   0   0
    GTA   0   0   0   0   0   0 |     GCA   0   0   0   0   0   0 | Glu GAA   2   2   2   3   2   3 |     GGA   0   0   0   0   0   0
    GTG   5   5   5   5   5   5 |     GCG   0   0   0   0   0   0 |     GAG   3   3   3   3   3   2 |     GGG   0   0   0   0   0   0
--------------------------------------------------------------------------------------------------------------------------------------

--------------------------------------------------------------------------------------------------------------------------------------
Phe TTT   2   3   2   2   3   3 | Ser TCT   2   1   1   2   1   1 | Tyr TAT   0   1   0   0   1   1 | Cys TGT   0   0   0   0   0   0
    TTC   3   2   3   3   2   2 |     TCC   1   1   1   1   1   1 |     TAC   1   0   1   1   0   0 |     TGC   0   0   0   0   0   0
Leu TTA   0   0   0   0   0   0 |     TCA   0   0   0   0   0   0 | *** TAA   0   0   0   0   0   0 | *** TGA   0   0   0   0   0   0
    TTG   1   1   1   1   1   0 |     TCG   0   1   1   0   1   1 |     TAG   0   0   0   0   0   0 | Trp TGG   0   0   0   0   0   0
--------------------------------------------------------------------------------------------------------------------------------------
Leu CTT   0   0   0   0   0   0 | Pro CCT   2   2   2   2   2   2 | His CAT   1   1   1   0   1   0 | Arg CGT   0   0   0   0   0   0
    CTC   0   0   0   0   0   0 |     CCC   0   0   0   0   0   0 |     CAC   1   1   1   2   1   2 |     CGC   2   2   2   2   2   2
    CTA   0   0   0   0   0   0 |     CCA   0   1   0   0   1   1 | Gln CAA   0   0   0   0   0   0 |     CGA   0   0   0   0   0   0
    CTG   2   2   2   2   2   3 |     CCG   0   0   0   0   0   0 |     CAG   2   2   2   2   2   2 |     CGG   0   0   0   0   0   0
--------------------------------------------------------------------------------------------------------------------------------------
Ile ATT   1   1   1   2   1   1 | Thr ACT   0   0   0   0   0   0 | Asn AAT   2   2   2   1   2   2 | Ser AGT   1   1   1   1   1   1
    ATC   2   3   2   1   3   3 |     ACC   0   0   0   1   0   0 |     AAC   0   0   0   1   0   0 |     AGC   1   1   1   1   1   1
    ATA   0   0   0   0   0   0 |     ACA   2   1   2   1   1   1 | Lys AAA   0   1   0   0   1   1 | Arg AGA   1   1   1   1   1   1
Met ATG   1   1   1   1   1   1 |     ACG   1   1   1   1   1   1 |     AAG   5   4   5   5   4   4 |     AGG   0   0   0   0   0   0
--------------------------------------------------------------------------------------------------------------------------------------
Val GTT   0   0   0   0   0   0 | Ala GCT   1   1   1   1   1   1 | Asp GAT   3   2   3   3   2   2 | Gly GGT   0   0   0   0   0   0
    GTC   1   0   1   1   0   0 |     GCC   1   1   1   1   1   1 |     GAC   0   1   0   0   1   1 |     GGC   0   0   0   0   0   0
    GTA   0   0   0   0   0   0 |     GCA   0   0   0   0   0   0 | Glu GAA   3   2   3   3   2   2 |     GGA   0   0   0   0   0   0
    GTG   5   5   5   5   5   5 |     GCG   0   0   0   0   0   0 |     GAG   2   3   2   2   3   3 |     GGG   0   0   0   0   0   0
--------------------------------------------------------------------------------------------------------------------------------------

--------------------------------------------------------------------------------------------------------------------------------------
Phe TTT   2   3   3   3   3   3 | Ser TCT   1   1   1   1   1   1 | Tyr TAT   1   1   1   1   1   1 | Cys TGT   0   0   0   0   0   0
    TTC   3   2   2   2   2   2 |     TCC   1   1   1   1   1   1 |     TAC   0   0   0   0   0   0 |     TGC   0   0   0   0   0   0
Leu TTA   0   0   0   0   0   0 |     TCA   0   0   0   0   0   1 | *** TAA   0   0   0   0   0   0 | *** TGA   0   0   0   0   0   0
    TTG   1   1   1   1   1   1 |     TCG   1   1   1   1   1   0 |     TAG   0   0   0   0   0   0 | Trp TGG   0   0   0   0   0   0
--------------------------------------------------------------------------------------------------------------------------------------
Leu CTT   0   0   0   0   0   0 | Pro CCT   2   2   2   2   2   2 | His CAT   1   0   1   1   1   1 | Arg CGT   0   0   1   0   0   0
    CTC   0   0   0   0   0   0 |     CCC   0   0   0   0   0   0 |     CAC   1   2   1   1   1   1 |     CGC   2   2   1   2   2   2
    CTA   0   0   0   0   0   0 |     CCA   1   1   1   1   1   1 | Gln CAA   0   0   0   0   0   0 |     CGA   0   0   0   0   0   0
    CTG   2   2   2   3   2   2 |     CCG   0   0   0   0   0   0 |     CAG   2   2   2   2   2   2 |     CGG   0   0   0   0   0   0
--------------------------------------------------------------------------------------------------------------------------------------
Ile ATT   1   0   1   1   1   1 | Thr ACT   0   0   0   0   0   0 | Asn AAT   2   2   2   2   2   2 | Ser AGT   1   1   1   1   1   1
    ATC   3   4   3   3   3   3 |     ACC   0   0   0   0   0   0 |     AAC   0   0   0   0   0   0 |     AGC   1   1   1   1   1   1
    ATA   0   0   0   0   0   0 |     ACA   1   1   1   1   1   1 | Lys AAA   1   1   0   1   1   1 | Arg AGA   1   1   1   1   1   1
Met ATG   1   1   1   2   1   1 |     ACG   1   1   1   1   1   1 |     AAG   4   4   5   4   4   4 |     AGG   0   0   0   0   0   0
--------------------------------------------------------------------------------------------------------------------------------------
Val GTT   0   0   0   0   0   0 | Ala GCT   1   1   1   1   1   1 | Asp GAT   2   3   2   3   2   3 | Gly GGT   0   0   0   0   0   0
    GTC   0   0   0   0   0   0 |     GCC   1   1   1   1   1   1 |     GAC   1   0   1   0   1   0 |     GGC   0   0   0   0   0   0
    GTA   0   0   0   0   0   0 |     GCA   0   0   0   0   0   0 | Glu GAA   2   2   2   3   2   1 |     GGA   0   0   0   0   0   0
    GTG   5   5   5   3   5   5 |     GCG   0   0   0   0   0   0 |     GAG   3   3   3   2   3   4 |     GGG   0   0   0   0   0   0
--------------------------------------------------------------------------------------------------------------------------------------

Codon position x base (3x4) table for each sequence.

#1: Argali         
position  1:    T:0.18868    C:0.20755    A:0.32075    G:0.28302
position  2:    T:0.33962    C:0.18868    A:0.37736    G:0.09434
position  3:    T:0.30189    C:0.20755    A:0.11321    G:0.37736
Average         T:0.27673    C:0.20126    A:0.27044    G:0.25157

#2: LesserMouseDeer
position  1:    T:0.18868    C:0.20755    A:0.35849    G:0.24528
position  2:    T:0.33962    C:0.18868    A:0.37736    G:0.09434
position  3:    T:0.24528    C:0.30189    A:0.11321    G:0.33962
Average         T:0.25786    C:0.23270    A:0.28302    G:0.22642

#3: LesserKudu     
position  1:    T:0.18868    C:0.20755    A:0.32075    G:0.28302
position  2:    T:0.33962    C:0.18868    A:0.37736    G:0.09434
position  3:    T:0.28302    C:0.22642    A:0.13208    G:0.35849
Average         T:0.27044    C:0.20755    A:0.27673    G:0.24528

#4: ForestMuskDeer2
position  1:    T:0.18868    C:0.22642    A:0.33962    G:0.24528
position  2:    T:0.33962    C:0.18868    A:0.37736    G:0.09434
position  3:    T:0.30189    C:0.20755    A:0.13208    G:0.35849
Average         T:0.27673    C:0.20755    A:0.28302    G:0.23270

#5: Camel          
position  1:    T:0.16981    C:0.22642    A:0.33962    G:0.26415
position  2:    T:0.33962    C:0.18868    A:0.37736    G:0.09434
position  3:    T:0.22642    C:0.32075    A:0.11321    G:0.33962
Average         T:0.24528    C:0.24528    A:0.27673    G:0.23270

#6: KillerWhale    
position  1:    T:0.16981    C:0.22642    A:0.32075    G:0.28302
position  2:    T:0.32075    C:0.20755    A:0.35849    G:0.11321
position  3:    T:0.26415    C:0.26415    A:0.15094    G:0.32075
Average         T:0.25157    C:0.23270    A:0.27673    G:0.23899

#7: DefassaWaterbuck
position  1:    T:0.18868    C:0.20755    A:0.32075    G:0.28302
position  2:    T:0.33962    C:0.18868    A:0.37736    G:0.09434
position  3:    T:0.28302    C:0.22642    A:0.13208    G:0.35849
Average         T:0.27044    C:0.20755    A:0.27673    G:0.24528

#8: Sheep          
position  1:    T:0.18868    C:0.20755    A:0.32075    G:0.28302
position  2:    T:0.33962    C:0.18868    A:0.37736    G:0.09434
position  3:    T:0.30189    C:0.20755    A:0.11321    G:0.37736
Average         T:0.27673    C:0.20126    A:0.27044    G:0.25157

#9: MaxwellsDuiker 
position  1:    T:0.18868    C:0.20755    A:0.32075    G:0.28302
position  2:    T:0.33962    C:0.18868    A:0.37736    G:0.09434
position  3:    T:0.26415    C:0.24528    A:0.11321    G:0.37736
Average         T:0.26415    C:0.21384    A:0.27044    G:0.25157

#10: GazellaPrzewalskyi
position  1:    T:0.18868    C:0.20755    A:0.32075    G:0.28302
position  2:    T:0.33962    C:0.18868    A:0.37736    G:0.09434
position  3:    T:0.26415    C:0.24528    A:0.13208    G:0.35849
Average         T:0.26415    C:0.21384    A:0.27673    G:0.24528

#11: MountainNyala  
position  1:    T:0.18868    C:0.20755    A:0.32075    G:0.28302
position  2:    T:0.33962    C:0.18868    A:0.37736    G:0.09434
position  3:    T:0.28302    C:0.22642    A:0.11321    G:0.37736
Average         T:0.27044    C:0.20755    A:0.27044    G:0.25157

#12: MuntiacusMuntjak
position  1:    T:0.18868    C:0.18868    A:0.32075    G:0.30189
position  2:    T:0.33962    C:0.18868    A:0.37736    G:0.09434
position  3:    T:0.26415    C:0.24528    A:0.13208    G:0.35849
Average         T:0.26415    C:0.20755    A:0.27673    G:0.25157

#13: goat           
position  1:    T:0.18868    C:0.20755    A:0.32075    G:0.28302
position  2:    T:0.33962    C:0.18868    A:0.37736    G:0.09434
position  3:    T:0.30189    C:0.20755    A:0.13208    G:0.35849
Average         T:0.27673    C:0.20126    A:0.27673    G:0.24528

#14: AfricanBuffalo 
position  1:    T:0.18868    C:0.20755    A:0.30189    G:0.30189
position  2:    T:0.33962    C:0.18868    A:0.37736    G:0.09434
position  3:    T:0.28302    C:0.22642    A:0.11321    G:0.37736
Average         T:0.27044    C:0.20755    A:0.26415    G:0.25786

#15: Topi           
position  1:    T:0.18868    C:0.20755    A:0.32075    G:0.28302
position  2:    T:0.33962    C:0.18868    A:0.37736    G:0.09434
position  3:    T:0.30189    C:0.20755    A:0.11321    G:0.37736
Average         T:0.27673    C:0.20126    A:0.27044    G:0.25157

#16: CommonDuiker   
position  1:    T:0.18868    C:0.20755    A:0.32075    G:0.28302
position  2:    T:0.33962    C:0.18868    A:0.37736    G:0.09434
position  3:    T:0.26415    C:0.24528    A:0.11321    G:0.37736
Average         T:0.26415    C:0.21384    A:0.27044    G:0.25157

#17: Suni           
position  1:    T:0.18868    C:0.20755    A:0.32075    G:0.28302
position  2:    T:0.33962    C:0.18868    A:0.37736    G:0.09434
position  3:    T:0.24528    C:0.26415    A:0.11321    G:0.37736
Average         T:0.25786    C:0.22013    A:0.27044    G:0.25157

#18: Springbuck     
position  1:    T:0.18868    C:0.20755    A:0.32075    G:0.28302
position  2:    T:0.33962    C:0.18868    A:0.37736    G:0.09434
position  3:    T:0.26415    C:0.24528    A:0.11321    G:0.37736
Average         T:0.26415    C:0.21384    A:0.27044    G:0.25157

#19: Okapi          
position  1:    T:0.18868    C:0.20755    A:0.33962    G:0.26415
position  2:    T:0.33962    C:0.18868    A:0.37736    G:0.09434
position  3:    T:0.28302    C:0.22642    A:0.13208    G:0.35849
Average         T:0.27044    C:0.20755    A:0.28302    G:0.23899

#20: Giraffe        
position  1:    T:0.18868    C:0.20755    A:0.32075    G:0.28302
position  2:    T:0.33962    C:0.18868    A:0.37736    G:0.09434
position  3:    T:0.28302    C:0.22642    A:0.13208    G:0.35849
Average         T:0.27044    C:0.20755    A:0.27673    G:0.24528

#21: TibetanAntelope
position  1:    T:0.18868    C:0.20755    A:0.32075    G:0.28302
position  2:    T:0.33962    C:0.18868    A:0.37736    G:0.09434
position  3:    T:0.30189    C:0.20755    A:0.11321    G:0.37736
Average         T:0.27673    C:0.20126    A:0.27044    G:0.25157

#22: Sitatunga      
position  1:    T:0.20755    C:0.18868    A:0.30189    G:0.30189
position  2:    T:0.33962    C:0.18868    A:0.37736    G:0.09434
position  3:    T:0.26415    C:0.22642    A:0.13208    G:0.37736
Average         T:0.27044    C:0.20126    A:0.27044    G:0.25786

#23: Oribi          
position  1:    T:0.18868    C:0.20755    A:0.32075    G:0.28302
position  2:    T:0.33962    C:0.18868    A:0.37736    G:0.09434
position  3:    T:0.26415    C:0.26415    A:0.11321    G:0.35849
Average         T:0.26415    C:0.22013    A:0.27044    G:0.24528

#24: BarbarySheep   
position  1:    T:0.18868    C:0.20755    A:0.32075    G:0.28302
position  2:    T:0.33962    C:0.18868    A:0.37736    G:0.09434
position  3:    T:0.30189    C:0.20755    A:0.11321    G:0.37736
Average         T:0.27673    C:0.20126    A:0.27044    G:0.25157

#25: Daviddeer      
position  1:    T:0.18868    C:0.18868    A:0.32075    G:0.30189
position  2:    T:0.33962    C:0.18868    A:0.37736    G:0.09434
position  3:    T:0.26415    C:0.24528    A:0.09434    G:0.39623
Average         T:0.26415    C:0.20755    A:0.26415    G:0.26415

#26: Reindeer       
position  1:    T:0.18868    C:0.18868    A:0.32075    G:0.30189
position  2:    T:0.33962    C:0.18868    A:0.37736    G:0.09434
position  3:    T:0.26415    C:0.28302    A:0.11321    G:0.33962
Average         T:0.26415    C:0.22013    A:0.27044    G:0.24528

#27: Ibex           
position  1:    T:0.18868    C:0.20755    A:0.32075    G:0.28302
position  2:    T:0.33962    C:0.18868    A:0.37736    G:0.09434
position  3:    T:0.30189    C:0.20755    A:0.11321    G:0.37736
Average         T:0.27673    C:0.20126    A:0.27044    G:0.25157

#28: GyrantGazelle  
position  1:    T:0.18868    C:0.20755    A:0.32075    G:0.28302
position  2:    T:0.33962    C:0.18868    A:0.37736    G:0.09434
position  3:    T:0.28302    C:0.22642    A:0.13208    G:0.35849
Average         T:0.27044    C:0.20755    A:0.27673    G:0.24528

#29: Hartebeest     
position  1:    T:0.18868    C:0.20755    A:0.32075    G:0.28302
position  2:    T:0.33962    C:0.18868    A:0.37736    G:0.09434
position  3:    T:0.30189    C:0.20755    A:0.11321    G:0.37736
Average         T:0.27673    C:0.20126    A:0.27044    G:0.25157

#30: Bongo          
position  1:    T:0.20755    C:0.18868    A:0.30189    G:0.30189
position  2:    T:0.33962    C:0.20755    A:0.35849    G:0.09434
position  3:    T:0.26415    C:0.22642    A:0.13208    G:0.37736
Average         T:0.27044    C:0.20755    A:0.26415    G:0.25786

#31: Gerenuk        
position  1:    T:0.18868    C:0.20755    A:0.32075    G:0.28302
position  2:    T:0.33962    C:0.18868    A:0.37736    G:0.09434
position  3:    T:0.28302    C:0.22642    A:0.11321    G:0.37736
Average         T:0.27044    C:0.20755    A:0.27044    G:0.25157

#32: CommonEland    
position  1:    T:0.18868    C:0.20755    A:0.32075    G:0.28302
position  2:    T:0.33962    C:0.18868    A:0.37736    G:0.09434
position  3:    T:0.28302    C:0.22642    A:0.11321    G:0.37736
Average         T:0.27044    C:0.20755    A:0.27044    G:0.25157

#33: MuntiacusReevesi
position  1:    T:0.18868    C:0.18868    A:0.32075    G:0.30189
position  2:    T:0.33962    C:0.18868    A:0.37736    G:0.09434
position  3:    T:0.26415    C:0.24528    A:0.11321    G:0.37736
Average         T:0.26415    C:0.20755    A:0.27044    G:0.25786

#34: HarveysDuiker  
position  1:    T:0.18868    C:0.20755    A:0.32075    G:0.28302
position  2:    T:0.33962    C:0.18868    A:0.37736    G:0.09434
position  3:    T:0.26415    C:0.24528    A:0.11321    G:0.37736
Average         T:0.26415    C:0.21384    A:0.27044    G:0.25157

#35: Pronghorn      
position  1:    T:0.18868    C:0.20755    A:0.32075    G:0.28302
position  2:    T:0.33962    C:0.18868    A:0.35849    G:0.11321
position  3:    T:0.24528    C:0.24528    A:0.11321    G:0.39623
Average         T:0.25786    C:0.21384    A:0.26415    G:0.26415

#36: BlueWildebeest 
position  1:    T:0.18868    C:0.20755    A:0.32075    G:0.28302
position  2:    T:0.33962    C:0.18868    A:0.37736    G:0.09434
position  3:    T:0.28302    C:0.22642    A:0.11321    G:0.37736
Average         T:0.27044    C:0.20755    A:0.27044    G:0.25157

#37: Gemsbok        
position  1:    T:0.18868    C:0.20755    A:0.32075    G:0.28302
position  2:    T:0.33962    C:0.18868    A:0.37736    G:0.09434
position  3:    T:0.28302    C:0.22642    A:0.11321    G:0.37736
Average         T:0.27044    C:0.20755    A:0.27044    G:0.25157

#38: Yak            
position  1:    T:0.18868    C:0.20755    A:0.32075    G:0.28302
position  2:    T:0.33962    C:0.18868    A:0.37736    G:0.09434
position  3:    T:0.28302    C:0.22642    A:0.11321    G:0.37736
Average         T:0.27044    C:0.20755    A:0.27044    G:0.25157

#39: BlueSheep      
position  1:    T:0.18868    C:0.20755    A:0.32075    G:0.28302
position  2:    T:0.33962    C:0.18868    A:0.37736    G:0.09434
position  3:    T:0.30189    C:0.20755    A:0.11321    G:0.37736
Average         T:0.27673    C:0.20126    A:0.27044    G:0.25157

#40: BohorReedbuck  
position  1:    T:0.18868    C:0.20755    A:0.32075    G:0.28302
position  2:    T:0.33962    C:0.18868    A:0.37736    G:0.09434
position  3:    T:0.28302    C:0.22642    A:0.13208    G:0.35849
Average         T:0.27044    C:0.20755    A:0.27673    G:0.24528

#41: KirksDik       
position  1:    T:0.18868    C:0.20755    A:0.32075    G:0.28302
position  2:    T:0.33962    C:0.18868    A:0.37736    G:0.09434
position  3:    T:0.28302    C:0.22642    A:0.11321    G:0.37736
Average         T:0.27044    C:0.20755    A:0.27044    G:0.25157

#42: RoeDeer        
position  1:    T:0.18868    C:0.18868    A:0.30189    G:0.32075
position  2:    T:0.33962    C:0.18868    A:0.37736    G:0.09434
position  3:    T:0.24528    C:0.26415    A:0.11321    G:0.37736
Average         T:0.25786    C:0.21384    A:0.26415    G:0.26415

#43: WhiteLippedDeer
position  1:    T:0.18868    C:0.18868    A:0.32075    G:0.30189
position  2:    T:0.33962    C:0.18868    A:0.37736    G:0.09434
position  3:    T:0.28302    C:0.24528    A:0.11321    G:0.35849
Average         T:0.27044    C:0.20755    A:0.27044    G:0.25157

#44: ThomsonGazelle 
position  1:    T:0.18868    C:0.20755    A:0.32075    G:0.28302
position  2:    T:0.33962    C:0.18868    A:0.37736    G:0.09434
position  3:    T:0.28302    C:0.22642    A:0.11321    G:0.37736
Average         T:0.27044    C:0.20755    A:0.27044    G:0.25157

#45: MuntiacusCrinifrons
position  1:    T:0.18868    C:0.18868    A:0.32075    G:0.30189
position  2:    T:0.33962    C:0.18868    A:0.37736    G:0.09434
position  3:    T:0.26415    C:0.24528    A:0.11321    G:0.37736
Average         T:0.26415    C:0.20755    A:0.27044    G:0.25786

#46: WhiteTailedDeer
position  1:    T:0.18868    C:0.18868    A:0.32075    G:0.30189
position  2:    T:0.33962    C:0.18868    A:0.37736    G:0.09434
position  3:    T:0.26415    C:0.28302    A:0.09434    G:0.35849
Average         T:0.26415    C:0.22013    A:0.26415    G:0.25157

#47: Cattle         
position  1:    T:0.18868    C:0.20755    A:0.32075    G:0.28302
position  2:    T:0.33962    C:0.18868    A:0.37736    G:0.09434
position  3:    T:0.28302    C:0.22642    A:0.11321    G:0.37736
Average         T:0.27044    C:0.20755    A:0.27044    G:0.25157

#48: RoyalAntelope  
position  1:    T:0.16981    C:0.22642    A:0.32075    G:0.28302
position  2:    T:0.33962    C:0.18868    A:0.37736    G:0.09434
position  3:    T:0.26415    C:0.24528    A:0.11321    G:0.37736
Average         T:0.25786    C:0.22013    A:0.27044    G:0.25157

#49: Steenbok       
position  1:    T:0.18868    C:0.20755    A:0.32075    G:0.28302
position  2:    T:0.33962    C:0.18868    A:0.37736    G:0.09434
position  3:    T:0.26415    C:0.24528    A:0.11321    G:0.37736
Average         T:0.26415    C:0.21384    A:0.27044    G:0.25157

#50: Impala         
position  1:    T:0.18868    C:0.20755    A:0.32075    G:0.28302
position  2:    T:0.33962    C:0.18868    A:0.37736    G:0.09434
position  3:    T:0.26415    C:0.24528    A:0.11321    G:0.37736
Average         T:0.26415    C:0.21384    A:0.27044    G:0.25157

#51: Klipspringer   
position  1:    T:0.18868    C:0.20755    A:0.32075    G:0.28302
position  2:    T:0.33962    C:0.18868    A:0.37736    G:0.09434
