1
52 1
Argali 0.000000 0.353000 0.088800 0.321200 0.069700 0.000000 0.067000 0.108300 0.125000 0.091100 0.000000 0.069900 0.034400 0.051200 0.069100 0.051700 0.106600 0.052800 0.000000 0.086300 0.069800 0.016800 0.123600 0.108800 0.000000 0.052000 0.034400 0.106100 0.033600 0.106100 0.088500 0.034600 0.156700 0.071400 0.051900 0.070000 0.016700 0.070400 0.124400 0.088500 0.123200 0.052000 0.091100 0.127500 0.070000 0.163300 0.126500 0.085300 0.072600 0.067700 0.106100 0.105500
LesserMous 0.353000 0.000000 0.352500 0.248900 0.321600 0.353000 0.345200 0.302700 0.321700 0.257900 0.353000 0.275500 0.366000 0.317100 0.292800 0.294800 0.294700 0.277000 0.351700 0.316700 0.322200 0.334700 0.311800 0.276700 0.353000 0.298400 0.366000 0.297400 0.315400 0.297400 0.295800 0.299700 0.291300 0.372700 0.392000 0.276300 0.334700 0.325200 0.371300 0.295600 0.310200 0.298400 0.257900 0.298700 0.276300 0.393500 0.377600 0.309500 0.322600 0.286400 0.297400 0.303300
LesserKudu 0.088800 0.352500 0.000000 0.272900 0.124500 0.088800 0.124600 0.185800 0.118400 0.109300 0.088800 0.050400 0.110200 0.122300 0.141500 0.143400 0.124200 0.070200 0.106700 0.081800 0.124600 0.071500 0.141100 0.126900 0.088800 0.106000 0.110200 0.100400 0.122600 0.100400 0.106100 0.106100 0.172400 0.112100 0.129500 0.050600 0.071500 0.125800 0.142100 0.106100 0.140600 0.106000 0.109300 0.145900 0.050600 0.198100 0.144300 0.139100 0.149200 0.083300 0.100400 0.102300
KillerWhal 0.321200 0.248900 0.272900 0.000000 0.378700 0.321200 0.363600 0.348100 0.368700 0.277800 0.321200 0.294400 0.332900 0.336400 0.362400 0.338600 0.313200 0.249400 0.320200 0.312300 0.316400 0.303400 0.332100 0.296800 0.321200 0.342600 0.332900 0.342400 0.359400 0.342400 0.268900 0.318700 0.342000 0.287100 0.357700 0.295100 0.303400 0.383200 0.364900 0.268900 0.284500 0.342600 0.277800 0.319500 0.295100 0.333600 0.426900 0.377800 0.385200 0.305100 0.342400 0.349500
DefassaWat 0.069700 0.321600 0.124500 0.378700 0.000000 0.069700 0.064900 0.069300 0.067900 0.089300 0.069700 0.068300 0.071700 0.050200 0.067700 0.050700 0.104300 0.087700 0.069400 0.084600 0.033500 0.052600 0.121100 0.106700 0.069700 0.016700 0.071700 0.067900 0.033000 0.067900 0.124000 0.033900 0.152900 0.111700 0.090200 0.068600 0.052600 0.016300 0.085300 0.124000 0.120600 0.016700 0.089300 0.125200 0.068600 0.160300 0.086500 0.083700 0.071100 0.101700 0.067900 0.068900
Sheep 0.000000 0.353000 0.088800 0.321200 0.069700 0.000000 0.067000 0.108300 0.125000 0.091100 0.000000 0.069900 0.034400 0.051200 0.069100 0.051700 0.106600 0.052800 0.000000 0.086300 0.069800 0.016800 0.123600 0.108800 0.000000 0.052000 0.034400 0.106100 0.033600 0.106100 0.088500 0.034600 0.156700 0.071400 0.051900 0.070000 0.016800 0.070400 0.124400 0.088500 0.123200 0.052000 0.091100 0.127500 0.070000 0.163300 0.126500 0.085300 0.072600 0.067700 0.106100 0.105500
MaxwellsDu 0.067000 0.345200 0.124600 0.363600 0.064900 0.067000 0.000000 0.087600 0.123000 0.087100 0.067000 0.068400 0.053200 0.033100 0.033300 0.083300 0.101900 0.084900 0.051600 0.121200 0.066400 0.049100 0.119400 0.104800 0.067000 0.047100 0.053200 0.104200 0.065500 0.104200 0.122400 0.016800 0.153000 0.092200 0.071300 0.068700 0.049100 0.065600 0.120300 0.122300 0.118900 0.047100 0.087100 0.123500 0.068700 0.160200 0.122200 0.044400 0.089800 0.101700 0.104200 0.105800
GazellaPrz 0.108300 0.302700 0.185800 0.348100 0.069300 0.108300 0.087600 0.000000 0.143000 0.129800 0.108300 0.124600 0.111200 0.085900 0.104700 0.087400 0.106100 0.127400 0.107500 0.140900 0.069400 0.090900 0.161400 0.147600 0.108300 0.051700 0.111200 0.123700 0.068300 0.123700 0.165500 0.069900 0.176600 0.133300 0.130500 0.124600 0.090900 0.070100 0.123700 0.165400 0.160700 0.051700 0.129800 0.167200 0.124600 0.222600 0.125600 0.084900 0.110100 0.158700 0.123700 0.125700
MountainNy 0.125000 0.321700 0.118400 0.368700 0.067900 0.125000 0.123000 0.143000 0.000000 0.107700 0.125000 0.049700 0.147900 0.084400 0.139700 0.103800 0.122300 0.105800 0.143300 0.031200 0.085900 0.107800 0.102100 0.125100 0.125000 0.068200 0.147900 0.015700 0.084600 0.015700 0.142600 0.104600 0.169500 0.192500 0.127300 0.049900 0.107800 0.068600 0.102900 0.142500 0.101700 0.068200 0.107700 0.144100 0.049900 0.217000 0.104200 0.137400 0.146800 0.117500 0.015700 0.015900
MuntiacusM 0.091100 0.257900 0.109300 0.277800 0.089300 0.091100 0.087100 0.129800 0.107700 0.000000 0.091100 0.052500 0.093900 0.069800 0.088300 0.108100 0.052300 0.035200 0.090700 0.106100 0.089400 0.073500 0.069000 0.017500 0.091100 0.071000 0.093900 0.088800 0.088000 0.088800 0.034500 0.053100 0.095800 0.137000 0.113400 0.052800 0.073500 0.090300 0.145900 0.034500 0.068700 0.071000 0.000000 0.035000 0.052800 0.124500 0.148300 0.104600 0.133200 0.086600 0.088800 0.090200
goat 0.000000 0.353000 0.088800 0.321200 0.069700 0.000000 0.067000 0.108300 0.125000 0.091100 0.000000 0.069900 0.034400 0.051200 0.069100 0.051700 0.106600 0.052800 0.000000 0.086300 0.069800 0.016800 0.123600 0.108800 0.000000 0.052000 0.034400 0.106100 0.033600 0.106100 0.088500 0.034600 0.156700 0.071400 0.051900 0.070000 0.016800 0.070400 0.124400 0.088500 0.123200 0.052000 0.091100 0.127500 0.070000 0.163300 0.126500 0.085300 0.072600 0.067700 0.106100 0.105500
AfricanBuf 0.069900 0.275500 0.050400 0.294400 0.068300 0.069900 0.068400 0.124600 0.049700 0.052500 0.069900 0.000000 0.090400 0.067200 0.085000 0.086200 0.068200 0.051700 0.087500 0.049000 0.068400 0.052800 0.084800 0.069700 0.069900 0.050900 0.090400 0.032800 0.067400 0.032800 0.086800 0.051000 0.110200 0.131800 0.109300 0.000000 0.052800 0.069100 0.085200 0.086700 0.084500 0.050900 0.052500 0.087600 0.000000 0.157400 0.086500 0.083500 0.127900 0.065400 0.032800 0.033400
Topi 0.034400 0.366000 0.110200 0.332900 0.071700 0.034400 0.053200 0.111200 0.147900 0.093900 0.034400 0.090400 0.000000 0.052400 0.070700 0.090500 0.109600 0.054200 0.034100 0.106900 0.071800 0.017300 0.126900 0.112000 0.034400 0.053500 0.000000 0.128000 0.070700 0.128000 0.091000 0.035400 0.183600 0.035900 0.053000 0.090400 0.017300 0.072500 0.128000 0.090900 0.126400 0.053500 0.093900 0.131400 0.090400 0.187800 0.130200 0.087500 0.074400 0.087300 0.128000 0.127400
CommonDuik 0.051200 0.317100 0.122300 0.336400 0.050200 0.051200 0.033100 0.085900 0.084400 0.069800 0.051200 0.067200 0.052400 0.000000 0.049500 0.067600 0.085100 0.068700 0.050800 0.083200 0.050200 0.034400 0.066300 0.086900 0.051200 0.033300 0.052400 0.066800 0.049500 0.066800 0.103900 0.016500 0.150000 0.090700 0.034400 0.067200 0.034400 0.050700 0.102300 0.103800 0.066100 0.033300 0.069800 0.104800 0.067200 0.156800 0.103800 0.065500 0.088400 0.100000 0.066800 0.067800
Suni 0.069100 0.292800 0.141500 0.362400 0.067700 0.069100 0.033300 0.104700 0.139700 0.088300 0.069100 0.085000 0.070700 0.049500 0.000000 0.085500 0.103300 0.086900 0.068600 0.137900 0.067800 0.052100 0.119900 0.105500 0.069100 0.050500 0.070700 0.120900 0.066800 0.120900 0.122700 0.033400 0.170800 0.110100 0.088900 0.085300 0.052100 0.068400 0.120800 0.122600 0.119500 0.050500 0.088300 0.123800 0.085300 0.177300 0.122700 0.032100 0.107400 0.082400 0.120900 0.122800
Springbuck 0.051700 0.294800 0.143400 0.338600 0.050700 0.051700 0.083300 0.087400 0.103800 0.108100 0.051700 0.086200 0.090500 0.067600 0.085500 0.000000 0.123000 0.106400 0.051500 0.102400 0.050800 0.071000 0.139700 0.125500 0.051700 0.033700 0.090500 0.085600 0.016300 0.085600 0.143000 0.051300 0.173200 0.131700 0.109400 0.086600 0.071000 0.051200 0.103200 0.142900 0.139500 0.033700 0.108100 0.144200 0.086600 0.179700 0.104800 0.101400 0.089500 0.119700 0.085600 0.086900
Okapi 0.106600 0.294700 0.124200 0.313200 0.104300 0.106600 0.101900 0.106100 0.122300 0.052300 0.106600 0.068200 0.109600 0.085100 0.103300 0.123000 0.000000 0.051500 0.106200 0.120700 0.104500 0.089400 0.084500 0.069400 0.106600 0.086500 0.109600 0.103800 0.102900 0.103800 0.086400 0.068900 0.111600 0.152200 0.128900 0.068500 0.089400 0.105500 0.160000 0.086300 0.084200 0.086500 0.052300 0.087100 0.068500 0.159200 0.162600 0.083500 0.148100 0.101500 0.103800 0.105400
Giraffe 0.052800 0.277000 0.070200 0.249400 0.087700 0.052800 0.084900 0.127400 0.105800 0.035200 0.052800 0.051700 0.054200 0.068700 0.086900 0.106400 0.051500 0.000000 0.052500 0.068200 0.087800 0.035400 0.068200 0.052600 0.052800 0.069800 0.054200 0.087300 0.086500 0.087300 0.034200 0.052200 0.093900 0.094000 0.072800 0.051900 0.035400 0.088700 0.143300 0.034200 0.068000 0.069800 0.035200 0.070400 0.051900 0.142500 0.145700 0.103000 0.091300 0.050200 0.087300 0.088700
TibetanAnt 0.000000 0.351700 0.106700 0.320200 0.069400 0.000000 0.051600 0.107500 0.143300 0.090700 0.000000 0.087500 0.034100 0.050800 0.068600 0.051500 0.106200 0.052500 0.000000 0.103800 0.069500 0.016800 0.123100 0.108400 0.000000 0.051800 0.034100 0.124000 0.033500 0.124000 0.088200 0.034300 0.176600 0.070600 0.051300 0.087600 0.016800 0.070200 0.124000 0.088100 0.122600 0.051800 0.090700 0.127100 0.087600 0.182000 0.126000 0.085000 0.072000 0.084800 0.124000 0.123400
Sitatunga 0.086300 0.316700 0.081800 0.312300 0.084600 0.086300 0.121200 0.140900 0.031200 0.106100 0.086300 0.049000 0.106900 0.083200 0.137900 0.102400 0.120700 0.068200 0.103800 0.000000 0.084600 0.069400 0.100800 0.123300 0.086300 0.067200 0.106900 0.015500 0.083400 0.015500 0.103200 0.103100 0.167000 0.148200 0.087800 0.049200 0.069400 0.085500 0.101400 0.103200 0.100500 0.067200 0.106100 0.141900 0.049200 0.214100 0.102800 0.135600 0.106100 0.081200 0.015500 0.015700
Oribi 0.069800 0.322200 0.124600 0.316400 0.033500 0.069800 0.066400 0.069400 0.085900 0.089400 0.069800 0.068400 0.071800 0.050200 0.067800 0.050800 0.104500 0.087800 0.069500 0.084600 0.000000 0.052700 0.121100 0.106800 0.069800 0.016700 0.071800 0.068000 0.033000 0.068000 0.124100 0.033900 0.153000 0.112000 0.090300 0.068700 0.052700 0.033900 0.050200 0.124000 0.120700 0.016700 0.089400 0.125300 0.068700 0.121800 0.086600 0.083700 0.071100 0.101700 0.068000 0.069000
BarbaryShe 0.016800 0.334700 0.071500 0.303400 0.052600 0.016800 0.049100 0.090900 0.107800 0.073500 0.016800 0.052800 0.017300 0.034400 0.052100 0.071000 0.089400 0.035400 0.016800 0.069400 0.052700 0.000000 0.106600 0.091300 0.016800 0.034900 0.017300 0.088900 0.051900 0.088900 0.071300 0.017400 0.138400 0.054000 0.034900 0.052800 0.000000 0.053200 0.107300 0.071300 0.106200 0.034900 0.073500 0.110100 0.052800 0.145900 0.109200 0.068600 0.054800 0.051100 0.088900 0.088500
Daviddeer 0.123600 0.311800 0.141100 0.332100 0.121100 0.123600 0.119400 0.161400 0.102100 0.069000 0.123600 0.084800 0.126900 0.066300 0.119900 0.139700 0.084500 0.068200 0.123100 0.100800 0.121100 0.106600 0.000000 0.050200 0.123600 0.103100 0.126900 0.084200 0.119400 0.084200 0.102700 0.085500 0.129200 0.170000 0.107300 0.085100 0.106600 0.122300 0.176900 0.067100 0.032100 0.103100 0.069000 0.067600 0.085100 0.176200 0.179800 0.135500 0.165600 0.117800 0.084200 0.085500
Reindeer 0.108800 0.276700 0.126900 0.296800 0.106700 0.108800 0.104800 0.147600 0.125100 0.017500 0.108800 0.069700 0.112000 0.086900 0.105500 0.125500 0.069400 0.052600 0.108400 0.123300 0.106800 0.091300 0.050200 0.000000 0.108800 0.088300 0.112000 0.106100 0.105100 0.106100 0.051500 0.070400 0.114200 0.155700 0.131700 0.070000 0.091300 0.107900 0.163600 0.016800 0.050400 0.088300 0.017500 0.017100 0.070000 0.141800 0.166200 0.121600 0.151500 0.103500 0.106100 0.107800
Ibex 0.000000 0.353000 0.088800 0.321200 0.069700 0.000000 0.067000 0.108300 0.125000 0.091100 0.000000 0.069900 0.034400 0.051200 0.069100 0.051700 0.106600 0.052800 0.000000 0.086300 0.069800 0.016800 0.123600 0.108800 0.000000 0.052000 0.034400 0.106100 0.033600 0.106100 0.088500 0.034600 0.156700 0.071400 0.051900 0.070000 0.016600 0.070400 0.124400 0.088500 0.123200 0.052000 0.091100 0.127500 0.070000 0.163300 0.126500 0.085300 0.072600 0.067700 0.106100 0.105500
GyrantGaze 0.052000 0.298400 0.106000 0.342600 0.016700 0.052000 0.047100 0.051700 0.068200 0.071000 0.052000 0.050900 0.053500 0.033300 0.050500 0.033700 0.086500 0.069800 0.051800 0.067200 0.016700 0.034900 0.103100 0.088300 0.052000 0.000000 0.053500 0.050600 0.016400 0.050600 0.105600 0.016900 0.132800 0.092700 0.071800 0.051200 0.034900 0.016800 0.067800 0.105500 0.102700 0.000000 0.071000 0.106600 0.051200 0.141200 0.068800 0.066500 0.053000 0.084200 0.050600 0.051400
Hartebeest 0.034400 0.366000 0.110200 0.332900 0.071700 0.034400 0.053200 0.111200 0.147900 0.093900 0.034400 0.090400 0.000000 0.052400 0.070700 0.090500 0.109600 0.054200 0.034100 0.106900 0.071800 0.017300 0.126900 0.112000 0.034400 0.053500 0.000000 0.128000 0.070700 0.128000 0.091000 0.035400 0.183600 0.035900 0.051900 0.090400 0.017300 0.072500 0.128000 0.090900 0.126400 0.053500 0.093900 0.131400 0.090400 0.187800 0.130200 0.087500 0.074400 0.087300 0.128000 0.127400
Bongo 0.106100 0.297400 0.100400 0.342400 0.067900 0.106100 0.104200 0.123700 0.015700 0.088800 0.106100 0.032800 0.128000 0.066800 0.120900 0.085600 0.103800 0.087300 0.124000 0.015500 0.068000 0.088900 0.084200 0.106100 0.106100 0.050600 0.128000 0.000000 0.067000 0.000000 0.123400 0.086300 0.149100 0.171300 0.108000 0.032900 0.088900 0.068600 0.084700 0.123300 0.084000 0.050600 0.088800 0.124600 0.032900 0.196400 0.085900 0.118900 0.126900 0.099700 0.000000 0.000000
Gerenuk 0.033600 0.315400 0.122600 0.359400 0.033000 0.033600 0.065500 0.068300 0.084600 0.088000 0.033600 0.067400 0.070700 0.049500 0.066800 0.016300 0.102900 0.086500 0.033500 0.083400 0.033000 0.051900 0.119400 0.105100 0.033600 0.016400 0.070700 0.067000 0.000000 0.067000 0.122200 0.033400 0.150200 0.110100 0.088900 0.067600 0.051900 0.033400 0.084000 0.122100 0.119000 0.016400 0.088000 0.123200 0.067600 0.157800 0.085300 0.082500 0.070000 0.100300 0.067000 0.067900
CommonElan 0.106100 0.297400 0.100400 0.342400 0.067900 0.106100 0.104200 0.123700 0.015700 0.088800 0.106100 0.032800 0.128000 0.066800 0.120900 0.085600 0.103800 0.087300 0.124000 0.015500 0.068000 0.088900 0.084200 0.106100 0.106100 0.050600 0.128000 0.000000 0.067000 0.000000 0.123400 0.086300 0.149100 0.171300 0.108000 0.032900 0.088900 0.068600 0.084700 0.123300 0.084000 0.050600 0.088800 0.124600 0.032900 0.196400 0.085900 0.118900 0.126900 0.099700 0.000000 0.000000
MuntiacusR 0.088500 0.295800 0.106100 0.268900 0.124000 0.088500 0.122400 0.165500 0.142600 0.034500 0.088500 0.086800 0.091000 0.103900 0.122700 0.143000 0.086400 0.034200 0.088200 0.103200 0.124100 0.071300 0.102700 0.051500 0.088500 0.105600 0.091000 0.123400 0.122200 0.123400 0.000000 0.087600 0.132600 0.132600 0.110100 0.087100 0.071300 0.125300 0.181300 0.033500 0.102300 0.105600 0.034500 0.068900 0.087100 0.159200 0.184200 0.138600 0.129200 0.084300 0.123400 0.125400
HarveysDui 0.034600 0.299700 0.106100 0.318700 0.033900 0.034600 0.016800 0.069900 0.104600 0.053100 0.034600 0.051000 0.035400 0.016500 0.033400 0.051300 0.068900 0.052200 0.034300 0.103100 0.033900 0.017400 0.085500 0.070400 0.034600 0.016900 0.035400 0.086300 0.033400 0.086300 0.087600 0.000000 0.132900 0.073600 0.053400 0.051200 0.017400 0.034300 0.086200 0.087500 0.085200 0.016900 0.053100 0.088400 0.051200 0.141300 0.087500 0.049700 0.071600 0.084200 0.086300 0.087600
Pronghorn 0.156700 0.291300 0.172400 0.342000 0.152900 0.156700 0.153000 0.176600 0.169500 0.095800 0.156700 0.110200 0.183600 0.150000 0.170800 0.173200 0.111600 0.093900 0.176600 0.167000 0.153000 0.138400 0.129200 0.114200 0.156700 0.132800 0.183600 0.149100 0.150200 0.149100 0.132600 0.132900 0.000000 0.235500 0.205600 0.110700 0.138400 0.154700 0.172100 0.132500 0.128700 0.132800 0.095800 0.133900 0.110700 0.209800 0.219400 0.167700 0.201200 0.145200 0.149100 0.152400
BlueWildeb 0.071400 0.372700 0.112100 0.287100 0.111700 0.071400 0.092200 0.133300 0.192500 0.137000 0.071400 0.131800 0.035900 0.090700 0.110100 0.131700 0.152200 0.094000 0.070600 0.148200 0.112000 0.054000 0.170000 0.155700 0.071400 0.092700 0.035900 0.171300 0.110100 0.171300 0.132600 0.073600 0.235500 0.000000 0.091700 0.131700 0.054000 0.113100 0.171500 0.132500 0.169200 0.092700 0.137000 0.176100 0.131700 0.212100 0.174500 0.127300 0.116200 0.126900 0.171300 0.170400
Gemsbok 0.051900 0.392000 0.129500 0.357700 0.090200 0.051900 0.071300 0.130500 0.127300 0.113400 0.051900 0.109300 0.053000 0.034400 0.088900 0.109400 0.128900 0.072800 0.051300 0.087800 0.090300 0.034900 0.107300 0.131700 0.051900 0.071800 0.051900 0.108000 0.088900 0.108000 0.110100 0.053400 0.205600 0.091700 0.000000 0.109200 0.034900 0.091200 0.147400 0.110000 0.106900 0.071800 0.113400 0.151300 0.109200 0.208800 0.150000 0.105900 0.093600 0.105600 0.108000 0.107400
Yak 0.070000 0.276300 0.050600 0.295100 0.068600 0.070000 0.068700 0.124600 0.049900 0.052800 0.070000 0.000000 0.090400 0.067200 0.085300 0.086600 0.068500 0.051900 0.087600 0.049200 0.068700 0.052800 0.085100 0.070000 0.070000 0.051200 0.090400 0.032900 0.067600 0.032900 0.087100 0.051200 0.110700 0.131700 0.109200 0.000000 0.052800 0.069300 0.085600 0.087100 0.084800 0.051200 0.052800 0.087900 0.000000 0.157300 0.086900 0.083900 0.128300 0.065700 0.032900 0.033400
BlueSheep 0.016700 0.334700 0.071500 0.303400 0.052600 0.016800 0.049100 0.090900 0.107800 0.073500 0.016800 0.052800 0.017300 0.034400 0.052100 0.071000 0.089400 0.035400 0.016800 0.069400 0.052700 0.000000 0.106600 0.091300 0.016600 0.034900 0.017300 0.088900 0.051900 0.088900 0.071300 0.017400 0.138400 0.054000 0.034900 0.052800 0.000000 0.053200 0.107300 0.071300 0.106200 0.034900 0.073500 0.110100 0.052800 0.145900 0.109200 0.068600 0.054800 0.051100 0.088900 0.088500
BohorReedb 0.070400 0.325200 0.125800 0.383200 0.016300 0.070400 0.065600 0.070100 0.068600 0.090300 0.070400 0.069100 0.072500 0.050700 0.068400 0.051200 0.105500 0.088700 0.070200 0.085500 0.033900 0.053200 0.122300 0.107900 0.070400 0.016800 0.072500 0.068600 0.033400 0.068600 0.125300 0.034300 0.154700 0.113100 0.091200 0.069300 0.053200 0.000000 0.086200 0.125300 0.121800 0.016800 0.090300 0.126600 0.069300 0.161900 0.087400 0.084500 0.071900 0.102700 0.068600 0.069600
KirksDik 0.124400 0.371300 0.142100 0.364900 0.085300 0.124400 0.120300 0.123700 0.102900 0.145900 0.124400 0.085200 0.128000 0.102300 0.120800 0.103200 0.160000 0.143300 0.124000 0.101400 0.050200 0.107300 0.176900 0.163600 0.124400 0.067800 0.128000 0.084700 0.084000 0.084700 0.181300 0.086200 0.172100 0.171500 0.147400 0.085600 0.107300 0.086200 0.000000 0.181200 0.176100 0.067800 0.145900 0.183000 0.085600 0.177900 0.067400 0.136600 0.126800 0.155700 0.084700 0.086000
RoeDeer 0.088500 0.295600 0.106100 0.268900 0.124000 0.088500 0.122300 0.165400 0.142500 0.034500 0.088500 0.086700 0.090900 0.103800 0.122600 0.142900 0.086300 0.034200 0.088100 0.103200 0.124000 0.071300 0.067100 0.016800 0.088500 0.105500 0.090900 0.123300 0.122100 0.123300 0.033500 0.087500 0.132500 0.132500 0.110000 0.087100 0.071300 0.125300 0.181200 0.000000 0.066900 0.105500 0.034500 0.033800 0.087100 0.159100 0.184100 0.138500 0.129100 0.084300 0.123300 0.125300
WhiteLippe 0.123200 0.310200 0.140600 0.284500 0.120600 0.123200 0.118900 0.160700 0.101700 0.068700 0.123200 0.084500 0.126400 0.066100 0.119500 0.139500 0.084200 0.068000 0.122600 0.100500 0.120700 0.106200 0.032100 0.050400 0.123200 0.102700 0.126400 0.084000 0.119000 0.084000 0.102300 0.085200 0.128700 0.169200 0.106900 0.084800 0.106200 0.121800 0.176100 0.066900 0.000000 0.102700 0.068700 0.067400 0.084800 0.175500 0.179000 0.135000 0.164900 0.117400 0.084000 0.085200
ThomsonGaz 0.052000 0.298400 0.106000 0.342600 0.016700 0.052000 0.047100 0.051700 0.068200 0.071000 0.052000 0.050900 0.053500 0.033300 0.050500 0.033700 0.086500 0.069800 0.051800 0.067200 0.016700 0.034900 0.103100 0.088300 0.052000 0.000000 0.053500 0.050600 0.016400 0.050600 0.105600 0.016900 0.132800 0.092700 0.071800 0.051200 0.034900 0.016800 0.067800 0.105500 0.102700 0.000000 0.071000 0.106600 0.051200 0.141200 0.068800 0.066500 0.053000 0.084200 0.050600 0.051400
MuntiacusC 0.091100 0.257900 0.109300 0.277800 0.089300 0.091100 0.087100 0.129800 0.107700 0.000000 0.091100 0.052500 0.093900 0.069800 0.088300 0.108100 0.052300 0.035200 0.090700 0.106100 0.089400 0.073500 0.069000 0.017500 0.091100 0.071000 0.093900 0.088800 0.088000 0.088800 0.034500 0.053100 0.095800 0.137000 0.113400 0.052800 0.073500 0.090300 0.145900 0.034500 0.068700 0.071000 0.000000 0.035000 0.052800 0.124500 0.148300 0.104600 0.133200 0.086600 0.088800 0.090200
WhiteTaile 0.127500 0.298700 0.145900 0.319500 0.125200 0.127500 0.123500 0.167200 0.144100 0.035000 0.127500 0.087600 0.131400 0.104800 0.123800 0.144200 0.087100 0.070400 0.127100 0.141900 0.125300 0.110100 0.067600 0.017100 0.127500 0.106600 0.131400 0.124600 0.123200 0.124600 0.068900 0.088400 0.133900 0.176100 0.151300 0.087900 0.110100 0.126600 0.183000 0.033800 0.067400 0.106600 0.035000 0.000000 0.087900 0.160600 0.185800 0.139800 0.171600 0.121400 0.124600 0.126700
Cattle 0.070000 0.276300 0.050600 0.295100 0.068600 0.070000 0.068700 0.124600 0.049900 0.052800 0.070000 0.000000 0.090400 0.067200 0.085300 0.086600 0.068500 0.051900 0.087600 0.049200 0.068700 0.052800 0.085100 0.070000 0.070000 0.051200 0.090400 0.032900 0.067600 0.032900 0.087100 0.051200 0.110700 0.131700 0.109200 0.000000 0.052800 0.069300 0.085600 0.087100 0.084800 0.051200 0.052800 0.087900 0.000000 0.157300 0.086900 0.083900 0.128300 0.065700 0.032900 0.033400
RoyalAntel 0.163300 0.393500 0.198100 0.333600 0.160300 0.163300 0.160200 0.222600 0.217000 0.124500 0.163300 0.157400 0.187800 0.156800 0.177300 0.179700 0.159200 0.142500 0.182000 0.214100 0.121800 0.145900 0.176200 0.141800 0.163300 0.141200 0.187800 0.196400 0.157800 0.196400 0.159200 0.141300 0.209800 0.212100 0.208800 0.157300 0.145900 0.161900 0.177900 0.159100 0.175500 0.141200 0.124500 0.160600 0.157300 0.000000 0.202100 0.174400 0.229900 0.191400 0.196400 0.199400
Steenbok 0.126500 0.377600 0.144300 0.426900 0.086500 0.126500 0.122200 0.125600 0.104200 0.148300 0.126500 0.086500 0.130200 0.103800 0.122700 0.104800 0.162600 0.145700 0.126000 0.102800 0.086600 0.109200 0.179800 0.166200 0.126500 0.068800 0.130200 0.085900 0.085300 0.085900 0.184200 0.087500 0.219400 0.174500 0.150000 0.086900 0.109200 0.087400 0.067400 0.184100 0.179000 0.068800 0.148300 0.185800 0.086900 0.202100 0.000000 0.138600 0.128800 0.158100 0.085900 0.087200
Impala 0.085300 0.309500 0.139100 0.377800 0.083700 0.085300 0.044400 0.084900 0.137400 0.104600 0.085300 0.083500 0.087500 0.065500 0.032100 0.101400 0.083500 0.103000 0.085000 0.135600 0.083700 0.068600 0.135500 0.121600 0.085300 0.066500 0.087500 0.118900 0.082500 0.118900 0.138600 0.049700 0.167700 0.127300 0.105900 0.083900 0.068600 0.084500 0.136600 0.138500 0.135000 0.066500 0.104600 0.139800 0.083900 0.174400 0.138600 0.000000 0.124300 0.081100 0.118900 0.120700
Klipspring 0.072600 0.322600 0.149200 0.385200 0.071100 0.072600 0.089800 0.110100 0.146800 0.133200 0.072600 0.127900 0.074400 0.088400 0.107400 0.089500 0.148100 0.091300 0.072000 0.106100 0.071100 0.054800 0.165600 0.151500 0.072600 0.053000 0.074400 0.126900 0.070000 0.126900 0.129200 0.071600 0.201200 0.116200 0.093600 0.128300 0.054800 0.071900 0.126800 0.129100 0.164900 0.053000 0.133200 0.171600 0.128300 0.229900 0.128800 0.124300 0.000000 0.124000 0.126900 0.129000
ForestMusk 0.067700 0.286400 0.083300 0.305100 0.101700 0.067700 0.101700 0.158700 0.117500 0.086600 0.067700 0.065400 0.087300 0.100000 0.082400 0.119700 0.101500 0.050200 0.084800 0.081200 0.101700 0.051100 0.117800 0.103500 0.067700 0.084200 0.087300 0.099700 0.100300 0.099700 0.084300 0.084200 0.145200 0.126900 0.105600 0.065700 0.051100 0.102700 0.155700 0.084300 0.117400 0.084200 0.086600 0.121400 0.065700 0.191400 0.158100 0.081100 0.124000 0.000000 0.099700 0.101000
Bushbuck 0.106100 0.297400 0.100400 0.342400 0.067900 0.106100 0.104200 0.123700 0.015700 0.088800 0.106100 0.032800 0.128000 0.066800 0.120900 0.085600 0.103800 0.087300 0.124000 0.015500 0.068000 0.088900 0.084200 0.106100 0.106100 0.050600 0.128000 0.000000 0.067000 0.000000 0.123400 0.086300 0.149100 0.171300 0.108000 0.032900 0.088900 0.068600 0.084700 0.123300 0.084000 0.050600 0.088800 0.124600 0.032900 0.196400 0.085900 0.118900 0.126900 0.099700 0.000000 0.000000
GreaterKud 0.105500 0.303300 0.102300 0.349500 0.068900 0.105500 0.105800 0.125700 0.015900 0.090200 0.105500 0.033400 0.127400 0.067800 0.122800 0.086900 0.105400 0.088700 0.123400 0.015700 0.069000 0.088500 0.085500 0.107800 0.105500 0.051400 0.127400 0.000000 0.067900 0.000000 0.125400 0.087600 0.152400 0.170400 0.107400 0.033400 0.088500 0.069600 0.086000 0.125300 0.085200 0.051400 0.090200 0.126700 0.033400 0.199400 0.087200 0.120700 0.129000 0.101000 0.000000 0.000000
