1
52 1
Argali 0.000000 0.208200 0.067000 0.214800 0.057400 0.007900 0.060700 0.048900 0.063800 0.078700 0.024100 0.055000 0.035200 0.055000 0.083700 0.089300 0.088000 0.084600 0.035000 0.063700 0.054300 0.021400 0.075600 0.075200 0.026800 0.068500 0.032500 0.069600 0.074500 0.063800 0.081600 0.072400 0.139500 0.026900 0.040700 0.043800 0.021400 0.057300 0.054700 0.084300 0.072700 0.068400 0.081900 0.078000 0.046600 0.077900 0.051800 0.057500 0.049000 0.069400 0.061000 0.063700
LesserMous 0.208200 0.000000 0.228700 0.256400 0.225300 0.215300 0.233100 0.222300 0.232000 0.191400 0.205100 0.207100 0.218200 0.226300 0.246800 0.254100 0.193200 0.190000 0.211100 0.231900 0.222900 0.208700 0.205000 0.217500 0.211900 0.230400 0.204200 0.241800 0.246000 0.232100 0.194900 0.234000 0.251300 0.207600 0.211200 0.194100 0.205200 0.224900 0.215700 0.225200 0.208900 0.229800 0.195400 0.228000 0.193900 0.232800 0.211900 0.232200 0.204300 0.221800 0.228900 0.231900
LesserKudu 0.067000 0.228700 0.000000 0.237100 0.087500 0.075700 0.075900 0.078600 0.021500 0.085100 0.072900 0.052400 0.064000 0.078800 0.111600 0.127300 0.087800 0.078800 0.066900 0.027000 0.090000 0.070000 0.081500 0.090500 0.075800 0.095900 0.064100 0.027000 0.111600 0.021500 0.088100 0.096900 0.146700 0.061100 0.072700 0.046800 0.070000 0.080800 0.084800 0.096700 0.084600 0.098900 0.088300 0.084400 0.043900 0.105700 0.081800 0.075400 0.078500 0.075700 0.018800 0.021500
KillerWhal 0.214800 0.256400 0.237100 0.000000 0.228000 0.214800 0.243700 0.243300 0.231600 0.199500 0.219000 0.221600 0.228900 0.236100 0.245900 0.276200 0.167500 0.170200 0.221600 0.235200 0.241100 0.204900 0.201600 0.208400 0.219100 0.255400 0.214800 0.231700 0.264700 0.231700 0.205200 0.255100 0.199500 0.218000 0.218400 0.214600 0.219200 0.235200 0.212700 0.207200 0.212100 0.255600 0.203500 0.211500 0.210800 0.244000 0.229200 0.231900 0.214600 0.201100 0.228600 0.231500
DefassaWat 0.057400 0.225300 0.087500 0.228000 0.000000 0.065900 0.072300 0.065900 0.081300 0.087600 0.063200 0.078100 0.054800 0.060800 0.098500 0.107200 0.096800 0.093400 0.060300 0.081200 0.071300 0.060400 0.093600 0.078200 0.060300 0.088600 0.052100 0.087200 0.097900 0.081300 0.090600 0.078300 0.126900 0.046400 0.063400 0.066600 0.060400 0.013300 0.060400 0.098700 0.090700 0.091500 0.090900 0.081000 0.069400 0.101800 0.068900 0.066100 0.063300 0.078200 0.078500 0.081200
Sheep 0.007900 0.215300 0.075700 0.214800 0.065900 0.000000 0.069300 0.057400 0.072500 0.087500 0.026800 0.057800 0.043500 0.063600 0.092600 0.098200 0.094000 0.090600 0.043300 0.072400 0.062800 0.029500 0.084400 0.084000 0.035000 0.077100 0.040800 0.078300 0.077400 0.072500 0.090500 0.075300 0.145800 0.035200 0.049100 0.052200 0.029500 0.065900 0.063200 0.090200 0.081500 0.077000 0.090800 0.086800 0.055100 0.080800 0.060300 0.066100 0.051900 0.072300 0.069700 0.072400
MaxwellsDu 0.060700 0.233100 0.075900 0.243700 0.072300 0.069300 0.000000 0.066400 0.069800 0.093800 0.063700 0.066600 0.057800 0.024300 0.098800 0.114100 0.106500 0.102900 0.060700 0.069700 0.077600 0.060500 0.093900 0.093200 0.066500 0.092300 0.055100 0.075600 0.098700 0.069800 0.096900 0.041000 0.152500 0.049300 0.066400 0.061000 0.060900 0.072200 0.066500 0.105500 0.091000 0.092200 0.097100 0.093100 0.058100 0.093000 0.063600 0.069100 0.066400 0.081200 0.067000 0.063900
GazellaPrz 0.048900 0.222300 0.078600 0.243300 0.065900 0.057400 0.066400 0.000000 0.072500 0.090500 0.051800 0.069300 0.040700 0.060600 0.095500 0.060200 0.100000 0.096500 0.051800 0.072400 0.026600 0.049000 0.090500 0.081100 0.049000 0.043100 0.038000 0.078300 0.046000 0.072500 0.093500 0.078100 0.151900 0.032400 0.049100 0.057900 0.049000 0.063000 0.037900 0.102100 0.087600 0.040300 0.093800 0.083900 0.060700 0.086800 0.035100 0.057500 0.054700 0.081000 0.069700 0.072400
MountainNy 0.063800 0.232000 0.021500 0.231600 0.081300 0.072500 0.069800 0.072500 0.000000 0.078900 0.066800 0.046500 0.063800 0.072700 0.105100 0.114600 0.081600 0.078400 0.060900 0.005300 0.083700 0.064000 0.075900 0.084300 0.069700 0.095600 0.058100 0.005300 0.099100 0.005300 0.081800 0.090600 0.139800 0.055200 0.066600 0.041000 0.064000 0.074700 0.078600 0.090300 0.079000 0.098500 0.082100 0.078200 0.038200 0.099300 0.075600 0.069300 0.072400 0.069600 0.008000 0.010600
MuntiacusM 0.078700 0.191400 0.085100 0.199500 0.087600 0.087500 0.093800 0.090500 0.078900 0.000000 0.084700 0.081600 0.081500 0.084800 0.105700 0.127500 0.070600 0.073200 0.072800 0.084700 0.102000 0.081300 0.024500 0.049500 0.081700 0.114200 0.075800 0.084700 0.124000 0.078800 0.002700 0.103100 0.115200 0.072700 0.084500 0.067000 0.081800 0.084600 0.078900 0.055300 0.021800 0.111000 0.002700 0.055100 0.064000 0.115100 0.093700 0.081300 0.081500 0.069700 0.076000 0.078800
goat 0.024100 0.205100 0.072900 0.219000 0.063200 0.026800 0.063700 0.051800 0.066800 0.084700 0.000000 0.057900 0.038000 0.058000 0.086800 0.092400 0.091200 0.081800 0.037900 0.066700 0.057200 0.018700 0.081600 0.081300 0.007700 0.071500 0.035300 0.072600 0.071700 0.066800 0.087700 0.069600 0.142900 0.029700 0.043600 0.052300 0.008000 0.060300 0.057600 0.087400 0.078700 0.065600 0.088000 0.084000 0.055200 0.063500 0.049100 0.060500 0.040600 0.069500 0.064000 0.066700
AfricanBuf 0.055000 0.207100 0.052400 0.221600 0.078100 0.057800 0.066600 0.069300 0.046500 0.081600 0.057900 0.000000 0.060700 0.069500 0.101800 0.117200 0.088000 0.084600 0.057900 0.046500 0.080500 0.060900 0.078600 0.087000 0.066500 0.092300 0.049300 0.052200 0.095700 0.046500 0.084500 0.081300 0.139400 0.052100 0.063500 0.021600 0.060900 0.075100 0.069500 0.090100 0.081700 0.095200 0.084800 0.080900 0.018800 0.087100 0.072400 0.072000 0.057600 0.066500 0.043800 0.046500
Topi 0.035200 0.218200 0.064000 0.228900 0.054800 0.043500 0.057800 0.040700 0.063800 0.081500 0.038000 0.060700 0.000000 0.052100 0.086600 0.086700 0.091000 0.081600 0.038000 0.063700 0.051700 0.035300 0.081600 0.078100 0.035200 0.063000 0.013400 0.069500 0.071900 0.063700 0.084500 0.069400 0.136200 0.007900 0.035100 0.049400 0.035200 0.051900 0.046500 0.087100 0.078700 0.060100 0.084800 0.080900 0.052200 0.072100 0.043600 0.054600 0.040500 0.072300 0.061000 0.063700
CommonDuik 0.055000 0.226300 0.078800 0.236100 0.060800 0.063600 0.024300 0.060600 0.072700 0.084800 0.058000 0.069500 0.052100 0.000000 0.092900 0.102100 0.100300 0.096800 0.055000 0.072600 0.071800 0.054700 0.084900 0.084300 0.060800 0.086500 0.049400 0.078500 0.092700 0.072700 0.087800 0.021600 0.146300 0.043700 0.060700 0.063900 0.055200 0.060700 0.060800 0.096500 0.082000 0.086400 0.088100 0.084100 0.060900 0.093000 0.063700 0.063400 0.060600 0.081300 0.069900 0.066800
Suni 0.083700 0.246800 0.111600 0.245900 0.098500 0.092600 0.098800 0.095500 0.105100 0.105700 0.086800 0.101800 0.086600 0.092900 0.000000 0.138600 0.127500 0.130100 0.080800 0.111100 0.106900 0.083900 0.096600 0.104700 0.089700 0.125300 0.077900 0.105100 0.125800 0.105100 0.108700 0.111200 0.181500 0.077800 0.089600 0.093000 0.083900 0.095500 0.095800 0.123600 0.099800 0.122100 0.109100 0.117000 0.092900 0.120100 0.092800 0.083400 0.095600 0.102000 0.102300 0.098900
Springbuck 0.089300 0.254100 0.127300 0.276200 0.107200 0.098200 0.114100 0.060200 0.114600 0.127500 0.092400 0.117200 0.086700 0.102100 0.138600 0.000000 0.149600 0.146100 0.101200 0.114400 0.043100 0.083400 0.130600 0.123600 0.089400 0.048700 0.083900 0.120700 0.043300 0.114600 0.127500 0.120600 0.177600 0.077900 0.095600 0.102100 0.089500 0.098100 0.077700 0.133200 0.127700 0.051400 0.127900 0.126500 0.105100 0.135600 0.080600 0.104400 0.101700 0.129800 0.111700 0.114400
Okapi 0.088000 0.193200 0.087800 0.167500 0.096800 0.094000 0.106500 0.100000 0.081600 0.070600 0.091200 0.088000 0.091000 0.100300 0.127500 0.149600 0.000000 0.018900 0.088000 0.087500 0.110800 0.090800 0.073500 0.075300 0.091200 0.123200 0.085100 0.087500 0.130100 0.081600 0.073600 0.116000 0.087100 0.082000 0.093900 0.085100 0.091300 0.102000 0.094300 0.090900 0.076600 0.126300 0.073800 0.078800 0.082000 0.115400 0.103300 0.096700 0.090800 0.075900 0.078700 0.081500
Giraffe 0.084600 0.190000 0.078800 0.170200 0.093400 0.090600 0.102900 0.096500 0.078400 0.073200 0.081800 0.084600 0.081600 0.096800 0.130100 0.146100 0.018900 0.000000 0.084600 0.084300 0.107800 0.087500 0.076100 0.078300 0.081800 0.113900 0.081700 0.084300 0.126900 0.078400 0.076200 0.112300 0.101600 0.078600 0.090500 0.081700 0.081800 0.096500 0.090800 0.087500 0.079200 0.110700 0.076400 0.078500 0.078700 0.112000 0.093700 0.093300 0.087500 0.072600 0.075600 0.078300
TibetanAnt 0.035000 0.211100 0.066900 0.221600 0.060300 0.043300 0.060700 0.051800 0.060900 0.072800 0.037900 0.057900 0.038000 0.055000 0.080800 0.101200 0.088000 0.084600 0.000000 0.060900 0.060000 0.035100 0.075800 0.072400 0.040600 0.077100 0.038000 0.066700 0.086200 0.060900 0.075700 0.072400 0.133200 0.032400 0.043500 0.052300 0.035100 0.057400 0.060400 0.084300 0.072900 0.079900 0.076000 0.072200 0.049400 0.084000 0.057500 0.051900 0.054600 0.058000 0.058100 0.060800
Sitatunga 0.063700 0.231900 0.027000 0.235200 0.081200 0.072400 0.069700 0.072400 0.005300 0.084700 0.066700 0.046500 0.063700 0.072600 0.111100 0.114400 0.087500 0.084300 0.060900 0.000000 0.083700 0.063900 0.081800 0.090200 0.069600 0.095500 0.058000 0.010600 0.099000 0.010600 0.087700 0.090500 0.146100 0.055100 0.066500 0.041000 0.063900 0.074700 0.078500 0.096300 0.084900 0.098400 0.088000 0.078100 0.038200 0.099200 0.075500 0.075100 0.072300 0.075400 0.013300 0.015400
Oribi 0.054300 0.222900 0.090000 0.241100 0.071300 0.062800 0.077600 0.026600 0.083700 0.102000 0.057200 0.080500 0.051700 0.071800 0.106900 0.043100 0.110800 0.107800 0.060000 0.083700 0.000000 0.048500 0.102000 0.092500 0.054300 0.026500 0.049000 0.089600 0.029300 0.083700 0.105000 0.089500 0.150800 0.043300 0.060200 0.069000 0.054400 0.062700 0.048800 0.107700 0.099100 0.023800 0.105300 0.095300 0.071900 0.098100 0.045900 0.062900 0.065700 0.086500 0.080900 0.083700
BarbaryShe 0.021400 0.208700 0.070000 0.204900 0.060400 0.029500 0.060500 0.049000 0.064000 0.081300 0.018700 0.060900 0.035300 0.054700 0.083900 0.083400 0.090800 0.087500 0.035100 0.063900 0.048500 0.000000 0.078200 0.077800 0.021400 0.062700 0.032500 0.069800 0.068700 0.064000 0.084300 0.072200 0.136600 0.027000 0.040800 0.049500 0.016000 0.057300 0.054800 0.086900 0.075300 0.062600 0.084500 0.080600 0.052400 0.078100 0.052000 0.057700 0.049100 0.072500 0.061200 0.063900
Daviddeer 0.075600 0.205000 0.081500 0.201600 0.093600 0.084400 0.093900 0.090500 0.075900 0.024500 0.081600 0.078600 0.081600 0.084900 0.096600 0.130600 0.073500 0.076100 0.075800 0.081800 0.102000 0.078200 0.000000 0.058100 0.084500 0.117300 0.069900 0.081800 0.117600 0.075900 0.027300 0.103200 0.130800 0.072700 0.084500 0.072900 0.078700 0.090500 0.078900 0.061000 0.013500 0.117200 0.027400 0.057900 0.069900 0.121100 0.090700 0.087200 0.084500 0.072700 0.073100 0.075800
Reindeer 0.075200 0.217500 0.090500 0.208400 0.078200 0.084000 0.093200 0.081100 0.084300 0.049500 0.081300 0.087000 0.078100 0.084300 0.104700 0.123600 0.075300 0.078300 0.072400 0.090200 0.092500 0.077800 0.058100 0.000000 0.078300 0.104400 0.072400 0.090200 0.114100 0.084300 0.052400 0.102500 0.110100 0.069400 0.081000 0.078300 0.078400 0.081100 0.075500 0.072200 0.055300 0.107400 0.052500 0.021500 0.078200 0.120500 0.084200 0.083700 0.086800 0.075200 0.081500 0.084200
Ibex 0.026800 0.211900 0.075800 0.219100 0.060300 0.035000 0.066500 0.049000 0.069700 0.081700 0.007700 0.066500 0.035200 0.060800 0.089700 0.089400 0.091200 0.081800 0.040600 0.069600 0.054300 0.021400 0.084500 0.078300 0.000000 0.068500 0.032500 0.075500 0.074600 0.069700 0.084700 0.078300 0.142900 0.026900 0.040700 0.055100 0.010600 0.057400 0.049100 0.087400 0.081600 0.062700 0.085000 0.081100 0.058000 0.066300 0.046200 0.063300 0.049100 0.078200 0.066900 0.069600
GyrantGaze 0.068500 0.230400 0.095900 0.255400 0.088600 0.077100 0.092300 0.043100 0.095600 0.114200 0.071500 0.092300 0.063000 0.086500 0.125300 0.048700 0.123200 0.113900 0.077100 0.095500 0.026500 0.062700 0.117300 0.104400 0.068500 0.000000 0.066000 0.101500 0.045800 0.095600 0.117300 0.104500 0.163600 0.060200 0.071600 0.080700 0.068700 0.085600 0.065700 0.119900 0.114400 0.013200 0.114600 0.107300 0.083600 0.113200 0.062800 0.086000 0.077400 0.104400 0.092800 0.095500
Hartebeest 0.032500 0.204200 0.064100 0.214800 0.052100 0.040800 0.055100 0.038000 0.058100 0.075800 0.035300 0.049300 0.013400 0.049400 0.077900 0.083900 0.085100 0.081700 0.038000 0.058000 0.049000 0.032500 0.069900 0.072400 0.032500 0.066000 0.000000 0.063800 0.069100 0.058100 0.078700 0.066700 0.136400 0.005300 0.032400 0.038200 0.032500 0.049200 0.038100 0.081300 0.072900 0.063000 0.078900 0.075100 0.041000 0.069400 0.040900 0.051900 0.037700 0.066600 0.055300 0.058000
Bongo 0.069600 0.241800 0.027000 0.231700 0.087200 0.078300 0.075600 0.078300 0.005300 0.084700 0.072600 0.052200 0.069500 0.078500 0.105100 0.120700 0.087500 0.084300 0.066700 0.010600 0.089600 0.069800 0.081800 0.090200 0.075500 0.101500 0.063800 0.000000 0.105100 0.010700 0.087700 0.096600 0.146100 0.060900 0.066600 0.046600 0.069800 0.080600 0.084400 0.096300 0.084900 0.104500 0.088000 0.084000 0.043800 0.099300 0.075600 0.069300 0.078200 0.075400 0.013300 0.016000
Gerenuk 0.074500 0.246000 0.111600 0.264700 0.097900 0.077400 0.098700 0.046000 0.099100 0.124000 0.071700 0.095700 0.071900 0.092700 0.125800 0.043300 0.130100 0.126900 0.086200 0.099000 0.029300 0.068700 0.117600 0.114100 0.074600 0.045800 0.069100 0.105100 0.000000 0.099100 0.127200 0.104900 0.170900 0.063300 0.080600 0.089900 0.074700 0.088900 0.068900 0.123500 0.114700 0.043000 0.127500 0.116900 0.092800 0.113700 0.065900 0.089300 0.080600 0.107800 0.096200 0.099000
CommonElan 0.063800 0.232100 0.021500 0.231700 0.081300 0.072500 0.069800 0.072500 0.005300 0.078800 0.066800 0.046500 0.063700 0.072700 0.105100 0.114600 0.081600 0.078400 0.060900 0.010600 0.083700 0.064000 0.075900 0.084300 0.069700 0.095600 0.058100 0.010700 0.099100 0.000000 0.081800 0.090600 0.139800 0.055100 0.066600 0.041000 0.064000 0.074700 0.078600 0.090300 0.079000 0.098500 0.082000 0.078200 0.038200 0.099300 0.075600 0.069300 0.072400 0.069600 0.008000 0.010600
MuntiacusR 0.081600 0.194900 0.088100 0.205200 0.090600 0.090500 0.096900 0.093500 0.081800 0.002700 0.087700 0.084500 0.084500 0.087800 0.108700 0.127500 0.073600 0.076200 0.075700 0.087700 0.105000 0.084300 0.027300 0.052400 0.084700 0.117300 0.078700 0.087700 0.127200 0.081800 0.000000 0.106200 0.118300 0.075700 0.087500 0.069900 0.084800 0.087600 0.081900 0.058200 0.024600 0.114100 0.000000 0.057900 0.067000 0.118200 0.096700 0.084200 0.084500 0.072700 0.079000 0.081700
HarveysDui 0.072400 0.234000 0.096900 0.255100 0.078300 0.075300 0.041000 0.078100 0.090600 0.103100 0.069600 0.081300 0.069400 0.021600 0.111200 0.120600 0.116000 0.112300 0.072400 0.090500 0.089500 0.072200 0.103200 0.102500 0.078300 0.104500 0.066700 0.096600 0.104900 0.090600 0.106200 0.000000 0.156400 0.060800 0.078200 0.081500 0.072600 0.078300 0.078400 0.111900 0.100300 0.104400 0.106500 0.102300 0.078500 0.105200 0.081300 0.080900 0.072300 0.093400 0.087700 0.084500
Pronghorn 0.139500 0.251300 0.146700 0.199500 0.126900 0.145800 0.152500 0.151900 0.139800 0.115200 0.142900 0.139400 0.136200 0.146300 0.181500 0.177600 0.087100 0.101600 0.133200 0.146100 0.150800 0.136600 0.130800 0.110100 0.142900 0.163600 0.136400 0.146100 0.170900 0.139800 0.118300 0.156400 0.000000 0.133000 0.145700 0.130200 0.143000 0.136200 0.139700 0.136200 0.121500 0.160200 0.118600 0.122700 0.127000 0.168600 0.149000 0.135800 0.145900 0.114400 0.135900 0.139700
BlueWildeb 0.026900 0.207600 0.061100 0.218000 0.046400 0.035200 0.049300 0.032400 0.055200 0.072700 0.029700 0.052100 0.007900 0.043700 0.077800 0.077900 0.082000 0.078600 0.032400 0.055100 0.043300 0.027000 0.072700 0.069400 0.026900 0.060200 0.005300 0.060900 0.063300 0.055100 0.075700 0.060800 0.133000 0.000000 0.026900 0.040900 0.027000 0.043500 0.038100 0.078300 0.069900 0.057300 0.075900 0.072100 0.043700 0.063500 0.035300 0.046200 0.032100 0.063600 0.052400 0.055100
Gemsbok 0.040700 0.211200 0.072700 0.218400 0.063400 0.049100 0.066400 0.049100 0.066600 0.084500 0.043600 0.063500 0.035100 0.060700 0.089600 0.095600 0.093900 0.090500 0.043500 0.066500 0.060200 0.040800 0.084500 0.081000 0.040700 0.071600 0.032400 0.066600 0.080600 0.066600 0.087500 0.078200 0.145700 0.026900 0.000000 0.052200 0.040800 0.060500 0.049300 0.096100 0.084600 0.074400 0.087700 0.083800 0.055000 0.072200 0.035200 0.054700 0.054800 0.075200 0.063800 0.066500
Yak 0.043800 0.194100 0.046800 0.214600 0.066600 0.052200 0.061000 0.057900 0.041000 0.067000 0.052300 0.021600 0.049400 0.063900 0.093000 0.102100 0.085100 0.081700 0.052300 0.041000 0.069000 0.049500 0.072900 0.078300 0.055100 0.080700 0.038200 0.046600 0.089900 0.041000 0.069900 0.081500 0.130200 0.040900 0.052200 0.000000 0.049500 0.063600 0.058100 0.087300 0.075900 0.077700 0.070100 0.075200 0.002700 0.081400 0.060900 0.060600 0.049100 0.066600 0.038300 0.041000
BlueSheep 0.021400 0.205200 0.070000 0.219200 0.060400 0.029500 0.060900 0.049000 0.064000 0.081800 0.008000 0.060900 0.035200 0.055200 0.083900 0.089500 0.091300 0.081800 0.035100 0.063900 0.054400 0.016000 0.078700 0.078400 0.010600 0.068700 0.032500 0.069800 0.074700 0.064000 0.084800 0.072600 0.143000 0.027000 0.040800 0.049500 0.000000 0.057500 0.054800 0.087500 0.075800 0.062900 0.085000 0.081200 0.052400 0.072300 0.046300 0.057700 0.049100 0.072500 0.061200 0.063900
BohorReedb 0.057300 0.224900 0.080800 0.235200 0.013300 0.065900 0.072200 0.063000 0.074700 0.084600 0.060300 0.075100 0.051900 0.060700 0.095500 0.098100 0.102000 0.096500 0.057400 0.074700 0.062700 0.057300 0.090500 0.081100 0.057400 0.085600 0.049200 0.080600 0.088900 0.074700 0.087600 0.078300 0.136200 0.043500 0.060500 0.063600 0.057500 0.000000 0.057500 0.096200 0.087700 0.082600 0.087800 0.083900 0.066500 0.098700 0.066000 0.063200 0.060400 0.075200 0.071900 0.074700
KirksDik 0.054700 0.215700 0.084800 0.212700 0.060400 0.063200 0.066500 0.037900 0.078600 0.078900 0.057600 0.069500 0.046500 0.060800 0.095800 0.077700 0.094300 0.090800 0.060400 0.078500 0.048800 0.054800 0.078900 0.075500 0.049100 0.065700 0.038100 0.084400 0.068900 0.078600 0.081900 0.078400 0.139700 0.038100 0.049300 0.058100 0.054800 0.057500 0.000000 0.096500 0.081900 0.062800 0.082100 0.078300 0.060900 0.075200 0.029700 0.063300 0.060500 0.075300 0.075800 0.078500
RoeDeer 0.084300 0.225200 0.096700 0.207200 0.098700 0.090200 0.105500 0.102100 0.090300 0.055300 0.087400 0.090100 0.087100 0.096500 0.123600 0.133200 0.090900 0.087500 0.084300 0.096300 0.107700 0.086900 0.061000 0.072200 0.087400 0.119900 0.081300 0.096300 0.123500 0.090300 0.058200 0.111900 0.136200 0.078300 0.096100 0.087300 0.087500 0.096200 0.096500 0.000000 0.058200 0.122800 0.058400 0.072000 0.084300 0.123900 0.105400 0.098800 0.087000 0.078200 0.087400 0.090300
WhiteLippe 0.072700 0.208900 0.084600 0.212100 0.090700 0.081500 0.091000 0.087600 0.079000 0.021800 0.078700 0.081700 0.078700 0.082000 0.099800 0.127700 0.076600 0.079200 0.072900 0.084900 0.099100 0.075300 0.013500 0.055300 0.081600 0.114400 0.072900 0.084900 0.114700 0.079000 0.024600 0.100300 0.121500 0.069900 0.084600 0.075900 0.075800 0.087700 0.081900 0.058200 0.000000 0.114300 0.024600 0.060900 0.072900 0.118100 0.090800 0.084300 0.081700 0.069800 0.076100 0.078900
ThomsonGaz 0.068400 0.229800 0.098900 0.255600 0.091500 0.077000 0.092200 0.040300 0.098500 0.111000 0.065600 0.095200 0.060100 0.086400 0.122100 0.051400 0.126300 0.110700 0.079900 0.098400 0.023800 0.062600 0.117200 0.107400 0.062700 0.013200 0.063000 0.104500 0.043000 0.098500 0.114100 0.104400 0.160200 0.057300 0.074400 0.077700 0.062900 0.082600 0.062800 0.122800 0.114300 0.000000 0.111400 0.110200 0.080500 0.101000 0.054300 0.077100 0.071500 0.107300 0.095700 0.098400
MuntiacusC 0.081900 0.195400 0.088300 0.203500 0.090900 0.090800 0.097100 0.093800 0.082100 0.002700 0.088000 0.084800 0.084800 0.088100 0.109100 0.127900 0.073800 0.076400 0.076000 0.088000 0.105300 0.084500 0.027400 0.052500 0.085000 0.114600 0.078900 0.088000 0.127500 0.082000 0.000000 0.106500 0.118600 0.075900 0.087700 0.070100 0.085000 0.087800 0.082100 0.058400 0.024600 0.111400 0.000000 0.058100 0.067100 0.118500 0.097000 0.084400 0.084700 0.072900 0.079200 0.082000
WhiteTaile 0.078000 0.228000 0.084400 0.211500 0.081000 0.086800 0.093100 0.083900 0.078200 0.055100 0.084000 0.080900 0.080900 0.084100 0.117000 0.126500 0.078800 0.078500 0.072200 0.078100 0.095300 0.080600 0.057900 0.021500 0.081100 0.107300 0.075100 0.084000 0.116900 0.078200 0.057900 0.102300 0.122700 0.072100 0.083800 0.075200 0.081200 0.083900 0.078300 0.072000 0.060900 0.110200 0.058100 0.000000 0.072200 0.120300 0.087000 0.089500 0.087200 0.075000 0.075400 0.078100
Cattle 0.046600 0.193900 0.043900 0.210800 0.069400 0.055100 0.058100 0.060700 0.038200 0.064000 0.055200 0.018800 0.052200 0.060900 0.092900 0.105100 0.082000 0.078700 0.049400 0.038200 0.071900 0.052400 0.069900 0.078200 0.058000 0.083600 0.041000 0.043800 0.092800 0.038200 0.067000 0.078500 0.127000 0.043700 0.055000 0.002700 0.052400 0.066500 0.060900 0.084300 0.072900 0.080500 0.067100 0.072200 0.000000 0.078400 0.063800 0.057700 0.051900 0.063700 0.035500 0.038100
RoyalAntel 0.077900 0.232800 0.105700 0.244000 0.101800 0.080800 0.093000 0.086800 0.099300 0.115100 0.063500 0.087100 0.072100 0.093000 0.120100 0.135600 0.115400 0.112000 0.084000 0.099200 0.098100 0.078100 0.121100 0.120500 0.066300 0.113200 0.069400 0.099300 0.113700 0.099300 0.118200 0.105200 0.168600 0.063500 0.072200 0.081400 0.072300 0.098700 0.075200 0.123900 0.118100 0.101000 0.118500 0.120300 0.078400 0.000000 0.066500 0.077800 0.069500 0.099000 0.096400 0.099200
Steenbok 0.051800 0.211900 0.081800 0.229200 0.068900 0.060300 0.063600 0.035100 0.075600 0.093700 0.049100 0.072400 0.043600 0.063700 0.092800 0.080600 0.103300 0.093700 0.057500 0.075500 0.045900 0.052000 0.090700 0.084200 0.046200 0.062800 0.040900 0.075600 0.065900 0.075600 0.096700 0.081300 0.149000 0.035300 0.035200 0.060900 0.046300 0.066000 0.029700 0.105400 0.090800 0.054300 0.097000 0.087000 0.063800 0.066500 0.000000 0.060500 0.057600 0.078200 0.072800 0.075500
Impala 0.057500 0.232200 0.075400 0.231900 0.066100 0.066100 0.069100 0.057500 0.069300 0.081300 0.060500 0.072000 0.054600 0.063400 0.083400 0.104400 0.096700 0.093300 0.051900 0.075100 0.062900 0.057700 0.087200 0.083700 0.063300 0.086000 0.051900 0.069300 0.089300 0.069300 0.084200 0.080900 0.135800 0.046200 0.054700 0.060600 0.057700 0.063200 0.063300 0.098800 0.084300 0.077100 0.084400 0.089500 0.057700 0.077800 0.060500 0.000000 0.060300 0.072100 0.066500 0.069200
Klipspring 0.049000 0.204300 0.078500 0.214600 0.063300 0.051900 0.066400 0.054700 0.072400 0.081500 0.040600 0.057600 0.040500 0.060600 0.095600 0.101700 0.090800 0.087500 0.054600 0.072300 0.065700 0.049100 0.084500 0.086800 0.049100 0.077400 0.037700 0.078200 0.080600 0.072400 0.084500 0.072300 0.145900 0.032100 0.054800 0.049100 0.049100 0.060400 0.060500 0.087000 0.081700 0.071500 0.084700 0.087200 0.051900 0.069500 0.057600 0.060300 0.000000 0.072100 0.069600 0.072300
ForestMusk 0.069400 0.221800 0.075700 0.201100 0.078200 0.072300 0.081200 0.081000 0.069600 0.069700 0.069500 0.066500 0.072300 0.081300 0.102000 0.129800 0.075900 0.072600 0.058000 0.075400 0.086500 0.072500 0.072700 0.075200 0.078200 0.104400 0.066600 0.075400 0.107800 0.069600 0.072700 0.093400 0.114400 0.063600 0.075200 0.066600 0.072500 0.075200 0.075300 0.078200 0.069800 0.107300 0.072900 0.075000 0.063700 0.099000 0.078200 0.072100 0.072100 0.000000 0.066800 0.069500
Bushbuck 0.061000 0.228900 0.018800 0.228600 0.078500 0.069700 0.067000 0.069700 0.008000 0.076000 0.064000 0.043800 0.061000 0.069900 0.102300 0.111700 0.078700 0.075600 0.058100 0.013300 0.080900 0.061200 0.073100 0.081500 0.066900 0.092800 0.055300 0.013300 0.096200 0.008000 0.079000 0.087700 0.135900 0.052400 0.063800 0.038300 0.061200 0.071900 0.075800 0.087400 0.076100 0.095700 0.079200 0.075400 0.035500 0.096400 0.072800 0.066500 0.069600 0.066800 0.000000 0.008000
GreaterKud 0.063700 0.231900 0.021500 0.231500 0.081200 0.072400 0.063900 0.072400 0.010600 0.078800 0.066700 0.046500 0.063700 0.066800 0.098900 0.114400 0.081500 0.078300 0.060800 0.015400 0.083700 0.063900 0.075800 0.084200 0.069600 0.095500 0.058000 0.016000 0.099000 0.010600 0.081700 0.084500 0.139700 0.055100 0.066500 0.041000 0.063900 0.074700 0.078500 0.090300 0.078900 0.098400 0.082000 0.078100 0.038100 0.099200 0.075500 0.069200 0.072300 0.069500 0.008000 0.000000
