1
52 1
Argali 0.000000 0.181100 0.061900 0.142300 0.047300 0.006500 0.054700 0.040700 0.069400 0.085300 0.019900 0.082500 0.033500 0.047600 0.069000 0.033800 0.074800 0.069200 0.020000 0.069400 0.033800 0.013300 0.055800 0.063200 0.013200 0.026800 0.026800 0.062000 0.020200 0.062100 0.100700 0.040600 0.062500 0.020000 0.041200 0.059100 0.013300 0.047200 0.047900 0.077100 0.055800 0.026800 0.085300 0.055900 0.059100 0.061600 0.040800 0.054300 0.054900 0.062200 0.062000 0.069400
LesserMous 0.181100 0.000000 0.156900 0.129000 0.198200 0.190000 0.164700 0.148600 0.166500 0.148600 0.156100 0.177500 0.190000 0.164700 0.156300 0.173700 0.180700 0.173700 0.173700 0.149500 0.157100 0.180500 0.134300 0.142700 0.163900 0.164400 0.181500 0.157500 0.154000 0.174100 0.166000 0.164800 0.155500 0.173700 0.150700 0.169800 0.165200 0.197800 0.157600 0.162000 0.134300 0.164300 0.148600 0.132100 0.169800 0.215700 0.155600 0.180500 0.190400 0.140700 0.157500 0.165500
LesserKudu 0.061900 0.156900 0.000000 0.135000 0.083500 0.069100 0.076800 0.062400 0.020200 0.078100 0.054700 0.054400 0.054800 0.069400 0.061900 0.069600 0.083200 0.062100 0.055000 0.019600 0.055300 0.062000 0.063300 0.070700 0.047600 0.062200 0.062100 0.013000 0.055500 0.025900 0.093400 0.062200 0.062700 0.054900 0.063200 0.046100 0.047900 0.083300 0.069600 0.084700 0.063300 0.062200 0.078100 0.063300 0.046100 0.098800 0.069500 0.076300 0.107100 0.055200 0.013000 0.033900
KillerWhal 0.142300 0.129000 0.135000 0.000000 0.158900 0.142400 0.159300 0.143100 0.144300 0.142600 0.118000 0.173000 0.150600 0.126200 0.159600 0.126700 0.166700 0.160100 0.126800 0.144300 0.135300 0.140800 0.112400 0.120800 0.125600 0.126300 0.143100 0.135600 0.115000 0.152100 0.160200 0.142600 0.135600 0.134800 0.120400 0.131700 0.126600 0.158400 0.135800 0.135600 0.112400 0.126200 0.142600 0.112500 0.131700 0.175800 0.117900 0.150200 0.177000 0.135400 0.135600 0.160700
DefassaWat 0.047300 0.198200 0.083500 0.158900 0.000000 0.054300 0.076100 0.061800 0.091400 0.093000 0.040300 0.105700 0.054300 0.068900 0.090800 0.054700 0.082500 0.076300 0.040500 0.091300 0.054700 0.047400 0.077700 0.085300 0.033300 0.047500 0.047400 0.083700 0.040900 0.083800 0.108500 0.061600 0.084400 0.040500 0.062600 0.081600 0.033600 0.000100 0.069300 0.099400 0.077700 0.047500 0.093000 0.077800 0.081600 0.083100 0.062000 0.061300 0.091200 0.084000 0.083700 0.091300
Sheep 0.006500 0.190000 0.069100 0.142400 0.054300 0.000000 0.061800 0.047800 0.076800 0.093000 0.026700 0.090200 0.040500 0.054700 0.076300 0.040800 0.082300 0.076500 0.026800 0.076800 0.040800 0.020000 0.063200 0.070600 0.019900 0.033700 0.033700 0.069300 0.022000 0.069400 0.108600 0.047600 0.069900 0.026800 0.048400 0.066500 0.020000 0.054200 0.055100 0.084600 0.063200 0.033700 0.093000 0.063200 0.066500 0.068800 0.047900 0.061500 0.062100 0.069600 0.069300 0.076800
MaxwellsDu 0.054700 0.164700 0.076800 0.159300 0.076100 0.061800 0.000000 0.027000 0.084700 0.078100 0.047600 0.098900 0.047700 0.033800 0.055000 0.047800 0.106000 0.084300 0.047800 0.084600 0.033900 0.053700 0.070600 0.078100 0.040500 0.040700 0.054900 0.077000 0.031400 0.077000 0.093400 0.013400 0.075700 0.047800 0.041300 0.090000 0.040800 0.075900 0.062300 0.092200 0.070600 0.040700 0.078100 0.068100 0.090000 0.083400 0.055000 0.040500 0.062200 0.062400 0.077000 0.084500
GazellaPrz 0.040700 0.148600 0.062400 0.143100 0.061800 0.047800 0.027000 0.000000 0.070100 0.070700 0.033800 0.083000 0.047800 0.047900 0.055100 0.033900 0.090500 0.069600 0.034000 0.070000 0.020200 0.037400 0.056000 0.063400 0.026800 0.026900 0.040900 0.062600 0.016000 0.062600 0.085900 0.027000 0.060500 0.033900 0.027300 0.074900 0.027000 0.061700 0.048100 0.077400 0.056000 0.026900 0.070700 0.053100 0.074900 0.069000 0.041000 0.040600 0.062300 0.048200 0.062600 0.069900
MountainNy 0.069400 0.166500 0.020200 0.144300 0.091400 0.076800 0.084700 0.070100 0.000000 0.086200 0.062200 0.069400 0.076800 0.077200 0.069500 0.077400 0.091000 0.069700 0.062500 0.013500 0.062800 0.069600 0.071100 0.078700 0.054900 0.069800 0.069700 0.006700 0.063100 0.034100 0.101700 0.069900 0.070400 0.062500 0.071000 0.060900 0.055300 0.091200 0.077400 0.092800 0.071100 0.069800 0.086200 0.071200 0.060900 0.107000 0.077300 0.084200 0.115500 0.062800 0.006700 0.041100
MuntiacusM 0.085300 0.148600 0.078100 0.142600 0.093000 0.093000 0.078100 0.070700 0.086200 0.000000 0.063100 0.072800 0.093000 0.070600 0.070500 0.078200 0.107400 0.085800 0.078300 0.071100 0.063500 0.076200 0.027600 0.034700 0.070200 0.070500 0.085800 0.078400 0.063800 0.078400 0.013200 0.063300 0.063700 0.078300 0.056800 0.091000 0.070800 0.092800 0.078500 0.048500 0.027600 0.070500 0.000000 0.027600 0.091000 0.115800 0.078000 0.077600 0.093400 0.048900 0.078400 0.071000
goat 0.019900 0.156100 0.054700 0.118000 0.040300 0.026700 0.047600 0.033800 0.062200 0.063100 0.000000 0.074700 0.026700 0.040700 0.061800 0.026900 0.067400 0.062000 0.013300 0.062200 0.026900 0.020000 0.034400 0.041500 0.006600 0.020000 0.020000 0.054900 0.013400 0.054900 0.078000 0.033700 0.055300 0.013300 0.020300 0.054000 0.006600 0.040200 0.040900 0.055300 0.034400 0.020000 0.063100 0.034400 0.054000 0.054500 0.033900 0.047300 0.062100 0.055100 0.054900 0.062200
AfricanBuf 0.082500 0.177500 0.054400 0.173000 0.105700 0.090200 0.098900 0.083000 0.069400 0.072800 0.074700 0.000000 0.082700 0.091200 0.075700 0.091100 0.105300 0.083700 0.076200 0.054900 0.076700 0.068300 0.066800 0.072700 0.069100 0.082700 0.068800 0.062100 0.075300 0.062100 0.089000 0.083200 0.060300 0.076200 0.081800 0.048000 0.067800 0.105100 0.091800 0.087400 0.066800 0.083100 0.072800 0.062500 0.048000 0.121400 0.091200 0.097900 0.113200 0.060600 0.062100 0.054500
Topi 0.033500 0.190000 0.054800 0.150600 0.054300 0.040500 0.047700 0.047800 0.076800 0.093000 0.026700 0.082700 0.000000 0.040800 0.076300 0.040800 0.082500 0.076500 0.026800 0.076700 0.040800 0.033600 0.063100 0.070500 0.019900 0.033700 0.020000 0.069300 0.027100 0.069300 0.108600 0.033800 0.069800 0.013300 0.048300 0.059300 0.020000 0.054200 0.055000 0.084500 0.063100 0.033700 0.093000 0.063100 0.059300 0.068800 0.047900 0.061500 0.076600 0.069500 0.069300 0.076600
CommonDuik 0.047600 0.164700 0.069400 0.126200 0.068900 0.054700 0.033800 0.047900 0.077200 0.070600 0.040700 0.091200 0.040800 0.000000 0.062100 0.040800 0.083200 0.076900 0.040900 0.077200 0.040900 0.046300 0.048700 0.056000 0.033600 0.033800 0.047800 0.069700 0.027100 0.069700 0.085800 0.020100 0.055400 0.040800 0.048400 0.067700 0.033900 0.068700 0.055200 0.069900 0.048700 0.033800 0.070600 0.048800 0.067700 0.076200 0.040900 0.047500 0.062200 0.055200 0.069700 0.077100
Suni 0.069000 0.156300 0.061900 0.159600 0.090800 0.076300 0.055000 0.055100 0.069500 0.070500 0.061800 0.075700 0.076300 0.062100 0.000000 0.076800 0.090200 0.069300 0.062100 0.062200 0.062300 0.069200 0.063100 0.070500 0.054500 0.069200 0.069300 0.062100 0.060300 0.062200 0.085600 0.055000 0.067900 0.062000 0.070500 0.074500 0.054900 0.090600 0.084400 0.088300 0.063100 0.069200 0.070500 0.060300 0.074500 0.106200 0.076600 0.069000 0.084300 0.055100 0.062100 0.062200
Springbuck 0.033800 0.173700 0.069600 0.126700 0.054700 0.040800 0.047800 0.033900 0.077400 0.078200 0.026900 0.091100 0.040800 0.040800 0.076800 0.000000 0.083300 0.062500 0.013400 0.077300 0.027100 0.029900 0.048900 0.056200 0.020000 0.020100 0.033900 0.069900 0.013500 0.069900 0.093500 0.033800 0.055500 0.027000 0.034400 0.067700 0.020200 0.054600 0.041100 0.070100 0.048900 0.020100 0.078200 0.048900 0.067700 0.047700 0.034000 0.047600 0.048000 0.055300 0.069900 0.077300
Okapi 0.074800 0.180700 0.083200 0.166700 0.082500 0.082300 0.106000 0.090500 0.091000 0.107400 0.067400 0.105300 0.082500 0.083200 0.090200 0.083300 0.000000 0.046500 0.068200 0.091200 0.083600 0.075200 0.076800 0.076000 0.059900 0.075400 0.075600 0.083500 0.068500 0.083600 0.123400 0.090500 0.083600 0.068200 0.092000 0.080600 0.060300 0.082400 0.099000 0.098600 0.076800 0.075600 0.107400 0.076300 0.080600 0.112900 0.083200 0.105300 0.121500 0.075500 0.083500 0.091000
Giraffe 0.069200 0.173700 0.062100 0.160100 0.076300 0.076500 0.084300 0.069600 0.069700 0.085800 0.062000 0.083700 0.076500 0.076900 0.069300 0.062500 0.046500 0.000000 0.062200 0.069700 0.062600 0.069300 0.070700 0.078300 0.054600 0.069500 0.069400 0.062300 0.062900 0.062300 0.086200 0.069600 0.077400 0.062200 0.070600 0.074900 0.055100 0.076200 0.092300 0.092400 0.070700 0.069500 0.085800 0.070800 0.074900 0.091400 0.076900 0.083800 0.099600 0.062500 0.062300 0.069700
TibetanAnt 0.020000 0.173700 0.055000 0.126800 0.040500 0.026800 0.047800 0.034000 0.062500 0.078300 0.013300 0.076200 0.026800 0.040900 0.062100 0.013400 0.068200 0.062200 0.000000 0.062500 0.027100 0.020100 0.048900 0.056200 0.006600 0.020100 0.020100 0.055200 0.013500 0.055200 0.093600 0.033900 0.055600 0.013300 0.034400 0.053000 0.006600 0.040400 0.041100 0.070100 0.048900 0.020100 0.078300 0.048900 0.053000 0.054800 0.034000 0.047600 0.062300 0.055300 0.055200 0.062400
Sitatunga 0.069400 0.149500 0.019600 0.144300 0.091300 0.076800 0.084600 0.070000 0.013500 0.071100 0.062200 0.054900 0.076700 0.077200 0.062200 0.077300 0.091200 0.069700 0.062500 0.000000 0.062800 0.069600 0.056300 0.063700 0.054900 0.069700 0.069700 0.006600 0.063100 0.033900 0.086300 0.069800 0.055800 0.062400 0.071000 0.061100 0.055300 0.091200 0.062700 0.077700 0.056300 0.069700 0.071100 0.056400 0.061100 0.106900 0.077100 0.084100 0.099900 0.048400 0.006700 0.027100
Oribi 0.033800 0.157100 0.055300 0.135300 0.054700 0.040800 0.033900 0.020200 0.062800 0.063500 0.026900 0.076700 0.040800 0.040900 0.062300 0.027100 0.083600 0.062600 0.027100 0.062800 0.000000 0.031800 0.048900 0.056200 0.020000 0.020100 0.034000 0.055500 0.013500 0.055500 0.078500 0.020100 0.055600 0.027000 0.020500 0.053700 0.020200 0.054600 0.041100 0.070100 0.048900 0.020100 0.063500 0.049000 0.053700 0.061900 0.034000 0.033700 0.062300 0.041200 0.055500 0.062700
BarbaryShe 0.013300 0.180500 0.062000 0.140800 0.047400 0.020000 0.053700 0.037400 0.069600 0.076200 0.020000 0.068300 0.033600 0.046300 0.069200 0.029900 0.075200 0.069300 0.020100 0.069600 0.031800 0.000000 0.054000 0.060900 0.013200 0.018700 0.026900 0.062200 0.007700 0.062200 0.091700 0.038100 0.061200 0.020100 0.038600 0.059700 0.013300 0.047300 0.046600 0.075100 0.054000 0.020200 0.076200 0.051800 0.059700 0.060400 0.039500 0.053000 0.051300 0.061100 0.062200 0.069600
Daviddeer 0.055800 0.134300 0.063300 0.112400 0.077700 0.063200 0.070600 0.056000 0.071100 0.027600 0.034400 0.066800 0.063100 0.048700 0.063100 0.048900 0.076800 0.070700 0.048900 0.056300 0.048900 0.054000 0.000000 0.006800 0.041400 0.041500 0.056100 0.063500 0.034800 0.063500 0.041800 0.055900 0.034800 0.048800 0.042200 0.061000 0.041700 0.077600 0.049100 0.020400 0.000000 0.041500 0.027600 0.000100 0.061000 0.085200 0.048700 0.070100 0.070800 0.034600 0.063500 0.056200
Reindeer 0.063200 0.142700 0.070700 0.120800 0.085300 0.070600 0.078100 0.063400 0.078700 0.034700 0.041500 0.072700 0.070500 0.056000 0.070500 0.056200 0.076000 0.078300 0.056200 0.063700 0.056200 0.060900 0.006800 0.000000 0.048500 0.048800 0.063400 0.071000 0.042000 0.071100 0.049100 0.063200 0.042000 0.056100 0.049500 0.068100 0.048900 0.085200 0.056400 0.027400 0.006800 0.048700 0.034700 0.006800 0.068100 0.092800 0.056000 0.077600 0.078400 0.027600 0.071000 0.063700
Ibex 0.013200 0.163900 0.047600 0.125600 0.033300 0.019900 0.040500 0.026800 0.054900 0.070200 0.006600 0.069100 0.019900 0.033600 0.054500 0.020000 0.059900 0.054600 0.006600 0.054900 0.020000 0.013200 0.041400 0.048500 0.000000 0.013200 0.013200 0.047700 0.006700 0.047700 0.085300 0.026700 0.048000 0.006600 0.027100 0.046700 0.000100 0.033300 0.033800 0.062300 0.041400 0.013200 0.070200 0.041400 0.046700 0.047300 0.026900 0.040200 0.054700 0.047800 0.047700 0.054900
GyrantGaze 0.026800 0.164400 0.062200 0.126300 0.047500 0.033700 0.040700 0.026900 0.069800 0.070500 0.020000 0.082700 0.033700 0.033800 0.069200 0.020100 0.075400 0.069500 0.020100 0.069700 0.020100 0.018700 0.041500 0.048800 0.013200 0.000000 0.026900 0.062400 0.006600 0.062400 0.085500 0.026900 0.048200 0.020100 0.027300 0.059800 0.013300 0.047400 0.034000 0.065600 0.041500 0.000000 0.070500 0.041600 0.059800 0.054500 0.027000 0.040500 0.054900 0.048000 0.062400 0.069700
Hartebeest 0.026800 0.181500 0.062100 0.143100 0.047400 0.033700 0.054900 0.040900 0.069700 0.085800 0.020000 0.068800 0.020000 0.047800 0.069300 0.033900 0.075600 0.069400 0.020100 0.069700 0.034000 0.026900 0.056100 0.063400 0.013200 0.026900 0.000000 0.062300 0.020300 0.062300 0.101300 0.040800 0.062800 0.006500 0.041400 0.045800 0.013300 0.047300 0.048100 0.077500 0.056100 0.026900 0.085800 0.056100 0.045800 0.061800 0.041000 0.054600 0.069600 0.062500 0.062300 0.069700
Bongo 0.062000 0.157500 0.013000 0.135600 0.083700 0.069300 0.077000 0.062600 0.006700 0.078400 0.054900 0.062100 0.069300 0.069700 0.062100 0.069900 0.083500 0.062300 0.055200 0.006600 0.055500 0.062200 0.063500 0.071000 0.047700 0.062400 0.062300 0.000000 0.055700 0.027000 0.093800 0.062400 0.062900 0.055100 0.063400 0.053700 0.048000 0.083600 0.069900 0.085000 0.063500 0.062400 0.078400 0.063600 0.053700 0.099100 0.069700 0.076600 0.107400 0.055400 0.000000 0.034000
Gerenuk 0.020200 0.154000 0.055500 0.115000 0.040900 0.022000 0.031400 0.016000 0.063100 0.063800 0.013400 0.075300 0.027100 0.027100 0.060300 0.013500 0.068500 0.062900 0.013500 0.063100 0.013500 0.007700 0.034800 0.042000 0.006700 0.006600 0.020300 0.055700 0.000000 0.055700 0.078900 0.020200 0.041500 0.013500 0.020500 0.052700 0.006700 0.040800 0.027300 0.055900 0.034800 0.006600 0.063800 0.034800 0.052700 0.047900 0.020300 0.033800 0.048300 0.041300 0.055700 0.063000
CommonElan 0.062100 0.174100 0.025900 0.152100 0.083800 0.069400 0.077000 0.062600 0.034100 0.078400 0.054900 0.062100 0.069300 0.069700 0.062200 0.069900 0.083600 0.062300 0.055200 0.033900 0.055500 0.062200 0.063500 0.071100 0.047700 0.062400 0.062300 0.027000 0.055700 0.000000 0.093800 0.062400 0.063000 0.055100 0.063400 0.053700 0.048100 0.083600 0.069900 0.085100 0.063500 0.062400 0.078400 0.063600 0.053700 0.099100 0.069700 0.076600 0.107500 0.055400 0.027000 0.034000
MuntiacusR 0.100700 0.166000 0.093400 0.160200 0.108500 0.108600 0.093400 0.085900 0.101700 0.013200 0.078000 0.089000 0.108600 0.085800 0.085600 0.093500 0.123400 0.086200 0.093600 0.086300 0.078500 0.091700 0.041800 0.049100 0.085300 0.085500 0.101300 0.093800 0.078900 0.093800 0.000000 0.078200 0.078700 0.093600 0.071800 0.106800 0.085900 0.108300 0.093900 0.063000 0.041800 0.085500 0.013200 0.041900 0.106800 0.131900 0.093300 0.092800 0.108900 0.063600 0.093800 0.086100
HarveysDui 0.040600 0.164800 0.062200 0.142600 0.061600 0.047600 0.013400 0.027000 0.069900 0.063300 0.033700 0.083200 0.033800 0.020100 0.055000 0.033800 0.090500 0.069600 0.033900 0.069800 0.020100 0.038100 0.055900 0.063200 0.026700 0.026900 0.040800 0.062400 0.020200 0.062400 0.078200 0.000000 0.062600 0.033800 0.027300 0.074800 0.027000 0.061500 0.048000 0.077200 0.055900 0.026900 0.063300 0.056000 0.074800 0.068900 0.040900 0.026800 0.055000 0.048000 0.062400 0.069700
Pronghorn 0.062500 0.155500 0.062700 0.135600 0.084400 0.069900 0.075700 0.060500 0.070400 0.063700 0.055300 0.060300 0.069800 0.055400 0.067900 0.055500 0.083600 0.077400 0.055600 0.055800 0.055600 0.061200 0.034800 0.042000 0.048000 0.048200 0.062800 0.062900 0.041500 0.063000 0.078700 0.062600 0.000000 0.055500 0.063600 0.067800 0.048400 0.084200 0.048600 0.055800 0.034800 0.048200 0.063700 0.034800 0.067800 0.091800 0.055400 0.076800 0.077400 0.041300 0.062900 0.055700
BlueWildeb 0.020000 0.173700 0.054900 0.134800 0.040500 0.026800 0.047800 0.033900 0.062500 0.078300 0.013300 0.076200 0.013300 0.040800 0.062000 0.027000 0.068200 0.062200 0.013300 0.062400 0.027000 0.020100 0.048800 0.056100 0.006600 0.020100 0.006500 0.055100 0.013500 0.055100 0.093600 0.033800 0.055500 0.000000 0.034300 0.052900 0.006600 0.040400 0.041000 0.070100 0.048800 0.020100 0.078300 0.048900 0.052900 0.054700 0.034000 0.047500 0.062300 0.055300 0.055100 0.062400
Gemsbok 0.041200 0.150700 0.063200 0.120400 0.062600 0.048400 0.041300 0.027300 0.071000 0.056800 0.020300 0.081800 0.048300 0.048400 0.070500 0.034400 0.092000 0.070600 0.034400 0.071000 0.020500 0.038600 0.042200 0.049500 0.027100 0.027300 0.041400 0.063400 0.020500 0.063400 0.071800 0.027300 0.063600 0.034300 0.000000 0.075700 0.027300 0.062400 0.048800 0.063500 0.042200 0.027200 0.056800 0.042300 0.075700 0.069900 0.041500 0.041100 0.070400 0.048800 0.063400 0.070800
Yak 0.059100 0.169800 0.046100 0.131700 0.081600 0.066500 0.090000 0.074900 0.060900 0.091000 0.054000 0.048000 0.059300 0.067700 0.074500 0.067700 0.080600 0.074900 0.053000 0.061100 0.053700 0.059700 0.061000 0.068100 0.046700 0.059800 0.045800 0.053700 0.052700 0.053700 0.106800 0.074800 0.067800 0.052900 0.075700 0.000000 0.044700 0.081000 0.083100 0.082100 0.061000 0.060000 0.091000 0.060200 0.000000 0.096900 0.067700 0.089300 0.104800 0.067700 0.053700 0.060700
BlueSheep 0.013300 0.165200 0.047900 0.126600 0.033600 0.020000 0.040800 0.027000 0.055300 0.070800 0.006600 0.067800 0.020000 0.033900 0.054900 0.020200 0.060300 0.055100 0.006600 0.055300 0.020200 0.013300 0.041700 0.048900 0.000100 0.013300 0.013300 0.048000 0.006700 0.048100 0.085900 0.027000 0.048400 0.006600 0.027300 0.044700 0.000000 0.033500 0.034100 0.062800 0.041700 0.013300 0.070800 0.041700 0.044700 0.047700 0.027100 0.040600 0.055200 0.048200 0.048000 0.055200
BohorReedb 0.047200 0.197800 0.083300 0.158400 0.000100 0.054200 0.075900 0.061700 0.091200 0.092800 0.040200 0.105100 0.054200 0.068700 0.090600 0.054600 0.082400 0.076200 0.040400 0.091200 0.054600 0.047300 0.077600 0.085200 0.033300 0.047400 0.047300 0.083600 0.040800 0.083600 0.108300 0.061500 0.084200 0.040400 0.062400 0.081000 0.033500 0.000000 0.069100 0.099300 0.077600 0.047400 0.092800 0.077700 0.081000 0.082900 0.061800 0.061200 0.091000 0.083900 0.083600 0.091100
KirksDik 0.047900 0.157600 0.069600 0.135800 0.069300 0.055100 0.062300 0.048100 0.077400 0.078500 0.040900 0.091800 0.055000 0.055200 0.084400 0.041100 0.099000 0.092300 0.041100 0.062700 0.041100 0.046600 0.049100 0.056400 0.033800 0.034000 0.048100 0.069900 0.027300 0.069900 0.093900 0.048000 0.048600 0.041000 0.048800 0.083100 0.034100 0.069100 0.000000 0.070400 0.049100 0.034000 0.078500 0.049100 0.083100 0.076600 0.048200 0.061900 0.062500 0.055600 0.069900 0.062700
RoeDeer 0.077100 0.162000 0.084700 0.135600 0.099400 0.084600 0.092200 0.077400 0.092800 0.048500 0.055300 0.087400 0.084500 0.069900 0.088300 0.070100 0.098600 0.092400 0.070100 0.077700 0.070100 0.075100 0.020400 0.027400 0.062300 0.065600 0.077500 0.085000 0.055900 0.085100 0.063000 0.077200 0.055800 0.070100 0.063500 0.082100 0.062800 0.099300 0.070400 0.000000 0.020400 0.065700 0.048500 0.020500 0.082100 0.106800 0.069900 0.091600 0.092400 0.055600 0.085000 0.062900
WhiteLippe 0.055800 0.134300 0.063300 0.112400 0.077700 0.063200 0.070600 0.056000 0.071100 0.027600 0.034400 0.066800 0.063100 0.048700 0.063100 0.048900 0.076800 0.070700 0.048900 0.056300 0.048900 0.054000 0.000000 0.006800 0.041400 0.041500 0.056100 0.063500 0.034800 0.063500 0.041800 0.055900 0.034800 0.048800 0.042200 0.061000 0.041700 0.077600 0.049100 0.020400 0.000000 0.041500 0.027600 0.000100 0.061000 0.085200 0.048700 0.070100 0.070800 0.034600 0.063500 0.056200
ThomsonGaz 0.026800 0.164300 0.062200 0.126200 0.047500 0.033700 0.040700 0.026900 0.069800 0.070500 0.020000 0.083100 0.033700 0.033800 0.069200 0.020100 0.075600 0.069500 0.020100 0.069700 0.020100 0.020200 0.041500 0.048700 0.013200 0.000000 0.026900 0.062400 0.006600 0.062400 0.085500 0.026900 0.048200 0.020100 0.027200 0.060000 0.013300 0.047400 0.034000 0.065700 0.041500 0.000000 0.070500 0.041600 0.060000 0.054500 0.027000 0.040400 0.054900 0.048000 0.062400 0.069700
MuntiacusC 0.085300 0.148600 0.078100 0.142600 0.093000 0.093000 0.078100 0.070700 0.086200 0.000000 0.063100 0.072800 0.093000 0.070600 0.070500 0.078200 0.107400 0.085800 0.078300 0.071100 0.063500 0.076200 0.027600 0.034700 0.070200 0.070500 0.085800 0.078400 0.063800 0.078400 0.013200 0.063300 0.063700 0.078300 0.056800 0.091000 0.070800 0.092800 0.078500 0.048500 0.027600 0.070500 0.000000 0.027600 0.091000 0.115800 0.078000 0.077600 0.093400 0.048900 0.078400 0.071000
WhiteTaile 0.055900 0.132100 0.063300 0.112500 0.077800 0.063200 0.068100 0.053100 0.071200 0.027600 0.034400 0.062500 0.063100 0.048800 0.060300 0.048900 0.076300 0.070800 0.048900 0.056400 0.049000 0.051800 0.000100 0.006800 0.041400 0.041600 0.056100 0.063600 0.034800 0.063600 0.041900 0.056000 0.034800 0.048900 0.042300 0.060200 0.041700 0.077700 0.049100 0.020500 0.000100 0.041600 0.027600 0.000000 0.060200 0.085200 0.048800 0.070200 0.070900 0.034700 0.063600 0.056300
Cattle 0.059100 0.169800 0.046100 0.131700 0.081600 0.066500 0.090000 0.074900 0.060900 0.091000 0.054000 0.048000 0.059300 0.067700 0.074500 0.067700 0.080600 0.074900 0.053000 0.061100 0.053700 0.059700 0.061000 0.068100 0.046700 0.059800 0.045800 0.053700 0.052700 0.053700 0.106800 0.074800 0.067800 0.052900 0.075700 0.000000 0.044700 0.081000 0.083100 0.082100 0.061000 0.060000 0.091000 0.060200 0.000000 0.096900 0.067700 0.089300 0.104800 0.067700 0.053700 0.060700
RoyalAntel 0.061600 0.215700 0.098800 0.175800 0.083100 0.068800 0.083400 0.069000 0.107000 0.115800 0.054500 0.121400 0.068800 0.076200 0.106200 0.047700 0.112900 0.091400 0.054800 0.106900 0.061900 0.060400 0.085200 0.092800 0.047300 0.054500 0.061800 0.099100 0.047900 0.099100 0.131900 0.068900 0.091800 0.054700 0.069900 0.096900 0.047700 0.082900 0.076600 0.106800 0.085200 0.054500 0.115800 0.085200 0.096900 0.000000 0.069200 0.083000 0.083600 0.091500 0.099100 0.106800
Steenbok 0.040800 0.155600 0.069500 0.117900 0.062000 0.047900 0.055000 0.041000 0.077300 0.078000 0.033900 0.091200 0.047900 0.040900 0.076600 0.034000 0.083200 0.076900 0.034000 0.077100 0.034000 0.039500 0.048700 0.056000 0.026900 0.027000 0.041000 0.069700 0.020300 0.069700 0.093300 0.040900 0.055400 0.034000 0.041500 0.067700 0.027100 0.061800 0.048200 0.069900 0.048700 0.027000 0.078000 0.048800 0.067700 0.069200 0.000000 0.054700 0.069600 0.055200 0.069700 0.077100
Impala 0.054300 0.180500 0.076300 0.150200 0.061300 0.061500 0.040500 0.040600 0.084200 0.077600 0.047300 0.097900 0.061500 0.047500 0.069000 0.047600 0.105300 0.083800 0.047600 0.084100 0.033700 0.053000 0.070100 0.077600 0.040200 0.040500 0.054600 0.076600 0.033800 0.076600 0.092800 0.026800 0.076800 0.047500 0.041100 0.089300 0.040600 0.061200 0.061900 0.091600 0.070100 0.040400 0.077600 0.070200 0.089300 0.083000 0.054700 0.000000 0.061900 0.062000 0.076600 0.084000
Klipspring 0.054900 0.190400 0.107100 0.177000 0.091200 0.062100 0.062200 0.062300 0.115500 0.093400 0.062100 0.113200 0.076600 0.062200 0.084300 0.048000 0.121500 0.099600 0.062300 0.099900 0.062300 0.051300 0.070800 0.078400 0.054700 0.054900 0.069600 0.107400 0.048300 0.107500 0.108900 0.055000 0.077400 0.062300 0.070400 0.104800 0.055200 0.091000 0.062500 0.092400 0.070800 0.054900 0.093400 0.070900 0.104800 0.083600 0.069600 0.061900 0.000000 0.077200 0.107400 0.099900
ForestMusk 0.062200 0.140700 0.055200 0.135400 0.084000 0.069600 0.062400 0.048200 0.062800 0.048900 0.055100 0.060600 0.069500 0.055200 0.055100 0.055300 0.075500 0.062500 0.055300 0.048400 0.041200 0.061100 0.034600 0.027600 0.047800 0.048000 0.062500 0.055400 0.041300 0.055400 0.063600 0.048000 0.041300 0.055300 0.048800 0.067700 0.048200 0.083900 0.055600 0.055600 0.034600 0.048000 0.048900 0.034700 0.067700 0.091500 0.055200 0.062000 0.077200 0.000000 0.055400 0.048300
Bushbuck 0.062000 0.157500 0.013000 0.135600 0.083700 0.069300 0.077000 0.062600 0.006700 0.078400 0.054900 0.062100 0.069300 0.069700 0.062100 0.069900 0.083500 0.062300 0.055200 0.006700 0.055500 0.062200 0.063500 0.071000 0.047700 0.062400 0.062300 0.000000 0.055700 0.027000 0.093800 0.062400 0.062900 0.055100 0.063400 0.053700 0.048000 0.083600 0.069900 0.085000 0.063500 0.062400 0.078400 0.063600 0.053700 0.099100 0.069700 0.076600 0.107400 0.055400 0.000000 0.034000
GreaterKud 0.069400 0.165500 0.033900 0.160700 0.091300 0.076800 0.084500 0.069900 0.041100 0.071000 0.062200 0.054500 0.076600 0.077100 0.062200 0.077300 0.091000 0.069700 0.062400 0.027100 0.062700 0.069600 0.056200 0.063700 0.054900 0.069700 0.069700 0.034000 0.063000 0.034000 0.086100 0.069700 0.055700 0.062400 0.070800 0.060700 0.055200 0.091100 0.062700 0.062900 0.056200 0.069700 0.071000 0.056300 0.060700 0.106800 0.077100 0.084000 0.099900 0.048300 0.034000 0.000000
