1
52 1
Argali 0.000000 0.227700 0.000100 0.283200 0.033300 0.000000 0.032900 0.000100 0.033000 0.070000 0.068400 0.033400 0.033100 0.000000 0.069100 0.066900 0.071500 0.123100 0.033600 0.033000 0.033000 0.000000 0.108900 0.067200 0.066400 0.000000 0.033100 0.033000 0.000000 0.033100 0.070000 0.033000 0.107100 0.068400 0.033400 0.000100 0.000000 0.033300 0.000200 0.033900 0.108900 0.000000 0.111500 0.033900 0.000100 0.107200 0.000000 0.033100 0.000000 0.069300 0.000100 0.032500
LesserMous 0.227700 0.000000 0.227100 0.441000 0.223400 0.227700 0.229000 0.227000 0.185500 0.229900 0.187600 0.279500 0.229500 0.227700 0.188500 0.268900 0.235900 0.304000 0.233300 0.185500 0.186000 0.227700 0.281300 0.180300 0.224700 0.227700 0.229500 0.185500 0.227700 0.229000 0.229900 0.186000 0.186200 0.187600 0.278100 0.227100 0.227700 0.223400 0.227200 0.185100 0.281300 0.227700 0.286100 0.185100 0.227100 0.233400 0.227700 0.229500 0.227700 0.235500 0.227100 0.271200
LesserKudu 0.000100 0.227100 0.000000 0.282300 0.033300 0.000100 0.032900 0.000200 0.032700 0.069700 0.068400 0.033100 0.033100 0.000100 0.068900 0.066600 0.071200 0.120800 0.033500 0.032700 0.033000 0.000100 0.108900 0.067000 0.066400 0.000100 0.033100 0.032700 0.000100 0.032800 0.069700 0.033000 0.106700 0.068400 0.033200 0.000000 0.000100 0.033300 0.000300 0.033900 0.108900 0.000100 0.111000 0.033900 0.000000 0.106700 0.000100 0.033100 0.000100 0.069000 0.000000 0.032200
KillerWhal 0.283200 0.441000 0.282300 0.000000 0.228600 0.283200 0.285700 0.282000 0.237700 0.338000 0.241200 0.341000 0.286200 0.283200 0.242300 0.326900 0.333300 0.427200 0.287300 0.237700 0.238500 0.283200 0.399500 0.322900 0.279000 0.283200 0.286200 0.237700 0.283200 0.285300 0.338000 0.238500 0.286400 0.241200 0.243900 0.282300 0.283200 0.228600 0.239600 0.283200 0.399500 0.283200 0.407100 0.283200 0.282300 0.288900 0.283200 0.286200 0.283200 0.295000 0.282300 0.329500
DefassaWat 0.033300 0.223400 0.033300 0.228600 0.000000 0.033300 0.068000 0.033400 0.068700 0.069000 0.069300 0.069500 0.033500 0.033300 0.070000 0.067600 0.070500 0.121600 0.034000 0.068700 0.068700 0.033300 0.107100 0.066200 0.103700 0.033300 0.033500 0.068700 0.033300 0.033500 0.069000 0.068700 0.105400 0.069300 0.069500 0.033300 0.033300 0.000000 0.033300 0.033300 0.107100 0.033300 0.109700 0.033300 0.033300 0.108400 0.033300 0.033500 0.033300 0.108500 0.033300 0.067500
Sheep 0.000000 0.227700 0.000100 0.283200 0.033300 0.000000 0.032900 0.000100 0.033000 0.070000 0.068400 0.033400 0.033100 0.000000 0.069100 0.066900 0.071500 0.123100 0.033600 0.033000 0.033000 0.000000 0.108900 0.067200 0.066400 0.000000 0.033100 0.033000 0.000000 0.033100 0.070000 0.033000 0.107100 0.068400 0.033400 0.000100 0.000000 0.033300 0.000200 0.033900 0.108900 0.000000 0.111500 0.033900 0.000100 0.107200 0.000000 0.033100 0.000000 0.069300 0.000100 0.032500
MaxwellsDu 0.032900 0.229000 0.032900 0.285700 0.068000 0.032900 0.000000 0.033000 0.033100 0.108600 0.068700 0.068600 0.068200 0.032900 0.069500 0.103100 0.110900 0.169100 0.069300 0.033100 0.033100 0.032900 0.150200 0.104000 0.066600 0.032900 0.068200 0.033100 0.032900 0.068200 0.108600 0.033100 0.107700 0.068700 0.068700 0.032900 0.032900 0.068500 0.032900 0.069700 0.150200 0.032900 0.154100 0.069700 0.032900 0.107500 0.032900 0.068200 0.032900 0.069600 0.032900 0.066700
GazellaPrz 0.000100 0.227000 0.000200 0.282000 0.033400 0.000100 0.033000 0.000000 0.032900 0.070000 0.068600 0.033400 0.033200 0.000100 0.069000 0.066500 0.071400 0.124700 0.033600 0.032900 0.033100 0.000100 0.109200 0.067100 0.066600 0.000100 0.033200 0.032900 0.000100 0.033100 0.070000 0.033100 0.106800 0.068600 0.033300 0.000200 0.000100 0.033400 0.000100 0.034000 0.109200 0.000100 0.111400 0.034000 0.000200 0.106900 0.000100 0.033200 0.000100 0.069200 0.000200 0.032500
MountainNy 0.033000 0.185500 0.032700 0.237700 0.068700 0.033000 0.033100 0.032900 0.000000 0.108600 0.033800 0.068200 0.068400 0.033000 0.034000 0.103000 0.110800 0.165700 0.069200 0.000000 0.000100 0.033000 0.150800 0.103900 0.032700 0.033000 0.068400 0.000000 0.033000 0.067900 0.108600 0.000100 0.070200 0.033800 0.068700 0.032700 0.033000 0.068700 0.032800 0.070000 0.150800 0.033000 0.154100 0.070000 0.032700 0.070000 0.033000 0.068400 0.033000 0.034100 0.032700 0.066300
MuntiacusM 0.070000 0.229900 0.069700 0.338000 0.069000 0.070000 0.108600 0.070000 0.108600 0.000000 0.110200 0.109600 0.070700 0.070000 0.110600 0.106300 0.073000 0.123000 0.071500 0.108600 0.109000 0.070000 0.035700 0.068300 0.145700 0.070000 0.070700 0.108600 0.070000 0.070400 0.000000 0.109000 0.109400 0.110200 0.109600 0.069700 0.070000 0.069000 0.069500 0.034600 0.035700 0.070000 0.036400 0.034600 0.069700 0.152000 0.070000 0.070700 0.070000 0.152900 0.069700 0.106000
goat 0.068400 0.187600 0.068400 0.241200 0.069300 0.068400 0.068700 0.068600 0.033800 0.110200 0.000000 0.107400 0.033800 0.068400 0.000100 0.068000 0.112300 0.169300 0.034300 0.033800 0.033800 0.068400 0.152200 0.105200 0.067800 0.068400 0.033800 0.033800 0.068400 0.033900 0.110200 0.033800 0.071200 0.000000 0.107700 0.068400 0.068400 0.069300 0.068300 0.070600 0.152200 0.068400 0.156500 0.070600 0.068400 0.034700 0.068400 0.033800 0.068400 0.071200 0.068400 0.104100
AfricanBuf 0.033400 0.279500 0.033100 0.341000 0.069500 0.033400 0.068600 0.033400 0.068200 0.109600 0.107400 0.000000 0.069200 0.033400 0.108100 0.104400 0.111900 0.167600 0.070000 0.068200 0.068900 0.033400 0.152400 0.104900 0.104200 0.033400 0.069200 0.068200 0.033400 0.068500 0.109600 0.068900 0.149100 0.107400 0.069400 0.033100 0.033400 0.069500 0.033200 0.070800 0.152400 0.033400 0.155900 0.070800 0.033100 0.149100 0.033400 0.069200 0.033400 0.034500 0.033100 0.067200
Topi 0.033100 0.229500 0.033100 0.286200 0.033500 0.033100 0.068200 0.033200 0.068400 0.070700 0.033800 0.069200 0.000000 0.033100 0.034200 0.033000 0.072200 0.123600 0.000200 0.068400 0.068400 0.033100 0.109800 0.067700 0.103100 0.033100 0.000000 0.068400 0.033100 0.000100 0.070700 0.068400 0.108000 0.033800 0.069300 0.033100 0.033100 0.033500 0.033100 0.034100 0.109800 0.033100 0.112700 0.034100 0.033100 0.070400 0.033100 0.000000 0.033100 0.108100 0.033100 0.067200
CommonDuik 0.000000 0.227700 0.000100 0.283200 0.033300 0.000000 0.032900 0.000100 0.033000 0.070000 0.068400 0.033400 0.033100 0.000000 0.069100 0.066900 0.071500 0.123100 0.033600 0.033000 0.033000 0.000000 0.108900 0.067200 0.066400 0.000000 0.033100 0.033000 0.000000 0.033100 0.070000 0.033000 0.107100 0.068400 0.033400 0.000100 0.000000 0.033300 0.000200 0.033900 0.108900 0.000000 0.111500 0.033900 0.000100 0.107200 0.000000 0.033100 0.000000 0.069300 0.000100 0.032500
Suni 0.069100 0.188500 0.068900 0.242300 0.070000 0.069100 0.069500 0.069000 0.034000 0.110600 0.000100 0.108100 0.034200 0.069100 0.000000 0.068500 0.113000 0.168600 0.034500 0.034000 0.034200 0.069100 0.153900 0.105900 0.068500 0.069100 0.034200 0.034000 0.069100 0.034100 0.110600 0.034200 0.071600 0.000100 0.107800 0.068900 0.069100 0.070000 0.068800 0.071300 0.153900 0.069100 0.157000 0.071300 0.068900 0.034900 0.069100 0.034200 0.069100 0.071600 0.068900 0.104800
Springbuck 0.066900 0.268900 0.066600 0.326900 0.067600 0.066900 0.103100 0.066500 0.103000 0.106300 0.068000 0.104400 0.033000 0.066900 0.068500 0.000000 0.108600 0.167100 0.033200 0.103000 0.103400 0.066900 0.147600 0.102000 0.138900 0.066900 0.033000 0.103000 0.066900 0.032800 0.106300 0.103400 0.144200 0.068000 0.104200 0.066600 0.066900 0.067600 0.066600 0.068900 0.147600 0.066900 0.150500 0.068900 0.066600 0.069800 0.066900 0.033000 0.066900 0.144500 0.066600 0.101500
Okapi 0.071500 0.235900 0.071200 0.333300 0.070500 0.071500 0.110900 0.071400 0.110800 0.073000 0.112300 0.111900 0.072200 0.071500 0.113000 0.108600 0.000000 0.131700 0.061000 0.110800 0.111200 0.071500 0.114200 0.069900 0.149200 0.071500 0.072200 0.110800 0.071500 0.071800 0.073000 0.111200 0.111600 0.112300 0.112000 0.071200 0.071500 0.070500 0.071200 0.035300 0.114200 0.071500 0.116600 0.035300 0.071200 0.155400 0.071500 0.072200 0.071500 0.156200 0.071200 0.108400
Giraffe 0.123100 0.304000 0.120800 0.427200 0.121600 0.123100 0.169100 0.124700 0.165700 0.123000 0.169300 0.167600 0.123600 0.123100 0.168600 0.167100 0.131700 0.000000 0.123800 0.165700 0.168300 0.123100 0.149800 0.119700 0.211300 0.123100 0.123600 0.165700 0.123100 0.121400 0.123000 0.168300 0.169500 0.169300 0.167000 0.120800 0.123100 0.121600 0.123000 0.081700 0.149800 0.123100 0.172800 0.081700 0.120800 0.218300 0.123100 0.123600 0.123100 0.218500 0.120800 0.163600
TibetanAnt 0.033600 0.233300 0.033500 0.287300 0.034000 0.033600 0.069300 0.033600 0.069200 0.071500 0.034300 0.070000 0.000200 0.033600 0.034500 0.033200 0.061000 0.123800 0.000000 0.069200 0.069500 0.033600 0.111900 0.068700 0.104900 0.033600 0.000200 0.069200 0.033600 0.000300 0.071500 0.069500 0.109600 0.034300 0.070000 0.033500 0.033600 0.034000 0.033500 0.034600 0.111900 0.033600 0.114100 0.034600 0.033500 0.071200 0.033600 0.000200 0.033600 0.109600 0.033500 0.067900
Sitatunga 0.033000 0.185500 0.032700 0.237700 0.068700 0.033000 0.033100 0.032900 0.000000 0.108600 0.033800 0.068200 0.068400 0.033000 0.034000 0.103000 0.110800 0.165700 0.069200 0.000000 0.000100 0.033000 0.150800 0.103900 0.032700 0.033000 0.068400 0.000000 0.033000 0.067900 0.108600 0.000100 0.070200 0.033800 0.068700 0.032700 0.033000 0.068700 0.032800 0.070000 0.150800 0.033000 0.154100 0.070000 0.032700 0.070000 0.033000 0.068400 0.033000 0.034100 0.032700 0.066300
Oribi 0.033000 0.186000 0.033000 0.238500 0.068700 0.033000 0.033100 0.033100 0.000100 0.109000 0.033800 0.068900 0.068400 0.033000 0.034200 0.103400 0.111200 0.168300 0.069500 0.000100 0.000000 0.033000 0.150700 0.104200 0.032700 0.033000 0.068400 0.000100 0.033000 0.068400 0.109000 0.000000 0.070500 0.033800 0.068900 0.033000 0.033000 0.068700 0.032900 0.070000 0.150700 0.033000 0.154800 0.070000 0.033000 0.070300 0.033000 0.068400 0.033000 0.034200 0.033000 0.066900
BarbaryShe 0.000000 0.227700 0.000100 0.283200 0.033300 0.000000 0.032900 0.000100 0.033000 0.070000 0.068400 0.033400 0.033100 0.000000 0.069100 0.066900 0.071500 0.123100 0.033600 0.033000 0.033000 0.000000 0.108900 0.067200 0.066400 0.000000 0.033100 0.033000 0.000000 0.033100 0.070000 0.033000 0.107100 0.068400 0.033400 0.000100 0.000000 0.033300 0.000200 0.033900 0.108900 0.000000 0.111500 0.033900 0.000100 0.107200 0.000000 0.033100 0.000000 0.069300 0.000100 0.032500
Daviddeer 0.108900 0.281300 0.108900 0.399500 0.107100 0.108900 0.150200 0.109200 0.150800 0.035700 0.152200 0.152400 0.109800 0.108900 0.153900 0.147600 0.114200 0.149800 0.111900 0.150800 0.150700 0.108900 0.000000 0.106600 0.189200 0.108900 0.109800 0.150800 0.108900 0.109900 0.035700 0.150700 0.151800 0.152200 0.152500 0.108900 0.108900 0.107100 0.108600 0.071700 0.000000 0.108900 0.076100 0.071700 0.108900 0.198400 0.108900 0.109800 0.108900 0.199600 0.108900 0.147500
Reindeer 0.067200 0.180300 0.067000 0.322900 0.066200 0.067200 0.104000 0.067100 0.103900 0.068300 0.105200 0.104900 0.067700 0.067200 0.105900 0.102000 0.069900 0.119700 0.068700 0.103900 0.104200 0.067200 0.106600 0.000000 0.139700 0.067200 0.067700 0.103900 0.067200 0.067500 0.068300 0.104200 0.104500 0.105200 0.105000 0.067000 0.067200 0.066200 0.066900 0.033200 0.106600 0.067200 0.108700 0.033200 0.067000 0.145600 0.067200 0.067700 0.067200 0.145700 0.067000 0.101900
Ibex 0.066400 0.224700 0.066400 0.279000 0.103700 0.066400 0.066600 0.066600 0.032700 0.145700 0.067800 0.104200 0.103100 0.066400 0.068500 0.138900 0.149200 0.211300 0.104900 0.032700 0.032700 0.066400 0.189200 0.139700 0.000000 0.066400 0.103100 0.032700 0.066400 0.103200 0.145700 0.032700 0.106000 0.067800 0.103900 0.066400 0.066400 0.103700 0.066400 0.105600 0.189200 0.066400 0.194100 0.105600 0.066400 0.106300 0.066400 0.103100 0.066400 0.068700 0.066400 0.101300
GyrantGaze 0.000000 0.227700 0.000100 0.283200 0.033300 0.000000 0.032900 0.000100 0.033000 0.070000 0.068400 0.033400 0.033100 0.000000 0.069100 0.066900 0.071500 0.123100 0.033600 0.033000 0.033000 0.000000 0.108900 0.067200 0.066400 0.000000 0.033100 0.033000 0.000000 0.033100 0.070000 0.033000 0.107100 0.068400 0.033400 0.000100 0.000000 0.033300 0.000200 0.033900 0.108900 0.000000 0.111500 0.033900 0.000100 0.107200 0.000000 0.033100 0.000000 0.069300 0.000100 0.032500
Hartebeest 0.033100 0.229500 0.033100 0.286200 0.033500 0.033100 0.068200 0.033200 0.068400 0.070700 0.033800 0.069200 0.000000 0.033100 0.034200 0.033000 0.072200 0.123600 0.000200 0.068400 0.068400 0.033100 0.109800 0.067700 0.103100 0.033100 0.000000 0.068400 0.033100 0.000100 0.070700 0.068400 0.108000 0.033800 0.069300 0.033100 0.033100 0.033500 0.033100 0.034100 0.109800 0.033100 0.112700 0.034100 0.033100 0.070400 0.033100 0.000000 0.033100 0.108100 0.033100 0.067200
Bongo 0.033000 0.185500 0.032700 0.237700 0.068700 0.033000 0.033100 0.032900 0.000000 0.108600 0.033800 0.068200 0.068400 0.033000 0.034000 0.103000 0.110800 0.165700 0.069200 0.000000 0.000100 0.033000 0.150800 0.103900 0.032700 0.033000 0.068400 0.000000 0.033000 0.067900 0.108600 0.000100 0.070200 0.033800 0.068700 0.032700 0.033000 0.068700 0.032800 0.070000 0.150800 0.033000 0.154100 0.070000 0.032700 0.070000 0.033000 0.068400 0.033000 0.034100 0.032700 0.066300
Gerenuk 0.000000 0.227700 0.000100 0.283200 0.033300 0.000000 0.032900 0.000100 0.033000 0.070000 0.068400 0.033400 0.033100 0.000000 0.069100 0.066900 0.071500 0.123100 0.033600 0.033000 0.033000 0.000000 0.108900 0.067200 0.066400 0.000000 0.033100 0.033000 0.000000 0.033100 0.070000 0.033000 0.107100 0.068400 0.033400 0.000100 0.000000 0.033300 0.000200 0.033900 0.108900 0.000000 0.111500 0.033900 0.000100 0.107200 0.000000 0.033100 0.000000 0.069300 0.000100 0.032500
CommonElan 0.033100 0.229000 0.032800 0.285300 0.033500 0.033100 0.068200 0.033100 0.067900 0.070400 0.033900 0.068500 0.000100 0.033100 0.034100 0.032800 0.071800 0.121400 0.000300 0.067900 0.068400 0.033100 0.109900 0.067500 0.103200 0.033100 0.000100 0.067900 0.033100 0.000000 0.070400 0.068400 0.107700 0.033900 0.069000 0.032800 0.033100 0.033500 0.033000 0.034100 0.109900 0.033100 0.112200 0.034100 0.032800 0.070100 0.033100 0.000100 0.033100 0.107700 0.032800 0.066600
MuntiacusR 0.070000 0.229900 0.069700 0.338000 0.069000 0.070000 0.108600 0.070000 0.108600 0.000000 0.110200 0.109600 0.070700 0.070000 0.110600 0.106300 0.073000 0.123000 0.071500 0.108600 0.109000 0.070000 0.035700 0.068300 0.145700 0.070000 0.070700 0.108600 0.070000 0.070400 0.000000 0.109000 0.109400 0.110200 0.109600 0.069700 0.070000 0.069000 0.069500 0.034600 0.035700 0.070000 0.036400 0.034600 0.069700 0.152000 0.070000 0.070700 0.070000 0.152900 0.069700 0.106000
HarveysDui 0.033000 0.186000 0.033000 0.238500 0.068700 0.033000 0.033100 0.033100 0.000100 0.109000 0.033800 0.068900 0.068400 0.033000 0.034200 0.103400 0.111200 0.168300 0.069500 0.000100 0.000000 0.033000 0.150700 0.104200 0.032700 0.033000 0.068400 0.000100 0.033000 0.068400 0.109000 0.000000 0.070500 0.033800 0.068900 0.033000 0.033000 0.068700 0.032900 0.070000 0.150700 0.033000 0.154800 0.070000 0.033000 0.070300 0.033000 0.068400 0.033000 0.034200 0.033000 0.066900
Pronghorn 0.107100 0.186200 0.106700 0.286400 0.105400 0.107100 0.107700 0.106800 0.070200 0.109400 0.071200 0.149100 0.108000 0.107100 0.071600 0.144200 0.111600 0.169500 0.109600 0.070200 0.070500 0.107100 0.151800 0.104500 0.106000 0.107100 0.108000 0.070200 0.107100 0.107700 0.109400 0.070500 0.000000 0.071200 0.149500 0.106700 0.107100 0.105400 0.106400 0.070400 0.151800 0.107100 0.155300 0.070400 0.106700 0.110200 0.107100 0.108000 0.107100 0.110900 0.106700 0.144500
BlueWildeb 0.068400 0.187600 0.068400 0.241200 0.069300 0.068400 0.068700 0.068600 0.033800 0.110200 0.000000 0.107400 0.033800 0.068400 0.000100 0.068000 0.112300 0.169300 0.034300 0.033800 0.033800 0.068400 0.152200 0.105200 0.067800 0.068400 0.033800 0.033800 0.068400 0.033900 0.110200 0.033800 0.071200 0.000000 0.107700 0.068400 0.068400 0.069300 0.068300 0.070600 0.152200 0.068400 0.156500 0.070600 0.068400 0.034700 0.068400 0.033800 0.068400 0.071200 0.068400 0.104100
Gemsbok 0.033400 0.278100 0.033200 0.243900 0.069500 0.033400 0.068700 0.033300 0.068700 0.109600 0.107700 0.069400 0.069300 0.033400 0.107800 0.104200 0.112000 0.167000 0.070000 0.068700 0.068900 0.033400 0.152500 0.105000 0.103900 0.033400 0.069300 0.068700 0.033400 0.069000 0.109600 0.068900 0.149500 0.107700 0.000000 0.033200 0.033400 0.069500 0.033100 0.070800 0.152500 0.033400 0.155400 0.070800 0.033200 0.148500 0.033400 0.069300 0.033400 0.108400 0.033200 0.067300
Yak 0.000100 0.227100 0.000000 0.282300 0.033300 0.000100 0.032900 0.000200 0.032700 0.069700 0.068400 0.033100 0.033100 0.000100 0.068900 0.066600 0.071200 0.120800 0.033500 0.032700 0.033000 0.000100 0.108900 0.067000 0.066400 0.000100 0.033100 0.032700 0.000100 0.032800 0.069700 0.033000 0.106700 0.068400 0.033200 0.000000 0.000100 0.033300 0.000300 0.033900 0.108900 0.000100 0.111000 0.033900 0.000000 0.106700 0.000100 0.033100 0.000100 0.069000 0.000000 0.032200
BlueSheep 0.000000 0.227700 0.000100 0.283200 0.033300 0.000000 0.032900 0.000100 0.033000 0.070000 0.068400 0.033400 0.033100 0.000000 0.069100 0.066900 0.071500 0.123100 0.033600 0.033000 0.033000 0.000000 0.108900 0.067200 0.066400 0.000000 0.033100 0.033000 0.000000 0.033100 0.070000 0.033000 0.107100 0.068400 0.033400 0.000100 0.000000 0.033300 0.000200 0.033900 0.108900 0.000000 0.111500 0.033900 0.000100 0.107200 0.000000 0.033100 0.000000 0.069300 0.000100 0.032500
BohorReedb 0.033300 0.223400 0.033300 0.228600 0.000000 0.033300 0.068500 0.033400 0.068700 0.069000 0.069300 0.069500 0.033500 0.033300 0.070000 0.067600 0.070500 0.121600 0.034000 0.068700 0.068700 0.033300 0.107100 0.066200 0.103700 0.033300 0.033500 0.068700 0.033300 0.033500 0.069000 0.068700 0.105400 0.069300 0.069500 0.033300 0.033300 0.000000 0.033300 0.033300 0.107100 0.033300 0.109700 0.033300 0.033300 0.108400 0.033300 0.033500 0.033300 0.108500 0.033300 0.067500
KirksDik 0.000200 0.227200 0.000300 0.239600 0.033300 0.000200 0.032900 0.000100 0.032800 0.069500 0.068300 0.033200 0.033100 0.000200 0.068800 0.066600 0.071200 0.123000 0.033500 0.032800 0.032900 0.000200 0.108600 0.066900 0.066400 0.000200 0.033100 0.032800 0.000200 0.033000 0.069500 0.032900 0.106400 0.068300 0.033100 0.000300 0.000200 0.033300 0.000000 0.033800 0.108600 0.000200 0.110500 0.033800 0.000300 0.106600 0.000200 0.033100 0.000200 0.068800 0.000300 0.032400
RoeDeer 0.033900 0.185100 0.033900 0.283200 0.033300 0.033900 0.069700 0.034000 0.070000 0.034600 0.070600 0.070800 0.034100 0.033900 0.071300 0.068900 0.035300 0.081700 0.034600 0.070000 0.070000 0.033900 0.071700 0.033200 0.105600 0.033900 0.034100 0.070000 0.033900 0.034100 0.034600 0.070000 0.070400 0.070600 0.070800 0.033900 0.033900 0.033300 0.033800 0.000000 0.071700 0.033900 0.073500 0.000000 0.033900 0.110500 0.033900 0.034100 0.033900 0.110600 0.033900 0.068700
WhiteLippe 0.108900 0.281300 0.108900 0.399500 0.107100 0.108900 0.150200 0.109200 0.150800 0.035700 0.152200 0.152400 0.109800 0.108900 0.153900 0.147600 0.114200 0.149800 0.111900 0.150800 0.150700 0.108900 0.000000 0.106600 0.189200 0.108900 0.109800 0.150800 0.108900 0.109900 0.035700 0.150700 0.151800 0.152200 0.152500 0.108900 0.108900 0.107100 0.108600 0.071700 0.000000 0.108900 0.076100 0.071700 0.108900 0.198400 0.108900 0.109800 0.108900 0.199600 0.108900 0.147500
ThomsonGaz 0.000000 0.227700 0.000100 0.283200 0.033300 0.000000 0.032900 0.000100 0.033000 0.070000 0.068400 0.033400 0.033100 0.000000 0.069100 0.066900 0.071500 0.123100 0.033600 0.033000 0.033000 0.000000 0.108900 0.067200 0.066400 0.000000 0.033100 0.033000 0.000000 0.033100 0.070000 0.033000 0.107100 0.068400 0.033400 0.000100 0.000000 0.033300 0.000200 0.033900 0.108900 0.000000 0.111500 0.033900 0.000100 0.107200 0.000000 0.033100 0.000000 0.069300 0.000100 0.032500
MuntiacusC 0.111500 0.286100 0.111000 0.407100 0.109700 0.111500 0.154100 0.111400 0.154100 0.036400 0.156500 0.155900 0.112700 0.111500 0.157000 0.150500 0.116600 0.172800 0.114100 0.154100 0.154800 0.111500 0.076100 0.108700 0.194100 0.111500 0.112700 0.154100 0.111500 0.112200 0.036400 0.154800 0.155300 0.156500 0.155400 0.111000 0.111500 0.109700 0.110500 0.073500 0.076100 0.111500 0.000000 0.073500 0.111000 0.202800 0.111500 0.112700 0.111500 0.204900 0.111000 0.150300
WhiteTaile 0.033900 0.185100 0.033900 0.283200 0.033300 0.033900 0.069700 0.034000 0.070000 0.034600 0.070600 0.070800 0.034100 0.033900 0.071300 0.068900 0.035300 0.081700 0.034600 0.070000 0.070000 0.033900 0.071700 0.033200 0.105600 0.033900 0.034100 0.070000 0.033900 0.034100 0.034600 0.070000 0.070400 0.070600 0.070800 0.033900 0.033900 0.033300 0.033800 0.000000 0.071700 0.033900 0.073500 0.000000 0.033900 0.110500 0.033900 0.034100 0.033900 0.110600 0.033900 0.068700
Cattle 0.000100 0.227100 0.000000 0.282300 0.033300 0.000100 0.032900 0.000200 0.032700 0.069700 0.068400 0.033100 0.033100 0.000100 0.068900 0.066600 0.071200 0.120800 0.033500 0.032700 0.033000 0.000100 0.108900 0.067000 0.066400 0.000100 0.033100 0.032700 0.000100 0.032800 0.069700 0.033000 0.106700 0.068400 0.033200 0.000000 0.000100 0.033300 0.000300 0.033900 0.108900 0.000100 0.111000 0.033900 0.000000 0.106700 0.000100 0.033100 0.000100 0.069000 0.000000 0.032200
RoyalAntel 0.107200 0.233400 0.106700 0.288900 0.108400 0.107200 0.107500 0.106900 0.070000 0.152000 0.034700 0.149100 0.070400 0.107200 0.034900 0.069800 0.155400 0.218300 0.071200 0.070000 0.070300 0.107200 0.198400 0.145600 0.106300 0.107200 0.070400 0.070000 0.107200 0.070100 0.152000 0.070300 0.110200 0.034700 0.148500 0.106700 0.107200 0.108400 0.106600 0.110500 0.198400 0.107200 0.202800 0.110500 0.106700 0.000000 0.107200 0.070400 0.107200 0.110600 0.106700 0.144900
Steenbok 0.000000 0.227700 0.000100 0.283200 0.033300 0.000000 0.032900 0.000100 0.033000 0.070000 0.068400 0.033400 0.033100 0.000000 0.069100 0.066900 0.071500 0.123100 0.033600 0.033000 0.033000 0.000000 0.108900 0.067200 0.066400 0.000000 0.033100 0.033000 0.000000 0.033100 0.070000 0.033000 0.107100 0.068400 0.033400 0.000100 0.000000 0.033300 0.000200 0.033900 0.108900 0.000000 0.111500 0.033900 0.000100 0.107200 0.000000 0.033100 0.000000 0.069300 0.000100 0.032500
Impala 0.033100 0.229500 0.033100 0.286200 0.033500 0.033100 0.068200 0.033200 0.068400 0.070700 0.033800 0.069200 0.000000 0.033100 0.034200 0.033000 0.072200 0.123600 0.000200 0.068400 0.068400 0.033100 0.109800 0.067700 0.103100 0.033100 0.000000 0.068400 0.033100 0.000100 0.070700 0.068400 0.108000 0.033800 0.069300 0.033100 0.033100 0.033500 0.033100 0.034100 0.109800 0.033100 0.112700 0.034100 0.033100 0.070400 0.033100 0.000000 0.033100 0.108100 0.033100 0.067200
Klipspring 0.000000 0.227700 0.000100 0.283200 0.033300 0.000000 0.032900 0.000100 0.033000 0.070000 0.068400 0.033400 0.033100 0.000000 0.069100 0.066900 0.071500 0.123100 0.033600 0.033000 0.033000 0.000000 0.108900 0.067200 0.066400 0.000000 0.033100 0.033000 0.000000 0.033100 0.070000 0.033000 0.107100 0.068400 0.033400 0.000100 0.000000 0.033300 0.000200 0.033900 0.108900 0.000000 0.111500 0.033900 0.000100 0.107200 0.000000 0.033100 0.000000 0.069300 0.000100 0.032500
ForestMusk 0.069300 0.235500 0.069000 0.295000 0.108500 0.069300 0.069600 0.069200 0.034100 0.152900 0.071200 0.034500 0.108100 0.069300 0.071600 0.144500 0.156200 0.218500 0.109600 0.034100 0.034200 0.069300 0.199600 0.145700 0.068700 0.069300 0.108100 0.034100 0.069300 0.107700 0.152900 0.034200 0.110900 0.071200 0.108400 0.069000 0.069300 0.108500 0.068800 0.110600 0.199600 0.069300 0.204900 0.110600 0.069000 0.110600 0.069300 0.108100 0.069300 0.000000 0.069000 0.105100
Bushbuck 0.000100 0.227100 0.000000 0.282300 0.033300 0.000100 0.032900 0.000200 0.032700 0.069700 0.068400 0.033100 0.033100 0.000100 0.068900 0.066600 0.071200 0.120800 0.033500 0.032700 0.033000 0.000100 0.108900 0.067000 0.066400 0.000100 0.033100 0.032700 0.000100 0.032800 0.069700 0.033000 0.106700 0.068400 0.033200 0.000000 0.000100 0.033300 0.000300 0.033900 0.108900 0.000100 0.111000 0.033900 0.000000 0.106700 0.000100 0.033100 0.000100 0.069000 0.000000 0.032200
GreaterKud 0.032500 0.271200 0.032200 0.329500 0.067500 0.032500 0.066700 0.032500 0.066300 0.106000 0.104100 0.067200 0.067200 0.032500 0.104800 0.101500 0.108400 0.163600 0.067900 0.066300 0.066900 0.032500 0.147500 0.101900 0.101300 0.032500 0.067200 0.066300 0.032500 0.066600 0.106000 0.066900 0.144500 0.104100 0.067300 0.032200 0.032500 0.067500 0.032400 0.068700 0.147500 0.032500 0.150300 0.068700 0.032200 0.144900 0.032500 0.067200 0.032500 0.105100 0.032200 0.000000
