1
52 1
Argali 0.000000 0.384000 0.122600 0.238900 0.064700 0.038500 0.066700 0.091900 0.077800 0.121800 0.052400 0.080100 0.081400 0.093000 0.126000 0.077800 0.126200 0.141300 0.052100 0.078900 0.079000 0.052400 0.153400 0.109500 0.052400 0.078100 0.066200 0.078900 0.064600 0.079600 0.148700 0.080100 0.108600 0.111700 0.092800 0.121200 0.065700 0.093300 0.132300 0.106900 0.139300 0.092000 0.123200 0.093500 0.093100 0.066400 0.104900 0.094500 0.079600 0.109700 0.094900 0.065100
LesserMous 0.384000 0.000000 0.380900 0.449700 0.379500 0.392700 0.349900 0.356400 0.398400 0.397900 0.353100 0.344600 0.352600 0.412400 0.514000 0.399900 0.400400 0.374700 0.365200 0.401700 0.359400 0.353100 0.455200 0.385100 0.353100 0.402800 0.368000 0.401700 0.380200 0.360500 0.386600 0.369300 0.334100 0.355700 0.382500 0.430000 0.374200 0.337400 0.456000 0.372900 0.434600 0.426800 0.404600 0.356900 0.387700 0.347400 0.416700 0.411500 0.405400 0.409100 0.387700 0.377700
LesserKudu 0.122600 0.380900 0.000000 0.234200 0.079200 0.109700 0.081800 0.104400 0.064700 0.108400 0.067600 0.080600 0.097200 0.108600 0.143200 0.064900 0.113200 0.128400 0.066500 0.065700 0.094000 0.067600 0.139600 0.096000 0.067600 0.093000 0.081100 0.065700 0.079100 0.039200 0.135300 0.095600 0.095200 0.128600 0.108300 0.108000 0.081400 0.108900 0.148300 0.080000 0.125500 0.107300 0.118000 0.080300 0.080000 0.081400 0.120400 0.110400 0.094700 0.110500 0.053300 0.052000
KillerWhal 0.238900 0.449700 0.234200 0.000000 0.184600 0.225000 0.192200 0.201600 0.200700 0.185000 0.172900 0.187300 0.213300 0.203800 0.232900 0.201200 0.230300 0.249800 0.170800 0.215300 0.203700 0.172900 0.261900 0.208500 0.172900 0.202200 0.190700 0.215300 0.184700 0.181200 0.251600 0.208500 0.205500 0.198200 0.223600 0.221600 0.189500 0.222600 0.252000 0.202200 0.244800 0.220900 0.239800 0.186900 0.187400 0.155400 0.217500 0.228500 0.205800 0.226600 0.202900 0.197000
DefassaWat 0.064700 0.379500 0.079200 0.184600 0.000000 0.052100 0.025900 0.050900 0.063800 0.078500 0.012900 0.051900 0.039400 0.051500 0.081200 0.037700 0.082000 0.096400 0.012600 0.064800 0.038300 0.012900 0.107700 0.066200 0.012900 0.037800 0.025700 0.064800 0.025000 0.038600 0.104500 0.038800 0.065700 0.067600 0.051400 0.078200 0.025800 0.025300 0.089600 0.064600 0.094200 0.050900 0.079400 0.051700 0.051500 0.025800 0.063500 0.052300 0.038600 0.080100 0.052500 0.051300
Sheep 0.038500 0.392700 0.109700 0.225000 0.052100 0.000000 0.053700 0.079200 0.065200 0.108900 0.039600 0.067200 0.068300 0.080200 0.112700 0.065300 0.112800 0.127900 0.039300 0.066200 0.066200 0.039600 0.140200 0.096400 0.039600 0.065500 0.053300 0.066200 0.052000 0.066800 0.135800 0.067200 0.095500 0.098600 0.080000 0.108300 0.052900 0.080400 0.119600 0.094000 0.126100 0.079300 0.110100 0.080600 0.080300 0.053500 0.092200 0.081600 0.066800 0.111000 0.081900 0.052400
MaxwellsDu 0.066700 0.349900 0.081800 0.192200 0.025900 0.053700 0.000000 0.052500 0.065800 0.081100 0.013300 0.053400 0.013200 0.052900 0.084000 0.038900 0.084800 0.069500 0.013000 0.066900 0.039500 0.013300 0.111400 0.068400 0.013300 0.038900 0.026400 0.066900 0.025800 0.039800 0.107900 0.012700 0.067800 0.069600 0.053100 0.080800 0.026600 0.026100 0.092300 0.066700 0.097400 0.052300 0.082000 0.053400 0.053100 0.026600 0.065300 0.039600 0.039600 0.082800 0.054200 0.052900
GazellaPrz 0.091900 0.356400 0.104400 0.201600 0.050900 0.079200 0.052500 0.000000 0.090400 0.078200 0.039100 0.078900 0.066800 0.078400 0.110100 0.037500 0.111000 0.126000 0.038400 0.089600 0.038100 0.039100 0.107300 0.065900 0.039100 0.037700 0.052100 0.089600 0.024900 0.062100 0.104100 0.065700 0.093400 0.081100 0.078200 0.106000 0.052200 0.078700 0.062100 0.064400 0.093900 0.050700 0.079100 0.051500 0.078500 0.052300 0.037000 0.079700 0.065100 0.108500 0.078000 0.075300
MountainNy 0.077800 0.398400 0.064700 0.200700 0.063800 0.065200 0.065800 0.090400 0.000000 0.091700 0.052300 0.038300 0.080400 0.091800 0.124300 0.050000 0.095700 0.110200 0.051400 0.025000 0.077900 0.052300 0.092700 0.079500 0.052300 0.077000 0.065300 0.025000 0.063700 0.025200 0.090000 0.079100 0.051700 0.110300 0.091600 0.064100 0.065500 0.092100 0.130400 0.077600 0.079400 0.090800 0.092700 0.064700 0.038000 0.065500 0.103500 0.093300 0.078400 0.093500 0.038700 0.012400
MuntiacusM 0.121800 0.397900 0.108400 0.185000 0.078500 0.108900 0.081100 0.078200 0.091700 0.000000 0.067000 0.079800 0.096300 0.107700 0.142000 0.064400 0.111600 0.126600 0.065900 0.093000 0.065300 0.067000 0.051700 0.038800 0.067000 0.064600 0.080400 0.093000 0.051300 0.065900 0.050300 0.094700 0.093800 0.127600 0.107500 0.107000 0.080700 0.107900 0.118100 0.038100 0.038800 0.078300 0.025600 0.025400 0.079200 0.080700 0.091100 0.109500 0.093900 0.108600 0.080900 0.078900
goat 0.052400 0.353100 0.067600 0.172900 0.012900 0.039600 0.013300 0.039100 0.052300 0.067000 0.000000 0.026500 0.027000 0.039600 0.069300 0.025800 0.069500 0.083900 0.000000 0.053100 0.026100 0.000000 0.096500 0.054300 0.000000 0.025800 0.013200 0.053100 0.012800 0.026400 0.093600 0.026500 0.053800 0.055500 0.039500 0.066700 0.013100 0.039700 0.078600 0.053000 0.082700 0.039100 0.067800 0.039800 0.039600 0.013200 0.052000 0.040200 0.026400 0.068400 0.040400 0.039400
AfricanBuf 0.080100 0.344600 0.080600 0.187300 0.051900 0.067200 0.053400 0.078900 0.038300 0.079800 0.026500 0.000000 0.067800 0.079600 0.112300 0.065000 0.069300 0.083800 0.039100 0.065800 0.066000 0.026500 0.080700 0.067300 0.026500 0.065000 0.052900 0.065800 0.051800 0.039200 0.078400 0.066800 0.039400 0.097700 0.079700 0.052100 0.039900 0.080300 0.119100 0.065700 0.067300 0.078700 0.080700 0.052600 0.025800 0.053300 0.091700 0.081000 0.066300 0.081400 0.053400 0.052100
Topi 0.081400 0.352600 0.097200 0.213300 0.039400 0.068300 0.013200 0.066800 0.080400 0.096300 0.027000 0.067800 0.000000 0.067300 0.099800 0.052700 0.100700 0.084900 0.026400 0.081600 0.053500 0.027000 0.127700 0.083600 0.027000 0.052700 0.013200 0.081600 0.039400 0.054000 0.123500 0.026500 0.082800 0.055700 0.067500 0.095900 0.040500 0.039800 0.107300 0.081500 0.113400 0.066500 0.097400 0.067900 0.067600 0.040600 0.079600 0.053600 0.053700 0.098400 0.069000 0.067300
CommonDuik 0.093000 0.412400 0.108600 0.203800 0.051500 0.080200 0.052900 0.078400 0.091800 0.107700 0.039600 0.079600 0.067300 0.000000 0.111400 0.064500 0.112500 0.127600 0.038700 0.093200 0.065400 0.039600 0.138700 0.095400 0.039600 0.064500 0.052500 0.093200 0.051400 0.066000 0.134400 0.066200 0.094500 0.097100 0.065600 0.107100 0.052900 0.079600 0.118300 0.093000 0.124700 0.078200 0.108900 0.079700 0.079400 0.052900 0.090900 0.080400 0.065700 0.109900 0.081000 0.079000
Suni 0.126000 0.514000 0.143200 0.232900 0.081200 0.112700 0.084000 0.110100 0.124300 0.142000 0.069300 0.112300 0.099800 0.111400 0.000000 0.095000 0.148700 0.165200 0.068100 0.126300 0.096400 0.069300 0.157500 0.129500 0.069300 0.095400 0.083200 0.126300 0.081100 0.097300 0.170300 0.098100 0.097600 0.132300 0.111200 0.141500 0.083500 0.111900 0.152400 0.126100 0.143200 0.110100 0.143800 0.112100 0.111800 0.083500 0.123700 0.113400 0.097100 0.127700 0.113700 0.110900
Springbuck 0.077800 0.399900 0.064900 0.201200 0.037700 0.065300 0.038900 0.037500 0.050000 0.064400 0.025800 0.065000 0.052700 0.064500 0.095000 0.000000 0.096000 0.110500 0.025300 0.050900 0.025100 0.025800 0.092700 0.052100 0.025800 0.024800 0.038600 0.050900 0.012300 0.025300 0.090000 0.051900 0.079000 0.081400 0.064400 0.091500 0.038700 0.064800 0.075600 0.050900 0.079400 0.037600 0.065100 0.038200 0.064600 0.038700 0.050000 0.065600 0.051500 0.093700 0.038700 0.037800
Okapi 0.126200 0.400400 0.113200 0.230300 0.082000 0.112800 0.084800 0.111000 0.095700 0.111600 0.069500 0.069300 0.100700 0.112500 0.148700 0.096000 0.000000 0.083300 0.068800 0.097100 0.097400 0.069500 0.143800 0.098900 0.069500 0.096300 0.084000 0.097100 0.081900 0.068800 0.139300 0.099000 0.098100 0.133500 0.112200 0.111900 0.083600 0.112900 0.153900 0.096400 0.129400 0.111200 0.113000 0.082700 0.082800 0.084300 0.124800 0.114500 0.098200 0.113900 0.084500 0.082300
Giraffe 0.141300 0.374700 0.128400 0.249800 0.096400 0.127900 0.069500 0.126000 0.110200 0.126600 0.083900 0.083800 0.084900 0.127600 0.165200 0.110500 0.083300 0.000000 0.083100 0.111900 0.112100 0.083900 0.159600 0.113900 0.083900 0.110900 0.098800 0.111900 0.096200 0.083200 0.154500 0.083500 0.112900 0.149600 0.127400 0.126900 0.098300 0.097200 0.169400 0.111100 0.145000 0.111400 0.128100 0.097100 0.097400 0.099100 0.139900 0.112900 0.112900 0.129200 0.099200 0.096800
TibetanAnt 0.052100 0.365200 0.066500 0.170800 0.012600 0.039300 0.013000 0.038400 0.051400 0.065900 0.000000 0.039100 0.026400 0.038700 0.068100 0.025300 0.068800 0.083100 0.000000 0.052200 0.025700 0.000000 0.094800 0.053300 0.000000 0.025300 0.012900 0.052200 0.012600 0.025900 0.092000 0.026000 0.052900 0.054300 0.038800 0.065600 0.013000 0.039000 0.077200 0.052100 0.081300 0.038300 0.066600 0.039100 0.038900 0.013000 0.050900 0.039400 0.025800 0.067200 0.039700 0.038700
Sitatunga 0.078900 0.401700 0.065700 0.215300 0.064800 0.066200 0.066900 0.089600 0.025000 0.093000 0.053100 0.065800 0.081600 0.093200 0.126300 0.050900 0.097100 0.111900 0.052200 0.000000 0.079000 0.053100 0.123100 0.080700 0.053100 0.078200 0.066300 0.000000 0.064600 0.025500 0.119400 0.080300 0.080000 0.112100 0.078300 0.092700 0.066500 0.093500 0.132300 0.078800 0.109400 0.092100 0.086800 0.065700 0.065400 0.066500 0.105000 0.094700 0.079600 0.094900 0.039200 0.012500
Oribi 0.079000 0.359400 0.094000 0.203700 0.038300 0.066200 0.039500 0.038100 0.077900 0.065300 0.026100 0.066000 0.053500 0.065400 0.096400 0.025100 0.097400 0.112100 0.025700 0.079000 0.000000 0.026100 0.094000 0.052800 0.026100 0.025200 0.039100 0.079000 0.012500 0.052300 0.091300 0.052700 0.080200 0.082400 0.065300 0.092900 0.039300 0.065800 0.076600 0.051600 0.080600 0.038100 0.066000 0.038700 0.065500 0.039300 0.050700 0.066500 0.052300 0.095000 0.066800 0.065200
BarbaryShe 0.052400 0.353100 0.067600 0.172900 0.012900 0.039600 0.013300 0.039100 0.052300 0.067000 0.000000 0.026500 0.027000 0.039600 0.069300 0.025800 0.069500 0.083900 0.000000 0.053100 0.026100 0.000000 0.096500 0.054300 0.000000 0.025800 0.013200 0.053100 0.012800 0.026400 0.093600 0.026500 0.053800 0.055500 0.039500 0.066700 0.013100 0.039700 0.078600 0.053000 0.082700 0.039100 0.067800 0.039800 0.039600 0.013200 0.052000 0.040200 0.026400 0.068400 0.040400 0.039400
Daviddeer 0.153400 0.455200 0.139600 0.261900 0.107700 0.140200 0.111400 0.107300 0.092700 0.051700 0.096500 0.080700 0.127700 0.138700 0.157500 0.092700 0.143800 0.159600 0.094800 0.123100 0.094000 0.096500 0.000000 0.066400 0.096500 0.092900 0.110300 0.123100 0.079000 0.094900 0.050800 0.125600 0.094900 0.160900 0.138400 0.108300 0.110700 0.139200 0.148700 0.065100 0.012400 0.107300 0.052400 0.052100 0.080500 0.110700 0.120600 0.141200 0.124100 0.109200 0.110900 0.108200
Reindeer 0.109500 0.385100 0.096000 0.208500 0.066200 0.096400 0.068400 0.065900 0.079500 0.038800 0.054300 0.067300 0.083600 0.095400 0.129500 0.052100 0.098900 0.113900 0.053300 0.080700 0.052800 0.054300 0.066400 0.000000 0.054300 0.052300 0.067900 0.080700 0.038900 0.053400 0.064500 0.082200 0.081400 0.115000 0.095200 0.094800 0.068100 0.095600 0.106100 0.025700 0.053100 0.066000 0.039400 0.012900 0.066800 0.068100 0.078900 0.097000 0.081500 0.096300 0.068200 0.066600
Ibex 0.052400 0.353100 0.067600 0.172900 0.012900 0.039600 0.013300 0.039100 0.052300 0.067000 0.000000 0.026500 0.027000 0.039600 0.069300 0.025800 0.069500 0.083900 0.000000 0.053100 0.026100 0.000000 0.096500 0.054300 0.000000 0.025800 0.013200 0.053100 0.012800 0.026400 0.093600 0.026500 0.053800 0.055500 0.039500 0.066700 0.012500 0.039700 0.078600 0.053000 0.082700 0.039100 0.067800 0.039800 0.039600 0.013200 0.052000 0.040200 0.026400 0.068400 0.040400 0.039400
GyrantGaze 0.078100 0.402800 0.093000 0.202200 0.037800 0.065500 0.038900 0.037700 0.077000 0.064600 0.025800 0.065000 0.052700 0.064500 0.095400 0.024800 0.096300 0.110900 0.025300 0.078200 0.025200 0.025800 0.092900 0.052300 0.025800 0.000000 0.038600 0.078200 0.012400 0.051700 0.090300 0.051900 0.079300 0.081300 0.064600 0.091800 0.038900 0.065000 0.075800 0.051100 0.079600 0.012300 0.065300 0.038300 0.064800 0.038900 0.050000 0.052100 0.051500 0.094000 0.066000 0.064500
Hartebeest 0.066200 0.368000 0.081100 0.190700 0.025700 0.053300 0.026400 0.052100 0.065300 0.080400 0.013200 0.052900 0.013200 0.052500 0.083200 0.038600 0.084000 0.098800 0.012900 0.066300 0.039100 0.013200 0.110300 0.067900 0.013200 0.038600 0.000000 0.066300 0.025600 0.039500 0.106900 0.039600 0.067200 0.040700 0.052600 0.080000 0.026400 0.052900 0.091500 0.066200 0.096500 0.051900 0.081300 0.053000 0.052700 0.026400 0.064700 0.053400 0.039300 0.082100 0.053800 0.052500
Bongo 0.078900 0.401700 0.065700 0.215300 0.064800 0.066200 0.066900 0.089600 0.025000 0.093000 0.053100 0.065800 0.081600 0.093200 0.126300 0.050900 0.097100 0.111900 0.052200 0.000000 0.079000 0.053100 0.123100 0.080700 0.053100 0.078200 0.066300 0.000000 0.064600 0.025500 0.119400 0.080300 0.080000 0.112100 0.078300 0.092700 0.066500 0.093500 0.132300 0.078800 0.109400 0.092100 0.086800 0.065700 0.065400 0.066500 0.105000 0.094700 0.079600 0.094900 0.039200 0.012500
Gerenuk 0.064600 0.380200 0.079100 0.184700 0.025000 0.052000 0.025800 0.024900 0.063700 0.051300 0.012800 0.051800 0.039400 0.051400 0.081100 0.012300 0.081900 0.096200 0.012600 0.064600 0.012500 0.012800 0.079000 0.038900 0.012800 0.012400 0.025600 0.064600 0.000000 0.038500 0.076800 0.038700 0.065600 0.067400 0.051300 0.078000 0.025700 0.051600 0.062700 0.038000 0.065800 0.025000 0.051800 0.025300 0.051400 0.038400 0.037300 0.051700 0.038500 0.079900 0.052400 0.051200
CommonElan 0.079600 0.360500 0.039200 0.181200 0.038600 0.066800 0.039800 0.062100 0.025200 0.065900 0.026400 0.039200 0.054000 0.066000 0.097300 0.025300 0.068800 0.083200 0.025900 0.025500 0.052300 0.026400 0.094900 0.053400 0.026400 0.051700 0.039500 0.025500 0.038500 0.000000 0.092100 0.053100 0.052900 0.083400 0.065900 0.065700 0.039600 0.066300 0.104900 0.052100 0.081300 0.065300 0.073600 0.039100 0.038900 0.039700 0.078100 0.067100 0.052700 0.067300 0.013000 0.012600
MuntiacusR 0.148700 0.386600 0.135300 0.251600 0.104500 0.135800 0.107900 0.104100 0.090000 0.050300 0.093600 0.078400 0.123500 0.134400 0.170300 0.090000 0.139300 0.154500 0.092000 0.119400 0.091300 0.093600 0.050800 0.064500 0.093600 0.090300 0.106900 0.119400 0.076800 0.092100 0.000000 0.121600 0.092200 0.155400 0.134200 0.105100 0.107400 0.134900 0.144300 0.063300 0.038100 0.104200 0.051000 0.050700 0.077800 0.107300 0.117100 0.136700 0.120400 0.135400 0.107500 0.105000
HarveysDui 0.080100 0.369300 0.095600 0.208500 0.038800 0.067200 0.012700 0.065700 0.079100 0.094700 0.026500 0.066800 0.026500 0.066200 0.098100 0.051900 0.099000 0.083500 0.026000 0.080300 0.052700 0.026500 0.125600 0.082200 0.026500 0.051900 0.039600 0.080300 0.038700 0.053100 0.121600 0.000000 0.081500 0.083600 0.066400 0.094400 0.039900 0.039200 0.105700 0.080100 0.111500 0.065500 0.095800 0.066800 0.066500 0.039900 0.078400 0.052800 0.052800 0.096700 0.067800 0.066200
Pronghorn 0.108600 0.334100 0.095200 0.205500 0.065700 0.095500 0.067800 0.093400 0.051700 0.093800 0.053800 0.039400 0.082800 0.094500 0.097600 0.079000 0.098100 0.112900 0.052900 0.080000 0.080200 0.053800 0.094900 0.081400 0.053800 0.079300 0.067200 0.080000 0.065600 0.052900 0.092200 0.081500 0.000000 0.113600 0.094300 0.066000 0.067500 0.094900 0.134400 0.079500 0.081400 0.093400 0.094900 0.066200 0.039100 0.067400 0.106700 0.096100 0.080700 0.095700 0.067600 0.065900
BlueWildeb 0.111700 0.355700 0.128600 0.198200 0.067600 0.098600 0.069600 0.081100 0.110300 0.127600 0.055500 0.097700 0.055700 0.097100 0.132300 0.081400 0.133500 0.149600 0.054300 0.112100 0.082400 0.055500 0.160900 0.115000 0.055500 0.081300 0.040700 0.112100 0.067400 0.083400 0.155400 0.083600 0.113600 0.000000 0.097300 0.126900 0.069500 0.097500 0.122300 0.111900 0.146000 0.095900 0.129000 0.097900 0.097500 0.040900 0.093900 0.098800 0.083000 0.130500 0.099500 0.097100
Gemsbok 0.092800 0.382500 0.108300 0.223600 0.051400 0.080000 0.053100 0.078200 0.091600 0.107500 0.039500 0.079700 0.067500 0.065600 0.111200 0.064400 0.112200 0.127400 0.038800 0.078300 0.065300 0.039500 0.138400 0.095200 0.039500 0.064600 0.052600 0.078300 0.051300 0.065900 0.134200 0.066400 0.094300 0.097300 0.000000 0.106900 0.052800 0.079500 0.118200 0.092900 0.124400 0.078300 0.078800 0.079600 0.079200 0.052800 0.091100 0.080400 0.065800 0.109600 0.080800 0.078800
Yak 0.121200 0.430000 0.108000 0.221600 0.078200 0.108300 0.080800 0.106000 0.064100 0.107000 0.066700 0.052100 0.095900 0.107100 0.141500 0.091500 0.111900 0.126900 0.065600 0.092700 0.092900 0.066700 0.108300 0.094800 0.066700 0.091800 0.080000 0.092700 0.078000 0.065700 0.105100 0.094400 0.066000 0.126900 0.106900 0.000000 0.080300 0.107700 0.146600 0.092400 0.094700 0.105900 0.108300 0.079300 0.025500 0.080300 0.119000 0.109000 0.093300 0.109300 0.080500 0.078600
BlueSheep 0.065700 0.374200 0.081400 0.189500 0.025800 0.052900 0.026600 0.052200 0.065500 0.080700 0.013100 0.039900 0.040500 0.052900 0.083500 0.038700 0.083600 0.098300 0.013000 0.066500 0.039300 0.013100 0.110700 0.068100 0.012500 0.038900 0.026400 0.066500 0.025700 0.039600 0.107400 0.039900 0.067500 0.069500 0.052800 0.080300 0.000000 0.053100 0.091900 0.066400 0.096800 0.052300 0.081600 0.053200 0.052900 0.026500 0.065200 0.053700 0.039600 0.082300 0.054000 0.052700
BohorReedb 0.093300 0.337400 0.108900 0.222600 0.025300 0.080400 0.026100 0.078700 0.092100 0.107900 0.039700 0.080300 0.039800 0.079600 0.111900 0.064800 0.112900 0.097200 0.039000 0.093500 0.065800 0.039700 0.139200 0.095600 0.039700 0.065000 0.052900 0.093500 0.051600 0.066300 0.134900 0.039200 0.094900 0.097500 0.079500 0.107700 0.053100 0.000000 0.118800 0.093300 0.125200 0.078700 0.109200 0.080000 0.079700 0.053100 0.091700 0.066000 0.066200 0.110200 0.081200 0.079200
KirksDik 0.132300 0.456000 0.148300 0.252000 0.089600 0.119600 0.092300 0.062100 0.130400 0.118100 0.078600 0.119100 0.107300 0.118300 0.152400 0.075600 0.153900 0.169400 0.077200 0.132300 0.076600 0.078600 0.148700 0.106100 0.078600 0.075800 0.091500 0.132300 0.062700 0.104900 0.144300 0.105700 0.134400 0.122300 0.118200 0.146600 0.091900 0.118800 0.000000 0.103800 0.135000 0.089300 0.119500 0.090700 0.118500 0.091800 0.074500 0.120300 0.104800 0.150200 0.120600 0.117700
RoeDeer 0.106900 0.372900 0.080000 0.202200 0.064600 0.094000 0.066700 0.064400 0.077600 0.038100 0.053000 0.065700 0.081500 0.093000 0.126100 0.050900 0.096400 0.111100 0.052100 0.078800 0.051600 0.053000 0.065100 0.025700 0.053000 0.051100 0.066200 0.078800 0.038000 0.052100 0.063300 0.080100 0.079500 0.111900 0.092900 0.092400 0.066400 0.093300 0.103800 0.000000 0.052100 0.064500 0.038500 0.012600 0.065200 0.066400 0.077100 0.094600 0.079500 0.094200 0.066600 0.065000
WhiteLippe 0.139300 0.434600 0.125500 0.244800 0.094200 0.126100 0.097400 0.093900 0.079400 0.038800 0.082700 0.067300 0.113400 0.124700 0.143200 0.079400 0.129400 0.145000 0.081300 0.109400 0.080600 0.082700 0.012400 0.053100 0.082700 0.079600 0.096500 0.109400 0.065800 0.081300 0.038100 0.111500 0.081400 0.146000 0.124400 0.094700 0.096800 0.125200 0.135000 0.052100 0.000000 0.093800 0.039300 0.039100 0.067100 0.096800 0.107100 0.126900 0.110300 0.095600 0.097000 0.094600
ThomsonGaz 0.092000 0.426800 0.107300 0.220900 0.050900 0.079300 0.052300 0.050700 0.090800 0.078300 0.039100 0.078700 0.066500 0.078200 0.110100 0.037600 0.111200 0.111400 0.038300 0.092100 0.038100 0.039100 0.107300 0.066000 0.039100 0.012300 0.051900 0.092100 0.025000 0.065300 0.104200 0.065500 0.093400 0.095900 0.078300 0.105900 0.052300 0.078700 0.089300 0.064500 0.093800 0.000000 0.079100 0.051600 0.078500 0.052300 0.063000 0.065700 0.065000 0.108600 0.080000 0.078100
MuntiacusC 0.123200 0.404600 0.118000 0.239800 0.079400 0.110100 0.082000 0.079100 0.092700 0.025600 0.067800 0.080700 0.097400 0.108900 0.143800 0.065100 0.113000 0.128100 0.066600 0.086800 0.066000 0.067800 0.052400 0.039400 0.067800 0.065300 0.081300 0.086800 0.051800 0.073600 0.051000 0.095800 0.094900 0.129000 0.078800 0.108300 0.081600 0.109200 0.119500 0.038500 0.039300 0.079100 0.000000 0.025700 0.080100 0.081500 0.092100 0.110800 0.094900 0.110300 0.091300 0.087500
WhiteTaile 0.093500 0.356900 0.080300 0.186900 0.051700 0.080600 0.053400 0.051500 0.064700 0.025400 0.039800 0.052600 0.067900 0.079700 0.112100 0.038200 0.082700 0.097100 0.039100 0.065700 0.038700 0.039800 0.052100 0.012900 0.039800 0.038300 0.053000 0.065700 0.025300 0.039100 0.050700 0.066800 0.066200 0.097900 0.079600 0.079300 0.053200 0.080000 0.090700 0.012600 0.039100 0.051600 0.025700 0.000000 0.052200 0.053200 0.064300 0.081100 0.066300 0.080800 0.053300 0.052000
Cattle 0.093100 0.387700 0.080000 0.187400 0.051500 0.080300 0.053100 0.078500 0.038000 0.079200 0.039600 0.025800 0.067600 0.079400 0.111800 0.064600 0.082800 0.097400 0.038900 0.065400 0.065500 0.039600 0.080500 0.066800 0.039600 0.064800 0.052700 0.065400 0.051400 0.038900 0.077800 0.066500 0.039100 0.097500 0.079200 0.025500 0.052900 0.079700 0.118500 0.065200 0.067100 0.078500 0.080100 0.052200 0.000000 0.052900 0.091400 0.080700 0.066000 0.081200 0.053000 0.051700
RoyalAntel 0.066400 0.347400 0.081400 0.155400 0.025800 0.053500 0.026600 0.052300 0.065500 0.080700 0.013200 0.053300 0.040600 0.052900 0.083500 0.038700 0.084300 0.099100 0.013000 0.066500 0.039300 0.013200 0.110700 0.068100 0.013200 0.038900 0.026400 0.066500 0.038400 0.039700 0.107300 0.039900 0.067400 0.040900 0.052800 0.080300 0.026500 0.053100 0.091800 0.066400 0.096800 0.052300 0.081500 0.053200 0.052900 0.000000 0.065100 0.053800 0.039600 0.082400 0.054000 0.052700
Steenbok 0.104900 0.416700 0.120400 0.217500 0.063500 0.092200 0.065300 0.037000 0.103500 0.091100 0.052000 0.091700 0.079600 0.090900 0.123700 0.050000 0.124800 0.139900 0.050900 0.105000 0.050700 0.052000 0.120600 0.078900 0.052000 0.050000 0.064700 0.105000 0.037300 0.078100 0.117100 0.078400 0.106700 0.093900 0.091100 0.119000 0.065200 0.091700 0.074500 0.077100 0.107100 0.063000 0.092100 0.064300 0.091400 0.065100 0.000000 0.092400 0.077700 0.121800 0.093000 0.090800
Impala 0.094500 0.411500 0.110400 0.228500 0.052300 0.081600 0.039600 0.079700 0.093300 0.109500 0.040200 0.081000 0.053600 0.080400 0.113400 0.065600 0.114500 0.112900 0.039400 0.094700 0.066500 0.040200 0.141200 0.097000 0.040200 0.052100 0.053400 0.094700 0.051700 0.067100 0.136700 0.052800 0.096100 0.098800 0.080400 0.109000 0.053700 0.066000 0.120300 0.094600 0.126900 0.065700 0.110800 0.081100 0.080700 0.053800 0.092400 0.000000 0.066800 0.111800 0.082300 0.080300
Klipspring 0.079600 0.405400 0.094700 0.205800 0.038600 0.066800 0.039600 0.065100 0.078400 0.093900 0.026400 0.066300 0.053700 0.065700 0.097100 0.051500 0.098200 0.112900 0.025800 0.079600 0.052300 0.026400 0.124100 0.081500 0.026400 0.051500 0.039300 0.079600 0.038500 0.052700 0.120400 0.052800 0.080700 0.083000 0.065800 0.093300 0.039600 0.066200 0.104800 0.079500 0.110300 0.065000 0.094900 0.066300 0.066000 0.039600 0.077700 0.066800 0.000000 0.095700 0.067300 0.065700
ForestMusk 0.109700 0.409100 0.110500 0.226600 0.080100 0.111000 0.082800 0.108500 0.093500 0.108600 0.068400 0.081400 0.098400 0.109900 0.127700 0.093700 0.113900 0.129200 0.067200 0.094900 0.095000 0.068400 0.109200 0.096300 0.068400 0.094000 0.082100 0.094900 0.079900 0.067300 0.135400 0.096700 0.095700 0.130500 0.109600 0.109300 0.082300 0.110200 0.150200 0.094200 0.095600 0.108600 0.110300 0.080800 0.081200 0.082400 0.121800 0.111800 0.095700 0.000000 0.082500 0.080500
Bushbuck 0.094900 0.387700 0.053300 0.202900 0.052500 0.081900 0.054200 0.078000 0.038700 0.080900 0.040400 0.053400 0.069000 0.081000 0.113700 0.038700 0.084500 0.099200 0.039700 0.039200 0.066800 0.040400 0.110900 0.068200 0.040400 0.066000 0.053800 0.039200 0.052400 0.013000 0.107500 0.067800 0.067600 0.099500 0.080800 0.080500 0.054000 0.081200 0.120600 0.066600 0.097000 0.080000 0.091300 0.053300 0.053000 0.054000 0.093000 0.082300 0.067300 0.082500 0.000000 0.025900
GreaterKud 0.065100 0.377700 0.052000 0.197000 0.051300 0.052400 0.052900 0.075300 0.012400 0.078900 0.039400 0.052100 0.067300 0.079000 0.110900 0.037800 0.082300 0.096800 0.038700 0.012500 0.065200 0.039400 0.108200 0.066600 0.039400 0.064500 0.052500 0.012500 0.051200 0.012600 0.105000 0.066200 0.065900 0.097100 0.078800 0.078600 0.052700 0.079200 0.117700 0.065000 0.094600 0.078100 0.087500 0.052000 0.051700 0.052700 0.090800 0.080300 0.065700 0.080500 0.025900 0.000000
