1
52 1
Argali 0.000000 0.314700 0.097600 0.219100 0.015800 0.015100 0.047100 0.047100 0.098900 0.082100 0.015500 0.097200 0.031700 0.065100 0.064400 0.031200 0.131600 0.079100 0.031400 0.098400 0.031300 0.031200 0.080700 0.114600 0.015500 0.047600 0.031600 0.116200 0.031300 0.081300 0.082100 0.081800 0.113800 0.043000 0.031300 0.065100 0.015400 0.032000 0.082600 0.114000 0.080700 0.047600 0.082100 0.113000 0.064900 0.063200 0.031100 0.047200 0.047500 0.081400 0.116200 0.097200
LesserMous 0.314700 0.000000 0.269100 0.236200 0.297600 0.289700 0.246700 0.289300 0.271600 0.297300 0.290400 0.224400 0.273200 0.275100 0.317000 0.268600 0.304600 0.245600 0.271300 0.270700 0.269900 0.312900 0.249400 0.290900 0.290400 0.292200 0.272400 0.294200 0.269900 0.249400 0.297300 0.295800 0.280800 0.292900 0.269100 0.274600 0.290300 0.272900 0.345800 0.289700 0.249400 0.292200 0.297300 0.285800 0.273500 0.289300 0.268800 0.290000 0.291100 0.294400 0.294200 0.270200
LesserKudu 0.097600 0.269100 0.000000 0.200700 0.081100 0.078900 0.079900 0.079400 0.000100 0.047100 0.079100 0.029000 0.062800 0.064500 0.098500 0.061700 0.075100 0.042600 0.062800 0.032000 0.063100 0.096600 0.006200 0.045500 0.079100 0.081000 0.063100 0.016100 0.063100 0.015900 0.047100 0.081400 0.069500 0.076300 0.062000 0.016200 0.078900 0.100000 0.119400 0.079600 0.006200 0.081000 0.047100 0.044100 0.016100 0.097100 0.062000 0.079700 0.044600 0.081100 0.016100 0.000100
KillerWhal 0.219100 0.236200 0.200700 0.000000 0.202500 0.238500 0.238400 0.238500 0.201500 0.142500 0.239000 0.177600 0.221600 0.223500 0.264600 0.217800 0.253500 0.191100 0.220300 0.221400 0.219100 0.260700 0.178500 0.218200 0.239000 0.241300 0.220800 0.222400 0.219100 0.200800 0.142500 0.244100 0.230600 0.230900 0.218700 0.162400 0.238300 0.199400 0.203400 0.238300 0.178500 0.241300 0.142500 0.214800 0.162000 0.238300 0.217300 0.238900 0.219100 0.191400 0.222400 0.199800
DefassaWat 0.015800 0.297600 0.081100 0.202500 0.000000 0.031600 0.031600 0.031600 0.083000 0.066200 0.031700 0.081500 0.016000 0.049200 0.048600 0.015700 0.115800 0.063600 0.015800 0.082600 0.015800 0.048000 0.065000 0.098900 0.031700 0.032000 0.015900 0.099800 0.015800 0.065500 0.066200 0.066000 0.098000 0.017900 0.015800 0.049200 0.031600 0.016100 0.066600 0.098400 0.065000 0.032000 0.066200 0.097500 0.049100 0.047800 0.015700 0.031700 0.031900 0.065600 0.099800 0.081300
Sheep 0.015100 0.289700 0.078900 0.238500 0.031600 0.000000 0.030900 0.030900 0.080900 0.098800 0.000100 0.079500 0.015600 0.047900 0.047400 0.015300 0.113200 0.062200 0.015400 0.080500 0.015400 0.015400 0.063400 0.096500 0.000100 0.031200 0.015500 0.097200 0.015400 0.063800 0.098800 0.064200 0.095900 0.024300 0.015400 0.081600 0.000100 0.048000 0.064800 0.096000 0.063400 0.031200 0.098800 0.095100 0.081400 0.046600 0.015200 0.030900 0.031100 0.098000 0.097200 0.078700
MaxwellsDu 0.047100 0.246700 0.079900 0.238400 0.031600 0.030900 0.000000 0.030900 0.080900 0.098400 0.030900 0.079500 0.015600 0.047700 0.047400 0.015300 0.113200 0.062200 0.015500 0.080500 0.015100 0.047000 0.063200 0.096200 0.030900 0.031100 0.015500 0.098100 0.015100 0.063800 0.098400 0.064200 0.095900 0.028400 0.015400 0.081600 0.030800 0.048000 0.064800 0.095600 0.063200 0.031100 0.098400 0.095100 0.081400 0.046500 0.015300 0.030900 0.031100 0.097900 0.098100 0.079700
GazellaPrz 0.047100 0.289300 0.079400 0.238500 0.031600 0.030900 0.030900 0.000000 0.080900 0.098700 0.030900 0.079600 0.015600 0.047900 0.047600 0.015300 0.113600 0.062400 0.015500 0.080500 0.015400 0.046900 0.063400 0.096500 0.030900 0.031200 0.015500 0.097700 0.015400 0.063900 0.098700 0.064200 0.096200 0.026000 0.015400 0.081700 0.030800 0.048000 0.064800 0.096000 0.063400 0.031200 0.098700 0.062200 0.081400 0.046600 0.015300 0.030800 0.031100 0.097800 0.097700 0.079200
MountainNy 0.098900 0.271600 0.000100 0.201500 0.083000 0.080900 0.080900 0.080900 0.000000 0.049100 0.081100 0.030900 0.065400 0.065800 0.099500 0.064300 0.076500 0.047200 0.064800 0.032000 0.064600 0.098500 0.015700 0.047800 0.081100 0.081900 0.065100 0.016000 0.064600 0.015600 0.049100 0.082600 0.075100 0.080400 0.064500 0.025300 0.080900 0.100900 0.119400 0.080600 0.015700 0.081900 0.049100 0.047100 0.022500 0.097700 0.064100 0.081100 0.048100 0.082700 0.016000 0.000100
MuntiacusM 0.082100 0.297300 0.047100 0.142500 0.066200 0.098800 0.098400 0.098700 0.049100 0.000000 0.099000 0.048100 0.083200 0.083300 0.118200 0.081700 0.113900 0.064000 0.082500 0.082700 0.081800 0.116700 0.031900 0.064600 0.099000 0.099600 0.082800 0.065500 0.081800 0.065700 0.000000 0.100900 0.094000 0.100200 0.081900 0.016200 0.098700 0.083900 0.102300 0.098100 0.031900 0.099600 0.000000 0.063900 0.016100 0.115500 0.081500 0.099000 0.065200 0.048700 0.065500 0.046900
goat 0.015500 0.290400 0.079100 0.239000 0.031700 0.000100 0.030900 0.030900 0.081100 0.099000 0.000000 0.079800 0.015600 0.048100 0.047700 0.015300 0.113900 0.062600 0.015500 0.080700 0.015400 0.015400 0.063600 0.096800 0.000000 0.031300 0.015600 0.097500 0.015400 0.064000 0.099000 0.064400 0.096500 0.024200 0.015400 0.081900 0.000000 0.048200 0.065000 0.096300 0.063600 0.031300 0.099000 0.095400 0.081600 0.046800 0.015300 0.031000 0.031200 0.098100 0.097500 0.078900
AfricanBuf 0.097200 0.224400 0.029000 0.177600 0.081500 0.079500 0.079500 0.079600 0.030900 0.048100 0.079800 0.000000 0.064200 0.064500 0.097700 0.063200 0.058600 0.015200 0.063700 0.063600 0.063500 0.096900 0.015500 0.047000 0.079800 0.080500 0.064000 0.047300 0.063500 0.047300 0.048100 0.081000 0.039200 0.079000 0.063300 0.031800 0.079500 0.099000 0.117100 0.079300 0.015500 0.080500 0.048100 0.046400 0.031700 0.096100 0.062900 0.079700 0.047300 0.047800 0.047300 0.028900
Topi 0.031700 0.273200 0.062800 0.221600 0.016000 0.015600 0.015600 0.015600 0.065400 0.083200 0.015600 0.064200 0.000000 0.032300 0.031900 0.000200 0.097800 0.047100 0.000100 0.065000 0.000100 0.031600 0.048000 0.081200 0.015600 0.015700 0.000000 0.081300 0.000100 0.048400 0.083200 0.048700 0.080500 0.000100 0.000200 0.066000 0.015500 0.032400 0.049100 0.080800 0.048000 0.015700 0.083200 0.080000 0.065800 0.031400 0.000200 0.015600 0.015600 0.082300 0.081300 0.062600
CommonDuik 0.065100 0.275100 0.064500 0.223500 0.049200 0.047900 0.047700 0.047900 0.065800 0.083300 0.048100 0.064500 0.032300 0.000000 0.065600 0.031700 0.131500 0.080400 0.032000 0.065400 0.031800 0.064800 0.048100 0.081200 0.048100 0.048300 0.032200 0.082800 0.031800 0.048700 0.083400 0.016000 0.111400 0.046900 0.031800 0.066400 0.047900 0.066500 0.084200 0.080800 0.048100 0.048300 0.083400 0.080300 0.066200 0.064100 0.031600 0.048100 0.048300 0.118400 0.082800 0.064300
Suni 0.064400 0.317000 0.098500 0.264600 0.048600 0.047400 0.047400 0.047600 0.099500 0.118200 0.047700 0.097700 0.031900 0.065600 0.000000 0.031400 0.132900 0.079500 0.031700 0.099200 0.031600 0.064300 0.081200 0.115300 0.047700 0.047900 0.031800 0.117100 0.031600 0.081900 0.118200 0.082500 0.114600 0.044900 0.031600 0.100400 0.047500 0.065700 0.048300 0.115100 0.081200 0.047900 0.118200 0.113600 0.100200 0.047300 0.031300 0.015700 0.047900 0.117600 0.117100 0.098200
Springbuck 0.031200 0.268600 0.061700 0.217800 0.015700 0.015300 0.015300 0.015300 0.064300 0.081700 0.015300 0.063200 0.000200 0.031700 0.031400 0.000000 0.096200 0.058100 0.000100 0.063900 0.000100 0.031100 0.047200 0.079800 0.015300 0.015500 0.000100 0.079800 0.000100 0.047600 0.081700 0.047800 0.079200 0.000200 0.000200 0.064800 0.015300 0.031800 0.048300 0.079400 0.047200 0.015500 0.081700 0.078600 0.064600 0.030900 0.000200 0.015300 0.015400 0.081000 0.079800 0.061500
Okapi 0.131600 0.304600 0.075100 0.253500 0.115800 0.113200 0.113200 0.113600 0.076500 0.113900 0.113900 0.058600 0.097800 0.131500 0.132900 0.096200 0.000000 0.046500 0.097000 0.111100 0.096700 0.131900 0.077200 0.077000 0.113900 0.114400 0.097500 0.094000 0.096700 0.093600 0.113900 0.148400 0.079900 0.113300 0.096800 0.090200 0.113400 0.134100 0.152900 0.110700 0.077200 0.114400 0.113900 0.075000 0.088600 0.130300 0.095800 0.113700 0.080200 0.081100 0.094000 0.074800
Giraffe 0.079100 0.245600 0.042600 0.191100 0.063600 0.062200 0.062200 0.062400 0.047200 0.064000 0.062600 0.015200 0.047100 0.080400 0.079500 0.058100 0.046500 0.000000 0.046700 0.079600 0.046500 0.079200 0.030900 0.062700 0.062600 0.062900 0.046900 0.060800 0.046500 0.063200 0.064000 0.097000 0.030600 0.058700 0.046600 0.047600 0.062400 0.080600 0.098000 0.095100 0.030900 0.062900 0.064000 0.061800 0.047500 0.078300 0.046100 0.062500 0.030900 0.031200 0.060800 0.042400
TibetanAnt 0.031400 0.271300 0.062800 0.220300 0.015800 0.015400 0.015500 0.015500 0.064800 0.082500 0.015500 0.063700 0.000100 0.032000 0.031700 0.000100 0.097000 0.046700 0.000000 0.064500 0.000000 0.031300 0.047600 0.080500 0.015500 0.015600 0.000100 0.081100 0.000000 0.048000 0.082500 0.048300 0.079900 0.000100 0.000100 0.065400 0.015400 0.032100 0.048700 0.080100 0.047600 0.015600 0.082500 0.079300 0.065200 0.031100 0.000100 0.015500 0.015500 0.081700 0.081100 0.062600
Sitatunga 0.098400 0.270700 0.032000 0.221400 0.082600 0.080500 0.080500 0.080500 0.032000 0.082700 0.080700 0.063600 0.065000 0.065400 0.099200 0.063900 0.111100 0.079600 0.064500 0.000000 0.064200 0.097900 0.047700 0.080700 0.080700 0.081300 0.064800 0.048600 0.064200 0.015500 0.082700 0.082300 0.109800 0.080100 0.064100 0.061900 0.080400 0.100500 0.118700 0.080400 0.047700 0.081300 0.082700 0.079500 0.059500 0.097300 0.063700 0.080800 0.081100 0.117300 0.048600 0.032000
Oribi 0.031300 0.269900 0.063100 0.219100 0.015800 0.015400 0.015100 0.015400 0.064600 0.081800 0.015400 0.063500 0.000100 0.031800 0.031600 0.000100 0.096700 0.046500 0.000000 0.064200 0.000000 0.031200 0.047300 0.079900 0.015400 0.015300 0.000000 0.081300 0.000000 0.047800 0.081800 0.048100 0.079600 0.005800 0.000100 0.065200 0.015400 0.032000 0.048500 0.079500 0.047300 0.015400 0.081800 0.079000 0.065000 0.030800 0.000100 0.015400 0.015500 0.081400 0.081300 0.062900
BarbaryShe 0.031200 0.312900 0.096600 0.260700 0.048000 0.015400 0.047000 0.046900 0.098500 0.116700 0.015400 0.096900 0.031600 0.064800 0.064300 0.031100 0.131900 0.079200 0.031300 0.097900 0.031200 0.000000 0.080400 0.114400 0.015400 0.047400 0.031500 0.115300 0.031200 0.080900 0.116700 0.081400 0.114000 0.041500 0.031100 0.099300 0.015400 0.064800 0.082200 0.113600 0.080400 0.047400 0.116700 0.112700 0.099000 0.063100 0.031000 0.047000 0.047300 0.115700 0.115300 0.096300
Daviddeer 0.080700 0.249400 0.006200 0.178500 0.065000 0.063400 0.063200 0.063400 0.015700 0.031900 0.063600 0.015500 0.048000 0.048100 0.081200 0.047200 0.077200 0.030900 0.047600 0.047700 0.047300 0.080400 0.000000 0.030900 0.063600 0.063900 0.047900 0.029400 0.047300 0.031600 0.031900 0.064600 0.057800 0.063300 0.047400 0.015900 0.063400 0.082300 0.100100 0.063000 0.000000 0.063900 0.031900 0.030800 0.015800 0.079500 0.047100 0.063500 0.031400 0.064800 0.029400 0.006000
Reindeer 0.114600 0.290900 0.045500 0.218200 0.098900 0.096500 0.096200 0.096500 0.047800 0.064600 0.096800 0.047000 0.081200 0.081200 0.115300 0.079800 0.077000 0.062700 0.080500 0.080700 0.079900 0.114400 0.030900 0.000000 0.096800 0.097200 0.080900 0.063600 0.079900 0.064000 0.064600 0.098200 0.092700 0.097700 0.080000 0.048200 0.096400 0.116900 0.135300 0.062600 0.031100 0.097200 0.064500 0.030600 0.048100 0.113000 0.079500 0.096700 0.063700 0.098600 0.063600 0.045300
Ibex 0.015500 0.290400 0.079100 0.239000 0.031700 0.000100 0.030900 0.030900 0.081100 0.099000 0.000000 0.079800 0.015600 0.048100 0.047700 0.015300 0.113900 0.062600 0.015500 0.080700 0.015400 0.015400 0.063600 0.096800 0.000000 0.031300 0.015600 0.097500 0.015400 0.064000 0.099000 0.064400 0.096500 0.024200 0.015400 0.081900 0.000000 0.048200 0.065000 0.096300 0.063600 0.031300 0.099000 0.095400 0.081600 0.046800 0.015300 0.031000 0.031200 0.098100 0.097500 0.078900
GyrantGaze 0.047600 0.292200 0.081000 0.241300 0.032000 0.031200 0.031100 0.031200 0.081900 0.099600 0.031300 0.080500 0.015700 0.048300 0.047900 0.015500 0.114400 0.062900 0.015600 0.081300 0.015300 0.047400 0.063900 0.097200 0.031300 0.000000 0.015700 0.099400 0.015400 0.064600 0.099600 0.064900 0.063500 0.028600 0.015500 0.082700 0.031200 0.048600 0.065600 0.096600 0.062400 0.000000 0.099600 0.096200 0.082400 0.046900 0.015400 0.031300 0.031400 0.099000 0.099400 0.080700
Hartebeest 0.031600 0.272400 0.063100 0.220800 0.015900 0.015500 0.015500 0.015500 0.065100 0.082800 0.015600 0.064000 0.000000 0.032200 0.031800 0.000100 0.097500 0.046900 0.000100 0.064800 0.000000 0.031500 0.047900 0.080900 0.015600 0.015700 0.000000 0.081400 0.000000 0.048200 0.082800 0.048500 0.080200 0.000000 0.000100 0.065700 0.015500 0.032200 0.048900 0.080400 0.047900 0.015700 0.082800 0.079700 0.065500 0.031300 0.000100 0.015600 0.015600 0.082000 0.081400 0.062900
Bongo 0.116200 0.294200 0.016100 0.222400 0.099800 0.097200 0.098100 0.097700 0.016000 0.065500 0.097500 0.047300 0.081300 0.082800 0.117100 0.079800 0.094000 0.060800 0.081100 0.048600 0.081300 0.115300 0.029400 0.063600 0.097500 0.099400 0.081400 0.000000 0.081300 0.032200 0.065500 0.099900 0.089800 0.096700 0.080200 0.032700 0.097200 0.119000 0.138700 0.097700 0.029400 0.099400 0.065500 0.062100 0.032700 0.115400 0.080100 0.097800 0.063000 0.099500 0.000000 0.016100
Gerenuk 0.031300 0.269900 0.063100 0.219100 0.015800 0.015400 0.015100 0.015400 0.064600 0.081800 0.015400 0.063500 0.000100 0.031800 0.031600 0.000100 0.096700 0.046500 0.000000 0.064200 0.000000 0.031200 0.047300 0.079900 0.015400 0.015400 0.000000 0.081300 0.000000 0.047800 0.081800 0.048100 0.079600 0.005800 0.000100 0.065200 0.015400 0.032000 0.048500 0.079500 0.047300 0.015200 0.081800 0.079000 0.065000 0.030900 0.000100 0.015400 0.015500 0.081400 0.081300 0.062900
CommonElan 0.081300 0.249400 0.015900 0.200800 0.065500 0.063800 0.063800 0.063900 0.015600 0.065700 0.064000 0.047300 0.048400 0.048700 0.081900 0.047600 0.093600 0.063200 0.048000 0.015500 0.047800 0.080900 0.031600 0.064000 0.064000 0.064600 0.048200 0.032200 0.047800 0.000000 0.065700 0.065200 0.092200 0.062400 0.047700 0.044000 0.063800 0.083000 0.100900 0.063700 0.031600 0.064600 0.065700 0.063100 0.041400 0.080400 0.047400 0.064100 0.064400 0.099700 0.032200 0.015900
MuntiacusR 0.082100 0.297300 0.047100 0.142500 0.066200 0.098800 0.098400 0.098700 0.049100 0.000000 0.099000 0.048100 0.083200 0.083400 0.118200 0.081700 0.113900 0.064000 0.082500 0.082700 0.081800 0.116700 0.031900 0.064600 0.099000 0.099600 0.082800 0.065500 0.081800 0.065700 0.000000 0.100900 0.094000 0.100200 0.081900 0.016200 0.098700 0.083900 0.102300 0.098100 0.031900 0.099600 0.000000 0.063900 0.016100 0.115500 0.081500 0.099000 0.065200 0.048700 0.065500 0.046900
HarveysDui 0.081800 0.295800 0.081400 0.244100 0.066000 0.064200 0.064200 0.064200 0.082600 0.100900 0.064400 0.081000 0.048700 0.016000 0.082500 0.047800 0.148400 0.097000 0.048300 0.082300 0.048100 0.081400 0.064600 0.098200 0.064400 0.064900 0.048500 0.099900 0.048100 0.065200 0.100900 0.000000 0.128200 0.062900 0.048000 0.083400 0.064200 0.083600 0.101600 0.097900 0.064600 0.064900 0.100900 0.096700 0.083100 0.080900 0.047700 0.064500 0.064700 0.136000 0.099900 0.081200
Pronghorn 0.113800 0.280800 0.069500 0.230600 0.098000 0.095900 0.095900 0.096200 0.075100 0.094000 0.096500 0.039200 0.080500 0.111400 0.114600 0.079200 0.079900 0.030600 0.079900 0.109800 0.079600 0.114000 0.057800 0.092700 0.096500 0.063500 0.080200 0.089800 0.079600 0.092200 0.094000 0.128200 0.000000 0.093500 0.079700 0.075000 0.096100 0.115800 0.134100 0.126700 0.057800 0.063500 0.094000 0.091100 0.074200 0.112600 0.078900 0.096200 0.063400 0.064100 0.089800 0.069200
BlueWildeb 0.043000 0.292900 0.076300 0.230900 0.017900 0.024300 0.028400 0.026000 0.080400 0.100200 0.024200 0.079000 0.000100 0.046900 0.044900 0.000200 0.113300 0.058700 0.000100 0.080100 0.005800 0.041500 0.063300 0.097700 0.024200 0.028600 0.000000 0.096700 0.005800 0.062400 0.100200 0.062900 0.093500 0.000000 0.000200 0.080100 0.022800 0.045400 0.063500 0.097400 0.063300 0.028600 0.100200 0.095300 0.078900 0.045700 0.000200 0.026100 0.024200 0.097300 0.096700 0.076100
Gemsbok 0.031300 0.269100 0.062000 0.218700 0.015800 0.015400 0.015400 0.015400 0.064500 0.081900 0.015400 0.063300 0.000200 0.031800 0.031600 0.000200 0.096800 0.046600 0.000100 0.064100 0.000100 0.031100 0.047400 0.080000 0.015400 0.015500 0.000100 0.080200 0.000100 0.047700 0.081900 0.048000 0.079700 0.000200 0.000000 0.065100 0.015400 0.031900 0.048400 0.079600 0.047400 0.015500 0.081900 0.078900 0.064800 0.031000 0.000200 0.015400 0.015500 0.081100 0.080200 0.061800
Yak 0.065100 0.274600 0.016200 0.162400 0.049200 0.081600 0.081600 0.081700 0.025300 0.016200 0.081900 0.031800 0.066000 0.066400 0.100400 0.064800 0.090200 0.047600 0.065400 0.061900 0.065200 0.099300 0.015900 0.048200 0.081900 0.082700 0.065700 0.032700 0.065200 0.044000 0.016200 0.083400 0.075000 0.080100 0.065100 0.000000 0.081600 0.066500 0.120600 0.081400 0.015900 0.082700 0.016200 0.047600 0.000000 0.098600 0.064600 0.081800 0.048500 0.049000 0.032700 0.016100
BlueSheep 0.015400 0.290300 0.078900 0.238300 0.031600 0.000100 0.030800 0.030800 0.080900 0.098700 0.000000 0.079500 0.015500 0.047900 0.047500 0.015300 0.113400 0.062400 0.015400 0.080400 0.015400 0.015400 0.063400 0.096400 0.000000 0.031200 0.015500 0.097200 0.015400 0.063800 0.098700 0.064200 0.096100 0.022800 0.015400 0.081600 0.000000 0.048000 0.064800 0.095900 0.063400 0.031200 0.098700 0.095100 0.081400 0.046600 0.015300 0.030900 0.031100 0.097800 0.097200 0.078600
BohorReedb 0.032000 0.272900 0.100000 0.199400 0.016100 0.048000 0.048000 0.048000 0.100900 0.083900 0.048200 0.099000 0.032400 0.066500 0.065700 0.031800 0.134100 0.080600 0.032100 0.100500 0.032000 0.064800 0.082300 0.116900 0.048200 0.048600 0.032200 0.119000 0.032000 0.083000 0.083900 0.083600 0.115800 0.045400 0.031900 0.066500 0.048000 0.000000 0.084300 0.116400 0.082300 0.048600 0.083900 0.115100 0.066300 0.064500 0.031700 0.048200 0.048400 0.083000 0.119000 0.100200
KirksDik 0.082600 0.345800 0.119400 0.203400 0.066600 0.064800 0.064800 0.064800 0.119400 0.102300 0.065000 0.117100 0.049100 0.084200 0.048300 0.048300 0.152900 0.098000 0.048700 0.118700 0.048500 0.082200 0.100100 0.135300 0.065000 0.065600 0.048900 0.138700 0.048500 0.100900 0.102300 0.101600 0.134100 0.063500 0.048400 0.120600 0.064800 0.084300 0.000000 0.134600 0.100100 0.065600 0.102300 0.133300 0.120200 0.064500 0.048100 0.065000 0.065400 0.118500 0.138700 0.119000
RoeDeer 0.114000 0.289700 0.079600 0.238300 0.098400 0.096000 0.095600 0.096000 0.080600 0.098100 0.096300 0.079300 0.080800 0.080800 0.115100 0.079400 0.110700 0.095100 0.080100 0.080400 0.079500 0.113600 0.063000 0.062600 0.096300 0.096600 0.080400 0.097700 0.079500 0.063700 0.098100 0.097900 0.126700 0.097400 0.079600 0.081400 0.095900 0.116400 0.134600 0.000000 0.063000 0.096600 0.098100 0.061900 0.081100 0.112500 0.079100 0.096300 0.096600 0.133200 0.097700 0.079400
WhiteLippe 0.080700 0.249400 0.006200 0.178500 0.065000 0.063400 0.063200 0.063400 0.015700 0.031900 0.063600 0.015500 0.048000 0.048100 0.081200 0.047200 0.077200 0.030900 0.047600 0.047700 0.047300 0.080400 0.000000 0.031100 0.063600 0.062400 0.047900 0.029400 0.047300 0.031600 0.031900 0.064600 0.057800 0.063300 0.047400 0.015900 0.063400 0.082300 0.100100 0.063000 0.000000 0.063900 0.031900 0.030800 0.015800 0.079500 0.047100 0.063500 0.031400 0.064800 0.029400 0.006000
ThomsonGaz 0.047600 0.292200 0.081000 0.241300 0.032000 0.031200 0.031100 0.031200 0.081900 0.099600 0.031300 0.080500 0.015700 0.048300 0.047900 0.015500 0.114400 0.062900 0.015600 0.081300 0.015400 0.047400 0.063900 0.097200 0.031300 0.000000 0.015700 0.099400 0.015200 0.064600 0.099600 0.064900 0.063500 0.028600 0.015500 0.082700 0.031200 0.048600 0.065600 0.096600 0.063900 0.000000 0.099600 0.096200 0.082400 0.046900 0.015400 0.031300 0.031400 0.099000 0.099400 0.080700
MuntiacusC 0.082100 0.297300 0.047100 0.142500 0.066200 0.098800 0.098400 0.098700 0.049100 0.000000 0.099000 0.048100 0.083200 0.083400 0.118200 0.081700 0.113900 0.064000 0.082500 0.082700 0.081800 0.116700 0.031900 0.064500 0.099000 0.099600 0.082800 0.065500 0.081800 0.065700 0.000000 0.100900 0.094000 0.100200 0.081900 0.016200 0.098700 0.083900 0.102300 0.098100 0.031900 0.099600 0.000000 0.063900 0.016100 0.115500 0.081500 0.099000 0.065200 0.048700 0.065500 0.046900
WhiteTaile 0.113000 0.285800 0.044100 0.214800 0.097500 0.095100 0.095100 0.062200 0.047100 0.063900 0.095400 0.046400 0.080000 0.080300 0.113600 0.078600 0.075000 0.061800 0.079300 0.079500 0.079000 0.112700 0.030800 0.030600 0.095400 0.096200 0.079700 0.062100 0.079000 0.063100 0.063900 0.096700 0.091100 0.095300 0.078900 0.047600 0.095100 0.115100 0.133300 0.061900 0.030800 0.096200 0.063900 0.000000 0.047400 0.111800 0.078400 0.095300 0.062800 0.097100 0.062100 0.043900
Cattle 0.064900 0.273500 0.016100 0.162000 0.049100 0.081400 0.081400 0.081400 0.022500 0.016100 0.081600 0.031700 0.065800 0.066200 0.100200 0.064600 0.088600 0.047500 0.065200 0.059500 0.065000 0.099000 0.015800 0.048100 0.081600 0.082400 0.065500 0.032700 0.065000 0.041400 0.016100 0.083100 0.074200 0.078900 0.064800 0.000000 0.081400 0.066300 0.120200 0.081100 0.015800 0.082400 0.016100 0.047400 0.000000 0.098300 0.064400 0.081600 0.048400 0.048900 0.032700 0.016100
RoyalAntel 0.063200 0.289300 0.097100 0.238300 0.047800 0.046600 0.046500 0.046600 0.097700 0.115500 0.046800 0.096100 0.031400 0.064100 0.047300 0.030900 0.130300 0.078300 0.031100 0.097300 0.030800 0.063100 0.079500 0.113000 0.046800 0.046900 0.031300 0.115400 0.030900 0.080400 0.115500 0.080900 0.112600 0.045700 0.031000 0.098600 0.046600 0.064500 0.064500 0.112500 0.079500 0.046900 0.115500 0.111800 0.098300 0.000000 0.030800 0.046800 0.046900 0.115100 0.115400 0.096800
Steenbok 0.031100 0.268800 0.062000 0.217300 0.015700 0.015200 0.015300 0.015300 0.064100 0.081500 0.015300 0.062900 0.000200 0.031600 0.031300 0.000200 0.095800 0.046100 0.000100 0.063700 0.000100 0.031000 0.047100 0.079500 0.015300 0.015400 0.000100 0.080100 0.000100 0.047400 0.081500 0.047700 0.078900 0.000200 0.000200 0.064600 0.015300 0.031700 0.048100 0.079100 0.047100 0.015400 0.081500 0.078400 0.064400 0.030800 0.000000 0.015300 0.015300 0.080700 0.080100 0.061800
Impala 0.047200 0.290000 0.079700 0.238900 0.031700 0.030900 0.030900 0.030800 0.081100 0.099000 0.031000 0.079700 0.015600 0.048100 0.015700 0.015300 0.113700 0.062500 0.015500 0.080800 0.015400 0.047000 0.063500 0.096700 0.031000 0.031300 0.015600 0.097800 0.015400 0.064100 0.099000 0.064500 0.096200 0.026100 0.015400 0.081800 0.030900 0.048200 0.065000 0.096300 0.063500 0.031300 0.099000 0.095300 0.081600 0.046800 0.015300 0.000000 0.031100 0.098000 0.097800 0.079400
Klipspring 0.047500 0.291100 0.044600 0.219100 0.031900 0.031100 0.031100 0.031100 0.048100 0.065200 0.031200 0.047300 0.015600 0.048300 0.047900 0.015400 0.080200 0.030900 0.015500 0.081100 0.015500 0.047300 0.031400 0.063700 0.031200 0.031400 0.015600 0.063000 0.015500 0.064400 0.065200 0.064700 0.063400 0.024200 0.015500 0.048500 0.031100 0.048400 0.065400 0.096600 0.031400 0.031400 0.065200 0.062800 0.048400 0.046900 0.015300 0.031100 0.000000 0.064500 0.063000 0.044400
ForestMusk 0.081400 0.294400 0.081100 0.191400 0.065600 0.098000 0.097900 0.097800 0.082700 0.048700 0.098100 0.047800 0.082300 0.118400 0.117600 0.081000 0.081100 0.031200 0.081700 0.117300 0.081400 0.115700 0.064800 0.098600 0.098100 0.099000 0.082000 0.099500 0.081400 0.099700 0.048700 0.136000 0.064100 0.097300 0.081100 0.049000 0.097800 0.083000 0.118500 0.133200 0.064800 0.099000 0.048700 0.097100 0.048900 0.115100 0.080700 0.098000 0.064500 0.000000 0.099500 0.080600
Bushbuck 0.116200 0.294200 0.016100 0.222400 0.099800 0.097200 0.098100 0.097700 0.016000 0.065500 0.097500 0.047300 0.081300 0.082800 0.117100 0.079800 0.094000 0.060800 0.081100 0.048600 0.081300 0.115300 0.029400 0.063600 0.097500 0.099400 0.081400 0.000000 0.081300 0.032200 0.065500 0.099900 0.089800 0.096700 0.080200 0.032700 0.097200 0.119000 0.138700 0.097700 0.029400 0.099400 0.065500 0.062100 0.032700 0.115400 0.080100 0.097800 0.063000 0.099500 0.000000 0.016100
GreaterKud 0.097200 0.270200 0.000100 0.199800 0.081300 0.078700 0.079700 0.079200 0.000100 0.046900 0.078900 0.028900 0.062600 0.064300 0.098200 0.061500 0.074800 0.042400 0.062600 0.032000 0.062900 0.096300 0.006000 0.045300 0.078900 0.080700 0.062900 0.016100 0.062900 0.015900 0.046900 0.081200 0.069200 0.076100 0.061800 0.016100 0.078600 0.100200 0.119000 0.079400 0.006000 0.080700 0.046900 0.043900 0.016100 0.096800 0.061800 0.079400 0.044400 0.080600 0.016100 0.000000
