1
52 1
Argali 0.000000 0.204900 0.093700 0.232100 0.086900 0.012300 0.073100 0.086500 0.073100 0.124500 0.045300 0.065500 0.039000 0.073400 0.065800 0.065900 0.094000 0.093000 0.054600 0.093400 0.052200 0.032300 0.117100 0.161000 0.025600 0.045400 0.032200 0.100600 0.065700 0.093400 0.124500 0.058100 0.135700 0.058500 0.065600 0.108300 0.045100 0.065700 0.072800 0.164900 0.109400 0.059000 0.124800 0.116500 0.115600 0.058700 0.072700 0.085800 0.052600 0.100800 0.079700 0.093400
LesserMous 0.204900 0.000000 0.164600 0.197000 0.172000 0.204600 0.189000 0.187300 0.187300 0.212900 0.180200 0.149000 0.195500 0.205200 0.172400 0.163800 0.149600 0.119600 0.218500 0.179300 0.163900 0.187000 0.188900 0.202600 0.188000 0.155500 0.187100 0.187200 0.163400 0.164000 0.212900 0.188700 0.178200 0.170900 0.210800 0.195700 0.226700 0.163600 0.171800 0.223300 0.180500 0.156000 0.212700 0.188100 0.204300 0.186400 0.179500 0.170400 0.189000 0.141300 0.164600 0.179400
LesserKudu 0.093700 0.164600 0.000000 0.190500 0.058600 0.093500 0.086400 0.071900 0.019000 0.115700 0.100000 0.025300 0.079000 0.086900 0.058800 0.065200 0.051900 0.051400 0.085500 0.012600 0.051600 0.072100 0.108700 0.151700 0.079200 0.044800 0.071900 0.018900 0.064900 0.012500 0.115700 0.072500 0.105700 0.085200 0.092500 0.065200 0.099600 0.051600 0.071900 0.155300 0.101100 0.058300 0.116000 0.108100 0.072000 0.071800 0.071900 0.071200 0.072700 0.072100 0.012600 0.012300
KillerWhal 0.232100 0.197000 0.190500 0.000000 0.198100 0.240600 0.207500 0.198100 0.214300 0.231600 0.231100 0.174000 0.222300 0.232500 0.198500 0.189400 0.174900 0.158000 0.246000 0.205900 0.189500 0.213500 0.206900 0.212400 0.223000 0.180600 0.213500 0.214100 0.188900 0.189700 0.231600 0.215700 0.220200 0.212600 0.221400 0.223000 0.263500 0.172900 0.197800 0.259600 0.198100 0.181200 0.231400 0.205900 0.232100 0.212700 0.214000 0.195900 0.206000 0.174600 0.190600 0.205900
DefassaWat 0.086900 0.172000 0.058600 0.198100 0.000000 0.072900 0.065900 0.051800 0.065400 0.138300 0.079300 0.031900 0.058700 0.066000 0.052000 0.045100 0.072200 0.058000 0.078900 0.058400 0.032000 0.051800 0.115900 0.159200 0.058900 0.038200 0.051800 0.065300 0.044900 0.058400 0.138300 0.052300 0.113000 0.065000 0.085800 0.072200 0.092900 0.031900 0.051900 0.163000 0.108200 0.038400 0.138200 0.115200 0.065400 0.051600 0.051800 0.051300 0.065800 0.079000 0.045300 0.058400
Sheep 0.012300 0.204600 0.093500 0.240600 0.072900 0.000000 0.059300 0.072600 0.073000 0.132100 0.032100 0.065400 0.025800 0.059600 0.065700 0.052300 0.093900 0.092900 0.045500 0.093200 0.038900 0.019300 0.124600 0.168900 0.012400 0.045300 0.019200 0.100500 0.052100 0.093200 0.132100 0.045700 0.135500 0.045200 0.065600 0.108100 0.032000 0.052100 0.059100 0.173000 0.116800 0.045500 0.132500 0.124000 0.115400 0.045300 0.058900 0.072000 0.059400 0.100700 0.079600 0.093200
MaxwellsDu 0.073100 0.189000 0.086400 0.207500 0.065900 0.059300 0.000000 0.065700 0.066000 0.139400 0.065700 0.058600 0.045400 0.025800 0.059200 0.045500 0.086800 0.085800 0.065100 0.086200 0.032200 0.038800 0.131900 0.176300 0.042900 0.051900 0.038700 0.093300 0.045400 0.086200 0.139400 0.012500 0.113600 0.065100 0.085900 0.100900 0.079200 0.045400 0.052300 0.180800 0.124000 0.038800 0.139700 0.131100 0.108100 0.051800 0.052200 0.065100 0.052500 0.093500 0.072600 0.086200
GazellaPrz 0.086500 0.187300 0.071900 0.198100 0.051800 0.072600 0.065700 0.000000 0.065300 0.137500 0.078400 0.044800 0.058500 0.066000 0.052000 0.045100 0.072100 0.071400 0.078600 0.071700 0.031900 0.051800 0.115700 0.174000 0.058700 0.051300 0.051600 0.078600 0.044900 0.071600 0.137500 0.052000 0.112600 0.078200 0.085400 0.085900 0.092500 0.031900 0.051700 0.178100 0.108000 0.038400 0.137900 0.129600 0.092900 0.064900 0.051600 0.051200 0.052200 0.058500 0.058400 0.071700
MountainNy 0.073100 0.187300 0.019000 0.214300 0.065400 0.073000 0.066000 0.065300 0.000000 0.109000 0.079400 0.031800 0.058800 0.066100 0.052100 0.045000 0.058600 0.071500 0.065400 0.018900 0.032000 0.051900 0.116000 0.159300 0.059000 0.038200 0.051900 0.025400 0.044900 0.018900 0.109000 0.052300 0.113100 0.078600 0.085900 0.072000 0.079100 0.045000 0.052000 0.163200 0.108300 0.037000 0.108900 0.115400 0.079100 0.065000 0.051900 0.064700 0.052400 0.079100 0.019000 0.018900
MuntiacusM 0.124500 0.212900 0.115700 0.231600 0.138300 0.132100 0.139400 0.137500 0.109000 0.000000 0.138600 0.115000 0.116400 0.140100 0.123500 0.101300 0.101700 0.100500 0.108600 0.129800 0.101100 0.109000 0.032700 0.072800 0.116800 0.093700 0.108700 0.122700 0.100900 0.129800 0.000000 0.124200 0.143800 0.122200 0.145300 0.161200 0.138000 0.115300 0.123200 0.103600 0.026000 0.093900 0.000000 0.045900 0.169000 0.122800 0.122900 0.121500 0.116100 0.108500 0.130500 0.129800
goat 0.045300 0.180200 0.100000 0.231100 0.079300 0.032100 0.065700 0.078400 0.079400 0.138600 0.000000 0.071800 0.032100 0.066000 0.072200 0.058700 0.100400 0.099200 0.052000 0.099700 0.045200 0.025600 0.131200 0.175500 0.018300 0.051600 0.024800 0.106900 0.058500 0.099700 0.138600 0.052100 0.142000 0.051500 0.071900 0.114700 0.051400 0.058500 0.065100 0.179700 0.123300 0.051800 0.139000 0.130500 0.122000 0.051600 0.065400 0.078300 0.065800 0.107100 0.086100 0.085700
AfricanBuf 0.065500 0.149000 0.025300 0.174000 0.031900 0.065400 0.058600 0.044800 0.031800 0.115000 0.071800 0.000000 0.051600 0.058900 0.032000 0.038300 0.051700 0.038100 0.071500 0.025300 0.024700 0.045000 0.093800 0.135800 0.051700 0.018900 0.044800 0.031200 0.038200 0.024300 0.115000 0.044600 0.091300 0.057800 0.064700 0.038400 0.085200 0.025300 0.044900 0.138900 0.086400 0.031700 0.115300 0.093300 0.044900 0.044800 0.044800 0.044500 0.045400 0.058200 0.012600 0.025300
Topi 0.039000 0.195500 0.079000 0.222300 0.058700 0.025800 0.045400 0.058500 0.058800 0.116400 0.032100 0.051600 0.000000 0.045600 0.051700 0.038700 0.079300 0.078400 0.032000 0.078700 0.025500 0.006300 0.109100 0.152300 0.012400 0.031900 0.006200 0.085800 0.038500 0.078400 0.116400 0.032200 0.120100 0.031800 0.051600 0.093200 0.045200 0.038500 0.044100 0.156000 0.101500 0.032000 0.116600 0.108500 0.100300 0.031900 0.045200 0.058000 0.045500 0.085900 0.065400 0.078700
CommonDuik 0.073400 0.205200 0.086900 0.232500 0.066000 0.059600 0.025800 0.066000 0.066100 0.140100 0.066000 0.058900 0.045600 0.000000 0.059300 0.045600 0.079900 0.079000 0.065700 0.086600 0.032300 0.038800 0.117200 0.176600 0.045800 0.051900 0.038900 0.093800 0.045500 0.086600 0.140100 0.012800 0.128700 0.065400 0.086300 0.101100 0.079500 0.045400 0.052500 0.165000 0.124200 0.038900 0.140000 0.131400 0.108700 0.051900 0.052400 0.065400 0.052600 0.093900 0.073000 0.086600
Suni 0.065800 0.172400 0.058800 0.198500 0.052000 0.065700 0.059200 0.052000 0.052100 0.123500 0.072200 0.032000 0.051700 0.059300 0.000000 0.045200 0.058800 0.058200 0.071900 0.058600 0.032100 0.044600 0.101300 0.158900 0.051800 0.037600 0.044800 0.065500 0.045100 0.058600 0.123500 0.045700 0.099300 0.071500 0.065000 0.072500 0.085800 0.032000 0.052000 0.162800 0.093700 0.038500 0.123300 0.115100 0.079600 0.057700 0.052000 0.051500 0.045700 0.065600 0.045400 0.058700
Springbuck 0.065900 0.163800 0.065200 0.189400 0.045100 0.052300 0.045500 0.045100 0.045000 0.101300 0.058700 0.038300 0.038700 0.045600 0.045200 0.000000 0.051700 0.051200 0.058400 0.065000 0.012600 0.032000 0.093900 0.136100 0.038800 0.030800 0.032000 0.071900 0.012300 0.065000 0.101300 0.032200 0.091700 0.044800 0.078700 0.078900 0.072000 0.025400 0.032000 0.139300 0.086600 0.006100 0.101200 0.093400 0.086100 0.044900 0.032000 0.031700 0.045500 0.058400 0.051800 0.065000
Okapi 0.094000 0.149600 0.051900 0.174900 0.072200 0.093900 0.086800 0.072100 0.058600 0.101700 0.100400 0.051700 0.079300 0.079900 0.058800 0.051700 0.000000 0.024600 0.099800 0.065200 0.051800 0.072100 0.080300 0.136700 0.079500 0.058100 0.072100 0.072100 0.051600 0.065100 0.101700 0.072700 0.092100 0.085400 0.092800 0.093200 0.114200 0.051600 0.058600 0.139900 0.073000 0.045000 0.101600 0.093900 0.100500 0.085400 0.072100 0.058000 0.072800 0.045300 0.051900 0.065200
Giraffe 0.093000 0.119600 0.051400 0.158000 0.058000 0.092900 0.085800 0.071400 0.071500 0.100500 0.099200 0.038100 0.078400 0.079000 0.058200 0.051200 0.024600 0.000000 0.098800 0.064600 0.051200 0.071300 0.079300 0.120600 0.078600 0.044400 0.071400 0.071400 0.051000 0.064600 0.100500 0.071900 0.091100 0.071000 0.091900 0.078400 0.113000 0.051100 0.071400 0.123200 0.072200 0.044500 0.100400 0.079000 0.085500 0.071000 0.071300 0.057400 0.072000 0.044900 0.051500 0.064600
TibetanAnt 0.054600 0.218500 0.085500 0.246000 0.078900 0.045500 0.065100 0.078600 0.065400 0.108600 0.052000 0.071500 0.032000 0.065700 0.071900 0.058400 0.099800 0.098800 0.000000 0.085200 0.045000 0.025500 0.115900 0.159300 0.032100 0.051400 0.025400 0.092300 0.058200 0.085300 0.108600 0.051900 0.141300 0.051200 0.071600 0.114000 0.051600 0.058200 0.065200 0.178800 0.108200 0.051600 0.108800 0.115300 0.121300 0.051400 0.065100 0.078000 0.065500 0.106600 0.085600 0.085300
Sitatunga 0.093400 0.179300 0.012600 0.205900 0.058400 0.093200 0.086200 0.071700 0.018900 0.129800 0.099700 0.025300 0.078700 0.086600 0.058600 0.065000 0.065200 0.064600 0.085200 0.000000 0.051400 0.071900 0.122800 0.166200 0.079000 0.044700 0.071300 0.006300 0.064800 0.012500 0.129800 0.072200 0.119600 0.071400 0.092200 0.051700 0.099300 0.051500 0.071700 0.170000 0.115100 0.058100 0.130100 0.122200 0.058400 0.071500 0.071700 0.071100 0.072600 0.085600 0.012300 0.012300
Oribi 0.052200 0.163900 0.051600 0.189500 0.032000 0.038900 0.032200 0.031900 0.032000 0.101100 0.045200 0.024700 0.025500 0.032300 0.032100 0.012600 0.051800 0.051200 0.045000 0.051400 0.000000 0.019100 0.094000 0.136200 0.025600 0.018900 0.018600 0.058200 0.012600 0.051400 0.101100 0.019200 0.091400 0.044700 0.064900 0.065200 0.058300 0.012600 0.019000 0.139400 0.086600 0.006300 0.101300 0.093500 0.072400 0.031800 0.019000 0.030900 0.032200 0.058300 0.038000 0.051400
BarbaryShe 0.032300 0.187000 0.072100 0.213500 0.051800 0.019300 0.038800 0.051800 0.051900 0.109000 0.025600 0.045000 0.006300 0.038800 0.044600 0.032000 0.072100 0.071300 0.025500 0.071900 0.019100 0.000000 0.101500 0.144200 0.006300 0.025300 0.000000 0.078800 0.031900 0.071900 0.109000 0.025600 0.112900 0.025300 0.045000 0.085900 0.038600 0.031900 0.038600 0.147700 0.094000 0.025400 0.108900 0.100900 0.093200 0.025300 0.038600 0.051400 0.038700 0.079000 0.058600 0.071900
Daviddeer 0.117100 0.188900 0.108700 0.206900 0.115900 0.124600 0.131900 0.115700 0.116000 0.032700 0.131200 0.093800 0.109100 0.117200 0.101300 0.093900 0.080300 0.079300 0.115900 0.122800 0.094000 0.101500 0.000000 0.079500 0.109400 0.086400 0.101500 0.115700 0.093600 0.122800 0.032700 0.116800 0.122000 0.115100 0.123100 0.138200 0.145700 0.093700 0.115900 0.081500 0.006400 0.086700 0.032700 0.039100 0.146300 0.115200 0.115700 0.100200 0.108500 0.087300 0.108700 0.122800
Reindeer 0.161000 0.202600 0.151700 0.212400 0.159200 0.168900 0.176300 0.174000 0.159300 0.072800 0.175500 0.135800 0.152300 0.176600 0.158900 0.136100 0.136700 0.120600 0.159300 0.166200 0.136200 0.144200 0.079500 0.000000 0.152900 0.113700 0.144200 0.159000 0.135500 0.151000 0.072800 0.160500 0.180300 0.143100 0.174200 0.182400 0.190500 0.150500 0.144000 0.109300 0.072200 0.128400 0.072600 0.051800 0.191100 0.143400 0.158900 0.157100 0.151400 0.144000 0.151700 0.166200
Ibex 0.025600 0.188000 0.079200 0.223000 0.058900 0.012400 0.042900 0.058700 0.059000 0.116800 0.018300 0.051700 0.012400 0.045800 0.051800 0.038800 0.079500 0.078600 0.032100 0.079000 0.025600 0.006300 0.109400 0.152900 0.000000 0.032000 0.006300 0.086000 0.038600 0.079000 0.116800 0.032300 0.120400 0.031900 0.051800 0.093500 0.031800 0.038600 0.045400 0.156600 0.101800 0.032100 0.117000 0.108800 0.100800 0.032000 0.045300 0.058200 0.045700 0.086200 0.065600 0.079000
GyrantGaze 0.045400 0.155500 0.044800 0.180600 0.038200 0.045300 0.051900 0.051300 0.038200 0.093700 0.051600 0.018900 0.031900 0.051900 0.037600 0.030800 0.058100 0.044400 0.051400 0.044700 0.018900 0.025300 0.086400 0.113700 0.032000 0.000000 0.025300 0.051400 0.031500 0.044700 0.093700 0.038500 0.098000 0.038100 0.058000 0.058100 0.064800 0.031600 0.038300 0.116300 0.079200 0.024600 0.093600 0.072200 0.065000 0.025200 0.038200 0.050900 0.038600 0.064800 0.031800 0.044700
Hartebeest 0.032200 0.187100 0.071900 0.213500 0.051800 0.019200 0.038700 0.051600 0.051900 0.108700 0.024800 0.044800 0.006200 0.038900 0.044800 0.032000 0.072100 0.071400 0.025400 0.071300 0.018600 0.000000 0.101500 0.144200 0.006300 0.025300 0.000000 0.078600 0.031900 0.071700 0.108700 0.025600 0.112600 0.025300 0.044900 0.085900 0.038300 0.031900 0.038500 0.147700 0.094000 0.025400 0.108900 0.100900 0.092900 0.025300 0.038500 0.051200 0.038700 0.078800 0.058400 0.071700
Bongo 0.100600 0.187200 0.018900 0.214100 0.065300 0.100500 0.093300 0.078600 0.025400 0.122700 0.106900 0.031200 0.085800 0.093800 0.065500 0.071900 0.072100 0.071400 0.092300 0.006300 0.058200 0.078800 0.115700 0.159000 0.086000 0.051400 0.078600 0.000000 0.071600 0.018900 0.122700 0.079200 0.126900 0.078300 0.099400 0.058500 0.106800 0.058200 0.078700 0.162600 0.108100 0.064900 0.123000 0.115100 0.065200 0.078500 0.078600 0.077900 0.079600 0.092600 0.018400 0.018400
Gerenuk 0.065700 0.163400 0.064900 0.188900 0.044900 0.052100 0.045400 0.044900 0.044900 0.100900 0.058500 0.038200 0.038500 0.045500 0.045100 0.012300 0.051600 0.051000 0.058200 0.064800 0.012600 0.031900 0.093600 0.135500 0.038600 0.031500 0.031900 0.071600 0.000000 0.064800 0.100900 0.032100 0.091400 0.044700 0.078400 0.078600 0.071800 0.025300 0.031900 0.138700 0.086200 0.006100 0.100800 0.093100 0.085800 0.044700 0.031900 0.031600 0.045300 0.058200 0.051600 0.064800
CommonElan 0.093400 0.164000 0.012500 0.189700 0.058400 0.093200 0.086200 0.071600 0.018900 0.129800 0.099700 0.024300 0.078400 0.086600 0.058600 0.065000 0.065100 0.064600 0.085300 0.012500 0.051400 0.071900 0.122800 0.151000 0.079000 0.044700 0.071700 0.018900 0.064800 0.000000 0.129800 0.072200 0.119500 0.085000 0.092200 0.065000 0.099300 0.051400 0.058200 0.170000 0.115100 0.058100 0.130100 0.122100 0.071800 0.071500 0.071600 0.071000 0.072500 0.085500 0.012200 0.012500
MuntiacusR 0.124500 0.212900 0.115700 0.231600 0.138300 0.132100 0.139400 0.137500 0.109000 0.000000 0.138600 0.115000 0.116400 0.140100 0.123500 0.101300 0.101700 0.100500 0.108600 0.129800 0.101100 0.109000 0.032700 0.072800 0.116800 0.093700 0.108700 0.122700 0.100900 0.129800 0.000000 0.124200 0.143800 0.122200 0.145300 0.161200 0.138000 0.115300 0.123200 0.103600 0.026000 0.093900 0.000000 0.045900 0.169000 0.122800 0.122900 0.121500 0.116100 0.108500 0.130500 0.129800
HarveysDui 0.058100 0.188700 0.072500 0.215700 0.052300 0.045700 0.012500 0.052000 0.052300 0.124200 0.052100 0.044600 0.032200 0.012800 0.045700 0.032200 0.072700 0.071900 0.051900 0.072200 0.019200 0.025600 0.116800 0.160500 0.032300 0.038500 0.025600 0.079200 0.032100 0.072200 0.124200 0.000000 0.113500 0.051600 0.072000 0.086600 0.065400 0.032100 0.038800 0.164500 0.109100 0.025600 0.124500 0.116200 0.093700 0.038500 0.037700 0.051600 0.039000 0.079400 0.058900 0.072200
Pronghorn 0.135700 0.178200 0.105700 0.220200 0.113000 0.135500 0.113600 0.112600 0.113100 0.143800 0.142000 0.091300 0.120100 0.128700 0.099300 0.091700 0.092100 0.091100 0.141300 0.119600 0.091400 0.112900 0.122000 0.180300 0.120400 0.098000 0.112600 0.126900 0.091400 0.119500 0.143800 0.113500 0.000000 0.126100 0.119700 0.134900 0.156300 0.091500 0.112700 0.184500 0.114300 0.084600 0.144200 0.135900 0.142200 0.111900 0.112600 0.097600 0.114000 0.098800 0.105800 0.119600
BlueWildeb 0.058500 0.170900 0.085200 0.212600 0.065000 0.045200 0.065100 0.078200 0.078600 0.122200 0.051500 0.057800 0.031800 0.065400 0.071500 0.044800 0.085400 0.071000 0.051200 0.071400 0.044700 0.025300 0.115100 0.143100 0.031900 0.038100 0.025300 0.078300 0.044700 0.085000 0.122200 0.051600 0.126100 0.000000 0.071200 0.085600 0.064600 0.057900 0.064800 0.146400 0.107500 0.038200 0.122500 0.100300 0.092600 0.038100 0.064700 0.064100 0.065200 0.092100 0.071600 0.085000
Gemsbok 0.065600 0.210800 0.092500 0.221400 0.085800 0.065600 0.085900 0.085400 0.085900 0.145300 0.071900 0.064700 0.051600 0.086300 0.065000 0.078700 0.092800 0.091900 0.071600 0.092200 0.064900 0.045000 0.123100 0.174200 0.051800 0.058000 0.044900 0.099400 0.078400 0.092200 0.145300 0.072000 0.119700 0.071200 0.000000 0.106900 0.085100 0.064900 0.085500 0.186400 0.115400 0.071700 0.145600 0.137100 0.114100 0.057900 0.078100 0.084800 0.072300 0.099600 0.078700 0.092200
Yak 0.108300 0.195700 0.065200 0.223000 0.072200 0.108100 0.100900 0.085900 0.072000 0.161200 0.114700 0.038400 0.093200 0.101100 0.072500 0.078900 0.093200 0.078400 0.114000 0.051700 0.065200 0.085900 0.138200 0.182400 0.093500 0.058100 0.085900 0.058500 0.078600 0.065000 0.161200 0.086600 0.134900 0.085600 0.106900 0.000000 0.128700 0.065000 0.086000 0.186800 0.130200 0.071800 0.161000 0.137400 0.006300 0.085500 0.085900 0.085100 0.086700 0.100100 0.051900 0.065100
BlueSheep 0.045100 0.226700 0.099600 0.263500 0.092900 0.032000 0.079200 0.092500 0.079100 0.138000 0.051400 0.085200 0.045200 0.079500 0.085800 0.072000 0.114200 0.113000 0.051600 0.099300 0.058300 0.038600 0.145700 0.190500 0.031800 0.064800 0.038300 0.106800 0.071800 0.099300 0.138000 0.065400 0.156300 0.064600 0.085100 0.128700 0.000000 0.071800 0.078900 0.195000 0.137600 0.065100 0.138400 0.145000 0.136000 0.064800 0.078800 0.091800 0.079300 0.121000 0.099700 0.099300
BohorReedb 0.065700 0.163600 0.051600 0.172900 0.031900 0.052100 0.045400 0.031900 0.045000 0.115300 0.058500 0.025300 0.038500 0.045400 0.032000 0.025400 0.051600 0.051100 0.058200 0.051500 0.012600 0.031900 0.093700 0.150500 0.038600 0.031600 0.031900 0.058200 0.025300 0.051400 0.115300 0.032100 0.091500 0.057900 0.064900 0.065000 0.071800 0.000000 0.031900 0.154000 0.086300 0.018900 0.115200 0.107300 0.072000 0.044700 0.031900 0.031600 0.045300 0.058300 0.038400 0.051500
KirksDik 0.072800 0.171800 0.071900 0.197800 0.051900 0.059100 0.052300 0.051700 0.052000 0.123200 0.065100 0.044900 0.044100 0.052500 0.052000 0.032000 0.058600 0.071400 0.065200 0.071700 0.019000 0.038600 0.115900 0.144000 0.045400 0.038300 0.038500 0.078700 0.031900 0.058200 0.123200 0.038800 0.112700 0.064800 0.085500 0.086000 0.078900 0.031900 0.000000 0.163100 0.108200 0.025500 0.123500 0.115300 0.093000 0.051600 0.038500 0.051200 0.052300 0.078800 0.058500 0.071700
RoeDeer 0.164900 0.223300 0.155300 0.259600 0.163000 0.173000 0.180800 0.178100 0.163200 0.103600 0.179700 0.138900 0.156000 0.165000 0.162800 0.139300 0.139900 0.123200 0.178800 0.170000 0.139400 0.147700 0.081500 0.109300 0.156600 0.116300 0.147700 0.162600 0.138700 0.170000 0.103600 0.164500 0.184500 0.146400 0.186400 0.186800 0.195000 0.154000 0.163100 0.000000 0.088300 0.131400 0.103500 0.081000 0.195700 0.146700 0.147400 0.160500 0.155000 0.147300 0.155300 0.170000
WhiteLippe 0.109400 0.180500 0.101100 0.198100 0.108200 0.116800 0.124000 0.108000 0.108300 0.026000 0.123300 0.086400 0.101500 0.124200 0.093700 0.086600 0.073000 0.072200 0.108200 0.115100 0.086600 0.094000 0.006400 0.072200 0.101800 0.079200 0.094000 0.108100 0.086200 0.115100 0.026000 0.109100 0.114300 0.107500 0.115400 0.130200 0.137600 0.086300 0.108200 0.088300 0.000000 0.079400 0.025900 0.032300 0.138200 0.107600 0.108100 0.092800 0.101000 0.080000 0.101200 0.115100
ThomsonGaz 0.059000 0.156000 0.058300 0.181200 0.038400 0.045500 0.038800 0.038400 0.037000 0.093900 0.051800 0.031700 0.032000 0.038900 0.038500 0.006100 0.045000 0.044500 0.051600 0.058100 0.006300 0.025400 0.086700 0.128400 0.032100 0.024600 0.025400 0.064900 0.006100 0.058100 0.093900 0.025600 0.084600 0.038200 0.071700 0.071800 0.065100 0.018900 0.025500 0.131400 0.079400 0.000000 0.093800 0.086200 0.078900 0.038200 0.025400 0.025200 0.038700 0.051600 0.045000 0.058100
MuntiacusC 0.124800 0.212700 0.116000 0.231400 0.138200 0.132500 0.139700 0.137900 0.108900 0.000000 0.139000 0.115300 0.116600 0.140000 0.123300 0.101200 0.101600 0.100400 0.108800 0.130100 0.101300 0.108900 0.032700 0.072600 0.117000 0.093600 0.108900 0.123000 0.100800 0.130100 0.000000 0.124500 0.144200 0.122500 0.145600 0.161000 0.138400 0.115200 0.123500 0.103500 0.025900 0.093800 0.000000 0.045800 0.169400 0.122700 0.123200 0.121800 0.116000 0.108800 0.130800 0.130100
WhiteTaile 0.116500 0.188100 0.108100 0.205900 0.115200 0.124000 0.131100 0.129600 0.115400 0.045900 0.130500 0.093300 0.108500 0.131400 0.115100 0.093400 0.093900 0.079000 0.115300 0.122200 0.093500 0.100900 0.039100 0.051800 0.108800 0.072200 0.100900 0.115100 0.093100 0.122100 0.045900 0.116200 0.135900 0.100300 0.137100 0.137400 0.145000 0.107300 0.115300 0.081000 0.032300 0.086200 0.045800 0.000000 0.145400 0.100400 0.115100 0.099700 0.108000 0.100900 0.108200 0.122200
Cattle 0.115600 0.204300 0.072000 0.232100 0.065400 0.115400 0.108100 0.092900 0.079100 0.169000 0.122000 0.044900 0.100300 0.108700 0.079600 0.086100 0.100500 0.085500 0.121300 0.058400 0.072400 0.093200 0.146300 0.191100 0.100800 0.065000 0.092900 0.065200 0.085800 0.071800 0.169000 0.093700 0.142200 0.092600 0.114100 0.006300 0.136000 0.072000 0.093000 0.195700 0.138200 0.078900 0.169400 0.145400 0.000000 0.092700 0.092900 0.092000 0.094100 0.107300 0.058600 0.071900
RoyalAntel 0.058700 0.186400 0.071800 0.212700 0.051600 0.045300 0.051800 0.064900 0.065000 0.122800 0.051600 0.044800 0.031900 0.051900 0.057700 0.044900 0.085400 0.071000 0.051400 0.071500 0.031800 0.025300 0.115200 0.143400 0.032000 0.025200 0.025300 0.078500 0.044700 0.071500 0.122800 0.038500 0.111900 0.038100 0.057900 0.085500 0.064800 0.044700 0.051600 0.146700 0.107600 0.038200 0.122700 0.100400 0.092700 0.000000 0.051500 0.064400 0.051700 0.092400 0.058300 0.071600
Steenbok 0.072700 0.179500 0.071900 0.214000 0.051800 0.058900 0.052200 0.051600 0.051900 0.122900 0.065400 0.044800 0.045200 0.052400 0.052000 0.032000 0.072100 0.071300 0.065100 0.071700 0.019000 0.038600 0.115700 0.158900 0.045300 0.038200 0.038500 0.078600 0.031900 0.071600 0.122900 0.037700 0.112600 0.064700 0.078100 0.085900 0.078800 0.031900 0.038500 0.147400 0.108100 0.025400 0.123200 0.115100 0.092900 0.051500 0.000000 0.051200 0.052300 0.078800 0.058400 0.071700
Impala 0.085800 0.170400 0.071200 0.195900 0.051300 0.072000 0.065100 0.051200 0.064700 0.121500 0.078300 0.044500 0.058000 0.065400 0.051500 0.031700 0.058000 0.057400 0.078000 0.071100 0.030900 0.051400 0.100200 0.157100 0.058200 0.050900 0.051200 0.077900 0.031600 0.071000 0.121500 0.051600 0.097600 0.064100 0.084800 0.085100 0.091800 0.031600 0.051200 0.160500 0.092800 0.025200 0.121800 0.099700 0.092000 0.064400 0.051200 0.000000 0.065200 0.064500 0.057900 0.071100
Klipspring 0.052600 0.189000 0.072700 0.206000 0.065800 0.059400 0.052500 0.052200 0.052400 0.116100 0.065800 0.045400 0.045500 0.052600 0.045700 0.045500 0.072800 0.072000 0.065500 0.072600 0.032200 0.038700 0.108500 0.151400 0.045700 0.038600 0.038700 0.079600 0.045300 0.072500 0.116100 0.039000 0.114000 0.065200 0.072300 0.086700 0.079300 0.045300 0.052300 0.155000 0.101000 0.038700 0.116000 0.108000 0.094100 0.051700 0.052300 0.065200 0.000000 0.079700 0.059100 0.072600
ForestMusk 0.100800 0.141300 0.072100 0.174600 0.079000 0.100700 0.093500 0.058500 0.079100 0.108500 0.107100 0.058200 0.085900 0.093900 0.065600 0.058400 0.045300 0.044900 0.106600 0.085600 0.058300 0.079000 0.087300 0.144000 0.086200 0.064800 0.078800 0.092600 0.058200 0.085500 0.108500 0.079400 0.098800 0.092100 0.099600 0.100100 0.121000 0.058300 0.078800 0.147300 0.080000 0.051600 0.108800 0.100900 0.107300 0.092400 0.078800 0.064500 0.079700 0.000000 0.072100 0.085600
Bushbuck 0.079700 0.164600 0.012600 0.190600 0.045300 0.079600 0.072600 0.058400 0.019000 0.130500 0.086100 0.012600 0.065400 0.073000 0.045400 0.051800 0.051900 0.051500 0.085600 0.012300 0.038000 0.058600 0.108700 0.151700 0.065600 0.031800 0.058400 0.018400 0.051600 0.012200 0.130500 0.058900 0.105800 0.071600 0.078700 0.051900 0.099700 0.038400 0.058500 0.155300 0.101200 0.045000 0.130800 0.108200 0.058600 0.058300 0.058400 0.057900 0.059100 0.072100 0.000000 0.012600
GreaterKud 0.093400 0.179400 0.012300 0.205900 0.058400 0.093200 0.086200 0.071700 0.018900 0.129800 0.085700 0.025300 0.078700 0.086600 0.058700 0.065000 0.065200 0.064600 0.085300 0.012300 0.051400 0.071900 0.122800 0.166200 0.079000 0.044700 0.071700 0.018400 0.064800 0.012500 0.129800 0.072200 0.119600 0.085000 0.092200 0.065100 0.099300 0.051500 0.071700 0.170000 0.115100 0.058100 0.130100 0.122200 0.071900 0.071600 0.071700 0.071100 0.072600 0.085600 0.012600 0.000000
