1
52 1
Argali 0.000000 0.139300 0.040800 0.140700 0.035700 0.000000 0.035500 0.051300 0.046000 0.061100 0.004800 0.046000 0.025100 0.035500 0.067500 0.056100 0.072800 0.061300 0.015100 0.040800 0.050900 0.005000 0.066700 0.061300 0.004800 0.045600 0.030300 0.045900 0.050700 0.046100 0.061100 0.035500 0.072100 0.030200 0.030300 0.040800 0.009700 0.035700 0.035400 0.066700 0.066900 0.050800 0.061100 0.066600 0.051600 0.062400 0.062100 0.045900 0.045400 0.067300 0.046100 0.041000
LesserMous 0.139300 0.000000 0.134800 0.128800 0.140800 0.139300 0.128500 0.122800 0.140400 0.133300 0.133400 0.140600 0.139300 0.128500 0.140700 0.150600 0.123800 0.122400 0.134400 0.134900 0.144800 0.133600 0.122500 0.145100 0.133400 0.139000 0.145600 0.140200 0.144500 0.140800 0.133300 0.128600 0.111300 0.145400 0.145600 0.140600 0.127900 0.129200 0.139500 0.139700 0.128600 0.144700 0.133300 0.151000 0.141500 0.159600 0.140600 0.134100 0.138600 0.129200 0.140800 0.135400
LesserKudu 0.040800 0.134800 0.000000 0.148000 0.036000 0.040800 0.025400 0.051600 0.005000 0.051100 0.046000 0.025500 0.035500 0.025400 0.057200 0.056400 0.062500 0.051300 0.046300 0.000000 0.051100 0.046100 0.056600 0.051200 0.046000 0.045900 0.040900 0.005000 0.051000 0.005100 0.051100 0.025400 0.061800 0.040900 0.051500 0.030600 0.051400 0.025600 0.046100 0.056600 0.056800 0.051300 0.051100 0.056500 0.041400 0.052200 0.062500 0.046200 0.035400 0.057000 0.005100 0.000000
KillerWhal 0.140700 0.128800 0.148000 0.000000 0.142300 0.140700 0.141500 0.159900 0.153700 0.146400 0.134700 0.148100 0.152600 0.141600 0.166800 0.176700 0.148700 0.135200 0.147500 0.148100 0.170600 0.134800 0.152900 0.158500 0.134700 0.164600 0.159100 0.153600 0.170200 0.154200 0.146400 0.141600 0.123800 0.158900 0.170900 0.148100 0.140800 0.142400 0.153000 0.152900 0.153500 0.170400 0.146400 0.164500 0.143000 0.155100 0.178800 0.165800 0.151700 0.141700 0.154300 0.148700
DefassaWat 0.035700 0.140800 0.036000 0.142300 0.000000 0.035700 0.030600 0.057100 0.041200 0.056500 0.040900 0.035900 0.030500 0.030600 0.062800 0.062000 0.068200 0.056700 0.041200 0.036000 0.056700 0.040900 0.062000 0.056600 0.040900 0.051400 0.035800 0.041100 0.056500 0.041300 0.056500 0.030600 0.067400 0.035700 0.046300 0.041100 0.046200 0.010100 0.051500 0.062000 0.062300 0.056600 0.056500 0.061900 0.052100 0.057600 0.068200 0.051700 0.040700 0.062600 0.041300 0.036100
Sheep 0.000000 0.139300 0.040800 0.140700 0.035700 0.000000 0.035500 0.051300 0.046000 0.061100 0.004900 0.046000 0.025100 0.035500 0.067500 0.056100 0.072800 0.061300 0.015100 0.040800 0.050900 0.005000 0.066700 0.061300 0.004900 0.045600 0.030300 0.045900 0.050700 0.046100 0.061100 0.035500 0.072100 0.030200 0.030300 0.040800 0.009900 0.035700 0.035400 0.066700 0.066900 0.050800 0.061100 0.066600 0.051600 0.062400 0.062100 0.045900 0.045400 0.067300 0.046100 0.041000
MaxwellsDu 0.035500 0.128500 0.025400 0.141500 0.030600 0.035500 0.000000 0.046200 0.030500 0.045700 0.040600 0.030600 0.030300 0.019700 0.051700 0.051100 0.057000 0.045900 0.040900 0.025400 0.045900 0.040700 0.051100 0.045800 0.040600 0.040700 0.035600 0.030500 0.045800 0.030600 0.045700 0.020000 0.051200 0.035500 0.046000 0.035800 0.045900 0.020300 0.040800 0.051100 0.051300 0.045800 0.045700 0.051000 0.046600 0.046600 0.057000 0.040900 0.030200 0.051600 0.030600 0.025500
GazellaPrz 0.051300 0.122800 0.051600 0.159900 0.057100 0.051300 0.046200 0.000000 0.057000 0.072400 0.056500 0.056900 0.045900 0.046300 0.057000 0.035300 0.073300 0.072600 0.046300 0.051800 0.019600 0.056600 0.078100 0.072500 0.056500 0.014800 0.051400 0.056700 0.019700 0.057100 0.072400 0.046300 0.072500 0.051300 0.051400 0.062300 0.051400 0.046500 0.014500 0.078100 0.078300 0.020000 0.072400 0.077900 0.062700 0.068200 0.020200 0.040800 0.056300 0.056900 0.057200 0.052000
MountainNy 0.046000 0.140400 0.005000 0.153700 0.041200 0.046000 0.030500 0.057000 0.000000 0.056300 0.051200 0.030700 0.040700 0.030600 0.051900 0.061800 0.068000 0.056500 0.051500 0.005000 0.046000 0.051300 0.061900 0.056500 0.051200 0.051200 0.046100 0.000000 0.056400 0.010100 0.056300 0.030600 0.067200 0.046000 0.056700 0.035900 0.056600 0.030700 0.051400 0.061900 0.062100 0.056300 0.056300 0.061800 0.046700 0.057300 0.068000 0.051600 0.040500 0.062400 0.010100 0.005100
MuntiacusM 0.061100 0.133300 0.051100 0.146400 0.056500 0.061100 0.045700 0.072400 0.056300 0.000000 0.066400 0.056400 0.055900 0.035400 0.078100 0.077100 0.062000 0.050800 0.066900 0.051200 0.071800 0.066500 0.025000 0.019900 0.066400 0.066500 0.061300 0.056200 0.071600 0.056500 0.000000 0.035400 0.050800 0.061300 0.072000 0.061700 0.071900 0.046000 0.066700 0.015000 0.025000 0.061200 0.000000 0.025000 0.072900 0.073000 0.072600 0.066900 0.055600 0.056400 0.056500 0.051300
goat 0.004800 0.133400 0.046000 0.134700 0.040900 0.004900 0.040600 0.056500 0.051200 0.066400 0.000000 0.051300 0.030200 0.040700 0.072900 0.061300 0.078200 0.066600 0.020100 0.046000 0.056100 0.000000 0.072000 0.066600 0.000000 0.050800 0.035400 0.051100 0.055900 0.051300 0.066400 0.040700 0.077400 0.035400 0.035400 0.046000 0.004900 0.040900 0.040500 0.072000 0.072300 0.056000 0.066400 0.071900 0.056900 0.067800 0.062100 0.051200 0.050600 0.072600 0.051400 0.046200
AfricanBuf 0.046000 0.140600 0.025500 0.148100 0.035900 0.046000 0.030600 0.056900 0.030700 0.056400 0.051300 0.000000 0.038700 0.030600 0.062500 0.061700 0.067900 0.056600 0.051600 0.025600 0.056400 0.051300 0.061900 0.056500 0.051300 0.051100 0.046200 0.029900 0.055900 0.030800 0.056400 0.030600 0.067100 0.046100 0.056800 0.005000 0.056700 0.025500 0.051300 0.061900 0.062200 0.056500 0.056400 0.061800 0.015300 0.057600 0.067900 0.051500 0.040600 0.062300 0.030800 0.025600
Topi 0.025100 0.139300 0.035500 0.152600 0.030500 0.025100 0.030300 0.045900 0.040700 0.055900 0.030200 0.038700 0.000000 0.030300 0.061900 0.050700 0.067200 0.056100 0.030400 0.035600 0.045200 0.030200 0.061400 0.056000 0.030200 0.040300 0.005000 0.040600 0.044800 0.040800 0.055900 0.030300 0.066600 0.005000 0.025100 0.044900 0.035400 0.030500 0.039500 0.061400 0.061600 0.045600 0.055900 0.061300 0.056800 0.057000 0.056600 0.040600 0.040300 0.061700 0.040900 0.035700
CommonDuik 0.035500 0.128500 0.025400 0.141600 0.030600 0.035500 0.019700 0.046300 0.030600 0.035400 0.040700 0.030600 0.030300 0.000000 0.051800 0.051100 0.057100 0.045900 0.040900 0.025400 0.045900 0.040700 0.051200 0.035500 0.040700 0.040700 0.035600 0.030500 0.045800 0.030600 0.035400 0.009800 0.040700 0.035500 0.046000 0.035800 0.046000 0.020300 0.040800 0.040700 0.051300 0.035500 0.035400 0.040600 0.046600 0.046700 0.057100 0.040900 0.030200 0.051600 0.030700 0.025500
Suni 0.067500 0.140700 0.057200 0.166800 0.062800 0.067500 0.051700 0.057000 0.051900 0.078100 0.072900 0.062500 0.061900 0.051800 0.000000 0.072400 0.090200 0.078400 0.073400 0.057400 0.056500 0.073000 0.083900 0.078300 0.072900 0.061800 0.067700 0.051700 0.066900 0.062800 0.078100 0.051800 0.078200 0.067600 0.078600 0.068000 0.078500 0.052100 0.062000 0.083900 0.084200 0.067300 0.078100 0.083700 0.068900 0.068700 0.078900 0.062200 0.061800 0.073400 0.062900 0.057600
Springbuck 0.056100 0.150600 0.056400 0.176700 0.062000 0.056100 0.051100 0.035300 0.061800 0.077100 0.061300 0.061700 0.050700 0.051100 0.072400 0.000000 0.088900 0.077400 0.061700 0.056600 0.035000 0.061400 0.082800 0.077300 0.061300 0.019500 0.056200 0.061500 0.014700 0.061900 0.077100 0.051100 0.088000 0.056200 0.066800 0.067000 0.066800 0.051400 0.029300 0.082800 0.083100 0.024900 0.077100 0.082700 0.078300 0.072900 0.045700 0.040500 0.061000 0.083200 0.062000 0.056800
Okapi 0.072800 0.123800 0.062500 0.148700 0.068200 0.072800 0.057000 0.073300 0.068000 0.062000 0.078200 0.067900 0.067200 0.057100 0.090200 0.088900 0.000000 0.020300 0.067900 0.062700 0.083200 0.078300 0.067600 0.072800 0.078200 0.078000 0.073100 0.067700 0.083300 0.068200 0.062000 0.057100 0.062100 0.073000 0.073100 0.073300 0.073000 0.057400 0.078300 0.067600 0.067900 0.083700 0.062000 0.078300 0.084900 0.085200 0.084500 0.073100 0.067100 0.068000 0.068200 0.063000
Giraffe 0.061300 0.122400 0.051300 0.135200 0.056700 0.061300 0.045900 0.072600 0.056500 0.050800 0.066600 0.056600 0.056100 0.045900 0.078400 0.077400 0.020300 0.000000 0.067100 0.051300 0.072000 0.066700 0.056200 0.061400 0.066600 0.066700 0.061500 0.056400 0.071900 0.056700 0.050800 0.045900 0.051000 0.061500 0.072200 0.061900 0.072100 0.046100 0.066900 0.056200 0.056400 0.072000 0.050800 0.066700 0.073100 0.073200 0.083800 0.067100 0.055800 0.067400 0.056700 0.051500
TibetanAnt 0.015100 0.134400 0.046300 0.147500 0.041200 0.015100 0.040900 0.046300 0.051500 0.066900 0.020100 0.051600 0.030400 0.040900 0.073400 0.061700 0.067900 0.067100 0.000000 0.046300 0.056500 0.020100 0.072500 0.067000 0.020100 0.051200 0.035600 0.051500 0.056300 0.051700 0.066900 0.040900 0.077900 0.035600 0.035600 0.046300 0.015100 0.041100 0.040800 0.072500 0.072800 0.056400 0.066900 0.072400 0.057300 0.068300 0.057100 0.046200 0.050900 0.062300 0.051700 0.046500
Sitatunga 0.040800 0.134900 0.000000 0.148100 0.036000 0.040800 0.025400 0.051800 0.005000 0.051200 0.046000 0.025600 0.035600 0.025400 0.057400 0.056600 0.062700 0.051300 0.046300 0.000000 0.051300 0.046100 0.056700 0.051300 0.046000 0.046100 0.040900 0.005000 0.051200 0.005000 0.051200 0.025400 0.062000 0.040900 0.051500 0.030800 0.051400 0.025600 0.046200 0.056700 0.056900 0.051300 0.051200 0.056600 0.041500 0.052200 0.062700 0.046400 0.035400 0.057200 0.005000 0.000000
Oribi 0.050900 0.144800 0.051100 0.170600 0.056700 0.050900 0.045900 0.019600 0.046000 0.071800 0.056100 0.056400 0.045200 0.045900 0.056500 0.035000 0.083200 0.072000 0.056500 0.051300 0.000000 0.056200 0.077400 0.071900 0.056100 0.014600 0.051000 0.045000 0.019800 0.056700 0.071800 0.045900 0.082600 0.051000 0.061600 0.061700 0.061500 0.046100 0.014900 0.077500 0.077700 0.019900 0.071800 0.077300 0.072900 0.067600 0.029700 0.044800 0.055800 0.077900 0.056700 0.051500
BarbaryShe 0.005000 0.133600 0.046100 0.134800 0.040900 0.005000 0.040700 0.056600 0.051300 0.066500 0.000000 0.051300 0.030200 0.040700 0.073000 0.061400 0.078300 0.066700 0.020100 0.046100 0.056200 0.000000 0.072100 0.066700 0.000000 0.050900 0.035500 0.051200 0.056000 0.051400 0.066500 0.040700 0.077500 0.035400 0.035500 0.046100 0.005000 0.040900 0.040600 0.072100 0.072400 0.056100 0.066500 0.072000 0.057000 0.067900 0.062100 0.051200 0.050700 0.072700 0.051400 0.046300
Daviddeer 0.066700 0.122500 0.056600 0.152900 0.062000 0.066700 0.051100 0.078100 0.061900 0.025000 0.072000 0.061900 0.061400 0.051200 0.083900 0.082800 0.067600 0.056200 0.072500 0.056700 0.077400 0.072100 0.000000 0.035300 0.072000 0.072100 0.066900 0.061800 0.077200 0.062000 0.024500 0.051200 0.066900 0.066800 0.077700 0.067300 0.077600 0.051400 0.072300 0.030200 0.010000 0.077400 0.024500 0.040500 0.078600 0.078700 0.078300 0.072500 0.061100 0.062000 0.062100 0.056900
Reindeer 0.061300 0.145100 0.051200 0.158500 0.056600 0.061300 0.045800 0.072500 0.056500 0.019900 0.066600 0.056500 0.056000 0.035500 0.078300 0.077300 0.072800 0.061400 0.067000 0.051300 0.071900 0.066700 0.035300 0.000000 0.066600 0.066600 0.061500 0.056400 0.071800 0.056600 0.019900 0.035500 0.061500 0.061400 0.072100 0.061800 0.072100 0.046100 0.066800 0.014900 0.035400 0.061300 0.019900 0.004900 0.073000 0.073100 0.072800 0.067000 0.055700 0.067200 0.056600 0.051500
Ibex 0.004800 0.133400 0.046000 0.134700 0.040900 0.004900 0.040600 0.056500 0.051200 0.066400 0.000000 0.051300 0.030200 0.040700 0.072900 0.061300 0.078200 0.066600 0.020100 0.046000 0.056100 0.000000 0.072000 0.066600 0.000000 0.050800 0.035400 0.051100 0.055900 0.051300 0.066400 0.040700 0.077400 0.035400 0.035400 0.046000 0.004900 0.040900 0.040500 0.072000 0.072300 0.056000 0.066400 0.071900 0.056900 0.067800 0.062100 0.051200 0.050600 0.072600 0.051400 0.046200
GyrantGaze 0.045600 0.139000 0.045900 0.164600 0.051400 0.045600 0.040700 0.014800 0.051200 0.066500 0.050800 0.051100 0.040300 0.040700 0.061800 0.019500 0.078000 0.066700 0.051200 0.046100 0.014600 0.050900 0.072100 0.066600 0.050800 0.000000 0.045800 0.051000 0.004900 0.051400 0.066500 0.040700 0.077200 0.045700 0.056300 0.056400 0.056200 0.040900 0.009800 0.072100 0.072300 0.004900 0.066500 0.071900 0.067500 0.062200 0.024600 0.039500 0.050600 0.072500 0.051400 0.046200
Hartebeest 0.030300 0.145600 0.040900 0.159100 0.035800 0.030300 0.035600 0.051400 0.046100 0.061300 0.035400 0.046200 0.005000 0.035600 0.067700 0.056200 0.073100 0.061500 0.035600 0.040900 0.051000 0.035500 0.066900 0.061500 0.035400 0.045800 0.000000 0.046000 0.050900 0.046200 0.061300 0.035600 0.072300 0.010000 0.030300 0.051500 0.040700 0.035800 0.045900 0.066900 0.067100 0.051000 0.061300 0.066800 0.062500 0.062600 0.062300 0.046100 0.045500 0.067500 0.046300 0.041100
Bongo 0.045900 0.140200 0.005000 0.153600 0.041100 0.045900 0.030500 0.056700 0.000000 0.056200 0.051100 0.029900 0.040600 0.030500 0.051700 0.061500 0.067700 0.056400 0.051500 0.005000 0.045000 0.051200 0.061800 0.056400 0.051100 0.051000 0.046000 0.000000 0.056100 0.010100 0.056200 0.030500 0.067000 0.046000 0.056600 0.034300 0.056500 0.030700 0.051200 0.061800 0.062000 0.056400 0.056200 0.061700 0.046500 0.057400 0.066600 0.051300 0.040500 0.062200 0.010100 0.005100
Gerenuk 0.050700 0.144500 0.051000 0.170200 0.056500 0.050700 0.045800 0.019700 0.056400 0.071600 0.055900 0.055900 0.044800 0.045800 0.066900 0.014700 0.083300 0.071900 0.056300 0.051200 0.019800 0.056000 0.077200 0.071800 0.055900 0.004900 0.050900 0.056100 0.000000 0.056500 0.071600 0.045800 0.082400 0.050800 0.061400 0.061600 0.061300 0.046000 0.014600 0.077300 0.077500 0.009900 0.071600 0.077100 0.072700 0.067400 0.030200 0.045300 0.055700 0.077700 0.056500 0.051400
CommonElan 0.046100 0.140800 0.005100 0.154200 0.041300 0.046100 0.030600 0.057100 0.010100 0.056500 0.051300 0.030800 0.040800 0.030600 0.062800 0.061900 0.068200 0.056700 0.051700 0.005000 0.056700 0.051400 0.062000 0.056600 0.051300 0.051400 0.046200 0.010100 0.056500 0.000000 0.056500 0.030600 0.067400 0.046200 0.056800 0.036000 0.056800 0.030800 0.051500 0.062000 0.062300 0.056600 0.056500 0.061900 0.046900 0.057600 0.068200 0.051700 0.040600 0.062600 0.009900 0.005100
MuntiacusR 0.061100 0.133300 0.051100 0.146400 0.056500 0.061100 0.045700 0.072400 0.056300 0.000000 0.066400 0.056400 0.055900 0.035400 0.078100 0.077100 0.062000 0.050800 0.066900 0.051200 0.071800 0.066500 0.024500 0.019900 0.066400 0.066500 0.061300 0.056200 0.071600 0.056500 0.000000 0.035400 0.050800 0.061300 0.072000 0.061700 0.071900 0.046000 0.066700 0.015000 0.025000 0.061200 0.000000 0.025000 0.072900 0.073000 0.072600 0.066900 0.055600 0.056400 0.056500 0.051300
HarveysDui 0.035500 0.128600 0.025400 0.141600 0.030600 0.035500 0.020000 0.046300 0.030600 0.035400 0.040700 0.030600 0.030300 0.009800 0.051800 0.051100 0.057100 0.045900 0.040900 0.025400 0.045900 0.040700 0.051200 0.035500 0.040700 0.040700 0.035600 0.030500 0.045800 0.030600 0.035400 0.000000 0.040800 0.035600 0.046000 0.035800 0.046000 0.020300 0.040800 0.040700 0.051300 0.035500 0.035400 0.040700 0.046600 0.046700 0.057100 0.041000 0.030200 0.051600 0.030700 0.025500
Pronghorn 0.072100 0.111300 0.061800 0.123800 0.067400 0.072100 0.051200 0.072500 0.067200 0.050800 0.077400 0.067100 0.066600 0.040700 0.078200 0.088000 0.062100 0.051000 0.077900 0.062000 0.082600 0.077500 0.066900 0.061500 0.077400 0.077200 0.072300 0.067000 0.082400 0.067400 0.050800 0.040800 0.000000 0.072200 0.083100 0.072500 0.083000 0.056800 0.077500 0.056300 0.067100 0.072100 0.050800 0.066800 0.073000 0.084300 0.094600 0.077700 0.066400 0.056500 0.067500 0.062200
BlueWildeb 0.030200 0.145400 0.040900 0.158900 0.035700 0.030200 0.035500 0.051300 0.046000 0.061300 0.035400 0.046100 0.005000 0.035500 0.067600 0.056200 0.073000 0.061500 0.035600 0.040900 0.051000 0.035400 0.066800 0.061400 0.035400 0.045700 0.010000 0.046000 0.050800 0.046200 0.061300 0.035600 0.072200 0.000000 0.030300 0.051400 0.040600 0.035700 0.045900 0.066800 0.056300 0.050900 0.061300 0.066700 0.062400 0.062500 0.062200 0.046000 0.045500 0.067400 0.046200 0.041000
Gemsbok 0.030300 0.145600 0.051500 0.170900 0.046300 0.030300 0.046000 0.051400 0.056700 0.072000 0.035400 0.056800 0.025100 0.046000 0.078600 0.066800 0.073100 0.072200 0.035600 0.051500 0.061600 0.035500 0.077700 0.072100 0.035400 0.056300 0.030300 0.056600 0.061400 0.056800 0.072000 0.046000 0.083100 0.030300 0.000000 0.062100 0.030400 0.046300 0.056500 0.077700 0.077900 0.061500 0.072000 0.077500 0.073400 0.073500 0.062300 0.051300 0.045600 0.067400 0.056900 0.051700
Yak 0.040800 0.140600 0.030600 0.148100 0.041100 0.040800 0.035800 0.062300 0.035900 0.061700 0.046000 0.005000 0.044900 0.035800 0.068000 0.067000 0.073300 0.061900 0.046300 0.030800 0.061700 0.046100 0.067300 0.061800 0.046000 0.056400 0.051500 0.034300 0.061600 0.036000 0.061700 0.035800 0.072500 0.051400 0.062100 0.000000 0.051400 0.030700 0.056600 0.067300 0.067600 0.061900 0.061700 0.067200 0.010100 0.063000 0.073300 0.056800 0.045800 0.067700 0.036000 0.030900
BlueSheep 0.009700 0.127900 0.051400 0.140800 0.046200 0.009900 0.045900 0.051400 0.056600 0.071900 0.004900 0.056700 0.035400 0.046000 0.078500 0.066800 0.073000 0.072100 0.015100 0.051400 0.061500 0.005000 0.077600 0.072100 0.004900 0.056200 0.040700 0.056500 0.061300 0.056800 0.071900 0.046000 0.083000 0.040600 0.030400 0.051400 0.000000 0.046200 0.045800 0.077600 0.077800 0.061400 0.071900 0.077400 0.062400 0.073400 0.056800 0.051300 0.055900 0.067400 0.056800 0.051600
BohorReedb 0.035700 0.129200 0.025600 0.142400 0.010100 0.035700 0.020300 0.046500 0.030700 0.046000 0.040900 0.025500 0.030500 0.020300 0.052100 0.051400 0.057400 0.046100 0.041100 0.025600 0.046100 0.040900 0.051400 0.046100 0.040900 0.040900 0.035800 0.030700 0.046000 0.030800 0.046000 0.020300 0.056800 0.035700 0.046300 0.030700 0.046200 0.000000 0.041000 0.051400 0.051600 0.046100 0.046000 0.051300 0.041400 0.046900 0.057400 0.041200 0.030300 0.051900 0.030800 0.025700
KirksDik 0.035400 0.139500 0.046100 0.153000 0.051500 0.035400 0.040800 0.014500 0.051400 0.066700 0.040500 0.051300 0.039500 0.040800 0.062000 0.029300 0.078300 0.066900 0.040800 0.046200 0.014900 0.040600 0.072300 0.066800 0.040500 0.009800 0.045900 0.051200 0.014600 0.051500 0.066700 0.040800 0.077500 0.045900 0.056500 0.056600 0.045800 0.041000 0.000000 0.072300 0.072500 0.014900 0.066700 0.072200 0.067700 0.062400 0.025200 0.040600 0.050800 0.072700 0.051600 0.046400
RoeDeer 0.066700 0.139700 0.056600 0.152900 0.062000 0.066700 0.051100 0.078100 0.061900 0.015000 0.072000 0.061900 0.061400 0.040700 0.083900 0.082800 0.067600 0.056200 0.072500 0.056700 0.077500 0.072100 0.030200 0.014900 0.072000 0.072100 0.066900 0.061800 0.077300 0.062000 0.015000 0.040700 0.056300 0.066800 0.077700 0.067300 0.077600 0.051400 0.072300 0.000000 0.030300 0.066700 0.015000 0.019600 0.078600 0.078700 0.078300 0.072600 0.061100 0.062000 0.062100 0.056900
WhiteLippe 0.066900 0.128600 0.056800 0.153500 0.062300 0.066900 0.051300 0.078300 0.062100 0.025000 0.072300 0.062200 0.061600 0.051300 0.084200 0.083100 0.067900 0.056400 0.072800 0.056900 0.077700 0.072400 0.010000 0.035400 0.072300 0.072300 0.067100 0.062000 0.077500 0.062300 0.025000 0.051300 0.067100 0.056300 0.077900 0.067600 0.077800 0.051600 0.072500 0.030300 0.000000 0.077600 0.025000 0.040600 0.078900 0.079000 0.078600 0.072800 0.061300 0.062200 0.062300 0.057100
ThomsonGaz 0.050800 0.144700 0.051300 0.170400 0.056600 0.050800 0.045800 0.020000 0.056300 0.061200 0.056000 0.056500 0.045600 0.035500 0.067300 0.024900 0.083700 0.072000 0.056400 0.051300 0.019900 0.056100 0.077400 0.061300 0.056000 0.004900 0.051000 0.056400 0.009900 0.056600 0.061200 0.035500 0.072100 0.050900 0.061500 0.061900 0.061400 0.046100 0.014900 0.066700 0.077600 0.000000 0.061200 0.066600 0.073100 0.067300 0.030300 0.045800 0.055800 0.078000 0.056600 0.051500
MuntiacusC 0.061100 0.133300 0.051100 0.146400 0.056500 0.061100 0.045700 0.072400 0.056300 0.000000 0.066400 0.056400 0.055900 0.035400 0.078100 0.077100 0.062000 0.050800 0.066900 0.051200 0.071800 0.066500 0.024500 0.019900 0.066400 0.066500 0.061300 0.056200 0.071600 0.056500 0.000000 0.035400 0.050800 0.061300 0.072000 0.061700 0.071900 0.046000 0.066700 0.015000 0.025000 0.061200 0.000000 0.025000 0.072900 0.073000 0.072600 0.066900 0.055600 0.056400 0.056500 0.051300
WhiteTaile 0.066600 0.151000 0.056500 0.164500 0.061900 0.066600 0.051000 0.077900 0.061800 0.025000 0.071900 0.061800 0.061300 0.040600 0.083700 0.082700 0.078300 0.066700 0.072400 0.056600 0.077300 0.072000 0.040500 0.004900 0.071900 0.071900 0.066800 0.061700 0.077100 0.061900 0.025000 0.040700 0.066800 0.066700 0.077500 0.067200 0.077400 0.051300 0.072200 0.019600 0.040600 0.066600 0.025000 0.000000 0.078500 0.078600 0.078200 0.072400 0.061000 0.072600 0.061900 0.056800
Cattle 0.051600 0.141500 0.041400 0.143000 0.052100 0.051600 0.046600 0.062700 0.046700 0.072900 0.056900 0.015300 0.056800 0.046600 0.068900 0.078300 0.084900 0.073100 0.057300 0.041500 0.072900 0.057000 0.078600 0.073000 0.056900 0.067500 0.062500 0.046500 0.072700 0.046900 0.072900 0.046600 0.073000 0.062400 0.073400 0.010100 0.062400 0.041400 0.067700 0.078600 0.078900 0.073100 0.072900 0.078500 0.000000 0.074400 0.084800 0.068000 0.056700 0.068200 0.046900 0.041700
RoyalAntel 0.062400 0.159600 0.052200 0.155100 0.057600 0.062400 0.046600 0.068200 0.057300 0.073000 0.067800 0.057600 0.057000 0.046700 0.068700 0.072900 0.085200 0.073200 0.068300 0.052200 0.067600 0.067900 0.078700 0.073100 0.067800 0.062200 0.062600 0.057400 0.067400 0.057600 0.073000 0.046700 0.084300 0.062500 0.073500 0.063000 0.073400 0.046900 0.062400 0.078700 0.079000 0.067300 0.073000 0.078600 0.074400 0.000000 0.079400 0.068300 0.056700 0.079500 0.057700 0.052400
Steenbok 0.062100 0.140600 0.062500 0.178800 0.068200 0.062100 0.057000 0.020200 0.068000 0.072600 0.062100 0.067900 0.056600 0.057100 0.078900 0.045700 0.084500 0.083800 0.057100 0.062700 0.029700 0.062100 0.078300 0.072800 0.062100 0.024600 0.062300 0.066600 0.030200 0.068200 0.072600 0.057100 0.094600 0.062200 0.062300 0.073300 0.056800 0.057400 0.025200 0.078300 0.078600 0.030300 0.072600 0.078200 0.084800 0.079400 0.000000 0.040900 0.067100 0.067900 0.068200 0.062900
Impala 0.045900 0.134100 0.046200 0.165800 0.051700 0.045900 0.040900 0.040800 0.051600 0.066900 0.051200 0.051500 0.040600 0.040900 0.062200 0.040500 0.073100 0.067100 0.046200 0.046400 0.044800 0.051200 0.072500 0.067000 0.051200 0.039500 0.046100 0.051300 0.045300 0.051700 0.066900 0.041000 0.077700 0.046000 0.051300 0.056800 0.051300 0.041200 0.040600 0.072600 0.072800 0.045800 0.066900 0.072400 0.068000 0.068300 0.040900 0.000000 0.050900 0.067500 0.051700 0.046500
Klipspring 0.045400 0.138600 0.035400 0.151700 0.040700 0.045400 0.030200 0.056300 0.040500 0.055600 0.050600 0.040600 0.040300 0.030200 0.061800 0.061000 0.067100 0.055800 0.050900 0.035400 0.055800 0.050700 0.061100 0.055700 0.050600 0.050600 0.045500 0.040500 0.055700 0.040600 0.055600 0.030200 0.066400 0.045500 0.045600 0.045800 0.055900 0.030300 0.050800 0.061100 0.061300 0.055800 0.055600 0.061000 0.056700 0.056700 0.067100 0.050900 0.000000 0.061600 0.040700 0.035600
ForestMusk 0.067300 0.129200 0.057000 0.141700 0.062600 0.067300 0.051600 0.056900 0.062400 0.056400 0.072600 0.062300 0.061700 0.051600 0.073400 0.083200 0.068000 0.067400 0.062300 0.057200 0.077900 0.072700 0.062000 0.067200 0.072600 0.072500 0.067500 0.062200 0.077700 0.062600 0.056400 0.051600 0.056500 0.067400 0.067400 0.067700 0.067400 0.051900 0.072700 0.062000 0.062200 0.078000 0.056400 0.072600 0.068200 0.079500 0.067900 0.067500 0.061600 0.000000 0.062600 0.057400
Bushbuck 0.046100 0.140800 0.005100 0.154300 0.041300 0.046100 0.030600 0.057200 0.010100 0.056500 0.051400 0.030800 0.040900 0.030700 0.062900 0.062000 0.068200 0.056700 0.051700 0.005000 0.056700 0.051400 0.062100 0.056600 0.051400 0.051400 0.046300 0.010100 0.056500 0.009900 0.056500 0.030700 0.067500 0.046200 0.056900 0.036000 0.056800 0.030800 0.051600 0.062100 0.062300 0.056600 0.056500 0.061900 0.046900 0.057700 0.068200 0.051700 0.040700 0.062600 0.000000 0.005100
GreaterKud 0.041000 0.135400 0.000000 0.148700 0.036100 0.041000 0.025500 0.052000 0.005100 0.051300 0.046200 0.025600 0.035700 0.025500 0.057600 0.056800 0.063000 0.051500 0.046500 0.000000 0.051500 0.046300 0.056900 0.051500 0.046200 0.046200 0.041100 0.005100 0.051400 0.005100 0.051300 0.025500 0.062200 0.041000 0.051700 0.030900 0.051600 0.025700 0.046400 0.056900 0.057100 0.051500 0.051300 0.056800 0.041700 0.052400 0.062900 0.046500 0.035600 0.057400 0.005100 0.000000
