CODONML (in paml version 4.10.7, June 2023)  /home/rachel/ruminants_paml/6406-phy-tree/ENSBTAT00000024031.fasta.phy
Model: free dN/dS Ratios for branches,  kappa = 2.000 fixed

Codon frequency model: F3x4
ns =  54  ls = 106

Codon usage in sequences
--------------------------------------------------------------------------------------------------------------------------------------
Phe TTT   1   1   1   1   1   1 | Ser TCT   1   0   1   1   1   0 | Tyr TAT   0   0   0   0   0   0 | Cys TGT   1   1   1   2   0   1
    TTC   3   3   3   3   3   3 |     TCC   1   1   1   1   1   3 |     TAC   1   1   1   1   1   1 |     TGC   2   2   2   2   3   2
Leu TTA   1   0   1   1   0   1 |     TCA   2   3   2   2   3   2 | *** TAA   0   0   0   0   0   0 | *** TGA   0   0   0   0   0   0
    TTG   0   1   0   0   0   0 |     TCG   1   1   1   1   0   1 |     TAG   0   0   0   0   0   0 | Trp TGG   3   3   3   4   3   3
--------------------------------------------------------------------------------------------------------------------------------------
Leu CTT   1   0   1   1   1   1 | Pro CCT   2   0   2   2   2   2 | His CAT   1   1   1   1   1   1 | Arg CGT   0   0   0   0   0   0
    CTC   2   1   2   2   1   1 |     CCC   2   4   1   1   0   1 |     CAC   1   1   1   1   1   1 |     CGC   1   2   1   1   0   0
    CTA   1   0   1   1   3   1 |     CCA   3   2   4   4   2   3 | Gln CAA   2   2   2   2   2   1 |     CGA   2   2   2   3   5   4
    CTG   0   3   0   0   0   1 |     CCG   1   2   1   1   4   2 |     CAG   3   3   3   3   3   4 |     CGG   3   2   3   0   1   2
--------------------------------------------------------------------------------------------------------------------------------------
Ile ATT   4   2   4   4   4   4 | Thr ACT   2   1   2   1   2   1 | Asn AAT   4   0   4   4   3   5 | Ser AGT   2   1   1   2   2   2
    ATC   2   4   2   2   2   2 |     ACC   1   2   1   1   1   2 |     AAC   2   6   2   3   4   2 |     AGC   2   3   3   2   1   1
    ATA   1   1   1   1   1   1 |     ACA   4   2   4   4   4   4 | Lys AAA   4   2   4   4   4   5 | Arg AGA   2   1   2   2   2   2
Met ATG   0   0   0   0   0   0 |     ACG   0   3   0   1   0   0 |     AAG   5   7   5   5   5   4 |     AGG   0   1   0   1   0   0
--------------------------------------------------------------------------------------------------------------------------------------
Val GTT   1   0   1   1   1   1 | Ala GCT   2   0   2   2   1   1 | Asp GAT   2   1   2   1   4   3 | Gly GGT   2   2   2   1   2   3
    GTC   1   3   1   1   1   1 |     GCC   1   2   1   1   2   1 |     GAC   3   4   3   2   1   2 |     GGC   2   3   3   3   3   2
    GTA   2   0   2   3   4   3 |     GCA   1   0   1   1   1   1 | Glu GAA   3   2   3   4   2   1 |     GGA   4   3   3   3   2   3
    GTG   3   4   3   2   1   2 |     GCG   0   1   0   0   0   0 |     GAG   2   3   2   2   3   4 |     GGG   0   0   0   0   1   0
--------------------------------------------------------------------------------------------------------------------------------------

--------------------------------------------------------------------------------------------------------------------------------------
Phe TTT   1   1   1   1   1   1 | Ser TCT   1   1   1   1   1   1 | Tyr TAT   0   0   0   0   0   0 | Cys TGT   1   1   1   1   1   1
    TTC   3   3   3   3   3   3 |     TCC   1   1   1   1   1   1 |     TAC   1   1   1   1   1   1 |     TGC   2   2   2   2   2   2
Leu TTA   1   1   1   1   1   1 |     TCA   3   2   2   2   2   2 | *** TAA   0   0   0   0   0   0 | *** TGA   0   0   0   0   0   0
    TTG   0   0   0   0   0   0 |     TCG   0   1   1   1   1   1 |     TAG   0   0   0   0   0   0 | Trp TGG   3   3   3   3   3   3
--------------------------------------------------------------------------------------------------------------------------------------
Leu CTT   1   1   1   1   1   1 | Pro CCT   2   2   2   2   2   2 | His CAT   1   1   2   1   1   1 | Arg CGT   0   0   0   0   0   0
    CTC   2   2   2   2   2   2 |     CCC   1   2   1   2   1   1 |     CAC   1   1   0   1   1   1 |     CGC   1   1   1   1   1   1
    CTA   1   1   1   1   1   1 |     CCA   5   3   3   4   4   4 | Gln CAA   2   2   2   2   2   2 |     CGA   2   2   2   2   2   2
    CTG   0   0   0   0   0   0 |     CCG   0   1   2   0   1   1 |     CAG   3   3   3   3   3   3 |     CGG   3   3   3   3   3   3
--------------------------------------------------------------------------------------------------------------------------------------
Ile ATT   4   4   4   4   4   4 | Thr ACT   2   2   2   2   2   2 | Asn AAT   4   4   4   4   4   4 | Ser AGT   2   2   2   2   1   2
    ATC   2   2   2   2   2   2 |     ACC   1   1   2   1   1   1 |     AAC   2   2   2   2   2   2 |     AGC   2   2   1   2   3   2
    ATA   1   1   1   1   1   1 |     ACA   4   4   4   4   4   4 | Lys AAA   4   4   4   4   4   4 | Arg AGA   2   2   2   2   2   2
Met ATG   0   0   0   0   0   0 |     ACG   0   0   0   0   0   0 |     AAG   5   5   5   5   5   5 |     AGG   0   0   0   0   0   0
--------------------------------------------------------------------------------------------------------------------------------------
Val GTT   1   1   1   1   1   1 | Ala GCT   2   2   2   2   2   2 | Asp GAT   2   2   2   2   2   2 | Gly GGT   2   2   2   2   2   3
    GTC   1   1   1   1   1   1 |     GCC   1   1   1   1   1   1 |     GAC   3   3   3   3   3   3 |     GGC   3   2   3   3   3   2
    GTA   2   2   2   2   2   2 |     GCA   1   1   1   1   1   1 | Glu GAA   3   3   3   3   3   3 |     GGA   3   4   3   3   3   3
    GTG   3   3   3   3   3   3 |     GCG   0   0   0   0   0   0 |     GAG   2   2   2   2   2   2 |     GGG   0   0   0   0   0   0
--------------------------------------------------------------------------------------------------------------------------------------

--------------------------------------------------------------------------------------------------------------------------------------
Phe TTT   1   1   1   1   1   1 | Ser TCT   1   1   2   1   1   1 | Tyr TAT   0   0   0   0   0   0 | Cys TGT   1   1   1   1   1   1
    TTC   3   3   3   3   3   3 |     TCC   1   1   1   1   1   1 |     TAC   1   1   1   1   1   1 |     TGC   2   2   2   2   2   2
Leu TTA   1   1   1   1   1   1 |     TCA   2   2   1   2   2   2 | *** TAA   0   0   0   0   0   0 | *** TGA   0   0   0   0   0   0
    TTG   0   0   0   0   0   0 |     TCG   1   1   1   1   1   1 |     TAG   0   0   0   0   0   0 | Trp TGG   3   3   3   3   3   3
--------------------------------------------------------------------------------------------------------------------------------------
Leu CTT   1   1   1   1   1   1 | Pro CCT   2   2   2   2   1   2 | His CAT   1   1   1   1   2   1 | Arg CGT   0   0   0   0   0   0
    CTC   2   2   2   2   2   2 |     CCC   1   1   1   1   2   1 |     CAC   1   1   1   1   0   1 |     CGC   1   1   1   1   1   1
    CTA   1   1   1   1   1   1 |     CCA   4   4   4   4   4   5 | Gln CAA   2   2   2   2   2   2 |     CGA   2   2   2   2   2   2
    CTG   0   0   0   0   0   0 |     CCG   1   1   1   1   1   0 |     CAG   3   3   3   3   3   3 |     CGG   3   3   3   3   3   3
--------------------------------------------------------------------------------------------------------------------------------------
Ile ATT   4   4   4   4   4   3 | Thr ACT   2   2   2   2   2   2 | Asn AAT   4   4   4   4   4   4 | Ser AGT   2   1   2   2   2   2
    ATC   2   2   2   2   2   3 |     ACC   1   1   1   2   1   1 |     AAC   2   2   2   2   2   2 |     AGC   2   3   2   1   2   2
    ATA   1   1   1   1   1   1 |     ACA   4   4   4   4   4   4 | Lys AAA   4   4   4   4   4   4 | Arg AGA   2   2   2   2   2   2
Met ATG   0   0   0   0   0   0 |     ACG   0   0   0   0   0   0 |     AAG   5   5   5   5   5   5 |     AGG   0   0   0   0   0   0
--------------------------------------------------------------------------------------------------------------------------------------
Val GTT   1   1   1   1   1   1 | Ala GCT   2   2   2   2   2   2 | Asp GAT   2   2   2   3   2   2 | Gly GGT   2   2   2   2   2   2
    GTC   1   1   1   1   1   1 |     GCC   1   1   1   1   1   1 |     GAC   3   3   3   2   3   3 |     GGC   3   3   3   3   3   3
    GTA   2   2   3   2   2   2 |     GCA   1   1   0   1   1   1 | Glu GAA   3   3   3   3   3   3 |     GGA   3   3   3   3   3   3
    GTG   3   3   2   3   3   3 |     GCG   0   0   1   0   0   0 |     GAG   2   2   2   2   2   2 |     GGG   0   0   0   0   0   0
--------------------------------------------------------------------------------------------------------------------------------------

--------------------------------------------------------------------------------------------------------------------------------------
Phe TTT   1   1   1   1   1   1 | Ser TCT   1   1   1   1   1   1 | Tyr TAT   0   0   0   0   0   0 | Cys TGT   1   1   1   1   1   1
    TTC   3   3   3   3   3   3 |     TCC   1   1   1   1   1   1 |     TAC   1   1   1   1   1   1 |     TGC   2   2   2   2   2   2
Leu TTA   1   1   1   1   1   1 |     TCA   2   2   2   2   2   2 | *** TAA   0   0   0   0   0   0 | *** TGA   0   0   0   0   0   0
    TTG   0   0   0   0   0   0 |     TCG   1   1   1   1   1   1 |     TAG   0   0   0   0   0   0 | Trp TGG   3   3   3   3   3   3
--------------------------------------------------------------------------------------------------------------------------------------
Leu CTT   1   1   1   1   1   1 | Pro CCT   2   2   2   2   2   2 | His CAT   1   1   1   1   1   1 | Arg CGT   0   0   0   0   0   0
    CTC   2   2   2   2   2   2 |     CCC   1   1   1   1   1   1 |     CAC   1   1   1   1   1   1 |     CGC   1   1   1   1   1   1
    CTA   1   1   1   1   1   1 |     CCA   4   4   4   4   4   4 | Gln CAA   2   2   2   2   2   2 |     CGA   2   2   2   2   2   2
    CTG   0   0   0   0   0   0 |     CCG   1   1   1   1   1   1 |     CAG   3   3   3   3   3   3 |     CGG   3   3   3   3   3   3
--------------------------------------------------------------------------------------------------------------------------------------
Ile ATT   4   4   4   4   4   4 | Thr ACT   2   2   2   2   2   2 | Asn AAT   4   4   4   4   4   4 | Ser AGT   2   2   2   1   2   2
    ATC   2   2   2   2   2   2 |     ACC   1   1   1   1   1   1 |     AAC   2   2   2   2   2   2 |     AGC   2   2   2   3   2   2
    ATA   1   1   1   1   1   1 |     ACA   4   4   4   4   4   4 | Lys AAA   4   4   4   4   4   4 | Arg AGA   2   2   2   2   2   2
Met ATG   0   0   0   0   0   0 |     ACG   0   0   0   0   0   0 |     AAG   5   5   5   5   5   5 |     AGG   0   0   0   0   0   0
--------------------------------------------------------------------------------------------------------------------------------------
Val GTT   1   1   1   1   1   1 | Ala GCT   2   2   2   2   2   2 | Asp GAT   3   3   2   2   2   2 | Gly GGT   3   3   2   2   2   2
    GTC   1   1   1   1   1   1 |     GCC   1   1   1   1   1   1 |     GAC   2   2   3   3   3   3 |     GGC   2   2   3   3   3   3
    GTA   3   3   2   2   2   1 |     GCA   1   1   1   1   1   1 | Glu GAA   3   3   3   3   3   3 |     GGA   3   3   3   3   3   3
    GTG   2   2   3   3   3   4 |     GCG   0   0   0   0   0   0 |     GAG   2   2   2   2   2   2 |     GGG   0   0   0   0   0   0
--------------------------------------------------------------------------------------------------------------------------------------

--------------------------------------------------------------------------------------------------------------------------------------
Phe TTT   1   1   1   1   1   1 | Ser TCT   1   1   1   1   2   1 | Tyr TAT   0   0   0   0   0   0 | Cys TGT   1   1   1   1   1   1
    TTC   3   3   3   3   3   3 |     TCC   1   1   1   1   1   1 |     TAC   1   1   1   1   1   1 |     TGC   2   2   2   2   2   2
Leu TTA   1   1   1   1   1   1 |     TCA   2   2   2   2   1   2 | *** TAA   0   0   0   0   0   0 | *** TGA   0   0   0   0   0   0
    TTG   0   0   0   0   0   0 |     TCG   1   1   1   1   1   1 |     TAG   0   0   0   0   0   0 | Trp TGG   3   3   3   3   3   3
--------------------------------------------------------------------------------------------------------------------------------------
Leu CTT   1   1   1   1   1   1 | Pro CCT   2   2   2   2   2   2 | His CAT   1   2   1   1   1   1 | Arg CGT   0   0   0   0   0   0
    CTC   2   2   2   2   2   2 |     CCC   1   1   1   1   1   1 |     CAC   1   0   1   1   1   1 |     CGC   1   1   1   1   1   1
    CTA   1   1   1   1   1   1 |     CCA   5   4   4   5   4   4 | Gln CAA   2   2   2   2   2   2 |     CGA   2   2   2   2   2   2
    CTG   0   0   0   0   0   0 |     CCG   0   1   1   0   1   1 |     CAG   3   3   3   3   3   3 |     CGG   3   3   3   3   3   3
--------------------------------------------------------------------------------------------------------------------------------------
Ile ATT   4   4   4   4   4   4 | Thr ACT   2   2   2   2   2   2 | Asn AAT   4   4   4   4   4   4 | Ser AGT   2   2   2   2   2   1
    ATC   2   2   2   2   2   2 |     ACC   1   1   1   1   1   1 |     AAC   2   2   2   2   2   2 |     AGC   2   2   2   2   2   3
    ATA   1   1   1   1   1   1 |     ACA   4   4   4   4   4   4 | Lys AAA   4   4   4   4   4   4 | Arg AGA   2   2   2   2   2   2
Met ATG   0   0   0   0   0   0 |     ACG   0   0   0   0   0   0 |     AAG   5   5   5   5   5   5 |     AGG   0   0   0   0   0   0
--------------------------------------------------------------------------------------------------------------------------------------
Val GTT   1   1   1   1   1   1 | Ala GCT   2   2   2   2   2   2 | Asp GAT   2   2   2   2   2   2 | Gly GGT   3   2   2   2   2   2
    GTC   1   1   1   1   1   1 |     GCC   1   1   1   1   1   1 |     GAC   3   3   3   3   3   3 |     GGC   2   3   3   3   3   3
    GTA   2   2   2   2   2   2 |     GCA   1   1   1   1   0   1 | Glu GAA   3   3   3   3   3   3 |     GGA   3   3   3   3   3   3
    GTG   3   3   3   3   3   3 |     GCG   0   0   0   0   1   0 |     GAG   2   2   2   2   2   2 |     GGG   0   0   0   0   0   0
--------------------------------------------------------------------------------------------------------------------------------------

--------------------------------------------------------------------------------------------------------------------------------------
Phe TTT   1   1   1   1   1   1 | Ser TCT   1   1   1   1   1   2 | Tyr TAT   0   0   0   0   0   0 | Cys TGT   1   1   1   1   1   1
    TTC   3   3   3   3   3   3 |     TCC   1   1   1   1   1   1 |     TAC   1   1   1   1   1   1 |     TGC   2   2   2   2   2   2
Leu TTA   1   1   1   1   1   1 |     TCA   2   2   2   2   2   1 | *** TAA   0   0   0   0   0   0 | *** TGA   0   0   0   0   0   0
    TTG   0   0   0   0   0   0 |     TCG   1   1   1   1   1   1 |     TAG   0   0   0   0   0   0 | Trp TGG   3   3   3   3   3   3
--------------------------------------------------------------------------------------------------------------------------------------
Leu CTT   1   1   1   1   1   1 | Pro CCT   2   2   2   2   2   2 | His CAT   1   1   1   1   2   1 | Arg CGT   0   0   0   0   0   0
    CTC   2   2   2   2   2   2 |     CCC   1   1   1   1   1   1 |     CAC   1   1   1   1   0   1 |     CGC   1   1   1   1   1   1
    CTA   1   1   1   1   1   1 |     CCA   5   4   4   4   4   4 | Gln CAA   2   2   2   2   2   2 |     CGA   2   2   2   2   2   2
    CTG   0   0   0   0   0   0 |     CCG   0   1   1   1   1   1 |     CAG   3   3   3   3   3   3 |     CGG   3   3   3   3   3   3
--------------------------------------------------------------------------------------------------------------------------------------
Ile ATT   4   4   4   4   4   4 | Thr ACT   2   2   2   2   3   2 | Asn AAT   4   4   4   4   3   4 | Ser AGT   2   1   2   2   2   2
    ATC   2   2   2   2   1   2 |     ACC   1   1   1   2   1   1 |     AAC   2   2   2   2   3   2 |     AGC   2   3   2   1   2   2
    ATA   1   1   1   1   2   1 |     ACA   4   4   4   4   4   4 | Lys AAA   4   4   4   4   4   4 | Arg AGA   2   2   2   2   2   2
Met ATG   0   0   0   0   0   0 |     ACG   0   0   0   0   0   0 |     AAG   5   5   5   5   5   5 |     AGG   0   0   0   0   0   0
--------------------------------------------------------------------------------------------------------------------------------------
Val GTT   1   1   1   1   1   1 | Ala GCT   2   2   2   2   1   2 | Asp GAT   2   2   2   2   2   2 | Gly GGT   2   2   3   2   3   2
    GTC   1   1   1   1   1   1 |     GCC   1   1   1   1   1   1 |     GAC   3   3   3   3   3   3 |     GGC   3   3   2   3   2   3
    GTA   2   2   2   2   3   2 |     GCA   1   1   1   1   1   0 | Glu GAA   3   3   3   3   3   3 |     GGA   3   3   3   3   3   3
    GTG   3   3   3   3   2   3 |     GCG   0   0   0   0   0   1 |     GAG   2   2   2   2   2   2 |     GGG   0   0   0   0   0   0
--------------------------------------------------------------------------------------------------------------------------------------

--------------------------------------------------------------------------------------------------------------------------------------
Phe TTT   1   1   1   1   1   1 | Ser TCT   2   1   1   1   1   1 | Tyr TAT   0   0   0   0   0   0 | Cys TGT   1   1   1   1   1   1
    TTC   3   3   3   3   3   3 |     TCC   1   1   1   1   1   1 |     TAC   1   1   1   1   1   1 |     TGC   2   2   2   2   2   2
Leu TTA   1   1   1   1   1   1 |     TCA   1   2   2   3   2   2 | *** TAA   0   0   0   0   0   0 | *** TGA   0   0   0   0   0   0
    TTG   0   0   0   0   0   0 |     TCG   1   1   1   0   1   1 |     TAG   0   0   0   0   0   0 | Trp TGG   3   3   3   3   3   3
--------------------------------------------------------------------------------------------------------------------------------------
Leu CTT   1   1   1   1   1   1 | Pro CCT   2   2   2   2   2   2 | His CAT   1   1   1   1   1   2 | Arg CGT   0   0   0   0   0   0
    CTC   2   2   2   2   2   2 |     CCC   1   1   1   1   1   1 |     CAC   1   1   1   1   1   0 |     CGC   1   1   1   1   1   1
    CTA   1   1   1   1   1   1 |     CCA   5   4   4   5   4   4 | Gln CAA   2   2   3   2   2   2 |     CGA   2   2   2   2   2   2
    CTG   0   0   0   0   0   0 |     CCG   0   1   1   0   1   1 |     CAG   3   3   2   3   3   3 |     CGG   3   3   3   3   3   3
--------------------------------------------------------------------------------------------------------------------------------------
Ile ATT   4   4   4   4   4   3 | Thr ACT   2   2   2   2   2   2 | Asn AAT   4   4   4   4   4   4 | Ser AGT   2   1   2   2   2   2
    ATC   2   2   2   2   2   3 |     ACC   1   1   1   1   1   1 |     AAC   2   2   2   2   2   2 |     AGC   2   3   2   2   2   2
    ATA   1   1   1   1   1   1 |     ACA   4   4   4   4   4   4 | Lys AAA   4   4   4   4   4   4 | Arg AGA   2   2   2   2   2   2
Met ATG   0   0   0   0   0   0 |     ACG   0   0   0   0   0   0 |     AAG   5   5   5   5   5   5 |     AGG   0   0   0   0   0   0
--------------------------------------------------------------------------------------------------------------------------------------
Val GTT   1   1   1   1   1   1 | Ala GCT   2   2   2   2   2   2 | Asp GAT   2   2   2   2   2   2 | Gly GGT   2   2   2   2   2   1
    GTC   1   1   1   1   1   1 |     GCC   1   1   1   1   1   1 |     GAC   3   3   3   3   3   3 |     GGC   3   3   3   3   3   4
    GTA   2   2   2   2   2   2 |     GCA   0   1   1   1   1   1 | Glu GAA   3   3   3   3   3   3 |     GGA   3   3   3   3   3   3
    GTG   3   3   3   3   3   3 |     GCG   1   0   0   0   0   0 |     GAG   2   2   2   2   2   2 |     GGG   0   0   0   0   0   0
--------------------------------------------------------------------------------------------------------------------------------------

--------------------------------------------------------------------------------------------------------------------------------------
Phe TTT   1   1   1   1   1   2 | Ser TCT   1   1   1   1   1   1 | Tyr TAT   0   0   0   0   0   0 | Cys TGT   1   1   1   1   1   1
    TTC   3   3   3   3   3   2 |     TCC   1   1   1   1   1   1 |     TAC   1   1   1   1   1   1 |     TGC   2   2   2   2   2   2
Leu TTA   1   1   1   1   1   1 |     TCA   2   2   2   2   2   2 | *** TAA   0   0   0   0   0   0 | *** TGA   0   0   0   0   0   0
    TTG   0   0   0   0   0   0 |     TCG   1   1   1   1   1   1 |     TAG   0   0   0   0   0   0 | Trp TGG   3   3   3   3   3   3
--------------------------------------------------------------------------------------------------------------------------------------
Leu CTT   1   1   1   1   1   1 | Pro CCT   2   2   2   2   2   2 | His CAT   1   1   2   2   1   1 | Arg CGT   0   0   0   0   0   0
    CTC   2   2   2   2   2   2 |     CCC   1   1   1   1   1   1 |     CAC   1   1   0   0   1   1 |     CGC   1   1   1   1   1   1
    CTA   1   1   1   1   1   1 |     CCA   4   5   4   4   4   4 | Gln CAA   2   2   2   2   2   2 |     CGA   2   2   2   2   2   2
    CTG   0   0   0   0   0   0 |     CCG   1   0   1   1   1   1 |     CAG   3   3   3   3   3   3 |     CGG   3   3   3   3   3   3
--------------------------------------------------------------------------------------------------------------------------------------
Ile ATT   4   4   4   4   4   4 | Thr ACT   2   2   2   2   2   2 | Asn AAT   4   4   4   4   4   4 | Ser AGT   2   2   2   2   1   2
    ATC   2   2   2   2   2   2 |     ACC   1   1   1   1   1   1 |     AAC   2   2   2   2   2   2 |     AGC   2   2   2   2   3   2
    ATA   1   1   1   1   1   1 |     ACA   4   4   4   4   4   4 | Lys AAA   4   4   4   4   4   4 | Arg AGA   2   2   2   2   2   2
Met ATG   0   0   0   0   0   0 |     ACG   0   0   0   0   0   0 |     AAG   5   5   5   5   5   5 |     AGG   0   0   0   0   0   0
--------------------------------------------------------------------------------------------------------------------------------------
Val GTT   1   1   1   1   1   1 | Ala GCT   2   2   2   2   2   2 | Asp GAT   2   2   2   2   2   2 | Gly GGT   3   2   3   2   2   2
    GTC   1   1   1   1   1   1 |     GCC   1   1   1   1   1   1 |     GAC   3   3   3   3   3   3 |     GGC   2   3   2   3   3   3
    GTA   2   2   2   2   2   2 |     GCA   1   1   1   1   1   0 | Glu GAA   3   3   3   3   3   3 |     GGA   3   3   3   3   3   3
    GTG   3   3   3   3   3   3 |     GCG   0   0   0   0   0   1 |     GAG   2   2   2   2   2   2 |     GGG   0   0   0   0   0   0
--------------------------------------------------------------------------------------------------------------------------------------

--------------------------------------------------------------------------------------------------------------------------------------
Phe TTT   1   2   2   1   1   1 | Ser TCT   1   1   1   1   1   1 | Tyr TAT   0   0   0   0   0   0 | Cys TGT   1   1   1   1   1   1
    TTC   3   2   2   3   3   3 |     TCC   1   1   1   1   1   1 |     TAC   1   1   1   1   1   1 |     TGC   1   2   2   2   2   2
Leu TTA   1   1   1   1   1   1 |     TCA   2   2   2   2   2   2 | *** TAA   0   0   0   0   0   0 | *** TGA   0   0   0   0   0   0
    TTG   0   0   0   0   0   0 |     TCG   1   1   1   1   1   1 |     TAG   0   0   0   0   0   0 | Trp TGG   3   3   3   3   3   3
--------------------------------------------------------------------------------------------------------------------------------------
Leu CTT   1   1   2   1   1   1 | Pro CCT   2   2   2   2   2   2 | His CAT   2   2   1   1   1   1 | Arg CGT   1   0   0   0   0   0
    CTC   2   2   1   2   2   2 |     CCC   1   1   1   1   1   1 |     CAC   0   0   1   1   1   1 |     CGC   1   1   1   1   1   1
    CTA   1   1   1   1   1   1 |     CCA   4   5   4   4   4   4 | Gln CAA   3   2   2   2   2   2 |     CGA   2   3   2   3   2   2
    CTG   0   0   0   0   0   0 |     CCG   1   0   1   1   1   1 |     CAG   3   3   3   3   3   3 |     CGG   2   2   3   1   3   3
--------------------------------------------------------------------------------------------------------------------------------------
Ile ATT   4   5   4   4   4   4 | Thr ACT   2   2   2   1   2   2 | Asn AAT   3   4   4   4   4   4 | Ser AGT   2   2   2   2   1   1
    ATC   2   1   2   2   2   2 |     ACC   1   1   1   1   1   1 |     AAC   3   2   2   2   2   2 |     AGC   2   2   2   2   3   3
    ATA   1   1   1   1   1   1 |     ACA   4   4   4   4   4   4 | Lys AAA   4   4   4   4   4   4 | Arg AGA   2   2   2   2   2   2
Met ATG   0   0   0   0   0   0 |     ACG   0   0   0   1   0   0 |     AAG   5   5   5   5   5   5 |     AGG   0   0   0   1   0   0
--------------------------------------------------------------------------------------------------------------------------------------
Val GTT   1   1   1   1   1   1 | Ala GCT   2   2   2   2   2   2 | Asp GAT   2   2   2   2   2   2 | Gly GGT   2   2   2   2   2   2
    GTC   2   1   1   1   1   1 |     GCC   0   1   1   1   1   1 |     GAC   3   3   3   3   3   3 |     GGC   3   3   3   3   3   3
    GTA   2   2   2   2   2   2 |     GCA   1   1   1   1   1   1 | Glu GAA   3   3   3   3   3   3 |     GGA   3   3   3   3   3   3
    GTG   3   3   3   3   3   3 |     GCG   0   0   0   0   0   0 |     GAG   2   2   2   2   2   2 |     GGG   0   0   0   0   0   0
--------------------------------------------------------------------------------------------------------------------------------------

Codon position x base (3x4) table for each sequence.

#1: Argali         
position  1:    T:0.16038    C:0.23585    A:0.33019    G:0.27358
position  2:    T:0.21698    C:0.22642    A:0.31132    G:0.24528
position  3:    T:0.24528    C:0.25472    A:0.30189    G:0.19811
Average         T:0.20755    C:0.23899    A:0.31447    G:0.23899

#2: LesserMouseDeer
position  1:    T:0.16038    C:0.23585    A:0.33962    G:0.26415
position  2:    T:0.21698    C:0.22642    A:0.31132    G:0.24528
position  3:    T:0.09434    C:0.39623    A:0.18868    G:0.32075
Average         T:0.15723    C:0.28616    A:0.27987    G:0.27673

#3: LesserKudu     
position  1:    T:0.16038    C:0.23585    A:0.33019    G:0.27358
position  2:    T:0.21698    C:0.22642    A:0.31132    G:0.24528
position  3:    T:0.23585    C:0.26415    A:0.30189    G:0.19811
Average         T:0.20440    C:0.24214    A:0.31447    G:0.23899

#4: ForestMuskDeer2
position  1:    T:0.17925    C:0.21698    A:0.34906    G:0.25472
position  2:    T:0.21698    C:0.22642    A:0.31132    G:0.24528
position  3:    T:0.22642    C:0.25472    A:0.33019    G:0.18868
Average         T:0.20755    C:0.23270    A:0.33019    G:0.22956

#5: Camel          
position  1:    T:0.15094    C:0.24528    A:0.33019    G:0.27358
position  2:    T:0.21698    C:0.22642    A:0.32075    G:0.23585
position  3:    T:0.23585    C:0.23585    A:0.33019    G:0.19811
Average         T:0.20126    C:0.23585    A:0.32704    G:0.23585

#6: KillerWhale    
position  1:    T:0.16981    C:0.23585    A:0.33019    G:0.26415
position  2:    T:0.21698    C:0.22642    A:0.32075    G:0.23585
position  3:    T:0.24528    C:0.23585    A:0.30189    G:0.21698
Average         T:0.21069    C:0.23270    A:0.31761    G:0.23899

#7: DefassaWaterbuck
position  1:    T:0.16038    C:0.23585    A:0.33019    G:0.27358
position  2:    T:0.21698    C:0.22642    A:0.31132    G:0.24528
position  3:    T:0.24528    C:0.25472    A:0.32075    G:0.17925
Average         T:0.20755    C:0.23899    A:0.32075    G:0.23270

#8: Sheep          
position  1:    T:0.16038    C:0.23585    A:0.33019    G:0.27358
position  2:    T:0.21698    C:0.22642    A:0.31132    G:0.24528
position  3:    T:0.24528    C:0.25472    A:0.30189    G:0.19811
Average         T:0.20755    C:0.23899    A:0.31447    G:0.23899

#9: MaxwellsDuiker 
position  1:    T:0.16038    C:0.23585    A:0.33019    G:0.27358
position  2:    T:0.21698    C:0.23585    A:0.31132    G:0.23585
position  3:    T:0.25472    C:0.24528    A:0.29245    G:0.20755
Average         T:0.21069    C:0.23899    A:0.31132    G:0.23899

#10: GazellaPrzewalskyi
position  1:    T:0.16038    C:0.23585    A:0.33019    G:0.27358
position  2:    T:0.21698    C:0.22642    A:0.31132    G:0.24528
position  3:    T:0.24528    C:0.26415    A:0.30189    G:0.18868
Average         T:0.20755    C:0.24214    A:0.31447    G:0.23585

#11: MountainNyala  
position  1:    T:0.16038    C:0.23585    A:0.33019    G:0.27358
position  2:    T:0.21698    C:0.22642    A:0.31132    G:0.24528
position  3:    T:0.23585    C:0.26415    A:0.30189    G:0.19811
Average         T:0.20440    C:0.24214    A:0.31447    G:0.23899

#12: MuntiacusMuntjak
position  1:    T:0.16038    C:0.23585    A:0.33019    G:0.27358
position  2:    T:0.21698    C:0.22642    A:0.31132    G:0.24528
position  3:    T:0.25472    C:0.24528    A:0.30189    G:0.19811
Average         T:0.21069    C:0.23585    A:0.31447    G:0.23899

#13: goat           
position  1:    T:0.16038    C:0.23585    A:0.33019    G:0.27358
position  2:    T:0.21698    C:0.22642    A:0.31132    G:0.24528
position  3:    T:0.24528    C:0.25472    A:0.30189    G:0.19811
Average         T:0.20755    C:0.23899    A:0.31447    G:0.23899

#14: AfricanBuffalo 
position  1:    T:0.16038    C:0.23585    A:0.33019    G:0.27358
position  2:    T:0.21698    C:0.22642    A:0.31132    G:0.24528
position  3:    T:0.23585    C:0.26415    A:0.30189    G:0.19811
Average         T:0.20440    C:0.24214    A:0.31447    G:0.23899

#15: Topi           
position  1:    T:0.16038    C:0.23585    A:0.33019    G:0.27358
position  2:    T:0.21698    C:0.22642    A:0.31132    G:0.24528
position  3:    T:0.25472    C:0.25472    A:0.29245    G:0.19811
Average         T:0.21069    C:0.23899    A:0.31132    G:0.23899

#16: CommonDuiker   
position  1:    T:0.16038    C:0.23585    A:0.33019    G:0.27358
position  2:    T:0.21698    C:0.23585    A:0.31132    G:0.23585
position  3:    T:0.25472    C:0.24528    A:0.30189    G:0.19811
Average         T:0.21069    C:0.23899    A:0.31447    G:0.23585

#17: Suni           
position  1:    T:0.16038    C:0.23585    A:0.33019    G:0.27358
position  2:    T:0.21698    C:0.22642    A:0.31132    G:0.24528
position  3:    T:0.24528    C:0.25472    A:0.30189    G:0.19811
Average         T:0.20755    C:0.23899    A:0.31447    G:0.23899

#18: Springbuck     
position  1:    T:0.16038    C:0.23585    A:0.33019    G:0.27358
position  2:    T:0.21698    C:0.22642    A:0.31132    G:0.24528
position  3:    T:0.23585    C:0.26415    A:0.31132    G:0.18868
Average         T:0.20440    C:0.24214    A:0.31761    G:0.23585

#19: Okapi          
position  1:    T:0.16038    C:0.23585    A:0.33019    G:0.27358
position  2:    T:0.21698    C:0.22642    A:0.31132    G:0.24528
position  3:    T:0.26415    C:0.23585    A:0.31132    G:0.18868
Average         T:0.21384    C:0.23270    A:0.31761    G:0.23585

#20: Giraffe        
position  1:    T:0.16038    C:0.23585    A:0.33019    G:0.27358
position  2:    T:0.21698    C:0.22642    A:0.31132    G:0.24528
position  3:    T:0.26415    C:0.23585    A:0.31132    G:0.18868
Average         T:0.21384    C:0.23270    A:0.31761    G:0.23585

#21: TibetanAntelope
position  1:    T:0.16038    C:0.23585    A:0.33019    G:0.27358
position  2:    T:0.21698    C:0.22642    A:0.31132    G:0.24528
position  3:    T:0.24528    C:0.25472    A:0.30189    G:0.19811
Average         T:0.20755    C:0.23899    A:0.31447    G:0.23899

#22: Sitatunga      
position  1:    T:0.16038    C:0.23585    A:0.33019    G:0.27358
position  2:    T:0.21698    C:0.22642    A:0.31132    G:0.24528
position  3:    T:0.23585    C:0.26415    A:0.30189    G:0.19811
Average         T:0.20440    C:0.24214    A:0.31447    G:0.23899

#23: Oribi          
position  1:    T:0.16038    C:0.23585    A:0.33019    G:0.27358
position  2:    T:0.21698    C:0.22642    A:0.31132    G:0.24528
position  3:    T:0.24528    C:0.25472    A:0.30189    G:0.19811
Average         T:0.20755    C:0.23899    A:0.31447    G:0.23899

#24: BarbarySheep   
position  1:    T:0.16038    C:0.23585    A:0.33019    G:0.27358
position  2:    T:0.21698    C:0.22642    A:0.31132    G:0.24528
position  3:    T:0.24528    C:0.25472    A:0.29245    G:0.20755
Average         T:0.20755    C:0.23899    A:0.31132    G:0.24214

#25: Daviddeer      
position  1:    T:0.16038    C:0.23585    A:0.33019    G:0.27358
position  2:    T:0.21698    C:0.22642    A:0.31132    G:0.24528
position  3:    T:0.25472    C:0.24528    A:0.31132    G:0.18868
Average         T:0.21069    C:0.23585    A:0.31761    G:0.23585

#26: Reindeer       
position  1:    T:0.16038    C:0.23585    A:0.33019    G:0.27358
position  2:    T:0.21698    C:0.22642    A:0.31132    G:0.24528
position  3:    T:0.25472    C:0.24528    A:0.30189    G:0.19811
Average         T:0.21069    C:0.23585    A:0.31447    G:0.23899

#27: Ibex           
position  1:    T:0.16038    C:0.23585    A:0.33019    G:0.27358
position  2:    T:0.21698    C:0.22642    A:0.31132    G:0.24528
position  3:    T:0.24528    C:0.25472    A:0.30189    G:0.19811
Average         T:0.20755    C:0.23899    A:0.31447    G:0.23899

#28: GyrantGazelle  
position  1:    T:0.16038    C:0.23585    A:0.33019    G:0.27358
position  2:    T:0.21698    C:0.22642    A:0.31132    G:0.24528
position  3:    T:0.24528    C:0.25472    A:0.31132    G:0.18868
Average         T:0.20755    C:0.23899    A:0.31761    G:0.23585

#29: Hartebeest     
position  1:    T:0.16038    C:0.23585    A:0.33019    G:0.27358
position  2:    T:0.21698    C:0.22642    A:0.31132    G:0.24528
position  3:    T:0.25472    C:0.25472    A:0.28302    G:0.20755
Average         T:0.21069    C:0.23899    A:0.30818    G:0.24214

#30: Bongo          
position  1:    T:0.16038    C:0.23585    A:0.33019    G:0.27358
position  2:    T:0.21698    C:0.22642    A:0.31132    G:0.24528
position  3:    T:0.23585    C:0.26415    A:0.30189    G:0.19811
Average         T:0.20440    C:0.24214    A:0.31447    G:0.23899

#31: Gerenuk        
position  1:    T:0.16038    C:0.23585    A:0.33019    G:0.27358
position  2:    T:0.21698    C:0.22642    A:0.31132    G:0.24528
position  3:    T:0.24528    C:0.25472    A:0.31132    G:0.18868
Average         T:0.20755    C:0.23899    A:0.31761    G:0.23585

#32: CommonEland    
position  1:    T:0.16038    C:0.23585    A:0.33019    G:0.27358
position  2:    T:0.21698    C:0.22642    A:0.31132    G:0.24528
position  3:    T:0.23585    C:0.26415    A:0.30189    G:0.19811
Average         T:0.20440    C:0.24214    A:0.31447    G:0.23899

#33: MuntiacusReevesi
position  1:    T:0.16038    C:0.23585    A:0.33019    G:0.27358
position  2:    T:0.21698    C:0.22642    A:0.31132    G:0.24528
position  3:    T:0.25472    C:0.24528    A:0.30189    G:0.19811
Average         T:0.21069    C:0.23585    A:0.31447    G:0.23899

#34: HarveysDuiker  
position  1:    T:0.16038    C:0.23585    A:0.33019    G:0.27358
position  2:    T:0.21698    C:0.23585    A:0.31132    G:0.23585
position  3:    T:0.24528    C:0.25472    A:0.30189    G:0.19811
Average         T:0.20755    C:0.24214    A:0.31447    G:0.23585

#35: Pronghorn      
position  1:    T:0.16038    C:0.23585    A:0.33962    G:0.26415
position  2:    T:0.21698    C:0.22642    A:0.31132    G:0.24528
position  3:    T:0.25472    C:0.23585    A:0.32075    G:0.18868
Average         T:0.21069    C:0.23270    A:0.32390    G:0.23270

#36: BlueWildebeest 
position  1:    T:0.16038    C:0.23585    A:0.33019    G:0.27358
position  2:    T:0.21698    C:0.22642    A:0.31132    G:0.24528
position  3:    T:0.25472    C:0.25472    A:0.28302    G:0.20755
Average         T:0.21069    C:0.23899    A:0.30818    G:0.24214

#37: Gemsbok        
position  1:    T:0.16038    C:0.23585    A:0.33019    G:0.27358
position  2:    T:0.21698    C:0.22642    A:0.31132    G:0.24528
position  3:    T:0.25472    C:0.25472    A:0.29245    G:0.19811
Average         T:0.21069    C:0.23899    A:0.31132    G:0.23899

#38: Yak            
position  1:    T:0.16038    C:0.23585    A:0.33019    G:0.27358
position  2:    T:0.21698    C:0.22642    A:0.31132    G:0.24528
position  3:    T:0.23585    C:0.26415    A:0.30189    G:0.19811
Average         T:0.20440    C:0.24214    A:0.31447    G:0.23899

#39: BlueSheep      
position  1:    T:0.16038    C:0.23585    A:0.33019    G:0.27358
position  2:    T:0.21698    C:0.22642    A:0.31132    G:0.24528
position  3:    T:0.24528    C:0.25472    A:0.31132    G:0.18868
Average         T:0.20755    C:0.23899    A:0.31761    G:0.23585

#40: BohorReedbuck  
position  1:    T:0.16038    C:0.23585    A:0.33019    G:0.27358
position  2:    T:0.21698    C:0.22642    A:0.31132    G:0.24528
position  3:    T:0.24528    C:0.25472    A:0.32075    G:0.17925
Average         T:0.20755    C:0.23899    A:0.32075    G:0.23270

#41: KirksDik       
position  1:    T:0.16038    C:0.23585    A:0.33019    G:0.27358
position  2:    T:0.21698    C:0.22642    A:0.31132    G:0.24528
position  3:    T:0.24528    C:0.25472    A:0.30189    G:0.19811
Average         T:0.20755    C:0.23899    A:0.31447    G:0.23899

#42: RoeDeer        
position  1:    T:0.16038    C:0.23585    A:0.33019    G:0.27358
position  2:    T:0.21698    C:0.22642    A:0.31132    G:0.24528
position  3:    T:0.23585    C:0.26415    A:0.30189    G:0.19811
Average         T:0.20440    C:0.24214    A:0.31447    G:0.23899

#43: WhiteLippedDeer
position  1:    T:0.16038    C:0.23585    A:0.33019    G:0.27358
position  2:    T:0.21698    C:0.22642    A:0.31132    G:0.24528
position  3:    T:0.25472    C:0.24528    A:0.30189    G:0.19811
Average         T:0.21069    C:0.23585    A:0.31447    G:0.23899

#44: ThomsonGazelle 
position  1:    T:0.16038    C:0.23585    A:0.33019    G:0.27358
position  2:    T:0.21698    C:0.22642    A:0.31132    G:0.24528
position  3:    T:0.24528    C:0.25472    A:0.31132    G:0.18868
Average         T:0.20755    C:0.23899    A:0.31761    G:0.23585

#45: MuntiacusCrinifrons
position  1:    T:0.16038    C:0.23585    A:0.33019    G:0.27358
position  2:    T:0.21698    C:0.22642    A:0.31132    G:0.24528
position  3:    T:0.26415    C:0.23585    A:0.30189    G:0.19811
Average         T:0.21384    C:0.23270    A:0.31447    G:0.23899

#46: WhiteTailedDeer
position  1:    T:0.16038    C:0.23585    A:0.33019    G:0.27358
position  2:    T:0.21698    C:0.22642    A:0.31132    G:0.24528
position  3:    T:0.25472    C:0.24528    A:0.30189    G:0.19811
Average         T:0.21069    C:0.23585    A:0.31447    G:0.23899

#47: Cattle         
position  1:    T:0.16038    C:0.23585    A:0.33019    G:0.27358
position  2:    T:0.21698    C:0.22642    A:0.31132    G:0.24528
position  3:    T:0.23585    C:0.26415    A:0.30189    G:0.19811
Average         T:0.20440    C:0.24214    A:0.31447    G:0.23899

#48: RoyalAntelope  
position  1:    T:0.16038    C:0.23585    A:0.33019    G:0.27358
position  2:    T:0.21698    C:0.22642    A:0.31132    G:0.24528
position  3:    T:0.25472    C:0.24528    A:0.29245    G:0.20755
Average         T:0.21069    C:0.23585    A:0.31132    G:0.24214

#49: Steenbok       
position  1:    T:0.15094    C:0.24528    A:0.33019    G:0.27358
position  2:    T:0.22642    C:0.21698    A:0.32075    G:0.23585
position  3:    T:0.25472    C:0.24528    A:0.31132    G:0.18868
Average         T:0.21069    C:0.23585    A:0.32075    G:0.23270

#50: Impala         
position  1:    T:0.16038    C:0.23585    A:0.33019    G:0.27358
position  2:    T:0.21698    C:0.22642    A:0.31132    G:0.24528
position  3:    T:0.27358    C:0.22642    A:0.32075    G:0.17925
Average         T:0.21698    C:0.22956    A:0.32075    G:0.23270

#51: Klipspringer   
position  1:    T:0.16038    C:0.23585    A:0.33019    G:0.27358
position  2:    T:0.21698    C:0.22642    A:0.31132    G:0.24528
