1
52 1
Argali 0.000000 0.359100 0.127100 0.325900 0.073700 0.007200 0.110600 0.087500 0.117700 0.183400 0.036500 0.124000 0.070800 0.112800 0.111400 0.089900 0.152200 0.151200 0.050300 0.123000 0.090600 0.032100 0.169100 0.170000 0.032100 0.091500 0.063100 0.119200 0.100400 0.122300 0.181400 0.110900 0.182500 0.063000 0.081100 0.148000 0.027700 0.093900 0.097100 0.174000 0.156800 0.097100 0.176500 0.173000 0.138100 0.100100 0.095700 0.124400 0.088300 0.163700 0.122100 0.120400
LesserMous 0.359100 0.000000 0.342600 0.365200 0.332300 0.355800 0.369800 0.356300 0.342100 0.380300 0.350400 0.342100 0.349200 0.365600 0.371400 0.368800 0.312500 0.318800 0.349500 0.344900 0.346400 0.340500 0.382900 0.346400 0.353600 0.350600 0.349800 0.347700 0.359500 0.342700 0.370500 0.362000 0.317900 0.340500 0.344600 0.349100 0.342700 0.350000 0.353900 0.357900 0.376200 0.356200 0.374000 0.358100 0.345600 0.357000 0.349800 0.388300 0.356700 0.378400 0.342500 0.344600
LesserKudu 0.127100 0.342600 0.000000 0.302300 0.105100 0.122400 0.130100 0.114300 0.023700 0.168600 0.112300 0.090000 0.113700 0.140600 0.134000 0.121600 0.151700 0.145500 0.121000 0.028200 0.122400 0.114200 0.163800 0.162500 0.112500 0.120100 0.105600 0.025100 0.129000 0.028100 0.156000 0.135600 0.182600 0.102200 0.124200 0.103900 0.109300 0.111200 0.124500 0.166500 0.160100 0.125500 0.158200 0.161900 0.097700 0.128900 0.116200 0.142800 0.123200 0.152700 0.037100 0.029500
KillerWhal 0.325900 0.365200 0.302300 0.000000 0.313900 0.326100 0.319400 0.303500 0.303800 0.352600 0.304700 0.298000 0.304200 0.309700 0.323900 0.303200 0.285200 0.278400 0.301700 0.312500 0.305700 0.317700 0.321600 0.320800 0.313400 0.315800 0.294500 0.311200 0.309200 0.298800 0.328700 0.324300 0.306900 0.292200 0.307900 0.296200 0.309500 0.324400 0.322400 0.325700 0.326400 0.321100 0.331400 0.323500 0.288700 0.338400 0.314800 0.349500 0.321500 0.317100 0.306700 0.310300
DefassaWat 0.073700 0.332300 0.105100 0.313900 0.000000 0.069100 0.095300 0.069400 0.092600 0.170200 0.061300 0.100400 0.063600 0.094400 0.092900 0.076600 0.139900 0.140700 0.066200 0.097700 0.067700 0.066100 0.167500 0.160900 0.063000 0.073400 0.055900 0.097300 0.082400 0.097100 0.164600 0.092400 0.177400 0.052800 0.066200 0.124100 0.058300 0.026500 0.071000 0.164900 0.151200 0.079000 0.159800 0.163900 0.114500 0.083300 0.066500 0.103700 0.079700 0.156700 0.090500 0.092100
Sheep 0.007200 0.355800 0.122400 0.326100 0.069100 0.000000 0.105800 0.082900 0.112900 0.181800 0.032100 0.119200 0.066200 0.111300 0.106600 0.085300 0.150700 0.149800 0.045800 0.118200 0.085900 0.027700 0.171500 0.164900 0.027700 0.086900 0.058500 0.114400 0.095800 0.117500 0.179900 0.106100 0.175600 0.058500 0.076500 0.143100 0.023300 0.089300 0.092500 0.172400 0.155300 0.095600 0.174900 0.167900 0.133300 0.098600 0.091100 0.119500 0.086800 0.162100 0.117300 0.115700
MaxwellsDu 0.110600 0.369800 0.130100 0.319400 0.095300 0.105800 0.000000 0.104500 0.117200 0.190900 0.100900 0.128600 0.097200 0.059600 0.117400 0.115000 0.164200 0.165000 0.101300 0.122600 0.106000 0.096200 0.183800 0.173700 0.099400 0.108400 0.092500 0.122000 0.125800 0.121800 0.185200 0.057200 0.200100 0.092400 0.107700 0.140900 0.094700 0.111100 0.107700 0.174000 0.167400 0.120500 0.183900 0.176700 0.131100 0.117400 0.111300 0.113200 0.100300 0.173900 0.120000 0.120000
GazellaPrz 0.087500 0.356300 0.114300 0.303500 0.069400 0.082900 0.104500 0.000000 0.101700 0.178700 0.079600 0.104700 0.064800 0.103500 0.087600 0.057500 0.146000 0.143400 0.081500 0.105200 0.051800 0.076600 0.175500 0.161800 0.078100 0.059100 0.063400 0.106400 0.066300 0.106200 0.173100 0.098200 0.183600 0.066400 0.075200 0.118400 0.073500 0.088000 0.062700 0.169300 0.162800 0.066200 0.171800 0.164800 0.115400 0.087700 0.059700 0.106300 0.085400 0.164300 0.106100 0.104400
MountainNy 0.117700 0.342100 0.023700 0.303800 0.092600 0.112900 0.117200 0.101700 0.000000 0.160300 0.103000 0.080900 0.104300 0.127800 0.121200 0.115500 0.138600 0.132500 0.111600 0.013300 0.113000 0.104800 0.155600 0.150800 0.101500 0.112300 0.096200 0.013300 0.123000 0.013300 0.158400 0.122600 0.178000 0.092800 0.114800 0.093000 0.100000 0.101800 0.110100 0.158300 0.151800 0.117900 0.153500 0.150200 0.086800 0.121100 0.106900 0.129600 0.112100 0.146500 0.022200 0.011800
MuntiacusM 0.183400 0.380300 0.168600 0.352600 0.170200 0.181800 0.190900 0.178700 0.160300 0.000000 0.168800 0.166900 0.172700 0.183400 0.181400 0.171300 0.161200 0.153100 0.184000 0.163900 0.178500 0.169300 0.078300 0.065600 0.172600 0.179000 0.167800 0.163500 0.172400 0.161500 0.030500 0.183900 0.165900 0.171300 0.189500 0.165400 0.171000 0.173400 0.189900 0.070700 0.070900 0.182800 0.019700 0.067000 0.155100 0.188800 0.177200 0.197900 0.180500 0.190700 0.175700 0.166700
goat 0.036500 0.350400 0.112300 0.304700 0.061300 0.032100 0.100900 0.079600 0.103000 0.168800 0.000000 0.112400 0.066100 0.096700 0.103200 0.080500 0.145300 0.140900 0.039700 0.111400 0.077900 0.027700 0.162300 0.159300 0.010100 0.077400 0.058400 0.107700 0.090900 0.107500 0.163400 0.096200 0.172000 0.052200 0.073300 0.126100 0.020300 0.079700 0.082900 0.156100 0.146200 0.089200 0.158500 0.162300 0.116500 0.095200 0.081400 0.119200 0.080400 0.158400 0.107300 0.109000
AfricanBuf 0.124000 0.342100 0.090000 0.298000 0.100400 0.119200 0.128600 0.104700 0.080900 0.166900 0.112400 0.000000 0.097400 0.130700 0.119100 0.108700 0.144900 0.142100 0.111200 0.085900 0.106100 0.111000 0.162000 0.159100 0.110900 0.108800 0.099100 0.085500 0.119400 0.082200 0.165000 0.122200 0.175400 0.095800 0.114400 0.064000 0.102900 0.106400 0.114600 0.157600 0.158300 0.114400 0.160100 0.158500 0.058000 0.127500 0.104900 0.132500 0.115000 0.159800 0.088500 0.086900
Topi 0.070800 0.349200 0.113700 0.304200 0.063600 0.066200 0.097200 0.064800 0.104300 0.172700 0.066100 0.097400 0.000000 0.096300 0.088300 0.075200 0.141900 0.144400 0.063200 0.109500 0.069400 0.061600 0.159000 0.155800 0.061500 0.075200 0.013200 0.109000 0.088900 0.108900 0.163500 0.090900 0.167100 0.019200 0.053800 0.117800 0.057000 0.083900 0.077500 0.152600 0.148000 0.085600 0.162200 0.158800 0.111500 0.083600 0.074500 0.104000 0.078300 0.157000 0.108700 0.107100
CommonDuik 0.112800 0.365600 0.140600 0.309700 0.094400 0.111300 0.059600 0.103500 0.127800 0.183400 0.096700 0.130700 0.096300 0.000000 0.111300 0.110600 0.155700 0.154700 0.103300 0.133200 0.108200 0.103300 0.176500 0.170100 0.103200 0.109100 0.091600 0.132600 0.118000 0.132400 0.177800 0.035300 0.193500 0.089900 0.103400 0.131300 0.098500 0.110100 0.113300 0.165100 0.160300 0.119400 0.176600 0.173000 0.129900 0.116300 0.115200 0.125800 0.100900 0.168800 0.132200 0.130500
Suni 0.111400 0.371400 0.134000 0.323900 0.092900 0.106600 0.117400 0.087600 0.121200 0.181400 0.103200 0.119100 0.088300 0.111300 0.000000 0.106000 0.160700 0.161600 0.102000 0.126500 0.100100 0.098700 0.182200 0.173900 0.101800 0.107600 0.083700 0.126000 0.119800 0.125800 0.179800 0.104500 0.197600 0.086800 0.105100 0.123000 0.093900 0.110200 0.105300 0.168800 0.165900 0.116300 0.178200 0.175000 0.123300 0.114700 0.102200 0.112600 0.105900 0.183100 0.132200 0.123900
Springbuck 0.089900 0.368800 0.121600 0.303200 0.076600 0.085300 0.115000 0.057500 0.115500 0.171300 0.080500 0.108700 0.075200 0.110600 0.106000 0.000000 0.149800 0.143800 0.082400 0.120800 0.048400 0.077600 0.165000 0.155100 0.079100 0.042100 0.067500 0.117000 0.040300 0.116800 0.166100 0.108700 0.187400 0.070600 0.085500 0.128900 0.074500 0.088800 0.063700 0.162400 0.154300 0.052200 0.161000 0.158000 0.119300 0.093200 0.060700 0.117000 0.086300 0.161100 0.119900 0.118300
Okapi 0.152200 0.312500 0.151700 0.285200 0.139900 0.150700 0.164200 0.146000 0.138600 0.161200 0.145300 0.144900 0.141900 0.155700 0.160700 0.149800 0.000000 0.044100 0.151100 0.142300 0.135700 0.145700 0.149400 0.131200 0.143800 0.142900 0.133600 0.141700 0.154000 0.143300 0.150600 0.157500 0.138400 0.130000 0.142300 0.145400 0.142300 0.154500 0.156500 0.134800 0.131900 0.141900 0.151000 0.129000 0.142300 0.168000 0.155000 0.170400 0.154700 0.175100 0.146500 0.141300
Giraffe 0.151200 0.318800 0.145500 0.278400 0.140700 0.149800 0.165000 0.143400 0.132500 0.153100 0.140900 0.142100 0.144400 0.154700 0.161600 0.143800 0.044100 0.000000 0.150100 0.136100 0.133000 0.144700 0.138000 0.126800 0.142800 0.147300 0.136000 0.135500 0.151400 0.137100 0.149700 0.160100 0.139200 0.132400 0.144900 0.149500 0.141400 0.155400 0.162600 0.130400 0.124000 0.146100 0.143000 0.124600 0.143000 0.168900 0.155900 0.171300 0.152000 0.168900 0.140300 0.138600
TibetanAnt 0.050300 0.349500 0.121000 0.301700 0.066200 0.045800 0.101300 0.081500 0.111600 0.184000 0.039700 0.111200 0.063200 0.103300 0.102000 0.082400 0.151100 0.150100 0.000000 0.116800 0.079800 0.041300 0.177200 0.167100 0.038200 0.085600 0.055500 0.113000 0.086600 0.116200 0.174800 0.102900 0.181700 0.052400 0.070400 0.128400 0.030800 0.084700 0.086300 0.171000 0.157400 0.094200 0.169800 0.170100 0.118700 0.090800 0.089700 0.121400 0.082300 0.162500 0.112700 0.114300
Sitatunga 0.123000 0.344900 0.028200 0.312500 0.097700 0.118200 0.122600 0.105200 0.013300 0.163900 0.111400 0.085900 0.109500 0.133200 0.126500 0.120800 0.142300 0.136100 0.116800 0.000000 0.118300 0.106700 0.157800 0.154700 0.109900 0.117600 0.101400 0.011800 0.128300 0.020700 0.162400 0.128100 0.183900 0.098000 0.120100 0.098100 0.105100 0.107000 0.118700 0.162200 0.155700 0.123100 0.157100 0.154100 0.091900 0.119700 0.112100 0.135100 0.117400 0.152100 0.026700 0.019200
Oribi 0.090600 0.346400 0.122400 0.305700 0.067700 0.085900 0.106000 0.051800 0.113000 0.178500 0.077900 0.106100 0.069400 0.108200 0.100100 0.048400 0.135700 0.133000 0.079800 0.118300 0.000000 0.078100 0.175300 0.154700 0.079600 0.049900 0.064800 0.117800 0.054100 0.114300 0.172900 0.102900 0.177800 0.064700 0.078200 0.126300 0.075000 0.086200 0.054900 0.165500 0.159000 0.060100 0.171700 0.164600 0.120000 0.084300 0.048900 0.107800 0.089900 0.172600 0.117500 0.115800
BarbaryShe 0.032100 0.340500 0.114200 0.317700 0.066100 0.027700 0.096200 0.076600 0.104800 0.169300 0.027700 0.111000 0.061600 0.103300 0.098700 0.077600 0.145700 0.144700 0.041300 0.106700 0.078100 0.000000 0.162800 0.159800 0.023300 0.080700 0.053900 0.106300 0.088000 0.109400 0.163900 0.098100 0.170700 0.050800 0.068800 0.134800 0.018900 0.084600 0.086200 0.160100 0.146700 0.089400 0.159000 0.162800 0.125100 0.087500 0.083200 0.112800 0.082100 0.160600 0.109200 0.107600
Daviddeer 0.169100 0.382900 0.163800 0.321600 0.167500 0.171500 0.183800 0.175500 0.155600 0.078300 0.162300 0.162000 0.159000 0.176500 0.182200 0.165000 0.149400 0.138000 0.177200 0.157800 0.175300 0.162800 0.000000 0.061900 0.166000 0.168800 0.154200 0.155200 0.164000 0.160300 0.073400 0.178700 0.168400 0.157600 0.180600 0.165800 0.164400 0.177400 0.188500 0.065200 0.025800 0.169000 0.073600 0.063200 0.155600 0.191200 0.181500 0.194800 0.180900 0.191200 0.167200 0.161900
Reindeer 0.170000 0.346400 0.162500 0.320800 0.160900 0.164900 0.173700 0.161800 0.150800 0.065600 0.159300 0.159100 0.155800 0.170100 0.173900 0.155100 0.131200 0.126800 0.167100 0.154700 0.154700 0.159800 0.061900 0.000000 0.163100 0.162300 0.151000 0.153900 0.157700 0.155500 0.060700 0.164900 0.145900 0.154400 0.174000 0.159500 0.161400 0.170900 0.176400 0.049500 0.051200 0.162500 0.064200 0.019600 0.149300 0.179000 0.171400 0.184500 0.174400 0.184700 0.166000 0.157100
Ibex 0.032100 0.353600 0.112500 0.313400 0.063000 0.027700 0.099400 0.078100 0.101500 0.172600 0.010100 0.110900 0.061500 0.103200 0.101800 0.079100 0.143800 0.142800 0.038200 0.109900 0.079600 0.023300 0.166000 0.163100 0.000000 0.079100 0.053900 0.106200 0.089500 0.106000 0.167200 0.094700 0.177500 0.050800 0.068700 0.131300 0.015900 0.081400 0.081500 0.163400 0.149900 0.087800 0.162300 0.166100 0.121600 0.087500 0.083100 0.117700 0.079000 0.160400 0.109100 0.107500
GyrantGaze 0.091500 0.350600 0.120100 0.315800 0.073400 0.086900 0.108400 0.059100 0.112300 0.179000 0.077400 0.108800 0.075200 0.109100 0.107600 0.042100 0.142900 0.147300 0.085600 0.117600 0.049900 0.080700 0.168800 0.162300 0.079100 0.000000 0.073700 0.113800 0.050700 0.113600 0.173500 0.108700 0.182200 0.070500 0.088600 0.129000 0.076100 0.095200 0.062100 0.162600 0.157900 0.021300 0.172200 0.165200 0.119400 0.090100 0.059200 0.117000 0.087900 0.170000 0.116700 0.115100
Hartebeest 0.063100 0.349800 0.105600 0.294500 0.055900 0.058500 0.092500 0.063400 0.096200 0.167800 0.058400 0.099100 0.013200 0.091600 0.083700 0.067500 0.133600 0.136000 0.055500 0.101400 0.064800 0.053900 0.154200 0.151000 0.053900 0.073700 0.000000 0.101000 0.081100 0.100800 0.158700 0.086200 0.160300 0.011800 0.049300 0.119600 0.049300 0.072900 0.071300 0.149500 0.139600 0.084100 0.157400 0.154000 0.113300 0.075800 0.071400 0.102400 0.070600 0.148600 0.100600 0.099000
Bongo 0.119200 0.347700 0.025100 0.311200 0.097300 0.114400 0.122000 0.106400 0.013300 0.163500 0.107700 0.085500 0.109000 0.132600 0.126000 0.117000 0.141700 0.135500 0.113000 0.011800 0.117800 0.106300 0.155200 0.153900 0.106200 0.113800 0.101000 0.000000 0.124500 0.020700 0.161600 0.127500 0.183100 0.097500 0.119600 0.097600 0.101400 0.106600 0.118100 0.161400 0.151500 0.116100 0.156700 0.153400 0.091500 0.125900 0.111600 0.134500 0.116900 0.148000 0.026600 0.019100
Gerenuk 0.100400 0.359500 0.129000 0.309200 0.082400 0.095800 0.125800 0.066300 0.123000 0.172400 0.090900 0.119400 0.088900 0.118000 0.119800 0.040300 0.154000 0.151400 0.086600 0.128300 0.054100 0.088000 0.164000 0.157700 0.089500 0.050700 0.081100 0.124500 0.000000 0.124200 0.163400 0.116200 0.189900 0.084200 0.099200 0.139600 0.084900 0.099300 0.072500 0.166700 0.156900 0.060800 0.160300 0.164100 0.130000 0.100500 0.069500 0.124600 0.096700 0.166500 0.124100 0.125700
CommonElan 0.122300 0.342700 0.028100 0.298800 0.097100 0.117500 0.121800 0.106200 0.013300 0.161500 0.107500 0.082200 0.108900 0.132400 0.125800 0.116800 0.143300 0.137100 0.116200 0.020700 0.114300 0.109400 0.160300 0.155500 0.106000 0.113600 0.100800 0.020700 0.124200 0.000000 0.159700 0.127300 0.182700 0.097400 0.119400 0.097500 0.104500 0.106400 0.111400 0.163100 0.156600 0.119100 0.154800 0.155000 0.091300 0.122400 0.104900 0.134300 0.116700 0.151200 0.029600 0.022100
MuntiacusR 0.181400 0.370500 0.156000 0.328700 0.164600 0.179900 0.185200 0.173100 0.158400 0.030500 0.163400 0.165000 0.163500 0.177800 0.179800 0.166100 0.150600 0.149700 0.174800 0.162400 0.172900 0.163900 0.073400 0.060700 0.167200 0.173500 0.158700 0.161600 0.163400 0.159700 0.000000 0.178200 0.155400 0.162100 0.180200 0.165400 0.165500 0.171400 0.182400 0.065800 0.065900 0.173700 0.019800 0.062100 0.155100 0.183200 0.175600 0.192100 0.178600 0.192500 0.173800 0.161200
HarveysDui 0.110900 0.362000 0.135600 0.324300 0.092400 0.106100 0.057200 0.098200 0.122600 0.183900 0.096200 0.122200 0.090900 0.035300 0.104500 0.108700 0.157500 0.160100 0.102900 0.128100 0.102900 0.098100 0.178700 0.164900 0.094700 0.108700 0.086200 0.127500 0.116200 0.127300 0.178200 0.000000 0.190700 0.086100 0.101400 0.127800 0.093300 0.104900 0.108100 0.161700 0.158700 0.120800 0.177000 0.167900 0.126400 0.114300 0.110000 0.124000 0.102200 0.174400 0.127100 0.125400
Pronghorn 0.182500 0.317900 0.182600 0.306900 0.177400 0.175600 0.200100 0.183600 0.178000 0.165900 0.172000 0.175400 0.167100 0.193500 0.197600 0.187400 0.138400 0.139200 0.181700 0.183900 0.177800 0.170700 0.168400 0.145900 0.177500 0.182200 0.160300 0.183100 0.189900 0.182700 0.155400 0.190700 0.000000 0.156600 0.169100 0.181000 0.172500 0.178000 0.191200 0.142700 0.155600 0.187500 0.155400 0.147200 0.174200 0.201100 0.189800 0.197400 0.189000 0.210400 0.182500 0.180700
BlueWildeb 0.063000 0.340500 0.102200 0.292200 0.052800 0.058500 0.092400 0.066400 0.092800 0.171300 0.052200 0.095800 0.019200 0.089900 0.086800 0.070600 0.130000 0.132400 0.052400 0.098000 0.064700 0.050800 0.157600 0.154400 0.050800 0.070500 0.011800 0.097500 0.084200 0.097400 0.162100 0.086100 0.156600 0.000000 0.046200 0.112800 0.046200 0.072800 0.068000 0.149300 0.143000 0.080900 0.160800 0.157400 0.106500 0.075700 0.068200 0.102300 0.073600 0.148400 0.097200 0.095600
Gemsbok 0.081100 0.344600 0.124200 0.307900 0.066200 0.076500 0.107700 0.075200 0.114800 0.189500 0.073300 0.114400 0.053800 0.103400 0.105100 0.085500 0.142300 0.144900 0.070400 0.120100 0.078200 0.068800 0.180600 0.174000 0.068700 0.088600 0.049300 0.119600 0.099200 0.119400 0.180200 0.101400 0.169100 0.046200 0.000000 0.124900 0.064100 0.087900 0.089500 0.178100 0.164300 0.094200 0.175400 0.177000 0.118600 0.097100 0.086500 0.112900 0.091800 0.171100 0.115900 0.111000
Yak 0.148000 0.349100 0.103900 0.296200 0.124100 0.143100 0.140900 0.118400 0.093000 0.165400 0.126100 0.064000 0.117800 0.131300 0.123000 0.128900 0.145400 0.149500 0.128400 0.098100 0.126300 0.134800 0.165800 0.159500 0.131300 0.129000 0.119600 0.097600 0.139600 0.097500 0.165400 0.127800 0.181000 0.112800 0.124900 0.000000 0.126500 0.136800 0.126700 0.157900 0.158600 0.141100 0.162200 0.155400 0.011500 0.144800 0.128600 0.141600 0.125500 0.162000 0.103800 0.099000
BlueSheep 0.027700 0.342700 0.109300 0.309500 0.058300 0.023300 0.094700 0.073500 0.100000 0.171000 0.020300 0.102900 0.057000 0.098500 0.093900 0.074500 0.142300 0.141400 0.030800 0.105100 0.075000 0.018900 0.164400 0.161400 0.015900 0.076100 0.049300 0.101400 0.084900 0.104500 0.165500 0.093300 0.172500 0.046200 0.064100 0.126500 0.000000 0.076700 0.080000 0.161800 0.148300 0.084700 0.160600 0.164400 0.116900 0.086000 0.078500 0.112800 0.074400 0.152000 0.104300 0.102700
BohorReedb 0.093900 0.350000 0.111200 0.324400 0.026500 0.089300 0.111100 0.088000 0.101800 0.173400 0.079700 0.106400 0.083900 0.110100 0.110200 0.088800 0.154500 0.155400 0.084700 0.107000 0.086200 0.084600 0.177400 0.170900 0.081400 0.095200 0.072900 0.106600 0.099300 0.106400 0.171400 0.104900 0.178000 0.072800 0.087900 0.136800 0.076700 0.000000 0.092800 0.167600 0.161200 0.103900 0.166600 0.170200 0.127100 0.100500 0.081800 0.119800 0.098200 0.169600 0.099700 0.101400
KirksDik 0.097100 0.353900 0.124500 0.322400 0.071000 0.092500 0.107700 0.062700 0.110100 0.189900 0.082900 0.114600 0.077500 0.113300 0.105300 0.063700 0.156500 0.162600 0.086300 0.118700 0.054900 0.086200 0.188500 0.176400 0.081500 0.062100 0.071300 0.118100 0.072500 0.111400 0.182400 0.108100 0.191200 0.068000 0.089500 0.126700 0.080000 0.092800 0.000000 0.180300 0.170300 0.072400 0.183000 0.179300 0.122000 0.090900 0.050500 0.109700 0.096600 0.175000 0.117800 0.116100
RoeDeer 0.174000 0.357900 0.166500 0.325700 0.164900 0.172400 0.174000 0.169300 0.158300 0.070700 0.156100 0.157600 0.152600 0.165100 0.168800 0.162400 0.134800 0.130400 0.171000 0.162200 0.165500 0.160100 0.065200 0.049500 0.163400 0.162600 0.149500 0.161400 0.166700 0.163100 0.065800 0.161700 0.142700 0.149300 0.178100 0.157900 0.161800 0.167600 0.180300 0.000000 0.051300 0.169900 0.062700 0.050900 0.147700 0.179400 0.175300 0.190300 0.171300 0.172400 0.170000 0.164600
WhiteLippe 0.156800 0.376200 0.160100 0.326400 0.151200 0.155300 0.167400 0.162800 0.151800 0.070900 0.146200 0.158300 0.148000 0.160300 0.165900 0.154300 0.131900 0.124000 0.157400 0.155700 0.159000 0.146700 0.025800 0.051200 0.149900 0.157900 0.139600 0.151500 0.156900 0.156600 0.065900 0.158700 0.155600 0.143000 0.164300 0.158600 0.148300 0.161200 0.170300 0.051300 0.000000 0.158200 0.066100 0.052600 0.148400 0.172900 0.167000 0.178000 0.166600 0.173000 0.163500 0.158200
ThomsonGaz 0.097100 0.356200 0.125500 0.321100 0.079000 0.095600 0.120500 0.066200 0.117900 0.182800 0.089200 0.114400 0.085600 0.119400 0.116300 0.052200 0.141900 0.146100 0.094200 0.123100 0.060100 0.089400 0.169000 0.162500 0.087800 0.021300 0.084100 0.116100 0.060800 0.119100 0.173700 0.120800 0.187500 0.080900 0.094200 0.141100 0.084700 0.103900 0.072400 0.169900 0.158200 0.000000 0.176000 0.165500 0.131400 0.095600 0.069400 0.129300 0.099700 0.170300 0.122200 0.120600
MuntiacusC 0.176500 0.374000 0.158200 0.331400 0.159800 0.174900 0.183900 0.171800 0.153500 0.019700 0.158500 0.160100 0.162200 0.176600 0.178200 0.161000 0.151000 0.143000 0.169800 0.157100 0.171700 0.159000 0.073600 0.064200 0.162300 0.172200 0.157400 0.156700 0.160300 0.154800 0.019800 0.177000 0.155400 0.160800 0.175400 0.162200 0.160600 0.166600 0.183000 0.062700 0.066100 0.176000 0.000000 0.065500 0.148500 0.183700 0.174000 0.192700 0.173700 0.183800 0.168900 0.156300
WhiteTaile 0.173000 0.358100 0.161900 0.323500 0.163900 0.167900 0.176700 0.164800 0.150200 0.067000 0.162300 0.158500 0.158800 0.173000 0.175000 0.158000 0.129000 0.124600 0.170100 0.154100 0.164600 0.162800 0.063200 0.019600 0.166100 0.165200 0.154000 0.153400 0.164100 0.155000 0.062100 0.167900 0.147200 0.157400 0.177000 0.155400 0.164400 0.170200 0.179300 0.050900 0.052600 0.165500 0.065500 0.000000 0.145200 0.178400 0.174300 0.183700 0.173800 0.184100 0.165400 0.156500
Cattle 0.138100 0.345600 0.097700 0.288700 0.114500 0.133300 0.131100 0.115400 0.086800 0.155100 0.116500 0.058000 0.111500 0.129900 0.123300 0.119300 0.142300 0.143000 0.118700 0.091900 0.120000 0.125100 0.155600 0.149300 0.121600 0.119400 0.113300 0.091500 0.130000 0.091300 0.155100 0.126400 0.174200 0.106500 0.118600 0.011500 0.116900 0.127100 0.122000 0.147700 0.148400 0.131400 0.148500 0.145200 0.000000 0.138300 0.122200 0.138500 0.115900 0.155400 0.097600 0.089600
RoyalAntel 0.100100 0.357000 0.128900 0.338400 0.083300 0.098600 0.117400 0.087700 0.121100 0.188800 0.095200 0.127500 0.083600 0.116300 0.114700 0.093200 0.168000 0.168900 0.090800 0.119700 0.084300 0.087500 0.191200 0.179000 0.087500 0.090100 0.075800 0.125900 0.100500 0.122400 0.183200 0.114300 0.201100 0.075700 0.097100 0.144800 0.086000 0.100500 0.090900 0.179400 0.172900 0.095600 0.183700 0.178400 0.138300 0.000000 0.084700 0.136300 0.097900 0.181300 0.125500 0.123900
Steenbok 0.095700 0.349800 0.116200 0.314800 0.066500 0.091100 0.111300 0.059700 0.106900 0.177200 0.081400 0.104900 0.074500 0.115200 0.102200 0.060700 0.155000 0.155900 0.089700 0.112100 0.048900 0.083200 0.181500 0.171400 0.083100 0.059200 0.071400 0.111600 0.069500 0.104900 0.175600 0.110000 0.189800 0.068200 0.086500 0.128600 0.078500 0.081800 0.050500 0.175300 0.167000 0.069400 0.174000 0.174300 0.122200 0.084700 0.000000 0.109900 0.090500 0.171800 0.108000 0.109600
Impala 0.124400 0.388300 0.142800 0.349500 0.103700 0.119500 0.113200 0.106300 0.129600 0.197900 0.119200 0.132500 0.104000 0.125800 0.112600 0.117000 0.170400 0.171300 0.121400 0.135100 0.107800 0.112800 0.194800 0.184500 0.117700 0.117000 0.102400 0.134500 0.124600 0.134300 0.192100 0.124000 0.197400 0.102300 0.112900 0.141600 0.112800 0.119800 0.109700 0.190300 0.178000 0.129300 0.192700 0.183700 0.138500 0.136300 0.109900 0.000000 0.118600 0.187100 0.137500 0.132400
Klipspring 0.088300 0.356700 0.123200 0.321500 0.079700 0.086800 0.100300 0.085400 0.112100 0.180500 0.080400 0.115000 0.078300 0.100900 0.105900 0.086300 0.154700 0.152000 0.082300 0.117400 0.089900 0.082100 0.180900 0.174400 0.079000 0.087900 0.070600 0.116900 0.096700 0.116700 0.178600 0.102200 0.189000 0.073600 0.091800 0.125500 0.074400 0.098200 0.096600 0.171300 0.166600 0.099700 0.173700 0.173800 0.115900 0.097900 0.090500 0.118600 0.000000 0.164500 0.110000 0.114900
ForestMusk 0.163700 0.378400 0.152700 0.317100 0.156700 0.162100 0.173900 0.164300 0.146500 0.190700 0.158400 0.159800 0.157000 0.168800 0.183100 0.161100 0.175100 0.168900 0.162500 0.152100 0.172600 0.160600 0.191200 0.184700 0.160400 0.170000 0.148600 0.148000 0.166500 0.151200 0.192500 0.174400 0.210400 0.148400 0.171100 0.162000 0.152000 0.169600 0.175000 0.172400 0.173000 0.170300 0.183800 0.184100 0.155400 0.181300 0.171800 0.187100 0.164500 0.000000 0.154400 0.149200
Bushbuck 0.122100 0.342500 0.037100 0.306700 0.090500 0.117300 0.120000 0.106100 0.022200 0.175700 0.107300 0.088500 0.108700 0.132200 0.132200 0.119900 0.146500 0.140300 0.112700 0.026700 0.117500 0.109200 0.167200 0.166000 0.109100 0.116700 0.100600 0.026600 0.124100 0.029600 0.173800 0.127100 0.182500 0.097200 0.115900 0.103800 0.104300 0.099700 0.117800 0.170000 0.163500 0.122200 0.168900 0.165400 0.097600 0.125500 0.108000 0.137500 0.110000 0.154400 0.000000 0.028000
GreaterKud 0.120400 0.344600 0.029500 0.310300 0.092100 0.115700 0.120000 0.104400 0.011800 0.166700 0.109000 0.086900 0.107100 0.130500 0.123900 0.118300 0.141300 0.138600 0.114300 0.019200 0.115800 0.107600 0.161900 0.157100 0.107500 0.115100 0.099000 0.019100 0.125700 0.022100 0.161200 0.125400 0.180700 0.095600 0.111000 0.099000 0.102700 0.101400 0.116100 0.164600 0.158200 0.120600 0.156300 0.156500 0.089600 0.123900 0.109600 0.132400 0.114900 0.149200 0.028000 0.000000
