1
52 1
Argali 0.000000 0.376000 0.138000 0.270900 0.075900 0.020700 0.073500 0.085300 0.129900 0.125800 0.033000 0.076400 0.075600 0.080700 0.130700 0.068600 0.147600 0.140400 0.041100 0.124800 0.077700 0.037400 0.137200 0.126700 0.023900 0.078400 0.076100 0.129100 0.081400 0.120300 0.130100 0.077200 0.157100 0.098600 0.084600 0.107200 0.037200 0.068200 0.114200 0.131700 0.118400 0.078400 0.140100 0.126800 0.124200 0.077700 0.093400 0.089300 0.076300 0.123100 0.120600 0.129200
LesserMous 0.376000 0.000000 0.398600 0.308300 0.350500 0.358400 0.367500 0.372300 0.377400 0.322800 0.357900 0.347700 0.374300 0.398600 0.412400 0.358100 0.355800 0.361100 0.367600 0.369300 0.371400 0.345200 0.348000 0.338200 0.348000 0.362900 0.370300 0.386800 0.387400 0.375300 0.315400 0.388600 0.401000 0.372000 0.368500 0.377300 0.352100 0.343900 0.378400 0.333200 0.335100 0.350400 0.347000 0.314800 0.398300 0.334500 0.348600 0.390600 0.365400 0.346100 0.364300 0.387300
LesserKudu 0.138000 0.398600 0.000000 0.285600 0.106600 0.125300 0.113900 0.130000 0.049500 0.143700 0.124400 0.084600 0.133400 0.129900 0.167300 0.122500 0.165700 0.153400 0.119000 0.035000 0.131900 0.125000 0.188800 0.144400 0.116000 0.123700 0.134200 0.040800 0.145000 0.040900 0.167900 0.135900 0.179300 0.144100 0.128900 0.106400 0.129100 0.108100 0.156100 0.168700 0.164500 0.123700 0.168100 0.135100 0.114300 0.113500 0.133500 0.106700 0.116100 0.140800 0.032700 0.049200
KillerWhal 0.270900 0.308300 0.285600 0.000000 0.248000 0.266400 0.266600 0.272400 0.255000 0.231400 0.254800 0.246200 0.269700 0.278700 0.284500 0.258900 0.256200 0.251500 0.264000 0.248600 0.270600 0.254800 0.236900 0.230700 0.256700 0.250700 0.271100 0.253100 0.273800 0.243000 0.230300 0.274700 0.315100 0.295000 0.258900 0.255400 0.271800 0.252100 0.281600 0.215300 0.254500 0.239700 0.253100 0.231400 0.274600 0.248700 0.241800 0.266400 0.260500 0.282600 0.254800 0.275600
DefassaWat 0.075900 0.350500 0.106600 0.248000 0.000000 0.080600 0.073200 0.076300 0.098400 0.111300 0.075900 0.072300 0.066800 0.089800 0.112300 0.068400 0.133800 0.122300 0.084200 0.084800 0.077400 0.080400 0.137600 0.122600 0.067600 0.069100 0.067200 0.097800 0.081100 0.098100 0.115700 0.076900 0.148100 0.080600 0.075700 0.094100 0.080400 0.016500 0.104500 0.127600 0.114200 0.069100 0.115900 0.122700 0.102100 0.077500 0.075500 0.080600 0.093700 0.113400 0.080600 0.106900
Sheep 0.020700 0.358400 0.125300 0.266400 0.080600 0.000000 0.060300 0.081200 0.117100 0.121500 0.020700 0.072600 0.062800 0.076900 0.117800 0.073300 0.144100 0.137000 0.037300 0.112100 0.073500 0.024900 0.133700 0.113800 0.012400 0.074100 0.063200 0.116400 0.086200 0.107600 0.125800 0.073000 0.163300 0.081100 0.080500 0.103600 0.024900 0.064000 0.105400 0.137700 0.114800 0.074100 0.135700 0.113900 0.120700 0.064600 0.089200 0.085600 0.067800 0.100300 0.107900 0.116500
MaxwellsDu 0.073500 0.367500 0.113900 0.266600 0.073200 0.060300 0.000000 0.073800 0.110200 0.124000 0.055700 0.074100 0.081900 0.042900 0.129500 0.065700 0.147000 0.139700 0.073000 0.105100 0.065800 0.060200 0.131400 0.116100 0.056000 0.066400 0.073400 0.109400 0.065100 0.109800 0.128500 0.047500 0.161600 0.091900 0.082200 0.096500 0.069100 0.056300 0.098200 0.130900 0.117100 0.066400 0.138500 0.116300 0.113800 0.056800 0.081900 0.078200 0.078100 0.106900 0.100800 0.109500
GazellaPrz 0.085300 0.372300 0.130000 0.272400 0.076300 0.081200 0.073800 0.000000 0.131100 0.135900 0.085300 0.086000 0.089300 0.090400 0.122500 0.068800 0.139300 0.141700 0.076000 0.116700 0.078000 0.072200 0.133500 0.127800 0.077000 0.069600 0.080900 0.130200 0.081700 0.130600 0.140400 0.068500 0.153600 0.103700 0.085000 0.099200 0.089900 0.059700 0.105400 0.152200 0.119500 0.065200 0.150300 0.137500 0.116300 0.069100 0.063000 0.072300 0.085500 0.123600 0.112500 0.130400
MountainNy 0.129900 0.377400 0.049500 0.255000 0.098400 0.117100 0.110200 0.131100 0.000000 0.145100 0.116300 0.085400 0.125300 0.135500 0.168700 0.123600 0.167200 0.145500 0.120000 0.028700 0.123700 0.116900 0.170900 0.126900 0.107900 0.115400 0.126000 0.016200 0.136800 0.023600 0.159500 0.132200 0.171400 0.135900 0.121000 0.107200 0.121000 0.099900 0.157400 0.150800 0.146800 0.106100 0.154600 0.117700 0.115200 0.114500 0.125400 0.107400 0.117000 0.132600 0.031900 0.039400
MuntiacusM 0.125800 0.322800 0.143700 0.231400 0.111300 0.121500 0.124000 0.135900 0.145100 0.000000 0.130700 0.098200 0.129900 0.141200 0.166000 0.118300 0.124300 0.126900 0.124900 0.130100 0.118500 0.130700 0.071400 0.094000 0.122000 0.119700 0.121200 0.144100 0.131900 0.144500 0.030800 0.136300 0.149200 0.145800 0.115800 0.121100 0.135700 0.103400 0.137900 0.080400 0.057700 0.110000 0.029800 0.084900 0.138900 0.109100 0.129800 0.131000 0.125200 0.128000 0.125700 0.144300
goat 0.033000 0.357900 0.124400 0.254800 0.075900 0.020700 0.055700 0.085300 0.116300 0.130700 0.000000 0.072100 0.066900 0.071900 0.139900 0.077600 0.143000 0.136000 0.041100 0.111300 0.077700 0.029000 0.132600 0.113000 0.008200 0.078400 0.067300 0.115600 0.081400 0.106800 0.125600 0.068300 0.162100 0.085300 0.084700 0.102900 0.020500 0.059400 0.109700 0.127300 0.123300 0.078400 0.145100 0.113100 0.119900 0.068800 0.084500 0.089300 0.072000 0.113800 0.107100 0.115700
AfricanBuf 0.076400 0.347700 0.084600 0.246200 0.072300 0.072600 0.074100 0.086000 0.085400 0.098200 0.072100 0.000000 0.080800 0.090400 0.131700 0.078200 0.120000 0.122600 0.067200 0.071800 0.078300 0.072500 0.124100 0.118300 0.063800 0.079000 0.081300 0.076000 0.091100 0.076200 0.112000 0.086800 0.148700 0.104200 0.094300 0.054800 0.076600 0.064400 0.115100 0.123400 0.105400 0.079000 0.112300 0.109200 0.062900 0.069400 0.089800 0.081100 0.076900 0.096100 0.067700 0.076100
Topi 0.075600 0.374300 0.133400 0.269700 0.066800 0.062800 0.081900 0.089300 0.125300 0.129900 0.066900 0.080800 0.000000 0.089400 0.125900 0.086000 0.147800 0.136000 0.075200 0.106800 0.086100 0.071400 0.132600 0.126900 0.058700 0.086900 0.015800 0.124500 0.089900 0.124900 0.134400 0.094500 0.157400 0.027700 0.062200 0.111800 0.071300 0.059000 0.122700 0.136700 0.113900 0.077800 0.144200 0.131700 0.128900 0.081800 0.079600 0.084800 0.102400 0.113000 0.102600 0.124600
CommonDuik 0.080700 0.398600 0.129900 0.278700 0.089800 0.076900 0.042900 0.090400 0.135500 0.141200 0.071900 0.090400 0.089400 0.000000 0.145700 0.073600 0.163200 0.155700 0.080200 0.130300 0.082700 0.076700 0.147600 0.132300 0.072300 0.083500 0.081100 0.124200 0.077500 0.135000 0.145700 0.046700 0.172700 0.103800 0.089700 0.103500 0.085200 0.073100 0.119700 0.137500 0.133400 0.083500 0.155800 0.132500 0.120600 0.082800 0.098500 0.094400 0.099200 0.138100 0.126000 0.134700
Suni 0.130700 0.412400 0.167300 0.284500 0.112300 0.117800 0.129500 0.122500 0.168700 0.166000 0.139900 0.131700 0.125900 0.145700 0.000000 0.133700 0.183500 0.190200 0.139100 0.144300 0.124500 0.126900 0.197200 0.166000 0.131400 0.125500 0.126600 0.158100 0.146800 0.158600 0.180600 0.142500 0.221800 0.141100 0.130800 0.154700 0.144800 0.104700 0.153200 0.181400 0.172300 0.120900 0.180900 0.176000 0.162700 0.105900 0.107700 0.117100 0.136300 0.152600 0.140000 0.167900
Springbuck 0.068600 0.358100 0.122500 0.258900 0.068400 0.073300 0.065700 0.068800 0.123600 0.118300 0.077600 0.078200 0.086000 0.073600 0.133700 0.000000 0.141200 0.134000 0.077100 0.118400 0.043100 0.073200 0.135400 0.120100 0.069100 0.025900 0.077500 0.122700 0.038400 0.123100 0.122800 0.069400 0.146200 0.100500 0.077200 0.100500 0.082100 0.060500 0.083700 0.125300 0.111600 0.025800 0.132700 0.129900 0.117800 0.043200 0.059400 0.082300 0.077600 0.125300 0.114100 0.122900
Okapi 0.147600 0.355800 0.165700 0.256200 0.133800 0.144100 0.147000 0.139300 0.167200 0.124300 0.143000 0.120000 0.147800 0.163200 0.183500 0.141200 0.000000 0.065000 0.146600 0.142300 0.131800 0.153300 0.140500 0.134800 0.134300 0.142800 0.139000 0.166000 0.150000 0.166500 0.128800 0.160100 0.170800 0.163900 0.138100 0.152600 0.148000 0.135700 0.151400 0.140100 0.116600 0.128300 0.129100 0.144800 0.160700 0.122200 0.133100 0.133700 0.138900 0.151000 0.138000 0.166000
Giraffe 0.140400 0.361100 0.153400 0.251500 0.122300 0.137000 0.139700 0.141700 0.145500 0.126900 0.136000 0.122600 0.136000 0.155700 0.190200 0.134000 0.065000 0.000000 0.139600 0.130800 0.134200 0.136600 0.133400 0.137300 0.127400 0.125900 0.132100 0.153900 0.142700 0.154300 0.131400 0.143000 0.163500 0.151700 0.117200 0.154800 0.140900 0.124000 0.153700 0.142500 0.110000 0.121300 0.131600 0.147100 0.162800 0.124800 0.121700 0.140900 0.141300 0.158300 0.126500 0.144600
TibetanAnt 0.041100 0.367600 0.119000 0.264000 0.084200 0.037300 0.073000 0.076000 0.120000 0.124900 0.041100 0.067200 0.075200 0.080200 0.139100 0.077100 0.146600 0.139600 0.000000 0.115000 0.077200 0.037200 0.145800 0.125900 0.033000 0.077900 0.075600 0.119200 0.089800 0.110500 0.129300 0.076700 0.161000 0.098000 0.084100 0.097600 0.045400 0.067800 0.095300 0.140300 0.127000 0.077900 0.139000 0.125600 0.114500 0.077300 0.092800 0.080000 0.058500 0.122200 0.110800 0.119300
Sitatunga 0.124800 0.369300 0.035000 0.248600 0.084800 0.112100 0.105100 0.116700 0.028700 0.130100 0.111300 0.071800 0.106800 0.130300 0.144300 0.118400 0.142300 0.130800 0.115000 0.000000 0.118500 0.111800 0.165300 0.103500 0.102900 0.110200 0.107400 0.019500 0.131500 0.020400 0.144300 0.127000 0.156500 0.117000 0.097900 0.093400 0.116000 0.094900 0.151900 0.145600 0.141400 0.105700 0.144500 0.103600 0.101400 0.091100 0.111200 0.093600 0.103000 0.118100 0.004000 0.036900
Oribi 0.077700 0.371400 0.131900 0.270600 0.077400 0.073500 0.065800 0.078000 0.123700 0.118500 0.077700 0.078300 0.086100 0.082700 0.124500 0.043100 0.131800 0.134200 0.077200 0.118500 0.000000 0.073300 0.135600 0.120300 0.069200 0.039200 0.077600 0.122900 0.056000 0.123200 0.123000 0.069600 0.156000 0.100600 0.077300 0.091500 0.073300 0.060500 0.083800 0.135100 0.111800 0.043600 0.133000 0.130100 0.108700 0.052100 0.059500 0.082400 0.077700 0.125400 0.114200 0.123000
BarbaryShe 0.037400 0.345200 0.125000 0.254800 0.080400 0.024900 0.060200 0.072200 0.116900 0.130700 0.029000 0.072500 0.071400 0.076700 0.126900 0.073200 0.153300 0.136600 0.037200 0.111800 0.073300 0.000000 0.142800 0.113500 0.020700 0.073900 0.071800 0.116100 0.077000 0.107300 0.125500 0.072800 0.162900 0.089800 0.080300 0.103400 0.033200 0.063900 0.105200 0.137400 0.123900 0.073900 0.145000 0.113700 0.120500 0.064400 0.080300 0.085400 0.067700 0.109300 0.107600 0.116200
Daviddeer 0.137200 0.348000 0.188800 0.236900 0.137600 0.133700 0.131400 0.133500 0.170900 0.071400 0.132600 0.124100 0.132600 0.147600 0.197200 0.135400 0.140500 0.133400 0.145800 0.165300 0.135600 0.142800 0.000000 0.129200 0.133500 0.136900 0.128600 0.179400 0.129600 0.179900 0.085100 0.134600 0.160000 0.153000 0.132600 0.156300 0.147100 0.130000 0.159500 0.106100 0.030000 0.127300 0.085300 0.120100 0.174000 0.135800 0.132400 0.156600 0.152200 0.160000 0.160900 0.179600
Reindeer 0.126700 0.338200 0.144400 0.230700 0.122600 0.113800 0.116100 0.127800 0.126900 0.094000 0.113000 0.118300 0.126900 0.132300 0.166000 0.120100 0.134800 0.137300 0.125900 0.103500 0.120300 0.113500 0.129200 0.000000 0.104500 0.121400 0.118400 0.126000 0.124000 0.117200 0.089100 0.138500 0.168600 0.137800 0.108400 0.122300 0.117700 0.114900 0.154200 0.073500 0.105800 0.107400 0.108100 0.033900 0.139600 0.092400 0.122000 0.113300 0.113700 0.139200 0.108300 0.135900
Ibex 0.023900 0.348000 0.116000 0.256700 0.067600 0.012400 0.056000 0.077000 0.107900 0.122000 0.008200 0.063800 0.058700 0.072300 0.131400 0.069100 0.134300 0.127400 0.033000 0.102900 0.069200 0.020700 0.133500 0.104500 0.000000 0.069800 0.059000 0.107200 0.082000 0.098500 0.116800 0.068700 0.153600 0.076900 0.076300 0.094500 0.011900 0.051000 0.101100 0.128100 0.114700 0.069800 0.136300 0.104600 0.111500 0.060300 0.076200 0.080900 0.063600 0.105200 0.098700 0.107300
GyrantGaze 0.078400 0.362900 0.123700 0.250700 0.069100 0.074100 0.066400 0.069600 0.115400 0.119700 0.078400 0.079000 0.086900 0.083500 0.125500 0.025900 0.142800 0.125900 0.077900 0.110200 0.039200 0.073900 0.136900 0.121400 0.069800 0.000000 0.078300 0.114600 0.047600 0.114900 0.124200 0.070200 0.157500 0.101600 0.078000 0.097000 0.083000 0.061100 0.084600 0.136300 0.112900 0.017400 0.134300 0.131300 0.114600 0.043600 0.060000 0.083100 0.078400 0.126700 0.105900 0.124300
Hartebeest 0.076100 0.370300 0.134200 0.271100 0.067200 0.063200 0.073400 0.080900 0.126000 0.121200 0.067300 0.081300 0.015800 0.081100 0.126600 0.077500 0.139000 0.132100 0.075600 0.107400 0.077600 0.071800 0.128600 0.118400 0.059000 0.078300 0.000000 0.125200 0.081400 0.125600 0.125600 0.086000 0.153500 0.027800 0.062600 0.103400 0.071800 0.059400 0.114100 0.128100 0.105300 0.069300 0.135400 0.123100 0.120400 0.073300 0.080100 0.085300 0.094000 0.113700 0.103200 0.125300
Bongo 0.129100 0.386800 0.040800 0.253100 0.097800 0.116400 0.109400 0.130200 0.016200 0.144100 0.115600 0.076000 0.124500 0.124200 0.158100 0.122700 0.166000 0.153900 0.119200 0.019500 0.122900 0.116100 0.179400 0.126000 0.107200 0.114600 0.125200 0.000000 0.135800 0.015600 0.158400 0.131300 0.179700 0.135000 0.120200 0.097600 0.120200 0.099200 0.156300 0.149800 0.155200 0.114600 0.158600 0.116900 0.105600 0.104500 0.124600 0.097800 0.107200 0.131700 0.023600 0.032600
Gerenuk 0.081400 0.387400 0.145000 0.273800 0.081100 0.086200 0.065100 0.081700 0.136800 0.131900 0.081400 0.091100 0.089900 0.077500 0.146800 0.038400 0.150000 0.142700 0.089800 0.131500 0.056000 0.077000 0.129600 0.124000 0.082000 0.047600 0.081400 0.135800 0.000000 0.136300 0.136400 0.073400 0.159400 0.104400 0.090000 0.104400 0.095000 0.073400 0.096900 0.119700 0.115500 0.047600 0.146400 0.133800 0.121600 0.065000 0.072000 0.095200 0.090400 0.129000 0.127200 0.136000
CommonElan 0.120300 0.375300 0.040900 0.243000 0.098100 0.107600 0.109800 0.130600 0.023600 0.144500 0.106800 0.076200 0.124900 0.135000 0.158600 0.123100 0.166500 0.154300 0.110500 0.020400 0.123200 0.107300 0.179900 0.117200 0.098500 0.114900 0.125600 0.015600 0.136300 0.000000 0.149100 0.131800 0.180300 0.135500 0.120500 0.097900 0.111500 0.099500 0.156800 0.140700 0.155700 0.115000 0.159100 0.108100 0.105900 0.104900 0.125000 0.098100 0.098500 0.132100 0.023600 0.031500
MuntiacusR 0.130100 0.315400 0.167900 0.230300 0.115700 0.125800 0.128500 0.140400 0.159500 0.030800 0.125600 0.112000 0.134400 0.145700 0.180600 0.122800 0.128800 0.131400 0.129300 0.144300 0.123000 0.125500 0.085100 0.089100 0.116800 0.124200 0.125600 0.158400 0.136400 0.149100 0.000000 0.140800 0.163600 0.150300 0.120200 0.135200 0.130500 0.107900 0.142500 0.075500 0.071200 0.114600 0.044300 0.080000 0.153100 0.113600 0.134300 0.135400 0.129600 0.142400 0.139900 0.158600
HarveysDui 0.077200 0.388600 0.135900 0.274700 0.076900 0.073000 0.047500 0.068500 0.132200 0.136300 0.068300 0.086800 0.094500 0.046700 0.142500 0.069400 0.160100 0.143000 0.076700 0.127000 0.069600 0.072800 0.134600 0.138500 0.068700 0.070200 0.086000 0.131300 0.073400 0.131800 0.140800 0.000000 0.145300 0.109100 0.094700 0.100000 0.081700 0.060200 0.111000 0.143800 0.130000 0.070200 0.150800 0.138700 0.117200 0.069600 0.081100 0.090800 0.076800 0.134100 0.122700 0.131500
Pronghorn 0.157100 0.401000 0.179300 0.315100 0.148100 0.163300 0.161600 0.153600 0.171400 0.149200 0.162100 0.148700 0.157400 0.172700 0.221800 0.146200 0.170800 0.163500 0.161000 0.156500 0.156000 0.162900 0.160000 0.168600 0.153600 0.157500 0.153500 0.179700 0.159400 0.180300 0.163600 0.145300 0.000000 0.178100 0.162100 0.166700 0.167100 0.150300 0.190600 0.154700 0.160400 0.143200 0.168900 0.159300 0.184100 0.146600 0.152500 0.166900 0.172200 0.185000 0.152200 0.180000
BlueWildeb 0.098600 0.372000 0.144100 0.295000 0.080600 0.081100 0.091900 0.103700 0.135900 0.145800 0.085300 0.104200 0.027700 0.103800 0.141100 0.100500 0.163900 0.151700 0.098000 0.117000 0.100600 0.089800 0.153000 0.137800 0.076900 0.101600 0.027800 0.135000 0.104400 0.135500 0.150300 0.109100 0.178100 0.000000 0.075800 0.126700 0.089800 0.072800 0.128500 0.152500 0.129100 0.092200 0.160400 0.142600 0.134600 0.091700 0.093700 0.099100 0.107800 0.123500 0.112800 0.125800
Gemsbok 0.084600 0.368500 0.128900 0.258900 0.075700 0.080500 0.082200 0.085000 0.121000 0.115800 0.084700 0.094300 0.062200 0.089700 0.130800 0.077200 0.138100 0.117200 0.084100 0.097900 0.077300 0.080300 0.132600 0.108400 0.076300 0.078000 0.062600 0.120200 0.090000 0.120500 0.120200 0.094700 0.162100 0.075800 0.000000 0.116500 0.089200 0.067900 0.113700 0.132000 0.109300 0.073600 0.129900 0.127200 0.133600 0.068500 0.075400 0.080500 0.093700 0.122600 0.102700 0.129400
Yak 0.107200 0.377300 0.106400 0.255400 0.094100 0.103600 0.096500 0.099200 0.107200 0.121100 0.102900 0.054800 0.111800 0.103500 0.154700 0.100500 0.152600 0.154800 0.097600 0.093400 0.091500 0.103400 0.156300 0.122300 0.094500 0.097000 0.103400 0.097600 0.104400 0.097900 0.135200 0.100000 0.166700 0.126700 0.116500 0.000000 0.107500 0.077400 0.138200 0.127300 0.132600 0.101600 0.135400 0.113200 0.016300 0.091600 0.111900 0.103100 0.098900 0.128200 0.089300 0.097800
BlueSheep 0.037200 0.352100 0.129100 0.271800 0.080400 0.024900 0.069100 0.089900 0.121000 0.135700 0.020500 0.076600 0.071300 0.085200 0.144800 0.082100 0.148000 0.140900 0.045400 0.116000 0.073300 0.033200 0.147100 0.117700 0.011900 0.083000 0.071800 0.120200 0.095000 0.111500 0.130500 0.081700 0.167100 0.089800 0.089200 0.107500 0.000000 0.063800 0.114500 0.141600 0.128800 0.083000 0.150200 0.117900 0.124600 0.073300 0.089000 0.093800 0.076500 0.118500 0.111800 0.120400
BohorReedb 0.068200 0.343900 0.108100 0.252100 0.016500 0.064000 0.056300 0.059700 0.099900 0.103400 0.059400 0.064400 0.059000 0.073100 0.104700 0.060500 0.135700 0.124000 0.067800 0.094900 0.060500 0.063900 0.130000 0.114900 0.051000 0.061100 0.059400 0.099200 0.073400 0.099500 0.107900 0.060200 0.150300 0.072800 0.067900 0.077400 0.063800 0.000000 0.087600 0.129500 0.106400 0.061100 0.117500 0.115100 0.094500 0.060600 0.059000 0.064000 0.077100 0.105700 0.090700 0.099300
KirksDik 0.114200 0.378400 0.156100 0.281600 0.104500 0.105400 0.098200 0.105400 0.157400 0.137900 0.109700 0.115100 0.122700 0.119700 0.153200 0.083700 0.151400 0.153700 0.095300 0.151900 0.083800 0.105200 0.159500 0.154200 0.101100 0.084600 0.114100 0.156300 0.096900 0.156800 0.142500 0.111000 0.190600 0.128500 0.113700 0.138200 0.114500 0.087600 0.000000 0.164400 0.140600 0.084600 0.152600 0.164400 0.155800 0.088600 0.099800 0.109900 0.100500 0.159700 0.147600 0.156500
RoeDeer 0.131700 0.333200 0.168700 0.215300 0.127600 0.137700 0.130900 0.152200 0.150800 0.080400 0.127300 0.123400 0.136700 0.137500 0.181400 0.125300 0.140100 0.142500 0.140300 0.145600 0.135100 0.137400 0.106100 0.073500 0.128100 0.136300 0.128100 0.149800 0.119700 0.140700 0.075500 0.143800 0.154700 0.152500 0.132000 0.127300 0.141600 0.129500 0.164400 0.000000 0.101500 0.126800 0.094300 0.064800 0.135400 0.116200 0.136600 0.136900 0.142200 0.154300 0.141300 0.149900
WhiteLippe 0.118400 0.335100 0.164500 0.254500 0.114200 0.114800 0.117100 0.119500 0.146800 0.057700 0.123300 0.105400 0.113900 0.133400 0.172300 0.111600 0.116600 0.110000 0.127000 0.141400 0.111800 0.123900 0.030000 0.105800 0.114700 0.112900 0.105300 0.155200 0.115500 0.155700 0.071200 0.130000 0.160400 0.129100 0.109300 0.132600 0.128800 0.106400 0.140600 0.101500 0.000000 0.103500 0.071400 0.106100 0.150100 0.111900 0.113700 0.132800 0.128500 0.135700 0.137100 0.155500
ThomsonGaz 0.078400 0.350400 0.123700 0.239700 0.069100 0.074100 0.066400 0.065200 0.106100 0.110000 0.078400 0.079000 0.077800 0.083500 0.120900 0.025800 0.128300 0.121300 0.077900 0.105700 0.043600 0.073900 0.127300 0.107400 0.069800 0.017400 0.069300 0.114600 0.047600 0.115000 0.114600 0.070200 0.143200 0.092200 0.073600 0.101600 0.083000 0.061100 0.084600 0.126800 0.103500 0.000000 0.124500 0.121800 0.119100 0.039200 0.055700 0.078700 0.078400 0.117200 0.101400 0.124200
MuntiacusC 0.140100 0.347000 0.168100 0.253100 0.115900 0.135700 0.138500 0.150300 0.154600 0.029800 0.145100 0.112300 0.144200 0.155800 0.180900 0.132700 0.129100 0.131600 0.139000 0.144500 0.133000 0.145000 0.085300 0.108100 0.136300 0.134300 0.135400 0.158600 0.146400 0.159100 0.044300 0.150800 0.168900 0.160400 0.129900 0.135400 0.150200 0.117500 0.152600 0.094300 0.071400 0.124500 0.000000 0.098900 0.143600 0.123400 0.144100 0.145300 0.149100 0.152500 0.140100 0.158900
WhiteTaile 0.126800 0.314800 0.135100 0.231400 0.122700 0.113900 0.116300 0.137500 0.117700 0.084900 0.113100 0.109200 0.131700 0.132500 0.176000 0.129900 0.144800 0.147100 0.125600 0.103600 0.130100 0.113700 0.120100 0.033900 0.104600 0.131300 0.123100 0.116900 0.133800 0.108100 0.080000 0.138700 0.159300 0.142600 0.127200 0.113200 0.117900 0.115100 0.164400 0.064800 0.106100 0.121800 0.098900 0.000000 0.125900 0.111300 0.141100 0.122700 0.113900 0.129800 0.108400 0.126300
Cattle 0.124200 0.398300 0.114300 0.274600 0.102100 0.120700 0.113800 0.116300 0.115200 0.138900 0.119900 0.062900 0.128900 0.120600 0.162700 0.117800 0.160700 0.162800 0.114500 0.101400 0.108700 0.120500 0.174000 0.139600 0.111500 0.114600 0.120400 0.105600 0.121600 0.105900 0.153100 0.117200 0.184100 0.134600 0.133600 0.016300 0.124600 0.094500 0.155800 0.135400 0.150100 0.119100 0.143600 0.125900 0.000000 0.099800 0.119800 0.120100 0.115900 0.145600 0.097300 0.096800
RoyalAntel 0.077700 0.334500 0.113500 0.248700 0.077500 0.064600 0.056800 0.069100 0.114500 0.109100 0.068800 0.069400 0.081800 0.082800 0.105900 0.043200 0.122200 0.124800 0.077300 0.091100 0.052100 0.064400 0.135800 0.092400 0.060300 0.043600 0.073300 0.104500 0.065000 0.104900 0.113600 0.069600 0.146600 0.091700 0.068500 0.091600 0.073300 0.060600 0.088600 0.116200 0.111900 0.039200 0.123400 0.111300 0.099800 0.000000 0.050800 0.064600 0.055700 0.106700 0.086800 0.104700
Steenbok 0.093400 0.348600 0.133500 0.241800 0.075500 0.089200 0.081900 0.063000 0.125400 0.129800 0.084500 0.089800 0.079600 0.098500 0.107700 0.059400 0.133100 0.121700 0.092800 0.111200 0.059500 0.080300 0.132400 0.122000 0.076200 0.060000 0.080100 0.124600 0.072000 0.125000 0.134300 0.081100 0.152500 0.093700 0.075400 0.111900 0.089000 0.059000 0.099800 0.136600 0.113700 0.055700 0.144100 0.141100 0.119800 0.050800 0.000000 0.080300 0.084500 0.122300 0.107000 0.124700
Impala 0.089300 0.390600 0.106700 0.266400 0.080600 0.085600 0.078200 0.072300 0.107400 0.131000 0.089300 0.081100 0.084800 0.094400 0.117100 0.082300 0.133700 0.140900 0.080000 0.093600 0.082400 0.085400 0.156600 0.113300 0.080900 0.083100 0.085300 0.097800 0.095200 0.098100 0.135400 0.090800 0.166900 0.099100 0.080500 0.103100 0.093800 0.064000 0.109900 0.136900 0.132800 0.078700 0.145300 0.122700 0.120100 0.064600 0.080300 0.000000 0.076600 0.118800 0.089400 0.097900
Klipspring 0.076300 0.365400 0.116100 0.260500 0.093700 0.067800 0.078100 0.085500 0.117000 0.125200 0.072000 0.076900 0.102400 0.099200 0.136300 0.077600 0.138900 0.141300 0.058500 0.103000 0.077700 0.067700 0.152200 0.113700 0.063600 0.078400 0.094000 0.107200 0.090400 0.098500 0.129600 0.076800 0.172200 0.107800 0.093700 0.098900 0.076500 0.077100 0.100500 0.142200 0.128500 0.078400 0.149100 0.113900 0.115900 0.055700 0.084500 0.076600 0.000000 0.118600 0.107800 0.116400
ForestMusk 0.123100 0.346100 0.140800 0.282600 0.113400 0.100300 0.106900 0.123600 0.132600 0.128000 0.113800 0.096100 0.113000 0.138100 0.152600 0.125300 0.151000 0.158300 0.122200 0.118100 0.125400 0.109300 0.160000 0.139200 0.105200 0.126700 0.113700 0.131700 0.129000 0.132100 0.142400 0.134100 0.185000 0.123500 0.122600 0.128200 0.118500 0.105700 0.159700 0.154300 0.135700 0.117200 0.152500 0.129800 0.145600 0.106700 0.122300 0.118800 0.118600 0.000000 0.113800 0.131900
Bushbuck 0.120600 0.364300 0.032700 0.254800 0.080600 0.107900 0.100800 0.112500 0.031900 0.125700 0.107100 0.067700 0.102600 0.126000 0.140000 0.114100 0.138000 0.126500 0.110800 0.004000 0.114200 0.107600 0.160900 0.108300 0.098700 0.105900 0.103200 0.023600 0.127200 0.023600 0.139900 0.122700 0.152200 0.112800 0.102700 0.089300 0.111800 0.090700 0.147600 0.141300 0.137100 0.101400 0.140100 0.108400 0.097300 0.086800 0.107000 0.089400 0.107800 0.113800 0.000000 0.032800
GreaterKud 0.129200 0.387300 0.049200 0.275600 0.106900 0.116500 0.109500 0.130400 0.039400 0.144300 0.115700 0.076100 0.124600 0.134700 0.167900 0.122900 0.166000 0.144600 0.119300 0.036900 0.123000 0.116200 0.179600 0.135900 0.107300 0.124300 0.125300 0.032600 0.136000 0.031500 0.158600 0.131500 0.180000 0.125800 0.129400 0.097800 0.120400 0.099300 0.156500 0.149900 0.155500 0.124200 0.158900 0.126300 0.096800 0.104700 0.124700 0.097900 0.116400 0.131900 0.032800 0.000000
