1
52 1
Argali 0.000000 0.193100 0.057000 0.237300 0.045500 0.003700 0.045600 0.037900 0.061200 0.115800 0.033900 0.056800 0.045700 0.037800 0.061100 0.049700 0.086100 0.069800 0.022400 0.057100 0.045700 0.033800 0.115800 0.106800 0.033800 0.061600 0.041800 0.065000 0.041800 0.057100 0.124400 0.033900 0.093900 0.037900 0.030100 0.057100 0.037900 0.037800 0.049600 0.124900 0.115800 0.045700 0.120400 0.120900 0.053100 0.034300 0.037100 0.053300 0.045800 0.077400 0.065100 0.061100
LesserMous 0.193100 0.000000 0.195900 0.236600 0.188500 0.188500 0.192500 0.179500 0.201400 0.205000 0.179500 0.178100 0.199300 0.187700 0.192200 0.193600 0.170600 0.147600 0.183300 0.196300 0.179700 0.188200 0.190400 0.198300 0.184300 0.208100 0.194200 0.196000 0.174700 0.196300 0.214600 0.179400 0.165000 0.194100 0.165400 0.187200 0.193700 0.188400 0.188300 0.225800 0.190500 0.188800 0.210400 0.220300 0.182400 0.162700 0.174900 0.197200 0.193400 0.182600 0.196500 0.201000
LesserKudu 0.057000 0.195900 0.000000 0.212200 0.077000 0.053100 0.072900 0.061100 0.025900 0.119400 0.061000 0.052600 0.081300 0.057000 0.064800 0.073100 0.089700 0.065400 0.057000 0.022200 0.081100 0.060900 0.110800 0.114600 0.057200 0.085300 0.077200 0.029800 0.065000 0.022200 0.127900 0.061000 0.081200 0.073100 0.064900 0.045200 0.065100 0.069000 0.064900 0.119800 0.110800 0.069000 0.123900 0.120100 0.041300 0.061500 0.060300 0.064900 0.057200 0.072900 0.029800 0.026100
KillerWhal 0.237300 0.236600 0.212200 0.000000 0.252300 0.232500 0.246800 0.223100 0.236700 0.247900 0.242200 0.231700 0.258400 0.227200 0.217200 0.238000 0.228600 0.214100 0.227100 0.231400 0.237700 0.232100 0.253900 0.257800 0.242800 0.263100 0.253000 0.231200 0.227600 0.231400 0.257800 0.232600 0.204200 0.247900 0.227300 0.221900 0.247500 0.242200 0.217700 0.267100 0.254000 0.237600 0.253500 0.272500 0.217000 0.214600 0.222900 0.227400 0.228200 0.221700 0.231800 0.236100
DefassaWat 0.045500 0.188500 0.077000 0.252300 0.000000 0.045600 0.049600 0.038000 0.081300 0.111800 0.045200 0.053000 0.050000 0.041700 0.065200 0.049800 0.082200 0.066000 0.033900 0.077100 0.057600 0.045500 0.111900 0.107100 0.045400 0.061800 0.045700 0.077100 0.041900 0.077100 0.120300 0.030200 0.086000 0.041900 0.034100 0.061100 0.049600 0.007400 0.049700 0.121000 0.111900 0.045800 0.116400 0.121300 0.057200 0.038300 0.036900 0.061300 0.053700 0.081500 0.077300 0.081100
Sheep 0.003700 0.188500 0.053100 0.232500 0.045600 0.000000 0.041700 0.034100 0.057200 0.111600 0.030100 0.052900 0.041800 0.033900 0.057200 0.045800 0.082100 0.065800 0.018600 0.053200 0.041900 0.030000 0.111600 0.102600 0.030100 0.057600 0.037900 0.061000 0.037900 0.053200 0.120100 0.030200 0.089800 0.034000 0.026300 0.053200 0.034000 0.037600 0.045700 0.120600 0.111600 0.041800 0.116100 0.116600 0.049300 0.030500 0.033100 0.057300 0.041900 0.073400 0.061200 0.057100
MaxwellsDu 0.045600 0.192500 0.072900 0.246800 0.049600 0.041700 0.000000 0.034100 0.077200 0.115800 0.049500 0.056700 0.053700 0.030000 0.061100 0.053600 0.086100 0.069800 0.030100 0.073000 0.061500 0.041700 0.115800 0.111000 0.049600 0.065600 0.049700 0.073000 0.045700 0.073000 0.124300 0.034000 0.094000 0.045800 0.037800 0.057100 0.053500 0.041800 0.053500 0.124900 0.115800 0.049600 0.120300 0.116600 0.053200 0.042100 0.040700 0.061200 0.049700 0.077400 0.073100 0.077000
GazellaPrz 0.037900 0.179500 0.061100 0.223100 0.038000 0.034100 0.034100 0.000000 0.065300 0.095000 0.038000 0.037200 0.042100 0.034000 0.041700 0.026300 0.074100 0.050000 0.026400 0.061200 0.033900 0.037900 0.095000 0.090400 0.038100 0.037800 0.038100 0.061100 0.022500 0.061200 0.103400 0.022600 0.065700 0.034200 0.026400 0.045500 0.041900 0.030300 0.026300 0.103900 0.095100 0.022500 0.099400 0.104200 0.041600 0.019000 0.018800 0.049500 0.037800 0.065500 0.061300 0.065100
MountainNy 0.061200 0.201400 0.025900 0.236700 0.081300 0.057200 0.077200 0.065300 0.000000 0.119800 0.057300 0.056700 0.085700 0.069000 0.068900 0.077300 0.090000 0.065600 0.061100 0.018500 0.085400 0.057200 0.111200 0.115000 0.053400 0.089700 0.081500 0.018400 0.069200 0.018500 0.128400 0.065200 0.089600 0.077400 0.069100 0.057000 0.061300 0.073200 0.069100 0.120200 0.111200 0.073300 0.115800 0.120600 0.053000 0.065700 0.064500 0.069000 0.061400 0.073200 0.018500 0.022300
MuntiacusM 0.115800 0.205000 0.119400 0.247900 0.111800 0.111600 0.115800 0.095000 0.119800 0.000000 0.103400 0.094300 0.095400 0.098700 0.098800 0.098800 0.095400 0.070500 0.098800 0.119600 0.107700 0.103100 0.030500 0.058100 0.103600 0.112200 0.091100 0.115200 0.099200 0.119600 0.015000 0.095000 0.090600 0.095200 0.099000 0.094300 0.107700 0.103300 0.107500 0.070900 0.030500 0.095000 0.011300 0.075200 0.098400 0.087400 0.094600 0.098800 0.103500 0.090300 0.115500 0.123900
goat 0.033900 0.179500 0.061000 0.242200 0.045200 0.030100 0.049500 0.038000 0.057300 0.103400 0.000000 0.045100 0.042000 0.041700 0.057200 0.049700 0.074000 0.057900 0.026200 0.061100 0.053600 0.014900 0.103300 0.094400 0.007500 0.061700 0.037900 0.061100 0.041800 0.061100 0.111800 0.030100 0.081800 0.034100 0.026300 0.053200 0.011200 0.037800 0.049600 0.112300 0.103400 0.045800 0.107800 0.108300 0.049300 0.034400 0.036800 0.057300 0.053600 0.073400 0.061200 0.065100
AfricanBuf 0.056800 0.178100 0.052600 0.231700 0.053000 0.052900 0.056700 0.037200 0.056700 0.094300 0.045100 0.000000 0.057200 0.048800 0.049100 0.048800 0.065400 0.041500 0.041000 0.044800 0.056800 0.045000 0.085900 0.085500 0.041200 0.052800 0.053200 0.044800 0.040800 0.044800 0.102600 0.029500 0.065100 0.049200 0.041000 0.014100 0.041300 0.045100 0.048800 0.094600 0.086000 0.036800 0.098700 0.094800 0.010100 0.036900 0.035000 0.048800 0.033300 0.056900 0.044900 0.056500
Topi 0.045700 0.199300 0.081300 0.258400 0.050000 0.041800 0.053700 0.042100 0.085700 0.095400 0.042000 0.057200 0.000000 0.045800 0.069500 0.050000 0.082600 0.066200 0.030400 0.081400 0.049900 0.041800 0.095400 0.086600 0.042000 0.066000 0.003700 0.081400 0.046000 0.081400 0.103800 0.034200 0.094600 0.007500 0.030300 0.065300 0.045700 0.041900 0.053800 0.096000 0.095400 0.049900 0.099900 0.108800 0.061300 0.042400 0.041100 0.061600 0.057900 0.085900 0.081600 0.085500
CommonDuik 0.037800 0.187700 0.057000 0.227200 0.041700 0.033900 0.030000 0.034000 0.069000 0.098700 0.041700 0.048800 0.045800 0.000000 0.053200 0.045700 0.077800 0.061700 0.022500 0.064900 0.053500 0.033900 0.098700 0.094100 0.041700 0.057600 0.041800 0.064900 0.037900 0.064900 0.107100 0.026300 0.077500 0.037900 0.030100 0.041500 0.045600 0.034000 0.045600 0.107500 0.098700 0.041800 0.103100 0.107800 0.037600 0.034300 0.032700 0.053300 0.041800 0.069200 0.065000 0.068900
Suni 0.061100 0.192200 0.064800 0.217200 0.065200 0.057200 0.061100 0.041700 0.068900 0.098800 0.057200 0.049100 0.069500 0.053200 0.000000 0.061300 0.086000 0.061600 0.045400 0.064900 0.069200 0.049300 0.107000 0.102400 0.057400 0.065400 0.065400 0.064800 0.053300 0.064900 0.115500 0.049400 0.077400 0.061300 0.053300 0.049200 0.061300 0.057200 0.053300 0.115900 0.107100 0.057300 0.111500 0.116300 0.045300 0.045900 0.048300 0.053200 0.049500 0.069200 0.065000 0.068800
Springbuck 0.049700 0.193600 0.073100 0.238000 0.049800 0.045800 0.053600 0.026300 0.077300 0.098800 0.049700 0.048800 0.050000 0.045700 0.061300 0.000000 0.086500 0.062000 0.037900 0.073200 0.037800 0.049600 0.098800 0.094200 0.049800 0.041700 0.046000 0.073100 0.026400 0.073200 0.107200 0.034200 0.086100 0.042000 0.038000 0.057300 0.053700 0.041900 0.045600 0.107700 0.098800 0.026300 0.103200 0.108000 0.053300 0.037500 0.030300 0.061400 0.049600 0.077600 0.073300 0.077200
Okapi 0.086100 0.170600 0.089700 0.228600 0.082200 0.082100 0.086100 0.074100 0.090000 0.095400 0.074000 0.065400 0.082600 0.077800 0.086000 0.086500 0.000000 0.034200 0.069800 0.089900 0.090600 0.073900 0.087000 0.081900 0.070100 0.099100 0.078400 0.085700 0.078200 0.089900 0.103800 0.066000 0.061600 0.078400 0.069900 0.073600 0.078200 0.074000 0.086300 0.095700 0.087000 0.082300 0.099800 0.096000 0.069500 0.074700 0.073500 0.086100 0.078300 0.057400 0.085900 0.094000
Giraffe 0.069800 0.147600 0.065400 0.214100 0.066000 0.065800 0.069800 0.050000 0.065600 0.070500 0.057900 0.041500 0.066200 0.061700 0.061600 0.062000 0.034200 0.000000 0.053800 0.065500 0.066000 0.057800 0.062300 0.057700 0.054000 0.074200 0.062100 0.061500 0.054000 0.065500 0.078600 0.050000 0.037500 0.062100 0.053900 0.049600 0.062000 0.057900 0.061900 0.070800 0.062300 0.057900 0.074700 0.070900 0.045700 0.050400 0.049100 0.061700 0.058000 0.037700 0.061600 0.069500
TibetanAnt 0.022400 0.183300 0.057000 0.227100 0.033900 0.018600 0.030100 0.026400 0.061100 0.098800 0.026200 0.041000 0.030400 0.022500 0.045400 0.037900 0.069800 0.053800 0.000000 0.057100 0.041800 0.018600 0.098800 0.090000 0.026300 0.049700 0.026300 0.057000 0.030200 0.057100 0.107200 0.018700 0.077500 0.022500 0.014900 0.041500 0.030100 0.026300 0.037800 0.107600 0.098800 0.034000 0.103200 0.103600 0.037600 0.026500 0.024800 0.045500 0.034100 0.061300 0.057100 0.061000
Sitatunga 0.057100 0.196300 0.022200 0.231400 0.077100 0.053200 0.073000 0.061200 0.018500 0.119600 0.061100 0.044800 0.081400 0.064900 0.064900 0.073200 0.089900 0.065500 0.057100 0.000000 0.081200 0.061000 0.111000 0.114800 0.057300 0.085400 0.077300 0.007300 0.065100 0.000000 0.128100 0.053300 0.089400 0.073200 0.065000 0.045200 0.065200 0.069000 0.065000 0.120000 0.111000 0.069100 0.124100 0.116100 0.041400 0.061600 0.060300 0.064900 0.057300 0.073000 0.014700 0.011100
Oribi 0.045700 0.179700 0.081100 0.237700 0.057600 0.041900 0.061500 0.033900 0.085400 0.107700 0.053600 0.056800 0.049900 0.053500 0.069200 0.037800 0.090600 0.066000 0.041800 0.081200 0.000000 0.053500 0.107600 0.098400 0.053700 0.049500 0.045900 0.081100 0.033900 0.081200 0.116200 0.041900 0.094200 0.049900 0.041800 0.065200 0.057700 0.049700 0.053400 0.116600 0.107700 0.033900 0.112200 0.112200 0.061200 0.037400 0.038100 0.069300 0.057400 0.085700 0.081300 0.085300
BarbaryShe 0.033800 0.188200 0.060900 0.232100 0.045500 0.030000 0.041700 0.037900 0.057200 0.103100 0.014900 0.045000 0.041800 0.033900 0.049300 0.049600 0.073900 0.057800 0.018600 0.061000 0.053500 0.000000 0.103100 0.094200 0.014900 0.061500 0.037800 0.061000 0.041700 0.061000 0.111500 0.030100 0.081600 0.033800 0.026300 0.045400 0.018700 0.037700 0.049500 0.112000 0.103100 0.045700 0.107500 0.108000 0.041500 0.038200 0.036700 0.049400 0.045700 0.065300 0.061100 0.065000
Daviddeer 0.115800 0.190400 0.110800 0.253900 0.111900 0.111600 0.115800 0.095000 0.111200 0.030500 0.103300 0.085900 0.095400 0.098700 0.107000 0.098800 0.087000 0.062300 0.098800 0.111000 0.107600 0.103100 0.000000 0.058100 0.099300 0.120600 0.091100 0.106700 0.099100 0.111000 0.038300 0.095000 0.082300 0.095200 0.099000 0.094200 0.107700 0.103300 0.099100 0.062700 0.000000 0.094900 0.034500 0.066900 0.090100 0.087400 0.086200 0.098800 0.095100 0.082000 0.106900 0.115200
Reindeer 0.106800 0.198300 0.114600 0.257800 0.107100 0.102600 0.111000 0.090400 0.115000 0.058100 0.094400 0.085500 0.086600 0.094100 0.102400 0.094200 0.081900 0.057700 0.090000 0.114800 0.098400 0.094200 0.058100 0.000000 0.094600 0.115800 0.082400 0.110500 0.094500 0.114800 0.066100 0.090400 0.077600 0.086400 0.090200 0.098000 0.098700 0.098600 0.102800 0.058400 0.058100 0.090400 0.062200 0.050300 0.093800 0.082800 0.089900 0.102500 0.090600 0.077400 0.110700 0.110500
Ibex 0.033800 0.184300 0.057200 0.242800 0.045400 0.030100 0.049600 0.038100 0.053400 0.103600 0.007500 0.041200 0.042000 0.041700 0.057400 0.049800 0.070100 0.054000 0.026300 0.057300 0.053700 0.014900 0.099300 0.094600 0.000000 0.061800 0.038000 0.057200 0.041900 0.057300 0.112000 0.030200 0.077800 0.034100 0.026400 0.049400 0.011200 0.037800 0.049700 0.108200 0.099300 0.045800 0.108000 0.104200 0.045500 0.038300 0.036900 0.057500 0.053700 0.069500 0.057400 0.061200
GyrantGaze 0.061600 0.208100 0.085300 0.263100 0.061800 0.057600 0.065600 0.037800 0.089700 0.112200 0.061700 0.052800 0.066000 0.057600 0.065400 0.041700 0.099100 0.074200 0.049700 0.085400 0.049500 0.061500 0.120600 0.115800 0.061800 0.000000 0.061900 0.085400 0.037800 0.085400 0.129300 0.045900 0.098600 0.057900 0.049800 0.061300 0.065800 0.053800 0.057500 0.129900 0.120700 0.022500 0.125200 0.130200 0.057300 0.046300 0.042000 0.073500 0.061500 0.089900 0.085600 0.089500
Hartebeest 0.041800 0.194200 0.077200 0.253000 0.045700 0.037900 0.049700 0.038100 0.081500 0.091100 0.037900 0.053200 0.003700 0.041800 0.065400 0.046000 0.078400 0.062100 0.026300 0.077300 0.045900 0.037800 0.091100 0.082400 0.038000 0.061900 0.000000 0.077200 0.042000 0.077300 0.099400 0.030300 0.090300 0.003800 0.026400 0.061300 0.041900 0.037700 0.049800 0.091600 0.091100 0.045900 0.095500 0.104400 0.057300 0.038400 0.037000 0.057500 0.053900 0.081700 0.077400 0.081300
Bongo 0.065000 0.196000 0.029800 0.231200 0.077100 0.061000 0.073000 0.061100 0.018400 0.115200 0.061100 0.044800 0.081400 0.064900 0.064800 0.073100 0.085700 0.061500 0.057000 0.007300 0.081100 0.061000 0.106700 0.110500 0.057200 0.085400 0.077200 0.000000 0.065100 0.007300 0.123700 0.053200 0.085300 0.073200 0.065000 0.045200 0.065100 0.069000 0.065000 0.115600 0.106700 0.069100 0.119700 0.111700 0.041300 0.061600 0.060300 0.064900 0.057200 0.069000 0.007400 0.018500
Gerenuk 0.041800 0.174700 0.065000 0.227600 0.041900 0.037900 0.045700 0.022500 0.069200 0.099200 0.041800 0.040800 0.046000 0.037900 0.053300 0.026400 0.078200 0.054000 0.030200 0.065100 0.033900 0.041700 0.099100 0.094500 0.041900 0.037800 0.042000 0.065100 0.000000 0.065100 0.107500 0.026400 0.069700 0.038100 0.022600 0.049300 0.045800 0.034100 0.037800 0.108000 0.099200 0.022500 0.103600 0.108300 0.045400 0.029500 0.022600 0.053400 0.041700 0.069400 0.065200 0.069100
CommonElan 0.057100 0.196300 0.022200 0.231400 0.077100 0.053200 0.073000 0.061200 0.018500 0.119600 0.061100 0.044800 0.081400 0.064900 0.064900 0.073200 0.089900 0.065500 0.057100 0.000000 0.081200 0.061000 0.111000 0.114800 0.057300 0.085400 0.077300 0.007300 0.065100 0.000000 0.128100 0.053300 0.089400 0.073200 0.065000 0.045200 0.065200 0.069000 0.065000 0.120000 0.111000 0.069100 0.124100 0.116100 0.041400 0.061600 0.060300 0.064900 0.057300 0.073000 0.014800 0.011100
MuntiacusR 0.124400 0.214600 0.127900 0.257800 0.120300 0.120100 0.124300 0.103400 0.128400 0.015000 0.111800 0.102600 0.103800 0.107100 0.115500 0.107200 0.103800 0.078600 0.107200 0.128100 0.116200 0.111500 0.038300 0.066100 0.112000 0.129300 0.099400 0.123700 0.107500 0.128100 0.000000 0.103300 0.098900 0.103600 0.107400 0.102600 0.116200 0.111700 0.115900 0.079100 0.038300 0.103400 0.018800 0.083400 0.106800 0.095700 0.103100 0.107200 0.111900 0.098600 0.124000 0.132400
HarveysDui 0.033900 0.179400 0.061000 0.232600 0.030200 0.030200 0.034000 0.022600 0.065200 0.095000 0.030100 0.029500 0.034200 0.026300 0.049400 0.034200 0.066000 0.050000 0.018700 0.053300 0.041900 0.030100 0.095000 0.090400 0.030200 0.045900 0.030300 0.053200 0.026400 0.053300 0.103300 0.000000 0.073700 0.026400 0.018800 0.037700 0.026400 0.022500 0.034100 0.095000 0.095000 0.030300 0.099400 0.095300 0.033900 0.022800 0.020900 0.049500 0.038000 0.065400 0.053400 0.065100
Pronghorn 0.093900 0.165000 0.081200 0.204200 0.086000 0.089800 0.094000 0.065700 0.089600 0.090600 0.081800 0.065100 0.094600 0.077500 0.077400 0.086100 0.061600 0.037500 0.077500 0.089400 0.094200 0.081600 0.082300 0.077600 0.077800 0.098600 0.090300 0.085300 0.069700 0.089400 0.098900 0.073700 0.000000 0.086100 0.069600 0.065200 0.086000 0.081800 0.073700 0.099400 0.082400 0.081900 0.095000 0.099700 0.061200 0.070300 0.073200 0.085700 0.082000 0.060900 0.085500 0.093500
BlueWildeb 0.037900 0.194100 0.073100 0.247900 0.041900 0.034000 0.045800 0.034200 0.077400 0.095200 0.034100 0.049200 0.007500 0.037900 0.061300 0.042000 0.078400 0.062100 0.022500 0.073200 0.049900 0.033800 0.095200 0.086400 0.034100 0.057900 0.003800 0.073200 0.038100 0.073200 0.103600 0.026400 0.086100 0.000000 0.022600 0.057300 0.038000 0.034100 0.045900 0.095700 0.095200 0.042000 0.099700 0.108600 0.053300 0.034500 0.033000 0.053600 0.049900 0.077600 0.073300 0.077300
Gemsbok 0.030100 0.165400 0.064900 0.227300 0.034100 0.026300 0.037800 0.026400 0.069100 0.099000 0.026300 0.041000 0.030300 0.030100 0.053300 0.038000 0.069900 0.053900 0.014900 0.065000 0.041800 0.026300 0.099000 0.090200 0.026400 0.049800 0.026400 0.065000 0.022600 0.065000 0.107400 0.018800 0.069600 0.022600 0.000000 0.049300 0.030200 0.026400 0.037900 0.107900 0.099000 0.034100 0.103400 0.103900 0.045400 0.026600 0.024800 0.053300 0.041800 0.069300 0.065100 0.069000
Yak 0.057100 0.187200 0.045200 0.221900 0.061100 0.053200 0.057100 0.045500 0.057000 0.094300 0.053200 0.014100 0.065300 0.041500 0.049200 0.057300 0.073600 0.049600 0.041500 0.045200 0.065200 0.045400 0.094200 0.098000 0.049400 0.061300 0.061300 0.045200 0.049300 0.045200 0.102600 0.037700 0.065200 0.057300 0.049300 0.000000 0.049400 0.053200 0.057100 0.103000 0.094300 0.045500 0.098700 0.103300 0.003700 0.045800 0.044300 0.041500 0.037800 0.057100 0.045300 0.056900
BlueSheep 0.037900 0.193700 0.065100 0.247500 0.049600 0.034000 0.053500 0.041900 0.061300 0.107700 0.011200 0.041300 0.045700 0.045600 0.061300 0.053700 0.078200 0.062000 0.030100 0.065200 0.057700 0.018700 0.107700 0.098700 0.011200 0.065800 0.041900 0.065100 0.045800 0.065200 0.116200 0.026400 0.086000 0.038000 0.030200 0.049400 0.000000 0.041800 0.053600 0.107800 0.107700 0.049700 0.112200 0.103800 0.045500 0.042200 0.040900 0.061400 0.049800 0.077500 0.065300 0.069200
BohorReedb 0.037800 0.188400 0.069000 0.242200 0.007400 0.037600 0.041800 0.030300 0.073200 0.103300 0.037800 0.045100 0.041900 0.034000 0.057200 0.041900 0.074000 0.057900 0.026300 0.069000 0.049700 0.037700 0.103300 0.098600 0.037800 0.053800 0.037700 0.069000 0.034100 0.069000 0.111700 0.022500 0.081800 0.034100 0.026400 0.053200 0.041800 0.000000 0.041900 0.112300 0.103300 0.038000 0.107800 0.112600 0.049300 0.030500 0.028900 0.053400 0.045800 0.073400 0.069200 0.073000
KirksDik 0.049600 0.188300 0.064900 0.217700 0.049700 0.045700 0.053500 0.026300 0.069100 0.107500 0.049600 0.048800 0.053800 0.045600 0.053300 0.045600 0.086300 0.061900 0.037800 0.065000 0.053400 0.049500 0.099100 0.102800 0.049700 0.057500 0.049800 0.065000 0.037800 0.065000 0.115900 0.034100 0.073700 0.045900 0.037900 0.057100 0.053600 0.041900 0.000000 0.116500 0.099100 0.041700 0.112000 0.116800 0.053200 0.030500 0.022600 0.053400 0.037800 0.077400 0.065100 0.069000
RoeDeer 0.124900 0.225800 0.119800 0.267100 0.121000 0.120600 0.124900 0.103900 0.120200 0.070900 0.112300 0.094600 0.096000 0.107500 0.115900 0.107700 0.095700 0.070800 0.107600 0.120000 0.116600 0.112000 0.062700 0.058400 0.108200 0.129900 0.091600 0.115600 0.108000 0.120000 0.079100 0.095000 0.099400 0.095700 0.107900 0.103000 0.107800 0.112300 0.116500 0.000000 0.062700 0.103800 0.071000 0.046800 0.098800 0.096200 0.103600 0.116200 0.112500 0.090600 0.115900 0.115700
WhiteLippe 0.115800 0.190500 0.110800 0.254000 0.111900 0.111600 0.115800 0.095100 0.111200 0.030500 0.103400 0.086000 0.095400 0.098700 0.107100 0.098800 0.087000 0.062300 0.098800 0.111000 0.107700 0.103100 0.000000 0.058100 0.099300 0.120700 0.091100 0.106700 0.099200 0.111000 0.038300 0.095000 0.082400 0.095200 0.099000 0.094300 0.107700 0.103300 0.099100 0.062700 0.000000 0.095000 0.034500 0.066900 0.090100 0.087400 0.086300 0.098900 0.095100 0.082100 0.107000 0.115200
ThomsonGaz 0.045700 0.188800 0.069000 0.237600 0.045800 0.041800 0.049600 0.022500 0.073300 0.095000 0.045800 0.036800 0.049900 0.041800 0.057300 0.026300 0.082300 0.057900 0.034000 0.069100 0.033900 0.045700 0.094900 0.090400 0.045800 0.022500 0.045900 0.069100 0.022500 0.069100 0.103400 0.030300 0.081900 0.042000 0.034100 0.045500 0.049700 0.038000 0.041700 0.103800 0.095000 0.000000 0.099400 0.104100 0.041600 0.022800 0.026500 0.057400 0.045600 0.073500 0.069200 0.073100
MuntiacusC 0.120400 0.210400 0.123900 0.253500 0.116400 0.116100 0.120300 0.099400 0.115800 0.011300 0.107800 0.098700 0.099900 0.103100 0.111500 0.103200 0.099800 0.074700 0.103200 0.124100 0.112200 0.107500 0.034500 0.062200 0.108000 0.125200 0.095500 0.119700 0.103600 0.124100 0.018800 0.099400 0.095000 0.099700 0.103400 0.098700 0.112200 0.107800 0.112000 0.071000 0.034500 0.099400 0.000000 0.079500 0.102800 0.091700 0.099100 0.103300 0.108000 0.094700 0.120000 0.128400
WhiteTaile 0.120900 0.220300 0.120100 0.272500 0.121300 0.116600 0.116600 0.104200 0.120600 0.075200 0.108300 0.094800 0.108800 0.107800 0.116300 0.108000 0.096000 0.070900 0.103600 0.116100 0.112200 0.108000 0.066900 0.050300 0.104200 0.130200 0.104400 0.111700 0.108300 0.116100 0.083400 0.095300 0.099700 0.108600 0.103900 0.103300 0.103800 0.112600 0.116800 0.046800 0.066900 0.104100 0.079500 0.000000 0.099000 0.096400 0.103800 0.116500 0.112800 0.086700 0.116200 0.111800
Cattle 0.053100 0.182400 0.041300 0.217000 0.057200 0.049300 0.053200 0.041600 0.053000 0.098400 0.049300 0.010100 0.061300 0.037600 0.045300 0.053300 0.069500 0.045700 0.037600 0.041400 0.061200 0.041500 0.090100 0.093800 0.045500 0.057300 0.057300 0.041300 0.045400 0.041400 0.106800 0.033900 0.061200 0.053300 0.045400 0.003700 0.045500 0.049300 0.053200 0.098800 0.090100 0.041600 0.102800 0.099000 0.000000 0.041900 0.040300 0.045300 0.033900 0.053200 0.041400 0.052900
RoyalAntel 0.034300 0.162700 0.061500 0.214600 0.038300 0.030500 0.042100 0.019000 0.065700 0.087400 0.034400 0.036900 0.042400 0.034300 0.045900 0.037500 0.074700 0.050400 0.026500 0.061600 0.037400 0.038200 0.087400 0.082800 0.038300 0.046300 0.038400 0.061600 0.029500 0.061600 0.095700 0.022800 0.070300 0.034500 0.026600 0.045800 0.042200 0.030500 0.030500 0.096200 0.087400 0.022800 0.091700 0.096400 0.041900 0.000000 0.020500 0.049900 0.038300 0.066000 0.061700 0.065600
Steenbok 0.037100 0.174900 0.060300 0.222900 0.036900 0.033100 0.040700 0.018800 0.064500 0.094600 0.036800 0.035000 0.041100 0.032700 0.048300 0.030300 0.073500 0.049100 0.024800 0.060300 0.038100 0.036700 0.086200 0.089900 0.036900 0.042000 0.037000 0.060300 0.022600 0.060300 0.103100 0.020900 0.073200 0.033000 0.024800 0.044300 0.040900 0.028900 0.022600 0.103600 0.086300 0.026500 0.099100 0.103800 0.040300 0.020500 0.000000 0.040600 0.026500 0.064800 0.060400 0.064300
Impala 0.053300 0.197200 0.064900 0.227400 0.061300 0.057300 0.061200 0.049500 0.069000 0.098800 0.057300 0.048800 0.061600 0.053300 0.053200 0.061400 0.086100 0.061700 0.045500 0.064900 0.069300 0.049400 0.098800 0.102500 0.057500 0.073500 0.057500 0.064900 0.053400 0.064900 0.107200 0.049500 0.085700 0.053600 0.053300 0.041500 0.061400 0.053400 0.053400 0.116200 0.098900 0.057400 0.103300 0.116500 0.045300 0.049900 0.040600 0.000000 0.041800 0.069300 0.065000 0.068900
Klipspring 0.045800 0.193400 0.057200 0.228200 0.053700 0.041900 0.049700 0.037800 0.061400 0.103500 0.053600 0.033300 0.057900 0.041800 0.049500 0.049600 0.078300 0.058000 0.034100 0.057300 0.057400 0.045700 0.095100 0.090600 0.053700 0.061500 0.053900 0.057200 0.041700 0.057300 0.111900 0.038000 0.082000 0.049900 0.041800 0.037800 0.049800 0.045800 0.037800 0.112500 0.095100 0.045600 0.108000 0.112800 0.033900 0.038300 0.026500 0.041800 0.000000 0.057600 0.057400 0.061300
ForestMusk 0.077400 0.182600 0.072900 0.221700 0.081500 0.073400 0.077400 0.065500 0.073200 0.090300 0.073400 0.056900 0.085900 0.069200 0.069200 0.077600 0.057400 0.037700 0.061300 0.073000 0.085700 0.065300 0.082000 0.077400 0.069500 0.089900 0.081700 0.069000 0.069400 0.073000 0.098600 0.065400 0.060900 0.077600 0.069300 0.057100 0.077500 0.073400 0.077400 0.090600 0.082100 0.073500 0.094700 0.086700 0.053200 0.066000 0.064800 0.069300 0.057600 0.000000 0.069100 0.077000
Bushbuck 0.065100 0.196500 0.029800 0.231800 0.077300 0.061200 0.073100 0.061300 0.018500 0.115500 0.061200 0.044900 0.081600 0.065000 0.065000 0.073300 0.085900 0.061600 0.057100 0.014700 0.081300 0.061100 0.106900 0.110700 0.057400 0.085600 0.077400 0.007400 0.065200 0.014800 0.124000 0.053400 0.085500 0.073300 0.065100 0.045300 0.065300 0.069200 0.065100 0.115900 0.107000 0.069200 0.120000 0.116200 0.041400 0.061700 0.060400 0.065000 0.057400 0.069100 0.000000 0.026100
GreaterKud 0.061100 0.201000 0.026100 0.236100 0.081100 0.057100 0.077000 0.065100 0.022300 0.123900 0.065100 0.056500 0.085500 0.068900 0.068800 0.077200 0.094000 0.069500 0.061000 0.011100 0.085300 0.065000 0.115200 0.110500 0.061200 0.089500 0.081300 0.018500 0.069100 0.011100 0.132400 0.065100 0.093500 0.077300 0.069000 0.056900 0.069200 0.073000 0.069000 0.115700 0.115200 0.073100 0.128400 0.111800 0.052900 0.065600 0.064300 0.068900 0.061300 0.077000 0.026100 0.000000
