1
52 1
Argali 0.000000 0.596600 0.102100 0.322000 0.052300 0.000100 0.048000 0.049500 0.189700 0.252000 0.048300 0.150400 0.095200 0.096800 0.284300 0.048400 0.300800 0.325200 0.048300 0.149700 0.048200 0.049000 0.207900 0.240900 0.048300 0.048200 0.095200 0.098300 0.049900 0.153100 0.227200 0.049200 0.262000 0.095200 0.095300 0.098100 0.047700 0.052300 0.097800 0.310300 0.206600 0.049100 0.252000 0.191700 0.098100 0.049800 0.049100 0.237700 0.159500 0.261800 0.101800 0.196900
LesserMous 0.596600 0.000000 0.580600 0.311900 0.776100 0.588900 0.656800 0.692600 0.490100 0.614500 0.659700 0.650000 0.738400 0.745600 0.627000 0.676500 0.654500 0.524400 0.659700 0.636000 0.657700 0.659600 0.556800 0.587400 0.659700 0.657700 0.740400 0.553500 0.698200 0.666000 0.632400 0.665600 0.881000 0.740400 0.740100 0.567300 0.655400 0.776100 0.554400 0.712400 0.554200 0.681100 0.614500 0.510600 0.567300 0.690100 0.681100 0.569600 0.499800 0.622700 0.573300 0.712000
LesserKudu 0.102100 0.580600 0.000000 0.315600 0.108000 0.100300 0.046500 0.047800 0.087600 0.138400 0.046800 0.097400 0.092100 0.093900 0.174500 0.046700 0.182800 0.225300 0.046800 0.046100 0.046600 0.047400 0.095600 0.133200 0.046800 0.046600 0.092200 0.000200 0.048200 0.046900 0.107200 0.047600 0.140700 0.092200 0.092300 0.000300 0.046100 0.108000 0.095300 0.188800 0.094900 0.047600 0.138400 0.088400 0.000300 0.048300 0.047600 0.131100 0.155000 0.143300 0.000200 0.090700
KillerWhal 0.322000 0.311900 0.315600 0.000000 0.402000 0.317200 0.411100 0.379500 0.394100 0.258600 0.369500 0.366300 0.294600 0.428000 0.372100 0.374500 0.537100 0.560100 0.369500 0.242500 0.368900 0.374600 0.342100 0.221500 0.369500 0.368900 0.293800 0.302200 0.388000 0.372700 0.263200 0.374100 0.506200 0.293800 0.296300 0.303500 0.365100 0.402000 0.336900 0.283800 0.336400 0.377600 0.258600 0.176000 0.303500 0.377200 0.377600 0.454400 0.376900 0.493000 0.314800 0.289400
DefassaWat 0.052300 0.776100 0.108000 0.402000 0.000000 0.051700 0.050400 0.051600 0.200100 0.271700 0.050800 0.100600 0.100000 0.101800 0.305300 0.050900 0.321700 0.359800 0.050800 0.157200 0.050700 0.051200 0.222200 0.259200 0.050800 0.050700 0.100000 0.103500 0.052300 0.162100 0.247000 0.051400 0.276800 0.100000 0.100300 0.104200 0.050400 0.000000 0.102400 0.335300 0.221400 0.051400 0.271700 0.205100 0.104200 0.052000 0.051400 0.254600 0.169900 0.281000 0.106800 0.207800
Sheep 0.000100 0.588900 0.100300 0.317200 0.051700 0.000000 0.047200 0.048700 0.186700 0.248000 0.047300 0.147900 0.093700 0.094700 0.279900 0.047700 0.295500 0.323000 0.047300 0.147200 0.047400 0.048100 0.204500 0.237300 0.047300 0.047400 0.093700 0.096800 0.049100 0.150400 0.226000 0.048300 0.258200 0.093700 0.093700 0.096500 0.046900 0.051700 0.096400 0.305200 0.203300 0.048400 0.248000 0.188800 0.096500 0.049100 0.048400 0.233900 0.156900 0.257500 0.100100 0.193600
MaxwellsDu 0.048000 0.656800 0.046500 0.411100 0.050400 0.047200 0.000000 0.000400 0.129900 0.182900 0.000100 0.144400 0.043500 0.044500 0.217200 0.000400 0.225300 0.267600 0.000100 0.091000 0.000200 0.000300 0.141700 0.177800 0.000100 0.000200 0.043600 0.045000 0.000600 0.092800 0.162500 0.000200 0.191000 0.043600 0.043700 0.044600 0.000200 0.050400 0.045100 0.236200 0.140900 0.000300 0.182900 0.131900 0.044600 0.000300 0.000300 0.173500 0.097500 0.189600 0.046400 0.134400
GazellaPrz 0.049500 0.692600 0.047800 0.379500 0.051600 0.048700 0.000400 0.000000 0.133100 0.189400 0.000300 0.149400 0.044700 0.045800 0.223900 0.000200 0.232900 0.273100 0.000300 0.093200 0.000200 0.000300 0.146100 0.182700 0.000300 0.000200 0.044600 0.045900 0.000300 0.095500 0.159400 0.000400 0.196100 0.044600 0.044900 0.045600 0.000400 0.051600 0.046300 0.243200 0.145500 0.000100 0.189400 0.135800 0.045600 0.000300 0.000100 0.179000 0.100100 0.195400 0.047400 0.138200
MountainNy 0.189700 0.490100 0.087600 0.394100 0.200100 0.186700 0.129900 0.133100 0.000000 0.216700 0.130800 0.085400 0.172400 0.175600 0.155100 0.131100 0.077800 0.114400 0.130800 0.129200 0.130300 0.132200 0.178200 0.208400 0.130800 0.130300 0.172000 0.084300 0.135300 0.131500 0.196700 0.132700 0.225900 0.172000 0.173200 0.083800 0.129300 0.200100 0.177000 0.265500 0.177300 0.133100 0.216700 0.165800 0.083800 0.134600 0.133100 0.206100 0.237200 0.222400 0.087500 0.170600
MuntiacusM 0.252000 0.614500 0.138400 0.258600 0.271700 0.248000 0.182900 0.189400 0.216700 0.000000 0.184300 0.242600 0.129900 0.231900 0.205100 0.186000 0.320300 0.365200 0.184300 0.086500 0.183800 0.186500 0.042500 0.079700 0.184300 0.183800 0.129900 0.134100 0.190500 0.184900 0.000100 0.187000 0.286900 0.129900 0.130200 0.133300 0.182200 0.271700 0.132700 0.040200 0.042300 0.188300 0.000000 0.039600 0.133300 0.191300 0.188300 0.262200 0.191100 0.286400 0.138400 0.128000
goat 0.048300 0.659700 0.046800 0.369500 0.050800 0.047300 0.000100 0.000300 0.130800 0.184300 0.000000 0.145500 0.043900 0.044600 0.218600 0.000300 0.227300 0.269700 0.000000 0.091700 0.000100 0.000200 0.142900 0.178200 0.000000 0.000100 0.043900 0.045300 0.000400 0.093400 0.160200 0.000100 0.192400 0.043900 0.044000 0.044900 0.000100 0.050800 0.045500 0.236500 0.142000 0.000200 0.184300 0.132600 0.044900 0.000200 0.000200 0.174800 0.098200 0.190900 0.046800 0.135400
AfricanBuf 0.150400 0.650000 0.097400 0.366300 0.100600 0.147900 0.144400 0.149400 0.085400 0.242600 0.145500 0.000000 0.191900 0.194600 0.170300 0.146100 0.179800 0.215400 0.145500 0.143500 0.144900 0.147200 0.199600 0.230500 0.145500 0.144900 0.191700 0.093900 0.151100 0.146100 0.229200 0.147700 0.251400 0.191700 0.192500 0.093700 0.143600 0.100600 0.197600 0.297800 0.198300 0.148600 0.242600 0.183300 0.093700 0.150800 0.148600 0.227400 0.268600 0.250000 0.097300 0.189100
Topi 0.095200 0.738400 0.092100 0.294600 0.100000 0.093700 0.043500 0.044700 0.172400 0.129900 0.043900 0.191900 0.000000 0.088600 0.262900 0.043800 0.274400 0.313900 0.043900 0.043000 0.043800 0.044400 0.187900 0.125500 0.043900 0.043800 0.000100 0.088800 0.045100 0.138200 0.097700 0.044500 0.238400 0.000100 0.000300 0.088000 0.043300 0.100000 0.089300 0.177300 0.186800 0.044600 0.129900 0.083200 0.088000 0.045100 0.044600 0.218500 0.144200 0.238400 0.091900 0.085100
CommonDuik 0.096800 0.745600 0.093900 0.428000 0.101800 0.094700 0.044500 0.045800 0.175600 0.231900 0.044600 0.194600 0.088600 0.000000 0.160400 0.044900 0.227200 0.270100 0.044600 0.138100 0.044700 0.045400 0.191100 0.224500 0.044600 0.044700 0.088200 0.090800 0.046200 0.140800 0.212900 0.045500 0.242700 0.088200 0.088400 0.090200 0.044200 0.101800 0.091200 0.286200 0.190000 0.045600 0.231900 0.177900 0.090200 0.046200 0.045600 0.174800 0.147700 0.190900 0.093800 0.181800
Suni 0.284300 0.627000 0.174500 0.372100 0.305300 0.279900 0.217200 0.223900 0.155100 0.205100 0.218600 0.170300 0.262900 0.160400 0.000000 0.220000 0.201100 0.240300 0.218600 0.215200 0.217900 0.221000 0.168100 0.199200 0.218600 0.217900 0.261000 0.168400 0.226700 0.171400 0.208500 0.221700 0.319000 0.261000 0.262200 0.167700 0.216000 0.305300 0.168800 0.252200 0.167100 0.223000 0.205100 0.157800 0.167700 0.226500 0.223000 0.155600 0.225700 0.267300 0.174100 0.256600
Springbuck 0.048400 0.676500 0.046700 0.374500 0.050900 0.047700 0.000400 0.000200 0.131100 0.186000 0.000300 0.146100 0.043800 0.044900 0.220000 0.000000 0.228000 0.270300 0.000300 0.091600 0.000200 0.000300 0.143800 0.179500 0.000300 0.000200 0.043900 0.045200 0.000300 0.093600 0.163000 0.000400 0.192700 0.043900 0.044000 0.044800 0.000400 0.050900 0.045700 0.238900 0.143000 0.000100 0.186000 0.133500 0.044800 0.000300 0.000100 0.175300 0.098900 0.191700 0.046600 0.135600
Okapi 0.300800 0.654500 0.182800 0.537100 0.321700 0.295500 0.225300 0.232900 0.077800 0.320300 0.227300 0.179800 0.274400 0.227200 0.201100 0.228000 0.000000 0.114200 0.227300 0.225800 0.226100 0.229600 0.280300 0.306300 0.227300 0.226100 0.271900 0.176300 0.235700 0.229800 0.307600 0.230800 0.334400 0.271900 0.272900 0.175300 0.224300 0.321700 0.276600 0.375400 0.278500 0.231800 0.320300 0.260800 0.175300 0.235000 0.231800 0.203600 0.348500 0.219000 0.182500 0.269700
Giraffe 0.325200 0.524400 0.225300 0.560100 0.359800 0.323000 0.267600 0.273100 0.114400 0.365200 0.269700 0.215400 0.313900 0.270100 0.240300 0.270300 0.114200 0.000000 0.269700 0.266800 0.268200 0.271800 0.324200 0.350400 0.269700 0.268200 0.311200 0.216100 0.280500 0.272100 0.355100 0.273300 0.266400 0.311200 0.316400 0.213900 0.266500 0.359800 0.320700 0.422100 0.322400 0.274400 0.365200 0.302700 0.213900 0.278400 0.274400 0.153300 0.397000 0.144300 0.224000 0.209000
TibetanAnt 0.048300 0.659700 0.046800 0.369500 0.050800 0.047300 0.000100 0.000300 0.130800 0.184300 0.000000 0.145500 0.043900 0.044600 0.218600 0.000300 0.227300 0.269700 0.000000 0.091700 0.000100 0.000200 0.142900 0.178200 0.000000 0.000100 0.043900 0.045300 0.000400 0.093400 0.160200 0.000100 0.192400 0.043900 0.044000 0.044900 0.000100 0.050800 0.045500 0.236500 0.142000 0.000200 0.184300 0.132600 0.044900 0.000200 0.000200 0.174800 0.098200 0.190900 0.046800 0.135400
Sitatunga 0.149700 0.636000 0.046100 0.242500 0.157200 0.147200 0.091000 0.093200 0.129200 0.086500 0.091700 0.143500 0.043000 0.138100 0.215200 0.091600 0.225800 0.266800 0.091700 0.000000 0.091400 0.092700 0.140400 0.083300 0.091700 0.091400 0.043000 0.044500 0.094300 0.092100 0.051400 0.092900 0.189300 0.043000 0.043300 0.044100 0.090500 0.157200 0.139300 0.132100 0.139700 0.093100 0.086500 0.041600 0.044100 0.094300 0.093100 0.172400 0.200700 0.187500 0.046000 0.042700
Oribi 0.048200 0.657700 0.046600 0.368900 0.050700 0.047400 0.000200 0.000200 0.130300 0.183800 0.000100 0.144900 0.043800 0.044700 0.217900 0.000200 0.226100 0.268200 0.000100 0.091400 0.000000 0.000100 0.142400 0.177800 0.000100 0.000000 0.043800 0.045100 0.000300 0.093100 0.156900 0.000200 0.191800 0.043800 0.043900 0.044700 0.000200 0.050700 0.045500 0.236100 0.141500 0.000100 0.183800 0.132300 0.044700 0.000100 0.000100 0.174100 0.098100 0.190000 0.046600 0.134900
BarbaryShe 0.049000 0.659600 0.047400 0.374600 0.051200 0.048100 0.000300 0.000300 0.132200 0.186500 0.000200 0.147200 0.044400 0.045400 0.221000 0.000300 0.229600 0.271800 0.000200 0.092700 0.000100 0.000000 0.144700 0.180300 0.000200 0.000100 0.044400 0.045700 0.000400 0.094600 0.157500 0.000300 0.194600 0.044400 0.044600 0.045400 0.000300 0.051200 0.046000 0.239400 0.143700 0.000200 0.186500 0.134300 0.045400 0.000200 0.000200 0.176700 0.099400 0.193000 0.047400 0.136900
Daviddeer 0.207900 0.556800 0.095600 0.342100 0.222200 0.204500 0.141700 0.146100 0.178200 0.042500 0.142900 0.199600 0.187900 0.191100 0.168100 0.143800 0.280300 0.324200 0.142900 0.140400 0.142400 0.144700 0.000000 0.129100 0.142900 0.142400 0.187900 0.092500 0.147200 0.143300 0.043100 0.144900 0.245700 0.187900 0.188100 0.092000 0.141100 0.222200 0.091000 0.086800 0.000100 0.145400 0.042500 0.085400 0.092000 0.147700 0.145400 0.223900 0.148300 0.245200 0.095600 0.184700
Reindeer 0.240900 0.587400 0.133200 0.221500 0.259200 0.237300 0.177800 0.182700 0.208400 0.079700 0.178200 0.230500 0.125500 0.224500 0.199200 0.179500 0.306300 0.350400 0.178200 0.083300 0.177800 0.180300 0.129100 0.000000 0.178200 0.177800 0.125500 0.129000 0.184100 0.177500 0.080700 0.180600 0.276400 0.125500 0.125900 0.128400 0.176100 0.259200 0.129600 0.038800 0.128500 0.181800 0.079700 0.038200 0.128400 0.184700 0.181800 0.252300 0.185900 0.275600 0.133100 0.123200
Ibex 0.048300 0.659700 0.046800 0.369500 0.050800 0.047300 0.000100 0.000300 0.130800 0.184300 0.000000 0.145500 0.043900 0.044600 0.218600 0.000300 0.227300 0.269700 0.000000 0.091700 0.000100 0.000200 0.142900 0.178200 0.000000 0.000100 0.043900 0.045300 0.000400 0.093400 0.160200 0.000100 0.192400 0.043900 0.044000 0.044900 0.000100 0.050800 0.045500 0.236500 0.142000 0.000200 0.184300 0.132600 0.044900 0.000200 0.000200 0.174800 0.098200 0.190900 0.046800 0.135400
GyrantGaze 0.048200 0.657700 0.046600 0.368900 0.050700 0.047400 0.000200 0.000200 0.130300 0.183800 0.000100 0.144900 0.043800 0.044700 0.217900 0.000200 0.226100 0.268200 0.000100 0.091400 0.000000 0.000100 0.142400 0.177800 0.000100 0.000000 0.043800 0.045100 0.000300 0.093100 0.156900 0.000200 0.191800 0.043800 0.043900 0.044700 0.000200 0.050700 0.045500 0.236100 0.141500 0.000100 0.183800 0.132300 0.044700 0.000100 0.000100 0.174100 0.098100 0.190000 0.046600 0.134900
Hartebeest 0.095200 0.740400 0.092200 0.293800 0.100000 0.093700 0.043600 0.044600 0.172000 0.129900 0.043900 0.191700 0.000100 0.088200 0.261000 0.043900 0.271900 0.311200 0.043900 0.043000 0.043800 0.044400 0.187900 0.125500 0.043900 0.043800 0.000000 0.088700 0.045300 0.138100 0.100300 0.044600 0.238100 0.000000 0.000200 0.087700 0.043300 0.100000 0.089300 0.177400 0.186900 0.044600 0.129900 0.083200 0.087700 0.045100 0.044600 0.216700 0.143900 0.235600 0.091800 0.085000
Bongo 0.098300 0.553500 0.000200 0.302200 0.103500 0.096800 0.045000 0.045900 0.084300 0.134100 0.045300 0.093900 0.088800 0.090800 0.168400 0.045200 0.176300 0.216100 0.045300 0.044500 0.045100 0.045700 0.092500 0.129000 0.045300 0.045100 0.088700 0.000000 0.046500 0.045400 0.105200 0.045900 0.139400 0.088700 0.089200 0.000300 0.044700 0.103500 0.091800 0.182300 0.092100 0.046000 0.134100 0.085700 0.000300 0.046500 0.046000 0.126800 0.148700 0.137900 0.000200 0.087700
Gerenuk 0.049900 0.698200 0.048200 0.388000 0.052300 0.049100 0.000600 0.000300 0.135300 0.190500 0.000400 0.151100 0.045100 0.046200 0.226700 0.000300 0.235700 0.280500 0.000400 0.094300 0.000300 0.000400 0.147200 0.184100 0.000400 0.000300 0.045300 0.046500 0.000000 0.096500 0.155500 0.000600 0.189400 0.045300 0.045100 0.046200 0.000600 0.052300 0.046800 0.245100 0.146200 0.000200 0.190500 0.136900 0.046200 0.000400 0.000200 0.180900 0.102000 0.198900 0.047900 0.139600
CommonElan 0.153100 0.666000 0.046900 0.372700 0.162100 0.150400 0.092800 0.095500 0.131500 0.184900 0.093400 0.146100 0.138200 0.140800 0.171400 0.093600 0.229800 0.272100 0.093400 0.092100 0.093100 0.094600 0.143300 0.177500 0.093400 0.093100 0.138100 0.045400 0.096500 0.000000 0.162800 0.094900 0.193400 0.138100 0.138500 0.044900 0.092200 0.162100 0.142400 0.236400 0.142500 0.095200 0.184900 0.132400 0.044900 0.096500 0.095200 0.128700 0.205600 0.191100 0.047000 0.136300
MuntiacusR 0.227200 0.632400 0.107200 0.263200 0.247000 0.226000 0.162500 0.159400 0.196700 0.000100 0.160200 0.229200 0.097700 0.212900 0.208500 0.163000 0.307600 0.355100 0.160200 0.051400 0.156900 0.157500 0.043100 0.080700 0.160200 0.156900 0.100300 0.105200 0.155500 0.162800 0.000000 0.160300 0.268300 0.100300 0.098800 0.107700 0.155100 0.247000 0.134600 0.040800 0.042800 0.159000 0.000100 0.040000 0.107700 0.161900 0.159000 0.253500 0.194600 0.269100 0.108400 0.098900
HarveysDui 0.049200 0.665600 0.047600 0.374100 0.051400 0.048300 0.000200 0.000400 0.132700 0.187000 0.000100 0.147700 0.044500 0.045500 0.221700 0.000400 0.230800 0.273300 0.000100 0.092900 0.000200 0.000300 0.144900 0.180600 0.000100 0.000200 0.044600 0.045900 0.000600 0.094900 0.160300 0.000000 0.195200 0.044600 0.044700 0.045500 0.000200 0.051400 0.046100 0.239900 0.144100 0.000300 0.187000 0.134500 0.045500 0.000300 0.000300 0.177400 0.099800 0.193700 0.047400 0.137400
Pronghorn 0.262000 0.881000 0.140700 0.506200 0.276800 0.258200 0.191000 0.196100 0.225900 0.286900 0.192400 0.251400 0.238400 0.242700 0.319000 0.192700 0.334400 0.266400 0.192400 0.189300 0.191800 0.194600 0.245700 0.276400 0.192400 0.191800 0.238100 0.139400 0.189400 0.193400 0.268300 0.195200 0.000000 0.238100 0.239000 0.138700 0.190000 0.276800 0.243800 0.342900 0.244500 0.195300 0.286900 0.228300 0.138700 0.198300 0.195300 0.273200 0.317900 0.186400 0.144400 0.133300
BlueWildeb 0.095200 0.740400 0.092200 0.293800 0.100000 0.093700 0.043600 0.044600 0.172000 0.129900 0.043900 0.191700 0.000100 0.088200 0.261000 0.043900 0.271900 0.311200 0.043900 0.043000 0.043800 0.044400 0.187900 0.125500 0.043900 0.043800 0.000000 0.088700 0.045300 0.138100 0.100300 0.044600 0.238100 0.000000 0.000200 0.087700 0.043300 0.100000 0.089300 0.177400 0.186900 0.044600 0.129900 0.083200 0.087700 0.045100 0.044600 0.216700 0.143900 0.235600 0.091800 0.085000
Gemsbok 0.095300 0.740100 0.092300 0.296300 0.100300 0.093700 0.043700 0.044900 0.173200 0.130200 0.044000 0.192500 0.000300 0.088400 0.262200 0.044000 0.272900 0.316400 0.044000 0.043300 0.043900 0.044600 0.188100 0.125900 0.044000 0.043900 0.000200 0.089200 0.045100 0.138500 0.098800 0.044700 0.239000 0.000200 0.000000 0.088800 0.043400 0.100300 0.089600 0.177800 0.187000 0.044700 0.130200 0.083500 0.088800 0.045400 0.044700 0.217500 0.144900 0.237200 0.092200 0.085400
Yak 0.098100 0.567300 0.000300 0.303500 0.104200 0.096500 0.044600 0.045600 0.083800 0.133300 0.044900 0.093700 0.088000 0.090200 0.167700 0.044800 0.175300 0.213900 0.044900 0.044100 0.044700 0.045400 0.092000 0.128400 0.044900 0.044700 0.087700 0.000300 0.046200 0.044900 0.107700 0.045500 0.138700 0.087700 0.088800 0.000000 0.044300 0.104200 0.091700 0.181900 0.091500 0.045700 0.133300 0.085000 0.000000 0.046200 0.045700 0.125900 0.148300 0.136800 0.000300 0.087000
BlueSheep 0.047700 0.655400 0.046100 0.365100 0.050400 0.046900 0.000200 0.000400 0.129300 0.182200 0.000100 0.143600 0.043300 0.044200 0.216000 0.000400 0.224300 0.266500 0.000100 0.090500 0.000200 0.000300 0.141100 0.176100 0.000100 0.000200 0.043300 0.044700 0.000600 0.092200 0.155100 0.000200 0.190000 0.043300 0.043400 0.044300 0.000000 0.050400 0.045000 0.233700 0.140300 0.000300 0.182200 0.131100 0.044300 0.000300 0.000300 0.172700 0.097000 0.188500 0.046200 0.133600
BohorReedb 0.052300 0.776100 0.108000 0.402000 0.000000 0.051700 0.050400 0.051600 0.200100 0.271700 0.050800 0.100600 0.100000 0.101800 0.305300 0.050900 0.321700 0.359800 0.050800 0.157200 0.050700 0.051200 0.222200 0.259200 0.050800 0.050700 0.100000 0.103500 0.052300 0.162100 0.247000 0.051400 0.276800 0.100000 0.100300 0.104200 0.050400 0.000000 0.102400 0.335300 0.221400 0.051400 0.271700 0.205100 0.104200 0.052000 0.051400 0.254600 0.169900 0.281000 0.106800 0.207800
KirksDik 0.097800 0.554400 0.095300 0.336900 0.102400 0.096400 0.045100 0.046300 0.177000 0.132700 0.045500 0.197600 0.089300 0.091200 0.168800 0.045700 0.276600 0.320700 0.045500 0.139300 0.045500 0.046000 0.091000 0.129600 0.045500 0.045500 0.089300 0.091800 0.046800 0.142400 0.134600 0.046100 0.243800 0.089300 0.089600 0.091700 0.045000 0.102400 0.000000 0.182400 0.090700 0.046100 0.132700 0.085300 0.091700 0.046700 0.046100 0.223300 0.047300 0.244600 0.094700 0.183300
RoeDeer 0.310300 0.712400 0.188800 0.283800 0.335300 0.305200 0.236200 0.243200 0.265500 0.040200 0.236500 0.297800 0.177300 0.286200 0.252200 0.238900 0.375400 0.422100 0.236500 0.132100 0.236100 0.239400 0.086800 0.038800 0.236500 0.236100 0.177400 0.182300 0.245100 0.236400 0.040800 0.239900 0.342900 0.177400 0.177800 0.181900 0.233700 0.335300 0.182400 0.000000 0.086400 0.241600 0.040200 0.080600 0.181900 0.245800 0.241600 0.314400 0.246300 0.343600 0.188300 0.174000
WhiteLippe 0.206600 0.554200 0.094900 0.336400 0.221400 0.203300 0.140900 0.145500 0.177300 0.042300 0.142000 0.198300 0.186800 0.190000 0.167100 0.143000 0.278500 0.322400 0.142000 0.139700 0.141500 0.143700 0.000100 0.128500 0.142000 0.141500 0.186900 0.092100 0.146200 0.142500 0.042800 0.144100 0.244500 0.186900 0.187000 0.091500 0.140300 0.221400 0.090700 0.086400 0.000000 0.144800 0.042300 0.084900 0.091500 0.146900 0.144800 0.222500 0.147600 0.243800 0.095100 0.183500
ThomsonGaz 0.049100 0.681100 0.047600 0.377600 0.051400 0.048400 0.000300 0.000100 0.133100 0.188300 0.000200 0.148600 0.044600 0.045600 0.223000 0.000100 0.231800 0.274400 0.000200 0.093100 0.000100 0.000200 0.145400 0.181800 0.000200 0.000100 0.044600 0.046000 0.000200 0.095200 0.159000 0.000300 0.195300 0.044600 0.044700 0.045700 0.000300 0.051400 0.046100 0.241600 0.144800 0.000000 0.188300 0.135300 0.045700 0.000200 0.000000 0.178300 0.100100 0.195100 0.047400 0.137800
MuntiacusC 0.252000 0.614500 0.138400 0.258600 0.271700 0.248000 0.182900 0.189400 0.216700 0.000000 0.184300 0.242600 0.129900 0.231900 0.205100 0.186000 0.320300 0.365200 0.184300 0.086500 0.183800 0.186500 0.042500 0.079700 0.184300 0.183800 0.129900 0.134100 0.190500 0.184900 0.000100 0.187000 0.286900 0.129900 0.130200 0.133300 0.182200 0.271700 0.132700 0.040200 0.042300 0.188300 0.000000 0.039600 0.133300 0.191300 0.188300 0.262200 0.191100 0.286400 0.138400 0.128000
WhiteTaile 0.191700 0.510600 0.088400 0.176000 0.205100 0.188800 0.131900 0.135800 0.165800 0.039600 0.132600 0.183300 0.083200 0.177900 0.157800 0.133500 0.260800 0.302700 0.132600 0.041600 0.132300 0.134300 0.085400 0.038200 0.132600 0.132300 0.083200 0.085700 0.136900 0.132400 0.040000 0.134500 0.228300 0.083200 0.083500 0.085000 0.131100 0.205100 0.085300 0.080600 0.084900 0.135300 0.039600 0.000000 0.085000 0.137200 0.135300 0.207900 0.137600 0.226800 0.088400 0.081900
Cattle 0.098100 0.567300 0.000300 0.303500 0.104200 0.096500 0.044600 0.045600 0.083800 0.133300 0.044900 0.093700 0.088000 0.090200 0.167700 0.044800 0.175300 0.213900 0.044900 0.044100 0.044700 0.045400 0.092000 0.128400 0.044900 0.044700 0.087700 0.000300 0.046200 0.044900 0.107700 0.045500 0.138700 0.087700 0.088800 0.000000 0.044300 0.104200 0.091700 0.181900 0.091500 0.045700 0.133300 0.085000 0.000000 0.046200 0.045700 0.125900 0.148300 0.136800 0.000300 0.087000
RoyalAntel 0.049800 0.690100 0.048300 0.377200 0.052000 0.049100 0.000300 0.000300 0.134600 0.191300 0.000200 0.150800 0.045100 0.046200 0.226500 0.000300 0.235000 0.278400 0.000200 0.094300 0.000100 0.000200 0.147700 0.184700 0.000200 0.000100 0.045100 0.046500 0.000400 0.096500 0.161900 0.000300 0.198300 0.045100 0.045400 0.046200 0.000300 0.052000 0.046700 0.245800 0.146900 0.000200 0.191300 0.137200 0.046200 0.000000 0.000200 0.180800 0.101500 0.197100 0.048000 0.139600
Steenbok 0.049100 0.681100 0.047600 0.377600 0.051400 0.048400 0.000300 0.000100 0.133100 0.188300 0.000200 0.148600 0.044600 0.045600 0.223000 0.000100 0.231800 0.274400 0.000200 0.093100 0.000100 0.000200 0.145400 0.181800 0.000200 0.000100 0.044600 0.046000 0.000200 0.095200 0.159000 0.000300 0.195300 0.044600 0.044700 0.045700 0.000300 0.051400 0.046100 0.241600 0.144800 0.000000 0.188300 0.135300 0.045700 0.000200 0.000000 0.178300 0.100100 0.195100 0.047400 0.137800
Impala 0.237700 0.569600 0.131100 0.454400 0.254600 0.233900 0.173500 0.179000 0.206100 0.262200 0.174800 0.227400 0.218500 0.174800 0.155600 0.175300 0.203600 0.153300 0.174800 0.172400 0.174100 0.176700 0.223900 0.252300 0.174800 0.174100 0.216700 0.126800 0.180900 0.128700 0.253500 0.177400 0.273200 0.216700 0.217500 0.125900 0.172700 0.254600 0.223300 0.314400 0.222500 0.178300 0.262200 0.207900 0.125900 0.180800 0.178300 0.000000 0.290300 0.157500 0.131100 0.213600
Klipspring 0.159500 0.499800 0.155000 0.376900 0.169900 0.156900 0.097500 0.100100 0.237200 0.191100 0.098200 0.268600 0.144200 0.147700 0.225700 0.098900 0.348500 0.397000 0.098200 0.200700 0.098100 0.099400 0.148300 0.185900 0.098200 0.098100 0.143900 0.148700 0.102000 0.205600 0.194600 0.099800 0.317900 0.143900 0.144900 0.148300 0.097000 0.169900 0.047300 0.246300 0.147600 0.100100 0.191100 0.137600 0.148300 0.101500 0.100100 0.290300 0.000000 0.196300 0.154000 0.247200
ForestMusk 0.261800 0.622700 0.143300 0.493000 0.281000 0.257500 0.189600 0.195400 0.222400 0.286400 0.190900 0.250000 0.238400 0.190900 0.267300 0.191700 0.219000 0.144300 0.190900 0.187500 0.190000 0.193000 0.245200 0.275600 0.190900 0.190000 0.235600 0.137900 0.198900 0.191100 0.269100 0.193700 0.186400 0.235600 0.237200 0.136800 0.188500 0.281000 0.244600 0.343600 0.243800 0.195100 0.286400 0.226800 0.136800 0.197100 0.195100 0.157500 0.196300 0.000000 0.143000 0.131400
Bushbuck 0.101800 0.573300 0.000200 0.314800 0.106800 0.100100 0.046400 0.047400 0.087500 0.138400 0.046800 0.097300 0.091900 0.093800 0.174100 0.046600 0.182500 0.224000 0.046800 0.046000 0.046600 0.047400 0.095600 0.133100 0.046800 0.046600 0.091800 0.000200 0.047900 0.047000 0.108400 0.047400 0.144400 0.091800 0.092200 0.000300 0.046200 0.106800 0.094700 0.188300 0.095100 0.047400 0.138400 0.088400 0.000300 0.048000 0.047400 0.131100 0.154000 0.143000 0.000000 0.090700
GreaterKud 0.196900 0.712000 0.090700 0.289400 0.207800 0.193600 0.134400 0.138200 0.170600 0.128000 0.135400 0.189100 0.085100 0.181800 0.256600 0.135600 0.269700 0.209000 0.135400 0.042700 0.134900 0.136900 0.184700 0.123200 0.135400 0.134900 0.085000 0.087700 0.139600 0.136300 0.098900 0.137400 0.133300 0.085000 0.085400 0.087000 0.133600 0.207800 0.183300 0.174000 0.183500 0.137800 0.128000 0.081900 0.087000 0.139600 0.137800 0.213600 0.247200 0.131400 0.090700 0.000000
