1
52 1
Argali 0.000000 0.396900 0.214200 0.243300 0.217000 0.000000 1.062900 0.222900 0.149800 0.217000 0.147400 0.149800 0.243300 0.290500 0.221800 0.147400 0.066300 0.132000 0.147400 0.284300 0.217000 0.297800 0.147400 0.147400 0.147400 0.147400 0.243300 0.149800 0.147400 0.149800 0.149400 0.136500 0.273300 0.243300 0.243300 0.149800 0.147400 0.217000 0.147400 0.297800 0.147400 0.147400 0.217000 0.147400 0.149800 0.224500 0.147400 0.286400 0.222300 0.217000 0.149800 0.228400
LesserMous 0.396900 0.000000 0.416300 0.362200 0.317000 0.396900 1.031000 0.233600 0.243200 0.317000 0.241200 0.243200 0.362200 0.404700 0.322600 0.241200 0.311500 0.396900 0.241200 0.388600 0.317000 0.317900 0.241200 0.241200 0.241200 0.241200 0.362200 0.243200 0.241200 0.243200 0.242500 0.412500 0.486800 0.362200 0.362200 0.243200 0.241200 0.317000 0.241200 0.317900 0.241200 0.241200 0.317000 0.241200 0.243200 0.329700 0.241200 0.399500 0.318300 0.317000 0.243200 0.144500
LesserKudu 0.214200 0.416300 0.000000 0.365500 0.317500 0.214200 0.810300 0.328400 0.241300 0.317500 0.242400 0.241300 0.365500 0.405900 0.321600 0.242400 0.311300 0.212200 0.242400 0.385200 0.317500 0.416100 0.242400 0.242400 0.242400 0.242400 0.365500 0.241300 0.242400 0.241300 0.244400 0.221000 0.201500 0.365500 0.365500 0.241300 0.242400 0.317500 0.242400 0.416100 0.242400 0.242400 0.317500 0.242400 0.241300 0.331400 0.242400 0.402600 0.321800 0.317500 0.241300 0.331900
KillerWhal 0.243300 0.362200 0.365500 0.000000 0.165200 0.243300 0.720200 0.170900 0.086900 0.165200 0.085300 0.086900 0.000000 0.249100 0.168000 0.081600 0.161800 0.243700 0.085300 0.243600 0.165200 0.253600 0.085300 0.085300 0.085300 0.085300 0.000000 0.086900 0.085300 0.086900 0.086900 0.253400 0.429100 0.000000 0.000000 0.086900 0.085300 0.165200 0.085300 0.253600 0.082000 0.085300 0.165200 0.085300 0.086900 0.173500 0.081800 0.248300 0.169500 0.165200 0.086900 0.175700
DefassaWat 0.217000 0.317000 0.317500 0.165200 0.000000 0.217000 0.641800 0.150500 0.076100 0.000000 0.074900 0.076100 0.165200 0.063600 0.149400 0.074900 0.144000 0.215900 0.074900 0.215300 0.146500 0.068900 0.072000 0.074900 0.074900 0.072400 0.165200 0.076100 0.074900 0.076100 0.076000 0.224200 0.206500 0.165200 0.165200 0.076100 0.074900 0.000000 0.074900 0.068900 0.074900 0.073400 0.000000 0.074900 0.076100 0.152100 0.074900 0.217300 0.000100 0.000000 0.076100 0.153700
Sheep 0.000000 0.396900 0.214200 0.243300 0.217000 0.000000 1.062900 0.222900 0.149800 0.217000 0.147400 0.149800 0.243300 0.290500 0.221800 0.147400 0.064900 0.132000 0.147400 0.284300 0.217000 0.297800 0.147400 0.147400 0.147400 0.147400 0.243300 0.149800 0.147400 0.149800 0.149400 0.136500 0.273300 0.243300 0.243300 0.149800 0.147400 0.217000 0.147400 0.297800 0.147400 0.147400 0.217000 0.147400 0.149800 0.224500 0.147400 0.286400 0.222300 0.217000 0.149800 0.228400
MaxwellsDu 1.062900 1.031000 0.810300 0.720200 0.641800 1.062900 0.000000 0.860500 0.878700 0.641800 0.879500 0.878700 0.720200 0.812100 0.655100 0.879500 0.847700 0.856900 0.879500 0.734600 1.011900 0.827800 0.879500 0.879500 0.879500 0.879500 0.720200 0.878700 0.879500 0.878700 1.206300 1.597000 0.774300 0.720200 0.720200 0.878700 0.879500 0.641800 0.879500 0.827800 0.879500 0.879500 0.641800 0.879500 0.878700 1.063100 0.879500 1.305600 0.644100 0.641800 0.878700 0.891500
GazellaPrz 0.222900 0.233600 0.328400 0.170900 0.150500 0.222900 0.860500 0.000000 0.078400 0.150500 0.077000 0.078400 0.170900 0.226200 0.153400 0.077000 0.147900 0.222100 0.077000 0.221600 0.150500 0.231200 0.077000 0.077000 0.077000 0.077000 0.170900 0.078400 0.077000 0.078400 0.078200 0.230600 0.209300 0.170900 0.170900 0.078400 0.077000 0.150500 0.077000 0.231200 0.077000 0.077000 0.150500 0.077000 0.078400 0.156600 0.077000 0.223900 0.154200 0.150500 0.078400 0.075900
MountainNy 0.149800 0.243200 0.241300 0.086900 0.076100 0.149800 0.878700 0.078400 0.000000 0.076100 0.000100 0.000000 0.086900 0.151800 0.076700 0.000100 0.074800 0.149200 0.000100 0.146100 0.076100 0.154800 0.000100 0.000100 0.000100 0.000100 0.086900 0.000000 0.000100 0.000000 0.000200 0.154900 0.310500 0.086900 0.086900 0.000000 0.000100 0.076100 0.000100 0.154800 0.000100 0.000100 0.076100 0.000100 0.000000 0.079500 0.000100 0.150800 0.077300 0.076100 0.000000 0.078500
MuntiacusM 0.217000 0.317000 0.317500 0.165200 0.000000 0.217000 0.641800 0.150500 0.076100 0.000000 0.074900 0.076100 0.165200 0.067400 0.149300 0.074900 0.144000 0.215900 0.074900 0.215300 0.146500 0.068900 0.074900 0.074900 0.074900 0.074900 0.165200 0.076100 0.074900 0.076100 0.076000 0.224200 0.206500 0.165200 0.165200 0.076100 0.074900 0.000000 0.074900 0.068900 0.074900 0.074900 0.000000 0.074000 0.076100 0.152100 0.074500 0.217300 0.000100 0.000000 0.076100 0.153700
goat 0.147400 0.241200 0.242400 0.085300 0.074900 0.147400 0.879500 0.077000 0.000100 0.074900 0.000000 0.000100 0.085300 0.149300 0.076200 0.000000 0.073600 0.146700 0.000000 0.146600 0.074900 0.152200 0.000000 0.000000 0.000000 0.000000 0.085300 0.000100 0.000000 0.000100 0.000100 0.152400 0.305500 0.085300 0.085300 0.000100 0.000000 0.074900 0.000000 0.152200 0.000000 0.000000 0.074900 0.000000 0.000100 0.078100 0.000000 0.148200 0.076700 0.074900 0.000100 0.078600
AfricanBuf 0.149800 0.243200 0.241300 0.086900 0.076100 0.149800 0.878700 0.078400 0.000000 0.076100 0.000100 0.000000 0.086900 0.151800 0.076700 0.000100 0.074800 0.149200 0.000100 0.146100 0.076100 0.154800 0.000100 0.000100 0.000100 0.000100 0.086900 0.000000 0.000100 0.000000 0.000200 0.154900 0.310500 0.086900 0.086900 0.000000 0.000100 0.076100 0.000100 0.154800 0.000100 0.000100 0.076100 0.000100 0.000000 0.079500 0.000100 0.150800 0.077300 0.076100 0.000000 0.078500
Topi 0.243300 0.362200 0.365500 0.000000 0.165200 0.243300 0.720200 0.170900 0.086900 0.165200 0.085300 0.086900 0.000000 0.249100 0.168000 0.085300 0.161800 0.243700 0.085300 0.243600 0.165200 0.253600 0.085300 0.085300 0.085300 0.085300 0.000000 0.086900 0.085300 0.086900 0.086900 0.253400 0.429100 0.000000 0.000000 0.086900 0.085300 0.165200 0.085300 0.253600 0.085300 0.085300 0.165200 0.085300 0.086900 0.173500 0.085300 0.248300 0.169500 0.165200 0.086900 0.175700
CommonDuik 0.290500 0.404700 0.405900 0.249100 0.063600 0.290500 0.812100 0.226200 0.151800 0.067400 0.149300 0.151800 0.249100 0.000000 0.224400 0.149300 0.215700 0.290300 0.149300 0.289600 0.219700 0.137400 0.149300 0.149300 0.149300 0.149300 0.249100 0.151800 0.149300 0.151800 0.073200 0.301200 0.277900 0.249100 0.249100 0.151800 0.149300 0.067400 0.149300 0.137400 0.149300 0.149300 0.067400 0.149300 0.151800 0.228800 0.149300 0.293800 0.068800 0.067400 0.151800 0.232200
Suni 0.221800 0.322600 0.321600 0.168000 0.149400 0.221800 0.655100 0.153400 0.076700 0.149300 0.076200 0.076700 0.168000 0.224400 0.000000 0.076200 0.146800 0.220400 0.076200 0.066900 0.149300 0.229900 0.076200 0.076200 0.076200 0.076200 0.168000 0.076700 0.076200 0.076700 0.076500 0.148500 0.388400 0.168000 0.168000 0.076700 0.076200 0.149300 0.076200 0.229900 0.076200 0.076200 0.149300 0.076200 0.076700 0.154600 0.076200 0.220800 0.151500 0.149300 0.076700 0.155400
Springbuck 0.147400 0.241200 0.242400 0.081600 0.074900 0.147400 0.879500 0.077000 0.000100 0.074900 0.000000 0.000100 0.085300 0.149300 0.076200 0.000000 0.071500 0.146700 0.000000 0.146600 0.074900 0.152200 0.000000 0.000000 0.000000 0.000000 0.082000 0.000100 0.000000 0.000100 0.000100 0.152400 0.305500 0.085300 0.085300 0.000100 0.000000 0.074900 0.000000 0.152200 0.000000 0.000000 0.074900 0.000000 0.000100 0.078100 0.000000 0.148200 0.076700 0.074900 0.000100 0.078600
Okapi 0.066300 0.311500 0.311300 0.161800 0.144000 0.064900 0.847700 0.147900 0.074800 0.144000 0.073600 0.074800 0.161800 0.215700 0.146800 0.071500 0.000000 0.065500 0.071600 0.211600 0.144000 0.220600 0.072000 0.071800 0.072000 0.073600 0.161800 0.074800 0.072600 0.074800 0.074600 0.220200 0.370200 0.161800 0.161800 0.074800 0.073600 0.144000 0.073600 0.220600 0.073600 0.073600 0.144000 0.073600 0.074800 0.149300 0.073600 0.213100 0.147500 0.144000 0.074800 0.151000
Giraffe 0.132000 0.396900 0.212200 0.243700 0.215900 0.132000 0.856900 0.222100 0.149200 0.215900 0.146700 0.149200 0.243700 0.290300 0.220400 0.146700 0.065500 0.000000 0.146700 0.284500 0.215900 0.296700 0.146700 0.146700 0.146700 0.146700 0.243700 0.149200 0.146700 0.149200 0.148900 0.295500 0.270200 0.243700 0.243700 0.149200 0.146700 0.215900 0.146700 0.296700 0.146700 0.146700 0.215900 0.146700 0.149200 0.224500 0.146700 0.288100 0.221000 0.215900 0.149200 0.228000
TibetanAnt 0.147400 0.241200 0.242400 0.085300 0.074900 0.147400 0.879500 0.077000 0.000100 0.074900 0.000000 0.000100 0.085300 0.149300 0.076200 0.000000 0.071600 0.146700 0.000000 0.146600 0.074900 0.152200 0.000000 0.000000 0.000000 0.000000 0.085300 0.000100 0.000000 0.000100 0.000100 0.152400 0.305500 0.085300 0.085300 0.000100 0.000000 0.071800 0.000000 0.152200 0.000000 0.000000 0.074900 0.000000 0.000100 0.078100 0.000000 0.148200 0.076700 0.074900 0.000100 0.078600
Sitatunga 0.284300 0.388600 0.385200 0.243600 0.215300 0.284300 0.734600 0.221600 0.146100 0.215300 0.146600 0.146100 0.243600 0.289600 0.066900 0.146600 0.211600 0.284500 0.146600 0.000000 0.215300 0.295500 0.146600 0.146600 0.146600 0.146600 0.243600 0.146100 0.146600 0.146100 0.147600 0.294200 0.452400 0.243600 0.243600 0.146100 0.146600 0.215300 0.146600 0.295500 0.146600 0.146600 0.215300 0.146600 0.146100 0.224300 0.146600 0.288200 0.217500 0.215300 0.146100 0.222800
Oribi 0.217000 0.317000 0.317500 0.165200 0.146500 0.217000 1.011900 0.150500 0.076100 0.146500 0.074900 0.076100 0.165200 0.219700 0.149300 0.074900 0.144000 0.215900 0.074900 0.215300 0.000000 0.224600 0.074900 0.074900 0.074900 0.074900 0.165200 0.076100 0.074900 0.076100 0.076000 0.224200 0.377900 0.165200 0.165200 0.076100 0.074900 0.146500 0.074900 0.224600 0.074900 0.072100 0.146500 0.074900 0.076100 0.152100 0.074900 0.217300 0.149800 0.146500 0.076100 0.153700
BarbaryShe 0.297800 0.317900 0.416100 0.253600 0.068900 0.297800 0.827800 0.231200 0.154800 0.068900 0.152200 0.154800 0.253600 0.137400 0.229900 0.152200 0.220600 0.296700 0.152200 0.295500 0.224600 0.000000 0.152200 0.152200 0.152000 0.152200 0.253600 0.154800 0.152200 0.154800 0.154300 0.308600 0.285200 0.253600 0.253600 0.154800 0.152200 0.068900 0.152200 0.000000 0.152200 0.152200 0.068900 0.152200 0.154800 0.233000 0.152200 0.298300 0.070300 0.068900 0.154800 0.237300
Daviddeer 0.147400 0.241200 0.242400 0.085300 0.072000 0.147400 0.879500 0.077000 0.000100 0.074900 0.000000 0.000100 0.085300 0.149300 0.076200 0.000000 0.072000 0.146700 0.000000 0.146600 0.074900 0.152200 0.000000 0.000000 0.000000 0.000000 0.085300 0.000100 0.000000 0.000100 0.000100 0.152400 0.305500 0.082500 0.085300 0.000100 0.000000 0.074900 0.000000 0.152200 0.000000 0.000000 0.072100 0.000000 0.000100 0.078100 0.000000 0.148200 0.076700 0.074900 0.000100 0.078600
Reindeer 0.147400 0.241200 0.242400 0.085300 0.074900 0.147400 0.879500 0.077000 0.000100 0.074900 0.000000 0.000100 0.085300 0.149300 0.076200 0.000000 0.071800 0.146700 0.000000 0.146600 0.074900 0.152200 0.000000 0.000000 0.000000 0.000000 0.085300 0.000100 0.000000 0.000100 0.000100 0.152400 0.305500 0.082300 0.085300 0.000100 0.000000 0.074900 0.000000 0.152200 0.000000 0.000000 0.074900 0.000000 0.000100 0.078100 0.000000 0.148200 0.076700 0.074900 0.000100 0.078600
Ibex 0.147400 0.241200 0.242400 0.085300 0.074900 0.147400 0.879500 0.077000 0.000100 0.074900 0.000000 0.000100 0.085300 0.149300 0.076200 0.000000 0.072000 0.146700 0.000000 0.146600 0.074900 0.152000 0.000000 0.000000 0.000000 0.000000 0.085300 0.000100 0.000000 0.000100 0.000100 0.152400 0.305500 0.085300 0.085300 0.000100 0.000000 0.074900 0.000000 0.152200 0.000000 0.000000 0.074900 0.000000 0.000100 0.078100 0.000000 0.148200 0.076700 0.074900 0.000100 0.078600
GyrantGaze 0.147400 0.241200 0.242400 0.085300 0.072400 0.147400 0.879500 0.077000 0.000100 0.074900 0.000000 0.000100 0.085300 0.149300 0.076200 0.000000 0.073600 0.146700 0.000000 0.146600 0.074900 0.152200 0.000000 0.000000 0.000000 0.000000 0.085300 0.000100 0.000000 0.000100 0.000100 0.152400 0.305500 0.085300 0.085300 0.000100 0.000000 0.074900 0.000000 0.152200 0.000000 0.000000 0.072600 0.000000 0.000100 0.078100 0.000000 0.148200 0.076700 0.074900 0.000100 0.078600
Hartebeest 0.243300 0.362200 0.365500 0.000000 0.165200 0.243300 0.720200 0.170900 0.086900 0.165200 0.085300 0.086900 0.000000 0.249100 0.168000 0.082000 0.161800 0.243700 0.085300 0.243600 0.165200 0.253600 0.085300 0.085300 0.085300 0.085300 0.000000 0.086900 0.085300 0.086900 0.086900 0.253400 0.429100 0.000000 0.000000 0.086900 0.085300 0.165200 0.085300 0.253600 0.085300 0.085300 0.165200 0.085300 0.086900 0.173500 0.085300 0.248300 0.169500 0.165200 0.086900 0.175700
Bongo 0.149800 0.243200 0.241300 0.086900 0.076100 0.149800 0.878700 0.078400 0.000000 0.076100 0.000100 0.000000 0.086900 0.151800 0.076700 0.000100 0.074800 0.149200 0.000100 0.146100 0.076100 0.154800 0.000100 0.000100 0.000100 0.000100 0.086900 0.000000 0.000100 0.000000 0.000200 0.154900 0.310500 0.086900 0.086900 0.000000 0.000100 0.076100 0.000100 0.154800 0.000100 0.000100 0.076100 0.000100 0.000000 0.079500 0.000100 0.150800 0.077300 0.076100 0.000000 0.078500
Gerenuk 0.147400 0.241200 0.242400 0.085300 0.074900 0.147400 0.879500 0.077000 0.000100 0.074900 0.000000 0.000100 0.085300 0.149300 0.076200 0.000000 0.072600 0.146700 0.000000 0.146600 0.074900 0.152200 0.000000 0.000000 0.000000 0.000000 0.085300 0.000100 0.000000 0.000100 0.000100 0.152400 0.305500 0.085300 0.082500 0.000100 0.000000 0.074900 0.000000 0.152200 0.000000 0.000000 0.074900 0.000000 0.000100 0.078100 0.000000 0.148200 0.076700 0.074900 0.000100 0.078600
CommonElan 0.149800 0.243200 0.241300 0.086900 0.076100 0.149800 0.878700 0.078400 0.000000 0.076100 0.000100 0.000000 0.086900 0.151800 0.076700 0.000100 0.074800 0.149200 0.000100 0.146100 0.076100 0.154800 0.000100 0.000100 0.000100 0.000100 0.086900 0.000000 0.000100 0.000000 0.000200 0.154900 0.310500 0.086900 0.086900 0.000000 0.000100 0.076100 0.000100 0.154800 0.000100 0.000100 0.076100 0.000100 0.000000 0.079500 0.000100 0.150800 0.077300 0.076100 0.000000 0.078500
MuntiacusR 0.149400 0.242500 0.244400 0.086900 0.076000 0.149400 1.206300 0.078200 0.000200 0.076000 0.000100 0.000200 0.086900 0.073200 0.076500 0.000100 0.074600 0.148900 0.000100 0.147600 0.076000 0.154300 0.000100 0.000100 0.000100 0.000100 0.086900 0.000200 0.000100 0.000200 0.000000 0.154700 0.310700 0.086900 0.086900 0.000200 0.000100 0.076000 0.000100 0.154300 0.000100 0.000100 0.076000 0.000100 0.000200 0.079500 0.000100 0.151200 0.077100 0.076000 0.000200 0.079100
HarveysDui 0.136500 0.412500 0.221000 0.253400 0.224200 0.136500 1.597000 0.230600 0.154900 0.224200 0.152400 0.154900 0.253400 0.301200 0.148500 0.152400 0.220200 0.295500 0.152400 0.294200 0.224200 0.308600 0.152400 0.152400 0.152400 0.152400 0.253400 0.154900 0.152400 0.154900 0.154700 0.000000 0.281900 0.253400 0.253400 0.154900 0.152400 0.224200 0.152400 0.308600 0.152400 0.152400 0.224200 0.152400 0.154900 0.232600 0.152400 0.297300 0.229500 0.224200 0.154900 0.236600
Pronghorn 0.273300 0.486800 0.201500 0.429100 0.206500 0.273300 0.774300 0.209300 0.310500 0.206500 0.305500 0.310500 0.429100 0.277900 0.388400 0.305500 0.370200 0.270200 0.305500 0.452400 0.377900 0.285200 0.305500 0.305500 0.305500 0.305500 0.429100 0.310500 0.305500 0.310500 0.310700 0.281900 0.000000 0.429100 0.429100 0.310500 0.305500 0.206500 0.305500 0.285200 0.305500 0.305500 0.206500 0.305500 0.310500 0.392500 0.305500 0.459700 0.210900 0.206500 0.310500 0.305100
BlueWildeb 0.243300 0.362200 0.365500 0.000000 0.165200 0.243300 0.720200 0.170900 0.086900 0.165200 0.085300 0.086900 0.000000 0.249100 0.168000 0.085300 0.161800 0.243700 0.085300 0.243600 0.165200 0.253600 0.082500 0.082300 0.085300 0.085300 0.000000 0.086900 0.085300 0.086900 0.086900 0.253400 0.429100 0.000000 0.000000 0.086900 0.085300 0.165200 0.085300 0.253600 0.085300 0.085300 0.165200 0.085300 0.086900 0.173500 0.085300 0.248300 0.169500 0.165200 0.086900 0.175700
Gemsbok 0.243300 0.362200 0.365500 0.000000 0.165200 0.243300 0.720200 0.170900 0.086900 0.165200 0.085300 0.086900 0.000000 0.249100 0.168000 0.085300 0.161800 0.243700 0.085300 0.243600 0.165200 0.253600 0.085300 0.085300 0.085300 0.085300 0.000000 0.086900 0.082500 0.086900 0.086900 0.253400 0.429100 0.000000 0.000000 0.086900 0.085300 0.165200 0.085300 0.253600 0.081800 0.085300 0.165200 0.085300 0.086900 0.173500 0.085300 0.248300 0.169500 0.165200 0.086900 0.175700
Yak 0.149800 0.243200 0.241300 0.086900 0.076100 0.149800 0.878700 0.078400 0.000000 0.076100 0.000100 0.000000 0.086900 0.151800 0.076700 0.000100 0.074800 0.149200 0.000100 0.146100 0.076100 0.154800 0.000100 0.000100 0.000100 0.000100 0.086900 0.000000 0.000100 0.000000 0.000200 0.154900 0.310500 0.086900 0.086900 0.000000 0.000100 0.076100 0.000100 0.154800 0.000100 0.000100 0.076100 0.000100 0.000000 0.079500 0.000100 0.150800 0.077300 0.076100 0.000000 0.078500
BlueSheep 0.147400 0.241200 0.242400 0.085300 0.074900 0.147400 0.879500 0.077000 0.000100 0.074900 0.000000 0.000100 0.085300 0.149300 0.076200 0.000000 0.073600 0.146700 0.000000 0.146600 0.074900 0.152200 0.000000 0.000000 0.000000 0.000000 0.085300 0.000100 0.000000 0.000100 0.000100 0.152400 0.305500 0.085300 0.085300 0.000100 0.000000 0.074900 0.000000 0.152200 0.000000 0.000000 0.074900 0.000000 0.000100 0.078100 0.000000 0.148200 0.076700 0.074900 0.000100 0.078600
BohorReedb 0.217000 0.317000 0.317500 0.165200 0.000000 0.217000 0.641800 0.150500 0.076100 0.000000 0.074900 0.076100 0.165200 0.067400 0.149300 0.074900 0.144000 0.215900 0.071800 0.215300 0.146500 0.068900 0.074900 0.074900 0.074900 0.074900 0.165200 0.076100 0.074900 0.076100 0.076000 0.224200 0.206500 0.165200 0.165200 0.076100 0.074900 0.000000 0.074900 0.068900 0.074900 0.074900 0.000000 0.074900 0.076100 0.152100 0.074900 0.217300 0.000100 0.000000 0.076100 0.153700
KirksDik 0.147400 0.241200 0.242400 0.085300 0.074900 0.147400 0.879500 0.077000 0.000100 0.074900 0.000000 0.000100 0.085300 0.149300 0.076200 0.000000 0.073600 0.146700 0.000000 0.146600 0.074900 0.152200 0.000000 0.000000 0.000000 0.000000 0.085300 0.000100 0.000000 0.000100 0.000100 0.152400 0.305500 0.085300 0.085300 0.000100 0.000000 0.074900 0.000000 0.152200 0.000000 0.000000 0.074900 0.000000 0.000100 0.078100 0.000000 0.148200 0.076700 0.074900 0.000100 0.078600
RoeDeer 0.297800 0.317900 0.416100 0.253600 0.068900 0.297800 0.827800 0.231200 0.154800 0.068900 0.152200 0.154800 0.253600 0.137400 0.229900 0.152200 0.220600 0.296700 0.152200 0.295500 0.224600 0.000000 0.152200 0.152200 0.152200 0.152200 0.253600 0.154800 0.152200 0.154800 0.154300 0.308600 0.285200 0.253600 0.253600 0.154800 0.152200 0.068900 0.152200 0.000000 0.152200 0.152200 0.068900 0.152200 0.154800 0.233000 0.152200 0.298300 0.070300 0.068900 0.154800 0.237300
WhiteLippe 0.147400 0.241200 0.242400 0.082000 0.074900 0.147400 0.879500 0.077000 0.000100 0.074900 0.000000 0.000100 0.085300 0.149300 0.076200 0.000000 0.073600 0.146700 0.000000 0.146600 0.074900 0.152200 0.000000 0.000000 0.000000 0.000000 0.085300 0.000100 0.000000 0.000100 0.000100 0.152400 0.305500 0.085300 0.081800 0.000100 0.000000 0.074900 0.000000 0.152200 0.000000 0.000000 0.074900 0.000000 0.000100 0.078100 0.000000 0.148200 0.076700 0.074900 0.000100 0.078600
ThomsonGaz 0.147400 0.241200 0.242400 0.085300 0.073400 0.147400 0.879500 0.077000 0.000100 0.074900 0.000000 0.000100 0.085300 0.149300 0.076200 0.000000 0.073600 0.146700 0.000000 0.146600 0.072100 0.152200 0.000000 0.000000 0.000000 0.000000 0.085300 0.000100 0.000000 0.000100 0.000100 0.152400 0.305500 0.085300 0.085300 0.000100 0.000000 0.074900 0.000000 0.152200 0.000000 0.000000 0.074900 0.000000 0.000100 0.078100 0.000000 0.148200 0.076700 0.074900 0.000100 0.078600
MuntiacusC 0.217000 0.317000 0.317500 0.165200 0.000000 0.217000 0.641800 0.150500 0.076100 0.000000 0.074900 0.076100 0.165200 0.067400 0.149300 0.074900 0.144000 0.215900 0.074900 0.215300 0.146500 0.068900 0.072100 0.074900 0.074900 0.072600 0.165200 0.076100 0.074900 0.076100 0.076000 0.224200 0.206500 0.165200 0.165200 0.076100 0.074900 0.000000 0.074900 0.068900 0.074900 0.074900 0.000000 0.074900 0.076100 0.152100 0.074900 0.217300 0.000100 0.000000 0.076100 0.153700
WhiteTaile 0.147400 0.241200 0.242400 0.085300 0.074900 0.147400 0.879500 0.077000 0.000100 0.074000 0.000000 0.000100 0.085300 0.149300 0.076200 0.000000 0.073600 0.146700 0.000000 0.146600 0.074900 0.152200 0.000000 0.000000 0.000000 0.000000 0.085300 0.000100 0.000000 0.000100 0.000100 0.152400 0.305500 0.085300 0.085300 0.000100 0.000000 0.074900 0.000000 0.152200 0.000000 0.000000 0.074900 0.000000 0.000100 0.078100 0.000000 0.148200 0.076700 0.074900 0.000100 0.078600
Cattle 0.149800 0.243200 0.241300 0.086900 0.076100 0.149800 0.878700 0.078400 0.000000 0.076100 0.000100 0.000000 0.086900 0.151800 0.076700 0.000100 0.074800 0.149200 0.000100 0.146100 0.076100 0.154800 0.000100 0.000100 0.000100 0.000100 0.086900 0.000000 0.000100 0.000000 0.000200 0.154900 0.310500 0.086900 0.086900 0.000000 0.000100 0.076100 0.000100 0.154800 0.000100 0.000100 0.076100 0.000100 0.000000 0.079500 0.000100 0.150800 0.077300 0.076100 0.000000 0.078500
RoyalAntel 0.224500 0.329700 0.331400 0.173500 0.152100 0.224500 1.063100 0.156600 0.079500 0.152100 0.078100 0.079500 0.173500 0.228800 0.154600 0.078100 0.149300 0.224500 0.078100 0.224300 0.152100 0.233000 0.078100 0.078100 0.078100 0.078100 0.173500 0.079500 0.078100 0.079500 0.079500 0.232600 0.392500 0.173500 0.173500 0.079500 0.078100 0.152100 0.078100 0.233000 0.078100 0.078100 0.152100 0.078100 0.079500 0.000000 0.078100 0.149000 0.155800 0.152100 0.079500 0.160400
Steenbok 0.147400 0.241200 0.242400 0.081800 0.074900 0.147400 0.879500 0.077000 0.000100 0.074500 0.000000 0.000100 0.085300 0.149300 0.076200 0.000000 0.073600 0.146700 0.000000 0.146600 0.074900 0.152200 0.000000 0.000000 0.000000 0.000000 0.085300 0.000100 0.000000 0.000100 0.000100 0.152400 0.305500 0.085300 0.085300 0.000100 0.000000 0.074900 0.000000 0.152200 0.000000 0.000000 0.074900 0.000000 0.000100 0.078100 0.000000 0.148200 0.076700 0.074900 0.000100 0.078600
Impala 0.286400 0.399500 0.402600 0.248300 0.217300 0.286400 1.305600 0.223900 0.150800 0.217300 0.148200 0.150800 0.248300 0.293800 0.220800 0.148200 0.213100 0.288100 0.148200 0.288200 0.217300 0.298300 0.148200 0.148200 0.148200 0.148200 0.248300 0.150800 0.148200 0.150800 0.151200 0.297300 0.459700 0.248300 0.248300 0.150800 0.148200 0.217300 0.148200 0.298300 0.148200 0.148200 0.217300 0.148200 0.150800 0.149000 0.148200 0.000000 0.222500 0.217300 0.150800 0.230500
Klipspring 0.222300 0.318300 0.321800 0.169500 0.000100 0.222300 0.644100 0.154200 0.077300 0.000100 0.076700 0.077300 0.169500 0.068800 0.151500 0.076700 0.147500 0.221000 0.076700 0.217500 0.149800 0.070300 0.076700 0.076700 0.076700 0.076700 0.169500 0.077300 0.076700 0.077300 0.077100 0.229500 0.210900 0.169500 0.169500 0.077300 0.076700 0.000100 0.076700 0.070300 0.076700 0.076700 0.000100 0.076700 0.077300 0.155800 0.076700 0.222500 0.000000 0.000100 0.077300 0.156100
ForestMusk 0.217000 0.317000 0.317500 0.165200 0.000000 0.217000 0.641800 0.150500 0.076100 0.000000 0.074900 0.076100 0.165200 0.067400 0.149300 0.074900 0.144000 0.215900 0.074900 0.215300 0.146500 0.068900 0.074900 0.074900 0.074900 0.074900 0.165200 0.076100 0.074900 0.076100 0.076000 0.224200 0.206500 0.165200 0.165200 0.076100 0.074900 0.000000 0.074900 0.068900 0.074900 0.074900 0.000000 0.074900 0.076100 0.152100 0.074900 0.217300 0.000100 0.000000 0.076100 0.153700
Bushbuck 0.149800 0.243200 0.241300 0.086900 0.076100 0.149800 0.878700 0.078400 0.000000 0.076100 0.000100 0.000000 0.086900 0.151800 0.076700 0.000100 0.074800 0.149200 0.000100 0.146100 0.076100 0.154800 0.000100 0.000100 0.000100 0.000100 0.086900 0.000000 0.000100 0.000000 0.000200 0.154900 0.310500 0.086900 0.086900 0.000000 0.000100 0.076100 0.000100 0.154800 0.000100 0.000100 0.076100 0.000100 0.000000 0.079500 0.000100 0.150800 0.077300 0.076100 0.000000 0.078500
GreaterKud 0.228400 0.144500 0.331900 0.175700 0.153700 0.228400 0.891500 0.075900 0.078500 0.153700 0.078600 0.078500 0.175700 0.232200 0.155400 0.078600 0.151000 0.228000 0.078600 0.222800 0.153700 0.237300 0.078600 0.078600 0.078600 0.078600 0.175700 0.078500 0.078600 0.078500 0.079100 0.236600 0.305100 0.175700 0.175700 0.078500 0.078600 0.153700 0.078600 0.237300 0.078600 0.078600 0.153700 0.078600 0.078500 0.160400 0.078600 0.230500 0.156100 0.153700 0.078500 0.000000
