1
52 1
Argali 0.000000 0.428500 0.125100 0.466200 0.068700 0.000000 0.043600 0.068500 0.099500 0.104900 0.025800 0.097000 0.051800 0.052400 0.076600 0.077400 0.113400 0.126200 0.017000 0.108400 0.077900 0.034000 0.105400 0.154000 0.025800 0.068100 0.060400 0.090500 0.051400 0.090500 0.104800 0.052000 0.168400 0.059900 0.068500 0.088400 0.025500 0.094000 0.078000 0.153800 0.115700 0.060500 0.096300 0.144300 0.088700 0.068500 0.060200 0.078700 0.058200 0.105200 0.090500 0.108600
LesserMous 0.428500 0.000000 0.442200 0.482500 0.438400 0.428500 0.440900 0.467800 0.443200 0.454600 0.441500 0.454700 0.436000 0.454700 0.478400 0.455300 0.438500 0.441300 0.429100 0.454500 0.485000 0.452700 0.473800 0.553900 0.441500 0.479400 0.447000 0.431300 0.459800 0.431300 0.453000 0.438600 0.424500 0.455000 0.435500 0.461200 0.442900 0.458600 0.458000 0.445200 0.492600 0.449200 0.443800 0.524400 0.464000 0.468100 0.456500 0.429900 0.490100 0.439400 0.431300 0.455100
LesserKudu 0.125100 0.442200 0.000000 0.540700 0.131400 0.125100 0.106700 0.149700 0.042400 0.150200 0.134500 0.075900 0.142100 0.115900 0.157800 0.168400 0.187100 0.162700 0.125100 0.050800 0.160400 0.143300 0.179600 0.211400 0.134500 0.177300 0.150800 0.033900 0.160100 0.033900 0.160000 0.115100 0.213700 0.150000 0.149400 0.084900 0.134600 0.157000 0.150400 0.190500 0.191000 0.170900 0.160600 0.201300 0.085200 0.140100 0.150500 0.151800 0.185100 0.140700 0.033900 0.050900
KillerWhal 0.466200 0.482500 0.540700 0.000000 0.504600 0.466200 0.508800 0.462800 0.480900 0.518400 0.449900 0.480600 0.472800 0.490100 0.469000 0.493800 0.424500 0.511100 0.452400 0.523400 0.522200 0.490500 0.493500 0.527500 0.479000 0.474900 0.484100 0.499500 0.456500 0.499500 0.517300 0.503300 0.517000 0.463100 0.461100 0.486700 0.451700 0.511400 0.480800 0.454700 0.455200 0.475300 0.507600 0.512600 0.502100 0.521000 0.480100 0.496900 0.513300 0.535100 0.499500 0.464300
DefassaWat 0.068700 0.438400 0.131400 0.504600 0.000000 0.068700 0.059800 0.084000 0.106300 0.102000 0.077600 0.122100 0.085400 0.050900 0.057400 0.092800 0.165500 0.160700 0.068700 0.133900 0.075700 0.068300 0.139200 0.169000 0.059800 0.083500 0.093900 0.116300 0.102500 0.116300 0.084200 0.068000 0.212000 0.093200 0.083800 0.132100 0.077600 0.040400 0.058500 0.130500 0.149700 0.112200 0.093700 0.159400 0.132600 0.066600 0.075900 0.094300 0.126900 0.102300 0.116300 0.134300
Sheep 0.000000 0.428500 0.125100 0.466200 0.068700 0.000000 0.043600 0.068500 0.099500 0.104900 0.025800 0.097000 0.051800 0.052400 0.076600 0.077400 0.113400 0.126200 0.017200 0.108400 0.077900 0.034400 0.105400 0.154000 0.025800 0.068100 0.060400 0.090500 0.051400 0.090500 0.104800 0.052000 0.168400 0.059900 0.068500 0.088400 0.025700 0.094000 0.078000 0.153800 0.115700 0.060500 0.096300 0.144300 0.088700 0.068500 0.060200 0.078700 0.057800 0.105200 0.090500 0.108600
MaxwellsDu 0.043600 0.440900 0.106700 0.508800 0.059800 0.043600 0.000000 0.059600 0.099700 0.095800 0.052400 0.097400 0.060600 0.025800 0.067700 0.086300 0.141200 0.135600 0.043600 0.108600 0.068800 0.061100 0.133500 0.163800 0.052400 0.094800 0.069200 0.090700 0.077900 0.090700 0.095500 0.025700 0.178000 0.068700 0.077100 0.107100 0.052500 0.085000 0.086900 0.163400 0.144200 0.087500 0.105500 0.154100 0.107500 0.059600 0.069000 0.087700 0.102900 0.087100 0.090700 0.108900
GazellaPrz 0.068500 0.467800 0.149700 0.462800 0.084000 0.068500 0.059600 0.000000 0.124700 0.138000 0.068500 0.121500 0.067600 0.068200 0.091500 0.075100 0.128200 0.122200 0.068500 0.133400 0.058200 0.077000 0.157500 0.159000 0.068500 0.083000 0.076000 0.115800 0.066700 0.115800 0.119500 0.067800 0.220700 0.075500 0.083400 0.112800 0.051000 0.091000 0.084600 0.148800 0.168300 0.076100 0.129600 0.168800 0.132100 0.066400 0.058300 0.112100 0.073900 0.138300 0.115800 0.115000
MountainNy 0.099500 0.443200 0.042400 0.480900 0.106300 0.099500 0.099700 0.124700 0.000000 0.144000 0.108900 0.051100 0.116800 0.090000 0.132900 0.143400 0.161900 0.137100 0.099500 0.025700 0.135100 0.117800 0.154300 0.185700 0.108900 0.133000 0.125600 0.008500 0.134900 0.008500 0.134700 0.108300 0.198600 0.124800 0.143600 0.060100 0.109000 0.132300 0.144500 0.165000 0.165500 0.145500 0.135200 0.175700 0.060300 0.115100 0.125300 0.145700 0.160300 0.153800 0.008500 0.025800
MuntiacusM 0.104900 0.454600 0.150200 0.518400 0.102000 0.104900 0.095800 0.138000 0.144000 0.000000 0.114000 0.140800 0.112700 0.104800 0.109500 0.119900 0.146200 0.141000 0.104900 0.152800 0.129700 0.104200 0.066900 0.093900 0.095600 0.110200 0.121300 0.135000 0.130100 0.135000 0.016200 0.095100 0.182200 0.111100 0.156400 0.141400 0.114100 0.118200 0.111400 0.093800 0.085300 0.140300 0.008100 0.085000 0.142000 0.119800 0.111600 0.130900 0.154700 0.102200 0.135000 0.153100
goat 0.025800 0.441500 0.134500 0.449900 0.077600 0.025800 0.052400 0.068500 0.108900 0.114000 0.000000 0.106100 0.060600 0.061300 0.085400 0.068700 0.122500 0.126200 0.025800 0.117700 0.077900 0.025600 0.133400 0.153900 0.017100 0.077200 0.069200 0.099800 0.042800 0.099800 0.113900 0.060900 0.177900 0.051100 0.059500 0.097500 0.017100 0.102900 0.086900 0.163300 0.144100 0.069700 0.105400 0.153800 0.097900 0.068500 0.069000 0.087700 0.076000 0.114300 0.099800 0.118000
AfricanBuf 0.097000 0.454700 0.075900 0.480600 0.122100 0.097000 0.097400 0.121500 0.051100 0.140800 0.106100 0.000000 0.132700 0.087900 0.148300 0.149900 0.177300 0.172600 0.115700 0.077200 0.150800 0.133800 0.169800 0.211800 0.125000 0.121000 0.141400 0.060200 0.141600 0.060200 0.150400 0.105800 0.214000 0.121800 0.121300 0.076100 0.125100 0.129000 0.150800 0.180100 0.180900 0.132900 0.150900 0.201600 0.094300 0.130800 0.122100 0.161300 0.137600 0.150300 0.060200 0.077400
Topi 0.051800 0.436000 0.142100 0.472800 0.085400 0.051800 0.060600 0.067600 0.116800 0.112700 0.060600 0.132700 0.000000 0.069400 0.093100 0.058800 0.121100 0.134000 0.051800 0.125600 0.076800 0.069200 0.131900 0.161500 0.060600 0.067100 0.008300 0.107800 0.050600 0.107800 0.112600 0.051200 0.194900 0.024700 0.085100 0.096200 0.043000 0.092600 0.076900 0.161300 0.142400 0.059600 0.104200 0.151900 0.105500 0.085200 0.059400 0.095600 0.092500 0.113000 0.107800 0.107100
CommonDuik 0.052400 0.454700 0.115900 0.490100 0.050900 0.052400 0.025800 0.068200 0.090000 0.104800 0.061300 0.087900 0.069400 0.000000 0.076300 0.095100 0.150300 0.145000 0.052400 0.117900 0.077600 0.070000 0.142700 0.173000 0.061300 0.085600 0.078000 0.100000 0.086800 0.100000 0.104500 0.034300 0.177800 0.077500 0.085900 0.116300 0.061400 0.075900 0.095800 0.153100 0.153600 0.096500 0.114500 0.163200 0.116800 0.068300 0.077800 0.096700 0.111700 0.105000 0.100000 0.118200
Suni 0.076600 0.478400 0.157800 0.469000 0.057400 0.076600 0.067700 0.091500 0.132900 0.109500 0.085400 0.148300 0.093100 0.076300 0.000000 0.100300 0.172700 0.168000 0.059000 0.141600 0.074800 0.076100 0.128200 0.157000 0.067700 0.108500 0.101500 0.124000 0.110000 0.124000 0.091800 0.075800 0.228700 0.100800 0.108900 0.139600 0.085400 0.081700 0.066200 0.175700 0.138300 0.119700 0.101200 0.147700 0.140100 0.074300 0.083600 0.084200 0.134200 0.109700 0.124000 0.141900
Springbuck 0.077400 0.455300 0.168400 0.493800 0.092800 0.077400 0.086300 0.075100 0.143400 0.119900 0.068700 0.149900 0.058800 0.095100 0.100300 0.000000 0.128400 0.122500 0.077400 0.133200 0.084300 0.068100 0.138900 0.149500 0.059600 0.040500 0.067200 0.134400 0.041000 0.134400 0.119800 0.076500 0.182800 0.075700 0.119500 0.131000 0.059800 0.082600 0.084500 0.168200 0.149400 0.032900 0.111500 0.140400 0.130900 0.092500 0.084500 0.103100 0.099700 0.120200 0.134400 0.133500
Okapi 0.113400 0.438500 0.187100 0.424500 0.165500 0.113400 0.141200 0.128200 0.161900 0.146200 0.122500 0.177300 0.121100 0.150300 0.172700 0.128400 0.000000 0.058100 0.113400 0.151500 0.156700 0.131200 0.165700 0.196200 0.122500 0.136600 0.129700 0.153000 0.120300 0.153000 0.146100 0.140100 0.160300 0.119500 0.164800 0.159300 0.104300 0.163100 0.156900 0.176500 0.176700 0.130200 0.137800 0.186500 0.159900 0.165100 0.138300 0.177500 0.144700 0.165500 0.153000 0.151800
Giraffe 0.126200 0.441300 0.162700 0.511100 0.160700 0.126200 0.135600 0.122200 0.137100 0.141000 0.126200 0.172600 0.134000 0.145000 0.168000 0.122500 0.058100 0.000000 0.126200 0.126700 0.151200 0.135100 0.141700 0.152400 0.126200 0.130900 0.142800 0.127900 0.132800 0.127900 0.140800 0.134700 0.155300 0.131900 0.179100 0.153800 0.126300 0.158100 0.171100 0.152400 0.152500 0.124300 0.132400 0.162400 0.154400 0.140800 0.151600 0.172900 0.139100 0.160700 0.127900 0.146300
TibetanAnt 0.017000 0.429100 0.125100 0.452400 0.068700 0.017200 0.043600 0.068500 0.099500 0.104900 0.025800 0.115700 0.051800 0.052400 0.059000 0.077400 0.113400 0.126200 0.000000 0.108400 0.077800 0.034400 0.124100 0.134400 0.025700 0.085900 0.060400 0.090500 0.051400 0.090500 0.104800 0.052000 0.168400 0.059900 0.068400 0.088300 0.025500 0.094000 0.060100 0.153800 0.134700 0.078500 0.096300 0.125000 0.088700 0.068500 0.060200 0.078700 0.076000 0.086800 0.090500 0.108600
Sitatunga 0.108400 0.454500 0.050800 0.523400 0.133900 0.108400 0.108600 0.133400 0.025700 0.152800 0.117700 0.077200 0.125600 0.117900 0.141600 0.133200 0.151500 0.126700 0.108400 0.000000 0.143900 0.107500 0.163100 0.194700 0.117700 0.161000 0.115400 0.017100 0.143700 0.017100 0.143500 0.117100 0.177700 0.133500 0.152300 0.068500 0.117800 0.141200 0.153400 0.194200 0.174400 0.135100 0.144000 0.184600 0.068800 0.123700 0.134100 0.154700 0.169000 0.143100 0.017100 0.034300
Oribi 0.077900 0.485000 0.160400 0.522200 0.075700 0.077900 0.068800 0.058200 0.135100 0.129700 0.077900 0.150800 0.076800 0.077600 0.074800 0.084300 0.156700 0.151200 0.077800 0.143900 0.000000 0.086500 0.168100 0.168400 0.077900 0.092700 0.085300 0.126100 0.076100 0.126100 0.111200 0.077000 0.232300 0.084800 0.110700 0.141900 0.060200 0.100500 0.085000 0.198500 0.179100 0.085500 0.121200 0.178300 0.142500 0.058200 0.067500 0.122000 0.118200 0.148700 0.126100 0.125200
BarbaryShe 0.034000 0.452700 0.143300 0.490500 0.068300 0.034400 0.061100 0.077000 0.117800 0.104200 0.025600 0.133800 0.069200 0.070000 0.076100 0.068100 0.131200 0.135100 0.034400 0.107500 0.086500 0.000000 0.123300 0.143400 0.008500 0.076500 0.059900 0.108700 0.059900 0.108700 0.104100 0.069500 0.167100 0.077200 0.085800 0.106200 0.025400 0.093400 0.077400 0.152700 0.133700 0.087200 0.095600 0.143200 0.106600 0.077000 0.077500 0.078200 0.084400 0.086200 0.108700 0.126900
Daviddeer 0.105400 0.473800 0.179600 0.493500 0.139200 0.105400 0.133500 0.157500 0.154300 0.066900 0.133400 0.169800 0.131900 0.142700 0.128200 0.138900 0.165700 0.141700 0.124100 0.163100 0.168100 0.123300 0.000000 0.094400 0.114500 0.110700 0.140600 0.145200 0.149600 0.145200 0.066900 0.132500 0.183200 0.130000 0.157100 0.151400 0.133600 0.155500 0.149100 0.094200 0.050500 0.140900 0.058600 0.085500 0.152000 0.157600 0.149300 0.131600 0.155400 0.139100 0.145200 0.163500
Reindeer 0.154000 0.553900 0.211400 0.527500 0.169000 0.154000 0.163800 0.159000 0.185700 0.093900 0.153900 0.211800 0.161500 0.173000 0.157000 0.149500 0.196200 0.152400 0.134400 0.194700 0.168400 0.143400 0.094400 0.000000 0.134400 0.139300 0.170400 0.176400 0.160400 0.176400 0.093900 0.162600 0.234100 0.159000 0.197400 0.172600 0.154100 0.176200 0.140500 0.113600 0.113800 0.171100 0.085600 0.024700 0.182800 0.159200 0.170100 0.181100 0.175800 0.140500 0.176400 0.195200
Ibex 0.025800 0.441500 0.134500 0.479000 0.059800 0.025800 0.052400 0.068500 0.108900 0.095600 0.017100 0.125000 0.060600 0.061300 0.067700 0.059600 0.122500 0.126200 0.025700 0.117700 0.077900 0.008500 0.114500 0.134400 0.000000 0.068100 0.069200 0.099800 0.051400 0.099800 0.095500 0.060900 0.177900 0.068700 0.077200 0.097500 0.017100 0.085000 0.068900 0.143700 0.124900 0.078500 0.087000 0.134300 0.097900 0.068500 0.069000 0.069500 0.076000 0.095800 0.099800 0.118000
GyrantGaze 0.068100 0.479400 0.177300 0.474900 0.083500 0.068100 0.094800 0.083000 0.133000 0.110200 0.077200 0.121000 0.067100 0.085600 0.108500 0.040500 0.136600 0.130900 0.085900 0.161000 0.092700 0.076500 0.110700 0.139300 0.068100 0.000000 0.075500 0.143300 0.048400 0.143300 0.110100 0.084900 0.200800 0.066600 0.127900 0.139600 0.068300 0.090600 0.092800 0.138800 0.120600 0.041000 0.101800 0.148800 0.140100 0.100800 0.092900 0.111400 0.090500 0.128700 0.143300 0.142300
Hartebeest 0.060400 0.447000 0.150800 0.484100 0.093900 0.060400 0.069200 0.076000 0.125600 0.121300 0.069200 0.141400 0.008300 0.078000 0.101500 0.067200 0.129700 0.142800 0.060400 0.115400 0.085300 0.059900 0.140600 0.170400 0.069200 0.075500 0.000000 0.116700 0.059000 0.116700 0.121200 0.059700 0.184000 0.033300 0.093500 0.104800 0.051600 0.100900 0.085400 0.170200 0.151200 0.068100 0.112800 0.160700 0.114100 0.093600 0.067800 0.104200 0.100800 0.103200 0.116700 0.115800
Bongo 0.090500 0.431300 0.033900 0.499500 0.116300 0.090500 0.090700 0.115800 0.008500 0.135000 0.099800 0.060200 0.107800 0.100000 0.124000 0.134400 0.153000 0.127900 0.090500 0.017100 0.126100 0.108700 0.145200 0.176400 0.099800 0.143300 0.116700 0.000000 0.125900 0.000000 0.125800 0.099300 0.199200 0.115900 0.134600 0.051500 0.099900 0.142500 0.135500 0.175900 0.156200 0.136400 0.126200 0.166400 0.051700 0.106200 0.116400 0.136600 0.151400 0.144700 0.000000 0.017200
Gerenuk 0.051400 0.459800 0.160100 0.456500 0.102500 0.051400 0.077900 0.066700 0.134900 0.130100 0.042800 0.141600 0.050600 0.086800 0.110000 0.041000 0.120300 0.132800 0.051400 0.143700 0.076100 0.059900 0.149600 0.160400 0.051400 0.048400 0.059000 0.125900 0.000000 0.125900 0.130000 0.068300 0.193700 0.067500 0.093500 0.104300 0.034000 0.109500 0.094100 0.179500 0.160400 0.041600 0.121600 0.170300 0.104700 0.084300 0.076300 0.113000 0.074500 0.130500 0.125900 0.125000
CommonElan 0.090500 0.431300 0.033900 0.499500 0.116300 0.090500 0.090700 0.115800 0.008500 0.135000 0.099800 0.060200 0.107800 0.100000 0.124000 0.134400 0.153000 0.127900 0.090500 0.017100 0.126100 0.108700 0.145200 0.176400 0.099800 0.143300 0.116700 0.000000 0.125900 0.000000 0.125800 0.099300 0.199200 0.115900 0.134600 0.051500 0.099900 0.142500 0.135500 0.175900 0.156200 0.136400 0.126200 0.166400 0.051700 0.106200 0.116400 0.136600 0.151400 0.144700 0.000000 0.017200
MuntiacusR 0.104800 0.453000 0.160000 0.517300 0.084200 0.104800 0.095500 0.119500 0.134700 0.016200 0.113900 0.150400 0.112600 0.104500 0.091800 0.119800 0.146100 0.140800 0.104800 0.143500 0.111200 0.104100 0.066900 0.093900 0.095500 0.110100 0.121200 0.125800 0.130000 0.125800 0.000000 0.094800 0.201000 0.111100 0.137600 0.132300 0.114000 0.100300 0.111300 0.093700 0.085200 0.140100 0.008100 0.085100 0.132800 0.101600 0.111500 0.130800 0.154500 0.119900 0.125800 0.143800
HarveysDui 0.052000 0.438600 0.115100 0.503300 0.068000 0.052000 0.025700 0.067800 0.108300 0.095100 0.060900 0.105800 0.051200 0.034300 0.075800 0.076500 0.140100 0.134700 0.052000 0.117100 0.077000 0.069500 0.132500 0.162600 0.060900 0.084900 0.059700 0.099300 0.068300 0.099300 0.094800 0.000000 0.176700 0.076900 0.085300 0.096700 0.060900 0.075400 0.095200 0.162200 0.143200 0.077600 0.104700 0.152900 0.097100 0.067800 0.077200 0.096100 0.092900 0.095400 0.099300 0.117400
Pronghorn 0.168400 0.424500 0.213700 0.517000 0.212000 0.168400 0.178000 0.220700 0.198600 0.182200 0.177900 0.214000 0.194900 0.177800 0.228700 0.182800 0.160300 0.155300 0.168400 0.177700 0.232300 0.167100 0.183200 0.234100 0.177900 0.200800 0.184000 0.199200 0.193700 0.199200 0.201000 0.176700 0.000000 0.192100 0.220600 0.185300 0.178100 0.208800 0.232700 0.203400 0.213600 0.204700 0.192700 0.204400 0.185900 0.220900 0.212500 0.234400 0.218400 0.182500 0.199200 0.217700
BlueWildeb 0.059900 0.455000 0.150000 0.463100 0.093200 0.059900 0.068700 0.075500 0.124800 0.111100 0.051100 0.121800 0.024700 0.077500 0.100800 0.075700 0.119500 0.131900 0.059900 0.133500 0.084800 0.077200 0.130000 0.159000 0.068700 0.066600 0.033300 0.115900 0.067500 0.115900 0.111100 0.076900 0.192100 0.000000 0.075300 0.122800 0.051200 0.118100 0.084900 0.158900 0.140300 0.076800 0.102700 0.149600 0.132300 0.093000 0.067400 0.103500 0.118000 0.129700 0.115900 0.115100
Gemsbok 0.068500 0.435500 0.149400 0.461100 0.083800 0.068500 0.077100 0.083400 0.143600 0.156400 0.059500 0.121300 0.085100 0.085900 0.108900 0.119500 0.164800 0.179100 0.068400 0.152300 0.110700 0.085800 0.157100 0.197400 0.077200 0.127900 0.093500 0.134600 0.093500 0.134600 0.137600 0.085300 0.220600 0.075300 0.000000 0.104000 0.077300 0.090800 0.102100 0.167200 0.187300 0.121100 0.147900 0.187600 0.132000 0.101200 0.092900 0.130300 0.108400 0.138100 0.134600 0.152700
Yak 0.088400 0.461200 0.084900 0.486700 0.132100 0.088400 0.107100 0.112800 0.060100 0.141400 0.097500 0.076100 0.096200 0.116300 0.139600 0.131000 0.159300 0.153800 0.088300 0.068500 0.141900 0.106200 0.151400 0.172600 0.097500 0.139600 0.104800 0.051500 0.104300 0.051500 0.132300 0.096700 0.185300 0.122800 0.104000 0.000000 0.097600 0.120200 0.141900 0.161700 0.162300 0.132900 0.132800 0.162800 0.016600 0.122100 0.113400 0.152300 0.110800 0.151000 0.051500 0.068700
BlueSheep 0.025500 0.442900 0.134600 0.451700 0.077600 0.025700 0.052500 0.051000 0.109000 0.114100 0.017100 0.125100 0.043000 0.061400 0.085400 0.059800 0.104300 0.126300 0.025500 0.117800 0.060200 0.025400 0.133600 0.154100 0.017100 0.068300 0.051600 0.099900 0.034000 0.099900 0.114000 0.060900 0.178100 0.051200 0.077300 0.097600 0.000000 0.103000 0.069100 0.163500 0.144300 0.060700 0.105500 0.153900 0.097900 0.068600 0.051400 0.087800 0.076000 0.114400 0.099900 0.099200
BohorReedb 0.094000 0.458600 0.157000 0.511400 0.040400 0.094000 0.085000 0.091000 0.132300 0.118200 0.102900 0.129000 0.092600 0.075900 0.081700 0.082600 0.163100 0.158100 0.094000 0.141200 0.100500 0.093400 0.155500 0.176200 0.085000 0.090600 0.100900 0.142500 0.109500 0.142500 0.100300 0.075400 0.208800 0.118100 0.090800 0.120200 0.103000 0.000000 0.074600 0.128200 0.166100 0.101300 0.109900 0.166700 0.139300 0.091200 0.083100 0.119600 0.115600 0.118500 0.142500 0.160300
KirksDik 0.078000 0.458000 0.150400 0.480800 0.058500 0.078000 0.086900 0.084600 0.144500 0.111400 0.086900 0.150800 0.076900 0.095800 0.066200 0.084500 0.156900 0.171100 0.060100 0.153400 0.085000 0.077400 0.149100 0.140500 0.068900 0.092800 0.085400 0.135500 0.094100 0.135500 0.111300 0.095200 0.232700 0.084900 0.102100 0.141900 0.069100 0.074600 0.000000 0.150300 0.159800 0.103700 0.103000 0.131100 0.151800 0.093200 0.059000 0.103800 0.127700 0.093700 0.135500 0.134500
RoeDeer 0.153800 0.445200 0.190500 0.454700 0.130500 0.153800 0.163400 0.148800 0.165000 0.093800 0.163300 0.180100 0.161300 0.153100 0.175700 0.168200 0.176500 0.152400 0.153800 0.194200 0.198500 0.152700 0.094200 0.113600 0.143700 0.138800 0.170200 0.175900 0.179500 0.175900 0.093700 0.162200 0.203400 0.158900 0.167200 0.161700 0.163500 0.128200 0.150300 0.000000 0.095400 0.190600 0.085400 0.104400 0.182300 0.187400 0.159400 0.180600 0.165700 0.149300 0.175900 0.194700
WhiteLippe 0.115700 0.492600 0.191000 0.455200 0.149700 0.115700 0.144200 0.168300 0.165500 0.085300 0.144100 0.180900 0.142400 0.153600 0.138300 0.149400 0.176700 0.152500 0.134700 0.174400 0.179100 0.133700 0.050500 0.113800 0.124900 0.120600 0.151200 0.156200 0.160400 0.156200 0.085200 0.143200 0.213600 0.140300 0.187300 0.162300 0.144300 0.166100 0.159800 0.095400 0.000000 0.151600 0.076900 0.104600 0.163000 0.168400 0.140900 0.142100 0.166000 0.149700 0.156200 0.174800
ThomsonGaz 0.060500 0.449200 0.170900 0.475300 0.112200 0.060500 0.087500 0.076100 0.145500 0.140300 0.069700 0.132900 0.059600 0.096500 0.119700 0.032900 0.130200 0.124300 0.078500 0.135100 0.085500 0.087200 0.140900 0.171100 0.078500 0.041000 0.068100 0.136400 0.041600 0.136400 0.140100 0.077600 0.204700 0.076800 0.121100 0.132900 0.060700 0.101300 0.103700 0.190600 0.151600 0.000000 0.131700 0.181200 0.133400 0.093800 0.085700 0.123100 0.083400 0.140600 0.136400 0.135400
MuntiacusC 0.096300 0.443800 0.160600 0.507600 0.093700 0.096300 0.105500 0.129600 0.135200 0.008100 0.105400 0.150900 0.104200 0.114500 0.101200 0.111500 0.137800 0.132400 0.096300 0.144000 0.121200 0.095600 0.058600 0.085600 0.087000 0.101800 0.112800 0.126200 0.121600 0.126200 0.008100 0.104700 0.192700 0.102700 0.147900 0.132800 0.105500 0.109900 0.103000 0.085400 0.076900 0.131700 0.000000 0.076700 0.133300 0.111400 0.103100 0.122400 0.146300 0.111600 0.126200 0.144400
WhiteTaile 0.144300 0.524400 0.201300 0.512600 0.159400 0.144300 0.154100 0.168800 0.175700 0.085000 0.153800 0.201600 0.151900 0.163200 0.147700 0.140400 0.186500 0.162400 0.125000 0.184600 0.178300 0.143200 0.085500 0.024700 0.134300 0.148800 0.160700 0.166400 0.170300 0.166400 0.085100 0.152900 0.204400 0.149600 0.187600 0.162800 0.153900 0.166700 0.131100 0.104400 0.104600 0.181200 0.076700 0.000000 0.172900 0.169100 0.160400 0.171300 0.185700 0.131200 0.166400 0.185100
Cattle 0.088700 0.464000 0.085200 0.502100 0.132600 0.088700 0.107500 0.132100 0.060300 0.142000 0.097900 0.094300 0.105500 0.116800 0.140100 0.130900 0.159900 0.154400 0.088700 0.068800 0.142500 0.106600 0.152000 0.182800 0.097900 0.140100 0.114100 0.051700 0.104700 0.051700 0.132800 0.097100 0.185900 0.132300 0.132000 0.016600 0.097900 0.139300 0.151800 0.182300 0.163000 0.133400 0.133300 0.172900 0.000000 0.122600 0.132700 0.152900 0.129600 0.151500 0.051700 0.069000
RoyalAntel 0.068500 0.468100 0.140100 0.521000 0.066600 0.068500 0.059600 0.066400 0.115100 0.119800 0.068500 0.130800 0.085200 0.068300 0.074300 0.092500 0.165100 0.140800 0.068500 0.123700 0.058200 0.077000 0.157600 0.159200 0.068500 0.100800 0.093600 0.106200 0.084300 0.106200 0.101600 0.067800 0.220900 0.093000 0.101200 0.122100 0.068600 0.091200 0.093200 0.187400 0.168400 0.093800 0.111400 0.169100 0.122600 0.000000 0.075700 0.112200 0.108600 0.138400 0.106200 0.124000
Steenbok 0.060200 0.456500 0.150500 0.480100 0.075900 0.060200 0.069000 0.058300 0.125300 0.111600 0.069000 0.122100 0.059400 0.077800 0.083600 0.084500 0.138300 0.151600 0.060200 0.134100 0.067500 0.077500 0.149300 0.170100 0.069000 0.092900 0.067800 0.116400 0.076300 0.116400 0.111500 0.077200 0.212500 0.067400 0.092900 0.113400 0.051400 0.083100 0.059000 0.159400 0.140900 0.085700 0.103100 0.160400 0.132700 0.075700 0.000000 0.103900 0.083000 0.130200 0.116400 0.115500
Impala 0.078700 0.429900 0.151800 0.496900 0.094300 0.078700 0.087700 0.112100 0.145700 0.130900 0.087700 0.161300 0.095600 0.096700 0.084200 0.103100 0.177500 0.172900 0.078700 0.154700 0.122000 0.078200 0.131600 0.181100 0.069500 0.111400 0.104200 0.136600 0.113000 0.136600 0.130800 0.096100 0.234400 0.103500 0.130300 0.152300 0.087800 0.119600 0.103800 0.180600 0.142100 0.123100 0.122400 0.171300 0.152900 0.112200 0.103900 0.000000 0.137700 0.131300 0.136600 0.154900
Klipspring 0.058200 0.490100 0.185100 0.513300 0.126900 0.057800 0.102900 0.073900 0.160300 0.154700 0.076000 0.137600 0.092500 0.111700 0.134200 0.099700 0.144700 0.139100 0.076000 0.169000 0.118200 0.084400 0.155400 0.175800 0.076000 0.090500 0.100800 0.151400 0.074500 0.151400 0.154500 0.092900 0.218400 0.118000 0.108400 0.110800 0.076000 0.115600 0.127700 0.165700 0.166000 0.083400 0.146300 0.185700 0.129600 0.108600 0.083000 0.137700 0.000000 0.155100 0.151400 0.169400
ForestMusk 0.105200 0.439400 0.140700 0.535100 0.102300 0.105200 0.087100 0.138300 0.153800 0.102200 0.114300 0.150300 0.113000 0.105000 0.109700 0.120200 0.165500 0.160700 0.086800 0.143100 0.148700 0.086200 0.139100 0.140500 0.095800 0.128700 0.103200 0.144700 0.130500 0.144700 0.119900 0.095400 0.182500 0.129700 0.138100 0.151000 0.114400 0.118500 0.093700 0.149300 0.149700 0.140600 0.111600 0.131200 0.151500 0.138400 0.130200 0.131300 0.155100 0.000000 0.144700 0.163000
Bushbuck 0.090500 0.431300 0.033900 0.499500 0.116300 0.090500 0.090700 0.115800 0.008500 0.135000 0.099800 0.060200 0.107800 0.100000 0.124000 0.134400 0.153000 0.127900 0.090500 0.017100 0.126100 0.108700 0.145200 0.176400 0.099800 0.143300 0.116700 0.000000 0.125900 0.000000 0.125800 0.099300 0.199200 0.115900 0.134600 0.051500 0.099900 0.142500 0.135500 0.175900 0.156200 0.136400 0.126200 0.166400 0.051700 0.106200 0.116400 0.136600 0.151400 0.144700 0.000000 0.017200
GreaterKud 0.108600 0.455100 0.050900 0.464300 0.134300 0.108600 0.108900 0.115000 0.025800 0.153100 0.118000 0.077400 0.107100 0.118200 0.141900 0.133500 0.151800 0.146300 0.108600 0.034300 0.125200 0.126900 0.163500 0.195200 0.118000 0.142300 0.115800 0.017200 0.125000 0.017200 0.143800 0.117400 0.217700 0.115100 0.152700 0.068700 0.099200 0.160300 0.134500 0.194700 0.174800 0.135400 0.144400 0.185100 0.069000 0.124000 0.115500 0.154900 0.169400 0.163000 0.017200 0.000000
