1
52 1
Argali 0.000000 0.396500 0.106100 0.484600 0.106000 0.103400 0.184900 0.087100 0.088500 0.104000 0.062000 0.113100 0.089000 0.071100 0.098600 0.069300 0.150500 0.159900 0.106200 0.078800 0.107800 0.079900 0.229800 0.161800 0.070400 0.088600 0.089000 0.097200 0.078500 0.107100 0.105700 0.098500 0.205300 0.071700 0.087000 0.116000 0.078500 0.085900 0.136200 0.290400 0.150700 0.070600 0.151900 0.151700 0.126500 0.172800 0.318000 0.172100 0.104900 0.181100 0.113300 0.088500
LesserMous 0.396500 0.000000 0.400400 0.428900 0.413200 0.467000 0.404400 0.373800 0.378400 0.364700 0.384700 0.378500 0.372400 0.334300 0.341600 0.347600 0.366100 0.403300 0.414300 0.389400 0.367300 0.370200 0.471100 0.447600 0.408800 0.352700 0.372400 0.389100 0.378800 0.378400 0.386300 0.368400 0.429200 0.378700 0.371900 0.386200 0.389100 0.431500 0.353900 0.575300 0.418200 0.356300 0.407600 0.391600 0.377000 0.436000 0.599300 0.435800 0.435800 0.431000 0.404700 0.378400
LesserKudu 0.106100 0.400400 0.000000 0.463100 0.145100 0.199900 0.207700 0.070100 0.017100 0.123800 0.100500 0.114200 0.109400 0.091000 0.099500 0.070400 0.142600 0.142700 0.126000 0.025700 0.138200 0.099900 0.243100 0.173500 0.109000 0.109000 0.109400 0.025100 0.117500 0.034600 0.116200 0.118600 0.218300 0.111100 0.125800 0.117100 0.098100 0.142700 0.158400 0.272400 0.162100 0.109100 0.163400 0.163300 0.127700 0.166200 0.344100 0.173500 0.124500 0.202800 0.059500 0.017100
KillerWhal 0.484600 0.428900 0.463100 0.000000 0.518300 0.611800 0.578600 0.478100 0.441600 0.503100 0.464700 0.468500 0.474500 0.439300 0.445400 0.450600 0.479700 0.518500 0.531100 0.452200 0.487800 0.488200 0.604500 0.526100 0.472200 0.445700 0.474500 0.451800 0.483600 0.468000 0.474600 0.473300 0.547900 0.455100 0.460000 0.491900 0.452200 0.535400 0.446400 0.650800 0.532100 0.472800 0.538300 0.510800 0.510800 0.552200 0.721000 0.554400 0.537700 0.580100 0.465200 0.441600
DefassaWat 0.106000 0.413200 0.145100 0.518300 0.000000 0.199400 0.186200 0.088100 0.127000 0.180700 0.100300 0.141900 0.109100 0.071900 0.099200 0.079400 0.151500 0.141500 0.145300 0.116800 0.127700 0.099700 0.251900 0.202900 0.108800 0.089700 0.109100 0.136000 0.098100 0.146500 0.164100 0.099100 0.206600 0.091600 0.097600 0.145500 0.116800 0.033400 0.118300 0.314700 0.170700 0.089800 0.213100 0.172300 0.156600 0.194200 0.342600 0.153600 0.124300 0.172600 0.171100 0.127000
Sheep 0.103400 0.467000 0.199900 0.611800 0.199400 0.000000 0.086600 0.179800 0.181600 0.156900 0.155300 0.196300 0.183800 0.164900 0.193100 0.160900 0.225900 0.235700 0.180800 0.170800 0.183100 0.174000 0.175200 0.197200 0.163500 0.173600 0.183800 0.190500 0.191100 0.201700 0.159400 0.183300 0.307500 0.166400 0.179500 0.170700 0.171000 0.196100 0.234800 0.341100 0.205200 0.183100 0.130200 0.206700 0.182000 0.258700 0.210300 0.249600 0.178600 0.269700 0.206000 0.181600
MaxwellsDu 0.184900 0.404400 0.207700 0.578600 0.186200 0.086600 0.000000 0.146400 0.188800 0.202600 0.181600 0.193300 0.190800 0.110900 0.159300 0.147100 0.193300 0.203200 0.207700 0.177500 0.169600 0.180500 0.202800 0.225600 0.190200 0.139600 0.190800 0.198100 0.157700 0.209700 0.176100 0.129400 0.241500 0.172900 0.186300 0.187100 0.197900 0.203400 0.200900 0.380700 0.234200 0.129500 0.154800 0.193900 0.199100 0.226400 0.189100 0.216000 0.185000 0.257600 0.234400 0.188800
GazellaPrz 0.087100 0.373800 0.070100 0.478100 0.088100 0.179800 0.146400 0.000000 0.070800 0.142200 0.081000 0.104700 0.069900 0.035200 0.062100 0.034400 0.132800 0.132900 0.126000 0.061300 0.089700 0.080500 0.253000 0.163500 0.089400 0.052700 0.071100 0.079500 0.061100 0.089300 0.125500 0.062000 0.166200 0.072200 0.087600 0.088800 0.079000 0.105000 0.098900 0.316400 0.171500 0.053000 0.173000 0.134100 0.098900 0.137200 0.299100 0.134400 0.087200 0.162600 0.114200 0.070800
MountainNy 0.088500 0.378400 0.017100 0.441600 0.127000 0.181600 0.188800 0.070800 0.000000 0.115300 0.082300 0.096700 0.091200 0.072900 0.081500 0.052800 0.124800 0.124900 0.108100 0.008500 0.119900 0.081800 0.224300 0.155200 0.090900 0.090900 0.091200 0.008400 0.099400 0.017000 0.098400 0.100400 0.199300 0.092700 0.107900 0.099100 0.080300 0.124900 0.139800 0.263100 0.144100 0.091000 0.145300 0.145100 0.109500 0.148700 0.324700 0.155200 0.106800 0.184400 0.042500 0.000000
MuntiacusM 0.104000 0.364700 0.123800 0.503100 0.180700 0.156900 0.202600 0.142200 0.115300 0.000000 0.117200 0.139000 0.165000 0.126900 0.134300 0.123800 0.147700 0.156800 0.161400 0.124100 0.125300 0.116400 0.148300 0.084800 0.125500 0.135500 0.165000 0.124000 0.153000 0.134200 0.032400 0.154500 0.223100 0.147500 0.161100 0.132500 0.133300 0.177700 0.174600 0.180600 0.075800 0.144900 0.076000 0.111600 0.143100 0.209900 0.313800 0.208000 0.169500 0.196900 0.139800 0.115300
goat 0.062000 0.384700 0.100500 0.464700 0.100300 0.155300 0.181600 0.081000 0.082300 0.117200 0.000000 0.107800 0.082800 0.064200 0.073400 0.081300 0.146400 0.156100 0.100700 0.091400 0.102200 0.054500 0.228000 0.137800 0.026000 0.082400 0.082800 0.091300 0.091000 0.101500 0.100000 0.092500 0.182000 0.064800 0.080800 0.110700 0.053500 0.117700 0.131500 0.290900 0.146500 0.083000 0.147700 0.157000 0.121500 0.169400 0.319300 0.148300 0.099300 0.157500 0.127000 0.082300
AfricanBuf 0.113100 0.378500 0.114200 0.468500 0.141900 0.196300 0.193300 0.104700 0.096700 0.139000 0.107800 0.000000 0.135800 0.089000 0.096700 0.086800 0.111500 0.139100 0.132900 0.105400 0.144700 0.107200 0.239000 0.178800 0.097300 0.106600 0.135800 0.105300 0.114900 0.115200 0.122600 0.097000 0.213600 0.118400 0.113900 0.086200 0.086900 0.139600 0.135300 0.287200 0.168600 0.106700 0.159800 0.168800 0.096500 0.144200 0.306300 0.188100 0.131100 0.148700 0.139600 0.096700
Topi 0.089000 0.372400 0.109400 0.474500 0.109100 0.183800 0.190800 0.069900 0.091200 0.165000 0.082800 0.135800 0.000000 0.073200 0.101600 0.071400 0.175100 0.175300 0.129000 0.081300 0.130900 0.082300 0.270400 0.207900 0.091500 0.091300 0.000000 0.100200 0.099900 0.110500 0.147900 0.101500 0.190900 0.017600 0.070900 0.119300 0.080800 0.126400 0.140400 0.348000 0.195600 0.092000 0.187400 0.176500 0.150600 0.197600 0.304800 0.167700 0.089200 0.176800 0.135700 0.091200
CommonDuik 0.071100 0.334300 0.091000 0.439300 0.071900 0.164900 0.110900 0.035200 0.072900 0.126900 0.064200 0.089000 0.073200 0.000000 0.045300 0.035400 0.117400 0.126800 0.100800 0.063100 0.073300 0.063900 0.239000 0.168100 0.073000 0.035800 0.073200 0.081900 0.044600 0.091900 0.100400 0.026900 0.150600 0.055300 0.071500 0.091300 0.081300 0.089200 0.082600 0.302700 0.156600 0.036100 0.157900 0.118100 0.101700 0.140800 0.285700 0.138200 0.089700 0.147400 0.117400 0.072900
Suni 0.098600 0.341600 0.099500 0.445400 0.099200 0.193100 0.159300 0.062100 0.081500 0.134300 0.073400 0.096700 0.101600 0.045300 0.000000 0.062400 0.124900 0.134200 0.118700 0.090400 0.101100 0.072900 0.247300 0.175200 0.082100 0.063200 0.101600 0.090400 0.062800 0.100500 0.117400 0.072600 0.179700 0.083700 0.080200 0.099200 0.090300 0.116400 0.111100 0.310700 0.164900 0.063300 0.165100 0.164900 0.109600 0.130500 0.315800 0.145600 0.117100 0.154700 0.125700 0.081500
Springbuck 0.069300 0.347600 0.070400 0.450600 0.079400 0.160900 0.147100 0.034400 0.052800 0.123800 0.081300 0.086800 0.071400 0.035400 0.062400 0.000000 0.105300 0.105400 0.107500 0.043600 0.090200 0.080800 0.222900 0.154300 0.089800 0.050800 0.071400 0.061600 0.061400 0.071000 0.107000 0.062300 0.167000 0.072500 0.088000 0.089000 0.079400 0.078100 0.090100 0.283800 0.143200 0.053300 0.153900 0.125000 0.099200 0.137500 0.300600 0.154300 0.087700 0.163400 0.096100 0.052800
Okapi 0.150500 0.366100 0.142600 0.479700 0.151500 0.225900 0.193300 0.132800 0.124800 0.147700 0.146400 0.111500 0.175100 0.117400 0.124900 0.105300 0.000000 0.040200 0.171300 0.133600 0.135100 0.145500 0.217100 0.168300 0.135000 0.135200 0.175100 0.114500 0.124200 0.143900 0.131400 0.144800 0.213100 0.157600 0.171000 0.132300 0.142700 0.149000 0.164700 0.274800 0.158200 0.116200 0.158900 0.158400 0.142900 0.181100 0.326700 0.198100 0.188900 0.187000 0.168200 0.124800
Giraffe 0.159900 0.403300 0.142700 0.518500 0.141500 0.235700 0.203200 0.132900 0.124900 0.156800 0.156100 0.139100 0.175300 0.126800 0.134200 0.105400 0.040200 0.000000 0.180900 0.133800 0.144600 0.155100 0.226800 0.177700 0.164300 0.144700 0.175300 0.114600 0.114800 0.144100 0.140600 0.154300 0.223100 0.167400 0.180600 0.160900 0.162400 0.139200 0.174500 0.263100 0.167500 0.125500 0.168200 0.167700 0.172000 0.171700 0.359200 0.207800 0.189100 0.207200 0.168300 0.124900
TibetanAnt 0.106200 0.414300 0.126000 0.531100 0.145300 0.180800 0.207700 0.126000 0.108100 0.161400 0.100700 0.132900 0.129000 0.100800 0.118700 0.107500 0.171300 0.180900 0.000000 0.117000 0.147600 0.081000 0.263300 0.203300 0.099800 0.128400 0.129000 0.117000 0.136800 0.108100 0.125100 0.128500 0.249600 0.111300 0.125900 0.127100 0.098100 0.142800 0.178700 0.339200 0.191300 0.128500 0.193000 0.183000 0.118500 0.184500 0.354500 0.193700 0.143700 0.203200 0.152000 0.108100
Sitatunga 0.078800 0.389400 0.025700 0.452200 0.116800 0.170800 0.177500 0.061300 0.008500 0.124100 0.091400 0.105400 0.081300 0.063100 0.090400 0.043600 0.133600 0.133800 0.117000 0.000000 0.109500 0.090800 0.233600 0.164300 0.099900 0.081000 0.081300 0.017000 0.089500 0.025900 0.107300 0.090400 0.187800 0.082500 0.097900 0.108100 0.089200 0.114800 0.129100 0.272900 0.153000 0.081100 0.154300 0.134700 0.118600 0.157400 0.311700 0.164300 0.096900 0.193500 0.050600 0.008600
Oribi 0.107800 0.367300 0.138200 0.487800 0.127700 0.183100 0.169600 0.089700 0.119900 0.125300 0.102200 0.144700 0.130900 0.073300 0.101100 0.090200 0.135100 0.144600 0.147600 0.109500 0.000000 0.082100 0.236900 0.186400 0.101300 0.081000 0.130900 0.128900 0.100000 0.139600 0.127600 0.101100 0.210900 0.112900 0.127700 0.137900 0.099500 0.144900 0.110400 0.296500 0.174400 0.091500 0.156100 0.175700 0.149100 0.198200 0.327500 0.176100 0.146000 0.206300 0.164700 0.119900
BarbaryShe 0.079900 0.370200 0.099900 0.488200 0.099700 0.174000 0.180500 0.080500 0.081800 0.116400 0.054500 0.107200 0.082300 0.063900 0.072900 0.080800 0.145500 0.155100 0.081000 0.090800 0.082100 0.000000 0.247900 0.177100 0.054100 0.081900 0.082300 0.090800 0.090500 0.100900 0.118600 0.091900 0.201500 0.064400 0.080400 0.110000 0.053100 0.117000 0.110900 0.312000 0.165400 0.082500 0.166700 0.166600 0.120800 0.168400 0.317100 0.127700 0.098700 0.156500 0.126200 0.081800
Daviddeer 0.229800 0.471100 0.243100 0.604500 0.251900 0.175200 0.202800 0.253000 0.224300 0.148300 0.228000 0.239000 0.270400 0.239000 0.247300 0.222900 0.217100 0.226800 0.263300 0.233600 0.236900 0.247900 0.000000 0.139900 0.236300 0.247900 0.270400 0.233500 0.266100 0.245400 0.131900 0.258400 0.309300 0.252500 0.274000 0.243200 0.243600 0.247600 0.291200 0.286400 0.102600 0.258100 0.093900 0.198100 0.256000 0.282500 0.292600 0.350200 0.251400 0.260300 0.269500 0.224300
Reindeer 0.161800 0.447600 0.173500 0.526100 0.202900 0.197200 0.225600 0.163500 0.155200 0.084800 0.137800 0.178800 0.207900 0.168100 0.175200 0.154300 0.168300 0.177700 0.203300 0.164300 0.186400 0.177100 0.139900 0.000000 0.166300 0.176900 0.207900 0.164200 0.194800 0.175100 0.068400 0.196700 0.255900 0.190100 0.202900 0.153400 0.173900 0.199400 0.218000 0.203200 0.076500 0.186700 0.094600 0.067800 0.164600 0.232500 0.315400 0.252500 0.211400 0.239900 0.199600 0.155200
Ibex 0.070400 0.408800 0.109000 0.472200 0.108800 0.163500 0.190200 0.089400 0.090900 0.125500 0.026000 0.097300 0.091500 0.073000 0.082100 0.089800 0.135000 0.164300 0.099800 0.099900 0.101300 0.054100 0.236300 0.166300 0.000000 0.091000 0.091500 0.099900 0.099600 0.110100 0.108500 0.101200 0.190300 0.073700 0.089300 0.099800 0.034100 0.126000 0.140000 0.299000 0.154800 0.091700 0.156200 0.176000 0.110300 0.177400 0.327100 0.156600 0.107700 0.145800 0.135300 0.090900
GyrantGaze 0.088600 0.352700 0.109000 0.445700 0.089700 0.173600 0.139600 0.052700 0.090900 0.135500 0.082400 0.106600 0.091300 0.035800 0.063200 0.050800 0.135200 0.144700 0.128400 0.081000 0.081000 0.081900 0.247900 0.176900 0.091000 0.000000 0.091300 0.099900 0.062200 0.110100 0.118400 0.063200 0.169300 0.073500 0.089200 0.099400 0.099200 0.106900 0.090800 0.299100 0.165200 0.054000 0.166600 0.146500 0.109900 0.157400 0.294700 0.156400 0.107500 0.165600 0.135300 0.090900
Hartebeest 0.089000 0.372400 0.109400 0.474500 0.109100 0.183800 0.190800 0.071100 0.091200 0.165000 0.082800 0.135800 0.000000 0.073200 0.101600 0.071400 0.175100 0.175300 0.129000 0.081300 0.130900 0.082300 0.270400 0.207900 0.091500 0.091300 0.000000 0.100200 0.099900 0.110500 0.147900 0.101500 0.190900 0.017600 0.070900 0.119300 0.077700 0.126400 0.140400 0.348000 0.195600 0.092000 0.187400 0.176500 0.150600 0.197600 0.304800 0.167700 0.089200 0.176800 0.135700 0.091200
Bongo 0.097200 0.389100 0.025100 0.451800 0.136000 0.190500 0.198100 0.079500 0.008400 0.124000 0.091300 0.105300 0.100200 0.081900 0.090400 0.061600 0.114500 0.114600 0.117000 0.017000 0.128900 0.090800 0.233500 0.164200 0.099900 0.099900 0.100200 0.000000 0.089400 0.025900 0.107200 0.109400 0.208600 0.101800 0.116700 0.108000 0.089100 0.133700 0.149000 0.250100 0.152900 0.100000 0.154200 0.154100 0.118500 0.157300 0.334000 0.164200 0.115600 0.193400 0.051000 0.008600
Gerenuk 0.078500 0.378800 0.117500 0.483600 0.098100 0.191100 0.157700 0.061100 0.099400 0.153000 0.091000 0.114900 0.099900 0.044600 0.062800 0.061400 0.124200 0.114800 0.136800 0.089500 0.100000 0.090500 0.266100 0.194800 0.099600 0.062200 0.099900 0.089400 0.000000 0.118600 0.136200 0.071800 0.177700 0.082300 0.088600 0.117800 0.107600 0.096400 0.109300 0.306800 0.183000 0.044300 0.184600 0.164200 0.128500 0.138600 0.312400 0.164600 0.115900 0.173800 0.143500 0.099400
CommonElan 0.107100 0.378400 0.034600 0.468000 0.146500 0.201700 0.209700 0.089300 0.017000 0.134200 0.101500 0.115200 0.110500 0.091900 0.100500 0.071000 0.143900 0.144100 0.108100 0.025900 0.139600 0.100900 0.245400 0.175100 0.110100 0.110100 0.110500 0.025900 0.118600 0.000000 0.117300 0.100400 0.220500 0.112200 0.127000 0.118200 0.099000 0.144000 0.160000 0.285600 0.163600 0.110200 0.165000 0.164800 0.109500 0.157800 0.347400 0.175200 0.125700 0.204700 0.060100 0.017000
MuntiacusR 0.105700 0.386300 0.116200 0.474600 0.164100 0.159400 0.176100 0.125500 0.098400 0.032400 0.100000 0.122600 0.147900 0.100400 0.117400 0.107000 0.131400 0.140600 0.125100 0.107300 0.127600 0.118600 0.131900 0.068400 0.108500 0.118400 0.147900 0.107200 0.136200 0.117300 0.000000 0.128100 0.206600 0.130300 0.144500 0.115800 0.116500 0.161300 0.177900 0.184400 0.059500 0.127900 0.059600 0.086400 0.126300 0.194000 0.297600 0.211800 0.153000 0.180500 0.142000 0.098400
HarveysDui 0.098500 0.368400 0.118600 0.473300 0.099100 0.183300 0.129400 0.062000 0.100400 0.154500 0.092500 0.097000 0.101500 0.026900 0.072600 0.062300 0.144800 0.154300 0.128500 0.090400 0.101100 0.091900 0.258400 0.196700 0.101200 0.063200 0.101500 0.109400 0.071800 0.100400 0.128100 0.000000 0.179300 0.083600 0.099100 0.118900 0.109300 0.116200 0.111000 0.286900 0.184700 0.063300 0.176600 0.145700 0.129800 0.149200 0.305100 0.166200 0.097800 0.155100 0.144900 0.100400
Pronghorn 0.205300 0.429200 0.218300 0.547900 0.206600 0.307500 0.241500 0.166200 0.199300 0.223100 0.182000 0.213600 0.190900 0.150600 0.179700 0.167000 0.213100 0.223100 0.249600 0.187800 0.210900 0.201500 0.309300 0.255900 0.190300 0.169300 0.190900 0.208600 0.177700 0.220500 0.206600 0.179300 0.000000 0.172900 0.206600 0.229200 0.218800 0.223800 0.209900 0.402500 0.234300 0.149200 0.257500 0.257000 0.242200 0.247100 0.392100 0.258200 0.225400 0.183900 0.245200 0.199300
BlueWildeb 0.071700 0.378700 0.111100 0.455100 0.091600 0.166400 0.172900 0.072200 0.092700 0.147500 0.064800 0.118400 0.017600 0.055300 0.083700 0.072500 0.157600 0.167400 0.111300 0.082500 0.112900 0.064400 0.252500 0.190100 0.073700 0.073500 0.017600 0.101800 0.082300 0.112200 0.130300 0.083600 0.172900 0.000000 0.053500 0.101600 0.082100 0.109100 0.122500 0.329400 0.178100 0.074100 0.169700 0.158900 0.132600 0.180700 0.287200 0.149900 0.090600 0.159200 0.137800 0.092700
Gemsbok 0.087000 0.371900 0.125800 0.460000 0.097600 0.179500 0.186300 0.087600 0.107900 0.161100 0.080800 0.113900 0.070900 0.071500 0.080200 0.088000 0.171000 0.180600 0.125900 0.097900 0.127700 0.080400 0.274000 0.202900 0.089300 0.089200 0.070900 0.116700 0.088600 0.127000 0.144500 0.099100 0.206600 0.053500 0.000000 0.116500 0.079000 0.114600 0.117700 0.338900 0.191000 0.089800 0.192700 0.172400 0.147000 0.173600 0.276200 0.163700 0.105500 0.182200 0.151700 0.107900
Yak 0.116000 0.386200 0.117100 0.491900 0.145500 0.170700 0.187100 0.088800 0.099100 0.132500 0.110700 0.086200 0.119300 0.091300 0.099200 0.089000 0.132300 0.160900 0.127100 0.108100 0.137900 0.110000 0.243200 0.153400 0.099800 0.099400 0.119300 0.108000 0.117800 0.118200 0.115800 0.118900 0.229200 0.101600 0.116500 0.000000 0.107900 0.143000 0.138600 0.282800 0.162500 0.109500 0.162800 0.143500 0.025900 0.157100 0.310700 0.163700 0.144500 0.181700 0.143100 0.099100
BlueSheep 0.078500 0.389100 0.098100 0.452200 0.116800 0.171000 0.197900 0.079000 0.080300 0.133300 0.053500 0.086900 0.080800 0.081300 0.090300 0.079400 0.142700 0.162400 0.098100 0.089200 0.099500 0.053100 0.243600 0.173900 0.034100 0.099200 0.077700 0.089100 0.107600 0.099000 0.116500 0.109300 0.218800 0.082100 0.079000 0.107900 0.000000 0.133800 0.128300 0.306200 0.162500 0.099900 0.163800 0.183600 0.118400 0.184700 0.311500 0.164300 0.096900 0.153500 0.124000 0.080300
BohorReedb 0.085900 0.431500 0.142700 0.535400 0.033400 0.196100 0.203400 0.105000 0.124900 0.177700 0.117700 0.139600 0.126400 0.089200 0.116400 0.078100 0.149000 0.139200 0.142800 0.114800 0.144900 0.117000 0.247600 0.199400 0.126000 0.106900 0.126400 0.133700 0.096400 0.144000 0.161300 0.116200 0.223800 0.109100 0.114600 0.143000 0.133800 0.000000 0.116300 0.308900 0.167900 0.088200 0.209500 0.169400 0.134400 0.191000 0.359100 0.190000 0.141100 0.189500 0.168300 0.124900
KirksDik 0.136200 0.353900 0.158400 0.446400 0.118300 0.234800 0.200900 0.098900 0.139800 0.174600 0.131500 0.135300 0.140400 0.082600 0.111100 0.090100 0.164700 0.174500 0.178700 0.129100 0.110400 0.110900 0.291200 0.218000 0.140000 0.090800 0.140400 0.149000 0.109300 0.160000 0.177900 0.111000 0.209900 0.122500 0.117700 0.138600 0.128300 0.116300 0.000000 0.321400 0.205400 0.101500 0.228500 0.186300 0.129700 0.207200 0.339100 0.186900 0.156200 0.217100 0.185100 0.139800
RoeDeer 0.290400 0.575300 0.272400 0.650800 0.314700 0.341100 0.380700 0.316400 0.263100 0.180600 0.290900 0.287200 0.348000 0.302700 0.310700 0.283800 0.274800 0.263100 0.339200 0.272900 0.296500 0.312000 0.286400 0.203200 0.299000 0.299100 0.348000 0.250100 0.306800 0.285600 0.184400 0.286900 0.402500 0.329400 0.338900 0.282800 0.306200 0.308900 0.321400 0.000000 0.191300 0.323200 0.224600 0.234100 0.296800 0.364600 0.506600 0.396800 0.323400 0.322600 0.310000 0.263100
WhiteLippe 0.150700 0.418200 0.162100 0.532100 0.170700 0.205200 0.234200 0.171500 0.144100 0.075800 0.146500 0.168600 0.195600 0.156600 0.164900 0.143200 0.158200 0.167500 0.191300 0.153000 0.174400 0.165400 0.102600 0.076500 0.154800 0.165200 0.195600 0.152900 0.183000 0.163600 0.059500 0.184700 0.234300 0.178100 0.191000 0.162500 0.162500 0.167900 0.205400 0.191300 0.000000 0.174900 0.103500 0.103200 0.173700 0.220300 0.347300 0.261700 0.179700 0.208800 0.187900 0.144100
ThomsonGaz 0.070600 0.356300 0.109100 0.472800 0.089800 0.183100 0.129500 0.053000 0.091000 0.144900 0.083000 0.106700 0.092000 0.036100 0.063300 0.053300 0.116200 0.125500 0.128500 0.081100 0.091500 0.082500 0.258100 0.186700 0.091700 0.054000 0.092000 0.100000 0.044300 0.110200 0.127900 0.063300 0.149200 0.074100 0.089800 0.109500 0.099900 0.088200 0.101500 0.323200 0.174900 0.000000 0.176400 0.156100 0.120100 0.159300 0.304900 0.136800 0.107600 0.165700 0.135400 0.091000
MuntiacusC 0.151900 0.407600 0.163400 0.538300 0.213100 0.130200 0.154800 0.173000 0.145300 0.076000 0.147700 0.159800 0.187400 0.157900 0.165100 0.153900 0.158900 0.168200 0.193000 0.154300 0.156100 0.166700 0.093900 0.094600 0.156200 0.166600 0.187400 0.154200 0.184600 0.165000 0.059600 0.176600 0.257500 0.169700 0.192700 0.162800 0.163800 0.209500 0.228500 0.224600 0.103500 0.176400 0.000000 0.140600 0.174100 0.232600 0.264300 0.262300 0.191500 0.199200 0.189400 0.145300
WhiteTaile 0.151700 0.391600 0.163300 0.510800 0.172300 0.206700 0.193900 0.134100 0.145100 0.111600 0.157000 0.168800 0.176500 0.118100 0.164900 0.125000 0.158400 0.167700 0.183000 0.134700 0.175700 0.166600 0.198100 0.067800 0.176000 0.146500 0.176500 0.154100 0.164200 0.164800 0.086400 0.145700 0.257000 0.158900 0.172400 0.143500 0.183600 0.169400 0.186300 0.234100 0.103200 0.156100 0.140600 0.000000 0.154400 0.222100 0.304400 0.241400 0.180600 0.249900 0.189300 0.145100
Cattle 0.126500 0.377000 0.127700 0.510800 0.156600 0.182000 0.199100 0.098900 0.109500 0.143100 0.121500 0.096500 0.150600 0.101700 0.109600 0.099200 0.142900 0.172000 0.118500 0.118600 0.149100 0.120800 0.256000 0.164600 0.110300 0.109900 0.150600 0.118500 0.128500 0.109500 0.126300 0.129800 0.242200 0.132600 0.147000 0.025900 0.118400 0.134400 0.129700 0.296800 0.173700 0.120100 0.174100 0.154400 0.000000 0.158000 0.348100 0.184700 0.155600 0.193300 0.154000 0.109500
RoyalAntel 0.172800 0.436000 0.166200 0.552200 0.194200 0.258700 0.226400 0.137200 0.148700 0.209900 0.169400 0.144200 0.197600 0.140800 0.130500 0.137500 0.181100 0.171700 0.184500 0.157400 0.198200 0.168400 0.282500 0.232500 0.177400 0.157400 0.197600 0.157300 0.138600 0.157800 0.194000 0.149200 0.247100 0.180700 0.173600 0.157100 0.184700 0.191000 0.207200 0.364600 0.220300 0.159300 0.232600 0.222100 0.158000 0.000000 0.348200 0.222600 0.173200 0.230500 0.191200 0.148700
Steenbok 0.318000 0.599300 0.344100 0.721000 0.342600 0.210300 0.189100 0.299100 0.324700 0.313800 0.319300 0.306300 0.304800 0.285700 0.315800 0.300600 0.326700 0.359200 0.354500 0.311700 0.327500 0.317100 0.292600 0.315400 0.327100 0.294700 0.304800 0.334000 0.312400 0.347400 0.297600 0.305100 0.392100 0.287200 0.276200 0.310700 0.311500 0.359100 0.339100 0.506600 0.347300 0.304900 0.264300 0.304400 0.348100 0.348200 0.000000 0.377300 0.297200 0.420900 0.370800 0.324700
Impala 0.172100 0.435800 0.173500 0.554400 0.153600 0.249600 0.216000 0.134400 0.155200 0.208000 0.148300 0.188100 0.167700 0.138200 0.145600 0.154300 0.198100 0.207800 0.193700 0.164300 0.176100 0.127700 0.350200 0.252500 0.156600 0.156400 0.167700 0.164200 0.164600 0.175200 0.211800 0.166200 0.258200 0.149900 0.163700 0.163700 0.164300 0.190000 0.186900 0.396800 0.261700 0.136800 0.262300 0.241400 0.184700 0.222600 0.377300 0.000000 0.191300 0.230200 0.179700 0.155200
Klipspring 0.104900 0.435800 0.124500 0.537700 0.124300 0.178600 0.185000 0.087200 0.106800 0.169500 0.099300 0.131100 0.089200 0.089700 0.117100 0.087700 0.188900 0.189100 0.143700 0.096900 0.146000 0.098700 0.251400 0.211400 0.107700 0.107500 0.089200 0.115600 0.115900 0.125700 0.153000 0.097800 0.225400 0.090600 0.105500 0.144500 0.096900 0.141100 0.156200 0.323400 0.179700 0.107600 0.191500 0.180600 0.155600 0.173200 0.297200 0.191300 0.000000 0.180000 0.150200 0.106800
ForestMusk 0.181100 0.431000 0.202800 0.580100 0.172600 0.269700 0.257600 0.162600 0.184400 0.196900 0.157500 0.148700 0.176800 0.147400 0.154700 0.163400 0.187000 0.207200 0.203200 0.193500 0.206300 0.156500 0.260300 0.239900 0.145800 0.165600 0.176800 0.193400 0.173800 0.204700 0.180500 0.155100 0.183900 0.159200 0.182200 0.181700 0.153500 0.189500 0.217100 0.322600 0.208800 0.165700 0.199200 0.249900 0.193300 0.230500 0.420900 0.230200 0.180000 0.000000 0.229000 0.184400
Bushbuck 0.113300 0.404700 0.059500 0.465200 0.171100 0.206000 0.234400 0.114200 0.042500 0.139800 0.127000 0.139600 0.135700 0.117400 0.125700 0.096100 0.168200 0.168300 0.152000 0.050600 0.164700 0.126200 0.269500 0.199600 0.135300 0.135300 0.135700 0.051000 0.143500 0.060100 0.142000 0.144900 0.245200 0.137800 0.151700 0.143100 0.124000 0.168300 0.185100 0.310000 0.187900 0.135400 0.189400 0.189300 0.154000 0.191200 0.370800 0.179700 0.150200 0.229000 0.000000 0.042500
GreaterKud 0.088500 0.378400 0.017100 0.441600 0.127000 0.181600 0.188800 0.070800 0.000000 0.115300 0.082300 0.096700 0.091200 0.072900 0.081500 0.052800 0.124800 0.124900 0.108100 0.008600 0.119900 0.081800 0.224300 0.155200 0.090900 0.090900 0.091200 0.008600 0.099400 0.017000 0.098400 0.100400 0.199300 0.092700 0.107900 0.099100 0.080300 0.124900 0.139800 0.263100 0.144100 0.091000 0.145300 0.145100 0.109500 0.148700 0.324700 0.155200 0.106800 0.184400 0.042500 0.000000
