1
52 1
Argali 0.000000 0.355300 0.260400 0.390200 0.186500 0.000000 0.105700 0.134400 0.231100 0.292600 0.049500 0.207900 0.051400 0.185900 0.169500 0.079100 0.243300 0.217500 0.049500 0.231100 0.106300 0.024200 0.239100 0.305400 0.024200 0.079100 0.051400 0.231100 0.079100 0.231100 0.292600 0.132300 0.299000 0.077200 0.049600 0.170300 0.024300 0.219100 0.130200 0.223200 0.235200 0.107200 0.292600 0.261700 0.170300 0.164100 0.133800 0.136600 0.246300 0.200200 0.231100 0.287800
LesserMous 0.355300 0.000000 0.324000 0.295200 0.306100 0.355300 0.286000 0.284500 0.289700 0.361400 0.348900 0.190600 0.285100 0.383400 0.222500 0.253100 0.227100 0.282300 0.348900 0.289700 0.286800 0.317800 0.301000 0.382700 0.317800 0.253100 0.285100 0.289700 0.253100 0.289700 0.361400 0.319000 0.284100 0.317600 0.350700 0.221400 0.317800 0.268900 0.314000 0.278100 0.297100 0.289300 0.361400 0.327100 0.221400 0.282500 0.319000 0.253700 0.469000 0.335400 0.289700 0.352900
LesserKudu 0.260400 0.324000 0.000000 0.361200 0.289700 0.260400 0.200800 0.169600 0.026500 0.199000 0.192700 0.179900 0.269100 0.287400 0.208700 0.171800 0.215400 0.188400 0.192700 0.026500 0.201700 0.228600 0.145700 0.207400 0.228600 0.171800 0.269100 0.026500 0.171800 0.026500 0.199000 0.229800 0.201800 0.299900 0.257800 0.143300 0.228600 0.328300 0.226200 0.135900 0.143600 0.203700 0.199000 0.169900 0.143300 0.267400 0.232400 0.172300 0.286400 0.174900 0.026500 0.078500
KillerWhal 0.390200 0.295200 0.361200 0.000000 0.425800 0.390200 0.319500 0.281900 0.326200 0.398600 0.305200 0.302100 0.318900 0.419500 0.333600 0.286000 0.436000 0.415400 0.305200 0.326200 0.320300 0.351600 0.337900 0.421800 0.351600 0.286000 0.318900 0.326200 0.286000 0.326200 0.398600 0.353500 0.408800 0.273500 0.304100 0.335300 0.351600 0.381700 0.346700 0.311900 0.333300 0.322700 0.398600 0.363800 0.335300 0.399600 0.319300 0.286900 0.378800 0.289800 0.326200 0.390800
DefassaWat 0.186500 0.306100 0.289700 0.425800 0.000000 0.186500 0.076100 0.161400 0.260200 0.322000 0.184400 0.170200 0.192200 0.153200 0.197200 0.105200 0.203400 0.248200 0.184400 0.260200 0.132700 0.157900 0.268700 0.335800 0.157900 0.105200 0.192200 0.260200 0.105200 0.260200 0.322000 0.101600 0.257600 0.221000 0.185200 0.198500 0.157900 0.023600 0.155900 0.250900 0.264100 0.133600 0.322000 0.290600 0.198500 0.075900 0.102900 0.105000 0.210200 0.228400 0.260200 0.317700
Sheep 0.000000 0.355300 0.260400 0.390200 0.186500 0.000000 0.105700 0.134400 0.231100 0.292600 0.049500 0.207900 0.051400 0.185900 0.169500 0.079100 0.243300 0.217500 0.049500 0.231100 0.106300 0.024100 0.239100 0.305400 0.024100 0.079100 0.051400 0.231100 0.079100 0.231100 0.292600 0.132300 0.299000 0.077200 0.049600 0.170300 0.024800 0.219100 0.130200 0.223200 0.235200 0.107200 0.292600 0.261700 0.170300 0.164100 0.133800 0.136600 0.246300 0.200200 0.231100 0.287800
MaxwellsDu 0.105700 0.286000 0.200800 0.319500 0.076100 0.105700 0.000000 0.080200 0.172100 0.231700 0.104400 0.147400 0.108900 0.075900 0.112300 0.026300 0.181200 0.154200 0.104400 0.172100 0.052900 0.078500 0.177900 0.241600 0.078500 0.026300 0.108900 0.172100 0.026300 0.172100 0.231700 0.025300 0.236500 0.136400 0.104800 0.112900 0.078500 0.103800 0.077600 0.165800 0.175100 0.053400 0.231700 0.201600 0.112900 0.052300 0.079700 0.081500 0.129800 0.142200 0.172100 0.228100
GazellaPrz 0.134400 0.284500 0.169600 0.281900 0.161400 0.134400 0.080200 0.000000 0.141400 0.199500 0.077200 0.180700 0.138600 0.160700 0.143100 0.053400 0.216300 0.189300 0.077200 0.141400 0.080700 0.106500 0.145900 0.207800 0.106500 0.053400 0.138600 0.141400 0.053400 0.141400 0.199500 0.107000 0.203300 0.166900 0.133300 0.143900 0.106500 0.193200 0.106000 0.136000 0.143700 0.081500 0.199500 0.170000 0.143900 0.138200 0.108100 0.110600 0.160000 0.112200 0.141400 0.196600
MountainNy 0.231100 0.289700 0.026500 0.326200 0.260200 0.231100 0.172100 0.141400 0.000000 0.171500 0.165200 0.149900 0.238900 0.258400 0.178700 0.143200 0.184600 0.156900 0.165200 0.000000 0.173000 0.200000 0.116600 0.177400 0.200000 0.143200 0.238900 0.000000 0.143200 0.000000 0.170400 0.201000 0.172900 0.269600 0.228900 0.114700 0.200000 0.297500 0.197700 0.108700 0.115000 0.174700 0.170400 0.141400 0.115100 0.237500 0.203100 0.143600 0.257400 0.145900 0.000000 0.052500
MuntiacusM 0.292600 0.361400 0.199000 0.398600 0.322000 0.292600 0.231700 0.199500 0.171500 0.000000 0.221900 0.212400 0.302200 0.318500 0.241800 0.202200 0.180000 0.152900 0.221900 0.170400 0.232500 0.259900 0.054600 0.112100 0.259900 0.202200 0.302200 0.170400 0.202200 0.170400 0.000000 0.260900 0.233100 0.333300 0.289100 0.173600 0.259900 0.362600 0.193200 0.106400 0.054000 0.234900 0.000000 0.079800 0.173600 0.300000 0.264200 0.202800 0.317900 0.142300 0.170400 0.225400
goat 0.049500 0.348900 0.192700 0.305200 0.184400 0.049500 0.104400 0.077200 0.165200 0.221900 0.000000 0.204700 0.050800 0.184100 0.166900 0.078100 0.239500 0.214000 0.000000 0.165200 0.105000 0.024500 0.170000 0.230300 0.024300 0.078100 0.050800 0.165200 0.078100 0.165200 0.221900 0.130800 0.226500 0.076400 0.049100 0.168000 0.024500 0.216300 0.128400 0.159200 0.167600 0.106100 0.221900 0.192900 0.168000 0.162000 0.131900 0.134800 0.183000 0.136400 0.165200 0.219100
AfricanBuf 0.207900 0.190600 0.179900 0.302100 0.170200 0.207900 0.147400 0.180700 0.149900 0.212400 0.204700 0.000000 0.215200 0.235300 0.153900 0.117800 0.091400 0.130000 0.204700 0.149900 0.148100 0.176200 0.155700 0.222800 0.176200 0.116700 0.215200 0.149900 0.117800 0.149900 0.212400 0.176800 0.147200 0.246500 0.205600 0.088300 0.176200 0.204200 0.174300 0.144500 0.153300 0.149800 0.212400 0.181300 0.088500 0.146300 0.179200 0.118100 0.305300 0.186700 0.149900 0.207800
Topi 0.051400 0.285100 0.269100 0.318900 0.192200 0.051400 0.108900 0.138600 0.238900 0.302200 0.050800 0.215200 0.000000 0.191700 0.174900 0.081500 0.252000 0.227300 0.049500 0.238900 0.109500 0.025500 0.247400 0.316000 0.025500 0.081500 0.000000 0.238900 0.081500 0.238900 0.302200 0.136300 0.310000 0.025600 0.051000 0.176100 0.025400 0.225600 0.133800 0.230100 0.243100 0.110400 0.302200 0.270200 0.176100 0.169000 0.137500 0.140900 0.254000 0.206800 0.238900 0.297400
CommonDuik 0.185900 0.383400 0.287400 0.419500 0.153200 0.185900 0.075900 0.160700 0.258400 0.318500 0.184100 0.235300 0.191700 0.000000 0.195600 0.104900 0.270600 0.245800 0.184100 0.258400 0.104800 0.157500 0.265900 0.331000 0.157500 0.104900 0.191700 0.258400 0.104900 0.258400 0.318500 0.049300 0.257700 0.220700 0.184900 0.136000 0.157500 0.182900 0.155000 0.248800 0.261500 0.133000 0.318500 0.287300 0.136000 0.129200 0.159300 0.163100 0.210000 0.226800 0.258400 0.315400
Suni 0.169500 0.222500 0.208700 0.333600 0.197200 0.169500 0.112300 0.143100 0.178700 0.241800 0.166900 0.153900 0.174900 0.195600 0.000000 0.084200 0.189600 0.161600 0.166900 0.178700 0.112900 0.139700 0.185800 0.181500 0.139700 0.083200 0.174900 0.178700 0.084200 0.178700 0.241800 0.140200 0.245000 0.204200 0.167600 0.117400 0.139700 0.232000 0.138400 0.172800 0.183000 0.114100 0.241800 0.210800 0.117400 0.174200 0.142200 0.084400 0.260100 0.147900 0.178700 0.236300
Springbuck 0.079100 0.253100 0.171800 0.286000 0.105200 0.079100 0.026300 0.053400 0.143200 0.202200 0.078100 0.117800 0.081500 0.104900 0.084200 0.000000 0.150900 0.121600 0.078100 0.143200 0.025600 0.051100 0.148100 0.210900 0.052300 0.000000 0.081500 0.143200 0.000000 0.143200 0.202200 0.052500 0.205900 0.108800 0.078400 0.084600 0.052300 0.134800 0.051700 0.138000 0.144500 0.026600 0.202200 0.172500 0.084600 0.081300 0.053100 0.054300 0.161600 0.113800 0.143200 0.198900
Okapi 0.243300 0.227100 0.215400 0.436000 0.203400 0.243300 0.181200 0.216300 0.184600 0.180000 0.239500 0.091400 0.252000 0.270600 0.189600 0.150900 0.000000 0.096400 0.239500 0.184600 0.182000 0.210500 0.122700 0.188700 0.210500 0.150900 0.252000 0.184600 0.150900 0.184600 0.180000 0.211300 0.180100 0.284000 0.240600 0.121000 0.210500 0.239300 0.208500 0.176800 0.121600 0.184300 0.180000 0.149600 0.121000 0.179900 0.213100 0.151300 0.344200 0.089800 0.184600 0.243700
Giraffe 0.217500 0.282300 0.188400 0.415400 0.248200 0.217500 0.154200 0.189300 0.156900 0.152900 0.214000 0.130000 0.227300 0.245800 0.161600 0.121600 0.096400 0.000000 0.214000 0.156900 0.155000 0.184300 0.094400 0.160400 0.184300 0.123300 0.225800 0.156900 0.123300 0.156900 0.152900 0.184900 0.225000 0.258500 0.215000 0.092700 0.184300 0.288200 0.182300 0.151100 0.093000 0.156800 0.152900 0.121900 0.092700 0.223700 0.187500 0.123600 0.319100 0.125800 0.156900 0.217500
TibetanAnt 0.049500 0.348900 0.192700 0.305200 0.184400 0.049500 0.104400 0.077200 0.165200 0.221900 0.000000 0.204700 0.049500 0.184100 0.166900 0.078100 0.239500 0.214000 0.000000 0.165200 0.105000 0.024500 0.170000 0.230300 0.024500 0.077300 0.050800 0.165200 0.078100 0.165200 0.221900 0.130800 0.226500 0.076400 0.049100 0.168000 0.024500 0.216300 0.128400 0.159200 0.167600 0.105800 0.221900 0.192900 0.168000 0.162000 0.131900 0.134800 0.183000 0.136400 0.165200 0.219100
Sitatunga 0.231100 0.289700 0.026500 0.326200 0.260200 0.231100 0.172100 0.141400 0.000000 0.170400 0.165200 0.149900 0.238900 0.258400 0.178700 0.143200 0.184600 0.156900 0.165200 0.000000 0.173000 0.200000 0.116600 0.177400 0.200000 0.143200 0.238900 0.000000 0.143200 0.000000 0.170400 0.201000 0.172900 0.269600 0.228900 0.114700 0.200000 0.297500 0.197700 0.108700 0.114600 0.174700 0.170400 0.141400 0.114700 0.237500 0.203100 0.143600 0.257400 0.145900 0.000000 0.052500
Oribi 0.106300 0.286800 0.201700 0.320300 0.132700 0.106300 0.052900 0.080700 0.173000 0.232500 0.105000 0.148100 0.109500 0.104800 0.112900 0.025600 0.182000 0.155000 0.105000 0.173000 0.000000 0.079000 0.178700 0.242400 0.079000 0.025600 0.109500 0.173000 0.025900 0.173000 0.232500 0.079400 0.237500 0.137200 0.105400 0.113500 0.079000 0.163200 0.078000 0.166600 0.175900 0.053700 0.232500 0.202300 0.113500 0.109200 0.080200 0.082000 0.190500 0.142900 0.173000 0.229000
BarbaryShe 0.024200 0.317800 0.228600 0.351600 0.157900 0.024100 0.078500 0.106500 0.200000 0.259900 0.024500 0.176200 0.025500 0.157500 0.139700 0.051100 0.210500 0.184300 0.024500 0.200000 0.079000 0.000000 0.206800 0.271100 0.000000 0.051300 0.025500 0.200000 0.052300 0.200000 0.259900 0.104800 0.265200 0.051000 0.024600 0.140500 0.000000 0.189100 0.103100 0.192900 0.203500 0.079700 0.259900 0.229700 0.140500 0.135200 0.105900 0.108200 0.216000 0.169800 0.200000 0.255700
Daviddeer 0.239100 0.301000 0.145700 0.337900 0.268700 0.239100 0.177900 0.145900 0.116600 0.054600 0.170000 0.155700 0.247400 0.265900 0.185800 0.148100 0.122700 0.094400 0.170000 0.116600 0.178700 0.206800 0.000000 0.118700 0.206800 0.148100 0.247400 0.116600 0.148100 0.116600 0.054600 0.207400 0.177500 0.278800 0.236400 0.118700 0.206800 0.308000 0.204700 0.111800 0.000100 0.180800 0.054600 0.085100 0.118700 0.245600 0.209200 0.148500 0.264900 0.087700 0.116600 0.172900
Reindeer 0.305400 0.382700 0.207400 0.421800 0.335800 0.305400 0.241600 0.207800 0.177400 0.112100 0.230300 0.222800 0.316000 0.331000 0.181500 0.210900 0.188700 0.160400 0.230300 0.177400 0.242400 0.271100 0.118700 0.000000 0.271100 0.210900 0.316000 0.177400 0.210900 0.177400 0.112100 0.271900 0.242700 0.348200 0.301200 0.181300 0.271100 0.379200 0.201300 0.053600 0.117200 0.245200 0.112100 0.027100 0.181300 0.313400 0.276000 0.211500 0.330600 0.148200 0.177400 0.234600
Ibex 0.024200 0.317800 0.228600 0.351600 0.157900 0.024100 0.078500 0.106500 0.200000 0.259900 0.024300 0.176200 0.025500 0.157500 0.139700 0.052300 0.210500 0.184300 0.024500 0.200000 0.079000 0.000000 0.206800 0.271100 0.000000 0.052300 0.025500 0.200000 0.051100 0.200000 0.259900 0.104700 0.265200 0.051000 0.024100 0.140500 0.000000 0.189100 0.103100 0.192900 0.203500 0.079700 0.259900 0.229700 0.140500 0.135200 0.105900 0.108200 0.216000 0.169800 0.200000 0.255700
GyrantGaze 0.079100 0.253100 0.171800 0.286000 0.105200 0.079100 0.026300 0.053400 0.143200 0.202200 0.078100 0.116700 0.081500 0.104900 0.083200 0.000000 0.150900 0.123300 0.077300 0.143200 0.025600 0.051300 0.148100 0.210900 0.052300 0.000000 0.080600 0.143200 0.000000 0.143200 0.202200 0.052500 0.205900 0.108800 0.078400 0.084400 0.052300 0.134800 0.051500 0.138000 0.145900 0.026700 0.202200 0.172500 0.084600 0.081300 0.053100 0.054000 0.161600 0.113800 0.143200 0.198900
Hartebeest 0.051400 0.285100 0.269100 0.318900 0.192200 0.051400 0.108900 0.138600 0.238900 0.302200 0.050800 0.215200 0.000000 0.191700 0.174900 0.081500 0.252000 0.225800 0.050800 0.238900 0.109500 0.025500 0.247400 0.316000 0.025500 0.080600 0.000000 0.238900 0.081500 0.238900 0.302200 0.136300 0.310000 0.024600 0.051000 0.176100 0.025500 0.225600 0.133800 0.230100 0.243100 0.110400 0.302200 0.270200 0.176200 0.169000 0.137500 0.140900 0.254000 0.206800 0.238900 0.297400
Bongo 0.231100 0.289700 0.026500 0.326200 0.260200 0.231100 0.172100 0.141400 0.000000 0.170400 0.165200 0.149900 0.238900 0.258400 0.178700 0.143200 0.184600 0.156900 0.165200 0.000000 0.173000 0.200000 0.116600 0.177400 0.200000 0.143200 0.238900 0.000000 0.143200 0.000000 0.170400 0.201000 0.172900 0.269600 0.228900 0.114700 0.200000 0.297500 0.197700 0.108700 0.115000 0.174700 0.170400 0.141400 0.114700 0.237500 0.203100 0.143600 0.257400 0.145900 0.000000 0.052200
Gerenuk 0.079100 0.253100 0.171800 0.286000 0.105200 0.079100 0.026300 0.053400 0.143200 0.202200 0.078100 0.117800 0.081500 0.104900 0.084200 0.000000 0.150900 0.123300 0.078100 0.143200 0.025900 0.052300 0.148100 0.210900 0.051100 0.000000 0.081500 0.143200 0.000000 0.143200 0.202200 0.052500 0.205900 0.108800 0.078400 0.084600 0.052300 0.134800 0.050700 0.138000 0.145900 0.026700 0.202200 0.172500 0.084600 0.081300 0.053100 0.054300 0.161600 0.113800 0.143200 0.198900
CommonElan 0.231100 0.289700 0.026500 0.326200 0.260200 0.231100 0.172100 0.141400 0.000000 0.170400 0.165200 0.149900 0.238900 0.258400 0.178700 0.143200 0.184600 0.156900 0.165200 0.000000 0.173000 0.200000 0.116600 0.177400 0.200000 0.143200 0.238900 0.000000 0.143200 0.000000 0.170400 0.201000 0.172900 0.269600 0.228900 0.114700 0.200000 0.297500 0.197700 0.108700 0.115000 0.174700 0.170400 0.141400 0.114700 0.237500 0.203100 0.143600 0.257400 0.145900 0.000000 0.052500
MuntiacusR 0.292600 0.361400 0.199000 0.398600 0.322000 0.292600 0.231700 0.199500 0.170400 0.000000 0.221900 0.212400 0.302200 0.318500 0.241800 0.202200 0.180000 0.152900 0.221900 0.170400 0.232500 0.259900 0.054600 0.112100 0.259900 0.202200 0.302200 0.170400 0.202200 0.170400 0.000000 0.260900 0.233100 0.333300 0.289100 0.173600 0.259900 0.362600 0.193200 0.106400 0.054000 0.234900 0.000000 0.080500 0.173600 0.300000 0.264200 0.202800 0.317900 0.142300 0.170400 0.225400
HarveysDui 0.132300 0.319000 0.229800 0.353500 0.101600 0.132300 0.025300 0.107000 0.201000 0.260900 0.130800 0.176800 0.136300 0.049300 0.140200 0.052500 0.211300 0.184900 0.130800 0.201000 0.079400 0.104800 0.207400 0.271900 0.104700 0.052500 0.136300 0.201000 0.052500 0.201000 0.260900 0.000000 0.199400 0.164300 0.131300 0.141100 0.104800 0.130000 0.103400 0.193600 0.204200 0.080000 0.260900 0.230400 0.142300 0.078400 0.106200 0.108700 0.156200 0.170500 0.201000 0.257200
Pronghorn 0.299000 0.284100 0.201800 0.408800 0.257600 0.299000 0.236500 0.203300 0.172900 0.233100 0.226500 0.147200 0.310000 0.257700 0.245000 0.205900 0.180100 0.225000 0.226500 0.172900 0.237500 0.265200 0.177500 0.242700 0.265200 0.205900 0.310000 0.172900 0.205900 0.172900 0.233100 0.199400 0.000000 0.343500 0.296400 0.176200 0.265200 0.294900 0.261700 0.165900 0.176000 0.239000 0.233100 0.202600 0.176200 0.234700 0.267700 0.206500 0.326900 0.208800 0.172900 0.229100
BlueWildeb 0.077200 0.317600 0.299900 0.273500 0.221000 0.077200 0.136400 0.166900 0.269600 0.333300 0.076400 0.246500 0.025600 0.220700 0.204200 0.108800 0.284000 0.258500 0.076400 0.269600 0.137200 0.051000 0.278800 0.348200 0.051000 0.108800 0.024600 0.269600 0.108800 0.269600 0.333300 0.164300 0.343500 0.000000 0.024700 0.205800 0.051000 0.255400 0.160800 0.259500 0.273800 0.138100 0.333300 0.300800 0.205800 0.197800 0.165300 0.169500 0.251700 0.236600 0.269600 0.328700
Gemsbok 0.049600 0.350700 0.257800 0.304100 0.185200 0.049600 0.104800 0.133300 0.228900 0.289100 0.049100 0.205600 0.051000 0.184900 0.167600 0.078400 0.240600 0.215000 0.049100 0.228900 0.105400 0.024600 0.236400 0.301200 0.024100 0.078400 0.051000 0.228900 0.078400 0.228900 0.289100 0.131300 0.296400 0.024700 0.000000 0.168700 0.024600 0.217200 0.128900 0.220700 0.232500 0.106200 0.289100 0.258500 0.168700 0.162700 0.132400 0.135400 0.214100 0.198200 0.228900 0.285100
Yak 0.170300 0.221400 0.143300 0.335300 0.198500 0.170300 0.112900 0.143900 0.114700 0.173600 0.168000 0.088300 0.176100 0.136000 0.117400 0.084600 0.121000 0.092700 0.168000 0.114700 0.113500 0.140500 0.118700 0.181300 0.140500 0.084400 0.176100 0.114700 0.084600 0.114700 0.173600 0.141100 0.176200 0.205800 0.168700 0.000000 0.140500 0.233400 0.138900 0.110600 0.117000 0.114600 0.173600 0.144100 0.000000 0.175100 0.142800 0.084800 0.262200 0.148400 0.114700 0.170400
BlueSheep 0.024300 0.317800 0.228600 0.351600 0.157900 0.024800 0.078500 0.106500 0.200000 0.259900 0.024500 0.176200 0.025400 0.157500 0.139700 0.052300 0.210500 0.184300 0.024500 0.200000 0.079000 0.000000 0.206800 0.271100 0.000000 0.052300 0.025500 0.200000 0.052300 0.200000 0.259900 0.104800 0.265200 0.051000 0.024600 0.140500 0.000000 0.189100 0.103100 0.192900 0.203500 0.079700 0.259900 0.229700 0.140500 0.135200 0.105900 0.108200 0.216000 0.169800 0.200000 0.255700
BohorReedb 0.219100 0.268900 0.328300 0.381700 0.023600 0.219100 0.103800 0.193200 0.297500 0.362600 0.216300 0.204200 0.225600 0.182900 0.232000 0.134800 0.239300 0.288200 0.216300 0.297500 0.163200 0.189100 0.308000 0.379200 0.189100 0.134800 0.225600 0.297500 0.134800 0.297500 0.362600 0.130000 0.294900 0.255400 0.217200 0.233400 0.189100 0.000000 0.186700 0.287300 0.302400 0.164300 0.362600 0.330100 0.233400 0.103600 0.131800 0.134700 0.242500 0.264200 0.297500 0.357200
KirksDik 0.130200 0.314000 0.226200 0.346700 0.155900 0.130200 0.077600 0.106000 0.197700 0.193200 0.128400 0.174300 0.133800 0.155000 0.138400 0.051700 0.208500 0.182300 0.128400 0.197700 0.078000 0.103100 0.204700 0.201300 0.103100 0.051500 0.133800 0.197700 0.050700 0.197700 0.193200 0.103400 0.261700 0.160800 0.128900 0.138900 0.103100 0.186700 0.000000 0.132000 0.201600 0.078900 0.193200 0.164900 0.138900 0.133600 0.104900 0.107300 0.213000 0.168100 0.197700 0.252800
RoeDeer 0.223200 0.278100 0.135900 0.311900 0.250900 0.223200 0.165800 0.136000 0.108700 0.106400 0.159200 0.144500 0.230100 0.248800 0.172800 0.138000 0.176800 0.151100 0.159200 0.108700 0.166600 0.192900 0.111800 0.053600 0.192900 0.138000 0.230100 0.108700 0.138000 0.108700 0.106400 0.193600 0.165900 0.259500 0.220700 0.110600 0.192900 0.287300 0.132000 0.000000 0.110800 0.168300 0.106400 0.025700 0.110600 0.228900 0.195200 0.138300 0.248100 0.140400 0.108700 0.161600
WhiteLippe 0.235200 0.297100 0.143600 0.333300 0.264100 0.235200 0.175100 0.143700 0.115000 0.054000 0.167600 0.153300 0.243100 0.261500 0.183000 0.144500 0.121600 0.093000 0.167600 0.114600 0.175900 0.203500 0.000100 0.117200 0.203500 0.145900 0.243100 0.115000 0.145900 0.115000 0.054000 0.204200 0.176000 0.273800 0.232500 0.117000 0.203500 0.302400 0.201600 0.110800 0.000000 0.178000 0.054000 0.084000 0.117000 0.241500 0.207000 0.146300 0.260700 0.086500 0.115000 0.170500
ThomsonGaz 0.107200 0.289300 0.203700 0.322700 0.133600 0.107200 0.053400 0.081500 0.174700 0.234900 0.106100 0.149800 0.110400 0.133000 0.114100 0.026600 0.184300 0.156800 0.105800 0.174700 0.053700 0.079700 0.180800 0.245200 0.079700 0.026700 0.110400 0.174700 0.026700 0.174700 0.234900 0.080000 0.239000 0.138100 0.106200 0.114600 0.079700 0.164300 0.078900 0.168300 0.178000 0.000000 0.234900 0.204700 0.114600 0.110200 0.081000 0.081300 0.191400 0.144600 0.174700 0.230800
MuntiacusC 0.292600 0.361400 0.199000 0.398600 0.322000 0.292600 0.231700 0.199500 0.170400 0.000000 0.221900 0.212400 0.302200 0.318500 0.241800 0.202200 0.180000 0.152900 0.221900 0.170400 0.232500 0.259900 0.054600 0.112100 0.259900 0.202200 0.302200 0.170400 0.202200 0.170400 0.000000 0.260900 0.233100 0.333300 0.289100 0.173600 0.259900 0.362600 0.193200 0.106400 0.054000 0.234900 0.000000 0.080500 0.173600 0.300000 0.264200 0.202800 0.317900 0.142300 0.170400 0.225400
WhiteTaile 0.261700 0.327100 0.169900 0.363800 0.290600 0.261700 0.201600 0.170000 0.141400 0.079800 0.192900 0.181300 0.270200 0.287300 0.210800 0.172500 0.149600 0.121900 0.192900 0.141400 0.202300 0.229700 0.085100 0.027100 0.229700 0.172500 0.270200 0.141400 0.172500 0.141400 0.080500 0.230400 0.202600 0.300800 0.258500 0.144100 0.229700 0.330100 0.164900 0.025700 0.084000 0.204700 0.080500 0.000000 0.144100 0.268600 0.233800 0.172900 0.286900 0.113400 0.141400 0.196300
Cattle 0.170300 0.221400 0.143300 0.335300 0.198500 0.170300 0.112900 0.143900 0.115100 0.173600 0.168000 0.088500 0.176100 0.136000 0.117400 0.084600 0.121000 0.092700 0.168000 0.114700 0.113500 0.140500 0.118700 0.181300 0.140500 0.084600 0.176200 0.114700 0.084600 0.114700 0.173600 0.142300 0.176200 0.205800 0.168700 0.000000 0.140500 0.233400 0.138900 0.110600 0.117000 0.114600 0.173600 0.144100 0.000000 0.175100 0.142800 0.084800 0.262200 0.148400 0.113800 0.170400
RoyalAntel 0.164100 0.282500 0.267400 0.399600 0.075900 0.164100 0.052300 0.138200 0.237500 0.300000 0.162000 0.146300 0.169000 0.129200 0.174200 0.081300 0.179900 0.223700 0.162000 0.237500 0.109200 0.135200 0.245600 0.313400 0.135200 0.081300 0.169000 0.237500 0.081300 0.237500 0.300000 0.078400 0.234700 0.197800 0.162700 0.175100 0.135200 0.103600 0.133600 0.228900 0.241500 0.110200 0.300000 0.268600 0.175100 0.000000 0.137300 0.140400 0.188000 0.205700 0.237500 0.295400
Steenbok 0.133800 0.319000 0.232400 0.319300 0.102900 0.133800 0.079700 0.108100 0.203100 0.264200 0.131900 0.179200 0.137500 0.159300 0.142200 0.053100 0.213100 0.187500 0.131900 0.203100 0.080200 0.105900 0.209200 0.276000 0.105900 0.053100 0.137500 0.203100 0.053100 0.203100 0.264200 0.106200 0.267700 0.165300 0.132400 0.142800 0.105900 0.131800 0.104900 0.195200 0.207000 0.081000 0.264200 0.233800 0.142800 0.137300 0.000000 0.109800 0.218600 0.172600 0.203100 0.259500
Impala 0.136600 0.253700 0.172300 0.286900 0.105000 0.136600 0.081500 0.110600 0.143600 0.202800 0.134800 0.118100 0.140900 0.163100 0.084400 0.054300 0.151300 0.123600 0.134800 0.143600 0.082000 0.108200 0.148500 0.211500 0.108200 0.054000 0.140900 0.143600 0.054300 0.143600 0.202800 0.108700 0.206500 0.169500 0.135400 0.084800 0.108200 0.134700 0.107300 0.138300 0.146300 0.081300 0.202800 0.172900 0.084800 0.140400 0.109800 0.000000 0.224100 0.114100 0.143600 0.199400
Klipspring 0.246300 0.469000 0.286400 0.378800 0.210200 0.246300 0.129800 0.160000 0.257400 0.317900 0.183000 0.305300 0.254000 0.210000 0.260100 0.161600 0.344200 0.319100 0.183000 0.257400 0.190500 0.216000 0.264900 0.330600 0.216000 0.161600 0.254000 0.257400 0.161600 0.257400 0.317900 0.156200 0.326900 0.251700 0.214100 0.262200 0.216000 0.242500 0.213000 0.248100 0.260700 0.191400 0.317900 0.286900 0.262200 0.188000 0.218600 0.224100 0.000000 0.225900 0.257400 0.247400
ForestMusk 0.200200 0.335400 0.174900 0.289800 0.228400 0.200200 0.142200 0.112200 0.145900 0.142300 0.136400 0.186700 0.206800 0.226800 0.147900 0.113800 0.089800 0.125800 0.136400 0.145900 0.142900 0.169800 0.087700 0.148200 0.169800 0.113800 0.206800 0.145900 0.113800 0.145900 0.142300 0.170500 0.208800 0.236600 0.198200 0.148400 0.169800 0.264200 0.168100 0.140400 0.086500 0.144600 0.142300 0.113400 0.148400 0.205700 0.172600 0.114100 0.225900 0.000000 0.145900 0.202100
Bushbuck 0.231100 0.289700 0.026500 0.326200 0.260200 0.231100 0.172100 0.141400 0.000000 0.170400 0.165200 0.149900 0.238900 0.258400 0.178700 0.143200 0.184600 0.156900 0.165200 0.000000 0.173000 0.200000 0.116600 0.177400 0.200000 0.143200 0.238900 0.000000 0.143200 0.000000 0.170400 0.201000 0.172900 0.269600 0.228900 0.114700 0.200000 0.297500 0.197700 0.108700 0.115000 0.174700 0.170400 0.141400 0.113800 0.237500 0.203100 0.143600 0.257400 0.145900 0.000000 0.052500
GreaterKud 0.287800 0.352900 0.078500 0.390800 0.317700 0.287800 0.228100 0.196600 0.052500 0.225400 0.219100 0.207800 0.297400 0.315400 0.236300 0.198900 0.243700 0.217500 0.219100 0.052500 0.229000 0.255700 0.172900 0.234600 0.255700 0.198900 0.297400 0.052200 0.198900 0.052500 0.225400 0.257200 0.229100 0.328700 0.285100 0.170400 0.255700 0.357200 0.252800 0.161600 0.170500 0.230800 0.225400 0.196300 0.170400 0.295400 0.259500 0.199400 0.247400 0.202100 0.052500 0.000000
