CODONML (in paml version 4.10.7, June 2023)  /home/rachel/ruminants_paml/6406-phy-tree/ENSBTAT00000022259.fasta.phy
Model: free dN/dS Ratios for branches,  kappa = 2.000 fixed

Codon frequency model: F3x4
ns =  54  ls =  39

Codon usage in sequences
--------------------------------------------------------------------------------------------------------------------------------------
Phe TTT   0   0   0   0   0   0 | Ser TCT   1   1   1   1   1   3 | Tyr TAT   0   0   0   0   0   0 | Cys TGT   0   0   0   0   0   0
    TTC   2   1   2   2   2   1 |     TCC   2   2   2   2   1   1 |     TAC   0   0   0   0   0   0 |     TGC   1   1   1   1   1   1
Leu TTA   0   1   0   0   0   0 |     TCA   1   1   1   1   1   0 | *** TAA   0   0   0   0   0   0 | *** TGA   0   0   0   0   0   0
    TTG   1   1   1   1   0   0 |     TCG   0   0   0   0   0   1 |     TAG   0   0   0   0   0   0 | Trp TGG   0   0   0   0   1   1
--------------------------------------------------------------------------------------------------------------------------------------
Leu CTT   1   1   1   1   3   3 | Pro CCT   0   0   0   0   0   0 | His CAT   0   0   1   0   1   1 | Arg CGT   0   0   0   0   0   0
    CTC   2   3   2   2   3   3 |     CCC   0   0   0   0   0   0 |     CAC   0   1   0   0   0   0 |     CGC   1   0   0   1   0   0
    CTA   0   0   0   0   0   0 |     CCA   0   0   0   0   0   0 | Gln CAA   0   0   0   0   0   0 |     CGA   0   0   0   0   0   0
    CTG   0   1   0   0   3   1 |     CCG   0   0   0   0   0   0 |     CAG   0   0   0   0   0   0 |     CGG   1   0   1   1   0   0
--------------------------------------------------------------------------------------------------------------------------------------
Ile ATT   1   1   1   1   1   0 | Thr ACT   1   2   1   1   1   1 | Asn AAT   0   0   0   0   0   0 | Ser AGT   0   0   0   0   0   0
    ATC   2   2   3   3   3   4 |     ACC   0   1   0   0   0   1 |     AAC   0   1   0   0   1   1 |     AGC   2   1   2   2   2   2
    ATA   1   0   0   0   0   0 |     ACA   1   0   0   1   0   0 | Lys AAA   0   0   1   0   0   0 | Arg AGA   0   0   0   0   0   0
Met ATG   2   3   2   2   2   1 |     ACG   1   0   0   0   0   1 |     AAG   1   1   1   1   1   1 |     AGG   1   1   1   1   0   0
--------------------------------------------------------------------------------------------------------------------------------------
Val GTT   1   1   1   1   0   1 | Ala GCT   2   0   2   2   1   1 | Asp GAT   0   0   0   0   0   0 | Gly GGT   0   1   0   0   0   0
    GTC   2   1   1   1   1   0 |     GCC   0   0   0   0   0   0 |     GAC   0   0   0   0   1   0 |     GGC   1   1   1   1   0   1
    GTA   1   0   2   2   0   0 |     GCA   1   1   1   1   4   3 | Glu GAA   0   0   0   0   0   0 |     GGA   1   1   1   1   1   1
    GTG   2   2   3   3   1   2 |     GCG   0   1   0   0   0   0 |     GAG   1   1   1   1   1   1 |     GGG   1   2   1   1   1   1
--------------------------------------------------------------------------------------------------------------------------------------

--------------------------------------------------------------------------------------------------------------------------------------
Phe TTT   0   0   0   0   0   0 | Ser TCT   1   1   0   1   1   1 | Tyr TAT   0   0   0   0   0   0 | Cys TGT   0   0   0   1   0   0
    TTC   2   2   2   2   2   2 |     TCC   2   2   3   2   2   2 |     TAC   0   0   0   0   0   0 |     TGC   1   1   1   0   1   1
Leu TTA   0   0   0   0   0   0 |     TCA   1   1   1   1   1   1 | *** TAA   0   0   0   0   0   0 | *** TGA   0   0   0   0   0   0
    TTG   1   1   1   1   1   1 |     TCG   0   0   0   0   0   0 |     TAG   0   0   0   0   0   0 | Trp TGG   0   0   0   0   0   0
--------------------------------------------------------------------------------------------------------------------------------------
Leu CTT   1   1   1   1   1   1 | Pro CCT   0   0   0   0   0   0 | His CAT   0   0   0   0   0   0 | Arg CGT   0   0   0   0   1   0
    CTC   2   2   2   2   2   2 |     CCC   0   0   0   0   0   0 |     CAC   0   0   0   0   0   0 |     CGC   1   1   1   1   0   1
    CTA   0   0   0   0   0   0 |     CCA   0   0   0   0   0   0 | Gln CAA   0   0   0   0   0   0 |     CGA   0   0   0   0   0   0
    CTG   0   0   0   0   0   0 |     CCG   0   0   0   0   0   0 |     CAG   0   0   0   0   0   0 |     CGG   1   1   1   1   1   1
--------------------------------------------------------------------------------------------------------------------------------------
Ile ATT   1   1   1   1   1   2 | Thr ACT   1   1   1   1   1   1 | Asn AAT   0   0   0   0   0   0 | Ser AGT   0   0   0   0   0   0
    ATC   2   2   2   2   3   2 |     ACC   0   0   0   0   0   0 |     AAC   0   0   0   0   0   0 |     AGC   2   2   3   2   2   1
    ATA   1   1   0   0   0   1 |     ACA   1   1   1   1   0   1 | Lys AAA   0   0   0   0   1   0 | Arg AGA   0   0   0   0   0   0
Met ATG   2   2   2   2   2   2 |     ACG   1   1   1   1   0   0 |     AAG   1   1   1   1   1   1 |     AGG   1   1   1   1   1   1
--------------------------------------------------------------------------------------------------------------------------------------
Val GTT   1   1   1   1   1   1 | Ala GCT   2   2   2   2   2   2 | Asp GAT   0   0   0   0   0   0 | Gly GGT   0   0   0   0   0   0
    GTC   2   2   2   2   1   1 |     GCC   0   0   0   0   0   0 |     GAC   0   0   0   0   0   0 |     GGC   1   1   0   1   1   2
    GTA   1   1   2   2   2   1 |     GCA   1   1   1   1   1   1 | Glu GAA   0   0   0   0   1   0 |     GGA   1   1   1   1   0   1
    GTG   2   2   2   2   3   2 |     GCG   0   0   0   0   0   0 |     GAG   1   1   1   1   1   2 |     GGG   1   1   1   1   1   1
--------------------------------------------------------------------------------------------------------------------------------------

--------------------------------------------------------------------------------------------------------------------------------------
Phe TTT   0   0   0   0   0   0 | Ser TCT   1   2   1   0   1   1 | Tyr TAT   0   0   0   0   0   0 | Cys TGT   0   0   0   0   0   1
    TTC   2   2   2   2   2   2 |     TCC   2   1   2   3   2   2 |     TAC   0   0   0   0   0   0 |     TGC   1   1   1   1   1   0
Leu TTA   0   0   0   0   0   0 |     TCA   1   1   1   1   1   1 | *** TAA   0   0   0   0   0   0 | *** TGA   0   0   0   0   0   0
    TTG   1   1   1   1   1   1 |     TCG   0   0   0   0   0   0 |     TAG   0   0   0   0   0   0 | Trp TGG   0   0   0   0   0   0
--------------------------------------------------------------------------------------------------------------------------------------
Leu CTT   1   1   1   1   1   1 | Pro CCT   0   0   0   0   0   0 | His CAT   0   0   0   0   0   0 | Arg CGT   0   0   0   0   1   0
    CTC   2   2   2   2   2   2 |     CCC   0   0   0   0   0   0 |     CAC   0   0   0   0   0   0 |     CGC   1   1   1   1   0   1
    CTA   0   0   0   0   0   0 |     CCA   0   0   0   0   0   0 | Gln CAA   0   0   0   0   0   0 |     CGA   0   0   0   0   0   0
    CTG   0   0   0   0   0   0 |     CCG   0   0   0   0   0   0 |     CAG   0   0   0   0   0   0 |     CGG   1   1   1   1   1   1
--------------------------------------------------------------------------------------------------------------------------------------
Ile ATT   2   1   1   1   1   1 | Thr ACT   1   1   1   1   1   1 | Asn AAT   0   0   0   0   0   0 | Ser AGT   0   0   0   0   0   0
    ATC   1   4   2   2   2   2 |     ACC   0   0   0   0   0   0 |     AAC   0   0   0   0   0   0 |     AGC   2   2   2   3   2   2
    ATA   1   0   1   1   1   0 |     ACA   1   0   1   1   1   1 | Lys AAA   0   1   0   0   0   0 | Arg AGA   0   0   0   0   0   0
Met ATG   2   2   2   2   2   2 |     ACG   1   0   1   1   0   1 |     AAG   1   1   1   1   1   1 |     AGG   1   1   1   1   1   1
--------------------------------------------------------------------------------------------------------------------------------------
Val GTT   1   1   1   1   1   2 | Ala GCT   2   2   2   2   1   1 | Asp GAT   0   0   0   0   0   0 | Gly GGT   0   0   0   0   0   0
    GTC   2   0   2   2   2   1 |     GCC   0   0   0   0   1   0 |     GAC   0   0   0   0   0   0 |     GGC   1   1   1   0   1   1
    GTA   1   2   1   1   1   2 |     GCA   1   1   1   1   1   1 | Glu GAA   0   0   0   0   0   0 |     GGA   1   1   1   1   1   1
    GTG   2   3   2   2   3   3 |     GCG   0   0   0   0   0   0 |     GAG   1   1   1   1   1   1 |     GGG   1   1   1   1   1   1
--------------------------------------------------------------------------------------------------------------------------------------

--------------------------------------------------------------------------------------------------------------------------------------
Phe TTT   0   0   0   0   0   0 | Ser TCT   1   0   1   2   1   1 | Tyr TAT   0   0   0   0   0   0 | Cys TGT   0   0   0   0   1   0
    TTC   2   2   2   2   2   2 |     TCC   2   3   2   1   2   2 |     TAC   0   0   0   0   0   0 |     TGC   1   1   1   1   0   1
Leu TTA   0   0   0   0   0   0 |     TCA   1   1   1   1   0   1 | *** TAA   0   0   0   0   0   0 | *** TGA   0   0   0   0   0   0
    TTG   1   1   1   1   1   1 |     TCG   0   0   0   0   1   0 |     TAG   0   0   0   0   0   0 | Trp TGG   0   0   0   0   0   0
--------------------------------------------------------------------------------------------------------------------------------------
Leu CTT   1   1   1   1   1   1 | Pro CCT   0   0   0   0   0   0 | His CAT   0   0   0   0   0   0 | Arg CGT   0   0   0   1   0   0
    CTC   2   2   2   2   2   2 |     CCC   0   0   0   0   0   0 |     CAC   0   1   0   0   1   0 |     CGC   1   0   1   0   0   1
    CTA   0   0   0   0   0   0 |     CCA   0   1   0   0   0   0 | Gln CAA   0   0   0   0   0   0 |     CGA   0   0   0   0   0   0
    CTG   0   0   0   0   0   0 |     CCG   0   0   0   0   0   0 |     CAG   1   1   0   0   1   0 |     CGG   0   0   1   1   0   1
--------------------------------------------------------------------------------------------------------------------------------------
Ile ATT   1   1   1   1   1   2 | Thr ACT   1   1   1   1   1   1 | Asn AAT   0   0   0   0   0   0 | Ser AGT   0   0   0   0   0   0
    ATC   3   3   2   3   3   2 |     ACC   0   0   0   0   0   0 |     AAC   0   0   0   0   0   0 |     AGC   2   2   2   2   2   2
    ATA   0   0   1   0   0   2 |     ACA   2   2   1   0   1   1 | Lys AAA   0   0   0   1   0   0 | Arg AGA   0   0   0   0   0   0
Met ATG   1   2   2   2   2   2 |     ACG   1   0   1   0   1   1 |     AAG   1   1   1   1   1   1 |     AGG   1   1   1   1   1   1
--------------------------------------------------------------------------------------------------------------------------------------
Val GTT   1   1   1   1   2   1 | Ala GCT   2   2   2   2   1   2 | Asp GAT   0   0   0   0   0   0 | Gly GGT   0   0   0   0   0   0
    GTC   1   1   2   1   1   1 |     GCC   0   0   0   0   0   0 |     GAC   0   0   0   0   0   0 |     GGC   1   1   1   1   1   1
    GTA   1   1   0   2   2   0 |     GCA   1   0   2   1   1   1 | Glu GAA   0   0   0   1   0   0 |     GGA   1   1   1   0   1   1
    GTG   3   3   2   3   2   2 |     GCG   0   0   0   0   0   0 |     GAG   1   1   1   1   1   1 |     GGG   1   1   1   1   1   1
--------------------------------------------------------------------------------------------------------------------------------------

--------------------------------------------------------------------------------------------------------------------------------------
Phe TTT   0   0   0   0   0   0 | Ser TCT   1   1   1   1   1   1 | Tyr TAT   0   0   0   1   0   0 | Cys TGT   0   0   0   0   0   0
    TTC   2   2   2   2   2   2 |     TCC   2   2   2   2   2   2 |     TAC   0   0   0   0   0   0 |     TGC   1   1   1   0   1   1
Leu TTA   0   0   0   0   0   0 |     TCA   1   1   1   1   1   1 | *** TAA   0   0   0   0   0   0 | *** TGA   0   0   0   0   0   0
    TTG   1   1   1   1   1   1 |     TCG   0   0   0   0   0   0 |     TAG   0   0   0   0   0   0 | Trp TGG   0   0   0   0   0   0
--------------------------------------------------------------------------------------------------------------------------------------
Leu CTT   1   1   1   1   1   1 | Pro CCT   0   0   0   0   0   0 | His CAT   0   0   0   0   0   1 | Arg CGT   1   1   0   0   1   0
    CTC   2   2   2   2   2   2 |     CCC   0   0   0   0   0   0 |     CAC   0   0   0   0   0   0 |     CGC   0   0   1   1   0   0
    CTA   0   0   0   0   0   0 |     CCA   0   0   0   0   0   0 | Gln CAA   0   0   0   0   0   0 |     CGA   0   0   0   0   0   0
    CTG   0   0   0   0   0   0 |     CCG   0   0   0   0   0   0 |     CAG   0   0   0   0   0   0 |     CGG   1   1   1   1   1   1
--------------------------------------------------------------------------------------------------------------------------------------
Ile ATT   2   2   2   1   1   1 | Thr ACT   1   1   1   1   1   1 | Asn AAT   0   0   0   0   0   0 | Ser AGT   0   0   0   0   0   0
    ATC   2   2   1   2   2   3 |     ACC   0   0   0   0   0   0 |     AAC   0   0   0   0   0   0 |     AGC   1   1   2   2   2   2
    ATA   1   1   1   0   1   0 |     ACA   1   2   1   1   1   0 | Lys AAA   0   0   0   0   0   1 | Arg AGA   0   0   0   0   0   0
Met ATG   2   3   2   2   2   2 |     ACG   0   0   1   1   1   0 |     AAG   1   1   1   1   1   1 |     AGG   1   1   1   1   1   1
--------------------------------------------------------------------------------------------------------------------------------------
Val GTT   1   1   1   2   1   1 | Ala GCT   2   2   2   1   2   2 | Asp GAT   0   0   0   0   0   0 | Gly GGT   0   0   0   0   0   0
    GTC   1   1   2   2   2   1 |     GCC   0   0   0   0   0   0 |     GAC   0   0   0   0   0   0 |     GGC   2   2   1   1   1   1
    GTA   1   1   1   2   1   2 |     GCA   1   0   1   1   1   1 | Glu GAA   0   0   0   0   0   0 |     GGA   1   1   1   1   1   1
    GTG   2   1   2   2   2   3 |     GCG   0   0   0   0   0   0 |     GAG   2   2   1   1   1   1 |     GGG   1   1   1   1   1   1
--------------------------------------------------------------------------------------------------------------------------------------

--------------------------------------------------------------------------------------------------------------------------------------
Phe TTT   0   0   0   0   0   0 | Ser TCT   1   1   1   0   1   1 | Tyr TAT   0   0   0   0   0   0 | Cys TGT   1   0   0   0   0   0
    TTC   2   2   2   2   2   2 |     TCC   1   2   2   3   2   2 |     TAC   0   0   0   0   0   0 |     TGC   0   1   1   1   1   1
Leu TTA   0   0   0   0   0   0 |     TCA   1   1   1   1   1   1 | *** TAA   0   0   0   0   0   0 | *** TGA   0   0   0   0   0   0
    TTG   1   1   1   1   1   1 |     TCG   0   0   0   0   0   0 |     TAG   0   0   0   0   0   0 | Trp TGG   0   0   0   0   0   0
--------------------------------------------------------------------------------------------------------------------------------------
Leu CTT   1   1   1   1   2   1 | Pro CCT   0   0   0   0   0   0 | His CAT   0   0   0   0   1   0 | Arg CGT   0   1   0   0   0   0
    CTC   2   2   1   2   1   2 |     CCC   1   0   0   0   0   0 |     CAC   0   0   0   0   0   0 |     CGC   1   0   1   1   0   1
    CTA   0   0   0   0   0   0 |     CCA   0   0   0   0   0   0 | Gln CAA   0   0   0   0   0   0 |     CGA   0   0   0   0   0   0
    CTG   0   0   0   0   0   0 |     CCG   0   0   0   0   0   0 |     CAG   0   0   0   0   0   0 |     CGG   1   1   1   1   1   1
--------------------------------------------------------------------------------------------------------------------------------------
Ile ATT   1   1   2   1   1   1 | Thr ACT   1   1   1   1   1   1 | Asn AAT   0   0   0   0   0   0 | Ser AGT   0   0   0   0   0   0
    ATC   3   3   2   2   3   2 |     ACC   0   0   0   0   0   0 |     AAC   0   0   0   0   0   0 |     AGC   2   2   1   3   2   2
    ATA   0   0   1   1   1   1 |     ACA   1   0   1   1   1   1 | Lys AAA   0   1   0   0   0   0 | Arg AGA   0   0   0   0   0   0
Met ATG   2   2   2   2   1   2 |     ACG   1   0   0   1   1   1 |     AAG   1   1   1   1   1   1 |     AGG   1   1   1   1   1   1
--------------------------------------------------------------------------------------------------------------------------------------
Val GTT   2   1   1   1   0   1 | Ala GCT   1   2   2   2   2   2 | Asp GAT   0   0   0   0   0   0 | Gly GGT   0   0   0   0   0   0
    GTC   1   1   2   2   2   2 |     GCC   0   0   0   0   0   0 |     GAC   0   0   0   0   0   0 |     GGC   1   1   2   0   1   1
    GTA   2   2   1   1   1   1 |     GCA   1   1   1   1   1   1 | Glu GAA   0   0   0   0   0   0 |     GGA   1   1   1   1   1   1
    GTG   2   3   2   2   3   2 |     GCG   0   0   0   0   0   0 |     GAG   1   1   2   1   1   1 |     GGG   1   1   1   1   1   1
--------------------------------------------------------------------------------------------------------------------------------------

--------------------------------------------------------------------------------------------------------------------------------------
Phe TTT   0   0   0   0   0   0 | Ser TCT   1   2   1   1   1   1 | Tyr TAT   0   0   0   0   0   0 | Cys TGT   0   0   0   0   1   0
    TTC   2   2   2   2   2   2 |     TCC   2   1   2   2   1   2 |     TAC   0   0   0   0   1   0 |     TGC   1   1   1   1   0   1
Leu TTA   0   0   0   0   0   0 |     TCA   1   1   1   1   1   1 | *** TAA   0   0   0   0   0   0 | *** TGA   0   0   0   0   0   0
    TTG   1   1   1   1   1   1 |     TCG   0   0   0   0   0   0 |     TAG   0   0   0   0   0   0 | Trp TGG   0   0   0   0   0   0
--------------------------------------------------------------------------------------------------------------------------------------
Leu CTT   1   1   1   1   1   1 | Pro CCT   0   0   0   0   0   0 | His CAT   0   0   0   0   0   0 | Arg CGT   0   1   0   0   0   1
    CTC   2   3   2   2   3   2 |     CCC   0   0   0   0   0   0 |     CAC   0   0   0   0   0   0 |     CGC   1   0   1   1   0   0
    CTA   0   0   0   0   0   0 |     CCA   0   0   0   0   0   0 | Gln CAA   0   0   0   0   0   0 |     CGA   0   0   0   0   0   0
    CTG   0   1   0   0   0   0 |     CCG   0   0   0   0   0   0 |     CAG   0   1   0   0   0   0 |     CGG   1   0   1   1   1   1
--------------------------------------------------------------------------------------------------------------------------------------
Ile ATT   1   1   1   0   1   2 | Thr ACT   1   1   1   2   1   0 | Asn AAT   0   0   0   0   0   0 | Ser AGT   0   0   0   0   0   0
    ATC   2   1   2   2   2   2 |     ACC   0   0   0   0   0   0 |     AAC   0   0   0   0   0   0 |     AGC   2   2   2   2   2   1
    ATA   0   0   1   1   0   1 |     ACA   2   1   1   1   1   1 | Lys AAA   0   0   0   0   0   0 | Arg AGA   0   0   0   0   0   0
Met ATG   2   2   2   2   2   3 |     ACG   0   0   1   1   1   0 |     AAG   2   1   1   1   1   1 |     AGG   0   1   1   1   1   1
--------------------------------------------------------------------------------------------------------------------------------------
Val GTT   1   1   1   1   1   1 | Ala GCT   2   2   2   2   2   3 | Asp GAT   0   0   0   0   0   0 | Gly GGT   0   0   0   0   0   0
    GTC   2   2   2   2   2   1 |     GCC   0   0   0   0   0   0 |     GAC   0   0   0   0   0   0 |     GGC   1   1   1   1   1   2
    GTA   2   2   1   1   2   1 |     GCA   1   1   1   1   1   1 | Glu GAA   0   0   0   0   0   0 |     GGA   1   1   1   1   1   1
    GTG   2   2   2   2   2   1 |     GCG   0   0   0   0   0   0 |     GAG   2   1   1   1   1   2 |     GGG   0   1   1   1   1   1
--------------------------------------------------------------------------------------------------------------------------------------

--------------------------------------------------------------------------------------------------------------------------------------
Phe TTT   0   0   0   0   0   0 | Ser TCT   2   1   1   1   2   1 | Tyr TAT   0   0   0   0   0   0 | Cys TGT   0   1   0   0   0   0
    TTC   2   2   2   2   2   2 |     TCC   1   2   2   2   1   2 |     TAC   0   0   0   0   0   0 |     TGC   1   0   1   1   1   1
Leu TTA   0   0   0   0   0   0 |     TCA   1   1   1   1   1   1 | *** TAA   0   0   0   0   0   0 | *** TGA   0   0   0   0   0   0
    TTG   1   1   1   1   1   1 |     TCG   0   0   0   0   0   0 |     TAG   0   0   0   0   0   0 | Trp TGG   0   0   0   0   0   0
--------------------------------------------------------------------------------------------------------------------------------------
Leu CTT   1   1   1   1   1   1 | Pro CCT   0   0   0   0   0   0 | His CAT   0   0   0   1   0   0 | Arg CGT   0   0   0   0   1   0
    CTC   2   2   2   2   3   2 |     CCC   0   0   0   0   0   0 |     CAC   0   1   0   0   0   0 |     CGC   1   0   1   0   0   1
    CTA   0   0   0   0   0   0 |     CCA   0   0   0   0   0   0 | Gln CAA   0   0   0   0   0   0 |     CGA   0   0   0   0   0   0
    CTG   0   0   0   0   1   0 |     CCG   0   0   0   0   0   0 |     CAG   0   1   0   0   0   0 |     CGG   1   0   1   1   1   1
--------------------------------------------------------------------------------------------------------------------------------------
Ile ATT   2   1   2   2   0   1 | Thr ACT   1   1   1   1   1   1 | Asn AAT   0   0   0   0   0   0 | Ser AGT   0   0   0   0   0   0
    ATC   2   4   2   2   2   2 |     ACC   0   0   0   0   0   0 |     AAC   0   0   0   0   0   0 |     AGC   1   2   1   1   2   1
    ATA   0   0   1   1   0   0 |     ACA   1   1   1   2   1   2 | Lys AAA   0   0   0   0   0   0 | Arg AGA   0   0   0   0   0   0
Met ATG   1   2   2   3   2   2 |     ACG   0   1   0   0   0   1 |     AAG   1   1   1   1   1   1 |     AGG   1   1   1   1   1   2
--------------------------------------------------------------------------------------------------------------------------------------
Val GTT   1   2   1   1   2   1 | Ala GCT   2   1   2   2   2   2 | Asp GAT   0   0   0   0   0   0 | Gly GGT   0   0   1   0   0   0
    GTC   1   0   1   1   1   2 |     GCC   0   0   0   0   0   0 |     GAC   0   0   0   0   0   0 |     GGC   2   1   2   2   1   1
    GTA   2   2   1   1   2   2 |     GCA   1   1   1   0   1   0 | Glu GAA   0   0   0   0   0   0 |     GGA   1   1   1   1   1   1
    GTG   3   2   2   1   2   2 |     GCG   0   0   0   0   0   0 |     GAG   2   1   2   2   1   1 |     GGG   1   1   0   1   1   1
--------------------------------------------------------------------------------------------------------------------------------------

--------------------------------------------------------------------------------------------------------------------------------------
Phe TTT   0   0   0   0   0   0 | Ser TCT   1   1   1   1   1   0 | Tyr TAT   0   0   0   0   0   0 | Cys TGT   0   0   0   0   0   1
    TTC   2   3   2   2   2   3 |     TCC   2   2   2   2   2   2 |     TAC   0   0   0   0   0   0 |     TGC   1   1   1   1   1   1
Leu TTA   0   0   0   0   0   0 |     TCA   1   1   1   1   1   1 | *** TAA   0   0   0   0   0   0 | *** TGA   0   0   0   0   0   0
    TTG   1   1   1   1   1   1 |     TCG   0   0   0   0   0   0 |     TAG   0   0   0   0   0   0 | Trp TGG   0   0   0   0   0   0
--------------------------------------------------------------------------------------------------------------------------------------
Leu CTT   1   1   1   1   1   1 | Pro CCT   0   0   0   0   0   0 | His CAT   0   0   0   0   0   0 | Arg CGT   0   0   0   0   1   1
    CTC   2   2   2   2   2   1 |     CCC   0   0   0   0   0   0 |     CAC   0   0   0   0   0   0 |     CGC   1   1   1   1   0   0
    CTA   0   0   0   0   0   0 |     CCA   0   0   0   0   0   0 | Gln CAA   0   0   0   0   0   0 |     CGA   0   0   0   0   0   0
    CTG   0   0   0   0   0   0 |     CCG   0   0   0   0   0   0 |     CAG   0   0   0   0   0   0 |     CGG   1   1   1   1   1   1
--------------------------------------------------------------------------------------------------------------------------------------
Ile ATT   1   2   1   1   1   1 | Thr ACT   1   1   1   1   1   1 | Asn AAT   0   0   0   0   0   0 | Ser AGT   0   0   0   0   0   0
    ATC   2   0   2   3   4   3 |     ACC   0   0   0   0   0   0 |     AAC   0   0   0   0   0   0 |     AGC   2   2   2   2   2   2
    ATA   0   1   0   0   0   0 |     ACA   1   1   1   1   0   0 | Lys AAA   0   0   0   0   1   1 | Arg AGA   0   0   0   0   0   0
Met ATG   3   2   3   2   2   2 |     ACG   1   0   0   0   0   0 |     AAG   1   2   1   1   1   1 |     AGG   1   1   1   1   1   1
--------------------------------------------------------------------------------------------------------------------------------------
Val GTT   1   1   0   1   1   1 | Ala GCT   2   2   2   2   2   2 | Asp GAT   0   0   0   0   0   0 | Gly GGT   0   0   0   0   0   0
    GTC   1   2   2   1   0   1 |     GCC   0   0   0   0   0   0 |     GAC   0   0   0   0   0   0 |     GGC   1   1   1   1   1   1
    GTA   2   1   1   2   2   2 |     GCA   1   1   2   1   1   1 | Glu GAA   0   0   0   0   0   1 |     GGA   1   1   1   1   1   0
    GTG   2   3   2   3   3   3 |     GCG   0   0   0   0   0   0 |     GAG   1   0   2   1   1   1 |     GGG   1   1   1   1   1   1
--------------------------------------------------------------------------------------------------------------------------------------

Codon position x base (3x4) table for each sequence.

#1: Argali         
position  1:    T:0.20513    C:0.12821    A:0.33333    G:0.33333
position  2:    T:0.46154    C:0.25641    A:0.05128    G:0.23077
position  3:    T:0.17949    C:0.38462    A:0.15385    G:0.28205
Average         T:0.28205    C:0.25641    A:0.17949    G:0.28205

#2: LesserMouseDeer
position  1:    T:0.20513    C:0.15385    A:0.33333    G:0.30769
position  2:    T:0.46154    C:0.23077    A:0.10256    G:0.20513
position  3:    T:0.17949    C:0.38462    A:0.10256    G:0.33333
Average         T:0.28205    C:0.25641    A:0.17949    G:0.28205

#3: LesserKudu     
position  1:    T:0.20513    C:0.12821    A:0.30769    G:0.35897
position  2:    T:0.48718    C:0.20513    A:0.10256    G:0.20513
position  3:    T:0.20513    C:0.35897    A:0.15385    G:0.28205
Average         T:0.29915    C:0.23077    A:0.18803    G:0.28205

#4: ForestMuskDeer2
position  1:    T:0.20513    C:0.12821    A:0.30769    G:0.35897
position  2:    T:0.48718    C:0.23077    A:0.05128    G:0.23077
position  3:    T:0.17949    C:0.38462    A:0.15385    G:0.28205
Average         T:0.29060    C:0.24786    A:0.17094    G:0.29060

#5: Camel          
position  1:    T:0.17949    C:0.25641    A:0.28205    G:0.28205
position  2:    T:0.48718    C:0.23077    A:0.12821    G:0.15385
position  3:    T:0.20513    C:0.38462    A:0.15385    G:0.25641
Average         T:0.29060    C:0.29060    A:0.18803    G:0.23077

#6: KillerWhale    
position  1:    T:0.20513    C:0.20513    A:0.30769    G:0.28205
position  2:    T:0.41026    C:0.30769    A:0.10256    G:0.17949
position  3:    T:0.25641    C:0.38462    A:0.10256    G:0.25641
Average         T:0.29060    C:0.29915    A:0.17094    G:0.23932

#7: DefassaWaterbuck
position  1:    T:0.20513    C:0.12821    A:0.33333    G:0.33333
position  2:    T:0.46154    C:0.25641    A:0.05128    G:0.23077
position  3:    T:0.17949    C:0.38462    A:0.15385    G:0.28205
Average         T:0.28205    C:0.25641    A:0.17949    G:0.28205

#8: Sheep          
position  1:    T:0.20513    C:0.12821    A:0.33333    G:0.33333
position  2:    T:0.46154    C:0.25641    A:0.05128    G:0.23077
position  3:    T:0.17949    C:0.38462    A:0.15385    G:0.28205
Average         T:0.28205    C:0.25641    A:0.17949    G:0.28205

#9: MaxwellsDuiker 
position  1:    T:0.20513    C:0.12821    A:0.33333    G:0.33333
position  2:    T:0.46154    C:0.25641    A:0.05128    G:0.23077
position  3:    T:0.15385    C:0.41026    A:0.15385    G:0.28205
Average         T:0.27350    C:0.26496    A:0.17949    G:0.28205

#10: GazellaPrzewalskyi
position  1:    T:0.20513    C:0.12821    A:0.30769    G:0.35897
position  2:    T:0.46154    C:0.25641    A:0.05128    G:0.23077
position  3:    T:0.20513    C:0.35897    A:0.15385    G:0.28205
Average         T:0.29060    C:0.24786    A:0.17094    G:0.29060

#11: MountainNyala  
position  1:    T:0.20513    C:0.12821    A:0.30769    G:0.35897
position  2:    T:0.48718    C:0.20513    A:0.10256    G:0.20513
position  3:    T:0.20513    C:0.35897    A:0.15385    G:0.28205
Average         T:0.29915    C:0.23077    A:0.18803    G:0.28205

#12: MuntiacusMuntjak
position  1:    T:0.20513    C:0.12821    A:0.30769    G:0.35897
position  2:    T:0.46154    C:0.23077    A:0.07692    G:0.23077
position  3:    T:0.20513    C:0.35897    A:0.15385    G:0.28205
Average         T:0.29060    C:0.23932    A:0.17949    G:0.29060

#13: goat           
position  1:    T:0.20513    C:0.12821    A:0.33333    G:0.33333
position  2:    T:0.46154    C:0.25641    A:0.05128    G:0.23077
position  3:    T:0.20513    C:0.35897    A:0.15385    G:0.28205
Average         T:0.29060    C:0.24786    A:0.17949    G:0.28205

#14: AfricanBuffalo 
position  1:    T:0.20513    C:0.12821    A:0.33333    G:0.33333
position  2:    T:0.48718    C:0.20513    A:0.07692    G:0.23077
position  3:    T:0.20513    C:0.35897    A:0.15385    G:0.28205
Average         T:0.29915    C:0.23077    A:0.18803    G:0.28205

#15: Topi           
position  1:    T:0.20513    C:0.12821    A:0.33333    G:0.33333
position  2:    T:0.46154    C:0.25641    A:0.05128    G:0.23077
position  3:    T:0.17949    C:0.38462    A:0.15385    G:0.28205
Average         T:0.28205    C:0.25641    A:0.17949    G:0.28205

#16: CommonDuiker   
position  1:    T:0.20513    C:0.12821    A:0.35897    G:0.30769
position  2:    T:0.46154    C:0.25641    A:0.05128    G:0.23077
position  3:    T:0.15385    C:0.41026    A:0.15385    G:0.28205
Average         T:0.27350    C:0.26496    A:0.18803    G:0.27350

#17: Suni           
position  1:    T:0.20513    C:0.12821    A:0.30769    G:0.35897
position  2:    T:0.48718    C:0.23077    A:0.05128    G:0.23077
position  3:    T:0.17949    C:0.38462    A:0.15385    G:0.28205
Average         T:0.29060    C:0.24786    A:0.17094    G:0.29060

#18: Springbuck     
position  1:    T:0.20513    C:0.12821    A:0.30769    G:0.35897
position  2:    T:0.48718    C:0.23077    A:0.05128    G:0.23077
position  3:    T:0.20513    C:0.33333    A:0.15385    G:0.30769
Average         T:0.29915    C:0.23077    A:0.17094    G:0.29915

#19: Okapi          
position  1:    T:0.20513    C:0.12821    A:0.33333    G:0.33333
position  2:    T:0.43590    C:0.28205    A:0.07692    G:0.20513
position  3:    T:0.17949    C:0.38462    A:0.15385    G:0.28205
Average         T:0.27350    C:0.26496    A:0.18803    G:0.27350

#20: Giraffe        
position  1:    T:0.20513    C:0.15385    A:0.33333    G:0.30769
position  2:    T:0.46154    C:0.25641    A:0.10256    G:0.17949
position  3:    T:0.15385    C:0.41026    A:0.15385    G:0.28205
Average         T:0.27350    C:0.27350    A:0.19658    G:0.25641

#21: TibetanAntelope
position  1:    T:0.20513    C:0.12821    A:0.33333    G:0.33333
position  2:    T:0.43590    C:0.28205    A:0.05128    G:0.23077
position  3:    T:0.17949    C:0.38462    A:0.15385    G:0.28205
Average         T:0.27350    C:0.26496    A:0.17949    G:0.28205

#22: Sitatunga      
position  1:    T:0.20513    C:0.12821    A:0.30769    G:0.35897
position  2:    T:0.48718    C:0.20513    A:0.10256    G:0.20513
position  3:    T:0.23077    C:0.33333    A:0.15385    G:0.28205
Average         T:0.30769    C:0.22222    A:0.18803    G:0.28205

#23: Oribi          
position  1:    T:0.20513    C:0.12821    A:0.33333    G:0.33333
position  2:    T:0.48718    C:0.23077    A:0.10256    G:0.17949
position  3:    T:0.20513    C:0.35897    A:0.12821    G:0.30769
Average         T:0.29915    C:0.23932    A:0.18803    G:0.27350

#24: BarbarySheep   
position  1:    T:0.20513    C:0.12821    A:0.38462    G:0.28205
position  2:    T:0.46154    C:0.25641    A:0.05128    G:0.23077
position  3:    T:0.20513    C:0.35897    A:0.15385    G:0.28205
Average         T:0.29060    C:0.24786    A:0.19658    G:0.26496

#25: Daviddeer      
position  1:    T:0.20513    C:0.12821    A:0.30769    G:0.35897
position  2:    T:0.46154    C:0.23077    A:0.07692    G:0.23077
position  3:    T:0.23077    C:0.33333    A:0.15385    G:0.28205
Average         T:0.29915    C:0.23077    A:0.17949    G:0.29060

#26: Reindeer       
position  1:    T:0.20513    C:0.12821    A:0.35897    G:0.30769
position  2:    T:0.46154    C:0.23077    A:0.07692    G:0.23077
position  3:    T:0.23077    C:0.33333    A:0.15385    G:0.28205
Average         T:0.29915    C:0.23077    A:0.19658    G:0.27350

#27: Ibex           
position  1:    T:0.20513    C:0.12821    A:0.33333    G:0.33333
position  2:    T:0.46154    C:0.25641    A:0.05128    G:0.23077
position  3:    T:0.20513    C:0.35897    A:0.15385    G:0.28205
Average         T:0.29060    C:0.24786    A:0.17949    G:0.28205

#28: GyrantGazelle  
position  1:    T:0.20513    C:0.12821    A:0.30769    G:0.35897
position  2:    T:0.48718    C:0.23077    A:0.07692    G:0.20513
position  3:    T:0.20513    C:0.35897    A:0.15385    G:0.28205
Average         T:0.29915    C:0.23932    A:0.17949    G:0.28205

#29: Hartebeest     
position  1:    T:0.20513    C:0.12821    A:0.33333    G:0.33333
position  2:    T:0.46154    C:0.25641    A:0.05128    G:0.23077
position  3:    T:0.20513    C:0.35897    A:0.15385    G:0.28205
Average         T:0.29060    C:0.24786    A:0.17949    G:0.28205

#30: Bongo          
position  1:    T:0.20513    C:0.12821    A:0.30769    G:0.35897
position  2:    T:0.48718    C:0.20513    A:0.10256    G:0.20513
position  3:    T:0.20513    C:0.35897    A:0.15385    G:0.28205
Average         T:0.29915    C:0.23077    A:0.18803    G:0.28205

#31: Gerenuk        
position  1:    T:0.17949    C:0.15385    A:0.33333    G:0.33333
position  2:    T:0.48718    C:0.23077    A:0.05128    G:0.23077
position  3:    T:0.20513    C:0.35897    A:0.15385    G:0.28205
Average         T:0.29060    C:0.24786    A:0.17949    G:0.28205

#32: CommonEland    
position  1:    T:0.20513    C:0.12821    A:0.30769    G:0.35897
position  2:    T:0.48718    C:0.20513    A:0.07692    G:0.23077
position  3:    T:0.20513    C:0.35897    A:0.15385    G:0.28205
Average         T:0.29915    C:0.23077    A:0.17949    G:0.29060

#33: MuntiacusReevesi
position  1:    T:0.20513    C:0.10256    A:0.30769    G:0.38462
position  2:    T:0.46154    C:0.23077    A:0.07692    G:0.23077
position  3:    T:0.20513    C:0.35897    A:0.15385    G:0.28205
Average         T:0.29060    C:0.23077    A:0.17949    G:0.29915

#34: HarveysDuiker  
position  1:    T:0.20513    C:0.12821    A:0.35897    G:0.30769
position  2:    T:0.46154    C:0.25641    A:0.05128    G:0.23077
position  3:    T:0.15385    C:0.41026    A:0.15385    G:0.28205
Average         T:0.27350    C:0.26496    A:0.18803    G:0.27350

#35: Pronghorn      
position  1:    T:0.20513    C:0.12821    A:0.33333    G:0.33333
position  2:    T:0.46154    C:0.25641    A:0.07692    G:0.20513
position  3:    T:0.20513    C:0.35897    A:0.15385    G:0.28205
Average         T:0.29060    C:0.24786    A:0.18803    G:0.27350

#36: BlueWildebeest 
position  1:    T:0.20513    C:0.12821    A:0.33333    G:0.33333
position  2:    T:0.46154    C:0.25641    A:0.05128    G:0.23077
position  3:    T:0.17949    C:0.38462    A:0.15385    G:0.28205
Average         T:0.28205    C:0.25641    A:0.17949    G:0.28205

#37: Gemsbok        
position  1:    T:0.20513    C:0.12821    A:0.30769    G:0.35897
position  2:    T:0.46154    C:0.25641    A:0.10256    G:0.17949
position  3:    T:0.17949    C:0.38462    A:0.17949    G:0.25641
Average         T:0.28205    C:0.25641    A:0.19658    G:0.26496

#38: Yak            
position  1:    T:0.20513    C:0.17949    A:0.25641    G:0.35897
position  2:    T:0.48718    C:0.23077    A:0.07692    G:0.20513
position  3:    T:0.23077    C:0.33333    A:0.15385    G:0.28205
Average         T:0.30769    C:0.24786    A:0.16239    G:0.28205

#39: BlueSheep      
position  1:    T:0.20513    C:0.12821    A:0.33333    G:0.33333
position  2:    T:0.46154    C:0.25641    A:0.05128    G:0.23077
position  3:    T:0.17949    C:0.38462    A:0.15385    G:0.28205
Average         T:0.28205    C:0.25641    A:0.17949    G:0.28205

#40: BohorReedbuck  
position  1:    T:0.20513    C:0.12821    A:0.33333    G:0.33333
position  2:    T:0.43590    C:0.28205    A:0.05128    G:0.23077
position  3:    T:0.17949    C:0.38462    A:0.15385    G:0.28205
Average         T:0.27350    C:0.26496    A:0.17949    G:0.28205

#41: KirksDik       
position  1:    T:0.20513    C:0.12821    A:0.30769    G:0.35897
position  2:    T:0.48718    C:0.23077    A:0.07692    G:0.20513
position  3:    T:0.20513    C:0.35897    A:0.15385    G:0.28205
Average         T:0.29915    C:0.23932    A:0.17949    G:0.28205

#42: RoeDeer        
position  1:    T:0.20513    C:0.12821    A:0.30769    G:0.35897
position  2:    T:0.46154    C:0.23077    A:0.07692    G:0.23077
position  3:    T:0.23077    C:0.33333    A:0.15385    G:0.28205
Average         T:0.29915    C:0.23077    A:0.17949    G:0.29060

#43: WhiteLippedDeer
position  1:    T:0.20513    C:0.12821    A:0.25641    G:0.41026
position  2:    T:0.46154    C:0.23077    A:0.07692    G:0.23077
position  3:    T:0.23077    C:0.33333    A:0.15385    G:0.28205
Average         T:0.29915    C:0.23077    A:0.16239    G:0.30769

#44: ThomsonGazelle 
position  1:    T:0.20513    C:0.12821    A:0.35897    G:0.30769
position  2:    T:0.48718    C:0.23077    A:0.10256    G:0.17949
position  3:    T:0.20513    C:0.35897    A:0.15385    G:0.28205
Average         T:0.29915    C:0.23932    A:0.20513    G:0.25641

#45: MuntiacusCrinifrons
position  1:    T:0.20513    C:0.12821    A:0.30769    G:0.35897
position  2:    T:0.46154    C:0.23077    A:0.07692    G:0.23077
position  3:    T:0.23077    C:0.35897    A:0.15385    G:0.25641
Average         T:0.29915    C:0.23932    A:0.17949    G:0.28205

#46: WhiteTailedDeer
position  1:    T:0.20513    C:0.12821    A:0.35897    G:0.30769
position  2:    T:0.46154    C:0.23077    A:0.10256    G:0.20513
position  3:    T:0.23077    C:0.33333    A:0.15385    G:0.28205
Average         T:0.29915    C:0.23077    A:0.20513    G:0.26496

#47: Cattle         
position  1:    T:0.20513    C:0.17949    A:0.25641    G:0.35897
position  2:    T:0.48718    C:0.23077    A:0.05128    G:0.23077
position  3:    T:0.23077    C:0.33333    A:0.15385    G:0.28205
Average         T:0.30769    C:0.24786    A:0.15385    G:0.29060

#48: RoyalAntelope  
position  1:    T:0.20513    C:0.12821    A:0.33333    G:0.33333
position  2:    T:0.46154    C:0.25641    A:0.05128    G:0.23077
position  3:    T:0.17949    C:0.35897    A:0.15385    G:0.30769
Average         T:0.28205    C:0.24786    A:0.17949    G:0.29060

#49: Steenbok       
position  1:    T:0.20513    C:0.12821    A:0.33333    G:0.33333
position  2:    T:0.46154    C:0.25641    A:0.05128    G:0.23077
position  3:    T:0.17949    C:0.35897    A:0.15385    G:0.30769
Average         T:0.28205    C:0.24786    A:0.17949    G:0.29060

#50: Impala         
position  1:    T:0.23077    C:0.12821    A:0.30769    G:0.33333
position  2:    T:0.48718    C:0.23077    A:0.05128    G:0.23077
position  3:    T:0.20513    C:0.35897    A:0.15385    G:0.28205
Average         T:0.30769    C:0.23932    A:0.17094    G:0.28205

#51: Klipspringer   
position  1:    T:0.20513    C:0.12821    A:0.30769    G:0.35897
position  2:    T:0.43590    C:0.25641    A:0.07692    G:0.23077
