1
52 1
Argali 0.000000 0.251100 0.083200 0.303200 0.082300 0.009800 0.073000 0.051700 0.106400 0.095500 0.041100 0.094000 0.041500 0.095000 0.103700 0.081900 0.163400 0.117100 0.040700 0.127000 0.061900 0.040800 0.094600 0.106700 0.041100 0.051300 0.051700 0.096000 0.073300 0.095900 0.095500 0.103700 0.157100 0.051800 0.062200 0.104200 0.030700 0.102400 0.061900 0.139300 0.094600 0.062400 0.085200 0.105800 0.073600 0.072300 0.105600 0.093900 0.125300 0.129200 0.091800 0.116000
LesserMous 0.251100 0.000000 0.285700 0.252600 0.281500 0.262600 0.258000 0.246100 0.289500 0.246800 0.259200 0.299300 0.234700 0.286800 0.296300 0.252600 0.317200 0.300700 0.270400 0.284200 0.258000 0.257500 0.272500 0.260700 0.259200 0.271100 0.245900 0.277400 0.259100 0.277400 0.246800 0.265500 0.288200 0.246500 0.259500 0.282400 0.246100 0.276600 0.257500 0.271800 0.272500 0.259700 0.235400 0.258200 0.276200 0.270500 0.287200 0.215000 0.301300 0.298500 0.291200 0.299300
LesserKudu 0.083200 0.285700 0.000000 0.310100 0.083400 0.071900 0.074000 0.052400 0.041200 0.074100 0.052300 0.051700 0.042100 0.096100 0.127200 0.083000 0.130700 0.106800 0.083900 0.040900 0.062800 0.062700 0.073400 0.085100 0.052300 0.073400 0.063500 0.031000 0.074200 0.030900 0.074100 0.104900 0.135400 0.052500 0.063100 0.061600 0.052400 0.103600 0.062700 0.117500 0.073400 0.085000 0.063700 0.062600 0.031100 0.073200 0.084600 0.095100 0.104500 0.130200 0.050400 0.051200
KillerWhal 0.303200 0.252600 0.310100 0.000000 0.334400 0.287300 0.298100 0.299500 0.326600 0.301000 0.312200 0.324100 0.288200 0.314000 0.378500 0.332800 0.347900 0.325700 0.336800 0.349800 0.311000 0.282600 0.326700 0.315300 0.312200 0.324800 0.298600 0.315100 0.299800 0.315000 0.301000 0.277700 0.286800 0.299600 0.312900 0.307600 0.299100 0.357400 0.310800 0.325400 0.326700 0.313400 0.289700 0.284200 0.301200 0.295600 0.311900 0.295600 0.288800 0.370100 0.288400 0.323200
DefassaWat 0.082300 0.281500 0.083400 0.334400 0.000000 0.091400 0.073200 0.051600 0.106600 0.073600 0.062000 0.094200 0.040900 0.095200 0.103500 0.081800 0.163700 0.140000 0.082600 0.116300 0.061800 0.061700 0.072900 0.084600 0.062000 0.072400 0.062500 0.096200 0.072700 0.096100 0.073600 0.103900 0.123300 0.050600 0.062100 0.082600 0.050700 0.019500 0.061800 0.116700 0.072900 0.083700 0.085400 0.083900 0.073800 0.072500 0.082800 0.094600 0.125600 0.106600 0.091900 0.116200
Sheep 0.009800 0.262600 0.071900 0.287300 0.091400 0.000000 0.083300 0.061700 0.094500 0.106000 0.050800 0.082500 0.051600 0.105400 0.114500 0.091700 0.174100 0.105200 0.050600 0.114800 0.071900 0.050800 0.105000 0.117200 0.051100 0.061300 0.061600 0.084200 0.083300 0.084200 0.106000 0.113900 0.144800 0.061800 0.071500 0.092600 0.040200 0.112000 0.070700 0.149800 0.105000 0.072400 0.095700 0.094100 0.062300 0.082600 0.093400 0.103800 0.113500 0.139800 0.080600 0.104100
MaxwellsDu 0.073000 0.258000 0.074000 0.298100 0.073200 0.083300 0.000000 0.020800 0.074800 0.086300 0.052700 0.085000 0.031700 0.041700 0.117000 0.051500 0.154900 0.107800 0.073600 0.118200 0.031100 0.052400 0.085500 0.097600 0.052700 0.041700 0.031400 0.086800 0.020800 0.086700 0.086300 0.051200 0.148900 0.020800 0.052700 0.095300 0.042100 0.093600 0.031100 0.107500 0.085500 0.052700 0.075800 0.096800 0.064100 0.041600 0.074300 0.062900 0.083200 0.108200 0.082800 0.107200
GazellaPrz 0.051700 0.246100 0.052400 0.299500 0.051600 0.061700 0.020800 0.000000 0.075100 0.064200 0.030800 0.063200 0.010400 0.042100 0.094500 0.030200 0.131600 0.108300 0.051900 0.095900 0.010300 0.031000 0.063600 0.075300 0.031200 0.020400 0.031400 0.064500 0.020600 0.064500 0.064200 0.051600 0.126500 0.020800 0.030900 0.073500 0.020600 0.072200 0.010200 0.107900 0.063600 0.031200 0.053700 0.074700 0.042400 0.020600 0.052400 0.040700 0.072800 0.097600 0.061600 0.085000
MountainNy 0.106400 0.289500 0.041200 0.326600 0.106600 0.094500 0.074800 0.075100 0.000000 0.120600 0.086000 0.074100 0.064600 0.120200 0.151900 0.106100 0.155100 0.119100 0.107300 0.040900 0.085600 0.085500 0.119400 0.132200 0.086000 0.096600 0.064200 0.010400 0.097700 0.031300 0.120600 0.128900 0.159800 0.053100 0.086000 0.084000 0.075100 0.127100 0.085500 0.142000 0.119700 0.108700 0.110100 0.107900 0.053100 0.096300 0.108200 0.118900 0.128200 0.132000 0.072100 0.051300
MuntiacusM 0.095500 0.246800 0.074100 0.301000 0.073600 0.106000 0.086300 0.064200 0.120600 0.000000 0.064100 0.108100 0.053700 0.109300 0.129600 0.095300 0.120600 0.096900 0.096300 0.118400 0.074700 0.074600 0.020600 0.010200 0.064100 0.085700 0.075500 0.109900 0.086700 0.109800 0.000000 0.117900 0.105100 0.064300 0.075100 0.095500 0.064200 0.094100 0.074700 0.041300 0.020200 0.097700 0.010400 0.010100 0.086600 0.085500 0.120200 0.085300 0.140500 0.120600 0.104900 0.130400
goat 0.041100 0.259200 0.052300 0.312200 0.062000 0.050800 0.052700 0.030800 0.086000 0.064100 0.000000 0.073800 0.020700 0.074500 0.105100 0.061700 0.130500 0.107400 0.041200 0.095800 0.041500 0.020500 0.063500 0.075100 0.000000 0.051000 0.041800 0.075400 0.052600 0.075400 0.064100 0.083600 0.137100 0.031200 0.041700 0.084100 0.010200 0.082200 0.041500 0.107800 0.063500 0.062500 0.053600 0.074500 0.053100 0.052100 0.084900 0.073300 0.105300 0.108600 0.072000 0.095800
AfricanBuf 0.094000 0.299300 0.051700 0.324100 0.094200 0.082500 0.085000 0.063200 0.074100 0.108100 0.073800 0.000000 0.052900 0.107400 0.116100 0.093800 0.177500 0.129800 0.094800 0.094700 0.073600 0.073400 0.107100 0.119600 0.073800 0.084400 0.074400 0.063700 0.085300 0.063600 0.108100 0.116000 0.147500 0.063300 0.073900 0.051400 0.063200 0.114600 0.073500 0.152700 0.107100 0.096100 0.097600 0.095900 0.020800 0.084100 0.095600 0.106200 0.115500 0.142400 0.082000 0.083900
Topi 0.041500 0.234700 0.042100 0.288200 0.040900 0.051600 0.031700 0.010400 0.064600 0.053700 0.020700 0.052900 0.000000 0.053400 0.084300 0.040700 0.121100 0.097800 0.041200 0.085600 0.020600 0.020800 0.053200 0.064800 0.020900 0.031300 0.020900 0.054000 0.031700 0.054000 0.053700 0.062900 0.116300 0.010400 0.020600 0.063200 0.010400 0.061800 0.020800 0.097500 0.053200 0.041700 0.043100 0.064200 0.031900 0.031400 0.063800 0.052500 0.084400 0.087000 0.051500 0.074700
CommonDuik 0.095000 0.286800 0.096100 0.314000 0.095200 0.105400 0.041700 0.042100 0.120200 0.109300 0.074500 0.107400 0.053400 0.000000 0.140000 0.072900 0.179400 0.154900 0.095700 0.141300 0.052500 0.074100 0.108200 0.120900 0.074500 0.063200 0.075000 0.109600 0.020900 0.109500 0.109300 0.072500 0.172700 0.063800 0.074600 0.117900 0.063700 0.115800 0.052400 0.154300 0.108200 0.074700 0.098600 0.119900 0.086500 0.063100 0.096700 0.084900 0.105200 0.131500 0.104700 0.130000
Suni 0.103700 0.296300 0.127200 0.378500 0.103500 0.114500 0.117000 0.094500 0.151900 0.129600 0.105100 0.116100 0.084300 0.140000 0.000000 0.124800 0.187300 0.163100 0.126100 0.172700 0.104900 0.104500 0.128400 0.141200 0.105100 0.093800 0.105900 0.141400 0.117000 0.141300 0.129600 0.148000 0.203300 0.094600 0.104900 0.148800 0.094400 0.123600 0.104700 0.174500 0.128400 0.105500 0.119200 0.140000 0.117900 0.115900 0.150200 0.137800 0.170600 0.164300 0.135100 0.161400
Springbuck 0.081900 0.252600 0.083000 0.332800 0.081800 0.091700 0.051500 0.030200 0.106100 0.095300 0.061700 0.093800 0.040700 0.072900 0.124800 0.000000 0.162900 0.139300 0.082000 0.104500 0.040600 0.061400 0.083700 0.106400 0.060900 0.050600 0.062200 0.095700 0.050700 0.095600 0.095300 0.081800 0.134500 0.051400 0.061800 0.103900 0.051400 0.080600 0.040600 0.138900 0.083700 0.062000 0.085000 0.105600 0.073400 0.051000 0.083000 0.071700 0.103000 0.128800 0.091500 0.115700
Okapi 0.163400 0.317200 0.130700 0.347900 0.163700 0.174100 0.154900 0.131600 0.155100 0.120600 0.130500 0.177500 0.121100 0.179400 0.187300 0.162900 0.000000 0.130300 0.164700 0.164700 0.142300 0.142000 0.143000 0.108800 0.130500 0.153900 0.143900 0.144300 0.155600 0.144300 0.120600 0.187000 0.183900 0.131700 0.143100 0.188100 0.131500 0.173200 0.142200 0.166000 0.143000 0.167000 0.110000 0.131100 0.156300 0.153500 0.179100 0.153100 0.212000 0.193000 0.149900 0.164800
Giraffe 0.117100 0.300700 0.106800 0.325700 0.140000 0.105200 0.107800 0.108300 0.119100 0.096900 0.107400 0.129800 0.097800 0.154900 0.163100 0.139300 0.130300 0.000000 0.140900 0.152100 0.107700 0.118600 0.118800 0.108200 0.107400 0.107400 0.097100 0.131900 0.131600 0.108500 0.096900 0.162900 0.147300 0.085600 0.107500 0.139600 0.108200 0.160700 0.118700 0.118000 0.118800 0.119700 0.086400 0.085700 0.108300 0.129800 0.142100 0.129500 0.138800 0.166400 0.126000 0.152200
TibetanAnt 0.040700 0.270400 0.083900 0.336800 0.082600 0.050600 0.073600 0.051900 0.107300 0.096300 0.041200 0.094800 0.041200 0.095700 0.126100 0.082000 0.164700 0.140900 0.000000 0.128000 0.062200 0.040800 0.095400 0.107600 0.041200 0.072800 0.062900 0.096800 0.073600 0.096800 0.096300 0.104500 0.158300 0.052000 0.062500 0.105000 0.030900 0.102700 0.061800 0.140500 0.095400 0.084200 0.085900 0.106700 0.074200 0.072900 0.106000 0.083500 0.126300 0.130200 0.071300 0.117000
Sitatunga 0.127000 0.284200 0.040900 0.349800 0.116300 0.114800 0.118200 0.095900 0.040900 0.118400 0.095800 0.094700 0.085600 0.141300 0.172700 0.104500 0.164700 0.152100 0.128000 0.000000 0.106400 0.106200 0.117300 0.129800 0.095800 0.117400 0.107600 0.031200 0.118700 0.052000 0.118400 0.149500 0.146600 0.096100 0.106900 0.104400 0.095900 0.114500 0.106200 0.163000 0.117300 0.129700 0.108000 0.106000 0.073800 0.117000 0.118000 0.139800 0.148900 0.153100 0.092200 0.072600
Oribi 0.061900 0.258000 0.062800 0.311000 0.061800 0.071900 0.031100 0.010300 0.085600 0.074700 0.041500 0.073600 0.020600 0.052500 0.104900 0.040600 0.142300 0.107700 0.062200 0.106400 0.000000 0.040800 0.074000 0.085900 0.041100 0.030800 0.041800 0.075100 0.031100 0.064200 0.074700 0.061800 0.136700 0.030700 0.031100 0.083800 0.031100 0.082000 0.020300 0.118500 0.074000 0.041100 0.064300 0.085100 0.052900 0.030800 0.062700 0.051500 0.072400 0.097100 0.071800 0.095500
BarbaryShe 0.040800 0.257500 0.062700 0.282600 0.061700 0.050800 0.052400 0.031000 0.085500 0.074600 0.020500 0.073400 0.020800 0.074100 0.104500 0.061400 0.142000 0.118600 0.040800 0.106200 0.040800 0.000000 0.073900 0.085600 0.020500 0.051500 0.041700 0.075000 0.052300 0.075000 0.074600 0.083200 0.114200 0.030800 0.041500 0.083600 0.010300 0.081700 0.041200 0.118300 0.073900 0.062900 0.064100 0.084900 0.052800 0.051800 0.084400 0.072900 0.104700 0.107900 0.071600 0.095300
Daviddeer 0.094600 0.272500 0.073400 0.326700 0.072900 0.105000 0.085500 0.063600 0.119400 0.020600 0.063500 0.107100 0.053200 0.108200 0.128400 0.083700 0.143000 0.118800 0.095400 0.117300 0.074000 0.073900 0.000000 0.030400 0.063500 0.084900 0.074800 0.108800 0.085900 0.108700 0.020600 0.116800 0.125200 0.063700 0.074400 0.094600 0.063600 0.093300 0.074000 0.062100 0.000000 0.096700 0.031300 0.030700 0.085800 0.084700 0.119100 0.106900 0.139100 0.119400 0.103900 0.129100
Reindeer 0.106700 0.260700 0.085100 0.315300 0.084600 0.117200 0.097600 0.075300 0.132200 0.010200 0.075100 0.119600 0.064800 0.120900 0.141200 0.106400 0.108800 0.108200 0.107600 0.129800 0.085900 0.085600 0.030400 0.000000 0.075100 0.097000 0.086800 0.121500 0.098100 0.120900 0.010200 0.129400 0.104300 0.075300 0.086300 0.106600 0.075200 0.094400 0.085800 0.051900 0.031000 0.109100 0.020900 0.020200 0.097800 0.096700 0.120500 0.096400 0.152100 0.108800 0.116000 0.142500
Ibex 0.041100 0.259200 0.052300 0.312200 0.062000 0.051100 0.052700 0.031200 0.086000 0.064100 0.000000 0.073800 0.020900 0.074500 0.105100 0.060900 0.130500 0.107400 0.041200 0.095800 0.041100 0.020500 0.063500 0.075100 0.000000 0.052000 0.041400 0.075400 0.052600 0.075400 0.064100 0.083600 0.137100 0.030900 0.041700 0.084100 0.010300 0.082200 0.040800 0.107800 0.063500 0.063200 0.053600 0.074500 0.053100 0.052100 0.084900 0.073300 0.105300 0.108600 0.072000 0.095800
GyrantGaze 0.051300 0.271100 0.073400 0.324800 0.072400 0.061300 0.041700 0.020400 0.096600 0.085700 0.051000 0.084400 0.031300 0.063200 0.093800 0.050600 0.153900 0.107400 0.072800 0.117400 0.030800 0.051500 0.084900 0.097000 0.052000 0.000000 0.052400 0.086100 0.041700 0.086000 0.085700 0.072400 0.148000 0.041600 0.052100 0.094700 0.041600 0.092600 0.030800 0.129700 0.084900 0.010200 0.075300 0.096200 0.063700 0.041300 0.073500 0.061300 0.093800 0.119500 0.082300 0.106400
Hartebeest 0.051700 0.245900 0.063500 0.298600 0.062500 0.061600 0.031400 0.031400 0.064200 0.075500 0.041800 0.074400 0.020900 0.075000 0.105900 0.062200 0.143900 0.097100 0.062900 0.107600 0.041800 0.041700 0.074800 0.086800 0.041400 0.052400 0.000000 0.076000 0.053000 0.076000 0.075500 0.084200 0.138000 0.010300 0.041300 0.084700 0.031100 0.081300 0.042100 0.096800 0.074800 0.063700 0.065000 0.086000 0.053500 0.052500 0.085500 0.073900 0.106000 0.109300 0.072500 0.096600
Bongo 0.096000 0.277400 0.031000 0.315100 0.096200 0.084200 0.086800 0.064500 0.010400 0.109900 0.075400 0.063700 0.054000 0.109600 0.141400 0.095700 0.144300 0.131900 0.096800 0.031200 0.075100 0.075000 0.108800 0.121500 0.075400 0.086100 0.076000 0.000000 0.087100 0.021000 0.109900 0.118400 0.149500 0.064600 0.075500 0.073700 0.064500 0.116800 0.075000 0.155400 0.108800 0.098100 0.099300 0.097400 0.042600 0.085800 0.097700 0.108400 0.117800 0.121300 0.061900 0.041800
Gerenuk 0.073300 0.259100 0.074200 0.299800 0.072700 0.083300 0.020800 0.020600 0.097700 0.086700 0.052600 0.085300 0.031700 0.020900 0.117000 0.050700 0.155600 0.131600 0.073600 0.118700 0.031100 0.052300 0.085900 0.098100 0.052600 0.041700 0.053000 0.087100 0.000000 0.087000 0.086700 0.051600 0.149700 0.042100 0.052700 0.095700 0.042000 0.094200 0.031100 0.131200 0.085900 0.052700 0.076100 0.097300 0.064400 0.041700 0.074300 0.062800 0.083400 0.108700 0.083200 0.107600
CommonElan 0.095900 0.277400 0.030900 0.315000 0.096100 0.084200 0.086700 0.064500 0.031300 0.109800 0.075400 0.063600 0.054000 0.109500 0.141300 0.095600 0.144300 0.108500 0.096800 0.052000 0.064200 0.075000 0.108700 0.120900 0.075400 0.086000 0.076000 0.021000 0.087000 0.000000 0.109800 0.118400 0.149400 0.064600 0.064000 0.073700 0.064500 0.116700 0.075000 0.155300 0.108700 0.098000 0.099200 0.097300 0.042600 0.085800 0.097600 0.108300 0.095100 0.120000 0.061900 0.041900
MuntiacusR 0.095500 0.246800 0.074100 0.301000 0.073600 0.106000 0.086300 0.064200 0.120600 0.000000 0.064100 0.108100 0.053700 0.109300 0.129600 0.095300 0.120600 0.096900 0.096300 0.118400 0.074700 0.074600 0.020600 0.010200 0.064100 0.085700 0.075500 0.109900 0.086700 0.109800 0.000000 0.117900 0.104000 0.064300 0.075100 0.095900 0.064200 0.094100 0.074700 0.041300 0.020200 0.097700 0.010300 0.010200 0.086600 0.085500 0.120200 0.085300 0.140500 0.120600 0.104900 0.130400
HarveysDui 0.103700 0.265500 0.104900 0.277700 0.103900 0.113900 0.051200 0.051600 0.128900 0.117900 0.083600 0.116000 0.062900 0.072500 0.148000 0.081800 0.187000 0.162900 0.104500 0.149500 0.061800 0.083200 0.116800 0.129400 0.083600 0.072400 0.084200 0.118400 0.051600 0.118400 0.117900 0.000000 0.156900 0.073200 0.083800 0.104200 0.073000 0.124000 0.061800 0.139300 0.116800 0.083800 0.107600 0.128300 0.095500 0.051100 0.105400 0.072200 0.113700 0.139800 0.091600 0.138400
Pronghorn 0.157100 0.288200 0.135400 0.286800 0.123300 0.144800 0.148900 0.126500 0.159800 0.105100 0.137100 0.147500 0.116300 0.172700 0.203300 0.134500 0.183900 0.147300 0.158300 0.146600 0.136700 0.114200 0.125200 0.104300 0.137100 0.148000 0.138000 0.149500 0.149700 0.149400 0.104000 0.156900 0.000000 0.126500 0.137400 0.133600 0.126300 0.100300 0.136700 0.146800 0.125200 0.160500 0.116000 0.092300 0.126400 0.125100 0.125100 0.147300 0.179500 0.172500 0.121500 0.169200
BlueWildeb 0.051800 0.246500 0.052500 0.299600 0.050600 0.061800 0.020800 0.020800 0.053100 0.064300 0.031200 0.063300 0.010400 0.063800 0.094600 0.051400 0.131700 0.085600 0.052000 0.096100 0.030700 0.030800 0.063700 0.075300 0.030900 0.041600 0.010300 0.064600 0.042100 0.064600 0.064300 0.073200 0.126500 0.000000 0.031300 0.073600 0.020800 0.071900 0.031100 0.085400 0.063700 0.052800 0.053800 0.074700 0.042500 0.041700 0.074300 0.062900 0.094700 0.097700 0.061700 0.085200
Gemsbok 0.062200 0.259500 0.063100 0.312900 0.062100 0.071500 0.052700 0.030900 0.086000 0.075100 0.041700 0.073900 0.020600 0.074600 0.104900 0.061800 0.143100 0.107500 0.062500 0.106900 0.031100 0.041500 0.074400 0.086300 0.041700 0.052100 0.041300 0.075500 0.052700 0.064000 0.075100 0.083800 0.137400 0.031300 0.000000 0.084200 0.031200 0.082400 0.041500 0.119100 0.074400 0.063700 0.064600 0.085600 0.053200 0.052200 0.085000 0.073500 0.094000 0.096900 0.072100 0.095900
Yak 0.104200 0.282400 0.061600 0.307600 0.082600 0.092600 0.095300 0.073500 0.084000 0.095500 0.084100 0.051400 0.063200 0.117900 0.148800 0.103900 0.188100 0.139600 0.105000 0.104400 0.083800 0.083600 0.094600 0.106600 0.084100 0.094700 0.084700 0.073700 0.095700 0.073700 0.095900 0.104200 0.133600 0.073600 0.084200 0.000000 0.073500 0.102700 0.062100 0.116600 0.094600 0.106500 0.107700 0.083700 0.030600 0.094400 0.106000 0.094500 0.125800 0.129000 0.091700 0.093700
BlueSheep 0.030700 0.246100 0.052400 0.299100 0.050700 0.040200 0.042100 0.020600 0.075100 0.064200 0.010200 0.063200 0.010400 0.063700 0.094400 0.051400 0.131500 0.108200 0.030900 0.095900 0.031100 0.010300 0.063600 0.075200 0.010300 0.041600 0.031100 0.064500 0.042000 0.064500 0.064200 0.073000 0.126300 0.020800 0.031200 0.073500 0.000000 0.071800 0.031100 0.107900 0.063600 0.052700 0.053700 0.074600 0.042400 0.041600 0.073700 0.062800 0.094600 0.097500 0.061600 0.085000
BohorReedb 0.102400 0.276600 0.103600 0.357400 0.019500 0.112000 0.093600 0.072200 0.127100 0.094100 0.082200 0.114600 0.061800 0.115800 0.123600 0.080600 0.173200 0.160700 0.102700 0.114500 0.082000 0.081700 0.093300 0.094400 0.082200 0.092600 0.081300 0.116800 0.094200 0.116700 0.094100 0.124000 0.100300 0.071900 0.082400 0.102700 0.071800 0.000000 0.081900 0.137200 0.093300 0.104400 0.106100 0.104300 0.094300 0.092800 0.081500 0.113900 0.145900 0.116300 0.111800 0.136600
KirksDik 0.061900 0.257500 0.062700 0.310800 0.061800 0.070700 0.031100 0.010200 0.085500 0.074700 0.041500 0.073500 0.020800 0.052400 0.104700 0.040600 0.142200 0.118700 0.061800 0.106200 0.020300 0.041200 0.074000 0.085800 0.040800 0.030800 0.042100 0.075000 0.031100 0.075000 0.074700 0.061800 0.136700 0.031100 0.041500 0.062100 0.031100 0.081900 0.000000 0.118400 0.074000 0.041500 0.064200 0.085100 0.052800 0.030800 0.062700 0.051000 0.083000 0.108100 0.071700 0.095300
RoeDeer 0.139300 0.271800 0.117500 0.325400 0.116700 0.149800 0.107500 0.107900 0.142000 0.041300 0.107800 0.152700 0.097500 0.154300 0.174500 0.138900 0.166000 0.118000 0.140500 0.163000 0.118500 0.118300 0.062100 0.051900 0.107800 0.129700 0.096800 0.155400 0.131200 0.155300 0.041300 0.139300 0.146800 0.085400 0.119100 0.116600 0.107900 0.137200 0.118400 0.000000 0.062100 0.142300 0.052400 0.051500 0.131100 0.129400 0.165500 0.106500 0.185600 0.166000 0.125600 0.175600
WhiteLippe 0.094600 0.272500 0.073400 0.326700 0.072900 0.105000 0.085500 0.063600 0.119700 0.020200 0.063500 0.107100 0.053200 0.108200 0.128400 0.083700 0.143000 0.118800 0.095400 0.117300 0.074000 0.073900 0.000000 0.031000 0.063500 0.084900 0.074800 0.108800 0.085900 0.108700 0.020200 0.116800 0.125200 0.063700 0.074400 0.094600 0.063600 0.093300 0.074000 0.062100 0.000000 0.096700 0.031300 0.030700 0.084700 0.084700 0.119100 0.106900 0.139100 0.119400 0.103900 0.129100
ThomsonGaz 0.062400 0.259700 0.085000 0.313400 0.083700 0.072400 0.052700 0.031200 0.108700 0.097700 0.062500 0.096100 0.041700 0.074700 0.105500 0.062000 0.167000 0.119700 0.084200 0.129700 0.041100 0.062900 0.096700 0.109100 0.063200 0.010200 0.063700 0.098100 0.052700 0.098000 0.097700 0.083800 0.160500 0.052800 0.063700 0.106500 0.052700 0.104400 0.041500 0.142300 0.096700 0.000000 0.087100 0.108200 0.075200 0.052200 0.085000 0.073500 0.105400 0.132000 0.093700 0.118500
MuntiacusC 0.085200 0.235400 0.063700 0.289700 0.085400 0.095700 0.075800 0.053700 0.110100 0.010400 0.053600 0.097600 0.043100 0.098600 0.119200 0.085000 0.110000 0.086400 0.085900 0.108000 0.064300 0.064100 0.031300 0.020900 0.053600 0.075300 0.065000 0.099300 0.076100 0.099200 0.010300 0.107600 0.116000 0.053800 0.064600 0.107700 0.053700 0.106100 0.064200 0.052400 0.031300 0.087100 0.000000 0.020500 0.076100 0.075100 0.109700 0.074800 0.130000 0.133600 0.094200 0.120000
WhiteTaile 0.105800 0.258200 0.062600 0.284200 0.083900 0.094100 0.096800 0.074700 0.107900 0.010100 0.074500 0.095900 0.064200 0.119900 0.140000 0.105600 0.131100 0.085700 0.106700 0.106000 0.085100 0.084900 0.030700 0.020200 0.074500 0.096200 0.086000 0.097400 0.097300 0.097300 0.010200 0.128300 0.092300 0.074700 0.085600 0.083700 0.074600 0.104300 0.085100 0.051500 0.030700 0.108200 0.020500 0.000000 0.074700 0.095900 0.107700 0.095600 0.127800 0.131200 0.093800 0.117700
Cattle 0.073600 0.276200 0.031100 0.301200 0.073800 0.062300 0.064100 0.042400 0.053100 0.086600 0.053100 0.020800 0.031900 0.086500 0.117900 0.073400 0.156300 0.108300 0.074200 0.073800 0.052900 0.052800 0.085800 0.097800 0.053100 0.063700 0.053500 0.042600 0.064400 0.042600 0.086600 0.095500 0.126400 0.042500 0.053200 0.030600 0.042400 0.094300 0.052800 0.131100 0.084700 0.075200 0.076100 0.074700 0.000000 0.063500 0.074900 0.085500 0.095100 0.120700 0.061600 0.063100
RoyalAntel 0.072300 0.270500 0.073200 0.295600 0.072500 0.082600 0.041600 0.020600 0.096300 0.085500 0.052100 0.084100 0.031400 0.063100 0.115900 0.051000 0.153500 0.129800 0.072900 0.117000 0.030800 0.051800 0.084700 0.096700 0.052100 0.041300 0.052500 0.085800 0.041700 0.085800 0.085500 0.051100 0.125100 0.041700 0.052200 0.094400 0.041600 0.092800 0.030800 0.129400 0.084700 0.052200 0.075100 0.095900 0.063500 0.000000 0.073600 0.062300 0.072100 0.119200 0.060900 0.106100
Steenbok 0.105600 0.287200 0.084600 0.311900 0.082800 0.093400 0.074300 0.052400 0.108200 0.120200 0.084900 0.095600 0.063800 0.096700 0.150200 0.083000 0.179100 0.142100 0.106000 0.118000 0.062700 0.084400 0.119100 0.120500 0.084900 0.073500 0.085500 0.097700 0.074300 0.097600 0.120200 0.105400 0.125100 0.074300 0.085000 0.106000 0.073700 0.081500 0.062700 0.165500 0.119100 0.085000 0.109700 0.107700 0.074900 0.073600 0.000000 0.096100 0.105000 0.143600 0.093300 0.118000
Impala 0.093900 0.215000 0.095100 0.295600 0.094600 0.103800 0.062900 0.040700 0.118900 0.085300 0.073300 0.106200 0.052500 0.084900 0.137800 0.071700 0.153100 0.129500 0.083500 0.139800 0.051500 0.072900 0.106900 0.096400 0.073300 0.061300 0.073900 0.108400 0.062800 0.108300 0.085300 0.072200 0.147300 0.062900 0.073500 0.094500 0.062800 0.113900 0.051000 0.106500 0.106900 0.073500 0.074800 0.095600 0.085500 0.062300 0.096100 0.000000 0.115500 0.142300 0.103600 0.128600
Klipspring 0.125300 0.301300 0.104500 0.288800 0.125600 0.113500 0.083200 0.072800 0.128200 0.140500 0.105300 0.115500 0.084400 0.105200 0.170600 0.103000 0.212000 0.138800 0.126300 0.148900 0.072400 0.104700 0.139100 0.152100 0.105300 0.093800 0.106000 0.117800 0.083400 0.095100 0.140500 0.113700 0.179500 0.094700 0.094000 0.125800 0.094600 0.145900 0.083000 0.185600 0.139100 0.105400 0.130000 0.127800 0.095100 0.072100 0.105000 0.115500 0.000000 0.115600 0.112800 0.126900
ForestMusk 0.129200 0.298500 0.130200 0.370100 0.106600 0.139800 0.108200 0.097600 0.132000 0.120600 0.108600 0.142400 0.087000 0.131500 0.164300 0.128800 0.193000 0.166400 0.130200 0.153100 0.097100 0.107900 0.119400 0.108800 0.108600 0.119500 0.109300 0.121300 0.108700 0.120000 0.120600 0.139800 0.172500 0.097700 0.096900 0.129000 0.097500 0.116300 0.108100 0.166000 0.119400 0.132000 0.133600 0.131200 0.120700 0.119200 0.143600 0.142300 0.115600 0.000000 0.138200 0.165200
Bushbuck 0.091800 0.291200 0.050400 0.288400 0.091900 0.080600 0.082800 0.061600 0.072100 0.104900 0.072000 0.082000 0.051500 0.104700 0.135100 0.091500 0.149900 0.126000 0.071300 0.092200 0.071800 0.071600 0.103900 0.116000 0.072000 0.082300 0.072500 0.061900 0.083200 0.061900 0.104900 0.091600 0.121500 0.061700 0.072100 0.091700 0.061600 0.111800 0.071700 0.125600 0.103900 0.093700 0.094200 0.093800 0.061600 0.060900 0.093300 0.103600 0.112800 0.138200 0.000000 0.081700
GreaterKud 0.116000 0.299300 0.051200 0.323200 0.116200 0.104100 0.107200 0.085000 0.051300 0.130400 0.095800 0.083900 0.074700 0.130000 0.161400 0.115700 0.164800 0.152200 0.117000 0.072600 0.095500 0.095300 0.129100 0.142500 0.095800 0.106400 0.096600 0.041800 0.107600 0.041900 0.130400 0.138400 0.169200 0.085200 0.095900 0.093700 0.085000 0.136600 0.095300 0.175600 0.129100 0.118500 0.120000 0.117700 0.063100 0.106100 0.118000 0.128600 0.126900 0.165200 0.081700 0.000000
