1
52 1
Argali 0.000000 0.133700 0.031000 0.138100 0.021700 0.012400 0.018600 0.018600 0.034100 0.041200 0.006100 0.015300 0.018700 0.024800 0.068300 0.012300 0.050400 0.047200 0.021600 0.047400 0.021700 0.003100 0.025100 0.041200 0.006100 0.015400 0.018600 0.031000 0.024900 0.027900 0.038100 0.015400 0.064300 0.021700 0.015500 0.015400 0.006200 0.012300 0.027900 0.056800 0.028200 0.015400 0.031400 0.050700 0.012300 0.028100 0.012300 0.015500 0.018700 0.034700 0.052900 0.024700
LesserMous 0.133700 0.000000 0.162700 0.172400 0.159700 0.126500 0.149300 0.156200 0.166100 0.139000 0.140900 0.151400 0.157300 0.160200 0.177700 0.148800 0.155600 0.159500 0.151900 0.179700 0.152000 0.129800 0.127500 0.154000 0.140900 0.152300 0.156600 0.167100 0.164300 0.159000 0.136100 0.152400 0.157300 0.152000 0.152700 0.148100 0.141400 0.148700 0.151400 0.163000 0.138400 0.152300 0.134900 0.168600 0.148000 0.165000 0.147700 0.152600 0.149900 0.153600 0.174500 0.154900
LesserKudu 0.031000 0.162700 0.000000 0.152400 0.040400 0.043900 0.037400 0.043800 0.015200 0.060400 0.030900 0.027600 0.037500 0.040500 0.081600 0.031000 0.076300 0.069800 0.040400 0.027800 0.040400 0.034100 0.044200 0.057100 0.030900 0.034100 0.037300 0.015200 0.043800 0.009100 0.057400 0.034100 0.091000 0.034000 0.034100 0.027700 0.031000 0.031000 0.046700 0.072900 0.047200 0.034100 0.050400 0.066800 0.024600 0.047100 0.030800 0.034100 0.037600 0.060500 0.032000 0.006000
KillerWhal 0.138100 0.172400 0.152400 0.000000 0.157000 0.134700 0.146400 0.153500 0.148300 0.147400 0.145600 0.148600 0.150800 0.157400 0.177600 0.146100 0.164400 0.153100 0.149200 0.173700 0.149300 0.142000 0.143500 0.147000 0.145600 0.149500 0.150000 0.160200 0.161600 0.148700 0.144400 0.146000 0.157900 0.145500 0.146200 0.145300 0.142400 0.145800 0.141200 0.160400 0.123900 0.149600 0.139400 0.161600 0.145200 0.154400 0.137500 0.149800 0.139200 0.154200 0.159600 0.144600
DefassaWat 0.021700 0.159700 0.040400 0.157000 0.000000 0.034400 0.028000 0.034300 0.043500 0.050800 0.021600 0.024600 0.028100 0.034300 0.071700 0.015400 0.066600 0.060100 0.031000 0.057000 0.031000 0.024800 0.034600 0.050800 0.021600 0.012300 0.028000 0.040500 0.028000 0.037300 0.047800 0.024800 0.081000 0.031000 0.024800 0.024700 0.021700 0.009000 0.037300 0.066500 0.037700 0.015400 0.040900 0.060400 0.021600 0.037600 0.021500 0.024800 0.028100 0.050800 0.062800 0.034000
Sheep 0.012400 0.126500 0.043900 0.134700 0.034400 0.000000 0.025000 0.031300 0.047000 0.041300 0.018600 0.027900 0.031500 0.037700 0.068400 0.025000 0.050500 0.047300 0.034400 0.060700 0.034400 0.015500 0.025200 0.041300 0.018600 0.028100 0.031300 0.043900 0.037800 0.040700 0.038200 0.028100 0.064500 0.034400 0.028100 0.028000 0.018700 0.024900 0.040800 0.057000 0.028300 0.028100 0.031500 0.054100 0.024800 0.041100 0.024800 0.028100 0.031500 0.034800 0.066300 0.037400
MaxwellsDu 0.018600 0.149300 0.037400 0.146400 0.028000 0.025000 0.000000 0.031300 0.040500 0.041300 0.018600 0.021600 0.025100 0.018600 0.068700 0.018700 0.057100 0.053900 0.028000 0.054100 0.028000 0.021800 0.025200 0.041300 0.018600 0.021800 0.025000 0.037500 0.031400 0.034300 0.038300 0.009300 0.071300 0.028100 0.021800 0.021700 0.018700 0.018600 0.034300 0.057000 0.028300 0.021800 0.031500 0.054100 0.018500 0.028200 0.018500 0.021800 0.025100 0.041300 0.059800 0.031100
GazellaPrz 0.018600 0.156200 0.043800 0.153500 0.034300 0.031300 0.031300 0.000000 0.046900 0.054300 0.024800 0.024700 0.031400 0.037600 0.082000 0.024900 0.060200 0.060300 0.034300 0.060500 0.034300 0.021700 0.038000 0.054300 0.024800 0.028000 0.031300 0.043800 0.037700 0.040600 0.051300 0.028000 0.077900 0.034300 0.028100 0.024800 0.024900 0.024900 0.040600 0.063400 0.041100 0.028000 0.044300 0.063900 0.021600 0.037800 0.024700 0.028100 0.031400 0.047700 0.066200 0.037300
MountainNy 0.034100 0.166100 0.015200 0.148300 0.043500 0.047000 0.040500 0.046900 0.000000 0.063600 0.034000 0.030700 0.040600 0.046800 0.084700 0.030900 0.079500 0.076300 0.043500 0.024000 0.043500 0.037200 0.047300 0.060300 0.034000 0.037200 0.040400 0.006000 0.043700 0.006000 0.060600 0.037200 0.094300 0.037100 0.037200 0.030800 0.034100 0.034100 0.049800 0.076000 0.050300 0.037200 0.053600 0.069900 0.027600 0.050200 0.033900 0.037200 0.040700 0.057000 0.029900 0.009000
MuntiacusM 0.041200 0.139000 0.060400 0.147400 0.050800 0.041300 0.041300 0.054300 0.063600 0.000000 0.041100 0.044100 0.048000 0.054200 0.082600 0.041200 0.060700 0.057500 0.050800 0.077900 0.050800 0.044400 0.025300 0.038300 0.041100 0.044400 0.047700 0.060500 0.054300 0.057200 0.015800 0.044400 0.068300 0.050800 0.044400 0.044200 0.041200 0.041100 0.057300 0.054000 0.025200 0.044400 0.015400 0.051100 0.041000 0.057800 0.040900 0.044400 0.048000 0.051500 0.083800 0.053800
goat 0.006100 0.140900 0.030900 0.145600 0.021600 0.018600 0.018600 0.024800 0.034000 0.041100 0.000000 0.015300 0.018600 0.024800 0.068400 0.012300 0.056800 0.053600 0.021600 0.047200 0.021600 0.009100 0.025000 0.034600 0.000000 0.015400 0.018500 0.030900 0.024800 0.027800 0.038000 0.015400 0.070900 0.021600 0.015400 0.015400 0.006100 0.012300 0.027800 0.050100 0.028100 0.015400 0.031300 0.044000 0.012200 0.028100 0.012200 0.015400 0.018700 0.041100 0.052900 0.024600
AfricanBuf 0.015300 0.151400 0.027600 0.148600 0.024600 0.027900 0.021600 0.024700 0.030700 0.044100 0.015300 0.000000 0.021700 0.027800 0.064700 0.015400 0.059800 0.056600 0.024600 0.043800 0.024600 0.018400 0.028100 0.044100 0.015300 0.018400 0.021600 0.027700 0.027900 0.024600 0.041100 0.018400 0.073900 0.024600 0.018500 0.006100 0.015400 0.015300 0.030800 0.059700 0.031200 0.018400 0.034300 0.053600 0.003000 0.031100 0.015200 0.018500 0.021700 0.044100 0.049400 0.021400
Topi 0.018700 0.157300 0.037500 0.150800 0.028100 0.031500 0.025100 0.031400 0.040600 0.048000 0.018600 0.021700 0.000000 0.031300 0.075800 0.018700 0.063900 0.060700 0.028100 0.050900 0.028100 0.021800 0.031700 0.048000 0.018600 0.021800 0.006100 0.037600 0.031400 0.034400 0.045000 0.021800 0.078400 0.009200 0.018700 0.021800 0.018700 0.018700 0.034400 0.063800 0.034800 0.021800 0.038100 0.057600 0.018600 0.034700 0.018600 0.021900 0.025200 0.048000 0.060000 0.031100
CommonDuik 0.024800 0.160200 0.040500 0.157400 0.034300 0.037700 0.018600 0.037600 0.046800 0.054200 0.024800 0.027800 0.031300 0.000000 0.078600 0.024900 0.066800 0.057000 0.031100 0.060400 0.024800 0.028000 0.037900 0.054200 0.024800 0.028000 0.031200 0.043700 0.037600 0.040500 0.051200 0.015400 0.081300 0.034300 0.028000 0.027900 0.024900 0.024800 0.037400 0.066600 0.041000 0.028000 0.044200 0.063800 0.024700 0.034500 0.024700 0.028000 0.031400 0.054200 0.066100 0.037200
Suni 0.068300 0.177700 0.081600 0.177600 0.071700 0.068400 0.068700 0.082000 0.084700 0.082600 0.068400 0.064700 0.075800 0.078600 0.000000 0.068500 0.088700 0.092300 0.071500 0.099600 0.071700 0.071900 0.068900 0.086200 0.068400 0.065000 0.075400 0.081600 0.075300 0.078200 0.083000 0.071800 0.110800 0.078600 0.071900 0.064900 0.068500 0.068500 0.074800 0.088400 0.072100 0.071800 0.075500 0.092600 0.061500 0.085700 0.064600 0.071800 0.075600 0.086200 0.092300 0.074700
Springbuck 0.012300 0.148800 0.031000 0.146100 0.015400 0.025000 0.018700 0.024900 0.030900 0.041200 0.012300 0.015400 0.018700 0.024900 0.068500 0.000000 0.056900 0.053600 0.021600 0.044100 0.021700 0.015400 0.025100 0.041200 0.012300 0.009200 0.018600 0.027900 0.012300 0.024700 0.038200 0.015400 0.071200 0.021700 0.015500 0.015400 0.012300 0.006100 0.027900 0.056800 0.028200 0.009200 0.031400 0.050700 0.012300 0.028100 0.012300 0.015500 0.018700 0.038000 0.049700 0.024700
Okapi 0.050400 0.155600 0.076300 0.164400 0.066600 0.050500 0.057100 0.060200 0.079500 0.060700 0.056800 0.059800 0.063900 0.066800 0.088700 0.056900 0.000000 0.034100 0.060000 0.094100 0.060000 0.053600 0.044400 0.060700 0.056800 0.060200 0.063600 0.076400 0.070200 0.073100 0.057700 0.060100 0.070400 0.066700 0.060300 0.060000 0.057000 0.056900 0.063200 0.063200 0.047400 0.060200 0.057300 0.073700 0.056700 0.073800 0.056600 0.053700 0.063900 0.060700 0.100000 0.069700
Giraffe 0.047200 0.159500 0.069800 0.153100 0.060100 0.047300 0.053900 0.060300 0.076300 0.057500 0.053600 0.056600 0.060700 0.057000 0.092300 0.053600 0.034100 0.000000 0.056800 0.090800 0.056800 0.050400 0.047700 0.057500 0.053600 0.056900 0.060400 0.073200 0.066900 0.069900 0.054500 0.056900 0.067200 0.063500 0.057000 0.056800 0.053800 0.053700 0.060000 0.066500 0.044200 0.050400 0.054000 0.070400 0.053500 0.070500 0.053400 0.050500 0.060700 0.064100 0.096700 0.066400
TibetanAnt 0.021600 0.151900 0.040400 0.149200 0.031000 0.034400 0.028000 0.034300 0.043500 0.050800 0.021600 0.024600 0.028100 0.031100 0.071500 0.021600 0.060000 0.056800 0.000000 0.057000 0.024700 0.024800 0.034600 0.050800 0.021600 0.024800 0.028000 0.040400 0.034300 0.037300 0.047800 0.024700 0.074200 0.031000 0.024800 0.024700 0.021700 0.021600 0.030900 0.056600 0.037700 0.024800 0.040900 0.060400 0.021500 0.037600 0.021500 0.024800 0.028100 0.047500 0.062700 0.034000
Sitatunga 0.047400 0.179700 0.027800 0.173700 0.057000 0.060700 0.054100 0.060500 0.024000 0.077900 0.047200 0.043800 0.050900 0.060400 0.099600 0.044100 0.094100 0.090800 0.057000 0.000000 0.057000 0.050600 0.061100 0.074500 0.047200 0.050500 0.050600 0.024600 0.057300 0.018400 0.074900 0.050500 0.109100 0.047200 0.050600 0.043900 0.047400 0.047400 0.063500 0.090500 0.064200 0.050600 0.067500 0.084300 0.040700 0.064000 0.047100 0.050600 0.054200 0.071100 0.036700 0.021200
Oribi 0.021700 0.152000 0.040400 0.149300 0.031000 0.034400 0.028000 0.034300 0.043500 0.050800 0.021600 0.024600 0.028100 0.024800 0.071700 0.021700 0.060000 0.056800 0.024700 0.057000 0.000000 0.024800 0.034600 0.050800 0.021600 0.024800 0.028000 0.040500 0.034300 0.037300 0.047800 0.024800 0.074200 0.031000 0.024800 0.024700 0.021700 0.021700 0.030900 0.059900 0.037700 0.024800 0.040900 0.060400 0.021600 0.037600 0.021500 0.024800 0.028100 0.047300 0.062700 0.034000
BarbaryShe 0.003100 0.129800 0.034100 0.142000 0.024800 0.015500 0.021800 0.021700 0.037200 0.044400 0.009100 0.018400 0.021800 0.028000 0.071900 0.015400 0.053600 0.050400 0.024800 0.050600 0.024800 0.000000 0.028300 0.044400 0.009100 0.018500 0.021700 0.034200 0.028100 0.031000 0.041400 0.018500 0.067600 0.024800 0.018600 0.018500 0.009200 0.015400 0.031000 0.060100 0.031400 0.018500 0.034600 0.054000 0.015400 0.031300 0.015400 0.018600 0.021800 0.037900 0.056300 0.027800
Daviddeer 0.025100 0.127500 0.044200 0.143500 0.034600 0.025200 0.025200 0.038000 0.047300 0.025300 0.025000 0.028100 0.031700 0.037900 0.068900 0.025100 0.044400 0.047700 0.034600 0.061100 0.034600 0.028300 0.000000 0.028600 0.025000 0.028300 0.031600 0.044200 0.038000 0.041000 0.022200 0.028300 0.051600 0.034700 0.028300 0.028200 0.025100 0.025100 0.041000 0.044300 0.015700 0.028300 0.022100 0.041300 0.025000 0.038100 0.024900 0.028300 0.031700 0.035100 0.066800 0.037700
Reindeer 0.041200 0.154000 0.057100 0.147000 0.050800 0.041300 0.041300 0.054300 0.060300 0.038300 0.034600 0.044100 0.048000 0.054200 0.086200 0.041200 0.060700 0.057500 0.050800 0.074500 0.050800 0.044400 0.028600 0.000000 0.034600 0.044400 0.047700 0.057200 0.054300 0.054000 0.031900 0.044300 0.068300 0.050800 0.044400 0.044200 0.038000 0.041100 0.057300 0.027900 0.025200 0.037800 0.034900 0.012400 0.041000 0.057800 0.040900 0.044400 0.048000 0.048200 0.076300 0.050600
Ibex 0.006100 0.140900 0.030900 0.145600 0.021600 0.018600 0.018600 0.024800 0.034000 0.041100 0.000000 0.015300 0.018600 0.024800 0.068400 0.012300 0.056800 0.053600 0.021600 0.047200 0.021600 0.009100 0.025000 0.034600 0.000000 0.015400 0.018500 0.030900 0.024800 0.027800 0.038000 0.015400 0.070900 0.021600 0.015400 0.015400 0.006100 0.012300 0.027800 0.050100 0.028100 0.015400 0.031300 0.044000 0.012200 0.028100 0.012200 0.015400 0.018700 0.041100 0.052900 0.024600
GyrantGaze 0.015400 0.152300 0.034100 0.149500 0.012300 0.028100 0.021800 0.028000 0.037200 0.044400 0.015400 0.018400 0.021800 0.028000 0.065000 0.009200 0.060200 0.056900 0.024800 0.050500 0.024800 0.018500 0.028300 0.044400 0.015400 0.000000 0.021700 0.034100 0.021700 0.031000 0.041300 0.018500 0.074400 0.024800 0.018600 0.018500 0.015400 0.009200 0.031000 0.060000 0.031300 0.012300 0.034500 0.053900 0.015400 0.031300 0.015300 0.018600 0.021800 0.044400 0.056200 0.027800
Hartebeest 0.018600 0.156600 0.037300 0.150000 0.028000 0.031300 0.025000 0.031300 0.040400 0.047700 0.018500 0.021600 0.006100 0.031200 0.075400 0.018600 0.063600 0.060400 0.028000 0.050600 0.028000 0.021700 0.031600 0.047700 0.018500 0.021700 0.000000 0.037400 0.031300 0.034200 0.044700 0.021700 0.078000 0.009200 0.021700 0.021600 0.018600 0.018600 0.034300 0.063400 0.034600 0.021700 0.037900 0.057300 0.018500 0.034500 0.018500 0.021700 0.025100 0.047700 0.059700 0.031000
Bongo 0.031000 0.167100 0.015200 0.160200 0.040500 0.043900 0.037500 0.043800 0.006000 0.060500 0.030900 0.027700 0.037600 0.043700 0.081600 0.027900 0.076400 0.073200 0.040400 0.024600 0.040500 0.034200 0.044200 0.057200 0.030900 0.034100 0.037400 0.000000 0.040600 0.006100 0.057500 0.034100 0.091200 0.037300 0.034200 0.027700 0.031100 0.031000 0.046800 0.073000 0.047300 0.034100 0.050500 0.066900 0.024600 0.047200 0.030800 0.034200 0.037600 0.054000 0.030100 0.009100
Gerenuk 0.024900 0.164300 0.043800 0.161600 0.028000 0.037800 0.031400 0.037700 0.043700 0.054300 0.024800 0.027900 0.031400 0.037600 0.075300 0.012300 0.070200 0.066900 0.034300 0.057300 0.034300 0.028100 0.038000 0.054300 0.024800 0.021700 0.031300 0.040600 0.000000 0.037400 0.051300 0.028000 0.084900 0.034400 0.028100 0.028000 0.024900 0.018600 0.040700 0.070100 0.041100 0.021700 0.044300 0.064000 0.024800 0.041000 0.024800 0.028100 0.031500 0.051100 0.063000 0.037300
CommonElan 0.027900 0.159000 0.009100 0.148700 0.037300 0.040700 0.034300 0.040600 0.006000 0.057200 0.027800 0.024600 0.034400 0.040500 0.078200 0.024700 0.073100 0.069900 0.037300 0.018400 0.037300 0.031000 0.041000 0.054000 0.027800 0.031000 0.034200 0.006100 0.037400 0.000000 0.054200 0.031000 0.087700 0.030900 0.031000 0.024600 0.027900 0.027900 0.043600 0.069700 0.044100 0.031000 0.047300 0.063600 0.021500 0.043900 0.027700 0.031000 0.034400 0.050700 0.023700 0.003000
MuntiacusR 0.038100 0.136100 0.057400 0.144400 0.047800 0.038200 0.038300 0.051300 0.060600 0.015800 0.038000 0.041100 0.045000 0.051200 0.083000 0.038200 0.057700 0.054500 0.047800 0.074900 0.047800 0.041400 0.022200 0.031900 0.038000 0.041300 0.044700 0.057500 0.051300 0.054200 0.000000 0.041300 0.065300 0.047800 0.041400 0.041200 0.038200 0.038100 0.054300 0.047600 0.022200 0.041300 0.012600 0.044700 0.037900 0.054800 0.037900 0.034900 0.045000 0.048400 0.080800 0.050800
HarveysDui 0.015400 0.152400 0.034100 0.146000 0.024800 0.028100 0.009300 0.028000 0.037200 0.044400 0.015400 0.018400 0.021800 0.015400 0.071800 0.015400 0.060100 0.056900 0.024700 0.050500 0.024800 0.018500 0.028300 0.044300 0.015400 0.018500 0.021700 0.034100 0.028000 0.031000 0.041300 0.000000 0.074400 0.024800 0.018600 0.018500 0.015400 0.015400 0.031000 0.053400 0.031300 0.018500 0.034500 0.053900 0.015400 0.024900 0.015300 0.018600 0.021800 0.044400 0.056200 0.027800
Pronghorn 0.064300 0.157300 0.091000 0.157900 0.081000 0.064500 0.071300 0.077900 0.094300 0.068300 0.070900 0.073900 0.078400 0.081300 0.110800 0.071200 0.070400 0.067200 0.074200 0.109100 0.074200 0.067600 0.051600 0.068300 0.070900 0.074400 0.078000 0.091200 0.084900 0.087700 0.065300 0.074400 0.000000 0.081100 0.067600 0.074200 0.071200 0.071000 0.077500 0.077400 0.054700 0.074400 0.064800 0.081500 0.070800 0.088500 0.064000 0.067700 0.078400 0.075100 0.115600 0.084100
BlueWildeb 0.021700 0.152000 0.034000 0.145500 0.031000 0.034400 0.028100 0.034300 0.037100 0.050800 0.021600 0.024600 0.009200 0.034300 0.078600 0.021700 0.066700 0.063500 0.031000 0.047200 0.031000 0.024800 0.034700 0.050800 0.021600 0.024800 0.009200 0.037300 0.034400 0.030900 0.047800 0.024800 0.081100 0.000000 0.024800 0.024700 0.021700 0.021700 0.037300 0.066500 0.037700 0.024800 0.040900 0.060400 0.021600 0.037600 0.021500 0.024800 0.028100 0.050900 0.056200 0.027700
Gemsbok 0.015500 0.152700 0.034100 0.146200 0.024800 0.028100 0.021800 0.028100 0.037200 0.044400 0.015400 0.018500 0.018700 0.028000 0.071900 0.015500 0.060300 0.057000 0.024800 0.050600 0.024800 0.018600 0.028300 0.044400 0.015400 0.018600 0.021700 0.034200 0.028100 0.031000 0.041400 0.018600 0.067600 0.024800 0.000000 0.018500 0.015500 0.015500 0.031100 0.060100 0.028200 0.018600 0.034600 0.054000 0.015400 0.028100 0.015400 0.012300 0.021900 0.044400 0.056300 0.027800
Yak 0.015400 0.148100 0.027700 0.145300 0.024700 0.028000 0.021700 0.024800 0.030800 0.044200 0.015400 0.006100 0.021800 0.027900 0.064900 0.015400 0.060000 0.056800 0.024700 0.043900 0.024700 0.018500 0.028200 0.044200 0.015400 0.018500 0.021600 0.027700 0.028000 0.024600 0.041200 0.018500 0.074200 0.024700 0.018500 0.000000 0.015400 0.015400 0.030900 0.059900 0.031300 0.018500 0.034400 0.053800 0.003000 0.031200 0.015300 0.018500 0.021800 0.044300 0.046300 0.021500
BlueSheep 0.006200 0.141400 0.031000 0.142400 0.021700 0.018700 0.018700 0.024900 0.034100 0.041200 0.006100 0.015400 0.018700 0.024900 0.068500 0.012300 0.057000 0.053800 0.021700 0.047400 0.021700 0.009200 0.025100 0.038000 0.006100 0.015400 0.018600 0.031100 0.024900 0.027900 0.038200 0.015400 0.071200 0.021700 0.015500 0.015400 0.000000 0.012300 0.027900 0.056900 0.028200 0.015400 0.031400 0.047500 0.012300 0.028200 0.012300 0.015500 0.018700 0.034700 0.046400 0.024700
BohorReedb 0.012300 0.148700 0.031000 0.145800 0.009000 0.024900 0.018600 0.024900 0.034100 0.041100 0.012300 0.015300 0.018700 0.024800 0.068500 0.006100 0.056900 0.053700 0.021600 0.047400 0.021700 0.015400 0.025100 0.041100 0.012300 0.009200 0.018600 0.031000 0.018600 0.027900 0.038100 0.015400 0.071000 0.021700 0.015500 0.015400 0.012300 0.000000 0.027900 0.056700 0.028200 0.009200 0.031400 0.050600 0.012300 0.028100 0.012300 0.015500 0.018700 0.041100 0.053000 0.024700
KirksDik 0.027900 0.151400 0.046700 0.141200 0.037300 0.040800 0.034300 0.040600 0.049800 0.057300 0.027800 0.030800 0.034400 0.037400 0.074800 0.027900 0.063200 0.060000 0.030900 0.063500 0.030900 0.031000 0.041000 0.057300 0.027800 0.031000 0.034300 0.046800 0.040700 0.043600 0.054300 0.031000 0.077500 0.037300 0.031100 0.030900 0.027900 0.027900 0.000000 0.066300 0.044100 0.031000 0.047300 0.066900 0.027800 0.044000 0.021500 0.031100 0.028100 0.055900 0.069200 0.040300
RoeDeer 0.056800 0.163000 0.072900 0.160400 0.066500 0.057000 0.057000 0.063400 0.076000 0.054000 0.050100 0.059700 0.063800 0.066600 0.088400 0.056800 0.063200 0.066500 0.056600 0.090500 0.059900 0.060100 0.044300 0.027900 0.050100 0.060000 0.063400 0.073000 0.070100 0.069700 0.047600 0.053400 0.077400 0.066500 0.060100 0.059900 0.056900 0.056700 0.066300 0.000000 0.040800 0.060000 0.050600 0.040400 0.056600 0.073600 0.056500 0.060100 0.063800 0.067300 0.096300 0.066200
WhiteLippe 0.028200 0.138400 0.047200 0.123900 0.037700 0.028300 0.028300 0.041100 0.050300 0.025200 0.028100 0.031200 0.034800 0.041000 0.072100 0.028200 0.047400 0.044200 0.037700 0.064200 0.037700 0.031400 0.015700 0.025200 0.028100 0.031300 0.034600 0.047300 0.041100 0.044100 0.022200 0.031300 0.054700 0.037700 0.028200 0.031300 0.028200 0.028200 0.044100 0.040800 0.000000 0.031400 0.022000 0.037900 0.028100 0.034700 0.028000 0.031400 0.034800 0.038200 0.069900 0.040700
ThomsonGaz 0.015400 0.152300 0.034100 0.149600 0.015400 0.028100 0.021800 0.028000 0.037200 0.044400 0.015400 0.018400 0.021800 0.028000 0.071800 0.009200 0.060200 0.050400 0.024800 0.050600 0.024800 0.018500 0.028300 0.037800 0.015400 0.012300 0.021700 0.034100 0.021700 0.031000 0.041300 0.018500 0.074400 0.024800 0.018600 0.018500 0.015400 0.009200 0.031000 0.060000 0.031400 0.000000 0.034500 0.047300 0.015400 0.031300 0.015300 0.018600 0.021800 0.044400 0.056200 0.027800
MuntiacusC 0.031400 0.134900 0.050400 0.139400 0.040900 0.031500 0.031500 0.044300 0.053600 0.015400 0.031300 0.034300 0.038100 0.044200 0.075500 0.031400 0.057300 0.054000 0.040900 0.067500 0.040900 0.034600 0.022100 0.034900 0.031300 0.034500 0.037900 0.050500 0.044300 0.047300 0.012600 0.034500 0.064800 0.040900 0.034600 0.034400 0.031400 0.031400 0.047300 0.050600 0.022000 0.034500 0.000000 0.047700 0.031200 0.047700 0.031200 0.034600 0.038100 0.041400 0.073300 0.043900
WhiteTaile 0.050700 0.168600 0.066800 0.161600 0.060400 0.054100 0.054100 0.063900 0.069900 0.051100 0.044000 0.053600 0.057600 0.063800 0.092600 0.050700 0.073700 0.070400 0.060400 0.084300 0.060400 0.054000 0.041300 0.012400 0.044000 0.053900 0.057300 0.066900 0.064000 0.063600 0.044700 0.053900 0.081500 0.060400 0.054000 0.053800 0.047500 0.050600 0.066900 0.040400 0.037900 0.047300 0.047700 0.000000 0.050500 0.067500 0.050400 0.054000 0.057600 0.061100 0.086100 0.060100
Cattle 0.012300 0.148000 0.024600 0.145200 0.021600 0.024800 0.018500 0.021600 0.027600 0.041000 0.012200 0.003000 0.018600 0.024700 0.061500 0.012300 0.056700 0.053500 0.021500 0.040700 0.021600 0.015400 0.025000 0.041000 0.012200 0.015400 0.018500 0.024600 0.024800 0.021500 0.037900 0.015400 0.070800 0.021600 0.015400 0.003000 0.012300 0.012300 0.027800 0.056600 0.028100 0.015400 0.031200 0.050500 0.000000 0.028000 0.012200 0.015400 0.018600 0.041000 0.046300 0.018300
RoyalAntel 0.028100 0.165000 0.047100 0.154400 0.037600 0.041100 0.028200 0.037800 0.050200 0.057800 0.028100 0.031100 0.034700 0.034500 0.085700 0.028100 0.073800 0.070500 0.037600 0.064000 0.037600 0.031300 0.038100 0.057800 0.028100 0.031300 0.034500 0.047200 0.041000 0.043900 0.054800 0.024900 0.088500 0.037600 0.028100 0.031200 0.028200 0.028100 0.044000 0.073600 0.034700 0.031300 0.047700 0.067500 0.028000 0.000000 0.028000 0.030700 0.034700 0.057800 0.069800 0.040600
Steenbok 0.012300 0.147700 0.030800 0.137500 0.021500 0.024800 0.018500 0.024700 0.033900 0.040900 0.012200 0.015200 0.018600 0.024700 0.064600 0.012300 0.056600 0.053400 0.021500 0.047100 0.021500 0.015400 0.024900 0.040900 0.012200 0.015300 0.018500 0.030800 0.024800 0.027700 0.037900 0.015300 0.064000 0.021500 0.015400 0.015300 0.012300 0.012300 0.021500 0.056500 0.028000 0.015300 0.031200 0.050400 0.012200 0.028000 0.000000 0.015400 0.018600 0.039200 0.052600 0.024500
Impala 0.015500 0.152600 0.034100 0.149800 0.024800 0.028100 0.021800 0.028100 0.037200 0.044400 0.015400 0.018500 0.021900 0.028000 0.071800 0.015500 0.053700 0.050500 0.024800 0.050600 0.024800 0.018600 0.028300 0.044400 0.015400 0.018600 0.021700 0.034200 0.028100 0.031000 0.034900 0.018600 0.067700 0.024800 0.012300 0.018500 0.015500 0.015500 0.031100 0.060100 0.031400 0.018600 0.034600 0.054000 0.015400 0.030700 0.015400 0.000000 0.021900 0.044500 0.056300 0.027800
Klipspring 0.018700 0.149900 0.037600 0.139200 0.028100 0.031500 0.025100 0.031400 0.040700 0.048000 0.018700 0.021700 0.025200 0.031400 0.075600 0.018700 0.063900 0.060700 0.028100 0.054200 0.028100 0.021800 0.031700 0.048000 0.018700 0.021800 0.025100 0.037600 0.031500 0.034400 0.045000 0.021800 0.078400 0.028100 0.021900 0.021800 0.018700 0.018700 0.028100 0.063800 0.034800 0.021800 0.038100 0.057600 0.018600 0.034700 0.018600 0.021900 0.000000 0.048000 0.059900 0.031200
ForestMusk 0.034700 0.153600 0.060500 0.154200 0.050800 0.034800 0.041300 0.047700 0.057000 0.051500 0.041100 0.044100 0.048000 0.054200 0.086200 0.038000 0.060700 0.064100 0.047500 0.071100 0.047300 0.037900 0.035100 0.048200 0.041100 0.044400 0.047700 0.054000 0.051100 0.050700 0.048400 0.044400 0.075100 0.050900 0.044400 0.044300 0.034700 0.041100 0.055900 0.067300 0.038200 0.044400 0.041400 0.061100 0.041000 0.057800 0.039200 0.044500 0.048000 0.000000 0.070200 0.053900
Bushbuck 0.052900 0.174500 0.032000 0.159600 0.062800 0.066300 0.059800 0.066200 0.029900 0.083800 0.052900 0.049400 0.060000 0.066100 0.092300 0.049700 0.100000 0.096700 0.062700 0.036700 0.062700 0.056300 0.066800 0.076300 0.052900 0.056200 0.059700 0.030100 0.063000 0.023700 0.080800 0.056200 0.115600 0.056200 0.056300 0.046300 0.046400 0.053000 0.069200 0.096300 0.069900 0.056200 0.073300 0.086100 0.046300 0.069800 0.052600 0.056300 0.059900 0.070200 0.000000 0.026800
GreaterKud 0.024700 0.154900 0.006000 0.144600 0.034000 0.037400 0.031100 0.037300 0.009000 0.053800 0.024600 0.021400 0.031100 0.037200 0.074700 0.024700 0.069700 0.066400 0.034000 0.021200 0.034000 0.027800 0.037700 0.050600 0.024600 0.027800 0.031000 0.009100 0.037300 0.003000 0.050800 0.027800 0.084100 0.027700 0.027800 0.021500 0.024700 0.024700 0.040300 0.066200 0.040700 0.027800 0.043900 0.060100 0.018300 0.040600 0.024500 0.027800 0.031200 0.053900 0.026800 0.000000
