CODONML (in paml version 4.10.7, June 2023)  /home/rachel/ruminants_paml/6406-phy-tree/ENSBTAT00000008097.fasta.phy
Model: free dN/dS Ratios for branches,  kappa = 2.000 fixed

Codon frequency model: F3x4
ns =  54  ls =  25

Codon usage in sequences
--------------------------------------------------------------------------------------------------------------------------------------
Phe TTT   0   0   0   0   0   0 | Ser TCT   1   1   1   1   1   1 | Tyr TAT   1   1   1   1   2   1 | Cys TGT   0   0   0   0   0   0
    TTC   0   0   0   0   0   0 |     TCC   0   0   0   0   0   0 |     TAC   0   0   0   0   0   1 |     TGC   0   0   0   0   0   0
Leu TTA   0   0   0   0   0   0 |     TCA   1   1   1   1   1   1 | *** TAA   0   0   0   0   0   0 | *** TGA   0   0   0   0   0   0
    TTG   0   0   0   0   0   0 |     TCG   0   0   0   0   0   0 |     TAG   0   0   0   0   0   0 | Trp TGG   0   0   0   0   0   0
--------------------------------------------------------------------------------------------------------------------------------------
Leu CTT   0   0   0   0   0   0 | Pro CCT   1   1   1   1   1   1 | His CAT   0   0   0   0   0   0 | Arg CGT   0   0   0   0   0   0
    CTC   0   0   0   0   0   0 |     CCC   0   0   0   0   0   0 |     CAC   0   0   0   0   0   0 |     CGC   0   0   0   0   0   0
    CTA   0   0   0   0   0   0 |     CCA   1   1   1   1   1   1 | Gln CAA   0   0   0   0   0   0 |     CGA   0   0   0   0   0   0
    CTG   1   1   1   1   1   1 |     CCG   0   0   0   0   0   0 |     CAG   1   1   1   1   1   1 |     CGG   0   0   0   0   0   0
--------------------------------------------------------------------------------------------------------------------------------------
Ile ATT   0   0   0   0   0   0 | Thr ACT   0   0   0   0   0   0 | Asn AAT   1   1   2   2   1   1 | Ser AGT   2   1   1   1   1   1
    ATC   1   2   1   1   1   1 |     ACC   0   0   0   0   0   0 |     AAC   0   2   0   0   0   0 |     AGC   0   0   0   0   0   0
    ATA   0   1   0   0   0   0 |     ACA   0   0   0   0   0   1 | Lys AAA   1   0   1   1   1   1 | Arg AGA   1   1   1   1   1   0
Met ATG   1   1   1   1   1   1 |     ACG   0   0   0   0   0   0 |     AAG   0   0   0   0   1   1 |     AGG   0   0   0   0   0   0
--------------------------------------------------------------------------------------------------------------------------------------
Val GTT   0   0   0   0   0   0 | Ala GCT   0   1   0   0   0   0 | Asp GAT   1   1   1   1   1   1 | Gly GGT   0   1   0   0   1   1
    GTC   1   0   1   1   1   1 |     GCC   1   1   1   1   1   1 |     GAC   0   0   0   0   0   0 |     GGC   1   0   1   1   0   0
    GTA   0   0   1   1   1   1 |     GCA   2   1   2   2   1   1 | Glu GAA   0   0   0   0   0   0 |     GGA   1   1   1   1   1   1
    GTG   2   1   1   1   1   1 |     GCG   0   0   0   0   0   0 |     GAG   1   1   1   1   1   1 |     GGG   1   1   1   1   1   1
--------------------------------------------------------------------------------------------------------------------------------------

--------------------------------------------------------------------------------------------------------------------------------------
Phe TTT   0   0   0   0   0   0 | Ser TCT   1   1   1   1   1   1 | Tyr TAT   1   1   1   1   1   1 | Cys TGT   0   0   0   0   0   0
    TTC   0   0   0   0   0   0 |     TCC   0   0   0   0   0   0 |     TAC   0   0   0   0   0   0 |     TGC   0   0   0   0   0   0
Leu TTA   0   0   0   0   0   0 |     TCA   1   1   1   1   1   1 | *** TAA   0   0   0   0   0   0 | *** TGA   0   0   0   0   0   0
    TTG   0   0   0   0   0   0 |     TCG   0   0   0   0   0   0 |     TAG   0   0   0   0   0   0 | Trp TGG   0   0   0   0   0   0
--------------------------------------------------------------------------------------------------------------------------------------
Leu CTT   0   0   0   0   0   0 | Pro CCT   1   1   1   1   1   1 | His CAT   0   0   0   0   0   0 | Arg CGT   0   0   0   0   0   0
    CTC   0   0   0   0   0   0 |     CCC   0   0   0   0   0   0 |     CAC   0   0   0   0   0   0 |     CGC   0   0   0   0   0   0
    CTA   0   0   0   0   0   0 |     CCA   1   1   1   1   1   1 | Gln CAA   0   0   0   0   0   0 |     CGA   0   0   0   0   0   0
    CTG   1   1   1   1   1   1 |     CCG   0   0   0   0   0   0 |     CAG   1   1   1   1   1   1 |     CGG   0   0   0   0   0   0
--------------------------------------------------------------------------------------------------------------------------------------
Ile ATT   0   0   0   0   0   0 | Thr ACT   0   0   0   0   0   0 | Asn AAT   1   1   2   1   2   2 | Ser AGT   1   2   1   1   1   1
    ATC   1   1   1   1   1   1 |     ACC   0   0   0   0   0   0 |     AAC   1   0   0   1   0   0 |     AGC   0   0   0   0   0   0
    ATA   0   0   0   0   0   0 |     ACA   0   0   0   0   0   0 | Lys AAA   1   1   1   2   1   1 | Arg AGA   1   1   1   0   1   1
Met ATG   1   1   1   1   1   1 |     ACG   0   0   0   0   0   0 |     AAG   0   0   0   0   0   0 |     AGG   0   0   0   0   0   0
--------------------------------------------------------------------------------------------------------------------------------------
Val GTT   0   0   0   0   0   0 | Ala GCT   0   0   0   0   0   0 | Asp GAT   1   1   1   1   1   1 | Gly GGT   0   0   0   0   0   0
    GTC   1   1   1   1   1   1 |     GCC   1   1   1   1   1   1 |     GAC   0   0   0   0   0   0 |     GGC   1   1   1   1   1   1
    GTA   0   0   1   0   1   1 |     GCA   2   2   2   2   2   2 | Glu GAA   0   0   0   0   0   0 |     GGA   1   1   1   1   1   1
    GTG   2   2   1   2   1   1 |     GCG   0   0   0   0   0   0 |     GAG   1   1   1   1   1   1 |     GGG   1   1   1   1   1   1
--------------------------------------------------------------------------------------------------------------------------------------

--------------------------------------------------------------------------------------------------------------------------------------
Phe TTT   0   0   0   0   0   0 | Ser TCT   1   1   1   1   1   1 | Tyr TAT   1   1   1   1   1   1 | Cys TGT   0   0   0   0   0   0
    TTC   0   0   0   0   0   0 |     TCC   0   0   0   0   0   0 |     TAC   0   0   0   0   0   0 |     TGC   0   0   0   0   0   0
Leu TTA   0   0   0   0   0   0 |     TCA   1   1   1   1   1   1 | *** TAA   0   0   0   0   0   0 | *** TGA   0   0   0   0   0   0
    TTG   0   0   0   0   0   0 |     TCG   0   0   0   0   0   0 |     TAG   0   0   0   0   0   0 | Trp TGG   0   0   0   0   0   0
--------------------------------------------------------------------------------------------------------------------------------------
Leu CTT   0   0   0   0   0   0 | Pro CCT   1   1   1   1   1   1 | His CAT   0   0   0   0   0   0 | Arg CGT   0   0   0   0   0   0
    CTC   0   0   0   0   0   0 |     CCC   0   0   0   0   0   0 |     CAC   0   0   0   0   0   0 |     CGC   0   0   0   0   0   0
    CTA   0   0   0   0   0   0 |     CCA   1   1   1   1   1   1 | Gln CAA   0   0   0   0   0   0 |     CGA   0   0   0   0   0   0
    CTG   1   1   1   1   1   1 |     CCG   0   0   0   0   0   0 |     CAG   1   1   1   1   1   1 |     CGG   0   0   0   0   0   0
--------------------------------------------------------------------------------------------------------------------------------------
Ile ATT   0   0   0   0   0   0 | Thr ACT   0   0   0   0   0   0 | Asn AAT   2   2   2   2   2   1 | Ser AGT   1   1   1   1   1   1
    ATC   1   1   1   1   1   1 |     ACC   0   0   0   0   0   0 |     AAC   0   0   0   0   0   1 |     AGC   0   0   0   0   0   0
    ATA   0   0   0   0   0   0 |     ACA   0   0   0   0   0   0 | Lys AAA   1   1   1   1   1   2 | Arg AGA   1   1   1   1   1   0
Met ATG   1   1   1   1   1   1 |     ACG   0   0   0   0   0   0 |     AAG   0   0   0   0   0   0 |     AGG   0   0   0   0   0   0
--------------------------------------------------------------------------------------------------------------------------------------
Val GTT   0   0   0   0   0   0 | Ala GCT   0   0   0   0   0   0 | Asp GAT   1   1   1   1   0   1 | Gly GGT   0   0   0   0   0   0
    GTC   1   1   1   1   1   1 |     GCC   1   1   1   1   1   1 |     GAC   0   0   0   0   1   0 |     GGC   1   1   1   1   1   1
    GTA   0   1   0   1   0   0 |     GCA   2   2   2   2   2   2 | Glu GAA   0   0   0   0   0   0 |     GGA   1   1   1   1   1   1
    GTG   2   1   2   1   2   2 |     GCG   0   0   0   0   0   0 |     GAG   1   1   1   1   1   1 |     GGG   1   1   1   1   1   1
--------------------------------------------------------------------------------------------------------------------------------------

--------------------------------------------------------------------------------------------------------------------------------------
Phe TTT   0   0   0   0   0   0 | Ser TCT   1   1   1   1   1   1 | Tyr TAT   1   1   1   1   1   1 | Cys TGT   0   0   0   0   0   0
    TTC   0   0   0   0   0   0 |     TCC   0   0   0   0   0   0 |     TAC   0   0   0   0   0   0 |     TGC   0   0   0   0   0   0
Leu TTA   0   0   0   0   0   0 |     TCA   1   1   1   1   1   1 | *** TAA   0   0   0   0   0   0 | *** TGA   0   0   0   0   0   0
    TTG   0   0   0   0   0   0 |     TCG   0   0   0   0   0   0 |     TAG   0   0   0   0   0   0 | Trp TGG   0   0   0   0   0   0
--------------------------------------------------------------------------------------------------------------------------------------
Leu CTT   0   0   0   0   0   0 | Pro CCT   1   1   1   1   1   1 | His CAT   0   0   0   0   0   0 | Arg CGT   0   0   0   0   0   0
    CTC   0   0   0   0   0   0 |     CCC   0   0   0   0   0   0 |     CAC   0   0   0   0   0   0 |     CGC   0   0   0   0   0   0
    CTA   0   0   0   0   0   0 |     CCA   1   1   1   1   1   1 | Gln CAA   0   0   0   0   0   0 |     CGA   0   0   0   0   0   0
    CTG   1   1   1   1   1   1 |     CCG   0   0   0   0   0   0 |     CAG   1   1   1   1   1   1 |     CGG   0   0   0   0   0   0
--------------------------------------------------------------------------------------------------------------------------------------
Ile ATT   1   1   0   0   0   0 | Thr ACT   0   0   0   0   0   0 | Asn AAT   2   2   2   2   1   1 | Ser AGT   1   1   1   1   1   2
    ATC   0   0   1   1   1   1 |     ACC   0   0   0   0   0   0 |     AAC   0   0   0   0   1   0 |     AGC   0   0   0   0   0   0
    ATA   0   0   0   0   0   0 |     ACA   1   1   0   0   0   0 | Lys AAA   1   1   1   1   0   1 | Arg AGA   1   1   1   1   1   1
Met ATG   1   1   1   1   1   1 |     ACG   0   0   0   0   0   0 |     AAG   0   0   0   0   1   0 |     AGG   0   0   0   0   0   0
--------------------------------------------------------------------------------------------------------------------------------------
Val GTT   0   0   0   0   0   0 | Ala GCT   0   0   0   0   0   0 | Asp GAT   1   1   1   1   1   1 | Gly GGT   0   0   0   0   0   0
    GTC   1   1   1   1   1   1 |     GCC   1   1   1   1   1   1 |     GAC   0   0   0   0   0   0 |     GGC   1   1   1   1   1   1
    GTA   1   1   0   1   0   0 |     GCA   1   1   2   2   1   2 | Glu GAA   0   0   0   0   0   0 |     GGA   1   1   1   1   2   1
    GTG   1   1   2   1   2   2 |     GCG   0   0   0   0   0   0 |     GAG   1   1   1   1   1   1 |     GGG   1   1   1   1   1   1
--------------------------------------------------------------------------------------------------------------------------------------

--------------------------------------------------------------------------------------------------------------------------------------
Phe TTT   0   0   0   0   0   0 | Ser TCT   1   1   1   1   1   1 | Tyr TAT   1   1   1   1   1   1 | Cys TGT   0   0   0   0   0   0
    TTC   0   0   0   0   0   0 |     TCC   0   0   0   0   0   0 |     TAC   0   0   0   0   0   0 |     TGC   0   0   0   0   0   0
Leu TTA   0   0   0   0   0   0 |     TCA   1   1   1   1   1   1 | *** TAA   0   0   0   0   0   0 | *** TGA   0   0   0   0   0   0
    TTG   0   0   0   0   0   0 |     TCG   0   0   0   0   0   0 |     TAG   0   0   0   0   0   0 | Trp TGG   0   0   0   0   0   0
--------------------------------------------------------------------------------------------------------------------------------------
Leu CTT   0   0   0   0   0   0 | Pro CCT   1   1   1   1   1   1 | His CAT   0   0   0   0   0   0 | Arg CGT   0   0   0   0   0   0
    CTC   0   0   0   0   0   0 |     CCC   0   0   0   0   0   0 |     CAC   0   0   0   0   0   0 |     CGC   0   0   0   0   0   0
    CTA   1   0   0   0   0   0 |     CCA   1   1   1   1   1   1 | Gln CAA   0   0   0   0   0   0 |     CGA   0   0   0   0   0   0
    CTG   0   1   1   1   1   1 |     CCG   0   0   0   0   0   0 |     CAG   1   1   1   1   1   1 |     CGG   0   0   0   0   0   0
--------------------------------------------------------------------------------------------------------------------------------------
Ile ATT   0   0   0   0   0   0 | Thr ACT   0   0   0   0   0   0 | Asn AAT   1   2   2   1   2   2 | Ser AGT   1   1   1   1   1   1
    ATC   2   1   1   1   1   1 |     ACC   0   0   0   0   0   0 |     AAC   1   0   0   1   0   0 |     AGC   0   0   0   0   0   0
    ATA   0   0   0   0   0   0 |     ACA   0   0   0   0   0   0 | Lys AAA   1   1   1   2   1   1 | Arg AGA   1   1   1   0   1   1
Met ATG   1   1   1   1   1   1 |     ACG   0   0   0   0   0   0 |     AAG   0   0   0   0   0   0 |     AGG   0   0   0   0   0   0
--------------------------------------------------------------------------------------------------------------------------------------
Val GTT   0   0   0   0   0   0 | Ala GCT   0   0   0   0   0   0 | Asp GAT   1   1   1   1   1   1 | Gly GGT   0   0   0   0   0   0
    GTC   0   1   1   1   1   1 |     GCC   1   1   1   1   1   1 |     GAC   0   0   0   0   0   0 |     GGC   1   1   1   1   1   1
    GTA   1   1   0   0   0   1 |     GCA   2   2   2   2   2   2 | Glu GAA   0   0   0   0   0   0 |     GGA   1   1   1   1   1   1
    GTG   1   1   2   2   2   1 |     GCG   0   0   0   0   0   0 |     GAG   1   1   1   1   1   1 |     GGG   1   1   1   1   1   1
--------------------------------------------------------------------------------------------------------------------------------------

--------------------------------------------------------------------------------------------------------------------------------------
Phe TTT   0   0   0   0   0   0 | Ser TCT   1   1   1   1   1   1 | Tyr TAT   1   1   1   1   1   1 | Cys TGT   0   0   0   0   0   0
    TTC   0   0   0   0   0   0 |     TCC   0   0   0   0   0   0 |     TAC   0   0   0   0   0   0 |     TGC   0   0   0   0   0   0
Leu TTA   0   0   0   0   0   0 |     TCA   1   1   1   1   1   1 | *** TAA   0   0   0   0   0   0 | *** TGA   0   0   0   0   0   0
    TTG   0   0   0   0   0   0 |     TCG   0   0   0   0   0   0 |     TAG   0   0   0   0   0   0 | Trp TGG   0   0   0   0   0   0
--------------------------------------------------------------------------------------------------------------------------------------
Leu CTT   0   0   0   0   0   0 | Pro CCT   1   1   1   1   1   1 | His CAT   0   0   0   0   0   0 | Arg CGT   0   0   0   0   0   0
    CTC   0   0   0   0   0   0 |     CCC   0   0   0   0   0   0 |     CAC   0   0   0   0   0   0 |     CGC   0   0   0   0   0   0
    CTA   0   0   0   0   0   0 |     CCA   1   1   1   1   1   1 | Gln CAA   0   0   0   0   0   0 |     CGA   0   0   0   0   0   0
    CTG   1   1   1   1   1   1 |     CCG   0   0   0   0   0   0 |     CAG   1   1   1   1   1   1 |     CGG   0   0   0   0   0   0
--------------------------------------------------------------------------------------------------------------------------------------
Ile ATT   0   0   0   0   1   0 | Thr ACT   0   0   0   0   0   0 | Asn AAT   1   2   2   2   2   2 | Ser AGT   1   1   1   1   1   1
    ATC   1   1   1   1   0   1 |     ACC   0   0   0   0   0   0 |     AAC   1   0   0   0   0   0 |     AGC   0   0   0   0   0   0
    ATA   0   0   0   0   0   0 |     ACA   0   0   0   0   0   0 | Lys AAA   1   1   1   1   1   1 | Arg AGA   1   1   1   1   1   1
Met ATG   1   1   1   1   1   1 |     ACG   0   0   0   0   0   0 |     AAG   0   0   0   0   0   0 |     AGG   0   0   0   0   0   0
--------------------------------------------------------------------------------------------------------------------------------------
Val GTT   0   0   0   0   0   0 | Ala GCT   0   0   0   0   0   0 | Asp GAT   1   1   1   1   1   1 | Gly GGT   0   0   0   0   0   0
    GTC   1   1   1   1   1   1 |     GCC   1   1   1   1   2   1 |     GAC   0   0   0   0   0   0 |     GGC   1   1   1   1   1   1
    GTA   0   1   1   1   1   0 |     GCA   2   2   2   2   1   2 | Glu GAA   0   0   0   0   0   0 |     GGA   1   1   1   1   1   1
    GTG   2   1   1   1   1   2 |     GCG   0   0   0   0   0   0 |     GAG   1   1   1   1   1   1 |     GGG   1   1   1   1   1   1
--------------------------------------------------------------------------------------------------------------------------------------

--------------------------------------------------------------------------------------------------------------------------------------
Phe TTT   0   0   0   0   0   0 | Ser TCT   1   1   1   1   1   1 | Tyr TAT   1   1   1   1   1   1 | Cys TGT   0   0   0   0   0   0
    TTC   0   0   0   0   0   0 |     TCC   0   0   0   0   0   0 |     TAC   0   0   0   0   0   0 |     TGC   0   0   0   0   0   0
Leu TTA   0   0   0   0   0   0 |     TCA   1   1   1   1   1   1 | *** TAA   0   0   0   0   0   0 | *** TGA   0   0   0   0   0   0
    TTG   0   0   0   0   0   0 |     TCG   0   0   0   0   0   0 |     TAG   0   0   0   0   0   0 | Trp TGG   0   0   0   0   0   0
--------------------------------------------------------------------------------------------------------------------------------------
Leu CTT   0   0   0   0   0   0 | Pro CCT   1   1   1   1   1   1 | His CAT   0   0   0   0   0   1 | Arg CGT   0   0   0   0   0   0
    CTC   0   0   0   0   0   0 |     CCC   0   0   0   0   0   0 |     CAC   0   0   0   0   0   0 |     CGC   0   0   0   0   0   0
    CTA   0   0   0   0   0   0 |     CCA   1   1   1   1   1   1 | Gln CAA   0   0   0   0   0   0 |     CGA   0   0   0   0   0   0
    CTG   1   1   1   1   1   1 |     CCG   0   0   0   0   0   0 |     CAG   1   1   1   1   1   1 |     CGG   0   0   0   0   0   0
--------------------------------------------------------------------------------------------------------------------------------------
Ile ATT   0   0   0   0   0   0 | Thr ACT   0   0   0   0   0   0 | Asn AAT   2   2   2   1   1   1 | Ser AGT   1   1   1   1   1   1
    ATC   1   1   1   1   1   1 |     ACC   0   0   0   0   0   0 |     AAC   0   0   0   1   1   0 |     AGC   0   0   0   0   0   0
    ATA   0   0   0   0   0   0 |     ACA   0   0   0   0   0   0 | Lys AAA   1   1   1   1   1   1 | Arg AGA   1   1   1   1   1   1
Met ATG   1   1   1   1   1   1 |     ACG   0   0   0   0   0   0 |     AAG   0   0   0   0   0   0 |     AGG   0   0   0   0   0   0
--------------------------------------------------------------------------------------------------------------------------------------
Val GTT   0   0   0   0   0   0 | Ala GCT   0   0   0   0   0   0 | Asp GAT   1   1   1   1   1   1 | Gly GGT   0   0   0   0   0   0
    GTC   1   1   1   1   1   1 |     GCC   1   1   1   1   1   1 |     GAC   0   0   0   0   0   0 |     GGC   0   1   1   1   1   1
    GTA   0   1   0   0   0   1 |     GCA   2   2   2   2   2   2 | Glu GAA   0   0   0   0   0   0 |     GGA   1   1   1   1   1   1
    GTG   2   1   2   2   2   1 |     GCG   0   0   0   0   0   0 |     GAG   1   1   1   1   1   1 |     GGG   2   1   1   1   1   1
--------------------------------------------------------------------------------------------------------------------------------------

--------------------------------------------------------------------------------------------------------------------------------------
Phe TTT   0   0   0   0   0   0 | Ser TCT   1   1   1   1   1   1 | Tyr TAT   1   1   1   1   1   1 | Cys TGT   0   0   0   0   0   0
    TTC   0   0   0   0   0   0 |     TCC   0   0   0   0   0   0 |     TAC   0   0   0   0   0   0 |     TGC   0   0   0   0   0   0
Leu TTA   0   0   0   0   0   0 |     TCA   1   1   1   1   1   1 | *** TAA   0   0   0   0   0   0 | *** TGA   0   0   0   0   0   0
    TTG   0   0   0   0   0   0 |     TCG   0   0   0   0   0   0 |     TAG   0   0   0   0   0   0 | Trp TGG   0   0   0   0   0   0
--------------------------------------------------------------------------------------------------------------------------------------
Leu CTT   0   0   0   0   0   0 | Pro CCT   1   1   1   1   1   1 | His CAT   0   0   0   0   0   0 | Arg CGT   0   0   0   0   0   0
    CTC   0   0   0   0   0   0 |     CCC   0   0   0   0   0   0 |     CAC   0   0   0   0   0   0 |     CGC   0   0   0   0   0   0
    CTA   1   0   0   0   0   0 |     CCA   1   1   1   1   1   1 | Gln CAA   0   0   0   0   0   0 |     CGA   0   0   0   0   0   0
    CTG   0   1   1   1   1   1 |     CCG   0   0   0   0   0   0 |     CAG   1   1   1   1   1   1 |     CGG   0   0   0   0   0   0
--------------------------------------------------------------------------------------------------------------------------------------
Ile ATT   0   0   0   0   0   0 | Thr ACT   0   0   0   0   0   0 | Asn AAT   1   1   2   1   2   2 | Ser AGT   1   1   1   2   1   1
    ATC   2   1   1   1   1   1 |     ACC   0   0   0   0   0   0 |     AAC   1   1   0   0   0   0 |     AGC   0   0   0   0   0   0
    ATA   0   0   0   0   0   0 |     ACA   0   0   0   0   0   0 | Lys AAA   1   2   1   1   1   1 | Arg AGA   1   0   1   1   1   1
Met ATG   1   1   1   1   1   1 |     ACG   0   0   0   0   0   0 |     AAG   0   0   0   0   0   0 |     AGG   0   0   0   0   0   0
--------------------------------------------------------------------------------------------------------------------------------------
Val GTT   0   0   0   0   0   0 | Ala GCT   0   0   0   0   0   0 | Asp GAT   1   1   1   1   1   1 | Gly GGT   0   0   0   0   0   0
    GTC   0   1   1   1   1   1 |     GCC   1   1   1   1   1   1 |     GAC   0   0   0   0   0   0 |     GGC   1   1   1   1   1   1
    GTA   1   0   1   1   1   0 |     GCA   2   2   2   2   2   2 | Glu GAA   0   0   0   0   0   0 |     GGA   1   1   1   1   1   1
    GTG   1   2   1   1   1   2 |     GCG   0   0   0   0   0   0 |     GAG   1   1   1   1   1   1 |     GGG   1   1   1   1   1   1
--------------------------------------------------------------------------------------------------------------------------------------

--------------------------------------------------------------------------------------------------------------------------------------
Phe TTT   0   0   0   0   0   0 | Ser TCT   1   1   2   1   1   1 | Tyr TAT   1   1   1   1   1   1 | Cys TGT   0   0   0   0   0   0
    TTC   0   0   0   0   0   0 |     TCC   0   0   0   0   0   0 |     TAC   0   0   0   0   0   0 |     TGC   0   0   0   0   0   0
Leu TTA   0   0   0   0   0   0 |     TCA   1   1   0   1   1   1 | *** TAA   0   0   0   0   0   0 | *** TGA   0   0   0   0   0   0
    TTG   0   0   0   0   0   0 |     TCG   0   0   0   0   0   0 |     TAG   0   0   0   0   0   0 | Trp TGG   0   0   0   0   0   0
--------------------------------------------------------------------------------------------------------------------------------------
Leu CTT   0   0   0   0   0   0 | Pro CCT   1   1   1   1   1   1 | His CAT   0   0   0   0   0   0 | Arg CGT   0   0   0   0   0   0
    CTC   0   0   0   0   0   0 |     CCC   0   0   0   0   0   0 |     CAC   0   0   0   0   0   0 |     CGC   0   0   0   0   0   0
    CTA   0   0   0   0   0   0 |     CCA   1   1   1   1   1   1 | Gln CAA   0   0   0   0   0   0 |     CGA   0   0   0   0   0   0
    CTG   1   1   1   1   1   1 |     CCG   0   0   0   0   0   0 |     CAG   1   1   1   1   1   1 |     CGG   0   0   0   0   0   0
--------------------------------------------------------------------------------------------------------------------------------------
Ile ATT   0   0   0   0   0   0 | Thr ACT   0   0   0   0   0   0 | Asn AAT   2   2   2   2   2   2 | Ser AGT   1   1   1   1   1   1
    ATC   1   1   1   1   1   1 |     ACC   0   0   0   0   0   0 |     AAC   0   0   0   0   0   0 |     AGC   0   0   0   0   0   0
    ATA   0   0   0   0   0   0 |     ACA   0   0   0   0   0   0 | Lys AAA   1   1   1   1   1   1 | Arg AGA   1   1   1   1   1   1
Met ATG   1   1   1   1   1   1 |     ACG   0   0   0   0   0   0 |     AAG   0   0   0   0   0   0 |     AGG   0   0   0   0   0   0
--------------------------------------------------------------------------------------------------------------------------------------
Val GTT   0   0   0   0   0   0 | Ala GCT   0   0   0   0   0   0 | Asp GAT   1   1   1   1   1   1 | Gly GGT   0   0   0   0   0   0
    GTC   1   1   1   1   1   1 |     GCC   1   1   1   1   1   1 |     GAC   0   0   0   0   0   0 |     GGC   1   1   1   1   1   1
    GTA   0   0   0   1   1   1 |     GCA   2   2   2   2   2   2 | Glu GAA   0   0   0   0   0   0 |     GGA   1   1   1   1   1   1
    GTG   2   2   2   1   1   1 |     GCG   0   0   0   0   0   0 |     GAG   1   1   1   1   1   1 |     GGG   1   1   1   1   1   1
--------------------------------------------------------------------------------------------------------------------------------------

Codon position x base (3x4) table for each sequence.

#1: Argali         
position  1:    T:0.12000    C:0.16000    A:0.28000    G:0.44000
position  2:    T:0.24000    C:0.28000    A:0.24000    G:0.24000
position  3:    T:0.28000    C:0.16000    A:0.28000    G:0.28000
Average         T:0.21333    C:0.20000    A:0.26667    G:0.32000

#2: LesserMouseDeer
position  1:    T:0.12000    C:0.16000    A:0.36000    G:0.36000
position  2:    T:0.24000    C:0.28000    A:0.28000    G:0.20000
position  3:    T:0.32000    C:0.20000    A:0.24000    G:0.24000
Average         T:0.22667    C:0.21333    A:0.29333    G:0.26667

#3: LesserKudu     
position  1:    T:0.12000    C:0.16000    A:0.28000    G:0.44000
position  2:    T:0.24000    C:0.28000    A:0.28000    G:0.20000
position  3:    T:0.28000    C:0.16000    A:0.32000    G:0.24000
Average         T:0.21333    C:0.20000    A:0.29333    G:0.29333

#4: ForestMuskDeer2
position  1:    T:0.12000    C:0.16000    A:0.28000    G:0.44000
position  2:    T:0.24000    C:0.28000    A:0.28000    G:0.20000
position  3:    T:0.28000    C:0.16000    A:0.32000    G:0.24000
Average         T:0.21333    C:0.20000    A:0.29333    G:0.29333

#5: Camel          
position  1:    T:0.16000    C:0.16000    A:0.28000    G:0.40000
position  2:    T:0.24000    C:0.24000    A:0.32000    G:0.20000
position  3:    T:0.32000    C:0.12000    A:0.28000    G:0.28000
Average         T:0.24000    C:0.17333    A:0.29333    G:0.29333

#6: KillerWhale    
position  1:    T:0.16000    C:0.16000    A:0.28000    G:0.40000
position  2:    T:0.24000    C:0.28000    A:0.32000    G:0.16000
position  3:    T:0.28000    C:0.16000    A:0.28000    G:0.28000
Average         T:0.22667    C:0.20000    A:0.29333    G:0.28000

#7: DefassaWaterbuck
position  1:    T:0.12000    C:0.16000    A:0.28000    G:0.44000
position  2:    T:0.24000    C:0.28000    A:0.28000    G:0.20000
position  3:    T:0.24000    C:0.20000    A:0.28000    G:0.28000
Average         T:0.20000    C:0.21333    A:0.28000    G:0.30667

#8: Sheep          
position  1:    T:0.12000    C:0.16000    A:0.28000    G:0.44000
position  2:    T:0.24000    C:0.28000    A:0.24000    G:0.24000
position  3:    T:0.28000    C:0.16000    A:0.28000    G:0.28000
Average         T:0.21333    C:0.20000    A:0.26667    G:0.32000

#9: MaxwellsDuiker 
position  1:    T:0.12000    C:0.16000    A:0.28000    G:0.44000
position  2:    T:0.24000    C:0.28000    A:0.28000    G:0.20000
position  3:    T:0.28000    C:0.16000    A:0.32000    G:0.24000
Average         T:0.21333    C:0.20000    A:0.29333    G:0.29333

#10: GazellaPrzewalskyi
position  1:    T:0.12000    C:0.16000    A:0.28000    G:0.44000
position  2:    T:0.24000    C:0.28000    A:0.32000    G:0.16000
position  3:    T:0.24000    C:0.20000    A:0.28000    G:0.28000
Average         T:0.20000    C:0.21333    A:0.29333    G:0.29333

#11: MountainNyala  
position  1:    T:0.12000    C:0.16000    A:0.28000    G:0.44000
position  2:    T:0.24000    C:0.28000    A:0.28000    G:0.20000
position  3:    T:0.28000    C:0.16000    A:0.32000    G:0.24000
Average         T:0.21333    C:0.20000    A:0.29333    G:0.29333

#12: MuntiacusMuntjak
position  1:    T:0.12000    C:0.16000    A:0.28000    G:0.44000
position  2:    T:0.24000    C:0.28000    A:0.28000    G:0.20000
position  3:    T:0.28000    C:0.16000    A:0.32000    G:0.24000
Average         T:0.21333    C:0.20000    A:0.29333    G:0.29333

#13: goat           
position  1:    T:0.12000    C:0.16000    A:0.28000    G:0.44000
position  2:    T:0.24000    C:0.28000    A:0.28000    G:0.20000
position  3:    T:0.28000    C:0.16000    A:0.28000    G:0.28000
Average         T:0.21333    C:0.20000    A:0.28000    G:0.30667

#14: AfricanBuffalo 
position  1:    T:0.12000    C:0.16000    A:0.28000    G:0.44000
position  2:    T:0.24000    C:0.28000    A:0.28000    G:0.20000
position  3:    T:0.28000    C:0.16000    A:0.32000    G:0.24000
Average         T:0.21333    C:0.20000    A:0.29333    G:0.29333

#15: Topi           
position  1:    T:0.12000    C:0.16000    A:0.28000    G:0.44000
position  2:    T:0.24000    C:0.28000    A:0.28000    G:0.20000
position  3:    T:0.28000    C:0.16000    A:0.28000    G:0.28000
Average         T:0.21333    C:0.20000    A:0.28000    G:0.30667

#16: CommonDuiker   
position  1:    T:0.12000    C:0.16000    A:0.28000    G:0.44000
position  2:    T:0.24000    C:0.28000    A:0.28000    G:0.20000
position  3:    T:0.28000    C:0.16000    A:0.32000    G:0.24000
Average         T:0.21333    C:0.20000    A:0.29333    G:0.29333

#17: Suni           
position  1:    T:0.12000    C:0.16000    A:0.28000    G:0.44000
position  2:    T:0.24000    C:0.28000    A:0.28000    G:0.20000
position  3:    T:0.24000    C:0.20000    A:0.28000    G:0.28000
Average         T:0.20000    C:0.21333    A:0.28000    G:0.30667

#18: Springbuck     
position  1:    T:0.12000    C:0.16000    A:0.28000    G:0.44000
position  2:    T:0.24000    C:0.28000    A:0.32000    G:0.16000
position  3:    T:0.24000    C:0.20000    A:0.28000    G:0.28000
Average         T:0.20000    C:0.21333    A:0.29333    G:0.29333

#19: Okapi          
position  1:    T:0.12000    C:0.16000    A:0.32000    G:0.40000
position  2:    T:0.24000    C:0.28000    A:0.28000    G:0.20000
position  3:    T:0.32000    C:0.12000    A:0.32000    G:0.24000
Average         T:0.22667    C:0.18667    A:0.30667    G:0.28000

#20: Giraffe        
position  1:    T:0.12000    C:0.16000    A:0.32000    G:0.40000
position  2:    T:0.24000    C:0.28000    A:0.28000    G:0.20000
position  3:    T:0.32000    C:0.12000    A:0.32000    G:0.24000
Average         T:0.22667    C:0.18667    A:0.30667    G:0.28000

#21: TibetanAntelope
position  1:    T:0.12000    C:0.16000    A:0.28000    G:0.44000
position  2:    T:0.24000    C:0.28000    A:0.28000    G:0.20000
position  3:    T:0.28000    C:0.16000    A:0.28000    G:0.28000
Average         T:0.21333    C:0.20000    A:0.28000    G:0.30667

#22: Sitatunga      
position  1:    T:0.12000    C:0.16000    A:0.28000    G:0.44000
position  2:    T:0.24000    C:0.28000    A:0.28000    G:0.20000
position  3:    T:0.28000    C:0.16000    A:0.32000    G:0.24000
Average         T:0.21333    C:0.20000    A:0.29333    G:0.29333

#23: Oribi          
position  1:    T:0.12000    C:0.16000    A:0.28000    G:0.44000
position  2:    T:0.24000    C:0.24000    A:0.28000    G:0.24000
position  3:    T:0.24000    C:0.20000    A:0.24000    G:0.32000
Average         T:0.20000    C:0.20000    A:0.26667    G:0.33333

#24: BarbarySheep   
position  1:    T:0.12000    C:0.16000    A:0.28000    G:0.44000
position  2:    T:0.24000    C:0.28000    A:0.24000    G:0.24000
position  3:    T:0.28000    C:0.16000    A:0.28000    G:0.28000
Average         T:0.21333    C:0.20000    A:0.26667    G:0.32000

#25: Daviddeer      
position  1:    T:0.12000    C:0.16000    A:0.32000    G:0.40000
position  2:    T:0.24000    C:0.28000    A:0.28000    G:0.20000
position  3:    T:0.24000    C:0.20000    A:0.36000    G:0.20000
Average         T:0.20000    C:0.21333    A:0.32000    G:0.26667

#26: Reindeer       
position  1:    T:0.12000    C:0.16000    A:0.28000    G:0.44000
position  2:    T:0.24000    C:0.28000    A:0.28000    G:0.20000
position  3:    T:0.28000    C:0.16000    A:0.32000    G:0.24000
Average         T:0.21333    C:0.20000    A:0.29333    G:0.29333

#27: Ibex           
position  1:    T:0.12000    C:0.16000    A:0.28000    G:0.44000
position  2:    T:0.24000    C:0.28000    A:0.28000    G:0.20000
position  3:    T:0.28000    C:0.16000    A:0.28000    G:0.28000
Average         T:0.21333    C:0.20000    A:0.28000    G:0.30667

#28: GyrantGazelle  
position  1:    T:0.12000    C:0.16000    A:0.28000    G:0.44000
position  2:    T:0.24000    C:0.28000    A:0.32000    G:0.16000
position  3:    T:0.24000    C:0.20000    A:0.28000    G:0.28000
Average         T:0.20000    C:0.21333    A:0.29333    G:0.29333

#29: Hartebeest     
position  1:    T:0.12000    C:0.16000    A:0.28000    G:0.44000
position  2:    T:0.24000    C:0.28000    A:0.28000    G:0.20000
position  3:    T:0.28000    C:0.16000    A:0.28000    G:0.28000
Average         T:0.21333    C:0.20000    A:0.28000    G:0.30667

#30: Bongo          
position  1:    T:0.12000    C:0.16000    A:0.28000    G:0.44000
position  2:    T:0.24000    C:0.28000    A:0.28000    G:0.20000
position  3:    T:0.28000    C:0.16000    A:0.32000    G:0.24000
Average         T:0.21333    C:0.20000    A:0.29333    G:0.29333

#31: Gerenuk        
position  1:    T:0.12000    C:0.16000    A:0.28000    G:0.44000
position  2:    T:0.24000    C:0.28000    A:0.28000    G:0.20000
position  3:    T:0.24000    C:0.20000    A:0.28000    G:0.28000
Average         T:0.20000    C:0.21333    A:0.28000    G:0.30667

#32: CommonEland    
position  1:    T:0.12000    C:0.16000    A:0.28000    G:0.44000
position  2:    T:0.24000    C:0.28000    A:0.28000    G:0.20000
position  3:    T:0.28000    C:0.16000    A:0.32000    G:0.24000
Average         T:0.21333    C:0.20000    A:0.29333    G:0.29333

#33: MuntiacusReevesi
position  1:    T:0.12000    C:0.16000    A:0.28000    G:0.44000
position  2:    T:0.24000    C:0.28000    A:0.28000    G:0.20000
position  3:    T:0.28000    C:0.16000    A:0.32000    G:0.24000
Average         T:0.21333    C:0.20000    A:0.29333    G:0.29333

#34: HarveysDuiker  
position  1:    T:0.12000    C:0.16000    A:0.28000    G:0.44000
position  2:    T:0.24000    C:0.28000    A:0.28000    G:0.20000
position  3:    T:0.28000    C:0.16000    A:0.32000    G:0.24000
Average         T:0.21333    C:0.20000    A:0.29333    G:0.29333

#35: Pronghorn      
position  1:    T:0.12000    C:0.16000    A:0.28000    G:0.44000
position  2:    T:0.24000    C:0.28000    A:0.28000    G:0.20000
position  3:    T:0.32000    C:0.16000    A:0.28000    G:0.24000
Average         T:0.22667    C:0.20000    A:0.28000    G:0.29333

#36: BlueWildebeest 
position  1:    T:0.12000    C:0.16000    A:0.28000    G:0.44000
position  2:    T:0.24000    C:0.28000    A:0.28000    G:0.20000
position  3:    T:0.28000    C:0.16000    A:0.28000    G:0.28000
Average         T:0.21333    C:0.20000    A:0.28000    G:0.30667

#37: Gemsbok        
position  1:    T:0.12000    C:0.16000    A:0.28000    G:0.44000
position  2:    T:0.24000    C:0.28000    A:0.28000    G:0.20000
position  3:    T:0.28000    C:0.12000    A:0.28000    G:0.32000
Average         T:0.21333    C:0.18667    A:0.28000    G:0.32000

#38: Yak            
position  1:    T:0.12000    C:0.16000    A:0.28000    G:0.44000
position  2:    T:0.24000    C:0.28000    A:0.28000    G:0.20000
position  3:    T:0.28000    C:0.16000    A:0.32000    G:0.24000
Average         T:0.21333    C:0.20000    A:0.29333    G:0.29333

#39: BlueSheep      
position  1:    T:0.12000    C:0.16000    A:0.28000    G:0.44000
position  2:    T:0.24000    C:0.28000    A:0.28000    G:0.20000
position  3:    T:0.28000    C:0.16000    A:0.28000    G:0.28000
Average         T:0.21333    C:0.20000    A:0.28000    G:0.30667

#40: BohorReedbuck  
position  1:    T:0.12000    C:0.16000    A:0.28000    G:0.44000
position  2:    T:0.24000    C:0.28000    A:0.28000    G:0.20000
position  3:    T:0.24000    C:0.20000    A:0.28000    G:0.28000
Average         T:0.20000    C:0.21333    A:0.28000    G:0.30667

#41: KirksDik       
position  1:    T:0.12000    C:0.16000    A:0.28000    G:0.44000
position  2:    T:0.24000    C:0.28000    A:0.28000    G:0.20000
position  3:    T:0.24000    C:0.20000    A:0.28000    G:0.28000
Average         T:0.20000    C:0.21333    A:0.28000    G:0.30667

#42: RoeDeer        
position  1:    T:0.12000    C:0.20000    A:0.24000    G:0.44000
position  2:    T:0.24000    C:0.28000    A:0.28000    G:0.20000
position  3:    T:0.28000    C:0.16000    A:0.32000    G:0.24000
Average         T:0.21333    C:0.21333    A:0.28000    G:0.29333

#43: WhiteLippedDeer
position  1:    T:0.12000    C:0.16000    A:0.32000    G:0.40000
position  2:    T:0.24000    C:0.28000    A:0.28000    G:0.20000
position  3:    T:0.24000    C:0.20000    A:0.36000    G:0.20000
Average         T:0.20000    C:0.21333    A:0.32000    G:0.26667

#44: ThomsonGazelle 
position  1:    T:0.12000    C:0.16000    A:0.28000    G:0.44000
position  2:    T:0.24000    C:0.28000    A:0.32000    G:0.16000
position  3:    T:0.24000    C:0.20000    A:0.28000    G:0.28000
Average         T:0.20000    C:0.21333    A:0.29333    G:0.29333

#45: MuntiacusCrinifrons
position  1:    T:0.12000    C:0.16000    A:0.28000    G:0.44000
position  2:    T:0.24000    C:0.28000    A:0.28000    G:0.20000
position  3:    T:0.28000    C:0.16000    A:0.32000    G:0.24000
Average         T:0.21333    C:0.20000    A:0.29333    G:0.29333

#46: WhiteTailedDeer
position  1:    T:0.12000    C:0.16000    A:0.28000    G:0.44000
position  2:    T:0.24000    C:0.28000    A:0.24000    G:0.24000
position  3:    T:0.28000    C:0.16000    A:0.32000    G:0.24000
Average         T:0.21333    C:0.20000    A:0.28000    G:0.30667

#47: Cattle         
position  1:    T:0.12000    C:0.16000    A:0.28000    G:0.44000
position  2:    T:0.24000    C:0.28000    A:0.28000    G:0.20000
position  3:    T:0.28000    C:0.16000    A:0.32000    G:0.24000
Average         T:0.21333    C:0.20000    A:0.29333    G:0.29333

#48: RoyalAntelope  
position  1:    T:0.12000    C:0.16000    A:0.28000    G:0.44000
position  2:    T:0.24000    C:0.28000    A:0.28000    G:0.20000
position  3:    T:0.28000    C:0.16000    A:0.28000    G:0.28000
Average         T:0.21333    C:0.20000    A:0.28000    G:0.30667

#49: Steenbok       
position  1:    T:0.12000    C:0.16000    A:0.28000    G:0.44000
position  2:    T:0.24000    C:0.28000    A:0.28000    G:0.20000
position  3:    T:0.28000    C:0.16000    A:0.28000    G:0.28000
Average         T:0.21333    C:0.20000    A:0.28000    G:0.30667

#50: Impala         
position  1:    T:0.12000    C:0.16000    A:0.28000    G:0.44000
position  2:    T:0.24000    C:0.28000    A:0.28000    G:0.20000
position  3:    T:0.28000    C:0.16000    A:0.28000    G:0.28000
Average         T:0.21333    C:0.20000    A:0.28000    G:0.30667

#51: Klipspringer   
position  1:    T:0.12000    C:0.16000    A:0.28000    G:0.44000
position  2:    T:0.24000    C:0.28000    A:0.28000    G:0.20000
