CODONML (in paml version 4.10.7, June 2023)  /home/rachel/ruminants_paml/6406-phy-tree/ENSBTAT00000022448.fasta.phy
Model: free dN/dS Ratios for branches,  kappa = 2.000 fixed

Codon frequency model: F3x4
ns =  54  ls = 255

Codon usage in sequences
--------------------------------------------------------------------------------------------------------------------------------------
Phe TTT   2   2   2   2   3   1 | Ser TCT   9   8   9   8   9   9 | Tyr TAT   3   3   3   3   3   3 | Cys TGT   3   3   3   3   3   3
    TTC   3   3   3   3   2   4 |     TCC  10  11  10  10  13  10 |     TAC   3   3   3   3   3   3 |     TGC   4   4   4   4   4   4
Leu TTA   0   0   1   0   3   2 |     TCA   7   8   6   8   6   7 | *** TAA   0   0   0   0   0   0 | *** TGA   0   0   0   0   0   0
    TTG   3   3   3   3   2   2 |     TCG   4   2   5   3   1   1 |     TAG   0   0   0   0   0   0 | Trp TGG   2   2   2   2   2   2
--------------------------------------------------------------------------------------------------------------------------------------
Leu CTT   1   0   1   3   1   1 | Pro CCT   7   7   7   7   6   6 | His CAT   4   3   4   4   4   5 | Arg CGT   2   2   2   2   3   3
    CTC   5   6   5   3   5   5 |     CCC   3   5   3   3   2   3 |     CAC   3   4   3   3   3   3 |     CGC   2   1   2   2   0   0
    CTA   3   4   3   3   1   2 |     CCA   5   4   5   5   4   5 | Gln CAA   4   3   4   4   4   3 |     CGA   2   4   2   2   3   2
    CTG   5   3   5   5   4   4 |     CCG   0   2   0   0   2   1 |     CAG   6   6   6   6   6   7 |     CGG   0   1   0   0   0   2
--------------------------------------------------------------------------------------------------------------------------------------
Ile ATT   2   2   2   2   3   4 | Thr ACT   4   5   4   4   5   3 | Asn AAT   3   1   4   4   4   1 | Ser AGT   8   7   7   7   7   8
    ATC   1   1   1   1   0   0 |     ACC   6   6   5   5   7   6 |     AAC   1   3   1   1   1   2 |     AGC   4   4   4   5   4   3
    ATA   4   3   3   4   4   2 |     ACA   4   2   2   3   5   5 | Lys AAA   7   7   7   7   8   7 | Arg AGA   6   3   6   6   5   6
Met ATG   7   7   7   7   7   7 |     ACG   0   1   0   1   0   0 |     AAG  11  10  11  11  12  10 |     AGG   3   6   3   3   4   4
--------------------------------------------------------------------------------------------------------------------------------------
Val GTT   3   3   4   4   5   4 | Ala GCT   4   4   3   3   3   5 | Asp GAT   8   6   8   8   9   9 | Gly GGT   0   1   1   0   1   1
    GTC   6   8   5   5   5   4 |     GCC   3   4   4   5   3   3 |     GAC   5   7   5   5   5   5 |     GGC   6   7   5   6   5   7
    GTA   1   0   3   2   1   3 |     GCA  11   7  11  11  11  12 | Glu GAA   7   8   7   5   7   6 |     GGA   5   5   5   5   5   5
    GTG   3   5   3   3   3   4 |     GCG   2   1   3   1   1   1 |     GAG  11  10  11  13   9  11 |     GGG   4   4   4   4   4   4
--------------------------------------------------------------------------------------------------------------------------------------

--------------------------------------------------------------------------------------------------------------------------------------
Phe TTT   2   2   2   2   2   2 | Ser TCT   9   9  10  10  10   8 | Tyr TAT   3   3   3   4   3   3 | Cys TGT   3   3   3   3   3   3
    TTC   3   3   3   3   3   3 |     TCC  10  10  10   9   9  10 |     TAC   3   3   3   2   3   3 |     TGC   5   4   4   4   4   4
Leu TTA   0   0   0   0   1   0 |     TCA   6   7   7   7   6   7 | *** TAA   0   0   0   0   0   0 | *** TGA   0   0   0   0   0   0
    TTG   3   3   3   3   3   3 |     TCG   5   4   4   4   5   3 |     TAG   0   0   0   0   0   0 | Trp TGG   2   2   2   2   2   2
--------------------------------------------------------------------------------------------------------------------------------------
Leu CTT   1   1   1   1   1   1 | Pro CCT   7   7   6   7   8   7 | His CAT   4   4   4   3   4   4 | Arg CGT   2   2   2   2   2   2
    CTC   5   5   6   5   5   5 |     CCC   3   3   3   3   2   3 |     CAC   3   3   3   4   3   3 |     CGC   2   2   2   2   2   1
    CTA   3   3   2   3   3   3 |     CCA   5   5   5   5   5   6 | Gln CAA   4   4   4   4   4   4 |     CGA   2   2   1   2   2   3
    CTG   5   5   5   5   5   5 |     CCG   0   0   0   0   0   0 |     CAG   6   6   6   6   6   6 |     CGG   0   0   0   0   0   0
--------------------------------------------------------------------------------------------------------------------------------------
Ile ATT   2   2   2   2   2   2 | Thr ACT   4   4   4   5   4   6 | Asn AAT   4   3   3   3   4   3 | Ser AGT   7   8   7   8   7   8
    ATC   1   1   1   1   1   1 |     ACC   6   6   6   5   5   6 |     AAC   1   1   1   1   1   1 |     AGC   4   4   5   5   4   4
    ATA   4   4   4   3   3   4 |     ACA   4   4   4   4   2   3 | Lys AAA   7   7   7   7   7   7 | Arg AGA   6   6   7   6   6   6
Met ATG   7   7   7   7   7   7 |     ACG   0   0   0   0   0   0 |     AAG  11  11  11  11  11  11 |     AGG   3   3   3   3   3   3
--------------------------------------------------------------------------------------------------------------------------------------
Val GTT   4   3   4   4   4   4 | Ala GCT   4   4   4   3   4   3 | Asp GAT   8   8   8   8   8   8 | Gly GGT   0   0   0   0   1   0
    GTC   5   6   5   5   5   5 |     GCC   4   3   3   4   3   3 |     GAC   5   5   5   5   5   5 |     GGC   5   6   6   5   5   6
    GTA   1   1   1   2   3   1 |     GCA  10  11  10  11  11  10 | Glu GAA   7   7   7   7   7   7 |     GGA   5   5   5   5   5   5
    GTG   3   3   3   3   3   4 |     GCG   2   2   3   2   3   3 |     GAG  11  11  11  11  11  11 |     GGG   4   4   4   4   4   4
--------------------------------------------------------------------------------------------------------------------------------------

--------------------------------------------------------------------------------------------------------------------------------------
Phe TTT   2   2   2   2   2   2 | Ser TCT   9   9   9   9   9   9 | Tyr TAT   3   3   3   3   3   4 | Cys TGT   3   3   3   3   2   3
    TTC   3   3   3   3   3   3 |     TCC  10  10  10  10   9  10 |     TAC   3   3   3   3   3   2 |     TGC   4   4   4   4   5   4
Leu TTA   0   0   0   0   0   0 |     TCA   7   6   7   7   7   7 | *** TAA   0   0   0   0   0   0 | *** TGA   0   0   0   0   0   0
    TTG   3   3   3   3   3   3 |     TCG   4   5   4   4   4   4 |     TAG   0   0   0   0   0   0 | Trp TGG   2   2   2   2   2   2
--------------------------------------------------------------------------------------------------------------------------------------
Leu CTT   1   1   2   1   1   1 | Pro CCT   7   8   7   7   7   7 | His CAT   4   4   4   4   3   3 | Arg CGT   2   2   2   2   2   2
    CTC   5   5   5   5   5   5 |     CCC   3   2   3   3   4   3 |     CAC   3   3   3   3   5   4 |     CGC   2   2   2   2   2   2
    CTA   3   3   3   3   4   3 |     CCA   5   5   4   5   4   5 | Gln CAA   4   4   4   4   3   4 |     CGA   2   2   2   2   2   2
    CTG   5   5   4   5   5   5 |     CCG   0   0   1   0   1   0 |     CAG   6   6   6   6   6   6 |     CGG   0   0   1   0   0   0
--------------------------------------------------------------------------------------------------------------------------------------
Ile ATT   2   2   1   2   2   2 | Thr ACT   4   4   4   5   5   4 | Asn AAT   3   3   3   3   4   3 | Ser AGT   8   8   8   8   7   8
    ATC   1   1   2   1   1   1 |     ACC   6   4   6   5   5   6 |     AAC   1   1   1   1   1   1 |     AGC   4   4   4   4   5   4
    ATA   4   4   4   4   2   3 |     ACA   4   3   4   3   3   3 | Lys AAA   7   6   7   6   6   7 | Arg AGA   5   6   6   7   6   6
Met ATG   7   7   7   7   7   7 |     ACG   0   0   0   0   0   1 |     AAG  11  12  11  11  11  11 |     AGG   4   3   3   3   3   3
--------------------------------------------------------------------------------------------------------------------------------------
Val GTT   3   4   4   4   4   4 | Ala GCT   4   4   4   4   3   4 | Asp GAT   8   8   9   8   7   8 | Gly GGT   0   1   0   0   0   0
    GTC   6   5   5   6   4   5 |     GCC   3   5   3   3   4   3 |     GAC   5   5   4   5   6   5 |     GGC   6   5   6   6   6   6
    GTA   1   3   1   0   3   2 |     GCA  12  10  10  10  12  11 | Glu GAA   7   8   6   7   7   7 |     GGA   5   6   5   5   5   5
    GTG   3   3   3   4   3   3 |     GCG   1   2   3   3   2   2 |     GAG  11  10  12  11  11  11 |     GGG   4   3   3   4   4   4
--------------------------------------------------------------------------------------------------------------------------------------

--------------------------------------------------------------------------------------------------------------------------------------
Phe TTT   3   3   2   2   2   2 | Ser TCT   9   8   8  10   8   9 | Tyr TAT   3   3   3   3   4   3 | Cys TGT   3   3   3   3   3   3
    TTC   2   2   3   3   3   3 |     TCC   9  10  11   9  10  10 |     TAC   3   3   3   3   2   3 |     TGC   5   5   4   4   4   4
Leu TTA   0   0   0   1   0   0 |     TCA   8   9   7   6   7   7 | *** TAA   0   0   0   0   0   0 | *** TGA   0   0   0   0   0   0
    TTG   3   3   3   3   3   3 |     TCG   3   2   4   5   4   4 |     TAG   0   0   0   0   0   0 | Trp TGG   2   2   2   2   2   2
--------------------------------------------------------------------------------------------------------------------------------------
Leu CTT   1   1   1   1   1   1 | Pro CCT   7   7   7   8   7   7 | His CAT   3   3   4   4   3   4 | Arg CGT   2   2   2   2   2   2
    CTC   5   5   5   5   5   5 |     CCC   3   3   3   2   3   3 |     CAC   4   4   3   3   4   3 |     CGC   1   1   2   2   2   2
    CTA   3   3   3   3   3   3 |     CCA   5   4   5   5   5   5 | Gln CAA   4   4   4   4   4   4 |     CGA   3   3   2   2   2   2
    CTG   5   5   5   5   5   5 |     CCG   0   1   0   0   0   0 |     CAG   6   6   6   6   6   6 |     CGG   0   0   0   0   0   0
--------------------------------------------------------------------------------------------------------------------------------------
Ile ATT   2   2   2   2   2   2 | Thr ACT   5   5   5   4   4   4 | Asn AAT   4   4   3   4   3   3 | Ser AGT   6   7   8   7   8   8
    ATC   1   1   1   1   1   1 |     ACC   6   5   5   5   6   6 |     AAC   1   1   1   1   1   1 |     AGC   6   5   4   4   4   4
    ATA   4   4   4   3   2   4 |     ACA   3   3   4   2   4   4 | Lys AAA   7   7   7   7   7   7 | Arg AGA   6   6   6   6   6   6
Met ATG   7   7   7   7   7   7 |     ACG   0   0   0   0   0   0 |     AAG  11  11  11  11  11  11 |     AGG   2   2   3   3   3   3
--------------------------------------------------------------------------------------------------------------------------------------
Val GTT   4   3   3   4   4   3 | Ala GCT   3   3   4   3   4   4 | Asp GAT   7   7   8   8   8   8 | Gly GGT   0   0   0   1   0   0
    GTC   5   6   6   5   5   6 |     GCC   4   5   3   4   4   3 |     GAC   6   7   5   5   5   5 |     GGC   5   5   6   5   6   6
    GTA   1   0   1   3   3   2 |     GCA  11   9  11  11  11  11 | Glu GAA   6   6   7   7   7   7 |     GGA   5   5   5   5   5   5
    GTG   4   5   3   3   3   2 |     GCG   2   4   2   3   2   2 |     GAG  12  11  11  11  11  11 |     GGG   4   4   4   4   4   4
--------------------------------------------------------------------------------------------------------------------------------------

--------------------------------------------------------------------------------------------------------------------------------------
Phe TTT   1   2   2   2   2   2 | Ser TCT   8   8   9  10   9  10 | Tyr TAT   2   3   3   4   3   3 | Cys TGT   3   3   3   3   3   3
    TTC   4   3   3   3   3   3 |     TCC  11   9  10  10  10   9 |     TAC   4   3   3   2   3   3 |     TGC   4   4   4   4   4   4
Leu TTA   0   0   0   0   0   1 |     TCA   5   6   7   7   7   6 | *** TAA   0   0   0   0   0   0 | *** TGA   0   0   0   0   0   0
    TTG   3   2   3   3   3   3 |     TCG   4   4   4   3   4   5 |     TAG   0   0   0   0   0   0 | Trp TGG   2   2   2   2   2   2
--------------------------------------------------------------------------------------------------------------------------------------
Leu CTT   1   1   1   1   2   1 | Pro CCT   6   8   7   6   7   8 | His CAT   3   4   4   3   4   4 | Arg CGT   2   2   2   2   2   2
    CTC   4   5   5   5   5   5 |     CCC   4   3   3   4   3   2 |     CAC   3   3   3   4   3   3 |     CGC   2   1   2   2   2   2
    CTA   3   4   3   3   3   3 |     CCA   6   6   5   5   4   5 | Gln CAA   4   4   4   4   4   4 |     CGA   3   3   2   2   2   2
    CTG   5   5   5   5   4   5 |     CCG   0   0   0   0   1   0 |     CAG   7   6   6   6   6   6 |     CGG   0   0   0   0   0   0
--------------------------------------------------------------------------------------------------------------------------------------
Ile ATT   2   2   2   2   2   2 | Thr ACT   6   6   4   4   3   4 | Asn AAT   3   3   3   3   3   4 | Ser AGT   8   8   8   7   8   7
    ATC   1   1   1   1   1   1 |     ACC   6   5   6   5   6   5 |     AAC   1   1   1   2   1   1 |     AGC   4   4   4   5   4   4
    ATA   2   3   4   3   4   3 |     ACA   3   2   4   4   4   2 | Lys AAA   6   7   8   7   7   7 | Arg AGA   6   6   5   6   7   6
Met ATG   7   8   7   7   7   7 |     ACG   1   1   0   0   0   0 |     AAG  10  11  10  11  11  11 |     AGG   4   3   4   3   2   3
--------------------------------------------------------------------------------------------------------------------------------------
Val GTT   4   4   3   4   5   4 | Ala GCT   3   3   4   3   4   4 | Asp GAT   8   8   8   8   9   8 | Gly GGT   0   0   0   0   0   1
    GTC   5   4   6   5   5   5 |     GCC   3   4   3   4   3   3 |     GAC   5   5   5   5   4   5 |     GGC   6   7   6   6   6   5
    GTA   2   1   1   2   1   3 |     GCA  11  10  11  11  10  11 | Glu GAA   7   7   7   7   8   7 |     GGA   5   5   5   5   5   5
    GTG   4   4   3   3   3   3 |     GCG   3   3   2   2   3   3 |     GAG  11  11  11  11  10  11 |     GGG   4   4   4   4   4   4
--------------------------------------------------------------------------------------------------------------------------------------

--------------------------------------------------------------------------------------------------------------------------------------
Phe TTT   2   2   2   2   2   2 | Ser TCT   9  10   8   7   6   9 | Tyr TAT   4   3   3   3   3   3 | Cys TGT   3   3   3   3   3   3
    TTC   3   3   3   3   3   3 |     TCC  10   9  10  11  11  10 |     TAC   2   3   3   3   3   3 |     TGC   4   4   4   4   4   4
Leu TTA   0   1   0   0   0   0 |     TCA   7   6   6   7   9   7 | *** TAA   0   0   0   0   0   0 | *** TGA   0   0   0   0   0   0
    TTG   3   3   3   3   3   3 |     TCG   4   5   4   4   2   4 |     TAG   0   0   0   0   0   0 | Trp TGG   2   2   2   2   2   2
--------------------------------------------------------------------------------------------------------------------------------------
Leu CTT   1   1   1   1   0   2 | Pro CCT   6   7   7   7   8   7 | His CAT   3   4   4   4   2   4 | Arg CGT   2   2   2   2   1   2
    CTC   5   5   5   5   6   5 |     CCC   4   2   3   3   3   3 |     CAC   4   3   3   3   5   3 |     CGC   2   2   1   2   2   2
    CTA   3   3   3   3   3   3 |     CCA   5   6   6   5   4   4 | Gln CAA   4   4   4   4   4   4 |     CGA   2   2   3   2   3   2
    CTG   5   5   5   5   5   4 |     CCG   0   0   0   0   1   1 |     CAG   6   6   6   6   6   6 |     CGG   0   0   0   0   0   0
--------------------------------------------------------------------------------------------------------------------------------------
Ile ATT   2   2   2   1   2   2 | Thr ACT   4   4   6   5   4   4 | Asn AAT   3   4   3   3   4   3 | Ser AGT   8   7   8   8   6   8
    ATC   1   1   1   1   1   1 |     ACC   6   5   6   7   6   6 |     AAC   1   1   1   1   1   1 |     AGC   4   4   4   4   3   4
    ATA   3   3   4   4   3   4 |     ACA   3   2   3   3   3   4 | Lys AAA   7   7   7   6   7   7 | Arg AGA   6   6   6   7   5   6
Met ATG   7   7   7   7   7   7 |     ACG   1   0   0   0   1   0 |     AAG  11  11  11  11  11  11 |     AGG   3   3   3   3   4   3
--------------------------------------------------------------------------------------------------------------------------------------
Val GTT   3   4   5   4   4   4 | Ala GCT   3   3   3   5   4   4 | Asp GAT   8   8   8   8   7   9 | Gly GGT   0   1   0   0   0   0
    GTC   6   5   4   5   5   5 |     GCC   4   4   3   3   4   3 |     GAC   5   5   5   5   6   4 |     GGC   6   5   6   6   7   6
    GTA   2   3   1   1   1   1 |     GCA  11  11  10  10   9  10 | Glu GAA   7   7   7   7   7   7 |     GGA   5   5   5   5   5   5
    GTG   3   3   4   3   4   3 |     GCG   2   3   3   3   3   3 |     GAG  11  11  11  11  11  11 |     GGG   4   4   4   4   6   4
--------------------------------------------------------------------------------------------------------------------------------------

--------------------------------------------------------------------------------------------------------------------------------------
Phe TTT   2   2   2   2   2   2 | Ser TCT   9   9   9   9   9   8 | Tyr TAT   3   3   3   3   4   3 | Cys TGT   3   3   3   3   2   3
    TTC   3   3   3   3   3   3 |     TCC  10  11  10  10   9   9 |     TAC   3   3   3   3   2   3 |     TGC   4   4   4   4   5   4
Leu TTA   0   0   0   0   1   0 |     TCA   7   7   7   6   8   7 | *** TAA   0   0   0   0   0   0 | *** TGA   0   0   0   0   0   0
    TTG   3   3   3   3   2   3 |     TCG   4   4   4   5   3   4 |     TAG   0   0   0   0   0   0 | Trp TGG   2   2   2   2   2   2
--------------------------------------------------------------------------------------------------------------------------------------
Leu CTT   1   1   1   1   1   1 | Pro CCT   7   6   7   7   7   7 | His CAT   4   4   4   4   3   4 | Arg CGT   2   2   2   2   2   2
    CTC   5   5   5   5   5   5 |     CCC   3   4   3   3   3   4 |     CAC   3   3   3   3   4   3 |     CGC   2   2   2   2   2   1
    CTA   3   3   3   3   3   4 |     CCA   5   5   5   5   4   5 | Gln CAA   4   4   4   4   4   3 |     CGA   2   2   2   2   2   4
    CTG   5   5   5   5   5   4 |     CCG   0   0   0   0   1   0 |     CAG   6   6   6   6   6   6 |     CGG   0   0   0   0   0   0
--------------------------------------------------------------------------------------------------------------------------------------
Ile ATT   3   2   2   2   2   2 | Thr ACT   4   4   3   4   4   6 | Asn AAT   3   4   4   3   3   3 | Ser AGT   8   7   8   8   8   8
    ATC   0   1   1   2   1   1 |     ACC   6   4   6   6   6   6 |     AAC   1   1   1   1   1   1 |     AGC   4   4   4   4   4   4
    ATA   4   4   4   4   3   4 |     ACA   4   3   4   4   4   3 | Lys AAA   7   6   7   7   7   7 | Arg AGA   6   6   6   6   6   6
Met ATG   7   7   7   7   7   7 |     ACG   0   0   0   0   0   0 |     AAG  11  12  11  11  11  11 |     AGG   3   3   3   3   3   3
--------------------------------------------------------------------------------------------------------------------------------------
Val GTT   4   4   3   4   4   4 | Ala GCT   4   4   4   4   3   3 | Asp GAT   8   8   8   8   8   8 | Gly GGT   0   0   0   0   0   0
    GTC   5   5   6   4   5   5 |     GCC   3   4   3   3   5   3 |     GAC   5   5   5   5   5   5 |     GGC   6   6   6   6   6   6
    GTA   1   3   1   1   2   2 |     GCA  11   9  10  12  12  11 | Glu GAA   7   7   7   7   7   7 |     GGA   5   5   5   5   5   5
    GTG   3   3   3   3   2   4 |     GCG   2   3   3   1   1   1 |     GAG  11  11  11  11  11  11 |     GGG   4   4   4   4   5   4
--------------------------------------------------------------------------------------------------------------------------------------

--------------------------------------------------------------------------------------------------------------------------------------
Phe TTT   1   2   2   2   2   2 | Ser TCT   8   9   8   8   9   9 | Tyr TAT   2   4   3   3   3   3 | Cys TGT   3   3   3   3   3   3
    TTC   4   3   3   3   3   3 |     TCC  10  10  10   9  11  10 |     TAC   4   2   3   3   3   3 |     TGC   4   4   4   4   4   4
Leu TTA   0   0   0   0   0   0 |     TCA   6   7   6   6   7   7 | *** TAA   0   0   0   0   0   0 | *** TGA   0   0   0   0   0   0
    TTG   3   3   3   3   3   3 |     TCG   4   4   4   4   4   4 |     TAG   0   0   0   0   0   0 | Trp TGG   2   2   2   2   2   2
--------------------------------------------------------------------------------------------------------------------------------------
Leu CTT   1   1   1   1   1   1 | Pro CCT   6   6   7   8   6   7 | His CAT   3   3   4   4   4   4 | Arg CGT   2   2   2   2   2   2
    CTC   5   5   5   5   5   4 |     CCC   4   4   3   3   4   3 |     CAC   3   4   3   3   3   3 |     CGC   1   2   1   2   2   3
    CTA   3   3   3   4   3   3 |     CCA   6   5   6   6   5   5 | Gln CAA   4   5   4   4   4   4 |     CGA   3   2   3   2   2   2
    CTG   5   5   5   4   5   5 |     CCG   0   0   0   0   0   0 |     CAG   7   5   6   6   6   6 |     CGG   0   0   0   0   0   0
--------------------------------------------------------------------------------------------------------------------------------------
Ile ATT   2   2   2   2   2   2 | Thr ACT   6   4   6   5   4   4 | Asn AAT   3   3   3   3   4   2 | Ser AGT   8   7   8   8   7   8
    ATC   1   1   1   1   1   1 |     ACC   6   6   6   5   4   6 |     AAC   1   1   1   1   1   2 |     AGC   4   4   4   4   4   4
    ATA   3   3   3   3   4   4 |     ACA   3   4   3   2   3   5 | Lys AAA   6   7   7   7   7   7 | Arg AGA   6   6   6   6   6   6
Met ATG   7   7   7   8   7   7 |     ACG   1   0   0   1   0   0 |     AAG  10  11  11  11  11  11 |     AGG   4   3   3   3   3   3
--------------------------------------------------------------------------------------------------------------------------------------
Val GTT   4   4   4   4   4   4 | Ala GCT   3   3   3   4   4   4 | Asp GAT   8   8   8   8   8   8 | Gly GGT   0   1   0   0   0   0
    GTC   5   5   5   5   5   5 |     GCC   3   4   3   4   4   3 |     GAC   5   5   5   5   5   5 |     GGC   6   6   6   6   6   6
    GTA   1   2   2   2   3   1 |     GCA  11  11  10  10   9  10 | Glu GAA   6   8   7   7   7   7 |     GGA   5   5   5   5   5   5
    GTG   4   3   4   3   3   3 |     GCG   3   2   3   3   3   2 |     GAG  12  10  11  11  11  11 |     GGG   4   4   4   4   4   4
--------------------------------------------------------------------------------------------------------------------------------------

--------------------------------------------------------------------------------------------------------------------------------------
Phe TTT   2   2   2   2   2   2 | Ser TCT   9   9   8   8   9  10 | Tyr TAT   4   3   3   3   3   3 | Cys TGT   3   3   3   3   4   3
    TTC   4   3   3   3   3   3 |     TCC   9  10  10  10   9   9 |     TAC   2   3   3   3   3   3 |     TGC   4   4   5   4   4   4
Leu TTA   0   0   0   0   1   1 |     TCA   7   7   6   8   6   6 | *** TAA   0   0   0   0   0   0 | *** TGA   0   0   0   0   0   0
    TTG   3   3   3   3   3   3 |     TCG   4   4   5   3   5   5 |     TAG   0   0   0   0   0   0 | Trp TGG   2   2   2   2   2   2
--------------------------------------------------------------------------------------------------------------------------------------
Leu CTT   1   1   1   3   1   1 | Pro CCT   7   7   6   7   7   8 | His CAT   2   3   3   4   4   4 | Arg CGT   2   2   2   2   2   2
    CTC   5   5   4   3   5   5 |     CCC   3   3   4   3   3   2 |     CAC   6   4   4   3   3   3 |     CGC   2   2   2   2   2   2
    CTA   3   3   3   3   3   3 |     CCA   5   5   5   5   5   5 | Gln CAA   3   4   4   4   3   4 |     CGA   2   2   2   2   2   2
    CTG   5   5   5   5   5   5 |     CCG   0   0   1   0   0   0 |     CAG   6   6   6   6   7   6 |     CGG   0   0   0   0   0   0
--------------------------------------------------------------------------------------------------------------------------------------
Ile ATT   2   2   2   2   2   2 | Thr ACT   4   4   4   4   4   4 | Asn AAT   3   2   1   4   3   4 | Ser AGT   8   7  10   7   8   7
    ATC   1   1   1   1   1   1 |     ACC   5   6   5   5   5   5 |     AAC   1   2   1   1   1   1 |     AGC   4   5   4   5   4   4
    ATA   3   4   3   4   3   3 |     ACA   4   4   4   3   2   2 | Lys AAA   7   6   7   7   7   7 | Arg AGA   6   6   6   6   6   6
Met ATG   7   7   7   7   7   7 |     ACG   0   0   0   1   0   0 |     AAG  11  12  11  11  11  11 |     AGG   3   3   3   3   3   3
--------------------------------------------------------------------------------------------------------------------------------------
Val GTT   4   3   4   4   4   4 | Ala GCT   3   3   5   3   3   3 | Asp GAT   8   8   8   8   8   8 | Gly GGT   0   0   0   0   1   1
    GTC   5   6   5   5   5   5 |     GCC   5   4   4   5   4   4 |     GAC   5   5   5   5   5   5 |     GGC   6   6   6   6   5   5
    GTA   2   1   1   2   3   3 |     GCA  11  10  11  11  12  11 | Glu GAA   7   7   6   5   7   7 |     GGA   5   5   5   5   5   5
    GTG   3   3   3   3   3   3 |     GCG   2   3   2   1   2   3 |     GAG  11  11  12  13  11  11 |     GGG   4   4   4   4   4   4
--------------------------------------------------------------------------------------------------------------------------------------

Codon position x base (3x4) table for each sequence.

#1: Argali         
position  1:    T:0.20784    C:0.20392    A:0.27843    G:0.30980
position  2:    T:0.19216    C:0.30980    A:0.29804    G:0.20000
position  3:    T:0.24706    C:0.25490    A:0.25882    G:0.23922
Average         T:0.21569    C:0.25621    A:0.27843    G:0.24967

#2: LesserMouseDeer
position  1:    T:0.20392    C:0.21569    A:0.26667    G:0.31373
position  2:    T:0.19608    C:0.30196    A:0.29020    G:0.21176
position  3:    T:0.22353    C:0.30196    A:0.22745    G:0.24706
Average         T:0.20784    C:0.27320    A:0.26144    G:0.25752

#3: LesserKudu     
position  1:    T:0.21176    C:0.20392    A:0.26275    G:0.32157
position  2:    T:0.20000    C:0.30196    A:0.30196    G:0.19608
position  3:    T:0.25098    C:0.24706    A:0.25490    G:0.24706
Average         T:0.22092    C:0.25098    A:0.27320    G:0.25490

#4: ForestMuskDeer2
position  1:    T:0.20392    C:0.20392    A:0.27843    G:0.31373
position  2:    T:0.19608    C:0.30196    A:0.30196    G:0.20000
position  3:    T:0.25098    C:0.25098    A:0.25490    G:0.24314
Average         T:0.21699    C:0.25229    A:0.27843    G:0.25229

#5: Camel          
position  1:    T:0.21176    C:0.18824    A:0.29804    G:0.30196
position  2:    T:0.19216    C:0.30588    A:0.30588    G:0.19608
position  3:    T:0.27059    C:0.24314    A:0.26275    G:0.22353
Average         T:0.22484    C:0.24575    A:0.28889    G:0.24052

#6: KillerWhale    
position  1:    T:0.20000    C:0.20392    A:0.26667    G:0.32941
position  2:    T:0.19216    C:0.30196    A:0.29412    G:0.21176
position  3:    T:0.25882    C:0.24314    A:0.26275    G:0.23529
Average         T:0.21699    C:0.24967    A:0.27451    G:0.25882

#7: DefassaWaterbuck
position  1:    T:0.21176    C:0.20392    A:0.27843    G:0.30588
position  2:    T:0.19216    C:0.30980    A:0.30196    G:0.19608
position  3:    T:0.25098    C:0.25490    A:0.25098    G:0.24314
Average         T:0.21830    C:0.25621    A:0.27712    G:0.24837

#8: Sheep          
position  1:    T:0.20784    C:0.20392    A:0.27843    G:0.30980
position  2:    T:0.19216    C:0.30980    A:0.29804    G:0.20000
position  3:    T:0.24706    C:0.25490    A:0.25882    G:0.23922
Average         T:0.21569    C:0.25621    A:0.27843    G:0.24967

#9: MaxwellsDuiker 
position  1:    T:0.21176    C:0.19608    A:0.28235    G:0.30980
position  2:    T:0.19216    C:0.30980    A:0.29804    G:0.20000
position  3:    T:0.24706    C:0.25882    A:0.25098    G:0.24314
Average         T:0.21699    C:0.25490    A:0.27712    G:0.25098

#10: GazellaPrzewalskyi
position  1:    T:0.20784    C:0.20392    A:0.27843    G:0.30980
position  2:    T:0.19216    C:0.30980    A:0.29804    G:0.20000
position  3:    T:0.25490    C:0.24706    A:0.25882    G:0.23922
Average         T:0.21830    C:0.25359    A:0.27843    G:0.24967

#11: MountainNyala  
position  1:    T:0.21176    C:0.20392    A:0.26275    G:0.32157
position  2:    T:0.20000    C:0.30196    A:0.30196    G:0.19608
position  3:    T:0.26275    C:0.23529    A:0.25490    G:0.24706
Average         T:0.22484    C:0.24706    A:0.27320    G:0.25490

#12: MuntiacusMuntjak
position  1:    T:0.20000    C:0.20784    A:0.28235    G:0.30980
position  2:    T:0.19608    C:0.30588    A:0.29804    G:0.20000
position  3:    T:0.25098    C:0.24706    A:0.25882    G:0.24314
Average         T:0.21569    C:0.25359    A:0.27974    G:0.25098

#13: goat           
position  1:    T:0.20784    C:0.20392    A:0.27843    G:0.30980
position  2:    T:0.19216    C:0.30980    A:0.29804    G:0.20000
position  3:    T:0.24706    C:0.25490    A:0.25882    G:0.23922
Average         T:0.21569    C:0.25621    A:0.27843    G:0.24967

#14: AfricanBuffalo 
position  1:    T:0.20784    C:0.20392    A:0.26667    G:0.32157
position  2:    T:0.20000    C:0.30196    A:0.29804    G:0.20000
position  3:    T:0.25882    C:0.24314    A:0.25882    G:0.23922
Average         T:0.22222    C:0.24967    A:0.27451    G:0.25359

#15: Topi           
position  1:    T:0.20784    C:0.20784    A:0.27843    G:0.30588
position  2:    T:0.19216    C:0.30980    A:0.29804    G:0.20000
position  3:    T:0.25490    C:0.25098    A:0.24706    G:0.24706
Average         T:0.21830    C:0.25621    A:0.27451    G:0.25098

#16: CommonDuiker   
position  1:    T:0.20784    C:0.20392    A:0.27451    G:0.31373
position  2:    T:0.19608    C:0.30588    A:0.29412    G:0.20392
position  3:    T:0.25490    C:0.25098    A:0.24706    G:0.24706
Average         T:0.21961    C:0.25359    A:0.27190    G:0.25490

#17: Suni           
position  1:    T:0.20392    C:0.21176    A:0.26667    G:0.31765
position  2:    T:0.19216    C:0.30980    A:0.29804    G:0.20000
position  3:    T:0.23922    C:0.26667    A:0.25098    G:0.24314
Average         T:0.21176    C:0.26275    A:0.27190    G:0.25359

#18: Springbuck     
position  1:    T:0.20784    C:0.20392    A:0.27451    G:0.31373
position  2:    T:0.19216    C:0.30980    A:0.29804    G:0.20000
position  3:    T:0.25098    C:0.25098    A:0.25490    G:0.24314
Average         T:0.21699    C:0.25490    A:0.27582    G:0.25229

#19: Okapi          
position  1:    T:0.20784    C:0.20392    A:0.27843    G:0.30980
position  2:    T:0.19608    C:0.30588    A:0.30196    G:0.19608
position  3:    T:0.24314    C:0.25882    A:0.25882    G:0.23922
Average         T:0.21569    C:0.25621    A:0.27974    G:0.24837

#20: Giraffe        
position  1:    T:0.20784    C:0.20392    A:0.27451    G:0.31373
position  2:    T:0.19608    C:0.30588    A:0.30196    G:0.19608
position  3:    T:0.23922    C:0.26667    A:0.24706    G:0.24706
Average         T:0.21438    C:0.25882    A:0.27451    G:0.25229

#21: TibetanAntelope
position  1:    T:0.20784    C:0.20392    A:0.27843    G:0.30980
position  2:    T:0.19216    C:0.30980    A:0.29804    G:0.20000
position  3:    T:0.24706    C:0.25490    A:0.25882    G:0.23922
Average         T:0.21569    C:0.25621    A:0.27843    G:0.24967

#22: Sitatunga      
position  1:    T:0.21176    C:0.20392    A:0.26275    G:0.32157
position  2:    T:0.20000    C:0.30196    A:0.30196    G:0.19608
position  3:    T:0.25882    C:0.23922    A:0.25490    G:0.24706
Average         T:0.22353    C:0.24837    A:0.27320    G:0.25490

#23: Oribi          
position  1:    T:0.20392    C:0.20392    A:0.27059    G:0.32157
position  2:    T:0.19216    C:0.30980    A:0.29804    G:0.20000
position  3:    T:0.24706    C:0.25490    A:0.25882    G:0.23922
Average         T:0.21438    C:0.25621    A:0.27582    G:0.25359

#24: BarbarySheep   
position  1:    T:0.20784    C:0.20392    A:0.27843    G:0.30980
position  2:    T:0.19216    C:0.30980    A:0.29804    G:0.20000
position  3:    T:0.24706    C:0.25490    A:0.26275    G:0.23529
Average         T:0.21569    C:0.25621    A:0.27974    G:0.24837

#25: Daviddeer      
position  1:    T:0.20000    C:0.20784    A:0.27451    G:0.31765
position  2:    T:0.18824    C:0.31373    A:0.29020    G:0.20784
position  3:    T:0.23529    C:0.26275    A:0.24706    G:0.25490
Average         T:0.20784    C:0.26144    A:0.27059    G:0.26013

#26: Reindeer       
position  1:    T:0.19216    C:0.21569    A:0.27843    G:0.31373
position  2:    T:0.19216    C:0.30588    A:0.29804    G:0.20392
position  3:    T:0.25490    C:0.24314    A:0.25098    G:0.25098
Average         T:0.21307    C:0.25490    A:0.27582    G:0.25621

#27: Ibex           
position  1:    T:0.20784    C:0.20392    A:0.27843    G:0.30980
position  2:    T:0.19216    C:0.30980    A:0.29804    G:0.20000
position  3:    T:0.24706    C:0.25490    A:0.25882    G:0.23922
Average         T:0.21569    C:0.25621    A:0.27843    G:0.24967

#28: GyrantGazelle  
position  1:    T:0.20784    C:0.20392    A:0.27451    G:0.31373
position  2:    T:0.19216    C:0.30588    A:0.30196    G:0.20000
position  3:    T:0.24314    C:0.26275    A:0.25882    G:0.23529
Average         T:0.21438    C:0.25752    A:0.27843    G:0.24967

#29: Hartebeest     
position  1:    T:0.20784    C:0.20392    A:0.27451    G:0.31373
position  2:    T:0.19608    C:0.30588    A:0.29804    G:0.20000
position  3:    T:0.25882    C:0.24706    A:0.25882    G:0.23529
Average         T:0.22092    C:0.25229    A:0.27712    G:0.24967

#30: Bongo          
position  1:    T:0.21176    C:0.20392    A:0.26275    G:0.32157
position  2:    T:0.20000    C:0.30196    A:0.30196    G:0.19608
position  3:    T:0.26275    C:0.23529    A:0.25490    G:0.24706
Average         T:0.22484    C:0.24706    A:0.27320    G:0.25490

#31: Gerenuk        
position  1:    T:0.20784    C:0.20392    A:0.27451    G:0.31373
position  2:    T:0.19216    C:0.30980    A:0.29804    G:0.20000
position  3:    T:0.23922    C:0.26275    A:0.25490    G:0.24314
Average         T:0.21307    C:0.25882    A:0.27582    G:0.25229

#32: CommonEland    
position  1:    T:0.21176    C:0.20392    A:0.26275    G:0.32157
position  2:    T:0.20000    C:0.30196    A:0.30196    G:0.19608
position  3:    T:0.25490    C:0.23922    A:0.25882    G:0.24706
Average         T:0.22222    C:0.24837    A:0.27451    G:0.25490

#33: MuntiacusReevesi
position  1:    T:0.20000    C:0.20784    A:0.28235    G:0.30980
position  2:    T:0.19608    C:0.30588    A:0.29804    G:0.20000
position  3:    T:0.25490    C:0.24314    A:0.25490    G:0.24706
Average         T:0.21699    C:0.25229    A:0.27843    G:0.25229

#34: HarveysDuiker  
position  1:    T:0.20392    C:0.20392    A:0.27843    G:0.31373
position  2:    T:0.18824    C:0.31373    A:0.29412    G:0.20392
position  3:    T:0.24706    C:0.25882    A:0.25098    G:0.24314
Average         T:0.21307    C:0.25882    A:0.27451    G:0.25359

#35: Pronghorn      
position  1:    T:0.20000    C:0.20784    A:0.26667    G:0.32549
position  2:    T:0.19216    C:0.30588    A:0.30196    G:0.20000
position  3:    T:0.21961    C:0.27451    A:0.24706    G:0.25882
Average         T:0.20392    C:0.26275    A:0.27190    G:0.26144

#36: BlueWildebeest 
position  1:    T:0.20784    C:0.20392    A:0.27843    G:0.30980
position  2:    T:0.19216    C:0.30980    A:0.29804    G:0.20000
position  3:    T:0.25882    C:0.24706    A:0.25098    G:0.24314
Average         T:0.21961    C:0.25359    A:0.27582    G:0.25098

#37: Gemsbok        
position  1:    T:0.20784    C:0.20392    A:0.27843    G:0.30980
position  2:    T:0.19216    C:0.30980    A:0.29804    G:0.20000
position  3:    T:0.25490    C:0.24706    A:0.25882    G:0.23922
Average         T:0.21830    C:0.25359    A:0.27843    G:0.24967

#38: Yak            
position  1:    T:0.21176    C:0.20392    A:0.26667    G:0.31765
position  2:    T:0.20000    C:0.30196    A:0.30196    G:0.19608
position  3:    T:0.24706    C:0.25490    A:0.25098    G:0.24706
Average         T:0.21961    C:0.25359    A:0.27320    G:0.25359

#39: BlueSheep      
position  1:    T:0.20784    C:0.20392    A:0.27843    G:0.30980
position  2:    T:0.19216    C:0.30588    A:0.30196    G:0.20000
position  3:    T:0.24706    C:0.25490    A:0.25490    G:0.24314
Average         T:0.21569    C:0.25490    A:0.27843    G:0.25098

#40: BohorReedbuck  
position  1:    T:0.20784    C:0.20392    A:0.28235    G:0.30588
position  2:    T:0.19216    C:0.30980    A:0.29804    G:0.20000
position  3:    T:0.25098    C:0.25098    A:0.25882    G:0.23922
Average         T:0.21699    C:0.25490    A:0.27974    G:0.24837

#41: KirksDik       
position  1:    T:0.20392    C:0.20392    A:0.27451    G:0.31765
position  2:    T:0.18824    C:0.30980    A:0.29804    G:0.20392
position  3:    T:0.24314    C:0.25882    A:0.26667    G:0.23137
Average         T:0.21176    C:0.25752    A:0.27974    G:0.25098

#42: RoeDeer        
position  1:    T:0.20000    C:0.20784    A:0.28235    G:0.30980
position  2:    T:0.20000    C:0.30196    A:0.29412    G:0.20392
position  3:    T:0.25098    C:0.24706    A:0.26667    G:0.23529
Average         T:0.21699    C:0.25229    A:0.28105    G:0.24967

#43: WhiteLippedDeer
position  1:    T:0.20000    C:0.20784    A:0.27843    G:0.31373
position  2:    T:0.19216    C:0.31373    A:0.29020    G:0.20392
position  3:    T:0.23529    C:0.25882    A:0.24706    G:0.25882
Average         T:0.20915    C:0.26013    A:0.27190    G:0.25882

#44: ThomsonGazelle 
position  1:    T:0.20784    C:0.20392    A:0.27059    G:0.31765
position  2:    T:0.19216    C:0.30980    A:0.29804    G:0.20000
position  3:    T:0.24314    C:0.25882    A:0.26667    G:0.23137
Average         T:0.21438    C:0.25752    A:0.27843    G:0.24967

#45: MuntiacusCrinifrons
position  1:    T:0.20000    C:0.20784    A:0.27843    G:0.31373
position  2:    T:0.19608    C:0.30588    A:0.29804    G:0.20000
position  3:    T:0.25098    C:0.24706    A:0.25490    G:0.24706
Average         T:0.21569    C:0.25359    A:0.27712    G:0.25359

#46: WhiteTailedDeer
position  1:    T:0.19608    C:0.21176    A:0.27451    G:0.31765
position  2:    T:0.19608    C:0.30588    A:0.29804    G:0.20000
position  3:    T:0.25490    C:0.24706    A:0.25098    G:0.24706
Average         T:0.21569    C:0.25490    A:0.27451    G:0.25490

#47: Cattle         
position  1:    T:0.21176    C:0.20392    A:0.26667    G:0.31765
position  2:    T:0.20000    C:0.30196    A:0.30196    G:0.19608
position  3:    T:0.24706    C:0.25490    A:0.25490    G:0.24314
Average         T:0.21961    C:0.25359    A:0.27451    G:0.25229

#48: RoyalAntelope  
position  1:    T:0.20784    C:0.20392    A:0.28235    G:0.30588
position  2:    T:0.18824    C:0.30980    A:0.29804    G:0.20392
position  3:    T:0.24706    C:0.25490    A:0.25882    G:0.23922
Average         T:0.21438    C:0.25621    A:0.27974    G:0.24967

#49: Steenbok       
position  1:    T:0.20784    C:0.20392    A:0.27059    G:0.31765
position  2:    T:0.19608    C:0.30588    A:0.29804    G:0.20000
position  3:    T:0.24314    C:0.26275    A:0.25490    G:0.23922
Average         T:0.21569    C:0.25752    A:0.27451    G:0.25229

#50: Impala         
position  1:    T:0.20784    C:0.20392    A:0.27843    G:0.30980
position  2:    T:0.19216    C:0.30980    A:0.29804    G:0.20000
position  3:    T:0.23137    C:0.27059    A:0.25098    G:0.24706
Average         T:0.21046    C:0.26144    A:0.27582    G:0.25229

#51: Klipspringer   
position  1:    T:0.20784    C:0.20392    A:0.27059    G:0.31765
position  2:    T:0.18431    C:0.31373    A:0.29020    G:0.21176
