1
52 1
Argali 0.000000 0.441300 0.112400 0.333600 0.099900 0.009400 0.086500 0.112400 0.117500 0.146300 0.031100 0.112900 0.058000 0.076500 0.105100 0.094200 0.120700 0.128400 0.033700 0.122600 0.099300 0.033500 0.139000 0.137000 0.031200 0.110100 0.055800 0.109500 0.096800 0.130900 0.143100 0.088500 0.162500 0.061000 0.058200 0.122700 0.038500 0.094600 0.089200 0.166700 0.153000 0.099400 0.144100 0.150900 0.117900 0.100700 0.089300 0.080800 0.084100 0.139400 0.120400 0.114900
LesserMous 0.441300 0.000000 0.401300 0.425400 0.441800 0.443800 0.388300 0.403400 0.407900 0.414500 0.429800 0.398600 0.435900 0.374200 0.435600 0.384500 0.399300 0.391800 0.423500 0.411000 0.391000 0.432400 0.402700 0.390100 0.432100 0.396600 0.434700 0.408500 0.392700 0.420400 0.421100 0.400900 0.410400 0.436700 0.436100 0.411300 0.443900 0.428600 0.414500 0.424500 0.390900 0.392600 0.407900 0.398100 0.414700 0.412300 0.418700 0.419100 0.436200 0.442800 0.410300 0.412700
LesserKudu 0.112400 0.401300 0.000000 0.289800 0.126800 0.117500 0.088900 0.114900 0.011700 0.106000 0.110100 0.068200 0.101600 0.084100 0.102400 0.102000 0.065800 0.078300 0.110500 0.016400 0.099200 0.101800 0.104000 0.088800 0.105100 0.120800 0.099500 0.009300 0.112700 0.018800 0.108300 0.096200 0.115600 0.099700 0.120700 0.067800 0.112900 0.110600 0.099600 0.116500 0.112000 0.115300 0.103800 0.101900 0.063000 0.125000 0.110400 0.091200 0.107700 0.098800 0.014100 0.011700
KillerWhal 0.333600 0.425400 0.289800 0.000000 0.343100 0.329200 0.314400 0.296900 0.285900 0.285700 0.320600 0.300400 0.319500 0.305900 0.335000 0.318200 0.302300 0.281800 0.311200 0.285300 0.310800 0.320000 0.281000 0.288800 0.321800 0.318000 0.317600 0.289400 0.325000 0.295400 0.288300 0.313000 0.280000 0.318400 0.344400 0.298300 0.313600 0.332500 0.311400 0.297200 0.278200 0.331600 0.280200 0.302100 0.297100 0.360000 0.315200 0.306500 0.335000 0.297300 0.296500 0.286300
DefassaWat 0.099900 0.441800 0.126800 0.343100 0.000000 0.104900 0.087000 0.110300 0.129100 0.141700 0.087000 0.116300 0.089100 0.087400 0.119200 0.100100 0.129700 0.129200 0.087300 0.134300 0.099800 0.084200 0.139900 0.124100 0.087300 0.110700 0.086900 0.129200 0.102700 0.137300 0.138600 0.099500 0.158300 0.087200 0.108000 0.137300 0.089600 0.033700 0.089700 0.159300 0.148400 0.105300 0.139500 0.143500 0.132500 0.120600 0.100500 0.094400 0.105800 0.145800 0.129500 0.129200
Sheep 0.009400 0.443800 0.117500 0.329200 0.104900 0.000000 0.091500 0.117500 0.122600 0.145900 0.035900 0.112700 0.062900 0.081500 0.110200 0.093900 0.125800 0.133600 0.038500 0.127700 0.099000 0.038300 0.144200 0.142100 0.036000 0.109800 0.060700 0.114500 0.107200 0.136000 0.148300 0.093500 0.167800 0.065900 0.063100 0.122400 0.043300 0.099600 0.088900 0.166400 0.158300 0.099200 0.149300 0.156100 0.117600 0.105800 0.094400 0.080600 0.083900 0.144600 0.125500 0.120000
MaxwellsDu 0.086500 0.388300 0.088900 0.314400 0.087000 0.091500 0.000000 0.081200 0.088600 0.122300 0.073800 0.086800 0.076000 0.019100 0.092200 0.058400 0.097000 0.099300 0.079200 0.088400 0.060800 0.076200 0.114900 0.110200 0.074100 0.060900 0.073800 0.091300 0.063500 0.096400 0.119300 0.040700 0.108000 0.073900 0.094500 0.093900 0.086800 0.081800 0.061100 0.141600 0.123100 0.060900 0.120100 0.123700 0.089100 0.082400 0.071400 0.076000 0.073900 0.099200 0.096800 0.096600
GazellaPrz 0.112400 0.403400 0.114900 0.296900 0.110300 0.117500 0.081200 0.000000 0.114600 0.135100 0.104700 0.107500 0.106900 0.076300 0.121200 0.060700 0.117800 0.109400 0.105100 0.119700 0.060600 0.096500 0.122400 0.117700 0.099800 0.070800 0.104700 0.117300 0.068300 0.117200 0.132000 0.088400 0.126400 0.104900 0.112500 0.106700 0.112800 0.105000 0.060700 0.143700 0.136200 0.070800 0.138400 0.125800 0.107100 0.119500 0.091700 0.096300 0.107700 0.125600 0.123000 0.122800
MountainNy 0.117500 0.407900 0.011700 0.285900 0.129100 0.122600 0.088600 0.114600 0.000000 0.105700 0.109800 0.070600 0.106600 0.089000 0.107400 0.107000 0.075800 0.083200 0.110200 0.004600 0.104200 0.101600 0.103700 0.088500 0.104800 0.120400 0.104500 0.007000 0.117800 0.011600 0.108000 0.101100 0.123400 0.104700 0.125800 0.075100 0.112600 0.113000 0.104600 0.121600 0.111700 0.120400 0.103500 0.101600 0.070400 0.130100 0.115400 0.096200 0.112700 0.101100 0.016400 0.014000
MuntiacusM 0.146300 0.414500 0.106000 0.285700 0.141700 0.145900 0.122300 0.135100 0.105700 0.000000 0.133000 0.117100 0.146200 0.117400 0.158300 0.116700 0.097900 0.108000 0.138900 0.110700 0.127200 0.130100 0.049600 0.054700 0.128000 0.127600 0.144100 0.108300 0.141100 0.113500 0.011400 0.105700 0.132600 0.144400 0.152000 0.121500 0.146700 0.138900 0.127700 0.083000 0.057000 0.127400 0.006900 0.067000 0.116700 0.171200 0.141500 0.119200 0.163800 0.124100 0.113900 0.113700
goat 0.031100 0.429800 0.110100 0.320600 0.087000 0.035900 0.073800 0.104700 0.109800 0.133000 0.000000 0.105200 0.055700 0.069000 0.102800 0.086600 0.118400 0.120700 0.028900 0.114900 0.091700 0.021400 0.125800 0.126400 0.014300 0.102500 0.053500 0.107200 0.094500 0.123100 0.129900 0.081000 0.148700 0.058600 0.060900 0.120400 0.036100 0.076600 0.081600 0.147500 0.139600 0.091800 0.130800 0.140200 0.115600 0.095800 0.081800 0.073400 0.071400 0.126000 0.112700 0.112600
AfricanBuf 0.112900 0.398600 0.068200 0.300400 0.116300 0.112700 0.086800 0.107500 0.070600 0.117100 0.105200 0.000000 0.102100 0.081900 0.113700 0.094600 0.076400 0.089000 0.105600 0.075500 0.094300 0.102300 0.104500 0.099800 0.100300 0.110600 0.100000 0.068000 0.102600 0.078100 0.119500 0.094100 0.118800 0.100200 0.118500 0.065500 0.107900 0.105600 0.089500 0.125300 0.112600 0.105100 0.114900 0.113100 0.060800 0.111800 0.110900 0.081300 0.105500 0.091400 0.073300 0.070600
Topi 0.058000 0.435900 0.101600 0.319500 0.089100 0.062900 0.076000 0.106900 0.106600 0.146200 0.055700 0.102100 0.000000 0.066100 0.089100 0.094100 0.107200 0.106900 0.045900 0.106400 0.093900 0.048100 0.133300 0.134000 0.055900 0.099300 0.002300 0.104000 0.091500 0.114500 0.143000 0.088400 0.139800 0.011800 0.048100 0.111900 0.063300 0.089200 0.078600 0.160800 0.141700 0.094000 0.144000 0.147900 0.107100 0.095300 0.089200 0.070600 0.078700 0.125400 0.104200 0.109400
CommonDuik 0.076500 0.374200 0.084100 0.305900 0.087400 0.081500 0.019100 0.076300 0.089000 0.117400 0.069000 0.081900 0.066100 0.000000 0.087300 0.053600 0.092100 0.094400 0.069200 0.088800 0.056000 0.066300 0.104800 0.105300 0.064100 0.061200 0.063800 0.086400 0.058700 0.096800 0.114400 0.031100 0.108500 0.064000 0.084400 0.089100 0.076800 0.076900 0.056200 0.131200 0.112900 0.056100 0.115200 0.118800 0.084300 0.082800 0.066500 0.071200 0.074300 0.099700 0.091900 0.091700
Suni 0.105100 0.435600 0.102400 0.335000 0.119200 0.110200 0.092200 0.121200 0.107400 0.158300 0.102800 0.113700 0.089100 0.087300 0.000000 0.108000 0.121600 0.118500 0.092500 0.107100 0.105200 0.099900 0.148100 0.140600 0.097800 0.116200 0.086900 0.104800 0.113500 0.110000 0.155100 0.104800 0.149500 0.087100 0.110700 0.118100 0.105500 0.108400 0.105600 0.164800 0.156700 0.110700 0.153200 0.154600 0.113300 0.112100 0.113700 0.086400 0.108500 0.134800 0.105000 0.110200
Springbuck 0.094200 0.384500 0.102000 0.318200 0.100100 0.093900 0.058400 0.060700 0.107000 0.116700 0.086600 0.094600 0.094100 0.053600 0.108000 0.000000 0.110200 0.101800 0.092200 0.112100 0.038400 0.083800 0.114900 0.104900 0.081700 0.038500 0.091900 0.104400 0.031100 0.115000 0.119100 0.070700 0.118700 0.092100 0.094400 0.088500 0.094500 0.094800 0.053400 0.136100 0.123100 0.033500 0.125300 0.112900 0.088900 0.095600 0.073900 0.078600 0.089500 0.112500 0.110000 0.109800
Okapi 0.120700 0.399300 0.065800 0.302300 0.129700 0.125800 0.097000 0.117800 0.075800 0.097900 0.118400 0.076400 0.107200 0.092100 0.121600 0.110200 0.000000 0.055400 0.118800 0.080700 0.109900 0.110000 0.095800 0.091100 0.108100 0.115600 0.105000 0.073200 0.118300 0.083400 0.100200 0.101700 0.104600 0.107900 0.131800 0.086000 0.121200 0.116100 0.099700 0.116100 0.103700 0.115500 0.095600 0.104200 0.081200 0.128100 0.126800 0.099300 0.121400 0.104300 0.078600 0.078400
Giraffe 0.128400 0.391800 0.078300 0.281800 0.129200 0.133600 0.099300 0.109400 0.083200 0.108000 0.120700 0.089000 0.106900 0.094400 0.118500 0.101800 0.055400 0.000000 0.115600 0.088200 0.096400 0.112400 0.105900 0.101200 0.110400 0.112600 0.110000 0.080600 0.099300 0.085700 0.110300 0.104000 0.106900 0.110200 0.128800 0.103900 0.118100 0.113000 0.102000 0.121100 0.113900 0.109800 0.105800 0.109200 0.099200 0.124900 0.123600 0.096400 0.126400 0.096100 0.086000 0.085800
TibetanAnt 0.033700 0.423500 0.110500 0.311200 0.087300 0.038500 0.079200 0.105100 0.110200 0.138900 0.028900 0.105600 0.045900 0.069200 0.092500 0.092200 0.118800 0.115600 0.000000 0.115300 0.092000 0.036200 0.120700 0.126800 0.029000 0.102800 0.043600 0.107500 0.089600 0.123500 0.135800 0.081300 0.149300 0.048700 0.061100 0.120800 0.038700 0.082000 0.076700 0.147900 0.140000 0.092100 0.136700 0.140600 0.116000 0.090800 0.087300 0.073600 0.082000 0.137500 0.113100 0.113000
Sitatunga 0.122600 0.411000 0.016400 0.285300 0.134300 0.127700 0.088400 0.119700 0.004600 0.110700 0.114900 0.075500 0.106400 0.088800 0.107100 0.112100 0.080700 0.088200 0.115300 0.000000 0.109200 0.106600 0.108800 0.093500 0.109900 0.120100 0.104200 0.011600 0.122900 0.016200 0.113000 0.106200 0.123100 0.104400 0.130900 0.075000 0.117700 0.118100 0.109600 0.126800 0.116800 0.120100 0.108500 0.106600 0.070200 0.135400 0.115100 0.101200 0.117800 0.100900 0.021100 0.018700
Oribi 0.099300 0.391000 0.099200 0.310800 0.099800 0.099000 0.060800 0.060600 0.104200 0.127200 0.091700 0.094300 0.093900 0.056000 0.105200 0.038400 0.109900 0.096400 0.092000 0.109200 0.000000 0.088900 0.120000 0.115200 0.086800 0.048200 0.091700 0.101600 0.050800 0.106800 0.129500 0.073100 0.118400 0.091900 0.099400 0.088500 0.099600 0.094600 0.048300 0.138400 0.128200 0.043300 0.135900 0.123400 0.083700 0.090100 0.066000 0.078300 0.094500 0.117600 0.107100 0.106900
BarbaryShe 0.033500 0.432400 0.101800 0.320000 0.084200 0.038300 0.076200 0.096500 0.101600 0.130100 0.021400 0.102300 0.048100 0.066300 0.099900 0.083800 0.110000 0.112400 0.036200 0.106600 0.088900 0.000000 0.122800 0.123400 0.021500 0.094300 0.050800 0.099000 0.091700 0.114700 0.127000 0.078300 0.151300 0.050900 0.058300 0.117500 0.033500 0.079000 0.073700 0.149800 0.136500 0.089000 0.127900 0.137100 0.112700 0.087700 0.079000 0.068200 0.073800 0.117700 0.104400 0.104300
Daviddeer 0.139000 0.402700 0.104000 0.281000 0.139900 0.144200 0.114900 0.122400 0.103700 0.049600 0.125800 0.104500 0.133300 0.104800 0.148100 0.114900 0.095800 0.105900 0.120700 0.108800 0.120000 0.122800 0.000000 0.047600 0.126200 0.125700 0.131200 0.106400 0.128400 0.111600 0.051900 0.103800 0.109300 0.131500 0.144700 0.114300 0.139500 0.131600 0.109800 0.070700 0.021000 0.120200 0.042500 0.060000 0.109500 0.158100 0.117900 0.106600 0.150800 0.111600 0.111900 0.111800
Reindeer 0.137000 0.390100 0.088800 0.288800 0.124100 0.142100 0.110200 0.117700 0.088500 0.054700 0.126400 0.099800 0.134000 0.105300 0.140600 0.104900 0.091100 0.101200 0.126800 0.093500 0.115200 0.123400 0.047600 0.000000 0.126800 0.126300 0.131900 0.088600 0.118300 0.096200 0.057000 0.114800 0.115300 0.132200 0.145400 0.109600 0.134700 0.121400 0.110300 0.060900 0.055100 0.120800 0.052400 0.016400 0.099500 0.147700 0.124000 0.101900 0.140500 0.104200 0.096600 0.093800
Ibex 0.031200 0.432100 0.105100 0.321800 0.087300 0.036000 0.074100 0.099800 0.104800 0.128000 0.014300 0.100300 0.055900 0.064100 0.097800 0.081700 0.108100 0.110400 0.029000 0.109900 0.086800 0.021500 0.126200 0.126800 0.000000 0.092300 0.053700 0.102200 0.089600 0.118100 0.125000 0.076200 0.149300 0.053800 0.061100 0.115400 0.031300 0.082100 0.076700 0.147900 0.140000 0.086900 0.125800 0.140600 0.110600 0.093400 0.082100 0.071100 0.071700 0.126500 0.107700 0.107600
GyrantGaze 0.110100 0.396600 0.120800 0.318000 0.110700 0.109800 0.060900 0.070800 0.120400 0.127600 0.102500 0.110600 0.099300 0.061200 0.116200 0.038500 0.115600 0.112600 0.102800 0.120100 0.048200 0.094300 0.125700 0.126300 0.092300 0.000000 0.097200 0.123200 0.045900 0.128500 0.130000 0.073200 0.135100 0.097400 0.107600 0.104400 0.110500 0.105400 0.063500 0.152800 0.139500 0.019000 0.136300 0.129000 0.099500 0.100900 0.079000 0.088900 0.110700 0.128700 0.128900 0.128700
Hartebeest 0.055800 0.434700 0.099500 0.317600 0.086900 0.060700 0.073800 0.104700 0.104500 0.144100 0.053500 0.100000 0.002300 0.063800 0.086900 0.091900 0.105000 0.110000 0.043600 0.104200 0.091700 0.050800 0.131200 0.131900 0.053700 0.097200 0.000000 0.101900 0.089300 0.112400 0.141000 0.086200 0.137600 0.009200 0.050800 0.109800 0.061100 0.087000 0.076400 0.158700 0.139600 0.091800 0.141900 0.145800 0.105000 0.098400 0.087000 0.073400 0.076500 0.128600 0.102100 0.107300
Bongo 0.109500 0.408500 0.009300 0.289400 0.129200 0.114500 0.091300 0.117300 0.007000 0.108300 0.107200 0.068000 0.104000 0.086400 0.104800 0.104400 0.073200 0.080600 0.107500 0.011600 0.101600 0.099000 0.106400 0.088600 0.102200 0.123200 0.101900 0.000000 0.115100 0.018700 0.110700 0.098500 0.120700 0.102100 0.128600 0.072600 0.109900 0.113000 0.101900 0.118900 0.114400 0.117700 0.106100 0.101700 0.067900 0.133000 0.112800 0.093600 0.110100 0.098500 0.014000 0.007000
Gerenuk 0.096800 0.392700 0.112700 0.325000 0.102700 0.107200 0.063500 0.068300 0.117800 0.141100 0.094500 0.102600 0.091500 0.058700 0.113500 0.031100 0.118300 0.099300 0.089600 0.122900 0.050800 0.091700 0.128400 0.118300 0.089600 0.045900 0.089300 0.115100 0.000000 0.125800 0.138000 0.075800 0.121400 0.089500 0.102400 0.101800 0.097200 0.097500 0.056000 0.150100 0.131300 0.040900 0.144500 0.126500 0.102300 0.103700 0.081700 0.091500 0.097400 0.115300 0.120800 0.120600
CommonElan 0.130900 0.420400 0.018800 0.295400 0.137300 0.136000 0.096400 0.117200 0.011600 0.113500 0.123100 0.078100 0.114500 0.096800 0.110000 0.115000 0.083400 0.085700 0.123500 0.016200 0.106800 0.114700 0.111600 0.096200 0.118100 0.128500 0.112400 0.018700 0.125800 0.000000 0.115800 0.109000 0.131500 0.112600 0.133900 0.082700 0.125900 0.121000 0.112500 0.129700 0.119600 0.128400 0.111300 0.109400 0.078000 0.138300 0.123400 0.098700 0.115300 0.103700 0.023500 0.025900
MuntiacusR 0.143100 0.421100 0.108300 0.288300 0.138600 0.148300 0.119300 0.132000 0.108000 0.011400 0.129900 0.119500 0.143000 0.114400 0.155100 0.119100 0.100200 0.110300 0.135800 0.113000 0.129500 0.127000 0.051900 0.057000 0.125000 0.130000 0.141000 0.110700 0.138000 0.115800 0.000000 0.102800 0.135000 0.141200 0.148800 0.129200 0.143600 0.135800 0.124700 0.085300 0.059300 0.129800 0.013800 0.069300 0.124400 0.167900 0.138400 0.113500 0.160600 0.121100 0.116200 0.116000
HarveysDui 0.088500 0.400900 0.096200 0.313000 0.099500 0.093500 0.040700 0.088400 0.101100 0.105700 0.081000 0.094100 0.088400 0.031100 0.104800 0.070700 0.101700 0.104000 0.081300 0.106200 0.073100 0.078300 0.103800 0.114800 0.076200 0.073200 0.086200 0.098500 0.075800 0.109000 0.102800 0.000000 0.128900 0.086400 0.096500 0.111700 0.088900 0.089000 0.073400 0.140700 0.117200 0.068100 0.103500 0.128300 0.106900 0.095100 0.083800 0.078100 0.091600 0.119900 0.104000 0.103900
Pronghorn 0.162500 0.410400 0.115600 0.280000 0.158300 0.167800 0.108000 0.126400 0.123400 0.132600 0.148700 0.118800 0.139800 0.108500 0.149500 0.118700 0.104600 0.106900 0.149300 0.123100 0.118400 0.151300 0.109300 0.115300 0.149300 0.135100 0.137600 0.120700 0.121400 0.131500 0.135000 0.128900 0.000000 0.137900 0.159900 0.109800 0.157300 0.152700 0.108100 0.132900 0.112000 0.124000 0.130400 0.128900 0.105000 0.168300 0.135600 0.134800 0.146800 0.109000 0.126500 0.123500
BlueWildeb 0.061000 0.436700 0.099700 0.318400 0.087200 0.065900 0.073900 0.104900 0.104700 0.144400 0.058600 0.100200 0.011800 0.064000 0.087100 0.092100 0.107900 0.110200 0.048700 0.104400 0.091900 0.050900 0.131500 0.132200 0.053800 0.097400 0.009200 0.102100 0.089500 0.112600 0.141200 0.086400 0.137900 0.000000 0.055900 0.110000 0.061200 0.082000 0.076600 0.153400 0.139900 0.092000 0.142100 0.146100 0.105200 0.098600 0.087200 0.076200 0.076600 0.128900 0.102300 0.107500
Gemsbok 0.058200 0.436100 0.120700 0.344400 0.108000 0.063100 0.094500 0.112500 0.125800 0.152000 0.060900 0.118500 0.048100 0.084400 0.110700 0.094400 0.131800 0.128800 0.061100 0.130900 0.099400 0.058300 0.144700 0.145400 0.061100 0.107600 0.050800 0.128600 0.102400 0.133900 0.148800 0.096500 0.159900 0.055900 0.000000 0.123000 0.073700 0.102700 0.094600 0.175700 0.158900 0.104900 0.149800 0.153900 0.118100 0.095600 0.105300 0.081000 0.094700 0.134300 0.128800 0.134100
Yak 0.122700 0.411300 0.067800 0.298300 0.137300 0.122400 0.093900 0.106700 0.075100 0.121500 0.120400 0.065500 0.111900 0.089100 0.118100 0.088500 0.086000 0.103900 0.120800 0.075000 0.088500 0.117500 0.114300 0.109600 0.115400 0.104400 0.109800 0.072600 0.101800 0.082700 0.129200 0.111700 0.109800 0.110000 0.123000 0.000000 0.128600 0.126300 0.094000 0.140800 0.122400 0.099000 0.130100 0.117700 0.014100 0.127300 0.110000 0.101400 0.118000 0.101200 0.077900 0.080300
BlueSheep 0.038500 0.443900 0.112900 0.313600 0.089600 0.043300 0.086800 0.112800 0.112600 0.146700 0.036100 0.107900 0.063300 0.076800 0.105500 0.094500 0.121200 0.118100 0.038700 0.117700 0.099600 0.033500 0.139500 0.134700 0.031300 0.110500 0.061100 0.109900 0.097200 0.125900 0.143600 0.088900 0.157300 0.061200 0.073700 0.128600 0.000000 0.079200 0.089500 0.161700 0.153500 0.099800 0.144500 0.148600 0.123800 0.101200 0.094900 0.083700 0.079200 0.134300 0.110200 0.110000
BohorReedb 0.094600 0.428600 0.110600 0.332500 0.033700 0.099600 0.081800 0.105000 0.113000 0.138900 0.076600 0.105600 0.089200 0.076900 0.108400 0.094800 0.116100 0.113000 0.082000 0.118100 0.094600 0.079000 0.131600 0.121400 0.082100 0.105400 0.087000 0.113000 0.097500 0.121000 0.135800 0.089000 0.152700 0.082000 0.102700 0.126300 0.079200 0.000000 0.089700 0.145100 0.140000 0.100000 0.136700 0.135200 0.121500 0.109600 0.095200 0.084000 0.095100 0.134700 0.113300 0.113000
KirksDik 0.089200 0.414500 0.099600 0.311400 0.089700 0.088900 0.061100 0.060700 0.104600 0.127700 0.081600 0.089500 0.078600 0.056200 0.105600 0.053400 0.099700 0.102000 0.076700 0.109600 0.048300 0.073700 0.109800 0.110300 0.076700 0.063500 0.076400 0.101900 0.056000 0.112500 0.124700 0.073400 0.108100 0.076600 0.094600 0.094000 0.089500 0.089700 0.000000 0.139000 0.123300 0.063500 0.130900 0.123800 0.089200 0.101100 0.063700 0.073500 0.089700 0.112700 0.107500 0.107300
RoeDeer 0.166700 0.424500 0.116500 0.297200 0.159300 0.166400 0.141600 0.143700 0.121600 0.083000 0.147500 0.125300 0.160800 0.131200 0.164800 0.136100 0.116100 0.121100 0.147900 0.126800 0.138400 0.149800 0.070700 0.060900 0.147900 0.152800 0.158700 0.118900 0.150100 0.129700 0.085300 0.140700 0.132900 0.153400 0.175700 0.140800 0.161700 0.145100 0.139000 0.000000 0.078400 0.147100 0.075600 0.065900 0.135900 0.181300 0.153300 0.132900 0.170400 0.137800 0.124700 0.124500
WhiteLippe 0.153000 0.390900 0.112000 0.278200 0.148400 0.158300 0.123100 0.136200 0.111700 0.057000 0.139600 0.112600 0.141700 0.112900 0.156700 0.123100 0.103700 0.113900 0.140000 0.116800 0.128200 0.136500 0.021000 0.055100 0.140000 0.139500 0.139600 0.114400 0.131300 0.119600 0.059300 0.117200 0.112000 0.139900 0.158900 0.122400 0.153500 0.140000 0.123300 0.078400 0.000000 0.133900 0.049800 0.067500 0.117600 0.161000 0.131700 0.120100 0.159400 0.119600 0.120100 0.119900
ThomsonGaz 0.099400 0.392600 0.115300 0.331600 0.105300 0.099200 0.060900 0.070800 0.120400 0.127400 0.091800 0.105100 0.094000 0.056100 0.110700 0.033500 0.115500 0.109800 0.092100 0.120100 0.043300 0.089000 0.120200 0.120800 0.086900 0.019000 0.091800 0.117700 0.040900 0.128400 0.129800 0.068100 0.124000 0.092000 0.104900 0.099000 0.099800 0.100000 0.063500 0.147100 0.133900 0.000000 0.136200 0.123500 0.099500 0.106300 0.073800 0.088800 0.100000 0.123200 0.123400 0.123200
MuntiacusC 0.144100 0.407900 0.103800 0.280200 0.139500 0.149300 0.120100 0.138400 0.103500 0.006900 0.130800 0.114900 0.144000 0.115200 0.153200 0.125300 0.095600 0.105800 0.136700 0.108500 0.135900 0.127900 0.042500 0.052400 0.125800 0.136300 0.141900 0.106100 0.144500 0.111300 0.013800 0.103500 0.130400 0.142100 0.149800 0.130100 0.144500 0.136700 0.130900 0.075600 0.049800 0.136200 0.000000 0.064800 0.125300 0.169100 0.144900 0.114500 0.161700 0.121900 0.111700 0.111500
WhiteTaile 0.150900 0.398100 0.101900 0.302100 0.143500 0.156100 0.123700 0.125800 0.101600 0.067000 0.140200 0.113100 0.147900 0.118800 0.154600 0.112900 0.104200 0.109200 0.140600 0.106600 0.123400 0.137100 0.060000 0.016400 0.140600 0.129000 0.145800 0.101700 0.126500 0.109400 0.069300 0.128300 0.128900 0.146100 0.153900 0.117700 0.148600 0.135200 0.123800 0.065900 0.067500 0.123500 0.064800 0.000000 0.112800 0.156300 0.135000 0.115200 0.154500 0.117500 0.109800 0.107000
Cattle 0.117900 0.414700 0.063000 0.297100 0.132500 0.117600 0.089100 0.107100 0.070400 0.116700 0.115600 0.060800 0.107100 0.084300 0.113300 0.088900 0.081200 0.099200 0.116000 0.070200 0.083700 0.112700 0.109500 0.099500 0.110600 0.099500 0.105000 0.067900 0.102300 0.078000 0.124400 0.106900 0.105000 0.105200 0.118100 0.014100 0.123800 0.121500 0.089200 0.135900 0.117600 0.099500 0.125300 0.112800 0.000000 0.116900 0.105200 0.091400 0.107800 0.093800 0.073100 0.075600
RoyalAntel 0.100700 0.412300 0.125000 0.360000 0.120600 0.105800 0.082400 0.119500 0.130100 0.171200 0.095800 0.111800 0.095300 0.082800 0.112100 0.095600 0.128100 0.124900 0.090800 0.135400 0.090100 0.087700 0.158100 0.147700 0.093400 0.100900 0.098400 0.133000 0.103700 0.138300 0.167900 0.095100 0.168300 0.098600 0.095600 0.127300 0.101200 0.109600 0.101100 0.181300 0.161000 0.106300 0.169100 0.156300 0.116900 0.000000 0.104100 0.089900 0.096000 0.147200 0.133300 0.138600
Steenbok 0.089300 0.418700 0.110400 0.315200 0.100500 0.094400 0.071400 0.091700 0.115400 0.141500 0.081800 0.110900 0.089200 0.066500 0.113700 0.073900 0.126800 0.123600 0.087300 0.115100 0.066000 0.079000 0.117900 0.124000 0.082100 0.079000 0.087000 0.112800 0.081700 0.123400 0.138400 0.083800 0.135600 0.087200 0.105300 0.110000 0.094900 0.095200 0.063700 0.153300 0.131700 0.073800 0.144900 0.135000 0.105200 0.104100 0.000000 0.089100 0.100400 0.134600 0.113000 0.118200
Impala 0.080800 0.419100 0.091200 0.306500 0.094400 0.080600 0.076000 0.096300 0.096200 0.119200 0.073400 0.081300 0.070600 0.071200 0.086400 0.078600 0.099300 0.096400 0.073600 0.101200 0.078300 0.068200 0.106600 0.101900 0.071100 0.088900 0.073400 0.093600 0.091500 0.098700 0.113500 0.078100 0.134800 0.076200 0.081000 0.101400 0.083700 0.084000 0.073500 0.132900 0.120100 0.088800 0.114500 0.115200 0.091400 0.089900 0.089100 0.000000 0.083900 0.107000 0.093800 0.098900
Klipspring 0.084100 0.436200 0.107700 0.335000 0.105800 0.083900 0.073900 0.107700 0.112700 0.163800 0.071400 0.105500 0.078700 0.074300 0.108500 0.089500 0.121400 0.126400 0.082000 0.117800 0.094500 0.073800 0.150800 0.140500 0.071700 0.110700 0.076500 0.110100 0.097400 0.115300 0.160600 0.091600 0.146800 0.076600 0.094700 0.118000 0.079200 0.095100 0.089700 0.170400 0.159400 0.100000 0.161700 0.154500 0.107800 0.096000 0.100400 0.083900 0.000000 0.131900 0.110300 0.115500
ForestMusk 0.139400 0.442800 0.098800 0.297300 0.145800 0.144600 0.099200 0.125600 0.101100 0.124100 0.126000 0.091400 0.125400 0.099700 0.134800 0.112500 0.104300 0.096100 0.137500 0.100900 0.117600 0.117700 0.111600 0.104200 0.126500 0.128700 0.128600 0.098500 0.115300 0.103700 0.121100 0.119900 0.109000 0.128900 0.134300 0.101200 0.134300 0.134700 0.112700 0.137800 0.119600 0.123200 0.121900 0.117500 0.093800 0.147200 0.134600 0.107000 0.131900 0.000000 0.104000 0.101300
Bushbuck 0.120400 0.410300 0.014100 0.296500 0.129500 0.125500 0.096800 0.123000 0.016400 0.113900 0.112700 0.073300 0.104200 0.091900 0.105000 0.110000 0.078600 0.086000 0.113100 0.021100 0.107100 0.104400 0.111900 0.096600 0.107700 0.128900 0.102100 0.014000 0.120800 0.023500 0.116200 0.104000 0.126500 0.102300 0.128800 0.077900 0.110200 0.113300 0.107500 0.124700 0.120100 0.123400 0.111700 0.109800 0.073100 0.133300 0.113000 0.093800 0.110300 0.104000 0.000000 0.021200
GreaterKud 0.114900 0.412700 0.011700 0.286300 0.129200 0.120000 0.096600 0.122800 0.014000 0.113700 0.112600 0.070600 0.109400 0.091700 0.110200 0.109800 0.078400 0.085800 0.113000 0.018700 0.106900 0.104300 0.111800 0.093800 0.107600 0.128700 0.107300 0.007000 0.120600 0.025900 0.116000 0.103900 0.123500 0.107500 0.134100 0.080300 0.110000 0.113000 0.107300 0.124500 0.119900 0.123200 0.111500 0.107000 0.075600 0.138600 0.118200 0.098900 0.115500 0.101300 0.021200 0.000000
