CODONML (in paml version 4.10.7, June 2023)  /home/rachel/ruminants_paml/6406-phy-tree/ENSBTAT00000006622.fasta.phy
Model: free dN/dS Ratios for branches,  kappa = 2.000 fixed

Codon frequency model: F3x4
ns =  54  ls =  45

Codon usage in sequences
--------------------------------------------------------------------------------------------------------------------------------------
Phe TTT   0   0   0   0   0   0 | Ser TCT   0   0   0   0   0   0 | Tyr TAT   0   0   0   0   0   0 | Cys TGT   0   0   0   0   0   0
    TTC   2   2   2   2   2   2 |     TCC   0   0   0   0   0   0 |     TAC   0   0   0   0   0   0 |     TGC   0   0   0   0   0   0
Leu TTA   0   0   0   0   0   0 |     TCA   0   0   0   0   0   0 | *** TAA   0   0   0   0   0   0 | *** TGA   0   0   0   0   0   0
    TTG   0   0   0   0   0   0 |     TCG   0   0   0   0   0   0 |     TAG   0   0   0   0   0   0 | Trp TGG   1   1   1   1   1   1
--------------------------------------------------------------------------------------------------------------------------------------
Leu CTT   0   0   0   0   0   0 | Pro CCT   2   3   3   2   3   2 | His CAT   1   1   1   1   1   1 | Arg CGT   0   0   1   0   1   0
    CTC   3   2   2   2   2   2 |     CCC   3   2   2   3   2   3 |     CAC   1   1   1   1   1   1 |     CGC   2   2   1   2   1   2
    CTA   1   0   0   0   0   0 |     CCA   0   0   0   0   0   0 | Gln CAA   0   0   0   0   0   0 |     CGA   1   1   1   1   1   1
    CTG   0   2   2   2   2   2 |     CCG   0   0   0   0   0   0 |     CAG   2   2   2   2   2   2 |     CGG   4   4   4   4   4   4
--------------------------------------------------------------------------------------------------------------------------------------
Ile ATT   0   0   0   0   0   0 | Thr ACT   0   0   0   0   0   0 | Asn AAT   1   2   1   1   2   1 | Ser AGT   0   0   0   0   0   0
    ATC   2   2   2   2   2   2 |     ACC   2   2   2   2   2   2 |     AAC   2   1   2   2   1   2 |     AGC   1   1   1   1   1   1
    ATA   0   0   0   0   0   0 |     ACA   0   0   0   0   0   0 | Lys AAA   1   1   1   1   1   1 | Arg AGA   0   0   0   0   0   0
Met ATG   1   1   1   1   1   1 |     ACG   0   0   0   0   0   0 |     AAG   1   1   1   1   1   1 |     AGG   0   0   0   0   0   0
--------------------------------------------------------------------------------------------------------------------------------------
Val GTT   1   0   1   0   0   0 | Ala GCT   1   1   2   1   1   1 | Asp GAT   0   0   0   0   0   0 | Gly GGT   0   0   0   0   0   0
    GTC   0   1   0   1   1   1 |     GCC   3   2   2   2   3   3 |     GAC   0   0   0   0   0   0 |     GGC   0   0   0   0   0   0
    GTA   0   0   0   0   0   0 |     GCA   0   0   0   1   1   0 | Glu GAA   0   0   0   0   1   0 |     GGA   0   0   0   0   0   0
    GTG   2   2   2   2   2   2 |     GCG   1   2   1   1   0   1 |     GAG   2   2   2   2   1   2 |     GGG   1   1   1   1   1   1
--------------------------------------------------------------------------------------------------------------------------------------

--------------------------------------------------------------------------------------------------------------------------------------
Phe TTT   0   0   0   0   0   0 | Ser TCT   0   0   0   0   0   0 | Tyr TAT   0   0   0   0   0   0 | Cys TGT   0   0   0   0   0   0
    TTC   2   2   2   2   2   2 |     TCC   0   0   0   0   0   0 |     TAC   0   0   0   0   0   0 |     TGC   0   0   0   0   0   0
Leu TTA   0   0   0   0   0   0 |     TCA   0   0   0   0   0   0 | *** TAA   0   0   0   0   0   0 | *** TGA   0   0   0   0   0   0
    TTG   0   0   0   0   0   0 |     TCG   0   0   0   0   0   0 |     TAG   0   0   0   0   0   0 | Trp TGG   1   1   1   1   1   1
--------------------------------------------------------------------------------------------------------------------------------------
Leu CTT   0   0   0   0   0   0 | Pro CCT   2   2   2   2   3   1 | His CAT   1   1   1   1   1   1 | Arg CGT   0   0   0   0   1   0
    CTC   2   3   2   2   2   2 |     CCC   3   3   3   3   2   4 |     CAC   1   1   1   1   1   1 |     CGC   2   2   2   2   1   2
    CTA   0   1   0   0   0   0 |     CCA   0   0   0   0   0   0 | Gln CAA   0   0   0   0   0   0 |     CGA   1   1   1   2   1   1
    CTG   2   0   2   2   2   2 |     CCG   0   0   0   0   0   0 |     CAG   2   2   2   2   2   2 |     CGG   4   4   4   3   4   4
--------------------------------------------------------------------------------------------------------------------------------------
Ile ATT   0   0   0   0   0   0 | Thr ACT   0   0   0   0   0   1 | Asn AAT   1   1   1   1   1   2 | Ser AGT   0   0   0   0   0   0
    ATC   2   2   1   2   2   2 |     ACC   2   2   2   2   2   1 |     AAC   2   2   2   2   2   1 |     AGC   1   1   1   1   1   1
    ATA   0   0   1   0   0   0 |     ACA   0   0   0   0   0   0 | Lys AAA   1   1   1   1   1   1 | Arg AGA   0   0   0   0   0   0
Met ATG   1   1   1   1   1   1 |     ACG   0   0   0   0   0   0 |     AAG   1   1   1   1   1   1 |     AGG   0   0   0   0   0   0
--------------------------------------------------------------------------------------------------------------------------------------
Val GTT   0   1   0   0   1   0 | Ala GCT   1   1   1   1   2   2 | Asp GAT   0   0   0   0   0   0 | Gly GGT   0   0   0   0   0   0
    GTC   1   0   1   1   0   1 |     GCC   3   3   3   3   2   2 |     GAC   0   0   0   0   0   0 |     GGC   0   0   0   0   0   0
    GTA   0   0   0   0   0   0 |     GCA   0   0   0   0   0   0 | Glu GAA   0   1   0   0   0   0 |     GGA   0   0   0   0   0   0
    GTG   2   2   2   2   2   2 |     GCG   1   1   1   1   1   1 |     GAG   2   1   2   2   2   2 |     GGG   1   1   1   1   1   1
--------------------------------------------------------------------------------------------------------------------------------------

--------------------------------------------------------------------------------------------------------------------------------------
Phe TTT   0   0   0   0   0   1 | Ser TCT   0   0   0   0   0   0 | Tyr TAT   0   0   0   0   0   0 | Cys TGT   0   0   0   0   0   0
    TTC   2   2   2   2   2   1 |     TCC   0   0   0   0   0   0 |     TAC   0   0   0   0   0   0 |     TGC   0   0   0   0   0   0
Leu TTA   0   0   0   0   0   0 |     TCA   0   0   0   0   0   0 | *** TAA   0   0   0   0   0   0 | *** TGA   0   0   0   0   0   0
    TTG   0   0   0   0   0   0 |     TCG   0   0   0   0   0   0 |     TAG   0   0   0   0   0   0 | Trp TGG   1   1   1   1   1   1
--------------------------------------------------------------------------------------------------------------------------------------
Leu CTT   0   0   0   0   0   0 | Pro CCT   2   3   2   2   2   3 | His CAT   1   1   1   1   1   1 | Arg CGT   0   0   0   0   0   0
    CTC   3   2   2   2   2   2 |     CCC   3   2   3   3   3   2 |     CAC   1   1   1   1   1   1 |     CGC   2   2   2   2   2   2
    CTA   1   0   1   0   0   0 |     CCA   0   0   0   0   0   0 | Gln CAA   0   0   0   0   0   0 |     CGA   1   1   1   1   1   2
    CTG   0   2   1   2   2   2 |     CCG   0   0   0   0   0   0 |     CAG   2   2   2   2   2   2 |     CGG   4   4   4   4   4   3
--------------------------------------------------------------------------------------------------------------------------------------
Ile ATT   0   0   0   0   0   0 | Thr ACT   0   0   0   0   0   0 | Asn AAT   1   1   1   2   2   1 | Ser AGT   0   0   0   0   0   0
    ATC   2   2   2   1   1   2 |     ACC   2   2   2   2   2   2 |     AAC   2   2   2   1   1   2 |     AGC   1   1   1   1   1   1
    ATA   0   0   0   1   1   0 |     ACA   0   0   0   0   0   0 | Lys AAA   1   1   1   1   1   1 | Arg AGA   0   0   0   0   0   0
Met ATG   1   1   1   1   1   1 |     ACG   0   1   0   0   0   0 |     AAG   1   1   1   1   1   1 |     AGG   0   0   0   0   0   0
--------------------------------------------------------------------------------------------------------------------------------------
Val GTT   0   1   1   0   0   0 | Ala GCT   1   1   1   1   1   2 | Asp GAT   0   0   0   0   0   0 | Gly GGT   0   0   0   0   0   0
    GTC   1   0   0   1   1   1 |     GCC   3   3   3   3   3   2 |     GAC   0   0   0   0   0   0 |     GGC   0   0   0   0   0   0
    GTA   0   0   0   0   0   0 |     GCA   0   0   0   0   0   0 | Glu GAA   0   0   0   0   0   0 |     GGA   0   0   0   0   0   0
    GTG   2   2   2   2   2   2 |     GCG   1   0   1   1   1   1 |     GAG   2   2   2   2   2   2 |     GGG   1   1   1   1   1   1
--------------------------------------------------------------------------------------------------------------------------------------

--------------------------------------------------------------------------------------------------------------------------------------
Phe TTT   0   0   0   0   0   0 | Ser TCT   0   0   0   0   0   0 | Tyr TAT   0   0   0   0   0   0 | Cys TGT   0   0   0   0   0   0
    TTC   2   2   2   2   2   2 |     TCC   0   0   0   0   0   0 |     TAC   0   0   0   0   0   0 |     TGC   0   0   0   0   0   0
Leu TTA   0   0   0   0   0   0 |     TCA   0   0   0   0   0   0 | *** TAA   0   0   0   0   0   0 | *** TGA   0   0   0   0   0   0
    TTG   1   0   0   0   0   0 |     TCG   0   0   0   0   0   0 |     TAG   0   0   0   0   0   0 | Trp TGG   1   1   1   1   1   1
--------------------------------------------------------------------------------------------------------------------------------------
Leu CTT   0   0   0   0   0   0 | Pro CCT   2   3   2   3   3   3 | His CAT   1   1   1   1   1   0 | Arg CGT   0   0   0   1   0   1
    CTC   2   2   2   2   2   2 |     CCC   3   2   3   2   2   2 |     CAC   1   1   1   1   1   1 |     CGC   2   2   2   1   2   2
    CTA   0   0   1   0   0   1 |     CCA   0   0   0   0   0   0 | Gln CAA   0   0   0   0   0   0 |     CGA   0   0   1   1   2   1
    CTG   1   2   1   2   2   1 |     CCG   0   0   0   0   0   0 |     CAG   2   2   2   2   2   2 |     CGG   4   4   4   4   3   4
--------------------------------------------------------------------------------------------------------------------------------------
Ile ATT   0   0   0   0   0   0 | Thr ACT   0   0   0   0   0   0 | Asn AAT   0   0   1   1   1   1 | Ser AGT   0   0   0   0   0   0
    ATC   2   2   2   2   2   2 |     ACC   3   2   2   2   2   2 |     AAC   3   3   2   2   2   2 |     AGC   1   1   1   1   1   1
    ATA   0   0   0   0   0   0 |     ACA   0   0   0   0   0   0 | Lys AAA   1   1   1   1   1   1 | Arg AGA   0   0   0   0   0   0
Met ATG   1   1   1   1   1   1 |     ACG   0   0   0   0   0   0 |     AAG   1   1   1   1   1   1 |     AGG   1   1   0   0   0   0
--------------------------------------------------------------------------------------------------------------------------------------
Val GTT   0   0   0   1   0   0 | Ala GCT   1   1   1   2   1   1 | Asp GAT   0   0   0   0   0   0 | Gly GGT   0   0   0   0   0   0
    GTC   1   1   1   0   1   1 |     GCC   2   3   3   2   3   3 |     GAC   0   0   0   0   0   0 |     GGC   0   0   0   0   0   0
    GTA   0   0   0   0   0   0 |     GCA   0   0   0   1   0   0 | Glu GAA   0   0   0   0   0   0 |     GGA   0   0   0   0   0   0
    GTG   2   2   2   2   2   2 |     GCG   1   1   1   0   1   1 |     GAG   2   2   2   2   2   2 |     GGG   1   1   1   1   1   1
--------------------------------------------------------------------------------------------------------------------------------------

--------------------------------------------------------------------------------------------------------------------------------------
Phe TTT   0   0   0   0   0   0 | Ser TCT   0   0   0   0   0   0 | Tyr TAT   0   0   0   0   0   0 | Cys TGT   0   0   0   0   0   0
    TTC   2   2   2   2   2   2 |     TCC   0   0   0   0   0   0 |     TAC   0   0   0   0   0   0 |     TGC   0   0   0   0   0   0
Leu TTA   0   0   0   0   0   0 |     TCA   0   0   0   0   0   0 | *** TAA   0   0   0   0   0   0 | *** TGA   0   0   0   0   0   0
    TTG   0   0   0   0   0   0 |     TCG   0   0   0   0   0   0 |     TAG   0   0   0   0   0   0 | Trp TGG   1   1   1   1   1   1
--------------------------------------------------------------------------------------------------------------------------------------
Leu CTT   0   0   0   0   0   0 | Pro CCT   2   1   1   3   2   3 | His CAT   1   1   1   1   1   1 | Arg CGT   0   0   0   0   0   1
    CTC   2   2   3   2   2   2 |     CCC   3   4   4   2   3   2 |     CAC   1   1   1   1   1   1 |     CGC   2   2   2   2   2   1
    CTA   0   0   1   0   1   0 |     CCA   0   0   0   0   0   0 | Gln CAA   0   0   0   0   0   0 |     CGA   1   1   1   2   1   1
    CTG   2   2   0   2   1   2 |     CCG   0   0   0   0   0   0 |     CAG   2   2   2   2   2   2 |     CGG   4   4   4   3   4   4
--------------------------------------------------------------------------------------------------------------------------------------
Ile ATT   0   0   0   0   0   0 | Thr ACT   1   0   0   0   0   0 | Asn AAT   1   1   1   1   1   1 | Ser AGT   0   0   0   0   0   0
    ATC   2   2   2   2   2   2 |     ACC   1   2   2   2   2   2 |     AAC   2   2   2   2   2   2 |     AGC   1   1   1   1   1   1
    ATA   0   0   0   0   0   0 |     ACA   0   0   0   0   0   0 | Lys AAA   1   1   1   1   1   1 | Arg AGA   0   0   0   0   0   0
Met ATG   1   1   1   1   1   1 |     ACG   0   0   0   0   0   0 |     AAG   1   1   1   1   1   1 |     AGG   0   0   0   0   0   0
--------------------------------------------------------------------------------------------------------------------------------------
Val GTT   0   1   0   0   1   1 | Ala GCT   2   1   1   1   1   2 | Asp GAT   0   0   0   0   0   0 | Gly GGT   0   0   0   0   0   0
    GTC   1   0   1   1   0   0 |     GCC   2   3   3   3   3   2 |     GAC   0   0   0   0   0   0 |     GGC   0   0   0   0   0   0
    GTA   0   0   0   0   0   0 |     GCA   1   0   0   0   0   0 | Glu GAA   0   0   0   0   0   0 |     GGA   0   0   1   0   0   0
    GTG   2   2   2   2   2   2 |     GCG   0   1   1   1   1   1 |     GAG   2   2   2   2   2   2 |     GGG   1   1   0   1   1   1
--------------------------------------------------------------------------------------------------------------------------------------

--------------------------------------------------------------------------------------------------------------------------------------
Phe TTT   0   0   0   0   0   0 | Ser TCT   0   0   0   0   0   0 | Tyr TAT   0   0   0   0   0   0 | Cys TGT   0   0   0   0   0   0
    TTC   2   2   2   2   2   2 |     TCC   0   0   0   0   0   0 |     TAC   0   0   0   0   0   0 |     TGC   0   0   0   0   0   0
Leu TTA   0   0   0   0   0   0 |     TCA   0   0   0   0   0   0 | *** TAA   0   0   0   0   0   0 | *** TGA   0   0   0   0   0   0
    TTG   0   0   0   0   0   0 |     TCG   0   0   0   0   0   0 |     TAG   0   0   0   0   0   0 | Trp TGG   1   1   1   1   1   1
--------------------------------------------------------------------------------------------------------------------------------------
Leu CTT   0   0   0   0   0   0 | Pro CCT   3   3   1   2   0   2 | His CAT   1   1   1   1   1   1 | Arg CGT   0   1   0   0   0   0
    CTC   2   2   2   2   2   2 |     CCC   2   2   4   3   3   3 |     CAC   1   1   1   1   1   1 |     CGC   2   1   2   2   2   2
    CTA   0   0   0   0   0   1 |     CCA   0   0   0   0   1   0 | Gln CAA   0   0   0   0   0   0 |     CGA   2   1   1   1   1   1
    CTG   2   2   2   2   2   1 |     CCG   0   0   0   0   1   0 |     CAG   2   2   2   2   2   2 |     CGG   3   4   4   4   4   4
--------------------------------------------------------------------------------------------------------------------------------------
Ile ATT   0   0   0   0   0   0 | Thr ACT   0   0   1   0   0   0 | Asn AAT   1   1   2   1   1   1 | Ser AGT   0   0   0   0   0   0
    ATC   2   2   2   1   2   2 |     ACC   2   2   1   2   2   2 |     AAC   2   2   1   2   2   2 |     AGC   1   1   1   1   1   1
    ATA   0   0   0   1   0   0 |     ACA   0   0   0   0   0   0 | Lys AAA   1   1   1   1   1   1 | Arg AGA   0   0   0   0   0   0
Met ATG   1   1   1   1   1   1 |     ACG   0   0   0   0   0   0 |     AAG   1   1   1   1   1   1 |     AGG   0   0   0   0   0   0
--------------------------------------------------------------------------------------------------------------------------------------
Val GTT   0   1   0   0   0   1 | Ala GCT   1   2   2   2   2   1 | Asp GAT   0   0   0   0   0   0 | Gly GGT   0   0   0   0   0   0
    GTC   1   0   1   1   1   0 |     GCC   3   2   2   2   1   3 |     GAC   0   0   0   0   0   0 |     GGC   0   0   0   0   0   0
    GTA   0   0   0   0   0   0 |     GCA   0   0   0   0   0   0 | Glu GAA   0   0   0   0   0   0 |     GGA   0   0   0   0   0   0
    GTG   2   2   2   2   2   2 |     GCG   1   1   1   1   2   1 |     GAG   2   2   2   2   2   2 |     GGG   1   1   1   1   1   1
--------------------------------------------------------------------------------------------------------------------------------------

--------------------------------------------------------------------------------------------------------------------------------------
Phe TTT   1   0   0   0   0   0 | Ser TCT   0   0   0   0   0   0 | Tyr TAT   0   0   0   0   0   0 | Cys TGT   0   0   0   0   0   0
    TTC   1   2   2   2   2   2 |     TCC   0   0   0   0   0   0 |     TAC   0   0   0   0   0   0 |     TGC   0   0   0   0   0   0
Leu TTA   0   0   0   0   0   0 |     TCA   0   0   0   0   0   0 | *** TAA   0   0   0   0   0   0 | *** TGA   0   0   0   0   0   0
    TTG   0   0   0   0   0   0 |     TCG   0   0   0   0   0   0 |     TAG   0   0   0   0   0   0 | Trp TGG   1   1   1   1   1   1
--------------------------------------------------------------------------------------------------------------------------------------
Leu CTT   0   0   0   0   0   0 | Pro CCT   2   3   2   2   2   2 | His CAT   0   1   1   1   1   1 | Arg CGT   0   0   1   0   0   0
    CTC   2   2   3   2   2   2 |     CCC   3   2   3   3   3   3 |     CAC   2   1   1   1   1   1 |     CGC   2   2   1   2   2   2
    CTA   1   0   1   0   0   0 |     CCA   0   0   0   0   0   0 | Gln CAA   0   0   0   0   0   0 |     CGA   1   1   1   2   2   1
    CTG   1   2   0   2   2   2 |     CCG   0   0   0   0   0   0 |     CAG   2   2   2   2   2   2 |     CGG   4   4   4   3   3   4
--------------------------------------------------------------------------------------------------------------------------------------
Ile ATT   0   0   0   0   0   0 | Thr ACT   0   0   0   0   0   0 | Asn AAT   1   1   1   1   1   1 | Ser AGT   0   0   0   0   0   0
    ATC   2   2   2   2   2   2 |     ACC   2   2   2   2   2   2 |     AAC   2   2   2   2   2   2 |     AGC   1   1   1   1   1   1
    ATA   0   0   0   0   0   0 |     ACA   0   0   0   0   0   0 | Lys AAA   1   1   1   1   1   1 | Arg AGA   0   0   0   0   0   0
Met ATG   1   1   1   1   1   1 |     ACG   0   0   0   0   0   0 |     AAG   1   1   1   1   1   1 |     AGG   0   0   0   0   0   0
--------------------------------------------------------------------------------------------------------------------------------------
Val GTT   1   1   0   0   0   0 | Ala GCT   1   2   1   1   1   1 | Asp GAT   0   0   0   0   0   0 | Gly GGT   0   0   0   0   0   0
    GTC   0   0   1   1   1   1 |     GCC   3   2   3   3   3   3 |     GAC   0   0   0   0   0   0 |     GGC   0   0   0   0   0   0
    GTA   0   0   0   0   0   0 |     GCA   0   0   0   0   0   0 | Glu GAA   0   0   0   0   0   0 |     GGA   0   0   0   0   0   0
    GTG   2   2   2   2   2   2 |     GCG   1   1   1   1   1   1 |     GAG   2   2   2   2   2   2 |     GGG   1   1   1   1   1   1
--------------------------------------------------------------------------------------------------------------------------------------

--------------------------------------------------------------------------------------------------------------------------------------
Phe TTT   0   0   0   1   0   1 | Ser TCT   0   0   0   0   0   0 | Tyr TAT   0   0   0   0   0   0 | Cys TGT   0   0   0   0   0   0
    TTC   2   2   2   1   2   1 |     TCC   0   0   0   0   0   0 |     TAC   0   0   0   0   0   0 |     TGC   0   0   0   0   0   0
Leu TTA   0   0   0   0   0   0 |     TCA   0   0   0   0   0   0 | *** TAA   0   0   0   0   0   0 | *** TGA   0   0   0   0   0   0
    TTG   0   0   0   0   0   0 |     TCG   0   0   0   0   0   0 |     TAG   0   0   0   0   0   0 | Trp TGG   1   1   1   1   1   1
--------------------------------------------------------------------------------------------------------------------------------------
Leu CTT   0   0   0   0   0   0 | Pro CCT   1   3   1   1   3   2 | His CAT   1   1   1   1   1   1 | Arg CGT   0   0   0   0   0   0
    CTC   2   2   2   2   2   2 |     CCC   4   2   4   4   2   3 |     CAC   1   1   1   1   1   1 |     CGC   2   2   2   1   2   2
    CTA   0   0   0   0   0   0 |     CCA   0   0   0   0   0   0 | Gln CAA   0   0   0   0   0   0 |     CGA   1   2   1   2   1   1
    CTG   2   2   2   2   2   2 |     CCG   0   0   0   0   0   0 |     CAG   2   2   2   2   2   2 |     CGG   4   3   4   4   4   4
--------------------------------------------------------------------------------------------------------------------------------------
Ile ATT   0   0   0   0   0   0 | Thr ACT   1   0   1   0   0   0 | Asn AAT   1   1   2   1   1   1 | Ser AGT   0   0   0   0   0   0
    ATC   2   2   2   2   2   2 |     ACC   1   2   1   2   2   2 |     AAC   2   2   1   2   2   2 |     AGC   1   1   1   1   1   1
    ATA   0   0   1   0   0   0 |     ACA   0   0   0   0   0   0 | Lys AAA   1   1   1   1   1   1 | Arg AGA   0   0   0   0   0   0
Met ATG   1   1   0   1   1   1 |     ACG   0   0   0   0   0   0 |     AAG   1   1   1   1   1   1 |     AGG   0   0   0   0   0   0
--------------------------------------------------------------------------------------------------------------------------------------
Val GTT   0   0   0   0   1   0 | Ala GCT   2   1   2   1   2   1 | Asp GAT   0   0   0   0   0   0 | Gly GGT   0   0   0   0   0   0
    GTC   1   1   1   1   0   1 |     GCC   2   3   2   3   2   3 |     GAC   0   0   0   0   0   0 |     GGC   0   0   0   0   0   0
    GTA   0   0   0   0   0   0 |     GCA   0   0   0   0   0   0 | Glu GAA   0   0   0   0   0   0 |     GGA   0   0   0   1   0   0
    GTG   2   2   2   2   2   2 |     GCG   1   1   1   1   1   1 |     GAG   2   2   2   2   2   2 |     GGG   1   1   1   0   1   1
--------------------------------------------------------------------------------------------------------------------------------------

--------------------------------------------------------------------------------------------------------------------------------------
Phe TTT   0   0   0   0   1   0 | Ser TCT   0   0   0   0   0   0 | Tyr TAT   0   0   0   0   0   0 | Cys TGT   0   0   0   0   0   0
    TTC   2   2   2   2   1   2 |     TCC   0   0   0   0   0   0 |     TAC   0   0   0   0   0   0 |     TGC   0   0   0   0   0   0
Leu TTA   0   0   0   0   0   0 |     TCA   0   0   0   0   0   0 | *** TAA   0   0   0   0   0   0 | *** TGA   0   0   0   0   0   0
    TTG   0   0   0   0   0   0 |     TCG   0   0   0   0   0   0 |     TAG   0   0   0   0   0   0 | Trp TGG   1   1   1   1   1   1
--------------------------------------------------------------------------------------------------------------------------------------
Leu CTT   0   0   0   0   0   0 | Pro CCT   2   2   3   2   3   3 | His CAT   1   1   1   1   1   1 | Arg CGT   0   0   0   0   1   1
    CTC   2   2   2   2   2   2 |     CCC   3   3   2   3   2   2 |     CAC   1   1   1   1   1   1 |     CGC   2   2   2   2   1   1
    CTA   0   0   0   0   0   0 |     CCA   0   0   0   0   0   0 | Gln CAA   0   0   0   0   0   0 |     CGA   2   1   1   1   1   1
    CTG   2   2   2   2   2   2 |     CCG   0   0   0   0   0   0 |     CAG   2   2   2   2   2   2 |     CGG   3   4   4   4   4   4
--------------------------------------------------------------------------------------------------------------------------------------
Ile ATT   0   0   0   0   0   0 | Thr ACT   0   0   0   0   0   0 | Asn AAT   1   1   1   1   1   1 | Ser AGT   0   0   0   0   0   0
    ATC   2   1   2   2   2   2 |     ACC   2   2   2   2   2   2 |     AAC   2   2   2   2   2   2 |     AGC   1   1   1   1   1   1
    ATA   0   1   0   0   0   0 |     ACA   0   0   0   0   0   0 | Lys AAA   1   1   1   1   1   1 | Arg AGA   0   0   0   0   0   0
Met ATG   1   1   1   1   1   1 |     ACG   0   0   1   0   0   0 |     AAG   1   1   1   1   1   1 |     AGG   0   0   0   0   0   0
--------------------------------------------------------------------------------------------------------------------------------------
Val GTT   0   1   0   0   1   1 | Ala GCT   1   2   1   1   2   2 | Asp GAT   0   0   0   0   0   0 | Gly GGT   0   0   0   0   0   0
    GTC   1   0   1   1   0   0 |     GCC   3   3   3   2   2   2 |     GAC   0   0   0   0   0   0 |     GGC   0   0   0   0   0   0
    GTA   0   0   0   0   0   0 |     GCA   0   0   0   1   0   0 | Glu GAA   0   0   0   0   0   0 |     GGA   0   0   0   0   0   0
    GTG   2   2   2   2   2   2 |     GCG   1   0   0   1   1   1 |     GAG   2   2   2   2   2   2 |     GGG   1   1   1   1   1   1
--------------------------------------------------------------------------------------------------------------------------------------

Codon position x base (3x4) table for each sequence.

#1: Argali         
position  1:    T:0.06667    C:0.44444    A:0.24444    G:0.24444
position  2:    T:0.26667    C:0.26667    A:0.24444    G:0.22222
position  3:    T:0.13333    C:0.46667    A:0.06667    G:0.33333
Average         T:0.15556    C:0.39259    A:0.18519    G:0.26667

#2: LesserMouseDeer
position  1:    T:0.06667    C:0.44444    A:0.24444    G:0.24444
position  2:    T:0.26667    C:0.26667    A:0.24444    G:0.22222
position  3:    T:0.15556    C:0.40000    A:0.04444    G:0.40000
Average         T:0.16296    C:0.37037    A:0.17778    G:0.28889

#3: LesserKudu     
position  1:    T:0.06667    C:0.44444    A:0.24444    G:0.24444
position  2:    T:0.26667    C:0.26667    A:0.24444    G:0.22222
position  3:    T:0.20000    C:0.37778    A:0.04444    G:0.37778
Average         T:0.17778    C:0.36296    A:0.17778    G:0.28148

#4: ForestMuskDeer2
position  1:    T:0.06667    C:0.44444    A:0.24444    G:0.24444
position  2:    T:0.26667    C:0.26667    A:0.24444    G:0.22222
position  3:    T:0.11111    C:0.44444    A:0.06667    G:0.37778
Average         T:0.14815    C:0.38519    A:0.18519    G:0.28148

#5: Camel          
position  1:    T:0.06667    C:0.44444    A:0.24444    G:0.24444
position  2:    T:0.26667    C:0.26667    A:0.24444    G:0.22222
position  3:    T:0.17778    C:0.40000    A:0.08889    G:0.33333
Average         T:0.17037    C:0.37037    A:0.19259    G:0.26667

#6: KillerWhale    
position  1:    T:0.06667    C:0.44444    A:0.24444    G:0.24444
position  2:    T:0.26667    C:0.26667    A:0.24444    G:0.22222
position  3:    T:0.11111    C:0.46667    A:0.04444    G:0.37778
Average         T:0.14815    C:0.39259    A:0.17778    G:0.28148

#7: DefassaWaterbuck
position  1:    T:0.06667    C:0.44444    A:0.24444    G:0.24444
position  2:    T:0.26667    C:0.26667    A:0.24444    G:0.22222
position  3:    T:0.11111    C:0.46667    A:0.04444    G:0.37778
Average         T:0.14815    C:0.39259    A:0.17778    G:0.28148

#8: Sheep          
position  1:    T:0.06667    C:0.44444    A:0.24444    G:0.24444
position  2:    T:0.26667    C:0.26667    A:0.24444    G:0.22222
position  3:    T:0.13333    C:0.46667    A:0.08889    G:0.31111
Average         T:0.15556    C:0.39259    A:0.19259    G:0.25926

#9: MaxwellsDuiker 
position  1:    T:0.06667    C:0.44444    A:0.24444    G:0.24444
position  2:    T:0.26667    C:0.26667    A:0.24444    G:0.22222
position  3:    T:0.11111    C:0.44444    A:0.06667    G:0.37778
Average         T:0.14815    C:0.38519    A:0.18519    G:0.28148

#10: GazellaPrzewalskyi
position  1:    T:0.06667    C:0.44444    A:0.24444    G:0.24444
position  2:    T:0.26667    C:0.26667    A:0.24444    G:0.22222
position  3:    T:0.11111    C:0.46667    A:0.06667    G:0.35556
Average         T:0.14815    C:0.39259    A:0.18519    G:0.27407

#11: MountainNyala  
position  1:    T:0.06667    C:0.44444    A:0.24444    G:0.24444
position  2:    T:0.26667    C:0.26667    A:0.24444    G:0.22222
position  3:    T:0.20000    C:0.37778    A:0.04444    G:0.37778
Average         T:0.17778    C:0.36296    A:0.17778    G:0.28148

#12: MuntiacusMuntjak
position  1:    T:0.06667    C:0.44444    A:0.24444    G:0.24444
position  2:    T:0.26667    C:0.26667    A:0.24444    G:0.22222
position  3:    T:0.15556    C:0.42222    A:0.04444    G:0.37778
Average         T:0.16296    C:0.37778    A:0.17778    G:0.28148

#13: goat           
position  1:    T:0.06667    C:0.44444    A:0.24444    G:0.24444
position  2:    T:0.26667    C:0.26667    A:0.24444    G:0.22222
position  3:    T:0.11111    C:0.48889    A:0.06667    G:0.33333
Average         T:0.14815    C:0.40000    A:0.18519    G:0.26667

#14: AfricanBuffalo 
position  1:    T:0.06667    C:0.44444    A:0.26667    G:0.22222
position  2:    T:0.26667    C:0.26667    A:0.24444    G:0.22222
position  3:    T:0.15556    C:0.42222    A:0.04444    G:0.37778
Average         T:0.16296    C:0.37778    A:0.18519    G:0.27407

#15: Topi           
position  1:    T:0.06667    C:0.44444    A:0.24444    G:0.24444
position  2:    T:0.26667    C:0.26667    A:0.24444    G:0.22222
position  3:    T:0.13333    C:0.44444    A:0.06667    G:0.35556
Average         T:0.15556    C:0.38519    A:0.18519    G:0.27407

#16: CommonDuiker   
position  1:    T:0.06667    C:0.44444    A:0.24444    G:0.24444
position  2:    T:0.26667    C:0.26667    A:0.24444    G:0.22222
position  3:    T:0.13333    C:0.42222    A:0.06667    G:0.37778
Average         T:0.15556    C:0.37778    A:0.18519    G:0.28148

#17: Suni           
position  1:    T:0.06667    C:0.44444    A:0.24444    G:0.24444
position  2:    T:0.26667    C:0.26667    A:0.24444    G:0.22222
position  3:    T:0.13333    C:0.42222    A:0.06667    G:0.37778
Average         T:0.15556    C:0.37778    A:0.18519    G:0.28148

#18: Springbuck     
position  1:    T:0.06667    C:0.44444    A:0.24444    G:0.24444
position  2:    T:0.26667    C:0.26667    A:0.24444    G:0.22222
position  3:    T:0.17778    C:0.40000    A:0.06667    G:0.35556
Average         T:0.17037    C:0.37037    A:0.18519    G:0.27407

#19: Okapi          
position  1:    T:0.08889    C:0.40000    A:0.28889    G:0.22222
position  2:    T:0.26667    C:0.26667    A:0.24444    G:0.22222
position  3:    T:0.08889    C:0.48889    A:0.02222    G:0.40000
Average         T:0.14815    C:0.38519    A:0.18519    G:0.28148

#20: Giraffe        
position  1:    T:0.06667    C:0.42222    A:0.26667    G:0.24444
position  2:    T:0.26667    C:0.26667    A:0.24444    G:0.22222
position  3:    T:0.11111    C:0.46667    A:0.02222    G:0.40000
Average         T:0.14815    C:0.38519    A:0.17778    G:0.28889

#21: TibetanAntelope
position  1:    T:0.06667    C:0.44444    A:0.24444    G:0.24444
position  2:    T:0.26667    C:0.26667    A:0.24444    G:0.22222
position  3:    T:0.11111    C:0.46667    A:0.06667    G:0.35556
Average         T:0.14815    C:0.39259    A:0.18519    G:0.27407

#22: Sitatunga      
position  1:    T:0.06667    C:0.44444    A:0.24444    G:0.24444
position  2:    T:0.26667    C:0.26667    A:0.24444    G:0.22222
position  3:    T:0.20000    C:0.37778    A:0.06667    G:0.35556
Average         T:0.17778    C:0.36296    A:0.18519    G:0.27407

#23: Oribi          
position  1:    T:0.06667    C:0.44444    A:0.24444    G:0.24444
position  2:    T:0.26667    C:0.26667    A:0.24444    G:0.22222
position  3:    T:0.13333    C:0.44444    A:0.06667    G:0.35556
Average         T:0.15556    C:0.38519    A:0.18519    G:0.27407

#24: BarbarySheep   
position  1:    T:0.06667    C:0.44444    A:0.24444    G:0.24444
position  2:    T:0.26667    C:0.26667    A:0.22222    G:0.24444
position  3:    T:0.13333    C:0.44444    A:0.06667    G:0.35556
Average         T:0.15556    C:0.38519    A:0.17778    G:0.28148

#25: Daviddeer      
position  1:    T:0.06667    C:0.44444    A:0.24444    G:0.24444
position  2:    T:0.26667    C:0.26667    A:0.24444    G:0.22222
position  3:    T:0.15556    C:0.42222    A:0.06667    G:0.35556
Average         T:0.16296    C:0.37778    A:0.18519    G:0.27407

#26: Reindeer       
position  1:    T:0.06667    C:0.44444    A:0.24444    G:0.24444
position  2:    T:0.26667    C:0.26667    A:0.24444    G:0.22222
position  3:    T:0.11111    C:0.46667    A:0.04444    G:0.37778
Average         T:0.14815    C:0.39259    A:0.17778    G:0.28148

#27: Ibex           
position  1:    T:0.06667    C:0.44444    A:0.24444    G:0.24444
position  2:    T:0.26667    C:0.26667    A:0.24444    G:0.22222
position  3:    T:0.08889    C:0.51111    A:0.08889    G:0.31111
Average         T:0.14074    C:0.40741    A:0.19259    G:0.25926

#28: GyrantGazelle  
position  1:    T:0.06667    C:0.44444    A:0.24444    G:0.24444
position  2:    T:0.26667    C:0.26667    A:0.24444    G:0.22222
position  3:    T:0.13333    C:0.44444    A:0.06667    G:0.35556
Average         T:0.15556    C:0.38519    A:0.18519    G:0.27407

#29: Hartebeest     
position  1:    T:0.06667    C:0.44444    A:0.24444    G:0.24444
position  2:    T:0.26667    C:0.26667    A:0.24444    G:0.22222
position  3:    T:0.13333    C:0.44444    A:0.06667    G:0.35556
Average         T:0.15556    C:0.38519    A:0.18519    G:0.27407

#30: Bongo          
position  1:    T:0.06667    C:0.44444    A:0.24444    G:0.24444
position  2:    T:0.26667    C:0.26667    A:0.24444    G:0.22222
position  3:    T:0.20000    C:0.37778    A:0.04444    G:0.37778
Average         T:0.17778    C:0.36296    A:0.17778    G:0.28148

#31: Gerenuk        
position  1:    T:0.06667    C:0.44444    A:0.24444    G:0.24444
position  2:    T:0.26667    C:0.26667    A:0.24444    G:0.22222
position  3:    T:0.13333    C:0.44444    A:0.06667    G:0.35556
Average         T:0.15556    C:0.38519    A:0.18519    G:0.27407

#32: CommonEland    
position  1:    T:0.06667    C:0.44444    A:0.24444    G:0.24444
position  2:    T:0.26667    C:0.26667    A:0.24444    G:0.22222
position  3:    T:0.20000    C:0.37778    A:0.04444    G:0.37778
Average         T:0.17778    C:0.36296    A:0.17778    G:0.28148

#33: MuntiacusReevesi
position  1:    T:0.06667    C:0.44444    A:0.24444    G:0.24444
position  2:    T:0.26667    C:0.26667    A:0.24444    G:0.22222
position  3:    T:0.15556    C:0.42222    A:0.04444    G:0.37778
Average         T:0.16296    C:0.37778    A:0.17778    G:0.28148

#34: HarveysDuiker  
position  1:    T:0.06667    C:0.44444    A:0.24444    G:0.24444
position  2:    T:0.26667    C:0.26667    A:0.24444    G:0.22222
position  3:    T:0.13333    C:0.42222    A:0.06667    G:0.37778
Average         T:0.15556    C:0.37778    A:0.18519    G:0.28148

#35: Pronghorn      
position  1:    T:0.06667    C:0.44444    A:0.24444    G:0.24444
position  2:    T:0.26667    C:0.26667    A:0.24444    G:0.22222
position  3:    T:0.08889    C:0.42222    A:0.06667    G:0.42222
Average         T:0.14074    C:0.37778    A:0.18519    G:0.29630

#36: BlueWildebeest 
position  1:    T:0.06667    C:0.44444    A:0.24444    G:0.24444
position  2:    T:0.26667    C:0.26667    A:0.24444    G:0.22222
position  3:    T:0.13333    C:0.44444    A:0.06667    G:0.35556
Average         T:0.15556    C:0.38519    A:0.18519    G:0.27407

#37: Gemsbok        
position  1:    T:0.06667    C:0.44444    A:0.24444    G:0.24444
position  2:    T:0.26667    C:0.26667    A:0.24444    G:0.22222
position  3:    T:0.13333    C:0.44444    A:0.06667    G:0.35556
Average         T:0.15556    C:0.38519    A:0.18519    G:0.27407

#38: Yak            
position  1:    T:0.06667    C:0.44444    A:0.24444    G:0.24444
position  2:    T:0.26667    C:0.26667    A:0.24444    G:0.22222
position  3:    T:0.17778    C:0.40000    A:0.04444    G:0.37778
Average         T:0.17037    C:0.37037    A:0.17778    G:0.28148

#39: BlueSheep      
position  1:    T:0.06667    C:0.44444    A:0.24444    G:0.24444
position  2:    T:0.26667    C:0.26667    A:0.24444    G:0.22222
position  3:    T:0.13333    C:0.46667    A:0.06667    G:0.33333
Average         T:0.15556    C:0.39259    A:0.18519    G:0.26667

#40: BohorReedbuck  
position  1:    T:0.06667    C:0.44444    A:0.24444    G:0.24444
position  2:    T:0.26667    C:0.26667    A:0.24444    G:0.22222
position  3:    T:0.11111    C:0.46667    A:0.06667    G:0.35556
Average         T:0.14815    C:0.39259    A:0.18519    G:0.27407

#41: KirksDik       
position  1:    T:0.06667    C:0.44444    A:0.24444    G:0.24444
position  2:    T:0.26667    C:0.26667    A:0.24444    G:0.22222
position  3:    T:0.11111    C:0.46667    A:0.06667    G:0.35556
Average         T:0.14815    C:0.39259    A:0.18519    G:0.27407

#42: RoeDeer        
position  1:    T:0.06667    C:0.44444    A:0.24444    G:0.24444
position  2:    T:0.26667    C:0.26667    A:0.24444    G:0.22222
position  3:    T:0.11111    C:0.46667    A:0.04444    G:0.37778
Average         T:0.14815    C:0.39259    A:0.17778    G:0.28148

#43: WhiteLippedDeer
position  1:    T:0.06667    C:0.44444    A:0.24444    G:0.24444
position  2:    T:0.26667    C:0.26667    A:0.24444    G:0.22222
position  3:    T:0.13333    C:0.44444    A:0.04444    G:0.37778
Average         T:0.15556    C:0.38519    A:0.17778    G:0.28148

#44: ThomsonGazelle 
position  1:    T:0.06667    C:0.44444    A:0.24444    G:0.24444
position  2:    T:0.26667    C:0.26667    A:0.24444    G:0.22222
position  3:    T:0.13333    C:0.44444    A:0.06667    G:0.35556
Average         T:0.15556    C:0.38519    A:0.18519    G:0.27407

#45: MuntiacusCrinifrons
position  1:    T:0.06667    C:0.44444    A:0.24444    G:0.24444
position  2:    T:0.26667    C:0.26667    A:0.24444    G:0.22222
position  3:    T:0.15556    C:0.42222    A:0.06667    G:0.35556
Average         T:0.16296    C:0.37778    A:0.18519    G:0.27407

#46: WhiteTailedDeer
position  1:    T:0.06667    C:0.44444    A:0.24444    G:0.24444
position  2:    T:0.26667    C:0.26667    A:0.24444    G:0.22222
position  3:    T:0.11111    C:0.44444    A:0.08889    G:0.35556
Average         T:0.14815    C:0.38519    A:0.19259    G:0.27407

#47: Cattle         
position  1:    T:0.06667    C:0.44444    A:0.24444    G:0.24444
position  2:    T:0.26667    C:0.26667    A:0.24444    G:0.22222
position  3:    T:0.17778    C:0.40000    A:0.04444    G:0.37778
Average         T:0.17037    C:0.37037    A:0.17778    G:0.28148

#48: RoyalAntelope  
position  1:    T:0.06667    C:0.44444    A:0.24444    G:0.24444
position  2:    T:0.26667    C:0.26667    A:0.24444    G:0.22222
position  3:    T:0.13333    C:0.44444    A:0.04444    G:0.37778
Average         T:0.15556    C:0.38519    A:0.17778    G:0.28148

#49: Steenbok       
position  1:    T:0.06667    C:0.44444    A:0.24444    G:0.24444
position  2:    T:0.26667    C:0.26667    A:0.24444    G:0.22222
position  3:    T:0.11111    C:0.46667    A:0.06667    G:0.35556
Average         T:0.14815    C:0.39259    A:0.18519    G:0.27407

#50: Impala         
position  1:    T:0.06667    C:0.44444    A:0.24444    G:0.24444
position  2:    T:0.26667    C:0.26667    A:0.24444    G:0.22222
position  3:    T:0.15556    C:0.42222    A:0.06667    G:0.35556
Average         T:0.16296    C:0.37778    A:0.18519    G:0.27407

#51: Klipspringer   
position  1:    T:0.06667    C:0.44444    A:0.26667    G:0.22222
position  2:    T:0.26667    C:0.26667    A:0.24444    G:0.22222
