1
52 1
Argali 0.000000 0.163500 0.048600 0.148100 0.036400 0.008000 0.027900 0.034200 0.052500 0.040000 0.016000 0.044500 0.031000 0.048800 0.063700 0.040300 0.045900 0.046100 0.028100 0.065600 0.061300 0.000200 0.044300 0.036200 0.016000 0.043900 0.019900 0.048600 0.044400 0.066000 0.044200 0.024000 0.040300 0.028000 0.036600 0.044500 0.011900 0.036400 0.048800 0.036300 0.057000 0.044400 0.040000 0.036000 0.048800 0.053200 0.040500 0.032100 0.028000 0.044600 0.057300 0.056100
LesserMous 0.163500 0.000000 0.181900 0.177000 0.170300 0.174400 0.168500 0.170700 0.180000 0.164500 0.184100 0.171700 0.165600 0.189600 0.180900 0.171200 0.182300 0.187400 0.163700 0.185000 0.196900 0.164300 0.162000 0.147700 0.184100 0.174500 0.157800 0.177400 0.176000 0.185800 0.169500 0.162600 0.172800 0.167800 0.164300 0.171500 0.176300 0.172300 0.155400 0.167800 0.177100 0.176500 0.164400 0.146800 0.176800 0.184900 0.164000 0.167400 0.168000 0.183700 0.166500 0.175000
LesserKudu 0.048600 0.181900 0.000000 0.143500 0.053200 0.040500 0.040000 0.051100 0.015700 0.041800 0.057200 0.028000 0.038900 0.060600 0.088200 0.057000 0.050400 0.062700 0.044600 0.027800 0.074100 0.048800 0.046300 0.036300 0.057200 0.048700 0.027900 0.011800 0.061100 0.019800 0.046100 0.035100 0.047800 0.036100 0.044900 0.027900 0.050700 0.053100 0.065800 0.033600 0.059200 0.061200 0.041800 0.036100 0.032100 0.057400 0.057200 0.048600 0.047200 0.046700 0.019900 0.020000
KillerWhal 0.148100 0.177000 0.143500 0.000000 0.139800 0.149000 0.134000 0.136300 0.151600 0.132500 0.148700 0.138500 0.141200 0.139500 0.154200 0.124600 0.142800 0.157300 0.139200 0.147100 0.157700 0.148900 0.142200 0.124000 0.158400 0.124700 0.133600 0.148500 0.138300 0.138400 0.137100 0.134900 0.129200 0.143100 0.153400 0.138300 0.151000 0.140000 0.142500 0.123900 0.147200 0.120000 0.132300 0.123200 0.132800 0.130400 0.148900 0.140200 0.134100 0.139500 0.148300 0.158100
DefassaWat 0.036400 0.170300 0.053200 0.139800 0.000000 0.036600 0.032100 0.041000 0.057700 0.040800 0.044900 0.049100 0.035200 0.044900 0.068000 0.036400 0.051000 0.055400 0.032400 0.062100 0.057500 0.036600 0.045400 0.037000 0.044900 0.036500 0.024000 0.053400 0.048800 0.062400 0.045100 0.028200 0.034000 0.032200 0.040100 0.049000 0.038500 0.016100 0.044900 0.032200 0.049800 0.040500 0.040800 0.036800 0.044900 0.049300 0.044900 0.028200 0.032300 0.040700 0.062700 0.058100
Sheep 0.008000 0.174400 0.040500 0.149000 0.036600 0.000000 0.019900 0.034500 0.044300 0.040300 0.016100 0.044800 0.022800 0.040600 0.072900 0.040500 0.037700 0.037900 0.028200 0.057400 0.061600 0.008000 0.044500 0.036400 0.016000 0.040600 0.011900 0.040400 0.044600 0.057700 0.044400 0.016000 0.040500 0.020000 0.036800 0.044700 0.012000 0.036600 0.049100 0.028200 0.057300 0.044600 0.040200 0.036200 0.049100 0.053500 0.040700 0.032200 0.028100 0.044900 0.049000 0.045200
MaxwellsDu 0.027900 0.168500 0.040000 0.134000 0.032100 0.019900 0.000000 0.032300 0.040000 0.037600 0.036200 0.040200 0.018200 0.023900 0.068000 0.036000 0.037700 0.041500 0.023900 0.052800 0.056800 0.028000 0.042000 0.031900 0.036200 0.036100 0.007800 0.036100 0.040100 0.053200 0.041800 0.003900 0.036000 0.015800 0.032300 0.040200 0.029600 0.032100 0.044500 0.029300 0.054800 0.031900 0.037500 0.031700 0.044500 0.040500 0.036200 0.027900 0.026700 0.042600 0.044600 0.044600
GazellaPrz 0.034200 0.170700 0.051100 0.136300 0.041000 0.034500 0.032300 0.000000 0.054200 0.044600 0.043100 0.049800 0.035100 0.045000 0.076000 0.020100 0.053100 0.057500 0.032500 0.067800 0.036600 0.034500 0.048900 0.040800 0.043100 0.020200 0.024100 0.050300 0.024200 0.068200 0.048800 0.028400 0.045000 0.032400 0.041200 0.046900 0.036700 0.041000 0.045000 0.045000 0.061800 0.024200 0.044600 0.040600 0.051500 0.049500 0.036700 0.036600 0.024100 0.045100 0.059200 0.055900
MountainNy 0.052500 0.180000 0.015700 0.151600 0.057700 0.044300 0.040000 0.054200 0.000000 0.044100 0.061900 0.030800 0.041800 0.060900 0.089200 0.060900 0.052200 0.064900 0.048000 0.011700 0.078500 0.052900 0.048300 0.039100 0.062000 0.052100 0.030100 0.011700 0.065100 0.019700 0.048200 0.034100 0.050500 0.039000 0.048700 0.030700 0.054400 0.057800 0.070200 0.036100 0.061000 0.065500 0.044000 0.039000 0.035300 0.053400 0.062000 0.048300 0.048600 0.048400 0.011800 0.011900
MuntiacusM 0.040000 0.164500 0.041800 0.132500 0.040800 0.040300 0.037600 0.044600 0.044100 0.000000 0.048500 0.044400 0.038300 0.057700 0.080100 0.048300 0.039800 0.052300 0.036000 0.056600 0.063600 0.040200 0.007900 0.019900 0.048500 0.048400 0.027600 0.040000 0.052500 0.056800 0.003900 0.033500 0.029900 0.035800 0.044700 0.044300 0.042900 0.040800 0.047100 0.015900 0.019800 0.052500 0.000000 0.019700 0.048700 0.061400 0.048500 0.040000 0.035800 0.044300 0.048700 0.046500
goat 0.016000 0.184100 0.057200 0.148700 0.044900 0.016100 0.036200 0.043100 0.061900 0.048500 0.000000 0.053100 0.039600 0.057400 0.081800 0.048800 0.054700 0.055000 0.036400 0.075200 0.070100 0.016100 0.052800 0.044700 0.008000 0.044700 0.028000 0.058200 0.052900 0.075600 0.052700 0.032300 0.048800 0.036300 0.045100 0.053000 0.012000 0.044900 0.057500 0.044700 0.065700 0.052900 0.048500 0.044400 0.056600 0.061900 0.049000 0.040500 0.036300 0.053200 0.066900 0.062100
AfricanBuf 0.044500 0.171700 0.028000 0.138500 0.049100 0.044800 0.040200 0.049800 0.030800 0.044400 0.053100 0.000000 0.043400 0.062500 0.081400 0.053000 0.052800 0.065500 0.040500 0.044100 0.074300 0.044800 0.048700 0.036400 0.053100 0.036300 0.032100 0.027100 0.057100 0.044400 0.048600 0.035300 0.045800 0.040300 0.040800 0.007900 0.046700 0.049000 0.061700 0.044800 0.061400 0.057100 0.044400 0.040300 0.011900 0.053300 0.053100 0.044500 0.040300 0.049000 0.035600 0.032400
Topi 0.031000 0.165600 0.038900 0.141200 0.035200 0.022800 0.018200 0.035100 0.041800 0.038300 0.039600 0.043400 0.000000 0.039200 0.066700 0.039200 0.038500 0.042800 0.026800 0.055200 0.060200 0.031200 0.042700 0.034500 0.039600 0.039200 0.011800 0.038100 0.043300 0.055500 0.042500 0.013700 0.038700 0.019800 0.035600 0.043300 0.032800 0.035300 0.043500 0.031700 0.055600 0.043400 0.038300 0.034400 0.047600 0.052400 0.039500 0.030700 0.026700 0.043200 0.047000 0.043400
CommonDuik 0.048800 0.189600 0.060600 0.139500 0.044900 0.040600 0.023900 0.045000 0.060900 0.057700 0.057400 0.062500 0.039200 0.000000 0.094100 0.048800 0.059300 0.063100 0.044700 0.074300 0.061500 0.049000 0.062300 0.051500 0.057400 0.048800 0.028000 0.057100 0.052900 0.074700 0.062000 0.023400 0.040400 0.036200 0.052500 0.063500 0.051000 0.044800 0.057400 0.049200 0.075600 0.044600 0.057600 0.051200 0.068100 0.053400 0.057400 0.040400 0.039400 0.064400 0.066000 0.065500
Suni 0.063700 0.180900 0.088200 0.154200 0.068000 0.072900 0.068000 0.076000 0.089200 0.080100 0.081800 0.081400 0.066700 0.094100 0.000000 0.063400 0.084700 0.089400 0.063800 0.084800 0.103300 0.064300 0.084700 0.076200 0.073000 0.072200 0.059100 0.085300 0.076400 0.085100 0.084500 0.063500 0.080500 0.067700 0.077300 0.081000 0.075400 0.059500 0.078700 0.071700 0.089300 0.067700 0.080000 0.075800 0.076900 0.077300 0.081300 0.072200 0.067800 0.076700 0.085500 0.091000
Springbuck 0.040300 0.171200 0.057000 0.124600 0.036400 0.040500 0.036000 0.020100 0.060900 0.048300 0.048800 0.053000 0.039200 0.048800 0.063400 0.000000 0.052500 0.056900 0.024000 0.056300 0.044500 0.040500 0.052600 0.044500 0.048800 0.015900 0.027900 0.057100 0.019900 0.056600 0.052500 0.032200 0.048600 0.036100 0.044900 0.052900 0.042400 0.036400 0.040400 0.040400 0.056800 0.011900 0.048300 0.044200 0.048800 0.044800 0.040400 0.040300 0.028000 0.044600 0.056900 0.061900
Okapi 0.045900 0.182300 0.050400 0.142800 0.051000 0.037700 0.037700 0.053100 0.052200 0.039800 0.054700 0.052800 0.038500 0.059300 0.084700 0.052500 0.000000 0.019700 0.040100 0.060700 0.078100 0.046200 0.048100 0.036000 0.054700 0.056800 0.027700 0.048300 0.052500 0.060900 0.043900 0.033600 0.040000 0.035900 0.053100 0.044300 0.048500 0.051000 0.061200 0.031900 0.060800 0.056700 0.039800 0.035800 0.057000 0.069900 0.056900 0.048400 0.044100 0.061100 0.052800 0.055000
Giraffe 0.046100 0.187400 0.062700 0.157300 0.055400 0.037900 0.041500 0.057500 0.064900 0.052300 0.055000 0.065500 0.042800 0.063100 0.089400 0.056900 0.019700 0.000000 0.044300 0.073500 0.082600 0.046400 0.060700 0.048400 0.055000 0.061200 0.031900 0.060900 0.061000 0.073800 0.056500 0.037400 0.052500 0.040100 0.057500 0.057000 0.048700 0.055500 0.065600 0.044300 0.073600 0.061100 0.052200 0.048200 0.069900 0.074400 0.061300 0.052700 0.048400 0.065400 0.065500 0.067600
TibetanAnt 0.028100 0.163700 0.044600 0.139200 0.032400 0.028200 0.023900 0.032500 0.048000 0.036000 0.036400 0.040500 0.026800 0.044700 0.063800 0.024000 0.040100 0.044300 0.000000 0.056900 0.057200 0.028200 0.040200 0.032200 0.036400 0.039400 0.015900 0.044300 0.036200 0.057200 0.040100 0.020000 0.036300 0.024000 0.032500 0.040500 0.030000 0.032400 0.040600 0.036400 0.052900 0.036300 0.036000 0.032000 0.044800 0.049100 0.038300 0.028100 0.024000 0.040600 0.048500 0.049300
Sitatunga 0.065600 0.185000 0.027800 0.147100 0.062100 0.057400 0.052800 0.067800 0.011700 0.056600 0.075200 0.044100 0.055200 0.074300 0.084800 0.056300 0.060700 0.073500 0.056900 0.000000 0.092000 0.066200 0.061000 0.052300 0.075300 0.056400 0.043300 0.023700 0.069500 0.007900 0.060900 0.047400 0.063900 0.052100 0.062000 0.044000 0.067900 0.062200 0.074600 0.040300 0.065300 0.060900 0.056600 0.052100 0.039600 0.057800 0.075300 0.061300 0.061400 0.052700 0.015800 0.024000
Oribi 0.061300 0.196900 0.074100 0.157700 0.057500 0.061600 0.056800 0.036600 0.078500 0.063600 0.070100 0.074300 0.060200 0.061500 0.103300 0.044500 0.078100 0.082600 0.057200 0.092000 0.000000 0.061600 0.068100 0.061400 0.070100 0.044600 0.048500 0.074700 0.048600 0.092400 0.059200 0.053000 0.069900 0.057000 0.066300 0.074200 0.063900 0.057400 0.069100 0.065700 0.081400 0.048600 0.063500 0.061000 0.078800 0.074700 0.061500 0.061300 0.048600 0.070100 0.083700 0.079300
BarbaryShe 0.000200 0.164300 0.048800 0.148900 0.036600 0.008000 0.028000 0.034500 0.052900 0.040200 0.016100 0.044800 0.031200 0.049000 0.064300 0.040500 0.046200 0.046400 0.028200 0.066200 0.061600 0.000000 0.044500 0.036400 0.016000 0.040600 0.020000 0.049200 0.044600 0.066600 0.044400 0.024100 0.040500 0.028100 0.036800 0.044700 0.012000 0.036600 0.049100 0.036500 0.057200 0.044600 0.040200 0.036200 0.049100 0.053500 0.040700 0.032200 0.028100 0.044800 0.057900 0.053700
Daviddeer 0.044300 0.162000 0.046300 0.142200 0.045400 0.044500 0.042000 0.048900 0.048300 0.007900 0.052800 0.048700 0.042700 0.062300 0.084700 0.052600 0.048100 0.060700 0.040200 0.061000 0.068100 0.044500 0.000000 0.027900 0.052800 0.052700 0.031800 0.044200 0.056800 0.061200 0.011800 0.037800 0.038500 0.040100 0.049000 0.048600 0.045900 0.045400 0.051500 0.023900 0.011900 0.056800 0.007900 0.027800 0.053000 0.057200 0.052800 0.042900 0.040000 0.052700 0.053000 0.051000
Reindeer 0.036200 0.147700 0.036300 0.124000 0.037000 0.036400 0.031900 0.040800 0.039100 0.019900 0.044700 0.036400 0.034500 0.051500 0.076200 0.044500 0.036000 0.048400 0.032200 0.052300 0.061400 0.036400 0.027900 0.000000 0.044600 0.044600 0.023900 0.034800 0.048600 0.052600 0.023900 0.028100 0.026200 0.032100 0.040900 0.040500 0.037600 0.037000 0.043100 0.020000 0.040300 0.048700 0.019800 0.007900 0.044800 0.057500 0.044700 0.034600 0.032000 0.040500 0.043900 0.040900
Ibex 0.016000 0.184100 0.057200 0.158400 0.044900 0.016000 0.036200 0.043100 0.062000 0.048500 0.008000 0.053100 0.039600 0.057400 0.073000 0.048800 0.054700 0.055000 0.036400 0.075300 0.070100 0.016000 0.052800 0.044600 0.000000 0.044700 0.028000 0.058300 0.052800 0.075700 0.052700 0.032300 0.048800 0.036200 0.045100 0.053000 0.012000 0.044900 0.057400 0.044700 0.065600 0.052900 0.048400 0.044400 0.057400 0.061900 0.049000 0.040400 0.036300 0.053200 0.067000 0.062100
GyrantGaze 0.043900 0.174500 0.048700 0.124700 0.036500 0.040600 0.036100 0.020200 0.052100 0.048400 0.044700 0.036300 0.039200 0.048800 0.072200 0.015900 0.056800 0.061200 0.039400 0.056400 0.044600 0.040600 0.052700 0.044600 0.044700 0.000000 0.028000 0.048100 0.028000 0.056700 0.052600 0.032200 0.048700 0.036200 0.036600 0.036200 0.042400 0.036400 0.048900 0.040400 0.056900 0.019900 0.048300 0.044300 0.032200 0.044800 0.040500 0.040400 0.028000 0.036300 0.057000 0.053500
Hartebeest 0.019900 0.157800 0.027900 0.133600 0.024000 0.011900 0.007800 0.024100 0.030100 0.027600 0.028000 0.032100 0.011800 0.028000 0.059100 0.027900 0.027700 0.031900 0.015900 0.043300 0.048500 0.020000 0.031800 0.023900 0.028000 0.028000 0.000000 0.026300 0.031900 0.043500 0.031700 0.003900 0.027900 0.007900 0.024200 0.032000 0.021300 0.024000 0.032100 0.019800 0.044300 0.032000 0.027600 0.023700 0.036200 0.040500 0.028000 0.019900 0.015800 0.032100 0.035100 0.032300
Bongo 0.048600 0.177400 0.011800 0.148500 0.053400 0.040400 0.036100 0.050300 0.011700 0.040000 0.058200 0.027100 0.038100 0.057100 0.085300 0.057100 0.048300 0.060900 0.044300 0.023700 0.074700 0.049200 0.044200 0.034800 0.058300 0.048100 0.026300 0.000000 0.061400 0.023800 0.044200 0.030200 0.046700 0.035200 0.044300 0.027100 0.050800 0.053500 0.066100 0.032100 0.056900 0.061800 0.040000 0.034700 0.031700 0.058600 0.058000 0.048500 0.044700 0.044400 0.015800 0.015900
Gerenuk 0.044400 0.176000 0.061100 0.138300 0.048800 0.044600 0.040100 0.024200 0.065100 0.052500 0.052900 0.057100 0.043300 0.052900 0.076400 0.019900 0.052500 0.061000 0.036200 0.069500 0.048600 0.044600 0.056800 0.048600 0.052800 0.028000 0.031900 0.061400 0.000000 0.069900 0.056700 0.036200 0.052700 0.040200 0.049000 0.057000 0.042400 0.048800 0.044600 0.052900 0.069600 0.023900 0.052400 0.048300 0.061400 0.057300 0.044500 0.044400 0.032000 0.057200 0.061200 0.066100
CommonElan 0.066000 0.185800 0.019800 0.138400 0.062400 0.057700 0.053200 0.068200 0.019700 0.056800 0.075600 0.044400 0.055500 0.074700 0.085100 0.056600 0.060900 0.073800 0.057200 0.007900 0.092400 0.066600 0.061200 0.052600 0.075700 0.056700 0.043500 0.023800 0.069900 0.000000 0.061100 0.047700 0.064200 0.052400 0.062400 0.044300 0.068300 0.062600 0.075000 0.040400 0.065500 0.061300 0.056800 0.052400 0.039900 0.058200 0.075700 0.061700 0.061700 0.052900 0.015900 0.024100
MuntiacusR 0.044200 0.169500 0.046100 0.137100 0.045100 0.044400 0.041800 0.048800 0.048200 0.003900 0.052700 0.048600 0.042500 0.062000 0.084500 0.052500 0.043900 0.056500 0.040100 0.060900 0.059200 0.044400 0.011800 0.023900 0.052700 0.052600 0.031700 0.044200 0.056700 0.061100 0.000000 0.037700 0.034200 0.040000 0.048900 0.048500 0.047200 0.045100 0.051300 0.019900 0.023900 0.056700 0.003900 0.023800 0.052900 0.065600 0.052700 0.044200 0.039900 0.048500 0.052900 0.050800
HarveysDui 0.024000 0.162600 0.035100 0.134900 0.028200 0.016000 0.003900 0.028400 0.034100 0.033500 0.032300 0.035300 0.013700 0.023400 0.063500 0.032200 0.033600 0.037400 0.020000 0.047400 0.053000 0.024100 0.037800 0.028100 0.032300 0.032200 0.003900 0.030200 0.036200 0.047700 0.037700 0.000000 0.032200 0.011900 0.028400 0.035200 0.025300 0.028300 0.040600 0.025200 0.050700 0.028100 0.033400 0.027900 0.039500 0.036600 0.032300 0.024000 0.022400 0.038400 0.038900 0.039600
Pronghorn 0.040300 0.172800 0.047800 0.129200 0.034000 0.040500 0.036000 0.045000 0.050500 0.029900 0.048800 0.045800 0.038700 0.040400 0.080500 0.048600 0.040000 0.052500 0.036300 0.063900 0.069900 0.040500 0.038500 0.026200 0.048800 0.048700 0.027900 0.046700 0.052700 0.064200 0.034200 0.032200 0.000000 0.036100 0.043400 0.043700 0.041800 0.034100 0.048800 0.030200 0.051300 0.052800 0.029900 0.026000 0.048100 0.061700 0.048800 0.032100 0.027900 0.052900 0.055500 0.052500
BlueWildeb 0.028000 0.167800 0.036100 0.143100 0.032200 0.020000 0.015800 0.032400 0.039000 0.035800 0.036300 0.040300 0.019800 0.036200 0.067700 0.036100 0.035900 0.040100 0.024000 0.052100 0.057000 0.028100 0.040100 0.032100 0.036200 0.036200 0.007900 0.035200 0.040200 0.052400 0.040000 0.011900 0.036100 0.000000 0.032400 0.040300 0.029800 0.032200 0.040400 0.028000 0.052600 0.040200 0.035800 0.031900 0.044600 0.048900 0.036300 0.028000 0.023900 0.040400 0.044000 0.040700
Gemsbok 0.036600 0.164300 0.044900 0.153400 0.040100 0.036800 0.032300 0.041200 0.048700 0.044700 0.045100 0.040800 0.035600 0.052500 0.077300 0.044900 0.053100 0.057500 0.032500 0.062000 0.066300 0.036800 0.049000 0.040900 0.045100 0.036600 0.024200 0.044300 0.049000 0.062400 0.048900 0.028400 0.043400 0.032400 0.000000 0.040800 0.038600 0.040200 0.052700 0.045100 0.061900 0.049100 0.044700 0.040600 0.045100 0.058000 0.045100 0.035400 0.032400 0.040900 0.053900 0.049700
Yak 0.044500 0.171500 0.027900 0.138300 0.049000 0.044700 0.040200 0.046900 0.030700 0.044300 0.053000 0.007900 0.043300 0.063500 0.081000 0.052900 0.044300 0.057000 0.040500 0.044000 0.074200 0.044700 0.048600 0.040500 0.053000 0.036200 0.032000 0.027100 0.057000 0.044300 0.048500 0.035200 0.043700 0.040300 0.040800 0.000000 0.046500 0.048900 0.061500 0.044700 0.061300 0.057000 0.044300 0.040300 0.011900 0.053200 0.053000 0.044500 0.040300 0.048900 0.035500 0.032400
BlueSheep 0.011900 0.176300 0.050700 0.151000 0.038500 0.012000 0.029600 0.036700 0.054400 0.042900 0.012000 0.046700 0.032800 0.051000 0.075400 0.042400 0.048500 0.048700 0.030000 0.067900 0.063900 0.012000 0.045900 0.037600 0.012000 0.042400 0.021300 0.050800 0.042400 0.068300 0.047200 0.025300 0.041800 0.029800 0.038600 0.046500 0.000000 0.038700 0.051300 0.037500 0.058900 0.046800 0.042900 0.037400 0.051000 0.056200 0.042900 0.034000 0.030000 0.046300 0.059500 0.055400
BohorReedb 0.036400 0.172300 0.053100 0.140000 0.016100 0.036600 0.032100 0.041000 0.057800 0.040800 0.044900 0.049000 0.035300 0.044800 0.059500 0.036400 0.051000 0.055500 0.032400 0.062200 0.057400 0.036600 0.045400 0.037000 0.044900 0.036400 0.024000 0.053500 0.048800 0.062600 0.045100 0.028300 0.034100 0.032200 0.040200 0.048900 0.038700 0.000000 0.044900 0.032200 0.049800 0.040500 0.040800 0.036800 0.044900 0.049300 0.044900 0.028200 0.032200 0.040700 0.062800 0.058000
KirksDik 0.048800 0.155400 0.065800 0.142500 0.044900 0.049100 0.044500 0.045000 0.070200 0.047100 0.057500 0.061700 0.043500 0.057400 0.078700 0.040400 0.061200 0.065600 0.040600 0.074600 0.069100 0.049100 0.051500 0.043100 0.057400 0.048900 0.032100 0.066100 0.044600 0.075000 0.051300 0.040600 0.048800 0.040400 0.052700 0.061500 0.051300 0.044900 0.000000 0.055900 0.064500 0.044500 0.047100 0.042900 0.066000 0.070500 0.040600 0.040500 0.044600 0.061700 0.066200 0.070900
RoeDeer 0.036300 0.167800 0.033600 0.123900 0.032200 0.028200 0.029300 0.045000 0.036100 0.015900 0.044700 0.044800 0.031700 0.049200 0.071700 0.040400 0.031900 0.044300 0.036400 0.040300 0.065700 0.036500 0.023900 0.020000 0.044700 0.040400 0.019800 0.032100 0.052900 0.040400 0.019900 0.025200 0.030200 0.028000 0.045100 0.044700 0.037500 0.032200 0.055900 0.000000 0.028000 0.044500 0.015900 0.019900 0.040700 0.053400 0.048900 0.038700 0.036200 0.036300 0.040600 0.038200
WhiteLippe 0.057000 0.177100 0.059200 0.147200 0.049800 0.057300 0.054800 0.061800 0.061000 0.019800 0.065700 0.061400 0.055600 0.075600 0.089300 0.056800 0.060800 0.073600 0.052900 0.065300 0.081400 0.057200 0.011900 0.040300 0.065600 0.056900 0.044300 0.056900 0.069600 0.065500 0.023900 0.050700 0.051300 0.052600 0.061900 0.061300 0.058900 0.049800 0.064500 0.028000 0.000000 0.061000 0.019800 0.040100 0.057200 0.061500 0.065700 0.055700 0.052600 0.057000 0.065800 0.064200
ThomsonGaz 0.044400 0.176500 0.061200 0.120000 0.040500 0.044600 0.031900 0.024200 0.065500 0.052500 0.052900 0.057100 0.043400 0.044600 0.067700 0.011900 0.056700 0.061100 0.036300 0.060900 0.048600 0.044600 0.056800 0.048700 0.052900 0.019900 0.032000 0.061800 0.023900 0.061300 0.056700 0.028100 0.052800 0.040200 0.049100 0.057000 0.046800 0.040500 0.044500 0.044500 0.061000 0.000000 0.052400 0.048400 0.053000 0.040600 0.044600 0.044400 0.032000 0.048800 0.061600 0.066200
MuntiacusC 0.040000 0.164400 0.041800 0.132300 0.040800 0.040200 0.037500 0.044600 0.044000 0.000000 0.048500 0.044400 0.038300 0.057600 0.080000 0.048300 0.039800 0.052200 0.036000 0.056600 0.063500 0.040200 0.007900 0.019800 0.048400 0.048300 0.027600 0.040000 0.052400 0.056800 0.003900 0.033400 0.029900 0.035800 0.044700 0.044300 0.042900 0.040800 0.047100 0.015900 0.019800 0.052400 0.000000 0.019700 0.048600 0.061300 0.048500 0.039900 0.035800 0.044300 0.048600 0.046500
WhiteTaile 0.036000 0.146800 0.036100 0.123200 0.036800 0.036200 0.031700 0.040600 0.039000 0.019700 0.044400 0.040300 0.034400 0.051200 0.075800 0.044200 0.035800 0.048200 0.032000 0.052100 0.061000 0.036200 0.027800 0.007900 0.044400 0.044300 0.023700 0.034700 0.048300 0.052400 0.023800 0.027900 0.026000 0.031900 0.040600 0.040300 0.037400 0.036800 0.042900 0.019900 0.040100 0.048400 0.019700 0.000000 0.044600 0.057200 0.044400 0.034400 0.031800 0.040200 0.043800 0.040700
Cattle 0.048800 0.176800 0.032100 0.132800 0.044900 0.049100 0.044500 0.051500 0.035300 0.048700 0.056600 0.011900 0.047600 0.068100 0.076900 0.048800 0.057000 0.069900 0.044800 0.039600 0.078800 0.049100 0.053000 0.044800 0.057400 0.032200 0.036200 0.031700 0.061400 0.039900 0.052900 0.039500 0.048100 0.044600 0.045100 0.011900 0.051000 0.044900 0.066000 0.040700 0.057200 0.053000 0.048600 0.044600 0.000000 0.049100 0.057400 0.048800 0.044600 0.044800 0.040100 0.036600
RoyalAntel 0.053200 0.184900 0.057400 0.130400 0.049300 0.053500 0.040500 0.049500 0.053400 0.061400 0.061900 0.053300 0.052400 0.053400 0.077300 0.044800 0.069900 0.074400 0.049100 0.057800 0.074700 0.053500 0.057200 0.057500 0.061900 0.044800 0.040500 0.058600 0.057300 0.058200 0.065600 0.036600 0.061700 0.048900 0.058000 0.053200 0.056200 0.049300 0.070500 0.053400 0.061500 0.040600 0.061300 0.057200 0.049100 0.000000 0.061900 0.049000 0.040600 0.057700 0.058400 0.053800
Steenbok 0.040500 0.164000 0.057200 0.148900 0.044900 0.040700 0.036200 0.036700 0.062000 0.048500 0.049000 0.053100 0.039500 0.057400 0.081300 0.040400 0.056900 0.061300 0.038300 0.075300 0.061500 0.040700 0.052800 0.044700 0.049000 0.040500 0.028000 0.058000 0.044500 0.075700 0.052700 0.032300 0.048800 0.036300 0.045100 0.053000 0.042900 0.044900 0.040600 0.048900 0.065700 0.044600 0.048500 0.044400 0.057400 0.061900 0.000000 0.040400 0.036300 0.053200 0.067000 0.062200
Impala 0.032100 0.167400 0.048600 0.140200 0.028200 0.032200 0.027900 0.036600 0.048300 0.040000 0.040500 0.044500 0.030700 0.040400 0.072200 0.040300 0.048400 0.052700 0.028100 0.061300 0.061300 0.032200 0.042900 0.034600 0.040400 0.040400 0.019900 0.048500 0.044400 0.061700 0.044200 0.024000 0.032100 0.028000 0.035400 0.044500 0.034000 0.028200 0.040500 0.038700 0.055700 0.044400 0.039900 0.034400 0.048800 0.049000 0.040400 0.000000 0.028000 0.044600 0.053000 0.049200
Klipspring 0.028000 0.168000 0.047200 0.134100 0.032300 0.028100 0.026700 0.024100 0.048600 0.035800 0.036300 0.040300 0.026700 0.039400 0.067800 0.028000 0.044100 0.048400 0.024000 0.061400 0.048600 0.028100 0.040000 0.032000 0.036300 0.028000 0.015800 0.044700 0.032000 0.061700 0.039900 0.022400 0.027900 0.023900 0.032400 0.040300 0.030000 0.032200 0.044600 0.036200 0.052600 0.032000 0.035800 0.031800 0.044600 0.040600 0.036300 0.028000 0.000000 0.040400 0.053300 0.051800
ForestMusk 0.044600 0.183700 0.046700 0.139500 0.040700 0.044900 0.042600 0.045100 0.048400 0.044300 0.053200 0.049000 0.043200 0.064400 0.076700 0.044600 0.061100 0.065400 0.040600 0.052700 0.070100 0.044800 0.052700 0.040500 0.053200 0.036300 0.032100 0.044400 0.057200 0.052900 0.048500 0.038400 0.052900 0.040400 0.040900 0.048900 0.046300 0.040700 0.061700 0.036300 0.057000 0.048800 0.044300 0.040200 0.044800 0.057700 0.053200 0.044600 0.040400 0.000000 0.053200 0.051300
Bushbuck 0.057300 0.166500 0.019900 0.148300 0.062700 0.049000 0.044600 0.059200 0.011800 0.048700 0.066900 0.035600 0.047000 0.066000 0.085500 0.056900 0.052800 0.065500 0.048500 0.015800 0.083700 0.057900 0.053000 0.043900 0.067000 0.057000 0.035100 0.015800 0.061200 0.015900 0.052900 0.038900 0.055500 0.044000 0.053900 0.035500 0.059500 0.062800 0.066200 0.040600 0.065800 0.061600 0.048600 0.043800 0.040100 0.058400 0.067000 0.053000 0.053300 0.053200 0.000000 0.008000
GreaterKud 0.056100 0.175000 0.020000 0.158100 0.058100 0.045200 0.044600 0.055900 0.011900 0.046500 0.062100 0.032400 0.043400 0.065500 0.091000 0.061900 0.055000 0.067600 0.049300 0.024000 0.079300 0.053700 0.051000 0.040900 0.062100 0.053500 0.032300 0.015900 0.066100 0.024100 0.050800 0.039600 0.052500 0.040700 0.049700 0.032400 0.055400 0.058000 0.070900 0.038200 0.064200 0.066200 0.046500 0.040700 0.036600 0.053800 0.062200 0.049200 0.051800 0.051300 0.008000 0.000000
