1
52 1
Argali 0.000000 0.359600 0.223300 0.336800 0.029700 0.058200 0.059000 0.121100 0.130600 0.061200 0.029700 0.130200 0.092100 0.029700 0.029900 0.120300 0.123000 0.123100 0.029800 0.130600 0.091000 0.028600 0.090500 0.061200 0.029500 0.131000 0.061800 0.130600 0.121100 0.170800 0.061200 0.029700 0.231800 0.061800 0.029800 0.062300 0.028700 0.029700 0.092500 0.095400 0.123500 0.131000 0.061200 0.091200 0.062300 0.123800 0.061600 0.126200 0.061400 0.126900 0.163100 0.130600
LesserMous 0.359600 0.000000 0.304600 0.270100 0.308100 0.337500 0.340600 0.421900 0.285900 0.274700 0.309200 0.285000 0.310400 0.308100 0.303900 0.418800 0.346000 0.345800 0.303300 0.285900 0.386300 0.308100 0.229600 0.274700 0.308100 0.460900 0.277400 0.285900 0.424100 0.339900 0.274700 0.308100 0.398100 0.277600 0.308900 0.281200 0.308100 0.308100 0.396000 0.243200 0.196200 0.460900 0.274700 0.307300 0.281200 0.311300 0.357700 0.354500 0.356600 0.319000 0.321300 0.285900
LesserKudu 0.223300 0.304600 0.000000 0.362700 0.183700 0.211300 0.212800 0.211500 0.091700 0.153400 0.184100 0.228000 0.184200 0.183700 0.184700 0.280700 0.216300 0.216400 0.184500 0.091700 0.250900 0.183500 0.117900 0.153400 0.183500 0.306100 0.223500 0.091700 0.282100 0.128100 0.153400 0.183700 0.262300 0.223300 0.184400 0.156300 0.183500 0.183700 0.255500 0.191500 0.150600 0.306100 0.153400 0.182900 0.156000 0.217200 0.223100 0.221300 0.222600 0.222900 0.058500 0.091700
KillerWhal 0.336800 0.270100 0.362700 0.000000 0.294400 0.322400 0.322500 0.395200 0.344300 0.264100 0.296100 0.343200 0.366500 0.294400 0.291600 0.393700 0.193800 0.193700 0.291600 0.344300 0.363400 0.295000 0.226800 0.264100 0.295000 0.419600 0.335600 0.344300 0.395800 0.392400 0.264100 0.294400 0.365700 0.336300 0.294800 0.269500 0.295000 0.294400 0.369300 0.303900 0.260000 0.419600 0.264100 0.293500 0.269600 0.298400 0.336800 0.407400 0.335600 0.300800 0.376700 0.344300
DefassaWat 0.029700 0.308100 0.183700 0.294400 0.000000 0.028200 0.027700 0.087000 0.093800 0.029400 0.000100 0.093700 0.059000 0.000000 0.000100 0.086600 0.088800 0.088800 0.000100 0.093800 0.058400 0.000100 0.058100 0.029400 0.000100 0.094200 0.029700 0.093800 0.087000 0.130400 0.029400 0.000000 0.189500 0.029700 0.000100 0.030000 0.000100 0.000000 0.059100 0.061000 0.089000 0.094200 0.029400 0.058500 0.030000 0.089500 0.029700 0.090800 0.029600 0.091300 0.124900 0.093800
Sheep 0.058200 0.337500 0.211300 0.322400 0.028200 0.000000 0.056100 0.056200 0.123000 0.058000 0.028300 0.122800 0.087500 0.028200 0.028400 0.056000 0.116900 0.116900 0.028300 0.123000 0.028200 0.028000 0.085900 0.058000 0.028000 0.123800 0.058600 0.123000 0.056200 0.160200 0.058000 0.028200 0.218300 0.058600 0.028300 0.059000 0.027200 0.028200 0.087900 0.090000 0.116700 0.123800 0.058000 0.086500 0.059100 0.117500 0.058600 0.119600 0.058400 0.119900 0.153600 0.123000
MaxwellsDu 0.059000 0.340600 0.212800 0.322500 0.027700 0.056100 0.000000 0.115200 0.124000 0.058400 0.028400 0.124100 0.087900 0.028300 0.028600 0.114500 0.117500 0.117500 0.028500 0.124000 0.087000 0.028400 0.086500 0.058400 0.028400 0.124500 0.059000 0.124000 0.115200 0.161800 0.058400 0.028300 0.220100 0.059000 0.028500 0.059500 0.028400 0.027700 0.087900 0.090900 0.117800 0.124500 0.058400 0.087100 0.059500 0.118600 0.058800 0.120100 0.058600 0.120900 0.155000 0.124000
GazellaPrz 0.121100 0.421900 0.211500 0.395200 0.087000 0.056200 0.115200 0.000000 0.191300 0.119800 0.087700 0.190900 0.150600 0.087000 0.087900 0.055800 0.181300 0.181300 0.087900 0.191300 0.028200 0.087400 0.148100 0.119800 0.087400 0.123500 0.121000 0.191300 0.055900 0.233000 0.119800 0.087000 0.293000 0.121100 0.087700 0.122100 0.087400 0.087400 0.087500 0.155300 0.181300 0.123500 0.119800 0.149100 0.122200 0.183000 0.058600 0.185400 0.058400 0.186200 0.153700 0.191300
MountainNy 0.130600 0.285900 0.091700 0.344300 0.093800 0.123000 0.124000 0.191300 0.000000 0.062800 0.094000 0.133700 0.162100 0.093800 0.094300 0.190100 0.126100 0.126100 0.094200 0.000000 0.159700 0.093700 0.092700 0.062800 0.093700 0.208800 0.130600 0.000000 0.191300 0.033000 0.062800 0.093800 0.167600 0.130500 0.094200 0.064000 0.093700 0.093800 0.163000 0.098300 0.126700 0.208800 0.062800 0.093400 0.064000 0.126600 0.130200 0.129200 0.129800 0.130400 0.031400 0.000000
MuntiacusM 0.061200 0.274700 0.153400 0.264100 0.029400 0.058000 0.058400 0.119800 0.062800 0.000000 0.029500 0.062800 0.091200 0.029400 0.029600 0.119100 0.059000 0.059300 0.029600 0.062800 0.090000 0.029400 0.028800 0.000000 0.029400 0.129600 0.061200 0.062800 0.119800 0.098400 0.000000 0.029400 0.161200 0.061200 0.029500 0.000200 0.029400 0.029400 0.091700 0.030500 0.059500 0.129600 0.000000 0.028200 0.000200 0.059800 0.061100 0.124600 0.060800 0.060800 0.094100 0.062800
goat 0.029700 0.309200 0.184100 0.296100 0.000100 0.028300 0.028400 0.087700 0.094000 0.029500 0.000000 0.093800 0.059200 0.000100 0.000200 0.087200 0.089000 0.089000 0.000100 0.094000 0.058600 0.000100 0.058200 0.029500 0.000100 0.094300 0.029800 0.094000 0.087700 0.130700 0.029500 0.000100 0.188600 0.029800 0.000100 0.030000 0.000100 0.000100 0.059400 0.061100 0.089100 0.094300 0.029500 0.058600 0.030000 0.089500 0.029700 0.091200 0.029600 0.091500 0.125200 0.094000
AfricanBuf 0.130200 0.285000 0.228000 0.343200 0.093700 0.122800 0.124100 0.190900 0.133700 0.062800 0.093800 0.000000 0.161700 0.093700 0.094200 0.189300 0.125900 0.125900 0.094000 0.133700 0.159200 0.093500 0.092700 0.062800 0.093500 0.207400 0.130400 0.133700 0.190900 0.174900 0.062800 0.093700 0.236400 0.130300 0.094000 0.063900 0.093500 0.093700 0.162300 0.031700 0.061500 0.207400 0.062800 0.093400 0.063500 0.127200 0.129600 0.198900 0.129200 0.130100 0.167000 0.133700
Topi 0.092100 0.310400 0.184200 0.366500 0.059000 0.087500 0.087900 0.150600 0.162100 0.091200 0.059200 0.161700 0.000000 0.059000 0.059400 0.149700 0.152900 0.152900 0.059400 0.162100 0.120600 0.059000 0.120000 0.091200 0.059000 0.162300 0.029400 0.162100 0.150600 0.203300 0.091200 0.059000 0.261900 0.029900 0.059100 0.092900 0.059000 0.059000 0.122700 0.126200 0.153200 0.162300 0.091200 0.120800 0.092900 0.154600 0.091800 0.156400 0.091600 0.157300 0.194400 0.162100
CommonDuik 0.029700 0.308100 0.183700 0.294400 0.000000 0.028200 0.028300 0.087000 0.093800 0.029400 0.000100 0.093700 0.059000 0.000000 0.000100 0.086600 0.088800 0.088800 0.000100 0.093800 0.058400 0.000100 0.058100 0.029400 0.000100 0.094200 0.029700 0.093800 0.087000 0.130400 0.029400 0.000000 0.189500 0.029700 0.000100 0.030000 0.000100 0.000000 0.059100 0.061000 0.089000 0.094200 0.029400 0.058500 0.030000 0.089500 0.029700 0.090800 0.029600 0.091300 0.124900 0.093800
Suni 0.029900 0.303900 0.184700 0.291600 0.000100 0.028400 0.028600 0.087900 0.094300 0.029600 0.000200 0.094200 0.059400 0.000100 0.000000 0.087500 0.089300 0.089300 0.000100 0.094300 0.058800 0.000100 0.058400 0.029600 0.000100 0.094700 0.029900 0.094300 0.088000 0.131200 0.029600 0.000100 0.189800 0.029900 0.000200 0.030100 0.000100 0.000100 0.059700 0.061400 0.089500 0.094700 0.029600 0.058800 0.030200 0.090000 0.029800 0.091400 0.029700 0.091800 0.125600 0.094300
Springbuck 0.120300 0.418800 0.280700 0.393700 0.086600 0.056000 0.114500 0.055800 0.190100 0.119100 0.087200 0.189300 0.149700 0.086600 0.087500 0.000000 0.180500 0.180500 0.087400 0.190100 0.028100 0.087000 0.147300 0.119100 0.087000 0.122700 0.120200 0.190100 0.055800 0.231200 0.119100 0.086600 0.291200 0.120300 0.087200 0.121300 0.087000 0.086600 0.087100 0.154100 0.180200 0.122700 0.119100 0.148300 0.121400 0.181800 0.058300 0.184500 0.058100 0.185000 0.221500 0.190100
Okapi 0.123000 0.346000 0.216300 0.193800 0.088800 0.116900 0.117500 0.181300 0.126100 0.059000 0.089000 0.125900 0.152900 0.088800 0.089300 0.180500 0.000000 0.000100 0.089200 0.126100 0.151400 0.088700 0.087400 0.059000 0.088700 0.195400 0.122900 0.126100 0.181300 0.164400 0.059000 0.088800 0.156400 0.122900 0.089000 0.060400 0.088700 0.088800 0.153900 0.091700 0.119600 0.195400 0.059000 0.088000 0.060500 0.089400 0.122900 0.188200 0.122500 0.122100 0.157300 0.126100
Giraffe 0.123100 0.345800 0.216400 0.193700 0.088800 0.116900 0.117500 0.181300 0.126100 0.059300 0.089000 0.125900 0.152900 0.088800 0.089300 0.180500 0.000100 0.000000 0.089200 0.126100 0.151300 0.088700 0.087900 0.059300 0.088700 0.195600 0.122900 0.126100 0.181300 0.164400 0.059300 0.088800 0.156300 0.123000 0.089000 0.060500 0.088700 0.088800 0.154000 0.092200 0.119600 0.195600 0.059300 0.088600 0.060500 0.089500 0.123000 0.188200 0.122500 0.122800 0.157300 0.126100
TibetanAnt 0.029800 0.303300 0.184500 0.291600 0.000100 0.028300 0.028500 0.087900 0.094200 0.029600 0.000100 0.094000 0.059400 0.000100 0.000100 0.087400 0.089200 0.089200 0.000000 0.094200 0.058700 0.000100 0.058300 0.029600 0.000100 0.094600 0.029800 0.094200 0.087900 0.131000 0.029600 0.000100 0.189400 0.029800 0.000200 0.030100 0.000100 0.000100 0.059600 0.061300 0.089300 0.094600 0.029600 0.058700 0.030100 0.089700 0.029800 0.091400 0.029700 0.091700 0.125500 0.094200
Sitatunga 0.130600 0.285900 0.091700 0.344300 0.093800 0.123000 0.124000 0.191300 0.000000 0.062800 0.094000 0.133700 0.162100 0.093800 0.094300 0.190100 0.126100 0.126100 0.094200 0.000000 0.159700 0.093700 0.092700 0.062800 0.093700 0.208800 0.130600 0.000000 0.191300 0.033000 0.062800 0.093800 0.167600 0.130500 0.094200 0.064000 0.093700 0.093800 0.163000 0.098300 0.126700 0.208800 0.062800 0.093400 0.064000 0.126600 0.130200 0.129200 0.129800 0.130400 0.031400 0.000000
Oribi 0.091000 0.386300 0.250900 0.363400 0.058400 0.028200 0.087000 0.028200 0.159700 0.090000 0.058600 0.159200 0.120600 0.058400 0.058800 0.028100 0.151400 0.151300 0.058700 0.159700 0.000000 0.058400 0.118700 0.090000 0.058400 0.092900 0.090900 0.159700 0.028200 0.200000 0.090000 0.058400 0.260200 0.091000 0.058600 0.091800 0.058400 0.058400 0.058800 0.124400 0.151300 0.092900 0.090000 0.119600 0.091800 0.152600 0.029400 0.154800 0.029300 0.155400 0.191200 0.159700
BarbaryShe 0.028600 0.308100 0.183500 0.295000 0.000100 0.028000 0.028400 0.087400 0.093700 0.029400 0.000100 0.093500 0.059000 0.000100 0.000100 0.087000 0.088700 0.088700 0.000100 0.093700 0.058400 0.000000 0.058000 0.029400 0.000000 0.094100 0.029700 0.093700 0.087400 0.130300 0.029400 0.000100 0.189000 0.029700 0.000200 0.029900 0.000000 0.000100 0.059300 0.060900 0.088800 0.094100 0.029400 0.058400 0.029900 0.089200 0.029600 0.090900 0.029500 0.091200 0.124800 0.093700
Daviddeer 0.090500 0.229600 0.117900 0.226800 0.058100 0.085900 0.086500 0.148100 0.092700 0.028800 0.058200 0.092700 0.120000 0.058100 0.058400 0.147300 0.087400 0.087900 0.058300 0.092700 0.118700 0.058000 0.000000 0.029000 0.058000 0.159700 0.090500 0.092700 0.148100 0.128900 0.028500 0.058100 0.190700 0.090500 0.058300 0.029600 0.058000 0.058100 0.120600 0.060100 0.028600 0.159700 0.028500 0.057600 0.029600 0.088500 0.090400 0.153800 0.090100 0.089900 0.123400 0.092700
Reindeer 0.061200 0.274700 0.153400 0.264100 0.029400 0.058000 0.058400 0.119800 0.062800 0.000000 0.029500 0.062800 0.091200 0.029400 0.029600 0.119100 0.059000 0.059300 0.029600 0.062800 0.090000 0.029400 0.029000 0.000000 0.029400 0.129600 0.061200 0.062800 0.119800 0.098400 0.000000 0.029400 0.161200 0.061200 0.029500 0.000200 0.029400 0.029400 0.091700 0.030000 0.059500 0.129600 0.000000 0.028500 0.000200 0.059800 0.061100 0.124600 0.060800 0.060800 0.094100 0.062800
Ibex 0.029500 0.308100 0.183500 0.295000 0.000100 0.028000 0.028400 0.087400 0.093700 0.029400 0.000100 0.093500 0.059000 0.000100 0.000100 0.087000 0.088700 0.088700 0.000100 0.093700 0.058400 0.000000 0.058000 0.029400 0.000000 0.094100 0.029700 0.093700 0.087400 0.130300 0.029400 0.000100 0.189000 0.029700 0.000200 0.029900 0.000000 0.000100 0.059300 0.060900 0.088800 0.094100 0.029400 0.058400 0.029900 0.089200 0.029600 0.090900 0.029500 0.091200 0.124800 0.093700
GyrantGaze 0.131000 0.460900 0.306100 0.419600 0.094200 0.123800 0.124500 0.123500 0.208800 0.129600 0.094300 0.207400 0.162300 0.094200 0.094700 0.122700 0.195400 0.195600 0.094600 0.208800 0.092900 0.094100 0.159700 0.129600 0.094100 0.000000 0.130700 0.208800 0.123500 0.176900 0.129600 0.094200 0.318200 0.130700 0.094300 0.132000 0.094100 0.094200 0.094500 0.168700 0.196700 0.000000 0.129600 0.160900 0.132100 0.197600 0.062900 0.200500 0.062700 0.130900 0.243300 0.208800
Hartebeest 0.061800 0.277400 0.223500 0.335600 0.029700 0.058600 0.059000 0.121000 0.130600 0.061200 0.029800 0.130400 0.029400 0.029700 0.029900 0.120200 0.122900 0.122900 0.029800 0.130600 0.090900 0.029700 0.090500 0.061200 0.029700 0.130700 0.000000 0.130600 0.121000 0.170800 0.061200 0.029700 0.229600 0.000100 0.029700 0.062400 0.029700 0.029700 0.092500 0.095400 0.123400 0.130700 0.061200 0.091100 0.062400 0.124300 0.061600 0.125800 0.061400 0.126700 0.163200 0.130600
Bongo 0.130600 0.285900 0.091700 0.344300 0.093800 0.123000 0.124000 0.191300 0.000000 0.062800 0.094000 0.133700 0.162100 0.093800 0.094300 0.190100 0.126100 0.126100 0.094200 0.000000 0.159700 0.093700 0.092700 0.062800 0.093700 0.208800 0.130600 0.000000 0.191300 0.033000 0.062800 0.093800 0.167600 0.130500 0.094200 0.064000 0.093700 0.093800 0.163000 0.098300 0.126700 0.208800 0.062800 0.093400 0.064000 0.126600 0.130200 0.129200 0.129800 0.130400 0.031400 0.000000
Gerenuk 0.121100 0.424100 0.282100 0.395800 0.087000 0.056200 0.115200 0.055900 0.191300 0.119800 0.087700 0.190900 0.150600 0.087000 0.088000 0.055800 0.181300 0.181300 0.087900 0.191300 0.028200 0.087400 0.148100 0.119800 0.087400 0.123500 0.121000 0.191300 0.000000 0.233000 0.119800 0.087000 0.293000 0.121100 0.087700 0.122400 0.087400 0.087000 0.087500 0.155300 0.181300 0.123500 0.119800 0.149100 0.122200 0.183000 0.058600 0.185400 0.058500 0.186200 0.223100 0.191300
CommonElan 0.170800 0.339900 0.128100 0.392400 0.130400 0.160200 0.161800 0.233000 0.033000 0.098400 0.130700 0.174900 0.203300 0.130400 0.131200 0.231200 0.164400 0.164400 0.131000 0.033000 0.200000 0.130300 0.128900 0.098400 0.130300 0.176900 0.170800 0.033000 0.233000 0.000000 0.098400 0.130400 0.210800 0.170600 0.130900 0.100200 0.130300 0.130400 0.204500 0.137200 0.165600 0.176900 0.098400 0.129900 0.100100 0.165200 0.170000 0.168600 0.169500 0.099400 0.065900 0.033000
MuntiacusR 0.061200 0.274700 0.153400 0.264100 0.029400 0.058000 0.058400 0.119800 0.062800 0.000000 0.029500 0.062800 0.091200 0.029400 0.029600 0.119100 0.059000 0.059300 0.029600 0.062800 0.090000 0.029400 0.028500 0.000000 0.029400 0.129600 0.061200 0.062800 0.119800 0.098400 0.000000 0.029400 0.161200 0.061200 0.029500 0.000200 0.029400 0.029400 0.091700 0.030500 0.059500 0.129600 0.000000 0.029200 0.000200 0.059800 0.061100 0.124600 0.060800 0.060800 0.094100 0.062800
HarveysDui 0.029700 0.308100 0.183700 0.294400 0.000000 0.028200 0.028300 0.087000 0.093800 0.029400 0.000100 0.093700 0.059000 0.000000 0.000100 0.086600 0.088800 0.088800 0.000100 0.093800 0.058400 0.000100 0.058100 0.029400 0.000100 0.094200 0.029700 0.093800 0.087000 0.130400 0.029400 0.000000 0.189500 0.029700 0.000100 0.030000 0.000100 0.000000 0.059100 0.061000 0.089000 0.094200 0.029400 0.058500 0.030000 0.089500 0.029700 0.090800 0.029600 0.091300 0.124900 0.093800
Pronghorn 0.231800 0.398100 0.262300 0.365700 0.189500 0.218300 0.220100 0.293000 0.167600 0.161200 0.188600 0.236400 0.261900 0.189500 0.189800 0.291200 0.156400 0.156300 0.189400 0.167600 0.260200 0.189000 0.190700 0.161200 0.189000 0.318200 0.229600 0.167600 0.293000 0.210800 0.161200 0.189500 0.000000 0.230600 0.189800 0.157900 0.189000 0.189500 0.266100 0.201500 0.227900 0.318200 0.161200 0.192600 0.158700 0.189400 0.230300 0.228200 0.229800 0.234700 0.200900 0.167600
BlueWildeb 0.061800 0.277600 0.223300 0.336300 0.029700 0.058600 0.059000 0.121100 0.130500 0.061200 0.029800 0.130300 0.029900 0.029700 0.029900 0.120300 0.122900 0.123000 0.029800 0.130500 0.091000 0.029700 0.090500 0.061200 0.029700 0.130700 0.000100 0.130500 0.121100 0.170600 0.061200 0.029700 0.230600 0.000000 0.029800 0.062400 0.029700 0.029700 0.092500 0.095400 0.123400 0.130700 0.061200 0.091200 0.062400 0.124200 0.061300 0.125900 0.061400 0.126800 0.163000 0.130500
Gemsbok 0.029800 0.308900 0.184400 0.294800 0.000100 0.028300 0.028500 0.087700 0.094200 0.029500 0.000100 0.094000 0.059100 0.000100 0.000200 0.087200 0.089000 0.089000 0.000200 0.094200 0.058600 0.000200 0.058300 0.029500 0.000200 0.094300 0.029700 0.094200 0.087700 0.130900 0.029500 0.000100 0.189800 0.029800 0.000000 0.030100 0.000200 0.000100 0.059500 0.061200 0.089300 0.094300 0.029500 0.058700 0.030100 0.089900 0.029700 0.091000 0.029600 0.091500 0.125400 0.094200
Yak 0.062300 0.281200 0.156300 0.269500 0.030000 0.059000 0.059500 0.122100 0.064000 0.000200 0.030000 0.063900 0.092900 0.030000 0.030100 0.121300 0.060400 0.060500 0.030100 0.064000 0.091800 0.029900 0.029600 0.000200 0.029900 0.132000 0.062400 0.064000 0.122400 0.100200 0.000200 0.030000 0.157900 0.062400 0.030100 0.000000 0.029900 0.030000 0.093400 0.031300 0.060600 0.132000 0.000200 0.029900 0.000100 0.061000 0.062200 0.127100 0.061900 0.062300 0.095900 0.064000
BlueSheep 0.028700 0.308100 0.183500 0.295000 0.000100 0.027200 0.028400 0.087400 0.093700 0.029400 0.000100 0.093500 0.059000 0.000100 0.000100 0.087000 0.088700 0.088700 0.000100 0.093700 0.058400 0.000000 0.058000 0.029400 0.000000 0.094100 0.029700 0.093700 0.087400 0.130300 0.029400 0.000100 0.189000 0.029700 0.000200 0.029900 0.000000 0.000100 0.059300 0.060900 0.088800 0.094100 0.029400 0.058400 0.029900 0.089200 0.029600 0.090900 0.029500 0.091200 0.124800 0.093700
BohorReedb 0.029700 0.308100 0.183700 0.294400 0.000000 0.028200 0.027700 0.087400 0.093800 0.029400 0.000100 0.093700 0.059000 0.000000 0.000100 0.086600 0.088800 0.088800 0.000100 0.093800 0.058400 0.000100 0.058100 0.029400 0.000100 0.094200 0.029700 0.093800 0.087000 0.130400 0.029400 0.000000 0.189500 0.029700 0.000100 0.030000 0.000100 0.000000 0.059100 0.061000 0.089000 0.094200 0.029400 0.058500 0.030000 0.089500 0.029700 0.090800 0.029600 0.091300 0.124900 0.093800
KirksDik 0.092500 0.396000 0.255500 0.369300 0.059100 0.087900 0.087900 0.087500 0.163000 0.091700 0.059400 0.162300 0.122700 0.059100 0.059700 0.087100 0.153900 0.154000 0.059600 0.163000 0.058800 0.059300 0.120600 0.091700 0.059300 0.094500 0.092500 0.163000 0.087500 0.204500 0.091700 0.059100 0.266100 0.092500 0.059500 0.093400 0.059300 0.059100 0.000000 0.126900 0.154200 0.094500 0.091700 0.121500 0.093400 0.155000 0.029800 0.157600 0.029700 0.158400 0.195300 0.163000
RoeDeer 0.095400 0.243200 0.191500 0.303900 0.061000 0.090000 0.090900 0.155300 0.098300 0.030500 0.061100 0.031700 0.126200 0.061000 0.061400 0.154100 0.091700 0.092200 0.061300 0.098300 0.124400 0.060900 0.060100 0.030000 0.060900 0.168700 0.095400 0.098300 0.155300 0.137200 0.030500 0.061000 0.201500 0.095400 0.061200 0.031300 0.060900 0.061000 0.126900 0.000000 0.030100 0.168700 0.030500 0.060500 0.031300 0.093100 0.095100 0.161800 0.094700 0.094800 0.130800 0.098300
WhiteLippe 0.123500 0.196200 0.150600 0.260000 0.089000 0.116700 0.117800 0.181300 0.126700 0.059500 0.089100 0.061500 0.153200 0.089000 0.089500 0.180200 0.119600 0.119600 0.089300 0.126700 0.151300 0.088800 0.028600 0.059500 0.088800 0.196700 0.123400 0.126700 0.181300 0.165600 0.059500 0.089000 0.227900 0.123400 0.089300 0.060600 0.088800 0.089000 0.154200 0.030100 0.000000 0.196700 0.059500 0.088700 0.060600 0.120100 0.123300 0.188600 0.122900 0.123400 0.158100 0.126700
ThomsonGaz 0.131000 0.460900 0.306100 0.419600 0.094200 0.123800 0.124500 0.123500 0.208800 0.129600 0.094300 0.207400 0.162300 0.094200 0.094700 0.122700 0.195400 0.195600 0.094600 0.208800 0.092900 0.094100 0.159700 0.129600 0.094100 0.000000 0.130700 0.208800 0.123500 0.176900 0.129600 0.094200 0.318200 0.130700 0.094300 0.132000 0.094100 0.094200 0.094500 0.168700 0.196700 0.000000 0.129600 0.160900 0.132100 0.197600 0.062900 0.200500 0.062700 0.130900 0.243300 0.208800
MuntiacusC 0.061200 0.274700 0.153400 0.264100 0.029400 0.058000 0.058400 0.119800 0.062800 0.000000 0.029500 0.062800 0.091200 0.029400 0.029600 0.119100 0.059000 0.059300 0.029600 0.062800 0.090000 0.029400 0.028500 0.000000 0.029400 0.129600 0.061200 0.062800 0.119800 0.098400 0.000000 0.029400 0.161200 0.061200 0.029500 0.000200 0.029400 0.029400 0.091700 0.030500 0.059500 0.129600 0.000000 0.028300 0.000200 0.059800 0.061100 0.124600 0.060800 0.060800 0.094100 0.062800
WhiteTaile 0.091200 0.307300 0.182900 0.293500 0.058500 0.086500 0.087100 0.149100 0.093400 0.028200 0.058600 0.093400 0.120800 0.058500 0.058800 0.148300 0.088000 0.088600 0.058700 0.093400 0.119600 0.058400 0.057600 0.028500 0.058400 0.160900 0.091100 0.093400 0.149100 0.129900 0.029200 0.058500 0.192600 0.091200 0.058700 0.029900 0.058400 0.058500 0.121500 0.060500 0.088700 0.160900 0.028300 0.000000 0.029900 0.089200 0.091000 0.089900 0.090700 0.090600 0.124400 0.093400
Cattle 0.062300 0.281200 0.156000 0.269600 0.030000 0.059100 0.059500 0.122200 0.064000 0.000200 0.030000 0.063500 0.092900 0.030000 0.030200 0.121400 0.060500 0.060500 0.030100 0.064000 0.091800 0.029900 0.029600 0.000200 0.029900 0.132100 0.062400 0.064000 0.122200 0.100100 0.000200 0.030000 0.158700 0.062400 0.030100 0.000100 0.029900 0.030000 0.093400 0.031300 0.060600 0.132100 0.000200 0.029900 0.000000 0.061000 0.062200 0.127000 0.062000 0.062300 0.095800 0.064000
RoyalAntel 0.123800 0.311300 0.217200 0.298400 0.089500 0.117500 0.118600 0.183000 0.126600 0.059800 0.089500 0.127200 0.154600 0.089500 0.090000 0.181800 0.089400 0.089500 0.089700 0.126600 0.152600 0.089200 0.088500 0.059800 0.089200 0.197600 0.124300 0.126600 0.183000 0.165200 0.059800 0.089500 0.189400 0.124200 0.089900 0.061000 0.089200 0.089500 0.155000 0.093100 0.120100 0.197600 0.059800 0.089200 0.061000 0.000000 0.123900 0.190300 0.123500 0.123900 0.158300 0.126600
Steenbok 0.061600 0.357700 0.223100 0.336800 0.029700 0.058600 0.058800 0.058600 0.130200 0.061100 0.029700 0.129600 0.091800 0.029700 0.029800 0.058300 0.122900 0.123000 0.029800 0.130200 0.029400 0.029600 0.090400 0.061100 0.029600 0.062900 0.061600 0.130200 0.058600 0.170000 0.061100 0.029700 0.230300 0.061300 0.029700 0.062200 0.029600 0.029700 0.029800 0.095100 0.123300 0.062900 0.061100 0.091000 0.062200 0.123900 0.000000 0.125800 0.000100 0.126500 0.162400 0.130200
Impala 0.126200 0.354500 0.221300 0.407400 0.090800 0.119600 0.120100 0.185400 0.129200 0.124600 0.091200 0.198900 0.156400 0.090800 0.091400 0.184500 0.188200 0.188200 0.091400 0.129200 0.154800 0.090900 0.153800 0.124600 0.090900 0.200500 0.125800 0.129200 0.185400 0.168600 0.124600 0.090800 0.228200 0.125900 0.091000 0.127100 0.090900 0.090800 0.157600 0.161800 0.188600 0.200500 0.124600 0.089900 0.127000 0.190300 0.125800 0.000000 0.125400 0.193800 0.161200 0.129200
Klipspring 0.061400 0.356600 0.222600 0.335600 0.029600 0.058400 0.058600 0.058400 0.129800 0.060800 0.029600 0.129200 0.091600 0.029600 0.029700 0.058100 0.122500 0.122500 0.029700 0.129800 0.029300 0.029500 0.090100 0.060800 0.029500 0.062700 0.061400 0.129800 0.058500 0.169500 0.060800 0.029600 0.229800 0.061400 0.029600 0.061900 0.029500 0.029600 0.029700 0.094700 0.122900 0.062700 0.060800 0.090700 0.062000 0.123500 0.000100 0.125400 0.000000 0.126100 0.162000 0.129800
ForestMusk 0.126900 0.319000 0.222900 0.300800 0.091300 0.119900 0.120900 0.186200 0.130400 0.060800 0.091500 0.130100 0.157300 0.091300 0.091800 0.185000 0.122100 0.122800 0.091700 0.130400 0.155400 0.091200 0.089900 0.060800 0.091200 0.130900 0.126700 0.130400 0.186200 0.099400 0.060800 0.091300 0.234700 0.126800 0.091500 0.062300 0.091200 0.091300 0.158400 0.094800 0.123400 0.130900 0.060800 0.090600 0.062300 0.123900 0.126500 0.193800 0.126100 0.000000 0.162800 0.130400
Bushbuck 0.163100 0.321300 0.058500 0.376700 0.124900 0.153600 0.155000 0.153700 0.031400 0.094100 0.125200 0.167000 0.194400 0.124900 0.125600 0.221500 0.157300 0.157300 0.125500 0.031400 0.191200 0.124800 0.123400 0.094100 0.124800 0.243300 0.163200 0.031400 0.223100 0.065900 0.094100 0.124900 0.200900 0.163000 0.125400 0.095900 0.124800 0.124900 0.195300 0.130800 0.158100 0.243300 0.094100 0.124400 0.095800 0.158300 0.162400 0.161200 0.162000 0.162800 0.000000 0.031400
GreaterKud 0.130600 0.285900 0.091700 0.344300 0.093800 0.123000 0.124000 0.191300 0.000000 0.062800 0.094000 0.133700 0.162100 0.093800 0.094300 0.190100 0.126100 0.126100 0.094200 0.000000 0.159700 0.093700 0.092700 0.062800 0.093700 0.208800 0.130600 0.000000 0.191300 0.033000 0.062800 0.093800 0.167600 0.130500 0.094200 0.064000 0.093700 0.093800 0.163000 0.098300 0.126700 0.208800 0.062800 0.093400 0.064000 0.126600 0.130200 0.129200 0.129800 0.130400 0.031400 0.000000
