CODONML (in paml version 4.10.7, June 2023)  /home/rachel/ruminants_paml/6406-phy-tree/ENSBTAT00000017638.fasta.phy
Model: free dN/dS Ratios for branches,  kappa = 2.000 fixed

Codon frequency model: F3x4
ns =  54  ls =  39

Codon usage in sequences
--------------------------------------------------------------------------------------------------------------------------------------
Phe TTT   2   2   2   2   3   2 | Ser TCT   1   1   1   1   0   1 | Tyr TAT   0   0   0   0   0   0 | Cys TGT   1   0   1   1   1   1
    TTC   1   1   1   1   0   1 |     TCC   2   2   1   2   3   2 |     TAC   0   0   0   0   0   0 |     TGC   0   1   0   0   0   0
Leu TTA   0   0   0   0   0   0 |     TCA   2   1   2   2   2   2 | *** TAA   0   0   0   0   0   0 | *** TGA   0   0   0   0   0   0
    TTG   0   0   0   0   1   1 |     TCG   0   1   1   0   0   0 |     TAG   0   0   0   0   0   0 | Trp TGG   0   0   0   0   0   0
--------------------------------------------------------------------------------------------------------------------------------------
Leu CTT   0   0   0   0   0   0 | Pro CCT   1   1   1   1   1   1 | His CAT   0   0   0   0   0   0 | Arg CGT   0   0   0   0   0   0
    CTC   0   0   0   0   0   0 |     CCC   0   0   0   0   0   0 |     CAC   2   2   2   2   2   2 |     CGC   0   0   0   0   0   0
    CTA   0   0   0   0   0   0 |     CCA   1   1   1   1   1   1 | Gln CAA   1   0   1   1   1   1 |     CGA   1   1   1   1   1   1
    CTG   1   1   1   1   0   0 |     CCG   0   0   0   0   0   0 |     CAG   2   3   2   2   2   2 |     CGG   0   0   0   0   0   0
--------------------------------------------------------------------------------------------------------------------------------------
Ile ATT   2   1   2   2   2   2 | Thr ACT   0   0   0   0   0   0 | Asn AAT   0   0   0   0   0   0 | Ser AGT   1   1   1   1   1   1
    ATC   1   2   1   1   1   1 |     ACC   0   0   0   0   0   0 |     AAC   2   2   2   2   2   2 |     AGC   0   0   0   0   0   0
    ATA   1   1   1   1   1   1 |     ACA   0   0   0   0   0   0 | Lys AAA   1   1   1   1   0   1 | Arg AGA   0   0   0   0   0   0
Met ATG   1   1   1   1   1   1 |     ACG   0   0   0   0   0   0 |     AAG   1   1   1   1   2   1 |     AGG   1   1   1   1   1   1
--------------------------------------------------------------------------------------------------------------------------------------
Val GTT   0   0   0   0   0   0 | Ala GCT   1   0   1   1   0   0 | Asp GAT   1   1   1   1   1   1 | Gly GGT   0   0   0   0   0   0
    GTC   0   0   0   0   0   0 |     GCC   1   2   1   1   2   2 |     GAC   0   0   0   0   0   0 |     GGC   2   2   2   2   2   2
    GTA   0   0   0   0   0   0 |     GCA   0   0   0   0   0   0 | Glu GAA   2   1   2   2   2   2 |     GGA   1   1   1   1   1   1
    GTG   2   2   2   2   2   2 |     GCG   0   0   0   0   0   0 |     GAG   0   1   0   0   0   0 |     GGG   0   0   0   0   0   0
--------------------------------------------------------------------------------------------------------------------------------------

--------------------------------------------------------------------------------------------------------------------------------------
Phe TTT   2   2   2   2   2   2 | Ser TCT   1   1   1   2   1   1 | Tyr TAT   0   0   0   0   0   0 | Cys TGT   1   1   1   1   1   1
    TTC   1   1   1   1   1   1 |     TCC   2   2   2   1   1   2 |     TAC   0   0   0   0   0   0 |     TGC   0   0   0   0   0   0
Leu TTA   0   0   0   0   0   0 |     TCA   2   2   2   2   2   2 | *** TAA   0   0   0   0   0   0 | *** TGA   0   0   0   0   0   0
    TTG   0   0   0   0   0   0 |     TCG   0   0   0   0   1   0 |     TAG   0   0   0   0   0   0 | Trp TGG   0   0   0   0   0   0
--------------------------------------------------------------------------------------------------------------------------------------
Leu CTT   0   0   0   0   0   0 | Pro CCT   1   1   1   1   1   1 | His CAT   0   0   0   0   0   0 | Arg CGT   0   0   0   0   0   0
    CTC   0   0   0   0   0   0 |     CCC   0   0   0   0   0   0 |     CAC   2   2   2   2   2   2 |     CGC   0   0   0   0   0   0
    CTA   0   0   0   0   0   0 |     CCA   1   1   1   1   1   1 | Gln CAA   1   1   1   0   1   1 |     CGA   1   1   1   1   1   1
    CTG   1   1   1   1   1   1 |     CCG   0   0   0   0   0   0 |     CAG   2   2   2   3   2   2 |     CGG   0   0   0   0   0   0
--------------------------------------------------------------------------------------------------------------------------------------
Ile ATT   2   2   2   2   2   2 | Thr ACT   0   0   0   0   0   0 | Asn AAT   0   0   0   0   0   0 | Ser AGT   1   1   1   1   1   1
    ATC   1   1   1   1   1   1 |     ACC   0   0   0   0   0   0 |     AAC   2   2   2   2   2   2 |     AGC   0   0   0   0   0   0
    ATA   1   1   1   1   1   1 |     ACA   0   0   0   0   0   0 | Lys AAA   0   1   1   1   1   1 | Arg AGA   0   0   0   0   0   0
Met ATG   1   1   1   1   1   1 |     ACG   0   0   0   0   0   0 |     AAG   2   1   1   1   1   1 |     AGG   1   1   1   1   1   1
--------------------------------------------------------------------------------------------------------------------------------------
Val GTT   0   0   0   0   0   0 | Ala GCT   1   1   1   1   1   1 | Asp GAT   1   1   1   1   1   1 | Gly GGT   0   0   0   0   0   0
    GTC   0   0   0   0   0   0 |     GCC   1   1   1   1   1   1 |     GAC   0   0   0   0   0   0 |     GGC   2   2   2   2   2   2
    GTA   0   0   0   0   0   0 |     GCA   0   0   0   0   0   0 | Glu GAA   2   2   2   2   2   2 |     GGA   1   1   1   1   1   1
    GTG   2   2   2   2   2   2 |     GCG   0   0   0   0   0   0 |     GAG   0   0   0   0   0   0 |     GGG   0   0   0   0   0   0
--------------------------------------------------------------------------------------------------------------------------------------

--------------------------------------------------------------------------------------------------------------------------------------
Phe TTT   2   2   2   2   2   2 | Ser TCT   1   1   1   1   2   2 | Tyr TAT   0   0   0   0   0   0 | Cys TGT   1   1   1   1   1   1
    TTC   1   1   1   1   1   1 |     TCC   2   2   2   2   1   1 |     TAC   0   0   0   0   0   0 |     TGC   0   0   0   0   0   0
Leu TTA   0   0   0   0   0   0 |     TCA   2   2   2   2   2   2 | *** TAA   0   0   0   0   0   0 | *** TGA   0   0   0   0   0   0
    TTG   0   0   0   0   0   0 |     TCG   0   0   0   0   0   0 |     TAG   0   0   0   0   0   0 | Trp TGG   0   0   0   0   0   0
--------------------------------------------------------------------------------------------------------------------------------------
Leu CTT   0   0   0   0   0   0 | Pro CCT   1   1   1   1   1   1 | His CAT   0   0   0   0   0   0 | Arg CGT   0   0   0   0   0   0
    CTC   0   0   0   0   0   0 |     CCC   0   0   0   0   0   0 |     CAC   2   2   2   2   2   2 |     CGC   0   0   0   0   0   0
    CTA   0   0   0   0   0   0 |     CCA   1   1   1   1   1   1 | Gln CAA   1   1   1   1   1   0 |     CGA   1   1   1   1   1   1
    CTG   1   1   1   1   1   1 |     CCG   0   0   0   0   0   0 |     CAG   2   2   2   2   2   3 |     CGG   0   0   0   0   0   0
--------------------------------------------------------------------------------------------------------------------------------------
Ile ATT   2   2   2   2   2   2 | Thr ACT   0   0   0   0   0   0 | Asn AAT   0   0   0   0   0   0 | Ser AGT   1   1   1   1   1   1
    ATC   1   1   1   1   1   1 |     ACC   0   0   0   0   0   0 |     AAC   2   2   2   2   2   2 |     AGC   0   0   0   0   0   0
    ATA   1   1   1   1   1   1 |     ACA   0   0   0   0   0   0 | Lys AAA   1   1   1   1   1   1 | Arg AGA   0   0   0   0   0   0
Met ATG   1   1   1   1   1   1 |     ACG   0   0   0   0   0   0 |     AAG   1   1   1   1   1   1 |     AGG   1   1   1   1   1   1
--------------------------------------------------------------------------------------------------------------------------------------
Val GTT   0   0   0   0   0   0 | Ala GCT   1   1   1   1   1   1 | Asp GAT   1   1   1   1   1   1 | Gly GGT   0   0   0   0   0   0
    GTC   0   0   0   0   0   0 |     GCC   1   1   1   1   1   1 |     GAC   0   0   0   0   0   0 |     GGC   2   2   2   2   2   2
    GTA   0   1   1   0   0   0 |     GCA   0   0   0   0   0   0 | Glu GAA   2   2   2   2   2   2 |     GGA   1   1   1   1   1   1
    GTG   2   1   1   2   2   2 |     GCG   0   0   0   0   0   0 |     GAG   0   0   0   0   0   0 |     GGG   0   0   0   0   0   0
--------------------------------------------------------------------------------------------------------------------------------------

--------------------------------------------------------------------------------------------------------------------------------------
Phe TTT   2   2   2   2   2   2 | Ser TCT   1   1   1   1   2   1 | Tyr TAT   0   0   0   0   0   0 | Cys TGT   1   1   1   1   1   1
    TTC   1   1   1   1   1   1 |     TCC   2   2   2   1   1   2 |     TAC   0   0   0   0   0   0 |     TGC   0   0   0   0   0   0
Leu TTA   0   0   0   0   0   0 |     TCA   2   2   2   2   2   2 | *** TAA   0   0   0   0   0   0 | *** TGA   0   0   0   0   0   0
    TTG   0   0   0   0   0   0 |     TCG   0   0   0   1   0   0 |     TAG   0   0   0   0   0   0 | Trp TGG   0   0   0   0   0   0
--------------------------------------------------------------------------------------------------------------------------------------
Leu CTT   0   0   0   0   0   0 | Pro CCT   1   1   1   1   1   1 | His CAT   0   0   0   0   0   0 | Arg CGT   0   0   0   0   0   0
    CTC   0   0   0   0   0   0 |     CCC   0   0   0   0   0   0 |     CAC   2   2   2   2   2   2 |     CGC   0   0   0   0   0   0
    CTA   0   0   0   0   0   0 |     CCA   1   1   1   1   1   1 | Gln CAA   1   1   1   1   0   1 |     CGA   1   1   1   1   1   1
    CTG   1   1   1   1   1   1 |     CCG   0   0   0   0   0   0 |     CAG   2   2   2   2   3   2 |     CGG   0   0   0   0   0   0
--------------------------------------------------------------------------------------------------------------------------------------
Ile ATT   2   2   2   2   2   2 | Thr ACT   0   0   0   0   0   0 | Asn AAT   0   0   0   0   0   0 | Ser AGT   1   1   1   1   1   1
    ATC   1   1   1   1   1   1 |     ACC   0   0   0   0   0   0 |     AAC   2   2   2   2   2   2 |     AGC   0   0   0   0   0   0
    ATA   1   1   1   1   1   1 |     ACA   0   0   0   0   0   0 | Lys AAA   1   1   1   1   1   1 | Arg AGA   0   0   0   0   0   0
Met ATG   1   1   1   1   1   1 |     ACG   0   0   0   0   0   0 |     AAG   1   1   1   1   1   1 |     AGG   1   1   1   1   1   1
--------------------------------------------------------------------------------------------------------------------------------------
Val GTT   0   0   0   0   0   0 | Ala GCT   1   1   1   1   1   1 | Asp GAT   1   1   1   1   1   1 | Gly GGT   0   0   0   0   0   0
    GTC   0   0   0   0   0   0 |     GCC   1   1   1   1   1   1 |     GAC   0   0   0   0   0   0 |     GGC   2   2   2   2   2   2
    GTA   0   0   0   0   0   0 |     GCA   0   0   0   0   0   0 | Glu GAA   2   2   2   1   2   2 |     GGA   1   1   1   1   1   1
    GTG   2   2   2   2   2   2 |     GCG   0   0   0   0   0   0 |     GAG   0   0   0   1   0   0 |     GGG   0   0   0   0   0   0
--------------------------------------------------------------------------------------------------------------------------------------

--------------------------------------------------------------------------------------------------------------------------------------
Phe TTT   2   2   2   2   2   2 | Ser TCT   1   1   1   2   1   1 | Tyr TAT   0   0   0   0   0   0 | Cys TGT   1   1   1   1   1   1
    TTC   1   1   1   1   1   1 |     TCC   2   2   2   1   2   1 |     TAC   0   0   0   0   0   0 |     TGC   0   0   0   0   0   0
Leu TTA   0   0   0   0   0   0 |     TCA   2   2   2   2   2   2 | *** TAA   0   0   0   0   0   0 | *** TGA   0   0   0   0   0   0
    TTG   0   0   0   0   0   0 |     TCG   0   0   0   0   0   1 |     TAG   0   0   0   0   0   0 | Trp TGG   0   0   0   0   0   0
--------------------------------------------------------------------------------------------------------------------------------------
Leu CTT   0   0   0   0   0   0 | Pro CCT   1   1   1   1   1   1 | His CAT   0   0   0   0   0   0 | Arg CGT   0   0   0   0   0   0
    CTC   0   0   0   0   0   0 |     CCC   0   0   0   0   0   0 |     CAC   2   2   2   2   2   2 |     CGC   0   0   0   0   0   0
    CTA   0   0   0   0   0   0 |     CCA   1   1   1   1   1   1 | Gln CAA   1   1   1   0   1   1 |     CGA   1   1   1   1   1   0
    CTG   1   1   1   1   1   1 |     CCG   0   0   0   0   0   0 |     CAG   2   2   2   3   2   2 |     CGG   0   0   0   0   0   0
--------------------------------------------------------------------------------------------------------------------------------------
Ile ATT   2   2   2   2   2   2 | Thr ACT   0   0   0   0   0   0 | Asn AAT   0   0   0   0   0   0 | Ser AGT   1   1   1   1   1   1
    ATC   1   1   1   1   1   1 |     ACC   0   0   0   0   0   0 |     AAC   2   2   2   2   2   2 |     AGC   0   0   0   0   0   0
    ATA   1   1   1   1   1   1 |     ACA   0   0   0   0   0   0 | Lys AAA   1   1   1   1   1   1 | Arg AGA   0   0   0   0   0   1
Met ATG   1   1   1   1   1   1 |     ACG   0   0   0   0   0   0 |     AAG   1   1   1   1   1   1 |     AGG   1   1   1   1   1   1
--------------------------------------------------------------------------------------------------------------------------------------
Val GTT   0   0   0   0   0   0 | Ala GCT   1   1   1   1   1   1 | Asp GAT   1   1   1   1   1   1 | Gly GGT   0   0   0   0   0   0
    GTC   0   0   0   0   0   0 |     GCC   1   1   1   1   1   1 |     GAC   0   0   0   0   0   0 |     GGC   2   2   2   2   2   2
    GTA   0   0   0   0   1   0 |     GCA   0   0   0   0   0   0 | Glu GAA   2   2   2   2   2   1 |     GGA   1   1   1   1   1   1
    GTG   2   2   2   2   1   2 |     GCG   0   0   0   0   0   0 |     GAG   0   0   0   0   0   1 |     GGG   0   0   0   0   0   0
--------------------------------------------------------------------------------------------------------------------------------------

--------------------------------------------------------------------------------------------------------------------------------------
Phe TTT   2   2   2   2   2   2 | Ser TCT   2   1   1   1   1   1 | Tyr TAT   0   0   0   0   0   0 | Cys TGT   1   1   1   1   1   1
    TTC   1   1   1   1   1   1 |     TCC   1   1   2   2   2   2 |     TAC   0   0   0   0   0   0 |     TGC   0   0   0   0   0   0
Leu TTA   0   0   0   0   0   0 |     TCA   2   2   2   2   2   2 | *** TAA   0   0   0   0   0   0 | *** TGA   0   0   0   0   0   0
    TTG   1   0   0   0   0   0 |     TCG   0   1   0   0   0   0 |     TAG   0   0   0   0   0   0 | Trp TGG   0   0   0   0   0   0
--------------------------------------------------------------------------------------------------------------------------------------
Leu CTT   0   0   0   0   0   0 | Pro CCT   1   1   1   1   1   1 | His CAT   0   0   0   0   0   0 | Arg CGT   0   0   0   0   0   0
    CTC   0   0   0   0   0   0 |     CCC   0   0   0   0   0   0 |     CAC   2   2   2   2   2   2 |     CGC   0   0   0   0   0   0
    CTA   0   0   0   0   0   0 |     CCA   1   1   1   1   1   1 | Gln CAA   0   1   1   1   1   1 |     CGA   1   0   1   1   1   1
    CTG   0   1   1   1   1   1 |     CCG   0   0   0   0   0   0 |     CAG   3   2   2   2   2   2 |     CGG   0   0   0   0   0   0
--------------------------------------------------------------------------------------------------------------------------------------
Ile ATT   2   2   2   2   2   2 | Thr ACT   0   0   0   0   0   0 | Asn AAT   0   0   0   0   0   0 | Ser AGT   1   1   1   1   1   1
    ATC   1   1   1   1   1   1 |     ACC   0   0   0   0   0   0 |     AAC   2   2   2   2   2   2 |     AGC   0   0   0   0   0   0
    ATA   1   1   1   1   1   1 |     ACA   0   0   0   0   0   0 | Lys AAA   1   1   1   1   1   1 | Arg AGA   0   1   0   0   0   0
Met ATG   1   1   1   1   1   1 |     ACG   0   0   0   0   0   0 |     AAG   1   1   1   1   1   1 |     AGG   1   1   1   1   1   1
--------------------------------------------------------------------------------------------------------------------------------------
Val GTT   0   0   0   0   0   0 | Ala GCT   1   1   1   1   1   1 | Asp GAT   1   1   1   1   1   1 | Gly GGT   0   0   0   0   0   0
    GTC   0   0   0   0   0   0 |     GCC   1   1   1   1   1   1 |     GAC   0   0   0   0   0   0 |     GGC   2   2   2   2   2   2
    GTA   0   0   0   0   0   1 |     GCA   0   0   0   0   0   0 | Glu GAA   2   2   2   2   2   2 |     GGA   1   1   1   1   1   1
    GTG   2   2   2   2   2   1 |     GCG   0   0   0   0   0   0 |     GAG   0   0   0   0   0   0 |     GGG   0   0   0   0   0   0
--------------------------------------------------------------------------------------------------------------------------------------

--------------------------------------------------------------------------------------------------------------------------------------
Phe TTT   2   2   2   2   2   2 | Ser TCT   1   0   1   1   2   1 | Tyr TAT   0   0   0   0   0   0 | Cys TGT   1   1   1   1   1   1
    TTC   1   1   1   1   1   1 |     TCC   2   2   2   2   1   2 |     TAC   0   0   0   0   0   0 |     TGC   0   0   0   0   0   0
Leu TTA   0   0   0   0   0   0 |     TCA   2   2   2   2   1   2 | *** TAA   0   0   0   0   0   0 | *** TGA   0   0   0   0   0   0
    TTG   0   0   0   0   0   0 |     TCG   0   1   0   0   1   0 |     TAG   0   0   0   0   0   0 | Trp TGG   0   0   0   0   0   0
--------------------------------------------------------------------------------------------------------------------------------------
Leu CTT   0   0   0   0   0   0 | Pro CCT   1   1   1   1   1   1 | His CAT   0   0   0   0   0   0 | Arg CGT   0   0   0   0   0   0
    CTC   0   0   0   0   0   0 |     CCC   0   0   0   0   0   0 |     CAC   2   2   2   2   2   2 |     CGC   0   0   0   0   0   0
    CTA   0   0   0   0   0   0 |     CCA   1   1   1   1   1   1 | Gln CAA   1   1   1   1   0   1 |     CGA   1   1   1   1   1   1
    CTG   1   1   1   1   1   1 |     CCG   0   0   0   0   0   0 |     CAG   2   2   2   2   3   2 |     CGG   0   0   0   0   0   0
--------------------------------------------------------------------------------------------------------------------------------------
Ile ATT   2   2   2   2   0   2 | Thr ACT   0   0   0   0   0   0 | Asn AAT   0   0   0   0   0   0 | Ser AGT   1   1   1   1   0   1
    ATC   1   1   1   1   3   1 |     ACC   0   0   0   0   0   0 |     AAC   2   2   2   2   2   2 |     AGC   0   0   0   0   1   0
    ATA   1   1   1   1   1   1 |     ACA   0   0   0   0   0   0 | Lys AAA   1   1   1   0   1   1 | Arg AGA   0   0   0   0   0   0
Met ATG   1   1   1   1   1   1 |     ACG   0   0   0   0   0   0 |     AAG   1   1   1   2   1   1 |     AGG   1   1   1   1   1   1
--------------------------------------------------------------------------------------------------------------------------------------
Val GTT   0   0   0   0   0   0 | Ala GCT   1   1   1   1   1   1 | Asp GAT   1   1   1   1   1   1 | Gly GGT   0   0   0   0   0   0
    GTC   0   0   0   0   0   0 |     GCC   1   1   1   1   1   1 |     GAC   0   0   0   0   0   0 |     GGC   2   2   2   2   2   2
    GTA   0   0   0   0   0   0 |     GCA   0   0   0   0   0   0 | Glu GAA   2   2   2   2   2   2 |     GGA   1   1   1   1   1   1
    GTG   2   2   2   2   2   2 |     GCG   0   0   0   0   0   0 |     GAG   0   0   0   0   0   0 |     GGG   0   0   0   0   0   0
--------------------------------------------------------------------------------------------------------------------------------------

--------------------------------------------------------------------------------------------------------------------------------------
Phe TTT   2   2   2   2   2   2 | Ser TCT   1   2   1   1   0   1 | Tyr TAT   0   0   0   0   0   0 | Cys TGT   1   1   1   1   1   1
    TTC   1   1   1   1   1   1 |     TCC   2   1   2   2   2   2 |     TAC   0   0   0   0   0   0 |     TGC   0   0   0   0   0   0
Leu TTA   0   0   0   0   0   0 |     TCA   2   2   2   2   2   2 | *** TAA   0   0   0   0   0   0 | *** TGA   0   0   0   0   0   0
    TTG   0   0   0   0   0   0 |     TCG   0   0   0   0   1   0 |     TAG   0   0   0   0   0   0 | Trp TGG   0   0   0   0   0   0
--------------------------------------------------------------------------------------------------------------------------------------
Leu CTT   0   0   1   0   0   0 | Pro CCT   1   1   1   1   1   1 | His CAT   0   0   0   0   0   0 | Arg CGT   0   0   0   0   0   0
    CTC   0   0   0   0   0   0 |     CCC   0   0   0   0   0   0 |     CAC   2   2   2   2   2   2 |     CGC   0   0   0   0   0   0
    CTA   0   0   0   0   0   0 |     CCA   1   1   1   1   1   1 | Gln CAA   1   0   1   1   1   1 |     CGA   1   1   1   1   1   1
    CTG   1   1   0   1   1   1 |     CCG   0   0   0   0   0   0 |     CAG   2   3   2   2   2   2 |     CGG   0   0   0   0   0   0
--------------------------------------------------------------------------------------------------------------------------------------
Ile ATT   2   2   2   2   2   2 | Thr ACT   0   0   0   0   0   0 | Asn AAT   0   0   0   0   0   0 | Ser AGT   1   1   1   1   1   1
    ATC   1   1   1   1   1   1 |     ACC   0   0   0   0   0   0 |     AAC   2   2   2   2   2   2 |     AGC   0   0   0   0   0   0
    ATA   1   1   1   1   1   1 |     ACA   0   0   0   0   0   0 | Lys AAA   1   1   1   1   1   0 | Arg AGA   0   0   0   0   0   0
Met ATG   1   1   1   1   1   1 |     ACG   0   0   0   0   0   0 |     AAG   1   1   1   1   1   2 |     AGG   1   1   1   1   1   1
--------------------------------------------------------------------------------------------------------------------------------------
Val GTT   0   0   0   0   0   0 | Ala GCT   1   1   1   1   1   1 | Asp GAT   1   1   1   1   1   1 | Gly GGT   0   0   0   0   0   0
    GTC   0   0   0   0   0   0 |     GCC   1   1   1   1   1   1 |     GAC   0   0   0   0   0   0 |     GGC   2   2   2   2   2   2
    GTA   0   0   0   0   0   0 |     GCA   0   0   0   0   0   0 | Glu GAA   2   2   2   2   2   2 |     GGA   1   1   1   1   1   1
    GTG   2   2   2   2   2   2 |     GCG   0   0   0   0   0   0 |     GAG   0   0   0   0   0   0 |     GGG   0   0   0   0   0   0
--------------------------------------------------------------------------------------------------------------------------------------

--------------------------------------------------------------------------------------------------------------------------------------
Phe TTT   2   2   2   2   2   2 | Ser TCT   2   2   1   1   1   1 | Tyr TAT   0   0   0   0   0   0 | Cys TGT   1   1   1   1   1   1
    TTC   1   1   1   1   1   1 |     TCC   1   1   2   2   1   1 |     TAC   0   0   0   0   0   0 |     TGC   0   0   0   0   0   0
Leu TTA   0   0   0   0   0   0 |     TCA   1   2   2   2   2   2 | *** TAA   0   0   0   0   0   0 | *** TGA   0   0   0   0   0   0
    TTG   0   0   0   0   0   0 |     TCG   1   0   0   0   1   1 |     TAG   0   0   0   0   0   0 | Trp TGG   0   0   0   0   0   0
--------------------------------------------------------------------------------------------------------------------------------------
Leu CTT   0   0   0   0   0   0 | Pro CCT   1   1   1   1   1   1 | His CAT   1   0   0   0   0   0 | Arg CGT   0   0   0   0   0   0
    CTC   0   0   0   0   0   0 |     CCC   0   0   0   0   0   0 |     CAC   1   2   2   2   2   2 |     CGC   0   0   0   0   0   0
    CTA   0   0   0   0   0   0 |     CCA   1   1   1   1   1   1 | Gln CAA   0   1   1   1   1   1 |     CGA   1   1   1   1   1   1
    CTG   1   1   1   1   1   1 |     CCG   0   0   0   0   0   0 |     CAG   3   2   2   2   2   2 |     CGG   0   0   0   0   0   0
--------------------------------------------------------------------------------------------------------------------------------------
Ile ATT   2   2   2   2   2   2 | Thr ACT   0   0   0   0   0   0 | Asn AAT   0   0   0   0   0   0 | Ser AGT   0   1   1   1   1   1
    ATC   1   1   1   1   1   1 |     ACC   0   0   0   0   0   0 |     AAC   2   2   2   2   2   2 |     AGC   1   0   0   0   0   0
    ATA   1   1   1   1   1   1 |     ACA   0   0   0   0   0   0 | Lys AAA   1   1   0   1   1   1 | Arg AGA   0   0   0   0   0   0
Met ATG   1   1   1   1   1   1 |     ACG   0   0   0   0   0   0 |     AAG   1   1   2   1   1   1 |     AGG   1   1   1   1   1   1
--------------------------------------------------------------------------------------------------------------------------------------
Val GTT   0   0   0   0   0   0 | Ala GCT   1   1   1   1   1   1 | Asp GAT   1   1   1   1   1   1 | Gly GGT   0   0   0   0   0   0
    GTC   0   0   0   0   0   0 |     GCC   1   1   1   1   1   1 |     GAC   0   0   0   0   0   0 |     GGC   2   2   2   2   2   2
    GTA   0   0   0   0   0   0 |     GCA   0   0   0   0   0   0 | Glu GAA   2   2   2   2   2   2 |     GGA   1   1   1   1   1   1
    GTG   2   2   2   2   2   2 |     GCG   0   0   0   0   0   0 |     GAG   0   0   0   0   0   0 |     GGG   0   0   0   0   0   0
--------------------------------------------------------------------------------------------------------------------------------------

Codon position x base (3x4) table for each sequence.

#1: Argali         
position  1:    T:0.23077    C:0.23077    A:0.28205    G:0.25641
position  2:    T:0.28205    C:0.23077    A:0.30769    G:0.17949
position  3:    T:0.25641    C:0.28205    A:0.25641    G:0.20513
Average         T:0.25641    C:0.24786    A:0.28205    G:0.21368

#2: LesserMouseDeer
position  1:    T:0.23077    C:0.23077    A:0.28205    G:0.25641
position  2:    T:0.28205    C:0.23077    A:0.30769    G:0.17949
position  3:    T:0.17949    C:0.35897    A:0.17949    G:0.28205
Average         T:0.23077    C:0.27350    A:0.25641    G:0.23932

#3: LesserKudu     
position  1:    T:0.23077    C:0.23077    A:0.28205    G:0.25641
position  2:    T:0.28205    C:0.23077    A:0.30769    G:0.17949
position  3:    T:0.25641    C:0.25641    A:0.25641    G:0.23077
Average         T:0.25641    C:0.23932    A:0.28205    G:0.22222

#4: ForestMuskDeer2
position  1:    T:0.23077    C:0.23077    A:0.28205    G:0.25641
position  2:    T:0.28205    C:0.23077    A:0.30769    G:0.17949
position  3:    T:0.25641    C:0.28205    A:0.25641    G:0.20513
Average         T:0.25641    C:0.24786    A:0.28205    G:0.21368

#5: Camel          
position  1:    T:0.25641    C:0.20513    A:0.28205    G:0.25641
position  2:    T:0.28205    C:0.23077    A:0.30769    G:0.17949
position  3:    T:0.23077    C:0.30769    A:0.23077    G:0.23077
Average         T:0.25641    C:0.24786    A:0.27350    G:0.22222

#6: KillerWhale    
position  1:    T:0.25641    C:0.20513    A:0.28205    G:0.25641
position  2:    T:0.28205    C:0.23077    A:0.30769    G:0.17949
position  3:    T:0.23077    C:0.30769    A:0.25641    G:0.20513
Average         T:0.25641    C:0.24786    A:0.28205    G:0.21368

#7: DefassaWaterbuck
position  1:    T:0.23077    C:0.23077    A:0.28205    G:0.25641
position  2:    T:0.28205    C:0.23077    A:0.30769    G:0.17949
position  3:    T:0.25641    C:0.28205    A:0.23077    G:0.23077
Average         T:0.25641    C:0.24786    A:0.27350    G:0.22222

#8: Sheep          
position  1:    T:0.23077    C:0.23077    A:0.28205    G:0.25641
position  2:    T:0.28205    C:0.23077    A:0.30769    G:0.17949
position  3:    T:0.25641    C:0.28205    A:0.25641    G:0.20513
Average         T:0.25641    C:0.24786    A:0.28205    G:0.21368

#9: MaxwellsDuiker 
position  1:    T:0.23077    C:0.23077    A:0.28205    G:0.25641
position  2:    T:0.28205    C:0.23077    A:0.30769    G:0.17949
position  3:    T:0.25641    C:0.28205    A:0.25641    G:0.20513
Average         T:0.25641    C:0.24786    A:0.28205    G:0.21368

#10: GazellaPrzewalskyi
position  1:    T:0.23077    C:0.23077    A:0.28205    G:0.25641
position  2:    T:0.28205    C:0.23077    A:0.30769    G:0.17949
position  3:    T:0.28205    C:0.25641    A:0.23077    G:0.23077
Average         T:0.26496    C:0.23932    A:0.27350    G:0.22222

#11: MountainNyala  
position  1:    T:0.23077    C:0.23077    A:0.28205    G:0.25641
position  2:    T:0.28205    C:0.23077    A:0.30769    G:0.17949
position  3:    T:0.25641    C:0.25641    A:0.25641    G:0.23077
Average         T:0.25641    C:0.23932    A:0.28205    G:0.22222

#12: MuntiacusMuntjak
position  1:    T:0.23077    C:0.23077    A:0.28205    G:0.25641
position  2:    T:0.28205    C:0.23077    A:0.30769    G:0.17949
position  3:    T:0.25641    C:0.28205    A:0.25641    G:0.20513
Average         T:0.25641    C:0.24786    A:0.28205    G:0.21368

#13: goat           
position  1:    T:0.23077    C:0.23077    A:0.28205    G:0.25641
position  2:    T:0.28205    C:0.23077    A:0.30769    G:0.17949
position  3:    T:0.25641    C:0.28205    A:0.25641    G:0.20513
Average         T:0.25641    C:0.24786    A:0.28205    G:0.21368

#14: AfricanBuffalo 
position  1:    T:0.23077    C:0.23077    A:0.28205    G:0.25641
position  2:    T:0.28205    C:0.23077    A:0.30769    G:0.17949
position  3:    T:0.25641    C:0.28205    A:0.28205    G:0.17949
Average         T:0.25641    C:0.24786    A:0.29060    G:0.20513

#15: Topi           
position  1:    T:0.23077    C:0.23077    A:0.28205    G:0.25641
position  2:    T:0.28205    C:0.23077    A:0.30769    G:0.17949
position  3:    T:0.25641    C:0.28205    A:0.28205    G:0.17949
Average         T:0.25641    C:0.24786    A:0.29060    G:0.20513

#16: CommonDuiker   
position  1:    T:0.23077    C:0.23077    A:0.28205    G:0.25641
position  2:    T:0.28205    C:0.23077    A:0.30769    G:0.17949
position  3:    T:0.25641    C:0.28205    A:0.25641    G:0.20513
Average         T:0.25641    C:0.24786    A:0.28205    G:0.21368

#17: Suni           
position  1:    T:0.23077    C:0.23077    A:0.28205    G:0.25641
position  2:    T:0.28205    C:0.23077    A:0.30769    G:0.17949
position  3:    T:0.28205    C:0.25641    A:0.25641    G:0.20513
Average         T:0.26496    C:0.23932    A:0.28205    G:0.21368

#18: Springbuck     
position  1:    T:0.23077    C:0.23077    A:0.28205    G:0.25641
position  2:    T:0.28205    C:0.23077    A:0.30769    G:0.17949
position  3:    T:0.28205    C:0.25641    A:0.23077    G:0.23077
Average         T:0.26496    C:0.23932    A:0.27350    G:0.22222

#19: Okapi          
position  1:    T:0.23077    C:0.23077    A:0.28205    G:0.25641
position  2:    T:0.28205    C:0.23077    A:0.30769    G:0.17949
position  3:    T:0.25641    C:0.28205    A:0.25641    G:0.20513
Average         T:0.25641    C:0.24786    A:0.28205    G:0.21368

#20: Giraffe        
position  1:    T:0.23077    C:0.23077    A:0.28205    G:0.25641
position  2:    T:0.28205    C:0.23077    A:0.30769    G:0.17949
position  3:    T:0.25641    C:0.28205    A:0.25641    G:0.20513
Average         T:0.25641    C:0.24786    A:0.28205    G:0.21368

#21: TibetanAntelope
position  1:    T:0.23077    C:0.23077    A:0.28205    G:0.25641
position  2:    T:0.28205    C:0.23077    A:0.30769    G:0.17949
position  3:    T:0.25641    C:0.28205    A:0.25641    G:0.20513
Average         T:0.25641    C:0.24786    A:0.28205    G:0.21368

#22: Sitatunga      
position  1:    T:0.23077    C:0.23077    A:0.28205    G:0.25641
position  2:    T:0.28205    C:0.23077    A:0.30769    G:0.17949
position  3:    T:0.25641    C:0.25641    A:0.23077    G:0.25641
Average         T:0.25641    C:0.23932    A:0.27350    G:0.23077

#23: Oribi          
position  1:    T:0.23077    C:0.23077    A:0.28205    G:0.25641
position  2:    T:0.28205    C:0.23077    A:0.30769    G:0.17949
position  3:    T:0.28205    C:0.25641    A:0.23077    G:0.23077
Average         T:0.26496    C:0.23932    A:0.27350    G:0.22222

#24: BarbarySheep   
position  1:    T:0.23077    C:0.23077    A:0.28205    G:0.25641
position  2:    T:0.28205    C:0.23077    A:0.30769    G:0.17949
position  3:    T:0.25641    C:0.28205    A:0.25641    G:0.20513
Average         T:0.25641    C:0.24786    A:0.28205    G:0.21368

#25: Daviddeer      
position  1:    T:0.23077    C:0.23077    A:0.28205    G:0.25641
position  2:    T:0.28205    C:0.23077    A:0.30769    G:0.17949
position  3:    T:0.25641    C:0.28205    A:0.25641    G:0.20513
Average         T:0.25641    C:0.24786    A:0.28205    G:0.21368

#26: Reindeer       
position  1:    T:0.23077    C:0.23077    A:0.28205    G:0.25641
position  2:    T:0.28205    C:0.23077    A:0.30769    G:0.17949
position  3:    T:0.25641    C:0.28205    A:0.25641    G:0.20513
Average         T:0.25641    C:0.24786    A:0.28205    G:0.21368

#27: Ibex           
position  1:    T:0.23077    C:0.23077    A:0.28205    G:0.25641
position  2:    T:0.28205    C:0.23077    A:0.30769    G:0.17949
position  3:    T:0.25641    C:0.28205    A:0.25641    G:0.20513
Average         T:0.25641    C:0.24786    A:0.28205    G:0.21368

#28: GyrantGazelle  
position  1:    T:0.23077    C:0.23077    A:0.28205    G:0.25641
position  2:    T:0.28205    C:0.23077    A:0.30769    G:0.17949
position  3:    T:0.28205    C:0.25641    A:0.23077    G:0.23077
Average         T:0.26496    C:0.23932    A:0.27350    G:0.22222

#29: Hartebeest     
position  1:    T:0.23077    C:0.23077    A:0.28205    G:0.25641
position  2:    T:0.28205    C:0.23077    A:0.30769    G:0.17949
position  3:    T:0.25641    C:0.28205    A:0.28205    G:0.17949
Average         T:0.25641    C:0.24786    A:0.29060    G:0.20513

#30: Bongo          
position  1:    T:0.23077    C:0.20513    A:0.30769    G:0.25641
position  2:    T:0.28205    C:0.23077    A:0.30769    G:0.17949
position  3:    T:0.25641    C:0.25641    A:0.23077    G:0.25641
Average         T:0.25641    C:0.23077    A:0.28205    G:0.23077

#31: Gerenuk        
position  1:    T:0.25641    C:0.20513    A:0.28205    G:0.25641
position  2:    T:0.28205    C:0.23077    A:0.30769    G:0.17949
position  3:    T:0.28205    C:0.25641    A:0.23077    G:0.23077
Average         T:0.27350    C:0.23077    A:0.27350    G:0.22222

#32: CommonEland    
position  1:    T:0.23077    C:0.20513    A:0.30769    G:0.25641
position  2:    T:0.28205    C:0.23077    A:0.30769    G:0.17949
position  3:    T:0.25641    C:0.25641    A:0.25641    G:0.23077
Average         T:0.25641    C:0.23077    A:0.29060    G:0.22222

#33: MuntiacusReevesi
position  1:    T:0.23077    C:0.23077    A:0.28205    G:0.25641
position  2:    T:0.28205    C:0.23077    A:0.30769    G:0.17949
position  3:    T:0.25641    C:0.28205    A:0.25641    G:0.20513
Average         T:0.25641    C:0.24786    A:0.28205    G:0.21368

#34: HarveysDuiker  
position  1:    T:0.23077    C:0.23077    A:0.28205    G:0.25641
position  2:    T:0.28205    C:0.23077    A:0.30769    G:0.17949
position  3:    T:0.25641    C:0.28205    A:0.25641    G:0.20513
Average         T:0.25641    C:0.24786    A:0.28205    G:0.21368

#35: Pronghorn      
position  1:    T:0.23077    C:0.23077    A:0.28205    G:0.25641
position  2:    T:0.28205    C:0.23077    A:0.30769    G:0.17949
position  3:    T:0.25641    C:0.28205    A:0.25641    G:0.20513
Average         T:0.25641    C:0.24786    A:0.28205    G:0.21368

#36: BlueWildebeest 
position  1:    T:0.23077    C:0.23077    A:0.28205    G:0.25641
position  2:    T:0.28205    C:0.23077    A:0.30769    G:0.17949
position  3:    T:0.25641    C:0.28205    A:0.28205    G:0.17949
Average         T:0.25641    C:0.24786    A:0.29060    G:0.20513

#37: Gemsbok        
position  1:    T:0.23077    C:0.23077    A:0.28205    G:0.25641
position  2:    T:0.28205    C:0.23077    A:0.30769    G:0.17949
position  3:    T:0.25641    C:0.28205    A:0.25641    G:0.20513
Average         T:0.25641    C:0.24786    A:0.28205    G:0.21368

#38: Yak            
position  1:    T:0.23077    C:0.23077    A:0.28205    G:0.25641
position  2:    T:0.28205    C:0.23077    A:0.30769    G:0.17949
position  3:    T:0.23077    C:0.28205    A:0.25641    G:0.23077
Average         T:0.24786    C:0.24786    A:0.28205    G:0.22222

#39: BlueSheep      
position  1:    T:0.23077    C:0.23077    A:0.28205    G:0.25641
position  2:    T:0.28205    C:0.23077    A:0.30769    G:0.17949
position  3:    T:0.25641    C:0.28205    A:0.25641    G:0.20513
Average         T:0.25641    C:0.24786    A:0.28205    G:0.21368

#40: BohorReedbuck  
position  1:    T:0.23077    C:0.23077    A:0.28205    G:0.25641
position  2:    T:0.28205    C:0.23077    A:0.30769    G:0.17949
position  3:    T:0.25641    C:0.28205    A:0.23077    G:0.23077
Average         T:0.25641    C:0.24786    A:0.27350    G:0.22222

#41: KirksDik       
position  1:    T:0.23077    C:0.23077    A:0.28205    G:0.25641
position  2:    T:0.28205    C:0.23077    A:0.30769    G:0.17949
position  3:    T:0.20513    C:0.33333    A:0.20513    G:0.25641
Average         T:0.23932    C:0.26496    A:0.26496    G:0.23077

#42: RoeDeer        
position  1:    T:0.23077    C:0.23077    A:0.28205    G:0.25641
position  2:    T:0.28205    C:0.23077    A:0.30769    G:0.17949
position  3:    T:0.25641    C:0.28205    A:0.25641    G:0.20513
Average         T:0.25641    C:0.24786    A:0.28205    G:0.21368

#43: WhiteLippedDeer
position  1:    T:0.23077    C:0.23077    A:0.28205    G:0.25641
position  2:    T:0.28205    C:0.23077    A:0.30769    G:0.17949
position  3:    T:0.25641    C:0.28205    A:0.25641    G:0.20513
Average         T:0.25641    C:0.24786    A:0.28205    G:0.21368

#44: ThomsonGazelle 
position  1:    T:0.23077    C:0.23077    A:0.28205    G:0.25641
position  2:    T:0.28205    C:0.23077    A:0.30769    G:0.17949
position  3:    T:0.28205    C:0.25641    A:0.23077    G:0.23077
Average         T:0.26496    C:0.23932    A:0.27350    G:0.22222

#45: MuntiacusCrinifrons
position  1:    T:0.23077    C:0.23077    A:0.28205    G:0.25641
position  2:    T:0.28205    C:0.23077    A:0.30769    G:0.17949
position  3:    T:0.28205    C:0.28205    A:0.25641    G:0.17949
Average         T:0.26496    C:0.24786    A:0.28205    G:0.20513

#46: WhiteTailedDeer
position  1:    T:0.23077    C:0.23077    A:0.28205    G:0.25641
position  2:    T:0.28205    C:0.23077    A:0.30769    G:0.17949
position  3:    T:0.25641    C:0.28205    A:0.25641    G:0.20513
Average         T:0.25641    C:0.24786    A:0.28205    G:0.21368

#47: Cattle         
position  1:    T:0.23077    C:0.23077    A:0.28205    G:0.25641
position  2:    T:0.28205    C:0.23077    A:0.30769    G:0.17949
position  3:    T:0.23077    C:0.28205    A:0.25641    G:0.23077
Average         T:0.24786    C:0.24786    A:0.28205    G:0.22222

#48: RoyalAntelope  
position  1:    T:0.23077    C:0.23077    A:0.28205    G:0.25641
position  2:    T:0.28205    C:0.23077    A:0.30769    G:0.17949
position  3:    T:0.25641    C:0.28205    A:0.23077    G:0.23077
Average         T:0.25641    C:0.24786    A:0.27350    G:0.22222

#49: Steenbok       
position  1:    T:0.23077    C:0.23077    A:0.28205    G:0.25641
position  2:    T:0.28205    C:0.23077    A:0.30769    G:0.17949
position  3:    T:0.28205    C:0.25641    A:0.20513    G:0.25641
Average         T:0.26496    C:0.23932    A:0.26496    G:0.23077

#50: Impala         
position  1:    T:0.23077    C:0.23077    A:0.28205    G:0.25641
position  2:    T:0.28205    C:0.23077    A:0.30769    G:0.17949
position  3:    T:0.28205    C:0.25641    A:0.25641    G:0.20513
Average         T:0.26496    C:0.23932    A:0.28205    G:0.21368

#51: Klipspringer   
position  1:    T:0.23077    C:0.23077    A:0.28205    G:0.25641
position  2:    T:0.28205    C:0.23077    A:0.30769    G:0.17949
