CODONML (in paml version 4.10.7, June 2023)  /home/rachel/ruminants_paml/6406-phy-tree/ENSBTAT00000006190.fasta.phy
Model: free dN/dS Ratios for branches,  kappa = 2.000 fixed

Codon frequency model: F3x4
ns =  54  ls =  25

Codon usage in sequences
--------------------------------------------------------------------------------------------------------------------------------------
Phe TTT   0   0   0   0   0   0 | Ser TCT   2   2   2   2   2   2 | Tyr TAT   0   0   0   0   0   0 | Cys TGT   1   1   1   1   0   0
    TTC   0   0   0   0   0   0 |     TCC   0   0   0   0   0   0 |     TAC   0   0   0   0   0   0 |     TGC   0   0   0   0   1   1
Leu TTA   0   0   0   0   0   0 |     TCA   0   0   0   0   0   0 | *** TAA   0   0   0   0   0   0 | *** TGA   0   0   0   0   0   0
    TTG   0   0   0   0   0   0 |     TCG   0   0   0   0   0   0 |     TAG   0   0   0   0   0   0 | Trp TGG   0   0   0   0   0   0
--------------------------------------------------------------------------------------------------------------------------------------
Leu CTT   0   0   0   0   0   0 | Pro CCT   0   0   0   0   0   0 | His CAT   0   0   0   0   0   0 | Arg CGT   0   0   0   0   0   0
    CTC   0   0   0   0   0   0 |     CCC   0   0   0   0   0   0 |     CAC   0   0   0   0   0   0 |     CGC   0   0   0   0   0   0
    CTA   0   0   0   0   0   0 |     CCA   0   0   0   0   0   0 | Gln CAA   2   2   2   1   2   2 |     CGA   0   0   0   0   0   0
    CTG   0   0   0   0   0   0 |     CCG   0   0   0   0   0   0 |     CAG   0   0   0   1   0   0 |     CGG   1   1   1   1   1   1
--------------------------------------------------------------------------------------------------------------------------------------
Ile ATT   0   0   0   0   0   0 | Thr ACT   0   0   0   0   0   0 | Asn AAT   1   0   1   1   1   0 | Ser AGT   0   0   0   0   0   0
    ATC   1   1   1   1   1   1 |     ACC   0   0   0   0   0   0 |     AAC   0   1   0   0   0   1 |     AGC   0   0   0   0   0   0
    ATA   0   0   0   0   0   0 |     ACA   0   0   0   0   0   0 | Lys AAA   0   0   0   0   0   0 | Arg AGA   0   0   0   0   0   0
Met ATG   3   3   3   3   3   3 |     ACG   0   0   0   0   0   0 |     AAG   2   2   2   2   2   2 |     AGG   0   0   0   0   0   0
--------------------------------------------------------------------------------------------------------------------------------------
Val GTT   0   1   1   1   1   1 | Ala GCT   0   1   0   0   1   0 | Asp GAT   1   1   1   1   1   1 | Gly GGT   0   0   0   0   0   0
    GTC   1   0   0   0   0   0 |     GCC   2   1   2   2   1   2 |     GAC   4   4   4   4   4   4 |     GGC   0   0   0   0   0   0
    GTA   0   0   0   0   0   0 |     GCA   2   2   2   2   2   2 | Glu GAA   0   0   0   0   0   0 |     GGA   0   0   0   0   0   0
    GTG   1   1   1   1   1   1 |     GCG   0   0   0   0   0   0 |     GAG   1   1   1   1   1   1 |     GGG   0   0   0   0   0   0
--------------------------------------------------------------------------------------------------------------------------------------

--------------------------------------------------------------------------------------------------------------------------------------
Phe TTT   0   0   0   0   0   0 | Ser TCT   2   2   2   2   2   2 | Tyr TAT   0   0   0   0   0   0 | Cys TGT   1   1   1   1   1   1
    TTC   0   0   0   0   0   0 |     TCC   0   0   0   0   0   0 |     TAC   0   0   0   0   0   0 |     TGC   0   0   0   0   0   0
Leu TTA   0   0   0   0   0   0 |     TCA   0   0   0   0   0   0 | *** TAA   0   0   0   0   0   0 | *** TGA   0   0   0   0   0   0
    TTG   0   0   0   0   0   0 |     TCG   0   0   0   0   0   0 |     TAG   0   0   0   0   0   0 | Trp TGG   0   0   0   0   0   0
--------------------------------------------------------------------------------------------------------------------------------------
Leu CTT   0   0   0   0   0   0 | Pro CCT   0   0   0   0   0   0 | His CAT   0   0   0   0   0   0 | Arg CGT   0   0   0   0   0   0
    CTC   0   0   0   0   0   0 |     CCC   0   0   0   0   0   0 |     CAC   0   0   0   0   0   0 |     CGC   0   0   0   0   0   0
    CTA   0   0   0   0   0   0 |     CCA   0   0   0   0   0   0 | Gln CAA   1   2   2   2   2   2 |     CGA   0   0   0   0   0   0
    CTG   0   0   0   0   0   0 |     CCG   0   0   0   0   0   0 |     CAG   1   0   0   0   0   0 |     CGG   1   1   1   1   1   1
--------------------------------------------------------------------------------------------------------------------------------------
Ile ATT   0   0   0   0   0   0 | Thr ACT   0   0   0   0   0   0 | Asn AAT   1   1   1   1   1   1 | Ser AGT   0   0   0   0   0   0
    ATC   1   1   1   1   1   1 |     ACC   0   0   0   0   0   0 |     AAC   0   0   0   0   0   0 |     AGC   0   0   0   0   0   0
    ATA   0   0   0   0   0   0 |     ACA   0   0   0   0   0   0 | Lys AAA   0   0   0   0   0   0 | Arg AGA   0   0   0   0   0   0
Met ATG   3   3   3   3   3   3 |     ACG   0   0   0   0   0   0 |     AAG   2   2   2   2   2   2 |     AGG   0   0   0   0   0   0
--------------------------------------------------------------------------------------------------------------------------------------
Val GTT   1   0   1   1   1   1 | Ala GCT   0   0   0   0   0   0 | Asp GAT   1   1   1   1   1   1 | Gly GGT   0   0   0   0   0   0
    GTC   0   1   0   0   0   0 |     GCC   2   2   2   2   2   2 |     GAC   4   4   4   4   4   4 |     GGC   0   0   0   0   0   0
    GTA   0   0   0   0   0   0 |     GCA   2   2   2   2   2   2 | Glu GAA   0   0   0   0   0   0 |     GGA   0   0   0   0   0   0
    GTG   1   1   1   1   1   1 |     GCG   0   0   0   0   0   0 |     GAG   1   1   1   1   1   1 |     GGG   0   0   0   0   0   0
--------------------------------------------------------------------------------------------------------------------------------------

--------------------------------------------------------------------------------------------------------------------------------------
Phe TTT   0   0   0   0   0   0 | Ser TCT   2   2   2   2   2   2 | Tyr TAT   0   0   0   0   0   0 | Cys TGT   1   1   1   1   1   1
    TTC   0   0   0   0   0   0 |     TCC   0   0   0   0   0   0 |     TAC   0   0   0   0   0   0 |     TGC   0   0   0   0   0   0
Leu TTA   0   0   0   0   0   0 |     TCA   0   0   0   0   0   0 | *** TAA   0   0   0   0   0   0 | *** TGA   0   0   0   0   0   0
    TTG   0   0   0   0   0   0 |     TCG   0   0   0   0   0   0 |     TAG   0   0   0   0   0   0 | Trp TGG   0   0   0   0   0   0
--------------------------------------------------------------------------------------------------------------------------------------
Leu CTT   0   0   0   0   0   0 | Pro CCT   0   0   0   0   0   0 | His CAT   0   0   0   0   0   0 | Arg CGT   0   0   0   0   0   0
    CTC   0   0   0   0   0   0 |     CCC   0   0   0   0   0   0 |     CAC   0   0   0   0   0   0 |     CGC   0   0   0   0   0   0
    CTA   0   0   0   0   0   0 |     CCA   0   0   0   0   0   0 | Gln CAA   2   2   2   2   2   2 |     CGA   0   0   0   0   0   0
    CTG   0   0   0   0   0   0 |     CCG   0   0   0   0   0   0 |     CAG   0   0   0   0   0   0 |     CGG   1   1   1   1   1   1
--------------------------------------------------------------------------------------------------------------------------------------
Ile ATT   0   0   0   0   0   0 | Thr ACT   0   0   0   0   0   0 | Asn AAT   1   1   1   1   1   0 | Ser AGT   0   0   0   0   0   0
    ATC   1   1   1   1   1   1 |     ACC   0   0   0   0   0   0 |     AAC   0   0   0   0   0   1 |     AGC   0   0   0   0   0   0
    ATA   0   0   0   0   0   0 |     ACA   0   0   0   0   0   0 | Lys AAA   0   0   0   0   0   0 | Arg AGA   0   0   0   0   0   0
Met ATG   3   3   3   3   3   3 |     ACG   0   0   0   0   0   0 |     AAG   2   2   2   2   2   2 |     AGG   0   0   0   0   0   0
--------------------------------------------------------------------------------------------------------------------------------------
Val GTT   1   1   1   1   1   1 | Ala GCT   0   0   0   0   0   0 | Asp GAT   1   1   1   1   1   1 | Gly GGT   0   0   0   0   0   0
    GTC   0   0   0   0   0   0 |     GCC   2   2   2   2   2   2 |     GAC   4   4   4   4   4   4 |     GGC   0   0   0   0   0   0
    GTA   0   0   0   0   0   0 |     GCA   2   2   2   2   2   2 | Glu GAA   0   0   0   0   0   0 |     GGA   0   0   0   0   0   0
    GTG   1   1   1   1   1   1 |     GCG   0   0   0   0   0   0 |     GAG   1   1   1   1   1   1 |     GGG   0   0   0   0   0   0
--------------------------------------------------------------------------------------------------------------------------------------

--------------------------------------------------------------------------------------------------------------------------------------
Phe TTT   0   0   0   0   0   0 | Ser TCT   2   2   2   2   2   2 | Tyr TAT   0   0   0   0   0   0 | Cys TGT   1   1   1   1   1   1
    TTC   0   0   0   0   0   0 |     TCC   0   0   0   0   0   0 |     TAC   0   0   0   0   0   0 |     TGC   0   0   0   0   0   0
Leu TTA   0   0   0   0   0   0 |     TCA   0   0   0   0   0   0 | *** TAA   0   0   0   0   0   0 | *** TGA   0   0   0   0   0   0
    TTG   0   0   0   0   0   0 |     TCG   0   0   0   0   0   0 |     TAG   0   0   0   0   0   0 | Trp TGG   0   0   0   0   0   0
--------------------------------------------------------------------------------------------------------------------------------------
Leu CTT   0   0   0   0   0   0 | Pro CCT   0   0   0   0   0   0 | His CAT   0   0   0   0   0   0 | Arg CGT   0   0   0   0   0   0
    CTC   0   0   0   0   0   0 |     CCC   0   0   0   0   0   0 |     CAC   0   0   0   0   0   0 |     CGC   0   0   0   0   0   0
    CTA   0   0   0   0   0   0 |     CCA   0   0   0   0   0   0 | Gln CAA   2   2   2   2   2   2 |     CGA   0   0   0   0   0   0
    CTG   0   0   0   0   0   0 |     CCG   0   0   0   0   0   0 |     CAG   0   0   0   0   0   0 |     CGG   1   1   1   1   1   1
--------------------------------------------------------------------------------------------------------------------------------------
Ile ATT   0   0   0   0   0   0 | Thr ACT   0   0   0   0   0   0 | Asn AAT   1   1   1   1   0   1 | Ser AGT   0   0   0   0   0   0
    ATC   1   1   1   1   1   1 |     ACC   0   0   0   0   0   0 |     AAC   0   0   0   0   1   0 |     AGC   0   0   0   0   0   0
    ATA   0   0   0   0   0   0 |     ACA   0   0   0   0   0   0 | Lys AAA   0   0   0   0   0   0 | Arg AGA   0   0   0   0   0   0
Met ATG   3   3   3   3   3   3 |     ACG   0   0   0   0   0   0 |     AAG   2   2   2   2   2   2 |     AGG   0   0   0   0   0   0
--------------------------------------------------------------------------------------------------------------------------------------
Val GTT   1   1   1   1   1   1 | Ala GCT   0   0   0   0   0   0 | Asp GAT   1   1   1   1   1   1 | Gly GGT   0   0   0   0   0   0
    GTC   0   0   0   0   0   0 |     GCC   2   2   2   2   2   2 |     GAC   4   4   4   4   4   4 |     GGC   0   0   0   0   0   0
    GTA   0   0   0   0   0   0 |     GCA   2   2   2   2   2   2 | Glu GAA   0   0   1   0   0   0 |     GGA   0   0   0   0   0   0
    GTG   1   1   1   1   1   1 |     GCG   0   0   0   0   0   0 |     GAG   1   1   0   1   1   1 |     GGG   0   0   0   0   0   0
--------------------------------------------------------------------------------------------------------------------------------------

--------------------------------------------------------------------------------------------------------------------------------------
Phe TTT   0   0   0   0   0   0 | Ser TCT   2   2   2   2   2   2 | Tyr TAT   0   0   0   0   0   0 | Cys TGT   1   1   1   1   1   1
    TTC   0   0   0   0   0   0 |     TCC   0   0   0   0   0   0 |     TAC   0   0   0   0   0   0 |     TGC   0   0   0   0   0   0
Leu TTA   0   0   0   0   0   0 |     TCA   0   0   0   0   0   0 | *** TAA   0   0   0   0   0   0 | *** TGA   0   0   0   0   0   0
    TTG   0   0   0   0   0   0 |     TCG   0   0   0   0   0   0 |     TAG   0   0   0   0   0   0 | Trp TGG   0   0   0   0   0   0
--------------------------------------------------------------------------------------------------------------------------------------
Leu CTT   0   0   0   0   0   0 | Pro CCT   0   0   0   0   0   0 | His CAT   0   0   0   0   0   0 | Arg CGT   0   0   0   0   0   0
    CTC   0   0   0   0   0   0 |     CCC   0   0   0   0   0   0 |     CAC   0   0   0   0   0   0 |     CGC   0   0   0   0   0   0
    CTA   0   0   0   0   0   0 |     CCA   0   0   0   0   0   0 | Gln CAA   2   1   2   2   2   2 |     CGA   0   0   0   0   0   0
    CTG   0   0   0   0   0   0 |     CCG   0   0   0   0   0   0 |     CAG   0   1   0   0   0   0 |     CGG   1   1   1   1   1   1
--------------------------------------------------------------------------------------------------------------------------------------
Ile ATT   0   0   0   0   1   0 | Thr ACT   0   0   0   0   0   0 | Asn AAT   1   1   1   0   1   1 | Ser AGT   0   0   0   0   0   0
    ATC   1   1   1   1   0   1 |     ACC   0   0   0   0   0   0 |     AAC   0   0   0   1   0   0 |     AGC   0   0   0   0   0   0
    ATA   0   0   0   0   0   0 |     ACA   0   0   0   0   0   0 | Lys AAA   0   0   0   0   0   0 | Arg AGA   0   0   0   0   0   0
Met ATG   3   3   3   3   3   3 |     ACG   0   0   0   0   0   0 |     AAG   2   2   2   2   2   2 |     AGG   0   0   0   0   0   0
--------------------------------------------------------------------------------------------------------------------------------------
Val GTT   1   1   1   1   1   1 | Ala GCT   0   0   0   0   0   0 | Asp GAT   1   1   1   1   1   1 | Gly GGT   0   0   0   0   0   0
    GTC   0   0   0   0   0   0 |     GCC   2   2   2   2   2   2 |     GAC   4   4   4   4   4   4 |     GGC   0   0   0   0   0   0
    GTA   0   0   0   0   0   0 |     GCA   2   2   2   2   2   2 | Glu GAA   0   0   0   0   0   0 |     GGA   0   0   0   0   0   0
    GTG   1   1   1   1   1   1 |     GCG   0   0   0   0   0   0 |     GAG   1   1   1   1   1   1 |     GGG   0   0   0   0   0   0
--------------------------------------------------------------------------------------------------------------------------------------

--------------------------------------------------------------------------------------------------------------------------------------
Phe TTT   0   0   0   0   0   0 | Ser TCT   2   2   2   2   2   2 | Tyr TAT   0   0   0   0   0   0 | Cys TGT   1   1   1   1   1   1
    TTC   0   0   0   0   0   0 |     TCC   0   0   0   0   0   0 |     TAC   0   0   0   0   0   0 |     TGC   0   0   0   0   0   0
Leu TTA   0   0   0   0   0   0 |     TCA   0   0   0   0   0   0 | *** TAA   0   0   0   0   0   0 | *** TGA   0   0   0   0   0   0
    TTG   0   0   0   0   0   0 |     TCG   0   0   0   0   0   0 |     TAG   0   0   0   0   0   0 | Trp TGG   0   0   0   0   0   0
--------------------------------------------------------------------------------------------------------------------------------------
Leu CTT   0   0   0   0   0   0 | Pro CCT   0   0   0   0   0   0 | His CAT   0   0   0   0   0   0 | Arg CGT   0   0   0   0   0   0
    CTC   0   0   0   0   0   0 |     CCC   0   0   0   0   0   0 |     CAC   0   0   0   0   0   0 |     CGC   0   0   0   0   0   0
    CTA   0   0   0   0   0   0 |     CCA   0   0   0   0   0   0 | Gln CAA   2   2   2   2   2   2 |     CGA   0   0   0   0   0   0
    CTG   0   0   0   0   0   0 |     CCG   0   0   0   0   0   0 |     CAG   0   0   0   0   0   0 |     CGG   1   1   1   1   1   1
--------------------------------------------------------------------------------------------------------------------------------------
Ile ATT   0   0   0   0   0   0 | Thr ACT   0   0   0   0   0   0 | Asn AAT   0   1   1   1   1   1 | Ser AGT   0   0   0   0   0   0
    ATC   1   1   1   1   1   1 |     ACC   0   0   0   0   0   0 |     AAC   1   0   0   0   0   0 |     AGC   0   0   0   0   0   0
    ATA   0   0   0   0   0   0 |     ACA   0   0   0   0   0   0 | Lys AAA   0   0   0   0   0   0 | Arg AGA   0   0   0   0   0   0
Met ATG   3   3   3   3   3   3 |     ACG   0   0   0   0   0   0 |     AAG   2   2   2   2   2   2 |     AGG   0   0   0   0   0   0
--------------------------------------------------------------------------------------------------------------------------------------
Val GTT   1   1   1   1   1   1 | Ala GCT   0   0   0   0   0   0 | Asp GAT   1   1   1   1   1   1 | Gly GGT   0   0   0   0   0   0
    GTC   0   0   0   0   0   0 |     GCC   2   2   2   2   2   2 |     GAC   4   4   4   4   4   4 |     GGC   0   0   0   0   0   0
    GTA   0   0   0   0   0   0 |     GCA   2   2   2   2   2   2 | Glu GAA   0   0   0   0   0   0 |     GGA   0   0   0   0   0   0
    GTG   1   1   1   1   1   1 |     GCG   0   0   0   0   0   0 |     GAG   1   1   1   1   1   1 |     GGG   0   0   0   0   0   0
--------------------------------------------------------------------------------------------------------------------------------------

--------------------------------------------------------------------------------------------------------------------------------------
Phe TTT   0   0   0   0   0   0 | Ser TCT   2   2   2   2   2   2 | Tyr TAT   0   0   0   0   0   0 | Cys TGT   1   1   1   1   1   1
    TTC   0   0   0   0   0   0 |     TCC   0   0   0   0   0   0 |     TAC   0   0   0   0   0   0 |     TGC   0   0   0   0   0   0
Leu TTA   0   0   0   0   0   0 |     TCA   0   0   0   0   0   0 | *** TAA   0   0   0   0   0   0 | *** TGA   0   0   0   0   0   0
    TTG   0   0   0   0   0   0 |     TCG   0   0   0   0   0   0 |     TAG   0   0   0   0   0   0 | Trp TGG   0   0   0   0   0   0
--------------------------------------------------------------------------------------------------------------------------------------
Leu CTT   0   0   0   0   0   0 | Pro CCT   0   0   0   0   0   0 | His CAT   0   0   0   0   0   0 | Arg CGT   0   0   0   0   0   0
    CTC   0   0   0   0   0   0 |     CCC   0   0   0   0   0   0 |     CAC   0   0   0   0   0   0 |     CGC   0   0   0   0   0   0
    CTA   0   0   0   0   0   0 |     CCA   0   0   0   0   0   0 | Gln CAA   2   2   2   1   2   2 |     CGA   0   0   0   0   0   0
    CTG   0   0   0   0   0   0 |     CCG   0   0   0   0   0   0 |     CAG   0   0   0   1   0   0 |     CGG   1   1   1   1   1   1
--------------------------------------------------------------------------------------------------------------------------------------
Ile ATT   0   0   0   0   0   0 | Thr ACT   0   0   0   0   0   0 | Asn AAT   1   1   1   1   1   1 | Ser AGT   0   0   0   0   0   0
    ATC   1   1   1   1   1   1 |     ACC   0   0   0   0   0   0 |     AAC   0   0   0   0   0   0 |     AGC   0   0   0   0   0   0
    ATA   0   0   0   0   0   0 |     ACA   0   0   0   0   0   0 | Lys AAA   0   0   0   0   0   0 | Arg AGA   0   0   0   0   0   0
Met ATG   3   3   3   3   3   3 |     ACG   0   0   0   0   0   0 |     AAG   2   2   2   2   2   2 |     AGG   0   0   0   0   0   0
--------------------------------------------------------------------------------------------------------------------------------------
Val GTT   1   1   1   1   1   1 | Ala GCT   0   0   0   0   0   0 | Asp GAT   1   1   1   1   1   1 | Gly GGT   0   0   0   0   0   0
    GTC   0   0   0   0   0   0 |     GCC   2   2   2   2   2   2 |     GAC   4   4   4   4   4   4 |     GGC   0   0   0   0   0   0
    GTA   0   0   0   0   0   0 |     GCA   2   2   2   2   2   2 | Glu GAA   0   0   0   0   0   0 |     GGA   0   0   0   0   0   0
    GTG   1   1   1   1   1   1 |     GCG   0   0   0   0   0   0 |     GAG   1   1   1   1   1   1 |     GGG   0   0   0   0   0   0
--------------------------------------------------------------------------------------------------------------------------------------

--------------------------------------------------------------------------------------------------------------------------------------
Phe TTT   0   0   0   0   0   0 | Ser TCT   2   2   2   2   2   2 | Tyr TAT   0   0   0   0   0   0 | Cys TGT   1   1   1   1   1   1
    TTC   0   0   0   0   0   0 |     TCC   0   0   0   0   0   0 |     TAC   0   0   0   0   0   0 |     TGC   0   0   0   0   0   0
Leu TTA   0   0   0   0   0   0 |     TCA   0   0   0   0   0   0 | *** TAA   0   0   0   0   0   0 | *** TGA   0   0   0   0   0   0
    TTG   0   0   0   0   0   0 |     TCG   0   0   0   0   0   0 |     TAG   0   0   0   0   0   0 | Trp TGG   0   0   0   0   0   0
--------------------------------------------------------------------------------------------------------------------------------------
Leu CTT   0   0   0   0   0   0 | Pro CCT   0   0   0   0   0   0 | His CAT   0   0   0   0   0   0 | Arg CGT   0   0   0   0   0   0
    CTC   0   0   0   0   0   0 |     CCC   0   0   0   0   0   0 |     CAC   0   0   0   0   0   0 |     CGC   0   0   0   0   0   0
    CTA   0   0   0   0   0   0 |     CCA   0   0   0   0   0   0 | Gln CAA   2   2   2   1   2   2 |     CGA   0   0   0   0   0   0
    CTG   0   0   0   0   0   0 |     CCG   0   0   0   0   0   0 |     CAG   0   0   0   1   0   0 |     CGG   1   1   1   1   1   1
--------------------------------------------------------------------------------------------------------------------------------------
Ile ATT   0   0   0   0   0   0 | Thr ACT   0   0   0   0   0   0 | Asn AAT   1   0   1   1   1   1 | Ser AGT   0   0   0   0   0   0
    ATC   1   1   1   1   1   1 |     ACC   0   0   0   0   0   0 |     AAC   0   1   0   0   0   0 |     AGC   0   0   0   0   0   0
    ATA   0   0   0   0   0   0 |     ACA   0   0   0   0   0   0 | Lys AAA   0   0   0   0   0   0 | Arg AGA   0   0   0   0   0   0
Met ATG   3   3   3   3   3   3 |     ACG   0   0   0   0   0   0 |     AAG   2   2   2   2   2   2 |     AGG   0   0   0   0   0   0
--------------------------------------------------------------------------------------------------------------------------------------
Val GTT   1   1   1   1   1   1 | Ala GCT   0   0   0   1   0   1 | Asp GAT   1   1   1   1   1   1 | Gly GGT   0   0   0   0   0   0
    GTC   0   0   0   0   0   0 |     GCC   2   2   2   1   2   1 |     GAC   4   4   4   4   4   4 |     GGC   0   0   0   0   0   0
    GTA   0   0   0   0   0   0 |     GCA   2   2   2   2   2   2 | Glu GAA   0   0   0   0   0   0 |     GGA   0   0   0   0   0   0
    GTG   1   1   1   1   1   1 |     GCG   0   0   0   0   0   0 |     GAG   1   1   1   1   1   1 |     GGG   0   0   0   0   0   0
--------------------------------------------------------------------------------------------------------------------------------------

--------------------------------------------------------------------------------------------------------------------------------------
Phe TTT   0   0   0   0   0   0 | Ser TCT   2   2   2   2   2   2 | Tyr TAT   0   0   0   0   0   0 | Cys TGT   1   1   1   1   1   1
    TTC   0   0   0   0   0   0 |     TCC   0   0   0   0   0   0 |     TAC   0   0   0   0   0   0 |     TGC   0   0   0   0   0   0
Leu TTA   0   0   0   0   0   0 |     TCA   0   0   0   0   0   0 | *** TAA   0   0   0   0   0   0 | *** TGA   0   0   0   0   0   0
    TTG   0   0   0   0   0   0 |     TCG   0   0   0   0   0   0 |     TAG   0   0   0   0   0   0 | Trp TGG   0   0   0   0   0   0
--------------------------------------------------------------------------------------------------------------------------------------
Leu CTT   0   0   0   0   0   0 | Pro CCT   0   0   0   0   0   0 | His CAT   0   0   0   0   0   0 | Arg CGT   0   0   0   0   0   0
    CTC   0   0   0   0   0   0 |     CCC   0   0   0   0   0   0 |     CAC   0   0   0   0   0   0 |     CGC   0   0   0   0   0   0
    CTA   0   0   0   0   0   0 |     CCA   0   0   0   0   0   0 | Gln CAA   2   2   2   1   2   2 |     CGA   0   0   0   0   0   0
    CTG   0   0   0   0   0   0 |     CCG   0   0   0   0   0   0 |     CAG   0   0   0   1   0   0 |     CGG   1   1   1   1   1   1
--------------------------------------------------------------------------------------------------------------------------------------
Ile ATT   0   0   0   0   0   0 | Thr ACT   0   0   0   0   0   0 | Asn AAT   1   1   1   1   1   1 | Ser AGT   0   0   0   0   0   0
    ATC   1   1   1   1   1   1 |     ACC   0   0   0   0   0   0 |     AAC   0   0   0   0   0   0 |     AGC   0   0   0   0   0   0
    ATA   0   0   0   0   0   0 |     ACA   0   0   0   0   0   0 | Lys AAA   0   0   0   0   0   0 | Arg AGA   0   0   0   0   0   0
Met ATG   3   3   3   3   3   3 |     ACG   0   0   0   0   0   0 |     AAG   2   2   2   2   2   2 |     AGG   0   0   0   0   0   0
--------------------------------------------------------------------------------------------------------------------------------------
Val GTT   1   1   1   1   1   1 | Ala GCT   0   0   1   0   0   0 | Asp GAT   1   1   1   1   1   1 | Gly GGT   0   0   0   0   0   0
    GTC   0   0   0   0   0   0 |     GCC   2   2   1   2   2   2 |     GAC   4   4   4   4   4   4 |     GGC   0   0   0   0   0   0
    GTA   0   0   0   0   0   0 |     GCA   2   2   2   2   2   2 | Glu GAA   0   0   0   0   0   0 |     GGA   0   0   0   0   0   0
    GTG   1   1   1   1   1   1 |     GCG   0   0   0   0   0   0 |     GAG   1   1   1   1   1   1 |     GGG   0   0   0   0   0   0
--------------------------------------------------------------------------------------------------------------------------------------

Codon position x base (3x4) table for each sequence.

#1: Argali         
position  1:    T:0.12000    C:0.12000    A:0.28000    G:0.48000
position  2:    T:0.24000    C:0.24000    A:0.44000    G:0.08000
position  3:    T:0.20000    C:0.32000    A:0.16000    G:0.32000
Average         T:0.18667    C:0.22667    A:0.29333    G:0.29333

#2: LesserMouseDeer
position  1:    T:0.12000    C:0.12000    A:0.28000    G:0.48000
position  2:    T:0.24000    C:0.24000    A:0.44000    G:0.08000
position  3:    T:0.24000    C:0.28000    A:0.16000    G:0.32000
Average         T:0.20000    C:0.21333    A:0.29333    G:0.29333

#3: LesserKudu     
position  1:    T:0.12000    C:0.12000    A:0.28000    G:0.48000
position  2:    T:0.24000    C:0.24000    A:0.44000    G:0.08000
position  3:    T:0.24000    C:0.28000    A:0.16000    G:0.32000
Average         T:0.20000    C:0.21333    A:0.29333    G:0.29333

#4: ForestMuskDeer2
position  1:    T:0.12000    C:0.12000    A:0.28000    G:0.48000
position  2:    T:0.24000    C:0.24000    A:0.44000    G:0.08000
position  3:    T:0.24000    C:0.28000    A:0.12000    G:0.36000
Average         T:0.20000    C:0.21333    A:0.28000    G:0.30667

#5: Camel          
position  1:    T:0.12000    C:0.12000    A:0.28000    G:0.48000
position  2:    T:0.24000    C:0.24000    A:0.44000    G:0.08000
position  3:    T:0.24000    C:0.28000    A:0.16000    G:0.32000
Average         T:0.20000    C:0.21333    A:0.29333    G:0.29333

#6: KillerWhale    
position  1:    T:0.12000    C:0.12000    A:0.28000    G:0.48000
position  2:    T:0.24000    C:0.24000    A:0.44000    G:0.08000
position  3:    T:0.16000    C:0.36000    A:0.16000    G:0.32000
Average         T:0.17333    C:0.24000    A:0.29333    G:0.29333

#7: DefassaWaterbuck
position  1:    T:0.12000    C:0.12000    A:0.28000    G:0.48000
position  2:    T:0.24000    C:0.24000    A:0.44000    G:0.08000
position  3:    T:0.24000    C:0.28000    A:0.12000    G:0.36000
Average         T:0.20000    C:0.21333    A:0.28000    G:0.30667

#8: Sheep          
position  1:    T:0.12000    C:0.12000    A:0.28000    G:0.48000
position  2:    T:0.24000    C:0.24000    A:0.44000    G:0.08000
position  3:    T:0.20000    C:0.32000    A:0.16000    G:0.32000
Average         T:0.18667    C:0.22667    A:0.29333    G:0.29333

#9: MaxwellsDuiker 
position  1:    T:0.12000    C:0.12000    A:0.28000    G:0.48000
position  2:    T:0.24000    C:0.24000    A:0.44000    G:0.08000
position  3:    T:0.24000    C:0.28000    A:0.16000    G:0.32000
Average         T:0.20000    C:0.21333    A:0.29333    G:0.29333

#10: GazellaPrzewalskyi
position  1:    T:0.12000    C:0.12000    A:0.28000    G:0.48000
position  2:    T:0.24000    C:0.24000    A:0.44000    G:0.08000
position  3:    T:0.24000    C:0.28000    A:0.16000    G:0.32000
Average         T:0.20000    C:0.21333    A:0.29333    G:0.29333

#11: MountainNyala  
position  1:    T:0.12000    C:0.12000    A:0.28000    G:0.48000
position  2:    T:0.24000    C:0.24000    A:0.44000    G:0.08000
position  3:    T:0.24000    C:0.28000    A:0.16000    G:0.32000
Average         T:0.20000    C:0.21333    A:0.29333    G:0.29333

#12: MuntiacusMuntjak
position  1:    T:0.12000    C:0.12000    A:0.28000    G:0.48000
position  2:    T:0.24000    C:0.24000    A:0.44000    G:0.08000
position  3:    T:0.24000    C:0.28000    A:0.16000    G:0.32000
Average         T:0.20000    C:0.21333    A:0.29333    G:0.29333

#13: goat           
position  1:    T:0.12000    C:0.12000    A:0.28000    G:0.48000
position  2:    T:0.24000    C:0.24000    A:0.44000    G:0.08000
position  3:    T:0.24000    C:0.28000    A:0.16000    G:0.32000
Average         T:0.20000    C:0.21333    A:0.29333    G:0.29333

#14: AfricanBuffalo 
position  1:    T:0.12000    C:0.12000    A:0.28000    G:0.48000
position  2:    T:0.24000    C:0.24000    A:0.44000    G:0.08000
position  3:    T:0.24000    C:0.28000    A:0.16000    G:0.32000
Average         T:0.20000    C:0.21333    A:0.29333    G:0.29333

#15: Topi           
position  1:    T:0.12000    C:0.12000    A:0.28000    G:0.48000
position  2:    T:0.24000    C:0.24000    A:0.44000    G:0.08000
position  3:    T:0.24000    C:0.28000    A:0.16000    G:0.32000
Average         T:0.20000    C:0.21333    A:0.29333    G:0.29333

#16: CommonDuiker   
position  1:    T:0.12000    C:0.12000    A:0.28000    G:0.48000
position  2:    T:0.24000    C:0.24000    A:0.44000    G:0.08000
position  3:    T:0.24000    C:0.28000    A:0.16000    G:0.32000
Average         T:0.20000    C:0.21333    A:0.29333    G:0.29333

#17: Suni           
position  1:    T:0.12000    C:0.12000    A:0.28000    G:0.48000
position  2:    T:0.24000    C:0.24000    A:0.44000    G:0.08000
position  3:    T:0.24000    C:0.28000    A:0.16000    G:0.32000
Average         T:0.20000    C:0.21333    A:0.29333    G:0.29333

#18: Springbuck     
position  1:    T:0.12000    C:0.12000    A:0.28000    G:0.48000
position  2:    T:0.24000    C:0.24000    A:0.44000    G:0.08000
position  3:    T:0.20000    C:0.32000    A:0.16000    G:0.32000
Average         T:0.18667    C:0.22667    A:0.29333    G:0.29333

#19: Okapi          
position  1:    T:0.12000    C:0.12000    A:0.28000    G:0.48000
position  2:    T:0.24000    C:0.24000    A:0.44000    G:0.08000
position  3:    T:0.24000    C:0.28000    A:0.16000    G:0.32000
Average         T:0.20000    C:0.21333    A:0.29333    G:0.29333

#20: Giraffe        
position  1:    T:0.12000    C:0.12000    A:0.28000    G:0.48000
position  2:    T:0.24000    C:0.24000    A:0.44000    G:0.08000
position  3:    T:0.24000    C:0.28000    A:0.16000    G:0.32000
Average         T:0.20000    C:0.21333    A:0.29333    G:0.29333

#21: TibetanAntelope
position  1:    T:0.12000    C:0.12000    A:0.28000    G:0.48000
position  2:    T:0.24000    C:0.24000    A:0.44000    G:0.08000
position  3:    T:0.24000    C:0.28000    A:0.20000    G:0.28000
Average         T:0.20000    C:0.21333    A:0.30667    G:0.28000

#22: Sitatunga      
position  1:    T:0.12000    C:0.12000    A:0.28000    G:0.48000
position  2:    T:0.24000    C:0.24000    A:0.44000    G:0.08000
position  3:    T:0.24000    C:0.28000    A:0.16000    G:0.32000
Average         T:0.20000    C:0.21333    A:0.29333    G:0.29333

#23: Oribi          
position  1:    T:0.12000    C:0.12000    A:0.28000    G:0.48000
position  2:    T:0.24000    C:0.24000    A:0.44000    G:0.08000
position  3:    T:0.20000    C:0.32000    A:0.16000    G:0.32000
Average         T:0.18667    C:0.22667    A:0.29333    G:0.29333

#24: BarbarySheep   
position  1:    T:0.12000    C:0.12000    A:0.28000    G:0.48000
position  2:    T:0.24000    C:0.24000    A:0.44000    G:0.08000
position  3:    T:0.24000    C:0.28000    A:0.16000    G:0.32000
Average         T:0.20000    C:0.21333    A:0.29333    G:0.29333

#25: Daviddeer      
position  1:    T:0.12000    C:0.12000    A:0.28000    G:0.48000
position  2:    T:0.24000    C:0.24000    A:0.44000    G:0.08000
position  3:    T:0.24000    C:0.28000    A:0.16000    G:0.32000
Average         T:0.20000    C:0.21333    A:0.29333    G:0.29333

#26: Reindeer       
position  1:    T:0.12000    C:0.12000    A:0.28000    G:0.48000
position  2:    T:0.24000    C:0.24000    A:0.44000    G:0.08000
position  3:    T:0.24000    C:0.28000    A:0.12000    G:0.36000
Average         T:0.20000    C:0.21333    A:0.28000    G:0.30667

#27: Ibex           
position  1:    T:0.12000    C:0.12000    A:0.28000    G:0.48000
position  2:    T:0.24000    C:0.24000    A:0.44000    G:0.08000
position  3:    T:0.24000    C:0.28000    A:0.16000    G:0.32000
Average         T:0.20000    C:0.21333    A:0.29333    G:0.29333

#28: GyrantGazelle  
position  1:    T:0.12000    C:0.12000    A:0.28000    G:0.48000
position  2:    T:0.24000    C:0.24000    A:0.44000    G:0.08000
position  3:    T:0.20000    C:0.32000    A:0.16000    G:0.32000
Average         T:0.18667    C:0.22667    A:0.29333    G:0.29333

#29: Hartebeest     
position  1:    T:0.12000    C:0.12000    A:0.28000    G:0.48000
position  2:    T:0.24000    C:0.24000    A:0.44000    G:0.08000
position  3:    T:0.28000    C:0.24000    A:0.16000    G:0.32000
Average         T:0.21333    C:0.20000    A:0.29333    G:0.29333

#30: Bongo          
position  1:    T:0.12000    C:0.12000    A:0.28000    G:0.48000
position  2:    T:0.24000    C:0.24000    A:0.44000    G:0.08000
position  3:    T:0.24000    C:0.28000    A:0.16000    G:0.32000
Average         T:0.20000    C:0.21333    A:0.29333    G:0.29333

#31: Gerenuk        
position  1:    T:0.12000    C:0.12000    A:0.28000    G:0.48000
position  2:    T:0.24000    C:0.24000    A:0.44000    G:0.08000
position  3:    T:0.20000    C:0.32000    A:0.16000    G:0.32000
Average         T:0.18667    C:0.22667    A:0.29333    G:0.29333

#32: CommonEland    
position  1:    T:0.12000    C:0.12000    A:0.28000    G:0.48000
position  2:    T:0.24000    C:0.24000    A:0.44000    G:0.08000
position  3:    T:0.24000    C:0.28000    A:0.16000    G:0.32000
Average         T:0.20000    C:0.21333    A:0.29333    G:0.29333

#33: MuntiacusReevesi
position  1:    T:0.12000    C:0.12000    A:0.28000    G:0.48000
position  2:    T:0.24000    C:0.24000    A:0.44000    G:0.08000
position  3:    T:0.24000    C:0.28000    A:0.16000    G:0.32000
Average         T:0.20000    C:0.21333    A:0.29333    G:0.29333

#34: HarveysDuiker  
position  1:    T:0.12000    C:0.12000    A:0.28000    G:0.48000
position  2:    T:0.24000    C:0.24000    A:0.44000    G:0.08000
position  3:    T:0.24000    C:0.28000    A:0.16000    G:0.32000
Average         T:0.20000    C:0.21333    A:0.29333    G:0.29333

#35: Pronghorn      
position  1:    T:0.12000    C:0.12000    A:0.28000    G:0.48000
position  2:    T:0.24000    C:0.24000    A:0.44000    G:0.08000
position  3:    T:0.24000    C:0.28000    A:0.16000    G:0.32000
Average         T:0.20000    C:0.21333    A:0.29333    G:0.29333

#36: BlueWildebeest 
position  1:    T:0.12000    C:0.12000    A:0.28000    G:0.48000
position  2:    T:0.24000    C:0.24000    A:0.44000    G:0.08000
position  3:    T:0.24000    C:0.28000    A:0.16000    G:0.32000
Average         T:0.20000    C:0.21333    A:0.29333    G:0.29333

#37: Gemsbok        
position  1:    T:0.12000    C:0.12000    A:0.28000    G:0.48000
position  2:    T:0.24000    C:0.24000    A:0.44000    G:0.08000
position  3:    T:0.24000    C:0.28000    A:0.16000    G:0.32000
Average         T:0.20000    C:0.21333    A:0.29333    G:0.29333

#38: Yak            
position  1:    T:0.12000    C:0.12000    A:0.28000    G:0.48000
position  2:    T:0.24000    C:0.24000    A:0.44000    G:0.08000
position  3:    T:0.24000    C:0.28000    A:0.16000    G:0.32000
Average         T:0.20000    C:0.21333    A:0.29333    G:0.29333

#39: BlueSheep      
position  1:    T:0.12000    C:0.12000    A:0.28000    G:0.48000
position  2:    T:0.24000    C:0.24000    A:0.44000    G:0.08000
position  3:    T:0.24000    C:0.28000    A:0.16000    G:0.32000
Average         T:0.20000    C:0.21333    A:0.29333    G:0.29333

#40: BohorReedbuck  
position  1:    T:0.12000    C:0.12000    A:0.28000    G:0.48000
position  2:    T:0.24000    C:0.24000    A:0.44000    G:0.08000
position  3:    T:0.24000    C:0.28000    A:0.12000    G:0.36000
Average         T:0.20000    C:0.21333    A:0.28000    G:0.30667

#41: KirksDik       
position  1:    T:0.12000    C:0.12000    A:0.28000    G:0.48000
position  2:    T:0.24000    C:0.24000    A:0.44000    G:0.08000
position  3:    T:0.24000    C:0.28000    A:0.16000    G:0.32000
Average         T:0.20000    C:0.21333    A:0.29333    G:0.29333

#42: RoeDeer        
position  1:    T:0.12000    C:0.12000    A:0.28000    G:0.48000
position  2:    T:0.24000    C:0.24000    A:0.44000    G:0.08000
position  3:    T:0.24000    C:0.28000    A:0.16000    G:0.32000
Average         T:0.20000    C:0.21333    A:0.29333    G:0.29333

#43: WhiteLippedDeer
position  1:    T:0.12000    C:0.12000    A:0.28000    G:0.48000
position  2:    T:0.24000    C:0.24000    A:0.44000    G:0.08000
position  3:    T:0.24000    C:0.28000    A:0.16000    G:0.32000
Average         T:0.20000    C:0.21333    A:0.29333    G:0.29333

#44: ThomsonGazelle 
position  1:    T:0.12000    C:0.12000    A:0.28000    G:0.48000
position  2:    T:0.24000    C:0.24000    A:0.44000    G:0.08000
position  3:    T:0.20000    C:0.32000    A:0.16000    G:0.32000
Average         T:0.18667    C:0.22667    A:0.29333    G:0.29333

#45: MuntiacusCrinifrons
position  1:    T:0.12000    C:0.12000    A:0.28000    G:0.48000
position  2:    T:0.24000    C:0.24000    A:0.44000    G:0.08000
position  3:    T:0.24000    C:0.28000    A:0.16000    G:0.32000
Average         T:0.20000    C:0.21333    A:0.29333    G:0.29333

#46: WhiteTailedDeer
position  1:    T:0.12000    C:0.12000    A:0.28000    G:0.48000
position  2:    T:0.24000    C:0.24000    A:0.44000    G:0.08000
position  3:    T:0.28000    C:0.24000    A:0.12000    G:0.36000
Average         T:0.21333    C:0.20000    A:0.28000    G:0.30667

#47: Cattle         
position  1:    T:0.12000    C:0.12000    A:0.28000    G:0.48000
position  2:    T:0.24000    C:0.24000    A:0.44000    G:0.08000
position  3:    T:0.24000    C:0.28000    A:0.16000    G:0.32000
Average         T:0.20000    C:0.21333    A:0.29333    G:0.29333

#48: RoyalAntelope  
position  1:    T:0.12000    C:0.12000    A:0.28000    G:0.48000
position  2:    T:0.24000    C:0.24000    A:0.44000    G:0.08000
position  3:    T:0.28000    C:0.24000    A:0.16000    G:0.32000
Average         T:0.21333    C:0.20000    A:0.29333    G:0.29333

#49: Steenbok       
position  1:    T:0.12000    C:0.12000    A:0.28000    G:0.48000
position  2:    T:0.24000    C:0.24000    A:0.44000    G:0.08000
position  3:    T:0.24000    C:0.28000    A:0.16000    G:0.32000
Average         T:0.20000    C:0.21333    A:0.29333    G:0.29333

#50: Impala         
position  1:    T:0.12000    C:0.12000    A:0.28000    G:0.48000
position  2:    T:0.24000    C:0.24000    A:0.44000    G:0.08000
position  3:    T:0.24000    C:0.28000    A:0.16000    G:0.32000
Average         T:0.20000    C:0.21333    A:0.29333    G:0.29333

#51: Klipspringer   
position  1:    T:0.12000    C:0.12000    A:0.28000    G:0.48000
position  2:    T:0.24000    C:0.24000    A:0.44000    G:0.08000
