CODONML (in paml version 4.10.7, June 2023)  /home/rachel/ruminants_paml/6406-phy-tree/ENSBTAT00000004472.fasta.phy
Model: free dN/dS Ratios for branches,  kappa = 2.000 fixed

Codon frequency model: F3x4
ns =  54  ls = 179

Codon usage in sequences
--------------------------------------------------------------------------------------------------------------------------------------
Phe TTT   3   3   3   3   3   3 | Ser TCT   1   2   1   0   1   1 | Tyr TAT   4   4   4   4   4   4 | Cys TGT   2   3   2   2   2   2
    TTC   6   6   6   6   6   6 |     TCC   1   1   1   2   2   1 |     TAC   4   4   4   4   4   4 |     TGC   4   3   4   4   4   4
Leu TTA   4   2   3   3   3   3 |     TCA   3   3   4   5   3   4 | *** TAA   0   0   0   0   0   0 | *** TGA   0   0   0   0   0   0
    TTG   3   5   4   3   3   5 |     TCG   2   1   1   0   1   1 |     TAG   0   0   0   0   0   0 | Trp TGG   1   1   1   1   1   1
--------------------------------------------------------------------------------------------------------------------------------------
Leu CTT   3   2   2   2   1   2 | Pro CCT   1   1   1   1   1   1 | His CAT   1   1   1   1   1   1 | Arg CGT   0   0   0   0   0   0
    CTC   2   3   3   3   4   3 |     CCC   0   0   0   0   0   1 |     CAC   2   2   2   2   2   2 |     CGC   0   0   0   0   0   0
    CTA   1   1   1   1   1   1 |     CCA   3   4   3   3   3   3 | Gln CAA   4   2   4   3   4   3 |     CGA   1   1   1   1   1   1
    CTG   6   6   6   7   7   5 |     CCG   1   0   1   1   1   0 |     CAG   8  10   8   9   8   9 |     CGG   2   2   2   2   2   2
--------------------------------------------------------------------------------------------------------------------------------------
Ile ATT   5   4   4   5   5   5 | Thr ACT   2   3   3   3   3   3 | Asn AAT  10   9  10   9   9   9 | Ser AGT   0   0   0   0   0   0
    ATC   3   3   4   3   3   3 |     ACC   2   2   2   2   3   2 |     AAC   7   8   7   8   8   8 |     AGC   1   1   1   1   1   1
    ATA   2   2   2   2   2   2 |     ACA   3   2   4   3   2   3 | Lys AAA   9   8   7  10   8   9 | Arg AGA   2   2   2   2   2   2
Met ATG   2   2   2   2   2   2 |     ACG   3   3   1   2   2   2 |     AAG   9  10  11   8  10   9 |     AGG   1   1   1   1   1   1
--------------------------------------------------------------------------------------------------------------------------------------
Val GTT   1   2   1   1   1   1 | Ala GCT   1   2   1   1   2   2 | Asp GAT   3   5   4   4   5   5 | Gly GGT   0   0   0   0   0   1
    GTC   2   1   2   2   1   1 |     GCC   5   4   5   5   4   4 |     GAC   4   3   3   3   2   2 |     GGC   3   3   3   3   3   3
    GTA   0   0   0   0   0   0 |     GCA   1   1   1   1   1   1 | Glu GAA  11  12  11  11  13  12 |     GGA   4   3   4   4   4   3
    GTG   2   4   2   2   3   3 |     GCG   2   1   2   2   2   2 |     GAG   6   4   6   6   4   5 |     GGG   0   1   0   0   0   0
--------------------------------------------------------------------------------------------------------------------------------------

--------------------------------------------------------------------------------------------------------------------------------------
Phe TTT   3   3   3   3   3   3 | Ser TCT   2   1   1   1   1   1 | Tyr TAT   4   4   4   4   4   3 | Cys TGT   2   2   2   2   2   2
    TTC   6   6   6   6   6   6 |     TCC   1   1   1   1   1   1 |     TAC   4   4   4   4   4   5 |     TGC   4   4   4   4   4   4
Leu TTA   4   4   4   4   3   3 |     TCA   4   3   4   3   4   5 | *** TAA   0   0   0   0   0   0 | *** TGA   0   0   0   0   0   0
    TTG   3   3   3   1   4   4 |     TCG   1   2   1   2   1   0 |     TAG   0   0   0   0   0   0 | Trp TGG   1   1   1   1   1   1
--------------------------------------------------------------------------------------------------------------------------------------
Leu CTT   3   2   3   2   3   2 | Pro CCT   0   1   1   1   1   0 | His CAT   1   1   1   1   1   1 | Arg CGT   0   0   0   0   0   0
    CTC   2   3   2   3   3   3 |     CCC   0   0   0   0   0   1 |     CAC   2   2   2   2   2   2 |     CGC   0   0   0   0   0   0
    CTA   1   1   1   1   0   1 |     CCA   3   3   3   3   3   3 | Gln CAA   3   4   3   2   3   3 |     CGA   2   1   2   1   1   1
    CTG   6   6   6   8   6   6 |     CCG   1   1   1   1   1   1 |     CAG   9   8   9  10   9   9 |     CGG   1   2   1   2   2   2
--------------------------------------------------------------------------------------------------------------------------------------
Ile ATT   5   5   5   6   5   5 | Thr ACT   3   3   3   2   3   2 | Asn AAT  10  10  10  10   9  10 | Ser AGT   0   0   0   0   0   0
    ATC   3   3   3   2   3   3 |     ACC   2   2   1   2   2   3 |     AAC   7   7   7   7   8   7 |     AGC   1   1   1   1   1   1
    ATA   2   2   2   2   2   2 |     ACA   3   3   3   3   3   3 | Lys AAA  10   9  10  10   7   9 | Arg AGA   2   2   2   2   2   2
Met ATG   2   2   2   2   2   2 |     ACG   2   2   3   3   2   2 |     AAG   8   9   8   8  11   9 |     AGG   1   1   1   1   1   1
--------------------------------------------------------------------------------------------------------------------------------------
Val GTT   2   1   1   2   2   1 | Ala GCT   1   1   1   1   1   1 | Asp GAT   4   3   4   4   4   5 | Gly GGT   0   0   0   0   0   0
    GTC   1   2   2   1   1   2 |     GCC   5   5   5   5   5   5 |     GAC   3   4   3   3   3   2 |     GGC   3   3   3   3   3   3
    GTA   0   0   0   0   0   0 |     GCA   1   1   1   1   1   1 | Glu GAA  11  11  11  11  11  11 |     GGA   4   4   4   4   4   4
    GTG   2   2   2   2   2   2 |     GCG   2   2   2   2   2   2 |     GAG   6   6   6   6   6   6 |     GGG   0   0   0   0   0   0
--------------------------------------------------------------------------------------------------------------------------------------

--------------------------------------------------------------------------------------------------------------------------------------
Phe TTT   3   4   3   3   3   3 | Ser TCT   1   1   1   1   1   1 | Tyr TAT   4   4   4   4   3   4 | Cys TGT   2   2   2   2   2   2
    TTC   6   5   6   6   6   6 |     TCC   1   1   1   1   1   1 |     TAC   4   4   4   4   5   4 |     TGC   4   4   4   4   4   4
Leu TTA   4   3   4   4   4   4 |     TCA   3   4   4   2   4   3 | *** TAA   0   0   0   0   0   0 | *** TGA   0   0   0   0   0   0
    TTG   3   4   3   3   3   3 |     TCG   2   1   1   3   1   2 |     TAG   0   0   0   0   0   0 | Trp TGG   1   1   1   1   1   1
--------------------------------------------------------------------------------------------------------------------------------------
Leu CTT   3   2   3   3   3   3 | Pro CCT   1   1   1   1   1   1 | His CAT   1   1   1   1   2   1 | Arg CGT   0   0   0   0   0   0
    CTC   2   3   2   2   2   2 |     CCC   0   0   0   0   0   0 |     CAC   2   2   2   2   1   2 |     CGC   0   0   0   0   0   0
    CTA   1   1   1   1   1   1 |     CCA   4   3   3   3   3   3 | Gln CAA   4   3   3   3   3   3 |     CGA   1   1   1   1   1   1
    CTG   6   6   6   6   6   6 |     CCG   0   1   1   1   1   1 |     CAG   8   9   9   9   9   9 |     CGG   2   2   2   2   2   2
--------------------------------------------------------------------------------------------------------------------------------------
Ile ATT   5   5   5   5   5   5 | Thr ACT   2   3   2   2   2   2 | Asn AAT  10   8  10  10  10  10 | Ser AGT   0   0   0   0   0   0
    ATC   3   3   3   3   3   3 |     ACC   2   2   2   2   2   2 |     AAC   7   9   7   7   7   7 |     AGC   1   1   1   1   1   1
    ATA   2   2   2   2   2   2 |     ACA   3   4   3   3   2   3 | Lys AAA  10  10  10   9   8  10 | Arg AGA   2   2   2   2   1   2
Met ATG   2   2   2   2   2   2 |     ACG   3   1   3   3   4   3 |     AAG   8   8   8   9  10   8 |     AGG   1   1   1   1   2   1
--------------------------------------------------------------------------------------------------------------------------------------
Val GTT   1   2   1   1   1   1 | Ala GCT   1   1   1   1   1   1 | Asp GAT   4   4   4   4   4   4 | Gly GGT   0   0   0   0   0   0
    GTC   2   1   2   2   2   2 |     GCC   5   5   5   4   5   5 |     GAC   3   3   3   3   3   3 |     GGC   3   3   3   3   4   3
    GTA   0   0   0   0   0   0 |     GCA   1   1   1   2   1   1 | Glu GAA  11  11  11  11  10  11 |     GGA   4   4   4   4   3   4
    GTG   2   2   2   2   2   2 |     GCG   2   2   2   2   2   2 |     GAG   6   6   6   6   7   6 |     GGG   0   0   0   0   0   0
--------------------------------------------------------------------------------------------------------------------------------------

--------------------------------------------------------------------------------------------------------------------------------------
Phe TTT   3   3   3   3   3   3 | Ser TCT   1   1   1   1   1   1 | Tyr TAT   4   4   4   4   4   4 | Cys TGT   2   2   2   2   2   2
    TTC   6   6   6   6   6   6 |     TCC   1   1   1   1   1   1 |     TAC   4   4   4   4   4   4 |     TGC   4   4   4   4   4   4
Leu TTA   3   2   4   3   4   4 |     TCA   4   4   3   4   3   3 | *** TAA   0   0   0   0   0   0 | *** TGA   0   0   0   0   0   0
    TTG   4   5   2   4   3   3 |     TCG   1   1   2   1   2   2 |     TAG   0   0   0   0   0   0 | Trp TGG   1   1   1   1   1   1
--------------------------------------------------------------------------------------------------------------------------------------
Leu CTT   2   2   3   2   3   3 | Pro CCT   1   1   1   1   1   1 | His CAT   1   1   1   1   1   1 | Arg CGT   0   0   0   0   0   0
    CTC   3   3   2   3   2   2 |     CCC   0   0   0   0   0   0 |     CAC   2   2   2   2   2   2 |     CGC   0   0   0   0   0   0
    CTA   1   1   1   1   1   1 |     CCA   3   3   4   3   3   4 | Gln CAA   3   3   4   3   3   4 |     CGA   1   1   1   1   1   1
    CTG   6   6   7   6   6   6 |     CCG   1   1   0   1   1   0 |     CAG   9   9   8   9   9   8 |     CGG   2   2   2   2   2   2
--------------------------------------------------------------------------------------------------------------------------------------
Ile ATT   6   6   5   5   5   5 | Thr ACT   3   3   2   3   2   2 | Asn AAT  10  10  10   9   8  10 | Ser AGT   0   0   0   0   0   0
    ATC   2   2   3   3   3   3 |     ACC   2   2   2   2   2   2 |     AAC   7   7   7   8   9   7 |     AGC   1   1   1   1   1   1
    ATA   2   2   2   2   2   2 |     ACA   3   4   3   3   3   3 | Lys AAA   9   9  10   7   9  10 | Arg AGA   2   2   2   2   2   2
Met ATG   2   2   2   2   2   2 |     ACG   2   2   3   2   3   3 |     AAG   9   9   8  11   9   8 |     AGG   1   1   1   1   1   1
--------------------------------------------------------------------------------------------------------------------------------------
Val GTT   1   1   1   2   2   1 | Ala GCT   1   1   1   1   1   1 | Asp GAT   5   5   4   4   4   4 | Gly GGT   0   0   0   0   0   0
    GTC   2   2   2   1   1   2 |     GCC   5   5   5   5   5   5 |     GAC   2   2   3   3   3   3 |     GGC   3   3   3   3   3   3
    GTA   0   0   0   0   0   0 |     GCA   1   1   1   1   1   1 | Glu GAA  11  11  11  11  11  10 |     GGA   4   4   4   4   4   4
    GTG   2   2   2   2   2   2 |     GCG   2   1   2   2   2   2 |     GAG   6   6   6   6   6   7 |     GGG   0   0   0   0   0   0
--------------------------------------------------------------------------------------------------------------------------------------

--------------------------------------------------------------------------------------------------------------------------------------
Phe TTT   3   3   3   4   3   3 | Ser TCT   1   1   1   1   1   1 | Tyr TAT   4   4   4   4   4   4 | Cys TGT   2   2   2   2   2   2
    TTC   6   6   6   5   6   6 |     TCC   1   1   1   1   1   1 |     TAC   4   4   4   4   4   4 |     TGC   4   4   4   4   4   4
Leu TTA   3   3   4   5   4   3 |     TCA   5   4   3   3   4   4 | *** TAA   0   0   0   0   0   0 | *** TGA   0   0   0   0   0   0
    TTG   4   4   3   2   3   5 |     TCG   0   1   2   2   1   1 |     TAG   0   0   0   0   0   0 | Trp TGG   1   1   1   1   1   1
--------------------------------------------------------------------------------------------------------------------------------------
Leu CTT   2   2   3   3   3   3 | Pro CCT   1   1   1   1   1   1 | His CAT   1   1   1   1   1   1 | Arg CGT   0   0   0   0   0   0
    CTC   3   3   2   2   2   3 |     CCC   0   0   0   0   0   0 |     CAC   2   2   2   2   2   2 |     CGC   0   0   0   0   0   0
    CTA   1   1   1   1   1   0 |     CCA   3   3   4   3   3   3 | Gln CAA   3   3   4   3   3   3 |     CGA   1   1   1   1   1   1
    CTG   6   6   6   6   6   5 |     CCG   1   1   0   1   1   1 |     CAG   9   9   8   9   9   9 |     CGG   2   2   2   2   2   2
--------------------------------------------------------------------------------------------------------------------------------------
Ile ATT   5   5   5   5   5   5 | Thr ACT   3   3   2   2   2   3 | Asn AAT  10  10  10  10  10   9 | Ser AGT   0   0   0   0   0   0
    ATC   3   3   3   3   3   3 |     ACC   2   2   2   2   2   2 |     AAC   7   7   7   7   7   8 |     AGC   1   1   1   1   1   1
    ATA   2   2   2   2   2   2 |     ACA   3   3   3   3   3   3 | Lys AAA   9   9  10  10  10   7 | Arg AGA   2   2   2   2   2   2
Met ATG   2   2   2   2   2   2 |     ACG   2   2   3   3   3   2 |     AAG   9   9   8   8   8  11 |     AGG   1   1   1   1   1   1
--------------------------------------------------------------------------------------------------------------------------------------
Val GTT   1   1   1   1   1   2 | Ala GCT   1   2   1   1   1   1 | Asp GAT   5   5   4   4   4   4 | Gly GGT   0   0   0   0   0   0
    GTC   2   2   2   2   2   1 |     GCC   5   4   5   5   5   5 |     GAC   2   2   3   3   3   3 |     GGC   3   3   3   3   3   3
    GTA   0   0   0   0   0   0 |     GCA   1   1   1   1   1   1 | Glu GAA  11  11  11  11  11  11 |     GGA   4   4   4   4   4   4
    GTG   2   2   2   2   2   2 |     GCG   2   2   2   2   2   2 |     GAG   6   6   6   6   6   6 |     GGG   0   0   0   0   0   0
--------------------------------------------------------------------------------------------------------------------------------------

--------------------------------------------------------------------------------------------------------------------------------------
Phe TTT   3   3   3   3   3   3 | Ser TCT   1   1   1   1   1   1 | Tyr TAT   4   4   3   4   4   4 | Cys TGT   2   2   2   2   2   2
    TTC   6   6   6   6   6   6 |     TCC   1   1   1   1   0   1 |     TAC   4   4   5   4   4   4 |     TGC   4   4   4   4   4   4
Leu TTA   4   3   3   4   3   4 |     TCA   3   4   5   3   3   4 | *** TAA   0   0   0   0   0   0 | *** TGA   0   0   0   0   0   0
    TTG   3   4   4   3   3   3 |     TCG   2   1   0   2   3   1 |     TAG   0   0   0   0   0   0 | Trp TGG   1   1   1   1   1   1
--------------------------------------------------------------------------------------------------------------------------------------
Leu CTT   3   3   2   3   2   2 | Pro CCT   1   1   0   1   1   1 | His CAT   1   1   2   1   1   1 | Arg CGT   0   0   0   0   0   0
    CTC   2   3   3   2   3   2 |     CCC   0   0   1   0   0   0 |     CAC   2   2   1   2   2   2 |     CGC   0   0   0   0   0   0
    CTA   1   0   1   1   1   1 |     CCA   3   3   3   4   3   3 | Gln CAA   3   3   3   3   3   3 |     CGA   1   1   1   1   1   1
    CTG   6   6   6   6   7   7 |     CCG   1   1   1   0   1   1 |     CAG   9   9   9   9   9   9 |     CGG   2   2   2   2   2   2
--------------------------------------------------------------------------------------------------------------------------------------
Ile ATT   5   4   5   5   5   5 | Thr ACT   2   3   3   2   3   2 | Asn AAT  10   9  10  10   9  10 | Ser AGT   0   0   0   0   0   0
    ATC   3   4   3   3   3   3 |     ACC   2   2   2   2   2   2 |     AAC   7   8   7   7   8   7 |     AGC   1   1   1   1   1   1
    ATA   2   2   2   2   2   2 |     ACA   3   4   3   3   2   3 | Lys AAA  10   7   9  10   9  10 | Arg AGA   2   2   2   2   2   2
Met ATG   2   2   2   2   2   2 |     ACG   3   1   2   3   3   3 |     AAG   8  11   9   8   9   8 |     AGG   1   1   1   1   1   1
--------------------------------------------------------------------------------------------------------------------------------------
Val GTT   1   1   1   2   0   1 | Ala GCT   1   1   1   1   1   1 | Asp GAT   4   4   5   4   5   4 | Gly GGT   0   0   0   0   0   0
    GTC   2   2   2   1   3   2 |     GCC   5   5   5   5   5   5 |     GAC   3   3   2   3   2   3 |     GGC   3   3   3   3   3   3
    GTA   0   0   0   0   0   0 |     GCA   1   1   1   1   1   1 | Glu GAA  11  11  11  11  11  11 |     GGA   4   4   4   4   4   4
    GTG   2   2   2   2   2   2 |     GCG   2   2   2   2   2   2 |     GAG   6   6   6   6   6   6 |     GGG   0   0   0   0   0   0
--------------------------------------------------------------------------------------------------------------------------------------

--------------------------------------------------------------------------------------------------------------------------------------
Phe TTT   3   3   3   3   3   3 | Ser TCT   1   1   1   1   1   1 | Tyr TAT   4   4   4   4   4   4 | Cys TGT   2   2   2   2   2   2
    TTC   6   6   6   6   6   6 |     TCC   1   1   1   1   1   1 |     TAC   4   4   4   4   4   4 |     TGC   4   4   4   4   4   4
Leu TTA   4   3   4   4   4   3 |     TCA   4   4   3   4   3   4 | *** TAA   0   0   0   0   0   0 | *** TGA   0   0   0   0   0   0
    TTG   3   4   3   3   3   4 |     TCG   1   1   2   1   2   1 |     TAG   0   0   0   0   0   0 | Trp TGG   1   1   1   1   1   1
--------------------------------------------------------------------------------------------------------------------------------------
Leu CTT   3   2   3   3   3   2 | Pro CCT   1   1   1   1   1   1 | His CAT   1   1   1   1   1   1 | Arg CGT   0   0   0   0   0   0
    CTC   2   3   2   2   2   3 |     CCC   0   0   0   0   0   0 |     CAC   2   2   2   2   2   2 |     CGC   0   0   0   0   0   0
    CTA   1   1   1   1   1   1 |     CCA   3   3   4   3   3   3 | Gln CAA   3   3   4   3   3   3 |     CGA   1   1   1   2   2   1
    CTG   6   6   6   6   6   6 |     CCG   1   1   0   1   1   1 |     CAG   9   9   8   9   9   9 |     CGG   2   2   2   1   2   2
--------------------------------------------------------------------------------------------------------------------------------------
Ile ATT   5   5   5   5   6   5 | Thr ACT   2   3   2   3   2   3 | Asn AAT  10   9  10  10   9  10 | Ser AGT   0   0   0   0   0   0
    ATC   3   3   3   3   2   3 |     ACC   2   2   2   2   2   2 |     AAC   7   8   7   7   8   7 |     AGC   1   1   1   1   1   1
    ATA   2   2   2   1   2   2 |     ACA   3   3   3   3   2   3 | Lys AAA  10  10  10  10   8   9 | Arg AGA   2   2   2   3   1   2
Met ATG   2   2   2   2   2   2 |     ACG   3   2   3   2   4   2 |     AAG   8   8   8   8  10   9 |     AGG   1   1   1   1   1   1
--------------------------------------------------------------------------------------------------------------------------------------
Val GTT   1   2   1   2   1   1 | Ala GCT   1   1   1   1   1   1 | Asp GAT   4   4   4   4   4   5 | Gly GGT   0   0   0   0   0   0
    GTC   2   1   2   1   2   2 |     GCC   5   5   5   5   5   5 |     GAC   3   3   3   3   3   2 |     GGC   3   3   3   3   3   3
    GTA   0   0   0   0   0   0 |     GCA   1   2   1   1   1   1 | Glu GAA  11  11  11  11  11  11 |     GGA   4   4   4   4   4   4
    GTG   2   2   2   2   2   2 |     GCG   2   1   2   2   2   2 |     GAG   6   6   6   6   6   6 |     GGG   0   0   0   0   0   0
--------------------------------------------------------------------------------------------------------------------------------------

--------------------------------------------------------------------------------------------------------------------------------------
Phe TTT   3   3   3   3   3   4 | Ser TCT   1   1   1   1   1   1 | Tyr TAT   4   4   3   4   4   4 | Cys TGT   2   2   2   2   2   2
    TTC   6   6   6   6   6   5 |     TCC   1   2   1   1   1   1 |     TAC   4   4   5   4   4   4 |     TGC   4   4   4   4   4   4
Leu TTA   3   5   3   3   3   4 |     TCA   4   3   5   4   4   4 | *** TAA   0   0   0   0   0   0 | *** TGA   0   0   0   0   0   0
    TTG   4   2   4   4   4   3 |     TCG   1   1   0   1   1   1 |     TAG   0   0   0   0   0   0 | Trp TGG   1   1   1   1   1   1
--------------------------------------------------------------------------------------------------------------------------------------
Leu CTT   2   3   2   2   2   2 | Pro CCT   1   1   0   1   1   1 | His CAT   1   1   1   1   1   1 | Arg CGT   0   0   0   0   0   0
    CTC   3   2   3   3   3   3 |     CCC   0   0   1   0   0   0 |     CAC   2   2   2   2   2   2 |     CGC   0   0   0   0   0   0
    CTA   1   1   1   1   1   1 |     CCA   3   3   3   3   3   3 | Gln CAA   3   3   3   3   3   3 |     CGA   1   1   1   1   1   1
    CTG   6   6   6   6   6   6 |     CCG   1   1   1   1   1   1 |     CAG   9   9   9   9   9   9 |     CGG   2   2   2   2   2   2
--------------------------------------------------------------------------------------------------------------------------------------
Ile ATT   5   5   5   5   5   6 | Thr ACT   3   2   3   3   3   2 | Asn AAT  10  10  10  10   9  10 | Ser AGT   0   0   0   0   0   0
    ATC   3   3   3   3   3   2 |     ACC   2   2   2   2   2   2 |     AAC   7   7   7   7   8   7 |     AGC   1   1   1   1   1   1
    ATA   2   2   2   2   2   2 |     ACA   4   4   3   3   3   3 | Lys AAA   9  10   9   9  10  10 | Arg AGA   2   2   2   2   2   2
Met ATG   2   2   2   2   2   2 |     ACG   1   2   2   2   2   3 |     AAG   9   8   9   9   8   8 |     AGG   1   1   1   1   1   1
--------------------------------------------------------------------------------------------------------------------------------------
Val GTT   1   1   1   1   1   2 | Ala GCT   1   1   1   2   1   1 | Asp GAT   5   4   5   5   4   4 | Gly GGT   0   0   0   0   0   0
    GTC   2   2   2   2   2   1 |     GCC   5   5   5   4   5   5 |     GAC   2   3   2   2   3   3 |     GGC   3   3   3   3   3   2
    GTA   0   0   0   0   0   0 |     GCA   1   1   1   1   2   1 | Glu GAA  11  11  11  11  11  11 |     GGA   4   4   4   4   4   4
    GTG   2   2   2   2   2   2 |     GCG   2   2   2   2   1   2 |     GAG   6   6   6   6   6   6 |     GGG   0   0   0   0   0   1
--------------------------------------------------------------------------------------------------------------------------------------

--------------------------------------------------------------------------------------------------------------------------------------
Phe TTT   3   3   3   3   3   3 | Ser TCT   1   1   1   0   1   1 | Tyr TAT   4   4   4   4   4   4 | Cys TGT   2   2   2   2   2   2
    TTC   6   6   6   6   6   6 |     TCC   1   1   1   2   1   1 |     TAC   4   4   4   4   4   4 |     TGC   4   4   4   4   4   4
Leu TTA   4   4   4   3   3   3 |     TCA   3   3   5   5   4   4 | *** TAA   0   0   0   0   0   0 | *** TGA   0   0   0   0   0   0
    TTG   3   3   3   3   4   4 |     TCG   2   2   0   0   1   1 |     TAG   0   0   0   0   0   0 | Trp TGG   1   1   1   1   1   1
--------------------------------------------------------------------------------------------------------------------------------------
Leu CTT   3   3   3   2   2   3 | Pro CCT   1   1   1   1   1   1 | His CAT   1   1   1   1   1   1 | Arg CGT   0   0   0   0   0   0
    CTC   2   2   2   3   3   3 |     CCC   0   1   0   0   0   0 |     CAC   2   2   2   2   2   2 |     CGC   0   0   0   0   0   0
    CTA   1   1   1   1   1   0 |     CCA   4   3   2   3   3   3 | Gln CAA   3   3   3   3   3   3 |     CGA   1   1   1   1   1   1
    CTG   6   6   6   7   6   6 |     CCG   0   0   2   1   1   1 |     CAG   9   9   9   9   9   9 |     CGG   2   2   2   2   2   2
--------------------------------------------------------------------------------------------------------------------------------------
Ile ATT   5   6   5   5   3   4 | Thr ACT   2   2   2   3   3   3 | Asn AAT  10  10   9   9   9   9 | Ser AGT   0   0   0   0   0   0
    ATC   3   2   3   3   4   4 |     ACC   2   2   2   2   2   2 |     AAC   7   7   8   8   8   8 |     AGC   1   1   1   1   1   1
    ATA   2   2   2   2   2   2 |     ACA   4   4   3   3   4   4 | Lys AAA  10   9   9  10   7   7 | Arg AGA   3   2   1   2   2   2
Met ATG   2   2   2   2   2   2 |     ACG   2   2   3   2   1   1 |     AAG   8   9   9   8  11  11 |     AGG   0   1   2   1   1   1
--------------------------------------------------------------------------------------------------------------------------------------
Val GTT   1   1   1   1   2   1 | Ala GCT   1   1   1   1   1   1 | Asp GAT   4   4   4   4   4   4 | Gly GGT   0   0   0   0   0   0
    GTC   2   2   2   2   2   2 |     GCC   5   5   5   5   5   5 |     GAC   3   3   3   3   3   3 |     GGC   3   3   2   3   3   3
    GTA   0   0   0   0   0   0 |     GCA   2   1   1   1   1   1 | Glu GAA  11  11  11  11  11  11 |     GGA   4   4   4   4   4   4
    GTG   2   2   2   2   2   2 |     GCG   1   2   2   2   2   2 |     GAG   6   6   6   6   6   6 |     GGG   0   0   1   0   0   0
--------------------------------------------------------------------------------------------------------------------------------------

Codon position x base (3x4) table for each sequence.

#1: Argali         
position  1:    T:0.21229    C:0.19553    A:0.34078    G:0.25140
position  2:    T:0.25140    C:0.17318    A:0.45810    G:0.11732
position  3:    T:0.20670    C:0.25698    A:0.26816    G:0.26816
Average         T:0.22346    C:0.20857    A:0.35568    G:0.21229

#2: LesserMouseDeer
position  1:    T:0.21229    C:0.19553    A:0.33520    G:0.25698
position  2:    T:0.25698    C:0.16760    A:0.45810    G:0.11732
position  3:    T:0.22905    C:0.24581    A:0.24022    G:0.28492
Average         T:0.23277    C:0.20298    A:0.34451    G:0.21974

#3: LesserKudu     
position  1:    T:0.21229    C:0.19553    A:0.34078    G:0.25140
position  2:    T:0.25140    C:0.17318    A:0.45810    G:0.11732
position  3:    T:0.20670    C:0.26257    A:0.26257    G:0.26816
Average         T:0.22346    C:0.21043    A:0.35382    G:0.21229

#4: ForestMuskDeer2
position  1:    T:0.20670    C:0.20112    A:0.34078    G:0.25140
position  2:    T:0.25140    C:0.17318    A:0.45810    G:0.11732
position  3:    T:0.20112    C:0.26816    A:0.27374    G:0.25698
Average         T:0.21974    C:0.21415    A:0.35754    G:0.20857

#5: Camel          
position  1:    T:0.20670    C:0.20112    A:0.34078    G:0.25140
position  2:    T:0.25140    C:0.17318    A:0.45810    G:0.11732
position  3:    T:0.21229    C:0.26257    A:0.26257    G:0.26257
Average         T:0.22346    C:0.21229    A:0.35382    G:0.21043

#6: KillerWhale    
position  1:    T:0.21788    C:0.18994    A:0.34078    G:0.25140
position  2:    T:0.25140    C:0.17318    A:0.45810    G:0.11732
position  3:    T:0.22346    C:0.25140    A:0.26257    G:0.26257
Average         T:0.23091    C:0.20484    A:0.35382    G:0.21043

#7: DefassaWaterbuck
position  1:    T:0.21788    C:0.18994    A:0.34078    G:0.25140
position  2:    T:0.25140    C:0.17318    A:0.45810    G:0.11732
position  3:    T:0.22346    C:0.24581    A:0.27933    G:0.25140
Average         T:0.23091    C:0.20298    A:0.35940    G:0.20670

#8: Sheep          
position  1:    T:0.21229    C:0.19553    A:0.34078    G:0.25140
position  2:    T:0.25140    C:0.17318    A:0.45810    G:0.11732
position  3:    T:0.20670    C:0.26257    A:0.26816    G:0.26257
Average         T:0.22346    C:0.21043    A:0.35568    G:0.21043

#9: MaxwellsDuiker 
position  1:    T:0.21229    C:0.19553    A:0.34078    G:0.25140
position  2:    T:0.25140    C:0.17318    A:0.45810    G:0.11732
position  3:    T:0.21788    C:0.24581    A:0.27933    G:0.25698
Average         T:0.22719    C:0.20484    A:0.35940    G:0.20857

#10: GazellaPrzewalskyi
position  1:    T:0.20112    C:0.20670    A:0.34078    G:0.25140
position  2:    T:0.25140    C:0.17318    A:0.45810    G:0.11732
position  3:    T:0.21788    C:0.24581    A:0.26257    G:0.27374
Average         T:0.22346    C:0.20857    A:0.35382    G:0.21415

#11: MountainNyala  
position  1:    T:0.21229    C:0.19553    A:0.34078    G:0.25140
position  2:    T:0.25140    C:0.17318    A:0.45810    G:0.11732
position  3:    T:0.21788    C:0.25698    A:0.24581    G:0.27933
Average         T:0.22719    C:0.20857    A:0.34823    G:0.21601

#12: MuntiacusMuntjak
position  1:    T:0.21229    C:0.19553    A:0.34078    G:0.25140
position  2:    T:0.25140    C:0.17318    A:0.45810    G:0.11732
position  3:    T:0.20112    C:0.26816    A:0.26816    G:0.26257
Average         T:0.22160    C:0.21229    A:0.35568    G:0.21043

#13: goat           
position  1:    T:0.21229    C:0.19553    A:0.34078    G:0.25140
position  2:    T:0.25140    C:0.17318    A:0.45810    G:0.11732
position  3:    T:0.21229    C:0.25140    A:0.27933    G:0.25698
Average         T:0.22533    C:0.20670    A:0.35940    G:0.20857

#14: AfricanBuffalo 
position  1:    T:0.21229    C:0.19553    A:0.34078    G:0.25140
position  2:    T:0.25140    C:0.17318    A:0.45810    G:0.11732
position  3:    T:0.21229    C:0.25698    A:0.27374    G:0.25698
Average         T:0.22533    C:0.20857    A:0.35754    G:0.20857

#15: Topi           
position  1:    T:0.21229    C:0.19553    A:0.34078    G:0.25140
position  2:    T:0.25140    C:0.17318    A:0.45810    G:0.11732
position  3:    T:0.21229    C:0.25140    A:0.27374    G:0.26257
Average         T:0.22533    C:0.20670    A:0.35754    G:0.21043

#16: CommonDuiker   
position  1:    T:0.21229    C:0.19553    A:0.34078    G:0.25140
position  2:    T:0.25140    C:0.17318    A:0.45810    G:0.11732
position  3:    T:0.21229    C:0.24581    A:0.26257    G:0.27933
Average         T:0.22533    C:0.20484    A:0.35382    G:0.21601

#17: Suni           
position  1:    T:0.21229    C:0.19553    A:0.34078    G:0.25140
position  2:    T:0.25140    C:0.17318    A:0.45810    G:0.11732
position  3:    T:0.21229    C:0.25698    A:0.24022    G:0.29050
Average         T:0.22533    C:0.20857    A:0.34637    G:0.21974

#18: Springbuck     
position  1:    T:0.21229    C:0.19553    A:0.34078    G:0.25140
position  2:    T:0.25140    C:0.17318    A:0.45810    G:0.11732
position  3:    T:0.21229    C:0.25140    A:0.26816    G:0.26816
Average         T:0.22533    C:0.20670    A:0.35568    G:0.21229

#19: Okapi          
position  1:    T:0.21229    C:0.19553    A:0.34078    G:0.25140
position  2:    T:0.25140    C:0.17318    A:0.45810    G:0.11732
position  3:    T:0.22346    C:0.24581    A:0.26257    G:0.26816
Average         T:0.22905    C:0.20484    A:0.35382    G:0.21229

#20: Giraffe        
position  1:    T:0.21229    C:0.19553    A:0.34637    G:0.24581
position  2:    T:0.25140    C:0.17318    A:0.45810    G:0.11732
position  3:    T:0.22346    C:0.24581    A:0.26257    G:0.26816
Average         T:0.22905    C:0.20484    A:0.35568    G:0.21043

#21: TibetanAntelope
position  1:    T:0.20670    C:0.20112    A:0.34078    G:0.25140
position  2:    T:0.25140    C:0.17318    A:0.45810    G:0.11732
position  3:    T:0.21229    C:0.25140    A:0.27933    G:0.25698
Average         T:0.22346    C:0.20857    A:0.35940    G:0.20857

#22: Sitatunga      
position  1:    T:0.21229    C:0.19553    A:0.34078    G:0.25140
position  2:    T:0.25140    C:0.17318    A:0.45810    G:0.11732
position  3:    T:0.21229    C:0.25698    A:0.25140    G:0.27933
Average         T:0.22533    C:0.20857    A:0.35009    G:0.21601

#23: Oribi          
position  1:    T:0.21229    C:0.19553    A:0.34078    G:0.25140
position  2:    T:0.25140    C:0.17318    A:0.45810    G:0.11732
position  3:    T:0.20670    C:0.25698    A:0.26257    G:0.27374
Average         T:0.22346    C:0.20857    A:0.35382    G:0.21415

#24: BarbarySheep   
position  1:    T:0.21229    C:0.19553    A:0.34078    G:0.25140
position  2:    T:0.25140    C:0.17318    A:0.45810    G:0.11732
position  3:    T:0.21229    C:0.25140    A:0.27374    G:0.26257
Average         T:0.22533    C:0.20670    A:0.35754    G:0.21043

#25: Daviddeer      
position  1:    T:0.21229    C:0.19553    A:0.34078    G:0.25140
position  2:    T:0.25140    C:0.17318    A:0.45810    G:0.11732
position  3:    T:0.21788    C:0.25140    A:0.26816    G:0.26257
Average         T:0.22719    C:0.20670    A:0.35568    G:0.21043

#26: Reindeer       
position  1:    T:0.21229    C:0.19553    A:0.34078    G:0.25140
position  2:    T:0.25140    C:0.17318    A:0.45810    G:0.11732
position  3:    T:0.22346    C:0.24581    A:0.26257    G:0.26816
Average         T:0.22905    C:0.20484    A:0.35382    G:0.21229

#27: Ibex           
position  1:    T:0.21229    C:0.19553    A:0.34078    G:0.25140
position  2:    T:0.25140    C:0.17318    A:0.45810    G:0.11732
position  3:    T:0.21229    C:0.25140    A:0.27933    G:0.25698
Average         T:0.22533    C:0.20670    A:0.35940    G:0.20857

#28: GyrantGazelle  
position  1:    T:0.21229    C:0.19553    A:0.34078    G:0.25140
position  2:    T:0.25140    C:0.17318    A:0.45810    G:0.11732
position  3:    T:0.21788    C:0.24581    A:0.27374    G:0.26257
Average         T:0.22719    C:0.20484    A:0.35754    G:0.21043

#29: Hartebeest     
position  1:    T:0.21229    C:0.19553    A:0.34078    G:0.25140
position  2:    T:0.25140    C:0.17318    A:0.45810    G:0.11732
position  3:    T:0.21229    C:0.25140    A:0.27374    G:0.26257
Average         T:0.22533    C:0.20670    A:0.35754    G:0.21043

#30: Bongo          
position  1:    T:0.21788    C:0.18994    A:0.34078    G:0.25140
position  2:    T:0.25140    C:0.17318    A:0.45810    G:0.11732
position  3:    T:0.21788    C:0.25698    A:0.24581    G:0.27933
Average         T:0.22905    C:0.20670    A:0.34823    G:0.21601

#31: Gerenuk        
position  1:    T:0.21229    C:0.19553    A:0.34078    G:0.25140
position  2:    T:0.25140    C:0.17318    A:0.45810    G:0.11732
position  3:    T:0.21229    C:0.25140    A:0.26816    G:0.26816
Average         T:0.22533    C:0.20670    A:0.35568    G:0.21229

#32: CommonEland    
position  1:    T:0.21229    C:0.19553    A:0.34078    G:0.25140
position  2:    T:0.25140    C:0.17318    A:0.45810    G:0.11732
position  3:    T:0.20670    C:0.26816    A:0.25140    G:0.27374
Average         T:0.22346    C:0.21229    A:0.35009    G:0.21415

#33: MuntiacusReevesi
position  1:    T:0.21229    C:0.19553    A:0.34078    G:0.25140
position  2:    T:0.25140    C:0.17318    A:0.45810    G:0.11732
position  3:    T:0.21229    C:0.25698    A:0.26816    G:0.26257
Average         T:0.22533    C:0.20857    A:0.35568    G:0.21043

#34: HarveysDuiker  
position  1:    T:0.21229    C:0.19553    A:0.34078    G:0.25140
position  2:    T:0.25140    C:0.17318    A:0.45810    G:0.11732
position  3:    T:0.21788    C:0.24581    A:0.27374    G:0.26257
Average         T:0.22719    C:0.20484    A:0.35754    G:0.21043

#35: Pronghorn      
position  1:    T:0.20670    C:0.20112    A:0.34078    G:0.25140
position  2:    T:0.25140    C:0.17318    A:0.45810    G:0.11732
position  3:    T:0.20670    C:0.25698    A:0.25140    G:0.28492
Average         T:0.22160    C:0.21043    A:0.35009    G:0.21788

#36: BlueWildebeest 
position  1:    T:0.21229    C:0.19553    A:0.34078    G:0.25140
position  2:    T:0.25140    C:0.17318    A:0.45810    G:0.11732
position  3:    T:0.20670    C:0.25140    A:0.27374    G:0.26816
Average         T:0.22346    C:0.20670    A:0.35754    G:0.21229

#37: Gemsbok        
position  1:    T:0.21229    C:0.19553    A:0.34078    G:0.25140
position  2:    T:0.25140    C:0.17318    A:0.45810    G:0.11732
position  3:    T:0.21229    C:0.25140    A:0.27374    G:0.26257
Average         T:0.22533    C:0.20670    A:0.35754    G:0.21043

#38: Yak            
position  1:    T:0.21229    C:0.19553    A:0.34078    G:0.25140
position  2:    T:0.25140    C:0.17318    A:0.45810    G:0.11732
position  3:    T:0.21229    C:0.25698    A:0.27374    G:0.25698
Average         T:0.22533    C:0.20857    A:0.35754    G:0.20857

#39: BlueSheep      
position  1:    T:0.21229    C:0.19553    A:0.34078    G:0.25140
position  2:    T:0.25140    C:0.17318    A:0.45810    G:0.11732
position  3:    T:0.21229    C:0.25140    A:0.27933    G:0.25698
Average         T:0.22533    C:0.20670    A:0.35940    G:0.20857

#40: BohorReedbuck  
position  1:    T:0.21229    C:0.19553    A:0.34078    G:0.25140
position  2:    T:0.24581    C:0.17318    A:0.45810    G:0.12291
position  3:    T:0.22346    C:0.24581    A:0.27933    G:0.25140
Average         T:0.22719    C:0.20484    A:0.35940    G:0.20857

#41: KirksDik       
position  1:    T:0.21229    C:0.20112    A:0.33520    G:0.25140
position  2:    T:0.25140    C:0.17318    A:0.45810    G:0.11732
position  3:    T:0.21229    C:0.25140    A:0.25140    G:0.28492
Average         T:0.22533    C:0.20857    A:0.34823    G:0.21788

#42: RoeDeer        
position  1:    T:0.21229    C:0.19553    A:0.34078    G:0.25140
position  2:    T:0.25140    C:0.17318    A:0.45810    G:0.11732
position  3:    T:0.21788    C:0.25140    A:0.26257    G:0.26816
Average         T:0.22719    C:0.20670    A:0.35382    G:0.21229

#43: WhiteLippedDeer
position  1:    T:0.21229    C:0.19553    A:0.34078    G:0.25140
position  2:    T:0.25140    C:0.17318    A:0.45810    G:0.11732
position  3:    T:0.21788    C:0.25140    A:0.26816    G:0.26257
Average         T:0.22719    C:0.20670    A:0.35568    G:0.21043

#44: ThomsonGazelle 
position  1:    T:0.21229    C:0.19553    A:0.34078    G:0.25140
position  2:    T:0.25140    C:0.17318    A:0.45810    G:0.11732
position  3:    T:0.21229    C:0.25698    A:0.27933    G:0.25140
Average         T:0.22533    C:0.20857    A:0.35940    G:0.20670

#45: MuntiacusCrinifrons
position  1:    T:0.21229    C:0.19553    A:0.34078    G:0.25140
position  2:    T:0.25140    C:0.17318    A:0.45810    G:0.11732
position  3:    T:0.20670    C:0.26257    A:0.26816    G:0.26257
Average         T:0.22346    C:0.21043    A:0.35568    G:0.21043

#46: WhiteTailedDeer
position  1:    T:0.21229    C:0.19553    A:0.34078    G:0.25140
position  2:    T:0.25140    C:0.17318    A:0.45810    G:0.11732
position  3:    T:0.22346    C:0.24581    A:0.26257    G:0.26816
Average         T:0.22905    C:0.20484    A:0.35382    G:0.21229

#47: Cattle         
position  1:    T:0.21229    C:0.19553    A:0.34078    G:0.25140
position  2:    T:0.25140    C:0.17318    A:0.45810    G:0.11732
position  3:    T:0.20670    C:0.26257    A:0.27374    G:0.25698
Average         T:0.22346    C:0.21043    A:0.35754    G:0.20857

#48: RoyalAntelope  
position  1:    T:0.21229    C:0.19553    A:0.34078    G:0.25140
position  2:    T:0.25140    C:0.17318    A:0.45810    G:0.11732
position  3:    T:0.22346    C:0.23464    A:0.27374    G:0.26816
Average         T:0.22905    C:0.20112    A:0.35754    G:0.21229

#49: Steenbok       
position  1:    T:0.21229    C:0.19553    A:0.34078    G:0.25140
position  2:    T:0.25140    C:0.17318    A:0.45810    G:0.11732
position  3:    T:0.21229    C:0.25140    A:0.29050    G:0.24581
Average         T:0.22533    C:0.20670    A:0.36313    G:0.20484

#50: Impala         
position  1:    T:0.21229    C:0.19553    A:0.34078    G:0.25140
position  2:    T:0.25140    C:0.17318    A:0.45810    G:0.11732
position  3:    T:0.21788    C:0.25140    A:0.26816    G:0.26257
Average         T:0.22719    C:0.20670    A:0.35568    G:0.21043

#51: Klipspringer   
position  1:    T:0.21229    C:0.19553    A:0.34078    G:0.25140
position  2:    T:0.25140    C:0.17318    A:0.45810    G:0.11732
