CODONML (in paml version 4.10.7, June 2023)  /home/rachel/ruminants_paml/6406-phy-tree/ENSBTAT00000028988.fasta.phy
Model: free dN/dS Ratios for branches,  kappa = 2.000 fixed

Codon frequency model: F3x4
ns =  54  ls =  49

Codon usage in sequences
--------------------------------------------------------------------------------------------------------------------------------------
Phe TTT   2   1   2   2   2   2 | Ser TCT   1   1   1   1   1   1 | Tyr TAT   1   1   1   1   1   1 | Cys TGT   0   1   0   0   0   0
    TTC   0   1   0   0   0   0 |     TCC   1   1   1   1   1   1 |     TAC   2   2   2   2   2   2 |     TGC   0   0   0   0   0   0
Leu TTA   0   0   0   0   1   0 |     TCA   0   0   0   0   0   0 | *** TAA   0   0   0   0   0   0 | *** TGA   0   0   0   0   0   0
    TTG   0   0   0   0   0   0 |     TCG   0   0   0   0   0   0 |     TAG   0   0   0   0   0   0 | Trp TGG   0   0   0   0   0   0
--------------------------------------------------------------------------------------------------------------------------------------
Leu CTT   3   3   3   3   1   2 | Pro CCT   1   1   1   1   1   1 | His CAT   0   0   0   0   0   0 | Arg CGT   0   0   0   0   0   0
    CTC   1   1   1   1   3   1 |     CCC   0   0   0   0   0   0 |     CAC   0   0   0   0   0   0 |     CGC   2   2   2   2   1   2
    CTA   0   0   0   0   0   1 |     CCA   0   0   0   0   0   0 | Gln CAA   0   0   0   0   1   1 |     CGA   0   0   0   0   1   0
    CTG   1   1   1   1   0   1 |     CCG   0   0   0   0   0   0 |     CAG   3   3   3   3   1   2 |     CGG   0   0   0   0   0   1
--------------------------------------------------------------------------------------------------------------------------------------
Ile ATT   3   2   3   2   2   2 | Thr ACT   1   1   1   1   1   1 | Asn AAT   0   0   0   0   0   0 | Ser AGT   1   1   1   1   1   1
    ATC   0   1   0   1   1   1 |     ACC   1   1   1   1   1   1 |     AAC   0   0   0   0   0   0 |     AGC   0   0   0   0   0   0
    ATA   1   1   1   1   1   1 |     ACA   0   0   0   0   1   1 | Lys AAA   2   1   2   2   3   2 | Arg AGA   0   0   0   0   0   0
Met ATG   2   2   2   2   2   3 |     ACG   1   1   1   1   0   0 |     AAG   2   4   2   2   2   2 |     AGG   1   1   1   1   1   0
--------------------------------------------------------------------------------------------------------------------------------------
Val GTT   1   1   1   1   0   1 | Ala GCT   4   3   4   4   4   5 | Asp GAT   0   0   1   0   1   0 | Gly GGT   0   0   0   0   1   0
    GTC   0   0   0   0   1   0 |     GCC   1   1   1   1   1   0 |     GAC   2   2   1   2   1   2 |     GGC   1   1   1   1   1   1
    GTA   0   0   0   0   0   0 |     GCA   1   1   1   1   1   1 | Glu GAA   2   1   1   1   2   1 |     GGA   0   1   0   0   0   0
    GTG   2   2   2   2   2   1 |     GCG   0   0   0   0   0   0 |     GAG   0   0   1   1   0   1 |     GGG   2   1   2   2   1   2
--------------------------------------------------------------------------------------------------------------------------------------

--------------------------------------------------------------------------------------------------------------------------------------
Phe TTT   2   2   2   2   2   2 | Ser TCT   1   1   1   1   1   1 | Tyr TAT   1   1   1   1   1   1 | Cys TGT   0   0   0   0   0   0
    TTC   0   0   0   0   0   0 |     TCC   1   1   1   1   1   1 |     TAC   2   2   2   2   2   2 |     TGC   0   0   0   0   0   0
Leu TTA   0   0   0   0   0   0 |     TCA   0   0   0   0   0   0 | *** TAA   0   0   0   0   0   0 | *** TGA   0   0   0   0   0   0
    TTG   0   0   0   0   0   0 |     TCG   0   0   0   0   0   0 |     TAG   0   0   0   0   0   0 | Trp TGG   0   0   0   0   0   0
--------------------------------------------------------------------------------------------------------------------------------------
Leu CTT   2   3   3   3   3   3 | Pro CCT   0   1   1   1   1   1 | His CAT   0   0   0   0   0   0 | Arg CGT   0   0   0   0   0   0
    CTC   2   1   1   1   1   1 |     CCC   1   0   0   0   0   0 |     CAC   0   0   0   0   0   0 |     CGC   2   2   2   2   2   2
    CTA   0   0   0   0   0   0 |     CCA   0   0   0   0   0   0 | Gln CAA   0   0   0   0   0   1 |     CGA   0   0   0   0   0   0
    CTG   1   1   1   1   1   1 |     CCG   0   0   0   0   0   0 |     CAG   3   3   3   3   3   2 |     CGG   0   0   0   0   0   0
--------------------------------------------------------------------------------------------------------------------------------------
Ile ATT   3   3   3   3   3   3 | Thr ACT   2   1   1   1   1   1 | Asn AAT   0   0   0   0   0   0 | Ser AGT   1   1   1   1   1   1
    ATC   0   0   0   0   0   0 |     ACC   0   1   1   1   1   1 |     AAC   0   0   0   0   0   0 |     AGC   0   0   0   0   0   0
    ATA   1   1   1   1   1   0 |     ACA   0   0   0   0   0   0 | Lys AAA   2   2   2   2   2   2 | Arg AGA   0   0   0   0   0   0
Met ATG   2   2   2   2   2   2 |     ACG   1   1   1   1   1   1 |     AAG   3   2   2   2   2   2 |     AGG   1   1   1   1   1   1
--------------------------------------------------------------------------------------------------------------------------------------
Val GTT   1   1   1   1   1   1 | Ala GCT   4   4   4   4   4   4 | Asp GAT   0   0   0   0   1   0 | Gly GGT   0   0   0   0   0   0
    GTC   0   0   0   0   0   0 |     GCC   1   1   1   1   1   1 |     GAC   2   2   2   2   1   2 |     GGC   1   1   1   1   1   1
    GTA   0   0   0   0   0   1 |     GCA   1   1   1   1   1   1 | Glu GAA   1   2   1   1   1   1 |     GGA   1   0   0   0   0   0
    GTG   2   2   2   2   2   2 |     GCG   0   0   0   0   0   0 |     GAG   0   0   1   1   1   1 |     GGG   1   2   2   2   2   2
--------------------------------------------------------------------------------------------------------------------------------------

--------------------------------------------------------------------------------------------------------------------------------------
Phe TTT   2   2   2   2   2   2 | Ser TCT   1   1   1   1   1   1 | Tyr TAT   1   1   1   1   1   1 | Cys TGT   0   0   0   0   0   0
    TTC   0   0   0   0   0   0 |     TCC   1   1   1   1   1   1 |     TAC   2   2   2   2   2   2 |     TGC   0   0   0   0   0   0
Leu TTA   0   0   0   0   0   0 |     TCA   0   0   0   0   0   0 | *** TAA   0   0   0   0   0   0 | *** TGA   0   0   0   0   0   0
    TTG   0   0   0   0   0   0 |     TCG   0   0   0   0   0   0 |     TAG   0   0   0   0   0   0 | Trp TGG   0   0   0   0   0   0
--------------------------------------------------------------------------------------------------------------------------------------
Leu CTT   3   3   3   3   3   3 | Pro CCT   1   1   1   1   1   1 | His CAT   0   0   0   0   0   0 | Arg CGT   0   0   0   0   0   0
    CTC   1   1   1   1   1   1 |     CCC   0   0   0   0   0   0 |     CAC   0   0   0   0   0   0 |     CGC   2   2   2   2   2   2
    CTA   0   0   0   0   0   0 |     CCA   0   0   0   0   0   0 | Gln CAA   0   0   0   0   0   0 |     CGA   0   0   0   0   0   0
    CTG   1   1   1   1   1   1 |     CCG   0   0   0   0   0   0 |     CAG   3   3   3   3   3   3 |     CGG   0   0   0   0   0   0
--------------------------------------------------------------------------------------------------------------------------------------
Ile ATT   3   3   3   3   2   3 | Thr ACT   1   1   1   1   2   1 | Asn AAT   0   0   0   0   0   0 | Ser AGT   1   1   1   1   1   1
    ATC   0   0   0   0   0   0 |     ACC   1   1   1   1   1   1 |     AAC   0   0   0   0   0   0 |     AGC   0   0   0   0   0   0
    ATA   1   1   1   1   1   1 |     ACA   0   0   0   0   0   0 | Lys AAA   2   2   2   2   2   2 | Arg AGA   0   0   0   0   0   0
Met ATG   2   2   2   2   2   2 |     ACG   1   1   1   1   1   1 |     AAG   2   2   2   2   2   2 |     AGG   1   1   1   1   1   1
--------------------------------------------------------------------------------------------------------------------------------------
Val GTT   1   1   1   1   1   1 | Ala GCT   4   4   4   4   4   4 | Asp GAT   0   0   0   0   0   0 | Gly GGT   0   0   0   0   0   0
    GTC   0   0   0   0   0   0 |     GCC   1   1   1   1   1   1 |     GAC   2   2   2   2   2   2 |     GGC   1   1   1   1   1   1
    GTA   0   0   0   0   0   0 |     GCA   1   1   1   1   1   1 | Glu GAA   1   1   1   1   1   1 |     GGA   0   0   0   0   0   0
    GTG   2   2   2   2   2   2 |     GCG   0   0   0   0   0   0 |     GAG   1   1   1   1   1   1 |     GGG   2   2   2   2   2   2
--------------------------------------------------------------------------------------------------------------------------------------

--------------------------------------------------------------------------------------------------------------------------------------
Phe TTT   2   2   2   2   2   2 | Ser TCT   1   1   1   1   1   1 | Tyr TAT   1   1   1   1   1   1 | Cys TGT   0   0   0   0   0   0
    TTC   0   0   0   0   0   0 |     TCC   1   1   1   1   1   1 |     TAC   2   2   2   2   2   2 |     TGC   0   0   0   0   0   0
Leu TTA   0   0   0   0   0   0 |     TCA   0   0   0   0   0   0 | *** TAA   0   0   0   0   0   0 | *** TGA   0   0   0   0   0   0
    TTG   0   0   0   0   0   0 |     TCG   0   0   0   0   0   0 |     TAG   0   0   0   0   0   0 | Trp TGG   0   0   0   0   0   0
--------------------------------------------------------------------------------------------------------------------------------------
Leu CTT   3   3   3   3   3   3 | Pro CCT   1   1   1   1   1   1 | His CAT   0   0   0   0   0   0 | Arg CGT   0   0   0   0   0   0
    CTC   1   1   1   1   1   1 |     CCC   0   0   0   0   0   0 |     CAC   0   0   0   0   0   0 |     CGC   2   2   2   2   2   2
    CTA   0   0   0   0   0   0 |     CCA   0   0   0   0   0   0 | Gln CAA   1   1   0   0   0   0 |     CGA   0   0   0   0   0   0
    CTG   1   1   1   1   1   1 |     CCG   0   0   0   0   0   0 |     CAG   2   2   3   3   3   3 |     CGG   0   0   0   0   0   0
--------------------------------------------------------------------------------------------------------------------------------------
Ile ATT   2   2   3   3   3   3 | Thr ACT   1   1   1   1   1   1 | Asn AAT   0   0   0   0   0   0 | Ser AGT   1   1   1   1   1   1
    ATC   1   1   0   0   0   0 |     ACC   1   1   1   1   1   1 |     AAC   0   0   0   0   0   0 |     AGC   0   0   0   0   0   0
    ATA   1   1   1   1   1   1 |     ACA   0   0   0   0   0   0 | Lys AAA   2   2   2   2   2   2 | Arg AGA   0   0   0   0   0   0
Met ATG   2   2   2   2   2   2 |     ACG   1   1   1   1   1   1 |     AAG   2   2   2   2   2   2 |     AGG   1   1   1   1   1   1
--------------------------------------------------------------------------------------------------------------------------------------
Val GTT   1   1   1   1   1   1 | Ala GCT   4   4   4   4   4   4 | Asp GAT   0   0   0   1   0   0 | Gly GGT   0   0   0   0   0   0
    GTC   0   0   0   0   0   0 |     GCC   1   1   1   1   1   1 |     GAC   2   2   2   1   2   2 |     GGC   1   1   1   1   1   1
    GTA   0   0   0   0   0   0 |     GCA   1   1   0   1   1   1 | Glu GAA   1   1   1   1   1   2 |     GGA   0   0   0   0   0   0
    GTG   2   2   2   2   2   2 |     GCG   0   0   1   0   0   0 |     GAG   1   1   1   1   1   0 |     GGG   2   2   2   2   2   2
--------------------------------------------------------------------------------------------------------------------------------------

--------------------------------------------------------------------------------------------------------------------------------------
Phe TTT   2   2   2   2   2   2 | Ser TCT   1   1   1   1   1   1 | Tyr TAT   1   1   1   1   1   1 | Cys TGT   0   0   0   0   0   0
    TTC   0   0   0   0   0   0 |     TCC   1   1   1   1   1   1 |     TAC   2   2   2   2   2   2 |     TGC   0   0   0   0   0   0
Leu TTA   0   0   0   0   0   0 |     TCA   0   0   0   0   0   0 | *** TAA   0   0   0   0   0   0 | *** TGA   0   0   0   0   0   0
    TTG   0   0   0   0   0   0 |     TCG   0   0   0   0   0   0 |     TAG   0   0   0   0   0   0 | Trp TGG   0   0   0   0   0   0
--------------------------------------------------------------------------------------------------------------------------------------
Leu CTT   3   3   3   3   3   3 | Pro CCT   1   1   1   1   1   1 | His CAT   0   0   0   0   0   0 | Arg CGT   0   0   0   0   0   0
    CTC   1   1   1   1   1   1 |     CCC   0   0   0   0   0   0 |     CAC   0   0   0   0   0   0 |     CGC   2   2   2   2   2   2
    CTA   0   0   0   0   0   0 |     CCA   0   0   0   0   0   0 | Gln CAA   1   1   0   0   0   0 |     CGA   0   0   0   0   0   0
    CTG   1   1   1   1   1   1 |     CCG   0   0   0   0   0   0 |     CAG   2   2   3   3   3   3 |     CGG   0   0   0   0   0   0
--------------------------------------------------------------------------------------------------------------------------------------
Ile ATT   3   3   3   3   3   3 | Thr ACT   1   1   1   1   1   1 | Asn AAT   0   0   0   0   0   0 | Ser AGT   1   1   1   1   1   1
    ATC   0   0   0   0   0   0 |     ACC   1   1   1   1   1   1 |     AAC   0   0   0   0   0   0 |     AGC   0   0   0   0   0   0
    ATA   1   1   1   1   1   1 |     ACA   0   0   0   0   0   0 | Lys AAA   2   2   2   2   2   2 | Arg AGA   0   0   0   0   0   0
Met ATG   2   2   2   2   2   2 |     ACG   1   1   1   1   1   1 |     AAG   2   2   2   2   2   2 |     AGG   1   1   1   1   1   1
--------------------------------------------------------------------------------------------------------------------------------------
Val GTT   1   1   1   1   1   1 | Ala GCT   4   4   4   4   4   4 | Asp GAT   0   0   0   0   0   1 | Gly GGT   0   0   0   0   0   0
    GTC   0   0   0   0   0   0 |     GCC   1   1   1   1   1   1 |     GAC   2   2   2   2   2   1 |     GGC   1   1   1   1   1   1
    GTA   0   0   0   0   0   0 |     GCA   1   1   1   1   1   1 | Glu GAA   1   1   1   1   1   1 |     GGA   0   0   0   0   0   0
    GTG   2   2   2   2   2   2 |     GCG   0   0   0   0   0   0 |     GAG   1   1   1   1   1   1 |     GGG   2   2   2   2   2   2
--------------------------------------------------------------------------------------------------------------------------------------

--------------------------------------------------------------------------------------------------------------------------------------
Phe TTT   2   2   2   2   2   2 | Ser TCT   1   1   1   1   1   1 | Tyr TAT   1   1   1   1   1   1 | Cys TGT   0   0   0   0   0   0
    TTC   0   0   0   0   0   0 |     TCC   1   1   1   1   0   1 |     TAC   2   2   2   2   2   2 |     TGC   0   0   0   0   0   0
Leu TTA   0   0   0   0   0   0 |     TCA   0   0   0   0   1   0 | *** TAA   0   0   0   0   0   0 | *** TGA   0   0   0   0   0   0
    TTG   0   0   0   0   0   0 |     TCG   0   0   0   0   0   0 |     TAG   0   0   0   0   0   0 | Trp TGG   0   0   0   0   0   0
--------------------------------------------------------------------------------------------------------------------------------------
Leu CTT   3   3   3   3   3   3 | Pro CCT   1   1   1   1   1   1 | His CAT   0   0   0   0   0   0 | Arg CGT   0   0   0   1   0   0
    CTC   1   1   1   1   1   1 |     CCC   0   0   0   0   0   0 |     CAC   0   0   0   0   0   0 |     CGC   2   2   2   1   2   2
    CTA   0   0   0   0   0   0 |     CCA   0   0   0   0   0   0 | Gln CAA   0   0   1   0   1   0 |     CGA   0   0   0   0   0   0
    CTG   1   1   1   1   1   1 |     CCG   0   0   0   0   0   0 |     CAG   3   3   2   3   2   3 |     CGG   0   0   0   0   0   0
--------------------------------------------------------------------------------------------------------------------------------------
Ile ATT   3   3   3   3   2   3 | Thr ACT   1   1   1   1   1   1 | Asn AAT   0   0   0   0   0   0 | Ser AGT   1   1   1   1   1   1
    ATC   0   0   0   0   1   0 |     ACC   1   1   1   1   1   1 |     AAC   0   0   0   0   0   0 |     AGC   0   0   0   0   0   0
    ATA   1   1   1   1   0   1 |     ACA   0   0   0   0   0   0 | Lys AAA   2   2   2   2   2   2 | Arg AGA   0   0   0   0   0   0
Met ATG   2   2   2   2   2   2 |     ACG   1   1   1   1   1   1 |     AAG   2   3   2   2   2   2 |     AGG   1   1   1   1   1   1
--------------------------------------------------------------------------------------------------------------------------------------
Val GTT   1   1   1   1   1   1 | Ala GCT   4   4   4   4   4   4 | Asp GAT   0   1   0   0   0   0 | Gly GGT   0   0   0   0   0   0
    GTC   0   0   0   0   0   0 |     GCC   1   1   1   1   1   1 |     GAC   2   1   2   2   2   2 |     GGC   1   1   1   1   1   1
    GTA   0   0   0   0   1   0 |     GCA   1   1   1   1   1   1 | Glu GAA   1   1   1   1   1   1 |     GGA   0   0   0   0   0   0
    GTG   2   2   2   2   2   2 |     GCG   0   0   0   0   0   0 |     GAG   1   0   1   1   1   1 |     GGG   2   2   2   2   2   2
--------------------------------------------------------------------------------------------------------------------------------------

--------------------------------------------------------------------------------------------------------------------------------------
Phe TTT   2   2   2   2   2   2 | Ser TCT   1   1   1   1   0   1 | Tyr TAT   1   1   1   1   1   1 | Cys TGT   0   0   0   0   0   0
    TTC   0   0   0   0   0   0 |     TCC   1   1   1   1   2   1 |     TAC   2   2   2   2   2   2 |     TGC   0   0   0   0   0   0
Leu TTA   0   0   0   0   0   0 |     TCA   0   0   0   0   0   0 | *** TAA   0   0   0   0   0   0 | *** TGA   0   0   0   0   0   0
    TTG   0   0   0   0   0   0 |     TCG   0   0   0   0   0   0 |     TAG   0   0   0   0   0   0 | Trp TGG   0   0   0   0   0   0
--------------------------------------------------------------------------------------------------------------------------------------
Leu CTT   3   3   3   3   3   3 | Pro CCT   1   1   1   0   1   1 | His CAT   0   0   0   0   0   0 | Arg CGT   0   0   0   0   0   0
    CTC   1   1   1   1   1   1 |     CCC   0   0   0   1   0   0 |     CAC   0   0   0   0   0   0 |     CGC   2   2   2   2   2   2
    CTA   0   0   0   0   0   0 |     CCA   0   0   0   0   0   0 | Gln CAA   0   0   0   0   0   1 |     CGA   0   0   0   0   0   0
    CTG   1   1   1   1   1   1 |     CCG   0   0   0   0   0   0 |     CAG   3   3   3   3   3   2 |     CGG   0   0   0   0   0   0
--------------------------------------------------------------------------------------------------------------------------------------
Ile ATT   2   3   3   3   3   3 | Thr ACT   1   1   1   1   1   1 | Asn AAT   0   0   0   0   0   0 | Ser AGT   1   1   1   1   1   1
    ATC   1   0   0   0   0   0 |     ACC   1   1   1   1   1   1 |     AAC   0   0   0   0   0   0 |     AGC   0   0   0   0   0   0
    ATA   1   1   1   1   1   1 |     ACA   0   0   0   0   0   0 | Lys AAA   2   2   3   2   2   2 | Arg AGA   0   0   0   0   0   0
Met ATG   2   2   2   2   2   2 |     ACG   1   1   1   1   1   1 |     AAG   2   2   2   3   2   2 |     AGG   1   1   1   1   1   1
--------------------------------------------------------------------------------------------------------------------------------------
Val GTT   1   1   1   1   1   1 | Ala GCT   4   4   4   4   4   4 | Asp GAT   0   0   0   0   0   0 | Gly GGT   0   0   0   0   0   0
    GTC   0   0   0   0   0   0 |     GCC   1   1   1   1   1   1 |     GAC   2   2   2   2   2   2 |     GGC   1   1   1   1   1   1
    GTA   0   0   0   0   0   0 |     GCA   1   1   1   1   1   1 | Glu GAA   1   1   1   1   1   1 |     GGA   0   0   0   1   0   0
    GTG   2   2   2   2   2   2 |     GCG   0   0   0   0   0   0 |     GAG   1   1   0   0   1   1 |     GGG   2   2   2   1   2   2
--------------------------------------------------------------------------------------------------------------------------------------

--------------------------------------------------------------------------------------------------------------------------------------
Phe TTT   2   2   2   2   2   2 | Ser TCT   1   1   1   1   1   1 | Tyr TAT   1   1   1   1   1   0 | Cys TGT   0   0   0   0   0   0
    TTC   0   0   0   0   0   0 |     TCC   1   1   1   1   1   1 |     TAC   2   2   2   2   2   2 |     TGC   0   0   0   0   0   0
Leu TTA   0   0   0   0   0   0 |     TCA   0   0   0   0   0   0 | *** TAA   0   0   0   0   0   0 | *** TGA   0   0   0   0   0   0
    TTG   0   0   0   0   0   0 |     TCG   0   0   0   0   0   0 |     TAG   0   0   0   0   0   0 | Trp TGG   0   0   0   0   0   0
--------------------------------------------------------------------------------------------------------------------------------------
Leu CTT   3   3   3   3   3   3 | Pro CCT   1   1   1   1   1   1 | His CAT   0   0   0   0   0   1 | Arg CGT   0   0   0   0   0   0
    CTC   1   1   1   1   1   1 |     CCC   0   0   0   0   0   0 |     CAC   0   0   0   0   0   0 |     CGC   2   2   2   2   2   2
    CTA   0   0   0   0   0   0 |     CCA   0   0   0   0   0   0 | Gln CAA   1   0   1   1   0   0 |     CGA   0   0   0   0   0   1
    CTG   1   1   1   1   1   1 |     CCG   0   0   0   0   0   0 |     CAG   2   3   2   2   3   2 |     CGG   0   0   0   0   0   0
--------------------------------------------------------------------------------------------------------------------------------------
Ile ATT   3   3   3   3   3   3 | Thr ACT   1   1   1   1   1   1 | Asn AAT   0   0   0   0   0   0 | Ser AGT   1   1   1   1   1   1
    ATC   0   0   0   0   0   0 |     ACC   1   1   1   1   1   1 |     AAC   0   0   0   0   0   0 |     AGC   0   0   0   0   0   0
    ATA   1   1   0   1   1   1 |     ACA   0   0   0   0   0   0 | Lys AAA   2   2   2   2   2   2 | Arg AGA   0   0   0   0   0   0
Met ATG   2   2   2   2   2   2 |     ACG   1   1   1   1   1   1 |     AAG   2   2   2   2   2   2 |     AGG   1   1   1   1   1   1
--------------------------------------------------------------------------------------------------------------------------------------
Val GTT   1   1   1   1   1   1 | Ala GCT   4   4   4   4   4   4 | Asp GAT   0   0   0   0   0   0 | Gly GGT   0   0   0   0   0   0
    GTC   0   0   0   0   0   0 |     GCC   1   1   1   1   1   1 |     GAC   2   2   2   2   2   2 |     GGC   1   1   1   1   1   1
    GTA   0   0   1   0   0   0 |     GCA   1   1   1   1   1   1 | Glu GAA   1   1   1   1   1   1 |     GGA   0   0   0   0   0   0
    GTG   2   2   2   2   2   2 |     GCG   0   0   0   0   0   0 |     GAG   1   1   1   1   1   1 |     GGG   2   2   2   2   2   2
--------------------------------------------------------------------------------------------------------------------------------------

--------------------------------------------------------------------------------------------------------------------------------------
Phe TTT   2   2   2   2   2   2 | Ser TCT   1   1   1   1   1   1 | Tyr TAT   1   1   1   1   1   1 | Cys TGT   0   0   0   0   0   0
    TTC   0   0   0   0   0   0 |     TCC   1   1   1   1   1   1 |     TAC   2   2   2   2   2   2 |     TGC   0   0   0   0   0   0
Leu TTA   0   0   0   0   0   0 |     TCA   0   0   0   0   0   0 | *** TAA   0   0   0   0   0   0 | *** TGA   0   0   0   0   0   0
    TTG   0   0   0   0   0   0 |     TCG   0   0   0   0   0   0 |     TAG   0   0   0   0   0   0 | Trp TGG   0   0   0   0   0   0
--------------------------------------------------------------------------------------------------------------------------------------
Leu CTT   3   3   3   3   3   3 | Pro CCT   1   1   1   1   1   1 | His CAT   0   0   0   0   0   0 | Arg CGT   0   0   0   0   0   0
    CTC   1   1   1   1   1   1 |     CCC   0   0   0   0   0   0 |     CAC   0   0   0   0   0   0 |     CGC   2   2   2   2   2   2
    CTA   1   0   0   0   0   0 |     CCA   0   0   0   0   0   0 | Gln CAA   0   0   0   0   0   0 |     CGA   0   0   0   0   0   0
    CTG   0   1   1   1   1   1 |     CCG   0   0   0   0   0   0 |     CAG   3   3   3   3   3   3 |     CGG   0   0   0   0   0   0
--------------------------------------------------------------------------------------------------------------------------------------
Ile ATT   3   2   3   2   3   3 | Thr ACT   1   1   1   1   1   1 | Asn AAT   0   0   0   0   0   0 | Ser AGT   1   1   1   1   1   1
    ATC   0   1   0   1   0   0 |     ACC   1   1   1   1   1   1 |     AAC   0   0   0   0   0   0 |     AGC   0   0   0   0   0   0
    ATA   1   1   1   1   1   1 |     ACA   0   0   1   0   0   0 | Lys AAA   1   2   2   2   2   2 | Arg AGA   0   0   0   0   0   0
Met ATG   2   2   2   2   2   2 |     ACG   1   1   0   1   1   1 |     AAG   3   2   2   2   2   2 |     AGG   1   1   1   1   1   1
--------------------------------------------------------------------------------------------------------------------------------------
Val GTT   1   1   1   1   1   1 | Ala GCT   4   4   4   4   4   4 | Asp GAT   0   0   1   0   1   1 | Gly GGT   0   0   0   0   0   0
    GTC   0   0   0   0   0   0 |     GCC   1   1   1   1   1   1 |     GAC   2   2   2   2   1   1 |     GGC   1   1   1   1   1   1
    GTA   0   0   0   0   0   0 |     GCA   1   1   1   1   1   1 | Glu GAA   1   1   1   1   1   1 |     GGA   1   0   0   0   0   0
    GTG   2   2   2   2   2   2 |     GCG   0   0   0   0   0   0 |     GAG   1   1   0   1   1   1 |     GGG   1   2   2   2   2   2
--------------------------------------------------------------------------------------------------------------------------------------

Codon position x base (3x4) table for each sequence.

#1: Argali         
position  1:    T:0.14286    C:0.22449    A:0.30612    G:0.32653
position  2:    T:0.32653    C:0.24490    A:0.28571    G:0.14286
position  3:    T:0.36735    C:0.22449    A:0.12245    G:0.28571
Average         T:0.27891    C:0.23129    A:0.23810    G:0.25170

#2: LesserMouseDeer
position  1:    T:0.16327    C:0.22449    A:0.32653    G:0.28571
position  2:    T:0.32653    C:0.22449    A:0.28571    G:0.16327
position  3:    T:0.32653    C:0.26531    A:0.10204    G:0.30612
Average         T:0.27211    C:0.23810    A:0.23810    G:0.25170

#3: LesserKudu     
position  1:    T:0.14286    C:0.22449    A:0.30612    G:0.32653
position  2:    T:0.32653    C:0.24490    A:0.28571    G:0.14286
position  3:    T:0.38776    C:0.20408    A:0.10204    G:0.30612
Average         T:0.28571    C:0.22449    A:0.23129    G:0.25850

#4: ForestMuskDeer2
position  1:    T:0.14286    C:0.22449    A:0.30612    G:0.32653
position  2:    T:0.32653    C:0.24490    A:0.28571    G:0.14286
position  3:    T:0.34694    C:0.24490    A:0.10204    G:0.30612
Average         T:0.27211    C:0.23810    A:0.23129    G:0.25850

#5: Camel          
position  1:    T:0.16327    C:0.18367    A:0.32653    G:0.32653
position  2:    T:0.32653    C:0.24490    A:0.28571    G:0.14286
position  3:    T:0.32653    C:0.26531    A:0.22449    G:0.18367
Average         T:0.27211    C:0.23129    A:0.27891    G:0.21769

#6: KillerWhale    
position  1:    T:0.14286    C:0.24490    A:0.30612    G:0.30612
position  2:    T:0.32653    C:0.24490    A:0.28571    G:0.14286
position  3:    T:0.34694    C:0.22449    A:0.16327    G:0.26531
Average         T:0.27211    C:0.23810    A:0.25170    G:0.23810

#7: DefassaWaterbuck
position  1:    T:0.14286    C:0.22449    A:0.32653    G:0.30612
position  2:    T:0.32653    C:0.24490    A:0.28571    G:0.14286
position  3:    T:0.34694    C:0.24490    A:0.12245    G:0.28571
Average         T:0.27211    C:0.23810    A:0.24490    G:0.24490

#8: Sheep          
position  1:    T:0.14286    C:0.22449    A:0.30612    G:0.32653
position  2:    T:0.32653    C:0.24490    A:0.28571    G:0.14286
position  3:    T:0.36735    C:0.22449    A:0.12245    G:0.28571
Average         T:0.27891    C:0.23129    A:0.23810    G:0.25170

#9: MaxwellsDuiker 
position  1:    T:0.14286    C:0.22449    A:0.30612    G:0.32653
position  2:    T:0.32653    C:0.24490    A:0.28571    G:0.14286
position  3:    T:0.36735    C:0.22449    A:0.10204    G:0.30612
Average         T:0.27891    C:0.23129    A:0.23129    G:0.25850

#10: GazellaPrzewalskyi
position  1:    T:0.14286    C:0.22449    A:0.30612    G:0.32653
position  2:    T:0.32653    C:0.24490    A:0.28571    G:0.14286
position  3:    T:0.36735    C:0.22449    A:0.10204    G:0.30612
Average         T:0.27891    C:0.23129    A:0.23129    G:0.25850

#11: MountainNyala  
position  1:    T:0.14286    C:0.22449    A:0.30612    G:0.32653
position  2:    T:0.32653    C:0.24490    A:0.28571    G:0.14286
position  3:    T:0.38776    C:0.20408    A:0.10204    G:0.30612
Average         T:0.28571    C:0.22449    A:0.23129    G:0.25850

#12: MuntiacusMuntjak
position  1:    T:0.14286    C:0.22449    A:0.28571    G:0.34694
position  2:    T:0.32653    C:0.24490    A:0.28571    G:0.14286
position  3:    T:0.36735    C:0.22449    A:0.12245    G:0.28571
Average         T:0.27891    C:0.23129    A:0.23129    G:0.25850

#13: goat           
position  1:    T:0.14286    C:0.22449    A:0.30612    G:0.32653
position  2:    T:0.32653    C:0.24490    A:0.28571    G:0.14286
position  3:    T:0.36735    C:0.22449    A:0.10204    G:0.30612
Average         T:0.27891    C:0.23129    A:0.23129    G:0.25850

#14: AfricanBuffalo 
position  1:    T:0.14286    C:0.22449    A:0.30612    G:0.32653
position  2:    T:0.32653    C:0.24490    A:0.28571    G:0.14286
position  3:    T:0.36735    C:0.22449    A:0.10204    G:0.30612
Average         T:0.27891    C:0.23129    A:0.23129    G:0.25850

#15: Topi           
position  1:    T:0.14286    C:0.22449    A:0.30612    G:0.32653
position  2:    T:0.32653    C:0.24490    A:0.28571    G:0.14286
position  3:    T:0.36735    C:0.22449    A:0.10204    G:0.30612
Average         T:0.27891    C:0.23129    A:0.23129    G:0.25850

#16: CommonDuiker   
position  1:    T:0.14286    C:0.22449    A:0.30612    G:0.32653
position  2:    T:0.32653    C:0.24490    A:0.28571    G:0.14286
position  3:    T:0.36735    C:0.22449    A:0.10204    G:0.30612
Average         T:0.27891    C:0.23129    A:0.23129    G:0.25850

#17: Suni           
position  1:    T:0.14286    C:0.22449    A:0.30612    G:0.32653
position  2:    T:0.30612    C:0.26531    A:0.28571    G:0.14286
position  3:    T:0.36735    C:0.22449    A:0.10204    G:0.30612
Average         T:0.27211    C:0.23810    A:0.23129    G:0.25850

#18: Springbuck     
position  1:    T:0.14286    C:0.22449    A:0.30612    G:0.32653
position  2:    T:0.32653    C:0.24490    A:0.28571    G:0.14286
position  3:    T:0.36735    C:0.22449    A:0.10204    G:0.30612
Average         T:0.27891    C:0.23129    A:0.23129    G:0.25850

#19: Okapi          
position  1:    T:0.14286    C:0.22449    A:0.30612    G:0.32653
position  2:    T:0.32653    C:0.24490    A:0.28571    G:0.14286
position  3:    T:0.34694    C:0.24490    A:0.12245    G:0.28571
Average         T:0.27211    C:0.23810    A:0.23810    G:0.25170

#20: Giraffe        
position  1:    T:0.14286    C:0.22449    A:0.30612    G:0.32653
position  2:    T:0.32653    C:0.24490    A:0.28571    G:0.14286
position  3:    T:0.34694    C:0.24490    A:0.12245    G:0.28571
Average         T:0.27211    C:0.23810    A:0.23810    G:0.25170

#21: TibetanAntelope
position  1:    T:0.14286    C:0.22449    A:0.30612    G:0.32653
position  2:    T:0.32653    C:0.24490    A:0.28571    G:0.14286
position  3:    T:0.36735    C:0.22449    A:0.08163    G:0.32653
Average         T:0.27891    C:0.23129    A:0.22449    G:0.26531

#22: Sitatunga      
position  1:    T:0.14286    C:0.22449    A:0.30612    G:0.32653
position  2:    T:0.32653    C:0.24490    A:0.28571    G:0.14286
position  3:    T:0.38776    C:0.20408    A:0.10204    G:0.30612
Average         T:0.28571    C:0.22449    A:0.23129    G:0.25850

#23: Oribi          
position  1:    T:0.14286    C:0.22449    A:0.30612    G:0.32653
position  2:    T:0.32653    C:0.24490    A:0.28571    G:0.14286
position  3:    T:0.36735    C:0.22449    A:0.10204    G:0.30612
Average         T:0.27891    C:0.23129    A:0.23129    G:0.25850

#24: BarbarySheep   
position  1:    T:0.14286    C:0.22449    A:0.30612    G:0.32653
position  2:    T:0.32653    C:0.24490    A:0.28571    G:0.14286
position  3:    T:0.36735    C:0.22449    A:0.12245    G:0.28571
Average         T:0.27891    C:0.23129    A:0.23810    G:0.25170

#25: Daviddeer      
position  1:    T:0.14286    C:0.22449    A:0.30612    G:0.32653
position  2:    T:0.32653    C:0.24490    A:0.28571    G:0.14286
position  3:    T:0.36735    C:0.22449    A:0.12245    G:0.28571
Average         T:0.27891    C:0.23129    A:0.23810    G:0.25170

#26: Reindeer       
position  1:    T:0.14286    C:0.22449    A:0.30612    G:0.32653
position  2:    T:0.32653    C:0.24490    A:0.28571    G:0.14286
position  3:    T:0.36735    C:0.22449    A:0.12245    G:0.28571
Average         T:0.27891    C:0.23129    A:0.23810    G:0.25170

#27: Ibex           
position  1:    T:0.14286    C:0.22449    A:0.30612    G:0.32653
position  2:    T:0.32653    C:0.24490    A:0.28571    G:0.14286
position  3:    T:0.36735    C:0.22449    A:0.10204    G:0.30612
Average         T:0.27891    C:0.23129    A:0.23129    G:0.25850

#28: GyrantGazelle  
position  1:    T:0.14286    C:0.22449    A:0.30612    G:0.32653
position  2:    T:0.32653    C:0.24490    A:0.28571    G:0.14286
position  3:    T:0.36735    C:0.22449    A:0.10204    G:0.30612
Average         T:0.27891    C:0.23129    A:0.23129    G:0.25850

#29: Hartebeest     
position  1:    T:0.14286    C:0.22449    A:0.30612    G:0.32653
position  2:    T:0.32653    C:0.24490    A:0.28571    G:0.14286
position  3:    T:0.36735    C:0.22449    A:0.10204    G:0.30612
Average         T:0.27891    C:0.23129    A:0.23129    G:0.25850

#30: Bongo          
position  1:    T:0.14286    C:0.22449    A:0.30612    G:0.32653
position  2:    T:0.32653    C:0.24490    A:0.28571    G:0.14286
position  3:    T:0.38776    C:0.20408    A:0.10204    G:0.30612
Average         T:0.28571    C:0.22449    A:0.23129    G:0.25850

#31: Gerenuk        
position  1:    T:0.14286    C:0.22449    A:0.30612    G:0.32653
position  2:    T:0.32653    C:0.24490    A:0.28571    G:0.14286
position  3:    T:0.36735    C:0.22449    A:0.10204    G:0.30612
Average         T:0.27891    C:0.23129    A:0.23129    G:0.25850

#32: CommonEland    
position  1:    T:0.14286    C:0.22449    A:0.32653    G:0.30612
position  2:    T:0.32653    C:0.24490    A:0.28571    G:0.14286
position  3:    T:0.38776    C:0.20408    A:0.10204    G:0.30612
Average         T:0.28571    C:0.22449    A:0.23810    G:0.25170

#33: MuntiacusReevesi
position  1:    T:0.14286    C:0.22449    A:0.30612    G:0.32653
position  2:    T:0.32653    C:0.24490    A:0.28571    G:0.14286
position  3:    T:0.36735    C:0.22449    A:0.12245    G:0.28571
Average         T:0.27891    C:0.23129    A:0.23810    G:0.25170

#34: HarveysDuiker  
position  1:    T:0.14286    C:0.22449    A:0.30612    G:0.32653
position  2:    T:0.32653    C:0.24490    A:0.28571    G:0.14286
position  3:    T:0.38776    C:0.20408    A:0.10204    G:0.30612
Average         T:0.28571    C:0.22449    A:0.23129    G:0.25850

#35: Pronghorn      
position  1:    T:0.14286    C:0.22449    A:0.28571    G:0.34694
position  2:    T:0.32653    C:0.24490    A:0.28571    G:0.14286
position  3:    T:0.34694    C:0.22449    A:0.14286    G:0.28571
Average         T:0.27211    C:0.23129    A:0.23810    G:0.25850

#36: BlueWildebeest 
position  1:    T:0.14286    C:0.22449    A:0.30612    G:0.32653
position  2:    T:0.32653    C:0.24490    A:0.28571    G:0.14286
position  3:    T:0.36735    C:0.22449    A:0.10204    G:0.30612
Average         T:0.27891    C:0.23129    A:0.23129    G:0.25850

#37: Gemsbok        
position  1:    T:0.14286    C:0.22449    A:0.30612    G:0.32653
position  2:    T:0.32653    C:0.24490    A:0.28571    G:0.14286
position  3:    T:0.34694    C:0.24490    A:0.10204    G:0.30612
Average         T:0.27211    C:0.23810    A:0.23129    G:0.25850

#38: Yak            
position  1:    T:0.14286    C:0.22449    A:0.30612    G:0.32653
position  2:    T:0.32653    C:0.24490    A:0.28571    G:0.14286
position  3:    T:0.36735    C:0.22449    A:0.10204    G:0.30612
Average         T:0.27891    C:0.23129    A:0.23129    G:0.25850

#39: BlueSheep      
position  1:    T:0.14286    C:0.22449    A:0.32653    G:0.30612
position  2:    T:0.32653    C:0.24490    A:0.28571    G:0.14286
position  3:    T:0.36735    C:0.22449    A:0.12245    G:0.28571
Average         T:0.27891    C:0.23129    A:0.24490    G:0.24490

#40: BohorReedbuck  
position  1:    T:0.14286    C:0.22449    A:0.32653    G:0.30612
position  2:    T:0.32653    C:0.24490    A:0.28571    G:0.14286
position  3:    T:0.34694    C:0.24490    A:0.12245    G:0.28571
Average         T:0.27211    C:0.23810    A:0.24490    G:0.24490

#41: KirksDik       
position  1:    T:0.14286    C:0.22449    A:0.30612    G:0.32653
position  2:    T:0.32653    C:0.24490    A:0.28571    G:0.14286
position  3:    T:0.34694    C:0.24490    A:0.10204    G:0.30612
Average         T:0.27211    C:0.23810    A:0.23129    G:0.25850

#42: RoeDeer        
position  1:    T:0.14286    C:0.22449    A:0.30612    G:0.32653
position  2:    T:0.32653    C:0.24490    A:0.28571    G:0.14286
position  3:    T:0.36735    C:0.22449    A:0.12245    G:0.28571
Average         T:0.27891    C:0.23129    A:0.23810    G:0.25170

#43: WhiteLippedDeer
position  1:    T:0.14286    C:0.22449    A:0.30612    G:0.32653
position  2:    T:0.32653    C:0.24490    A:0.28571    G:0.14286
position  3:    T:0.36735    C:0.22449    A:0.12245    G:0.28571
Average         T:0.27891    C:0.23129    A:0.23810    G:0.25170

#44: ThomsonGazelle 
position  1:    T:0.14286    C:0.22449    A:0.30612    G:0.32653
position  2:    T:0.32653    C:0.24490    A:0.28571    G:0.14286
position  3:    T:0.36735    C:0.22449    A:0.10204    G:0.30612
Average         T:0.27891    C:0.23129    A:0.23129    G:0.25850

#45: MuntiacusCrinifrons
position  1:    T:0.14286    C:0.22449    A:0.28571    G:0.34694
position  2:    T:0.32653    C:0.24490    A:0.28571    G:0.14286
position  3:    T:0.36735    C:0.22449    A:0.12245    G:0.28571
Average         T:0.27891    C:0.23129    A:0.23129    G:0.25850

#46: WhiteTailedDeer
position  1:    T:0.14286    C:0.22449    A:0.30612    G:0.32653
position  2:    T:0.32653    C:0.24490    A:0.28571    G:0.14286
position  3:    T:0.36735    C:0.22449    A:0.12245    G:0.28571
Average         T:0.27891    C:0.23129    A:0.23810    G:0.25170

#47: Cattle         
position  1:    T:0.14286    C:0.22449    A:0.30612    G:0.32653
position  2:    T:0.32653    C:0.24490    A:0.28571    G:0.14286
position  3:    T:0.36735    C:0.22449    A:0.10204    G:0.30612
Average         T:0.27891    C:0.23129    A:0.23129    G:0.25850

#48: RoyalAntelope  
position  1:    T:0.12245    C:0.24490    A:0.30612    G:0.32653
position  2:    T:0.32653    C:0.24490    A:0.26531    G:0.16327
position  3:    T:0.36735    C:0.22449    A:0.12245    G:0.28571
Average         T:0.27211    C:0.23810    A:0.23129    G:0.25850

#49: Steenbok       
position  1:    T:0.14286    C:0.22449    A:0.30612    G:0.32653
position  2:    T:0.32653    C:0.24490    A:0.28571    G:0.14286
position  3:    T:0.36735    C:0.22449    A:0.12245    G:0.28571
Average         T:0.27891    C:0.23129    A:0.23810    G:0.25170

#50: Impala         
position  1:    T:0.14286    C:0.22449    A:0.30612    G:0.32653
position  2:    T:0.32653    C:0.24490    A:0.28571    G:0.14286
position  3:    T:0.34694    C:0.24490    A:0.10204    G:0.30612
Average         T:0.27211    C:0.23810    A:0.23129    G:0.25850

#51: Klipspringer   
position  1:    T:0.14286    C:0.22449    A:0.30612    G:0.32653
position  2:    T:0.32653    C:0.24490    A:0.28571    G:0.14286
