1
52 1
Argali 0.000000 0.231000 0.040100 0.219200 0.040600 0.000000 0.046900 0.061700 0.060800 0.087700 0.013300 0.047500 0.033500 0.060300 0.026500 0.069000 0.104600 0.096000 0.033300 0.047100 0.040100 0.006600 0.073300 0.079700 0.019900 0.052400 0.033700 0.054000 0.045300 0.040300 0.094000 0.050900 0.100700 0.033300 0.026700 0.040200 0.006600 0.067900 0.053900 0.080600 0.072800 0.061600 0.094400 0.079400 0.040200 0.053900 0.054100 0.039700 0.040400 0.074700 0.047000 0.054200
LesserMous 0.231000 0.000000 0.231100 0.232000 0.228000 0.232600 0.215000 0.223900 0.222000 0.270200 0.226000 0.261800 0.242400 0.247700 0.207500 0.272000 0.270800 0.244200 0.224000 0.223100 0.232900 0.225000 0.251400 0.251700 0.216300 0.234900 0.244400 0.214300 0.243100 0.215100 0.276300 0.224800 0.247400 0.241600 0.234000 0.232900 0.224500 0.241800 0.249900 0.263300 0.251500 0.226900 0.277300 0.251000 0.233300 0.242100 0.251300 0.220200 0.234200 0.257800 0.205800 0.214900
LesserKudu 0.040100 0.231100 0.000000 0.235900 0.054500 0.040100 0.060700 0.088700 0.032900 0.097400 0.040300 0.047300 0.047200 0.074300 0.040100 0.083300 0.119500 0.104600 0.046900 0.019800 0.053900 0.033400 0.083300 0.075700 0.047100 0.066700 0.047500 0.033100 0.059500 0.013100 0.089500 0.065100 0.116200 0.047000 0.040300 0.033200 0.033300 0.082100 0.067900 0.091000 0.082700 0.075800 0.104200 0.075500 0.033300 0.067900 0.068100 0.058100 0.054200 0.089100 0.025100 0.026500
KillerWhal 0.219200 0.232000 0.235900 0.000000 0.231100 0.218800 0.243000 0.243900 0.210400 0.254700 0.237500 0.230000 0.244800 0.241000 0.216300 0.273500 0.272300 0.246600 0.210300 0.211700 0.218800 0.227800 0.237400 0.262000 0.236000 0.237700 0.247100 0.253300 0.245300 0.220400 0.243600 0.252500 0.248300 0.243900 0.228500 0.252700 0.227400 0.261600 0.252300 0.230200 0.219100 0.247100 0.261300 0.261300 0.253100 0.236100 0.227400 0.239100 0.254000 0.233100 0.211300 0.203900
DefassaWat 0.040600 0.228000 0.054500 0.231100 0.000000 0.040500 0.061300 0.084300 0.075700 0.089000 0.040800 0.062200 0.047700 0.066400 0.033700 0.084400 0.106100 0.091200 0.047500 0.061700 0.054500 0.033800 0.074200 0.080800 0.047700 0.060500 0.048000 0.068700 0.060500 0.054700 0.095200 0.061600 0.101600 0.047600 0.040800 0.054600 0.033700 0.026800 0.068700 0.081600 0.073700 0.069500 0.095700 0.086100 0.054700 0.068800 0.068900 0.054000 0.054900 0.090000 0.061600 0.069000
Sheep 0.000000 0.232600 0.040100 0.218800 0.040500 0.000000 0.046800 0.061600 0.060700 0.087700 0.013300 0.047400 0.033400 0.060200 0.026500 0.068900 0.104500 0.096000 0.033200 0.047100 0.040100 0.006600 0.073300 0.079700 0.019900 0.052400 0.033600 0.053900 0.045400 0.040300 0.093900 0.053900 0.100600 0.033300 0.026700 0.040100 0.006600 0.067800 0.053900 0.080600 0.072800 0.061500 0.094400 0.079400 0.040200 0.053900 0.054000 0.039700 0.040300 0.074600 0.047000 0.054100
MaxwellsDu 0.046900 0.215000 0.060700 0.243000 0.061300 0.046800 0.000000 0.061500 0.067600 0.109600 0.047100 0.068400 0.040200 0.053300 0.046900 0.075900 0.111600 0.096900 0.039900 0.067900 0.046900 0.040100 0.095400 0.072600 0.053900 0.059500 0.040400 0.074800 0.052400 0.061000 0.116100 0.047000 0.107600 0.040000 0.033400 0.060800 0.040000 0.074700 0.074800 0.102900 0.094700 0.068400 0.116700 0.072300 0.060800 0.074900 0.075000 0.046400 0.047100 0.081600 0.053800 0.061000
GazellaPrz 0.061700 0.223900 0.088700 0.243900 0.084300 0.061600 0.061500 0.000000 0.096000 0.129500 0.055000 0.076500 0.076400 0.089700 0.068900 0.068900 0.144300 0.136900 0.061600 0.096600 0.040100 0.054800 0.114500 0.121600 0.061800 0.054700 0.076900 0.103800 0.047600 0.089200 0.142800 0.083400 0.129500 0.076100 0.069200 0.068900 0.054700 0.105400 0.083100 0.122900 0.113700 0.061600 0.136200 0.121300 0.069000 0.098000 0.076100 0.075000 0.083800 0.110600 0.081400 0.089000
MountainNy 0.060800 0.222000 0.032900 0.210400 0.075700 0.060700 0.067600 0.096000 0.000000 0.119600 0.061100 0.068200 0.068100 0.081200 0.060800 0.090500 0.126800 0.097100 0.053700 0.013100 0.060800 0.053900 0.090400 0.097300 0.067900 0.073900 0.068500 0.053500 0.066700 0.019700 0.111300 0.072200 0.123600 0.067800 0.061100 0.067600 0.053900 0.103700 0.075000 0.083500 0.075400 0.082800 0.126400 0.097000 0.067600 0.089200 0.075100 0.065100 0.075300 0.081700 0.019600 0.019800
MuntiacusM 0.087700 0.270200 0.097400 0.254700 0.089000 0.087700 0.109600 0.129500 0.119600 0.000000 0.088600 0.091400 0.090600 0.123800 0.065400 0.129600 0.136400 0.121100 0.095300 0.105200 0.097600 0.080800 0.040600 0.075400 0.080800 0.112400 0.096100 0.097600 0.089600 0.097900 0.019800 0.112600 0.109700 0.095500 0.088300 0.097700 0.080400 0.118100 0.097600 0.062000 0.040300 0.106100 0.006600 0.081400 0.097800 0.117900 0.113000 0.087000 0.103600 0.104200 0.105000 0.112900
goat 0.013300 0.226000 0.040300 0.237500 0.040800 0.013300 0.047100 0.055000 0.061100 0.088600 0.000000 0.047800 0.033700 0.060700 0.026700 0.069400 0.105400 0.096900 0.033500 0.047400 0.040400 0.006600 0.073900 0.080400 0.020000 0.053100 0.033900 0.054300 0.046000 0.040500 0.094700 0.054400 0.093500 0.033600 0.026900 0.033600 0.006600 0.068400 0.054300 0.081300 0.073400 0.062000 0.095200 0.085900 0.033600 0.054300 0.054500 0.040000 0.040700 0.075100 0.047300 0.054500
AfricanBuf 0.047500 0.261800 0.047300 0.230000 0.062200 0.047400 0.068400 0.076500 0.068200 0.091400 0.047800 0.000000 0.054700 0.067900 0.033600 0.076600 0.128500 0.113400 0.040500 0.054400 0.033500 0.040700 0.077000 0.098400 0.054600 0.060300 0.055000 0.068400 0.053100 0.047500 0.097700 0.075900 0.110200 0.054500 0.047800 0.040500 0.040600 0.090200 0.075800 0.084800 0.076400 0.069100 0.098100 0.098200 0.040500 0.061500 0.061700 0.060900 0.061900 0.082800 0.061300 0.047500
Topi 0.033500 0.242400 0.047200 0.244800 0.047700 0.033400 0.040200 0.076400 0.068100 0.090600 0.033700 0.054700 0.000000 0.067500 0.033500 0.076500 0.097600 0.083000 0.040200 0.054300 0.047200 0.026700 0.076400 0.068800 0.040400 0.060200 0.000100 0.047200 0.053100 0.047400 0.097000 0.061200 0.109100 0.000000 0.020000 0.047300 0.026700 0.075200 0.061200 0.084100 0.075900 0.068900 0.097300 0.068600 0.047300 0.061200 0.061300 0.046700 0.033700 0.082200 0.054200 0.061500
CommonDuik 0.060300 0.247700 0.074300 0.241000 0.066400 0.060200 0.053300 0.089700 0.081200 0.123800 0.060700 0.067900 0.067500 0.000000 0.046600 0.089800 0.140800 0.125900 0.039700 0.081600 0.046600 0.053500 0.109300 0.101100 0.067400 0.073600 0.068000 0.088600 0.066400 0.074600 0.130100 0.046700 0.121500 0.067300 0.060700 0.074300 0.053400 0.095600 0.088500 0.117000 0.108600 0.082300 0.130700 0.100800 0.074400 0.074400 0.074500 0.059800 0.074700 0.095300 0.067400 0.060600
Suni 0.026500 0.207500 0.040100 0.216300 0.033700 0.026500 0.046900 0.068900 0.060800 0.065400 0.026700 0.033600 0.033500 0.046600 0.000000 0.068900 0.082700 0.068300 0.019800 0.047200 0.026500 0.019900 0.065700 0.072200 0.019900 0.052000 0.033700 0.040200 0.044900 0.040300 0.072000 0.054000 0.078500 0.033400 0.026700 0.040200 0.019900 0.060900 0.040100 0.073000 0.065300 0.047400 0.072300 0.072000 0.040300 0.040200 0.040300 0.026300 0.040400 0.074800 0.047100 0.040300
Springbuck 0.069000 0.272000 0.083300 0.273500 0.084400 0.068900 0.075900 0.068900 0.090500 0.129600 0.069400 0.076600 0.076500 0.089800 0.068900 0.000000 0.152400 0.137000 0.061700 0.091000 0.040200 0.062000 0.114700 0.121700 0.076300 0.040800 0.077000 0.098200 0.033800 0.083800 0.135900 0.083500 0.132700 0.076200 0.069400 0.083500 0.061900 0.112900 0.083200 0.123000 0.113900 0.047700 0.136300 0.121400 0.083600 0.098100 0.083400 0.068200 0.076700 0.105000 0.076200 0.083800
Okapi 0.104600 0.270800 0.119500 0.272300 0.106100 0.104500 0.111600 0.144300 0.126800 0.136400 0.105400 0.128500 0.097600 0.140800 0.082700 0.152400 0.000000 0.069400 0.111800 0.112400 0.119500 0.097500 0.136900 0.111600 0.082900 0.135100 0.098300 0.119700 0.127200 0.120100 0.142600 0.134800 0.125200 0.097200 0.090500 0.119700 0.097300 0.135000 0.119600 0.129900 0.120600 0.128600 0.143100 0.126600 0.119800 0.119800 0.119900 0.103600 0.105200 0.157400 0.127200 0.135400
Giraffe 0.096000 0.244200 0.104600 0.246600 0.091200 0.096000 0.096900 0.136900 0.097100 0.121100 0.096900 0.113400 0.083000 0.125900 0.068300 0.137000 0.069400 0.000000 0.097200 0.083000 0.104800 0.089000 0.106400 0.098300 0.089000 0.104800 0.083700 0.104700 0.112200 0.090400 0.127500 0.119800 0.110000 0.082800 0.075900 0.104900 0.088700 0.119800 0.090300 0.099400 0.090900 0.098600 0.127900 0.104100 0.105000 0.105000 0.105200 0.089200 0.090500 0.126700 0.097400 0.105100
TibetanAnt 0.033300 0.224000 0.046900 0.210300 0.047500 0.033200 0.039900 0.061600 0.053700 0.095300 0.033500 0.040500 0.040200 0.039700 0.019800 0.061700 0.111800 0.097200 0.000000 0.054000 0.019800 0.026600 0.080900 0.087200 0.040200 0.045400 0.040500 0.060900 0.038400 0.047100 0.101500 0.047000 0.093400 0.040100 0.033500 0.047000 0.026500 0.074900 0.060800 0.088200 0.080300 0.054400 0.102000 0.086900 0.047000 0.047000 0.047100 0.033000 0.047200 0.067600 0.040100 0.033400
Sitatunga 0.047100 0.223100 0.019800 0.211700 0.061700 0.047100 0.067900 0.096600 0.013100 0.105200 0.047400 0.054400 0.054300 0.081600 0.047200 0.091000 0.112400 0.083000 0.054000 0.000000 0.061100 0.040400 0.076300 0.083100 0.054200 0.074100 0.054700 0.040000 0.066800 0.006600 0.097100 0.072200 0.124200 0.054100 0.047400 0.053900 0.040300 0.089600 0.075300 0.069400 0.061500 0.083300 0.112000 0.082900 0.054000 0.075200 0.061300 0.065100 0.061400 0.082100 0.019800 0.019900
Oribi 0.040100 0.232900 0.053900 0.218800 0.054500 0.040100 0.046900 0.040100 0.060800 0.097600 0.040400 0.033500 0.047200 0.046600 0.026500 0.040200 0.119500 0.104800 0.019800 0.061100 0.000000 0.033400 0.083300 0.090200 0.047100 0.026600 0.047500 0.068000 0.019800 0.054200 0.104000 0.054000 0.100500 0.047000 0.040400 0.054000 0.033300 0.082200 0.053800 0.091000 0.082700 0.033300 0.104300 0.090000 0.054000 0.054000 0.040100 0.039800 0.054300 0.074800 0.047100 0.040300
BarbaryShe 0.006600 0.225000 0.033400 0.227800 0.033800 0.006600 0.040100 0.054800 0.053900 0.080800 0.006600 0.040700 0.026700 0.053500 0.019900 0.062000 0.097500 0.089000 0.026600 0.040400 0.033400 0.000000 0.066400 0.072700 0.012800 0.045500 0.026900 0.047200 0.038500 0.033600 0.087100 0.047200 0.093600 0.026600 0.020000 0.033400 0.000000 0.061000 0.047100 0.073600 0.065900 0.054600 0.087500 0.072500 0.033500 0.047100 0.047300 0.033100 0.033600 0.067800 0.040300 0.047300
Daviddeer 0.073300 0.251400 0.083300 0.237400 0.074200 0.073300 0.095400 0.114500 0.090400 0.040600 0.073900 0.077000 0.076400 0.109300 0.065700 0.114700 0.136900 0.106400 0.080900 0.076300 0.083300 0.066400 0.000000 0.047400 0.081100 0.097500 0.081500 0.098100 0.089800 0.069200 0.047100 0.098100 0.110300 0.081000 0.073900 0.083400 0.066000 0.103300 0.098000 0.034000 0.012800 0.106600 0.047000 0.047300 0.083500 0.103200 0.098400 0.087400 0.089000 0.075500 0.076100 0.083700
Reindeer 0.079700 0.251700 0.075700 0.262000 0.080800 0.079700 0.072600 0.121600 0.097300 0.075400 0.080400 0.098400 0.068800 0.101100 0.072200 0.121700 0.111600 0.098300 0.087200 0.083100 0.090200 0.072700 0.047400 0.000000 0.087500 0.104100 0.073100 0.105000 0.096500 0.076000 0.081800 0.090400 0.132400 0.072700 0.065600 0.075800 0.072400 0.109700 0.104900 0.054700 0.047100 0.113600 0.082000 0.013200 0.075900 0.109800 0.105400 0.093800 0.080500 0.096700 0.082900 0.090600
Ibex 0.019900 0.216300 0.047100 0.236000 0.047700 0.019900 0.053900 0.061800 0.067900 0.080800 0.020000 0.054600 0.040400 0.067400 0.019900 0.076300 0.082900 0.089000 0.040200 0.054200 0.047100 0.012800 0.081100 0.087500 0.000000 0.060100 0.040700 0.047200 0.052900 0.047300 0.087000 0.061100 0.093600 0.040200 0.033600 0.047200 0.013200 0.075200 0.047100 0.088500 0.080500 0.054600 0.087500 0.087200 0.047200 0.061100 0.061200 0.033100 0.047400 0.082000 0.054100 0.061300
GyrantGaze 0.052400 0.234900 0.066700 0.237700 0.060500 0.052400 0.059500 0.054700 0.073900 0.112400 0.053100 0.060300 0.060200 0.073600 0.052000 0.040800 0.135100 0.104800 0.045400 0.074100 0.026600 0.045500 0.097500 0.104100 0.060100 0.000000 0.060300 0.081600 0.020100 0.067000 0.118700 0.067300 0.112300 0.060000 0.052900 0.067100 0.045200 0.096500 0.054700 0.105400 0.096800 0.006700 0.119200 0.109700 0.067100 0.082000 0.069000 0.052000 0.067300 0.086100 0.059500 0.066900
Hartebeest 0.033700 0.244400 0.047500 0.247100 0.048000 0.033600 0.040400 0.076900 0.068500 0.096100 0.033900 0.055000 0.000100 0.068000 0.033700 0.077000 0.098300 0.083700 0.040500 0.054700 0.047500 0.026900 0.081500 0.073100 0.040700 0.060300 0.000000 0.047500 0.053100 0.047700 0.102500 0.061600 0.109400 0.000100 0.020200 0.047500 0.026900 0.075800 0.061600 0.089000 0.080900 0.069400 0.102900 0.072800 0.047600 0.061600 0.061700 0.047000 0.038000 0.082700 0.054600 0.061900
Bongo 0.054000 0.214300 0.033100 0.253300 0.068700 0.053900 0.074800 0.103800 0.053500 0.097600 0.054300 0.068400 0.047200 0.088600 0.040200 0.098200 0.119700 0.104700 0.060900 0.040000 0.068000 0.047200 0.098100 0.105000 0.047200 0.081600 0.047500 0.000000 0.074300 0.033300 0.089600 0.079600 0.116100 0.047100 0.054300 0.053800 0.047100 0.096600 0.068000 0.106000 0.097400 0.075800 0.104400 0.104700 0.053800 0.082200 0.082500 0.058100 0.068400 0.103600 0.033100 0.046900
Gerenuk 0.045300 0.243100 0.059500 0.245300 0.060500 0.045400 0.052400 0.047600 0.066700 0.089600 0.046000 0.053100 0.053100 0.066400 0.044900 0.033800 0.127200 0.112200 0.038400 0.066800 0.019800 0.038500 0.089800 0.096500 0.052900 0.020100 0.053100 0.074300 0.000000 0.059800 0.110900 0.060100 0.106600 0.052900 0.045800 0.060000 0.038100 0.089000 0.061500 0.097600 0.089200 0.026800 0.096300 0.102000 0.060000 0.074700 0.061700 0.045100 0.060100 0.081000 0.052400 0.059700
CommonElan 0.040300 0.215100 0.013100 0.220400 0.054700 0.040300 0.061000 0.089200 0.019700 0.097900 0.040500 0.047500 0.047400 0.074600 0.040300 0.083800 0.120100 0.090400 0.047100 0.006600 0.054200 0.033600 0.069200 0.076000 0.047300 0.067000 0.047700 0.033300 0.059800 0.000000 0.089900 0.065400 0.116800 0.047200 0.040500 0.047100 0.033500 0.082500 0.068200 0.076700 0.068700 0.076100 0.104700 0.075800 0.047100 0.068200 0.068400 0.058400 0.054500 0.075100 0.013100 0.013200
MuntiacusR 0.094000 0.276300 0.089500 0.243600 0.095200 0.093900 0.116100 0.142800 0.111300 0.019800 0.094700 0.097700 0.097000 0.130100 0.072000 0.135900 0.142600 0.127500 0.101500 0.097100 0.104000 0.087100 0.047100 0.081800 0.087000 0.118700 0.102500 0.089600 0.110900 0.089900 0.000000 0.118900 0.116200 0.101700 0.094700 0.104000 0.086700 0.124200 0.103900 0.068400 0.046800 0.112600 0.026400 0.081600 0.104200 0.124100 0.119300 0.093300 0.109800 0.110600 0.096900 0.104600
HarveysDui 0.050900 0.224800 0.065100 0.252500 0.061600 0.053900 0.047000 0.083400 0.072200 0.112600 0.054400 0.075900 0.061200 0.046700 0.054000 0.083500 0.134800 0.119800 0.047000 0.072200 0.054000 0.047200 0.098100 0.090400 0.061100 0.067300 0.061600 0.079600 0.060100 0.065400 0.118900 0.000000 0.115800 0.061000 0.054300 0.068100 0.047100 0.075100 0.082300 0.106100 0.097400 0.076000 0.104500 0.090200 0.068100 0.075200 0.082500 0.053500 0.068500 0.074900 0.057900 0.064900
Pronghorn 0.100700 0.247400 0.116200 0.248300 0.101600 0.100600 0.107600 0.129500 0.123600 0.109700 0.093500 0.110200 0.109100 0.121500 0.078500 0.132700 0.125200 0.110000 0.093400 0.124200 0.100500 0.093600 0.110300 0.132400 0.093600 0.112300 0.109400 0.116100 0.106600 0.116800 0.116200 0.115800 0.000000 0.108500 0.101700 0.108600 0.093300 0.131000 0.115300 0.118400 0.109500 0.106900 0.116700 0.132100 0.108700 0.115900 0.131700 0.089000 0.115800 0.115700 0.108800 0.116600
BlueWildeb 0.033300 0.241600 0.047000 0.243900 0.047600 0.033300 0.040000 0.076100 0.067800 0.095500 0.033600 0.054500 0.000000 0.067300 0.033400 0.076200 0.097200 0.082800 0.040100 0.054100 0.047000 0.026600 0.081000 0.072700 0.040200 0.060000 0.000100 0.047100 0.052900 0.047200 0.101700 0.061000 0.108500 0.000000 0.020000 0.047100 0.026600 0.075000 0.060900 0.088300 0.080400 0.068700 0.102200 0.072400 0.047100 0.061000 0.061100 0.046600 0.033500 0.081900 0.054000 0.061200
Gemsbok 0.026700 0.234000 0.040300 0.228500 0.040800 0.026700 0.033400 0.069200 0.061100 0.088300 0.026900 0.047800 0.020000 0.060700 0.026700 0.069400 0.090500 0.075900 0.033500 0.047400 0.040400 0.020000 0.073900 0.065600 0.033600 0.052900 0.020200 0.054300 0.045800 0.040500 0.094700 0.054300 0.101700 0.020000 0.000000 0.040400 0.020000 0.067600 0.054300 0.081300 0.073400 0.061900 0.095200 0.065500 0.040400 0.054300 0.053500 0.040000 0.026800 0.075200 0.047300 0.054500
Yak 0.040200 0.232900 0.033200 0.252700 0.054600 0.040100 0.060800 0.068900 0.067600 0.097700 0.033600 0.040500 0.047300 0.074300 0.040200 0.083500 0.119700 0.104900 0.047000 0.053900 0.054000 0.033400 0.083400 0.075800 0.047200 0.067100 0.047500 0.053800 0.060000 0.047100 0.104000 0.068100 0.108600 0.047100 0.040400 0.000000 0.033400 0.082200 0.068000 0.091300 0.082800 0.076000 0.104400 0.075700 0.000000 0.068000 0.068200 0.053400 0.054300 0.089100 0.046900 0.061000
BlueSheep 0.006600 0.224500 0.033300 0.227400 0.033700 0.006600 0.040000 0.054700 0.053900 0.080400 0.006600 0.040600 0.026700 0.053400 0.019900 0.061900 0.097300 0.088700 0.026500 0.040300 0.033300 0.000000 0.066000 0.072400 0.013200 0.045200 0.026900 0.047100 0.038100 0.033500 0.086700 0.047100 0.093300 0.026600 0.020000 0.033400 0.000000 0.060900 0.047000 0.073300 0.065600 0.054500 0.087200 0.072200 0.033400 0.047100 0.047200 0.033000 0.033600 0.067700 0.040200 0.047300
BohorReedb 0.067900 0.241800 0.082100 0.261600 0.026800 0.067800 0.074700 0.105400 0.103700 0.118100 0.068400 0.090200 0.075200 0.095600 0.060900 0.112900 0.135000 0.119800 0.074900 0.089600 0.082200 0.061000 0.103300 0.109700 0.075200 0.096500 0.075800 0.096600 0.089000 0.082500 0.124200 0.075100 0.131000 0.075000 0.067600 0.082200 0.060900 0.000000 0.096600 0.110900 0.102600 0.105100 0.109700 0.115300 0.082300 0.082300 0.082000 0.081400 0.082600 0.103600 0.089400 0.097100
KirksDik 0.053900 0.249900 0.067900 0.252300 0.068700 0.053900 0.074800 0.083100 0.075000 0.097600 0.054300 0.075800 0.061200 0.088500 0.040100 0.083200 0.119600 0.090300 0.060800 0.075300 0.053800 0.047100 0.098000 0.104900 0.047100 0.054700 0.061600 0.068000 0.061500 0.068200 0.103900 0.082300 0.115300 0.060900 0.054300 0.068000 0.047000 0.096600 0.000000 0.106000 0.097300 0.047500 0.104300 0.104700 0.068100 0.082200 0.054000 0.053400 0.068400 0.103500 0.075100 0.082500
RoeDeer 0.080600 0.263300 0.091000 0.230200 0.081600 0.080600 0.102900 0.122900 0.083500 0.062000 0.081300 0.084800 0.084100 0.117000 0.073000 0.123000 0.129900 0.099400 0.088200 0.069400 0.091000 0.073600 0.034000 0.054700 0.088500 0.105400 0.089000 0.106000 0.097600 0.076700 0.068400 0.106100 0.118400 0.088300 0.081300 0.091300 0.073300 0.110900 0.106000 0.000000 0.020100 0.114800 0.068600 0.054600 0.091300 0.110900 0.091500 0.094700 0.066900 0.083100 0.083800 0.091400
WhiteLippe 0.072800 0.251500 0.082700 0.219100 0.073700 0.072800 0.094700 0.113700 0.075400 0.040300 0.073400 0.076400 0.075900 0.108600 0.065300 0.113900 0.120600 0.090900 0.080300 0.061500 0.082700 0.065900 0.012800 0.047100 0.080500 0.096800 0.080900 0.097400 0.089200 0.068700 0.046800 0.097400 0.109500 0.080400 0.073400 0.082800 0.065600 0.102600 0.097300 0.020100 0.000000 0.105900 0.046700 0.047000 0.082900 0.102500 0.083100 0.086800 0.088300 0.075000 0.075600 0.083100
ThomsonGaz 0.061600 0.226900 0.075800 0.247100 0.069500 0.061500 0.068400 0.061600 0.082800 0.106100 0.062000 0.069100 0.068900 0.082300 0.047400 0.047700 0.128600 0.098600 0.054400 0.083300 0.033300 0.054600 0.106600 0.113600 0.054600 0.006700 0.069400 0.075800 0.026800 0.076100 0.112600 0.076000 0.106900 0.068700 0.061900 0.076000 0.054500 0.105100 0.047500 0.114800 0.105900 0.000000 0.113000 0.119300 0.076000 0.090500 0.075900 0.047000 0.076400 0.097300 0.068700 0.076100
MuntiacusC 0.094400 0.277300 0.104200 0.261300 0.095700 0.094400 0.116700 0.136200 0.126400 0.006600 0.095200 0.098100 0.097300 0.130700 0.072300 0.136300 0.143100 0.127900 0.102000 0.112000 0.104300 0.087500 0.047000 0.082000 0.087500 0.119200 0.102900 0.104400 0.096300 0.104700 0.026400 0.104500 0.116700 0.102200 0.095200 0.104400 0.087200 0.109700 0.104300 0.068600 0.046700 0.113000 0.000000 0.081800 0.104500 0.124700 0.119700 0.093700 0.110300 0.096400 0.111800 0.119700
WhiteTaile 0.079400 0.251000 0.075500 0.261300 0.086100 0.079400 0.072300 0.121300 0.097000 0.081400 0.085900 0.098200 0.068600 0.100800 0.072000 0.121400 0.126600 0.104100 0.086900 0.082900 0.090000 0.072500 0.047300 0.013200 0.087200 0.109700 0.072800 0.104700 0.102000 0.075800 0.081600 0.090200 0.132100 0.072400 0.065500 0.075700 0.072200 0.115300 0.104700 0.054600 0.047000 0.119300 0.081800 0.000000 0.075700 0.109500 0.105200 0.093500 0.080200 0.096400 0.082700 0.090300
Cattle 0.040200 0.233300 0.033300 0.253100 0.054700 0.040200 0.060800 0.069000 0.067600 0.097800 0.033600 0.040500 0.047300 0.074400 0.040300 0.083600 0.119800 0.105000 0.047000 0.054000 0.054000 0.033500 0.083500 0.075900 0.047200 0.067100 0.047600 0.053800 0.060000 0.047100 0.104200 0.068100 0.108700 0.047100 0.040400 0.000000 0.033400 0.082300 0.068100 0.091300 0.082900 0.076000 0.104500 0.075700 0.000000 0.068100 0.068300 0.053500 0.054400 0.089200 0.046900 0.061100
RoyalAntel 0.053900 0.242100 0.067900 0.236100 0.068800 0.053900 0.074900 0.098000 0.089200 0.117900 0.054300 0.061500 0.061200 0.074400 0.040200 0.098100 0.119800 0.105000 0.047000 0.075200 0.054000 0.047100 0.103200 0.109800 0.061100 0.082000 0.061600 0.082200 0.074700 0.068200 0.124100 0.075200 0.115900 0.061000 0.054300 0.068000 0.047100 0.082300 0.082200 0.110900 0.102500 0.090500 0.124700 0.109500 0.068100 0.000000 0.068200 0.067300 0.068400 0.103700 0.075100 0.068300
Steenbok 0.054100 0.251300 0.068100 0.227400 0.068900 0.054000 0.075000 0.076100 0.075100 0.113000 0.054500 0.061700 0.061300 0.074500 0.040300 0.083400 0.119900 0.105200 0.047100 0.061300 0.040100 0.047300 0.098400 0.105400 0.061200 0.069000 0.061700 0.082500 0.061700 0.068400 0.119300 0.082500 0.131700 0.061100 0.053500 0.068200 0.047200 0.082000 0.054000 0.091500 0.083100 0.075900 0.119700 0.105200 0.068300 0.068200 0.000000 0.067500 0.068600 0.103900 0.075300 0.068500
Impala 0.039700 0.220200 0.058100 0.239100 0.054000 0.039700 0.046400 0.075000 0.065100 0.087000 0.040000 0.060900 0.046700 0.059800 0.026300 0.068200 0.103600 0.089200 0.033000 0.065100 0.039800 0.033100 0.087400 0.093800 0.033100 0.052000 0.047000 0.058100 0.045100 0.058400 0.093300 0.053500 0.089000 0.046600 0.040000 0.053400 0.033000 0.081400 0.053400 0.094700 0.086800 0.047000 0.093700 0.093500 0.053500 0.067300 0.067500 0.000000 0.053700 0.067100 0.051100 0.057900
Klipspring 0.040400 0.234200 0.054200 0.254000 0.054900 0.040300 0.047100 0.083800 0.075300 0.103600 0.040700 0.061900 0.033700 0.074700 0.040400 0.076700 0.105200 0.090500 0.047200 0.061400 0.054300 0.033600 0.089000 0.080500 0.047400 0.067300 0.038000 0.068400 0.060100 0.054500 0.109800 0.068500 0.115800 0.033500 0.026800 0.054300 0.033600 0.082600 0.068400 0.066900 0.088300 0.076400 0.110300 0.080200 0.054400 0.068400 0.068600 0.053700 0.000000 0.089500 0.061300 0.068700
ForestMusk 0.074700 0.257800 0.089100 0.233100 0.090000 0.074600 0.081600 0.110600 0.081700 0.104200 0.075100 0.082800 0.082200 0.095300 0.074800 0.105000 0.157400 0.126700 0.067600 0.082100 0.074800 0.067800 0.075500 0.096700 0.082000 0.086100 0.082700 0.103600 0.081000 0.075100 0.110600 0.074900 0.115700 0.081900 0.075200 0.089100 0.067700 0.103600 0.103500 0.083100 0.075000 0.097300 0.096400 0.096400 0.089200 0.103700 0.103900 0.067100 0.089500 0.000000 0.067800 0.075200
Bushbuck 0.047000 0.205800 0.025100 0.211300 0.061600 0.047000 0.053800 0.081400 0.019600 0.105000 0.047300 0.061300 0.054200 0.067400 0.047100 0.076200 0.127200 0.097400 0.040100 0.019800 0.047100 0.040300 0.076100 0.082900 0.054100 0.059500 0.054600 0.033100 0.052400 0.013100 0.096900 0.057900 0.108800 0.054000 0.047300 0.046900 0.040200 0.089400 0.075100 0.083800 0.075600 0.068700 0.111800 0.082700 0.046900 0.075100 0.075300 0.051100 0.061300 0.067800 0.000000 0.013200
GreaterKud 0.054200 0.214900 0.026500 0.203900 0.069000 0.054100 0.061000 0.089000 0.019800 0.112900 0.054500 0.047500 0.061500 0.060600 0.040300 0.083800 0.135400 0.105100 0.033400 0.019900 0.040300 0.047300 0.083700 0.090600 0.061300 0.066900 0.061900 0.046900 0.059700 0.013200 0.104600 0.064900 0.116600 0.061200 0.054500 0.061000 0.047300 0.097100 0.082500 0.091400 0.083100 0.076100 0.119700 0.090300 0.061100 0.068300 0.068500 0.057900 0.068700 0.075200 0.013200 0.000000
