1
52 1
Argali 0.000000 0.246600 0.078000 0.198000 0.058000 0.002300 0.072300 0.067300 0.090700 0.115700 0.032400 0.077900 0.053700 0.077200 0.058300 0.057900 0.117600 0.126000 0.043500 0.080300 0.058500 0.032200 0.119400 0.114900 0.034600 0.062700 0.039700 0.082900 0.071800 0.083100 0.121600 0.070000 0.136000 0.042000 0.045800 0.069800 0.029900 0.055700 0.071500 0.103900 0.109300 0.051100 0.120100 0.106700 0.067600 0.077500 0.065200 0.070000 0.062900 0.100700 0.080500 0.080600
LesserMous 0.246600 0.000000 0.247700 0.265200 0.245200 0.244000 0.237300 0.268800 0.268000 0.264000 0.227300 0.249200 0.244900 0.243500 0.233900 0.256500 0.240100 0.250300 0.241400 0.253100 0.256400 0.244400 0.260200 0.244900 0.242300 0.269500 0.227900 0.263600 0.264200 0.261400 0.258900 0.256300 0.281500 0.230700 0.229900 0.244900 0.238400 0.242400 0.278400 0.243500 0.241800 0.252400 0.268300 0.241500 0.238400 0.261400 0.254400 0.257000 0.253800 0.263000 0.257300 0.261200
LesserKudu 0.078000 0.247700 0.000000 0.212400 0.070100 0.075700 0.075000 0.084300 0.027600 0.113400 0.073800 0.060900 0.076000 0.082000 0.070700 0.075000 0.110000 0.123700 0.082300 0.015900 0.075700 0.078400 0.114400 0.112500 0.076200 0.086900 0.061500 0.022700 0.086700 0.023000 0.114100 0.079500 0.138700 0.063600 0.055900 0.055700 0.071000 0.072600 0.088700 0.098900 0.107100 0.070300 0.117700 0.104400 0.055700 0.070400 0.082500 0.082200 0.085000 0.098300 0.025100 0.025200
KillerWhal 0.198000 0.265200 0.212400 0.000000 0.202400 0.195500 0.210500 0.218400 0.224700 0.193600 0.205600 0.206300 0.207400 0.218900 0.209100 0.201600 0.207500 0.211700 0.202200 0.206000 0.206500 0.204600 0.201000 0.193600 0.208100 0.212600 0.197200 0.215200 0.209100 0.218800 0.188700 0.213200 0.217700 0.199800 0.199800 0.204700 0.201500 0.202900 0.213600 0.177700 0.190600 0.196900 0.192300 0.184400 0.190600 0.205700 0.216600 0.204700 0.213400 0.226500 0.212400 0.218700
DefassaWat 0.058000 0.245200 0.070100 0.202400 0.000000 0.055700 0.060000 0.073900 0.077900 0.107600 0.053800 0.070100 0.051100 0.074100 0.055600 0.059900 0.112000 0.117600 0.062400 0.072300 0.070200 0.058300 0.111200 0.101500 0.056100 0.076500 0.046500 0.079800 0.078700 0.077800 0.113400 0.057300 0.114800 0.048900 0.043600 0.060100 0.051100 0.011300 0.078300 0.095800 0.101100 0.059900 0.117100 0.098600 0.055300 0.065000 0.067300 0.067000 0.060100 0.100200 0.070000 0.080000
Sheep 0.002300 0.244000 0.075700 0.195500 0.055700 0.000000 0.070000 0.065000 0.088300 0.113400 0.030100 0.075500 0.051400 0.079700 0.056000 0.055600 0.115200 0.123600 0.041200 0.078000 0.061000 0.029700 0.117000 0.112500 0.032300 0.060400 0.037400 0.080600 0.069500 0.080800 0.119300 0.067700 0.133700 0.039700 0.043600 0.067500 0.027600 0.053400 0.069200 0.101500 0.106900 0.048800 0.117800 0.104400 0.065300 0.075200 0.062900 0.067700 0.065400 0.103300 0.078200 0.078200
MaxwellsDu 0.072300 0.237300 0.075000 0.210500 0.060000 0.070000 0.000000 0.083700 0.092500 0.117600 0.063300 0.079700 0.065400 0.036200 0.065100 0.074200 0.114300 0.127800 0.062300 0.082100 0.079800 0.067800 0.116000 0.111500 0.060800 0.086300 0.051400 0.089800 0.083400 0.087500 0.113200 0.031600 0.145400 0.053700 0.053000 0.074400 0.060600 0.062400 0.087800 0.108200 0.106000 0.069800 0.121900 0.103400 0.069500 0.079400 0.076800 0.069500 0.064800 0.112500 0.084800 0.089900
GazellaPrz 0.067300 0.268800 0.084300 0.218400 0.073900 0.065000 0.083700 0.000000 0.092300 0.112200 0.063100 0.084500 0.070100 0.093200 0.064900 0.036200 0.119200 0.132700 0.081300 0.081700 0.036600 0.067700 0.115800 0.111200 0.070300 0.038400 0.060600 0.089300 0.045200 0.087400 0.118000 0.081100 0.140000 0.063000 0.062300 0.074200 0.062800 0.071100 0.054300 0.113000 0.105700 0.027100 0.116600 0.098200 0.074200 0.079200 0.038600 0.071500 0.074300 0.112300 0.084400 0.089500
MountainNy 0.090700 0.268000 0.027600 0.224700 0.077900 0.088300 0.092500 0.092300 0.000000 0.116300 0.081600 0.073300 0.078700 0.100000 0.083200 0.082600 0.123500 0.132000 0.100100 0.020500 0.083400 0.091100 0.117400 0.115400 0.088900 0.095000 0.074200 0.027500 0.094400 0.018300 0.117100 0.092500 0.144500 0.076700 0.068200 0.063100 0.083600 0.080400 0.096400 0.101700 0.110100 0.078200 0.120700 0.107300 0.067900 0.075600 0.085300 0.095200 0.092800 0.116600 0.020600 0.020600
MuntiacusM 0.115700 0.264000 0.113400 0.193600 0.107600 0.113400 0.117600 0.112200 0.116300 0.000000 0.106700 0.108200 0.098600 0.127700 0.103000 0.102300 0.099100 0.092000 0.109900 0.115700 0.108400 0.113800 0.044100 0.054300 0.114100 0.112400 0.099200 0.113400 0.109200 0.111200 0.011400 0.117600 0.114600 0.101600 0.095100 0.092300 0.108600 0.100200 0.116100 0.046400 0.039300 0.097900 0.013500 0.044300 0.097300 0.113000 0.110100 0.104900 0.120100 0.123600 0.113400 0.116300
goat 0.032400 0.227300 0.073800 0.205600 0.053800 0.030100 0.063300 0.063100 0.081600 0.106700 0.000000 0.068800 0.039800 0.068200 0.049200 0.053600 0.116300 0.122000 0.041700 0.076100 0.059000 0.027800 0.105100 0.105600 0.016200 0.065700 0.030500 0.078800 0.067700 0.076600 0.112500 0.060900 0.137400 0.032800 0.041900 0.056000 0.016200 0.051400 0.072200 0.102300 0.095000 0.049200 0.116200 0.092400 0.058500 0.068400 0.061000 0.065800 0.063500 0.101700 0.071400 0.079000
AfricanBuf 0.077900 0.249200 0.060900 0.206300 0.070100 0.075500 0.079700 0.084500 0.073300 0.108200 0.068800 0.000000 0.066000 0.084600 0.065600 0.070000 0.117700 0.113000 0.074900 0.068000 0.075600 0.073300 0.104000 0.096900 0.071100 0.084600 0.056700 0.065800 0.084100 0.068400 0.108900 0.074900 0.130700 0.059000 0.058200 0.045400 0.065900 0.063000 0.086200 0.093700 0.096800 0.068000 0.112500 0.089000 0.036600 0.075100 0.077500 0.077400 0.080000 0.108200 0.065800 0.070800
Topi 0.053700 0.244900 0.076000 0.207400 0.051100 0.051400 0.065400 0.070100 0.078700 0.098600 0.039800 0.066000 0.000000 0.070300 0.056200 0.055800 0.118400 0.118800 0.053400 0.073300 0.066100 0.046800 0.091800 0.094900 0.046900 0.072700 0.013900 0.076000 0.069800 0.073700 0.099200 0.060600 0.123700 0.016200 0.048800 0.060700 0.042000 0.048800 0.079100 0.086700 0.086900 0.056100 0.102900 0.084400 0.060700 0.070300 0.062600 0.063100 0.065400 0.108900 0.071100 0.081100
CommonDuik 0.077200 0.243500 0.082000 0.218900 0.074100 0.079700 0.036200 0.093200 0.100000 0.127700 0.068200 0.084600 0.070300 0.000000 0.074700 0.071800 0.129800 0.143500 0.071800 0.087800 0.084700 0.077500 0.123700 0.121800 0.070400 0.095800 0.060800 0.091900 0.090700 0.095000 0.128500 0.036200 0.148000 0.063100 0.062500 0.081600 0.070200 0.076600 0.097500 0.115900 0.113600 0.079200 0.126900 0.113600 0.074300 0.089100 0.086500 0.083700 0.064800 0.117600 0.091900 0.097100
Suni 0.058300 0.233900 0.070700 0.209100 0.055600 0.056000 0.065100 0.064900 0.083200 0.103000 0.049200 0.065600 0.056200 0.074700 0.000000 0.055400 0.109900 0.115500 0.057900 0.077800 0.060800 0.053700 0.101400 0.101900 0.051500 0.067400 0.042100 0.080500 0.069400 0.078200 0.108700 0.057900 0.128100 0.044400 0.039100 0.060400 0.046600 0.053300 0.073900 0.093600 0.091400 0.051000 0.112400 0.094000 0.055600 0.062900 0.062800 0.050800 0.065200 0.098100 0.075500 0.080600
Springbuck 0.057900 0.256500 0.075000 0.201600 0.059900 0.055600 0.074200 0.036200 0.082600 0.102300 0.053600 0.070000 0.055800 0.071800 0.055400 0.000000 0.114200 0.127600 0.067000 0.072400 0.027300 0.058100 0.105800 0.106300 0.060700 0.034000 0.051300 0.075000 0.022400 0.077700 0.108000 0.067000 0.135000 0.048800 0.052900 0.064700 0.053300 0.062400 0.045100 0.098000 0.095800 0.018100 0.106700 0.093300 0.059900 0.069600 0.034000 0.062300 0.055300 0.104900 0.075000 0.080000
Okapi 0.117600 0.240100 0.110000 0.207500 0.112000 0.115200 0.114300 0.119200 0.123500 0.099100 0.116300 0.117700 0.118400 0.129800 0.109900 0.114200 0.000000 0.062700 0.111600 0.117500 0.115500 0.120900 0.097300 0.087700 0.118700 0.119500 0.103500 0.125800 0.118700 0.118200 0.102300 0.124700 0.124000 0.105900 0.107000 0.116900 0.107600 0.107000 0.133500 0.092200 0.087600 0.104700 0.108600 0.084900 0.109100 0.125200 0.117200 0.109100 0.129900 0.115100 0.117900 0.118100
Giraffe 0.126000 0.250300 0.123700 0.211700 0.117600 0.123600 0.127800 0.132700 0.132000 0.092000 0.122000 0.113000 0.118800 0.143500 0.115500 0.127600 0.062700 0.000000 0.122600 0.131300 0.129100 0.126600 0.095200 0.083000 0.124400 0.122500 0.109100 0.128900 0.134800 0.126700 0.095100 0.133000 0.114000 0.111600 0.107400 0.109500 0.118700 0.115100 0.141800 0.092600 0.088000 0.112800 0.101500 0.082800 0.109500 0.136300 0.125400 0.133200 0.135600 0.128800 0.129000 0.126600
TibetanAnt 0.043500 0.241400 0.082300 0.202200 0.062400 0.041200 0.062300 0.081300 0.100100 0.109900 0.041700 0.074900 0.053400 0.071800 0.057900 0.067000 0.111600 0.122600 0.000000 0.089500 0.077400 0.046100 0.113500 0.109000 0.039100 0.079000 0.044100 0.092300 0.081000 0.090000 0.115700 0.064700 0.137700 0.046500 0.050400 0.069600 0.034400 0.060100 0.090200 0.098100 0.103500 0.067400 0.119300 0.101000 0.064800 0.086700 0.074400 0.069500 0.072100 0.099800 0.089800 0.092400
Sitatunga 0.080300 0.253100 0.015900 0.206000 0.072300 0.078000 0.082100 0.081700 0.020500 0.115700 0.076100 0.068000 0.073300 0.087800 0.077800 0.072400 0.117500 0.131300 0.089500 0.000000 0.073100 0.080700 0.116700 0.120000 0.083400 0.083400 0.068600 0.020400 0.084100 0.020500 0.116400 0.086800 0.135800 0.071000 0.063000 0.058000 0.078200 0.074800 0.086100 0.101200 0.109400 0.067800 0.115000 0.106700 0.062700 0.067800 0.075000 0.079600 0.087300 0.105600 0.018100 0.022700
Oribi 0.058500 0.256400 0.075700 0.206500 0.070200 0.061000 0.079800 0.036600 0.083400 0.108400 0.059000 0.075600 0.066100 0.084700 0.060800 0.027300 0.115500 0.129100 0.077400 0.073100 0.000000 0.063600 0.106900 0.112600 0.066200 0.034300 0.056700 0.080700 0.036400 0.078500 0.111600 0.077400 0.141600 0.059100 0.053400 0.070200 0.058700 0.067900 0.050200 0.109200 0.096800 0.018300 0.117900 0.099400 0.070200 0.070300 0.034400 0.067700 0.065500 0.098400 0.075800 0.080900
BarbaryShe 0.032200 0.244400 0.078400 0.204600 0.058300 0.029700 0.067800 0.067700 0.091100 0.113800 0.027800 0.073300 0.046800 0.077500 0.053700 0.058100 0.120900 0.126600 0.046100 0.080700 0.063600 0.000000 0.112300 0.107700 0.030100 0.070200 0.032700 0.088400 0.067400 0.086100 0.119700 0.060600 0.136700 0.035100 0.045800 0.065300 0.025400 0.056000 0.071800 0.104400 0.102100 0.053700 0.118200 0.099600 0.063100 0.077800 0.065500 0.063100 0.063200 0.106200 0.080900 0.088500
Daviddeer 0.119400 0.260200 0.114400 0.201000 0.111200 0.117000 0.116000 0.115800 0.117400 0.044100 0.105100 0.104000 0.091800 0.123700 0.101400 0.105800 0.097300 0.095200 0.113500 0.116700 0.106900 0.112300 0.000000 0.049800 0.112600 0.116000 0.092400 0.114500 0.112800 0.112200 0.044300 0.110900 0.110400 0.094900 0.098500 0.088100 0.107100 0.103700 0.124900 0.053500 0.013900 0.101400 0.053300 0.039800 0.093100 0.111400 0.113800 0.108500 0.115900 0.116800 0.114400 0.117300
Reindeer 0.114900 0.244900 0.112500 0.193600 0.101500 0.112500 0.111500 0.111200 0.115400 0.054300 0.105600 0.096900 0.094900 0.121800 0.101900 0.106300 0.087700 0.083000 0.109000 0.120000 0.112600 0.107700 0.049800 0.000000 0.108000 0.116600 0.087800 0.117800 0.113300 0.118100 0.052100 0.111500 0.111200 0.090200 0.099100 0.098700 0.102400 0.094000 0.125500 0.044800 0.040300 0.101900 0.063600 0.021000 0.091100 0.117200 0.114300 0.109100 0.111500 0.120200 0.117700 0.120600
Ibex 0.034600 0.242300 0.076200 0.208100 0.056100 0.032300 0.060800 0.070300 0.088900 0.114100 0.016200 0.071100 0.046900 0.070400 0.051500 0.060700 0.118700 0.124400 0.039100 0.083400 0.066200 0.030100 0.112600 0.108000 0.000000 0.072800 0.032800 0.086100 0.074800 0.083900 0.120100 0.058400 0.139700 0.035200 0.043600 0.063100 0.018400 0.053700 0.079300 0.104700 0.102400 0.056300 0.123700 0.099900 0.060800 0.075600 0.068200 0.068100 0.065800 0.104000 0.078700 0.086300
GyrantGaze 0.062700 0.269500 0.086900 0.212600 0.076500 0.060400 0.086300 0.038400 0.095000 0.112400 0.065700 0.084600 0.072700 0.095800 0.067400 0.034000 0.119500 0.122500 0.079000 0.083400 0.034300 0.070200 0.116000 0.116600 0.072800 0.000000 0.063100 0.086900 0.038400 0.089900 0.118300 0.083600 0.145500 0.065500 0.060000 0.076800 0.060500 0.074100 0.049700 0.113200 0.106000 0.015700 0.116800 0.103500 0.076700 0.076900 0.041000 0.074000 0.076800 0.112600 0.085700 0.082200
Hartebeest 0.039700 0.227900 0.061500 0.197200 0.046500 0.037400 0.051400 0.060600 0.074200 0.099200 0.030500 0.056700 0.013900 0.060800 0.042100 0.051300 0.103500 0.109100 0.044100 0.068600 0.056700 0.032700 0.092400 0.087800 0.032800 0.063100 0.000000 0.071300 0.065400 0.069300 0.099800 0.051200 0.124500 0.002300 0.034900 0.056300 0.028000 0.044000 0.069900 0.084700 0.082400 0.046700 0.103600 0.079900 0.051400 0.061200 0.058700 0.053400 0.056300 0.094300 0.066300 0.071400
Bongo 0.082900 0.263600 0.022700 0.215200 0.079800 0.080600 0.089800 0.089300 0.027500 0.113400 0.078800 0.065800 0.076000 0.091900 0.080500 0.075000 0.125800 0.128900 0.092300 0.020400 0.080700 0.088400 0.114500 0.117800 0.086100 0.086900 0.071300 0.000000 0.086800 0.022900 0.114200 0.084600 0.144100 0.073700 0.060700 0.060500 0.080900 0.082400 0.093700 0.104000 0.107200 0.075200 0.117800 0.104500 0.060500 0.075300 0.087500 0.097100 0.090000 0.113600 0.025100 0.020500
Gerenuk 0.071800 0.264200 0.086700 0.209100 0.078700 0.069500 0.083400 0.045200 0.094400 0.109200 0.067700 0.084100 0.069800 0.090700 0.069400 0.022400 0.118700 0.134800 0.081000 0.084100 0.036400 0.067400 0.112800 0.113300 0.074800 0.038400 0.065400 0.086800 0.000000 0.089500 0.115000 0.081000 0.142000 0.062900 0.062000 0.078700 0.067300 0.071500 0.058700 0.110000 0.102800 0.027100 0.118600 0.100300 0.069100 0.078900 0.043100 0.073800 0.074000 0.111900 0.086700 0.086900
CommonElan 0.083100 0.261400 0.023000 0.218800 0.077800 0.080800 0.087500 0.087400 0.018300 0.111200 0.076600 0.068400 0.073700 0.095000 0.078200 0.077700 0.118200 0.126700 0.090000 0.020500 0.078500 0.086100 0.112200 0.118100 0.083900 0.089900 0.069300 0.022900 0.089500 0.000000 0.111900 0.087500 0.141800 0.071700 0.063300 0.053500 0.078600 0.080400 0.091400 0.104300 0.110100 0.073200 0.115500 0.107300 0.063100 0.073100 0.085300 0.095200 0.087800 0.111400 0.020600 0.011400
MuntiacusR 0.121600 0.258900 0.114100 0.188700 0.113400 0.119300 0.113200 0.118000 0.117100 0.011400 0.112500 0.108900 0.099200 0.128500 0.108700 0.108000 0.102300 0.095100 0.115700 0.116400 0.111600 0.119700 0.044300 0.052100 0.120100 0.118300 0.099800 0.114200 0.115000 0.111900 0.000000 0.120800 0.117800 0.102300 0.100700 0.097900 0.114500 0.106000 0.122000 0.044300 0.039800 0.103600 0.020500 0.042000 0.103000 0.113700 0.116000 0.110700 0.126000 0.126700 0.114100 0.117000
HarveysDui 0.070000 0.256300 0.079500 0.213200 0.057300 0.067700 0.031600 0.081100 0.092500 0.117600 0.060900 0.074900 0.060600 0.036200 0.057900 0.067000 0.124700 0.133000 0.064700 0.086800 0.077400 0.060600 0.110900 0.111500 0.058400 0.083600 0.051200 0.084600 0.081000 0.087500 0.120800 0.000000 0.140200 0.053500 0.050600 0.072000 0.058200 0.059900 0.080600 0.108200 0.100900 0.067200 0.124400 0.103500 0.062400 0.069700 0.074400 0.071700 0.052900 0.115200 0.084500 0.089600
Pronghorn 0.136000 0.281500 0.138700 0.217700 0.114800 0.133700 0.145400 0.140000 0.144500 0.114600 0.137400 0.130700 0.123700 0.148000 0.128100 0.135000 0.124000 0.114000 0.137700 0.135800 0.141600 0.136700 0.110400 0.111200 0.139700 0.145500 0.124500 0.144100 0.142000 0.141800 0.117800 0.140200 0.000000 0.127000 0.125100 0.124600 0.134000 0.117400 0.154200 0.102800 0.111000 0.130700 0.116500 0.105700 0.114400 0.140600 0.127500 0.140400 0.134900 0.143800 0.138700 0.147000
BlueWildeb 0.042000 0.230700 0.063600 0.199800 0.048900 0.039700 0.053700 0.063000 0.076700 0.101600 0.032800 0.059000 0.016200 0.063100 0.044400 0.048800 0.105900 0.111600 0.046500 0.071000 0.059100 0.035100 0.094900 0.090200 0.035200 0.065500 0.002300 0.073700 0.062900 0.071700 0.102300 0.053500 0.127000 0.000000 0.037200 0.058600 0.030300 0.046500 0.072200 0.087100 0.084800 0.048800 0.106000 0.082300 0.053800 0.063600 0.061100 0.056000 0.058700 0.094200 0.068700 0.073800
Gemsbok 0.045800 0.229900 0.055900 0.199800 0.043600 0.043600 0.053000 0.062300 0.068200 0.095100 0.041900 0.058200 0.048800 0.062500 0.039100 0.052900 0.107000 0.107400 0.050400 0.063000 0.053400 0.045800 0.098500 0.099100 0.043600 0.060000 0.034900 0.060700 0.062000 0.063300 0.100700 0.050600 0.125100 0.037200 0.000000 0.053000 0.039300 0.046000 0.066500 0.090800 0.088600 0.048500 0.104400 0.091200 0.048300 0.053100 0.060200 0.055400 0.053100 0.092800 0.060700 0.060900
Yak 0.069800 0.244900 0.055700 0.204700 0.060100 0.067500 0.074400 0.074200 0.063100 0.092300 0.056000 0.045400 0.060700 0.081600 0.060400 0.064700 0.116900 0.109500 0.069600 0.058000 0.070200 0.065300 0.088100 0.098700 0.063100 0.076800 0.056300 0.060500 0.078700 0.053500 0.097900 0.072000 0.124600 0.058600 0.053000 0.000000 0.058100 0.057800 0.073600 0.090600 0.086000 0.060300 0.101600 0.088400 0.018000 0.069800 0.062500 0.072100 0.074500 0.104900 0.055700 0.060600
BlueSheep 0.029900 0.238400 0.071000 0.201500 0.051100 0.027600 0.060600 0.062800 0.083600 0.108600 0.016200 0.065900 0.042000 0.070200 0.046600 0.053300 0.107600 0.118700 0.034400 0.078200 0.058700 0.025400 0.107100 0.102400 0.018400 0.060500 0.028000 0.080900 0.067300 0.078600 0.114500 0.058200 0.134000 0.030300 0.039300 0.058100 0.000000 0.048800 0.071800 0.099200 0.097000 0.048900 0.118100 0.094400 0.055800 0.070500 0.060700 0.060700 0.060700 0.098600 0.073500 0.081000
BohorReedb 0.055700 0.242400 0.072600 0.202900 0.011300 0.053400 0.062400 0.071100 0.080400 0.100200 0.051400 0.063000 0.048800 0.076600 0.053300 0.062400 0.107000 0.115100 0.060100 0.074800 0.067900 0.056000 0.103700 0.094000 0.053700 0.074100 0.044000 0.082400 0.071500 0.080400 0.106000 0.059900 0.117400 0.046500 0.046000 0.057800 0.048800 0.000000 0.076000 0.088400 0.093700 0.057800 0.109600 0.091200 0.048300 0.067500 0.065000 0.057600 0.062600 0.100300 0.072600 0.082500
KirksDik 0.071500 0.278400 0.088700 0.213600 0.078300 0.069200 0.087800 0.054300 0.096400 0.116100 0.072200 0.086200 0.079100 0.097500 0.073900 0.045100 0.133500 0.141800 0.090200 0.086100 0.050200 0.071800 0.124900 0.125500 0.079300 0.049700 0.069900 0.093700 0.058700 0.091400 0.122000 0.080600 0.154200 0.072200 0.066500 0.073600 0.071800 0.076000 0.000000 0.117100 0.114800 0.033800 0.120500 0.112400 0.073500 0.083300 0.052100 0.075900 0.078400 0.126400 0.088700 0.091400
RoeDeer 0.103900 0.243500 0.098900 0.177700 0.095800 0.101500 0.108200 0.113000 0.101700 0.046400 0.102300 0.093700 0.086700 0.115900 0.093600 0.098000 0.092200 0.092600 0.098100 0.101200 0.109200 0.104400 0.053500 0.044800 0.104700 0.113200 0.084700 0.104000 0.110000 0.104300 0.044300 0.108200 0.102800 0.087100 0.090800 0.090600 0.099200 0.088400 0.117100 0.000000 0.047000 0.098600 0.050400 0.041700 0.088100 0.108700 0.105800 0.095700 0.110800 0.114200 0.098900 0.106800
WhiteLippe 0.109300 0.241800 0.107100 0.190600 0.101100 0.106900 0.106000 0.105700 0.110100 0.039300 0.095000 0.096800 0.086900 0.113600 0.091400 0.095800 0.087600 0.088000 0.103500 0.109400 0.096800 0.102100 0.013900 0.040300 0.102400 0.106000 0.082400 0.107200 0.102800 0.110100 0.039800 0.100900 0.111000 0.084800 0.088600 0.086000 0.097000 0.093700 0.114800 0.047000 0.000000 0.091400 0.048800 0.028000 0.086000 0.101400 0.103700 0.098500 0.108500 0.112200 0.107200 0.110000
ThomsonGaz 0.051100 0.252400 0.070300 0.196900 0.059900 0.048800 0.069800 0.027100 0.078200 0.097900 0.049200 0.068000 0.056100 0.079200 0.051000 0.018100 0.104700 0.112800 0.067400 0.067800 0.018300 0.053700 0.101400 0.101900 0.056300 0.015700 0.046700 0.075200 0.027100 0.073200 0.103600 0.067200 0.130700 0.048800 0.048500 0.060300 0.048900 0.057800 0.033800 0.098600 0.091400 0.000000 0.107300 0.088900 0.060300 0.065300 0.025000 0.057700 0.060400 0.098100 0.069800 0.075400
MuntiacusC 0.120100 0.268300 0.117700 0.192300 0.117100 0.117800 0.121900 0.116600 0.120700 0.013500 0.116200 0.112500 0.102900 0.126900 0.112400 0.106700 0.108600 0.101500 0.119300 0.115000 0.117900 0.118200 0.053300 0.063600 0.123700 0.116800 0.103600 0.117800 0.118600 0.115500 0.020500 0.124400 0.116500 0.106000 0.104400 0.101600 0.118100 0.109600 0.120500 0.050400 0.048800 0.107300 0.000000 0.053500 0.106700 0.117300 0.119600 0.109300 0.124400 0.138300 0.117800 0.120600
WhiteTaile 0.106700 0.241500 0.104400 0.184400 0.098600 0.104400 0.103400 0.098200 0.107300 0.044300 0.092400 0.089000 0.084400 0.113600 0.094000 0.093300 0.084900 0.082800 0.101000 0.106700 0.099400 0.099600 0.039800 0.021000 0.099900 0.103500 0.079900 0.104500 0.100300 0.107300 0.042000 0.103500 0.105700 0.082300 0.091200 0.088400 0.094400 0.091200 0.112400 0.041700 0.028000 0.088900 0.053500 0.000000 0.083300 0.104000 0.101200 0.101100 0.106000 0.112000 0.104400 0.107300
Cattle 0.067600 0.238400 0.055700 0.190600 0.055300 0.065300 0.069500 0.074200 0.067900 0.097300 0.058500 0.036600 0.060700 0.074300 0.055600 0.059900 0.109100 0.109500 0.064800 0.062700 0.070200 0.063100 0.093100 0.091100 0.060800 0.076700 0.051400 0.060500 0.069100 0.063100 0.103000 0.062400 0.114400 0.053800 0.048300 0.018000 0.055800 0.048300 0.073500 0.088100 0.086000 0.060300 0.106700 0.083300 0.000000 0.069800 0.062500 0.064900 0.064900 0.099800 0.060500 0.065400
RoyalAntel 0.077500 0.261400 0.070400 0.205700 0.065000 0.075200 0.079400 0.079200 0.075600 0.113000 0.068400 0.075100 0.070300 0.089100 0.062900 0.069600 0.125200 0.136300 0.086700 0.067800 0.070300 0.077800 0.111400 0.117200 0.075600 0.076900 0.061200 0.075300 0.078900 0.073100 0.113700 0.069700 0.140600 0.063600 0.053100 0.069800 0.070500 0.067500 0.083300 0.108700 0.101400 0.065300 0.117300 0.104000 0.069800 0.000000 0.076900 0.081900 0.078200 0.118300 0.070400 0.070600
Steenbok 0.065200 0.254400 0.082500 0.216600 0.067300 0.062900 0.076800 0.038600 0.085300 0.110100 0.061000 0.077500 0.062600 0.086500 0.062800 0.034000 0.117200 0.125400 0.074400 0.075000 0.034400 0.065500 0.113800 0.114300 0.068200 0.041000 0.058700 0.087500 0.043100 0.085300 0.116000 0.074400 0.127500 0.061100 0.060200 0.062500 0.060700 0.065000 0.052100 0.105800 0.103700 0.025000 0.119600 0.101200 0.062500 0.076900 0.000000 0.064800 0.067100 0.110300 0.077600 0.087700
Impala 0.070000 0.257000 0.082200 0.204700 0.067000 0.067700 0.069500 0.071500 0.095200 0.104900 0.065800 0.077400 0.063100 0.083700 0.050800 0.062300 0.109100 0.133200 0.069500 0.079600 0.067700 0.063100 0.108500 0.109100 0.068100 0.074000 0.053400 0.097100 0.073800 0.095200 0.110700 0.071700 0.140400 0.056000 0.055400 0.072100 0.060700 0.057600 0.075900 0.095700 0.098500 0.057700 0.109300 0.101100 0.064900 0.081900 0.064800 0.000000 0.077000 0.110100 0.087100 0.097300
Klipspring 0.062900 0.253800 0.085000 0.213400 0.060100 0.065400 0.064800 0.074300 0.092800 0.120100 0.063500 0.080000 0.065400 0.064800 0.065200 0.055300 0.129900 0.135600 0.072100 0.087300 0.065500 0.063200 0.115900 0.111500 0.065800 0.076800 0.056300 0.090000 0.074000 0.087800 0.126000 0.052900 0.134900 0.058700 0.053100 0.074500 0.060700 0.062600 0.078400 0.110800 0.108500 0.060400 0.124400 0.106000 0.064900 0.078200 0.067100 0.077000 0.000000 0.112900 0.090000 0.090200
ForestMusk 0.100700 0.263000 0.098300 0.226500 0.100200 0.103300 0.112500 0.112300 0.116600 0.123600 0.101700 0.108200 0.108900 0.117600 0.098100 0.104900 0.115100 0.128800 0.099800 0.105600 0.098400 0.106200 0.116800 0.120200 0.104000 0.112600 0.094300 0.113600 0.111900 0.111400 0.126700 0.115200 0.143800 0.094200 0.092800 0.104900 0.098600 0.100300 0.126400 0.114200 0.112200 0.098100 0.138300 0.112000 0.099800 0.118300 0.110300 0.110100 0.112900 0.000000 0.108500 0.111300
Bushbuck 0.080500 0.257300 0.025100 0.212400 0.070000 0.078200 0.084800 0.084400 0.020600 0.113400 0.071400 0.065800 0.071100 0.091900 0.075500 0.075000 0.117900 0.129000 0.089800 0.018100 0.075800 0.080900 0.114400 0.117700 0.078700 0.085700 0.066300 0.025100 0.086700 0.020600 0.114100 0.084500 0.138700 0.068700 0.060700 0.055700 0.073500 0.072600 0.088700 0.098900 0.107200 0.069800 0.117800 0.104400 0.060500 0.070400 0.077600 0.087100 0.090000 0.108500 0.000000 0.022800
GreaterKud 0.080600 0.261200 0.025200 0.218700 0.080000 0.078200 0.089900 0.089500 0.020600 0.116300 0.079000 0.070800 0.081100 0.097100 0.080600 0.080000 0.118100 0.126600 0.092400 0.022700 0.080900 0.088500 0.117300 0.120600 0.086300 0.082200 0.071400 0.020500 0.086900 0.011400 0.117000 0.089600 0.147000 0.073800 0.060900 0.060600 0.081000 0.082500 0.091400 0.106800 0.110000 0.075400 0.120600 0.107300 0.065400 0.070600 0.087700 0.097300 0.090200 0.111300 0.022800 0.000000
