1
52 1
Argali 0.000000 0.226700 0.054500 0.144600 0.035400 0.017400 0.044300 0.035200 0.064000 0.045000 0.017600 0.062600 0.044700 0.026300 0.044700 0.035600 0.099700 0.090000 0.026600 0.064200 0.035900 0.026400 0.054700 0.082700 0.053800 0.044500 0.035900 0.054500 0.026600 0.063600 0.045000 0.035500 0.130000 0.026400 0.035600 0.054300 0.017600 0.026400 0.035500 0.053900 0.045100 0.035500 0.045000 0.081900 0.054300 0.044900 0.044500 0.082100 0.036000 0.112300 0.064200 0.073400
LesserMous 0.226700 0.000000 0.252900 0.292600 0.249100 0.225000 0.259600 0.247100 0.265800 0.241300 0.226100 0.258100 0.238200 0.235800 0.238900 0.226800 0.257300 0.221100 0.227500 0.266700 0.228600 0.213400 0.254800 0.266200 0.225900 0.261300 0.249500 0.252900 0.239900 0.263700 0.241300 0.225500 0.323400 0.236600 0.251500 0.251500 0.250800 0.236700 0.249900 0.227100 0.241600 0.250200 0.241000 0.238400 0.251500 0.246700 0.237600 0.275200 0.239900 0.305200 0.266700 0.277700
LesserKudu 0.054500 0.252900 0.000000 0.144200 0.054200 0.072800 0.063300 0.053900 0.008600 0.064300 0.054100 0.062600 0.063700 0.044800 0.063700 0.054500 0.119700 0.109200 0.045400 0.008900 0.055100 0.044700 0.074400 0.083700 0.072900 0.063700 0.055000 0.000000 0.045400 0.008500 0.064300 0.054300 0.151100 0.042600 0.054400 0.035900 0.054600 0.044900 0.054400 0.054600 0.064500 0.073300 0.064400 0.082800 0.035900 0.045000 0.063700 0.102400 0.074200 0.133900 0.008900 0.017800
KillerWhal 0.144600 0.292600 0.144200 0.000000 0.143900 0.164400 0.154000 0.142900 0.155300 0.156100 0.144400 0.151700 0.134400 0.133200 0.155200 0.145000 0.182200 0.150100 0.134900 0.155900 0.124100 0.133400 0.167900 0.178300 0.165300 0.154700 0.146000 0.144200 0.134800 0.154100 0.156100 0.144200 0.217000 0.133400 0.145100 0.143800 0.145100 0.133500 0.144500 0.144800 0.156500 0.165800 0.156300 0.154900 0.143800 0.153400 0.133700 0.187700 0.167800 0.235400 0.155800 0.143900
DefassaWat 0.035400 0.249100 0.054200 0.143900 0.000000 0.053300 0.044000 0.039100 0.063700 0.044800 0.035300 0.062300 0.044500 0.026200 0.044500 0.035500 0.118400 0.108300 0.026500 0.063900 0.035800 0.026300 0.054400 0.082300 0.053500 0.044300 0.035700 0.054200 0.026500 0.063200 0.044800 0.035300 0.129200 0.026300 0.035400 0.054000 0.035400 0.026300 0.035300 0.053700 0.044900 0.053500 0.044800 0.081500 0.054000 0.044700 0.044300 0.081700 0.054200 0.111600 0.063900 0.073000
Sheep 0.017400 0.225000 0.072800 0.164400 0.053300 0.000000 0.062200 0.052900 0.082500 0.063200 0.017400 0.080800 0.062900 0.044000 0.044400 0.035400 0.118300 0.108300 0.044400 0.082700 0.054100 0.026200 0.073100 0.101400 0.053400 0.062500 0.054000 0.072800 0.044500 0.081900 0.063200 0.053400 0.149100 0.044100 0.053600 0.072600 0.035300 0.044100 0.053400 0.072100 0.063300 0.053500 0.063200 0.100400 0.072600 0.044600 0.062500 0.081500 0.054100 0.111400 0.082700 0.091900
MaxwellsDu 0.044300 0.259600 0.063300 0.154000 0.044000 0.062200 0.000000 0.043700 0.072800 0.053600 0.044200 0.071300 0.053400 0.034900 0.053400 0.044300 0.127700 0.117700 0.035400 0.073000 0.044700 0.035000 0.063400 0.091300 0.062500 0.053200 0.044600 0.063300 0.035300 0.072300 0.053600 0.044100 0.118600 0.035000 0.044300 0.063100 0.044500 0.035000 0.044200 0.044300 0.053800 0.062500 0.062100 0.071700 0.063100 0.044600 0.053200 0.090700 0.063300 0.101000 0.073100 0.082200
GazellaPrz 0.035200 0.247100 0.053900 0.142900 0.039100 0.052900 0.043700 0.000000 0.063300 0.049500 0.035100 0.061900 0.044200 0.026000 0.044200 0.026200 0.117600 0.107700 0.026400 0.063500 0.017600 0.026100 0.058000 0.088200 0.053200 0.029400 0.035500 0.053900 0.008700 0.062800 0.049500 0.035000 0.128400 0.026100 0.035200 0.053700 0.039200 0.029600 0.017400 0.059100 0.049200 0.035100 0.049200 0.087000 0.053700 0.044500 0.026100 0.081100 0.053800 0.111100 0.063500 0.072500
MountainNy 0.064000 0.265800 0.008600 0.155300 0.063700 0.082500 0.072800 0.063300 0.000000 0.074100 0.063600 0.072000 0.073300 0.054100 0.073300 0.064100 0.130000 0.119400 0.054900 0.017900 0.064700 0.054000 0.084400 0.093600 0.082600 0.073300 0.064600 0.008900 0.054800 0.017800 0.074100 0.063800 0.161800 0.054000 0.063900 0.045200 0.064200 0.054200 0.063900 0.064100 0.074200 0.083000 0.074100 0.092700 0.045200 0.054400 0.073300 0.112500 0.084100 0.144400 0.000000 0.008600
MuntiacusM 0.045000 0.241300 0.064300 0.156100 0.044800 0.063200 0.053600 0.049500 0.074100 0.000000 0.044800 0.072400 0.054300 0.035500 0.054300 0.045000 0.109900 0.099800 0.036000 0.074200 0.045400 0.035600 0.008900 0.036100 0.044900 0.054100 0.045400 0.064300 0.035900 0.073500 0.000000 0.026600 0.120700 0.035600 0.045000 0.064100 0.045000 0.035600 0.044900 0.026700 0.000100 0.063500 0.000100 0.035700 0.064100 0.054500 0.054000 0.092300 0.064200 0.083400 0.074300 0.083500
goat 0.017600 0.226100 0.054100 0.144400 0.035300 0.017400 0.044200 0.035100 0.063600 0.044800 0.000000 0.062200 0.044500 0.026300 0.026400 0.017600 0.118700 0.108700 0.026600 0.063800 0.035800 0.008700 0.054500 0.082500 0.035300 0.044400 0.035800 0.054100 0.026600 0.063100 0.044800 0.035400 0.129600 0.026200 0.035400 0.054000 0.017600 0.026300 0.035400 0.053800 0.045000 0.053700 0.044900 0.081700 0.054000 0.026600 0.044400 0.063000 0.054400 0.111900 0.064100 0.072900
AfricanBuf 0.062600 0.258100 0.062600 0.151700 0.062300 0.080800 0.071300 0.061900 0.072000 0.072400 0.062200 0.000000 0.053300 0.053000 0.053200 0.062700 0.127200 0.116700 0.053700 0.072200 0.044700 0.052900 0.082400 0.110900 0.080800 0.071600 0.063200 0.062400 0.053600 0.071500 0.072400 0.062400 0.098700 0.052900 0.062500 0.044100 0.062700 0.053100 0.062500 0.081400 0.072500 0.081200 0.072400 0.090600 0.044100 0.035200 0.053200 0.090800 0.072700 0.141200 0.072500 0.081200
Topi 0.044700 0.238200 0.063700 0.134400 0.044500 0.062900 0.053400 0.044200 0.073300 0.054300 0.044500 0.053300 0.000000 0.035300 0.053800 0.044800 0.109500 0.099500 0.035800 0.073500 0.026900 0.035300 0.064200 0.092500 0.062900 0.053800 0.026800 0.063700 0.035700 0.072800 0.054300 0.044600 0.120200 0.017500 0.044600 0.063500 0.044800 0.035400 0.044700 0.063300 0.054500 0.063200 0.054400 0.072500 0.063500 0.054200 0.035500 0.091800 0.064000 0.112000 0.073900 0.082700
CommonDuik 0.026300 0.235800 0.044800 0.133200 0.026200 0.044000 0.034900 0.026000 0.054100 0.035500 0.026300 0.053000 0.035300 0.000000 0.035300 0.026400 0.089400 0.098600 0.017500 0.054300 0.026600 0.017400 0.044900 0.072500 0.044200 0.035100 0.026600 0.044800 0.017500 0.053700 0.035500 0.008300 0.119000 0.017400 0.026400 0.044700 0.026500 0.017300 0.026300 0.044300 0.035600 0.044300 0.043900 0.071800 0.044700 0.035400 0.035100 0.072000 0.044800 0.101400 0.054300 0.063300
Suni 0.044700 0.238900 0.063700 0.155200 0.044500 0.044400 0.053400 0.044200 0.073300 0.054300 0.026400 0.053200 0.053800 0.035300 0.000000 0.026600 0.128900 0.118700 0.035800 0.073500 0.045200 0.016700 0.064100 0.092400 0.044500 0.053700 0.045100 0.063700 0.035700 0.072700 0.054300 0.044600 0.140000 0.035300 0.044600 0.044900 0.044800 0.035400 0.044600 0.063300 0.054400 0.063100 0.054300 0.091500 0.044900 0.017700 0.053800 0.072600 0.064000 0.122300 0.073800 0.082600
Springbuck 0.035600 0.226800 0.054500 0.145000 0.035500 0.035400 0.044300 0.026200 0.064100 0.045000 0.017600 0.062700 0.044800 0.026400 0.026600 0.000000 0.119200 0.109100 0.026700 0.064300 0.026800 0.008700 0.054700 0.082800 0.035600 0.035400 0.035900 0.054500 0.017700 0.063600 0.045000 0.035500 0.130200 0.026400 0.035700 0.054400 0.035700 0.026400 0.026500 0.054000 0.045200 0.044600 0.045100 0.082000 0.054400 0.026700 0.035400 0.063300 0.054600 0.112400 0.064300 0.073400
Okapi 0.099700 0.257300 0.119700 0.182200 0.118400 0.118300 0.127700 0.117600 0.130000 0.109900 0.118700 0.127200 0.109500 0.089400 0.128900 0.119200 0.000000 0.042500 0.109800 0.109200 0.100700 0.108600 0.120600 0.129700 0.118800 0.128400 0.120100 0.119700 0.109500 0.129100 0.109900 0.080400 0.116100 0.108600 0.109400 0.119400 0.119100 0.108600 0.118700 0.099700 0.110200 0.119000 0.110000 0.109000 0.119400 0.128200 0.089700 0.169200 0.100900 0.181400 0.130100 0.139800
Giraffe 0.090000 0.221100 0.109200 0.150100 0.108300 0.108300 0.117700 0.107700 0.119400 0.099800 0.108700 0.116700 0.099500 0.098600 0.118700 0.109100 0.042500 0.000000 0.099900 0.098900 0.090800 0.098800 0.110400 0.119400 0.108800 0.118200 0.110000 0.109200 0.099700 0.118500 0.099800 0.089500 0.125400 0.098800 0.109200 0.109000 0.109700 0.098700 0.108800 0.089900 0.100100 0.108900 0.108900 0.099000 0.109000 0.117600 0.099000 0.158300 0.110400 0.170200 0.119500 0.129200
TibetanAnt 0.026600 0.227500 0.045400 0.134900 0.026500 0.044400 0.035400 0.026400 0.054900 0.036000 0.026600 0.053700 0.035800 0.017500 0.035800 0.026700 0.109800 0.099900 0.000000 0.055000 0.026900 0.017600 0.045500 0.073500 0.044800 0.035600 0.026900 0.045400 0.017800 0.054500 0.036000 0.026600 0.120600 0.017600 0.026700 0.045300 0.026700 0.017600 0.026600 0.044900 0.036100 0.044800 0.036000 0.072800 0.045300 0.035900 0.035600 0.072900 0.045400 0.102800 0.055000 0.064200
Sitatunga 0.064200 0.266700 0.008900 0.155900 0.063900 0.082700 0.073000 0.063500 0.017900 0.074200 0.063800 0.072200 0.073500 0.054300 0.073500 0.064300 0.109200 0.098900 0.055000 0.000000 0.064900 0.054200 0.084600 0.093900 0.082900 0.073500 0.064800 0.008600 0.055000 0.017800 0.074200 0.064000 0.140000 0.054200 0.064000 0.045300 0.064300 0.054400 0.064100 0.064300 0.074400 0.083300 0.074300 0.093000 0.045300 0.054600 0.073500 0.112900 0.084400 0.144900 0.018100 0.027000
Oribi 0.035900 0.228600 0.055100 0.124100 0.035800 0.054100 0.044700 0.017600 0.064700 0.045400 0.035800 0.044700 0.026900 0.026600 0.045200 0.026800 0.100700 0.090800 0.026900 0.064900 0.000000 0.026700 0.055200 0.083600 0.054300 0.026700 0.036300 0.055100 0.008900 0.064200 0.045400 0.035800 0.111300 0.026700 0.036000 0.054900 0.036000 0.026600 0.017800 0.054500 0.045600 0.035900 0.045500 0.063700 0.054900 0.045400 0.008800 0.073400 0.055100 0.113500 0.064900 0.074100
BarbaryShe 0.026400 0.213400 0.044700 0.133400 0.026300 0.026200 0.035000 0.026100 0.054000 0.035600 0.008700 0.052900 0.035300 0.017400 0.016700 0.008700 0.108600 0.098800 0.017600 0.054200 0.026700 0.000000 0.045000 0.072700 0.026200 0.035200 0.026600 0.044700 0.017600 0.053600 0.035600 0.026300 0.119200 0.016800 0.026300 0.044600 0.026400 0.017400 0.026300 0.044400 0.035700 0.044400 0.035600 0.072000 0.044600 0.017600 0.035200 0.053600 0.044900 0.101600 0.054400 0.063200
Daviddeer 0.054700 0.254800 0.074400 0.167900 0.054400 0.073100 0.063400 0.058000 0.084400 0.008900 0.054500 0.082400 0.064200 0.044900 0.064100 0.054700 0.120600 0.110400 0.045500 0.084600 0.055200 0.045000 0.000000 0.054700 0.045200 0.063900 0.055100 0.074400 0.045500 0.083700 0.008900 0.035900 0.131700 0.045000 0.054700 0.074200 0.054700 0.045000 0.054500 0.045100 0.008900 0.073600 0.008900 0.054200 0.074200 0.064300 0.063900 0.102800 0.074400 0.093900 0.084500 0.093900
Reindeer 0.082700 0.266200 0.083700 0.178300 0.082300 0.101400 0.091300 0.088200 0.093600 0.036100 0.082500 0.110900 0.092500 0.072500 0.092400 0.082800 0.129700 0.119400 0.073500 0.093900 0.083600 0.072700 0.054700 0.000000 0.082500 0.092100 0.083500 0.083700 0.073400 0.092900 0.036100 0.063400 0.161600 0.072700 0.082800 0.083400 0.082800 0.072700 0.082500 0.044800 0.045100 0.102000 0.036100 0.035500 0.083400 0.092800 0.092100 0.132200 0.103300 0.123300 0.094000 0.103200
Ibex 0.053800 0.225900 0.072900 0.165300 0.053500 0.053400 0.062500 0.053200 0.082600 0.044900 0.035300 0.080800 0.062900 0.044200 0.044500 0.035600 0.118800 0.108800 0.044800 0.082900 0.054300 0.026200 0.045200 0.082500 0.000000 0.062800 0.054300 0.072900 0.044800 0.082000 0.044900 0.035400 0.129600 0.044200 0.053700 0.072700 0.053800 0.044300 0.053700 0.053800 0.045000 0.072300 0.044900 0.081700 0.072700 0.044800 0.062800 0.081900 0.073300 0.111900 0.083300 0.092000
GyrantGaze 0.044500 0.261300 0.063700 0.154700 0.044300 0.062500 0.053200 0.029400 0.073300 0.054100 0.044400 0.071600 0.053800 0.035100 0.053700 0.035400 0.128400 0.118200 0.035600 0.073500 0.026700 0.035200 0.063900 0.092100 0.062800 0.000000 0.044900 0.063700 0.017600 0.072700 0.054100 0.044400 0.139500 0.035200 0.044600 0.063400 0.044600 0.035200 0.026400 0.063000 0.054200 0.008700 0.054100 0.091200 0.063400 0.053900 0.035300 0.091300 0.063700 0.111800 0.073500 0.082600
Hartebeest 0.035900 0.249500 0.055000 0.146000 0.035700 0.054000 0.044600 0.035500 0.064600 0.045400 0.035800 0.063200 0.026800 0.026600 0.045100 0.035900 0.120100 0.110000 0.026900 0.064800 0.036300 0.026600 0.055100 0.083500 0.054300 0.044900 0.000000 0.055000 0.026900 0.064100 0.045400 0.035800 0.131100 0.008800 0.035900 0.054800 0.036000 0.026600 0.035800 0.054400 0.045500 0.054300 0.045400 0.082600 0.054800 0.045300 0.044900 0.073000 0.055000 0.113200 0.064800 0.074000
Bongo 0.054500 0.252900 0.000000 0.144200 0.054200 0.072800 0.063300 0.053900 0.008900 0.064300 0.054100 0.062400 0.063700 0.044800 0.063700 0.054500 0.119700 0.109200 0.045400 0.008600 0.055100 0.044700 0.074400 0.083700 0.072900 0.063700 0.055000 0.000000 0.045400 0.008800 0.064300 0.054300 0.151100 0.044700 0.054400 0.035900 0.054600 0.044900 0.054400 0.054600 0.064500 0.073300 0.064400 0.082800 0.035900 0.045000 0.063700 0.102400 0.074200 0.133900 0.008900 0.017800
Gerenuk 0.026600 0.239900 0.045400 0.134800 0.026500 0.044500 0.035300 0.008700 0.054800 0.035900 0.026600 0.053600 0.035700 0.017500 0.035700 0.017700 0.109500 0.099700 0.017800 0.055000 0.008900 0.017600 0.045500 0.073400 0.044800 0.017600 0.026900 0.045400 0.000000 0.054400 0.035900 0.026600 0.120400 0.017600 0.026700 0.045200 0.026700 0.017600 0.008800 0.044900 0.036000 0.026600 0.036000 0.072700 0.045200 0.035900 0.017600 0.072800 0.045300 0.102700 0.055000 0.064100
CommonElan 0.063600 0.263700 0.008500 0.154100 0.063200 0.081900 0.072300 0.062800 0.017800 0.073500 0.063100 0.071500 0.072800 0.053700 0.072700 0.063600 0.129100 0.118500 0.054500 0.017800 0.064200 0.053600 0.083700 0.092900 0.082000 0.072700 0.064100 0.008800 0.054400 0.000000 0.073500 0.063300 0.160600 0.053600 0.063400 0.044800 0.063700 0.053800 0.063400 0.063600 0.073700 0.082400 0.073500 0.092000 0.044800 0.054000 0.072700 0.111700 0.083500 0.143300 0.017900 0.026700
MuntiacusR 0.045000 0.241300 0.064300 0.156100 0.044800 0.063200 0.053600 0.049500 0.074100 0.000000 0.044800 0.072400 0.054300 0.035500 0.054300 0.045000 0.109900 0.099800 0.036000 0.074200 0.045400 0.035600 0.008900 0.036100 0.044900 0.054100 0.045400 0.064300 0.035900 0.073500 0.000000 0.026600 0.120700 0.035600 0.045000 0.064100 0.045000 0.035600 0.044900 0.026700 0.000100 0.063500 0.000100 0.035700 0.064100 0.054500 0.054000 0.092300 0.064200 0.083400 0.074300 0.083500
HarveysDui 0.035500 0.225500 0.054300 0.144200 0.035300 0.053400 0.044100 0.035000 0.063800 0.026600 0.035400 0.062400 0.044600 0.008300 0.044600 0.035500 0.080400 0.089500 0.026600 0.064000 0.035800 0.026300 0.035900 0.063400 0.035400 0.044400 0.035800 0.054300 0.026600 0.063300 0.026600 0.000000 0.109800 0.026300 0.035500 0.054100 0.035600 0.026300 0.035400 0.035500 0.026700 0.053600 0.034800 0.062800 0.054100 0.044700 0.044400 0.081800 0.054300 0.092200 0.064000 0.073100
Pronghorn 0.130000 0.323400 0.151100 0.217000 0.129200 0.149100 0.118600 0.128400 0.161800 0.120700 0.129600 0.098700 0.120200 0.119000 0.140000 0.130200 0.116100 0.125400 0.120600 0.140000 0.111300 0.119200 0.131700 0.161600 0.129600 0.139500 0.131100 0.151100 0.120400 0.160600 0.120700 0.109800 0.000000 0.119200 0.120000 0.150600 0.130000 0.119200 0.129600 0.129900 0.121000 0.150100 0.120800 0.139500 0.150600 0.139300 0.119600 0.160500 0.141700 0.172200 0.162200 0.150700
BlueWildeb 0.026400 0.236600 0.042600 0.133400 0.026300 0.044100 0.035000 0.026100 0.054000 0.035600 0.026200 0.052900 0.017500 0.017400 0.035300 0.026400 0.108600 0.098800 0.017600 0.054200 0.026700 0.016800 0.045000 0.072700 0.044200 0.035200 0.008800 0.044700 0.017600 0.053600 0.035600 0.026300 0.119200 0.000000 0.026300 0.044600 0.026400 0.017400 0.026300 0.044400 0.035700 0.044400 0.035600 0.072000 0.044600 0.035500 0.035200 0.072100 0.044900 0.101600 0.054400 0.063200
Gemsbok 0.035600 0.251500 0.054400 0.145100 0.035400 0.053600 0.044300 0.035200 0.063900 0.045000 0.035400 0.062500 0.044600 0.026400 0.044600 0.035700 0.109400 0.109200 0.026700 0.064000 0.036000 0.026300 0.054700 0.082800 0.053700 0.044600 0.035900 0.054400 0.026700 0.063400 0.045000 0.035500 0.120000 0.026300 0.000000 0.054200 0.035700 0.026400 0.035600 0.054000 0.045200 0.053900 0.045100 0.082100 0.054200 0.045000 0.044600 0.082200 0.054600 0.112400 0.064400 0.073200
Yak 0.054300 0.251500 0.035900 0.143800 0.054000 0.072600 0.063100 0.053700 0.045200 0.064100 0.054000 0.044100 0.063500 0.044700 0.044900 0.054400 0.119400 0.109000 0.045300 0.045300 0.054900 0.044600 0.074200 0.083400 0.072700 0.063400 0.054800 0.035900 0.045200 0.044800 0.064100 0.054100 0.150600 0.044600 0.054200 0.000000 0.054400 0.044700 0.054200 0.054400 0.064300 0.073000 0.064200 0.082600 0.000000 0.026700 0.063500 0.102000 0.074000 0.133300 0.045500 0.054300
BlueSheep 0.017600 0.250800 0.054600 0.145100 0.035400 0.035300 0.044500 0.039200 0.064200 0.045000 0.017600 0.062700 0.044800 0.026500 0.044800 0.035700 0.119100 0.109700 0.026700 0.064300 0.036000 0.026400 0.054700 0.082800 0.053800 0.044600 0.036000 0.054600 0.026700 0.063700 0.045000 0.035600 0.130000 0.026400 0.035700 0.054400 0.000000 0.026400 0.035600 0.054000 0.045200 0.053900 0.045100 0.082000 0.054400 0.044900 0.044600 0.082100 0.054600 0.112300 0.064400 0.073500
BohorReedb 0.026400 0.236700 0.044900 0.133500 0.026300 0.044100 0.035000 0.029600 0.054200 0.035600 0.026300 0.053100 0.035400 0.017300 0.035400 0.026400 0.108600 0.098700 0.017600 0.054400 0.026600 0.017400 0.045000 0.072700 0.044300 0.035200 0.026600 0.044900 0.017600 0.053800 0.035600 0.026300 0.119200 0.017400 0.026400 0.044700 0.026400 0.000000 0.026300 0.044400 0.035700 0.044300 0.035600 0.072000 0.044700 0.035500 0.035200 0.072100 0.044800 0.101700 0.054400 0.063400
KirksDik 0.035500 0.249900 0.054400 0.144500 0.035300 0.053400 0.044200 0.017400 0.063900 0.044900 0.035400 0.062500 0.044700 0.026300 0.044600 0.026500 0.118700 0.108800 0.026600 0.064100 0.017800 0.026300 0.054500 0.082500 0.053700 0.026400 0.035800 0.054400 0.008800 0.063400 0.044900 0.035400 0.129600 0.026300 0.035600 0.054200 0.035600 0.026300 0.000000 0.053800 0.045000 0.035500 0.044900 0.081700 0.054200 0.044800 0.026400 0.081900 0.054400 0.112000 0.064100 0.073200
RoeDeer 0.053900 0.227100 0.054600 0.144800 0.053700 0.072100 0.044300 0.059100 0.064100 0.026700 0.053800 0.081400 0.063300 0.044300 0.063300 0.054000 0.099700 0.089900 0.044900 0.064300 0.054500 0.044400 0.045100 0.044800 0.053800 0.063000 0.054400 0.054600 0.044900 0.063600 0.026700 0.035500 0.129900 0.044400 0.054000 0.054400 0.054000 0.044400 0.053800 0.000000 0.035600 0.072500 0.026800 0.044400 0.054400 0.063500 0.063000 0.101400 0.073500 0.092600 0.064300 0.073400
WhiteLippe 0.045100 0.241600 0.064500 0.156500 0.044900 0.063300 0.053800 0.049200 0.074200 0.000100 0.045000 0.072500 0.054500 0.035600 0.054400 0.045200 0.110200 0.100100 0.036100 0.074400 0.045600 0.035700 0.008900 0.045100 0.045000 0.054200 0.045500 0.064500 0.036000 0.073700 0.000100 0.026700 0.121000 0.035700 0.045200 0.064300 0.045200 0.035700 0.045000 0.035600 0.000000 0.063700 0.000000 0.044700 0.064300 0.054600 0.054200 0.092500 0.064500 0.083600 0.074500 0.083700
ThomsonGaz 0.035500 0.250200 0.073300 0.165800 0.053500 0.053500 0.062500 0.035100 0.083000 0.063500 0.053700 0.081200 0.063200 0.044300 0.063100 0.044600 0.119000 0.108900 0.044800 0.083300 0.035900 0.044400 0.073600 0.102000 0.072300 0.008700 0.054300 0.073300 0.026600 0.082400 0.063500 0.053600 0.150100 0.044400 0.053900 0.073000 0.053900 0.044300 0.035500 0.072500 0.063700 0.000000 0.063600 0.101000 0.073000 0.063400 0.044500 0.101200 0.054400 0.122100 0.083300 0.092500
MuntiacusC 0.045000 0.241000 0.064400 0.156300 0.044800 0.063200 0.062100 0.049200 0.074100 0.000100 0.044900 0.072400 0.054400 0.043900 0.054300 0.045100 0.110000 0.108900 0.036000 0.074300 0.045500 0.035600 0.008900 0.036100 0.044900 0.054100 0.045400 0.064400 0.036000 0.073500 0.000100 0.034800 0.120800 0.035600 0.045100 0.064200 0.045100 0.035600 0.044900 0.026800 0.000000 0.063600 0.000000 0.035700 0.064200 0.054500 0.054100 0.092400 0.064400 0.083500 0.074400 0.083600
WhiteTaile 0.081900 0.238400 0.082800 0.154900 0.081500 0.100400 0.071700 0.087000 0.092700 0.035700 0.081700 0.090600 0.072500 0.071800 0.091500 0.082000 0.109000 0.099000 0.072800 0.093000 0.063700 0.072000 0.054200 0.035500 0.081700 0.091200 0.082600 0.082800 0.072700 0.092000 0.035700 0.062800 0.139500 0.072000 0.082100 0.082600 0.082000 0.072000 0.081700 0.044400 0.044700 0.101000 0.035700 0.000000 0.082600 0.082500 0.072200 0.130800 0.102300 0.122100 0.093000 0.102200
Cattle 0.054300 0.251500 0.035900 0.143800 0.054000 0.072600 0.063100 0.053700 0.045200 0.064100 0.054000 0.044100 0.063500 0.044700 0.044900 0.054400 0.119400 0.109000 0.045300 0.045300 0.054900 0.044600 0.074200 0.083400 0.072700 0.063400 0.054800 0.035900 0.045200 0.044800 0.064100 0.054100 0.150600 0.044600 0.054200 0.000000 0.054400 0.044700 0.054200 0.054400 0.064300 0.073000 0.064200 0.082600 0.000000 0.026700 0.063500 0.102000 0.074000 0.133300 0.045500 0.054300
RoyalAntel 0.044900 0.246700 0.045000 0.153400 0.044700 0.044600 0.044600 0.044500 0.054400 0.054500 0.026600 0.035200 0.054200 0.035400 0.017700 0.026700 0.128200 0.117600 0.035900 0.054600 0.045400 0.017600 0.064300 0.092800 0.044800 0.053900 0.045300 0.045000 0.035900 0.054000 0.054500 0.044700 0.139300 0.035500 0.045000 0.026700 0.044900 0.035500 0.044800 0.063500 0.054600 0.063400 0.054500 0.082500 0.026700 0.000000 0.054000 0.072900 0.064300 0.122900 0.054600 0.063700
Steenbok 0.044500 0.237600 0.063700 0.133700 0.044300 0.062500 0.053200 0.026100 0.073300 0.054000 0.044400 0.053200 0.035500 0.035100 0.053800 0.035400 0.089700 0.099000 0.035600 0.073500 0.008800 0.035200 0.063900 0.092100 0.062800 0.035300 0.044900 0.063700 0.017600 0.072700 0.054000 0.044400 0.119600 0.035200 0.044600 0.063500 0.044600 0.035200 0.026400 0.063000 0.054200 0.044500 0.054100 0.072200 0.063500 0.054000 0.000000 0.091300 0.045000 0.121900 0.073600 0.082700
Impala 0.082100 0.275200 0.102400 0.187700 0.081700 0.081500 0.090700 0.081100 0.112500 0.092300 0.063000 0.090800 0.091800 0.072000 0.072600 0.063300 0.169200 0.158300 0.072900 0.112900 0.073400 0.053600 0.102800 0.132200 0.081900 0.091300 0.073000 0.102400 0.072800 0.111700 0.092300 0.081800 0.160500 0.072100 0.082200 0.102000 0.082100 0.072100 0.081900 0.101400 0.092500 0.101200 0.092400 0.130800 0.102000 0.072900 0.091300 0.000000 0.092500 0.163600 0.112900 0.122200
Klipspring 0.036000 0.239900 0.074200 0.167800 0.054200 0.054100 0.063300 0.053800 0.084100 0.064200 0.054400 0.072700 0.064000 0.044800 0.064000 0.054600 0.100900 0.110400 0.045400 0.084400 0.055100 0.044900 0.074400 0.103300 0.073300 0.063700 0.055000 0.074200 0.045300 0.083500 0.064200 0.054300 0.141700 0.044900 0.054600 0.074000 0.054600 0.044800 0.054400 0.073500 0.064500 0.054400 0.064400 0.102300 0.074000 0.064300 0.045000 0.092500 0.000000 0.134000 0.084400 0.093700
ForestMusk 0.112300 0.305200 0.133900 0.235400 0.111600 0.111400 0.101000 0.111100 0.144400 0.083400 0.111900 0.141200 0.112000 0.101400 0.122300 0.112400 0.181400 0.170200 0.102800 0.144900 0.113500 0.101600 0.093900 0.123300 0.111900 0.111800 0.113200 0.133900 0.102700 0.143300 0.083400 0.092200 0.172200 0.101600 0.112400 0.133300 0.112300 0.101700 0.112000 0.092600 0.083600 0.122100 0.083500 0.122100 0.133300 0.122900 0.121900 0.163600 0.134000 0.000000 0.145000 0.154500
Bushbuck 0.064200 0.266700 0.008900 0.155800 0.063900 0.082700 0.073100 0.063500 0.000000 0.074300 0.064100 0.072500 0.073900 0.054300 0.073800 0.064300 0.130100 0.119500 0.055000 0.018100 0.064900 0.054400 0.084500 0.094000 0.083300 0.073500 0.064800 0.008900 0.055000 0.017900 0.074300 0.064000 0.162200 0.054400 0.064400 0.045500 0.064400 0.054400 0.064100 0.064300 0.074500 0.083300 0.074400 0.093000 0.045500 0.054600 0.073600 0.112900 0.084400 0.145000 0.000000 0.008900
GreaterKud 0.073400 0.277700 0.017800 0.143900 0.073000 0.091900 0.082200 0.072500 0.008600 0.083500 0.072900 0.081200 0.082700 0.063300 0.082600 0.073400 0.139800 0.129200 0.064200 0.027000 0.074100 0.063200 0.093900 0.103200 0.092000 0.082600 0.074000 0.017800 0.064100 0.026700 0.083500 0.073100 0.150700 0.063200 0.073200 0.054300 0.073500 0.063400 0.073200 0.073400 0.083700 0.092500 0.083600 0.102200 0.054300 0.063700 0.082700 0.122200 0.093700 0.154500 0.008900 0.000000
