1
52 1
Argali 0.000000 0.362200 0.144400 0.364200 0.092900 0.000000 0.144500 0.092900 0.156600 0.203600 0.044600 0.092300 0.216700 0.092900 0.044900 0.045100 0.261200 0.200000 0.044600 0.144400 0.044600 0.092900 0.145800 0.204500 0.092900 0.044600 0.207100 0.144400 0.144200 0.144400 0.203600 0.044600 0.092600 0.207100 0.265200 0.092500 0.044600 0.144400 0.092500 0.201900 0.099900 0.044600 0.203600 0.206500 0.092500 0.092900 0.044600 0.147000 0.093600 0.146100 0.144400 0.144400
LesserMous 0.362200 0.000000 0.279300 0.399800 0.208100 0.362200 0.206200 0.208100 0.220100 0.146700 0.277400 0.431800 0.224500 0.208100 0.270500 0.277400 0.283000 0.209700 0.277400 0.279300 0.277400 0.208100 0.217000 0.147500 0.208100 0.277400 0.225100 0.279300 0.265400 0.279300 0.146700 0.277400 0.355900 0.225100 0.290600 0.274000 0.277400 0.279300 0.271600 0.291500 0.218300 0.277400 0.146700 0.155100 0.274000 0.208100 0.277400 0.148600 0.204700 0.139700 0.279300 0.279300
LesserKudu 0.144400 0.279300 0.000000 0.534800 0.044000 0.144400 0.091000 0.044000 0.000100 0.144400 0.090700 0.090100 0.152900 0.044000 0.091200 0.090700 0.196500 0.141700 0.090700 0.000000 0.091300 0.044000 0.199000 0.262200 0.044000 0.090700 0.146600 0.000000 0.090600 0.000000 0.144400 0.090700 0.043700 0.146600 0.199400 0.090800 0.090700 0.000000 0.141600 0.259400 0.153200 0.090700 0.144400 0.265400 0.090800 0.044000 0.090700 0.093000 0.044300 0.092500 0.000000 0.000000
KillerWhal 0.364200 0.399800 0.534800 0.000000 0.437900 0.364200 0.435800 0.437900 0.481100 0.371500 0.355900 0.350500 0.479300 0.437900 0.350800 0.355900 0.355300 0.443600 0.355900 0.534800 0.355900 0.437900 0.293200 0.230000 0.437900 0.355900 0.464200 0.534800 0.520800 0.534800 0.371500 0.355900 0.443900 0.464200 0.551800 0.346700 0.355900 0.534800 0.352200 0.371800 0.304000 0.355900 0.371500 0.233100 0.346700 0.437900 0.355900 0.373200 0.447900 0.367300 0.534800 0.534800
DefassaWat 0.092900 0.208100 0.044000 0.437900 0.000000 0.092900 0.044300 0.000000 0.047600 0.093400 0.043900 0.140900 0.098900 0.000000 0.044200 0.043900 0.142000 0.091700 0.045000 0.044000 0.045200 0.000000 0.143700 0.202000 0.000000 0.043900 0.095000 0.044000 0.043900 0.044000 0.093400 0.043900 0.090700 0.095000 0.145100 0.044100 0.043900 0.044000 0.091100 0.198000 0.098600 0.045100 0.093400 0.203900 0.044100 0.000000 0.043900 0.045300 0.000100 0.044900 0.044000 0.044000
Sheep 0.000000 0.362200 0.144400 0.364200 0.092900 0.000000 0.144500 0.092900 0.156600 0.203600 0.044600 0.092300 0.216700 0.092900 0.044900 0.044600 0.261200 0.200000 0.044600 0.144400 0.044600 0.092900 0.145800 0.204500 0.092900 0.044600 0.207100 0.144400 0.144200 0.144400 0.203600 0.045200 0.092600 0.207100 0.265200 0.092500 0.044600 0.144400 0.092500 0.201900 0.099900 0.044600 0.203600 0.206500 0.092500 0.092900 0.044600 0.147000 0.093600 0.146100 0.144400 0.144400
MaxwellsDu 0.144500 0.206200 0.091000 0.435800 0.044300 0.144500 0.000000 0.044300 0.098400 0.045100 0.090700 0.195600 0.153800 0.044300 0.091100 0.090700 0.196300 0.142200 0.090700 0.091000 0.090700 0.044300 0.092400 0.146200 0.044300 0.090700 0.147800 0.091000 0.090900 0.091000 0.045100 0.090700 0.141000 0.147800 0.200700 0.091200 0.090700 0.091000 0.043900 0.142700 0.047500 0.090700 0.045100 0.147300 0.091200 0.044300 0.090700 0.093400 0.044500 0.092800 0.091000 0.091000
GazellaPrz 0.092900 0.208100 0.044000 0.437900 0.000000 0.092900 0.044300 0.000000 0.047600 0.093400 0.044500 0.140900 0.098900 0.000000 0.044200 0.043900 0.142000 0.091700 0.043900 0.044000 0.043900 0.000000 0.143700 0.202000 0.000000 0.043900 0.095000 0.044000 0.043900 0.044800 0.093400 0.043900 0.090700 0.095000 0.145100 0.044100 0.043900 0.044000 0.091100 0.198000 0.098600 0.043900 0.093400 0.203900 0.044100 0.000000 0.043900 0.045300 0.000100 0.044900 0.044000 0.044000
MountainNy 0.156600 0.220100 0.000100 0.481100 0.047600 0.156600 0.098400 0.047600 0.000000 0.099400 0.098300 0.097400 0.165600 0.047600 0.098300 0.098300 0.152000 0.097500 0.098300 0.000100 0.098300 0.047600 0.154300 0.216300 0.047600 0.098300 0.159700 0.000100 0.097500 0.000100 0.099400 0.098300 0.047400 0.159700 0.153900 0.097900 0.098300 0.000100 0.152800 0.214600 0.203900 0.098300 0.099400 0.219900 0.097900 0.047600 0.098300 0.048100 0.047800 0.047800 0.000100 0.000100
MuntiacusM 0.203600 0.146700 0.144400 0.371500 0.093400 0.203600 0.045100 0.093400 0.099400 0.000000 0.143700 0.258200 0.217900 0.093400 0.144000 0.143700 0.145400 0.093800 0.143700 0.144400 0.143700 0.093400 0.046000 0.097900 0.093400 0.143700 0.210400 0.144400 0.143600 0.144400 0.000000 0.143700 0.199000 0.210400 0.148600 0.144100 0.143700 0.144400 0.092800 0.094800 0.048100 0.143700 0.000000 0.098500 0.144100 0.093400 0.143700 0.046500 0.094300 0.046200 0.144400 0.144400
goat 0.044600 0.277400 0.090700 0.355900 0.043900 0.044600 0.090700 0.044500 0.098300 0.143700 0.000000 0.090500 0.151900 0.044600 0.000100 0.000000 0.195500 0.141000 0.000000 0.090700 0.000000 0.043900 0.092100 0.145600 0.043900 0.000000 0.145600 0.090700 0.090000 0.090700 0.143700 0.000000 0.043900 0.145600 0.197900 0.090400 0.000000 0.090700 0.043800 0.143300 0.047200 0.000000 0.143700 0.146600 0.090400 0.043900 0.000000 0.092600 0.044200 0.092000 0.090700 0.090700
AfricanBuf 0.092300 0.431800 0.090100 0.350500 0.140900 0.092300 0.195600 0.140900 0.097400 0.258200 0.090500 0.000000 0.275200 0.140900 0.091000 0.090500 0.321900 0.253800 0.090500 0.090100 0.090500 0.140900 0.197800 0.259900 0.140900 0.090500 0.262200 0.090100 0.195600 0.090100 0.258200 0.090500 0.043800 0.262200 0.323400 0.089500 0.090500 0.090100 0.141300 0.260300 0.152000 0.090500 0.258200 0.263000 0.089500 0.140900 0.090500 0.198000 0.142200 0.196900 0.090100 0.090100
Topi 0.216700 0.224500 0.152900 0.479300 0.098900 0.216700 0.153800 0.098900 0.165600 0.217900 0.151900 0.275200 0.000000 0.098900 0.151500 0.151900 0.276700 0.213200 0.151900 0.152900 0.151900 0.098900 0.279600 0.217800 0.098900 0.151900 0.000100 0.152900 0.152200 0.152900 0.217900 0.151900 0.210300 0.000100 0.155300 0.153800 0.151900 0.152900 0.210500 0.346700 0.229800 0.151900 0.217900 0.221500 0.153800 0.098900 0.151900 0.157400 0.099600 0.155400 0.152900 0.152900
CommonDuik 0.092900 0.208100 0.044000 0.437900 0.000000 0.092900 0.044300 0.000000 0.047600 0.093400 0.044600 0.140900 0.098900 0.000000 0.044200 0.043900 0.142000 0.091700 0.043900 0.044000 0.043900 0.000000 0.143700 0.202000 0.000000 0.043900 0.095000 0.045100 0.043900 0.044000 0.093400 0.043900 0.090700 0.095000 0.145100 0.044100 0.043900 0.044000 0.091100 0.198000 0.098600 0.043900 0.093400 0.203900 0.044100 0.000000 0.043900 0.045300 0.000100 0.044900 0.044000 0.044000
Suni 0.044900 0.270500 0.091200 0.350800 0.044200 0.044900 0.091100 0.044200 0.098300 0.144000 0.000100 0.091000 0.151500 0.044200 0.000000 0.000100 0.195800 0.141400 0.000100 0.091200 0.000100 0.044200 0.092400 0.145000 0.044200 0.000100 0.146000 0.091200 0.090200 0.091200 0.144000 0.000100 0.044200 0.146000 0.198100 0.091000 0.000100 0.091200 0.043800 0.143500 0.047200 0.000100 0.144000 0.146700 0.091000 0.044200 0.000100 0.093000 0.044400 0.091900 0.091200 0.091200
Springbuck 0.045100 0.277400 0.090700 0.355900 0.043900 0.044600 0.090700 0.043900 0.098300 0.143700 0.000000 0.090500 0.151900 0.043900 0.000100 0.000000 0.195500 0.141000 0.000000 0.090700 0.000000 0.043900 0.092100 0.145600 0.043900 0.000000 0.145600 0.090700 0.090000 0.090700 0.143700 0.000000 0.043900 0.145600 0.197900 0.090400 0.000000 0.090700 0.043800 0.143300 0.047200 0.000000 0.143700 0.146600 0.090400 0.043900 0.000000 0.092600 0.044200 0.092000 0.090700 0.090700
Okapi 0.261200 0.283000 0.196500 0.355300 0.142000 0.261200 0.196300 0.142000 0.152000 0.145400 0.195500 0.321900 0.276700 0.142000 0.195800 0.195500 0.000000 0.044300 0.195500 0.196500 0.195500 0.142000 0.200600 0.267400 0.142000 0.195500 0.265600 0.196500 0.195500 0.196500 0.145400 0.195500 0.256000 0.265600 0.201400 0.196300 0.195500 0.196500 0.255200 0.261700 0.210100 0.195500 0.145400 0.268000 0.196300 0.142000 0.195500 0.093600 0.143400 0.093100 0.196500 0.196500
Giraffe 0.200000 0.209700 0.141700 0.443600 0.091700 0.200000 0.142200 0.091700 0.097500 0.093800 0.141000 0.253800 0.213200 0.091700 0.141400 0.141000 0.044300 0.000000 0.141000 0.141700 0.141000 0.091700 0.144400 0.204800 0.091700 0.141000 0.204800 0.141700 0.141400 0.141700 0.093800 0.141000 0.195100 0.204800 0.145900 0.142000 0.141000 0.141700 0.195600 0.199000 0.151400 0.141000 0.093800 0.205000 0.142000 0.091700 0.141000 0.046000 0.092400 0.045200 0.141700 0.141700
TibetanAnt 0.044600 0.277400 0.090700 0.355900 0.045000 0.044600 0.090700 0.043900 0.098300 0.143700 0.000000 0.090500 0.151900 0.043900 0.000100 0.000000 0.195500 0.141000 0.000000 0.090700 0.000000 0.043900 0.092100 0.145600 0.043900 0.000000 0.145600 0.090700 0.090000 0.090700 0.143700 0.000000 0.043900 0.145600 0.197900 0.090400 0.000000 0.090700 0.043800 0.143300 0.047200 0.000000 0.143700 0.146600 0.090400 0.043900 0.000000 0.092600 0.044200 0.092000 0.090700 0.090700
Sitatunga 0.144400 0.279300 0.000000 0.534800 0.044000 0.144400 0.091000 0.044000 0.000100 0.144400 0.090700 0.090100 0.152900 0.044000 0.091200 0.090700 0.196500 0.141700 0.090700 0.000000 0.090700 0.044000 0.199000 0.262200 0.044000 0.090700 0.146600 0.000000 0.090600 0.000000 0.144400 0.090700 0.044400 0.146600 0.199400 0.090800 0.090700 0.000000 0.141600 0.259400 0.153200 0.090700 0.144400 0.265400 0.090800 0.044000 0.090700 0.093000 0.044300 0.092500 0.000000 0.000000
Oribi 0.044600 0.277400 0.091300 0.355900 0.045200 0.044600 0.090700 0.043900 0.098300 0.143700 0.000000 0.090500 0.151900 0.043900 0.000100 0.000000 0.195500 0.141000 0.000000 0.090700 0.000000 0.043900 0.092100 0.145600 0.043900 0.000000 0.145600 0.090700 0.090000 0.090700 0.143700 0.000000 0.043900 0.145600 0.197900 0.090400 0.000000 0.090700 0.043800 0.143300 0.047200 0.000000 0.143700 0.146600 0.090400 0.043900 0.000000 0.092600 0.044200 0.092000 0.090700 0.090700
BarbaryShe 0.092900 0.208100 0.044000 0.437900 0.000000 0.092900 0.044300 0.000000 0.047600 0.093400 0.043900 0.140900 0.098900 0.000000 0.044200 0.043900 0.142000 0.091700 0.043900 0.044000 0.043900 0.000000 0.143700 0.202000 0.000000 0.044500 0.095000 0.044800 0.043900 0.044000 0.093400 0.043900 0.090700 0.095000 0.145100 0.044100 0.045100 0.045200 0.091100 0.198000 0.098600 0.044800 0.093400 0.203900 0.044800 0.000000 0.043900 0.045300 0.000100 0.044900 0.044000 0.044000
Daviddeer 0.145800 0.217000 0.199000 0.293200 0.143700 0.145800 0.092400 0.143700 0.154300 0.046000 0.092100 0.197800 0.279600 0.143700 0.092400 0.092100 0.200600 0.144400 0.092100 0.199000 0.092100 0.143700 0.000000 0.047100 0.143700 0.092100 0.269700 0.199000 0.197000 0.199000 0.046000 0.092100 0.143700 0.269700 0.203100 0.197800 0.092100 0.199000 0.044600 0.045900 0.000100 0.092100 0.046000 0.047400 0.197800 0.143700 0.092100 0.095400 0.145200 0.094800 0.199000 0.199000
Reindeer 0.204500 0.147500 0.262200 0.230000 0.202000 0.204500 0.146200 0.202000 0.216300 0.097900 0.145600 0.259900 0.217800 0.202000 0.145000 0.145600 0.267400 0.204800 0.145600 0.262200 0.145600 0.202000 0.047100 0.000000 0.202000 0.145600 0.212200 0.262200 0.257600 0.262200 0.097900 0.145600 0.202000 0.212200 0.268300 0.259700 0.145600 0.262200 0.093900 0.097500 0.048500 0.145600 0.097900 0.000100 0.259700 0.202000 0.145600 0.152000 0.203800 0.150400 0.262200 0.262200
Ibex 0.092900 0.208100 0.044000 0.437900 0.000000 0.092900 0.044300 0.000000 0.047600 0.093400 0.043900 0.140900 0.098900 0.000000 0.044200 0.043900 0.142000 0.091700 0.043900 0.044000 0.043900 0.000000 0.143700 0.202000 0.000000 0.043900 0.095000 0.044800 0.043900 0.044000 0.093400 0.045000 0.090700 0.095000 0.145100 0.044100 0.043900 0.044000 0.091100 0.198000 0.098600 0.044900 0.093400 0.203900 0.044100 0.000000 0.043900 0.046200 0.000100 0.044900 0.044000 0.044000
GyrantGaze 0.044600 0.277400 0.090700 0.355900 0.043900 0.044600 0.090700 0.043900 0.098300 0.143700 0.000000 0.090500 0.151900 0.043900 0.000100 0.000000 0.195500 0.141000 0.000000 0.090700 0.000000 0.044500 0.092100 0.145600 0.043900 0.000000 0.145600 0.090700 0.090000 0.090700 0.143700 0.000000 0.043900 0.145600 0.197900 0.090400 0.000000 0.090700 0.043800 0.143300 0.047200 0.000000 0.143700 0.146600 0.090400 0.043900 0.000000 0.092600 0.044200 0.092000 0.090700 0.090700
Hartebeest 0.207100 0.225100 0.146600 0.464200 0.095000 0.207100 0.147800 0.095000 0.159700 0.210400 0.145600 0.262200 0.000100 0.095000 0.146000 0.145600 0.265600 0.204800 0.145600 0.146600 0.145600 0.095000 0.269700 0.212200 0.095000 0.145600 0.000000 0.146600 0.146400 0.146600 0.210400 0.145600 0.201400 0.000000 0.149300 0.147000 0.145600 0.146600 0.203100 0.334200 0.222100 0.145600 0.210400 0.214400 0.147000 0.095000 0.145600 0.151800 0.095900 0.150800 0.146600 0.146600
Bongo 0.144400 0.279300 0.000000 0.534800 0.044000 0.144400 0.091000 0.044000 0.000100 0.144400 0.090700 0.090100 0.152900 0.045100 0.091200 0.090700 0.196500 0.141700 0.090700 0.000000 0.090700 0.044800 0.199000 0.262200 0.044800 0.090700 0.146600 0.000000 0.090600 0.000000 0.144400 0.090700 0.043700 0.146600 0.199400 0.090800 0.090700 0.000000 0.141600 0.259400 0.153200 0.090700 0.144400 0.265400 0.091500 0.044000 0.090700 0.093500 0.044300 0.092500 0.000000 0.000000
Gerenuk 0.144200 0.265400 0.090600 0.520800 0.043900 0.144200 0.090900 0.043900 0.097500 0.143600 0.090000 0.195600 0.152200 0.043900 0.090200 0.090000 0.195500 0.141400 0.090000 0.090600 0.090000 0.043900 0.197000 0.257600 0.043900 0.090000 0.146400 0.090600 0.000000 0.090600 0.143600 0.090000 0.140400 0.146400 0.200000 0.090900 0.090000 0.090600 0.140200 0.255400 0.151700 0.090000 0.143600 0.261800 0.090900 0.043900 0.090000 0.092400 0.043700 0.091100 0.090600 0.090600
CommonElan 0.144400 0.279300 0.000000 0.534800 0.044000 0.144400 0.091000 0.044800 0.000100 0.144400 0.090700 0.090100 0.152900 0.044000 0.091200 0.090700 0.196500 0.141700 0.090700 0.000000 0.090700 0.044000 0.199000 0.262200 0.044000 0.090700 0.146600 0.000000 0.090600 0.000000 0.144400 0.090700 0.043700 0.146600 0.199400 0.090800 0.090700 0.000000 0.141600 0.259400 0.153200 0.090700 0.144400 0.265400 0.090800 0.044000 0.090700 0.093000 0.044300 0.092500 0.000000 0.000000
MuntiacusR 0.203600 0.146700 0.144400 0.371500 0.093400 0.203600 0.045100 0.093400 0.099400 0.000000 0.143700 0.258200 0.217900 0.093400 0.144000 0.143700 0.145400 0.093800 0.143700 0.144400 0.143700 0.093400 0.046000 0.097900 0.093400 0.143700 0.210400 0.144400 0.143600 0.144400 0.000000 0.143700 0.199000 0.210400 0.148600 0.144100 0.143700 0.144400 0.092800 0.094800 0.048100 0.143700 0.000000 0.098500 0.144100 0.093400 0.143700 0.046500 0.094300 0.046200 0.144400 0.144400
HarveysDui 0.044600 0.277400 0.090700 0.355900 0.043900 0.045200 0.090700 0.043900 0.098300 0.143700 0.000000 0.090500 0.151900 0.043900 0.000100 0.000000 0.195500 0.141000 0.000000 0.090700 0.000000 0.043900 0.092100 0.145600 0.045000 0.000000 0.145600 0.090700 0.090000 0.090700 0.143700 0.000000 0.043900 0.145600 0.197900 0.090400 0.000000 0.090700 0.043800 0.143300 0.047200 0.000000 0.143700 0.146600 0.090400 0.043900 0.000000 0.092600 0.044200 0.092000 0.090700 0.092000
Pronghorn 0.092600 0.355900 0.043700 0.443900 0.090700 0.092600 0.141000 0.090700 0.047400 0.199000 0.043900 0.043800 0.210300 0.090700 0.044200 0.043900 0.256000 0.195100 0.043900 0.044400 0.043900 0.090700 0.143700 0.202000 0.090700 0.043900 0.201400 0.043700 0.140400 0.043700 0.199000 0.043900 0.000000 0.201400 0.257100 0.140900 0.043900 0.043700 0.091000 0.200600 0.098100 0.043900 0.199000 0.203900 0.140900 0.090700 0.043900 0.143800 0.091400 0.143000 0.043700 0.043700
BlueWildeb 0.207100 0.225100 0.146600 0.464200 0.095000 0.207100 0.147800 0.095000 0.159700 0.210400 0.145600 0.262200 0.000100 0.095000 0.146000 0.145600 0.265600 0.204800 0.145600 0.146600 0.145600 0.095000 0.269700 0.212200 0.095000 0.145600 0.000000 0.146600 0.146400 0.146600 0.210400 0.145600 0.201400 0.000000 0.149300 0.147000 0.145600 0.146600 0.203100 0.334200 0.222100 0.145600 0.210400 0.214400 0.147000 0.095000 0.145600 0.151800 0.095900 0.150800 0.146600 0.146600
Gemsbok 0.265200 0.290600 0.199400 0.551800 0.145100 0.265200 0.200700 0.145100 0.153900 0.148600 0.197900 0.323400 0.155300 0.145100 0.198100 0.197900 0.201400 0.145900 0.197900 0.199400 0.197900 0.145100 0.203100 0.268300 0.145100 0.197900 0.149300 0.199400 0.200000 0.199400 0.148600 0.197900 0.257100 0.149300 0.000000 0.200800 0.197900 0.199400 0.258700 0.262100 0.213400 0.197900 0.148600 0.271600 0.200800 0.145100 0.197900 0.095700 0.146600 0.095200 0.199400 0.199400
Yak 0.092500 0.274000 0.090800 0.346700 0.044100 0.092500 0.091200 0.044100 0.097900 0.144100 0.090400 0.089500 0.153800 0.044100 0.091000 0.090400 0.196300 0.142000 0.090400 0.090800 0.090400 0.044100 0.197800 0.259700 0.044100 0.090400 0.147000 0.090800 0.090900 0.090800 0.144100 0.090400 0.140900 0.147000 0.200800 0.000000 0.090400 0.090800 0.141300 0.256400 0.152500 0.090400 0.144100 0.262700 0.000000 0.044100 0.090400 0.092700 0.044400 0.092200 0.090800 0.090800
BlueSheep 0.044600 0.277400 0.090700 0.355900 0.043900 0.044600 0.090700 0.043900 0.098300 0.143700 0.000000 0.090500 0.151900 0.043900 0.000100 0.000000 0.195500 0.141000 0.000000 0.090700 0.000000 0.045100 0.092100 0.145600 0.043900 0.000000 0.145600 0.090700 0.090000 0.090700 0.143700 0.000000 0.043900 0.145600 0.197900 0.090400 0.000000 0.090700 0.043800 0.143300 0.047200 0.000000 0.143700 0.146600 0.090400 0.043900 0.000000 0.092600 0.044200 0.092000 0.090700 0.090700
BohorReedb 0.144400 0.279300 0.000000 0.534800 0.044000 0.144400 0.091000 0.044000 0.000100 0.144400 0.090700 0.090100 0.152900 0.044000 0.091200 0.090700 0.196500 0.141700 0.090700 0.000000 0.090700 0.045200 0.199000 0.262200 0.044000 0.090700 0.146600 0.000000 0.090600 0.000000 0.144400 0.090700 0.043700 0.146600 0.199400 0.090800 0.090700 0.000000 0.141600 0.259400 0.153200 0.090700 0.144400 0.265400 0.090800 0.044900 0.090700 0.093000 0.044300 0.092500 0.000000 0.000000
KirksDik 0.092500 0.271600 0.141600 0.352200 0.091100 0.092500 0.043900 0.091100 0.152800 0.092800 0.043800 0.141300 0.210500 0.091100 0.043800 0.043800 0.255200 0.195600 0.043800 0.141600 0.043800 0.091100 0.044600 0.093900 0.091100 0.043800 0.203100 0.141600 0.140200 0.141600 0.092800 0.043800 0.091000 0.203100 0.258700 0.141300 0.043800 0.141600 0.000000 0.092300 0.000300 0.043800 0.092800 0.094700 0.141300 0.091100 0.043800 0.144400 0.091400 0.142800 0.141600 0.141600
RoeDeer 0.201900 0.291500 0.259400 0.371800 0.198000 0.201900 0.142700 0.198000 0.214600 0.094800 0.143300 0.260300 0.346700 0.198000 0.143500 0.143300 0.261700 0.199000 0.143300 0.259400 0.143300 0.198000 0.045900 0.097500 0.198000 0.143300 0.334200 0.259400 0.255400 0.259400 0.094800 0.143300 0.200600 0.334200 0.262100 0.256400 0.143300 0.259400 0.092300 0.000000 0.047600 0.143300 0.094800 0.098100 0.256400 0.198000 0.143300 0.147700 0.200500 0.146900 0.259400 0.259400
WhiteLippe 0.099900 0.218300 0.153200 0.304000 0.098600 0.099900 0.047500 0.098600 0.203900 0.048100 0.047200 0.152000 0.229800 0.098600 0.047200 0.047200 0.210100 0.151400 0.047200 0.153200 0.047200 0.098600 0.000100 0.048500 0.098600 0.047200 0.222100 0.153200 0.151700 0.153200 0.048100 0.047200 0.098100 0.222100 0.213400 0.152500 0.047200 0.153200 0.000300 0.047600 0.000000 0.047200 0.048100 0.049100 0.152500 0.098600 0.047200 0.099600 0.099200 0.098800 0.153200 0.153200
ThomsonGaz 0.044600 0.277400 0.090700 0.355900 0.045100 0.044600 0.090700 0.043900 0.098300 0.143700 0.000000 0.090500 0.151900 0.043900 0.000100 0.000000 0.195500 0.141000 0.000000 0.090700 0.000000 0.044800 0.092100 0.145600 0.044900 0.000000 0.145600 0.090700 0.090000 0.090700 0.143700 0.000000 0.043900 0.145600 0.197900 0.090400 0.000000 0.090700 0.043800 0.143300 0.047200 0.000000 0.143700 0.146600 0.090400 0.043900 0.000000 0.092600 0.044200 0.092000 0.090700 0.090700
MuntiacusC 0.203600 0.146700 0.144400 0.371500 0.093400 0.203600 0.045100 0.093400 0.099400 0.000000 0.143700 0.258200 0.217900 0.093400 0.144000 0.143700 0.145400 0.093800 0.143700 0.144400 0.143700 0.093400 0.046000 0.097900 0.093400 0.143700 0.210400 0.144400 0.143600 0.144400 0.000000 0.143700 0.199000 0.210400 0.148600 0.144100 0.143700 0.144400 0.092800 0.094800 0.048100 0.143700 0.000000 0.098500 0.144100 0.093400 0.143700 0.046500 0.094300 0.046200 0.144400 0.144400
WhiteTaile 0.206500 0.155100 0.265400 0.233100 0.203900 0.206500 0.147300 0.203900 0.219900 0.098500 0.146600 0.263000 0.221500 0.203900 0.146700 0.146600 0.268000 0.205000 0.146600 0.265400 0.146600 0.203900 0.047400 0.000100 0.203900 0.146600 0.214400 0.265400 0.261800 0.265400 0.098500 0.146600 0.203900 0.214400 0.271600 0.262700 0.146600 0.265400 0.094700 0.098100 0.049100 0.146600 0.098500 0.000000 0.262700 0.203900 0.146600 0.153200 0.206700 0.152400 0.265400 0.265400
Cattle 0.092500 0.274000 0.090800 0.346700 0.044100 0.092500 0.091200 0.044100 0.097900 0.144100 0.090400 0.089500 0.153800 0.044100 0.091000 0.090400 0.196300 0.142000 0.090400 0.090800 0.090400 0.044800 0.197800 0.259700 0.044100 0.090400 0.147000 0.091500 0.090900 0.090800 0.144100 0.090400 0.140900 0.147000 0.200800 0.000000 0.090400 0.090800 0.141300 0.256400 0.152500 0.090400 0.144100 0.262700 0.000000 0.044100 0.090400 0.092700 0.044400 0.092200 0.090800 0.090800
RoyalAntel 0.092900 0.208100 0.044000 0.437900 0.000000 0.092900 0.044300 0.000000 0.047600 0.093400 0.043900 0.140900 0.098900 0.000000 0.044200 0.043900 0.142000 0.091700 0.043900 0.044000 0.043900 0.000000 0.143700 0.202000 0.000000 0.043900 0.095000 0.044000 0.043900 0.044000 0.093400 0.043900 0.090700 0.095000 0.145100 0.044100 0.043900 0.044900 0.091100 0.198000 0.098600 0.043900 0.093400 0.203900 0.044100 0.000000 0.043900 0.045800 0.000100 0.044900 0.044000 0.044000
Steenbok 0.044600 0.277400 0.090700 0.355900 0.043900 0.044600 0.090700 0.043900 0.098300 0.143700 0.000000 0.090500 0.151900 0.043900 0.000100 0.000000 0.195500 0.141000 0.000000 0.090700 0.000000 0.043900 0.092100 0.145600 0.043900 0.000000 0.145600 0.090700 0.090000 0.090700 0.143700 0.000000 0.043900 0.145600 0.197900 0.090400 0.000000 0.090700 0.043800 0.143300 0.047200 0.000000 0.143700 0.146600 0.090400 0.043900 0.000000 0.092600 0.044200 0.092000 0.090700 0.090700
Impala 0.147000 0.148600 0.093000 0.373200 0.045300 0.147000 0.093400 0.045300 0.048100 0.046500 0.092600 0.198000 0.157400 0.045300 0.093000 0.092600 0.093600 0.046000 0.092600 0.093000 0.092600 0.045300 0.095400 0.152000 0.046200 0.092600 0.151800 0.093500 0.092400 0.093000 0.046500 0.092600 0.143800 0.151800 0.095700 0.092700 0.092600 0.093000 0.144400 0.147700 0.099600 0.092600 0.046500 0.153200 0.092700 0.045800 0.092600 0.000000 0.045500 0.000100 0.093000 0.093000
Klipspring 0.093600 0.204700 0.044300 0.447900 0.000100 0.093600 0.044500 0.000100 0.047800 0.094300 0.044200 0.142200 0.099600 0.000100 0.044400 0.044200 0.143400 0.092400 0.044200 0.044300 0.044200 0.000100 0.145200 0.203800 0.000100 0.044200 0.095900 0.044300 0.043700 0.044300 0.094300 0.044200 0.091400 0.095900 0.146600 0.044400 0.044200 0.044300 0.091400 0.200500 0.099200 0.044200 0.094300 0.206700 0.044400 0.000100 0.044200 0.045500 0.000000 0.045000 0.044300 0.044300
ForestMusk 0.146100 0.139700 0.092500 0.367300 0.044900 0.146100 0.092800 0.044900 0.047800 0.046200 0.092000 0.196900 0.155400 0.044900 0.091900 0.092000 0.093100 0.045200 0.092000 0.092500 0.092000 0.044900 0.094800 0.150400 0.044900 0.092000 0.150800 0.092500 0.091100 0.092500 0.046200 0.092000 0.143000 0.150800 0.095200 0.092200 0.092000 0.092500 0.142800 0.146900 0.098800 0.092000 0.046200 0.152400 0.092200 0.044900 0.092000 0.000100 0.045000 0.000000 0.092500 0.092500
Bushbuck 0.144400 0.279300 0.000000 0.534800 0.044000 0.144400 0.091000 0.044000 0.000100 0.144400 0.090700 0.090100 0.152900 0.044000 0.091200 0.090700 0.196500 0.141700 0.090700 0.000000 0.090700 0.044000 0.199000 0.262200 0.044000 0.090700 0.146600 0.000000 0.090600 0.000000 0.144400 0.090700 0.043700 0.146600 0.199400 0.090800 0.090700 0.000000 0.141600 0.259400 0.153200 0.090700 0.144400 0.265400 0.090800 0.044000 0.090700 0.093000 0.044300 0.092500 0.000000 0.000000
GreaterKud 0.144400 0.279300 0.000000 0.534800 0.044000 0.144400 0.091000 0.044000 0.000100 0.144400 0.090700 0.090100 0.152900 0.044000 0.091200 0.090700 0.196500 0.141700 0.090700 0.000000 0.090700 0.044000 0.199000 0.262200 0.044000 0.090700 0.146600 0.000000 0.090600 0.000000 0.144400 0.092000 0.043700 0.146600 0.199400 0.090800 0.090700 0.000000 0.141600 0.259400 0.153200 0.090700 0.144400 0.265400 0.090800 0.044000 0.090700 0.093000 0.044300 0.092500 0.000000 0.000000
