1
52 1
Argali 0.000000 0.419400 0.139500 0.339400 0.089900 0.000000 0.053500 0.101500 0.139900 0.157500 0.017400 0.112000 0.079600 0.063100 0.113500 0.099600 0.233900 0.229200 0.035300 0.139100 0.081100 0.026400 0.150300 0.172400 0.017600 0.090600 0.105800 0.146500 0.124600 0.139300 0.159900 0.053700 0.270800 0.088100 0.079400 0.143500 0.026600 0.099600 0.143200 0.185000 0.129200 0.117600 0.159900 0.218400 0.155300 0.098700 0.106600 0.162200 0.072500 0.164800 0.138300 0.146700
LesserMous 0.419400 0.000000 0.440600 0.395000 0.480700 0.424800 0.428300 0.496600 0.400000 0.483000 0.449400 0.377600 0.459800 0.476000 0.416300 0.453700 0.420900 0.424700 0.421100 0.412200 0.470200 0.474200 0.463700 0.491300 0.459600 0.472400 0.463100 0.402800 0.479300 0.425500 0.460700 0.447000 0.458600 0.470100 0.485100 0.425800 0.469800 0.466700 0.493300 0.451500 0.420500 0.493700 0.460700 0.509700 0.445600 0.461000 0.469500 0.460100 0.462400 0.408500 0.421800 0.430300
LesserKudu 0.139500 0.440600 0.000000 0.367500 0.149500 0.140700 0.150600 0.131900 0.044000 0.190300 0.138600 0.142300 0.187600 0.151900 0.124000 0.160000 0.223500 0.186400 0.138500 0.052900 0.140500 0.130600 0.161300 0.183300 0.141200 0.140100 0.194900 0.051900 0.183900 0.043800 0.171200 0.141400 0.270600 0.196500 0.166600 0.155300 0.150100 0.160000 0.173100 0.195700 0.161900 0.168000 0.171700 0.217200 0.166400 0.168400 0.165600 0.141700 0.121500 0.204700 0.043500 0.052700
KillerWhal 0.339400 0.395000 0.367500 0.000000 0.402400 0.340800 0.356400 0.399900 0.370400 0.400400 0.351000 0.335500 0.409300 0.346800 0.354600 0.390200 0.385500 0.402100 0.376300 0.368000 0.392700 0.367000 0.394300 0.384500 0.357600 0.405500 0.415000 0.360900 0.389700 0.380200 0.380300 0.332600 0.432100 0.393600 0.407700 0.365100 0.367000 0.391000 0.372100 0.389300 0.370800 0.425000 0.380200 0.424300 0.381600 0.362100 0.382000 0.399000 0.384400 0.352600 0.377200 0.360600
DefassaWat 0.089900 0.480700 0.149500 0.402400 0.000000 0.090600 0.081200 0.091900 0.159700 0.178600 0.089400 0.111900 0.116800 0.082000 0.113400 0.079900 0.254400 0.216600 0.089700 0.158800 0.081000 0.072200 0.171800 0.172200 0.072200 0.062700 0.143400 0.146900 0.105800 0.159000 0.181400 0.072300 0.247000 0.125400 0.116600 0.163800 0.080700 0.061700 0.124100 0.184800 0.150300 0.089400 0.181400 0.216000 0.155100 0.098700 0.079200 0.171900 0.072800 0.216000 0.137800 0.166300
Sheep 0.000000 0.424800 0.140700 0.340800 0.090600 0.000000 0.053900 0.102400 0.141100 0.159000 0.017400 0.113000 0.080200 0.063600 0.114500 0.100400 0.234700 0.230000 0.035300 0.140300 0.081800 0.026500 0.150800 0.173900 0.017700 0.091300 0.106600 0.147700 0.125600 0.140500 0.161400 0.054200 0.273700 0.088800 0.080000 0.144700 0.026500 0.100400 0.144400 0.186800 0.130400 0.118600 0.161400 0.218400 0.156700 0.099500 0.107500 0.163600 0.073000 0.166300 0.139500 0.148000
MaxwellsDu 0.053500 0.428300 0.150600 0.356400 0.081200 0.053900 0.000000 0.092600 0.151000 0.169500 0.062200 0.103000 0.108300 0.036000 0.104500 0.090800 0.211700 0.219300 0.062500 0.150200 0.072300 0.054000 0.162500 0.184100 0.045300 0.081900 0.135000 0.157400 0.106200 0.150300 0.172100 0.027100 0.248100 0.117000 0.108000 0.154900 0.053700 0.090800 0.134700 0.197200 0.141000 0.109300 0.172100 0.228800 0.146100 0.071300 0.088400 0.142300 0.063700 0.196200 0.149200 0.157700
GazellaPrz 0.101500 0.496600 0.131900 0.399900 0.091900 0.102400 0.092600 0.000000 0.152900 0.194200 0.100900 0.124600 0.119300 0.074100 0.125900 0.101900 0.251100 0.223500 0.101300 0.152100 0.092400 0.073500 0.155800 0.208500 0.083800 0.082700 0.146700 0.159400 0.127000 0.152200 0.197300 0.083500 0.251900 0.128300 0.109300 0.178500 0.092600 0.101900 0.136300 0.222400 0.165200 0.110200 0.197300 0.255100 0.169600 0.091100 0.127800 0.186800 0.064400 0.188600 0.151100 0.159600
MountainNy 0.139900 0.400000 0.044000 0.370400 0.159700 0.141100 0.151000 0.152900 0.000000 0.202600 0.139000 0.153500 0.188100 0.152300 0.135000 0.170300 0.234400 0.208800 0.139100 0.026700 0.140900 0.151400 0.173400 0.195100 0.141600 0.161000 0.195300 0.025700 0.205200 0.017400 0.183400 0.131900 0.309600 0.197000 0.147100 0.155900 0.150500 0.170300 0.163900 0.185800 0.174000 0.189300 0.183400 0.229700 0.168200 0.168800 0.166000 0.152800 0.121800 0.218100 0.017600 0.026000
MuntiacusM 0.157500 0.483000 0.190300 0.400400 0.178600 0.159000 0.169500 0.194200 0.202600 0.000000 0.135700 0.182700 0.187100 0.171100 0.163300 0.190000 0.234400 0.195500 0.157200 0.201600 0.169200 0.148700 0.081600 0.097400 0.138300 0.180100 0.194500 0.208600 0.226500 0.201700 0.020000 0.159800 0.201000 0.196300 0.186500 0.219000 0.147800 0.190100 0.215400 0.108800 0.050500 0.210000 0.019700 0.118500 0.209900 0.166800 0.184500 0.204600 0.160100 0.162700 0.200200 0.209000
goat 0.017400 0.449400 0.138600 0.351000 0.089400 0.017400 0.062200 0.100900 0.139000 0.135700 0.000000 0.111300 0.079500 0.062800 0.112800 0.099000 0.243100 0.227700 0.034900 0.138300 0.080700 0.026300 0.128300 0.150900 0.017800 0.090300 0.105200 0.145600 0.133000 0.138400 0.137800 0.053400 0.280100 0.087600 0.079000 0.142600 0.026500 0.099000 0.123500 0.163000 0.107700 0.116900 0.137800 0.193600 0.154300 0.079700 0.116500 0.171100 0.072000 0.144400 0.137500 0.145900
AfricanBuf 0.112000 0.377600 0.142300 0.335500 0.111900 0.113000 0.103000 0.124600 0.153500 0.182700 0.111300 0.000000 0.120100 0.103900 0.086200 0.082800 0.203700 0.189000 0.111800 0.142700 0.102800 0.103300 0.153600 0.175900 0.093700 0.112800 0.147400 0.160000 0.137300 0.152800 0.163400 0.094000 0.252700 0.128900 0.119800 0.105100 0.102700 0.102200 0.157200 0.167200 0.132100 0.131000 0.163400 0.220700 0.096400 0.121700 0.139300 0.154800 0.094000 0.198000 0.151700 0.160300
Topi 0.079600 0.459800 0.187600 0.409300 0.116800 0.080200 0.108300 0.119300 0.188100 0.187100 0.079500 0.120100 0.000000 0.109200 0.141800 0.107500 0.252500 0.236200 0.079400 0.187200 0.108100 0.071100 0.180500 0.201200 0.062100 0.117700 0.025100 0.194000 0.160500 0.187300 0.189900 0.099300 0.302100 0.008400 0.069700 0.171900 0.070800 0.126700 0.170000 0.192700 0.159100 0.144700 0.189900 0.246000 0.163200 0.125600 0.142500 0.200900 0.099600 0.212700 0.186000 0.194300
CommonDuik 0.063100 0.476000 0.151900 0.346800 0.082000 0.063600 0.036000 0.074100 0.152300 0.171100 0.062800 0.103900 0.109200 0.000000 0.105400 0.091600 0.260900 0.244600 0.063000 0.151500 0.073000 0.054400 0.164000 0.185900 0.045300 0.082500 0.136200 0.158800 0.126300 0.151600 0.173700 0.026900 0.275100 0.118000 0.109000 0.156300 0.054200 0.091600 0.135800 0.199000 0.142300 0.109900 0.173700 0.231000 0.147400 0.090800 0.108100 0.164600 0.064200 0.177500 0.150500 0.159100
Suni 0.113500 0.416300 0.124000 0.354600 0.113400 0.114500 0.104500 0.125900 0.135000 0.163300 0.112800 0.086200 0.141800 0.105400 0.000000 0.103500 0.231000 0.192600 0.113300 0.113900 0.084400 0.104800 0.133900 0.136000 0.095000 0.094200 0.169800 0.140800 0.139000 0.134400 0.143800 0.095100 0.244600 0.150800 0.141500 0.127600 0.104100 0.103700 0.149900 0.169900 0.112400 0.102500 0.143800 0.179400 0.118500 0.122100 0.120400 0.115600 0.095300 0.201000 0.133400 0.142100
Springbuck 0.099600 0.453700 0.160000 0.390200 0.079900 0.100400 0.090800 0.101900 0.170300 0.190000 0.099000 0.082800 0.107500 0.091600 0.103500 0.000000 0.243500 0.227900 0.099400 0.169500 0.071800 0.081800 0.183300 0.204200 0.081800 0.035400 0.134000 0.176500 0.060200 0.169600 0.192900 0.081900 0.283100 0.116100 0.088500 0.153700 0.071900 0.070900 0.153000 0.195600 0.161600 0.061700 0.192900 0.249600 0.144900 0.108300 0.106500 0.182900 0.082000 0.205700 0.168400 0.176700
Okapi 0.233900 0.420900 0.223500 0.385500 0.254400 0.234700 0.211700 0.251100 0.234400 0.234400 0.243100 0.203700 0.252500 0.260900 0.231000 0.243500 0.000000 0.127800 0.267300 0.245800 0.257800 0.246700 0.190200 0.273000 0.248100 0.259000 0.282500 0.252100 0.281800 0.245900 0.214300 0.237400 0.248400 0.261900 0.250800 0.172100 0.257600 0.266900 0.293600 0.216600 0.181300 0.290200 0.214300 0.298300 0.185100 0.230300 0.248600 0.273100 0.225800 0.248600 0.244000 0.252600
Giraffe 0.229200 0.424700 0.186400 0.402100 0.216600 0.230000 0.219300 0.223500 0.208800 0.195500 0.227700 0.189000 0.236200 0.244600 0.192600 0.227900 0.127800 0.000000 0.251000 0.207800 0.241800 0.230900 0.175200 0.233300 0.232200 0.220200 0.243200 0.214600 0.266200 0.207900 0.175900 0.232700 0.268300 0.245300 0.235300 0.179800 0.241600 0.228300 0.287800 0.224000 0.166400 0.250200 0.175900 0.257200 0.192800 0.215200 0.234400 0.256800 0.210300 0.221900 0.206400 0.215000
TibetanAnt 0.035300 0.421100 0.138500 0.376300 0.089700 0.035300 0.062500 0.101300 0.139100 0.157200 0.034900 0.111800 0.079400 0.063000 0.113300 0.099400 0.267300 0.251000 0.000000 0.138400 0.081000 0.026400 0.150000 0.172000 0.017800 0.090400 0.105100 0.145700 0.133500 0.138600 0.159500 0.054200 0.257300 0.088000 0.079200 0.164100 0.026400 0.099400 0.142900 0.163200 0.129000 0.117400 0.159500 0.205400 0.155000 0.098500 0.115500 0.150900 0.072300 0.184300 0.137600 0.146000
Sitatunga 0.139100 0.412200 0.052900 0.368000 0.158800 0.140300 0.150200 0.152100 0.026700 0.201600 0.138300 0.142700 0.187200 0.151500 0.113900 0.169500 0.245800 0.207800 0.138400 0.000000 0.140200 0.150700 0.172500 0.194100 0.140800 0.160200 0.194300 0.034300 0.204100 0.026100 0.182400 0.141000 0.307900 0.196000 0.146100 0.155100 0.149800 0.170400 0.163000 0.184800 0.173000 0.167700 0.182400 0.228500 0.167300 0.167900 0.165200 0.152000 0.121200 0.227100 0.025900 0.034400
Oribi 0.081100 0.470200 0.140500 0.392700 0.081000 0.081800 0.072300 0.092400 0.140900 0.169200 0.080700 0.102800 0.108100 0.073000 0.084400 0.071800 0.257800 0.241800 0.081000 0.140200 0.000000 0.072500 0.162200 0.162800 0.063300 0.062900 0.135800 0.147500 0.106100 0.140300 0.171800 0.063400 0.271900 0.116700 0.089000 0.154600 0.053600 0.072200 0.125100 0.196900 0.140700 0.089700 0.171800 0.206400 0.145800 0.089900 0.070000 0.142200 0.063500 0.217000 0.139300 0.147800
BarbaryShe 0.026400 0.474200 0.130600 0.367000 0.072200 0.026500 0.054000 0.073500 0.151400 0.148700 0.026300 0.103300 0.071100 0.054400 0.104800 0.081800 0.246700 0.230900 0.026400 0.150700 0.072500 0.000000 0.140400 0.163800 0.008900 0.063100 0.097500 0.158000 0.106500 0.150800 0.151000 0.045100 0.249100 0.079800 0.071000 0.155400 0.017600 0.081800 0.135000 0.176400 0.120200 0.090100 0.151000 0.207700 0.146600 0.090300 0.107500 0.163700 0.063800 0.156100 0.149700 0.158200
Daviddeer 0.150300 0.463700 0.161300 0.394300 0.171800 0.150800 0.162500 0.155800 0.173400 0.081600 0.128300 0.153600 0.180500 0.164000 0.133900 0.183300 0.190200 0.175200 0.150000 0.172500 0.162200 0.140400 0.000000 0.110300 0.130800 0.173300 0.209900 0.180000 0.220500 0.172600 0.061600 0.152600 0.205500 0.189900 0.158100 0.189500 0.140400 0.183400 0.187200 0.111100 0.030700 0.203700 0.061600 0.132100 0.180100 0.151100 0.200200 0.198100 0.131000 0.165800 0.171300 0.180300
Reindeer 0.172400 0.491300 0.183300 0.384500 0.172200 0.173900 0.184100 0.208500 0.195100 0.097400 0.150900 0.175900 0.201200 0.185900 0.136000 0.204200 0.273000 0.233300 0.172000 0.194100 0.162800 0.163800 0.110300 0.000000 0.153700 0.194500 0.208300 0.180200 0.239500 0.194200 0.078400 0.174700 0.216700 0.210100 0.200600 0.210600 0.162900 0.182900 0.228700 0.125600 0.089500 0.223600 0.078400 0.036800 0.201700 0.181400 0.158000 0.175200 0.175100 0.197800 0.192800 0.201300
Ibex 0.017600 0.459600 0.141200 0.357600 0.072200 0.017700 0.045300 0.083800 0.141600 0.138300 0.017800 0.093700 0.062100 0.045300 0.095000 0.081800 0.248100 0.232200 0.017800 0.140800 0.063300 0.008900 0.130800 0.153700 0.000000 0.072700 0.088400 0.148200 0.116300 0.141000 0.140500 0.036000 0.262000 0.070800 0.062000 0.145300 0.008900 0.082000 0.125700 0.166500 0.109800 0.099900 0.140500 0.197200 0.136400 0.081100 0.098300 0.153600 0.054600 0.166800 0.141100 0.148500
GyrantGaze 0.090600 0.472400 0.140100 0.405500 0.062700 0.091300 0.081900 0.082700 0.161000 0.180100 0.090300 0.112800 0.117700 0.082500 0.094200 0.035400 0.259000 0.220200 0.090400 0.160200 0.062900 0.063100 0.173300 0.194500 0.072700 0.000000 0.144500 0.167300 0.043200 0.160300 0.182900 0.072800 0.259600 0.126400 0.098400 0.165200 0.062900 0.072100 0.144100 0.207800 0.151600 0.026100 0.182900 0.239700 0.156400 0.099300 0.079100 0.173400 0.073000 0.206000 0.159100 0.167500
Hartebeest 0.105800 0.463100 0.194900 0.415000 0.143400 0.106600 0.135000 0.146700 0.195300 0.194500 0.105200 0.147400 0.025100 0.136200 0.169800 0.134000 0.282500 0.243200 0.105100 0.194300 0.135800 0.097500 0.209900 0.208300 0.088400 0.144500 0.000000 0.201000 0.186900 0.194500 0.197400 0.126200 0.332800 0.033500 0.095000 0.200000 0.097000 0.153500 0.196600 0.221100 0.188300 0.171500 0.197400 0.252800 0.191500 0.152100 0.149800 0.208100 0.126400 0.240000 0.193100 0.201300
Bongo 0.146500 0.402800 0.051900 0.360900 0.146900 0.147700 0.157400 0.159400 0.025700 0.208600 0.145600 0.160000 0.194000 0.158800 0.140800 0.176500 0.252100 0.214600 0.145700 0.034300 0.147500 0.158000 0.180000 0.180200 0.148200 0.167300 0.201000 0.000000 0.210600 0.026200 0.190400 0.148400 0.289700 0.202600 0.153300 0.162500 0.157000 0.176500 0.179300 0.171200 0.180500 0.195000 0.189800 0.213500 0.174600 0.174900 0.152700 0.159300 0.129600 0.233600 0.026000 0.033700
Gerenuk 0.124600 0.479300 0.183900 0.389700 0.105800 0.125600 0.106200 0.127000 0.205200 0.226500 0.133000 0.137300 0.160500 0.126300 0.139000 0.060200 0.281800 0.266200 0.133500 0.204100 0.106100 0.106500 0.220500 0.239500 0.116300 0.043200 0.186900 0.210600 0.000000 0.204300 0.229900 0.117300 0.259500 0.169000 0.140900 0.210400 0.106100 0.078400 0.186400 0.253300 0.198700 0.068400 0.229900 0.285300 0.201900 0.104800 0.103000 0.196600 0.116700 0.228300 0.202800 0.210900
CommonElan 0.139300 0.425500 0.043800 0.380200 0.159000 0.140500 0.150300 0.152200 0.017400 0.201700 0.138400 0.152800 0.187300 0.151600 0.134400 0.169600 0.245900 0.207900 0.138600 0.026100 0.140300 0.150800 0.172600 0.194200 0.141000 0.160300 0.194500 0.026200 0.204300 0.000000 0.182600 0.141100 0.308100 0.196100 0.146200 0.155300 0.149900 0.169600 0.172700 0.185000 0.172700 0.188400 0.182600 0.228700 0.167500 0.168100 0.165400 0.151900 0.121300 0.227400 0.017600 0.025800
MuntiacusR 0.159900 0.460700 0.171200 0.380300 0.181400 0.161400 0.172100 0.197300 0.183400 0.020000 0.137800 0.163400 0.189900 0.173700 0.143800 0.192900 0.214300 0.175900 0.159500 0.182400 0.171800 0.151000 0.061600 0.078400 0.140500 0.182900 0.197400 0.190400 0.229900 0.182600 0.000000 0.162200 0.180900 0.199300 0.189400 0.199300 0.150000 0.193000 0.218600 0.089600 0.030800 0.213300 0.000000 0.099300 0.190000 0.169400 0.187800 0.185200 0.162600 0.144300 0.181100 0.190100
HarveysDui 0.053700 0.447000 0.141400 0.332600 0.072300 0.054200 0.027100 0.083500 0.131900 0.159800 0.053400 0.094000 0.099300 0.026900 0.095100 0.081900 0.237400 0.232700 0.054200 0.141000 0.063400 0.045100 0.152600 0.174700 0.036000 0.072800 0.126200 0.148400 0.117300 0.141100 0.162200 0.000000 0.262300 0.108100 0.099200 0.145500 0.044800 0.081900 0.106700 0.187600 0.130400 0.100800 0.162200 0.219200 0.136600 0.081200 0.098400 0.153800 0.054700 0.166400 0.140100 0.148600
Pronghorn 0.270800 0.458600 0.270600 0.432100 0.247000 0.273700 0.248100 0.251900 0.309600 0.201000 0.280100 0.252700 0.302100 0.275100 0.244600 0.283100 0.248400 0.268300 0.257300 0.307900 0.271900 0.249100 0.205500 0.216700 0.262000 0.259600 0.332800 0.289700 0.259500 0.308100 0.180900 0.262300 0.000000 0.311600 0.312700 0.292500 0.271700 0.259400 0.344100 0.207500 0.171300 0.290700 0.180900 0.240700 0.283500 0.268000 0.262400 0.287200 0.263100 0.271600 0.305500 0.314200
BlueWildeb 0.088100 0.470100 0.196500 0.393600 0.125400 0.088800 0.117000 0.128300 0.197000 0.196300 0.087600 0.128900 0.008400 0.118000 0.150800 0.116100 0.261900 0.245300 0.088000 0.196000 0.116700 0.079800 0.189900 0.210100 0.070800 0.126400 0.033500 0.202600 0.169000 0.196100 0.199300 0.108100 0.311600 0.000000 0.077700 0.180900 0.079400 0.135400 0.178500 0.201700 0.168400 0.153300 0.199300 0.255000 0.172300 0.135100 0.150900 0.209900 0.108300 0.221200 0.194700 0.202900
Gemsbok 0.079400 0.485100 0.166600 0.407700 0.116600 0.080000 0.108000 0.109300 0.147100 0.186500 0.079000 0.119800 0.069700 0.109000 0.141500 0.088500 0.250800 0.235300 0.079200 0.146100 0.089000 0.071000 0.158100 0.200600 0.062000 0.098400 0.095000 0.153300 0.140900 0.146200 0.189400 0.099200 0.312700 0.077700 0.000000 0.161800 0.052500 0.126400 0.150200 0.171000 0.158600 0.125100 0.189400 0.245200 0.153100 0.125300 0.123200 0.200300 0.080500 0.233100 0.145200 0.153500
Yak 0.143500 0.425800 0.155300 0.365100 0.163800 0.144700 0.154900 0.178500 0.155900 0.219000 0.142600 0.105100 0.171900 0.156300 0.127600 0.153700 0.172100 0.179800 0.164100 0.155100 0.154600 0.155400 0.189500 0.210600 0.145300 0.165200 0.200000 0.162500 0.210400 0.155300 0.199300 0.145500 0.292500 0.180900 0.161800 0.000000 0.154500 0.174800 0.220900 0.169600 0.166900 0.194200 0.199300 0.257600 0.009300 0.152200 0.170000 0.188600 0.145800 0.232500 0.154100 0.162800
BlueSheep 0.026600 0.469800 0.150100 0.367000 0.080700 0.026500 0.053700 0.092600 0.150500 0.147800 0.026500 0.102700 0.070800 0.054200 0.104100 0.071900 0.257600 0.241600 0.026400 0.149800 0.053600 0.017600 0.140400 0.162900 0.008900 0.062900 0.097000 0.157000 0.106100 0.149900 0.150000 0.044800 0.271700 0.079400 0.052500 0.154500 0.000000 0.090600 0.134300 0.175400 0.119400 0.089700 0.150000 0.206500 0.145700 0.089800 0.088300 0.162700 0.063500 0.175600 0.148800 0.157300
BohorReedb 0.099600 0.466700 0.160000 0.391000 0.061700 0.100400 0.090800 0.101900 0.170300 0.190100 0.099000 0.102200 0.126700 0.091600 0.103700 0.070900 0.266900 0.228300 0.099400 0.170400 0.072200 0.081800 0.183400 0.182900 0.082000 0.072100 0.153500 0.176500 0.078400 0.169600 0.193000 0.081900 0.259400 0.135400 0.126400 0.174800 0.090600 0.000000 0.152700 0.217700 0.161600 0.099100 0.193000 0.227300 0.166000 0.089500 0.088000 0.161900 0.082000 0.205800 0.168400 0.176800
KirksDik 0.143200 0.493300 0.173100 0.372100 0.124100 0.144400 0.134700 0.136300 0.163900 0.215400 0.123500 0.157200 0.170000 0.135800 0.149900 0.153000 0.293600 0.287800 0.142900 0.163000 0.125100 0.135000 0.187200 0.228700 0.125700 0.144100 0.196600 0.179300 0.186400 0.172700 0.218600 0.106700 0.344100 0.178500 0.150200 0.220900 0.134300 0.152700 0.000000 0.242300 0.187700 0.151500 0.218600 0.261900 0.212500 0.132700 0.168300 0.207100 0.107000 0.238900 0.171500 0.179600
RoeDeer 0.185000 0.451500 0.195700 0.389300 0.184800 0.186800 0.197200 0.222400 0.185800 0.108800 0.163000 0.167200 0.192700 0.199000 0.169900 0.195600 0.216600 0.224000 0.163200 0.184800 0.196900 0.176400 0.111100 0.125600 0.166500 0.207800 0.221100 0.171200 0.253300 0.185000 0.089600 0.187600 0.207500 0.201700 0.171000 0.169600 0.175400 0.217700 0.242300 0.000000 0.080100 0.237400 0.089600 0.136700 0.160600 0.194200 0.190700 0.209700 0.188000 0.210700 0.183600 0.171100
WhiteLippe 0.129200 0.420500 0.161900 0.370800 0.150300 0.130400 0.141000 0.165200 0.174000 0.050500 0.107700 0.132100 0.159100 0.142300 0.112400 0.161600 0.181300 0.166400 0.129000 0.173000 0.140700 0.120200 0.030700 0.089500 0.109800 0.151600 0.188300 0.180500 0.198700 0.172700 0.030800 0.130400 0.171300 0.168400 0.158600 0.166900 0.119400 0.161600 0.187700 0.080100 0.000000 0.181800 0.030500 0.110900 0.157500 0.138800 0.178600 0.175700 0.131400 0.135200 0.171800 0.180800
ThomsonGaz 0.117600 0.493700 0.168000 0.425000 0.089400 0.118600 0.109300 0.110200 0.189300 0.210000 0.116900 0.131000 0.144700 0.109900 0.102500 0.061700 0.290200 0.250200 0.117400 0.167700 0.089700 0.090100 0.203700 0.223600 0.099900 0.026100 0.171500 0.195000 0.068400 0.188400 0.213300 0.100800 0.290700 0.153300 0.125100 0.194200 0.089700 0.099100 0.151500 0.237400 0.181800 0.000000 0.213300 0.269600 0.185500 0.126800 0.106000 0.202200 0.100200 0.234000 0.187100 0.195300
MuntiacusC 0.159900 0.460700 0.171700 0.380200 0.181400 0.161400 0.172100 0.197300 0.183400 0.019700 0.137800 0.163400 0.189900 0.173700 0.143800 0.192900 0.214300 0.175900 0.159500 0.182400 0.171800 0.151000 0.061600 0.078400 0.140500 0.182900 0.197400 0.189800 0.229900 0.182600 0.000000 0.162200 0.180900 0.199300 0.189400 0.199300 0.150000 0.193000 0.218600 0.089600 0.030500 0.213300 0.000000 0.099300 0.190000 0.169400 0.187800 0.185200 0.162600 0.144300 0.181100 0.190100
WhiteTaile 0.218400 0.509700 0.217200 0.424300 0.216000 0.218400 0.228800 0.255100 0.229700 0.118500 0.193600 0.220700 0.246000 0.231000 0.179400 0.249600 0.298300 0.257200 0.205400 0.228500 0.206400 0.207700 0.132100 0.036800 0.197200 0.239700 0.252800 0.213500 0.285300 0.228700 0.099300 0.219200 0.240700 0.255000 0.245200 0.257600 0.206500 0.227300 0.261900 0.136700 0.110900 0.269600 0.099300 0.000000 0.248700 0.225400 0.200200 0.209300 0.219600 0.241700 0.227000 0.235500
Cattle 0.155300 0.445600 0.166400 0.381600 0.155100 0.156700 0.146100 0.169600 0.168200 0.209900 0.154300 0.096400 0.163200 0.147400 0.118500 0.144900 0.185100 0.192800 0.155000 0.167300 0.145800 0.146600 0.180100 0.201700 0.136400 0.156400 0.191500 0.174600 0.201900 0.167500 0.190000 0.136600 0.283500 0.172300 0.153100 0.009300 0.145700 0.166000 0.212500 0.160600 0.157500 0.185500 0.190000 0.248700 0.000000 0.143500 0.161500 0.179800 0.136900 0.245900 0.166200 0.174900
RoyalAntel 0.098700 0.461000 0.168400 0.362100 0.098700 0.099500 0.071300 0.091100 0.168800 0.166800 0.079700 0.121700 0.125600 0.090800 0.122100 0.108300 0.230300 0.215200 0.098500 0.167900 0.089900 0.090300 0.151100 0.181400 0.081100 0.099300 0.152100 0.174900 0.104800 0.168100 0.169400 0.081200 0.268000 0.135100 0.125300 0.152200 0.089800 0.089500 0.132700 0.194200 0.138800 0.126800 0.169400 0.225400 0.143500 0.000000 0.124300 0.181200 0.081300 0.214100 0.166900 0.175200
Steenbok 0.106600 0.469500 0.165600 0.382000 0.079200 0.107500 0.088400 0.127800 0.166000 0.184500 0.116500 0.139300 0.142500 0.108100 0.120400 0.106500 0.248600 0.234400 0.115500 0.165200 0.070000 0.107500 0.200200 0.158000 0.098300 0.079100 0.149800 0.152700 0.103000 0.165400 0.187800 0.098400 0.262400 0.150900 0.123200 0.170000 0.088300 0.088000 0.168300 0.190700 0.178600 0.106000 0.187800 0.200200 0.161500 0.124300 0.000000 0.137600 0.098600 0.252200 0.164200 0.172400
Impala 0.162200 0.460100 0.141700 0.399000 0.171900 0.163600 0.142300 0.186800 0.152800 0.204600 0.171100 0.154800 0.200900 0.164600 0.115600 0.182900 0.273100 0.256800 0.150900 0.152000 0.142200 0.163700 0.198100 0.175200 0.153600 0.173400 0.208100 0.159300 0.196600 0.151900 0.185200 0.153800 0.287200 0.209900 0.200300 0.188600 0.162700 0.161900 0.207100 0.209700 0.175700 0.202200 0.185200 0.209300 0.179800 0.181200 0.137600 0.000000 0.133700 0.261900 0.151000 0.159500
Klipspring 0.072500 0.462400 0.121500 0.384400 0.072800 0.073000 0.063700 0.064400 0.121800 0.160100 0.072000 0.094000 0.099600 0.064200 0.095300 0.082000 0.225800 0.210300 0.072300 0.121200 0.063500 0.063800 0.131000 0.175100 0.054600 0.073000 0.126400 0.129600 0.116700 0.121300 0.162600 0.054700 0.263100 0.108300 0.080500 0.145800 0.063500 0.082000 0.107000 0.188000 0.131400 0.100200 0.162600 0.219600 0.136900 0.081300 0.098600 0.133700 0.000000 0.208500 0.120400 0.128900
ForestMusk 0.164800 0.408500 0.204700 0.352600 0.216000 0.166300 0.196200 0.188600 0.218100 0.162700 0.144400 0.198000 0.212700 0.177500 0.201000 0.205700 0.248600 0.221900 0.184300 0.227100 0.217000 0.156100 0.165800 0.197800 0.166800 0.206000 0.240000 0.233600 0.228300 0.227400 0.144300 0.166400 0.271600 0.221200 0.233100 0.232500 0.175600 0.205800 0.238900 0.210700 0.135200 0.234000 0.144300 0.241700 0.245900 0.214100 0.252200 0.261900 0.208500 0.000000 0.225700 0.233900
Bushbuck 0.138300 0.421800 0.043500 0.377200 0.137800 0.139500 0.149200 0.151100 0.017600 0.200200 0.137500 0.151700 0.186000 0.150500 0.133400 0.168400 0.244000 0.206400 0.137600 0.025900 0.139300 0.149700 0.171300 0.192800 0.141100 0.159100 0.193100 0.026000 0.202800 0.017600 0.181100 0.140100 0.305500 0.194700 0.145200 0.154100 0.148800 0.168400 0.171500 0.183600 0.171800 0.187100 0.181100 0.227000 0.166200 0.166900 0.164200 0.151000 0.120400 0.225700 0.000000 0.026000
GreaterKud 0.146700 0.430300 0.052700 0.360600 0.166300 0.148000 0.157700 0.159600 0.026000 0.209000 0.145900 0.160300 0.194300 0.159100 0.142100 0.176700 0.252600 0.215000 0.146000 0.034400 0.147800 0.158200 0.180300 0.201300 0.148500 0.167500 0.201300 0.033700 0.210900 0.025800 0.190100 0.148600 0.314200 0.202900 0.153500 0.162800 0.157300 0.176800 0.179600 0.171100 0.180800 0.195300 0.190100 0.235500 0.174900 0.175200 0.172400 0.159500 0.128900 0.233900 0.026000 0.000000
