1
52 1
Argali 0.000000 0.167800 0.064500 0.112400 0.017800 0.008800 0.036000 0.073000 0.045600 0.104000 0.017200 0.045300 0.071100 0.008800 0.045500 0.053800 0.102200 0.045600 0.061500 0.045600 0.054400 0.026800 0.154400 0.104300 0.036000 0.053900 0.026800 0.045600 0.053900 0.036200 0.104000 0.008800 0.055000 0.026800 0.062000 0.091100 0.026800 0.017800 0.035800 0.084700 0.094500 0.044500 0.104100 0.093900 0.045400 0.026800 0.064000 0.026800 0.027000 0.073900 0.081200 0.045600
LesserMous 0.167800 0.000000 0.170400 0.211100 0.147200 0.157200 0.169000 0.210900 0.148500 0.170300 0.146700 0.157800 0.211300 0.157700 0.159200 0.165800 0.202800 0.159700 0.199500 0.148700 0.168000 0.158100 0.237100 0.205100 0.165900 0.187800 0.157600 0.148700 0.187800 0.159200 0.170300 0.157700 0.170300 0.157600 0.200400 0.212400 0.147000 0.147200 0.189400 0.182600 0.171100 0.176400 0.170400 0.192400 0.158400 0.157600 0.201800 0.179500 0.158900 0.147600 0.213400 0.148700
LesserKudu 0.064500 0.170400 0.000000 0.144600 0.045900 0.055100 0.084300 0.103200 0.036700 0.115800 0.045700 0.055400 0.102100 0.055200 0.055800 0.083000 0.114100 0.055900 0.091800 0.018100 0.064700 0.055400 0.167700 0.116200 0.065000 0.083200 0.055200 0.018100 0.083200 0.027300 0.115800 0.055200 0.075200 0.055200 0.092600 0.102600 0.036400 0.045900 0.083800 0.096000 0.106200 0.073300 0.115900 0.105400 0.055500 0.055200 0.094100 0.074400 0.055600 0.084800 0.072600 0.018100
KillerWhal 0.112400 0.211100 0.144600 0.000000 0.113100 0.102600 0.133200 0.174800 0.123900 0.156600 0.112800 0.123500 0.164000 0.102800 0.124000 0.131700 0.177600 0.124400 0.153000 0.124100 0.133200 0.123400 0.211600 0.168000 0.133900 0.152500 0.123000 0.124100 0.152500 0.113500 0.156600 0.102800 0.114400 0.123000 0.153700 0.164500 0.123000 0.113100 0.132900 0.146700 0.157400 0.141600 0.156800 0.156700 0.123500 0.103000 0.144400 0.102800 0.123800 0.155200 0.153900 0.124100
DefassaWat 0.017800 0.147200 0.045900 0.113100 0.000000 0.008900 0.036100 0.054300 0.027200 0.084700 0.000000 0.027000 0.052000 0.008600 0.027200 0.035700 0.082500 0.027300 0.042000 0.027300 0.036000 0.008900 0.134200 0.085000 0.018000 0.035800 0.008900 0.027300 0.035800 0.036400 0.084700 0.008900 0.055500 0.008600 0.043000 0.071800 0.008900 0.000000 0.035900 0.065600 0.075300 0.026600 0.084800 0.074800 0.027100 0.008900 0.045400 0.027000 0.008600 0.055200 0.082000 0.027300
Sheep 0.008800 0.157200 0.055100 0.102600 0.008900 0.000000 0.026900 0.063600 0.036300 0.094200 0.008800 0.036100 0.061400 0.000000 0.036300 0.044700 0.092100 0.036400 0.051800 0.036400 0.045200 0.017800 0.144000 0.094500 0.026900 0.044800 0.017800 0.036400 0.044800 0.027000 0.094200 0.000000 0.045700 0.017800 0.052400 0.081300 0.017800 0.008900 0.026700 0.075000 0.084800 0.035500 0.094300 0.084300 0.036200 0.017800 0.054700 0.017800 0.017900 0.064500 0.071400 0.036400
MaxwellsDu 0.036000 0.169000 0.084300 0.133200 0.036100 0.026900 0.000000 0.092300 0.064900 0.125000 0.036100 0.064200 0.091600 0.026900 0.055200 0.072900 0.123800 0.065000 0.081400 0.064900 0.073500 0.045600 0.177300 0.125400 0.055000 0.073000 0.045300 0.064900 0.073000 0.055100 0.125000 0.026900 0.074600 0.045300 0.082300 0.112100 0.045500 0.036100 0.054300 0.105200 0.115400 0.063300 0.125100 0.114600 0.064500 0.045400 0.083300 0.036100 0.045600 0.093900 0.102100 0.064900
GazellaPrz 0.073000 0.210900 0.103200 0.174800 0.054300 0.063600 0.092300 0.000000 0.083500 0.145300 0.054300 0.063900 0.101100 0.063600 0.083600 0.035500 0.133800 0.083900 0.090900 0.083600 0.035800 0.064000 0.188000 0.145800 0.073600 0.017600 0.063500 0.083600 0.017600 0.093200 0.145300 0.063600 0.114000 0.063500 0.091700 0.101400 0.063800 0.054300 0.050600 0.125000 0.135400 0.026500 0.145500 0.114400 0.064000 0.063700 0.063900 0.082900 0.063900 0.113300 0.132500 0.083600
MountainNy 0.045600 0.148500 0.036700 0.123900 0.027200 0.036300 0.064900 0.083500 0.000000 0.095500 0.027200 0.036500 0.081900 0.036400 0.036800 0.063900 0.093300 0.036900 0.071700 0.018200 0.045700 0.036500 0.145900 0.095800 0.045900 0.064000 0.036400 0.018200 0.064000 0.027300 0.095500 0.036400 0.065600 0.036400 0.072600 0.082200 0.018000 0.027200 0.064500 0.076000 0.085900 0.054400 0.095600 0.085400 0.036600 0.036400 0.074500 0.055200 0.036700 0.065300 0.072700 0.018200
MuntiacusM 0.104000 0.170300 0.115800 0.156600 0.084700 0.094200 0.125000 0.145300 0.095500 0.000000 0.084500 0.095000 0.144600 0.094500 0.075400 0.123300 0.135900 0.095800 0.133800 0.095500 0.104600 0.084100 0.061500 0.036600 0.104900 0.123700 0.094400 0.095500 0.123700 0.105400 0.000000 0.094500 0.065800 0.094400 0.134400 0.145300 0.094500 0.084700 0.124600 0.046000 0.009000 0.113100 0.000000 0.027200 0.095000 0.094400 0.115100 0.094500 0.095100 0.105300 0.156700 0.095500
goat 0.017200 0.146700 0.045700 0.112800 0.000000 0.008800 0.036100 0.054300 0.027200 0.084500 0.000000 0.027000 0.051700 0.008900 0.027100 0.035600 0.082100 0.027200 0.042100 0.027200 0.036000 0.008900 0.133700 0.084800 0.017900 0.035700 0.008900 0.027200 0.035700 0.036400 0.084500 0.008900 0.055300 0.008900 0.042700 0.071400 0.008500 0.000000 0.035900 0.065400 0.075100 0.026500 0.084600 0.074700 0.027000 0.008900 0.045400 0.026900 0.008900 0.055100 0.081700 0.027200
AfricanBuf 0.045300 0.157800 0.055400 0.123500 0.027000 0.036100 0.064200 0.063900 0.036500 0.095000 0.027000 0.000000 0.081600 0.036100 0.036500 0.044900 0.093000 0.036600 0.071500 0.036600 0.026900 0.036300 0.145400 0.095300 0.045600 0.045000 0.036100 0.036600 0.045000 0.045800 0.095000 0.035200 0.065200 0.036100 0.072400 0.062000 0.036200 0.027000 0.045200 0.075500 0.085400 0.035700 0.095100 0.084900 0.018000 0.036200 0.054800 0.054800 0.036300 0.045900 0.092300 0.036600
Topi 0.071100 0.211300 0.102100 0.164000 0.052000 0.061400 0.091600 0.101100 0.081900 0.144600 0.051700 0.081600 0.000000 0.061700 0.081900 0.080200 0.045700 0.081900 0.008800 0.082000 0.081300 0.061700 0.093300 0.123800 0.071700 0.080500 0.042200 0.082000 0.080500 0.091900 0.144600 0.061700 0.112700 0.042200 0.008800 0.036000 0.061600 0.052000 0.081300 0.124300 0.134700 0.070100 0.144600 0.123600 0.081600 0.061300 0.091800 0.081200 0.062100 0.112100 0.045200 0.082000
CommonDuik 0.008800 0.157700 0.055200 0.102800 0.008600 0.000000 0.026900 0.063600 0.036400 0.094500 0.008900 0.036100 0.061700 0.000000 0.036400 0.044800 0.092500 0.036500 0.051700 0.036400 0.045100 0.017900 0.144500 0.094800 0.027000 0.044900 0.017800 0.036400 0.044900 0.027100 0.094500 0.000000 0.045800 0.017800 0.052700 0.081600 0.017900 0.008700 0.026700 0.075200 0.085000 0.035600 0.094600 0.084500 0.036300 0.017900 0.054600 0.017800 0.017300 0.064600 0.071800 0.036400
Suni 0.045500 0.159200 0.055800 0.124000 0.027200 0.036300 0.055200 0.083600 0.036800 0.075400 0.027100 0.036500 0.081900 0.036400 0.000000 0.063900 0.093300 0.036900 0.071700 0.036800 0.045700 0.036500 0.124400 0.075600 0.045900 0.064000 0.036400 0.036800 0.064000 0.046100 0.075400 0.036400 0.046300 0.036400 0.072600 0.082200 0.036400 0.027200 0.064500 0.056300 0.066000 0.054400 0.075500 0.065600 0.036600 0.036400 0.074500 0.036000 0.036600 0.065300 0.092700 0.036800
Springbuck 0.053800 0.165800 0.083000 0.131700 0.035700 0.044700 0.072900 0.035500 0.063900 0.123300 0.035600 0.044900 0.080200 0.044800 0.063900 0.000000 0.111600 0.064000 0.070200 0.063900 0.017600 0.044900 0.164000 0.123700 0.054200 0.017400 0.044800 0.063900 0.017400 0.073300 0.123300 0.044800 0.093100 0.044800 0.071100 0.080400 0.044800 0.035700 0.035600 0.103700 0.113800 0.008700 0.123500 0.093300 0.045000 0.044800 0.044900 0.063300 0.045000 0.092600 0.110700 0.063900
Okapi 0.102200 0.202800 0.114100 0.177600 0.082500 0.092100 0.123800 0.133800 0.093300 0.135900 0.082100 0.093000 0.045700 0.092500 0.093300 0.111600 0.000000 0.082900 0.036300 0.093400 0.092600 0.088900 0.085200 0.114900 0.092700 0.112000 0.092400 0.093400 0.112000 0.103600 0.135900 0.092500 0.103700 0.092400 0.055100 0.045900 0.092400 0.082500 0.113000 0.126000 0.125900 0.101300 0.136200 0.114800 0.092900 0.092100 0.124200 0.112900 0.093100 0.103200 0.055500 0.093400
Giraffe 0.045600 0.159700 0.055900 0.124400 0.027300 0.036400 0.065000 0.083900 0.036900 0.095800 0.027200 0.036600 0.081900 0.036500 0.036900 0.064000 0.082900 0.000000 0.071700 0.036900 0.045900 0.036600 0.146400 0.096100 0.036600 0.064200 0.036500 0.036900 0.064200 0.046300 0.095800 0.036500 0.065800 0.036500 0.072600 0.082300 0.036500 0.027300 0.064600 0.076200 0.086200 0.054500 0.095900 0.085700 0.036700 0.036500 0.074700 0.055300 0.036700 0.065500 0.092800 0.036900
TibetanAnt 0.061500 0.199500 0.091800 0.153000 0.042000 0.051800 0.081400 0.090900 0.071700 0.133800 0.042100 0.071500 0.008800 0.051700 0.071700 0.070200 0.036300 0.071700 0.000000 0.071800 0.071200 0.052100 0.083800 0.113200 0.062000 0.070400 0.051700 0.071800 0.070400 0.081700 0.133800 0.051700 0.102200 0.051700 0.017700 0.026800 0.052000 0.042000 0.071200 0.113700 0.124000 0.060200 0.133800 0.113100 0.071400 0.051300 0.081600 0.071100 0.052000 0.101700 0.036000 0.071800
Sitatunga 0.045600 0.148700 0.018100 0.124100 0.027300 0.036400 0.064900 0.083600 0.018200 0.095500 0.027200 0.036600 0.082000 0.036400 0.036800 0.063900 0.093400 0.036900 0.071800 0.000000 0.045800 0.036600 0.146000 0.095800 0.046000 0.064100 0.036400 0.000000 0.064100 0.008700 0.095500 0.036400 0.055800 0.036400 0.072700 0.082300 0.018000 0.027300 0.064500 0.076000 0.086000 0.054500 0.095600 0.085400 0.036700 0.036400 0.074500 0.055200 0.036700 0.065300 0.052700 0.000000
Oribi 0.054400 0.168000 0.064700 0.133200 0.036000 0.045200 0.073500 0.035800 0.045700 0.104600 0.036000 0.026900 0.081300 0.045100 0.045700 0.017600 0.092600 0.045900 0.071200 0.045800 0.000000 0.045500 0.144800 0.104900 0.054800 0.017700 0.042000 0.045800 0.017700 0.055100 0.104600 0.045100 0.074600 0.042200 0.072100 0.061700 0.045300 0.036000 0.035900 0.085100 0.095000 0.008800 0.104700 0.074900 0.027000 0.045300 0.045300 0.064100 0.045400 0.074300 0.091900 0.045800
BarbaryShe 0.026800 0.158100 0.055400 0.123400 0.008900 0.017800 0.045600 0.064000 0.036500 0.084100 0.008900 0.036300 0.061700 0.017900 0.036500 0.044900 0.088900 0.036600 0.052100 0.036600 0.045500 0.000000 0.133000 0.084400 0.027000 0.045000 0.017900 0.036600 0.045000 0.045900 0.084100 0.017900 0.065200 0.017900 0.052600 0.081700 0.017900 0.008900 0.045400 0.065100 0.074800 0.035700 0.081100 0.074300 0.036400 0.017900 0.055000 0.036200 0.018000 0.064900 0.092100 0.036600
Daviddeer 0.154400 0.237100 0.167700 0.211600 0.134200 0.144000 0.177300 0.188000 0.145900 0.061500 0.133700 0.145400 0.093300 0.144500 0.124400 0.164000 0.085200 0.146400 0.083800 0.146000 0.144800 0.133000 0.000000 0.062000 0.155900 0.164600 0.144400 0.146000 0.164600 0.156500 0.061500 0.144500 0.114000 0.144400 0.103700 0.094200 0.144400 0.134200 0.166100 0.092400 0.052000 0.153000 0.061500 0.062100 0.145200 0.144200 0.156300 0.144400 0.145500 0.156200 0.104400 0.146000
Reindeer 0.104300 0.205100 0.116200 0.168000 0.085000 0.094500 0.125400 0.145800 0.095800 0.036600 0.084800 0.095300 0.123800 0.094800 0.075600 0.123700 0.114900 0.096100 0.113200 0.095800 0.104900 0.084400 0.062000 0.000000 0.105300 0.124200 0.094700 0.095800 0.124200 0.105800 0.036600 0.094800 0.066000 0.094700 0.113900 0.124500 0.094800 0.085000 0.125000 0.046200 0.027400 0.113500 0.036700 0.027300 0.095300 0.094700 0.105100 0.094800 0.095400 0.105700 0.135400 0.095800
Ibex 0.036000 0.165900 0.065000 0.133900 0.018000 0.026900 0.055000 0.073600 0.045900 0.104900 0.017900 0.045600 0.071700 0.027000 0.045900 0.054200 0.092700 0.036600 0.062000 0.046000 0.054800 0.027000 0.155900 0.105300 0.000000 0.054300 0.027000 0.046000 0.054300 0.055300 0.104900 0.027000 0.074900 0.027000 0.062500 0.091900 0.027000 0.018000 0.054700 0.085400 0.095300 0.044900 0.105000 0.094800 0.045700 0.027000 0.064500 0.045500 0.027200 0.074500 0.102400 0.046000
GyrantGaze 0.053900 0.187800 0.083200 0.152500 0.035800 0.044800 0.073000 0.017600 0.064000 0.123700 0.035700 0.045000 0.080500 0.044900 0.064000 0.017400 0.112000 0.064200 0.070400 0.064100 0.017700 0.045000 0.164600 0.124200 0.054300 0.000000 0.044900 0.064100 0.000000 0.073500 0.123700 0.044900 0.093400 0.044900 0.071300 0.080600 0.044900 0.035800 0.035700 0.104000 0.114100 0.008700 0.123900 0.093700 0.045100 0.044900 0.045100 0.063500 0.045100 0.092800 0.111000 0.064100
Hartebeest 0.026800 0.157600 0.055200 0.123000 0.008900 0.017800 0.045300 0.063500 0.036400 0.094400 0.008900 0.036100 0.042200 0.017800 0.036400 0.044800 0.092400 0.036500 0.051700 0.036400 0.042000 0.017900 0.144400 0.094700 0.027000 0.044900 0.000000 0.036400 0.044900 0.045700 0.094400 0.017800 0.064900 0.000000 0.033200 0.081600 0.017900 0.008900 0.045000 0.075200 0.085000 0.035600 0.094500 0.084400 0.036200 0.017900 0.054600 0.036100 0.017900 0.064600 0.091900 0.036400
Bongo 0.045600 0.148700 0.018100 0.124100 0.027300 0.036400 0.064900 0.083600 0.018200 0.095500 0.027200 0.036600 0.082000 0.036400 0.036800 0.063900 0.093400 0.036900 0.071800 0.000000 0.045800 0.036600 0.146000 0.095800 0.046000 0.064100 0.036400 0.000000 0.064100 0.009000 0.095500 0.036400 0.055800 0.036400 0.072700 0.082300 0.018000 0.027300 0.064500 0.076000 0.086000 0.054500 0.095600 0.085400 0.036700 0.036400 0.074500 0.055200 0.036700 0.065300 0.052700 0.000000
Gerenuk 0.053900 0.187800 0.083200 0.152500 0.035800 0.044800 0.073000 0.017600 0.064000 0.123700 0.035700 0.045000 0.080500 0.044900 0.064000 0.017400 0.112000 0.064200 0.070400 0.064100 0.017700 0.045000 0.164600 0.124200 0.054300 0.000000 0.044900 0.064100 0.000000 0.073500 0.123700 0.044900 0.093400 0.044900 0.071300 0.080600 0.044900 0.035800 0.035700 0.104000 0.114100 0.008700 0.123900 0.093700 0.045100 0.044900 0.045100 0.063500 0.045100 0.092800 0.111000 0.064100
CommonElan 0.036200 0.159200 0.027300 0.113500 0.036400 0.027000 0.055100 0.093200 0.027300 0.105400 0.036400 0.045800 0.091900 0.027100 0.046100 0.073300 0.103600 0.046300 0.081700 0.008700 0.055100 0.045900 0.156500 0.105800 0.055300 0.073500 0.045700 0.009000 0.073500 0.000000 0.105400 0.027100 0.046100 0.045700 0.082500 0.092300 0.027200 0.036400 0.054800 0.085800 0.095800 0.063700 0.105500 0.095200 0.046000 0.045700 0.084100 0.045600 0.046000 0.074900 0.042600 0.008700
MuntiacusR 0.104000 0.170300 0.115800 0.156600 0.084700 0.094200 0.125000 0.145300 0.095500 0.000000 0.084500 0.095000 0.144600 0.094500 0.075400 0.123300 0.135900 0.095800 0.133800 0.095500 0.104600 0.084100 0.061500 0.036600 0.104900 0.123700 0.094400 0.095500 0.123700 0.105400 0.000000 0.094500 0.065800 0.094400 0.134400 0.145300 0.094500 0.084700 0.124600 0.046000 0.009000 0.113100 0.000000 0.027200 0.095000 0.094400 0.115100 0.094500 0.095100 0.105300 0.156700 0.095500
HarveysDui 0.008800 0.157700 0.055200 0.102800 0.008900 0.000000 0.026900 0.063600 0.036400 0.094500 0.008900 0.035200 0.061700 0.000000 0.036400 0.044800 0.092500 0.036500 0.051700 0.036400 0.045100 0.017900 0.144500 0.094800 0.027000 0.044900 0.017800 0.036400 0.044900 0.027100 0.094500 0.000000 0.045800 0.017300 0.052700 0.081600 0.017900 0.008600 0.026700 0.075200 0.085000 0.035600 0.094600 0.084500 0.036300 0.017900 0.054600 0.017800 0.017900 0.064600 0.071800 0.036400
Pronghorn 0.055000 0.170300 0.075200 0.114400 0.055500 0.045700 0.074600 0.114000 0.065600 0.065800 0.055300 0.065200 0.112700 0.045800 0.046300 0.093100 0.103700 0.065800 0.102200 0.055800 0.074600 0.065200 0.114000 0.066000 0.074900 0.093400 0.064900 0.055800 0.093400 0.046100 0.065800 0.045800 0.000000 0.064900 0.102900 0.113200 0.065000 0.055500 0.074300 0.056300 0.056300 0.083200 0.065900 0.056100 0.065300 0.064900 0.084700 0.045800 0.065300 0.075100 0.092400 0.055800
BlueWildeb 0.026800 0.157600 0.055200 0.123000 0.008600 0.017800 0.045300 0.063500 0.036400 0.094400 0.008900 0.036100 0.042200 0.017800 0.036400 0.044800 0.092400 0.036500 0.051700 0.036400 0.042200 0.017900 0.144400 0.094700 0.027000 0.044900 0.000000 0.036400 0.044900 0.045700 0.094400 0.017300 0.064900 0.000000 0.033200 0.081600 0.017900 0.008600 0.045000 0.075200 0.085000 0.035600 0.094500 0.084400 0.036200 0.017900 0.054600 0.036100 0.017900 0.064600 0.091900 0.036400
Gemsbok 0.062000 0.200400 0.092600 0.153700 0.043000 0.052400 0.082300 0.091700 0.072600 0.134400 0.042700 0.072400 0.008800 0.052700 0.072600 0.071100 0.055100 0.072600 0.017700 0.072700 0.072100 0.052600 0.103700 0.113900 0.062500 0.071300 0.033200 0.072700 0.071300 0.082500 0.134400 0.052700 0.102900 0.033200 0.000000 0.045200 0.052500 0.043000 0.072100 0.114400 0.124700 0.061100 0.134400 0.113800 0.072300 0.052200 0.082400 0.072000 0.053000 0.102500 0.054600 0.072700
Yak 0.091100 0.212400 0.102600 0.164500 0.071800 0.081300 0.112100 0.101400 0.082200 0.145300 0.071400 0.062000 0.036000 0.081600 0.082200 0.080400 0.045900 0.082300 0.026800 0.082300 0.061700 0.081700 0.094200 0.124500 0.091900 0.080600 0.081600 0.082300 0.080600 0.092300 0.145300 0.081600 0.113200 0.081600 0.045200 0.000000 0.081500 0.071800 0.081500 0.124900 0.135400 0.070200 0.145400 0.124300 0.042500 0.081200 0.092000 0.101500 0.082100 0.112600 0.045500 0.082300
BlueSheep 0.026800 0.147000 0.036400 0.123000 0.008900 0.017800 0.045500 0.063800 0.018000 0.094500 0.008500 0.036200 0.061600 0.017900 0.036400 0.044800 0.092400 0.036500 0.052000 0.018000 0.045300 0.017900 0.144400 0.094800 0.027000 0.044900 0.017900 0.018000 0.044900 0.027200 0.094500 0.017900 0.065000 0.017900 0.052500 0.081500 0.000000 0.008900 0.045200 0.075300 0.085100 0.035600 0.094600 0.084500 0.036300 0.017900 0.054800 0.036100 0.018000 0.064700 0.071700 0.018000
BohorReedb 0.017800 0.147200 0.045900 0.113100 0.000000 0.008900 0.036100 0.054300 0.027200 0.084700 0.000000 0.027000 0.052000 0.008700 0.027200 0.035700 0.082500 0.027300 0.042000 0.027300 0.036000 0.008900 0.134200 0.085000 0.018000 0.035800 0.008900 0.027300 0.035800 0.036400 0.084700 0.008600 0.055500 0.008600 0.043000 0.071800 0.008900 0.000000 0.035900 0.065600 0.075300 0.026600 0.084800 0.074800 0.027100 0.008900 0.045400 0.027000 0.008900 0.055200 0.082000 0.027300
KirksDik 0.035800 0.189400 0.083800 0.132900 0.035900 0.026700 0.054300 0.050600 0.064500 0.124600 0.035900 0.045200 0.081300 0.026700 0.064500 0.035600 0.113000 0.064600 0.071200 0.064500 0.035900 0.045400 0.166100 0.125000 0.054700 0.035700 0.045000 0.064500 0.035700 0.054800 0.124600 0.026700 0.074300 0.045000 0.072100 0.081500 0.045200 0.035900 0.000000 0.104800 0.114900 0.026500 0.124800 0.094300 0.045400 0.045200 0.045200 0.045100 0.045300 0.093500 0.091500 0.064500
RoeDeer 0.084700 0.182600 0.096000 0.146700 0.065600 0.075000 0.105200 0.125000 0.076000 0.046000 0.065400 0.075500 0.124300 0.075200 0.056300 0.103700 0.126000 0.076200 0.113700 0.076000 0.085100 0.065100 0.092400 0.046200 0.085400 0.104000 0.075200 0.076000 0.104000 0.085800 0.046000 0.075200 0.056300 0.075200 0.114400 0.124900 0.075300 0.065600 0.104800 0.000000 0.036800 0.093700 0.046200 0.036500 0.075600 0.075100 0.095300 0.075200 0.075700 0.095600 0.136000 0.076000
WhiteLippe 0.094500 0.171100 0.106200 0.157400 0.075300 0.084800 0.115400 0.135400 0.085900 0.009000 0.075100 0.085400 0.134700 0.085000 0.066000 0.113800 0.125900 0.086200 0.124000 0.086000 0.095000 0.074800 0.052000 0.027400 0.095300 0.114100 0.085000 0.086000 0.114100 0.095800 0.009000 0.085000 0.056300 0.085000 0.124700 0.135400 0.085100 0.075300 0.114900 0.036800 0.000000 0.103600 0.009000 0.018100 0.085500 0.084900 0.105400 0.085000 0.085600 0.095700 0.146600 0.086000
ThomsonGaz 0.044500 0.176400 0.073300 0.141600 0.026600 0.035500 0.063300 0.026500 0.054400 0.113100 0.026500 0.035700 0.070100 0.035600 0.054400 0.008700 0.101300 0.054500 0.060200 0.054500 0.008800 0.035700 0.153000 0.113500 0.044900 0.008700 0.035600 0.054500 0.008700 0.063700 0.113100 0.035600 0.083200 0.035600 0.061100 0.070200 0.035600 0.026600 0.026500 0.093700 0.103600 0.000000 0.113300 0.083500 0.035700 0.035600 0.035700 0.053900 0.035800 0.082800 0.100300 0.054500
MuntiacusC 0.104100 0.170400 0.115900 0.156800 0.084800 0.094300 0.125100 0.145500 0.095600 0.000000 0.084600 0.095100 0.144600 0.094600 0.075500 0.123500 0.136200 0.095900 0.133800 0.095600 0.104700 0.081100 0.061500 0.036700 0.105000 0.123900 0.094500 0.095600 0.123900 0.105500 0.000000 0.094600 0.065900 0.094500 0.134400 0.145400 0.094600 0.084800 0.124800 0.046200 0.009000 0.113300 0.000000 0.027300 0.095100 0.094500 0.115300 0.094600 0.095200 0.105500 0.156700 0.095600
WhiteTaile 0.093900 0.192400 0.105400 0.156700 0.074800 0.084300 0.114600 0.114400 0.085400 0.027200 0.074700 0.084900 0.123600 0.084500 0.065600 0.093300 0.114800 0.085700 0.113100 0.085400 0.074900 0.074300 0.062100 0.027300 0.094800 0.093700 0.084400 0.085400 0.093700 0.095200 0.027200 0.084500 0.056100 0.084400 0.113800 0.124300 0.084500 0.074800 0.094300 0.036500 0.018100 0.083500 0.027300 0.000000 0.085000 0.084400 0.084900 0.084500 0.085000 0.095100 0.135200 0.085400
Cattle 0.045400 0.158400 0.055500 0.123500 0.027100 0.036200 0.064500 0.064000 0.036600 0.095000 0.027000 0.018000 0.081600 0.036300 0.036600 0.045000 0.092900 0.036700 0.071400 0.036700 0.027000 0.036400 0.145200 0.095300 0.045700 0.045100 0.036200 0.036700 0.045100 0.046000 0.095000 0.036300 0.065300 0.036200 0.072300 0.042500 0.036300 0.027100 0.045400 0.075600 0.085500 0.035700 0.095100 0.085000 0.000000 0.036200 0.055000 0.054900 0.036500 0.064900 0.092300 0.036700
RoyalAntel 0.026800 0.157600 0.055200 0.103000 0.008900 0.017800 0.045400 0.063700 0.036400 0.094400 0.008900 0.036200 0.061300 0.017900 0.036400 0.044800 0.092100 0.036500 0.051300 0.036400 0.045300 0.017900 0.144200 0.094700 0.027000 0.044900 0.017900 0.036400 0.044900 0.045700 0.094400 0.017900 0.064900 0.017900 0.052200 0.081200 0.017900 0.008900 0.045200 0.075100 0.084900 0.035600 0.094500 0.084400 0.036200 0.000000 0.054800 0.036100 0.018000 0.064600 0.091600 0.036400
Steenbok 0.064000 0.201800 0.094100 0.144400 0.045400 0.054700 0.083300 0.063900 0.074500 0.115100 0.045400 0.054800 0.091800 0.054600 0.074500 0.044900 0.124200 0.074700 0.081600 0.074500 0.045300 0.055000 0.156300 0.105100 0.064500 0.045100 0.054600 0.074500 0.045100 0.084100 0.115100 0.054600 0.084700 0.054600 0.082400 0.092000 0.054800 0.045400 0.045200 0.095300 0.105400 0.035700 0.115300 0.084900 0.055000 0.054800 0.000000 0.054800 0.054900 0.104000 0.123100 0.074500
Impala 0.026800 0.179500 0.074400 0.102800 0.027000 0.017800 0.036100 0.082900 0.055200 0.094500 0.026900 0.054800 0.081200 0.017800 0.036000 0.063300 0.112900 0.055300 0.071100 0.055200 0.064100 0.036200 0.144400 0.094800 0.045500 0.063500 0.036100 0.055200 0.063500 0.045600 0.094500 0.017800 0.045800 0.036100 0.072000 0.101500 0.036100 0.027000 0.045100 0.075200 0.085000 0.053900 0.094600 0.084500 0.054900 0.036100 0.054800 0.000000 0.036300 0.083900 0.091600 0.055200
Klipspring 0.027000 0.158900 0.055600 0.123800 0.008600 0.017900 0.045600 0.063900 0.036700 0.095100 0.008900 0.036300 0.062100 0.017300 0.036600 0.045000 0.093100 0.036700 0.052000 0.036700 0.045400 0.018000 0.145500 0.095400 0.027200 0.045100 0.017900 0.036700 0.045100 0.046000 0.095100 0.017900 0.065300 0.017900 0.053000 0.082100 0.018000 0.008900 0.045300 0.075700 0.085600 0.035800 0.095200 0.085000 0.036500 0.018000 0.054900 0.036300 0.000000 0.065000 0.092500 0.036700
ForestMusk 0.073900 0.147600 0.084800 0.155200 0.055200 0.064500 0.093900 0.113300 0.065300 0.105300 0.055100 0.045900 0.112100 0.064600 0.065300 0.092600 0.103200 0.065500 0.101700 0.065300 0.074300 0.064900 0.156200 0.105700 0.074500 0.092800 0.064600 0.065300 0.092800 0.074900 0.105300 0.064600 0.075100 0.064600 0.102500 0.112600 0.064700 0.055200 0.093500 0.095600 0.095700 0.082800 0.105500 0.095100 0.064900 0.064600 0.104000 0.083900 0.065000 0.000000 0.123400 0.065300
Bushbuck 0.081200 0.213400 0.072600 0.153900 0.082000 0.071400 0.102100 0.132500 0.072700 0.156700 0.081700 0.092300 0.045200 0.071800 0.092700 0.110700 0.055500 0.092800 0.036000 0.052700 0.091900 0.092100 0.104400 0.135400 0.102400 0.111000 0.091900 0.052700 0.111000 0.042600 0.156700 0.071800 0.092400 0.091900 0.054600 0.045500 0.071700 0.082000 0.091500 0.136000 0.146600 0.100300 0.156700 0.135200 0.092300 0.091600 0.123100 0.091600 0.092500 0.123400 0.000000 0.052700
GreaterKud 0.045600 0.148700 0.018100 0.124100 0.027300 0.036400 0.064900 0.083600 0.018200 0.095500 0.027200 0.036600 0.082000 0.036400 0.036800 0.063900 0.093400 0.036900 0.071800 0.000000 0.045800 0.036600 0.146000 0.095800 0.046000 0.064100 0.036400 0.000000 0.064100 0.008700 0.095500 0.036400 0.055800 0.036400 0.072700 0.082300 0.018000 0.027300 0.064500 0.076000 0.086000 0.054500 0.095600 0.085400 0.036700 0.036400 0.074500 0.055200 0.036700 0.065300 0.052700 0.000000
