1
52 1
Argali 0.000000 0.470500 0.054600 0.221200 0.083300 0.026800 0.084500 0.095300 0.054800 0.066400 0.054600 0.095800 0.040200 0.069600 0.126200 0.080100 0.082500 0.096800 0.026900 0.054500 0.053100 0.026900 0.096200 0.098000 0.040700 0.053100 0.026800 0.068200 0.066700 0.054500 0.040000 0.066400 0.117600 0.026800 0.040800 0.054500 0.041700 0.068100 0.080700 0.124300 0.082700 0.067300 0.053500 0.098300 0.054500 0.053600 0.067400 0.053100 0.068000 0.084300 0.054500 0.069500
LesserMous 0.470500 0.000000 0.408100 0.438400 0.429300 0.461900 0.496600 0.496700 0.430500 0.467200 0.514700 0.469500 0.483400 0.462900 0.475200 0.494000 0.454400 0.481200 0.464400 0.407000 0.443400 0.464400 0.448100 0.431900 0.492500 0.443400 0.459800 0.427900 0.467600 0.407000 0.426300 0.462600 0.464800 0.459800 0.434100 0.407000 0.442100 0.450600 0.492300 0.466500 0.428800 0.472100 0.450900 0.434800 0.407000 0.450600 0.471800 0.446100 0.482700 0.460800 0.407000 0.411300
LesserKudu 0.054600 0.408100 0.000000 0.155700 0.027600 0.041900 0.057000 0.068700 0.013600 0.040200 0.056100 0.040600 0.041300 0.042200 0.099000 0.054000 0.027300 0.041000 0.027700 0.000100 0.026800 0.027700 0.040800 0.041600 0.041900 0.026800 0.027500 0.013500 0.040400 0.000100 0.013500 0.040200 0.074100 0.027500 0.041900 0.000100 0.042900 0.041300 0.054300 0.068200 0.027300 0.040700 0.027000 0.041700 0.000100 0.027100 0.040800 0.026800 0.041200 0.027800 0.000100 0.013800
KillerWhal 0.221200 0.438400 0.155700 0.000000 0.191800 0.210600 0.233000 0.240200 0.172800 0.200500 0.226500 0.204000 0.171700 0.212000 0.281000 0.218500 0.188200 0.206100 0.192000 0.155600 0.185900 0.192000 0.169900 0.208200 0.209400 0.185900 0.190500 0.171600 0.202700 0.155600 0.170200 0.200800 0.219900 0.190500 0.210000 0.155600 0.215700 0.208500 0.219800 0.237900 0.154900 0.204800 0.152700 0.209000 0.155600 0.187000 0.205000 0.185900 0.206800 0.193500 0.155600 0.175100
DefassaWat 0.083300 0.429300 0.027600 0.191800 0.000000 0.071100 0.056900 0.098000 0.041600 0.068100 0.085700 0.068900 0.070000 0.071700 0.129800 0.082400 0.055400 0.069600 0.056300 0.027500 0.054600 0.056300 0.069200 0.070600 0.071100 0.054600 0.056000 0.041300 0.068600 0.027500 0.041100 0.068200 0.106000 0.056000 0.071100 0.027500 0.072800 0.041300 0.083000 0.097300 0.055600 0.069200 0.055000 0.070800 0.027500 0.055100 0.069300 0.054600 0.069900 0.056600 0.027500 0.042000
Sheep 0.026800 0.461900 0.041900 0.210600 0.071100 0.000000 0.087900 0.098900 0.056400 0.083200 0.056700 0.084000 0.041700 0.072400 0.131200 0.083200 0.070300 0.085000 0.027700 0.041900 0.055100 0.027900 0.084400 0.086100 0.042300 0.055100 0.027800 0.055900 0.069200 0.041900 0.055700 0.068900 0.105600 0.027800 0.042200 0.041900 0.042700 0.070700 0.083800 0.113100 0.070600 0.069800 0.069900 0.086300 0.041900 0.055600 0.069900 0.055100 0.070600 0.072000 0.041900 0.057000
MaxwellsDu 0.084500 0.496600 0.057000 0.233000 0.056900 0.087900 0.000000 0.099200 0.071600 0.098500 0.087000 0.099600 0.071100 0.072700 0.129100 0.083600 0.083200 0.099500 0.057200 0.056800 0.055400 0.057200 0.100400 0.102400 0.072100 0.055400 0.056800 0.071000 0.069600 0.056800 0.070600 0.069200 0.141700 0.056800 0.072100 0.056800 0.073900 0.071200 0.084200 0.099100 0.086300 0.070200 0.085300 0.102600 0.056800 0.055700 0.070300 0.055400 0.070800 0.088000 0.056800 0.072400
GazellaPrz 0.095300 0.496700 0.068700 0.240200 0.098000 0.098900 0.099200 0.000000 0.082900 0.108900 0.098000 0.110200 0.082300 0.084200 0.141500 0.066200 0.096400 0.111300 0.068900 0.068500 0.039400 0.068900 0.111000 0.113100 0.083600 0.039400 0.068500 0.082300 0.052800 0.068300 0.081800 0.080400 0.150700 0.068500 0.083500 0.068500 0.085300 0.082500 0.066600 0.139700 0.097300 0.053300 0.096200 0.113200 0.068500 0.067500 0.053400 0.067000 0.082000 0.099100 0.068500 0.083700
MountainNy 0.054800 0.430500 0.013600 0.172800 0.041600 0.056400 0.071600 0.082900 0.000000 0.040300 0.070700 0.054400 0.055500 0.056800 0.114200 0.068000 0.041300 0.055200 0.041900 0.013700 0.040600 0.041900 0.054800 0.056000 0.056300 0.040600 0.041600 0.027200 0.054300 0.013700 0.013500 0.054100 0.089700 0.041600 0.056400 0.013700 0.057700 0.055500 0.068400 0.082600 0.041300 0.054800 0.027100 0.056100 0.013600 0.041000 0.054800 0.040500 0.055300 0.042100 0.013600 0.027700
MuntiacusM 0.066400 0.467200 0.040200 0.200500 0.068100 0.083200 0.098500 0.108900 0.040300 0.000000 0.097400 0.080300 0.081800 0.083700 0.110700 0.093800 0.067600 0.081500 0.068600 0.040100 0.066500 0.068600 0.081100 0.054200 0.083000 0.066500 0.068100 0.053500 0.080200 0.040200 0.026100 0.079900 0.117500 0.068100 0.083100 0.040100 0.085000 0.081900 0.094400 0.080100 0.067600 0.080900 0.039400 0.054300 0.040100 0.067200 0.053200 0.066500 0.081500 0.068900 0.040100 0.054500
goat 0.054600 0.514700 0.056100 0.226500 0.085700 0.056700 0.087000 0.098000 0.070700 0.097400 0.000000 0.098400 0.041300 0.071600 0.129700 0.082300 0.084800 0.069900 0.027700 0.056100 0.054600 0.027700 0.098900 0.100800 0.013800 0.054600 0.027500 0.070100 0.068500 0.056100 0.069800 0.040400 0.138600 0.027500 0.042000 0.056100 0.042900 0.070000 0.082600 0.097800 0.085000 0.069200 0.084100 0.101000 0.056100 0.055100 0.069300 0.054600 0.069900 0.086600 0.056100 0.071500
AfricanBuf 0.095800 0.469500 0.040600 0.204000 0.068900 0.084000 0.099600 0.110200 0.054400 0.080300 0.098400 0.000000 0.082700 0.084600 0.142100 0.094800 0.068100 0.082300 0.069200 0.040400 0.067200 0.069200 0.081800 0.083300 0.083900 0.067200 0.068800 0.054000 0.081100 0.040400 0.053700 0.080600 0.118700 0.068800 0.083800 0.040400 0.085700 0.082800 0.066800 0.109600 0.068400 0.053500 0.067600 0.083400 0.040400 0.067800 0.082000 0.067200 0.082300 0.055300 0.040400 0.054800
Topi 0.040200 0.483400 0.041300 0.171700 0.070000 0.041700 0.071100 0.082300 0.055500 0.081800 0.041300 0.082700 0.000000 0.056200 0.113000 0.067200 0.069200 0.083600 0.013600 0.041300 0.040200 0.013600 0.054500 0.084700 0.027400 0.040200 0.013500 0.055000 0.053800 0.041300 0.054800 0.053600 0.120800 0.013600 0.027400 0.041300 0.028000 0.055000 0.067800 0.111200 0.041000 0.054300 0.068700 0.084900 0.041300 0.040500 0.054400 0.040100 0.054800 0.070800 0.041300 0.056100
CommonDuik 0.069600 0.462900 0.042200 0.212000 0.071700 0.072400 0.072700 0.084200 0.056800 0.083700 0.071600 0.084600 0.056200 0.000000 0.115600 0.068800 0.070800 0.085500 0.042400 0.042200 0.041100 0.042400 0.085000 0.086700 0.057000 0.041100 0.042100 0.056300 0.055000 0.042200 0.056000 0.054800 0.123900 0.042100 0.057000 0.042200 0.058400 0.056200 0.069300 0.113800 0.071100 0.055500 0.070300 0.086800 0.042200 0.041500 0.055600 0.041100 0.056100 0.072400 0.042200 0.057400
Suni 0.126200 0.475200 0.099000 0.281000 0.129800 0.131200 0.129100 0.141500 0.114200 0.110700 0.129700 0.142100 0.113000 0.115600 0.000000 0.124800 0.128000 0.143200 0.099300 0.099000 0.096400 0.099300 0.142900 0.114400 0.114600 0.096400 0.098700 0.083200 0.110800 0.099000 0.112700 0.110200 0.187300 0.098700 0.114700 0.099000 0.117200 0.113200 0.125700 0.141200 0.128800 0.111600 0.127400 0.114600 0.099000 0.097000 0.082600 0.096400 0.112900 0.131200 0.099000 0.115400
Springbuck 0.080100 0.494000 0.054000 0.218500 0.082400 0.083200 0.083600 0.066200 0.068000 0.093800 0.082300 0.094800 0.067200 0.068800 0.124800 0.000000 0.081400 0.095700 0.054100 0.053900 0.025600 0.054100 0.095200 0.097000 0.068200 0.025600 0.053700 0.067500 0.038700 0.053900 0.067200 0.065700 0.133100 0.053700 0.068300 0.053900 0.069800 0.067400 0.052100 0.123000 0.081800 0.039100 0.080900 0.097100 0.053900 0.053000 0.039100 0.052500 0.067200 0.083300 0.053900 0.068700
Okapi 0.082500 0.454400 0.027300 0.188200 0.055400 0.070300 0.083200 0.096400 0.041300 0.067600 0.084800 0.068100 0.069200 0.070800 0.128000 0.081400 0.000000 0.068200 0.055700 0.027200 0.054000 0.055700 0.068500 0.069900 0.070200 0.054000 0.055400 0.040900 0.067700 0.027200 0.040700 0.067500 0.104400 0.055400 0.070400 0.027200 0.072000 0.069200 0.053800 0.096300 0.055000 0.068300 0.054500 0.070100 0.027200 0.054500 0.068400 0.053900 0.069100 0.056000 0.027200 0.041700
Giraffe 0.096800 0.481200 0.041000 0.206100 0.069600 0.085000 0.099500 0.111300 0.055200 0.081500 0.069900 0.082300 0.083600 0.085500 0.143200 0.095700 0.068200 0.000000 0.070000 0.041000 0.068000 0.070000 0.082700 0.084300 0.055600 0.068000 0.069600 0.054800 0.082000 0.041000 0.054500 0.053500 0.088700 0.069600 0.084900 0.041000 0.086800 0.083700 0.096500 0.081700 0.069100 0.082700 0.068400 0.084400 0.041000 0.068500 0.082800 0.067900 0.083500 0.070400 0.041000 0.055700
TibetanAnt 0.026900 0.464400 0.027700 0.192000 0.056300 0.027700 0.057200 0.068900 0.041900 0.068600 0.027700 0.069200 0.013600 0.042400 0.099300 0.054100 0.055700 0.070000 0.000000 0.027700 0.026900 0.000000 0.069600 0.071000 0.013800 0.026900 0.000100 0.041500 0.040500 0.027700 0.041300 0.040400 0.106400 0.000100 0.013800 0.027700 0.014100 0.041400 0.054500 0.097800 0.055900 0.040900 0.055300 0.071200 0.027700 0.027200 0.041000 0.026900 0.041400 0.056900 0.027700 0.042300
Sitatunga 0.054500 0.407000 0.000100 0.155600 0.027500 0.041900 0.056800 0.068500 0.013700 0.040100 0.056100 0.040400 0.041300 0.042200 0.099000 0.053900 0.027200 0.041000 0.027700 0.000000 0.026800 0.027700 0.040800 0.041600 0.041900 0.026800 0.027500 0.013500 0.040400 0.000000 0.013400 0.040200 0.074100 0.027500 0.041900 0.000000 0.042900 0.041300 0.054300 0.068200 0.027300 0.040700 0.027000 0.041700 0.000000 0.027100 0.040800 0.026800 0.041100 0.027800 0.000000 0.013700
Oribi 0.053100 0.443400 0.026800 0.185900 0.054600 0.055100 0.055400 0.039400 0.040600 0.066500 0.054600 0.067200 0.040200 0.041100 0.096400 0.025600 0.054000 0.068000 0.026900 0.026800 0.000000 0.026900 0.067500 0.068800 0.040700 0.000000 0.026800 0.040300 0.012900 0.026800 0.040000 0.039200 0.102800 0.026800 0.040700 0.026800 0.041700 0.040200 0.026000 0.095000 0.054200 0.013000 0.053600 0.068900 0.026800 0.026400 0.013000 0.026100 0.040100 0.055200 0.026800 0.041000
BarbaryShe 0.026900 0.464400 0.027700 0.192000 0.056300 0.027900 0.057200 0.068900 0.041900 0.068600 0.027700 0.069200 0.013600 0.042400 0.099300 0.054100 0.055700 0.070000 0.000000 0.027700 0.026900 0.000000 0.069600 0.071000 0.013800 0.026900 0.000100 0.041500 0.040500 0.027700 0.041300 0.040400 0.106400 0.000100 0.013800 0.027700 0.014100 0.041400 0.054500 0.097800 0.055900 0.040900 0.055300 0.071200 0.027700 0.027200 0.041000 0.026900 0.041400 0.056900 0.027700 0.042300
Daviddeer 0.096200 0.448100 0.040800 0.169900 0.069200 0.084400 0.100400 0.111000 0.054800 0.081100 0.098900 0.081800 0.054500 0.085000 0.142900 0.095200 0.068500 0.082700 0.069600 0.040800 0.067500 0.069600 0.000000 0.083800 0.084300 0.067500 0.069200 0.054400 0.081400 0.040800 0.054100 0.081100 0.119300 0.069200 0.084300 0.040800 0.086200 0.083200 0.095900 0.110200 0.013300 0.082200 0.068000 0.083900 0.040800 0.068100 0.082300 0.067500 0.083000 0.070000 0.040800 0.055400
Reindeer 0.098000 0.431900 0.041600 0.208200 0.070600 0.086100 0.102400 0.113100 0.056000 0.054200 0.100800 0.083300 0.084700 0.086700 0.114400 0.097000 0.069900 0.084300 0.071000 0.041600 0.068800 0.071000 0.083800 0.000000 0.086000 0.068800 0.070500 0.055500 0.082900 0.041600 0.055200 0.082500 0.121600 0.070500 0.086000 0.041600 0.088000 0.084800 0.097500 0.053800 0.070000 0.083700 0.069300 0.027400 0.041600 0.069400 0.055000 0.068800 0.084600 0.071300 0.041600 0.056500
Ibex 0.040700 0.492500 0.041900 0.209400 0.071100 0.042300 0.072100 0.083600 0.056300 0.083000 0.013800 0.083900 0.027400 0.057000 0.114600 0.068200 0.070200 0.055600 0.013800 0.041900 0.040700 0.013800 0.084300 0.086000 0.000000 0.040700 0.013700 0.055800 0.054600 0.041900 0.055500 0.026800 0.122700 0.013700 0.027800 0.041900 0.028400 0.055800 0.068500 0.083300 0.070500 0.055100 0.069700 0.086100 0.041900 0.041100 0.055100 0.040700 0.055600 0.071800 0.041900 0.056900
GyrantGaze 0.053100 0.443400 0.026800 0.185900 0.054600 0.055100 0.055400 0.039400 0.040600 0.066500 0.054600 0.067200 0.040200 0.041100 0.096400 0.025600 0.054000 0.068000 0.026900 0.026800 0.000000 0.026900 0.067500 0.068800 0.040700 0.000000 0.026800 0.040300 0.012900 0.026800 0.040000 0.039200 0.102800 0.026800 0.040700 0.026800 0.041700 0.040200 0.026000 0.095000 0.054200 0.013000 0.053600 0.068900 0.026800 0.026400 0.013000 0.026100 0.040100 0.055200 0.026800 0.041000
Hartebeest 0.026800 0.459800 0.027500 0.190500 0.056000 0.027800 0.056800 0.068500 0.041600 0.068100 0.027500 0.068800 0.013500 0.042100 0.098700 0.053700 0.055400 0.069600 0.000100 0.027500 0.026800 0.000100 0.069200 0.070500 0.013700 0.026800 0.000000 0.041300 0.040300 0.027500 0.041100 0.040200 0.105600 0.000000 0.013700 0.027500 0.014000 0.041200 0.054100 0.097200 0.055500 0.040700 0.054900 0.070700 0.027500 0.027000 0.040700 0.026700 0.041100 0.056600 0.027500 0.042100
Bongo 0.068200 0.427900 0.013500 0.171600 0.041300 0.055900 0.071000 0.082300 0.027200 0.053500 0.070100 0.054000 0.055000 0.056300 0.083200 0.067500 0.040900 0.054800 0.041500 0.013500 0.040300 0.041500 0.054400 0.055500 0.055800 0.040300 0.041300 0.000000 0.053900 0.013500 0.026800 0.053700 0.088900 0.041300 0.055900 0.013500 0.057200 0.055100 0.068000 0.081900 0.041000 0.054400 0.040500 0.055600 0.013500 0.040600 0.054500 0.040200 0.054800 0.041700 0.013500 0.027500
Gerenuk 0.066700 0.467600 0.040400 0.202700 0.068600 0.069200 0.069600 0.052800 0.054300 0.080200 0.068500 0.081100 0.053800 0.055000 0.110800 0.038700 0.067700 0.082000 0.040500 0.040400 0.012900 0.040500 0.081400 0.082900 0.054600 0.012900 0.040300 0.053900 0.000000 0.040400 0.053600 0.052500 0.118200 0.040300 0.054500 0.040400 0.055700 0.053900 0.039100 0.109100 0.068100 0.026100 0.067300 0.083000 0.040400 0.039700 0.026100 0.039400 0.053700 0.069300 0.040400 0.054800
CommonElan 0.054500 0.407000 0.000100 0.155600 0.027500 0.041900 0.056800 0.068300 0.013700 0.040200 0.056100 0.040400 0.041300 0.042200 0.099000 0.053900 0.027200 0.041000 0.027700 0.000000 0.026800 0.027700 0.040800 0.041600 0.041900 0.026800 0.027500 0.013500 0.040400 0.000000 0.013500 0.040200 0.074100 0.027500 0.041900 0.000000 0.042900 0.041300 0.054300 0.068200 0.027300 0.040700 0.027000 0.041700 0.000000 0.027100 0.040800 0.026800 0.041100 0.027800 0.000000 0.013700
MuntiacusR 0.040000 0.426300 0.013500 0.170200 0.041100 0.055700 0.070600 0.081800 0.013500 0.026100 0.069800 0.053700 0.054800 0.056000 0.112700 0.067200 0.040700 0.054500 0.041300 0.013400 0.040000 0.041300 0.054100 0.055200 0.055500 0.040000 0.041100 0.026800 0.053600 0.013500 0.000000 0.053400 0.088500 0.041100 0.055600 0.013500 0.056900 0.054800 0.067600 0.081500 0.040700 0.054100 0.013200 0.055400 0.013500 0.040400 0.054100 0.040000 0.054500 0.041500 0.013400 0.027400
HarveysDui 0.066400 0.462600 0.040200 0.200800 0.068200 0.068900 0.069200 0.080400 0.054100 0.079900 0.040400 0.080600 0.053600 0.054800 0.110200 0.065700 0.067500 0.053500 0.040400 0.040200 0.039200 0.040400 0.081100 0.082500 0.026800 0.039200 0.040200 0.053700 0.052500 0.040200 0.053400 0.000000 0.117400 0.040200 0.054300 0.040200 0.055500 0.053600 0.066200 0.080200 0.067700 0.053000 0.067000 0.082700 0.040200 0.012900 0.053000 0.039200 0.026200 0.069000 0.040200 0.054600
Pronghorn 0.117600 0.464800 0.074100 0.219900 0.106000 0.105600 0.141700 0.150700 0.089700 0.117500 0.138600 0.118700 0.120800 0.123900 0.187300 0.133100 0.104400 0.088700 0.106400 0.074100 0.102800 0.106400 0.119300 0.121600 0.122700 0.102800 0.105600 0.088900 0.118200 0.074100 0.088500 0.117400 0.000000 0.105600 0.122800 0.074100 0.126100 0.121200 0.133500 0.149800 0.104800 0.119200 0.103600 0.090100 0.074100 0.103800 0.119400 0.102800 0.089000 0.106900 0.074100 0.090800
BlueWildeb 0.026800 0.459800 0.027500 0.190500 0.056000 0.027800 0.056800 0.068500 0.041600 0.068100 0.027500 0.068800 0.013600 0.042100 0.098700 0.053700 0.055400 0.069600 0.000100 0.027500 0.026800 0.000100 0.069200 0.070500 0.013700 0.026800 0.000000 0.041300 0.040300 0.027500 0.041100 0.040200 0.105600 0.000000 0.013700 0.027500 0.014000 0.041200 0.054100 0.097200 0.055500 0.040700 0.054900 0.070700 0.027500 0.027000 0.040700 0.026700 0.041100 0.056600 0.027500 0.042100
Gemsbok 0.040800 0.434100 0.041900 0.210000 0.071100 0.042200 0.072100 0.083500 0.056400 0.083100 0.042000 0.083800 0.027400 0.057000 0.114700 0.068300 0.070400 0.084900 0.013800 0.041900 0.040700 0.013800 0.084300 0.086000 0.027800 0.040700 0.013700 0.055900 0.054500 0.041900 0.055600 0.054300 0.122800 0.013700 0.000000 0.041900 0.028400 0.055800 0.068700 0.112900 0.070500 0.055000 0.069800 0.086300 0.041900 0.041200 0.055100 0.040700 0.055700 0.071900 0.041900 0.057000
Yak 0.054500 0.407000 0.000100 0.155600 0.027500 0.041900 0.056800 0.068500 0.013700 0.040100 0.056100 0.040400 0.041300 0.042200 0.099000 0.053900 0.027200 0.041000 0.027700 0.000000 0.026800 0.027700 0.040800 0.041600 0.041900 0.026800 0.027500 0.013500 0.040400 0.000000 0.013500 0.040200 0.074100 0.027500 0.041900 0.000000 0.042900 0.041300 0.054300 0.068200 0.027300 0.040700 0.027000 0.041700 0.000000 0.027100 0.040800 0.026800 0.041100 0.027800 0.000000 0.013700
BlueSheep 0.041700 0.442100 0.042900 0.215700 0.072800 0.042700 0.073900 0.085300 0.057700 0.085000 0.042900 0.085700 0.028000 0.058400 0.117200 0.069800 0.072000 0.086800 0.014100 0.042900 0.041700 0.014100 0.086200 0.088000 0.028400 0.041700 0.014000 0.057200 0.055700 0.042900 0.056900 0.055500 0.126100 0.014000 0.028400 0.042900 0.000000 0.057100 0.070200 0.115400 0.072100 0.056300 0.071400 0.088300 0.042900 0.042100 0.056300 0.041600 0.056900 0.073600 0.042900 0.058300
BohorReedb 0.068100 0.450600 0.041300 0.208500 0.041300 0.070700 0.071200 0.082500 0.055500 0.081900 0.070000 0.082800 0.055000 0.056200 0.113200 0.067400 0.069200 0.083700 0.041400 0.041300 0.040200 0.041400 0.083200 0.084800 0.055800 0.040200 0.041200 0.055100 0.053900 0.041300 0.054800 0.053600 0.121200 0.041200 0.055800 0.041300 0.057100 0.000000 0.067900 0.111400 0.069500 0.054400 0.068700 0.084900 0.041300 0.040500 0.054400 0.040200 0.054900 0.067300 0.041300 0.056100
KirksDik 0.080700 0.492300 0.054300 0.219800 0.083000 0.083800 0.084200 0.066600 0.068400 0.094400 0.082600 0.066800 0.067800 0.069300 0.125700 0.052100 0.053800 0.096500 0.054500 0.054300 0.026000 0.054500 0.095900 0.097500 0.068500 0.026000 0.054100 0.068000 0.039100 0.054300 0.067600 0.066200 0.133500 0.054100 0.068700 0.054300 0.070200 0.067900 0.000000 0.123800 0.082400 0.039500 0.081500 0.097600 0.054300 0.053400 0.039500 0.052900 0.067700 0.069400 0.054300 0.069100
RoeDeer 0.124300 0.466500 0.068200 0.237900 0.097300 0.113100 0.099100 0.139700 0.082600 0.080100 0.097800 0.109600 0.111200 0.113800 0.141200 0.123000 0.096300 0.081700 0.097800 0.068200 0.095000 0.097800 0.110200 0.053800 0.083300 0.095000 0.097200 0.081900 0.109100 0.068200 0.081500 0.080200 0.149800 0.097200 0.112900 0.068200 0.115400 0.111400 0.123800 0.000000 0.096600 0.110100 0.095500 0.053900 0.068200 0.095700 0.081400 0.094900 0.111100 0.098300 0.068200 0.083400
WhiteLippe 0.082700 0.428800 0.027300 0.154900 0.055600 0.070600 0.086300 0.097300 0.041300 0.067600 0.085000 0.068400 0.041000 0.071100 0.128800 0.081800 0.055000 0.069100 0.055900 0.027300 0.054200 0.055900 0.013300 0.070000 0.070500 0.054200 0.055500 0.041000 0.068100 0.027300 0.040700 0.067700 0.104800 0.055500 0.070500 0.027300 0.072100 0.069500 0.082400 0.096600 0.000000 0.068700 0.054500 0.070100 0.027300 0.054700 0.068800 0.054200 0.069400 0.056100 0.027300 0.041700
ThomsonGaz 0.067300 0.472100 0.040700 0.204800 0.069200 0.069800 0.070200 0.053300 0.054800 0.080900 0.069200 0.053500 0.054300 0.055500 0.111600 0.039100 0.068300 0.082700 0.040900 0.040700 0.013000 0.040900 0.082200 0.083700 0.055100 0.013000 0.040700 0.054400 0.026100 0.040700 0.054100 0.053000 0.119200 0.040700 0.055000 0.040700 0.056300 0.054400 0.039500 0.110100 0.068700 0.000000 0.067900 0.083800 0.040700 0.040000 0.026400 0.039700 0.054200 0.069900 0.040700 0.055300
MuntiacusC 0.053500 0.450900 0.027000 0.152700 0.055000 0.069900 0.085300 0.096200 0.027100 0.039400 0.084100 0.067600 0.068700 0.070300 0.127400 0.080900 0.054500 0.068400 0.055300 0.027000 0.053600 0.055300 0.068000 0.069300 0.069700 0.053600 0.054900 0.040500 0.067300 0.027000 0.013200 0.067000 0.103600 0.054900 0.069800 0.027000 0.071400 0.068700 0.081500 0.095500 0.054500 0.067900 0.000000 0.069500 0.027000 0.054100 0.068000 0.053600 0.068600 0.055600 0.027000 0.041300
WhiteTaile 0.098300 0.434800 0.041700 0.209000 0.070800 0.086300 0.102600 0.113200 0.056100 0.054300 0.101000 0.083400 0.084900 0.086800 0.114600 0.097100 0.070100 0.084400 0.071200 0.041700 0.068900 0.071200 0.083900 0.027400 0.086100 0.068900 0.070700 0.055600 0.083000 0.041700 0.055400 0.082700 0.090100 0.070700 0.086300 0.041700 0.088300 0.084900 0.097600 0.053900 0.070100 0.083800 0.069500 0.000000 0.041700 0.069600 0.055100 0.068900 0.084800 0.071500 0.041700 0.056700
Cattle 0.054500 0.407000 0.000100 0.155600 0.027500 0.041900 0.056800 0.068500 0.013600 0.040100 0.056100 0.040400 0.041300 0.042200 0.099000 0.053900 0.027200 0.041000 0.027700 0.000000 0.026800 0.027700 0.040800 0.041600 0.041900 0.026800 0.027500 0.013500 0.040400 0.000000 0.013500 0.040200 0.074100 0.027500 0.041900 0.000000 0.042900 0.041300 0.054300 0.068200 0.027300 0.040700 0.027000 0.041700 0.000000 0.027100 0.040800 0.026800 0.041100 0.027800 0.000000 0.013700
RoyalAntel 0.053600 0.450600 0.027100 0.187000 0.055100 0.055600 0.055700 0.067500 0.041000 0.067200 0.055100 0.067800 0.040500 0.041500 0.097000 0.053000 0.054500 0.068500 0.027200 0.027100 0.026400 0.027200 0.068100 0.069400 0.041100 0.026400 0.027000 0.040600 0.039700 0.027100 0.040400 0.012900 0.103800 0.027000 0.041200 0.027100 0.042100 0.040500 0.053400 0.095700 0.054700 0.040000 0.054100 0.069600 0.027100 0.000000 0.040100 0.026300 0.013200 0.055700 0.027100 0.041400
Steenbok 0.067400 0.471800 0.040800 0.205000 0.069300 0.069900 0.070300 0.053400 0.054800 0.053200 0.069300 0.082000 0.054400 0.055600 0.082600 0.039100 0.068400 0.082800 0.041000 0.040800 0.013000 0.041000 0.082300 0.055000 0.055100 0.013000 0.040700 0.054500 0.026100 0.040800 0.054100 0.053000 0.119400 0.040700 0.055100 0.040800 0.056300 0.054400 0.039500 0.081400 0.068800 0.026400 0.068000 0.055100 0.040800 0.040100 0.000000 0.039800 0.054300 0.070000 0.040800 0.055300
Impala 0.053100 0.446100 0.026800 0.185900 0.054600 0.055100 0.055400 0.067000 0.040500 0.066500 0.054600 0.067200 0.040100 0.041100 0.096400 0.052500 0.053900 0.067900 0.026900 0.026800 0.026100 0.026900 0.067500 0.068800 0.040700 0.026100 0.026700 0.040200 0.039400 0.026800 0.040000 0.039200 0.102800 0.026700 0.040700 0.026800 0.041600 0.040200 0.052900 0.094900 0.054200 0.039700 0.053600 0.068900 0.026800 0.026300 0.039800 0.000000 0.040100 0.055200 0.026800 0.040900
Klipspring 0.068000 0.482700 0.041200 0.206800 0.069900 0.070600 0.070800 0.082000 0.055300 0.081500 0.069900 0.082300 0.054800 0.056100 0.112900 0.067200 0.069100 0.083500 0.041400 0.041100 0.040100 0.041400 0.083000 0.084600 0.055600 0.040100 0.041100 0.054800 0.053700 0.041100 0.054500 0.026200 0.089000 0.041100 0.055700 0.041100 0.056900 0.054900 0.067700 0.111100 0.069400 0.054200 0.068600 0.084800 0.041100 0.013200 0.054300 0.040100 0.000000 0.070700 0.041100 0.055800
ForestMusk 0.084300 0.460800 0.027800 0.193500 0.056600 0.072000 0.088000 0.099100 0.042100 0.068900 0.086600 0.055300 0.070800 0.072400 0.131200 0.083300 0.056000 0.070400 0.056900 0.027800 0.055200 0.056900 0.070000 0.071300 0.071800 0.055200 0.056600 0.041700 0.069300 0.027800 0.041500 0.069000 0.106900 0.056600 0.071900 0.027800 0.073600 0.067300 0.069400 0.098300 0.056100 0.069900 0.055600 0.071500 0.027800 0.055700 0.070000 0.055200 0.070700 0.000000 0.027800 0.042500
Bushbuck 0.054500 0.407000 0.000100 0.155600 0.027500 0.041900 0.056800 0.068500 0.013600 0.040100 0.056100 0.040400 0.041300 0.042200 0.099000 0.053900 0.027200 0.041000 0.027700 0.000000 0.026800 0.027700 0.040800 0.041600 0.041900 0.026800 0.027500 0.013500 0.040400 0.000000 0.013400 0.040200 0.074100 0.027500 0.041900 0.000000 0.042900 0.041300 0.054300 0.068200 0.027300 0.040700 0.027000 0.041700 0.000000 0.027100 0.040800 0.026800 0.041100 0.027800 0.000000 0.013700
GreaterKud 0.069500 0.411300 0.013800 0.175100 0.042000 0.057000 0.072400 0.083700 0.027700 0.054500 0.071500 0.054800 0.056100 0.057400 0.115400 0.068700 0.041700 0.055700 0.042300 0.013700 0.041000 0.042300 0.055400 0.056500 0.056900 0.041000 0.042100 0.027500 0.054800 0.013700 0.027400 0.054600 0.090800 0.042100 0.057000 0.013700 0.058300 0.056100 0.069100 0.083400 0.041700 0.055300 0.041300 0.056700 0.013700 0.041400 0.055300 0.040900 0.055800 0.042500 0.013700 0.000000
