CODONML (in paml version 4.10.7, June 2023)  /home/rachel/ruminants_paml/6406-phy-tree/ENSBTAT00000033568.fasta.phy
Model: free dN/dS Ratios for branches,  kappa = 2.000 fixed

Codon frequency model: F3x4
ns =  54  ls =  54

Codon usage in sequences
--------------------------------------------------------------------------------------------------------------------------------------
Phe TTT   2   1   2   1   2   2 | Ser TCT   0   0   0   0   0   0 | Tyr TAT   1   1   1   1   1   1 | Cys TGT   0   0   0   1   0   0
    TTC   2   2   2   2   2   2 |     TCC   1   1   1   1   1   1 |     TAC   1   1   1   1   2   1 |     TGC   0   0   1   0   0   0
Leu TTA   1   1   1   1   1   1 |     TCA   1   1   1   1   1   0 | *** TAA   0   0   0   0   0   0 | *** TGA   0   0   0   0   0   0
    TTG   1   2   1   1   2   1 |     TCG   0   0   0   0   0   0 |     TAG   0   0   0   0   0   0 | Trp TGG   0   0   0   0   0   0
--------------------------------------------------------------------------------------------------------------------------------------
Leu CTT   0   1   0   0   0   0 | Pro CCT   0   0   0   0   1   1 | His CAT   1   0   0   0   1   1 | Arg CGT   0   0   0   0   0   0
    CTC   1   1   1   1   0   0 |     CCC   0   0   0   0   1   0 |     CAC   4   5   4   5   3   4 |     CGC   1   1   1   1   1   0
    CTA   0   1   0   0   0   0 |     CCA   1   1   1   2   1   1 | Gln CAA   0   1   0   0   0   0 |     CGA   0   0   0   0   0   1
    CTG   2   1   2   2   2   3 |     CCG   1   1   1   0   0   1 |     CAG   3   2   3   3   3   3 |     CGG   0   0   0   0   0   0
--------------------------------------------------------------------------------------------------------------------------------------
Ile ATT   1   1   0   0   0   1 | Thr ACT   1   1   1   1   1   1 | Asn AAT   0   0   0   0   0   0 | Ser AGT   1   1   1   1   1   1
    ATC   1   2   1   1   1   0 |     ACC   2   3   2   2   2   1 |     AAC   3   2   3   3   3   2 |     AGC   0   0   0   0   0   1
    ATA   2   2   3   3   3   3 |     ACA   3   0   3   3   1   2 | Lys AAA   1   2   1   1   2   2 | Arg AGA   0   0   0   0   0   0
Met ATG   0   0   0   0   0   0 |     ACG   0   1   0   0   1   1 |     AAG   4   3   4   4   3   3 |     AGG   0   0   0   0   0   0
--------------------------------------------------------------------------------------------------------------------------------------
Val GTT   0   0   0   0   0   0 | Ala GCT   0   0   0   0   0   0 | Asp GAT   3   3   3   3   3   4 | Gly GGT   0   0   0   0   0   0
    GTC   0   0   0   0   0   0 |     GCC   1   1   1   1   1   2 |     GAC   1   1   1   1   1   0 |     GGC   0   0   0   0   0   0
    GTA   0   0   0   0   1   0 |     GCA   0   1   1   1   0   1 | Glu GAA   0   0   0   0   0   0 |     GGA   1   1   1   1   1   1
    GTG   0   0   0   0   0   0 |     GCG   1   0   0   0   0   0 |     GAG   3   3   3   3   3   3 |     GGG   1   1   1   1   1   1
--------------------------------------------------------------------------------------------------------------------------------------

--------------------------------------------------------------------------------------------------------------------------------------
Phe TTT   2   2   2   2   2   2 | Ser TCT   0   0   0   0   0   0 | Tyr TAT   1   1   1   1   1   0 | Cys TGT   0   0   0   1   0   1
    TTC   2   2   2   2   2   2 |     TCC   1   1   1   1   1   1 |     TAC   1   1   1   1   1   1 |     TGC   0   0   0   0   0   0
Leu TTA   1   1   1   1   1   1 |     TCA   1   1   1   1   1   1 | *** TAA   0   0   0   0   0   0 | *** TGA   0   0   0   0   0   0
    TTG   1   1   1   1   1   1 |     TCG   0   0   0   0   0   0 |     TAG   0   0   0   0   0   0 | Trp TGG   0   0   0   0   0   0
--------------------------------------------------------------------------------------------------------------------------------------
Leu CTT   0   0   0   0   0   0 | Pro CCT   0   0   0   0   0   0 | His CAT   0   0   0   0   0   0 | Arg CGT   1   0   0   0   0   0
    CTC   1   1   1   1   1   1 |     CCC   0   0   0   0   0   0 |     CAC   5   5   5   5   4   4 |     CGC   0   1   1   1   2   2
    CTA   0   0   0   0   0   0 |     CCA   2   1   1   1   1   0 | Gln CAA   0   0   0   0   0   0 |     CGA   0   0   0   0   0   0
    CTG   2   2   2   2   2   2 |     CCG   0   1   1   1   1   2 |     CAG   3   3   2   3   3   3 |     CGG   0   0   1   0   0   0
--------------------------------------------------------------------------------------------------------------------------------------
Ile ATT   0   1   0   0   0   0 | Thr ACT   1   1   1   0   1   1 | Asn AAT   0   0   0   0   0   0 | Ser AGT   1   1   1   0   1   1
    ATC   1   1   1   1   1   1 |     ACC   2   2   2   2   2   2 |     AAC   3   3   3   3   3   3 |     AGC   0   0   0   0   0   0
    ATA   2   2   3   3   2   3 |     ACA   3   3   3   3   4   3 | Lys AAA   1   1   1   1   1   2 | Arg AGA   0   0   0   0   0   0
Met ATG   0   0   0   0   0   0 |     ACG   0   0   0   0   0   0 |     AAG   4   4   4   4   4   2 |     AGG   0   0   0   0   0   1
--------------------------------------------------------------------------------------------------------------------------------------
Val GTT   0   0   0   0   0   0 | Ala GCT   0   0   0   1   0   0 | Asp GAT   3   3   2   3   3   3 | Gly GGT   0   0   1   0   0   0
    GTC   0   0   0   0   0   0 |     GCC   1   1   1   1   1   1 |     GAC   1   1   1   1   1   1 |     GGC   0   0   0   0   0   0
    GTA   1   0   0   0   0   0 |     GCA   0   1   1   0   1   1 | Glu GAA   0   0   0   0   0   0 |     GGA   1   1   1   1   1   1
    GTG   0   0   0   0   0   0 |     GCG   1   0   0   1   0   0 |     GAG   3   3   3   3   3   3 |     GGG   1   1   1   1   1   1
--------------------------------------------------------------------------------------------------------------------------------------

--------------------------------------------------------------------------------------------------------------------------------------
Phe TTT   2   2   2   2   2   2 | Ser TCT   0   0   0   0   0   0 | Tyr TAT   1   1   1   1   1   0 | Cys TGT   0   0   0   0   0   2
    TTC   2   2   2   2   2   2 |     TCC   1   1   1   1   1   1 |     TAC   1   1   1   1   1   1 |     TGC   0   0   0   0   0   0
Leu TTA   1   1   1   1   1   1 |     TCA   1   1   1   1   1   1 | *** TAA   0   0   0   0   0   0 | *** TGA   0   0   0   0   0   0
    TTG   1   1   1   1   1   1 |     TCG   0   0   0   0   0   0 |     TAG   0   0   0   0   0   0 | Trp TGG   0   0   0   0   0   0
--------------------------------------------------------------------------------------------------------------------------------------
Leu CTT   0   0   0   0   0   0 | Pro CCT   0   0   0   0   0   0 | His CAT   0   0   0   0   0   0 | Arg CGT   0   0   0   0   0   0
    CTC   1   1   1   1   1   1 |     CCC   0   0   0   0   0   0 |     CAC   5   4   5   5   5   5 |     CGC   1   2   1   1   1   1
    CTA   0   0   0   0   0   0 |     CCA   2   2   1   1   2   1 | Gln CAA   0   0   0   0   1   0 |     CGA   0   0   0   0   0   0
    CTG   2   2   2   2   2   2 |     CCG   0   0   1   1   0   1 |     CAG   3   3   3   2   2   3 |     CGG   0   0   0   1   0   0
--------------------------------------------------------------------------------------------------------------------------------------
Ile ATT   0   0   0   0   0   0 | Thr ACT   1   1   0   1   1   1 | Asn AAT   0   0   0   0   0   0 | Ser AGT   1   1   1   1   1   0
    ATC   1   1   1   1   1   1 |     ACC   2   2   2   2   2   2 |     AAC   3   3   3   3   3   3 |     AGC   0   0   0   0   0   0
    ATA   3   3   3   3   2   3 |     ACA   3   3   3   3   4   3 | Lys AAA   1   1   1   1   1   1 | Arg AGA   0   0   0   0   0   0
Met ATG   0   0   0   0   0   0 |     ACG   0   0   0   0   0   0 |     AAG   4   4   4   4   4   4 |     AGG   0   0   0   0   0   0
--------------------------------------------------------------------------------------------------------------------------------------
Val GTT   0   0   0   0   0   0 | Ala GCT   0   0   1   0   0   0 | Asp GAT   3   3   3   3   3   3 | Gly GGT   0   0   0   0   0   0
    GTC   0   0   0   0   0   0 |     GCC   1   1   1   1   1   1 |     GAC   1   1   1   1   1   1 |     GGC   0   0   0   0   0   0
    GTA   0   0   0   0   0   0 |     GCA   0   1   0   1   1   0 | Glu GAA   0   0   0   0   0   0 |     GGA   1   1   1   1   0   1
    GTG   0   0   0   0   0   0 |     GCG   1   0   1   0   0   1 |     GAG   3   3   3   3   3   3 |     GGG   1   1   1   1   2   1
--------------------------------------------------------------------------------------------------------------------------------------

--------------------------------------------------------------------------------------------------------------------------------------
Phe TTT   2   2   2   2   2   2 | Ser TCT   0   0   0   0   0   0 | Tyr TAT   1   1   1   1   1   1 | Cys TGT   0   0   0   0   1   0
    TTC   2   2   2   2   2   2 |     TCC   1   1   1   1   1   1 |     TAC   1   1   1   1   1   1 |     TGC   0   0   0   0   0   0
Leu TTA   1   1   1   1   1   1 |     TCA   2   2   1   1   1   1 | *** TAA   0   0   0   0   0   0 | *** TGA   0   0   0   0   0   0
    TTG   1   1   1   1   1   1 |     TCG   0   0   0   0   0   0 |     TAG   0   0   0   0   0   0 | Trp TGG   0   0   0   0   0   0
--------------------------------------------------------------------------------------------------------------------------------------
Leu CTT   0   0   0   0   0   0 | Pro CCT   0   0   0   0   0   0 | His CAT   0   0   0   0   1   0 | Arg CGT   0   0   0   0   0   0
    CTC   1   1   1   1   1   1 |     CCC   0   0   0   0   0   0 |     CAC   6   5   5   4   4   5 |     CGC   0   1   1   2   1   1
    CTA   0   0   0   0   0   0 |     CCA   1   1   1   1   1   2 | Gln CAA   0   0   0   0   0   0 |     CGA   0   0   0   0   0   0
    CTG   2   2   2   2   2   2 |     CCG   1   1   1   1   1   0 |     CAG   3   3   3   3   3   3 |     CGG   0   0   0   0   0   0
--------------------------------------------------------------------------------------------------------------------------------------
Ile ATT   0   0   0   0   0   0 | Thr ACT   1   1   1   1   1   1 | Asn AAT   0   0   1   0   0   0 | Ser AGT   1   1   1   1   0   1
    ATC   1   0   1   1   1   1 |     ACC   2   3   2   2   2   2 |     AAC   3   3   2   3   3   3 |     AGC   0   0   0   0   0   0
    ATA   3   3   3   3   3   3 |     ACA   3   3   3   3   3   3 | Lys AAA   2   2   1   1   1   1 | Arg AGA   0   0   0   0   0   0
Met ATG   0   0   0   0   0   0 |     ACG   0   0   0   0   0   0 |     AAG   3   3   4   4   4   4 |     AGG   0   0   0   0   0   0
--------------------------------------------------------------------------------------------------------------------------------------
Val GTT   0   0   0   0   0   0 | Ala GCT   0   0   0   0   0   0 | Asp GAT   3   3   3   3   3   3 | Gly GGT   0   0   0   0   0   0
    GTC   0   0   0   0   0   0 |     GCC   1   1   2   1   1   1 |     GAC   1   1   1   1   1   1 |     GGC   0   0   0   0   0   0
    GTA   0   0   0   0   0   0 |     GCA   0   0   0   1   0   0 | Glu GAA   0   0   0   0   0   0 |     GGA   1   1   1   1   1   1
    GTG   0   0   0   0   0   0 |     GCG   0   0   0   0   1   1 |     GAG   3   3   3   3   3   3 |     GGG   1   1   1   1   1   1
--------------------------------------------------------------------------------------------------------------------------------------

--------------------------------------------------------------------------------------------------------------------------------------
Phe TTT   2   2   2   2   2   2 | Ser TCT   0   0   0   0   0   0 | Tyr TAT   0   0   1   1   1   1 | Cys TGT   1   1   0   1   0   0
    TTC   2   2   2   2   2   2 |     TCC   1   1   1   1   1   1 |     TAC   1   0   1   2   1   1 |     TGC   0   0   0   0   0   0
Leu TTA   1   1   1   1   1   1 |     TCA   1   1   1   1   1   1 | *** TAA   0   0   0   0   0   0 | *** TGA   0   0   0   0   0   0
    TTG   1   1   1   1   1   1 |     TCG   0   0   0   1   0   0 |     TAG   0   0   0   0   0   0 | Trp TGG   0   0   0   0   0   0
--------------------------------------------------------------------------------------------------------------------------------------
Leu CTT   0   0   0   0   0   0 | Pro CCT   0   0   0   0   0   0 | His CAT   0   0   0   0   0   0 | Arg CGT   0   0   0   0   0   0
    CTC   1   1   1   1   1   1 |     CCC   0   0   0   0   0   0 |     CAC   4   5   5   4   5   4 |     CGC   2   2   1   1   1   2
    CTA   0   0   0   0   0   0 |     CCA   1   1   2   1   2   1 | Gln CAA   0   0   0   0   0   0 |     CGA   0   0   0   0   0   0
    CTG   2   2   2   2   2   2 |     CCG   1   1   0   1   0   1 |     CAG   3   2   3   3   3   3 |     CGG   0   0   0   0   0   0
--------------------------------------------------------------------------------------------------------------------------------------
Ile ATT   0   0   0   0   0   0 | Thr ACT   1   1   1   1   1   1 | Asn AAT   0   0   0   0   0   0 | Ser AGT   1   1   1   0   1   1
    ATC   1   1   1   1   1   1 |     ACC   2   2   2   2   2   2 |     AAC   3   3   3   3   3   3 |     AGC   0   0   0   0   0   0
    ATA   3   3   3   3   3   3 |     ACA   3   3   3   3   3   3 | Lys AAA   3   2   1   1   1   1 | Arg AGA   0   0   0   0   0   0
Met ATG   0   0   0   0   0   0 |     ACG   0   0   0   0   0   0 |     AAG   2   3   4   4   4   4 |     AGG   0   0   0   0   0   0
--------------------------------------------------------------------------------------------------------------------------------------
Val GTT   0   0   0   0   0   0 | Ala GCT   0   0   0   0   0   0 | Asp GAT   4   3   3   3   3   3 | Gly GGT   0   0   0   0   0   0
    GTC   0   0   0   0   0   0 |     GCC   1   1   1   1   1   1 |     GAC   0   1   1   1   1   1 |     GGC   0   0   0   0   0   0
    GTA   0   0   0   0   0   0 |     GCA   1   1   1   0   0   1 | Glu GAA   0   0   0   0   0   0 |     GGA   1   1   1   1   1   1
    GTG   0   0   0   0   0   0 |     GCG   0   0   0   0   1   0 |     GAG   3   4   3   3   3   3 |     GGG   1   1   1   1   1   1
--------------------------------------------------------------------------------------------------------------------------------------

--------------------------------------------------------------------------------------------------------------------------------------
Phe TTT   2   2   2   2   2   2 | Ser TCT   0   0   0   0   0   0 | Tyr TAT   0   1   0   1   1   1 | Cys TGT   2   0   1   0   0   0
    TTC   2   2   2   2   2   2 |     TCC   1   1   1   1   1   1 |     TAC   1   1   1   1   1   1 |     TGC   0   0   0   0   0   0
Leu TTA   1   1   1   1   1   1 |     TCA   1   1   1   1   2   1 | *** TAA   0   0   0   0   0   0 | *** TGA   0   0   0   0   0   0
    TTG   1   1   1   1   1   1 |     TCG   0   0   0   0   0   0 |     TAG   0   0   0   0   0   0 | Trp TGG   0   0   0   0   0   0
--------------------------------------------------------------------------------------------------------------------------------------
Leu CTT   0   0   0   0   0   0 | Pro CCT   0   0   0   0   0   0 | His CAT   0   0   0   0   1   0 | Arg CGT   0   0   0   0   0   0
    CTC   1   1   1   1   1   1 |     CCC   0   0   0   0   0   0 |     CAC   5   4   4   5   4   5 |     CGC   1   2   2   1   1   1
    CTA   0   0   0   0   0   0 |     CCA   1   1   0   1   1   2 | Gln CAA   0   0   0   0   0   0 |     CGA   0   0   0   0   0   0
    CTG   2   2   2   2   2   2 |     CCG   1   1   2   1   1   0 |     CAG   3   3   3   2   3   3 |     CGG   0   0   0   1   0   0
--------------------------------------------------------------------------------------------------------------------------------------
Ile ATT   0   0   0   0   0   0 | Thr ACT   1   1   1   1   1   1 | Asn AAT   0   0   0   0   0   0 | Ser AGT   0   1   1   1   1   1
    ATC   1   1   1   1   1   1 |     ACC   2   2   2   2   2   2 |     AAC   3   3   3   3   3   3 |     AGC   0   0   0   0   0   0
    ATA   3   3   3   3   3   3 |     ACA   3   3   3   3   3   3 | Lys AAA   1   1   2   1   2   1 | Arg AGA   0   0   0   0   0   0
Met ATG   0   0   0   0   0   0 |     ACG   0   0   0   0   0   0 |     AAG   4   4   2   4   3   4 |     AGG   0   0   1   0   0   0
--------------------------------------------------------------------------------------------------------------------------------------
Val GTT   0   0   0   0   0   0 | Ala GCT   0   0   0   0   0   0 | Asp GAT   3   3   3   3   3   3 | Gly GGT   0   0   0   0   0   0
    GTC   0   0   0   0   0   0 |     GCC   1   1   1   1   1   1 |     GAC   1   1   1   1   1   1 |     GGC   0   0   0   0   0   0
    GTA   0   0   0   0   0   0 |     GCA   0   1   1   1   0   0 | Glu GAA   0   0   0   0   0   0 |     GGA   1   1   1   1   1   1
    GTG   0   0   0   0   0   0 |     GCG   1   0   0   0   0   1 |     GAG   3   3   3   3   3   3 |     GGG   1   1   1   1   1   1
--------------------------------------------------------------------------------------------------------------------------------------

--------------------------------------------------------------------------------------------------------------------------------------
Phe TTT   2   2   2   2   2   2 | Ser TCT   0   0   0   0   0   0 | Tyr TAT   1   1   1   1   1   0 | Cys TGT   0   0   0   0   1   1
    TTC   2   2   2   2   2   2 |     TCC   1   1   1   1   1   1 |     TAC   2   1   1   1   1   1 |     TGC   0   0   0   0   0   0
Leu TTA   1   1   1   1   1   1 |     TCA   1   1   1   1   1   1 | *** TAA   0   0   0   0   0   0 | *** TGA   0   0   0   0   0   0
    TTG   1   1   1   1   1   1 |     TCG   0   0   0   0   0   0 |     TAG   0   0   0   0   0   0 | Trp TGG   0   0   0   0   0   0
--------------------------------------------------------------------------------------------------------------------------------------
Leu CTT   0   0   0   0   0   0 | Pro CCT   0   0   0   0   0   0 | His CAT   0   0   0   0   0   0 | Arg CGT   0   0   0   1   0   0
    CTC   1   1   1   1   1   1 |     CCC   0   0   0   0   0   0 |     CAC   4   4   5   5   5   4 |     CGC   1   2   1   0   1   2
    CTA   0   0   0   0   0   0 |     CCA   1   2   2   2   1   1 | Gln CAA   0   0   0   0   0   0 |     CGA   0   0   0   0   0   0
    CTG   2   2   2   2   2   2 |     CCG   1   0   0   0   1   1 |     CAG   3   3   3   3   3   3 |     CGG   0   0   0   0   0   0
--------------------------------------------------------------------------------------------------------------------------------------
Ile ATT   0   0   0   0   0   0 | Thr ACT   1   1   1   1   1   2 | Asn AAT   1   0   0   0   0   0 | Ser AGT   1   1   1   1   0   1
    ATC   1   1   1   1   1   1 |     ACC   2   2   2   2   2   1 |     AAC   2   3   3   3   3   3 |     AGC   0   0   0   0   0   0
    ATA   3   3   3   2   3   3 |     ACA   3   3   3   3   3   3 | Lys AAA   1   0   1   1   1   2 | Arg AGA   0   1   0   0   0   0
Met ATG   0   0   0   0   0   0 |     ACG   0   0   0   0   0   0 |     AAG   4   4   4   4   4   3 |     AGG   0   0   0   0   0   0
--------------------------------------------------------------------------------------------------------------------------------------
Val GTT   0   0   0   0   0   0 | Ala GCT   0   0   0   0   0   0 | Asp GAT   3   3   3   3   3   3 | Gly GGT   0   0   0   0   0   0
    GTC   0   0   0   0   0   0 |     GCC   1   1   1   1   1   1 |     GAC   1   1   1   1   1   1 |     GGC   0   0   0   0   0   0
    GTA   0   0   0   1   0   0 |     GCA   0   1   0   0   0   1 | Glu GAA   0   0   0   0   0   0 |     GGA   1   1   1   1   1   1
    GTG   0   0   0   0   0   0 |     GCG   1   0   1   1   1   0 |     GAG   3   3   3   3   3   3 |     GGG   1   1   1   1   1   1
--------------------------------------------------------------------------------------------------------------------------------------

--------------------------------------------------------------------------------------------------------------------------------------
Phe TTT   2   2   2   2   2   1 | Ser TCT   0   0   0   0   0   0 | Tyr TAT   0   1   0   0   1   0 | Cys TGT   1   1   1   1   0   0
    TTC   2   2   2   2   2   2 |     TCC   1   1   1   1   1   1 |     TAC   1   2   1   1   1   2 |     TGC   0   0   0   0   0   0
Leu TTA   1   1   1   1   1   1 |     TCA   1   1   1   1   1   1 | *** TAA   0   0   0   0   0   0 | *** TGA   0   0   0   0   0   0
    TTG   1   1   1   1   1   1 |     TCG   0   0   0   0   0   0 |     TAG   0   0   0   0   0   0 | Trp TGG   0   0   0   0   0   0
--------------------------------------------------------------------------------------------------------------------------------------
Leu CTT   0   0   0   0   0   1 | Pro CCT   0   0   0   0   0   0 | His CAT   0   0   0   0   0   0 | Arg CGT   0   0   0   0   0   0
    CTC   1   1   1   1   1   0 |     CCC   0   0   0   0   0   0 |     CAC   4   4   4   4   4   5 |     CGC   2   1   2   2   2   1
    CTA   0   0   0   0   0   0 |     CCA   1   1   0   0   2   1 | Gln CAA   0   0   0   0   0   0 |     CGA   0   0   0   0   0   0
    CTG   2   2   2   2   2   3 |     CCG   1   1   2   2   0   1 |     CAG   3   3   3   3   3   3 |     CGG   0   0   0   0   0   0
--------------------------------------------------------------------------------------------------------------------------------------
Ile ATT   0   0   0   0   0   0 | Thr ACT   1   1   1   1   1   1 | Asn AAT   0   0   0   0   0   0 | Ser AGT   1   0   1   1   1   1
    ATC   1   1   1   1   1   1 |     ACC   2   2   2   2   2   2 |     AAC   3   3   3   3   3   3 |     AGC   0   0   0   0   0   0
    ATA   3   3   3   3   3   3 |     ACA   3   3   3   3   3   3 | Lys AAA   3   1   2   2   1   1 | Arg AGA   0   0   0   0   0   0
Met ATG   0   0   0   0   0   0 |     ACG   0   0   0   0   0   0 |     AAG   2   4   2   3   4   4 |     AGG   0   0   1   0   0   0
--------------------------------------------------------------------------------------------------------------------------------------
Val GTT   0   0   0   0   0   0 | Ala GCT   0   0   0   0   0   0 | Asp GAT   3   3   3   3   3   3 | Gly GGT   0   0   0   0   0   0
    GTC   0   0   0   0   0   0 |     GCC   1   1   1   1   1   1 |     GAC   1   1   1   1   1   1 |     GGC   0   0   0   0   0   0
    GTA   0   0   0   0   0   0 |     GCA   1   0   1   1   1   1 | Glu GAA   0   0   0   0   0   0 |     GGA   1   1   1   1   1   1
    GTG   0   0   0   0   0   0 |     GCG   0   1   0   0   0   0 |     GAG   3   3   3   3   3   3 |     GGG   1   1   1   1   1   1
--------------------------------------------------------------------------------------------------------------------------------------

--------------------------------------------------------------------------------------------------------------------------------------
Phe TTT   2   2   2   1   2   2 | Ser TCT   0   0   0   0   0   0 | Tyr TAT   1   1   1   0   1   1 | Cys TGT   1   0   0   1   0   0
    TTC   2   2   2   2   2   2 |     TCC   1   1   1   1   1   1 |     TAC   1   1   1   1   1   1 |     TGC   0   0   0   0   0   1
Leu TTA   1   1   1   1   1   1 |     TCA   1   1   1   1   1   1 | *** TAA   0   0   0   0   0   0 | *** TGA   0   0   0   0   0   0
    TTG   1   1   1   1   1   1 |     TCG   0   0   0   0   0   0 |     TAG   0   0   0   0   0   0 | Trp TGG   0   0   0   0   0   0
--------------------------------------------------------------------------------------------------------------------------------------
Leu CTT   0   0   0   0   0   0 | Pro CCT   0   0   0   0   0   0 | His CAT   0   0   0   0   0   0 | Arg CGT   0   0   0   0   0   0
    CTC   1   1   1   1   1   1 |     CCC   0   0   0   0   0   0 |     CAC   5   5   5   5   4   4 |     CGC   1   1   1   1   2   1
    CTA   0   0   0   0   0   0 |     CCA   1   1   1   2   1   1 | Gln CAA   0   0   0   0   0   0 |     CGA   0   0   0   0   0   0
    CTG   2   2   2   2   2   2 |     CCG   1   1   1   0   1   1 |     CAG   3   3   2   3   3   3 |     CGG   0   0   1   0   0   0
--------------------------------------------------------------------------------------------------------------------------------------
Ile ATT   0   0   1   0   0   0 | Thr ACT   1   1   0   1   1   1 | Asn AAT   0   1   0   1   0   0 | Ser AGT   0   1   1   1   1   1
    ATC   1   1   1   1   1   1 |     ACC   2   2   2   2   2   2 |     AAC   3   2   3   3   3   3 |     AGC   0   0   0   0   0   0
    ATA   3   3   3   3   2   3 |     ACA   3   3   3   3   4   3 | Lys AAA   2   1   1   1   1   2 | Arg AGA   0   0   0   0   0   0
Met ATG   0   0   0   0   0   0 |     ACG   0   0   0   0   0   0 |     AAG   3   4   4   4   4   3 |     AGG   0   0   0   0   0   0
--------------------------------------------------------------------------------------------------------------------------------------
Val GTT   0   0   0   0   0   0 | Ala GCT   0   0   0   0   0   0 | Asp GAT   3   3   3   3   3   3 | Gly GGT   0   0   0   0   0   0
    GTC   0   0   0   0   0   0 |     GCC   1   1   1   1   1   1 |     GAC   1   1   1   1   1   1 |     GGC   0   0   0   0   0   0
    GTA   0   0   0   0   0   0 |     GCA   0   1   1   1   1   1 | Glu GAA   0   0   0   1   1   0 |     GGA   1   1   1   1   1   1
    GTG   0   0   0   0   0   0 |     GCG   1   0   0   0   0   0 |     GAG   3   3   3   2   2   3 |     GGG   1   1   1   1   1   1
--------------------------------------------------------------------------------------------------------------------------------------

Codon position x base (3x4) table for each sequence.

#1: Argali         
position  1:    T:0.18519    C:0.25926    A:0.35185    G:0.20370
position  2:    T:0.24074    C:0.22222    A:0.46296    G:0.07407
position  3:    T:0.18519    C:0.33333    A:0.18519    G:0.29630
Average         T:0.20370    C:0.27160    A:0.33333    G:0.19136

#2: LesserMouseDeer
position  1:    T:0.18519    C:0.27778    A:0.33333    G:0.20370
position  2:    T:0.27778    C:0.20370    A:0.44444    G:0.07407
position  3:    T:0.16667    C:0.37037    A:0.20370    G:0.25926
Average         T:0.20988    C:0.28395    A:0.32716    G:0.17901

#3: LesserKudu     
position  1:    T:0.20370    C:0.24074    A:0.35185    G:0.20370
position  2:    T:0.24074    C:0.22222    A:0.44444    G:0.09259
position  3:    T:0.14815    C:0.35185    A:0.22222    G:0.27778
Average         T:0.19753    C:0.27160    A:0.33951    G:0.19136

#4: ForestMuskDeer2
position  1:    T:0.18519    C:0.25926    A:0.35185    G:0.20370
position  2:    T:0.22222    C:0.22222    A:0.46296    G:0.09259
position  3:    T:0.14815    C:0.35185    A:0.24074    G:0.25926
Average         T:0.18519    C:0.27778    A:0.35185    G:0.18519

#5: Camel          
position  1:    T:0.22222    C:0.24074    A:0.33333    G:0.20370
position  2:    T:0.25926    C:0.20370    A:0.46296    G:0.07407
position  3:    T:0.18519    C:0.33333    A:0.20370    G:0.27778
Average         T:0.22222    C:0.25926    A:0.33333    G:0.18519

#6: KillerWhale    
position  1:    T:0.16667    C:0.27778    A:0.33333    G:0.22222
position  2:    T:0.24074    C:0.22222    A:0.44444    G:0.09259
position  3:    T:0.22222    C:0.25926    A:0.22222    G:0.29630
Average         T:0.20988    C:0.25309    A:0.33333    G:0.20370

#7: DefassaWaterbuck
position  1:    T:0.18519    C:0.25926    A:0.33333    G:0.22222
position  2:    T:0.24074    C:0.22222    A:0.46296    G:0.07407
position  3:    T:0.16667    C:0.33333    A:0.22222    G:0.27778
Average         T:0.19753    C:0.27160    A:0.33951    G:0.19136

#8: Sheep          
position  1:    T:0.18519    C:0.25926    A:0.35185    G:0.20370
position  2:    T:0.24074    C:0.22222    A:0.46296    G:0.07407
position  3:    T:0.16667    C:0.35185    A:0.20370    G:0.27778
Average         T:0.19753    C:0.27778    A:0.33951    G:0.18519

#9: MaxwellsDuiker 
position  1:    T:0.18519    C:0.25926    A:0.35185    G:0.20370
position  2:    T:0.24074    C:0.22222    A:0.42593    G:0.11111
position  3:    T:0.14815    C:0.35185    A:0.22222    G:0.27778
Average         T:0.19136    C:0.27778    A:0.33333    G:0.19753

#10: GazellaPrzewalskyi
position  1:    T:0.20370    C:0.25926    A:0.31481    G:0.22222
position  2:    T:0.24074    C:0.22222    A:0.46296    G:0.07407
position  3:    T:0.14815    C:0.35185    A:0.20370    G:0.29630
Average         T:0.19753    C:0.27778    A:0.32716    G:0.19753

#11: MountainNyala  
position  1:    T:0.18519    C:0.25926    A:0.35185    G:0.20370
position  2:    T:0.22222    C:0.24074    A:0.44444    G:0.09259
position  3:    T:0.14815    C:0.35185    A:0.22222    G:0.27778
Average         T:0.18519    C:0.28395    A:0.33951    G:0.19136

#12: MuntiacusMuntjak
position  1:    T:0.18519    C:0.25926    A:0.35185    G:0.20370
position  2:    T:0.24074    C:0.22222    A:0.40741    G:0.12963
position  3:    T:0.14815    C:0.35185    A:0.22222    G:0.27778
Average         T:0.19136    C:0.27778    A:0.32716    G:0.20370

#13: goat           
position  1:    T:0.18519    C:0.25926    A:0.35185    G:0.20370
position  2:    T:0.24074    C:0.22222    A:0.46296    G:0.07407
position  3:    T:0.14815    C:0.35185    A:0.22222    G:0.27778
Average         T:0.19136    C:0.27778    A:0.34568    G:0.18519

#14: AfricanBuffalo 
position  1:    T:0.18519    C:0.25926    A:0.35185    G:0.20370
position  2:    T:0.24074    C:0.22222    A:0.44444    G:0.09259
position  3:    T:0.14815    C:0.35185    A:0.24074    G:0.25926
Average         T:0.19136    C:0.27778    A:0.34568    G:0.18519

#15: Topi           
position  1:    T:0.18519    C:0.25926    A:0.33333    G:0.22222
position  2:    T:0.24074    C:0.22222    A:0.46296    G:0.07407
position  3:    T:0.14815    C:0.35185    A:0.20370    G:0.29630
Average         T:0.19136    C:0.27778    A:0.33333    G:0.19753

#16: CommonDuiker   
position  1:    T:0.18519    C:0.25926    A:0.35185    G:0.20370
position  2:    T:0.24074    C:0.22222    A:0.44444    G:0.09259
position  3:    T:0.14815    C:0.35185    A:0.22222    G:0.27778
Average         T:0.19136    C:0.27778    A:0.33951    G:0.19136

#17: Suni           
position  1:    T:0.18519    C:0.25926    A:0.35185    G:0.20370
position  2:    T:0.22222    C:0.24074    A:0.46296    G:0.07407
position  3:    T:0.14815    C:0.35185    A:0.24074    G:0.25926
Average         T:0.18519    C:0.28395    A:0.35185    G:0.17901

#18: Springbuck     
position  1:    T:0.20370    C:0.25926    A:0.33333    G:0.20370
position  2:    T:0.24074    C:0.22222    A:0.44444    G:0.09259
position  3:    T:0.14815    C:0.35185    A:0.20370    G:0.29630
Average         T:0.19753    C:0.27778    A:0.32716    G:0.19753

#19: Okapi          
position  1:    T:0.20370    C:0.25926    A:0.35185    G:0.18519
position  2:    T:0.24074    C:0.22222    A:0.48148    G:0.05556
position  3:    T:0.14815    C:0.35185    A:0.24074    G:0.25926
Average         T:0.19753    C:0.27778    A:0.35802    G:0.16667

#20: Giraffe        
position  1:    T:0.20370    C:0.25926    A:0.35185    G:0.18519
position  2:    T:0.22222    C:0.24074    A:0.46296    G:0.07407
position  3:    T:0.14815    C:0.35185    A:0.24074    G:0.25926
Average         T:0.19136    C:0.28395    A:0.35185    G:0.17284

#21: TibetanAntelope
position  1:    T:0.18519    C:0.25926    A:0.35185    G:0.20370
position  2:    T:0.24074    C:0.22222    A:0.46296    G:0.07407
position  3:    T:0.16667    C:0.35185    A:0.20370    G:0.27778
Average         T:0.19753    C:0.27778    A:0.33951    G:0.18519

#22: Sitatunga      
position  1:    T:0.18519    C:0.25926    A:0.35185    G:0.20370
position  2:    T:0.24074    C:0.22222    A:0.44444    G:0.09259
position  3:    T:0.14815    C:0.35185    A:0.22222    G:0.27778
Average         T:0.19136    C:0.27778    A:0.33951    G:0.19136

#23: Oribi          
position  1:    T:0.20370    C:0.25926    A:0.33333    G:0.20370
position  2:    T:0.24074    C:0.22222    A:0.46296    G:0.07407
position  3:    T:0.16667    C:0.33333    A:0.20370    G:0.29630
Average         T:0.20370    C:0.27160    A:0.33333    G:0.19136

#24: BarbarySheep   
position  1:    T:0.18519    C:0.25926    A:0.35185    G:0.20370
position  2:    T:0.24074    C:0.22222    A:0.46296    G:0.07407
position  3:    T:0.14815    C:0.35185    A:0.22222    G:0.27778
Average         T:0.19136    C:0.27778    A:0.34568    G:0.18519

#25: Daviddeer      
position  1:    T:0.18519    C:0.25926    A:0.35185    G:0.20370
position  2:    T:0.24074    C:0.22222    A:0.42593    G:0.11111
position  3:    T:0.16667    C:0.33333    A:0.25926    G:0.24074
Average         T:0.19753    C:0.27160    A:0.34568    G:0.18519

#26: Reindeer       
position  1:    T:0.16667    C:0.25926    A:0.35185    G:0.22222
position  2:    T:0.24074    C:0.22222    A:0.42593    G:0.11111
position  3:    T:0.14815    C:0.35185    A:0.24074    G:0.25926
Average         T:0.18519    C:0.27778    A:0.33951    G:0.19753

#27: Ibex           
position  1:    T:0.18519    C:0.25926    A:0.35185    G:0.20370
position  2:    T:0.24074    C:0.22222    A:0.46296    G:0.07407
position  3:    T:0.14815    C:0.35185    A:0.24074    G:0.25926
Average         T:0.19136    C:0.27778    A:0.35185    G:0.17901

#28: GyrantGazelle  
position  1:    T:0.24074    C:0.24074    A:0.33333    G:0.18519
position  2:    T:0.24074    C:0.22222    A:0.46296    G:0.07407
position  3:    T:0.14815    C:0.35185    A:0.20370    G:0.29630
Average         T:0.20988    C:0.27160    A:0.33333    G:0.18519

#29: Hartebeest     
position  1:    T:0.18519    C:0.25926    A:0.35185    G:0.20370
position  2:    T:0.24074    C:0.22222    A:0.46296    G:0.07407
position  3:    T:0.14815    C:0.35185    A:0.22222    G:0.27778
Average         T:0.19136    C:0.27778    A:0.34568    G:0.18519

#30: Bongo          
position  1:    T:0.18519    C:0.25926    A:0.35185    G:0.20370
position  2:    T:0.24074    C:0.22222    A:0.44444    G:0.09259
position  3:    T:0.14815    C:0.35185    A:0.22222    G:0.27778
Average         T:0.19136    C:0.27778    A:0.33951    G:0.19136

#31: Gerenuk        
position  1:    T:0.20370    C:0.25926    A:0.33333    G:0.20370
position  2:    T:0.24074    C:0.22222    A:0.44444    G:0.09259
position  3:    T:0.14815    C:0.35185    A:0.20370    G:0.29630
Average         T:0.19753    C:0.27778    A:0.32716    G:0.19753

#32: CommonEland    
position  1:    T:0.18519    C:0.25926    A:0.35185    G:0.20370
position  2:    T:0.24074    C:0.22222    A:0.44444    G:0.09259
position  3:    T:0.14815    C:0.35185    A:0.22222    G:0.27778
Average         T:0.19136    C:0.27778    A:0.33951    G:0.19136

#33: MuntiacusReevesi
position  1:    T:0.18519    C:0.25926    A:0.35185    G:0.20370
position  2:    T:0.24074    C:0.22222    A:0.40741    G:0.12963
position  3:    T:0.14815    C:0.35185    A:0.22222    G:0.27778
Average         T:0.19136    C:0.27778    A:0.32716    G:0.20370

#34: HarveysDuiker  
position  1:    T:0.18519    C:0.25926    A:0.35185    G:0.20370
position  2:    T:0.24074    C:0.22222    A:0.44444    G:0.09259
position  3:    T:0.14815    C:0.35185    A:0.22222    G:0.27778
Average         T:0.19136    C:0.27778    A:0.33951    G:0.19136

#35: Pronghorn      
position  1:    T:0.20370    C:0.25926    A:0.35185    G:0.18519
position  2:    T:0.24074    C:0.22222    A:0.46296    G:0.07407
position  3:    T:0.16667    C:0.33333    A:0.24074    G:0.25926
Average         T:0.20370    C:0.27160    A:0.35185    G:0.17284

#36: BlueWildebeest 
position  1:    T:0.18519    C:0.25926    A:0.35185    G:0.20370
position  2:    T:0.24074    C:0.22222    A:0.46296    G:0.07407
position  3:    T:0.14815    C:0.35185    A:0.22222    G:0.27778
Average         T:0.19136    C:0.27778    A:0.34568    G:0.18519

#37: Gemsbok        
position  1:    T:0.20370    C:0.24074    A:0.35185    G:0.20370
position  2:    T:0.24074    C:0.22222    A:0.46296    G:0.07407
position  3:    T:0.16667    C:0.33333    A:0.20370    G:0.29630
Average         T:0.20370    C:0.26543    A:0.33951    G:0.19136

#38: Yak            
position  1:    T:0.18519    C:0.25926    A:0.35185    G:0.20370
position  2:    T:0.24074    C:0.22222    A:0.42593    G:0.11111
position  3:    T:0.14815    C:0.35185    A:0.24074    G:0.25926
Average         T:0.19136    C:0.27778    A:0.33951    G:0.19136

#39: BlueSheep      
position  1:    T:0.18519    C:0.25926    A:0.35185    G:0.20370
position  2:    T:0.24074    C:0.22222    A:0.46296    G:0.07407
position  3:    T:0.14815    C:0.35185    A:0.22222    G:0.27778
Average         T:0.19136    C:0.27778    A:0.34568    G:0.18519

#40: BohorReedbuck  
position  1:    T:0.18519    C:0.25926    A:0.33333    G:0.22222
position  2:    T:0.24074    C:0.22222    A:0.46296    G:0.07407
position  3:    T:0.16667    C:0.33333    A:0.22222    G:0.27778
Average         T:0.19753    C:0.27160    A:0.33951    G:0.19136

#41: KirksDik       
position  1:    T:0.20370    C:0.25926    A:0.33333    G:0.20370
position  2:    T:0.24074    C:0.22222    A:0.46296    G:0.07407
position  3:    T:0.14815    C:0.35185    A:0.20370    G:0.29630
Average         T:0.19753    C:0.27778    A:0.33333    G:0.19136

#42: RoeDeer        
position  1:    T:0.18519    C:0.25926    A:0.35185    G:0.20370
position  2:    T:0.24074    C:0.22222    A:0.42593    G:0.11111
position  3:    T:0.16667    C:0.33333    A:0.24074    G:0.25926
Average         T:0.19753    C:0.27160    A:0.33951    G:0.19136

#43: WhiteLippedDeer
position  1:    T:0.18519    C:0.25926    A:0.35185    G:0.20370
position  2:    T:0.24074    C:0.22222    A:0.42593    G:0.11111
position  3:    T:0.14815    C:0.35185    A:0.25926    G:0.24074
Average         T:0.19136    C:0.27778    A:0.34568    G:0.18519

#44: ThomsonGazelle 
position  1:    T:0.22222    C:0.24074    A:0.33333    G:0.20370
position  2:    T:0.24074    C:0.22222    A:0.46296    G:0.07407
position  3:    T:0.14815    C:0.35185    A:0.20370    G:0.29630
Average         T:0.20370    C:0.27160    A:0.33333    G:0.19136

#45: MuntiacusCrinifrons
position  1:    T:0.18519    C:0.25926    A:0.35185    G:0.20370
position  2:    T:0.24074    C:0.22222    A:0.40741    G:0.12963
position  3:    T:0.14815    C:0.35185    A:0.22222    G:0.27778
Average         T:0.19136    C:0.27778    A:0.32716    G:0.20370

#46: WhiteTailedDeer
position  1:    T:0.18519    C:0.25926    A:0.35185    G:0.20370
position  2:    T:0.24074    C:0.22222    A:0.42593    G:0.11111
position  3:    T:0.14815    C:0.35185    A:0.22222    G:0.27778
Average         T:0.19136    C:0.27778    A:0.33333    G:0.19753

#47: Cattle         
position  1:    T:0.18519    C:0.25926    A:0.35185    G:0.20370
position  2:    T:0.24074    C:0.22222    A:0.44444    G:0.09259
position  3:    T:0.14815    C:0.35185    A:0.24074    G:0.25926
Average         T:0.19136    C:0.27778    A:0.34568    G:0.18519

#48: RoyalAntelope  
position  1:    T:0.16667    C:0.27778    A:0.35185    G:0.20370
position  2:    T:0.24074    C:0.22222    A:0.46296    G:0.07407
position  3:    T:0.12963    C:0.35185    A:0.22222    G:0.29630
Average         T:0.17901    C:0.28395    A:0.34568    G:0.19136

#49: Steenbok       
position  1:    T:0.20370    C:0.25926    A:0.33333    G:0.20370
position  2:    T:0.24074    C:0.22222    A:0.46296    G:0.07407
position  3:    T:0.14815    C:0.35185    A:0.22222    G:0.27778
Average         T:0.19753    C:0.27778    A:0.33951    G:0.18519

#50: Impala         
position  1:    T:0.18519    C:0.25926    A:0.35185    G:0.20370
position  2:    T:0.24074    C:0.22222    A:0.46296    G:0.07407
position  3:    T:0.16667    C:0.33333    A:0.22222    G:0.27778
Average         T:0.19753    C:0.27160    A:0.34568    G:0.18519

#51: Klipspringer   
position  1:    T:0.18519    C:0.25926    A:0.35185    G:0.20370
position  2:    T:0.25926    C:0.20370    A:0.44444    G:0.09259
