1
52 1
Argali 0.000000 0.344200 0.092200 0.231100 0.042500 0.090900 0.042700 0.042700 0.090500 0.042700 0.000000 0.042200 0.039700 0.091200 0.042700 0.042700 0.043900 0.042700 0.000000 0.090500 0.091500 0.000000 0.042700 0.042700 0.000000 0.042700 0.042700 0.090500 0.042700 0.091700 0.042700 0.042700 0.464200 0.042700 0.093300 0.127000 0.039600 0.043000 0.136100 0.042700 0.042700 0.289500 0.042700 0.042700 0.085000 0.042700 0.138100 0.042700 0.042700 0.090100 0.090500 0.090500
LesserMous 0.344200 0.000000 0.332300 0.500900 0.401000 0.399700 0.406200 0.406200 0.325300 0.406200 0.344200 0.395400 0.406200 0.416500 0.406200 0.406200 0.451400 0.406200 0.344200 0.325300 0.505800 0.344200 0.406200 0.406200 0.344200 0.406200 0.406200 0.325300 0.406200 0.329500 0.406200 0.406200 0.808900 0.406200 0.518100 0.451100 0.406200 0.405600 0.569800 0.406200 0.406200 0.850100 0.406200 0.406200 0.462100 0.406200 0.353500 0.406200 0.406200 0.507300 0.325300 0.325300
LesserKudu 0.092200 0.332300 0.000000 0.293800 0.072500 0.138000 0.043500 0.043500 0.000100 0.043500 0.092200 0.042900 0.043500 0.044700 0.043500 0.043500 0.044700 0.043500 0.092200 0.000100 0.092700 0.092200 0.043500 0.043500 0.092200 0.043500 0.043500 0.000100 0.043500 0.000200 0.043500 0.043500 0.361300 0.043500 0.095000 0.129700 0.043500 0.043400 0.139800 0.043500 0.043500 0.292500 0.043500 0.043500 0.087000 0.043500 0.140000 0.043500 0.043500 0.092900 0.000100 0.000100
KillerWhal 0.231100 0.500900 0.293800 0.000000 0.288800 0.224800 0.290200 0.290200 0.286100 0.290200 0.231100 0.285800 0.290200 0.299000 0.290200 0.290200 0.299100 0.290200 0.231100 0.286100 0.385000 0.231100 0.290200 0.290200 0.231100 0.290200 0.290200 0.286100 0.290200 0.291600 0.290200 0.290200 0.665000 0.290200 0.393300 0.399400 0.290200 0.292200 0.441800 0.290200 0.290200 0.539300 0.290200 0.290200 0.344500 0.290200 0.300100 0.290200 0.290200 0.381100 0.286100 0.286100
DefassaWat 0.042500 0.401000 0.072500 0.288800 0.000000 0.135500 0.000200 0.000200 0.042300 0.000200 0.042500 0.000300 0.000200 0.042700 0.000200 0.000200 0.000300 0.000200 0.042500 0.042300 0.042400 0.042500 0.000200 0.000200 0.042500 0.000200 0.000200 0.042300 0.000200 0.042800 0.000200 0.000200 0.355000 0.000200 0.043700 0.079800 0.000200 0.000100 0.085300 0.000200 0.000200 0.210100 0.000200 0.000200 0.040000 0.000200 0.085600 0.000200 0.000200 0.042600 0.042300 0.042300
Sheep 0.090900 0.399700 0.138000 0.224800 0.135500 0.000000 0.137300 0.137300 0.136100 0.137300 0.090900 0.135000 0.137300 0.141000 0.137300 0.137300 0.140900 0.137300 0.090900 0.136100 0.195700 0.090900 0.137300 0.137300 0.090900 0.137300 0.137300 0.136100 0.137300 0.137600 0.137300 0.137300 0.441700 0.137300 0.200700 0.227300 0.137300 0.137100 0.245600 0.137300 0.137300 0.450400 0.137300 0.137300 0.182600 0.137300 0.247400 0.137300 0.137300 0.196400 0.136100 0.136100
MaxwellsDu 0.042700 0.406200 0.043500 0.290200 0.000200 0.137300 0.000000 0.000000 0.042800 0.000000 0.042700 0.000100 0.000000 0.043100 0.000000 0.000000 0.000100 0.000000 0.042700 0.042800 0.043100 0.042700 0.000000 0.000000 0.042700 0.000000 0.000000 0.042800 0.000000 0.043300 0.000000 0.000000 0.360200 0.000000 0.044000 0.080400 0.000000 0.000100 0.086000 0.000000 0.000000 0.212000 0.000000 0.000000 0.040400 0.000000 0.086700 0.000000 0.000000 0.043000 0.042800 0.042800
GazellaPrz 0.042700 0.406200 0.043500 0.290200 0.000200 0.137300 0.000000 0.000000 0.042800 0.000000 0.042700 0.000100 0.000000 0.043100 0.000000 0.000000 0.000100 0.000000 0.042700 0.042800 0.043100 0.042700 0.000000 0.000000 0.042700 0.000000 0.000000 0.042800 0.000000 0.043300 0.000000 0.000000 0.360200 0.000000 0.044000 0.080400 0.000000 0.000100 0.086000 0.000000 0.000000 0.212000 0.000000 0.000000 0.040400 0.000000 0.086700 0.000000 0.000000 0.043000 0.042800 0.042800
MountainNy 0.090500 0.325300 0.000100 0.286100 0.042300 0.136100 0.042800 0.042800 0.000000 0.042800 0.090500 0.042300 0.042800 0.043900 0.042800 0.042800 0.044100 0.042800 0.090500 0.000000 0.091400 0.090500 0.042800 0.042800 0.090500 0.042800 0.042800 0.000000 0.042800 0.000100 0.042800 0.042800 0.353400 0.042800 0.093500 0.127400 0.042800 0.042900 0.137200 0.042800 0.042800 0.284700 0.042800 0.042800 0.085500 0.042800 0.138000 0.042800 0.042800 0.091200 0.000000 0.000000
MuntiacusM 0.042700 0.406200 0.043500 0.290200 0.000200 0.137300 0.000000 0.000000 0.042800 0.000000 0.042700 0.000100 0.000000 0.043100 0.000000 0.000000 0.000100 0.000000 0.042700 0.042800 0.043100 0.042700 0.000000 0.000000 0.042700 0.000000 0.000000 0.042800 0.000000 0.043300 0.000000 0.000000 0.360200 0.000000 0.044000 0.080100 0.000000 0.000100 0.086000 0.000000 0.000000 0.212000 0.000000 0.000000 0.040400 0.000000 0.086700 0.000000 0.000000 0.043000 0.042800 0.042800
goat 0.000000 0.344200 0.092200 0.231100 0.042500 0.090900 0.042700 0.042700 0.090500 0.042700 0.000000 0.042200 0.042700 0.091200 0.042700 0.042700 0.043900 0.042700 0.000000 0.090500 0.091500 0.000000 0.042700 0.042700 0.000000 0.042700 0.042700 0.090500 0.042700 0.091700 0.042700 0.042700 0.464200 0.042700 0.093300 0.127000 0.042700 0.043000 0.136100 0.042700 0.042700 0.289500 0.042700 0.042700 0.085000 0.042700 0.138100 0.039700 0.042700 0.091000 0.090500 0.090500
AfricanBuf 0.042200 0.395400 0.042900 0.285800 0.000300 0.135000 0.000100 0.000100 0.042300 0.000100 0.042200 0.000000 0.000100 0.042600 0.000100 0.000100 0.000200 0.000100 0.042200 0.042300 0.042500 0.042200 0.000100 0.000100 0.042200 0.000100 0.000100 0.042300 0.000100 0.042700 0.000100 0.000100 0.352600 0.000100 0.043300 0.079400 0.000100 0.000200 0.085100 0.000100 0.000100 0.209500 0.000100 0.000100 0.040000 0.000100 0.085300 0.000100 0.000100 0.042500 0.042300 0.042300
Topi 0.039700 0.406200 0.043500 0.290200 0.000200 0.137300 0.000000 0.000000 0.042800 0.000000 0.042700 0.000100 0.000000 0.043100 0.000000 0.000000 0.000100 0.000000 0.042700 0.042800 0.043100 0.042700 0.000000 0.000000 0.042700 0.000000 0.000000 0.042800 0.000000 0.043300 0.000000 0.000000 0.360200 0.000000 0.044000 0.080400 0.000000 0.000100 0.086000 0.000000 0.000000 0.212000 0.000000 0.000000 0.040400 0.000000 0.086700 0.000000 0.000000 0.043000 0.042800 0.042800
CommonDuik 0.091200 0.416500 0.044700 0.299000 0.042700 0.141000 0.043100 0.043100 0.043900 0.043100 0.091200 0.042600 0.043100 0.000000 0.043100 0.043100 0.044400 0.043100 0.091200 0.043900 0.092200 0.091200 0.043100 0.043100 0.091200 0.043100 0.043100 0.043900 0.043100 0.044500 0.043100 0.043100 0.370400 0.043100 0.094200 0.128100 0.043100 0.043300 0.138100 0.043100 0.043100 0.287700 0.043100 0.043100 0.086000 0.043100 0.139100 0.043100 0.043100 0.091900 0.043900 0.043900
Suni 0.042700 0.406200 0.043500 0.290200 0.000200 0.137300 0.000000 0.000000 0.042800 0.000000 0.042700 0.000100 0.000000 0.043100 0.000000 0.000000 0.000100 0.000000 0.042700 0.042800 0.043100 0.042700 0.000000 0.000000 0.042700 0.000000 0.000000 0.042800 0.000000 0.043300 0.000000 0.000000 0.360200 0.000000 0.044000 0.080400 0.000000 0.000100 0.086000 0.000000 0.000000 0.212000 0.000000 0.000000 0.040400 0.000000 0.086700 0.000000 0.000000 0.043000 0.042800 0.042800
Springbuck 0.042700 0.406200 0.043500 0.290200 0.000200 0.137300 0.000000 0.000000 0.042800 0.000000 0.042700 0.000100 0.000000 0.043100 0.000000 0.000000 0.000100 0.000000 0.042700 0.042800 0.043100 0.042700 0.000000 0.000000 0.042700 0.000000 0.000000 0.042800 0.000000 0.043300 0.000000 0.000000 0.360200 0.000000 0.044000 0.080400 0.000000 0.000100 0.086000 0.000000 0.000000 0.212000 0.000000 0.000000 0.040400 0.000000 0.086700 0.000000 0.000000 0.043000 0.042800 0.042800
Okapi 0.043900 0.451400 0.044700 0.299100 0.000300 0.140900 0.000100 0.000100 0.044100 0.000100 0.043900 0.000200 0.000100 0.044400 0.000100 0.000100 0.000000 0.000100 0.043900 0.044100 0.044200 0.043900 0.000100 0.000100 0.043900 0.000100 0.000100 0.044100 0.000100 0.044500 0.000100 0.000100 0.368300 0.000100 0.045100 0.082800 0.000100 0.000200 0.088900 0.000100 0.000100 0.217100 0.000100 0.000100 0.041700 0.000100 0.088900 0.000100 0.000100 0.044300 0.044100 0.044100
Giraffe 0.042700 0.406200 0.043500 0.290200 0.000200 0.137300 0.000000 0.000000 0.042800 0.000000 0.042700 0.000100 0.000000 0.043100 0.000000 0.000000 0.000100 0.000000 0.042700 0.042800 0.043100 0.042700 0.000000 0.000000 0.042700 0.000000 0.000000 0.042800 0.000000 0.043300 0.000000 0.000000 0.360200 0.000000 0.044000 0.080400 0.000000 0.000100 0.086000 0.000000 0.000000 0.212000 0.000000 0.000000 0.040400 0.000000 0.086700 0.000000 0.000000 0.043000 0.042800 0.042800
TibetanAnt 0.000000 0.344200 0.092200 0.231100 0.042500 0.090900 0.042700 0.042700 0.090500 0.042700 0.000000 0.042200 0.042700 0.091200 0.042700 0.042700 0.043900 0.042700 0.000000 0.090500 0.091500 0.000000 0.042700 0.042700 0.000000 0.042700 0.042700 0.090500 0.042700 0.091700 0.042700 0.042700 0.464200 0.042700 0.093300 0.127000 0.042700 0.043000 0.136100 0.042700 0.042700 0.289500 0.042700 0.042700 0.085000 0.042700 0.138100 0.042700 0.042700 0.091000 0.090500 0.090500
Sitatunga 0.090500 0.325300 0.000100 0.286100 0.042300 0.136100 0.042800 0.042800 0.000000 0.042800 0.090500 0.042300 0.042800 0.043900 0.042800 0.042800 0.044100 0.042800 0.090500 0.000000 0.091400 0.090500 0.042800 0.042800 0.090500 0.042800 0.042800 0.000000 0.042800 0.000100 0.042800 0.042800 0.353400 0.042800 0.093500 0.127400 0.042800 0.042900 0.137200 0.042800 0.042800 0.284700 0.042800 0.042800 0.085500 0.042800 0.138000 0.042800 0.042800 0.091200 0.000000 0.000000
Oribi 0.091500 0.505800 0.092700 0.385000 0.042400 0.195700 0.043100 0.043100 0.091400 0.043100 0.091500 0.042500 0.043100 0.092200 0.043100 0.043100 0.044200 0.043100 0.091500 0.091400 0.000000 0.091500 0.043100 0.043100 0.091500 0.043100 0.043100 0.091400 0.043100 0.092400 0.043100 0.043100 0.367400 0.043100 0.000500 0.128200 0.043100 0.043000 0.088200 0.043100 0.043100 0.288500 0.043100 0.043100 0.085900 0.043100 0.138300 0.043100 0.043100 0.092200 0.091400 0.091400
BarbaryShe 0.000000 0.344200 0.092200 0.231100 0.042500 0.090900 0.042700 0.042700 0.090500 0.042700 0.000000 0.042200 0.042700 0.091200 0.042700 0.042700 0.043900 0.042700 0.000000 0.090500 0.091500 0.000000 0.042700 0.042700 0.000000 0.040000 0.042900 0.090500 0.042700 0.091700 0.042700 0.042700 0.464200 0.042700 0.093300 0.127000 0.042700 0.043000 0.136100 0.039700 0.042700 0.289500 0.042700 0.042700 0.085000 0.042700 0.138100 0.042700 0.042700 0.091000 0.090500 0.090500
Daviddeer 0.042700 0.406200 0.043500 0.290200 0.000200 0.137300 0.000000 0.000000 0.042800 0.000000 0.042700 0.000100 0.000000 0.043100 0.000000 0.000000 0.000100 0.000000 0.042700 0.042800 0.043100 0.042700 0.000000 0.000000 0.042700 0.000000 0.000000 0.042800 0.000000 0.043300 0.000000 0.000000 0.360200 0.000000 0.044000 0.080400 0.000000 0.000100 0.086000 0.000000 0.000000 0.212000 0.000000 0.000000 0.040400 0.000000 0.086700 0.000000 0.000000 0.043000 0.042800 0.042800
Reindeer 0.042700 0.406200 0.043500 0.290200 0.000200 0.137300 0.000000 0.000000 0.042800 0.000000 0.042700 0.000100 0.000000 0.043100 0.000000 0.000000 0.000100 0.000000 0.042700 0.042800 0.043100 0.042700 0.000000 0.000000 0.042700 0.000000 0.000000 0.042800 0.000000 0.043300 0.000000 0.000000 0.360200 0.000000 0.044000 0.080400 0.000000 0.000100 0.086000 0.000000 0.000000 0.212000 0.000000 0.000000 0.040400 0.000000 0.086700 0.000000 0.000000 0.043000 0.042800 0.042800
Ibex 0.000000 0.344200 0.092200 0.231100 0.042500 0.090900 0.042700 0.042700 0.090500 0.042700 0.000000 0.042200 0.042700 0.091200 0.042700 0.042700 0.043900 0.042700 0.000000 0.090500 0.091500 0.000000 0.042700 0.042700 0.000000 0.042700 0.042700 0.090500 0.042700 0.091700 0.042700 0.042700 0.464200 0.042700 0.093300 0.127000 0.042700 0.043000 0.136100 0.042700 0.042700 0.289500 0.042700 0.042700 0.085000 0.042700 0.138100 0.039800 0.042700 0.091000 0.090500 0.090500
GyrantGaze 0.042700 0.406200 0.043500 0.290200 0.000200 0.137300 0.000000 0.000000 0.042800 0.000000 0.042700 0.000100 0.000000 0.043100 0.000000 0.000000 0.000100 0.000000 0.042700 0.042800 0.043100 0.040000 0.000000 0.000000 0.042700 0.000000 0.000000 0.042800 0.000000 0.043300 0.000000 0.000000 0.360200 0.000000 0.044000 0.080400 0.000000 0.000100 0.086000 0.000000 0.000000 0.212000 0.000000 0.000000 0.038700 0.000000 0.086700 0.000000 0.000000 0.043000 0.042700 0.042800
Hartebeest 0.042700 0.406200 0.043500 0.290200 0.000200 0.137300 0.000000 0.000000 0.042800 0.000000 0.042700 0.000100 0.000000 0.043100 0.000000 0.000000 0.000100 0.000000 0.042700 0.042800 0.043100 0.042900 0.000000 0.000000 0.042700 0.000000 0.000000 0.042800 0.000000 0.043300 0.000000 0.000000 0.360200 0.000000 0.044000 0.080400 0.000000 0.000100 0.086000 0.000000 0.000000 0.212000 0.000000 0.000000 0.040400 0.000000 0.086700 0.000000 0.000000 0.043000 0.042800 0.042800
Bongo 0.090500 0.325300 0.000100 0.286100 0.042300 0.136100 0.042800 0.042800 0.000000 0.042800 0.090500 0.042300 0.042800 0.043900 0.042800 0.042800 0.044100 0.042800 0.090500 0.000000 0.091400 0.090500 0.042800 0.042800 0.090500 0.042800 0.042800 0.000000 0.042800 0.000100 0.042800 0.042800 0.353400 0.042800 0.093500 0.127400 0.042800 0.042900 0.137200 0.042800 0.042800 0.284700 0.042800 0.042800 0.085500 0.042800 0.138000 0.042800 0.042800 0.091200 0.000000 0.000000
Gerenuk 0.042700 0.406200 0.043500 0.290200 0.000200 0.137300 0.000000 0.000000 0.042800 0.000000 0.042700 0.000100 0.000000 0.043100 0.000000 0.000000 0.000100 0.000000 0.042700 0.042800 0.043100 0.042700 0.000000 0.000000 0.042700 0.000000 0.000000 0.042800 0.000000 0.043300 0.000000 0.000000 0.360200 0.000000 0.044000 0.080400 0.000000 0.000100 0.086000 0.000000 0.000000 0.212000 0.000000 0.000000 0.040400 0.000000 0.086700 0.000000 0.000000 0.043000 0.042800 0.042800
CommonElan 0.091700 0.329500 0.000200 0.291600 0.042800 0.137600 0.043300 0.043300 0.000100 0.043300 0.091700 0.042700 0.043300 0.044500 0.043300 0.043300 0.044500 0.043300 0.091700 0.000100 0.092400 0.091700 0.043300 0.043300 0.091700 0.043300 0.043300 0.000100 0.043300 0.000000 0.043300 0.043300 0.358300 0.043300 0.094500 0.129200 0.043300 0.043300 0.139200 0.043300 0.043300 0.290600 0.043300 0.043300 0.086600 0.043300 0.139500 0.043300 0.043300 0.092500 0.000100 0.000100
MuntiacusR 0.042700 0.406200 0.043500 0.290200 0.000200 0.137300 0.000000 0.000000 0.042800 0.000000 0.042700 0.000100 0.000000 0.043100 0.000000 0.000000 0.000100 0.000000 0.042700 0.042800 0.043100 0.042700 0.000000 0.000000 0.042700 0.000000 0.000000 0.042800 0.000000 0.043300 0.000000 0.000000 0.360200 0.000000 0.044000 0.080400 0.000000 0.000100 0.086000 0.000000 0.000000 0.212000 0.000000 0.000000 0.038900 0.000000 0.086700 0.000000 0.000000 0.043000 0.042800 0.042800
HarveysDui 0.042700 0.406200 0.043500 0.290200 0.000200 0.137300 0.000000 0.000000 0.042800 0.000000 0.042700 0.000100 0.000000 0.043100 0.000000 0.000000 0.000100 0.000000 0.042700 0.042800 0.043100 0.042700 0.000000 0.000000 0.042700 0.000000 0.000000 0.042800 0.000000 0.043300 0.000000 0.000000 0.360200 0.000000 0.044000 0.080400 0.000000 0.000100 0.086000 0.000000 0.000000 0.212000 0.000000 0.000000 0.040400 0.000000 0.086700 0.000000 0.000000 0.043000 0.042800 0.042800
Pronghorn 0.464200 0.808900 0.361300 0.665000 0.355000 0.441700 0.360200 0.360200 0.353400 0.360200 0.464200 0.352600 0.360200 0.370400 0.360200 0.360200 0.368300 0.360200 0.464200 0.353400 0.367400 0.464200 0.360200 0.360200 0.464200 0.360200 0.360200 0.353400 0.360200 0.358300 0.360200 0.360200 0.000000 0.360200 0.379600 0.474100 0.360200 0.359000 0.358000 0.360200 0.360200 0.436000 0.360200 0.360200 0.415700 0.360200 0.533500 0.360200 0.360200 0.462100 0.353400 0.353400
BlueWildeb 0.042700 0.406200 0.043500 0.290200 0.000200 0.137300 0.000000 0.000000 0.042800 0.000000 0.042700 0.000100 0.000000 0.043100 0.000000 0.000000 0.000100 0.000000 0.042700 0.042800 0.043100 0.042700 0.000000 0.000000 0.042700 0.000000 0.000000 0.042800 0.000000 0.043300 0.000000 0.000000 0.360200 0.000000 0.044000 0.080400 0.000000 0.000100 0.086000 0.000000 0.000000 0.212000 0.000000 0.000000 0.040400 0.000000 0.086700 0.000000 0.000000 0.043000 0.042800 0.042800
Gemsbok 0.093300 0.518100 0.095000 0.393300 0.043700 0.200700 0.044000 0.044000 0.093500 0.044000 0.093300 0.043300 0.044000 0.094200 0.044000 0.044000 0.045100 0.044000 0.093300 0.093500 0.000500 0.093300 0.044000 0.044000 0.093300 0.044000 0.044000 0.093500 0.044000 0.094500 0.044000 0.044000 0.379600 0.044000 0.000000 0.130800 0.044000 0.044100 0.090000 0.044000 0.044000 0.296600 0.044000 0.044000 0.087600 0.044000 0.141300 0.044000 0.044000 0.094000 0.093500 0.093500
Yak 0.127000 0.451100 0.129700 0.399400 0.079800 0.227300 0.080400 0.080400 0.127400 0.080100 0.127000 0.079400 0.080400 0.128100 0.080400 0.080400 0.082800 0.080400 0.127000 0.127400 0.128200 0.127000 0.080400 0.080400 0.127000 0.080400 0.080400 0.127400 0.080400 0.129200 0.080400 0.080400 0.474100 0.080400 0.130800 0.000000 0.080400 0.080800 0.081600 0.080400 0.080400 0.314700 0.080400 0.080400 0.038500 0.080400 0.081200 0.080400 0.080400 0.127700 0.127400 0.127400
BlueSheep 0.039600 0.406200 0.043500 0.290200 0.000200 0.137300 0.000000 0.000000 0.042800 0.000000 0.042700 0.000100 0.000000 0.043100 0.000000 0.000000 0.000100 0.000000 0.042700 0.042800 0.043100 0.042700 0.000000 0.000000 0.042700 0.000000 0.000000 0.042800 0.000000 0.043300 0.000000 0.000000 0.360200 0.000000 0.044000 0.080400 0.000000 0.000100 0.086000 0.000000 0.000000 0.212000 0.000000 0.000000 0.040400 0.000000 0.086700 0.000000 0.000000 0.043000 0.042800 0.042800
BohorReedb 0.043000 0.405600 0.043400 0.292200 0.000100 0.137100 0.000100 0.000100 0.042900 0.000100 0.043000 0.000200 0.000100 0.043300 0.000100 0.000100 0.000200 0.000100 0.043000 0.042900 0.043000 0.043000 0.000100 0.000100 0.043000 0.000100 0.000100 0.042900 0.000100 0.043300 0.000100 0.000100 0.359000 0.000100 0.044100 0.080800 0.000100 0.000000 0.086400 0.000100 0.000100 0.212800 0.000100 0.000100 0.040600 0.000100 0.086700 0.000100 0.000100 0.043200 0.042900 0.042900
KirksDik 0.136100 0.569800 0.139800 0.441800 0.085300 0.245600 0.086000 0.086000 0.137200 0.086000 0.136100 0.085100 0.086000 0.138100 0.086000 0.086000 0.088900 0.086000 0.136100 0.137200 0.088200 0.136100 0.086000 0.086000 0.136100 0.086000 0.086000 0.137200 0.086000 0.139200 0.086000 0.086000 0.358000 0.086000 0.090000 0.081600 0.086000 0.086400 0.000000 0.086000 0.086000 0.341400 0.086000 0.086000 0.041100 0.086000 0.185200 0.086000 0.086000 0.137600 0.137200 0.137200
RoeDeer 0.042700 0.406200 0.043500 0.290200 0.000200 0.137300 0.000000 0.000000 0.042800 0.000000 0.042700 0.000100 0.000000 0.043100 0.000000 0.000000 0.000100 0.000000 0.042700 0.042800 0.043100 0.039700 0.000000 0.000000 0.042700 0.000000 0.000000 0.042800 0.000000 0.043300 0.000000 0.000000 0.360200 0.000000 0.044000 0.080400 0.000000 0.000100 0.086000 0.000000 0.000000 0.212000 0.000000 0.000000 0.040400 0.000000 0.086700 0.000000 0.000000 0.043000 0.042800 0.042800
WhiteLippe 0.042700 0.406200 0.043500 0.290200 0.000200 0.137300 0.000000 0.000000 0.042800 0.000000 0.042700 0.000100 0.000000 0.043100 0.000000 0.000000 0.000100 0.000000 0.042700 0.042800 0.043100 0.042700 0.000000 0.000000 0.042700 0.000000 0.000000 0.042800 0.000000 0.043300 0.000000 0.000000 0.360200 0.000000 0.044000 0.080400 0.000000 0.000100 0.086000 0.000000 0.000000 0.212000 0.000000 0.000000 0.040400 0.000000 0.086700 0.000000 0.000000 0.043000 0.042800 0.042800
ThomsonGaz 0.289500 0.850100 0.292500 0.539300 0.210100 0.450400 0.212000 0.212000 0.284700 0.212000 0.289500 0.209500 0.212000 0.287700 0.212000 0.212000 0.217100 0.212000 0.289500 0.284700 0.288500 0.289500 0.212000 0.212000 0.289500 0.212000 0.212000 0.284700 0.212000 0.290600 0.212000 0.212000 0.436000 0.212000 0.296600 0.314700 0.212000 0.212800 0.341400 0.212000 0.212000 0.000000 0.212000 0.212000 0.262100 0.212000 0.350500 0.212000 0.212000 0.286600 0.284700 0.284700
MuntiacusC 0.042700 0.406200 0.043500 0.290200 0.000200 0.137300 0.000000 0.000000 0.042800 0.000000 0.042700 0.000100 0.000000 0.043100 0.000000 0.000000 0.000100 0.000000 0.042700 0.042800 0.043100 0.042700 0.000000 0.000000 0.042700 0.000000 0.000000 0.042800 0.000000 0.043300 0.000000 0.000000 0.360200 0.000000 0.044000 0.080400 0.000000 0.000100 0.086000 0.000000 0.000000 0.212000 0.000000 0.000000 0.040400 0.000000 0.086700 0.000000 0.000000 0.043000 0.042800 0.042800
WhiteTaile 0.042700 0.406200 0.043500 0.290200 0.000200 0.137300 0.000000 0.000000 0.042800 0.000000 0.042700 0.000100 0.000000 0.043100 0.000000 0.000000 0.000100 0.000000 0.042700 0.042800 0.043100 0.042700 0.000000 0.000000 0.042700 0.000000 0.000000 0.042800 0.000000 0.043300 0.000000 0.000000 0.360200 0.000000 0.044000 0.080400 0.000000 0.000100 0.086000 0.000000 0.000000 0.212000 0.000000 0.000000 0.040400 0.000000 0.086700 0.000000 0.000000 0.043000 0.042800 0.042800
Cattle 0.085000 0.462100 0.087000 0.344500 0.040000 0.182600 0.040400 0.040400 0.085500 0.040400 0.085000 0.040000 0.040400 0.086000 0.040400 0.040400 0.041700 0.040400 0.085000 0.085500 0.085900 0.085000 0.040400 0.040400 0.085000 0.038700 0.040400 0.085500 0.040400 0.086600 0.038900 0.040400 0.415700 0.040400 0.087600 0.038500 0.040400 0.040600 0.041100 0.040400 0.040400 0.262100 0.040400 0.040400 0.000000 0.040400 0.129900 0.038200 0.040400 0.085800 0.085500 0.085500
RoyalAntel 0.042700 0.406200 0.043500 0.290200 0.000200 0.137300 0.000000 0.000000 0.042800 0.000000 0.042700 0.000100 0.000000 0.043100 0.000000 0.000000 0.000100 0.000000 0.042700 0.042800 0.043100 0.042700 0.000000 0.000000 0.042700 0.000000 0.000000 0.042800 0.000000 0.043300 0.000000 0.000000 0.360200 0.000000 0.044000 0.080400 0.000000 0.000100 0.086000 0.000000 0.000000 0.212000 0.000000 0.000000 0.040400 0.000000 0.086700 0.000000 0.000000 0.043000 0.042800 0.042800
Steenbok 0.138100 0.353500 0.140000 0.300100 0.085600 0.247400 0.086700 0.086700 0.138000 0.086700 0.138100 0.085300 0.086700 0.139100 0.086700 0.086700 0.088900 0.086700 0.138100 0.138000 0.138300 0.138100 0.086700 0.086700 0.138100 0.086700 0.086700 0.138000 0.086700 0.139500 0.086700 0.086700 0.533500 0.086700 0.141300 0.081200 0.086700 0.086700 0.185200 0.086700 0.086700 0.350500 0.086700 0.086700 0.129900 0.086700 0.000000 0.086700 0.086700 0.138900 0.138000 0.138000
Impala 0.042700 0.406200 0.043500 0.290200 0.000200 0.137300 0.000000 0.000000 0.042800 0.000000 0.039700 0.000100 0.000000 0.043100 0.000000 0.000000 0.000100 0.000000 0.042700 0.042800 0.043100 0.042700 0.000000 0.000000 0.039800 0.000000 0.000000 0.042800 0.000000 0.043300 0.000000 0.000000 0.360200 0.000000 0.044000 0.080400 0.000000 0.000100 0.086000 0.000000 0.000000 0.212000 0.000000 0.000000 0.038200 0.000000 0.086700 0.000000 0.000000 0.043000 0.042800 0.042800
Klipspring 0.042700 0.406200 0.043500 0.290200 0.000200 0.137300 0.000000 0.000000 0.042800 0.000000 0.042700 0.000100 0.000000 0.043100 0.000000 0.000000 0.000100 0.000000 0.042700 0.042800 0.043100 0.042700 0.000000 0.000000 0.042700 0.000000 0.000000 0.042800 0.000000 0.043300 0.000000 0.000000 0.360200 0.000000 0.044000 0.080400 0.000000 0.000100 0.086000 0.000000 0.000000 0.212000 0.000000 0.000000 0.040400 0.000000 0.086700 0.000000 0.000000 0.043000 0.042800 0.042800
ForestMusk 0.090100 0.507300 0.092900 0.381100 0.042600 0.196400 0.043000 0.043000 0.091200 0.043000 0.091000 0.042500 0.043000 0.091900 0.043000 0.043000 0.044300 0.043000 0.091000 0.091200 0.092200 0.091000 0.043000 0.043000 0.091000 0.043000 0.043000 0.091200 0.043000 0.092500 0.043000 0.043000 0.462100 0.043000 0.094000 0.127700 0.043000 0.043200 0.137600 0.043000 0.043000 0.286600 0.043000 0.043000 0.085800 0.043000 0.138900 0.043000 0.043000 0.000000 0.091200 0.091200
Bushbuck 0.090500 0.325300 0.000100 0.286100 0.042300 0.136100 0.042800 0.042800 0.000000 0.042800 0.090500 0.042300 0.042800 0.043900 0.042800 0.042800 0.044100 0.042800 0.090500 0.000000 0.091400 0.090500 0.042800 0.042800 0.090500 0.042700 0.042800 0.000000 0.042800 0.000100 0.042800 0.042800 0.353400 0.042800 0.093500 0.127400 0.042800 0.042900 0.137200 0.042800 0.042800 0.284700 0.042800 0.042800 0.085500 0.042800 0.138000 0.042800 0.042800 0.091200 0.000000 0.000000
GreaterKud 0.090500 0.325300 0.000100 0.286100 0.042300 0.136100 0.042800 0.042800 0.000000 0.042800 0.090500 0.042300 0.042800 0.043900 0.042800 0.042800 0.044100 0.042800 0.090500 0.000000 0.091400 0.090500 0.042800 0.042800 0.090500 0.042800 0.042800 0.000000 0.042800 0.000100 0.042800 0.042800 0.353400 0.042800 0.093500 0.127400 0.042800 0.042900 0.137200 0.042800 0.042800 0.284700 0.042800 0.042800 0.085500 0.042800 0.138000 0.042800 0.042800 0.091200 0.000000 0.000000
