CODONML (in paml version 4.10.7, June 2023)  /home/rachel/ruminants_paml/6406-phy-tree/ENSBTAT00000029077.fasta.phy
Model: free dN/dS Ratios for branches,  kappa = 2.000 fixed

Codon frequency model: F3x4
ns =  54  ls =  17

Codon usage in sequences
--------------------------------------------------------------------------------------------------------------------------------------
Phe TTT   1   1   1   1   1   1 | Ser TCT   0   0   0   0   0   0 | Tyr TAT   3   2   3   3   2   2 | Cys TGT   0   0   0   0   0   0
    TTC   0   0   0   0   0   0 |     TCC   0   0   0   0   0   0 |     TAC   0   1   0   0   1   1 |     TGC   0   0   0   0   0   0
Leu TTA   0   0   0   0   0   0 |     TCA   0   0   0   0   0   0 | *** TAA   0   0   0   0   0   0 | *** TGA   0   0   0   0   0   0
    TTG   0   0   0   0   0   0 |     TCG   0   0   0   0   0   0 |     TAG   0   0   0   0   0   0 | Trp TGG   0   0   0   0   0   0
--------------------------------------------------------------------------------------------------------------------------------------
Leu CTT   0   0   0   0   0   0 | Pro CCT   0   0   0   0   0   0 | His CAT   1   0   1   1   1   0 | Arg CGT   1   1   1   1   0   1
    CTC   0   0   0   0   0   0 |     CCC   1   1   1   1   1   1 |     CAC   1   2   1   1   1   2 |     CGC   0   0   0   0   0   0
    CTA   0   0   0   0   0   0 |     CCA   0   0   0   0   0   0 | Gln CAA   0   0   0   0   0   0 |     CGA   0   0   0   0   0   0
    CTG   0   0   0   0   0   0 |     CCG   0   0   0   0   0   0 |     CAG   0   0   0   0   0   0 |     CGG   0   0   0   0   1   0
--------------------------------------------------------------------------------------------------------------------------------------
Ile ATT   1   0   0   1   0   0 | Thr ACT   0   0   0   0   0   0 | Asn AAT   1   1   1   1   1   1 | Ser AGT   0   0   0   0   0   0
    ATC   0   1   1   0   1   1 |     ACC   0   0   0   0   0   0 |     AAC   1   1   1   1   1   1 |     AGC   0   0   0   0   0   0
    ATA   0   0   0   0   0   0 |     ACA   0   0   0   0   0   0 | Lys AAA   0   0   0   0   0   0 | Arg AGA   1   1   1   1   1   1
Met ATG   0   0   0   0   0   0 |     ACG   0   0   0   0   0   0 |     AAG   0   0   0   0   0   0 |     AGG   0   0   0   0   0   0
--------------------------------------------------------------------------------------------------------------------------------------
Val GTT   0   0   0   0   0   0 | Ala GCT   0   0   0   0   0   0 | Asp GAT   1   1   1   1   1   1 | Gly GGT   0   0   0   0   0   0
    GTC   2   1   2   2   0   1 |     GCC   0   0   0   0   0   0 |     GAC   0   0   0   0   0   0 |     GGC   0   0   0   0   0   0
    GTA   0   0   0   0   0   0 |     GCA   0   0   0   0   0   0 | Glu GAA   2   2   2   2   1   2 |     GGA   0   0   0   0   0   0
    GTG   0   1   0   0   2   1 |     GCG   0   0   0   0   0   0 |     GAG   0   0   0   0   1   0 |     GGG   0   0   0   0   0   0
--------------------------------------------------------------------------------------------------------------------------------------

--------------------------------------------------------------------------------------------------------------------------------------
Phe TTT   1   1   1   1   1   1 | Ser TCT   0   0   0   0   0   0 | Tyr TAT   3   3   3   3   3   3 | Cys TGT   0   0   0   0   0   0
    TTC   0   0   0   0   0   0 |     TCC   0   0   0   0   0   0 |     TAC   0   0   0   0   0   0 |     TGC   0   0   0   0   0   0
Leu TTA   0   0   0   0   0   0 |     TCA   0   0   0   0   0   0 | *** TAA   0   0   0   0   0   0 | *** TGA   0   0   0   0   0   0
    TTG   0   0   0   0   0   0 |     TCG   0   0   0   0   0   0 |     TAG   0   0   0   0   0   0 | Trp TGG   0   0   0   0   0   0
--------------------------------------------------------------------------------------------------------------------------------------
Leu CTT   0   0   0   0   0   0 | Pro CCT   0   0   0   0   0   0 | His CAT   1   1   1   2   1   1 | Arg CGT   1   1   1   1   1   1
    CTC   0   0   0   0   0   0 |     CCC   1   1   1   1   1   1 |     CAC   1   1   1   0   1   1 |     CGC   0   0   0   0   0   0
    CTA   0   0   0   0   0   0 |     CCA   0   0   0   0   0   0 | Gln CAA   0   0   0   0   0   0 |     CGA   0   0   0   0   0   0
    CTG   0   0   0   0   0   0 |     CCG   0   0   0   0   0   0 |     CAG   0   0   0   0   0   0 |     CGG   0   0   0   0   0   0
--------------------------------------------------------------------------------------------------------------------------------------
Ile ATT   0   1   0   0   0   0 | Thr ACT   0   0   0   0   0   0 | Asn AAT   1   1   1   1   1   1 | Ser AGT   0   0   0   0   0   0
    ATC   1   0   1   1   1   1 |     ACC   0   0   0   0   0   0 |     AAC   1   1   1   1   1   1 |     AGC   0   0   0   0   0   0
    ATA   0   0   0   0   0   0 |     ACA   0   0   0   0   0   0 | Lys AAA   0   0   0   0   0   0 | Arg AGA   1   1   1   1   1   1
Met ATG   0   0   0   0   0   0 |     ACG   0   0   0   0   0   0 |     AAG   0   0   0   0   0   0 |     AGG   0   0   0   0   0   0
--------------------------------------------------------------------------------------------------------------------------------------
Val GTT   0   0   0   0   0   0 | Ala GCT   0   0   0   0   0   0 | Asp GAT   1   1   1   1   1   1 | Gly GGT   0   0   0   0   0   0
    GTC   2   2   2   2   2   2 |     GCC   0   0   0   0   0   0 |     GAC   0   0   0   0   0   0 |     GGC   0   0   0   0   0   0
    GTA   0   0   0   0   0   0 |     GCA   0   0   0   0   0   0 | Glu GAA   2   2   2   2   2   2 |     GGA   0   0   0   0   0   0
    GTG   0   0   0   0   0   0 |     GCG   0   0   0   0   0   0 |     GAG   0   0   0   0   0   0 |     GGG   0   0   0   0   0   0
--------------------------------------------------------------------------------------------------------------------------------------

--------------------------------------------------------------------------------------------------------------------------------------
Phe TTT   1   1   1   1   1   1 | Ser TCT   0   0   0   0   0   0 | Tyr TAT   3   3   3   3   3   3 | Cys TGT   0   0   0   0   0   0
    TTC   0   0   0   0   0   0 |     TCC   0   0   0   0   0   0 |     TAC   0   0   0   0   0   0 |     TGC   0   0   0   0   0   0
Leu TTA   0   0   0   0   0   0 |     TCA   0   0   0   0   0   0 | *** TAA   0   0   0   0   0   0 | *** TGA   0   0   0   0   0   0
    TTG   0   0   0   0   0   0 |     TCG   0   0   0   0   0   0 |     TAG   0   0   0   0   0   0 | Trp TGG   0   0   0   0   0   0
--------------------------------------------------------------------------------------------------------------------------------------
Leu CTT   0   0   0   0   0   0 | Pro CCT   0   0   0   0   0   0 | His CAT   1   1   1   1   1   1 | Arg CGT   1   1   1   1   1   1
    CTC   0   0   0   0   0   0 |     CCC   1   1   1   1   1   1 |     CAC   1   1   1   1   1   1 |     CGC   0   0   0   0   0   0
    CTA   0   0   0   0   0   0 |     CCA   0   0   0   0   0   0 | Gln CAA   0   0   0   0   0   0 |     CGA   0   0   0   0   0   0
    CTG   0   0   0   0   0   0 |     CCG   0   0   0   0   0   0 |     CAG   0   0   0   0   0   0 |     CGG   0   0   0   0   0   0
--------------------------------------------------------------------------------------------------------------------------------------
Ile ATT   0   0   0   0   1   0 | Thr ACT   0   0   0   0   0   0 | Asn AAT   1   1   1   1   1   1 | Ser AGT   0   0   0   0   0   0
    ATC   1   1   1   1   0   1 |     ACC   0   0   0   0   0   0 |     AAC   1   1   1   1   1   1 |     AGC   0   0   0   0   0   0
    ATA   0   0   0   0   0   0 |     ACA   0   0   0   0   0   0 | Lys AAA   0   0   0   0   0   0 | Arg AGA   1   1   1   1   1   1
Met ATG   0   0   0   0   0   0 |     ACG   0   0   0   0   0   0 |     AAG   0   0   0   0   0   0 |     AGG   0   0   0   0   0   0
--------------------------------------------------------------------------------------------------------------------------------------
Val GTT   0   0   0   0   0   0 | Ala GCT   0   0   0   0   0   0 | Asp GAT   1   1   1   1   1   1 | Gly GGT   0   0   0   0   0   0
    GTC   2   2   2   2   2   2 |     GCC   0   0   0   0   0   0 |     GAC   0   0   0   0   0   0 |     GGC   0   0   0   0   0   0
    GTA   0   0   0   0   0   0 |     GCA   0   0   0   0   0   0 | Glu GAA   2   2   2   2   2   2 |     GGA   0   0   0   0   0   0
    GTG   0   0   0   0   0   0 |     GCG   0   0   0   0   0   0 |     GAG   0   0   0   0   0   0 |     GGG   0   0   0   0   0   0
--------------------------------------------------------------------------------------------------------------------------------------

--------------------------------------------------------------------------------------------------------------------------------------
Phe TTT   1   1   1   1   1   1 | Ser TCT   0   0   0   0   0   0 | Tyr TAT   3   3   3   3   3   2 | Cys TGT   0   0   0   0   0   0
    TTC   0   0   0   0   0   0 |     TCC   0   0   0   0   0   0 |     TAC   0   0   0   0   0   1 |     TGC   0   0   0   0   0   0
Leu TTA   0   0   0   0   0   0 |     TCA   0   0   0   0   0   0 | *** TAA   0   0   0   0   0   0 | *** TGA   0   0   0   0   0   0
    TTG   0   0   0   0   0   0 |     TCG   0   0   0   0   0   0 |     TAG   0   0   0   0   0   0 | Trp TGG   0   0   0   0   0   0
--------------------------------------------------------------------------------------------------------------------------------------
Leu CTT   0   0   0   0   0   0 | Pro CCT   0   0   0   0   0   0 | His CAT   2   1   1   1   1   1 | Arg CGT   1   1   1   1   1   1
    CTC   0   0   0   0   0   0 |     CCC   1   1   1   1   1   1 |     CAC   0   1   1   1   1   1 |     CGC   0   0   0   0   0   0
    CTA   0   0   0   0   0   0 |     CCA   0   0   0   0   0   0 | Gln CAA   0   0   0   0   0   0 |     CGA   0   0   0   0   0   0
    CTG   0   0   0   0   0   0 |     CCG   0   0   0   0   0   0 |     CAG   0   0   0   0   0   0 |     CGG   0   0   0   0   0   0
--------------------------------------------------------------------------------------------------------------------------------------
Ile ATT   1   0   0   0   0   0 | Thr ACT   0   0   0   0   0   0 | Asn AAT   1   1   1   1   1   1 | Ser AGT   0   0   0   0   0   0
    ATC   0   1   1   1   1   1 |     ACC   0   0   0   0   0   0 |     AAC   1   1   1   1   1   1 |     AGC   0   0   0   0   0   0
    ATA   0   0   0   0   0   0 |     ACA   0   0   0   0   0   0 | Lys AAA   0   0   0   0   0   0 | Arg AGA   1   1   1   1   1   1
Met ATG   0   0   0   0   0   0 |     ACG   0   0   0   0   0   0 |     AAG   0   0   0   0   0   0 |     AGG   0   0   0   0   0   0
--------------------------------------------------------------------------------------------------------------------------------------
Val GTT   1   1   0   0   0   0 | Ala GCT   0   0   0   0   0   0 | Asp GAT   1   1   1   1   1   1 | Gly GGT   0   0   0   0   0   0
    GTC   1   1   2   2   2   2 |     GCC   0   0   0   0   0   0 |     GAC   0   0   0   0   0   0 |     GGC   0   0   0   0   0   0
    GTA   0   0   0   0   0   0 |     GCA   0   0   0   0   0   0 | Glu GAA   2   2   2   2   2   2 |     GGA   0   0   0   0   0   0
    GTG   0   0   0   0   0   0 |     GCG   0   0   0   0   0   0 |     GAG   0   0   0   0   0   0 |     GGG   0   0   0   0   0   0
--------------------------------------------------------------------------------------------------------------------------------------

--------------------------------------------------------------------------------------------------------------------------------------
Phe TTT   1   1   1   1   0   1 | Ser TCT   0   0   0   0   0   0 | Tyr TAT   3   3   3   2   3   3 | Cys TGT   0   0   0   0   0   0
    TTC   0   0   0   0   1   0 |     TCC   0   0   0   0   0   0 |     TAC   0   0   0   1   0   0 |     TGC   0   0   0   0   0   0
Leu TTA   0   0   0   0   0   0 |     TCA   0   0   0   0   0   0 | *** TAA   0   0   0   0   0   0 | *** TGA   0   0   0   0   0   0
    TTG   0   0   0   0   0   0 |     TCG   0   0   0   0   0   0 |     TAG   0   0   0   0   0   0 | Trp TGG   0   0   0   0   0   0
--------------------------------------------------------------------------------------------------------------------------------------
Leu CTT   0   0   0   0   0   0 | Pro CCT   0   0   0   0   0   0 | His CAT   1   1   1   1   2   1 | Arg CGT   1   1   1   1   0   1
    CTC   0   0   0   0   0   0 |     CCC   1   1   1   1   1   1 |     CAC   1   1   1   1   1   1 |     CGC   0   0   0   0   0   0
    CTA   0   0   0   0   0   0 |     CCA   0   0   0   0   0   0 | Gln CAA   0   0   0   0   0   0 |     CGA   0   0   0   0   0   0
    CTG   0   0   0   0   0   0 |     CCG   0   0   0   0   0   0 |     CAG   0   0   0   0   0   0 |     CGG   0   0   0   0   0   0
--------------------------------------------------------------------------------------------------------------------------------------
Ile ATT   0   0   0   0   1   0 | Thr ACT   0   0   0   0   0   0 | Asn AAT   1   1   1   1   1   1 | Ser AGT   0   0   0   0   0   0
    ATC   1   1   1   1   0   1 |     ACC   0   0   0   0   0   0 |     AAC   1   1   1   1   1   1 |     AGC   0   0   0   0   0   0
    ATA   0   0   0   0   0   0 |     ACA   0   0   0   0   0   0 | Lys AAA   0   0   0   0   0   0 | Arg AGA   1   1   1   1   1   1
Met ATG   0   0   0   0   0   0 |     ACG   0   0   0   0   0   0 |     AAG   0   0   0   0   0   0 |     AGG   0   0   0   0   0   0
--------------------------------------------------------------------------------------------------------------------------------------
Val GTT   1   0   0   0   0   0 | Ala GCT   0   0   0   0   0   0 | Asp GAT   1   1   1   1   1   1 | Gly GGT   0   0   0   0   0   0
    GTC   1   2   2   2   2   2 |     GCC   0   0   0   0   0   0 |     GAC   0   0   0   0   0   0 |     GGC   0   0   0   0   0   0
    GTA   0   0   0   0   0   0 |     GCA   0   0   0   0   0   0 | Glu GAA   2   2   2   2   2   2 |     GGA   0   0   0   0   0   0
    GTG   0   0   0   0   0   0 |     GCG   0   0   0   0   0   0 |     GAG   0   0   0   0   0   0 |     GGG   0   0   0   0   0   0
--------------------------------------------------------------------------------------------------------------------------------------

--------------------------------------------------------------------------------------------------------------------------------------
Phe TTT   1   1   1   1   1   1 | Ser TCT   0   0   0   0   0   0 | Tyr TAT   3   3   3   3   3   3 | Cys TGT   0   0   0   0   0   0
    TTC   0   0   0   0   0   0 |     TCC   0   0   0   0   0   0 |     TAC   0   0   0   0   0   0 |     TGC   0   0   0   0   0   0
Leu TTA   0   0   0   0   0   0 |     TCA   0   0   0   0   0   0 | *** TAA   0   0   0   0   0   0 | *** TGA   0   0   0   0   0   0
    TTG   0   0   0   0   0   0 |     TCG   0   0   0   0   0   0 |     TAG   0   0   0   0   0   0 | Trp TGG   0   0   0   0   0   0
--------------------------------------------------------------------------------------------------------------------------------------
Leu CTT   0   0   0   0   0   0 | Pro CCT   0   0   0   0   0   0 | His CAT   1   1   1   1   1   1 | Arg CGT   1   1   1   1   1   1
    CTC   0   0   0   0   0   0 |     CCC   1   1   1   1   1   1 |     CAC   1   1   1   1   1   1 |     CGC   0   0   0   0   0   0
    CTA   0   0   0   0   0   0 |     CCA   0   0   0   0   0   0 | Gln CAA   0   0   0   0   0   0 |     CGA   0   0   0   0   0   0
    CTG   0   0   0   0   0   0 |     CCG   0   0   0   0   0   0 |     CAG   0   0   0   0   0   0 |     CGG   0   0   0   0   0   0
--------------------------------------------------------------------------------------------------------------------------------------
Ile ATT   0   0   0   0   1   0 | Thr ACT   0   0   0   0   0   0 | Asn AAT   1   1   1   1   1   1 | Ser AGT   0   0   0   0   0   0
    ATC   1   1   1   2   0   1 |     ACC   0   0   0   0   0   0 |     AAC   1   1   1   1   1   1 |     AGC   0   0   0   0   0   0
    ATA   0   0   0   0   0   0 |     ACA   0   0   0   0   0   0 | Lys AAA   0   0   0   0   0   0 | Arg AGA   1   1   1   1   1   1
Met ATG   0   0   0   0   0   0 |     ACG   0   0   0   0   0   0 |     AAG   0   0   0   0   0   0 |     AGG   0   0   0   0   0   0
--------------------------------------------------------------------------------------------------------------------------------------
Val GTT   0   0   0   0   0   0 | Ala GCT   0   0   0   0   0   0 | Asp GAT   1   1   1   1   1   1 | Gly GGT   0   0   0   0   0   0
    GTC   2   2   2   1   2   2 |     GCC   0   0   0   0   0   0 |     GAC   0   0   0   0   0   0 |     GGC   0   0   0   0   0   0
    GTA   0   0   0   0   0   0 |     GCA   0   0   0   0   0   0 | Glu GAA   2   2   2   2   2   2 |     GGA   0   0   0   0   0   0
    GTG   0   0   0   0   0   0 |     GCG   0   0   0   0   0   0 |     GAG   0   0   0   0   0   0 |     GGG   0   0   0   0   0   0
--------------------------------------------------------------------------------------------------------------------------------------

--------------------------------------------------------------------------------------------------------------------------------------
Phe TTT   1   1   1   1   1   1 | Ser TCT   0   0   0   0   0   0 | Tyr TAT   3   3   3   3   3   3 | Cys TGT   0   0   0   0   1   0
    TTC   0   0   0   0   0   0 |     TCC   0   0   0   0   0   0 |     TAC   0   0   0   0   0   0 |     TGC   0   0   0   0   0   0
Leu TTA   0   0   0   0   0   0 |     TCA   0   0   0   0   0   0 | *** TAA   0   0   0   0   0   0 | *** TGA   0   0   0   0   0   0
    TTG   0   0   0   0   0   0 |     TCG   0   0   0   0   0   0 |     TAG   0   0   0   0   0   0 | Trp TGG   0   0   0   0   0   0
--------------------------------------------------------------------------------------------------------------------------------------
Leu CTT   0   0   0   0   0   0 | Pro CCT   0   0   0   0   0   0 | His CAT   1   1   1   1   1   1 | Arg CGT   1   0   1   1   0   1
    CTC   0   0   0   0   0   0 |     CCC   1   1   1   1   1   1 |     CAC   1   1   1   1   1   1 |     CGC   0   1   0   0   0   0
    CTA   0   0   0   0   0   0 |     CCA   0   0   0   0   0   0 | Gln CAA   0   0   0   0   0   0 |     CGA   0   0   0   0   0   0
    CTG   0   0   0   0   0   0 |     CCG   0   0   0   0   0   0 |     CAG   0   0   0   0   0   0 |     CGG   0   0   0   0   0   0
--------------------------------------------------------------------------------------------------------------------------------------
Ile ATT   0   0   0   0   0   0 | Thr ACT   0   0   0   0   0   0 | Asn AAT   1   1   1   1   1   1 | Ser AGT   0   0   0   0   0   0
    ATC   1   1   1   1   1   1 |     ACC   0   0   0   0   0   0 |     AAC   1   1   1   1   1   1 |     AGC   0   0   0   0   0   0
    ATA   0   0   0   0   0   0 |     ACA   0   0   0   0   0   0 | Lys AAA   0   0   0   0   0   0 | Arg AGA   1   1   1   1   1   1
Met ATG   0   0   0   0   0   0 |     ACG   0   0   0   0   0   0 |     AAG   0   0   0   0   0   0 |     AGG   0   0   0   0   0   0
--------------------------------------------------------------------------------------------------------------------------------------
Val GTT   0   0   0   0   0   0 | Ala GCT   0   0   0   0   0   0 | Asp GAT   1   1   1   1   1   1 | Gly GGT   0   0   0   0   0   0
    GTC   2   2   2   2   2   2 |     GCC   0   0   0   0   0   0 |     GAC   0   0   0   0   0   0 |     GGC   0   0   0   0   0   0
    GTA   0   0   0   0   0   0 |     GCA   0   0   0   0   0   0 | Glu GAA   2   2   2   2   2   2 |     GGA   0   0   0   0   0   0
    GTG   0   0   0   0   0   0 |     GCG   0   0   0   0   0   0 |     GAG   0   0   0   0   0   0 |     GGG   0   0   0   0   0   0
--------------------------------------------------------------------------------------------------------------------------------------

--------------------------------------------------------------------------------------------------------------------------------------
Phe TTT   1   1   1   1   1   1 | Ser TCT   0   0   0   0   0   0 | Tyr TAT   3   2   3   3   2   3 | Cys TGT   0   0   0   0   0   0
    TTC   0   0   0   0   0   0 |     TCC   0   0   0   0   0   0 |     TAC   0   1   0   0   1   0 |     TGC   0   0   0   0   0   0
Leu TTA   0   0   0   0   0   0 |     TCA   0   0   0   0   0   0 | *** TAA   0   0   0   0   0   0 | *** TGA   0   0   0   0   0   0
    TTG   0   0   0   0   0   0 |     TCG   0   0   0   0   0   0 |     TAG   0   0   0   0   0   0 | Trp TGG   0   0   0   0   0   0
--------------------------------------------------------------------------------------------------------------------------------------
Leu CTT   0   0   0   0   0   0 | Pro CCT   0   0   0   0   0   0 | His CAT   1   1   1   2   1   1 | Arg CGT   1   1   1   1   1   1
    CTC   0   0   0   0   0   0 |     CCC   1   1   1   1   1   1 |     CAC   1   1   1   0   1   1 |     CGC   0   0   0   0   0   0
    CTA   0   0   0   0   0   0 |     CCA   0   0   0   0   0   0 | Gln CAA   0   0   0   0   0   0 |     CGA   0   0   0   1   0   0
    CTG   0   0   0   0   0   0 |     CCG   0   0   0   0   0   0 |     CAG   0   0   0   0   0   0 |     CGG   0   0   0   0   0   0
--------------------------------------------------------------------------------------------------------------------------------------
Ile ATT   0   0   0   0   0   0 | Thr ACT   0   0   0   0   0   0 | Asn AAT   1   1   1   1   1   1 | Ser AGT   0   0   0   0   0   0
    ATC   1   1   1   1   1   1 |     ACC   0   0   0   0   0   0 |     AAC   1   2   1   1   1   1 |     AGC   0   0   0   0   0   0
    ATA   0   0   0   0   0   0 |     ACA   0   0   0   0   0   0 | Lys AAA   0   1   0   0   0   0 | Arg AGA   1   1   1   0   1   1
Met ATG   0   0   0   0   0   0 |     ACG   0   0   0   0   0   0 |     AAG   0   0   0   0   0   0 |     AGG   0   0   0   0   0   0
--------------------------------------------------------------------------------------------------------------------------------------
Val GTT   1   0   0   0   0   0 | Ala GCT   0   0   0   0   0   0 | Asp GAT   1   0   1   1   1   1 | Gly GGT   0   0   0   0   0   0
    GTC   1   2   2   2   2   2 |     GCC   0   0   0   0   0   0 |     GAC   0   0   0   0   0   0 |     GGC   0   0   0   0   0   0
    GTA   0   0   0   0   0   0 |     GCA   0   0   0   0   0   0 | Glu GAA   2   1   2   2   2   2 |     GGA   0   0   0   0   0   0
    GTG   0   0   0   0   0   0 |     GCG   0   0   0   0   0   0 |     GAG   0   0   0   0   0   0 |     GGG   0   0   0   0   0   0
--------------------------------------------------------------------------------------------------------------------------------------

--------------------------------------------------------------------------------------------------------------------------------------
Phe TTT   1   1   1   1   1   1 | Ser TCT   0   0   0   0   0   0 | Tyr TAT   3   3   3   3   3   3 | Cys TGT   0   0   0   0   0   0
    TTC   0   0   0   0   0   0 |     TCC   0   0   0   0   0   0 |     TAC   0   0   0   0   0   0 |     TGC   0   0   0   0   0   0
Leu TTA   0   0   0   0   0   0 |     TCA   0   0   0   0   0   0 | *** TAA   0   0   0   0   0   0 | *** TGA   0   0   0   0   0   0
    TTG   0   0   0   0   0   0 |     TCG   0   0   0   0   0   0 |     TAG   0   0   0   0   0   0 | Trp TGG   0   0   0   0   0   0
--------------------------------------------------------------------------------------------------------------------------------------
Leu CTT   0   0   0   0   0   0 | Pro CCT   0   0   0   0   0   0 | His CAT   1   1   1   1   1   1 | Arg CGT   1   1   1   1   1   1
    CTC   0   0   0   0   0   0 |     CCC   1   1   1   1   1   1 |     CAC   1   1   1   1   1   1 |     CGC   0   0   0   0   0   0
    CTA   0   0   0   0   0   0 |     CCA   0   0   0   0   0   0 | Gln CAA   0   0   0   0   0   0 |     CGA   0   0   0   0   0   0
    CTG   0   0   0   0   0   0 |     CCG   0   0   0   0   0   0 |     CAG   0   0   0   0   0   0 |     CGG   0   0   0   0   0   0
--------------------------------------------------------------------------------------------------------------------------------------
Ile ATT   0   1   1   1   0   0 | Thr ACT   0   0   0   0   0   0 | Asn AAT   1   1   1   1   1   1 | Ser AGT   0   0   0   0   0   0
    ATC   1   0   0   0   1   1 |     ACC   0   0   0   0   0   0 |     AAC   1   1   1   1   1   1 |     AGC   0   0   0   0   0   0
    ATA   0   0   0   0   0   0 |     ACA   0   0   0   0   0   0 | Lys AAA   0   0   0   0   0   0 | Arg AGA   1   1   1   1   1   1
Met ATG   0   0   0   0   0   0 |     ACG   0   0   0   0   0   0 |     AAG   0   0   0   0   0   0 |     AGG   0   0   0   0   0   0
--------------------------------------------------------------------------------------------------------------------------------------
Val GTT   0   0   0   0   0   0 | Ala GCT   0   0   0   0   0   0 | Asp GAT   1   1   1   1   1   1 | Gly GGT   0   0   0   0   0   0
    GTC   2   2   2   2   2   2 |     GCC   0   0   0   0   0   0 |     GAC   0   0   0   0   0   0 |     GGC   0   0   0   0   0   0
    GTA   0   0   0   0   0   0 |     GCA   0   0   0   0   0   0 | Glu GAA   2   2   2   2   2   2 |     GGA   0   0   0   0   0   0
    GTG   0   0   0   0   0   0 |     GCG   0   0   0   0   0   0 |     GAG   0   0   0   0   0   0 |     GGG   0   0   0   0   0   0
--------------------------------------------------------------------------------------------------------------------------------------

Codon position x base (3x4) table for each sequence.

#1: Argali         
position  1:    T:0.23529    C:0.23529    A:0.23529    G:0.29412
position  2:    T:0.23529    C:0.05882    A:0.58824    G:0.11765
position  3:    T:0.52941    C:0.29412    A:0.17647    G:0.00000
Average         T:0.33333    C:0.19608    A:0.33333    G:0.13725

#2: LesserMouseDeer
position  1:    T:0.23529    C:0.23529    A:0.23529    G:0.29412
position  2:    T:0.23529    C:0.05882    A:0.58824    G:0.11765
position  3:    T:0.35294    C:0.41176    A:0.17647    G:0.05882
Average         T:0.27451    C:0.23529    A:0.33333    G:0.15686

#3: LesserKudu     
position  1:    T:0.23529    C:0.23529    A:0.23529    G:0.29412
position  2:    T:0.23529    C:0.05882    A:0.58824    G:0.11765
position  3:    T:0.47059    C:0.35294    A:0.17647    G:0.00000
Average         T:0.31373    C:0.21569    A:0.33333    G:0.13725

#4: ForestMuskDeer2
position  1:    T:0.23529    C:0.23529    A:0.23529    G:0.29412
position  2:    T:0.23529    C:0.05882    A:0.58824    G:0.11765
position  3:    T:0.52941    C:0.29412    A:0.17647    G:0.00000
Average         T:0.33333    C:0.19608    A:0.33333    G:0.13725

#5: Camel          
position  1:    T:0.23529    C:0.23529    A:0.23529    G:0.29412
position  2:    T:0.23529    C:0.05882    A:0.58824    G:0.11765
position  3:    T:0.35294    C:0.29412    A:0.11765    G:0.23529
Average         T:0.27451    C:0.19608    A:0.31373    G:0.21569

#6: KillerWhale    
position  1:    T:0.23529    C:0.23529    A:0.23529    G:0.29412
position  2:    T:0.23529    C:0.05882    A:0.58824    G:0.11765
position  3:    T:0.35294    C:0.41176    A:0.17647    G:0.05882
Average         T:0.27451    C:0.23529    A:0.33333    G:0.15686

#7: DefassaWaterbuck
position  1:    T:0.23529    C:0.23529    A:0.23529    G:0.29412
position  2:    T:0.23529    C:0.05882    A:0.58824    G:0.11765
position  3:    T:0.47059    C:0.35294    A:0.17647    G:0.00000
Average         T:0.31373    C:0.21569    A:0.33333    G:0.13725

#8: Sheep          
position  1:    T:0.23529    C:0.23529    A:0.23529    G:0.29412
position  2:    T:0.23529    C:0.05882    A:0.58824    G:0.11765
position  3:    T:0.52941    C:0.29412    A:0.17647    G:0.00000
Average         T:0.33333    C:0.19608    A:0.33333    G:0.13725

#9: MaxwellsDuiker 
position  1:    T:0.23529    C:0.23529    A:0.23529    G:0.29412
position  2:    T:0.23529    C:0.05882    A:0.58824    G:0.11765
position  3:    T:0.47059    C:0.35294    A:0.17647    G:0.00000
Average         T:0.31373    C:0.21569    A:0.33333    G:0.13725

#10: GazellaPrzewalskyi
position  1:    T:0.23529    C:0.23529    A:0.23529    G:0.29412
position  2:    T:0.23529    C:0.05882    A:0.58824    G:0.11765
position  3:    T:0.52941    C:0.29412    A:0.17647    G:0.00000
Average         T:0.33333    C:0.19608    A:0.33333    G:0.13725

#11: MountainNyala  
position  1:    T:0.23529    C:0.23529    A:0.23529    G:0.29412
position  2:    T:0.23529    C:0.05882    A:0.58824    G:0.11765
position  3:    T:0.47059    C:0.35294    A:0.17647    G:0.00000
Average         T:0.31373    C:0.21569    A:0.33333    G:0.13725

#12: MuntiacusMuntjak
position  1:    T:0.23529    C:0.23529    A:0.23529    G:0.29412
position  2:    T:0.23529    C:0.05882    A:0.58824    G:0.11765
position  3:    T:0.47059    C:0.35294    A:0.17647    G:0.00000
Average         T:0.31373    C:0.21569    A:0.33333    G:0.13725

#13: goat           
position  1:    T:0.23529    C:0.23529    A:0.23529    G:0.29412
position  2:    T:0.23529    C:0.05882    A:0.58824    G:0.11765
position  3:    T:0.47059    C:0.35294    A:0.17647    G:0.00000
Average         T:0.31373    C:0.21569    A:0.33333    G:0.13725

#14: AfricanBuffalo 
position  1:    T:0.23529    C:0.23529    A:0.23529    G:0.29412
position  2:    T:0.23529    C:0.05882    A:0.58824    G:0.11765
position  3:    T:0.47059    C:0.35294    A:0.17647    G:0.00000
Average         T:0.31373    C:0.21569    A:0.33333    G:0.13725

#15: Topi           
position  1:    T:0.23529    C:0.23529    A:0.23529    G:0.29412
position  2:    T:0.23529    C:0.05882    A:0.58824    G:0.11765
position  3:    T:0.47059    C:0.35294    A:0.17647    G:0.00000
Average         T:0.31373    C:0.21569    A:0.33333    G:0.13725

#16: CommonDuiker   
position  1:    T:0.23529    C:0.23529    A:0.23529    G:0.29412
position  2:    T:0.23529    C:0.05882    A:0.58824    G:0.11765
position  3:    T:0.47059    C:0.35294    A:0.17647    G:0.00000
Average         T:0.31373    C:0.21569    A:0.33333    G:0.13725

#17: Suni           
position  1:    T:0.23529    C:0.23529    A:0.23529    G:0.29412
position  2:    T:0.23529    C:0.05882    A:0.58824    G:0.11765
position  3:    T:0.52941    C:0.29412    A:0.17647    G:0.00000
Average         T:0.33333    C:0.19608    A:0.33333    G:0.13725

#18: Springbuck     
position  1:    T:0.23529    C:0.23529    A:0.23529    G:0.29412
position  2:    T:0.23529    C:0.05882    A:0.58824    G:0.11765
position  3:    T:0.47059    C:0.35294    A:0.17647    G:0.00000
Average         T:0.31373    C:0.21569    A:0.33333    G:0.13725

#19: Okapi          
position  1:    T:0.23529    C:0.23529    A:0.23529    G:0.29412
position  2:    T:0.23529    C:0.05882    A:0.58824    G:0.11765
position  3:    T:0.64706    C:0.17647    A:0.17647    G:0.00000
Average         T:0.37255    C:0.15686    A:0.33333    G:0.13725

#20: Giraffe        
position  1:    T:0.23529    C:0.23529    A:0.23529    G:0.29412
position  2:    T:0.23529    C:0.05882    A:0.58824    G:0.11765
position  3:    T:0.52941    C:0.29412    A:0.17647    G:0.00000
Average         T:0.33333    C:0.19608    A:0.33333    G:0.13725

#21: TibetanAntelope
position  1:    T:0.23529    C:0.23529    A:0.23529    G:0.29412
position  2:    T:0.23529    C:0.05882    A:0.58824    G:0.11765
position  3:    T:0.47059    C:0.35294    A:0.17647    G:0.00000
Average         T:0.31373    C:0.21569    A:0.33333    G:0.13725

#22: Sitatunga      
position  1:    T:0.23529    C:0.23529    A:0.23529    G:0.29412
position  2:    T:0.23529    C:0.05882    A:0.58824    G:0.11765
position  3:    T:0.47059    C:0.35294    A:0.17647    G:0.00000
Average         T:0.31373    C:0.21569    A:0.33333    G:0.13725

#23: Oribi          
position  1:    T:0.23529    C:0.23529    A:0.23529    G:0.29412
position  2:    T:0.23529    C:0.05882    A:0.58824    G:0.11765
position  3:    T:0.47059    C:0.35294    A:0.17647    G:0.00000
Average         T:0.31373    C:0.21569    A:0.33333    G:0.13725

#24: BarbarySheep   
position  1:    T:0.23529    C:0.23529    A:0.23529    G:0.29412
position  2:    T:0.23529    C:0.05882    A:0.58824    G:0.11765
position  3:    T:0.41176    C:0.41176    A:0.17647    G:0.00000
Average         T:0.29412    C:0.23529    A:0.33333    G:0.13725

#25: Daviddeer      
position  1:    T:0.23529    C:0.23529    A:0.23529    G:0.29412
position  2:    T:0.23529    C:0.05882    A:0.58824    G:0.11765
position  3:    T:0.52941    C:0.29412    A:0.17647    G:0.00000
Average         T:0.33333    C:0.19608    A:0.33333    G:0.13725

#26: Reindeer       
position  1:    T:0.23529    C:0.23529    A:0.23529    G:0.29412
position  2:    T:0.23529    C:0.05882    A:0.58824    G:0.11765
position  3:    T:0.47059    C:0.35294    A:0.17647    G:0.00000
Average         T:0.31373    C:0.21569    A:0.33333    G:0.13725

#27: Ibex           
position  1:    T:0.23529    C:0.23529    A:0.23529    G:0.29412
position  2:    T:0.23529    C:0.05882    A:0.58824    G:0.11765
position  3:    T:0.47059    C:0.35294    A:0.17647    G:0.00000
Average         T:0.31373    C:0.21569    A:0.33333    G:0.13725

#28: GyrantGazelle  
position  1:    T:0.23529    C:0.23529    A:0.23529    G:0.29412
position  2:    T:0.23529    C:0.05882    A:0.58824    G:0.11765
position  3:    T:0.41176    C:0.41176    A:0.17647    G:0.00000
Average         T:0.29412    C:0.23529    A:0.33333    G:0.13725

#29: Hartebeest     
position  1:    T:0.23529    C:0.23529    A:0.23529    G:0.29412
position  2:    T:0.23529    C:0.05882    A:0.64706    G:0.05882
position  3:    T:0.47059    C:0.35294    A:0.17647    G:0.00000
Average         T:0.31373    C:0.21569    A:0.35294    G:0.11765

#30: Bongo          
position  1:    T:0.23529    C:0.23529    A:0.23529    G:0.29412
position  2:    T:0.23529    C:0.05882    A:0.58824    G:0.11765
position  3:    T:0.47059    C:0.35294    A:0.17647    G:0.00000
Average         T:0.31373    C:0.21569    A:0.33333    G:0.13725

#31: Gerenuk        
position  1:    T:0.23529    C:0.23529    A:0.23529    G:0.29412
position  2:    T:0.23529    C:0.05882    A:0.58824    G:0.11765
position  3:    T:0.47059    C:0.35294    A:0.17647    G:0.00000
Average         T:0.31373    C:0.21569    A:0.33333    G:0.13725

#32: CommonEland    
position  1:    T:0.23529    C:0.23529    A:0.23529    G:0.29412
position  2:    T:0.23529    C:0.05882    A:0.58824    G:0.11765
position  3:    T:0.47059    C:0.35294    A:0.17647    G:0.00000
Average         T:0.31373    C:0.21569    A:0.33333    G:0.13725

#33: MuntiacusReevesi
position  1:    T:0.23529    C:0.23529    A:0.23529    G:0.29412
position  2:    T:0.23529    C:0.05882    A:0.58824    G:0.11765
position  3:    T:0.47059    C:0.35294    A:0.17647    G:0.00000
Average         T:0.31373    C:0.21569    A:0.33333    G:0.13725

#34: HarveysDuiker  
position  1:    T:0.23529    C:0.23529    A:0.29412    G:0.23529
position  2:    T:0.23529    C:0.05882    A:0.58824    G:0.11765
position  3:    T:0.47059    C:0.35294    A:0.17647    G:0.00000
Average         T:0.31373    C:0.21569    A:0.35294    G:0.11765

#35: Pronghorn      
position  1:    T:0.23529    C:0.23529    A:0.23529    G:0.29412
position  2:    T:0.23529    C:0.05882    A:0.58824    G:0.11765
position  3:    T:0.52941    C:0.29412    A:0.17647    G:0.00000
Average         T:0.33333    C:0.19608    A:0.33333    G:0.13725

#36: BlueWildebeest 
position  1:    T:0.23529    C:0.23529    A:0.23529    G:0.29412
position  2:    T:0.23529    C:0.05882    A:0.58824    G:0.11765
position  3:    T:0.47059    C:0.35294    A:0.17647    G:0.00000
Average         T:0.31373    C:0.21569    A:0.33333    G:0.13725

#37: Gemsbok        
position  1:    T:0.23529    C:0.23529    A:0.23529    G:0.29412
position  2:    T:0.23529    C:0.05882    A:0.58824    G:0.11765
position  3:    T:0.47059    C:0.35294    A:0.17647    G:0.00000
Average         T:0.31373    C:0.21569    A:0.33333    G:0.13725

#38: Yak            
position  1:    T:0.23529    C:0.23529    A:0.23529    G:0.29412
position  2:    T:0.23529    C:0.05882    A:0.58824    G:0.11765
position  3:    T:0.41176    C:0.41176    A:0.17647    G:0.00000
Average         T:0.29412    C:0.23529    A:0.33333    G:0.13725

#39: BlueSheep      
position  1:    T:0.23529    C:0.23529    A:0.23529    G:0.29412
position  2:    T:0.23529    C:0.05882    A:0.58824    G:0.11765
position  3:    T:0.47059    C:0.35294    A:0.17647    G:0.00000
Average         T:0.31373    C:0.21569    A:0.33333    G:0.13725

#40: BohorReedbuck  
position  1:    T:0.23529    C:0.23529    A:0.23529    G:0.29412
position  2:    T:0.23529    C:0.05882    A:0.58824    G:0.11765
position  3:    T:0.47059    C:0.35294    A:0.17647    G:0.00000
Average         T:0.31373    C:0.21569    A:0.33333    G:0.13725

#41: KirksDik       
position  1:    T:0.29412    C:0.17647    A:0.23529    G:0.29412
position  2:    T:0.23529    C:0.05882    A:0.58824    G:0.11765
position  3:    T:0.47059    C:0.35294    A:0.17647    G:0.00000
Average         T:0.33333    C:0.19608    A:0.33333    G:0.13725

#42: RoeDeer        
position  1:    T:0.23529    C:0.23529    A:0.23529    G:0.29412
position  2:    T:0.23529    C:0.05882    A:0.58824    G:0.11765
position  3:    T:0.47059    C:0.35294    A:0.17647    G:0.00000
Average         T:0.31373    C:0.21569    A:0.33333    G:0.13725

#43: WhiteLippedDeer
position  1:    T:0.23529    C:0.23529    A:0.23529    G:0.29412
position  2:    T:0.23529    C:0.05882    A:0.58824    G:0.11765
position  3:    T:0.52941    C:0.29412    A:0.17647    G:0.00000
Average         T:0.33333    C:0.19608    A:0.33333    G:0.13725

#44: ThomsonGazelle 
position  1:    T:0.23529    C:0.23529    A:0.35294    G:0.17647
position  2:    T:0.23529    C:0.05882    A:0.58824    G:0.11765
position  3:    T:0.35294    C:0.47059    A:0.17647    G:0.00000
Average         T:0.27451    C:0.25490    A:0.37255    G:0.09804

#45: MuntiacusCrinifrons
position  1:    T:0.23529    C:0.23529    A:0.23529    G:0.29412
position  2:    T:0.23529    C:0.05882    A:0.58824    G:0.11765
position  3:    T:0.47059    C:0.35294    A:0.17647    G:0.00000
Average         T:0.31373    C:0.21569    A:0.33333    G:0.13725

#46: WhiteTailedDeer
position  1:    T:0.23529    C:0.29412    A:0.17647    G:0.29412
position  2:    T:0.23529    C:0.05882    A:0.58824    G:0.11765
position  3:    T:0.52941    C:0.29412    A:0.17647    G:0.00000
Average         T:0.33333    C:0.21569    A:0.31373    G:0.13725

#47: Cattle         
position  1:    T:0.23529    C:0.23529    A:0.23529    G:0.29412
position  2:    T:0.23529    C:0.05882    A:0.58824    G:0.11765
position  3:    T:0.41176    C:0.41176    A:0.17647    G:0.00000
Average         T:0.29412    C:0.23529    A:0.33333    G:0.13725

#48: RoyalAntelope  
position  1:    T:0.23529    C:0.23529    A:0.23529    G:0.29412
position  2:    T:0.23529    C:0.05882    A:0.58824    G:0.11765
position  3:    T:0.47059    C:0.35294    A:0.17647    G:0.00000
Average         T:0.31373    C:0.21569    A:0.33333    G:0.13725

#49: Steenbok       
position  1:    T:0.23529    C:0.23529    A:0.23529    G:0.29412
position  2:    T:0.23529    C:0.05882    A:0.58824    G:0.11765
position  3:    T:0.47059    C:0.35294    A:0.17647    G:0.00000
Average         T:0.31373    C:0.21569    A:0.33333    G:0.13725

#50: Impala         
position  1:    T:0.23529    C:0.23529    A:0.23529    G:0.29412
position  2:    T:0.23529    C:0.05882    A:0.58824    G:0.11765
position  3:    T:0.52941    C:0.29412    A:0.17647    G:0.00000
Average         T:0.33333    C:0.19608    A:0.33333    G:0.13725

#51: Klipspringer   
position  1:    T:0.23529    C:0.23529    A:0.23529    G:0.29412
position  2:    T:0.23529    C:0.05882    A:0.58824    G:0.11765
