1
52 1
Argali 0.000000 0.392500 0.125000 0.335800 0.114200 0.020900 0.098600 0.102900 0.148400 0.169700 0.033700 0.137400 0.111700 0.147500 0.125500 0.120500 0.159100 0.161900 0.057200 0.164400 0.105900 0.040100 0.161600 0.171000 0.042400 0.143000 0.104500 0.155900 0.119400 0.148200 0.154500 0.121000 0.149700 0.128400 0.096300 0.132100 0.033800 0.097800 0.114200 0.156100 0.193000 0.141300 0.154500 0.155100 0.125300 0.159000 0.142300 0.111600 0.104000 0.151600 0.111900 0.164900
LesserMous 0.392500 0.000000 0.388600 0.354300 0.384500 0.394000 0.402900 0.373600 0.410800 0.341100 0.380200 0.437900 0.404000 0.409100 0.417800 0.416400 0.340500 0.372600 0.375500 0.422000 0.387000 0.380400 0.353800 0.333100 0.396300 0.410000 0.394900 0.419800 0.365400 0.410300 0.323900 0.406600 0.359800 0.407100 0.370300 0.411900 0.380200 0.361200 0.423200 0.327800 0.393400 0.452200 0.323900 0.314000 0.428900 0.482400 0.421100 0.364400 0.391000 0.398100 0.365800 0.433500
LesserKudu 0.125000 0.388600 0.000000 0.324200 0.138100 0.117400 0.114400 0.134100 0.077600 0.169200 0.101400 0.129300 0.127600 0.146800 0.125100 0.112000 0.142100 0.153500 0.095000 0.092300 0.121500 0.109100 0.136000 0.170600 0.110200 0.142600 0.120300 0.077600 0.127200 0.077500 0.154100 0.120600 0.133800 0.152900 0.111900 0.123600 0.101400 0.121300 0.146500 0.147300 0.158900 0.124900 0.154100 0.154700 0.116800 0.175200 0.134000 0.119000 0.103600 0.151300 0.042600 0.092500
KillerWhal 0.335800 0.354300 0.324200 0.000000 0.317600 0.326000 0.310500 0.318200 0.322700 0.281900 0.314300 0.335000 0.301900 0.351200 0.315700 0.334600 0.278800 0.295200 0.288200 0.332400 0.317900 0.314600 0.292800 0.274100 0.327700 0.360900 0.293900 0.322600 0.310100 0.322400 0.265700 0.315200 0.274800 0.313300 0.282900 0.292100 0.314300 0.316700 0.350000 0.277900 0.320400 0.335400 0.265700 0.265900 0.304700 0.380500 0.337700 0.289900 0.291500 0.297800 0.301700 0.342500
DefassaWat 0.114200 0.384500 0.138100 0.317600 0.000000 0.106400 0.094000 0.090600 0.145500 0.141700 0.089900 0.142500 0.107800 0.110100 0.113800 0.100200 0.174000 0.168600 0.082900 0.161900 0.085100 0.090000 0.150800 0.142900 0.098900 0.123100 0.100300 0.153100 0.115500 0.145200 0.126200 0.100600 0.138600 0.116400 0.091900 0.128800 0.089900 0.029600 0.110000 0.144900 0.183100 0.121600 0.126200 0.126700 0.121800 0.139400 0.122500 0.107500 0.091700 0.157500 0.107800 0.162400
Sheep 0.020900 0.394000 0.117400 0.326000 0.106400 0.000000 0.090800 0.095300 0.140700 0.161600 0.027900 0.129800 0.104100 0.132100 0.117800 0.112700 0.159400 0.162300 0.050000 0.156600 0.098100 0.035000 0.153600 0.162900 0.035400 0.135200 0.096800 0.148100 0.111700 0.140500 0.146500 0.113200 0.141900 0.128600 0.088700 0.132300 0.027900 0.090100 0.106300 0.148000 0.184800 0.133500 0.146500 0.147000 0.125500 0.151100 0.134500 0.111700 0.096300 0.143700 0.104200 0.157100
MaxwellsDu 0.098600 0.402900 0.114400 0.310500 0.094000 0.090800 0.000000 0.091200 0.121800 0.151800 0.074600 0.119300 0.076200 0.061300 0.090600 0.084500 0.148900 0.143100 0.052100 0.138000 0.069500 0.082400 0.143500 0.135900 0.083300 0.107400 0.068800 0.129400 0.099800 0.121600 0.136100 0.037600 0.106500 0.092600 0.060700 0.105500 0.074600 0.077400 0.094000 0.155300 0.175800 0.106000 0.136100 0.136700 0.098400 0.123400 0.106800 0.084000 0.068300 0.133100 0.084200 0.138400
GazellaPrz 0.102900 0.373600 0.134100 0.318200 0.090600 0.095300 0.091200 0.000000 0.125200 0.163000 0.094800 0.122700 0.112700 0.106800 0.094500 0.097300 0.168800 0.155000 0.072400 0.140900 0.082200 0.102600 0.154900 0.164400 0.103700 0.119000 0.105400 0.132500 0.096300 0.125000 0.147800 0.097700 0.126500 0.121200 0.097100 0.117700 0.094800 0.074600 0.106700 0.175300 0.186400 0.117500 0.147800 0.148300 0.118300 0.118600 0.102700 0.103800 0.088600 0.128200 0.088800 0.141200
MountainNy 0.148400 0.410800 0.077600 0.322700 0.145500 0.140700 0.121800 0.125200 0.000000 0.185600 0.124100 0.136000 0.134800 0.154200 0.132100 0.119200 0.165900 0.177900 0.102000 0.026800 0.128800 0.132000 0.160700 0.187200 0.133400 0.149900 0.127500 0.006500 0.134400 0.013200 0.170500 0.127900 0.133000 0.160200 0.119100 0.146200 0.124100 0.128600 0.153900 0.190100 0.191900 0.116400 0.170500 0.171100 0.139500 0.182500 0.165300 0.126100 0.110800 0.166900 0.035100 0.019800
MuntiacusM 0.169700 0.341100 0.169200 0.281900 0.141700 0.161600 0.151800 0.163000 0.185600 0.000000 0.127800 0.165100 0.131100 0.168500 0.161600 0.174500 0.171100 0.165700 0.137800 0.202600 0.159100 0.144200 0.051300 0.051500 0.154000 0.198200 0.140300 0.193400 0.172900 0.185500 0.014500 0.157900 0.127900 0.174500 0.131300 0.143300 0.127800 0.141400 0.185900 0.060000 0.081100 0.195600 0.014500 0.036700 0.152900 0.215200 0.179600 0.155500 0.139300 0.137500 0.147600 0.203200
goat 0.033700 0.380200 0.101400 0.314300 0.089900 0.027900 0.074600 0.094800 0.124100 0.127800 0.000000 0.098800 0.072700 0.122100 0.101700 0.096400 0.150500 0.153200 0.035200 0.139700 0.081800 0.020700 0.136200 0.145300 0.020300 0.118400 0.080800 0.131400 0.095500 0.123900 0.113000 0.096800 0.109500 0.111900 0.072900 0.100600 0.000000 0.074000 0.105700 0.130500 0.167000 0.117000 0.113000 0.129600 0.093800 0.134000 0.117900 0.095500 0.080400 0.142900 0.088100 0.140100
AfricanBuf 0.137400 0.437900 0.129300 0.335000 0.142500 0.129800 0.119300 0.122700 0.136000 0.165100 0.098800 0.000000 0.116400 0.151000 0.129600 0.124800 0.162600 0.165700 0.092400 0.135500 0.126200 0.121500 0.173800 0.183300 0.122800 0.146800 0.124900 0.143200 0.123700 0.135800 0.150300 0.125300 0.129800 0.156900 0.116700 0.075400 0.098800 0.126000 0.150700 0.177100 0.204800 0.145100 0.150300 0.167500 0.068800 0.178700 0.130200 0.123600 0.108600 0.147400 0.100600 0.151700
Topi 0.111700 0.404000 0.127600 0.301900 0.107800 0.104100 0.076200 0.112700 0.134800 0.131100 0.072700 0.116400 0.000000 0.116600 0.103800 0.114600 0.145400 0.139600 0.065900 0.150800 0.099600 0.095700 0.139800 0.149100 0.096700 0.137400 0.007100 0.142300 0.113500 0.134600 0.115900 0.091000 0.112000 0.036100 0.029100 0.079900 0.072700 0.091300 0.124500 0.151300 0.171300 0.127700 0.115900 0.133100 0.095900 0.153600 0.120400 0.097500 0.082200 0.120700 0.097800 0.151200
CommonDuik 0.147500 0.409100 0.146800 0.351200 0.110100 0.132100 0.061300 0.106800 0.154200 0.168500 0.122100 0.151000 0.116600 0.000000 0.122400 0.116800 0.165500 0.168900 0.099000 0.170900 0.085300 0.130400 0.160100 0.152400 0.115300 0.139900 0.109000 0.161900 0.115500 0.154000 0.152700 0.052700 0.138800 0.133700 0.108600 0.120800 0.122100 0.093200 0.110200 0.172300 0.192600 0.121400 0.152700 0.153300 0.130400 0.156400 0.139200 0.116100 0.100000 0.158200 0.116300 0.171400
Suni 0.125500 0.417800 0.125100 0.315700 0.113800 0.117800 0.090600 0.094500 0.132100 0.161600 0.101700 0.129600 0.103800 0.122400 0.000000 0.112300 0.159000 0.153600 0.064300 0.147900 0.089400 0.109400 0.153500 0.162900 0.110600 0.134000 0.096600 0.139500 0.127300 0.131900 0.146400 0.089400 0.141600 0.128400 0.088500 0.116300 0.101700 0.097400 0.122000 0.165100 0.176400 0.132400 0.146400 0.147000 0.094100 0.125800 0.117400 0.087500 0.080200 0.143300 0.095900 0.140300
Springbuck 0.120500 0.416400 0.112000 0.334600 0.100200 0.112700 0.084500 0.097300 0.119200 0.174500 0.096400 0.124800 0.114600 0.116800 0.112300 0.000000 0.173000 0.167600 0.089500 0.135000 0.060300 0.104300 0.149000 0.175900 0.105400 0.051100 0.107100 0.126700 0.043600 0.119000 0.158900 0.091100 0.128600 0.131400 0.098700 0.127100 0.096400 0.083800 0.084000 0.178500 0.172500 0.050500 0.158900 0.159500 0.120200 0.129100 0.096900 0.106000 0.090500 0.155400 0.082400 0.135400
Okapi 0.159100 0.340500 0.142100 0.278800 0.174000 0.159400 0.148900 0.168800 0.165900 0.171100 0.150500 0.162600 0.145400 0.165500 0.159000 0.173000 0.000000 0.080700 0.127500 0.165400 0.139500 0.158800 0.162900 0.172600 0.160500 0.195300 0.137900 0.165800 0.161800 0.165800 0.155800 0.154900 0.134300 0.163300 0.121200 0.140900 0.150500 0.156100 0.165200 0.166500 0.186600 0.184400 0.155800 0.156300 0.150200 0.194300 0.176800 0.153000 0.120400 0.152400 0.128500 0.182900
Giraffe 0.161900 0.372600 0.153500 0.295200 0.168600 0.162300 0.143100 0.155000 0.177900 0.165700 0.153200 0.165700 0.139600 0.168900 0.153600 0.167600 0.080700 0.000000 0.129700 0.195000 0.150800 0.161700 0.157400 0.167100 0.163400 0.190200 0.132000 0.185800 0.156200 0.177800 0.150100 0.149300 0.136600 0.157600 0.123200 0.127400 0.153200 0.150400 0.168800 0.169500 0.189500 0.179300 0.150100 0.150700 0.136800 0.207300 0.154600 0.147400 0.114400 0.130100 0.139600 0.195600
TibetanAnt 0.057200 0.375500 0.095000 0.288200 0.082900 0.050000 0.052100 0.072400 0.102000 0.137800 0.035200 0.092400 0.065900 0.099000 0.064300 0.089500 0.127500 0.129700 0.000000 0.117400 0.074500 0.042500 0.129900 0.138900 0.042900 0.111200 0.058700 0.109300 0.088600 0.101900 0.122700 0.074300 0.102900 0.089400 0.051000 0.094100 0.035200 0.067000 0.098700 0.124000 0.160800 0.109800 0.122700 0.123200 0.087200 0.110800 0.095000 0.072900 0.058100 0.120100 0.065900 0.117700
Sitatunga 0.164400 0.422000 0.092300 0.332400 0.161900 0.156600 0.138000 0.140900 0.026800 0.202600 0.139700 0.135500 0.150800 0.170900 0.147900 0.135000 0.165400 0.195000 0.117400 0.000000 0.145000 0.147700 0.177200 0.204300 0.149200 0.166000 0.143500 0.034100 0.142400 0.027300 0.187300 0.143900 0.148800 0.176700 0.134900 0.153600 0.139700 0.144700 0.170500 0.207500 0.208800 0.131800 0.187300 0.188000 0.146900 0.199100 0.181600 0.141900 0.126400 0.183400 0.047600 0.041300
Oribi 0.105900 0.387000 0.121500 0.317900 0.085100 0.098100 0.069500 0.082200 0.128800 0.159100 0.081800 0.126200 0.099600 0.085300 0.089400 0.060300 0.139500 0.150800 0.074500 0.145000 0.000000 0.089700 0.150800 0.160500 0.090700 0.082200 0.092200 0.136400 0.075200 0.128600 0.143500 0.076200 0.130100 0.116300 0.083800 0.112500 0.081800 0.068800 0.069100 0.162700 0.165400 0.081300 0.143500 0.144000 0.105500 0.112900 0.081900 0.075000 0.075300 0.140300 0.091500 0.128800
BarbaryShe 0.040100 0.380400 0.109100 0.314600 0.090000 0.035000 0.082400 0.102600 0.132000 0.144200 0.020700 0.121500 0.095700 0.130400 0.109400 0.104300 0.158800 0.161700 0.042500 0.147700 0.089700 0.000000 0.144500 0.145400 0.028000 0.126400 0.088500 0.139400 0.103300 0.131800 0.129300 0.104700 0.133200 0.119900 0.080500 0.123800 0.020100 0.081800 0.113800 0.130500 0.175400 0.124900 0.129300 0.129700 0.117100 0.142200 0.125900 0.103300 0.088200 0.151200 0.095800 0.148100
Daviddeer 0.161600 0.353800 0.136000 0.292800 0.150800 0.153600 0.143500 0.154900 0.160700 0.051300 0.136200 0.173800 0.139800 0.160100 0.153500 0.149000 0.162900 0.157400 0.129900 0.177200 0.150800 0.144500 0.000000 0.058200 0.146000 0.172500 0.132300 0.168300 0.147700 0.160500 0.036800 0.149700 0.120300 0.166200 0.123300 0.151900 0.136200 0.133300 0.177400 0.060100 0.027800 0.170200 0.036800 0.059700 0.161700 0.206700 0.163200 0.147400 0.131300 0.129600 0.123000 0.177700
Reindeer 0.171000 0.333100 0.170600 0.274100 0.142900 0.162900 0.135900 0.164400 0.187200 0.051500 0.145300 0.183300 0.149100 0.152400 0.162900 0.175900 0.172600 0.167100 0.138900 0.204300 0.160500 0.145400 0.058200 0.000000 0.155200 0.199900 0.141500 0.195000 0.174300 0.187000 0.036800 0.142100 0.137000 0.176100 0.132400 0.161200 0.145300 0.142600 0.187500 0.045000 0.089400 0.197300 0.036900 0.028700 0.171100 0.217100 0.181100 0.156800 0.140500 0.130100 0.148900 0.204900
Ibex 0.042400 0.396300 0.110200 0.327700 0.098900 0.035400 0.083300 0.103700 0.133400 0.154000 0.020300 0.122800 0.096700 0.115300 0.110600 0.105400 0.160500 0.163400 0.042900 0.149200 0.090700 0.028000 0.146000 0.155200 0.000000 0.127800 0.089500 0.140800 0.104400 0.125600 0.138900 0.098100 0.134500 0.121200 0.081400 0.125100 0.020900 0.082700 0.098900 0.140300 0.177200 0.126200 0.138900 0.139300 0.118300 0.127000 0.127100 0.088500 0.089100 0.152700 0.096900 0.149700
GyrantGaze 0.143000 0.410000 0.142600 0.360900 0.123100 0.135200 0.107400 0.119000 0.149900 0.198200 0.118400 0.146800 0.137400 0.139900 0.134000 0.051100 0.195300 0.190200 0.111200 0.166000 0.082200 0.126400 0.172500 0.199900 0.127800 0.000000 0.130000 0.157400 0.065600 0.149600 0.182700 0.113700 0.151200 0.154600 0.121400 0.149500 0.118400 0.106500 0.106700 0.202900 0.196100 0.056900 0.182700 0.183400 0.142600 0.150900 0.118400 0.127900 0.112400 0.178700 0.112900 0.166500
Hartebeest 0.104500 0.394900 0.120300 0.293900 0.100300 0.096800 0.068800 0.105400 0.127500 0.140300 0.080800 0.124900 0.007100 0.109000 0.096600 0.107100 0.137900 0.132000 0.058700 0.143500 0.092200 0.088500 0.132300 0.141500 0.089500 0.130000 0.000000 0.135000 0.106200 0.127300 0.125000 0.083500 0.120800 0.028200 0.021900 0.088000 0.080800 0.083900 0.116900 0.143600 0.163700 0.120400 0.125000 0.125500 0.104300 0.146100 0.113100 0.090200 0.074800 0.113400 0.090400 0.143900
Bongo 0.155900 0.419800 0.077600 0.322600 0.153100 0.148100 0.129400 0.132500 0.006500 0.193400 0.131400 0.143200 0.142300 0.161900 0.139500 0.126700 0.165800 0.185800 0.109300 0.034100 0.136400 0.139400 0.168300 0.195000 0.140800 0.157400 0.135000 0.000000 0.141900 0.020300 0.178200 0.135400 0.140400 0.167800 0.126600 0.153600 0.131400 0.136100 0.161600 0.198000 0.181000 0.123700 0.178200 0.178900 0.146900 0.190100 0.172800 0.133500 0.118100 0.174500 0.042100 0.026300
Gerenuk 0.119400 0.365400 0.127200 0.310100 0.115500 0.111700 0.099800 0.096300 0.134400 0.172900 0.095500 0.123700 0.113500 0.115500 0.127300 0.043600 0.161800 0.156200 0.088600 0.142400 0.075200 0.103300 0.147700 0.174300 0.104400 0.065600 0.106200 0.141900 0.000000 0.134200 0.157400 0.106200 0.111400 0.130200 0.097800 0.126000 0.095500 0.098900 0.099200 0.159100 0.170900 0.064900 0.157400 0.158000 0.135200 0.144200 0.096000 0.121100 0.105500 0.154000 0.097600 0.150900
CommonElan 0.148200 0.410300 0.077500 0.322400 0.145200 0.140500 0.121600 0.125000 0.013200 0.185500 0.123900 0.135800 0.134600 0.154000 0.131900 0.119000 0.165800 0.177800 0.101900 0.027300 0.128600 0.131800 0.160500 0.187000 0.125600 0.149600 0.127300 0.020300 0.134200 0.000000 0.170300 0.111600 0.132800 0.159900 0.118900 0.146000 0.123900 0.128400 0.153700 0.189900 0.191700 0.116200 0.170300 0.170900 0.139300 0.174300 0.165000 0.118400 0.110600 0.166700 0.035000 0.027300
MuntiacusR 0.154500 0.323900 0.154100 0.265700 0.126200 0.146500 0.136100 0.147800 0.170500 0.014500 0.113000 0.150300 0.115900 0.152700 0.146400 0.158900 0.155800 0.150100 0.122700 0.187300 0.143500 0.129300 0.036800 0.036800 0.138900 0.182700 0.125000 0.178200 0.157400 0.170300 0.000000 0.142400 0.113100 0.159000 0.116100 0.128500 0.113000 0.126000 0.170100 0.045100 0.066500 0.180300 0.000000 0.037100 0.137800 0.199600 0.164300 0.140200 0.124100 0.122500 0.132400 0.187800
HarveysDui 0.121000 0.406600 0.120600 0.315200 0.100600 0.113200 0.037600 0.097700 0.127900 0.157900 0.096800 0.125300 0.091000 0.052700 0.089400 0.091100 0.154900 0.149300 0.074300 0.143900 0.076200 0.104700 0.149700 0.142100 0.098100 0.113700 0.083500 0.135400 0.106200 0.111600 0.142400 0.000000 0.112800 0.107400 0.083200 0.095800 0.096800 0.084100 0.100500 0.161500 0.181700 0.096300 0.142400 0.142900 0.104700 0.121800 0.113100 0.082900 0.075000 0.131100 0.090800 0.144300
Pronghorn 0.149700 0.359800 0.133800 0.274800 0.138600 0.141900 0.106500 0.126500 0.133000 0.127900 0.109500 0.129800 0.112000 0.138800 0.141600 0.128600 0.134300 0.136600 0.102900 0.148800 0.130100 0.133200 0.120300 0.137000 0.134500 0.151200 0.120800 0.140400 0.111400 0.132800 0.113100 0.112800 0.000000 0.136800 0.112400 0.124300 0.109500 0.121700 0.155400 0.139500 0.151300 0.141500 0.113100 0.121500 0.133300 0.184000 0.150300 0.119300 0.104000 0.102700 0.096400 0.149200
BlueWildeb 0.128400 0.407100 0.152900 0.313300 0.116400 0.128600 0.092600 0.121200 0.160200 0.174500 0.111900 0.156900 0.036100 0.133700 0.128400 0.131400 0.163300 0.157600 0.089400 0.176700 0.116300 0.119900 0.166200 0.176100 0.121200 0.154600 0.028200 0.167800 0.130200 0.159900 0.159000 0.107400 0.136800 0.000000 0.051800 0.103300 0.111900 0.099700 0.141800 0.178700 0.198500 0.144500 0.159000 0.159600 0.120000 0.171000 0.137100 0.122100 0.106400 0.146000 0.122600 0.177200
Gemsbok 0.096300 0.370300 0.111900 0.282900 0.091900 0.088700 0.060700 0.097100 0.119100 0.131300 0.072900 0.116700 0.029100 0.108600 0.088500 0.098700 0.121200 0.123200 0.051000 0.134900 0.083800 0.080500 0.123300 0.132400 0.081400 0.121400 0.021900 0.126600 0.097800 0.118900 0.116100 0.083200 0.112400 0.051800 0.000000 0.087700 0.072900 0.075700 0.100300 0.134300 0.154500 0.119900 0.116100 0.116600 0.096200 0.137400 0.104700 0.082100 0.066900 0.113600 0.082300 0.135200
Yak 0.132100 0.411900 0.123600 0.292100 0.128800 0.132300 0.105500 0.117700 0.146200 0.143300 0.100600 0.075400 0.079900 0.120800 0.116300 0.127100 0.140900 0.127400 0.094100 0.153600 0.112500 0.123800 0.151900 0.161200 0.125100 0.149500 0.088000 0.153600 0.126000 0.146000 0.128500 0.095800 0.124300 0.103300 0.087700 0.000000 0.100600 0.112300 0.137100 0.163400 0.182900 0.131400 0.128500 0.145500 0.034300 0.165400 0.101500 0.110200 0.095100 0.118100 0.110200 0.162400
BlueSheep 0.033800 0.380200 0.101400 0.314300 0.089900 0.027900 0.074600 0.094800 0.124100 0.127800 0.000000 0.098800 0.072700 0.122100 0.101700 0.096400 0.150500 0.153200 0.035200 0.139700 0.081800 0.020100 0.136200 0.145300 0.020900 0.118400 0.080800 0.131400 0.095500 0.123900 0.113000 0.096800 0.109500 0.111900 0.072900 0.100600 0.000000 0.074000 0.105700 0.130500 0.167000 0.117000 0.113000 0.129600 0.093800 0.134000 0.117900 0.095500 0.080400 0.142900 0.088100 0.140100
BohorReedb 0.097800 0.361200 0.121300 0.316700 0.029600 0.090100 0.077400 0.074600 0.128600 0.141400 0.074000 0.126000 0.091300 0.093200 0.097400 0.083800 0.156100 0.150400 0.067000 0.144700 0.068800 0.081800 0.133300 0.142600 0.082700 0.106500 0.083900 0.136100 0.098900 0.128400 0.126000 0.084100 0.121700 0.099700 0.075700 0.112300 0.074000 0.000000 0.093100 0.144600 0.165000 0.105100 0.126000 0.126400 0.105300 0.122400 0.105900 0.091000 0.075500 0.140000 0.091300 0.145100
KirksDik 0.114200 0.423200 0.146500 0.350000 0.110000 0.106300 0.094000 0.106700 0.153900 0.185900 0.105700 0.150700 0.124500 0.110200 0.122000 0.084000 0.165200 0.168800 0.098700 0.170500 0.069100 0.113800 0.177400 0.187500 0.098900 0.106700 0.116900 0.161600 0.099200 0.153700 0.170100 0.100500 0.155400 0.141800 0.100300 0.137100 0.105700 0.093100 0.000000 0.190200 0.210300 0.105400 0.170100 0.170700 0.130100 0.139200 0.106200 0.115700 0.099900 0.166300 0.116100 0.171000
RoeDeer 0.156100 0.327800 0.147300 0.277900 0.144900 0.148000 0.155300 0.175300 0.190100 0.060000 0.130500 0.177100 0.151300 0.172300 0.165100 0.178500 0.166500 0.169500 0.124000 0.207500 0.162700 0.130500 0.060100 0.045000 0.140300 0.202900 0.143600 0.198000 0.159100 0.189900 0.045100 0.161500 0.139500 0.178700 0.134300 0.163400 0.130500 0.144600 0.190200 0.000000 0.090600 0.200100 0.045100 0.045300 0.173500 0.220300 0.175200 0.159000 0.142400 0.149400 0.151200 0.208000
WhiteLippe 0.193000 0.393400 0.158900 0.320400 0.183100 0.184800 0.175800 0.186400 0.191900 0.081100 0.167000 0.204800 0.171300 0.192600 0.176400 0.172500 0.186600 0.189500 0.160800 0.208800 0.165400 0.175400 0.027800 0.089400 0.177200 0.196100 0.163700 0.181000 0.170900 0.191700 0.066500 0.181700 0.151300 0.198500 0.154500 0.182900 0.167000 0.165000 0.210300 0.090600 0.000000 0.193500 0.066500 0.090000 0.193100 0.239500 0.194900 0.161700 0.162600 0.161100 0.154100 0.191800
ThomsonGaz 0.141300 0.452200 0.124900 0.335400 0.121600 0.133500 0.106000 0.117500 0.116400 0.195600 0.117000 0.145100 0.127700 0.121400 0.132400 0.050500 0.184400 0.179300 0.109800 0.131800 0.081300 0.124900 0.170200 0.197300 0.126200 0.056900 0.120400 0.123700 0.064900 0.116200 0.180300 0.096300 0.141500 0.144500 0.119900 0.131400 0.117000 0.105100 0.105400 0.200100 0.193500 0.000000 0.180300 0.180900 0.140900 0.149100 0.117000 0.126400 0.111000 0.168100 0.095800 0.132200
MuntiacusC 0.154500 0.323900 0.154100 0.265700 0.126200 0.146500 0.136100 0.147800 0.170500 0.014500 0.113000 0.150300 0.115900 0.152700 0.146400 0.158900 0.155800 0.150100 0.122700 0.187300 0.143500 0.129300 0.036800 0.036900 0.138900 0.182700 0.125000 0.178200 0.157400 0.170300 0.000000 0.142400 0.113100 0.159000 0.116100 0.128500 0.113000 0.126000 0.170100 0.045100 0.066500 0.180300 0.000000 0.036000 0.137800 0.199600 0.164300 0.140200 0.124100 0.122500 0.132400 0.187800
WhiteTaile 0.155100 0.314000 0.154700 0.265900 0.126700 0.147000 0.136700 0.148300 0.171100 0.036700 0.129600 0.167500 0.133100 0.153300 0.147000 0.159500 0.156300 0.150700 0.123200 0.188000 0.144000 0.129700 0.059700 0.028700 0.139300 0.183400 0.125500 0.178900 0.158000 0.170900 0.037100 0.142900 0.121500 0.159600 0.116600 0.145500 0.129600 0.126400 0.170700 0.045300 0.090000 0.180900 0.036000 0.000000 0.155200 0.200400 0.164900 0.140700 0.124600 0.114500 0.132900 0.188500
Cattle 0.125300 0.428900 0.116800 0.304700 0.121800 0.125500 0.098400 0.118300 0.139500 0.152900 0.093800 0.068800 0.095900 0.130400 0.094100 0.120200 0.150200 0.136800 0.087200 0.146900 0.105500 0.117100 0.161700 0.171100 0.118300 0.142600 0.104300 0.146900 0.135200 0.139300 0.137800 0.104700 0.133300 0.120000 0.096200 0.034300 0.093800 0.105300 0.130100 0.173500 0.193100 0.140900 0.137800 0.155200 0.000000 0.158600 0.110100 0.103300 0.088100 0.135000 0.103300 0.155700
RoyalAntel 0.159000 0.482400 0.175200 0.380500 0.139400 0.151100 0.123400 0.118600 0.182500 0.215200 0.134000 0.178700 0.153600 0.156400 0.125800 0.129100 0.194300 0.207300 0.110800 0.199100 0.112900 0.142200 0.206700 0.217100 0.127000 0.150900 0.146100 0.190100 0.144200 0.174300 0.199600 0.121800 0.184000 0.171000 0.137400 0.165400 0.134000 0.122400 0.139200 0.220300 0.239500 0.149100 0.199600 0.200400 0.158600 0.000000 0.133900 0.127500 0.128100 0.186700 0.145000 0.199700
Steenbok 0.142300 0.421100 0.134000 0.337700 0.122500 0.134500 0.106800 0.102700 0.165300 0.179600 0.117900 0.130200 0.120400 0.139200 0.117400 0.096900 0.176800 0.154600 0.095000 0.181600 0.081900 0.125900 0.163200 0.181100 0.127100 0.118400 0.113100 0.172800 0.096000 0.165000 0.164300 0.113100 0.150300 0.137100 0.104700 0.101500 0.117900 0.105900 0.106200 0.175200 0.194900 0.117000 0.164300 0.164900 0.110100 0.133900 0.000000 0.119700 0.111800 0.144300 0.128300 0.182100
Impala 0.111600 0.364400 0.119000 0.289900 0.107500 0.111700 0.084000 0.103800 0.126100 0.155500 0.095500 0.123600 0.097500 0.116100 0.087500 0.106000 0.153000 0.147400 0.072900 0.141900 0.075000 0.103300 0.147400 0.156800 0.088500 0.127900 0.090200 0.133500 0.121100 0.118400 0.140200 0.082900 0.119300 0.122100 0.082100 0.110200 0.095500 0.091000 0.115700 0.159000 0.161700 0.126400 0.140200 0.140700 0.103300 0.127500 0.119700 0.000000 0.073600 0.137200 0.089500 0.126100
Klipspring 0.104000 0.391000 0.103600 0.291500 0.091700 0.096300 0.068300 0.088600 0.110800 0.139300 0.080400 0.108600 0.082200 0.100000 0.080200 0.090500 0.120400 0.114400 0.058100 0.126400 0.075300 0.088200 0.131300 0.140500 0.089100 0.112400 0.074800 0.118100 0.105500 0.110600 0.124100 0.075000 0.104000 0.106400 0.066900 0.095100 0.080400 0.075500 0.099900 0.142400 0.162600 0.111000 0.124100 0.124600 0.088100 0.128100 0.111800 0.073600 0.000000 0.105300 0.074300 0.126700
ForestMusk 0.151600 0.398100 0.151300 0.297800 0.157500 0.143700 0.133100 0.128200 0.166900 0.137500 0.142900 0.147400 0.120700 0.158200 0.143300 0.155400 0.152400 0.130100 0.120100 0.183400 0.140300 0.151200 0.129600 0.130100 0.152700 0.178700 0.113400 0.174500 0.154000 0.166700 0.122500 0.131100 0.102700 0.146000 0.113600 0.118100 0.142900 0.140000 0.166300 0.149400 0.161100 0.168100 0.122500 0.114500 0.135000 0.186700 0.144300 0.137200 0.105300 0.000000 0.129500 0.183900
Bushbuck 0.111900 0.365800 0.042600 0.301700 0.107800 0.104200 0.084200 0.088800 0.035100 0.147600 0.088100 0.100600 0.097800 0.116300 0.095900 0.082400 0.128500 0.139600 0.065900 0.047600 0.091500 0.095800 0.123000 0.148900 0.096900 0.112900 0.090400 0.042100 0.097600 0.035000 0.132400 0.090800 0.096400 0.122600 0.082300 0.110200 0.088100 0.091300 0.116100 0.151200 0.154100 0.095800 0.132400 0.132900 0.103300 0.145000 0.128300 0.089500 0.074300 0.129500 0.000000 0.049400
GreaterKud 0.164900 0.433500 0.092500 0.342500 0.162400 0.157100 0.138400 0.141200 0.019800 0.203200 0.140100 0.151700 0.151200 0.171400 0.140300 0.135400 0.182900 0.195600 0.117700 0.041300 0.128800 0.148100 0.177700 0.204900 0.149700 0.166500 0.143900 0.026300 0.150900 0.027300 0.187800 0.144300 0.149200 0.177200 0.135200 0.162400 0.140100 0.145100 0.171000 0.208000 0.191800 0.132200 0.187800 0.188500 0.155700 0.199700 0.182100 0.126100 0.126700 0.183900 0.049400 0.000000
