CODONML (in paml version 4.10.7, June 2023)  /home/rachel/ruminants_paml/6406-phy-tree/ENSBTAT00000004597.fasta.phy
Model: free dN/dS Ratios for branches,  kappa = 2.000 fixed

Codon frequency model: F3x4
ns =  54  ls =  91

Codon usage in sequences
--------------------------------------------------------------------------------------------------------------------------------------
Phe TTT   0   0   0   0   0   0 | Ser TCT   2   2   2   2   1   1 | Tyr TAT   1   1   1   1   2   2 | Cys TGT   0   0   0   0   0   0
    TTC   1   1   1   2   1   1 |     TCC   1   1   1   1   2   2 |     TAC   2   2   2   2   1   1 |     TGC   3   3   3   2   3   3
Leu TTA   1   2   1   1   2   1 |     TCA   0   0   0   0   0   1 | *** TAA   0   0   0   0   0   0 | *** TGA   0   0   0   0   0   0
    TTG   2   2   3   2   1   4 |     TCG   1   0   1   1   0   0 |     TAG   0   0   0   0   0   0 | Trp TGG   4   4   4   4   4   4
--------------------------------------------------------------------------------------------------------------------------------------
Leu CTT   1   0   1   0   0   0 | Pro CCT   1   0   1   1   0   0 | His CAT   0   0   0   0   0   0 | Arg CGT   1   1   0   0   2   0
    CTC   1   0   1   1   1   1 |     CCC   1   2   1   1   2   1 |     CAC   1   1   1   1   1   1 |     CGC   3   3   4   4   2   4
    CTA   0   0   0   0   0   0 |     CCA   1   1   1   1   1   1 | Gln CAA   1   1   1   1   0   0 |     CGA   0   1   0   0   1   1
    CTG  13  14  11  13  12  11 |     CCG   0   0   0   0   0   0 |     CAG   3   3   3   3   4   4 |     CGG   1   1   1   1   1   1
--------------------------------------------------------------------------------------------------------------------------------------
Ile ATT   0   0   0   0   0   0 | Thr ACT   2   1   1   1   2   2 | Asn AAT   0   0   0   0   0   0 | Ser AGT   0   0   1   1   0   0
    ATC   1   1   1   1   1   1 |     ACC   2   4   3   4   3   2 |     AAC   0   0   0   0   0   0 |     AGC   1   1   0   0   1   1
    ATA   0   0   0   0   0   0 |     ACA   0   0   0   0   0   0 | Lys AAA   1   1   1   0   1   1 | Arg AGA   1   0   1   1   0   0
Met ATG   1   2   2   2   3   2 |     ACG   1   1   2   1   1   2 |     AAG   0   1   0   1   0   1 |     AGG   1   0   1   1   1   0
--------------------------------------------------------------------------------------------------------------------------------------
Val GTT   0   0   0   0   0   0 | Ala GCT   1   1   1   1   1   2 | Asp GAT   0   0   0   0   0   0 | Gly GGT   0   0   0   0   0   2
    GTC   2   1   2   2   1   1 |     GCC  10   9   9   9   8   8 |     GAC   3   3   3   3   3   4 |     GGC   5   5   5   5   6   3
    GTA   1   1   1   1   0   0 |     GCA   0   0   0   0   2   1 | Glu GAA   0   1   0   1   0   0 |     GGA   2   2   2   2   1   1
    GTG   1   2   1   1   3   3 |     GCG   3   3   4   3   3   2 |     GAG   5   4   5   4   5   5 |     GGG   1   1   0   1   1   2
--------------------------------------------------------------------------------------------------------------------------------------

--------------------------------------------------------------------------------------------------------------------------------------
Phe TTT   0   0   0   0   0   0 | Ser TCT   2   2   2   2   2   2 | Tyr TAT   1   1   1   1   1   1 | Cys TGT   0   0   0   1   0   0
    TTC   1   1   1   1   1   1 |     TCC   1   1   1   1   1   1 |     TAC   2   2   2   2   2   2 |     TGC   3   3   3   2   3   3
Leu TTA   1   1   1   1   1   1 |     TCA   0   0   0   0   0   0 | *** TAA   0   0   0   0   0   0 | *** TGA   0   0   0   0   0   0
    TTG   2   2   2   1   3   3 |     TCG   1   1   1   1   1   1 |     TAG   0   0   0   0   0   0 | Trp TGG   4   4   4   4   4   4
--------------------------------------------------------------------------------------------------------------------------------------
Leu CTT   2   1   1   1   1   0 | Pro CCT   1   1   1   1   1   1 | His CAT   0   0   0   0   0   0 | Arg CGT   0   1   0   0   0   0
    CTC   0   1   1   1   1   1 |     CCC   1   1   1   1   1   1 |     CAC   1   1   1   1   1   1 |     CGC   4   3   4   4   4   4
    CTA   0   0   0   0   0   2 |     CCA   1   1   0   1   1   1 | Gln CAA   1   1   2   1   1   1 |     CGA   0   0   0   0   0   0
    CTG  12  13  12  13  11  10 |     CCG   0   0   1   0   0   0 |     CAG   3   3   1   3   3   3 |     CGG   1   1   2   1   1   1
--------------------------------------------------------------------------------------------------------------------------------------
Ile ATT   0   0   0   0   0   1 | Thr ACT   2   2   2   2   1   1 | Asn AAT   0   0   0   0   0   0 | Ser AGT   0   0   0   0   1   0
    ATC   1   1   1   2   1   0 |     ACC   3   2   2   2   3   4 |     AAC   0   0   0   0   0   0 |     AGC   1   1   1   1   0   1
    ATA   0   0   0   0   0   0 |     ACA   0   0   0   0   0   0 | Lys AAA   1   1   1   1   1   1 | Arg AGA   1   1   1   1   2   1
Met ATG   2   1   2   2   2   2 |     ACG   1   1   1   1   2   1 |     AAG   0   0   0   0   0   0 |     AGG   1   1   1   1   0   1
--------------------------------------------------------------------------------------------------------------------------------------
Val GTT   0   0   0   0   0   0 | Ala GCT   1   1   1   1   1   1 | Asp GAT   0   0   0   0   0   0 | Gly GGT   0   0   0   0   0   0
    GTC   2   2   2   2   2   2 |     GCC   9  10  10   9   9   9 |     GAC   3   3   3   3   3   3 |     GGC   5   5   5   5   5   5
    GTA   1   1   0   1   1   1 |     GCA   0   0   0   0   0   0 | Glu GAA   0   0   0   0   0   1 |     GGA   2   2   2   2   2   2
    GTG   1   1   2   1   1   1 |     GCG   3   3   4   3   4   3 |     GAG   5   5   5   5   5   4 |     GGG   1   1   0   1   0   1
--------------------------------------------------------------------------------------------------------------------------------------

--------------------------------------------------------------------------------------------------------------------------------------
Phe TTT   0   0   0   0   0   0 | Ser TCT   2   2   2   2   2   2 | Tyr TAT   1   1   1   1   1   1 | Cys TGT   0   0   0   0   0   1
    TTC   1   1   1   1   1   1 |     TCC   1   1   1   1   1   1 |     TAC   2   2   2   2   2   2 |     TGC   3   3   3   3   3   3
Leu TTA   1   1   1   1   1   1 |     TCA   0   0   0   0   0   0 | *** TAA   0   0   0   0   0   0 | *** TGA   0   0   0   0   0   0
    TTG   2   2   2   2   3   2 |     TCG   1   1   1   1   1   1 |     TAG   0   0   0   0   0   0 | Trp TGG   4   4   4   4   4   4
--------------------------------------------------------------------------------------------------------------------------------------
Leu CTT   1   1   1   1   1   1 | Pro CCT   1   1   1   1   1   1 | His CAT   0   0   0   0   0   0 | Arg CGT   1   0   0   0   0   0
    CTC   1   1   1   1   1   1 |     CCC   1   1   1   1   1   1 |     CAC   1   1   1   1   1   1 |     CGC   3   4   4   4   4   3
    CTA   0   0   0   0   1   0 |     CCA   1   1   1   0   1   1 | Gln CAA   1   1   1   2   1   1 |     CGA   0   0   0   0   0   0
    CTG  12  12  12  12  11  12 |     CCG   0   0   0   1   0   0 |     CAG   3   3   3   2   3   3 |     CGG   1   1   1   1   1   1
--------------------------------------------------------------------------------------------------------------------------------------
Ile ATT   0   0   0   0   0   1 | Thr ACT   1   1   2   2   1   1 | Asn AAT   0   0   0   0   0   0 | Ser AGT   0   1   0   0   0   0
    ATC   1   1   1   1   1   1 |     ACC   2   4   3   2   4   3 |     AAC   0   0   0   0   0   0 |     AGC   1   0   1   1   1   1
    ATA   0   0   0   0   0   0 |     ACA   1   0   0   0   0   0 | Lys AAA   1   1   1   1   1   1 | Arg AGA   1   1   1   1   1   1
Met ATG   2   2   2   2   1   2 |     ACG   1   1   1   1   1   1 |     AAG   0   0   0   0   0   0 |     AGG   1   1   1   1   1   1
--------------------------------------------------------------------------------------------------------------------------------------
Val GTT   0   0   0   0   0   0 | Ala GCT   1   1   1   1   1   1 | Asp GAT   0   0   0   0   0   0 | Gly GGT   0   0   0   0   0   0
    GTC   2   2   2   2   2   2 |     GCC  10   9   9  10   8   9 |     GAC   3   3   4   3   3   3 |     GGC   5   5   5   5   5   5
    GTA   1   1   1   0   1   1 |     GCA   0   0   0   0   1   0 | Glu GAA   0   0   0   0   0   0 |     GGA   2   2   2   2   2   2
    GTG   1   1   1   2   1   1 |     GCG   3   4   3   3   3   3 |     GAG   5   5   4   5   5   5 |     GGG   1   0   1   1   1   1
--------------------------------------------------------------------------------------------------------------------------------------

--------------------------------------------------------------------------------------------------------------------------------------
Phe TTT   0   0   0   0   0   0 | Ser TCT   2   2   2   2   2   2 | Tyr TAT   1   1   1   1   1   1 | Cys TGT   0   0   0   0   1   0
    TTC   1   1   1   1   1   1 |     TCC   1   1   1   1   1   1 |     TAC   2   2   2   2   2   2 |     TGC   3   3   3   3   2   3
Leu TTA   1   1   1   1   1   1 |     TCA   0   0   0   0   0   0 | *** TAA   0   0   0   0   0   0 | *** TGA   0   0   0   0   0   0
    TTG   2   2   3   3   2   2 |     TCG   1   1   1   1   1   1 |     TAG   0   0   0   0   0   0 | Trp TGG   4   4   4   4   4   4
--------------------------------------------------------------------------------------------------------------------------------------
Leu CTT   0   0   1   1   1   1 | Pro CCT   0   0   1   1   1   1 | His CAT   0   0   0   0   0   0 | Arg CGT   0   0   1   0   0   1
    CTC   1   1   1   1   1   1 |     CCC   2   2   1   1   1   1 |     CAC   1   1   1   1   1   1 |     CGC   4   4   3   4   4   3
    CTA   0   0   0   0   0   0 |     CCA   1   1   1   1   1   1 | Gln CAA   1   1   1   1   0   1 |     CGA   0   0   0   0   0   0
    CTG  13  13  11  11  12  12 |     CCG   0   0   0   0   0   0 |     CAG   4   4   3   3   4   3 |     CGG   0   0   1   1   1   1
--------------------------------------------------------------------------------------------------------------------------------------
Ile ATT   0   0   0   0   0   0 | Thr ACT   1   1   2   1   2   1 | Asn AAT   0   0   0   0   0   0 | Ser AGT   0   0   0   1   0   0
    ATC   1   1   1   1   1   1 |     ACC   4   4   2   3   3   2 |     AAC   0   0   0   0   0   0 |     AGC   1   1   1   0   1   1
    ATA   0   0   0   0   0   0 |     ACA   0   0   0   0   0   1 | Lys AAA   1   1   1   1   0   1 | Arg AGA   1   1   1   2   1   1
Met ATG   2   2   2   2   2   2 |     ACG   1   1   1   2   1   1 |     AAG   0   0   0   0   1   0 |     AGG   1   1   1   0   1   1
--------------------------------------------------------------------------------------------------------------------------------------
Val GTT   1   0   0   0   0   0 | Ala GCT   2   1   1   1   1   1 | Asp GAT   0   0   0   0   0   0 | Gly GGT   0   0   0   0   0   0
    GTC   1   2   2   2   2   2 |     GCC   8   9  10   9   9  10 |     GAC   3   3   3   3   3   3 |     GGC   5   5   5   5   5   5
    GTA   1   1   1   1   1   1 |     GCA   0   0   0   0   0   0 | Glu GAA   0   0   0   0   0   0 |     GGA   2   2   2   2   2   2
    GTG   1   1   1   1   1   1 |     GCG   3   3   3   4   3   3 |     GAG   5   5   5   5   5   5 |     GGG   1   1   1   0   1   1
--------------------------------------------------------------------------------------------------------------------------------------

--------------------------------------------------------------------------------------------------------------------------------------
Phe TTT   0   0   0   0   0   0 | Ser TCT   2   2   2   2   2   2 | Tyr TAT   1   1   1   1   1   1 | Cys TGT   0   0   0   1   0   0
    TTC   2   1   1   1   1   1 |     TCC   1   1   1   1   1   1 |     TAC   2   2   2   2   2   2 |     TGC   2   3   3   2   3   3
Leu TTA   1   1   1   1   1   1 |     TCA   0   0   0   0   0   0 | *** TAA   0   0   0   0   0   0 | *** TGA   0   0   0   0   0   0
    TTG   2   2   2   2   2   3 |     TCG   1   1   1   1   1   1 |     TAG   0   0   0   0   0   0 | Trp TGG   4   4   4   4   4   4
--------------------------------------------------------------------------------------------------------------------------------------
Leu CTT   0   0   1   1   1   1 | Pro CCT   1   1   1   1   1   1 | His CAT   0   0   0   0   0   0 | Arg CGT   0   0   1   0   0   0
    CTC   1   1   1   1   1   1 |     CCC   1   1   1   1   1   1 |     CAC   1   1   1   1   1   1 |     CGC   4   4   3   4   4   4
    CTA   0   1   0   0   0   0 |     CCA   1   1   1   1   1   1 | Gln CAA   1   1   1   1   1   1 |     CGA   0   0   0   0   0   0
    CTG  13  12  12  12  12  11 |     CCG   0   0   0   0   0   0 |     CAG   3   3   3   3   3   3 |     CGG   1   1   1   1   1   1
--------------------------------------------------------------------------------------------------------------------------------------
Ile ATT   0   0   0   0   0   0 | Thr ACT   1   1   1   2   2   1 | Asn AAT   0   0   0   0   0   0 | Ser AGT   0   0   0   0   0   1
    ATC   1   1   1   1   1   1 |     ACC   4   4   2   3   3   3 |     AAC   0   0   0   0   0   0 |     AGC   1   1   1   1   1   0
    ATA   0   0   0   0   0   0 |     ACA   0   0   1   0   0   0 | Lys AAA   1   1   1   0   1   1 | Arg AGA   1   1   1   1   1   2
Met ATG   2   2   2   2   2   2 |     ACG   1   1   1   1   1   2 |     AAG   0   0   0   1   0   0 |     AGG   1   1   1   1   1   0
--------------------------------------------------------------------------------------------------------------------------------------
Val GTT   0   0   0   1   0   0 | Ala GCT   1   1   1   1   1   1 | Asp GAT   0   0   0   0   0   0 | Gly GGT   0   0   0   0   0   0
    GTC   2   2   2   1   2   2 |     GCC   9   9  10   9   9   9 |     GAC   3   3   3   3   3   3 |     GGC   5   5   5   5   5   5
    GTA   1   1   1   1   1   1 |     GCA   0   0   0   0   0   0 | Glu GAA   1   1   0   0   0   0 |     GGA   2   2   2   2   2   2
    GTG   1   1   1   1   1   1 |     GCG   3   3   3   3   3   4 |     GAG   4   4   5   5   5   5 |     GGG   1   1   1   1   1   0
--------------------------------------------------------------------------------------------------------------------------------------

--------------------------------------------------------------------------------------------------------------------------------------
Phe TTT   0   0   0   0   0   0 | Ser TCT   2   2   2   2   1   2 | Tyr TAT   1   1   1   1   1   1 | Cys TGT   1   0   0   0   1   0
    TTC   1   1   1   1   1   1 |     TCC   1   1   1   1   1   1 |     TAC   2   2   2   2   2   2 |     TGC   2   3   3   3   3   3
Leu TTA   1   1   1   1   1   1 |     TCA   0   0   0   0   0   0 | *** TAA   0   0   0   0   0   0 | *** TGA   0   0   0   0   0   0
    TTG   2   3   3   2   2   2 |     TCG   1   1   1   1   1   1 |     TAG   0   0   0   0   0   0 | Trp TGG   4   4   4   4   4   4
--------------------------------------------------------------------------------------------------------------------------------------
Leu CTT   1   1   0   1   0   1 | Pro CCT   1   1   1   1   0   1 | His CAT   0   0   0   0   0   0 | Arg CGT   0   0   0   0   1   0
    CTC   1   1   1   1   1   1 |     CCC   2   1   1   1   2   1 |     CAC   1   1   1   1   1   1 |     CGC   4   4   4   4   3   4
    CTA   0   0   1   0   0   0 |     CCA   1   1   1   0   1   1 | Gln CAA   1   1   1   2   1   1 |     CGA   0   0   0   0   0   0
    CTG  12  11  11  12  13  12 |     CCG   0   0   0   1   0   0 |     CAG   4   3   3   2   3   3 |     CGG   0   1   1   1   1   1
--------------------------------------------------------------------------------------------------------------------------------------
Ile ATT   0   0   0   0   0   0 | Thr ACT   2   1   1   2   1   2 | Asn AAT   0   0   0   0   0   0 | Ser AGT   0   1   0   0   0   0
    ATC   1   1   1   1   1   1 |     ACC   3   3   4   2   4   3 |     AAC   0   0   0   0   0   0 |     AGC   0   0   1   1   1   1
    ATA   0   0   0   0   0   0 |     ACA   0   0   0   0   0   0 | Lys AAA   1   1   1   1   0   1 | Arg AGA   1   2   1   1   1   1
Met ATG   2   2   2   2   2   2 |     ACG   1   2   1   1   1   1 |     AAG   0   0   0   0   1   0 |     AGG   1   0   1   1   1   1
--------------------------------------------------------------------------------------------------------------------------------------
Val GTT   0   0   0   0   0   0 | Ala GCT   1   1   1   2   2   1 | Asp GAT   0   0   0   0   0   0 | Gly GGT   0   0   0   0   1   0
    GTC   2   2   2   2   2   2 |     GCC   8   9   9   9   8   9 |     GAC   3   3   3   3   3   3 |     GGC   6   5   5   5   4   5
    GTA   1   1   1   0   1   1 |     GCA   0   0   0   0   1   0 | Glu GAA   0   0   1   0   0   0 |     GGA   2   2   2   3   2   2
    GTG   1   1   1   2   1   1 |     GCG   3   4   3   3   2   3 |     GAG   5   5   4   5   5   5 |     GGG   1   0   1   0   1   1
--------------------------------------------------------------------------------------------------------------------------------------

--------------------------------------------------------------------------------------------------------------------------------------
Phe TTT   0   0   0   0   0   0 | Ser TCT   2   2   2   2   2   2 | Tyr TAT   1   1   1   1   1   1 | Cys TGT   0   0   0   0   1   0
    TTC   2   1   1   1   2   1 |     TCC   1   1   1   1   0   1 |     TAC   2   2   2   2   2   2 |     TGC   2   3   3   3   2   3
Leu TTA   1   1   1   1   1   1 |     TCA   0   0   0   0   0   0 | *** TAA   0   0   0   0   0   0 | *** TGA   0   0   0   0   0   0
    TTG   2   2   2   2   2   2 |     TCG   1   1   1   1   1   1 |     TAG   0   0   0   0   0   0 | Trp TGG   4   4   4   4   4   4
--------------------------------------------------------------------------------------------------------------------------------------
Leu CTT   2   1   1   2   1   0 | Pro CCT   1   1   1   1   0   1 | His CAT   0   0   0   0   0   0 | Arg CGT   0   0   1   0   0   0
    CTC   1   1   1   0   1   1 |     CCC   1   1   1   1   2   1 |     CAC   1   1   1   1   1   1 |     CGC   4   4   3   4   3   4
    CTA   0   0   0   0   0   0 |     CCA   1   1   1   1   1   1 | Gln CAA   1   1   1   1   1   1 |     CGA   0   0   0   0   1   0
    CTG  11  12  12  12  12  13 |     CCG   0   0   0   0   0   0 |     CAG   3   3   3   3   3   3 |     CGG   1   1   1   1   1   1
--------------------------------------------------------------------------------------------------------------------------------------
Ile ATT   0   0   0   0   0   0 | Thr ACT   2   1   1   2   2   1 | Asn AAT   0   0   0   0   0   0 | Ser AGT   0   0   0   0   0   0
    ATC   1   1   1   1   1   1 |     ACC   3   4   2   3   3   4 |     AAC   0   0   0   0   0   0 |     AGC   1   1   1   1   1   1
    ATA   0   0   0   0   0   0 |     ACA   0   0   1   0   0   0 | Lys AAA   1   1   1   1   1   1 | Arg AGA   1   1   1   1   1   1
Met ATG   2   2   2   2   2   2 |     ACG   1   1   1   1   1   1 |     AAG   0   0   0   0   0   0 |     AGG   1   1   1   1   1   1
--------------------------------------------------------------------------------------------------------------------------------------
Val GTT   0   0   0   0   0   0 | Ala GCT   1   2   1   1   1   1 | Asp GAT   0   0   0   0   0   0 | Gly GGT   0   0   0   0   0   0
    GTC   2   2   2   2   2   2 |     GCC   9   9  10   9   9   9 |     GAC   3   3   3   3   3   3 |     GGC   5   5   5   5   5   5
    GTA   1   1   1   1   1   1 |     GCA   0   0   0   0   0   0 | Glu GAA   0   0   0   0   0   1 |     GGA   2   2   2   2   2   1
    GTG   1   1   1   1   1   1 |     GCG   3   3   3   3   3   3 |     GAG   5   5   5   5   5   4 |     GGG   1   0   1   1   1   2
--------------------------------------------------------------------------------------------------------------------------------------

--------------------------------------------------------------------------------------------------------------------------------------
Phe TTT   0   0   0   0   0   0 | Ser TCT   2   2   2   2   2   2 | Tyr TAT   1   1   1   1   1   1 | Cys TGT   0   1   0   0   0   0
    TTC   2   1   1   1   1   1 |     TCC   1   1   1   1   1   1 |     TAC   2   2   2   2   2   2 |     TGC   2   2   3   3   3   3
Leu TTA   1   1   1   1   1   1 |     TCA   0   0   0   0   0   0 | *** TAA   0   0   0   0   0   0 | *** TGA   0   0   0   0   0   0
    TTG   2   2   3   2   2   2 |     TCG   1   1   1   1   1   1 |     TAG   0   0   0   0   0   0 | Trp TGG   4   4   4   4   4   4
--------------------------------------------------------------------------------------------------------------------------------------
Leu CTT   0   1   0   0   1   1 | Pro CCT   1   1   1   1   1   1 | His CAT   0   0   0   0   0   0 | Arg CGT   0   0   0   0   0   0
    CTC   1   1   1   1   1   1 |     CCC   0   1   1   1   1   1 |     CAC   1   1   1   0   1   1 |     CGC   4   4   4   4   4   4
    CTA   0   0   1   1   0   0 |     CCA   2   1   1   1   1   1 | Gln CAA   1   1   1   2   1   1 |     CGA   0   0   0   0   0   0
    CTG  13  12  11  12  12  12 |     CCG   0   0   0   0   0   0 |     CAG   3   3   3   3   3   4 |     CGG   1   1   1   1   1   0
--------------------------------------------------------------------------------------------------------------------------------------
Ile ATT   0   0   0   0   0   0 | Thr ACT   1   2   1   1   1   2 | Asn AAT   0   0   0   0   0   0 | Ser AGT   0   0   0   0   1   0
    ATC   1   1   1   1   1   1 |     ACC   4   3   4   4   4   3 |     AAC   0   0   0   0   0   0 |     AGC   1   1   1   1   0   1
    ATA   0   0   0   0   0   0 |     ACA   0   0   0   0   0   0 | Lys AAA   1   0   1   1   1   1 | Arg AGA   1   1   1   1   1   1
Met ATG   2   2   2   2   2   2 |     ACG   1   1   1   1   1   1 |     AAG   0   1   0   0   0   0 |     AGG   1   1   1   1   1   1
--------------------------------------------------------------------------------------------------------------------------------------
Val GTT   0   1   0   0   0   0 | Ala GCT   1   1   1   1   1   1 | Asp GAT   0   0   0   0   0   1 | Gly GGT   0   0   0   0   0   0
    GTC   2   1   2   2   2   2 |     GCC   9   9   9   9   9   9 |     GAC   3   3   3   3   3   2 |     GGC   5   5   5   5   5   5
    GTA   1   1   1   1   1   1 |     GCA   0   0   0   0   0   0 | Glu GAA   1   0   1   1   0   0 |     GGA   2   2   2   2   2   2
    GTG   1   1   1   1   1   1 |     GCG   3   3   3   3   4   3 |     GAG   4   5   4   4   5   5 |     GGG   1   1   1   1   0   1
--------------------------------------------------------------------------------------------------------------------------------------

--------------------------------------------------------------------------------------------------------------------------------------
Phe TTT   0   0   0   0   0   0 | Ser TCT   2   2   2   2   2   2 | Tyr TAT   1   1   1   1   1   1 | Cys TGT   1   0   0   0   0   0
    TTC   1   1   1   2   1   1 |     TCC   1   1   1   1   1   1 |     TAC   2   2   2   2   2   2 |     TGC   2   3   3   2   3   3
Leu TTA   1   1   1   1   1   1 |     TCA   0   0   0   0   0   0 | *** TAA   0   0   0   0   0   0 | *** TGA   0   0   0   0   0   0
    TTG   2   3   2   2   3   3 |     TCG   1   1   1   1   1   1 |     TAG   0   0   0   0   0   0 | Trp TGG   4   4   4   4   4   4
--------------------------------------------------------------------------------------------------------------------------------------
Leu CTT   1   1   1   0   1   1 | Pro CCT   1   0   1   1   1   1 | His CAT   0   0   0   0   0   0 | Arg CGT   0   0   0   0   0   0
    CTC   1   1   1   1   1   1 |     CCC   1   1   1   1   1   1 |     CAC   1   1   1   1   1   1 |     CGC   4   4   4   4   4   4
    CTA   0   0   0   0   0   0 |     CCA   1   1   1   1   1   1 | Gln CAA   1   1   1   1   1   1 |     CGA   0   0   0   0   0   0
    CTG  12  12  12  13  11  11 |     CCG   0   1   0   0   0   0 |     CAG   3   3   3   3   3   3 |     CGG   1   1   1   1   1   1
--------------------------------------------------------------------------------------------------------------------------------------
Ile ATT   0   0   1   0   0   0 | Thr ACT   2   1   2   1   1   1 | Asn AAT   0   0   0   0   0   0 | Ser AGT   0   0   0   1   1   1
    ATC   1   1   0   1   1   1 |     ACC   3   5   3   4   3   3 |     AAC   0   0   0   0   0   0 |     AGC   1   0   1   0   0   0
    ATA   0   0   0   0   0   0 |     ACA   0   0   0   0   0   0 | Lys AAA   1   1   1   0   1   1 | Arg AGA   1   1   1   1   2   2
Met ATG   2   1   1   2   2   2 |     ACG   1   1   2   1   2   2 |     AAG   0   1   0   1   0   0 |     AGG   1   0   1   1   0   0
--------------------------------------------------------------------------------------------------------------------------------------
Val GTT   0   0   0   0   0   0 | Ala GCT   1   2   1   1   1   1 | Asp GAT   0   0   0   0   0   0 | Gly GGT   0   0   0   0   0   0
    GTC   2   2   2   2   2   2 |     GCC   9   8   9   9   9   9 |     GAC   3   3   3   3   3   3 |     GGC   5   5   5   5   5   5
    GTA   1   1   1   1   1   1 |     GCA   0   0   0   0   0   0 | Glu GAA   0   0   0   1   0   0 |     GGA   2   2   2   2   2   2
    GTG   1   1   1   1   1   1 |     GCG   3   3   3   3   4   4 |     GAG   5   5   5   4   5   5 |     GGG   1   1   1   1   0   0
--------------------------------------------------------------------------------------------------------------------------------------

Codon position x base (3x4) table for each sequence.

#1: Argali         
position  1:    T:0.19780    C:0.30769    A:0.12088    G:0.37363
position  2:    T:0.27473    C:0.28571    A:0.18681    G:0.25275
position  3:    T:0.09890    C:0.40659    A:0.08791    G:0.40659
Average         T:0.19048    C:0.33333    A:0.13187    G:0.34432

#2: LesserMouseDeer
position  1:    T:0.19780    C:0.30769    A:0.13187    G:0.36264
position  2:    T:0.28571    C:0.27473    A:0.19780    G:0.24176
position  3:    T:0.06593    C:0.40659    A:0.10989    G:0.41758
Average         T:0.18315    C:0.32967    A:0.14652    G:0.34066

#3: LesserKudu     
position  1:    T:0.20879    C:0.28571    A:0.14286    G:0.36264
position  2:    T:0.27473    C:0.29670    A:0.18681    G:0.24176
position  3:    T:0.08791    C:0.40659    A:0.08791    G:0.41758
Average         T:0.19048    C:0.32967    A:0.13919    G:0.34066

#4: ForestMuskDeer2
position  1:    T:0.19780    C:0.29670    A:0.14286    G:0.36264
position  2:    T:0.28571    C:0.28571    A:0.18681    G:0.24176
position  3:    T:0.07692    C:0.41758    A:0.08791    G:0.41758
Average         T:0.18681    C:0.33333    A:0.13919    G:0.34066

#5: Camel          
position  1:    T:0.18681    C:0.29670    A:0.14286    G:0.37363
position  2:    T:0.27473    C:0.28571    A:0.18681    G:0.25275
position  3:    T:0.08791    C:0.39560    A:0.08791    G:0.42857
Average         T:0.18315    C:0.32601    A:0.13919    G:0.35165

#6: KillerWhale    
position  1:    T:0.21978    C:0.27473    A:0.13187    G:0.37363
position  2:    T:0.27473    C:0.27473    A:0.20879    G:0.24176
position  3:    T:0.09890    C:0.37363    A:0.07692    G:0.45055
Average         T:0.19780    C:0.30769    A:0.13919    G:0.35531

#7: DefassaWaterbuck
position  1:    T:0.19780    C:0.29670    A:0.14286    G:0.36264
position  2:    T:0.27473    C:0.28571    A:0.18681    G:0.25275
position  3:    T:0.09890    C:0.40659    A:0.08791    G:0.40659
Average         T:0.19048    C:0.32967    A:0.13919    G:0.34066

#8: Sheep          
position  1:    T:0.19780    C:0.30769    A:0.12088    G:0.37363
position  2:    T:0.27473    C:0.28571    A:0.18681    G:0.25275
position  3:    T:0.09890    C:0.40659    A:0.08791    G:0.40659
Average         T:0.19048    C:0.33333    A:0.13187    G:0.34432

#9: MaxwellsDuiker 
position  1:    T:0.19780    C:0.29670    A:0.13187    G:0.37363
position  2:    T:0.27473    C:0.29670    A:0.17582    G:0.25275
position  3:    T:0.08791    C:0.41758    A:0.07692    G:0.41758
Average         T:0.18681    C:0.33700    A:0.12821    G:0.34799

#10: GazellaPrzewalskyi
position  1:    T:0.18681    C:0.30769    A:0.14286    G:0.36264
position  2:    T:0.28571    C:0.27473    A:0.18681    G:0.25275
position  3:    T:0.09890    C:0.40659    A:0.08791    G:0.40659
Average         T:0.19048    C:0.32967    A:0.13919    G:0.34066

#11: MountainNyala  
position  1:    T:0.20879    C:0.28571    A:0.14286    G:0.36264
position  2:    T:0.27473    C:0.29670    A:0.18681    G:0.24176
position  3:    T:0.08791    C:0.40659    A:0.09890    G:0.40659
Average         T:0.19048    C:0.32967    A:0.14286    G:0.33700

#12: MuntiacusMuntjak
position  1:    T:0.20879    C:0.28571    A:0.14286    G:0.36264
position  2:    T:0.27473    C:0.28571    A:0.18681    G:0.25275
position  3:    T:0.07692    C:0.41758    A:0.12088    G:0.38462
Average         T:0.18681    C:0.32967    A:0.15018    G:0.33333

#13: goat           
position  1:    T:0.19780    C:0.29670    A:0.13187    G:0.37363
position  2:    T:0.27473    C:0.28571    A:0.18681    G:0.25275
position  3:    T:0.08791    C:0.40659    A:0.09890    G:0.40659
Average         T:0.18681    C:0.32967    A:0.13919    G:0.34432

#14: AfricanBuffalo 
position  1:    T:0.19780    C:0.29670    A:0.14286    G:0.36264
position  2:    T:0.27473    C:0.29670    A:0.18681    G:0.24176
position  3:    T:0.08791    C:0.41758    A:0.08791    G:0.40659
Average         T:0.18681    C:0.33700    A:0.13919    G:0.33700

#15: Topi           
position  1:    T:0.19780    C:0.29670    A:0.14286    G:0.36264
position  2:    T:0.27473    C:0.28571    A:0.18681    G:0.25275
position  3:    T:0.08791    C:0.42857    A:0.08791    G:0.39560
Average         T:0.18681    C:0.33700    A:0.13919    G:0.33700

#16: CommonDuiker   
position  1:    T:0.19780    C:0.29670    A:0.13187    G:0.37363
position  2:    T:0.27473    C:0.28571    A:0.18681    G:0.25275
position  3:    T:0.08791    C:0.41758    A:0.07692    G:0.41758
Average         T:0.18681    C:0.33333    A:0.13187    G:0.34799

#17: Suni           
position  1:    T:0.20879    C:0.29670    A:0.13187    G:0.36264
position  2:    T:0.27473    C:0.28571    A:0.18681    G:0.25275
position  3:    T:0.07692    C:0.41758    A:0.10989    G:0.39560
Average         T:0.18681    C:0.33333    A:0.14286    G:0.33700

#18: Springbuck     
position  1:    T:0.20879    C:0.28571    A:0.14286    G:0.36264
position  2:    T:0.28571    C:0.27473    A:0.18681    G:0.25275
position  3:    T:0.09890    C:0.40659    A:0.08791    G:0.40659
Average         T:0.19780    C:0.32234    A:0.13919    G:0.34066

#19: Okapi          
position  1:    T:0.19780    C:0.29670    A:0.14286    G:0.36264
position  2:    T:0.27473    C:0.28571    A:0.19780    G:0.24176
position  3:    T:0.07692    C:0.41758    A:0.08791    G:0.41758
Average         T:0.18315    C:0.33333    A:0.14286    G:0.34066

#20: Giraffe        
position  1:    T:0.19780    C:0.29670    A:0.14286    G:0.36264
position  2:    T:0.27473    C:0.28571    A:0.19780    G:0.24176
position  3:    T:0.05495    C:0.43956    A:0.08791    G:0.41758
Average         T:0.17582    C:0.34066    A:0.14286    G:0.34066

#21: TibetanAntelope
position  1:    T:0.20879    C:0.28571    A:0.13187    G:0.37363
position  2:    T:0.27473    C:0.28571    A:0.18681    G:0.25275
position  3:    T:0.09890    C:0.40659    A:0.08791    G:0.40659
Average         T:0.19414    C:0.32601    A:0.13553    G:0.34432

#22: Sitatunga      
position  1:    T:0.20879    C:0.28571    A:0.14286    G:0.36264
position  2:    T:0.27473    C:0.29670    A:0.18681    G:0.24176
position  3:    T:0.08791    C:0.40659    A:0.09890    G:0.40659
Average         T:0.19048    C:0.32967    A:0.14286    G:0.33700

#23: Oribi          
position  1:    T:0.19780    C:0.29670    A:0.14286    G:0.36264
position  2:    T:0.27473    C:0.28571    A:0.18681    G:0.25275
position  3:    T:0.09890    C:0.40659    A:0.06593    G:0.42857
Average         T:0.19048    C:0.32967    A:0.13187    G:0.34799

#24: BarbarySheep   
position  1:    T:0.19780    C:0.29670    A:0.13187    G:0.37363
position  2:    T:0.27473    C:0.28571    A:0.18681    G:0.25275
position  3:    T:0.08791    C:0.40659    A:0.09890    G:0.40659
Average         T:0.18681    C:0.32967    A:0.13919    G:0.34432

#25: Daviddeer      
position  1:    T:0.19780    C:0.29670    A:0.14286    G:0.36264
position  2:    T:0.28571    C:0.28571    A:0.18681    G:0.24176
position  3:    T:0.06593    C:0.42857    A:0.09890    G:0.40659
Average         T:0.18315    C:0.33700    A:0.14286    G:0.33700

#26: Reindeer       
position  1:    T:0.19780    C:0.29670    A:0.14286    G:0.36264
position  2:    T:0.27473    C:0.28571    A:0.18681    G:0.25275
position  3:    T:0.06593    C:0.42857    A:0.10989    G:0.39560
Average         T:0.17949    C:0.33700    A:0.14652    G:0.33700

#27: Ibex           
position  1:    T:0.19780    C:0.29670    A:0.13187    G:0.37363
position  2:    T:0.27473    C:0.28571    A:0.18681    G:0.25275
position  3:    T:0.08791    C:0.40659    A:0.09890    G:0.40659
Average         T:0.18681    C:0.32967    A:0.13919    G:0.34432

#28: GyrantGazelle  
position  1:    T:0.19780    C:0.29670    A:0.14286    G:0.36264
position  2:    T:0.27473    C:0.28571    A:0.18681    G:0.25275
position  3:    T:0.10989    C:0.39560    A:0.07692    G:0.41758
Average         T:0.19414    C:0.32601    A:0.13553    G:0.34432

#29: Hartebeest     
position  1:    T:0.19780    C:0.29670    A:0.14286    G:0.36264
position  2:    T:0.27473    C:0.28571    A:0.18681    G:0.25275
position  3:    T:0.08791    C:0.41758    A:0.08791    G:0.40659
Average         T:0.18681    C:0.33333    A:0.13919    G:0.34066

#30: Bongo          
position  1:    T:0.20879    C:0.28571    A:0.14286    G:0.36264
position  2:    T:0.27473    C:0.29670    A:0.18681    G:0.24176
position  3:    T:0.08791    C:0.40659    A:0.09890    G:0.40659
Average         T:0.19048    C:0.32967    A:0.14286    G:0.33700

#31: Gerenuk        
position  1:    T:0.19780    C:0.30769    A:0.13187    G:0.36264
position  2:    T:0.27473    C:0.28571    A:0.19780    G:0.24176
position  3:    T:0.09890    C:0.40659    A:0.08791    G:0.40659
Average         T:0.19048    C:0.33333    A:0.13919    G:0.33700

#32: CommonEland    
position  1:    T:0.20879    C:0.28571    A:0.14286    G:0.36264
position  2:    T:0.27473    C:0.29670    A:0.18681    G:0.24176
position  3:    T:0.08791    C:0.40659    A:0.09890    G:0.40659
Average         T:0.19048    C:0.32967    A:0.14286    G:0.33700

#33: MuntiacusReevesi
position  1:    T:0.20879    C:0.28571    A:0.14286    G:0.36264
position  2:    T:0.27473    C:0.28571    A:0.18681    G:0.25275
position  3:    T:0.06593    C:0.42857    A:0.10989    G:0.39560
Average         T:0.18315    C:0.33333    A:0.14652    G:0.33700

#34: HarveysDuiker  
position  1:    T:0.19780    C:0.29670    A:0.13187    G:0.37363
position  2:    T:0.27473    C:0.28571    A:0.18681    G:0.25275
position  3:    T:0.09890    C:0.40659    A:0.08791    G:0.40659
Average         T:0.19048    C:0.32967    A:0.13553    G:0.34432

#35: Pronghorn      
position  1:    T:0.19780    C:0.29670    A:0.14286    G:0.36264
position  2:    T:0.27473    C:0.27473    A:0.18681    G:0.26374
position  3:    T:0.08791    C:0.40659    A:0.08791    G:0.41758
Average         T:0.18681    C:0.32601    A:0.13919    G:0.34799

#36: BlueWildebeest 
position  1:    T:0.19780    C:0.29670    A:0.14286    G:0.36264
position  2:    T:0.27473    C:0.28571    A:0.18681    G:0.25275
position  3:    T:0.08791    C:0.41758    A:0.08791    G:0.40659
Average         T:0.18681    C:0.33333    A:0.13919    G:0.34066

#37: Gemsbok        
position  1:    T:0.19780    C:0.29670    A:0.14286    G:0.36264
position  2:    T:0.28571    C:0.28571    A:0.18681    G:0.24176
position  3:    T:0.09890    C:0.41758    A:0.08791    G:0.39560
Average         T:0.19414    C:0.33333    A:0.13919    G:0.33333

#38: Yak            
position  1:    T:0.19780    C:0.29670    A:0.14286    G:0.36264
position  2:    T:0.27473    C:0.29670    A:0.18681    G:0.24176
position  3:    T:0.08791    C:0.42857    A:0.08791    G:0.39560
Average         T:0.18681    C:0.34066    A:0.13919    G:0.33333

#39: BlueSheep      
position  1:    T:0.19780    C:0.29670    A:0.13187    G:0.37363
position  2:    T:0.27473    C:0.28571    A:0.18681    G:0.25275
position  3:    T:0.08791    C:0.40659    A:0.09890    G:0.40659
Average         T:0.18681    C:0.32967    A:0.13919    G:0.34432

#40: BohorReedbuck  
position  1:    T:0.19780    C:0.29670    A:0.14286    G:0.36264
position  2:    T:0.27473    C:0.28571    A:0.18681    G:0.25275
position  3:    T:0.09890    C:0.40659    A:0.08791    G:0.40659
Average         T:0.19048    C:0.32967    A:0.13919    G:0.34066

#41: KirksDik       
position  1:    T:0.19780    C:0.29670    A:0.14286    G:0.36264
position  2:    T:0.28571    C:0.27473    A:0.18681    G:0.25275
position  3:    T:0.08791    C:0.40659    A:0.09890    G:0.40659
Average         T:0.19048    C:0.32601    A:0.14286    G:0.34066

#42: RoeDeer        
position  1:    T:0.19780    C:0.29670    A:0.14286    G:0.36264
position  2:    T:0.27473    C:0.28571    A:0.18681    G:0.25275
position  3:    T:0.06593    C:0.42857    A:0.08791    G:0.41758
Average         T:0.17949    C:0.33700    A:0.13919    G:0.34432

#43: WhiteLippedDeer
position  1:    T:0.19780    C:0.29670    A:0.14286    G:0.36264
position  2:    T:0.28571    C:0.28571    A:0.18681    G:0.24176
position  3:    T:0.06593    C:0.41758    A:0.10989    G:0.40659
Average         T:0.18315    C:0.33333    A:0.14652    G:0.33700

#44: ThomsonGazelle 
position  1:    T:0.19780    C:0.29670    A:0.14286    G:0.36264
position  2:    T:0.27473    C:0.28571    A:0.18681    G:0.25275
position  3:    T:0.10989    C:0.39560    A:0.07692    G:0.41758
Average         T:0.19414    C:0.32601    A:0.13553    G:0.34432

#45: MuntiacusCrinifrons
position  1:    T:0.20879    C:0.28571    A:0.14286    G:0.36264
position  2:    T:0.27473    C:0.28571    A:0.18681    G:0.25275
position  3:    T:0.06593    C:0.42857    A:0.10989    G:0.39560
Average         T:0.18315    C:0.33333    A:0.14652    G:0.33700

#46: WhiteTailedDeer
position  1:    T:0.19780    C:0.29670    A:0.14286    G:0.36264
position  2:    T:0.27473    C:0.28571    A:0.18681    G:0.25275
position  3:    T:0.06593    C:0.41758    A:0.12088    G:0.39560
Average         T:0.17949    C:0.33333    A:0.15018    G:0.33700

#47: Cattle         
position  1:    T:0.19780    C:0.29670    A:0.14286    G:0.36264
position  2:    T:0.27473    C:0.29670    A:0.18681    G:0.24176
position  3:    T:0.08791    C:0.41758    A:0.08791    G:0.40659
Average         T:0.18681    C:0.33700    A:0.13919    G:0.33700

#48: RoyalAntelope  
position  1:    T:0.19780    C:0.29670    A:0.14286    G:0.36264
position  2:    T:0.27473    C:0.28571    A:0.19780    G:0.24176
position  3:    T:0.09890    C:0.40659    A:0.08791    G:0.40659
Average         T:0.19048    C:0.32967    A:0.14286    G:0.33700

#49: Steenbok       
position  1:    T:0.19780    C:0.29670    A:0.14286    G:0.36264
position  2:    T:0.27473    C:0.28571    A:0.18681    G:0.25275
position  3:    T:0.09890    C:0.40659    A:0.08791    G:0.40659
Average         T:0.19048    C:0.32967    A:0.13919    G:0.34066

#50: Impala         
position  1:    T:0.20879    C:0.29670    A:0.13187    G:0.36264
position  2:    T:0.27473    C:0.29670    A:0.19780    G:0.23077
position  3:    T:0.07692    C:0.41758    A:0.08791    G:0.41758
Average         T:0.18681    C:0.33700    A:0.13919    G:0.33700

#51: Klipspringer   
position  1:    T:0.19780    C:0.29670    A:0.14286    G:0.36264
position  2:    T:0.26374    C:0.29670    A:0.18681    G:0.25275
