1
52 1
Argali 0.000000 0.211700 0.029100 0.142200 0.033900 0.000000 0.019200 0.029000 0.029100 0.070100 0.014300 0.024200 0.018400 0.004800 0.024100 0.023900 0.059200 0.059200 0.024000 0.039000 0.029000 0.009500 0.064800 0.039100 0.009500 0.009500 0.013900 0.019200 0.014300 0.019200 0.070100 0.009600 0.043900 0.023800 0.014400 0.014400 0.004700 0.029000 0.024100 0.049200 0.086000 0.009500 0.070100 0.039200 0.014400 0.024000 0.014300 0.029000 0.044000 0.039000 0.029100 0.028900
LesserMous 0.211700 0.000000 0.219600 0.226400 0.238800 0.211700 0.224900 0.225500 0.219300 0.242200 0.218400 0.220200 0.212200 0.218500 0.244400 0.230400 0.245400 0.232600 0.231700 0.219400 0.213000 0.224500 0.248700 0.213800 0.211900 0.212600 0.205800 0.212600 0.218200 0.212600 0.242200 0.212700 0.258200 0.218000 0.206200 0.206200 0.217700 0.224700 0.219400 0.227600 0.276700 0.212100 0.242200 0.220900 0.206100 0.224200 0.232000 0.238900 0.219800 0.266000 0.206800 0.224600
LesserKudu 0.029100 0.219600 0.000000 0.137100 0.054400 0.029100 0.029100 0.039100 0.009600 0.081000 0.034000 0.024300 0.039100 0.024200 0.044100 0.033900 0.069800 0.059500 0.054300 0.019300 0.029100 0.039000 0.075700 0.049300 0.029100 0.029100 0.034100 0.009600 0.024100 0.009600 0.081000 0.029200 0.074900 0.044000 0.039100 0.014400 0.033900 0.049100 0.034100 0.059800 0.097300 0.019300 0.081000 0.059800 0.014400 0.044000 0.034100 0.049200 0.064800 0.059500 0.009600 0.019200
KillerWhal 0.142200 0.226400 0.137100 0.000000 0.160500 0.142200 0.142200 0.154300 0.137200 0.174200 0.148100 0.126100 0.136500 0.136500 0.159800 0.136100 0.172400 0.160600 0.165900 0.137100 0.131200 0.153900 0.180200 0.137500 0.142300 0.131100 0.130800 0.131100 0.125100 0.131100 0.174200 0.136800 0.160100 0.142000 0.142700 0.125500 0.147700 0.154000 0.131300 0.138000 0.205400 0.130900 0.174200 0.149700 0.125300 0.153500 0.142500 0.166200 0.166600 0.166500 0.137300 0.142000
DefassaWat 0.033900 0.238800 0.054400 0.160500 0.000000 0.032400 0.044100 0.054200 0.054400 0.097200 0.048900 0.049400 0.054000 0.029100 0.049100 0.048900 0.085600 0.085700 0.049000 0.064600 0.054200 0.039000 0.091600 0.064800 0.043900 0.044100 0.049000 0.044100 0.038800 0.044100 0.097200 0.034100 0.080100 0.048900 0.049300 0.039100 0.038900 0.014400 0.049200 0.075400 0.113700 0.034000 0.097200 0.065000 0.039100 0.048900 0.038000 0.054300 0.080400 0.064600 0.054400 0.054000
Sheep 0.000000 0.211700 0.029100 0.142200 0.032400 0.000000 0.019200 0.029000 0.029100 0.070100 0.014300 0.024200 0.019100 0.004800 0.024100 0.023900 0.059200 0.059200 0.023100 0.039000 0.029000 0.009500 0.064800 0.039100 0.009500 0.009500 0.014300 0.019200 0.014300 0.019200 0.070100 0.009600 0.043900 0.024000 0.014400 0.014400 0.004700 0.029000 0.024100 0.049200 0.086000 0.009500 0.070100 0.039200 0.014400 0.024000 0.014300 0.029000 0.044000 0.039000 0.029100 0.028900
MaxwellsDu 0.019200 0.224900 0.029100 0.142200 0.044100 0.019200 0.000000 0.038900 0.029100 0.070200 0.033900 0.024200 0.038900 0.014400 0.034000 0.033800 0.059300 0.059300 0.044000 0.039000 0.029000 0.029000 0.075400 0.039100 0.029000 0.029000 0.033900 0.019200 0.024100 0.019200 0.070200 0.019300 0.064300 0.043900 0.029100 0.014400 0.024000 0.038900 0.034000 0.049300 0.096900 0.019200 0.070200 0.049300 0.014400 0.033900 0.024100 0.039000 0.064500 0.049100 0.029100 0.028900
GazellaPrz 0.029000 0.225500 0.039100 0.154300 0.054200 0.029000 0.038900 0.000000 0.039100 0.091500 0.033900 0.034100 0.038900 0.024100 0.043900 0.033800 0.080100 0.069700 0.054100 0.049100 0.039000 0.038900 0.086000 0.059400 0.029000 0.029100 0.034000 0.029000 0.024100 0.029000 0.091500 0.029100 0.074600 0.043900 0.044100 0.024100 0.033800 0.048900 0.029100 0.070000 0.107800 0.019200 0.091500 0.054400 0.024100 0.043800 0.034000 0.049000 0.064500 0.059300 0.029100 0.038800
MountainNy 0.029100 0.219300 0.009600 0.137200 0.054400 0.029100 0.029100 0.039100 0.000000 0.081100 0.034100 0.024300 0.039100 0.024200 0.044100 0.033900 0.069900 0.059600 0.054300 0.009600 0.029100 0.039000 0.086400 0.049400 0.029100 0.029200 0.034100 0.009600 0.024200 0.009600 0.081100 0.029200 0.075000 0.044100 0.039200 0.014500 0.034000 0.049100 0.034200 0.059800 0.108300 0.019300 0.081100 0.059800 0.014400 0.044000 0.034100 0.049200 0.064800 0.059500 0.009600 0.019200
MuntiacusM 0.070100 0.242200 0.081000 0.174200 0.097200 0.070100 0.070200 0.091500 0.081100 0.000000 0.086000 0.075900 0.080700 0.065000 0.086100 0.085600 0.102700 0.102700 0.086200 0.091700 0.070300 0.080700 0.024500 0.029500 0.080600 0.080900 0.075400 0.070200 0.075300 0.070200 0.000000 0.059900 0.108000 0.085900 0.070300 0.065000 0.075200 0.091400 0.075600 0.039700 0.044800 0.070100 0.000000 0.039600 0.065000 0.075300 0.075600 0.081000 0.097200 0.102700 0.081200 0.080500
goat 0.014300 0.218400 0.034000 0.148100 0.048900 0.014300 0.033900 0.033900 0.034100 0.086000 0.000000 0.029100 0.024000 0.019200 0.038900 0.028800 0.074700 0.064400 0.038800 0.044000 0.033900 0.014300 0.080500 0.054200 0.004600 0.014400 0.019100 0.024100 0.019100 0.024100 0.086000 0.024100 0.059100 0.027700 0.029000 0.019200 0.009500 0.043800 0.029000 0.064600 0.102200 0.014300 0.086000 0.054400 0.019200 0.038700 0.028100 0.043900 0.049100 0.054100 0.034100 0.033800
AfricanBuf 0.024200 0.220200 0.024300 0.126100 0.049400 0.024200 0.024200 0.034100 0.024300 0.075900 0.029100 0.000000 0.034100 0.019300 0.039100 0.029000 0.064700 0.054500 0.049300 0.024300 0.024200 0.034100 0.081100 0.044400 0.024200 0.024300 0.029200 0.014500 0.019300 0.014500 0.075900 0.024300 0.064500 0.039100 0.034200 0.009600 0.029100 0.044100 0.029200 0.044500 0.102900 0.014400 0.075900 0.054800 0.009600 0.039100 0.029200 0.044200 0.059700 0.054500 0.024300 0.019300
Topi 0.018400 0.212200 0.039100 0.136500 0.054000 0.019100 0.038900 0.038900 0.039100 0.080700 0.024000 0.034100 0.000000 0.024100 0.043900 0.033800 0.080100 0.069700 0.024000 0.049100 0.039000 0.029000 0.075300 0.049200 0.018700 0.019200 0.004700 0.029000 0.023100 0.029000 0.080700 0.019200 0.064200 0.014300 0.024100 0.024100 0.024000 0.048900 0.024100 0.059500 0.096800 0.019200 0.080700 0.049300 0.024100 0.033800 0.028600 0.049000 0.044100 0.059300 0.039100 0.038800
CommonDuik 0.004800 0.218500 0.024200 0.136500 0.029100 0.004800 0.014400 0.024100 0.024200 0.065000 0.019200 0.019300 0.024100 0.000000 0.019200 0.019100 0.054100 0.054200 0.029000 0.034000 0.024100 0.014400 0.059700 0.034100 0.014300 0.014400 0.019200 0.014400 0.009500 0.014400 0.065000 0.004800 0.049000 0.028900 0.019300 0.009500 0.009500 0.024100 0.019200 0.044200 0.080800 0.004700 0.065000 0.034200 0.009500 0.019200 0.009600 0.024100 0.049100 0.034000 0.024200 0.024000
Suni 0.024100 0.244400 0.044100 0.159800 0.049100 0.024100 0.034000 0.043900 0.044100 0.086100 0.038900 0.039100 0.043900 0.019200 0.000000 0.028800 0.064400 0.074900 0.049000 0.054200 0.044000 0.033900 0.075400 0.054300 0.033900 0.034000 0.038900 0.034000 0.029000 0.034000 0.086100 0.024200 0.059200 0.048900 0.039000 0.029100 0.028900 0.043900 0.039000 0.064700 0.091500 0.024100 0.086100 0.054400 0.029000 0.038900 0.029100 0.043900 0.069600 0.054200 0.044100 0.043800
Springbuck 0.023900 0.230400 0.033900 0.136100 0.048900 0.023900 0.033800 0.033800 0.033900 0.085600 0.028800 0.029000 0.033800 0.019100 0.028800 0.000000 0.064100 0.064200 0.048700 0.043800 0.033800 0.033800 0.075000 0.054000 0.024000 0.024000 0.028900 0.024000 0.009500 0.024000 0.085600 0.024000 0.048700 0.038700 0.038800 0.019200 0.028800 0.043700 0.028900 0.064400 0.096400 0.014300 0.085600 0.054200 0.019200 0.038700 0.028900 0.043800 0.059100 0.053900 0.033900 0.033700
Okapi 0.059200 0.245400 0.069800 0.172400 0.085600 0.059200 0.059300 0.080100 0.069900 0.102700 0.074700 0.064700 0.080100 0.054100 0.064400 0.064100 0.000000 0.033900 0.085500 0.080200 0.069600 0.069600 0.102600 0.069900 0.069500 0.069700 0.074800 0.059300 0.064300 0.059300 0.102700 0.059400 0.085500 0.085300 0.069800 0.054200 0.064200 0.080100 0.075000 0.080700 0.125000 0.059200 0.102700 0.080800 0.054200 0.069600 0.064500 0.080300 0.096400 0.091000 0.069900 0.069400
Giraffe 0.059200 0.232600 0.059500 0.160600 0.085700 0.059200 0.059300 0.069700 0.059600 0.102700 0.064400 0.054500 0.069700 0.054200 0.074900 0.064200 0.033900 0.000000 0.085500 0.069800 0.059300 0.069600 0.108100 0.070000 0.059300 0.059400 0.064500 0.049100 0.054100 0.049100 0.102700 0.059400 0.096300 0.074800 0.069800 0.044100 0.064300 0.080100 0.064600 0.080700 0.130700 0.049100 0.102700 0.080800 0.044100 0.069600 0.064500 0.080300 0.096500 0.091000 0.059600 0.059100
TibetanAnt 0.024000 0.231700 0.054300 0.165900 0.049000 0.023100 0.044000 0.054100 0.054300 0.086200 0.038800 0.049300 0.024000 0.029000 0.049000 0.048700 0.085500 0.085500 0.000000 0.064500 0.054100 0.033900 0.080700 0.054300 0.033800 0.034000 0.028900 0.044000 0.038800 0.044000 0.086200 0.024200 0.069500 0.038700 0.029100 0.039000 0.028900 0.054000 0.039000 0.064800 0.102400 0.033900 0.086200 0.054500 0.039000 0.038400 0.038900 0.054200 0.059300 0.064500 0.054300 0.053900
Sitatunga 0.039000 0.219400 0.019300 0.137100 0.064600 0.039000 0.039000 0.049100 0.009600 0.091700 0.044000 0.024300 0.049100 0.034000 0.054200 0.043800 0.080200 0.069800 0.064500 0.000000 0.039000 0.049000 0.097100 0.059500 0.039000 0.039100 0.044000 0.019200 0.034000 0.019200 0.091700 0.039100 0.085400 0.054100 0.049200 0.024200 0.043900 0.059200 0.044100 0.059700 0.119300 0.029100 0.091700 0.070200 0.024200 0.054100 0.044100 0.059400 0.064700 0.069800 0.019300 0.029000
Oribi 0.029000 0.213000 0.029100 0.131200 0.054200 0.029000 0.029000 0.039000 0.029100 0.070300 0.033900 0.024200 0.039000 0.024100 0.044000 0.033800 0.069600 0.059300 0.054100 0.039000 0.000000 0.038900 0.075500 0.039100 0.029000 0.029100 0.034000 0.019200 0.024100 0.019200 0.070300 0.029100 0.074700 0.043900 0.039000 0.014400 0.033900 0.049000 0.034100 0.049400 0.097000 0.019200 0.070300 0.049400 0.014400 0.043900 0.034000 0.049100 0.064600 0.059300 0.029200 0.028900
BarbaryShe 0.009500 0.224500 0.039000 0.153900 0.039000 0.009500 0.029000 0.038900 0.039000 0.080700 0.014300 0.034100 0.029000 0.014400 0.033900 0.033800 0.069600 0.069600 0.033900 0.049000 0.038900 0.000000 0.075300 0.049200 0.009500 0.019200 0.024100 0.029000 0.024000 0.029000 0.080700 0.019300 0.054000 0.033900 0.024100 0.024100 0.004700 0.038900 0.034000 0.059500 0.096800 0.019200 0.080700 0.049300 0.024100 0.033900 0.024100 0.039000 0.054100 0.049100 0.039100 0.038800
Daviddeer 0.064800 0.248700 0.075700 0.180200 0.091600 0.064800 0.075400 0.086000 0.086400 0.024500 0.080500 0.081100 0.075300 0.059700 0.075400 0.075000 0.102600 0.108100 0.080700 0.097100 0.075500 0.075300 0.000000 0.034500 0.075200 0.075400 0.070100 0.075500 0.070000 0.075500 0.024500 0.054700 0.096900 0.080400 0.070300 0.070200 0.069900 0.085900 0.070200 0.044700 0.019500 0.064800 0.024500 0.034500 0.070200 0.070000 0.070200 0.075600 0.091600 0.097000 0.086400 0.085700
Reindeer 0.039100 0.213800 0.049300 0.137500 0.064800 0.039100 0.039100 0.059400 0.049400 0.029500 0.054200 0.044400 0.049200 0.034100 0.054300 0.054000 0.069900 0.070000 0.054300 0.059500 0.039100 0.049200 0.034500 0.000000 0.049100 0.049200 0.044100 0.039100 0.044000 0.039100 0.029500 0.029200 0.075100 0.054200 0.039200 0.034100 0.044000 0.059400 0.044200 0.009700 0.055000 0.039100 0.029500 0.009700 0.034100 0.044000 0.044200 0.059500 0.064800 0.070000 0.049400 0.049000
Ibex 0.009500 0.211900 0.029100 0.142300 0.043900 0.009500 0.029000 0.029000 0.029100 0.080600 0.004600 0.024200 0.018700 0.014300 0.033900 0.024000 0.069500 0.059300 0.033800 0.039000 0.029000 0.009500 0.075200 0.049100 0.000000 0.009500 0.014300 0.019200 0.014300 0.019200 0.080600 0.019200 0.053900 0.023300 0.024100 0.014400 0.004700 0.038800 0.024100 0.059500 0.096700 0.009500 0.080600 0.049300 0.014400 0.033700 0.024000 0.038900 0.044000 0.049000 0.029100 0.028900
GyrantGaze 0.009500 0.212600 0.029100 0.131100 0.044100 0.009500 0.029000 0.029100 0.029200 0.080900 0.014400 0.024300 0.019200 0.014400 0.034000 0.024000 0.069700 0.059400 0.034000 0.039100 0.029100 0.019200 0.075400 0.049200 0.009500 0.000000 0.014400 0.019300 0.014400 0.019300 0.080900 0.019300 0.054100 0.024100 0.024200 0.014400 0.014300 0.038900 0.024200 0.059600 0.096900 0.009300 0.080900 0.049400 0.014400 0.033900 0.024200 0.039000 0.044100 0.049100 0.029200 0.029000
Hartebeest 0.013900 0.205800 0.034100 0.130800 0.049000 0.014300 0.033900 0.034000 0.034100 0.075400 0.019100 0.029200 0.004700 0.019200 0.038900 0.028900 0.074800 0.064500 0.028900 0.044000 0.034000 0.024100 0.070100 0.044100 0.014300 0.014400 0.000000 0.024100 0.019100 0.024100 0.075400 0.014400 0.059100 0.009300 0.019300 0.019300 0.019200 0.043900 0.019300 0.054400 0.091400 0.014400 0.075400 0.044200 0.019300 0.028900 0.024100 0.044000 0.039000 0.054200 0.034100 0.033900
Bongo 0.019200 0.212600 0.009600 0.131100 0.044100 0.019200 0.019200 0.029000 0.009600 0.070200 0.024100 0.014500 0.029000 0.014400 0.034000 0.024000 0.059300 0.049100 0.044000 0.019200 0.019200 0.029000 0.075500 0.039100 0.019200 0.019300 0.024100 0.000000 0.014400 0.000000 0.070200 0.019300 0.064400 0.033900 0.029100 0.004800 0.024000 0.038900 0.024200 0.049300 0.097000 0.009600 0.070200 0.049400 0.004800 0.033900 0.024200 0.039000 0.054300 0.049100 0.009600 0.009500
Gerenuk 0.014300 0.218200 0.024100 0.125100 0.038800 0.014300 0.024100 0.024100 0.024200 0.075300 0.019100 0.019300 0.023100 0.009500 0.029000 0.009500 0.064300 0.054100 0.038800 0.034000 0.024100 0.024000 0.070000 0.044000 0.014300 0.014400 0.019100 0.014400 0.000000 0.014400 0.075300 0.014400 0.048900 0.028800 0.029000 0.009600 0.019100 0.033900 0.019200 0.054300 0.091300 0.004800 0.075300 0.044200 0.009500 0.028800 0.019200 0.033900 0.049000 0.043900 0.024200 0.024000
CommonElan 0.019200 0.212600 0.009600 0.131100 0.044100 0.019200 0.019200 0.029000 0.009600 0.070200 0.024100 0.014500 0.029000 0.014400 0.034000 0.024000 0.059300 0.049100 0.044000 0.019200 0.019200 0.029000 0.075500 0.039100 0.019200 0.019300 0.024100 0.000000 0.014400 0.000000 0.070200 0.019300 0.064400 0.033900 0.029100 0.004800 0.024000 0.038900 0.024200 0.049300 0.097000 0.009600 0.070200 0.049400 0.004800 0.033900 0.024200 0.039000 0.054300 0.049100 0.009300 0.009500
MuntiacusR 0.070100 0.242200 0.081000 0.174200 0.097200 0.070100 0.070200 0.091500 0.081100 0.000000 0.086000 0.075900 0.080700 0.065000 0.086100 0.085600 0.102700 0.102700 0.086200 0.091700 0.070300 0.080700 0.024500 0.029500 0.080600 0.080900 0.075400 0.070200 0.075300 0.070200 0.000000 0.059900 0.108000 0.085900 0.070300 0.065000 0.075200 0.091400 0.075600 0.039700 0.044800 0.070100 0.000000 0.039600 0.065000 0.075300 0.075600 0.081000 0.097200 0.102700 0.081200 0.080500
HarveysDui 0.009600 0.212700 0.029200 0.136800 0.034100 0.009600 0.019300 0.029100 0.029200 0.059900 0.024100 0.024300 0.019200 0.004800 0.024200 0.024000 0.059400 0.059400 0.024200 0.039100 0.029100 0.019300 0.054700 0.029200 0.019200 0.019300 0.014400 0.019300 0.014400 0.019300 0.059900 0.000000 0.054200 0.024100 0.014400 0.014400 0.014400 0.029100 0.014400 0.039300 0.075700 0.009600 0.059900 0.029300 0.014400 0.014400 0.014400 0.029100 0.044200 0.039100 0.029200 0.029000
Pronghorn 0.043900 0.258200 0.074900 0.160100 0.080100 0.043900 0.064300 0.074600 0.075000 0.108000 0.059100 0.064500 0.064200 0.049000 0.059200 0.048700 0.085500 0.096300 0.069500 0.085400 0.074700 0.054000 0.096900 0.075100 0.053900 0.054100 0.059100 0.064400 0.048900 0.064400 0.108000 0.054200 0.000000 0.069300 0.059300 0.059200 0.048800 0.074600 0.069600 0.085900 0.119100 0.054000 0.108000 0.075300 0.059200 0.069400 0.059200 0.064500 0.090700 0.085500 0.075000 0.069200
BlueWildeb 0.023800 0.218000 0.044000 0.142000 0.048900 0.024000 0.043900 0.043900 0.044100 0.085900 0.027700 0.039100 0.014300 0.028900 0.048900 0.038700 0.085300 0.074800 0.038700 0.054100 0.043900 0.033900 0.080400 0.054200 0.023300 0.024100 0.009300 0.033900 0.028800 0.033900 0.085900 0.024100 0.069300 0.000000 0.029000 0.029000 0.028900 0.043900 0.029000 0.064600 0.102000 0.024100 0.085900 0.054300 0.029000 0.038000 0.033800 0.054000 0.049000 0.064300 0.044100 0.043700
Gemsbok 0.014400 0.206200 0.039100 0.142700 0.049300 0.014400 0.029100 0.044100 0.039200 0.070300 0.029000 0.034200 0.024100 0.019300 0.039000 0.038800 0.069800 0.069800 0.029100 0.049200 0.039000 0.024100 0.070300 0.039200 0.024100 0.024200 0.019300 0.029100 0.029000 0.029100 0.070300 0.014400 0.059300 0.029000 0.000000 0.024200 0.019200 0.044000 0.029100 0.049400 0.091700 0.024200 0.070300 0.044400 0.024200 0.029000 0.029100 0.044100 0.049200 0.054300 0.039200 0.038900
Yak 0.014400 0.206200 0.014400 0.125500 0.039100 0.014400 0.014400 0.024100 0.014500 0.065000 0.019200 0.009600 0.024100 0.009500 0.029100 0.019200 0.054200 0.044100 0.039000 0.024200 0.014400 0.024100 0.070200 0.034100 0.014400 0.014400 0.019300 0.004800 0.009600 0.004800 0.065000 0.014400 0.059200 0.029000 0.024200 0.000000 0.019200 0.034000 0.019300 0.044300 0.091600 0.004800 0.065000 0.044300 0.000000 0.029000 0.019300 0.034100 0.049200 0.044100 0.014500 0.014300
BlueSheep 0.004700 0.217700 0.033900 0.147700 0.038900 0.004700 0.024000 0.033800 0.034000 0.075200 0.009500 0.029100 0.024000 0.009500 0.028900 0.028800 0.064200 0.064300 0.028900 0.043900 0.033900 0.004700 0.069900 0.044000 0.004700 0.014300 0.019200 0.024000 0.019100 0.024000 0.075200 0.014400 0.048800 0.028900 0.019200 0.019200 0.000000 0.033800 0.029000 0.054300 0.091200 0.014300 0.075200 0.044100 0.019200 0.028900 0.019200 0.033900 0.048900 0.043900 0.034000 0.033700
BohorReedb 0.029000 0.224700 0.049100 0.154000 0.014400 0.029000 0.038900 0.048900 0.049100 0.091400 0.043800 0.044100 0.048900 0.024100 0.043900 0.043700 0.080100 0.080100 0.054000 0.059200 0.049000 0.038900 0.085900 0.059400 0.038800 0.038900 0.043900 0.038900 0.033900 0.038900 0.091400 0.029100 0.074600 0.043900 0.044000 0.034000 0.033800 0.000000 0.044000 0.069900 0.107700 0.029000 0.091400 0.059600 0.034000 0.043800 0.034000 0.049000 0.074900 0.059300 0.049200 0.048800
KirksDik 0.024100 0.219400 0.034100 0.131300 0.049200 0.024100 0.034000 0.029100 0.034200 0.075600 0.029000 0.029200 0.024100 0.019200 0.039000 0.028900 0.075000 0.064600 0.039000 0.044100 0.034100 0.034000 0.070200 0.044200 0.024100 0.024200 0.019300 0.024200 0.019200 0.024200 0.075600 0.014400 0.069600 0.029000 0.029100 0.019300 0.029000 0.044000 0.000000 0.054500 0.091600 0.014400 0.075600 0.044300 0.019300 0.029000 0.029100 0.044100 0.049200 0.044200 0.034200 0.033900
RoeDeer 0.049200 0.227600 0.059800 0.138000 0.075400 0.049200 0.049300 0.070000 0.059800 0.039700 0.064600 0.044500 0.059500 0.044200 0.064700 0.064400 0.080700 0.080700 0.064800 0.059700 0.049400 0.059500 0.044700 0.009700 0.059500 0.059600 0.054400 0.049300 0.054300 0.049300 0.039700 0.039300 0.085900 0.064600 0.049400 0.044300 0.054300 0.069900 0.054500 0.000000 0.065600 0.049300 0.039700 0.019500 0.044300 0.054300 0.054500 0.070100 0.075400 0.080700 0.059800 0.059300
WhiteLippe 0.086000 0.276700 0.097300 0.205400 0.113700 0.086000 0.096900 0.107800 0.108300 0.044800 0.102200 0.102900 0.096800 0.080800 0.091500 0.096400 0.125000 0.130700 0.102400 0.119300 0.097000 0.096800 0.019500 0.055000 0.096700 0.096900 0.091400 0.097000 0.091300 0.097000 0.044800 0.075700 0.119100 0.102000 0.091700 0.091600 0.091200 0.107700 0.091600 0.065600 0.000000 0.086000 0.044800 0.055000 0.091500 0.091300 0.091700 0.097200 0.113600 0.119300 0.108400 0.107500
ThomsonGaz 0.009500 0.212100 0.019300 0.130900 0.034000 0.009500 0.019200 0.019200 0.019300 0.070100 0.014300 0.014400 0.019200 0.004700 0.024100 0.014300 0.059200 0.049100 0.033900 0.029100 0.019200 0.019200 0.064800 0.039100 0.009500 0.009300 0.014400 0.009600 0.004800 0.009600 0.070100 0.009600 0.054000 0.024100 0.024200 0.004800 0.014300 0.029000 0.014400 0.049300 0.086000 0.000000 0.070100 0.039200 0.004800 0.024000 0.014400 0.029000 0.044100 0.039000 0.019300 0.019200
MuntiacusC 0.070100 0.242200 0.081000 0.174200 0.097200 0.070100 0.070200 0.091500 0.081100 0.000000 0.086000 0.075900 0.080700 0.065000 0.086100 0.085600 0.102700 0.102700 0.086200 0.091700 0.070300 0.080700 0.024500 0.029500 0.080600 0.080900 0.075400 0.070200 0.075300 0.070200 0.000000 0.059900 0.108000 0.085900 0.070300 0.065000 0.075200 0.091400 0.075600 0.039700 0.044800 0.070100 0.000000 0.039600 0.065000 0.075300 0.075600 0.081000 0.097200 0.102700 0.081200 0.080500
WhiteTaile 0.039200 0.220900 0.059800 0.149700 0.065000 0.039200 0.049300 0.054400 0.059800 0.039600 0.054400 0.054800 0.049300 0.034200 0.054400 0.054200 0.080800 0.080800 0.054500 0.070200 0.049400 0.049300 0.034500 0.009700 0.049300 0.049400 0.044200 0.049400 0.044200 0.049400 0.039600 0.029300 0.075300 0.054300 0.044400 0.044300 0.044100 0.059600 0.044300 0.019500 0.055000 0.039200 0.039600 0.000000 0.044300 0.044200 0.044300 0.059700 0.065000 0.070200 0.054600 0.059400
Cattle 0.014400 0.206100 0.014400 0.125300 0.039100 0.014400 0.014400 0.024100 0.014400 0.065000 0.019200 0.009600 0.024100 0.009500 0.029000 0.019200 0.054200 0.044100 0.039000 0.024200 0.014400 0.024100 0.070200 0.034100 0.014400 0.014400 0.019300 0.004800 0.009500 0.004800 0.065000 0.014400 0.059200 0.029000 0.024200 0.000000 0.019200 0.034000 0.019300 0.044300 0.091500 0.004800 0.065000 0.044300 0.000000 0.029000 0.019300 0.034000 0.049200 0.044100 0.014500 0.014300
RoyalAntel 0.024000 0.224200 0.044000 0.153500 0.048900 0.024000 0.033900 0.043800 0.044000 0.075300 0.038700 0.039100 0.033800 0.019200 0.038900 0.038700 0.069600 0.069600 0.038400 0.054100 0.043900 0.033900 0.070000 0.044000 0.033700 0.033900 0.028900 0.033900 0.028800 0.033900 0.075300 0.014400 0.069400 0.038000 0.029000 0.029000 0.028900 0.043800 0.029000 0.054300 0.091300 0.024000 0.075300 0.044200 0.029000 0.000000 0.028900 0.043900 0.059200 0.054100 0.044000 0.043700
Steenbok 0.014300 0.232000 0.034100 0.142500 0.038000 0.014300 0.024100 0.034000 0.034100 0.075600 0.028100 0.029200 0.028600 0.009600 0.029100 0.028900 0.064500 0.064500 0.038900 0.044100 0.034000 0.024100 0.070200 0.044200 0.024000 0.024200 0.024100 0.024200 0.019200 0.024200 0.075600 0.014400 0.059200 0.033800 0.029100 0.019300 0.019200 0.034000 0.029100 0.054500 0.091700 0.014400 0.075600 0.044300 0.019300 0.028900 0.000000 0.034100 0.059400 0.044100 0.034200 0.033900
Impala 0.029000 0.238900 0.049200 0.166200 0.054300 0.029000 0.039000 0.049000 0.049200 0.081000 0.043900 0.044200 0.049000 0.024100 0.043900 0.043800 0.080300 0.080300 0.054200 0.059400 0.049100 0.039000 0.075600 0.059500 0.038900 0.039000 0.044000 0.039000 0.033900 0.039000 0.081000 0.029100 0.064500 0.054000 0.044100 0.034100 0.033900 0.049000 0.044100 0.070100 0.097200 0.029000 0.081000 0.059700 0.034000 0.043900 0.034100 0.000000 0.075000 0.059400 0.049300 0.048900
Klipspring 0.044000 0.219800 0.064800 0.166600 0.080400 0.044000 0.064500 0.064500 0.064800 0.097200 0.049100 0.059700 0.044100 0.049100 0.069600 0.059100 0.096400 0.096500 0.059300 0.064700 0.064600 0.054100 0.091600 0.064800 0.044000 0.044100 0.039000 0.054300 0.049000 0.054300 0.097200 0.044200 0.090700 0.049000 0.049200 0.049200 0.048900 0.074900 0.049200 0.075400 0.113600 0.044100 0.097200 0.065000 0.049200 0.059200 0.059400 0.075000 0.000000 0.085700 0.064800 0.064300
ForestMusk 0.039000 0.266000 0.059500 0.166500 0.064600 0.039000 0.049100 0.059300 0.059500 0.102700 0.054100 0.054500 0.059300 0.034000 0.054200 0.053900 0.091000 0.091000 0.064500 0.069800 0.059300 0.049100 0.097000 0.070000 0.049000 0.049100 0.054200 0.049100 0.043900 0.049100 0.102700 0.039100 0.085500 0.064300 0.054300 0.044100 0.043900 0.059300 0.044200 0.080700 0.119300 0.039000 0.102700 0.070200 0.044100 0.054100 0.044100 0.059400 0.085700 0.000000 0.059600 0.059100
Bushbuck 0.029100 0.206800 0.009600 0.137300 0.054400 0.029100 0.029100 0.029100 0.009600 0.081200 0.034100 0.024300 0.039100 0.024200 0.044100 0.033900 0.069900 0.059600 0.054300 0.019300 0.029200 0.039100 0.086400 0.049400 0.029100 0.029200 0.034100 0.009600 0.024200 0.009300 0.081200 0.029200 0.075000 0.044100 0.039200 0.014500 0.034000 0.049200 0.034200 0.059800 0.108400 0.019300 0.081200 0.054600 0.014500 0.044000 0.034200 0.049300 0.064800 0.059600 0.000000 0.019200
GreaterKud 0.028900 0.224600 0.019200 0.142000 0.054000 0.028900 0.028900 0.038800 0.019200 0.080500 0.033800 0.019300 0.038800 0.024000 0.043800 0.033700 0.069400 0.059100 0.053900 0.029000 0.028900 0.038800 0.085700 0.049000 0.028900 0.029000 0.033900 0.009500 0.024000 0.009500 0.080500 0.029000 0.069200 0.043700 0.038900 0.014300 0.033700 0.048800 0.033900 0.059300 0.107500 0.019200 0.080500 0.059400 0.014300 0.043700 0.033900 0.048900 0.064300 0.059100 0.019200 0.000000
