CODONML (in paml version 4.10.7, June 2023)  /home/rachel/ruminants_paml/6406-phy-tree/ENSBTAT00000017097.fasta.phy
Model: free dN/dS Ratios for branches,  kappa = 2.000 fixed

Codon frequency model: F3x4
ns =  54  ls =  75

Codon usage in sequences
--------------------------------------------------------------------------------------------------------------------------------------
Phe TTT   0   0   0   0   0   0 | Ser TCT   1   1   1   1   2   1 | Tyr TAT   3   3   3   3   3   3 | Cys TGT   0   0   0   0   0   0
    TTC   0   0   0   0   0   0 |     TCC   2   2   2   2   1   2 |     TAC   0   0   0   0   0   0 |     TGC   0   0   0   0   0   0
Leu TTA   2   2   2   2   2   2 |     TCA   1   1   1   1   1   1 | *** TAA   0   0   0   0   0   0 | *** TGA   0   0   0   0   0   0
    TTG   1   0   1   1   1   1 |     TCG   0   0   0   0   0   0 |     TAG   0   0   0   0   0   0 | Trp TGG   0   0   0   0   0   0
--------------------------------------------------------------------------------------------------------------------------------------
Leu CTT   0   0   0   0   0   0 | Pro CCT   4   4   4   4   4   4 | His CAT   0   0   0   0   0   0 | Arg CGT   0   0   0   0   0   0
    CTC   0   0   0   0   0   0 |     CCC   1   1   1   1   0   1 |     CAC   0   0   0   0   0   0 |     CGC   0   0   0   0   0   0
    CTA   0   0   0   0   0   0 |     CCA   2   2   2   2   2   2 | Gln CAA   1   1   1   1   1   1 |     CGA   0   0   0   0   0   0
    CTG   0   1   0   0   0   0 |     CCG   0   0   0   0   1   0 |     CAG   1   1   1   1   1   1 |     CGG   0   0   0   0   0   0
--------------------------------------------------------------------------------------------------------------------------------------
Ile ATT   1   1   1   1   1   1 | Thr ACT   2   3   2   2   2   2 | Asn AAT   4   4   4   4   3   4 | Ser AGT   5   4   5   5   5   5
    ATC   0   0   0   0   0   0 |     ACC   2   1   2   2   2   2 |     AAC   0   0   0   0   1   0 |     AGC   1   2   1   1   1   1
    ATA   0   0   0   0   0   0 |     ACA   2   2   2   2   2   2 | Lys AAA  13  14  14  13  13  12 | Arg AGA   1   1   1   1   1   1
Met ATG   0   0   0   0   0   0 |     ACG   0   0   0   0   0   0 |     AAG   7   6   6   7   7   8 |     AGG   0   0   0   0   0   0
--------------------------------------------------------------------------------------------------------------------------------------
Val GTT   1   1   1   1   1   1 | Ala GCT   2   2   2   2   2   2 | Asp GAT   4   4   4   4   4   4 | Gly GGT   0   0   0   0   0   0
    GTC   0   0   0   0   0   0 |     GCC   1   1   1   1   1   1 |     GAC   1   1   1   1   1   1 |     GGC   0   0   0   0   0   0
    GTA   1   1   1   1   1   1 |     GCA   1   1   1   1   1   1 | Glu GAA   6   5   6   7   6   6 |     GGA   0   0   0   0   0   0
    GTG   0   0   0   0   0   0 |     GCG   0   0   0   0   0   0 |     GAG   1   2   1   0   1   1 |     GGG   0   0   0   0   0   0
--------------------------------------------------------------------------------------------------------------------------------------

--------------------------------------------------------------------------------------------------------------------------------------
Phe TTT   0   0   0   0   0   0 | Ser TCT   1   1   1   1   1   1 | Tyr TAT   3   3   3   3   3   2 | Cys TGT   0   0   0   0   0   0
    TTC   0   0   0   0   0   0 |     TCC   2   2   2   2   2   2 |     TAC   0   0   0   0   0   1 |     TGC   0   0   0   0   0   0
Leu TTA   2   2   2   2   2   2 |     TCA   1   1   1   1   1   0 | *** TAA   0   0   0   0   0   0 | *** TGA   0   0   0   0   0   0
    TTG   0   1   1   1   1   1 |     TCG   0   0   0   0   0   1 |     TAG   0   0   0   0   0   0 | Trp TGG   0   0   0   0   0   0
--------------------------------------------------------------------------------------------------------------------------------------
Leu CTT   0   0   0   0   0   0 | Pro CCT   4   4   4   4   4   4 | His CAT   0   0   0   0   0   0 | Arg CGT   0   0   0   0   0   0
    CTC   0   0   0   0   0   0 |     CCC   1   1   1   2   1   1 |     CAC   0   0   0   0   0   0 |     CGC   0   0   0   0   0   0
    CTA   0   0   0   0   0   0 |     CCA   2   2   2   2   2   2 | Gln CAA   2   1   1   0   1   1 |     CGA   0   0   0   1   0   0
    CTG   1   0   0   0   0   0 |     CCG   0   0   0   0   0   0 |     CAG   0   1   1   2   1   1 |     CGG   0   0   0   0   0   0
--------------------------------------------------------------------------------------------------------------------------------------
Ile ATT   1   1   1   1   1   1 | Thr ACT   2   2   1   1   2   2 | Asn AAT   4   4   4   4   4   4 | Ser AGT   5   5   5   3   5   5
    ATC   0   0   0   0   0   0 |     ACC   2   2   3   2   2   2 |     AAC   0   0   0   0   0   0 |     AGC   1   1   1   2   1   1
    ATA   0   0   0   0   0   0 |     ACA   2   2   2   2   2   2 | Lys AAA  13  13  13   7  14  13 | Arg AGA   1   1   1   1   1   1
Met ATG   0   0   0   0   0   0 |     ACG   0   0   0   1   0   0 |     AAG   7   7   7   9   6   7 |     AGG   0   0   0   2   0   0
--------------------------------------------------------------------------------------------------------------------------------------
Val GTT   1   1   1   1   1   1 | Ala GCT   2   2   2   1   2   2 | Asp GAT   4   4   4   3   4   4 | Gly GGT   0   0   0   0   0   0
    GTC   0   0   0   0   0   0 |     GCC   1   1   1   2   1   1 |     GAC   1   1   1   2   1   1 |     GGC   0   0   0   0   0   0
    GTA   1   1   1   1   1   1 |     GCA   1   1   1   0   1   1 | Glu GAA   6   6   6   5   6   6 |     GGA   0   0   0   0   0   0
    GTG   0   0   0   0   0   0 |     GCG   0   0   0   1   0   0 |     GAG   1   1   1   2   1   1 |     GGG   0   0   0   1   0   0
--------------------------------------------------------------------------------------------------------------------------------------

--------------------------------------------------------------------------------------------------------------------------------------
Phe TTT   0   0   0   0   0   0 | Ser TCT   1   1   1   1   1   1 | Tyr TAT   3   3   3   3   3   3 | Cys TGT   0   0   0   0   0   0
    TTC   0   0   0   0   0   0 |     TCC   2   2   2   2   2   2 |     TAC   0   0   0   0   0   0 |     TGC   0   0   0   0   0   0
Leu TTA   2   2   2   2   2   2 |     TCA   1   1   1   1   1   1 | *** TAA   0   0   0   0   0   0 | *** TGA   0   0   0   0   0   0
    TTG   1   1   1   1   1   1 |     TCG   0   0   0   0   0   0 |     TAG   0   0   0   0   0   0 | Trp TGG   0   0   0   0   0   0
--------------------------------------------------------------------------------------------------------------------------------------
Leu CTT   0   0   0   0   0   0 | Pro CCT   4   4   4   4   4   4 | His CAT   0   0   0   0   0   0 | Arg CGT   0   0   0   0   0   0
    CTC   0   0   0   0   0   0 |     CCC   1   1   1   1   1   1 |     CAC   0   0   0   0   0   0 |     CGC   0   0   0   0   0   0
    CTA   0   0   0   0   0   0 |     CCA   2   2   2   2   2   2 | Gln CAA   1   1   1   1   1   1 |     CGA   0   0   0   0   0   0
    CTG   0   0   0   0   0   0 |     CCG   0   0   0   0   0   0 |     CAG   1   1   1   1   1   1 |     CGG   0   0   0   0   0   0
--------------------------------------------------------------------------------------------------------------------------------------
Ile ATT   1   1   1   1   1   1 | Thr ACT   2   2   2   2   2   3 | Asn AAT   4   5   4   4   4   3 | Ser AGT   5   4   5   5   5   5
    ATC   0   0   0   0   0   0 |     ACC   2   2   2   2   2   1 |     AAC   0   0   0   0   0   1 |     AGC   1   1   1   1   1   1
    ATA   0   0   0   0   0   0 |     ACA   2   2   2   2   2   2 | Lys AAA  13  13  12  13  13  13 | Arg AGA   1   1   1   1   1   1
Met ATG   0   0   0   0   0   0 |     ACG   0   0   0   0   0   0 |     AAG   7   7   8   7   7   7 |     AGG   0   0   0   0   0   0
--------------------------------------------------------------------------------------------------------------------------------------
Val GTT   1   1   1   1   1   1 | Ala GCT   2   2   2   2   2   2 | Asp GAT   4   4   4   4   4   4 | Gly GGT   0   0   0   0   0   0
    GTC   0   0   0   0   0   0 |     GCC   1   1   1   1   1   1 |     GAC   1   1   1   1   1   1 |     GGC   0   0   0   0   0   0
    GTA   1   1   1   1   1   1 |     GCA   1   1   1   1   1   1 | Glu GAA   6   6   6   6   6   6 |     GGA   0   0   0   0   0   0
    GTG   0   0   0   0   0   0 |     GCG   0   0   0   0   0   0 |     GAG   1   1   1   1   1   1 |     GGG   0   0   0   0   0   0
--------------------------------------------------------------------------------------------------------------------------------------

--------------------------------------------------------------------------------------------------------------------------------------
Phe TTT   0   0   0   0   0   0 | Ser TCT   1   1   1   1   1   1 | Tyr TAT   3   3   3   3   3   3 | Cys TGT   0   0   0   0   0   0
    TTC   0   0   0   0   0   0 |     TCC   2   2   2   2   2   2 |     TAC   0   0   0   0   0   0 |     TGC   0   0   0   0   0   0
Leu TTA   2   2   2   2   2   2 |     TCA   0   1   1   1   1   1 | *** TAA   0   0   0   0   0   0 | *** TGA   0   0   0   0   0   0
    TTG   1   1   1   1   1   1 |     TCG   1   0   0   0   0   0 |     TAG   0   0   0   0   0   0 | Trp TGG   0   0   0   0   0   0
--------------------------------------------------------------------------------------------------------------------------------------
Leu CTT   0   0   0   0   0   0 | Pro CCT   4   4   4   4   4   4 | His CAT   0   0   0   0   0   0 | Arg CGT   0   0   0   0   0   0
    CTC   0   0   0   0   0   0 |     CCC   1   1   1   1   1   1 |     CAC   0   0   0   0   0   0 |     CGC   0   0   0   0   0   0
    CTA   0   0   0   0   0   0 |     CCA   2   2   2   2   2   2 | Gln CAA   1   1   1   1   1   1 |     CGA   0   0   0   0   0   0
    CTG   0   0   0   0   0   0 |     CCG   0   0   0   0   0   0 |     CAG   1   1   1   1   1   1 |     CGG   0   0   0   0   0   0
--------------------------------------------------------------------------------------------------------------------------------------
Ile ATT   1   1   1   1   1   1 | Thr ACT   2   2   2   2   2   2 | Asn AAT   4   4   4   4   3   4 | Ser AGT   6   6   5   5   5   5
    ATC   0   0   0   0   0   0 |     ACC   2   2   2   2   2   2 |     AAC   0   0   0   0   1   0 |     AGC   0   0   1   1   1   1
    ATA   0   0   0   0   0   0 |     ACA   2   2   2   2   2   2 | Lys AAA  13  13  13  14  13  13 | Arg AGA   1   1   1   1   1   1
Met ATG   0   0   0   0   0   0 |     ACG   0   0   0   0   0   0 |     AAG   7   7   7   6   7   7 |     AGG   0   0   0   0   0   0
--------------------------------------------------------------------------------------------------------------------------------------
Val GTT   1   1   1   1   1   1 | Ala GCT   2   2   2   2   2   2 | Asp GAT   4   4   4   4   4   4 | Gly GGT   0   0   0   0   0   0
    GTC   0   0   0   0   0   0 |     GCC   1   1   1   1   1   1 |     GAC   1   1   1   1   1   1 |     GGC   0   0   0   0   0   0
    GTA   1   0   1   1   1   1 |     GCA   1   1   1   1   1   1 | Glu GAA   6   6   6   6   6   6 |     GGA   0   0   0   0   0   0
    GTG   0   1   0   0   0   0 |     GCG   0   0   0   0   0   0 |     GAG   1   1   1   1   1   1 |     GGG   0   0   0   0   0   0
--------------------------------------------------------------------------------------------------------------------------------------

--------------------------------------------------------------------------------------------------------------------------------------
Phe TTT   0   0   0   0   0   0 | Ser TCT   1   1   1   1   1   1 | Tyr TAT   2   2   3   3   3   3 | Cys TGT   0   0   0   0   0   0
    TTC   0   0   0   0   0   0 |     TCC   2   2   2   3   2   2 |     TAC   1   1   0   0   0   0 |     TGC   0   0   0   0   0   0
Leu TTA   2   2   2   2   2   2 |     TCA   0   0   1   0   1   1 | *** TAA   0   0   0   0   0   0 | *** TGA   0   0   0   0   0   0
    TTG   1   1   1   1   1   1 |     TCG   1   1   0   0   0   0 |     TAG   0   0   0   0   0   0 | Trp TGG   0   0   0   0   0   0
--------------------------------------------------------------------------------------------------------------------------------------
Leu CTT   0   0   0   0   0   0 | Pro CCT   4   4   4   4   4   4 | His CAT   0   0   0   0   0   0 | Arg CGT   0   0   0   0   0   0
    CTC   0   0   0   0   0   0 |     CCC   1   1   1   1   1   1 |     CAC   0   0   0   0   0   0 |     CGC   0   0   0   0   0   0
    CTA   0   0   0   0   0   0 |     CCA   2   2   2   2   2   2 | Gln CAA   1   1   1   1   1   1 |     CGA   0   0   0   0   0   0
    CTG   0   0   0   0   0   0 |     CCG   0   0   0   0   0   0 |     CAG   1   1   1   1   1   1 |     CGG   0   0   0   0   0   0
--------------------------------------------------------------------------------------------------------------------------------------
Ile ATT   1   1   1   1   1   1 | Thr ACT   2   2   2   3   2   2 | Asn AAT   4   4   4   3   4   4 | Ser AGT   5   5   5   5   5   5
    ATC   0   0   0   0   0   0 |     ACC   2   2   2   1   2   2 |     AAC   0   0   0   1   0   0 |     AGC   1   1   1   1   1   1
    ATA   0   0   0   0   0   0 |     ACA   2   2   2   2   2   2 | Lys AAA  13  12  13  13  12  14 | Arg AGA   1   1   1   1   1   1
Met ATG   0   0   0   0   0   0 |     ACG   0   0   0   0   0   0 |     AAG   7   8   7   7   8   6 |     AGG   0   0   0   0   0   0
--------------------------------------------------------------------------------------------------------------------------------------
Val GTT   1   1   1   1   1   1 | Ala GCT   2   2   2   2   2   1 | Asp GAT   4   4   4   4   4   4 | Gly GGT   0   0   0   0   0   0
    GTC   0   0   0   0   0   0 |     GCC   1   1   1   1   1   1 |     GAC   1   1   1   1   1   1 |     GGC   0   0   0   0   0   0
    GTA   1   1   1   1   1   1 |     GCA   1   1   1   1   1   1 | Glu GAA   6   6   6   6   6   6 |     GGA   0   0   0   0   0   0
    GTG   0   0   0   0   0   0 |     GCG   0   0   0   0   0   1 |     GAG   1   1   1   1   1   1 |     GGG   0   0   0   0   0   0
--------------------------------------------------------------------------------------------------------------------------------------

--------------------------------------------------------------------------------------------------------------------------------------
Phe TTT   0   0   0   0   0   0 | Ser TCT   1   1   1   1   1   1 | Tyr TAT   3   3   2   3   3   3 | Cys TGT   0   0   0   0   0   0
    TTC   0   0   0   0   0   0 |     TCC   2   2   2   2   2   2 |     TAC   0   0   1   0   0   0 |     TGC   0   0   0   0   0   0
Leu TTA   2   2   2   2   2   2 |     TCA   1   1   0   1   1   1 | *** TAA   0   0   0   0   0   0 | *** TGA   0   0   0   0   0   0
    TTG   1   1   1   1   1   1 |     TCG   0   0   1   0   0   0 |     TAG   0   0   0   0   0   0 | Trp TGG   0   0   0   0   0   0
--------------------------------------------------------------------------------------------------------------------------------------
Leu CTT   0   0   0   0   0   0 | Pro CCT   4   4   4   4   4   4 | His CAT   0   0   0   0   0   0 | Arg CGT   0   0   0   0   0   0
    CTC   0   0   0   0   0   0 |     CCC   1   1   1   1   1   1 |     CAC   0   0   0   0   0   0 |     CGC   0   0   0   0   0   0
    CTA   0   0   0   0   0   0 |     CCA   2   2   2   2   2   2 | Gln CAA   1   1   1   1   1   1 |     CGA   0   0   0   0   0   0
    CTG   0   0   0   0   0   0 |     CCG   0   0   0   0   0   0 |     CAG   1   1   1   1   1   1 |     CGG   0   0   0   0   0   0
--------------------------------------------------------------------------------------------------------------------------------------
Ile ATT   1   1   1   1   1   1 | Thr ACT   3   2   2   2   2   2 | Asn AAT   3   4   3   4   4   4 | Ser AGT   5   5   6   5   5   5
    ATC   0   0   0   0   0   0 |     ACC   1   2   2   2   2   2 |     AAC   1   0   0   0   1   0 |     AGC   1   1   1   1   0   1
    ATA   0   0   0   0   0   0 |     ACA   2   2   2   2   2   2 | Lys AAA  13  14  13  13  13  12 | Arg AGA   1   1   1   1   1   1
Met ATG   0   0   0   0   0   0 |     ACG   0   0   0   0   0   0 |     AAG   7   6   7   7   7   8 |     AGG   0   0   0   0   0   0
--------------------------------------------------------------------------------------------------------------------------------------
Val GTT   1   1   1   1   1   1 | Ala GCT   2   2   2   2   2   2 | Asp GAT   4   4   4   4   4   4 | Gly GGT   0   0   0   0   0   0
    GTC   0   0   0   0   0   0 |     GCC   1   1   1   1   1   1 |     GAC   1   1   1   1   1   1 |     GGC   0   0   0   0   0   0
    GTA   1   1   1   1   0   1 |     GCA   1   1   1   1   1   1 | Glu GAA   6   6   6   6   6   6 |     GGA   0   0   0   0   0   0
    GTG   0   0   0   0   1   0 |     GCG   0   0   0   0   0   0 |     GAG   1   1   1   1   1   1 |     GGG   0   0   0   0   0   0
--------------------------------------------------------------------------------------------------------------------------------------

--------------------------------------------------------------------------------------------------------------------------------------
Phe TTT   0   0   0   0   0   0 | Ser TCT   1   1   1   1   1   1 | Tyr TAT   3   3   3   3   3   2 | Cys TGT   0   0   0   0   0   0
    TTC   0   0   0   0   0   0 |     TCC   2   2   2   2   2   2 |     TAC   0   0   0   0   0   1 |     TGC   0   0   0   0   0   0
Leu TTA   3   2   2   2   2   2 |     TCA   1   1   1   1   1   1 | *** TAA   0   0   0   0   0   0 | *** TGA   0   0   0   0   0   0
    TTG   0   1   1   0   1   1 |     TCG   0   0   0   0   0   0 |     TAG   0   0   0   0   0   0 | Trp TGG   0   0   0   0   0   0
--------------------------------------------------------------------------------------------------------------------------------------
Leu CTT   0   0   0   0   0   0 | Pro CCT   4   4   4   5   4   4 | His CAT   0   0   0   0   0   0 | Arg CGT   0   0   0   0   0   0
    CTC   0   0   0   0   0   0 |     CCC   1   1   1   0   1   1 |     CAC   0   0   0   0   0   0 |     CGC   0   0   0   0   0   0
    CTA   0   0   0   0   0   0 |     CCA   2   2   2   2   2   2 | Gln CAA   1   1   1   1   1   1 |     CGA   0   0   0   0   0   0
    CTG   0   0   0   1   0   0 |     CCG   0   0   0   0   0   0 |     CAG   1   1   1   1   1   1 |     CGG   0   0   0   0   0   0
--------------------------------------------------------------------------------------------------------------------------------------
Ile ATT   1   1   1   1   1   1 | Thr ACT   2   2   2   2   2   2 | Asn AAT   4   4   4   4   4   4 | Ser AGT   5   5   5   5   5   5
    ATC   0   0   0   0   0   0 |     ACC   2   2   2   2   2   2 |     AAC   0   0   0   0   0   0 |     AGC   1   1   1   1   1   1
    ATA   0   0   0   0   0   0 |     ACA   2   2   2   2   2   2 | Lys AAA  13  13  13  13  12  13 | Arg AGA   1   1   1   1   1   1
Met ATG   0   0   0   0   0   0 |     ACG   0   0   0   0   0   0 |     AAG   7   7   7   7   8   7 |     AGG   0   0   0   0   0   0
--------------------------------------------------------------------------------------------------------------------------------------
Val GTT   1   1   1   1   1   1 | Ala GCT   2   2   2   2   2   2 | Asp GAT   4   4   4   4   4   4 | Gly GGT   0   0   0   0   0   0
    GTC   0   0   0   0   0   0 |     GCC   1   1   1   1   1   1 |     GAC   1   1   1   1   1   1 |     GGC   0   0   0   0   0   0
    GTA   1   1   1   1   1   1 |     GCA   1   1   1   1   1   1 | Glu GAA   6   6   6   6   6   6 |     GGA   0   0   0   0   0   0
    GTG   0   0   0   0   0   0 |     GCG   0   0   0   0   0   0 |     GAG   1   1   1   1   1   1 |     GGG   0   0   0   0   0   0
--------------------------------------------------------------------------------------------------------------------------------------

--------------------------------------------------------------------------------------------------------------------------------------
Phe TTT   0   0   0   0   0   0 | Ser TCT   1   1   1   1   1   1 | Tyr TAT   2   3   2   2   3   3 | Cys TGT   0   0   0   0   0   0
    TTC   0   0   0   0   0   0 |     TCC   2   2   2   2   2   2 |     TAC   1   0   1   1   0   0 |     TGC   0   0   0   0   0   0
Leu TTA   2   2   2   2   2   2 |     TCA   0   1   0   0   1   1 | *** TAA   0   0   0   0   0   0 | *** TGA   0   0   0   0   0   0
    TTG   1   1   1   1   1   1 |     TCG   1   0   1   1   0   0 |     TAG   0   0   0   0   0   0 | Trp TGG   0   0   0   0   0   0
--------------------------------------------------------------------------------------------------------------------------------------
Leu CTT   0   0   0   0   0   0 | Pro CCT   4   4   4   4   4   4 | His CAT   0   0   0   0   0   0 | Arg CGT   0   0   0   0   0   0
    CTC   0   0   0   0   0   0 |     CCC   1   1   1   1   1   1 |     CAC   0   0   0   0   0   0 |     CGC   0   0   0   0   0   0
    CTA   0   0   0   0   0   0 |     CCA   2   2   2   2   2   2 | Gln CAA   1   1   1   1   1   1 |     CGA   0   0   0   0   0   0
    CTG   0   0   0   0   0   0 |     CCG   0   0   0   0   0   0 |     CAG   1   1   1   1   1   1 |     CGG   0   0   0   0   0   0
--------------------------------------------------------------------------------------------------------------------------------------
Ile ATT   1   1   1   1   1   1 | Thr ACT   2   3   2   2   2   2 | Asn AAT   4   3   4   4   4   4 | Ser AGT   5   5   5   5   5   5
    ATC   0   0   0   0   0   0 |     ACC   2   1   2   2   2   2 |     AAC   0   1   0   0   0   0 |     AGC   1   1   1   1   1   1
    ATA   0   0   0   0   0   0 |     ACA   2   2   2   2   2   2 | Lys AAA  13  13  13  12  13  13 | Arg AGA   1   1   1   1   1   1
Met ATG   0   0   0   0   0   0 |     ACG   0   0   0   0   0   0 |     AAG   7   7   7   8   7   7 |     AGG   0   0   0   0   0   0
--------------------------------------------------------------------------------------------------------------------------------------
Val GTT   1   1   1   1   1   1 | Ala GCT   2   2   2   2   2   2 | Asp GAT   4   4   4   4   4   4 | Gly GGT   0   0   0   0   0   0
    GTC   0   0   0   0   0   0 |     GCC   1   1   1   1   1   1 |     GAC   1   1   1   1   1   1 |     GGC   0   0   0   0   0   0
    GTA   1   1   1   1   1   1 |     GCA   1   1   1   1   1   1 | Glu GAA   6   6   6   6   6   6 |     GGA   0   0   0   0   0   0
    GTG   0   0   0   0   0   0 |     GCG   0   0   0   0   0   0 |     GAG   1   1   1   1   1   1 |     GGG   0   0   0   0   0   0
--------------------------------------------------------------------------------------------------------------------------------------

--------------------------------------------------------------------------------------------------------------------------------------
Phe TTT   0   0   0   0   0   0 | Ser TCT   1   1   1   1   1   1 | Tyr TAT   3   3   3   3   3   3 | Cys TGT   0   0   0   0   0   0
    TTC   0   0   0   0   0   0 |     TCC   2   2   2   2   2   2 |     TAC   0   0   0   0   0   0 |     TGC   0   0   0   0   0   0
Leu TTA   2   1   2   2   2   2 |     TCA   1   1   1   1   1   1 | *** TAA   0   0   0   0   0   0 | *** TGA   0   0   0   0   0   0
    TTG   1   2   1   1   1   1 |     TCG   0   0   0   0   0   0 |     TAG   0   0   0   0   0   0 | Trp TGG   0   0   0   0   0   0
--------------------------------------------------------------------------------------------------------------------------------------
Leu CTT   0   0   0   0   0   0 | Pro CCT   4   4   4   4   4   4 | His CAT   0   0   0   0   0   0 | Arg CGT   0   0   0   0   0   0
    CTC   0   0   0   0   0   0 |     CCC   1   0   1   1   1   1 |     CAC   0   0   0   0   0   0 |     CGC   0   0   0   0   0   0
    CTA   0   0   0   0   0   0 |     CCA   2   2   2   2   2   2 | Gln CAA   1   1   1   1   1   1 |     CGA   0   0   0   0   0   0
    CTG   0   0   0   0   0   0 |     CCG   0   1   0   0   0   0 |     CAG   1   1   1   1   1   1 |     CGG   0   0   0   0   0   0
--------------------------------------------------------------------------------------------------------------------------------------
Ile ATT   1   1   1   1   1   1 | Thr ACT   2   2   2   2   2   2 | Asn AAT   4   4   4   4   4   4 | Ser AGT   5   5   5   5   5   5
    ATC   0   0   0   0   0   0 |     ACC   2   2   2   2   2   2 |     AAC   0   0   0   0   0   0 |     AGC   1   1   1   1   1   1
    ATA   0   0   0   0   0   0 |     ACA   2   2   2   2   2   2 | Lys AAA  13  13  13  13  14  14 | Arg AGA   1   1   1   1   1   1
Met ATG   0   0   0   0   0   0 |     ACG   0   0   0   0   0   0 |     AAG   7   7   7   7   6   6 |     AGG   0   0   0   0   0   0
--------------------------------------------------------------------------------------------------------------------------------------
Val GTT   1   1   1   1   1   1 | Ala GCT   2   2   2   2   2   2 | Asp GAT   4   4   4   4   4   4 | Gly GGT   0   0   0   0   0   0
    GTC   0   0   0   0   0   0 |     GCC   1   1   1   1   1   1 |     GAC   1   1   1   1   1   1 |     GGC   0   0   0   0   0   0
    GTA   1   1   1   1   1   1 |     GCA   1   1   1   1   1   1 | Glu GAA   6   6   6   7   6   6 |     GGA   0   0   0   0   0   0
    GTG   0   0   0   0   0   0 |     GCG   0   0   0   0   0   0 |     GAG   1   1   1   0   1   1 |     GGG   0   0   0   0   0   0
--------------------------------------------------------------------------------------------------------------------------------------

Codon position x base (3x4) table for each sequence.

#1: Argali         
position  1:    T:0.13333    C:0.12000    A:0.50667    G:0.24000
position  2:    T:0.08000    C:0.28000    A:0.54667    G:0.09333
position  3:    T:0.36000    C:0.10667    A:0.40000    G:0.13333
Average         T:0.19111    C:0.16889    A:0.48444    G:0.15556

#2: LesserMouseDeer
position  1:    T:0.12000    C:0.13333    A:0.50667    G:0.24000
position  2:    T:0.08000    C:0.28000    A:0.54667    G:0.09333
position  3:    T:0.36000    C:0.10667    A:0.40000    G:0.13333
Average         T:0.18667    C:0.17333    A:0.48444    G:0.15556

#3: LesserKudu     
position  1:    T:0.13333    C:0.12000    A:0.50667    G:0.24000
position  2:    T:0.08000    C:0.28000    A:0.54667    G:0.09333
position  3:    T:0.36000    C:0.10667    A:0.41333    G:0.12000
Average         T:0.19111    C:0.16889    A:0.48889    G:0.15111

#4: ForestMuskDeer2
position  1:    T:0.13333    C:0.12000    A:0.50667    G:0.24000
position  2:    T:0.08000    C:0.28000    A:0.54667    G:0.09333
position  3:    T:0.36000    C:0.10667    A:0.41333    G:0.12000
Average         T:0.19111    C:0.16889    A:0.48889    G:0.15111

#5: Camel          
position  1:    T:0.13333    C:0.12000    A:0.50667    G:0.24000
position  2:    T:0.08000    C:0.28000    A:0.54667    G:0.09333
position  3:    T:0.36000    C:0.09333    A:0.40000    G:0.14667
Average         T:0.19111    C:0.16444    A:0.48444    G:0.16000

#6: KillerWhale    
position  1:    T:0.13333    C:0.12000    A:0.50667    G:0.24000
position  2:    T:0.08000    C:0.28000    A:0.54667    G:0.09333
position  3:    T:0.36000    C:0.10667    A:0.38667    G:0.14667
Average         T:0.19111    C:0.16889    A:0.48000    G:0.16000

#7: DefassaWaterbuck
position  1:    T:0.12000    C:0.13333    A:0.50667    G:0.24000
position  2:    T:0.08000    C:0.28000    A:0.54667    G:0.09333
position  3:    T:0.36000    C:0.10667    A:0.41333    G:0.12000
Average         T:0.18667    C:0.17333    A:0.48889    G:0.15111

#8: Sheep          
position  1:    T:0.13333    C:0.12000    A:0.50667    G:0.24000
position  2:    T:0.08000    C:0.28000    A:0.54667    G:0.09333
position  3:    T:0.36000    C:0.10667    A:0.40000    G:0.13333
Average         T:0.19111    C:0.16889    A:0.48444    G:0.15556

#9: MaxwellsDuiker 
position  1:    T:0.13333    C:0.12000    A:0.50667    G:0.24000
position  2:    T:0.08000    C:0.28000    A:0.54667    G:0.09333
position  3:    T:0.34667    C:0.12000    A:0.40000    G:0.13333
Average         T:0.18667    C:0.17333    A:0.48444    G:0.15556

#10: GazellaPrzewalskyi
position  1:    T:0.13333    C:0.14667    A:0.46667    G:0.25333
position  2:    T:0.08000    C:0.29333    A:0.49333    G:0.13333
position  3:    T:0.29333    C:0.16000    A:0.29333    G:0.25333
Average         T:0.16889    C:0.20000    A:0.41778    G:0.21333

#11: MountainNyala  
position  1:    T:0.13333    C:0.12000    A:0.50667    G:0.24000
position  2:    T:0.08000    C:0.28000    A:0.54667    G:0.09333
position  3:    T:0.36000    C:0.10667    A:0.41333    G:0.12000
Average         T:0.19111    C:0.16889    A:0.48889    G:0.15111

#12: MuntiacusMuntjak
position  1:    T:0.13333    C:0.12000    A:0.50667    G:0.24000
position  2:    T:0.08000    C:0.28000    A:0.54667    G:0.09333
position  3:    T:0.34667    C:0.12000    A:0.38667    G:0.14667
Average         T:0.18667    C:0.17333    A:0.48000    G:0.16000

#13: goat           
position  1:    T:0.13333    C:0.12000    A:0.50667    G:0.24000
position  2:    T:0.08000    C:0.28000    A:0.54667    G:0.09333
position  3:    T:0.36000    C:0.10667    A:0.40000    G:0.13333
Average         T:0.19111    C:0.16889    A:0.48444    G:0.15556

#14: AfricanBuffalo 
position  1:    T:0.13333    C:0.12000    A:0.50667    G:0.24000
position  2:    T:0.08000    C:0.28000    A:0.56000    G:0.08000
position  3:    T:0.36000    C:0.10667    A:0.40000    G:0.13333
Average         T:0.19111    C:0.16889    A:0.48889    G:0.15111

#15: Topi           
position  1:    T:0.13333    C:0.12000    A:0.50667    G:0.24000
position  2:    T:0.08000    C:0.28000    A:0.54667    G:0.09333
position  3:    T:0.36000    C:0.10667    A:0.38667    G:0.14667
Average         T:0.19111    C:0.16889    A:0.48000    G:0.16000

#16: CommonDuiker   
position  1:    T:0.13333    C:0.12000    A:0.50667    G:0.24000
position  2:    T:0.08000    C:0.28000    A:0.54667    G:0.09333
position  3:    T:0.36000    C:0.10667    A:0.40000    G:0.13333
Average         T:0.19111    C:0.16889    A:0.48444    G:0.15556

#17: Suni           
position  1:    T:0.13333    C:0.12000    A:0.50667    G:0.24000
position  2:    T:0.08000    C:0.28000    A:0.54667    G:0.09333
position  3:    T:0.36000    C:0.10667    A:0.40000    G:0.13333
Average         T:0.19111    C:0.16889    A:0.48444    G:0.15556

#18: Springbuck     
position  1:    T:0.13333    C:0.12000    A:0.50667    G:0.24000
position  2:    T:0.08000    C:0.28000    A:0.54667    G:0.09333
position  3:    T:0.36000    C:0.10667    A:0.40000    G:0.13333
Average         T:0.19111    C:0.16889    A:0.48444    G:0.15556

#19: Okapi          
position  1:    T:0.13333    C:0.12000    A:0.50667    G:0.24000
position  2:    T:0.08000    C:0.28000    A:0.54667    G:0.09333
position  3:    T:0.37333    C:0.09333    A:0.38667    G:0.14667
Average         T:0.19556    C:0.16444    A:0.48000    G:0.16000

#20: Giraffe        
position  1:    T:0.13333    C:0.12000    A:0.50667    G:0.24000
position  2:    T:0.08000    C:0.28000    A:0.54667    G:0.09333
position  3:    T:0.37333    C:0.09333    A:0.38667    G:0.14667
Average         T:0.19556    C:0.16444    A:0.48000    G:0.16000

#21: TibetanAntelope
position  1:    T:0.13333    C:0.12000    A:0.50667    G:0.24000
position  2:    T:0.08000    C:0.28000    A:0.54667    G:0.09333
position  3:    T:0.36000    C:0.10667    A:0.40000    G:0.13333
Average         T:0.19111    C:0.16889    A:0.48444    G:0.15556

#22: Sitatunga      
position  1:    T:0.13333    C:0.12000    A:0.50667    G:0.24000
position  2:    T:0.08000    C:0.28000    A:0.54667    G:0.09333
position  3:    T:0.36000    C:0.10667    A:0.41333    G:0.12000
Average         T:0.19111    C:0.16889    A:0.48889    G:0.15111

#23: Oribi          
position  1:    T:0.13333    C:0.12000    A:0.50667    G:0.24000
position  2:    T:0.08000    C:0.28000    A:0.54667    G:0.09333
position  3:    T:0.34667    C:0.12000    A:0.40000    G:0.13333
Average         T:0.18667    C:0.17333    A:0.48444    G:0.15556

#24: BarbarySheep   
position  1:    T:0.13333    C:0.12000    A:0.50667    G:0.24000
position  2:    T:0.08000    C:0.28000    A:0.54667    G:0.09333
position  3:    T:0.36000    C:0.10667    A:0.40000    G:0.13333
Average         T:0.19111    C:0.16889    A:0.48444    G:0.15556

#25: Daviddeer      
position  1:    T:0.13333    C:0.12000    A:0.50667    G:0.24000
position  2:    T:0.08000    C:0.28000    A:0.54667    G:0.09333
position  3:    T:0.34667    C:0.12000    A:0.38667    G:0.14667
Average         T:0.18667    C:0.17333    A:0.48000    G:0.16000

#26: Reindeer       
position  1:    T:0.13333    C:0.12000    A:0.50667    G:0.24000
position  2:    T:0.08000    C:0.28000    A:0.54667    G:0.09333
position  3:    T:0.34667    C:0.12000    A:0.37333    G:0.16000
Average         T:0.18667    C:0.17333    A:0.47556    G:0.16444

#27: Ibex           
position  1:    T:0.13333    C:0.12000    A:0.50667    G:0.24000
position  2:    T:0.08000    C:0.28000    A:0.54667    G:0.09333
position  3:    T:0.36000    C:0.10667    A:0.40000    G:0.13333
Average         T:0.19111    C:0.16889    A:0.48444    G:0.15556

#28: GyrantGazelle  
position  1:    T:0.13333    C:0.12000    A:0.50667    G:0.24000
position  2:    T:0.08000    C:0.28000    A:0.54667    G:0.09333
position  3:    T:0.36000    C:0.12000    A:0.38667    G:0.13333
Average         T:0.19111    C:0.17333    A:0.48000    G:0.15556

#29: Hartebeest     
position  1:    T:0.13333    C:0.12000    A:0.50667    G:0.24000
position  2:    T:0.08000    C:0.28000    A:0.54667    G:0.09333
position  3:    T:0.36000    C:0.10667    A:0.38667    G:0.14667
Average         T:0.19111    C:0.16889    A:0.48000    G:0.16000

#30: Bongo          
position  1:    T:0.13333    C:0.12000    A:0.50667    G:0.24000
position  2:    T:0.08000    C:0.28000    A:0.54667    G:0.09333
position  3:    T:0.34667    C:0.10667    A:0.41333    G:0.13333
Average         T:0.18667    C:0.16889    A:0.48889    G:0.15556

#31: Gerenuk        
position  1:    T:0.13333    C:0.12000    A:0.50667    G:0.24000
position  2:    T:0.08000    C:0.28000    A:0.54667    G:0.09333
position  3:    T:0.36000    C:0.10667    A:0.40000    G:0.13333
Average         T:0.19111    C:0.16889    A:0.48444    G:0.15556

#32: CommonEland    
position  1:    T:0.13333    C:0.12000    A:0.50667    G:0.24000
position  2:    T:0.08000    C:0.28000    A:0.54667    G:0.09333
position  3:    T:0.36000    C:0.10667    A:0.41333    G:0.12000
Average         T:0.19111    C:0.16889    A:0.48889    G:0.15111

#33: MuntiacusReevesi
position  1:    T:0.13333    C:0.12000    A:0.50667    G:0.24000
position  2:    T:0.08000    C:0.28000    A:0.53333    G:0.10667
position  3:    T:0.34667    C:0.12000    A:0.38667    G:0.14667
Average         T:0.18667    C:0.17333    A:0.47556    G:0.16444

#34: HarveysDuiker  
position  1:    T:0.13333    C:0.12000    A:0.50667    G:0.24000
position  2:    T:0.08000    C:0.28000    A:0.54667    G:0.09333
position  3:    T:0.36000    C:0.10667    A:0.40000    G:0.13333
Average         T:0.19111    C:0.16889    A:0.48444    G:0.15556

#35: Pronghorn      
position  1:    T:0.13333    C:0.12000    A:0.50667    G:0.24000
position  2:    T:0.08000    C:0.28000    A:0.56000    G:0.08000
position  3:    T:0.36000    C:0.10667    A:0.38667    G:0.14667
Average         T:0.19111    C:0.16889    A:0.48444    G:0.15556

#36: BlueWildebeest 
position  1:    T:0.13333    C:0.12000    A:0.50667    G:0.24000
position  2:    T:0.08000    C:0.28000    A:0.54667    G:0.09333
position  3:    T:0.36000    C:0.10667    A:0.38667    G:0.14667
Average         T:0.19111    C:0.16889    A:0.48000    G:0.16000

#37: Gemsbok        
position  1:    T:0.13333    C:0.12000    A:0.50667    G:0.24000
position  2:    T:0.08000    C:0.28000    A:0.54667    G:0.09333
position  3:    T:0.36000    C:0.10667    A:0.41333    G:0.12000
Average         T:0.19111    C:0.16889    A:0.48889    G:0.15111

#38: Yak            
position  1:    T:0.13333    C:0.12000    A:0.50667    G:0.24000
position  2:    T:0.08000    C:0.28000    A:0.54667    G:0.09333
position  3:    T:0.36000    C:0.10667    A:0.40000    G:0.13333
Average         T:0.19111    C:0.16889    A:0.48444    G:0.15556

#39: BlueSheep      
position  1:    T:0.13333    C:0.12000    A:0.50667    G:0.24000
position  2:    T:0.08000    C:0.28000    A:0.54667    G:0.09333
position  3:    T:0.36000    C:0.10667    A:0.40000    G:0.13333
Average         T:0.19111    C:0.16889    A:0.48444    G:0.15556

#40: BohorReedbuck  
position  1:    T:0.12000    C:0.13333    A:0.50667    G:0.24000
position  2:    T:0.08000    C:0.28000    A:0.54667    G:0.09333
position  3:    T:0.37333    C:0.09333    A:0.40000    G:0.13333
Average         T:0.19111    C:0.16889    A:0.48444    G:0.15556

#41: KirksDik       
position  1:    T:0.13333    C:0.12000    A:0.50667    G:0.24000
position  2:    T:0.08000    C:0.28000    A:0.54667    G:0.09333
position  3:    T:0.36000    C:0.10667    A:0.38667    G:0.14667
Average         T:0.19111    C:0.16889    A:0.48000    G:0.16000

#42: RoeDeer        
position  1:    T:0.13333    C:0.12000    A:0.50667    G:0.24000
position  2:    T:0.08000    C:0.28000    A:0.54667    G:0.09333
position  3:    T:0.34667    C:0.12000    A:0.40000    G:0.13333
Average         T:0.18667    C:0.17333    A:0.48444    G:0.15556

#43: WhiteLippedDeer
position  1:    T:0.13333    C:0.12000    A:0.50667    G:0.24000
position  2:    T:0.08000    C:0.28000    A:0.54667    G:0.09333
position  3:    T:0.34667    C:0.12000    A:0.38667    G:0.14667
Average         T:0.18667    C:0.17333    A:0.48000    G:0.16000

#44: ThomsonGazelle 
position  1:    T:0.13333    C:0.12000    A:0.50667    G:0.24000
position  2:    T:0.08000    C:0.28000    A:0.54667    G:0.09333
position  3:    T:0.36000    C:0.10667    A:0.40000    G:0.13333
Average         T:0.19111    C:0.16889    A:0.48444    G:0.15556

#45: MuntiacusCrinifrons
position  1:    T:0.13333    C:0.12000    A:0.50667    G:0.24000
position  2:    T:0.08000    C:0.28000    A:0.54667    G:0.09333
position  3:    T:0.34667    C:0.12000    A:0.38667    G:0.14667
Average         T:0.18667    C:0.17333    A:0.48000    G:0.16000

#46: WhiteTailedDeer
position  1:    T:0.13333    C:0.12000    A:0.50667    G:0.24000
position  2:    T:0.08000    C:0.28000    A:0.54667    G:0.09333
position  3:    T:0.34667    C:0.12000    A:0.37333    G:0.16000
Average         T:0.18667    C:0.17333    A:0.47556    G:0.16444

#47: Cattle         
position  1:    T:0.13333    C:0.12000    A:0.50667    G:0.24000
position  2:    T:0.08000    C:0.28000    A:0.54667    G:0.09333
position  3:    T:0.36000    C:0.10667    A:0.40000    G:0.13333
Average         T:0.19111    C:0.16889    A:0.48444    G:0.15556

#48: RoyalAntelope  
position  1:    T:0.13333    C:0.12000    A:0.50667    G:0.24000
position  2:    T:0.08000    C:0.28000    A:0.54667    G:0.09333
position  3:    T:0.36000    C:0.10667    A:0.40000    G:0.13333
Average         T:0.19111    C:0.16889    A:0.48444    G:0.15556

#49: Steenbok       
position  1:    T:0.13333    C:0.12000    A:0.50667    G:0.24000
position  2:    T:0.08000    C:0.28000    A:0.54667    G:0.09333
position  3:    T:0.36000    C:0.10667    A:0.40000    G:0.13333
Average         T:0.19111    C:0.16889    A:0.48444    G:0.15556

#50: Impala         
position  1:    T:0.13333    C:0.12000    A:0.50667    G:0.24000
position  2:    T:0.08000    C:0.28000    A:0.54667    G:0.09333
position  3:    T:0.36000    C:0.09333    A:0.38667    G:0.16000
Average         T:0.19111    C:0.16444    A:0.48000    G:0.16444

#51: Klipspringer   
position  1:    T:0.13333    C:0.12000    A:0.50667    G:0.24000
position  2:    T:0.08000    C:0.28000    A:0.54667    G:0.09333
