CODONML (in paml version 4.10.7, June 2023)  /home/rachel/ruminants_paml/6406-phy-tree/ENSBTAT00000051766.fasta.phy
Model: free dN/dS Ratios for branches,  kappa = 2.000 fixed

Codon frequency model: F3x4
ns =  54  ls =  13

Codon usage in sequences
--------------------------------------------------------------------------------------------------------------------------------------
Phe TTT   0   0   0   0   0   0 | Ser TCT   0   0   0   0   0   0 | Tyr TAT   0   0   0   0   0   0 | Cys TGT   0   0   0   0   0   0
    TTC   0   0   0   0   0   0 |     TCC   0   0   0   0   0   0 |     TAC   0   0   0   0   0   0 |     TGC   0   0   0   0   0   0
Leu TTA   0   0   0   0   0   0 |     TCA   0   0   0   0   0   0 | *** TAA   0   0   0   0   0   0 | *** TGA   0   0   0   0   0   0
    TTG   0   0   0   0   0   0 |     TCG   0   0   0   0   0   0 |     TAG   0   0   0   0   0   0 | Trp TGG   0   0   0   0   0   0
--------------------------------------------------------------------------------------------------------------------------------------
Leu CTT   0   0   0   0   1   0 | Pro CCT   0   0   0   0   0   0 | His CAT   0   0   0   0   0   0 | Arg CGT   0   0   0   0   0   0
    CTC   2   2   2   2   1   2 |     CCC   0   0   0   0   0   0 |     CAC   0   0   0   0   0   0 |     CGC   0   0   0   0   0   0
    CTA   0   0   0   0   0   0 |     CCA   0   0   0   0   0   0 | Gln CAA   1   1   1   1   1   1 |     CGA   0   0   0   0   0   0
    CTG   3   3   3   3   3   3 |     CCG   0   0   0   0   0   0 |     CAG   0   0   0   0   0   0 |     CGG   0   0   0   0   0   0
--------------------------------------------------------------------------------------------------------------------------------------
Ile ATT   0   0   0   0   0   0 | Thr ACT   0   0   0   0   0   0 | Asn AAT   0   0   0   0   0   0 | Ser AGT   0   0   0   0   0   0
    ATC   0   0   0   0   0   0 |     ACC   0   0   0   0   0   0 |     AAC   0   0   0   0   0   0 |     AGC   0   1   1   1   1   1
    ATA   0   0   0   0   0   0 |     ACA   0   0   0   0   0   0 | Lys AAA   0   0   0   0   0   0 | Arg AGA   0   0   0   0   0   0
Met ATG   1   1   1   1   1   1 |     ACG   0   0   0   0   0   0 |     AAG   0   0   0   0   0   0 |     AGG   1   0   0   0   0   0
--------------------------------------------------------------------------------------------------------------------------------------
Val GTT   0   0   0   0   0   0 | Ala GCT   0   0   0   0   0   0 | Asp GAT   0   0   0   0   0   0 | Gly GGT   0   0   0   0   0   0
    GTC   1   1   1   1   1   1 |     GCC   0   1   1   1   1   1 |     GAC   0   0   0   0   0   0 |     GGC   0   0   0   0   0   0
    GTA   0   0   0   0   0   0 |     GCA   1   1   1   1   1   1 | Glu GAA   0   0   0   0   0   0 |     GGA   0   0   0   0   0   0
    GTG   1   1   1   1   1   1 |     GCG   1   0   0   0   0   0 |     GAG   1   1   1   1   1   1 |     GGG   0   0   0   0   0   0
--------------------------------------------------------------------------------------------------------------------------------------

--------------------------------------------------------------------------------------------------------------------------------------
Phe TTT   0   0   0   0   0   0 | Ser TCT   0   0   0   0   0   0 | Tyr TAT   0   0   0   0   0   0 | Cys TGT   0   0   0   0   0   0
    TTC   0   0   0   0   0   0 |     TCC   0   0   0   0   0   0 |     TAC   0   0   0   0   0   0 |     TGC   0   0   0   0   0   0
Leu TTA   0   0   0   0   0   0 |     TCA   0   0   0   0   0   0 | *** TAA   0   0   0   0   0   0 | *** TGA   0   0   0   0   0   0
    TTG   0   0   0   0   0   0 |     TCG   0   0   0   0   0   0 |     TAG   0   0   0   0   0   0 | Trp TGG   0   0   0   0   0   0
--------------------------------------------------------------------------------------------------------------------------------------
Leu CTT   0   0   0   0   0   1 | Pro CCT   0   0   0   0   0   0 | His CAT   0   0   0   0   0   0 | Arg CGT   0   0   0   0   0   0
    CTC   2   2   2   2   2   1 |     CCC   0   0   0   0   0   0 |     CAC   0   0   0   0   0   0 |     CGC   0   0   0   0   0   0
    CTA   0   0   0   0   0   0 |     CCA   0   0   0   0   0   0 | Gln CAA   1   1   1   1   0   1 |     CGA   0   0   0   0   0   0
    CTG   3   3   3   3   3   3 |     CCG   0   0   0   0   0   0 |     CAG   0   0   0   0   0   0 |     CGG   0   0   0   0   0   0
--------------------------------------------------------------------------------------------------------------------------------------
Ile ATT   0   0   0   0   0   0 | Thr ACT   0   0   0   0   0   0 | Asn AAT   0   0   0   0   0   0 | Ser AGT   1   0   0   0   0   0
    ATC   1   0   0   0   0   1 |     ACC   0   0   0   0   0   0 |     AAC   0   0   0   0   0   0 |     AGC   0   0   0   0   1   1
    ATA   0   0   0   0   0   0 |     ACA   0   0   0   0   0   0 | Lys AAA   0   0   0   0   0   0 | Arg AGA   0   0   0   0   0   0
Met ATG   1   1   1   1   1   1 |     ACG   0   0   0   0   0   0 |     AAG   0   0   0   0   0   0 |     AGG   0   1   1   1   0   0
--------------------------------------------------------------------------------------------------------------------------------------
Val GTT   0   0   0   0   0   0 | Ala GCT   0   0   0   0   0   0 | Asp GAT   0   0   0   0   0   0 | Gly GGT   0   0   0   0   0   0
    GTC   0   1   1   0   1   1 |     GCC   1   0   1   2   1   0 |     GAC   0   0   0   0   0   0 |     GGC   0   0   0   0   0   0
    GTA   0   0   0   0   0   0 |     GCA   1   1   1   1   1   1 | Glu GAA   0   0   0   0   1   0 |     GGA   0   0   0   0   0   0
    GTG   1   1   1   1   1   1 |     GCG   0   1   0   0   0   0 |     GAG   1   1   1   1   1   1 |     GGG   0   0   0   0   0   0
--------------------------------------------------------------------------------------------------------------------------------------

--------------------------------------------------------------------------------------------------------------------------------------
Phe TTT   0   0   0   0   0   0 | Ser TCT   0   0   0   0   0   0 | Tyr TAT   0   0   0   0   0   0 | Cys TGT   0   0   0   0   0   0
    TTC   0   0   0   0   0   0 |     TCC   0   0   0   0   0   0 |     TAC   0   0   0   0   0   0 |     TGC   0   0   0   0   0   0
Leu TTA   0   0   0   0   0   0 |     TCA   0   0   0   0   0   0 | *** TAA   0   0   0   0   0   0 | *** TGA   0   0   0   0   0   0
    TTG   0   0   0   0   0   0 |     TCG   0   0   0   0   0   0 |     TAG   0   0   0   0   0   0 | Trp TGG   0   0   0   0   0   0
--------------------------------------------------------------------------------------------------------------------------------------
Leu CTT   0   0   0   0   1   0 | Pro CCT   0   0   0   0   0   0 | His CAT   0   0   0   0   0   0 | Arg CGT   0   0   0   0   0   0
    CTC   2   2   2   2   1   1 |     CCC   0   0   0   0   0   0 |     CAC   0   0   0   0   0   0 |     CGC   0   0   0   0   0   0
    CTA   0   0   0   0   0   0 |     CCA   0   0   0   0   0   0 | Gln CAA   1   1   1   1   1   1 |     CGA   0   0   0   0   0   0
    CTG   3   3   3   3   4   4 |     CCG   0   0   0   0   0   0 |     CAG   0   0   0   0   0   0 |     CGG   0   0   0   0   0   0
--------------------------------------------------------------------------------------------------------------------------------------
Ile ATT   0   0   0   0   0   0 | Thr ACT   0   0   0   0   0   0 | Asn AAT   0   0   0   0   0   0 | Ser AGT   0   0   0   0   0   0
    ATC   0   0   0   0   0   0 |     ACC   0   0   0   0   0   0 |     AAC   0   0   0   0   0   0 |     AGC   0   1   0   0   0   0
    ATA   0   0   0   0   0   0 |     ACA   0   0   0   0   0   0 | Lys AAA   0   0   0   0   0   0 | Arg AGA   0   0   0   0   0   0
Met ATG   1   1   1   1   1   1 |     ACG   0   0   0   0   0   0 |     AAG   0   0   0   0   0   0 |     AGG   1   0   1   1   1   1
--------------------------------------------------------------------------------------------------------------------------------------
Val GTT   0   0   0   0   0   0 | Ala GCT   0   0   0   0   0   0 | Asp GAT   0   0   0   0   0   0 | Gly GGT   0   0   0   0   0   0
    GTC   1   1   1   1   1   1 |     GCC   0   1   1   1   1   1 |     GAC   0   0   0   0   0   0 |     GGC   0   0   0   0   0   0
    GTA   0   0   0   0   0   0 |     GCA   1   1   1   1   1   1 | Glu GAA   0   0   0   0   0   0 |     GGA   0   0   0   0   0   0
    GTG   1   1   1   1   0   1 |     GCG   1   0   0   0   0   0 |     GAG   1   1   1   1   1   1 |     GGG   0   0   0   0   0   0
--------------------------------------------------------------------------------------------------------------------------------------

--------------------------------------------------------------------------------------------------------------------------------------
Phe TTT   0   0   0   0   0   0 | Ser TCT   0   0   0   0   0   0 | Tyr TAT   0   0   0   0   0   0 | Cys TGT   0   0   0   0   0   0
    TTC   0   0   0   0   0   0 |     TCC   0   0   0   0   0   0 |     TAC   0   0   0   0   0   0 |     TGC   0   0   0   0   0   0
Leu TTA   0   0   0   0   0   0 |     TCA   0   0   0   0   0   0 | *** TAA   0   0   0   0   0   0 | *** TGA   0   0   0   0   0   0
    TTG   0   0   0   0   0   0 |     TCG   0   0   0   0   0   0 |     TAG   0   0   0   0   0   0 | Trp TGG   0   0   0   0   0   0
--------------------------------------------------------------------------------------------------------------------------------------
Leu CTT   0   0   0   0   0   0 | Pro CCT   0   0   0   0   0   0 | His CAT   0   0   0   0   0   0 | Arg CGT   0   0   0   0   0   0
    CTC   2   2   2   2   2   2 |     CCC   0   0   0   0   0   0 |     CAC   0   0   0   0   0   0 |     CGC   0   0   0   0   0   0
    CTA   0   0   0   0   0   0 |     CCA   0   0   0   0   0   0 | Gln CAA   1   1   1   0   1   1 |     CGA   0   0   0   0   0   0
    CTG   3   3   3   3   3   3 |     CCG   0   0   0   0   0   0 |     CAG   0   0   0   0   0   0 |     CGG   0   0   0   0   0   0
--------------------------------------------------------------------------------------------------------------------------------------
Ile ATT   0   0   0   0   0   0 | Thr ACT   0   0   0   0   0   0 | Asn AAT   0   0   0   0   0   0 | Ser AGT   0   0   0   0   0   0
    ATC   0   0   1   0   0   0 |     ACC   0   0   0   0   0   0 |     AAC   0   0   0   0   0   0 |     AGC   1   1   0   1   0   0
    ATA   0   0   0   0   0   0 |     ACA   0   0   0   0   0   0 | Lys AAA   0   0   0   0   0   0 | Arg AGA   0   0   0   0   0   0
Met ATG   1   1   1   1   1   1 |     ACG   0   0   0   0   0   0 |     AAG   0   0   0   0   0   0 |     AGG   0   0   1   0   1   1
--------------------------------------------------------------------------------------------------------------------------------------
Val GTT   0   0   0   0   0   0 | Ala GCT   0   0   0   0   0   0 | Asp GAT   0   0   0   0   0   0 | Gly GGT   0   0   0   0   0   0
    GTC   0   1   0   1   1   1 |     GCC   1   1   1   1   1   0 |     GAC   0   0   0   0   0   0 |     GGC   0   0   0   0   0   0
    GTA   0   0   0   0   0   0 |     GCA   1   1   1   1   1   1 | Glu GAA   0   0   0   1   0   0 |     GGA   0   0   0   0   0   0
    GTG   2   1   1   1   1   1 |     GCG   0   0   0   0   0   1 |     GAG   1   1   1   1   1   1 |     GGG   0   0   0   0   0   0
--------------------------------------------------------------------------------------------------------------------------------------

--------------------------------------------------------------------------------------------------------------------------------------
Phe TTT   0   0   0   0   0   0 | Ser TCT   0   0   0   0   0   0 | Tyr TAT   0   0   0   0   0   0 | Cys TGT   0   0   0   0   0   0
    TTC   0   0   0   0   0   0 |     TCC   0   0   0   0   0   0 |     TAC   0   0   0   0   0   0 |     TGC   0   0   0   0   0   0
Leu TTA   0   0   0   0   0   0 |     TCA   0   0   0   0   0   0 | *** TAA   0   0   0   0   0   0 | *** TGA   0   0   0   0   0   0
    TTG   0   0   0   0   0   0 |     TCG   0   0   0   0   0   0 |     TAG   0   0   0   0   0   0 | Trp TGG   0   0   0   0   0   0
--------------------------------------------------------------------------------------------------------------------------------------
Leu CTT   1   1   0   0   0   0 | Pro CCT   0   0   0   0   0   0 | His CAT   0   0   0   0   0   0 | Arg CGT   0   0   0   0   0   0
    CTC   1   1   2   2   2   2 |     CCC   0   0   0   0   0   0 |     CAC   0   0   0   0   0   0 |     CGC   0   0   0   0   0   0
    CTA   0   0   0   0   0   0 |     CCA   0   0   0   0   0   0 | Gln CAA   1   1   1   1   1   0 |     CGA   0   0   0   0   0   0
    CTG   3   3   3   3   3   3 |     CCG   0   0   0   0   0   0 |     CAG   0   0   0   0   0   0 |     CGG   0   0   0   0   0   0
--------------------------------------------------------------------------------------------------------------------------------------
Ile ATT   0   0   0   0   0   0 | Thr ACT   0   0   0   0   0   0 | Asn AAT   0   0   0   0   0   0 | Ser AGT   0   0   0   0   0   0
    ATC   0   1   0   0   0   0 |     ACC   0   0   0   0   0   0 |     AAC   0   0   0   0   0   0 |     AGC   2   1   0   0   0   1
    ATA   0   0   0   0   0   0 |     ACA   0   0   0   0   0   0 | Lys AAA   0   0   0   0   0   0 | Arg AGA   0   0   0   0   0   0
Met ATG   1   1   1   1   1   1 |     ACG   0   0   0   0   0   0 |     AAG   0   0   0   0   0   0 |     AGG   0   0   1   1   1   0
--------------------------------------------------------------------------------------------------------------------------------------
Val GTT   0   0   0   0   0   0 | Ala GCT   0   0   0   0   0   0 | Asp GAT   0   0   0   0   0   0 | Gly GGT   0   0   0   0   0   0
    GTC   1   1   1   1   1   1 |     GCC   0   0   0   1   1   1 |     GAC   0   0   0   0   0   0 |     GGC   0   0   0   0   0   0
    GTA   0   0   0   0   0   0 |     GCA   1   1   1   1   1   1 | Glu GAA   0   0   0   0   0   1 |     GGA   0   0   0   0   0   0
    GTG   1   0   1   1   1   1 |     GCG   0   1   1   0   0   0 |     GAG   1   1   1   1   1   1 |     GGG   0   0   0   0   0   0
--------------------------------------------------------------------------------------------------------------------------------------

--------------------------------------------------------------------------------------------------------------------------------------
Phe TTT   0   0   0   0   0   0 | Ser TCT   0   0   0   0   0   0 | Tyr TAT   0   0   0   0   0   0 | Cys TGT   0   0   0   0   0   0
    TTC   0   0   0   0   0   0 |     TCC   0   0   0   0   0   0 |     TAC   0   0   0   0   0   0 |     TGC   0   0   0   0   0   0
Leu TTA   0   0   0   0   0   0 |     TCA   0   0   0   0   0   0 | *** TAA   0   0   0   0   0   0 | *** TGA   0   0   0   0   0   0
    TTG   0   0   0   0   0   0 |     TCG   0   0   0   0   0   0 |     TAG   0   0   0   0   0   0 | Trp TGG   0   0   0   0   0   0
--------------------------------------------------------------------------------------------------------------------------------------
Leu CTT   0   0   1   0   1   0 | Pro CCT   0   0   0   0   0   0 | His CAT   0   0   0   0   0   0 | Arg CGT   0   0   0   0   0   0
    CTC   2   2   1   2   2   2 |     CCC   0   0   0   0   0   0 |     CAC   0   0   0   0   0   0 |     CGC   0   0   0   0   0   0
    CTA   0   0   0   0   0   0 |     CCA   0   0   0   0   0   0 | Gln CAA   1   0   1   0   0   1 |     CGA   0   0   0   0   0   0
    CTG   3   3   3   3   2   3 |     CCG   0   0   0   0   0   0 |     CAG   0   0   0   0   1   0 |     CGG   0   0   0   0   0   0
--------------------------------------------------------------------------------------------------------------------------------------
Ile ATT   0   0   0   0   0   0 | Thr ACT   0   0   0   0   0   0 | Asn AAT   0   0   0   0   0   0 | Ser AGT   0   0   0   0   0   0
    ATC   0   0   1   0   0   0 |     ACC   0   0   0   0   0   0 |     AAC   0   0   0   0   0   0 |     AGC   0   1   1   0   1   0
    ATA   0   0   0   0   0   0 |     ACA   0   0   0   0   0   0 | Lys AAA   0   0   0   1   0   0 | Arg AGA   0   0   0   0   0   0
Met ATG   1   1   1   1   1   1 |     ACG   0   0   0   0   0   0 |     AAG   0   0   0   0   0   0 |     AGG   1   0   0   1   0   1
--------------------------------------------------------------------------------------------------------------------------------------
Val GTT   0   0   0   0   0   0 | Ala GCT   0   0   0   0   0   0 | Asp GAT   0   0   0   0   0   0 | Gly GGT   0   0   0   0   0   0
    GTC   1   1   1   1   1   1 |     GCC   1   1   0   1   1   1 |     GAC   0   0   0   0   0   0 |     GGC   0   0   0   0   0   0
    GTA   0   0   0   0   0   0 |     GCA   1   1   1   1   1   1 | Glu GAA   0   1   0   0   0   0 |     GGA   0   0   0   0   0   0
    GTG   1   1   1   1   1   1 |     GCG   0   0   0   0   0   0 |     GAG   1   1   1   1   1   1 |     GGG   0   0   0   0   0   0
--------------------------------------------------------------------------------------------------------------------------------------

--------------------------------------------------------------------------------------------------------------------------------------
Phe TTT   0   0   0   0   0   0 | Ser TCT   0   0   0   0   0   0 | Tyr TAT   0   0   0   0   0   0 | Cys TGT   0   0   0   0   0   0
    TTC   0   0   0   0   0   0 |     TCC   0   0   0   0   0   0 |     TAC   0   0   0   0   0   0 |     TGC   0   0   0   0   0   0
Leu TTA   0   0   0   0   0   0 |     TCA   0   0   0   0   0   0 | *** TAA   0   0   0   0   0   0 | *** TGA   0   0   0   0   0   0
    TTG   0   0   0   0   0   0 |     TCG   0   0   0   0   0   0 |     TAG   0   0   0   0   0   0 | Trp TGG   0   0   0   0   0   0
--------------------------------------------------------------------------------------------------------------------------------------
Leu CTT   0   0   0   0   0   1 | Pro CCT   0   0   0   0   0   0 | His CAT   0   0   0   0   0   0 | Arg CGT   0   0   0   0   0   0
    CTC   2   2   2   2   2   1 |     CCC   0   0   0   0   0   0 |     CAC   0   0   0   0   0   0 |     CGC   0   0   0   0   0   0
    CTA   0   0   0   0   0   0 |     CCA   0   0   0   0   0   0 | Gln CAA   1   1   1   1   1   1 |     CGA   0   0   0   0   0   0
    CTG   3   3   3   3   3   3 |     CCG   0   0   0   0   0   0 |     CAG   0   0   0   0   0   0 |     CGG   0   0   0   0   0   0
--------------------------------------------------------------------------------------------------------------------------------------
Ile ATT   0   0   0   0   0   0 | Thr ACT   0   0   0   0   0   0 | Asn AAT   0   0   0   0   0   0 | Ser AGT   0   0   0   1   0   0
    ATC   0   0   0   0   0   1 |     ACC   0   0   0   0   0   0 |     AAC   0   0   0   0   0   0 |     AGC   0   1   0   0   0   1
    ATA   0   0   0   0   0   0 |     ACA   0   0   0   0   0   0 | Lys AAA   0   0   0   0   0   0 | Arg AGA   0   0   0   0   0   0
Met ATG   1   1   1   1   1   1 |     ACG   0   0   0   0   0   0 |     AAG   0   0   0   0   0   0 |     AGG   1   0   1   0   1   0
--------------------------------------------------------------------------------------------------------------------------------------
Val GTT   0   0   0   0   0   0 | Ala GCT   0   0   0   0   0   0 | Asp GAT   0   0   0   0   0   0 | Gly GGT   0   0   0   0   0   0
    GTC   1   1   1   1   1   1 |     GCC   1   1   0   1   1   0 |     GAC   0   0   0   0   0   0 |     GGC   0   0   0   0   0   0
    GTA   0   0   0   0   0   0 |     GCA   1   1   1   1   1   1 | Glu GAA   0   0   0   0   0   0 |     GGA   0   0   0   0   0   0
    GTG   1   1   1   1   1   1 |     GCG   0   0   1   0   0   0 |     GAG   1   1   1   1   1   1 |     GGG   0   0   0   0   0   0
--------------------------------------------------------------------------------------------------------------------------------------

--------------------------------------------------------------------------------------------------------------------------------------
Phe TTT   0   0   0   0   0   0 | Ser TCT   0   0   0   0   0   0 | Tyr TAT   0   0   0   0   0   0 | Cys TGT   0   0   0   0   0   0
    TTC   0   0   0   0   0   0 |     TCC   0   0   0   0   0   0 |     TAC   0   0   0   0   0   0 |     TGC   0   0   0   0   0   0
Leu TTA   0   0   0   0   0   0 |     TCA   0   0   0   0   0   0 | *** TAA   0   0   0   0   0   0 | *** TGA   0   0   0   0   0   0
    TTG   0   0   0   0   0   0 |     TCG   0   0   0   0   0   0 |     TAG   0   0   0   0   0   0 | Trp TGG   0   0   0   0   0   0
--------------------------------------------------------------------------------------------------------------------------------------
Leu CTT   1   0   1   1   0   0 | Pro CCT   0   0   0   0   0   0 | His CAT   0   0   0   0   0   0 | Arg CGT   0   0   0   0   0   0
    CTC   1   2   1   1   2   2 |     CCC   0   0   0   0   0   0 |     CAC   0   0   0   0   0   0 |     CGC   0   0   0   0   0   0
    CTA   0   0   0   0   0   0 |     CCA   0   0   0   0   0   0 | Gln CAA   1   1   1   1   1   1 |     CGA   0   0   0   0   0   0
    CTG   3   3   3   3   3   3 |     CCG   0   0   0   0   0   0 |     CAG   0   0   0   0   0   0 |     CGG   0   0   0   0   0   0
--------------------------------------------------------------------------------------------------------------------------------------
Ile ATT   0   0   0   0   0   0 | Thr ACT   0   0   0   0   0   0 | Asn AAT   0   0   0   0   0   0 | Ser AGT   0   0   0   0   0   0
    ATC   0   0   1   1   0   0 |     ACC   0   0   0   0   0   0 |     AAC   0   0   0   0   0   0 |     AGC   2   0   1   1   1   0
    ATA   0   0   0   0   0   0 |     ACA   0   0   0   0   0   0 | Lys AAA   0   0   0   0   0   0 | Arg AGA   0   0   0   0   0   0
Met ATG   1   1   1   1   1   1 |     ACG   0   0   0   0   0   0 |     AAG   0   0   0   0   0   0 |     AGG   0   1   0   0   0   1
--------------------------------------------------------------------------------------------------------------------------------------
Val GTT   0   0   0   0   0   0 | Ala GCT   0   0   0   0   0   0 | Asp GAT   0   0   0   0   0   0 | Gly GGT   0   0   0   0   0   0
    GTC   1   1   1   1   1   1 |     GCC   0   1   0   0   1   0 |     GAC   0   0   0   0   0   0 |     GGC   0   0   0   0   0   0
    GTA   0   0   0   0   0   0 |     GCA   1   1   1   1   1   1 | Glu GAA   0   0   0   0   0   0 |     GGA   0   0   0   0   0   0
    GTG   1   1   1   0   1   1 |     GCG   0   0   0   1   0   1 |     GAG   1   1   1   1   1   1 |     GGG   0   0   0   0   0   0
--------------------------------------------------------------------------------------------------------------------------------------

--------------------------------------------------------------------------------------------------------------------------------------
Phe TTT   0   0   0   0   0   0 | Ser TCT   0   0   0   0   0   0 | Tyr TAT   0   0   0   0   0   0 | Cys TGT   0   0   0   0   0   0
    TTC   0   0   0   0   0   0 |     TCC   0   0   0   0   0   0 |     TAC   0   0   0   0   0   0 |     TGC   0   0   0   0   0   0
Leu TTA   0   0   0   0   0   0 |     TCA   0   0   0   0   0   0 | *** TAA   0   0   0   0   0   0 | *** TGA   0   0   0   0   0   0
    TTG   0   0   0   0   0   0 |     TCG   0   0   0   0   0   0 |     TAG   0   0   0   0   0   0 | Trp TGG   0   0   0   0   0   0
--------------------------------------------------------------------------------------------------------------------------------------
Leu CTT   0   0   0   0   0   0 | Pro CCT   0   0   0   0   0   0 | His CAT   0   0   0   0   0   0 | Arg CGT   0   0   0   0   0   0
    CTC   2   2   2   2   2   2 |     CCC   0   0   0   0   0   0 |     CAC   0   0   0   0   0   0 |     CGC   0   0   0   0   0   0
    CTA   0   0   0   0   0   0 |     CCA   0   0   1   0   0   0 | Gln CAA   1   1   0   1   0   0 |     CGA   0   0   0   0   0   0
    CTG   3   3   3   3   3   3 |     CCG   0   0   0   0   0   0 |     CAG   0   0   0   0   0   0 |     CGG   0   0   0   0   0   0
--------------------------------------------------------------------------------------------------------------------------------------
Ile ATT   0   0   0   0   0   0 | Thr ACT   0   0   0   0   0   0 | Asn AAT   0   0   0   0   0   0 | Ser AGT   0   0   0   0   0   0
    ATC   0   0   0   0   0   0 |     ACC   0   0   0   0   0   0 |     AAC   0   0   0   0   0   0 |     AGC   0   0   0   1   1   1
    ATA   0   0   0   0   0   0 |     ACA   0   0   0   0   0   0 | Lys AAA   0   0   0   0   0   0 | Arg AGA   0   0   0   0   0   0
Met ATG   1   1   1   1   1   1 |     ACG   0   0   0   0   0   0 |     AAG   0   0   0   0   0   0 |     AGG   1   1   1   0   0   0
--------------------------------------------------------------------------------------------------------------------------------------
Val GTT   0   0   0   0   0   0 | Ala GCT   0   0   0   0   0   0 | Asp GAT   0   0   0   0   0   0 | Gly GGT   0   0   0   0   0   0
    GTC   1   1   1   1   1   1 |     GCC   1   1   1   1   1   1 |     GAC   0   0   0   0   0   0 |     GGC   0   0   0   0   0   0
    GTA   0   0   0   0   0   0 |     GCA   1   1   1   1   1   1 | Glu GAA   0   0   0   0   1   1 |     GGA   0   0   0   0   0   0
    GTG   1   1   1   1   1   1 |     GCG   0   0   0   0   0   0 |     GAG   1   1   1   1   1   1 |     GGG   0   0   0   0   0   0
--------------------------------------------------------------------------------------------------------------------------------------

Codon position x base (3x4) table for each sequence.

#1: Argali         
position  1:    T:0.00000    C:0.46154    A:0.15385    G:0.38462
position  2:    T:0.61538    C:0.15385    A:0.15385    G:0.07692
position  3:    T:0.00000    C:0.23077    A:0.15385    G:0.61538
Average         T:0.20513    C:0.28205    A:0.15385    G:0.35897

#2: LesserMouseDeer
position  1:    T:0.00000    C:0.46154    A:0.15385    G:0.38462
position  2:    T:0.61538    C:0.15385    A:0.15385    G:0.07692
position  3:    T:0.00000    C:0.38462    A:0.15385    G:0.46154
Average         T:0.20513    C:0.33333    A:0.15385    G:0.30769

#3: LesserKudu     
position  1:    T:0.00000    C:0.46154    A:0.15385    G:0.38462
position  2:    T:0.61538    C:0.15385    A:0.15385    G:0.07692
position  3:    T:0.00000    C:0.38462    A:0.15385    G:0.46154
Average         T:0.20513    C:0.33333    A:0.15385    G:0.30769

#4: ForestMuskDeer2
position  1:    T:0.00000    C:0.46154    A:0.15385    G:0.38462
position  2:    T:0.61538    C:0.15385    A:0.15385    G:0.07692
position  3:    T:0.00000    C:0.38462    A:0.15385    G:0.46154
Average         T:0.20513    C:0.33333    A:0.15385    G:0.30769

#5: Camel          
position  1:    T:0.00000    C:0.46154    A:0.15385    G:0.38462
position  2:    T:0.61538    C:0.15385    A:0.15385    G:0.07692
position  3:    T:0.07692    C:0.30769    A:0.15385    G:0.46154
Average         T:0.23077    C:0.30769    A:0.15385    G:0.30769

#6: KillerWhale    
position  1:    T:0.00000    C:0.46154    A:0.15385    G:0.38462
position  2:    T:0.61538    C:0.15385    A:0.15385    G:0.07692
position  3:    T:0.00000    C:0.38462    A:0.15385    G:0.46154
Average         T:0.20513    C:0.33333    A:0.15385    G:0.30769

#7: DefassaWaterbuck
position  1:    T:0.00000    C:0.46154    A:0.23077    G:0.30769
position  2:    T:0.61538    C:0.15385    A:0.15385    G:0.07692
position  3:    T:0.07692    C:0.30769    A:0.15385    G:0.46154
Average         T:0.23077    C:0.30769    A:0.17949    G:0.28205

#8: Sheep          
position  1:    T:0.00000    C:0.46154    A:0.15385    G:0.38462
position  2:    T:0.61538    C:0.15385    A:0.15385    G:0.07692
position  3:    T:0.00000    C:0.23077    A:0.15385    G:0.61538
Average         T:0.20513    C:0.28205    A:0.15385    G:0.35897

#9: MaxwellsDuiker 
position  1:    T:0.00000    C:0.46154    A:0.15385    G:0.38462
position  2:    T:0.61538    C:0.15385    A:0.15385    G:0.07692
position  3:    T:0.00000    C:0.30769    A:0.15385    G:0.53846
Average         T:0.20513    C:0.30769    A:0.15385    G:0.33333

#10: GazellaPrzewalskyi
position  1:    T:0.00000    C:0.46154    A:0.15385    G:0.38462
position  2:    T:0.53846    C:0.23077    A:0.15385    G:0.07692
position  3:    T:0.00000    C:0.30769    A:0.15385    G:0.53846
Average         T:0.17949    C:0.33333    A:0.15385    G:0.33333

#11: MountainNyala  
position  1:    T:0.00000    C:0.38462    A:0.15385    G:0.46154
position  2:    T:0.61538    C:0.15385    A:0.15385    G:0.07692
position  3:    T:0.00000    C:0.38462    A:0.15385    G:0.46154
Average         T:0.20513    C:0.30769    A:0.15385    G:0.33333

#12: MuntiacusMuntjak
position  1:    T:0.00000    C:0.46154    A:0.23077    G:0.30769
position  2:    T:0.69231    C:0.07692    A:0.15385    G:0.07692
position  3:    T:0.07692    C:0.30769    A:0.15385    G:0.46154
Average         T:0.25641    C:0.28205    A:0.17949    G:0.28205

#13: goat           
position  1:    T:0.00000    C:0.46154    A:0.15385    G:0.38462
position  2:    T:0.61538    C:0.15385    A:0.15385    G:0.07692
position  3:    T:0.00000    C:0.23077    A:0.15385    G:0.61538
Average         T:0.20513    C:0.28205    A:0.15385    G:0.35897

#14: AfricanBuffalo 
position  1:    T:0.00000    C:0.46154    A:0.15385    G:0.38462
position  2:    T:0.61538    C:0.15385    A:0.15385    G:0.07692
position  3:    T:0.00000    C:0.38462    A:0.15385    G:0.46154
Average         T:0.20513    C:0.33333    A:0.15385    G:0.30769

#15: Topi           
position  1:    T:0.00000    C:0.46154    A:0.15385    G:0.38462
position  2:    T:0.61538    C:0.15385    A:0.15385    G:0.07692
position  3:    T:0.00000    C:0.30769    A:0.15385    G:0.53846
Average         T:0.20513    C:0.30769    A:0.15385    G:0.33333

#16: CommonDuiker   
position  1:    T:0.00000    C:0.46154    A:0.15385    G:0.38462
position  2:    T:0.61538    C:0.15385    A:0.15385    G:0.07692
position  3:    T:0.00000    C:0.30769    A:0.15385    G:0.53846
Average         T:0.20513    C:0.30769    A:0.15385    G:0.33333

#17: Suni           
position  1:    T:0.00000    C:0.53846    A:0.15385    G:0.30769
position  2:    T:0.61538    C:0.15385    A:0.15385    G:0.07692
position  3:    T:0.07692    C:0.23077    A:0.15385    G:0.53846
Average         T:0.23077    C:0.30769    A:0.15385    G:0.30769

#18: Springbuck     
position  1:    T:0.00000    C:0.46154    A:0.15385    G:0.38462
position  2:    T:0.61538    C:0.15385    A:0.15385    G:0.07692
position  3:    T:0.00000    C:0.23077    A:0.15385    G:0.61538
Average         T:0.20513    C:0.28205    A:0.15385    G:0.35897

#19: Okapi          
position  1:    T:0.00000    C:0.46154    A:0.15385    G:0.38462
position  2:    T:0.61538    C:0.15385    A:0.15385    G:0.07692
position  3:    T:0.00000    C:0.30769    A:0.15385    G:0.53846
Average         T:0.20513    C:0.30769    A:0.15385    G:0.33333

#20: Giraffe        
position  1:    T:0.00000    C:0.46154    A:0.15385    G:0.38462
position  2:    T:0.61538    C:0.15385    A:0.15385    G:0.07692
position  3:    T:0.00000    C:0.38462    A:0.15385    G:0.46154
Average         T:0.20513    C:0.33333    A:0.15385    G:0.30769

#21: TibetanAntelope
position  1:    T:0.00000    C:0.46154    A:0.23077    G:0.30769
position  2:    T:0.61538    C:0.15385    A:0.15385    G:0.07692
position  3:    T:0.00000    C:0.30769    A:0.15385    G:0.53846
Average         T:0.20513    C:0.30769    A:0.17949    G:0.30769

#22: Sitatunga      
position  1:    T:0.00000    C:0.38462    A:0.15385    G:0.46154
position  2:    T:0.61538    C:0.15385    A:0.15385    G:0.07692
position  3:    T:0.00000    C:0.38462    A:0.15385    G:0.46154
Average         T:0.20513    C:0.30769    A:0.15385    G:0.33333

#23: Oribi          
position  1:    T:0.00000    C:0.46154    A:0.15385    G:0.38462
position  2:    T:0.61538    C:0.15385    A:0.15385    G:0.07692
position  3:    T:0.00000    C:0.30769    A:0.15385    G:0.53846
Average         T:0.20513    C:0.30769    A:0.15385    G:0.33333

#24: BarbarySheep   
position  1:    T:0.00000    C:0.46154    A:0.15385    G:0.38462
position  2:    T:0.61538    C:0.15385    A:0.15385    G:0.07692
position  3:    T:0.00000    C:0.23077    A:0.15385    G:0.61538
Average         T:0.20513    C:0.28205    A:0.15385    G:0.35897

#25: Daviddeer      
position  1:    T:0.00000    C:0.46154    A:0.23077    G:0.30769
position  2:    T:0.61538    C:0.07692    A:0.15385    G:0.15385
position  3:    T:0.07692    C:0.30769    A:0.15385    G:0.46154
Average         T:0.23077    C:0.28205    A:0.17949    G:0.30769

#26: Reindeer       
position  1:    T:0.00000    C:0.46154    A:0.23077    G:0.30769
position  2:    T:0.61538    C:0.15385    A:0.15385    G:0.07692
position  3:    T:0.07692    C:0.30769    A:0.15385    G:0.46154
Average         T:0.23077    C:0.30769    A:0.17949    G:0.28205

#27: Ibex           
position  1:    T:0.00000    C:0.46154    A:0.15385    G:0.38462
position  2:    T:0.61538    C:0.15385    A:0.15385    G:0.07692
position  3:    T:0.00000    C:0.23077    A:0.15385    G:0.61538
Average         T:0.20513    C:0.28205    A:0.15385    G:0.35897

#28: GyrantGazelle  
position  1:    T:0.00000    C:0.46154    A:0.15385    G:0.38462
position  2:    T:0.61538    C:0.15385    A:0.15385    G:0.07692
position  3:    T:0.00000    C:0.30769    A:0.15385    G:0.53846
Average         T:0.20513    C:0.30769    A:0.15385    G:0.33333

#29: Hartebeest     
position  1:    T:0.00000    C:0.46154    A:0.15385    G:0.38462
position  2:    T:0.61538    C:0.15385    A:0.15385    G:0.07692
position  3:    T:0.00000    C:0.30769    A:0.15385    G:0.53846
Average         T:0.20513    C:0.30769    A:0.15385    G:0.33333

#30: Bongo          
position  1:    T:0.00000    C:0.38462    A:0.15385    G:0.46154
position  2:    T:0.61538    C:0.15385    A:0.15385    G:0.07692
position  3:    T:0.00000    C:0.38462    A:0.15385    G:0.46154
Average         T:0.20513    C:0.30769    A:0.15385    G:0.33333

#31: Gerenuk        
position  1:    T:0.00000    C:0.46154    A:0.15385    G:0.38462
position  2:    T:0.61538    C:0.15385    A:0.15385    G:0.07692
position  3:    T:0.00000    C:0.30769    A:0.15385    G:0.53846
Average         T:0.20513    C:0.30769    A:0.15385    G:0.33333

#32: CommonEland    
position  1:    T:0.00000    C:0.38462    A:0.15385    G:0.46154
position  2:    T:0.61538    C:0.15385    A:0.15385    G:0.07692
position  3:    T:0.00000    C:0.38462    A:0.15385    G:0.46154
Average         T:0.20513    C:0.30769    A:0.15385    G:0.33333

#33: MuntiacusReevesi
position  1:    T:0.00000    C:0.46154    A:0.23077    G:0.30769
position  2:    T:0.69231    C:0.07692    A:0.15385    G:0.07692
position  3:    T:0.07692    C:0.30769    A:0.15385    G:0.46154
Average         T:0.25641    C:0.28205    A:0.17949    G:0.28205

#34: HarveysDuiker  
position  1:    T:0.00000    C:0.38462    A:0.23077    G:0.38462
position  2:    T:0.61538    C:0.15385    A:0.15385    G:0.07692
position  3:    T:0.00000    C:0.30769    A:0.15385    G:0.53846
Average         T:0.20513    C:0.28205    A:0.17949    G:0.33333

#35: Pronghorn      
position  1:    T:0.00000    C:0.46154    A:0.15385    G:0.38462
position  2:    T:0.61538    C:0.15385    A:0.15385    G:0.07692
position  3:    T:0.07692    C:0.38462    A:0.07692    G:0.46154
Average         T:0.23077    C:0.33333    A:0.12821    G:0.30769

#36: BlueWildebeest 
position  1:    T:0.00000    C:0.46154    A:0.15385    G:0.38462
position  2:    T:0.61538    C:0.15385    A:0.15385    G:0.07692
position  3:    T:0.00000    C:0.30769    A:0.15385    G:0.53846
Average         T:0.20513    C:0.30769    A:0.15385    G:0.33333

#37: Gemsbok        
position  1:    T:0.00000    C:0.46154    A:0.15385    G:0.38462
position  2:    T:0.61538    C:0.15385    A:0.15385    G:0.07692
position  3:    T:0.00000    C:0.30769    A:0.15385    G:0.53846
Average         T:0.20513    C:0.30769    A:0.15385    G:0.33333

#38: Yak            
position  1:    T:0.00000    C:0.46154    A:0.15385    G:0.38462
position  2:    T:0.61538    C:0.15385    A:0.15385    G:0.07692
position  3:    T:0.00000    C:0.38462    A:0.15385    G:0.46154
Average         T:0.20513    C:0.33333    A:0.15385    G:0.30769

#39: BlueSheep      
position  1:    T:0.00000    C:0.46154    A:0.15385    G:0.38462
position  2:    T:0.61538    C:0.15385    A:0.15385    G:0.07692
position  3:    T:0.00000    C:0.23077    A:0.15385    G:0.61538
Average         T:0.20513    C:0.28205    A:0.15385    G:0.35897

#40: BohorReedbuck  
position  1:    T:0.00000    C:0.46154    A:0.15385    G:0.38462
position  2:    T:0.61538    C:0.15385    A:0.15385    G:0.07692
position  3:    T:0.07692    C:0.30769    A:0.15385    G:0.46154
Average         T:0.23077    C:0.30769    A:0.15385    G:0.30769

#41: KirksDik       
position  1:    T:0.00000    C:0.46154    A:0.15385    G:0.38462
position  2:    T:0.61538    C:0.15385    A:0.15385    G:0.07692
position  3:    T:0.00000    C:0.30769    A:0.15385    G:0.53846
Average         T:0.20513    C:0.30769    A:0.15385    G:0.33333

#42: RoeDeer        
position  1:    T:0.00000    C:0.46154    A:0.23077    G:0.30769
position  2:    T:0.69231    C:0.07692    A:0.15385    G:0.07692
position  3:    T:0.07692    C:0.30769    A:0.15385    G:0.46154
Average         T:0.25641    C:0.28205    A:0.17949    G:0.28205

#43: WhiteLippedDeer
position  1:    T:0.00000    C:0.46154    A:0.23077    G:0.30769
position  2:    T:0.61538    C:0.07692    A:0.15385    G:0.15385
position  3:    T:0.07692    C:0.30769    A:0.15385    G:0.46154
Average         T:0.23077    C:0.28205    A:0.17949    G:0.30769

#44: ThomsonGazelle 
position  1:    T:0.00000    C:0.46154    A:0.15385    G:0.38462
position  2:    T:0.61538    C:0.15385    A:0.15385    G:0.07692
position  3:    T:0.00000    C:0.30769    A:0.15385    G:0.53846
Average         T:0.20513    C:0.30769    A:0.15385    G:0.33333

#45: MuntiacusCrinifrons
position  1:    T:0.00000    C:0.46154    A:0.23077    G:0.30769
position  2:    T:0.69231    C:0.07692    A:0.15385    G:0.07692
position  3:    T:0.07692    C:0.30769    A:0.15385    G:0.46154
Average         T:0.25641    C:0.28205    A:0.17949    G:0.28205

#46: WhiteTailedDeer
position  1:    T:0.00000    C:0.46154    A:0.23077    G:0.30769
position  2:    T:0.61538    C:0.15385    A:0.15385    G:0.07692
position  3:    T:0.07692    C:0.30769    A:0.15385    G:0.46154
Average         T:0.23077    C:0.30769    A:0.17949    G:0.28205

#47: Cattle         
position  1:    T:0.00000    C:0.46154    A:0.15385    G:0.38462
position  2:    T:0.61538    C:0.15385    A:0.15385    G:0.07692
position  3:    T:0.00000    C:0.38462    A:0.15385    G:0.46154
Average         T:0.20513    C:0.33333    A:0.15385    G:0.30769

#48: RoyalAntelope  
position  1:    T:0.00000    C:0.46154    A:0.15385    G:0.38462
position  2:    T:0.61538    C:0.15385    A:0.15385    G:0.07692
position  3:    T:0.00000    C:0.23077    A:0.15385    G:0.61538
Average         T:0.20513    C:0.28205    A:0.15385    G:0.35897

#49: Steenbok       
position  1:    T:0.00000    C:0.46154    A:0.15385    G:0.38462
position  2:    T:0.61538    C:0.15385    A:0.15385    G:0.07692
position  3:    T:0.00000    C:0.30769    A:0.15385    G:0.53846
Average         T:0.20513    C:0.30769    A:0.15385    G:0.33333

#50: Impala         
position  1:    T:0.00000    C:0.46154    A:0.15385    G:0.38462
position  2:    T:0.61538    C:0.15385    A:0.15385    G:0.07692
position  3:    T:0.00000    C:0.30769    A:0.15385    G:0.53846
Average         T:0.20513    C:0.30769    A:0.15385    G:0.33333

#51: Klipspringer   
position  1:    T:0.00000    C:0.46154    A:0.15385    G:0.38462
position  2:    T:0.61538    C:0.23077    A:0.07692    G:0.07692
