CODONML (in paml version 4.10.7, June 2023)  /home/rachel/ruminants_paml/6406-phy-tree/ENSBTAT00000024161.fasta.phy
Model: free dN/dS Ratios for branches,  kappa = 2.000 fixed

Codon frequency model: F3x4
ns =  54  ls =  37

Codon usage in sequences
--------------------------------------------------------------------------------------------------------------------------------------
Phe TTT   2   0   2   2   0   0 | Ser TCT   0   0   0   0   0   0 | Tyr TAT   2   2   2   2   1   2 | Cys TGT   2   2   2   2   2   2
    TTC   1   1   1   1   1   1 |     TCC   0   0   0   0   0   0 |     TAC   0   0   0   0   1   0 |     TGC   1   1   1   0   1   1
Leu TTA   0   0   0   0   0   1 |     TCA   0   0   1   0   0   0 | *** TAA   0   0   0   0   0   0 | *** TGA   0   0   0   0   0   0
    TTG   1   0   1   1   2   1 |     TCG   0   0   0   0   0   0 |     TAG   0   0   0   0   0   0 | Trp TGG   0   0   0   0   0   0
--------------------------------------------------------------------------------------------------------------------------------------
Leu CTT   0   0   0   0   0   0 | Pro CCT   2   2   2   2   2   2 | His CAT   0   0   0   0   0   0 | Arg CGT   2   2   2   2   1   1
    CTC   1   1   1   1   0   1 |     CCC   0   0   0   0   0   0 |     CAC   0   0   0   0   1   1 |     CGC   0   0   0   1   0   0
    CTA   1   1   1   1   1   1 |     CCA   1   0   0   1   0   0 | Gln CAA   0   0   0   0   0   0 |     CGA   0   0   0   0   0   0
    CTG   1   2   1   1   1   1 |     CCG   0   0   0   0   0   0 |     CAG   1   1   1   1   1   1 |     CGG   0   0   0   0   0   0
--------------------------------------------------------------------------------------------------------------------------------------
Ile ATT   0   0   0   0   1   0 | Thr ACT   0   0   0   0   0   0 | Asn AAT   2   2   2   2   2   2 | Ser AGT   0   0   0   0   1   1
    ATC   1   1   1   1   1   1 |     ACC   0   1   0   0   0   0 |     AAC   0   1   0   0   0   0 |     AGC   0   0   0   0   0   0
    ATA   0   0   0   0   0   0 |     ACA   0   0   0   0   0   0 | Lys AAA   3   3   3   3   3   3 | Arg AGA   0   0   0   0   0   0
Met ATG   0   0   0   0   0   0 |     ACG   2   1   2   2   2   1 |     AAG   2   2   2   2   2   3 |     AGG   0   0   0   0   0   0
--------------------------------------------------------------------------------------------------------------------------------------
Val GTT   0   2   0   0   0   0 | Ala GCT   1   2   1   1   2   2 | Asp GAT   1   1   1   1   1   1 | Gly GGT   1   0   1   1   0   0
    GTC   1   0   1   1   1   1 |     GCC   0   0   0   0   0   0 |     GAC   0   0   0   0   0   0 |     GGC   0   0   0   0   0   0
    GTA   2   1   2   2   3   3 |     GCA   0   0   0   0   0   0 | Glu GAA   1   0   1   1   0   0 |     GGA   0   1   0   0   1   1
    GTG   0   2   0   0   0   0 |     GCG   0   0   0   0   0   0 |     GAG   1   1   1   1   1   1 |     GGG   1   1   1   1   1   1
--------------------------------------------------------------------------------------------------------------------------------------

--------------------------------------------------------------------------------------------------------------------------------------
Phe TTT   2   2   0   2   2   2 | Ser TCT   0   0   0   0   0   0 | Tyr TAT   2   2   3   2   2   2 | Cys TGT   2   2   3   2   2   2
    TTC   1   1   1   2   1   1 |     TCC   0   0   0   0   0   0 |     TAC   0   0   0   0   0   0 |     TGC   1   1   1   1   1   1
Leu TTA   0   0   0   0   0   0 |     TCA   0   0   0   0   0   0 | *** TAA   0   0   0   0   0   0 | *** TGA   0   0   0   0   0   0
    TTG   1   1   2   1   1   1 |     TCG   0   0   0   0   0   0 |     TAG   0   0   0   0   0   0 | Trp TGG   0   0   0   0   0   0
--------------------------------------------------------------------------------------------------------------------------------------
Leu CTT   0   0   0   0   0   0 | Pro CCT   2   2   2   2   2   2 | His CAT   0   0   0   0   0   0 | Arg CGT   2   2   0   2   2   2
    CTC   1   1   1   1   1   1 |     CCC   0   0   0   0   0   0 |     CAC   0   0   0   0   0   0 |     CGC   0   0   0   0   0   0
    CTA   1   1   2   1   1   1 |     CCA   1   1   0   1   1   1 | Gln CAA   0   0   0   0   0   0 |     CGA   0   0   0   0   0   0
    CTG   1   1   0   1   1   1 |     CCG   0   0   1   0   0   0 |     CAG   1   1   1   1   1   1 |     CGG   0   0   0   0   0   0
--------------------------------------------------------------------------------------------------------------------------------------
Ile ATT   0   0   0   0   0   0 | Thr ACT   0   0   0   0   0   0 | Asn AAT   2   2   2   2   2   2 | Ser AGT   0   0   0   0   0   1
    ATC   1   1   2   1   1   1 |     ACC   0   0   0   0   0   0 |     AAC   0   0   0   0   0   0 |     AGC   0   0   1   0   0   0
    ATA   0   0   0   0   0   0 |     ACA   0   0   2   0   0   0 | Lys AAA   3   3   3   3   3   3 | Arg AGA   0   0   0   0   0   0
Met ATG   0   0   0   0   0   0 |     ACG   2   2   1   2   2   1 |     AAG   2   2   2   2   2   2 |     AGG   0   0   0   0   0   0
--------------------------------------------------------------------------------------------------------------------------------------
Val GTT   0   0   1   0   0   0 | Ala GCT   1   1   1   1   1   1 | Asp GAT   1   1   1   1   1   1 | Gly GGT   1   1   0   1   1   0
    GTC   1   1   0   0   1   1 |     GCC   0   0   0   0   0   0 |     GAC   0   0   0   0   0   0 |     GGC   0   0   0   0   0   0
    GTA   2   1   1   2   2   2 |     GCA   0   0   0   0   0   0 | Glu GAA   1   1   1   1   1   1 |     GGA   0   0   0   0   0   0
    GTG   0   1   0   0   0   0 |     GCG   0   0   0   0   0   1 |     GAG   1   1   1   1   1   1 |     GGG   1   1   1   1   1   1
--------------------------------------------------------------------------------------------------------------------------------------

--------------------------------------------------------------------------------------------------------------------------------------
Phe TTT   2   2   2   2   2   2 | Ser TCT   0   0   0   0   0   0 | Tyr TAT   2   1   2   2   2   2 | Cys TGT   2   2   2   2   2   2
    TTC   1   1   1   1   1   2 |     TCC   0   0   0   0   0   0 |     TAC   0   1   0   0   0   0 |     TGC   1   1   1   1   1   1
Leu TTA   0   0   0   0   0   0 |     TCA   0   0   0   0   0   0 | *** TAA   0   0   0   0   0   0 | *** TGA   0   0   0   0   0   0
    TTG   1   1   1   1   1   0 |     TCG   0   0   0   0   0   0 |     TAG   0   0   0   0   0   0 | Trp TGG   0   0   0   0   0   0
--------------------------------------------------------------------------------------------------------------------------------------
Leu CTT   0   0   0   0   0   0 | Pro CCT   2   2   2   2   2   2 | His CAT   0   0   0   0   0   0 | Arg CGT   2   2   1   2   2   2
    CTC   1   1   1   2   1   1 |     CCC   0   0   0   0   0   0 |     CAC   0   0   0   0   0   0 |     CGC   0   0   1   0   0   0
    CTA   1   1   1   0   1   1 |     CCA   1   1   1   1   1   1 | Gln CAA   0   0   0   0   0   0 |     CGA   0   0   0   0   0   0
    CTG   1   1   1   1   1   2 |     CCG   0   0   0   0   0   0 |     CAG   1   1   1   1   1   1 |     CGG   0   0   0   0   0   0
--------------------------------------------------------------------------------------------------------------------------------------
Ile ATT   0   0   0   0   0   0 | Thr ACT   0   0   0   0   0   0 | Asn AAT   2   2   2   2   2   2 | Ser AGT   0   0   0   0   0   0
    ATC   1   1   1   1   1   1 |     ACC   0   0   0   0   0   0 |     AAC   0   0   0   0   0   0 |     AGC   0   0   0   0   0   0
    ATA   0   0   0   0   0   0 |     ACA   0   0   1   0   0   0 | Lys AAA   3   3   3   3   3   3 | Arg AGA   0   0   0   0   0   0
Met ATG   0   0   0   0   0   0 |     ACG   2   2   1   2   2   2 |     AAG   2   2   2   2   2   2 |     AGG   0   0   0   0   0   0
--------------------------------------------------------------------------------------------------------------------------------------
Val GTT   0   0   0   0   0   0 | Ala GCT   1   1   1   1   1   1 | Asp GAT   1   1   1   1   1   1 | Gly GGT   1   1   1   1   1   1
    GTC   1   1   1   1   1   0 |     GCC   0   0   0   0   0   0 |     GAC   0   0   0   0   0   0 |     GGC   0   0   0   0   0   0
    GTA   2   2   2   2   2   2 |     GCA   0   0   0   0   0   0 | Glu GAA   1   1   1   1   1   1 |     GGA   0   0   0   0   0   0
    GTG   0   0   0   0   0   0 |     GCG   0   0   0   0   0   0 |     GAG   1   1   1   2   1   1 |     GGG   1   1   1   0   1   1
--------------------------------------------------------------------------------------------------------------------------------------

--------------------------------------------------------------------------------------------------------------------------------------
Phe TTT   2   2   2   2   2   2 | Ser TCT   0   0   0   0   0   0 | Tyr TAT   2   2   2   2   2   2 | Cys TGT   2   2   2   2   2   2
    TTC   1   1   1   1   2   1 |     TCC   0   0   0   0   0   0 |     TAC   0   0   0   0   0   0 |     TGC   1   1   1   1   1   1
Leu TTA   0   1   0   0   0   0 |     TCA   0   0   0   0   0   0 | *** TAA   0   0   0   0   0   0 | *** TGA   0   0   0   0   0   0
    TTG   1   1   1   1   1   1 |     TCG   0   0   0   0   0   0 |     TAG   0   0   0   0   0   0 | Trp TGG   0   0   0   0   0   0
--------------------------------------------------------------------------------------------------------------------------------------
Leu CTT   0   0   0   0   0   0 | Pro CCT   2   2   2   2   2   2 | His CAT   0   0   0   0   0   0 | Arg CGT   2   2   2   2   2   2
    CTC   1   1   1   1   1   1 |     CCC   0   0   0   0   0   0 |     CAC   0   0   0   0   0   0 |     CGC   0   0   0   0   0   0
    CTA   0   0   1   1   1   1 |     CCA   1   1   1   1   1   1 | Gln CAA   0   0   0   0   0   0 |     CGA   0   0   0   0   0   0
    CTG   1   1   1   1   1   1 |     CCG   0   0   0   0   0   1 |     CAG   1   1   1   1   1   1 |     CGG   0   0   0   0   0   0
--------------------------------------------------------------------------------------------------------------------------------------
Ile ATT   0   0   0   0   0   0 | Thr ACT   0   0   0   0   0   0 | Asn AAT   2   2   2   2   2   2 | Ser AGT   1   1   0   0   0   0
    ATC   1   1   1   1   1   1 |     ACC   0   0   0   0   0   0 |     AAC   0   0   0   0   0   0 |     AGC   0   0   0   0   0   0
    ATA   0   0   0   0   0   0 |     ACA   0   0   0   0   0   0 | Lys AAA   2   3   3   3   3   3 | Arg AGA   1   0   0   0   0   0
Met ATG   0   0   0   0   0   0 |     ACG   2   2   2   2   2   1 |     AAG   2   2   2   2   2   2 |     AGG   0   0   0   0   0   0
--------------------------------------------------------------------------------------------------------------------------------------
Val GTT   0   0   0   0   0   0 | Ala GCT   1   1   1   1   1   1 | Asp GAT   1   1   1   1   1   1 | Gly GGT   0   0   1   1   1   1
    GTC   1   1   1   1   0   1 |     GCC   0   0   0   0   0   0 |     GAC   0   0   0   0   0   0 |     GGC   0   0   0   0   0   0
    GTA   3   2   2   2   2   2 |     GCA   0   0   0   0   0   0 | Glu GAA   1   1   1   1   1   1 |     GGA   0   0   0   0   0   0
    GTG   0   0   0   0   0   0 |     GCG   0   0   0   0   0   0 |     GAG   1   1   1   1   1   1 |     GGG   1   1   1   1   1   1
--------------------------------------------------------------------------------------------------------------------------------------

--------------------------------------------------------------------------------------------------------------------------------------
Phe TTT   2   2   2   2   2   2 | Ser TCT   0   0   0   0   0   0 | Tyr TAT   2   2   2   2   2   2 | Cys TGT   2   2   2   2   2   2
    TTC   1   1   1   2   1   1 |     TCC   0   0   0   0   0   0 |     TAC   0   0   0   0   0   0 |     TGC   1   1   1   1   1   1
Leu TTA   0   0   0   0   0   0 |     TCA   0   0   0   0   0   0 | *** TAA   0   0   0   0   0   0 | *** TGA   0   0   0   0   0   0
    TTG   1   1   1   1   1   1 |     TCG   0   0   0   0   0   0 |     TAG   0   0   0   0   0   0 | Trp TGG   0   0   0   0   0   0
--------------------------------------------------------------------------------------------------------------------------------------
Leu CTT   0   0   0   0   0   0 | Pro CCT   2   2   2   2   2   2 | His CAT   0   0   0   0   0   0 | Arg CGT   2   2   2   2   2   2
    CTC   1   1   1   1   1   1 |     CCC   0   0   0   0   0   0 |     CAC   0   0   0   0   0   0 |     CGC   0   0   0   0   0   0
    CTA   1   1   1   1   1   1 |     CCA   1   1   1   1   1   1 | Gln CAA   0   0   0   0   0   0 |     CGA   0   0   0   0   0   0
    CTG   1   1   1   1   1   1 |     CCG   0   0   0   0   0   0 |     CAG   1   1   1   1   1   1 |     CGG   0   0   0   0   0   0
--------------------------------------------------------------------------------------------------------------------------------------
Ile ATT   0   0   0   0   0   0 | Thr ACT   0   0   0   0   0   0 | Asn AAT   2   2   2   2   2   2 | Ser AGT   1   1   0   0   0   0
    ATC   1   1   1   1   1   1 |     ACC   0   0   0   0   0   0 |     AAC   0   0   0   0   0   0 |     AGC   0   0   0   0   0   0
    ATA   0   0   0   0   0   0 |     ACA   0   0   0   0   1   0 | Lys AAA   3   2   3   3   3   3 | Arg AGA   0   0   0   0   0   0
Met ATG   0   0   0   0   0   0 |     ACG   1   1   2   2   1   2 |     AAG   2   3   2   2   2   2 |     AGG   0   0   0   0   0   0
--------------------------------------------------------------------------------------------------------------------------------------
Val GTT   0   0   0   0   0   0 | Ala GCT   1   1   1   1   1   1 | Asp GAT   1   1   1   1   1   1 | Gly GGT   0   0   1   1   1   1
    GTC   1   1   1   0   1   1 |     GCC   0   0   0   0   0   0 |     GAC   0   0   0   0   0   0 |     GGC   0   0   0   0   0   0
    GTA   2   2   2   2   2   2 |     GCA   0   0   0   0   0   0 | Glu GAA   1   1   1   1   1   1 |     GGA   0   0   0   1   0   0
    GTG   0   0   0   0   0   0 |     GCG   1   2   0   0   0   0 |     GAG   1   1   1   1   1   1 |     GGG   1   0   1   0   1   1
--------------------------------------------------------------------------------------------------------------------------------------

--------------------------------------------------------------------------------------------------------------------------------------
Phe TTT   2   2   2   2   0   2 | Ser TCT   0   0   0   0   0   0 | Tyr TAT   2   2   2   2   2   2 | Cys TGT   2   2   2   2   3   2
    TTC   2   1   1   1   3   1 |     TCC   0   0   0   0   0   0 |     TAC   0   0   0   0   0   0 |     TGC   1   1   1   1   1   1
Leu TTA   0   0   0   0   0   0 |     TCA   0   0   0   0   0   0 | *** TAA   0   0   0   0   0   0 | *** TGA   0   0   0   0   0   0
    TTG   1   1   1   1   1   1 |     TCG   0   0   0   0   0   0 |     TAG   0   0   0   0   0   0 | Trp TGG   0   0   0   0   0   0
--------------------------------------------------------------------------------------------------------------------------------------
Leu CTT   0   0   0   0   0   0 | Pro CCT   2   2   2   2   2   2 | His CAT   0   0   0   0   0   0 | Arg CGT   2   2   2   2   2   2
    CTC   1   1   1   1   1   1 |     CCC   0   0   0   0   0   0 |     CAC   0   0   0   0   0   0 |     CGC   0   0   0   0   0   0
    CTA   1   1   1   1   1   1 |     CCA   1   1   1   1   1   1 | Gln CAA   0   0   0   0   0   0 |     CGA   0   0   0   0   0   0
    CTG   1   1   1   1   1   1 |     CCG   0   0   0   0   0   0 |     CAG   1   1   1   1   1   1 |     CGG   0   0   0   0   0   0
--------------------------------------------------------------------------------------------------------------------------------------
Ile ATT   0   0   0   0   0   0 | Thr ACT   0   0   0   0   0   0 | Asn AAT   2   2   2   2   2   2 | Ser AGT   0   0   1   0   1   0
    ATC   1   1   1   1   1   2 |     ACC   0   0   0   0   0   0 |     AAC   0   0   0   0   0   0 |     AGC   0   0   0   0   0   0
    ATA   0   0   0   0   0   0 |     ACA   0   0   0   0   0   1 | Lys AAA   3   3   3   3   3   3 | Arg AGA   0   0   0   0   0   0
Met ATG   0   0   0   0   0   0 |     ACG   2   2   1   2   1   1 |     AAG   2   2   2   2   2   2 |     AGG   0   0   0   0   0   0
--------------------------------------------------------------------------------------------------------------------------------------
Val GTT   0   0   0   0   0   0 | Ala GCT   1   1   1   1   1   1 | Asp GAT   1   1   1   1   1   1 | Gly GGT   1   1   0   1   0   1
    GTC   0   1   1   1   0   0 |     GCC   0   0   0   0   0   0 |     GAC   0   0   0   0   0   0 |     GGC   0   0   0   0   0   0
    GTA   2   2   2   2   2   2 |     GCA   0   0   0   0   0   0 | Glu GAA   1   1   1   1   1   1 |     GGA   0   0   0   0   0   0
    GTG   0   0   0   0   1   0 |     GCG   0   0   1   0   0   0 |     GAG   1   1   1   2   1   1 |     GGG   1   1   1   0   1   1
--------------------------------------------------------------------------------------------------------------------------------------

--------------------------------------------------------------------------------------------------------------------------------------
Phe TTT   2   2   2   2   2   2 | Ser TCT   0   0   0   0   0   0 | Tyr TAT   2   1   2   2   2   2 | Cys TGT   2   2   2   2   2   2
    TTC   1   1   1   1   2   1 |     TCC   0   0   0   0   1   0 |     TAC   0   1   0   0   0   0 |     TGC   1   1   1   1   0   1
Leu TTA   0   0   0   0   0   0 |     TCA   0   0   0   0   0   0 | *** TAA   0   0   0   0   0   0 | *** TGA   0   0   0   0   0   0
    TTG   1   1   1   1   1   1 |     TCG   0   0   0   0   0   0 |     TAG   0   0   0   0   0   0 | Trp TGG   0   0   0   0   0   0
--------------------------------------------------------------------------------------------------------------------------------------
Leu CTT   0   0   0   0   0   0 | Pro CCT   2   2   2   1   2   2 | His CAT   0   0   0   0   0   0 | Arg CGT   2   2   2   2   2   2
    CTC   1   1   1   1   1   1 |     CCC   0   0   0   0   0   0 |     CAC   0   0   0   0   0   0 |     CGC   0   0   0   0   0   0
    CTA   1   1   1   1   1   1 |     CCA   1   1   1   2   1   1 | Gln CAA   0   0   0   0   0   0 |     CGA   0   0   0   0   0   0
    CTG   1   1   1   1   1   1 |     CCG   0   0   0   0   0   0 |     CAG   1   1   1   1   1   1 |     CGG   0   0   0   0   0   0
--------------------------------------------------------------------------------------------------------------------------------------
Ile ATT   0   0   0   0   0   0 | Thr ACT   0   0   0   0   0   0 | Asn AAT   2   2   2   2   2   2 | Ser AGT   0   0   0   0   0   1
    ATC   1   1   1   1   1   1 |     ACC   0   0   0   0   0   0 |     AAC   0   0   0   0   0   0 |     AGC   0   0   0   0   0   0
    ATA   0   0   0   0   0   0 |     ACA   1   0   0   0   0   0 | Lys AAA   3   3   3   3   3   2 | Arg AGA   0   0   0   0   0   0
Met ATG   0   0   0   0   0   0 |     ACG   1   2   2   2   2   1 |     AAG   2   2   2   2   2   3 |     AGG   0   0   0   0   0   0
--------------------------------------------------------------------------------------------------------------------------------------
Val GTT   0   0   0   0   0   0 | Ala GCT   1   1   1   1   1   1 | Asp GAT   1   1   1   1   1   1 | Gly GGT   1   1   1   1   1   0
    GTC   1   1   1   1   0   0 |     GCC   0   0   0   0   0   1 |     GAC   0   0   0   0   0   0 |     GGC   0   0   0   0   0   0
    GTA   2   2   2   2   2   2 |     GCA   0   0   0   0   0   0 | Glu GAA   0   1   1   1   1   1 |     GGA   1   0   0   0   0   0
    GTG   0   0   0   0   0   0 |     GCG   0   0   0   0   0   1 |     GAG   1   1   1   1   1   1 |     GGG   1   1   1   1   1   1
--------------------------------------------------------------------------------------------------------------------------------------

--------------------------------------------------------------------------------------------------------------------------------------
Phe TTT   2   2   2   2   2   2 | Ser TCT   0   0   0   0   0   0 | Tyr TAT   2   2   2   2   1   2 | Cys TGT   2   2   2   2   2   2
    TTC   1   3   1   1   1   1 |     TCC   0   0   0   0   0   0 |     TAC   0   0   0   0   1   0 |     TGC   1   1   1   1   1   1
Leu TTA   0   0   0   0   0   0 |     TCA   0   0   0   0   0   0 | *** TAA   0   0   0   0   0   0 | *** TGA   0   0   0   0   0   0
    TTG   1   1   1   1   1   1 |     TCG   0   0   0   0   0   0 |     TAG   0   0   0   0   0   0 | Trp TGG   0   0   0   0   0   0
--------------------------------------------------------------------------------------------------------------------------------------
Leu CTT   0   0   0   0   0   0 | Pro CCT   2   2   2   2   2   2 | His CAT   0   0   0   0   0   0 | Arg CGT   2   2   2   2   2   2
    CTC   1   0   1   1   1   1 |     CCC   0   0   0   0   0   0 |     CAC   0   0   0   0   0   0 |     CGC   0   0   0   0   0   0
    CTA   0   1   1   1   1   1 |     CCA   1   1   1   1   1   1 | Gln CAA   0   0   0   0   0   0 |     CGA   0   0   0   0   0   0
    CTG   2   1   1   1   1   1 |     CCG   0   0   0   0   0   0 |     CAG   1   1   1   1   1   1 |     CGG   0   0   0   0   0   0
--------------------------------------------------------------------------------------------------------------------------------------
Ile ATT   0   0   0   0   0   0 | Thr ACT   0   0   0   0   0   0 | Asn AAT   2   2   2   2   2   2 | Ser AGT   1   0   1   1   0   0
    ATC   1   1   1   1   1   1 |     ACC   0   0   0   0   0   0 |     AAC   0   0   0   0   0   0 |     AGC   0   0   0   0   0   0
    ATA   0   0   0   0   0   0 |     ACA   0   0   0   1   0   0 | Lys AAA   3   3   3   2   3   3 | Arg AGA   0   0   0   0   0   0
Met ATG   0   0   0   0   0   0 |     ACG   1   2   1   0   2   2 |     AAG   2   2   2   3   2   2 |     AGG   0   0   0   0   0   0
--------------------------------------------------------------------------------------------------------------------------------------
Val GTT   0   0   0   0   0   0 | Ala GCT   1   1   1   1   1   1 | Asp GAT   1   1   1   1   1   1 | Gly GGT   0   1   0   0   1   1
    GTC   1   0   1   1   1   1 |     GCC   0   0   0   0   0   0 |     GAC   0   0   0   0   0   0 |     GGC   0   0   0   0   0   0
    GTA   2   2   2   2   2   2 |     GCA   0   0   0   0   0   0 | Glu GAA   1   1   1   1   1   1 |     GGA   0   0   0   0   0   0
    GTG   0   0   0   0   0   0 |     GCG   1   0   1   2   0   0 |     GAG   1   1   1   1   1   1 |     GGG   1   1   1   0   1   1
--------------------------------------------------------------------------------------------------------------------------------------

--------------------------------------------------------------------------------------------------------------------------------------
Phe TTT   2   2   2   2   2   2 | Ser TCT   0   0   0   0   0   0 | Tyr TAT   2   2   2   2   2   2 | Cys TGT   2   2   2   3   2   2
    TTC   2   1   1   1   1   1 |     TCC   0   0   0   0   0   0 |     TAC   0   0   0   0   0   0 |     TGC   1   1   1   0   1   1
Leu TTA   1   0   0   0   0   0 |     TCA   0   0   0   0   0   0 | *** TAA   0   0   0   0   0   0 | *** TGA   0   0   0   0   0   0
    TTG   0   0   1   1   1   1 |     TCG   0   0   0   0   0   0 |     TAG   0   0   0   0   0   0 | Trp TGG   0   0   0   0   0   0
--------------------------------------------------------------------------------------------------------------------------------------
Leu CTT   0   0   0   0   0   0 | Pro CCT   2   2   2   2   2   2 | His CAT   0   0   0   0   0   0 | Arg CGT   2   2   2   1   2   2
    CTC   1   1   1   1   1   1 |     CCC   0   0   1   0   0   0 |     CAC   0   0   0   0   0   0 |     CGC   0   0   0   2   0   0
    CTA   1   1   1   1   1   1 |     CCA   1   1   0   1   1   1 | Gln CAA   0   0   0   0   0   0 |     CGA   0   0   0   0   0   0
    CTG   1   2   1   1   1   1 |     CCG   0   0   0   0   0   0 |     CAG   1   1   1   1   1   1 |     CGG   0   0   0   0   1   0
--------------------------------------------------------------------------------------------------------------------------------------
Ile ATT   0   0   0   0   0   0 | Thr ACT   0   0   0   0   0   0 | Asn AAT   2   2   2   2   2   2 | Ser AGT   0   0   0   0   0   0
    ATC   1   1   1   1   1   1 |     ACC   0   0   0   0   0   0 |     AAC   0   0   0   0   0   0 |     AGC   0   0   0   0   0   0
    ATA   0   0   0   0   0   0 |     ACA   0   0   0   0   0   0 | Lys AAA   3   3   3   3   3   3 | Arg AGA   0   0   0   0   0   0
Met ATG   0   0   0   0   0   1 |     ACG   2   2   1   2   2   1 |     AAG   2   2   2   2   2   2 |     AGG   0   0   0   0   0   0
--------------------------------------------------------------------------------------------------------------------------------------
Val GTT   0   0   0   0   0   0 | Ala GCT   1   1   1   1   1   1 | Asp GAT   1   1   1   1   1   1 | Gly GGT   0   1   1   0   1   1
    GTC   0   0   1   1   1   1 |     GCC   0   0   0   0   0   0 |     GAC   0   0   0   0   0   0 |     GGC   0   1   0   0   0   0
    GTA   2   2   2   2   2   2 |     GCA   0   0   0   0   0   0 | Glu GAA   1   1   1   1   1   1 |     GGA   1   0   0   0   0   0
    GTG   0   0   0   0   0   0 |     GCG   0   0   1   0   0   0 |     GAG   1   1   1   1   1   1 |     GGG   1   1   1   1   0   1
--------------------------------------------------------------------------------------------------------------------------------------

Codon position x base (3x4) table for each sequence.

#1: Argali         
position  1:    T:0.24324    C:0.24324    A:0.27027    G:0.24324
position  2:    T:0.29730    C:0.16216    A:0.35135    G:0.18919
position  3:    T:0.40541    C:0.13514    A:0.21622    G:0.24324
Average         T:0.31532    C:0.18018    A:0.27928    G:0.22523

#2: LesserMouseDeer
position  1:    T:0.16216    C:0.24324    A:0.29730    G:0.29730
position  2:    T:0.29730    C:0.16216    A:0.35135    G:0.18919
position  3:    T:0.40541    C:0.16216    A:0.16216    G:0.27027
Average         T:0.28829    C:0.18919    A:0.27027    G:0.25225

#3: LesserKudu     
position  1:    T:0.27027    C:0.21622    A:0.27027    G:0.24324
position  2:    T:0.29730    C:0.16216    A:0.35135    G:0.18919
position  3:    T:0.40541    C:0.13514    A:0.21622    G:0.24324
Average         T:0.32432    C:0.17117    A:0.27928    G:0.22523

#4: ForestMuskDeer2
position  1:    T:0.21622    C:0.27027    A:0.27027    G:0.24324
position  2:    T:0.29730    C:0.16216    A:0.35135    G:0.18919
position  3:    T:0.40541    C:0.13514    A:0.21622    G:0.24324
Average         T:0.30631    C:0.18919    A:0.27928    G:0.22523

#5: Camel          
position  1:    T:0.21622    C:0.18919    A:0.32432    G:0.27027
position  2:    T:0.29730    C:0.16216    A:0.35135    G:0.18919
position  3:    T:0.35135    C:0.16216    A:0.21622    G:0.27027
Average         T:0.28829    C:0.17117    A:0.29730    G:0.24324

#6: KillerWhale    
position  1:    T:0.21622    C:0.21622    A:0.29730    G:0.27027
position  2:    T:0.29730    C:0.13514    A:0.37838    G:0.18919
position  3:    T:0.35135    C:0.16216    A:0.24324    G:0.24324
Average         T:0.28829    C:0.17117    A:0.30631    G:0.23423

#7: DefassaWaterbuck
position  1:    T:0.24324    C:0.24324    A:0.27027    G:0.24324
position  2:    T:0.29730    C:0.16216    A:0.35135    G:0.18919
position  3:    T:0.40541    C:0.13514    A:0.21622    G:0.24324
Average         T:0.31532    C:0.18018    A:0.27928    G:0.22523

#8: Sheep          
position  1:    T:0.24324    C:0.24324    A:0.27027    G:0.24324
position  2:    T:0.29730    C:0.16216    A:0.35135    G:0.18919
position  3:    T:0.40541    C:0.13514    A:0.18919    G:0.27027
Average         T:0.31532    C:0.18018    A:0.27027    G:0.23423

#9: MaxwellsDuiker 
position  1:    T:0.27027    C:0.18919    A:0.35135    G:0.18919
position  2:    T:0.27027    C:0.18919    A:0.37838    G:0.16216
position  3:    T:0.35135    C:0.16216    A:0.24324    G:0.24324
Average         T:0.29730    C:0.18018    A:0.32432    G:0.19820

#10: GazellaPrzewalskyi
position  1:    T:0.27027    C:0.24324    A:0.27027    G:0.21622
position  2:    T:0.29730    C:0.16216    A:0.35135    G:0.18919
position  3:    T:0.40541    C:0.13514    A:0.21622    G:0.24324
Average         T:0.32432    C:0.18018    A:0.27928    G:0.21622

#11: MountainNyala  
position  1:    T:0.24324    C:0.24324    A:0.27027    G:0.24324
position  2:    T:0.29730    C:0.16216    A:0.35135    G:0.18919
position  3:    T:0.40541    C:0.13514    A:0.21622    G:0.24324
Average         T:0.31532    C:0.18018    A:0.27928    G:0.22523

#12: MuntiacusMuntjak
position  1:    T:0.24324    C:0.24324    A:0.27027    G:0.24324
position  2:    T:0.29730    C:0.16216    A:0.35135    G:0.18919
position  3:    T:0.40541    C:0.13514    A:0.21622    G:0.24324
Average         T:0.31532    C:0.18018    A:0.27928    G:0.22523

#13: goat           
position  1:    T:0.24324    C:0.24324    A:0.27027    G:0.24324
position  2:    T:0.29730    C:0.16216    A:0.35135    G:0.18919
position  3:    T:0.40541    C:0.13514    A:0.21622    G:0.24324
Average         T:0.31532    C:0.18018    A:0.27928    G:0.22523

#14: AfricanBuffalo 
position  1:    T:0.24324    C:0.24324    A:0.27027    G:0.24324
position  2:    T:0.29730    C:0.16216    A:0.35135    G:0.18919
position  3:    T:0.37838    C:0.16216    A:0.21622    G:0.24324
Average         T:0.30631    C:0.18919    A:0.27928    G:0.22523

#15: Topi           
position  1:    T:0.24324    C:0.24324    A:0.27027    G:0.24324
position  2:    T:0.29730    C:0.16216    A:0.35135    G:0.18919
position  3:    T:0.37838    C:0.16216    A:0.24324    G:0.21622
Average         T:0.30631    C:0.18919    A:0.28829    G:0.21622

#16: CommonDuiker   
position  1:    T:0.24324    C:0.24324    A:0.27027    G:0.24324
position  2:    T:0.29730    C:0.16216    A:0.37838    G:0.16216
position  3:    T:0.40541    C:0.16216    A:0.18919    G:0.24324
Average         T:0.31532    C:0.18919    A:0.27928    G:0.21622

#17: Suni           
position  1:    T:0.24324    C:0.24324    A:0.27027    G:0.24324
position  2:    T:0.29730    C:0.16216    A:0.35135    G:0.18919
position  3:    T:0.40541    C:0.13514    A:0.21622    G:0.24324
Average         T:0.31532    C:0.18018    A:0.27928    G:0.22523

#18: Springbuck     
position  1:    T:0.24324    C:0.27027    A:0.27027    G:0.21622
position  2:    T:0.29730    C:0.16216    A:0.35135    G:0.18919
position  3:    T:0.40541    C:0.13514    A:0.21622    G:0.24324
Average         T:0.31532    C:0.18919    A:0.27928    G:0.21622

#19: Okapi          
position  1:    T:0.24324    C:0.21622    A:0.29730    G:0.24324
position  2:    T:0.29730    C:0.16216    A:0.32432    G:0.21622
position  3:    T:0.40541    C:0.13514    A:0.21622    G:0.24324
Average         T:0.31532    C:0.17117    A:0.27928    G:0.23423

#20: Giraffe        
position  1:    T:0.27027    C:0.21622    A:0.29730    G:0.21622
position  2:    T:0.29730    C:0.16216    A:0.35135    G:0.18919
position  3:    T:0.40541    C:0.13514    A:0.21622    G:0.24324
Average         T:0.32432    C:0.17117    A:0.28829    G:0.21622

#21: TibetanAntelope
position  1:    T:0.24324    C:0.24324    A:0.27027    G:0.24324
position  2:    T:0.29730    C:0.16216    A:0.35135    G:0.18919
position  3:    T:0.40541    C:0.13514    A:0.21622    G:0.24324
Average         T:0.31532    C:0.18018    A:0.27928    G:0.22523

#22: Sitatunga      
position  1:    T:0.24324    C:0.24324    A:0.27027    G:0.24324
position  2:    T:0.29730    C:0.16216    A:0.35135    G:0.18919
position  3:    T:0.40541    C:0.13514    A:0.21622    G:0.24324
Average         T:0.31532    C:0.18018    A:0.27928    G:0.22523

#23: Oribi          
position  1:    T:0.27027    C:0.24324    A:0.27027    G:0.21622
position  2:    T:0.29730    C:0.16216    A:0.35135    G:0.18919
position  3:    T:0.40541    C:0.13514    A:0.21622    G:0.24324
Average         T:0.32432    C:0.18018    A:0.27928    G:0.21622

#24: BarbarySheep   
position  1:    T:0.24324    C:0.27027    A:0.24324    G:0.24324
position  2:    T:0.29730    C:0.16216    A:0.35135    G:0.18919
position  3:    T:0.40541    C:0.13514    A:0.21622    G:0.24324
Average         T:0.31532    C:0.18919    A:0.27027    G:0.22523

#25: Daviddeer      
position  1:    T:0.24324    C:0.24324    A:0.27027    G:0.24324
position  2:    T:0.29730    C:0.16216    A:0.35135    G:0.18919
position  3:    T:0.40541    C:0.13514    A:0.21622    G:0.24324
Average         T:0.31532    C:0.18018    A:0.27928    G:0.22523

#26: Reindeer       
position  1:    T:0.24324    C:0.24324    A:0.27027    G:0.24324
position  2:    T:0.29730    C:0.18919    A:0.35135    G:0.16216
position  3:    T:0.40541    C:0.13514    A:0.18919    G:0.27027
Average         T:0.31532    C:0.18919    A:0.27027    G:0.22523

#27: Ibex           
position  1:    T:0.24324    C:0.24324    A:0.27027    G:0.24324
position  2:    T:0.29730    C:0.16216    A:0.35135    G:0.18919
position  3:    T:0.40541    C:0.13514    A:0.21622    G:0.24324
Average         T:0.31532    C:0.18018    A:0.27928    G:0.22523

#28: GyrantGazelle  
position  1:    T:0.27027    C:0.24324    A:0.27027    G:0.21622
position  2:    T:0.29730    C:0.16216    A:0.35135    G:0.18919
position  3:    T:0.40541    C:0.13514    A:0.24324    G:0.21622
Average         T:0.32432    C:0.18018    A:0.28829    G:0.20721

#29: Hartebeest     
position  1:    T:0.24324    C:0.24324    A:0.27027    G:0.24324
position  2:    T:0.29730    C:0.16216    A:0.35135    G:0.18919
position  3:    T:0.40541    C:0.13514    A:0.24324    G:0.21622
Average         T:0.31532    C:0.18018    A:0.28829    G:0.21622

#30: Bongo          
position  1:    T:0.24324    C:0.24324    A:0.27027    G:0.24324
position  2:    T:0.29730    C:0.16216    A:0.35135    G:0.18919
position  3:    T:0.40541    C:0.13514    A:0.21622    G:0.24324
Average         T:0.31532    C:0.18018    A:0.27928    G:0.22523

#31: Gerenuk        
position  1:    T:0.27027    C:0.24324    A:0.27027    G:0.21622
position  2:    T:0.29730    C:0.16216    A:0.35135    G:0.18919
position  3:    T:0.40541    C:0.13514    A:0.21622    G:0.24324
Average         T:0.32432    C:0.18018    A:0.27928    G:0.21622

#32: CommonEland    
position  1:    T:0.24324    C:0.24324    A:0.27027    G:0.24324
position  2:    T:0.29730    C:0.16216    A:0.35135    G:0.18919
position  3:    T:0.40541    C:0.13514    A:0.21622    G:0.24324
Average         T:0.31532    C:0.18018    A:0.27928    G:0.22523

#33: MuntiacusReevesi
position  1:    T:0.24324    C:0.24324    A:0.27027    G:0.24324
position  2:    T:0.29730    C:0.16216    A:0.35135    G:0.18919
position  3:    T:0.40541    C:0.13514    A:0.21622    G:0.24324
Average         T:0.31532    C:0.18018    A:0.27928    G:0.22523

#34: HarveysDuiker  
position  1:    T:0.24324    C:0.24324    A:0.27027    G:0.24324
position  2:    T:0.29730    C:0.16216    A:0.37838    G:0.16216
position  3:    T:0.40541    C:0.13514    A:0.21622    G:0.24324
Average         T:0.31532    C:0.18018    A:0.28829    G:0.21622

#35: Pronghorn      
position  1:    T:0.27027    C:0.24324    A:0.27027    G:0.21622
position  2:    T:0.29730    C:0.13514    A:0.35135    G:0.21622
position  3:    T:0.37838    C:0.16216    A:0.21622    G:0.24324
Average         T:0.31532    C:0.18018    A:0.27928    G:0.22523

#36: BlueWildebeest 
position  1:    T:0.24324    C:0.24324    A:0.29730    G:0.21622
position  2:    T:0.29730    C:0.16216    A:0.35135    G:0.18919
position  3:    T:0.40541    C:0.13514    A:0.24324    G:0.21622
Average         T:0.31532    C:0.18018    A:0.29730    G:0.20721

#37: Gemsbok        
position  1:    T:0.24324    C:0.24324    A:0.27027    G:0.24324
position  2:    T:0.29730    C:0.16216    A:0.32432    G:0.21622
position  3:    T:0.40541    C:0.13514    A:0.24324    G:0.21622
Average         T:0.31532    C:0.18018    A:0.27928    G:0.22523

#38: Yak            
position  1:    T:0.24324    C:0.24324    A:0.27027    G:0.24324
position  2:    T:0.29730    C:0.16216    A:0.35135    G:0.18919
position  3:    T:0.37838    C:0.16216    A:0.21622    G:0.24324
Average         T:0.30631    C:0.18919    A:0.27928    G:0.22523

#39: BlueSheep      
position  1:    T:0.24324    C:0.24324    A:0.27027    G:0.24324
position  2:    T:0.29730    C:0.16216    A:0.35135    G:0.18919
position  3:    T:0.40541    C:0.13514    A:0.21622    G:0.24324
Average         T:0.31532    C:0.18018    A:0.27928    G:0.22523

#40: BohorReedbuck  
position  1:    T:0.24324    C:0.24324    A:0.27027    G:0.24324
position  2:    T:0.29730    C:0.16216    A:0.35135    G:0.18919
position  3:    T:0.37838    C:0.13514    A:0.24324    G:0.24324
Average         T:0.30631    C:0.18018    A:0.28829    G:0.22523

#41: KirksDik       
position  1:    T:0.27027    C:0.24324    A:0.27027    G:0.21622
position  2:    T:0.29730    C:0.18919    A:0.35135    G:0.16216
position  3:    T:0.40541    C:0.13514    A:0.21622    G:0.24324
Average         T:0.32432    C:0.18919    A:0.27928    G:0.20721

#42: RoeDeer        
position  1:    T:0.24324    C:0.24324    A:0.27027    G:0.24324
position  2:    T:0.27027    C:0.18919    A:0.35135    G:0.18919
position  3:    T:0.40541    C:0.13514    A:0.18919    G:0.27027
Average         T:0.30631    C:0.18919    A:0.27027    G:0.23423

#43: WhiteLippedDeer
position  1:    T:0.24324    C:0.24324    A:0.27027    G:0.24324
position  2:    T:0.29730    C:0.16216    A:0.35135    G:0.18919
position  3:    T:0.40541    C:0.13514    A:0.18919    G:0.27027
Average         T:0.31532    C:0.18018    A:0.27027    G:0.23423

#44: ThomsonGazelle 
position  1:    T:0.29730    C:0.21622    A:0.27027    G:0.21622
position  2:    T:0.29730    C:0.16216    A:0.35135    G:0.18919
position  3:    T:0.40541    C:0.13514    A:0.21622    G:0.24324
Average         T:0.33333    C:0.17117    A:0.27928    G:0.21622

#45: MuntiacusCrinifrons
position  1:    T:0.24324    C:0.24324    A:0.27027    G:0.24324
position  2:    T:0.29730    C:0.16216    A:0.35135    G:0.18919
position  3:    T:0.40541    C:0.13514    A:0.21622    G:0.24324
Average         T:0.31532    C:0.18018    A:0.27928    G:0.22523

#46: WhiteTailedDeer
position  1:    T:0.24324    C:0.24324    A:0.27027    G:0.24324
position  2:    T:0.29730    C:0.18919    A:0.35135    G:0.16216
position  3:    T:0.40541    C:0.13514    A:0.21622    G:0.24324
Average         T:0.31532    C:0.18919    A:0.27928    G:0.21622

#47: Cattle         
position  1:    T:0.24324    C:0.24324    A:0.27027    G:0.24324
position  2:    T:0.29730    C:0.16216    A:0.35135    G:0.18919
position  3:    T:0.37838    C:0.16216    A:0.21622    G:0.24324
Average         T:0.30631    C:0.18919    A:0.27928    G:0.22523

#48: RoyalAntelope  
position  1:    T:0.24324    C:0.24324    A:0.27027    G:0.24324
position  2:    T:0.29730    C:0.16216    A:0.35135    G:0.18919
position  3:    T:0.40541    C:0.13514    A:0.21622    G:0.24324
Average         T:0.31532    C:0.18018    A:0.27928    G:0.22523

#49: Steenbok       
position  1:    T:0.27027    C:0.24324    A:0.27027    G:0.21622
position  2:    T:0.29730    C:0.16216    A:0.35135    G:0.18919
position  3:    T:0.37838    C:0.13514    A:0.27027    G:0.21622
Average         T:0.31532    C:0.18018    A:0.29730    G:0.20721

#50: Impala         
position  1:    T:0.21622    C:0.27027    A:0.27027    G:0.24324
position  2:    T:0.27027    C:0.16216    A:0.35135    G:0.21622
position  3:    T:0.40541    C:0.13514    A:0.21622    G:0.24324
Average         T:0.29730    C:0.18919    A:0.27928    G:0.23423

#51: Klipspringer   
position  1:    T:0.24324    C:0.24324    A:0.24324    G:0.27027
position  2:    T:0.29730    C:0.16216    A:0.35135    G:0.18919
