CODONML (in paml version 4.10.7, June 2023)  /home/rachel/ruminants_paml/6406-phy-tree/ENSBTAT00000005153.fasta.phy
Model: free dN/dS Ratios for branches,  kappa = 2.000 fixed

Codon frequency model: F3x4
ns =  54  ls =  76

Codon usage in sequences
--------------------------------------------------------------------------------------------------------------------------------------
Phe TTT   0   0   0   0   0   0 | Ser TCT   1   0   1   1   1   2 | Tyr TAT   0   0   0   0   0   0 | Cys TGT   0   0   0   0   0   0
    TTC   2   2   2   2   2   2 |     TCC   4   4   4   4   4   3 |     TAC   3   3   3   3   3   3 |     TGC   0   0   0   0   0   0
Leu TTA   0   0   0   0   0   0 |     TCA   1   1   1   1   1   1 | *** TAA   0   0   0   0   0   0 | *** TGA   0   0   0   0   0   0
    TTG   1   0   1   1   1   1 |     TCG   2   3   2   2   2   1 |     TAG   0   0   0   0   0   0 | Trp TGG   1   1   1   1   1   1
--------------------------------------------------------------------------------------------------------------------------------------
Leu CTT   1   0   0   1   1   1 | Pro CCT   2   1   1   0   1   1 | His CAT   0   0   0   0   0   0 | Arg CGT   0   1   0   0   1   1
    CTC   0   0   0   0   0   0 |     CCC   7   8   9  10   8   8 |     CAC   0   0   0   0   0   0 |     CGC   1   0   1   1   0   0
    CTA   0   0   0   0   0   0 |     CCA   3   0   2   2   2   2 | Gln CAA   0   0   0   0   0   0 |     CGA   0   0   0   0   0   0
    CTG   0   3   1   0   0   0 |     CCG   1   4   1   1   2   2 |     CAG   1   1   1   1   1   1 |     CGG   1   1   1   1   1   1
--------------------------------------------------------------------------------------------------------------------------------------
Ile ATT   0   0   0   0   0   0 | Thr ACT   0   0   0   0   0   0 | Asn AAT   0   0   0   0   1   1 | Ser AGT   3   3   3   3   2   2
    ATC   0   0   0   0   0   0 |     ACC   1   1   1   1   1   1 |     AAC   3   2   3   3   2   3 |     AGC   5   6   5   5   6   6
    ATA   0   0   0   0   0   0 |     ACA   0   0   0   0   0   0 | Lys AAA   0   0   0   0   0   0 | Arg AGA   0   0   0   0   0   0
Met ATG   7   6   7   7   7   7 |     ACG   0   0   0   0   0   1 |     AAG   0   0   0   0   0   0 |     AGG   0   0   0   0   0   0
--------------------------------------------------------------------------------------------------------------------------------------
Val GTT   0   0   0   0   0   0 | Ala GCT   2   2   2   2   2   3 | Asp GAT   1   1   1   1   1   1 | Gly GGT   1   2   1   1   2   1
    GTC   0   0   0   0   0   0 |     GCC   2   2   2   2   2   1 |     GAC   0   0   0   0   0   0 |     GGC  10   8   9   9   7   7
    GTA   0   0   0   0   0   0 |     GCA   5   4   5   4   4   4 | Glu GAA   0   0   0   0   0   0 |     GGA   1   3   2   2   2   3
    GTG   2   2   2   2   2   2 |     GCG   0   1   0   1   1   1 |     GAG   0   0   0   0   0   0 |     GGG   1   0   1   1   2   1
--------------------------------------------------------------------------------------------------------------------------------------

--------------------------------------------------------------------------------------------------------------------------------------
Phe TTT   0   0   0   0   0   0 | Ser TCT   1   1   1   1   1   1 | Tyr TAT   0   0   0   0   0   0 | Cys TGT   0   0   0   0   0   0
    TTC   2   2   2   2   2   2 |     TCC   3   4   4   4   4   4 |     TAC   3   3   3   3   3   3 |     TGC   0   0   0   0   0   0
Leu TTA   0   0   0   0   0   0 |     TCA   1   1   1   2   1   1 | *** TAA   0   0   0   0   0   0 | *** TGA   0   0   0   0   0   0
    TTG   1   1   1   1   1   1 |     TCG   3   2   2   1   2   2 |     TAG   0   0   0   0   0   0 | Trp TGG   1   1   1   1   1   1
--------------------------------------------------------------------------------------------------------------------------------------
Leu CTT   1   1   1   1   0   1 | Pro CCT   1   2   1   1   2   2 | His CAT   0   0   0   0   0   0 | Arg CGT   0   0   0   0   0   0
    CTC   0   0   0   0   0   0 |     CCC   9   7   9   9   7   8 |     CAC   0   0   0   0   0   0 |     CGC   1   1   1   1   1   1
    CTA   0   0   0   0   0   0 |     CCA   2   2   2   2   2   1 | Gln CAA   0   0   0   0   0   0 |     CGA   0   0   0   0   0   0
    CTG   0   0   0   0   1   0 |     CCG   1   2   1   1   2   2 |     CAG   1   1   1   1   1   1 |     CGG   1   1   1   1   1   1
--------------------------------------------------------------------------------------------------------------------------------------
Ile ATT   0   0   0   0   0   0 | Thr ACT   0   0   0   0   0   0 | Asn AAT   0   0   1   2   0   1 | Ser AGT   2   3   1   2   3   1
    ATC   0   0   0   0   0   0 |     ACC   1   1   1   1   1   1 |     AAC   3   3   3   2   3   3 |     AGC   5   5   6   5   6   6
    ATA   0   0   0   0   0   0 |     ACA   0   0   0   0   0   0 | Lys AAA   0   0   0   0   0   0 | Arg AGA   0   0   0   0   0   0
Met ATG   7   7   7   6   7   7 |     ACG   0   0   0   0   0   0 |     AAG   0   0   0   0   0   0 |     AGG   0   0   0   0   0   0
--------------------------------------------------------------------------------------------------------------------------------------
Val GTT   0   0   0   0   0   0 | Ala GCT   2   2   2   2   2   2 | Asp GAT   1   1   1   1   1   1 | Gly GGT   2   1   1   2   1   1
    GTC   0   0   0   0   0   0 |     GCC   1   2   2   2   2   2 |     GAC   0   0   0   0   0   0 |     GGC   9  10   9   8   8   9
    GTA   0   0   0   0   0   0 |     GCA   3   5   4   4   5   4 | Glu GAA   0   0   0   0   0   0 |     GGA   2   1   2   2   2   2
    GTG   2   2   2   3   2   2 |     GCG   3   0   1   1   0   1 |     GAG   0   0   0   0   0   0 |     GGG   1   1   1   1   1   1
--------------------------------------------------------------------------------------------------------------------------------------

--------------------------------------------------------------------------------------------------------------------------------------
Phe TTT   0   0   0   0   0   0 | Ser TCT   1   1   1   1   1   1 | Tyr TAT   0   0   0   0   1   0 | Cys TGT   0   0   0   0   0   0
    TTC   2   2   2   2   2   2 |     TCC   4   4   4   4   4   4 |     TAC   3   3   3   3   2   3 |     TGC   0   0   0   0   0   0
Leu TTA   0   0   0   0   0   0 |     TCA   1   1   1   1   1   2 | *** TAA   0   0   0   0   0   0 | *** TGA   0   0   0   0   0   0
    TTG   1   1   1   1   1   1 |     TCG   2   2   2   2   2   1 |     TAG   0   0   0   0   0   0 | Trp TGG   1   1   1   1   1   1
--------------------------------------------------------------------------------------------------------------------------------------
Leu CTT   1   1   1   1   1   1 | Pro CCT   1   1   1   1   1   1 | His CAT   0   0   0   0   0   0 | Arg CGT   0   0   0   0   0   0
    CTC   0   0   0   0   0   0 |     CCC   9   9   9   9   8   9 |     CAC   0   0   0   0   0   0 |     CGC   1   1   1   1   1   1
    CTA   0   0   0   0   0   0 |     CCA   2   2   3   2   2   3 | Gln CAA   0   0   0   0   0   0 |     CGA   0   0   0   0   0   0
    CTG   0   0   0   0   0   0 |     CCG   1   1   0   1   2   0 |     CAG   1   1   1   1   1   1 |     CGG   1   1   1   1   1   1
--------------------------------------------------------------------------------------------------------------------------------------
Ile ATT   0   0   0   0   0   0 | Thr ACT   0   0   0   0   0   0 | Asn AAT   0   0   0   0   0   1 | Ser AGT   3   3   3   3   3   2
    ATC   0   0   0   0   0   0 |     ACC   1   1   1   1   1   1 |     AAC   3   3   3   3   3   3 |     AGC   5   5   5   5   5   5
    ATA   0   0   0   0   0   0 |     ACA   0   0   0   0   0   0 | Lys AAA   0   0   0   0   0   0 | Arg AGA   0   0   0   0   0   0
Met ATG   7   7   7   7   7   6 |     ACG   0   0   0   0   0   0 |     AAG   0   0   0   0   0   0 |     AGG   0   0   0   0   0   0
--------------------------------------------------------------------------------------------------------------------------------------
Val GTT   0   0   0   0   0   0 | Ala GCT   2   2   2   2   2   2 | Asp GAT   1   1   1   1   1   1 | Gly GGT   1   1   1   2   1   1
    GTC   0   0   0   0   0   0 |     GCC   2   2   3   2   2   2 |     GAC   0   0   0   0   0   0 |     GGC  10   9   8   8   9   9
    GTA   0   0   0   0   0   0 |     GCA   4   4   3   4   5   5 | Glu GAA   0   0   0   0   0   0 |     GGA   1   2   2   2   2   2
    GTG   2   2   2   2   2   3 |     GCG   1   1   2   1   0   0 |     GAG   0   0   0   0   0   0 |     GGG   1   1   1   1   1   1
--------------------------------------------------------------------------------------------------------------------------------------

--------------------------------------------------------------------------------------------------------------------------------------
Phe TTT   0   0   0   0   0   0 | Ser TCT   1   1   1   1   1   1 | Tyr TAT   0   0   0   0   0   0 | Cys TGT   0   0   0   0   0   0
    TTC   2   2   2   2   2   2 |     TCC   4   4   4   4   4   4 |     TAC   3   3   3   3   3   3 |     TGC   0   0   0   0   0   0
Leu TTA   0   0   0   0   0   0 |     TCA   1   1   1   1   2   1 | *** TAA   0   0   0   0   0   0 | *** TGA   0   0   0   0   0   0
    TTG   1   1   1   1   1   1 |     TCG   2   2   2   2   1   2 |     TAG   0   0   0   0   0   0 | Trp TGG   1   1   1   1   1   1
--------------------------------------------------------------------------------------------------------------------------------------
Leu CTT   1   1   1   0   1   1 | Pro CCT   0   0   1   0   1   1 | His CAT   0   0   0   0   0   0 | Arg CGT   0   1   0   0   0   0
    CTC   0   0   0   0   0   0 |     CCC  10  10   9  10   9   9 |     CAC   0   0   0   0   0   0 |     CGC   1   0   1   1   1   1
    CTA   0   0   0   0   0   0 |     CCA   2   2   2   2   2   2 | Gln CAA   0   0   0   0   0   0 |     CGA   0   0   0   0   0   0
    CTG   0   0   0   1   0   0 |     CCG   1   1   1   1   1   1 |     CAG   1   1   1   1   1   1 |     CGG   1   1   1   1   1   1
--------------------------------------------------------------------------------------------------------------------------------------
Ile ATT   0   0   0   0   0   0 | Thr ACT   0   0   0   0   0   0 | Asn AAT   0   1   1   0   1   0 | Ser AGT   3   2   3   3   2   3
    ATC   0   0   0   0   0   0 |     ACC   1   1   1   1   1   1 |     AAC   3   3   2   3   3   3 |     AGC   5   5   6   5   5   5
    ATA   0   0   0   0   0   0 |     ACA   0   0   0   0   0   0 | Lys AAA   0   0   0   0   0   0 | Arg AGA   0   0   0   0   0   0
Met ATG   7   7   7   7   6   7 |     ACG   0   0   0   0   0   0 |     AAG   0   0   0   0   0   0 |     AGG   0   0   0   0   0   0
--------------------------------------------------------------------------------------------------------------------------------------
Val GTT   0   0   0   0   0   0 | Ala GCT   2   2   2   2   2   2 | Asp GAT   1   1   1   1   1   1 | Gly GGT   1   2   1   1   1   1
    GTC   0   0   0   0   0   0 |     GCC   2   2   2   2   2   2 |     GAC   0   0   0   0   0   0 |     GGC   8   7   9   9   9  10
    GTA   0   0   0   0   1   0 |     GCA   4   4   4   5   4   4 | Glu GAA   0   0   0   0   0   0 |     GGA   3   3   1   2   2   1
    GTG   2   2   2   2   2   2 |     GCG   1   1   1   0   1   1 |     GAG   0   0   0   0   0   0 |     GGG   1   1   1   1   1   1
--------------------------------------------------------------------------------------------------------------------------------------

--------------------------------------------------------------------------------------------------------------------------------------
Phe TTT   0   0   0   0   0   0 | Ser TCT   1   1   1   1   1   1 | Tyr TAT   0   0   0   0   0   0 | Cys TGT   0   0   0   0   0   0
    TTC   2   2   2   2   2   2 |     TCC   4   4   4   4   4   4 |     TAC   3   3   3   3   3   3 |     TGC   0   0   0   0   0   0
Leu TTA   0   1   0   0   0   0 |     TCA   1   1   1   2   1   1 | *** TAA   0   0   0   0   0   0 | *** TGA   0   0   0   0   0   0
    TTG   1   0   1   1   1   1 |     TCG   2   2   2   1   2   2 |     TAG   0   0   0   0   0   0 | Trp TGG   1   1   1   1   1   1
--------------------------------------------------------------------------------------------------------------------------------------
Leu CTT   1   1   1   1   1   0 | Pro CCT   0   0   1   1   1   0 | His CAT   0   0   0   0   0   0 | Arg CGT   0   0   0   0   0   0
    CTC   0   0   0   0   0   0 |     CCC  10  10   9   9   9  10 |     CAC   0   0   0   0   0   0 |     CGC   1   1   1   1   1   1
    CTA   0   0   0   0   0   0 |     CCA   1   1   2   2   3   2 | Gln CAA   0   0   0   0   0   0 |     CGA   0   0   0   0   0   0
    CTG   0   0   0   0   0   1 |     CCG   2   2   1   1   0   1 |     CAG   1   1   1   1   1   1 |     CGG   1   1   1   1   1   1
--------------------------------------------------------------------------------------------------------------------------------------
Ile ATT   0   0   0   0   0   0 | Thr ACT   0   0   0   0   0   0 | Asn AAT   0   1   0   1   0   0 | Ser AGT   2   1   3   2   3   3
    ATC   0   0   0   0   0   0 |     ACC   1   1   1   1   1   1 |     AAC   3   3   3   3   3   3 |     AGC   7   7   5   5   5   5
    ATA   0   0   0   0   0   0 |     ACA   0   0   0   0   0   0 | Lys AAA   0   0   0   0   0   0 | Arg AGA   0   0   0   0   0   0
Met ATG   7   7   7   6   7   7 |     ACG   0   0   0   0   0   0 |     AAG   0   0   0   0   0   0 |     AGG   0   0   0   0   0   0
--------------------------------------------------------------------------------------------------------------------------------------
Val GTT   0   0   0   0   0   0 | Ala GCT   2   3   2   2   2   2 | Asp GAT   1   1   1   1   1   1 | Gly GGT   1   1   1   1   1   1
    GTC   0   0   0   0   0   0 |     GCC   2   2   2   2   2   2 |     GAC   0   0   0   0   0   0 |     GGC   8   8  10   9   9   9
    GTA   0   0   0   0   0   0 |     GCA   4   3   4   4   3   5 | Glu GAA   0   0   0   0   0   0 |     GGA   2   2   1   2   2   2
    GTG   2   2   2   3   2   2 |     GCG   1   1   1   1   2   0 |     GAG   0   0   0   0   0   0 |     GGG   1   1   1   1   1   1
--------------------------------------------------------------------------------------------------------------------------------------

--------------------------------------------------------------------------------------------------------------------------------------
Phe TTT   0   0   0   0   0   0 | Ser TCT   1   1   1   1   0   1 | Tyr TAT   0   0   0   0   0   0 | Cys TGT   0   0   0   0   0   0
    TTC   2   2   2   2   2   2 |     TCC   4   4   4   4   4   4 |     TAC   3   3   3   3   3   3 |     TGC   0   0   0   0   0   0
Leu TTA   0   0   0   0   0   0 |     TCA   2   1   1   1   1   1 | *** TAA   0   0   0   0   0   0 | *** TGA   0   0   0   0   0   0
    TTG   1   1   1   1   1   1 |     TCG   1   2   2   2   3   2 |     TAG   0   0   0   0   0   0 | Trp TGG   1   1   1   1   1   1
--------------------------------------------------------------------------------------------------------------------------------------
Leu CTT   1   0   1   1   1   1 | Pro CCT   1   0   2   1   1   1 | His CAT   0   0   0   0   0   0 | Arg CGT   0   0   0   0   1   0
    CTC   0   0   0   0   0   0 |     CCC   9  10   8   9   9   9 |     CAC   0   0   0   0   0   0 |     CGC   1   1   1   1   0   1
    CTA   0   0   0   0   0   0 |     CCA   2   2   1   2   3   3 | Gln CAA   0   0   0   0   0   0 |     CGA   0   0   0   0   0   0
    CTG   0   1   0   0   0   0 |     CCG   1   1   2   1   0   0 |     CAG   1   1   1   1   1   1 |     CGG   1   1   1   1   1   1
--------------------------------------------------------------------------------------------------------------------------------------
Ile ATT   0   0   0   0   0   0 | Thr ACT   0   0   0   0   0   0 | Asn AAT   0   0   1   0   1   0 | Ser AGT   3   3   1   3   2   3
    ATC   0   0   0   0   0   0 |     ACC   1   1   1   1   1   1 |     AAC   3   3   3   3   3   3 |     AGC   5   5   6   5   5   5
    ATA   0   0   0   0   0   0 |     ACA   0   0   0   0   0   0 | Lys AAA   0   0   0   0   0   0 | Arg AGA   0   0   0   0   0   0
Met ATG   6   7   7   7   6   7 |     ACG   0   0   0   0   0   0 |     AAG   0   0   0   0   0   0 |     AGG   0   0   0   0   0   0
--------------------------------------------------------------------------------------------------------------------------------------
Val GTT   0   0   0   0   0   0 | Ala GCT   2   2   2   2   2   2 | Asp GAT   1   1   1   1   1   1 | Gly GGT   1   1   1   1   1   1
    GTC   0   0   0   0   0   0 |     GCC   2   2   2   2   2   2 |     GAC   0   0   0   0   0   0 |     GGC   9   9   9   9   9   9
    GTA   0   0   0   0   0   0 |     GCA   4   5   4   3   4   3 | Glu GAA   0   0   0   0   0   0 |     GGA   2   2   2   2   3   2
    GTG   3   2   2   2   3   2 |     GCG   1   0   1   2   1   2 |     GAG   0   0   0   0   0   0 |     GGG   1   1   1   1   0   1
--------------------------------------------------------------------------------------------------------------------------------------

--------------------------------------------------------------------------------------------------------------------------------------
Phe TTT   0   0   0   0   0   0 | Ser TCT   1   1   1   1   1   1 | Tyr TAT   1   0   0   0   0   0 | Cys TGT   0   0   0   0   0   0
    TTC   2   2   2   2   2   2 |     TCC   4   4   4   4   4   4 |     TAC   2   3   3   3   3   3 |     TGC   0   0   0   0   0   0
Leu TTA   0   0   0   0   0   0 |     TCA   1   1   1   1   2   1 | *** TAA   0   0   0   0   0   0 | *** TGA   0   0   0   0   0   0
    TTG   1   1   1   1   1   1 |     TCG   2   2   2   2   1   2 |     TAG   0   0   0   0   0   0 | Trp TGG   1   1   1   1   1   1
--------------------------------------------------------------------------------------------------------------------------------------
Leu CTT   1   1   1   1   1   1 | Pro CCT   1   1   1   1   2   1 | His CAT   0   0   0   0   0   0 | Arg CGT   0   0   0   0   0   1
    CTC   0   0   0   0   0   0 |     CCC   8   9   9   9   8   9 |     CAC   0   0   0   0   0   0 |     CGC   1   1   1   1   1   0
    CTA   0   0   0   0   0   0 |     CCA   1   2   2   1   2   1 | Gln CAA   0   0   0   0   0   0 |     CGA   0   0   0   0   0   0
    CTG   0   0   0   0   0   0 |     CCG   2   1   1   2   1   2 |     CAG   1   1   1   1   1   1 |     CGG   1   1   1   1   1   1
--------------------------------------------------------------------------------------------------------------------------------------
Ile ATT   0   0   0   0   0   0 | Thr ACT   0   0   0   1   0   0 | Asn AAT   0   0   0   0   0   1 | Ser AGT   3   3   3   3   3   1
    ATC   0   0   0   0   0   0 |     ACC   1   1   1   1   1   1 |     AAC   3   3   3   3   3   3 |     AGC   5   5   5   5   5   6
    ATA   0   0   0   0   0   0 |     ACA   0   0   0   0   0   0 | Lys AAA   0   0   0   0   0   0 | Arg AGA   0   0   0   0   0   0
Met ATG   7   7   7   7   6   7 |     ACG   0   0   0   0   0   0 |     AAG   0   0   0   0   0   0 |     AGG   0   0   0   0   0   0
--------------------------------------------------------------------------------------------------------------------------------------
Val GTT   0   0   0   0   0   0 | Ala GCT   2   2   2   1   2   3 | Asp GAT   1   1   1   1   1   1 | Gly GGT   1   1   1   1   1   0
    GTC   0   0   0   0   0   0 |     GCC   3   2   2   1   2   2 |     GAC   0   0   0   0   0   0 |     GGC   9   8  10   9   9  10
    GTA   0   0   0   0   0   0 |     GCA   4   4   4   3   4   2 | Glu GAA   0   0   0   0   0   0 |     GGA   2   2   1   2   2   2
    GTG   2   2   2   2   3   2 |     GCG   1   1   1   3   1   2 |     GAG   0   0   0   0   0   0 |     GGG   1   2   1   1   1   1
--------------------------------------------------------------------------------------------------------------------------------------

--------------------------------------------------------------------------------------------------------------------------------------
Phe TTT   0   0   0   0   0   0 | Ser TCT   1   1   1   1   1   1 | Tyr TAT   0   0   0   0   0   0 | Cys TGT   0   0   0   0   0   0
    TTC   2   2   2   2   2   2 |     TCC   4   4   4   3   4   4 |     TAC   3   3   3   3   3   3 |     TGC   0   0   0   0   0   0
Leu TTA   0   0   0   1   0   0 |     TCA   1   2   1   1   1   1 | *** TAA   0   0   0   0   0   0 | *** TGA   0   0   0   0   0   0
    TTG   1   1   1   0   1   1 |     TCG   2   1   2   3   2   2 |     TAG   0   0   0   0   0   0 | Trp TGG   1   1   1   1   1   1
--------------------------------------------------------------------------------------------------------------------------------------
Leu CTT   1   1   1   1   1   1 | Pro CCT   0   1   2   0   1   1 | His CAT   0   0   0   0   0   0 | Arg CGT   0   0   0   0   0   0
    CTC   0   0   0   0   0   0 |     CCC  10   9   8  10   9   9 |     CAC   0   0   0   0   0   0 |     CGC   1   1   1   1   1   1
    CTA   0   0   0   0   0   0 |     CCA   1   2   1   1   2   2 | Gln CAA   0   0   0   0   0   0 |     CGA   0   0   0   0   0   0
    CTG   0   0   0   0   0   0 |     CCG   2   1   2   2   1   1 |     CAG   1   1   1   1   1   1 |     CGG   1   1   1   1   1   1
--------------------------------------------------------------------------------------------------------------------------------------
Ile ATT   0   0   0   0   0   0 | Thr ACT   0   0   0   0   0   0 | Asn AAT   1   1   1   1   0   0 | Ser AGT   1   2   1   1   3   4
    ATC   0   0   0   0   0   0 |     ACC   1   1   1   1   1   1 |     AAC   3   3   3   3   3   3 |     AGC   6   5   6   6   6   4
    ATA   0   0   0   0   0   0 |     ACA   0   0   0   0   0   0 | Lys AAA   0   0   0   0   0   0 | Arg AGA   0   0   0   0   0   0
Met ATG   7   6   7   7   7   7 |     ACG   0   0   0   0   0   0 |     AAG   0   0   0   0   0   0 |     AGG   0   0   0   0   0   0
--------------------------------------------------------------------------------------------------------------------------------------
Val GTT   0   0   0   0   0   0 | Ala GCT   2   2   2   3   2   2 | Asp GAT   1   1   1   1   1   0 | Gly GGT   1   1   1   1   1   1
    GTC   0   0   0   0   0   0 |     GCC   2   2   2   2   2   2 |     GAC   0   0   0   0   0   1 |     GGC   9   9   9   9   7   9
    GTA   0   0   0   0   0   0 |     GCA   4   4   4   3   4   4 | Glu GAA   0   0   0   0   0   0 |     GGA   2   2   2   2   2   2
    GTG   2   3   2   2   2   2 |     GCG   1   1   1   1   1   1 |     GAG   0   0   0   0   0   0 |     GGG   1   1   1   1   2   1
--------------------------------------------------------------------------------------------------------------------------------------

--------------------------------------------------------------------------------------------------------------------------------------
Phe TTT   0   0   0   0   0   0 | Ser TCT   1   1   1   1   1   1 | Tyr TAT   0   1   0   0   0   0 | Cys TGT   0   0   0   0   0   0
    TTC   2   2   2   2   2   2 |     TCC   4   4   4   4   4   4 |     TAC   3   2   3   3   3   3 |     TGC   0   0   0   0   0   0
Leu TTA   0   0   0   0   0   0 |     TCA   2   0   1   1   1   1 | *** TAA   0   0   0   0   0   0 | *** TGA   0   0   0   0   0   0
    TTG   1   1   1   1   1   1 |     TCG   1   2   2   2   2   2 |     TAG   0   0   0   0   0   0 | Trp TGG   1   1   1   1   1   1
--------------------------------------------------------------------------------------------------------------------------------------
Leu CTT   1   1   1   1   0   0 | Pro CCT   1   1   2   0   0   2 | His CAT   0   0   0   0   0   0 | Arg CGT   0   0   0   0   0   0
    CTC   0   0   0   0   0   0 |     CCC   9   9   8  10  10   8 |     CAC   0   0   0   0   0   0 |     CGC   1   1   1   1   1   1
    CTA   0   0   0   0   0   0 |     CCA   2   3   2   2   2   2 | Gln CAA   0   0   0   0   0   0 |     CGA   0   0   0   0   0   0
    CTG   0   0   0   0   1   1 |     CCG   1   1   1   1   1   1 |     CAG   1   1   1   1   1   1 |     CGG   1   1   1   1   1   1
--------------------------------------------------------------------------------------------------------------------------------------
Ile ATT   0   0   0   0   0   0 | Thr ACT   0   0   0   0   0   0 | Asn AAT   1   0   1   0   0   0 | Ser AGT   1   3   2   3   3   3
    ATC   0   0   0   0   0   0 |     ACC   1   1   1   1   1   1 |     AAC   3   3   3   3   3   3 |     AGC   6   4   5   5   5   5
    ATA   0   0   0   0   0   0 |     ACA   0   0   0   0   0   0 | Lys AAA   0   0   0   0   0   0 | Arg AGA   0   0   0   0   0   0
Met ATG   6   7   7   7   7   7 |     ACG   0   0   0   0   0   0 |     AAG   0   0   0   0   0   0 |     AGG   0   0   0   0   0   0
--------------------------------------------------------------------------------------------------------------------------------------
Val GTT   0   0   0   0   0   0 | Ala GCT   2   2   2   2   2   2 | Asp GAT   1   0   1   1   1   1 | Gly GGT   1   1   1   1   1   1
    GTC   0   0   0   0   0   0 |     GCC   2   2   2   2   2   2 |     GAC   0   1   0   0   0   0 |     GGC   9  10   9   9   9   9
    GTA   0   0   0   0   0   0 |     GCA   4   4   4   4   5   5 | Glu GAA   0   0   0   0   0   0 |     GGA   2   2   2   2   2   2
    GTG   3   2   2   2   2   2 |     GCG   1   1   1   1   0   0 |     GAG   0   0   0   0   0   0 |     GGG   1   1   1   1   1   1
--------------------------------------------------------------------------------------------------------------------------------------

Codon position x base (3x4) table for each sequence.

#1: Argali         
position  1:    T:0.19737    C:0.22368    A:0.25000    G:0.32895
position  2:    T:0.17105    C:0.40789    A:0.10526    G:0.31579
position  3:    T:0.14474    C:0.50000    A:0.13158    G:0.22368
Average         T:0.17105    C:0.37719    A:0.16228    G:0.28947

#2: LesserMouseDeer
position  1:    T:0.18421    C:0.25000    A:0.23684    G:0.32895
position  2:    T:0.17105    C:0.40789    A:0.09211    G:0.32895
position  3:    T:0.13158    C:0.47368    A:0.10526    G:0.28947
Average         T:0.16228    C:0.37719    A:0.14474    G:0.31579

#3: LesserKudu     
position  1:    T:0.19737    C:0.22368    A:0.25000    G:0.32895
position  2:    T:0.17105    C:0.40789    A:0.10526    G:0.31579
position  3:    T:0.11842    C:0.51316    A:0.13158    G:0.23684
Average         T:0.16228    C:0.38158    A:0.16228    G:0.29386

#4: ForestMuskDeer2
position  1:    T:0.19737    C:0.22368    A:0.25000    G:0.32895
position  2:    T:0.17105    C:0.40789    A:0.10526    G:0.31579
position  3:    T:0.11842    C:0.52632    A:0.11842    G:0.23684
Average         T:0.16228    C:0.38596    A:0.15789    G:0.29386

#5: Camel          
position  1:    T:0.19737    C:0.22368    A:0.25000    G:0.32895
position  2:    T:0.17105    C:0.40789    A:0.10526    G:0.31579
position  3:    T:0.15789    C:0.46053    A:0.11842    G:0.26316
Average         T:0.17544    C:0.36404    A:0.15789    G:0.30263

#6: KillerWhale    
position  1:    T:0.18421    C:0.22368    A:0.27632    G:0.31579
position  2:    T:0.17105    C:0.40789    A:0.11842    G:0.30263
position  3:    T:0.17105    C:0.44737    A:0.13158    G:0.25000
Average         T:0.17544    C:0.35965    A:0.17544    G:0.28947

#7: DefassaWaterbuck
position  1:    T:0.19737    C:0.22368    A:0.23684    G:0.34211
position  2:    T:0.17105    C:0.40789    A:0.10526    G:0.31579
position  3:    T:0.13158    C:0.48684    A:0.10526    G:0.27632
Average         T:0.16667    C:0.37281    A:0.14912    G:0.31140

#8: Sheep          
position  1:    T:0.19737    C:0.22368    A:0.25000    G:0.32895
position  2:    T:0.17105    C:0.40789    A:0.10526    G:0.31579
position  3:    T:0.14474    C:0.50000    A:0.11842    G:0.23684
Average         T:0.17105    C:0.37719    A:0.15789    G:0.29386

#9: MaxwellsDuiker 
position  1:    T:0.19737    C:0.22368    A:0.25000    G:0.32895
position  2:    T:0.17105    C:0.40789    A:0.11842    G:0.30263
position  3:    T:0.11842    C:0.52632    A:0.11842    G:0.23684
Average         T:0.16228    C:0.38596    A:0.16228    G:0.28947

#10: GazellaPrzewalskyi
position  1:    T:0.19737    C:0.22368    A:0.23684    G:0.34211
position  2:    T:0.17105    C:0.40789    A:0.11842    G:0.30263
position  3:    T:0.15789    C:0.48684    A:0.13158    G:0.22368
Average         T:0.17544    C:0.37281    A:0.16228    G:0.28947

#11: MountainNyala  
position  1:    T:0.19737    C:0.22368    A:0.26316    G:0.31579
position  2:    T:0.17105    C:0.40789    A:0.10526    G:0.31579
position  3:    T:0.13158    C:0.48684    A:0.13158    G:0.25000
Average         T:0.16667    C:0.37281    A:0.16667    G:0.29386

#12: MuntiacusMuntjak
position  1:    T:0.19737    C:0.22368    A:0.25000    G:0.32895
position  2:    T:0.17105    C:0.40789    A:0.11842    G:0.30263
position  3:    T:0.13158    C:0.51316    A:0.10526    G:0.25000
Average         T:0.16667    C:0.38158    A:0.15789    G:0.29386

#13: goat           
position  1:    T:0.19737    C:0.22368    A:0.25000    G:0.32895
position  2:    T:0.17105    C:0.40789    A:0.10526    G:0.31579
position  3:    T:0.13158    C:0.52632    A:0.10526    G:0.23684
Average         T:0.16667    C:0.38596    A:0.15351    G:0.29386

#14: AfricanBuffalo 
position  1:    T:0.19737    C:0.22368    A:0.25000    G:0.32895
position  2:    T:0.17105    C:0.40789    A:0.10526    G:0.31579
position  3:    T:0.13158    C:0.51316    A:0.11842    G:0.23684
Average         T:0.16667    C:0.38158    A:0.15789    G:0.29386

#15: Topi           
position  1:    T:0.19737    C:0.22368    A:0.25000    G:0.32895
position  2:    T:0.17105    C:0.42105    A:0.10526    G:0.30263
position  3:    T:0.13158    C:0.51316    A:0.11842    G:0.23684
Average         T:0.16667    C:0.38596    A:0.15789    G:0.28947

#16: CommonDuiker   
position  1:    T:0.19737    C:0.22368    A:0.25000    G:0.32895
position  2:    T:0.17105    C:0.40789    A:0.10526    G:0.31579
position  3:    T:0.14474    C:0.50000    A:0.11842    G:0.23684
Average         T:0.17105    C:0.37719    A:0.15789    G:0.29386

#17: Suni           
position  1:    T:0.19737    C:0.22368    A:0.25000    G:0.32895
position  2:    T:0.17105    C:0.40789    A:0.10526    G:0.31579
position  3:    T:0.14474    C:0.48684    A:0.13158    G:0.23684
Average         T:0.17105    C:0.37281    A:0.16228    G:0.29386

#18: Springbuck     
position  1:    T:0.19737    C:0.22368    A:0.23684    G:0.34211
position  2:    T:0.17105    C:0.40789    A:0.11842    G:0.30263
position  3:    T:0.13158    C:0.51316    A:0.15789    G:0.19737
Average         T:0.16667    C:0.38158    A:0.17105    G:0.28070

#19: Okapi          
position  1:    T:0.19737    C:0.22368    A:0.25000    G:0.32895
position  2:    T:0.17105    C:0.40789    A:0.10526    G:0.31579
position  3:    T:0.11842    C:0.51316    A:0.13158    G:0.23684
Average         T:0.16228    C:0.38158    A:0.16228    G:0.29386

#20: Giraffe        
position  1:    T:0.19737    C:0.22368    A:0.25000    G:0.32895
position  2:    T:0.17105    C:0.40789    A:0.11842    G:0.30263
position  3:    T:0.14474    C:0.48684    A:0.13158    G:0.23684
Average         T:0.17105    C:0.37281    A:0.16667    G:0.28947

#21: TibetanAntelope
position  1:    T:0.19737    C:0.22368    A:0.26316    G:0.31579
position  2:    T:0.17105    C:0.40789    A:0.10526    G:0.31579
position  3:    T:0.14474    C:0.51316    A:0.10526    G:0.23684
Average         T:0.17105    C:0.38158    A:0.15789    G:0.28947

#22: Sitatunga      
position  1:    T:0.19737    C:0.22368    A:0.25000    G:0.32895
position  2:    T:0.17105    C:0.40789    A:0.10526    G:0.31579
position  3:    T:0.10526    C:0.52632    A:0.13158    G:0.23684
Average         T:0.15789    C:0.38596    A:0.16228    G:0.29386

#23: Oribi          
position  1:    T:0.19737    C:0.22368    A:0.23684    G:0.34211
position  2:    T:0.17105    C:0.40789    A:0.11842    G:0.30263
position  3:    T:0.13158    C:0.51316    A:0.14474    G:0.21053
Average         T:0.16667    C:0.38158    A:0.16667    G:0.28509

#24: BarbarySheep   
position  1:    T:0.19737    C:0.22368    A:0.25000    G:0.32895
position  2:    T:0.17105    C:0.40789    A:0.10526    G:0.31579
position  3:    T:0.13158    C:0.52632    A:0.10526    G:0.23684
Average         T:0.16667    C:0.38596    A:0.15351    G:0.29386

#25: Daviddeer      
position  1:    T:0.19737    C:0.22368    A:0.26316    G:0.31579
position  2:    T:0.17105    C:0.40789    A:0.10526    G:0.31579
position  3:    T:0.10526    C:0.53947    A:0.10526    G:0.25000
Average         T:0.15789    C:0.39035    A:0.15789    G:0.29386

#26: Reindeer       
position  1:    T:0.19737    C:0.22368    A:0.26316    G:0.31579
position  2:    T:0.17105    C:0.40789    A:0.11842    G:0.30263
position  3:    T:0.11842    C:0.53947    A:0.10526    G:0.23684
Average         T:0.16228    C:0.39035    A:0.16228    G:0.28509

#27: Ibex           
position  1:    T:0.19737    C:0.22368    A:0.25000    G:0.32895
position  2:    T:0.17105    C:0.40789    A:0.10526    G:0.31579
position  3:    T:0.13158    C:0.52632    A:0.10526    G:0.23684
Average         T:0.16667    C:0.38596    A:0.15351    G:0.29386

#28: GyrantGazelle  
position  1:    T:0.19737    C:0.22368    A:0.23684    G:0.34211
position  2:    T:0.17105    C:0.40789    A:0.11842    G:0.30263
position  3:    T:0.13158    C:0.51316    A:0.13158    G:0.22368
Average         T:0.16667    C:0.38158    A:0.16228    G:0.28947

#29: Hartebeest     
position  1:    T:0.19737    C:0.22368    A:0.25000    G:0.32895
position  2:    T:0.17105    C:0.40789    A:0.10526    G:0.31579
position  3:    T:0.13158    C:0.51316    A:0.11842    G:0.23684
Average         T:0.16667    C:0.38158    A:0.15789    G:0.29386

#30: Bongo          
position  1:    T:0.19737    C:0.22368    A:0.25000    G:0.32895
position  2:    T:0.17105    C:0.40789    A:0.10526    G:0.31579
position  3:    T:0.10526    C:0.52632    A:0.13158    G:0.23684
Average         T:0.15789    C:0.38596    A:0.16228    G:0.29386

#31: Gerenuk        
position  1:    T:0.19737    C:0.22368    A:0.23684    G:0.34211
position  2:    T:0.17105    C:0.40789    A:0.10526    G:0.31579
position  3:    T:0.13158    C:0.51316    A:0.13158    G:0.22368
Average         T:0.16667    C:0.38158    A:0.15789    G:0.29386

#32: CommonEland    
position  1:    T:0.19737    C:0.22368    A:0.25000    G:0.32895
position  2:    T:0.17105    C:0.40789    A:0.10526    G:0.31579
position  3:    T:0.10526    C:0.52632    A:0.13158    G:0.23684
Average         T:0.15789    C:0.38596    A:0.16228    G:0.29386

#33: MuntiacusReevesi
position  1:    T:0.19737    C:0.22368    A:0.25000    G:0.32895
position  2:    T:0.17105    C:0.40789    A:0.11842    G:0.30263
position  3:    T:0.13158    C:0.51316    A:0.10526    G:0.25000
Average         T:0.16667    C:0.38158    A:0.15789    G:0.29386

#34: HarveysDuiker  
position  1:    T:0.19737    C:0.22368    A:0.25000    G:0.32895
position  2:    T:0.17105    C:0.40789    A:0.10526    G:0.31579
position  3:    T:0.13158    C:0.51316    A:0.10526    G:0.25000
Average         T:0.16667    C:0.38158    A:0.15351    G:0.29825

#35: Pronghorn      
position  1:    T:0.19737    C:0.22368    A:0.23684    G:0.34211
position  2:    T:0.17105    C:0.40789    A:0.11842    G:0.30263
position  3:    T:0.13158    C:0.50000    A:0.14474    G:0.22368
Average         T:0.16667    C:0.37719    A:0.16667    G:0.28947

#36: BlueWildebeest 
position  1:    T:0.19737    C:0.22368    A:0.25000    G:0.32895
position  2:    T:0.17105    C:0.40789    A:0.10526    G:0.31579
position  3:    T:0.13158    C:0.51316    A:0.11842    G:0.23684
Average         T:0.16667    C:0.38158    A:0.15789    G:0.29386

#37: Gemsbok        
position  1:    T:0.19737    C:0.21053    A:0.25000    G:0.34211
position  2:    T:0.17105    C:0.40789    A:0.10526    G:0.31579
position  3:    T:0.14474    C:0.50000    A:0.10526    G:0.25000
Average         T:0.17105    C:0.37281    A:0.15351    G:0.30263

#38: Yak            
position  1:    T:0.19737    C:0.22368    A:0.25000    G:0.32895
position  2:    T:0.17105    C:0.40789    A:0.10526    G:0.31579
position  3:    T:0.13158    C:0.50000    A:0.11842    G:0.25000
Average         T:0.16667    C:0.37719    A:0.15789    G:0.29825

#39: BlueSheep      
position  1:    T:0.19737    C:0.22368    A:0.25000    G:0.32895
position  2:    T:0.17105    C:0.40789    A:0.10526    G:0.31579
position  3:    T:0.13158    C:0.52632    A:0.10526    G:0.23684
Average         T:0.16667    C:0.38596    A:0.15351    G:0.29386

#40: BohorReedbuck  
position  1:    T:0.19737    C:0.22368    A:0.26316    G:0.31579
position  2:    T:0.17105    C:0.40789    A:0.10526    G:0.31579
position  3:    T:0.13158    C:0.50000    A:0.09211    G:0.27632
Average         T:0.16667    C:0.37719    A:0.15351    G:0.30263

#41: KirksDik       
position  1:    T:0.19737    C:0.22368    A:0.23684    G:0.34211
position  2:    T:0.17105    C:0.40789    A:0.10526    G:0.31579
position  3:    T:0.14474    C:0.50000    A:0.13158    G:0.22368
Average         T:0.17105    C:0.37719    A:0.15789    G:0.29386

#42: RoeDeer        
position  1:    T:0.19737    C:0.22368    A:0.25000    G:0.32895
position  2:    T:0.17105    C:0.40789    A:0.11842    G:0.30263
position  3:    T:0.13158    C:0.52632    A:0.07895    G:0.26316
Average         T:0.16667    C:0.38596    A:0.14912    G:0.29825

#43: WhiteLippedDeer
position  1:    T:0.19737    C:0.22368    A:0.25000    G:0.32895
position  2:    T:0.17105    C:0.40789    A:0.11842    G:0.30263
position  3:    T:0.10526    C:0.53947    A:0.10526    G:0.25000
Average         T:0.15789    C:0.39035    A:0.15789    G:0.29386

#44: ThomsonGazelle 
position  1:    T:0.19737    C:0.22368    A:0.23684    G:0.34211
position  2:    T:0.17105    C:0.40789    A:0.11842    G:0.30263
position  3:    T:0.13158    C:0.51316    A:0.13158    G:0.22368
Average         T:0.16667    C:0.38158    A:0.16228    G:0.28947

#45: MuntiacusCrinifrons
position  1:    T:0.19737    C:0.22368    A:0.25000    G:0.32895
position  2:    T:0.17105    C:0.40789    A:0.11842    G:0.30263
position  3:    T:0.13158    C:0.51316    A:0.10526    G:0.25000
Average         T:0.16667    C:0.38158    A:0.15789    G:0.29386

#46: WhiteTailedDeer
position  1:    T:0.19737    C:0.22368    A:0.25000    G:0.32895
position  2:    T:0.17105    C:0.40789    A:0.11842    G:0.30263
position  3:    T:0.11842    C:0.52632    A:0.10526    G:0.25000
Average         T:0.16228    C:0.38596    A:0.15789    G:0.29386

#47: Cattle         
position  1:    T:0.19737    C:0.22368    A:0.26316    G:0.31579
position  2:    T:0.17105    C:0.40789    A:0.10526    G:0.31579
position  3:    T:0.13158    C:0.50000    A:0.11842    G:0.25000
Average         T:0.16667    C:0.37719    A:0.16228    G:0.29386

#48: RoyalAntelope  
position  1:    T:0.19737    C:0.22368    A:0.25000    G:0.32895
position  2:    T:0.17105    C:0.40789    A:0.10526    G:0.31579
position  3:    T:0.13158    C:0.51316    A:0.11842    G:0.23684
Average         T:0.16667    C:0.38158    A:0.15789    G:0.29386

#49: Steenbok       
position  1:    T:0.19737    C:0.22368    A:0.23684    G:0.34211
position  2:    T:0.17105    C:0.40789    A:0.11842    G:0.30263
position  3:    T:0.11842    C:0.52632    A:0.13158    G:0.22368
Average         T:0.16228    C:0.38596    A:0.16228    G:0.28947

#50: Impala         
position  1:    T:0.18421    C:0.23684    A:0.23684    G:0.34211
position  2:    T:0.17105    C:0.40789    A:0.10526    G:0.31579
position  3:    T:0.13158    C:0.51316    A:0.11842    G:0.23684
Average         T:0.16228    C:0.38596    A:0.15351    G:0.29825

#51: Klipspringer   
position  1:    T:0.19737    C:0.22368    A:0.25000    G:0.32895
position  2:    T:0.17105    C:0.40789    A:0.11842    G:0.30263
