1
52 1
Argali 0.000000 0.339000 0.084400 0.181100 0.070100 0.000000 0.026800 0.069200 0.099600 0.055600 0.013400 0.069600 0.040600 0.054900 0.055400 0.099700 0.114400 0.068900 0.040600 0.084400 0.055200 0.026700 0.069700 0.069500 0.013400 0.083600 0.054500 0.099600 0.069300 0.069400 0.069800 0.069100 0.117100 0.040600 0.026800 0.084700 0.013200 0.055600 0.069200 0.069800 0.054800 0.083600 0.041000 0.069800 0.100300 0.055400 0.040500 0.055100 0.068900 0.114300 0.099500 0.084400
LesserMous 0.339000 0.000000 0.444000 0.231000 0.369100 0.339000 0.340200 0.362200 0.417300 0.325200 0.360800 0.366700 0.364200 0.344500 0.387700 0.412000 0.341900 0.361700 0.364200 0.445300 0.386200 0.384200 0.347300 0.369100 0.360800 0.434400 0.384700 0.417300 0.412500 0.417300 0.346800 0.364600 0.379000 0.364200 0.339400 0.393100 0.360800 0.391400 0.412100 0.346800 0.345000 0.434400 0.301700 0.322200 0.418500 0.345000 0.363400 0.392400 0.315400 0.391700 0.419800 0.445300
LesserKudu 0.084400 0.444000 0.000000 0.217900 0.055600 0.084400 0.054600 0.069000 0.013300 0.085700 0.069200 0.040700 0.040600 0.054800 0.070300 0.131700 0.114600 0.098300 0.040600 0.000000 0.116400 0.084000 0.069800 0.069400 0.069200 0.114000 0.054600 0.013300 0.099100 0.013300 0.069700 0.069000 0.070700 0.040600 0.054900 0.055000 0.069200 0.041400 0.099000 0.069700 0.054900 0.114000 0.100300 0.069900 0.069800 0.085400 0.069300 0.055300 0.069000 0.083700 0.013400 0.000000
KillerWhal 0.181100 0.231000 0.217900 0.000000 0.178000 0.181100 0.146900 0.163600 0.199400 0.219300 0.163100 0.164500 0.163700 0.147700 0.194400 0.198900 0.179600 0.196400 0.163700 0.217800 0.212800 0.180200 0.199400 0.192800 0.163100 0.180300 0.179900 0.199400 0.198400 0.199400 0.199500 0.163800 0.201700 0.163700 0.180800 0.181900 0.163100 0.196600 0.198400 0.199500 0.180500 0.180300 0.200200 0.159000 0.200200 0.219400 0.163700 0.219100 0.161700 0.215400 0.200200 0.217800
DefassaWat 0.070100 0.369100 0.055600 0.178000 0.000000 0.070100 0.055400 0.098500 0.066200 0.071200 0.069900 0.037800 0.041100 0.055500 0.041200 0.129700 0.113300 0.099600 0.041100 0.055500 0.101000 0.084900 0.070500 0.070300 0.069900 0.115600 0.055200 0.066200 0.100500 0.070100 0.070600 0.069900 0.086700 0.041100 0.041100 0.051200 0.069900 0.013500 0.100400 0.070600 0.055400 0.115600 0.085900 0.070400 0.068700 0.070900 0.070100 0.041300 0.069700 0.084600 0.041200 0.055500
Sheep 0.000000 0.339000 0.084400 0.181100 0.070100 0.000000 0.026800 0.069200 0.099600 0.055600 0.013300 0.069600 0.040600 0.054900 0.055400 0.099700 0.114400 0.068900 0.040600 0.084400 0.055200 0.027000 0.069700 0.069500 0.013400 0.083600 0.054500 0.099600 0.069300 0.069400 0.069800 0.069100 0.117100 0.040600 0.026800 0.084700 0.013200 0.055600 0.069200 0.069800 0.054800 0.083600 0.041000 0.069800 0.100300 0.055400 0.040500 0.055100 0.068900 0.114300 0.099500 0.084400
MaxwellsDu 0.026800 0.340200 0.054600 0.146900 0.055400 0.026800 0.000000 0.040300 0.069200 0.055600 0.013200 0.040600 0.013400 0.026700 0.041000 0.069400 0.083500 0.068300 0.013400 0.054700 0.055200 0.026600 0.040800 0.040600 0.013200 0.054500 0.026600 0.069200 0.040400 0.040600 0.040800 0.040300 0.085400 0.013200 0.026700 0.054900 0.013200 0.041200 0.040300 0.040800 0.026800 0.054200 0.040900 0.040900 0.069500 0.055400 0.013200 0.055100 0.040300 0.083400 0.068900 0.054700
GazellaPrz 0.069200 0.362200 0.069000 0.163600 0.098500 0.069200 0.040300 0.000000 0.054600 0.100300 0.054400 0.054600 0.054300 0.068700 0.081400 0.054800 0.098400 0.113000 0.054300 0.069100 0.067300 0.068800 0.084100 0.083500 0.054400 0.068300 0.040200 0.054600 0.054300 0.054600 0.084100 0.082600 0.132700 0.054000 0.068900 0.069300 0.054400 0.081800 0.054100 0.083900 0.068800 0.068300 0.084200 0.082300 0.084100 0.100200 0.026600 0.099700 0.083300 0.098200 0.083600 0.069100
MountainNy 0.099600 0.417300 0.013300 0.199400 0.066200 0.099600 0.069200 0.054600 0.000000 0.101000 0.083900 0.026800 0.054700 0.069300 0.080700 0.115300 0.098900 0.113900 0.054700 0.013200 0.130000 0.099000 0.084300 0.084300 0.083900 0.130100 0.068900 0.000000 0.114900 0.026700 0.084600 0.083800 0.085700 0.054700 0.069300 0.040700 0.083900 0.049700 0.114800 0.084600 0.069000 0.130100 0.116200 0.081500 0.055200 0.100700 0.084000 0.069800 0.083600 0.098600 0.026800 0.013200
MuntiacusM 0.055600 0.325200 0.085700 0.219300 0.071200 0.055600 0.055600 0.100300 0.101000 0.000000 0.070100 0.070700 0.041400 0.056000 0.056200 0.133400 0.085300 0.069900 0.041400 0.085700 0.086300 0.085000 0.013500 0.041800 0.070100 0.116300 0.055400 0.101000 0.101100 0.101000 0.013500 0.070300 0.087600 0.041400 0.027200 0.086000 0.070100 0.056600 0.100700 0.013500 0.027400 0.116300 0.013500 0.042000 0.102200 0.056100 0.070300 0.056100 0.070000 0.085400 0.100700 0.085700
goat 0.013400 0.360800 0.069200 0.163100 0.069900 0.013300 0.013200 0.054400 0.083900 0.070100 0.000000 0.054800 0.026700 0.040500 0.055200 0.084000 0.098400 0.054300 0.026700 0.069100 0.069600 0.013300 0.054900 0.054700 0.000000 0.068600 0.040300 0.083900 0.054500 0.054600 0.054900 0.054400 0.100500 0.026700 0.040500 0.069300 0.000000 0.055500 0.054500 0.054900 0.040400 0.068600 0.055100 0.054900 0.084500 0.069800 0.026600 0.069500 0.054300 0.098300 0.083800 0.069100
AfricanBuf 0.069600 0.366700 0.040700 0.164500 0.037800 0.069600 0.040600 0.054600 0.026800 0.070700 0.054800 0.000000 0.027000 0.040700 0.051200 0.084600 0.069200 0.083300 0.026800 0.040800 0.099100 0.069200 0.055300 0.055000 0.054800 0.098700 0.040500 0.026800 0.084100 0.054900 0.055200 0.054600 0.070700 0.026800 0.040800 0.013300 0.054800 0.019700 0.083900 0.055200 0.040800 0.098700 0.085000 0.053100 0.027200 0.070400 0.054900 0.041000 0.054600 0.069000 0.054700 0.040800
Topi 0.040600 0.364200 0.040600 0.163700 0.041100 0.040600 0.013400 0.054300 0.054700 0.041400 0.026700 0.027000 0.000000 0.013500 0.027100 0.084300 0.068900 0.054100 0.000000 0.040600 0.069900 0.040400 0.027000 0.027200 0.026700 0.068600 0.013200 0.054700 0.054600 0.054700 0.026900 0.026700 0.070400 0.000000 0.013300 0.040800 0.026700 0.027200 0.054400 0.026900 0.013300 0.068700 0.055200 0.027100 0.055100 0.041100 0.026700 0.040900 0.026600 0.068800 0.054500 0.040600
CommonDuik 0.054900 0.344500 0.054800 0.147700 0.055500 0.054900 0.026700 0.068700 0.069300 0.056000 0.040500 0.040700 0.013500 0.000000 0.041100 0.099700 0.083600 0.068400 0.013400 0.054900 0.085000 0.054500 0.041100 0.040800 0.040500 0.083500 0.026700 0.069300 0.069100 0.069300 0.041000 0.013400 0.085700 0.013400 0.026900 0.055100 0.040500 0.041400 0.068900 0.041000 0.026900 0.083500 0.070000 0.013500 0.069800 0.055500 0.040600 0.055300 0.040500 0.083700 0.069000 0.054900
Suni 0.055400 0.387700 0.070300 0.194400 0.041200 0.055400 0.041000 0.081400 0.080700 0.056200 0.055200 0.051200 0.027100 0.041100 0.000000 0.112200 0.096100 0.084300 0.027100 0.070200 0.085700 0.069800 0.055700 0.055600 0.055200 0.099900 0.040900 0.080700 0.085000 0.085200 0.055800 0.055300 0.102300 0.027100 0.027000 0.065500 0.055200 0.027200 0.084900 0.055800 0.041100 0.099900 0.070600 0.055900 0.082800 0.056000 0.055400 0.055700 0.055100 0.100000 0.085200 0.070200
Springbuck 0.099700 0.412000 0.131700 0.198900 0.129700 0.099700 0.069400 0.054800 0.115300 0.133400 0.084000 0.084600 0.084300 0.099700 0.112200 0.000000 0.130300 0.145900 0.084300 0.131600 0.034400 0.099100 0.116000 0.115500 0.084000 0.040600 0.069100 0.115300 0.026900 0.115400 0.116100 0.114700 0.167700 0.084300 0.099600 0.100100 0.084000 0.113000 0.054900 0.116100 0.099600 0.040600 0.116500 0.112800 0.116300 0.133000 0.054900 0.132400 0.114500 0.130400 0.147700 0.131600
Okapi 0.114400 0.341900 0.114600 0.179600 0.113300 0.114400 0.083500 0.098400 0.098900 0.085300 0.098400 0.069200 0.068900 0.083600 0.096100 0.130300 0.000000 0.040400 0.068900 0.114500 0.145700 0.113700 0.069500 0.069300 0.098400 0.145200 0.083200 0.098900 0.129900 0.130400 0.069600 0.068900 0.085700 0.068900 0.083700 0.084200 0.098400 0.096800 0.129800 0.069600 0.054600 0.145200 0.100100 0.066300 0.099700 0.115600 0.098600 0.115300 0.098000 0.083600 0.130100 0.114500
Giraffe 0.068900 0.361700 0.098300 0.196400 0.099600 0.068900 0.068300 0.113000 0.113900 0.069900 0.054300 0.083300 0.054100 0.068400 0.084300 0.145900 0.040400 0.000000 0.054100 0.098500 0.130600 0.068600 0.054700 0.054400 0.054300 0.128100 0.068300 0.113900 0.113100 0.113900 0.054600 0.054100 0.070100 0.054100 0.068600 0.098800 0.054300 0.084700 0.113100 0.054600 0.040400 0.128100 0.084100 0.054800 0.114200 0.099500 0.083200 0.099100 0.082800 0.068600 0.113300 0.098500
TibetanAnt 0.040600 0.364200 0.040600 0.163700 0.041100 0.040600 0.013400 0.054300 0.054700 0.041400 0.026700 0.026800 0.000000 0.013400 0.027100 0.084300 0.068900 0.054100 0.000000 0.040600 0.069900 0.040400 0.027000 0.026800 0.026700 0.068600 0.013200 0.054700 0.054600 0.054700 0.026900 0.026900 0.070400 0.000000 0.013300 0.040800 0.026700 0.027200 0.054400 0.026900 0.013300 0.068600 0.055200 0.027100 0.055100 0.041100 0.026700 0.040900 0.026600 0.068800 0.054500 0.040600
Sitatunga 0.084400 0.445300 0.000000 0.217800 0.055500 0.084400 0.054700 0.069100 0.013200 0.085700 0.069100 0.040800 0.040600 0.054900 0.070200 0.131600 0.114500 0.098500 0.040600 0.000000 0.116300 0.083900 0.069500 0.069500 0.069100 0.114300 0.054500 0.013300 0.099400 0.013200 0.069800 0.069100 0.070600 0.040600 0.054900 0.055000 0.069100 0.041300 0.099200 0.069800 0.054700 0.114300 0.100500 0.069900 0.069900 0.085300 0.069200 0.055200 0.068900 0.083600 0.013300 0.000000
Oribi 0.055200 0.386200 0.116400 0.212800 0.101000 0.055200 0.055200 0.067300 0.130000 0.086300 0.069600 0.099100 0.069900 0.085000 0.085700 0.034400 0.145700 0.130600 0.069900 0.116300 0.000000 0.084500 0.101000 0.100700 0.069600 0.026900 0.054900 0.130000 0.013400 0.100400 0.101100 0.099900 0.152000 0.069900 0.055200 0.114200 0.069600 0.086200 0.040900 0.101100 0.085000 0.026900 0.070600 0.100800 0.132400 0.085800 0.040900 0.085300 0.099600 0.115300 0.132100 0.116300
BarbaryShe 0.026700 0.384200 0.084000 0.180200 0.084900 0.027000 0.026600 0.068800 0.099000 0.085000 0.013300 0.069200 0.040400 0.054500 0.069800 0.099100 0.113700 0.068600 0.040400 0.083900 0.084500 0.000000 0.069300 0.069000 0.013300 0.083200 0.054200 0.099000 0.068900 0.069100 0.069300 0.068700 0.116200 0.040400 0.054500 0.084200 0.013300 0.070100 0.068900 0.069300 0.054500 0.083200 0.069600 0.069300 0.099700 0.084700 0.040300 0.084300 0.068600 0.113600 0.098900 0.083900
Daviddeer 0.069700 0.347300 0.069800 0.199400 0.070500 0.069700 0.040800 0.084100 0.084300 0.013500 0.054900 0.055300 0.027000 0.041100 0.055700 0.116000 0.069500 0.054700 0.027000 0.069500 0.101000 0.069300 0.000000 0.027200 0.054900 0.099500 0.040700 0.084300 0.084700 0.084300 0.000000 0.055000 0.071300 0.027000 0.041000 0.070000 0.054900 0.056100 0.084400 0.000000 0.013500 0.099500 0.027000 0.027400 0.085500 0.070200 0.055000 0.070300 0.054800 0.069600 0.084400 0.069600
Reindeer 0.069500 0.369100 0.069400 0.192800 0.070300 0.069500 0.040600 0.083500 0.084300 0.041800 0.054700 0.055000 0.027200 0.040800 0.055600 0.115500 0.069300 0.054400 0.026800 0.069500 0.100700 0.069000 0.027200 0.000000 0.054700 0.098800 0.040600 0.084300 0.084100 0.084300 0.027200 0.054700 0.071000 0.026800 0.040800 0.069800 0.054700 0.055900 0.083800 0.027200 0.013400 0.098800 0.055700 0.027300 0.085000 0.070400 0.054800 0.070100 0.054600 0.069300 0.083900 0.069500
Ibex 0.013400 0.360800 0.069200 0.163100 0.069900 0.013400 0.013200 0.054400 0.083900 0.070100 0.000000 0.054800 0.026700 0.040500 0.055200 0.084000 0.098400 0.054300 0.026700 0.069100 0.069600 0.013300 0.054900 0.054700 0.000000 0.068600 0.040300 0.083900 0.054500 0.054600 0.054900 0.054400 0.100500 0.026700 0.040500 0.069300 0.000000 0.055500 0.054500 0.054900 0.040400 0.068600 0.055100 0.054900 0.084500 0.069800 0.026600 0.069500 0.054300 0.098300 0.083800 0.069100
GyrantGaze 0.083600 0.434400 0.114000 0.180300 0.115600 0.083600 0.054500 0.068300 0.130100 0.116300 0.068600 0.098700 0.068600 0.083500 0.099900 0.040600 0.145200 0.128100 0.068600 0.114300 0.026900 0.083200 0.099500 0.098800 0.068600 0.000000 0.054100 0.130100 0.013200 0.098700 0.099300 0.098000 0.149000 0.068600 0.083600 0.114600 0.068600 0.100400 0.040200 0.099300 0.083700 0.000000 0.099700 0.099600 0.130800 0.115600 0.040300 0.115100 0.098100 0.113300 0.129400 0.114300
Hartebeest 0.054500 0.384700 0.054600 0.179900 0.055200 0.054500 0.026600 0.040200 0.068900 0.055400 0.040300 0.040500 0.013200 0.026700 0.040900 0.069100 0.083200 0.068300 0.013200 0.054500 0.054900 0.054200 0.040700 0.040600 0.040300 0.054100 0.000000 0.068900 0.040400 0.068900 0.040700 0.040300 0.085100 0.013200 0.026700 0.054700 0.040300 0.041100 0.040300 0.040700 0.026600 0.054100 0.069600 0.040700 0.069500 0.055200 0.013200 0.054900 0.040200 0.054100 0.068800 0.054500
Bongo 0.099600 0.417300 0.013300 0.199400 0.066200 0.099600 0.069200 0.054600 0.000000 0.101000 0.083900 0.026800 0.054700 0.069300 0.080700 0.115300 0.098900 0.113900 0.054700 0.013300 0.130000 0.099000 0.084300 0.084300 0.083900 0.130100 0.068900 0.000000 0.114900 0.026700 0.084600 0.083800 0.085700 0.054700 0.069300 0.040700 0.083900 0.049700 0.114800 0.084600 0.069000 0.130100 0.116200 0.081500 0.055200 0.100700 0.084000 0.069800 0.083600 0.098600 0.026800 0.013300
Gerenuk 0.069300 0.412500 0.099100 0.198400 0.100500 0.069300 0.040400 0.054300 0.114900 0.101100 0.054500 0.084100 0.054600 0.069100 0.085000 0.026900 0.129900 0.113100 0.054600 0.099400 0.013400 0.068900 0.084700 0.084100 0.054500 0.013200 0.040400 0.114900 0.000000 0.084000 0.084500 0.083500 0.133300 0.054600 0.069200 0.099700 0.054500 0.085500 0.026600 0.084500 0.069300 0.013200 0.084700 0.084800 0.115600 0.100500 0.026700 0.100000 0.083500 0.098600 0.114300 0.099400
CommonElan 0.069400 0.417300 0.013300 0.199400 0.070100 0.069400 0.040600 0.054600 0.026700 0.101000 0.054600 0.054900 0.054700 0.069300 0.085200 0.115400 0.130400 0.113900 0.054700 0.013200 0.100400 0.069100 0.084300 0.084300 0.054600 0.098700 0.068900 0.026700 0.084000 0.000000 0.084600 0.083800 0.085700 0.054700 0.069300 0.069500 0.054600 0.055700 0.084000 0.084600 0.069000 0.098700 0.085000 0.084600 0.084800 0.100700 0.054700 0.069700 0.083600 0.098600 0.026800 0.013200
MuntiacusR 0.069800 0.346800 0.069700 0.199500 0.070600 0.069800 0.040800 0.084100 0.084600 0.013500 0.054900 0.055200 0.026900 0.041000 0.055800 0.116100 0.069600 0.054600 0.026900 0.069800 0.101100 0.069300 0.000000 0.027200 0.054900 0.099300 0.040700 0.084600 0.084500 0.084600 0.000000 0.055800 0.071300 0.026900 0.041000 0.070100 0.054900 0.056200 0.083300 0.000000 0.013400 0.099300 0.027400 0.027400 0.085300 0.070300 0.055100 0.070400 0.054900 0.069700 0.084200 0.069800
HarveysDui 0.069100 0.364600 0.069000 0.163800 0.069900 0.069100 0.040300 0.082600 0.083800 0.070300 0.054400 0.054600 0.026700 0.013400 0.055300 0.114700 0.068900 0.054100 0.026900 0.069100 0.099900 0.068700 0.055000 0.054700 0.054400 0.098000 0.040300 0.083800 0.083500 0.083800 0.055800 0.000000 0.100700 0.026700 0.040600 0.069400 0.054400 0.055600 0.083100 0.054900 0.040600 0.098000 0.084300 0.027100 0.084300 0.069900 0.054500 0.069600 0.054300 0.098300 0.083400 0.069100
Pronghorn 0.117100 0.379000 0.070700 0.201700 0.086700 0.117100 0.085400 0.132700 0.085700 0.087600 0.100500 0.070700 0.070400 0.085700 0.102300 0.167700 0.085700 0.070100 0.070400 0.070600 0.152000 0.116200 0.071300 0.071000 0.100500 0.149000 0.085100 0.085700 0.133300 0.085700 0.071300 0.100700 0.000000 0.070400 0.085700 0.086000 0.100500 0.071700 0.132900 0.071300 0.056000 0.149000 0.102800 0.071300 0.102200 0.118600 0.100900 0.086300 0.100200 0.055600 0.085500 0.070600
BlueWildeb 0.040600 0.364200 0.040600 0.163700 0.041100 0.040600 0.013200 0.054000 0.054700 0.041400 0.026700 0.026800 0.000000 0.013400 0.027100 0.084300 0.068900 0.054100 0.000000 0.040600 0.069900 0.040400 0.027000 0.026800 0.026700 0.068600 0.013200 0.054700 0.054600 0.054700 0.026900 0.026700 0.070400 0.000000 0.013300 0.040800 0.026700 0.027200 0.054400 0.026900 0.013300 0.068600 0.055800 0.027100 0.055100 0.041100 0.026700 0.040900 0.026600 0.068800 0.054500 0.040600
Gemsbok 0.026800 0.339400 0.054900 0.180800 0.041100 0.026800 0.026700 0.068900 0.069300 0.027200 0.040500 0.040800 0.013300 0.026900 0.027000 0.099600 0.083700 0.068600 0.013300 0.054900 0.055200 0.054500 0.041000 0.040800 0.040500 0.083600 0.026700 0.069300 0.069200 0.069300 0.041000 0.040600 0.085700 0.013300 0.000000 0.055100 0.040500 0.027200 0.069100 0.041000 0.026800 0.083600 0.041000 0.041000 0.070000 0.027100 0.040600 0.027000 0.040400 0.083700 0.069200 0.054900
Yak 0.084700 0.393100 0.055000 0.181900 0.051200 0.084700 0.054900 0.069300 0.040700 0.086000 0.069300 0.013300 0.040800 0.055100 0.065500 0.100100 0.084200 0.098800 0.040800 0.055000 0.114200 0.084200 0.070000 0.069800 0.069300 0.114600 0.054700 0.040700 0.099700 0.069500 0.070100 0.069400 0.086000 0.040800 0.055100 0.000000 0.069300 0.034500 0.099600 0.070100 0.055000 0.114600 0.100900 0.066800 0.013400 0.085600 0.069500 0.055400 0.069100 0.083800 0.069400 0.055000
BlueSheep 0.013200 0.360800 0.069200 0.163100 0.069900 0.013200 0.013200 0.054400 0.083900 0.070100 0.000000 0.054800 0.026700 0.040500 0.055200 0.084000 0.098400 0.054300 0.026700 0.069100 0.069600 0.013300 0.054900 0.054700 0.000000 0.068600 0.040300 0.083900 0.054500 0.054600 0.054900 0.054400 0.100500 0.026700 0.040500 0.069300 0.000000 0.055500 0.054500 0.054900 0.040400 0.068600 0.055100 0.054900 0.084500 0.069800 0.026600 0.069500 0.054300 0.098300 0.083800 0.069100
BohorReedb 0.055600 0.391400 0.041400 0.196600 0.013500 0.055600 0.041200 0.081800 0.049700 0.056600 0.055500 0.019700 0.027200 0.041400 0.027200 0.113000 0.096800 0.084700 0.027200 0.041300 0.086200 0.070100 0.056100 0.055900 0.055500 0.100400 0.041100 0.049700 0.085500 0.055700 0.056200 0.055600 0.071700 0.027200 0.027200 0.034500 0.055500 0.000000 0.085400 0.056200 0.041300 0.100400 0.071100 0.056200 0.052000 0.056300 0.055600 0.027400 0.055400 0.070000 0.055600 0.041300
KirksDik 0.069200 0.412100 0.099000 0.198400 0.100400 0.069200 0.040300 0.054100 0.114800 0.100700 0.054500 0.083900 0.054400 0.068900 0.084900 0.054900 0.129800 0.113100 0.054400 0.099200 0.040900 0.068900 0.084400 0.083800 0.054500 0.040200 0.040300 0.114800 0.026600 0.084000 0.083300 0.083100 0.132900 0.054400 0.069100 0.099600 0.054500 0.085400 0.000000 0.084200 0.069000 0.040200 0.084500 0.084500 0.115300 0.100300 0.026700 0.099800 0.083400 0.098400 0.114200 0.099200
RoeDeer 0.069800 0.346800 0.069700 0.199500 0.070600 0.069800 0.040800 0.083900 0.084600 0.013500 0.054900 0.055200 0.026900 0.041000 0.055800 0.116100 0.069600 0.054600 0.026900 0.069800 0.101100 0.069300 0.000000 0.027200 0.054900 0.099300 0.040700 0.084600 0.084500 0.084600 0.000000 0.054900 0.071300 0.026900 0.041000 0.070100 0.054900 0.056200 0.084200 0.000000 0.013400 0.099300 0.027000 0.027400 0.085300 0.070300 0.055100 0.070400 0.054900 0.069700 0.084200 0.069800
WhiteLippe 0.054800 0.345000 0.054900 0.180500 0.055400 0.054800 0.026800 0.068800 0.069000 0.027400 0.040400 0.040800 0.013300 0.026900 0.041100 0.099600 0.054600 0.040400 0.013300 0.054700 0.085000 0.054500 0.013500 0.013400 0.040400 0.083700 0.026600 0.069000 0.069300 0.069000 0.013400 0.040600 0.056000 0.013300 0.026800 0.055000 0.040400 0.041300 0.069000 0.013400 0.000000 0.083700 0.041200 0.013400 0.070000 0.055500 0.040500 0.055200 0.040400 0.054700 0.069100 0.054700
ThomsonGaz 0.083600 0.434400 0.114000 0.180300 0.115600 0.083600 0.054200 0.068300 0.130100 0.116300 0.068600 0.098700 0.068700 0.083500 0.099900 0.040600 0.145200 0.128100 0.068600 0.114300 0.026900 0.083200 0.099500 0.098800 0.068600 0.000000 0.054100 0.130100 0.013200 0.098700 0.099300 0.098000 0.149000 0.068600 0.083600 0.114600 0.068600 0.100400 0.040200 0.099300 0.083700 0.000000 0.099500 0.099600 0.130800 0.115600 0.040300 0.115100 0.098100 0.113300 0.129400 0.114300
MuntiacusC 0.041000 0.301700 0.100300 0.200200 0.085900 0.041000 0.040900 0.084200 0.116200 0.013500 0.055100 0.085000 0.055200 0.070000 0.070600 0.116500 0.100100 0.084100 0.055200 0.100500 0.070600 0.069600 0.027000 0.055700 0.055100 0.099700 0.069600 0.116200 0.084700 0.085000 0.027400 0.084300 0.102800 0.055800 0.041000 0.100900 0.055100 0.071100 0.084500 0.027000 0.041200 0.099500 0.000000 0.056100 0.117000 0.070400 0.055300 0.070400 0.084400 0.100200 0.115500 0.100500
WhiteTaile 0.069800 0.322200 0.069900 0.159000 0.070400 0.069800 0.040900 0.082300 0.081500 0.042000 0.054900 0.053100 0.027100 0.013500 0.055900 0.112800 0.066300 0.054800 0.027100 0.069900 0.100800 0.069300 0.027400 0.027300 0.054900 0.099600 0.040700 0.081500 0.084800 0.084600 0.027400 0.027100 0.071300 0.027100 0.041000 0.066800 0.054900 0.056200 0.084500 0.027400 0.013400 0.099600 0.056100 0.000000 0.084100 0.070700 0.055100 0.070400 0.054900 0.069700 0.084500 0.069900
Cattle 0.100300 0.418500 0.069800 0.200200 0.068700 0.100300 0.069500 0.084100 0.055200 0.102200 0.084500 0.027200 0.055100 0.069800 0.082800 0.116300 0.099700 0.114200 0.055100 0.069900 0.132400 0.099700 0.085500 0.085000 0.084500 0.130800 0.069500 0.055200 0.115600 0.084800 0.085300 0.084300 0.102200 0.055100 0.070000 0.013400 0.084500 0.052000 0.115300 0.085300 0.070000 0.130800 0.117000 0.084100 0.000000 0.101600 0.084700 0.070400 0.084200 0.099500 0.084400 0.069900
RoyalAntel 0.055400 0.345000 0.085400 0.219400 0.070900 0.055400 0.055400 0.100200 0.100700 0.056100 0.069800 0.070400 0.041100 0.055500 0.056000 0.133000 0.115600 0.099500 0.041100 0.085300 0.085800 0.084700 0.070200 0.070400 0.069800 0.115600 0.055200 0.100700 0.100500 0.100700 0.070300 0.069900 0.118600 0.041100 0.027100 0.085600 0.069800 0.056300 0.100300 0.070300 0.055500 0.115600 0.070400 0.070700 0.101600 0.000000 0.070000 0.055800 0.041000 0.115700 0.100500 0.085300
Steenbok 0.040500 0.363400 0.069300 0.163700 0.070100 0.040500 0.013200 0.026600 0.084000 0.070300 0.026600 0.054900 0.026700 0.040600 0.055400 0.054900 0.098600 0.083200 0.026700 0.069200 0.040900 0.040300 0.055000 0.054800 0.026600 0.040300 0.013200 0.084000 0.026700 0.054700 0.055100 0.054500 0.100900 0.026700 0.040600 0.069500 0.026600 0.055600 0.026700 0.055100 0.040500 0.040300 0.055300 0.055100 0.084700 0.070000 0.000000 0.069700 0.054400 0.068700 0.084000 0.069200
Impala 0.055100 0.392400 0.055300 0.219100 0.041300 0.055100 0.055100 0.099700 0.069800 0.056100 0.069500 0.041000 0.040900 0.055300 0.055700 0.132400 0.115300 0.099100 0.040900 0.055200 0.085300 0.084300 0.070300 0.070100 0.069500 0.115100 0.054900 0.069800 0.100000 0.069700 0.070400 0.069600 0.086300 0.040900 0.027000 0.055400 0.069500 0.027400 0.099800 0.070400 0.055200 0.115100 0.070400 0.070400 0.070400 0.055800 0.069700 0.000000 0.069300 0.084200 0.069700 0.055200
Klipspring 0.068900 0.315400 0.069000 0.161700 0.069700 0.068900 0.040300 0.083300 0.083600 0.070000 0.054300 0.054600 0.026600 0.040500 0.055100 0.114500 0.098000 0.082800 0.026600 0.068900 0.099600 0.068600 0.054800 0.054600 0.054300 0.098100 0.040200 0.083600 0.083500 0.083600 0.054900 0.054300 0.100200 0.026600 0.040400 0.069100 0.054300 0.055400 0.083400 0.054900 0.040400 0.098100 0.084400 0.054900 0.084200 0.041000 0.054400 0.069300 0.000000 0.097900 0.083500 0.068900
ForestMusk 0.114300 0.391700 0.083700 0.215400 0.084600 0.114300 0.083400 0.098200 0.098600 0.085400 0.098300 0.069000 0.068800 0.083700 0.100000 0.130400 0.083600 0.068600 0.068800 0.083600 0.115300 0.113600 0.069600 0.069300 0.098300 0.113300 0.054100 0.098600 0.098600 0.098600 0.069700 0.098300 0.055600 0.068800 0.083700 0.083800 0.098300 0.070000 0.098400 0.069700 0.054700 0.113300 0.100200 0.069700 0.099500 0.115700 0.068700 0.084200 0.097900 0.000000 0.098400 0.083600
Bushbuck 0.099500 0.419800 0.013400 0.200200 0.041200 0.099500 0.068900 0.083600 0.026800 0.100700 0.083800 0.054700 0.054500 0.069000 0.085200 0.147700 0.130100 0.113300 0.054500 0.013300 0.132100 0.098900 0.084400 0.083900 0.083800 0.129400 0.068800 0.026800 0.114300 0.026800 0.084200 0.083400 0.085500 0.054500 0.069200 0.069400 0.083800 0.055600 0.114200 0.084200 0.069100 0.129400 0.115500 0.084500 0.084400 0.100500 0.084000 0.069700 0.083500 0.098400 0.000000 0.013300
GreaterKud 0.084400 0.445300 0.000000 0.217800 0.055500 0.084400 0.054700 0.069100 0.013200 0.085700 0.069100 0.040800 0.040600 0.054900 0.070200 0.131600 0.114500 0.098500 0.040600 0.000000 0.116300 0.083900 0.069600 0.069500 0.069100 0.114300 0.054500 0.013300 0.099400 0.013200 0.069800 0.069100 0.070600 0.040600 0.054900 0.055000 0.069100 0.041300 0.099200 0.069800 0.054700 0.114300 0.100500 0.069900 0.069900 0.085300 0.069200 0.055200 0.068900 0.083600 0.013300 0.000000
