1
52 1
Argali 0.000000 0.291500 0.060000 0.244200 0.095400 0.019300 0.072800 0.065200 0.026100 0.121600 0.038700 0.084800 0.039600 0.053400 0.045200 0.091100 0.080100 0.101400 0.032600 0.026300 0.064800 0.025700 0.122000 0.127700 0.051700 0.110200 0.051600 0.045900 0.104800 0.026300 0.121600 0.046300 0.079900 0.039100 0.065700 0.066400 0.025500 0.089600 0.090200 0.164200 0.121900 0.103800 0.136100 0.125700 0.066100 0.053900 0.052000 0.078100 0.125500 0.073200 0.026200 0.045900
LesserMous 0.291500 0.000000 0.340100 0.268100 0.366500 0.294200 0.347800 0.324200 0.309000 0.305800 0.319200 0.344200 0.314200 0.296500 0.334100 0.386200 0.279500 0.289600 0.301100 0.293600 0.321200 0.283300 0.307100 0.311300 0.336000 0.408900 0.324400 0.317100 0.414500 0.293600 0.305800 0.295100 0.307100 0.321400 0.322400 0.326900 0.316000 0.349800 0.380400 0.316900 0.306900 0.400200 0.323100 0.343700 0.325200 0.315800 0.317600 0.398100 0.394900 0.317000 0.310000 0.316000
LesserKudu 0.060000 0.340100 0.000000 0.279100 0.118500 0.046800 0.109600 0.101100 0.060000 0.145500 0.067000 0.106100 0.060700 0.089700 0.080400 0.128000 0.116000 0.123600 0.053300 0.060500 0.114500 0.053300 0.146000 0.151500 0.066300 0.147600 0.080000 0.080400 0.142300 0.046800 0.145500 0.082100 0.115800 0.067300 0.087200 0.087600 0.066400 0.133800 0.112500 0.181100 0.145900 0.140900 0.160300 0.164500 0.087300 0.082600 0.073400 0.128700 0.164100 0.094700 0.060200 0.066500
KillerWhal 0.244200 0.268100 0.279100 0.000000 0.289700 0.246000 0.277900 0.257900 0.227100 0.290500 0.268800 0.302600 0.263000 0.257000 0.266600 0.305900 0.218800 0.220300 0.252500 0.212900 0.265200 0.236600 0.273600 0.295700 0.276200 0.300200 0.265500 0.250000 0.304400 0.228800 0.290500 0.272900 0.210800 0.269800 0.291600 0.292600 0.234400 0.308000 0.300400 0.284700 0.291200 0.310000 0.306700 0.300700 0.291400 0.258000 0.259500 0.305500 0.329300 0.251100 0.227700 0.249800
DefassaWat 0.095400 0.366500 0.118500 0.289700 0.000000 0.076200 0.123800 0.115300 0.103900 0.175400 0.095400 0.134900 0.097600 0.118700 0.095200 0.127200 0.145300 0.152900 0.090100 0.104600 0.114500 0.069300 0.176000 0.181100 0.101800 0.146000 0.108200 0.124100 0.140800 0.091000 0.175400 0.111100 0.145100 0.096300 0.095900 0.117200 0.094700 0.042200 0.126200 0.186500 0.160800 0.139600 0.189900 0.193500 0.116800 0.119700 0.102200 0.155800 0.147500 0.124300 0.104200 0.110200
Sheep 0.019300 0.294200 0.046800 0.246000 0.076200 0.000000 0.059700 0.052200 0.026300 0.107500 0.019400 0.071900 0.019800 0.040100 0.032400 0.078200 0.080700 0.088000 0.013000 0.026500 0.065200 0.006500 0.107800 0.113700 0.032300 0.097300 0.032200 0.046300 0.091800 0.013200 0.107500 0.033100 0.080500 0.019500 0.045900 0.053200 0.019300 0.083600 0.077400 0.150100 0.107800 0.090900 0.122000 0.126700 0.052900 0.040500 0.039100 0.078600 0.112400 0.060000 0.026400 0.032800
MaxwellsDu 0.072800 0.347800 0.109600 0.277900 0.123800 0.059700 0.000000 0.085900 0.087600 0.176600 0.066000 0.119900 0.067200 0.059900 0.079100 0.098400 0.115800 0.109000 0.059900 0.088200 0.085300 0.066100 0.177200 0.182500 0.079400 0.117600 0.065200 0.108400 0.126300 0.074200 0.176600 0.066700 0.115400 0.066300 0.093600 0.101600 0.052100 0.132000 0.097300 0.219400 0.177200 0.097400 0.191700 0.195300 0.087000 0.075000 0.072500 0.127000 0.105200 0.094500 0.087800 0.094100
GazellaPrz 0.065200 0.324200 0.101100 0.257900 0.115300 0.052200 0.085900 0.000000 0.079500 0.166200 0.071900 0.125400 0.073300 0.066500 0.071400 0.090400 0.121400 0.114600 0.052400 0.080100 0.064200 0.058600 0.166700 0.172000 0.085200 0.109400 0.071200 0.100000 0.090300 0.066400 0.166200 0.073000 0.121200 0.072300 0.099500 0.107200 0.058100 0.109600 0.089500 0.177900 0.166600 0.103000 0.181000 0.184800 0.106700 0.081100 0.038500 0.118400 0.124500 0.100200 0.079800 0.086000
MountainNy 0.026100 0.309000 0.060000 0.227100 0.103900 0.026300 0.087600 0.079500 0.000000 0.121500 0.046100 0.084400 0.039900 0.067900 0.059200 0.106000 0.093900 0.101300 0.032800 0.013000 0.079100 0.032800 0.121900 0.127600 0.059500 0.125400 0.059000 0.045600 0.120000 0.013000 0.121500 0.060600 0.079900 0.046400 0.066000 0.066300 0.032500 0.111800 0.104900 0.164100 0.121800 0.118800 0.136000 0.125600 0.066100 0.060900 0.066100 0.092700 0.141100 0.073200 0.006400 0.032400
MuntiacusM 0.121600 0.305800 0.145500 0.290500 0.175400 0.107500 0.176600 0.166200 0.121500 0.000000 0.129300 0.170400 0.123200 0.155900 0.143200 0.187200 0.112600 0.113700 0.114400 0.107400 0.172400 0.099500 0.014200 0.021100 0.144000 0.215800 0.142900 0.143800 0.203000 0.107400 0.000000 0.147000 0.120800 0.114900 0.151200 0.151800 0.128200 0.177100 0.192800 0.063600 0.014200 0.208500 0.014000 0.056100 0.151200 0.148000 0.151400 0.180300 0.201600 0.128000 0.121900 0.112700
goat 0.038700 0.319200 0.067000 0.268800 0.095400 0.019400 0.066000 0.071900 0.046100 0.129300 0.000000 0.078100 0.039700 0.060300 0.051900 0.098000 0.101100 0.094400 0.032700 0.046500 0.085000 0.025700 0.129700 0.135300 0.025600 0.117100 0.051700 0.066200 0.111800 0.033000 0.129300 0.053100 0.100900 0.039100 0.065800 0.059600 0.025500 0.103100 0.097000 0.172100 0.129600 0.097000 0.143900 0.148200 0.059300 0.060800 0.058700 0.098600 0.132600 0.066400 0.046200 0.052600
AfricanBuf 0.084800 0.344200 0.106100 0.302600 0.134900 0.071900 0.119900 0.125400 0.084400 0.170400 0.078100 0.000000 0.085800 0.114700 0.090900 0.151800 0.133100 0.133600 0.078200 0.085000 0.124500 0.078200 0.170900 0.176100 0.091400 0.164200 0.104300 0.104500 0.159000 0.071500 0.170400 0.106900 0.140000 0.092100 0.084100 0.057800 0.077500 0.157500 0.150200 0.213000 0.170800 0.143500 0.169600 0.188700 0.057600 0.107600 0.111900 0.124700 0.172900 0.091500 0.084700 0.091200
Topi 0.039600 0.314200 0.060700 0.263000 0.097600 0.019800 0.067200 0.073300 0.039900 0.123200 0.039700 0.085800 0.000000 0.061500 0.052900 0.078900 0.095100 0.102600 0.019700 0.040200 0.072700 0.026300 0.123600 0.129300 0.053000 0.105300 0.026000 0.060100 0.106700 0.026600 0.123200 0.054200 0.080800 0.013100 0.039400 0.067100 0.039400 0.105500 0.085100 0.166300 0.123600 0.098700 0.130300 0.142300 0.053100 0.047600 0.059900 0.093500 0.120700 0.074100 0.040000 0.046400
CommonDuik 0.053400 0.296500 0.089700 0.257000 0.118700 0.040100 0.059900 0.066500 0.067900 0.155900 0.060300 0.114700 0.061500 0.000000 0.073500 0.107100 0.110500 0.118200 0.040300 0.068400 0.093700 0.046700 0.156400 0.161900 0.073800 0.126600 0.073300 0.088700 0.121200 0.054400 0.155900 0.019900 0.124900 0.060600 0.088300 0.096100 0.059800 0.127000 0.105900 0.199000 0.156400 0.119900 0.171000 0.175000 0.095700 0.069200 0.066800 0.107700 0.128200 0.103300 0.068100 0.074500
Suni 0.045200 0.334100 0.080400 0.266600 0.095200 0.032400 0.079100 0.071400 0.059200 0.143200 0.051900 0.090900 0.052900 0.073500 0.000000 0.083800 0.100200 0.107700 0.045700 0.059600 0.070900 0.038800 0.143700 0.149200 0.065000 0.102800 0.051300 0.079300 0.097300 0.046100 0.143200 0.066200 0.100100 0.052100 0.065200 0.072500 0.038400 0.116700 0.096300 0.185900 0.143600 0.096400 0.157800 0.162000 0.072200 0.060300 0.058300 0.111500 0.117500 0.079500 0.059300 0.065600
Springbuck 0.091100 0.386200 0.128000 0.305900 0.127200 0.078200 0.098400 0.090400 0.106000 0.187200 0.098000 0.151800 0.078900 0.107100 0.083800 0.000000 0.141300 0.149000 0.078500 0.106700 0.089400 0.084600 0.187800 0.177300 0.111400 0.075000 0.083500 0.126600 0.062900 0.092800 0.187200 0.099400 0.119400 0.084700 0.111800 0.119700 0.083800 0.135400 0.101500 0.214200 0.187700 0.068800 0.202100 0.197900 0.119200 0.108000 0.077000 0.144800 0.122800 0.126900 0.106300 0.112400
Okapi 0.080100 0.279500 0.116000 0.218800 0.145300 0.080700 0.115800 0.121400 0.093900 0.112600 0.101100 0.133100 0.095100 0.110500 0.100200 0.141300 0.000000 0.052400 0.087200 0.094600 0.134900 0.073300 0.113400 0.119200 0.114800 0.153300 0.100000 0.100600 0.133800 0.080600 0.112600 0.102600 0.093400 0.101600 0.121600 0.122100 0.086400 0.139700 0.146800 0.155200 0.113400 0.146600 0.126800 0.132000 0.121600 0.088900 0.107600 0.134400 0.154600 0.086700 0.094200 0.086000
Giraffe 0.101400 0.289600 0.123600 0.220300 0.152900 0.088000 0.109000 0.114600 0.101300 0.113700 0.094400 0.133600 0.102600 0.118200 0.107700 0.149000 0.052400 0.000000 0.094500 0.087900 0.142600 0.080600 0.114100 0.119900 0.108200 0.175900 0.107400 0.122300 0.156000 0.087900 0.113700 0.110200 0.086400 0.109100 0.129200 0.115400 0.079800 0.147200 0.154500 0.140800 0.114000 0.154600 0.128100 0.132700 0.114900 0.096500 0.115100 0.164500 0.170800 0.080000 0.101600 0.100800
TibetanAnt 0.032600 0.301100 0.053300 0.252500 0.090100 0.013000 0.059900 0.052400 0.032800 0.114400 0.032700 0.078200 0.019700 0.040300 0.045700 0.078500 0.087200 0.094500 0.000000 0.033100 0.065500 0.019500 0.114700 0.120500 0.045800 0.097700 0.045500 0.052800 0.092200 0.019700 0.114400 0.033200 0.087000 0.032800 0.045800 0.059600 0.032400 0.097800 0.077700 0.156900 0.114700 0.091200 0.128800 0.133400 0.059400 0.040300 0.039200 0.079000 0.112800 0.066500 0.032900 0.039300
Sitatunga 0.026300 0.293600 0.060500 0.212900 0.104600 0.026500 0.088200 0.080100 0.013000 0.107400 0.046500 0.085000 0.040200 0.068400 0.059600 0.106700 0.094600 0.087900 0.033100 0.000000 0.079600 0.033100 0.107700 0.113600 0.059900 0.126200 0.059500 0.045900 0.120900 0.013100 0.107400 0.061000 0.066700 0.046700 0.066500 0.066800 0.032700 0.112600 0.105600 0.150000 0.107700 0.119600 0.121900 0.111800 0.066500 0.061400 0.066600 0.093400 0.142200 0.073700 0.013000 0.032700
Oribi 0.064800 0.321200 0.114500 0.265200 0.114500 0.065200 0.085300 0.064200 0.079100 0.172400 0.085000 0.124500 0.072700 0.093700 0.070900 0.089400 0.134900 0.142600 0.065500 0.079600 0.000000 0.071600 0.173000 0.178200 0.098300 0.095100 0.057400 0.113300 0.116900 0.079600 0.172400 0.086200 0.106200 0.071700 0.084900 0.106400 0.057700 0.136400 0.075600 0.199700 0.172800 0.088800 0.187100 0.175500 0.092000 0.094600 0.037800 0.117700 0.109800 0.113600 0.079300 0.099200
BarbaryShe 0.025700 0.283300 0.053300 0.236600 0.069300 0.006500 0.066100 0.058600 0.032800 0.099500 0.025700 0.078200 0.026300 0.046700 0.038800 0.084600 0.073300 0.080600 0.019500 0.033100 0.071600 0.000000 0.099800 0.105700 0.038700 0.103600 0.038600 0.052800 0.098100 0.019700 0.099500 0.039600 0.073200 0.026000 0.052400 0.059700 0.025500 0.076800 0.083700 0.141700 0.099700 0.097200 0.113800 0.118700 0.059400 0.047100 0.045500 0.085000 0.118700 0.066500 0.032900 0.039300
Daviddeer 0.122000 0.307100 0.146000 0.273600 0.176000 0.107800 0.177200 0.166700 0.121900 0.014200 0.129700 0.170900 0.123600 0.156400 0.143700 0.187800 0.113400 0.114100 0.114700 0.107700 0.173000 0.099800 0.000000 0.021100 0.144400 0.216400 0.143300 0.144300 0.203500 0.107700 0.014200 0.147400 0.121100 0.115300 0.151600 0.152300 0.128600 0.177600 0.193300 0.063800 0.014000 0.209200 0.028400 0.056300 0.151600 0.148500 0.151900 0.180800 0.203300 0.129000 0.122200 0.113500
Reindeer 0.127700 0.311300 0.151500 0.295700 0.181100 0.113700 0.182500 0.172000 0.127600 0.021100 0.135300 0.176100 0.129300 0.161900 0.149200 0.177300 0.119200 0.119900 0.120500 0.113600 0.178200 0.105700 0.021100 0.000000 0.149900 0.221300 0.148800 0.149800 0.208500 0.113600 0.021100 0.153000 0.111900 0.121000 0.157000 0.157700 0.134200 0.182800 0.198300 0.055700 0.021100 0.214100 0.035100 0.041300 0.157100 0.154100 0.157400 0.186000 0.192400 0.134600 0.127900 0.119300
Ibex 0.051700 0.336000 0.066300 0.276200 0.101800 0.032300 0.079400 0.085200 0.059500 0.144000 0.025600 0.091400 0.053000 0.073800 0.065000 0.111400 0.114800 0.108200 0.045800 0.059900 0.098300 0.038700 0.144400 0.149900 0.000000 0.130600 0.051400 0.079700 0.125300 0.046300 0.144000 0.066500 0.114700 0.052300 0.079100 0.073000 0.038300 0.116300 0.110300 0.179200 0.144400 0.110300 0.158600 0.162700 0.072700 0.074500 0.071900 0.112000 0.146200 0.079900 0.059600 0.065900
GyrantGaze 0.110200 0.408900 0.147600 0.300200 0.146000 0.097300 0.117600 0.109400 0.125400 0.215800 0.117100 0.164200 0.105300 0.126600 0.102800 0.075000 0.153300 0.175900 0.097700 0.126200 0.095100 0.103600 0.216400 0.221300 0.130600 0.000000 0.088900 0.146100 0.094600 0.112200 0.215800 0.118800 0.153100 0.103800 0.131100 0.146400 0.102800 0.154400 0.093600 0.242700 0.216300 0.030100 0.230800 0.233900 0.138500 0.127700 0.082800 0.149900 0.155800 0.146300 0.125700 0.131800
Hartebeest 0.051600 0.324400 0.080000 0.265500 0.108200 0.032200 0.065200 0.071200 0.059000 0.142900 0.051700 0.104300 0.026000 0.073300 0.051300 0.083500 0.100000 0.107400 0.045500 0.059500 0.057400 0.038600 0.143300 0.148800 0.051400 0.088900 0.000000 0.079100 0.110800 0.046000 0.142900 0.066000 0.085900 0.025500 0.065000 0.086200 0.038200 0.116000 0.069500 0.185500 0.143300 0.082600 0.149900 0.161500 0.072100 0.060200 0.044900 0.104400 0.117200 0.079300 0.059200 0.065400
Bongo 0.045900 0.317100 0.080400 0.250000 0.124100 0.046300 0.108400 0.100000 0.045600 0.143800 0.066200 0.104500 0.060100 0.088700 0.079300 0.126600 0.100600 0.122300 0.052800 0.045900 0.113300 0.052800 0.144300 0.149800 0.079700 0.146100 0.079100 0.000000 0.140800 0.032400 0.143800 0.081200 0.093100 0.066600 0.086300 0.086600 0.065700 0.118400 0.125300 0.179100 0.144200 0.125400 0.158400 0.162600 0.086300 0.067600 0.086500 0.127300 0.133200 0.093600 0.045700 0.052200
Gerenuk 0.104800 0.414500 0.142300 0.304400 0.140800 0.091800 0.126300 0.090300 0.120000 0.203000 0.111800 0.159000 0.106700 0.121200 0.097300 0.062900 0.133800 0.156000 0.092200 0.120900 0.116900 0.098100 0.203500 0.208500 0.125300 0.094600 0.110800 0.140800 0.000000 0.106800 0.203000 0.113400 0.162600 0.112400 0.140100 0.148300 0.097300 0.135200 0.128700 0.213800 0.203400 0.088300 0.218000 0.221100 0.147700 0.122200 0.090700 0.144700 0.164900 0.141300 0.120300 0.126400
CommonElan 0.026300 0.293600 0.046800 0.228800 0.091000 0.013200 0.074200 0.066400 0.013000 0.107400 0.033000 0.071500 0.026600 0.054400 0.046100 0.092800 0.080600 0.087900 0.019700 0.013100 0.079600 0.019700 0.107700 0.113600 0.046300 0.112200 0.046000 0.032400 0.106800 0.000000 0.107400 0.047200 0.080500 0.033200 0.052900 0.053100 0.032700 0.098800 0.091900 0.150000 0.107700 0.105700 0.121900 0.126600 0.052900 0.047500 0.053000 0.093400 0.127800 0.060000 0.013100 0.019500
MuntiacusR 0.121600 0.305800 0.145500 0.290500 0.175400 0.107500 0.176600 0.166200 0.121500 0.000000 0.129300 0.170400 0.123200 0.155900 0.143200 0.187200 0.112600 0.113700 0.114400 0.107400 0.172400 0.099500 0.014200 0.021100 0.144000 0.215800 0.142900 0.143800 0.203000 0.107400 0.000000 0.147000 0.120800 0.114900 0.151200 0.151800 0.128200 0.177100 0.192800 0.063600 0.014200 0.208500 0.013900 0.056100 0.151200 0.148000 0.151400 0.180300 0.201600 0.127900 0.121900 0.112700
HarveysDui 0.046300 0.295100 0.082100 0.272900 0.111100 0.033100 0.066700 0.073000 0.060600 0.147000 0.053100 0.106900 0.054200 0.019900 0.066200 0.099400 0.102600 0.110200 0.033200 0.061000 0.086200 0.039600 0.147400 0.153000 0.066500 0.118800 0.066000 0.081200 0.113400 0.047200 0.147000 0.000000 0.116800 0.053400 0.080800 0.088400 0.052700 0.119200 0.098400 0.189700 0.147400 0.112200 0.161900 0.166000 0.088000 0.061700 0.059600 0.100000 0.120300 0.095500 0.060700 0.067100
Pronghorn 0.079900 0.307100 0.115800 0.210800 0.145100 0.080500 0.115400 0.121200 0.079900 0.120800 0.100900 0.140000 0.080800 0.124900 0.100100 0.119400 0.093400 0.086400 0.087000 0.066700 0.106200 0.073200 0.121100 0.111900 0.114700 0.153100 0.085900 0.093100 0.162600 0.080500 0.120800 0.116800 0.000000 0.087300 0.107100 0.121900 0.072500 0.153800 0.132200 0.155700 0.121100 0.146400 0.135200 0.117600 0.107100 0.095700 0.107500 0.148900 0.132900 0.086500 0.080100 0.100200
BlueWildeb 0.039100 0.321400 0.067300 0.269800 0.096300 0.019500 0.066300 0.072300 0.046400 0.114900 0.039100 0.092100 0.013100 0.060600 0.052100 0.084700 0.101600 0.109100 0.032800 0.046700 0.071700 0.026000 0.115300 0.121000 0.052300 0.103800 0.025500 0.066600 0.112400 0.033200 0.114900 0.053400 0.087300 0.000000 0.052500 0.073600 0.038800 0.104100 0.083900 0.157600 0.115200 0.097300 0.121900 0.134000 0.059600 0.061200 0.059000 0.092200 0.119000 0.080600 0.046500 0.052900
Gemsbok 0.065700 0.322400 0.087200 0.291600 0.095900 0.045900 0.093600 0.099500 0.066000 0.151200 0.065800 0.084100 0.039400 0.088300 0.065200 0.111800 0.121600 0.129200 0.045800 0.066500 0.084900 0.052400 0.151600 0.157000 0.079100 0.131100 0.065000 0.086300 0.140100 0.052900 0.151200 0.080800 0.107100 0.052500 0.000000 0.079400 0.065200 0.131300 0.110700 0.194200 0.136300 0.124500 0.165800 0.169800 0.065500 0.074400 0.086000 0.126700 0.132400 0.100400 0.066200 0.072500
Yak 0.066400 0.326900 0.087600 0.292600 0.117200 0.053200 0.101600 0.107200 0.066300 0.151800 0.059600 0.057800 0.067100 0.096100 0.072500 0.119700 0.122100 0.115400 0.059600 0.066800 0.106400 0.059700 0.152300 0.157700 0.073000 0.146400 0.086200 0.086600 0.148300 0.053100 0.151800 0.088400 0.121900 0.073600 0.079400 0.000000 0.059100 0.139700 0.132600 0.194900 0.152200 0.125600 0.151100 0.170500 0.012800 0.088900 0.093600 0.120500 0.155200 0.073100 0.066500 0.072700
BlueSheep 0.025500 0.316000 0.066400 0.234400 0.094700 0.019300 0.052100 0.058100 0.032500 0.128200 0.025500 0.077500 0.039400 0.059800 0.038400 0.083800 0.086400 0.079800 0.032400 0.032700 0.057700 0.025500 0.128600 0.134200 0.038300 0.102800 0.038200 0.065700 0.097300 0.032700 0.128200 0.052700 0.072500 0.038800 0.065200 0.059100 0.000000 0.102400 0.083000 0.170600 0.128500 0.083000 0.142600 0.132100 0.058900 0.046600 0.045100 0.084300 0.117700 0.052400 0.032600 0.052200
BohorReedb 0.089600 0.349800 0.133800 0.308000 0.042200 0.083600 0.132000 0.109600 0.111800 0.177100 0.103100 0.157500 0.105500 0.127000 0.116700 0.135400 0.139700 0.147200 0.097800 0.112600 0.136400 0.076800 0.177600 0.182800 0.116300 0.154400 0.116000 0.118400 0.135200 0.098800 0.177100 0.119200 0.153800 0.104100 0.131300 0.139700 0.102400 0.000000 0.134200 0.188200 0.177500 0.147900 0.191700 0.203500 0.139200 0.128100 0.110100 0.164500 0.156300 0.132700 0.112200 0.118200
KirksDik 0.090200 0.380400 0.112500 0.300400 0.126200 0.077400 0.097300 0.089500 0.104900 0.192800 0.097000 0.150200 0.085100 0.105900 0.096300 0.101500 0.146800 0.154500 0.077700 0.105600 0.075600 0.083700 0.193300 0.198300 0.110300 0.093600 0.069500 0.125300 0.128700 0.091900 0.192800 0.098400 0.132200 0.083900 0.110700 0.132600 0.083000 0.134200 0.000000 0.235600 0.193200 0.100500 0.207500 0.210800 0.118000 0.106800 0.050300 0.143400 0.135200 0.111700 0.105200 0.111200
RoeDeer 0.164200 0.316900 0.181100 0.284700 0.186500 0.150100 0.219400 0.177900 0.164100 0.063600 0.172100 0.213000 0.166300 0.199000 0.185900 0.214200 0.155200 0.140800 0.156900 0.150000 0.199700 0.141700 0.063800 0.055700 0.179200 0.242700 0.185500 0.179100 0.213800 0.150000 0.063600 0.189700 0.155700 0.157600 0.194200 0.194900 0.170600 0.188200 0.235600 0.000000 0.063800 0.235400 0.077800 0.090400 0.194100 0.191900 0.178900 0.223500 0.238300 0.171100 0.164500 0.155300
WhiteLippe 0.121900 0.306900 0.145900 0.291200 0.160800 0.107800 0.177200 0.166600 0.121800 0.014200 0.129600 0.170800 0.123600 0.156400 0.143600 0.187700 0.113400 0.114000 0.114700 0.107700 0.172800 0.099700 0.014000 0.021100 0.144400 0.216300 0.143300 0.144200 0.203400 0.107700 0.014200 0.147400 0.121100 0.115200 0.136300 0.152200 0.128500 0.177500 0.193200 0.063800 0.000000 0.209000 0.028400 0.056300 0.151600 0.148400 0.151800 0.180700 0.203100 0.128900 0.122200 0.113500
ThomsonGaz 0.103800 0.400200 0.140900 0.310000 0.139600 0.090900 0.097400 0.103000 0.118800 0.208500 0.097000 0.143500 0.098700 0.119900 0.096400 0.068800 0.146600 0.154600 0.091200 0.119600 0.088800 0.097200 0.209200 0.214100 0.110300 0.030100 0.082600 0.125400 0.088300 0.105700 0.208500 0.112200 0.146400 0.097300 0.124500 0.125600 0.083000 0.147900 0.100500 0.235400 0.209000 0.000000 0.223500 0.226700 0.118000 0.121000 0.076500 0.143300 0.149300 0.125700 0.119100 0.125200
MuntiacusC 0.136100 0.323100 0.160300 0.306700 0.189900 0.122000 0.191700 0.181000 0.136000 0.014000 0.143900 0.169600 0.130300 0.171000 0.157800 0.202100 0.126800 0.128100 0.128800 0.121900 0.187100 0.113800 0.028400 0.035100 0.158600 0.230800 0.149900 0.158400 0.218000 0.121900 0.013900 0.161900 0.135200 0.121900 0.165800 0.151100 0.142600 0.191700 0.207500 0.077800 0.028400 0.223500 0.000000 0.070200 0.150500 0.163000 0.166100 0.171200 0.216500 0.127300 0.136400 0.126900
WhiteTaile 0.125700 0.343700 0.164500 0.300700 0.193500 0.126700 0.195300 0.184800 0.125600 0.056100 0.148200 0.188700 0.142300 0.175000 0.162000 0.197900 0.132000 0.132700 0.133400 0.111800 0.175500 0.118700 0.056300 0.041300 0.162700 0.233900 0.161500 0.162600 0.221100 0.126600 0.056100 0.166000 0.117600 0.134000 0.169800 0.170500 0.132100 0.203500 0.210800 0.090400 0.056300 0.226700 0.070200 0.000000 0.169800 0.167100 0.170200 0.183200 0.213100 0.147400 0.126000 0.132100
Cattle 0.066100 0.325200 0.087300 0.291400 0.116800 0.052900 0.087000 0.106700 0.066100 0.151200 0.059300 0.057600 0.053100 0.095700 0.072200 0.119200 0.121600 0.114900 0.059400 0.066500 0.092000 0.059400 0.151600 0.157100 0.072700 0.138500 0.072100 0.086300 0.147700 0.052900 0.151200 0.088000 0.107100 0.059600 0.065500 0.012800 0.058900 0.139200 0.118000 0.194100 0.151600 0.118000 0.150500 0.169800 0.000000 0.088600 0.093200 0.120100 0.140000 0.072800 0.066200 0.072500
RoyalAntel 0.053900 0.315800 0.082600 0.258000 0.119700 0.040500 0.075000 0.081100 0.060900 0.148000 0.060800 0.107600 0.047600 0.069200 0.060300 0.108000 0.088900 0.096500 0.040300 0.061400 0.094600 0.047100 0.148500 0.154100 0.074500 0.127700 0.060200 0.067600 0.122200 0.047500 0.148000 0.061700 0.095700 0.061200 0.074400 0.088900 0.046600 0.128100 0.106800 0.191900 0.148400 0.121000 0.163000 0.167100 0.088600 0.000000 0.067400 0.122900 0.114800 0.081900 0.061100 0.067500
Steenbok 0.052000 0.317600 0.073400 0.259500 0.102200 0.039100 0.072500 0.038500 0.066100 0.151400 0.058700 0.111900 0.059900 0.066800 0.058300 0.077000 0.107600 0.115100 0.039200 0.066600 0.037800 0.045500 0.151900 0.157400 0.071900 0.082800 0.044900 0.086500 0.090700 0.053000 0.151400 0.059600 0.107500 0.059000 0.086000 0.093600 0.045100 0.110100 0.050300 0.178900 0.151800 0.076500 0.166100 0.170200 0.093200 0.067400 0.000000 0.105000 0.111100 0.086700 0.066300 0.072600
Impala 0.078100 0.398100 0.128700 0.305500 0.155800 0.078600 0.127000 0.118400 0.092700 0.180300 0.098600 0.124700 0.093500 0.107700 0.111500 0.144800 0.134400 0.164500 0.079000 0.093400 0.117700 0.085000 0.180800 0.186000 0.112000 0.149900 0.104400 0.127300 0.144700 0.093400 0.180300 0.100000 0.148900 0.092200 0.126700 0.120500 0.084300 0.164500 0.143400 0.223500 0.180700 0.143300 0.171200 0.183200 0.120100 0.122900 0.105000 0.000000 0.165900 0.127600 0.093000 0.085200
Klipspring 0.125500 0.394900 0.164100 0.329300 0.147500 0.112400 0.105200 0.124500 0.141100 0.201600 0.132600 0.172900 0.120700 0.128200 0.117500 0.122800 0.154600 0.170800 0.112800 0.142200 0.109800 0.118700 0.203300 0.192400 0.146200 0.155800 0.117200 0.133200 0.164900 0.127800 0.201600 0.120300 0.132900 0.119000 0.132400 0.155200 0.117700 0.156300 0.135200 0.238300 0.203100 0.149300 0.216500 0.213100 0.140000 0.114800 0.111100 0.165900 0.000000 0.162000 0.141500 0.132600
ForestMusk 0.073200 0.317000 0.094700 0.251100 0.124300 0.060000 0.094500 0.100200 0.073200 0.128000 0.066400 0.091500 0.074100 0.103300 0.079500 0.126900 0.086700 0.080000 0.066500 0.073700 0.113600 0.066500 0.129000 0.134600 0.079900 0.146300 0.079300 0.093600 0.141300 0.060000 0.127900 0.095500 0.086500 0.080600 0.100400 0.073100 0.052400 0.132700 0.111700 0.171100 0.128900 0.125700 0.127300 0.147400 0.072800 0.081900 0.086700 0.127600 0.162000 0.000000 0.073400 0.079300
Bushbuck 0.026200 0.310000 0.060200 0.227700 0.104200 0.026400 0.087800 0.079800 0.006400 0.121900 0.046200 0.084700 0.040000 0.068100 0.059300 0.106300 0.094200 0.101600 0.032900 0.013000 0.079300 0.032900 0.122200 0.127900 0.059600 0.125700 0.059200 0.045700 0.120300 0.013100 0.121900 0.060700 0.080100 0.046500 0.066200 0.066500 0.032600 0.112200 0.105200 0.164500 0.122200 0.119100 0.136400 0.126000 0.066200 0.061100 0.066300 0.093000 0.141500 0.073400 0.000000 0.032500
GreaterKud 0.045900 0.316000 0.066500 0.249800 0.110200 0.032800 0.094100 0.086000 0.032400 0.112700 0.052600 0.091200 0.046400 0.074500 0.065600 0.112400 0.086000 0.100800 0.039300 0.032700 0.099200 0.039300 0.113500 0.119300 0.065900 0.131800 0.065400 0.052200 0.126400 0.019500 0.112700 0.067100 0.100200 0.052900 0.072500 0.072700 0.052200 0.118200 0.111200 0.155300 0.113500 0.125200 0.126900 0.132100 0.072500 0.067500 0.072600 0.085200 0.132600 0.079300 0.032500 0.000000
