1
52 1
Argali 0.000000 0.200000 0.094100 0.189300 0.095300 0.028500 0.127800 0.128600 0.094600 0.060900 0.000100 0.094100 0.127000 0.128600 0.202100 0.127800 0.163900 0.095000 0.089300 0.094100 0.169600 0.029500 0.059700 0.097000 0.000100 0.128600 0.127000 0.094600 0.163900 0.094600 0.060900 0.131300 0.094100 0.127000 0.092900 0.129700 0.057800 0.095300 0.131300 0.133700 0.060900 0.128600 0.060900 0.097000 0.129700 0.127600 0.128600 0.244500 0.164300 0.133500 0.094100 0.094100
LesserMous 0.200000 0.000000 0.098800 0.096800 0.173700 0.240200 0.134600 0.135600 0.099300 0.132200 0.199500 0.098800 0.138700 0.135600 0.211500 0.134600 0.172100 0.099300 0.241000 0.098700 0.180600 0.248800 0.129500 0.101900 0.199500 0.135600 0.138700 0.099300 0.173100 0.099300 0.132200 0.138200 0.098800 0.138700 0.101200 0.137500 0.203200 0.173700 0.138200 0.141900 0.132000 0.135600 0.132200 0.101900 0.137500 0.209400 0.135600 0.257000 0.174300 0.141800 0.098800 0.098800
LesserKudu 0.094100 0.098800 0.000000 0.030900 0.065000 0.128600 0.031600 0.031600 0.000100 0.031000 0.093900 0.000000 0.032500 0.031600 0.098300 0.031600 0.064500 0.000200 0.128800 0.000100 0.067500 0.132700 0.030500 0.000100 0.093900 0.031600 0.032500 0.000100 0.064500 0.000100 0.031000 0.032400 0.000000 0.032500 0.000300 0.032100 0.095500 0.065000 0.032400 0.033100 0.031100 0.031600 0.031000 0.000100 0.032100 0.097400 0.031600 0.135600 0.065200 0.033100 0.000000 0.000000
KillerWhal 0.189300 0.096800 0.030900 0.000000 0.097700 0.228400 0.063000 0.063400 0.031100 0.062000 0.185900 0.030900 0.115900 0.063400 0.131400 0.063000 0.096500 0.031100 0.228900 0.030900 0.101000 0.234400 0.060700 0.031800 0.185900 0.063400 0.115900 0.031100 0.097000 0.031100 0.062000 0.064700 0.030900 0.115900 0.039900 0.064300 0.192000 0.097700 0.064700 0.066200 0.062000 0.063400 0.062000 0.031800 0.064300 0.130400 0.063400 0.170400 0.097500 0.066200 0.030900 0.030900
DefassaWat 0.095300 0.173700 0.065000 0.097700 0.000000 0.062600 0.031800 0.032000 0.065200 0.098000 0.095000 0.065000 0.032800 0.032000 0.098000 0.031800 0.135900 0.065500 0.062900 0.064900 0.067500 0.063500 0.096100 0.066000 0.095000 0.032000 0.032800 0.065200 0.065100 0.065200 0.098000 0.032500 0.065000 0.032800 0.066700 0.101500 0.096300 0.000000 0.032500 0.103100 0.098000 0.032000 0.098000 0.066000 0.101500 0.064100 0.032000 0.134700 0.065600 0.103000 0.065000 0.065000
Sheep 0.028500 0.240200 0.128600 0.228400 0.062600 0.000000 0.094400 0.095000 0.129500 0.093500 0.028700 0.128600 0.093900 0.095000 0.165400 0.094400 0.201900 0.129700 0.058800 0.128600 0.133400 0.000100 0.091600 0.132700 0.028700 0.095000 0.093900 0.129500 0.128700 0.129500 0.093500 0.096900 0.128600 0.093900 0.127200 0.166300 0.088700 0.062600 0.096900 0.171700 0.093500 0.095000 0.093500 0.132700 0.166300 0.127900 0.095000 0.204700 0.129300 0.171500 0.128600 0.128600
MaxwellsDu 0.127800 0.134600 0.031600 0.063000 0.031800 0.094400 0.000000 0.000100 0.031700 0.063400 0.127400 0.031600 0.000300 0.000100 0.063900 0.000000 0.098700 0.031700 0.094600 0.031500 0.033000 0.097200 0.062200 0.032400 0.127400 0.000100 0.000300 0.031700 0.031600 0.031700 0.063400 0.000200 0.031600 0.000300 0.032300 0.065800 0.129600 0.031800 0.000200 0.067600 0.063400 0.000100 0.063400 0.032400 0.065800 0.097400 0.000100 0.098800 0.031900 0.067700 0.031600 0.031600
GazellaPrz 0.128600 0.135600 0.031600 0.063400 0.032000 0.095000 0.000100 0.000000 0.031800 0.063600 0.128300 0.031600 0.000200 0.000000 0.064300 0.000100 0.099300 0.031900 0.095200 0.031700 0.033200 0.097800 0.062600 0.032600 0.128300 0.000000 0.000200 0.031800 0.031700 0.031800 0.063600 0.000100 0.031600 0.000200 0.032500 0.065900 0.130400 0.032000 0.000100 0.068100 0.063800 0.000000 0.063600 0.032600 0.065900 0.097600 0.000000 0.099400 0.032100 0.068100 0.031600 0.031600
MountainNy 0.094600 0.099300 0.000100 0.031100 0.065200 0.129500 0.031700 0.031800 0.000000 0.031200 0.094400 0.000100 0.032600 0.031800 0.098600 0.031700 0.064800 0.000300 0.129600 0.000200 0.067700 0.133400 0.030600 0.000200 0.094400 0.031800 0.032600 0.000000 0.065000 0.000000 0.031200 0.032400 0.000100 0.032600 0.000400 0.032300 0.096100 0.065200 0.032400 0.033200 0.031200 0.031800 0.031200 0.000200 0.032300 0.098200 0.031800 0.136100 0.066200 0.033200 0.000100 0.000100
MuntiacusM 0.060900 0.132200 0.031000 0.062000 0.098000 0.093500 0.063400 0.063600 0.031200 0.000000 0.060700 0.031000 0.065200 0.063600 0.131900 0.063400 0.097100 0.031300 0.161400 0.031100 0.101600 0.096300 0.000100 0.032000 0.060700 0.063600 0.065200 0.031200 0.097300 0.031200 0.000000 0.065000 0.031000 0.065200 0.031800 0.064600 0.061700 0.098000 0.065000 0.066600 0.000200 0.063600 0.000000 0.032000 0.064600 0.130500 0.063600 0.170700 0.098300 0.066600 0.031000 0.031000
goat 0.000100 0.199500 0.093900 0.185900 0.095000 0.028700 0.127400 0.128300 0.094400 0.060700 0.000000 0.093900 0.126700 0.128300 0.201500 0.127400 0.163500 0.094700 0.089400 0.093700 0.169200 0.029400 0.059500 0.096700 0.000000 0.128300 0.126700 0.094400 0.163600 0.094400 0.060700 0.131000 0.093900 0.126700 0.092600 0.129400 0.057900 0.095000 0.131000 0.133300 0.060700 0.128300 0.060700 0.096700 0.129400 0.127300 0.128300 0.243800 0.164000 0.133000 0.093900 0.093900
AfricanBuf 0.094100 0.098800 0.000000 0.030900 0.065000 0.128600 0.031600 0.031600 0.000100 0.031000 0.093900 0.000000 0.032500 0.031600 0.098300 0.031600 0.064500 0.000200 0.128800 0.000100 0.067500 0.132700 0.030500 0.000100 0.093900 0.031600 0.032500 0.000100 0.064500 0.000100 0.031000 0.032400 0.000000 0.032500 0.000300 0.032100 0.095500 0.065000 0.032400 0.033100 0.031100 0.031600 0.031000 0.000100 0.032100 0.097400 0.031600 0.135600 0.065200 0.033100 0.000000 0.000000
Topi 0.127000 0.138700 0.032500 0.115900 0.032800 0.093900 0.000300 0.000200 0.032600 0.065200 0.126700 0.032500 0.000000 0.000200 0.065200 0.000300 0.101600 0.032700 0.094200 0.032500 0.033900 0.095400 0.063900 0.033000 0.126700 0.000200 0.000000 0.032600 0.032500 0.032600 0.065200 0.000100 0.032500 0.000000 0.032000 0.067600 0.128300 0.032800 0.000100 0.068700 0.065200 0.000200 0.065200 0.033000 0.067600 0.100500 0.000200 0.100800 0.032800 0.068700 0.032500 0.032500
CommonDuik 0.128600 0.135600 0.031600 0.063400 0.032000 0.095000 0.000100 0.000000 0.031800 0.063600 0.128300 0.031600 0.000200 0.000000 0.064300 0.000100 0.099300 0.031900 0.095200 0.031700 0.033200 0.097800 0.062600 0.032600 0.128300 0.000000 0.000200 0.031800 0.031700 0.031800 0.063600 0.000100 0.031600 0.000200 0.032500 0.065900 0.130400 0.032000 0.000100 0.068100 0.063800 0.000000 0.063600 0.032600 0.065900 0.097600 0.000000 0.099400 0.032100 0.068100 0.031600 0.031600
Suni 0.202100 0.211500 0.098300 0.131400 0.098000 0.165400 0.063900 0.064300 0.098600 0.131900 0.201500 0.098300 0.065200 0.064300 0.000000 0.063900 0.172300 0.099200 0.166200 0.098100 0.101000 0.169500 0.129400 0.100700 0.201500 0.064300 0.065200 0.098600 0.098500 0.098600 0.131900 0.064800 0.098300 0.065200 0.099800 0.136500 0.204800 0.098000 0.064800 0.139800 0.130100 0.064300 0.131900 0.100700 0.136500 0.171000 0.064300 0.097000 0.099000 0.139900 0.098300 0.098300
Springbuck 0.127800 0.134600 0.031600 0.063000 0.031800 0.094400 0.000000 0.000100 0.031700 0.063400 0.127400 0.031600 0.000300 0.000100 0.063900 0.000000 0.098700 0.031700 0.094600 0.031500 0.033000 0.097200 0.062200 0.032400 0.127400 0.000100 0.000300 0.031700 0.031600 0.031700 0.063400 0.000200 0.031600 0.000300 0.032300 0.065800 0.129600 0.031800 0.000200 0.067600 0.063400 0.000100 0.063400 0.032400 0.065800 0.097400 0.000100 0.098800 0.031900 0.067700 0.031600 0.031600
Okapi 0.163900 0.172100 0.064500 0.096500 0.135900 0.201900 0.098700 0.099300 0.064800 0.097100 0.163500 0.064500 0.101600 0.099300 0.172300 0.098700 0.000000 0.062500 0.166900 0.064400 0.140600 0.209100 0.124000 0.066500 0.163500 0.099300 0.101600 0.064800 0.135300 0.064800 0.097100 0.101200 0.064500 0.101600 0.066200 0.100700 0.166400 0.135900 0.101200 0.103800 0.124400 0.099300 0.097100 0.066500 0.100700 0.170900 0.099300 0.215100 0.135900 0.103800 0.064500 0.064500
Giraffe 0.095000 0.099300 0.000200 0.031100 0.065500 0.129700 0.031700 0.031900 0.000300 0.031300 0.094700 0.000200 0.032700 0.031900 0.099200 0.031700 0.062500 0.000000 0.096500 0.000300 0.067600 0.134000 0.051900 0.000300 0.094700 0.031900 0.032700 0.000300 0.065100 0.000300 0.031300 0.032500 0.000200 0.032700 0.000500 0.032400 0.096200 0.065500 0.032500 0.033300 0.049700 0.031900 0.031300 0.000300 0.032400 0.098500 0.031900 0.137000 0.065500 0.033300 0.000200 0.000200
TibetanAnt 0.089300 0.241000 0.128800 0.228900 0.062900 0.058800 0.094600 0.095200 0.129600 0.161400 0.089400 0.128800 0.094200 0.095200 0.166200 0.094600 0.166900 0.096500 0.000000 0.128900 0.133300 0.060600 0.158200 0.132800 0.089400 0.095200 0.094200 0.129600 0.128900 0.129600 0.161400 0.097100 0.128800 0.094200 0.127500 0.166100 0.153500 0.062900 0.097100 0.171500 0.161500 0.095200 0.161400 0.132800 0.166100 0.128600 0.095200 0.205700 0.129200 0.171200 0.128800 0.128800
Sitatunga 0.094100 0.098700 0.000100 0.030900 0.064900 0.128600 0.031500 0.031700 0.000200 0.031100 0.093700 0.000100 0.032500 0.031700 0.098100 0.031500 0.064400 0.000300 0.128900 0.000000 0.067400 0.132700 0.030400 0.000200 0.093700 0.031700 0.032500 0.000200 0.064700 0.000200 0.031100 0.032300 0.000100 0.032500 0.000400 0.032200 0.095400 0.064900 0.032300 0.033100 0.031000 0.031700 0.031100 0.000200 0.032200 0.097600 0.031700 0.135500 0.065300 0.033100 0.000100 0.000100
Oribi 0.169600 0.180600 0.067500 0.101000 0.067500 0.133400 0.033000 0.033200 0.067700 0.101600 0.169200 0.067500 0.033900 0.033200 0.101000 0.033000 0.140600 0.067600 0.133300 0.067400 0.000000 0.135800 0.099600 0.068600 0.169200 0.033200 0.033900 0.067700 0.067600 0.067700 0.101600 0.033700 0.067500 0.033900 0.069000 0.105900 0.172800 0.067500 0.033700 0.107700 0.101600 0.033200 0.101600 0.068600 0.105900 0.138700 0.033200 0.139100 0.068200 0.107600 0.067500 0.067500
BarbaryShe 0.029500 0.248800 0.132700 0.234400 0.063500 0.000100 0.097200 0.097800 0.133400 0.096300 0.029400 0.132700 0.095400 0.097800 0.169500 0.097200 0.209100 0.134000 0.060600 0.132700 0.135800 0.000000 0.094400 0.136100 0.029400 0.097800 0.095400 0.133400 0.132800 0.133400 0.096300 0.098500 0.132700 0.095400 0.129300 0.171900 0.091600 0.063500 0.098500 0.176400 0.095000 0.097800 0.096300 0.136100 0.171900 0.131900 0.097800 0.210200 0.133300 0.176100 0.132700 0.132700
Daviddeer 0.059700 0.129500 0.030500 0.060700 0.096100 0.091600 0.062200 0.062600 0.030600 0.000100 0.059500 0.030500 0.063900 0.062600 0.129400 0.062200 0.124000 0.051900 0.158200 0.030400 0.099600 0.094400 0.000000 0.031400 0.059500 0.062600 0.063900 0.030600 0.095700 0.030600 0.000100 0.063800 0.030500 0.063900 0.031100 0.063500 0.060400 0.096100 0.063800 0.065300 0.000100 0.062600 0.000100 0.031400 0.063500 0.128300 0.062600 0.167200 0.096500 0.065300 0.030500 0.030500
Reindeer 0.097000 0.101900 0.000100 0.031800 0.066000 0.132700 0.032400 0.032600 0.000200 0.032000 0.096700 0.000100 0.033000 0.032600 0.100700 0.032400 0.066500 0.000300 0.132800 0.000200 0.068600 0.136100 0.031400 0.000000 0.096700 0.032600 0.033000 0.000200 0.066700 0.000200 0.032000 0.032900 0.000100 0.033000 0.000400 0.033200 0.098500 0.066000 0.032900 0.033800 0.031500 0.032600 0.032000 0.000000 0.033200 0.100700 0.032600 0.139100 0.067100 0.033900 0.000100 0.000100
Ibex 0.000100 0.199500 0.093900 0.185900 0.095000 0.028700 0.127400 0.128300 0.094400 0.060700 0.000000 0.093900 0.126700 0.128300 0.201500 0.127400 0.163500 0.094700 0.089400 0.093700 0.169200 0.029400 0.059500 0.096700 0.000000 0.128300 0.126700 0.094400 0.163600 0.094400 0.060700 0.131000 0.093900 0.126700 0.092600 0.129400 0.057900 0.095000 0.131000 0.133300 0.060700 0.128300 0.060700 0.096700 0.129400 0.127300 0.128300 0.243800 0.164000 0.133000 0.093900 0.093900
GyrantGaze 0.128600 0.135600 0.031600 0.063400 0.032000 0.095000 0.000100 0.000000 0.031800 0.063600 0.128300 0.031600 0.000200 0.000000 0.064300 0.000100 0.099300 0.031900 0.095200 0.031700 0.033200 0.097800 0.062600 0.032600 0.128300 0.000000 0.000200 0.031800 0.031700 0.031800 0.063600 0.000100 0.031600 0.000200 0.032500 0.065900 0.130400 0.032000 0.000100 0.068100 0.063800 0.000000 0.063600 0.032600 0.065900 0.097600 0.000000 0.099400 0.032100 0.068100 0.031600 0.031600
Hartebeest 0.127000 0.138700 0.032500 0.115900 0.032800 0.093900 0.000300 0.000200 0.032600 0.065200 0.126700 0.032500 0.000000 0.000200 0.065200 0.000300 0.101600 0.032700 0.094200 0.032500 0.033900 0.095400 0.063900 0.033000 0.126700 0.000200 0.000000 0.032600 0.032500 0.032600 0.065200 0.000100 0.032500 0.000000 0.032000 0.067600 0.128300 0.032800 0.000100 0.068700 0.065200 0.000200 0.065200 0.033000 0.067600 0.100500 0.000200 0.100800 0.032800 0.068700 0.032500 0.032500
Bongo 0.094600 0.099300 0.000100 0.031100 0.065200 0.129500 0.031700 0.031800 0.000000 0.031200 0.094400 0.000100 0.032600 0.031800 0.098600 0.031700 0.064800 0.000300 0.129600 0.000200 0.067700 0.133400 0.030600 0.000200 0.094400 0.031800 0.032600 0.000000 0.065000 0.000000 0.031200 0.032400 0.000100 0.032600 0.000400 0.032300 0.096100 0.065200 0.032400 0.033200 0.031200 0.031800 0.031200 0.000200 0.032300 0.098200 0.031800 0.136100 0.066200 0.033200 0.000100 0.000100
Gerenuk 0.163900 0.173100 0.064500 0.097000 0.065100 0.128700 0.031600 0.031700 0.065000 0.097300 0.163600 0.064500 0.032500 0.031700 0.098500 0.031600 0.135300 0.065100 0.128900 0.064700 0.067600 0.132800 0.095700 0.066700 0.163600 0.031700 0.032500 0.065000 0.000000 0.065000 0.097300 0.032400 0.064500 0.032500 0.066400 0.101000 0.166800 0.065100 0.032400 0.104500 0.097600 0.031700 0.097300 0.066700 0.101000 0.133300 0.031700 0.135900 0.065300 0.104500 0.064500 0.064500
CommonElan 0.094600 0.099300 0.000100 0.031100 0.065200 0.129500 0.031700 0.031800 0.000000 0.031200 0.094400 0.000100 0.032600 0.031800 0.098600 0.031700 0.064800 0.000300 0.129600 0.000200 0.067700 0.133400 0.030600 0.000200 0.094400 0.031800 0.032600 0.000000 0.065000 0.000000 0.031200 0.032400 0.000100 0.032600 0.000400 0.032300 0.096100 0.065200 0.032400 0.033200 0.031200 0.031800 0.031200 0.000200 0.032300 0.098200 0.031800 0.136100 0.066200 0.033200 0.000100 0.000100
MuntiacusR 0.060900 0.132200 0.031000 0.062000 0.098000 0.093500 0.063400 0.063600 0.031200 0.000000 0.060700 0.031000 0.065200 0.063600 0.131900 0.063400 0.097100 0.031300 0.161400 0.031100 0.101600 0.096300 0.000100 0.032000 0.060700 0.063600 0.065200 0.031200 0.097300 0.031200 0.000000 0.065000 0.031000 0.065200 0.031800 0.064600 0.061700 0.098000 0.065000 0.066600 0.000200 0.063600 0.000000 0.032000 0.064600 0.130500 0.063600 0.170700 0.098300 0.066600 0.031000 0.031000
HarveysDui 0.131300 0.138200 0.032400 0.064700 0.032500 0.096900 0.000200 0.000100 0.032400 0.065000 0.131000 0.032400 0.000100 0.000100 0.064800 0.000200 0.101200 0.032500 0.097100 0.032300 0.033700 0.098500 0.063800 0.032900 0.131000 0.000100 0.000100 0.032400 0.032400 0.032400 0.065000 0.000000 0.032400 0.000100 0.033100 0.067500 0.133100 0.032500 0.000000 0.068500 0.065100 0.000100 0.065000 0.032900 0.067500 0.100000 0.000100 0.100000 0.032700 0.068500 0.032400 0.032400
Pronghorn 0.094100 0.098800 0.000000 0.030900 0.065000 0.128600 0.031600 0.031600 0.000100 0.031000 0.093900 0.000000 0.032500 0.031600 0.098300 0.031600 0.064500 0.000200 0.128800 0.000100 0.067500 0.132700 0.030500 0.000100 0.093900 0.031600 0.032500 0.000100 0.064500 0.000100 0.031000 0.032400 0.000000 0.032500 0.000300 0.032100 0.095500 0.065000 0.032400 0.033100 0.031100 0.031600 0.031000 0.000100 0.032100 0.097400 0.031600 0.135600 0.065200 0.033100 0.000000 0.000000
BlueWildeb 0.127000 0.138700 0.032500 0.115900 0.032800 0.093900 0.000300 0.000200 0.032600 0.065200 0.126700 0.032500 0.000000 0.000200 0.065200 0.000300 0.101600 0.032700 0.094200 0.032500 0.033900 0.095400 0.063900 0.033000 0.126700 0.000200 0.000000 0.032600 0.032500 0.032600 0.065200 0.000100 0.032500 0.000000 0.032000 0.067600 0.128300 0.032800 0.000100 0.068700 0.065200 0.000200 0.065200 0.033000 0.067600 0.100500 0.000200 0.100800 0.032800 0.068700 0.032500 0.032500
Gemsbok 0.092900 0.101200 0.000300 0.039900 0.066700 0.127200 0.032300 0.032500 0.000400 0.031800 0.092600 0.000300 0.032000 0.032500 0.099800 0.032300 0.066200 0.000500 0.127500 0.000400 0.069000 0.129300 0.031100 0.000400 0.092600 0.032500 0.032000 0.000400 0.066400 0.000400 0.031800 0.033100 0.000300 0.032000 0.000000 0.033000 0.094000 0.066700 0.033100 0.033500 0.031700 0.032500 0.031800 0.000400 0.033000 0.100500 0.032500 0.137700 0.066700 0.033500 0.000300 0.000300
Yak 0.129700 0.137500 0.032100 0.064300 0.101500 0.166300 0.065800 0.065900 0.032300 0.064600 0.129400 0.032100 0.067600 0.065900 0.136500 0.065800 0.100700 0.032400 0.166100 0.032200 0.105900 0.171900 0.063500 0.033200 0.129400 0.065900 0.067600 0.032300 0.101000 0.032300 0.064600 0.067500 0.032100 0.067600 0.033000 0.000000 0.132100 0.101500 0.067500 0.069300 0.064800 0.065900 0.064600 0.033200 0.000000 0.135100 0.065600 0.177100 0.066300 0.069300 0.032100 0.032100
BlueSheep 0.057800 0.203200 0.095500 0.192000 0.096300 0.088700 0.129600 0.130400 0.096100 0.061700 0.057900 0.095500 0.128300 0.130400 0.204800 0.129600 0.166400 0.096200 0.153500 0.095400 0.172800 0.091600 0.060400 0.098500 0.057900 0.130400 0.128300 0.096100 0.166800 0.096100 0.061700 0.133100 0.095500 0.128300 0.094000 0.132100 0.000000 0.096300 0.133100 0.136400 0.061600 0.130400 0.061700 0.098500 0.132100 0.129100 0.130400 0.248900 0.167200 0.136300 0.095500 0.095500
BohorReedb 0.095300 0.173700 0.065000 0.097700 0.000000 0.062600 0.031800 0.032000 0.065200 0.098000 0.095000 0.065000 0.032800 0.032000 0.098000 0.031800 0.135900 0.065500 0.062900 0.064900 0.067500 0.063500 0.096100 0.066000 0.095000 0.032000 0.032800 0.065200 0.065100 0.065200 0.098000 0.032500 0.065000 0.032800 0.066700 0.101500 0.096300 0.000000 0.032500 0.103100 0.098000 0.032000 0.098000 0.066000 0.101500 0.064100 0.032000 0.134700 0.065600 0.103000 0.065000 0.065000
KirksDik 0.131300 0.138200 0.032400 0.064700 0.032500 0.096900 0.000200 0.000100 0.032400 0.065000 0.131000 0.032400 0.000100 0.000100 0.064800 0.000200 0.101200 0.032500 0.097100 0.032300 0.033700 0.098500 0.063800 0.032900 0.131000 0.000100 0.000100 0.032400 0.032400 0.032400 0.065000 0.000000 0.032400 0.000100 0.033100 0.067500 0.133100 0.032500 0.000000 0.068500 0.065100 0.000100 0.065000 0.032900 0.067500 0.100000 0.000100 0.100000 0.032700 0.068500 0.032400 0.032400
RoeDeer 0.133700 0.141900 0.033100 0.066200 0.103100 0.171700 0.067600 0.068100 0.033200 0.066600 0.133300 0.033100 0.068700 0.068100 0.139800 0.067600 0.103800 0.033300 0.171500 0.033100 0.107700 0.176400 0.065300 0.033800 0.133300 0.068100 0.068700 0.033200 0.104500 0.033200 0.066600 0.068500 0.033100 0.068700 0.033500 0.069300 0.136400 0.103100 0.068500 0.000000 0.065700 0.068100 0.066600 0.033800 0.069300 0.140000 0.068100 0.181900 0.105300 0.000100 0.033100 0.033100
WhiteLippe 0.060900 0.132000 0.031100 0.062000 0.098000 0.093500 0.063400 0.063800 0.031200 0.000200 0.060700 0.031100 0.065200 0.063800 0.130100 0.063400 0.124400 0.049700 0.161500 0.031000 0.101600 0.095000 0.000100 0.031500 0.060700 0.063800 0.065200 0.031200 0.097600 0.031200 0.000200 0.065100 0.031100 0.065200 0.031700 0.064800 0.061600 0.098000 0.065100 0.065700 0.000000 0.063800 0.000200 0.031500 0.064800 0.130900 0.063800 0.168000 0.098500 0.065700 0.031100 0.031100
ThomsonGaz 0.128600 0.135600 0.031600 0.063400 0.032000 0.095000 0.000100 0.000000 0.031800 0.063600 0.128300 0.031600 0.000200 0.000000 0.064300 0.000100 0.099300 0.031900 0.095200 0.031700 0.033200 0.097800 0.062600 0.032600 0.128300 0.000000 0.000200 0.031800 0.031700 0.031800 0.063600 0.000100 0.031600 0.000200 0.032500 0.065900 0.130400 0.032000 0.000100 0.068100 0.063800 0.000000 0.063600 0.032600 0.065900 0.097600 0.000000 0.099400 0.032100 0.068100 0.031600 0.031600
MuntiacusC 0.060900 0.132200 0.031000 0.062000 0.098000 0.093500 0.063400 0.063600 0.031200 0.000000 0.060700 0.031000 0.065200 0.063600 0.131900 0.063400 0.097100 0.031300 0.161400 0.031100 0.101600 0.096300 0.000100 0.032000 0.060700 0.063600 0.065200 0.031200 0.097300 0.031200 0.000000 0.065000 0.031000 0.065200 0.031800 0.064600 0.061700 0.098000 0.065000 0.066600 0.000200 0.063600 0.000000 0.032000 0.064600 0.130500 0.063600 0.170700 0.098300 0.066600 0.031000 0.031000
WhiteTaile 0.097000 0.101900 0.000100 0.031800 0.066000 0.132700 0.032400 0.032600 0.000200 0.032000 0.096700 0.000100 0.033000 0.032600 0.100700 0.032400 0.066500 0.000300 0.132800 0.000200 0.068600 0.136100 0.031400 0.000000 0.096700 0.032600 0.033000 0.000200 0.066700 0.000200 0.032000 0.032900 0.000100 0.033000 0.000400 0.033200 0.098500 0.066000 0.032900 0.033800 0.031500 0.032600 0.032000 0.000000 0.033200 0.100700 0.032600 0.139100 0.067100 0.033900 0.000100 0.000100
Cattle 0.129700 0.137500 0.032100 0.064300 0.101500 0.166300 0.065800 0.065900 0.032300 0.064600 0.129400 0.032100 0.067600 0.065900 0.136500 0.065800 0.100700 0.032400 0.166100 0.032200 0.105900 0.171900 0.063500 0.033200 0.129400 0.065900 0.067600 0.032300 0.101000 0.032300 0.064600 0.067500 0.032100 0.067600 0.033000 0.000000 0.132100 0.101500 0.067500 0.069300 0.064800 0.065900 0.064600 0.033200 0.000000 0.135100 0.065900 0.177100 0.066300 0.069300 0.032100 0.032100
RoyalAntel 0.127600 0.209400 0.097400 0.130400 0.064100 0.127900 0.097400 0.097600 0.098200 0.130500 0.127300 0.097400 0.100500 0.097600 0.171000 0.097400 0.170900 0.098500 0.128600 0.097600 0.138700 0.131900 0.128300 0.100700 0.127300 0.097600 0.100500 0.098200 0.133300 0.098200 0.130500 0.100000 0.097400 0.100500 0.100500 0.135100 0.129100 0.064100 0.100000 0.140000 0.130900 0.097600 0.130500 0.100700 0.135100 0.000000 0.097600 0.134900 0.134100 0.140000 0.097400 0.097400
Steenbok 0.128600 0.135600 0.031600 0.063400 0.032000 0.095000 0.000100 0.000000 0.031800 0.063600 0.128300 0.031600 0.000200 0.000000 0.064300 0.000100 0.099300 0.031900 0.095200 0.031700 0.033200 0.097800 0.062600 0.032600 0.128300 0.000000 0.000200 0.031800 0.031700 0.031800 0.063600 0.000100 0.031600 0.000200 0.032500 0.065600 0.130400 0.032000 0.000100 0.068100 0.063800 0.000000 0.063600 0.032600 0.065900 0.097600 0.000000 0.099400 0.032100 0.068100 0.031600 0.031600
Impala 0.244500 0.257000 0.135600 0.170400 0.134700 0.204700 0.098800 0.099400 0.136100 0.170700 0.243800 0.135600 0.100800 0.099400 0.097000 0.098800 0.215100 0.137000 0.205700 0.135500 0.139100 0.210200 0.167200 0.139100 0.243800 0.099400 0.100800 0.136100 0.135900 0.136100 0.170700 0.100000 0.135600 0.100800 0.137700 0.177100 0.248900 0.134700 0.100000 0.181900 0.168000 0.099400 0.170700 0.139100 0.177100 0.134900 0.099400 0.000000 0.136200 0.182000 0.135600 0.135600
Klipspring 0.164300 0.174300 0.065200 0.097500 0.065600 0.129300 0.031900 0.032100 0.066200 0.098300 0.164000 0.065200 0.032800 0.032100 0.099000 0.031900 0.135900 0.065500 0.129200 0.065300 0.068200 0.133300 0.096500 0.067100 0.164000 0.032100 0.032800 0.066200 0.065300 0.066200 0.098300 0.032700 0.065200 0.032800 0.066700 0.066300 0.167200 0.065600 0.032700 0.105300 0.098500 0.032100 0.098300 0.067100 0.066300 0.134100 0.032100 0.136200 0.000000 0.104900 0.065200 0.065200
ForestMusk 0.133500 0.141800 0.033100 0.066200 0.103000 0.171500 0.067700 0.068100 0.033200 0.066600 0.133000 0.033100 0.068700 0.068100 0.139900 0.067700 0.103800 0.033300 0.171200 0.033100 0.107600 0.176100 0.065300 0.033900 0.133000 0.068100 0.068700 0.033200 0.104500 0.033200 0.066600 0.068500 0.033100 0.068700 0.033500 0.069300 0.136300 0.103000 0.068500 0.000100 0.065700 0.068100 0.066600 0.033900 0.069300 0.140000 0.068100 0.182000 0.104900 0.000000 0.033100 0.033100
Bushbuck 0.094100 0.098800 0.000000 0.030900 0.065000 0.128600 0.031600 0.031600 0.000100 0.031000 0.093900 0.000000 0.032500 0.031600 0.098300 0.031600 0.064500 0.000200 0.128800 0.000100 0.067500 0.132700 0.030500 0.000100 0.093900 0.031600 0.032500 0.000100 0.064500 0.000100 0.031000 0.032400 0.000000 0.032500 0.000300 0.032100 0.095500 0.065000 0.032400 0.033100 0.031100 0.031600 0.031000 0.000100 0.032100 0.097400 0.031600 0.135600 0.065200 0.033100 0.000000 0.000000
GreaterKud 0.094100 0.098800 0.000000 0.030900 0.065000 0.128600 0.031600 0.031600 0.000100 0.031000 0.093900 0.000000 0.032500 0.031600 0.098300 0.031600 0.064500 0.000200 0.128800 0.000100 0.067500 0.132700 0.030500 0.000100 0.093900 0.031600 0.032500 0.000100 0.064500 0.000100 0.031000 0.032400 0.000000 0.032500 0.000300 0.032100 0.095500 0.065000 0.032400 0.033100 0.031100 0.031600 0.031000 0.000100 0.032100 0.097400 0.031600 0.135600 0.065200 0.033100 0.000000 0.000000
