1
52 1
Argali 0.000000 0.148400 0.070700 0.092500 0.054600 0.000000 0.036800 0.071400 0.070000 0.119600 0.018400 0.072900 0.090500 0.054600 0.035900 0.071400 0.056100 0.071700 0.035900 0.072600 0.072000 0.018400 0.098400 0.077300 0.018400 0.071700 0.091300 0.054700 0.071700 0.052700 0.119600 0.036600 0.077100 0.073300 0.036600 0.072000 0.000000 0.054600 0.091000 0.075600 0.077300 0.071700 0.119600 0.077300 0.072000 0.054200 0.071700 0.054400 0.073700 0.072200 0.052500 0.051800
LesserMous 0.148400 0.000000 0.142400 0.168000 0.168700 0.148400 0.148300 0.140600 0.181600 0.109300 0.127900 0.189700 0.208500 0.168700 0.148300 0.206900 0.127300 0.185800 0.102700 0.189000 0.186700 0.127900 0.132100 0.107900 0.127900 0.185800 0.211000 0.168900 0.185800 0.162000 0.109300 0.148300 0.061600 0.190700 0.148300 0.186800 0.148400 0.168700 0.210300 0.151000 0.107900 0.185800 0.109300 0.107900 0.186800 0.166700 0.185800 0.167800 0.191800 0.187500 0.162000 0.162000
LesserKudu 0.070700 0.142400 0.000000 0.127500 0.052800 0.072000 0.035300 0.033900 0.033400 0.114900 0.054300 0.034600 0.087400 0.051700 0.034900 0.087100 0.092000 0.069300 0.035100 0.034500 0.069600 0.054200 0.094700 0.074400 0.054200 0.069100 0.088200 0.017300 0.069300 0.016800 0.114900 0.035300 0.074300 0.069400 0.035300 0.034200 0.072000 0.052500 0.087900 0.071300 0.074400 0.069300 0.114900 0.074400 0.034200 0.052200 0.069300 0.052600 0.071100 0.069800 0.016700 0.016700
KillerWhal 0.092500 0.168000 0.127500 0.000000 0.110600 0.092500 0.092500 0.126400 0.163100 0.138400 0.074300 0.090500 0.108000 0.110600 0.092500 0.107100 0.074200 0.089100 0.091700 0.128600 0.089100 0.074300 0.159400 0.136800 0.074300 0.089100 0.108500 0.110600 0.089100 0.145300 0.138400 0.092300 0.095500 0.129800 0.092500 0.127500 0.092500 0.110600 0.147500 0.133900 0.136800 0.089100 0.138400 0.136800 0.127500 0.109600 0.089100 0.110200 0.130400 0.127100 0.145300 0.145300
DefassaWat 0.054600 0.168700 0.052800 0.110600 0.000000 0.054600 0.017800 0.052400 0.087500 0.097000 0.036600 0.053400 0.070800 0.035600 0.017500 0.070300 0.074500 0.051700 0.054200 0.053200 0.052800 0.036600 0.076700 0.056500 0.036600 0.052600 0.071400 0.034900 0.052600 0.070100 0.097000 0.017800 0.095900 0.053700 0.017800 0.052400 0.054600 0.000000 0.071100 0.055300 0.056500 0.052600 0.097000 0.056500 0.052800 0.035100 0.052600 0.035400 0.053900 0.052700 0.070100 0.070100
Sheep 0.000000 0.148400 0.072000 0.092500 0.054600 0.000000 0.036600 0.071400 0.070000 0.119600 0.018400 0.072900 0.090500 0.054600 0.036000 0.071400 0.054900 0.070400 0.036300 0.070700 0.072000 0.018400 0.098400 0.077300 0.018400 0.071700 0.091300 0.054100 0.071700 0.051700 0.119600 0.036200 0.077200 0.073300 0.036600 0.072000 0.000000 0.053600 0.091000 0.075600 0.077300 0.071700 0.119600 0.077300 0.072000 0.054100 0.070900 0.054400 0.073700 0.072200 0.052700 0.051800
MaxwellsDu 0.036800 0.148300 0.035300 0.092500 0.017800 0.036600 0.000000 0.034600 0.069600 0.078000 0.018200 0.035700 0.052500 0.017500 0.000000 0.052800 0.056100 0.034600 0.036300 0.035100 0.034700 0.018400 0.057800 0.037300 0.018400 0.035200 0.053700 0.017900 0.035200 0.052700 0.078000 0.000000 0.077000 0.035900 0.000000 0.035300 0.035800 0.017600 0.053500 0.037000 0.037800 0.035200 0.078000 0.037800 0.035000 0.017700 0.035300 0.017500 0.036100 0.034900 0.052700 0.052700
GazellaPrz 0.071400 0.140600 0.033900 0.126400 0.052400 0.071400 0.034600 0.000000 0.067500 0.113800 0.053700 0.069900 0.051200 0.051900 0.035000 0.050900 0.091200 0.068900 0.034800 0.069600 0.033900 0.053700 0.093700 0.073700 0.053200 0.033800 0.051600 0.052300 0.033800 0.050700 0.113800 0.034700 0.072300 0.034500 0.035000 0.033900 0.071400 0.052400 0.051400 0.072200 0.073700 0.033500 0.113800 0.073700 0.033800 0.017000 0.033600 0.052200 0.034700 0.068700 0.050500 0.050500
MountainNy 0.070000 0.181600 0.033400 0.163100 0.087500 0.070000 0.069600 0.067500 0.000000 0.152100 0.089700 0.068800 0.122000 0.087500 0.070100 0.103100 0.128000 0.103500 0.069700 0.033100 0.103900 0.089700 0.131600 0.110800 0.089700 0.103500 0.123000 0.051500 0.103600 0.016200 0.152100 0.070100 0.110600 0.105600 0.069600 0.068000 0.070000 0.087500 0.122700 0.108600 0.110800 0.103500 0.152100 0.110800 0.068000 0.086700 0.103500 0.087100 0.106100 0.104100 0.016300 0.016300
MuntiacusM 0.119600 0.109300 0.114900 0.138400 0.097000 0.119600 0.078000 0.113800 0.152100 0.000000 0.100200 0.116600 0.134700 0.097000 0.078000 0.133700 0.099700 0.114400 0.118400 0.116100 0.114900 0.099900 0.060600 0.038700 0.100200 0.114400 0.136100 0.097200 0.114400 0.133500 0.000000 0.078000 0.081000 0.117100 0.078000 0.114900 0.119600 0.097300 0.135600 0.079200 0.039600 0.114400 0.000000 0.039600 0.114900 0.096100 0.114400 0.096600 0.117700 0.115300 0.133500 0.133500
goat 0.018400 0.127900 0.054300 0.074300 0.036600 0.018400 0.018200 0.053700 0.089700 0.100200 0.000000 0.054900 0.071400 0.036600 0.018100 0.072100 0.037200 0.054000 0.018200 0.053900 0.053600 0.000000 0.079100 0.057500 0.000000 0.053200 0.073300 0.036600 0.054000 0.072000 0.100500 0.018200 0.057500 0.055200 0.018400 0.054200 0.018200 0.036600 0.073100 0.057000 0.057100 0.054000 0.100200 0.058300 0.054200 0.036300 0.054000 0.036400 0.055400 0.053400 0.072000 0.072000
AfricanBuf 0.072900 0.189700 0.034600 0.090500 0.053400 0.072900 0.035700 0.069900 0.068800 0.116600 0.054900 0.000000 0.088600 0.053400 0.035700 0.051800 0.054900 0.034500 0.072300 0.034900 0.070400 0.054900 0.096000 0.075400 0.054900 0.034500 0.089300 0.017500 0.034500 0.051700 0.116600 0.035700 0.115100 0.071600 0.035700 0.034600 0.072900 0.053400 0.089000 0.073900 0.075400 0.034500 0.116600 0.075400 0.034600 0.053000 0.034500 0.053200 0.071300 0.070600 0.051700 0.051700
Topi 0.090500 0.208500 0.087400 0.108000 0.070800 0.090500 0.052500 0.051200 0.122000 0.134700 0.071400 0.088600 0.000000 0.070800 0.053200 0.068700 0.111000 0.087200 0.089800 0.088200 0.051100 0.072600 0.114200 0.093400 0.072600 0.051400 0.033800 0.070700 0.051400 0.104700 0.134700 0.052400 0.132200 0.017200 0.053200 0.051600 0.090500 0.070800 0.069500 0.091600 0.093000 0.050800 0.134700 0.093400 0.051600 0.034500 0.051400 0.070500 0.052700 0.087700 0.104700 0.104700
CommonDuik 0.054600 0.168700 0.051700 0.110600 0.035600 0.054600 0.017500 0.051900 0.087500 0.097000 0.036600 0.053400 0.070800 0.000000 0.017600 0.070300 0.074500 0.052600 0.054200 0.053200 0.052800 0.035800 0.076700 0.056500 0.036600 0.052400 0.070600 0.034900 0.052600 0.070100 0.097000 0.017800 0.095900 0.053700 0.017600 0.052800 0.054600 0.034700 0.071100 0.055300 0.056500 0.052600 0.097000 0.056500 0.052800 0.035000 0.052600 0.035400 0.053900 0.052900 0.070100 0.070100
Suni 0.035900 0.148300 0.034900 0.092500 0.017500 0.036000 0.000000 0.035000 0.070100 0.078000 0.018100 0.035700 0.053200 0.017600 0.000000 0.052800 0.056100 0.035000 0.036300 0.034900 0.034700 0.018400 0.057800 0.037800 0.018200 0.035200 0.052800 0.017700 0.035300 0.051800 0.078000 0.000000 0.077000 0.035400 0.000000 0.034900 0.035800 0.017600 0.053500 0.037000 0.037800 0.035200 0.078000 0.037500 0.035300 0.017700 0.035200 0.017500 0.036100 0.035400 0.052700 0.052700
Springbuck 0.071400 0.206900 0.087100 0.107100 0.070300 0.071400 0.052800 0.050900 0.103100 0.133700 0.072100 0.051800 0.068700 0.070300 0.052800 0.000000 0.071700 0.051000 0.089100 0.087600 0.051200 0.072100 0.113300 0.092700 0.072100 0.016500 0.067400 0.070200 0.016700 0.086100 0.133700 0.052800 0.132100 0.052000 0.052800 0.051200 0.071400 0.068300 0.069000 0.090900 0.092700 0.016500 0.133700 0.092700 0.051200 0.034200 0.016500 0.070000 0.052300 0.087100 0.086100 0.086100
Okapi 0.056100 0.127300 0.092000 0.074200 0.074500 0.054900 0.056100 0.091200 0.128000 0.099700 0.037200 0.054900 0.111000 0.074500 0.056100 0.071700 0.000000 0.054100 0.055600 0.092900 0.092000 0.037100 0.078800 0.058000 0.037600 0.053900 0.112000 0.074600 0.053900 0.110000 0.100300 0.055700 0.098700 0.093600 0.056100 0.092000 0.056100 0.074500 0.111700 0.096800 0.058000 0.053300 0.099700 0.058000 0.092000 0.073800 0.053000 0.072700 0.094100 0.092200 0.110000 0.110000
Giraffe 0.071700 0.185800 0.069300 0.089100 0.051700 0.070400 0.034600 0.068900 0.103500 0.114400 0.054000 0.034500 0.087200 0.052600 0.035000 0.051000 0.054100 0.000000 0.071200 0.069900 0.069400 0.053100 0.094200 0.074100 0.053800 0.034000 0.088000 0.052600 0.034000 0.086400 0.114400 0.035200 0.113000 0.070500 0.035200 0.069300 0.071700 0.052600 0.087700 0.072600 0.074100 0.034000 0.114400 0.074100 0.069300 0.052200 0.034000 0.052400 0.070900 0.069500 0.086400 0.087100
TibetanAnt 0.035900 0.102700 0.035100 0.091700 0.054200 0.036300 0.036300 0.034800 0.069700 0.118400 0.018200 0.072300 0.089800 0.054200 0.036300 0.089100 0.055600 0.071200 0.000000 0.072500 0.070800 0.018200 0.096800 0.076600 0.018200 0.071200 0.090600 0.054200 0.070500 0.052400 0.118400 0.036300 0.037300 0.072600 0.036100 0.071400 0.035800 0.054200 0.089700 0.074900 0.076600 0.071200 0.118400 0.076600 0.071400 0.053700 0.071200 0.054000 0.073000 0.071600 0.052400 0.052400
Sitatunga 0.072600 0.189000 0.034500 0.128600 0.053200 0.070700 0.035100 0.069600 0.033100 0.116100 0.053900 0.034900 0.088200 0.053200 0.034900 0.087600 0.092900 0.069900 0.072500 0.000000 0.069200 0.054700 0.095600 0.075100 0.053900 0.069900 0.088900 0.017300 0.068500 0.051200 0.116100 0.034900 0.114700 0.071300 0.035600 0.034000 0.072600 0.053200 0.088600 0.073600 0.075100 0.069900 0.116100 0.075100 0.034500 0.052800 0.069900 0.053000 0.071700 0.070500 0.051500 0.051500
Oribi 0.072000 0.186700 0.069600 0.089100 0.052800 0.072000 0.034700 0.033900 0.103900 0.114900 0.053600 0.070400 0.051100 0.052800 0.034700 0.051200 0.092000 0.069400 0.070800 0.069200 0.000000 0.054500 0.094600 0.074400 0.054200 0.033800 0.016800 0.052800 0.033600 0.087100 0.114900 0.035300 0.113500 0.034700 0.035300 0.033700 0.072000 0.052200 0.050700 0.072800 0.074400 0.034100 0.114900 0.072200 0.034000 0.016900 0.034100 0.052600 0.034900 0.069800 0.086700 0.086700
BarbaryShe 0.018400 0.127900 0.054200 0.074300 0.036600 0.018400 0.018400 0.053700 0.089700 0.099900 0.000000 0.054900 0.072600 0.035800 0.018400 0.072100 0.037100 0.053100 0.018200 0.054700 0.054500 0.000000 0.079100 0.058300 0.000000 0.053100 0.073300 0.036600 0.053200 0.072000 0.100200 0.018400 0.058100 0.055200 0.018200 0.054200 0.018200 0.036600 0.073100 0.056100 0.058300 0.053300 0.100200 0.057200 0.054200 0.035800 0.054000 0.036400 0.055400 0.054400 0.072000 0.072000
Daviddeer 0.098400 0.132100 0.094700 0.159400 0.076700 0.098400 0.057800 0.093700 0.131600 0.060600 0.079100 0.096000 0.114200 0.076700 0.057800 0.113300 0.078800 0.094200 0.096800 0.095600 0.094600 0.079100 0.000000 0.019300 0.079100 0.094200 0.115300 0.076800 0.094200 0.113200 0.060600 0.057800 0.102000 0.096400 0.057800 0.094700 0.098400 0.076700 0.114900 0.058700 0.019300 0.094200 0.060600 0.019400 0.094700 0.076000 0.094200 0.076400 0.097000 0.094000 0.113200 0.113200
Reindeer 0.077300 0.107900 0.074400 0.136800 0.056500 0.077300 0.037300 0.073700 0.110800 0.038700 0.057500 0.075400 0.093400 0.056500 0.037800 0.092700 0.058000 0.074100 0.076600 0.075100 0.074400 0.058300 0.019300 0.000000 0.058300 0.074100 0.094300 0.056600 0.074100 0.091800 0.038700 0.037800 0.080100 0.075700 0.037800 0.074400 0.077300 0.056500 0.094000 0.038400 0.000000 0.074100 0.039600 0.000000 0.073100 0.056000 0.074100 0.056300 0.076200 0.074600 0.092600 0.090500
Ibex 0.018400 0.127900 0.054200 0.074300 0.036600 0.018400 0.018400 0.053200 0.089700 0.100200 0.000000 0.054900 0.072600 0.036600 0.018200 0.072100 0.037600 0.053800 0.018200 0.053900 0.054200 0.000000 0.079100 0.058300 0.000000 0.054000 0.073300 0.036800 0.054000 0.071200 0.100200 0.018400 0.057600 0.055200 0.018400 0.053600 0.018200 0.036600 0.073100 0.056200 0.058300 0.053400 0.100200 0.058300 0.054200 0.036100 0.054000 0.036400 0.055400 0.053500 0.072000 0.072000
GyrantGaze 0.071700 0.185800 0.069100 0.089100 0.052600 0.071700 0.035200 0.033800 0.103500 0.114400 0.053200 0.034500 0.051400 0.052400 0.035200 0.016500 0.053900 0.034000 0.071200 0.069900 0.033800 0.053100 0.094200 0.074100 0.054000 0.000000 0.051800 0.052600 0.000000 0.086400 0.114400 0.035200 0.113000 0.034600 0.034700 0.034100 0.071200 0.052600 0.051700 0.072600 0.074100 0.000000 0.114400 0.074100 0.034100 0.016900 0.000000 0.052400 0.034800 0.069500 0.086400 0.086400
Hartebeest 0.091300 0.211000 0.088200 0.108500 0.071400 0.091300 0.053700 0.051600 0.123000 0.136100 0.073300 0.089300 0.033800 0.070600 0.052800 0.067400 0.112000 0.088000 0.090600 0.088900 0.016800 0.073300 0.115300 0.094300 0.073300 0.051800 0.000000 0.071300 0.051800 0.105600 0.136100 0.053700 0.134400 0.017300 0.053700 0.052000 0.091300 0.071400 0.070100 0.092600 0.094300 0.051800 0.136100 0.094300 0.052000 0.034700 0.051800 0.071100 0.053100 0.088400 0.105600 0.105600
Bongo 0.054700 0.168900 0.017300 0.110600 0.034900 0.054100 0.017900 0.052300 0.051500 0.097200 0.036600 0.017500 0.070700 0.034900 0.017700 0.070200 0.074600 0.052600 0.054200 0.017300 0.052800 0.036600 0.076800 0.056600 0.036800 0.052600 0.071300 0.000000 0.052600 0.034400 0.097200 0.017900 0.096000 0.053700 0.017800 0.017300 0.054700 0.035600 0.071100 0.054700 0.056600 0.052600 0.097200 0.056500 0.017300 0.035300 0.052000 0.035300 0.053900 0.052500 0.034000 0.034300
Gerenuk 0.071700 0.185800 0.069300 0.089100 0.052600 0.071700 0.035200 0.033800 0.103600 0.114400 0.054000 0.034500 0.051400 0.052600 0.035300 0.016700 0.053900 0.034000 0.070500 0.068500 0.033600 0.053200 0.094200 0.074100 0.054000 0.000000 0.051800 0.052600 0.000000 0.086400 0.114400 0.035200 0.113300 0.034500 0.034700 0.034100 0.071700 0.052600 0.051700 0.072600 0.074100 0.000000 0.114400 0.074100 0.034100 0.017100 0.000000 0.052400 0.034800 0.069500 0.086400 0.086400
CommonElan 0.052700 0.162000 0.016800 0.145300 0.070100 0.051700 0.052700 0.050700 0.016200 0.133500 0.072000 0.051700 0.104700 0.070100 0.051800 0.086100 0.110000 0.086400 0.052400 0.051200 0.087100 0.072000 0.113200 0.091800 0.071200 0.086400 0.105600 0.034400 0.086400 0.000000 0.133500 0.052700 0.092500 0.088200 0.052700 0.051100 0.052700 0.070100 0.105200 0.090800 0.092600 0.086300 0.133500 0.092600 0.051100 0.069600 0.086400 0.069900 0.088600 0.086900 0.000000 0.000000
MuntiacusR 0.119600 0.109300 0.114900 0.138400 0.097000 0.119600 0.078000 0.113800 0.152100 0.000000 0.100500 0.116600 0.134700 0.097000 0.078000 0.133700 0.100300 0.114400 0.118400 0.116100 0.114900 0.100200 0.060600 0.038700 0.100200 0.114400 0.136100 0.097200 0.114400 0.133500 0.000000 0.078000 0.081000 0.117100 0.078000 0.114900 0.119600 0.097100 0.135600 0.079200 0.039600 0.114400 0.000000 0.039600 0.114900 0.096100 0.114400 0.096600 0.117700 0.115300 0.133500 0.133500
HarveysDui 0.036600 0.148300 0.035300 0.092300 0.017800 0.036200 0.000000 0.034700 0.070100 0.078000 0.018200 0.035700 0.052400 0.017800 0.000000 0.052800 0.055700 0.035200 0.036300 0.034900 0.035300 0.018400 0.057800 0.037800 0.018400 0.035200 0.053700 0.017900 0.035200 0.052700 0.078000 0.000000 0.077000 0.035300 0.000000 0.035300 0.036600 0.017600 0.053500 0.037000 0.037800 0.035200 0.078000 0.037800 0.035300 0.017500 0.034700 0.017800 0.036100 0.035400 0.052700 0.053200
Pronghorn 0.077100 0.061600 0.074300 0.095500 0.095900 0.077200 0.077000 0.072300 0.110600 0.081000 0.057500 0.115100 0.132200 0.095900 0.077000 0.132100 0.098700 0.113000 0.037300 0.114700 0.113500 0.058100 0.102000 0.080100 0.057600 0.113000 0.134400 0.096000 0.113300 0.092500 0.081000 0.077000 0.000000 0.115600 0.077000 0.113500 0.077100 0.095900 0.134000 0.078200 0.080100 0.113000 0.081000 0.080100 0.113500 0.095500 0.113000 0.095500 0.116300 0.113900 0.092500 0.092500
BlueWildeb 0.073300 0.190700 0.069400 0.129800 0.053700 0.073300 0.035900 0.034500 0.105600 0.117100 0.055200 0.071600 0.017200 0.053700 0.035400 0.052000 0.093600 0.070500 0.072600 0.071300 0.034700 0.055200 0.096400 0.075700 0.055200 0.034600 0.017300 0.053700 0.034500 0.088200 0.117100 0.035300 0.115600 0.000000 0.035900 0.034500 0.073300 0.053700 0.052700 0.074200 0.075700 0.034300 0.117100 0.075700 0.034700 0.017400 0.034600 0.053500 0.035500 0.070900 0.088200 0.088200
Gemsbok 0.036600 0.148300 0.035300 0.092500 0.017800 0.036600 0.000000 0.035000 0.069600 0.078000 0.018400 0.035700 0.053200 0.017600 0.000000 0.052800 0.056100 0.035200 0.036100 0.035600 0.035300 0.018200 0.057800 0.037800 0.018400 0.034700 0.053700 0.017800 0.034700 0.052700 0.078000 0.000000 0.077000 0.035900 0.000000 0.035300 0.036600 0.017500 0.053500 0.037000 0.037800 0.035200 0.078000 0.037800 0.035300 0.017700 0.034600 0.017500 0.036100 0.035400 0.052700 0.052700
Yak 0.072000 0.186800 0.034200 0.127500 0.052400 0.072000 0.035300 0.033900 0.068000 0.114900 0.054200 0.034600 0.051600 0.052800 0.034900 0.051200 0.092000 0.069300 0.071400 0.034000 0.033700 0.054200 0.094700 0.074400 0.053600 0.034100 0.052000 0.017300 0.034100 0.051100 0.114900 0.035300 0.113500 0.034500 0.035300 0.000000 0.072000 0.052800 0.051800 0.071400 0.074400 0.033700 0.114900 0.074400 0.000000 0.017100 0.034100 0.052600 0.034900 0.069800 0.051100 0.051100
BlueSheep 0.000000 0.148400 0.072000 0.092500 0.054600 0.000000 0.035800 0.071400 0.070000 0.119600 0.018200 0.072900 0.090500 0.054600 0.035800 0.071400 0.056100 0.071700 0.035800 0.072600 0.072000 0.018200 0.098400 0.077300 0.018200 0.071200 0.091300 0.054700 0.071700 0.052700 0.119600 0.036600 0.077100 0.073300 0.036600 0.072000 0.000000 0.054600 0.091000 0.075600 0.077300 0.071700 0.119600 0.077300 0.072000 0.054200 0.071700 0.054400 0.073700 0.072200 0.051800 0.052700
BohorReedb 0.054600 0.168700 0.052500 0.110600 0.000000 0.053600 0.017600 0.052400 0.087500 0.097300 0.036600 0.053400 0.070800 0.034700 0.017600 0.068300 0.074500 0.052600 0.054200 0.053200 0.052200 0.036600 0.076700 0.056500 0.036600 0.052600 0.071400 0.035600 0.052600 0.070100 0.097100 0.017600 0.095900 0.053700 0.017500 0.052800 0.054600 0.000000 0.071100 0.054300 0.056500 0.052600 0.097000 0.055100 0.052800 0.035600 0.052600 0.035400 0.053900 0.051700 0.070100 0.070100
KirksDik 0.091000 0.210300 0.087900 0.147500 0.071100 0.091000 0.053500 0.051400 0.122700 0.135600 0.073100 0.089000 0.069500 0.071100 0.053500 0.069000 0.111700 0.087700 0.089700 0.088600 0.050700 0.073100 0.114900 0.094000 0.073100 0.051700 0.070100 0.071100 0.051700 0.105200 0.135600 0.053500 0.134000 0.052700 0.053500 0.051800 0.091000 0.071100 0.000000 0.092000 0.094000 0.051700 0.135600 0.094000 0.050900 0.034300 0.051400 0.070900 0.053000 0.088200 0.105200 0.104500
RoeDeer 0.075600 0.151000 0.071300 0.133900 0.055300 0.075600 0.037000 0.072200 0.108600 0.079200 0.057000 0.073900 0.091600 0.055300 0.037000 0.090900 0.096800 0.072600 0.074900 0.073600 0.072800 0.056100 0.058700 0.038400 0.056200 0.072600 0.092600 0.054700 0.072600 0.090800 0.079200 0.037000 0.078200 0.074200 0.037000 0.071400 0.075600 0.054300 0.092000 0.000000 0.038400 0.072600 0.079200 0.038400 0.072900 0.054700 0.072600 0.055100 0.074600 0.072100 0.090800 0.090800
WhiteLippe 0.077300 0.107900 0.074400 0.136800 0.056500 0.077300 0.037800 0.073700 0.110800 0.039600 0.057100 0.075400 0.093000 0.056500 0.037800 0.092700 0.058000 0.074100 0.076600 0.075100 0.074400 0.058300 0.019300 0.000000 0.058300 0.074100 0.094300 0.056600 0.074100 0.092600 0.039600 0.037800 0.080100 0.075700 0.037800 0.074400 0.077300 0.056500 0.094000 0.038400 0.000000 0.074100 0.039600 0.000000 0.074400 0.056000 0.072800 0.056300 0.076200 0.074600 0.092600 0.092600
ThomsonGaz 0.071700 0.185800 0.069300 0.089100 0.052600 0.071700 0.035200 0.033500 0.103500 0.114400 0.054000 0.034500 0.050800 0.052600 0.035200 0.016500 0.053300 0.034000 0.071200 0.069900 0.034100 0.053300 0.094200 0.074100 0.053400 0.000000 0.051800 0.052600 0.000000 0.086300 0.114400 0.035200 0.113000 0.034300 0.035200 0.033700 0.071700 0.052600 0.051700 0.072600 0.074100 0.000000 0.114400 0.074100 0.034100 0.017100 0.000000 0.052400 0.034800 0.069500 0.086400 0.086400
MuntiacusC 0.119600 0.109300 0.114900 0.138400 0.097000 0.119600 0.078000 0.113800 0.152100 0.000000 0.100200 0.116600 0.134700 0.097000 0.078000 0.133700 0.099700 0.114400 0.118400 0.116100 0.114900 0.100200 0.060600 0.039600 0.100200 0.114400 0.136100 0.097200 0.114400 0.133500 0.000000 0.078000 0.081000 0.117100 0.078000 0.114900 0.119600 0.097000 0.135600 0.079200 0.039600 0.114400 0.000000 0.039600 0.114900 0.096100 0.114400 0.096600 0.117700 0.115300 0.133500 0.133500
WhiteTaile 0.077300 0.107900 0.074400 0.136800 0.056500 0.077300 0.037800 0.073700 0.110800 0.039600 0.058300 0.075400 0.093400 0.056500 0.037500 0.092700 0.058000 0.074100 0.076600 0.075100 0.072200 0.057200 0.019400 0.000000 0.058300 0.074100 0.094300 0.056500 0.074100 0.092600 0.039600 0.037800 0.080100 0.075700 0.037800 0.074400 0.077300 0.055100 0.094000 0.038400 0.000000 0.074100 0.039600 0.000000 0.074400 0.054800 0.074100 0.056300 0.076200 0.074600 0.092300 0.092600
Cattle 0.072000 0.186800 0.034200 0.127500 0.052800 0.072000 0.035000 0.033800 0.068000 0.114900 0.054200 0.034600 0.051600 0.052800 0.035300 0.051200 0.092000 0.069300 0.071400 0.034500 0.034000 0.054200 0.094700 0.073100 0.054200 0.034100 0.052000 0.017300 0.034100 0.051100 0.114900 0.035300 0.113500 0.034700 0.035300 0.000000 0.072000 0.052800 0.050900 0.072900 0.074400 0.034100 0.114900 0.074400 0.000000 0.017100 0.034100 0.052600 0.034900 0.069800 0.051100 0.051100
RoyalAntel 0.054200 0.166700 0.052200 0.109600 0.035100 0.054100 0.017700 0.017000 0.086700 0.096100 0.036300 0.053000 0.034500 0.035000 0.017700 0.034200 0.073800 0.052200 0.053700 0.052800 0.016900 0.035800 0.076000 0.056000 0.036100 0.016900 0.034700 0.035300 0.017100 0.069600 0.096100 0.017500 0.095500 0.017400 0.017700 0.017100 0.054200 0.035600 0.034300 0.054700 0.056000 0.017100 0.096100 0.054800 0.017100 0.000000 0.016900 0.034800 0.017500 0.052500 0.069600 0.069600
Steenbok 0.071700 0.185800 0.069300 0.089100 0.052600 0.070900 0.035300 0.033600 0.103500 0.114400 0.054000 0.034500 0.051400 0.052600 0.035200 0.016500 0.053000 0.034000 0.071200 0.069900 0.034100 0.054000 0.094200 0.074100 0.054000 0.000000 0.051800 0.052000 0.000000 0.086400 0.114400 0.034700 0.113000 0.034600 0.034600 0.034100 0.071700 0.052600 0.051400 0.072600 0.072800 0.000000 0.114400 0.074100 0.034100 0.016900 0.000000 0.052400 0.034800 0.069500 0.086400 0.086400
Impala 0.054400 0.167800 0.052600 0.110200 0.035400 0.054400 0.017500 0.052200 0.087100 0.096600 0.036400 0.053200 0.070500 0.035400 0.017500 0.070000 0.072700 0.052400 0.054000 0.053000 0.052600 0.036400 0.076400 0.056300 0.036400 0.052400 0.071100 0.035300 0.052400 0.069900 0.096600 0.017800 0.095500 0.053500 0.017500 0.052600 0.054400 0.035400 0.070900 0.055100 0.056300 0.052400 0.096600 0.056300 0.052600 0.034800 0.052400 0.000000 0.053700 0.051700 0.069900 0.069900
Klipspring 0.073700 0.191800 0.071100 0.130400 0.053900 0.073700 0.036100 0.034700 0.106100 0.117700 0.055400 0.071300 0.052700 0.053900 0.036100 0.052300 0.094100 0.070900 0.073000 0.071700 0.034900 0.055400 0.097000 0.076200 0.055400 0.034800 0.053100 0.053900 0.034800 0.088600 0.117700 0.036100 0.116300 0.035500 0.036100 0.034900 0.073700 0.053900 0.053000 0.074600 0.076200 0.034800 0.117700 0.076200 0.034900 0.017500 0.034800 0.053700 0.000000 0.071300 0.088600 0.088600
ForestMusk 0.072200 0.187500 0.069800 0.127100 0.052700 0.072200 0.034900 0.068700 0.104100 0.115300 0.053400 0.070600 0.087700 0.052900 0.035400 0.087100 0.092200 0.069500 0.071600 0.070500 0.069800 0.054400 0.094000 0.074600 0.053500 0.069500 0.088400 0.052500 0.069500 0.086900 0.115300 0.035400 0.113900 0.070900 0.035400 0.069800 0.072200 0.051700 0.088200 0.072100 0.074600 0.069500 0.115300 0.074600 0.069800 0.052500 0.069500 0.051700 0.071300 0.000000 0.086900 0.086900
Bushbuck 0.052500 0.162000 0.016700 0.145300 0.070100 0.052700 0.052700 0.050500 0.016300 0.133500 0.072000 0.051700 0.104700 0.070100 0.052700 0.086100 0.110000 0.086400 0.052400 0.051500 0.086700 0.072000 0.113200 0.092600 0.072000 0.086400 0.105600 0.034000 0.086400 0.000000 0.133500 0.052700 0.092500 0.088200 0.052700 0.051100 0.051800 0.070100 0.105200 0.090800 0.092600 0.086400 0.133500 0.092300 0.051100 0.069600 0.086400 0.069900 0.088600 0.086900 0.000000 0.000000
GreaterKud 0.051800 0.162000 0.016700 0.145300 0.070100 0.051800 0.052700 0.050500 0.016300 0.133500 0.072000 0.051700 0.104700 0.070100 0.052700 0.086100 0.110000 0.087100 0.052400 0.051500 0.086700 0.072000 0.113200 0.090500 0.072000 0.086400 0.105600 0.034300 0.086400 0.000000 0.133500 0.053200 0.092500 0.088200 0.052700 0.051100 0.052700 0.070100 0.104500 0.090800 0.092600 0.086400 0.133500 0.092600 0.051100 0.069600 0.086400 0.069900 0.088600 0.086900 0.000000 0.000000
