1
52 1
Argali 0.000000 0.776000 0.116600 0.431600 0.052000 0.006000 0.064600 0.110200 0.104400 0.202200 0.038300 0.084100 0.057700 0.071300 0.106200 0.098400 0.159700 0.157500 0.075800 0.098200 0.119100 0.025000 0.163000 0.195900 0.031600 0.084900 0.051400 0.097100 0.116000 0.104900 0.194300 0.097600 0.199500 0.056900 0.070000 0.089000 0.037900 0.084500 0.151700 0.242200 0.180600 0.072200 0.195000 0.180900 0.089200 0.187800 0.117500 0.120200 0.107900 0.155100 0.111400 0.112000
LesserMous 0.776000 0.000000 0.783600 0.661600 0.743200 0.765200 0.758700 0.766400 0.756500 0.724300 0.788300 0.799600 0.772700 0.784600 0.716300 0.754800 0.745100 0.760000 0.792100 0.748300 0.747300 0.775200 0.627400 0.717100 0.752300 0.734100 0.761900 0.767000 0.766200 0.750200 0.723000 0.787600 0.770900 0.731600 0.738700 0.793100 0.759100 0.805200 0.824400 0.741900 0.634500 0.760600 0.713700 0.729000 0.794700 0.781600 0.732200 0.826900 0.881400 0.763500 0.728000 0.765700
LesserKudu 0.116600 0.783600 0.000000 0.485400 0.118400 0.110100 0.130800 0.156100 0.036600 0.236200 0.131800 0.135800 0.137300 0.123500 0.173800 0.180200 0.207900 0.220600 0.148800 0.030500 0.165500 0.130100 0.212400 0.230000 0.124000 0.159100 0.117000 0.042600 0.175300 0.036900 0.219700 0.150300 0.256400 0.135500 0.135500 0.140700 0.130700 0.144600 0.191400 0.259700 0.214600 0.146500 0.229100 0.215100 0.140100 0.231800 0.170800 0.143200 0.173500 0.219900 0.043100 0.043200
KillerWhal 0.431600 0.661600 0.485400 0.000000 0.428300 0.423700 0.421100 0.461500 0.455300 0.489000 0.436500 0.415700 0.421700 0.440900 0.443300 0.468200 0.399600 0.431000 0.433000 0.457000 0.509700 0.430900 0.452800 0.474600 0.424300 0.460700 0.434000 0.471700 0.477800 0.445700 0.488700 0.433300 0.526000 0.414500 0.407300 0.414600 0.432200 0.469700 0.487800 0.502900 0.442000 0.446500 0.480600 0.478000 0.415200 0.555300 0.432100 0.443900 0.478100 0.418600 0.453800 0.455800
DefassaWat 0.052000 0.743200 0.118400 0.428300 0.000000 0.045500 0.038800 0.097600 0.106100 0.189700 0.052600 0.085500 0.045100 0.058900 0.079800 0.085300 0.147300 0.160500 0.091200 0.099800 0.113200 0.051900 0.166100 0.183300 0.045600 0.078900 0.052000 0.112700 0.110200 0.106600 0.181800 0.099200 0.194000 0.044500 0.070900 0.090400 0.058700 0.045000 0.139700 0.229900 0.167900 0.066100 0.182500 0.168200 0.090600 0.174700 0.091000 0.108500 0.109000 0.158100 0.113200 0.113800
Sheep 0.006000 0.765200 0.110100 0.423700 0.045500 0.000000 0.058200 0.103700 0.097900 0.195000 0.031900 0.077700 0.051300 0.064800 0.099600 0.091900 0.152900 0.165900 0.069500 0.091600 0.112600 0.018800 0.156000 0.188800 0.025300 0.078400 0.045000 0.104400 0.109600 0.098400 0.187200 0.091100 0.192500 0.050600 0.063700 0.082700 0.031600 0.078000 0.145100 0.235000 0.173500 0.065600 0.187900 0.173800 0.082800 0.180400 0.111000 0.113900 0.101600 0.148100 0.104900 0.105400
MaxwellsDu 0.064600 0.758700 0.130800 0.421100 0.038800 0.058200 0.000000 0.096900 0.118700 0.194400 0.065300 0.098000 0.044800 0.044800 0.099600 0.084700 0.130100 0.157900 0.096800 0.112400 0.112400 0.064500 0.171000 0.188100 0.058200 0.078300 0.051700 0.125200 0.109500 0.119200 0.186600 0.084100 0.199100 0.044200 0.070300 0.102700 0.071300 0.071200 0.131100 0.217600 0.172800 0.065600 0.187300 0.173200 0.102900 0.172200 0.090300 0.120600 0.108200 0.163300 0.125800 0.126400
GazellaPrz 0.110200 0.766400 0.156100 0.461500 0.097600 0.103700 0.096900 0.000000 0.136900 0.237800 0.111400 0.116100 0.102800 0.096900 0.139100 0.101900 0.178800 0.191500 0.128600 0.130700 0.095400 0.110000 0.206700 0.231800 0.103800 0.082300 0.090000 0.129300 0.106000 0.137500 0.229900 0.137200 0.242400 0.095000 0.107800 0.113900 0.117000 0.130100 0.127400 0.278500 0.208900 0.070000 0.230700 0.216700 0.114100 0.224900 0.094100 0.159000 0.125200 0.198600 0.144000 0.144700
MountainNy 0.104400 0.756500 0.036600 0.455300 0.106100 0.097900 0.118700 0.136900 0.000000 0.207500 0.119600 0.109900 0.125200 0.125500 0.161600 0.153400 0.180100 0.193000 0.158000 0.005900 0.153500 0.118000 0.184100 0.201200 0.111800 0.132500 0.118900 0.017900 0.163600 0.012300 0.191200 0.152700 0.227800 0.123500 0.123500 0.115000 0.118500 0.132400 0.164700 0.214400 0.186000 0.119800 0.200400 0.186400 0.114600 0.201800 0.144400 0.145800 0.161900 0.191600 0.018400 0.018500
MuntiacusM 0.202200 0.724300 0.236200 0.489000 0.189700 0.195000 0.194400 0.237800 0.207500 0.000000 0.204600 0.216200 0.210300 0.186200 0.220300 0.242200 0.150300 0.163700 0.238300 0.200900 0.259100 0.201800 0.062900 0.085200 0.195300 0.218700 0.203500 0.214600 0.251900 0.208500 0.041400 0.231800 0.231800 0.207000 0.207000 0.227700 0.194200 0.226300 0.253900 0.121600 0.063500 0.205200 0.006500 0.070500 0.228000 0.270300 0.247000 0.230500 0.247900 0.194500 0.215700 0.216800
goat 0.038300 0.788300 0.131800 0.436500 0.052600 0.031900 0.065300 0.111400 0.119600 0.204600 0.000000 0.098800 0.058300 0.072000 0.107400 0.106300 0.161600 0.174700 0.076700 0.113200 0.120500 0.025100 0.164900 0.198300 0.018900 0.085800 0.052000 0.126200 0.117300 0.120100 0.196700 0.112700 0.186100 0.057600 0.070800 0.103500 0.031700 0.085400 0.153400 0.245100 0.182800 0.073000 0.197400 0.183100 0.103700 0.190300 0.104600 0.121500 0.122600 0.156900 0.126800 0.127400
AfricanBuf 0.084100 0.799600 0.135800 0.415700 0.085500 0.077700 0.098000 0.116100 0.109900 0.216200 0.098800 0.000000 0.090900 0.104800 0.140200 0.125300 0.173300 0.186200 0.123000 0.103700 0.146500 0.097500 0.185000 0.193800 0.091300 0.111600 0.098200 0.102600 0.142700 0.111000 0.208200 0.124300 0.204600 0.103200 0.116800 0.030500 0.091100 0.118300 0.157600 0.256400 0.187000 0.099000 0.209000 0.195000 0.030400 0.194300 0.123300 0.125600 0.113800 0.176900 0.117500 0.118000
Topi 0.057700 0.772700 0.137300 0.421700 0.045100 0.051300 0.044800 0.102800 0.125200 0.210300 0.058300 0.090900 0.000000 0.064600 0.113200 0.090700 0.167300 0.180400 0.096300 0.119000 0.111100 0.057600 0.170700 0.204000 0.051400 0.084400 0.018900 0.131800 0.115300 0.125800 0.202300 0.104500 0.191400 0.024800 0.063100 0.095700 0.064300 0.077200 0.144600 0.250600 0.188600 0.071700 0.203100 0.189000 0.095800 0.196200 0.096300 0.113500 0.114000 0.162800 0.132400 0.133000
CommonDuik 0.071300 0.784600 0.123500 0.440900 0.058900 0.064800 0.044800 0.096900 0.125500 0.186200 0.072000 0.104800 0.064600 0.000000 0.113500 0.105300 0.159600 0.172500 0.096500 0.119300 0.105200 0.071100 0.178500 0.195700 0.064900 0.085000 0.044900 0.132100 0.102400 0.126100 0.178500 0.063900 0.206600 0.063700 0.076900 0.095900 0.077900 0.091500 0.145000 0.241700 0.181400 0.072300 0.179100 0.180700 0.096100 0.196700 0.110900 0.113600 0.114800 0.170500 0.132800 0.133400
Suni 0.106200 0.716300 0.173800 0.443300 0.079800 0.099600 0.099600 0.139100 0.161600 0.220300 0.107400 0.140200 0.113200 0.113500 0.000000 0.156200 0.184300 0.205000 0.131900 0.155300 0.171100 0.106000 0.196100 0.221900 0.099700 0.120500 0.106800 0.168300 0.166600 0.163400 0.212300 0.155400 0.216800 0.111600 0.125600 0.138200 0.113100 0.113000 0.182200 0.261200 0.198300 0.122100 0.213100 0.206600 0.137600 0.241400 0.154300 0.155400 0.164500 0.203900 0.170200 0.171000
Springbuck 0.098400 0.754800 0.180200 0.468200 0.085300 0.091900 0.084700 0.101900 0.153400 0.242200 0.106300 0.125300 0.090700 0.105300 0.156200 0.000000 0.197600 0.210600 0.144900 0.147100 0.089800 0.098200 0.194000 0.236000 0.098700 0.057000 0.098200 0.160000 0.074100 0.154100 0.234100 0.146500 0.238900 0.083000 0.109500 0.129600 0.097900 0.118100 0.143300 0.283700 0.196100 0.044500 0.234900 0.220700 0.129800 0.203800 0.075600 0.168400 0.147500 0.209600 0.160800 0.161500
Okapi 0.159700 0.745100 0.207900 0.399600 0.147300 0.152900 0.130100 0.178800 0.180100 0.150300 0.161600 0.173300 0.167300 0.159600 0.184300 0.197600 0.000000 0.039200 0.194600 0.173700 0.213500 0.159500 0.127700 0.135800 0.153000 0.175200 0.160700 0.187000 0.207500 0.181000 0.150200 0.172800 0.186900 0.164900 0.179900 0.184800 0.167100 0.182500 0.232500 0.181200 0.129000 0.162000 0.143300 0.136800 0.185100 0.246700 0.187200 0.218200 0.204800 0.143600 0.187900 0.188900
Giraffe 0.157500 0.760000 0.220600 0.431000 0.160500 0.165900 0.157900 0.191500 0.193000 0.163700 0.174700 0.186200 0.180400 0.172500 0.205000 0.210600 0.039200 0.000000 0.215000 0.186600 0.226500 0.172400 0.141100 0.149300 0.166000 0.188300 0.173700 0.184300 0.220300 0.193900 0.163600 0.200900 0.200200 0.177800 0.192800 0.182700 0.180100 0.195500 0.253100 0.194700 0.142600 0.175100 0.156700 0.142700 0.183000 0.279000 0.215400 0.230800 0.202500 0.157100 0.200800 0.201800
TibetanAnt 0.075800 0.792100 0.148800 0.433000 0.091200 0.069500 0.096800 0.128600 0.158000 0.238300 0.076700 0.123000 0.096300 0.096500 0.131900 0.144900 0.194600 0.215000 0.000000 0.151800 0.137800 0.075700 0.198300 0.232300 0.063100 0.124300 0.076600 0.150200 0.133800 0.158800 0.230300 0.136700 0.243200 0.095100 0.108400 0.127300 0.082400 0.123800 0.170200 0.262300 0.216700 0.111700 0.231100 0.217100 0.127500 0.233600 0.157000 0.131300 0.146200 0.197900 0.165400 0.166200
Sitatunga 0.098200 0.748300 0.030500 0.457000 0.099800 0.091600 0.112400 0.130700 0.005900 0.200900 0.113200 0.103700 0.119000 0.119300 0.155300 0.147100 0.173700 0.186600 0.151800 0.000000 0.147200 0.111800 0.177500 0.194600 0.105500 0.126200 0.112600 0.011800 0.157400 0.006200 0.184700 0.146500 0.221200 0.117300 0.117300 0.108900 0.112200 0.126100 0.158600 0.224200 0.179400 0.113500 0.193800 0.179700 0.108500 0.195000 0.138200 0.139800 0.155700 0.185000 0.012300 0.012400
Oribi 0.119100 0.747300 0.165500 0.509700 0.113200 0.112600 0.112400 0.095400 0.153500 0.259100 0.120500 0.146500 0.111100 0.105200 0.171100 0.089800 0.213500 0.226500 0.137800 0.147200 0.000000 0.118900 0.226800 0.253100 0.112700 0.044000 0.090900 0.160100 0.087500 0.154200 0.250900 0.146300 0.237500 0.110200 0.123300 0.150500 0.126100 0.146600 0.136100 0.301400 0.229300 0.057700 0.251800 0.237500 0.150700 0.204100 0.095500 0.168100 0.169100 0.226000 0.160900 0.161700
BarbaryShe 0.025000 0.775200 0.130100 0.430900 0.051900 0.018800 0.064500 0.110000 0.118000 0.201800 0.025100 0.097500 0.057600 0.071100 0.106000 0.098200 0.159500 0.172400 0.075700 0.111800 0.118900 0.000000 0.162700 0.195600 0.018700 0.084700 0.051300 0.124600 0.115800 0.118600 0.178200 0.111200 0.199200 0.056800 0.069900 0.102200 0.031300 0.084300 0.151400 0.241800 0.180300 0.058600 0.194700 0.180600 0.102400 0.187500 0.103300 0.120000 0.121100 0.155000 0.125100 0.125700
Daviddeer 0.163000 0.627400 0.212400 0.452800 0.166100 0.156000 0.171000 0.206700 0.184100 0.062900 0.164900 0.185000 0.170700 0.178500 0.196100 0.194000 0.127700 0.141100 0.198300 0.177500 0.226800 0.162700 0.000000 0.063300 0.156100 0.187300 0.164000 0.191000 0.220500 0.185000 0.062800 0.207800 0.191800 0.152800 0.160900 0.196700 0.154800 0.202200 0.237900 0.099200 0.013800 0.173800 0.055900 0.049200 0.197000 0.252100 0.207700 0.222900 0.240800 0.154200 0.192000 0.193000
Reindeer 0.195900 0.717100 0.230000 0.474600 0.183300 0.188800 0.188100 0.231800 0.201200 0.085200 0.198300 0.193800 0.204000 0.195700 0.221900 0.236000 0.135800 0.149300 0.232300 0.194600 0.253100 0.195600 0.063300 0.000000 0.189000 0.212500 0.197200 0.208300 0.245900 0.203000 0.085100 0.225600 0.225100 0.200900 0.200900 0.205400 0.203700 0.220100 0.264000 0.122500 0.064000 0.198800 0.078200 0.041900 0.205800 0.262300 0.240900 0.240300 0.258900 0.196100 0.210200 0.211300
Ibex 0.031600 0.752300 0.124000 0.424300 0.045600 0.025300 0.058200 0.103800 0.111800 0.195300 0.018900 0.091300 0.051400 0.064900 0.099700 0.098700 0.153000 0.166000 0.063100 0.105500 0.112700 0.018700 0.156100 0.189000 0.000000 0.078400 0.045000 0.118400 0.102900 0.112300 0.187400 0.105000 0.192600 0.050700 0.063700 0.096100 0.025100 0.078100 0.145300 0.235200 0.173600 0.065700 0.188100 0.174000 0.096300 0.180700 0.097200 0.114000 0.115100 0.148400 0.118900 0.119500
GyrantGaze 0.084900 0.734100 0.159100 0.460700 0.078900 0.078400 0.078300 0.082300 0.132500 0.218700 0.085800 0.111600 0.084400 0.085000 0.120500 0.057000 0.175200 0.188300 0.124300 0.126200 0.044000 0.084700 0.187300 0.212500 0.078400 0.000000 0.078000 0.139100 0.068400 0.133100 0.210700 0.125700 0.199600 0.076700 0.089600 0.116100 0.091600 0.111700 0.122900 0.259400 0.189400 0.025300 0.211500 0.197300 0.116300 0.171500 0.075900 0.141200 0.134700 0.186700 0.139700 0.140400
Hartebeest 0.051400 0.761900 0.117000 0.434000 0.052000 0.045000 0.051700 0.090000 0.118900 0.203500 0.052000 0.098200 0.018900 0.044900 0.106800 0.098200 0.160700 0.173700 0.076600 0.112600 0.090900 0.051300 0.164000 0.197200 0.045000 0.078000 0.000000 0.125500 0.095500 0.119500 0.195500 0.084300 0.184700 0.031300 0.056900 0.103000 0.058000 0.084500 0.138300 0.243700 0.181700 0.065400 0.196300 0.182100 0.103100 0.189100 0.103700 0.107200 0.107900 0.156000 0.126100 0.126700
Bongo 0.097100 0.767000 0.042600 0.471700 0.112700 0.104400 0.125200 0.129300 0.017900 0.214600 0.126200 0.102600 0.131800 0.132100 0.168300 0.160000 0.187000 0.184300 0.150200 0.011800 0.160100 0.124600 0.191000 0.208300 0.118400 0.139100 0.125500 0.000000 0.170100 0.018400 0.198300 0.159400 0.234800 0.130000 0.130000 0.107700 0.125100 0.139000 0.171300 0.237800 0.193100 0.126400 0.207500 0.193500 0.107300 0.209200 0.150900 0.152200 0.154100 0.198600 0.024600 0.024700
Gerenuk 0.116000 0.766200 0.175300 0.477800 0.110200 0.109600 0.109500 0.106000 0.163600 0.251900 0.117300 0.142700 0.115300 0.102400 0.166600 0.074100 0.207500 0.220300 0.133800 0.157400 0.087500 0.115800 0.220500 0.245900 0.102900 0.068400 0.095500 0.170100 0.000000 0.164300 0.243900 0.142500 0.256200 0.107300 0.120100 0.146700 0.122800 0.142700 0.153500 0.275900 0.222800 0.063500 0.244700 0.230800 0.146900 0.222400 0.119600 0.163900 0.157500 0.204000 0.170900 0.171700
CommonElan 0.104900 0.750200 0.036900 0.445700 0.106600 0.098400 0.119200 0.137500 0.012300 0.208500 0.120100 0.111000 0.125800 0.126100 0.163400 0.154100 0.181000 0.193900 0.158800 0.006200 0.154200 0.118600 0.185000 0.203000 0.112300 0.133100 0.119500 0.018400 0.164300 0.000000 0.192200 0.138900 0.228900 0.110100 0.117300 0.115500 0.119100 0.133100 0.151000 0.231900 0.186900 0.120400 0.201400 0.188100 0.115700 0.203000 0.145000 0.133400 0.162600 0.192500 0.006100 0.006000
MuntiacusR 0.194300 0.723000 0.219700 0.488700 0.181800 0.187200 0.186600 0.229900 0.191200 0.041400 0.196700 0.208200 0.202300 0.178500 0.212300 0.234100 0.150200 0.163600 0.230300 0.184700 0.250900 0.178200 0.062800 0.085100 0.187400 0.210700 0.195500 0.198300 0.243900 0.192200 0.000000 0.223800 0.231600 0.199200 0.199200 0.219800 0.186300 0.218300 0.245600 0.121400 0.063400 0.181200 0.034600 0.070800 0.220200 0.261200 0.239000 0.222800 0.256700 0.194300 0.199300 0.200300
HarveysDui 0.097600 0.787600 0.150300 0.433300 0.099200 0.091100 0.084100 0.137200 0.152700 0.231800 0.112700 0.124300 0.104500 0.063900 0.155400 0.146500 0.172800 0.200900 0.136700 0.146500 0.146300 0.111200 0.207800 0.225600 0.105000 0.125700 0.084300 0.159400 0.142500 0.138900 0.223800 0.000000 0.236100 0.089400 0.109900 0.122100 0.097900 0.118200 0.164900 0.272300 0.210000 0.113000 0.224600 0.210500 0.122300 0.228400 0.137600 0.139200 0.141100 0.183300 0.145500 0.146200
Pronghorn 0.199500 0.770900 0.256400 0.526000 0.194000 0.192500 0.199100 0.242400 0.227800 0.231800 0.186100 0.204600 0.191400 0.206600 0.216800 0.238900 0.186900 0.200200 0.243200 0.221200 0.237500 0.199200 0.191800 0.225100 0.192600 0.199600 0.184700 0.234800 0.256200 0.228900 0.231600 0.236100 0.000000 0.204400 0.212700 0.215900 0.199500 0.230300 0.290700 0.274200 0.201700 0.209800 0.224400 0.218100 0.216300 0.301800 0.234700 0.250000 0.253100 0.225300 0.236000 0.237200
BlueWildeb 0.056900 0.731600 0.135500 0.414500 0.044500 0.050600 0.044200 0.095000 0.123500 0.207000 0.057600 0.103200 0.024800 0.063700 0.111600 0.083000 0.164900 0.177800 0.095100 0.117300 0.110200 0.056800 0.152800 0.200900 0.050700 0.076700 0.031300 0.130000 0.107300 0.110100 0.199200 0.089400 0.204400 0.000000 0.049700 0.107700 0.063400 0.076200 0.122000 0.246800 0.169900 0.064200 0.200000 0.186100 0.107900 0.193000 0.088600 0.111900 0.112500 0.160400 0.116500 0.117100
Gemsbok 0.070000 0.738700 0.135500 0.407300 0.070900 0.063700 0.070300 0.107800 0.123500 0.207000 0.070800 0.116800 0.063100 0.076900 0.125600 0.109500 0.179900 0.192800 0.108400 0.117300 0.123300 0.069900 0.160900 0.200900 0.063700 0.089600 0.056900 0.130000 0.120100 0.117300 0.199200 0.109900 0.212700 0.049700 0.000000 0.121200 0.076600 0.103000 0.114700 0.246700 0.178300 0.077200 0.199900 0.186000 0.121400 0.209300 0.114900 0.118800 0.125900 0.175600 0.123800 0.124400
Yak 0.089000 0.793100 0.140700 0.414600 0.090400 0.082700 0.102700 0.113900 0.115000 0.227700 0.103500 0.030500 0.095700 0.095900 0.138200 0.129600 0.184800 0.182700 0.127300 0.108900 0.150500 0.102200 0.196700 0.205400 0.096100 0.116100 0.103000 0.107700 0.146700 0.115500 0.219800 0.122100 0.215900 0.107700 0.121200 0.000000 0.096000 0.122800 0.161400 0.267500 0.198700 0.103700 0.220600 0.206700 0.000000 0.197700 0.127600 0.130400 0.118100 0.196200 0.121900 0.122500
BlueSheep 0.037900 0.759100 0.130700 0.432200 0.058700 0.031600 0.071300 0.117000 0.118500 0.194200 0.031700 0.091100 0.064300 0.077900 0.113100 0.097900 0.167100 0.180100 0.082400 0.112200 0.126100 0.031300 0.154800 0.203700 0.025100 0.091600 0.058000 0.125100 0.122800 0.119100 0.186300 0.097900 0.199500 0.063400 0.076600 0.096000 0.000000 0.077700 0.158800 0.250200 0.172100 0.078900 0.187000 0.188700 0.096100 0.188000 0.103500 0.113500 0.121600 0.162600 0.125700 0.126300
BohorReedb 0.084500 0.805200 0.144600 0.469700 0.045000 0.078000 0.071200 0.130100 0.132400 0.226300 0.085400 0.118300 0.077200 0.091500 0.113000 0.118100 0.182500 0.195500 0.123800 0.126100 0.146600 0.084300 0.202200 0.220100 0.078100 0.111700 0.084500 0.139000 0.142700 0.133100 0.218300 0.118200 0.230300 0.076200 0.103000 0.122800 0.077700 0.000000 0.173200 0.258100 0.204400 0.099000 0.219000 0.196300 0.123000 0.203800 0.116600 0.140500 0.141100 0.194100 0.139700 0.140400
KirksDik 0.151700 0.824400 0.191400 0.487800 0.139700 0.145100 0.131100 0.127400 0.164700 0.253900 0.153400 0.157600 0.144600 0.145000 0.182200 0.143300 0.232500 0.253100 0.170200 0.158600 0.136100 0.151400 0.237900 0.264000 0.145300 0.122900 0.138300 0.171300 0.153500 0.151000 0.245600 0.164900 0.290700 0.122000 0.114700 0.161400 0.158800 0.173200 0.000000 0.311800 0.240500 0.110500 0.246500 0.248600 0.161600 0.258300 0.134700 0.151200 0.180800 0.245400 0.157500 0.158200
RoeDeer 0.242200 0.741900 0.259700 0.502900 0.229900 0.235000 0.217600 0.278500 0.214400 0.121600 0.245100 0.256400 0.250600 0.241700 0.261200 0.283700 0.181200 0.194700 0.262300 0.224200 0.301400 0.241800 0.099200 0.122500 0.235200 0.259400 0.243700 0.237800 0.275900 0.231900 0.121400 0.272300 0.274200 0.246800 0.246700 0.267500 0.250200 0.258100 0.311800 0.000000 0.100200 0.245700 0.114500 0.092700 0.267900 0.249200 0.288100 0.269700 0.305600 0.236000 0.239100 0.240300
WhiteLippe 0.180600 0.634500 0.214600 0.442000 0.167900 0.173500 0.172800 0.208900 0.186000 0.063500 0.182800 0.187000 0.188600 0.181400 0.198300 0.196100 0.129000 0.142600 0.216700 0.179400 0.229300 0.180300 0.013800 0.064000 0.173600 0.189400 0.181700 0.193100 0.222800 0.186900 0.063400 0.210000 0.201700 0.169900 0.178300 0.198700 0.172100 0.204400 0.240500 0.100200 0.000000 0.175700 0.056500 0.049700 0.199100 0.255300 0.209900 0.225200 0.243400 0.172400 0.194000 0.195100
ThomsonGaz 0.072200 0.760600 0.146500 0.446500 0.066100 0.065600 0.065600 0.070000 0.119800 0.205200 0.073000 0.099000 0.071700 0.072300 0.122100 0.044500 0.162000 0.175100 0.111700 0.113500 0.057700 0.058600 0.173800 0.198800 0.065700 0.025300 0.065400 0.126400 0.063500 0.120400 0.181200 0.113000 0.209800 0.064200 0.077200 0.103700 0.078900 0.099000 0.110500 0.245700 0.175700 0.000000 0.197900 0.183600 0.103900 0.174000 0.063600 0.135600 0.122400 0.173100 0.127100 0.127700
MuntiacusC 0.195000 0.713700 0.229100 0.480600 0.182500 0.187900 0.187300 0.230700 0.200400 0.006500 0.197400 0.209000 0.203100 0.179100 0.213100 0.234900 0.143300 0.156700 0.231100 0.193800 0.251800 0.194700 0.055900 0.078200 0.188100 0.211500 0.196300 0.207500 0.244700 0.201400 0.034600 0.224600 0.224400 0.200000 0.199900 0.220600 0.187000 0.219000 0.246500 0.114500 0.056500 0.197900 0.000000 0.063500 0.221000 0.262200 0.239800 0.223600 0.257600 0.187200 0.208600 0.209600
WhiteTaile 0.180900 0.729000 0.215100 0.478000 0.168200 0.173800 0.173200 0.216700 0.186400 0.070500 0.183100 0.195000 0.189000 0.180700 0.206600 0.220700 0.136800 0.142700 0.217100 0.179700 0.237500 0.180600 0.049200 0.041900 0.174000 0.197300 0.182100 0.193500 0.230800 0.188100 0.070800 0.210500 0.218100 0.186100 0.186000 0.206700 0.188700 0.196300 0.248600 0.092700 0.049700 0.183600 0.063500 0.000000 0.207100 0.246000 0.225700 0.225500 0.243800 0.180600 0.195300 0.196300
Cattle 0.089200 0.794700 0.140100 0.415200 0.090600 0.082800 0.102900 0.114100 0.114600 0.228000 0.103700 0.030400 0.095800 0.096100 0.137600 0.129800 0.185100 0.183000 0.127500 0.108500 0.150700 0.102400 0.197000 0.205800 0.096300 0.116300 0.103100 0.107300 0.146900 0.115700 0.220200 0.122300 0.216300 0.107900 0.121400 0.000000 0.096100 0.123000 0.161600 0.267900 0.199100 0.103900 0.221000 0.207100 0.000000 0.198000 0.127800 0.129900 0.118300 0.196500 0.122100 0.122700
RoyalAntel 0.187800 0.781600 0.231800 0.555300 0.174700 0.180400 0.172200 0.224900 0.201800 0.270300 0.190300 0.194300 0.196200 0.196700 0.241400 0.203800 0.246700 0.279000 0.233600 0.195000 0.204100 0.187500 0.252100 0.262300 0.180700 0.171500 0.189100 0.209200 0.222400 0.203000 0.261200 0.228400 0.301800 0.193000 0.209300 0.197700 0.188000 0.203800 0.258300 0.249200 0.255300 0.174000 0.262200 0.246000 0.198000 0.000000 0.184000 0.250300 0.252700 0.290300 0.210500 0.211600
Steenbok 0.117500 0.732200 0.170800 0.432100 0.091000 0.111000 0.090300 0.094100 0.144400 0.247000 0.104600 0.123300 0.096300 0.110900 0.154300 0.075600 0.187200 0.215400 0.157000 0.138200 0.095500 0.103300 0.207700 0.240900 0.097200 0.075900 0.103700 0.150900 0.119600 0.145000 0.239000 0.137600 0.234700 0.088600 0.114900 0.127600 0.103500 0.116600 0.134700 0.288100 0.209900 0.063600 0.239800 0.225700 0.127800 0.184000 0.000000 0.173200 0.159900 0.214500 0.151600 0.152300
Impala 0.120200 0.826900 0.143200 0.443900 0.108500 0.113900 0.120600 0.159000 0.145800 0.230500 0.121500 0.125600 0.113500 0.113600 0.155400 0.168400 0.218200 0.230800 0.131300 0.139800 0.168100 0.120000 0.222900 0.240300 0.114000 0.141200 0.107200 0.152200 0.163900 0.133400 0.222800 0.139200 0.250000 0.111900 0.118800 0.130400 0.113500 0.140500 0.151200 0.269700 0.225200 0.135600 0.223600 0.225500 0.129900 0.250300 0.173200 0.000000 0.162200 0.230300 0.139700 0.140300
Klipspring 0.107900 0.881400 0.173500 0.478100 0.109000 0.101600 0.108200 0.125200 0.161900 0.247900 0.122600 0.113800 0.114000 0.114800 0.164500 0.147500 0.204800 0.202500 0.146200 0.155700 0.169100 0.121100 0.240800 0.258900 0.115100 0.134700 0.107900 0.154100 0.157500 0.162600 0.256700 0.141100 0.253100 0.112500 0.125900 0.118100 0.121600 0.141100 0.180800 0.305600 0.243400 0.122400 0.257600 0.243800 0.118300 0.252700 0.159900 0.162200 0.000000 0.225300 0.169100 0.169800
ForestMusk 0.155100 0.763500 0.219900 0.418600 0.158100 0.148100 0.163300 0.198600 0.191600 0.194500 0.156900 0.176900 0.162800 0.170500 0.203900 0.209600 0.143600 0.157100 0.197900 0.185000 0.226000 0.155000 0.154200 0.196100 0.148400 0.186700 0.156000 0.198600 0.204000 0.192500 0.194300 0.183300 0.225300 0.160400 0.175600 0.196200 0.162600 0.194100 0.245400 0.236000 0.172400 0.173100 0.187200 0.180600 0.196500 0.290300 0.214500 0.230300 0.225300 0.000000 0.199500 0.200600
Bushbuck 0.111400 0.728000 0.043100 0.453800 0.113200 0.104900 0.125800 0.144000 0.018400 0.215700 0.126800 0.117500 0.132400 0.132800 0.170200 0.160800 0.187900 0.200800 0.165400 0.012300 0.160900 0.125100 0.192000 0.210200 0.118900 0.139700 0.126100 0.024600 0.170900 0.006100 0.199300 0.145500 0.236000 0.116500 0.123800 0.121900 0.125700 0.139700 0.157500 0.239100 0.194000 0.127100 0.208600 0.195300 0.122100 0.210500 0.151600 0.139700 0.169100 0.199500 0.000000 0.012300
GreaterKud 0.112000 0.765700 0.043200 0.455800 0.113800 0.105400 0.126400 0.144700 0.018500 0.216800 0.127400 0.118000 0.133000 0.133400 0.171000 0.161500 0.188900 0.201800 0.166200 0.012400 0.161700 0.125700 0.193000 0.211300 0.119500 0.140400 0.126700 0.024700 0.171700 0.006000 0.200300 0.146200 0.237200 0.117100 0.124400 0.122500 0.126300 0.140400 0.158200 0.240300 0.195100 0.127700 0.209600 0.196300 0.122700 0.211600 0.152300 0.140300 0.169800 0.200600 0.012300 0.000000
