CODONML (in paml version 4.10.7, June 2023)  /home/rachel/ruminants_paml/6406-phy-tree/ENSBTAT00000039788.fasta.phy
Model: free dN/dS Ratios for branches,  kappa = 2.000 fixed

Codon frequency model: F3x4
ns =  54  ls =  12

Codon usage in sequences
--------------------------------------------------------------------------------------------------------------------------------------
Phe TTT   0   0   0   0   0   0 | Ser TCT   0   0   0   0   0   0 | Tyr TAT   1   1   1   1   1   1 | Cys TGT   0   0   0   0   0   0
    TTC   0   0   0   0   0   0 |     TCC   0   0   0   0   0   0 |     TAC   0   0   0   0   0   0 |     TGC   0   0   0   0   0   0
Leu TTA   0   0   0   0   0   0 |     TCA   0   0   0   0   0   0 | *** TAA   0   0   0   0   0   0 | *** TGA   0   0   0   0   0   0
    TTG   0   0   0   0   0   0 |     TCG   0   0   0   0   0   0 |     TAG   0   0   0   0   0   0 | Trp TGG   0   0   0   0   0   0
--------------------------------------------------------------------------------------------------------------------------------------
Leu CTT   0   0   0   0   0   0 | Pro CCT   0   0   0   0   0   0 | His CAT   0   0   0   0   0   0 | Arg CGT   0   0   0   0   0   0
    CTC   0   0   0   0   0   0 |     CCC   0   0   0   0   0   0 |     CAC   0   0   0   0   0   0 |     CGC   0   0   0   0   0   0
    CTA   0   0   0   0   0   0 |     CCA   0   0   0   0   0   0 | Gln CAA   0   0   0   0   0   0 |     CGA   0   0   0   0   0   0
    CTG   0   0   0   0   0   0 |     CCG   0   0   0   0   0   0 |     CAG   0   0   0   0   0   0 |     CGG   0   0   0   0   0   0
--------------------------------------------------------------------------------------------------------------------------------------
Ile ATT   1   1   1   1   1   1 | Thr ACT   0   0   0   0   0   1 | Asn AAT   0   0   0   0   0   0 | Ser AGT   1   1   1   1   1   1
    ATC   0   0   0   0   0   0 |     ACC   1   1   1   1   1   0 |     AAC   0   0   0   0   0   0 |     AGC   1   1   1   1   1   1
    ATA   0   0   0   0   0   0 |     ACA   0   0   0   0   0   0 | Lys AAA   0   0   0   0   0   0 | Arg AGA   2   2   2   2   2   2
Met ATG   1   0   1   1   1   1 |     ACG   0   0   0   0   0   0 |     AAG   0   0   0   0   0   0 |     AGG   0   1   0   0   0   0
--------------------------------------------------------------------------------------------------------------------------------------
Val GTT   0   0   0   0   0   0 | Ala GCT   0   0   0   0   0   0 | Asp GAT   0   0   0   0   0   0 | Gly GGT   1   0   0   0   0   0
    GTC   0   0   0   0   0   0 |     GCC   0   0   0   0   0   0 |     GAC   1   1   1   1   1   1 |     GGC   0   0   1   1   1   1
    GTA   0   0   0   0   0   0 |     GCA   0   0   0   0   0   0 | Glu GAA   1   1   1   1   1   1 |     GGA   1   1   0   1   1   1
    GTG   0   0   0   0   0   0 |     GCG   0   0   0   0   0   0 |     GAG   0   0   0   0   0   0 |     GGG   0   1   1   0   0   0
--------------------------------------------------------------------------------------------------------------------------------------

--------------------------------------------------------------------------------------------------------------------------------------
Phe TTT   0   0   0   0   0   0 | Ser TCT   0   0   0   0   0   0 | Tyr TAT   1   1   1   1   1   1 | Cys TGT   0   0   0   0   0   0
    TTC   0   0   0   0   0   0 |     TCC   0   0   0   0   0   0 |     TAC   0   0   0   0   0   0 |     TGC   0   0   0   0   0   0
Leu TTA   0   0   0   0   0   0 |     TCA   0   0   0   0   0   0 | *** TAA   0   0   0   0   0   0 | *** TGA   0   0   0   0   0   0
    TTG   0   0   0   0   0   0 |     TCG   0   0   0   0   0   0 |     TAG   0   0   0   0   0   0 | Trp TGG   0   0   0   0   0   0
--------------------------------------------------------------------------------------------------------------------------------------
Leu CTT   0   0   0   0   0   0 | Pro CCT   0   0   0   0   0   0 | His CAT   0   0   0   0   0   0 | Arg CGT   0   0   0   0   0   0
    CTC   0   0   0   0   0   0 |     CCC   0   0   0   0   0   0 |     CAC   0   0   0   0   0   0 |     CGC   0   0   0   0   0   0
    CTA   0   0   0   0   0   0 |     CCA   0   0   0   0   0   0 | Gln CAA   0   0   0   0   0   0 |     CGA   0   0   0   0   0   0
    CTG   0   0   0   0   0   0 |     CCG   0   0   0   0   0   0 |     CAG   0   0   0   0   0   0 |     CGG   0   0   0   0   0   0
--------------------------------------------------------------------------------------------------------------------------------------
Ile ATT   1   1   1   1   1   1 | Thr ACT   0   0   0   0   0   0 | Asn AAT   0   0   0   0   0   0 | Ser AGT   1   1   1   1   1   1
    ATC   0   0   0   0   0   0 |     ACC   1   1   1   1   1   1 |     AAC   0   0   0   0   0   0 |     AGC   1   1   1   1   1   1
    ATA   0   0   0   0   0   0 |     ACA   0   0   0   0   0   0 | Lys AAA   0   0   0   0   0   0 | Arg AGA   2   2   2   2   2   2
Met ATG   1   1   1   1   1   1 |     ACG   0   0   0   0   0   0 |     AAG   0   0   0   0   0   0 |     AGG   0   0   0   0   0   0
--------------------------------------------------------------------------------------------------------------------------------------
Val GTT   0   0   0   0   0   0 | Ala GCT   0   0   0   0   0   0 | Asp GAT   0   0   0   0   0   0 | Gly GGT   0   1   0   0   0   0
    GTC   0   0   0   0   0   0 |     GCC   0   0   0   0   0   0 |     GAC   1   1   1   1   1   1 |     GGC   1   0   1   1   1   1
    GTA   0   0   0   0   0   0 |     GCA   0   0   0   0   0   0 | Glu GAA   1   1   1   1   1   1 |     GGA   1   1   1   1   0   1
    GTG   0   0   0   0   0   0 |     GCG   0   0   0   0   0   0 |     GAG   0   0   0   0   0   0 |     GGG   0   0   0   0   1   0
--------------------------------------------------------------------------------------------------------------------------------------

--------------------------------------------------------------------------------------------------------------------------------------
Phe TTT   0   0   0   0   0   0 | Ser TCT   0   0   0   0   0   0 | Tyr TAT   1   1   1   1   1   1 | Cys TGT   0   0   0   0   0   0
    TTC   0   0   0   0   0   0 |     TCC   0   0   0   0   0   0 |     TAC   0   0   0   0   0   0 |     TGC   0   0   0   0   0   0
Leu TTA   0   0   0   0   0   0 |     TCA   0   0   0   0   0   0 | *** TAA   0   0   0   0   0   0 | *** TGA   0   0   0   0   0   0
    TTG   0   0   0   0   0   0 |     TCG   0   0   0   0   0   0 |     TAG   0   0   0   0   0   0 | Trp TGG   0   0   0   0   0   0
--------------------------------------------------------------------------------------------------------------------------------------
Leu CTT   0   0   0   0   0   0 | Pro CCT   0   0   0   0   0   0 | His CAT   0   0   0   0   0   0 | Arg CGT   0   0   0   0   0   0
    CTC   0   0   0   0   0   0 |     CCC   0   0   0   0   0   0 |     CAC   0   0   0   0   0   0 |     CGC   0   0   0   0   0   0
    CTA   0   0   0   0   0   0 |     CCA   0   0   0   0   0   0 | Gln CAA   0   0   0   0   0   0 |     CGA   0   0   0   0   0   0
    CTG   0   0   0   0   0   0 |     CCG   0   0   0   0   0   0 |     CAG   0   0   0   0   0   0 |     CGG   0   0   0   0   0   0
--------------------------------------------------------------------------------------------------------------------------------------
Ile ATT   1   1   1   1   1   1 | Thr ACT   0   0   0   0   0   0 | Asn AAT   0   0   0   0   0   0 | Ser AGT   1   1   1   1   1   1
    ATC   0   0   0   0   0   0 |     ACC   1   1   1   1   2   1 |     AAC   0   0   0   0   0   0 |     AGC   1   1   1   1   0   1
    ATA   0   0   0   0   0   0 |     ACA   0   0   0   0   0   0 | Lys AAA   0   0   0   0   0   0 | Arg AGA   2   2   2   2   2   2
Met ATG   1   1   1   1   1   1 |     ACG   0   0   0   0   0   0 |     AAG   0   0   0   0   0   0 |     AGG   0   0   0   0   0   0
--------------------------------------------------------------------------------------------------------------------------------------
Val GTT   0   0   0   0   0   0 | Ala GCT   0   0   0   0   0   0 | Asp GAT   0   0   0   0   0   0 | Gly GGT   0   0   0   0   0   0
    GTC   0   0   0   0   0   0 |     GCC   0   0   0   0   0   0 |     GAC   1   1   1   1   1   1 |     GGC   1   1   1   1   1   1
    GTA   0   0   0   0   0   0 |     GCA   0   0   0   0   0   0 | Glu GAA   1   1   1   1   1   1 |     GGA   1   1   1   1   1   1
    GTG   0   0   0   0   0   0 |     GCG   0   0   0   0   0   0 |     GAG   0   0   0   0   0   0 |     GGG   0   0   0   0   0   0
--------------------------------------------------------------------------------------------------------------------------------------

--------------------------------------------------------------------------------------------------------------------------------------
Phe TTT   0   0   0   0   0   0 | Ser TCT   0   0   0   0   0   0 | Tyr TAT   1   1   1   1   1   1 | Cys TGT   0   0   0   0   0   0
    TTC   0   0   0   0   0   0 |     TCC   0   0   0   0   0   0 |     TAC   0   0   0   0   0   0 |     TGC   0   0   0   0   0   0
Leu TTA   0   0   0   0   0   0 |     TCA   0   0   0   0   0   0 | *** TAA   0   0   0   0   0   0 | *** TGA   0   0   0   0   0   0
    TTG   0   0   0   0   0   0 |     TCG   0   0   0   0   0   0 |     TAG   0   0   0   0   0   0 | Trp TGG   0   0   0   0   0   0
--------------------------------------------------------------------------------------------------------------------------------------
Leu CTT   0   0   0   0   0   0 | Pro CCT   0   0   0   0   0   0 | His CAT   0   0   0   0   0   0 | Arg CGT   0   0   0   0   0   0
    CTC   0   0   0   0   0   0 |     CCC   0   0   0   0   0   0 |     CAC   0   0   0   0   0   0 |     CGC   0   0   0   0   0   0
    CTA   0   0   0   0   0   0 |     CCA   0   0   0   0   0   0 | Gln CAA   0   0   0   0   0   0 |     CGA   0   0   0   0   0   0
    CTG   0   0   0   0   0   0 |     CCG   0   0   0   0   0   0 |     CAG   0   0   0   0   0   0 |     CGG   0   0   0   0   0   0
--------------------------------------------------------------------------------------------------------------------------------------
Ile ATT   1   1   1   1   1   1 | Thr ACT   0   0   0   0   0   0 | Asn AAT   0   0   0   0   0   0 | Ser AGT   1   1   1   1   1   1
    ATC   0   0   0   0   0   0 |     ACC   1   1   1   1   1   1 |     AAC   0   0   0   0   0   0 |     AGC   1   1   1   1   1   1
    ATA   0   0   0   0   0   0 |     ACA   0   0   0   0   0   0 | Lys AAA   0   0   0   0   0   0 | Arg AGA   2   2   2   2   2   2
Met ATG   1   1   1   1   1   1 |     ACG   0   0   0   0   0   0 |     AAG   0   0   0   0   0   0 |     AGG   0   0   0   0   0   0
--------------------------------------------------------------------------------------------------------------------------------------
Val GTT   0   0   0   0   0   0 | Ala GCT   0   0   0   0   0   0 | Asp GAT   0   0   0   0   0   0 | Gly GGT   0   0   0   0   0   0
    GTC   0   0   0   0   0   0 |     GCC   0   0   0   0   0   0 |     GAC   1   1   1   1   1   1 |     GGC   1   1   1   1   1   1
    GTA   0   0   0   0   0   0 |     GCA   0   0   0   0   0   0 | Glu GAA   1   1   1   1   1   1 |     GGA   1   1   1   0   1   1
    GTG   0   0   0   0   0   0 |     GCG   0   0   0   0   0   0 |     GAG   0   0   0   0   0   0 |     GGG   0   0   0   1   0   0
--------------------------------------------------------------------------------------------------------------------------------------

--------------------------------------------------------------------------------------------------------------------------------------
Phe TTT   0   0   0   0   0   0 | Ser TCT   0   0   0   0   0   0 | Tyr TAT   1   1   1   1   1   1 | Cys TGT   0   0   0   0   0   0
    TTC   0   0   0   0   0   0 |     TCC   0   0   0   0   0   0 |     TAC   0   0   0   0   0   0 |     TGC   0   0   0   0   0   0
Leu TTA   0   0   0   0   0   0 |     TCA   0   0   0   0   0   0 | *** TAA   0   0   0   0   0   0 | *** TGA   0   0   0   0   0   0
    TTG   0   0   0   0   0   0 |     TCG   0   0   0   0   0   0 |     TAG   0   0   0   0   0   0 | Trp TGG   0   0   0   0   0   0
--------------------------------------------------------------------------------------------------------------------------------------
Leu CTT   0   0   0   0   0   0 | Pro CCT   0   0   0   0   0   0 | His CAT   0   0   0   0   0   0 | Arg CGT   0   0   0   0   0   0
    CTC   0   0   0   0   0   0 |     CCC   0   0   0   0   0   0 |     CAC   0   0   0   0   0   0 |     CGC   0   0   0   0   0   0
    CTA   0   0   0   0   0   0 |     CCA   0   0   0   0   0   0 | Gln CAA   0   0   0   0   0   0 |     CGA   0   0   0   0   0   0
    CTG   0   0   0   0   0   0 |     CCG   0   0   0   0   0   0 |     CAG   0   0   0   0   0   0 |     CGG   0   0   0   0   0   0
--------------------------------------------------------------------------------------------------------------------------------------
Ile ATT   1   1   1   1   1   1 | Thr ACT   0   0   0   0   0   0 | Asn AAT   0   0   0   0   0   0 | Ser AGT   1   1   1   1   1   1
    ATC   0   0   0   0   0   0 |     ACC   1   1   1   1   1   1 |     AAC   0   0   0   0   0   0 |     AGC   1   1   1   1   1   1
    ATA   0   0   0   0   0   0 |     ACA   0   0   0   0   0   0 | Lys AAA   0   0   0   0   0   0 | Arg AGA   2   2   2   2   2   2
Met ATG   1   1   1   1   1   1 |     ACG   0   0   0   0   0   0 |     AAG   0   0   0   0   0   0 |     AGG   0   0   0   0   0   0
--------------------------------------------------------------------------------------------------------------------------------------
Val GTT   0   0   0   0   0   0 | Ala GCT   0   0   0   0   0   0 | Asp GAT   0   0   0   0   0   0 | Gly GGT   0   0   0   0   0   0
    GTC   0   0   0   0   0   0 |     GCC   0   0   0   0   0   0 |     GAC   1   1   1   1   1   1 |     GGC   1   1   1   1   1   1
    GTA   0   0   0   0   0   0 |     GCA   0   0   0   0   0   0 | Glu GAA   1   1   1   1   1   1 |     GGA   1   1   1   1   1   0
    GTG   0   0   0   0   0   0 |     GCG   0   0   0   0   0   0 |     GAG   0   0   0   0   0   0 |     GGG   0   0   0   0   0   1
--------------------------------------------------------------------------------------------------------------------------------------

--------------------------------------------------------------------------------------------------------------------------------------
Phe TTT   0   0   0   0   0   0 | Ser TCT   0   0   0   0   0   0 | Tyr TAT   1   1   1   1   1   1 | Cys TGT   0   0   0   0   0   0
    TTC   0   0   0   0   0   0 |     TCC   0   0   0   0   0   0 |     TAC   0   0   0   0   0   0 |     TGC   0   0   0   0   0   0
Leu TTA   0   0   0   0   0   0 |     TCA   0   0   0   0   0   0 | *** TAA   0   0   0   0   0   0 | *** TGA   0   0   0   0   0   0
    TTG   0   0   0   0   0   0 |     TCG   0   0   0   0   0   0 |     TAG   0   0   0   0   0   0 | Trp TGG   0   0   0   0   0   0
--------------------------------------------------------------------------------------------------------------------------------------
Leu CTT   0   0   0   0   0   0 | Pro CCT   0   0   0   0   0   0 | His CAT   0   0   0   0   0   0 | Arg CGT   0   0   0   0   0   0
    CTC   0   0   0   0   0   0 |     CCC   0   0   0   0   0   0 |     CAC   0   0   0   0   0   0 |     CGC   0   0   0   0   0   0
    CTA   0   0   0   0   0   0 |     CCA   0   0   0   0   0   0 | Gln CAA   0   0   0   0   0   0 |     CGA   0   0   0   0   0   0
    CTG   0   0   0   0   1   0 |     CCG   0   0   0   0   0   0 |     CAG   0   0   0   0   0   0 |     CGG   0   0   0   0   0   0
--------------------------------------------------------------------------------------------------------------------------------------
Ile ATT   1   1   1   1   0   1 | Thr ACT   0   0   0   0   0   0 | Asn AAT   0   0   0   0   0   0 | Ser AGT   1   1   1   1   1   1
    ATC   0   0   0   0   1   0 |     ACC   1   1   1   1   1   1 |     AAC   0   0   0   0   0   0 |     AGC   1   1   1   1   1   1
    ATA   0   0   0   0   0   0 |     ACA   0   0   0   0   0   0 | Lys AAA   0   0   0   0   0   0 | Arg AGA   1   2   2   2   2   2
Met ATG   1   1   1   1   0   1 |     ACG   0   0   0   0   0   0 |     AAG   0   0   0   0   0   0 |     AGG   1   0   0   0   0   0
--------------------------------------------------------------------------------------------------------------------------------------
Val GTT   0   0   0   0   0   0 | Ala GCT   0   0   0   0   0   0 | Asp GAT   0   0   0   0   0   0 | Gly GGT   0   0   0   0   0   0
    GTC   0   0   0   0   0   0 |     GCC   0   0   0   0   0   0 |     GAC   1   1   1   1   1   1 |     GGC   1   1   1   1   1   1
    GTA   0   0   0   0   0   0 |     GCA   0   0   0   0   0   0 | Glu GAA   1   1   1   1   1   1 |     GGA   1   0   1   1   1   1
    GTG   0   0   0   0   0   0 |     GCG   0   0   0   0   0   0 |     GAG   0   0   0   0   0   0 |     GGG   0   1   0   0   0   0
--------------------------------------------------------------------------------------------------------------------------------------

--------------------------------------------------------------------------------------------------------------------------------------
Phe TTT   0   0   0   0   0   0 | Ser TCT   0   0   0   0   0   0 | Tyr TAT   1   0   1   1   1   1 | Cys TGT   0   0   0   0   0   0
    TTC   0   0   0   0   0   0 |     TCC   0   0   0   0   0   0 |     TAC   0   1   0   0   0   0 |     TGC   0   0   0   0   0   0
Leu TTA   0   0   0   0   0   0 |     TCA   0   0   0   0   0   0 | *** TAA   0   0   0   0   0   0 | *** TGA   0   0   0   0   0   0
    TTG   0   0   0   0   0   0 |     TCG   0   0   0   0   0   0 |     TAG   0   0   0   0   0   0 | Trp TGG   0   0   0   0   0   0
--------------------------------------------------------------------------------------------------------------------------------------
Leu CTT   0   0   0   0   0   0 | Pro CCT   0   0   0   0   0   0 | His CAT   0   0   0   0   0   0 | Arg CGT   0   0   0   0   0   0
    CTC   0   0   0   0   0   0 |     CCC   0   0   0   0   0   0 |     CAC   0   0   0   0   0   0 |     CGC   0   0   0   0   0   0
    CTA   0   0   0   0   0   0 |     CCA   0   0   0   0   0   0 | Gln CAA   0   0   0   0   0   0 |     CGA   0   0   0   0   0   0
    CTG   0   0   0   0   0   0 |     CCG   0   0   0   0   0   0 |     CAG   0   0   0   0   0   0 |     CGG   0   0   0   0   0   0
--------------------------------------------------------------------------------------------------------------------------------------
Ile ATT   1   1   1   1   1   1 | Thr ACT   0   0   0   0   0   0 | Asn AAT   0   0   0   0   0   0 | Ser AGT   1   1   1   1   1   1
    ATC   0   0   0   0   0   0 |     ACC   1   1   1   1   1   1 |     AAC   0   0   0   0   0   0 |     AGC   1   1   1   1   1   1
    ATA   0   0   0   0   0   0 |     ACA   0   0   0   0   0   0 | Lys AAA   0   0   0   0   0   0 | Arg AGA   2   2   2   2   2   2
Met ATG   1   1   1   1   1   1 |     ACG   0   0   0   0   0   0 |     AAG   0   0   0   0   0   0 |     AGG   0   0   0   0   0   0
--------------------------------------------------------------------------------------------------------------------------------------
Val GTT   0   0   0   0   0   0 | Ala GCT   0   0   0   0   0   0 | Asp GAT   0   0   0   0   0   0 | Gly GGT   0   0   0   0   0   0
    GTC   0   0   0   0   0   0 |     GCC   0   0   0   0   0   0 |     GAC   1   1   1   1   1   1 |     GGC   1   1   1   1   1   1
    GTA   0   0   0   0   0   0 |     GCA   0   0   0   0   0   0 | Glu GAA   1   1   1   1   1   1 |     GGA   1   1   1   1   0   1
    GTG   0   0   0   0   0   0 |     GCG   0   0   0   0   0   0 |     GAG   0   0   0   0   0   0 |     GGG   0   0   0   0   1   0
--------------------------------------------------------------------------------------------------------------------------------------

--------------------------------------------------------------------------------------------------------------------------------------
Phe TTT   0   0   0   0   0   0 | Ser TCT   0   0   0   0   0   0 | Tyr TAT   1   1   1   1   1   1 | Cys TGT   0   0   0   0   0   0
    TTC   0   0   0   0   0   0 |     TCC   0   0   0   0   0   0 |     TAC   0   0   0   0   0   0 |     TGC   0   0   0   0   0   0
Leu TTA   0   0   0   0   0   0 |     TCA   0   0   0   0   0   0 | *** TAA   0   0   0   0   0   0 | *** TGA   0   0   0   0   0   0
    TTG   0   0   0   0   0   0 |     TCG   0   0   0   0   0   0 |     TAG   0   0   0   0   0   0 | Trp TGG   0   0   0   0   0   0
--------------------------------------------------------------------------------------------------------------------------------------
Leu CTT   0   0   0   0   0   0 | Pro CCT   0   0   0   0   0   0 | His CAT   0   0   0   0   0   0 | Arg CGT   0   0   0   0   0   0
    CTC   0   0   0   0   0   0 |     CCC   0   0   0   0   0   0 |     CAC   0   0   0   0   0   0 |     CGC   0   0   0   0   0   0
    CTA   0   0   0   0   0   0 |     CCA   0   0   0   0   0   0 | Gln CAA   0   0   0   0   0   0 |     CGA   0   0   0   0   0   0
    CTG   0   0   0   0   0   0 |     CCG   0   0   0   0   0   0 |     CAG   0   0   0   0   0   0 |     CGG   0   0   0   0   0   0
--------------------------------------------------------------------------------------------------------------------------------------
Ile ATT   1   1   1   1   1   1 | Thr ACT   0   0   0   0   0   0 | Asn AAT   0   0   0   0   0   0 | Ser AGT   2   1   1   1   1   1
    ATC   0   0   0   0   0   0 |     ACC   1   1   1   1   1   1 |     AAC   0   0   0   0   0   0 |     AGC   0   1   1   1   1   1
    ATA   0   0   0   0   0   0 |     ACA   0   0   0   0   0   0 | Lys AAA   0   0   0   0   0   0 | Arg AGA   2   2   2   2   2   2
Met ATG   1   1   1   1   1   1 |     ACG   0   0   0   0   0   0 |     AAG   0   0   0   0   0   0 |     AGG   0   0   0   0   0   0
--------------------------------------------------------------------------------------------------------------------------------------
Val GTT   0   0   0   0   0   0 | Ala GCT   0   0   0   0   0   0 | Asp GAT   0   0   0   0   0   0 | Gly GGT   0   0   0   0   0   0
    GTC   0   0   0   0   0   0 |     GCC   0   0   0   0   0   0 |     GAC   1   1   1   1   1   1 |     GGC   1   1   1   1   1   1
    GTA   0   0   0   0   0   0 |     GCA   0   0   0   0   0   0 | Glu GAA   1   1   1   1   1   1 |     GGA   1   1   1   1   1   1
    GTG   0   0   0   0   0   0 |     GCG   0   0   0   0   0   0 |     GAG   0   0   0   0   0   0 |     GGG   0   0   0   0   0   0
--------------------------------------------------------------------------------------------------------------------------------------

--------------------------------------------------------------------------------------------------------------------------------------
Phe TTT   0   0   0   0   0   0 | Ser TCT   0   0   0   0   0   0 | Tyr TAT   1   1   1   1   1   1 | Cys TGT   0   0   0   0   0   0
    TTC   0   0   0   0   0   0 |     TCC   0   0   0   0   0   0 |     TAC   0   0   0   0   0   0 |     TGC   0   0   0   0   0   0
Leu TTA   0   0   0   0   0   0 |     TCA   0   0   0   0   0   0 | *** TAA   0   0   0   0   0   0 | *** TGA   0   0   0   0   0   0
    TTG   0   0   0   0   0   0 |     TCG   0   0   0   0   0   0 |     TAG   0   0   0   0   0   0 | Trp TGG   0   0   0   0   0   0
--------------------------------------------------------------------------------------------------------------------------------------
Leu CTT   0   0   0   0   0   0 | Pro CCT   0   0   0   0   0   0 | His CAT   0   0   0   0   0   0 | Arg CGT   0   0   0   0   0   0
    CTC   0   0   0   0   0   0 |     CCC   0   0   0   0   0   0 |     CAC   0   0   0   0   0   0 |     CGC   0   0   0   0   0   0
    CTA   0   0   0   0   0   0 |     CCA   0   0   0   0   0   0 | Gln CAA   0   0   0   0   0   0 |     CGA   0   0   0   0   0   0
    CTG   0   0   0   0   0   0 |     CCG   0   0   0   0   0   0 |     CAG   0   0   0   0   0   0 |     CGG   0   0   0   0   0   0
--------------------------------------------------------------------------------------------------------------------------------------
Ile ATT   0   1   1   1   1   1 | Thr ACT   0   0   0   0   0   0 | Asn AAT   0   0   0   0   0   0 | Ser AGT   1   1   1   1   1   1
    ATC   1   0   0   0   0   0 |     ACC   1   1   1   1   1   1 |     AAC   0   0   0   0   0   0 |     AGC   1   1   1   1   1   1
    ATA   0   0   0   0   0   0 |     ACA   0   0   0   0   0   0 | Lys AAA   1   0   0   0   0   0 | Arg AGA   1   2   2   2   2   2
Met ATG   1   1   1   1   1   1 |     ACG   0   0   0   0   0   0 |     AAG   0   0   0   0   0   0 |     AGG   0   0   0   0   0   0
--------------------------------------------------------------------------------------------------------------------------------------
Val GTT   0   0   0   0   0   0 | Ala GCT   0   0   0   0   0   0 | Asp GAT   0   0   0   0   0   0 | Gly GGT   0   0   0   0   0   0
    GTC   0   0   0   0   0   0 |     GCC   0   0   0   0   0   0 |     GAC   2   1   1   1   1   1 |     GGC   0   1   1   1   1   1
    GTA   0   0   0   0   0   0 |     GCA   0   0   0   0   0   0 | Glu GAA   1   1   1   1   1   1 |     GGA   1   1   1   1   0   0
    GTG   0   0   0   0   0   0 |     GCG   0   0   0   0   0   0 |     GAG   0   0   0   0   0   0 |     GGG   0   0   0   0   1   1
--------------------------------------------------------------------------------------------------------------------------------------

Codon position x base (3x4) table for each sequence.

#1: Argali         
position  1:    T:0.08333    C:0.00000    A:0.58333    G:0.33333
position  2:    T:0.16667    C:0.08333    A:0.25000    G:0.50000
position  3:    T:0.33333    C:0.25000    A:0.33333    G:0.08333
Average         T:0.19444    C:0.11111    A:0.38889    G:0.30556

#2: LesserMouseDeer
position  1:    T:0.08333    C:0.00000    A:0.58333    G:0.33333
position  2:    T:0.08333    C:0.08333    A:0.25000    G:0.58333
position  3:    T:0.25000    C:0.25000    A:0.33333    G:0.16667
Average         T:0.13889    C:0.11111    A:0.38889    G:0.36111

#3: LesserKudu     
position  1:    T:0.08333    C:0.00000    A:0.58333    G:0.33333
position  2:    T:0.16667    C:0.08333    A:0.25000    G:0.50000
position  3:    T:0.25000    C:0.33333    A:0.25000    G:0.16667
Average         T:0.16667    C:0.13889    A:0.36111    G:0.33333

#4: ForestMuskDeer2
position  1:    T:0.08333    C:0.00000    A:0.58333    G:0.33333
position  2:    T:0.16667    C:0.08333    A:0.25000    G:0.50000
position  3:    T:0.25000    C:0.33333    A:0.33333    G:0.08333
Average         T:0.16667    C:0.13889    A:0.38889    G:0.30556

#5: Camel          
position  1:    T:0.08333    C:0.00000    A:0.58333    G:0.33333
position  2:    T:0.16667    C:0.08333    A:0.25000    G:0.50000
position  3:    T:0.25000    C:0.33333    A:0.33333    G:0.08333
Average         T:0.16667    C:0.13889    A:0.38889    G:0.30556

#6: KillerWhale    
position  1:    T:0.08333    C:0.00000    A:0.58333    G:0.33333
position  2:    T:0.16667    C:0.08333    A:0.25000    G:0.50000
position  3:    T:0.33333    C:0.25000    A:0.33333    G:0.08333
Average         T:0.19444    C:0.11111    A:0.38889    G:0.30556

#7: DefassaWaterbuck
position  1:    T:0.08333    C:0.00000    A:0.58333    G:0.33333
position  2:    T:0.16667    C:0.08333    A:0.25000    G:0.50000
position  3:    T:0.25000    C:0.33333    A:0.33333    G:0.08333
Average         T:0.16667    C:0.13889    A:0.38889    G:0.30556

#8: Sheep          
position  1:    T:0.08333    C:0.00000    A:0.58333    G:0.33333
position  2:    T:0.16667    C:0.08333    A:0.25000    G:0.50000
position  3:    T:0.33333    C:0.25000    A:0.33333    G:0.08333
Average         T:0.19444    C:0.11111    A:0.38889    G:0.30556

#9: MaxwellsDuiker 
position  1:    T:0.08333    C:0.00000    A:0.58333    G:0.33333
position  2:    T:0.16667    C:0.08333    A:0.25000    G:0.50000
position  3:    T:0.25000    C:0.33333    A:0.33333    G:0.08333
Average         T:0.16667    C:0.13889    A:0.38889    G:0.30556

#10: GazellaPrzewalskyi
position  1:    T:0.08333    C:0.00000    A:0.58333    G:0.33333
position  2:    T:0.16667    C:0.08333    A:0.25000    G:0.50000
position  3:    T:0.25000    C:0.33333    A:0.33333    G:0.08333
Average         T:0.16667    C:0.13889    A:0.38889    G:0.30556

#11: MountainNyala  
position  1:    T:0.08333    C:0.00000    A:0.58333    G:0.33333
position  2:    T:0.16667    C:0.08333    A:0.25000    G:0.50000
position  3:    T:0.25000    C:0.33333    A:0.25000    G:0.16667
Average         T:0.16667    C:0.13889    A:0.36111    G:0.33333

#12: MuntiacusMuntjak
position  1:    T:0.08333    C:0.00000    A:0.58333    G:0.33333
position  2:    T:0.16667    C:0.08333    A:0.25000    G:0.50000
position  3:    T:0.25000    C:0.33333    A:0.33333    G:0.08333
Average         T:0.16667    C:0.13889    A:0.38889    G:0.30556

#13: goat           
position  1:    T:0.08333    C:0.00000    A:0.58333    G:0.33333
position  2:    T:0.16667    C:0.08333    A:0.25000    G:0.50000
position  3:    T:0.25000    C:0.33333    A:0.33333    G:0.08333
Average         T:0.16667    C:0.13889    A:0.38889    G:0.30556

#14: AfricanBuffalo 
position  1:    T:0.08333    C:0.00000    A:0.58333    G:0.33333
position  2:    T:0.16667    C:0.08333    A:0.25000    G:0.50000
position  3:    T:0.25000    C:0.33333    A:0.33333    G:0.08333
Average         T:0.16667    C:0.13889    A:0.38889    G:0.30556

#15: Topi           
position  1:    T:0.08333    C:0.00000    A:0.58333    G:0.33333
position  2:    T:0.16667    C:0.08333    A:0.25000    G:0.50000
position  3:    T:0.25000    C:0.33333    A:0.33333    G:0.08333
Average         T:0.16667    C:0.13889    A:0.38889    G:0.30556

#16: CommonDuiker   
position  1:    T:0.08333    C:0.00000    A:0.58333    G:0.33333
position  2:    T:0.16667    C:0.08333    A:0.25000    G:0.50000
position  3:    T:0.25000    C:0.33333    A:0.33333    G:0.08333
Average         T:0.16667    C:0.13889    A:0.38889    G:0.30556

#17: Suni           
position  1:    T:0.08333    C:0.00000    A:0.58333    G:0.33333
position  2:    T:0.16667    C:0.16667    A:0.25000    G:0.41667
position  3:    T:0.25000    C:0.33333    A:0.33333    G:0.08333
Average         T:0.16667    C:0.16667    A:0.38889    G:0.27778

#18: Springbuck     
position  1:    T:0.08333    C:0.00000    A:0.58333    G:0.33333
position  2:    T:0.16667    C:0.08333    A:0.25000    G:0.50000
position  3:    T:0.25000    C:0.33333    A:0.33333    G:0.08333
Average         T:0.16667    C:0.13889    A:0.38889    G:0.30556

#19: Okapi          
position  1:    T:0.08333    C:0.00000    A:0.58333    G:0.33333
position  2:    T:0.16667    C:0.08333    A:0.25000    G:0.50000
position  3:    T:0.25000    C:0.33333    A:0.33333    G:0.08333
Average         T:0.16667    C:0.13889    A:0.38889    G:0.30556

#20: Giraffe        
position  1:    T:0.08333    C:0.00000    A:0.58333    G:0.33333
position  2:    T:0.16667    C:0.08333    A:0.25000    G:0.50000
position  3:    T:0.25000    C:0.33333    A:0.33333    G:0.08333
Average         T:0.16667    C:0.13889    A:0.38889    G:0.30556

#21: TibetanAntelope
position  1:    T:0.08333    C:0.00000    A:0.58333    G:0.33333
position  2:    T:0.16667    C:0.08333    A:0.25000    G:0.50000
position  3:    T:0.25000    C:0.33333    A:0.33333    G:0.08333
Average         T:0.16667    C:0.13889    A:0.38889    G:0.30556

#22: Sitatunga      
position  1:    T:0.08333    C:0.00000    A:0.58333    G:0.33333
position  2:    T:0.16667    C:0.08333    A:0.25000    G:0.50000
position  3:    T:0.25000    C:0.33333    A:0.25000    G:0.16667
Average         T:0.16667    C:0.13889    A:0.36111    G:0.33333

#23: Oribi          
position  1:    T:0.08333    C:0.00000    A:0.58333    G:0.33333
position  2:    T:0.16667    C:0.08333    A:0.25000    G:0.50000
position  3:    T:0.25000    C:0.33333    A:0.33333    G:0.08333
Average         T:0.16667    C:0.13889    A:0.38889    G:0.30556

#24: BarbarySheep   
position  1:    T:0.08333    C:0.00000    A:0.58333    G:0.33333
position  2:    T:0.16667    C:0.08333    A:0.25000    G:0.50000
position  3:    T:0.25000    C:0.33333    A:0.33333    G:0.08333
Average         T:0.16667    C:0.13889    A:0.38889    G:0.30556

#25: Daviddeer      
position  1:    T:0.08333    C:0.00000    A:0.58333    G:0.33333
position  2:    T:0.16667    C:0.08333    A:0.25000    G:0.50000
position  3:    T:0.25000    C:0.33333    A:0.33333    G:0.08333
Average         T:0.16667    C:0.13889    A:0.38889    G:0.30556

#26: Reindeer       
position  1:    T:0.08333    C:0.00000    A:0.58333    G:0.33333
position  2:    T:0.16667    C:0.08333    A:0.25000    G:0.50000
position  3:    T:0.25000    C:0.33333    A:0.33333    G:0.08333
Average         T:0.16667    C:0.13889    A:0.38889    G:0.30556

#27: Ibex           
position  1:    T:0.08333    C:0.00000    A:0.58333    G:0.33333
position  2:    T:0.16667    C:0.08333    A:0.25000    G:0.50000
position  3:    T:0.25000    C:0.33333    A:0.33333    G:0.08333
Average         T:0.16667    C:0.13889    A:0.38889    G:0.30556

#28: GyrantGazelle  
position  1:    T:0.08333    C:0.00000    A:0.58333    G:0.33333
position  2:    T:0.16667    C:0.08333    A:0.25000    G:0.50000
position  3:    T:0.25000    C:0.33333    A:0.33333    G:0.08333
Average         T:0.16667    C:0.13889    A:0.38889    G:0.30556

#29: Hartebeest     
position  1:    T:0.08333    C:0.00000    A:0.58333    G:0.33333
position  2:    T:0.16667    C:0.08333    A:0.25000    G:0.50000
position  3:    T:0.25000    C:0.33333    A:0.33333    G:0.08333
Average         T:0.16667    C:0.13889    A:0.38889    G:0.30556

#30: Bongo          
position  1:    T:0.08333    C:0.00000    A:0.58333    G:0.33333
position  2:    T:0.16667    C:0.08333    A:0.25000    G:0.50000
position  3:    T:0.25000    C:0.33333    A:0.25000    G:0.16667
Average         T:0.16667    C:0.13889    A:0.36111    G:0.33333

#31: Gerenuk        
position  1:    T:0.08333    C:0.00000    A:0.58333    G:0.33333
position  2:    T:0.16667    C:0.08333    A:0.25000    G:0.50000
position  3:    T:0.25000    C:0.33333    A:0.25000    G:0.16667
Average         T:0.16667    C:0.13889    A:0.36111    G:0.33333

#32: CommonEland    
position  1:    T:0.08333    C:0.00000    A:0.58333    G:0.33333
position  2:    T:0.16667    C:0.08333    A:0.25000    G:0.50000
position  3:    T:0.25000    C:0.33333    A:0.25000    G:0.16667
Average         T:0.16667    C:0.13889    A:0.36111    G:0.33333

#33: MuntiacusReevesi
position  1:    T:0.08333    C:0.00000    A:0.58333    G:0.33333
position  2:    T:0.16667    C:0.08333    A:0.25000    G:0.50000
position  3:    T:0.25000    C:0.33333    A:0.33333    G:0.08333
Average         T:0.16667    C:0.13889    A:0.38889    G:0.30556

#34: HarveysDuiker  
position  1:    T:0.08333    C:0.00000    A:0.58333    G:0.33333
position  2:    T:0.16667    C:0.08333    A:0.25000    G:0.50000
position  3:    T:0.25000    C:0.33333    A:0.33333    G:0.08333
Average         T:0.16667    C:0.13889    A:0.38889    G:0.30556

#35: Pronghorn      
position  1:    T:0.08333    C:0.08333    A:0.50000    G:0.33333
position  2:    T:0.16667    C:0.08333    A:0.25000    G:0.50000
position  3:    T:0.16667    C:0.41667    A:0.33333    G:0.08333
Average         T:0.13889    C:0.19444    A:0.36111    G:0.30556

#36: BlueWildebeest 
position  1:    T:0.08333    C:0.00000    A:0.58333    G:0.33333
position  2:    T:0.16667    C:0.08333    A:0.25000    G:0.50000
position  3:    T:0.25000    C:0.33333    A:0.33333    G:0.08333
Average         T:0.16667    C:0.13889    A:0.38889    G:0.30556

#37: Gemsbok        
position  1:    T:0.08333    C:0.00000    A:0.58333    G:0.33333
position  2:    T:0.16667    C:0.08333    A:0.25000    G:0.50000
position  3:    T:0.25000    C:0.33333    A:0.33333    G:0.08333
Average         T:0.16667    C:0.13889    A:0.38889    G:0.30556

#38: Yak            
position  1:    T:0.08333    C:0.00000    A:0.58333    G:0.33333
position  2:    T:0.16667    C:0.08333    A:0.25000    G:0.50000
position  3:    T:0.16667    C:0.41667    A:0.33333    G:0.08333
Average         T:0.13889    C:0.16667    A:0.38889    G:0.30556

#39: BlueSheep      
position  1:    T:0.08333    C:0.00000    A:0.58333    G:0.33333
position  2:    T:0.16667    C:0.08333    A:0.25000    G:0.50000
position  3:    T:0.25000    C:0.33333    A:0.33333    G:0.08333
Average         T:0.16667    C:0.13889    A:0.38889    G:0.30556

#40: BohorReedbuck  
position  1:    T:0.08333    C:0.00000    A:0.58333    G:0.33333
position  2:    T:0.16667    C:0.08333    A:0.25000    G:0.50000
position  3:    T:0.25000    C:0.33333    A:0.33333    G:0.08333
Average         T:0.16667    C:0.13889    A:0.38889    G:0.30556

#41: KirksDik       
position  1:    T:0.08333    C:0.00000    A:0.58333    G:0.33333
position  2:    T:0.16667    C:0.08333    A:0.25000    G:0.50000
position  3:    T:0.25000    C:0.33333    A:0.25000    G:0.16667
Average         T:0.16667    C:0.13889    A:0.36111    G:0.33333

#42: RoeDeer        
position  1:    T:0.08333    C:0.00000    A:0.58333    G:0.33333
position  2:    T:0.16667    C:0.08333    A:0.25000    G:0.50000
position  3:    T:0.25000    C:0.33333    A:0.33333    G:0.08333
Average         T:0.16667    C:0.13889    A:0.38889    G:0.30556

#43: WhiteLippedDeer
position  1:    T:0.08333    C:0.00000    A:0.58333    G:0.33333
position  2:    T:0.16667    C:0.08333    A:0.25000    G:0.50000
position  3:    T:0.33333    C:0.25000    A:0.33333    G:0.08333
Average         T:0.19444    C:0.11111    A:0.38889    G:0.30556

#44: ThomsonGazelle 
position  1:    T:0.08333    C:0.00000    A:0.58333    G:0.33333
position  2:    T:0.16667    C:0.08333    A:0.25000    G:0.50000
position  3:    T:0.25000    C:0.33333    A:0.33333    G:0.08333
Average         T:0.16667    C:0.13889    A:0.38889    G:0.30556

#45: MuntiacusCrinifrons
position  1:    T:0.08333    C:0.00000    A:0.58333    G:0.33333
position  2:    T:0.16667    C:0.08333    A:0.25000    G:0.50000
position  3:    T:0.25000    C:0.33333    A:0.33333    G:0.08333
Average         T:0.16667    C:0.13889    A:0.38889    G:0.30556

#46: WhiteTailedDeer
position  1:    T:0.08333    C:0.00000    A:0.58333    G:0.33333
position  2:    T:0.16667    C:0.08333    A:0.25000    G:0.50000
position  3:    T:0.25000    C:0.33333    A:0.33333    G:0.08333
Average         T:0.16667    C:0.13889    A:0.38889    G:0.30556

#47: Cattle         
position  1:    T:0.08333    C:0.00000    A:0.58333    G:0.33333
position  2:    T:0.16667    C:0.08333    A:0.25000    G:0.50000
position  3:    T:0.25000    C:0.33333    A:0.33333    G:0.08333
Average         T:0.16667    C:0.13889    A:0.38889    G:0.30556

#48: RoyalAntelope  
position  1:    T:0.08333    C:0.00000    A:0.58333    G:0.33333
position  2:    T:0.16667    C:0.08333    A:0.25000    G:0.50000
position  3:    T:0.25000    C:0.33333    A:0.33333    G:0.08333
Average         T:0.16667    C:0.13889    A:0.38889    G:0.30556

#49: Steenbok       
position  1:    T:0.08333    C:0.00000    A:0.58333    G:0.33333
position  2:    T:0.16667    C:0.08333    A:0.41667    G:0.33333
position  3:    T:0.16667    C:0.41667    A:0.33333    G:0.08333
Average         T:0.13889    C:0.16667    A:0.44444    G:0.25000

#50: Impala         
position  1:    T:0.08333    C:0.00000    A:0.58333    G:0.33333
position  2:    T:0.16667    C:0.08333    A:0.25000    G:0.50000
position  3:    T:0.25000    C:0.33333    A:0.33333    G:0.08333
Average         T:0.16667    C:0.13889    A:0.38889    G:0.30556

#51: Klipspringer   
position  1:    T:0.08333    C:0.00000    A:0.58333    G:0.33333
position  2:    T:0.16667    C:0.08333    A:0.25000    G:0.50000
