1
52 1
Argali 0.000000 0.240500 0.061500 0.246400 0.061300 0.000000 0.020400 0.040900 0.050600 0.040900 0.030100 0.030200 0.020500 0.051200 0.031000 0.051000 0.072000 0.051700 0.006000 0.050600 0.051300 0.010100 0.041600 0.051300 0.020100 0.041300 0.030800 0.051200 0.030800 0.061800 0.040900 0.062500 0.075300 0.030800 0.010200 0.010100 0.030100 0.051100 0.092200 0.051300 0.052800 0.020400 0.041000 0.051400 0.010100 0.061500 0.051400 0.117500 0.020100 0.062100 0.050600 0.050600
LesserMous 0.240500 0.000000 0.258400 0.310300 0.304300 0.240500 0.225100 0.250800 0.242800 0.230800 0.247900 0.221500 0.227000 0.263100 0.241600 0.262200 0.269600 0.248300 0.226500 0.242800 0.236100 0.225500 0.208300 0.217500 0.236900 0.253400 0.210800 0.260800 0.240100 0.232100 0.230800 0.280600 0.208900 0.210800 0.241300 0.226400 0.247900 0.292100 0.282400 0.215400 0.197300 0.253400 0.231600 0.217900 0.226400 0.236900 0.263300 0.321200 0.236400 0.237600 0.242800 0.242800
LesserKudu 0.061500 0.258400 0.000000 0.283300 0.081100 0.061500 0.061300 0.061000 0.009600 0.071000 0.070700 0.092500 0.061700 0.071100 0.072400 0.070800 0.124800 0.104500 0.072000 0.009600 0.092900 0.071700 0.072200 0.081700 0.081900 0.082900 0.050500 0.019600 0.072200 0.019500 0.071000 0.082700 0.107500 0.050500 0.051200 0.072300 0.091800 0.071000 0.090300 0.060700 0.083900 0.061300 0.071200 0.081800 0.072300 0.104100 0.071100 0.137400 0.081800 0.116900 0.009400 0.009600
KillerWhal 0.246400 0.310300 0.283300 0.000000 0.267900 0.246400 0.260500 0.243600 0.266700 0.265500 0.255400 0.285000 0.261600 0.271100 0.289400 0.283700 0.263400 0.240200 0.260500 0.266700 0.256700 0.260400 0.271000 0.280500 0.272500 0.274900 0.274900 0.269900 0.260900 0.255500 0.265500 0.290000 0.217500 0.274900 0.247200 0.261500 0.284100 0.255800 0.278700 0.251900 0.289500 0.245100 0.265900 0.280800 0.261500 0.318300 0.285600 0.380700 0.271800 0.288500 0.266700 0.266700
DefassaWat 0.061300 0.304300 0.081100 0.267900 0.000000 0.061300 0.061000 0.039900 0.070200 0.092600 0.070500 0.092000 0.061300 0.070900 0.083400 0.070500 0.124500 0.104200 0.071300 0.070200 0.070900 0.071700 0.094100 0.103400 0.081800 0.061100 0.071700 0.070900 0.050700 0.081500 0.092600 0.082500 0.107100 0.071700 0.050900 0.072000 0.091700 0.009800 0.090200 0.081700 0.106200 0.040200 0.092800 0.103500 0.072000 0.103600 0.071000 0.125900 0.081700 0.116200 0.070200 0.070200
Sheep 0.000000 0.240500 0.061500 0.246400 0.061300 0.000000 0.020400 0.040900 0.050600 0.040900 0.030100 0.030200 0.020500 0.051200 0.031000 0.051000 0.072000 0.051700 0.006000 0.050600 0.051300 0.010100 0.041600 0.051300 0.020100 0.041300 0.030800 0.051200 0.030800 0.061800 0.040900 0.062500 0.075300 0.030800 0.010200 0.010100 0.030100 0.051100 0.092200 0.051300 0.052800 0.020400 0.041000 0.051400 0.010100 0.061500 0.051400 0.117500 0.020100 0.062100 0.050600 0.050600
MaxwellsDu 0.020400 0.225100 0.061300 0.260500 0.061000 0.020400 0.000000 0.020100 0.050500 0.051200 0.030100 0.030200 0.000100 0.030200 0.052200 0.030200 0.082400 0.062300 0.010100 0.050500 0.030300 0.010100 0.030800 0.040600 0.020100 0.020300 0.010100 0.051000 0.010100 0.061600 0.051200 0.041100 0.063800 0.010100 0.010200 0.010100 0.030100 0.050900 0.070500 0.040600 0.041800 0.020300 0.051300 0.040700 0.010100 0.040900 0.051200 0.094400 0.020100 0.052200 0.050500 0.050500
GazellaPrz 0.040900 0.250800 0.061000 0.243600 0.039900 0.040900 0.020100 0.000000 0.050200 0.072000 0.029900 0.050600 0.020200 0.030000 0.073400 0.029900 0.103700 0.083400 0.030500 0.050200 0.030100 0.030400 0.051600 0.061200 0.040400 0.020200 0.030400 0.050800 0.010000 0.061300 0.072000 0.040800 0.063500 0.030400 0.030600 0.030500 0.050400 0.030000 0.049500 0.050300 0.062900 0.020100 0.072200 0.061300 0.030500 0.061700 0.050800 0.093800 0.040400 0.073500 0.050200 0.050200
MountainNy 0.050600 0.242800 0.009600 0.266700 0.070200 0.050600 0.050500 0.050200 0.000000 0.060200 0.059800 0.081200 0.050800 0.060200 0.061400 0.060000 0.113000 0.092900 0.060900 0.000000 0.081500 0.060800 0.061100 0.070700 0.070800 0.071700 0.039900 0.009700 0.061100 0.009600 0.060200 0.071500 0.095500 0.039900 0.040500 0.061200 0.080600 0.060200 0.079400 0.050000 0.072500 0.050400 0.060400 0.070800 0.061200 0.092500 0.060200 0.125300 0.070700 0.104800 0.000000 0.000000
MuntiacusM 0.040900 0.230800 0.071000 0.265500 0.092600 0.040900 0.051200 0.072000 0.060200 0.000000 0.071300 0.071600 0.051400 0.082400 0.051600 0.082100 0.069800 0.071200 0.050400 0.060200 0.082600 0.051200 0.019800 0.027700 0.061300 0.072600 0.040600 0.071700 0.061900 0.071400 0.000000 0.094300 0.095100 0.040600 0.041000 0.051400 0.071300 0.082400 0.101600 0.029400 0.030200 0.051100 0.000100 0.029400 0.051400 0.093500 0.061100 0.082500 0.061300 0.082400 0.060200 0.060200
goat 0.030100 0.247900 0.070700 0.255400 0.070500 0.030100 0.030100 0.029900 0.059800 0.071300 0.000000 0.039700 0.030200 0.039900 0.061700 0.060300 0.102700 0.082600 0.020000 0.059800 0.060700 0.019800 0.051100 0.060700 0.009800 0.050800 0.040200 0.060700 0.040400 0.071000 0.071300 0.050800 0.062800 0.040200 0.040700 0.020000 0.019000 0.060500 0.079900 0.040000 0.062300 0.050700 0.071500 0.060700 0.020000 0.071700 0.082000 0.126300 0.029600 0.072700 0.059800 0.059800
AfricanBuf 0.030200 0.221500 0.092500 0.285000 0.092000 0.030200 0.030200 0.050600 0.081200 0.071600 0.039700 0.000000 0.030400 0.060800 0.061900 0.060600 0.103100 0.082900 0.020000 0.081200 0.040000 0.020000 0.051300 0.060900 0.029900 0.051000 0.040500 0.082100 0.040600 0.092900 0.071600 0.072100 0.085000 0.040500 0.040900 0.020000 0.039700 0.081900 0.101400 0.060900 0.062600 0.050900 0.071800 0.061000 0.020000 0.072000 0.082300 0.126600 0.029800 0.073000 0.081200 0.081200
Topi 0.020500 0.227000 0.061700 0.261600 0.061300 0.020500 0.000100 0.020200 0.050800 0.051400 0.030200 0.030400 0.000000 0.030400 0.052400 0.030200 0.083000 0.062600 0.010200 0.050800 0.030500 0.010100 0.031000 0.040800 0.020200 0.020400 0.010100 0.051300 0.010100 0.061900 0.051400 0.041300 0.064200 0.010100 0.010200 0.010200 0.030200 0.051200 0.070900 0.040800 0.042000 0.020300 0.051600 0.040900 0.010200 0.041100 0.051300 0.094900 0.020200 0.052500 0.050800 0.050800
CommonDuik 0.051200 0.263100 0.071100 0.271100 0.070900 0.051200 0.030200 0.030000 0.060200 0.082400 0.039900 0.060800 0.030400 0.000000 0.084000 0.060700 0.114300 0.093900 0.040700 0.060200 0.061000 0.040600 0.061900 0.071600 0.050600 0.051100 0.040600 0.060900 0.040700 0.071400 0.082400 0.010000 0.074100 0.040600 0.040900 0.040700 0.060500 0.060800 0.080300 0.050600 0.073400 0.051000 0.082600 0.071600 0.040700 0.072000 0.082400 0.126900 0.050500 0.084100 0.060200 0.060200
Suni 0.031000 0.241600 0.072400 0.289400 0.083400 0.031000 0.052200 0.073400 0.061400 0.051600 0.061700 0.061900 0.052400 0.084000 0.000000 0.083700 0.105600 0.084900 0.040300 0.061400 0.084200 0.041400 0.052500 0.062200 0.051600 0.074100 0.041400 0.073000 0.063200 0.072800 0.051600 0.096300 0.110500 0.041400 0.041800 0.041500 0.061700 0.073100 0.103600 0.062100 0.063900 0.052200 0.051700 0.062300 0.041500 0.095100 0.062300 0.105900 0.051600 0.096300 0.061400 0.061400
Springbuck 0.051000 0.262200 0.070800 0.283700 0.070500 0.051000 0.030200 0.029900 0.060000 0.082100 0.060300 0.060600 0.030200 0.060700 0.083700 0.000000 0.114000 0.093600 0.040600 0.060000 0.040000 0.040400 0.061800 0.071300 0.050400 0.030100 0.040400 0.060600 0.019400 0.071100 0.082100 0.072000 0.096100 0.040400 0.040800 0.040600 0.060300 0.060500 0.080000 0.071300 0.073200 0.030000 0.082400 0.071400 0.040600 0.071800 0.060600 0.104000 0.050400 0.083800 0.060000 0.060000
Okapi 0.072000 0.269600 0.124800 0.263400 0.124500 0.072000 0.082400 0.103700 0.113000 0.069800 0.102700 0.103100 0.083000 0.114300 0.105600 0.114000 0.000000 0.019300 0.081700 0.113000 0.114600 0.082500 0.071000 0.080300 0.092700 0.104700 0.093400 0.114200 0.093700 0.125400 0.069800 0.126900 0.105100 0.093400 0.072300 0.082900 0.102700 0.114200 0.156300 0.080200 0.082300 0.082500 0.070000 0.080400 0.082900 0.125600 0.091500 0.160700 0.092600 0.114100 0.113000 0.113000
Giraffe 0.051700 0.248300 0.104500 0.240200 0.104200 0.051700 0.062300 0.083400 0.092900 0.071200 0.082600 0.082900 0.062600 0.093900 0.084900 0.093600 0.019300 0.000000 0.061300 0.092900 0.094100 0.062300 0.072400 0.081800 0.072500 0.084200 0.073100 0.093800 0.073300 0.105000 0.071200 0.106400 0.084700 0.073100 0.052000 0.062500 0.082600 0.093900 0.136000 0.081700 0.084000 0.062200 0.071400 0.081900 0.062500 0.105300 0.071500 0.163800 0.072400 0.093500 0.092900 0.092900
TibetanAnt 0.006000 0.226500 0.072000 0.260500 0.071300 0.006000 0.010100 0.030500 0.060900 0.050400 0.020000 0.020000 0.010200 0.040700 0.040300 0.040600 0.081700 0.061300 0.000000 0.060900 0.040800 0.000000 0.031000 0.040800 0.010000 0.030800 0.020400 0.061400 0.020400 0.072400 0.050400 0.051800 0.064200 0.020400 0.018800 0.000100 0.020000 0.060800 0.081500 0.040800 0.042000 0.029900 0.050000 0.040900 0.000100 0.051700 0.061600 0.106100 0.010000 0.052400 0.060900 0.060900
Sitatunga 0.050600 0.242800 0.009600 0.266700 0.070200 0.050600 0.050500 0.050200 0.000000 0.060200 0.059800 0.081200 0.050800 0.060200 0.061400 0.060000 0.113000 0.092900 0.060900 0.000000 0.081500 0.060800 0.061100 0.070700 0.070800 0.071700 0.039900 0.009700 0.061100 0.009600 0.060200 0.071500 0.095500 0.039900 0.040500 0.061200 0.080600 0.060200 0.079400 0.050000 0.072500 0.050400 0.060400 0.070800 0.061200 0.092500 0.060200 0.125300 0.070700 0.104800 0.000000 0.000000
Oribi 0.051300 0.236100 0.092900 0.256700 0.070900 0.051300 0.030300 0.030100 0.081500 0.082600 0.060700 0.040000 0.030500 0.061000 0.084200 0.040000 0.114600 0.094100 0.040800 0.081500 0.000000 0.040700 0.062200 0.071700 0.050700 0.030300 0.040700 0.082400 0.020100 0.093200 0.082600 0.072400 0.096600 0.040700 0.041000 0.040800 0.060700 0.060800 0.059600 0.071700 0.073600 0.030300 0.082800 0.071800 0.040800 0.072200 0.061100 0.104600 0.050700 0.084300 0.081500 0.081500
BarbaryShe 0.010100 0.225500 0.071700 0.260400 0.071700 0.010100 0.010100 0.030400 0.060800 0.051200 0.019800 0.020000 0.010100 0.040600 0.041400 0.040400 0.082500 0.062300 0.000000 0.060800 0.040700 0.000000 0.030900 0.040700 0.009900 0.030700 0.020200 0.061600 0.020300 0.072100 0.051200 0.051600 0.063900 0.020200 0.020500 0.000000 0.019400 0.061500 0.081100 0.040600 0.041800 0.030600 0.051300 0.040700 0.000000 0.051500 0.061800 0.105600 0.009700 0.052200 0.060800 0.060000
Daviddeer 0.041600 0.208300 0.072200 0.271000 0.094100 0.041600 0.030800 0.051600 0.061100 0.019800 0.051100 0.051300 0.031000 0.061900 0.052500 0.061800 0.071000 0.072400 0.031000 0.061100 0.062200 0.030900 0.000000 0.009900 0.041000 0.052100 0.020400 0.072800 0.041500 0.072500 0.019800 0.073500 0.074200 0.020400 0.041700 0.031000 0.051100 0.083700 0.081500 0.009800 0.010100 0.052000 0.019900 0.009900 0.031000 0.073500 0.062100 0.083700 0.041000 0.062500 0.061100 0.061100
Reindeer 0.051300 0.217500 0.081700 0.280500 0.103400 0.051300 0.040600 0.061200 0.070700 0.027700 0.060700 0.060900 0.040800 0.071600 0.062200 0.071300 0.080300 0.081800 0.040800 0.070700 0.071700 0.040700 0.009900 0.000000 0.050700 0.061800 0.030200 0.082400 0.051200 0.082100 0.029300 0.083100 0.083900 0.030200 0.051600 0.040800 0.060700 0.093100 0.090700 0.019500 0.020000 0.061700 0.029500 0.019400 0.040800 0.083000 0.071600 0.093200 0.050700 0.072100 0.070700 0.070700
Ibex 0.020100 0.236900 0.081900 0.272500 0.081800 0.020100 0.020100 0.040400 0.070800 0.061300 0.009800 0.029900 0.020200 0.050600 0.051600 0.050400 0.092700 0.072500 0.010000 0.070800 0.050700 0.009900 0.041000 0.050700 0.000000 0.040800 0.030300 0.071700 0.030400 0.082200 0.061300 0.061800 0.074400 0.030300 0.030600 0.010000 0.009800 0.071600 0.091100 0.050700 0.052100 0.040700 0.061500 0.050800 0.010000 0.061600 0.072000 0.116000 0.019800 0.062500 0.070800 0.070800
GyrantGaze 0.041300 0.253400 0.082900 0.274900 0.061100 0.041300 0.020300 0.020200 0.071700 0.072600 0.050800 0.051000 0.020400 0.051100 0.074100 0.030100 0.104700 0.084200 0.030800 0.071700 0.030300 0.030700 0.052100 0.061800 0.040800 0.000000 0.030700 0.072400 0.010100 0.083300 0.072600 0.062400 0.086400 0.030700 0.030900 0.030800 0.050800 0.051000 0.070600 0.061800 0.063500 0.020200 0.072800 0.061900 0.030800 0.062200 0.051100 0.094500 0.030500 0.074100 0.071700 0.071700
Hartebeest 0.030800 0.210800 0.050500 0.274900 0.071700 0.030800 0.010100 0.030400 0.039900 0.040600 0.040200 0.040500 0.010100 0.040600 0.041400 0.040400 0.093400 0.073100 0.020400 0.039900 0.040700 0.020200 0.020400 0.030200 0.030300 0.030700 0.000000 0.051000 0.020300 0.050700 0.040600 0.051600 0.075000 0.000000 0.020500 0.020400 0.040200 0.061500 0.059900 0.030200 0.031000 0.030600 0.040700 0.030200 0.020400 0.051500 0.040600 0.083100 0.030300 0.063000 0.039900 0.039900
Bongo 0.051200 0.260800 0.019600 0.269900 0.070900 0.051200 0.051000 0.050800 0.009700 0.071700 0.060700 0.082100 0.051300 0.060900 0.073000 0.060600 0.114200 0.093800 0.061400 0.009700 0.082400 0.061600 0.072800 0.082400 0.071700 0.072400 0.051000 0.000000 0.061800 0.019700 0.071700 0.072200 0.096600 0.051000 0.040900 0.061800 0.081700 0.060800 0.091100 0.061200 0.084600 0.051000 0.071900 0.082500 0.061800 0.093400 0.071700 0.138700 0.071700 0.105800 0.009700 0.009700
Gerenuk 0.030800 0.240100 0.072200 0.260900 0.050700 0.030800 0.010100 0.010000 0.061100 0.061900 0.040400 0.040600 0.010100 0.040700 0.063200 0.019400 0.093700 0.073300 0.020400 0.061100 0.020100 0.020300 0.041500 0.051200 0.030400 0.010100 0.020300 0.061800 0.000000 0.072500 0.061900 0.051800 0.075200 0.020300 0.020500 0.020400 0.040400 0.040600 0.060200 0.051200 0.052600 0.010100 0.062100 0.051300 0.020400 0.051600 0.040700 0.083600 0.030400 0.063200 0.061100 0.061100
CommonElan 0.061800 0.232100 0.019500 0.255500 0.081500 0.061800 0.061600 0.061300 0.009600 0.071400 0.071000 0.092900 0.061900 0.071400 0.072800 0.071100 0.125400 0.105000 0.072400 0.009600 0.093200 0.072100 0.072500 0.082100 0.082200 0.083300 0.050700 0.019700 0.072500 0.000000 0.071400 0.083100 0.096100 0.050700 0.051400 0.072600 0.092200 0.071400 0.090700 0.060900 0.084300 0.061600 0.071600 0.082200 0.072600 0.104600 0.071400 0.138000 0.081300 0.117300 0.009600 0.009400
MuntiacusR 0.040900 0.230800 0.071000 0.265500 0.092600 0.040900 0.051200 0.072000 0.060200 0.000000 0.071300 0.071600 0.051400 0.082400 0.051600 0.082100 0.069800 0.071200 0.050400 0.060200 0.082600 0.051200 0.019800 0.029300 0.061300 0.072600 0.040600 0.071700 0.061900 0.071400 0.000000 0.094300 0.095100 0.040600 0.041000 0.051400 0.071300 0.082400 0.101600 0.029400 0.030200 0.051100 0.000100 0.029400 0.051400 0.093500 0.061100 0.082500 0.061300 0.082400 0.060200 0.060200
HarveysDui 0.062500 0.280600 0.082700 0.290000 0.082500 0.062500 0.041100 0.040800 0.071500 0.094300 0.050800 0.072100 0.041300 0.010000 0.096300 0.072000 0.126900 0.106400 0.051800 0.071500 0.072400 0.051600 0.073500 0.083100 0.061800 0.062400 0.051600 0.072200 0.051800 0.083100 0.094300 0.000000 0.086200 0.051600 0.052100 0.051800 0.071900 0.072300 0.091900 0.061700 0.085400 0.062300 0.094500 0.083300 0.051800 0.083800 0.094400 0.139900 0.061700 0.096300 0.071500 0.071500
Pronghorn 0.075300 0.208900 0.107500 0.217500 0.107100 0.075300 0.063800 0.063500 0.095500 0.095100 0.062800 0.085000 0.064200 0.074100 0.110500 0.096100 0.105100 0.084700 0.064200 0.095500 0.096600 0.063900 0.074200 0.083900 0.074400 0.086400 0.075000 0.096600 0.075200 0.096100 0.095100 0.086200 0.000000 0.075000 0.075600 0.064200 0.084700 0.096500 0.116500 0.062200 0.086200 0.086300 0.095300 0.084000 0.064200 0.108900 0.119900 0.155800 0.074300 0.085800 0.095500 0.095500
BlueWildeb 0.030800 0.210800 0.050500 0.274900 0.071700 0.030800 0.010100 0.030400 0.039900 0.040600 0.040200 0.040500 0.010100 0.040600 0.041400 0.040400 0.093400 0.073100 0.020400 0.039900 0.040700 0.020200 0.020400 0.030200 0.030300 0.030700 0.000000 0.051000 0.020300 0.050700 0.040600 0.051600 0.075000 0.000000 0.020500 0.020400 0.040200 0.061500 0.059900 0.030200 0.031000 0.030600 0.040700 0.030200 0.020400 0.051500 0.040600 0.083100 0.030300 0.063000 0.039900 0.039900
Gemsbok 0.010200 0.241300 0.051200 0.247200 0.050900 0.010200 0.010200 0.030600 0.040500 0.041000 0.040700 0.040900 0.010200 0.040900 0.041800 0.040800 0.072300 0.052000 0.018800 0.040500 0.041000 0.020500 0.041700 0.051600 0.030600 0.030900 0.020500 0.040900 0.020500 0.051400 0.041000 0.052100 0.075600 0.020500 0.000000 0.020600 0.040700 0.040800 0.081800 0.051500 0.053000 0.010200 0.041100 0.051600 0.020600 0.051000 0.041000 0.106600 0.030600 0.062400 0.040500 0.040500
Yak 0.010100 0.226400 0.072300 0.261500 0.072000 0.010100 0.010100 0.030500 0.061200 0.051400 0.020000 0.020000 0.010200 0.040700 0.041500 0.040600 0.082900 0.062500 0.000100 0.061200 0.040800 0.000000 0.031000 0.040800 0.010000 0.030800 0.020400 0.061800 0.020400 0.072600 0.051400 0.051800 0.064200 0.020400 0.020600 0.000000 0.020000 0.061800 0.081400 0.040800 0.042000 0.030700 0.051600 0.040900 0.000000 0.051700 0.062100 0.105900 0.010000 0.052400 0.061200 0.061200
BlueSheep 0.030100 0.247900 0.091800 0.284100 0.091700 0.030100 0.030100 0.050400 0.080600 0.071300 0.019000 0.039700 0.030200 0.060500 0.061700 0.060300 0.102700 0.082600 0.020000 0.080600 0.060700 0.019400 0.051100 0.060700 0.009800 0.050800 0.040200 0.081700 0.040400 0.092200 0.071300 0.071900 0.084700 0.040200 0.040700 0.020000 0.000000 0.081600 0.101000 0.060700 0.062300 0.050700 0.071500 0.060800 0.020000 0.071700 0.082000 0.126300 0.029600 0.072800 0.080600 0.080600
BohorReedb 0.051100 0.292100 0.071000 0.255800 0.009800 0.051100 0.050900 0.030000 0.060200 0.082400 0.060500 0.081900 0.051200 0.060800 0.073100 0.060500 0.114200 0.093900 0.060800 0.060200 0.060800 0.061500 0.083700 0.093100 0.071600 0.051000 0.061500 0.060800 0.040600 0.071400 0.082400 0.072300 0.096500 0.061500 0.040800 0.061800 0.081600 0.000000 0.080200 0.071600 0.095700 0.030200 0.082600 0.093300 0.061800 0.093100 0.060900 0.115500 0.071600 0.105600 0.060200 0.060200
KirksDik 0.092200 0.282400 0.090300 0.278700 0.090200 0.092200 0.070500 0.049500 0.079400 0.101600 0.079900 0.101400 0.070900 0.080300 0.103600 0.080000 0.156300 0.136000 0.081500 0.079400 0.059600 0.081100 0.081500 0.090700 0.091100 0.070600 0.059900 0.091100 0.060200 0.090700 0.101600 0.091900 0.116500 0.059900 0.081800 0.081400 0.101000 0.080200 0.000000 0.069800 0.093000 0.070500 0.101900 0.090800 0.081400 0.091600 0.080200 0.123600 0.091000 0.126400 0.079400 0.079400
RoeDeer 0.051300 0.215400 0.060700 0.251900 0.081700 0.051300 0.040600 0.050300 0.050000 0.029400 0.040000 0.060900 0.040800 0.050600 0.062100 0.071300 0.080200 0.081700 0.040800 0.050000 0.071700 0.040600 0.009800 0.019500 0.050700 0.061800 0.030200 0.061200 0.051200 0.060900 0.029400 0.061700 0.062200 0.030200 0.051500 0.040800 0.060700 0.071600 0.069800 0.000000 0.019900 0.061700 0.029500 0.019500 0.040800 0.083000 0.071600 0.093200 0.050700 0.072100 0.050000 0.050000
WhiteLippe 0.052800 0.197300 0.083900 0.289500 0.106200 0.052800 0.041800 0.062900 0.072500 0.030200 0.062300 0.062600 0.042000 0.073400 0.063900 0.073200 0.082300 0.084000 0.042000 0.072500 0.073600 0.041800 0.010100 0.020000 0.052100 0.063500 0.031000 0.084600 0.052600 0.084300 0.030200 0.085400 0.086200 0.031000 0.053000 0.042000 0.062300 0.095700 0.093000 0.019900 0.000000 0.063400 0.030300 0.020000 0.042000 0.085300 0.073500 0.095500 0.052000 0.074000 0.072500 0.072500
ThomsonGaz 0.020400 0.253400 0.061300 0.245100 0.040200 0.020400 0.020300 0.020100 0.050400 0.051100 0.050700 0.050900 0.020300 0.051000 0.052200 0.030000 0.082500 0.062200 0.029900 0.050400 0.030300 0.030600 0.052000 0.061700 0.040700 0.020200 0.030600 0.051000 0.010100 0.061600 0.051100 0.062300 0.086300 0.030600 0.010200 0.030700 0.050700 0.030200 0.070500 0.061700 0.063400 0.000000 0.051300 0.061800 0.030700 0.061800 0.030200 0.094400 0.040700 0.073400 0.050400 0.050400
MuntiacusC 0.041000 0.231600 0.071200 0.265900 0.092800 0.041000 0.051300 0.072200 0.060400 0.000100 0.071500 0.071800 0.051600 0.082600 0.051700 0.082400 0.070000 0.071400 0.050000 0.060400 0.082800 0.051300 0.019900 0.029500 0.061500 0.072800 0.040700 0.071900 0.062100 0.071600 0.000100 0.094500 0.095300 0.040700 0.041100 0.051600 0.071500 0.082600 0.101900 0.029500 0.030300 0.051300 0.000000 0.029600 0.051600 0.093500 0.061200 0.082800 0.061400 0.082300 0.060400 0.060400
WhiteTaile 0.051400 0.217900 0.081800 0.280800 0.103500 0.051400 0.040700 0.061300 0.070800 0.029400 0.060700 0.061000 0.040900 0.071600 0.062300 0.071400 0.080400 0.081900 0.040900 0.070800 0.071800 0.040700 0.009900 0.019400 0.050800 0.061900 0.030200 0.082500 0.051300 0.082200 0.029400 0.083300 0.084000 0.030200 0.051600 0.040900 0.060800 0.093300 0.090800 0.019500 0.020000 0.061800 0.029600 0.000000 0.040900 0.083100 0.071700 0.093300 0.050700 0.072200 0.070800 0.070800
Cattle 0.010100 0.226400 0.072300 0.261500 0.072000 0.010100 0.010100 0.030500 0.061200 0.051400 0.020000 0.020000 0.010200 0.040700 0.041500 0.040600 0.082900 0.062500 0.000100 0.061200 0.040800 0.000000 0.031000 0.040800 0.010000 0.030800 0.020400 0.061800 0.020400 0.072600 0.051400 0.051800 0.064200 0.020400 0.020600 0.000000 0.020000 0.061800 0.081400 0.040800 0.042000 0.030700 0.051600 0.040900 0.000000 0.051700 0.062100 0.105900 0.010000 0.052400 0.061200 0.061200
RoyalAntel 0.061500 0.236900 0.104100 0.318300 0.103600 0.061500 0.040900 0.061700 0.092500 0.093500 0.071700 0.072000 0.041100 0.072000 0.095100 0.071800 0.125600 0.105300 0.051700 0.092500 0.072200 0.051500 0.073500 0.083000 0.061600 0.062200 0.051500 0.093400 0.051600 0.104600 0.093500 0.083800 0.108900 0.051500 0.051000 0.051700 0.071700 0.093100 0.091600 0.083000 0.085300 0.061800 0.093500 0.083100 0.051700 0.000000 0.093900 0.139700 0.061600 0.096100 0.092500 0.092500
Steenbok 0.051400 0.263300 0.071100 0.285600 0.071000 0.051400 0.051200 0.050800 0.060200 0.061100 0.082000 0.082300 0.051300 0.082400 0.062300 0.060600 0.091500 0.071500 0.061600 0.060200 0.061100 0.061800 0.062100 0.071600 0.072000 0.051100 0.040600 0.071700 0.040700 0.071400 0.061100 0.094400 0.119900 0.040600 0.041000 0.062100 0.082000 0.060900 0.080200 0.071600 0.073500 0.030200 0.061200 0.071700 0.062100 0.093900 0.000000 0.104400 0.071900 0.106300 0.060200 0.060200
Impala 0.117500 0.321200 0.137400 0.380700 0.125900 0.117500 0.094400 0.093800 0.125300 0.082500 0.126300 0.126600 0.094900 0.126900 0.105900 0.104000 0.160700 0.163800 0.106100 0.125300 0.104600 0.105600 0.083700 0.093200 0.116000 0.094500 0.083100 0.138700 0.083600 0.138000 0.082500 0.139900 0.155800 0.083100 0.106600 0.105900 0.126300 0.115500 0.123600 0.093200 0.095500 0.094400 0.082800 0.093300 0.105900 0.139700 0.104400 0.000000 0.115900 0.154000 0.125300 0.125300
Klipspring 0.020100 0.236400 0.081800 0.271800 0.081700 0.020100 0.020100 0.040400 0.070700 0.061300 0.029600 0.029800 0.020200 0.050500 0.051600 0.050400 0.092600 0.072400 0.010000 0.070700 0.050700 0.009700 0.041000 0.050700 0.019800 0.030500 0.030300 0.071700 0.030400 0.081300 0.061300 0.061700 0.074300 0.030300 0.030600 0.010000 0.029600 0.071600 0.091000 0.050700 0.052000 0.040700 0.061400 0.050700 0.010000 0.061600 0.071900 0.115900 0.000000 0.062500 0.070700 0.070700
ForestMusk 0.062100 0.237600 0.116900 0.288500 0.116200 0.062100 0.052200 0.073500 0.104800 0.082400 0.072700 0.073000 0.052500 0.084100 0.096300 0.083800 0.114100 0.093500 0.052400 0.104800 0.084300 0.052200 0.062500 0.072100 0.062500 0.074100 0.063000 0.105800 0.063200 0.117300 0.082400 0.096300 0.085800 0.063000 0.062400 0.052400 0.072800 0.105600 0.126400 0.072100 0.074000 0.073400 0.082300 0.072200 0.052400 0.096100 0.106300 0.154000 0.062500 0.000000 0.104800 0.104800
Bushbuck 0.050600 0.242800 0.009400 0.266700 0.070200 0.050600 0.050500 0.050200 0.000000 0.060200 0.059800 0.081200 0.050800 0.060200 0.061400 0.060000 0.113000 0.092900 0.060900 0.000000 0.081500 0.060800 0.061100 0.070700 0.070800 0.071700 0.039900 0.009700 0.061100 0.009600 0.060200 0.071500 0.095500 0.039900 0.040500 0.061200 0.080600 0.060200 0.079400 0.050000 0.072500 0.050400 0.060400 0.070800 0.061200 0.092500 0.060200 0.125300 0.070700 0.104800 0.000000 0.000000
GreaterKud 0.050600 0.242800 0.009600 0.266700 0.070200 0.050600 0.050500 0.050200 0.000000 0.060200 0.059800 0.081200 0.050800 0.060200 0.061400 0.060000 0.113000 0.092900 0.060900 0.000000 0.081500 0.060000 0.061100 0.070700 0.070800 0.071700 0.039900 0.009700 0.061100 0.009400 0.060200 0.071500 0.095500 0.039900 0.040500 0.061200 0.080600 0.060200 0.079400 0.050000 0.072500 0.050400 0.060400 0.070800 0.061200 0.092500 0.060200 0.125300 0.070700 0.104800 0.000000 0.000000
