1
52 1
Argali 0.000000 0.160100 0.045800 0.190900 0.049800 0.011200 0.030000 0.050000 0.034200 0.092700 0.026500 0.041600 0.033700 0.022500 0.030200 0.034200 0.061000 0.069900 0.026300 0.034200 0.049500 0.018900 0.076900 0.073000 0.022600 0.034300 0.030100 0.042100 0.038000 0.042300 0.092700 0.022500 0.066000 0.030100 0.042200 0.061100 0.011200 0.045700 0.045500 0.057700 0.085100 0.026300 0.089100 0.057200 0.057200 0.057600 0.033700 0.030100 0.034200 0.080900 0.034200 0.042200
LesserMous 0.160100 0.000000 0.159300 0.200800 0.159900 0.155600 0.159100 0.146600 0.146300 0.194400 0.156300 0.154100 0.171400 0.150600 0.164100 0.155700 0.153500 0.151200 0.155300 0.146300 0.172600 0.156000 0.158500 0.172300 0.151600 0.156700 0.167900 0.155900 0.159900 0.156400 0.194400 0.159400 0.184600 0.168100 0.174200 0.176300 0.146400 0.151000 0.159300 0.165000 0.172200 0.146400 0.200300 0.154600 0.172000 0.159200 0.162700 0.158900 0.155800 0.184700 0.150900 0.156200
LesserKudu 0.045800 0.159300 0.000000 0.181100 0.057500 0.041900 0.053300 0.065800 0.011200 0.088700 0.038200 0.041500 0.049000 0.037900 0.053500 0.041900 0.045200 0.061700 0.049700 0.011200 0.065200 0.038100 0.072800 0.069000 0.034200 0.050000 0.045400 0.018800 0.053600 0.034300 0.088700 0.045600 0.074000 0.045400 0.057300 0.045300 0.034100 0.053700 0.053400 0.061700 0.080900 0.041800 0.093300 0.053300 0.049200 0.073500 0.049200 0.053300 0.057700 0.105300 0.018800 0.018900
KillerWhal 0.190900 0.200800 0.181100 0.000000 0.185900 0.186300 0.199100 0.195900 0.177000 0.197600 0.187200 0.175500 0.192900 0.185800 0.190300 0.186600 0.161100 0.159100 0.176900 0.177000 0.213200 0.177600 0.198500 0.203300 0.182300 0.178600 0.189500 0.177800 0.190900 0.168900 0.197600 0.176300 0.196900 0.189800 0.196900 0.184100 0.176900 0.191000 0.209100 0.186600 0.198500 0.177000 0.203400 0.185200 0.188900 0.194500 0.202800 0.189500 0.196000 0.226000 0.167800 0.187200
DefassaWat 0.049800 0.159900 0.057500 0.185900 0.000000 0.045900 0.049500 0.061900 0.053800 0.101200 0.046100 0.061200 0.053000 0.041900 0.041800 0.045900 0.056900 0.069900 0.053700 0.053800 0.069400 0.046000 0.085200 0.081300 0.042100 0.054200 0.049400 0.062000 0.049800 0.054100 0.101200 0.041800 0.086500 0.049400 0.054100 0.073000 0.038000 0.015000 0.057600 0.065800 0.085200 0.038000 0.106000 0.065400 0.069100 0.053600 0.053300 0.049400 0.053800 0.097200 0.045900 0.062100
Sheep 0.011200 0.155600 0.041900 0.186300 0.045900 0.000000 0.026200 0.046000 0.030300 0.088700 0.022600 0.037700 0.029900 0.018700 0.026400 0.030300 0.057000 0.074000 0.022500 0.030300 0.053500 0.015000 0.072900 0.069000 0.018800 0.030400 0.026200 0.038200 0.034100 0.038300 0.088700 0.018700 0.070100 0.026300 0.038300 0.057100 0.007500 0.041800 0.041600 0.053700 0.081000 0.022500 0.093300 0.053300 0.053300 0.053600 0.029900 0.026300 0.030300 0.093100 0.030300 0.038300
MaxwellsDu 0.030000 0.159100 0.053300 0.199100 0.049500 0.026200 0.000000 0.049600 0.041700 0.100700 0.034000 0.049100 0.041100 0.022400 0.030000 0.034000 0.060600 0.077600 0.033800 0.041700 0.057100 0.026300 0.084800 0.080800 0.030100 0.041800 0.037500 0.049700 0.037800 0.049800 0.100700 0.022400 0.073700 0.037600 0.049800 0.060700 0.018700 0.045500 0.037600 0.057500 0.093000 0.026200 0.105400 0.065000 0.056800 0.057200 0.033500 0.037500 0.041700 0.096700 0.041700 0.049800
GazellaPrz 0.050000 0.146600 0.065800 0.195900 0.061900 0.046000 0.049600 0.000000 0.053900 0.122700 0.046300 0.069400 0.061100 0.034200 0.049800 0.038200 0.073100 0.074200 0.046000 0.053900 0.053600 0.046100 0.097800 0.093800 0.042300 0.046300 0.057500 0.062100 0.042000 0.070500 0.122700 0.041900 0.086900 0.057500 0.062000 0.081400 0.038100 0.050000 0.057700 0.086600 0.106300 0.030400 0.127700 0.077700 0.077400 0.069800 0.045500 0.057500 0.062000 0.110100 0.061900 0.054200
MountainNy 0.034200 0.146300 0.011200 0.177000 0.053800 0.030300 0.041700 0.053900 0.000000 0.088900 0.026600 0.029900 0.045200 0.026400 0.041800 0.038100 0.049200 0.057800 0.038000 0.000000 0.061400 0.026500 0.065100 0.061200 0.022700 0.038300 0.041600 0.007500 0.041900 0.022700 0.088900 0.034100 0.062000 0.041700 0.053500 0.049100 0.022600 0.049900 0.041800 0.053900 0.073100 0.030300 0.093500 0.045600 0.041600 0.061600 0.037700 0.041700 0.046000 0.093200 0.007500 0.007500
MuntiacusM 0.092700 0.194400 0.088700 0.197600 0.101200 0.088700 0.100700 0.122700 0.088900 0.000000 0.097600 0.088300 0.108200 0.092900 0.101000 0.105600 0.056300 0.081100 0.105400 0.088900 0.121700 0.097400 0.052200 0.063900 0.093400 0.114600 0.104600 0.097500 0.109600 0.089400 0.000000 0.088800 0.106000 0.104800 0.110300 0.092100 0.088900 0.097200 0.109300 0.044900 0.060000 0.097100 0.010800 0.048500 0.088200 0.113500 0.104500 0.100600 0.097300 0.121000 0.088900 0.097600
goat 0.026500 0.156300 0.038200 0.187200 0.046100 0.022600 0.034000 0.046300 0.026600 0.097600 0.000000 0.037900 0.037700 0.026400 0.034200 0.038300 0.057300 0.074400 0.030300 0.026600 0.061700 0.015100 0.081600 0.077600 0.003700 0.038400 0.034100 0.034500 0.042100 0.038500 0.097600 0.026500 0.062400 0.034100 0.046400 0.057400 0.015100 0.042000 0.041900 0.062200 0.089800 0.030300 0.102300 0.061700 0.053500 0.053900 0.037700 0.034100 0.038300 0.093600 0.026600 0.026800
AfricanBuf 0.041600 0.154100 0.041500 0.175500 0.061200 0.037700 0.049100 0.069400 0.029900 0.088300 0.037900 0.000000 0.044900 0.041500 0.049300 0.053400 0.048800 0.065300 0.045500 0.029900 0.076800 0.037800 0.072600 0.076600 0.034000 0.053700 0.041300 0.037700 0.057200 0.037800 0.088300 0.041500 0.061500 0.041400 0.061600 0.033400 0.030000 0.057300 0.057100 0.061300 0.080600 0.045500 0.092800 0.060900 0.029700 0.069000 0.052800 0.049100 0.053400 0.092500 0.030100 0.037800
Topi 0.033700 0.171400 0.049000 0.192900 0.053000 0.029900 0.041100 0.061100 0.045200 0.108200 0.037700 0.044900 0.000000 0.033600 0.041300 0.045300 0.064000 0.089200 0.037500 0.045200 0.068400 0.029900 0.092200 0.080200 0.033800 0.045600 0.011000 0.053200 0.049100 0.053400 0.108200 0.033600 0.085300 0.011000 0.045500 0.064200 0.022300 0.049100 0.056800 0.072900 0.092300 0.037500 0.112900 0.072400 0.060300 0.068600 0.044800 0.040900 0.045300 0.108300 0.045200 0.053300
CommonDuik 0.022500 0.150600 0.037900 0.185800 0.041900 0.018700 0.022400 0.034200 0.026400 0.092900 0.026400 0.041500 0.033600 0.000000 0.022500 0.018800 0.053000 0.061800 0.026300 0.026400 0.041600 0.018800 0.069000 0.065100 0.022600 0.026500 0.030000 0.034200 0.022600 0.042200 0.092900 0.007400 0.066000 0.030100 0.041900 0.053100 0.011200 0.037900 0.030000 0.057800 0.077100 0.010700 0.097600 0.049400 0.049300 0.049600 0.018500 0.030000 0.034200 0.088900 0.034100 0.034300
Suni 0.030200 0.164100 0.053500 0.190300 0.041800 0.026400 0.030000 0.049800 0.041800 0.101000 0.034200 0.049300 0.041300 0.022500 0.000000 0.034100 0.052900 0.069700 0.034100 0.041800 0.057300 0.026400 0.085000 0.081100 0.030300 0.042100 0.037700 0.049900 0.037900 0.050000 0.101000 0.022500 0.074000 0.037700 0.050000 0.060900 0.018700 0.045800 0.045600 0.065700 0.085100 0.026400 0.105800 0.065200 0.057000 0.049500 0.033800 0.030000 0.041900 0.092900 0.034100 0.050000
Springbuck 0.034200 0.155700 0.041900 0.186600 0.045900 0.030300 0.034000 0.038200 0.038100 0.105600 0.038300 0.053400 0.045300 0.018800 0.034100 0.000000 0.065000 0.066000 0.038100 0.038100 0.037900 0.030400 0.081300 0.077300 0.034400 0.022800 0.041700 0.046100 0.018800 0.054200 0.105600 0.026400 0.078500 0.041700 0.045900 0.057200 0.022600 0.042100 0.034100 0.070000 0.089500 0.007500 0.110400 0.061500 0.053300 0.061700 0.030000 0.041700 0.046000 0.093300 0.046000 0.046200
Okapi 0.061000 0.153500 0.045200 0.161100 0.056900 0.057000 0.060600 0.073100 0.049200 0.056300 0.057300 0.048800 0.064000 0.053000 0.052900 0.065000 0.000000 0.030000 0.057000 0.049200 0.080500 0.057200 0.064400 0.068400 0.053300 0.073400 0.060500 0.057200 0.068900 0.057400 0.056300 0.049100 0.065300 0.060500 0.065300 0.052600 0.049200 0.061000 0.068700 0.053200 0.064400 0.057000 0.060600 0.052800 0.048800 0.064700 0.064300 0.068400 0.073000 0.084000 0.041400 0.057300
Giraffe 0.069900 0.151200 0.061700 0.159100 0.069900 0.074000 0.077600 0.074200 0.057800 0.081100 0.074400 0.065300 0.089200 0.061800 0.069700 0.066000 0.030000 0.000000 0.073900 0.057800 0.073500 0.066100 0.073300 0.077400 0.070200 0.066400 0.085600 0.058100 0.069900 0.062300 0.081100 0.069700 0.066200 0.085700 0.090500 0.069200 0.065800 0.074100 0.077800 0.070100 0.073300 0.057800 0.077400 0.061500 0.073300 0.077700 0.073200 0.081600 0.086400 0.085200 0.057800 0.066200
TibetanAnt 0.026300 0.155300 0.049700 0.176900 0.053700 0.022500 0.033800 0.046000 0.038000 0.105400 0.030300 0.045500 0.037500 0.026300 0.034100 0.038100 0.057000 0.073900 0.000000 0.038000 0.053400 0.022700 0.089300 0.085400 0.026400 0.030400 0.033900 0.046000 0.041900 0.038300 0.105400 0.026400 0.078300 0.033900 0.046100 0.065000 0.015000 0.049600 0.049400 0.069900 0.097600 0.030200 0.101800 0.069400 0.061100 0.053600 0.037500 0.033900 0.038100 0.101300 0.038000 0.046100
Sitatunga 0.034200 0.146300 0.011200 0.177000 0.053800 0.030300 0.041700 0.053900 0.000000 0.088900 0.026600 0.029900 0.045200 0.026400 0.041800 0.038100 0.049200 0.057800 0.038000 0.000000 0.061400 0.026500 0.065100 0.061200 0.022700 0.038300 0.041600 0.007100 0.041900 0.022700 0.088900 0.034100 0.062000 0.041700 0.053500 0.049100 0.022600 0.049900 0.041800 0.053900 0.073100 0.030300 0.093500 0.045600 0.045300 0.061600 0.037700 0.041700 0.046000 0.093200 0.007500 0.007500
Oribi 0.049500 0.172600 0.065200 0.213200 0.069400 0.053500 0.057100 0.053600 0.061400 0.121700 0.061700 0.076800 0.068400 0.041600 0.057300 0.037900 0.080500 0.073500 0.053400 0.061400 0.000000 0.053600 0.097100 0.101300 0.057600 0.053800 0.064900 0.069600 0.045500 0.078000 0.121700 0.049400 0.094300 0.065000 0.069600 0.080700 0.045600 0.065500 0.065100 0.094100 0.105400 0.037800 0.126500 0.089100 0.076800 0.077200 0.052900 0.064900 0.069500 0.109100 0.069400 0.069700
BarbaryShe 0.018900 0.156000 0.038100 0.177600 0.046000 0.015000 0.026300 0.046100 0.026500 0.097400 0.015100 0.037800 0.029900 0.018800 0.026400 0.030400 0.057200 0.066100 0.022700 0.026500 0.053600 0.000000 0.081400 0.077400 0.011300 0.022800 0.026300 0.026600 0.034200 0.030600 0.097400 0.018800 0.062200 0.026300 0.038400 0.057300 0.007100 0.042100 0.041900 0.062000 0.089600 0.022700 0.102100 0.061500 0.053400 0.053700 0.030100 0.026300 0.030400 0.093400 0.026500 0.034500
Daviddeer 0.076900 0.158500 0.072800 0.198500 0.085200 0.072900 0.084800 0.097800 0.065100 0.052200 0.081600 0.072600 0.092200 0.069000 0.085000 0.081300 0.064400 0.073300 0.089300 0.065100 0.097100 0.081400 0.000000 0.041000 0.077400 0.090000 0.088700 0.073300 0.085200 0.073600 0.052200 0.076900 0.089900 0.088800 0.102100 0.084400 0.073000 0.081300 0.076900 0.033500 0.014600 0.073100 0.064200 0.025900 0.080500 0.089100 0.080400 0.084700 0.081300 0.104800 0.073100 0.073400
Reindeer 0.073000 0.172300 0.069000 0.203300 0.081300 0.069000 0.080800 0.093800 0.061200 0.063900 0.077600 0.076600 0.080200 0.065100 0.081100 0.077300 0.068400 0.077400 0.085400 0.061200 0.101300 0.077400 0.041000 0.000000 0.073500 0.086000 0.084800 0.069400 0.081200 0.069600 0.063900 0.073000 0.094100 0.084900 0.097900 0.088500 0.069100 0.077300 0.081000 0.029900 0.048700 0.069100 0.068200 0.014700 0.084600 0.093300 0.076500 0.080700 0.077400 0.100800 0.069200 0.069500
Ibex 0.022600 0.151600 0.034200 0.182300 0.042100 0.018800 0.030100 0.042300 0.022700 0.093400 0.003700 0.034000 0.033800 0.022600 0.030300 0.034400 0.053300 0.070200 0.026400 0.022700 0.057600 0.011300 0.077400 0.073500 0.000000 0.034400 0.030200 0.030500 0.038200 0.034500 0.093400 0.022600 0.058300 0.030200 0.042400 0.053400 0.011300 0.038100 0.037900 0.058100 0.085600 0.026400 0.098000 0.057600 0.049500 0.049800 0.033800 0.030200 0.034300 0.089400 0.022700 0.022900
GyrantGaze 0.034300 0.156700 0.050000 0.178600 0.054200 0.030400 0.041800 0.046300 0.038300 0.114600 0.038400 0.053700 0.045600 0.026500 0.042100 0.022800 0.073400 0.066400 0.030400 0.038300 0.053800 0.022800 0.090000 0.086000 0.034400 0.000000 0.041900 0.038500 0.026600 0.038600 0.114600 0.034300 0.078900 0.042000 0.046300 0.073600 0.022800 0.050000 0.049800 0.078600 0.098300 0.014400 0.119600 0.069900 0.069600 0.070100 0.037800 0.042000 0.046300 0.102100 0.046200 0.046500
Hartebeest 0.030100 0.167900 0.045400 0.189500 0.049400 0.026200 0.037500 0.057500 0.041600 0.104600 0.034100 0.041300 0.011000 0.030000 0.037700 0.041700 0.060500 0.085600 0.033900 0.041600 0.064900 0.026300 0.088700 0.084800 0.030200 0.041900 0.000000 0.049600 0.045500 0.049800 0.104600 0.030000 0.081800 0.007400 0.041900 0.060600 0.018600 0.045500 0.053200 0.069400 0.097000 0.033900 0.109400 0.068900 0.056800 0.065100 0.041200 0.037500 0.041700 0.104800 0.041600 0.049700
Bongo 0.042100 0.155900 0.018800 0.177800 0.062000 0.038200 0.049700 0.062100 0.007500 0.097500 0.034500 0.037700 0.053200 0.034200 0.049900 0.046100 0.057200 0.058100 0.046000 0.007100 0.069600 0.026600 0.073300 0.069400 0.030500 0.038500 0.049600 0.000000 0.049900 0.022800 0.097500 0.042000 0.062300 0.049700 0.053700 0.057100 0.030400 0.058100 0.041900 0.062100 0.081500 0.038200 0.102200 0.053600 0.053200 0.069900 0.045600 0.049700 0.054100 0.101800 0.015100 0.015100
Gerenuk 0.038000 0.159900 0.053600 0.190900 0.049800 0.034100 0.037800 0.042000 0.041900 0.109600 0.042100 0.057200 0.049100 0.022600 0.037900 0.018800 0.068900 0.069900 0.041900 0.041900 0.045500 0.034200 0.085200 0.081200 0.038200 0.026600 0.045500 0.049900 0.000000 0.058100 0.109600 0.030200 0.082400 0.045500 0.041600 0.069000 0.026400 0.045900 0.045700 0.073900 0.093500 0.011200 0.114400 0.069100 0.065100 0.065500 0.033800 0.045500 0.049900 0.097200 0.049800 0.050000
CommonElan 0.042300 0.156400 0.034300 0.168900 0.054100 0.038300 0.049800 0.070500 0.022700 0.089400 0.038500 0.037800 0.053400 0.042200 0.050000 0.054200 0.057400 0.062300 0.038300 0.022700 0.078000 0.030600 0.073600 0.069600 0.034500 0.038600 0.049800 0.022800 0.058100 0.000000 0.089400 0.042100 0.062500 0.049800 0.062600 0.057200 0.030500 0.050200 0.058000 0.054200 0.081700 0.046200 0.094100 0.053800 0.053400 0.061900 0.053600 0.041900 0.046300 0.102100 0.022800 0.022800
MuntiacusR 0.092700 0.194400 0.088700 0.197600 0.101200 0.088700 0.100700 0.122700 0.088900 0.000000 0.097600 0.088300 0.108200 0.092900 0.101000 0.105600 0.056300 0.081100 0.105400 0.088900 0.121700 0.097400 0.052200 0.063900 0.093400 0.114600 0.104600 0.097500 0.109600 0.089400 0.000000 0.088800 0.106000 0.104800 0.110300 0.092100 0.088900 0.097200 0.109300 0.044900 0.060000 0.097100 0.010800 0.048500 0.088200 0.113500 0.104500 0.100600 0.097300 0.121000 0.088900 0.097600
HarveysDui 0.022500 0.159400 0.045600 0.176300 0.041800 0.018700 0.022400 0.041900 0.034100 0.088800 0.026500 0.041500 0.033600 0.007400 0.022500 0.026400 0.049100 0.069700 0.026400 0.034100 0.049400 0.018800 0.076900 0.073000 0.022600 0.034300 0.030000 0.042000 0.030200 0.042100 0.088800 0.000000 0.065900 0.030000 0.038200 0.053000 0.011200 0.038000 0.037800 0.057700 0.085100 0.018700 0.093300 0.057200 0.045300 0.049500 0.026100 0.030000 0.034100 0.088800 0.034100 0.042100
Pronghorn 0.066000 0.184600 0.074000 0.196900 0.086500 0.070100 0.073700 0.086900 0.062000 0.106000 0.062400 0.061500 0.085300 0.066000 0.074000 0.078500 0.065300 0.066200 0.078300 0.062000 0.094300 0.062200 0.089900 0.094100 0.058300 0.078900 0.081800 0.062300 0.082400 0.062500 0.106000 0.065900 0.000000 0.073700 0.095500 0.073400 0.062000 0.082600 0.074000 0.078500 0.098300 0.070100 0.102400 0.077900 0.069400 0.086300 0.077500 0.081800 0.086700 0.093500 0.062000 0.062400
BlueWildeb 0.030100 0.168100 0.045400 0.189800 0.049400 0.026300 0.037600 0.057500 0.041700 0.104800 0.034100 0.041400 0.011000 0.030100 0.037700 0.041700 0.060500 0.085700 0.033900 0.041700 0.065000 0.026300 0.088800 0.084900 0.030200 0.042000 0.007400 0.049700 0.045500 0.049800 0.104800 0.030000 0.073700 0.000000 0.041900 0.060700 0.018700 0.045600 0.053300 0.069500 0.097100 0.033900 0.109500 0.068900 0.056800 0.065200 0.041300 0.037500 0.041700 0.096600 0.041700 0.049800
Gemsbok 0.042200 0.174200 0.057300 0.196900 0.054100 0.038300 0.049800 0.062000 0.053500 0.110300 0.046400 0.061600 0.045500 0.041900 0.050000 0.045900 0.065300 0.090500 0.046100 0.053500 0.069600 0.038400 0.102100 0.097900 0.042400 0.046300 0.041900 0.053700 0.041600 0.062600 0.110300 0.038200 0.095500 0.041900 0.000000 0.073500 0.030500 0.050200 0.057700 0.082700 0.110600 0.038000 0.115200 0.081600 0.061500 0.078200 0.053400 0.049800 0.054200 0.110500 0.054100 0.062000
Yak 0.061100 0.176300 0.045300 0.184100 0.073000 0.057100 0.060700 0.081400 0.049100 0.092100 0.057400 0.033400 0.064200 0.053100 0.060900 0.057200 0.052600 0.069200 0.065000 0.049100 0.080700 0.057300 0.084400 0.088500 0.053400 0.073600 0.060600 0.057100 0.069000 0.057200 0.092100 0.053000 0.073400 0.060700 0.073500 0.000000 0.049200 0.069100 0.068800 0.073100 0.092600 0.057100 0.096700 0.072600 0.011000 0.080900 0.064400 0.068600 0.073200 0.104500 0.049300 0.057200
BlueSheep 0.011200 0.146400 0.034100 0.176900 0.038000 0.007500 0.018700 0.038100 0.022600 0.088900 0.015100 0.030000 0.022300 0.011200 0.018700 0.022600 0.049200 0.065800 0.015000 0.022600 0.045600 0.007100 0.073000 0.069100 0.011300 0.022800 0.018600 0.030400 0.026400 0.030500 0.088900 0.011200 0.062000 0.018700 0.030500 0.049200 0.000000 0.034200 0.034000 0.053800 0.081200 0.015000 0.093500 0.053400 0.045400 0.045700 0.022400 0.018700 0.022600 0.084900 0.022600 0.030500
BohorReedb 0.045700 0.151000 0.053700 0.191000 0.015000 0.041800 0.045500 0.050000 0.049900 0.097200 0.042000 0.057300 0.049100 0.037900 0.045800 0.042100 0.061000 0.074100 0.049600 0.049900 0.065500 0.042100 0.081300 0.077300 0.038100 0.050000 0.045500 0.058100 0.045900 0.050200 0.097200 0.038000 0.082600 0.045600 0.050200 0.069100 0.034200 0.000000 0.053500 0.061900 0.089500 0.034100 0.101900 0.061500 0.065200 0.057600 0.049200 0.045600 0.049900 0.097400 0.049900 0.058200
KirksDik 0.045500 0.159300 0.053400 0.209100 0.057600 0.041600 0.037600 0.057700 0.041800 0.109300 0.041900 0.057100 0.056800 0.030000 0.045600 0.034100 0.068700 0.077800 0.049400 0.041800 0.065100 0.041900 0.076900 0.081000 0.037900 0.049800 0.053200 0.041900 0.045700 0.058000 0.109300 0.037800 0.074000 0.053300 0.057700 0.068800 0.034000 0.053500 0.000000 0.065700 0.093200 0.033900 0.114100 0.065200 0.064900 0.049500 0.041200 0.053200 0.057700 0.105300 0.049700 0.049900
RoeDeer 0.057700 0.165000 0.061700 0.186600 0.065800 0.053700 0.057500 0.086600 0.053900 0.044900 0.062200 0.061300 0.072900 0.057800 0.065700 0.070000 0.053200 0.070100 0.069900 0.053900 0.094100 0.062000 0.033500 0.029900 0.058100 0.078600 0.069400 0.062100 0.073900 0.054200 0.044900 0.057700 0.078500 0.069500 0.082700 0.073100 0.053800 0.061900 0.065700 0.000000 0.041200 0.061800 0.049100 0.014900 0.069200 0.077800 0.069200 0.065400 0.061900 0.093400 0.053900 0.062200
WhiteLippe 0.085100 0.172200 0.080900 0.198500 0.085200 0.081000 0.093000 0.106300 0.073100 0.060000 0.089800 0.080600 0.092300 0.077100 0.085100 0.089500 0.064400 0.073300 0.097600 0.073100 0.105400 0.089600 0.014600 0.048700 0.085600 0.098300 0.097000 0.081500 0.093500 0.081700 0.060000 0.085100 0.098300 0.097100 0.110600 0.092600 0.081200 0.089500 0.093200 0.041200 0.000000 0.081200 0.072100 0.033400 0.088600 0.093100 0.088500 0.092900 0.085300 0.109000 0.073100 0.081600
ThomsonGaz 0.026300 0.146400 0.041800 0.177000 0.038000 0.022500 0.026200 0.030400 0.030300 0.097100 0.030300 0.045500 0.037500 0.010700 0.026400 0.007500 0.057000 0.057800 0.030200 0.030300 0.037800 0.022700 0.073100 0.069100 0.026400 0.014400 0.033900 0.038200 0.011200 0.046200 0.097100 0.018700 0.070100 0.033900 0.038000 0.057100 0.015000 0.034100 0.033900 0.061800 0.081200 0.000000 0.101800 0.053400 0.053200 0.053600 0.022300 0.033900 0.038100 0.085000 0.038000 0.038200
MuntiacusC 0.089100 0.200300 0.093300 0.203400 0.106000 0.093300 0.105400 0.127700 0.093500 0.010800 0.102300 0.092800 0.112900 0.097600 0.105800 0.110400 0.060600 0.077400 0.101800 0.093500 0.126500 0.102100 0.064200 0.068200 0.098000 0.119600 0.109400 0.102200 0.114400 0.094100 0.010800 0.093300 0.102400 0.109500 0.115200 0.096700 0.093500 0.101900 0.114100 0.049100 0.072100 0.101800 0.000000 0.052700 0.092700 0.118400 0.109200 0.105300 0.102000 0.117300 0.093500 0.102400
WhiteTaile 0.057200 0.154600 0.053300 0.185200 0.065400 0.053300 0.065000 0.077700 0.045600 0.048500 0.061700 0.060900 0.072400 0.049400 0.065200 0.061500 0.052800 0.061500 0.069400 0.045600 0.089100 0.061500 0.025900 0.014700 0.057600 0.069900 0.068900 0.053600 0.069100 0.053800 0.048500 0.057200 0.077900 0.068900 0.081600 0.072600 0.053400 0.061500 0.065200 0.014900 0.033400 0.053400 0.052700 0.000000 0.068700 0.077300 0.060800 0.064900 0.061500 0.092800 0.053500 0.053700
Cattle 0.057200 0.172000 0.049200 0.188900 0.069100 0.053300 0.056800 0.077400 0.041600 0.088200 0.053500 0.029700 0.060300 0.049300 0.057000 0.053300 0.048800 0.073300 0.061100 0.045300 0.076800 0.053400 0.080500 0.084600 0.049500 0.069600 0.056800 0.053200 0.065100 0.053400 0.088200 0.045300 0.069400 0.056800 0.061500 0.011000 0.045400 0.065200 0.064900 0.069200 0.088600 0.053200 0.092700 0.068700 0.000000 0.077000 0.060600 0.064700 0.069200 0.100500 0.045400 0.053300
RoyalAntel 0.057600 0.159200 0.073500 0.194500 0.053600 0.053600 0.057200 0.069800 0.061600 0.113500 0.053900 0.069000 0.068600 0.049600 0.049500 0.061700 0.064700 0.077700 0.053600 0.061600 0.077200 0.053700 0.089100 0.093300 0.049800 0.070100 0.065100 0.069900 0.065500 0.061900 0.113500 0.049500 0.086300 0.065200 0.078200 0.080900 0.045700 0.057600 0.049500 0.077800 0.093100 0.053600 0.118400 0.077300 0.077000 0.000000 0.061000 0.057200 0.045700 0.113600 0.053600 0.070000
Steenbok 0.033700 0.162700 0.049200 0.202800 0.053300 0.029900 0.033500 0.045500 0.037700 0.104500 0.037700 0.052800 0.044800 0.018500 0.033800 0.030000 0.064300 0.073200 0.037500 0.037700 0.052900 0.030100 0.080400 0.076500 0.033800 0.037800 0.041200 0.045600 0.033800 0.053600 0.104500 0.026100 0.077500 0.041300 0.053400 0.064400 0.022400 0.049200 0.041200 0.069200 0.088500 0.022300 0.109200 0.060800 0.060600 0.061000 0.000000 0.041300 0.045500 0.100500 0.045400 0.045700
Impala 0.030100 0.158900 0.053300 0.189500 0.049400 0.026300 0.037500 0.057500 0.041700 0.100600 0.034100 0.049100 0.040900 0.030000 0.030000 0.041700 0.068400 0.081600 0.033900 0.041700 0.064900 0.026300 0.084700 0.080700 0.030200 0.042000 0.037500 0.049700 0.045500 0.041900 0.100600 0.030000 0.081800 0.037500 0.049800 0.068600 0.018700 0.045600 0.053200 0.065400 0.092900 0.033900 0.105300 0.064900 0.064700 0.057200 0.041300 0.000000 0.034000 0.104800 0.041700 0.049800
Klipspring 0.034200 0.155800 0.057700 0.196000 0.053800 0.030300 0.041700 0.062000 0.046000 0.097300 0.038300 0.053400 0.045300 0.034200 0.041900 0.046000 0.073000 0.086400 0.038100 0.046000 0.069500 0.030400 0.081300 0.077400 0.034300 0.046300 0.041700 0.054100 0.049900 0.046300 0.097300 0.034100 0.086700 0.041700 0.054200 0.073200 0.022600 0.049900 0.057700 0.061900 0.085300 0.038100 0.102000 0.061500 0.069200 0.045700 0.045500 0.034000 0.000000 0.101600 0.046000 0.054200
ForestMusk 0.080900 0.184700 0.105300 0.226000 0.097200 0.093100 0.096700 0.110100 0.093200 0.121000 0.093600 0.092500 0.108300 0.088900 0.092900 0.093300 0.084000 0.085200 0.101300 0.093200 0.109100 0.093400 0.104800 0.100800 0.089400 0.102100 0.104800 0.101800 0.097200 0.102100 0.121000 0.088800 0.093500 0.096600 0.110500 0.104500 0.084900 0.097400 0.105300 0.093400 0.109000 0.085000 0.117300 0.092800 0.100500 0.113600 0.100500 0.104800 0.101600 0.000000 0.089000 0.102000
Bushbuck 0.034200 0.150900 0.018800 0.167800 0.045900 0.030300 0.041700 0.061900 0.007500 0.088900 0.026600 0.030100 0.045200 0.034100 0.034100 0.046000 0.041400 0.057800 0.038000 0.007500 0.069400 0.026500 0.073100 0.069200 0.022700 0.046200 0.041600 0.015100 0.049800 0.022800 0.088900 0.034100 0.062000 0.041700 0.054100 0.049300 0.022600 0.049900 0.049700 0.053900 0.073100 0.038000 0.093500 0.053500 0.045400 0.053600 0.045400 0.041700 0.046000 0.089000 0.000000 0.015100
GreaterKud 0.042200 0.156200 0.018900 0.187200 0.062100 0.038300 0.049800 0.054200 0.007500 0.097600 0.026800 0.037800 0.053300 0.034300 0.050000 0.046200 0.057300 0.066200 0.046100 0.007500 0.069700 0.034500 0.073400 0.069500 0.022900 0.046500 0.049700 0.015100 0.050000 0.022800 0.097600 0.042100 0.062400 0.049800 0.062000 0.057200 0.030500 0.058200 0.049900 0.062200 0.081600 0.038200 0.102400 0.053700 0.053300 0.070000 0.045700 0.049800 0.054200 0.102000 0.015100 0.000000
