1
52 1
Argali 0.000000 0.243700 0.040200 0.178100 0.071700 0.000000 0.029900 0.039900 0.040400 0.050300 0.000100 0.040000 0.029800 0.019700 0.019700 0.040400 0.040100 0.061400 0.019700 0.062000 0.029900 0.009800 0.060800 0.069800 0.000100 0.040400 0.029800 0.051000 0.051000 0.062100 0.050700 0.029900 0.095200 0.029800 0.010000 0.029600 0.000100 0.060200 0.039700 0.059800 0.040200 0.061400 0.040200 0.069800 0.029500 0.039400 0.019700 0.029600 0.019700 0.040300 0.030000 0.051000
LesserMous 0.243700 0.000000 0.242800 0.295300 0.285700 0.243700 0.256300 0.268500 0.243500 0.281900 0.245700 0.241200 0.282100 0.241200 0.268000 0.244400 0.242200 0.273000 0.266900 0.275100 0.256200 0.255100 0.298200 0.275000 0.245700 0.244400 0.282100 0.258900 0.259900 0.304900 0.270700 0.255700 0.281100 0.282100 0.259900 0.251300 0.241800 0.294400 0.266700 0.263500 0.269900 0.272900 0.269900 0.275000 0.251400 0.263200 0.241200 0.252700 0.240400 0.229600 0.255500 0.259100
LesserKudu 0.040200 0.242800 0.000000 0.177900 0.093100 0.040200 0.050400 0.039800 0.050500 0.071100 0.040500 0.039900 0.071000 0.039900 0.060500 0.061200 0.060700 0.082600 0.060200 0.051200 0.050400 0.050200 0.082000 0.069700 0.040500 0.061200 0.071000 0.040400 0.051000 0.061900 0.071800 0.050400 0.113900 0.071000 0.051000 0.049700 0.039900 0.081100 0.060100 0.059700 0.060900 0.082700 0.060900 0.069700 0.049700 0.059600 0.039900 0.049800 0.039800 0.040200 0.060700 0.040400
KillerWhal 0.178100 0.295300 0.177900 0.000000 0.216100 0.178100 0.189900 0.201400 0.153400 0.239600 0.179500 0.201500 0.213600 0.176500 0.201200 0.203600 0.177400 0.204900 0.175900 0.155600 0.189800 0.164800 0.254100 0.234200 0.179500 0.203600 0.213600 0.142400 0.192300 0.207000 0.242400 0.189900 0.213500 0.213600 0.192200 0.187100 0.176800 0.225200 0.200000 0.223000 0.228000 0.229900 0.228000 0.234200 0.187100 0.197900 0.176500 0.187700 0.176300 0.190300 0.190200 0.166500
DefassaWat 0.071700 0.285700 0.093100 0.216100 0.000000 0.071700 0.040200 0.071200 0.093500 0.125700 0.071500 0.071200 0.103400 0.050200 0.071100 0.071900 0.071400 0.093800 0.092100 0.117200 0.060900 0.081800 0.137600 0.101500 0.071500 0.071900 0.103400 0.105100 0.083200 0.117300 0.127000 0.040200 0.114300 0.103400 0.083100 0.060200 0.071200 0.029200 0.070700 0.091300 0.115200 0.093800 0.115200 0.101500 0.060100 0.070200 0.050200 0.060300 0.071100 0.061100 0.082300 0.105100
Sheep 0.000000 0.243700 0.040200 0.178100 0.071700 0.000000 0.029900 0.039900 0.040400 0.050300 0.000100 0.040000 0.029800 0.019700 0.019700 0.040400 0.040100 0.061400 0.019700 0.062000 0.029900 0.009800 0.060800 0.069800 0.000100 0.040400 0.029800 0.051000 0.051000 0.062100 0.050700 0.029900 0.095200 0.029800 0.010000 0.029600 0.000100 0.060200 0.039700 0.059800 0.040200 0.061400 0.040200 0.069800 0.029500 0.039400 0.019700 0.029600 0.019700 0.040300 0.030000 0.051000
MaxwellsDu 0.029900 0.256300 0.050400 0.189900 0.040200 0.029900 0.000000 0.029600 0.050600 0.081600 0.030100 0.029700 0.060400 0.009800 0.029700 0.029900 0.029800 0.050700 0.049800 0.072600 0.019700 0.039900 0.092600 0.059400 0.030100 0.029900 0.060400 0.061400 0.040300 0.072600 0.082400 0.000100 0.081400 0.060400 0.040000 0.019600 0.029700 0.049700 0.029500 0.049400 0.071300 0.050500 0.071300 0.059400 0.019500 0.029300 0.009600 0.019600 0.029700 0.030000 0.040100 0.061400
GazellaPrz 0.039900 0.268500 0.039800 0.201400 0.071200 0.039900 0.029600 0.000000 0.060800 0.091900 0.040200 0.039700 0.070600 0.019300 0.039600 0.019500 0.039800 0.060900 0.059900 0.083000 0.009600 0.049900 0.103100 0.069500 0.040200 0.019500 0.070600 0.071700 0.029500 0.083000 0.092800 0.029700 0.091700 0.070600 0.050400 0.029400 0.039700 0.059800 0.039500 0.059400 0.081600 0.039400 0.081600 0.069500 0.029400 0.039200 0.019200 0.029400 0.039600 0.040000 0.050100 0.071700
MountainNy 0.040400 0.243500 0.050500 0.153400 0.093500 0.040400 0.050600 0.060800 0.000000 0.071400 0.040600 0.040100 0.071300 0.040000 0.060800 0.061400 0.060900 0.083000 0.039900 0.019900 0.050600 0.029900 0.082300 0.070100 0.040600 0.061400 0.071300 0.009700 0.072500 0.083700 0.072100 0.050600 0.114500 0.071300 0.051200 0.050000 0.040100 0.081400 0.060500 0.060000 0.061200 0.083000 0.061200 0.070100 0.049900 0.060000 0.040000 0.050100 0.040000 0.040400 0.050000 0.029800
MuntiacusM 0.050300 0.281900 0.071100 0.239600 0.125700 0.050300 0.081600 0.091900 0.071400 0.000000 0.050600 0.070700 0.060200 0.070600 0.070600 0.092900 0.092100 0.093000 0.070300 0.094000 0.081600 0.060200 0.049900 0.058900 0.050600 0.092900 0.060200 0.082500 0.104400 0.072200 0.019600 0.081600 0.146900 0.060200 0.061200 0.080600 0.049900 0.113000 0.091400 0.029100 0.009700 0.093100 0.009700 0.058900 0.080500 0.069700 0.070600 0.080800 0.070600 0.071300 0.081700 0.061100
goat 0.000100 0.245700 0.040500 0.179500 0.071500 0.000100 0.030100 0.040200 0.040600 0.050600 0.000000 0.040200 0.030000 0.019900 0.019900 0.040600 0.040300 0.061800 0.019800 0.062500 0.030100 0.009900 0.061200 0.070300 0.000000 0.040600 0.030000 0.051400 0.051400 0.062500 0.051100 0.030100 0.092900 0.030000 0.010000 0.029800 0.000100 0.059400 0.040000 0.060200 0.040500 0.061800 0.040500 0.070300 0.029700 0.039600 0.019900 0.029800 0.019900 0.040600 0.030200 0.051400
AfricanBuf 0.040000 0.241200 0.039900 0.201500 0.071200 0.040000 0.029700 0.039700 0.040100 0.070700 0.040200 0.000000 0.049800 0.019600 0.039700 0.040100 0.039800 0.060900 0.059900 0.061600 0.029700 0.049900 0.081500 0.049000 0.040200 0.040100 0.049800 0.050700 0.050700 0.083100 0.071400 0.029700 0.081200 0.049800 0.050700 0.029400 0.039700 0.059800 0.039500 0.039200 0.060600 0.060900 0.060600 0.049000 0.029400 0.039200 0.019600 0.029400 0.039600 0.019800 0.050200 0.050700
Topi 0.029800 0.282100 0.071000 0.213600 0.103400 0.029800 0.060400 0.070600 0.071300 0.060200 0.030000 0.049800 0.000000 0.049800 0.049800 0.071300 0.070800 0.071500 0.049600 0.093900 0.060400 0.039700 0.070800 0.100700 0.030000 0.071300 0.000000 0.082400 0.082400 0.072200 0.060700 0.060400 0.113400 0.000000 0.040300 0.059700 0.029600 0.091200 0.070200 0.090500 0.050100 0.071500 0.050100 0.100700 0.059600 0.069600 0.049800 0.059800 0.049800 0.071200 0.060500 0.082400
CommonDuik 0.019700 0.241200 0.039900 0.176500 0.050200 0.019700 0.009800 0.019300 0.040000 0.070600 0.019900 0.019600 0.049800 0.000000 0.019600 0.019300 0.019700 0.040100 0.039500 0.061500 0.009600 0.029600 0.081400 0.049000 0.019900 0.019700 0.049800 0.050600 0.029900 0.061500 0.071300 0.009800 0.070400 0.049800 0.029900 0.009700 0.019600 0.039400 0.019500 0.039200 0.060500 0.040000 0.060500 0.049000 0.009700 0.019400 0.000000 0.009700 0.019600 0.019800 0.029700 0.050600
Suni 0.019700 0.268000 0.060500 0.201200 0.071100 0.019700 0.029700 0.039600 0.060800 0.070600 0.019900 0.039700 0.049800 0.019600 0.000000 0.040000 0.039800 0.060900 0.039500 0.083000 0.029700 0.029600 0.081400 0.069400 0.019900 0.040000 0.049800 0.071700 0.050600 0.083000 0.071300 0.029700 0.091600 0.049800 0.030000 0.029400 0.019600 0.059800 0.039400 0.059400 0.060500 0.060900 0.060500 0.069400 0.029400 0.039100 0.019600 0.029300 0.039600 0.040000 0.050100 0.071700
Springbuck 0.040400 0.244400 0.061200 0.203600 0.071900 0.040400 0.029900 0.019500 0.061400 0.092900 0.040600 0.040100 0.071300 0.019300 0.040000 0.000000 0.040200 0.061600 0.060500 0.083900 0.009700 0.050400 0.104200 0.070100 0.040600 0.000000 0.071300 0.072500 0.009700 0.084000 0.093800 0.030000 0.092600 0.071300 0.051000 0.029700 0.040100 0.060400 0.039800 0.060000 0.082500 0.019700 0.082500 0.070100 0.029700 0.039500 0.019700 0.029700 0.040000 0.040400 0.050700 0.072500
Okapi 0.040100 0.242200 0.060700 0.177400 0.071400 0.040100 0.029800 0.039800 0.060900 0.092100 0.040300 0.039800 0.070800 0.019700 0.039800 0.040200 0.000000 0.019400 0.060100 0.083300 0.029800 0.050000 0.103300 0.069600 0.040300 0.040200 0.070800 0.071900 0.050800 0.083300 0.093000 0.029800 0.070700 0.070800 0.050800 0.029400 0.039800 0.060000 0.039600 0.059600 0.081900 0.061100 0.081900 0.069600 0.029400 0.039300 0.019700 0.029500 0.039700 0.040100 0.050300 0.071900
Giraffe 0.061400 0.273000 0.082600 0.204900 0.093800 0.061400 0.050700 0.060900 0.083000 0.093000 0.061800 0.060900 0.071500 0.040100 0.060900 0.061600 0.019400 0.000000 0.081800 0.106400 0.050700 0.071500 0.104400 0.091300 0.061800 0.061600 0.071500 0.094500 0.072700 0.084200 0.094000 0.050700 0.092800 0.071500 0.072700 0.050100 0.061000 0.081700 0.060600 0.081000 0.082700 0.061700 0.082700 0.091300 0.050100 0.060200 0.040100 0.050200 0.060900 0.061500 0.071900 0.094500
TibetanAnt 0.019700 0.266900 0.060200 0.175900 0.092100 0.019700 0.049800 0.059900 0.039900 0.070300 0.019800 0.059900 0.049600 0.039500 0.039500 0.060500 0.060100 0.081800 0.000000 0.061300 0.049800 0.009700 0.081000 0.089800 0.019800 0.060500 0.049600 0.050400 0.071400 0.082700 0.071000 0.049800 0.112800 0.049600 0.029900 0.049300 0.019500 0.080300 0.059600 0.079700 0.060200 0.081800 0.060200 0.089800 0.049200 0.059100 0.039500 0.049400 0.039400 0.060400 0.049900 0.071400
Sitatunga 0.062000 0.275100 0.051200 0.155600 0.117200 0.062000 0.072600 0.083000 0.019900 0.094000 0.062500 0.061600 0.093900 0.061500 0.083000 0.083900 0.083300 0.106400 0.061300 0.000000 0.072500 0.051000 0.105500 0.092200 0.062500 0.083900 0.093900 0.009900 0.073500 0.084900 0.095000 0.072600 0.138600 0.093900 0.073500 0.071600 0.061600 0.104300 0.082500 0.081900 0.083600 0.106400 0.083600 0.092200 0.071600 0.081800 0.061500 0.071800 0.061500 0.062100 0.071700 0.030200
Oribi 0.029900 0.256200 0.050400 0.189800 0.060900 0.029900 0.019700 0.009600 0.050600 0.081600 0.030100 0.029700 0.060400 0.009600 0.029700 0.009700 0.029800 0.050700 0.049800 0.072500 0.000000 0.039900 0.092600 0.059400 0.030100 0.009600 0.060400 0.061400 0.019300 0.072500 0.082400 0.019800 0.081400 0.060400 0.040300 0.019600 0.029700 0.049800 0.029600 0.049500 0.071300 0.029500 0.071300 0.059400 0.019600 0.029300 0.009600 0.019600 0.029700 0.030000 0.040100 0.061400
BarbaryShe 0.009800 0.255100 0.050200 0.164800 0.081800 0.009800 0.039900 0.049900 0.029900 0.060200 0.009900 0.049900 0.039700 0.029600 0.029600 0.050400 0.050000 0.071500 0.009700 0.051000 0.039900 0.000000 0.070900 0.079800 0.009900 0.050400 0.039700 0.040300 0.061200 0.072300 0.060800 0.039900 0.102500 0.039700 0.019900 0.039400 0.009800 0.070200 0.049600 0.069700 0.050200 0.071500 0.050200 0.079800 0.039400 0.049200 0.029600 0.039500 0.029600 0.050300 0.039900 0.061200
Daviddeer 0.060800 0.298200 0.082000 0.254100 0.137600 0.060800 0.092600 0.103100 0.082300 0.049900 0.061200 0.081500 0.070800 0.081400 0.081400 0.104200 0.103300 0.104400 0.081000 0.105500 0.092600 0.070900 0.000000 0.090100 0.061200 0.104200 0.070800 0.093700 0.116000 0.105500 0.050300 0.092600 0.159000 0.070800 0.072000 0.091400 0.060400 0.102500 0.102400 0.080000 0.039900 0.104500 0.039900 0.090100 0.091400 0.101600 0.081400 0.091600 0.081300 0.082200 0.092800 0.093700
Reindeer 0.069800 0.275000 0.069700 0.234200 0.101500 0.069800 0.059400 0.069500 0.070100 0.058900 0.070300 0.049000 0.100700 0.049000 0.069400 0.070100 0.069600 0.091300 0.089800 0.092200 0.059400 0.079800 0.090100 0.000000 0.070300 0.070100 0.100700 0.080900 0.080900 0.113800 0.059400 0.059400 0.122100 0.100700 0.080900 0.038700 0.069300 0.089700 0.069100 0.028200 0.049100 0.091300 0.049100 0.000000 0.038700 0.048400 0.049000 0.058900 0.069300 0.049400 0.080200 0.080900
Ibex 0.000100 0.245700 0.040500 0.179500 0.071500 0.000100 0.030100 0.040200 0.040600 0.050600 0.000000 0.040200 0.030000 0.019900 0.019900 0.040600 0.040300 0.061800 0.019800 0.062500 0.030100 0.009900 0.061200 0.070300 0.000000 0.040600 0.030000 0.051400 0.051400 0.062500 0.051100 0.030100 0.092900 0.030000 0.010000 0.029800 0.000100 0.059400 0.040000 0.060200 0.040500 0.061800 0.040500 0.070300 0.029700 0.039600 0.019900 0.029800 0.019900 0.040600 0.030200 0.051400
GyrantGaze 0.040400 0.244400 0.061200 0.203600 0.071900 0.040400 0.029900 0.019500 0.061400 0.092900 0.040600 0.040100 0.071300 0.019700 0.040000 0.000000 0.040200 0.061600 0.060500 0.083900 0.009600 0.050400 0.104200 0.070100 0.040600 0.000000 0.071300 0.072500 0.009700 0.084000 0.093800 0.030000 0.092600 0.071300 0.051000 0.029700 0.040100 0.060400 0.039800 0.060000 0.082500 0.019400 0.082500 0.070100 0.029700 0.039500 0.019400 0.029700 0.040000 0.040400 0.050700 0.072500
Hartebeest 0.029800 0.282100 0.071000 0.213600 0.103400 0.029800 0.060400 0.070600 0.071300 0.060200 0.030000 0.049800 0.000000 0.049800 0.049800 0.071300 0.070800 0.071500 0.049600 0.093900 0.060400 0.039700 0.070800 0.100700 0.030000 0.071300 0.000000 0.082400 0.082400 0.072200 0.060700 0.060400 0.113400 0.000000 0.040300 0.059700 0.029600 0.091200 0.070200 0.090500 0.050100 0.071500 0.050100 0.100700 0.059600 0.069600 0.049800 0.059800 0.049800 0.071200 0.060500 0.082400
Bongo 0.051000 0.258900 0.040400 0.142400 0.105100 0.051000 0.061400 0.071700 0.009700 0.082500 0.051400 0.050700 0.082400 0.050600 0.071700 0.072500 0.071900 0.094500 0.050400 0.009900 0.061400 0.040300 0.093700 0.080900 0.051400 0.072500 0.082400 0.000000 0.062100 0.073300 0.083300 0.061400 0.126300 0.082400 0.062100 0.060600 0.050700 0.092700 0.071300 0.070700 0.072200 0.094500 0.072200 0.080900 0.060600 0.070700 0.050600 0.060800 0.050500 0.051100 0.060700 0.019900
Gerenuk 0.051000 0.259900 0.051000 0.192300 0.083200 0.051000 0.040300 0.029500 0.072500 0.104400 0.051400 0.050700 0.082400 0.029900 0.050600 0.009700 0.050800 0.072700 0.071400 0.073500 0.019300 0.061200 0.116000 0.080900 0.051400 0.009700 0.082400 0.062100 0.000000 0.073500 0.105400 0.040500 0.104100 0.082400 0.060200 0.040000 0.050700 0.071300 0.050300 0.070800 0.093900 0.029900 0.093900 0.080900 0.040000 0.049900 0.029900 0.040100 0.050600 0.051100 0.061500 0.062100
CommonElan 0.062100 0.304900 0.061900 0.207000 0.117300 0.062100 0.072600 0.083000 0.083700 0.072200 0.062500 0.083100 0.072200 0.061500 0.083000 0.084000 0.083300 0.084200 0.082700 0.084900 0.072500 0.072300 0.105500 0.113800 0.062500 0.084000 0.072200 0.073300 0.073500 0.000000 0.095000 0.072600 0.138700 0.072200 0.073500 0.071600 0.061700 0.104400 0.082500 0.081700 0.083600 0.084200 0.083600 0.113800 0.071600 0.081800 0.061500 0.071800 0.061500 0.083900 0.051200 0.051800
MuntiacusR 0.050700 0.270700 0.071800 0.242400 0.127000 0.050700 0.082400 0.092800 0.072100 0.019600 0.051100 0.071400 0.060700 0.071300 0.071300 0.093800 0.093000 0.094000 0.071000 0.095000 0.082400 0.060800 0.050300 0.059400 0.051100 0.093800 0.060700 0.083300 0.105400 0.095000 0.000000 0.082400 0.148300 0.060700 0.061800 0.081300 0.050400 0.114000 0.092300 0.049500 0.009800 0.094000 0.009800 0.058500 0.081300 0.070400 0.071300 0.081500 0.071200 0.072000 0.082500 0.083300
HarveysDui 0.029900 0.255700 0.050400 0.189900 0.040200 0.029900 0.000100 0.029700 0.050600 0.081600 0.030100 0.029700 0.060400 0.009800 0.029700 0.030000 0.029800 0.050700 0.049800 0.072600 0.019800 0.039900 0.092600 0.059400 0.030100 0.030000 0.060400 0.061400 0.040500 0.072600 0.082400 0.000000 0.081400 0.060400 0.040500 0.019500 0.029700 0.049700 0.029500 0.049400 0.071300 0.050700 0.071300 0.059400 0.019500 0.029300 0.009800 0.019600 0.029700 0.030000 0.040100 0.061400
Pronghorn 0.095200 0.281100 0.113900 0.213500 0.114300 0.095200 0.081400 0.091700 0.114500 0.146900 0.092900 0.081200 0.113400 0.070400 0.091600 0.092600 0.070700 0.092800 0.112800 0.138600 0.081400 0.102500 0.159000 0.122100 0.092900 0.092600 0.113400 0.126300 0.104100 0.138700 0.148300 0.081400 0.000000 0.113400 0.104000 0.080400 0.091600 0.101900 0.069300 0.111800 0.136300 0.114900 0.136300 0.122100 0.080300 0.090400 0.070400 0.080600 0.091500 0.092400 0.103000 0.126300
BlueWildeb 0.029800 0.282100 0.071000 0.213600 0.103400 0.029800 0.060400 0.070600 0.071300 0.060200 0.030000 0.049800 0.000000 0.049800 0.049800 0.071300 0.070800 0.071500 0.049600 0.093900 0.060400 0.039700 0.070800 0.100700 0.030000 0.071300 0.000000 0.082400 0.082400 0.072200 0.060700 0.060400 0.113400 0.000000 0.040300 0.059700 0.029600 0.091200 0.070200 0.090500 0.050100 0.071500 0.050100 0.100700 0.059600 0.069600 0.049800 0.059800 0.049800 0.071200 0.060500 0.082400
Gemsbok 0.010000 0.259900 0.051000 0.192200 0.083100 0.010000 0.040000 0.050400 0.051200 0.061200 0.010000 0.050700 0.040300 0.029900 0.030000 0.051000 0.050800 0.072700 0.029900 0.073500 0.040300 0.019900 0.072000 0.080900 0.010000 0.051000 0.040300 0.062100 0.060200 0.073500 0.061800 0.040500 0.104000 0.040300 0.000000 0.040000 0.009900 0.071200 0.050300 0.070700 0.051000 0.072400 0.051000 0.080900 0.039900 0.049900 0.029900 0.040000 0.030000 0.051100 0.040500 0.062100
Yak 0.029600 0.251300 0.049700 0.187100 0.060200 0.029600 0.019600 0.029400 0.050000 0.080600 0.029800 0.029400 0.059700 0.009700 0.029400 0.029700 0.029400 0.050100 0.049300 0.071600 0.019600 0.039400 0.091400 0.038700 0.029800 0.029700 0.059700 0.060600 0.040000 0.071600 0.081300 0.019500 0.080400 0.059700 0.040000 0.000000 0.029400 0.049200 0.029200 0.048900 0.070400 0.050100 0.070400 0.038700 0.000100 0.029000 0.009700 0.019400 0.029300 0.029600 0.039600 0.060600
BlueSheep 0.000100 0.241800 0.039900 0.176800 0.071200 0.000100 0.029700 0.039700 0.040100 0.049900 0.000100 0.039700 0.029600 0.019600 0.019600 0.040100 0.039800 0.061000 0.019500 0.061600 0.029700 0.009800 0.060400 0.069300 0.000100 0.040100 0.029600 0.050700 0.050700 0.061700 0.050400 0.029700 0.091600 0.029600 0.009900 0.029400 0.000000 0.059800 0.039500 0.059400 0.039900 0.061000 0.039900 0.069300 0.029400 0.039100 0.019600 0.029400 0.019600 0.040000 0.029800 0.050700
BohorReedb 0.060200 0.294400 0.081100 0.225200 0.029200 0.060200 0.049700 0.059800 0.081400 0.113000 0.059400 0.059800 0.091200 0.039400 0.059800 0.060400 0.060000 0.081700 0.080300 0.104300 0.049800 0.070200 0.102500 0.089700 0.059400 0.060400 0.091200 0.092700 0.071300 0.104400 0.114000 0.049700 0.101900 0.091200 0.071200 0.049200 0.059800 0.000000 0.059500 0.079600 0.102600 0.081700 0.102600 0.089700 0.049100 0.059000 0.039400 0.049300 0.059700 0.060300 0.070600 0.092700
KirksDik 0.039700 0.266700 0.060100 0.200000 0.070700 0.039700 0.029500 0.039500 0.060500 0.091400 0.040000 0.039500 0.070200 0.019500 0.039400 0.039800 0.039600 0.060600 0.059600 0.082500 0.029600 0.049600 0.102400 0.069100 0.040000 0.039800 0.070200 0.071300 0.050300 0.082500 0.092300 0.029500 0.069300 0.070200 0.050300 0.029200 0.039500 0.059500 0.000000 0.059100 0.081200 0.060500 0.081200 0.069100 0.029200 0.039000 0.019500 0.029300 0.039400 0.039800 0.049900 0.071300
RoeDeer 0.059800 0.263500 0.059700 0.223000 0.091300 0.059800 0.049400 0.059400 0.060000 0.029100 0.060200 0.039200 0.090500 0.039200 0.059400 0.060000 0.059600 0.081000 0.079700 0.081900 0.049500 0.069700 0.080000 0.028200 0.060200 0.060000 0.090500 0.070700 0.070800 0.081700 0.049500 0.049400 0.111800 0.090500 0.070700 0.048900 0.059400 0.079600 0.059100 0.000000 0.039100 0.081000 0.038600 0.028700 0.048900 0.038700 0.039200 0.049000 0.059300 0.039500 0.070100 0.049900
WhiteLippe 0.040200 0.269900 0.060900 0.228000 0.115200 0.040200 0.071300 0.081600 0.061200 0.009700 0.040500 0.060600 0.050100 0.060500 0.060500 0.082500 0.081900 0.082700 0.060200 0.083600 0.071300 0.050200 0.039900 0.049100 0.040500 0.082500 0.050100 0.072200 0.093900 0.083600 0.009800 0.071300 0.136300 0.050100 0.051000 0.070400 0.039900 0.102600 0.081200 0.039100 0.000000 0.082700 0.000000 0.049100 0.070400 0.059700 0.060500 0.070600 0.060400 0.061100 0.071400 0.072200
ThomsonGaz 0.061400 0.272900 0.082700 0.229900 0.093800 0.061400 0.050500 0.039400 0.083000 0.093100 0.061800 0.060900 0.071500 0.040000 0.060900 0.019700 0.061100 0.061700 0.081800 0.106400 0.029500 0.071500 0.104500 0.091300 0.061800 0.019400 0.071500 0.094500 0.029900 0.084200 0.094000 0.050700 0.114900 0.071500 0.072400 0.050100 0.061000 0.081700 0.060500 0.081000 0.082700 0.000000 0.082700 0.091300 0.050100 0.060100 0.040000 0.050200 0.060800 0.061500 0.071900 0.094500
MuntiacusC 0.040200 0.269900 0.060900 0.228000 0.115200 0.040200 0.071300 0.081600 0.061200 0.009700 0.040500 0.060600 0.050100 0.060500 0.060500 0.082500 0.081900 0.082700 0.060200 0.083600 0.071300 0.050200 0.039900 0.049100 0.040500 0.082500 0.050100 0.072200 0.093900 0.083600 0.009800 0.071300 0.136300 0.050100 0.051000 0.070400 0.039900 0.102600 0.081200 0.038600 0.000000 0.082700 0.000000 0.049100 0.070400 0.059700 0.060500 0.070600 0.060400 0.061100 0.071400 0.072200
WhiteTaile 0.069800 0.275000 0.069700 0.234200 0.101500 0.069800 0.059400 0.069500 0.070100 0.058900 0.070300 0.049000 0.100700 0.049000 0.069400 0.070100 0.069600 0.091300 0.089800 0.092200 0.059400 0.079800 0.090100 0.000000 0.070300 0.070100 0.100700 0.080900 0.080900 0.113800 0.058500 0.059400 0.122100 0.100700 0.080900 0.038700 0.069300 0.089700 0.069100 0.028700 0.049100 0.091300 0.049100 0.000000 0.038700 0.048400 0.049000 0.058900 0.069300 0.049400 0.080200 0.080900
Cattle 0.029500 0.251400 0.049700 0.187100 0.060100 0.029500 0.019500 0.029400 0.049900 0.080500 0.029700 0.029400 0.059600 0.009700 0.029400 0.029700 0.029400 0.050100 0.049200 0.071600 0.019600 0.039400 0.091400 0.038700 0.029700 0.029700 0.059600 0.060600 0.040000 0.071600 0.081300 0.019500 0.080300 0.059600 0.039900 0.000100 0.029400 0.049100 0.029200 0.048900 0.070400 0.050100 0.070400 0.038700 0.000000 0.029000 0.009700 0.019400 0.029300 0.029600 0.039600 0.060600
RoyalAntel 0.039400 0.263200 0.059600 0.197900 0.070200 0.039400 0.029300 0.039200 0.060000 0.069700 0.039600 0.039200 0.069600 0.019400 0.039100 0.039500 0.039300 0.060200 0.059100 0.081800 0.029300 0.049200 0.101600 0.048400 0.039600 0.039500 0.069600 0.070700 0.049900 0.081800 0.070400 0.029300 0.090400 0.069600 0.049900 0.029000 0.039100 0.059000 0.039000 0.038700 0.059700 0.060100 0.059700 0.048400 0.029000 0.000000 0.019400 0.029100 0.039100 0.039500 0.049500 0.070700
Steenbok 0.019700 0.241200 0.039900 0.176500 0.050200 0.019700 0.009600 0.019200 0.040000 0.070600 0.019900 0.019600 0.049800 0.000000 0.019600 0.019700 0.019700 0.040100 0.039500 0.061500 0.009600 0.029600 0.081400 0.049000 0.019900 0.019400 0.049800 0.050600 0.029900 0.061500 0.071300 0.009800 0.070400 0.049800 0.029900 0.009700 0.019600 0.039400 0.019500 0.039200 0.060500 0.040000 0.060500 0.049000 0.009700 0.019400 0.000000 0.009700 0.019600 0.019800 0.029700 0.050600
Impala 0.029600 0.252700 0.049800 0.187700 0.060300 0.029600 0.019600 0.029400 0.050100 0.080800 0.029800 0.029400 0.059800 0.009700 0.029300 0.029700 0.029500 0.050200 0.049400 0.071800 0.019600 0.039500 0.091600 0.058900 0.029800 0.029700 0.059800 0.060800 0.040100 0.071800 0.081500 0.019600 0.080600 0.059800 0.040000 0.019400 0.029400 0.049300 0.029300 0.049000 0.070600 0.050200 0.070600 0.058900 0.019400 0.029100 0.009700 0.000000 0.029400 0.029700 0.039700 0.060800
Klipspring 0.019700 0.240400 0.039800 0.176300 0.071100 0.019700 0.029700 0.039600 0.040000 0.070600 0.019900 0.039600 0.049800 0.019600 0.039600 0.040000 0.039700 0.060900 0.039400 0.061500 0.029700 0.029600 0.081300 0.069300 0.019900 0.040000 0.049800 0.050500 0.050600 0.061500 0.071200 0.029700 0.091500 0.049800 0.030000 0.029300 0.019600 0.059700 0.039400 0.059300 0.060400 0.060800 0.060400 0.069300 0.029300 0.039100 0.019600 0.029400 0.000000 0.040100 0.029700 0.050500
ForestMusk 0.040300 0.229600 0.040200 0.190300 0.061100 0.040300 0.030000 0.040000 0.040400 0.071300 0.040600 0.019800 0.071200 0.019800 0.040000 0.040400 0.040100 0.061500 0.060400 0.062100 0.030000 0.050300 0.082200 0.049400 0.040600 0.040400 0.071200 0.051100 0.051100 0.083900 0.072000 0.030000 0.092400 0.071200 0.051100 0.029600 0.040000 0.060300 0.039800 0.039500 0.061100 0.061500 0.061100 0.049400 0.029600 0.039500 0.019800 0.029700 0.040100 0.000000 0.050600 0.051100
Bushbuck 0.030000 0.255500 0.060700 0.190200 0.082300 0.030000 0.040100 0.050100 0.050000 0.081700 0.030200 0.050200 0.060500 0.029700 0.050100 0.050700 0.050300 0.071900 0.049900 0.071700 0.040100 0.039900 0.092800 0.080200 0.030200 0.050700 0.060500 0.060700 0.061500 0.051200 0.082500 0.040100 0.103000 0.060500 0.040500 0.039600 0.029800 0.070600 0.049900 0.070100 0.071400 0.071900 0.071400 0.080200 0.039600 0.049500 0.029700 0.039700 0.029700 0.050600 0.000000 0.060600
GreaterKud 0.051000 0.259100 0.040400 0.166500 0.105100 0.051000 0.061400 0.071700 0.029800 0.061100 0.051400 0.050700 0.082400 0.050600 0.071700 0.072500 0.071900 0.094500 0.071400 0.030200 0.061400 0.061200 0.093700 0.080900 0.051400 0.072500 0.082400 0.019900 0.062100 0.051800 0.083300 0.061400 0.126300 0.082400 0.062100 0.060600 0.050700 0.092700 0.071300 0.049900 0.072200 0.094500 0.072200 0.080900 0.060600 0.070700 0.050600 0.060800 0.050500 0.051100 0.060600 0.000000
