1
52 1
Argali 0.000000 0.613100 0.215800 0.586600 0.241500 0.011900 0.210600 0.260800 0.230000 0.339700 0.112600 0.220100 0.119400 0.201100 0.246300 0.205800 0.311700 0.304100 0.166500 0.237100 0.197800 0.141900 0.292800 0.299900 0.113900 0.198600 0.119100 0.221500 0.265300 0.220200 0.340500 0.199900 0.380600 0.119800 0.129500 0.249200 0.113100 0.209000 0.165800 0.329200 0.292800 0.232700 0.357100 0.320800 0.239300 0.188000 0.236700 0.314800 0.254100 0.286500 0.233800 0.203300
LesserMous 0.613100 0.000000 0.550500 0.613100 0.704700 0.599500 0.624500 0.623000 0.588100 0.606000 0.645900 0.559200 0.618900 0.569900 0.550900 0.648100 0.601400 0.617100 0.650500 0.560100 0.578100 0.686400 0.644500 0.630100 0.609900 0.580300 0.616200 0.539000 0.622000 0.583600 0.609900 0.566900 0.813300 0.618400 0.625100 0.580000 0.626600 0.650900 0.526600 0.619900 0.645900 0.607300 0.628100 0.733100 0.573400 0.610200 0.552100 0.688800 0.582000 0.557200 0.598500 0.558700
LesserKudu 0.215800 0.550500 0.000000 0.619100 0.184100 0.202800 0.167500 0.169400 0.104400 0.166900 0.236300 0.125400 0.150200 0.107000 0.191300 0.211600 0.187000 0.181900 0.206500 0.107800 0.152300 0.241200 0.161400 0.165600 0.206500 0.153000 0.149900 0.092000 0.209700 0.091500 0.167300 0.106400 0.274800 0.150700 0.160500 0.130300 0.204900 0.150400 0.151000 0.190900 0.161300 0.188400 0.184000 0.223200 0.149600 0.144100 0.176700 0.184900 0.159300 0.158700 0.106200 0.076000
KillerWhal 0.586600 0.613100 0.619100 0.000000 0.723200 0.573700 0.745400 0.670400 0.583700 0.652500 0.618700 0.628500 0.571000 0.638600 0.751700 0.745100 0.631600 0.644800 0.634600 0.630000 0.644800 0.680900 0.638500 0.625000 0.629700 0.647700 0.568100 0.631400 0.759000 0.578900 0.656100 0.636500 0.740500 0.570800 0.600400 0.597000 0.623900 0.670500 0.638000 0.697500 0.637800 0.707300 0.673900 0.717500 0.588600 0.625700 0.636100 0.761000 0.703600 0.631700 0.572000 0.602200
DefassaWat 0.241500 0.704700 0.184100 0.723200 0.000000 0.228700 0.179400 0.164700 0.199200 0.313000 0.229600 0.188000 0.145900 0.135700 0.186000 0.222000 0.285300 0.277500 0.200300 0.205800 0.180500 0.234200 0.263900 0.270900 0.200700 0.181300 0.145400 0.189200 0.252300 0.188000 0.313800 0.135100 0.373700 0.146300 0.156100 0.253900 0.199200 0.027600 0.179000 0.300900 0.263900 0.217100 0.331400 0.334600 0.243300 0.188600 0.218900 0.251600 0.188600 0.257900 0.202600 0.170500
Sheep 0.011900 0.599500 0.202800 0.573700 0.228700 0.000000 0.197800 0.247900 0.217000 0.325500 0.100800 0.206900 0.106800 0.188000 0.234000 0.193200 0.298600 0.291300 0.153800 0.223800 0.184900 0.129900 0.279200 0.285900 0.101900 0.185600 0.106600 0.208100 0.253000 0.206900 0.326300 0.186800 0.365600 0.107200 0.117300 0.236800 0.101200 0.196300 0.153000 0.314700 0.279100 0.219500 0.342900 0.306700 0.226700 0.174700 0.224100 0.301600 0.240700 0.273100 0.220600 0.190100
MaxwellsDu 0.210600 0.624500 0.167500 0.745400 0.179400 0.197800 0.000000 0.148400 0.182500 0.292800 0.230500 0.171200 0.146600 0.088500 0.139700 0.157600 0.266500 0.260300 0.201300 0.188600 0.132200 0.202500 0.245500 0.251800 0.201500 0.132700 0.146200 0.172200 0.202700 0.171100 0.290800 0.088000 0.305200 0.147100 0.156900 0.237200 0.200000 0.146700 0.100600 0.280800 0.245400 0.166200 0.311000 0.313700 0.226400 0.154000 0.156600 0.199100 0.138000 0.240100 0.185700 0.153900
GazellaPrz 0.260800 0.623000 0.169400 0.670400 0.164700 0.247900 0.148400 0.000000 0.184500 0.295600 0.248700 0.156400 0.163900 0.089400 0.171700 0.191200 0.269900 0.298400 0.220400 0.155700 0.133600 0.253200 0.248000 0.254500 0.219500 0.134100 0.163500 0.174000 0.204900 0.173000 0.296600 0.088900 0.376500 0.164400 0.173800 0.223200 0.217800 0.164100 0.132400 0.243600 0.245800 0.168000 0.313900 0.317200 0.212200 0.189700 0.172500 0.167700 0.139400 0.206700 0.187700 0.155600
MountainNy 0.230000 0.588100 0.104400 0.583700 0.199200 0.217000 0.182500 0.184500 0.000000 0.182600 0.217400 0.107600 0.132700 0.090000 0.173500 0.192800 0.201700 0.196800 0.186800 0.090700 0.134500 0.221700 0.142300 0.146000 0.188200 0.135100 0.132400 0.078500 0.191100 0.044300 0.183100 0.089500 0.250800 0.133100 0.174900 0.175500 0.186800 0.165200 0.133400 0.169200 0.142300 0.169300 0.199700 0.201400 0.163900 0.123400 0.128000 0.202800 0.140500 0.140000 0.058800 0.059700
MuntiacusM 0.339700 0.606000 0.166900 0.652500 0.313000 0.325500 0.292800 0.295600 0.182600 0.000000 0.326300 0.207600 0.232500 0.185900 0.314800 0.341200 0.270700 0.301900 0.278900 0.152400 0.235800 0.334000 0.065900 0.066900 0.293200 0.237200 0.231700 0.134900 0.337300 0.170000 0.000000 0.185100 0.206400 0.233200 0.279300 0.206300 0.290900 0.271800 0.233700 0.068900 0.065900 0.279100 0.016400 0.121100 0.230400 0.226400 0.242400 0.278800 0.209000 0.204000 0.186000 0.151400
goat 0.112600 0.645900 0.236300 0.618700 0.229600 0.100800 0.230500 0.248700 0.217400 0.326300 0.000000 0.207200 0.079300 0.157100 0.266400 0.194100 0.334600 0.363000 0.124400 0.223900 0.154500 0.102900 0.279700 0.286600 0.024600 0.155100 0.079100 0.208400 0.254600 0.207200 0.327100 0.156200 0.366400 0.079600 0.117700 0.237700 0.075200 0.197100 0.153200 0.315500 0.279600 0.172300 0.343600 0.346600 0.227600 0.175000 0.207400 0.267400 0.207800 0.273700 0.221000 0.190400
AfricanBuf 0.220100 0.559200 0.125400 0.628500 0.188000 0.206900 0.171200 0.156400 0.107600 0.207600 0.207200 0.000000 0.120700 0.076900 0.161900 0.215900 0.207300 0.237100 0.175300 0.111200 0.122500 0.211400 0.164700 0.169100 0.177500 0.122900 0.120400 0.094900 0.230300 0.094500 0.208300 0.076400 0.280500 0.121100 0.163900 0.071000 0.176000 0.153700 0.121300 0.194100 0.164700 0.157500 0.225600 0.227600 0.058000 0.110600 0.130700 0.191600 0.127900 0.144000 0.109500 0.077900
Topi 0.119400 0.618900 0.150200 0.571000 0.145900 0.106800 0.146600 0.163900 0.132700 0.232500 0.079300 0.120700 0.000000 0.072800 0.185000 0.142800 0.247100 0.275800 0.071800 0.137000 0.101500 0.109200 0.189900 0.194600 0.052900 0.101900 0.000000 0.121300 0.203600 0.120600 0.232800 0.072400 0.266300 0.000000 0.039900 0.186800 0.052500 0.114600 0.100600 0.220000 0.189800 0.134200 0.249700 0.252000 0.175500 0.120600 0.140500 0.181300 0.121000 0.185700 0.135000 0.104400
CommonDuik 0.201100 0.569900 0.107000 0.638600 0.135700 0.188000 0.088500 0.089400 0.090000 0.185900 0.157100 0.076900 0.072800 0.000000 0.113700 0.131500 0.203900 0.233100 0.122800 0.093000 0.043600 0.160200 0.144900 0.148600 0.128500 0.043800 0.072700 0.077200 0.145500 0.076700 0.186500 0.000100 0.255000 0.073100 0.115000 0.146000 0.127500 0.103700 0.043200 0.172300 0.144800 0.074600 0.203300 0.205100 0.133800 0.092700 0.084300 0.105700 0.045500 0.141700 0.091600 0.060800
Suni 0.246300 0.550900 0.191300 0.751700 0.186000 0.234000 0.139700 0.171700 0.173500 0.314800 0.266400 0.161900 0.185000 0.113700 0.000000 0.180000 0.271200 0.264200 0.206600 0.212500 0.155900 0.271700 0.267900 0.274500 0.238100 0.156500 0.184500 0.196600 0.192700 0.195300 0.315900 0.113000 0.393200 0.185600 0.194000 0.225200 0.236500 0.154400 0.124900 0.265200 0.267900 0.189500 0.332700 0.335300 0.214700 0.178400 0.106600 0.221500 0.162400 0.245300 0.209400 0.178400
Springbuck 0.205800 0.648100 0.211600 0.745100 0.222000 0.193200 0.157600 0.191200 0.192800 0.341200 0.194100 0.215900 0.142800 0.131500 0.180000 0.000000 0.349100 0.339900 0.196500 0.233800 0.112200 0.197700 0.292000 0.299400 0.166200 0.112600 0.142500 0.217400 0.151000 0.216000 0.340100 0.130700 0.336000 0.143300 0.153000 0.279700 0.165000 0.188700 0.112000 0.330000 0.291800 0.144100 0.359500 0.362900 0.269700 0.198200 0.150400 0.243000 0.148800 0.285600 0.230300 0.198500
Okapi 0.311700 0.601400 0.187000 0.631600 0.285300 0.298600 0.266500 0.269900 0.201700 0.270700 0.334600 0.207300 0.247100 0.203900 0.271200 0.349100 0.000000 0.173100 0.290800 0.208600 0.250400 0.341300 0.227800 0.231100 0.303600 0.251600 0.246300 0.191800 0.345300 0.190500 0.271700 0.202500 0.304000 0.247900 0.290700 0.239600 0.266400 0.284000 0.213800 0.258800 0.227700 0.291000 0.288400 0.290800 0.263100 0.242500 0.240600 0.310600 0.262200 0.183600 0.205300 0.172700
Giraffe 0.304100 0.617100 0.181900 0.644800 0.277500 0.291300 0.260300 0.298400 0.196800 0.301900 0.363000 0.237100 0.275800 0.233100 0.264200 0.339900 0.173100 0.000000 0.320900 0.238300 0.279500 0.332800 0.258000 0.261700 0.332000 0.280800 0.274900 0.221400 0.336400 0.185700 0.303100 0.232400 0.295800 0.276600 0.283000 0.267600 0.329400 0.241600 0.242300 0.291800 0.257900 0.320900 0.319700 0.322300 0.292000 0.272600 0.268500 0.358800 0.292400 0.212100 0.166800 0.202100
TibetanAnt 0.166500 0.650500 0.206500 0.634600 0.200300 0.153800 0.201300 0.220400 0.186800 0.278900 0.124400 0.175300 0.071800 0.122800 0.206600 0.196500 0.290800 0.320900 0.000000 0.193200 0.120600 0.157300 0.231900 0.237900 0.096700 0.121100 0.071700 0.176400 0.227000 0.175200 0.279500 0.122200 0.318200 0.072100 0.113500 0.242900 0.096000 0.166200 0.119500 0.266600 0.231800 0.155200 0.297200 0.300000 0.231700 0.140900 0.177600 0.240100 0.157900 0.226700 0.190100 0.157500
Sitatunga 0.237100 0.560100 0.107800 0.630000 0.205800 0.223800 0.188600 0.155700 0.090700 0.152400 0.223900 0.111200 0.137000 0.093000 0.212500 0.233800 0.208600 0.238300 0.193200 0.000000 0.138900 0.228800 0.147300 0.151200 0.194100 0.139500 0.136600 0.015100 0.231500 0.077300 0.152800 0.092400 0.218700 0.137400 0.180400 0.181000 0.192600 0.170600 0.137700 0.155800 0.147200 0.175000 0.169700 0.208900 0.169000 0.127500 0.164000 0.174700 0.111400 0.144900 0.092300 0.030400
Oribi 0.197800 0.578100 0.152300 0.644800 0.180500 0.184900 0.132200 0.133600 0.134500 0.235800 0.154500 0.122500 0.101500 0.043600 0.155900 0.112200 0.250400 0.279500 0.120600 0.138900 0.000000 0.157500 0.192400 0.197400 0.126300 0.028000 0.101300 0.123000 0.126600 0.122300 0.236600 0.043300 0.267200 0.101800 0.143300 0.189300 0.125400 0.147600 0.027900 0.223100 0.192400 0.057300 0.253300 0.255600 0.178000 0.138400 0.096400 0.150400 0.090500 0.188200 0.136800 0.105900
BarbaryShe 0.141900 0.686400 0.241200 0.680900 0.234200 0.129900 0.202500 0.253200 0.221700 0.334000 0.102900 0.211400 0.109200 0.160200 0.271700 0.197700 0.341300 0.332800 0.157300 0.228800 0.157500 0.000000 0.285900 0.293000 0.104100 0.158100 0.109200 0.212700 0.258900 0.211400 0.334800 0.159500 0.352300 0.109600 0.148700 0.241700 0.103400 0.201000 0.156200 0.323900 0.285800 0.191500 0.351700 0.354900 0.231200 0.178600 0.211400 0.273100 0.212100 0.279700 0.225400 0.194300
Daviddeer 0.292800 0.644500 0.161400 0.638500 0.263900 0.279200 0.245500 0.248000 0.142300 0.065900 0.279700 0.164700 0.189900 0.144900 0.267900 0.292000 0.227800 0.258000 0.231900 0.147300 0.192400 0.285900 0.000000 0.032200 0.248300 0.193400 0.189300 0.130400 0.289000 0.129500 0.066100 0.144300 0.242600 0.190400 0.234600 0.200000 0.246500 0.226000 0.190800 0.050400 0.000000 0.231900 0.082600 0.083300 0.223100 0.182600 0.200300 0.269400 0.201900 0.128800 0.144900 0.112100
Reindeer 0.299900 0.630100 0.165600 0.625000 0.270900 0.285900 0.251800 0.254500 0.146000 0.066900 0.286600 0.169100 0.194600 0.148600 0.274500 0.299400 0.231100 0.261700 0.237900 0.151200 0.197400 0.293000 0.032200 0.000000 0.254400 0.198400 0.194000 0.133900 0.296400 0.132900 0.067100 0.148000 0.246500 0.195300 0.240500 0.204900 0.252400 0.231900 0.195600 0.051200 0.032200 0.238000 0.083800 0.084500 0.228900 0.187200 0.205200 0.276500 0.207300 0.165800 0.148600 0.115000
Ibex 0.113900 0.609900 0.206500 0.629700 0.200700 0.101900 0.201500 0.219500 0.188200 0.293200 0.024600 0.177500 0.052900 0.128500 0.238100 0.166200 0.303600 0.332000 0.096700 0.194100 0.126300 0.104100 0.248300 0.254400 0.000000 0.126800 0.052800 0.178500 0.226200 0.177500 0.293800 0.127800 0.330900 0.053100 0.091500 0.240900 0.050100 0.168800 0.125300 0.281800 0.248300 0.143500 0.310400 0.313100 0.230700 0.177400 0.179500 0.237500 0.178000 0.243100 0.191400 0.161000
GyrantGaze 0.198600 0.580300 0.153000 0.647700 0.181300 0.185600 0.132700 0.134100 0.135100 0.237200 0.155100 0.122900 0.101900 0.043800 0.156500 0.112600 0.251600 0.280800 0.121100 0.139500 0.028000 0.158100 0.193400 0.198400 0.126800 0.000000 0.101700 0.123600 0.127000 0.122800 0.237900 0.043500 0.268600 0.102200 0.143900 0.190100 0.125900 0.148200 0.028000 0.224400 0.193400 0.029900 0.254800 0.257000 0.178600 0.139100 0.096800 0.151100 0.090900 0.189200 0.137400 0.106400
Hartebeest 0.119100 0.616200 0.149900 0.568100 0.145400 0.106600 0.146200 0.163500 0.132400 0.231700 0.079100 0.120400 0.000000 0.072700 0.184500 0.142500 0.246300 0.274900 0.071700 0.136600 0.101300 0.109200 0.189300 0.194000 0.052800 0.101700 0.000000 0.121000 0.203200 0.120300 0.231900 0.072200 0.265400 0.000100 0.039900 0.186300 0.052400 0.114400 0.100400 0.219200 0.189300 0.133900 0.248900 0.251100 0.175000 0.120200 0.140200 0.180900 0.120800 0.185200 0.134600 0.104200
Bongo 0.221500 0.539000 0.092000 0.631400 0.189200 0.208100 0.172200 0.174000 0.078500 0.134900 0.208400 0.094900 0.121300 0.077200 0.196600 0.217400 0.191800 0.221400 0.176400 0.015100 0.123000 0.212700 0.130400 0.133900 0.178500 0.123600 0.121000 0.000000 0.215200 0.061600 0.135300 0.076800 0.199600 0.121700 0.164800 0.165300 0.177100 0.154500 0.121900 0.138000 0.130400 0.158500 0.152100 0.190700 0.153100 0.111200 0.148600 0.158200 0.095100 0.128300 0.076700 0.015100
Gerenuk 0.265300 0.622000 0.209700 0.759000 0.252300 0.253000 0.202700 0.204900 0.191100 0.337300 0.254600 0.230300 0.203600 0.145500 0.192700 0.151000 0.345300 0.336400 0.227000 0.231500 0.126600 0.258900 0.289000 0.296400 0.226200 0.127000 0.203200 0.215200 0.000000 0.214000 0.338600 0.144700 0.375300 0.204200 0.212300 0.292900 0.223800 0.218500 0.125500 0.326300 0.288900 0.159200 0.355300 0.318600 0.283300 0.246800 0.134000 0.256700 0.196300 0.283200 0.228100 0.196600
CommonElan 0.220200 0.583600 0.091500 0.578900 0.188000 0.206900 0.171100 0.173000 0.044300 0.170000 0.207200 0.094500 0.120600 0.076700 0.195300 0.216000 0.190500 0.185700 0.175200 0.077300 0.122300 0.211400 0.129500 0.132900 0.177500 0.122800 0.120300 0.061600 0.214000 0.000000 0.170500 0.076300 0.197600 0.121000 0.163800 0.164500 0.176100 0.153500 0.121200 0.156000 0.129400 0.157400 0.187500 0.189100 0.152300 0.110500 0.147600 0.191500 0.127800 0.127400 0.045100 0.045800
MuntiacusR 0.340500 0.609900 0.167300 0.656100 0.313800 0.326300 0.290800 0.296600 0.183100 0.000000 0.327100 0.208300 0.232800 0.186500 0.315900 0.340100 0.271700 0.303100 0.279500 0.152800 0.236600 0.334800 0.066100 0.067100 0.293800 0.237900 0.231900 0.135300 0.338600 0.170500 0.000000 0.185700 0.202100 0.233600 0.279800 0.207000 0.291500 0.272400 0.234500 0.069100 0.066100 0.280000 0.016400 0.121500 0.231200 0.222500 0.243200 0.279700 0.209600 0.204600 0.186500 0.151800
HarveysDui 0.199900 0.566900 0.106400 0.636500 0.135100 0.186800 0.088000 0.088900 0.089500 0.185100 0.156200 0.076400 0.072400 0.000100 0.113000 0.130700 0.202500 0.232400 0.122200 0.092400 0.043300 0.159500 0.144300 0.148000 0.127800 0.043500 0.072200 0.076800 0.144700 0.076300 0.185700 0.000000 0.253900 0.072700 0.114500 0.145200 0.126800 0.103100 0.042900 0.171600 0.144300 0.074200 0.202400 0.204200 0.133100 0.092100 0.083900 0.105100 0.045200 0.141100 0.091100 0.060400
Pronghorn 0.380600 0.813300 0.274800 0.740500 0.373700 0.365600 0.305200 0.376500 0.250800 0.206400 0.366400 0.280500 0.266300 0.255000 0.393200 0.336000 0.304000 0.295800 0.318200 0.218700 0.267200 0.352300 0.242600 0.246500 0.330900 0.268600 0.265400 0.199600 0.375300 0.197600 0.202100 0.253900 0.000000 0.267100 0.317200 0.354700 0.327900 0.328000 0.264500 0.254200 0.242400 0.314100 0.225700 0.316700 0.343400 0.258500 0.290900 0.358900 0.282100 0.275000 0.255000 0.217300
BlueWildeb 0.119800 0.618400 0.150700 0.570800 0.146300 0.107200 0.147100 0.164400 0.133100 0.233200 0.079600 0.121100 0.000000 0.073100 0.185600 0.143300 0.247900 0.276600 0.072100 0.137400 0.101800 0.109600 0.190400 0.195300 0.053100 0.102200 0.000100 0.121700 0.204200 0.121000 0.233600 0.072700 0.267100 0.000000 0.040100 0.187300 0.052700 0.115000 0.101000 0.220700 0.190400 0.134700 0.250500 0.252800 0.176000 0.121000 0.141000 0.181900 0.121500 0.186300 0.135400 0.104800
Gemsbok 0.129500 0.625100 0.160500 0.600400 0.156100 0.117300 0.156900 0.173800 0.174900 0.279300 0.117700 0.163900 0.039900 0.115000 0.194000 0.153000 0.290700 0.283000 0.113500 0.180400 0.143300 0.148700 0.234600 0.240500 0.091500 0.143900 0.039900 0.164800 0.212300 0.163800 0.279800 0.114500 0.317200 0.040100 0.000000 0.227500 0.090900 0.125500 0.142200 0.267800 0.234600 0.177000 0.296400 0.299200 0.216900 0.163900 0.180900 0.224800 0.164500 0.229700 0.177900 0.147400
Yak 0.249200 0.580000 0.130300 0.597000 0.253900 0.236800 0.237200 0.223200 0.175500 0.206300 0.237700 0.071000 0.186800 0.146000 0.225200 0.279700 0.239600 0.267600 0.242900 0.181000 0.189300 0.241700 0.200000 0.204900 0.240900 0.190100 0.186300 0.165300 0.292900 0.164500 0.207000 0.145200 0.354700 0.187300 0.227500 0.000000 0.238400 0.219700 0.187800 0.230600 0.199900 0.225300 0.222800 0.261200 0.039900 0.148100 0.179800 0.258500 0.197400 0.213200 0.178500 0.147900
BlueSheep 0.113100 0.626600 0.204900 0.623900 0.199200 0.101200 0.200000 0.217800 0.186800 0.290900 0.075200 0.176000 0.052500 0.127500 0.236500 0.165000 0.266400 0.329400 0.096000 0.192600 0.125400 0.103400 0.246500 0.252400 0.050100 0.125900 0.052400 0.177100 0.223800 0.176100 0.291500 0.126800 0.327900 0.052700 0.090900 0.238400 0.000000 0.167600 0.124400 0.279700 0.246400 0.157600 0.307900 0.310600 0.228200 0.176100 0.178300 0.220100 0.176700 0.241300 0.189900 0.159800
BohorReedb 0.209000 0.650900 0.150400 0.670500 0.027600 0.196300 0.146700 0.164100 0.165200 0.271800 0.197100 0.153700 0.114600 0.103700 0.154400 0.188700 0.284000 0.241600 0.166200 0.170600 0.147600 0.201000 0.226000 0.231900 0.168800 0.148200 0.114400 0.154500 0.218500 0.153500 0.272400 0.103100 0.328000 0.115000 0.125500 0.219700 0.167600 0.000000 0.146300 0.259600 0.226000 0.182400 0.289700 0.292300 0.208700 0.154100 0.186000 0.215700 0.154100 0.221000 0.168000 0.136800
KirksDik 0.165800 0.526600 0.151000 0.638000 0.179000 0.153000 0.100600 0.132400 0.133400 0.233700 0.153200 0.121300 0.100600 0.043200 0.124900 0.112000 0.213800 0.242300 0.119500 0.137700 0.027900 0.156200 0.190800 0.195600 0.125300 0.028000 0.100400 0.121900 0.125500 0.121200 0.234500 0.042900 0.264500 0.101000 0.142200 0.187800 0.124400 0.146300 0.000000 0.221100 0.190800 0.057200 0.251100 0.253200 0.176400 0.137200 0.082000 0.149100 0.089700 0.186600 0.135700 0.105000
RoeDeer 0.329200 0.619900 0.190900 0.697500 0.300900 0.314700 0.280800 0.243600 0.169200 0.068900 0.315500 0.194100 0.220000 0.172300 0.265200 0.330000 0.258800 0.291800 0.266600 0.155800 0.223100 0.323900 0.050400 0.051200 0.281800 0.224400 0.219200 0.138000 0.326300 0.156000 0.069100 0.171600 0.254200 0.220700 0.267800 0.230600 0.279700 0.259600 0.221100 0.000000 0.050400 0.266700 0.086400 0.106000 0.255800 0.213300 0.230500 0.245200 0.213600 0.153800 0.172400 0.137200
WhiteLippe 0.292800 0.645900 0.161300 0.637800 0.263900 0.279100 0.245400 0.245800 0.142300 0.065900 0.279600 0.164700 0.189800 0.144800 0.267900 0.291800 0.227700 0.257900 0.231800 0.147200 0.192400 0.285800 0.000000 0.032200 0.248300 0.193400 0.189300 0.130400 0.288900 0.129400 0.066100 0.144300 0.242400 0.190400 0.234600 0.199900 0.246400 0.226000 0.190800 0.050400 0.000000 0.231800 0.082500 0.083300 0.223100 0.182500 0.200200 0.269300 0.201900 0.128700 0.144800 0.112100
ThomsonGaz 0.232700 0.607300 0.188400 0.707300 0.217100 0.219500 0.166200 0.168000 0.169300 0.279100 0.172300 0.157500 0.134200 0.074600 0.189500 0.144100 0.291000 0.320900 0.155200 0.175000 0.057300 0.191500 0.231900 0.238000 0.143500 0.029900 0.133900 0.158500 0.159200 0.157400 0.280000 0.074200 0.314100 0.134700 0.177000 0.225300 0.157600 0.182400 0.057200 0.266700 0.231800 0.000000 0.297400 0.300100 0.214100 0.174400 0.127400 0.186000 0.124100 0.226700 0.172300 0.140200
MuntiacusC 0.357100 0.628100 0.184000 0.673900 0.331400 0.342900 0.311000 0.313900 0.199700 0.016400 0.343600 0.225600 0.249700 0.203300 0.332700 0.359500 0.288400 0.319700 0.297200 0.169700 0.253300 0.351700 0.082600 0.083800 0.310400 0.254800 0.248900 0.152100 0.355300 0.187500 0.016400 0.202400 0.225700 0.250500 0.296400 0.222800 0.307900 0.289700 0.251100 0.086400 0.082500 0.297400 0.000000 0.138700 0.247500 0.244600 0.259200 0.297100 0.226900 0.221500 0.203400 0.168600
WhiteTaile 0.320800 0.733100 0.223200 0.717500 0.334600 0.306700 0.313700 0.317200 0.201400 0.121100 0.346600 0.227600 0.252000 0.205100 0.335300 0.362900 0.290800 0.322300 0.300000 0.208900 0.255600 0.354900 0.083300 0.084500 0.313100 0.257000 0.251100 0.190700 0.318600 0.189100 0.121500 0.204200 0.316700 0.252800 0.299200 0.261200 0.310600 0.292300 0.253200 0.106000 0.083300 0.300100 0.138700 0.000000 0.288100 0.207700 0.261500 0.341900 0.269100 0.223400 0.205100 0.170100
Cattle 0.239300 0.573400 0.149600 0.588600 0.243300 0.226700 0.226400 0.212200 0.163900 0.230400 0.227600 0.058000 0.175500 0.133800 0.214700 0.269700 0.263100 0.292000 0.231700 0.169000 0.178000 0.231200 0.223100 0.228900 0.230700 0.178600 0.175000 0.153100 0.283300 0.152300 0.231200 0.133100 0.343400 0.176000 0.216900 0.039900 0.228200 0.208700 0.176400 0.255800 0.223100 0.214100 0.247500 0.288100 0.000000 0.135800 0.183500 0.247600 0.185600 0.201400 0.166600 0.135600
RoyalAntel 0.188000 0.610200 0.144100 0.625700 0.188600 0.174700 0.154000 0.189700 0.123400 0.226400 0.175000 0.110600 0.120600 0.092700 0.178400 0.198200 0.242500 0.272600 0.140900 0.127500 0.138400 0.178600 0.182600 0.187200 0.177400 0.139100 0.120200 0.111200 0.246800 0.110500 0.222500 0.092100 0.258500 0.121000 0.163900 0.148100 0.176100 0.154100 0.137200 0.213300 0.182500 0.174400 0.244600 0.207700 0.135800 0.000000 0.163500 0.212400 0.144800 0.178400 0.125600 0.093700
Steenbok 0.236700 0.552100 0.176700 0.636100 0.218900 0.224100 0.156600 0.172500 0.128000 0.242400 0.207400 0.130700 0.140500 0.084300 0.106600 0.150400 0.240600 0.268500 0.177600 0.164000 0.096400 0.211400 0.200300 0.205200 0.179500 0.096800 0.140200 0.148600 0.134000 0.147600 0.243200 0.083900 0.290900 0.141000 0.180900 0.179800 0.178300 0.186000 0.082000 0.230500 0.200200 0.127400 0.259200 0.261500 0.183500 0.163500 0.000000 0.189500 0.131300 0.195800 0.161700 0.131600
Impala 0.314800 0.688800 0.184900 0.761000 0.251600 0.301600 0.199100 0.167700 0.202800 0.278800 0.267400 0.191600 0.181300 0.105700 0.221500 0.243000 0.310600 0.358800 0.240100 0.174700 0.150400 0.273100 0.269400 0.276500 0.237500 0.151100 0.180900 0.158200 0.256700 0.191500 0.279700 0.105100 0.358900 0.181900 0.224800 0.258500 0.220100 0.215700 0.149100 0.245200 0.269300 0.186000 0.297100 0.341900 0.247600 0.212400 0.189500 0.000000 0.123900 0.226500 0.206400 0.173700
Klipspring 0.254100 0.582000 0.159300 0.703600 0.188600 0.240700 0.138000 0.139400 0.140500 0.209000 0.207800 0.127900 0.121000 0.045500 0.162400 0.148800 0.262200 0.292400 0.157900 0.111400 0.090500 0.212100 0.201900 0.207300 0.178000 0.090900 0.120800 0.095100 0.196300 0.127800 0.209600 0.045200 0.282100 0.121500 0.164500 0.197400 0.176700 0.154100 0.089700 0.213600 0.201900 0.124100 0.226900 0.269100 0.185600 0.144800 0.131300 0.123900 0.000000 0.197300 0.143000 0.110700
ForestMusk 0.286500 0.557200 0.158700 0.631700 0.257900 0.273100 0.240100 0.206700 0.140000 0.204000 0.273700 0.144000 0.185700 0.141700 0.245300 0.285600 0.183600 0.212100 0.226700 0.144900 0.188200 0.279700 0.128800 0.165800 0.243100 0.189200 0.185200 0.128300 0.283200 0.127400 0.204600 0.141100 0.275000 0.186300 0.229700 0.213200 0.241300 0.221000 0.186600 0.153800 0.128700 0.226700 0.221500 0.223400 0.201400 0.178400 0.195800 0.226500 0.197300 0.000000 0.142600 0.110400
Bushbuck 0.233800 0.598500 0.106200 0.572000 0.202600 0.220600 0.185700 0.187700 0.058800 0.186000 0.221000 0.109500 0.135000 0.091600 0.209400 0.230300 0.205300 0.166800 0.190100 0.092300 0.136800 0.225400 0.144900 0.148600 0.191400 0.137400 0.134600 0.076700 0.228100 0.045100 0.186500 0.091100 0.255000 0.135400 0.177900 0.178500 0.189900 0.168000 0.135700 0.172400 0.144800 0.172300 0.203400 0.205100 0.166600 0.125600 0.161700 0.206400 0.143000 0.142600 0.000000 0.060800
GreaterKud 0.203300 0.558700 0.076000 0.602200 0.170500 0.190100 0.153900 0.155600 0.059700 0.151400 0.190400 0.077900 0.104400 0.060800 0.178400 0.198500 0.172700 0.202100 0.157500 0.030400 0.105900 0.194300 0.112100 0.115000 0.161000 0.106400 0.104200 0.015100 0.196600 0.045800 0.151800 0.060400 0.217300 0.104800 0.147400 0.147900 0.159800 0.136800 0.105000 0.137200 0.112100 0.140200 0.168600 0.170100 0.135600 0.093700 0.131600 0.173700 0.110700 0.110400 0.060800 0.000000
