1
52 1
Argali 0.000000 0.223100 0.076200 0.204400 0.061700 0.005400 0.071300 0.053200 0.082500 0.085800 0.027800 0.056000 0.047500 0.067900 0.061900 0.062000 0.070700 0.067700 0.041700 0.079100 0.059300 0.024700 0.083100 0.097500 0.024900 0.053100 0.039200 0.085200 0.061800 0.082200 0.085900 0.076600 0.082900 0.039100 0.044600 0.053400 0.024900 0.058600 0.073400 0.100400 0.091500 0.038900 0.085700 0.100900 0.056200 0.068200 0.079500 0.070600 0.079100 0.084900 0.085100 0.079600
LesserMous 0.223100 0.000000 0.241200 0.263400 0.232000 0.230700 0.259300 0.243300 0.242800 0.247300 0.240300 0.231200 0.249700 0.239300 0.231700 0.245800 0.241900 0.241800 0.237700 0.237600 0.232800 0.234900 0.262300 0.256500 0.235900 0.234600 0.240500 0.245500 0.234900 0.241700 0.254600 0.249700 0.231900 0.236100 0.224700 0.222100 0.243200 0.227600 0.233900 0.267100 0.253400 0.224700 0.253900 0.264900 0.225000 0.262500 0.260000 0.249600 0.233700 0.237200 0.245000 0.246300
LesserKudu 0.076200 0.241200 0.000000 0.211500 0.064900 0.070500 0.074300 0.079800 0.021900 0.074000 0.071100 0.047200 0.070500 0.076800 0.073600 0.076700 0.067900 0.064900 0.073400 0.019000 0.074000 0.067700 0.080100 0.088400 0.067900 0.067600 0.068000 0.023800 0.076500 0.021900 0.080000 0.067800 0.074000 0.067800 0.076500 0.039100 0.068000 0.061800 0.076400 0.091300 0.085500 0.064900 0.073800 0.085600 0.041900 0.089000 0.100500 0.076400 0.082200 0.070200 0.023600 0.019200
KillerWhal 0.204400 0.263400 0.211500 0.000000 0.215800 0.211500 0.238800 0.216600 0.223000 0.213700 0.206600 0.205200 0.229500 0.227000 0.219300 0.223100 0.208900 0.226200 0.222000 0.218300 0.216500 0.208500 0.227700 0.219200 0.205900 0.201800 0.227600 0.225700 0.219000 0.215300 0.220600 0.230000 0.220200 0.223300 0.226000 0.202900 0.212700 0.218600 0.232200 0.242700 0.216200 0.205700 0.220100 0.227000 0.205800 0.241500 0.219600 0.226000 0.246000 0.201300 0.225300 0.226300
DefassaWat 0.061700 0.232000 0.064900 0.215800 0.000000 0.056100 0.059900 0.062300 0.071100 0.068400 0.056800 0.050600 0.053500 0.056600 0.059300 0.062400 0.068300 0.065300 0.053400 0.067800 0.056700 0.047600 0.074400 0.079800 0.053700 0.053500 0.056800 0.073900 0.056400 0.070900 0.068400 0.065200 0.077400 0.047900 0.050700 0.042200 0.053700 0.013700 0.073900 0.082700 0.079900 0.050700 0.068200 0.089100 0.045000 0.068600 0.080000 0.059300 0.067800 0.073600 0.073700 0.065300
Sheep 0.005400 0.230700 0.070500 0.211500 0.056100 0.000000 0.065500 0.053300 0.076700 0.080000 0.022200 0.050300 0.041900 0.068100 0.059100 0.056300 0.065000 0.062000 0.036100 0.073400 0.059400 0.019200 0.077300 0.091600 0.019400 0.053200 0.033600 0.079500 0.056200 0.076400 0.080100 0.070800 0.077100 0.033500 0.039000 0.047700 0.019400 0.053000 0.067700 0.094600 0.091700 0.039000 0.079900 0.095000 0.050500 0.062400 0.079700 0.064900 0.073400 0.085000 0.079300 0.073800
MaxwellsDu 0.071300 0.259300 0.074300 0.238800 0.059900 0.065500 0.000000 0.075000 0.080700 0.090200 0.066200 0.059700 0.068800 0.042400 0.068700 0.071800 0.077900 0.077700 0.068500 0.077200 0.069100 0.062700 0.090400 0.095800 0.063000 0.068600 0.066300 0.083400 0.071600 0.080400 0.084100 0.033600 0.081100 0.066000 0.071700 0.051300 0.060100 0.056800 0.083500 0.104900 0.095900 0.059900 0.090000 0.102400 0.054100 0.084200 0.089700 0.074600 0.089300 0.089100 0.083300 0.077700
GazellaPrz 0.053200 0.243300 0.079800 0.216600 0.062300 0.053300 0.075000 0.000000 0.086300 0.083600 0.054000 0.059400 0.071300 0.062700 0.074200 0.047800 0.077200 0.074100 0.059300 0.082800 0.039300 0.056300 0.083800 0.095100 0.050900 0.044800 0.071800 0.089000 0.041900 0.085900 0.083700 0.080300 0.086700 0.065700 0.071300 0.056800 0.056800 0.059200 0.059100 0.092100 0.083300 0.036300 0.083500 0.095500 0.053800 0.068800 0.062200 0.077200 0.082900 0.082600 0.088800 0.076900
MountainNy 0.082500 0.242800 0.021900 0.223000 0.071100 0.076700 0.080700 0.086300 0.000000 0.080400 0.077500 0.053200 0.076700 0.083200 0.074000 0.077100 0.074100 0.071200 0.079700 0.007900 0.080400 0.073900 0.086500 0.094900 0.074200 0.073900 0.074300 0.008200 0.077000 0.005500 0.086400 0.080000 0.080400 0.074100 0.082900 0.045000 0.074200 0.068000 0.082800 0.097900 0.092000 0.071100 0.080200 0.098400 0.047800 0.089600 0.107200 0.085900 0.082700 0.082400 0.013600 0.013800
MuntiacusM 0.085800 0.247300 0.074000 0.213700 0.068400 0.080000 0.090200 0.083600 0.080400 0.000000 0.080800 0.062500 0.083300 0.092600 0.089300 0.092500 0.074500 0.080400 0.083000 0.076900 0.086600 0.077200 0.045200 0.065300 0.077500 0.074200 0.080900 0.083100 0.086200 0.080100 0.005500 0.095400 0.077800 0.077500 0.074400 0.056900 0.077600 0.062300 0.092100 0.074100 0.044700 0.068500 0.005500 0.068500 0.059700 0.093000 0.104600 0.095300 0.104100 0.088800 0.080000 0.077400
goat 0.027800 0.240300 0.071100 0.206600 0.056800 0.022200 0.066200 0.054000 0.077500 0.080800 0.000000 0.050800 0.042300 0.068700 0.065500 0.056600 0.071600 0.068500 0.036300 0.074000 0.054100 0.013900 0.087000 0.092500 0.010700 0.053700 0.039700 0.080200 0.056700 0.077100 0.080900 0.071500 0.077900 0.033800 0.050900 0.048200 0.016700 0.053700 0.068300 0.095400 0.092600 0.039400 0.080600 0.095900 0.051000 0.069000 0.074400 0.065500 0.080100 0.085800 0.080000 0.074500
AfricanBuf 0.056000 0.231200 0.047200 0.205200 0.050600 0.050300 0.059700 0.059400 0.053200 0.062500 0.050800 0.000000 0.059200 0.062300 0.053400 0.056400 0.042000 0.044800 0.053200 0.050100 0.059500 0.047600 0.068500 0.070900 0.047700 0.041800 0.056700 0.056000 0.056200 0.053200 0.068400 0.065100 0.059500 0.056500 0.062100 0.019400 0.047800 0.041800 0.061900 0.079700 0.073900 0.039100 0.068200 0.074200 0.022200 0.068400 0.079800 0.065000 0.073600 0.067500 0.050100 0.050600
Topi 0.047500 0.249700 0.070500 0.229500 0.053500 0.041900 0.068800 0.071300 0.076700 0.083300 0.042300 0.059200 0.000000 0.065300 0.068100 0.071200 0.077200 0.074100 0.044700 0.073400 0.074400 0.039100 0.083600 0.095000 0.039300 0.068000 0.013400 0.079500 0.071000 0.076400 0.083400 0.074100 0.086400 0.025000 0.047700 0.050800 0.039300 0.050500 0.082800 0.098000 0.095100 0.053600 0.083200 0.098400 0.053600 0.071500 0.094900 0.062200 0.082600 0.088300 0.079300 0.070900
CommonDuik 0.067900 0.239300 0.076800 0.227000 0.056600 0.068100 0.042400 0.062700 0.083200 0.092600 0.068700 0.062300 0.065300 0.000000 0.071200 0.074300 0.080300 0.077300 0.065100 0.079700 0.071600 0.065300 0.089800 0.098300 0.065500 0.071100 0.068800 0.085900 0.074100 0.082800 0.086600 0.036300 0.089600 0.068500 0.074200 0.053800 0.065500 0.053500 0.085900 0.107300 0.089300 0.062500 0.092400 0.107800 0.050800 0.074600 0.080200 0.071100 0.079900 0.079600 0.085800 0.077200
Suni 0.061900 0.231700 0.073600 0.219300 0.059300 0.059100 0.068700 0.074200 0.074000 0.089300 0.065500 0.053400 0.068100 0.071200 0.000000 0.065300 0.074100 0.065200 0.067900 0.070700 0.071400 0.062100 0.083500 0.088900 0.062400 0.065000 0.059700 0.076800 0.065100 0.073700 0.089400 0.074000 0.086300 0.065400 0.070700 0.050800 0.062400 0.056300 0.082700 0.097900 0.089000 0.056500 0.089100 0.086200 0.053600 0.077500 0.094900 0.073900 0.070700 0.088200 0.076600 0.077000
Springbuck 0.062000 0.245800 0.076700 0.223100 0.062400 0.056300 0.071800 0.047800 0.077100 0.092500 0.056600 0.056400 0.071200 0.074300 0.065300 0.000000 0.077200 0.074100 0.059000 0.073700 0.053700 0.053500 0.092700 0.104100 0.053500 0.047600 0.068700 0.079900 0.033300 0.076800 0.092600 0.077100 0.083500 0.062600 0.074100 0.053800 0.053700 0.059300 0.050200 0.088900 0.098200 0.039100 0.092300 0.104500 0.056600 0.074600 0.062100 0.077000 0.070700 0.091300 0.079700 0.080000
Okapi 0.070700 0.241900 0.067900 0.208900 0.068300 0.065000 0.077900 0.077200 0.074100 0.074500 0.071600 0.042000 0.077200 0.080300 0.074100 0.077200 0.000000 0.033400 0.071000 0.070800 0.080500 0.068100 0.080600 0.086100 0.068400 0.062200 0.071600 0.076900 0.071100 0.073800 0.074600 0.083200 0.074400 0.077400 0.083000 0.050900 0.068200 0.059300 0.076900 0.083100 0.080200 0.065300 0.074400 0.089200 0.053700 0.086600 0.095100 0.083100 0.094700 0.076600 0.070800 0.068100
Giraffe 0.067700 0.241800 0.064900 0.226200 0.065300 0.062000 0.077700 0.074100 0.071200 0.080400 0.068500 0.044800 0.074100 0.077300 0.065200 0.074100 0.033400 0.000000 0.067900 0.067800 0.077300 0.065100 0.080600 0.092000 0.065400 0.059100 0.068600 0.073900 0.067900 0.070900 0.080400 0.077100 0.080200 0.074300 0.080000 0.048000 0.065400 0.056400 0.067900 0.089000 0.086100 0.062200 0.080200 0.095400 0.050700 0.077600 0.091900 0.080000 0.085600 0.079500 0.073800 0.065200
TibetanAnt 0.041700 0.237700 0.073400 0.222000 0.053400 0.036100 0.068500 0.059300 0.079700 0.083000 0.036300 0.053200 0.044700 0.065100 0.067900 0.059000 0.071000 0.067900 0.000000 0.076300 0.062300 0.033300 0.089200 0.100700 0.033300 0.056100 0.047900 0.076500 0.059100 0.079400 0.083100 0.073800 0.080100 0.042000 0.059100 0.050600 0.033400 0.050300 0.070600 0.103600 0.094700 0.041900 0.082900 0.104100 0.053400 0.065300 0.076800 0.062000 0.076400 0.088000 0.082300 0.073800
Sitatunga 0.079100 0.237600 0.019000 0.218300 0.067800 0.073400 0.077200 0.082800 0.007900 0.076900 0.074000 0.050100 0.073400 0.079700 0.070700 0.073700 0.070800 0.067800 0.076300 0.000000 0.077000 0.070600 0.083000 0.091400 0.070800 0.070500 0.070900 0.010500 0.073600 0.008200 0.082900 0.076600 0.077000 0.070700 0.079500 0.041900 0.070900 0.064700 0.079300 0.094300 0.088500 0.067800 0.076800 0.094800 0.044700 0.086000 0.103500 0.082400 0.079300 0.079000 0.016300 0.016400
Oribi 0.059300 0.232800 0.074000 0.216500 0.056700 0.059400 0.069100 0.039300 0.080400 0.086600 0.054100 0.059500 0.074400 0.071600 0.071400 0.053700 0.080500 0.077300 0.062300 0.077000 0.000000 0.050800 0.086800 0.098100 0.051000 0.039100 0.071900 0.083100 0.042000 0.080100 0.086600 0.080400 0.080800 0.053900 0.071400 0.056900 0.056800 0.053600 0.059200 0.089000 0.092300 0.030700 0.086400 0.101500 0.053900 0.083900 0.071200 0.080300 0.083000 0.088600 0.083000 0.077300
BarbaryShe 0.024700 0.234900 0.067700 0.208500 0.047600 0.019200 0.062700 0.056300 0.073900 0.077200 0.013900 0.047600 0.039100 0.065300 0.062100 0.053500 0.068100 0.065100 0.033300 0.070600 0.050800 0.000000 0.083400 0.088800 0.013800 0.050500 0.036500 0.076700 0.047600 0.073700 0.077300 0.068000 0.074300 0.025100 0.042000 0.045000 0.013800 0.044600 0.064900 0.091700 0.088900 0.036300 0.077100 0.092200 0.047700 0.065500 0.076900 0.062100 0.070700 0.082300 0.076500 0.071000
Daviddeer 0.083100 0.262300 0.080100 0.227700 0.074400 0.077300 0.090400 0.083800 0.086500 0.045200 0.087000 0.068500 0.083600 0.089800 0.083500 0.092700 0.080600 0.080600 0.089200 0.083000 0.086800 0.083400 0.000000 0.065500 0.083700 0.080300 0.081100 0.089300 0.086400 0.086200 0.045200 0.092600 0.090100 0.083700 0.080500 0.062900 0.083800 0.068300 0.092300 0.074200 0.033500 0.074600 0.045100 0.068700 0.065700 0.090200 0.104700 0.083500 0.110500 0.101000 0.086100 0.083500
Reindeer 0.097500 0.256500 0.088400 0.219200 0.079800 0.091600 0.095800 0.095100 0.094900 0.065300 0.092500 0.070900 0.095000 0.098300 0.088900 0.104100 0.086100 0.092000 0.100700 0.091400 0.098100 0.088800 0.065500 0.000000 0.089100 0.088500 0.092600 0.097700 0.097600 0.094600 0.065400 0.101100 0.095500 0.089100 0.091900 0.071300 0.089200 0.073600 0.103600 0.047500 0.059200 0.085700 0.065200 0.013800 0.074100 0.104800 0.116200 0.107000 0.115700 0.094200 0.094500 0.091900
Ibex 0.024900 0.235900 0.067900 0.205900 0.053700 0.019400 0.063000 0.050900 0.074200 0.077500 0.010700 0.047700 0.039300 0.065500 0.062400 0.053500 0.068400 0.065400 0.033300 0.070800 0.051000 0.013800 0.083700 0.089100 0.000000 0.050600 0.036700 0.076900 0.053600 0.073900 0.077600 0.068300 0.074600 0.030800 0.047800 0.045100 0.011000 0.050600 0.065100 0.092100 0.089200 0.036400 0.077400 0.092500 0.047900 0.065800 0.077200 0.065200 0.076800 0.082500 0.076800 0.071300
GyrantGaze 0.053100 0.234600 0.067600 0.201800 0.053500 0.053200 0.068600 0.044800 0.073900 0.074200 0.053700 0.041800 0.068000 0.071100 0.065000 0.047600 0.062200 0.059100 0.056100 0.070500 0.039100 0.050500 0.080300 0.088500 0.050600 0.000000 0.065500 0.076600 0.036000 0.073600 0.074300 0.073900 0.074300 0.059400 0.065000 0.044900 0.050700 0.050400 0.053100 0.085600 0.085800 0.013700 0.074100 0.091900 0.047700 0.077300 0.059000 0.073800 0.088400 0.076200 0.076500 0.070800
Hartebeest 0.039200 0.240500 0.068000 0.227600 0.056800 0.033600 0.066300 0.071800 0.074300 0.080900 0.039700 0.056700 0.013400 0.068800 0.059700 0.068700 0.071600 0.068600 0.047900 0.070900 0.071900 0.036500 0.081100 0.092600 0.036700 0.065500 0.000000 0.077000 0.068500 0.074000 0.080900 0.071600 0.084000 0.022300 0.045200 0.048300 0.036700 0.053700 0.080300 0.095600 0.092600 0.051000 0.080700 0.096000 0.051100 0.075000 0.092500 0.065600 0.074200 0.085900 0.076900 0.071300
Bongo 0.085200 0.245500 0.023800 0.225700 0.073900 0.079500 0.083400 0.089000 0.008200 0.083100 0.080200 0.056000 0.079500 0.085900 0.076800 0.079900 0.076900 0.073900 0.076500 0.010500 0.083100 0.076700 0.089300 0.097700 0.076900 0.076600 0.077000 0.000000 0.079700 0.008200 0.089200 0.082700 0.083100 0.076800 0.085600 0.047800 0.077000 0.070700 0.085500 0.100600 0.094800 0.073900 0.082900 0.101100 0.050600 0.092300 0.109900 0.088600 0.079500 0.085100 0.016400 0.016500
Gerenuk 0.061800 0.234900 0.076500 0.219000 0.056400 0.056200 0.071600 0.041900 0.077000 0.086200 0.056700 0.056200 0.071000 0.074100 0.065100 0.033300 0.071100 0.067900 0.059100 0.073600 0.042000 0.047600 0.086400 0.097600 0.053600 0.036000 0.068500 0.079700 0.000000 0.076700 0.086300 0.076900 0.083300 0.056600 0.068000 0.053700 0.053600 0.053400 0.044500 0.094700 0.091900 0.033300 0.086100 0.098000 0.056400 0.074400 0.067800 0.076900 0.073700 0.091100 0.079500 0.079700
CommonElan 0.082200 0.241700 0.021900 0.215300 0.070900 0.076400 0.080400 0.085900 0.005500 0.080100 0.077100 0.053200 0.076400 0.082800 0.073700 0.076800 0.073800 0.070900 0.079400 0.008200 0.080100 0.073700 0.086200 0.094600 0.073900 0.073600 0.074000 0.008200 0.076700 0.000000 0.086100 0.079700 0.080100 0.073800 0.082600 0.044900 0.074000 0.067700 0.082400 0.097500 0.085700 0.070900 0.079900 0.098000 0.047600 0.089200 0.106800 0.079600 0.082300 0.082000 0.013600 0.013700
MuntiacusR 0.085900 0.254600 0.080000 0.220600 0.068400 0.080100 0.084100 0.083700 0.086400 0.005500 0.080900 0.068400 0.083400 0.086600 0.089400 0.092600 0.074600 0.080400 0.083100 0.082900 0.086600 0.077300 0.045200 0.065400 0.077600 0.074300 0.080900 0.089200 0.086300 0.086100 0.000000 0.089400 0.083900 0.077500 0.074400 0.062800 0.077600 0.062300 0.092200 0.074100 0.044800 0.068500 0.005300 0.068600 0.065600 0.093100 0.104600 0.095400 0.110300 0.088900 0.086000 0.083400
HarveysDui 0.076600 0.249700 0.067800 0.230000 0.065200 0.070800 0.033600 0.080300 0.080000 0.095400 0.071500 0.065100 0.074100 0.036300 0.074000 0.077100 0.083200 0.077100 0.073800 0.076600 0.080400 0.068000 0.092600 0.101100 0.068300 0.073900 0.071600 0.082700 0.076900 0.079700 0.089400 0.000000 0.092500 0.071300 0.077000 0.056600 0.065500 0.062100 0.082700 0.110100 0.098100 0.065300 0.095300 0.107700 0.059400 0.083500 0.095000 0.079900 0.082600 0.088300 0.082600 0.077100
Pronghorn 0.082900 0.231900 0.074000 0.220200 0.077400 0.077100 0.081100 0.086700 0.080400 0.077800 0.077900 0.059500 0.086400 0.089600 0.086300 0.083500 0.074400 0.080200 0.080100 0.077000 0.080800 0.074300 0.090100 0.095500 0.074600 0.074300 0.084000 0.083100 0.083300 0.080100 0.083900 0.092500 0.000000 0.077700 0.083300 0.051100 0.074600 0.074200 0.083200 0.095400 0.089500 0.071500 0.083700 0.098900 0.053900 0.096100 0.107700 0.092400 0.101100 0.082800 0.083000 0.077400
BlueWildeb 0.039100 0.236100 0.067800 0.223300 0.047900 0.033500 0.066000 0.065700 0.074100 0.077500 0.033800 0.056500 0.025000 0.068500 0.065400 0.062600 0.077400 0.074300 0.042000 0.070700 0.053900 0.025100 0.083700 0.089100 0.030800 0.059400 0.022300 0.076800 0.056600 0.073800 0.077500 0.071300 0.077700 0.000000 0.039300 0.048100 0.030800 0.044900 0.074100 0.092100 0.089200 0.045100 0.077300 0.092500 0.050900 0.074800 0.086200 0.071300 0.074000 0.085600 0.076700 0.071100
Gemsbok 0.044600 0.224700 0.076500 0.226000 0.050700 0.039000 0.071700 0.071300 0.082900 0.074400 0.050900 0.062100 0.047700 0.074200 0.070700 0.074100 0.083000 0.080000 0.059100 0.079500 0.071400 0.042000 0.080500 0.091900 0.047800 0.065000 0.045200 0.085600 0.068000 0.082600 0.074400 0.077000 0.083300 0.039300 0.000000 0.053700 0.047900 0.047600 0.085600 0.094800 0.092000 0.056400 0.074200 0.095300 0.056500 0.068500 0.091900 0.065100 0.079600 0.085300 0.085500 0.079900
Yak 0.053400 0.222100 0.039100 0.202900 0.042200 0.047700 0.051300 0.056800 0.045000 0.056900 0.048200 0.019400 0.050800 0.053800 0.050800 0.053800 0.050900 0.048000 0.050600 0.041900 0.056900 0.045000 0.062900 0.071300 0.045100 0.044900 0.048300 0.047800 0.053700 0.044900 0.062800 0.056600 0.051100 0.048100 0.053700 0.000000 0.045200 0.039200 0.059400 0.068300 0.068400 0.042200 0.062700 0.074500 0.008300 0.065800 0.077200 0.056600 0.065100 0.059100 0.047700 0.042200
BlueSheep 0.024900 0.243200 0.068000 0.212700 0.053700 0.019400 0.060100 0.056800 0.074200 0.077600 0.016700 0.047800 0.039300 0.065500 0.062400 0.053700 0.068200 0.065400 0.033400 0.070900 0.056800 0.013800 0.083800 0.089200 0.011000 0.050700 0.036700 0.077000 0.053600 0.074000 0.077600 0.065500 0.074600 0.030800 0.047900 0.045200 0.000000 0.050700 0.065200 0.092100 0.089300 0.036400 0.077400 0.092300 0.048000 0.065800 0.077200 0.065300 0.076900 0.082600 0.076800 0.071300
BohorReedb 0.058600 0.227600 0.061800 0.218600 0.013700 0.053000 0.056800 0.059200 0.068000 0.062300 0.053700 0.041800 0.050500 0.053500 0.056300 0.059300 0.059300 0.056400 0.050300 0.064700 0.053600 0.044600 0.068300 0.073600 0.050600 0.050400 0.053700 0.070700 0.053400 0.067700 0.062300 0.062100 0.074200 0.044900 0.047600 0.039200 0.050700 0.000000 0.070700 0.076500 0.073800 0.047700 0.062200 0.082900 0.042000 0.059600 0.076800 0.056200 0.064700 0.070400 0.064700 0.062100
KirksDik 0.073400 0.233900 0.076400 0.232200 0.073900 0.067700 0.083500 0.059100 0.082800 0.092100 0.068300 0.061900 0.082800 0.085900 0.082700 0.050200 0.076900 0.067900 0.070600 0.079300 0.059200 0.064900 0.092300 0.103600 0.065100 0.053100 0.080300 0.085500 0.044500 0.082400 0.092200 0.082700 0.083200 0.074100 0.085600 0.059400 0.065200 0.070700 0.000000 0.094600 0.097800 0.044600 0.091900 0.107000 0.062200 0.092200 0.073500 0.088600 0.094000 0.088100 0.085300 0.079600
RoeDeer 0.100400 0.267100 0.091300 0.242700 0.082700 0.094600 0.104900 0.092100 0.097900 0.074100 0.095400 0.079700 0.098000 0.107300 0.097900 0.088900 0.083100 0.089000 0.103600 0.094300 0.089000 0.091700 0.074200 0.047500 0.092100 0.085600 0.095600 0.100600 0.094700 0.097500 0.074100 0.110100 0.095400 0.092100 0.094800 0.068300 0.092100 0.076500 0.094600 0.000000 0.073800 0.082800 0.073900 0.056400 0.077000 0.107800 0.107000 0.110000 0.118700 0.094200 0.097400 0.094900
WhiteLippe 0.091500 0.253400 0.085500 0.216200 0.079900 0.091700 0.095900 0.083300 0.092000 0.044700 0.092600 0.073900 0.095100 0.089300 0.089000 0.098200 0.080200 0.086100 0.094700 0.088500 0.092300 0.088900 0.033500 0.059200 0.089200 0.085800 0.092600 0.094800 0.091900 0.085700 0.044800 0.098100 0.089500 0.089200 0.092000 0.068400 0.089300 0.073800 0.097800 0.073800 0.000000 0.080100 0.044700 0.062400 0.071200 0.095700 0.110300 0.095000 0.115900 0.091500 0.091600 0.089000
ThomsonGaz 0.038900 0.224700 0.064900 0.205700 0.050700 0.039000 0.059900 0.036300 0.071100 0.068500 0.039400 0.039100 0.053600 0.062500 0.056500 0.039100 0.065300 0.062200 0.041900 0.067800 0.030700 0.036300 0.074600 0.085700 0.036400 0.013700 0.051000 0.073900 0.033300 0.070900 0.068500 0.065300 0.071500 0.045100 0.056400 0.042200 0.036400 0.047700 0.044600 0.082800 0.080100 0.000000 0.068300 0.089100 0.045000 0.068600 0.056200 0.065200 0.079700 0.079300 0.073700 0.068000
MuntiacusC 0.085700 0.253900 0.073800 0.220100 0.068200 0.079900 0.090000 0.083500 0.080200 0.005500 0.080600 0.068200 0.083200 0.092400 0.089100 0.092300 0.074400 0.080200 0.082900 0.076800 0.086400 0.077100 0.045100 0.065200 0.077400 0.074100 0.080700 0.082900 0.086100 0.079900 0.005300 0.095300 0.083700 0.077300 0.074200 0.062700 0.077400 0.062200 0.091900 0.073900 0.044700 0.068300 0.000000 0.068400 0.065500 0.092900 0.104400 0.095200 0.110000 0.082700 0.079800 0.077200
WhiteTaile 0.100900 0.264900 0.085600 0.227000 0.089100 0.095000 0.102400 0.095500 0.098400 0.068500 0.095900 0.074200 0.098400 0.107800 0.086200 0.104500 0.089200 0.095400 0.104100 0.094800 0.101500 0.092200 0.068700 0.013800 0.092500 0.091900 0.096000 0.101100 0.098000 0.098000 0.068600 0.107700 0.098900 0.092500 0.095300 0.074500 0.092300 0.082900 0.107000 0.056400 0.062400 0.089100 0.068400 0.000000 0.077400 0.108300 0.125900 0.107300 0.116300 0.097600 0.097900 0.095300
Cattle 0.056200 0.225000 0.041900 0.205800 0.045000 0.050500 0.054100 0.053800 0.047800 0.059700 0.051000 0.022200 0.053600 0.050800 0.053600 0.056600 0.053700 0.050700 0.053400 0.044700 0.053900 0.047700 0.065700 0.074100 0.047900 0.047700 0.051100 0.050600 0.056400 0.047600 0.065600 0.059400 0.053900 0.050900 0.056500 0.008300 0.048000 0.042000 0.062200 0.077000 0.071200 0.045000 0.065500 0.077400 0.000000 0.068700 0.080000 0.059400 0.062100 0.056100 0.050500 0.045000
RoyalAntel 0.068200 0.262500 0.089000 0.241500 0.068600 0.062400 0.084200 0.068800 0.089600 0.093000 0.069000 0.068400 0.071500 0.074600 0.077500 0.074600 0.086600 0.077600 0.065300 0.086000 0.083900 0.065500 0.090200 0.104800 0.065800 0.077300 0.075000 0.092300 0.074400 0.089200 0.093100 0.083500 0.096100 0.074800 0.068500 0.065800 0.065800 0.059600 0.092200 0.107800 0.095700 0.068600 0.092900 0.108300 0.068700 0.000000 0.104700 0.083400 0.092200 0.104000 0.092100 0.089600
Steenbok 0.079500 0.260000 0.100500 0.219600 0.080000 0.079700 0.089700 0.062200 0.107200 0.104600 0.074400 0.079800 0.094900 0.080200 0.094900 0.062100 0.095100 0.091900 0.076800 0.103500 0.071200 0.076900 0.104700 0.116200 0.077200 0.059000 0.092500 0.109900 0.067800 0.106800 0.104600 0.095000 0.107700 0.086200 0.091900 0.077200 0.077200 0.076800 0.073500 0.107000 0.110300 0.056200 0.104400 0.125900 0.080000 0.104700 0.000000 0.100900 0.115800 0.094200 0.109700 0.104000
Impala 0.070600 0.249600 0.076400 0.226000 0.059300 0.064900 0.074600 0.077200 0.085900 0.095300 0.065500 0.065000 0.062200 0.071100 0.073900 0.077000 0.083100 0.080000 0.062000 0.082400 0.080300 0.062100 0.083500 0.107000 0.065200 0.073800 0.065600 0.088600 0.076900 0.079600 0.095400 0.079900 0.092400 0.071300 0.065100 0.056600 0.065300 0.056200 0.088600 0.110000 0.095000 0.065200 0.095200 0.107300 0.059400 0.083400 0.100900 0.000000 0.094500 0.094200 0.088500 0.079900
Klipspring 0.079100 0.233700 0.082200 0.246000 0.067800 0.073400 0.089300 0.082900 0.082700 0.104100 0.080100 0.073600 0.082600 0.079900 0.070700 0.070700 0.094700 0.085600 0.076400 0.079300 0.083000 0.070700 0.110500 0.115700 0.076800 0.088400 0.074200 0.079500 0.073700 0.082300 0.110300 0.082600 0.101100 0.074000 0.079600 0.065100 0.076900 0.064700 0.094000 0.118700 0.115900 0.079700 0.110000 0.116300 0.062100 0.092200 0.115800 0.094500 0.000000 0.102900 0.085200 0.085600
ForestMusk 0.084900 0.237200 0.070200 0.201300 0.073600 0.085000 0.089100 0.082600 0.082400 0.088800 0.085800 0.067500 0.088300 0.079600 0.088200 0.091300 0.076600 0.079500 0.088000 0.079000 0.088600 0.082300 0.101000 0.094200 0.082500 0.076200 0.085900 0.085100 0.091100 0.082000 0.088900 0.088300 0.082800 0.085600 0.085300 0.059100 0.082600 0.070400 0.088100 0.094200 0.091500 0.079300 0.082700 0.097600 0.056100 0.104000 0.094200 0.094200 0.102900 0.000000 0.084900 0.079400
Bushbuck 0.085100 0.245000 0.023600 0.225300 0.073700 0.079300 0.083300 0.088800 0.013600 0.080000 0.080000 0.050100 0.079300 0.085800 0.076600 0.079700 0.070800 0.073800 0.082300 0.016300 0.083000 0.076500 0.086100 0.094500 0.076800 0.076500 0.076900 0.016400 0.079500 0.013600 0.086000 0.082600 0.083000 0.076700 0.085500 0.047700 0.076800 0.064700 0.085300 0.097400 0.091600 0.073700 0.079800 0.097900 0.050500 0.092100 0.109700 0.088500 0.085200 0.084900 0.000000 0.016500
GreaterKud 0.079600 0.246300 0.019200 0.226300 0.065300 0.073800 0.077700 0.076900 0.013800 0.077400 0.074500 0.050600 0.070900 0.077200 0.077000 0.080000 0.068100 0.065200 0.073800 0.016400 0.077300 0.071000 0.083500 0.091900 0.071300 0.070800 0.071300 0.016500 0.079700 0.013700 0.083400 0.077100 0.077400 0.071100 0.079900 0.042200 0.071300 0.062100 0.079600 0.094900 0.089000 0.068000 0.077200 0.095300 0.045000 0.089600 0.104000 0.079900 0.085600 0.079400 0.016500 0.000000
