1
52 1
Argali 0.000000 0.518300 0.206600 0.538200 0.215300 0.014700 0.239400 0.238100 0.201900 0.340900 0.045200 0.172800 0.160200 0.188300 0.156800 0.260000 0.242000 0.206700 0.190700 0.171700 0.220100 0.045500 0.226200 0.151000 0.076800 0.310100 0.180900 0.171400 0.226300 0.201900 0.370100 0.194900 0.445300 0.178900 0.221600 0.176300 0.118300 0.254800 0.157700 0.241000 0.240000 0.252100 0.316000 0.227000 0.180900 0.224800 0.212900 0.190000 0.200900 0.221100 0.167900 0.205300
LesserMous 0.518300 0.000000 0.336600 0.384000 0.447200 0.490500 0.401700 0.595100 0.331800 0.750800 0.508700 0.327000 0.504000 0.356500 0.343500 0.474500 0.281500 0.282400 0.382400 0.337500 0.390700 0.565200 0.620100 0.596000 0.509500 0.406200 0.489100 0.337000 0.432700 0.368700 0.807600 0.371000 0.410200 0.458200 0.497200 0.458400 0.552600 0.501900 0.311100 0.713400 0.528400 0.439100 0.715400 0.658600 0.461300 0.535900 0.382500 0.401000 0.444000 0.362000 0.337700 0.375300
LesserKudu 0.206600 0.336600 0.000000 0.310200 0.204100 0.222500 0.155600 0.279800 0.054100 0.410900 0.202100 0.130200 0.236800 0.130100 0.085700 0.223700 0.195100 0.162400 0.115900 0.027200 0.170800 0.239100 0.289100 0.269300 0.202800 0.231300 0.222600 0.027200 0.193800 0.054200 0.489200 0.150900 0.333400 0.201600 0.176000 0.148300 0.227700 0.299600 0.118600 0.446600 0.226900 0.216800 0.384700 0.353400 0.150300 0.306200 0.134100 0.100900 0.152200 0.143800 0.027200 0.054900
KillerWhal 0.538200 0.384000 0.310200 0.000000 0.480200 0.558600 0.484200 0.511800 0.306300 0.707400 0.478100 0.401700 0.475000 0.416600 0.329400 0.450700 0.341100 0.305400 0.367000 0.310700 0.419000 0.528100 0.590200 0.544100 0.459600 0.499700 0.458800 0.310100 0.412800 0.340900 0.809300 0.451800 0.497900 0.432200 0.436900 0.478500 0.493900 0.553000 0.370500 0.718200 0.509100 0.484200 0.699700 0.549100 0.480600 0.633600 0.337600 0.347300 0.417600 0.356700 0.311100 0.345400
DefassaWat 0.215300 0.447200 0.204100 0.480200 0.000000 0.231600 0.217600 0.278600 0.199600 0.407100 0.159000 0.226000 0.194900 0.204300 0.106800 0.208000 0.243100 0.207100 0.106600 0.169800 0.145000 0.196300 0.324500 0.283500 0.159800 0.247700 0.180100 0.169500 0.188200 0.199800 0.439800 0.175800 0.395500 0.177900 0.169600 0.210400 0.201600 0.078300 0.140600 0.350200 0.295900 0.232000 0.380000 0.371600 0.214900 0.276500 0.159200 0.138900 0.181400 0.169200 0.166100 0.185100
Sheep 0.014700 0.490500 0.222500 0.558600 0.231600 0.000000 0.256300 0.255000 0.217400 0.359800 0.060200 0.188500 0.176400 0.203800 0.172300 0.278100 0.258200 0.222500 0.206500 0.187300 0.236800 0.060600 0.243300 0.167400 0.092100 0.328400 0.197600 0.186900 0.243400 0.217500 0.389700 0.211000 0.465200 0.195400 0.237300 0.193400 0.133200 0.272200 0.173200 0.259900 0.256900 0.270400 0.334400 0.244300 0.197700 0.242500 0.229200 0.205700 0.217600 0.237100 0.184000 0.221100
MaxwellsDu 0.239400 0.401700 0.155600 0.484200 0.217600 0.256300 0.000000 0.321400 0.185400 0.467900 0.216600 0.210600 0.256500 0.074500 0.125300 0.298500 0.265300 0.227900 0.192700 0.155500 0.184200 0.257500 0.332800 0.290800 0.217600 0.295000 0.241500 0.155200 0.210400 0.185600 0.451600 0.030100 0.318000 0.257600 0.224500 0.232400 0.242200 0.258200 0.179800 0.514200 0.326900 0.279700 0.438600 0.381700 0.237100 0.297300 0.178800 0.141800 0.183900 0.188400 0.155500 0.188600
GazellaPrz 0.238100 0.595100 0.279800 0.511800 0.278600 0.255000 0.321400 0.000000 0.273300 0.417300 0.198000 0.265600 0.293300 0.243400 0.174800 0.177400 0.282100 0.244700 0.209900 0.242100 0.200400 0.216800 0.269700 0.209000 0.198700 0.244700 0.278300 0.241600 0.150100 0.273200 0.451500 0.273500 0.424500 0.253800 0.278000 0.252600 0.242500 0.365300 0.250200 0.360600 0.283300 0.229100 0.389500 0.269400 0.255700 0.281500 0.159300 0.228000 0.221100 0.240500 0.242100 0.278200
MountainNy 0.201900 0.331800 0.054100 0.306300 0.199600 0.217400 0.185400 0.273300 0.000000 0.420800 0.197600 0.127700 0.231000 0.127600 0.084100 0.219200 0.191100 0.159100 0.113700 0.026700 0.167000 0.233700 0.300600 0.262900 0.198200 0.226100 0.217000 0.026600 0.189400 0.053000 0.497400 0.147800 0.364200 0.196700 0.172400 0.146400 0.223100 0.292200 0.116000 0.433000 0.239100 0.211500 0.395000 0.343900 0.147300 0.277100 0.115400 0.098700 0.148800 0.141200 0.026700 0.053700
MuntiacusM 0.340900 0.750800 0.410900 0.707400 0.407100 0.359800 0.467900 0.417300 0.420800 0.000000 0.361800 0.414200 0.461900 0.454300 0.352600 0.488800 0.415100 0.392300 0.351900 0.386400 0.420900 0.364500 0.202900 0.163200 0.363200 0.544300 0.445800 0.385300 0.464300 0.420900 0.054400 0.402700 0.646400 0.462000 0.484800 0.507900 0.452400 0.417300 0.428900 0.286400 0.217400 0.558400 0.035100 0.246200 0.509200 0.357700 0.432000 0.288600 0.332100 0.429000 0.386300 0.403700
goat 0.045200 0.508700 0.202100 0.478100 0.159000 0.060200 0.216600 0.198000 0.197600 0.361800 0.000000 0.188200 0.108400 0.168600 0.105800 0.218000 0.222700 0.188000 0.137700 0.168100 0.162700 0.029800 0.204700 0.168000 0.029700 0.265700 0.127100 0.167800 0.186000 0.197800 0.392200 0.174500 0.419100 0.125600 0.167900 0.173700 0.072100 0.196300 0.172800 0.261100 0.218600 0.210300 0.336100 0.245300 0.177100 0.241700 0.157400 0.137400 0.143900 0.167300 0.166000 0.200800
AfricanBuf 0.172800 0.327000 0.130200 0.401700 0.226000 0.188500 0.210600 0.265600 0.127700 0.414200 0.188200 0.000000 0.222600 0.147900 0.102200 0.208600 0.148300 0.114800 0.165400 0.099900 0.156600 0.225300 0.254000 0.217100 0.188800 0.217200 0.208100 0.099700 0.179400 0.127800 0.445700 0.169900 0.359400 0.187300 0.194800 0.102100 0.230200 0.325500 0.136500 0.384200 0.193700 0.202100 0.388000 0.296900 0.103600 0.291600 0.152300 0.149100 0.171900 0.130600 0.099800 0.129700
Topi 0.160200 0.504000 0.236800 0.475000 0.194900 0.176400 0.256500 0.293300 0.231000 0.461900 0.108400 0.222600 0.000000 0.220400 0.137800 0.219100 0.221100 0.186200 0.170600 0.201300 0.158500 0.143100 0.284800 0.244800 0.142400 0.283600 0.029700 0.200900 0.203300 0.231200 0.498100 0.211900 0.391700 0.044500 0.149500 0.195000 0.151000 0.273900 0.191000 0.401200 0.257800 0.227800 0.432800 0.285900 0.210300 0.303400 0.173800 0.154200 0.216700 0.200600 0.201200 0.200200
CommonDuik 0.188300 0.356500 0.130100 0.416600 0.204300 0.203800 0.074500 0.243400 0.127600 0.454300 0.168600 0.147900 0.220400 0.000000 0.071600 0.217600 0.213000 0.179600 0.131800 0.099800 0.155000 0.204700 0.287600 0.250100 0.169300 0.252800 0.206300 0.099600 0.177200 0.127700 0.487200 0.042900 0.333100 0.186200 0.160900 0.164600 0.227100 0.241800 0.135400 0.422400 0.282800 0.238200 0.427000 0.331500 0.169100 0.248800 0.118700 0.116900 0.119800 0.129300 0.099800 0.129600
Suni 0.156800 0.343500 0.085700 0.329400 0.106800 0.172300 0.125300 0.174800 0.084100 0.352600 0.105800 0.102200 0.137800 0.071600 0.000000 0.118300 0.133200 0.102000 0.057200 0.056400 0.075600 0.139500 0.199700 0.163900 0.106200 0.163300 0.123400 0.056300 0.094100 0.084200 0.381800 0.089800 0.262300 0.105300 0.085700 0.117200 0.147400 0.193600 0.089000 0.319800 0.177300 0.148100 0.327700 0.239500 0.121400 0.234900 0.043500 0.042700 0.055800 0.056000 0.056300 0.085300
Springbuck 0.260000 0.474500 0.223700 0.450700 0.208000 0.278100 0.298500 0.177400 0.219200 0.488800 0.218000 0.208600 0.219100 0.217600 0.118300 0.000000 0.227000 0.188200 0.190600 0.186300 0.117700 0.240600 0.323000 0.256900 0.218000 0.127900 0.203400 0.186400 0.035100 0.219300 0.528300 0.246800 0.391300 0.180300 0.223800 0.234600 0.224200 0.332600 0.155100 0.404400 0.292300 0.110700 0.457300 0.323200 0.237200 0.333700 0.100300 0.171100 0.177900 0.184600 0.186200 0.207800
Okapi 0.242000 0.281500 0.195100 0.341100 0.243100 0.258200 0.265300 0.282100 0.191100 0.415100 0.222700 0.148300 0.221100 0.213000 0.133200 0.227000 0.000000 0.027600 0.198100 0.162400 0.155700 0.260600 0.290800 0.253300 0.223500 0.196200 0.206800 0.162100 0.196000 0.191200 0.447300 0.221200 0.238900 0.186100 0.228900 0.238300 0.264100 0.324800 0.168200 0.428900 0.228200 0.219100 0.388400 0.293600 0.239300 0.308500 0.164500 0.181700 0.207400 0.194400 0.162400 0.193900
Giraffe 0.206700 0.282400 0.162400 0.305400 0.207100 0.222500 0.227900 0.244700 0.159100 0.392300 0.188000 0.114800 0.186200 0.179600 0.102000 0.188200 0.027600 0.000000 0.164900 0.130800 0.122500 0.224200 0.252700 0.216100 0.188700 0.197000 0.171900 0.130600 0.160500 0.159200 0.423400 0.186400 0.239800 0.152400 0.194900 0.201000 0.229600 0.304300 0.135400 0.382600 0.192800 0.182100 0.366500 0.254800 0.202700 0.269500 0.135300 0.148900 0.171500 0.161700 0.130800 0.161500
TibetanAnt 0.190700 0.382400 0.115900 0.367000 0.106600 0.206500 0.192700 0.209900 0.113700 0.351900 0.137700 0.165400 0.170600 0.131800 0.057200 0.190600 0.198100 0.164900 0.000000 0.085700 0.139900 0.172800 0.275000 0.236800 0.138200 0.216400 0.156200 0.085500 0.161500 0.113800 0.427000 0.153700 0.339700 0.137200 0.115500 0.150600 0.179500 0.192600 0.152600 0.318900 0.249400 0.201300 0.326900 0.319100 0.154000 0.234700 0.104100 0.072100 0.121900 0.115200 0.085600 0.115400
Sitatunga 0.171700 0.337500 0.027200 0.310700 0.169800 0.187300 0.155500 0.242100 0.026700 0.386400 0.168100 0.099900 0.201300 0.099800 0.056400 0.186300 0.162400 0.130800 0.085700 0.000000 0.137500 0.203300 0.269000 0.231600 0.168600 0.194900 0.187100 0.000000 0.158700 0.026800 0.461700 0.119000 0.332200 0.167400 0.144300 0.116600 0.194100 0.261200 0.087500 0.398500 0.208500 0.180100 0.361100 0.311300 0.118500 0.265700 0.102600 0.070900 0.118600 0.113400 0.000100 0.027100
Oribi 0.220100 0.390700 0.170800 0.419000 0.145000 0.236800 0.184200 0.200400 0.167000 0.420900 0.162700 0.156600 0.158500 0.155000 0.075600 0.117700 0.155700 0.122500 0.139900 0.137500 0.000000 0.200700 0.290500 0.249900 0.163500 0.152500 0.126600 0.137200 0.081200 0.167300 0.455700 0.144000 0.356300 0.107500 0.135100 0.174400 0.205500 0.221700 0.126100 0.389800 0.262600 0.136800 0.392600 0.313500 0.179800 0.246100 0.092300 0.123900 0.148400 0.136800 0.137500 0.169700
BarbaryShe 0.045500 0.565200 0.239100 0.528100 0.196300 0.060600 0.257500 0.216800 0.233700 0.364500 0.029800 0.225300 0.143100 0.204700 0.139500 0.240600 0.260600 0.224200 0.172800 0.203300 0.200700 0.000000 0.245100 0.169400 0.060900 0.288300 0.163200 0.203100 0.206200 0.233900 0.395200 0.212000 0.421200 0.161300 0.203500 0.212000 0.103500 0.235600 0.174200 0.263300 0.259000 0.231600 0.338800 0.247300 0.214700 0.204400 0.194100 0.172300 0.182100 0.203000 0.202500 0.237800
Daviddeer 0.226200 0.620100 0.289100 0.590200 0.324500 0.243300 0.332800 0.269700 0.300600 0.202900 0.204700 0.254000 0.284800 0.287600 0.199700 0.323000 0.290800 0.252700 0.275000 0.269000 0.290500 0.245100 0.000000 0.067000 0.205600 0.392600 0.269400 0.268200 0.303200 0.300700 0.227400 0.280500 0.560800 0.285100 0.309200 0.324700 0.287000 0.378800 0.301900 0.252400 0.048000 0.377400 0.200400 0.139200 0.326600 0.412400 0.261900 0.217900 0.210700 0.267300 0.268900 0.285200
Reindeer 0.151000 0.596000 0.269300 0.544100 0.283500 0.167400 0.290800 0.209000 0.262900 0.163200 0.168000 0.217100 0.244800 0.250100 0.163900 0.256900 0.253300 0.216100 0.236800 0.231600 0.249900 0.169400 0.067000 0.000000 0.168800 0.321800 0.229400 0.231100 0.238400 0.263000 0.186100 0.241600 0.459200 0.245000 0.269900 0.282700 0.249500 0.334600 0.222100 0.168300 0.082200 0.306100 0.142600 0.067200 0.285100 0.321700 0.223300 0.181600 0.171700 0.230900 0.231600 0.247700
Ibex 0.076800 0.509500 0.202800 0.459600 0.159800 0.092100 0.217600 0.198700 0.198200 0.363200 0.029700 0.188800 0.142400 0.169300 0.106200 0.218000 0.223500 0.188700 0.138200 0.168600 0.163500 0.060900 0.205600 0.168800 0.000000 0.267100 0.127600 0.168400 0.186800 0.198400 0.393700 0.175300 0.420500 0.126100 0.168500 0.173700 0.102900 0.197200 0.173400 0.262300 0.219500 0.211400 0.337600 0.247000 0.177800 0.243000 0.158000 0.137900 0.144200 0.167900 0.165600 0.201400
GyrantGaze 0.310100 0.406200 0.231300 0.499700 0.247700 0.328400 0.295000 0.244700 0.226100 0.544300 0.265700 0.217200 0.283600 0.252800 0.163300 0.127900 0.196200 0.197000 0.216400 0.194900 0.152500 0.288300 0.392600 0.321800 0.267100 0.000000 0.268300 0.194600 0.101300 0.226200 0.528100 0.284000 0.367100 0.243300 0.269700 0.261100 0.270400 0.337100 0.165900 0.453400 0.314500 0.050000 0.510900 0.392800 0.263000 0.363200 0.183100 0.217900 0.226900 0.230100 0.195000 0.230000
Hartebeest 0.180900 0.489100 0.222600 0.458800 0.180100 0.197600 0.241500 0.278300 0.217000 0.445800 0.127100 0.208100 0.029700 0.206300 0.123400 0.203400 0.206800 0.171900 0.156200 0.187100 0.126600 0.163200 0.269400 0.229400 0.127600 0.268300 0.000000 0.186700 0.188000 0.217200 0.481700 0.197200 0.376600 0.014900 0.119500 0.180200 0.170200 0.259000 0.176500 0.385200 0.242700 0.212300 0.416900 0.270500 0.195300 0.288500 0.159100 0.139900 0.201700 0.186300 0.187000 0.186100
Bongo 0.171400 0.337000 0.027200 0.310100 0.169500 0.186900 0.155200 0.241600 0.026600 0.385300 0.167800 0.099700 0.200900 0.099600 0.056300 0.186400 0.162100 0.130600 0.085500 0.000000 0.137200 0.203100 0.268200 0.231100 0.168400 0.194600 0.186700 0.000000 0.158400 0.026600 0.460300 0.118800 0.331500 0.167100 0.144100 0.117000 0.193800 0.260600 0.087300 0.397000 0.208000 0.179800 0.360100 0.310500 0.118200 0.265100 0.102400 0.070800 0.118600 0.113300 0.000000 0.026900
Gerenuk 0.226300 0.432700 0.193800 0.412800 0.188200 0.243400 0.210400 0.150100 0.189400 0.464300 0.186000 0.179400 0.203300 0.177200 0.094100 0.035100 0.196000 0.160500 0.161500 0.158700 0.081200 0.206200 0.303200 0.238400 0.186800 0.101300 0.188000 0.158400 0.000000 0.189600 0.447900 0.204000 0.324700 0.166300 0.193300 0.202700 0.159400 0.290900 0.129300 0.380700 0.273900 0.085200 0.433800 0.303200 0.204600 0.296700 0.078400 0.144700 0.170300 0.157800 0.158700 0.192700
CommonElan 0.201900 0.368700 0.054200 0.340900 0.199800 0.217500 0.185600 0.273200 0.053000 0.420900 0.197800 0.127800 0.231200 0.127700 0.084200 0.219300 0.191200 0.159200 0.113800 0.026800 0.167300 0.233900 0.300700 0.263000 0.198400 0.226200 0.217200 0.026600 0.189600 0.000000 0.497300 0.148000 0.364300 0.196900 0.172700 0.146400 0.223200 0.292500 0.116100 0.432800 0.239200 0.211600 0.395000 0.343900 0.147300 0.297300 0.116400 0.098900 0.149000 0.141400 0.026700 0.026500
MuntiacusR 0.370100 0.807600 0.489200 0.809300 0.439800 0.389700 0.451600 0.451500 0.497400 0.054400 0.392200 0.445700 0.498100 0.487200 0.381800 0.528300 0.447300 0.423400 0.427000 0.461700 0.455700 0.395200 0.227400 0.186100 0.393700 0.528100 0.481700 0.460300 0.447900 0.497300 0.000000 0.434400 0.632200 0.498400 0.520600 0.545500 0.437000 0.451200 0.462700 0.316600 0.241800 0.542200 0.091200 0.272700 0.547000 0.389000 0.466100 0.358300 0.362700 0.461000 0.461400 0.479600
HarveysDui 0.194900 0.371000 0.150900 0.451800 0.175800 0.211000 0.030100 0.273500 0.147800 0.402700 0.174500 0.169900 0.211900 0.042900 0.089800 0.246800 0.221200 0.186400 0.153700 0.119000 0.144000 0.212000 0.280500 0.241600 0.175300 0.284000 0.197200 0.118800 0.204000 0.148000 0.434400 0.000000 0.347600 0.212400 0.184500 0.189900 0.235200 0.212700 0.140000 0.441500 0.275000 0.269000 0.376100 0.324800 0.193200 0.239200 0.140200 0.105300 0.142800 0.150100 0.118900 0.150200
Pronghorn 0.445300 0.410200 0.333400 0.497900 0.395500 0.465200 0.318000 0.424500 0.364200 0.646400 0.419100 0.359400 0.391700 0.333100 0.262300 0.391300 0.238900 0.239800 0.339700 0.332200 0.356300 0.421200 0.560800 0.459200 0.420500 0.367100 0.376600 0.331500 0.324700 0.364300 0.632200 0.347600 0.000000 0.348800 0.333700 0.435800 0.418000 0.507000 0.305200 0.678100 0.520500 0.399900 0.641600 0.512000 0.436800 0.490100 0.306600 0.358400 0.361300 0.293900 0.332600 0.348700
BlueWildeb 0.178900 0.458200 0.201600 0.432200 0.177900 0.195400 0.257600 0.253800 0.196700 0.462000 0.125600 0.187300 0.044500 0.186200 0.105300 0.180300 0.186100 0.152400 0.137200 0.167400 0.107500 0.161300 0.285100 0.245000 0.126100 0.243300 0.014900 0.167100 0.166300 0.196900 0.498400 0.212400 0.348800 0.000000 0.102100 0.159600 0.168300 0.256700 0.174200 0.379900 0.257900 0.189100 0.433000 0.286600 0.174000 0.263200 0.139600 0.154100 0.179400 0.166600 0.167400 0.166600
Gemsbok 0.221600 0.497200 0.176000 0.436900 0.169600 0.237300 0.224500 0.278000 0.172400 0.484800 0.167900 0.194800 0.149500 0.160900 0.085700 0.223800 0.228900 0.194900 0.115500 0.144300 0.135100 0.203500 0.309200 0.269900 0.168500 0.269700 0.119500 0.144100 0.193300 0.172700 0.520600 0.184500 0.333700 0.102100 0.000000 0.214500 0.208400 0.261000 0.182900 0.449700 0.282500 0.254700 0.455900 0.353700 0.218100 0.347200 0.134000 0.131500 0.152500 0.128600 0.144300 0.174800
Yak 0.176300 0.458400 0.148300 0.478500 0.210400 0.193400 0.232400 0.252600 0.146400 0.507900 0.173700 0.102100 0.195000 0.164600 0.117200 0.234600 0.238300 0.201000 0.150600 0.116600 0.174400 0.212000 0.324700 0.282700 0.173700 0.261100 0.180200 0.117000 0.202700 0.146400 0.545500 0.189900 0.435800 0.159600 0.214500 0.000000 0.200800 0.272100 0.188100 0.377200 0.295800 0.205700 0.477600 0.372400 0.000000 0.235500 0.169300 0.166100 0.179400 0.179500 0.116500 0.148800
BlueSheep 0.118300 0.552600 0.227700 0.493900 0.201600 0.133200 0.242200 0.242500 0.223100 0.452400 0.072100 0.230200 0.151000 0.227100 0.147400 0.224200 0.264100 0.229600 0.179500 0.194100 0.205500 0.103500 0.287000 0.249500 0.102900 0.270400 0.170200 0.193800 0.159400 0.223200 0.437000 0.235200 0.418000 0.168300 0.208400 0.200800 0.000000 0.257500 0.214300 0.350000 0.261600 0.217300 0.425100 0.330300 0.204100 0.306700 0.166700 0.178600 0.222700 0.208300 0.191900 0.226700
BohorReedb 0.254800 0.501900 0.299600 0.553000 0.078300 0.272200 0.258200 0.365300 0.292200 0.417300 0.196300 0.325500 0.273900 0.241800 0.193600 0.332600 0.324800 0.304300 0.192600 0.261200 0.221700 0.235600 0.378800 0.334600 0.197200 0.337100 0.259000 0.260600 0.290900 0.292500 0.451200 0.212700 0.507000 0.256700 0.261000 0.272100 0.257500 0.000000 0.232100 0.362100 0.371900 0.298800 0.389400 0.430500 0.276200 0.298800 0.252800 0.228600 0.261200 0.260900 0.259500 0.297000
KirksDik 0.157700 0.311100 0.118600 0.370500 0.140600 0.173200 0.179800 0.250200 0.116000 0.428900 0.172800 0.136500 0.191000 0.135400 0.089000 0.155100 0.168200 0.135400 0.152600 0.087500 0.126100 0.174200 0.301900 0.222100 0.173400 0.165900 0.176500 0.087300 0.129300 0.116100 0.462700 0.140000 0.305200 0.174200 0.182900 0.188100 0.214300 0.232100 0.000000 0.324300 0.236000 0.150700 0.401000 0.261500 0.192700 0.239700 0.122300 0.119900 0.159300 0.149100 0.080200 0.117800
RoeDeer 0.241000 0.713400 0.446600 0.718200 0.350200 0.259900 0.514200 0.360600 0.433000 0.286400 0.261100 0.384200 0.401200 0.422400 0.319800 0.404400 0.428900 0.382600 0.318900 0.398500 0.389800 0.263300 0.252400 0.168300 0.262300 0.453400 0.385200 0.397000 0.380700 0.432800 0.316600 0.441500 0.678100 0.379900 0.449700 0.377200 0.350000 0.362100 0.324300 0.000000 0.266400 0.383900 0.307000 0.255400 0.378400 0.376700 0.398900 0.362300 0.343300 0.397100 0.399700 0.416200
WhiteLippe 0.240000 0.528400 0.226900 0.509100 0.295900 0.256900 0.326900 0.283300 0.239100 0.217400 0.218600 0.193700 0.257800 0.282800 0.177300 0.292300 0.228200 0.192800 0.249400 0.208500 0.262600 0.259000 0.048000 0.082200 0.219500 0.314500 0.242700 0.208000 0.273900 0.239200 0.241800 0.275000 0.520500 0.257900 0.282500 0.295800 0.261600 0.371900 0.236000 0.266400 0.000000 0.298900 0.214700 0.153900 0.297900 0.403100 0.236500 0.194600 0.224900 0.242800 0.208500 0.224200
ThomsonGaz 0.252100 0.439100 0.216800 0.484200 0.232000 0.270400 0.279700 0.229100 0.211500 0.558400 0.210300 0.202100 0.227800 0.238200 0.148100 0.110700 0.219100 0.182100 0.201300 0.180100 0.136800 0.231600 0.377400 0.306100 0.211400 0.050000 0.212300 0.179800 0.085200 0.211600 0.542200 0.269000 0.399900 0.189100 0.254700 0.205700 0.217300 0.298800 0.150700 0.383900 0.298900 0.000000 0.523900 0.377500 0.208300 0.302500 0.167700 0.202700 0.211500 0.215300 0.180200 0.215200
MuntiacusC 0.316000 0.715400 0.384700 0.699700 0.380000 0.334400 0.438600 0.389500 0.395000 0.035100 0.336100 0.388000 0.432800 0.427000 0.327700 0.457300 0.388400 0.366500 0.326900 0.361100 0.392600 0.338800 0.200400 0.142600 0.337600 0.510900 0.416900 0.360100 0.433800 0.395000 0.091200 0.376100 0.641600 0.433000 0.455900 0.477600 0.425100 0.389400 0.401000 0.307000 0.214700 0.523900 0.000000 0.223100 0.479100 0.331800 0.404100 0.265900 0.305900 0.402400 0.361000 0.378200
WhiteTaile 0.227000 0.658600 0.353400 0.549100 0.371600 0.244300 0.381700 0.269400 0.343900 0.246200 0.245300 0.296900 0.285900 0.331500 0.239500 0.323200 0.293600 0.254800 0.319100 0.311300 0.313500 0.247300 0.139200 0.067200 0.247000 0.392800 0.270500 0.310500 0.303200 0.343900 0.272700 0.324800 0.512000 0.286600 0.353700 0.372400 0.330300 0.430500 0.261500 0.255400 0.153900 0.377500 0.223100 0.000000 0.374500 0.368800 0.283500 0.259100 0.253900 0.310700 0.311000 0.328200
Cattle 0.180900 0.461300 0.150300 0.480600 0.214900 0.197700 0.237100 0.255700 0.147300 0.509200 0.177100 0.103600 0.210300 0.169100 0.121400 0.237200 0.239300 0.202700 0.154000 0.118500 0.179800 0.214700 0.326600 0.285100 0.177800 0.263000 0.195300 0.118200 0.204600 0.147300 0.547000 0.193200 0.436800 0.174000 0.218100 0.000000 0.204100 0.276200 0.192700 0.378400 0.297900 0.208300 0.479100 0.374500 0.000000 0.241800 0.174300 0.170700 0.194500 0.183200 0.118400 0.149700
RoyalAntel 0.224800 0.535900 0.306200 0.633600 0.276500 0.242500 0.297300 0.281500 0.277100 0.357700 0.241700 0.291600 0.303400 0.248800 0.234900 0.333700 0.308500 0.269500 0.234700 0.265700 0.246100 0.204400 0.412400 0.321700 0.243000 0.363200 0.288500 0.265100 0.296700 0.297300 0.389000 0.239200 0.490100 0.263200 0.347200 0.235500 0.306700 0.298800 0.239700 0.376700 0.403100 0.302500 0.331800 0.368800 0.241800 0.000000 0.238300 0.253700 0.267400 0.305600 0.265900 0.302800
Steenbok 0.212900 0.382500 0.134100 0.337600 0.159200 0.229200 0.178800 0.159300 0.115400 0.432000 0.157400 0.152300 0.173800 0.118700 0.043500 0.100300 0.164500 0.135300 0.104100 0.102600 0.092300 0.194100 0.261900 0.223300 0.158000 0.183100 0.159100 0.102400 0.078400 0.116400 0.466100 0.140200 0.306600 0.139600 0.134000 0.169300 0.166700 0.252800 0.122300 0.398900 0.236500 0.167700 0.404100 0.283500 0.174300 0.238300 0.000000 0.088900 0.106600 0.102100 0.102500 0.133300
Impala 0.190000 0.401000 0.100900 0.347300 0.138900 0.205700 0.141800 0.228000 0.098700 0.288600 0.137400 0.149100 0.154200 0.116900 0.042700 0.171100 0.181700 0.148900 0.072100 0.070900 0.123900 0.172300 0.217900 0.181600 0.137900 0.217900 0.139900 0.070800 0.144700 0.098900 0.358300 0.105300 0.358400 0.154100 0.131500 0.166100 0.178600 0.228600 0.119900 0.362300 0.194600 0.202700 0.265900 0.259100 0.170700 0.253700 0.088900 0.000000 0.071000 0.100100 0.070900 0.100200
Klipspring 0.200900 0.444000 0.152200 0.417600 0.181400 0.217600 0.183900 0.221100 0.148800 0.332100 0.143900 0.171900 0.216700 0.119800 0.055800 0.177900 0.207400 0.171500 0.121900 0.118600 0.148400 0.182100 0.210700 0.171700 0.144200 0.226900 0.201700 0.118600 0.170300 0.149000 0.362700 0.142800 0.361300 0.179400 0.152500 0.179400 0.222700 0.261200 0.159300 0.343300 0.224900 0.211500 0.305900 0.253900 0.194500 0.267400 0.106600 0.071000 0.000000 0.118300 0.118600 0.151400
ForestMusk 0.221100 0.362000 0.143800 0.356700 0.169200 0.237100 0.188400 0.240500 0.141200 0.429000 0.167300 0.130600 0.200600 0.129300 0.056000 0.184600 0.194400 0.161700 0.115200 0.113400 0.136800 0.203000 0.267300 0.230900 0.167900 0.230100 0.186300 0.113300 0.157800 0.141400 0.461000 0.150100 0.293900 0.166600 0.128600 0.179500 0.208300 0.260900 0.149100 0.397100 0.242800 0.215300 0.402400 0.310700 0.183200 0.305600 0.102100 0.100100 0.118300 0.000000 0.113400 0.143200
Bushbuck 0.167900 0.337700 0.027200 0.311100 0.166100 0.184000 0.155500 0.242100 0.026700 0.386300 0.166000 0.099800 0.201200 0.099800 0.056300 0.186200 0.162400 0.130800 0.085600 0.000100 0.137500 0.202500 0.268900 0.231600 0.165600 0.195000 0.187000 0.000000 0.158700 0.026700 0.461400 0.118900 0.332600 0.167400 0.144300 0.116500 0.191900 0.259500 0.080200 0.399700 0.208500 0.180200 0.361000 0.311000 0.118400 0.265900 0.102500 0.070900 0.118600 0.113400 0.000000 0.027100
GreaterKud 0.205300 0.375300 0.054900 0.345400 0.185100 0.221100 0.188600 0.278200 0.053700 0.403700 0.200800 0.129700 0.200200 0.129600 0.085300 0.207800 0.193900 0.161500 0.115400 0.027100 0.169700 0.237800 0.285200 0.247700 0.201400 0.230000 0.186100 0.026900 0.192700 0.026500 0.479600 0.150200 0.348700 0.166600 0.174800 0.148800 0.226700 0.297000 0.117800 0.416200 0.224200 0.215200 0.378200 0.328200 0.149700 0.302800 0.133300 0.100200 0.151400 0.143200 0.027100 0.000000
