1
52 1
Argali 0.000000 0.205500 0.056700 0.154300 0.040700 0.002400 0.046400 0.056400 0.067500 0.121200 0.012600 0.054000 0.020300 0.053900 0.070300 0.056300 0.080900 0.069800 0.063100 0.064800 0.041900 0.028000 0.113000 0.091400 0.015100 0.050300 0.022200 0.064600 0.051300 0.059200 0.121100 0.054200 0.091800 0.024300 0.022800 0.048800 0.017700 0.043500 0.048900 0.116100 0.104600 0.043600 0.118400 0.105200 0.046200 0.046000 0.056800 0.059900 0.051400 0.051300 0.059200 0.064700
LesserMous 0.205500 0.000000 0.202400 0.231600 0.202000 0.202500 0.207300 0.223700 0.202500 0.263800 0.205600 0.211600 0.200200 0.208700 0.231900 0.229800 0.211800 0.208200 0.216700 0.205400 0.209100 0.222100 0.251500 0.239900 0.208800 0.211500 0.197400 0.208200 0.221400 0.204800 0.263600 0.207100 0.202500 0.200100 0.206000 0.196400 0.212100 0.187400 0.213100 0.255000 0.235000 0.215600 0.260500 0.249200 0.193400 0.205700 0.222500 0.207800 0.199900 0.202400 0.201700 0.208500
LesserKudu 0.056700 0.202400 0.000000 0.159900 0.046000 0.054100 0.059800 0.072500 0.012600 0.110000 0.054000 0.030500 0.048900 0.067700 0.073000 0.075200 0.072700 0.061800 0.087200 0.015100 0.059500 0.067600 0.096300 0.086100 0.056700 0.070000 0.051700 0.009800 0.067400 0.007300 0.109900 0.059700 0.078100 0.054200 0.056800 0.025400 0.064800 0.046200 0.065100 0.102100 0.088100 0.062200 0.107200 0.094100 0.027900 0.059300 0.062400 0.065400 0.059500 0.038200 0.005000 0.009800
KillerWhal 0.154300 0.231600 0.159900 0.000000 0.156900 0.151500 0.173700 0.165800 0.169200 0.209400 0.148400 0.163000 0.160900 0.163200 0.184900 0.171700 0.187300 0.168600 0.195300 0.165800 0.154900 0.163800 0.209900 0.195900 0.151400 0.166100 0.164200 0.168600 0.163500 0.166200 0.209200 0.173500 0.177700 0.166900 0.169600 0.151400 0.160500 0.154600 0.167300 0.213400 0.197400 0.158000 0.206300 0.195500 0.148500 0.166200 0.164200 0.167800 0.154800 0.148200 0.162400 0.168800
DefassaWat 0.040700 0.202000 0.046000 0.156900 0.000000 0.038100 0.041000 0.056200 0.054000 0.107000 0.038300 0.040700 0.030500 0.048500 0.056700 0.056200 0.067100 0.056300 0.063000 0.051200 0.038200 0.048700 0.101600 0.083000 0.040700 0.048400 0.033100 0.051200 0.045900 0.048500 0.106900 0.043500 0.077900 0.035600 0.038200 0.035600 0.048600 0.016900 0.043500 0.104700 0.093300 0.043400 0.104200 0.093900 0.038200 0.040700 0.046100 0.043700 0.046000 0.038100 0.045800 0.051200
Sheep 0.002400 0.202500 0.054100 0.151500 0.038100 0.000000 0.043800 0.053800 0.064900 0.118400 0.010000 0.051400 0.017100 0.051300 0.067700 0.053700 0.078200 0.067200 0.060600 0.062000 0.040900 0.025400 0.110200 0.088700 0.012600 0.051200 0.020300 0.062000 0.048700 0.056500 0.118400 0.051600 0.089100 0.022100 0.020200 0.046200 0.014700 0.040900 0.046300 0.113400 0.101900 0.041000 0.115600 0.102400 0.043600 0.043400 0.054500 0.057200 0.048800 0.048700 0.056500 0.062000
MaxwellsDu 0.046400 0.207300 0.059800 0.173700 0.041000 0.043800 0.000000 0.062200 0.068100 0.119400 0.043800 0.054400 0.036000 0.022900 0.062700 0.062100 0.081500 0.070400 0.066300 0.065200 0.049200 0.054600 0.111200 0.089500 0.046400 0.059600 0.032600 0.065100 0.057100 0.059700 0.119300 0.023000 0.087000 0.041300 0.043900 0.043900 0.050900 0.043800 0.049300 0.114300 0.097100 0.049200 0.116600 0.103300 0.046500 0.046400 0.062700 0.055000 0.049200 0.051700 0.059600 0.065200
GazellaPrz 0.056400 0.223700 0.072500 0.165800 0.056200 0.053800 0.062200 0.000000 0.083600 0.132300 0.059000 0.072500 0.056600 0.069700 0.089200 0.051000 0.088900 0.077800 0.089400 0.075300 0.033000 0.075300 0.129600 0.110600 0.061700 0.043300 0.054100 0.075200 0.038300 0.074500 0.132200 0.064700 0.099900 0.061900 0.064500 0.061900 0.064500 0.059100 0.037800 0.132900 0.115500 0.038300 0.129400 0.121800 0.059200 0.067000 0.046200 0.075900 0.069900 0.064500 0.075000 0.075200
MountainNy 0.067500 0.202500 0.012600 0.169200 0.054000 0.064900 0.068100 0.083600 0.000000 0.118600 0.064900 0.038300 0.057000 0.075000 0.081400 0.083500 0.081000 0.070000 0.095500 0.017000 0.062300 0.075900 0.104800 0.094500 0.067600 0.078200 0.059800 0.012200 0.075700 0.009700 0.118500 0.067900 0.086500 0.062600 0.065000 0.030600 0.075800 0.054200 0.073400 0.110700 0.096500 0.070500 0.115800 0.102600 0.032300 0.067500 0.070600 0.073700 0.067700 0.046100 0.007500 0.017700
MuntiacusM 0.121200 0.263800 0.110000 0.209400 0.107000 0.118400 0.119400 0.132300 0.118600 0.000000 0.118400 0.109800 0.110400 0.126700 0.138700 0.134900 0.132500 0.115200 0.138100 0.115500 0.118700 0.124400 0.052500 0.042600 0.121300 0.129200 0.113400 0.115400 0.127000 0.112400 0.004700 0.124800 0.132400 0.116000 0.118700 0.104400 0.129900 0.110200 0.124800 0.060500 0.047900 0.121600 0.002400 0.040000 0.107900 0.123900 0.121900 0.125300 0.124300 0.085100 0.109600 0.115500
goat 0.012600 0.205600 0.054000 0.148400 0.038300 0.010000 0.043800 0.059000 0.064900 0.118400 0.000000 0.051400 0.022100 0.051300 0.067600 0.059000 0.078100 0.067200 0.060500 0.062000 0.046100 0.024600 0.110600 0.088700 0.002400 0.056400 0.025400 0.061900 0.053900 0.056500 0.118300 0.051600 0.086300 0.028000 0.025400 0.046200 0.015100 0.040900 0.051600 0.107700 0.101800 0.046200 0.115600 0.102400 0.048800 0.043000 0.059500 0.051800 0.048800 0.048700 0.056500 0.062000
AfricanBuf 0.054000 0.211600 0.030500 0.163000 0.040700 0.051400 0.054400 0.072500 0.038300 0.109800 0.051400 0.000000 0.043600 0.061900 0.067500 0.069700 0.072600 0.061700 0.081700 0.035600 0.054100 0.062200 0.096200 0.085900 0.054000 0.064500 0.046300 0.033900 0.062000 0.032900 0.109700 0.050800 0.083500 0.048900 0.051500 0.019500 0.062100 0.043500 0.059700 0.102000 0.088000 0.056800 0.107000 0.093900 0.022800 0.054000 0.062300 0.059900 0.054100 0.038200 0.030400 0.033700
Topi 0.020300 0.200200 0.048900 0.160900 0.030500 0.017100 0.036000 0.056600 0.057000 0.110400 0.022100 0.043600 0.000000 0.043500 0.059800 0.051300 0.070300 0.059400 0.052900 0.054200 0.038400 0.031400 0.101500 0.080800 0.025400 0.048700 0.002500 0.054200 0.046200 0.048800 0.110300 0.043800 0.081200 0.005000 0.017700 0.038400 0.031400 0.033200 0.043800 0.105400 0.094000 0.036800 0.107600 0.094500 0.041100 0.035700 0.051700 0.049400 0.041100 0.041000 0.048800 0.054200
CommonDuik 0.053900 0.208700 0.067700 0.163200 0.048500 0.051300 0.022900 0.069700 0.075000 0.126700 0.051300 0.061900 0.043500 0.000000 0.078400 0.069600 0.089000 0.077900 0.073700 0.072700 0.056600 0.056700 0.118500 0.096800 0.053900 0.067000 0.041000 0.072600 0.064500 0.067100 0.126600 0.029500 0.089000 0.048800 0.051400 0.051400 0.062000 0.051300 0.056900 0.121700 0.104500 0.056700 0.123900 0.110600 0.054100 0.053900 0.064800 0.062500 0.056700 0.053900 0.067100 0.072700
Suni 0.070300 0.231900 0.073000 0.184900 0.056700 0.067700 0.062700 0.089200 0.081400 0.138700 0.067600 0.067500 0.059800 0.078400 0.000000 0.086300 0.089300 0.078500 0.098300 0.078400 0.070500 0.078700 0.130300 0.114200 0.070400 0.075600 0.062600 0.078300 0.078500 0.075500 0.138600 0.076200 0.100500 0.065200 0.067800 0.062300 0.078600 0.059700 0.076600 0.133600 0.121700 0.073300 0.135800 0.122400 0.065000 0.070300 0.084400 0.054800 0.076000 0.064800 0.072800 0.078400
Springbuck 0.056300 0.229800 0.075200 0.171700 0.056200 0.053700 0.062100 0.051000 0.083500 0.134900 0.059000 0.069700 0.051300 0.069600 0.086300 0.000000 0.079300 0.069600 0.089300 0.075100 0.027900 0.064500 0.126600 0.104900 0.061600 0.027700 0.054000 0.075100 0.025300 0.074900 0.134700 0.070000 0.102500 0.056500 0.058700 0.064500 0.064400 0.058600 0.040800 0.129900 0.118100 0.017700 0.132000 0.118800 0.061800 0.061600 0.046100 0.075800 0.067100 0.061700 0.074900 0.075100
Okapi 0.080900 0.211800 0.072700 0.187300 0.067100 0.078200 0.081500 0.088900 0.081000 0.132500 0.078100 0.072600 0.070300 0.089000 0.089300 0.079300 0.000000 0.027800 0.108900 0.072700 0.070200 0.086600 0.124200 0.108200 0.080200 0.080800 0.073100 0.072600 0.078300 0.075200 0.132400 0.086900 0.100100 0.070300 0.078300 0.067300 0.083800 0.070100 0.070500 0.127400 0.115700 0.073000 0.129600 0.110700 0.070000 0.080800 0.078600 0.081700 0.081100 0.053900 0.072500 0.072700
Giraffe 0.069800 0.208200 0.061800 0.168600 0.056300 0.067200 0.070400 0.077800 0.070000 0.115200 0.067200 0.061700 0.059400 0.077900 0.078500 0.069600 0.027800 0.000000 0.097700 0.061800 0.059300 0.078200 0.107100 0.091300 0.069900 0.069800 0.062100 0.061700 0.067200 0.064300 0.115200 0.075700 0.083300 0.059400 0.067300 0.056500 0.072700 0.059200 0.059500 0.110200 0.098800 0.062100 0.112400 0.093800 0.059200 0.064500 0.067600 0.070600 0.070000 0.048500 0.061600 0.061800
TibetanAnt 0.063100 0.216700 0.087200 0.195300 0.063000 0.060600 0.066300 0.089400 0.095500 0.138100 0.060500 0.081700 0.052900 0.073700 0.098300 0.089300 0.108900 0.097700 0.000000 0.092500 0.076400 0.071300 0.123800 0.108400 0.063200 0.086200 0.050400 0.092500 0.084300 0.086900 0.138000 0.074100 0.108700 0.058100 0.060700 0.071200 0.071100 0.065900 0.076700 0.133100 0.116000 0.076500 0.135300 0.122200 0.073900 0.073600 0.084700 0.087900 0.065900 0.079000 0.086900 0.092500
Sitatunga 0.064800 0.205400 0.015100 0.165800 0.051200 0.062000 0.065200 0.075300 0.017000 0.115500 0.062000 0.035600 0.054200 0.072700 0.078400 0.075100 0.072700 0.061800 0.092500 0.000000 0.059500 0.073000 0.101800 0.091500 0.064700 0.069900 0.057000 0.004900 0.067400 0.012200 0.115400 0.065100 0.083500 0.059600 0.062100 0.030500 0.072900 0.049300 0.065100 0.107600 0.094500 0.062200 0.112700 0.099500 0.033100 0.064600 0.062400 0.070800 0.064800 0.043400 0.009700 0.010000
Oribi 0.041900 0.209100 0.059500 0.154900 0.038200 0.040900 0.049200 0.033000 0.062300 0.118700 0.046100 0.054100 0.038400 0.056600 0.070500 0.027900 0.070200 0.059300 0.076400 0.059500 0.000000 0.056900 0.110500 0.091700 0.048800 0.020200 0.041100 0.059400 0.017100 0.059300 0.118600 0.051700 0.086500 0.043700 0.046200 0.048900 0.051500 0.040900 0.024300 0.113700 0.102100 0.015200 0.115900 0.102700 0.046300 0.048700 0.027100 0.057300 0.054200 0.046200 0.059300 0.059500
BarbaryShe 0.028000 0.222100 0.067600 0.163800 0.048700 0.025400 0.054600 0.075300 0.075900 0.124400 0.024600 0.062200 0.031400 0.056700 0.078700 0.064500 0.086600 0.078200 0.071300 0.073000 0.056900 0.000000 0.113200 0.094400 0.028000 0.067300 0.035900 0.072900 0.064800 0.067400 0.124300 0.062500 0.089000 0.038500 0.035800 0.056900 0.035800 0.051500 0.062500 0.118600 0.104800 0.056900 0.121500 0.108300 0.059600 0.053600 0.065100 0.062800 0.059600 0.051500 0.067400 0.073000
Daviddeer 0.113000 0.251500 0.096300 0.209900 0.101600 0.110200 0.111200 0.129600 0.104800 0.052500 0.110600 0.096200 0.101500 0.118500 0.130300 0.126600 0.124200 0.107100 0.123800 0.101800 0.110500 0.113200 0.000000 0.040100 0.113100 0.121300 0.105200 0.101700 0.118700 0.098800 0.052500 0.116500 0.121200 0.107800 0.110400 0.090900 0.121600 0.104800 0.116500 0.055400 0.021400 0.110500 0.046900 0.041000 0.093600 0.115700 0.108000 0.117000 0.116100 0.082600 0.096000 0.101800
Reindeer 0.091400 0.239900 0.086100 0.195900 0.083000 0.088700 0.089500 0.110600 0.094500 0.042600 0.088700 0.085900 0.080800 0.096800 0.114200 0.104900 0.108200 0.091300 0.108400 0.091500 0.091700 0.094400 0.040100 0.000000 0.091500 0.102300 0.083700 0.091400 0.099800 0.088500 0.042600 0.097500 0.113700 0.086300 0.088900 0.080600 0.099900 0.086100 0.097500 0.032600 0.037500 0.091800 0.040100 0.022500 0.083400 0.094100 0.094700 0.097900 0.094400 0.067000 0.085800 0.091500
Ibex 0.015100 0.208800 0.056700 0.151400 0.040700 0.012600 0.046400 0.061700 0.067600 0.121300 0.002400 0.054000 0.025400 0.053900 0.070400 0.061600 0.080200 0.069900 0.063200 0.064700 0.048800 0.028000 0.113100 0.091500 0.000000 0.059100 0.026900 0.064600 0.055600 0.059200 0.121200 0.054300 0.089100 0.030600 0.027900 0.045900 0.017700 0.043500 0.054300 0.110600 0.104600 0.048800 0.118500 0.105200 0.051500 0.046000 0.062200 0.054500 0.051500 0.051400 0.059200 0.064700
GyrantGaze 0.050300 0.211500 0.070000 0.166100 0.048400 0.051200 0.059600 0.043300 0.078200 0.129200 0.056400 0.064500 0.048700 0.067000 0.075600 0.027700 0.080800 0.069800 0.086200 0.069900 0.020200 0.067300 0.121300 0.102300 0.059100 0.000000 0.051500 0.069900 0.017600 0.069700 0.129400 0.062100 0.091600 0.054000 0.056600 0.059300 0.061900 0.051200 0.035800 0.124500 0.112800 0.015100 0.126700 0.113400 0.056600 0.059100 0.036800 0.067800 0.064600 0.056500 0.069700 0.069900
Hartebeest 0.022200 0.197400 0.051700 0.164200 0.033100 0.020300 0.032600 0.054100 0.059800 0.113400 0.025400 0.046300 0.002500 0.041000 0.062600 0.054000 0.073100 0.062100 0.050400 0.057000 0.041100 0.035900 0.105200 0.083700 0.026900 0.051500 0.000000 0.056900 0.048900 0.051500 0.113300 0.040200 0.078600 0.007600 0.020300 0.035900 0.035900 0.035900 0.041300 0.108400 0.091300 0.041200 0.110600 0.097400 0.038500 0.038400 0.054500 0.052100 0.038500 0.043700 0.051500 0.057000
Bongo 0.064600 0.208200 0.009800 0.168600 0.051200 0.062000 0.065100 0.075200 0.012200 0.115400 0.061900 0.033900 0.054200 0.072600 0.078300 0.075100 0.072600 0.061700 0.092500 0.004900 0.059400 0.072900 0.101700 0.091400 0.064600 0.069900 0.056900 0.000000 0.067400 0.007300 0.115300 0.065000 0.083400 0.059500 0.062100 0.029400 0.073300 0.051400 0.065000 0.107500 0.093400 0.062200 0.112600 0.099400 0.033100 0.064600 0.062300 0.070700 0.064800 0.043400 0.004800 0.005000
Gerenuk 0.051300 0.221400 0.067400 0.163500 0.045900 0.048700 0.057100 0.038300 0.075700 0.127000 0.053900 0.062000 0.046200 0.064500 0.078500 0.025300 0.078300 0.067200 0.084300 0.067400 0.017100 0.064800 0.118700 0.099800 0.055600 0.017600 0.048900 0.067400 0.000000 0.067200 0.126900 0.059600 0.094700 0.051500 0.054100 0.056800 0.059300 0.048700 0.033300 0.121900 0.110300 0.012300 0.124100 0.110900 0.053600 0.056600 0.035800 0.065300 0.062100 0.054000 0.067200 0.067400
CommonElan 0.059200 0.204800 0.007300 0.166200 0.048500 0.056500 0.059700 0.074500 0.009700 0.112400 0.056500 0.032900 0.048800 0.067100 0.075500 0.074900 0.075200 0.064300 0.086900 0.012200 0.059300 0.067400 0.098800 0.088500 0.059200 0.069700 0.051500 0.007300 0.067200 0.000000 0.112300 0.059500 0.080600 0.054100 0.056600 0.027800 0.067300 0.048700 0.064500 0.104600 0.090500 0.062000 0.109600 0.096500 0.030400 0.059100 0.062200 0.067900 0.059300 0.040700 0.002400 0.012200
MuntiacusR 0.121100 0.263600 0.109900 0.209200 0.106900 0.118400 0.119300 0.132200 0.118500 0.004700 0.118300 0.109700 0.110300 0.126600 0.138600 0.134700 0.132400 0.115200 0.138000 0.115400 0.118600 0.124300 0.052500 0.042600 0.121200 0.129400 0.113300 0.115300 0.126900 0.112300 0.000000 0.124700 0.132300 0.115900 0.118600 0.104400 0.129800 0.110100 0.119100 0.060500 0.049900 0.121500 0.002400 0.040000 0.107200 0.123800 0.121800 0.125200 0.124200 0.085100 0.109500 0.115400
HarveysDui 0.054200 0.207100 0.059700 0.173500 0.043500 0.051600 0.023000 0.064700 0.067900 0.124800 0.051600 0.050800 0.043800 0.029500 0.076200 0.070000 0.086900 0.075700 0.074100 0.065100 0.051700 0.062500 0.116500 0.097500 0.054300 0.062100 0.040200 0.065000 0.059600 0.059500 0.124700 0.000000 0.092400 0.049100 0.051700 0.043800 0.062400 0.046400 0.051900 0.119700 0.102400 0.057100 0.121900 0.108600 0.046400 0.051500 0.065300 0.062900 0.057000 0.051600 0.059500 0.065100
Pronghorn 0.091800 0.202500 0.078100 0.177700 0.077900 0.089100 0.087000 0.099900 0.086500 0.132400 0.086300 0.083500 0.081200 0.089000 0.100500 0.102500 0.100100 0.083300 0.108700 0.083500 0.086500 0.089000 0.121200 0.113700 0.089100 0.091600 0.078600 0.083400 0.094700 0.080600 0.132300 0.092400 0.000000 0.086700 0.086600 0.072700 0.094700 0.081000 0.086900 0.130200 0.107100 0.089400 0.129600 0.116200 0.075500 0.080900 0.089600 0.084500 0.089300 0.064600 0.077900 0.083500
BlueWildeb 0.024300 0.200100 0.054200 0.166900 0.035600 0.022100 0.041300 0.061900 0.062600 0.116000 0.028000 0.048900 0.005000 0.048800 0.065200 0.056500 0.070300 0.059400 0.058100 0.059600 0.043700 0.038500 0.107800 0.086300 0.030600 0.054000 0.007600 0.059500 0.051500 0.054100 0.115900 0.049100 0.086700 0.000000 0.022900 0.043700 0.038400 0.038400 0.049100 0.111000 0.099400 0.043700 0.113200 0.100000 0.046300 0.040900 0.053300 0.049400 0.043400 0.046200 0.054100 0.059500
Gemsbok 0.022800 0.206000 0.056800 0.169600 0.038200 0.020200 0.043900 0.064500 0.065000 0.118700 0.025400 0.051500 0.017700 0.051400 0.067800 0.058700 0.078300 0.067300 0.060700 0.062100 0.046200 0.035800 0.110400 0.088900 0.027900 0.056600 0.020300 0.062100 0.054100 0.056600 0.118600 0.051700 0.086600 0.022900 0.000000 0.046300 0.034500 0.041000 0.051700 0.113600 0.102000 0.046300 0.115800 0.102600 0.045900 0.043500 0.059700 0.057300 0.048900 0.048800 0.056600 0.062100
Yak 0.048800 0.196400 0.025400 0.151400 0.035600 0.046200 0.043900 0.061900 0.030600 0.104400 0.046200 0.019500 0.038400 0.051400 0.062300 0.064500 0.067300 0.056500 0.071200 0.030500 0.048900 0.056900 0.090900 0.080600 0.045900 0.059300 0.035900 0.029400 0.056800 0.027800 0.104400 0.043800 0.072700 0.043700 0.046300 0.000000 0.056800 0.038400 0.049100 0.096600 0.077300 0.051600 0.101700 0.088600 0.002500 0.048800 0.057000 0.054700 0.046300 0.033000 0.025300 0.030500
BlueSheep 0.017700 0.212100 0.064800 0.160500 0.048600 0.014700 0.050900 0.064500 0.075800 0.129900 0.015100 0.062100 0.031400 0.062000 0.078600 0.064400 0.083800 0.072700 0.071100 0.072900 0.051500 0.035800 0.121600 0.099900 0.017700 0.061900 0.035900 0.073300 0.059300 0.067300 0.129800 0.062400 0.094700 0.038400 0.034500 0.056800 0.000000 0.051500 0.057000 0.119200 0.113100 0.051500 0.127000 0.113800 0.054200 0.054000 0.065000 0.062700 0.059500 0.059400 0.067300 0.072900
BohorReedb 0.043500 0.187400 0.046200 0.154600 0.016900 0.040900 0.043800 0.059100 0.054200 0.110200 0.040900 0.043500 0.033200 0.051300 0.059700 0.058600 0.070100 0.059200 0.065900 0.049300 0.040900 0.051500 0.104800 0.086100 0.043500 0.051200 0.035900 0.051400 0.048700 0.048700 0.110100 0.046400 0.081000 0.038400 0.041000 0.038400 0.051500 0.000000 0.046400 0.102400 0.096500 0.046300 0.107400 0.097000 0.041000 0.040700 0.049000 0.046600 0.048900 0.040900 0.046000 0.051400
KirksDik 0.048900 0.213100 0.065100 0.167300 0.043500 0.046300 0.049300 0.037800 0.073400 0.124800 0.051600 0.059700 0.043800 0.056900 0.076600 0.040800 0.070500 0.059500 0.076700 0.065100 0.024300 0.062500 0.116500 0.097500 0.054300 0.035800 0.041300 0.065000 0.033300 0.064500 0.119100 0.051900 0.086900 0.049100 0.051700 0.049100 0.057000 0.046400 0.000000 0.119700 0.102500 0.030800 0.122000 0.103000 0.046500 0.054200 0.037400 0.062900 0.057000 0.051700 0.064900 0.065100
RoeDeer 0.116100 0.255000 0.102100 0.213400 0.104700 0.113400 0.114300 0.132900 0.110700 0.060500 0.107700 0.102000 0.105400 0.121700 0.133600 0.129900 0.127400 0.110200 0.133100 0.107600 0.113700 0.118600 0.055400 0.032600 0.110600 0.124500 0.108400 0.107500 0.121900 0.104600 0.060500 0.119700 0.130200 0.111000 0.113600 0.096600 0.119200 0.102400 0.119700 0.000000 0.052700 0.116600 0.057900 0.038600 0.099400 0.118900 0.113900 0.114500 0.119300 0.085600 0.101800 0.107600
WhiteLippe 0.104600 0.235000 0.088100 0.197400 0.093300 0.101900 0.097100 0.115500 0.096500 0.047900 0.101800 0.088000 0.094000 0.104500 0.121700 0.118100 0.115700 0.098800 0.116000 0.094500 0.102100 0.104800 0.021400 0.037500 0.104600 0.112800 0.091300 0.093400 0.110300 0.090500 0.049900 0.102400 0.107100 0.099400 0.102000 0.077300 0.113100 0.096500 0.102500 0.052700 0.000000 0.105000 0.047400 0.040000 0.080000 0.107300 0.099600 0.108500 0.104800 0.074500 0.087800 0.093500
ThomsonGaz 0.043600 0.215600 0.062200 0.158000 0.043400 0.041000 0.049200 0.038300 0.070500 0.121600 0.046200 0.056800 0.036800 0.056700 0.073300 0.017700 0.073000 0.062100 0.076500 0.062200 0.015200 0.056900 0.110500 0.091800 0.048800 0.015100 0.041200 0.062200 0.012300 0.062000 0.121500 0.057100 0.089400 0.043700 0.046300 0.051600 0.051500 0.046300 0.030800 0.116600 0.105000 0.000000 0.118800 0.105600 0.049000 0.048800 0.033300 0.062800 0.054300 0.045600 0.062000 0.062200
MuntiacusC 0.118400 0.260500 0.107200 0.206300 0.104200 0.115600 0.116600 0.129400 0.115800 0.002400 0.115600 0.107000 0.107600 0.123900 0.135800 0.132000 0.129600 0.112400 0.135300 0.112700 0.115900 0.121500 0.046900 0.040100 0.118500 0.126700 0.110600 0.112600 0.124100 0.109600 0.002400 0.121900 0.129600 0.113200 0.115800 0.101700 0.127000 0.107400 0.122000 0.057900 0.047400 0.118800 0.000000 0.037200 0.104500 0.121100 0.119000 0.122400 0.121500 0.082400 0.106800 0.112700
WhiteTaile 0.105200 0.249200 0.094100 0.195500 0.093900 0.102400 0.103300 0.121800 0.102600 0.040000 0.102400 0.093900 0.094500 0.110600 0.122400 0.118800 0.110700 0.093800 0.122200 0.099500 0.102700 0.108300 0.041000 0.022500 0.105200 0.113400 0.097400 0.099400 0.110900 0.096500 0.040000 0.108600 0.116200 0.100000 0.102600 0.088600 0.113800 0.097000 0.103000 0.038600 0.040000 0.105600 0.037200 0.000000 0.091400 0.107900 0.105800 0.109100 0.108200 0.074900 0.093800 0.099500
Cattle 0.046200 0.193400 0.027900 0.148500 0.038200 0.043600 0.046500 0.059200 0.032300 0.107900 0.048800 0.022800 0.041100 0.054100 0.065000 0.061800 0.070000 0.059200 0.073900 0.033100 0.046300 0.059600 0.093600 0.083400 0.051500 0.056600 0.038500 0.033100 0.053600 0.030400 0.107200 0.046400 0.075500 0.046300 0.045900 0.002500 0.054200 0.041000 0.046500 0.099400 0.080000 0.049000 0.104500 0.091400 0.000000 0.051400 0.054400 0.057400 0.048900 0.035600 0.027800 0.033100
RoyalAntel 0.046000 0.205700 0.059300 0.166200 0.040700 0.043400 0.046400 0.067000 0.067500 0.123900 0.043000 0.054000 0.035700 0.053900 0.070300 0.061600 0.080800 0.064500 0.073600 0.064600 0.048700 0.053600 0.115700 0.094100 0.046000 0.059100 0.038400 0.064600 0.056600 0.059100 0.123800 0.051500 0.080900 0.040900 0.043500 0.048800 0.054000 0.040700 0.054200 0.118900 0.107300 0.048800 0.121100 0.107900 0.051400 0.000000 0.062200 0.054500 0.051400 0.051300 0.059100 0.064600
Steenbok 0.056800 0.222500 0.062400 0.164200 0.046100 0.054500 0.062700 0.046200 0.070600 0.121900 0.059500 0.062300 0.051700 0.064800 0.084400 0.046100 0.078600 0.067600 0.084700 0.062400 0.027100 0.065100 0.108000 0.094700 0.062200 0.036800 0.054500 0.062300 0.035800 0.062200 0.121800 0.065300 0.089600 0.053300 0.059700 0.057000 0.065000 0.049000 0.037400 0.113900 0.099600 0.033300 0.119000 0.105800 0.054400 0.062200 0.000000 0.065600 0.067800 0.049000 0.062200 0.062400
Impala 0.059900 0.207800 0.065400 0.167800 0.043700 0.057200 0.055000 0.075900 0.073700 0.125300 0.051800 0.059900 0.049400 0.062500 0.054800 0.075800 0.081700 0.070600 0.087900 0.070800 0.057300 0.062800 0.117000 0.097900 0.054500 0.067800 0.052100 0.070700 0.065300 0.067900 0.125200 0.062900 0.084500 0.049400 0.057300 0.054700 0.062700 0.046600 0.062900 0.114500 0.108500 0.062800 0.122400 0.109100 0.057400 0.054500 0.065600 0.000000 0.065500 0.048500 0.065200 0.070800
Klipspring 0.051400 0.199900 0.059500 0.154800 0.046000 0.048800 0.049200 0.069900 0.067700 0.124300 0.048800 0.054100 0.041100 0.056700 0.076000 0.067100 0.081100 0.070000 0.065900 0.064800 0.054200 0.059600 0.116100 0.094400 0.051500 0.064600 0.038500 0.064800 0.062100 0.059300 0.124200 0.057000 0.089300 0.043400 0.048900 0.046300 0.059500 0.048900 0.057000 0.119300 0.104800 0.054300 0.121500 0.108200 0.048900 0.051400 0.067800 0.065500 0.000000 0.051500 0.059300 0.064800
ForestMusk 0.051300 0.202400 0.038200 0.148200 0.038100 0.048700 0.051700 0.064500 0.046100 0.085100 0.048700 0.038200 0.041000 0.053900 0.064800 0.061700 0.053900 0.048500 0.079000 0.043400 0.046200 0.051500 0.082600 0.067000 0.051400 0.056500 0.043700 0.043400 0.054000 0.040700 0.085100 0.051600 0.064600 0.046200 0.048800 0.033000 0.059400 0.040900 0.051700 0.085600 0.074500 0.045600 0.082400 0.074900 0.035600 0.051300 0.049000 0.048500 0.051500 0.000000 0.038100 0.043400
Bushbuck 0.059200 0.201700 0.005000 0.162400 0.045800 0.056500 0.059600 0.075000 0.007500 0.109600 0.056500 0.030400 0.048800 0.067100 0.072800 0.074900 0.072500 0.061600 0.086900 0.009700 0.059300 0.067400 0.096000 0.085800 0.059200 0.069700 0.051500 0.004800 0.067200 0.002400 0.109500 0.059500 0.077900 0.054100 0.056600 0.025300 0.067300 0.046000 0.064900 0.101800 0.087800 0.062000 0.106800 0.093800 0.027800 0.059100 0.062200 0.065200 0.059300 0.038100 0.000000 0.009700
GreaterKud 0.064700 0.208500 0.009800 0.168800 0.051200 0.062000 0.065200 0.075200 0.017700 0.115500 0.062000 0.033700 0.054200 0.072700 0.078400 0.075100 0.072700 0.061800 0.092500 0.010000 0.059500 0.073000 0.101800 0.091500 0.064700 0.069900 0.057000 0.005000 0.067400 0.012200 0.115400 0.065100 0.083500 0.059500 0.062100 0.030500 0.072900 0.051400 0.065100 0.107600 0.093500 0.062200 0.112700 0.099500 0.033100 0.064600 0.062400 0.070800 0.064800 0.043400 0.009700 0.000000
