CODONML (in paml version 4.10.7, June 2023)  /home/rachel/ruminants_paml/6406-phy-tree/ENSBTAT00000021860.fasta.phy
Model: free dN/dS Ratios for branches,  kappa = 2.000 fixed

Codon frequency model: F3x4
ns =  54  ls =  36

Codon usage in sequences
--------------------------------------------------------------------------------------------------------------------------------------
Phe TTT   0   0   0   0   0   0 | Ser TCT   1   0   0   1   0   1 | Tyr TAT   1   1   1   0   1   1 | Cys TGT   0   0   0   0   0   0
    TTC   0   0   0   0   0   0 |     TCC   0   1   0   0   1   0 |     TAC   1   1   1   2   1   1 |     TGC   0   0   0   0   0   0
Leu TTA   0   0   0   0   0   0 |     TCA   1   1   2   1   1   1 | *** TAA   0   0   0   0   0   0 | *** TGA   0   0   0   0   0   0
    TTG   0   0   0   1   2   2 |     TCG   0   0   0   0   0   0 |     TAG   0   0   0   0   0   0 | Trp TGG   0   0   0   0   0   0
--------------------------------------------------------------------------------------------------------------------------------------
Leu CTT   0   0   1   0   0   0 | Pro CCT   1   1   1   1   2   2 | His CAT   1   0   1   1   0   0 | Arg CGT   0   0   0   0   0   0
    CTC   1   1   0   1   1   1 |     CCC   1   1   1   1   1   1 |     CAC   1   1   1   1   1   1 |     CGC   0   0   0   0   0   0
    CTA   0   0   0   0   0   0 |     CCA   1   2   1   1   1   1 | Gln CAA   0   0   0   0   0   0 |     CGA   0   0   0   0   0   0
    CTG   3   3   3   2   1   1 |     CCG   0   0   0   0   0   0 |     CAG   0   0   0   0   0   0 |     CGG   0   0   0   0   0   0
--------------------------------------------------------------------------------------------------------------------------------------
Ile ATT   1   1   1   1   1   1 | Thr ACT   2   1   1   1   1   1 | Asn AAT   0   0   0   0   0   0 | Ser AGT   1   1   1   1   1   1
    ATC   0   0   0   0   0   0 |     ACC   1   2   2   2   2   1 |     AAC   0   0   0   0   0   0 |     AGC   1   1   1   1   1   1
    ATA   0   0   0   0   0   0 |     ACA   0   0   0   0   0   0 | Lys AAA   1   0   1   1   0   0 | Arg AGA   0   1   0   0   0   0
Met ATG   1   1   1   1   1   1 |     ACG   0   0   0   0   0   0 |     AAG   1   1   1   1   2   1 |     AGG   0   0   0   0   0   1
--------------------------------------------------------------------------------------------------------------------------------------
Val GTT   0   0   0   0   0   0 | Ala GCT   0   0   0   0   0   0 | Asp GAT   4   2   4   4   2   2 | Gly GGT   0   0   0   0   0   0
    GTC   0   0   0   0   0   0 |     GCC   0   0   0   0   0   1 |     GAC   2   4   2   2   3   4 |     GGC   1   1   1   1   0   0
    GTA   0   0   0   0   0   0 |     GCA   0   0   0   0   0   0 | Glu GAA   3   3   3   3   3   4 |     GGA   0   0   0   0   1   0
    GTG   0   0   0   0   0   0 |     GCG   0   0   0   0   0   0 |     GAG   4   4   4   4   4   3 |     GGG   0   0   0   0   1   1
--------------------------------------------------------------------------------------------------------------------------------------

--------------------------------------------------------------------------------------------------------------------------------------
Phe TTT   0   0   0   0   0   0 | Ser TCT   0   1   1   0   0   1 | Tyr TAT   1   1   1   1   1   1 | Cys TGT   0   0   0   0   0   0
    TTC   0   0   0   0   0   0 |     TCC   0   0   0   1   0   0 |     TAC   1   1   1   1   1   1 |     TGC   0   0   0   0   0   0
Leu TTA   0   0   0   0   0   0 |     TCA   2   1   1   1   2   1 | *** TAA   0   0   0   0   0   0 | *** TGA   0   0   0   0   0   0
    TTG   0   0   0   0   0   0 |     TCG   0   0   0   0   0   0 |     TAG   0   0   0   0   0   0 | Trp TGG   0   0   0   0   0   0
--------------------------------------------------------------------------------------------------------------------------------------
Leu CTT   0   0   0   0   1   0 | Pro CCT   1   1   1   1   1   1 | His CAT   1   1   1   1   1   1 | Arg CGT   0   0   0   0   0   0
    CTC   1   1   1   1   0   1 |     CCC   1   1   1   1   1   1 |     CAC   1   1   1   1   1   1 |     CGC   0   0   0   0   0   0
    CTA   0   0   0   0   0   0 |     CCA   1   1   1   1   1   1 | Gln CAA   0   0   0   0   0   0 |     CGA   0   0   0   0   0   0
    CTG   3   3   3   3   3   3 |     CCG   0   0   0   0   0   0 |     CAG   0   0   0   0   0   0 |     CGG   0   0   0   0   0   0
--------------------------------------------------------------------------------------------------------------------------------------
Ile ATT   1   1   1   1   1   1 | Thr ACT   1   2   1   0   1   1 | Asn AAT   0   0   0   0   0   0 | Ser AGT   1   1   1   2   1   1
    ATC   0   0   0   0   0   0 |     ACC   2   1   2   2   2   2 |     AAC   0   0   0   0   0   0 |     AGC   1   1   1   1   1   1
    ATA   0   0   0   0   0   0 |     ACA   0   0   0   0   0   0 | Lys AAA   1   1   1   1   1   1 | Arg AGA   0   0   0   0   0   0
Met ATG   1   1   1   1   1   1 |     ACG   0   0   0   0   0   0 |     AAG   1   1   1   1   1   1 |     AGG   0   0   0   0   0   0
--------------------------------------------------------------------------------------------------------------------------------------
Val GTT   0   0   0   0   0   0 | Ala GCT   0   0   0   0   0   0 | Asp GAT   5   4   4   4   4   4 | Gly GGT   1   0   0   1   0   1
    GTC   0   0   0   0   0   0 |     GCC   0   0   0   0   0   0 |     GAC   1   2   2   2   2   1 |     GGC   0   1   1   0   1   0
    GTA   0   0   0   0   0   0 |     GCA   0   0   0   0   0   0 | Glu GAA   3   3   3   3   3   5 |     GGA   0   0   0   0   0   0
    GTG   0   0   0   0   1   0 |     GCG   0   0   0   0   0   0 |     GAG   4   4   4   4   3   3 |     GGG   0   0   0   0   0   0
--------------------------------------------------------------------------------------------------------------------------------------

--------------------------------------------------------------------------------------------------------------------------------------
Phe TTT   0   0   0   0   0   0 | Ser TCT   1   1   1   1   1   0 | Tyr TAT   1   1   2   1   1   1 | Cys TGT   0   0   0   0   0   0
    TTC   0   0   0   0   0   0 |     TCC   0   0   0   0   0   1 |     TAC   1   1   0   1   1   1 |     TGC   0   0   0   0   0   0
Leu TTA   0   0   0   0   0   0 |     TCA   1   1   1   1   1   1 | *** TAA   0   0   0   0   0   0 | *** TGA   0   0   0   0   0   0
    TTG   0   0   0   0   0   0 |     TCG   0   0   0   0   0   0 |     TAG   0   0   0   0   0   0 | Trp TGG   0   0   0   0   0   0
--------------------------------------------------------------------------------------------------------------------------------------
Leu CTT   0   0   0   0   0   0 | Pro CCT   1   1   1   1   1   1 | His CAT   1   1   1   1   1   1 | Arg CGT   0   0   0   0   0   0
    CTC   1   1   1   1   1   1 |     CCC   1   1   1   1   1   1 |     CAC   1   1   1   1   1   1 |     CGC   0   0   0   0   0   0
    CTA   0   0   0   0   0   0 |     CCA   1   1   1   1   1   1 | Gln CAA   0   0   0   0   0   0 |     CGA   0   0   0   0   0   0
    CTG   3   3   3   3   3   3 |     CCG   0   0   0   0   0   0 |     CAG   0   0   0   0   0   0 |     CGG   0   0   0   0   0   0
--------------------------------------------------------------------------------------------------------------------------------------
Ile ATT   1   1   1   1   1   1 | Thr ACT   2   1   1   1   1   1 | Asn AAT   0   0   0   0   0   0 | Ser AGT   1   1   1   1   1   1
    ATC   0   0   0   0   0   0 |     ACC   1   2   2   2   2   2 |     AAC   0   0   0   0   0   0 |     AGC   1   1   1   1   1   1
    ATA   0   0   0   0   0   0 |     ACA   0   0   0   0   0   0 | Lys AAA   1   1   1   1   1   1 | Arg AGA   0   0   0   0   0   0
Met ATG   1   1   1   1   1   1 |     ACG   0   0   0   0   0   0 |     AAG   1   1   1   1   1   1 |     AGG   0   0   0   0   0   0
--------------------------------------------------------------------------------------------------------------------------------------
Val GTT   0   0   0   0   0   0 | Ala GCT   0   0   0   0   0   0 | Asp GAT   4   4   4   4   4   4 | Gly GGT   0   0   0   0   0   0
    GTC   0   0   0   0   0   0 |     GCC   0   0   0   0   0   0 |     GAC   2   2   2   2   2   2 |     GGC   1   1   1   1   1   1
    GTA   0   0   0   0   0   0 |     GCA   0   0   0   0   0   0 | Glu GAA   3   3   3   3   3   2 |     GGA   0   0   0   0   0   0
    GTG   0   0   0   0   0   0 |     GCG   0   0   0   0   0   0 |     GAG   4   4   4   4   4   5 |     GGG   0   0   0   0   0   0
--------------------------------------------------------------------------------------------------------------------------------------

--------------------------------------------------------------------------------------------------------------------------------------
Phe TTT   0   0   0   0   0   0 | Ser TCT   1   0   1   0   1   1 | Tyr TAT   1   1   1   1   1   1 | Cys TGT   0   0   0   0   0   0
    TTC   0   0   0   0   0   0 |     TCC   0   1   0   0   0   0 |     TAC   1   1   1   1   1   1 |     TGC   0   0   0   0   0   0
Leu TTA   0   0   0   0   0   0 |     TCA   1   1   1   2   1   1 | *** TAA   0   0   0   0   0   0 | *** TGA   0   0   0   0   0   0
    TTG   0   0   0   0   0   0 |     TCG   0   0   0   0   0   0 |     TAG   0   0   0   0   0   0 | Trp TGG   0   0   0   0   0   0
--------------------------------------------------------------------------------------------------------------------------------------
Leu CTT   0   0   0   1   0   0 | Pro CCT   1   1   1   1   1   1 | His CAT   1   1   1   1   1   1 | Arg CGT   0   0   0   0   0   0
    CTC   1   1   1   0   1   1 |     CCC   1   1   1   1   1   1 |     CAC   1   1   1   1   1   1 |     CGC   0   0   0   0   0   0
    CTA   0   0   0   0   0   0 |     CCA   1   1   1   1   1   1 | Gln CAA   0   0   0   0   0   0 |     CGA   0   0   0   0   0   0
    CTG   3   3   3   3   3   3 |     CCG   0   0   0   0   0   0 |     CAG   0   0   0   0   0   0 |     CGG   0   0   0   0   0   0
--------------------------------------------------------------------------------------------------------------------------------------
Ile ATT   1   1   1   1   1   1 | Thr ACT   1   1   1   1   1   1 | Asn AAT   0   0   0   0   0   0 | Ser AGT   1   1   1   1   1   1
    ATC   0   0   0   0   0   0 |     ACC   2   2   2   2   2   2 |     AAC   0   0   0   0   0   0 |     AGC   1   1   1   1   1   1
    ATA   0   0   0   0   0   0 |     ACA   0   0   0   0   0   0 | Lys AAA   1   1   1   1   1   1 | Arg AGA   0   0   0   0   0   0
Met ATG   1   1   1   1   1   1 |     ACG   0   0   0   0   0   0 |     AAG   1   1   1   1   1   1 |     AGG   0   0   0   0   0   0
--------------------------------------------------------------------------------------------------------------------------------------
Val GTT   0   0   0   0   0   0 | Ala GCT   0   0   0   0   0   0 | Asp GAT   4   4   3   4   4   4 | Gly GGT   1   1   0   0   0   0
    GTC   0   0   0   0   0   0 |     GCC   0   0   0   0   0   0 |     GAC   2   2   3   2   2   2 |     GGC   0   0   1   1   1   1
    GTA   0   0   0   0   0   0 |     GCA   0   0   0   0   0   0 | Glu GAA   3   3   3   3   3   3 |     GGA   0   0   0   0   0   0
    GTG   0   0   0   0   0   0 |     GCG   0   0   0   0   0   0 |     GAG   4   4   4   4   4   4 |     GGG   0   0   0   0   0   0
--------------------------------------------------------------------------------------------------------------------------------------

--------------------------------------------------------------------------------------------------------------------------------------
Phe TTT   0   0   0   0   0   0 | Ser TCT   1   0   1   0   1   0 | Tyr TAT   1   1   1   1   2   1 | Cys TGT   0   0   0   0   0   0
    TTC   0   0   0   0   0   0 |     TCC   0   1   0   1   0   0 |     TAC   1   1   1   1   0   1 |     TGC   0   0   0   0   0   0
Leu TTA   0   0   0   0   0   0 |     TCA   1   1   1   1   1   2 | *** TAA   0   0   0   0   0   0 | *** TGA   0   0   0   0   0   0
    TTG   0   0   0   0   0   0 |     TCG   0   0   0   0   0   0 |     TAG   0   0   0   0   0   0 | Trp TGG   0   0   0   0   0   0
--------------------------------------------------------------------------------------------------------------------------------------
Leu CTT   0   0   0   0   0   1 | Pro CCT   1   1   1   1   1   1 | His CAT   1   1   1   1   1   1 | Arg CGT   0   0   0   0   0   0
    CTC   1   1   1   1   1   0 |     CCC   1   1   1   1   1   1 |     CAC   1   1   1   1   1   1 |     CGC   0   0   0   0   0   0
    CTA   0   0   0   0   0   0 |     CCA   1   1   1   1   1   1 | Gln CAA   0   0   0   0   0   0 |     CGA   0   0   0   0   0   0
    CTG   3   3   3   3   3   3 |     CCG   0   0   0   0   0   0 |     CAG   0   0   0   0   0   0 |     CGG   0   0   0   0   0   0
--------------------------------------------------------------------------------------------------------------------------------------
Ile ATT   1   1   1   1   1   1 | Thr ACT   1   1   1   1   1   1 | Asn AAT   0   0   0   0   0   0 | Ser AGT   1   1   1   1   1   1
    ATC   0   0   0   0   0   0 |     ACC   2   2   2   2   2   2 |     AAC   0   0   0   0   0   0 |     AGC   1   1   1   1   1   1
    ATA   0   0   0   0   0   0 |     ACA   0   0   0   0   0   0 | Lys AAA   1   1   1   1   1   1 | Arg AGA   0   0   0   0   0   0
Met ATG   1   1   1   1   1   1 |     ACG   0   0   0   0   0   0 |     AAG   1   1   1   1   1   1 |     AGG   0   0   0   0   0   0
--------------------------------------------------------------------------------------------------------------------------------------
Val GTT   0   0   0   0   0   0 | Ala GCT   0   0   0   0   0   0 | Asp GAT   5   4   4   4   4   4 | Gly GGT   1   1   0   0   0   0
    GTC   0   0   0   0   0   0 |     GCC   0   0   0   0   0   0 |     GAC   0   2   2   2   2   2 |     GGC   0   0   1   1   1   1
    GTA   0   0   0   0   0   0 |     GCA   0   0   0   0   0   0 | Glu GAA   5   3   3   3   3   3 |     GGA   0   0   0   0   0   0
    GTG   0   0   0   0   0   0 |     GCG   0   0   0   0   0   0 |     GAG   3   4   4   4   4   4 |     GGG   0   0   0   0   0   0
--------------------------------------------------------------------------------------------------------------------------------------

--------------------------------------------------------------------------------------------------------------------------------------
Phe TTT   0   0   0   0   0   0 | Ser TCT   0   0   0   1   0   1 | Tyr TAT   1   1   1   1   1   2 | Cys TGT   0   0   0   0   0   0
    TTC   0   0   0   0   0   0 |     TCC   1   0   1   0   1   0 |     TAC   1   1   1   1   1   0 |     TGC   0   0   0   0   0   0
Leu TTA   0   0   0   0   0   0 |     TCA   1   2   1   1   1   1 | *** TAA   0   0   0   0   0   0 | *** TGA   0   0   0   0   0   0
    TTG   0   0   0   0   0   0 |     TCG   0   0   0   0   0   0 |     TAG   0   0   0   0   0   0 | Trp TGG   0   0   0   0   0   0
--------------------------------------------------------------------------------------------------------------------------------------
Leu CTT   0   1   0   0   0   0 | Pro CCT   1   1   1   1   1   1 | His CAT   1   1   1   1   1   1 | Arg CGT   0   0   0   0   0   0
    CTC   1   0   1   1   1   1 |     CCC   1   1   1   1   1   1 |     CAC   1   1   1   1   1   1 |     CGC   0   0   0   0   0   0
    CTA   0   0   0   0   0   0 |     CCA   1   1   1   1   1   1 | Gln CAA   0   0   0   0   0   0 |     CGA   0   0   0   0   0   0
    CTG   3   3   3   3   3   3 |     CCG   0   0   0   0   0   0 |     CAG   0   0   0   0   0   0 |     CGG   0   0   0   0   0   0
--------------------------------------------------------------------------------------------------------------------------------------
Ile ATT   1   1   1   1   1   1 | Thr ACT   1   1   1   1   1   1 | Asn AAT   0   0   0   0   0   0 | Ser AGT   1   1   1   1   1   1
    ATC   0   0   0   0   0   0 |     ACC   2   2   2   2   2   2 |     AAC   0   0   0   0   0   1 |     AGC   1   1   1   1   1   1
    ATA   0   0   0   0   0   0 |     ACA   0   0   0   0   0   0 | Lys AAA   1   1   1   1   1   1 | Arg AGA   0   0   0   0   0   0
Met ATG   1   1   1   1   1   1 |     ACG   0   0   0   0   0   0 |     AAG   1   1   1   1   1   1 |     AGG   0   0   0   0   0   0
--------------------------------------------------------------------------------------------------------------------------------------
Val GTT   0   0   0   0   0   0 | Ala GCT   0   0   0   0   0   0 | Asp GAT   4   4   4   4   4   4 | Gly GGT   0   0   1   0   1   0
    GTC   0   0   0   0   0   0 |     GCC   0   0   0   0   0   0 |     GAC   2   2   1   2   2   1 |     GGC   1   1   0   1   0   1
    GTA   0   0   0   0   0   0 |     GCA   0   0   0   0   0   0 | Glu GAA   2   4   5   3   3   3 |     GGA   0   0   0   0   0   0
    GTG   0   1   0   0   0   0 |     GCG   0   0   0   0   0   0 |     GAG   5   2   3   4   4   4 |     GGG   0   0   0   0   0   0
--------------------------------------------------------------------------------------------------------------------------------------

--------------------------------------------------------------------------------------------------------------------------------------
Phe TTT   0   0   0   0   0   0 | Ser TCT   1   1   1   0   1   1 | Tyr TAT   2   1   1   1   1   1 | Cys TGT   0   0   0   0   0   0
    TTC   0   0   0   0   0   0 |     TCC   0   0   0   0   0   0 |     TAC   0   1   1   1   1   1 |     TGC   0   0   0   0   0   0
Leu TTA   0   0   0   0   0   0 |     TCA   1   1   1   2   1   1 | *** TAA   0   0   0   0   0   0 | *** TGA   0   0   0   0   0   0
    TTG   0   0   0   0   0   0 |     TCG   0   0   0   0   0   0 |     TAG   0   0   0   0   0   0 | Trp TGG   0   0   0   0   0   0
--------------------------------------------------------------------------------------------------------------------------------------
Leu CTT   0   0   0   0   0   0 | Pro CCT   1   1   1   1   1   1 | His CAT   1   1   1   1   0   1 | Arg CGT   0   0   0   0   1   0
    CTC   1   1   1   1   1   1 |     CCC   1   1   1   1   1   1 |     CAC   1   1   1   1   1   1 |     CGC   0   0   0   0   0   0
    CTA   0   0   0   0   0   0 |     CCA   1   1   1   1   1   1 | Gln CAA   0   0   0   0   0   0 |     CGA   0   0   0   0   0   0
    CTG   3   3   3   3   3   3 |     CCG   0   0   0   0   0   0 |     CAG   0   0   0   0   0   0 |     CGG   0   0   0   0   0   0
--------------------------------------------------------------------------------------------------------------------------------------
Ile ATT   1   1   1   1   1   1 | Thr ACT   1   1   2   1   1   1 | Asn AAT   0   0   0   0   0   0 | Ser AGT   1   1   1   1   1   1
    ATC   0   0   0   0   0   0 |     ACC   1   2   1   2   2   2 |     AAC   1   0   0   0   0   0 |     AGC   1   1   1   1   1   1
    ATA   0   0   0   0   0   0 |     ACA   0   0   0   0   0   0 | Lys AAA   1   1   1   1   1   0 | Arg AGA   0   0   0   0   0   1
Met ATG   1   1   1   1   1   1 |     ACG   0   0   0   0   0   0 |     AAG   1   1   1   1   1   1 |     AGG   0   0   0   0   0   0
--------------------------------------------------------------------------------------------------------------------------------------
Val GTT   0   0   0   0   0   0 | Ala GCT   0   0   0   0   0   0 | Asp GAT   4   4   4   5   4   4 | Gly GGT   0   0   0   1   1   1
    GTC   0   0   0   0   0   0 |     GCC   0   0   0   0   0   0 |     GAC   2   2   2   1   2   2 |     GGC   1   1   1   0   0   0
    GTA   0   0   0   0   0   0 |     GCA   0   0   0   0   0   0 | Glu GAA   3   3   3   3   3   3 |     GGA   0   0   0   0   0   0
    GTG   0   0   0   0   0   0 |     GCG   0   0   0   1   0   0 |     GAG   4   4   4   3   4   4 |     GGG   0   0   0   0   0   0
--------------------------------------------------------------------------------------------------------------------------------------

--------------------------------------------------------------------------------------------------------------------------------------
Phe TTT   0   0   0   0   0   0 | Ser TCT   0   0   0   1   1   1 | Tyr TAT   1   1   1   1   1   1 | Cys TGT   0   0   0   0   0   0
    TTC   0   0   0   0   0   0 |     TCC   1   1   1   0   0   0 |     TAC   1   1   1   1   1   1 |     TGC   0   0   0   0   0   0
Leu TTA   0   0   0   0   0   0 |     TCA   1   1   1   1   1   1 | *** TAA   0   0   0   0   0   0 | *** TGA   0   0   0   0   0   0
    TTG   0   0   0   0   0   0 |     TCG   0   0   0   0   0   0 |     TAG   0   0   0   0   0   0 | Trp TGG   0   0   0   0   0   0
--------------------------------------------------------------------------------------------------------------------------------------
Leu CTT   0   0   0   0   0   0 | Pro CCT   1   1   1   1   1   1 | His CAT   0   1   1   0   1   1 | Arg CGT   0   0   0   1   0   0
    CTC   1   1   1   1   1   1 |     CCC   1   1   1   1   1   1 |     CAC   1   1   1   1   1   1 |     CGC   0   0   0   0   0   0
    CTA   0   0   0   0   0   0 |     CCA   1   1   1   1   1   1 | Gln CAA   0   0   0   0   0   0 |     CGA   0   0   0   0   0   0
    CTG   3   3   3   3   3   3 |     CCG   0   0   0   0   0   0 |     CAG   1   0   0   0   0   0 |     CGG   0   0   0   0   0   0
--------------------------------------------------------------------------------------------------------------------------------------
Ile ATT   1   1   1   1   1   1 | Thr ACT   2   1   1   1   1   1 | Asn AAT   0   0   0   0   0   0 | Ser AGT   1   1   1   1   1   1
    ATC   0   0   0   0   0   0 |     ACC   1   2   2   2   2   2 |     AAC   0   0   0   0   0   0 |     AGC   1   1   1   1   1   1
    ATA   0   0   0   0   0   0 |     ACA   0   0   0   0   0   0 | Lys AAA   1   1   1   1   1   1 | Arg AGA   0   0   0   0   0   0
Met ATG   1   1   1   1   1   1 |     ACG   0   0   0   0   0   0 |     AAG   1   1   1   1   1   1 |     AGG   0   0   0   0   0   0
--------------------------------------------------------------------------------------------------------------------------------------
Val GTT   0   0   0   0   0   0 | Ala GCT   0   0   0   0   0   0 | Asp GAT   4   4   4   4   4   4 | Gly GGT   1   0   1   1   0   0
    GTC   0   0   0   0   0   0 |     GCC   0   0   0   0   0   0 |     GAC   1   2   1   2   2   2 |     GGC   0   1   0   0   1   1
    GTA   0   0   0   0   0   0 |     GCA   0   0   0   0   0   0 | Glu GAA   5   3   5   3   3   4 |     GGA   0   0   0   0   0   0
    GTG   0   0   0   0   0   0 |     GCG   0   0   0   0   0   0 |     GAG   3   4   3   4   4   3 |     GGG   0   0   0   0   0   0
--------------------------------------------------------------------------------------------------------------------------------------

--------------------------------------------------------------------------------------------------------------------------------------
Phe TTT   0   0   0   0   0   0 | Ser TCT   1   1   1   1   0   1 | Tyr TAT   1   1   1   0   1   1 | Cys TGT   0   0   0   0   0   0
    TTC   0   0   0   0   0   0 |     TCC   0   0   0   0   0   0 |     TAC   1   2   1   2   1   1 |     TGC   0   0   0   0   0   0
Leu TTA   0   0   0   0   0   0 |     TCA   1   1   1   1   2   1 | *** TAA   0   0   0   0   0   0 | *** TGA   0   0   0   0   0   0
    TTG   0   0   0   1   0   0 |     TCG   0   0   0   0   0   0 |     TAG   0   0   0   0   0   0 | Trp TGG   0   0   0   0   0   0
--------------------------------------------------------------------------------------------------------------------------------------
Leu CTT   0   0   0   0   1   0 | Pro CCT   1   2   1   1   1   1 | His CAT   1   1   1   1   1   1 | Arg CGT   0   0   0   0   0   0
    CTC   1   1   1   1   0   1 |     CCC   1   0   1   1   1   1 |     CAC   1   1   1   1   1   1 |     CGC   0   0   0   0   0   0
    CTA   1   0   0   0   0   0 |     CCA   1   1   1   1   1   1 | Gln CAA   0   0   0   0   0   0 |     CGA   0   0   0   0   0   0
    CTG   2   3   3   2   3   3 |     CCG   0   0   0   0   0   0 |     CAG   0   0   0   0   0   0 |     CGG   0   0   0   0   0   0
--------------------------------------------------------------------------------------------------------------------------------------
Ile ATT   1   1   1   1   1   1 | Thr ACT   1   1   1   1   1   1 | Asn AAT   0   0   0   0   0   0 | Ser AGT   1   1   1   1   1   1
    ATC   0   0   0   0   0   0 |     ACC   2   2   2   2   2   2 |     AAC   0   0   0   0   0   0 |     AGC   1   1   1   1   1   1
    ATA   0   0   0   0   0   0 |     ACA   0   0   0   0   0   0 | Lys AAA   1   1   1   1   1   1 | Arg AGA   0   0   0   0   0   0
Met ATG   1   1   1   1   1   1 |     ACG   0   0   0   0   0   0 |     AAG   1   1   1   1   1   1 |     AGG   0   0   0   0   0   0
--------------------------------------------------------------------------------------------------------------------------------------
Val GTT   0   0   0   0   0   0 | Ala GCT   0   0   0   0   0   0 | Asp GAT   4   4   4   4   4   3 | Gly GGT   0   0   0   1   0   1
    GTC   0   0   0   0   0   0 |     GCC   0   0   0   0   0   0 |     GAC   2   1   2   2   2   2 |     GGC   1   1   1   0   1   1
    GTA   0   0   0   0   0   0 |     GCA   0   0   0   0   0   0 | Glu GAA   3   3   3   3   3   3 |     GGA   0   0   0   0   0   0
    GTG   0   0   0   0   0   0 |     GCG   0   0   0   0   0   0 |     GAG   4   4   4   4   4   4 |     GGG   0   0   0   0   0   0
--------------------------------------------------------------------------------------------------------------------------------------

Codon position x base (3x4) table for each sequence.

#1: Argali         
position  1:    T:0.11111    C:0.25000    A:0.25000    G:0.38889
position  2:    T:0.16667    C:0.22222    A:0.52778    G:0.08333
position  3:    T:0.33333    C:0.25000    A:0.16667    G:0.25000
Average         T:0.20370    C:0.24074    A:0.31481    G:0.24074

#2: LesserMouseDeer
position  1:    T:0.11111    C:0.25000    A:0.25000    G:0.38889
position  2:    T:0.16667    C:0.25000    A:0.47222    G:0.11111
position  3:    T:0.19444    C:0.36111    A:0.19444    G:0.25000
Average         T:0.15741    C:0.28704    A:0.30556    G:0.25000

#3: LesserKudu     
position  1:    T:0.11111    C:0.25000    A:0.25000    G:0.38889
position  2:    T:0.16667    C:0.22222    A:0.52778    G:0.08333
position  3:    T:0.30556    C:0.25000    A:0.19444    G:0.25000
Average         T:0.19444    C:0.24074    A:0.32407    G:0.24074

#4: ForestMuskDeer2
position  1:    T:0.13889    C:0.22222    A:0.25000    G:0.38889
position  2:    T:0.16667    C:0.22222    A:0.52778    G:0.08333
position  3:    T:0.27778    C:0.30556    A:0.16667    G:0.25000
Average         T:0.19444    C:0.25000    A:0.31481    G:0.24074

#5: Camel          
position  1:    T:0.16667    C:0.19444    A:0.25000    G:0.38889
position  2:    T:0.16667    C:0.25000    A:0.47222    G:0.11111
position  3:    T:0.22222    C:0.30556    A:0.16667    G:0.30556
Average         T:0.18519    C:0.25000    A:0.29630    G:0.26852

#6: KillerWhale    
position  1:    T:0.16667    C:0.19444    A:0.22222    G:0.41667
position  2:    T:0.16667    C:0.25000    A:0.47222    G:0.11111
position  3:    T:0.25000    C:0.30556    A:0.16667    G:0.27778
Average         T:0.19444    C:0.25000    A:0.28704    G:0.26852

#7: DefassaWaterbuck
position  1:    T:0.11111    C:0.25000    A:0.25000    G:0.38889
position  2:    T:0.16667    C:0.22222    A:0.52778    G:0.08333
position  3:    T:0.33333    C:0.22222    A:0.19444    G:0.25000
Average         T:0.20370    C:0.23148    A:0.32407    G:0.24074

#8: Sheep          
position  1:    T:0.11111    C:0.25000    A:0.25000    G:0.38889
position  2:    T:0.16667    C:0.22222    A:0.52778    G:0.08333
position  3:    T:0.33333    C:0.25000    A:0.16667    G:0.25000
Average         T:0.20370    C:0.24074    A:0.31481    G:0.24074

#9: MaxwellsDuiker 
position  1:    T:0.11111    C:0.25000    A:0.25000    G:0.38889
position  2:    T:0.16667    C:0.22222    A:0.52778    G:0.08333
position  3:    T:0.30556    C:0.27778    A:0.16667    G:0.25000
Average         T:0.19444    C:0.25000    A:0.31481    G:0.24074

#10: GazellaPrzewalskyi
position  1:    T:0.11111    C:0.25000    A:0.25000    G:0.38889
position  2:    T:0.16667    C:0.19444    A:0.52778    G:0.11111
position  3:    T:0.30556    C:0.27778    A:0.16667    G:0.25000
Average         T:0.19444    C:0.24074    A:0.31481    G:0.25000

#11: MountainNyala  
position  1:    T:0.11111    C:0.25000    A:0.25000    G:0.38889
position  2:    T:0.19444    C:0.22222    A:0.50000    G:0.08333
position  3:    T:0.30556    C:0.25000    A:0.19444    G:0.25000
Average         T:0.20370    C:0.24074    A:0.31481    G:0.24074

#12: MuntiacusMuntjak
position  1:    T:0.11111    C:0.25000    A:0.25000    G:0.38889
position  2:    T:0.16667    C:0.22222    A:0.52778    G:0.08333
position  3:    T:0.33333    C:0.22222    A:0.22222    G:0.22222
Average         T:0.20370    C:0.23148    A:0.33333    G:0.23148

#13: goat           
position  1:    T:0.11111    C:0.25000    A:0.25000    G:0.38889
position  2:    T:0.16667    C:0.22222    A:0.52778    G:0.08333
position  3:    T:0.33333    C:0.25000    A:0.16667    G:0.25000
Average         T:0.20370    C:0.24074    A:0.31481    G:0.24074

#14: AfricanBuffalo 
position  1:    T:0.11111    C:0.25000    A:0.25000    G:0.38889
position  2:    T:0.16667    C:0.22222    A:0.52778    G:0.08333
position  3:    T:0.30556    C:0.27778    A:0.16667    G:0.25000
Average         T:0.19444    C:0.25000    A:0.31481    G:0.24074

#15: Topi           
position  1:    T:0.11111    C:0.25000    A:0.25000    G:0.38889
position  2:    T:0.16667    C:0.22222    A:0.52778    G:0.08333
position  3:    T:0.33333    C:0.25000    A:0.16667    G:0.25000
Average         T:0.20370    C:0.24074    A:0.31481    G:0.24074

#16: CommonDuiker   
position  1:    T:0.11111    C:0.25000    A:0.25000    G:0.38889
position  2:    T:0.16667    C:0.22222    A:0.52778    G:0.08333
position  3:    T:0.30556    C:0.27778    A:0.16667    G:0.25000
Average         T:0.19444    C:0.25000    A:0.31481    G:0.24074

#17: Suni           
position  1:    T:0.11111    C:0.25000    A:0.25000    G:0.38889
position  2:    T:0.16667    C:0.22222    A:0.52778    G:0.08333
position  3:    T:0.30556    C:0.27778    A:0.16667    G:0.25000
Average         T:0.19444    C:0.25000    A:0.31481    G:0.24074

#18: Springbuck     
position  1:    T:0.11111    C:0.25000    A:0.25000    G:0.38889
position  2:    T:0.16667    C:0.22222    A:0.52778    G:0.08333
position  3:    T:0.27778    C:0.30556    A:0.13889    G:0.27778
Average         T:0.18519    C:0.25926    A:0.30556    G:0.25000

#19: Okapi          
position  1:    T:0.11111    C:0.25000    A:0.25000    G:0.38889
position  2:    T:0.16667    C:0.22222    A:0.52778    G:0.08333
position  3:    T:0.33333    C:0.25000    A:0.16667    G:0.25000
Average         T:0.20370    C:0.24074    A:0.31481    G:0.24074

#20: Giraffe        
position  1:    T:0.11111    C:0.25000    A:0.25000    G:0.38889
position  2:    T:0.16667    C:0.22222    A:0.52778    G:0.08333
position  3:    T:0.30556    C:0.27778    A:0.16667    G:0.25000
Average         T:0.19444    C:0.25000    A:0.31481    G:0.24074

#21: TibetanAntelope
position  1:    T:0.11111    C:0.25000    A:0.25000    G:0.38889
position  2:    T:0.16667    C:0.22222    A:0.52778    G:0.08333
position  3:    T:0.27778    C:0.30556    A:0.16667    G:0.25000
Average         T:0.18519    C:0.25926    A:0.31481    G:0.24074

#22: Sitatunga      
position  1:    T:0.11111    C:0.25000    A:0.25000    G:0.38889
position  2:    T:0.16667    C:0.22222    A:0.52778    G:0.08333
position  3:    T:0.30556    C:0.25000    A:0.19444    G:0.25000
Average         T:0.19444    C:0.24074    A:0.32407    G:0.24074

#23: Oribi          
position  1:    T:0.11111    C:0.25000    A:0.25000    G:0.38889
position  2:    T:0.16667    C:0.22222    A:0.52778    G:0.08333
position  3:    T:0.30556    C:0.27778    A:0.16667    G:0.25000
Average         T:0.19444    C:0.25000    A:0.31481    G:0.24074

#24: BarbarySheep   
position  1:    T:0.11111    C:0.25000    A:0.25000    G:0.38889
position  2:    T:0.16667    C:0.22222    A:0.52778    G:0.08333
position  3:    T:0.30556    C:0.27778    A:0.16667    G:0.25000
Average         T:0.19444    C:0.25000    A:0.31481    G:0.24074

#25: Daviddeer      
position  1:    T:0.11111    C:0.25000    A:0.25000    G:0.38889
position  2:    T:0.16667    C:0.22222    A:0.52778    G:0.08333
position  3:    T:0.36111    C:0.19444    A:0.22222    G:0.22222
Average         T:0.21296    C:0.22222    A:0.33333    G:0.23148

#26: Reindeer       
position  1:    T:0.11111    C:0.25000    A:0.25000    G:0.38889
position  2:    T:0.16667    C:0.22222    A:0.52778    G:0.08333
position  3:    T:0.30556    C:0.27778    A:0.16667    G:0.25000
Average         T:0.19444    C:0.25000    A:0.31481    G:0.24074

#27: Ibex           
position  1:    T:0.11111    C:0.25000    A:0.25000    G:0.38889
position  2:    T:0.16667    C:0.22222    A:0.52778    G:0.08333
position  3:    T:0.30556    C:0.27778    A:0.16667    G:0.25000
Average         T:0.19444    C:0.25000    A:0.31481    G:0.24074

#28: GyrantGazelle  
position  1:    T:0.11111    C:0.25000    A:0.25000    G:0.38889
position  2:    T:0.16667    C:0.22222    A:0.52778    G:0.08333
position  3:    T:0.27778    C:0.30556    A:0.16667    G:0.25000
Average         T:0.18519    C:0.25926    A:0.31481    G:0.24074

#29: Hartebeest     
position  1:    T:0.11111    C:0.25000    A:0.25000    G:0.38889
position  2:    T:0.16667    C:0.22222    A:0.52778    G:0.08333
position  3:    T:0.33333    C:0.25000    A:0.16667    G:0.25000
Average         T:0.20370    C:0.24074    A:0.31481    G:0.24074

#30: Bongo          
position  1:    T:0.11111    C:0.25000    A:0.25000    G:0.38889
position  2:    T:0.16667    C:0.22222    A:0.52778    G:0.08333
position  3:    T:0.30556    C:0.25000    A:0.19444    G:0.25000
Average         T:0.19444    C:0.24074    A:0.32407    G:0.24074

#31: Gerenuk        
position  1:    T:0.11111    C:0.25000    A:0.25000    G:0.38889
position  2:    T:0.16667    C:0.22222    A:0.52778    G:0.08333
position  3:    T:0.27778    C:0.30556    A:0.13889    G:0.27778
Average         T:0.18519    C:0.25926    A:0.30556    G:0.25000

#32: CommonEland    
position  1:    T:0.11111    C:0.25000    A:0.25000    G:0.38889
position  2:    T:0.19444    C:0.22222    A:0.50000    G:0.08333
position  3:    T:0.30556    C:0.25000    A:0.22222    G:0.22222
Average         T:0.20370    C:0.24074    A:0.32407    G:0.23148

#33: MuntiacusReevesi
position  1:    T:0.11111    C:0.25000    A:0.25000    G:0.38889
position  2:    T:0.16667    C:0.22222    A:0.52778    G:0.08333
position  3:    T:0.30556    C:0.25000    A:0.22222    G:0.22222
Average         T:0.19444    C:0.24074    A:0.33333    G:0.23148

#34: HarveysDuiker  
position  1:    T:0.11111    C:0.25000    A:0.25000    G:0.38889
position  2:    T:0.16667    C:0.22222    A:0.52778    G:0.08333
position  3:    T:0.30556    C:0.27778    A:0.16667    G:0.25000
Average         T:0.19444    C:0.25000    A:0.31481    G:0.24074

#35: Pronghorn      
position  1:    T:0.11111    C:0.25000    A:0.25000    G:0.38889
position  2:    T:0.16667    C:0.22222    A:0.52778    G:0.08333
position  3:    T:0.30556    C:0.27778    A:0.16667    G:0.25000
Average         T:0.19444    C:0.25000    A:0.31481    G:0.24074

#36: BlueWildebeest 
position  1:    T:0.11111    C:0.25000    A:0.27778    G:0.36111
position  2:    T:0.16667    C:0.22222    A:0.52778    G:0.08333
position  3:    T:0.33333    C:0.25000    A:0.16667    G:0.25000
Average         T:0.20370    C:0.24074    A:0.32407    G:0.23148

#37: Gemsbok        
position  1:    T:0.11111    C:0.25000    A:0.25000    G:0.38889
position  2:    T:0.16667    C:0.19444    A:0.55556    G:0.08333
position  3:    T:0.33333    C:0.25000    A:0.16667    G:0.25000
Average         T:0.20370    C:0.23148    A:0.32407    G:0.24074

#38: Yak            
position  1:    T:0.11111    C:0.25000    A:0.25000    G:0.38889
position  2:    T:0.16667    C:0.22222    A:0.52778    G:0.08333
position  3:    T:0.30556    C:0.27778    A:0.16667    G:0.25000
Average         T:0.19444    C:0.25000    A:0.31481    G:0.24074

#39: BlueSheep      
position  1:    T:0.11111    C:0.25000    A:0.25000    G:0.38889
position  2:    T:0.16667    C:0.22222    A:0.52778    G:0.08333
position  3:    T:0.33333    C:0.25000    A:0.16667    G:0.25000
Average         T:0.20370    C:0.24074    A:0.31481    G:0.24074

#40: BohorReedbuck  
position  1:    T:0.11111    C:0.25000    A:0.25000    G:0.38889
position  2:    T:0.16667    C:0.25000    A:0.50000    G:0.08333
position  3:    T:0.33333    C:0.22222    A:0.19444    G:0.25000
Average         T:0.20370    C:0.24074    A:0.31481    G:0.24074

#41: KirksDik       
position  1:    T:0.11111    C:0.25000    A:0.25000    G:0.38889
position  2:    T:0.16667    C:0.22222    A:0.50000    G:0.11111
position  3:    T:0.33333    C:0.25000    A:0.16667    G:0.25000
Average         T:0.20370    C:0.24074    A:0.30556    G:0.25000

#42: RoeDeer        
position  1:    T:0.11111    C:0.25000    A:0.25000    G:0.38889
position  2:    T:0.16667    C:0.22222    A:0.50000    G:0.11111
position  3:    T:0.33333    C:0.25000    A:0.16667    G:0.25000
Average         T:0.20370    C:0.24074    A:0.30556    G:0.25000

#43: WhiteLippedDeer
position  1:    T:0.11111    C:0.25000    A:0.25000    G:0.38889
position  2:    T:0.16667    C:0.22222    A:0.52778    G:0.08333
position  3:    T:0.30556    C:0.22222    A:0.22222    G:0.25000
Average         T:0.19444    C:0.23148    A:0.33333    G:0.24074

#44: ThomsonGazelle 
position  1:    T:0.11111    C:0.25000    A:0.25000    G:0.38889
position  2:    T:0.16667    C:0.22222    A:0.52778    G:0.08333
position  3:    T:0.27778    C:0.30556    A:0.16667    G:0.25000
Average         T:0.18519    C:0.25926    A:0.31481    G:0.24074

#45: MuntiacusCrinifrons
position  1:    T:0.11111    C:0.25000    A:0.25000    G:0.38889
position  2:    T:0.16667    C:0.22222    A:0.52778    G:0.08333
position  3:    T:0.30556    C:0.25000    A:0.22222    G:0.22222
Average         T:0.19444    C:0.24074    A:0.33333    G:0.23148

#46: WhiteTailedDeer
position  1:    T:0.11111    C:0.25000    A:0.25000    G:0.38889
position  2:    T:0.16667    C:0.22222    A:0.50000    G:0.11111
position  3:    T:0.33333    C:0.25000    A:0.16667    G:0.25000
Average         T:0.20370    C:0.24074    A:0.30556    G:0.25000

#47: Cattle         
position  1:    T:0.11111    C:0.25000    A:0.25000    G:0.38889
position  2:    T:0.16667    C:0.22222    A:0.52778    G:0.08333
position  3:    T:0.30556    C:0.27778    A:0.16667    G:0.25000
Average         T:0.19444    C:0.25000    A:0.31481    G:0.24074

#48: RoyalAntelope  
position  1:    T:0.11111    C:0.25000    A:0.25000    G:0.38889
position  2:    T:0.16667    C:0.22222    A:0.52778    G:0.08333
position  3:    T:0.30556    C:0.27778    A:0.19444    G:0.22222
Average         T:0.19444    C:0.25000    A:0.32407    G:0.23148

#49: Steenbok       
position  1:    T:0.11111    C:0.25000    A:0.25000    G:0.38889
position  2:    T:0.16667    C:0.22222    A:0.52778    G:0.08333
position  3:    T:0.30556    C:0.27778    A:0.19444    G:0.22222
Average         T:0.19444    C:0.25000    A:0.32407    G:0.23148

#50: Impala         
position  1:    T:0.13889    C:0.25000    A:0.25000    G:0.36111
position  2:    T:0.16667    C:0.22222    A:0.52778    G:0.08333
position  3:    T:0.33333    C:0.25000    A:0.16667    G:0.25000
Average         T:0.21296    C:0.24074    A:0.31481    G:0.23148

#51: Klipspringer   
position  1:    T:0.11111    C:0.25000    A:0.25000    G:0.38889
position  2:    T:0.16667    C:0.22222    A:0.52778    G:0.08333
