CODONML (in paml version 4.10.7, June 2023)  /home/rachel/ruminants_paml/6406-phy-tree/ENSBTAT00000005544.fasta.phy
Model: free dN/dS Ratios for branches,  kappa = 2.000 fixed

Codon frequency model: F3x4
ns =  54  ls =  29

Codon usage in sequences
--------------------------------------------------------------------------------------------------------------------------------------
Phe TTT   0   0   0   0   0   0 | Ser TCT   0   0   0   0   0   0 | Tyr TAT   0   0   0   0   0   0 | Cys TGT   0   0   0   0   0   0
    TTC   1   1   1   1   1   1 |     TCC   0   0   0   0   0   0 |     TAC   0   0   0   0   0   0 |     TGC   0   0   0   0   0   0
Leu TTA   0   0   0   0   0   0 |     TCA   0   0   0   0   0   0 | *** TAA   0   0   0   0   0   0 | *** TGA   0   0   0   0   0   0
    TTG   0   0   0   0   0   0 |     TCG   0   0   0   0   0   0 |     TAG   0   0   0   0   0   0 | Trp TGG   2   2   2   2   2   2
--------------------------------------------------------------------------------------------------------------------------------------
Leu CTT   0   0   0   0   0   0 | Pro CCT   1   0   0   1   0   0 | His CAT   0   0   0   0   0   0 | Arg CGT   1   1   1   1   0   0
    CTC   0   0   0   0   0   0 |     CCC   4   4   4   3   4   4 |     CAC   1   1   1   1   1   1 |     CGC   0   0   0   0   0   1
    CTA   0   1   0   0   0   0 |     CCA   0   0   1   0   2   1 | Gln CAA   0   0   0   0   0   0 |     CGA   0   0   0   0   1   0
    CTG   2   1   2   2   2   2 |     CCG   2   3   2   3   1   2 |     CAG   1   1   1   1   1   1 |     CGG   0   0   0   0   0   0
--------------------------------------------------------------------------------------------------------------------------------------
Ile ATT   0   0   0   0   0   0 | Thr ACT   0   0   0   0   0   0 | Asn AAT   0   0   0   0   0   0 | Ser AGT   0   0   0   0   0   0
    ATC   0   0   0   0   0   0 |     ACC   1   1   1   1   1   1 |     AAC   0   0   0   0   0   0 |     AGC   1   1   1   1   1   1
    ATA   0   0   0   0   0   0 |     ACA   1   0   1   1   0   0 | Lys AAA   0   0   0   0   0   0 | Arg AGA   0   0   0   0   0   0
Met ATG   1   1   1   1   1   1 |     ACG   1   2   1   1   2   2 |     AAG   3   3   3   3   3   3 |     AGG   0   0   0   0   0   0
--------------------------------------------------------------------------------------------------------------------------------------
Val GTT   0   0   0   0   0   0 | Ala GCT   0   1   0   0   1   0 | Asp GAT   0   0   0   0   0   0 | Gly GGT   0   0   0   0   0   0
    GTC   0   0   0   0   0   0 |     GCC   1   0   1   1   0   1 |     GAC   1   1   1   1   1   1 |     GGC   0   0   0   0   0   0
    GTA   0   0   0   0   0   0 |     GCA   0   0   0   0   0   0 | Glu GAA   0   0   0   0   0   0 |     GGA   0   0   0   0   0   0
    GTG   3   3   3   3   3   3 |     GCG   0   0   0   0   0   0 |     GAG   1   1   1   1   1   1 |     GGG   0   0   0   0   0   0
--------------------------------------------------------------------------------------------------------------------------------------

--------------------------------------------------------------------------------------------------------------------------------------
Phe TTT   0   0   0   0   0   0 | Ser TCT   0   0   0   0   0   0 | Tyr TAT   0   0   0   0   0   0 | Cys TGT   0   0   0   0   0   0
    TTC   1   1   1   1   1   1 |     TCC   0   0   0   0   0   0 |     TAC   0   0   0   0   0   0 |     TGC   0   0   0   0   0   0
Leu TTA   0   0   0   0   0   0 |     TCA   0   0   0   0   0   0 | *** TAA   0   0   0   0   0   0 | *** TGA   0   0   0   0   0   0
    TTG   0   0   0   0   0   0 |     TCG   0   0   0   0   0   0 |     TAG   0   0   0   0   0   0 | Trp TGG   2   2   2   2   2   2
--------------------------------------------------------------------------------------------------------------------------------------
Leu CTT   0   0   0   0   0   0 | Pro CCT   0   1   0   1   0   0 | His CAT   0   0   0   0   0   0 | Arg CGT   1   1   1   1   1   1
    CTC   0   0   0   0   0   0 |     CCC   4   4   4   4   4   4 |     CAC   1   1   1   1   1   1 |     CGC   0   0   0   0   0   0
    CTA   0   0   0   0   0   0 |     CCA   0   0   1   0   1   0 | Gln CAA   0   0   0   0   0   0 |     CGA   0   0   0   0   0   0
    CTG   2   2   2   2   2   2 |     CCG   3   2   2   2   2   3 |     CAG   1   1   1   1   1   1 |     CGG   0   0   0   0   0   0
--------------------------------------------------------------------------------------------------------------------------------------
Ile ATT   0   0   0   0   0   0 | Thr ACT   0   0   0   0   0   0 | Asn AAT   0   0   0   0   0   0 | Ser AGT   0   0   0   0   0   0
    ATC   0   0   0   0   0   0 |     ACC   1   1   1   1   1   1 |     AAC   0   0   0   0   0   0 |     AGC   1   1   1   1   1   1
    ATA   0   0   0   0   0   0 |     ACA   1   1   1   1   1   1 | Lys AAA   0   0   0   0   0   0 | Arg AGA   0   0   0   0   0   0
Met ATG   1   1   1   1   1   1 |     ACG   1   1   1   1   1   1 |     AAG   3   3   3   3   3   3 |     AGG   0   0   0   0   0   0
--------------------------------------------------------------------------------------------------------------------------------------
Val GTT   0   0   0   0   0   0 | Ala GCT   0   0   0   0   0   0 | Asp GAT   0   0   0   0   0   0 | Gly GGT   0   0   0   0   0   0
    GTC   0   0   0   0   0   0 |     GCC   1   1   1   1   1   1 |     GAC   1   1   1   1   1   1 |     GGC   0   0   0   0   0   0
    GTA   0   0   0   0   0   0 |     GCA   0   0   0   0   0   0 | Glu GAA   0   0   0   1   0   0 |     GGA   0   0   0   0   0   0
    GTG   3   3   3   3   3   3 |     GCG   0   0   0   0   0   0 |     GAG   1   1   1   0   1   1 |     GGG   0   0   0   0   0   0
--------------------------------------------------------------------------------------------------------------------------------------

--------------------------------------------------------------------------------------------------------------------------------------
Phe TTT   0   0   0   0   0   0 | Ser TCT   0   0   0   0   0   0 | Tyr TAT   0   0   0   0   0   0 | Cys TGT   0   0   0   0   0   0
    TTC   1   1   1   1   1   1 |     TCC   0   0   0   0   0   0 |     TAC   0   0   0   0   0   0 |     TGC   0   0   0   0   0   0
Leu TTA   0   0   0   0   0   0 |     TCA   0   0   0   0   0   0 | *** TAA   0   0   0   0   0   0 | *** TGA   0   0   0   0   0   0
    TTG   0   0   0   0   0   0 |     TCG   0   0   0   0   0   0 |     TAG   0   0   0   0   0   0 | Trp TGG   2   2   2   2   2   2
--------------------------------------------------------------------------------------------------------------------------------------
Leu CTT   0   0   0   0   0   0 | Pro CCT   1   0   0   0   0   0 | His CAT   0   0   0   0   0   0 | Arg CGT   1   1   1   1   1   1
    CTC   0   0   0   0   0   0 |     CCC   4   4   4   4   4   4 |     CAC   1   1   1   1   1   1 |     CGC   0   0   0   0   0   0
    CTA   0   0   0   0   0   0 |     CCA   1   0   0   0   0   0 | Gln CAA   0   0   0   0   0   0 |     CGA   0   0   0   0   0   0
    CTG   2   2   2   2   2   2 |     CCG   1   3   3   3   3   3 |     CAG   1   1   1   1   1   1 |     CGG   0   0   0   0   0   0
--------------------------------------------------------------------------------------------------------------------------------------
Ile ATT   0   0   0   0   0   0 | Thr ACT   0   0   0   0   0   0 | Asn AAT   0   0   0   0   0   0 | Ser AGT   0   0   0   0   0   0
    ATC   0   0   0   0   0   0 |     ACC   1   1   1   1   1   1 |     AAC   0   0   0   0   0   0 |     AGC   1   1   1   1   1   1
    ATA   0   0   0   0   0   0 |     ACA   1   1   1   1   1   1 | Lys AAA   0   0   0   0   0   0 | Arg AGA   0   0   0   0   0   0
Met ATG   1   1   1   1   1   1 |     ACG   1   1   1   1   1   1 |     AAG   3   3   3   3   3   3 |     AGG   0   0   0   0   0   0
--------------------------------------------------------------------------------------------------------------------------------------
Val GTT   0   0   0   0   0   0 | Ala GCT   0   0   0   0   0   0 | Asp GAT   0   0   0   0   0   0 | Gly GGT   0   0   0   0   0   0
    GTC   0   0   0   0   0   0 |     GCC   1   1   1   1   1   1 |     GAC   1   1   1   1   1   1 |     GGC   0   0   0   0   0   0
    GTA   0   0   0   0   0   0 |     GCA   0   0   0   0   0   0 | Glu GAA   0   0   0   0   0   0 |     GGA   0   0   0   0   0   0
    GTG   3   3   3   3   3   3 |     GCG   0   0   0   0   0   0 |     GAG   1   1   1   1   1   1 |     GGG   0   0   0   0   0   0
--------------------------------------------------------------------------------------------------------------------------------------

--------------------------------------------------------------------------------------------------------------------------------------
Phe TTT   0   0   0   0   0   0 | Ser TCT   0   0   0   0   0   0 | Tyr TAT   0   0   0   0   0   0 | Cys TGT   0   0   0   0   0   0
    TTC   1   1   1   1   1   1 |     TCC   0   0   0   0   0   0 |     TAC   0   0   0   0   0   0 |     TGC   0   0   0   0   0   0
Leu TTA   0   0   0   0   0   0 |     TCA   0   0   0   0   0   0 | *** TAA   0   0   0   0   0   0 | *** TGA   0   0   0   0   0   0
    TTG   0   0   0   0   0   0 |     TCG   0   0   0   0   0   0 |     TAG   0   0   0   0   0   0 | Trp TGG   2   2   2   2   2   2
--------------------------------------------------------------------------------------------------------------------------------------
Leu CTT   0   0   0   0   0   0 | Pro CCT   0   0   0   0   0   1 | His CAT   0   0   0   0   0   0 | Arg CGT   1   1   1   1   1   1
    CTC   0   0   0   0   0   0 |     CCC   4   4   4   4   4   4 |     CAC   1   1   1   1   1   1 |     CGC   0   0   0   0   0   0
    CTA   0   0   0   0   0   0 |     CCA   0   0   0   1   0   0 | Gln CAA   0   0   0   0   0   0 |     CGA   0   0   0   0   0   0
    CTG   2   2   2   2   2   2 |     CCG   3   3   3   2   3   2 |     CAG   1   1   1   1   1   1 |     CGG   0   0   0   0   0   0
--------------------------------------------------------------------------------------------------------------------------------------
Ile ATT   0   0   0   0   0   0 | Thr ACT   0   0   0   0   0   0 | Asn AAT   0   0   0   0   0   0 | Ser AGT   0   0   0   0   0   0
    ATC   0   0   0   0   0   0 |     ACC   1   1   1   1   1   1 |     AAC   0   0   0   0   0   0 |     AGC   1   1   1   1   1   1
    ATA   0   0   0   0   0   0 |     ACA   1   1   1   1   1   1 | Lys AAA   0   0   0   0   0   0 | Arg AGA   0   0   0   0   0   0
Met ATG   1   1   1   1   1   1 |     ACG   1   1   1   1   1   1 |     AAG   3   3   3   3   3   3 |     AGG   0   0   0   0   0   0
--------------------------------------------------------------------------------------------------------------------------------------
Val GTT   0   0   0   0   0   0 | Ala GCT   0   0   0   0   0   0 | Asp GAT   0   0   0   0   0   0 | Gly GGT   0   0   0   0   0   0
    GTC   0   0   0   0   0   0 |     GCC   1   1   1   1   1   1 |     GAC   1   1   1   1   1   1 |     GGC   0   0   0   0   0   0
    GTA   0   0   1   0   0   0 |     GCA   0   0   0   0   0   0 | Glu GAA   0   0   0   0   0   0 |     GGA   0   0   0   0   0   0
    GTG   3   3   2   3   3   3 |     GCG   0   0   0   0   0   0 |     GAG   1   1   1   1   1   1 |     GGG   0   0   0   0   0   0
--------------------------------------------------------------------------------------------------------------------------------------

--------------------------------------------------------------------------------------------------------------------------------------
Phe TTT   0   0   0   0   0   0 | Ser TCT   0   0   0   0   0   0 | Tyr TAT   0   0   0   0   0   0 | Cys TGT   0   0   0   0   0   0
    TTC   1   1   1   1   1   1 |     TCC   0   0   0   0   0   0 |     TAC   0   0   0   0   0   0 |     TGC   0   0   0   0   0   0
Leu TTA   0   0   0   0   0   0 |     TCA   0   0   0   0   0   0 | *** TAA   0   0   0   0   0   0 | *** TGA   0   0   0   0   0   0
    TTG   0   0   0   0   0   0 |     TCG   0   0   0   0   0   0 |     TAG   0   0   0   0   0   0 | Trp TGG   2   2   2   2   2   2
--------------------------------------------------------------------------------------------------------------------------------------
Leu CTT   0   0   0   0   0   0 | Pro CCT   0   0   1   0   0   1 | His CAT   0   0   0   0   0   0 | Arg CGT   1   1   1   1   1   1
    CTC   0   0   0   0   0   0 |     CCC   4   4   4   4   4   3 |     CAC   1   1   1   1   1   1 |     CGC   0   0   0   0   0   0
    CTA   0   0   0   0   0   0 |     CCA   1   1   1   0   0   1 | Gln CAA   0   0   0   0   0   0 |     CGA   0   0   0   0   0   0
    CTG   2   2   2   2   2   2 |     CCG   2   2   1   3   3   2 |     CAG   1   1   1   1   1   1 |     CGG   0   0   0   0   0   0
--------------------------------------------------------------------------------------------------------------------------------------
Ile ATT   0   0   0   0   0   0 | Thr ACT   0   0   0   0   0   0 | Asn AAT   0   0   0   0   0   0 | Ser AGT   0   0   0   0   0   0
    ATC   0   0   0   0   0   0 |     ACC   1   1   1   1   1   1 |     AAC   0   0   0   0   0   0 |     AGC   1   1   1   1   1   1
    ATA   0   0   0   0   0   0 |     ACA   1   1   1   1   2   1 | Lys AAA   0   0   0   0   0   0 | Arg AGA   0   0   0   0   0   0
Met ATG   1   1   1   1   1   1 |     ACG   1   1   1   1   0   1 |     AAG   3   3   3   3   3   3 |     AGG   0   0   0   0   0   0
--------------------------------------------------------------------------------------------------------------------------------------
Val GTT   0   0   0   0   0   0 | Ala GCT   0   0   0   0   0   0 | Asp GAT   0   0   0   0   0   0 | Gly GGT   0   0   0   0   0   0
    GTC   0   0   0   0   0   0 |     GCC   1   1   1   1   1   1 |     GAC   1   1   1   1   1   1 |     GGC   0   0   0   0   0   0
    GTA   0   0   0   0   0   0 |     GCA   0   0   0   0   0   0 | Glu GAA   0   0   0   0   0   0 |     GGA   0   0   0   0   0   0
    GTG   3   3   3   3   3   3 |     GCG   0   0   0   0   0   0 |     GAG   1   1   1   1   1   1 |     GGG   0   0   0   0   0   0
--------------------------------------------------------------------------------------------------------------------------------------

--------------------------------------------------------------------------------------------------------------------------------------
Phe TTT   0   0   0   0   0   0 | Ser TCT   0   0   0   0   0   0 | Tyr TAT   0   0   0   0   0   0 | Cys TGT   0   0   0   0   0   0
    TTC   1   1   1   1   1   1 |     TCC   0   0   0   0   0   0 |     TAC   0   0   0   0   0   0 |     TGC   0   0   0   0   0   0
Leu TTA   0   0   0   0   0   0 |     TCA   0   0   0   0   0   0 | *** TAA   0   0   0   0   0   0 | *** TGA   0   0   0   0   0   0
    TTG   0   0   0   0   0   0 |     TCG   0   0   0   0   0   0 |     TAG   0   0   0   0   0   0 | Trp TGG   2   2   2   2   2   2
--------------------------------------------------------------------------------------------------------------------------------------
Leu CTT   0   0   0   0   0   0 | Pro CCT   0   0   0   0   0   0 | His CAT   0   0   0   0   0   0 | Arg CGT   1   1   1   1   1   1
    CTC   0   0   0   0   0   0 |     CCC   4   4   4   4   4   4 |     CAC   1   1   1   1   1   1 |     CGC   0   0   0   0   0   0
    CTA   0   0   0   0   0   0 |     CCA   0   1   0   0   0   0 | Gln CAA   0   0   0   0   0   0 |     CGA   0   0   0   0   0   0
    CTG   2   2   2   2   2   2 |     CCG   3   2   3   3   3   3 |     CAG   1   1   1   1   1   1 |     CGG   0   0   0   0   0   0
--------------------------------------------------------------------------------------------------------------------------------------
Ile ATT   0   0   0   0   0   0 | Thr ACT   0   0   0   0   0   0 | Asn AAT   0   0   0   0   0   0 | Ser AGT   0   0   0   0   0   0
    ATC   0   0   0   0   0   0 |     ACC   1   1   1   1   1   1 |     AAC   0   0   0   0   0   0 |     AGC   1   1   1   1   1   1
    ATA   0   0   0   0   0   0 |     ACA   1   1   1   1   1   1 | Lys AAA   0   0   0   0   0   0 | Arg AGA   0   0   0   0   0   0
Met ATG   1   1   1   1   1   1 |     ACG   1   1   1   1   1   1 |     AAG   3   3   3   3   3   3 |     AGG   0   0   0   0   0   0
--------------------------------------------------------------------------------------------------------------------------------------
Val GTT   0   0   0   0   0   0 | Ala GCT   0   0   0   0   0   0 | Asp GAT   0   0   0   0   0   0 | Gly GGT   0   0   0   0   0   0
    GTC   0   0   0   0   0   0 |     GCC   1   1   1   1   1   1 |     GAC   1   1   1   1   1   1 |     GGC   0   0   0   0   0   0
    GTA   0   0   0   0   0   0 |     GCA   0   0   0   0   0   0 | Glu GAA   0   0   0   0   0   0 |     GGA   0   0   0   0   0   0
    GTG   3   3   3   3   3   3 |     GCG   0   0   0   0   0   0 |     GAG   1   1   1   1   1   1 |     GGG   0   0   0   0   0   0
--------------------------------------------------------------------------------------------------------------------------------------

--------------------------------------------------------------------------------------------------------------------------------------
Phe TTT   0   0   0   0   0   0 | Ser TCT   0   0   0   0   0   0 | Tyr TAT   0   0   0   0   0   0 | Cys TGT   0   0   0   0   0   0
    TTC   1   1   1   1   1   1 |     TCC   0   0   0   0   0   0 |     TAC   0   0   0   0   0   0 |     TGC   0   0   0   0   0   0
Leu TTA   0   0   0   0   0   0 |     TCA   0   0   0   0   0   0 | *** TAA   0   0   0   0   0   0 | *** TGA   0   0   0   0   0   0
    TTG   0   0   0   0   0   0 |     TCG   0   0   0   0   0   0 |     TAG   0   0   0   0   0   0 | Trp TGG   2   2   2   2   2   2
--------------------------------------------------------------------------------------------------------------------------------------
Leu CTT   0   0   0   0   0   0 | Pro CCT   0   0   1   0   1   0 | His CAT   0   0   0   0   0   0 | Arg CGT   1   1   1   1   1   1
    CTC   0   0   0   0   0   0 |     CCC   4   4   4   4   4   4 |     CAC   1   1   1   1   1   1 |     CGC   0   0   0   0   0   0
    CTA   0   0   0   0   0   0 |     CCA   0   0   0   0   0   1 | Gln CAA   0   0   0   0   0   0 |     CGA   0   0   0   0   0   0
    CTG   2   2   2   2   2   2 |     CCG   3   3   2   3   2   2 |     CAG   1   1   1   1   1   1 |     CGG   0   0   0   0   0   0
--------------------------------------------------------------------------------------------------------------------------------------
Ile ATT   0   0   0   0   0   0 | Thr ACT   0   0   0   0   0   0 | Asn AAT   0   0   0   0   0   0 | Ser AGT   0   0   0   0   0   0
    ATC   0   0   0   0   0   0 |     ACC   1   1   1   1   2   1 |     AAC   0   0   0   0   0   0 |     AGC   1   1   1   1   1   1
    ATA   0   0   0   0   0   0 |     ACA   1   2   1   1   1   1 | Lys AAA   0   0   0   0   0   0 | Arg AGA   0   0   0   0   0   0
Met ATG   1   1   1   1   1   1 |     ACG   1   0   1   1   0   1 |     AAG   3   3   3   3   3   3 |     AGG   0   0   0   0   0   0
--------------------------------------------------------------------------------------------------------------------------------------
Val GTT   0   0   0   0   0   0 | Ala GCT   0   0   0   0   0   0 | Asp GAT   0   0   0   0   0   0 | Gly GGT   0   0   0   0   0   0
    GTC   0   0   0   0   0   0 |     GCC   1   1   1   1   1   1 |     GAC   1   1   1   1   1   1 |     GGC   0   0   0   0   0   0
    GTA   0   0   0   0   0   0 |     GCA   0   0   0   0   0   0 | Glu GAA   0   0   0   0   0   0 |     GGA   0   0   0   0   0   0
    GTG   3   3   3   3   3   3 |     GCG   0   0   0   0   0   0 |     GAG   1   1   1   1   1   1 |     GGG   0   0   0   0   0   0
--------------------------------------------------------------------------------------------------------------------------------------

--------------------------------------------------------------------------------------------------------------------------------------
Phe TTT   0   0   0   0   0   0 | Ser TCT   0   0   0   0   0   0 | Tyr TAT   0   0   0   0   0   0 | Cys TGT   0   0   0   0   0   0
    TTC   1   1   1   1   1   1 |     TCC   0   0   0   0   0   0 |     TAC   0   0   0   0   0   0 |     TGC   0   0   0   0   0   0
Leu TTA   0   0   0   0   0   0 |     TCA   0   0   0   0   0   0 | *** TAA   0   0   0   0   0   0 | *** TGA   0   0   0   0   0   0
    TTG   0   0   0   0   0   0 |     TCG   0   0   0   0   0   0 |     TAG   0   0   0   0   0   0 | Trp TGG   2   2   2   2   2   2
--------------------------------------------------------------------------------------------------------------------------------------
Leu CTT   0   0   0   0   0   0 | Pro CCT   0   0   0   0   0   0 | His CAT   0   0   0   0   0   0 | Arg CGT   1   1   1   1   1   1
    CTC   0   0   0   0   0   0 |     CCC   4   4   4   4   4   4 |     CAC   1   1   1   1   1   1 |     CGC   0   0   0   0   0   0
    CTA   0   0   0   0   0   0 |     CCA   1   0   0   1   0   0 | Gln CAA   0   0   0   0   0   0 |     CGA   0   0   0   0   0   0
    CTG   2   2   2   2   2   2 |     CCG   2   3   3   2   3   3 |     CAG   1   1   1   1   1   1 |     CGG   0   0   0   0   0   0
--------------------------------------------------------------------------------------------------------------------------------------
Ile ATT   0   0   0   0   0   0 | Thr ACT   0   0   0   0   0   0 | Asn AAT   0   0   0   0   0   0 | Ser AGT   0   0   0   0   0   0
    ATC   0   0   0   0   0   0 |     ACC   1   1   1   1   1   1 |     AAC   0   0   0   0   0   0 |     AGC   1   1   1   1   1   1
    ATA   0   0   0   0   0   0 |     ACA   1   1   1   1   2   1 | Lys AAA   0   0   0   0   0   0 | Arg AGA   0   0   0   0   0   0
Met ATG   1   1   1   1   1   1 |     ACG   1   1   1   1   0   1 |     AAG   3   3   3   3   3   3 |     AGG   0   0   0   0   0   0
--------------------------------------------------------------------------------------------------------------------------------------
Val GTT   0   0   0   0   0   0 | Ala GCT   0   0   0   0   0   0 | Asp GAT   0   0   0   0   0   0 | Gly GGT   0   0   0   0   0   0
    GTC   0   0   0   0   0   0 |     GCC   1   1   1   1   1   1 |     GAC   1   1   1   1   1   1 |     GGC   0   0   0   0   0   0
    GTA   0   0   0   0   0   0 |     GCA   0   0   0   0   0   0 | Glu GAA   0   0   0   0   0   0 |     GGA   0   0   0   0   0   0
    GTG   3   3   3   3   3   3 |     GCG   0   0   0   0   0   0 |     GAG   1   1   1   1   1   1 |     GGG   0   0   0   0   0   0
--------------------------------------------------------------------------------------------------------------------------------------

--------------------------------------------------------------------------------------------------------------------------------------
Phe TTT   0   0   0   0   0   0 | Ser TCT   0   0   0   0   0   0 | Tyr TAT   0   0   0   0   0   0 | Cys TGT   0   0   0   0   0   0
    TTC   1   1   1   1   1   1 |     TCC   0   0   0   0   0   0 |     TAC   0   0   0   0   0   0 |     TGC   0   0   0   0   0   0
Leu TTA   0   0   0   0   0   0 |     TCA   0   0   0   0   0   0 | *** TAA   0   0   0   0   0   0 | *** TGA   0   0   0   0   0   0
    TTG   0   0   0   0   0   0 |     TCG   0   0   0   0   0   0 |     TAG   0   0   0   0   0   0 | Trp TGG   2   2   2   2   2   2
--------------------------------------------------------------------------------------------------------------------------------------
Leu CTT   0   0   0   0   0   0 | Pro CCT   1   0   0   1   0   0 | His CAT   0   0   0   0   0   0 | Arg CGT   1   1   1   1   1   1
    CTC   0   0   0   0   0   0 |     CCC   4   4   4   3   4   4 |     CAC   1   1   1   1   1   1 |     CGC   0   0   0   0   0   0
    CTA   0   0   0   0   0   0 |     CCA   0   0   0   0   1   1 | Gln CAA   0   0   0   0   0   0 |     CGA   0   0   0   0   0   0
    CTG   2   2   2   2   2   2 |     CCG   2   3   3   3   2   2 |     CAG   1   1   1   1   1   1 |     CGG   0   0   0   0   0   0
--------------------------------------------------------------------------------------------------------------------------------------
Ile ATT   0   0   0   0   0   0 | Thr ACT   0   0   0   0   0   0 | Asn AAT   0   0   0   0   0   0 | Ser AGT   0   0   0   0   0   0
    ATC   0   0   0   0   0   0 |     ACC   1   1   1   1   1   1 |     AAC   0   0   0   0   0   0 |     AGC   1   1   1   1   1   1
    ATA   0   0   0   0   0   0 |     ACA   1   1   1   1   1   1 | Lys AAA   0   0   0   0   0   0 | Arg AGA   0   0   0   0   0   0
Met ATG   1   1   1   1   1   1 |     ACG   1   1   1   1   1   1 |     AAG   3   3   3   3   3   3 |     AGG   0   0   0   0   0   0
--------------------------------------------------------------------------------------------------------------------------------------
Val GTT   0   0   0   0   0   0 | Ala GCT   0   0   0   0   0   0 | Asp GAT   0   0   0   0   0   0 | Gly GGT   0   0   0   0   0   0
    GTC   0   0   0   0   0   0 |     GCC   1   1   1   1   1   1 |     GAC   1   1   1   1   1   1 |     GGC   0   0   0   0   0   0
    GTA   0   0   0   0   0   0 |     GCA   0   0   0   0   0   0 | Glu GAA   0   0   0   0   0   0 |     GGA   0   0   0   0   0   0
    GTG   3   3   3   3   3   3 |     GCG   0   0   0   0   0   0 |     GAG   1   1   1   1   1   1 |     GGG   0   0   0   0   0   0
--------------------------------------------------------------------------------------------------------------------------------------

Codon position x base (3x4) table for each sequence.

#1: Argali         
position  1:    T:0.10345    C:0.41379    A:0.27586    G:0.20690
position  2:    T:0.24138    C:0.37931    A:0.24138    G:0.13793
position  3:    T:0.06897    C:0.34483    A:0.03448    G:0.55172
Average         T:0.13793    C:0.37931    A:0.18391    G:0.29885

#2: LesserMouseDeer
position  1:    T:0.10345    C:0.41379    A:0.27586    G:0.20690
position  2:    T:0.24138    C:0.37931    A:0.24138    G:0.13793
position  3:    T:0.06897    C:0.31034    A:0.03448    G:0.58621
Average         T:0.13793    C:0.36782    A:0.18391    G:0.31034

#3: LesserKudu     
position  1:    T:0.10345    C:0.41379    A:0.27586    G:0.20690
position  2:    T:0.24138    C:0.37931    A:0.24138    G:0.13793
position  3:    T:0.03448    C:0.34483    A:0.06897    G:0.55172
Average         T:0.12644    C:0.37931    A:0.19540    G:0.29885

#4: ForestMuskDeer2
position  1:    T:0.10345    C:0.41379    A:0.27586    G:0.20690
position  2:    T:0.24138    C:0.37931    A:0.24138    G:0.13793
position  3:    T:0.06897    C:0.31034    A:0.03448    G:0.58621
Average         T:0.13793    C:0.36782    A:0.18391    G:0.31034

#5: Camel          
position  1:    T:0.10345    C:0.41379    A:0.27586    G:0.20690
position  2:    T:0.24138    C:0.37931    A:0.24138    G:0.13793
position  3:    T:0.03448    C:0.31034    A:0.10345    G:0.55172
Average         T:0.12644    C:0.36782    A:0.20690    G:0.29885

#6: KillerWhale    
position  1:    T:0.10345    C:0.41379    A:0.27586    G:0.20690
position  2:    T:0.24138    C:0.37931    A:0.24138    G:0.13793
position  3:    T:0.00000    C:0.37931    A:0.03448    G:0.58621
Average         T:0.11494    C:0.39080    A:0.18391    G:0.31034

#7: DefassaWaterbuck
position  1:    T:0.10345    C:0.41379    A:0.27586    G:0.20690
position  2:    T:0.24138    C:0.37931    A:0.24138    G:0.13793
position  3:    T:0.03448    C:0.34483    A:0.03448    G:0.58621
Average         T:0.12644    C:0.37931    A:0.18391    G:0.31034

#8: Sheep          
position  1:    T:0.10345    C:0.41379    A:0.27586    G:0.20690
position  2:    T:0.24138    C:0.37931    A:0.24138    G:0.13793
position  3:    T:0.06897    C:0.34483    A:0.03448    G:0.55172
Average         T:0.13793    C:0.37931    A:0.18391    G:0.29885

#9: MaxwellsDuiker 
position  1:    T:0.10345    C:0.41379    A:0.27586    G:0.20690
position  2:    T:0.24138    C:0.37931    A:0.24138    G:0.13793
position  3:    T:0.03448    C:0.34483    A:0.06897    G:0.55172
Average         T:0.12644    C:0.37931    A:0.19540    G:0.29885

#10: GazellaPrzewalskyi
position  1:    T:0.10345    C:0.41379    A:0.27586    G:0.20690
position  2:    T:0.24138    C:0.37931    A:0.24138    G:0.13793
position  3:    T:0.06897    C:0.34483    A:0.06897    G:0.51724
Average         T:0.13793    C:0.37931    A:0.19540    G:0.28736

#11: MountainNyala  
position  1:    T:0.10345    C:0.41379    A:0.27586    G:0.20690
position  2:    T:0.24138    C:0.37931    A:0.24138    G:0.13793
position  3:    T:0.03448    C:0.34483    A:0.06897    G:0.55172
Average         T:0.12644    C:0.37931    A:0.19540    G:0.29885

#12: MuntiacusMuntjak
position  1:    T:0.10345    C:0.41379    A:0.27586    G:0.20690
position  2:    T:0.24138    C:0.37931    A:0.24138    G:0.13793
position  3:    T:0.03448    C:0.34483    A:0.03448    G:0.58621
Average         T:0.12644    C:0.37931    A:0.18391    G:0.31034

#13: goat           
position  1:    T:0.10345    C:0.41379    A:0.27586    G:0.20690
position  2:    T:0.24138    C:0.37931    A:0.24138    G:0.13793
position  3:    T:0.06897    C:0.34483    A:0.06897    G:0.51724
Average         T:0.13793    C:0.37931    A:0.19540    G:0.28736

#14: AfricanBuffalo 
position  1:    T:0.10345    C:0.41379    A:0.27586    G:0.20690
position  2:    T:0.24138    C:0.37931    A:0.24138    G:0.13793
position  3:    T:0.03448    C:0.34483    A:0.03448    G:0.58621
Average         T:0.12644    C:0.37931    A:0.18391    G:0.31034

#15: Topi           
position  1:    T:0.10345    C:0.41379    A:0.27586    G:0.20690
position  2:    T:0.24138    C:0.37931    A:0.24138    G:0.13793
position  3:    T:0.03448    C:0.34483    A:0.03448    G:0.58621
Average         T:0.12644    C:0.37931    A:0.18391    G:0.31034

#16: CommonDuiker   
position  1:    T:0.10345    C:0.41379    A:0.27586    G:0.20690
position  2:    T:0.24138    C:0.37931    A:0.24138    G:0.13793
position  3:    T:0.03448    C:0.34483    A:0.03448    G:0.58621
Average         T:0.12644    C:0.37931    A:0.18391    G:0.31034

#17: Suni           
position  1:    T:0.10345    C:0.41379    A:0.27586    G:0.20690
position  2:    T:0.24138    C:0.37931    A:0.24138    G:0.13793
position  3:    T:0.03448    C:0.34483    A:0.03448    G:0.58621
Average         T:0.12644    C:0.37931    A:0.18391    G:0.31034

#18: Springbuck     
position  1:    T:0.10345    C:0.41379    A:0.27586    G:0.20690
position  2:    T:0.24138    C:0.37931    A:0.24138    G:0.13793
position  3:    T:0.03448    C:0.34483    A:0.03448    G:0.58621
Average         T:0.12644    C:0.37931    A:0.18391    G:0.31034

#19: Okapi          
position  1:    T:0.10345    C:0.41379    A:0.27586    G:0.20690
position  2:    T:0.24138    C:0.37931    A:0.24138    G:0.13793
position  3:    T:0.03448    C:0.34483    A:0.03448    G:0.58621
Average         T:0.12644    C:0.37931    A:0.18391    G:0.31034

#20: Giraffe        
position  1:    T:0.10345    C:0.41379    A:0.27586    G:0.20690
position  2:    T:0.24138    C:0.37931    A:0.24138    G:0.13793
position  3:    T:0.03448    C:0.34483    A:0.03448    G:0.58621
Average         T:0.12644    C:0.37931    A:0.18391    G:0.31034

#21: TibetanAntelope
position  1:    T:0.10345    C:0.41379    A:0.27586    G:0.20690
position  2:    T:0.24138    C:0.37931    A:0.24138    G:0.13793
position  3:    T:0.03448    C:0.34483    A:0.06897    G:0.55172
Average         T:0.12644    C:0.37931    A:0.19540    G:0.29885

#22: Sitatunga      
position  1:    T:0.10345    C:0.41379    A:0.27586    G:0.20690
position  2:    T:0.24138    C:0.37931    A:0.24138    G:0.13793
position  3:    T:0.03448    C:0.34483    A:0.06897    G:0.55172
Average         T:0.12644    C:0.37931    A:0.19540    G:0.29885

#23: Oribi          
position  1:    T:0.10345    C:0.41379    A:0.27586    G:0.20690
position  2:    T:0.24138    C:0.37931    A:0.24138    G:0.13793
position  3:    T:0.03448    C:0.34483    A:0.03448    G:0.58621
Average         T:0.12644    C:0.37931    A:0.18391    G:0.31034

#24: BarbarySheep   
position  1:    T:0.10345    C:0.41379    A:0.27586    G:0.20690
position  2:    T:0.24138    C:0.37931    A:0.24138    G:0.13793
position  3:    T:0.06897    C:0.34483    A:0.03448    G:0.55172
Average         T:0.13793    C:0.37931    A:0.18391    G:0.29885

#25: Daviddeer      
position  1:    T:0.10345    C:0.41379    A:0.27586    G:0.20690
position  2:    T:0.24138    C:0.37931    A:0.24138    G:0.13793
position  3:    T:0.03448    C:0.34483    A:0.06897    G:0.55172
Average         T:0.12644    C:0.37931    A:0.19540    G:0.29885

#26: Reindeer       
position  1:    T:0.10345    C:0.41379    A:0.27586    G:0.20690
position  2:    T:0.24138    C:0.37931    A:0.24138    G:0.13793
position  3:    T:0.03448    C:0.34483    A:0.06897    G:0.55172
Average         T:0.12644    C:0.37931    A:0.19540    G:0.29885

#27: Ibex           
position  1:    T:0.10345    C:0.41379    A:0.27586    G:0.20690
position  2:    T:0.24138    C:0.37931    A:0.24138    G:0.13793
position  3:    T:0.06897    C:0.34483    A:0.06897    G:0.51724
Average         T:0.13793    C:0.37931    A:0.19540    G:0.28736

#28: GyrantGazelle  
position  1:    T:0.10345    C:0.41379    A:0.27586    G:0.20690
position  2:    T:0.24138    C:0.37931    A:0.24138    G:0.13793
position  3:    T:0.03448    C:0.34483    A:0.03448    G:0.58621
Average         T:0.12644    C:0.37931    A:0.18391    G:0.31034

#29: Hartebeest     
position  1:    T:0.10345    C:0.41379    A:0.27586    G:0.20690
position  2:    T:0.24138    C:0.37931    A:0.24138    G:0.13793
position  3:    T:0.03448    C:0.34483    A:0.06897    G:0.55172
Average         T:0.12644    C:0.37931    A:0.19540    G:0.29885

#30: Bongo          
position  1:    T:0.10345    C:0.41379    A:0.27586    G:0.20690
position  2:    T:0.24138    C:0.37931    A:0.24138    G:0.13793
position  3:    T:0.06897    C:0.31034    A:0.06897    G:0.55172
Average         T:0.13793    C:0.36782    A:0.19540    G:0.29885

#31: Gerenuk        
position  1:    T:0.10345    C:0.41379    A:0.27586    G:0.20690
position  2:    T:0.24138    C:0.37931    A:0.24138    G:0.13793
position  3:    T:0.03448    C:0.34483    A:0.03448    G:0.58621
Average         T:0.12644    C:0.37931    A:0.18391    G:0.31034

#32: CommonEland    
position  1:    T:0.10345    C:0.41379    A:0.27586    G:0.20690
position  2:    T:0.24138    C:0.37931    A:0.24138    G:0.13793
position  3:    T:0.03448    C:0.34483    A:0.06897    G:0.55172
Average         T:0.12644    C:0.37931    A:0.19540    G:0.29885

#33: MuntiacusReevesi
position  1:    T:0.10345    C:0.41379    A:0.27586    G:0.20690
position  2:    T:0.24138    C:0.37931    A:0.24138    G:0.13793
position  3:    T:0.03448    C:0.34483    A:0.03448    G:0.58621
Average         T:0.12644    C:0.37931    A:0.18391    G:0.31034

#34: HarveysDuiker  
position  1:    T:0.10345    C:0.41379    A:0.27586    G:0.20690
position  2:    T:0.24138    C:0.37931    A:0.24138    G:0.13793
position  3:    T:0.03448    C:0.34483    A:0.03448    G:0.58621
Average         T:0.12644    C:0.37931    A:0.18391    G:0.31034

#35: Pronghorn      
position  1:    T:0.10345    C:0.41379    A:0.27586    G:0.20690
position  2:    T:0.24138    C:0.37931    A:0.24138    G:0.13793
position  3:    T:0.03448    C:0.34483    A:0.03448    G:0.58621
Average         T:0.12644    C:0.37931    A:0.18391    G:0.31034

#36: BlueWildebeest 
position  1:    T:0.10345    C:0.41379    A:0.27586    G:0.20690
position  2:    T:0.24138    C:0.37931    A:0.24138    G:0.13793
position  3:    T:0.03448    C:0.34483    A:0.03448    G:0.58621
Average         T:0.12644    C:0.37931    A:0.18391    G:0.31034

#37: Gemsbok        
position  1:    T:0.10345    C:0.41379    A:0.27586    G:0.20690
position  2:    T:0.24138    C:0.37931    A:0.24138    G:0.13793
position  3:    T:0.03448    C:0.34483    A:0.03448    G:0.58621
Average         T:0.12644    C:0.37931    A:0.18391    G:0.31034

#38: Yak            
position  1:    T:0.10345    C:0.41379    A:0.27586    G:0.20690
position  2:    T:0.24138    C:0.37931    A:0.24138    G:0.13793
position  3:    T:0.03448    C:0.34483    A:0.06897    G:0.55172
Average         T:0.12644    C:0.37931    A:0.19540    G:0.29885

#39: BlueSheep      
position  1:    T:0.10345    C:0.41379    A:0.27586    G:0.20690
position  2:    T:0.24138    C:0.37931    A:0.24138    G:0.13793
position  3:    T:0.06897    C:0.34483    A:0.03448    G:0.55172
Average         T:0.13793    C:0.37931    A:0.18391    G:0.29885

#40: BohorReedbuck  
position  1:    T:0.10345    C:0.41379    A:0.27586    G:0.20690
position  2:    T:0.24138    C:0.37931    A:0.24138    G:0.13793
position  3:    T:0.03448    C:0.34483    A:0.03448    G:0.58621
Average         T:0.12644    C:0.37931    A:0.18391    G:0.31034

#41: KirksDik       
position  1:    T:0.10345    C:0.41379    A:0.27586    G:0.20690
position  2:    T:0.24138    C:0.37931    A:0.24138    G:0.13793
position  3:    T:0.06897    C:0.37931    A:0.03448    G:0.51724
Average         T:0.13793    C:0.39080    A:0.18391    G:0.28736

#42: RoeDeer        
position  1:    T:0.10345    C:0.41379    A:0.27586    G:0.20690
position  2:    T:0.24138    C:0.37931    A:0.24138    G:0.13793
position  3:    T:0.03448    C:0.34483    A:0.06897    G:0.55172
Average         T:0.12644    C:0.37931    A:0.19540    G:0.29885

#43: WhiteLippedDeer
position  1:    T:0.10345    C:0.41379    A:0.27586    G:0.20690
position  2:    T:0.24138    C:0.37931    A:0.24138    G:0.13793
position  3:    T:0.03448    C:0.34483    A:0.06897    G:0.55172
Average         T:0.12644    C:0.37931    A:0.19540    G:0.29885

#44: ThomsonGazelle 
position  1:    T:0.10345    C:0.41379    A:0.27586    G:0.20690
position  2:    T:0.24138    C:0.37931    A:0.24138    G:0.13793
position  3:    T:0.03448    C:0.34483    A:0.03448    G:0.58621
Average         T:0.12644    C:0.37931    A:0.18391    G:0.31034

#45: MuntiacusCrinifrons
position  1:    T:0.10345    C:0.41379    A:0.27586    G:0.20690
position  2:    T:0.24138    C:0.37931    A:0.24138    G:0.13793
position  3:    T:0.03448    C:0.34483    A:0.03448    G:0.58621
Average         T:0.12644    C:0.37931    A:0.18391    G:0.31034

#46: WhiteTailedDeer
position  1:    T:0.10345    C:0.41379    A:0.27586    G:0.20690
position  2:    T:0.24138    C:0.37931    A:0.24138    G:0.13793
position  3:    T:0.03448    C:0.34483    A:0.06897    G:0.55172
Average         T:0.12644    C:0.37931    A:0.19540    G:0.29885

#47: Cattle         
position  1:    T:0.10345    C:0.41379    A:0.27586    G:0.20690
position  2:    T:0.24138    C:0.37931    A:0.24138    G:0.13793
position  3:    T:0.03448    C:0.34483    A:0.06897    G:0.55172
Average         T:0.12644    C:0.37931    A:0.19540    G:0.29885

#48: RoyalAntelope  
position  1:    T:0.10345    C:0.41379    A:0.27586    G:0.20690
position  2:    T:0.24138    C:0.37931    A:0.24138    G:0.13793
position  3:    T:0.03448    C:0.34483    A:0.03448    G:0.58621
Average         T:0.12644    C:0.37931    A:0.18391    G:0.31034

#49: Steenbok       
position  1:    T:0.10345    C:0.41379    A:0.27586    G:0.20690
position  2:    T:0.24138    C:0.37931    A:0.24138    G:0.13793
position  3:    T:0.06897    C:0.34483    A:0.03448    G:0.55172
Average         T:0.13793    C:0.37931    A:0.18391    G:0.29885

#50: Impala         
position  1:    T:0.10345    C:0.41379    A:0.27586    G:0.20690
position  2:    T:0.24138    C:0.37931    A:0.24138    G:0.13793
position  3:    T:0.03448    C:0.34483    A:0.03448    G:0.58621
Average         T:0.12644    C:0.37931    A:0.18391    G:0.31034

#51: Klipspringer   
position  1:    T:0.10345    C:0.41379    A:0.27586    G:0.20690
position  2:    T:0.24138    C:0.37931    A:0.24138    G:0.13793
