1
52 1
Argali 0.000000 0.080300 0.041400 0.103500 0.034700 0.000000 0.026300 0.034700 0.048200 0.047000 0.008100 0.060500 0.026200 0.029600 0.031200 0.024500 0.039700 0.046000 0.014600 0.044800 0.021200 0.006500 0.050400 0.042200 0.008100 0.019600 0.024600 0.048200 0.019600 0.043100 0.050600 0.022900 0.062200 0.024600 0.027900 0.051000 0.011400 0.038000 0.029600 0.053100 0.050400 0.019600 0.041800 0.044100 0.051000 0.026300 0.024600 0.034700 0.027100 0.038100 0.044800 0.046600
LesserMous 0.080300 0.000000 0.075200 0.110200 0.080500 0.080300 0.073100 0.082500 0.082700 0.081800 0.080200 0.083700 0.080600 0.073800 0.073500 0.073200 0.067800 0.071900 0.076700 0.078900 0.071800 0.080300 0.081900 0.076400 0.080300 0.071400 0.078900 0.082500 0.071300 0.077000 0.087300 0.067700 0.083600 0.078800 0.076800 0.080100 0.080200 0.080500 0.080300 0.087800 0.081900 0.071300 0.081700 0.076300 0.080100 0.066100 0.073200 0.077000 0.073200 0.062300 0.079100 0.077000
LesserKudu 0.041400 0.075200 0.000000 0.103100 0.039900 0.041400 0.038100 0.046700 0.006500 0.055100 0.039700 0.031300 0.041400 0.040600 0.039700 0.039700 0.046600 0.051100 0.036300 0.003200 0.035100 0.039700 0.055200 0.049900 0.039700 0.035200 0.039800 0.006500 0.034600 0.001600 0.058700 0.033000 0.064000 0.036400 0.046600 0.025300 0.043100 0.043300 0.046600 0.063900 0.055200 0.034600 0.049900 0.051700 0.025200 0.031300 0.039800 0.033100 0.040400 0.039800 0.004900 0.004900
KillerWhal 0.103500 0.110200 0.103100 0.000000 0.107900 0.103500 0.107000 0.114400 0.110600 0.114000 0.102600 0.118900 0.108100 0.102400 0.106400 0.107000 0.099600 0.112800 0.107600 0.106800 0.101200 0.105300 0.114100 0.106400 0.103300 0.104000 0.106300 0.110400 0.104200 0.104900 0.118000 0.106800 0.118600 0.102400 0.105600 0.111300 0.104500 0.108000 0.106500 0.114300 0.114100 0.100500 0.112100 0.108300 0.111400 0.094600 0.110100 0.115600 0.111300 0.090200 0.106800 0.108700
DefassaWat 0.034700 0.080500 0.039900 0.107900 0.000000 0.034700 0.029700 0.034200 0.046100 0.052300 0.033000 0.059500 0.029700 0.028000 0.028700 0.028000 0.048500 0.054800 0.029600 0.043300 0.024900 0.034700 0.052300 0.047800 0.033000 0.026700 0.028000 0.046000 0.023300 0.041600 0.055900 0.026300 0.066100 0.028000 0.036400 0.052900 0.036400 0.003200 0.035100 0.058600 0.052300 0.023300 0.047100 0.049700 0.052800 0.024700 0.028400 0.034700 0.030300 0.038200 0.043200 0.045000
Sheep 0.000000 0.080300 0.041400 0.103500 0.034700 0.000000 0.026300 0.034700 0.048200 0.047000 0.008100 0.060500 0.026200 0.029600 0.031200 0.024500 0.039700 0.046000 0.014600 0.044800 0.021200 0.006500 0.050400 0.042200 0.008100 0.019600 0.024600 0.048200 0.019600 0.043100 0.050600 0.022900 0.062200 0.024600 0.027900 0.051000 0.011400 0.038000 0.029600 0.053100 0.050400 0.019600 0.041800 0.044100 0.051000 0.026300 0.024600 0.034700 0.027100 0.038100 0.044800 0.046600
MaxwellsDu 0.026300 0.073100 0.038100 0.107000 0.029700 0.026300 0.000000 0.027900 0.044900 0.048600 0.024600 0.051900 0.025000 0.018000 0.022900 0.019600 0.041600 0.047700 0.019600 0.041500 0.016300 0.026200 0.052000 0.043700 0.024600 0.017900 0.024600 0.044900 0.014600 0.039800 0.052200 0.009700 0.060700 0.024600 0.029600 0.045000 0.022900 0.033100 0.026300 0.055100 0.052000 0.014600 0.043400 0.045600 0.045000 0.021300 0.019600 0.026700 0.023400 0.031400 0.041500 0.043200
GazellaPrz 0.034700 0.082500 0.046700 0.114400 0.034200 0.034700 0.027900 0.000000 0.053600 0.059000 0.032900 0.060700 0.028000 0.030000 0.033000 0.026200 0.051900 0.056300 0.027900 0.050100 0.019600 0.034700 0.062600 0.054200 0.032900 0.021300 0.026300 0.053600 0.017900 0.048400 0.060900 0.026200 0.071300 0.028000 0.033000 0.052700 0.034600 0.037600 0.029600 0.058500 0.062600 0.017900 0.053800 0.056000 0.052600 0.031300 0.022900 0.036400 0.033500 0.040100 0.050100 0.051900
MountainNy 0.048200 0.082700 0.006500 0.110600 0.046100 0.048200 0.044900 0.053600 0.000000 0.062100 0.046500 0.038100 0.048300 0.047500 0.046600 0.046600 0.053500 0.058200 0.043100 0.006500 0.042000 0.046600 0.062200 0.056800 0.046500 0.042200 0.046600 0.003200 0.041400 0.004900 0.065700 0.039700 0.071000 0.043200 0.053500 0.032100 0.050000 0.049600 0.053500 0.070900 0.062100 0.041400 0.056900 0.058600 0.032000 0.038100 0.046600 0.039800 0.047300 0.046700 0.008100 0.004900
MuntiacusM 0.047000 0.081800 0.055100 0.114000 0.052300 0.047000 0.048600 0.059000 0.062100 0.000000 0.045200 0.064000 0.048600 0.049400 0.046700 0.046800 0.040200 0.045400 0.048600 0.058600 0.044000 0.048600 0.019600 0.017900 0.045200 0.043400 0.046900 0.062000 0.043400 0.056900 0.009800 0.043300 0.067500 0.046800 0.052400 0.061400 0.052100 0.055700 0.055500 0.029600 0.019600 0.043400 0.004900 0.019600 0.061300 0.044200 0.049700 0.052500 0.045900 0.048600 0.058600 0.060400
goat 0.008100 0.080200 0.039700 0.102600 0.033000 0.008100 0.024600 0.032900 0.046500 0.045200 0.000000 0.058700 0.024500 0.027900 0.029500 0.022900 0.044900 0.051200 0.013000 0.043100 0.019500 0.008100 0.048600 0.040400 0.000000 0.017900 0.022900 0.046500 0.017900 0.041400 0.048800 0.021200 0.062200 0.022900 0.027800 0.049200 0.009700 0.036300 0.027900 0.051900 0.048600 0.017900 0.040000 0.042300 0.049200 0.024600 0.022900 0.033000 0.021900 0.038100 0.043100 0.044800
AfricanBuf 0.060500 0.083700 0.031300 0.118900 0.059500 0.060500 0.051900 0.060700 0.038100 0.064000 0.058700 0.000000 0.057500 0.049500 0.055300 0.048400 0.055400 0.063600 0.051800 0.034700 0.050900 0.057600 0.062300 0.058700 0.058700 0.053600 0.055800 0.038000 0.050000 0.033000 0.064100 0.046700 0.069400 0.055800 0.055300 0.019600 0.060400 0.059500 0.053600 0.072900 0.064100 0.050100 0.058700 0.060500 0.019600 0.044800 0.055300 0.048500 0.056200 0.046800 0.036400 0.036400
Topi 0.026200 0.080600 0.041400 0.108100 0.029700 0.026200 0.025000 0.028000 0.048300 0.048600 0.024500 0.057500 0.000000 0.026800 0.029600 0.017900 0.045000 0.051700 0.022900 0.044900 0.019600 0.026200 0.052000 0.044000 0.024500 0.021200 0.001600 0.048200 0.014600 0.043200 0.052200 0.021600 0.065800 0.004800 0.019600 0.047500 0.027900 0.033000 0.026200 0.049000 0.052000 0.017900 0.043400 0.045900 0.047400 0.024600 0.022900 0.033000 0.026900 0.038100 0.044900 0.046600
CommonDuik 0.029600 0.073800 0.040600 0.102400 0.028000 0.029600 0.018000 0.030000 0.047500 0.049400 0.027900 0.049500 0.026800 0.000000 0.024600 0.014600 0.039000 0.048600 0.019600 0.044100 0.016500 0.029600 0.049400 0.044600 0.027900 0.018200 0.026300 0.047500 0.014900 0.042300 0.053000 0.008100 0.058900 0.026200 0.031300 0.043300 0.031200 0.028000 0.023200 0.054900 0.049400 0.014900 0.044200 0.046500 0.043200 0.019600 0.020000 0.028000 0.024200 0.025300 0.044100 0.045800
Suni 0.031200 0.073500 0.039700 0.106400 0.028700 0.031200 0.022900 0.033000 0.046600 0.046700 0.029500 0.055300 0.029600 0.024600 0.000000 0.022900 0.041500 0.047500 0.024600 0.043200 0.019600 0.031200 0.050200 0.042000 0.029500 0.021200 0.027900 0.046500 0.017900 0.041400 0.050300 0.019600 0.062300 0.027900 0.032900 0.049100 0.032900 0.032100 0.029600 0.053300 0.050300 0.017900 0.041600 0.040300 0.049100 0.024000 0.022900 0.026300 0.027200 0.034700 0.043100 0.044900
Springbuck 0.024500 0.073200 0.039700 0.107000 0.028000 0.024500 0.019600 0.026200 0.046600 0.046800 0.022900 0.048400 0.017900 0.014600 0.022900 0.000000 0.038100 0.047600 0.014600 0.043200 0.013000 0.024500 0.046800 0.042100 0.022900 0.014600 0.016300 0.046500 0.008100 0.041400 0.050400 0.013000 0.058900 0.016300 0.022900 0.042300 0.026200 0.028000 0.019600 0.053500 0.046800 0.011300 0.041700 0.044000 0.042300 0.017900 0.016300 0.026300 0.023400 0.028000 0.043100 0.044900
Okapi 0.039700 0.067800 0.046600 0.099600 0.048500 0.039700 0.041600 0.051900 0.053500 0.040200 0.044900 0.055400 0.045000 0.039000 0.041500 0.038100 0.000000 0.013000 0.038100 0.050100 0.037000 0.046600 0.043700 0.036900 0.044900 0.039800 0.043300 0.053500 0.036400 0.048300 0.043800 0.036400 0.059000 0.043200 0.044900 0.047600 0.048300 0.051900 0.048400 0.050700 0.042000 0.036400 0.038500 0.038600 0.049300 0.031400 0.041500 0.045000 0.042200 0.033100 0.050000 0.051800
Giraffe 0.046000 0.071900 0.051100 0.112800 0.054800 0.046000 0.047700 0.056300 0.058200 0.045400 0.051200 0.063600 0.051700 0.048600 0.047500 0.047600 0.013000 0.000000 0.047800 0.054600 0.043100 0.051200 0.048900 0.043700 0.051200 0.045900 0.050000 0.058100 0.042400 0.052900 0.050700 0.042400 0.062400 0.050000 0.051200 0.055700 0.054700 0.058400 0.054500 0.052500 0.047100 0.042400 0.045400 0.045500 0.057400 0.040800 0.044300 0.051200 0.044300 0.044400 0.055300 0.056400
TibetanAnt 0.014600 0.076700 0.036300 0.107600 0.029600 0.014600 0.019600 0.027900 0.043100 0.048600 0.013000 0.051800 0.022900 0.019600 0.024600 0.014600 0.038100 0.047800 0.000000 0.039700 0.014600 0.014600 0.052100 0.043900 0.013000 0.016300 0.021200 0.043100 0.013000 0.038000 0.052200 0.016300 0.062300 0.021200 0.026200 0.042300 0.016300 0.033000 0.024600 0.055500 0.052100 0.013000 0.043500 0.045700 0.042300 0.017900 0.017900 0.028000 0.021900 0.031300 0.040300 0.041400
Sitatunga 0.044800 0.078900 0.003200 0.106800 0.043300 0.044800 0.041500 0.050100 0.006500 0.058600 0.043100 0.034700 0.044900 0.044100 0.043200 0.043200 0.050100 0.054600 0.039700 0.000000 0.038500 0.043200 0.058700 0.053400 0.043100 0.038600 0.043200 0.006500 0.038000 0.001600 0.062200 0.036400 0.067500 0.039800 0.050000 0.028600 0.046500 0.046700 0.050100 0.067400 0.058700 0.038000 0.053400 0.055100 0.028600 0.034700 0.043200 0.036500 0.043800 0.043300 0.004800 0.004900
Oribi 0.021200 0.071800 0.035100 0.101200 0.024900 0.021200 0.016300 0.019600 0.042000 0.044000 0.019500 0.050900 0.019600 0.016500 0.019600 0.013000 0.037000 0.043100 0.014600 0.038500 0.000000 0.021200 0.047400 0.039000 0.019500 0.008100 0.017900 0.041900 0.004800 0.036800 0.047500 0.013000 0.057700 0.017900 0.022900 0.044500 0.022900 0.028300 0.013000 0.043700 0.047400 0.004800 0.038800 0.040800 0.044700 0.017900 0.009700 0.022900 0.020100 0.025200 0.038600 0.040300
BarbaryShe 0.006500 0.080300 0.039700 0.105300 0.034700 0.006500 0.026200 0.034700 0.046600 0.048600 0.008100 0.057600 0.026200 0.029600 0.031200 0.024500 0.046600 0.051200 0.014600 0.043200 0.021200 0.000000 0.051800 0.045600 0.008100 0.019600 0.024600 0.046500 0.019600 0.041400 0.052300 0.022900 0.060500 0.024500 0.027900 0.049300 0.011400 0.038100 0.029600 0.056600 0.052000 0.019600 0.043100 0.047500 0.049200 0.022900 0.024600 0.034700 0.027100 0.038100 0.043100 0.044900
Daviddeer 0.050400 0.081900 0.055200 0.114100 0.052300 0.050400 0.052000 0.062600 0.062200 0.019600 0.048600 0.062300 0.052000 0.049400 0.050200 0.046800 0.043700 0.048900 0.052100 0.058700 0.047400 0.051800 0.000000 0.021300 0.048600 0.046900 0.050300 0.062100 0.046800 0.056900 0.023000 0.043300 0.067600 0.050300 0.055800 0.059700 0.052100 0.052300 0.052000 0.031300 0.003200 0.046800 0.018000 0.022900 0.059700 0.047600 0.049700 0.056100 0.047000 0.048400 0.058600 0.060400
Reindeer 0.042200 0.076400 0.049900 0.106400 0.047800 0.042200 0.043700 0.054200 0.056800 0.017900 0.040400 0.058700 0.044000 0.044600 0.042000 0.042100 0.036900 0.043700 0.043900 0.053400 0.039000 0.045600 0.021300 0.000000 0.040500 0.038700 0.042300 0.056800 0.038600 0.051700 0.021300 0.038600 0.060500 0.042300 0.044000 0.056200 0.047400 0.051300 0.050600 0.019600 0.021300 0.038600 0.016300 0.001600 0.056200 0.041900 0.044900 0.047300 0.041000 0.043600 0.053400 0.055100
Ibex 0.008100 0.080300 0.039700 0.103300 0.033000 0.008100 0.024600 0.032900 0.046500 0.045200 0.000000 0.058700 0.024500 0.027900 0.029500 0.022900 0.044900 0.051200 0.013000 0.043100 0.019500 0.008100 0.048600 0.040500 0.000000 0.017900 0.022900 0.046500 0.017900 0.041400 0.048800 0.021200 0.062300 0.022900 0.027900 0.049300 0.009700 0.036400 0.027900 0.052000 0.048600 0.017900 0.040100 0.042300 0.049200 0.024600 0.022900 0.033000 0.022000 0.038100 0.043100 0.044800
GyrantGaze 0.019600 0.071400 0.035200 0.104000 0.026700 0.019600 0.017900 0.021300 0.042200 0.043400 0.017900 0.053600 0.021200 0.018200 0.021200 0.014600 0.039800 0.045900 0.016300 0.038600 0.008100 0.019600 0.046900 0.038700 0.017900 0.000000 0.019600 0.042100 0.006500 0.036900 0.047000 0.014600 0.057000 0.019600 0.024500 0.047500 0.021200 0.030100 0.017900 0.046500 0.046900 0.006500 0.038300 0.040500 0.047500 0.019600 0.011400 0.018100 0.021800 0.031700 0.038800 0.040400
Hartebeest 0.024600 0.078900 0.039800 0.106300 0.028000 0.024600 0.024600 0.026300 0.046600 0.046900 0.022900 0.055800 0.001600 0.026300 0.027900 0.016300 0.043300 0.050000 0.021200 0.043200 0.017900 0.024600 0.050300 0.042300 0.022900 0.019600 0.000000 0.046600 0.013000 0.041500 0.050400 0.021200 0.064100 0.003200 0.017900 0.045800 0.026200 0.031400 0.024500 0.047300 0.050300 0.016300 0.041700 0.044200 0.045700 0.022900 0.021200 0.031300 0.025200 0.036500 0.043200 0.044900
Bongo 0.048200 0.082500 0.006500 0.110400 0.046000 0.048200 0.044900 0.053600 0.003200 0.062000 0.046500 0.038000 0.048200 0.047500 0.046500 0.046500 0.053500 0.058100 0.043100 0.006500 0.041900 0.046500 0.062100 0.056800 0.046500 0.042100 0.046600 0.000000 0.041400 0.004800 0.065600 0.039700 0.070900 0.043100 0.053400 0.032100 0.049900 0.049500 0.053400 0.070800 0.062100 0.041400 0.056800 0.058500 0.032000 0.038100 0.046500 0.039800 0.047200 0.046600 0.008100 0.004900
Gerenuk 0.019600 0.071300 0.034600 0.104200 0.023300 0.019600 0.014600 0.017900 0.041400 0.043400 0.017900 0.050000 0.014600 0.014900 0.017900 0.008100 0.036400 0.042400 0.013000 0.038000 0.004800 0.019600 0.046800 0.038600 0.017900 0.006500 0.013000 0.041400 0.000000 0.036300 0.046900 0.011300 0.057000 0.013000 0.017900 0.044000 0.021200 0.026700 0.014600 0.046400 0.046800 0.003200 0.038200 0.040400 0.043900 0.016300 0.008100 0.021300 0.018400 0.028300 0.038000 0.039700
CommonElan 0.043100 0.077000 0.001600 0.104900 0.041600 0.043100 0.039800 0.048400 0.004900 0.056900 0.041400 0.033000 0.043200 0.042300 0.041400 0.041400 0.048300 0.052900 0.038000 0.001600 0.036800 0.041400 0.056900 0.051700 0.041400 0.036900 0.041500 0.004800 0.036300 0.000000 0.060500 0.034700 0.065800 0.038100 0.048300 0.027000 0.044800 0.045000 0.048300 0.065600 0.056900 0.036300 0.051700 0.053400 0.026900 0.033000 0.041500 0.034800 0.042100 0.041500 0.003200 0.003200
MuntiacusR 0.050600 0.087300 0.058700 0.118000 0.055900 0.050600 0.052200 0.060900 0.065700 0.009800 0.048800 0.064100 0.052200 0.053000 0.050300 0.050400 0.043800 0.050700 0.052200 0.062200 0.047500 0.052300 0.023000 0.021300 0.048800 0.047000 0.050400 0.065600 0.046900 0.060500 0.000000 0.046900 0.067200 0.050400 0.056000 0.065000 0.055700 0.059400 0.059100 0.034700 0.023000 0.046900 0.008100 0.022900 0.065000 0.047800 0.053300 0.056200 0.049500 0.051900 0.062200 0.064000
HarveysDui 0.022900 0.067700 0.033000 0.106800 0.026300 0.022900 0.009700 0.026200 0.039700 0.043300 0.021200 0.046700 0.021600 0.008100 0.019600 0.013000 0.036400 0.042400 0.016300 0.036400 0.013000 0.022900 0.043300 0.038600 0.021200 0.014600 0.021200 0.039700 0.011300 0.034700 0.046900 0.000000 0.053600 0.021200 0.026200 0.040500 0.024500 0.026300 0.019600 0.049800 0.043300 0.011300 0.038200 0.040400 0.040400 0.017900 0.016300 0.022900 0.020000 0.026300 0.036300 0.038000
Pronghorn 0.062200 0.083600 0.064000 0.118600 0.066100 0.062200 0.060700 0.071300 0.071000 0.067500 0.062200 0.069400 0.065800 0.058900 0.062300 0.058900 0.059000 0.062400 0.062300 0.067500 0.057700 0.060500 0.067600 0.060500 0.062300 0.057000 0.064100 0.070900 0.057000 0.065800 0.067200 0.053600 0.000000 0.064100 0.064000 0.067700 0.065800 0.066200 0.065900 0.070400 0.067600 0.057000 0.065800 0.062200 0.067700 0.058900 0.061700 0.064200 0.059300 0.050200 0.067500 0.069300
BlueWildeb 0.024600 0.078800 0.036400 0.102400 0.028000 0.024600 0.024600 0.028000 0.043200 0.046800 0.022900 0.055800 0.004800 0.026200 0.027900 0.016300 0.043200 0.050000 0.021200 0.039800 0.017900 0.024500 0.050300 0.042300 0.022900 0.019600 0.003200 0.043100 0.013000 0.038100 0.050400 0.021200 0.064100 0.000000 0.017900 0.045700 0.026200 0.031400 0.024500 0.047100 0.050300 0.016300 0.041700 0.044100 0.045700 0.022900 0.021200 0.031300 0.025100 0.036400 0.039800 0.041500
Gemsbok 0.027900 0.076800 0.046600 0.105600 0.036400 0.027900 0.029600 0.033000 0.053500 0.052400 0.027800 0.055300 0.019600 0.031300 0.032900 0.022900 0.044900 0.051200 0.026200 0.050000 0.022900 0.027900 0.055800 0.044000 0.027900 0.024500 0.017900 0.053400 0.017900 0.048300 0.056000 0.026200 0.064000 0.017900 0.000000 0.049300 0.031200 0.039800 0.029500 0.051000 0.055800 0.021200 0.047200 0.045900 0.049300 0.027900 0.026200 0.036400 0.030400 0.038100 0.050000 0.051800
Yak 0.051000 0.080100 0.025300 0.111300 0.052900 0.051000 0.045000 0.052700 0.032100 0.061400 0.049200 0.019600 0.047500 0.043300 0.049100 0.042300 0.047600 0.055700 0.042300 0.028600 0.044500 0.049300 0.059700 0.056200 0.049300 0.047500 0.045800 0.032100 0.044000 0.027000 0.065000 0.040500 0.067700 0.045700 0.049300 0.000000 0.051000 0.052900 0.047400 0.066900 0.057900 0.044000 0.056100 0.058100 0.003200 0.040600 0.049200 0.045900 0.050100 0.040600 0.030400 0.030400
BlueSheep 0.011400 0.080200 0.043100 0.104500 0.036400 0.011400 0.022900 0.034600 0.050000 0.052100 0.009700 0.060400 0.027900 0.031200 0.032900 0.026200 0.048300 0.054700 0.016300 0.046500 0.022900 0.011400 0.052100 0.047400 0.009700 0.021200 0.026200 0.049900 0.021200 0.044800 0.055700 0.024500 0.065800 0.026200 0.031200 0.051000 0.000000 0.039800 0.027900 0.058900 0.055600 0.021200 0.046900 0.049200 0.051000 0.027900 0.026200 0.036400 0.028700 0.039800 0.046500 0.048300
BohorReedb 0.038000 0.080500 0.043300 0.108000 0.003200 0.038000 0.033100 0.037600 0.049600 0.055700 0.036300 0.059500 0.033000 0.028000 0.032100 0.028000 0.051900 0.058400 0.033000 0.046700 0.028300 0.038100 0.052300 0.051300 0.036400 0.030100 0.031400 0.049500 0.026700 0.045000 0.059400 0.026300 0.066200 0.031400 0.039800 0.052900 0.039800 0.000000 0.035100 0.062300 0.052300 0.026700 0.050500 0.053200 0.052800 0.028000 0.031800 0.038100 0.033800 0.038200 0.046700 0.048400
KirksDik 0.029600 0.080300 0.046600 0.106500 0.035100 0.029600 0.026300 0.029600 0.053500 0.055500 0.027900 0.053600 0.026200 0.023200 0.029600 0.019600 0.048400 0.054500 0.024600 0.050100 0.013000 0.029600 0.052000 0.050600 0.027900 0.017900 0.024500 0.053400 0.014600 0.048300 0.059100 0.019600 0.065900 0.024500 0.029500 0.047400 0.027900 0.035100 0.000000 0.058400 0.055500 0.014600 0.050300 0.052400 0.047300 0.027900 0.016300 0.031300 0.030100 0.031600 0.050000 0.051800
RoeDeer 0.053100 0.087800 0.063900 0.114300 0.058600 0.053100 0.055100 0.058500 0.070900 0.029600 0.051900 0.072900 0.049000 0.054900 0.053300 0.053500 0.050700 0.052500 0.055500 0.067400 0.043700 0.056600 0.031300 0.019600 0.052000 0.046500 0.047300 0.070800 0.046400 0.065600 0.034700 0.049800 0.070400 0.047100 0.051000 0.066900 0.058900 0.062300 0.058400 0.000000 0.031300 0.046500 0.029600 0.021200 0.066800 0.053200 0.051100 0.058800 0.052900 0.055900 0.068300 0.069200
WhiteLippe 0.050400 0.081900 0.055200 0.114100 0.052300 0.050400 0.052000 0.062600 0.062100 0.019600 0.048600 0.064100 0.052000 0.049400 0.050300 0.046800 0.042000 0.047100 0.052100 0.058700 0.047400 0.052000 0.003200 0.021300 0.048600 0.046900 0.050300 0.062100 0.046800 0.056900 0.023000 0.043300 0.067600 0.050300 0.055800 0.057900 0.055600 0.052300 0.055500 0.031300 0.000000 0.046800 0.018000 0.022900 0.061400 0.047600 0.049700 0.056000 0.046900 0.048400 0.058600 0.060400
ThomsonGaz 0.019600 0.071300 0.034600 0.100500 0.023300 0.019600 0.014600 0.017900 0.041400 0.043400 0.017900 0.050100 0.017900 0.014900 0.017900 0.011300 0.036400 0.042400 0.013000 0.038000 0.004800 0.019600 0.046800 0.038600 0.017900 0.006500 0.016300 0.041400 0.003200 0.036300 0.046900 0.011300 0.057000 0.016300 0.021200 0.044000 0.021200 0.026700 0.014600 0.046500 0.046800 0.000000 0.038300 0.040400 0.043900 0.016300 0.008100 0.021300 0.018400 0.028300 0.038000 0.039700
MuntiacusC 0.041800 0.081700 0.049900 0.112100 0.047100 0.041800 0.043400 0.053800 0.056900 0.004900 0.040000 0.058700 0.043400 0.044200 0.041600 0.041700 0.038500 0.045400 0.043500 0.053400 0.038800 0.043100 0.018000 0.016300 0.040100 0.038300 0.041700 0.056800 0.038200 0.051700 0.008100 0.038200 0.065800 0.041700 0.047200 0.056100 0.046900 0.050500 0.050300 0.029600 0.018000 0.038300 0.000000 0.017900 0.056000 0.038900 0.044500 0.047400 0.040700 0.043200 0.053400 0.055200
WhiteTaile 0.044100 0.076300 0.051700 0.108300 0.049700 0.044100 0.045600 0.056000 0.058600 0.019600 0.042300 0.060500 0.045900 0.046500 0.040300 0.044000 0.038600 0.045500 0.045700 0.055100 0.040800 0.047500 0.022900 0.001600 0.042300 0.040500 0.044200 0.058500 0.040400 0.053400 0.022900 0.040400 0.062200 0.044100 0.045900 0.058100 0.049200 0.053200 0.052400 0.021200 0.022900 0.040400 0.017900 0.000000 0.058000 0.044300 0.046800 0.049200 0.043500 0.045400 0.055100 0.056900
Cattle 0.051000 0.080100 0.025200 0.111400 0.052800 0.051000 0.045000 0.052600 0.032000 0.061300 0.049200 0.019600 0.047400 0.043200 0.049100 0.042300 0.049300 0.057400 0.042300 0.028600 0.044700 0.049200 0.059700 0.056200 0.049200 0.047500 0.045700 0.032000 0.043900 0.026900 0.065000 0.040400 0.067700 0.045700 0.049300 0.003200 0.051000 0.052800 0.047300 0.066800 0.061400 0.043900 0.056000 0.058000 0.000000 0.040600 0.049200 0.045900 0.046500 0.040600 0.030400 0.030300
RoyalAntel 0.026300 0.066100 0.031300 0.094600 0.024700 0.026300 0.021300 0.031300 0.038100 0.044200 0.024600 0.044800 0.024600 0.019600 0.024000 0.017900 0.031400 0.040800 0.017900 0.034700 0.017900 0.022900 0.047600 0.041900 0.024600 0.019600 0.022900 0.038100 0.016300 0.033000 0.047800 0.017900 0.058900 0.022900 0.027900 0.040600 0.027900 0.028000 0.027900 0.053200 0.047600 0.016300 0.038900 0.044300 0.040600 0.000000 0.021300 0.028000 0.021900 0.028000 0.034700 0.036400
Steenbok 0.024600 0.073200 0.039800 0.110100 0.028400 0.024600 0.019600 0.022900 0.046600 0.049700 0.022900 0.055300 0.022900 0.020000 0.022900 0.016300 0.041500 0.044300 0.017900 0.043200 0.009700 0.024600 0.049700 0.044900 0.022900 0.011400 0.021200 0.046500 0.008100 0.041500 0.053300 0.016300 0.061700 0.021200 0.026200 0.049200 0.026200 0.031800 0.016300 0.051100 0.049700 0.008100 0.044500 0.046800 0.049200 0.021300 0.000000 0.024600 0.018700 0.033400 0.043200 0.044900
Impala 0.034700 0.077000 0.033100 0.115600 0.034700 0.034700 0.026700 0.036400 0.039800 0.052500 0.033000 0.048500 0.033000 0.028000 0.026300 0.026300 0.045000 0.051200 0.028000 0.036500 0.022900 0.034700 0.056100 0.047300 0.033000 0.018100 0.031300 0.039800 0.021300 0.034800 0.056200 0.022900 0.064200 0.031300 0.036400 0.045900 0.036400 0.038100 0.031300 0.058800 0.056000 0.021300 0.047400 0.049200 0.045900 0.028000 0.024600 0.000000 0.030400 0.038200 0.036400 0.038200
Klipspring 0.027100 0.073200 0.040400 0.111300 0.030300 0.027100 0.023400 0.033500 0.047300 0.045900 0.021900 0.056200 0.026900 0.024200 0.027200 0.023400 0.042200 0.044300 0.021900 0.043800 0.020100 0.027100 0.047000 0.041000 0.022000 0.021800 0.025200 0.047200 0.018400 0.042100 0.049500 0.020000 0.059300 0.025100 0.030400 0.050100 0.028700 0.033800 0.030100 0.052900 0.046900 0.018400 0.040700 0.043500 0.046500 0.021900 0.018700 0.030400 0.000000 0.035200 0.043900 0.045600
ForestMusk 0.038100 0.062300 0.039800 0.090200 0.038200 0.038100 0.031400 0.040100 0.046700 0.048600 0.038100 0.046800 0.038100 0.025300 0.034700 0.028000 0.033100 0.044400 0.031300 0.043300 0.025200 0.038100 0.048400 0.043600 0.038100 0.031700 0.036500 0.046600 0.028300 0.041500 0.051900 0.026300 0.050200 0.036400 0.038100 0.040600 0.039800 0.038200 0.031600 0.055900 0.048400 0.028300 0.043200 0.045400 0.040600 0.028000 0.033400 0.038200 0.035200 0.000000 0.043200 0.045000
Bushbuck 0.044800 0.079100 0.004900 0.106800 0.043200 0.044800 0.041500 0.050100 0.008100 0.058600 0.043100 0.036400 0.044900 0.044100 0.043100 0.043100 0.050000 0.055300 0.040300 0.004800 0.038600 0.043100 0.058600 0.053400 0.043100 0.038800 0.043200 0.008100 0.038000 0.003200 0.062200 0.036300 0.067500 0.039800 0.050000 0.030400 0.046500 0.046700 0.050000 0.068300 0.058600 0.038000 0.053400 0.055100 0.030400 0.034700 0.043200 0.036400 0.043900 0.043200 0.000000 0.006500
GreaterKud 0.046600 0.077000 0.004900 0.108700 0.045000 0.046600 0.043200 0.051900 0.004900 0.060400 0.044800 0.036400 0.046600 0.045800 0.044900 0.044900 0.051800 0.056400 0.041400 0.004900 0.040300 0.044900 0.060400 0.055100 0.044800 0.040400 0.044900 0.004900 0.039700 0.003200 0.064000 0.038000 0.069300 0.041500 0.051800 0.030400 0.048300 0.048400 0.051800 0.069200 0.060400 0.039700 0.055200 0.056900 0.030300 0.036400 0.044900 0.038200 0.045600 0.045000 0.006500 0.000000
