CODONML (in paml version 4.10.7, June 2023)  /home/rachel/ruminants_paml/6406-phy-tree/ENSBTAT00000038453.fasta.phy
Model: free dN/dS Ratios for branches,  kappa = 2.000 fixed

Codon frequency model: F3x4
ns =  54  ls =  29

Codon usage in sequences
--------------------------------------------------------------------------------------------------------------------------------------
Phe TTT   2   2   2   2   2   2 | Ser TCT   0   0   0   0   0   0 | Tyr TAT   0   0   0   0   0   0 | Cys TGT   0   0   0   0   0   0
    TTC   0   0   0   0   0   0 |     TCC   0   0   0   0   0   0 |     TAC   0   0   0   0   0   0 |     TGC   0   0   0   0   0   0
Leu TTA   0   0   0   0   0   0 |     TCA   0   0   0   0   0   0 | *** TAA   0   0   0   0   0   0 | *** TGA   0   0   0   0   0   0
    TTG   1   1   1   1   1   1 |     TCG   0   0   0   0   0   0 |     TAG   0   0   0   0   0   0 | Trp TGG   0   0   0   0   0   0
--------------------------------------------------------------------------------------------------------------------------------------
Leu CTT   0   1   1   1   1   1 | Pro CCT   1   1   1   1   1   1 | His CAT   0   1   1   1   0   1 | Arg CGT   2   1   1   1   2   1
    CTC   1   0   0   0   0   0 |     CCC   0   0   0   0   0   0 |     CAC   1   1   1   1   1   1 |     CGC   0   0   0   0   0   0
    CTA   0   0   0   0   0   0 |     CCA   0   0   0   0   0   0 | Gln CAA   1   1   1   1   0   1 |     CGA   0   0   0   0   0   0
    CTG   0   0   0   0   0   1 |     CCG   0   0   0   0   0   0 |     CAG   1   1   1   1   2   0 |     CGG   0   0   0   0   0   0
--------------------------------------------------------------------------------------------------------------------------------------
Ile ATT   2   1   2   2   1   1 | Thr ACT   0   0   0   0   0   0 | Asn AAT   1   1   1   1   1   1 | Ser AGT   0   0   0   0   0   0
    ATC   1   1   1   1   0   0 |     ACC   0   0   0   0   1   1 |     AAC   0   0   0   0   0   0 |     AGC   0   0   0   0   0   0
    ATA   1   1   1   1   1   1 |     ACA   0   0   0   0   0   0 | Lys AAA   3   3   3   3   3   3 | Arg AGA   0   0   0   0   0   0
Met ATG   1   1   1   1   1   1 |     ACG   0   0   0   0   0   0 |     AAG   0   0   0   0   0   0 |     AGG   0   0   0   0   0   0
--------------------------------------------------------------------------------------------------------------------------------------
Val GTT   0   1   0   0   1   1 | Ala GCT   0   0   0   0   1   0 | Asp GAT   1   1   1   1   1   1 | Gly GGT   0   0   0   0   0   0
    GTC   0   0   0   0   0   0 |     GCC   2   2   2   2   1   2 |     GAC   0   0   0   0   0   0 |     GGC   1   1   1   1   1   1
    GTA   1   1   1   1   1   1 |     GCA   2   2   2   2   2   2 | Glu GAA   2   2   2   1   2   2 |     GGA   0   0   0   0   0   0
    GTG   1   1   1   1   1   1 |     GCG   0   0   0   0   0   0 |     GAG   0   0   0   1   0   0 |     GGG   0   0   0   0   0   0
--------------------------------------------------------------------------------------------------------------------------------------

--------------------------------------------------------------------------------------------------------------------------------------
Phe TTT   2   2   2   2   2   2 | Ser TCT   0   0   0   0   0   0 | Tyr TAT   0   0   0   0   0   0 | Cys TGT   0   0   0   0   0   0
    TTC   0   0   0   0   0   0 |     TCC   0   0   0   0   0   0 |     TAC   0   0   0   0   0   0 |     TGC   0   0   0   0   0   0
Leu TTA   0   0   0   0   0   0 |     TCA   0   0   0   0   0   0 | *** TAA   0   0   0   0   0   0 | *** TGA   0   0   0   0   0   0
    TTG   1   1   1   1   1   1 |     TCG   0   0   0   0   0   0 |     TAG   0   0   0   0   0   0 | Trp TGG   0   0   0   0   0   0
--------------------------------------------------------------------------------------------------------------------------------------
Leu CTT   1   0   1   1   1   1 | Pro CCT   1   1   1   1   1   1 | His CAT   1   0   1   0   1   1 | Arg CGT   1   1   1   2   1   1
    CTC   0   1   0   0   0   0 |     CCC   0   0   0   0   0   0 |     CAC   0   1   1   1   1   1 |     CGC   0   1   0   0   0   0
    CTA   0   0   0   0   0   0 |     CCA   0   0   0   0   0   0 | Gln CAA   2   1   0   1   1   1 |     CGA   0   0   0   0   0   0
    CTG   0   0   0   0   0   0 |     CCG   0   0   0   0   0   0 |     CAG   1   1   2   1   1   1 |     CGG   0   0   0   0   0   0
--------------------------------------------------------------------------------------------------------------------------------------
Ile ATT   2   2   2   2   2   2 | Thr ACT   0   0   0   0   0   0 | Asn AAT   1   1   1   1   1   1 | Ser AGT   0   0   0   0   0   0
    ATC   1   1   1   1   1   1 |     ACC   0   0   0   0   0   0 |     AAC   0   0   0   0   0   0 |     AGC   0   0   0   0   0   0
    ATA   1   1   1   1   1   1 |     ACA   0   0   0   0   0   0 | Lys AAA   3   3   3   3   3   3 | Arg AGA   0   0   0   0   0   0
Met ATG   1   1   1   1   1   1 |     ACG   0   0   0   0   0   0 |     AAG   0   0   0   0   0   0 |     AGG   0   0   0   0   0   0
--------------------------------------------------------------------------------------------------------------------------------------
Val GTT   0   0   0   0   0   0 | Ala GCT   0   0   0   0   0   0 | Asp GAT   1   1   1   1   1   1 | Gly GGT   0   0   0   0   0   0
    GTC   0   0   0   0   0   0 |     GCC   2   2   1   2   2   2 |     GAC   0   0   0   0   0   0 |     GGC   1   1   1   1   1   1
    GTA   1   1   1   1   1   1 |     GCA   2   2   2   2   2   2 | Glu GAA   2   2   2   2   2   2 |     GGA   0   0   0   0   0   0
    GTG   1   1   1   1   1   1 |     GCG   0   0   1   0   0   0 |     GAG   0   0   0   0   0   0 |     GGG   0   0   0   0   0   0
--------------------------------------------------------------------------------------------------------------------------------------

--------------------------------------------------------------------------------------------------------------------------------------
Phe TTT   2   2   2   2   2   2 | Ser TCT   0   0   0   0   0   0 | Tyr TAT   0   0   0   0   0   0 | Cys TGT   0   0   0   0   0   0
    TTC   0   0   0   0   0   0 |     TCC   0   0   0   0   0   0 |     TAC   0   0   0   0   0   0 |     TGC   0   0   0   0   0   0
Leu TTA   0   0   0   0   0   0 |     TCA   0   0   0   0   0   0 | *** TAA   0   0   0   0   0   0 | *** TGA   0   0   0   0   0   0
    TTG   1   0   1   1   0   1 |     TCG   0   0   0   0   0   0 |     TAG   0   0   0   0   0   0 | Trp TGG   0   0   0   0   0   0
--------------------------------------------------------------------------------------------------------------------------------------
Leu CTT   0   1   0   1   1   1 | Pro CCT   1   1   1   1   1   1 | His CAT   0   1   0   1   2   0 | Arg CGT   1   1   1   1   1   2
    CTC   1   0   1   0   0   0 |     CCC   0   0   0   0   0   0 |     CAC   1   1   1   1   0   1 |     CGC   1   0   1   0   0   0
    CTA   0   0   0   0   0   0 |     CCA   0   0   0   0   0   0 | Gln CAA   1   1   1   1   1   0 |     CGA   0   0   0   0   0   0
    CTG   0   0   0   0   0   0 |     CCG   0   0   0   0   0   0 |     CAG   1   1   1   1   1   2 |     CGG   0   0   0   0   0   0
--------------------------------------------------------------------------------------------------------------------------------------
Ile ATT   2   2   2   2   2   2 | Thr ACT   0   0   0   0   0   0 | Asn AAT   1   1   1   1   1   1 | Ser AGT   0   0   0   0   0   0
    ATC   1   1   1   1   1   1 |     ACC   0   0   0   0   0   0 |     AAC   0   0   0   0   0   0 |     AGC   0   0   0   0   0   0
    ATA   1   1   1   1   1   1 |     ACA   0   0   0   0   0   0 | Lys AAA   3   3   3   3   3   3 | Arg AGA   0   0   0   0   0   0
Met ATG   1   1   1   1   1   1 |     ACG   0   0   0   0   0   0 |     AAG   0   0   0   0   0   0 |     AGG   0   0   0   0   0   0
--------------------------------------------------------------------------------------------------------------------------------------
Val GTT   0   0   0   0   0   0 | Ala GCT   0   1   0   0   0   0 | Asp GAT   1   1   1   1   0   1 | Gly GGT   0   0   0   0   0   0
    GTC   0   0   0   0   0   0 |     GCC   2   1   2   1   2   2 |     GAC   0   0   0   0   1   0 |     GGC   1   1   1   1   1   1
    GTA   1   1   1   1   1   1 |     GCA   2   2   2   2   2   2 | Glu GAA   2   2   2   2   2   2 |     GGA   0   0   0   0   0   0
    GTG   1   2   1   1   2   1 |     GCG   0   0   0   1   0   0 |     GAG   0   0   0   0   0   0 |     GGG   0   0   0   0   0   0
--------------------------------------------------------------------------------------------------------------------------------------

--------------------------------------------------------------------------------------------------------------------------------------
Phe TTT   2   2   2   2   2   2 | Ser TCT   0   0   0   0   0   0 | Tyr TAT   0   0   0   0   0   0 | Cys TGT   0   0   0   0   0   0
    TTC   0   0   0   0   0   0 |     TCC   0   0   0   0   0   0 |     TAC   0   0   0   0   0   0 |     TGC   0   0   0   0   0   0
Leu TTA   0   0   0   0   0   0 |     TCA   0   0   0   0   0   0 | *** TAA   0   0   0   0   0   0 | *** TGA   0   0   0   0   0   0
    TTG   1   1   1   1   1   1 |     TCG   0   0   0   0   0   0 |     TAG   0   0   0   0   0   0 | Trp TGG   0   0   0   0   0   0
--------------------------------------------------------------------------------------------------------------------------------------
Leu CTT   1   1   0   1   1   0 | Pro CCT   1   1   1   1   1   1 | His CAT   1   1   0   1   0   0 | Arg CGT   1   1   2   1   2   1
    CTC   0   0   1   0   0   1 |     CCC   0   0   0   0   0   0 |     CAC   1   1   1   1   1   1 |     CGC   0   0   0   0   0   1
    CTA   0   0   0   0   0   0 |     CCA   0   0   0   0   0   0 | Gln CAA   1   2   1   1   1   1 |     CGA   0   0   0   0   0   0
    CTG   0   0   0   0   0   0 |     CCG   0   0   0   0   0   0 |     CAG   1   0   1   1   1   1 |     CGG   0   0   0   0   0   0
--------------------------------------------------------------------------------------------------------------------------------------
Ile ATT   2   2   2   2   2   2 | Thr ACT   0   0   0   0   0   0 | Asn AAT   1   1   1   1   1   1 | Ser AGT   0   0   0   0   0   0
    ATC   1   1   1   1   1   1 |     ACC   0   0   0   0   0   0 |     AAC   0   0   0   0   0   0 |     AGC   0   0   0   0   0   0
    ATA   1   1   1   1   1   1 |     ACA   0   0   0   0   0   0 | Lys AAA   3   3   3   3   3   3 | Arg AGA   0   0   0   0   0   0
Met ATG   0   1   1   1   1   1 |     ACG   1   0   0   0   0   0 |     AAG   0   0   0   0   0   0 |     AGG   0   0   0   0   0   0
--------------------------------------------------------------------------------------------------------------------------------------
Val GTT   0   0   0   0   0   0 | Ala GCT   1   0   0   0   0   0 | Asp GAT   1   1   1   1   1   1 | Gly GGT   0   0   0   0   0   0
    GTC   0   0   0   0   0   0 |     GCC   1   2   2   2   2   2 |     GAC   0   0   0   0   0   0 |     GGC   1   1   1   1   1   1
    GTA   1   1   1   1   1   1 |     GCA   2   2   2   2   2   2 | Glu GAA   2   2   2   2   2   2 |     GGA   0   0   0   0   0   0
    GTG   1   1   1   1   1   1 |     GCG   0   0   0   0   0   0 |     GAG   0   0   0   0   0   0 |     GGG   0   0   0   0   0   0
--------------------------------------------------------------------------------------------------------------------------------------

--------------------------------------------------------------------------------------------------------------------------------------
Phe TTT   2   2   2   2   2   2 | Ser TCT   0   0   0   0   0   0 | Tyr TAT   0   0   0   0   0   0 | Cys TGT   0   0   0   0   0   0
    TTC   0   0   0   0   0   0 |     TCC   0   0   0   0   0   0 |     TAC   0   0   0   0   0   0 |     TGC   0   0   0   0   0   0
Leu TTA   1   0   0   0   0   0 |     TCA   0   0   0   0   0   0 | *** TAA   0   0   0   0   0   0 | *** TGA   0   0   0   0   0   0
    TTG   0   1   1   1   1   1 |     TCG   0   0   0   0   0   0 |     TAG   0   0   0   0   0   0 | Trp TGG   0   0   0   0   0   0
--------------------------------------------------------------------------------------------------------------------------------------
Leu CTT   1   1   0   1   0   1 | Pro CCT   1   1   1   1   1   1 | His CAT   1   1   0   0   0   1 | Arg CGT   1   1   1   2   1   1
    CTC   0   0   1   0   1   0 |     CCC   0   0   0   0   0   0 |     CAC   1   1   1   1   1   1 |     CGC   0   0   1   0   1   0
    CTA   0   0   0   0   0   0 |     CCA   0   0   0   0   0   0 | Gln CAA   1   1   1   0   1   1 |     CGA   0   0   0   0   0   0
    CTG   0   0   0   0   0   0 |     CCG   0   0   0   0   0   0 |     CAG   1   1   1   2   1   1 |     CGG   0   0   0   0   0   0
--------------------------------------------------------------------------------------------------------------------------------------
Ile ATT   1   2   2   2   2   2 | Thr ACT   0   0   0   0   0   0 | Asn AAT   1   1   1   1   1   1 | Ser AGT   0   0   0   0   0   0
    ATC   1   1   1   1   1   1 |     ACC   0   0   0   0   0   0 |     AAC   0   0   0   0   0   0 |     AGC   0   0   0   0   0   0
    ATA   1   1   1   1   1   1 |     ACA   0   0   0   0   0   0 | Lys AAA   3   3   3   3   3   3 | Arg AGA   0   0   0   0   0   0
Met ATG   1   1   1   1   1   1 |     ACG   0   0   0   0   0   0 |     AAG   0   0   0   0   0   0 |     AGG   0   0   0   0   0   0
--------------------------------------------------------------------------------------------------------------------------------------
Val GTT   1   0   0   0   0   0 | Ala GCT   0   0   0   0   0   0 | Asp GAT   1   1   1   1   1   1 | Gly GGT   0   0   0   0   0   0
    GTC   0   0   0   0   0   0 |     GCC   2   2   2   2   2   2 |     GAC   0   0   0   0   0   0 |     GGC   1   1   1   1   1   1
    GTA   1   1   1   1   1   1 |     GCA   2   2   2   2   2   2 | Glu GAA   2   2   2   2   2   2 |     GGA   0   0   0   0   0   0
    GTG   1   1   1   1   1   1 |     GCG   0   0   0   0   0   0 |     GAG   0   0   0   0   0   0 |     GGG   0   0   0   0   0   0
--------------------------------------------------------------------------------------------------------------------------------------

--------------------------------------------------------------------------------------------------------------------------------------
Phe TTT   2   2   2   2   2   2 | Ser TCT   0   0   0   0   0   0 | Tyr TAT   0   0   0   0   0   0 | Cys TGT   0   0   0   0   0   0
    TTC   0   0   0   0   0   0 |     TCC   0   0   0   0   0   0 |     TAC   0   0   0   0   0   0 |     TGC   0   0   0   0   0   0
Leu TTA   0   0   0   0   0   0 |     TCA   0   0   0   0   0   0 | *** TAA   0   0   0   0   0   0 | *** TGA   0   0   0   0   0   0
    TTG   1   1   1   1   1   1 |     TCG   0   0   0   0   0   0 |     TAG   0   0   0   0   0   0 | Trp TGG   0   0   0   0   0   0
--------------------------------------------------------------------------------------------------------------------------------------
Leu CTT   1   1   1   1   1   0 | Pro CCT   1   1   1   1   1   1 | His CAT   0   1   1   1   1   0 | Arg CGT   2   1   1   1   1   1
    CTC   0   0   0   0   0   1 |     CCC   0   0   0   0   0   0 |     CAC   1   1   1   1   1   1 |     CGC   0   0   0   0   0   1
    CTA   0   0   0   0   0   0 |     CCA   0   0   0   0   0   0 | Gln CAA   1   1   1   1   1   1 |     CGA   0   0   0   0   0   0
    CTG   0   0   0   0   0   0 |     CCG   0   0   0   0   0   0 |     CAG   1   1   1   1   1   1 |     CGG   0   0   0   0   0   0
--------------------------------------------------------------------------------------------------------------------------------------
Ile ATT   2   2   2   2   2   2 | Thr ACT   0   0   0   0   0   0 | Asn AAT   1   1   1   1   2   1 | Ser AGT   0   0   0   0   0   0
    ATC   1   1   1   1   1   1 |     ACC   0   0   0   0   0   0 |     AAC   0   0   0   0   0   0 |     AGC   0   0   0   0   0   0
    ATA   1   1   1   1   1   2 |     ACA   0   0   0   0   0   0 | Lys AAA   3   3   3   3   2   3 | Arg AGA   0   0   0   0   0   0
Met ATG   1   1   1   1   1   1 |     ACG   0   0   0   0   0   0 |     AAG   0   0   0   0   1   0 |     AGG   0   0   0   0   0   0
--------------------------------------------------------------------------------------------------------------------------------------
Val GTT   0   0   0   0   0   0 | Ala GCT   0   0   0   0   0   0 | Asp GAT   1   1   1   1   0   1 | Gly GGT   0   0   0   0   0   0
    GTC   0   0   0   0   0   0 |     GCC   2   2   2   1   2   2 |     GAC   0   0   0   0   0   0 |     GGC   1   1   1   1   1   1
    GTA   1   1   1   1   1   0 |     GCA   2   2   2   2   2   2 | Glu GAA   2   2   2   2   2   2 |     GGA   0   0   0   0   0   0
    GTG   1   1   1   1   1   1 |     GCG   0   0   0   1   0   0 |     GAG   0   0   0   0   0   0 |     GGG   0   0   0   0   0   0
--------------------------------------------------------------------------------------------------------------------------------------

--------------------------------------------------------------------------------------------------------------------------------------
Phe TTT   2   2   2   2   2   2 | Ser TCT   0   0   0   0   0   0 | Tyr TAT   0   1   0   0   0   0 | Cys TGT   0   0   0   0   0   0
    TTC   0   0   0   0   0   0 |     TCC   0   0   0   0   0   0 |     TAC   0   0   0   0   0   0 |     TGC   0   0   0   0   0   0
Leu TTA   0   0   0   0   0   0 |     TCA   0   0   0   0   0   0 | *** TAA   0   0   0   0   0   0 | *** TGA   0   0   0   0   0   0
    TTG   1   0   1   1   1   1 |     TCG   0   0   0   0   0   0 |     TAG   0   0   0   0   0   0 | Trp TGG   0   0   0   0   0   0
--------------------------------------------------------------------------------------------------------------------------------------
Leu CTT   0   1   0   1   1   1 | Pro CCT   1   1   1   1   1   1 | His CAT   0   1   0   1   0   1 | Arg CGT   2   1   1   1   2   1
    CTC   1   0   1   0   0   0 |     CCC   0   0   0   0   0   0 |     CAC   1   1   1   1   1   1 |     CGC   0   0   1   0   0   0
    CTA   0   0   0   0   0   0 |     CCA   0   0   0   0   0   0 | Gln CAA   1   1   1   1   1   1 |     CGA   0   0   0   0   0   0
    CTG   0   0   0   0   0   0 |     CCG   0   0   0   0   0   0 |     CAG   1   1   1   1   1   1 |     CGG   0   0   0   0   0   0
--------------------------------------------------------------------------------------------------------------------------------------
Ile ATT   2   2   2   2   2   2 | Thr ACT   0   0   0   0   0   0 | Asn AAT   1   0   1   1   1   1 | Ser AGT   0   0   0   0   0   0
    ATC   1   1   1   1   1   1 |     ACC   0   0   0   0   0   0 |     AAC   0   0   0   0   0   0 |     AGC   0   0   0   0   0   0
    ATA   1   1   1   1   1   1 |     ACA   0   0   0   0   0   0 | Lys AAA   3   3   3   3   3   3 | Arg AGA   0   0   0   0   0   0
Met ATG   1   1   1   1   1   1 |     ACG   0   0   0   0   0   0 |     AAG   0   0   0   0   0   0 |     AGG   0   0   0   0   0   0
--------------------------------------------------------------------------------------------------------------------------------------
Val GTT   0   0   0   0   0   0 | Ala GCT   0   1   0   0   0   0 | Asp GAT   1   1   1   1   1   1 | Gly GGT   0   0   0   0   0   0
    GTC   0   0   0   0   0   0 |     GCC   2   1   2   2   2   2 |     GAC   0   0   0   0   0   0 |     GGC   1   1   1   1   1   1
    GTA   1   1   1   1   1   1 |     GCA   2   2   2   2   2   2 | Glu GAA   2   2   2   2   2   2 |     GGA   0   0   0   0   0   0
    GTG   1   2   1   1   1   1 |     GCG   0   0   0   0   0   0 |     GAG   0   0   0   0   0   0 |     GGG   0   0   0   0   0   0
--------------------------------------------------------------------------------------------------------------------------------------

--------------------------------------------------------------------------------------------------------------------------------------
Phe TTT   2   2   2   2   2   2 | Ser TCT   0   0   0   0   0   0 | Tyr TAT   0   0   0   0   0   0 | Cys TGT   0   0   0   0   0   0
    TTC   0   0   0   0   0   0 |     TCC   0   0   0   0   0   0 |     TAC   0   0   0   0   0   0 |     TGC   0   0   0   0   0   0
Leu TTA   0   0   0   0   0   0 |     TCA   0   0   0   0   0   0 | *** TAA   0   0   0   0   0   0 | *** TGA   0   0   0   0   0   0
    TTG   1   1   1   1   0   0 |     TCG   0   0   0   0   0   0 |     TAG   0   0   0   0   0   0 | Trp TGG   0   0   0   0   0   0
--------------------------------------------------------------------------------------------------------------------------------------
Leu CTT   1   1   1   1   1   1 | Pro CCT   1   1   1   1   1   1 | His CAT   1   0   1   1   2   1 | Arg CGT   1   2   1   1   1   1
    CTC   0   0   0   0   0   0 |     CCC   0   0   0   0   0   0 |     CAC   1   1   1   1   1   1 |     CGC   0   0   0   0   0   0
    CTA   0   0   0   0   0   0 |     CCA   0   0   0   0   0   0 | Gln CAA   1   0   1   1   0   1 |     CGA   0   0   0   0   0   0
    CTG   0   0   0   0   0   0 |     CCG   0   0   0   0   0   0 |     CAG   1   2   1   1   1   1 |     CGG   0   0   0   0   0   0
--------------------------------------------------------------------------------------------------------------------------------------
Ile ATT   1   2   2   2   2   2 | Thr ACT   0   0   0   0   0   0 | Asn AAT   1   1   1   1   1   1 | Ser AGT   0   0   0   0   0   0
    ATC   1   1   1   1   1   1 |     ACC   0   0   0   0   0   0 |     AAC   0   0   0   0   0   0 |     AGC   0   0   0   0   0   0
    ATA   1   1   1   1   1   1 |     ACA   0   0   0   0   0   0 | Lys AAA   3   3   3   3   3   3 | Arg AGA   0   0   0   0   0   0
Met ATG   1   1   1   1   1   1 |     ACG   0   0   0   0   0   0 |     AAG   0   0   0   0   0   0 |     AGG   0   0   0   0   0   0
--------------------------------------------------------------------------------------------------------------------------------------
Val GTT   1   0   0   0   0   0 | Ala GCT   0   0   0   0   1   0 | Asp GAT   1   1   1   1   1   1 | Gly GGT   0   0   0   0   0   0
    GTC   0   0   0   0   0   0 |     GCC   2   2   2   2   1   2 |     GAC   0   0   0   0   0   0 |     GGC   1   1   1   1   1   1
    GTA   1   1   1   1   1   1 |     GCA   2   2   2   2   2   2 | Glu GAA   2   2   2   2   2   2 |     GGA   0   0   0   0   0   0
    GTG   1   1   1   1   2   2 |     GCG   0   0   0   0   0   0 |     GAG   0   0   0   0   0   0 |     GGG   0   0   0   0   0   0
--------------------------------------------------------------------------------------------------------------------------------------

--------------------------------------------------------------------------------------------------------------------------------------
Phe TTT   2   2   2   2   2   2 | Ser TCT   0   0   0   0   0   0 | Tyr TAT   0   0   0   0   0   0 | Cys TGT   0   0   0   0   0   0
    TTC   0   0   0   0   0   0 |     TCC   0   0   0   0   0   0 |     TAC   0   0   0   0   0   0 |     TGC   0   0   0   0   0   0
Leu TTA   0   0   0   0   0   0 |     TCA   0   0   0   0   0   0 | *** TAA   0   0   0   0   0   0 | *** TGA   0   0   0   0   0   0
    TTG   1   1   1   1   1   1 |     TCG   0   0   0   0   0   0 |     TAG   0   0   0   0   0   0 | Trp TGG   0   0   0   0   0   0
--------------------------------------------------------------------------------------------------------------------------------------
Leu CTT   1   1   1   1   1   1 | Pro CCT   1   1   1   1   1   1 | His CAT   0   0   1   1   1   1 | Arg CGT   2   1   1   1   1   1
    CTC   0   0   0   0   0   0 |     CCC   0   0   0   0   0   0 |     CAC   1   1   1   1   1   1 |     CGC   0   0   0   0   0   0
    CTA   0   0   0   0   0   0 |     CCA   0   0   0   0   0   0 | Gln CAA   0   1   1   1   1   1 |     CGA   0   0   0   0   0   0
    CTG   0   0   0   0   0   0 |     CCG   0   0   0   0   0   0 |     CAG   2   2   1   1   1   1 |     CGG   0   0   0   0   0   0
--------------------------------------------------------------------------------------------------------------------------------------
Ile ATT   2   2   2   2   2   2 | Thr ACT   0   0   0   0   0   0 | Asn AAT   1   1   1   1   1   1 | Ser AGT   0   0   0   0   0   0
    ATC   1   1   1   1   1   1 |     ACC   0   0   0   0   0   0 |     AAC   0   0   0   0   0   0 |     AGC   0   0   0   0   0   0
    ATA   1   2   1   1   1   1 |     ACA   0   0   0   0   0   0 | Lys AAA   3   3   3   3   3   3 | Arg AGA   0   0   0   0   0   0
Met ATG   1   1   1   1   1   1 |     ACG   0   0   0   0   0   0 |     AAG   0   0   0   0   0   0 |     AGG   0   0   0   0   0   0
--------------------------------------------------------------------------------------------------------------------------------------
Val GTT   0   0   0   0   0   0 | Ala GCT   0   0   0   0   0   0 | Asp GAT   1   1   1   1   1   1 | Gly GGT   0   0   0   0   0   0
    GTC   0   0   0   0   0   0 |     GCC   2   2   2   2   2   2 |     GAC   0   0   0   0   0   0 |     GGC   1   1   1   1   1   1
    GTA   1   0   1   1   1   1 |     GCA   2   2   2   2   2   2 | Glu GAA   2   2   2   1   2   2 |     GGA   0   0   0   0   0   0
    GTG   1   1   1   1   1   1 |     GCG   0   0   0   0   0   0 |     GAG   0   0   0   1   0   0 |     GGG   0   0   0   0   0   0
--------------------------------------------------------------------------------------------------------------------------------------

Codon position x base (3x4) table for each sequence.

#1: Argali         
position  1:    T:0.10345    C:0.24138    A:0.31034    G:0.34483
position  2:    T:0.37931    C:0.17241    A:0.34483    G:0.10345
position  3:    T:0.31034    C:0.20690    A:0.34483    G:0.13793
Average         T:0.26437    C:0.20690    A:0.33333    G:0.19540

#2: LesserMouseDeer
position  1:    T:0.10345    C:0.24138    A:0.27586    G:0.37931
position  2:    T:0.37931    C:0.17241    A:0.37931    G:0.06897
position  3:    T:0.34483    C:0.17241    A:0.34483    G:0.13793
Average         T:0.27586    C:0.19540    A:0.33333    G:0.19540

#3: LesserKudu     
position  1:    T:0.10345    C:0.24138    A:0.31034    G:0.34483
position  2:    T:0.37931    C:0.17241    A:0.37931    G:0.06897
position  3:    T:0.34483    C:0.17241    A:0.34483    G:0.13793
Average         T:0.27586    C:0.19540    A:0.34483    G:0.18391

#4: ForestMuskDeer2
position  1:    T:0.10345    C:0.24138    A:0.31034    G:0.34483
position  2:    T:0.37931    C:0.17241    A:0.37931    G:0.06897
position  3:    T:0.34483    C:0.17241    A:0.31034    G:0.17241
Average         T:0.27586    C:0.19540    A:0.33333    G:0.19540

#5: Camel          
position  1:    T:0.10345    C:0.24138    A:0.27586    G:0.37931
position  2:    T:0.34483    C:0.20690    A:0.34483    G:0.10345
position  3:    T:0.37931    C:0.13793    A:0.31034    G:0.17241
Average         T:0.27586    C:0.19540    A:0.31034    G:0.21839

#6: KillerWhale    
position  1:    T:0.10345    C:0.24138    A:0.27586    G:0.37931
position  2:    T:0.37931    C:0.20690    A:0.34483    G:0.06897
position  3:    T:0.34483    C:0.17241    A:0.34483    G:0.13793
Average         T:0.27586    C:0.20690    A:0.32184    G:0.19540

#7: DefassaWaterbuck
position  1:    T:0.10345    C:0.24138    A:0.31034    G:0.34483
position  2:    T:0.37931    C:0.17241    A:0.37931    G:0.06897
position  3:    T:0.34483    C:0.13793    A:0.37931    G:0.13793
Average         T:0.27586    C:0.18391    A:0.35632    G:0.18391

#8: Sheep          
position  1:    T:0.10345    C:0.24138    A:0.31034    G:0.34483
position  2:    T:0.37931    C:0.17241    A:0.34483    G:0.10345
position  3:    T:0.27586    C:0.24138    A:0.34483    G:0.13793
Average         T:0.25287    C:0.21839    A:0.33333    G:0.19540

#9: MaxwellsDuiker 
position  1:    T:0.10345    C:0.24138    A:0.31034    G:0.34483
position  2:    T:0.37931    C:0.17241    A:0.37931    G:0.06897
position  3:    T:0.34483    C:0.13793    A:0.31034    G:0.20690
Average         T:0.27586    C:0.18391    A:0.33333    G:0.20690

#10: GazellaPrzewalskyi
position  1:    T:0.10345    C:0.24138    A:0.31034    G:0.34483
position  2:    T:0.37931    C:0.17241    A:0.34483    G:0.10345
position  3:    T:0.34483    C:0.17241    A:0.34483    G:0.13793
Average         T:0.27586    C:0.19540    A:0.33333    G:0.19540

#11: MountainNyala  
position  1:    T:0.10345    C:0.24138    A:0.31034    G:0.34483
position  2:    T:0.37931    C:0.17241    A:0.37931    G:0.06897
position  3:    T:0.34483    C:0.17241    A:0.34483    G:0.13793
Average         T:0.27586    C:0.19540    A:0.34483    G:0.18391

#12: MuntiacusMuntjak
position  1:    T:0.10345    C:0.24138    A:0.31034    G:0.34483
position  2:    T:0.37931    C:0.17241    A:0.37931    G:0.06897
position  3:    T:0.34483    C:0.17241    A:0.34483    G:0.13793
Average         T:0.27586    C:0.19540    A:0.34483    G:0.18391

#13: goat           
position  1:    T:0.10345    C:0.24138    A:0.31034    G:0.34483
position  2:    T:0.37931    C:0.17241    A:0.34483    G:0.10345
position  3:    T:0.27586    C:0.24138    A:0.34483    G:0.13793
Average         T:0.25287    C:0.21839    A:0.33333    G:0.19540

#14: AfricanBuffalo 
position  1:    T:0.06897    C:0.24138    A:0.31034    G:0.37931
position  2:    T:0.37931    C:0.17241    A:0.37931    G:0.06897
position  3:    T:0.37931    C:0.13793    A:0.34483    G:0.13793
Average         T:0.27586    C:0.18391    A:0.34483    G:0.19540

#15: Topi           
position  1:    T:0.10345    C:0.24138    A:0.31034    G:0.34483
position  2:    T:0.37931    C:0.17241    A:0.34483    G:0.10345
position  3:    T:0.27586    C:0.24138    A:0.34483    G:0.13793
Average         T:0.25287    C:0.21839    A:0.33333    G:0.19540

#16: CommonDuiker   
position  1:    T:0.10345    C:0.24138    A:0.31034    G:0.34483
position  2:    T:0.37931    C:0.17241    A:0.37931    G:0.06897
position  3:    T:0.34483    C:0.13793    A:0.34483    G:0.17241
Average         T:0.27586    C:0.18391    A:0.34483    G:0.19540

#17: Suni           
position  1:    T:0.06897    C:0.24138    A:0.31034    G:0.37931
position  2:    T:0.37931    C:0.17241    A:0.37931    G:0.06897
position  3:    T:0.34483    C:0.17241    A:0.34483    G:0.13793
Average         T:0.26437    C:0.19540    A:0.34483    G:0.19540

#18: Springbuck     
position  1:    T:0.10345    C:0.24138    A:0.31034    G:0.34483
position  2:    T:0.37931    C:0.17241    A:0.34483    G:0.10345
position  3:    T:0.34483    C:0.17241    A:0.31034    G:0.17241
Average         T:0.27586    C:0.19540    A:0.32184    G:0.20690

#19: Okapi          
position  1:    T:0.10345    C:0.24138    A:0.31034    G:0.34483
position  2:    T:0.34483    C:0.20690    A:0.37931    G:0.06897
position  3:    T:0.37931    C:0.13793    A:0.34483    G:0.13793
Average         T:0.27586    C:0.19540    A:0.34483    G:0.18391

#20: Giraffe        
position  1:    T:0.10345    C:0.24138    A:0.31034    G:0.34483
position  2:    T:0.37931    C:0.17241    A:0.37931    G:0.06897
position  3:    T:0.34483    C:0.17241    A:0.37931    G:0.10345
Average         T:0.27586    C:0.19540    A:0.35632    G:0.17241

#21: TibetanAntelope
position  1:    T:0.10345    C:0.24138    A:0.31034    G:0.34483
position  2:    T:0.37931    C:0.17241    A:0.34483    G:0.10345
position  3:    T:0.31034    C:0.20690    A:0.34483    G:0.13793
Average         T:0.26437    C:0.20690    A:0.33333    G:0.19540

#22: Sitatunga      
position  1:    T:0.10345    C:0.24138    A:0.31034    G:0.34483
position  2:    T:0.37931    C:0.17241    A:0.37931    G:0.06897
position  3:    T:0.34483    C:0.17241    A:0.34483    G:0.13793
Average         T:0.27586    C:0.19540    A:0.34483    G:0.18391

#23: Oribi          
position  1:    T:0.10345    C:0.24138    A:0.31034    G:0.34483
position  2:    T:0.37931    C:0.17241    A:0.34483    G:0.10345
position  3:    T:0.34483    C:0.17241    A:0.34483    G:0.13793
Average         T:0.27586    C:0.19540    A:0.33333    G:0.19540

#24: BarbarySheep   
position  1:    T:0.10345    C:0.24138    A:0.31034    G:0.34483
position  2:    T:0.37931    C:0.17241    A:0.34483    G:0.10345
position  3:    T:0.27586    C:0.24138    A:0.34483    G:0.13793
Average         T:0.25287    C:0.21839    A:0.33333    G:0.19540

#25: Daviddeer      
position  1:    T:0.10345    C:0.24138    A:0.27586    G:0.37931
position  2:    T:0.37931    C:0.17241    A:0.37931    G:0.06897
position  3:    T:0.34483    C:0.17241    A:0.37931    G:0.10345
Average         T:0.27586    C:0.19540    A:0.34483    G:0.18391

#26: Reindeer       
position  1:    T:0.10345    C:0.24138    A:0.31034    G:0.34483
position  2:    T:0.37931    C:0.17241    A:0.37931    G:0.06897
position  3:    T:0.34483    C:0.17241    A:0.34483    G:0.13793
Average         T:0.27586    C:0.19540    A:0.34483    G:0.18391

#27: Ibex           
position  1:    T:0.10345    C:0.24138    A:0.31034    G:0.34483
position  2:    T:0.37931    C:0.17241    A:0.34483    G:0.10345
position  3:    T:0.27586    C:0.24138    A:0.34483    G:0.13793
Average         T:0.25287    C:0.21839    A:0.33333    G:0.19540

#28: GyrantGazelle  
position  1:    T:0.10345    C:0.24138    A:0.31034    G:0.34483
position  2:    T:0.37931    C:0.17241    A:0.34483    G:0.10345
position  3:    T:0.34483    C:0.17241    A:0.31034    G:0.17241
Average         T:0.27586    C:0.19540    A:0.32184    G:0.20690

#29: Hartebeest     
position  1:    T:0.10345    C:0.24138    A:0.31034    G:0.34483
position  2:    T:0.37931    C:0.17241    A:0.34483    G:0.10345
position  3:    T:0.27586    C:0.24138    A:0.34483    G:0.13793
Average         T:0.25287    C:0.21839    A:0.33333    G:0.19540

#30: Bongo          
position  1:    T:0.10345    C:0.24138    A:0.31034    G:0.34483
position  2:    T:0.37931    C:0.17241    A:0.37931    G:0.06897
position  3:    T:0.34483    C:0.17241    A:0.34483    G:0.13793
Average         T:0.27586    C:0.19540    A:0.34483    G:0.18391

#31: Gerenuk        
position  1:    T:0.10345    C:0.24138    A:0.31034    G:0.34483
position  2:    T:0.37931    C:0.17241    A:0.34483    G:0.10345
position  3:    T:0.34483    C:0.17241    A:0.34483    G:0.13793
Average         T:0.27586    C:0.19540    A:0.33333    G:0.19540

#32: CommonEland    
position  1:    T:0.10345    C:0.24138    A:0.31034    G:0.34483
position  2:    T:0.37931    C:0.17241    A:0.37931    G:0.06897
position  3:    T:0.34483    C:0.17241    A:0.34483    G:0.13793
Average         T:0.27586    C:0.19540    A:0.34483    G:0.18391

#33: MuntiacusReevesi
position  1:    T:0.10345    C:0.24138    A:0.31034    G:0.34483
position  2:    T:0.37931    C:0.17241    A:0.37931    G:0.06897
position  3:    T:0.34483    C:0.17241    A:0.34483    G:0.13793
Average         T:0.27586    C:0.19540    A:0.34483    G:0.18391

#34: HarveysDuiker  
position  1:    T:0.10345    C:0.24138    A:0.31034    G:0.34483
position  2:    T:0.37931    C:0.17241    A:0.37931    G:0.06897
position  3:    T:0.34483    C:0.13793    A:0.34483    G:0.17241
Average         T:0.27586    C:0.18391    A:0.34483    G:0.19540

#35: Pronghorn      
position  1:    T:0.10345    C:0.24138    A:0.34483    G:0.31034
position  2:    T:0.37931    C:0.17241    A:0.37931    G:0.06897
position  3:    T:0.34483    C:0.17241    A:0.31034    G:0.17241
Average         T:0.27586    C:0.19540    A:0.34483    G:0.18391

#36: BlueWildebeest 
position  1:    T:0.10345    C:0.24138    A:0.34483    G:0.31034
position  2:    T:0.37931    C:0.17241    A:0.34483    G:0.10345
position  3:    T:0.27586    C:0.24138    A:0.34483    G:0.13793
Average         T:0.25287    C:0.21839    A:0.34483    G:0.18391

#37: Gemsbok        
position  1:    T:0.10345    C:0.24138    A:0.31034    G:0.34483
position  2:    T:0.37931    C:0.17241    A:0.34483    G:0.10345
position  3:    T:0.31034    C:0.20690    A:0.34483    G:0.13793
Average         T:0.26437    C:0.20690    A:0.33333    G:0.19540

#38: Yak            
position  1:    T:0.10345    C:0.24138    A:0.27586    G:0.37931
position  2:    T:0.37931    C:0.17241    A:0.37931    G:0.06897
position  3:    T:0.37931    C:0.13793    A:0.34483    G:0.13793
Average         T:0.28736    C:0.18391    A:0.33333    G:0.19540

#39: BlueSheep      
position  1:    T:0.10345    C:0.24138    A:0.31034    G:0.34483
position  2:    T:0.37931    C:0.17241    A:0.34483    G:0.10345
position  3:    T:0.27586    C:0.24138    A:0.34483    G:0.13793
Average         T:0.25287    C:0.21839    A:0.33333    G:0.19540

#40: BohorReedbuck  
position  1:    T:0.10345    C:0.24138    A:0.31034    G:0.34483
position  2:    T:0.37931    C:0.17241    A:0.37931    G:0.06897
position  3:    T:0.34483    C:0.17241    A:0.34483    G:0.13793
Average         T:0.27586    C:0.19540    A:0.34483    G:0.18391

#41: KirksDik       
position  1:    T:0.10345    C:0.24138    A:0.31034    G:0.34483
position  2:    T:0.37931    C:0.17241    A:0.34483    G:0.10345
position  3:    T:0.34483    C:0.17241    A:0.34483    G:0.13793
Average         T:0.27586    C:0.19540    A:0.33333    G:0.19540

#42: RoeDeer        
position  1:    T:0.10345    C:0.24138    A:0.31034    G:0.34483
position  2:    T:0.37931    C:0.17241    A:0.37931    G:0.06897
position  3:    T:0.34483    C:0.17241    A:0.34483    G:0.13793
Average         T:0.27586    C:0.19540    A:0.34483    G:0.18391

#43: WhiteLippedDeer
position  1:    T:0.10345    C:0.24138    A:0.27586    G:0.37931
position  2:    T:0.37931    C:0.17241    A:0.37931    G:0.06897
position  3:    T:0.34483    C:0.17241    A:0.34483    G:0.13793
Average         T:0.27586    C:0.19540    A:0.33333    G:0.19540

#44: ThomsonGazelle 
position  1:    T:0.10345    C:0.24138    A:0.31034    G:0.34483
position  2:    T:0.37931    C:0.17241    A:0.34483    G:0.10345
position  3:    T:0.34483    C:0.17241    A:0.31034    G:0.17241
Average         T:0.27586    C:0.19540    A:0.32184    G:0.20690

#45: MuntiacusCrinifrons
position  1:    T:0.10345    C:0.24138    A:0.31034    G:0.34483
position  2:    T:0.37931    C:0.17241    A:0.37931    G:0.06897
position  3:    T:0.34483    C:0.17241    A:0.34483    G:0.13793
Average         T:0.27586    C:0.19540    A:0.34483    G:0.18391

#46: WhiteTailedDeer
position  1:    T:0.10345    C:0.24138    A:0.31034    G:0.34483
position  2:    T:0.37931    C:0.17241    A:0.37931    G:0.06897
position  3:    T:0.34483    C:0.17241    A:0.34483    G:0.13793
Average         T:0.27586    C:0.19540    A:0.34483    G:0.18391

#47: Cattle         
position  1:    T:0.06897    C:0.24138    A:0.31034    G:0.37931
position  2:    T:0.37931    C:0.17241    A:0.37931    G:0.06897
position  3:    T:0.41379    C:0.13793    A:0.31034    G:0.13793
Average         T:0.28736    C:0.18391    A:0.33333    G:0.19540

#48: RoyalAntelope  
position  1:    T:0.06897    C:0.24138    A:0.31034    G:0.37931
position  2:    T:0.37931    C:0.17241    A:0.37931    G:0.06897
position  3:    T:0.34483    C:0.17241    A:0.34483    G:0.13793
Average         T:0.26437    C:0.19540    A:0.34483    G:0.19540

#49: Steenbok       
position  1:    T:0.10345    C:0.24138    A:0.31034    G:0.34483
position  2:    T:0.37931    C:0.17241    A:0.34483    G:0.10345
position  3:    T:0.34483    C:0.17241    A:0.31034    G:0.17241
Average         T:0.27586    C:0.19540    A:0.32184    G:0.20690

#50: Impala         
position  1:    T:0.10345    C:0.24138    A:0.34483    G:0.31034
position  2:    T:0.37931    C:0.17241    A:0.37931    G:0.06897
position  3:    T:0.31034    C:0.17241    A:0.34483    G:0.17241
Average         T:0.26437    C:0.19540    A:0.35632    G:0.18391

#51: Klipspringer   
position  1:    T:0.10345    C:0.24138    A:0.31034    G:0.34483
position  2:    T:0.37931    C:0.17241    A:0.37931    G:0.06897
