CODONML (in paml version 4.10.7, June 2023)  /home/rachel/ruminants_paml/6406-phy-tree/ENSBTAT00000003441.fasta.phy
Model: free dN/dS Ratios for branches,  kappa = 2.000 fixed

Codon frequency model: F3x4
ns =  54  ls = 116

Codon usage in sequences
--------------------------------------------------------------------------------------------------------------------------------------
Phe TTT   3   4   3   3   4   3 | Ser TCT   0   0   0   0   2   2 | Tyr TAT   1   1   1   1   1   1 | Cys TGT   1   1   1   1   1   1
    TTC   1   0   1   1   0   1 |     TCC   3   3   3   3   2   1 |     TAC   0   0   0   0   0   0 |     TGC   0   0   0   0   0   0
Leu TTA   2   2   2   2   2   2 |     TCA   2   2   2   1   1   1 | *** TAA   0   0   0   0   0   0 | *** TGA   0   0   0   0   0   0
    TTG   4   3   4   4   4   3 |     TCG   0   0   0   1   0   1 |     TAG   0   0   0   0   0   0 | Trp TGG   0   0   0   0   0   0
--------------------------------------------------------------------------------------------------------------------------------------
Leu CTT   5   5   5   5   6   6 | Pro CCT   1   1   0   2   1   1 | His CAT   3   2   3   3   2   1 | Arg CGT   1   1   1   1   1   1
    CTC   3   3   3   3   3   3 |     CCC   2   2   3   2   2   3 |     CAC   1   2   1   1   2   3 |     CGC   0   0   0   0   0   0
    CTA   1   2   1   1   1   1 |     CCA   2   2   3   2   3   2 | Gln CAA   4   3   4   4   4   5 |     CGA   0   0   0   0   1   1
    CTG   3   3   3   3   3   3 |     CCG   1   1   0   0   0   0 |     CAG   5   6   5   5   5   4 |     CGG   1   1   1   1   0   0
--------------------------------------------------------------------------------------------------------------------------------------
Ile ATT   4   2   4   4   4   4 | Thr ACT   3   5   4   4   4   3 | Asn AAT   2   2   2   2   2   3 | Ser AGT   2   2   2   2   2   2
    ATC   0   1   0   0   0   0 |     ACC   3   1   2   2   1   2 |     AAC   2   2   2   2   2   2 |     AGC   1   1   1   1   1   1
    ATA   0   1   0   0   0   0 |     ACA   3   2   3   3   3   2 | Lys AAA   3   3   3   3   4   3 | Arg AGA   0   0   0   0   0   0
Met ATG   4   4   4   4   3   4 |     ACG   0   0   0   0   0   1 |     AAG   2   2   2   2   1   2 |     AGG   1   1   1   1   1   1
--------------------------------------------------------------------------------------------------------------------------------------
Val GTT   2   2   2   2   2   2 | Ala GCT   4   3   4   4   5   4 | Asp GAT  10  10  10  10  11  10 | Gly GGT   0   0   0   0   0   0
    GTC   0   0   0   0   0   0 |     GCC   0   1   0   0   1   1 |     GAC   3   3   3   3   2   3 |     GGC   1   1   1   1   1   1
    GTA   0   0   0   0   0   0 |     GCA   2   3   2   2   1   0 | Glu GAA   6   6   7   7   7   8 |     GGA   1   2   1   1   2   1
    GTG   1   1   1   1   1   1 |     GCG   0   0   0   0   0   1 |     GAG   5   5   4   4   4   3 |     GGG   1   0   1   1   0   1
--------------------------------------------------------------------------------------------------------------------------------------

--------------------------------------------------------------------------------------------------------------------------------------
Phe TTT   3   3   3   3   3   3 | Ser TCT   0   0   0   0   0   0 | Tyr TAT   1   1   1   1   1   1 | Cys TGT   1   1   1   1   1   1
    TTC   1   1   1   1   1   1 |     TCC   3   3   3   3   3   3 |     TAC   0   0   0   0   0   0 |     TGC   0   0   0   0   0   0
Leu TTA   2   2   2   2   2   3 |     TCA   2   2   2   2   2   2 | *** TAA   0   0   0   0   0   0 | *** TGA   0   0   0   0   0   0
    TTG   4   4   4   4   4   3 |     TCG   0   0   0   0   0   0 |     TAG   0   0   0   0   0   0 | Trp TGG   0   0   0   0   0   0
--------------------------------------------------------------------------------------------------------------------------------------
Leu CTT   5   5   5   5   5   5 | Pro CCT   2   1   1   1   0   1 | His CAT   3   3   3   3   3   3 | Arg CGT   1   1   1   1   1   1
    CTC   3   3   3   3   3   3 |     CCC   1   2   2   2   3   2 |     CAC   1   1   1   1   1   1 |     CGC   0   0   0   0   0   0
    CTA   1   1   1   1   1   1 |     CCA   2   2   2   2   3   3 | Gln CAA   4   4   3   4   4   4 |     CGA   0   0   0   0   0   0
    CTG   3   3   3   3   3   3 |     CCG   1   1   1   1   0   0 |     CAG   5   5   6   5   5   5 |     CGG   1   1   1   1   1   1
--------------------------------------------------------------------------------------------------------------------------------------
Ile ATT   4   4   4   4   4   4 | Thr ACT   4   3   4   4   4   4 | Asn AAT   2   2   2   2   2   2 | Ser AGT   2   2   2   2   2   2
    ATC   0   0   0   0   0   0 |     ACC   2   3   2   2   2   2 |     AAC   2   2   2   2   2   2 |     AGC   1   1   1   1   1   1
    ATA   0   0   0   0   0   0 |     ACA   3   3   3   3   3   3 | Lys AAA   3   3   3   3   3   3 | Arg AGA   0   0   0   0   0   0
Met ATG   4   4   4   4   4   4 |     ACG   0   0   0   0   0   0 |     AAG   2   2   2   2   2   2 |     AGG   1   1   1   1   1   1
--------------------------------------------------------------------------------------------------------------------------------------
Val GTT   2   2   2   2   2   2 | Ala GCT   4   4   4   4   4   4 | Asp GAT   9  10  10  10  10  10 | Gly GGT   0   0   0   0   0   0
    GTC   0   0   0   0   0   0 |     GCC   0   0   0   0   0   0 |     GAC   4   3   3   3   3   3 |     GGC   1   1   1   1   1   1
    GTA   0   0   0   0   0   0 |     GCA   2   2   2   2   2   2 | Glu GAA   7   6   7   7   6   7 |     GGA   2   1   2   1   1   1
    GTG   1   1   1   1   1   1 |     GCG   0   0   0   0   0   0 |     GAG   4   5   4   4   5   4 |     GGG   0   1   0   1   1   1
--------------------------------------------------------------------------------------------------------------------------------------

--------------------------------------------------------------------------------------------------------------------------------------
Phe TTT   3   3   3   3   3   3 | Ser TCT   0   0   0   0   0   0 | Tyr TAT   1   1   1   1   1   1 | Cys TGT   1   1   1   1   1   1
    TTC   1   1   1   1   1   1 |     TCC   3   3   3   3   3   3 |     TAC   0   0   0   0   0   0 |     TGC   0   0   0   0   0   0
Leu TTA   2   2   2   2   2   2 |     TCA   2   2   2   2   2   2 | *** TAA   0   0   0   0   0   0 | *** TGA   0   0   0   0   0   0
    TTG   4   4   4   4   4   4 |     TCG   0   0   0   0   0   0 |     TAG   0   0   0   0   0   0 | Trp TGG   0   0   0   0   0   0
--------------------------------------------------------------------------------------------------------------------------------------
Leu CTT   5   5   5   5   5   5 | Pro CCT   1   1   1   1   1   1 | His CAT   3   3   3   3   2   3 | Arg CGT   1   1   1   1   1   1
    CTC   3   3   3   4   3   3 |     CCC   2   2   2   2   2   2 |     CAC   1   1   1   1   2   1 |     CGC   0   0   0   0   0   0
    CTA   1   1   1   1   1   1 |     CCA   3   3   3   2   2   2 | Gln CAA   4   4   4   3   4   4 |     CGA   0   0   0   0   0   0
    CTG   3   3   3   2   3   3 |     CCG   0   0   0   1   1   1 |     CAG   5   5   5   6   5   5 |     CGG   1   1   1   1   1   1
--------------------------------------------------------------------------------------------------------------------------------------
Ile ATT   4   4   4   4   4   4 | Thr ACT   4   3   4   4   4   4 | Asn AAT   2   2   2   2   2   2 | Ser AGT   2   2   2   2   2   2
    ATC   0   0   0   0   0   0 |     ACC   2   2   2   2   2   2 |     AAC   2   2   2   2   2   2 |     AGC   1   1   1   1   1   1
    ATA   0   0   0   0   0   0 |     ACA   3   3   3   3   3   3 | Lys AAA   3   3   3   3   3   3 | Arg AGA   0   0   1   0   0   0
Met ATG   4   4   4   4   4   4 |     ACG   0   0   0   0   0   0 |     AAG   2   2   2   2   2   2 |     AGG   1   1   0   1   1   1
--------------------------------------------------------------------------------------------------------------------------------------
Val GTT   2   2   2   2   2   2 | Ala GCT   4   6   4   4   3   4 | Asp GAT  10  10  10  10   9  10 | Gly GGT   0   0   0   0   0   0
    GTC   0   0   0   0   0   0 |     GCC   1   0   0   0   1   0 |     GAC   3   3   3   3   4   3 |     GGC   1   1   1   1   1   1
    GTA   0   0   0   0   0   0 |     GCA   1   1   2   2   2   2 | Glu GAA   6   7   7   7   6   7 |     GGA   1   1   1   2   1   1
    GTG   1   1   1   1   1   1 |     GCG   0   0   0   0   0   0 |     GAG   5   4   4   4   5   4 |     GGG   1   1   1   0   1   1
--------------------------------------------------------------------------------------------------------------------------------------

--------------------------------------------------------------------------------------------------------------------------------------
Phe TTT   3   3   3   3   3   3 | Ser TCT   0   0   1   0   0   0 | Tyr TAT   2   1   1   1   1   1 | Cys TGT   1   1   1   1   1   1
    TTC   1   1   1   1   1   1 |     TCC   3   3   2   3   3   3 |     TAC   0   0   0   0   0   0 |     TGC   0   0   0   0   0   0
Leu TTA   2   2   2   3   2   2 |     TCA   1   2   2   2   2   2 | *** TAA   0   0   0   0   0   0 | *** TGA   0   0   0   0   0   0
    TTG   5   4   4   4   4   4 |     TCG   1   0   0   0   0   0 |     TAG   0   0   0   0   0   0 | Trp TGG   0   0   0   0   0   0
--------------------------------------------------------------------------------------------------------------------------------------
Leu CTT   5   5   5   5   5   5 | Pro CCT   1   1   1   0   1   1 | His CAT   2   3   3   3   3   3 | Arg CGT   1   1   1   1   1   1
    CTC   3   2   3   3   3   3 |     CCC   2   2   2   3   2   2 |     CAC   1   1   1   1   1   1 |     CGC   0   0   0   0   0   0
    CTA   1   1   1   0   1   1 |     CCA   2   2   2   3   2   2 | Gln CAA   4   4   4   4   4   4 |     CGA   0   0   0   0   0   0
    CTG   3   5   3   3   3   3 |     CCG   1   1   1   0   1   1 |     CAG   5   5   5   5   5   5 |     CGG   1   1   1   1   1   1
--------------------------------------------------------------------------------------------------------------------------------------
Ile ATT   4   4   4   4   4   4 | Thr ACT   4   4   4   4   4   4 | Asn AAT   2   2   2   2   2   2 | Ser AGT   2   2   2   2   2   2
    ATC   0   0   0   0   0   0 |     ACC   2   2   2   2   2   2 |     AAC   2   2   2   2   2   2 |     AGC   1   1   1   1   1   1
    ATA   0   0   0   0   0   0 |     ACA   3   3   3   3   3   3 | Lys AAA   3   3   3   3   3   3 | Arg AGA   0   0   0   0   0   0
Met ATG   3   3   4   4   4   4 |     ACG   0   0   0   0   0   0 |     AAG   2   2   2   2   2   2 |     AGG   1   1   1   1   1   1
--------------------------------------------------------------------------------------------------------------------------------------
Val GTT   2   2   2   2   2   2 | Ala GCT   4   4   4   4   4   4 | Asp GAT  10  10  10  10  10  10 | Gly GGT   0   0   0   0   0   0
    GTC   0   0   0   0   0   0 |     GCC   1   0   0   0   0   0 |     GAC   3   3   3   3   3   3 |     GGC   1   1   1   1   1   1
    GTA   0   1   0   0   0   0 |     GCA   1   1   2   2   2   2 | Glu GAA   7   7   6   7   7   6 |     GGA   1   1   1   1   1   1
    GTG   1   0   1   1   1   1 |     GCG   0   1   0   0   0   0 |     GAG   4   4   5   4   4   5 |     GGG   1   1   1   1   1   1
--------------------------------------------------------------------------------------------------------------------------------------

--------------------------------------------------------------------------------------------------------------------------------------
Phe TTT   3   3   3   3   3   3 | Ser TCT   0   0   0   0   0   0 | Tyr TAT   1   1   1   1   1   1 | Cys TGT   1   1   1   1   1   1
    TTC   1   1   1   1   1   1 |     TCC   3   3   3   3   3   3 |     TAC   0   0   0   0   0   0 |     TGC   0   0   0   0   0   0
Leu TTA   3   3   2   2   2   2 |     TCA   1   1   2   2   2   2 | *** TAA   0   0   0   0   0   0 | *** TGA   0   0   0   0   0   0
    TTG   3   3   4   4   4   4 |     TCG   1   1   0   0   0   0 |     TAG   0   0   0   0   0   0 | Trp TGG   0   0   0   0   0   0
--------------------------------------------------------------------------------------------------------------------------------------
Leu CTT   5   5   5   5   5   5 | Pro CCT   1   1   1   1   1   0 | His CAT   3   3   3   3   3   3 | Arg CGT   1   1   1   1   1   1
    CTC   3   3   3   3   3   3 |     CCC   2   2   2   2   2   3 |     CAC   1   1   1   1   1   1 |     CGC   0   0   0   0   0   0
    CTA   1   1   1   1   1   1 |     CCA   2   2   3   2   2   3 | Gln CAA   4   4   4   5   4   4 |     CGA   0   0   0   0   0   0
    CTG   3   3   3   3   3   3 |     CCG   1   1   0   1   1   0 |     CAG   5   5   5   4   5   5 |     CGG   1   1   1   1   1   1
--------------------------------------------------------------------------------------------------------------------------------------
Ile ATT   4   4   4   4   4   4 | Thr ACT   5   4   4   4   4   4 | Asn AAT   2   2   2   2   2   2 | Ser AGT   2   2   2   2   2   2
    ATC   0   0   0   0   0   0 |     ACC   1   2   2   2   2   2 |     AAC   2   2   2   2   2   2 |     AGC   1   1   1   1   1   1
    ATA   0   0   0   0   0   0 |     ACA   3   3   3   2   3   3 | Lys AAA   3   3   3   4   3   3 | Arg AGA   0   0   0   0   1   0
Met ATG   4   4   4   4   4   4 |     ACG   0   0   0   0   0   0 |     AAG   2   2   2   1   2   2 |     AGG   1   1   1   1   0   1
--------------------------------------------------------------------------------------------------------------------------------------
Val GTT   2   2   2   2   2   2 | Ala GCT   4   3   4   4   4   4 | Asp GAT  10  10  10  10  10  10 | Gly GGT   0   0   0   0   0   0
    GTC   0   0   0   0   0   0 |     GCC   0   1   0   0   0   0 |     GAC   3   3   3   3   3   3 |     GGC   1   1   1   1   1   1
    GTA   0   0   0   0   0   0 |     GCA   2   2   2   3   2   2 | Glu GAA   6   7   6   6   7   7 |     GGA   1   1   1   1   1   1
    GTG   1   1   1   1   1   1 |     GCG   0   0   0   0   0   0 |     GAG   5   4   5   5   4   4 |     GGG   1   1   1   1   1   1
--------------------------------------------------------------------------------------------------------------------------------------

--------------------------------------------------------------------------------------------------------------------------------------
Phe TTT   3   3   3   3   3   3 | Ser TCT   0   0   0   0   0   0 | Tyr TAT   1   1   1   1   1   1 | Cys TGT   1   1   1   1   1   1
    TTC   1   1   1   1   1   1 |     TCC   3   3   3   3   3   3 |     TAC   0   0   0   0   0   0 |     TGC   0   0   0   0   0   0
Leu TTA   2   2   3   2   2   2 |     TCA   2   2   1   2   1   2 | *** TAA   0   0   0   0   0   0 | *** TGA   0   0   0   0   0   0
    TTG   4   4   4   5   4   4 |     TCG   0   0   1   0   1   0 |     TAG   0   0   0   0   0   0 | Trp TGG   0   0   0   0   0   0
--------------------------------------------------------------------------------------------------------------------------------------
Leu CTT   5   5   5   5   5   5 | Pro CCT   1   0   1   1   1   1 | His CAT   3   3   3   3   3   3 | Arg CGT   1   1   1   1   0   1
    CTC   3   3   3   3   2   3 |     CCC   2   3   2   2   2   2 |     CAC   1   1   1   1   1   1 |     CGC   0   0   0   0   0   0
    CTA   1   1   1   1   1   1 |     CCA   2   3   2   2   3   2 | Gln CAA   4   4   4   3   5   4 |     CGA   0   0   0   0   0   0
    CTG   3   3   2   3   5   3 |     CCG   1   0   1   1   0   1 |     CAG   5   5   5   6   4   5 |     CGG   1   1   1   1   2   1
--------------------------------------------------------------------------------------------------------------------------------------
Ile ATT   4   4   4   4   4   4 | Thr ACT   4   4   4   4   4   4 | Asn AAT   2   2   2   2   2   2 | Ser AGT   2   2   2   2   2   2
    ATC   0   0   0   0   0   0 |     ACC   2   2   2   2   1   2 |     AAC   2   2   2   2   2   2 |     AGC   1   1   1   1   1   1
    ATA   0   0   0   0   0   0 |     ACA   3   3   3   3   3   3 | Lys AAA   3   3   3   3   3   3 | Arg AGA   0   0   0   0   0   1
Met ATG   4   4   4   3   3   4 |     ACG   0   0   0   0   0   0 |     AAG   2   2   2   2   2   2 |     AGG   1   1   1   1   1   0
--------------------------------------------------------------------------------------------------------------------------------------
Val GTT   2   2   2   2   2   2 | Ala GCT   4   4   4   4   5   4 | Asp GAT  10  10  10  10   9  10 | Gly GGT   0   0   0   0   0   0
    GTC   0   0   0   0   0   0 |     GCC   0   0   0   0   0   0 |     GAC   3   3   3   3   4   3 |     GGC   1   1   1   1   1   1
    GTA   0   0   0   0   0   0 |     GCA   2   2   2   2   1   2 | Glu GAA   7   7   6   7   7   7 |     GGA   1   1   1   2   1   1
    GTG   1   1   1   1   1   1 |     GCG   0   0   0   0   1   0 |     GAG   4   4   5   4   4   4 |     GGG   1   1   1   0   1   1
--------------------------------------------------------------------------------------------------------------------------------------

--------------------------------------------------------------------------------------------------------------------------------------
Phe TTT   3   3   3   3   3   3 | Ser TCT   0   0   0   0   0   0 | Tyr TAT   1   1   1   1   1   1 | Cys TGT   1   1   1   1   1   1
    TTC   1   1   1   1   1   1 |     TCC   3   3   3   3   3   3 |     TAC   0   0   0   0   0   0 |     TGC   0   0   0   0   0   0
Leu TTA   2   2   2   2   2   3 |     TCA   2   2   2   2   2   1 | *** TAA   0   0   0   0   0   0 | *** TGA   0   0   0   0   0   0
    TTG   5   4   4   4   4   4 |     TCG   0   0   0   0   0   1 |     TAG   0   0   0   0   0   0 | Trp TGG   0   0   0   0   0   0
--------------------------------------------------------------------------------------------------------------------------------------
Leu CTT   5   5   5   5   5   5 | Pro CCT   1   2   1   2   1   1 | His CAT   3   3   3   3   3   3 | Arg CGT   1   1   1   1   1   1
    CTC   3   3   3   3   3   3 |     CCC   2   1   2   1   2   2 |     CAC   1   1   1   1   1   1 |     CGC   0   0   0   0   0   0
    CTA   1   1   1   1   1   1 |     CCA   2   3   2   2   2   3 | Gln CAA   3   4   3   4   4   4 |     CGA   1   0   0   0   0   0
    CTG   2   3   3   3   3   2 |     CCG   1   0   1   1   1   0 |     CAG   6   5   6   5   5   5 |     CGG   0   1   1   1   1   1
--------------------------------------------------------------------------------------------------------------------------------------
Ile ATT   4   4   4   4   4   4 | Thr ACT   4   4   4   4   5   4 | Asn AAT   2   2   2   2   2   2 | Ser AGT   2   2   2   2   2   2
    ATC   0   0   0   0   0   0 |     ACC   2   2   2   2   1   2 |     AAC   2   2   2   2   2   2 |     AGC   1   1   1   1   1   1
    ATA   0   0   0   0   0   0 |     ACA   3   3   3   3   3   3 | Lys AAA   3   3   3   3   3   3 | Arg AGA   1   0   0   0   0   0
Met ATG   4   4   4   4   4   4 |     ACG   0   0   0   0   0   0 |     AAG   2   2   2   2   2   2 |     AGG   0   1   1   1   1   1
--------------------------------------------------------------------------------------------------------------------------------------
Val GTT   2   2   2   2   2   2 | Ala GCT   4   4   3   4   4   4 | Asp GAT  10  10  11  10  10  10 | Gly GGT   0   0   0   0   0   0
    GTC   0   0   0   0   0   0 |     GCC   0   0   1   0   0   0 |     GAC   3   3   2   3   3   3 |     GGC   1   1   1   1   1   1
    GTA   0   0   0   0   0   0 |     GCA   2   2   2   2   2   2 | Glu GAA   7   7   6   7   8   6 |     GGA   1   1   1   2   1   1
    GTG   1   1   1   1   1   1 |     GCG   0   0   0   0   0   0 |     GAG   4   4   5   4   3   5 |     GGG   1   1   1   0   1   1
--------------------------------------------------------------------------------------------------------------------------------------

--------------------------------------------------------------------------------------------------------------------------------------
Phe TTT   3   3   3   3   3   3 | Ser TCT   0   0   0   0   0   0 | Tyr TAT   1   1   1   1   1   1 | Cys TGT   1   1   1   1   1   1
    TTC   1   1   1   1   1   1 |     TCC   3   3   3   3   3   3 |     TAC   0   0   0   0   0   0 |     TGC   0   0   0   0   0   0
Leu TTA   3   2   3   3   2   2 |     TCA   2   2   2   1   2   2 | *** TAA   0   0   0   0   0   0 | *** TGA   0   0   0   0   0   0
    TTG   3   4   3   3   4   4 |     TCG   0   0   0   1   0   0 |     TAG   0   0   0   0   0   0 | Trp TGG   0   0   0   0   0   0
--------------------------------------------------------------------------------------------------------------------------------------
Leu CTT   5   5   5   5   5   6 | Pro CCT   1   1   1   1   2   1 | His CAT   3   3   3   3   3   3 | Arg CGT   1   1   1   1   1   1
    CTC   3   3   3   3   3   3 |     CCC   2   2   2   2   1   2 |     CAC   1   1   1   1   1   1 |     CGC   0   0   0   0   0   0
    CTA   1   1   1   1   1   1 |     CCA   2   2   3   2   3   2 | Gln CAA   4   4   4   4   4   4 |     CGA   0   0   0   0   0   0
    CTG   3   3   3   3   3   2 |     CCG   1   1   0   1   0   1 |     CAG   5   5   5   5   5   5 |     CGG   1   1   1   1   1   1
--------------------------------------------------------------------------------------------------------------------------------------
Ile ATT   4   4   4   4   4   4 | Thr ACT   4   4   4   4   4   4 | Asn AAT   2   2   2   2   2   2 | Ser AGT   2   2   2   2   2   2
    ATC   0   0   0   0   0   0 |     ACC   2   2   2   2   2   2 |     AAC   2   2   2   2   2   2 |     AGC   1   1   1   1   1   1
    ATA   0   0   0   0   0   0 |     ACA   3   3   3   3   3   3 | Lys AAA   3   3   3   3   3   3 | Arg AGA   0   0   0   0   0   0
Met ATG   4   4   4   4   4   4 |     ACG   0   0   0   0   0   0 |     AAG   2   2   2   2   2   2 |     AGG   1   1   1   1   1   1
--------------------------------------------------------------------------------------------------------------------------------------
Val GTT   2   2   2   2   2   2 | Ala GCT   4   4   4   4   4   4 | Asp GAT  10  10  10  10  10  10 | Gly GGT   0   0   0   0   0   0
    GTC   0   0   0   0   0   0 |     GCC   0   0   0   0   0   1 |     GAC   3   3   3   3   3   3 |     GGC   1   1   1   1   1   1
    GTA   0   0   0   0   0   0 |     GCA   2   2   2   2   2   1 | Glu GAA   7   7   7   7   7   7 |     GGA   1   1   1   1   1   1
    GTG   1   1   1   1   1   1 |     GCG   0   0   0   0   0   0 |     GAG   4   4   4   4   4   4 |     GGG   1   1   1   1   1   1
--------------------------------------------------------------------------------------------------------------------------------------

--------------------------------------------------------------------------------------------------------------------------------------
Phe TTT   3   3   3   3   3   3 | Ser TCT   0   0   0   0   0   0 | Tyr TAT   1   1   1   1   1   1 | Cys TGT   1   1   1   1   1   1
    TTC   1   1   1   1   1   1 |     TCC   3   3   3   3   3   3 |     TAC   0   0   0   0   0   0 |     TGC   0   0   0   0   0   0
Leu TTA   3   2   2   2   2   2 |     TCA   2   2   2   1   2   2 | *** TAA   0   0   0   0   0   0 | *** TGA   0   0   0   0   0   0
    TTG   3   4   4   4   4   4 |     TCG   0   0   0   1   0   0 |     TAG   0   0   0   0   0   0 | Trp TGG   0   0   0   0   0   0
--------------------------------------------------------------------------------------------------------------------------------------
Leu CTT   5   5   5   5   5   5 | Pro CCT   0   1   1   2   0   0 | His CAT   3   3   3   3   3   3 | Arg CGT   1   1   1   1   1   1
    CTC   3   3   3   3   3   3 |     CCC   3   2   2   2   3   3 |     CAC   1   1   1   1   1   1 |     CGC   0   0   0   0   0   0
    CTA   1   1   1   1   1   1 |     CCA   2   3   3   2   3   3 | Gln CAA   3   4   4   4   4   5 |     CGA   0   0   0   0   0   0
    CTG   3   3   3   3   3   3 |     CCG   1   0   0   0   0   0 |     CAG   6   5   5   5   5   4 |     CGG   1   1   1   1   1   1
--------------------------------------------------------------------------------------------------------------------------------------
Ile ATT   4   4   4   4   4   4 | Thr ACT   4   4   4   4   4   4 | Asn AAT   2   1   2   2   2   2 | Ser AGT   2   2   2   2   2   2
    ATC   0   0   0   0   0   0 |     ACC   2   2   2   2   2   2 |     AAC   2   3   2   2   2   2 |     AGC   1   1   1   1   1   1
    ATA   0   0   1   0   0   0 |     ACA   3   3   3   3   3   3 | Lys AAA   3   3   3   3   3   3 | Arg AGA   0   0   0   0   0   0
Met ATG   4   4   3   4   4   4 |     ACG   0   0   0   0   0   0 |     AAG   2   2   2   2   2   2 |     AGG   1   1   1   1   1   1
--------------------------------------------------------------------------------------------------------------------------------------
Val GTT   1   2   2   2   2   2 | Ala GCT   4   4   4   4   4   4 | Asp GAT  10  10  10  10  10  10 | Gly GGT   0   0   0   0   0   0
    GTC   1   0   0   0   0   0 |     GCC   0   0   0   0   0   0 |     GAC   3   3   3   3   3   3 |     GGC   1   1   1   1   1   1
    GTA   0   0   0   0   0   0 |     GCA   2   2   2   2   2   2 | Glu GAA   7   8   7   7   7   6 |     GGA   1   1   1   1   1   1
    GTG   1   1   1   1   1   1 |     GCG   0   0   0   0   0   0 |     GAG   4   3   4   4   4   5 |     GGG   1   1   1   1   1   1
--------------------------------------------------------------------------------------------------------------------------------------

Codon position x base (3x4) table for each sequence.

#1: Argali         
position  1:    T:0.14655    C:0.28448    A:0.25862    G:0.31034
position  2:    T:0.28448    C:0.22414    A:0.40517    G:0.08621
position  3:    T:0.36207    C:0.17241    A:0.22414    G:0.24138
Average         T:0.26437    C:0.22701    A:0.29598    G:0.21264

#2: LesserMouseDeer
position  1:    T:0.13793    C:0.29310    A:0.25000    G:0.31897
position  2:    T:0.28448    C:0.22414    A:0.40517    G:0.08621
position  3:    T:0.35345    C:0.17241    A:0.24138    G:0.23276
Average         T:0.25862    C:0.22989    A:0.29885    G:0.21264

#3: LesserKudu     
position  1:    T:0.14655    C:0.28448    A:0.25862    G:0.31034
position  2:    T:0.28448    C:0.22414    A:0.40517    G:0.08621
position  3:    T:0.36207    C:0.17241    A:0.24138    G:0.22414
Average         T:0.26437    C:0.22701    A:0.30172    G:0.20690

#4: ForestMuskDeer2
position  1:    T:0.14655    C:0.28448    A:0.25862    G:0.31034
position  2:    T:0.28448    C:0.22414    A:0.40517    G:0.08621
position  3:    T:0.37931    C:0.16379    A:0.22414    G:0.23276
Average         T:0.27011    C:0.22414    A:0.29598    G:0.20977

#5: Camel          
position  1:    T:0.14655    C:0.29310    A:0.24138    G:0.31897
position  2:    T:0.28448    C:0.22414    A:0.40517    G:0.08621
position  3:    T:0.41379    C:0.14655    A:0.25000    G:0.18966
Average         T:0.28161    C:0.22126    A:0.29885    G:0.19828

#6: KillerWhale    
position  1:    T:0.13793    C:0.29310    A:0.25862    G:0.31034
position  2:    T:0.28448    C:0.21552    A:0.41379    G:0.08621
position  3:    T:0.37931    C:0.18103    A:0.22414    G:0.21552
Average         T:0.26724    C:0.22989    A:0.29885    G:0.20402

#7: DefassaWaterbuck
position  1:    T:0.14655    C:0.28448    A:0.25862    G:0.31034
position  2:    T:0.28448    C:0.22414    A:0.40517    G:0.08621
position  3:    T:0.37069    C:0.16379    A:0.24138    G:0.22414
Average         T:0.26724    C:0.22414    A:0.30172    G:0.20690

#8: Sheep          
position  1:    T:0.14655    C:0.28448    A:0.25862    G:0.31034
position  2:    T:0.28448    C:0.22414    A:0.40517    G:0.08621
position  3:    T:0.36207    C:0.17241    A:0.22414    G:0.24138
Average         T:0.26437    C:0.22701    A:0.29598    G:0.21264

#9: MaxwellsDuiker 
position  1:    T:0.14655    C:0.28448    A:0.25862    G:0.31034
position  2:    T:0.28448    C:0.22414    A:0.40517    G:0.08621
position  3:    T:0.37069    C:0.16379    A:0.23276    G:0.23276
Average         T:0.26724    C:0.22414    A:0.29885    G:0.20977

#10: GazellaPrzewalskyi
position  1:    T:0.14655    C:0.28448    A:0.25862    G:0.31034
position  2:    T:0.28448    C:0.22414    A:0.40517    G:0.08621
position  3:    T:0.37069    C:0.16379    A:0.23276    G:0.23276
Average         T:0.26724    C:0.22414    A:0.29885    G:0.20977

#11: MountainNyala  
position  1:    T:0.14655    C:0.28448    A:0.25862    G:0.31034
position  2:    T:0.28448    C:0.22414    A:0.40517    G:0.08621
position  3:    T:0.36207    C:0.17241    A:0.23276    G:0.23276
Average         T:0.26437    C:0.22701    A:0.29885    G:0.20977

#12: MuntiacusMuntjak
position  1:    T:0.14655    C:0.28448    A:0.25862    G:0.31034
position  2:    T:0.28448    C:0.22414    A:0.40517    G:0.08621
position  3:    T:0.37069    C:0.16379    A:0.25000    G:0.21552
Average         T:0.26724    C:0.22414    A:0.30460    G:0.20402

#13: goat           
position  1:    T:0.14655    C:0.28448    A:0.25862    G:0.31034
position  2:    T:0.28448    C:0.22414    A:0.40517    G:0.08621
position  3:    T:0.37069    C:0.17241    A:0.22414    G:0.23276
Average         T:0.26724    C:0.22701    A:0.29598    G:0.20977

#14: AfricanBuffalo 
position  1:    T:0.14655    C:0.28448    A:0.25000    G:0.31897
position  2:    T:0.28448    C:0.22414    A:0.40517    G:0.08621
position  3:    T:0.37931    C:0.16379    A:0.23276    G:0.22414
Average         T:0.27011    C:0.22414    A:0.29598    G:0.20977

#15: Topi           
position  1:    T:0.14655    C:0.28448    A:0.25862    G:0.31034
position  2:    T:0.28448    C:0.22414    A:0.40517    G:0.08621
position  3:    T:0.37069    C:0.16379    A:0.25000    G:0.21552
Average         T:0.26724    C:0.22414    A:0.30460    G:0.20402

#16: CommonDuiker   
position  1:    T:0.14655    C:0.28448    A:0.25862    G:0.31034
position  2:    T:0.28448    C:0.22414    A:0.40517    G:0.08621
position  3:    T:0.37069    C:0.17241    A:0.23276    G:0.22414
Average         T:0.26724    C:0.22701    A:0.29885    G:0.20690

#17: Suni           
position  1:    T:0.14655    C:0.28448    A:0.25862    G:0.31034
position  2:    T:0.28448    C:0.22414    A:0.40517    G:0.08621
position  3:    T:0.34483    C:0.18966    A:0.22414    G:0.24138
Average         T:0.25862    C:0.23276    A:0.29598    G:0.21264

#18: Springbuck     
position  1:    T:0.14655    C:0.28448    A:0.25862    G:0.31034
position  2:    T:0.28448    C:0.22414    A:0.40517    G:0.08621
position  3:    T:0.37069    C:0.16379    A:0.23276    G:0.23276
Average         T:0.26724    C:0.22414    A:0.29885    G:0.20977

#19: Okapi          
position  1:    T:0.16379    C:0.27586    A:0.25000    G:0.31034
position  2:    T:0.28448    C:0.22414    A:0.40517    G:0.08621
position  3:    T:0.37069    C:0.17241    A:0.21552    G:0.24138
Average         T:0.27299    C:0.22414    A:0.29023    G:0.21264

#20: Giraffe        
position  1:    T:0.14655    C:0.29310    A:0.25000    G:0.31034
position  2:    T:0.28448    C:0.22414    A:0.40517    G:0.08621
position  3:    T:0.37069    C:0.15517    A:0.23276    G:0.24138
Average         T:0.26724    C:0.22414    A:0.29598    G:0.21264

#21: TibetanAntelope
position  1:    T:0.14655    C:0.28448    A:0.25862    G:0.31034
position  2:    T:0.28448    C:0.22414    A:0.40517    G:0.08621
position  3:    T:0.37931    C:0.15517    A:0.22414    G:0.24138
Average         T:0.27011    C:0.22126    A:0.29598    G:0.21264

#22: Sitatunga      
position  1:    T:0.15517    C:0.27586    A:0.25862    G:0.31034
position  2:    T:0.28448    C:0.22414    A:0.40517    G:0.08621
position  3:    T:0.36207    C:0.17241    A:0.24138    G:0.22414
Average         T:0.26724    C:0.22414    A:0.30172    G:0.20690

#23: Oribi          
position  1:    T:0.14655    C:0.28448    A:0.25862    G:0.31034
position  2:    T:0.28448    C:0.22414    A:0.40517    G:0.08621
position  3:    T:0.37069    C:0.16379    A:0.23276    G:0.23276
Average         T:0.26724    C:0.22414    A:0.29885    G:0.20977

#24: BarbarySheep   
position  1:    T:0.14655    C:0.28448    A:0.25862    G:0.31034
position  2:    T:0.28448    C:0.22414    A:0.40517    G:0.08621
position  3:    T:0.37069    C:0.16379    A:0.22414    G:0.24138
Average         T:0.26724    C:0.22414    A:0.29598    G:0.21264

#25: Daviddeer      
position  1:    T:0.14655    C:0.28448    A:0.25862    G:0.31034
position  2:    T:0.28448    C:0.22414    A:0.40517    G:0.08621
position  3:    T:0.37931    C:0.15517    A:0.22414    G:0.24138
Average         T:0.27011    C:0.22126    A:0.29598    G:0.21264

#26: Reindeer       
position  1:    T:0.14655    C:0.28448    A:0.25862    G:0.31034
position  2:    T:0.28448    C:0.22414    A:0.40517    G:0.08621
position  3:    T:0.36207    C:0.17241    A:0.23276    G:0.23276
Average         T:0.26437    C:0.22701    A:0.29885    G:0.20977

#27: Ibex           
position  1:    T:0.14655    C:0.28448    A:0.25862    G:0.31034
position  2:    T:0.28448    C:0.22414    A:0.40517    G:0.08621
position  3:    T:0.37069    C:0.16379    A:0.23276    G:0.23276
Average         T:0.26724    C:0.22414    A:0.29885    G:0.20977

#28: GyrantGazelle  
position  1:    T:0.14655    C:0.28448    A:0.25000    G:0.31897
position  2:    T:0.28448    C:0.22414    A:0.40517    G:0.08621
position  3:    T:0.37069    C:0.16379    A:0.24138    G:0.22414
Average         T:0.26724    C:0.22414    A:0.29885    G:0.20977

#29: Hartebeest     
position  1:    T:0.14655    C:0.28448    A:0.25862    G:0.31034
position  2:    T:0.28448    C:0.22414    A:0.40517    G:0.08621
position  3:    T:0.37069    C:0.16379    A:0.24138    G:0.22414
Average         T:0.26724    C:0.22414    A:0.30172    G:0.20690

#30: Bongo          
position  1:    T:0.14655    C:0.28448    A:0.25862    G:0.31034
position  2:    T:0.28448    C:0.22414    A:0.40517    G:0.08621
position  3:    T:0.36207    C:0.17241    A:0.24138    G:0.22414
Average         T:0.26437    C:0.22701    A:0.30172    G:0.20690

#31: Gerenuk        
position  1:    T:0.14655    C:0.28448    A:0.25862    G:0.31034
position  2:    T:0.28448    C:0.22414    A:0.40517    G:0.08621
position  3:    T:0.37069    C:0.16379    A:0.23276    G:0.23276
Average         T:0.26724    C:0.22414    A:0.29885    G:0.20977

#32: CommonEland    
position  1:    T:0.14655    C:0.28448    A:0.25862    G:0.31034
position  2:    T:0.28448    C:0.22414    A:0.40517    G:0.08621
position  3:    T:0.36207    C:0.17241    A:0.24138    G:0.22414
Average         T:0.26437    C:0.22701    A:0.30172    G:0.20690

#33: MuntiacusReevesi
position  1:    T:0.15517    C:0.27586    A:0.25862    G:0.31034
position  2:    T:0.28448    C:0.22414    A:0.40517    G:0.08621
position  3:    T:0.37069    C:0.16379    A:0.22414    G:0.24138
Average         T:0.27011    C:0.22126    A:0.29598    G:0.21264

#34: HarveysDuiker  
position  1:    T:0.15517    C:0.28448    A:0.25000    G:0.31034
position  2:    T:0.28448    C:0.22414    A:0.40517    G:0.08621
position  3:    T:0.37069    C:0.16379    A:0.23276    G:0.23276
Average         T:0.27011    C:0.22414    A:0.29598    G:0.20977

#35: Pronghorn      
position  1:    T:0.14655    C:0.29310    A:0.24138    G:0.31897
position  2:    T:0.28448    C:0.22414    A:0.40517    G:0.08621
position  3:    T:0.36207    C:0.15517    A:0.23276    G:0.25000
Average         T:0.26437    C:0.22414    A:0.29310    G:0.21839

#36: BlueWildebeest 
position  1:    T:0.14655    C:0.28448    A:0.25862    G:0.31034
position  2:    T:0.28448    C:0.22414    A:0.40517    G:0.08621
position  3:    T:0.37069    C:0.16379    A:0.24138    G:0.22414
Average         T:0.26724    C:0.22414    A:0.30172    G:0.20690

#37: Gemsbok        
position  1:    T:0.15517    C:0.27586    A:0.25862    G:0.31034
position  2:    T:0.28448    C:0.22414    A:0.40517    G:0.08621
position  3:    T:0.37069    C:0.16379    A:0.24138    G:0.22414
Average         T:0.27011    C:0.22126    A:0.30172    G:0.20690

#38: Yak            
position  1:    T:0.14655    C:0.28448    A:0.25862    G:0.31034
position  2:    T:0.28448    C:0.22414    A:0.40517    G:0.08621
position  3:    T:0.37931    C:0.15517    A:0.24138    G:0.22414
Average         T:0.27011    C:0.22126    A:0.30172    G:0.20690

#39: BlueSheep      
position  1:    T:0.14655    C:0.28448    A:0.25862    G:0.31034
position  2:    T:0.28448    C:0.22414    A:0.40517    G:0.08621
position  3:    T:0.37069    C:0.16379    A:0.21552    G:0.25000
Average         T:0.26724    C:0.22414    A:0.29310    G:0.21552

#40: BohorReedbuck  
position  1:    T:0.14655    C:0.28448    A:0.25862    G:0.31034
position  2:    T:0.28448    C:0.22414    A:0.40517    G:0.08621
position  3:    T:0.37931    C:0.15517    A:0.24138    G:0.22414
Average         T:0.27011    C:0.22126    A:0.30172    G:0.20690

#41: KirksDik       
position  1:    T:0.14655    C:0.28448    A:0.25862    G:0.31034
position  2:    T:0.28448    C:0.22414    A:0.40517    G:0.08621
position  3:    T:0.37931    C:0.15517    A:0.24138    G:0.22414
Average         T:0.27011    C:0.22126    A:0.30172    G:0.20690

#42: RoeDeer        
position  1:    T:0.15517    C:0.27586    A:0.25862    G:0.31034
position  2:    T:0.28448    C:0.22414    A:0.40517    G:0.08621
position  3:    T:0.37069    C:0.16379    A:0.23276    G:0.23276
Average         T:0.27011    C:0.22126    A:0.29885    G:0.20977

#43: WhiteLippedDeer
position  1:    T:0.14655    C:0.28448    A:0.25862    G:0.31034
position  2:    T:0.28448    C:0.22414    A:0.40517    G:0.08621
position  3:    T:0.37069    C:0.16379    A:0.24138    G:0.22414
Average         T:0.26724    C:0.22414    A:0.30172    G:0.20690

#44: ThomsonGazelle 
position  1:    T:0.14655    C:0.28448    A:0.25862    G:0.31034
position  2:    T:0.28448    C:0.22414    A:0.40517    G:0.08621
position  3:    T:0.37069    C:0.16379    A:0.23276    G:0.23276
Average         T:0.26724    C:0.22414    A:0.29885    G:0.20977

#45: MuntiacusCrinifrons
position  1:    T:0.14655    C:0.28448    A:0.25862    G:0.31034
position  2:    T:0.28448    C:0.22414    A:0.40517    G:0.08621
position  3:    T:0.37069    C:0.16379    A:0.25000    G:0.21552
Average         T:0.26724    C:0.22414    A:0.30460    G:0.20402

#46: WhiteTailedDeer
position  1:    T:0.14655    C:0.28448    A:0.25862    G:0.31034
position  2:    T:0.28448    C:0.22414    A:0.40517    G:0.08621
position  3:    T:0.37069    C:0.16379    A:0.23276    G:0.23276
Average         T:0.26724    C:0.22414    A:0.29885    G:0.20977

#47: Cattle         
position  1:    T:0.14655    C:0.28448    A:0.25862    G:0.31034
position  2:    T:0.28448    C:0.22414    A:0.40517    G:0.08621
position  3:    T:0.37931    C:0.15517    A:0.24138    G:0.22414
Average         T:0.27011    C:0.22126    A:0.30172    G:0.20690

#48: RoyalAntelope  
position  1:    T:0.14655    C:0.28448    A:0.25862    G:0.31034
position  2:    T:0.28448    C:0.22414    A:0.40517    G:0.08621
position  3:    T:0.37931    C:0.17241    A:0.22414    G:0.22414
Average         T:0.27011    C:0.22701    A:0.29598    G:0.20690

#49: Steenbok       
position  1:    T:0.14655    C:0.28448    A:0.25862    G:0.31034
position  2:    T:0.28448    C:0.22414    A:0.40517    G:0.08621
position  3:    T:0.35345    C:0.18103    A:0.23276    G:0.23276
Average         T:0.26149    C:0.22989    A:0.29885    G:0.20977

#50: Impala         
position  1:    T:0.14655    C:0.28448    A:0.25862    G:0.31034
position  2:    T:0.28448    C:0.22414    A:0.40517    G:0.08621
position  3:    T:0.36207    C:0.17241    A:0.25000    G:0.21552
Average         T:0.26437    C:0.22701    A:0.30460    G:0.20402

#51: Klipspringer   
position  1:    T:0.14655    C:0.28448    A:0.25862    G:0.31034
position  2:    T:0.28448    C:0.22414    A:0.40517    G:0.08621
