CODONML (in paml version 4.10.7, June 2023)  /home/rachel/ruminants_paml/6406-phy-tree/ENSBTAT00000026733.fasta.phy
Model: free dN/dS Ratios for branches,  kappa = 2.000 fixed

Codon frequency model: F3x4
ns =  54  ls =  95

Codon usage in sequences
--------------------------------------------------------------------------------------------------------------------------------------
Phe TTT   0   0   0   0   1   0 | Ser TCT   3   3   3   3   2   2 | Tyr TAT   1   2   1   2   1   1 | Cys TGT   0   0   0   0   0   0
    TTC   6   6   6   6   5   6 |     TCC   1   1   1   1   2   2 |     TAC   2   1   2   1   2   2 |     TGC   1   1   1   1   1   1
Leu TTA   2   1   1   1   1   1 |     TCA   1   1   1   1   1   1 | *** TAA   0   0   0   0   0   0 | *** TGA   0   0   0   0   0   0
    TTG   3   2   4   4   3   3 |     TCG   0   0   0   0   0   0 |     TAG   0   0   0   0   0   0 | Trp TGG   1   1   1   1   1   1
--------------------------------------------------------------------------------------------------------------------------------------
Leu CTT   1   1   1   1   1   1 | Pro CCT   1   1   1   2   1   1 | His CAT   2   1   2   2   2   2 | Arg CGT   1   1   1   1   1   1
    CTC   0   0   0   0   0   0 |     CCC   1   2   1   0   1   1 |     CAC   1   2   1   1   1   1 |     CGC   0   0   0   0   0   0
    CTA   1   0   1   0   0   1 |     CCA   1   0   1   1   1   1 | Gln CAA   2   1   2   2   3   3 |     CGA   0   0   0   0   0   0
    CTG   3   6   3   4   5   4 |     CCG   0   0   0   0   0   0 |     CAG   3   4   3   3   2   2 |     CGG   0   0   0   0   0   0
--------------------------------------------------------------------------------------------------------------------------------------
Ile ATT   2   2   1   2   2   2 | Thr ACT   1   0   1   1   0   0 | Asn AAT   1   1   1   1   1   1 | Ser AGT   3   4   3   3   5   5
    ATC   2   2   3   2   3   2 |     ACC   1   2   1   1   1   1 |     AAC   1   1   1   1   1   1 |     AGC   4   2   4   4   2   2
    ATA   1   1   1   1   0   1 |     ACA   1   1   1   1   1   1 | Lys AAA   3   3   3   3   3   3 | Arg AGA   0   0   0   0   0   0
Met ATG   2   2   2   2   2   2 |     ACG   0   0   0   0   0   0 |     AAG   3   3   3   3   3   3 |     AGG   2   2   2   2   2   2
--------------------------------------------------------------------------------------------------------------------------------------
Val GTT   3   2   3   3   3   3 | Ala GCT   2   3   2   2   3   3 | Asp GAT   4   4   4   4   3   4 | Gly GGT   0   0   0   1   1   0
    GTC   0   1   0   0   0   0 |     GCC   1   1   1   1   1   1 |     GAC   2   3   2   3   4   3 |     GGC   2   1   2   0   0   1
    GTA   2   2   1   2   3   3 |     GCA   4   3   4   4   4   3 | Glu GAA   2   1   2   2   2   2 |     GGA   1   1   1   1   1   1
    GTG   3   3   4   3   2   2 |     GCG   0   1   0   0   0   1 |     GAG   3   4   3   3   3   3 |     GGG   1   1   1   1   1   1
--------------------------------------------------------------------------------------------------------------------------------------

--------------------------------------------------------------------------------------------------------------------------------------
Phe TTT   0   0   0   0   1   1 | Ser TCT   2   3   3   3   3   3 | Tyr TAT   1   1   1   1   1   1 | Cys TGT   0   0   0   0   0   0
    TTC   6   6   6   6   5   5 |     TCC   1   1   1   1   1   1 |     TAC   2   2   2   2   2   2 |     TGC   1   1   1   1   1   1
Leu TTA   1   2   1   1   1   1 |     TCA   2   1   1   1   1   1 | *** TAA   0   0   0   0   0   0 | *** TGA   0   0   0   0   0   0
    TTG   4   3   4   5   4   4 |     TCG   0   0   0   0   0   0 |     TAG   0   0   0   0   0   0 | Trp TGG   1   1   1   1   1   1
--------------------------------------------------------------------------------------------------------------------------------------
Leu CTT   1   1   1   1   1   1 | Pro CCT   1   1   1   1   1   1 | His CAT   2   2   2   2   2   2 | Arg CGT   1   1   1   1   1   1
    CTC   0   0   0   0   0   0 |     CCC   1   1   1   1   1   1 |     CAC   1   1   1   1   1   1 |     CGC   0   0   0   0   0   0
    CTA   0   1   1   1   1   1 |     CCA   1   1   1   1   1   1 | Gln CAA   3   2   2   2   2   2 |     CGA   0   0   0   0   0   0
    CTG   4   3   3   2   3   3 |     CCG   0   0   0   0   0   0 |     CAG   2   3   3   3   3   3 |     CGG   0   0   0   0   0   0
--------------------------------------------------------------------------------------------------------------------------------------
Ile ATT   2   2   2   2   1   2 | Thr ACT   0   1   2   1   1   1 | Asn AAT   2   1   1   1   1   1 | Ser AGT   2   3   4   4   3   3
    ATC   2   2   2   2   3   2 |     ACC   2   1   0   1   1   1 |     AAC   1   1   1   1   1   1 |     AGC   4   4   3   3   4   4
    ATA   1   1   1   1   1   1 |     ACA   1   1   1   1   1   1 | Lys AAA   3   3   3   3   3   3 | Arg AGA   0   0   0   0   0   0
Met ATG   2   2   2   2   2   2 |     ACG   0   0   0   0   0   0 |     AAG   3   3   3   3   3   3 |     AGG   2   2   2   2   2   2
--------------------------------------------------------------------------------------------------------------------------------------
Val GTT   3   3   3   3   3   3 | Ala GCT   2   2   2   2   2   2 | Asp GAT   4   4   4   4   4   4 | Gly GGT   0   0   0   1   0   0
    GTC   0   0   0   0   0   0 |     GCC   1   1   1   2   1   2 |     GAC   2   2   2   2   2   2 |     GGC   2   2   2   1   2   2
    GTA   2   2   2   2   1   2 |     GCA   4   4   4   3   4   3 | Glu GAA   2   2   2   2   2   2 |     GGA   1   1   1   1   1   1
    GTG   3   3   3   3   4   3 |     GCG   0   0   0   0   0   0 |     GAG   3   3   3   3   3   3 |     GGG   1   1   1   1   1   1
--------------------------------------------------------------------------------------------------------------------------------------

--------------------------------------------------------------------------------------------------------------------------------------
Phe TTT   0   0   0   0   0   0 | Ser TCT   3   3   3   3   3   3 | Tyr TAT   1   1   1   1   1   1 | Cys TGT   0   0   0   0   0   0
    TTC   6   6   6   6   6   6 |     TCC   1   1   1   1   1   1 |     TAC   2   2   2   2   2   2 |     TGC   1   1   1   1   1   1
Leu TTA   2   1   1   1   1   1 |     TCA   1   1   1   1   0   1 | *** TAA   0   0   0   0   0   0 | *** TGA   0   0   0   0   0   0
    TTG   3   4   4   4   4   5 |     TCG   0   0   0   0   1   0 |     TAG   0   0   0   0   0   0 | Trp TGG   1   1   1   1   1   1
--------------------------------------------------------------------------------------------------------------------------------------
Leu CTT   1   1   1   1   1   1 | Pro CCT   1   1   1   1   1   1 | His CAT   2   2   1   2   1   2 | Arg CGT   1   1   1   1   1   1
    CTC   0   0   0   0   0   0 |     CCC   1   1   1   1   1   1 |     CAC   1   1   2   1   2   1 |     CGC   0   0   0   0   0   0
    CTA   1   1   1   1   1   0 |     CCA   1   1   1   1   1   1 | Gln CAA   2   2   2   2   2   2 |     CGA   0   0   0   0   0   0
    CTG   3   3   3   3   3   3 |     CCG   0   0   0   0   0   0 |     CAG   3   3   3   3   3   3 |     CGG   0   0   0   0   0   0
--------------------------------------------------------------------------------------------------------------------------------------
Ile ATT   2   1   2   2   2   2 | Thr ACT   1   1   1   2   1   1 | Asn AAT   1   1   1   1   1   1 | Ser AGT   3   3   3   5   5   3
    ATC   2   3   2   2   2   2 |     ACC   1   1   1   0   1   1 |     AAC   1   1   1   1   1   1 |     AGC   4   4   4   2   2   4
    ATA   1   1   1   1   1   1 |     ACA   1   1   1   1   1   0 | Lys AAA   3   3   3   3   4   3 | Arg AGA   0   0   0   0   0   0
Met ATG   2   2   2   2   2   2 |     ACG   0   0   0   0   0   1 |     AAG   3   3   3   3   2   2 |     AGG   2   2   2   2   2   3
--------------------------------------------------------------------------------------------------------------------------------------
Val GTT   3   3   3   3   3   3 | Ala GCT   2   2   2   2   2   1 | Asp GAT   4   4   4   4   4   4 | Gly GGT   0   1   0   0   1   1
    GTC   0   0   0   0   0   0 |     GCC   1   1   1   1   1   2 |     GAC   2   2   2   2   2   2 |     GGC   2   1   2   2   1   1
    GTA   2   1   2   2   2   2 |     GCA   4   4   4   4   3   4 | Glu GAA   2   2   2   2   2   2 |     GGA   1   1   2   1   1   1
    GTG   3   4   3   3   3   3 |     GCG   0   0   0   0   1   0 |     GAG   3   3   3   3   3   3 |     GGG   1   1   0   1   1   1
--------------------------------------------------------------------------------------------------------------------------------------

--------------------------------------------------------------------------------------------------------------------------------------
Phe TTT   0   0   0   1   0   0 | Ser TCT   3   3   3   3   3   3 | Tyr TAT   1   1   1   1   1   1 | Cys TGT   0   0   0   0   0   0
    TTC   6   6   6   5   6   6 |     TCC   1   1   1   1   1   1 |     TAC   2   2   2   2   2   2 |     TGC   1   1   1   1   1   1
Leu TTA   1   1   2   1   1   2 |     TCA   1   2   1   1   1   1 | *** TAA   0   0   0   0   0   0 | *** TGA   0   0   0   0   0   0
    TTG   3   4   4   4   5   3 |     TCG   0   0   0   0   0   0 |     TAG   0   0   0   0   0   0 | Trp TGG   1   1   1   1   1   1
--------------------------------------------------------------------------------------------------------------------------------------
Leu CTT   1   1   1   1   1   1 | Pro CCT   1   1   1   1   1   1 | His CAT   2   2   2   2   2   2 | Arg CGT   1   1   1   1   1   1
    CTC   0   0   0   0   0   0 |     CCC   1   1   1   1   1   1 |     CAC   1   1   1   1   1   1 |     CGC   0   0   0   0   0   0
    CTA   1   1   0   1   1   1 |     CCA   1   1   1   1   1   1 | Gln CAA   2   1   2   2   2   2 |     CGA   0   0   0   0   0   0
    CTG   3   3   3   3   2   3 |     CCG   0   0   0   0   0   0 |     CAG   3   4   3   3   3   3 |     CGG   0   0   0   0   0   0
--------------------------------------------------------------------------------------------------------------------------------------
Ile ATT   2   2   2   1   2   2 | Thr ACT   1   1   1   1   1   1 | Asn AAT   2   2   1   1   1   1 | Ser AGT   3   2   3   3   4   3
    ATC   2   2   2   3   2   2 |     ACC   1   1   1   1   1   1 |     AAC   1   1   1   1   1   1 |     AGC   3   4   4   4   3   4
    ATA   1   1   1   1   1   1 |     ACA   1   1   1   1   1   0 | Lys AAA   3   3   3   3   3   3 | Arg AGA   0   0   0   0   0   0
Met ATG   3   2   2   2   2   2 |     ACG   0   0   0   0   0   1 |     AAG   3   3   3   3   3   3 |     AGG   2   2   2   2   2   2
--------------------------------------------------------------------------------------------------------------------------------------
Val GTT   3   3   3   3   3   3 | Ala GCT   2   2   2   2   1   2 | Asp GAT   4   4   4   4   4   4 | Gly GGT   0   0   0   0   1   0
    GTC   0   0   0   0   0   0 |     GCC   1   1   1   1   2   1 |     GAC   2   2   2   2   2   2 |     GGC   2   2   2   2   1   2
    GTA   2   2   2   1   2   2 |     GCA   4   3   4   4   4   4 | Glu GAA   2   2   2   2   2   2 |     GGA   1   1   1   1   2   1
    GTG   3   3   3   4   3   3 |     GCG   0   0   0   0   0   0 |     GAG   3   3   3   3   3   3 |     GGG   1   1   1   1   0   1
--------------------------------------------------------------------------------------------------------------------------------------

--------------------------------------------------------------------------------------------------------------------------------------
Phe TTT   0   0   0   0   0   0 | Ser TCT   3   3   3   3   3   3 | Tyr TAT   1   1   1   1   1   1 | Cys TGT   0   0   0   0   0   0
    TTC   6   6   6   6   6   6 |     TCC   1   1   1   1   1   1 |     TAC   2   2   2   2   2   2 |     TGC   1   1   1   1   1   1
Leu TTA   1   1   2   1   1   1 |     TCA   1   1   1   1   1   1 | *** TAA   0   0   0   0   0   0 | *** TGA   0   0   0   0   0   0
    TTG   4   4   3   5   4   4 |     TCG   0   0   0   0   0   0 |     TAG   0   0   0   0   0   0 | Trp TGG   1   1   1   1   1   1
--------------------------------------------------------------------------------------------------------------------------------------
Leu CTT   1   1   1   1   1   1 | Pro CCT   1   1   1   1   1   1 | His CAT   2   2   2   2   2   2 | Arg CGT   1   1   1   1   1   1
    CTC   0   0   0   0   0   0 |     CCC   1   1   1   1   1   1 |     CAC   1   1   1   1   1   1 |     CGC   0   0   0   0   0   0
    CTA   1   1   1   1   1   1 |     CCA   1   1   1   1   1   1 | Gln CAA   2   2   2   1   2   2 |     CGA   0   0   0   0   0   0
    CTG   3   3   3   2   3   3 |     CCG   0   0   0   0   0   0 |     CAG   3   3   3   4   3   3 |     CGG   0   1   0   0   0   0
--------------------------------------------------------------------------------------------------------------------------------------
Ile ATT   2   2   2   2   2   1 | Thr ACT   1   1   1   1   1   1 | Asn AAT   1   2   1   1   1   1 | Ser AGT   3   2   5   3   3   3
    ATC   2   2   2   2   2   3 |     ACC   1   1   1   1   1   1 |     AAC   1   1   1   1   1   1 |     AGC   4   4   2   4   4   4
    ATA   1   1   1   1   1   1 |     ACA   1   1   1   1   1   1 | Lys AAA   3   3   3   3   3   3 | Arg AGA   0   0   0   0   0   0
Met ATG   2   2   2   2   2   2 |     ACG   0   0   0   0   0   0 |     AAG   3   3   3   2   3   3 |     AGG   2   1   2   3   2   2
--------------------------------------------------------------------------------------------------------------------------------------
Val GTT   3   4   3   3   3   3 | Ala GCT   2   2   2   1   2   2 | Asp GAT   4   4   4   4   4   3 | Gly GGT   0   0   0   1   0   0
    GTC   0   0   0   0   0   0 |     GCC   2   2   1   2   1   1 |     GAC   2   2   2   2   2   3 |     GGC   2   2   2   1   2   2
    GTA   2   1   2   2   2   1 |     GCA   3   3   4   4   4   4 | Glu GAA   2   2   2   2   2   2 |     GGA   1   1   1   1   2   1
    GTG   3   3   3   3   3   4 |     GCG   0   0   0   0   0   0 |     GAG   3   3   3   3   3   3 |     GGG   1   1   1   1   0   1
--------------------------------------------------------------------------------------------------------------------------------------

--------------------------------------------------------------------------------------------------------------------------------------
Phe TTT   0   0   1   0   0   0 | Ser TCT   3   3   3   3   3   3 | Tyr TAT   1   1   1   1   1   1 | Cys TGT   0   0   0   0   0   0
    TTC   6   6   5   6   6   6 |     TCC   1   1   1   1   1   1 |     TAC   2   2   2   2   2   2 |     TGC   1   1   1   1   1   1
Leu TTA   1   1   1   1   1   1 |     TCA   1   1   1   1   1   1 | *** TAA   0   0   0   0   0   0 | *** TGA   0   0   0   0   0   0
    TTG   5   4   4   4   4   4 |     TCG   0   0   0   0   0   0 |     TAG   0   0   0   0   0   0 | Trp TGG   1   1   1   1   1   1
--------------------------------------------------------------------------------------------------------------------------------------
Leu CTT   1   1   1   1   1   1 | Pro CCT   1   1   1   1   1   1 | His CAT   2   2   2   2   2   2 | Arg CGT   1   1   1   1   1   1
    CTC   0   0   0   0   0   0 |     CCC   1   1   1   1   1   1 |     CAC   1   1   1   1   1   1 |     CGC   0   0   0   0   0   0
    CTA   1   1   1   1   1   1 |     CCA   1   1   1   1   1   1 | Gln CAA   2   2   2   2   2   2 |     CGA   0   0   0   0   0   0
    CTG   2   3   3   3   3   3 |     CCG   0   0   0   0   0   0 |     CAG   3   3   3   3   3   3 |     CGG   0   0   0   0   0   0
--------------------------------------------------------------------------------------------------------------------------------------
Ile ATT   2   1   2   2   2   2 | Thr ACT   1   1   1   2   1   1 | Asn AAT   1   1   1   1   2   1 | Ser AGT   3   3   3   4   4   3
    ATC   2   3   2   2   2   2 |     ACC   1   1   1   0   1   1 |     AAC   1   1   1   1   2   1 |     AGC   4   4   4   3   2   4
    ATA   1   1   1   1   1   1 |     ACA   1   1   1   1   1   1 | Lys AAA   3   3   3   3   3   3 | Arg AGA   0   0   0   0   2   0
Met ATG   2   2   2   2   2   2 |     ACG   0   0   0   0   0   0 |     AAG   2   3   3   3   3   3 |     AGG   3   2   2   2   0   2
--------------------------------------------------------------------------------------------------------------------------------------
Val GTT   3   3   3   3   3   3 | Ala GCT   1   2   2   2   2   2 | Asp GAT   4   4   4   4   3   4 | Gly GGT   1   0   0   0   0   0
    GTC   0   0   0   1   0   0 |     GCC   2   1   2   1   1   1 |     GAC   2   2   2   2   3   2 |     GGC   1   2   2   2   1   2
    GTA   2   1   2   2   2   2 |     GCA   4   4   3   4   4   4 | Glu GAA   2   2   2   2   2   2 |     GGA   1   1   1   1   1   2
    GTG   3   4   3   2   3   3 |     GCG   0   0   0   0   0   0 |     GAG   3   3   3   3   3   3 |     GGG   1   1   1   1   1   0
--------------------------------------------------------------------------------------------------------------------------------------

--------------------------------------------------------------------------------------------------------------------------------------
Phe TTT   0   0   0   0   0   0 | Ser TCT   3   3   3   3   3   3 | Tyr TAT   1   2   1   1   1   1 | Cys TGT   0   0   0   0   0   0
    TTC   6   6   6   6   6   6 |     TCC   1   1   1   1   1   1 |     TAC   2   1   2   2   2   2 |     TGC   1   1   1   1   1   1
Leu TTA   1   1   2   1   1   1 |     TCA   1   1   1   1   1   1 | *** TAA   0   0   0   0   0   0 | *** TGA   0   0   0   0   0   0
    TTG   4   4   3   4   5   4 |     TCG   0   0   0   0   0   0 |     TAG   0   0   0   0   0   0 | Trp TGG   1   1   1   1   1   1
--------------------------------------------------------------------------------------------------------------------------------------
Leu CTT   1   1   1   1   1   1 | Pro CCT   1   1   1   1   1   1 | His CAT   2   2   2   2   2   2 | Arg CGT   1   1   1   1   1   1
    CTC   0   0   0   0   0   0 |     CCC   1   1   1   1   1   1 |     CAC   1   1   1   1   1   1 |     CGC   0   0   0   0   0   0
    CTA   1   2   1   0   1   1 |     CCA   1   1   1   1   1   1 | Gln CAA   2   2   2   2   2   2 |     CGA   0   0   0   0   0   0
    CTG   3   2   3   4   2   3 |     CCG   0   0   0   0   0   0 |     CAG   3   3   3   3   3   3 |     CGG   0   0   0   0   0   0
--------------------------------------------------------------------------------------------------------------------------------------
Ile ATT   2   1   2   2   2   2 | Thr ACT   1   2   1   0   1   1 | Asn AAT   1   1   1   1   1   1 | Ser AGT   4   3   3   4   3   3
    ATC   2   3   2   2   2   2 |     ACC   1   1   1   2   1   1 |     AAC   1   1   1   1   1   1 |     AGC   3   3   4   3   4   4
    ATA   1   1   1   1   1   1 |     ACA   1   1   1   1   1   1 | Lys AAA   3   3   3   3   3   3 | Arg AGA   0   0   0   0   0   0
Met ATG   2   2   2   2   2   2 |     ACG   0   0   0   0   0   0 |     AAG   3   3   3   3   3   3 |     AGG   2   2   2   2   2   2
--------------------------------------------------------------------------------------------------------------------------------------
Val GTT   3   3   3   3   3   4 | Ala GCT   2   2   2   2   1   2 | Asp GAT   4   4   4   4   4   4 | Gly GGT   0   0   0   1   1   1
    GTC   0   0   0   0   0   0 |     GCC   1   1   1   1   2   2 |     GAC   2   2   2   2   2   2 |     GGC   2   2   2   1   1   1
    GTA   2   1   2   2   2   1 |     GCA   4   4   4   4   4   3 | Glu GAA   2   2   2   2   2   2 |     GGA   1   1   1   1   1   1
    GTG   3   4   3   3   3   3 |     GCG   0   0   0   0   0   0 |     GAG   3   3   3   3   3   3 |     GGG   1   1   1   1   1   1
--------------------------------------------------------------------------------------------------------------------------------------

--------------------------------------------------------------------------------------------------------------------------------------
Phe TTT   0   1   1   0   0   0 | Ser TCT   3   2   3   3   3   3 | Tyr TAT   1   1   1   1   2   1 | Cys TGT   0   0   0   0   0   0
    TTC   6   6   5   6   6   6 |     TCC   1   1   1   0   1   1 |     TAC   2   2   2   2   1   2 |     TGC   1   1   1   1   1   1
Leu TTA   1   1   1   1   1   1 |     TCA   1   1   1   1   1   1 | *** TAA   0   0   0   0   0   0 | *** TGA   0   0   0   0   0   0
    TTG   4   5   4   4   4   4 |     TCG   0   0   0   1   0   0 |     TAG   0   0   0   0   0   0 | Trp TGG   1   1   1   1   1   1
--------------------------------------------------------------------------------------------------------------------------------------
Leu CTT   1   1   1   1   1   1 | Pro CCT   1   1   1   1   1   1 | His CAT   2   2   2   2   2   2 | Arg CGT   1   1   1   1   1   1
    CTC   0   0   0   0   0   0 |     CCC   1   0   1   1   1   1 |     CAC   1   1   1   1   1   1 |     CGC   0   0   0   0   0   0
    CTA   1   1   1   1   2   1 |     CCA   1   1   1   1   1   1 | Gln CAA   2   2   2   2   2   2 |     CGA   0   0   0   0   0   0
    CTG   3   2   3   3   2   3 |     CCG   0   1   0   0   0   0 |     CAG   3   3   3   3   3   3 |     CGG   0   0   0   1   0   0
--------------------------------------------------------------------------------------------------------------------------------------
Ile ATT   2   2   2   2   1   2 | Thr ACT   1   1   1   1   2   1 | Asn AAT   1   1   1   1   1   1 | Ser AGT   3   3   3   3   2   3
    ATC   2   2   2   2   3   2 |     ACC   1   1   1   1   1   1 |     AAC   1   1   1   1   1   1 |     AGC   4   4   4   4   4   4
    ATA   1   1   1   1   1   1 |     ACA   1   1   1   1   1   1 | Lys AAA   3   3   3   3   3   3 | Arg AGA   0   0   0   0   0   0
Met ATG   2   2   2   2   2   2 |     ACG   0   0   0   0   0   0 |     AAG   3   2   3   3   3   3 |     AGG   2   3   2   1   2   2
--------------------------------------------------------------------------------------------------------------------------------------
Val GTT   3   2   3   4   3   2 | Ala GCT   2   1   2   2   2   3 | Asp GAT   4   4   4   4   4   4 | Gly GGT   1   1   0   0   0   1
    GTC   0   1   0   0   0   1 |     GCC   2   2   2   2   1   1 |     GAC   2   2   3   2   2   2 |     GGC   1   1   1   2   2   1
    GTA   2   2   2   1   1   2 |     GCA   3   4   3   3   4   3 | Glu GAA   2   2   2   2   2   2 |     GGA   1   1   1   1   1   1
    GTG   3   3   3   3   4   3 |     GCG   0   0   0   0   0   0 |     GAG   3   3   3   3   3   3 |     GGG   1   1   1   1   1   1
--------------------------------------------------------------------------------------------------------------------------------------

--------------------------------------------------------------------------------------------------------------------------------------
Phe TTT   0   0   0   0   1   0 | Ser TCT   3   3   3   3   3   3 | Tyr TAT   1   1   1   2   0   1 | Cys TGT   0   0   0   0   0   0
    TTC   6   6   6   6   5   6 |     TCC   1   1   1   1   1   1 |     TAC   2   2   2   1   3   2 |     TGC   1   1   1   1   1   1
Leu TTA   1   1   1   1   1   1 |     TCA   1   1   1   1   1   1 | *** TAA   0   0   0   0   0   0 | *** TGA   0   0   0   0   0   0
    TTG   5   4   4   4   4   4 |     TCG   0   0   0   0   0   0 |     TAG   0   0   0   0   0   0 | Trp TGG   1   1   1   1   1   1
--------------------------------------------------------------------------------------------------------------------------------------
Leu CTT   1   1   1   1   1   1 | Pro CCT   1   1   1   2   1   1 | His CAT   2   2   2   2   2   2 | Arg CGT   1   1   1   1   1   1
    CTC   0   0   0   0   0   0 |     CCC   1   1   1   0   0   1 |     CAC   1   1   1   1   1   1 |     CGC   0   0   0   0   0   0
    CTA   1   1   0   0   1   1 |     CCA   1   1   1   1   1   1 | Gln CAA   2   2   2   2   2   2 |     CGA   0   0   0   0   0   0
    CTG   2   3   4   4   3   3 |     CCG   0   0   0   0   1   0 |     CAG   3   3   3   3   3   3 |     CGG   0   0   0   0   0   0
--------------------------------------------------------------------------------------------------------------------------------------
Ile ATT   2   1   2   2   1   1 | Thr ACT   1   1   1   1   1   1 | Asn AAT   1   1   1   1   1   1 | Ser AGT   3   3   3   3   3   3
    ATC   2   2   2   2   3   3 |     ACC   1   1   1   1   1   1 |     AAC   1   1   1   1   1   1 |     AGC   4   4   4   4   4   4
    ATA   1   2   1   1   1   1 |     ACA   1   1   1   1   1   1 | Lys AAA   4   3   3   3   3   3 | Arg AGA   0   0   0   0   0   0
Met ATG   2   2   2   2   2   2 |     ACG   0   0   0   0   0   0 |     AAG   2   2   3   3   3   3 |     AGG   2   3   2   2   2   2
--------------------------------------------------------------------------------------------------------------------------------------
Val GTT   3   3   3   3   3   3 | Ala GCT   1   2   2   2   2   2 | Asp GAT   4   4   4   4   4   4 | Gly GGT   1   1   0   1   1   1
    GTC   0   0   0   0   0   0 |     GCC   2   1   1   1   1   1 |     GAC   2   2   2   3   2   2 |     GGC   1   1   2   0   1   1
    GTA   2   2   3   2   1   1 |     GCA   3   4   4   4   4   4 | Glu GAA   2   2   1   2   2   2 |     GGA   1   1   1   1   1   1
    GTG   3   3   2   3   4   4 |     GCG   1   0   0   0   0   0 |     GAG   3   3   4   3   3   3 |     GGG   1   1   1   1   1   1
--------------------------------------------------------------------------------------------------------------------------------------

Codon position x base (3x4) table for each sequence.

#1: Argali         
position  1:    T:0.22105    C:0.17895    A:0.28421    G:0.31579
position  2:    T:0.32632    C:0.18947    A:0.31579    G:0.16842
position  3:    T:0.26316    C:0.26316    A:0.22105    G:0.25263
Average         T:0.27018    C:0.21053    A:0.27368    G:0.24561

#2: LesserMouseDeer
position  1:    T:0.20000    C:0.20000    A:0.27368    G:0.32632
position  2:    T:0.32632    C:0.20000    A:0.32632    G:0.14737
position  3:    T:0.26316    C:0.27368    A:0.15789    G:0.30526
Average         T:0.26316    C:0.22456    A:0.25263    G:0.25965

#3: LesserKudu     
position  1:    T:0.22105    C:0.17895    A:0.28421    G:0.31579
position  2:    T:0.32632    C:0.18947    A:0.31579    G:0.16842
position  3:    T:0.25263    C:0.27368    A:0.20000    G:0.27368
Average         T:0.26667    C:0.21404    A:0.26667    G:0.25263

#4: ForestMuskDeer2
position  1:    T:0.22105    C:0.17895    A:0.28421    G:0.31579
position  2:    T:0.32632    C:0.18947    A:0.32632    G:0.15789
position  3:    T:0.29474    C:0.23158    A:0.20000    G:0.27368
Average         T:0.28070    C:0.20000    A:0.27018    G:0.24912

#5: Camel          
position  1:    T:0.21053    C:0.18947    A:0.27368    G:0.32632
position  2:    T:0.32632    C:0.18947    A:0.32632    G:0.15789
position  3:    T:0.28421    C:0.25263    A:0.21053    G:0.25263
Average         T:0.27368    C:0.21053    A:0.27018    G:0.24561

#6: KillerWhale    
position  1:    T:0.21053    C:0.18947    A:0.27368    G:0.32632
position  2:    T:0.32632    C:0.18947    A:0.32632    G:0.15789
position  3:    T:0.27368    C:0.25263    A:0.22105    G:0.25263
Average         T:0.27018    C:0.21053    A:0.27368    G:0.24561

#7: DefassaWaterbuck
position  1:    T:0.22105    C:0.17895    A:0.28421    G:0.31579
position  2:    T:0.32632    C:0.18947    A:0.32632    G:0.15789
position  3:    T:0.24211    C:0.27368    A:0.22105    G:0.26316
Average         T:0.26316    C:0.21404    A:0.27719    G:0.24561

#8: Sheep          
position  1:    T:0.22105    C:0.17895    A:0.28421    G:0.31579
position  2:    T:0.32632    C:0.18947    A:0.31579    G:0.16842
position  3:    T:0.26316    C:0.26316    A:0.22105    G:0.25263
Average         T:0.27018    C:0.21053    A:0.27368    G:0.24561

#9: MaxwellsDuiker 
position  1:    T:0.22105    C:0.17895    A:0.28421    G:0.31579
position  2:    T:0.32632    C:0.18947    A:0.31579    G:0.16842
position  3:    T:0.28421    C:0.24211    A:0.21053    G:0.26316
Average         T:0.27719    C:0.20351    A:0.27018    G:0.24912

#10: GazellaPrzewalskyi
position  1:    T:0.23158    C:0.16842    A:0.28421    G:0.31579
position  2:    T:0.32632    C:0.18947    A:0.31579    G:0.16842
position  3:    T:0.28421    C:0.25263    A:0.20000    G:0.26316
Average         T:0.28070    C:0.20351    A:0.26667    G:0.24912

#11: MountainNyala  
position  1:    T:0.22105    C:0.17895    A:0.28421    G:0.31579
position  2:    T:0.32632    C:0.18947    A:0.31579    G:0.16842
position  3:    T:0.26316    C:0.26316    A:0.20000    G:0.27368
Average         T:0.27018    C:0.21053    A:0.26667    G:0.25263

#12: MuntiacusMuntjak
position  1:    T:0.22105    C:0.17895    A:0.28421    G:0.31579
position  2:    T:0.32632    C:0.18947    A:0.31579    G:0.16842
position  3:    T:0.27368    C:0.26316    A:0.20000    G:0.26316
Average         T:0.27368    C:0.21053    A:0.26667    G:0.24912

#13: goat           
position  1:    T:0.22105    C:0.17895    A:0.28421    G:0.31579
position  2:    T:0.32632    C:0.18947    A:0.31579    G:0.16842
position  3:    T:0.26316    C:0.26316    A:0.22105    G:0.25263
Average         T:0.27018    C:0.21053    A:0.27368    G:0.24561

#14: AfricanBuffalo 
position  1:    T:0.22105    C:0.17895    A:0.28421    G:0.31579
position  2:    T:0.32632    C:0.18947    A:0.31579    G:0.16842
position  3:    T:0.26316    C:0.26316    A:0.20000    G:0.27368
Average         T:0.27018    C:0.21053    A:0.26667    G:0.25263

#15: Topi           
position  1:    T:0.22105    C:0.17895    A:0.28421    G:0.31579
position  2:    T:0.32632    C:0.18947    A:0.31579    G:0.16842
position  3:    T:0.25263    C:0.27368    A:0.22105    G:0.25263
Average         T:0.26667    C:0.21404    A:0.27368    G:0.24561

#16: CommonDuiker   
position  1:    T:0.22105    C:0.17895    A:0.28421    G:0.31579
position  2:    T:0.32632    C:0.18947    A:0.31579    G:0.16842
position  3:    T:0.29474    C:0.23158    A:0.21053    G:0.26316
Average         T:0.28070    C:0.20000    A:0.27018    G:0.24912

#17: Suni           
position  1:    T:0.22105    C:0.17895    A:0.28421    G:0.31579
position  2:    T:0.32632    C:0.18947    A:0.31579    G:0.16842
position  3:    T:0.28421    C:0.24211    A:0.20000    G:0.27368
Average         T:0.27719    C:0.20351    A:0.26667    G:0.25263

#18: Springbuck     
position  1:    T:0.23158    C:0.16842    A:0.28421    G:0.31579
position  2:    T:0.32632    C:0.18947    A:0.30526    G:0.17895
position  3:    T:0.26316    C:0.26316    A:0.18947    G:0.28421
Average         T:0.27368    C:0.20702    A:0.25965    G:0.25965

#19: Okapi          
position  1:    T:0.21053    C:0.17895    A:0.29474    G:0.31579
position  2:    T:0.32632    C:0.18947    A:0.32632    G:0.15789
position  3:    T:0.27368    C:0.25263    A:0.21053    G:0.26316
Average         T:0.27018    C:0.20702    A:0.27719    G:0.24561

#20: Giraffe        
position  1:    T:0.23158    C:0.17895    A:0.28421    G:0.30526
position  2:    T:0.32632    C:0.18947    A:0.32632    G:0.15789
position  3:    T:0.26316    C:0.26316    A:0.20000    G:0.27368
Average         T:0.27368    C:0.21053    A:0.27018    G:0.24561

#21: TibetanAntelope
position  1:    T:0.23158    C:0.16842    A:0.28421    G:0.31579
position  2:    T:0.32632    C:0.18947    A:0.31579    G:0.16842
position  3:    T:0.26316    C:0.26316    A:0.21053    G:0.26316
Average         T:0.27368    C:0.20702    A:0.27018    G:0.24912

#22: Sitatunga      
position  1:    T:0.22105    C:0.17895    A:0.28421    G:0.31579
position  2:    T:0.32632    C:0.18947    A:0.31579    G:0.16842
position  3:    T:0.26316    C:0.26316    A:0.20000    G:0.27368
Average         T:0.27018    C:0.21053    A:0.26667    G:0.25263

#23: Oribi          
position  1:    T:0.23158    C:0.16842    A:0.28421    G:0.31579
position  2:    T:0.32632    C:0.18947    A:0.31579    G:0.16842
position  3:    T:0.27368    C:0.25263    A:0.22105    G:0.25263
Average         T:0.27719    C:0.20351    A:0.27368    G:0.24561

#24: BarbarySheep   
position  1:    T:0.22105    C:0.17895    A:0.28421    G:0.31579
position  2:    T:0.32632    C:0.18947    A:0.31579    G:0.16842
position  3:    T:0.26316    C:0.26316    A:0.21053    G:0.26316
Average         T:0.27018    C:0.21053    A:0.27018    G:0.24912

#25: Daviddeer      
position  1:    T:0.22105    C:0.17895    A:0.28421    G:0.31579
position  2:    T:0.32632    C:0.18947    A:0.31579    G:0.16842
position  3:    T:0.26316    C:0.27368    A:0.20000    G:0.26316
Average         T:0.27018    C:0.21404    A:0.26667    G:0.24912

#26: Reindeer       
position  1:    T:0.22105    C:0.18947    A:0.27368    G:0.31579
position  2:    T:0.32632    C:0.18947    A:0.32632    G:0.15789
position  3:    T:0.27368    C:0.27368    A:0.18947    G:0.26316
Average         T:0.27368    C:0.21754    A:0.26316    G:0.24561

#27: Ibex           
position  1:    T:0.22105    C:0.17895    A:0.28421    G:0.31579
position  2:    T:0.32632    C:0.18947    A:0.31579    G:0.16842
position  3:    T:0.28421    C:0.24211    A:0.22105    G:0.25263
Average         T:0.27719    C:0.20351    A:0.27368    G:0.24561

#28: GyrantGazelle  
position  1:    T:0.23158    C:0.16842    A:0.28421    G:0.31579
position  2:    T:0.32632    C:0.18947    A:0.30526    G:0.17895
position  3:    T:0.26316    C:0.26316    A:0.20000    G:0.27368
Average         T:0.27368    C:0.20702    A:0.26316    G:0.25614

#29: Hartebeest     
position  1:    T:0.22105    C:0.17895    A:0.28421    G:0.31579
position  2:    T:0.32632    C:0.18947    A:0.31579    G:0.16842
position  3:    T:0.26316    C:0.26316    A:0.22105    G:0.25263
Average         T:0.27018    C:0.21053    A:0.27368    G:0.24561

#30: Bongo          
position  1:    T:0.22105    C:0.17895    A:0.28421    G:0.31579
position  2:    T:0.32632    C:0.18947    A:0.31579    G:0.16842
position  3:    T:0.24211    C:0.28421    A:0.20000    G:0.27368
Average         T:0.26316    C:0.21754    A:0.26667    G:0.25263

#31: Gerenuk        
position  1:    T:0.23158    C:0.16842    A:0.28421    G:0.31579
position  2:    T:0.32632    C:0.18947    A:0.30526    G:0.17895
position  3:    T:0.26316    C:0.26316    A:0.21053    G:0.26316
Average         T:0.27368    C:0.20702    A:0.26667    G:0.25263

#32: CommonEland    
position  1:    T:0.22105    C:0.17895    A:0.28421    G:0.31579
position  2:    T:0.32632    C:0.18947    A:0.31579    G:0.16842
position  3:    T:0.25263    C:0.27368    A:0.20000    G:0.27368
Average         T:0.26667    C:0.21404    A:0.26667    G:0.25263

#33: MuntiacusReevesi
position  1:    T:0.22105    C:0.17895    A:0.28421    G:0.31579
position  2:    T:0.32632    C:0.18947    A:0.31579    G:0.16842
position  3:    T:0.27368    C:0.26316    A:0.20000    G:0.26316
Average         T:0.27368    C:0.21053    A:0.26667    G:0.24912

#34: HarveysDuiker  
position  1:    T:0.22105    C:0.17895    A:0.28421    G:0.31579
position  2:    T:0.32632    C:0.18947    A:0.31579    G:0.16842
position  3:    T:0.28421    C:0.25263    A:0.21053    G:0.25263
Average         T:0.27719    C:0.20702    A:0.27018    G:0.24561

#35: Pronghorn      
position  1:    T:0.22105    C:0.17895    A:0.29474    G:0.30526
position  2:    T:0.32632    C:0.18947    A:0.33684    G:0.14737
position  3:    T:0.27368    C:0.25263    A:0.23158    G:0.24211
Average         T:0.27368    C:0.20702    A:0.28772    G:0.23158

#36: BlueWildebeest 
position  1:    T:0.22105    C:0.17895    A:0.28421    G:0.31579
position  2:    T:0.32632    C:0.18947    A:0.31579    G:0.16842
position  3:    T:0.26316    C:0.26316    A:0.22105    G:0.25263
Average         T:0.27018    C:0.21053    A:0.27368    G:0.24561

#37: Gemsbok        
position  1:    T:0.22105    C:0.17895    A:0.28421    G:0.31579
position  2:    T:0.32632    C:0.18947    A:0.31579    G:0.16842
position  3:    T:0.27368    C:0.25263    A:0.21053    G:0.26316
Average         T:0.27368    C:0.20702    A:0.27018    G:0.24912

#38: Yak            
position  1:    T:0.22105    C:0.17895    A:0.28421    G:0.31579
position  2:    T:0.32632    C:0.20000    A:0.31579    G:0.15789
position  3:    T:0.27368    C:0.25263    A:0.21053    G:0.26316
Average         T:0.27368    C:0.21053    A:0.27018    G:0.24561

#39: BlueSheep      
position  1:    T:0.22105    C:0.17895    A:0.28421    G:0.31579
position  2:    T:0.32632    C:0.18947    A:0.31579    G:0.16842
position  3:    T:0.26316    C:0.26316    A:0.22105    G:0.25263
Average         T:0.27018    C:0.21053    A:0.27368    G:0.24561

#40: BohorReedbuck  
position  1:    T:0.22105    C:0.17895    A:0.28421    G:0.31579
position  2:    T:0.32632    C:0.18947    A:0.31579    G:0.16842
position  3:    T:0.27368    C:0.25263    A:0.20000    G:0.27368
Average         T:0.27368    C:0.20702    A:0.26667    G:0.25263

#41: KirksDik       
position  1:    T:0.23158    C:0.16842    A:0.28421    G:0.31579
position  2:    T:0.32632    C:0.18947    A:0.31579    G:0.16842
position  3:    T:0.26316    C:0.26316    A:0.21053    G:0.26316
Average         T:0.27368    C:0.20702    A:0.27018    G:0.24912

#42: RoeDeer        
position  1:    T:0.22105    C:0.17895    A:0.28421    G:0.31579
position  2:    T:0.32632    C:0.18947    A:0.31579    G:0.16842
position  3:    T:0.28421    C:0.26316    A:0.18947    G:0.26316
Average         T:0.27719    C:0.21053    A:0.26316    G:0.24912

#43: WhiteLippedDeer
position  1:    T:0.22105    C:0.17895    A:0.28421    G:0.31579
position  2:    T:0.32632    C:0.18947    A:0.31579    G:0.16842
position  3:    T:0.27368    C:0.26316    A:0.20000    G:0.26316
Average         T:0.27368    C:0.21053    A:0.26667    G:0.24912

#44: ThomsonGazelle 
position  1:    T:0.23158    C:0.16842    A:0.28421    G:0.31579
position  2:    T:0.33684    C:0.17895    A:0.30526    G:0.17895
position  3:    T:0.25263    C:0.26316    A:0.21053    G:0.27368
Average         T:0.27368    C:0.20351    A:0.26667    G:0.25614

#45: MuntiacusCrinifrons
position  1:    T:0.22105    C:0.17895    A:0.28421    G:0.31579
position  2:    T:0.32632    C:0.18947    A:0.32632    G:0.15789
position  3:    T:0.27368    C:0.26316    A:0.20000    G:0.26316
Average         T:0.27368    C:0.21053    A:0.27018    G:0.24561

#46: WhiteTailedDeer
position  1:    T:0.22105    C:0.18947    A:0.27368    G:0.31579
position  2:    T:0.32632    C:0.18947    A:0.31579    G:0.16842
position  3:    T:0.27368    C:0.26316    A:0.18947    G:0.27368
Average         T:0.27368    C:0.21404    A:0.25965    G:0.25263

#47: Cattle         
position  1:    T:0.22105    C:0.17895    A:0.28421    G:0.31579
position  2:    T:0.32632    C:0.20000    A:0.31579    G:0.15789
position  3:    T:0.26316    C:0.26316    A:0.21053    G:0.26316
Average         T:0.27018    C:0.21404    A:0.27018    G:0.24561

#48: RoyalAntelope  
position  1:    T:0.22105    C:0.17895    A:0.28421    G:0.31579
position  2:    T:0.32632    C:0.18947    A:0.31579    G:0.16842
position  3:    T:0.27368    C:0.26316    A:0.20000    G:0.26316
Average         T:0.27368    C:0.21053    A:0.26667    G:0.24912

#49: Steenbok       
position  1:    T:0.23158    C:0.16842    A:0.28421    G:0.31579
position  2:    T:0.32632    C:0.18947    A:0.31579    G:0.16842
position  3:    T:0.26316    C:0.26316    A:0.21053    G:0.26316
Average         T:0.27368    C:0.20702    A:0.27018    G:0.24912

#50: Impala         
position  1:    T:0.22105    C:0.17895    A:0.28421    G:0.31579
position  2:    T:0.32632    C:0.18947    A:0.30526    G:0.17895
position  3:    T:0.26316    C:0.25263    A:0.22105    G:0.26316
Average         T:0.27018    C:0.20702    A:0.27018    G:0.25263

#51: Klipspringer   
position  1:    T:0.22105    C:0.17895    A:0.28421    G:0.31579
position  2:    T:0.32632    C:0.18947    A:0.31579    G:0.16842
