1
52 1
Argali 0.000000 0.191800 0.085300 0.199800 0.049300 0.000000 0.096400 0.064800 0.059500 0.079000 0.014400 0.075000 0.039200 0.070300 0.085900 0.090000 0.076300 0.097300 0.024200 0.069500 0.069700 0.004800 0.069900 0.080600 0.019200 0.079400 0.044100 0.059400 0.084500 0.064500 0.073000 0.070200 0.091800 0.059200 0.079400 0.064900 0.009600 0.064500 0.090700 0.101200 0.074600 0.079400 0.067900 0.075200 0.049500 0.069900 0.054200 0.085100 0.075400 0.095800 0.064300 0.064500
LesserMous 0.191800 0.000000 0.194900 0.243000 0.201100 0.191800 0.228900 0.202000 0.175900 0.207200 0.209800 0.201600 0.201800 0.210700 0.218800 0.205200 0.168800 0.180800 0.197900 0.187700 0.206600 0.197200 0.193300 0.223300 0.202900 0.217100 0.195200 0.175600 0.186200 0.182000 0.198900 0.217500 0.186400 0.213700 0.250800 0.216800 0.191800 0.206900 0.214100 0.197200 0.175500 0.204300 0.193200 0.203900 0.197500 0.212300 0.188200 0.219100 0.234600 0.180600 0.185700 0.181700
LesserKudu 0.085300 0.194900 0.000000 0.184500 0.085000 0.085300 0.106200 0.069600 0.034000 0.093300 0.090300 0.079600 0.085100 0.085500 0.111900 0.084300 0.091700 0.117500 0.095900 0.043800 0.064200 0.080100 0.095700 0.117500 0.095400 0.073800 0.090200 0.033900 0.068700 0.038900 0.087100 0.090300 0.118300 0.095200 0.094700 0.090200 0.096300 0.090100 0.064300 0.101900 0.100300 0.073800 0.092700 0.111900 0.085000 0.095800 0.059000 0.111100 0.085500 0.105500 0.038800 0.038900
KillerWhal 0.199800 0.243000 0.184500 0.000000 0.184000 0.199800 0.222300 0.206400 0.198700 0.192800 0.194800 0.204200 0.217100 0.204000 0.258500 0.222900 0.208400 0.193300 0.200100 0.210700 0.197600 0.193500 0.192500 0.218800 0.207400 0.222600 0.210000 0.197800 0.209100 0.204700 0.183300 0.191800 0.205100 0.209300 0.239700 0.232000 0.209900 0.163900 0.212000 0.197200 0.199100 0.222600 0.190900 0.212200 0.211600 0.204300 0.191200 0.187800 0.220200 0.174300 0.208900 0.204200
DefassaWat 0.049300 0.201100 0.085000 0.184000 0.000000 0.049300 0.106700 0.074900 0.069500 0.089400 0.054200 0.064200 0.059300 0.080400 0.085200 0.094900 0.086600 0.091600 0.054300 0.079600 0.069400 0.044100 0.074800 0.090800 0.069300 0.089400 0.064300 0.069400 0.089400 0.074600 0.083200 0.069800 0.102100 0.079700 0.074000 0.064600 0.059700 0.028900 0.090300 0.097400 0.084600 0.089400 0.078100 0.085400 0.049300 0.064500 0.064200 0.069200 0.085600 0.100700 0.074400 0.074500
Sheep 0.000000 0.191800 0.085300 0.199800 0.049300 0.000000 0.096400 0.064800 0.059500 0.079000 0.014400 0.075000 0.039200 0.070300 0.085900 0.090000 0.076300 0.097300 0.024200 0.069500 0.069700 0.004800 0.069900 0.080600 0.019200 0.079400 0.044100 0.059400 0.084500 0.064500 0.073000 0.070200 0.091800 0.059200 0.079400 0.064900 0.009600 0.064500 0.090700 0.101200 0.074600 0.079400 0.067900 0.075200 0.049500 0.069900 0.054200 0.085100 0.075400 0.095800 0.064300 0.064500
MaxwellsDu 0.096400 0.228900 0.106200 0.222300 0.106700 0.096400 0.000000 0.096300 0.074600 0.104600 0.112200 0.100900 0.090900 0.044300 0.118100 0.111200 0.103000 0.129000 0.096000 0.084700 0.090600 0.101600 0.106900 0.129000 0.117200 0.100300 0.096000 0.074500 0.105500 0.079700 0.103700 0.039100 0.146000 0.106500 0.116400 0.090600 0.107600 0.111700 0.123100 0.135500 0.100700 0.089700 0.098500 0.112400 0.085400 0.111400 0.085100 0.117100 0.112700 0.105800 0.079500 0.079600
GazellaPrz 0.064800 0.202000 0.069600 0.206400 0.074900 0.064800 0.096300 0.000000 0.054300 0.084300 0.080100 0.090700 0.064600 0.075400 0.101700 0.064000 0.080700 0.112900 0.075200 0.064300 0.044200 0.069700 0.085500 0.107200 0.085100 0.053700 0.069600 0.054200 0.058800 0.059300 0.089000 0.085800 0.118800 0.074600 0.105700 0.080400 0.075500 0.090500 0.064500 0.120100 0.090200 0.053700 0.083800 0.101700 0.064800 0.085700 0.029100 0.100800 0.085900 0.101000 0.059200 0.059300
MountainNy 0.059500 0.175900 0.034000 0.198700 0.069500 0.059500 0.074600 0.054300 0.000000 0.077400 0.074700 0.054000 0.054200 0.059600 0.085400 0.068900 0.055000 0.090400 0.074900 0.009600 0.049000 0.064500 0.069600 0.090700 0.079600 0.058600 0.059200 0.000000 0.063600 0.004800 0.071400 0.074700 0.102100 0.074400 0.079200 0.054100 0.070000 0.084900 0.079900 0.101300 0.063900 0.048600 0.066400 0.074800 0.049100 0.069800 0.043900 0.095200 0.069900 0.069000 0.004800 0.004800
MuntiacusM 0.079000 0.207200 0.093300 0.192800 0.089400 0.079000 0.104600 0.084300 0.077400 0.000000 0.094900 0.101900 0.099300 0.084300 0.115100 0.087000 0.085100 0.102700 0.089700 0.087800 0.078700 0.084000 0.029200 0.049300 0.100000 0.088500 0.104500 0.077200 0.092000 0.082700 0.014400 0.094400 0.084300 0.103900 0.121100 0.091600 0.090300 0.105400 0.111300 0.049700 0.033900 0.088500 0.009600 0.044200 0.086300 0.094700 0.073100 0.121700 0.106400 0.093100 0.082400 0.082500
goat 0.014400 0.209800 0.090300 0.194800 0.054200 0.014400 0.112200 0.080100 0.074700 0.094900 0.000000 0.090400 0.054100 0.085700 0.101400 0.105500 0.091900 0.102200 0.038900 0.084800 0.085000 0.009500 0.085200 0.096200 0.014100 0.094700 0.059000 0.074500 0.099900 0.079800 0.088700 0.075100 0.107600 0.074300 0.084200 0.080200 0.014100 0.069400 0.095600 0.113200 0.089900 0.094700 0.083600 0.090700 0.064600 0.085200 0.069300 0.079600 0.090900 0.100800 0.079500 0.079700
AfricanBuf 0.075000 0.201600 0.079600 0.204200 0.064200 0.075000 0.100900 0.090700 0.054000 0.101900 0.090400 0.000000 0.069700 0.085600 0.080100 0.089700 0.081200 0.100800 0.080200 0.063900 0.074600 0.079900 0.089900 0.106300 0.085000 0.094700 0.074700 0.053900 0.074000 0.059000 0.095800 0.090400 0.112300 0.090200 0.089600 0.059200 0.085800 0.095200 0.117200 0.104900 0.089100 0.084200 0.090600 0.090000 0.054200 0.069900 0.079700 0.095300 0.090900 0.089700 0.058800 0.058900
Topi 0.039200 0.201800 0.085100 0.217100 0.059300 0.039200 0.090900 0.064600 0.054200 0.099300 0.054100 0.069700 0.000000 0.070000 0.085600 0.089700 0.070800 0.091700 0.054300 0.064200 0.069500 0.044000 0.080100 0.090900 0.059000 0.079100 0.004700 0.054100 0.084300 0.059300 0.092800 0.069900 0.102300 0.023700 0.068800 0.059500 0.049400 0.074700 0.090500 0.113900 0.079600 0.074000 0.087500 0.080300 0.044300 0.080200 0.054000 0.074400 0.075200 0.090200 0.059100 0.059200
CommonDuik 0.070300 0.210700 0.085500 0.204000 0.080400 0.070300 0.044300 0.075400 0.059600 0.084300 0.085700 0.085600 0.070000 0.000000 0.091400 0.090200 0.087200 0.102500 0.075400 0.069700 0.069900 0.075100 0.080500 0.102000 0.090700 0.079600 0.075100 0.059500 0.084700 0.064600 0.078200 0.029400 0.118100 0.090700 0.100700 0.075400 0.081100 0.085400 0.101700 0.108900 0.085200 0.079600 0.073100 0.096600 0.070200 0.084900 0.064600 0.090600 0.086100 0.085200 0.064400 0.064600
Suni 0.085900 0.218800 0.111900 0.258500 0.085200 0.085900 0.118100 0.101700 0.085400 0.115100 0.101400 0.080100 0.085600 0.091400 0.000000 0.090100 0.091000 0.107000 0.101800 0.095600 0.095900 0.090800 0.105500 0.111100 0.106500 0.095100 0.090600 0.085200 0.084600 0.090500 0.108500 0.091300 0.106900 0.105700 0.111200 0.091000 0.096800 0.106200 0.128600 0.134400 0.110000 0.095100 0.103300 0.105600 0.085800 0.091200 0.090500 0.105800 0.101900 0.117200 0.090300 0.090400
Springbuck 0.090000 0.205200 0.084300 0.222900 0.094900 0.090000 0.111200 0.064000 0.068900 0.087000 0.105500 0.089700 0.089700 0.090200 0.090100 0.000000 0.096400 0.117500 0.100600 0.078900 0.048700 0.094900 0.088700 0.121000 0.110500 0.053200 0.094800 0.068800 0.023800 0.074000 0.091600 0.100600 0.116800 0.099300 0.109800 0.095100 0.100900 0.110700 0.068900 0.122600 0.093100 0.058200 0.086500 0.115500 0.089900 0.090000 0.043600 0.105000 0.100700 0.105100 0.073700 0.073900
Okapi 0.076300 0.168800 0.091700 0.208400 0.086600 0.076300 0.103000 0.080700 0.055000 0.085100 0.091900 0.081200 0.070800 0.087200 0.091000 0.096400 0.000000 0.039600 0.092300 0.065100 0.075900 0.081300 0.075600 0.086400 0.096900 0.085500 0.075900 0.054900 0.090700 0.060100 0.078700 0.087100 0.076500 0.091600 0.107200 0.070900 0.087300 0.102500 0.102500 0.109200 0.069800 0.075000 0.073700 0.070500 0.065700 0.107500 0.069500 0.106900 0.087100 0.080400 0.059900 0.060000
Giraffe 0.097300 0.180800 0.117500 0.193300 0.091600 0.097300 0.129000 0.112900 0.090400 0.102700 0.102200 0.100800 0.091700 0.102500 0.107000 0.117500 0.039600 0.000000 0.113600 0.101000 0.107500 0.091500 0.091200 0.102200 0.118200 0.117300 0.086200 0.090300 0.111800 0.095800 0.096400 0.096000 0.092100 0.102100 0.106600 0.095600 0.108600 0.107500 0.129700 0.123100 0.074900 0.106400 0.091300 0.086000 0.090200 0.118100 0.101300 0.106300 0.113800 0.094600 0.095400 0.095600
TibetanAnt 0.024200 0.197900 0.095900 0.200100 0.054300 0.024200 0.096000 0.075200 0.074900 0.089700 0.038900 0.080200 0.054300 0.075400 0.101800 0.100600 0.092300 0.113600 0.000000 0.085100 0.069700 0.029000 0.080300 0.096500 0.043700 0.089700 0.059200 0.074800 0.095000 0.080100 0.088900 0.075300 0.108000 0.069400 0.084500 0.070000 0.034200 0.069600 0.101400 0.106700 0.090200 0.089700 0.083700 0.091100 0.054500 0.075000 0.064400 0.079800 0.091300 0.101000 0.079800 0.080000
Sitatunga 0.069500 0.187700 0.043800 0.210700 0.079600 0.069500 0.084700 0.064300 0.009600 0.087800 0.084800 0.063900 0.064200 0.069700 0.095600 0.078900 0.065100 0.101000 0.085100 0.000000 0.058900 0.074600 0.079700 0.101000 0.079400 0.058500 0.069200 0.009500 0.073600 0.004700 0.081700 0.084800 0.112500 0.074200 0.089200 0.064000 0.080200 0.095100 0.090000 0.112100 0.073900 0.048400 0.076700 0.085000 0.059000 0.079900 0.053800 0.105500 0.080000 0.079000 0.014300 0.014300
Oribi 0.069700 0.206600 0.064200 0.197600 0.069400 0.069700 0.090600 0.044200 0.049000 0.078700 0.085000 0.074600 0.069500 0.069900 0.095900 0.048700 0.075900 0.107500 0.069700 0.058900 0.000000 0.074600 0.064500 0.101300 0.090000 0.038600 0.074500 0.048900 0.043600 0.054000 0.083300 0.080100 0.112900 0.079500 0.089400 0.064500 0.080400 0.095400 0.059200 0.102700 0.074300 0.038600 0.078200 0.095900 0.059400 0.080000 0.024100 0.084600 0.080200 0.095200 0.053800 0.053900
BarbaryShe 0.004800 0.197200 0.080100 0.193500 0.044100 0.004800 0.101600 0.069700 0.064500 0.084000 0.009500 0.079900 0.044000 0.075100 0.090800 0.094900 0.081300 0.091500 0.029000 0.074600 0.074600 0.000000 0.074800 0.085500 0.023900 0.084200 0.048900 0.064400 0.089400 0.069600 0.077900 0.064700 0.096800 0.064000 0.078100 0.069700 0.014400 0.059100 0.085100 0.101200 0.079400 0.084200 0.072800 0.080200 0.054400 0.074800 0.059100 0.079600 0.080400 0.100700 0.069300 0.069500
Daviddeer 0.069900 0.193300 0.095700 0.192500 0.074800 0.069900 0.106900 0.085500 0.069600 0.029200 0.085200 0.089900 0.080100 0.080500 0.105500 0.088700 0.075600 0.091200 0.080300 0.079700 0.064500 0.074800 0.000000 0.038900 0.090200 0.079200 0.085100 0.069400 0.083100 0.074700 0.024100 0.090900 0.080200 0.095200 0.105500 0.079800 0.080700 0.095600 0.101300 0.044300 0.014300 0.079200 0.019200 0.033900 0.074500 0.080200 0.064300 0.106100 0.096300 0.084500 0.074400 0.074600
Reindeer 0.080600 0.223300 0.117500 0.218800 0.090800 0.080600 0.129000 0.107200 0.090700 0.049300 0.096200 0.106300 0.090900 0.102000 0.111100 0.121000 0.086400 0.102200 0.096500 0.101000 0.101300 0.085500 0.038900 0.000000 0.101200 0.105700 0.096000 0.090500 0.115200 0.095900 0.043900 0.101900 0.080400 0.106200 0.122100 0.095800 0.091600 0.096000 0.134300 0.059300 0.043600 0.105700 0.039000 0.014200 0.090500 0.096400 0.095800 0.122700 0.107500 0.105800 0.085100 0.095800
Ibex 0.019200 0.202900 0.095400 0.207400 0.069300 0.019200 0.117200 0.085100 0.079600 0.100000 0.014100 0.085000 0.059000 0.090700 0.106500 0.110500 0.096900 0.118200 0.043700 0.079400 0.090000 0.023900 0.090200 0.101200 0.000000 0.089200 0.063900 0.079500 0.094500 0.084700 0.093700 0.090600 0.112600 0.069000 0.099500 0.085100 0.018900 0.084700 0.111400 0.123600 0.094900 0.089200 0.088600 0.095700 0.069500 0.090300 0.074200 0.095100 0.095900 0.105700 0.084500 0.084600
GyrantGaze 0.079400 0.217100 0.073800 0.222600 0.089400 0.079400 0.100300 0.053700 0.058600 0.088500 0.094700 0.094700 0.079100 0.079600 0.095100 0.053200 0.085500 0.117300 0.089700 0.058500 0.038600 0.084200 0.079200 0.105700 0.089200 0.000000 0.084100 0.058500 0.053100 0.063600 0.093100 0.089800 0.122700 0.078800 0.109500 0.084400 0.090100 0.105000 0.068800 0.124000 0.083900 0.009400 0.088000 0.105600 0.079300 0.100400 0.033700 0.115400 0.089900 0.104900 0.063400 0.063500
Hartebeest 0.044100 0.195200 0.090200 0.210000 0.064300 0.044100 0.096000 0.069600 0.059200 0.104500 0.059000 0.074700 0.004700 0.075100 0.090600 0.094800 0.075900 0.086200 0.059200 0.069200 0.074500 0.048900 0.085100 0.096000 0.063900 0.084100 0.000000 0.059100 0.089300 0.064200 0.098000 0.075000 0.102200 0.019000 0.073700 0.064500 0.054400 0.079600 0.095500 0.119200 0.084600 0.079000 0.092700 0.085300 0.049200 0.085200 0.059000 0.079400 0.080200 0.095200 0.064000 0.064100
Bongo 0.059400 0.175600 0.033900 0.197800 0.069400 0.059400 0.074500 0.054200 0.000000 0.077200 0.074500 0.053900 0.054100 0.059500 0.085200 0.068800 0.054900 0.090300 0.074800 0.009500 0.048900 0.064400 0.069400 0.090500 0.079500 0.058500 0.059100 0.000000 0.063500 0.004800 0.071300 0.074500 0.101900 0.074300 0.079000 0.054000 0.069900 0.084800 0.079700 0.101100 0.063800 0.048400 0.066200 0.074600 0.049000 0.069600 0.043800 0.095000 0.069700 0.068900 0.004800 0.004800
Gerenuk 0.084500 0.186200 0.068700 0.209100 0.089400 0.084500 0.105500 0.058800 0.063600 0.092000 0.099900 0.074000 0.084300 0.084700 0.084600 0.023800 0.090700 0.111800 0.095000 0.073600 0.043600 0.089400 0.083100 0.115200 0.094500 0.053100 0.089300 0.063500 0.000000 0.068600 0.096600 0.095000 0.116400 0.093700 0.104100 0.089600 0.095300 0.105000 0.073900 0.116400 0.087600 0.053100 0.091400 0.109700 0.084500 0.084700 0.038600 0.099400 0.095100 0.099600 0.068400 0.068600
CommonElan 0.064500 0.182000 0.038900 0.204700 0.074600 0.064500 0.079700 0.059300 0.004800 0.082700 0.079800 0.059000 0.059300 0.064600 0.090500 0.074000 0.060100 0.095800 0.080100 0.004700 0.054000 0.069600 0.074700 0.095900 0.084700 0.063600 0.064200 0.004800 0.068600 0.000000 0.076600 0.079800 0.107400 0.079500 0.084300 0.059100 0.075200 0.090100 0.085000 0.106800 0.069000 0.053500 0.071600 0.079900 0.054100 0.074900 0.048900 0.100400 0.075000 0.074000 0.009500 0.009600
MuntiacusR 0.073000 0.198900 0.087100 0.183300 0.083200 0.073000 0.103700 0.089000 0.071400 0.014400 0.088700 0.095800 0.092800 0.078200 0.108500 0.091600 0.078700 0.096400 0.088900 0.081700 0.083300 0.077900 0.024100 0.043900 0.093700 0.093100 0.098000 0.071300 0.096600 0.076600 0.000000 0.088000 0.067600 0.108400 0.114500 0.085500 0.084100 0.088300 0.104900 0.034200 0.028700 0.093100 0.004800 0.038900 0.080300 0.088600 0.077700 0.115200 0.089100 0.086900 0.076400 0.076500
HarveysDui 0.070200 0.217500 0.090300 0.191800 0.069800 0.070200 0.039100 0.085800 0.074700 0.094400 0.075100 0.090400 0.069900 0.029400 0.091300 0.100600 0.087100 0.096000 0.075300 0.084800 0.080100 0.064700 0.090900 0.101900 0.090600 0.089800 0.075000 0.074500 0.095000 0.079800 0.088000 0.000000 0.117800 0.090500 0.090000 0.080200 0.081000 0.074800 0.101400 0.113900 0.090300 0.089800 0.083000 0.096400 0.075000 0.091100 0.074800 0.079900 0.086000 0.095200 0.079500 0.079700
Pronghorn 0.091800 0.186400 0.118300 0.205100 0.102100 0.091800 0.146000 0.118800 0.102100 0.084300 0.107600 0.112300 0.102300 0.118100 0.106900 0.116800 0.076500 0.092100 0.108000 0.112500 0.112900 0.096800 0.080200 0.080400 0.112600 0.122700 0.102200 0.101900 0.116400 0.107400 0.067600 0.117800 0.000000 0.112500 0.133900 0.112700 0.103000 0.107300 0.129500 0.091600 0.084900 0.122700 0.073000 0.085600 0.107000 0.113400 0.107200 0.134700 0.102700 0.106500 0.107000 0.107200
BlueWildeb 0.059200 0.213700 0.095200 0.209300 0.079700 0.059200 0.106500 0.074600 0.074400 0.103900 0.074300 0.090200 0.023700 0.090700 0.105700 0.099300 0.091600 0.102100 0.069400 0.074200 0.079500 0.064000 0.095200 0.106200 0.069000 0.078800 0.019000 0.074300 0.093700 0.079500 0.108400 0.090500 0.112500 0.000000 0.089100 0.079900 0.069700 0.095200 0.100600 0.129900 0.094600 0.073700 0.103200 0.095500 0.064400 0.101000 0.063900 0.095000 0.095900 0.111100 0.079300 0.079400
Gemsbok 0.079400 0.250800 0.094700 0.239700 0.074000 0.079400 0.116400 0.105700 0.079200 0.121100 0.084200 0.089600 0.068800 0.100700 0.111200 0.109800 0.107200 0.106600 0.084500 0.089200 0.089400 0.078100 0.105500 0.122100 0.099500 0.109500 0.073700 0.079000 0.104100 0.084300 0.114500 0.090000 0.133900 0.089100 0.000000 0.084600 0.090100 0.099900 0.121400 0.130100 0.115400 0.109500 0.109400 0.116500 0.079400 0.100200 0.094500 0.083900 0.095200 0.105100 0.084000 0.084100
Yak 0.064900 0.216800 0.090200 0.232000 0.064600 0.064900 0.090600 0.080400 0.054100 0.091600 0.080200 0.059200 0.059500 0.075400 0.091000 0.095100 0.070900 0.095600 0.070000 0.064000 0.064500 0.069700 0.079800 0.095800 0.085100 0.084400 0.064500 0.054000 0.089600 0.059100 0.085500 0.080200 0.112700 0.079900 0.084600 0.000000 0.075600 0.090500 0.106700 0.099800 0.079000 0.074100 0.080400 0.079700 0.014500 0.085600 0.069500 0.090300 0.080600 0.095100 0.058900 0.059000
BlueSheep 0.009600 0.191800 0.096300 0.209900 0.059700 0.009600 0.107600 0.075500 0.070000 0.090300 0.014100 0.085800 0.049400 0.081100 0.096800 0.100900 0.087300 0.108600 0.034200 0.080200 0.080400 0.014400 0.080700 0.091600 0.018900 0.090100 0.054400 0.069900 0.095300 0.075200 0.084100 0.081000 0.103000 0.069700 0.090100 0.075600 0.000000 0.075100 0.101800 0.113500 0.085300 0.090100 0.078900 0.086100 0.060000 0.080600 0.064700 0.096000 0.086300 0.106800 0.074900 0.075100
BohorReedb 0.064500 0.206900 0.090100 0.163900 0.028900 0.064500 0.111700 0.090500 0.084900 0.105400 0.069400 0.095200 0.074700 0.085400 0.106200 0.110700 0.102500 0.107500 0.069600 0.095100 0.095400 0.059100 0.095600 0.096000 0.084700 0.105000 0.079600 0.084800 0.105000 0.090100 0.088300 0.074800 0.107300 0.095200 0.099900 0.090500 0.075100 0.000000 0.095400 0.113700 0.100200 0.105000 0.093900 0.090600 0.074800 0.079900 0.079500 0.084600 0.090700 0.105800 0.079400 0.090000
KirksDik 0.090700 0.214100 0.064300 0.212000 0.090300 0.090700 0.123100 0.064500 0.079900 0.111300 0.095600 0.117200 0.090500 0.101700 0.128600 0.068900 0.102500 0.129700 0.101400 0.090000 0.059200 0.085100 0.101300 0.134300 0.111400 0.068800 0.095500 0.079700 0.073900 0.085000 0.104900 0.101400 0.129500 0.100600 0.121400 0.106700 0.101800 0.095400 0.000000 0.120500 0.105900 0.068800 0.110700 0.128600 0.090700 0.112100 0.043900 0.116600 0.101500 0.122200 0.084700 0.084900
RoeDeer 0.101200 0.197200 0.101900 0.197200 0.097400 0.101200 0.135500 0.120100 0.101300 0.049700 0.113200 0.104900 0.113900 0.108900 0.134400 0.122600 0.109200 0.123100 0.106700 0.112100 0.102700 0.101200 0.044300 0.059300 0.123600 0.124000 0.119200 0.101100 0.116400 0.106800 0.034200 0.113900 0.091600 0.129900 0.130100 0.099800 0.113500 0.113700 0.120500 0.000000 0.054000 0.124000 0.039300 0.054100 0.094400 0.097100 0.108000 0.136300 0.120200 0.117400 0.106400 0.106600
WhiteLippe 0.074600 0.175500 0.100300 0.199100 0.084600 0.074600 0.100700 0.090200 0.063900 0.033900 0.089900 0.089100 0.079600 0.085200 0.110000 0.093100 0.069800 0.074900 0.090200 0.073900 0.074300 0.079400 0.014300 0.043600 0.094900 0.083900 0.084600 0.063800 0.087600 0.069000 0.028700 0.090300 0.084900 0.094600 0.115400 0.079000 0.085300 0.100200 0.105900 0.054000 0.000000 0.073600 0.023900 0.028800 0.073800 0.090200 0.069000 0.110800 0.101000 0.078700 0.068700 0.068900
ThomsonGaz 0.079400 0.204300 0.073800 0.222600 0.089400 0.079400 0.089700 0.053700 0.048600 0.088500 0.094700 0.084200 0.074000 0.079600 0.095100 0.058200 0.075000 0.106400 0.089700 0.048400 0.038600 0.084200 0.079200 0.105700 0.089200 0.009400 0.079000 0.048400 0.053100 0.053500 0.093100 0.089800 0.122700 0.073700 0.109500 0.074100 0.090100 0.105000 0.068800 0.124000 0.073600 0.000000 0.088000 0.094900 0.069000 0.100400 0.033700 0.115400 0.089900 0.094300 0.053300 0.053400
MuntiacusC 0.067900 0.193200 0.092700 0.190900 0.078100 0.067900 0.098500 0.083800 0.066400 0.009600 0.083600 0.090600 0.087500 0.073100 0.103300 0.086500 0.073700 0.091300 0.083700 0.076700 0.078200 0.072800 0.019200 0.039000 0.088600 0.088000 0.092700 0.066200 0.091400 0.071600 0.004800 0.083000 0.073000 0.103200 0.109400 0.080400 0.078900 0.093900 0.110700 0.039300 0.023900 0.088000 0.000000 0.034000 0.075200 0.083400 0.072600 0.110000 0.094800 0.081800 0.071300 0.071400
WhiteTaile 0.075200 0.203900 0.111900 0.212200 0.085400 0.075200 0.112400 0.101700 0.074800 0.044200 0.090700 0.090000 0.080300 0.096600 0.105600 0.115500 0.070500 0.086000 0.091100 0.085000 0.095900 0.080200 0.033900 0.014200 0.095700 0.105600 0.085300 0.074600 0.109700 0.079900 0.038900 0.096400 0.085600 0.095500 0.116500 0.079700 0.086100 0.090600 0.128600 0.054100 0.028800 0.094900 0.034000 0.000000 0.074500 0.090900 0.090400 0.117200 0.101900 0.089800 0.069400 0.079800
Cattle 0.049500 0.197500 0.085000 0.211600 0.049300 0.049500 0.085400 0.064800 0.049100 0.086300 0.064600 0.054200 0.044300 0.070200 0.085800 0.089900 0.065700 0.090200 0.054500 0.059000 0.059400 0.054400 0.074500 0.090500 0.069500 0.079300 0.049200 0.049000 0.084500 0.054100 0.080300 0.075000 0.107000 0.064400 0.079400 0.014500 0.060000 0.074800 0.090700 0.094400 0.073800 0.069000 0.075200 0.074500 0.000000 0.069900 0.054200 0.074600 0.075400 0.089900 0.053900 0.054000
RoyalAntel 0.069900 0.212300 0.095800 0.204300 0.064500 0.069900 0.111400 0.085700 0.069800 0.094700 0.085200 0.069900 0.080200 0.084900 0.091200 0.090000 0.107500 0.118100 0.075000 0.079900 0.080000 0.074800 0.080200 0.096400 0.090300 0.100400 0.085200 0.069600 0.084700 0.074900 0.088600 0.091100 0.113400 0.101000 0.100200 0.085600 0.080600 0.079900 0.112100 0.097100 0.090200 0.100400 0.083400 0.090900 0.069900 0.000000 0.074700 0.095500 0.096500 0.106200 0.064400 0.074800
Steenbok 0.054200 0.188200 0.059000 0.191200 0.064200 0.054200 0.085100 0.029100 0.043900 0.073100 0.069300 0.079700 0.054000 0.064600 0.090500 0.043600 0.069500 0.101300 0.064400 0.053800 0.024100 0.059100 0.064300 0.095800 0.074200 0.033700 0.059000 0.043800 0.038600 0.048900 0.077700 0.074800 0.107200 0.063900 0.094500 0.069500 0.064700 0.079500 0.043900 0.108000 0.069000 0.033700 0.072600 0.090400 0.054200 0.074700 0.000000 0.089700 0.074800 0.089800 0.048700 0.048800
Impala 0.085100 0.219100 0.111100 0.187800 0.069200 0.085100 0.117100 0.100800 0.095200 0.121700 0.079600 0.095300 0.074400 0.090600 0.105800 0.105000 0.106900 0.106300 0.079800 0.105500 0.084600 0.079600 0.106100 0.122700 0.095100 0.115400 0.079400 0.095000 0.099400 0.100400 0.115200 0.079900 0.134700 0.095000 0.083900 0.090300 0.096000 0.084600 0.116600 0.136300 0.110800 0.115400 0.110000 0.117200 0.074600 0.095500 0.089700 0.000000 0.111900 0.095000 0.100100 0.100300
Klipspring 0.075400 0.234600 0.085500 0.220200 0.085600 0.075400 0.112700 0.085900 0.069900 0.106400 0.090900 0.090900 0.075200 0.086100 0.101900 0.100700 0.087100 0.113800 0.091300 0.080000 0.080200 0.080400 0.096300 0.107500 0.095900 0.089900 0.080200 0.069700 0.095100 0.075000 0.089100 0.086000 0.102700 0.095900 0.095200 0.080600 0.086300 0.090700 0.101500 0.120200 0.101000 0.089900 0.094800 0.101900 0.075400 0.096500 0.074800 0.111900 0.000000 0.111900 0.074700 0.074900
ForestMusk 0.095800 0.180600 0.105500 0.174300 0.100700 0.095800 0.105800 0.101000 0.069000 0.093100 0.100800 0.089700 0.090200 0.085200 0.117200 0.105100 0.080400 0.094600 0.101000 0.079000 0.095200 0.100700 0.084500 0.105800 0.105700 0.104900 0.095200 0.068900 0.099600 0.074000 0.086900 0.095200 0.106500 0.111100 0.105100 0.095100 0.106800 0.105800 0.122200 0.117400 0.078700 0.094300 0.081800 0.089800 0.089900 0.106200 0.089800 0.095000 0.111900 0.000000 0.077900 0.073900
Bushbuck 0.064300 0.185700 0.038800 0.208900 0.074400 0.064300 0.079500 0.059200 0.004800 0.082400 0.079500 0.058800 0.059100 0.064400 0.090300 0.073700 0.059900 0.095400 0.079800 0.014300 0.053800 0.069300 0.074400 0.085100 0.084500 0.063400 0.064000 0.004800 0.068400 0.009500 0.076400 0.079500 0.107000 0.079300 0.084000 0.058900 0.074900 0.079400 0.084700 0.106400 0.068700 0.053300 0.071300 0.069400 0.053900 0.064400 0.048700 0.100100 0.074700 0.077900 0.000000 0.009500
GreaterKud 0.064500 0.181700 0.038900 0.204200 0.074500 0.064500 0.079600 0.059300 0.004800 0.082500 0.079700 0.058900 0.059200 0.064600 0.090400 0.073900 0.060000 0.095600 0.080000 0.014300 0.053900 0.069500 0.074600 0.095800 0.084600 0.063500 0.064100 0.004800 0.068600 0.009600 0.076500 0.079700 0.107200 0.079400 0.084100 0.059000 0.075100 0.090000 0.084900 0.106600 0.068900 0.053400 0.071400 0.079800 0.054000 0.074800 0.048800 0.100300 0.074900 0.073900 0.009500 0.000000
