CODONML (in paml version 4.10.7, June 2023)  /home/rachel/ruminants_paml/6406-phy-tree/ENSBTAT00000026818.fasta.phy
Model: free dN/dS Ratios for branches,  kappa = 2.000 fixed

Codon frequency model: F3x4
ns =  54  ls = 215

Codon usage in sequences
--------------------------------------------------------------------------------------------------------------------------------------
Phe TTT  10   9  10  10   9   9 | Ser TCT   4   3   4   4   5   4 | Tyr TAT   4   4   4   4   4   4 | Cys TGT   2   2   2   3   2   2
    TTC   3   4   3   3   4   4 |     TCC   1   3   1   1   0   1 |     TAC   5   5   5   5   4   5 |     TGC   2   2   2   1   2   2
Leu TTA   1   1   1   1   1   2 |     TCA   3   3   3   3   4   4 | *** TAA   0   0   0   0   0   0 | *** TGA   0   0   0   0   0   0
    TTG   5   4   5   5   7   5 |     TCG   1   0   1   1   0   0 |     TAG   0   0   0   0   0   0 | Trp TGG   2   2   2   2   2   2
--------------------------------------------------------------------------------------------------------------------------------------
Leu CTT   4   4   6   5   4   4 | Pro CCT   4   2   4   4   5   4 | His CAT   3   2   4   3   4   3 | Arg CGT   0   0   0   0   0   0
    CTC   7   6   5   6   5   5 |     CCC   4   5   3   4   3   3 |     CAC   1   2   0   1   1   1 |     CGC   1   2   2   2   1   1
    CTA   2   2   2   2   1   1 |     CCA   4   4   4   4   3   5 | Gln CAA   2   2   2   2   2   2 |     CGA   3   2   2   2   1   3
    CTG   3   5   3   3   3   4 |     CCG   1   2   2   1   2   1 |     CAG   5   5   5   5   5   5 |     CGG   3   2   3   2   4   2
--------------------------------------------------------------------------------------------------------------------------------------
Ile ATT   7   6   7   7   7   8 | Thr ACT   4   1   4   4   4   5 | Asn AAT   7   6   7   7   6   8 | Ser AGT   1   1   1   1   2   2
    ATC   6   7   6   6   5   6 |     ACC   1   5   1   1   1   1 |     AAC   7   8   7   7   8   6 |     AGC   3   2   3   3   2   2
    ATA   2   1   2   2   3   2 |     ACA   7   5   7   8   6   7 | Lys AAA   6   5   6   6   6   6 | Arg AGA   3   3   3   3   3   3
Met ATG   6   6   6   6   5   5 |     ACG   2   3   2   1   4   2 |     AAG   6   7   6   6   6   6 |     AGG   2   3   2   3   3   3
--------------------------------------------------------------------------------------------------------------------------------------
Val GTT   3   4   3   4   3   3 | Ala GCT   3   2   3   4   3   3 | Asp GAT   9   5   9   9   7   9 | Gly GGT   1   1   1   1   3   2
    GTC   4   4   4   3   5   3 |     GCC   4   4   4   3   4   5 |     GAC   0   4   0   0   2   0 |     GGC   3   4   3   3   2   3
    GTA   0   0   0   0   0   1 |     GCA   3   2   3   3   2   2 | Glu GAA  10   8  10  10   9  10 |     GGA   3   4   4   4   4   4
    GTG   2   2   2   2   2   2 |     GCG   0   2   0   0   1   0 |     GAG   4   6   4   4   5   4 |     GGG   6   5   5   5   4   4
--------------------------------------------------------------------------------------------------------------------------------------

--------------------------------------------------------------------------------------------------------------------------------------
Phe TTT  10  10  10  10  10   9 | Ser TCT   4   4   4   4   4   4 | Tyr TAT   4   4   4   4   4   4 | Cys TGT   2   2   2   2   2   2
    TTC   3   3   3   3   3   4 |     TCC   1   1   1   1   1   1 |     TAC   5   5   5   5   5   5 |     TGC   2   2   2   2   2   2
Leu TTA   1   1   1   1   1   1 |     TCA   3   3   2   3   3   3 | *** TAA   0   0   0   0   0   0 | *** TGA   0   0   0   0   0   0
    TTG   5   5   5   5   5   5 |     TCG   1   1   2   1   1   1 |     TAG   0   0   0   0   0   0 | Trp TGG   2   2   2   2   2   2
--------------------------------------------------------------------------------------------------------------------------------------
Leu CTT   5   4   5   6   5   5 | Pro CCT   4   4   4   4   4   5 | His CAT   3   3   2   3   3   3 | Arg CGT   0   0   0   0   0   0
    CTC   6   7   6   5   6   7 |     CCC   4   4   4   4   4   3 |     CAC   1   1   2   1   1   1 |     CGC   2   1   2   2   2   2
    CTA   2   2   2   2   2   1 |     CCA   4   4   4   4   4   4 | Gln CAA   2   2   2   2   2   2 |     CGA   2   3   2   2   2   2
    CTG   3   3   3   3   3   3 |     CCG   1   1   1   1   1   1 |     CAG   5   5   5   5   5   5 |     CGG   2   3   2   2   2   2
--------------------------------------------------------------------------------------------------------------------------------------
Ile ATT   7   7   6   6   7   7 | Thr ACT   4   4   3   4   4   3 | Asn AAT   7   7   7   7   7   6 | Ser AGT   1   1   2   1   0   1
    ATC   6   6   7   6   6   6 |     ACC   1   1   2   1   1   2 |     AAC   7   7   7   7   7   8 |     AGC   3   3   2   3   3   3
    ATA   2   2   2   2   2   2 |     ACA   8   7   7   7   7   5 | Lys AAA   6   6   6   7   6   6 | Arg AGA   3   3   3   3   3   3
Met ATG   6   6   6   6   6   5 |     ACG   1   2   2   2   2   5 |     AAG   6   6   6   5   6   6 |     AGG   3   2   3   3   3   3
--------------------------------------------------------------------------------------------------------------------------------------
Val GTT   3   3   3   4   3   3 | Ala GCT   3   3   4   3   3   3 | Asp GAT   9   9   9   9   8   9 | Gly GGT   1   1   1   1   1   1
    GTC   4   4   4   4   4   4 |     GCC   4   4   3   5   4   4 |     GAC   0   0   0   0   1   0 |     GGC   3   3   3   3   4   3
    GTA   0   0   0   0   0   0 |     GCA   3   3   3   2   3   3 | Glu GAA  10  10   9  10  10  10 |     GGA   3   3   3   3   3   5
    GTG   2   2   2   2   2   2 |     GCG   0   0   0   0   0   0 |     GAG   4   4   5   4   4   4 |     GGG   6   6   6   6   6   4
--------------------------------------------------------------------------------------------------------------------------------------

--------------------------------------------------------------------------------------------------------------------------------------
Phe TTT  10  10  10  10  10  10 | Ser TCT   4   4   5   4   4   4 | Tyr TAT   4   4   4   4   4   4 | Cys TGT   2   2   2   2   2   2
    TTC   3   3   3   3   3   3 |     TCC   1   1   0   1   1   1 |     TAC   5   5   5   5   5   5 |     TGC   2   2   2   2   2   2
Leu TTA   1   1   1   1   1   1 |     TCA   3   3   3   3   3   3 | *** TAA   0   0   0   0   0   0 | *** TGA   0   0   0   0   0   0
    TTG   5   5   5   5   5   5 |     TCG   1   1   1   1   1   1 |     TAG   0   0   0   0   0   0 | Trp TGG   2   2   2   2   2   2
--------------------------------------------------------------------------------------------------------------------------------------
Leu CTT   4   5   4   5   5   5 | Pro CCT   4   4   4   4   4   4 | His CAT   3   3   3   3   3   3 | Arg CGT   0   0   0   0   0   0
    CTC   7   5   7   6   6   6 |     CCC   4   4   4   4   3   4 |     CAC   1   1   1   1   1   1 |     CGC   2   2   2   2   2   2
    CTA   2   2   2   2   2   2 |     CCA   4   4   4   4   5   4 | Gln CAA   2   2   2   2   2   2 |     CGA   2   2   2   2   2   2
    CTG   3   4   3   3   3   3 |     CCG   1   1   1   1   1   1 |     CAG   5   5   5   5   5   5 |     CGG   2   2   2   2   2   2
--------------------------------------------------------------------------------------------------------------------------------------
Ile ATT   7   7   7   6   7   7 | Thr ACT   4   4   4   3   4   4 | Asn AAT   7   7   7   7   7   7 | Ser AGT   1   1   1   1   1   0
    ATC   6   6   6   7   6   6 |     ACC   1   1   1   2   1   1 |     AAC   7   7   7   7   7   7 |     AGC   3   3   3   3   3   4
    ATA   2   2   2   2   2   2 |     ACA   7   7   6   7   7   7 | Lys AAA   6   6   6   6   6   7 | Arg AGA   3   3   3   3   4   3
Met ATG   6   6   6   6   6   6 |     ACG   2   2   3   2   2   2 |     AAG   6   6   6   6   6   5 |     AGG   3   3   3   3   2   3
--------------------------------------------------------------------------------------------------------------------------------------
Val GTT   3   3   3   3   3   3 | Ala GCT   3   3   3   2   4   3 | Asp GAT   9   9   9   9   9   9 | Gly GGT   1   1   1   1   1   1
    GTC   4   4   4   4   4   4 |     GCC   4   4   4   5   3   4 |     GAC   0   0   0   0   0   0 |     GGC   3   3   3   3   3   3
    GTA   0   0   0   0   0   0 |     GCA   3   3   3   3   3   3 | Glu GAA  10  10  10   9  10  10 |     GGA   3   4   3   4   4   3
    GTG   2   2   2   2   2   2 |     GCG   0   0   0   0   0   0 |     GAG   4   4   4   5   4   4 |     GGG   6   5   6   5   5   6
--------------------------------------------------------------------------------------------------------------------------------------

--------------------------------------------------------------------------------------------------------------------------------------
Phe TTT  10  10  10  10  10  10 | Ser TCT   4   4   4   4   4   4 | Tyr TAT   4   4   4   4   4   4 | Cys TGT   2   2   2   2   2   2
    TTC   3   3   3   3   3   3 |     TCC   1   1   1   1   1   1 |     TAC   5   5   5   5   5   5 |     TGC   2   2   2   2   2   2
Leu TTA   1   1   1   1   1   1 |     TCA   3   3   3   3   3   3 | *** TAA   0   0   0   0   0   0 | *** TGA   0   0   0   0   0   0
    TTG   5   5   5   5   5   5 |     TCG   1   1   1   1   1   1 |     TAG   0   0   0   0   0   0 | Trp TGG   2   2   2   2   2   2
--------------------------------------------------------------------------------------------------------------------------------------
Leu CTT   5   5   4   6   5   4 | Pro CCT   4   4   4   4   4   4 | His CAT   3   3   3   3   3   3 | Arg CGT   0   0   0   0   0   0
    CTC   6   6   7   5   6   7 |     CCC   4   4   4   4   4   4 |     CAC   1   1   1   1   1   1 |     CGC   2   1   2   2   2   2
    CTA   2   2   2   2   2   2 |     CCA   4   4   4   4   4   4 | Gln CAA   2   2   2   2   2   2 |     CGA   2   3   2   2   2   2
    CTG   3   3   3   3   3   3 |     CCG   1   1   1   1   1   1 |     CAG   5   5   5   5   5   5 |     CGG   2   2   2   2   2   2
--------------------------------------------------------------------------------------------------------------------------------------
Ile ATT   6   7   7   7   7   7 | Thr ACT   4   4   4   4   4   4 | Asn AAT   7   7   7   7   7   8 | Ser AGT   1   1   1   1   1   1
    ATC   7   6   6   6   6   6 |     ACC   1   1   1   1   1   1 |     AAC   7   7   7   7   7   6 |     AGC   3   3   3   3   3   3
    ATA   2   2   2   2   2   2 |     ACA   7   7   7   7   8   6 | Lys AAA   7   6   6   7   7   6 | Arg AGA   3   3   4   3   3   3
Met ATG   6   6   6   6   6   6 |     ACG   2   2   2   2   1   3 |     AAG   5   6   6   5   5   6 |     AGG   3   3   2   3   3   3
--------------------------------------------------------------------------------------------------------------------------------------
Val GTT   3   3   3   3   3   3 | Ala GCT   3   3   3   3   3   3 | Asp GAT   7   9   9   9   9   9 | Gly GGT   1   1   1   1   1   1
    GTC   4   4   4   4   4   4 |     GCC   4   4   4   4   4   4 |     GAC   2   0   0   0   0   0 |     GGC   3   3   3   3   2   3
    GTA   0   0   0   0   0   0 |     GCA   3   3   3   3   3   3 | Glu GAA  10   9  10  10  10  10 |     GGA   4   4   3   4   4   3
    GTG   2   2   2   2   2   2 |     GCG   0   0   0   0   0   0 |     GAG   4   5   4   4   4   4 |     GGG   5   5   6   5   6   6
--------------------------------------------------------------------------------------------------------------------------------------

--------------------------------------------------------------------------------------------------------------------------------------
Phe TTT   9   9  10   9  10  10 | Ser TCT   4   4   4   4   5   4 | Tyr TAT   4   3   4   4   4   4 | Cys TGT   2   2   2   2   2   2
    TTC   4   4   3   4   3   3 |     TCC   1   1   1   1   0   1 |     TAC   5   6   5   5   5   5 |     TGC   2   2   2   2   2   2
Leu TTA   1   1   1   1   1   1 |     TCA   3   3   3   3   3   3 | *** TAA   0   0   0   0   0   0 | *** TGA   0   0   0   0   0   0
    TTG   5   5   5   5   5   5 |     TCG   1   1   1   1   1   1 |     TAG   0   0   0   0   0   0 | Trp TGG   2   2   2   2   2   2
--------------------------------------------------------------------------------------------------------------------------------------
Leu CTT   5   5   4   5   4   6 | Pro CCT   4   6   4   4   4   4 | His CAT   3   3   3   3   3   3 | Arg CGT   0   0   0   1   0   0
    CTC   7   7   7   6   7   5 |     CCC   3   2   4   4   4   4 |     CAC   1   1   1   1   1   1 |     CGC   2   2   2   1   2   2
    CTA   1   1   2   2   2   2 |     CCA   5   4   4   4   4   4 | Gln CAA   2   2   2   2   2   2 |     CGA   2   2   2   2   2   2
    CTG   3   3   3   3   3   3 |     CCG   1   1   1   1   1   1 |     CAG   5   5   5   5   5   5 |     CGG   2   2   2   2   2   2
--------------------------------------------------------------------------------------------------------------------------------------
Ile ATT   7   7   7   7   7   7 | Thr ACT   3   3   4   4   4   4 | Asn AAT   6   6   7   7   7   7 | Ser AGT   1   1   1   1   1   1
    ATC   6   6   6   6   6   6 |     ACC   3   2   1   1   1   1 |     AAC   8   8   7   7   7   7 |     AGC   3   3   3   3   3   3
    ATA   2   2   2   2   2   2 |     ACA   4   6   7   7   5   7 | Lys AAA   6   7   6   7   6   6 | Arg AGA   3   3   3   3   3   3
Met ATG   5   5   6   6   6   6 |     ACG   5   4   2   2   4   2 |     AAG   6   5   6   5   6   6 |     AGG   3   3   3   3   3   3
--------------------------------------------------------------------------------------------------------------------------------------
Val GTT   2   3   3   3   3   3 | Ala GCT   3   3   3   3   3   3 | Asp GAT   9   9   9   9   9   9 | Gly GGT   1   1   1   1   1   1
    GTC   5   4   4   4   4   4 |     GCC   4   4   4   4   4   4 |     GAC   0   0   0   0   0   0 |     GGC   3   3   3   3   3   3
    GTA   0   0   0   0   0   0 |     GCA   3   3   3   3   3   3 | Glu GAA  10  10  10  10  10  10 |     GGA   4   4   3   3   3   4
    GTG   2   2   2   2   2   2 |     GCG   0   0   0   0   0   0 |     GAG   4   4   4   4   4   4 |     GGG   5   5   6   6   6   5
--------------------------------------------------------------------------------------------------------------------------------------

--------------------------------------------------------------------------------------------------------------------------------------
Phe TTT  10  10   9  10  10  10 | Ser TCT   4   4   4   4   4   5 | Tyr TAT   4   4   4   4   4   4 | Cys TGT   2   2   2   2   2   2
    TTC   3   3   4   3   3   3 |     TCC   1   1   1   1   1   0 |     TAC   5   5   5   5   5   5 |     TGC   2   2   2   2   2   2
Leu TTA   1   1   1   2   1   1 |     TCA   3   3   3   3   3   3 | *** TAA   0   0   0   0   0   0 | *** TGA   0   0   0   0   0   0
    TTG   5   5   5   4   7   5 |     TCG   1   1   1   1   1   1 |     TAG   0   0   0   0   0   0 | Trp TGG   2   2   2   2   2   2
--------------------------------------------------------------------------------------------------------------------------------------
Leu CTT   5   6   5   5   5   4 | Pro CCT   4   4   5   4   4   4 | His CAT   3   3   3   3   2   3 | Arg CGT   0   0   0   0   1   0
    CTC   7   5   7   6   4   7 |     CCC   4   4   3   4   4   4 |     CAC   1   1   1   1   2   1 |     CGC   2   2   2   2   2   2
    CTA   2   2   1   1   2   2 |     CCA   4   4   4   4   4   4 | Gln CAA   2   2   2   3   2   2 |     CGA   2   2   2   2   1   2
    CTG   2   3   3   4   3   3 |     CCG   1   1   1   1   1   1 |     CAG   5   5   5   4   5   5 |     CGG   2   2   2   2   2   2
--------------------------------------------------------------------------------------------------------------------------------------
Ile ATT   7   7   7   7   7   7 | Thr ACT   4   4   3   3   4   4 | Asn AAT   7   8   6   7   8   7 | Ser AGT   1   1   1   1   1   1
    ATC   6   6   6   6   6   6 |     ACC   1   1   2   2   2   1 |     AAC   7   6   8   7   6   7 |     AGC   3   3   3   3   3   3
    ATA   2   2   2   2   2   2 |     ACA   7   7   5   7   7   5 | Lys AAA   8   7   6   6   6   6 | Arg AGA   3   3   3   3   3   3
Met ATG   6   6   5   6   6   6 |     ACG   2   2   5   2   1   4 |     AAG   4   5   6   6   6   6 |     AGG   3   3   3   3   3   3
--------------------------------------------------------------------------------------------------------------------------------------
Val GTT   3   3   3   3   3   3 | Ala GCT   3   3   3   3   4   3 | Asp GAT   9   9   9   9   9   9 | Gly GGT   1   1   1   1   1   1
    GTC   4   4   4   4   4   4 |     GCC   4   4   4   4   3   4 |     GAC   0   0   0   0   0   0 |     GGC   3   3   3   3   3   3
    GTA   0   0   0   0   0   0 |     GCA   3   3   3   3   3   3 | Glu GAA  10  10  10   8  10  10 |     GGA   3   4   4   4   4   3
    GTG   2   2   2   2   2   2 |     GCG   0   0   0   0   0   0 |     GAG   4   4   4   6   4   4 |     GGG   6   5   5   5   5   6
--------------------------------------------------------------------------------------------------------------------------------------

--------------------------------------------------------------------------------------------------------------------------------------
Phe TTT  10  10  10  10  10   9 | Ser TCT   4   5   4   4   5   4 | Tyr TAT   4   4   4   4   4   4 | Cys TGT   2   2   2   2   2   2
    TTC   3   3   3   3   3   4 |     TCC   1   0   1   1   0   1 |     TAC   5   5   5   5   5   5 |     TGC   2   2   2   2   2   2
Leu TTA   1   1   1   1   1   2 |     TCA   3   3   3   3   3   3 | *** TAA   0   0   0   0   0   0 | *** TGA   0   0   0   0   0   0
    TTG   5   5   5   5   5   4 |     TCG   1   1   1   1   1   1 |     TAG   0   0   0   0   0   0 | Trp TGG   2   2   2   2   2   2
--------------------------------------------------------------------------------------------------------------------------------------
Leu CTT   4   5   4   5   5   5 | Pro CCT   4   4   4   4   4   6 | His CAT   3   3   3   3   3   3 | Arg CGT   0   0   0   0   0   0
    CTC   7   5   7   6   6   7 |     CCC   4   4   4   4   4   2 |     CAC   1   1   1   1   1   1 |     CGC   2   2   2   2   2   2
    CTA   2   2   2   2   2   1 |     CCA   4   4   4   4   4   4 | Gln CAA   2   2   2   2   2   2 |     CGA   2   2   2   2   3   2
    CTG   3   4   3   3   3   3 |     CCG   1   1   1   1   1   1 |     CAG   5   5   5   5   5   5 |     CGG   2   2   2   2   1   2
--------------------------------------------------------------------------------------------------------------------------------------
Ile ATT   7   7   7   7   6   7 | Thr ACT   4   4   4   4   3   3 | Asn AAT   7   7   7   7   7   6 | Ser AGT   1   1   1   1   1   2
    ATC   6   6   6   6   7   6 |     ACC   1   1   1   1   1   2 |     AAC   7   7   7   7   7   8 |     AGC   3   3   3   3   3   2
    ATA   2   2   2   2   2   2 |     ACA   6   7   7   8   8   5 | Lys AAA   6   6   6   6   7   7 | Arg AGA   3   3   3   3   3   3
Met ATG   6   6   6   6   6   5 |     ACG   3   2   2   1   2   5 |     AAG   6   6   6   6   5   5 |     AGG   3   3   3   3   3   3
--------------------------------------------------------------------------------------------------------------------------------------
Val GTT   3   3   3   3   2   3 | Ala GCT   3   3   3   3   3   3 | Asp GAT   9   9   9   9   9   9 | Gly GGT   1   1   1   1   1   1
    GTC   4   4   4   4   5   4 |     GCC   4   4   4   4   4   4 |     GAC   0   0   0   0   0   0 |     GGC   3   3   3   3   3   3
    GTA   0   0   0   0   0   0 |     GCA   3   3   3   3   3   3 | Glu GAA  10  10  10  10  10   9 |     GGA   3   4   3   3   3   4
    GTG   2   2   2   2   2   2 |     GCG   0   0   0   0   0   0 |     GAG   4   4   4   4   4   5 |     GGG   6   5   6   6   6   5
--------------------------------------------------------------------------------------------------------------------------------------

--------------------------------------------------------------------------------------------------------------------------------------
Phe TTT   9   9   9   8  10  10 | Ser TCT   5   4   4   3   5   4 | Tyr TAT   3   4   4   5   4   4 | Cys TGT   2   2   2   3   2   2
    TTC   4   4   4   5   3   3 |     TCC   0   1   1   2   0   1 |     TAC   6   5   5   4   5   5 |     TGC   2   2   2   1   2   2
Leu TTA   1   1   1   1   1   1 |     TCA   3   3   3   3   3   3 | *** TAA   0   0   0   0   0   0 | *** TGA   0   0   0   0   0   0
    TTG   5   5   5   4   5   5 |     TCG   1   1   1   1   1   1 |     TAG   0   0   0   0   0   0 | Trp TGG   2   2   2   2   2   2
--------------------------------------------------------------------------------------------------------------------------------------
Leu CTT   5   5   5   4   5   6 | Pro CCT   4   4   5   5   4   4 | His CAT   3   3   3   4   3   2 | Arg CGT   0   0   0   1   0   0
    CTC   7   6   7   7   5   4 |     CCC   3   4   3   3   4   4 |     CAC   1   1   1   0   1   2 |     CGC   2   2   2   2   2   2
    CTA   1   2   1   2   2   2 |     CCA   5   4   4   4   4   4 | Gln CAA   2   2   2   4   2   1 |     CGA   2   2   2   1   2   2
    CTG   3   3   3   4   4   4 |     CCG   1   1   1   1   1   1 |     CAG   5   5   5   3   5   6 |     CGG   2   2   2   2   2   2
--------------------------------------------------------------------------------------------------------------------------------------
Ile ATT   6   7   7   7   7   7 | Thr ACT   3   4   3   3   4   3 | Asn AAT   6   7   6   8   7   7 | Ser AGT   2   1   1   1   1   1
    ATC   7   6   6   6   6   6 |     ACC   3   1   2   2   1   1 |     AAC   8   7   8   6   7   7 |     AGC   2   3   3   3   3   3
    ATA   2   2   2   2   2   2 |     ACA   4   7   5   6   7   7 | Lys AAA   6   7   6   6   6   6 | Arg AGA   3   3   3   5   3   3
Met ATG   5   6   5   5   6   6 |     ACG   5   2   5   4   2   3 |     AAG   6   5   6   6   6   6 |     AGG   3   3   3   1   3   3
--------------------------------------------------------------------------------------------------------------------------------------
Val GTT   2   3   3   3   3   3 | Ala GCT   3   3   3   2   3   5 | Asp GAT   9   9   9   9   9   9 | Gly GGT   1   1   1   1   2   1
    GTC   5   4   4   4   4   4 |     GCC   4   4   4   4   4   2 |     GAC   0   0   0   0   0   0 |     GGC   3   3   3   4   2   4
    GTA   0   0   0   1   0   0 |     GCA   3   3   3   4   3   3 | Glu GAA  10  10  10   8  10   9 |     GGA   4   4   5   4   4   3
    GTG   2   2   2   1   2   2 |     GCG   0   0   0   0   0   0 |     GAG   4   4   4   6   4   5 |     GGG   5   5   4   4   5   5
--------------------------------------------------------------------------------------------------------------------------------------

--------------------------------------------------------------------------------------------------------------------------------------
Phe TTT  10  10   9  10  10  10 | Ser TCT   5   4   4   4   4   4 | Tyr TAT   5   4   4   4   4   4 | Cys TGT   2   2   2   3   2   2
    TTC   3   3   4   3   3   3 |     TCC   0   1   1   1   1   1 |     TAC   4   5   5   5   5   5 |     TGC   2   2   2   1   2   2
Leu TTA   1   1   1   1   1   1 |     TCA   3   3   3   4   3   3 | *** TAA   0   0   0   0   0   0 | *** TGA   0   0   0   0   0   0
    TTG   5   5   5   5   5   5 |     TCG   1   1   1   0   1   1 |     TAG   0   0   0   0   0   0 | Trp TGG   2   2   2   2   2   2
--------------------------------------------------------------------------------------------------------------------------------------
Leu CTT   6   5   5   5   6   6 | Pro CCT   4   5   4   4   4   4 | His CAT   3   2   3   3   3   3 | Arg CGT   0   0   0   0   0   0
    CTC   5   6   6   6   5   5 |     CCC   4   3   4   4   4   4 |     CAC   1   2   1   1   1   1 |     CGC   2   2   2   2   2   2
    CTA   2   2   1   2   2   2 |     CCA   4   4   4   4   4   4 | Gln CAA   2   2   2   2   2   2 |     CGA   2   2   2   2   2   2
    CTG   3   3   4   3   3   3 |     CCG   1   1   1   1   1   1 |     CAG   5   5   5   5   5   5 |     CGG   2   2   2   2   2   2
--------------------------------------------------------------------------------------------------------------------------------------
Ile ATT   7   7   6   7   7   7 | Thr ACT   4   2   3   4   4   4 | Asn AAT   7   7   7   7   7   7 | Ser AGT   1   1   1   1   1   1
    ATC   6   6   6   6   6   6 |     ACC   1   1   3   1   1   1 |     AAC   7   7   7   7   7   7 |     AGC   3   3   3   3   3   3
    ATA   2   2   2   2   2   2 |     ACA   7   8   6   8   7   7 | Lys AAA   7   6   6   6   6   6 | Arg AGA   3   3   3   3   3   3
Met ATG   6   6   6   6   6   6 |     ACG   2   3   2   1   2   2 |     AAG   5   6   6   6   6   6 |     AGG   3   3   3   3   3   3
--------------------------------------------------------------------------------------------------------------------------------------
Val GTT   3   3   4   4   3   3 | Ala GCT   3   4   3   4   3   3 | Asp GAT   9   9   9   9   9   9 | Gly GGT   1   1   1   1   1   1
    GTC   4   4   4   3   4   4 |     GCC   4   3   4   3   4   4 |     GAC   0   0   0   0   0   0 |     GGC   3   4   3   3   3   3
    GTA   0   0   0   0   0   0 |     GCA   3   2   3   3   3   3 | Glu GAA  10  10  10  10   9  10 |     GGA   3   3   3   4   4   4
    GTG   2   2   2   2   2   2 |     GCG   0   1   0   0   0   0 |     GAG   4   4   4   4   5   4 |     GGG   6   5   6   5   5   5
--------------------------------------------------------------------------------------------------------------------------------------

Codon position x base (3x4) table for each sequence.

#1: Argali         
position  1:    T:0.20000    C:0.21860    A:0.32558    G:0.25581
position  2:    T:0.30233    C:0.21395    A:0.32093    G:0.16279
position  3:    T:0.30698    C:0.24186    A:0.22791    G:0.22326
Average         T:0.26977    C:0.22481    A:0.29147    G:0.21395

#2: LesserMouseDeer
position  1:    T:0.19535    C:0.21860    A:0.32093    G:0.26512
position  2:    T:0.30233    C:0.21395    A:0.32093    G:0.16279
position  3:    T:0.24186    C:0.31163    A:0.19535    G:0.25116
Average         T:0.24651    C:0.24806    A:0.27907    G:0.22636

#3: LesserKudu     
position  1:    T:0.20000    C:0.21860    A:0.32558    G:0.25581
position  2:    T:0.30233    C:0.21395    A:0.32093    G:0.16279
position  3:    T:0.32093    C:0.22791    A:0.22791    G:0.22326
Average         T:0.27442    C:0.22016    A:0.29147    G:0.21395

#4: ForestMuskDeer2
position  1:    T:0.20000    C:0.21395    A:0.33023    G:0.25581
position  2:    T:0.30233    C:0.21395    A:0.32093    G:0.16279
position  3:    T:0.32558    C:0.22791    A:0.23256    G:0.21395
Average         T:0.27597    C:0.21860    A:0.29457    G:0.21085

#5: Camel          
position  1:    T:0.20465    C:0.20465    A:0.33023    G:0.26047
position  2:    T:0.29767    C:0.21860    A:0.32093    G:0.16279
position  3:    T:0.31628    C:0.22791    A:0.20930    G:0.24651
Average         T:0.27287    C:0.21705    A:0.28682    G:0.22326

#6: KillerWhale    
position  1:    T:0.20465    C:0.20465    A:0.33488    G:0.25581
position  2:    T:0.29767    C:0.21860    A:0.32093    G:0.16279
position  3:    T:0.32558    C:0.22326    A:0.24186    G:0.20930
Average         T:0.27597    C:0.21550    A:0.29922    G:0.20930

#7: DefassaWaterbuck
position  1:    T:0.20000    C:0.21395    A:0.33023    G:0.25581
position  2:    T:0.30233    C:0.21395    A:0.32093    G:0.16279
position  3:    T:0.31163    C:0.24186    A:0.22791    G:0.21860
Average         T:0.27132    C:0.22326    A:0.29302    G:0.21240

#8: Sheep          
position  1:    T:0.20000    C:0.21860    A:0.32558    G:0.25581
position  2:    T:0.30233    C:0.21395    A:0.32093    G:0.16279
position  3:    T:0.30698    C:0.24186    A:0.22791    G:0.22326
Average         T:0.26977    C:0.22481    A:0.29147    G:0.21395

#9: MaxwellsDuiker 
position  1:    T:0.20000    C:0.21395    A:0.33023    G:0.25581
position  2:    T:0.30233    C:0.21395    A:0.32093    G:0.16279
position  3:    T:0.30698    C:0.24651    A:0.21395    G:0.23256
Average         T:0.26977    C:0.22481    A:0.28837    G:0.21705

#10: GazellaPrzewalskyi
position  1:    T:0.20000    C:0.21395    A:0.32558    G:0.26047
position  2:    T:0.30233    C:0.21395    A:0.32093    G:0.16279
position  3:    T:0.31628    C:0.24186    A:0.22326    G:0.21860
Average         T:0.27287    C:0.22326    A:0.28992    G:0.21395

#11: MountainNyala  
position  1:    T:0.20000    C:0.21395    A:0.32558    G:0.26047
position  2:    T:0.30233    C:0.21395    A:0.32093    G:0.16279
position  3:    T:0.30233    C:0.25116    A:0.22326    G:0.22326
Average         T:0.26822    C:0.22636    A:0.28992    G:0.21550

#12: MuntiacusMuntjak
position  1:    T:0.20000    C:0.21395    A:0.33023    G:0.25581
position  2:    T:0.29767    C:0.21860    A:0.32093    G:0.16279
position  3:    T:0.30233    C:0.25581    A:0.21860    G:0.22326
Average         T:0.26667    C:0.22946    A:0.28992    G:0.21395

#13: goat           
position  1:    T:0.20000    C:0.21395    A:0.33023    G:0.25581
position  2:    T:0.30233    C:0.21395    A:0.32093    G:0.16279
position  3:    T:0.30698    C:0.24651    A:0.22326    G:0.22326
Average         T:0.26977    C:0.22481    A:0.29147    G:0.21395

#14: AfricanBuffalo 
position  1:    T:0.20000    C:0.21395    A:0.33023    G:0.25581
position  2:    T:0.30233    C:0.21395    A:0.32093    G:0.16279
position  3:    T:0.31163    C:0.23721    A:0.22791    G:0.22326
Average         T:0.27132    C:0.22171    A:0.29302    G:0.21395

#15: Topi           
position  1:    T:0.20000    C:0.21395    A:0.33023    G:0.25581
position  2:    T:0.30233    C:0.21395    A:0.32093    G:0.16279
position  3:    T:0.31163    C:0.24186    A:0.21860    G:0.22791
Average         T:0.27132    C:0.22326    A:0.28992    G:0.21550

#16: CommonDuiker   
position  1:    T:0.20000    C:0.21395    A:0.33023    G:0.25581
position  2:    T:0.30233    C:0.21395    A:0.32093    G:0.16279
position  3:    T:0.29767    C:0.25581    A:0.22326    G:0.22326
Average         T:0.26667    C:0.22791    A:0.29147    G:0.21395

#17: Suni           
position  1:    T:0.20000    C:0.21395    A:0.33023    G:0.25581
position  2:    T:0.30233    C:0.21395    A:0.32093    G:0.16279
position  3:    T:0.31628    C:0.23256    A:0.23721    G:0.21395
Average         T:0.27287    C:0.22016    A:0.29612    G:0.21085

#18: Springbuck     
position  1:    T:0.20000    C:0.21395    A:0.33023    G:0.25581
position  2:    T:0.30233    C:0.21395    A:0.32093    G:0.16279
position  3:    T:0.30698    C:0.24651    A:0.22791    G:0.21860
Average         T:0.26977    C:0.22481    A:0.29302    G:0.21240

#19: Okapi          
position  1:    T:0.20000    C:0.21395    A:0.33023    G:0.25581
position  2:    T:0.30233    C:0.21395    A:0.32093    G:0.16279
position  3:    T:0.29767    C:0.25581    A:0.23256    G:0.21395
Average         T:0.26667    C:0.22791    A:0.29457    G:0.21085

#20: Giraffe        
position  1:    T:0.20000    C:0.21395    A:0.33023    G:0.25581
position  2:    T:0.30233    C:0.21395    A:0.32093    G:0.16279
position  3:    T:0.31163    C:0.23721    A:0.22791    G:0.22326
Average         T:0.27132    C:0.22171    A:0.29302    G:0.21395

#21: TibetanAntelope
position  1:    T:0.20000    C:0.21395    A:0.33023    G:0.25581
position  2:    T:0.30233    C:0.21395    A:0.32093    G:0.16279
position  3:    T:0.30698    C:0.24651    A:0.22791    G:0.21860
Average         T:0.26977    C:0.22481    A:0.29302    G:0.21240

#22: Sitatunga      
position  1:    T:0.20000    C:0.21395    A:0.33023    G:0.25581
position  2:    T:0.30233    C:0.21395    A:0.32093    G:0.16279
position  3:    T:0.31628    C:0.23721    A:0.23256    G:0.21395
Average         T:0.27287    C:0.22171    A:0.29457    G:0.21085

#23: Oribi          
position  1:    T:0.20000    C:0.21395    A:0.33023    G:0.25581
position  2:    T:0.30233    C:0.21395    A:0.32093    G:0.16279
position  3:    T:0.31163    C:0.23721    A:0.23721    G:0.21395
Average         T:0.27132    C:0.22171    A:0.29612    G:0.21085

#24: BarbarySheep   
position  1:    T:0.20000    C:0.21395    A:0.33023    G:0.25581
position  2:    T:0.30233    C:0.21395    A:0.32093    G:0.16279
position  3:    T:0.31163    C:0.24186    A:0.21860    G:0.22791
Average         T:0.27132    C:0.22326    A:0.28992    G:0.21550

#25: Daviddeer      
position  1:    T:0.20000    C:0.21395    A:0.33023    G:0.25581
position  2:    T:0.29767    C:0.21860    A:0.32093    G:0.16279
position  3:    T:0.29302    C:0.26512    A:0.21395    G:0.22791
Average         T:0.26357    C:0.23256    A:0.28837    G:0.21550

#26: Reindeer       
position  1:    T:0.20000    C:0.21395    A:0.33023    G:0.25581
position  2:    T:0.29767    C:0.21860    A:0.32093    G:0.16279
position  3:    T:0.30233    C:0.25581    A:0.22326    G:0.21860
Average         T:0.26667    C:0.22946    A:0.29147    G:0.21240

#27: Ibex           
position  1:    T:0.20000    C:0.21395    A:0.33023    G:0.25581
position  2:    T:0.30233    C:0.21395    A:0.32093    G:0.16279
position  3:    T:0.30698    C:0.24651    A:0.22326    G:0.22326
Average         T:0.26977    C:0.22481    A:0.29147    G:0.21395

#28: GyrantGazelle  
position  1:    T:0.20000    C:0.21395    A:0.33023    G:0.25581
position  2:    T:0.30233    C:0.21395    A:0.32093    G:0.16279
position  3:    T:0.31163    C:0.24186    A:0.22791    G:0.21860
Average         T:0.27132    C:0.22326    A:0.29302    G:0.21240

#29: Hartebeest     
position  1:    T:0.20000    C:0.21395    A:0.33023    G:0.25581
position  2:    T:0.30233    C:0.21395    A:0.32093    G:0.16279
position  3:    T:0.31163    C:0.24186    A:0.21395    G:0.23256
Average         T:0.27132    C:0.22326    A:0.28837    G:0.21705

#30: Bongo          
position  1:    T:0.20000    C:0.21395    A:0.33023    G:0.25581
position  2:    T:0.30233    C:0.21395    A:0.32093    G:0.16279
position  3:    T:0.31628    C:0.23721    A:0.22791    G:0.21860
Average         T:0.27287    C:0.22171    A:0.29302    G:0.21240

#31: Gerenuk        
position  1:    T:0.20000    C:0.21395    A:0.33023    G:0.25581
position  2:    T:0.30233    C:0.21395    A:0.32093    G:0.16279
position  3:    T:0.31163    C:0.24651    A:0.23256    G:0.20930
Average         T:0.27132    C:0.22481    A:0.29457    G:0.20930

#32: CommonEland    
position  1:    T:0.20000    C:0.21395    A:0.33023    G:0.25581
position  2:    T:0.30233    C:0.21395    A:0.32093    G:0.16279
position  3:    T:0.32093    C:0.23256    A:0.23256    G:0.21395
Average         T:0.27442    C:0.22016    A:0.29457    G:0.21085

#33: MuntiacusReevesi
position  1:    T:0.20000    C:0.21395    A:0.33023    G:0.25581
position  2:    T:0.29767    C:0.21860    A:0.32093    G:0.16279
position  3:    T:0.30233    C:0.25581    A:0.21395    G:0.22791
Average         T:0.26667    C:0.22946    A:0.28837    G:0.21550

#34: HarveysDuiker  
position  1:    T:0.20000    C:0.21395    A:0.33023    G:0.25581
position  2:    T:0.30233    C:0.21395    A:0.32093    G:0.16279
position  3:    T:0.30698    C:0.24651    A:0.22326    G:0.22326
Average         T:0.26977    C:0.22481    A:0.29147    G:0.21395

#35: Pronghorn      
position  1:    T:0.20930    C:0.20465    A:0.33023    G:0.25581
position  2:    T:0.30233    C:0.21395    A:0.32093    G:0.16279
position  3:    T:0.32093    C:0.23256    A:0.22326    G:0.22326
Average         T:0.27752    C:0.21705    A:0.29147    G:0.21395

#36: BlueWildebeest 
position  1:    T:0.20000    C:0.21395    A:0.33023    G:0.25581
position  2:    T:0.30233    C:0.21395    A:0.32093    G:0.16279
position  3:    T:0.31163    C:0.24186    A:0.21395    G:0.23256
Average         T:0.27132    C:0.22326    A:0.28837    G:0.21705

#37: Gemsbok        
position  1:    T:0.20000    C:0.21395    A:0.33023    G:0.25581
position  2:    T:0.30233    C:0.21395    A:0.32093    G:0.16279
position  3:    T:0.30698    C:0.24651    A:0.21860    G:0.22791
Average         T:0.26977    C:0.22481    A:0.28992    G:0.21550

#38: Yak            
position  1:    T:0.20000    C:0.21395    A:0.33023    G:0.25581
position  2:    T:0.30233    C:0.21395    A:0.32093    G:0.16279
position  3:    T:0.31628    C:0.23256    A:0.22791    G:0.22326
Average         T:0.27287    C:0.22016    A:0.29302    G:0.21395

#39: BlueSheep      
position  1:    T:0.20000    C:0.21395    A:0.33023    G:0.25581
position  2:    T:0.30233    C:0.21395    A:0.32093    G:0.16279
position  3:    T:0.30698    C:0.24651    A:0.22326    G:0.22326
Average         T:0.26977    C:0.22481    A:0.29147    G:0.21395

#40: BohorReedbuck  
position  1:    T:0.20000    C:0.21395    A:0.33023    G:0.25581
position  2:    T:0.30233    C:0.21395    A:0.32093    G:0.16279
position  3:    T:0.31163    C:0.24186    A:0.22791    G:0.21860
Average         T:0.27132    C:0.22326    A:0.29302    G:0.21240

#41: KirksDik       
position  1:    T:0.20000    C:0.21395    A:0.33023    G:0.25581
position  2:    T:0.30233    C:0.21395    A:0.32093    G:0.16279
position  3:    T:0.30233    C:0.24651    A:0.23721    G:0.21395
Average         T:0.26822    C:0.22481    A:0.29612    G:0.21085

#42: RoeDeer        
position  1:    T:0.20000    C:0.21395    A:0.33023    G:0.25581
position  2:    T:0.29767    C:0.21860    A:0.32093    G:0.16279
position  3:    T:0.31163    C:0.24651    A:0.21860    G:0.22326
Average         T:0.26977    C:0.22636    A:0.28992    G:0.21395

#43: WhiteLippedDeer
position  1:    T:0.20000    C:0.21395    A:0.33023    G:0.25581
position  2:    T:0.29767    C:0.21860    A:0.32093    G:0.16279
position  3:    T:0.29302    C:0.26512    A:0.21395    G:0.22791
Average         T:0.26357    C:0.23256    A:0.28837    G:0.21550

#44: ThomsonGazelle 
position  1:    T:0.20000    C:0.21395    A:0.33023    G:0.25581
position  2:    T:0.30233    C:0.21395    A:0.32093    G:0.16279
position  3:    T:0.30698    C:0.24651    A:0.23256    G:0.21395
Average         T:0.26977    C:0.22481    A:0.29457    G:0.21085

#45: MuntiacusCrinifrons
position  1:    T:0.20000    C:0.21395    A:0.33023    G:0.25581
position  2:    T:0.29767    C:0.21860    A:0.32093    G:0.16279
position  3:    T:0.30233    C:0.25581    A:0.21860    G:0.22326
Average         T:0.26667    C:0.22946    A:0.28992    G:0.21395

#46: WhiteTailedDeer
position  1:    T:0.19535    C:0.21860    A:0.33023    G:0.25581
position  2:    T:0.29767    C:0.21860    A:0.32093    G:0.16279
position  3:    T:0.31163    C:0.24651    A:0.23721    G:0.20465
Average         T:0.26822    C:0.22791    A:0.29612    G:0.20775

#47: Cattle         
position  1:    T:0.20000    C:0.21395    A:0.33023    G:0.25581
position  2:    T:0.30233    C:0.21395    A:0.32093    G:0.16279
position  3:    T:0.32093    C:0.22791    A:0.22791    G:0.22326
Average         T:0.27442    C:0.21860    A:0.29302    G:0.21395

#48: RoyalAntelope  
position  1:    T:0.20000    C:0.21395    A:0.33023    G:0.25581
position  2:    T:0.30233    C:0.21395    A:0.32093    G:0.16279
position  3:    T:0.31628    C:0.23256    A:0.21395    G:0.23721
Average         T:0.27287    C:0.22016    A:0.28837    G:0.21860

#49: Steenbok       
position  1:    T:0.20000    C:0.21395    A:0.33023    G:0.25581
position  2:    T:0.30233    C:0.21395    A:0.32093    G:0.16279
position  3:    T:0.32558    C:0.22791    A:0.22791    G:0.21860
Average         T:0.27597    C:0.21860    A:0.29302    G:0.21240

#50: Impala         
position  1:    T:0.20000    C:0.21395    A:0.33023    G:0.25581
position  2:    T:0.30233    C:0.21395    A:0.32093    G:0.16279
position  3:    T:0.30698    C:0.24186    A:0.22326    G:0.22791
Average         T:0.26977    C:0.22326    A:0.29147    G:0.21550

#51: Klipspringer   
position  1:    T:0.20000    C:0.21395    A:0.32558    G:0.26047
position  2:    T:0.30233    C:0.21395    A:0.32093    G:0.16279
