1
52 1
Argali 0.000000 0.262700 0.087900 0.205900 0.046200 0.014900 0.062700 0.092200 0.107300 0.156100 0.045900 0.080000 0.030900 0.031400 0.088200 0.089700 0.103000 0.144000 0.038900 0.100100 0.080700 0.038600 0.129000 0.166600 0.060900 0.071700 0.038600 0.081500 0.088900 0.089300 0.163500 0.070400 0.187000 0.023200 0.100200 0.072000 0.045900 0.031400 0.098500 0.194700 0.137500 0.062000 0.138500 0.194200 0.063300 0.056600 0.098300 0.088800 0.047800 0.088600 0.090600 0.080500
LesserMous 0.262700 0.000000 0.253300 0.249400 0.217800 0.262700 0.252500 0.254600 0.301600 0.298600 0.240200 0.275700 0.274900 0.246500 0.273400 0.258800 0.210300 0.226700 0.266700 0.295500 0.257400 0.255600 0.289800 0.368900 0.247300 0.236200 0.283500 0.270000 0.257400 0.277700 0.325800 0.230700 0.265400 0.265600 0.343800 0.237500 0.240200 0.237000 0.280400 0.366200 0.277800 0.247200 0.299100 0.401800 0.225600 0.271600 0.269900 0.273500 0.257200 0.256500 0.282300 0.277300
LesserKudu 0.087900 0.253300 0.000000 0.215800 0.089700 0.087900 0.104300 0.120100 0.048100 0.147400 0.103700 0.089100 0.096900 0.072300 0.114700 0.116800 0.128600 0.153000 0.097500 0.040500 0.107400 0.097400 0.120300 0.157700 0.119200 0.097800 0.104800 0.023800 0.115800 0.031500 0.154800 0.095500 0.177800 0.088800 0.166100 0.064300 0.103700 0.072800 0.126000 0.166300 0.128800 0.089800 0.129800 0.185200 0.055600 0.082200 0.125700 0.115000 0.089800 0.115100 0.032000 0.039400
KillerWhal 0.205900 0.249400 0.215800 0.000000 0.171800 0.205800 0.214900 0.238300 0.241500 0.237900 0.222700 0.198600 0.216900 0.189800 0.247600 0.252300 0.175100 0.200400 0.189600 0.235000 0.251000 0.208800 0.229300 0.261300 0.229900 0.238500 0.225400 0.211600 0.260400 0.219400 0.255000 0.213200 0.247900 0.208000 0.280000 0.199800 0.222700 0.171600 0.274000 0.280000 0.238300 0.229900 0.228900 0.291700 0.188700 0.212800 0.252000 0.248500 0.210400 0.218900 0.223000 0.219100
DefassaWat 0.046200 0.217800 0.089700 0.171800 0.000000 0.047500 0.063900 0.094300 0.109700 0.159700 0.047100 0.098900 0.056100 0.032100 0.064700 0.082900 0.105300 0.147000 0.056400 0.102300 0.082400 0.054700 0.132000 0.170500 0.062600 0.056600 0.064000 0.083300 0.090800 0.091200 0.167300 0.071800 0.191100 0.046800 0.112100 0.055300 0.047100 0.015900 0.100600 0.189100 0.122200 0.064200 0.141700 0.198700 0.047900 0.049400 0.100400 0.082100 0.048800 0.090500 0.092600 0.082200
Sheep 0.014900 0.262700 0.087900 0.205800 0.047500 0.000000 0.062600 0.092200 0.107300 0.156100 0.045900 0.096800 0.038700 0.031400 0.088200 0.089700 0.119900 0.144000 0.037900 0.100100 0.080700 0.038100 0.129000 0.166600 0.059500 0.069800 0.046400 0.081500 0.088900 0.089200 0.163500 0.070400 0.187000 0.030900 0.100200 0.072000 0.045600 0.031300 0.098500 0.194700 0.137500 0.063800 0.138500 0.194200 0.063300 0.056600 0.098300 0.088800 0.047800 0.088600 0.090600 0.080500
MaxwellsDu 0.062700 0.252500 0.104300 0.214900 0.063900 0.062600 0.000000 0.110000 0.124300 0.156200 0.078200 0.114000 0.071300 0.047100 0.105200 0.107000 0.128200 0.152400 0.071700 0.117200 0.097800 0.055200 0.129100 0.166600 0.061300 0.088500 0.079100 0.098200 0.106000 0.105900 0.163600 0.053500 0.177100 0.063300 0.127500 0.088800 0.078200 0.047600 0.116000 0.194800 0.137600 0.080500 0.138600 0.194200 0.079800 0.073100 0.115800 0.105400 0.064000 0.088100 0.107500 0.096900
GazellaPrz 0.092200 0.254600 0.120100 0.238300 0.094300 0.092200 0.110000 0.000000 0.142300 0.186000 0.108800 0.130100 0.101700 0.076400 0.102200 0.050700 0.173100 0.199300 0.084500 0.134900 0.041800 0.093100 0.167300 0.187700 0.124900 0.050000 0.110100 0.114000 0.050200 0.122200 0.193600 0.118300 0.208300 0.092600 0.155200 0.103100 0.108800 0.076500 0.059600 0.239500 0.176500 0.040700 0.167100 0.217500 0.093400 0.105200 0.059400 0.093900 0.076900 0.120900 0.124200 0.112500
MountainNy 0.107300 0.301600 0.048100 0.241500 0.109700 0.107300 0.124300 0.142300 0.000000 0.151200 0.123700 0.109000 0.116800 0.091400 0.135700 0.138100 0.149600 0.174800 0.117600 0.024700 0.128100 0.117500 0.123500 0.162000 0.139500 0.118000 0.125000 0.023900 0.136800 0.032300 0.158800 0.132400 0.182300 0.108400 0.190400 0.083100 0.123700 0.092000 0.147800 0.151300 0.132200 0.109700 0.133200 0.190200 0.073900 0.102100 0.129200 0.136000 0.109800 0.136100 0.016300 0.039700
MuntiacusM 0.156100 0.298600 0.147400 0.237900 0.159700 0.156100 0.156200 0.186000 0.151200 0.000000 0.164300 0.158600 0.166800 0.139700 0.187400 0.191000 0.145600 0.171100 0.158100 0.143900 0.179900 0.158500 0.043300 0.126400 0.171800 0.168400 0.175400 0.122800 0.168300 0.131000 0.042100 0.164500 0.227200 0.157900 0.217200 0.130900 0.164300 0.140700 0.181800 0.145600 0.051700 0.159800 0.016600 0.154500 0.120700 0.171600 0.190700 0.187900 0.159800 0.168300 0.133100 0.139800
goat 0.045900 0.240200 0.103700 0.222700 0.047100 0.045900 0.078200 0.108800 0.123700 0.164300 0.000000 0.112800 0.054100 0.047100 0.087400 0.105800 0.102100 0.142600 0.054400 0.116600 0.096700 0.038500 0.146000 0.183700 0.014800 0.071100 0.061700 0.097700 0.096700 0.088500 0.180500 0.069700 0.184900 0.046300 0.116700 0.071400 0.000000 0.047100 0.114700 0.212000 0.136200 0.079700 0.155500 0.211400 0.062700 0.072700 0.114500 0.104800 0.063600 0.104500 0.106900 0.096400
AfricanBuf 0.080000 0.275700 0.089100 0.198600 0.098900 0.096800 0.114000 0.130100 0.109000 0.158600 0.112800 0.000000 0.097800 0.081700 0.124300 0.126500 0.121400 0.163500 0.106200 0.101600 0.116700 0.107600 0.131000 0.189300 0.128300 0.106900 0.105700 0.082800 0.125200 0.090600 0.166100 0.121900 0.208600 0.089500 0.177000 0.073100 0.112800 0.081700 0.135800 0.197800 0.139700 0.098800 0.140700 0.217700 0.064200 0.109500 0.135500 0.125300 0.099500 0.107200 0.092000 0.098900
Topi 0.030900 0.274900 0.096900 0.216900 0.056100 0.038700 0.071300 0.101700 0.116800 0.166800 0.054100 0.097800 0.000000 0.039700 0.097300 0.098900 0.121100 0.153800 0.047200 0.109600 0.089800 0.047100 0.139300 0.168200 0.069200 0.080600 0.007400 0.090600 0.098100 0.098400 0.165100 0.079100 0.197800 0.007600 0.109800 0.080900 0.054100 0.039700 0.107900 0.206000 0.147900 0.072200 0.148900 0.196000 0.072000 0.065500 0.107700 0.098000 0.056400 0.097700 0.099900 0.089500
CommonDuik 0.031400 0.246500 0.072300 0.189800 0.032100 0.031400 0.047100 0.076400 0.091400 0.139700 0.047100 0.081700 0.039700 0.000000 0.073000 0.074300 0.104600 0.128800 0.039900 0.083900 0.065400 0.039900 0.112600 0.150100 0.062500 0.056500 0.047600 0.065600 0.073600 0.073500 0.147300 0.054800 0.171000 0.031800 0.085100 0.056700 0.047100 0.015900 0.083100 0.178200 0.121200 0.048500 0.122000 0.177700 0.048100 0.040800 0.082900 0.073200 0.032100 0.073400 0.074600 0.064800
Suni 0.088200 0.273400 0.114700 0.247600 0.064700 0.088200 0.105200 0.102200 0.135700 0.187400 0.087400 0.124300 0.097300 0.073000 0.000000 0.082200 0.147700 0.190400 0.097800 0.128500 0.090200 0.097700 0.159200 0.198600 0.102800 0.072900 0.105200 0.108800 0.097500 0.116600 0.194800 0.113100 0.237900 0.089100 0.138100 0.081500 0.087400 0.063900 0.108400 0.207500 0.149100 0.081600 0.169200 0.227200 0.072500 0.083000 0.090900 0.080900 0.081700 0.133200 0.118400 0.107300
Springbuck 0.089700 0.258800 0.116800 0.252300 0.082900 0.089700 0.107000 0.050700 0.138100 0.191000 0.105800 0.126500 0.098900 0.074300 0.082200 0.000000 0.168300 0.193800 0.099500 0.130900 0.040700 0.090500 0.162200 0.202200 0.121600 0.048800 0.107100 0.110800 0.048800 0.118700 0.198400 0.115100 0.242300 0.090700 0.131700 0.100200 0.105800 0.065800 0.057900 0.211500 0.171100 0.040600 0.172400 0.231500 0.090800 0.084500 0.057800 0.057200 0.074700 0.117500 0.120600 0.109300
Okapi 0.103000 0.210300 0.128600 0.175100 0.105300 0.119900 0.128200 0.173100 0.149600 0.145600 0.102100 0.121400 0.121100 0.104600 0.147700 0.168300 0.000000 0.084400 0.121600 0.142700 0.158200 0.121500 0.136400 0.193600 0.109300 0.130500 0.129000 0.123000 0.158200 0.130700 0.170900 0.110300 0.148100 0.112900 0.201600 0.096400 0.102100 0.105200 0.178000 0.201800 0.126900 0.139800 0.146000 0.221600 0.087400 0.132800 0.168600 0.165800 0.122500 0.130400 0.132600 0.139100
Giraffe 0.144000 0.226700 0.153000 0.200400 0.147000 0.144000 0.152400 0.199300 0.174800 0.171100 0.142600 0.163500 0.153800 0.128800 0.190400 0.193800 0.084400 0.000000 0.146000 0.168100 0.165300 0.146000 0.153000 0.219200 0.149600 0.172800 0.161800 0.147800 0.183400 0.155400 0.196200 0.134100 0.164400 0.145600 0.228300 0.137700 0.142600 0.129600 0.203600 0.208300 0.161400 0.164700 0.171500 0.247300 0.128100 0.157800 0.194100 0.190900 0.129700 0.155000 0.157700 0.163700
TibetanAnt 0.038900 0.266700 0.097500 0.189600 0.056400 0.037900 0.071700 0.084500 0.117600 0.158100 0.054400 0.106200 0.047200 0.039900 0.097800 0.099500 0.121600 0.146000 0.000000 0.110300 0.090300 0.046400 0.140200 0.178700 0.069600 0.080700 0.055000 0.091200 0.098600 0.099100 0.175300 0.071300 0.180000 0.039300 0.110500 0.081300 0.054400 0.040000 0.108600 0.207400 0.148800 0.073000 0.149900 0.206900 0.072400 0.065900 0.090900 0.098600 0.056700 0.098300 0.100600 0.090000
Sitatunga 0.100100 0.295500 0.040500 0.235000 0.102300 0.100100 0.117200 0.134900 0.024700 0.143900 0.116600 0.101600 0.109600 0.083900 0.128500 0.130900 0.142700 0.168100 0.110300 0.000000 0.120800 0.110200 0.116000 0.154800 0.132600 0.110700 0.117900 0.016100 0.129600 0.024100 0.151700 0.125400 0.175400 0.101100 0.183400 0.075600 0.116600 0.084600 0.140600 0.144000 0.124800 0.102300 0.125700 0.183300 0.066300 0.094600 0.140300 0.128900 0.102400 0.128900 0.008200 0.032100
Oribi 0.080700 0.257400 0.107400 0.251000 0.082400 0.080700 0.097800 0.041800 0.128100 0.179900 0.096700 0.116700 0.089800 0.065400 0.090200 0.040700 0.158200 0.165300 0.090300 0.120800 0.000000 0.081500 0.151600 0.190700 0.112400 0.040100 0.097800 0.101200 0.040300 0.109100 0.167800 0.105800 0.230800 0.081600 0.140200 0.090900 0.096700 0.065100 0.048900 0.220200 0.160300 0.032100 0.161500 0.219600 0.081700 0.092700 0.049000 0.082100 0.065700 0.108000 0.110800 0.099800
BarbaryShe 0.038600 0.255600 0.097400 0.208800 0.054700 0.038100 0.055200 0.093100 0.117500 0.158500 0.038500 0.107600 0.047100 0.039900 0.097700 0.090500 0.121500 0.146000 0.046400 0.110200 0.081500 0.000000 0.130900 0.169100 0.037400 0.072400 0.054200 0.091100 0.089700 0.098900 0.166000 0.079400 0.189700 0.038800 0.110300 0.081200 0.038500 0.039900 0.099400 0.197600 0.139600 0.064400 0.140600 0.197100 0.072300 0.065800 0.099200 0.098500 0.056700 0.089800 0.100500 0.089900
Daviddeer 0.129000 0.289800 0.120300 0.229300 0.132000 0.129000 0.129100 0.167300 0.123500 0.043300 0.146000 0.131000 0.139300 0.112600 0.159200 0.162200 0.136400 0.153000 0.140200 0.116000 0.151600 0.130900 0.000000 0.108300 0.153500 0.140600 0.147800 0.095700 0.160600 0.103900 0.051600 0.155200 0.228800 0.130500 0.187100 0.103900 0.146000 0.113400 0.153100 0.117300 0.008500 0.132000 0.026000 0.136200 0.094000 0.143300 0.172100 0.159600 0.132000 0.140500 0.105700 0.112700
Reindeer 0.166600 0.368900 0.157700 0.261300 0.170500 0.166600 0.166600 0.187700 0.162000 0.126400 0.183700 0.189300 0.168200 0.150100 0.198600 0.202200 0.193600 0.219200 0.178700 0.154800 0.190700 0.169100 0.108300 0.000000 0.191100 0.179000 0.176700 0.133200 0.200100 0.141300 0.115200 0.193300 0.250000 0.168500 0.262200 0.160600 0.183700 0.151200 0.192900 0.117800 0.117300 0.170300 0.108200 0.025200 0.149600 0.162800 0.212400 0.199100 0.170500 0.179200 0.143700 0.131200
Ibex 0.060900 0.247300 0.119200 0.229900 0.062600 0.059500 0.061300 0.124900 0.139500 0.171800 0.014800 0.128300 0.069200 0.062500 0.102800 0.121600 0.109300 0.149600 0.069600 0.132600 0.112400 0.037400 0.153500 0.191100 0.000000 0.086600 0.076900 0.113400 0.112300 0.104100 0.187800 0.068800 0.173700 0.061500 0.132700 0.086800 0.014600 0.062500 0.130600 0.219300 0.143800 0.095200 0.163100 0.218700 0.078000 0.088500 0.130300 0.120400 0.079200 0.111800 0.122800 0.112000
GyrantGaze 0.071700 0.236200 0.097800 0.238500 0.056600 0.069800 0.088500 0.050000 0.118000 0.168400 0.071100 0.106900 0.080600 0.056500 0.072900 0.048800 0.130500 0.172800 0.080700 0.110700 0.040100 0.072400 0.140600 0.179000 0.086600 0.000000 0.088500 0.091500 0.047400 0.099400 0.175900 0.096400 0.218800 0.072500 0.148300 0.064800 0.071100 0.056500 0.057100 0.208000 0.130700 0.007800 0.150400 0.207400 0.054800 0.083200 0.057000 0.081600 0.073700 0.098400 0.100900 0.090300
Hartebeest 0.038600 0.283500 0.104800 0.225400 0.064000 0.046400 0.079100 0.110100 0.125000 0.175400 0.061700 0.105700 0.007400 0.047600 0.105200 0.107100 0.129000 0.161800 0.055000 0.117900 0.097800 0.054200 0.147800 0.176700 0.076900 0.088500 0.000000 0.098700 0.106100 0.106500 0.173600 0.086900 0.206200 0.015300 0.118100 0.088900 0.061700 0.047600 0.116100 0.214600 0.156400 0.080600 0.157500 0.204600 0.079800 0.073600 0.115800 0.106100 0.064400 0.105700 0.108100 0.097500
Bongo 0.081500 0.270000 0.023800 0.211600 0.083300 0.081500 0.098200 0.114000 0.023900 0.122800 0.097700 0.082800 0.090600 0.065600 0.108800 0.110800 0.123000 0.147800 0.091200 0.016100 0.101200 0.091100 0.095700 0.133200 0.113400 0.091500 0.098700 0.000000 0.109700 0.007900 0.130600 0.106200 0.172900 0.082300 0.160900 0.057400 0.097700 0.066100 0.120100 0.141900 0.104400 0.083300 0.105100 0.160800 0.048600 0.075600 0.119800 0.109100 0.083300 0.109100 0.008000 0.015800
Gerenuk 0.088900 0.257400 0.115800 0.260400 0.090800 0.088900 0.106000 0.050200 0.136800 0.168300 0.096700 0.125200 0.098100 0.073600 0.097500 0.048800 0.158200 0.183400 0.098600 0.129600 0.040300 0.089700 0.160600 0.200100 0.112300 0.047400 0.106100 0.109700 0.000000 0.117600 0.196500 0.105700 0.230700 0.089800 0.149100 0.099300 0.096700 0.073700 0.040500 0.229700 0.169400 0.039300 0.170700 0.229000 0.089900 0.101300 0.057200 0.090400 0.074000 0.117000 0.119500 0.108300
CommonElan 0.089300 0.277700 0.031500 0.219400 0.091200 0.089200 0.105900 0.122200 0.032300 0.131000 0.088500 0.090600 0.098400 0.073500 0.116600 0.118700 0.130700 0.155400 0.099100 0.024100 0.109100 0.098900 0.103900 0.141300 0.104100 0.099400 0.106500 0.007900 0.117600 0.000000 0.138600 0.113900 0.180700 0.090200 0.169000 0.065300 0.088500 0.074000 0.128100 0.150000 0.112500 0.091200 0.113300 0.168900 0.056500 0.083600 0.127800 0.116900 0.091200 0.117000 0.016100 0.023800
MuntiacusR 0.163500 0.325800 0.154800 0.255000 0.167300 0.163500 0.163600 0.193600 0.158800 0.042100 0.180500 0.166100 0.165100 0.147300 0.194800 0.198400 0.170900 0.196200 0.175300 0.151700 0.167800 0.166000 0.051600 0.115200 0.187800 0.175900 0.173600 0.130600 0.196500 0.138600 0.000000 0.189900 0.254400 0.165400 0.204300 0.138600 0.180500 0.148300 0.189300 0.153400 0.059800 0.167300 0.025200 0.142700 0.128300 0.179200 0.208500 0.195300 0.167300 0.175800 0.140900 0.147400
HarveysDui 0.070400 0.230700 0.095500 0.213200 0.071800 0.070400 0.053500 0.118300 0.132400 0.164500 0.069700 0.121900 0.079100 0.054800 0.113100 0.115100 0.110300 0.134100 0.071300 0.125400 0.105800 0.079400 0.155200 0.193300 0.068800 0.096400 0.086900 0.106200 0.105700 0.113900 0.189900 0.000000 0.166700 0.071100 0.135800 0.096700 0.069700 0.055400 0.124100 0.221900 0.163800 0.088500 0.164900 0.221200 0.087700 0.081100 0.115300 0.113400 0.071800 0.087400 0.115600 0.104900
Pronghorn 0.187000 0.265400 0.177800 0.247900 0.191100 0.187000 0.177100 0.208300 0.182300 0.227200 0.184900 0.208600 0.197800 0.171000 0.237900 0.242300 0.148100 0.164400 0.180000 0.175400 0.230800 0.189700 0.228800 0.250000 0.173700 0.218800 0.206200 0.172900 0.230700 0.180700 0.254400 0.166700 0.000000 0.189000 0.281400 0.171700 0.184900 0.172200 0.253100 0.258600 0.237800 0.210200 0.228400 0.279900 0.161100 0.183800 0.232200 0.238500 0.191100 0.199600 0.164500 0.189700
BlueWildeb 0.023200 0.265600 0.088800 0.208000 0.046800 0.030900 0.063300 0.092600 0.108400 0.157900 0.046300 0.089500 0.007600 0.031800 0.089100 0.090700 0.112900 0.145600 0.039300 0.101100 0.081600 0.038800 0.130500 0.168500 0.061500 0.072500 0.015300 0.082300 0.089800 0.090200 0.165400 0.071100 0.189000 0.000000 0.101300 0.072800 0.046300 0.030700 0.099600 0.196900 0.139100 0.064500 0.140100 0.196300 0.063900 0.057300 0.098500 0.089800 0.048300 0.089500 0.091500 0.081300
Gemsbok 0.100200 0.343800 0.166100 0.280000 0.112100 0.100200 0.127500 0.155200 0.190400 0.217200 0.116700 0.177000 0.109800 0.085100 0.138100 0.131700 0.201600 0.228300 0.110500 0.183400 0.140200 0.110300 0.187100 0.262200 0.132700 0.148300 0.118100 0.160900 0.149100 0.169000 0.204300 0.135800 0.281400 0.101300 0.000000 0.139100 0.116700 0.094000 0.160600 0.271800 0.196400 0.139800 0.197900 0.293700 0.138400 0.114400 0.141000 0.139300 0.103700 0.157700 0.171900 0.158700
Yak 0.072000 0.237500 0.064300 0.199800 0.055300 0.072000 0.088800 0.103100 0.083100 0.130900 0.071400 0.073100 0.080900 0.056700 0.081500 0.100200 0.096400 0.137700 0.081300 0.075600 0.090900 0.081200 0.103900 0.160600 0.086800 0.064800 0.088900 0.057400 0.099300 0.065300 0.138600 0.096700 0.171700 0.072800 0.139100 0.000000 0.071500 0.056700 0.109300 0.169200 0.094500 0.071200 0.113300 0.188500 0.007700 0.083500 0.109100 0.099300 0.074000 0.098800 0.066300 0.073500
BlueSheep 0.045900 0.240200 0.103700 0.222700 0.047100 0.045600 0.078200 0.108800 0.123700 0.164300 0.000000 0.112800 0.054100 0.047100 0.087400 0.105800 0.102100 0.142600 0.054400 0.116600 0.096700 0.038500 0.146000 0.183700 0.014600 0.071100 0.061700 0.097700 0.096700 0.088500 0.180500 0.069700 0.184900 0.046300 0.116700 0.071500 0.000000 0.046400 0.114700 0.212000 0.136200 0.079700 0.155500 0.211400 0.062700 0.072700 0.114500 0.104800 0.063600 0.104500 0.106900 0.096400
BohorReedb 0.031400 0.237000 0.072800 0.171600 0.015900 0.031300 0.047600 0.076500 0.092000 0.140700 0.047100 0.081700 0.039700 0.015900 0.063900 0.065800 0.105200 0.129600 0.040000 0.084600 0.065100 0.039900 0.113400 0.151200 0.062500 0.056500 0.047600 0.066100 0.073700 0.074000 0.148300 0.055400 0.172200 0.030700 0.094000 0.056700 0.046400 0.000000 0.083200 0.169500 0.122000 0.048500 0.122900 0.179000 0.048100 0.032600 0.083000 0.065100 0.032300 0.073400 0.075200 0.065200
KirksDik 0.098500 0.280400 0.126000 0.274000 0.100600 0.098500 0.116000 0.059600 0.147800 0.181800 0.114700 0.135800 0.107900 0.083100 0.108400 0.057900 0.178000 0.203600 0.108600 0.140600 0.048900 0.099400 0.153100 0.192900 0.130600 0.057100 0.116100 0.120100 0.040500 0.128100 0.189300 0.124100 0.253100 0.099600 0.160600 0.109300 0.114700 0.083200 0.000000 0.222600 0.162000 0.049000 0.163200 0.222000 0.100100 0.111500 0.066500 0.100200 0.075100 0.126800 0.130200 0.118500
RoeDeer 0.194700 0.366200 0.166300 0.280000 0.189100 0.194700 0.194800 0.239500 0.151300 0.145600 0.212000 0.197800 0.206000 0.178200 0.207500 0.211500 0.201800 0.208300 0.207400 0.144000 0.220200 0.197600 0.117300 0.117800 0.219300 0.208000 0.214600 0.141900 0.229700 0.150000 0.153400 0.221900 0.258600 0.196900 0.271800 0.169200 0.212000 0.169500 0.222600 0.000000 0.126200 0.199100 0.127200 0.126600 0.158200 0.171800 0.242400 0.208200 0.199300 0.207900 0.133200 0.149700
WhiteLippe 0.137500 0.277800 0.128800 0.238300 0.122200 0.137500 0.137600 0.176500 0.132200 0.051700 0.136200 0.139700 0.147900 0.121200 0.149100 0.171100 0.126900 0.161400 0.148800 0.124800 0.160300 0.139600 0.008500 0.117300 0.143800 0.130700 0.156400 0.104400 0.169400 0.112500 0.059800 0.163800 0.237800 0.139100 0.196400 0.094500 0.136200 0.122000 0.162000 0.126200 0.000000 0.140700 0.034400 0.145300 0.084800 0.152100 0.181000 0.168400 0.140800 0.149200 0.114400 0.121200
ThomsonGaz 0.062000 0.247200 0.089800 0.229900 0.064200 0.063800 0.080500 0.040700 0.109700 0.159800 0.079700 0.098800 0.072200 0.048500 0.081600 0.040600 0.139800 0.164700 0.073000 0.102300 0.032100 0.064400 0.132000 0.170300 0.095200 0.007800 0.080600 0.083300 0.039300 0.091200 0.167300 0.088500 0.210200 0.064500 0.139800 0.071200 0.079700 0.048500 0.049000 0.199100 0.140700 0.000000 0.141700 0.198500 0.064400 0.075000 0.049000 0.073600 0.065600 0.090300 0.092600 0.082200
MuntiacusC 0.138500 0.299100 0.129800 0.228900 0.141700 0.138500 0.138600 0.167100 0.133200 0.016600 0.155500 0.140700 0.148900 0.122000 0.169200 0.172400 0.146000 0.171500 0.149900 0.125700 0.161500 0.140600 0.026000 0.108200 0.163100 0.150400 0.157500 0.105100 0.170700 0.113300 0.025200 0.164900 0.228400 0.140100 0.197900 0.113300 0.155500 0.122900 0.163200 0.127200 0.034400 0.141700 0.000000 0.136100 0.103200 0.153300 0.182300 0.169600 0.141800 0.150300 0.115200 0.122100
WhiteTaile 0.194200 0.401800 0.185200 0.291700 0.198700 0.194200 0.194200 0.217500 0.190200 0.154500 0.211400 0.217700 0.196000 0.177700 0.227200 0.231500 0.221600 0.247300 0.206900 0.183300 0.219600 0.197100 0.136200 0.025200 0.218700 0.207400 0.204600 0.160800 0.229000 0.168900 0.142700 0.221200 0.279900 0.196300 0.293700 0.188500 0.211400 0.179000 0.222000 0.126600 0.145300 0.198500 0.136100 0.000000 0.177100 0.191200 0.241900 0.227800 0.198800 0.207500 0.171700 0.158500
Cattle 0.063300 0.225600 0.055600 0.188700 0.047900 0.063300 0.079800 0.093400 0.073900 0.120700 0.062700 0.064200 0.072000 0.048100 0.072500 0.090800 0.087400 0.128100 0.072400 0.066300 0.081700 0.072300 0.094000 0.149600 0.078000 0.054800 0.079800 0.048600 0.089900 0.056500 0.128300 0.087700 0.161100 0.063900 0.138400 0.007700 0.062700 0.048100 0.100100 0.158200 0.084800 0.064400 0.103200 0.177100 0.000000 0.074200 0.099500 0.089900 0.065000 0.089500 0.057300 0.064600
RoyalAntel 0.056600 0.271600 0.082200 0.212800 0.049400 0.056600 0.073100 0.105200 0.102100 0.171600 0.072700 0.109500 0.065500 0.040800 0.083000 0.084500 0.132800 0.157800 0.065900 0.094600 0.092700 0.065800 0.143300 0.162800 0.088500 0.083200 0.073600 0.075600 0.101300 0.083600 0.179200 0.081100 0.183800 0.057300 0.114400 0.083500 0.072700 0.032600 0.111500 0.171800 0.152100 0.075000 0.153300 0.191200 0.074200 0.000000 0.111300 0.083200 0.057900 0.100900 0.084900 0.074600
Steenbok 0.098300 0.269900 0.125700 0.252000 0.100400 0.098300 0.115800 0.059400 0.129200 0.190700 0.114500 0.135500 0.107700 0.082900 0.090900 0.057800 0.168600 0.194100 0.090900 0.140300 0.049000 0.099200 0.172100 0.212400 0.130300 0.057000 0.115800 0.119800 0.057200 0.127800 0.208500 0.115300 0.232200 0.098500 0.141000 0.109100 0.114500 0.083000 0.066500 0.242400 0.181000 0.049000 0.182300 0.241900 0.099500 0.111300 0.000000 0.100000 0.083400 0.126500 0.129800 0.118300
Impala 0.088800 0.273500 0.115000 0.248500 0.082100 0.088800 0.105400 0.093900 0.136000 0.187900 0.104800 0.125300 0.098000 0.073200 0.080900 0.057200 0.165800 0.190900 0.098600 0.128900 0.082100 0.098500 0.159600 0.199100 0.120400 0.081600 0.106100 0.109100 0.090400 0.116900 0.195300 0.113400 0.238500 0.089800 0.139300 0.099300 0.104800 0.065100 0.100200 0.208200 0.168400 0.073600 0.169600 0.227800 0.089900 0.083200 0.100000 0.000000 0.081900 0.116400 0.118800 0.107600
Klipspring 0.047800 0.257200 0.089800 0.210400 0.048800 0.047800 0.064000 0.076900 0.109800 0.159800 0.063600 0.099500 0.056400 0.032100 0.081700 0.074700 0.122500 0.129700 0.056700 0.102400 0.065700 0.056700 0.132000 0.170500 0.079200 0.073700 0.064400 0.083300 0.074000 0.091200 0.167300 0.071800 0.191100 0.048300 0.103700 0.074000 0.063600 0.032300 0.075100 0.199300 0.140800 0.065600 0.141800 0.198800 0.065000 0.057900 0.083400 0.081900 0.000000 0.091000 0.092700 0.082200
ForestMusk 0.088600 0.256500 0.115100 0.218900 0.090500 0.088600 0.088100 0.120900 0.136100 0.168300 0.104500 0.107200 0.097700 0.073400 0.133200 0.117500 0.130400 0.155000 0.098300 0.128900 0.108000 0.089800 0.140500 0.179200 0.111800 0.098400 0.105700 0.109100 0.117000 0.117000 0.175800 0.087400 0.199600 0.089500 0.157700 0.098800 0.104500 0.073400 0.126800 0.207900 0.149200 0.090300 0.150300 0.207500 0.089500 0.100900 0.126500 0.116400 0.091000 0.000000 0.118800 0.107700
Bushbuck 0.090600 0.282300 0.032000 0.223000 0.092600 0.090600 0.107500 0.124200 0.016300 0.133100 0.106900 0.092000 0.099900 0.074600 0.118400 0.120600 0.132600 0.157700 0.100600 0.008200 0.110800 0.100500 0.105700 0.143700 0.122800 0.100900 0.108100 0.008000 0.119500 0.016100 0.140900 0.115600 0.164500 0.091500 0.171900 0.066300 0.106900 0.075200 0.130200 0.133200 0.114400 0.092600 0.115200 0.171700 0.057300 0.084900 0.129800 0.118800 0.092700 0.118800 0.000000 0.023800
GreaterKud 0.080500 0.277300 0.039400 0.219100 0.082200 0.080500 0.096900 0.112500 0.039700 0.139800 0.096400 0.098900 0.089500 0.064800 0.107300 0.109300 0.139100 0.163700 0.090000 0.032100 0.099800 0.089900 0.112700 0.131200 0.112000 0.090300 0.097500 0.015800 0.108300 0.023800 0.147400 0.104900 0.189700 0.081300 0.158700 0.073500 0.096400 0.065200 0.118500 0.149700 0.121200 0.082200 0.122100 0.158500 0.064600 0.074600 0.118300 0.107600 0.082200 0.107700 0.023800 0.000000
