1
52 1
Argali 0.000000 0.242300 0.105600 0.305100 0.096000 0.004900 0.107200 0.125400 0.100200 0.111900 0.036500 0.084400 0.067700 0.107900 0.162100 0.145200 0.152300 0.123400 0.068300 0.099900 0.126800 0.052600 0.096500 0.131400 0.031100 0.132400 0.084100 0.105300 0.133700 0.105700 0.117400 0.114900 0.167500 0.062600 0.067500 0.105700 0.036500 0.084600 0.171500 0.106200 0.108600 0.126900 0.111900 0.130200 0.130100 0.118500 0.145800 0.114700 0.102200 0.141900 0.105100 0.111200
LesserMous 0.242300 0.000000 0.271700 0.333100 0.254600 0.235700 0.284300 0.278700 0.285800 0.285600 0.236700 0.238500 0.245600 0.286600 0.348400 0.290500 0.314600 0.264200 0.261500 0.284700 0.282400 0.257400 0.290400 0.289400 0.229500 0.273400 0.265700 0.291200 0.291100 0.278100 0.292100 0.279100 0.304600 0.238800 0.258200 0.263000 0.221800 0.239900 0.333400 0.270600 0.291900 0.282500 0.285600 0.287600 0.295900 0.304900 0.306200 0.257700 0.277300 0.301000 0.290400 0.299000
LesserKudu 0.105600 0.271700 0.000000 0.279000 0.083200 0.100500 0.116500 0.111400 0.040000 0.071400 0.089500 0.050800 0.065900 0.117200 0.134300 0.130200 0.109400 0.071500 0.088700 0.034700 0.112500 0.094900 0.078000 0.111400 0.083800 0.118000 0.082700 0.039700 0.119100 0.029700 0.076600 0.124200 0.122600 0.061500 0.066300 0.071200 0.089500 0.072200 0.155200 0.076800 0.089500 0.112700 0.071400 0.110300 0.082800 0.127600 0.130600 0.078500 0.099600 0.088200 0.029500 0.039900
KillerWhal 0.305100 0.333100 0.279000 0.000000 0.303000 0.298300 0.296500 0.326000 0.273100 0.252100 0.327700 0.261100 0.268400 0.298200 0.290600 0.321700 0.245400 0.239400 0.281700 0.265300 0.328900 0.321100 0.262900 0.304700 0.320100 0.335100 0.275700 0.271600 0.323300 0.272400 0.258200 0.313500 0.268400 0.262400 0.266500 0.245400 0.328100 0.275000 0.363300 0.232600 0.278300 0.328600 0.252100 0.287700 0.287200 0.309600 0.322900 0.306600 0.296500 0.260200 0.264400 0.265400
DefassaWat 0.096000 0.254600 0.083200 0.303000 0.000000 0.090500 0.073200 0.068100 0.094100 0.099900 0.079500 0.061800 0.056700 0.084800 0.124800 0.085800 0.127900 0.088700 0.067800 0.088300 0.068900 0.096000 0.084300 0.118400 0.073900 0.074300 0.061800 0.093500 0.074700 0.083000 0.105300 0.090700 0.123700 0.040900 0.045800 0.082500 0.079500 0.020100 0.109500 0.094300 0.096000 0.069000 0.099900 0.116800 0.106100 0.083500 0.085800 0.079500 0.057000 0.117300 0.093300 0.105000
Sheep 0.004900 0.235700 0.100500 0.298300 0.090500 0.000000 0.101600 0.119700 0.094800 0.106400 0.031200 0.079000 0.062400 0.102300 0.156200 0.139400 0.145600 0.117900 0.063000 0.094500 0.121000 0.047300 0.091000 0.137600 0.024800 0.126600 0.078700 0.099800 0.127900 0.100200 0.111800 0.109200 0.161600 0.057300 0.062200 0.100200 0.029400 0.079200 0.165500 0.100700 0.102900 0.121200 0.106400 0.136400 0.124400 0.124600 0.139900 0.109000 0.096100 0.136100 0.099700 0.105700
MaxwellsDu 0.107200 0.284300 0.116500 0.296500 0.073200 0.101600 0.000000 0.067200 0.105300 0.122500 0.102000 0.083900 0.089200 0.030100 0.123200 0.084500 0.139600 0.111300 0.089700 0.099300 0.067900 0.113200 0.101200 0.154300 0.096100 0.073200 0.094700 0.104600 0.073800 0.105000 0.128000 0.035800 0.154000 0.073000 0.077700 0.105100 0.102000 0.073000 0.102100 0.116800 0.113300 0.068000 0.122500 0.152900 0.129200 0.093800 0.084900 0.089600 0.066800 0.129200 0.115600 0.121400
GazellaPrz 0.125400 0.278700 0.111400 0.326000 0.068100 0.119700 0.067200 0.000000 0.122800 0.117400 0.108300 0.089800 0.084100 0.078600 0.106400 0.046700 0.157900 0.117500 0.095700 0.116600 0.029100 0.119600 0.107400 0.149100 0.102300 0.035900 0.078600 0.122000 0.036200 0.111100 0.122800 0.084900 0.160800 0.067900 0.072700 0.111200 0.108500 0.068000 0.074400 0.122900 0.119600 0.030800 0.117400 0.147700 0.124100 0.088700 0.046800 0.084500 0.061800 0.123900 0.121800 0.134100
MountainNy 0.100200 0.285800 0.040000 0.273100 0.094100 0.094800 0.105300 0.122800 0.000000 0.076900 0.094900 0.050700 0.077200 0.117200 0.146400 0.141700 0.115000 0.076900 0.099700 0.004700 0.118200 0.111800 0.072600 0.105800 0.089200 0.129500 0.093600 0.009300 0.130700 0.019700 0.082100 0.124200 0.128400 0.072200 0.066300 0.071200 0.094900 0.082900 0.167400 0.071500 0.084000 0.124200 0.076900 0.104700 0.093700 0.127600 0.142400 0.100700 0.099600 0.104900 0.029600 0.039900
MuntiacusM 0.111900 0.285600 0.071400 0.252100 0.099900 0.106400 0.122500 0.117400 0.076900 0.000000 0.106500 0.056100 0.082900 0.123300 0.123100 0.148300 0.098200 0.071400 0.094200 0.071300 0.130100 0.112100 0.035500 0.067100 0.100700 0.135700 0.099400 0.076400 0.137000 0.076700 0.004900 0.130400 0.111000 0.077800 0.071700 0.076700 0.106500 0.088600 0.174100 0.045200 0.046100 0.130300 0.000000 0.077100 0.099400 0.122100 0.148800 0.100900 0.105400 0.088100 0.065700 0.076700
goat 0.036500 0.236700 0.089500 0.327700 0.079500 0.031200 0.102000 0.108300 0.094900 0.106500 0.000000 0.057400 0.062600 0.102600 0.156300 0.127600 0.134900 0.106600 0.052300 0.094600 0.109500 0.026000 0.091100 0.137800 0.005000 0.115100 0.079000 0.099900 0.116200 0.089200 0.111900 0.109600 0.137600 0.057500 0.062300 0.078300 0.010000 0.068300 0.153200 0.100800 0.103000 0.109700 0.106500 0.136500 0.101700 0.124600 0.128000 0.097600 0.096200 0.124600 0.099700 0.111600
AfricanBuf 0.084400 0.238500 0.050800 0.261100 0.061800 0.079000 0.083900 0.089800 0.050700 0.056100 0.057400 0.000000 0.045900 0.084400 0.124200 0.108100 0.082700 0.056000 0.067600 0.045400 0.090700 0.073400 0.051500 0.084000 0.051900 0.096200 0.061600 0.050500 0.096800 0.040300 0.061300 0.090300 0.083900 0.040700 0.045700 0.029900 0.057400 0.051000 0.132600 0.050800 0.062500 0.090900 0.056100 0.082900 0.051100 0.105200 0.108100 0.068000 0.078300 0.072500 0.050400 0.061200
Topi 0.067700 0.245600 0.065900 0.268400 0.056700 0.062400 0.089200 0.084100 0.077200 0.082900 0.062600 0.045900 0.000000 0.089700 0.141700 0.102100 0.099200 0.072200 0.062000 0.071600 0.084900 0.079000 0.067700 0.112400 0.057100 0.090300 0.015000 0.076800 0.091200 0.055900 0.088100 0.096300 0.123700 0.015100 0.040400 0.066400 0.057500 0.046000 0.126300 0.066700 0.079100 0.085000 0.082900 0.111300 0.088800 0.100000 0.102500 0.084700 0.072700 0.100000 0.076700 0.088000
CommonDuik 0.107900 0.286600 0.117200 0.298200 0.084800 0.102300 0.030100 0.078600 0.117200 0.123300 0.102600 0.084400 0.089700 0.000000 0.118100 0.074000 0.128700 0.112000 0.101600 0.111100 0.079300 0.102400 0.101800 0.155300 0.096700 0.084700 0.106600 0.116500 0.085500 0.105600 0.128700 0.025600 0.167300 0.084500 0.089200 0.083400 0.102600 0.084600 0.097100 0.106000 0.113900 0.079500 0.123300 0.153900 0.106900 0.105600 0.085500 0.095700 0.078100 0.118300 0.116300 0.111000
Suni 0.162100 0.348400 0.134300 0.290600 0.124800 0.156200 0.123200 0.106400 0.146400 0.123100 0.156300 0.124200 0.141700 0.118100 0.000000 0.125300 0.151900 0.111800 0.130500 0.140000 0.119000 0.131800 0.113300 0.143000 0.149900 0.124600 0.135800 0.145500 0.125800 0.146400 0.128600 0.143200 0.148500 0.124600 0.117600 0.134400 0.156300 0.112900 0.150200 0.117100 0.125600 0.119200 0.123100 0.141700 0.160000 0.134300 0.113900 0.084300 0.117300 0.129900 0.133400 0.146000
Springbuck 0.145200 0.290500 0.130200 0.321700 0.085800 0.139400 0.084500 0.046700 0.141700 0.148300 0.127600 0.108100 0.102100 0.074000 0.125300 0.000000 0.165800 0.136600 0.114400 0.135500 0.036500 0.127300 0.126300 0.163300 0.121400 0.031100 0.107700 0.141000 0.031400 0.129800 0.153900 0.085900 0.181800 0.085500 0.090200 0.106800 0.127500 0.085600 0.058800 0.130200 0.126900 0.026000 0.148300 0.180500 0.120000 0.106700 0.042100 0.102800 0.079000 0.131300 0.140700 0.141500
Okapi 0.152300 0.314600 0.109400 0.245400 0.127900 0.145600 0.139600 0.157900 0.115000 0.098200 0.134900 0.082700 0.099200 0.128700 0.151900 0.165800 0.000000 0.055500 0.122000 0.109000 0.159400 0.152700 0.094100 0.128000 0.128800 0.165200 0.116100 0.114400 0.154400 0.092800 0.103500 0.135800 0.116300 0.094100 0.109900 0.092700 0.134900 0.116200 0.205200 0.081900 0.105800 0.159600 0.098200 0.126800 0.115800 0.162700 0.166300 0.117600 0.145300 0.115700 0.114200 0.114900
Giraffe 0.123400 0.264200 0.071500 0.239400 0.088700 0.117900 0.111300 0.117500 0.076900 0.071400 0.106600 0.056000 0.072200 0.112000 0.111800 0.136600 0.055500 0.000000 0.083300 0.071300 0.118700 0.123400 0.066900 0.099700 0.100800 0.124200 0.087900 0.076400 0.124600 0.055600 0.076600 0.118500 0.088200 0.066700 0.082500 0.076600 0.106600 0.077600 0.162000 0.066100 0.078100 0.118900 0.071400 0.098700 0.088200 0.110600 0.124700 0.078500 0.105600 0.099000 0.076300 0.087600
TibetanAnt 0.068300 0.261500 0.088700 0.281700 0.067800 0.063000 0.089700 0.095700 0.099700 0.094200 0.052300 0.067600 0.062000 0.101600 0.130500 0.114400 0.122000 0.083300 0.000000 0.093800 0.096800 0.068600 0.079000 0.124500 0.046800 0.102300 0.067300 0.099000 0.103200 0.088400 0.099600 0.108400 0.124200 0.046300 0.051100 0.088400 0.052300 0.056900 0.145300 0.088700 0.090600 0.097000 0.094200 0.123300 0.100800 0.089300 0.114700 0.090800 0.073100 0.123500 0.098900 0.110600
Sitatunga 0.099900 0.284700 0.034700 0.265300 0.088300 0.094500 0.099300 0.116600 0.004700 0.071300 0.094600 0.045400 0.071600 0.111100 0.140000 0.135500 0.109000 0.071300 0.093800 0.000000 0.112000 0.111400 0.066900 0.099800 0.088900 0.123200 0.087800 0.004700 0.124300 0.014700 0.076400 0.117900 0.122100 0.066600 0.060800 0.065700 0.094600 0.077200 0.160600 0.066000 0.078200 0.117900 0.071300 0.098800 0.087900 0.121400 0.135900 0.094700 0.093700 0.099000 0.024500 0.034700
Oribi 0.126800 0.282400 0.112500 0.328900 0.068900 0.121000 0.067900 0.029100 0.118200 0.130100 0.109500 0.090700 0.084900 0.079300 0.119000 0.036500 0.159400 0.118700 0.096800 0.112000 0.000000 0.120900 0.108400 0.162900 0.103500 0.025800 0.090400 0.117400 0.026000 0.106500 0.135700 0.085800 0.162600 0.068600 0.073400 0.112300 0.109500 0.068700 0.064000 0.124100 0.120800 0.020600 0.130100 0.161400 0.125500 0.089600 0.026000 0.085400 0.062400 0.125100 0.122700 0.135300
BarbaryShe 0.052600 0.257400 0.094900 0.321100 0.096000 0.047300 0.113200 0.119600 0.111800 0.112100 0.026000 0.073400 0.079000 0.102400 0.131800 0.127300 0.152700 0.123400 0.068600 0.111400 0.120900 0.000000 0.101700 0.155400 0.020700 0.126500 0.095400 0.116800 0.127400 0.106000 0.117500 0.120600 0.143200 0.073600 0.078500 0.083500 0.026000 0.084600 0.152900 0.117900 0.113800 0.121100 0.112100 0.154000 0.107000 0.135700 0.127300 0.108600 0.107400 0.118300 0.105200 0.117200
Daviddeer 0.096500 0.290400 0.078000 0.262900 0.084300 0.091000 0.101200 0.107400 0.072600 0.035500 0.091100 0.051500 0.067700 0.101800 0.113300 0.126300 0.094100 0.066900 0.079000 0.066900 0.108400 0.101700 0.000000 0.073400 0.085300 0.114000 0.083900 0.072200 0.114700 0.072400 0.040600 0.108200 0.106700 0.062400 0.056700 0.072200 0.091100 0.073200 0.151600 0.040600 0.009600 0.108600 0.035500 0.072700 0.095000 0.100500 0.126300 0.090700 0.084400 0.094800 0.072100 0.083400
Reindeer 0.131400 0.289400 0.111400 0.304700 0.118400 0.137600 0.154300 0.149100 0.105800 0.067100 0.137800 0.084000 0.112400 0.155300 0.143000 0.163300 0.128000 0.099700 0.124500 0.099800 0.162900 0.155400 0.073400 0.000000 0.131600 0.156500 0.117800 0.105200 0.157500 0.105500 0.072300 0.149800 0.141600 0.106800 0.100500 0.105200 0.137800 0.118200 0.184200 0.061600 0.079200 0.150900 0.067100 0.040800 0.129400 0.141300 0.182200 0.119400 0.136300 0.129100 0.105000 0.111300
Ibex 0.031100 0.229500 0.083800 0.320100 0.073900 0.024800 0.096100 0.102300 0.089200 0.100700 0.005000 0.051900 0.057100 0.096700 0.149900 0.121400 0.128800 0.100800 0.046800 0.088900 0.103500 0.020700 0.085300 0.131600 0.000000 0.109000 0.073400 0.094200 0.110100 0.083600 0.106100 0.103600 0.131400 0.052000 0.056800 0.072700 0.005100 0.062800 0.146800 0.095000 0.097100 0.103700 0.100700 0.130300 0.095900 0.118600 0.121800 0.091700 0.090400 0.118600 0.094000 0.105800
GyrantGaze 0.132400 0.273400 0.118000 0.335100 0.074300 0.126600 0.073200 0.035900 0.129500 0.135700 0.115100 0.096200 0.090300 0.084700 0.124600 0.031100 0.165200 0.124200 0.102300 0.123200 0.025800 0.126500 0.114000 0.156500 0.109000 0.000000 0.095800 0.128700 0.020700 0.117700 0.141300 0.091300 0.168300 0.074000 0.078700 0.117800 0.115000 0.074000 0.059000 0.129600 0.126400 0.015400 0.135700 0.167100 0.131200 0.095000 0.041900 0.090900 0.067700 0.130800 0.128400 0.140900
Hartebeest 0.084100 0.265700 0.082700 0.275700 0.061800 0.078700 0.094700 0.078600 0.093600 0.099400 0.079000 0.061600 0.015000 0.106600 0.135800 0.107700 0.116100 0.087900 0.067300 0.087800 0.090400 0.095400 0.083900 0.117800 0.073400 0.095800 0.000000 0.093100 0.096100 0.071800 0.104700 0.113000 0.129000 0.020000 0.045600 0.082300 0.079000 0.051100 0.138100 0.083000 0.095500 0.090500 0.099400 0.116700 0.105100 0.105300 0.107700 0.090000 0.078100 0.116600 0.093000 0.104600
Bongo 0.105300 0.291200 0.039700 0.271600 0.093500 0.099800 0.104600 0.122000 0.009300 0.076400 0.099900 0.050500 0.076800 0.116500 0.145500 0.141000 0.114400 0.076400 0.099000 0.004700 0.117400 0.116800 0.072200 0.105200 0.094200 0.128700 0.093100 0.000000 0.129800 0.019600 0.081600 0.123400 0.127600 0.071800 0.065900 0.070800 0.099900 0.082400 0.166200 0.071100 0.083500 0.123900 0.076400 0.104100 0.093100 0.126800 0.141400 0.100000 0.099000 0.104300 0.029400 0.039700
Gerenuk 0.133700 0.291100 0.119100 0.323300 0.074700 0.127900 0.073800 0.036200 0.130700 0.137000 0.116200 0.096800 0.091200 0.085500 0.125800 0.031400 0.154400 0.124600 0.103200 0.124300 0.026000 0.127400 0.114700 0.157500 0.110100 0.020700 0.096100 0.129800 0.000000 0.118800 0.142600 0.091800 0.168800 0.074200 0.079400 0.118400 0.116200 0.074500 0.059000 0.130900 0.127200 0.015500 0.137000 0.168200 0.131900 0.095600 0.042100 0.091400 0.068300 0.131500 0.129600 0.142200
CommonElan 0.105700 0.278100 0.029700 0.272400 0.083000 0.100200 0.105000 0.111100 0.019700 0.076700 0.089200 0.040300 0.055900 0.105600 0.146400 0.129800 0.092800 0.055600 0.088400 0.014700 0.106500 0.106000 0.072400 0.105500 0.083600 0.117700 0.071800 0.019600 0.118800 0.000000 0.081900 0.112400 0.116600 0.050900 0.066100 0.060500 0.089200 0.072000 0.154800 0.071300 0.083800 0.112400 0.076700 0.104500 0.082500 0.127300 0.130300 0.089300 0.099300 0.093600 0.029500 0.039800
MuntiacusR 0.117400 0.292100 0.076600 0.258200 0.105300 0.111800 0.128000 0.122800 0.082100 0.004900 0.111900 0.061300 0.088100 0.128700 0.128600 0.153900 0.103500 0.076600 0.099600 0.076400 0.135700 0.117500 0.040600 0.072300 0.106100 0.141300 0.104700 0.081600 0.142600 0.081900 0.000000 0.135900 0.105200 0.083100 0.076900 0.081900 0.111900 0.093900 0.179900 0.050200 0.051300 0.135900 0.004900 0.082400 0.104700 0.127500 0.154500 0.106300 0.110800 0.093400 0.070800 0.081900
HarveysDui 0.114900 0.279100 0.124200 0.313500 0.090700 0.109200 0.035800 0.084900 0.124200 0.130400 0.109600 0.090300 0.096300 0.025600 0.143200 0.085900 0.135800 0.118500 0.108400 0.117900 0.085800 0.120600 0.108200 0.149800 0.103600 0.091300 0.113000 0.123400 0.091800 0.112400 0.135900 0.000000 0.174800 0.090700 0.095700 0.100400 0.109600 0.090500 0.115600 0.112800 0.114600 0.086000 0.130400 0.160500 0.125100 0.111600 0.103200 0.108000 0.084400 0.125000 0.123200 0.117800
Pronghorn 0.167500 0.304600 0.122600 0.268400 0.123700 0.161600 0.154000 0.160800 0.128400 0.111000 0.137600 0.083900 0.123700 0.167300 0.148500 0.181800 0.116300 0.088200 0.124200 0.122100 0.162600 0.143200 0.106700 0.141600 0.131400 0.168300 0.129000 0.127600 0.168800 0.116600 0.105200 0.174800 0.000000 0.106200 0.111500 0.105000 0.137600 0.112000 0.201600 0.105300 0.118800 0.162800 0.111000 0.140200 0.117700 0.164900 0.169000 0.131100 0.147800 0.128800 0.115900 0.139700
BlueWildeb 0.062600 0.238800 0.061500 0.262400 0.040900 0.057300 0.073000 0.067900 0.072200 0.077800 0.057500 0.040700 0.015100 0.084500 0.124600 0.085500 0.094100 0.066700 0.046300 0.066600 0.068600 0.073600 0.062400 0.106800 0.052000 0.074000 0.020000 0.071800 0.074200 0.050900 0.083100 0.090700 0.106200 0.000000 0.025100 0.061200 0.057500 0.030400 0.115100 0.072400 0.073700 0.068700 0.077800 0.105800 0.083500 0.083500 0.085500 0.068200 0.056800 0.094600 0.071700 0.082900
Gemsbok 0.067500 0.258200 0.066300 0.266500 0.045800 0.062200 0.077700 0.072700 0.066300 0.071700 0.062300 0.045700 0.040400 0.089200 0.117600 0.090200 0.109900 0.082500 0.051100 0.060800 0.073400 0.078500 0.056700 0.100500 0.056800 0.078700 0.045600 0.065900 0.079400 0.066100 0.076900 0.095700 0.111500 0.025100 0.000000 0.066100 0.062300 0.035300 0.119600 0.065900 0.067800 0.073500 0.071700 0.099500 0.088500 0.077500 0.090500 0.073200 0.051000 0.099600 0.065800 0.076800
Yak 0.105700 0.263000 0.071200 0.245400 0.082500 0.100200 0.105100 0.111200 0.071200 0.076700 0.078300 0.029900 0.066400 0.083400 0.134400 0.106800 0.092700 0.076600 0.088400 0.065700 0.112300 0.083500 0.072200 0.105200 0.072700 0.117800 0.082300 0.070800 0.118400 0.060500 0.081900 0.100400 0.105000 0.061200 0.066100 0.000000 0.078300 0.071600 0.142900 0.060700 0.083500 0.112500 0.076700 0.103800 0.040200 0.126600 0.118400 0.089100 0.099400 0.082400 0.070700 0.071100
BlueSheep 0.036500 0.221800 0.089500 0.328100 0.079500 0.029400 0.102000 0.108500 0.094900 0.106500 0.010000 0.057400 0.057500 0.102600 0.156300 0.127500 0.134900 0.106600 0.052300 0.094600 0.109500 0.026000 0.091100 0.137800 0.005100 0.115000 0.079000 0.099900 0.116200 0.089200 0.111900 0.109600 0.137600 0.057500 0.062300 0.078300 0.000000 0.068300 0.153200 0.100800 0.103100 0.109600 0.106500 0.136500 0.101700 0.124700 0.128000 0.097600 0.096200 0.124600 0.099800 0.111700
BohorReedb 0.084600 0.239900 0.072200 0.275000 0.020100 0.079200 0.073000 0.068000 0.082900 0.088600 0.068300 0.051000 0.046000 0.084600 0.112900 0.085600 0.116200 0.077600 0.056900 0.077200 0.068700 0.084600 0.073200 0.118200 0.062800 0.074000 0.051100 0.082400 0.074500 0.072000 0.093900 0.090500 0.112000 0.030400 0.035300 0.071600 0.068300 0.000000 0.109100 0.083100 0.084600 0.068800 0.088600 0.104600 0.094600 0.083200 0.085600 0.068300 0.056800 0.105700 0.082300 0.093700
KirksDik 0.171500 0.333400 0.155200 0.363300 0.109500 0.165500 0.102100 0.074400 0.167400 0.174100 0.153200 0.132600 0.126300 0.097100 0.150200 0.058800 0.205200 0.162000 0.145300 0.160600 0.064000 0.152900 0.151600 0.184200 0.146800 0.059000 0.138100 0.166200 0.059000 0.154800 0.179900 0.115600 0.201600 0.115100 0.119600 0.142900 0.153200 0.109100 0.000000 0.167600 0.165000 0.053200 0.174100 0.182200 0.157300 0.136900 0.070100 0.133200 0.108000 0.169000 0.165800 0.179300
RoeDeer 0.106200 0.270600 0.076800 0.232600 0.094300 0.100700 0.116800 0.122900 0.071500 0.045200 0.100800 0.050800 0.066700 0.106000 0.117100 0.130200 0.081900 0.066100 0.088700 0.066000 0.124100 0.117900 0.040600 0.061600 0.095000 0.129600 0.083000 0.071100 0.130900 0.071300 0.050200 0.112800 0.105300 0.072400 0.065900 0.060700 0.100800 0.083100 0.167600 0.000000 0.051400 0.124300 0.045200 0.061000 0.082800 0.116400 0.142600 0.084000 0.099800 0.071900 0.071000 0.071400
WhiteLippe 0.108600 0.291900 0.089500 0.278300 0.096000 0.102900 0.113300 0.119600 0.084000 0.046100 0.103000 0.062500 0.079100 0.113900 0.125600 0.126900 0.105800 0.078100 0.090600 0.078200 0.120800 0.113800 0.009600 0.079200 0.097100 0.126400 0.095500 0.083500 0.127200 0.083800 0.051300 0.114600 0.118800 0.073700 0.067800 0.083500 0.103100 0.084600 0.165000 0.051400 0.000000 0.121000 0.046100 0.084000 0.106800 0.112500 0.139100 0.102600 0.096100 0.106600 0.083300 0.094900
ThomsonGaz 0.126900 0.282500 0.112700 0.328600 0.069000 0.121200 0.068000 0.030800 0.124200 0.130300 0.109700 0.090900 0.085000 0.079500 0.119200 0.026000 0.159600 0.118900 0.097000 0.117900 0.020600 0.121100 0.108600 0.150900 0.103700 0.015400 0.090500 0.123900 0.015500 0.112400 0.135900 0.086000 0.162800 0.068700 0.073500 0.112500 0.109600 0.068800 0.053200 0.124300 0.121000 0.000000 0.130300 0.161600 0.125800 0.089700 0.036700 0.085600 0.062500 0.125400 0.123100 0.135500
MuntiacusC 0.111900 0.285600 0.071400 0.252100 0.099900 0.106400 0.122500 0.117400 0.076900 0.000000 0.106500 0.056100 0.082900 0.123300 0.123100 0.148300 0.098200 0.071400 0.094200 0.071300 0.130100 0.112100 0.035500 0.067100 0.100700 0.135700 0.099400 0.076400 0.137000 0.076700 0.004900 0.130400 0.111000 0.077800 0.071700 0.076700 0.106500 0.088600 0.174100 0.045200 0.046100 0.130300 0.000000 0.077100 0.099400 0.122100 0.148800 0.100900 0.105400 0.088100 0.065700 0.076700
WhiteTaile 0.130200 0.287600 0.110300 0.287700 0.116800 0.136400 0.152900 0.147700 0.104700 0.077100 0.136500 0.082900 0.111300 0.153900 0.141700 0.180500 0.126800 0.098700 0.123300 0.098800 0.161400 0.154000 0.072700 0.040800 0.130300 0.167100 0.116700 0.104100 0.168200 0.104500 0.082400 0.160500 0.140200 0.105800 0.099500 0.103800 0.136500 0.104600 0.182200 0.061000 0.084000 0.161600 0.077100 0.000000 0.128000 0.139400 0.180500 0.118300 0.135000 0.127700 0.104000 0.115800
Cattle 0.130100 0.295900 0.082800 0.287200 0.106100 0.124400 0.129200 0.124100 0.093700 0.099400 0.101700 0.051100 0.088800 0.106900 0.160000 0.120000 0.115800 0.088200 0.100800 0.087900 0.125500 0.107000 0.095000 0.129400 0.095900 0.131200 0.105100 0.093100 0.131900 0.082500 0.104700 0.125100 0.117700 0.083500 0.088500 0.040200 0.101700 0.094600 0.157300 0.082800 0.106800 0.125800 0.099400 0.128000 0.000000 0.140100 0.120100 0.112900 0.123300 0.105500 0.092900 0.093400
RoyalAntel 0.118500 0.304900 0.127600 0.309600 0.083500 0.124600 0.093800 0.088700 0.127600 0.122100 0.124600 0.105200 0.100000 0.105600 0.134300 0.106700 0.162700 0.110600 0.089300 0.121400 0.089600 0.135700 0.100500 0.141300 0.118600 0.095000 0.105300 0.126800 0.095600 0.127300 0.127500 0.111600 0.164900 0.083500 0.077500 0.126600 0.124700 0.083200 0.136900 0.116400 0.112500 0.089700 0.122100 0.139400 0.140100 0.000000 0.106800 0.100200 0.045600 0.163900 0.126600 0.139000
Steenbok 0.145800 0.306200 0.130600 0.322900 0.085800 0.139900 0.084900 0.046800 0.142400 0.148800 0.128000 0.108100 0.102500 0.085500 0.113900 0.042100 0.166300 0.124700 0.114700 0.135900 0.026000 0.127300 0.126300 0.182200 0.121800 0.041900 0.107700 0.141400 0.042100 0.130300 0.154500 0.103200 0.169000 0.085500 0.090500 0.118400 0.128000 0.085600 0.070100 0.142600 0.139100 0.036700 0.148800 0.180500 0.120100 0.106800 0.000000 0.102800 0.079300 0.143200 0.141100 0.154000
Impala 0.114700 0.257700 0.078500 0.306600 0.079500 0.109000 0.089600 0.084500 0.100700 0.100900 0.097600 0.068000 0.084700 0.095700 0.084300 0.102800 0.117600 0.078500 0.090800 0.094700 0.085400 0.108600 0.090700 0.119400 0.091700 0.090900 0.090000 0.100000 0.091400 0.089300 0.106300 0.108000 0.131100 0.068200 0.073200 0.089100 0.097600 0.068300 0.133200 0.084000 0.102600 0.085600 0.100900 0.118300 0.112900 0.100200 0.102800 0.000000 0.067600 0.118600 0.099800 0.111800
Klipspring 0.102200 0.277300 0.099600 0.296500 0.057000 0.096100 0.066800 0.061800 0.099600 0.105400 0.096200 0.078300 0.072700 0.078100 0.117300 0.079000 0.145300 0.105600 0.073100 0.093700 0.062400 0.107400 0.084400 0.136300 0.090400 0.067700 0.078100 0.099000 0.068300 0.099300 0.110800 0.084400 0.147800 0.056800 0.051000 0.099400 0.096200 0.056800 0.108000 0.099800 0.096100 0.062500 0.105400 0.135000 0.123300 0.045600 0.079300 0.067600 0.000000 0.134900 0.098800 0.110600
ForestMusk 0.141900 0.301000 0.088200 0.260200 0.117300 0.136100 0.129200 0.123900 0.104900 0.088100 0.124600 0.072500 0.100000 0.118300 0.129900 0.131300 0.115700 0.099000 0.123500 0.099000 0.125100 0.118300 0.094800 0.129100 0.118600 0.130800 0.116600 0.104300 0.131500 0.093600 0.093400 0.125000 0.128800 0.094600 0.099600 0.082400 0.124600 0.105700 0.169000 0.071900 0.106600 0.125400 0.088100 0.127700 0.105500 0.163900 0.143200 0.118600 0.134900 0.000000 0.093000 0.093500
Bushbuck 0.105100 0.290400 0.029500 0.264400 0.093300 0.099700 0.115600 0.121800 0.029600 0.065700 0.099700 0.050400 0.076700 0.116300 0.133400 0.140700 0.114200 0.076300 0.098900 0.024500 0.122700 0.105200 0.072100 0.105000 0.094000 0.128400 0.093000 0.029400 0.129600 0.029500 0.070800 0.123200 0.115900 0.071700 0.065800 0.070700 0.099800 0.082300 0.165800 0.071000 0.083300 0.123100 0.065700 0.104000 0.092900 0.126600 0.141100 0.099800 0.098800 0.093000 0.000000 0.019600
GreaterKud 0.111200 0.299000 0.039900 0.265400 0.105000 0.105700 0.121400 0.134100 0.039900 0.076700 0.111600 0.061200 0.088000 0.111000 0.146000 0.141500 0.114900 0.087600 0.110600 0.034700 0.135300 0.117200 0.083400 0.111300 0.105800 0.140900 0.104600 0.039700 0.142200 0.039800 0.081900 0.117800 0.139700 0.082900 0.076800 0.071100 0.111700 0.093700 0.179300 0.071400 0.094900 0.135500 0.076700 0.115800 0.093400 0.139000 0.154000 0.111800 0.110600 0.093500 0.019600 0.000000
