CODONML (in paml version 4.10.7, June 2023)  /home/rachel/ruminants_paml/6406-phy-tree/ENSBTAT00000019050.fasta.phy
Model: free dN/dS Ratios for branches,  kappa = 2.000 fixed

Codon frequency model: F3x4
ns =  54  ls =  72

Codon usage in sequences
--------------------------------------------------------------------------------------------------------------------------------------
Phe TTT   1   1   1   1   1   1 | Ser TCT   4   4   4   4   4   4 | Tyr TAT   1   1   0   1   0   1 | Cys TGT   0   0   0   0   0   0
    TTC   1   1   1   1   1   1 |     TCC   1   1   1   1   1   1 |     TAC   0   0   1   0   1   0 |     TGC   0   0   0   0   0   0
Leu TTA   2   2   2   3   2   2 |     TCA   0   0   0   0   0   0 | *** TAA   0   0   0   0   0   0 | *** TGA   0   0   0   0   0   0
    TTG   4   3   4   3   3   4 |     TCG   0   0   0   0   0   0 |     TAG   0   0   0   0   0   0 | Trp TGG   2   2   2   2   2   2
--------------------------------------------------------------------------------------------------------------------------------------
Leu CTT   0   0   0   0   0   0 | Pro CCT   2   2   2   2   2   2 | His CAT   0   0   0   0   0   0 | Arg CGT   1   0   1   1   0   1
    CTC   1   1   1   1   1   1 |     CCC   0   0   0   0   0   0 |     CAC   0   0   0   0   0   0 |     CGC   0   0   0   1   1   0
    CTA   1   1   0   1   1   1 |     CCA   1   1   1   1   1   1 | Gln CAA   2   2   2   2   2   2 |     CGA   2   3   2   1   1   1
    CTG   1   2   2   1   2   1 |     CCG   0   0   0   0   0   0 |     CAG   2   2   2   2   2   2 |     CGG   2   1   2   2   2   3
--------------------------------------------------------------------------------------------------------------------------------------
Ile ATT   3   3   3   3   3   3 | Thr ACT   0   1   0   0   1   1 | Asn AAT   1   1   1   1   1   1 | Ser AGT   0   0   0   0   0   0
    ATC   0   0   0   0   0   0 |     ACC   2   1   2   2   2   1 |     AAC   0   0   0   0   0   0 |     AGC   0   0   0   0   0   0
    ATA   0   0   0   0   0   0 |     ACA   1   1   1   1   0   0 | Lys AAA   3   3   3   3   3   3 | Arg AGA   1   1   1   1   1   1
Met ATG   2   2   2   2   2   2 |     ACG   0   0   0   0   0   1 |     AAG   0   0   0   0   0   0 |     AGG   2   3   2   2   3   2
--------------------------------------------------------------------------------------------------------------------------------------
Val GTT   2   2   2   2   1   1 | Ala GCT   2   2   2   2   2   2 | Asp GAT   2   1   2   3   2   3 | Gly GGT   2   3   3   2   3   3
    GTC   0   0   0   0   1   0 |     GCC   2   2   2   2   1   1 |     GAC   3   4   3   2   3   2 |     GGC   1   0   0   1   0   0
    GTA   0   1   0   0   0   0 |     GCA   1   1   0   1   1   2 | Glu GAA   3   3   3   3   2   2 |     GGA   3   3   3   3   3   3
    GTG   2   1   2   2   2   3 |     GCG   1   1   2   1   2   1 |     GAG   2   2   2   2   3   3 |     GGG   0   0   0   0   0   0
--------------------------------------------------------------------------------------------------------------------------------------

--------------------------------------------------------------------------------------------------------------------------------------
Phe TTT   1   1   1   1   1   1 | Ser TCT   4   4   4   4   4   4 | Tyr TAT   1   1   1   1   0   1 | Cys TGT   0   0   0   0   0   0
    TTC   1   1   1   1   1   1 |     TCC   1   1   1   1   1   1 |     TAC   0   0   0   0   1   0 |     TGC   0   0   0   0   0   0
Leu TTA   2   2   2   2   2   2 |     TCA   0   0   0   0   0   0 | *** TAA   0   0   0   0   0   0 | *** TGA   0   0   0   0   0   0
    TTG   4   4   4   4   4   4 |     TCG   0   0   0   0   0   0 |     TAG   0   0   0   0   0   0 | Trp TGG   2   2   2   2   2   2
--------------------------------------------------------------------------------------------------------------------------------------
Leu CTT   0   0   0   0   0   0 | Pro CCT   2   2   2   2   2   2 | His CAT   0   0   0   0   0   0 | Arg CGT   1   1   1   1   1   0
    CTC   1   1   1   1   1   1 |     CCC   0   0   0   0   0   0 |     CAC   0   0   0   0   0   0 |     CGC   0   0   0   0   0   1
    CTA   1   1   1   1   0   1 |     CCA   1   1   1   1   1   1 | Gln CAA   2   2   2   3   2   2 |     CGA   2   2   2   2   2   2
    CTG   1   1   1   1   2   1 |     CCG   0   0   0   0   0   0 |     CAG   2   2   2   1   2   2 |     CGG   2   2   2   2   2   2
--------------------------------------------------------------------------------------------------------------------------------------
Ile ATT   3   3   3   3   3   3 | Thr ACT   0   0   0   0   0   0 | Asn AAT   1   1   1   1   1   1 | Ser AGT   0   0   0   0   0   0
    ATC   0   0   0   0   0   0 |     ACC   2   2   2   2   2   2 |     AAC   0   0   0   0   0   0 |     AGC   0   0   0   0   0   0
    ATA   0   0   0   0   0   0 |     ACA   1   1   1   1   1   1 | Lys AAA   3   3   3   3   3   3 | Arg AGA   1   1   1   1   1   1
Met ATG   2   2   2   2   2   2 |     ACG   0   0   0   0   0   0 |     AAG   0   0   0   0   0   0 |     AGG   2   2   2   2   2   2
--------------------------------------------------------------------------------------------------------------------------------------
Val GTT   2   2   2   2   2   2 | Ala GCT   2   2   2   2   2   3 | Asp GAT   2   2   2   2   2   3 | Gly GGT   3   2   3   3   3   3
    GTC   0   0   0   0   0   0 |     GCC   2   2   2   2   2   2 |     GAC   3   3   3   3   3   2 |     GGC   0   1   0   0   0   0
    GTA   0   0   0   1   0   0 |     GCA   1   1   1   2   0   1 | Glu GAA   3   3   3   3   3   3 |     GGA   3   3   3   3   3   3
    GTG   2   2   2   1   2   2 |     GCG   1   1   1   0   2   0 |     GAG   2   2   2   2   2   2 |     GGG   0   0   0   0   0   0
--------------------------------------------------------------------------------------------------------------------------------------

--------------------------------------------------------------------------------------------------------------------------------------
Phe TTT   1   1   1   1   1   1 | Ser TCT   4   4   4   4   4   4 | Tyr TAT   1   0   1   1   1   1 | Cys TGT   0   0   0   0   0   0
    TTC   1   1   1   1   1   1 |     TCC   1   1   1   1   1   1 |     TAC   0   1   0   0   0   0 |     TGC   0   0   0   0   0   0
Leu TTA   2   2   2   2   2   2 |     TCA   0   0   0   0   0   0 | *** TAA   0   0   0   0   0   0 | *** TGA   0   0   0   0   0   0
    TTG   4   4   4   4   4   4 |     TCG   0   0   0   0   0   0 |     TAG   0   0   0   0   0   0 | Trp TGG   2   2   2   2   2   2
--------------------------------------------------------------------------------------------------------------------------------------
Leu CTT   0   0   0   0   0   0 | Pro CCT   2   2   2   2   2   2 | His CAT   0   0   0   0   0   0 | Arg CGT   1   1   1   1   1   1
    CTC   1   1   1   1   1   1 |     CCC   0   0   0   0   0   0 |     CAC   0   0   0   0   0   0 |     CGC   0   0   0   0   0   0
    CTA   1   0   1   1   1   1 |     CCA   1   1   1   1   1   1 | Gln CAA   2   2   2   2   2   2 |     CGA   2   2   2   2   2   2
    CTG   1   2   1   1   1   1 |     CCG   0   0   0   0   0   0 |     CAG   2   2   2   2   2   2 |     CGG   2   2   2   2   1   2
--------------------------------------------------------------------------------------------------------------------------------------
Ile ATT   3   3   3   3   3   3 | Thr ACT   0   0   0   0   0   0 | Asn AAT   1   1   1   1   1   1 | Ser AGT   0   0   0   0   0   0
    ATC   0   0   0   0   0   0 |     ACC   2   2   2   2   2   2 |     AAC   0   0   0   0   0   0 |     AGC   0   0   0   0   0   0
    ATA   0   0   0   0   0   0 |     ACA   1   1   1   1   1   1 | Lys AAA   3   3   3   3   3   3 | Arg AGA   1   1   1   2   1   1
Met ATG   2   2   2   2   2   2 |     ACG   0   0   0   0   0   0 |     AAG   0   0   0   0   0   0 |     AGG   2   2   2   1   3   2
--------------------------------------------------------------------------------------------------------------------------------------
Val GTT   2   2   2   2   2   2 | Ala GCT   2   2   2   2   2   2 | Asp GAT   2   2   2   2   3   2 | Gly GGT   3   2   3   3   3   3
    GTC   0   0   0   0   0   0 |     GCC   2   2   2   2   2   1 |     GAC   3   3   3   3   2   3 |     GGC   0   1   0   0   0   0
    GTA   0   0   0   0   0   1 |     GCA   1   0   1   1   1   2 | Glu GAA   3   3   3   3   3   3 |     GGA   3   3   3   3   3   3
    GTG   2   2   2   2   2   1 |     GCG   1   2   1   1   1   1 |     GAG   2   2   2   2   2   2 |     GGG   0   0   0   0   0   0
--------------------------------------------------------------------------------------------------------------------------------------

--------------------------------------------------------------------------------------------------------------------------------------
Phe TTT   1   1   1   1   1   1 | Ser TCT   4   4   4   4   4   4 | Tyr TAT   0   0   1   0   1   1 | Cys TGT   0   0   0   0   0   0
    TTC   1   1   1   1   1   1 |     TCC   1   1   1   1   1   1 |     TAC   1   1   0   1   0   0 |     TGC   0   0   0   0   0   0
Leu TTA   2   2   2   2   2   2 |     TCA   0   0   0   0   0   0 | *** TAA   0   0   0   0   0   0 | *** TGA   0   0   0   0   0   0
    TTG   4   4   4   4   4   4 |     TCG   0   0   0   0   0   0 |     TAG   0   0   0   0   0   0 | Trp TGG   2   2   2   2   2   2
--------------------------------------------------------------------------------------------------------------------------------------
Leu CTT   0   0   0   0   0   0 | Pro CCT   2   2   2   2   2   2 | His CAT   0   0   0   0   0   0 | Arg CGT   1   1   1   1   1   1
    CTC   1   1   1   1   1   1 |     CCC   0   0   0   0   0   0 |     CAC   0   0   0   0   0   0 |     CGC   0   0   0   0   0   0
    CTA   1   1   1   0   1   1 |     CCA   1   1   1   1   1   1 | Gln CAA   2   2   2   2   2   2 |     CGA   2   2   2   2   2   2
    CTG   1   1   1   2   1   1 |     CCG   0   0   0   0   0   0 |     CAG   2   2   2   2   2   2 |     CGG   2   2   2   2   2   2
--------------------------------------------------------------------------------------------------------------------------------------
Ile ATT   3   3   3   3   3   3 | Thr ACT   0   0   0   0   0   1 | Asn AAT   1   1   1   1   1   1 | Ser AGT   0   0   0   0   0   0
    ATC   0   0   0   0   0   0 |     ACC   2   2   2   2   2   1 |     AAC   0   0   0   0   0   0 |     AGC   0   0   0   0   0   0
    ATA   0   0   0   0   0   0 |     ACA   1   1   1   1   1   1 | Lys AAA   3   3   2   3   3   3 | Arg AGA   1   0   1   1   1   1
Met ATG   2   2   2   2   2   2 |     ACG   0   0   0   0   0   0 |     AAG   0   0   1   0   0   0 |     AGG   2   3   2   2   2   2
--------------------------------------------------------------------------------------------------------------------------------------
Val GTT   2   2   2   2   2   2 | Ala GCT   2   2   2   2   2   2 | Asp GAT   2   2   2   2   2   2 | Gly GGT   3   3   3   3   3   3
    GTC   0   0   0   0   0   0 |     GCC   2   2   2   2   1   2 |     GAC   3   3   3   3   3   3 |     GGC   1   0   0   0   0   0
    GTA   0   0   0   0   1   0 |     GCA   1   1   1   1   2   1 | Glu GAA   3   3   3   3   3   3 |     GGA   2   3   3   3   3   3
    GTG   2   2   2   2   1   2 |     GCG   1   1   1   1   1   1 |     GAG   2   2   2   2   2   2 |     GGG   0   0   0   0   0   0
--------------------------------------------------------------------------------------------------------------------------------------

--------------------------------------------------------------------------------------------------------------------------------------
Phe TTT   1   1   1   1   1   1 | Ser TCT   4   4   4   4   4   4 | Tyr TAT   1   1   1   1   1   0 | Cys TGT   0   0   0   0   0   0
    TTC   1   1   1   1   1   1 |     TCC   1   1   1   1   1   1 |     TAC   0   0   0   0   0   1 |     TGC   0   0   0   0   0   0
Leu TTA   2   2   2   2   2   2 |     TCA   0   0   0   0   0   0 | *** TAA   0   0   0   0   0   0 | *** TGA   0   0   0   0   0   0
    TTG   4   4   4   4   4   4 |     TCG   0   0   0   0   0   0 |     TAG   0   0   0   0   0   0 | Trp TGG   2   2   2   2   2   2
--------------------------------------------------------------------------------------------------------------------------------------
Leu CTT   0   0   0   0   0   0 | Pro CCT   2   2   2   2   2   2 | His CAT   0   0   0   0   0   0 | Arg CGT   1   1   1   1   1   1
    CTC   1   1   1   1   1   1 |     CCC   0   0   0   0   0   0 |     CAC   0   0   0   0   0   0 |     CGC   0   0   0   0   0   0
    CTA   1   1   1   1   1   0 |     CCA   1   1   1   1   1   1 | Gln CAA   2   2   2   3   2   2 |     CGA   2   2   2   2   2   2
    CTG   1   1   1   1   1   2 |     CCG   0   0   0   0   0   0 |     CAG   2   2   2   1   2   2 |     CGG   2   2   2   2   2   2
--------------------------------------------------------------------------------------------------------------------------------------
Ile ATT   3   3   3   3   3   3 | Thr ACT   0   0   0   0   0   0 | Asn AAT   1   1   1   1   1   1 | Ser AGT   0   0   0   0   0   0
    ATC   0   0   0   0   0   0 |     ACC   2   2   2   2   2   2 |     AAC   0   0   0   0   0   0 |     AGC   0   0   0   0   0   0
    ATA   0   0   0   0   0   0 |     ACA   1   1   1   1   1   1 | Lys AAA   3   3   3   3   3   3 | Arg AGA   1   1   1   1   1   1
Met ATG   2   2   2   2   2   2 |     ACG   0   0   0   0   0   0 |     AAG   0   0   0   0   0   0 |     AGG   2   2   2   2   2   2
--------------------------------------------------------------------------------------------------------------------------------------
Val GTT   1   2   2   2   2   2 | Ala GCT   2   2   2   3   2   2 | Asp GAT   3   3   2   3   2   2 | Gly GGT   3   3   3   3   3   3
    GTC   1   0   0   0   0   0 |     GCC   2   2   2   1   2   2 |     GAC   2   2   3   2   3   3 |     GGC   0   0   0   0   0   0
    GTA   0   0   0   1   0   0 |     GCA   1   1   1   2   1   1 | Glu GAA   3   3   3   3   3   3 |     GGA   3   3   3   3   3   3
    GTG   2   2   2   1   2   2 |     GCG   1   1   1   0   1   1 |     GAG   2   2   2   2   2   2 |     GGG   0   0   0   0   0   0
--------------------------------------------------------------------------------------------------------------------------------------

--------------------------------------------------------------------------------------------------------------------------------------
Phe TTT   1   1   1   1   1   1 | Ser TCT   3   4   4   4   4   4 | Tyr TAT   1   0   1   1   1   1 | Cys TGT   0   0   0   0   0   0
    TTC   1   1   1   1   1   1 |     TCC   1   1   1   1   1   1 |     TAC   0   1   0   0   0   0 |     TGC   0   0   0   0   0   0
Leu TTA   2   2   2   2   2   2 |     TCA   1   0   0   0   0   0 | *** TAA   0   0   0   0   0   0 | *** TGA   0   0   0   0   0   0
    TTG   4   4   4   4   4   4 |     TCG   0   0   0   0   0   0 |     TAG   0   0   0   0   0   0 | Trp TGG   2   2   2   2   2   2
--------------------------------------------------------------------------------------------------------------------------------------
Leu CTT   0   0   0   0   0   0 | Pro CCT   2   2   2   2   2   2 | His CAT   0   0   0   0   0   0 | Arg CGT   1   1   0   1   1   1
    CTC   1   1   1   1   1   1 |     CCC   0   0   0   0   0   0 |     CAC   0   0   0   0   0   0 |     CGC   0   0   1   0   0   0
    CTA   1   0   1   1   1   1 |     CCA   1   1   1   1   1   1 | Gln CAA   2   2   2   2   2   2 |     CGA   2   2   2   2   3   2
    CTG   1   2   1   1   1   1 |     CCG   0   0   0   0   0   0 |     CAG   2   2   2   2   2   2 |     CGG   2   2   3   2   1   2
--------------------------------------------------------------------------------------------------------------------------------------
Ile ATT   3   3   3   3   3   3 | Thr ACT   0   0   0   0   0   0 | Asn AAT   1   1   1   1   1   1 | Ser AGT   0   0   0   0   0   0
    ATC   0   0   0   0   0   0 |     ACC   2   2   2   2   2   2 |     AAC   0   0   0   0   0   0 |     AGC   0   0   0   0   0   0
    ATA   0   0   0   0   0   0 |     ACA   1   1   1   1   1   1 | Lys AAA   3   3   3   3   3   3 | Arg AGA   1   1   1   1   1   1
Met ATG   2   2   2   2   2   2 |     ACG   0   0   0   0   0   0 |     AAG   0   0   0   0   0   0 |     AGG   2   2   1   2   2   2
--------------------------------------------------------------------------------------------------------------------------------------
Val GTT   2   2   2   2   2   2 | Ala GCT   2   2   3   2   2   2 | Asp GAT   2   3   3   2   2   2 | Gly GGT   3   3   3   3   3   3
    GTC   0   0   0   0   0   0 |     GCC   1   2   2   2   2   2 |     GAC   3   2   2   3   3   3 |     GGC   0   0   0   0   0   0
    GTA   1   0   0   0   0   0 |     GCA   2   0   1   1   2   1 | Glu GAA   3   3   3   3   3   3 |     GGA   3   3   3   3   3   3
    GTG   1   2   2   2   2   2 |     GCG   1   2   0   1   0   1 |     GAG   2   2   2   2   2   2 |     GGG   0   0   0   0   0   0
--------------------------------------------------------------------------------------------------------------------------------------

--------------------------------------------------------------------------------------------------------------------------------------
Phe TTT   1   1   1   1   1   1 | Ser TCT   4   4   4   4   4   4 | Tyr TAT   1   0   1   1   1   1 | Cys TGT   0   0   0   0   0   0
    TTC   1   1   1   1   1   1 |     TCC   1   1   1   1   1   1 |     TAC   0   1   0   0   0   0 |     TGC   0   0   0   0   0   0
Leu TTA   2   2   2   2   3   2 |     TCA   0   0   0   0   0   0 | *** TAA   0   0   0   0   0   0 | *** TGA   0   0   0   0   0   0
    TTG   4   4   4   4   3   4 |     TCG   0   0   0   0   0   0 |     TAG   0   0   0   0   0   0 | Trp TGG   2   2   2   2   2   2
--------------------------------------------------------------------------------------------------------------------------------------
Leu CTT   0   0   0   0   0   0 | Pro CCT   2   2   2   2   2   2 | His CAT   0   0   0   0   0   0 | Arg CGT   1   1   1   1   1   1
    CTC   1   1   1   1   1   1 |     CCC   0   0   0   0   0   0 |     CAC   0   0   0   0   0   0 |     CGC   0   0   0   0   0   0
    CTA   1   0   1   1   1   1 |     CCA   1   1   1   1   1   1 | Gln CAA   2   2   2   2   2   2 |     CGA   2   2   2   2   2   3
    CTG   1   2   1   1   1   1 |     CCG   0   0   0   0   0   0 |     CAG   2   2   2   2   2   2 |     CGG   2   2   2   2   2   1
--------------------------------------------------------------------------------------------------------------------------------------
Ile ATT   3   3   3   3   3   3 | Thr ACT   0   0   0   0   0   0 | Asn AAT   1   1   1   1   1   1 | Ser AGT   0   0   0   0   0   0
    ATC   0   0   0   0   0   0 |     ACC   1   2   2   2   2   2 |     AAC   0   0   0   0   0   0 |     AGC   1   0   0   0   0   0
    ATA   0   0   0   0   0   0 |     ACA   1   1   1   1   1   1 | Lys AAA   3   3   3   3   3   3 | Arg AGA   1   1   1   1   1   1
Met ATG   2   2   2   2   2   2 |     ACG   0   0   0   0   0   0 |     AAG   0   0   0   0   0   0 |     AGG   2   2   2   2   2   2
--------------------------------------------------------------------------------------------------------------------------------------
Val GTT   2   2   2   2   2   2 | Ala GCT   1   2   2   2   2   2 | Asp GAT   2   2   2   2   3   3 | Gly GGT   3   3   3   3   3   3
    GTC   0   0   0   0   0   0 |     GCC   3   2   2   2   1   2 |     GAC   3   3   3   3   2   2 |     GGC   0   0   0   0   0   0
    GTA   0   0   0   0   1   0 |     GCA   1   0   1   1   2   1 | Glu GAA   3   3   3   3   3   3 |     GGA   3   3   3   3   3   3
    GTG   2   2   2   2   1   2 |     GCG   1   2   1   1   1   1 |     GAG   2   2   2   2   2   2 |     GGG   0   0   0   0   0   0
--------------------------------------------------------------------------------------------------------------------------------------

--------------------------------------------------------------------------------------------------------------------------------------
Phe TTT   1   1   1   1   1   1 | Ser TCT   4   4   4   4   4   4 | Tyr TAT   1   1   1   1   0   1 | Cys TGT   0   0   0   0   0   0
    TTC   1   1   1   1   1   1 |     TCC   1   1   1   1   1   1 |     TAC   0   0   0   0   1   0 |     TGC   0   0   0   0   0   0
Leu TTA   2   2   2   2   2   2 |     TCA   0   0   0   0   0   0 | *** TAA   0   0   0   0   0   0 | *** TGA   0   0   0   0   0   0
    TTG   4   4   4   4   4   4 |     TCG   0   0   0   0   0   0 |     TAG   0   0   0   0   0   0 | Trp TGG   2   2   2   2   2   2
--------------------------------------------------------------------------------------------------------------------------------------
Leu CTT   0   0   0   0   0   0 | Pro CCT   2   2   2   2   2   2 | His CAT   0   0   0   0   0   0 | Arg CGT   1   1   0   1   1   1
    CTC   1   1   1   1   1   1 |     CCC   0   0   0   0   0   0 |     CAC   0   0   0   0   0   0 |     CGC   0   0   1   0   0   0
    CTA   1   1   1   1   0   1 |     CCA   1   1   1   1   1   1 | Gln CAA   2   2   2   2   2   2 |     CGA   2   2   2   2   2   2
    CTG   1   1   1   1   2   1 |     CCG   0   0   0   0   0   0 |     CAG   2   2   2   2   2   2 |     CGG   2   2   2   2   2   2
--------------------------------------------------------------------------------------------------------------------------------------
Ile ATT   3   3   3   3   3   3 | Thr ACT   0   0   0   0   0   0 | Asn AAT   1   1   1   1   1   1 | Ser AGT   0   0   0   0   0   0
    ATC   0   0   0   0   0   0 |     ACC   2   2   2   2   2   2 |     AAC   0   0   0   0   0   0 |     AGC   0   0   0   0   0   0
    ATA   0   0   0   0   0   0 |     ACA   1   1   1   1   1   1 | Lys AAA   3   3   3   3   3   3 | Arg AGA   1   1   1   1   1   1
Met ATG   2   2   2   2   2   2 |     ACG   0   0   0   0   0   0 |     AAG   0   0   0   0   0   0 |     AGG   2   2   2   2   2   2
--------------------------------------------------------------------------------------------------------------------------------------
Val GTT   2   2   2   2   2   2 | Ala GCT   2   3   2   2   2   2 | Asp GAT   3   3   3   3   2   2 | Gly GGT   3   3   3   3   3   3
    GTC   0   0   0   0   0   0 |     GCC   2   1   3   2   2   2 |     GAC   2   2   2   2   3   3 |     GGC   0   0   0   0   0   0
    GTA   0   1   0   0   0   0 |     GCA   1   2   1   1   0   1 | Glu GAA   3   3   3   3   3   3 |     GGA   3   3   3   3   3   3
    GTG   2   1   2   2   2   2 |     GCG   1   0   0   1   2   1 |     GAG   2   2   2   2   2   2 |     GGG   0   0   0   0   0   0
--------------------------------------------------------------------------------------------------------------------------------------

--------------------------------------------------------------------------------------------------------------------------------------
Phe TTT   1   1   1   1   1   1 | Ser TCT   4   4   4   4   4   4 | Tyr TAT   1   1   1   1   1   0 | Cys TGT   0   0   0   0   0   0
    TTC   1   1   1   1   1   1 |     TCC   1   1   1   1   1   1 |     TAC   0   0   0   0   0   1 |     TGC   0   0   0   0   0   0
Leu TTA   2   2   2   3   2   2 |     TCA   0   0   0   0   0   0 | *** TAA   0   0   0   0   0   0 | *** TGA   0   0   0   0   0   0
    TTG   4   4   4   3   4   4 |     TCG   0   0   0   0   0   0 |     TAG   0   0   0   0   0   0 | Trp TGG   2   2   2   2   2   2
--------------------------------------------------------------------------------------------------------------------------------------
Leu CTT   0   0   0   0   0   0 | Pro CCT   2   2   2   2   2   2 | His CAT   0   0   0   0   0   0 | Arg CGT   1   1   1   1   1   1
    CTC   1   1   1   1   1   1 |     CCC   0   0   0   0   0   0 |     CAC   0   0   0   0   0   0 |     CGC   0   0   0   1   0   0
    CTA   1   1   1   1   0   0 |     CCA   1   1   1   1   1   1 | Gln CAA   2   2   2   2   2   2 |     CGA   2   2   2   1   2   2
    CTG   1   1   1   1   2   2 |     CCG   0   0   0   0   0   0 |     CAG   2   2   2   2   2   2 |     CGG   2   2   2   2   2   2
--------------------------------------------------------------------------------------------------------------------------------------
Ile ATT   3   3   3   3   3   3 | Thr ACT   0   0   0   0   0   0 | Asn AAT   1   1   1   1   1   1 | Ser AGT   0   0   0   0   0   0
    ATC   0   0   0   0   0   0 |     ACC   2   2   2   2   2   2 |     AAC   0   0   0   0   0   0 |     AGC   0   0   0   0   0   0
    ATA   0   0   0   0   0   0 |     ACA   1   1   1   1   1   1 | Lys AAA   3   3   3   3   3   3 | Arg AGA   1   1   1   1   1   1
Met ATG   2   2   2   2   2   2 |     ACG   0   0   0   0   0   0 |     AAG   0   0   0   0   0   0 |     AGG   2   2   2   2   2   2
--------------------------------------------------------------------------------------------------------------------------------------
Val GTT   2   2   2   2   2   2 | Ala GCT   2   2   2   2   2   2 | Asp GAT   2   2   3   3   2   2 | Gly GGT   3   3   3   2   3   3
    GTC   0   0   0   0   0   0 |     GCC   1   2   2   2   2   2 |     GAC   3   3   2   2   3   3 |     GGC   0   0   0   1   0   0
    GTA   1   0   0   0   0   0 |     GCA   2   1   0   1   1   0 | Glu GAA   3   3   3   3   3   3 |     GGA   3   3   3   3   3   3
    GTG   1   2   2   2   2   2 |     GCG   1   1   2   1   1   2 |     GAG   2   2   2   2   2   2 |     GGG   0   0   0   0   0   0
--------------------------------------------------------------------------------------------------------------------------------------

Codon position x base (3x4) table for each sequence.

#1: Argali         
position  1:    T:0.22222    C:0.20833    A:0.20833    G:0.36111
position  2:    T:0.27778    C:0.23611    A:0.26389    G:0.22222
position  3:    T:0.29167    C:0.15278    A:0.27778    G:0.27778
Average         T:0.26389    C:0.19907    A:0.25000    G:0.28704

#2: LesserMouseDeer
position  1:    T:0.20833    C:0.20833    A:0.22222    G:0.36111
position  2:    T:0.27778    C:0.23611    A:0.26389    G:0.22222
position  3:    T:0.29167    C:0.13889    A:0.30556    G:0.26389
Average         T:0.25926    C:0.19444    A:0.26389    G:0.28241

#3: LesserKudu     
position  1:    T:0.22222    C:0.20833    A:0.20833    G:0.36111
position  2:    T:0.27778    C:0.23611    A:0.26389    G:0.22222
position  3:    T:0.29167    C:0.15278    A:0.25000    G:0.30556
Average         T:0.26389    C:0.19907    A:0.24074    G:0.29630

#4: ForestMuskDeer2
position  1:    T:0.22222    C:0.20833    A:0.20833    G:0.36111
position  2:    T:0.27778    C:0.23611    A:0.26389    G:0.22222
position  3:    T:0.30556    C:0.15278    A:0.27778    G:0.26389
Average         T:0.26852    C:0.19907    A:0.25000    G:0.28241

#5: Camel          
position  1:    T:0.20833    C:0.20833    A:0.22222    G:0.36111
position  2:    T:0.27778    C:0.23611    A:0.26389    G:0.22222
position  3:    T:0.27778    C:0.16667    A:0.23611    G:0.31944
Average         T:0.25463    C:0.20370    A:0.24074    G:0.30093

#6: KillerWhale    
position  1:    T:0.22222    C:0.20833    A:0.20833    G:0.36111
position  2:    T:0.27778    C:0.23611    A:0.26389    G:0.22222
position  3:    T:0.31944    C:0.09722    A:0.25000    G:0.33333
Average         T:0.27315    C:0.18056    A:0.24074    G:0.30556

#7: DefassaWaterbuck
position  1:    T:0.22222    C:0.20833    A:0.20833    G:0.36111
position  2:    T:0.27778    C:0.23611    A:0.26389    G:0.22222
position  3:    T:0.30556    C:0.13889    A:0.27778    G:0.27778
Average         T:0.26852    C:0.19444    A:0.25000    G:0.28704

#8: Sheep          
position  1:    T:0.22222    C:0.20833    A:0.20833    G:0.36111
position  2:    T:0.27778    C:0.23611    A:0.26389    G:0.22222
position  3:    T:0.29167    C:0.15278    A:0.27778    G:0.27778
Average         T:0.26389    C:0.19907    A:0.25000    G:0.28704

#9: MaxwellsDuiker 
position  1:    T:0.22222    C:0.20833    A:0.20833    G:0.36111
position  2:    T:0.27778    C:0.23611    A:0.26389    G:0.22222
position  3:    T:0.30556    C:0.13889    A:0.27778    G:0.27778
Average         T:0.26852    C:0.19444    A:0.25000    G:0.28704

#10: GazellaPrzewalskyi
position  1:    T:0.22222    C:0.20833    A:0.20833    G:0.36111
position  2:    T:0.27778    C:0.23611    A:0.26389    G:0.22222
position  3:    T:0.30556    C:0.13889    A:0.31944    G:0.23611
Average         T:0.26852    C:0.19444    A:0.26389    G:0.27315

#11: MountainNyala  
position  1:    T:0.22222    C:0.20833    A:0.20833    G:0.36111
position  2:    T:0.27778    C:0.23611    A:0.26389    G:0.22222
position  3:    T:0.29167    C:0.15278    A:0.25000    G:0.30556
Average         T:0.26389    C:0.19907    A:0.24074    G:0.29630

#12: MuntiacusMuntjak
position  1:    T:0.22222    C:0.20833    A:0.20833    G:0.36111
position  2:    T:0.27778    C:0.23611    A:0.26389    G:0.22222
position  3:    T:0.31944    C:0.13889    A:0.27778    G:0.26389
Average         T:0.27315    C:0.19444    A:0.25000    G:0.28241

#13: goat           
position  1:    T:0.22222    C:0.20833    A:0.20833    G:0.36111
position  2:    T:0.27778    C:0.23611    A:0.26389    G:0.22222
position  3:    T:0.30556    C:0.13889    A:0.27778    G:0.27778
Average         T:0.26852    C:0.19444    A:0.25000    G:0.28704

#14: AfricanBuffalo 
position  1:    T:0.22222    C:0.20833    A:0.20833    G:0.36111
position  2:    T:0.27778    C:0.23611    A:0.26389    G:0.22222
position  3:    T:0.27778    C:0.16667    A:0.25000    G:0.30556
Average         T:0.25926    C:0.20370    A:0.24074    G:0.29630

#15: Topi           
position  1:    T:0.22222    C:0.20833    A:0.20833    G:0.36111
position  2:    T:0.27778    C:0.23611    A:0.26389    G:0.22222
position  3:    T:0.30556    C:0.13889    A:0.27778    G:0.27778
Average         T:0.26852    C:0.19444    A:0.25000    G:0.28704

#16: CommonDuiker   
position  1:    T:0.22222    C:0.20833    A:0.20833    G:0.36111
position  2:    T:0.27778    C:0.23611    A:0.26389    G:0.22222
position  3:    T:0.30556    C:0.13889    A:0.29167    G:0.26389
Average         T:0.26852    C:0.19444    A:0.25463    G:0.28241

#17: Suni           
position  1:    T:0.22222    C:0.19444    A:0.22222    G:0.36111
position  2:    T:0.27778    C:0.23611    A:0.26389    G:0.22222
position  3:    T:0.31944    C:0.12500    A:0.27778    G:0.27778
Average         T:0.27315    C:0.18519    A:0.25463    G:0.28704

#18: Springbuck     
position  1:    T:0.22222    C:0.20833    A:0.20833    G:0.36111
position  2:    T:0.27778    C:0.23611    A:0.26389    G:0.22222
position  3:    T:0.30556    C:0.12500    A:0.30556    G:0.26389
Average         T:0.26852    C:0.18981    A:0.25926    G:0.28241

#19: Okapi          
position  1:    T:0.22222    C:0.20833    A:0.20833    G:0.36111
position  2:    T:0.27778    C:0.23611    A:0.26389    G:0.22222
position  3:    T:0.29167    C:0.16667    A:0.26389    G:0.27778
Average         T:0.26389    C:0.20370    A:0.24537    G:0.28704

#20: Giraffe        
position  1:    T:0.22222    C:0.20833    A:0.20833    G:0.36111
position  2:    T:0.27778    C:0.23611    A:0.26389    G:0.22222
position  3:    T:0.29167    C:0.15278    A:0.26389    G:0.29167
Average         T:0.26389    C:0.19907    A:0.24537    G:0.29167

#21: TibetanAntelope
position  1:    T:0.22222    C:0.20833    A:0.20833    G:0.36111
position  2:    T:0.27778    C:0.23611    A:0.26389    G:0.22222
position  3:    T:0.30556    C:0.13889    A:0.26389    G:0.29167
Average         T:0.26852    C:0.19444    A:0.24537    G:0.29167

#22: Sitatunga      
position  1:    T:0.22222    C:0.20833    A:0.20833    G:0.36111
position  2:    T:0.27778    C:0.23611    A:0.26389    G:0.22222
position  3:    T:0.29167    C:0.15278    A:0.26389    G:0.29167
Average         T:0.26389    C:0.19907    A:0.24537    G:0.29167

#23: Oribi          
position  1:    T:0.22222    C:0.20833    A:0.20833    G:0.36111
position  2:    T:0.27778    C:0.23611    A:0.26389    G:0.22222
position  3:    T:0.30556    C:0.12500    A:0.30556    G:0.26389
Average         T:0.26852    C:0.18981    A:0.25926    G:0.28241

#24: BarbarySheep   
position  1:    T:0.22222    C:0.20833    A:0.20833    G:0.36111
position  2:    T:0.27778    C:0.23611    A:0.26389    G:0.22222
position  3:    T:0.31944    C:0.12500    A:0.27778    G:0.27778
Average         T:0.27315    C:0.18981    A:0.25000    G:0.28704

#25: Daviddeer      
position  1:    T:0.22222    C:0.20833    A:0.20833    G:0.36111
position  2:    T:0.27778    C:0.23611    A:0.26389    G:0.22222
position  3:    T:0.30556    C:0.13889    A:0.27778    G:0.27778
Average         T:0.26852    C:0.19444    A:0.25000    G:0.28704

#26: Reindeer       
position  1:    T:0.22222    C:0.20833    A:0.20833    G:0.36111
position  2:    T:0.27778    C:0.23611    A:0.26389    G:0.22222
position  3:    T:0.31944    C:0.12500    A:0.27778    G:0.27778
Average         T:0.27315    C:0.18981    A:0.25000    G:0.28704

#27: Ibex           
position  1:    T:0.22222    C:0.20833    A:0.20833    G:0.36111
position  2:    T:0.27778    C:0.23611    A:0.26389    G:0.22222
position  3:    T:0.30556    C:0.13889    A:0.27778    G:0.27778
Average         T:0.26852    C:0.19444    A:0.25000    G:0.28704

#28: GyrantGazelle  
position  1:    T:0.22222    C:0.20833    A:0.20833    G:0.36111
position  2:    T:0.27778    C:0.23611    A:0.26389    G:0.22222
position  3:    T:0.33333    C:0.11111    A:0.31944    G:0.23611
Average         T:0.27778    C:0.18519    A:0.26389    G:0.27315

#29: Hartebeest     
position  1:    T:0.22222    C:0.20833    A:0.20833    G:0.36111
position  2:    T:0.27778    C:0.23611    A:0.26389    G:0.22222
position  3:    T:0.30556    C:0.13889    A:0.27778    G:0.27778
Average         T:0.26852    C:0.19444    A:0.25000    G:0.28704

#30: Bongo          
position  1:    T:0.22222    C:0.20833    A:0.20833    G:0.36111
position  2:    T:0.27778    C:0.23611    A:0.26389    G:0.22222
position  3:    T:0.29167    C:0.15278    A:0.26389    G:0.29167
Average         T:0.26389    C:0.19907    A:0.24537    G:0.29167

#31: Gerenuk        
position  1:    T:0.22222    C:0.20833    A:0.20833    G:0.36111
position  2:    T:0.27778    C:0.23611    A:0.26389    G:0.22222
position  3:    T:0.29167    C:0.12500    A:0.31944    G:0.26389
Average         T:0.26389    C:0.18981    A:0.26389    G:0.28241

#32: CommonEland    
position  1:    T:0.22222    C:0.20833    A:0.20833    G:0.36111
position  2:    T:0.27778    C:0.23611    A:0.26389    G:0.22222
position  3:    T:0.30556    C:0.13889    A:0.25000    G:0.30556
Average         T:0.26852    C:0.19444    A:0.24074    G:0.29630

#33: MuntiacusReevesi
position  1:    T:0.22222    C:0.22222    A:0.19444    G:0.36111
position  2:    T:0.27778    C:0.23611    A:0.26389    G:0.22222
position  3:    T:0.31944    C:0.13889    A:0.27778    G:0.26389
Average         T:0.27315    C:0.19907    A:0.24537    G:0.28241

#34: HarveysDuiker  
position  1:    T:0.22222    C:0.20833    A:0.20833    G:0.36111
position  2:    T:0.27778    C:0.23611    A:0.26389    G:0.22222
position  3:    T:0.30556    C:0.13889    A:0.27778    G:0.27778
Average         T:0.26852    C:0.19444    A:0.25000    G:0.28704

#35: Pronghorn      
position  1:    T:0.22222    C:0.20833    A:0.20833    G:0.36111
position  2:    T:0.27778    C:0.23611    A:0.26389    G:0.22222
position  3:    T:0.30556    C:0.13889    A:0.30556    G:0.25000
Average         T:0.26852    C:0.19444    A:0.25926    G:0.27778

#36: BlueWildebeest 
position  1:    T:0.22222    C:0.20833    A:0.20833    G:0.36111
position  2:    T:0.27778    C:0.23611    A:0.26389    G:0.22222
position  3:    T:0.30556    C:0.13889    A:0.27778    G:0.27778
Average         T:0.26852    C:0.19444    A:0.25000    G:0.28704

#37: Gemsbok        
position  1:    T:0.22222    C:0.20833    A:0.20833    G:0.36111
position  2:    T:0.27778    C:0.22222    A:0.26389    G:0.23611
position  3:    T:0.29167    C:0.15278    A:0.27778    G:0.27778
Average         T:0.26389    C:0.19444    A:0.25000    G:0.29167

#38: Yak            
position  1:    T:0.22222    C:0.20833    A:0.20833    G:0.36111
position  2:    T:0.27778    C:0.23611    A:0.26389    G:0.22222
position  3:    T:0.29167    C:0.15278    A:0.25000    G:0.30556
Average         T:0.26389    C:0.19907    A:0.24074    G:0.29630

#39: BlueSheep      
position  1:    T:0.22222    C:0.20833    A:0.20833    G:0.36111
position  2:    T:0.27778    C:0.23611    A:0.26389    G:0.22222
position  3:    T:0.30556    C:0.13889    A:0.27778    G:0.27778
Average         T:0.26852    C:0.19444    A:0.25000    G:0.28704

#40: BohorReedbuck  
position  1:    T:0.22222    C:0.20833    A:0.20833    G:0.36111
position  2:    T:0.27778    C:0.23611    A:0.26389    G:0.22222
position  3:    T:0.30556    C:0.13889    A:0.27778    G:0.27778
Average         T:0.26852    C:0.19444    A:0.25000    G:0.28704

#41: KirksDik       
position  1:    T:0.22222    C:0.20833    A:0.20833    G:0.36111
position  2:    T:0.27778    C:0.23611    A:0.26389    G:0.22222
position  3:    T:0.31944    C:0.11111    A:0.31944    G:0.25000
Average         T:0.27315    C:0.18519    A:0.26389    G:0.27778

#42: RoeDeer        
position  1:    T:0.22222    C:0.20833    A:0.20833    G:0.36111
position  2:    T:0.27778    C:0.23611    A:0.26389    G:0.22222
position  3:    T:0.31944    C:0.12500    A:0.29167    G:0.26389
Average         T:0.27315    C:0.18981    A:0.25463    G:0.28241

#43: WhiteLippedDeer
position  1:    T:0.22222    C:0.20833    A:0.20833    G:0.36111
position  2:    T:0.27778    C:0.23611    A:0.26389    G:0.22222
position  3:    T:0.31944    C:0.12500    A:0.27778    G:0.27778
Average         T:0.27315    C:0.18981    A:0.25000    G:0.28704

#44: ThomsonGazelle 
position  1:    T:0.22222    C:0.20833    A:0.20833    G:0.36111
position  2:    T:0.27778    C:0.23611    A:0.26389    G:0.22222
position  3:    T:0.33333    C:0.11111    A:0.30556    G:0.25000
Average         T:0.27778    C:0.18519    A:0.25926    G:0.27778

#45: MuntiacusCrinifrons
position  1:    T:0.22222    C:0.20833    A:0.20833    G:0.36111
position  2:    T:0.27778    C:0.23611    A:0.26389    G:0.22222
position  3:    T:0.30556    C:0.15278    A:0.27778    G:0.26389
Average         T:0.26852    C:0.19907    A:0.25000    G:0.28241

#46: WhiteTailedDeer
position  1:    T:0.22222    C:0.20833    A:0.20833    G:0.36111
position  2:    T:0.27778    C:0.23611    A:0.26389    G:0.22222
position  3:    T:0.31944    C:0.12500    A:0.27778    G:0.27778
Average         T:0.27315    C:0.18981    A:0.25000    G:0.28704

#47: Cattle         
position  1:    T:0.22222    C:0.20833    A:0.20833    G:0.36111
position  2:    T:0.27778    C:0.23611    A:0.26389    G:0.22222
position  3:    T:0.29167    C:0.15278    A:0.25000    G:0.30556
Average         T:0.26389    C:0.19907    A:0.24074    G:0.29630

#48: RoyalAntelope  
position  1:    T:0.22222    C:0.20833    A:0.20833    G:0.36111
position  2:    T:0.27778    C:0.23611    A:0.26389    G:0.22222
position  3:    T:0.30556    C:0.13889    A:0.27778    G:0.27778
Average         T:0.26852    C:0.19444    A:0.25000    G:0.28704

#49: Steenbok       
position  1:    T:0.22222    C:0.20833    A:0.20833    G:0.36111
position  2:    T:0.27778    C:0.23611    A:0.26389    G:0.22222
position  3:    T:0.30556    C:0.12500    A:0.30556    G:0.26389
Average         T:0.26852    C:0.18981    A:0.25926    G:0.28241

#50: Impala         
position  1:    T:0.22222    C:0.20833    A:0.20833    G:0.36111
position  2:    T:0.27778    C:0.23611    A:0.26389    G:0.22222
position  3:    T:0.30556    C:0.13889    A:0.27778    G:0.27778
Average         T:0.26852    C:0.19444    A:0.25000    G:0.28704

#51: Klipspringer   
position  1:    T:0.22222    C:0.20833    A:0.20833    G:0.36111
position  2:    T:0.27778    C:0.23611    A:0.26389    G:0.22222
