1
52 1
Argali 0.000000 0.274100 0.117500 0.297200 0.059600 0.009000 0.102400 0.097000 0.118600 0.132500 0.043300 0.089500 0.071300 0.080600 0.085800 0.086400 0.128500 0.121800 0.059900 0.122500 0.086900 0.043300 0.141900 0.120700 0.047800 0.095600 0.071400 0.117600 0.098300 0.105200 0.133300 0.072200 0.151000 0.069100 0.071400 0.106900 0.029900 0.059500 0.100600 0.156700 0.129500 0.093700 0.124600 0.131500 0.098700 0.084300 0.093800 0.079500 0.090700 0.142800 0.115000 0.124500
LesserMous 0.274100 0.000000 0.270900 0.313000 0.272000 0.267900 0.288200 0.270100 0.276500 0.263000 0.264200 0.252000 0.276800 0.278200 0.283200 0.281800 0.260400 0.251100 0.297500 0.291300 0.265700 0.270100 0.264100 0.247500 0.266300 0.274200 0.283200 0.277000 0.274800 0.257800 0.276900 0.268600 0.287100 0.277900 0.282800 0.269700 0.278000 0.265800 0.284400 0.267100 0.265800 0.278900 0.262700 0.263600 0.271000 0.257200 0.258800 0.277600 0.273000 0.288300 0.268000 0.287200
LesserKudu 0.117500 0.270900 0.000000 0.288000 0.116800 0.117500 0.150300 0.136900 0.047100 0.152700 0.119700 0.100600 0.126800 0.146000 0.139600 0.145900 0.145000 0.131000 0.143200 0.053800 0.131100 0.129800 0.151600 0.132300 0.119200 0.150100 0.132200 0.042000 0.150600 0.039800 0.153800 0.141200 0.168800 0.127400 0.127000 0.105800 0.124300 0.116600 0.162300 0.169300 0.139000 0.148400 0.147200 0.143400 0.112600 0.136200 0.153700 0.125700 0.151600 0.168500 0.039600 0.065600
KillerWhal 0.297200 0.313000 0.288000 0.000000 0.283300 0.284800 0.303700 0.284800 0.303600 0.287000 0.275000 0.274500 0.290900 0.296500 0.294300 0.305500 0.272400 0.266000 0.308000 0.305700 0.289300 0.310300 0.297700 0.277500 0.271400 0.306400 0.294600 0.298300 0.295500 0.281200 0.312900 0.292200 0.301300 0.289100 0.291100 0.292500 0.300600 0.277000 0.318100 0.290400 0.292500 0.302100 0.286400 0.292800 0.296500 0.304400 0.290900 0.274300 0.284800 0.298600 0.292200 0.295600
DefassaWat 0.059600 0.272000 0.116800 0.283300 0.000000 0.059500 0.094200 0.086500 0.117900 0.131400 0.061700 0.083900 0.061400 0.084900 0.078100 0.085800 0.127300 0.126000 0.073600 0.126700 0.081300 0.066400 0.130500 0.119700 0.070900 0.085200 0.061400 0.116900 0.083100 0.104700 0.137500 0.076400 0.155000 0.059200 0.056800 0.108700 0.067400 0.004400 0.107300 0.155400 0.128500 0.083300 0.123700 0.125300 0.105500 0.078900 0.088100 0.074100 0.094900 0.121400 0.114400 0.123700
Sheep 0.009000 0.267900 0.117500 0.284800 0.059500 0.000000 0.102200 0.096900 0.118500 0.132100 0.038500 0.089300 0.071100 0.080400 0.085600 0.086200 0.128100 0.121600 0.059800 0.122300 0.086700 0.043200 0.136400 0.115300 0.043000 0.095400 0.071200 0.117600 0.098100 0.105300 0.133000 0.072000 0.150700 0.069000 0.071200 0.106800 0.029800 0.059400 0.105400 0.151000 0.129200 0.093400 0.124300 0.126000 0.098600 0.079300 0.093600 0.079400 0.085500 0.142500 0.115000 0.124300
MaxwellsDu 0.102400 0.288200 0.150300 0.303700 0.094200 0.102200 0.000000 0.110600 0.154400 0.160500 0.101900 0.128400 0.111200 0.063800 0.121300 0.092100 0.139300 0.143600 0.122100 0.163200 0.092500 0.106800 0.159200 0.147900 0.106500 0.101300 0.109000 0.153100 0.104100 0.145600 0.167000 0.067900 0.174000 0.109200 0.111400 0.144200 0.108700 0.094000 0.114300 0.177300 0.152000 0.099400 0.152400 0.159200 0.145800 0.114900 0.117200 0.115400 0.135300 0.176600 0.150300 0.159900
GazellaPrz 0.097000 0.270100 0.136900 0.284800 0.086500 0.096900 0.110600 0.000000 0.132900 0.152000 0.089200 0.112600 0.103500 0.106300 0.116000 0.067400 0.144400 0.132800 0.114100 0.144400 0.063000 0.099000 0.156000 0.139500 0.088900 0.069400 0.101200 0.137100 0.069600 0.121900 0.155600 0.097200 0.162800 0.091400 0.100800 0.133400 0.098300 0.086400 0.093700 0.163100 0.146200 0.067400 0.146600 0.140100 0.135000 0.104800 0.084500 0.109900 0.124400 0.149300 0.134400 0.138500
MountainNy 0.118600 0.276500 0.047100 0.303600 0.117900 0.118500 0.154400 0.132900 0.000000 0.154200 0.120800 0.096400 0.125500 0.147400 0.146000 0.142000 0.146300 0.124400 0.144600 0.035100 0.137500 0.131000 0.153000 0.138800 0.120200 0.146200 0.130900 0.028100 0.152000 0.035300 0.155300 0.142600 0.154100 0.126100 0.128200 0.111900 0.125500 0.117700 0.163900 0.165400 0.140400 0.144400 0.148700 0.150100 0.113600 0.132300 0.155200 0.129500 0.147700 0.164800 0.021000 0.051800
MuntiacusM 0.132500 0.263000 0.152700 0.287000 0.131400 0.132100 0.160500 0.152000 0.154200 0.000000 0.134400 0.120100 0.136200 0.142600 0.149400 0.145200 0.128900 0.127600 0.153300 0.163200 0.145900 0.134400 0.057200 0.047400 0.144200 0.144100 0.141700 0.147600 0.155200 0.124000 0.031000 0.114200 0.141200 0.139400 0.136400 0.130700 0.139400 0.131200 0.167200 0.096000 0.045300 0.139600 0.018800 0.059800 0.127200 0.143300 0.163900 0.143300 0.148200 0.149400 0.139500 0.143700
goat 0.043300 0.264200 0.119700 0.275000 0.061700 0.038500 0.101900 0.089200 0.120800 0.134400 0.000000 0.086600 0.068600 0.082700 0.087800 0.083600 0.130200 0.128900 0.057300 0.129600 0.079100 0.040700 0.146400 0.122500 0.026900 0.080700 0.068700 0.114800 0.090500 0.102500 0.140600 0.074200 0.160900 0.066400 0.073400 0.111600 0.041400 0.061600 0.102600 0.158500 0.136700 0.081100 0.131800 0.128200 0.103300 0.076700 0.095700 0.081600 0.092700 0.129200 0.117200 0.116400
AfricanBuf 0.089500 0.252000 0.100600 0.274500 0.083900 0.089300 0.128400 0.112600 0.096400 0.120100 0.086600 0.000000 0.086100 0.116300 0.108500 0.111700 0.118700 0.112200 0.109000 0.110500 0.112200 0.096400 0.126900 0.100700 0.091100 0.110900 0.091100 0.100700 0.116300 0.081100 0.126100 0.112100 0.141000 0.088900 0.096000 0.051200 0.095500 0.083700 0.134700 0.133400 0.117200 0.109000 0.114800 0.111300 0.043800 0.109600 0.119200 0.102100 0.106300 0.117600 0.093100 0.097400
Topi 0.071300 0.276800 0.126800 0.290900 0.061400 0.071100 0.111200 0.103500 0.125500 0.136200 0.068600 0.086100 0.000000 0.097000 0.096900 0.097700 0.134500 0.128200 0.068700 0.131700 0.093200 0.078100 0.145600 0.121800 0.082600 0.097100 0.013200 0.121900 0.104600 0.112200 0.142300 0.088200 0.149300 0.024500 0.045000 0.105900 0.069600 0.061300 0.119700 0.157600 0.133300 0.095100 0.128400 0.137700 0.102700 0.081100 0.100100 0.086000 0.097200 0.128400 0.121900 0.133700
CommonDuik 0.080600 0.278200 0.146000 0.296500 0.084900 0.080400 0.063800 0.106300 0.147400 0.142600 0.082700 0.116300 0.097000 0.000000 0.106900 0.092800 0.125000 0.126400 0.102600 0.156300 0.093200 0.092500 0.146900 0.127800 0.092200 0.102000 0.094700 0.146200 0.099800 0.133400 0.143400 0.046600 0.150800 0.094900 0.097100 0.137300 0.089100 0.084700 0.104900 0.156700 0.129000 0.100100 0.134600 0.141600 0.128500 0.100500 0.110300 0.105900 0.120400 0.161100 0.143400 0.153000
Suni 0.085800 0.283200 0.139600 0.294300 0.078100 0.085600 0.121300 0.116000 0.146000 0.149400 0.087800 0.108500 0.096900 0.106900 0.000000 0.105000 0.144700 0.133300 0.104800 0.149600 0.103000 0.087800 0.151000 0.137200 0.097100 0.111600 0.097000 0.139700 0.117000 0.127400 0.145000 0.098000 0.168000 0.090000 0.094700 0.131300 0.094100 0.077900 0.129900 0.160400 0.146400 0.114700 0.141500 0.145800 0.122800 0.100500 0.119900 0.098300 0.114600 0.154700 0.137100 0.141400
Springbuck 0.086400 0.281800 0.145900 0.305500 0.085800 0.086200 0.092100 0.067400 0.142000 0.145200 0.083600 0.111700 0.097700 0.092800 0.105000 0.000000 0.145600 0.139300 0.105700 0.150800 0.050500 0.093200 0.141400 0.130400 0.097900 0.063800 0.095400 0.146000 0.029300 0.133500 0.151500 0.084000 0.171900 0.090700 0.090200 0.132200 0.084900 0.085600 0.080400 0.164200 0.136900 0.057300 0.137300 0.131000 0.133900 0.096400 0.071600 0.103900 0.125800 0.158300 0.143400 0.147500
Okapi 0.128500 0.260400 0.145000 0.272400 0.127300 0.128100 0.139300 0.144400 0.146300 0.128900 0.130200 0.118700 0.134500 0.125000 0.144700 0.145600 0.000000 0.062100 0.150700 0.160500 0.138600 0.135200 0.133000 0.107000 0.139700 0.139500 0.137300 0.150400 0.142600 0.132800 0.134900 0.125600 0.121000 0.137600 0.139600 0.128900 0.140000 0.127100 0.148500 0.142100 0.115700 0.142800 0.123600 0.130300 0.125600 0.143500 0.148300 0.131000 0.138500 0.160300 0.142600 0.152000
Giraffe 0.121800 0.251100 0.131000 0.266000 0.126000 0.121600 0.143600 0.132800 0.124400 0.127600 0.128900 0.112200 0.128200 0.126400 0.133300 0.139300 0.062100 0.000000 0.147100 0.130700 0.132300 0.126300 0.131800 0.110600 0.128400 0.138300 0.131000 0.123500 0.141400 0.118700 0.133700 0.129600 0.122300 0.126100 0.138500 0.117400 0.125900 0.125700 0.142100 0.141000 0.114300 0.141700 0.122300 0.123900 0.119200 0.137400 0.144600 0.124500 0.142400 0.161800 0.123400 0.130200
TibetanAnt 0.059900 0.297500 0.143200 0.308000 0.073600 0.059800 0.122100 0.114100 0.144600 0.153300 0.057300 0.109000 0.068700 0.102600 0.104800 0.105700 0.150700 0.147100 0.000000 0.153400 0.106200 0.057300 0.162700 0.140900 0.066500 0.109900 0.068800 0.143400 0.117700 0.130800 0.154300 0.096200 0.169000 0.071300 0.073500 0.124400 0.058200 0.073400 0.130700 0.166900 0.150200 0.108000 0.145300 0.152100 0.115900 0.098600 0.123200 0.101200 0.120700 0.158000 0.140700 0.150100
Sitatunga 0.122500 0.291300 0.053800 0.305700 0.126700 0.122300 0.163200 0.144400 0.035100 0.163200 0.129600 0.110500 0.131700 0.156300 0.149600 0.150800 0.160500 0.130700 0.153400 0.000000 0.146400 0.139800 0.156600 0.147700 0.134200 0.160300 0.137100 0.039600 0.160700 0.046900 0.164300 0.151400 0.168500 0.129700 0.131900 0.108100 0.134400 0.126500 0.167300 0.180000 0.149400 0.158600 0.157700 0.153800 0.114900 0.143600 0.164000 0.135800 0.162000 0.179000 0.037200 0.058300
Oribi 0.086900 0.265700 0.131100 0.289300 0.081300 0.086700 0.092500 0.063000 0.137500 0.145900 0.079100 0.112200 0.093200 0.093200 0.103000 0.050500 0.138600 0.132300 0.106200 0.146400 0.000000 0.088800 0.147300 0.136300 0.088600 0.064300 0.091000 0.136400 0.052700 0.123800 0.152200 0.084400 0.164600 0.086200 0.095500 0.130300 0.085400 0.081200 0.070900 0.165100 0.137600 0.057600 0.137900 0.139400 0.132000 0.091900 0.062400 0.099400 0.121300 0.148600 0.133700 0.143000
BarbaryShe 0.043300 0.270100 0.129800 0.310300 0.066400 0.043200 0.106800 0.099000 0.131000 0.134400 0.040700 0.096400 0.078100 0.092500 0.087800 0.093200 0.135200 0.126300 0.057300 0.139800 0.088800 0.000000 0.143700 0.127600 0.049800 0.087800 0.078200 0.130000 0.100200 0.117600 0.140500 0.079000 0.166200 0.076000 0.073400 0.111500 0.041400 0.066300 0.112600 0.163800 0.136600 0.090700 0.131700 0.138500 0.103200 0.086400 0.105500 0.088800 0.107700 0.147400 0.127300 0.136700
Daviddeer 0.141900 0.264100 0.151600 0.297700 0.130500 0.136400 0.159200 0.156000 0.153000 0.057200 0.146400 0.126900 0.145600 0.146900 0.151000 0.141400 0.133000 0.131800 0.162700 0.156600 0.147300 0.143700 0.000000 0.051800 0.153600 0.145400 0.151000 0.151700 0.151300 0.133600 0.057600 0.128700 0.150900 0.146200 0.145700 0.140100 0.148900 0.135400 0.163000 0.095200 0.025700 0.141000 0.052300 0.061800 0.136600 0.142200 0.165200 0.152800 0.163400 0.162000 0.143700 0.150700
Reindeer 0.120700 0.247500 0.132300 0.277500 0.119700 0.115300 0.147900 0.139500 0.138800 0.047400 0.122500 0.100700 0.121800 0.127800 0.137200 0.130400 0.107000 0.110600 0.140900 0.147700 0.136300 0.127600 0.051800 0.000000 0.127100 0.134600 0.127100 0.137700 0.140200 0.117300 0.052600 0.110200 0.126100 0.124900 0.122000 0.116100 0.127200 0.119400 0.151600 0.064600 0.044900 0.130100 0.042500 0.035000 0.112800 0.120900 0.151300 0.120800 0.135900 0.137000 0.129800 0.139300
Ibex 0.047800 0.266300 0.119200 0.271400 0.070900 0.043000 0.106500 0.088900 0.120200 0.144200 0.026900 0.091100 0.082600 0.092200 0.097100 0.097900 0.139700 0.128400 0.066500 0.134200 0.088600 0.049800 0.153600 0.127100 0.000000 0.094800 0.082700 0.124400 0.104800 0.112100 0.145100 0.083600 0.162900 0.080500 0.082700 0.116100 0.043600 0.070800 0.117300 0.157800 0.141300 0.095300 0.136400 0.138000 0.107800 0.090900 0.110200 0.091000 0.102200 0.144100 0.121800 0.131100
GyrantGaze 0.095600 0.274200 0.150100 0.306400 0.085200 0.095400 0.101300 0.069400 0.146200 0.144100 0.080700 0.110900 0.097100 0.102000 0.111600 0.063800 0.139500 0.138300 0.109900 0.160300 0.064300 0.087800 0.145400 0.134600 0.094800 0.000000 0.094800 0.145100 0.066200 0.137800 0.150300 0.083400 0.176000 0.094900 0.094500 0.126200 0.099200 0.085000 0.089600 0.168300 0.135900 0.020100 0.136200 0.137700 0.127900 0.095800 0.085500 0.108100 0.122500 0.160000 0.147600 0.151700
Hartebeest 0.071400 0.283200 0.132200 0.294600 0.061400 0.071200 0.109000 0.101200 0.130900 0.141700 0.068700 0.091100 0.013200 0.094700 0.097000 0.095400 0.137300 0.131000 0.068800 0.137100 0.091000 0.078200 0.151000 0.127100 0.082700 0.094800 0.000000 0.127200 0.102400 0.117500 0.147900 0.086000 0.154900 0.024600 0.045100 0.111100 0.069700 0.061300 0.117400 0.163300 0.136200 0.092900 0.133800 0.143200 0.107800 0.081200 0.097900 0.088500 0.097300 0.133700 0.127200 0.139000
Bongo 0.117600 0.277000 0.042000 0.298300 0.116900 0.117600 0.153100 0.137100 0.028100 0.147600 0.114800 0.100700 0.121900 0.146200 0.139700 0.146000 0.150400 0.123500 0.143400 0.039600 0.136400 0.130000 0.151700 0.137700 0.124400 0.145100 0.127200 0.000000 0.150700 0.039800 0.154000 0.141400 0.163600 0.127500 0.127100 0.105900 0.124400 0.116700 0.162500 0.169500 0.139200 0.143400 0.147400 0.143600 0.112700 0.131200 0.153900 0.128500 0.146400 0.168700 0.020800 0.046600
Gerenuk 0.098300 0.274800 0.150600 0.295500 0.083100 0.098100 0.104100 0.069600 0.152000 0.155200 0.090500 0.116300 0.104600 0.099800 0.117000 0.029300 0.142600 0.141400 0.117700 0.160700 0.052700 0.100200 0.151300 0.140200 0.104800 0.066200 0.102400 0.150700 0.000000 0.133100 0.156200 0.095900 0.173900 0.097600 0.092300 0.129300 0.097000 0.082900 0.082500 0.171700 0.146900 0.064200 0.147200 0.140800 0.136000 0.103400 0.064300 0.108500 0.133100 0.157800 0.148000 0.152200
CommonElan 0.105200 0.257800 0.039800 0.281200 0.104700 0.105300 0.145600 0.121900 0.035300 0.124000 0.102500 0.081100 0.112200 0.133400 0.127400 0.133500 0.132800 0.118700 0.130800 0.046900 0.123800 0.117600 0.133600 0.117300 0.112100 0.137800 0.117500 0.039800 0.133100 0.000000 0.135600 0.128800 0.137200 0.112700 0.112500 0.088600 0.111900 0.104500 0.149500 0.151000 0.121200 0.136000 0.129300 0.130800 0.095400 0.118700 0.136100 0.118600 0.133700 0.142700 0.027900 0.034800
MuntiacusR 0.133300 0.276900 0.153800 0.312900 0.137500 0.133000 0.167000 0.155600 0.155300 0.031000 0.140600 0.126100 0.142300 0.143400 0.145000 0.151500 0.134900 0.133700 0.154300 0.164300 0.152200 0.140500 0.057600 0.052600 0.145100 0.150300 0.147900 0.154000 0.156200 0.135600 0.000000 0.114900 0.144900 0.145600 0.142500 0.136800 0.140300 0.137200 0.173900 0.091400 0.045600 0.145800 0.026200 0.060200 0.128000 0.149600 0.170400 0.149600 0.154700 0.158400 0.140400 0.150100
HarveysDui 0.072200 0.268600 0.141200 0.292200 0.076400 0.072000 0.067900 0.097200 0.142600 0.114200 0.074200 0.112100 0.088200 0.046600 0.098000 0.084000 0.125600 0.129600 0.096200 0.151400 0.084400 0.079000 0.128700 0.110200 0.083600 0.083400 0.086000 0.141400 0.095900 0.128800 0.114900 0.000000 0.150900 0.086100 0.083500 0.122400 0.080300 0.076200 0.110800 0.143300 0.111300 0.081400 0.106500 0.118400 0.113900 0.089100 0.101200 0.099300 0.110900 0.153700 0.138700 0.148200
Pronghorn 0.151000 0.287100 0.168800 0.301300 0.155000 0.150700 0.174000 0.162800 0.154100 0.141200 0.160900 0.141000 0.149300 0.150800 0.168000 0.171900 0.121000 0.122300 0.169000 0.168500 0.164600 0.166200 0.150900 0.126100 0.162900 0.176000 0.154900 0.163600 0.173900 0.137200 0.144900 0.150900 0.000000 0.152700 0.175900 0.151800 0.163400 0.154700 0.172800 0.149500 0.140800 0.174300 0.143900 0.134600 0.142400 0.178300 0.155700 0.167300 0.162100 0.176300 0.144600 0.157000
BlueWildeb 0.069100 0.277900 0.127400 0.289100 0.059200 0.069000 0.109200 0.091400 0.126100 0.139400 0.066400 0.088900 0.024500 0.094900 0.090000 0.090700 0.137600 0.126100 0.071300 0.129700 0.086200 0.076000 0.146200 0.124900 0.080500 0.094900 0.024600 0.127500 0.097600 0.112700 0.145600 0.086100 0.152700 0.000000 0.047500 0.108800 0.072300 0.059100 0.112500 0.166300 0.136500 0.093000 0.131600 0.135700 0.105600 0.078900 0.098000 0.086300 0.100000 0.126400 0.122400 0.126500
Gemsbok 0.071400 0.282800 0.127000 0.291100 0.056800 0.071200 0.111400 0.100800 0.128200 0.136400 0.073400 0.096000 0.045000 0.097100 0.094700 0.090200 0.139600 0.138500 0.073500 0.131900 0.095500 0.073400 0.145700 0.122000 0.082700 0.094500 0.045100 0.127100 0.092300 0.112500 0.142500 0.083500 0.175900 0.047500 0.000000 0.111100 0.074600 0.056700 0.122100 0.157800 0.133500 0.097400 0.128600 0.135300 0.112800 0.086000 0.112300 0.088500 0.107200 0.144100 0.124500 0.134000
Yak 0.106900 0.269700 0.105800 0.292500 0.108700 0.106800 0.144200 0.133400 0.111900 0.130700 0.111600 0.051200 0.105900 0.137300 0.131300 0.132200 0.128900 0.117400 0.124400 0.108100 0.130300 0.111500 0.140100 0.116100 0.116100 0.126200 0.111100 0.105900 0.129300 0.088600 0.136800 0.122400 0.151800 0.108800 0.111100 0.000000 0.116000 0.108500 0.153500 0.149500 0.127700 0.124400 0.125300 0.127000 0.025000 0.130200 0.127200 0.117300 0.127200 0.154100 0.103300 0.110100
BlueSheep 0.029900 0.278000 0.124300 0.300600 0.067400 0.029800 0.108700 0.098300 0.125500 0.139400 0.041400 0.095500 0.069600 0.089100 0.094100 0.084900 0.140000 0.125900 0.058200 0.134400 0.085400 0.041400 0.148900 0.127200 0.043600 0.099200 0.069700 0.124400 0.097000 0.111900 0.140300 0.080300 0.163400 0.072300 0.074600 0.116000 0.000000 0.067300 0.109500 0.158700 0.136300 0.092300 0.131400 0.138300 0.107600 0.092700 0.097300 0.090300 0.101900 0.144500 0.121700 0.131200
BohorReedb 0.059500 0.265800 0.116600 0.277000 0.004400 0.059400 0.094000 0.086400 0.117700 0.131200 0.061600 0.083700 0.061300 0.084700 0.077900 0.085600 0.127100 0.125700 0.073400 0.126500 0.081200 0.066300 0.135400 0.119400 0.070800 0.085000 0.061300 0.116700 0.082900 0.104500 0.137200 0.076200 0.154700 0.059100 0.056700 0.108500 0.067300 0.000000 0.107100 0.149900 0.128300 0.083100 0.123400 0.125000 0.105300 0.078700 0.088000 0.069200 0.089800 0.126100 0.114200 0.123400
KirksDik 0.100600 0.284400 0.162300 0.318100 0.107300 0.105400 0.114300 0.093700 0.163900 0.167200 0.102600 0.134700 0.119700 0.104900 0.129900 0.080400 0.148500 0.142100 0.130700 0.167300 0.070900 0.112600 0.163000 0.151600 0.117300 0.089600 0.117400 0.162500 0.082500 0.149500 0.173900 0.110800 0.172800 0.112500 0.122100 0.153500 0.109500 0.107100 0.000000 0.184300 0.153100 0.087700 0.159000 0.160300 0.155000 0.118700 0.082800 0.123900 0.139000 0.183400 0.159600 0.163800
RoeDeer 0.156700 0.267100 0.169300 0.290400 0.155400 0.151000 0.177300 0.163100 0.165400 0.096000 0.158500 0.133400 0.157600 0.156700 0.160400 0.164200 0.142100 0.141000 0.166900 0.180000 0.165100 0.163800 0.095200 0.064600 0.157800 0.168300 0.163300 0.169500 0.171700 0.151000 0.091400 0.143300 0.149500 0.166300 0.157800 0.149500 0.158700 0.149900 0.184300 0.000000 0.088000 0.163800 0.090700 0.072300 0.145800 0.162400 0.180700 0.146500 0.167900 0.190800 0.161200 0.171000
WhiteLippe 0.129500 0.265800 0.139000 0.292500 0.128500 0.129200 0.152000 0.146200 0.140400 0.045300 0.136700 0.117200 0.133300 0.129000 0.146400 0.136900 0.115700 0.114300 0.150200 0.149400 0.137600 0.136600 0.025700 0.044900 0.141300 0.135900 0.136200 0.139200 0.146900 0.121200 0.045600 0.111300 0.140800 0.136500 0.133500 0.127700 0.136300 0.128300 0.153100 0.088000 0.000000 0.131400 0.040400 0.057200 0.124300 0.135100 0.155400 0.140300 0.150700 0.159900 0.131200 0.140800
ThomsonGaz 0.093700 0.278900 0.148400 0.302100 0.083300 0.093400 0.099400 0.067400 0.144400 0.139600 0.081100 0.109000 0.095100 0.100100 0.114700 0.057300 0.142800 0.141700 0.108000 0.158600 0.057600 0.090700 0.141000 0.130100 0.095300 0.020100 0.092900 0.143400 0.064200 0.136000 0.145800 0.081400 0.174300 0.093000 0.097400 0.124400 0.092300 0.083100 0.087700 0.163800 0.131400 0.000000 0.131700 0.133300 0.126100 0.098800 0.078700 0.106300 0.117700 0.158200 0.145800 0.150000
MuntiacusC 0.124600 0.262700 0.147200 0.286400 0.123700 0.124300 0.152400 0.146600 0.148700 0.018800 0.131800 0.114800 0.128400 0.134600 0.141500 0.137300 0.123600 0.122300 0.145300 0.157700 0.137900 0.131700 0.052300 0.042500 0.136400 0.136200 0.133800 0.147400 0.147200 0.129300 0.026200 0.106500 0.143900 0.131600 0.128600 0.125300 0.131400 0.123400 0.159000 0.090700 0.040400 0.131700 0.000000 0.054900 0.121900 0.135400 0.155800 0.135400 0.140100 0.149400 0.139300 0.149000
WhiteTaile 0.131500 0.263600 0.143400 0.292800 0.125300 0.126000 0.159200 0.140100 0.150100 0.059800 0.128200 0.111300 0.137700 0.141600 0.145800 0.131000 0.130300 0.123900 0.152100 0.153800 0.139400 0.138500 0.061800 0.035000 0.138000 0.137700 0.143200 0.143600 0.140800 0.130800 0.060200 0.118400 0.134600 0.135700 0.135300 0.127000 0.138300 0.125000 0.160300 0.072300 0.057200 0.133300 0.054900 0.000000 0.128700 0.142100 0.157200 0.136900 0.152500 0.148100 0.140800 0.145100
Cattle 0.098700 0.271000 0.112600 0.296500 0.105500 0.098600 0.145800 0.135000 0.113600 0.127200 0.103300 0.043800 0.102700 0.128500 0.122800 0.133900 0.125600 0.119200 0.115900 0.114900 0.132000 0.103200 0.136600 0.112800 0.107800 0.127900 0.107800 0.112700 0.136000 0.095400 0.128000 0.113900 0.142400 0.105600 0.112800 0.025000 0.107600 0.105300 0.155000 0.145800 0.124300 0.126100 0.121900 0.128700 0.000000 0.121600 0.139000 0.119000 0.123700 0.145200 0.105100 0.111900
RoyalAntel 0.084300 0.257200 0.136200 0.304400 0.078900 0.079300 0.114900 0.104800 0.132300 0.143300 0.076700 0.109600 0.081100 0.100500 0.100500 0.096400 0.143500 0.137400 0.098600 0.143600 0.091900 0.086400 0.142200 0.120900 0.090900 0.095800 0.081200 0.131200 0.103400 0.118700 0.149600 0.089100 0.178300 0.078900 0.086000 0.130200 0.092700 0.078700 0.118700 0.162400 0.135100 0.098800 0.135400 0.142100 0.121600 0.000000 0.108800 0.099500 0.098300 0.146000 0.128500 0.135300
Steenbok 0.093800 0.258800 0.153700 0.290900 0.088100 0.093600 0.117200 0.084500 0.155200 0.163900 0.095700 0.119200 0.100100 0.110300 0.119900 0.071600 0.148300 0.144600 0.123200 0.164000 0.062400 0.105500 0.165200 0.151300 0.110200 0.085500 0.097900 0.153900 0.064300 0.136100 0.170400 0.101200 0.155700 0.098000 0.112300 0.127200 0.097300 0.088000 0.082800 0.180700 0.155400 0.078700 0.155800 0.157200 0.139000 0.108800 0.000000 0.113800 0.118100 0.163500 0.151200 0.155400
Impala 0.079500 0.277600 0.125700 0.274300 0.074100 0.079400 0.115400 0.109900 0.129500 0.143300 0.081600 0.102100 0.086000 0.105900 0.098300 0.103900 0.131000 0.124500 0.101200 0.135800 0.099400 0.088800 0.152800 0.120800 0.091000 0.108100 0.088500 0.128500 0.108500 0.118600 0.149600 0.099300 0.167300 0.086300 0.088500 0.117300 0.090300 0.069200 0.123900 0.146500 0.140300 0.106300 0.135400 0.136900 0.119000 0.099500 0.113800 0.000000 0.111200 0.150900 0.128400 0.137800
Klipspring 0.090700 0.273000 0.151600 0.284800 0.094900 0.085500 0.135300 0.124400 0.147700 0.148200 0.092700 0.106300 0.097200 0.120400 0.114600 0.125800 0.138500 0.142400 0.120700 0.162000 0.121300 0.107700 0.163400 0.135900 0.102200 0.122500 0.097300 0.146400 0.133100 0.133700 0.154700 0.110900 0.162100 0.100000 0.107200 0.127200 0.101900 0.089800 0.139000 0.167900 0.150700 0.117700 0.140100 0.152500 0.123700 0.098300 0.118100 0.111200 0.000000 0.161400 0.143700 0.153300
ForestMusk 0.142800 0.288300 0.168500 0.298600 0.121400 0.142500 0.176600 0.149300 0.164800 0.149400 0.129200 0.117600 0.128400 0.161100 0.154700 0.158300 0.160300 0.161800 0.158000 0.179000 0.148600 0.147400 0.162000 0.137000 0.144100 0.160000 0.133700 0.168700 0.157800 0.142700 0.158400 0.153700 0.176300 0.126400 0.144100 0.154100 0.144500 0.126100 0.183400 0.190800 0.159900 0.158200 0.149400 0.148100 0.145200 0.146000 0.163500 0.150900 0.161400 0.000000 0.160600 0.164700
Bushbuck 0.115000 0.268000 0.039600 0.292200 0.114400 0.115000 0.150300 0.134400 0.021000 0.139500 0.117200 0.093100 0.121900 0.143400 0.137100 0.143400 0.142600 0.123400 0.140700 0.037200 0.133700 0.127300 0.143700 0.129800 0.121800 0.147600 0.127200 0.020800 0.148000 0.027900 0.140400 0.138700 0.144600 0.122400 0.124500 0.103300 0.121700 0.114200 0.159600 0.161200 0.131200 0.145800 0.139300 0.140800 0.105100 0.128500 0.151200 0.128400 0.143700 0.160600 0.000000 0.039400
GreaterKud 0.124500 0.287200 0.065600 0.295600 0.123700 0.124300 0.159900 0.138500 0.051800 0.143700 0.116400 0.097400 0.133700 0.153000 0.141400 0.147500 0.152000 0.130200 0.150100 0.058300 0.143000 0.136700 0.150700 0.139300 0.131100 0.151700 0.139000 0.046600 0.152200 0.034800 0.150100 0.148200 0.157000 0.126500 0.134000 0.110100 0.131200 0.123400 0.163800 0.171000 0.140800 0.150000 0.149000 0.145100 0.111900 0.135300 0.155400 0.137800 0.153300 0.164700 0.039400 0.000000
