1
52 1
Argali 0.000000 0.062500 0.023900 0.057000 0.020900 0.002100 0.024900 0.031500 0.019900 0.031500 0.008200 0.031400 0.016600 0.019700 0.019900 0.032900 0.032600 0.029100 0.015500 0.023900 0.023300 0.014500 0.032900 0.030500 0.008200 0.029300 0.016600 0.024100 0.035900 0.019900 0.029400 0.019900 0.040000 0.012400 0.024100 0.027100 0.014500 0.018800 0.029500 0.029400 0.029600 0.029400 0.030400 0.034800 0.021800 0.017600 0.023100 0.030400 0.023100 0.023000 0.020900 0.021800
LesserMous 0.062500 0.000000 0.064800 0.057800 0.070200 0.062200 0.064800 0.077800 0.057000 0.063600 0.062400 0.075300 0.065900 0.061500 0.063700 0.080200 0.061100 0.057400 0.069200 0.062400 0.067000 0.063600 0.066300 0.064000 0.062400 0.076200 0.064700 0.060400 0.081000 0.060400 0.061400 0.061400 0.071200 0.062400 0.072400 0.068000 0.063700 0.070500 0.075200 0.064700 0.061400 0.076400 0.062500 0.069900 0.064700 0.061800 0.067400 0.073800 0.062500 0.060500 0.061500 0.062400
LesserKudu 0.023900 0.064800 0.000000 0.058000 0.021800 0.021800 0.021700 0.032500 0.008200 0.028300 0.017600 0.022900 0.019700 0.016500 0.018800 0.031800 0.031200 0.027300 0.022100 0.010300 0.023100 0.017800 0.029700 0.027400 0.017600 0.030300 0.021800 0.010300 0.034700 0.008200 0.026200 0.016500 0.038800 0.017600 0.027200 0.016800 0.019700 0.021800 0.030800 0.028300 0.026200 0.030400 0.027200 0.032600 0.013400 0.018600 0.019900 0.029200 0.023900 0.021700 0.005100 0.008200
KillerWhal 0.057000 0.057800 0.058000 0.000000 0.054800 0.057100 0.057100 0.069300 0.055200 0.052400 0.052600 0.065000 0.054900 0.052800 0.056300 0.072100 0.057100 0.057100 0.060300 0.055800 0.058600 0.055000 0.053700 0.053800 0.052600 0.068300 0.052600 0.056100 0.072900 0.056000 0.050300 0.050600 0.065900 0.050500 0.065400 0.061400 0.055800 0.056900 0.068300 0.054600 0.050500 0.068700 0.051300 0.059400 0.056000 0.052600 0.059500 0.066200 0.059500 0.055500 0.057600 0.055800
DefassaWat 0.020900 0.070200 0.021800 0.054800 0.000000 0.018900 0.020700 0.031800 0.019700 0.031500 0.016500 0.032400 0.016600 0.017600 0.019700 0.035100 0.036500 0.032700 0.021800 0.023900 0.024200 0.016500 0.032900 0.030400 0.016500 0.031400 0.018600 0.023900 0.035800 0.019700 0.029400 0.015500 0.042100 0.014500 0.026100 0.025000 0.016800 0.004100 0.031900 0.031500 0.029400 0.031500 0.030400 0.034900 0.019700 0.019700 0.023100 0.030300 0.024900 0.024900 0.021100 0.019600
Sheep 0.002100 0.062200 0.021800 0.057100 0.018900 0.000000 0.022800 0.029400 0.017600 0.029400 0.008200 0.031400 0.014500 0.017600 0.017700 0.030900 0.032400 0.030600 0.013500 0.021800 0.021300 0.012400 0.030800 0.028300 0.008200 0.027200 0.016600 0.021800 0.033800 0.017600 0.027300 0.017600 0.042100 0.012400 0.022000 0.027100 0.012400 0.016700 0.029800 0.027300 0.027300 0.027300 0.028300 0.032600 0.021900 0.015500 0.021000 0.028200 0.020800 0.020700 0.018700 0.019700
MaxwellsDu 0.024900 0.064800 0.021700 0.057100 0.020700 0.022800 0.000000 0.029300 0.017500 0.029300 0.018600 0.032600 0.018600 0.011300 0.019700 0.032900 0.036500 0.030500 0.023900 0.023800 0.021800 0.018600 0.032800 0.030400 0.018600 0.027100 0.020700 0.023800 0.033600 0.019600 0.027200 0.009200 0.042400 0.016500 0.026100 0.024900 0.020700 0.020700 0.025400 0.031400 0.029300 0.029300 0.028200 0.036800 0.019700 0.019600 0.018900 0.030300 0.020700 0.025200 0.021100 0.019600
GazellaPrz 0.031500 0.077800 0.032500 0.069300 0.031800 0.029400 0.029300 0.000000 0.028300 0.035200 0.027200 0.041200 0.027300 0.026100 0.028600 0.031000 0.045400 0.039300 0.032600 0.031500 0.021900 0.027200 0.039700 0.036100 0.027200 0.029800 0.029400 0.031500 0.025600 0.026100 0.033900 0.026100 0.053600 0.025100 0.032700 0.035800 0.027200 0.030600 0.029700 0.038200 0.033900 0.026600 0.035000 0.041500 0.030400 0.028300 0.020900 0.039400 0.031500 0.033500 0.029300 0.030400
MountainNy 0.019900 0.057000 0.008200 0.055200 0.019700 0.017600 0.017500 0.028300 0.000000 0.023100 0.013600 0.020900 0.015500 0.012400 0.014600 0.027500 0.029100 0.022800 0.018600 0.008200 0.018800 0.013500 0.024500 0.022100 0.013600 0.026100 0.017800 0.008200 0.030400 0.004100 0.021000 0.012300 0.036900 0.013500 0.022900 0.015600 0.013400 0.019700 0.026500 0.023100 0.021000 0.026200 0.022100 0.028500 0.011400 0.014400 0.015700 0.025100 0.017600 0.017500 0.005100 0.006300
MuntiacusM 0.031500 0.063600 0.028300 0.052400 0.031500 0.029400 0.029300 0.035200 0.023100 0.000000 0.025100 0.039000 0.025300 0.023000 0.026300 0.036400 0.034700 0.028700 0.030500 0.026100 0.026300 0.024200 0.013400 0.015500 0.025100 0.033800 0.027300 0.026200 0.036000 0.024000 0.002000 0.023000 0.043500 0.023000 0.032700 0.033600 0.026400 0.031400 0.036400 0.014400 0.010300 0.033800 0.001000 0.017600 0.028300 0.026100 0.027500 0.036100 0.027200 0.023200 0.025100 0.026200
goat 0.008200 0.062400 0.017600 0.052600 0.016500 0.008200 0.018600 0.027200 0.013600 0.025100 0.000000 0.025000 0.010300 0.013400 0.013600 0.026600 0.030400 0.024900 0.007200 0.017600 0.017900 0.006200 0.026500 0.024100 0.000000 0.022900 0.010300 0.017800 0.029400 0.013600 0.023000 0.013400 0.035600 0.006200 0.017700 0.020800 0.008200 0.014500 0.025500 0.023000 0.023200 0.023000 0.024100 0.030500 0.015500 0.013400 0.016800 0.024000 0.018600 0.016700 0.014600 0.015500
AfricanBuf 0.031400 0.075300 0.022900 0.065000 0.032400 0.031400 0.032600 0.041200 0.020900 0.039000 0.025000 0.000000 0.030300 0.027100 0.029600 0.041600 0.044400 0.038700 0.032400 0.025000 0.033800 0.028400 0.038300 0.037200 0.025000 0.038200 0.030300 0.025200 0.042600 0.018800 0.036900 0.027000 0.047500 0.026100 0.038000 0.021800 0.030300 0.031300 0.038300 0.038000 0.035000 0.038000 0.038000 0.043700 0.017600 0.029200 0.029500 0.040000 0.034500 0.030800 0.022000 0.020700
Topi 0.016600 0.065900 0.019700 0.054900 0.016600 0.014500 0.018600 0.027300 0.015500 0.025300 0.010300 0.030300 0.000000 0.015500 0.014800 0.026600 0.032300 0.026300 0.015600 0.019700 0.017900 0.010500 0.028900 0.025200 0.010300 0.023000 0.004100 0.019700 0.027300 0.015500 0.023100 0.013400 0.037800 0.004100 0.019800 0.025000 0.012400 0.016600 0.023400 0.027400 0.025300 0.023000 0.024200 0.029500 0.019800 0.015500 0.018900 0.026100 0.020800 0.020700 0.016900 0.017600
CommonDuik 0.019700 0.061500 0.016500 0.052800 0.017600 0.017600 0.011300 0.026100 0.012400 0.023000 0.013400 0.027100 0.015500 0.000000 0.014500 0.027500 0.027000 0.023100 0.018600 0.018600 0.016500 0.013400 0.026500 0.024100 0.013400 0.024000 0.017600 0.018600 0.028300 0.014400 0.020900 0.002000 0.036600 0.013400 0.020800 0.021800 0.015500 0.017600 0.024400 0.025100 0.023000 0.024000 0.021900 0.030500 0.016500 0.014400 0.015700 0.025000 0.015500 0.019600 0.015500 0.014400
Suni 0.019900 0.063700 0.018800 0.056300 0.019700 0.017700 0.019700 0.028600 0.014600 0.026300 0.013600 0.029600 0.014800 0.014500 0.000000 0.028900 0.031500 0.027200 0.018700 0.018800 0.016800 0.011400 0.027400 0.025300 0.013600 0.025300 0.014900 0.018800 0.030100 0.014600 0.024200 0.014400 0.037100 0.013700 0.023200 0.024200 0.015500 0.019700 0.025600 0.026400 0.024300 0.025300 0.025300 0.031700 0.018900 0.012400 0.017800 0.023100 0.019700 0.019800 0.015600 0.016700
Springbuck 0.032900 0.080200 0.031800 0.072100 0.035100 0.030900 0.032900 0.031000 0.027500 0.036400 0.026600 0.041600 0.026600 0.027500 0.028900 0.000000 0.046900 0.043000 0.031900 0.030400 0.021900 0.028700 0.041800 0.038500 0.026600 0.014600 0.028600 0.030500 0.017800 0.027500 0.034200 0.027500 0.052800 0.026500 0.034200 0.035100 0.030800 0.031500 0.030900 0.038500 0.036400 0.011500 0.035300 0.046200 0.031800 0.029700 0.023000 0.040900 0.032200 0.032800 0.027800 0.029700
Okapi 0.032600 0.061100 0.031200 0.057100 0.036500 0.032400 0.036500 0.045400 0.029100 0.034700 0.030400 0.044400 0.032300 0.027000 0.031500 0.046900 0.000000 0.016500 0.034900 0.033300 0.035000 0.030400 0.035000 0.033600 0.030400 0.043200 0.034700 0.033300 0.047700 0.029100 0.032600 0.029300 0.039100 0.030400 0.040000 0.038300 0.032300 0.036500 0.041200 0.034700 0.032600 0.043300 0.033600 0.040100 0.033700 0.029100 0.034700 0.040900 0.032600 0.029100 0.030200 0.031200
Giraffe 0.029100 0.057400 0.027300 0.057100 0.032700 0.030600 0.030500 0.039300 0.022800 0.028700 0.024900 0.038700 0.026300 0.023100 0.027200 0.043000 0.016500 0.000000 0.031000 0.029400 0.032000 0.026500 0.032200 0.029700 0.024900 0.039200 0.027000 0.029100 0.043700 0.024900 0.026600 0.023200 0.033500 0.022800 0.036100 0.032700 0.028400 0.032600 0.037200 0.030700 0.028300 0.039300 0.027600 0.034000 0.028100 0.027300 0.030800 0.038100 0.026500 0.025900 0.025900 0.027300
TibetanAnt 0.015500 0.069200 0.022100 0.060300 0.021800 0.013500 0.023900 0.032600 0.018600 0.030500 0.007200 0.032400 0.015600 0.018600 0.018700 0.031900 0.034900 0.031000 0.000000 0.022800 0.023200 0.011400 0.031900 0.029400 0.007200 0.028300 0.017600 0.022900 0.034800 0.018700 0.028400 0.018600 0.043200 0.013500 0.023000 0.026100 0.013400 0.019700 0.030800 0.027300 0.028400 0.028300 0.029400 0.035900 0.022900 0.018700 0.022100 0.029300 0.022100 0.018600 0.019700 0.020700
Sitatunga 0.023900 0.062400 0.010300 0.055800 0.023900 0.021800 0.023800 0.031500 0.008200 0.026100 0.017600 0.025000 0.019700 0.018600 0.018800 0.030400 0.033300 0.029400 0.022800 0.000000 0.022000 0.017700 0.027600 0.025100 0.017600 0.028200 0.021800 0.006200 0.033600 0.008200 0.024100 0.018600 0.041000 0.017600 0.027200 0.019700 0.019700 0.021700 0.029700 0.026200 0.024100 0.029600 0.025100 0.030700 0.015500 0.018600 0.018800 0.029200 0.023900 0.019600 0.007200 0.010500
Oribi 0.023300 0.067000 0.023100 0.058600 0.024200 0.021300 0.021800 0.021900 0.018800 0.026300 0.017900 0.033800 0.017900 0.016500 0.016800 0.021900 0.035000 0.032000 0.023200 0.022000 0.000000 0.017900 0.030100 0.027600 0.017900 0.022900 0.017800 0.022000 0.024100 0.018900 0.024200 0.016500 0.041600 0.017800 0.025100 0.028400 0.020000 0.023100 0.020000 0.028600 0.024300 0.019800 0.025200 0.034000 0.023100 0.015900 0.013500 0.027400 0.021800 0.024100 0.019900 0.021000
BarbaryShe 0.014500 0.063600 0.017800 0.055000 0.016500 0.012400 0.018600 0.027200 0.013500 0.024200 0.006200 0.028400 0.010500 0.013400 0.011400 0.028700 0.030400 0.026500 0.011400 0.017700 0.017900 0.000000 0.026700 0.024200 0.006200 0.025000 0.012600 0.017700 0.029400 0.013600 0.023200 0.013400 0.038200 0.008400 0.017900 0.023000 0.008200 0.016500 0.025400 0.025300 0.023200 0.025100 0.023200 0.029600 0.017800 0.013400 0.016800 0.023100 0.018600 0.018800 0.014600 0.015700
Daviddeer 0.032900 0.066300 0.029700 0.053700 0.032900 0.030800 0.032800 0.039700 0.024500 0.013400 0.026500 0.038300 0.028900 0.026500 0.027400 0.041800 0.035000 0.032200 0.031900 0.027600 0.030100 0.026700 0.000000 0.016600 0.026500 0.039500 0.031000 0.027600 0.039300 0.025500 0.011300 0.026400 0.046000 0.026600 0.036400 0.035000 0.027800 0.032800 0.037800 0.015500 0.007200 0.039600 0.012400 0.022900 0.029700 0.027500 0.030000 0.036900 0.030800 0.024600 0.026600 0.027500
Reindeer 0.030500 0.064000 0.027400 0.053800 0.030400 0.028300 0.030400 0.036100 0.022100 0.015500 0.024100 0.037200 0.025200 0.024100 0.025300 0.038500 0.033600 0.029700 0.029400 0.025100 0.027600 0.024200 0.016600 0.000000 0.024100 0.034800 0.028400 0.025100 0.038200 0.023000 0.013400 0.024000 0.043500 0.024100 0.033800 0.032600 0.025300 0.030400 0.037500 0.015500 0.013400 0.036000 0.014500 0.013500 0.027300 0.025100 0.028600 0.035400 0.028600 0.021900 0.024100 0.025100
Ibex 0.008200 0.062400 0.017600 0.052600 0.016500 0.008200 0.018600 0.027200 0.013600 0.025100 0.000000 0.025000 0.010300 0.013400 0.013600 0.026600 0.030400 0.024900 0.007200 0.017600 0.017900 0.006200 0.026500 0.024100 0.000000 0.022900 0.010300 0.017800 0.029400 0.013600 0.023000 0.013400 0.035600 0.006200 0.017700 0.020800 0.008200 0.014500 0.025500 0.023000 0.023200 0.023000 0.024100 0.030500 0.015500 0.013400 0.016800 0.024000 0.018600 0.016700 0.014600 0.015500
GyrantGaze 0.029300 0.076200 0.030300 0.068300 0.031400 0.027200 0.027100 0.029800 0.026100 0.033800 0.022900 0.038200 0.023000 0.024000 0.025300 0.014600 0.043200 0.039200 0.028300 0.028200 0.022900 0.025000 0.039500 0.034800 0.022900 0.000000 0.025100 0.028200 0.018900 0.024000 0.031600 0.023900 0.050200 0.023000 0.030500 0.033600 0.027200 0.027200 0.031000 0.035900 0.033800 0.005200 0.032700 0.042500 0.028300 0.026100 0.023300 0.036900 0.026400 0.029200 0.027200 0.028200
Hartebeest 0.016600 0.064700 0.021800 0.052600 0.018600 0.016600 0.020700 0.029400 0.017800 0.027300 0.010300 0.030300 0.004100 0.017600 0.014900 0.028600 0.034700 0.027000 0.017600 0.021800 0.017800 0.012600 0.031000 0.028400 0.010300 0.025100 0.000000 0.019900 0.029400 0.017800 0.025200 0.015500 0.037800 0.004100 0.021900 0.025000 0.014500 0.018600 0.025500 0.029400 0.027600 0.025100 0.026300 0.032700 0.019700 0.015500 0.021000 0.026100 0.022800 0.023000 0.019200 0.019700
Bongo 0.024100 0.060400 0.010300 0.056100 0.023900 0.021800 0.023800 0.031500 0.008200 0.026200 0.017800 0.025200 0.019700 0.018600 0.018800 0.030500 0.033300 0.029100 0.022900 0.006200 0.022000 0.017700 0.027600 0.025100 0.017800 0.028200 0.019900 0.000000 0.033700 0.008200 0.024100 0.018600 0.041200 0.017800 0.027200 0.019900 0.019700 0.021800 0.029700 0.026200 0.024100 0.029400 0.025100 0.031500 0.015700 0.018600 0.018800 0.029200 0.023900 0.019600 0.007200 0.010500
Gerenuk 0.035900 0.081000 0.034700 0.072900 0.035800 0.033800 0.033600 0.025600 0.030400 0.036000 0.029400 0.042600 0.027300 0.028300 0.030100 0.017800 0.047700 0.043700 0.034800 0.033600 0.024100 0.029400 0.039300 0.038200 0.029400 0.018900 0.029400 0.033700 0.000000 0.028300 0.033900 0.028300 0.052200 0.027300 0.032800 0.038000 0.031500 0.034700 0.028600 0.040400 0.033900 0.013600 0.035000 0.045900 0.032600 0.030400 0.026300 0.041600 0.032900 0.035700 0.030800 0.032600
CommonElan 0.019900 0.060400 0.008200 0.056000 0.019700 0.017600 0.019600 0.026100 0.004100 0.024000 0.013600 0.018800 0.015500 0.014400 0.014600 0.027500 0.029100 0.024900 0.018700 0.008200 0.018900 0.013600 0.025500 0.023000 0.013600 0.024000 0.017800 0.008200 0.028300 0.000000 0.021900 0.014400 0.036900 0.013600 0.023000 0.013500 0.015500 0.019700 0.026500 0.024000 0.022000 0.024000 0.023000 0.029400 0.009400 0.014400 0.015700 0.025000 0.019700 0.017500 0.005100 0.006200
MuntiacusR 0.029400 0.061400 0.026200 0.050300 0.029400 0.027300 0.027200 0.033900 0.021000 0.002000 0.023000 0.036900 0.023100 0.020900 0.024200 0.034200 0.032600 0.026600 0.028400 0.024100 0.024200 0.023200 0.011300 0.013400 0.023000 0.031600 0.025200 0.024100 0.033900 0.021900 0.000000 0.020900 0.041300 0.020900 0.030600 0.031500 0.024300 0.029300 0.034300 0.012400 0.008200 0.031700 0.001000 0.017600 0.026200 0.024100 0.025400 0.035100 0.025100 0.021100 0.023000 0.024100
HarveysDui 0.019900 0.061400 0.016500 0.050600 0.015500 0.017600 0.009200 0.026100 0.012300 0.023000 0.013400 0.027000 0.013400 0.002000 0.014400 0.027500 0.029300 0.023200 0.018600 0.018600 0.016500 0.013400 0.026400 0.024000 0.013400 0.023900 0.015500 0.018600 0.028300 0.014400 0.020900 0.000000 0.036800 0.011300 0.020800 0.021800 0.015500 0.015500 0.024700 0.025100 0.023000 0.024000 0.021900 0.030400 0.016500 0.014400 0.015700 0.025000 0.015500 0.019600 0.015800 0.014400
Pronghorn 0.040000 0.071200 0.038800 0.065900 0.042100 0.042100 0.042400 0.053600 0.036900 0.043500 0.035600 0.047500 0.037800 0.036600 0.037100 0.052800 0.039100 0.033500 0.043200 0.041000 0.041600 0.038200 0.046000 0.043500 0.035600 0.050200 0.037800 0.041200 0.052200 0.036900 0.041300 0.036800 0.000000 0.035700 0.048200 0.042100 0.039900 0.042300 0.047000 0.044600 0.042700 0.050300 0.042400 0.050100 0.036800 0.036700 0.042700 0.047600 0.040200 0.038000 0.038000 0.035600
BlueWildeb 0.012400 0.062400 0.017600 0.050500 0.014500 0.012400 0.016500 0.025100 0.013500 0.023000 0.006200 0.026100 0.004100 0.013400 0.013700 0.026500 0.030400 0.022800 0.013500 0.017600 0.017800 0.008400 0.026600 0.024100 0.006200 0.023000 0.004100 0.017800 0.027300 0.013600 0.020900 0.011300 0.035700 0.000000 0.017700 0.020800 0.010300 0.014500 0.025500 0.025100 0.023200 0.023000 0.022000 0.028400 0.015500 0.013400 0.016800 0.024200 0.018700 0.018800 0.014900 0.015500
Gemsbok 0.024100 0.072400 0.027200 0.065400 0.026100 0.022000 0.026100 0.032700 0.022900 0.032700 0.017700 0.038000 0.019800 0.020800 0.023200 0.034200 0.040000 0.036100 0.023000 0.027200 0.025100 0.017900 0.036400 0.033800 0.017700 0.030500 0.021900 0.027200 0.032800 0.023000 0.030600 0.020800 0.048200 0.017700 0.000000 0.032600 0.019800 0.026100 0.033100 0.034900 0.032800 0.030600 0.031700 0.038200 0.027200 0.023000 0.023200 0.033700 0.024000 0.028200 0.024000 0.025000
Yak 0.027100 0.068000 0.016800 0.061400 0.025000 0.027100 0.024900 0.035800 0.015600 0.033600 0.020800 0.021800 0.025000 0.021800 0.024200 0.035100 0.038300 0.032700 0.026100 0.019700 0.028400 0.023000 0.035000 0.032600 0.020800 0.033600 0.025000 0.019900 0.038000 0.013500 0.031500 0.021800 0.042100 0.020800 0.032600 0.000000 0.025000 0.025000 0.034000 0.033600 0.031700 0.033700 0.032600 0.039100 0.006200 0.023900 0.025200 0.034600 0.029200 0.027300 0.016700 0.015500
BlueSheep 0.014500 0.063700 0.019700 0.055800 0.016800 0.012400 0.020700 0.027200 0.013400 0.026400 0.008200 0.030300 0.012400 0.015500 0.015500 0.030800 0.032300 0.028400 0.013400 0.019700 0.020000 0.008200 0.027800 0.025300 0.008200 0.027200 0.014500 0.019700 0.031500 0.015500 0.024300 0.015500 0.039900 0.010300 0.019800 0.025000 0.000000 0.016700 0.027600 0.026300 0.024200 0.027200 0.025300 0.029600 0.019700 0.015500 0.018900 0.025300 0.020700 0.020700 0.016500 0.017600
BohorReedb 0.018800 0.070500 0.021800 0.056900 0.004100 0.016700 0.020700 0.030600 0.019700 0.031400 0.014500 0.031300 0.016600 0.017600 0.019700 0.031500 0.036500 0.032600 0.019700 0.021700 0.023100 0.016500 0.032800 0.030400 0.014500 0.027200 0.018600 0.021800 0.034700 0.019700 0.029300 0.015500 0.042300 0.014500 0.026100 0.025000 0.016700 0.000000 0.030700 0.029300 0.029300 0.028300 0.030400 0.034900 0.019700 0.019700 0.022000 0.030300 0.024900 0.022800 0.021100 0.019600
KirksDik 0.029500 0.075200 0.030800 0.068300 0.031900 0.029800 0.025400 0.029700 0.026500 0.036400 0.025500 0.038300 0.023400 0.024400 0.025600 0.030900 0.041200 0.037200 0.030800 0.029700 0.020000 0.025400 0.037800 0.037500 0.025500 0.031000 0.025500 0.029700 0.028600 0.026500 0.034300 0.024700 0.047000 0.025500 0.033100 0.034000 0.027600 0.030700 0.000000 0.038800 0.032100 0.027500 0.035300 0.044000 0.028600 0.026600 0.021100 0.037500 0.030100 0.031800 0.027500 0.028700
RoeDeer 0.029400 0.064700 0.028300 0.054600 0.031500 0.027300 0.031400 0.038200 0.023100 0.014400 0.023000 0.038000 0.027400 0.025100 0.026400 0.038500 0.034700 0.030700 0.027300 0.026200 0.028600 0.025300 0.015500 0.015500 0.023000 0.035900 0.029400 0.026200 0.040400 0.024000 0.012400 0.025100 0.044600 0.025100 0.034900 0.033600 0.026300 0.029300 0.038800 0.000000 0.012400 0.036000 0.013400 0.021800 0.028300 0.026200 0.029600 0.037100 0.028300 0.019800 0.025100 0.026100
WhiteLippe 0.029600 0.061400 0.026200 0.050500 0.029400 0.027300 0.029300 0.033900 0.021000 0.010300 0.023200 0.035000 0.025300 0.023000 0.024300 0.036400 0.032600 0.028300 0.028400 0.024100 0.024300 0.023200 0.007200 0.013400 0.023200 0.033800 0.027600 0.024100 0.033900 0.022000 0.008200 0.023000 0.042700 0.023200 0.032800 0.031700 0.024200 0.029300 0.032100 0.012400 0.000000 0.033800 0.009300 0.019700 0.026400 0.024100 0.026400 0.035100 0.027300 0.021100 0.023000 0.024100
ThomsonGaz 0.029400 0.076400 0.030400 0.068700 0.031500 0.027300 0.029300 0.026600 0.026200 0.033800 0.023000 0.038000 0.023000 0.024000 0.025300 0.011500 0.043300 0.039300 0.028300 0.029600 0.019800 0.025100 0.039600 0.036000 0.023000 0.005200 0.025100 0.029400 0.013600 0.024000 0.031700 0.024000 0.050300 0.023000 0.030600 0.033700 0.027200 0.028300 0.027500 0.036000 0.033800 0.000000 0.032800 0.043600 0.028300 0.026200 0.019900 0.037000 0.026400 0.029300 0.027200 0.028300
MuntiacusC 0.030400 0.062500 0.027200 0.051300 0.030400 0.028300 0.028200 0.035000 0.022100 0.001000 0.024100 0.038000 0.024200 0.021900 0.025300 0.035300 0.033600 0.027600 0.029400 0.025100 0.025200 0.023200 0.012400 0.014500 0.024100 0.032700 0.026300 0.025100 0.035000 0.023000 0.001000 0.021900 0.042400 0.022000 0.031700 0.032600 0.025300 0.030400 0.035300 0.013400 0.009300 0.032800 0.000000 0.016600 0.027300 0.025100 0.026400 0.035000 0.026200 0.022200 0.024000 0.025100
WhiteTaile 0.034800 0.069900 0.032600 0.059400 0.034900 0.032600 0.036800 0.041500 0.028500 0.017600 0.030500 0.043700 0.029500 0.030500 0.031700 0.046200 0.040100 0.034000 0.035900 0.030700 0.034000 0.029600 0.022900 0.013500 0.030500 0.042500 0.032700 0.031500 0.045900 0.029400 0.017600 0.030400 0.050100 0.028400 0.038200 0.039100 0.029600 0.034900 0.044000 0.021800 0.019700 0.043600 0.016600 0.000000 0.033700 0.031500 0.035000 0.041500 0.035000 0.028300 0.030400 0.031500
Cattle 0.021800 0.064700 0.013400 0.056000 0.019700 0.021900 0.019700 0.030400 0.011400 0.028300 0.015500 0.017600 0.019800 0.016500 0.018900 0.031800 0.033700 0.028100 0.022900 0.015500 0.023100 0.017800 0.029700 0.027300 0.015500 0.028300 0.019700 0.015700 0.032600 0.009400 0.026200 0.016500 0.036800 0.015500 0.027200 0.006200 0.019700 0.019700 0.028600 0.028300 0.026400 0.028300 0.027300 0.033700 0.000000 0.018700 0.019900 0.029300 0.023900 0.022000 0.012500 0.011300
RoyalAntel 0.017600 0.061800 0.018600 0.052600 0.019700 0.015500 0.019600 0.028300 0.014400 0.026100 0.013400 0.029200 0.015500 0.014400 0.012400 0.029700 0.029100 0.027300 0.018700 0.018600 0.015900 0.013400 0.027500 0.025100 0.013400 0.026100 0.015500 0.018600 0.030400 0.014400 0.024100 0.014400 0.036700 0.013400 0.023000 0.023900 0.015500 0.019700 0.026600 0.026200 0.024100 0.026200 0.025100 0.031500 0.018700 0.000000 0.017800 0.022900 0.019700 0.019600 0.015500 0.016500
Steenbok 0.023100 0.067400 0.019900 0.059500 0.023100 0.021000 0.018900 0.020900 0.015700 0.027500 0.016800 0.029500 0.018900 0.015700 0.017800 0.023000 0.034700 0.030800 0.022100 0.018800 0.013500 0.016800 0.030000 0.028600 0.016800 0.023300 0.021000 0.018800 0.026300 0.015700 0.025400 0.015700 0.042700 0.016800 0.023200 0.025200 0.018900 0.022000 0.021100 0.029600 0.026400 0.019900 0.026400 0.035000 0.019900 0.017800 0.000000 0.028500 0.021000 0.023000 0.016700 0.017800
Impala 0.030400 0.073800 0.029200 0.066200 0.030300 0.028200 0.030300 0.039400 0.025100 0.036100 0.024000 0.040000 0.026100 0.025000 0.023100 0.040900 0.040900 0.038100 0.029300 0.029200 0.027400 0.023100 0.036900 0.035400 0.024000 0.036900 0.026100 0.029200 0.041600 0.025000 0.035100 0.025000 0.047600 0.024200 0.033700 0.034600 0.025300 0.030300 0.037500 0.037100 0.035100 0.037000 0.035000 0.041500 0.029300 0.022900 0.028500 0.000000 0.030300 0.029400 0.026100 0.027100
Klipspring 0.023100 0.062500 0.023900 0.059500 0.024900 0.020800 0.020700 0.031500 0.017600 0.027200 0.018600 0.034500 0.020800 0.015500 0.019700 0.032200 0.032600 0.026500 0.022100 0.023900 0.021800 0.018600 0.030800 0.028600 0.018600 0.026400 0.022800 0.023900 0.032900 0.019700 0.025100 0.015500 0.040200 0.018700 0.024000 0.029200 0.020700 0.024900 0.030100 0.028300 0.027300 0.026400 0.026200 0.035000 0.023900 0.019700 0.021000 0.030300 0.000000 0.022800 0.020700 0.021800
ForestMusk 0.023000 0.060500 0.021700 0.055500 0.024900 0.020700 0.025200 0.033500 0.017500 0.023200 0.016700 0.030800 0.020700 0.019600 0.019800 0.032800 0.029100 0.025900 0.018600 0.019600 0.024100 0.018800 0.024600 0.021900 0.016700 0.029200 0.023000 0.019600 0.035700 0.017500 0.021100 0.019600 0.038000 0.018800 0.028200 0.027300 0.020700 0.022800 0.031800 0.019800 0.021100 0.029300 0.022200 0.028300 0.022000 0.019600 0.023000 0.029400 0.022800 0.000000 0.018600 0.019600
Bushbuck 0.020900 0.061500 0.005100 0.057600 0.021100 0.018700 0.021100 0.029300 0.005100 0.025100 0.014600 0.022000 0.016900 0.015500 0.015600 0.027800 0.030200 0.025900 0.019700 0.007200 0.019900 0.014600 0.026600 0.024100 0.014600 0.027200 0.019200 0.007200 0.030800 0.005100 0.023000 0.015800 0.038000 0.014900 0.024000 0.016700 0.016500 0.021100 0.027500 0.025100 0.023000 0.027200 0.024000 0.030400 0.012500 0.015500 0.016700 0.026100 0.020700 0.018600 0.000000 0.007400
GreaterKud 0.021800 0.062400 0.008200 0.055800 0.019600 0.019700 0.019600 0.030400 0.006300 0.026200 0.015500 0.020700 0.017600 0.014400 0.016700 0.029700 0.031200 0.027300 0.020700 0.010500 0.021000 0.015700 0.027500 0.025100 0.015500 0.028200 0.019700 0.010500 0.032600 0.006200 0.024100 0.014400 0.035600 0.015500 0.025000 0.015500 0.017600 0.019600 0.028700 0.026100 0.024100 0.028300 0.025100 0.031500 0.011300 0.016500 0.017800 0.027100 0.021800 0.019600 0.007400 0.000000
