1
52 1
Argali 0.000000 0.431400 0.224600 0.542500 0.146800 0.019900 0.177300 0.205200 0.229800 0.256600 0.148000 0.211100 0.246500 0.209800 0.176400 0.199200 0.187600 0.194800 0.106300 0.261200 0.200200 0.123300 0.291200 0.257400 0.127200 0.226200 0.225000 0.284000 0.222400 0.239100 0.249900 0.202900 0.228200 0.202800 0.196700 0.267500 0.123800 0.199600 0.180200 0.303000 0.282000 0.226200 0.256600 0.234700 0.281400 0.183300 0.156200 0.151900 0.130000 0.322400 0.306800 0.284300
LesserMous 0.431400 0.000000 0.322700 0.219800 0.339200 0.408400 0.326900 0.304600 0.390200 0.299700 0.403500 0.254900 0.290500 0.371300 0.326700 0.351000 0.300000 0.366900 0.355800 0.367500 0.354500 0.365500 0.229700 0.300700 0.378700 0.383200 0.322000 0.329700 0.289900 0.332600 0.345900 0.359100 0.298000 0.299800 0.291100 0.314500 0.365900 0.351700 0.335300 0.316300 0.325800 0.383200 0.299700 0.278700 0.300300 0.340600 0.306600 0.325100 0.273600 0.367300 0.353300 0.390900
LesserKudu 0.224600 0.322700 0.000000 0.420400 0.149200 0.203000 0.086300 0.110800 0.086600 0.157000 0.151400 0.066400 0.152300 0.113400 0.086100 0.107400 0.166100 0.126300 0.108800 0.065400 0.063300 0.171600 0.193400 0.109700 0.130000 0.131500 0.131000 0.086500 0.105600 0.059900 0.201100 0.109700 0.108400 0.109700 0.106300 0.114800 0.172800 0.107600 0.087800 0.151700 0.085700 0.131500 0.157000 0.088300 0.180800 0.089400 0.065300 0.108200 0.086400 0.148000 0.107600 0.086800
KillerWhal 0.542500 0.219800 0.420400 0.000000 0.355600 0.517200 0.427000 0.404400 0.496000 0.371600 0.441800 0.412300 0.384800 0.438700 0.426900 0.392800 0.392600 0.351100 0.457100 0.471800 0.395600 0.467300 0.347300 0.341900 0.417500 0.398400 0.360500 0.431900 0.330400 0.430400 0.420900 0.362600 0.338600 0.396600 0.450100 0.480000 0.404300 0.366800 0.437600 0.353900 0.365300 0.398400 0.371600 0.376400 0.370400 0.443400 0.406200 0.428800 0.370100 0.406900 0.394500 0.467500
DefassaWat 0.146800 0.339200 0.149200 0.355600 0.000000 0.172400 0.105400 0.129800 0.152500 0.128600 0.168800 0.133300 0.169900 0.109700 0.105200 0.082200 0.119100 0.080400 0.127200 0.179800 0.082500 0.189200 0.212200 0.129500 0.148000 0.104800 0.149300 0.201300 0.103000 0.165200 0.125300 0.106300 0.105600 0.128200 0.124500 0.183900 0.190000 0.040100 0.107000 0.220000 0.199900 0.104800 0.128600 0.155500 0.199900 0.108800 0.084800 0.082500 0.061900 0.239400 0.173900 0.152200
Sheep 0.019900 0.408400 0.203000 0.517200 0.172400 0.000000 0.155800 0.183200 0.261200 0.234100 0.127400 0.188600 0.225000 0.187400 0.155600 0.177800 0.214300 0.222800 0.085500 0.238600 0.178700 0.103100 0.269400 0.234900 0.106500 0.204300 0.203300 0.261300 0.200800 0.218000 0.281300 0.181200 0.206200 0.181200 0.175600 0.244600 0.103600 0.178100 0.158500 0.280200 0.259400 0.204300 0.234100 0.212200 0.258900 0.161300 0.134600 0.179000 0.108900 0.300000 0.284100 0.261600
MaxwellsDu 0.177300 0.326900 0.086300 0.427000 0.105400 0.155800 0.000000 0.065700 0.135600 0.159900 0.106700 0.067600 0.107300 0.067200 0.042600 0.063800 0.146500 0.106100 0.064500 0.113700 0.064100 0.127100 0.196800 0.111700 0.085600 0.086700 0.086300 0.135400 0.085200 0.149100 0.205000 0.065000 0.087400 0.065000 0.063000 0.116600 0.127800 0.063900 0.043400 0.154600 0.134300 0.086700 0.159900 0.089900 0.183900 0.044200 0.021500 0.064100 0.042800 0.174900 0.157400 0.135800
GazellaPrz 0.205200 0.304600 0.110800 0.404400 0.129800 0.183200 0.065700 0.000000 0.162900 0.188300 0.131500 0.092700 0.132300 0.092100 0.065600 0.087300 0.171900 0.130800 0.088300 0.140500 0.087800 0.152300 0.175300 0.137900 0.109900 0.111300 0.110800 0.113200 0.064100 0.175100 0.234900 0.089100 0.112400 0.089000 0.086200 0.144300 0.153200 0.087400 0.066800 0.181900 0.161300 0.111300 0.188300 0.115600 0.213400 0.068100 0.044200 0.087800 0.065900 0.176900 0.135300 0.163200
MountainNy 0.229800 0.390200 0.086600 0.496000 0.152500 0.261200 0.135600 0.162900 0.000000 0.160500 0.204300 0.116100 0.205700 0.166700 0.135300 0.157700 0.169800 0.129000 0.159700 0.021600 0.110400 0.225400 0.248400 0.161200 0.181800 0.184100 0.183400 0.042900 0.155000 0.149500 0.155700 0.161100 0.159300 0.161100 0.156100 0.168900 0.226900 0.158000 0.138200 0.205400 0.134700 0.184100 0.160500 0.138900 0.237900 0.140700 0.114000 0.110600 0.136000 0.199700 0.064000 0.043000
MuntiacusM 0.256600 0.299700 0.157000 0.371600 0.128600 0.234100 0.159900 0.188300 0.160500 0.000000 0.229300 0.140800 0.179800 0.167400 0.159600 0.182400 0.193300 0.201200 0.184400 0.138500 0.183500 0.251000 0.126800 0.088600 0.206800 0.209800 0.158100 0.160500 0.179200 0.173100 0.041700 0.161700 0.134500 0.135900 0.180200 0.194800 0.252400 0.133000 0.162800 0.131300 0.111000 0.209800 0.000000 0.066800 0.159300 0.165800 0.138200 0.183700 0.111700 0.277600 0.182700 0.111500
goat 0.148000 0.403500 0.151400 0.441800 0.168800 0.127400 0.106700 0.131500 0.204300 0.229300 0.000000 0.135300 0.172400 0.134100 0.106400 0.127500 0.163200 0.124000 0.041100 0.182700 0.128400 0.101300 0.264100 0.179100 0.019900 0.129100 0.105100 0.204200 0.149200 0.213800 0.274900 0.130300 0.153300 0.130200 0.126200 0.187300 0.059500 0.127800 0.108500 0.172100 0.152600 0.129100 0.229300 0.157600 0.254300 0.110400 0.086100 0.128500 0.106900 0.191900 0.226000 0.204600
AfricanBuf 0.211100 0.254900 0.066400 0.412300 0.133300 0.188600 0.067600 0.092700 0.116100 0.140800 0.135300 0.000000 0.136200 0.094900 0.067400 0.089700 0.151200 0.109700 0.090900 0.093600 0.090300 0.156600 0.179100 0.091800 0.113100 0.114500 0.114100 0.116000 0.088100 0.130800 0.186800 0.091700 0.090600 0.091700 0.088700 0.046700 0.157600 0.089900 0.068800 0.135700 0.114900 0.114500 0.140800 0.069300 0.165300 0.070100 0.045500 0.090300 0.067700 0.181200 0.138500 0.116300
Topi 0.246500 0.290500 0.152300 0.384800 0.169900 0.225000 0.107300 0.132300 0.205700 0.179800 0.172400 0.136200 0.000000 0.135400 0.107100 0.128300 0.211400 0.171200 0.130000 0.183400 0.129200 0.146100 0.215700 0.131800 0.151100 0.152800 0.061900 0.205600 0.150200 0.215200 0.224300 0.131100 0.154200 0.041500 0.127000 0.188700 0.146200 0.128600 0.109200 0.174100 0.154300 0.152800 0.179800 0.110500 0.256200 0.111100 0.086600 0.106700 0.107600 0.170500 0.227600 0.206000
CommonDuik 0.209800 0.371300 0.113400 0.438700 0.109700 0.187400 0.067200 0.092100 0.166700 0.167400 0.134100 0.094900 0.135400 0.000000 0.067000 0.089200 0.175500 0.133600 0.090400 0.143900 0.089800 0.155700 0.230100 0.141200 0.112400 0.113800 0.113400 0.166600 0.111800 0.178900 0.214400 0.044200 0.114900 0.091200 0.088200 0.148000 0.156700 0.066600 0.068400 0.186100 0.165100 0.113800 0.167400 0.118400 0.218400 0.069700 0.045200 0.089800 0.067300 0.207100 0.189600 0.142200
Suni 0.176400 0.326700 0.086100 0.426900 0.105200 0.155600 0.042600 0.065600 0.135300 0.159600 0.106400 0.067400 0.107100 0.067000 0.000000 0.063600 0.146200 0.105900 0.064300 0.113500 0.064000 0.126800 0.196500 0.111500 0.085400 0.086500 0.086100 0.135200 0.085000 0.148800 0.204700 0.064900 0.087200 0.064800 0.062800 0.116400 0.127500 0.063700 0.043300 0.154300 0.134100 0.086500 0.159600 0.089700 0.183600 0.044100 0.021500 0.064000 0.042700 0.174600 0.157100 0.135600
Springbuck 0.199200 0.351000 0.107400 0.392800 0.082200 0.177800 0.063800 0.087300 0.157700 0.182400 0.127500 0.089700 0.128300 0.089200 0.063600 0.000000 0.122400 0.082700 0.085600 0.136400 0.041600 0.103100 0.170300 0.086900 0.106600 0.063300 0.107400 0.157600 0.062200 0.170100 0.227800 0.086300 0.063800 0.086300 0.083700 0.139300 0.148700 0.041500 0.064800 0.128900 0.156300 0.063300 0.182400 0.111900 0.156400 0.065900 0.042800 0.085200 0.063900 0.196600 0.131200 0.158000
Okapi 0.187600 0.300000 0.166100 0.392600 0.119100 0.214300 0.146500 0.171900 0.169800 0.193300 0.163200 0.151200 0.211400 0.175500 0.146200 0.122400 0.000000 0.076700 0.168600 0.196800 0.168000 0.183700 0.181400 0.193700 0.143100 0.169300 0.144200 0.217800 0.141200 0.181200 0.188400 0.170200 0.144600 0.170000 0.165100 0.201100 0.183700 0.167500 0.148800 0.141500 0.167700 0.169300 0.193300 0.172800 0.168500 0.151100 0.126300 0.123000 0.102400 0.181600 0.239000 0.218200
Giraffe 0.194800 0.366900 0.126300 0.351100 0.080400 0.222800 0.106100 0.130800 0.129000 0.201200 0.124000 0.109700 0.171200 0.133600 0.105900 0.082700 0.076700 0.000000 0.128200 0.155300 0.083100 0.190600 0.236100 0.106500 0.103600 0.083700 0.104400 0.176500 0.059900 0.187900 0.195800 0.129400 0.061400 0.129200 0.125400 0.158900 0.144600 0.082900 0.107800 0.146900 0.127500 0.083700 0.201200 0.131500 0.224900 0.109600 0.085500 0.083100 0.106400 0.142800 0.150100 0.176900
TibetanAnt 0.106300 0.355800 0.108800 0.457100 0.127200 0.085500 0.064500 0.088300 0.159700 0.184400 0.041100 0.090900 0.130000 0.090400 0.064300 0.085600 0.168600 0.128200 0.000000 0.137900 0.086200 0.061100 0.220700 0.135200 0.020600 0.109100 0.108800 0.159600 0.107200 0.171700 0.229800 0.087400 0.110100 0.087400 0.084700 0.141600 0.061500 0.072800 0.065600 0.178300 0.158200 0.109100 0.184400 0.113300 0.209000 0.066800 0.043400 0.086200 0.064600 0.198600 0.181600 0.160000
Sitatunga 0.261200 0.367500 0.065400 0.471800 0.179800 0.238600 0.113700 0.140500 0.021600 0.138500 0.182700 0.093600 0.183400 0.143900 0.113500 0.136400 0.196800 0.155300 0.137900 0.000000 0.088900 0.203800 0.226900 0.139000 0.160100 0.162000 0.161500 0.021600 0.133600 0.128800 0.183700 0.139000 0.137400 0.139100 0.134600 0.146000 0.205300 0.136200 0.115900 0.183400 0.113000 0.162000 0.138500 0.116600 0.215500 0.118100 0.091900 0.137200 0.114100 0.178400 0.043000 0.021700
Oribi 0.200200 0.354500 0.063300 0.395600 0.082500 0.178700 0.064100 0.087800 0.110400 0.183500 0.128400 0.090300 0.129200 0.089800 0.064000 0.041600 0.168000 0.083100 0.086200 0.088900 0.000000 0.148700 0.219800 0.087400 0.107200 0.063600 0.108100 0.110300 0.062500 0.124900 0.229000 0.086900 0.064200 0.086800 0.084200 0.140500 0.149600 0.041700 0.065200 0.177500 0.109300 0.063600 0.183500 0.112600 0.208100 0.066400 0.043100 0.085700 0.064200 0.149600 0.085800 0.110600
BarbaryShe 0.123300 0.365500 0.171600 0.467300 0.189200 0.103100 0.127100 0.152300 0.225400 0.251000 0.101300 0.156600 0.146100 0.155700 0.126800 0.103100 0.183700 0.190600 0.061100 0.203800 0.148700 0.000000 0.234600 0.200400 0.081200 0.172500 0.171800 0.225400 0.169700 0.234200 0.297200 0.150800 0.174000 0.150700 0.146200 0.208600 0.079100 0.148200 0.129200 0.193700 0.223500 0.172500 0.251000 0.178800 0.223400 0.131300 0.106700 0.149000 0.127400 0.213200 0.247200 0.225800
Daviddeer 0.291200 0.229700 0.193400 0.347300 0.212200 0.269400 0.196800 0.175300 0.248400 0.126800 0.264100 0.179100 0.215700 0.230100 0.196500 0.170300 0.181400 0.236100 0.220700 0.226900 0.219800 0.234600 0.000000 0.127100 0.242300 0.245700 0.194800 0.198300 0.167500 0.208000 0.168800 0.222800 0.171700 0.173500 0.216100 0.232100 0.286700 0.219000 0.200300 0.101300 0.148700 0.245700 0.126800 0.106400 0.148700 0.203600 0.176200 0.220300 0.149700 0.311500 0.219200 0.248900
Reindeer 0.257400 0.300700 0.109700 0.341900 0.129500 0.234900 0.111700 0.137900 0.161200 0.088600 0.179100 0.091800 0.131800 0.141200 0.111500 0.086900 0.193700 0.106500 0.135200 0.139000 0.087400 0.200400 0.127100 0.000000 0.157200 0.110900 0.110400 0.161100 0.085400 0.173500 0.132400 0.136400 0.042800 0.088600 0.132000 0.142600 0.201500 0.087100 0.113600 0.085500 0.065100 0.110900 0.088600 0.021800 0.159700 0.115700 0.090100 0.134500 0.112000 0.225400 0.134000 0.161500
Ibex 0.127200 0.378700 0.130000 0.417500 0.148000 0.106500 0.085600 0.109900 0.181800 0.206800 0.019900 0.113100 0.151100 0.112400 0.085400 0.106600 0.143100 0.103600 0.020600 0.160100 0.107200 0.081200 0.242300 0.157200 0.000000 0.107900 0.084300 0.181700 0.128200 0.192700 0.252400 0.108800 0.131700 0.108800 0.105400 0.164200 0.039800 0.106800 0.087000 0.150900 0.131100 0.107900 0.206800 0.135400 0.231500 0.088600 0.064700 0.107300 0.085800 0.170800 0.203600 0.182200
GyrantGaze 0.226200 0.383200 0.131500 0.398400 0.104800 0.204300 0.086700 0.111300 0.184100 0.209800 0.129100 0.114500 0.152800 0.113800 0.086500 0.063300 0.169300 0.083700 0.109100 0.162000 0.063600 0.172500 0.245700 0.110900 0.107900 0.000000 0.108800 0.184000 0.084600 0.195400 0.256400 0.091100 0.086800 0.110000 0.106600 0.166100 0.150500 0.063400 0.088000 0.178800 0.158400 0.000000 0.209800 0.137200 0.234700 0.089600 0.065500 0.108600 0.086800 0.199200 0.156300 0.184400
Hartebeest 0.225000 0.322000 0.131000 0.360500 0.149300 0.203300 0.086300 0.110800 0.183400 0.158100 0.105100 0.114100 0.061900 0.113400 0.086100 0.107400 0.144200 0.104400 0.108800 0.161500 0.108100 0.171800 0.194800 0.110400 0.084300 0.108800 0.000000 0.183300 0.129300 0.194300 0.202800 0.109700 0.132800 0.020800 0.106200 0.165700 0.081600 0.107600 0.087700 0.105900 0.086000 0.108800 0.158100 0.088800 0.233600 0.089300 0.065200 0.085700 0.086500 0.149100 0.205400 0.183800
Bongo 0.284000 0.329700 0.086500 0.431900 0.201300 0.261300 0.135400 0.113200 0.042900 0.160500 0.204200 0.116000 0.205600 0.166600 0.135200 0.157600 0.217800 0.176500 0.159600 0.021600 0.110300 0.225400 0.198300 0.161100 0.181700 0.184000 0.183300 0.000000 0.107800 0.149400 0.205700 0.161000 0.159300 0.161000 0.155100 0.168900 0.226900 0.157900 0.138000 0.205100 0.134600 0.184000 0.160500 0.138900 0.238100 0.140600 0.113900 0.158000 0.135900 0.199600 0.020800 0.042900
Gerenuk 0.222400 0.289900 0.105600 0.330400 0.103000 0.200800 0.085200 0.064100 0.155000 0.179200 0.149200 0.088100 0.150200 0.111800 0.085000 0.062200 0.141200 0.059900 0.107200 0.133600 0.062500 0.169700 0.167500 0.085400 0.128200 0.084600 0.129300 0.107800 0.000000 0.167200 0.223800 0.108200 0.041100 0.108100 0.104800 0.136800 0.170500 0.062300 0.086500 0.173400 0.153600 0.084600 0.179200 0.110000 0.202900 0.088000 0.064400 0.106800 0.085400 0.168300 0.083900 0.155300
CommonElan 0.239100 0.332600 0.059900 0.430400 0.165200 0.218000 0.149100 0.175100 0.149500 0.173100 0.213800 0.130800 0.215200 0.178900 0.148800 0.170100 0.181200 0.187900 0.171700 0.128800 0.124900 0.234200 0.208000 0.173500 0.192700 0.195400 0.194300 0.149400 0.167200 0.000000 0.168400 0.173300 0.171500 0.173100 0.168000 0.180500 0.235400 0.170400 0.151600 0.215200 0.148200 0.195400 0.173100 0.152500 0.196000 0.154000 0.128700 0.171200 0.104200 0.209600 0.170200 0.149800
MuntiacusR 0.249900 0.345900 0.201100 0.420900 0.125300 0.281300 0.205000 0.234900 0.155700 0.041700 0.274900 0.186800 0.224300 0.214400 0.204700 0.227800 0.188400 0.195800 0.229800 0.183700 0.229000 0.297200 0.168800 0.132400 0.252400 0.256400 0.202800 0.205700 0.223800 0.168400 0.000000 0.207200 0.178800 0.180500 0.224800 0.242200 0.298600 0.176900 0.208600 0.174900 0.154800 0.256400 0.041700 0.110800 0.204100 0.212300 0.183500 0.178400 0.155800 0.324700 0.227900 0.155400
HarveysDui 0.202900 0.359100 0.109700 0.362600 0.106300 0.181200 0.065000 0.089100 0.161100 0.161700 0.130300 0.091700 0.131100 0.044200 0.064900 0.086300 0.170200 0.129400 0.087400 0.139000 0.086900 0.150800 0.222800 0.136400 0.108800 0.091100 0.109700 0.161000 0.108200 0.173300 0.207200 0.000000 0.111200 0.088100 0.085400 0.142700 0.151700 0.064400 0.066100 0.179900 0.159600 0.110100 0.161700 0.114300 0.185800 0.067400 0.043700 0.086900 0.065200 0.200500 0.183300 0.137400
Pronghorn 0.228200 0.298000 0.108400 0.338600 0.105600 0.206200 0.087400 0.112400 0.159300 0.134500 0.153300 0.090600 0.154200 0.114900 0.087200 0.063800 0.144600 0.061400 0.110100 0.137400 0.064200 0.174000 0.171700 0.042800 0.131700 0.086800 0.132800 0.159300 0.041100 0.171500 0.178800 0.111200 0.000000 0.111100 0.107600 0.140900 0.175100 0.063900 0.088900 0.129900 0.109800 0.086800 0.134500 0.066100 0.157900 0.090500 0.066100 0.109600 0.087600 0.172700 0.132500 0.159600
BlueWildeb 0.202800 0.299800 0.109700 0.396600 0.128200 0.181200 0.065000 0.089000 0.161100 0.135900 0.130200 0.091700 0.041500 0.091200 0.064800 0.086300 0.170000 0.129200 0.087400 0.139100 0.086800 0.150700 0.173500 0.088600 0.108800 0.110000 0.020800 0.161000 0.108100 0.173100 0.180500 0.088100 0.111100 0.000000 0.085300 0.142800 0.105200 0.086400 0.066100 0.131400 0.111000 0.110000 0.135900 0.066900 0.210900 0.067300 0.043700 0.064500 0.065100 0.176000 0.183200 0.161400
Gemsbok 0.196700 0.291100 0.106300 0.450100 0.124500 0.175600 0.063000 0.086200 0.156100 0.180200 0.126200 0.088700 0.127000 0.088200 0.062800 0.083700 0.165100 0.125400 0.084700 0.134600 0.084200 0.146200 0.216100 0.132000 0.105400 0.106600 0.106200 0.155100 0.104800 0.168000 0.224800 0.085400 0.107600 0.085300 0.000000 0.138100 0.147100 0.083800 0.064000 0.173400 0.154400 0.106600 0.180200 0.110600 0.204500 0.065200 0.042300 0.083700 0.063100 0.194600 0.177700 0.156400
Yak 0.267500 0.314500 0.114800 0.480000 0.183900 0.244600 0.116600 0.144300 0.168900 0.194800 0.187300 0.046700 0.188700 0.148000 0.116400 0.139300 0.201100 0.158900 0.141600 0.146000 0.140500 0.208600 0.232100 0.142600 0.164200 0.166100 0.165700 0.168900 0.136800 0.180500 0.242200 0.142700 0.140900 0.142800 0.138100 0.000000 0.210400 0.139600 0.118900 0.187800 0.166900 0.166100 0.194800 0.119700 0.166000 0.121400 0.094300 0.140600 0.117000 0.235300 0.191800 0.169200
BlueSheep 0.123800 0.365900 0.172800 0.404300 0.190000 0.103600 0.127800 0.153200 0.226900 0.252400 0.059500 0.157600 0.146200 0.156700 0.127500 0.148700 0.183700 0.144600 0.061500 0.205300 0.149600 0.079100 0.286700 0.201500 0.039800 0.150500 0.081600 0.226900 0.170500 0.235400 0.298600 0.151700 0.175100 0.105200 0.147100 0.210400 0.000000 0.148900 0.130000 0.193800 0.174300 0.150500 0.252400 0.179900 0.277600 0.132200 0.107300 0.127000 0.128100 0.189900 0.248700 0.227300
BohorReedb 0.199600 0.351700 0.107600 0.366800 0.040100 0.178100 0.063900 0.087400 0.158000 0.133000 0.127800 0.089900 0.128600 0.066600 0.063700 0.041500 0.167500 0.082900 0.072800 0.136200 0.041700 0.148200 0.219000 0.087100 0.106800 0.063400 0.107600 0.157900 0.062300 0.170400 0.176900 0.064400 0.063900 0.086400 0.083800 0.139600 0.148900 0.000000 0.064900 0.176800 0.156600 0.063400 0.133000 0.112200 0.207000 0.066000 0.042900 0.085300 0.064000 0.197000 0.131500 0.109800
KirksDik 0.180200 0.335300 0.087800 0.437600 0.107000 0.158500 0.043400 0.066800 0.138200 0.162800 0.108500 0.068800 0.109200 0.068400 0.043300 0.064800 0.148800 0.107800 0.065600 0.115900 0.065200 0.129200 0.200300 0.113600 0.087000 0.088000 0.087700 0.138000 0.086500 0.151600 0.208600 0.066100 0.088900 0.066100 0.064000 0.118900 0.130000 0.064900 0.000000 0.157300 0.136700 0.088000 0.162800 0.091400 0.187500 0.044900 0.021900 0.065200 0.043400 0.178100 0.160400 0.138400
RoeDeer 0.303000 0.316300 0.151700 0.353900 0.220000 0.280200 0.154600 0.181900 0.205400 0.131300 0.172100 0.135700 0.174100 0.186100 0.154300 0.128900 0.141500 0.146900 0.178300 0.183400 0.177500 0.193700 0.101300 0.085500 0.150900 0.178800 0.105900 0.205100 0.173400 0.215200 0.174900 0.179900 0.129900 0.131400 0.173400 0.187800 0.193800 0.176800 0.157300 0.000000 0.062400 0.178800 0.131300 0.064400 0.153900 0.160000 0.133400 0.176900 0.155000 0.217200 0.227500 0.205700
WhiteLippe 0.282000 0.325800 0.085700 0.365300 0.199900 0.259400 0.134300 0.161300 0.134700 0.111000 0.152600 0.114900 0.154300 0.165100 0.134100 0.156300 0.167700 0.127500 0.158200 0.113000 0.109300 0.223500 0.148700 0.065100 0.131100 0.158400 0.086000 0.134600 0.153600 0.148200 0.154800 0.159600 0.109800 0.111000 0.154400 0.166900 0.174300 0.156600 0.136700 0.062400 0.000000 0.158400 0.111000 0.043700 0.183100 0.139200 0.112800 0.157400 0.134700 0.149200 0.156500 0.135000
ThomsonGaz 0.226200 0.383200 0.131500 0.398400 0.104800 0.204300 0.086700 0.111300 0.184100 0.209800 0.129100 0.114500 0.152800 0.113800 0.086500 0.063300 0.169300 0.083700 0.109100 0.162000 0.063600 0.172500 0.245700 0.110900 0.107900 0.000000 0.108800 0.184000 0.084600 0.195400 0.256400 0.110100 0.086800 0.110000 0.106600 0.166100 0.150500 0.063400 0.088000 0.178800 0.158400 0.000000 0.209800 0.137200 0.234700 0.089600 0.065500 0.108600 0.086800 0.199200 0.156300 0.184400
MuntiacusC 0.256600 0.299700 0.157000 0.371600 0.128600 0.234100 0.159900 0.188300 0.160500 0.000000 0.229300 0.140800 0.179800 0.167400 0.159600 0.182400 0.193300 0.201200 0.184400 0.138500 0.183500 0.251000 0.126800 0.088600 0.206800 0.209800 0.158100 0.160500 0.179200 0.173100 0.041700 0.161700 0.134500 0.135900 0.180200 0.194800 0.252400 0.133000 0.162800 0.131300 0.111000 0.209800 0.000000 0.066800 0.159300 0.165800 0.138200 0.183700 0.111700 0.277600 0.182700 0.111500
WhiteTaile 0.234700 0.278700 0.088300 0.376400 0.155500 0.212200 0.089900 0.115600 0.138900 0.066800 0.157600 0.069300 0.110500 0.118400 0.089700 0.111900 0.172800 0.131500 0.113300 0.116600 0.112600 0.178800 0.106400 0.021800 0.135400 0.137200 0.088800 0.138900 0.110000 0.152500 0.110800 0.114300 0.066100 0.066900 0.110600 0.119700 0.179900 0.112200 0.091400 0.064400 0.043700 0.137200 0.066800 0.000000 0.137600 0.093200 0.068000 0.112600 0.090100 0.203600 0.161300 0.139200
Cattle 0.281400 0.300300 0.180800 0.370400 0.199900 0.258900 0.183900 0.213400 0.237900 0.159300 0.254300 0.165300 0.256200 0.218400 0.183600 0.156400 0.168500 0.224900 0.209000 0.215500 0.208100 0.223400 0.148700 0.159700 0.231500 0.234700 0.233600 0.238100 0.202900 0.196000 0.204100 0.185800 0.157900 0.210900 0.204500 0.166000 0.277600 0.207000 0.187500 0.153900 0.183100 0.234700 0.159300 0.137600 0.000000 0.190900 0.162300 0.208400 0.134800 0.303500 0.260900 0.238500
RoyalAntel 0.183300 0.340600 0.089400 0.443400 0.108800 0.161300 0.044200 0.068100 0.140700 0.165800 0.110400 0.070100 0.111100 0.069700 0.044100 0.065900 0.151100 0.109600 0.066800 0.118100 0.066400 0.131300 0.203600 0.115700 0.088600 0.089600 0.089300 0.140600 0.088000 0.154000 0.212300 0.067400 0.090500 0.067300 0.065200 0.121400 0.132200 0.066000 0.044900 0.160000 0.139200 0.089600 0.165800 0.093200 0.190900 0.000000 0.022300 0.066400 0.044300 0.181100 0.163200 0.140900
Steenbok 0.156200 0.306600 0.065300 0.406200 0.084800 0.134600 0.021500 0.044200 0.114000 0.138200 0.086100 0.045500 0.086600 0.045200 0.021500 0.042800 0.126300 0.085500 0.043400 0.091900 0.043100 0.106700 0.176200 0.090100 0.064700 0.065500 0.065200 0.113900 0.064400 0.128700 0.183500 0.043700 0.066100 0.043700 0.042300 0.094300 0.107300 0.042900 0.021900 0.133400 0.112800 0.065500 0.138200 0.068000 0.162300 0.022300 0.000000 0.043100 0.021600 0.154200 0.136100 0.114200
Impala 0.151900 0.325100 0.108200 0.428800 0.082500 0.179000 0.064100 0.087800 0.110600 0.183700 0.128500 0.090300 0.106700 0.089800 0.064000 0.085200 0.123000 0.083100 0.086200 0.137200 0.085700 0.149000 0.220300 0.134500 0.107300 0.108600 0.085700 0.158000 0.106800 0.171200 0.178400 0.086900 0.109600 0.064500 0.083700 0.140600 0.127000 0.085300 0.065200 0.176900 0.157400 0.108600 0.183700 0.112600 0.208400 0.066400 0.043100 0.000000 0.064200 0.172200 0.181100 0.159400
Klipspring 0.130000 0.273600 0.086400 0.370100 0.061900 0.108900 0.042800 0.065900 0.136000 0.111700 0.106900 0.067700 0.107600 0.067300 0.042700 0.063900 0.102400 0.106400 0.064600 0.114100 0.064200 0.127400 0.149700 0.112000 0.085800 0.086800 0.086500 0.135900 0.085400 0.104200 0.155800 0.065200 0.087600 0.065100 0.063100 0.117000 0.128100 0.064000 0.043400 0.155000 0.134700 0.086800 0.111700 0.090100 0.134800 0.044300 0.021600 0.064200 0.000000 0.175500 0.157900 0.136200
ForestMusk 0.322400 0.367300 0.148000 0.406900 0.239400 0.300000 0.174900 0.176900 0.199700 0.277600 0.191900 0.181200 0.170500 0.207100 0.174600 0.196600 0.181600 0.142800 0.198600 0.178400 0.149600 0.213200 0.311500 0.225400 0.170800 0.199200 0.149100 0.199600 0.168300 0.209600 0.324700 0.200500 0.172700 0.176000 0.194600 0.235300 0.189900 0.197000 0.178100 0.217200 0.149200 0.199200 0.277600 0.203600 0.303500 0.181100 0.154200 0.172200 0.175500 0.000000 0.221200 0.200100
Bushbuck 0.306800 0.353300 0.107600 0.394500 0.173900 0.284100 0.157400 0.135300 0.064000 0.182700 0.226000 0.138500 0.227600 0.189600 0.157100 0.131200 0.239000 0.150100 0.181600 0.043000 0.085800 0.247200 0.219200 0.134000 0.203600 0.156300 0.205400 0.020800 0.083900 0.170200 0.227900 0.183300 0.132500 0.183200 0.177700 0.191800 0.248700 0.131500 0.160400 0.227500 0.156500 0.156300 0.182700 0.161300 0.260900 0.163200 0.136100 0.181100 0.157900 0.221200 0.000000 0.064100
GreaterKud 0.284300 0.390900 0.086800 0.467500 0.152200 0.261600 0.135800 0.163200 0.043000 0.111500 0.204600 0.116300 0.206000 0.142200 0.135600 0.158000 0.218200 0.176900 0.160000 0.021700 0.110600 0.225800 0.248900 0.161500 0.182200 0.184400 0.183800 0.042900 0.155300 0.149800 0.155400 0.137400 0.159600 0.161400 0.156400 0.169200 0.227300 0.109800 0.138400 0.205700 0.135000 0.184400 0.111500 0.139200 0.238500 0.140900 0.114200 0.159400 0.136200 0.200100 0.064100 0.000000
