1
52 1
Argali 0.000000 0.151500 0.035200 0.134500 0.035200 0.000000 0.031500 0.031500 0.043300 0.052300 0.015500 0.047400 0.035100 0.027500 0.039300 0.043800 0.048200 0.052200 0.042600 0.039300 0.073000 0.011000 0.068200 0.056500 0.011600 0.052100 0.031100 0.043400 0.043900 0.047700 0.047800 0.031500 0.064900 0.035100 0.031400 0.047500 0.011500 0.035200 0.035300 0.052300 0.064300 0.035700 0.052300 0.052200 0.043300 0.039600 0.031800 0.039300 0.039600 0.073500 0.047500 0.051900
LesserMous 0.151500 0.000000 0.146000 0.092400 0.175100 0.151500 0.152600 0.152500 0.146200 0.134700 0.161100 0.141900 0.174700 0.147700 0.160900 0.158000 0.125300 0.130000 0.181700 0.141800 0.172200 0.165600 0.166100 0.144400 0.165600 0.158500 0.169700 0.146900 0.158600 0.138000 0.138300 0.152800 0.144600 0.174700 0.171500 0.141900 0.165200 0.165600 0.146900 0.134600 0.162100 0.148600 0.134700 0.139200 0.146400 0.177200 0.148800 0.155800 0.182000 0.154300 0.160900 0.157500
LesserKudu 0.035200 0.146000 0.000000 0.129400 0.047200 0.035200 0.043500 0.043400 0.007700 0.047900 0.043200 0.019400 0.055200 0.039400 0.043200 0.055900 0.043900 0.047800 0.049600 0.003800 0.076900 0.039100 0.063700 0.052100 0.039200 0.064400 0.051100 0.007700 0.056100 0.011600 0.043500 0.043600 0.060500 0.055200 0.051500 0.019400 0.039100 0.039200 0.055400 0.052000 0.059900 0.047700 0.047900 0.047800 0.015400 0.064100 0.039800 0.035100 0.051700 0.060500 0.011600 0.015600
KillerWhal 0.134500 0.092400 0.129400 0.000000 0.147900 0.134500 0.126200 0.135300 0.129500 0.113700 0.134500 0.134300 0.147500 0.121600 0.134300 0.140500 0.109400 0.113500 0.163900 0.125200 0.154300 0.138800 0.139200 0.118300 0.138800 0.141000 0.142800 0.121100 0.141000 0.121500 0.108200 0.126400 0.109400 0.147600 0.153400 0.125300 0.138500 0.148100 0.139100 0.109000 0.135300 0.131500 0.113700 0.113400 0.129700 0.168300 0.132200 0.138700 0.149300 0.118500 0.143600 0.140000
DefassaWat 0.035200 0.175100 0.047200 0.147900 0.000000 0.035200 0.035400 0.043500 0.055300 0.056300 0.043200 0.059600 0.055100 0.031400 0.043200 0.064300 0.060600 0.064600 0.070700 0.051300 0.085600 0.039100 0.072300 0.060600 0.039100 0.072900 0.051100 0.055600 0.064500 0.059900 0.051800 0.035500 0.077500 0.055200 0.051100 0.051400 0.039100 0.023300 0.047200 0.056300 0.068400 0.056100 0.056300 0.056300 0.047300 0.055800 0.052100 0.043200 0.043500 0.077700 0.059600 0.064100
Sheep 0.000000 0.151500 0.035200 0.134500 0.035200 0.000000 0.031500 0.031500 0.043300 0.052300 0.015500 0.047400 0.035100 0.027500 0.039300 0.043800 0.048200 0.047100 0.042600 0.039300 0.073000 0.011000 0.068200 0.056500 0.011600 0.052100 0.031100 0.043400 0.043900 0.047700 0.047800 0.031500 0.064900 0.035100 0.031400 0.047500 0.011100 0.035200 0.035300 0.052300 0.064300 0.035700 0.052300 0.052200 0.043300 0.039600 0.031800 0.039300 0.039600 0.073500 0.047500 0.051900
MaxwellsDu 0.031500 0.152600 0.043500 0.126200 0.035400 0.031500 0.000000 0.031700 0.051700 0.061000 0.023500 0.047800 0.035400 0.003700 0.031500 0.060700 0.056900 0.060900 0.050900 0.047700 0.069300 0.027400 0.077100 0.065300 0.027500 0.044200 0.039400 0.051900 0.052600 0.052100 0.056400 0.007800 0.073900 0.042500 0.039700 0.031500 0.027400 0.027500 0.027500 0.061000 0.073200 0.035900 0.061000 0.060900 0.035500 0.043900 0.040200 0.031500 0.031700 0.082600 0.056000 0.060500
GazellaPrz 0.031500 0.152500 0.043400 0.135300 0.043500 0.031500 0.031700 0.000000 0.051700 0.052600 0.039600 0.047700 0.051600 0.025800 0.031500 0.044000 0.048500 0.052500 0.067200 0.047600 0.056600 0.035500 0.076900 0.065200 0.035500 0.044200 0.047500 0.051800 0.036000 0.056200 0.056300 0.031700 0.065300 0.051600 0.047900 0.039600 0.035400 0.035500 0.027500 0.065100 0.073000 0.027800 0.052600 0.060800 0.035500 0.043900 0.023900 0.031400 0.039800 0.082500 0.055900 0.060400
MountainNy 0.043300 0.146200 0.007700 0.129500 0.055300 0.043300 0.051700 0.051700 0.000000 0.048000 0.051300 0.027200 0.063400 0.047500 0.051300 0.064200 0.043900 0.047900 0.062700 0.003700 0.085500 0.047200 0.063800 0.052200 0.047200 0.064500 0.059300 0.007700 0.064500 0.011600 0.043500 0.051800 0.060500 0.063400 0.059700 0.027300 0.047100 0.047200 0.063600 0.052100 0.059900 0.047800 0.048000 0.043500 0.023300 0.072500 0.048000 0.043200 0.060000 0.060600 0.019400 0.015600
MuntiacusM 0.052300 0.134700 0.047900 0.113700 0.056300 0.052300 0.061000 0.052600 0.048000 0.000000 0.060600 0.060500 0.072900 0.056700 0.052200 0.065400 0.028200 0.032200 0.088800 0.043900 0.095900 0.056300 0.040000 0.028200 0.056300 0.074200 0.068600 0.048200 0.065700 0.052500 0.019900 0.061100 0.044800 0.072900 0.069200 0.060600 0.056200 0.056400 0.064800 0.028100 0.036100 0.057100 0.000000 0.024000 0.056300 0.082400 0.053100 0.060500 0.069500 0.070300 0.060600 0.056800
goat 0.015500 0.161100 0.043200 0.134500 0.043200 0.015500 0.023500 0.039600 0.051300 0.060600 0.000000 0.047500 0.035100 0.018500 0.039300 0.060300 0.056500 0.060500 0.042600 0.047400 0.081600 0.011600 0.076600 0.064900 0.003800 0.052200 0.031100 0.051600 0.052200 0.055900 0.056000 0.023500 0.073400 0.035100 0.031400 0.039400 0.011000 0.035300 0.043300 0.060600 0.072700 0.035700 0.060600 0.060500 0.043400 0.047800 0.039900 0.039300 0.039600 0.082100 0.055600 0.054300
AfricanBuf 0.047400 0.141900 0.019400 0.134300 0.059600 0.047400 0.047800 0.047700 0.027200 0.060500 0.047500 0.000000 0.051300 0.043600 0.047400 0.068600 0.056400 0.060400 0.058800 0.023300 0.072100 0.043300 0.076500 0.056400 0.043300 0.068900 0.047200 0.027400 0.060500 0.031500 0.055900 0.047800 0.073300 0.051300 0.055800 0.014800 0.043300 0.043300 0.059700 0.056300 0.072600 0.052100 0.060500 0.052100 0.011600 0.068500 0.044000 0.035200 0.056000 0.064900 0.031300 0.035500
Topi 0.035100 0.174700 0.055200 0.147500 0.055100 0.035100 0.035400 0.051600 0.063400 0.072900 0.035100 0.051300 0.000000 0.039400 0.051300 0.072500 0.068800 0.072800 0.062400 0.059400 0.094100 0.031100 0.088900 0.068800 0.031100 0.072800 0.003800 0.063700 0.064400 0.068100 0.068200 0.043500 0.085900 0.007700 0.035200 0.051300 0.031000 0.047100 0.047200 0.064500 0.085000 0.056000 0.072900 0.064400 0.047200 0.064000 0.052100 0.047100 0.051600 0.086000 0.067700 0.072300
CommonDuik 0.027500 0.147700 0.039400 0.121600 0.031400 0.027500 0.003700 0.025800 0.047500 0.056700 0.018500 0.043600 0.039400 0.000000 0.027500 0.056400 0.052700 0.056700 0.046800 0.043600 0.065000 0.023500 0.072800 0.061000 0.023500 0.040100 0.035300 0.047800 0.048400 0.047900 0.052200 0.003900 0.069500 0.039400 0.035600 0.027500 0.023400 0.023500 0.023500 0.056700 0.068900 0.031800 0.056700 0.056700 0.031500 0.039800 0.036100 0.027500 0.027700 0.078200 0.051800 0.056300
Suni 0.039300 0.160900 0.043200 0.134300 0.043200 0.039300 0.031500 0.031500 0.051300 0.052200 0.039300 0.047400 0.051300 0.027500 0.000000 0.060200 0.048100 0.052100 0.066900 0.047300 0.073000 0.027300 0.068100 0.056400 0.035300 0.060400 0.047200 0.051500 0.052200 0.055800 0.043400 0.031600 0.064800 0.051300 0.047600 0.039300 0.035200 0.035300 0.043300 0.056300 0.063400 0.043800 0.052200 0.052100 0.035300 0.043700 0.039900 0.023300 0.039600 0.073400 0.055600 0.060000
Springbuck 0.043800 0.158000 0.055900 0.140500 0.064300 0.043800 0.060700 0.044000 0.064200 0.065400 0.060300 0.068600 0.072500 0.056400 0.060200 0.000000 0.061300 0.065400 0.088300 0.060200 0.082300 0.056000 0.085600 0.078400 0.056000 0.056900 0.068300 0.064500 0.032000 0.069000 0.069100 0.052400 0.078500 0.072500 0.068900 0.068700 0.055900 0.064400 0.056100 0.078200 0.081800 0.040100 0.065400 0.073800 0.064400 0.073400 0.044400 0.060200 0.069100 0.096000 0.068600 0.069000
Okapi 0.048200 0.125300 0.043900 0.109400 0.060600 0.048200 0.056900 0.048500 0.043900 0.028200 0.056500 0.056400 0.068800 0.052700 0.048100 0.061300 0.000000 0.012000 0.084700 0.039900 0.091700 0.052300 0.052400 0.040600 0.052300 0.070100 0.064600 0.044100 0.061600 0.048500 0.032000 0.057000 0.040700 0.068800 0.056700 0.056500 0.052200 0.060600 0.060700 0.040500 0.048500 0.053000 0.028200 0.036300 0.052200 0.078200 0.048800 0.056400 0.065400 0.066100 0.056500 0.052700
Giraffe 0.052200 0.130000 0.047800 0.113500 0.064600 0.047100 0.060900 0.052500 0.047900 0.032200 0.060500 0.060400 0.072800 0.056700 0.052100 0.065400 0.012000 0.000000 0.088700 0.043900 0.095800 0.056200 0.056400 0.044600 0.056300 0.074200 0.068600 0.048100 0.065600 0.052500 0.036000 0.061000 0.036400 0.072800 0.060800 0.060500 0.056100 0.064600 0.064700 0.044500 0.052500 0.057000 0.032200 0.040300 0.056200 0.082300 0.053000 0.060400 0.069400 0.061600 0.060500 0.056700
TibetanAnt 0.042600 0.181700 0.049600 0.163900 0.070700 0.042600 0.050900 0.067200 0.062700 0.088800 0.042600 0.058800 0.062400 0.046800 0.066900 0.088300 0.084700 0.088700 0.000000 0.058700 0.097100 0.038600 0.104800 0.093200 0.038600 0.080200 0.058400 0.062900 0.080300 0.063100 0.084000 0.051000 0.101900 0.062500 0.050800 0.058800 0.038500 0.054600 0.062700 0.088800 0.101000 0.071700 0.088800 0.088700 0.054700 0.075600 0.063800 0.058700 0.067300 0.093400 0.067000 0.071500
Sitatunga 0.039300 0.141800 0.003800 0.125200 0.051300 0.039300 0.047700 0.047600 0.003700 0.043900 0.047400 0.023300 0.059400 0.043600 0.047300 0.060200 0.039900 0.043900 0.058700 0.000000 0.081300 0.043300 0.059800 0.047800 0.043300 0.068700 0.055300 0.003900 0.060400 0.007800 0.036500 0.047700 0.056500 0.059400 0.055700 0.023400 0.043200 0.043300 0.059600 0.048000 0.055900 0.052000 0.043900 0.043900 0.019400 0.068400 0.044000 0.039200 0.055900 0.056500 0.015500 0.011700
Oribi 0.073000 0.172200 0.076900 0.154300 0.085600 0.073000 0.069300 0.056600 0.085500 0.095900 0.081600 0.072100 0.094100 0.065000 0.073000 0.082300 0.091700 0.095800 0.097100 0.081300 0.000000 0.077200 0.121200 0.109400 0.077200 0.078300 0.089700 0.085900 0.074100 0.086000 0.099500 0.065100 0.109500 0.094100 0.090500 0.073100 0.077000 0.068700 0.064600 0.109200 0.117300 0.065300 0.095900 0.104600 0.068700 0.086500 0.061400 0.064500 0.082200 0.118600 0.090100 0.095000
BarbaryShe 0.011000 0.165600 0.039100 0.138800 0.039100 0.011000 0.027400 0.035500 0.047200 0.056300 0.011600 0.043300 0.031100 0.023500 0.027300 0.056000 0.052300 0.056200 0.038600 0.043300 0.077200 0.000000 0.072200 0.060600 0.007700 0.056200 0.027100 0.047400 0.048000 0.051700 0.051800 0.027500 0.069000 0.031100 0.027300 0.043400 0.007300 0.031200 0.039200 0.056300 0.068400 0.039700 0.056300 0.056200 0.039300 0.043600 0.035800 0.035200 0.035500 0.077600 0.051400 0.055900
Daviddeer 0.068200 0.166100 0.063700 0.139200 0.072300 0.068200 0.077100 0.076900 0.063800 0.040000 0.076600 0.076500 0.088900 0.072800 0.068100 0.085600 0.052400 0.056400 0.104800 0.059800 0.121200 0.072200 0.000000 0.044200 0.072200 0.099100 0.084600 0.064100 0.086000 0.068500 0.035600 0.077200 0.069200 0.089000 0.085300 0.076500 0.072100 0.072300 0.089300 0.044100 0.011700 0.081600 0.040000 0.039900 0.072200 0.090000 0.077700 0.076400 0.085700 0.086600 0.076500 0.072800
Reindeer 0.056500 0.144400 0.052100 0.118300 0.060600 0.056500 0.065300 0.065200 0.052200 0.028200 0.064900 0.056400 0.068800 0.061000 0.056400 0.078400 0.040600 0.044600 0.093200 0.047800 0.109400 0.060600 0.044200 0.000000 0.060600 0.087400 0.064500 0.052400 0.078700 0.056800 0.023900 0.065400 0.057400 0.068800 0.073600 0.056500 0.060500 0.060700 0.077600 0.024100 0.040200 0.069900 0.028200 0.003800 0.052200 0.086900 0.065900 0.060500 0.073900 0.066100 0.064900 0.061100
Ibex 0.011600 0.165600 0.039200 0.138800 0.039100 0.011600 0.027500 0.035500 0.047200 0.056300 0.003800 0.043300 0.031100 0.023500 0.035300 0.056000 0.052300 0.056300 0.038600 0.043300 0.077200 0.007700 0.072200 0.060600 0.000000 0.056200 0.025200 0.047300 0.048000 0.051700 0.051800 0.027500 0.069000 0.031100 0.027400 0.043400 0.007300 0.031200 0.039200 0.056300 0.068400 0.039700 0.056300 0.056200 0.039300 0.043600 0.035800 0.035200 0.035500 0.077600 0.051500 0.055900
GyrantGaze 0.052100 0.158500 0.064400 0.141000 0.072900 0.052100 0.044200 0.044200 0.064500 0.074200 0.052200 0.068900 0.072800 0.040100 0.060400 0.056900 0.070100 0.074200 0.080200 0.068700 0.078300 0.056200 0.099100 0.087400 0.056200 0.000000 0.068500 0.073200 0.048700 0.073400 0.077900 0.036100 0.087500 0.072800 0.069100 0.060500 0.056100 0.064600 0.048000 0.087200 0.095200 0.015900 0.074200 0.082700 0.064600 0.073700 0.044600 0.060400 0.069400 0.105300 0.077300 0.082100
Hartebeest 0.031100 0.169700 0.051100 0.142800 0.051100 0.031100 0.039400 0.047500 0.059300 0.068600 0.031100 0.047200 0.003800 0.035300 0.047200 0.068300 0.064600 0.068600 0.058400 0.055300 0.089700 0.027100 0.084600 0.064500 0.025200 0.068500 0.000000 0.059500 0.060200 0.063900 0.064000 0.039400 0.081500 0.003700 0.031200 0.047300 0.027100 0.043100 0.043100 0.060300 0.080800 0.051800 0.068600 0.060200 0.043100 0.059800 0.047900 0.043100 0.047500 0.081600 0.063600 0.068100
Bongo 0.043400 0.146900 0.007700 0.121100 0.055600 0.043400 0.051900 0.051800 0.007700 0.048200 0.051600 0.027400 0.063700 0.047800 0.051500 0.064500 0.044100 0.048100 0.062900 0.003900 0.085900 0.047400 0.064100 0.052400 0.047300 0.073200 0.059500 0.000000 0.064800 0.011700 0.043700 0.052000 0.052400 0.063700 0.060000 0.027400 0.047300 0.047400 0.063900 0.052300 0.060200 0.056200 0.048200 0.048100 0.023400 0.072800 0.048200 0.043300 0.056000 0.052500 0.019500 0.015600
Gerenuk 0.043900 0.158600 0.056100 0.141000 0.064500 0.043900 0.052600 0.036000 0.064500 0.065700 0.052200 0.060500 0.064400 0.048400 0.052200 0.032000 0.061600 0.065600 0.080300 0.060400 0.074100 0.048000 0.086000 0.078700 0.048000 0.048700 0.060200 0.064800 0.000000 0.060800 0.069400 0.044300 0.070100 0.064500 0.060700 0.060600 0.047900 0.056300 0.048100 0.069900 0.082100 0.032100 0.065700 0.074100 0.056300 0.065200 0.036300 0.052100 0.061000 0.087500 0.068900 0.073600
CommonElan 0.047700 0.138000 0.011600 0.121500 0.059900 0.047700 0.052100 0.056200 0.011600 0.052500 0.055900 0.031500 0.068100 0.047900 0.055800 0.069000 0.048500 0.052500 0.063100 0.007800 0.086000 0.051700 0.068500 0.056800 0.051700 0.073400 0.063900 0.011700 0.060800 0.000000 0.048000 0.052200 0.056800 0.068100 0.064400 0.031500 0.051600 0.051700 0.064100 0.048400 0.064600 0.060700 0.052500 0.052500 0.027400 0.077400 0.052600 0.047600 0.064700 0.056900 0.023500 0.019700
MuntiacusR 0.047800 0.138300 0.043500 0.108200 0.051800 0.047800 0.056400 0.056300 0.043500 0.019900 0.056000 0.055900 0.068200 0.052200 0.043400 0.069100 0.032000 0.036000 0.084000 0.036500 0.099500 0.051800 0.035600 0.023900 0.051800 0.077900 0.064000 0.043700 0.069400 0.048000 0.000000 0.056500 0.048500 0.068200 0.064500 0.056000 0.051700 0.051900 0.068500 0.023900 0.031700 0.060800 0.019900 0.019800 0.051800 0.077500 0.056800 0.055900 0.064800 0.065500 0.056000 0.052200
HarveysDui 0.031500 0.152800 0.043600 0.126400 0.035500 0.031500 0.007800 0.031700 0.051800 0.061100 0.023500 0.047800 0.043500 0.003900 0.031600 0.052400 0.057000 0.061000 0.051000 0.047700 0.065100 0.027500 0.077200 0.065400 0.027500 0.036100 0.039400 0.052000 0.044300 0.052200 0.056500 0.000000 0.074000 0.043500 0.039700 0.031600 0.027400 0.027500 0.027500 0.061100 0.073300 0.027900 0.061100 0.061000 0.035600 0.044000 0.040300 0.031500 0.031800 0.082800 0.056100 0.060600
Pronghorn 0.064900 0.144600 0.060500 0.109400 0.077500 0.064900 0.073900 0.065300 0.060500 0.044800 0.073400 0.073300 0.085900 0.069500 0.064800 0.078500 0.040700 0.036400 0.101900 0.056500 0.109500 0.069000 0.069200 0.057400 0.069000 0.087500 0.081500 0.052400 0.070100 0.056800 0.048500 0.074000 0.000000 0.085900 0.082200 0.073400 0.068900 0.077600 0.077700 0.048900 0.065300 0.070000 0.044800 0.053000 0.069000 0.095700 0.066000 0.073200 0.078200 0.057600 0.073400 0.069600
BlueWildeb 0.035100 0.174700 0.055200 0.147600 0.055200 0.035100 0.042500 0.051600 0.063400 0.072900 0.035100 0.051300 0.007700 0.039400 0.051300 0.072500 0.068800 0.072800 0.062500 0.059400 0.094100 0.031100 0.089000 0.068800 0.031100 0.072800 0.003700 0.063700 0.064500 0.068100 0.068200 0.043500 0.085900 0.000000 0.035200 0.051400 0.031100 0.047100 0.047200 0.064500 0.085100 0.056000 0.072900 0.064400 0.047200 0.064000 0.052100 0.047200 0.051600 0.086000 0.067800 0.072400
Gemsbok 0.031400 0.171500 0.051500 0.153400 0.051100 0.031400 0.039700 0.047900 0.059700 0.069200 0.031400 0.055800 0.035200 0.035600 0.047600 0.068900 0.056700 0.060800 0.050800 0.055700 0.090500 0.027300 0.085300 0.073600 0.027400 0.069100 0.031200 0.060000 0.060700 0.064400 0.064500 0.039700 0.082200 0.035200 0.000000 0.055900 0.027300 0.043400 0.051600 0.060800 0.081400 0.052300 0.069200 0.069100 0.051700 0.052000 0.048300 0.047500 0.047900 0.091000 0.064100 0.068700
Yak 0.047500 0.141900 0.019400 0.125300 0.051400 0.047500 0.031500 0.039600 0.027300 0.060600 0.039400 0.014800 0.051300 0.027500 0.039300 0.068700 0.056500 0.060500 0.058800 0.023400 0.073100 0.043400 0.076500 0.056500 0.043400 0.060500 0.047300 0.027400 0.060600 0.031500 0.056000 0.031600 0.073400 0.051400 0.055900 0.000000 0.043300 0.035300 0.051500 0.056400 0.072700 0.043900 0.060600 0.052100 0.003800 0.060200 0.044100 0.027300 0.047800 0.065000 0.031300 0.035500
BlueSheep 0.011500 0.165200 0.039100 0.138500 0.039100 0.011100 0.027400 0.035400 0.047100 0.056200 0.011000 0.043300 0.031000 0.023400 0.035200 0.055900 0.052200 0.056100 0.038500 0.043200 0.077000 0.007300 0.072100 0.060500 0.007300 0.056100 0.027100 0.047300 0.047900 0.051600 0.051700 0.027400 0.068900 0.031100 0.027300 0.043300 0.000000 0.031200 0.039200 0.056200 0.068200 0.039600 0.056200 0.056100 0.039200 0.043500 0.035700 0.035200 0.035400 0.077500 0.051300 0.055800
BohorReedb 0.035200 0.165600 0.039200 0.148100 0.023300 0.035200 0.027500 0.035500 0.047200 0.056400 0.035300 0.043300 0.047100 0.023500 0.035300 0.064400 0.060600 0.064600 0.054600 0.043300 0.068700 0.031200 0.072300 0.060700 0.031200 0.064600 0.043100 0.047400 0.056300 0.051700 0.051900 0.027500 0.077600 0.047100 0.043400 0.035300 0.031200 0.000000 0.039200 0.056400 0.068200 0.047900 0.056400 0.056300 0.031300 0.043600 0.039900 0.027300 0.035500 0.077700 0.051500 0.051800
KirksDik 0.035300 0.146900 0.055400 0.139100 0.047200 0.035300 0.027500 0.027500 0.063600 0.064800 0.043300 0.059700 0.047200 0.023500 0.043300 0.056100 0.060700 0.064700 0.062700 0.059600 0.064600 0.039200 0.089300 0.077600 0.039200 0.048000 0.043100 0.063900 0.048100 0.064100 0.068500 0.027500 0.077700 0.047200 0.051600 0.051500 0.039200 0.039200 0.000000 0.073200 0.085400 0.039800 0.064800 0.073100 0.047400 0.047700 0.035900 0.043300 0.043600 0.095000 0.068000 0.072600
RoeDeer 0.052300 0.134600 0.052000 0.109000 0.056300 0.052300 0.061000 0.065100 0.052100 0.028100 0.060600 0.056300 0.064500 0.056700 0.056300 0.078200 0.040500 0.044500 0.088800 0.048000 0.109200 0.056300 0.044100 0.024100 0.056300 0.087200 0.060300 0.052300 0.069900 0.048400 0.023900 0.061100 0.048900 0.064500 0.060800 0.056400 0.056200 0.056400 0.073200 0.000000 0.040200 0.069700 0.028100 0.020000 0.052100 0.073800 0.065800 0.060400 0.069600 0.057400 0.064700 0.061000
WhiteLippe 0.064300 0.162100 0.059900 0.135300 0.068400 0.064300 0.073200 0.073000 0.059900 0.036100 0.072700 0.072600 0.085000 0.068900 0.063400 0.081800 0.048500 0.052500 0.101000 0.055900 0.117300 0.068400 0.011700 0.040200 0.068400 0.095200 0.080800 0.060200 0.082100 0.064600 0.031700 0.073300 0.065300 0.085100 0.081400 0.072700 0.068200 0.068200 0.085400 0.040200 0.000000 0.077700 0.036100 0.036000 0.068300 0.094800 0.073800 0.072600 0.081800 0.082600 0.072600 0.068900
ThomsonGaz 0.035700 0.148600 0.047700 0.131500 0.056100 0.035700 0.035900 0.027800 0.047800 0.057100 0.035700 0.052100 0.056000 0.031800 0.043800 0.040100 0.053000 0.057000 0.071700 0.052000 0.065300 0.039700 0.081600 0.069900 0.039700 0.015900 0.051800 0.056200 0.032100 0.060700 0.060800 0.027900 0.070000 0.056000 0.052300 0.043900 0.039600 0.047900 0.039800 0.069700 0.077700 0.000000 0.057100 0.065400 0.047900 0.056600 0.028100 0.043800 0.052500 0.087300 0.060300 0.064900
MuntiacusC 0.052300 0.134700 0.047900 0.113700 0.056300 0.052300 0.061000 0.052600 0.048000 0.000000 0.060600 0.060500 0.072900 0.056700 0.052200 0.065400 0.028200 0.032200 0.088800 0.043900 0.095900 0.056300 0.040000 0.028200 0.056300 0.074200 0.068600 0.048200 0.065700 0.052500 0.019900 0.061100 0.044800 0.072900 0.069200 0.060600 0.056200 0.056400 0.064800 0.028100 0.036100 0.057100 0.000000 0.024000 0.056300 0.082400 0.053100 0.060500 0.069500 0.070300 0.060600 0.056800
WhiteTaile 0.052200 0.139200 0.047800 0.113400 0.056300 0.052200 0.060900 0.060800 0.043500 0.024000 0.060500 0.052100 0.064400 0.056700 0.052100 0.073800 0.036300 0.040300 0.088700 0.043900 0.104600 0.056200 0.039900 0.003800 0.056200 0.082700 0.060200 0.048100 0.074100 0.052500 0.019800 0.061000 0.053000 0.064400 0.069100 0.052100 0.056100 0.056300 0.073100 0.020000 0.036000 0.065400 0.024000 0.000000 0.047900 0.082300 0.061400 0.056200 0.069400 0.061600 0.060500 0.056700
Cattle 0.043300 0.146400 0.015400 0.129700 0.047300 0.043300 0.035500 0.035500 0.023300 0.056300 0.043400 0.011600 0.047200 0.031500 0.035300 0.064400 0.052200 0.056200 0.054700 0.019400 0.068700 0.039300 0.072200 0.052200 0.039300 0.064600 0.043100 0.023400 0.056300 0.027400 0.051800 0.035600 0.069000 0.047200 0.051700 0.003800 0.039200 0.031300 0.047400 0.052100 0.068300 0.047900 0.056300 0.047900 0.000000 0.056000 0.039900 0.023300 0.043700 0.060700 0.027300 0.031500
RoyalAntel 0.039600 0.177200 0.064100 0.168300 0.055800 0.039600 0.043900 0.043900 0.072500 0.082400 0.047800 0.068500 0.064000 0.039800 0.043700 0.073400 0.078200 0.082300 0.075600 0.068400 0.086500 0.043600 0.090000 0.086900 0.043600 0.073700 0.059800 0.072800 0.065200 0.077400 0.077500 0.044000 0.095700 0.064000 0.052000 0.060200 0.043500 0.043600 0.047700 0.073800 0.094800 0.056600 0.082400 0.082300 0.056000 0.000000 0.052700 0.051800 0.052200 0.104700 0.077000 0.077300
Steenbok 0.031800 0.148800 0.039800 0.132200 0.052100 0.031800 0.040200 0.023900 0.048000 0.053100 0.039900 0.044000 0.052100 0.036100 0.039900 0.044400 0.048800 0.053000 0.063800 0.044000 0.061400 0.035800 0.077700 0.065900 0.035800 0.044600 0.047900 0.048200 0.036300 0.052600 0.056800 0.040300 0.066000 0.052100 0.048300 0.044100 0.035700 0.039900 0.035900 0.065800 0.073800 0.028100 0.053100 0.061400 0.039900 0.052700 0.000000 0.035800 0.048500 0.074700 0.052300 0.056800
Impala 0.039300 0.155800 0.035100 0.138700 0.043200 0.039300 0.031500 0.031400 0.043200 0.060500 0.039300 0.035200 0.047100 0.027500 0.023300 0.060200 0.056400 0.060400 0.058700 0.039200 0.064500 0.035200 0.076400 0.060500 0.035200 0.060400 0.043100 0.043300 0.052100 0.047600 0.055900 0.031500 0.073200 0.047200 0.047500 0.027300 0.035200 0.027300 0.043300 0.060400 0.072600 0.043800 0.060500 0.056200 0.023300 0.051800 0.035800 0.000000 0.039600 0.069000 0.047400 0.051700
Klipspring 0.039600 0.182000 0.051700 0.149300 0.043500 0.039600 0.031700 0.039800 0.060000 0.069500 0.039600 0.056000 0.051600 0.027700 0.039600 0.069100 0.065400 0.069400 0.067300 0.055900 0.082200 0.035500 0.085700 0.073900 0.035500 0.069400 0.047500 0.056000 0.061000 0.064700 0.064800 0.031800 0.078200 0.051600 0.047900 0.047800 0.035400 0.035500 0.043600 0.069600 0.081800 0.052500 0.069500 0.069400 0.043700 0.052200 0.048500 0.039600 0.000000 0.087000 0.064400 0.060600
ForestMusk 0.073500 0.154300 0.060500 0.118500 0.077700 0.073500 0.082600 0.082500 0.060600 0.070300 0.082100 0.064900 0.086000 0.078200 0.073400 0.096000 0.066100 0.061600 0.093400 0.056500 0.118600 0.077600 0.086600 0.066100 0.077600 0.105300 0.081600 0.052500 0.087500 0.056900 0.065500 0.082800 0.057600 0.086000 0.091000 0.065000 0.077500 0.077700 0.095000 0.057400 0.082600 0.087300 0.070300 0.061600 0.060700 0.104700 0.074700 0.069000 0.087000 0.000000 0.073500 0.069700
Bushbuck 0.047500 0.160900 0.011600 0.143600 0.059600 0.047500 0.056000 0.055900 0.019400 0.060600 0.055600 0.031300 0.067700 0.051800 0.055600 0.068600 0.056500 0.060500 0.067000 0.015500 0.090100 0.051400 0.076500 0.064900 0.051500 0.077300 0.063600 0.019500 0.068900 0.023500 0.056000 0.056100 0.073400 0.067800 0.064100 0.031300 0.051300 0.051500 0.068000 0.064700 0.072600 0.060300 0.060600 0.060500 0.027300 0.077000 0.052300 0.047400 0.064400 0.073500 0.000000 0.027500
GreaterKud 0.051900 0.157500 0.015600 0.140000 0.064100 0.051900 0.060500 0.060400 0.015600 0.056800 0.054300 0.035500 0.072300 0.056300 0.060000 0.069000 0.052700 0.056700 0.071500 0.011700 0.095000 0.055900 0.072800 0.061100 0.055900 0.082100 0.068100 0.015600 0.073600 0.019700 0.052200 0.060600 0.069600 0.072400 0.068700 0.035500 0.055800 0.051800 0.072600 0.061000 0.068900 0.064900 0.056800 0.056700 0.031500 0.077300 0.056800 0.051700 0.060600 0.069700 0.027500 0.000000
