CODONML (in paml version 4.10.7, June 2023)  /home/rachel/ruminants_paml/6406-phy-tree/ENSBTAT00000013956.fasta.phy
Model: free dN/dS Ratios for branches,  kappa = 2.000 fixed

Codon frequency model: F3x4
ns =  54  ls =  85

Codon usage in sequences
--------------------------------------------------------------------------------------------------------------------------------------
Phe TTT   2   3   3   3   2   3 | Ser TCT   0   0   0   0   0   1 | Tyr TAT   0   0   0   0   0   0 | Cys TGT   0   0   0   0   0   0
    TTC   1   0   0   0   1   0 |     TCC   1   1   1   1   1   1 |     TAC   0   0   0   0   0   0 |     TGC   0   0   0   0   0   0
Leu TTA   0   1   0   0   0   0 |     TCA   3   3   3   3   2   2 | *** TAA   0   0   0   0   0   0 | *** TGA   0   0   0   0   0   0
    TTG   1   1   1   1   2   1 |     TCG   0   0   0   0   1   0 |     TAG   0   0   0   0   0   0 | Trp TGG   0   0   0   0   0   0
--------------------------------------------------------------------------------------------------------------------------------------
Leu CTT   1   1   1   1   2   1 | Pro CCT   0   1   0   0   0   0 | His CAT   0   0   0   0   0   0 | Arg CGT   0   0   0   0   0   0
    CTC   2   2   2   2   1   1 |     CCC   0   0   0   0   0   0 |     CAC   1   1   1   1   1   1 |     CGC   0   0   0   0   0   0
    CTA   2   2   2   2   2   2 |     CCA   0   0   0   0   1   0 | Gln CAA   1   2   1   1   1   2 |     CGA   2   1   1   2   1   1
    CTG   7   6   7   7   6   7 |     CCG   0   0   0   0   0   1 |     CAG   3   1   3   3   1   1 |     CGG   0   0   0   0   0   0
--------------------------------------------------------------------------------------------------------------------------------------
Ile ATT   2   1   1   1   2   2 | Thr ACT   2   1   1   1   0   3 | Asn AAT   1   1   1   1   1   1 | Ser AGT   1   0   2   1   1   1
    ATC   4   5   7   8   4   5 |     ACC   0   1   1   1   0   0 |     AAC   3   4   3   4   5   6 |     AGC   5   4   4   3   3   2
    ATA   3   4   2   2   4   3 |     ACA   0   0   0   0   0   0 | Lys AAA   2   0   2   2   2   2 | Arg AGA   1   3   2   1   2   2
Met ATG   1   1   1   1   1   1 |     ACG   0   0   0   0   1   0 |     AAG   4   5   4   4   4   3 |     AGG   0   0   0   0   0   1
--------------------------------------------------------------------------------------------------------------------------------------
Val GTT   2   1   2   2   3   2 | Ala GCT   1   1   1   1   2   0 | Asp GAT   4   3   4   4   2   3 | Gly GGT   0   1   0   0   0   0
    GTC   2   1   1   0   1   2 |     GCC   0   0   0   0   0   0 |     GAC   4   4   3   3   4   3 |     GGC   0   2   0   2   2   2
    GTA   1   1   1   1   1   1 |     GCA   2   1   2   2   2   2 | Glu GAA   3   2   4   3   2   2 |     GGA   3   3   3   3   2   3
    GTG   4   4   4   3   3   4 |     GCG   0   1   0   1   0   0 |     GAG   2   3   2   2   4   3 |     GGG   1   1   1   1   2   1
--------------------------------------------------------------------------------------------------------------------------------------

--------------------------------------------------------------------------------------------------------------------------------------
Phe TTT   3   2   3   3   3   3 | Ser TCT   0   0   0   0   0   0 | Tyr TAT   0   0   0   0   0   0 | Cys TGT   0   0   0   0   0   0
    TTC   0   1   0   0   0   0 |     TCC   1   1   1   1   1   1 |     TAC   0   0   0   0   0   0 |     TGC   0   0   0   0   0   0
Leu TTA   0   0   0   0   0   0 |     TCA   3   3   3   3   3   3 | *** TAA   0   0   0   0   0   0 | *** TGA   0   0   0   0   0   0
    TTG   1   1   1   1   1   1 |     TCG   0   0   0   0   0   0 |     TAG   0   0   0   0   0   0 | Trp TGG   0   0   0   0   0   0
--------------------------------------------------------------------------------------------------------------------------------------
Leu CTT   0   1   1   1   1   1 | Pro CCT   0   0   0   0   0   0 | His CAT   0   0   0   0   0   0 | Arg CGT   0   0   0   0   0   0
    CTC   2   2   2   2   2   2 |     CCC   0   0   0   0   0   0 |     CAC   1   1   1   1   1   1 |     CGC   0   0   0   0   0   0
    CTA   2   2   2   2   2   2 |     CCA   0   0   0   0   0   0 | Gln CAA   1   1   1   1   1   1 |     CGA   2   2   2   2   1   2
    CTG   8   7   7   7   7   7 |     CCG   0   0   0   0   0   0 |     CAG   3   3   3   3   3   3 |     CGG   0   0   0   0   0   0
--------------------------------------------------------------------------------------------------------------------------------------
Ile ATT   2   2   2   2   1   0 | Thr ACT   1   2   2   2   1   1 | Asn AAT   1   1   1   1   1   1 | Ser AGT   1   1   1   1   3   1
    ATC   5   5   5   5   7   7 |     ACC   1   0   0   0   1   1 |     AAC   3   3   3   3   3   4 |     AGC   5   5   5   5   3   4
    ATA   3   3   3   3   2   3 |     ACA   0   0   0   0   0   1 | Lys AAA   2   2   2   2   2   2 | Arg AGA   1   1   1   1   2   1
Met ATG   1   1   1   1   1   1 |     ACG   0   0   0   0   0   0 |     AAG   4   4   4   4   4   4 |     AGG   0   0   0   0   0   0
--------------------------------------------------------------------------------------------------------------------------------------
Val GTT   2   2   2   2   2   2 | Ala GCT   1   1   1   1   1   0 | Asp GAT   3   4   3   4   4   4 | Gly GGT   0   0   0   0   0   0
    GTC   1   1   1   1   1   1 |     GCC   0   0   1   0   0   0 |     GAC   4   4   4   3   3   3 |     GGC   0   0   0   1   0   1
    GTA   1   1   1   1   1   1 |     GCA   2   2   1   2   2   2 | Glu GAA   4   3   4   4   4   2 |     GGA   3   3   3   2   3   3
    GTG   4   4   4   4   4   4 |     GCG   0   0   0   0   0   0 |     GAG   2   2   2   2   2   3 |     GGG   1   1   1   1   1   1
--------------------------------------------------------------------------------------------------------------------------------------

--------------------------------------------------------------------------------------------------------------------------------------
Phe TTT   2   3   3   3   3   3 | Ser TCT   0   0   0   0   0   0 | Tyr TAT   0   0   0   0   0   0 | Cys TGT   0   0   0   0   0   0
    TTC   1   0   0   0   0   0 |     TCC   1   1   1   1   1   1 |     TAC   0   0   0   0   0   0 |     TGC   0   0   0   0   0   0
Leu TTA   0   0   0   0   0   0 |     TCA   3   3   3   3   3   3 | *** TAA   0   0   0   0   0   0 | *** TGA   0   0   0   0   0   0
    TTG   1   1   1   2   1   1 |     TCG   0   0   0   0   0   0 |     TAG   0   0   0   0   0   0 | Trp TGG   0   0   0   0   0   0
--------------------------------------------------------------------------------------------------------------------------------------
Leu CTT   1   1   1   1   1   1 | Pro CCT   0   0   0   0   0   0 | His CAT   0   0   0   0   0   0 | Arg CGT   0   0   0   0   0   0
    CTC   2   1   2   2   2   2 |     CCC   0   0   0   0   0   0 |     CAC   1   1   1   1   1   1 |     CGC   0   0   0   0   0   0
    CTA   2   2   2   2   2   2 |     CCA   0   0   0   0   0   0 | Gln CAA   1   1   1   1   1   1 |     CGA   2   2   2   2   2   2
    CTG   7   7   7   6   7   7 |     CCG   0   0   0   0   0   0 |     CAG   3   3   3   3   3   3 |     CGG   0   0   0   0   0   0
--------------------------------------------------------------------------------------------------------------------------------------
Ile ATT   3   1   2   2   2   2 | Thr ACT   2   1   1   2   1   2 | Asn AAT   1   1   1   1   1   0 | Ser AGT   1   1   2   1   1   2
    ATC   3   7   6   5   5   5 |     ACC   0   1   1   0   1   0 |     AAC   3   3   3   3   4   3 |     AGC   5   5   4   5   4   5
    ATA   3   2   3   3   3   3 |     ACA   0   0   0   0   0   0 | Lys AAA   2   2   2   2   2   2 | Arg AGA   1   1   1   1   1   1
Met ATG   1   1   1   1   1   1 |     ACG   0   0   0   0   0   0 |     AAG   4   4   4   4   4   4 |     AGG   0   0   0   0   0   0
--------------------------------------------------------------------------------------------------------------------------------------
Val GTT   2   2   2   2   2   2 | Ala GCT   1   1   1   1   1   1 | Asp GAT   4   4   4   3   4   4 | Gly GGT   0   0   0   0   0   0
    GTC   2   2   0   1   1   1 |     GCC   0   0   0   0   0   0 |     GAC   4   3   3   4   3   3 |     GGC   0   0   0   0   0   0
    GTA   1   0   1   1   1   1 |     GCA   1   2   2   2   2   2 | Glu GAA   3   4   5   4   4   3 |     GGA   3   3   2   3   3   3
    GTG   4   5   4   4   4   4 |     GCG   1   0   0   0   0   0 |     GAG   2   2   2   2   2   3 |     GGG   1   1   1   1   1   1
--------------------------------------------------------------------------------------------------------------------------------------

--------------------------------------------------------------------------------------------------------------------------------------
Phe TTT   2   3   2   3   3   2 | Ser TCT   0   0   0   0   0   0 | Tyr TAT   0   0   0   0   0   0 | Cys TGT   0   0   0   0   0   0
    TTC   0   0   1   0   0   1 |     TCC   0   0   1   1   1   1 |     TAC   0   0   0   0   0   0 |     TGC   0   0   0   0   0   0
Leu TTA   0   0   0   0   0   0 |     TCA   3   3   3   3   3   3 | *** TAA   0   0   0   0   0   0 | *** TGA   0   0   0   0   0   0
    TTG   1   1   0   1   1   1 |     TCG   1   1   0   0   0   0 |     TAG   0   0   0   0   0   0 | Trp TGG   0   0   0   0   0   0
--------------------------------------------------------------------------------------------------------------------------------------
Leu CTT   1   1   1   1   1   1 | Pro CCT   0   0   0   0   0   0 | His CAT   0   0   0   0   0   0 | Arg CGT   0   0   0   0   0   0
    CTC   2   2   2   2   2   2 |     CCC   0   0   0   0   0   0 |     CAC   1   1   2   1   1   1 |     CGC   0   0   0   0   0   0
    CTA   2   2   2   2   2   2 |     CCA   0   0   0   0   0   0 | Gln CAA   1   1   1   1   1   1 |     CGA   2   2   2   1   2   2
    CTG   7   7   8   7   7   7 |     CCG   0   0   0   0   0   0 |     CAG   3   3   2   3   3   3 |     CGG   0   0   0   0   0   0
--------------------------------------------------------------------------------------------------------------------------------------
Ile ATT   1   2   3   1   2   2 | Thr ACT   1   1   2   1   2   2 | Asn AAT   1   1   1   1   1   1 | Ser AGT   1   1   1   2   1   1
    ATC   6   5   4   7   5   4 |     ACC   1   1   0   1   0   0 |     AAC   4   5   3   3   3   3 |     AGC   4   3   5   4   5   5
    ATA   3   3   3   2   3   3 |     ACA   0   0   0   0   0   0 | Lys AAA   2   2   2   2   2   2 | Arg AGA   1   1   1   2   1   1
Met ATG   1   1   1   1   1   1 |     ACG   0   0   0   0   0   0 |     AAG   4   4   4   4   4   3 |     AGG   0   0   0   0   0   1
--------------------------------------------------------------------------------------------------------------------------------------
Val GTT   3   2   2   2   2   2 | Ala GCT   1   1   1   1   1   1 | Asp GAT   3   3   4   4   4   4 | Gly GGT   0   0   0   0   0   0
    GTC   1   1   1   1   1   2 |     GCC   0   0   0   0   0   0 |     GAC   4   4   4   3   3   4 |     GGC   1   1   0   0   0   0
    GTA   1   1   1   1   2   1 |     GCA   2   2   2   2   2   2 | Glu GAA   3   3   3   4   4   3 |     GGA   3   3   3   3   3   3
    GTG   4   4   4   4   3   4 |     GCG   0   0   0   0   0   0 |     GAG   2   2   2   2   2   2 |     GGG   1   1   1   1   1   1
--------------------------------------------------------------------------------------------------------------------------------------

--------------------------------------------------------------------------------------------------------------------------------------
Phe TTT   3   3   2   3   3   3 | Ser TCT   0   0   0   0   0   0 | Tyr TAT   0   0   0   0   0   0 | Cys TGT   0   0   0   0   0   0
    TTC   0   0   1   0   0   0 |     TCC   1   1   1   1   1   1 |     TAC   0   0   0   0   0   0 |     TGC   0   0   0   0   0   0
Leu TTA   0   0   0   0   0   0 |     TCA   3   3   3   3   3   3 | *** TAA   0   0   0   0   0   0 | *** TGA   0   0   0   0   0   0
    TTG   1   1   1   1   1   1 |     TCG   0   0   0   0   0   0 |     TAG   0   0   0   0   0   0 | Trp TGG   0   0   0   0   0   0
--------------------------------------------------------------------------------------------------------------------------------------
Leu CTT   1   1   1   1   1   1 | Pro CCT   0   0   0   0   0   0 | His CAT   0   0   0   0   0   0 | Arg CGT   0   0   0   0   0   0
    CTC   2   2   2   2   2   2 |     CCC   0   0   0   0   0   0 |     CAC   1   1   1   1   1   1 |     CGC   0   0   0   0   0   0
    CTA   2   2   2   2   2   2 |     CCA   0   0   0   0   0   0 | Gln CAA   1   0   1   1   1   1 |     CGA   2   1   1   2   2   1
    CTG   7   7   7   7   7   7 |     CCG   0   0   0   0   0   0 |     CAG   2   4   3   3   3   3 |     CGG   1   0   1   0   0   0
--------------------------------------------------------------------------------------------------------------------------------------
Ile ATT   1   1   3   2   2   1 | Thr ACT   1   2   2   2   1   1 | Asn AAT   1   1   1   1   1   1 | Ser AGT   1   1   1   1   2   2
    ATC   6   6   4   5   6   7 |     ACC   1   0   0   0   1   1 |     AAC   4   3   3   3   2   4 |     AGC   4   4   5   5   5   4
    ATA   3   3   3   3   3   2 |     ACA   0   0   0   0   0   0 | Lys AAA   2   2   2   2   2   3 | Arg AGA   1   2   1   1   1   2
Met ATG   1   1   1   1   1   1 |     ACG   0   0   0   0   0   0 |     AAG   4   5   4   4   4   3 |     AGG   0   0   0   0   0   0
--------------------------------------------------------------------------------------------------------------------------------------
Val GTT   2   2   2   2   2   2 | Ala GCT   1   1   1   1   1   1 | Asp GAT   4   4   4   4   4   4 | Gly GGT   0   1   0   0   0   0
    GTC   1   1   1   1   0   1 |     GCC   0   0   0   0   0   0 |     GAC   3   3   4   3   3   2 |     GGC   1   0   0   0   0   0
    GTA   1   1   1   1   1   1 |     GCA   2   2   2   2   2   2 | Glu GAA   3   3   3   4   5   4 |     GGA   3   3   3   3   2   3
    GTG   4   4   4   4   4   4 |     GCG   0   0   0   0   0   0 |     GAG   2   2   2   2   2   2 |     GGG   1   1   1   1   1   1
--------------------------------------------------------------------------------------------------------------------------------------

--------------------------------------------------------------------------------------------------------------------------------------
Phe TTT   3   3   3   3   3   3 | Ser TCT   0   0   0   0   0   0 | Tyr TAT   0   0   0   0   0   0 | Cys TGT   0   0   0   0   0   0
    TTC   0   0   0   0   0   0 |     TCC   1   1   1   1   1   1 |     TAC   0   0   0   0   0   0 |     TGC   0   0   0   0   0   0
Leu TTA   0   0   0   0   1   0 |     TCA   3   3   3   3   3   3 | *** TAA   0   0   0   0   0   0 | *** TGA   0   0   0   0   0   0
    TTG   1   1   1   1   0   1 |     TCG   0   0   0   0   0   0 |     TAG   0   0   0   0   0   0 | Trp TGG   0   0   0   0   0   0
--------------------------------------------------------------------------------------------------------------------------------------
Leu CTT   1   1   1   1   1   1 | Pro CCT   0   0   0   0   0   0 | His CAT   0   0   0   0   0   0 | Arg CGT   0   0   0   0   0   0
    CTC   2   2   2   2   2   2 |     CCC   0   0   0   0   0   0 |     CAC   1   1   1   1   1   1 |     CGC   0   0   0   0   0   0
    CTA   2   2   2   2   3   2 |     CCA   0   0   0   0   0   0 | Gln CAA   0   1   1   1   1   1 |     CGA   2   1   2   2   2   2
    CTG   7   7   7   7   7   7 |     CCG   0   0   0   0   0   0 |     CAG   4   3   3   3   3   3 |     CGG   0   0   0   0   0   0
--------------------------------------------------------------------------------------------------------------------------------------
Ile ATT   2   1   1   2   1   2 | Thr ACT   2   1   1   1   1   2 | Asn AAT   1   1   1   1   1   1 | Ser AGT   1   2   1   1   1   2
    ATC   5   6   6   6   6   6 |     ACC   0   1   1   1   1   0 |     AAC   3   3   4   3   4   3 |     AGC   5   4   4   5   4   4
    ATA   3   3   3   3   2   3 |     ACA   0   0   1   0   0   0 | Lys AAA   2   2   2   2   2   2 | Arg AGA   1   2   1   1   1   1
Met ATG   1   1   1   1   1   1 |     ACG   0   0   0   0   0   0 |     AAG   4   4   4   4   4   4 |     AGG   1   0   0   0   0   0
--------------------------------------------------------------------------------------------------------------------------------------
Val GTT   2   2   2   2   2   2 | Ala GCT   1   1   1   1   1   1 | Asp GAT   4   4   4   4   4   4 | Gly GGT   0   0   0   0   0   0
    GTC   1   1   1   1   1   0 |     GCC   0   0   0   0   0   0 |     GAC   3   3   3   3   3   3 |     GGC   0   0   1   0   1   0
    GTA   1   1   1   1   1   1 |     GCA   2   2   1   2   2   2 | Glu GAA   4   4   2   4   3   5 |     GGA   3   3   3   3   3   2
    GTG   4   4   4   3   4   4 |     GCG   0   0   0   0   0   0 |     GAG   2   2   3   2   2   2 |     GGG   0   1   1   1   1   1
--------------------------------------------------------------------------------------------------------------------------------------

--------------------------------------------------------------------------------------------------------------------------------------
Phe TTT   3   3   2   3   3   3 | Ser TCT   0   0   0   0   0   0 | Tyr TAT   0   0   0   0   0   0 | Cys TGT   0   0   0   0   0   0
    TTC   0   0   1   0   0   0 |     TCC   1   1   1   1   1   1 |     TAC   0   0   0   0   0   0 |     TGC   0   0   0   0   0   0
Leu TTA   0   0   0   0   0   0 |     TCA   3   3   3   3   3   3 | *** TAA   0   0   0   0   0   0 | *** TGA   0   0   0   0   0   0
    TTG   1   1   1   1   1   1 |     TCG   0   0   0   0   0   0 |     TAG   0   0   0   0   0   0 | Trp TGG   0   0   0   0   0   0
--------------------------------------------------------------------------------------------------------------------------------------
Leu CTT   1   1   1   0   1   1 | Pro CCT   0   0   0   0   0   0 | His CAT   0   0   0   0   0   0 | Arg CGT   0   0   0   0   0   0
    CTC   2   2   2   2   2   2 |     CCC   0   0   0   0   0   0 |     CAC   1   1   1   1   0   1 |     CGC   0   0   0   0   1   0
    CTA   2   2   2   2   1   2 |     CCA   0   0   0   0   1   0 | Gln CAA   1   1   1   1   1   1 |     CGA   2   2   1   2   2   2
    CTG   7   7   7   8   7   7 |     CCG   0   0   0   0   0   0 |     CAG   3   3   3   3   1   3 |     CGG   0   0   1   0   1   0
--------------------------------------------------------------------------------------------------------------------------------------
Ile ATT   2   1   2   2   3   2 | Thr ACT   1   1   2   1   1   1 | Asn AAT   1   1   2   1   1   1 | Ser AGT   1   1   1   1   1   1
    ATC   5   7   4   5   6   5 |     ACC   1   1   0   1   0   1 |     AAC   3   3   3   3   3   4 |     AGC   5   5   5   5   5   4
    ATA   3   2   3   3   2   3 |     ACA   0   0   0   0   0   0 | Lys AAA   2   2   2   2   2   2 | Arg AGA   1   1   1   1   1   1
Met ATG   1   1   1   1   1   1 |     ACG   0   0   0   0   0   0 |     AAG   4   4   4   4   4   4 |     AGG   0   0   0   0   0   0
--------------------------------------------------------------------------------------------------------------------------------------
Val GTT   2   2   2   2   2   2 | Ala GCT   1   1   1   1   1   1 | Asp GAT   4   4   3   3   4   4 | Gly GGT   0   0   0   0   0   0
    GTC   1   1   2   1   1   1 |     GCC   0   0   0   0   0   0 |     GAC   3   3   4   4   3   3 |     GGC   0   0   0   0   0   1
    GTA   1   1   1   1   1   1 |     GCA   2   2   2   2   2   2 | Glu GAA   4   5   3   4   4   3 |     GGA   3   2   3   3   2   3
    GTG   4   4   4   4   4   4 |     GCG   0   0   0   0   0   0 |     GAG   2   2   2   2   4   2 |     GGG   1   1   1   1   1   1
--------------------------------------------------------------------------------------------------------------------------------------

--------------------------------------------------------------------------------------------------------------------------------------
Phe TTT   3   3   3   3   3   3 | Ser TCT   0   0   0   0   0   0 | Tyr TAT   0   0   0   0   0   0 | Cys TGT   0   0   0   0   0   0
    TTC   0   0   0   0   0   0 |     TCC   1   1   1   1   1   1 |     TAC   0   0   0   0   0   0 |     TGC   0   0   0   0   0   0
Leu TTA   0   0   0   0   0   0 |     TCA   3   3   3   3   3   3 | *** TAA   0   0   0   0   0   0 | *** TGA   0   0   0   0   0   0
    TTG   1   1   1   1   1   1 |     TCG   0   0   0   0   0   0 |     TAG   0   0   0   0   0   0 | Trp TGG   0   0   0   0   0   0
--------------------------------------------------------------------------------------------------------------------------------------
Leu CTT   1   1   1   1   1   2 | Pro CCT   0   0   0   0   0   0 | His CAT   0   0   0   0   0   0 | Arg CGT   0   0   0   0   0   0
    CTC   2   2   2   2   2   2 |     CCC   0   0   0   0   0   0 |     CAC   1   1   1   1   1   1 |     CGC   0   0   0   0   0   0
    CTA   2   2   2   2   2   2 |     CCA   0   0   0   0   0   0 | Gln CAA   1   1   1   0   1   1 |     CGA   2   2   2   2   2   2
    CTG   7   7   7   7   7   6 |     CCG   0   0   0   0   0   0 |     CAG   3   3   3   4   3   3 |     CGG   0   0   0   0   0   0
--------------------------------------------------------------------------------------------------------------------------------------
Ile ATT   0   2   1   1   1   2 | Thr ACT   1   2   1   1   1   2 | Asn AAT   1   1   1   1   1   1 | Ser AGT   1   1   1   1   1   1
    ATC   7   5   6   6   8   5 |     ACC   1   0   1   1   1   0 |     AAC   4   3   4   4   3   3 |     AGC   4   5   4   4   5   5
    ATA   3   3   3   3   2   3 |     ACA   0   0   1   0   0   0 | Lys AAA   2   2   2   2   2   2 | Arg AGA   1   1   1   1   1   1
Met ATG   1   1   1   1   1   1 |     ACG   0   0   0   0   0   0 |     AAG   5   4   4   4   4   4 |     AGG   0   0   0   0   0   0
--------------------------------------------------------------------------------------------------------------------------------------
Val GTT   2   2   2   2   2   2 | Ala GCT   1   1   1   1   1   1 | Asp GAT   4   4   4   4   4   4 | Gly GGT   0   0   0   0   0   0
    GTC   1   1   1   1   0   1 |     GCC   0   0   0   0   0   0 |     GAC   3   3   3   3   3   3 |     GGC   1   0   1   1   0   0
    GTA   1   1   1   1   1   1 |     GCA   2   2   1   2   2   2 | Glu GAA   3   4   2   3   4   4 |     GGA   3   3   3   3   3   3
    GTG   4   4   4   4   4   4 |     GCG   0   0   0   0   0   0 |     GAG   1   2   3   2   2   2 |     GGG   1   1   1   1   1   1
--------------------------------------------------------------------------------------------------------------------------------------

--------------------------------------------------------------------------------------------------------------------------------------
Phe TTT   3   2   3   3   3   3 | Ser TCT   0   0   0   0   0   0 | Tyr TAT   0   0   0   0   0   0 | Cys TGT   0   0   0   0   0   0
    TTC   0   0   0   0   0   0 |     TCC   1   1   1   1   1   1 |     TAC   0   0   0   0   0   0 |     TGC   0   0   0   0   0   0
Leu TTA   0   0   0   0   0   0 |     TCA   3   3   3   3   3   3 | *** TAA   0   0   0   0   0   0 | *** TGA   0   0   0   0   0   0
    TTG   1   1   1   1   1   1 |     TCG   0   0   0   0   0   0 |     TAG   0   0   0   0   0   0 | Trp TGG   0   0   0   0   0   0
--------------------------------------------------------------------------------------------------------------------------------------
Leu CTT   1   1   1   1   1   1 | Pro CCT   0   0   0   0   0   0 | His CAT   0   0   0   0   0   0 | Arg CGT   0   0   0   0   0   0
    CTC   2   2   2   2   2   2 |     CCC   0   0   0   0   0   0 |     CAC   1   1   1   1   1   1 |     CGC   0   0   0   0   0   0
    CTA   2   2   2   2   2   2 |     CCA   0   0   0   0   0   0 | Gln CAA   1   1   1   1   1   1 |     CGA   2   2   2   2   1   1
    CTG   7   7   7   7   7   7 |     CCG   0   0   0   0   0   0 |     CAG   3   3   3   3   3   3 |     CGG   0   0   0   0   0   0
--------------------------------------------------------------------------------------------------------------------------------------
Ile ATT   2   3   2   2   1   1 | Thr ACT   2   1   1   1   1   1 | Asn AAT   2   1   1   1   1   1 | Ser AGT   1   1   1   1   2   2
    ATC   5   5   5   7   7   7 |     ACC   0   1   1   1   1   1 |     AAC   2   3   3   4   3   3 |     AGC   5   5   5   3   4   4
    ATA   3   3   3   2   2   2 |     ACA   0   0   0   0   0   0 | Lys AAA   2   2   2   2   2   2 | Arg AGA   1   1   1   1   2   2
Met ATG   1   1   1   1   1   1 |     ACG   0   0   0   0   0   0 |     AAG   4   4   4   4   4   4 |     AGG   0   0   0   0   0   0
--------------------------------------------------------------------------------------------------------------------------------------
Val GTT   2   2   2   2   2   2 | Ala GCT   1   1   1   1   1   1 | Asp GAT   4   4   4   4   4   4 | Gly GGT   0   0   0   0   0   0
    GTC   1   1   1   0   1   1 |     GCC   0   0   0   0   0   0 |     GAC   3   3   3   3   3   3 |     GGC   0   0   0   2   0   0
    GTA   1   1   1   1   1   1 |     GCA   2   2   2   2   2   2 | Glu GAA   4   4   4   3   4   4 |     GGA   3   3   3   3   3   3
    GTG   4   4   4   3   4   4 |     GCG   0   0   0   1   0   0 |     GAG   2   2   2   2   2   2 |     GGG   1   1   1   1   1   1
--------------------------------------------------------------------------------------------------------------------------------------

Codon position x base (3x4) table for each sequence.

#1: Argali         
position  1:    T:0.09412    C:0.22353    A:0.34118    G:0.34118
position  2:    T:0.41176    C:0.10588    A:0.32941    G:0.15294
position  3:    T:0.18824    C:0.27059    A:0.27059    G:0.27059
Average         T:0.23137    C:0.20000    A:0.31373    G:0.25490

#2: LesserMouseDeer
position  1:    T:0.10588    C:0.20000    A:0.35294    G:0.34118
position  2:    T:0.40000    C:0.11765    A:0.30588    G:0.17647
position  3:    T:0.16471    C:0.29412    A:0.27059    G:0.27059
Average         T:0.22353    C:0.20392    A:0.30980    G:0.26275

#3: LesserKudu     
position  1:    T:0.09412    C:0.21176    A:0.36471    G:0.32941
position  2:    T:0.41176    C:0.10588    A:0.32941    G:0.15294
position  3:    T:0.18824    C:0.27059    A:0.27059    G:0.27059
Average         T:0.23137    C:0.19608    A:0.32157    G:0.25098

#4: ForestMuskDeer2
position  1:    T:0.09412    C:0.22353    A:0.35294    G:0.32941
position  2:    T:0.40000    C:0.11765    A:0.32941    G:0.15294
position  3:    T:0.17647    C:0.29412    A:0.25882    G:0.27059
Average         T:0.22353    C:0.21176    A:0.31373    G:0.25098

#5: Camel          
position  1:    T:0.10588    C:0.18824    A:0.35294    G:0.35294
position  2:    T:0.41176    C:0.11765    A:0.31765    G:0.15294
position  3:    T:0.17647    C:0.27059    A:0.25882    G:0.29412
Average         T:0.23137    C:0.19216    A:0.30980    G:0.26667

#6: KillerWhale    
position  1:    T:0.09412    C:0.20000    A:0.37647    G:0.32941
position  2:    T:0.41176    C:0.11765    A:0.31765    G:0.15294
position  3:    T:0.20000    C:0.27059    A:0.25882    G:0.27059
Average         T:0.23529    C:0.19608    A:0.31765    G:0.25098

#7: DefassaWaterbuck
position  1:    T:0.09412    C:0.22353    A:0.35294    G:0.32941
position  2:    T:0.41176    C:0.10588    A:0.32941    G:0.15294
position  3:    T:0.16471    C:0.27059    A:0.28235    G:0.28235
Average         T:0.22353    C:0.20000    A:0.32157    G:0.25490

#8: Sheep          
position  1:    T:0.09412    C:0.22353    A:0.35294    G:0.32941
position  2:    T:0.41176    C:0.10588    A:0.32941    G:0.15294
position  3:    T:0.18824    C:0.27059    A:0.27059    G:0.27059
Average         T:0.23137    C:0.20000    A:0.31765    G:0.25098

#9: MaxwellsDuiker 
position  1:    T:0.09412    C:0.22353    A:0.35294    G:0.32941
position  2:    T:0.41176    C:0.10588    A:0.32941    G:0.15294
position  3:    T:0.18824    C:0.27059    A:0.27059    G:0.27059
Average         T:0.23137    C:0.20000    A:0.31765    G:0.25098

#10: GazellaPrzewalskyi
position  1:    T:0.09412    C:0.22353    A:0.35294    G:0.32941
position  2:    T:0.41176    C:0.10588    A:0.32941    G:0.15294
position  3:    T:0.20000    C:0.25882    A:0.27059    G:0.27059
Average         T:0.23529    C:0.19608    A:0.31765    G:0.25098

#11: MountainNyala  
position  1:    T:0.09412    C:0.21176    A:0.36471    G:0.32941
position  2:    T:0.41176    C:0.10588    A:0.32941    G:0.15294
position  3:    T:0.20000    C:0.25882    A:0.27059    G:0.27059
Average         T:0.23529    C:0.19216    A:0.32157    G:0.25098

#12: MuntiacusMuntjak
position  1:    T:0.09412    C:0.22353    A:0.36471    G:0.31765
position  2:    T:0.41176    C:0.10588    A:0.32941    G:0.15294
position  3:    T:0.15294    C:0.29412    A:0.27059    G:0.28235
Average         T:0.21961    C:0.20784    A:0.32157    G:0.25098

#13: goat           
position  1:    T:0.09412    C:0.22353    A:0.34118    G:0.34118
position  2:    T:0.41176    C:0.10588    A:0.32941    G:0.15294
position  3:    T:0.20000    C:0.25882    A:0.25882    G:0.28235
Average         T:0.23529    C:0.19608    A:0.30980    G:0.25882

#14: AfricanBuffalo 
position  1:    T:0.09412    C:0.21176    A:0.35294    G:0.34118
position  2:    T:0.41176    C:0.10588    A:0.32941    G:0.15294
position  3:    T:0.17647    C:0.28235    A:0.25882    G:0.28235
Average         T:0.22745    C:0.20000    A:0.31373    G:0.25882

#15: Topi           
position  1:    T:0.09412    C:0.22353    A:0.36471    G:0.31765
position  2:    T:0.41176    C:0.10588    A:0.34118    G:0.14118
position  3:    T:0.20000    C:0.24706    A:0.28235    G:0.27059
Average         T:0.23529    C:0.19216    A:0.32941    G:0.24314

#16: CommonDuiker   
position  1:    T:0.10588    C:0.21176    A:0.35294    G:0.32941
position  2:    T:0.41176    C:0.10588    A:0.32941    G:0.15294
position  3:    T:0.18824    C:0.25882    A:0.28235    G:0.27059
Average         T:0.23529    C:0.19216    A:0.32157    G:0.25098

#17: Suni           
position  1:    T:0.09412    C:0.22353    A:0.35294    G:0.32941
position  2:    T:0.41176    C:0.10588    A:0.34118    G:0.14118
position  3:    T:0.18824    C:0.25882    A:0.28235    G:0.27059
Average         T:0.23137    C:0.19608    A:0.32549    G:0.24706

#18: Springbuck     
position  1:    T:0.09412    C:0.22353    A:0.35294    G:0.32941
position  2:    T:0.41176    C:0.10588    A:0.31765    G:0.16471
position  3:    T:0.20000    C:0.24706    A:0.27059    G:0.28235
Average         T:0.23529    C:0.19216    A:0.31373    G:0.25882

#19: Okapi          
position  1:    T:0.08235    C:0.22353    A:0.35294    G:0.34118
position  2:    T:0.41176    C:0.10588    A:0.32941    G:0.15294
position  3:    T:0.16471    C:0.28235    A:0.27059    G:0.28235
Average         T:0.21961    C:0.20392    A:0.31765    G:0.25882

#20: Giraffe        
position  1:    T:0.09412    C:0.22353    A:0.35294    G:0.32941
position  2:    T:0.41176    C:0.10588    A:0.34118    G:0.14118
position  3:    T:0.17647    C:0.27059    A:0.27059    G:0.28235
Average         T:0.22745    C:0.20000    A:0.32157    G:0.25098

#21: TibetanAntelope
position  1:    T:0.08235    C:0.23529    A:0.35294    G:0.32941
position  2:    T:0.41176    C:0.10588    A:0.32941    G:0.15294
position  3:    T:0.20000    C:0.27059    A:0.27059    G:0.25882
Average         T:0.23137    C:0.20392    A:0.31765    G:0.24706

#22: Sitatunga      
position  1:    T:0.09412    C:0.21176    A:0.36471    G:0.32941
position  2:    T:0.41176    C:0.10588    A:0.32941    G:0.15294
position  3:    T:0.18824    C:0.27059    A:0.27059    G:0.27059
Average         T:0.23137    C:0.19608    A:0.32157    G:0.25098

#23: Oribi          
position  1:    T:0.09412    C:0.22353    A:0.35294    G:0.32941
position  2:    T:0.41176    C:0.10588    A:0.32941    G:0.15294
position  3:    T:0.20000    C:0.24706    A:0.29412    G:0.25882
Average         T:0.23529    C:0.19216    A:0.32549    G:0.24706

#24: BarbarySheep   
position  1:    T:0.09412    C:0.22353    A:0.34118    G:0.34118
position  2:    T:0.41176    C:0.10588    A:0.31765    G:0.16471
position  3:    T:0.18824    C:0.27059    A:0.27059    G:0.27059
Average         T:0.23137    C:0.20000    A:0.30980    G:0.25882

#25: Daviddeer      
position  1:    T:0.09412    C:0.22353    A:0.35294    G:0.32941
position  2:    T:0.41176    C:0.10588    A:0.31765    G:0.16471
position  3:    T:0.17647    C:0.28235    A:0.27059    G:0.27059
Average         T:0.22745    C:0.20392    A:0.31373    G:0.25490

#26: Reindeer       
position  1:    T:0.09412    C:0.21176    A:0.36471    G:0.32941
position  2:    T:0.41176    C:0.10588    A:0.32941    G:0.15294
position  3:    T:0.20000    C:0.24706    A:0.25882    G:0.29412
Average         T:0.23529    C:0.18824    A:0.31765    G:0.25882

#27: Ibex           
position  1:    T:0.09412    C:0.22353    A:0.35294    G:0.32941
position  2:    T:0.41176    C:0.10588    A:0.32941    G:0.15294
position  3:    T:0.20000    C:0.25882    A:0.25882    G:0.28235
Average         T:0.23529    C:0.19608    A:0.31373    G:0.25490

#28: GyrantGazelle  
position  1:    T:0.09412    C:0.22353    A:0.35294    G:0.32941
position  2:    T:0.41176    C:0.10588    A:0.32941    G:0.15294
position  3:    T:0.20000    C:0.24706    A:0.28235    G:0.27059
Average         T:0.23529    C:0.19216    A:0.32157    G:0.25098

#29: Hartebeest     
position  1:    T:0.09412    C:0.22353    A:0.36471    G:0.31765
position  2:    T:0.41176    C:0.10588    A:0.32941    G:0.15294
position  3:    T:0.20000    C:0.24706    A:0.28235    G:0.27059
Average         T:0.23529    C:0.19216    A:0.32549    G:0.24706

#30: Bongo          
position  1:    T:0.09412    C:0.21176    A:0.37647    G:0.31765
position  2:    T:0.41176    C:0.10588    A:0.32941    G:0.15294
position  3:    T:0.18824    C:0.27059    A:0.28235    G:0.25882
Average         T:0.23137    C:0.19608    A:0.32941    G:0.24314

#31: Gerenuk        
position  1:    T:0.09412    C:0.22353    A:0.36471    G:0.31765
position  2:    T:0.41176    C:0.10588    A:0.32941    G:0.15294
position  3:    T:0.20000    C:0.24706    A:0.27059    G:0.28235
Average         T:0.23529    C:0.19216    A:0.32157    G:0.25098

#32: CommonEland    
position  1:    T:0.09412    C:0.21176    A:0.36471    G:0.32941
position  2:    T:0.41176    C:0.10588    A:0.32941    G:0.15294
position  3:    T:0.18824    C:0.25882    A:0.28235    G:0.27059
Average         T:0.23137    C:0.19216    A:0.32549    G:0.25098

#33: MuntiacusReevesi
position  1:    T:0.09412    C:0.22353    A:0.36471    G:0.31765
position  2:    T:0.41176    C:0.10588    A:0.32941    G:0.15294
position  3:    T:0.17647    C:0.28235    A:0.25882    G:0.28235
Average         T:0.22745    C:0.20392    A:0.31765    G:0.25098

#34: HarveysDuiker  
position  1:    T:0.09412    C:0.22353    A:0.36471    G:0.31765
position  2:    T:0.41176    C:0.10588    A:0.32941    G:0.15294
position  3:    T:0.18824    C:0.27059    A:0.28235    G:0.25882
Average         T:0.23137    C:0.20000    A:0.32549    G:0.24314

#35: Pronghorn      
position  1:    T:0.09412    C:0.23529    A:0.34118    G:0.32941
position  2:    T:0.41176    C:0.10588    A:0.32941    G:0.15294
position  3:    T:0.17647    C:0.28235    A:0.28235    G:0.25882
Average         T:0.22745    C:0.20784    A:0.31765    G:0.24706

#36: BlueWildebeest 
position  1:    T:0.09412    C:0.22353    A:0.36471    G:0.31765
position  2:    T:0.41176    C:0.10588    A:0.34118    G:0.14118
position  3:    T:0.21176    C:0.23529    A:0.28235    G:0.27059
Average         T:0.23922    C:0.18824    A:0.32941    G:0.24314

#37: Gemsbok        
position  1:    T:0.09412    C:0.22353    A:0.35294    G:0.32941
position  2:    T:0.41176    C:0.10588    A:0.32941    G:0.15294
position  3:    T:0.18824    C:0.25882    A:0.28235    G:0.27059
Average         T:0.23137    C:0.19608    A:0.32157    G:0.25098

#38: Yak            
position  1:    T:0.09412    C:0.22353    A:0.35294    G:0.32941
position  2:    T:0.41176    C:0.10588    A:0.34118    G:0.14118
position  3:    T:0.17647    C:0.28235    A:0.27059    G:0.27059
Average         T:0.22745    C:0.20392    A:0.32157    G:0.24706

#39: BlueSheep      
position  1:    T:0.09412    C:0.22353    A:0.35294    G:0.32941
position  2:    T:0.41176    C:0.10588    A:0.32941    G:0.15294
position  3:    T:0.18824    C:0.27059    A:0.25882    G:0.28235
Average         T:0.23137    C:0.20000    A:0.31373    G:0.25490

#40: BohorReedbuck  
position  1:    T:0.09412    C:0.22353    A:0.35294    G:0.32941
position  2:    T:0.41176    C:0.10588    A:0.32941    G:0.15294
position  3:    T:0.16471    C:0.27059    A:0.28235    G:0.28235
Average         T:0.22353    C:0.20000    A:0.32157    G:0.25490

#41: KirksDik       
position  1:    T:0.09412    C:0.21176    A:0.35294    G:0.34118
position  2:    T:0.41176    C:0.10588    A:0.31765    G:0.16471
position  3:    T:0.20000    C:0.25882    A:0.25882    G:0.28235
Average         T:0.23529    C:0.19216    A:0.30980    G:0.26275

#42: RoeDeer        
position  1:    T:0.09412    C:0.22353    A:0.35294    G:0.32941
position  2:    T:0.41176    C:0.10588    A:0.32941    G:0.15294
position  3:    T:0.18824    C:0.27059    A:0.27059    G:0.27059
Average         T:0.23137    C:0.20000    A:0.31765    G:0.25098

#43: WhiteLippedDeer
position  1:    T:0.09412    C:0.22353    A:0.36471    G:0.31765
position  2:    T:0.41176    C:0.10588    A:0.32941    G:0.15294
position  3:    T:0.16471    C:0.29412    A:0.27059    G:0.27059
Average         T:0.22353    C:0.20784    A:0.32157    G:0.24706

#44: ThomsonGazelle 
position  1:    T:0.09412    C:0.22353    A:0.35294    G:0.32941
position  2:    T:0.41176    C:0.10588    A:0.32941    G:0.15294
position  3:    T:0.20000    C:0.24706    A:0.28235    G:0.27059
Average         T:0.23529    C:0.19216    A:0.32157    G:0.25098

#45: MuntiacusCrinifrons
position  1:    T:0.09412    C:0.22353    A:0.36471    G:0.31765
position  2:    T:0.41176    C:0.10588    A:0.32941    G:0.15294
position  3:    T:0.17647    C:0.28235    A:0.25882    G:0.28235
Average         T:0.22745    C:0.20392    A:0.31765    G:0.25098

#46: WhiteTailedDeer
position  1:    T:0.09412    C:0.22353    A:0.35294    G:0.32941
position  2:    T:0.41176    C:0.10588    A:0.32941    G:0.15294
position  3:    T:0.17647    C:0.28235    A:0.25882    G:0.28235
Average         T:0.22745    C:0.20392    A:0.31373    G:0.25490

#47: Cattle         
position  1:    T:0.09412    C:0.22353    A:0.36471    G:0.31765
position  2:    T:0.41176    C:0.10588    A:0.32941    G:0.15294
position  3:    T:0.17647    C:0.28235    A:0.27059    G:0.27059
Average         T:0.22745    C:0.20392    A:0.32157    G:0.24706

#48: RoyalAntelope  
position  1:    T:0.09412    C:0.22353    A:0.35294    G:0.32941
position  2:    T:0.41176    C:0.10588    A:0.32941    G:0.15294
position  3:    T:0.21176    C:0.24706    A:0.28235    G:0.25882
Average         T:0.23922    C:0.19216    A:0.32157    G:0.24706

#49: Steenbok       
position  1:    T:0.09412    C:0.22353    A:0.35294    G:0.32941
position  2:    T:0.41176    C:0.10588    A:0.32941    G:0.15294
position  3:    T:0.21176    C:0.23529    A:0.28235    G:0.27059
Average         T:0.23922    C:0.18824    A:0.32157    G:0.25098

#50: Impala         
position  1:    T:0.08235    C:0.22353    A:0.36471    G:0.32941
position  2:    T:0.41176    C:0.10588    A:0.32941    G:0.15294
position  3:    T:0.18824    C:0.25882    A:0.28235    G:0.27059
Average         T:0.22745    C:0.19608    A:0.32549    G:0.25098

#51: Klipspringer   
position  1:    T:0.09412    C:0.22353    A:0.35294    G:0.32941
position  2:    T:0.41176    C:0.10588    A:0.32941    G:0.15294
