CODONML (in paml version 4.10.7, June 2023)  /home/rachel/ruminants_paml/6406-phy-tree/ENSBTAT00000035535.fasta.phy
Model: free dN/dS Ratios for branches,  kappa = 2.000 fixed

Codon frequency model: F3x4
ns =  54  ls = 105

Codon usage in sequences
--------------------------------------------------------------------------------------------------------------------------------------
Phe TTT   2   3   3   3   2   2 | Ser TCT   1   1   1   1   1   1 | Tyr TAT   2   2   4   2   2   2 | Cys TGT   1   1   1   1   1   2
    TTC   7   6   6   6   7   7 |     TCC   1   1   2   1   1   1 |     TAC   4   4   2   4   4   4 |     TGC   1   1   1   1   1   0
Leu TTA   2   2   2   2   2   2 |     TCA   0   0   0   0   0   0 | *** TAA   0   0   0   0   0   0 | *** TGA   0   0   0   0   0   0
    TTG   2   2   2   1   2   2 |     TCG   1   1   0   1   1   1 |     TAG   0   0   0   0   0   0 | Trp TGG   1   1   1   1   1   1
--------------------------------------------------------------------------------------------------------------------------------------
Leu CTT   1   0   1   1   0   0 | Pro CCT   1   1   1   1   1   1 | His CAT   1   1   1   1   2   2 | Arg CGT   0   0   0   0   0   0
    CTC   2   3   2   2   3   3 |     CCC   2   1   1   1   1   1 |     CAC   2   2   2   2   1   1 |     CGC   0   0   0   0   0   0
    CTA   0   0   0   0   0   0 |     CCA   2   3   2   1   2   3 | Gln CAA   0   0   0   0   0   0 |     CGA   1   1   1   1   1   1
    CTG   3   3   3   4   3   3 |     CCG   2   2   3   4   3   2 |     CAG   2   2   2   2   2   2 |     CGG   0   0   0   0   0   0
--------------------------------------------------------------------------------------------------------------------------------------
Ile ATT   3   3   3   3   3   2 | Thr ACT   1   1   0   1   0   1 | Asn AAT   1   1   1   1   1   1 | Ser AGT   3   3   3   2   3   3
    ATC   3   3   3   3   3   4 |     ACC   1   1   1   1   1   1 |     AAC   0   0   0   0   0   0 |     AGC   1   1   1   2   1   1
    ATA   1   1   1   1   2   1 |     ACA   1   1   1   1   1   1 | Lys AAA   0   0   0   0   0   0 | Arg AGA   2   2   2   2   2   2
Met ATG   6   6   6   6   7   7 |     ACG   1   1   1   1   2   1 |     AAG   0   0   0   0   0   0 |     AGG   0   0   0   0   0   0
--------------------------------------------------------------------------------------------------------------------------------------
Val GTT   3   3   2   2   2   3 | Ala GCT   2   1   3   2   2   2 | Asp GAT   2   1   2   2   1   2 | Gly GGT   3   3   3   2   3   3
    GTC   3   3   4   3   3   3 |     GCC   2   4   2   3   2   2 |     GAC   0   1   0   0   1   0 |     GGC   1   1   1   1   1   1
    GTA   1   1   1   1   1   2 |     GCA   1   0   1   0   1   1 | Glu GAA   4   3   3   4   4   4 |     GGA   5   6   5   6   5   5
    GTG   8   8   8   9   7   6 |     GCG   0   0   0   0   0   0 |     GAG   1   2   2   1   1   1 |     GGG   1   0   1   1   1   1
--------------------------------------------------------------------------------------------------------------------------------------

--------------------------------------------------------------------------------------------------------------------------------------
Phe TTT   1   2   2   2   3   3 | Ser TCT   1   1   1   1   1   1 | Tyr TAT   2   2   2   2   3   2 | Cys TGT   1   1   1   1   1   1
    TTC   8   7   7   7   6   6 |     TCC   1   1   1   1   2   1 |     TAC   4   4   4   4   3   4 |     TGC   1   1   1   1   1   1
Leu TTA   2   2   2   2   2   2 |     TCA   0   0   0   0   0   0 | *** TAA   0   0   0   0   0   0 | *** TGA   0   0   0   0   0   0
    TTG   2   2   2   2   2   2 |     TCG   1   1   1   1   0   1 |     TAG   0   0   0   0   0   0 | Trp TGG   1   1   1   1   1   1
--------------------------------------------------------------------------------------------------------------------------------------
Leu CTT   0   1   0   0   1   1 | Pro CCT   1   1   1   1   1   1 | His CAT   1   1   1   1   1   1 | Arg CGT   0   0   0   0   0   0
    CTC   3   2   3   3   2   2 |     CCC   1   2   1   2   1   1 |     CAC   2   2   2   2   2   2 |     CGC   0   0   0   0   0   0
    CTA   0   0   0   0   0   0 |     CCA   2   1   2   1   2   2 | Gln CAA   0   0   0   0   0   0 |     CGA   1   1   1   1   1   1
    CTG   3   3   3   3   3   3 |     CCG   3   3   3   3   3   3 |     CAG   2   2   2   2   2   2 |     CGG   0   0   0   0   0   0
--------------------------------------------------------------------------------------------------------------------------------------
Ile ATT   3   3   3   3   3   3 | Thr ACT   1   1   1   1   1   1 | Asn AAT   1   1   1   1   1   1 | Ser AGT   3   3   3   3   3   3
    ATC   3   3   3   3   3   3 |     ACC   1   1   1   1   1   1 |     AAC   0   0   0   0   0   0 |     AGC   1   1   1   1   1   1
    ATA   1   1   1   1   1   1 |     ACA   1   1   1   1   1   1 | Lys AAA   0   0   0   0   0   0 | Arg AGA   2   2   2   2   2   2
Met ATG   6   6   6   6   6   6 |     ACG   1   1   1   1   1   1 |     AAG   0   0   0   0   0   0 |     AGG   0   0   0   0   0   0
--------------------------------------------------------------------------------------------------------------------------------------
Val GTT   2   3   2   2   2   2 | Ala GCT   2   2   2   2   2   2 | Asp GAT   2   2   2   2   2   2 | Gly GGT   3   3   3   2   3   3
    GTC   4   3   4   4   4   4 |     GCC   2   2   2   2   2   2 |     GAC   0   0   0   0   0   0 |     GGC   1   1   1   1   1   2
    GTA   1   1   1   1   1   1 |     GCA   1   1   1   1   1   1 | Glu GAA   4   4   4   4   3   3 |     GGA   4   5   4   5   5   5
    GTG   8   8   8   8   8   8 |     GCG   0   0   0   0   0   0 |     GAG   1   1   1   1   2   2 |     GGG   2   1   2   2   1   0
--------------------------------------------------------------------------------------------------------------------------------------

--------------------------------------------------------------------------------------------------------------------------------------
Phe TTT   2   3   2   2   2   2 | Ser TCT   1   1   1   1   1   1 | Tyr TAT   2   1   2   2   2   2 | Cys TGT   1   1   1   1   1   1
    TTC   7   6   7   7   7   7 |     TCC   1   1   1   1   1   1 |     TAC   4   5   4   4   4   4 |     TGC   1   1   1   1   1   1
Leu TTA   2   2   2   2   2   1 |     TCA   0   0   0   0   0   0 | *** TAA   0   0   0   0   0   0 | *** TGA   0   0   0   0   0   0
    TTG   2   2   2   2   2   2 |     TCG   1   1   1   1   2   1 |     TAG   0   0   0   0   0   0 | Trp TGG   1   1   1   1   1   1
--------------------------------------------------------------------------------------------------------------------------------------
Leu CTT   1   1   1   0   1   0 | Pro CCT   1   1   1   1   1   1 | His CAT   1   1   1   2   1   1 | Arg CGT   0   0   0   0   0   0
    CTC   2   2   2   3   2   3 |     CCC   2   1   1   1   1   2 |     CAC   2   2   2   1   2   2 |     CGC   0   0   0   0   0   0
    CTA   0   0   0   0   0   1 |     CCA   1   2   3   2   2   1 | Gln CAA   0   0   0   0   0   0 |     CGA   1   1   1   1   1   1
    CTG   3   3   3   3   4   3 |     CCG   3   3   2   3   1   3 |     CAG   2   2   2   2   2   2 |     CGG   0   0   0   0   0   0
--------------------------------------------------------------------------------------------------------------------------------------
Ile ATT   3   3   3   3   3   3 | Thr ACT   1   1   1   1   1   1 | Asn AAT   1   1   1   1   1   1 | Ser AGT   3   3   3   3   2   2
    ATC   3   3   3   3   3   3 |     ACC   1   1   1   1   1   1 |     AAC   0   0   0   0   0   0 |     AGC   1   1   1   1   2   2
    ATA   1   1   1   1   1   1 |     ACA   1   1   1   1   1   1 | Lys AAA   0   0   0   0   1   0 | Arg AGA   2   2   2   2   2   2
Met ATG   6   6   6   6   6   6 |     ACG   1   1   1   1   1   1 |     AAG   0   0   0   0   0   0 |     AGG   0   0   0   0   0   0
--------------------------------------------------------------------------------------------------------------------------------------
Val GTT   3   2   2   3   2   2 | Ala GCT   2   2   1   2   2   2 | Asp GAT   2   2   2   2   2   2 | Gly GGT   3   3   3   3   3   3
    GTC   3   4   4   3   3   4 |     GCC   2   2   3   2   2   2 |     GAC   0   0   0   0   0   0 |     GGC   1   1   1   1   1   1
    GTA   1   2   1   1   2   1 |     GCA   1   1   1   1   1   1 | Glu GAA   4   4   4   4   3   3 |     GGA   5   5   5   5   5   5
    GTG   8   7   8   8   7   8 |     GCG   0   0   0   0   1   0 |     GAG   1   1   1   1   1   2 |     GGG   1   1   1   1   1   1
--------------------------------------------------------------------------------------------------------------------------------------

--------------------------------------------------------------------------------------------------------------------------------------
Phe TTT   4   4   2   3   2   2 | Ser TCT   1   1   1   1   1   1 | Tyr TAT   3   3   2   3   2   2 | Cys TGT   1   1   1   1   1   1
    TTC   5   6   7   6   7   7 |     TCC   1   1   1   2   1   1 |     TAC   3   2   4   3   4   4 |     TGC   1   1   1   1   1   1
Leu TTA   2   2   2   2   2   2 |     TCA   0   0   0   0   0   0 | *** TAA   0   0   0   0   0   0 | *** TGA   0   0   0   0   0   0
    TTG   2   2   2   2   2   2 |     TCG   1   1   1   0   1   1 |     TAG   0   0   0   0   0   0 | Trp TGG   1   1   1   1   1   1
--------------------------------------------------------------------------------------------------------------------------------------
Leu CTT   1   2   1   1   0   1 | Pro CCT   1   1   1   1   1   1 | His CAT   1   1   1   2   1   1 | Arg CGT   0   0   0   0   0   0
    CTC   2   2   2   2   3   2 |     CCC   1   1   2   1   2   2 |     CAC   2   2   2   1   2   2 |     CGC   0   0   0   0   0   0
    CTA   0   0   0   0   0   0 |     CCA   2   3   1   2   1   1 | Gln CAA   0   0   0   0   0   0 |     CGA   1   0   1   1   1   1
    CTG   3   2   3   3   3   3 |     CCG   3   2   3   3   3   3 |     CAG   2   2   2   2   2   2 |     CGG   0   0   0   0   0   0
--------------------------------------------------------------------------------------------------------------------------------------
Ile ATT   3   3   3   3   3   3 | Thr ACT   1   1   1   1   1   1 | Asn AAT   1   1   1   1   1   1 | Ser AGT   3   3   3   3   2   3
    ATC   3   3   3   3   3   3 |     ACC   1   1   1   1   1   1 |     AAC   0   0   0   0   0   0 |     AGC   1   1   1   1   2   1
    ATA   1   1   1   1   1   1 |     ACA   1   1   1   1   1   1 | Lys AAA   0   0   0   1   0   0 | Arg AGA   2   2   2   2   2   2
Met ATG   6   6   6   6   6   6 |     ACG   1   1   1   1   1   1 |     AAG   0   0   0   0   0   0 |     AGG   0   0   0   0   0   0
--------------------------------------------------------------------------------------------------------------------------------------
Val GTT   2   2   2   2   2   4 | Ala GCT   3   3   2   2   2   2 | Asp GAT   2   2   2   2   2   2 | Gly GGT   3   3   4   3   3   3
    GTC   4   4   4   4   4   2 |     GCC   1   1   2   2   2   2 |     GAC   0   0   0   0   0   0 |     GGC   1   1   0   1   1   1
    GTA   1   2   1   1   1   1 |     GCA   1   1   1   1   1   1 | Glu GAA   4   4   4   2   4   4 |     GGA   5   5   5   5   5   5
    GTG   8   8   8   8   8   8 |     GCG   0   0   0   0   0   0 |     GAG   1   1   1   2   1   1 |     GGG   1   1   1   1   1   1
--------------------------------------------------------------------------------------------------------------------------------------

--------------------------------------------------------------------------------------------------------------------------------------
Phe TTT   3   3   2   2   2   3 | Ser TCT   1   1   1   1   1   1 | Tyr TAT   2   2   2   2   2   2 | Cys TGT   1   1   1   1   1   1
    TTC   6   6   7   7   7   6 |     TCC   1   1   1   1   1   2 |     TAC   4   4   4   4   4   4 |     TGC   1   1   1   1   1   1
Leu TTA   2   2   2   2   2   2 |     TCA   0   0   0   0   0   0 | *** TAA   0   0   0   0   0   0 | *** TGA   0   0   0   0   0   0
    TTG   2   2   2   2   2   2 |     TCG   1   1   1   1   1   0 |     TAG   0   0   0   0   0   0 | Trp TGG   1   1   1   1   1   1
--------------------------------------------------------------------------------------------------------------------------------------
Leu CTT   1   1   1   0   1   1 | Pro CCT   1   1   1   1   1   1 | His CAT   1   1   1   1   1   1 | Arg CGT   0   0   0   0   0   0
    CTC   2   2   2   3   2   2 |     CCC   1   1   2   2   1   0 |     CAC   2   2   2   2   2   2 |     CGC   0   0   0   0   0   0
    CTA   0   0   0   0   0   0 |     CCA   2   2   1   1   3   2 | Gln CAA   0   0   0   0   0   0 |     CGA   1   1   1   1   1   1
    CTG   4   3   3   3   3   3 |     CCG   2   3   3   3   2   4 |     CAG   2   2   2   2   2   2 |     CGG   0   0   0   0   0   0
--------------------------------------------------------------------------------------------------------------------------------------
Ile ATT   3   3   3   3   3   3 | Thr ACT   1   1   0   1   1   1 | Asn AAT   1   1   1   1   1   1 | Ser AGT   3   3   3   2   3   3
    ATC   2   3   3   3   3   3 |     ACC   1   1   1   1   1   1 |     AAC   0   0   0   0   0   0 |     AGC   1   1   1   2   1   1
    ATA   2   1   1   1   1   1 |     ACA   1   1   2   1   1   1 | Lys AAA   0   0   0   0   0   0 | Arg AGA   2   2   2   2   2   2
Met ATG   6   6   6   6   6   6 |     ACG   1   1   1   1   1   1 |     AAG   0   0   0   0   0   0 |     AGG   0   0   0   0   0   0
--------------------------------------------------------------------------------------------------------------------------------------
Val GTT   2   3   3   2   2   2 | Ala GCT   2   2   2   2   1   2 | Asp GAT   2   2   2   2   2   2 | Gly GGT   3   3   3   3   3   3
    GTC   4   3   3   4   4   4 |     GCC   2   2   2   2   3   2 |     GAC   0   0   0   0   0   0 |     GGC   2   2   1   1   1   1
    GTA   1   1   1   1   1   1 |     GCA   1   1   1   1   1   1 | Glu GAA   3   3   4   4   4   3 |     GGA   5   5   5   5   5   5
    GTG   8   8   8   8   8   8 |     GCG   0   0   0   0   0   0 |     GAG   2   2   1   1   1   2 |     GGG   0   0   1   1   1   1
--------------------------------------------------------------------------------------------------------------------------------------

--------------------------------------------------------------------------------------------------------------------------------------
Phe TTT   2   3   3   2   3   2 | Ser TCT   1   1   1   1   1   1 | Tyr TAT   2   3   2   2   3   2 | Cys TGT   1   1   1   1   1   1
    TTC   7   6   6   7   6   7 |     TCC   1   2   1   1   1   1 |     TAC   4   3   4   4   3   4 |     TGC   1   1   1   1   1   1
Leu TTA   2   2   2   2   2   2 |     TCA   0   0   0   0   0   0 | *** TAA   0   0   0   0   0   0 | *** TGA   0   0   0   0   0   0
    TTG   2   2   2   2   2   2 |     TCG   1   0   1   1   1   1 |     TAG   0   0   0   0   0   0 | Trp TGG   1   1   1   1   1   1
--------------------------------------------------------------------------------------------------------------------------------------
Leu CTT   0   1   1   0   1   1 | Pro CCT   1   1   1   1   1   1 | His CAT   1   1   1   2   1   1 | Arg CGT   0   0   0   0   0   0
    CTC   3   2   2   3   3   2 |     CCC   2   1   1   1   1   1 |     CAC   2   2   2   1   2   2 |     CGC   0   0   0   0   0   0
    CTA   0   0   0   0   0   0 |     CCA   1   2   2   2   2   3 | Gln CAA   0   0   0   0   0   0 |     CGA   1   1   1   1   1   1
    CTG   3   3   3   3   2   3 |     CCG   3   3   3   3   3   2 |     CAG   2   2   2   2   2   2 |     CGG   0   0   0   0   0   0
--------------------------------------------------------------------------------------------------------------------------------------
Ile ATT   3   3   3   3   3   3 | Thr ACT   1   1   1   1   1   1 | Asn AAT   1   1   1   1   1   1 | Ser AGT   2   2   3   3   2   3
    ATC   4   3   3   3   3   3 |     ACC   1   1   1   1   1   1 |     AAC   0   0   0   0   0   0 |     AGC   2   2   1   1   2   1
    ATA   1   1   1   1   1   1 |     ACA   1   1   1   1   1   1 | Lys AAA   0   0   0   0   0   0 | Arg AGA   2   2   2   2   2   2
Met ATG   6   6   6   6   6   6 |     ACG   1   1   1   1   1   1 |     AAG   0   0   0   0   0   0 |     AGG   0   0   0   0   0   0
--------------------------------------------------------------------------------------------------------------------------------------
Val GTT   2   2   2   3   2   2 | Ala GCT   2   2   2   2   1   1 | Asp GAT   2   2   2   2   2   2 | Gly GGT   3   3   3   3   3   3
    GTC   3   4   4   4   4   4 |     GCC   2   2   2   2   3   3 |     GAC   0   0   0   0   0   0 |     GGC   1   1   2   1   1   1
    GTA   1   1   1   1   1   1 |     GCA   1   1   1   1   1   1 | Glu GAA   4   3   3   4   4   4 |     GGA   5   5   5   5   5   5
    GTG   8   8   8   7   8   8 |     GCG   0   0   0   0   0   0 |     GAG   1   2   2   1   1   1 |     GGG   1   1   0   1   1   1
--------------------------------------------------------------------------------------------------------------------------------------

--------------------------------------------------------------------------------------------------------------------------------------
Phe TTT   2   3   2   1   2   4 | Ser TCT   1   1   1   1   1   1 | Tyr TAT   2   1   2   2   2   2 | Cys TGT   1   1   1   1   1   1
    TTC   7   6   7   8   7   5 |     TCC   1   1   1   1   1   1 |     TAC   4   5   4   4   4   4 |     TGC   1   1   1   1   1   1
Leu TTA   2   2   2   2   2   2 |     TCA   0   0   0   0   0   0 | *** TAA   0   0   0   0   0   0 | *** TGA   0   0   0   0   0   0
    TTG   2   2   2   2   2   2 |     TCG   1   1   1   1   1   1 |     TAG   0   0   0   0   0   0 | Trp TGG   1   1   1   1   1   1
--------------------------------------------------------------------------------------------------------------------------------------
Leu CTT   1   1   1   0   0   1 | Pro CCT   1   1   1   1   2   1 | His CAT   1   1   1   1   1   1 | Arg CGT   0   0   0   0   0   0
    CTC   2   2   2   3   3   1 |     CCC   2   1   2   1   1   1 |     CAC   2   2   2   2   2   2 |     CGC   0   0   0   0   0   0
    CTA   0   0   0   0   0   0 |     CCA   2   2   1   2   1   2 | Gln CAA   0   0   0   0   0   0 |     CGA   1   1   1   1   1   1
    CTG   3   3   3   3   3   4 |     CCG   2   3   3   3   3   3 |     CAG   2   2   2   2   2   2 |     CGG   0   0   0   0   0   0
--------------------------------------------------------------------------------------------------------------------------------------
Ile ATT   3   4   3   3   3   3 | Thr ACT   1   1   1   1   1   1 | Asn AAT   1   1   1   1   1   1 | Ser AGT   3   3   3   3   2   3
    ATC   3   2   3   3   3   3 |     ACC   1   1   1   1   1   1 |     AAC   0   0   0   0   0   0 |     AGC   1   1   1   1   2   1
    ATA   1   1   1   1   1   1 |     ACA   1   1   1   1   1   1 | Lys AAA   0   0   0   0   0   0 | Arg AGA   2   2   2   2   1   2
Met ATG   6   6   6   6   6   6 |     ACG   1   1   1   1   1   1 |     AAG   0   0   0   0   0   0 |     AGG   0   0   0   0   1   0
--------------------------------------------------------------------------------------------------------------------------------------
Val GTT   2   2   3   3   1   4 | Ala GCT   2   2   2   2   2   1 | Asp GAT   2   2   2   2   2   2 | Gly GGT   3   3   3   3   2   3
    GTC   4   4   3   3   5   4 |     GCC   2   2   2   2   2   2 |     GAC   0   0   0   0   0   0 |     GGC   1   1   1   1   1   2
    GTA   1   1   1   1   1   1 |     GCA   1   1   1   1   1   1 | Glu GAA   4   4   4   4   4   3 |     GGA   5   5   5   4   5   5
    GTG   8   8   8   8   8   6 |     GCG   0   0   0   0   0   1 |     GAG   1   1   1   1   1   2 |     GGG   1   1   1   2   2   0
--------------------------------------------------------------------------------------------------------------------------------------

--------------------------------------------------------------------------------------------------------------------------------------
Phe TTT   3   2   3   3   3   2 | Ser TCT   1   1   1   1   1   1 | Tyr TAT   2   2   2   2   2   2 | Cys TGT   1   1   1   1   1   1
    TTC   6   7   6   6   6   7 |     TCC   1   1   1   1   1   1 |     TAC   4   4   4   4   4   4 |     TGC   1   1   1   1   1   1
Leu TTA   2   2   2   2   2   2 |     TCA   0   0   0   0   0   0 | *** TAA   0   0   0   0   0   0 | *** TGA   0   0   0   0   0   0
    TTG   2   2   2   2   2   2 |     TCG   1   1   1   1   1   1 |     TAG   0   0   0   0   0   0 | Trp TGG   1   1   1   1   1   1
--------------------------------------------------------------------------------------------------------------------------------------
Leu CTT   1   0   1   1   1   1 | Pro CCT   1   1   1   1   1   1 | His CAT   1   1   1   1   2   1 | Arg CGT   0   0   0   0   0   0
    CTC   2   3   2   2   2   2 |     CCC   1   2   1   1   1   2 |     CAC   2   2   2   2   1   2 |     CGC   0   0   0   0   0   0
    CTA   0   0   0   0   0   0 |     CCA   2   1   2   2   2   1 | Gln CAA   0   0   0   0   0   0 |     CGA   1   1   1   1   1   1
    CTG   3   3   3   3   3   3 |     CCG   3   3   3   3   3   3 |     CAG   2   2   2   2   2   2 |     CGG   0   0   0   0   0   0
--------------------------------------------------------------------------------------------------------------------------------------
Ile ATT   3   3   3   3   4   3 | Thr ACT   1   1   1   1   1   1 | Asn AAT   1   1   1   1   1   1 | Ser AGT   3   2   3   3   3   3
    ATC   2   3   3   3   2   3 |     ACC   1   1   1   1   1   1 |     AAC   0   0   0   0   0   0 |     AGC   1   2   1   1   1   1
    ATA   2   1   1   1   1   1 |     ACA   1   1   1   1   1   1 | Lys AAA   0   0   0   0   0   0 | Arg AGA   2   2   2   2   2   2
Met ATG   6   6   6   6   6   6 |     ACG   1   1   1   1   1   1 |     AAG   0   0   0   0   0   0 |     AGG   0   0   0   0   0   0
--------------------------------------------------------------------------------------------------------------------------------------
Val GTT   2   2   2   3   2   2 | Ala GCT   2   2   2   2   2   2 | Asp GAT   2   2   2   2   2   2 | Gly GGT   3   3   3   3   3   3
    GTC   4   4   4   3   4   4 |     GCC   2   2   2   2   2   2 |     GAC   0   0   0   0   0   0 |     GGC   2   1   2   2   1   1
    GTA   1   1   1   1   1   1 |     GCA   1   1   1   1   1   1 | Glu GAA   3   4   3   3   4   5 |     GGA   5   5   5   5   5   4
    GTG   8   8   8   8   8   8 |     GCG   0   0   0   0   0   0 |     GAG   2   1   2   2   1   1 |     GGG   0   1   0   0   1   1
--------------------------------------------------------------------------------------------------------------------------------------

--------------------------------------------------------------------------------------------------------------------------------------
Phe TTT   2   2   2   4   3   3 | Ser TCT   1   1   1   1   1   1 | Tyr TAT   2   2   2   2   3   3 | Cys TGT   1   1   1   1   1   1
    TTC   7   7   7   5   6   6 |     TCC   1   1   1   1   2   2 |     TAC   4   4   4   4   3   3 |     TGC   1   1   1   1   1   1
Leu TTA   2   2   2   2   1   2 |     TCA   0   0   0   0   0   0 | *** TAA   0   0   0   0   0   0 | *** TGA   0   0   0   0   0   0
    TTG   2   2   2   1   3   2 |     TCG   1   1   1   1   0   0 |     TAG   0   0   0   0   0   0 | Trp TGG   1   1   1   1   1   1
--------------------------------------------------------------------------------------------------------------------------------------
Leu CTT   0   0   1   1   1   1 | Pro CCT   1   1   1   1   1   1 | His CAT   1   1   1   1   1   1 | Arg CGT   0   0   0   0   0   0
    CTC   3   3   2   2   2   2 |     CCC   2   1   1   1   1   1 |     CAC   2   2   2   2   2   2 |     CGC   0   1   0   0   0   0
    CTA   0   0   0   0   0   0 |     CCA   1   2   2   1   3   2 | Gln CAA   0   0   0   0   0   0 |     CGA   1   0   1   1   1   1
    CTG   3   3   3   4   3   3 |     CCG   3   3   3   4   2   3 |     CAG   2   2   2   2   2   2 |     CGG   0   0   0   0   0   0
--------------------------------------------------------------------------------------------------------------------------------------
Ile ATT   3   3   3   3   3   3 | Thr ACT   1   1   1   1   1   1 | Asn AAT   1   1   1   1   1   1 | Ser AGT   2   3   3   2   3   3
    ATC   3   3   3   3   3   3 |     ACC   1   1   1   1   1   1 |     AAC   0   0   0   0   0   0 |     AGC   2   1   1   2   1   1
    ATA   1   1   1   1   1   1 |     ACA   1   1   1   1   1   1 | Lys AAA   0   0   0   0   0   0 | Arg AGA   2   2   2   2   2   2
Met ATG   6   6   6   6   6   6 |     ACG   1   1   1   1   1   1 |     AAG   0   0   0   0   0   0 |     AGG   0   0   0   0   0   0
--------------------------------------------------------------------------------------------------------------------------------------
Val GTT   2   2   3   2   2   2 | Ala GCT   2   2   2   2   2   2 | Asp GAT   2   2   2   2   1   2 | Gly GGT   3   3   3   2   3   3
    GTC   4   4   2   3   4   4 |     GCC   2   2   2   3   2   2 |     GAC   0   0   0   0   1   0 |     GGC   1   1   1   1   1   1
    GTA   2   1   1   1   1   1 |     GCA   1   1   1   0   1   1 | Glu GAA   4   4   4   4   3   3 |     GGA   5   5   5   6   5   5
    GTG   7   8   9   9   8   8 |     GCG   0   0   0   0   0   0 |     GAG   1   1   1   1   2   2 |     GGG   1   1   1   1   1   1
--------------------------------------------------------------------------------------------------------------------------------------

Codon position x base (3x4) table for each sequence.

#1: Argali         
position  1:    T:0.23810    C:0.18095    A:0.22857    G:0.35238
position  2:    T:0.44762    C:0.18095    A:0.18095    G:0.19048
position  3:    T:0.25714    C:0.28571    A:0.19048    G:0.26667
Average         T:0.31429    C:0.21587    A:0.20000    G:0.26984

#2: LesserMouseDeer
position  1:    T:0.23810    C:0.18095    A:0.22857    G:0.35238
position  2:    T:0.44762    C:0.18095    A:0.18095    G:0.19048
position  3:    T:0.23810    C:0.30476    A:0.19048    G:0.26667
Average         T:0.30794    C:0.22222    A:0.20000    G:0.26984

#3: LesserKudu     
position  1:    T:0.23810    C:0.18095    A:0.21905    G:0.36190
position  2:    T:0.44762    C:0.18095    A:0.18095    G:0.19048
position  3:    T:0.27619    C:0.26667    A:0.18095    G:0.27619
Average         T:0.32063    C:0.20952    A:0.19365    G:0.27619

#4: ForestMuskDeer2
position  1:    T:0.22857    C:0.19048    A:0.22857    G:0.35238
position  2:    T:0.44762    C:0.18095    A:0.18095    G:0.19048
position  3:    T:0.23810    C:0.28571    A:0.18095    G:0.29524
Average         T:0.30476    C:0.21905    A:0.19683    G:0.27937

#5: Camel          
position  1:    T:0.23810    C:0.18095    A:0.24762    G:0.33333
position  2:    T:0.44762    C:0.18095    A:0.18095    G:0.19048
position  3:    T:0.22857    C:0.28571    A:0.20000    G:0.28571
Average         T:0.30476    C:0.21587    A:0.20952    G:0.26984

#6: KillerWhale    
position  1:    T:0.23810    C:0.18095    A:0.23810    G:0.34286
position  2:    T:0.44762    C:0.18095    A:0.18095    G:0.19048
position  3:    T:0.25714    C:0.27619    A:0.20952    G:0.25714
Average         T:0.31429    C:0.21270    A:0.20952    G:0.26349

#7: DefassaWaterbuck
position  1:    T:0.23810    C:0.18095    A:0.22857    G:0.35238
position  2:    T:0.44762    C:0.18095    A:0.18095    G:0.19048
position  3:    T:0.22857    C:0.30476    A:0.18095    G:0.28571
Average         T:0.30476    C:0.22222    A:0.19683    G:0.27619

#8: Sheep          
position  1:    T:0.23810    C:0.18095    A:0.22857    G:0.35238
position  2:    T:0.44762    C:0.18095    A:0.18095    G:0.19048
position  3:    T:0.25714    C:0.28571    A:0.18095    G:0.27619
Average         T:0.31429    C:0.21587    A:0.19683    G:0.27302

#9: MaxwellsDuiker 
position  1:    T:0.23810    C:0.18095    A:0.22857    G:0.35238
position  2:    T:0.44762    C:0.18095    A:0.18095    G:0.19048
position  3:    T:0.23810    C:0.29524    A:0.18095    G:0.28571
Average         T:0.30794    C:0.21905    A:0.19683    G:0.27619

#10: GazellaPrzewalskyi
position  1:    T:0.23810    C:0.18095    A:0.22857    G:0.35238
position  2:    T:0.44762    C:0.18095    A:0.18095    G:0.19048
position  3:    T:0.22857    C:0.30476    A:0.18095    G:0.28571
Average         T:0.30476    C:0.22222    A:0.19683    G:0.27619

#11: MountainNyala  
position  1:    T:0.23810    C:0.18095    A:0.22857    G:0.35238
position  2:    T:0.44762    C:0.18095    A:0.18095    G:0.19048
position  3:    T:0.26667    C:0.27619    A:0.18095    G:0.27619
Average         T:0.31746    C:0.21270    A:0.19683    G:0.27302

#12: MuntiacusMuntjak
position  1:    T:0.23810    C:0.18095    A:0.22857    G:0.35238
position  2:    T:0.44762    C:0.18095    A:0.18095    G:0.19048
position  3:    T:0.25714    C:0.28571    A:0.18095    G:0.27619
Average         T:0.31429    C:0.21587    A:0.19683    G:0.27302

#13: goat           
position  1:    T:0.23810    C:0.18095    A:0.22857    G:0.35238
position  2:    T:0.44762    C:0.18095    A:0.18095    G:0.19048
position  3:    T:0.25714    C:0.28571    A:0.18095    G:0.27619
Average         T:0.31429    C:0.21587    A:0.19683    G:0.27302

#14: AfricanBuffalo 
position  1:    T:0.23810    C:0.18095    A:0.22857    G:0.35238
position  2:    T:0.44762    C:0.18095    A:0.18095    G:0.19048
position  3:    T:0.24762    C:0.28571    A:0.20000    G:0.26667
Average         T:0.31111    C:0.21587    A:0.20317    G:0.26984

#15: Topi           
position  1:    T:0.23810    C:0.18095    A:0.22857    G:0.35238
position  2:    T:0.44762    C:0.18095    A:0.18095    G:0.19048
position  3:    T:0.23810    C:0.29524    A:0.20000    G:0.26667
Average         T:0.30794    C:0.21905    A:0.20317    G:0.26984

#16: CommonDuiker   
position  1:    T:0.23810    C:0.18095    A:0.22857    G:0.35238
position  2:    T:0.44762    C:0.18095    A:0.18095    G:0.19048
position  3:    T:0.25714    C:0.27619    A:0.19048    G:0.27619
Average         T:0.31429    C:0.21270    A:0.20000    G:0.27302

#17: Suni           
position  1:    T:0.24762    C:0.17143    A:0.23810    G:0.34286
position  2:    T:0.44762    C:0.18095    A:0.18095    G:0.19048
position  3:    T:0.23810    C:0.28571    A:0.20000    G:0.27619
Average         T:0.31111    C:0.21270    A:0.20635    G:0.26984

#18: Springbuck     
position  1:    T:0.22857    C:0.19048    A:0.22857    G:0.35238
position  2:    T:0.44762    C:0.18095    A:0.18095    G:0.19048
position  3:    T:0.22857    C:0.31429    A:0.17143    G:0.28571
Average         T:0.30159    C:0.22857    A:0.19365    G:0.27619

#19: Okapi          
position  1:    T:0.23810    C:0.18095    A:0.22857    G:0.35238
position  2:    T:0.44762    C:0.18095    A:0.18095    G:0.19048
position  3:    T:0.28571    C:0.24762    A:0.19048    G:0.27619
Average         T:0.32381    C:0.20317    A:0.20000    G:0.27302

#20: Giraffe        
position  1:    T:0.23810    C:0.17143    A:0.22857    G:0.36190
position  2:    T:0.46667    C:0.18095    A:0.17143    G:0.18095
position  3:    T:0.29524    C:0.24762    A:0.20000    G:0.25714
Average         T:0.33333    C:0.20000    A:0.20000    G:0.26667

#21: TibetanAntelope
position  1:    T:0.23810    C:0.18095    A:0.22857    G:0.35238
position  2:    T:0.44762    C:0.18095    A:0.18095    G:0.19048
position  3:    T:0.25714    C:0.28571    A:0.18095    G:0.27619
Average         T:0.31429    C:0.21587    A:0.19683    G:0.27302

#22: Sitatunga      
position  1:    T:0.23810    C:0.18095    A:0.23810    G:0.34286
position  2:    T:0.44762    C:0.18095    A:0.18095    G:0.19048
position  3:    T:0.27619    C:0.26667    A:0.18095    G:0.27619
Average         T:0.32063    C:0.20952    A:0.20000    G:0.26984

#23: Oribi          
position  1:    T:0.23810    C:0.18095    A:0.22857    G:0.35238
position  2:    T:0.44762    C:0.18095    A:0.18095    G:0.19048
position  3:    T:0.22857    C:0.31429    A:0.18095    G:0.27619
Average         T:0.30476    C:0.22540    A:0.19683    G:0.27302

#24: BarbarySheep   
position  1:    T:0.23810    C:0.18095    A:0.22857    G:0.35238
position  2:    T:0.44762    C:0.18095    A:0.18095    G:0.19048
position  3:    T:0.26667    C:0.27619    A:0.18095    G:0.27619
Average         T:0.31746    C:0.21270    A:0.19683    G:0.27302

#25: Daviddeer      
position  1:    T:0.23810    C:0.18095    A:0.22857    G:0.35238
position  2:    T:0.45714    C:0.17143    A:0.18095    G:0.19048
position  3:    T:0.25714    C:0.27619    A:0.19048    G:0.27619
Average         T:0.31746    C:0.20952    A:0.20000    G:0.27302

#26: Reindeer       
position  1:    T:0.23810    C:0.18095    A:0.22857    G:0.35238
position  2:    T:0.44762    C:0.18095    A:0.18095    G:0.19048
position  3:    T:0.26667    C:0.27619    A:0.18095    G:0.27619
Average         T:0.31746    C:0.21270    A:0.19683    G:0.27302

#27: Ibex           
position  1:    T:0.23810    C:0.18095    A:0.22857    G:0.35238
position  2:    T:0.44762    C:0.18095    A:0.18095    G:0.19048
position  3:    T:0.24762    C:0.28571    A:0.19048    G:0.27619
Average         T:0.31111    C:0.21587    A:0.20000    G:0.27302

#28: GyrantGazelle  
position  1:    T:0.23810    C:0.18095    A:0.22857    G:0.35238
position  2:    T:0.44762    C:0.18095    A:0.18095    G:0.19048
position  3:    T:0.22857    C:0.31429    A:0.18095    G:0.27619
Average         T:0.30476    C:0.22540    A:0.19683    G:0.27302

#29: Hartebeest     
position  1:    T:0.23810    C:0.18095    A:0.22857    G:0.35238
position  2:    T:0.44762    C:0.18095    A:0.18095    G:0.19048
position  3:    T:0.23810    C:0.29524    A:0.20000    G:0.26667
Average         T:0.30794    C:0.21905    A:0.20317    G:0.26984

#30: Bongo          
position  1:    T:0.23810    C:0.18095    A:0.22857    G:0.35238
position  2:    T:0.44762    C:0.18095    A:0.18095    G:0.19048
position  3:    T:0.25714    C:0.27619    A:0.18095    G:0.28571
Average         T:0.31429    C:0.21270    A:0.19683    G:0.27619

#31: Gerenuk        
position  1:    T:0.23810    C:0.18095    A:0.23810    G:0.34286
position  2:    T:0.44762    C:0.18095    A:0.18095    G:0.19048
position  3:    T:0.22857    C:0.31429    A:0.18095    G:0.27619
Average         T:0.30476    C:0.22540    A:0.20000    G:0.26984

#32: CommonEland    
position  1:    T:0.23810    C:0.18095    A:0.22857    G:0.35238
position  2:    T:0.44762    C:0.18095    A:0.18095    G:0.19048
position  3:    T:0.25714    C:0.28571    A:0.18095    G:0.27619
Average         T:0.31429    C:0.21587    A:0.19683    G:0.27302

#33: MuntiacusReevesi
position  1:    T:0.23810    C:0.18095    A:0.22857    G:0.35238
position  2:    T:0.44762    C:0.18095    A:0.18095    G:0.19048
position  3:    T:0.25714    C:0.28571    A:0.18095    G:0.27619
Average         T:0.31429    C:0.21587    A:0.19683    G:0.27302

#34: HarveysDuiker  
position  1:    T:0.23810    C:0.18095    A:0.22857    G:0.35238
position  2:    T:0.44762    C:0.18095    A:0.18095    G:0.19048
position  3:    T:0.25714    C:0.28571    A:0.19048    G:0.26667
Average         T:0.31429    C:0.21587    A:0.20000    G:0.26984

#35: Pronghorn      
position  1:    T:0.23810    C:0.18095    A:0.22857    G:0.35238
position  2:    T:0.44762    C:0.18095    A:0.18095    G:0.19048
position  3:    T:0.24762    C:0.29524    A:0.19048    G:0.26667
Average         T:0.31111    C:0.21905    A:0.20000    G:0.26984

#36: BlueWildebeest 
position  1:    T:0.23810    C:0.18095    A:0.22857    G:0.35238
position  2:    T:0.44762    C:0.18095    A:0.18095    G:0.19048
position  3:    T:0.23810    C:0.29524    A:0.20000    G:0.26667
Average         T:0.30794    C:0.21905    A:0.20317    G:0.26984

#37: Gemsbok        
position  1:    T:0.23810    C:0.18095    A:0.22857    G:0.35238
position  2:    T:0.44762    C:0.18095    A:0.18095    G:0.19048
position  3:    T:0.24762    C:0.29524    A:0.19048    G:0.26667
Average         T:0.31111    C:0.21905    A:0.20000    G:0.26984

#38: Yak            
position  1:    T:0.23810    C:0.18095    A:0.22857    G:0.35238
position  2:    T:0.44762    C:0.18095    A:0.18095    G:0.19048
position  3:    T:0.25714    C:0.27619    A:0.19048    G:0.27619
Average         T:0.31429    C:0.21270    A:0.20000    G:0.27302

#39: BlueSheep      
position  1:    T:0.23810    C:0.18095    A:0.22857    G:0.35238
position  2:    T:0.44762    C:0.18095    A:0.18095    G:0.19048
position  3:    T:0.25714    C:0.28571    A:0.18095    G:0.27619
Average         T:0.31429    C:0.21587    A:0.19683    G:0.27302

#40: BohorReedbuck  
position  1:    T:0.23810    C:0.18095    A:0.22857    G:0.35238
position  2:    T:0.44762    C:0.18095    A:0.18095    G:0.19048
position  3:    T:0.23810    C:0.29524    A:0.18095    G:0.28571
Average         T:0.30794    C:0.21905    A:0.19683    G:0.27619

#41: KirksDik       
position  1:    T:0.23810    C:0.18095    A:0.22857    G:0.35238
position  2:    T:0.44762    C:0.18095    A:0.18095    G:0.19048
position  3:    T:0.21905    C:0.31429    A:0.17143    G:0.29524
Average         T:0.30159    C:0.22540    A:0.19365    G:0.27937

#42: RoeDeer        
position  1:    T:0.23810    C:0.18095    A:0.22857    G:0.35238
position  2:    T:0.44762    C:0.18095    A:0.18095    G:0.19048
position  3:    T:0.27619    C:0.26667    A:0.18095    G:0.27619
Average         T:0.32063    C:0.20952    A:0.19683    G:0.27302

#43: WhiteLippedDeer
position  1:    T:0.23810    C:0.18095    A:0.22857    G:0.35238
position  2:    T:0.44762    C:0.18095    A:0.18095    G:0.19048
position  3:    T:0.25714    C:0.27619    A:0.19048    G:0.27619
Average         T:0.31429    C:0.21270    A:0.20000    G:0.27302

#44: ThomsonGazelle 
position  1:    T:0.23810    C:0.18095    A:0.22857    G:0.35238
position  2:    T:0.44762    C:0.18095    A:0.18095    G:0.19048
position  3:    T:0.22857    C:0.31429    A:0.18095    G:0.27619
Average         T:0.30476    C:0.22540    A:0.19683    G:0.27302

#45: MuntiacusCrinifrons
position  1:    T:0.23810    C:0.18095    A:0.22857    G:0.35238
position  2:    T:0.44762    C:0.18095    A:0.18095    G:0.19048
position  3:    T:0.25714    C:0.28571    A:0.18095    G:0.27619
Average         T:0.31429    C:0.21587    A:0.19683    G:0.27302

#46: WhiteTailedDeer
position  1:    T:0.23810    C:0.18095    A:0.22857    G:0.35238
position  2:    T:0.44762    C:0.18095    A:0.18095    G:0.19048
position  3:    T:0.26667    C:0.27619    A:0.18095    G:0.27619
Average         T:0.31746    C:0.21270    A:0.19683    G:0.27302

#47: Cattle         
position  1:    T:0.23810    C:0.18095    A:0.22857    G:0.35238
position  2:    T:0.44762    C:0.18095    A:0.18095    G:0.19048
position  3:    T:0.27619    C:0.25714    A:0.19048    G:0.27619
Average         T:0.32063    C:0.20635    A:0.20000    G:0.27302

#48: RoyalAntelope  
position  1:    T:0.23810    C:0.18095    A:0.22857    G:0.35238
position  2:    T:0.44762    C:0.18095    A:0.19048    G:0.18095
position  3:    T:0.24762    C:0.29524    A:0.18095    G:0.27619
Average         T:0.31111    C:0.21905    A:0.20000    G:0.26984

#49: Steenbok       
position  1:    T:0.23810    C:0.18095    A:0.22857    G:0.35238
position  2:    T:0.44762    C:0.18095    A:0.18095    G:0.19048
position  3:    T:0.22857    C:0.31429    A:0.19048    G:0.26667
Average         T:0.30476    C:0.22540    A:0.20000    G:0.26984

#50: Impala         
position  1:    T:0.23810    C:0.18095    A:0.22857    G:0.35238
position  2:    T:0.44762    C:0.18095    A:0.18095    G:0.19048
position  3:    T:0.23810    C:0.30476    A:0.18095    G:0.27619
Average         T:0.30794    C:0.22222    A:0.19683    G:0.27302

#51: Klipspringer   
position  1:    T:0.23810    C:0.18095    A:0.22857    G:0.35238
position  2:    T:0.44762    C:0.18095    A:0.18095    G:0.19048
