CODONML (in paml version 4.10.7, June 2023)  /home/rachel/ruminants_paml/6406-phy-tree/ENSBTAT00000018941.fasta.phy
Model: free dN/dS Ratios for branches,  kappa = 2.000 fixed

Codon frequency model: F3x4
ns =  54  ls =  70

Codon usage in sequences
--------------------------------------------------------------------------------------------------------------------------------------
Phe TTT   1   2   1   1   3   3 | Ser TCT   0   0   0   0   0   1 | Tyr TAT   1   1   1   1   1   1 | Cys TGT   1   1   1   2   1   1
    TTC   1   1   1   1   0   0 |     TCC   3   2   3   3   2   2 |     TAC   2   1   2   2   2   2 |     TGC   5   5   5   4   5   5
Leu TTA   0   0   0   0   0   0 |     TCA   1   1   1   1   0   0 | *** TAA   0   0   0   0   0   0 | *** TGA   0   0   0   0   0   0
    TTG   2   1   2   2   1   2 |     TCG   0   0   0   0   0   0 |     TAG   0   0   0   0   0   0 | Trp TGG   0   0   0   0   0   0
--------------------------------------------------------------------------------------------------------------------------------------
Leu CTT   0   0   0   0   0   0 | Pro CCT   0   0   0   0   0   0 | His CAT   2   1   2   2   1   1 | Arg CGT   0   0   0   0   0   0
    CTC   4   4   4   4   3   2 |     CCC   0   0   0   0   0   0 |     CAC   1   3   1   1   2   2 |     CGC   0   0   0   0   0   0
    CTA   0   0   0   1   1   1 |     CCA   0   0   0   0   1   1 | Gln CAA   2   0   2   1   1   1 |     CGA   0   0   0   0   0   0
    CTG   5   4   5   4   5   5 |     CCG   0   0   0   0   0   1 |     CAG   3   5   3   4   4   4 |     CGG   1   1   1   1   1   1
--------------------------------------------------------------------------------------------------------------------------------------
Ile ATT   2   2   2   2   2   3 | Thr ACT   0   0   0   0   0   0 | Asn AAT   0   1   0   0   1   1 | Ser AGT   1   0   1   1   1   1
    ATC   2   3   2   2   2   0 |     ACC   1   1   1   1   0   0 |     AAC   2   2   2   2   2   3 |     AGC   0   1   0   0   1   0
    ATA   0   0   0   0   0   1 |     ACA   1   0   0   1   1   1 | Lys AAA   3   3   3   3   3   2 | Arg AGA   0   0   0   0   0   0
Met ATG   0   0   0   0   0   0 |     ACG   0   0   0   0   0   0 |     AAG   4   4   4   4   5   5 |     AGG   2   2   2   2   2   2
--------------------------------------------------------------------------------------------------------------------------------------
Val GTT   1   1   1   1   1   1 | Ala GCT   1   1   1   1   0   1 | Asp GAT   1   1   1   1   1   1 | Gly GGT   2   2   2   2   2   2
    GTC   3   2   3   3   3   3 |     GCC   1   3   1   1   2   1 |     GAC   1   1   1   1   1   1 |     GGC   0   0   0   0   0   0
    GTA   0   0   0   0   0   0 |     GCA   0   1   1   0   0   0 | Glu GAA   2   3   2   2   1   1 |     GGA   1   0   1   1   1   2
    GTG   1   1   1   1   1   1 |     GCG   0   0   0   0   1   0 |     GAG   3   1   3   3   1   1 |     GGG   0   1   0   0   1   0
--------------------------------------------------------------------------------------------------------------------------------------

--------------------------------------------------------------------------------------------------------------------------------------
Phe TTT   1   1   1   2   1   1 | Ser TCT   0   0   0   0   0   0 | Tyr TAT   1   1   1   1   1   1 | Cys TGT   1   1   1   1   1   1
    TTC   1   1   1   0   1   1 |     TCC   3   3   3   3   3   3 |     TAC   2   2   2   2   2   2 |     TGC   5   5   5   5   5   5
Leu TTA   0   0   0   0   0   0 |     TCA   0   1   1   1   1   1 | *** TAA   0   0   0   0   0   0 | *** TGA   0   0   0   0   0   0
    TTG   2   2   2   2   2   2 |     TCG   1   0   0   0   0   0 |     TAG   0   0   0   0   0   0 | Trp TGG   0   0   0   0   0   0
--------------------------------------------------------------------------------------------------------------------------------------
Leu CTT   0   0   0   0   0   0 | Pro CCT   0   0   0   0   0   0 | His CAT   2   2   2   2   2   2 | Arg CGT   0   0   0   0   0   0
    CTC   4   4   4   4   4   4 |     CCC   0   0   0   0   0   0 |     CAC   1   1   1   1   1   1 |     CGC   0   0   0   0   0   0
    CTA   0   0   0   0   0   0 |     CCA   0   0   0   0   0   0 | Gln CAA   2   2   2   3   2   2 |     CGA   0   0   0   0   0   0
    CTG   5   5   5   5   5   5 |     CCG   0   0   0   0   0   0 |     CAG   3   3   3   2   3   3 |     CGG   1   1   1   1   1   1
--------------------------------------------------------------------------------------------------------------------------------------
Ile ATT   2   2   2   1   2   2 | Thr ACT   0   0   0   0   0   0 | Asn AAT   0   0   0   0   0   0 | Ser AGT   1   1   1   1   1   1
    ATC   2   2   2   3   2   2 |     ACC   1   1   1   1   1   1 |     AAC   2   2   2   2   2   2 |     AGC   0   0   0   0   0   0
    ATA   0   0   0   0   0   0 |     ACA   0   1   1   1   0   0 | Lys AAA   3   3   3   3   3   3 | Arg AGA   0   0   0   0   0   0
Met ATG   0   0   0   0   0   0 |     ACG   0   0   0   0   0   0 |     AAG   4   4   4   5   4   4 |     AGG   2   2   2   1   2   2
--------------------------------------------------------------------------------------------------------------------------------------
Val GTT   1   1   1   1   1   1 | Ala GCT   1   1   1   1   1   1 | Asp GAT   1   1   1   1   1   0 | Gly GGT   2   2   2   2   2   1
    GTC   3   3   3   3   3   3 |     GCC   1   1   1   1   1   1 |     GAC   1   1   1   1   1   1 |     GGC   0   0   0   0   0   0
    GTA   0   0   0   0   0   0 |     GCA   1   0   0   0   1   1 | Glu GAA   2   2   2   2   2   2 |     GGA   1   1   1   1   1   1
    GTG   1   1   1   1   1   1 |     GCG   0   0   0   0   0   0 |     GAG   3   3   3   3   3   4 |     GGG   0   0   0   0   0   1
--------------------------------------------------------------------------------------------------------------------------------------

--------------------------------------------------------------------------------------------------------------------------------------
Phe TTT   1   1   1   1   1   1 | Ser TCT   0   0   0   0   0   0 | Tyr TAT   1   1   1   1   0   1 | Cys TGT   1   1   1   1   1   1
    TTC   1   1   1   1   1   1 |     TCC   3   3   4   3   3   3 |     TAC   2   2   2   2   3   2 |     TGC   5   5   5   5   5   5
Leu TTA   0   0   0   0   0   0 |     TCA   1   1   0   1   1   1 | *** TAA   0   0   0   0   0   0 | *** TGA   0   0   0   0   0   0
    TTG   2   2   2   2   2   2 |     TCG   0   0   0   0   0   0 |     TAG   0   0   0   0   0   0 | Trp TGG   0   0   0   0   0   0
--------------------------------------------------------------------------------------------------------------------------------------
Leu CTT   0   0   0   0   0   0 | Pro CCT   0   0   0   0   0   0 | His CAT   2   2   2   2   2   2 | Arg CGT   0   0   0   0   0   0
    CTC   4   4   4   4   4   4 |     CCC   0   0   0   0   0   0 |     CAC   1   1   1   1   1   1 |     CGC   0   0   0   0   0   0
    CTA   0   0   0   0   0   1 |     CCA   0   0   0   0   0   0 | Gln CAA   2   2   2   3   2   2 |     CGA   0   0   0   0   0   0
    CTG   5   5   5   5   5   4 |     CCG   0   0   0   0   0   0 |     CAG   3   3   3   2   3   3 |     CGG   1   1   1   1   1   1
--------------------------------------------------------------------------------------------------------------------------------------
Ile ATT   2   2   2   2   2   3 | Thr ACT   0   0   0   0   0   0 | Asn AAT   0   0   0   0   0   0 | Ser AGT   1   1   1   1   1   1
    ATC   2   2   2   2   2   1 |     ACC   1   1   1   1   1   1 |     AAC   2   2   2   2   2   2 |     AGC   0   0   0   0   0   0
    ATA   0   0   0   0   0   0 |     ACA   1   1   0   1   1   1 | Lys AAA   3   3   3   3   3   3 | Arg AGA   0   0   0   0   0   0
Met ATG   0   0   0   0   0   0 |     ACG   0   0   0   0   0   0 |     AAG   4   4   4   4   4   5 |     AGG   2   2   2   2   2   1
--------------------------------------------------------------------------------------------------------------------------------------
Val GTT   1   1   1   1   1   1 | Ala GCT   1   1   1   1   1   1 | Asp GAT   1   1   1   1   1   1 | Gly GGT   2   2   2   2   2   2
    GTC   3   3   3   3   3   3 |     GCC   1   1   1   1   1   1 |     GAC   1   1   1   1   1   1 |     GGC   0   0   0   0   0   0
    GTA   0   0   0   0   0   0 |     GCA   0   0   1   0   0   0 | Glu GAA   2   2   2   2   2   2 |     GGA   1   1   1   1   1   1
    GTG   1   1   1   1   1   1 |     GCG   0   0   0   0   0   0 |     GAG   3   3   3   3   3   3 |     GGG   0   0   0   0   0   0
--------------------------------------------------------------------------------------------------------------------------------------

--------------------------------------------------------------------------------------------------------------------------------------
Phe TTT   1   1   1   1   2   1 | Ser TCT   0   0   0   0   0   0 | Tyr TAT   1   1   1   1   1   1 | Cys TGT   1   1   1   1   1   1
    TTC   1   1   1   1   0   1 |     TCC   3   3   3   3   3   3 |     TAC   2   2   2   2   2   2 |     TGC   5   5   5   5   5   5
Leu TTA   0   0   0   0   0   0 |     TCA   2   2   1   1   1   1 | *** TAA   0   0   0   0   0   0 | *** TGA   0   0   0   0   0   0
    TTG   2   3   2   2   2   2 |     TCG   0   0   0   0   0   0 |     TAG   0   0   0   0   0   0 | Trp TGG   0   0   0   0   0   0
--------------------------------------------------------------------------------------------------------------------------------------
Leu CTT   0   0   0   0   0   0 | Pro CCT   0   0   0   0   0   0 | His CAT   2   3   2   2   2   2 | Arg CGT   0   0   0   0   0   0
    CTC   4   4   4   4   4   4 |     CCC   0   0   0   0   0   0 |     CAC   1   0   1   1   1   1 |     CGC   0   0   0   0   0   0
    CTA   0   0   0   0   0   0 |     CCA   0   0   0   0   0   0 | Gln CAA   2   2   2   2   1   2 |     CGA   0   0   0   0   0   0
    CTG   5   4   5   5   5   5 |     CCG   0   0   0   0   0   0 |     CAG   3   3   3   3   4   3 |     CGG   1   1   1   1   1   1
--------------------------------------------------------------------------------------------------------------------------------------
Ile ATT   2   2   3   2   2   2 | Thr ACT   0   0   0   0   0   0 | Asn AAT   0   0   0   0   0   0 | Ser AGT   1   1   1   1   1   1
    ATC   2   2   1   2   2   2 |     ACC   1   1   1   1   2   1 |     AAC   2   2   2   2   2   2 |     AGC   0   0   0   0   0   0
    ATA   0   0   0   0   0   0 |     ACA   0   0   1   0   0   1 | Lys AAA   3   3   3   3   3   3 | Arg AGA   0   0   0   0   0   0
Met ATG   0   0   0   0   0   0 |     ACG   0   0   0   0   0   0 |     AAG   4   4   4   4   5   4 |     AGG   2   2   2   2   1   2
--------------------------------------------------------------------------------------------------------------------------------------
Val GTT   1   1   1   1   1   1 | Ala GCT   0   0   1   1   1   1 | Asp GAT   1   2   1   1   1   1 | Gly GGT   2   2   2   2   2   2
    GTC   3   3   3   3   3   3 |     GCC   1   1   1   1   1   1 |     GAC   1   0   1   1   1   1 |     GGC   0   0   0   0   0   0
    GTA   0   0   0   0   0   0 |     GCA   0   0   0   1   0   0 | Glu GAA   2   2   2   2   2   2 |     GGA   1   1   1   1   1   1
    GTG   1   1   1   1   1   1 |     GCG   1   1   0   0   0   0 |     GAG   3   3   3   3   3   3 |     GGG   0   0   0   0   0   0
--------------------------------------------------------------------------------------------------------------------------------------

--------------------------------------------------------------------------------------------------------------------------------------
Phe TTT   1   1   1   2   1   1 | Ser TCT   0   0   0   0   0   0 | Tyr TAT   1   1   1   1   1   1 | Cys TGT   1   1   1   1   1   1
    TTC   1   1   1   0   1   1 |     TCC   3   3   3   3   3   3 |     TAC   2   2   2   2   2   2 |     TGC   5   5   5   5   5   5
Leu TTA   0   0   0   0   0   0 |     TCA   1   1   1   1   1   1 | *** TAA   0   0   0   0   0   0 | *** TGA   0   0   0   0   0   0
    TTG   2   2   2   2   2   2 |     TCG   0   0   0   0   0   0 |     TAG   0   0   0   0   0   0 | Trp TGG   0   0   0   0   0   0
--------------------------------------------------------------------------------------------------------------------------------------
Leu CTT   0   0   0   0   0   0 | Pro CCT   0   0   0   0   0   0 | His CAT   2   2   2   2   2   2 | Arg CGT   0   0   0   0   0   0
    CTC   4   4   4   4   4   4 |     CCC   0   0   0   0   0   0 |     CAC   1   1   1   1   1   1 |     CGC   0   0   0   0   0   0
    CTA   0   0   0   1   0   0 |     CCA   0   0   0   0   0   0 | Gln CAA   2   2   2   3   2   2 |     CGA   0   0   0   0   0   0
    CTG   5   5   5   4   5   5 |     CCG   0   0   0   0   0   0 |     CAG   3   3   3   2   3   3 |     CGG   1   1   1   1   2   1
--------------------------------------------------------------------------------------------------------------------------------------
Ile ATT   2   2   2   3   2   2 | Thr ACT   0   0   0   0   0   0 | Asn AAT   0   0   0   0   0   0 | Ser AGT   1   1   1   1   1   1
    ATC   2   2   2   1   2   2 |     ACC   1   1   1   1   1   1 |     AAC   2   2   2   2   2   2 |     AGC   0   0   0   0   0   0
    ATA   0   0   0   0   0   0 |     ACA   0   0   1   1   0   0 | Lys AAA   3   4   3   2   3   3 | Arg AGA   0   0   0   0   0   0
Met ATG   0   0   0   0   0   0 |     ACG   0   0   0   0   0   0 |     AAG   4   3   4   6   4   4 |     AGG   2   2   2   1   1   2
--------------------------------------------------------------------------------------------------------------------------------------
Val GTT   0   1   1   1   2   1 | Ala GCT   1   1   1   1   1   1 | Asp GAT   1   1   1   1   1   1 | Gly GGT   2   2   2   2   2   2
    GTC   3   3   3   3   2   3 |     GCC   1   1   1   1   1   1 |     GAC   1   1   1   1   1   1 |     GGC   0   0   0   0   0   0
    GTA   0   0   0   0   0   0 |     GCA   0   1   0   0   1   1 | Glu GAA   2   2   2   2   2   2 |     GGA   1   1   1   1   1   1
    GTG   2   1   1   1   1   1 |     GCG   1   0   0   0   0   0 |     GAG   3   3   3   3   3   3 |     GGG   0   0   0   0   0   0
--------------------------------------------------------------------------------------------------------------------------------------

--------------------------------------------------------------------------------------------------------------------------------------
Phe TTT   1   1   2   1   2   1 | Ser TCT   0   0   0   0   0   0 | Tyr TAT   1   1   1   1   1   1 | Cys TGT   1   1   1   1   2   1
    TTC   1   1   0   1   0   1 |     TCC   3   3   3   3   2   3 |     TAC   2   2   2   2   2   2 |     TGC   5   5   5   5   4   5
Leu TTA   0   0   0   0   0   0 |     TCA   1   1   1   1   1   1 | *** TAA   0   0   0   0   0   0 | *** TGA   0   0   0   0   0   0
    TTG   2   2   2   2   2   2 |     TCG   0   0   0   0   1   0 |     TAG   0   0   0   0   0   0 | Trp TGG   0   0   0   0   0   0
--------------------------------------------------------------------------------------------------------------------------------------
Leu CTT   0   0   0   0   0   0 | Pro CCT   0   0   0   0   0   0 | His CAT   1   2   2   2   2   2 | Arg CGT   0   0   0   0   0   0
    CTC   4   4   4   4   4   4 |     CCC   0   0   0   0   0   0 |     CAC   2   1   1   1   1   1 |     CGC   0   0   0   0   0   0
    CTA   1   0   0   0   0   0 |     CCA   0   0   0   0   0   0 | Gln CAA   3   2   2   1   1   2 |     CGA   0   0   0   0   0   0
    CTG   4   5   5   5   5   5 |     CCG   0   0   0   0   0   0 |     CAG   2   3   3   4   4   3 |     CGG   1   1   1   1   1   1
--------------------------------------------------------------------------------------------------------------------------------------
Ile ATT   2   2   2   1   2   2 | Thr ACT   0   0   0   0   0   0 | Asn AAT   0   0   0   0   0   0 | Ser AGT   1   1   1   1   0   1
    ATC   2   2   2   2   2   2 |     ACC   1   1   1   1   1   1 |     AAC   2   2   2   2   2   2 |     AGC   0   0   0   0   1   0
    ATA   0   0   0   0   0   0 |     ACA   1   0   0   1   1   0 | Lys AAA   3   3   3   3   3   3 | Arg AGA   0   0   0   0   0   0
Met ATG   0   0   0   0   0   0 |     ACG   0   0   0   0   0   0 |     AAG   5   4   4   4   4   4 |     AGG   1   2   2   2   2   2
--------------------------------------------------------------------------------------------------------------------------------------
Val GTT   1   1   1   2   1   1 | Ala GCT   1   1   1   1   1   1 | Asp GAT   1   1   1   1   1   1 | Gly GGT   2   2   2   2   2   2
    GTC   3   3   3   3   3   3 |     GCC   1   1   1   1   1   1 |     GAC   1   1   1   1   1   1 |     GGC   0   0   0   0   0   0
    GTA   0   0   0   0   0   0 |     GCA   0   1   1   0   0   1 | Glu GAA   2   2   2   2   2   2 |     GGA   1   1   1   1   1   1
    GTG   1   1   1   1   1   1 |     GCG   0   0   0   0   0   0 |     GAG   3   3   3   3   3   3 |     GGG   0   0   0   0   0   0
--------------------------------------------------------------------------------------------------------------------------------------

--------------------------------------------------------------------------------------------------------------------------------------
Phe TTT   1   1   1   0   1   1 | Ser TCT   0   0   0   0   0   0 | Tyr TAT   1   1   1   1   1   1 | Cys TGT   1   1   1   1   1   1
    TTC   1   1   1   2   1   1 |     TCC   3   3   3   3   3   3 |     TAC   2   2   2   2   2   2 |     TGC   5   5   5   5   5   5
Leu TTA   0   0   0   0   0   0 |     TCA   1   1   1   0   0   1 | *** TAA   0   0   0   0   0   0 | *** TGA   0   0   0   0   0   0
    TTG   2   2   1   2   2   2 |     TCG   0   0   0   1   1   0 |     TAG   0   0   0   0   0   0 | Trp TGG   0   0   0   0   0   0
--------------------------------------------------------------------------------------------------------------------------------------
Leu CTT   0   0   0   0   0   0 | Pro CCT   0   0   0   0   0   0 | His CAT   2   2   2   2   2   2 | Arg CGT   0   0   0   0   0   0
    CTC   4   4   4   4   4   4 |     CCC   0   0   0   0   0   0 |     CAC   1   1   1   1   1   1 |     CGC   0   0   0   0   0   0
    CTA   0   0   0   0   0   0 |     CCA   0   0   0   0   0   0 | Gln CAA   2   2   2   2   1   2 |     CGA   0   0   0   0   0   0
    CTG   5   5   6   5   5   5 |     CCG   0   0   0   0   0   0 |     CAG   3   3   3   3   4   3 |     CGG   1   1   1   1   1   1
--------------------------------------------------------------------------------------------------------------------------------------
Ile ATT   2   2   2   2   1   2 | Thr ACT   0   0   0   0   0   0 | Asn AAT   0   0   0   0   0   0 | Ser AGT   1   0   1   1   1   1
    ATC   2   2   2   2   2   2 |     ACC   1   1   1   1   1   1 |     AAC   2   1   2   2   2   2 |     AGC   0   2   0   0   0   0
    ATA   0   0   0   0   0   0 |     ACA   1   1   1   0   0   0 | Lys AAA   3   2   3   3   3   3 | Arg AGA   0   0   0   0   0   0
Met ATG   0   0   0   0   0   0 |     ACG   0   0   0   0   0   0 |     AAG   4   5   3   4   4   4 |     AGG   2   2   3   2   2   2
--------------------------------------------------------------------------------------------------------------------------------------
Val GTT   1   1   1   1   3   1 | Ala GCT   1   1   1   1   1   1 | Asp GAT   1   1   1   1   1   1 | Gly GGT   2   2   2   2   2   2
    GTC   3   3   3   3   2   3 |     GCC   1   1   1   1   1   1 |     GAC   1   1   1   1   1   1 |     GGC   0   0   0   0   0   0
    GTA   0   0   0   0   0   0 |     GCA   0   0   0   1   1   1 | Glu GAA   2   2   2   2   1   2 |     GGA   1   1   1   1   1   1
    GTG   1   1   1   1   1   1 |     GCG   0   0   0   0   0   0 |     GAG   3   3   3   3   4   3 |     GGG   0   0   0   0   0   0
--------------------------------------------------------------------------------------------------------------------------------------

--------------------------------------------------------------------------------------------------------------------------------------
Phe TTT   1   1   2   1   1   1 | Ser TCT   0   0   0   0   0   0 | Tyr TAT   1   1   1   1   1   0 | Cys TGT   1   1   1   1   1   1
    TTC   1   1   0   1   1   1 |     TCC   3   3   3   3   3   3 |     TAC   2   2   2   2   2   3 |     TGC   5   5   5   5   5   5
Leu TTA   0   0   0   0   0   0 |     TCA   1   1   1   1   1   1 | *** TAA   0   0   0   0   0   0 | *** TGA   0   0   0   0   0   0
    TTG   2   2   2   2   2   2 |     TCG   0   0   0   0   0   0 |     TAG   0   0   0   0   0   0 | Trp TGG   0   0   0   0   0   0
--------------------------------------------------------------------------------------------------------------------------------------
Leu CTT   0   0   0   0   0   0 | Pro CCT   0   0   0   0   0   0 | His CAT   2   2   2   2   2   2 | Arg CGT   0   0   0   0   0   0
    CTC   4   4   4   4   4   4 |     CCC   0   0   0   0   0   0 |     CAC   1   1   1   1   1   1 |     CGC   0   0   0   0   0   0
    CTA   0   1   0   0   0   0 |     CCA   0   0   0   0   0   0 | Gln CAA   2   3   2   2   2   2 |     CGA   0   0   0   0   0   0
    CTG   5   4   5   5   5   5 |     CCG   0   0   0   0   0   0 |     CAG   3   2   3   3   3   3 |     CGG   1   1   1   1   1   1
--------------------------------------------------------------------------------------------------------------------------------------
Ile ATT   2   3   2   2   2   2 | Thr ACT   0   0   0   0   0   0 | Asn AAT   0   0   0   0   0   0 | Ser AGT   1   1   1   1   0   1
    ATC   2   1   2   2   2   2 |     ACC   1   1   1   1   1   1 |     AAC   2   2   2   2   1   2 |     AGC   0   0   0   0   2   0
    ATA   0   0   0   0   0   0 |     ACA   0   1   0   0   1   0 | Lys AAA   3   2   3   4   2   3 | Arg AGA   0   0   0   0   0   0
Met ATG   0   0   0   0   0   0 |     ACG   0   0   0   0   0   0 |     AAG   4   6   4   3   5   4 |     AGG   2   1   2   2   2   2
--------------------------------------------------------------------------------------------------------------------------------------
Val GTT   0   1   1   1   1   1 | Ala GCT   1   1   1   1   1   1 | Asp GAT   1   1   1   1   1   1 | Gly GGT   2   2   2   2   2   2
    GTC   3   3   3   3   3   3 |     GCC   1   1   1   1   1   1 |     GAC   1   1   1   1   1   1 |     GGC   0   0   0   0   0   0
    GTA   0   0   0   0   0   0 |     GCA   0   0   1   1   0   1 | Glu GAA   2   2   2   2   2   2 |     GGA   1   1   1   1   1   1
    GTG   2   1   1   1   1   1 |     GCG   1   0   0   0   0   0 |     GAG   3   3   3   3   3   3 |     GGG   0   0   0   0   0   0
--------------------------------------------------------------------------------------------------------------------------------------

--------------------------------------------------------------------------------------------------------------------------------------
Phe TTT   1   1   2   1   1   1 | Ser TCT   0   0   0   0   0   0 | Tyr TAT   1   1   2   1   1   1 | Cys TGT   1   1   1   2   1   1
    TTC   1   1   0   1   1   1 |     TCC   3   3   3   3   3   3 |     TAC   2   2   1   2   2   2 |     TGC   5   5   5   4   5   5
Leu TTA   0   0   0   0   0   0 |     TCA   1   1   1   1   1   1 | *** TAA   0   0   0   0   0   0 | *** TGA   0   0   0   0   0   0
    TTG   2   2   2   2   2   2 |     TCG   0   0   0   0   0   0 |     TAG   0   0   0   0   0   0 | Trp TGG   0   0   0   0   0   0
--------------------------------------------------------------------------------------------------------------------------------------
Leu CTT   0   0   0   0   0   0 | Pro CCT   0   0   0   0   0   0 | His CAT   2   1   2   2   2   2 | Arg CGT   0   0   0   0   0   0
    CTC   4   4   4   4   4   4 |     CCC   0   0   0   0   0   0 |     CAC   1   1   1   1   1   1 |     CGC   0   0   0   0   0   0
    CTA   0   0   0   1   1   0 |     CCA   0   0   0   0   0   0 | Gln CAA   2   2   2   1   2   2 |     CGA   0   0   0   0   0   0
    CTG   5   5   5   4   4   5 |     CCG   0   0   0   0   0   0 |     CAG   3   3   3   4   3   3 |     CGG   1   1   1   1   1   1
--------------------------------------------------------------------------------------------------------------------------------------
Ile ATT   2   2   2   2   2   2 | Thr ACT   0   0   0   0   0   0 | Asn AAT   0   2   0   0   0   0 | Ser AGT   1   1   1   1   1   1
    ATC   2   2   2   2   2   2 |     ACC   1   1   1   1   1   1 |     AAC   2   1   2   2   2   2 |     AGC   0   0   0   0   0   0
    ATA   0   0   0   0   0   0 |     ACA   1   1   1   1   0   0 | Lys AAA   3   3   3   3   3   3 | Arg AGA   1   0   0   0   0   0
Met ATG   0   0   0   0   0   0 |     ACG   0   0   0   0   0   0 |     AAG   5   4   5   4   4   4 |     AGG   0   2   1   2   2   2
--------------------------------------------------------------------------------------------------------------------------------------
Val GTT   1   1   2   1   1   1 | Ala GCT   1   1   1   1   1   1 | Asp GAT   1   1   1   1   1   1 | Gly GGT   2   2   2   2   2   2
    GTC   3   3   2   3   3   3 |     GCC   1   1   1   1   1   1 |     GAC   1   1   1   1   1   1 |     GGC   0   0   0   0   0   0
    GTA   0   0   0   0   0   0 |     GCA   0   0   0   0   1   1 | Glu GAA   2   2   2   2   2   2 |     GGA   1   1   1   1   1   1
    GTG   1   1   1   1   1   1 |     GCG   0   0   0   0   0   0 |     GAG   3   3   3   3   3   3 |     GGG   0   0   0   0   0   0
--------------------------------------------------------------------------------------------------------------------------------------

Codon position x base (3x4) table for each sequence.

#1: Argali         
position  1:    T:0.24286    C:0.25714    A:0.25714    G:0.24286
position  2:    T:0.31429    C:0.11429    A:0.38571    G:0.18571
position  3:    T:0.18571    C:0.37143    A:0.14286    G:0.30000
Average         T:0.24762    C:0.24762    A:0.26190    G:0.24286

#2: LesserMouseDeer
position  1:    T:0.21429    C:0.25714    A:0.27143    G:0.25714
position  2:    T:0.30000    C:0.12857    A:0.38571    G:0.18571
position  3:    T:0.18571    C:0.41429    A:0.11429    G:0.28571
Average         T:0.23333    C:0.26667    A:0.25714    G:0.24286

#3: LesserKudu     
position  1:    T:0.24286    C:0.25714    A:0.24286    G:0.25714
position  2:    T:0.31429    C:0.11429    A:0.38571    G:0.18571
position  3:    T:0.18571    C:0.37143    A:0.14286    G:0.30000
Average         T:0.24762    C:0.24762    A:0.25714    G:0.24762

#4: ForestMuskDeer2
position  1:    T:0.24286    C:0.25714    A:0.25714    G:0.24286
position  2:    T:0.31429    C:0.11429    A:0.38571    G:0.18571
position  3:    T:0.20000    C:0.35714    A:0.14286    G:0.30000
Average         T:0.25238    C:0.24286    A:0.26190    G:0.24286

#5: Camel          
position  1:    T:0.21429    C:0.27143    A:0.28571    G:0.22857
position  2:    T:0.31429    C:0.10000    A:0.37143    G:0.21429
position  3:    T:0.20000    C:0.35714    A:0.12857    G:0.31429
Average         T:0.24286    C:0.24286    A:0.26190    G:0.25238

#6: KillerWhale    
position  1:    T:0.24286    C:0.27143    A:0.27143    G:0.21429
position  2:    T:0.31429    C:0.11429    A:0.37143    G:0.20000
position  3:    T:0.24286    C:0.30000    A:0.14286    G:0.31429
Average         T:0.26667    C:0.22857    A:0.26190    G:0.24286

#7: DefassaWaterbuck
position  1:    T:0.24286    C:0.25714    A:0.24286    G:0.25714
position  2:    T:0.31429    C:0.11429    A:0.38571    G:0.18571
position  3:    T:0.18571    C:0.37143    A:0.12857    G:0.31429
Average         T:0.24762    C:0.24762    A:0.25238    G:0.25238

#8: Sheep          
position  1:    T:0.24286    C:0.25714    A:0.25714    G:0.24286
position  2:    T:0.31429    C:0.11429    A:0.38571    G:0.18571
position  3:    T:0.18571    C:0.37143    A:0.14286    G:0.30000
Average         T:0.24762    C:0.24762    A:0.26190    G:0.24286

#9: MaxwellsDuiker 
position  1:    T:0.24286    C:0.25714    A:0.25714    G:0.24286
position  2:    T:0.31429    C:0.11429    A:0.38571    G:0.18571
position  3:    T:0.18571    C:0.37143    A:0.14286    G:0.30000
Average         T:0.24762    C:0.24762    A:0.26190    G:0.24286

#10: GazellaPrzewalskyi
position  1:    T:0.24286    C:0.25714    A:0.25714    G:0.24286
position  2:    T:0.31429    C:0.11429    A:0.40000    G:0.17143
position  3:    T:0.18571    C:0.37143    A:0.15714    G:0.28571
Average         T:0.24762    C:0.24762    A:0.27143    G:0.23333

#11: MountainNyala  
position  1:    T:0.24286    C:0.25714    A:0.24286    G:0.25714
position  2:    T:0.31429    C:0.11429    A:0.38571    G:0.18571
position  3:    T:0.18571    C:0.37143    A:0.14286    G:0.30000
Average         T:0.24762    C:0.24762    A:0.25714    G:0.24762

#12: MuntiacusMuntjak
position  1:    T:0.24286    C:0.25714    A:0.24286    G:0.25714
position  2:    T:0.31429    C:0.11429    A:0.38571    G:0.18571
position  3:    T:0.15714    C:0.37143    A:0.14286    G:0.32857
Average         T:0.23810    C:0.24762    A:0.25714    G:0.25714

#13: goat           
position  1:    T:0.24286    C:0.25714    A:0.25714    G:0.24286
position  2:    T:0.31429    C:0.11429    A:0.38571    G:0.18571
position  3:    T:0.18571    C:0.37143    A:0.14286    G:0.30000
Average         T:0.24762    C:0.24762    A:0.26190    G:0.24286

#14: AfricanBuffalo 
position  1:    T:0.24286    C:0.25714    A:0.25714    G:0.24286
position  2:    T:0.31429    C:0.11429    A:0.38571    G:0.18571
position  3:    T:0.18571    C:0.37143    A:0.14286    G:0.30000
Average         T:0.24762    C:0.24762    A:0.26190    G:0.24286

#15: Topi           
position  1:    T:0.24286    C:0.25714    A:0.24286    G:0.25714
position  2:    T:0.31429    C:0.11429    A:0.38571    G:0.18571
position  3:    T:0.18571    C:0.38571    A:0.12857    G:0.30000
Average         T:0.24762    C:0.25238    A:0.25238    G:0.24762

#16: CommonDuiker   
position  1:    T:0.24286    C:0.25714    A:0.25714    G:0.24286
position  2:    T:0.31429    C:0.11429    A:0.38571    G:0.18571
position  3:    T:0.18571    C:0.37143    A:0.15714    G:0.28571
Average         T:0.24762    C:0.24762    A:0.26667    G:0.23810

#17: Suni           
position  1:    T:0.24286    C:0.25714    A:0.25714    G:0.24286
position  2:    T:0.31429    C:0.11429    A:0.38571    G:0.18571
position  3:    T:0.17143    C:0.38571    A:0.14286    G:0.30000
Average         T:0.24286    C:0.25238    A:0.26190    G:0.24286

#18: Springbuck     
position  1:    T:0.24286    C:0.25714    A:0.25714    G:0.24286
position  2:    T:0.31429    C:0.11429    A:0.40000    G:0.17143
position  3:    T:0.20000    C:0.35714    A:0.15714    G:0.28571
Average         T:0.25238    C:0.24286    A:0.27143    G:0.23333

#19: Okapi          
position  1:    T:0.25714    C:0.25714    A:0.24286    G:0.24286
position  2:    T:0.31429    C:0.11429    A:0.38571    G:0.18571
position  3:    T:0.17143    C:0.37143    A:0.14286    G:0.31429
Average         T:0.24762    C:0.24762    A:0.25714    G:0.24762

#20: Giraffe        
position  1:    T:0.27143    C:0.24286    A:0.24286    G:0.24286
position  2:    T:0.31429    C:0.11429    A:0.38571    G:0.18571
position  3:    T:0.20000    C:0.34286    A:0.14286    G:0.31429
Average         T:0.26190    C:0.23333    A:0.25714    G:0.24762

#21: TibetanAntelope
position  1:    T:0.24286    C:0.25714    A:0.25714    G:0.24286
position  2:    T:0.31429    C:0.11429    A:0.38571    G:0.18571
position  3:    T:0.20000    C:0.35714    A:0.14286    G:0.30000
Average         T:0.25238    C:0.24286    A:0.26190    G:0.24286

#22: Sitatunga      
position  1:    T:0.24286    C:0.25714    A:0.24286    G:0.25714
position  2:    T:0.31429    C:0.11429    A:0.38571    G:0.18571
position  3:    T:0.18571    C:0.37143    A:0.14286    G:0.30000
Average         T:0.24762    C:0.24762    A:0.25714    G:0.24762

#23: Oribi          
position  1:    T:0.24286    C:0.25714    A:0.25714    G:0.24286
position  2:    T:0.31429    C:0.11429    A:0.40000    G:0.17143
position  3:    T:0.20000    C:0.37143    A:0.11429    G:0.31429
Average         T:0.25238    C:0.24762    A:0.25714    G:0.24286

#24: BarbarySheep   
position  1:    T:0.24286    C:0.25714    A:0.25714    G:0.24286
position  2:    T:0.31429    C:0.11429    A:0.38571    G:0.18571
position  3:    T:0.18571    C:0.37143    A:0.14286    G:0.30000
Average         T:0.24762    C:0.24762    A:0.26190    G:0.24286

#25: Daviddeer      
position  1:    T:0.24286    C:0.25714    A:0.24286    G:0.25714
position  2:    T:0.31429    C:0.11429    A:0.38571    G:0.18571
position  3:    T:0.17143    C:0.37143    A:0.12857    G:0.32857
Average         T:0.24286    C:0.24762    A:0.25238    G:0.25714

#26: Reindeer       
position  1:    T:0.24286    C:0.25714    A:0.24286    G:0.25714
position  2:    T:0.31429    C:0.11429    A:0.38571    G:0.18571
position  3:    T:0.18571    C:0.37143    A:0.15714    G:0.28571
Average         T:0.24762    C:0.24762    A:0.26190    G:0.24286

#27: Ibex           
position  1:    T:0.24286    C:0.25714    A:0.25714    G:0.24286
position  2:    T:0.31429    C:0.11429    A:0.38571    G:0.18571
position  3:    T:0.18571    C:0.37143    A:0.14286    G:0.30000
Average         T:0.24762    C:0.24762    A:0.26190    G:0.24286

#28: GyrantGazelle  
position  1:    T:0.24286    C:0.25714    A:0.25714    G:0.24286
position  2:    T:0.31429    C:0.11429    A:0.40000    G:0.17143
position  3:    T:0.21429    C:0.34286    A:0.15714    G:0.28571
Average         T:0.25714    C:0.23810    A:0.27143    G:0.23333

#29: Hartebeest     
position  1:    T:0.24286    C:0.27143    A:0.22857    G:0.25714
position  2:    T:0.31429    C:0.11429    A:0.38571    G:0.18571
position  3:    T:0.20000    C:0.35714    A:0.14286    G:0.30000
Average         T:0.25238    C:0.24762    A:0.25238    G:0.24762

#30: Bongo          
position  1:    T:0.24286    C:0.25714    A:0.24286    G:0.25714
position  2:    T:0.31429    C:0.11429    A:0.38571    G:0.18571
position  3:    T:0.18571    C:0.37143    A:0.14286    G:0.30000
Average         T:0.24762    C:0.24762    A:0.25714    G:0.24762

#31: Gerenuk        
position  1:    T:0.24286    C:0.25714    A:0.25714    G:0.24286
position  2:    T:0.31429    C:0.11429    A:0.40000    G:0.17143
position  3:    T:0.17143    C:0.38571    A:0.17143    G:0.27143
Average         T:0.24286    C:0.25238    A:0.27619    G:0.22857

#32: CommonEland    
position  1:    T:0.24286    C:0.25714    A:0.24286    G:0.25714
position  2:    T:0.31429    C:0.11429    A:0.38571    G:0.18571
position  3:    T:0.18571    C:0.37143    A:0.14286    G:0.30000
Average         T:0.24762    C:0.24762    A:0.25714    G:0.24762

#33: MuntiacusReevesi
position  1:    T:0.24286    C:0.25714    A:0.24286    G:0.25714
position  2:    T:0.31429    C:0.11429    A:0.38571    G:0.18571
position  3:    T:0.20000    C:0.35714    A:0.14286    G:0.30000
Average         T:0.25238    C:0.24286    A:0.25714    G:0.24762

#34: HarveysDuiker  
position  1:    T:0.24286    C:0.25714    A:0.24286    G:0.25714
position  2:    T:0.31429    C:0.11429    A:0.38571    G:0.18571
position  3:    T:0.18571    C:0.37143    A:0.12857    G:0.31429
Average         T:0.24762    C:0.24762    A:0.25238    G:0.25238

#35: Pronghorn      
position  1:    T:0.24286    C:0.25714    A:0.25714    G:0.24286
position  2:    T:0.31429    C:0.11429    A:0.38571    G:0.18571
position  3:    T:0.20000    C:0.34286    A:0.12857    G:0.32857
Average         T:0.25238    C:0.23810    A:0.25714    G:0.25238

#36: BlueWildebeest 
position  1:    T:0.24286    C:0.25714    A:0.24286    G:0.25714
position  2:    T:0.31429    C:0.11429    A:0.38571    G:0.18571
position  3:    T:0.18571    C:0.37143    A:0.14286    G:0.30000
Average         T:0.24762    C:0.24762    A:0.25714    G:0.24762

#37: Gemsbok        
position  1:    T:0.24286    C:0.25714    A:0.25714    G:0.24286
position  2:    T:0.31429    C:0.11429    A:0.38571    G:0.18571
position  3:    T:0.18571    C:0.37143    A:0.14286    G:0.30000
Average         T:0.24762    C:0.24762    A:0.26190    G:0.24286

#38: Yak            
position  1:    T:0.24286    C:0.25714    A:0.25714    G:0.24286
position  2:    T:0.31429    C:0.11429    A:0.37143    G:0.20000
position  3:    T:0.17143    C:0.38571    A:0.12857    G:0.31429
Average         T:0.24286    C:0.25238    A:0.25238    G:0.25238

#39: BlueSheep      
position  1:    T:0.22857    C:0.27143    A:0.25714    G:0.24286
position  2:    T:0.31429    C:0.11429    A:0.37143    G:0.20000
position  3:    T:0.18571    C:0.37143    A:0.14286    G:0.30000
Average         T:0.24286    C:0.25238    A:0.25714    G:0.24762

#40: BohorReedbuck  
position  1:    T:0.24286    C:0.25714    A:0.24286    G:0.25714
position  2:    T:0.31429    C:0.11429    A:0.38571    G:0.18571
position  3:    T:0.17143    C:0.38571    A:0.12857    G:0.31429
Average         T:0.24286    C:0.25238    A:0.25238    G:0.25238

#41: KirksDik       
position  1:    T:0.24286    C:0.25714    A:0.22857    G:0.27143
position  2:    T:0.31429    C:0.11429    A:0.38571    G:0.18571
position  3:    T:0.20000    C:0.35714    A:0.10000    G:0.34286
Average         T:0.25238    C:0.24286    A:0.23810    G:0.26667

#42: RoeDeer        
position  1:    T:0.24286    C:0.25714    A:0.24286    G:0.25714
position  2:    T:0.31429    C:0.11429    A:0.38571    G:0.18571
position  3:    T:0.18571    C:0.37143    A:0.14286    G:0.30000
Average         T:0.24762    C:0.24762    A:0.25714    G:0.24762

#43: WhiteLippedDeer
position  1:    T:0.24286    C:0.25714    A:0.24286    G:0.25714
position  2:    T:0.31429    C:0.11429    A:0.38571    G:0.18571
position  3:    T:0.17143    C:0.37143    A:0.12857    G:0.32857
Average         T:0.24286    C:0.24762    A:0.25238    G:0.25714

#44: ThomsonGazelle 
position  1:    T:0.24286    C:0.25714    A:0.25714    G:0.24286
position  2:    T:0.31429    C:0.11429    A:0.40000    G:0.17143
position  3:    T:0.20000    C:0.35714    A:0.15714    G:0.28571
Average         T:0.25238    C:0.24286    A:0.27143    G:0.23333

#45: MuntiacusCrinifrons
position  1:    T:0.24286    C:0.25714    A:0.24286    G:0.25714
position  2:    T:0.31429    C:0.11429    A:0.38571    G:0.18571
position  3:    T:0.20000    C:0.35714    A:0.14286    G:0.30000
Average         T:0.25238    C:0.24286    A:0.25714    G:0.24762

#46: WhiteTailedDeer
position  1:    T:0.24286    C:0.25714    A:0.24286    G:0.25714
position  2:    T:0.31429    C:0.11429    A:0.38571    G:0.18571
position  3:    T:0.18571    C:0.37143    A:0.15714    G:0.28571
Average         T:0.24762    C:0.24762    A:0.26190    G:0.24286

#47: Cattle         
position  1:    T:0.24286    C:0.25714    A:0.25714    G:0.24286
position  2:    T:0.31429    C:0.11429    A:0.37143    G:0.20000
position  3:    T:0.17143    C:0.38571    A:0.12857    G:0.31429
Average         T:0.24286    C:0.25238    A:0.25238    G:0.25238

#48: RoyalAntelope  
position  1:    T:0.24286    C:0.25714    A:0.24286    G:0.25714
position  2:    T:0.31429    C:0.11429    A:0.38571    G:0.18571
position  3:    T:0.17143    C:0.38571    A:0.14286    G:0.30000
Average         T:0.24286    C:0.25238    A:0.25714    G:0.24762

#49: Steenbok       
position  1:    T:0.24286    C:0.25714    A:0.25714    G:0.24286
position  2:    T:0.31429    C:0.11429    A:0.40000    G:0.17143
position  3:    T:0.18571    C:0.37143    A:0.15714    G:0.28571
Average         T:0.24762    C:0.24762    A:0.27143    G:0.23333

#50: Impala         
position  1:    T:0.24286    C:0.24286    A:0.27143    G:0.24286
position  2:    T:0.31429    C:0.11429    A:0.38571    G:0.18571
position  3:    T:0.20000    C:0.35714    A:0.14286    G:0.30000
Average         T:0.25238    C:0.23810    A:0.26667    G:0.24286

#51: Klipspringer   
position  1:    T:0.24286    C:0.25714    A:0.25714    G:0.24286
position  2:    T:0.31429    C:0.11429    A:0.40000    G:0.17143
