1
52 1
Argali 0.000000 0.130000 0.062100 0.205500 0.030600 0.000000 0.062300 0.062100 0.079000 0.077000 0.000100 0.030500 0.030900 0.030700 0.046300 0.046300 0.046200 0.078800 0.015500 0.095800 0.046300 0.030600 0.129300 0.077400 0.000100 0.062800 0.047300 0.079000 0.046300 0.079000 0.127000 0.030600 0.062100 0.015200 0.030600 0.030500 0.015200 0.046500 0.112500 0.078300 0.129300 0.030500 0.127300 0.111300 0.046400 0.046300 0.046300 0.062900 0.030600 0.062100 0.062400 0.078900
LesserMous 0.130000 0.000000 0.164700 0.201300 0.130000 0.130000 0.165200 0.165300 0.184800 0.197200 0.129700 0.129500 0.166800 0.130100 0.147400 0.147400 0.128700 0.164700 0.114800 0.204000 0.147700 0.165700 0.259400 0.197700 0.129700 0.166900 0.187800 0.184800 0.147400 0.184800 0.179400 0.130000 0.146000 0.148100 0.165400 0.129500 0.148500 0.148100 0.182700 0.200400 0.259400 0.129200 0.255200 0.238100 0.147700 0.147400 0.147700 0.131200 0.130000 0.164900 0.165800 0.184900
LesserKudu 0.062100 0.164700 0.000000 0.203800 0.062100 0.062100 0.046000 0.061600 0.014900 0.142200 0.061900 0.061700 0.062500 0.030500 0.045900 0.045900 0.077900 0.078200 0.080000 0.030100 0.046000 0.094900 0.162500 0.109000 0.061900 0.062400 0.079900 0.014900 0.045900 0.014900 0.159500 0.030500 0.077800 0.046300 0.061900 0.061700 0.078700 0.046200 0.111500 0.110300 0.162500 0.061700 0.160000 0.144400 0.078200 0.045900 0.046000 0.062600 0.030500 0.061600 0.030000 0.014900
KillerWhal 0.205500 0.201300 0.203800 0.000000 0.205400 0.205500 0.166500 0.166500 0.186800 0.217200 0.204900 0.166900 0.206600 0.167300 0.148700 0.185200 0.147400 0.147600 0.203700 0.206200 0.185700 0.205600 0.240500 0.180300 0.204900 0.206500 0.208700 0.186800 0.185200 0.186800 0.197900 0.167200 0.165100 0.186500 0.204400 0.166900 0.226400 0.186400 0.242400 0.182600 0.240500 0.204100 0.236500 0.181300 0.186500 0.185200 0.185700 0.167700 0.167200 0.166400 0.205800 0.186700
DefassaWat 0.030600 0.130000 0.062100 0.205400 0.000000 0.030600 0.061600 0.062000 0.078700 0.109800 0.030600 0.030400 0.062800 0.030700 0.043500 0.046200 0.046200 0.078900 0.047400 0.095600 0.046300 0.062400 0.164300 0.110300 0.030600 0.062600 0.080200 0.078700 0.045800 0.078700 0.161700 0.030600 0.062100 0.046500 0.062200 0.030400 0.046600 0.015200 0.112200 0.111600 0.164300 0.030400 0.162500 0.145800 0.043300 0.046200 0.046300 0.063000 0.029400 0.061900 0.062200 0.078900
Sheep 0.000000 0.130000 0.062100 0.205500 0.030600 0.000000 0.062300 0.062100 0.079000 0.077000 0.000100 0.030500 0.030900 0.030700 0.046300 0.046300 0.046200 0.078800 0.015500 0.095800 0.046300 0.030600 0.129300 0.077400 0.000100 0.062800 0.047300 0.079000 0.046300 0.079000 0.127000 0.030600 0.062100 0.015200 0.030600 0.030500 0.015200 0.046500 0.112500 0.078300 0.129300 0.030500 0.127300 0.111300 0.046400 0.046300 0.046300 0.062900 0.030600 0.062100 0.062400 0.078900
MaxwellsDu 0.062300 0.165200 0.046000 0.166500 0.061600 0.062300 0.000000 0.061600 0.062100 0.143300 0.062100 0.061700 0.062600 0.030600 0.045900 0.045900 0.078200 0.078300 0.080200 0.078500 0.046000 0.095100 0.163800 0.109600 0.062100 0.062400 0.080000 0.062100 0.045900 0.062100 0.160600 0.030400 0.061900 0.046300 0.062100 0.061700 0.078900 0.046100 0.111500 0.110900 0.163800 0.061700 0.160800 0.145200 0.078200 0.045900 0.046000 0.062600 0.029800 0.061600 0.078300 0.062300
GazellaPrz 0.062100 0.165300 0.061600 0.166500 0.062000 0.062100 0.061600 0.000000 0.078100 0.143800 0.062000 0.061700 0.062300 0.030500 0.015000 0.045800 0.078200 0.078300 0.080000 0.094900 0.045900 0.062100 0.128500 0.109700 0.062000 0.062100 0.079500 0.078100 0.045800 0.078100 0.160900 0.030400 0.094600 0.046200 0.061800 0.061700 0.078800 0.046100 0.111500 0.111000 0.128500 0.061600 0.161500 0.145000 0.078200 0.045800 0.045900 0.062500 0.030400 0.061500 0.094600 0.078300
MountainNy 0.079000 0.184800 0.014900 0.186800 0.078700 0.079000 0.062100 0.078100 0.000000 0.126800 0.078800 0.046200 0.079400 0.046500 0.062100 0.062100 0.062400 0.062600 0.097700 0.014800 0.062200 0.112700 0.146600 0.093600 0.078800 0.079800 0.097500 0.000000 0.062100 0.000000 0.143900 0.046300 0.062300 0.062700 0.078700 0.046200 0.096100 0.062500 0.129500 0.094700 0.146600 0.078200 0.144300 0.128500 0.062400 0.062100 0.062200 0.079600 0.046300 0.046100 0.014600 0.000100
MuntiacusM 0.077000 0.197200 0.142200 0.217200 0.109800 0.077000 0.143300 0.143800 0.126800 0.000000 0.076800 0.076900 0.110100 0.109700 0.126400 0.093200 0.060500 0.092500 0.095200 0.144300 0.126700 0.109800 0.076600 0.029300 0.076800 0.144500 0.128500 0.126800 0.093200 0.126800 0.044400 0.109500 0.076100 0.093400 0.109500 0.076900 0.093700 0.126800 0.142400 0.029700 0.076600 0.109200 0.044400 0.060100 0.093500 0.126400 0.126700 0.144400 0.109500 0.109400 0.109800 0.126800
goat 0.000100 0.129700 0.061900 0.204900 0.030600 0.000100 0.062100 0.062000 0.078800 0.076800 0.000000 0.030400 0.030800 0.030600 0.046100 0.046100 0.046100 0.078600 0.015500 0.095600 0.046200 0.029200 0.128900 0.077100 0.000000 0.062600 0.047100 0.078800 0.046100 0.078800 0.126600 0.030600 0.061900 0.015200 0.030500 0.030400 0.015200 0.046400 0.112200 0.078100 0.128900 0.030400 0.126900 0.111000 0.046200 0.046100 0.046200 0.062800 0.030600 0.061900 0.062200 0.078700
AfricanBuf 0.030500 0.129500 0.061700 0.166900 0.030400 0.030500 0.061700 0.061700 0.046200 0.076900 0.030400 0.000000 0.062500 0.030500 0.045900 0.045900 0.015100 0.046300 0.047100 0.062300 0.046000 0.062000 0.128700 0.077100 0.030400 0.062200 0.079700 0.046200 0.045900 0.046200 0.126600 0.029000 0.030400 0.046300 0.061900 0.000000 0.046400 0.046200 0.111700 0.078000 0.128700 0.030200 0.127000 0.110800 0.015100 0.045900 0.046000 0.062600 0.029500 0.030300 0.030400 0.046300
Topi 0.030900 0.166800 0.062500 0.206600 0.062800 0.030900 0.062600 0.062300 0.079400 0.110100 0.030800 0.062500 0.000000 0.030900 0.046500 0.046400 0.078900 0.079200 0.047700 0.096400 0.046600 0.062800 0.129300 0.077500 0.030800 0.046900 0.015500 0.079400 0.046400 0.079400 0.127100 0.030800 0.095600 0.015300 0.030800 0.062500 0.047000 0.046800 0.113000 0.078400 0.129300 0.062400 0.127300 0.111600 0.079200 0.046400 0.046600 0.063400 0.030800 0.062300 0.096100 0.079400
CommonDuik 0.030700 0.130100 0.030500 0.167300 0.030700 0.030700 0.030600 0.030500 0.046500 0.109700 0.030600 0.030500 0.030900 0.000000 0.015100 0.015100 0.046200 0.046400 0.047400 0.062700 0.015200 0.062500 0.128700 0.077100 0.030600 0.030800 0.047300 0.046500 0.015100 0.046500 0.126400 0.000100 0.062100 0.015200 0.030600 0.030500 0.046700 0.015200 0.078800 0.078000 0.128700 0.030500 0.126900 0.111000 0.046400 0.015100 0.015200 0.030800 0.000100 0.030500 0.062500 0.046500
Suni 0.046300 0.147400 0.045900 0.148700 0.043500 0.046300 0.045900 0.015000 0.062100 0.126400 0.046100 0.045900 0.046500 0.015100 0.000000 0.030400 0.062100 0.062200 0.063600 0.078500 0.028900 0.046300 0.145800 0.093200 0.046100 0.046200 0.063200 0.062100 0.030400 0.062100 0.143400 0.015100 0.078200 0.030600 0.046100 0.045900 0.062600 0.030500 0.094800 0.094300 0.145800 0.045900 0.143900 0.127700 0.062100 0.030200 0.030000 0.046600 0.014700 0.045800 0.078300 0.062300
Springbuck 0.046300 0.147400 0.045900 0.185200 0.046200 0.046300 0.045900 0.045800 0.062100 0.093200 0.046100 0.045900 0.046400 0.015100 0.030400 0.000000 0.062100 0.062200 0.063500 0.078500 0.029100 0.078500 0.111400 0.061100 0.046100 0.046300 0.063200 0.062100 0.000000 0.062100 0.109500 0.014700 0.078200 0.030600 0.046000 0.045900 0.062500 0.030500 0.094700 0.061800 0.111400 0.045800 0.109900 0.094000 0.062000 0.030300 0.029500 0.046600 0.015100 0.045800 0.078300 0.062200
Okapi 0.046200 0.128700 0.077900 0.147400 0.046200 0.046200 0.078200 0.078200 0.062400 0.060500 0.046100 0.015100 0.078900 0.046200 0.062100 0.062100 0.000000 0.029600 0.063600 0.078900 0.062200 0.078400 0.110800 0.060700 0.046100 0.078900 0.096700 0.062400 0.062100 0.062400 0.108800 0.046200 0.014900 0.062400 0.078300 0.015100 0.062500 0.062400 0.111200 0.061400 0.110800 0.045900 0.109200 0.093400 0.030600 0.062100 0.062200 0.079000 0.046200 0.046000 0.046300 0.062400
Giraffe 0.078800 0.164700 0.078200 0.147600 0.078900 0.078800 0.078300 0.078300 0.062600 0.092500 0.078600 0.046300 0.079200 0.046400 0.062200 0.062200 0.029600 0.000000 0.097600 0.079100 0.062300 0.112400 0.110600 0.060700 0.078600 0.079100 0.097000 0.062600 0.062200 0.062600 0.108700 0.046300 0.045800 0.062500 0.078400 0.046300 0.095900 0.062600 0.111400 0.061400 0.110600 0.078300 0.109200 0.093400 0.062500 0.062200 0.062300 0.079300 0.046300 0.046100 0.078900 0.062500
TibetanAnt 0.015500 0.114800 0.080000 0.203700 0.047400 0.015500 0.080200 0.080000 0.097700 0.095200 0.015500 0.047100 0.047700 0.047400 0.063600 0.063500 0.063600 0.097600 0.000000 0.115300 0.063700 0.047400 0.150100 0.095600 0.015500 0.080900 0.065000 0.097700 0.063500 0.097700 0.112200 0.047400 0.080100 0.031400 0.047300 0.047100 0.031500 0.063900 0.132700 0.096900 0.150100 0.047100 0.147600 0.131200 0.063700 0.063500 0.063700 0.081000 0.047400 0.080000 0.080400 0.097700
Sitatunga 0.095800 0.204000 0.030100 0.206200 0.095600 0.095800 0.078500 0.094900 0.014800 0.144300 0.095600 0.062300 0.096400 0.062700 0.078500 0.078500 0.078900 0.079100 0.115300 0.000000 0.078700 0.130300 0.164600 0.110400 0.095600 0.096000 0.115000 0.014800 0.078500 0.015000 0.161800 0.062400 0.078800 0.079200 0.095400 0.062300 0.113500 0.079100 0.147400 0.111700 0.164600 0.094900 0.162400 0.146100 0.078900 0.078500 0.078700 0.096700 0.062400 0.062100 0.029600 0.015100
Oribi 0.046300 0.147700 0.046000 0.185700 0.046300 0.046300 0.046000 0.045900 0.062200 0.126700 0.046200 0.046000 0.046600 0.015200 0.028900 0.029100 0.062200 0.062300 0.063700 0.078700 0.000000 0.078600 0.146100 0.093300 0.046200 0.046400 0.063400 0.062200 0.029700 0.062200 0.143600 0.014700 0.078300 0.030700 0.046100 0.043500 0.062700 0.030600 0.094900 0.094400 0.146100 0.045900 0.144200 0.127900 0.062200 0.029600 0.000000 0.046700 0.015100 0.045900 0.078400 0.062400
BarbaryShe 0.030600 0.165700 0.094900 0.205600 0.062400 0.030600 0.095100 0.062100 0.112700 0.109800 0.029200 0.062000 0.062800 0.062500 0.046300 0.078500 0.078400 0.112400 0.047400 0.130300 0.078600 0.000000 0.164700 0.110200 0.030500 0.096000 0.080200 0.112700 0.078500 0.112700 0.161800 0.062400 0.094800 0.046500 0.062300 0.062000 0.046600 0.078900 0.147500 0.111600 0.164700 0.062000 0.162200 0.145900 0.078600 0.078500 0.078600 0.096200 0.062400 0.094800 0.095300 0.112600
Daviddeer 0.129300 0.259400 0.162500 0.240500 0.164300 0.129300 0.163800 0.128500 0.146600 0.076600 0.128900 0.128700 0.129300 0.128700 0.145800 0.111400 0.110800 0.110600 0.150100 0.164600 0.146100 0.164700 0.000000 0.045100 0.128900 0.165100 0.148700 0.146600 0.111400 0.146600 0.092500 0.128400 0.127900 0.111800 0.128700 0.128700 0.147600 0.146200 0.162300 0.045200 0.000000 0.163700 0.092500 0.077000 0.110000 0.145800 0.146100 0.164600 0.128400 0.128300 0.164800 0.146600
Reindeer 0.077400 0.197700 0.109000 0.180300 0.110300 0.077400 0.109600 0.109700 0.093600 0.029300 0.077100 0.077100 0.077500 0.077100 0.093200 0.061100 0.060700 0.060700 0.095600 0.110400 0.093300 0.110200 0.045100 0.000000 0.077100 0.110500 0.094900 0.093600 0.061100 0.093600 0.044300 0.077000 0.076400 0.061300 0.077000 0.077100 0.094100 0.093500 0.108700 0.000100 0.045100 0.109600 0.044400 0.029500 0.093800 0.093200 0.093300 0.110600 0.077000 0.076800 0.110300 0.093600
Ibex 0.000100 0.129700 0.061900 0.204900 0.030600 0.000100 0.062100 0.062000 0.078800 0.076800 0.000000 0.030400 0.030800 0.030600 0.046100 0.046100 0.046100 0.078600 0.015500 0.095600 0.046200 0.030500 0.128900 0.077100 0.000000 0.062600 0.047100 0.078800 0.046100 0.078800 0.126600 0.030600 0.061900 0.015200 0.030500 0.030400 0.015200 0.046400 0.112200 0.078100 0.128900 0.030400 0.126900 0.111000 0.046200 0.046100 0.046200 0.062800 0.030600 0.061900 0.062200 0.078700
GyrantGaze 0.062800 0.166900 0.062400 0.206500 0.062600 0.062800 0.062400 0.062100 0.079800 0.144500 0.062600 0.062200 0.046900 0.030800 0.046200 0.046300 0.078900 0.079100 0.080900 0.096000 0.046400 0.096000 0.165100 0.110500 0.062600 0.000000 0.063800 0.079000 0.046300 0.079100 0.162000 0.030700 0.095500 0.046700 0.062600 0.062200 0.079600 0.046600 0.112500 0.111800 0.165100 0.030600 0.162400 0.146400 0.078900 0.046300 0.046400 0.063200 0.030700 0.030600 0.095700 0.079300
Hartebeest 0.047300 0.187800 0.079900 0.208700 0.080200 0.047300 0.080000 0.079500 0.097500 0.128500 0.047100 0.079700 0.015500 0.047300 0.063200 0.063200 0.096700 0.097000 0.065000 0.115000 0.063400 0.080200 0.148700 0.094900 0.047100 0.063800 0.000000 0.097500 0.063200 0.097500 0.146000 0.047200 0.113900 0.031200 0.047100 0.079700 0.063900 0.063700 0.132000 0.096000 0.148700 0.079700 0.146300 0.112700 0.097100 0.063200 0.063400 0.063900 0.047200 0.079600 0.114600 0.097400
Bongo 0.079000 0.184800 0.014900 0.186800 0.078700 0.079000 0.062100 0.078100 0.000000 0.126800 0.078800 0.046200 0.079400 0.046500 0.062100 0.062100 0.062400 0.062600 0.097700 0.014800 0.062200 0.112700 0.146600 0.093600 0.078800 0.079000 0.097500 0.000000 0.062100 0.000000 0.143900 0.046300 0.062300 0.062700 0.078700 0.046200 0.096100 0.062500 0.129500 0.094700 0.146600 0.078200 0.144300 0.128500 0.062400 0.062100 0.062200 0.079600 0.046300 0.046100 0.014600 0.000100
Gerenuk 0.046300 0.147400 0.045900 0.185200 0.045800 0.046300 0.045900 0.045800 0.062100 0.093200 0.046100 0.045900 0.046400 0.015100 0.030400 0.000000 0.062100 0.062200 0.063500 0.078500 0.029700 0.078500 0.111400 0.061100 0.046100 0.046300 0.063200 0.062100 0.000000 0.062100 0.109500 0.014700 0.078200 0.030600 0.046000 0.043400 0.062500 0.030500 0.094700 0.061800 0.111400 0.045800 0.109900 0.094000 0.062000 0.030300 0.030400 0.046600 0.014700 0.045800 0.078300 0.062200
CommonElan 0.079000 0.184800 0.014900 0.186800 0.078700 0.079000 0.062100 0.078100 0.000000 0.126800 0.078800 0.046200 0.079400 0.046500 0.062100 0.062100 0.062400 0.062600 0.097700 0.015000 0.062200 0.112700 0.146600 0.093600 0.078800 0.079100 0.097500 0.000000 0.062100 0.000000 0.143900 0.046300 0.062300 0.062700 0.078700 0.046200 0.096100 0.062500 0.129500 0.094700 0.146600 0.078200 0.144300 0.128500 0.062400 0.062100 0.062200 0.079600 0.046300 0.046100 0.014600 0.000100
MuntiacusR 0.127000 0.179400 0.159500 0.197900 0.161700 0.127000 0.160600 0.160900 0.143900 0.044400 0.126600 0.126600 0.127100 0.126400 0.143400 0.109500 0.108800 0.108700 0.112200 0.161800 0.143600 0.161800 0.092500 0.044300 0.126600 0.162000 0.146000 0.143900 0.109500 0.143900 0.000000 0.126200 0.125300 0.109900 0.126200 0.126600 0.144900 0.143800 0.159400 0.044800 0.092500 0.160800 0.059700 0.075600 0.144400 0.143400 0.143600 0.127100 0.126200 0.126000 0.161800 0.143800
HarveysDui 0.030600 0.130000 0.030500 0.167200 0.030600 0.030600 0.030400 0.030400 0.046300 0.109500 0.030600 0.029000 0.030800 0.000100 0.015100 0.014700 0.046200 0.046300 0.047400 0.062400 0.014700 0.062400 0.128400 0.077000 0.030600 0.030700 0.047200 0.046300 0.014700 0.046300 0.126200 0.000000 0.062100 0.015200 0.030500 0.030400 0.046600 0.015200 0.078400 0.077900 0.128400 0.030400 0.126700 0.110800 0.046200 0.014800 0.015100 0.030900 0.000000 0.029600 0.062200 0.046400
Pronghorn 0.062100 0.146000 0.077800 0.165100 0.062100 0.062100 0.061900 0.094600 0.062300 0.076100 0.061900 0.030400 0.095600 0.062100 0.078200 0.078200 0.014900 0.045800 0.080100 0.078800 0.078300 0.094800 0.127900 0.076400 0.061900 0.095500 0.113900 0.062300 0.078200 0.062300 0.125300 0.062100 0.000000 0.078600 0.094800 0.030400 0.078700 0.078600 0.128200 0.077300 0.127900 0.061700 0.125700 0.109900 0.046300 0.078200 0.078300 0.095600 0.062100 0.061900 0.046200 0.062300
BlueWildeb 0.015200 0.148100 0.046300 0.186500 0.046500 0.015200 0.046300 0.046200 0.062700 0.093400 0.015200 0.046300 0.015300 0.015200 0.030600 0.030600 0.062400 0.062500 0.031400 0.079200 0.030700 0.046500 0.111800 0.061300 0.015200 0.046700 0.031200 0.062700 0.030600 0.062700 0.109900 0.015200 0.078600 0.000000 0.015200 0.046300 0.030900 0.030800 0.095500 0.062000 0.111800 0.046200 0.110100 0.094400 0.062500 0.030600 0.030700 0.046900 0.015200 0.046200 0.079000 0.062700
Gemsbok 0.030600 0.165400 0.061900 0.204400 0.062200 0.030600 0.062100 0.061800 0.078700 0.109500 0.030500 0.061900 0.030800 0.030600 0.046100 0.046000 0.078300 0.078400 0.047300 0.095400 0.046100 0.062300 0.128700 0.077000 0.030500 0.062600 0.047100 0.078700 0.046000 0.078700 0.126200 0.030500 0.094800 0.015200 0.000000 0.061900 0.046600 0.046300 0.112000 0.077900 0.128700 0.061900 0.126400 0.110800 0.078500 0.046000 0.046100 0.062600 0.030500 0.061800 0.095200 0.078700
Yak 0.030500 0.129500 0.061700 0.166900 0.030400 0.030500 0.061700 0.061700 0.046200 0.076900 0.030400 0.000000 0.062500 0.030500 0.045900 0.045900 0.015100 0.046300 0.047100 0.062300 0.043500 0.062000 0.128700 0.077100 0.030400 0.062200 0.079700 0.046200 0.043400 0.046200 0.126600 0.030400 0.030400 0.046300 0.061900 0.000000 0.046400 0.046200 0.111700 0.078000 0.128700 0.030200 0.127000 0.110800 0.014700 0.045900 0.046000 0.062600 0.030400 0.029300 0.030400 0.046300
BlueSheep 0.015200 0.148500 0.078700 0.226400 0.046600 0.015200 0.078900 0.078800 0.096100 0.093700 0.015200 0.046400 0.047000 0.046700 0.062600 0.062500 0.062500 0.095900 0.031500 0.113500 0.062700 0.046600 0.147600 0.094100 0.015200 0.079600 0.063900 0.096100 0.062500 0.096100 0.144900 0.046600 0.078700 0.030900 0.046600 0.046400 0.000000 0.062900 0.130600 0.095300 0.147600 0.046300 0.145300 0.129100 0.062700 0.062500 0.062700 0.079800 0.046600 0.078700 0.079100 0.096100
BohorReedb 0.046500 0.148100 0.046200 0.186400 0.015200 0.046500 0.046100 0.046100 0.062500 0.126800 0.046400 0.046200 0.046800 0.015200 0.030500 0.030500 0.062400 0.062600 0.063900 0.079100 0.030600 0.078900 0.146200 0.093500 0.046400 0.046600 0.063700 0.062500 0.030500 0.062500 0.143800 0.015200 0.078600 0.030800 0.046300 0.046200 0.062900 0.000000 0.095300 0.094600 0.146200 0.046100 0.144500 0.128200 0.062400 0.030500 0.030600 0.046900 0.015200 0.046000 0.078700 0.062600
KirksDik 0.112500 0.182700 0.111500 0.242400 0.112200 0.112500 0.111500 0.111500 0.129500 0.142400 0.112200 0.111700 0.113000 0.078800 0.094800 0.094700 0.111200 0.111400 0.132700 0.147400 0.094900 0.147500 0.162300 0.108700 0.112200 0.112500 0.132000 0.129500 0.094700 0.129500 0.159400 0.078400 0.128200 0.095500 0.112000 0.111700 0.130600 0.095300 0.000000 0.110000 0.162300 0.111500 0.159900 0.143700 0.129500 0.094700 0.094900 0.113200 0.078400 0.111200 0.147100 0.129900
RoeDeer 0.078300 0.200400 0.110300 0.182600 0.111600 0.078300 0.110900 0.111000 0.094700 0.029700 0.078100 0.078000 0.078400 0.078000 0.094300 0.061800 0.061400 0.061400 0.096900 0.111700 0.094400 0.111600 0.045200 0.000100 0.078100 0.111800 0.096000 0.094700 0.061800 0.094700 0.044800 0.077900 0.077300 0.062000 0.077900 0.078000 0.095300 0.094600 0.110000 0.000000 0.045500 0.110900 0.044900 0.029800 0.094900 0.094300 0.094400 0.111900 0.077900 0.077700 0.111700 0.094700
WhiteLippe 0.129300 0.259400 0.162500 0.240500 0.164300 0.129300 0.163800 0.128500 0.146600 0.076600 0.128900 0.128700 0.129300 0.128700 0.145800 0.111400 0.110800 0.110600 0.150100 0.164600 0.146100 0.164700 0.000000 0.045100 0.128900 0.165100 0.148700 0.146600 0.111400 0.146600 0.092500 0.128400 0.127900 0.111800 0.128700 0.128700 0.147600 0.146200 0.162300 0.045500 0.000000 0.163700 0.092500 0.077000 0.110000 0.145800 0.146100 0.164600 0.128400 0.128300 0.164800 0.146600
ThomsonGaz 0.030500 0.129200 0.061700 0.204100 0.030400 0.030500 0.061700 0.061600 0.078200 0.109200 0.030400 0.030200 0.062400 0.030500 0.045900 0.045800 0.045900 0.078300 0.047100 0.094900 0.045900 0.062000 0.163700 0.109600 0.030400 0.030600 0.079700 0.078200 0.045800 0.078200 0.160800 0.030400 0.061700 0.046200 0.061900 0.030200 0.046300 0.046100 0.111500 0.110900 0.163700 0.000000 0.161200 0.145100 0.046000 0.045800 0.045900 0.062500 0.030400 0.030300 0.061900 0.078400
MuntiacusC 0.127300 0.255200 0.160000 0.236500 0.162500 0.127300 0.160800 0.161500 0.144300 0.044400 0.126900 0.127000 0.127300 0.126900 0.143900 0.109900 0.109200 0.109200 0.147600 0.162400 0.144200 0.162200 0.092500 0.044400 0.126900 0.162400 0.146300 0.144300 0.109900 0.144300 0.059700 0.126700 0.125700 0.110100 0.126400 0.127000 0.145300 0.144500 0.159900 0.044900 0.092500 0.161200 0.000000 0.075600 0.144800 0.143900 0.144200 0.162700 0.126700 0.126300 0.162300 0.144300
WhiteTaile 0.111300 0.238100 0.144400 0.181300 0.145800 0.111300 0.145200 0.145000 0.128500 0.060100 0.111000 0.110800 0.111600 0.111000 0.127700 0.094000 0.093400 0.093400 0.131200 0.146100 0.127900 0.145900 0.077000 0.029500 0.111000 0.146400 0.112700 0.128500 0.094000 0.128500 0.075600 0.110800 0.109900 0.094400 0.110800 0.110800 0.129100 0.128200 0.143700 0.029800 0.077000 0.145100 0.075600 0.000000 0.128600 0.127700 0.127900 0.111100 0.110800 0.110500 0.146000 0.128400
Cattle 0.046400 0.147700 0.078200 0.186500 0.043300 0.046400 0.078200 0.078200 0.062400 0.093500 0.046200 0.015100 0.079200 0.046400 0.062100 0.062000 0.030600 0.062500 0.063700 0.078900 0.062200 0.078600 0.110000 0.093800 0.046200 0.078900 0.097100 0.062400 0.062000 0.062400 0.144400 0.046200 0.046300 0.062500 0.078500 0.014700 0.062700 0.062400 0.129500 0.094900 0.110000 0.046000 0.144800 0.128600 0.000000 0.062000 0.062200 0.079300 0.046200 0.046000 0.046300 0.062600
RoyalAntel 0.046300 0.147400 0.045900 0.185200 0.046200 0.046300 0.045900 0.045800 0.062100 0.126400 0.046100 0.045900 0.046400 0.015100 0.030200 0.030300 0.062100 0.062200 0.063500 0.078500 0.029600 0.078500 0.145800 0.093200 0.046100 0.046300 0.063200 0.062100 0.030300 0.062100 0.143400 0.014800 0.078200 0.030600 0.046000 0.045900 0.062500 0.030500 0.094700 0.094300 0.145800 0.045800 0.143900 0.127700 0.062000 0.000000 0.029100 0.046600 0.014700 0.045800 0.078300 0.062200
Steenbok 0.046300 0.147700 0.046000 0.185700 0.046300 0.046300 0.046000 0.045900 0.062200 0.126700 0.046200 0.046000 0.046600 0.015200 0.030000 0.029500 0.062200 0.062300 0.063700 0.078700 0.000000 0.078600 0.146100 0.093300 0.046200 0.046400 0.063400 0.062200 0.030400 0.062200 0.143600 0.015100 0.078300 0.030700 0.046100 0.046000 0.062700 0.030600 0.094900 0.094400 0.146100 0.045900 0.144200 0.127900 0.062200 0.029100 0.000000 0.046700 0.015100 0.045900 0.078400 0.062400
Impala 0.062900 0.131200 0.062600 0.167700 0.063000 0.062900 0.062600 0.062500 0.079600 0.144400 0.062800 0.062600 0.063400 0.030800 0.046600 0.046600 0.079000 0.079300 0.081000 0.096700 0.046700 0.096200 0.164600 0.110600 0.062800 0.063200 0.063900 0.079600 0.046600 0.079600 0.127100 0.030900 0.095600 0.046900 0.062600 0.062600 0.079800 0.046900 0.113200 0.111900 0.164600 0.062500 0.162700 0.111100 0.079300 0.046600 0.046700 0.000000 0.030900 0.062400 0.096200 0.079500
Klipspring 0.030600 0.130000 0.030500 0.167200 0.029400 0.030600 0.029800 0.030400 0.046300 0.109500 0.030600 0.029500 0.030800 0.000100 0.014700 0.015100 0.046200 0.046300 0.047400 0.062400 0.015100 0.062400 0.128400 0.077000 0.030600 0.030700 0.047200 0.046300 0.014700 0.046300 0.126200 0.000000 0.062100 0.015200 0.030500 0.030400 0.046600 0.015200 0.078400 0.077900 0.128400 0.030400 0.126700 0.110800 0.046200 0.014700 0.015100 0.030900 0.000000 0.030300 0.062200 0.046400
ForestMusk 0.062100 0.164900 0.061600 0.166400 0.061900 0.062100 0.061600 0.061500 0.046100 0.109400 0.061900 0.030300 0.062300 0.030500 0.045800 0.045800 0.046000 0.046100 0.080000 0.062100 0.045900 0.094800 0.128300 0.076800 0.061900 0.030600 0.079600 0.046100 0.045800 0.046100 0.126000 0.029600 0.061900 0.046200 0.061800 0.029300 0.078700 0.046000 0.111200 0.077700 0.128300 0.030300 0.126300 0.110500 0.046000 0.045800 0.045900 0.062400 0.030300 0.000000 0.061900 0.046200
Bushbuck 0.062400 0.165800 0.030000 0.205800 0.062200 0.062400 0.078300 0.094600 0.014600 0.109800 0.062200 0.030400 0.096100 0.062500 0.078300 0.078300 0.046300 0.078900 0.080400 0.029600 0.078400 0.095300 0.164800 0.110300 0.062200 0.095700 0.114600 0.014600 0.078300 0.014600 0.161800 0.062200 0.046200 0.079000 0.095200 0.030400 0.079100 0.078700 0.147100 0.111700 0.164800 0.061900 0.162300 0.146000 0.046300 0.078300 0.078400 0.096200 0.062200 0.061900 0.000000 0.015000
GreaterKud 0.078900 0.184900 0.014900 0.186700 0.078900 0.078900 0.062300 0.078300 0.000100 0.126800 0.078700 0.046300 0.079400 0.046500 0.062300 0.062200 0.062400 0.062500 0.097700 0.015100 0.062400 0.112600 0.146600 0.093600 0.078700 0.079300 0.097400 0.000100 0.062200 0.000100 0.143800 0.046400 0.062300 0.062700 0.078700 0.046300 0.096100 0.062600 0.129900 0.094700 0.146600 0.078400 0.144300 0.128400 0.062600 0.062200 0.062400 0.079500 0.046400 0.046200 0.015000 0.000000
