1
52 1
Argali 0.000000 0.000200 0.108000 0.112700 0.000100 0.034800 0.000100 0.033900 0.034400 0.035600 0.000000 0.034500 0.000100 0.000000 0.072300 0.000000 0.000300 0.000300 0.000200 0.034400 0.000200 0.000000 0.109400 0.072500 0.000100 0.035900 0.000200 0.071000 0.034900 0.034400 0.035800 0.000000 0.075900 0.035100 0.000100 0.034900 0.000000 0.036700 0.035000 0.071700 0.072600 0.000200 0.035800 0.035800 0.034900 0.034100 0.000100 0.034000 0.104200 0.072100 0.033800 0.070000
LesserMous 0.000200 0.000000 0.108800 0.114200 0.000300 0.035300 0.000300 0.034300 0.034600 0.036000 0.000200 0.034800 0.000300 0.000200 0.072900 0.000200 0.000100 0.000100 0.000400 0.034600 0.000400 0.000200 0.110400 0.073200 0.000300 0.035600 0.000400 0.071600 0.035100 0.034600 0.036100 0.000200 0.077100 0.035500 0.000300 0.035200 0.000200 0.037200 0.035400 0.072400 0.073200 0.000400 0.036100 0.036100 0.035200 0.034400 0.000300 0.034400 0.105200 0.072900 0.034200 0.070500
LesserKudu 0.108000 0.108800 0.000000 0.241000 0.113400 0.149900 0.107900 0.146000 0.069600 0.151200 0.108000 0.070400 0.108100 0.108000 0.191400 0.108000 0.108800 0.107900 0.114100 0.069600 0.114100 0.108000 0.147700 0.191900 0.107900 0.154700 0.109300 0.107700 0.149100 0.069600 0.151200 0.108000 0.201800 0.150900 0.107900 0.071100 0.108000 0.157000 0.149300 0.190800 0.109400 0.114100 0.151200 0.151200 0.071100 0.146900 0.108700 0.147500 0.224400 0.151500 0.069000 0.033100
KillerWhal 0.112700 0.114200 0.241000 0.000000 0.076700 0.073800 0.112900 0.152200 0.152900 0.077100 0.112700 0.153300 0.112500 0.112700 0.203200 0.112700 0.114500 0.113200 0.118400 0.152900 0.118400 0.112700 0.074300 0.117100 0.112900 0.075300 0.113400 0.153100 0.112900 0.152900 0.076900 0.112700 0.123000 0.113600 0.112900 0.154800 0.112700 0.076900 0.157500 0.036700 0.116800 0.118400 0.076900 0.076900 0.154800 0.153100 0.113900 0.152200 0.233100 0.115900 0.150800 0.194700
DefassaWat 0.000100 0.000300 0.113400 0.076700 0.000000 0.037100 0.000200 0.035900 0.036200 0.000400 0.000100 0.036400 0.000200 0.000100 0.076700 0.000100 0.000400 0.000400 0.000300 0.036200 0.000300 0.000100 0.074300 0.037000 0.000200 0.037800 0.000300 0.074900 0.036700 0.036200 0.000300 0.000100 0.038200 0.037200 0.000200 0.036700 0.000100 0.035700 0.037200 0.036400 0.037000 0.000300 0.000300 0.000300 0.036700 0.036100 0.000200 0.035900 0.110100 0.036700 0.035700 0.073600
Sheep 0.034800 0.035300 0.149900 0.073800 0.037100 0.000000 0.034900 0.070500 0.071400 0.075000 0.034800 0.071700 0.035000 0.034800 0.113600 0.034800 0.035500 0.035000 0.037200 0.071400 0.037200 0.034800 0.152100 0.114000 0.034900 0.074600 0.035300 0.071400 0.034800 0.071400 0.075000 0.034800 0.120300 0.035400 0.034900 0.072200 0.034800 0.037100 0.072400 0.112300 0.113900 0.037200 0.075000 0.075000 0.072200 0.069700 0.035300 0.070600 0.144900 0.113100 0.070400 0.109200
MaxwellsDu 0.000100 0.000300 0.107900 0.112900 0.000200 0.034900 0.000000 0.033900 0.034300 0.035700 0.000100 0.034500 0.000200 0.000100 0.072300 0.000100 0.000400 0.000400 0.000300 0.034300 0.000300 0.000100 0.109300 0.072400 0.000000 0.035700 0.000300 0.070900 0.034700 0.034300 0.035600 0.000100 0.075600 0.035000 0.000000 0.034800 0.000100 0.036700 0.035000 0.071600 0.072500 0.000300 0.035600 0.035600 0.034800 0.034100 0.000200 0.034000 0.104500 0.072000 0.033800 0.069900
GazellaPrz 0.033900 0.034300 0.146000 0.152200 0.035900 0.070500 0.033900 0.000000 0.069500 0.072300 0.034100 0.069900 0.034000 0.033900 0.034800 0.033900 0.034400 0.033900 0.036000 0.069500 0.036000 0.033900 0.147400 0.109900 0.033900 0.072600 0.034300 0.108000 0.070100 0.069500 0.072300 0.033900 0.115500 0.071200 0.033900 0.070400 0.033900 0.074500 0.070700 0.108700 0.110000 0.036000 0.072300 0.072300 0.070400 0.069000 0.034300 0.068700 0.066900 0.109700 0.068500 0.106400
MountainNy 0.034400 0.034600 0.069600 0.152900 0.036200 0.071400 0.034300 0.069500 0.000000 0.072500 0.034400 0.000300 0.034400 0.034400 0.110000 0.034400 0.034700 0.034300 0.036200 0.000000 0.036200 0.034400 0.148500 0.110300 0.034300 0.072900 0.034700 0.034200 0.071000 0.000000 0.072600 0.034400 0.115900 0.071700 0.034300 0.000400 0.034400 0.074900 0.071400 0.109400 0.110500 0.036200 0.072600 0.072600 0.000400 0.069800 0.034700 0.069800 0.142300 0.110700 0.000200 0.033900
MuntiacusM 0.035600 0.036000 0.151200 0.077100 0.000400 0.075000 0.035700 0.072300 0.072500 0.000000 0.035600 0.072800 0.035400 0.035600 0.116000 0.035600 0.035900 0.035400 0.037200 0.072500 0.037200 0.035600 0.073700 0.036900 0.035700 0.075000 0.035600 0.113100 0.074400 0.072500 0.000100 0.035600 0.038300 0.075000 0.035700 0.073200 0.035600 0.038100 0.075100 0.036400 0.036800 0.037200 0.000100 0.000100 0.073200 0.072700 0.035700 0.072100 0.147900 0.036500 0.071400 0.110500
goat 0.000000 0.000200 0.108000 0.112700 0.000100 0.034800 0.000100 0.034100 0.034400 0.035600 0.000000 0.034500 0.000100 0.000000 0.072300 0.000000 0.000300 0.000300 0.000200 0.034400 0.000200 0.000000 0.109400 0.072500 0.000100 0.035900 0.000200 0.071000 0.034600 0.034400 0.035800 0.000000 0.075900 0.035100 0.000100 0.034900 0.000000 0.036700 0.035000 0.071700 0.072600 0.000200 0.035800 0.035800 0.034900 0.034100 0.000100 0.034000 0.104200 0.072100 0.033800 0.070000
AfricanBuf 0.034500 0.034800 0.070400 0.153300 0.036400 0.071700 0.034500 0.069900 0.000300 0.072800 0.034500 0.000000 0.034600 0.034500 0.110600 0.034500 0.034900 0.034500 0.036700 0.000300 0.036700 0.034500 0.149400 0.110800 0.034500 0.074000 0.034800 0.034600 0.071200 0.000300 0.072900 0.034500 0.116300 0.071800 0.034500 0.000100 0.034500 0.075100 0.071800 0.109900 0.111200 0.036700 0.072900 0.072900 0.000100 0.070300 0.034900 0.070300 0.143300 0.110900 0.000300 0.034200
Topi 0.000100 0.000300 0.108100 0.112500 0.000200 0.035000 0.000200 0.034000 0.034400 0.035400 0.000100 0.034600 0.000000 0.000100 0.072300 0.000100 0.000400 0.000400 0.000300 0.034400 0.000300 0.000100 0.109400 0.072400 0.000200 0.035800 0.000100 0.071000 0.034800 0.034400 0.035600 0.000100 0.075500 0.035200 0.000200 0.034900 0.000100 0.036800 0.035100 0.071600 0.072600 0.000300 0.035600 0.035600 0.034900 0.034200 0.000200 0.034100 0.104600 0.087500 0.033900 0.070200
CommonDuik 0.000000 0.000200 0.108000 0.112700 0.000100 0.034800 0.000100 0.033900 0.034400 0.035600 0.000000 0.034500 0.000100 0.000000 0.072300 0.000000 0.000300 0.000300 0.000200 0.034400 0.000200 0.000000 0.109400 0.072500 0.000100 0.035900 0.000200 0.071000 0.034600 0.034400 0.035800 0.000000 0.075900 0.035100 0.000100 0.034900 0.000000 0.036700 0.035000 0.071700 0.072600 0.000200 0.035800 0.035800 0.034900 0.034100 0.000100 0.034000 0.104200 0.072100 0.033800 0.070000
Suni 0.072300 0.072900 0.191400 0.203200 0.076700 0.113600 0.072300 0.034800 0.110000 0.116000 0.072300 0.110600 0.072300 0.072300 0.000000 0.072300 0.073000 0.072200 0.076800 0.110000 0.076800 0.072300 0.194100 0.156200 0.072300 0.115300 0.073000 0.152500 0.112800 0.110000 0.115800 0.072300 0.165600 0.113900 0.072300 0.111200 0.072300 0.120000 0.036200 0.153500 0.155800 0.076800 0.115800 0.115800 0.111200 0.110600 0.072800 0.109500 0.106800 0.155300 0.108700 0.149000
Springbuck 0.000000 0.000200 0.108000 0.112700 0.000100 0.034800 0.000100 0.033900 0.034400 0.035600 0.000000 0.034500 0.000100 0.000000 0.072300 0.000000 0.000300 0.000300 0.000200 0.034400 0.000200 0.000000 0.109400 0.072500 0.000100 0.035900 0.000200 0.071000 0.034600 0.034400 0.035800 0.000000 0.075900 0.035100 0.000100 0.034900 0.000000 0.036700 0.035000 0.071700 0.072600 0.000200 0.035800 0.035800 0.034900 0.034100 0.000100 0.034000 0.103600 0.072100 0.033800 0.070000
Okapi 0.000300 0.000100 0.108800 0.114500 0.000400 0.035500 0.000400 0.034400 0.034700 0.035900 0.000300 0.034900 0.000400 0.000300 0.073000 0.000300 0.000000 0.000200 0.000500 0.034700 0.000500 0.000300 0.110500 0.073300 0.000400 0.035600 0.000500 0.071600 0.035300 0.034700 0.036100 0.000300 0.077400 0.035600 0.000400 0.035300 0.000300 0.037300 0.035400 0.072500 0.073300 0.000500 0.036100 0.036100 0.035300 0.034500 0.000400 0.034500 0.105600 0.073000 0.034300 0.070600
Giraffe 0.000300 0.000100 0.107900 0.113200 0.000400 0.035000 0.000400 0.033900 0.034300 0.035400 0.000300 0.034500 0.000400 0.000300 0.072200 0.000300 0.000200 0.000000 0.000500 0.034300 0.000500 0.000300 0.109400 0.072600 0.000400 0.034900 0.000500 0.070900 0.034700 0.034300 0.035700 0.000300 0.076300 0.035100 0.000400 0.034800 0.000300 0.036900 0.034900 0.071700 0.072600 0.000500 0.035700 0.035700 0.034800 0.034000 0.000400 0.033900 0.104200 0.072100 0.033800 0.069900
TibetanAnt 0.000200 0.000400 0.114100 0.118400 0.000300 0.037200 0.000300 0.036000 0.036200 0.037200 0.000200 0.036700 0.000300 0.000200 0.076800 0.000200 0.000500 0.000500 0.000000 0.036200 0.000000 0.000200 0.115400 0.076400 0.000300 0.035700 0.000400 0.075000 0.037000 0.036200 0.037500 0.000200 0.079100 0.037400 0.000300 0.037000 0.000200 0.039400 0.037300 0.075500 0.076500 0.000000 0.037500 0.037500 0.037000 0.036200 0.000300 0.036100 0.110200 0.075700 0.036000 0.073800
Sitatunga 0.034400 0.034600 0.069600 0.152900 0.036200 0.071400 0.034300 0.069500 0.000000 0.072500 0.034400 0.000300 0.034400 0.034400 0.110000 0.034400 0.034700 0.034300 0.036200 0.000000 0.036200 0.034400 0.148500 0.110300 0.034300 0.072900 0.034700 0.034200 0.071000 0.000000 0.072600 0.034400 0.115900 0.071700 0.034300 0.000400 0.034400 0.074900 0.071400 0.109400 0.110500 0.036200 0.072600 0.072600 0.000400 0.069800 0.034700 0.069800 0.142300 0.110700 0.000200 0.033900
Oribi 0.000200 0.000400 0.114100 0.118400 0.000300 0.037200 0.000300 0.036000 0.036200 0.037200 0.000200 0.036700 0.000300 0.000200 0.076800 0.000200 0.000500 0.000500 0.000000 0.036200 0.000000 0.000200 0.115400 0.076400 0.000300 0.035700 0.000400 0.075000 0.037000 0.036200 0.037500 0.000200 0.079100 0.037400 0.000300 0.037000 0.000200 0.039400 0.037300 0.075500 0.076500 0.000000 0.037500 0.037500 0.037000 0.036200 0.000300 0.036100 0.110200 0.075700 0.036000 0.073800
BarbaryShe 0.000000 0.000200 0.108000 0.112700 0.000100 0.034800 0.000100 0.033900 0.034400 0.035600 0.000000 0.034500 0.000100 0.000000 0.072300 0.000000 0.000300 0.000300 0.000200 0.034400 0.000200 0.000000 0.109400 0.072500 0.000100 0.035900 0.000200 0.071000 0.034600 0.034400 0.035800 0.000000 0.075900 0.035100 0.000100 0.034900 0.000000 0.036700 0.035000 0.071700 0.072600 0.000200 0.035800 0.035800 0.034900 0.033800 0.000100 0.033600 0.104200 0.072100 0.033800 0.070000
Daviddeer 0.109400 0.110400 0.147700 0.074300 0.074300 0.152100 0.109300 0.147400 0.148500 0.073700 0.109400 0.149400 0.109400 0.109400 0.194100 0.109400 0.110500 0.109400 0.115400 0.148500 0.115400 0.109400 0.000000 0.111100 0.109300 0.074000 0.110400 0.192300 0.151200 0.148500 0.073300 0.109400 0.117800 0.152800 0.109300 0.150700 0.109400 0.115600 0.151800 0.033400 0.035400 0.115400 0.073300 0.073300 0.150700 0.148500 0.110400 0.148200 0.225600 0.073000 0.146800 0.107900
Reindeer 0.072500 0.073200 0.191900 0.117100 0.037000 0.114000 0.072400 0.109900 0.110300 0.036900 0.072500 0.110800 0.072400 0.072500 0.156200 0.072500 0.073300 0.072600 0.076400 0.110300 0.076400 0.072500 0.111100 0.000000 0.072400 0.114800 0.073100 0.153200 0.113300 0.110300 0.035900 0.072500 0.078900 0.114500 0.072400 0.111300 0.072500 0.077200 0.114200 0.073300 0.074100 0.076400 0.035400 0.036700 0.111300 0.110700 0.072900 0.109700 0.187100 0.074200 0.109000 0.149400
Ibex 0.000100 0.000300 0.107900 0.112900 0.000200 0.034900 0.000000 0.033900 0.034300 0.035700 0.000100 0.034500 0.000200 0.000100 0.072300 0.000100 0.000400 0.000400 0.000300 0.034300 0.000300 0.000100 0.109300 0.072400 0.000000 0.035700 0.000300 0.070900 0.034700 0.034300 0.035600 0.000100 0.075600 0.035000 0.000000 0.034800 0.000100 0.036700 0.035000 0.071600 0.072500 0.000300 0.035600 0.035600 0.034800 0.034100 0.000200 0.034000 0.104500 0.072000 0.033800 0.069900
GyrantGaze 0.035900 0.035600 0.154700 0.075300 0.037800 0.074600 0.035700 0.072600 0.072900 0.075000 0.035900 0.074000 0.035800 0.035900 0.115300 0.035900 0.035600 0.034900 0.035700 0.072900 0.035700 0.035900 0.074000 0.114800 0.035700 0.000000 0.036000 0.113300 0.074400 0.072900 0.075500 0.035900 0.119000 0.075000 0.035700 0.074700 0.035900 0.078800 0.074800 0.036000 0.115400 0.035700 0.075500 0.075500 0.074700 0.072900 0.036200 0.073200 0.147800 0.114600 0.072400 0.112200
Hartebeest 0.000200 0.000400 0.109300 0.113400 0.000300 0.035300 0.000300 0.034300 0.034700 0.035600 0.000200 0.034800 0.000100 0.000200 0.073000 0.000200 0.000500 0.000500 0.000400 0.034700 0.000400 0.000200 0.110400 0.073100 0.000300 0.036000 0.000000 0.071700 0.035100 0.034700 0.035800 0.000200 0.075900 0.035300 0.000300 0.035200 0.000200 0.037200 0.035400 0.072200 0.073200 0.000400 0.035800 0.035800 0.035200 0.034500 0.000300 0.034400 0.105600 0.092600 0.034200 0.070800
Bongo 0.071000 0.071600 0.107700 0.153100 0.074900 0.071400 0.070900 0.108000 0.034200 0.113100 0.071000 0.034600 0.071000 0.071000 0.152500 0.071000 0.071600 0.070900 0.075000 0.034200 0.075000 0.071000 0.192300 0.153200 0.070900 0.113300 0.071700 0.000000 0.033800 0.034200 0.113100 0.071000 0.161400 0.034200 0.070900 0.034900 0.071000 0.035700 0.111100 0.151100 0.153000 0.075000 0.113100 0.113100 0.034900 0.108400 0.071500 0.108200 0.184100 0.153100 0.033900 0.069800
Gerenuk 0.034900 0.035100 0.149100 0.112900 0.036700 0.034800 0.034700 0.070100 0.071000 0.074400 0.034600 0.071200 0.034800 0.034600 0.112800 0.034600 0.035300 0.034700 0.037000 0.071000 0.037000 0.034600 0.151200 0.113300 0.034700 0.074400 0.035100 0.033800 0.000000 0.071000 0.074400 0.034600 0.119100 0.000200 0.034700 0.071800 0.034600 0.000100 0.072400 0.111600 0.113100 0.037000 0.074400 0.074400 0.071800 0.070500 0.035000 0.070200 0.143700 0.112400 0.069900 0.108600
CommonElan 0.034400 0.034600 0.069600 0.152900 0.036200 0.071400 0.034300 0.069500 0.000000 0.072500 0.034400 0.000300 0.034400 0.034400 0.110000 0.034400 0.034700 0.034300 0.036200 0.000000 0.036200 0.034400 0.148500 0.110300 0.034300 0.072900 0.034700 0.034200 0.071000 0.000000 0.072600 0.034400 0.115900 0.071700 0.034300 0.000400 0.034400 0.074900 0.071400 0.109400 0.110500 0.036200 0.072600 0.072600 0.000400 0.069800 0.034700 0.069800 0.142300 0.110700 0.000200 0.033900
MuntiacusR 0.035800 0.036100 0.151200 0.076900 0.000300 0.075000 0.035600 0.072300 0.072600 0.000100 0.035800 0.072900 0.035600 0.035800 0.115800 0.035800 0.036100 0.035700 0.037500 0.072600 0.037500 0.035800 0.073300 0.035900 0.035600 0.075500 0.035800 0.113100 0.074400 0.072600 0.000000 0.035800 0.038600 0.075000 0.035600 0.073300 0.035800 0.038000 0.075200 0.035100 0.036700 0.037500 0.000000 0.000000 0.073300 0.072800 0.035900 0.072200 0.147800 0.036600 0.071600 0.110500
HarveysDui 0.000000 0.000200 0.108000 0.112700 0.000100 0.034800 0.000100 0.033900 0.034400 0.035600 0.000000 0.034500 0.000100 0.000000 0.072300 0.000000 0.000300 0.000300 0.000200 0.034400 0.000200 0.000000 0.109400 0.072500 0.000100 0.035900 0.000200 0.071000 0.034600 0.034400 0.035800 0.000000 0.075900 0.035100 0.000100 0.034900 0.000000 0.036700 0.035000 0.071700 0.072600 0.000200 0.035800 0.035800 0.034900 0.034100 0.000100 0.034000 0.104200 0.072100 0.033800 0.070000
Pronghorn 0.075900 0.077100 0.201800 0.123000 0.038200 0.120300 0.075600 0.115500 0.115900 0.038300 0.075900 0.116300 0.075500 0.075900 0.165600 0.075900 0.077400 0.076300 0.079100 0.115900 0.079100 0.075900 0.117800 0.078900 0.075600 0.119000 0.075900 0.161400 0.119100 0.115900 0.038600 0.075900 0.000000 0.119800 0.075600 0.116700 0.075900 0.081200 0.120200 0.077400 0.078600 0.079100 0.038600 0.038600 0.116700 0.116600 0.076300 0.115100 0.199000 0.077800 0.114100 0.157100
BlueWildeb 0.035100 0.035500 0.150900 0.113600 0.037200 0.035400 0.035000 0.071200 0.071700 0.075000 0.035100 0.071800 0.035200 0.035100 0.113900 0.035100 0.035600 0.035100 0.037400 0.071700 0.037400 0.035100 0.152800 0.114500 0.035000 0.075000 0.035300 0.034200 0.000200 0.071700 0.075000 0.035100 0.119800 0.000000 0.035000 0.072400 0.035100 0.000300 0.073400 0.112500 0.114300 0.037400 0.075000 0.075000 0.072400 0.071300 0.035400 0.071100 0.145700 0.139400 0.070600 0.109800
Gemsbok 0.000100 0.000300 0.107900 0.112900 0.000200 0.034900 0.000000 0.033900 0.034300 0.035700 0.000100 0.034500 0.000200 0.000100 0.072300 0.000100 0.000400 0.000400 0.000300 0.034300 0.000300 0.000100 0.109300 0.072400 0.000000 0.035700 0.000300 0.070900 0.034700 0.034300 0.035600 0.000100 0.075600 0.035000 0.000000 0.034800 0.000100 0.036700 0.035000 0.071600 0.072500 0.000300 0.035600 0.035600 0.034800 0.034100 0.000200 0.034000 0.104500 0.072000 0.033800 0.069900
Yak 0.034900 0.035200 0.071100 0.154800 0.036700 0.072200 0.034800 0.070400 0.000400 0.073200 0.034900 0.000100 0.034900 0.034900 0.111200 0.034900 0.035300 0.034800 0.037000 0.000400 0.037000 0.034900 0.150700 0.111300 0.034800 0.074700 0.035200 0.034900 0.071800 0.000400 0.073300 0.034900 0.116700 0.072400 0.034800 0.000000 0.034900 0.075600 0.072200 0.110800 0.111700 0.037000 0.073300 0.073300 0.000000 0.070800 0.035000 0.070900 0.144100 0.111500 0.000400 0.034500
BlueSheep 0.000000 0.000200 0.108000 0.112700 0.000100 0.034800 0.000100 0.033900 0.034400 0.035600 0.000000 0.034500 0.000100 0.000000 0.072300 0.000000 0.000300 0.000300 0.000200 0.034400 0.000200 0.000000 0.109400 0.072500 0.000100 0.035900 0.000200 0.071000 0.034600 0.034400 0.035800 0.000000 0.075900 0.035100 0.000100 0.034900 0.000000 0.036700 0.035000 0.071700 0.072600 0.000200 0.035800 0.035800 0.034900 0.033700 0.000100 0.034000 0.104200 0.072100 0.033800 0.070000
BohorReedb 0.036700 0.037200 0.157000 0.076900 0.035700 0.037100 0.036700 0.074500 0.074900 0.038100 0.036700 0.075100 0.036800 0.036700 0.120000 0.036700 0.037300 0.036900 0.039400 0.074900 0.039400 0.036700 0.115600 0.077200 0.036700 0.078800 0.037200 0.035700 0.000100 0.074900 0.038000 0.036700 0.081200 0.000300 0.036700 0.075600 0.036700 0.000000 0.077400 0.075800 0.076900 0.039400 0.038000 0.038000 0.075600 0.074900 0.037000 0.074300 0.152200 0.076400 0.073800 0.114400
KirksDik 0.035000 0.035400 0.149300 0.157500 0.037200 0.072400 0.035000 0.070700 0.071400 0.075100 0.035000 0.071800 0.035100 0.035000 0.036200 0.035000 0.035400 0.034900 0.037300 0.071400 0.037300 0.035000 0.151800 0.114200 0.035000 0.074800 0.035400 0.111100 0.072400 0.071400 0.075200 0.035000 0.120200 0.073400 0.035000 0.072200 0.035000 0.077400 0.000000 0.112400 0.114000 0.037300 0.075200 0.075200 0.072200 0.071200 0.035400 0.070000 0.144900 0.113100 0.070400 0.109000
RoeDeer 0.071700 0.072400 0.190800 0.036700 0.036400 0.112300 0.071600 0.108700 0.109400 0.036400 0.071700 0.109900 0.071600 0.071700 0.153500 0.071700 0.072500 0.071700 0.075500 0.109400 0.075500 0.071700 0.033400 0.073300 0.071600 0.036000 0.072200 0.151100 0.111600 0.109400 0.035100 0.071700 0.077400 0.112500 0.071600 0.110800 0.071700 0.075800 0.112400 0.000000 0.073300 0.075500 0.036300 0.036300 0.110800 0.109400 0.072400 0.109000 0.184700 0.073500 0.107900 0.148500
WhiteLippe 0.072600 0.073200 0.109400 0.116800 0.037000 0.113900 0.072500 0.110000 0.110500 0.036800 0.072600 0.111200 0.072600 0.072600 0.155800 0.072600 0.073300 0.072600 0.076500 0.110500 0.076500 0.072600 0.035400 0.074100 0.072500 0.115400 0.073200 0.153000 0.113100 0.110500 0.036700 0.072600 0.078600 0.114300 0.072500 0.111700 0.072600 0.076900 0.114000 0.073300 0.000000 0.076500 0.036700 0.036700 0.111700 0.110800 0.073000 0.110200 0.187600 0.036200 0.109300 0.071100
ThomsonGaz 0.000200 0.000400 0.114100 0.118400 0.000300 0.037200 0.000300 0.036000 0.036200 0.037200 0.000200 0.036700 0.000300 0.000200 0.076800 0.000200 0.000500 0.000500 0.000000 0.036200 0.000000 0.000200 0.115400 0.076400 0.000300 0.035700 0.000400 0.075000 0.037000 0.036200 0.037500 0.000200 0.079100 0.037400 0.000300 0.037000 0.000200 0.039400 0.037300 0.075500 0.076500 0.000000 0.037500 0.037500 0.037000 0.036200 0.000300 0.036100 0.110200 0.075700 0.036000 0.073800
MuntiacusC 0.035800 0.036100 0.151200 0.076900 0.000300 0.075000 0.035600 0.072300 0.072600 0.000100 0.035800 0.072900 0.035600 0.035800 0.115800 0.035800 0.036100 0.035700 0.037500 0.072600 0.037500 0.035800 0.073300 0.035400 0.035600 0.075500 0.035800 0.113100 0.074400 0.072600 0.000000 0.035800 0.038600 0.075000 0.035600 0.073300 0.035800 0.038000 0.075200 0.036300 0.036700 0.037500 0.000000 0.000000 0.073300 0.072800 0.035900 0.072200 0.147800 0.036600 0.071600 0.110500
WhiteTaile 0.035800 0.036100 0.151200 0.076900 0.000300 0.075000 0.035600 0.072300 0.072600 0.000100 0.035800 0.072900 0.035600 0.035800 0.115800 0.035800 0.036100 0.035700 0.037500 0.072600 0.037500 0.035800 0.073300 0.036700 0.035600 0.075500 0.035800 0.113100 0.074400 0.072600 0.000000 0.035800 0.038600 0.075000 0.035600 0.073300 0.035800 0.038000 0.075200 0.036300 0.036700 0.037500 0.000000 0.000000 0.073300 0.072800 0.035900 0.072200 0.147800 0.036600 0.071600 0.110500
Cattle 0.034900 0.035200 0.071100 0.154800 0.036700 0.072200 0.034800 0.070400 0.000400 0.073200 0.034900 0.000100 0.034900 0.034900 0.111200 0.034900 0.035300 0.034800 0.037000 0.000400 0.037000 0.034900 0.150700 0.111300 0.034800 0.074700 0.035200 0.034900 0.071800 0.000400 0.073300 0.034900 0.116700 0.072400 0.034800 0.000000 0.034900 0.075600 0.072200 0.110800 0.111700 0.037000 0.073300 0.073300 0.000000 0.070800 0.035000 0.070900 0.144100 0.111500 0.000400 0.034500
RoyalAntel 0.034100 0.034400 0.146900 0.153100 0.036100 0.069700 0.034100 0.069000 0.069800 0.072700 0.034100 0.070300 0.034200 0.034100 0.110600 0.034100 0.034500 0.034000 0.036200 0.069800 0.036200 0.033800 0.148500 0.110700 0.034100 0.072900 0.034500 0.108400 0.070500 0.069800 0.072800 0.034100 0.116600 0.071300 0.034100 0.070800 0.033700 0.074900 0.071200 0.109400 0.110800 0.036200 0.072800 0.072800 0.070800 0.000000 0.034500 0.069200 0.142500 0.110200 0.068900 0.107100
Steenbok 0.000100 0.000300 0.108700 0.113900 0.000200 0.035300 0.000200 0.034300 0.034700 0.035700 0.000100 0.034900 0.000200 0.000100 0.072800 0.000100 0.000400 0.000400 0.000300 0.034700 0.000300 0.000100 0.110400 0.072900 0.000200 0.036200 0.000300 0.071500 0.035000 0.034700 0.035900 0.000100 0.076300 0.035400 0.000200 0.035000 0.000100 0.037000 0.035400 0.072400 0.073000 0.000300 0.035900 0.035900 0.035000 0.034500 0.000000 0.034400 0.105300 0.072700 0.034200 0.070600
Impala 0.034000 0.034400 0.147500 0.152200 0.035900 0.070600 0.034000 0.068700 0.069800 0.072100 0.034000 0.070300 0.034100 0.034000 0.109500 0.034000 0.034500 0.033900 0.036100 0.069800 0.036100 0.033600 0.148200 0.109700 0.034000 0.073200 0.034400 0.108200 0.070200 0.069800 0.072200 0.034000 0.115100 0.071100 0.034000 0.070900 0.034000 0.074300 0.070000 0.109000 0.110200 0.036100 0.072200 0.072200 0.070900 0.069200 0.034400 0.000000 0.141100 0.034600 0.068800 0.107300
Klipspring 0.104200 0.105200 0.224400 0.233100 0.110100 0.144900 0.104500 0.066900 0.142300 0.147900 0.104200 0.143300 0.104600 0.104200 0.106800 0.103600 0.105600 0.104200 0.110200 0.142300 0.110200 0.104200 0.225600 0.187100 0.104500 0.147800 0.105600 0.184100 0.143700 0.142300 0.147800 0.104200 0.199000 0.145700 0.104500 0.144100 0.104200 0.152200 0.144900 0.184700 0.187600 0.110200 0.147800 0.147800 0.144100 0.142500 0.105300 0.141100 0.000000 0.187400 0.140800 0.181900
ForestMusk 0.072100 0.072900 0.151500 0.115900 0.036700 0.113100 0.072000 0.109700 0.110700 0.036500 0.072100 0.110900 0.087500 0.072100 0.155300 0.072100 0.073000 0.072100 0.075700 0.110700 0.075700 0.072100 0.073000 0.074200 0.072000 0.114600 0.092600 0.153100 0.112400 0.110700 0.036600 0.072100 0.077800 0.139400 0.072000 0.111500 0.072100 0.076400 0.113100 0.073500 0.036200 0.075700 0.036600 0.036600 0.111500 0.110200 0.072700 0.034600 0.187400 0.000000 0.109000 0.110200
Bushbuck 0.033800 0.034200 0.069000 0.150800 0.035700 0.070400 0.033800 0.068500 0.000200 0.071400 0.033800 0.000300 0.033900 0.033800 0.108700 0.033800 0.034300 0.033800 0.036000 0.000200 0.036000 0.033800 0.146800 0.109000 0.033800 0.072400 0.034200 0.033900 0.069900 0.000200 0.071600 0.033800 0.114100 0.070600 0.033800 0.000400 0.033800 0.073800 0.070400 0.107900 0.109300 0.036000 0.071600 0.071600 0.000400 0.068900 0.034200 0.068800 0.140800 0.109000 0.000000 0.033600
GreaterKud 0.070000 0.070500 0.033100 0.194700 0.073600 0.109200 0.069900 0.106400 0.033900 0.110500 0.070000 0.034200 0.070200 0.070000 0.149000 0.070000 0.070600 0.069900 0.073800 0.033900 0.073800 0.070000 0.107900 0.149400 0.069900 0.112200 0.070800 0.069800 0.108600 0.033900 0.110500 0.070000 0.157100 0.109800 0.069900 0.034500 0.070000 0.114400 0.109000 0.148500 0.071100 0.073800 0.110500 0.110500 0.034500 0.107100 0.070600 0.107300 0.181900 0.110200 0.033600 0.000000
