1
52 1
Argali 0.000000 0.230200 0.083200 0.194700 0.071700 0.009300 0.068100 0.062600 0.083100 0.094500 0.022800 0.081500 0.054000 0.058300 0.077300 0.075800 0.095200 0.085600 0.044000 0.086500 0.069300 0.029100 0.080900 0.103800 0.030200 0.075700 0.052900 0.085300 0.066800 0.080700 0.097700 0.050700 0.112500 0.055000 0.050900 0.078600 0.020700 0.067200 0.069400 0.095700 0.089500 0.078100 0.090900 0.104800 0.077500 0.079700 0.071700 0.066400 0.064800 0.099000 0.084000 0.080700
LesserMous 0.230200 0.000000 0.232200 0.270000 0.242200 0.231300 0.229500 0.224000 0.233800 0.233200 0.228900 0.238400 0.227600 0.224000 0.246100 0.249000 0.222200 0.219300 0.218900 0.233700 0.230400 0.233200 0.226200 0.228800 0.238100 0.242600 0.227700 0.234700 0.238500 0.229000 0.231400 0.224000 0.243000 0.230500 0.228100 0.235400 0.226100 0.246400 0.239400 0.244900 0.234200 0.247100 0.229700 0.227500 0.236800 0.250600 0.233500 0.223400 0.235500 0.240200 0.234700 0.238700
LesserKudu 0.083200 0.232200 0.000000 0.202700 0.092400 0.085000 0.083100 0.079700 0.026000 0.094600 0.087400 0.070600 0.076100 0.077000 0.092700 0.093400 0.096900 0.085800 0.078500 0.026000 0.086500 0.092200 0.086700 0.107100 0.089600 0.088700 0.077000 0.031200 0.085300 0.029100 0.099000 0.069300 0.118100 0.079200 0.077700 0.069700 0.082800 0.091700 0.088200 0.100600 0.093100 0.095900 0.092300 0.108600 0.068700 0.103600 0.087600 0.080600 0.088100 0.100700 0.032300 0.025900
KillerWhal 0.194700 0.270000 0.202700 0.000000 0.193100 0.200400 0.193200 0.195900 0.206000 0.193400 0.191000 0.184500 0.183200 0.193300 0.195900 0.208600 0.188500 0.191600 0.181000 0.204600 0.195000 0.196000 0.191100 0.202300 0.200100 0.204100 0.188700 0.204300 0.197900 0.202800 0.198300 0.188600 0.217300 0.186600 0.190400 0.187800 0.184500 0.194800 0.199500 0.208200 0.198800 0.213000 0.195900 0.196100 0.189100 0.216000 0.190100 0.194600 0.184000 0.204100 0.210900 0.201400
DefassaWat 0.071700 0.242200 0.092400 0.193100 0.000000 0.073500 0.071500 0.070200 0.090100 0.097600 0.073600 0.094300 0.066100 0.064900 0.086400 0.079100 0.098900 0.094800 0.069100 0.093400 0.072600 0.079500 0.088500 0.096900 0.077000 0.078800 0.069500 0.094500 0.071200 0.089800 0.102000 0.059300 0.123000 0.069400 0.065200 0.091100 0.069200 0.016200 0.079500 0.094600 0.099800 0.084900 0.097800 0.102500 0.090000 0.092100 0.073900 0.079900 0.074900 0.108700 0.095500 0.094400
Sheep 0.009300 0.231300 0.085000 0.200400 0.073500 0.000000 0.072200 0.066700 0.085000 0.096300 0.026000 0.083400 0.058200 0.062300 0.079000 0.079800 0.099200 0.089800 0.045800 0.088400 0.073500 0.032300 0.087100 0.107900 0.033400 0.075500 0.057200 0.089500 0.070900 0.084800 0.099600 0.054500 0.115500 0.059300 0.055300 0.082600 0.023900 0.066900 0.073600 0.097500 0.095800 0.080200 0.092800 0.109000 0.081600 0.081600 0.073600 0.070600 0.068700 0.102800 0.088100 0.087100
MaxwellsDu 0.068100 0.229500 0.083100 0.193200 0.071500 0.072200 0.000000 0.063600 0.083300 0.096700 0.068100 0.086000 0.053700 0.046100 0.088600 0.078200 0.099900 0.093600 0.065700 0.084500 0.070300 0.071400 0.091000 0.091100 0.074500 0.080200 0.059300 0.085500 0.068100 0.078600 0.098800 0.033100 0.111300 0.059300 0.065800 0.088600 0.064500 0.070100 0.074900 0.101800 0.095100 0.085000 0.095400 0.101300 0.084100 0.084100 0.076000 0.071800 0.066900 0.092800 0.084200 0.083100
GazellaPrz 0.062600 0.224000 0.079700 0.195900 0.070200 0.066700 0.063600 0.000000 0.079700 0.087500 0.064500 0.083900 0.053900 0.063800 0.073700 0.040900 0.090400 0.082800 0.061200 0.080800 0.030200 0.065900 0.081700 0.096900 0.070000 0.038700 0.057200 0.078400 0.031200 0.075000 0.086200 0.047400 0.108800 0.057200 0.061700 0.080400 0.060100 0.070100 0.038700 0.093400 0.089800 0.042000 0.082700 0.097800 0.078200 0.078400 0.046300 0.065200 0.052700 0.091900 0.080500 0.079500
MountainNy 0.083100 0.233800 0.026000 0.206000 0.090100 0.085000 0.083300 0.079700 0.000000 0.090100 0.085100 0.074000 0.076100 0.075000 0.090500 0.093400 0.091100 0.084700 0.078500 0.018600 0.084200 0.089900 0.081100 0.104900 0.085100 0.090800 0.079300 0.015500 0.085300 0.019600 0.094500 0.067400 0.118100 0.081400 0.080000 0.072000 0.080500 0.087100 0.085900 0.098400 0.088600 0.094500 0.088900 0.106300 0.072000 0.101300 0.083000 0.077000 0.085900 0.099400 0.020700 0.022800
MuntiacusM 0.094500 0.233200 0.094600 0.193400 0.097600 0.096300 0.096700 0.087500 0.090100 0.000000 0.097300 0.085300 0.089800 0.085300 0.101500 0.103400 0.103300 0.095700 0.089300 0.094800 0.093200 0.100100 0.044000 0.064600 0.101000 0.098200 0.093400 0.092300 0.097500 0.091100 0.011100 0.081800 0.118500 0.095600 0.093600 0.085600 0.092800 0.098600 0.101500 0.060400 0.053700 0.103600 0.008000 0.066700 0.085600 0.113600 0.095500 0.096100 0.093200 0.097500 0.092100 0.098100
goat 0.022800 0.228900 0.087400 0.191000 0.073600 0.026000 0.068100 0.064500 0.085100 0.097300 0.000000 0.080000 0.056700 0.058000 0.081500 0.082200 0.099600 0.090000 0.042900 0.088500 0.070100 0.031200 0.087400 0.101200 0.011300 0.075400 0.055700 0.085000 0.070900 0.082600 0.100500 0.052500 0.112100 0.054700 0.052700 0.080500 0.009200 0.069100 0.071300 0.095400 0.093700 0.077800 0.094000 0.102200 0.079400 0.081700 0.073600 0.070600 0.064500 0.095700 0.088200 0.084900
AfricanBuf 0.081500 0.238400 0.070600 0.184500 0.094300 0.083400 0.086000 0.083900 0.074000 0.085300 0.080000 0.000000 0.080500 0.076000 0.085300 0.091600 0.101200 0.094900 0.072600 0.075100 0.086100 0.084800 0.076400 0.107300 0.083400 0.089100 0.081700 0.071600 0.083600 0.067100 0.093100 0.070400 0.119300 0.083800 0.075100 0.038900 0.074500 0.090600 0.090800 0.102700 0.083800 0.092900 0.087500 0.109400 0.037800 0.104900 0.086400 0.079900 0.083800 0.100200 0.072800 0.073800
Topi 0.054000 0.227600 0.076100 0.183200 0.066100 0.058200 0.053700 0.053900 0.076100 0.089800 0.056700 0.080500 0.000000 0.058300 0.072700 0.071200 0.095500 0.088000 0.049500 0.077200 0.058200 0.060300 0.082000 0.098100 0.062200 0.068700 0.011300 0.078200 0.061200 0.073700 0.091900 0.043100 0.110000 0.013400 0.038800 0.078200 0.051500 0.061400 0.067100 0.096900 0.090600 0.072500 0.086400 0.097800 0.077100 0.070500 0.059500 0.063000 0.059300 0.093100 0.079200 0.073600
CommonDuik 0.058300 0.224000 0.077000 0.193300 0.064900 0.062300 0.046100 0.063800 0.075000 0.085300 0.058000 0.076000 0.058300 0.000000 0.084100 0.074700 0.089600 0.084400 0.053800 0.080600 0.068200 0.061500 0.077500 0.086600 0.060200 0.080000 0.059500 0.077100 0.069000 0.070300 0.087300 0.023900 0.105500 0.061600 0.055200 0.075200 0.055900 0.063500 0.070500 0.090000 0.085800 0.080400 0.084100 0.096700 0.071800 0.078700 0.068400 0.070900 0.061500 0.091700 0.075800 0.074800
Suni 0.077300 0.246100 0.092700 0.195900 0.086400 0.079000 0.088600 0.073700 0.090500 0.101500 0.081500 0.085300 0.072700 0.084100 0.000000 0.087000 0.104800 0.099400 0.077200 0.093900 0.074800 0.082900 0.088900 0.111800 0.087200 0.082200 0.076200 0.095000 0.076700 0.092600 0.104600 0.070600 0.127000 0.076100 0.074300 0.093500 0.074900 0.083800 0.079500 0.100600 0.099700 0.086100 0.101500 0.110900 0.090100 0.089800 0.070600 0.063100 0.074900 0.107500 0.093600 0.097200
Springbuck 0.075800 0.249000 0.093400 0.208600 0.079100 0.079800 0.078200 0.040900 0.093400 0.103400 0.082200 0.091600 0.071200 0.074700 0.087000 0.000000 0.105700 0.099200 0.079000 0.099100 0.038400 0.076900 0.095400 0.107000 0.085600 0.036200 0.072500 0.092900 0.015500 0.093100 0.103200 0.058300 0.124100 0.070100 0.077000 0.094200 0.077700 0.080000 0.049200 0.111800 0.105700 0.037700 0.097600 0.108100 0.092800 0.091100 0.054600 0.076100 0.063300 0.106900 0.094200 0.095500
Okapi 0.095200 0.222200 0.096900 0.188500 0.098900 0.099200 0.099900 0.090400 0.091100 0.103300 0.099600 0.101200 0.095500 0.089600 0.104800 0.105700 0.000000 0.037100 0.084000 0.095700 0.099000 0.103200 0.089900 0.104700 0.105400 0.099600 0.096800 0.094700 0.097500 0.095500 0.103100 0.086500 0.108600 0.094400 0.094400 0.097900 0.095000 0.098600 0.098700 0.092300 0.095100 0.108000 0.102400 0.104800 0.094500 0.102600 0.090600 0.093500 0.096200 0.109300 0.099100 0.094300
Giraffe 0.085600 0.219300 0.085800 0.191600 0.094800 0.089800 0.093600 0.082800 0.084700 0.095700 0.090000 0.094900 0.088000 0.084400 0.099400 0.099200 0.037100 0.000000 0.074400 0.087000 0.090300 0.095800 0.084800 0.101700 0.095700 0.099200 0.087000 0.090300 0.091100 0.091400 0.097800 0.079000 0.093600 0.086900 0.089200 0.088100 0.085500 0.093800 0.089100 0.091600 0.091400 0.101500 0.092600 0.107300 0.086800 0.097200 0.086600 0.088200 0.090200 0.097800 0.092600 0.089100
TibetanAnt 0.044000 0.218900 0.078500 0.181000 0.069100 0.045800 0.065700 0.061200 0.078500 0.089300 0.042900 0.072600 0.049500 0.053800 0.077200 0.079000 0.084000 0.074400 0.000000 0.079600 0.070200 0.045000 0.083000 0.103400 0.048300 0.076600 0.048500 0.078300 0.070000 0.076000 0.094900 0.046200 0.105200 0.048400 0.047200 0.069400 0.038600 0.061500 0.072600 0.092100 0.093900 0.079100 0.089600 0.106900 0.070500 0.073900 0.062400 0.066300 0.062500 0.096200 0.079300 0.078300
Sitatunga 0.086500 0.233700 0.026000 0.204600 0.093400 0.088400 0.084500 0.080800 0.018600 0.094800 0.088500 0.075100 0.077200 0.080600 0.093900 0.099100 0.095700 0.087000 0.079600 0.000000 0.089900 0.093300 0.085700 0.108500 0.090800 0.094400 0.082700 0.024900 0.088700 0.021700 0.099200 0.071800 0.116800 0.084800 0.083400 0.074200 0.083900 0.089300 0.087000 0.102000 0.093200 0.100500 0.094700 0.111100 0.073100 0.104800 0.084100 0.080600 0.090400 0.105200 0.028000 0.027000
Oribi 0.069300 0.230400 0.086500 0.195000 0.072600 0.073500 0.070300 0.030200 0.084200 0.093200 0.070100 0.086100 0.058200 0.068200 0.074800 0.038400 0.099000 0.090300 0.070200 0.089900 0.000000 0.071400 0.086500 0.099000 0.075700 0.035400 0.061600 0.086300 0.028500 0.084000 0.093000 0.052800 0.114800 0.061500 0.063900 0.082700 0.065700 0.071500 0.041900 0.101500 0.094300 0.036600 0.087500 0.102300 0.079400 0.081900 0.047300 0.065200 0.058100 0.092100 0.087300 0.086300
BarbaryShe 0.029100 0.233200 0.092200 0.196000 0.079500 0.032300 0.071400 0.065900 0.089900 0.100100 0.031200 0.084800 0.060300 0.061500 0.082900 0.076900 0.103200 0.095800 0.045000 0.093300 0.071400 0.000000 0.086500 0.107200 0.036500 0.079000 0.059300 0.089700 0.072300 0.085200 0.101100 0.056100 0.117100 0.060500 0.058500 0.084100 0.027000 0.074900 0.072700 0.102600 0.095200 0.079200 0.094300 0.108300 0.085300 0.083000 0.077200 0.074200 0.070300 0.104500 0.088500 0.089700
Daviddeer 0.080900 0.226200 0.086700 0.191100 0.088500 0.087100 0.091000 0.081700 0.081100 0.044000 0.087400 0.076400 0.082000 0.077500 0.088900 0.095400 0.089900 0.084800 0.083000 0.085700 0.086500 0.086500 0.000000 0.058200 0.090800 0.092800 0.083200 0.084400 0.087300 0.081000 0.040900 0.071900 0.112600 0.085300 0.083100 0.076600 0.082800 0.089800 0.093500 0.051900 0.019700 0.097800 0.041900 0.057200 0.078900 0.105100 0.086500 0.081300 0.084100 0.092200 0.086500 0.087800
Reindeer 0.103800 0.228800 0.107100 0.202300 0.096900 0.107900 0.091100 0.096900 0.104900 0.064600 0.101200 0.107300 0.098100 0.086600 0.111800 0.107000 0.104700 0.101700 0.103400 0.108500 0.099000 0.107200 0.058200 0.000000 0.103500 0.109100 0.102800 0.104700 0.100000 0.103600 0.063600 0.087700 0.112700 0.100400 0.097200 0.103000 0.098900 0.100200 0.109900 0.058300 0.064600 0.116600 0.066000 0.030200 0.103000 0.119500 0.106400 0.097400 0.094500 0.103300 0.104500 0.109400
Ibex 0.030200 0.238100 0.089600 0.200100 0.077000 0.033400 0.074500 0.070000 0.085100 0.101000 0.011300 0.083400 0.062200 0.060200 0.087200 0.085600 0.105400 0.095700 0.048300 0.090800 0.075700 0.036500 0.090800 0.103500 0.000000 0.081000 0.059000 0.084900 0.074300 0.084900 0.104300 0.054700 0.116900 0.060200 0.056000 0.083900 0.016500 0.072400 0.076900 0.098900 0.097200 0.083500 0.097500 0.105700 0.082800 0.085100 0.079200 0.073900 0.068900 0.103600 0.089600 0.087100
GyrantGaze 0.075700 0.242600 0.088700 0.204100 0.078800 0.075500 0.080200 0.038700 0.090800 0.098200 0.075400 0.089100 0.068700 0.080000 0.082200 0.036200 0.099600 0.099200 0.076600 0.094400 0.035400 0.079000 0.092800 0.109100 0.081000 0.000000 0.067700 0.092800 0.025800 0.088500 0.095800 0.063600 0.125100 0.069900 0.074700 0.089300 0.071000 0.075600 0.047000 0.102200 0.100700 0.023800 0.092700 0.103100 0.087900 0.088500 0.048000 0.074900 0.060900 0.101900 0.094300 0.090700
Hartebeest 0.052900 0.227700 0.077000 0.188700 0.069500 0.057200 0.059300 0.057200 0.079300 0.093400 0.055700 0.081700 0.011300 0.059500 0.076200 0.072500 0.096800 0.087000 0.048500 0.082700 0.061600 0.059300 0.083200 0.102800 0.059000 0.067700 0.000000 0.081400 0.062400 0.076800 0.095500 0.047500 0.109000 0.012400 0.039900 0.079400 0.050400 0.064800 0.068400 0.099300 0.094100 0.070300 0.087600 0.102600 0.078400 0.073900 0.060600 0.064200 0.061600 0.094500 0.082600 0.076800
Bongo 0.085300 0.234700 0.031200 0.204300 0.094500 0.089500 0.085500 0.078400 0.015500 0.092300 0.085000 0.071600 0.078200 0.077100 0.095000 0.092900 0.094700 0.090300 0.078300 0.024900 0.086300 0.089700 0.084400 0.104700 0.084900 0.092800 0.081400 0.000000 0.087100 0.020600 0.096700 0.067300 0.121500 0.083600 0.082100 0.069600 0.080400 0.091600 0.088100 0.100600 0.090700 0.096500 0.091100 0.103800 0.067400 0.105800 0.089700 0.079400 0.088000 0.098000 0.015400 0.023800
Gerenuk 0.066800 0.238500 0.085300 0.197900 0.071200 0.070900 0.068100 0.031200 0.085300 0.097500 0.070900 0.083600 0.061200 0.069000 0.076700 0.015500 0.097500 0.091100 0.070000 0.088700 0.028500 0.072300 0.087300 0.100000 0.074300 0.025800 0.062400 0.087100 0.000000 0.082800 0.097300 0.052800 0.118000 0.062300 0.064700 0.083800 0.066500 0.072200 0.039400 0.103500 0.097500 0.027000 0.092700 0.099800 0.082500 0.079700 0.046900 0.066600 0.053400 0.098700 0.086100 0.085100
CommonElan 0.080700 0.229000 0.029100 0.202800 0.089800 0.084800 0.078600 0.075000 0.019600 0.091100 0.082600 0.067100 0.073700 0.070300 0.092600 0.093100 0.095500 0.091400 0.076000 0.021700 0.084000 0.085200 0.081000 0.103600 0.084900 0.088500 0.076800 0.020600 0.082800 0.000000 0.095500 0.065000 0.119000 0.079000 0.075300 0.066200 0.078100 0.086900 0.083400 0.101700 0.087300 0.094500 0.089900 0.107300 0.067300 0.101100 0.082800 0.073600 0.085700 0.101500 0.021700 0.025900
MuntiacusR 0.097700 0.231400 0.099000 0.198300 0.102000 0.099600 0.098800 0.086200 0.094500 0.011100 0.100500 0.093100 0.091900 0.087300 0.104600 0.103200 0.103100 0.097800 0.094900 0.099200 0.093000 0.101100 0.040900 0.063600 0.104300 0.095800 0.095500 0.096700 0.097300 0.095500 0.000000 0.083900 0.115800 0.097600 0.099000 0.091100 0.096200 0.103000 0.101300 0.059400 0.050600 0.101000 0.011300 0.061300 0.091100 0.113300 0.094100 0.098200 0.093000 0.100800 0.096500 0.102500
HarveysDui 0.050700 0.224000 0.069300 0.188600 0.059300 0.054500 0.033100 0.047400 0.067400 0.081800 0.052500 0.070400 0.043100 0.023900 0.070600 0.058300 0.086500 0.079000 0.046200 0.071800 0.052800 0.056100 0.071900 0.087700 0.054700 0.063600 0.047500 0.067300 0.052800 0.065000 0.083900 0.000000 0.104200 0.047400 0.046500 0.069600 0.048200 0.055700 0.058400 0.087700 0.080400 0.067300 0.078500 0.091000 0.068500 0.070800 0.058400 0.058600 0.052700 0.085900 0.070400 0.069500
Pronghorn 0.112500 0.243000 0.118100 0.217300 0.123000 0.115500 0.111300 0.108800 0.118100 0.118500 0.112100 0.119300 0.110000 0.105500 0.127000 0.124100 0.108600 0.093600 0.105200 0.116800 0.114800 0.117100 0.112600 0.112700 0.116900 0.125100 0.109000 0.121500 0.118000 0.119000 0.115800 0.104200 0.000000 0.110000 0.111600 0.116300 0.108700 0.118300 0.116200 0.121000 0.120200 0.126700 0.118300 0.118400 0.114000 0.123500 0.118600 0.115500 0.114700 0.114700 0.121300 0.121500
BlueWildeb 0.055000 0.230500 0.079200 0.186600 0.069400 0.059300 0.059300 0.057200 0.081400 0.095600 0.054700 0.083800 0.013400 0.061600 0.076100 0.070100 0.094400 0.086900 0.048400 0.084800 0.061500 0.060500 0.085300 0.100400 0.060200 0.069900 0.012400 0.083600 0.062300 0.079000 0.097600 0.047400 0.110000 0.000000 0.039900 0.080700 0.052600 0.064700 0.068300 0.100300 0.094000 0.073600 0.089800 0.101300 0.079600 0.071600 0.059400 0.064100 0.059300 0.092000 0.084600 0.079000
Gemsbok 0.050900 0.228100 0.077700 0.190400 0.065200 0.055300 0.065800 0.061700 0.080000 0.093600 0.052700 0.075100 0.038800 0.055200 0.074300 0.077000 0.094400 0.089200 0.047200 0.083400 0.063900 0.058500 0.083100 0.097200 0.056000 0.074700 0.039900 0.082100 0.064700 0.075300 0.099000 0.046500 0.111600 0.039900 0.000000 0.069800 0.048200 0.061800 0.070700 0.098300 0.092000 0.078300 0.092300 0.103900 0.068700 0.075400 0.064000 0.066200 0.062800 0.093300 0.083000 0.077500
Yak 0.078600 0.235400 0.069700 0.187800 0.091100 0.082600 0.088600 0.080400 0.072000 0.085600 0.080500 0.038900 0.078200 0.075200 0.093500 0.094200 0.097900 0.088100 0.069400 0.074200 0.082700 0.084100 0.076600 0.103000 0.083900 0.089300 0.079400 0.069600 0.083800 0.066200 0.091100 0.069600 0.116300 0.080700 0.069800 0.000000 0.076000 0.087400 0.087700 0.098400 0.082900 0.090800 0.085500 0.105100 0.013400 0.098300 0.085500 0.079000 0.082900 0.094600 0.068600 0.067300
BlueSheep 0.020700 0.226100 0.082800 0.184500 0.069200 0.023900 0.064500 0.060100 0.080500 0.092800 0.009200 0.074500 0.051500 0.055900 0.074900 0.077700 0.095000 0.085500 0.038600 0.083900 0.065700 0.027000 0.082800 0.098900 0.016500 0.071000 0.050400 0.080400 0.066500 0.078100 0.096200 0.048200 0.108700 0.052600 0.048200 0.076000 0.000000 0.064700 0.066900 0.093100 0.091500 0.073400 0.089500 0.099900 0.074900 0.077200 0.069100 0.066100 0.062300 0.097800 0.083600 0.080300
BohorReedb 0.067200 0.246400 0.091700 0.194800 0.016200 0.066900 0.070100 0.070100 0.087100 0.098600 0.069100 0.090600 0.061400 0.063500 0.083800 0.080000 0.098600 0.093800 0.061500 0.089300 0.071500 0.074900 0.089800 0.100200 0.072400 0.075600 0.064800 0.091600 0.072200 0.086900 0.103000 0.055700 0.118300 0.064700 0.061800 0.087400 0.064700 0.000000 0.077200 0.095600 0.100800 0.083700 0.098900 0.105900 0.086300 0.087200 0.072800 0.076500 0.072400 0.102500 0.092600 0.091500
KirksDik 0.069400 0.239400 0.088200 0.199500 0.079500 0.073600 0.074900 0.038700 0.085900 0.101500 0.071300 0.090800 0.067100 0.070500 0.079500 0.049200 0.098700 0.089100 0.072600 0.087000 0.041900 0.072700 0.093500 0.109900 0.076900 0.047000 0.068400 0.088100 0.039400 0.083400 0.101300 0.058400 0.116200 0.068300 0.070700 0.087700 0.066900 0.077200 0.000000 0.102900 0.103500 0.050400 0.095700 0.106200 0.086600 0.086600 0.047500 0.072000 0.059300 0.099200 0.091300 0.085700
RoeDeer 0.095700 0.244900 0.100600 0.208200 0.094600 0.097500 0.101800 0.093400 0.098400 0.060400 0.095400 0.102700 0.096900 0.090000 0.100600 0.111800 0.092300 0.091600 0.092100 0.102000 0.101500 0.102600 0.051900 0.058300 0.098900 0.102200 0.099300 0.100600 0.103500 0.101700 0.059400 0.087700 0.121000 0.100300 0.098300 0.098400 0.093100 0.095600 0.102900 0.000000 0.058300 0.109500 0.060400 0.059300 0.100700 0.118200 0.094900 0.095200 0.092200 0.103900 0.102700 0.104100
WhiteLippe 0.089500 0.234200 0.093100 0.198800 0.099800 0.095800 0.095100 0.089800 0.088600 0.053700 0.093700 0.083800 0.090600 0.085800 0.099700 0.105700 0.095100 0.091400 0.093900 0.093200 0.094300 0.095200 0.019700 0.064600 0.097200 0.100700 0.094100 0.090700 0.097500 0.087300 0.050600 0.080400 0.120200 0.094000 0.092000 0.082900 0.091500 0.100800 0.103500 0.058300 0.000000 0.106900 0.051600 0.065600 0.082900 0.113800 0.094400 0.088600 0.092000 0.094000 0.092900 0.094200
ThomsonGaz 0.078100 0.247100 0.095900 0.213000 0.084900 0.080200 0.085000 0.042000 0.094500 0.103600 0.077800 0.092900 0.072500 0.080400 0.086100 0.037700 0.108000 0.101500 0.079100 0.100500 0.036600 0.079200 0.097800 0.116600 0.083500 0.023800 0.070300 0.096500 0.027000 0.094500 0.101000 0.067300 0.126700 0.073600 0.078300 0.090800 0.073400 0.083700 0.050400 0.109500 0.106900 0.000000 0.097700 0.112900 0.088300 0.092300 0.053600 0.078500 0.064600 0.108400 0.098000 0.095600
MuntiacusC 0.090900 0.229700 0.092300 0.195900 0.097800 0.092800 0.095400 0.082700 0.088900 0.008000 0.094000 0.087500 0.086400 0.084100 0.101500 0.097600 0.102400 0.092600 0.089600 0.094700 0.087500 0.094300 0.041900 0.066000 0.097500 0.092700 0.087600 0.091100 0.092700 0.089900 0.011300 0.078500 0.118300 0.089800 0.092300 0.085500 0.089500 0.098900 0.095700 0.060400 0.051600 0.097700 0.000000 0.063700 0.085500 0.109900 0.090000 0.094900 0.090600 0.095500 0.090900 0.096800
WhiteTaile 0.104800 0.227500 0.108600 0.196100 0.102500 0.109000 0.101300 0.097800 0.106300 0.066700 0.102200 0.109400 0.097800 0.096700 0.110900 0.108100 0.104800 0.107300 0.106900 0.111100 0.102300 0.108300 0.057200 0.030200 0.105700 0.103100 0.102600 0.103800 0.099800 0.107300 0.061300 0.091000 0.118400 0.101300 0.103900 0.105100 0.099900 0.105900 0.106200 0.059300 0.065600 0.112900 0.063700 0.000000 0.102800 0.119200 0.101600 0.105400 0.093200 0.108300 0.108300 0.110900
Cattle 0.077500 0.236800 0.068700 0.189100 0.090000 0.081600 0.084100 0.078200 0.072000 0.085600 0.079400 0.037800 0.077100 0.071800 0.090100 0.092800 0.094500 0.086800 0.070500 0.073100 0.079400 0.085300 0.078900 0.103000 0.082800 0.087900 0.078400 0.067400 0.082500 0.067300 0.091100 0.068500 0.114000 0.079600 0.068700 0.013400 0.074900 0.086300 0.086600 0.100700 0.082900 0.088300 0.085500 0.102800 0.000000 0.094900 0.082100 0.076700 0.081800 0.087700 0.070800 0.066200
RoyalAntel 0.079700 0.250600 0.103600 0.216000 0.092100 0.081600 0.084100 0.078400 0.101300 0.113600 0.081700 0.104900 0.070500 0.078700 0.089800 0.091100 0.102600 0.097200 0.073900 0.104800 0.081900 0.083000 0.105100 0.119500 0.085100 0.088500 0.073900 0.105800 0.079700 0.101100 0.113300 0.070800 0.123500 0.071600 0.075400 0.098300 0.077200 0.087200 0.086600 0.118200 0.113800 0.092300 0.109900 0.119200 0.094900 0.000000 0.078700 0.082400 0.079700 0.107400 0.104500 0.102200
Steenbok 0.071700 0.233500 0.087600 0.190100 0.073900 0.073600 0.076000 0.046300 0.083000 0.095500 0.073600 0.086400 0.059500 0.068400 0.070600 0.054600 0.090600 0.086600 0.062400 0.084100 0.047300 0.077200 0.086500 0.106400 0.079200 0.048000 0.060600 0.089700 0.046900 0.082800 0.094100 0.058400 0.118600 0.059400 0.064000 0.085500 0.069100 0.072800 0.047500 0.094900 0.094400 0.053600 0.090000 0.101600 0.082100 0.078700 0.000000 0.069800 0.055000 0.096900 0.090700 0.085100
Impala 0.066400 0.223400 0.080600 0.194600 0.079900 0.070600 0.071800 0.065200 0.077000 0.096100 0.070600 0.079900 0.063000 0.070900 0.063100 0.076100 0.093500 0.088200 0.066300 0.080600 0.065200 0.074200 0.081300 0.097400 0.073900 0.074900 0.064200 0.079400 0.066600 0.073600 0.098200 0.058600 0.115500 0.064100 0.066200 0.079000 0.066100 0.076500 0.072000 0.095200 0.088600 0.078500 0.094900 0.105400 0.076700 0.082400 0.069800 0.000000 0.066300 0.092600 0.080500 0.080400
Klipspring 0.064800 0.235500 0.088100 0.184000 0.074900 0.068700 0.066900 0.052700 0.085900 0.093200 0.064500 0.083800 0.059300 0.061500 0.074900 0.063300 0.096200 0.090200 0.062500 0.090400 0.058100 0.070300 0.084100 0.094500 0.068900 0.060900 0.061600 0.088000 0.053400 0.085700 0.093000 0.052700 0.114700 0.059300 0.062800 0.082900 0.062300 0.072400 0.059300 0.092200 0.092000 0.064600 0.090600 0.093200 0.081800 0.079700 0.055000 0.066300 0.000000 0.088500 0.089000 0.085600
ForestMusk 0.099000 0.240200 0.100700 0.204100 0.108700 0.102800 0.092800 0.091900 0.099400 0.097500 0.095700 0.100200 0.093100 0.091700 0.107500 0.106900 0.109300 0.097800 0.096200 0.105200 0.092100 0.104500 0.092200 0.103300 0.103600 0.101900 0.094500 0.098000 0.098700 0.101500 0.100800 0.085900 0.114700 0.092000 0.093300 0.094600 0.097800 0.102500 0.099200 0.103900 0.094000 0.108400 0.095500 0.108300 0.087700 0.107400 0.096900 0.092600 0.088500 0.000000 0.101400 0.101400
Bushbuck 0.084000 0.234700 0.032300 0.210900 0.095500 0.088100 0.084200 0.080500 0.020700 0.092100 0.088200 0.072800 0.079200 0.075800 0.093600 0.094200 0.099100 0.092600 0.079300 0.028000 0.087300 0.088500 0.086500 0.104500 0.089600 0.094300 0.082600 0.015400 0.086100 0.021700 0.096500 0.070400 0.121300 0.084600 0.083000 0.068600 0.083600 0.092600 0.091300 0.102700 0.092900 0.098000 0.090900 0.108300 0.070800 0.104500 0.090700 0.080500 0.089000 0.101400 0.000000 0.029000
GreaterKud 0.080700 0.238700 0.025900 0.201400 0.094400 0.087100 0.083100 0.079500 0.022800 0.098100 0.084900 0.073800 0.073600 0.074800 0.097200 0.095500 0.094300 0.089100 0.078300 0.027000 0.086300 0.089700 0.087800 0.109400 0.087100 0.090700 0.076800 0.023800 0.085100 0.025900 0.102500 0.069500 0.121500 0.079000 0.077500 0.067300 0.080300 0.091500 0.085700 0.104100 0.094200 0.095600 0.096800 0.110900 0.066200 0.102200 0.085100 0.080400 0.085600 0.101400 0.029000 0.000000
