1
52 1
Argali 0.000000 0.181200 0.075000 0.189400 0.037300 0.012000 0.059100 0.012100 0.102600 0.097800 0.024500 0.102000 0.024800 0.060400 0.050000 0.036400 0.050100 0.050100 0.024600 0.088500 0.049600 0.037100 0.130900 0.111800 0.036700 0.087500 0.037900 0.102200 0.012200 0.102900 0.097700 0.060900 0.062500 0.024700 0.024500 0.089600 0.049200 0.158700 0.074600 0.126800 0.132000 0.162000 0.077000 0.083900 0.103200 0.024400 0.049600 0.049100 0.037700 0.055900 0.100900 0.075800
LesserMous 0.181200 0.000000 0.211900 0.272600 0.216200 0.198000 0.201100 0.196000 0.231300 0.221200 0.214300 0.198000 0.201300 0.193200 0.223600 0.194200 0.215100 0.215400 0.214200 0.212400 0.245900 0.232000 0.225900 0.203200 0.228500 0.293800 0.214100 0.230300 0.198200 0.230900 0.220300 0.196300 0.261300 0.199500 0.198600 0.199500 0.196300 0.376400 0.236800 0.188000 0.228100 0.393400 0.228900 0.171100 0.215800 0.213100 0.213600 0.227000 0.235600 0.260000 0.179300 0.247800
LesserKudu 0.075000 0.211900 0.000000 0.254000 0.116100 0.088300 0.140600 0.087800 0.049700 0.155700 0.101800 0.049400 0.103200 0.138000 0.102000 0.061500 0.130100 0.130200 0.102000 0.036800 0.128600 0.115500 0.188100 0.140100 0.114300 0.169100 0.118300 0.049500 0.088700 0.049900 0.155300 0.139700 0.143100 0.102400 0.101900 0.089100 0.127700 0.247800 0.127800 0.155300 0.189700 0.251500 0.160500 0.111500 0.075700 0.101200 0.101800 0.127300 0.117600 0.138800 0.024300 0.049600
KillerWhal 0.189400 0.272600 0.254000 0.000000 0.191700 0.208000 0.233900 0.203200 0.295100 0.320500 0.224000 0.239900 0.204500 0.270900 0.223600 0.245000 0.222800 0.214100 0.223800 0.272900 0.253000 0.206800 0.301400 0.309700 0.238000 0.319200 0.224500 0.293500 0.219100 0.292900 0.319900 0.265600 0.271500 0.202500 0.204300 0.209600 0.219700 0.223000 0.286500 0.294900 0.308500 0.379200 0.295700 0.274700 0.226900 0.221700 0.221700 0.243000 0.247200 0.241600 0.236800 0.223100
DefassaWat 0.037300 0.216200 0.116100 0.191700 0.000000 0.050200 0.073100 0.049800 0.117300 0.143300 0.037300 0.089600 0.012300 0.073400 0.063500 0.075100 0.063500 0.063600 0.037400 0.102700 0.062900 0.050200 0.176700 0.157900 0.049600 0.129300 0.025100 0.116900 0.050400 0.117500 0.142900 0.074200 0.076100 0.012100 0.012200 0.077000 0.062400 0.116800 0.088400 0.174200 0.178400 0.178100 0.119900 0.128500 0.090500 0.037100 0.062900 0.062200 0.051000 0.070400 0.116400 0.089900
Sheep 0.012000 0.198000 0.088300 0.208000 0.050200 0.000000 0.072700 0.024400 0.116600 0.112300 0.037100 0.116000 0.037600 0.073100 0.063200 0.049000 0.063200 0.063300 0.037300 0.102100 0.062500 0.050000 0.145400 0.126400 0.049400 0.101100 0.051100 0.116200 0.024700 0.117000 0.112100 0.073800 0.075700 0.037300 0.037200 0.103500 0.062100 0.173800 0.088000 0.141800 0.146700 0.176700 0.090800 0.098200 0.117300 0.036900 0.062700 0.061900 0.050800 0.069900 0.114900 0.089400
MaxwellsDu 0.059100 0.201100 0.140600 0.233900 0.073100 0.072700 0.000000 0.044900 0.141900 0.102300 0.032600 0.099100 0.059600 0.023500 0.085900 0.071000 0.086500 0.086600 0.059300 0.126800 0.085400 0.072500 0.117000 0.125900 0.045700 0.153600 0.074100 0.141500 0.072700 0.142100 0.102200 0.023800 0.098500 0.058800 0.059400 0.128100 0.085300 0.201100 0.061500 0.170400 0.146200 0.203900 0.081700 0.125800 0.142200 0.058500 0.085200 0.084300 0.073900 0.093800 0.126300 0.113700
GazellaPrz 0.012100 0.196000 0.087800 0.203200 0.049800 0.024400 0.044900 0.000000 0.115900 0.111300 0.012100 0.088700 0.037300 0.047800 0.062600 0.024000 0.062800 0.062800 0.037000 0.101500 0.062100 0.049600 0.144400 0.096800 0.024200 0.100500 0.050700 0.115400 0.024500 0.116100 0.111000 0.048300 0.075400 0.037100 0.036900 0.102700 0.061700 0.172400 0.061600 0.140300 0.145700 0.176100 0.090200 0.097000 0.116400 0.036700 0.062200 0.061500 0.050400 0.068000 0.087900 0.088800
MountainNy 0.102600 0.231300 0.049700 0.295100 0.117300 0.116600 0.141900 0.115900 0.000000 0.175200 0.102800 0.049900 0.104200 0.139200 0.103000 0.088300 0.131500 0.131600 0.100900 0.012000 0.129900 0.116700 0.212300 0.159100 0.115500 0.200400 0.119500 0.000000 0.117000 0.024500 0.174700 0.141100 0.144500 0.103500 0.103000 0.089900 0.129000 0.251000 0.128900 0.174700 0.214700 0.254100 0.182800 0.129700 0.076300 0.102200 0.102800 0.128400 0.118600 0.140300 0.024200 0.050100
MuntiacusM 0.097800 0.221200 0.155700 0.320500 0.143300 0.112300 0.102300 0.111300 0.175200 0.000000 0.127800 0.148200 0.128900 0.108500 0.141300 0.096800 0.128300 0.127600 0.128400 0.168500 0.156000 0.112500 0.050700 0.064300 0.112700 0.183100 0.145700 0.184400 0.098200 0.185500 0.000000 0.109700 0.142800 0.127600 0.127400 0.164600 0.126200 0.286400 0.154600 0.077400 0.051100 0.273200 0.025000 0.037800 0.180100 0.126600 0.127900 0.154400 0.145200 0.137300 0.151800 0.187500
goat 0.024500 0.214300 0.101800 0.224000 0.037300 0.037100 0.032600 0.012100 0.102800 0.127800 0.000000 0.075800 0.024800 0.035800 0.050000 0.036600 0.050100 0.050100 0.024600 0.088700 0.049600 0.037100 0.160000 0.113000 0.012100 0.114800 0.037900 0.102500 0.037300 0.103100 0.127500 0.036100 0.062700 0.024700 0.024600 0.089600 0.049300 0.158900 0.049200 0.157300 0.161400 0.162800 0.104800 0.113200 0.103200 0.024400 0.049700 0.049200 0.037700 0.056700 0.102000 0.075900
AfricanBuf 0.102000 0.198000 0.049400 0.239900 0.089600 0.116000 0.099100 0.088700 0.049900 0.148200 0.075800 0.000000 0.076800 0.112000 0.075900 0.062100 0.103300 0.103300 0.076100 0.036800 0.102100 0.089200 0.168800 0.132700 0.088300 0.170800 0.091300 0.049700 0.089600 0.050000 0.147500 0.113300 0.116100 0.076200 0.075900 0.037400 0.101500 0.218800 0.128200 0.147400 0.186000 0.222200 0.154900 0.104300 0.024700 0.100000 0.075800 0.101100 0.090800 0.111000 0.061700 0.049700
Topi 0.024800 0.201300 0.103200 0.204500 0.012300 0.037600 0.059600 0.037300 0.104200 0.128900 0.024800 0.076800 0.000000 0.061200 0.050700 0.073100 0.050800 0.050800 0.024900 0.089900 0.050300 0.037600 0.162500 0.143400 0.037200 0.128900 0.012400 0.103900 0.047700 0.104600 0.128600 0.061800 0.063500 0.000100 0.000100 0.090700 0.049900 0.117400 0.075800 0.159000 0.163900 0.177400 0.106400 0.113900 0.104400 0.024700 0.050300 0.037000 0.038200 0.055900 0.103400 0.076900
CommonDuik 0.060400 0.193200 0.138000 0.270900 0.073400 0.073100 0.023500 0.047800 0.139200 0.108500 0.035800 0.112000 0.061200 0.000000 0.086200 0.072200 0.086500 0.086400 0.060600 0.124700 0.085600 0.073200 0.140600 0.122100 0.047700 0.150700 0.074800 0.138600 0.073300 0.139700 0.108200 0.000300 0.099200 0.060800 0.060500 0.125600 0.084900 0.195300 0.059300 0.164900 0.151200 0.198900 0.087900 0.121900 0.139500 0.060100 0.085700 0.084700 0.074300 0.092400 0.138000 0.112100
Suni 0.050000 0.223600 0.102000 0.223600 0.063500 0.063200 0.085900 0.062600 0.103000 0.141300 0.050000 0.075900 0.050700 0.086200 0.000000 0.088100 0.076700 0.076800 0.050100 0.088800 0.075700 0.063200 0.189900 0.140500 0.062400 0.142800 0.064600 0.102700 0.063300 0.102900 0.140800 0.087200 0.089400 0.050400 0.050200 0.089800 0.075400 0.189100 0.101500 0.156100 0.191800 0.191500 0.119100 0.111600 0.103400 0.049800 0.075900 0.074900 0.064100 0.080100 0.102200 0.076100
Springbuck 0.036400 0.194200 0.061500 0.245000 0.075100 0.049000 0.071000 0.024000 0.088300 0.096800 0.036600 0.062100 0.073100 0.072200 0.088100 0.000000 0.088500 0.088400 0.062000 0.074600 0.087600 0.074800 0.129800 0.082500 0.048800 0.126000 0.087600 0.087900 0.049100 0.088400 0.096600 0.073000 0.101300 0.072100 0.061900 0.075300 0.086900 0.200400 0.086900 0.125000 0.130800 0.204900 0.103200 0.082500 0.088700 0.061400 0.061900 0.086800 0.076200 0.095100 0.061500 0.088000
Okapi 0.050100 0.215100 0.130100 0.222800 0.063500 0.063200 0.086500 0.062800 0.131500 0.128300 0.050100 0.103300 0.050800 0.086500 0.076700 0.088500 0.000000 0.024800 0.024900 0.116500 0.076100 0.037500 0.161400 0.142600 0.037100 0.143500 0.059600 0.131000 0.063500 0.131900 0.128000 0.087400 0.062800 0.050400 0.050200 0.090100 0.024400 0.189800 0.101600 0.128100 0.133300 0.164200 0.134100 0.113500 0.103800 0.049800 0.076100 0.075300 0.064300 0.055400 0.130400 0.103500
Giraffe 0.050100 0.215400 0.130200 0.214100 0.063600 0.063300 0.086600 0.062800 0.131600 0.127600 0.050100 0.103300 0.050800 0.086400 0.076800 0.088400 0.024800 0.000000 0.050300 0.116600 0.076100 0.037500 0.161400 0.142000 0.037000 0.143500 0.058700 0.131100 0.063500 0.131800 0.127300 0.087300 0.054400 0.050400 0.050200 0.090200 0.024300 0.190100 0.101500 0.127500 0.133400 0.184800 0.134000 0.112800 0.098100 0.049900 0.076100 0.075200 0.064300 0.054700 0.130500 0.103600
TibetanAnt 0.024600 0.214200 0.102000 0.223800 0.037400 0.037300 0.059300 0.037000 0.100900 0.128400 0.024600 0.076100 0.024900 0.060600 0.050100 0.062000 0.024900 0.050300 0.000000 0.086900 0.049700 0.037200 0.160400 0.142600 0.036900 0.115000 0.038100 0.100800 0.037400 0.100700 0.128200 0.061200 0.062800 0.024700 0.024600 0.089900 0.049400 0.159300 0.075000 0.158000 0.161800 0.134700 0.105100 0.113900 0.103500 0.024400 0.049800 0.049200 0.037900 0.056300 0.100200 0.076100
Sitatunga 0.088500 0.212400 0.036800 0.272900 0.102700 0.102100 0.126800 0.101500 0.012000 0.168500 0.088700 0.036800 0.089900 0.124700 0.088800 0.074600 0.116500 0.116600 0.086900 0.000000 0.115100 0.102200 0.201300 0.152400 0.101200 0.183900 0.104600 0.012000 0.102400 0.012100 0.168200 0.126400 0.129300 0.089200 0.088800 0.076000 0.114400 0.232700 0.114300 0.168100 0.203400 0.236100 0.173400 0.123000 0.062700 0.088100 0.088600 0.113900 0.103900 0.125100 0.011900 0.037000
Oribi 0.049600 0.245900 0.128600 0.253000 0.062900 0.062500 0.085400 0.062100 0.129900 0.156000 0.049600 0.102100 0.050300 0.085600 0.075700 0.087600 0.076100 0.076100 0.049700 0.115100 0.000000 0.062600 0.188500 0.170200 0.061900 0.141900 0.064000 0.129400 0.062800 0.129800 0.155600 0.086700 0.088700 0.050000 0.049700 0.116400 0.074800 0.184100 0.100800 0.186000 0.190100 0.177300 0.132600 0.140600 0.130400 0.024300 0.075400 0.074400 0.063600 0.082100 0.128700 0.102300
BarbaryShe 0.037100 0.232000 0.115500 0.206800 0.050200 0.050000 0.072500 0.049600 0.116700 0.112500 0.037100 0.089200 0.037600 0.073200 0.063200 0.074800 0.037500 0.037500 0.037200 0.102200 0.062600 0.000000 0.145800 0.126700 0.024400 0.128700 0.051100 0.116300 0.050200 0.117000 0.112300 0.073900 0.049900 0.037400 0.037200 0.103400 0.036800 0.145100 0.088000 0.142000 0.147100 0.176900 0.118900 0.098300 0.117200 0.036900 0.037100 0.061900 0.050800 0.037800 0.115800 0.089400
Daviddeer 0.130900 0.225900 0.188100 0.301400 0.176700 0.145400 0.117000 0.144400 0.212300 0.050700 0.160000 0.168800 0.162500 0.140600 0.189900 0.129800 0.161400 0.161400 0.160400 0.201300 0.188500 0.145800 0.000000 0.090100 0.144500 0.216800 0.179700 0.217500 0.131800 0.218700 0.050500 0.142200 0.175200 0.161200 0.160300 0.206400 0.158500 0.318900 0.187000 0.103700 0.050700 0.305600 0.077100 0.063200 0.222500 0.159100 0.160200 0.186800 0.163500 0.170800 0.170500 0.220100
Reindeer 0.111800 0.203200 0.140100 0.309700 0.157900 0.126400 0.125900 0.096800 0.159100 0.064300 0.113000 0.132700 0.143400 0.122100 0.140500 0.082500 0.142600 0.142000 0.142600 0.152400 0.170200 0.126700 0.090100 0.000000 0.098100 0.166800 0.160500 0.167900 0.112300 0.168300 0.064000 0.123400 0.156100 0.141900 0.141800 0.156200 0.140300 0.301100 0.139300 0.063500 0.090700 0.270200 0.091000 0.024800 0.171500 0.140200 0.142600 0.168600 0.159700 0.151400 0.136100 0.171200
Ibex 0.036700 0.228500 0.114300 0.238000 0.049600 0.049400 0.045700 0.024200 0.115500 0.112700 0.012100 0.088300 0.037200 0.047700 0.062400 0.048800 0.037100 0.037000 0.036900 0.101200 0.061900 0.024400 0.144500 0.098100 0.000000 0.127500 0.050500 0.115000 0.049600 0.115900 0.112400 0.048200 0.049400 0.037000 0.036800 0.102100 0.036400 0.171600 0.061500 0.141400 0.145700 0.176500 0.117900 0.098400 0.115800 0.036500 0.062000 0.061400 0.050200 0.041700 0.114600 0.088400
GyrantGaze 0.087500 0.293800 0.169100 0.319200 0.129300 0.101100 0.153600 0.100500 0.200400 0.183100 0.114800 0.170800 0.128900 0.150700 0.142800 0.126000 0.143500 0.143500 0.115000 0.183900 0.141900 0.128700 0.216800 0.166800 0.127500 0.000000 0.144900 0.199500 0.097700 0.200500 0.182500 0.152900 0.127900 0.128000 0.115000 0.186300 0.140900 0.263000 0.168300 0.213500 0.218400 0.131400 0.160000 0.166900 0.201600 0.114200 0.142200 0.140300 0.116800 0.121400 0.168600 0.171000
Hartebeest 0.037900 0.214100 0.118300 0.224500 0.025100 0.051100 0.074100 0.050700 0.119500 0.145700 0.037900 0.091300 0.012400 0.074800 0.064600 0.087600 0.059600 0.058700 0.038100 0.104600 0.064000 0.051100 0.179700 0.160500 0.050500 0.144900 0.000000 0.119100 0.062000 0.119900 0.145300 0.075600 0.075600 0.012300 0.012400 0.105800 0.063500 0.133000 0.090000 0.176700 0.181400 0.194700 0.122100 0.130300 0.119900 0.037700 0.064100 0.050300 0.051900 0.070700 0.118600 0.091500
Bongo 0.102200 0.230300 0.049500 0.293500 0.116900 0.116200 0.141500 0.115400 0.000000 0.184400 0.102500 0.049700 0.103900 0.138600 0.102700 0.087900 0.131000 0.131100 0.100800 0.012000 0.129400 0.116300 0.217500 0.167900 0.115000 0.199500 0.119100 0.000000 0.116500 0.024400 0.184000 0.140600 0.144000 0.103100 0.102600 0.089600 0.128600 0.249700 0.128400 0.184000 0.219600 0.252800 0.189200 0.138100 0.076100 0.101900 0.102400 0.128000 0.118200 0.140200 0.024100 0.049900
Gerenuk 0.012200 0.198200 0.088700 0.219100 0.050400 0.024700 0.072700 0.024500 0.117000 0.098200 0.037300 0.089600 0.047700 0.073300 0.063300 0.049100 0.063500 0.063500 0.037400 0.102400 0.062800 0.050200 0.131800 0.112300 0.049600 0.097700 0.062000 0.116500 0.000000 0.117000 0.098000 0.074100 0.076100 0.046600 0.037300 0.103900 0.062300 0.174500 0.088300 0.127400 0.132900 0.177800 0.077500 0.084200 0.117800 0.037100 0.062900 0.062200 0.051000 0.069100 0.088800 0.089600
CommonElan 0.102900 0.230900 0.049900 0.292900 0.117500 0.117000 0.142100 0.116100 0.024500 0.185500 0.103100 0.050000 0.104600 0.139700 0.102900 0.088400 0.131900 0.131800 0.100700 0.012100 0.129800 0.117000 0.218700 0.168300 0.115900 0.200500 0.119900 0.024400 0.117000 0.000000 0.185000 0.141800 0.145000 0.103800 0.103300 0.090200 0.129400 0.251200 0.127500 0.184400 0.221100 0.254000 0.190400 0.138000 0.076600 0.102400 0.103000 0.128500 0.119000 0.140300 0.024300 0.050200
MuntiacusR 0.097700 0.220300 0.155300 0.319900 0.142900 0.112100 0.102200 0.111000 0.174700 0.000000 0.127500 0.147500 0.128600 0.108200 0.140800 0.096600 0.128000 0.127300 0.128200 0.168200 0.155600 0.112300 0.050500 0.064000 0.112400 0.182500 0.145300 0.184000 0.098000 0.185000 0.000000 0.109400 0.141900 0.127300 0.127100 0.164400 0.126000 0.285300 0.154200 0.077000 0.050800 0.272100 0.024900 0.037600 0.179800 0.125800 0.127600 0.154000 0.144800 0.136100 0.151500 0.187000
HarveysDui 0.060900 0.196300 0.139700 0.265600 0.074200 0.073800 0.023800 0.048300 0.141100 0.109700 0.036100 0.113300 0.061800 0.000300 0.087200 0.073000 0.087400 0.087300 0.061200 0.126400 0.086700 0.073900 0.142200 0.123400 0.048200 0.152900 0.075600 0.140600 0.074100 0.141800 0.109400 0.000000 0.100300 0.061400 0.061100 0.127000 0.085800 0.198000 0.060100 0.166700 0.143200 0.201800 0.088800 0.123200 0.141000 0.060700 0.086600 0.085800 0.075100 0.093900 0.139900 0.113500
Pronghorn 0.062500 0.261300 0.143100 0.271500 0.076100 0.075700 0.098500 0.075400 0.144500 0.142800 0.062700 0.116100 0.063500 0.099200 0.089400 0.101300 0.062800 0.054400 0.062800 0.129300 0.088700 0.049900 0.175200 0.156100 0.049400 0.127900 0.075600 0.144000 0.076100 0.145000 0.141900 0.100300 0.000000 0.063100 0.062900 0.130500 0.062000 0.203500 0.114300 0.171400 0.177000 0.167200 0.148100 0.126300 0.144900 0.062300 0.088900 0.087700 0.077100 0.064000 0.143200 0.116300
BlueWildeb 0.024700 0.199500 0.102400 0.202500 0.012100 0.037300 0.058800 0.037100 0.103500 0.127600 0.024700 0.076200 0.000100 0.060800 0.050400 0.072100 0.050400 0.050400 0.024700 0.089200 0.050000 0.037400 0.161200 0.141900 0.037000 0.128000 0.012300 0.103100 0.046600 0.103800 0.127300 0.061400 0.063100 0.000000 0.000200 0.090000 0.049500 0.116700 0.075200 0.157400 0.162500 0.176100 0.105600 0.112600 0.103700 0.024600 0.049900 0.036700 0.037900 0.055000 0.102700 0.076400
Gemsbok 0.024500 0.198600 0.101900 0.204300 0.012200 0.037200 0.059400 0.036900 0.103000 0.127400 0.024600 0.075900 0.000100 0.060500 0.050200 0.061900 0.050200 0.050200 0.024600 0.088800 0.049700 0.037200 0.160300 0.141800 0.036800 0.115000 0.012400 0.102600 0.037300 0.103300 0.127100 0.061100 0.062900 0.000200 0.000000 0.089700 0.049300 0.129900 0.074900 0.157200 0.161700 0.162900 0.105000 0.112800 0.103200 0.024400 0.049700 0.049200 0.037800 0.056100 0.102200 0.076000
Yak 0.089600 0.199500 0.089100 0.209600 0.077000 0.103500 0.128100 0.102700 0.089900 0.164600 0.089600 0.037400 0.090700 0.125600 0.089800 0.075300 0.090100 0.090200 0.089900 0.076000 0.116400 0.103400 0.206400 0.156200 0.102100 0.186300 0.105800 0.089600 0.103900 0.090200 0.164400 0.127000 0.130500 0.090000 0.089700 0.000000 0.088500 0.205100 0.142800 0.142600 0.177600 0.237600 0.171100 0.127000 0.012400 0.089000 0.089500 0.115200 0.105200 0.126100 0.089300 0.089800
BlueSheep 0.049200 0.196300 0.127700 0.219700 0.062400 0.062100 0.085300 0.061700 0.129000 0.126200 0.049300 0.101500 0.049900 0.084900 0.075400 0.086900 0.024400 0.024300 0.049400 0.114400 0.074800 0.036800 0.158500 0.140300 0.036400 0.140900 0.063500 0.128600 0.062300 0.129400 0.126000 0.085800 0.062000 0.049500 0.049300 0.088500 0.000000 0.186200 0.100300 0.126000 0.131000 0.190100 0.131700 0.111800 0.102000 0.049000 0.074800 0.048800 0.063100 0.055500 0.128000 0.101600
BohorReedb 0.158700 0.376400 0.247800 0.223000 0.116800 0.173800 0.201100 0.172400 0.251000 0.286400 0.158900 0.218800 0.117400 0.195300 0.189100 0.200400 0.189800 0.190100 0.159300 0.232700 0.184100 0.145100 0.318900 0.301100 0.171600 0.263000 0.133000 0.249700 0.174500 0.251200 0.285300 0.198000 0.203500 0.116700 0.129900 0.205100 0.186200 0.000000 0.215100 0.320000 0.321900 0.312000 0.257000 0.267100 0.220900 0.158100 0.144300 0.156700 0.176800 0.201400 0.248300 0.188400
KirksDik 0.074600 0.236800 0.127800 0.286500 0.088400 0.088000 0.061500 0.061600 0.128900 0.154600 0.049200 0.128200 0.075800 0.059300 0.101500 0.086900 0.101600 0.101500 0.075000 0.114300 0.100800 0.088000 0.187000 0.139300 0.061500 0.168300 0.090000 0.128400 0.088300 0.127500 0.154200 0.060100 0.114300 0.075200 0.074900 0.142800 0.100300 0.215100 0.000000 0.184200 0.188500 0.219000 0.131400 0.139200 0.157200 0.074400 0.101000 0.099700 0.089500 0.108600 0.127700 0.101600
RoeDeer 0.126800 0.188000 0.155300 0.294900 0.174200 0.141800 0.170400 0.140300 0.174700 0.077400 0.157300 0.147400 0.159000 0.164900 0.156100 0.125000 0.128100 0.127500 0.158000 0.168100 0.186000 0.142000 0.103700 0.063500 0.141400 0.213500 0.176700 0.184000 0.127400 0.184400 0.077000 0.166700 0.171400 0.157400 0.157200 0.142600 0.126000 0.320000 0.184200 0.000000 0.077100 0.303200 0.104600 0.037500 0.157400 0.155500 0.157300 0.184100 0.175800 0.167400 0.151600 0.187200
WhiteLippe 0.132000 0.228100 0.189700 0.308500 0.178400 0.146700 0.146200 0.145700 0.214700 0.051100 0.161400 0.186000 0.163900 0.151200 0.191800 0.130800 0.133300 0.133400 0.161800 0.203400 0.190100 0.147100 0.050700 0.090700 0.145700 0.218400 0.181400 0.219600 0.132900 0.221100 0.050800 0.143200 0.177000 0.162500 0.161700 0.177600 0.131000 0.321900 0.188500 0.077100 0.000000 0.307100 0.077600 0.063700 0.193100 0.160300 0.161500 0.199000 0.180100 0.172800 0.187400 0.222200
ThomsonGaz 0.162000 0.393400 0.251500 0.379200 0.178100 0.176700 0.203900 0.176100 0.254100 0.273200 0.162800 0.222200 0.177400 0.198900 0.191500 0.204900 0.164200 0.184800 0.134700 0.236100 0.177300 0.176900 0.305600 0.270200 0.176500 0.131400 0.194700 0.252800 0.177800 0.254000 0.272100 0.201800 0.167200 0.176100 0.162900 0.237600 0.190100 0.312000 0.219000 0.303200 0.307100 0.000000 0.244600 0.252500 0.247000 0.161200 0.191400 0.160100 0.165200 0.187400 0.250900 0.222100
MuntiacusC 0.077000 0.228900 0.160500 0.295700 0.119900 0.090800 0.081700 0.090200 0.182800 0.025000 0.104800 0.154900 0.106400 0.087900 0.119100 0.103200 0.134100 0.134000 0.105100 0.173400 0.132600 0.118900 0.077100 0.091000 0.117900 0.160000 0.122100 0.189200 0.077500 0.190400 0.024900 0.088800 0.148100 0.105600 0.105000 0.171100 0.131700 0.257000 0.131400 0.104600 0.077600 0.244600 0.000000 0.063800 0.186500 0.104200 0.132900 0.131400 0.121200 0.143200 0.157500 0.162400
WhiteTaile 0.083900 0.171100 0.111500 0.274700 0.128500 0.098200 0.125800 0.097000 0.129700 0.037800 0.113200 0.104300 0.113900 0.121900 0.111600 0.082500 0.113500 0.112800 0.113900 0.123000 0.140600 0.098300 0.063200 0.024800 0.098400 0.166900 0.130300 0.138100 0.084200 0.138000 0.037600 0.123200 0.126300 0.112600 0.112800 0.127000 0.111800 0.267100 0.139200 0.037500 0.063700 0.252500 0.063800 0.000000 0.141500 0.111500 0.113200 0.139100 0.130000 0.121000 0.107200 0.141600
Cattle 0.103200 0.215800 0.075700 0.226900 0.090500 0.117300 0.142200 0.116400 0.076300 0.180100 0.103200 0.024700 0.104400 0.139500 0.103400 0.088700 0.103800 0.098100 0.103500 0.062700 0.130400 0.117200 0.222500 0.171500 0.115800 0.201600 0.119900 0.076100 0.117800 0.076600 0.179800 0.141000 0.144900 0.103700 0.103200 0.012400 0.102000 0.220900 0.157200 0.157400 0.193100 0.247000 0.186500 0.141500 0.000000 0.102400 0.103200 0.129100 0.119300 0.140400 0.075800 0.076200
RoyalAntel 0.024400 0.213100 0.101200 0.221700 0.037100 0.036900 0.058500 0.036700 0.102200 0.126600 0.024400 0.100000 0.024700 0.060100 0.049800 0.061400 0.049800 0.049900 0.024400 0.088100 0.024300 0.036900 0.159100 0.140200 0.036500 0.114200 0.037700 0.101900 0.037100 0.102400 0.125800 0.060700 0.062300 0.024600 0.024400 0.089000 0.049000 0.158100 0.074400 0.155500 0.160300 0.161200 0.104200 0.111500 0.102400 0.000000 0.049400 0.048800 0.037500 0.054900 0.126900 0.075500
Steenbok 0.049600 0.213600 0.101800 0.221700 0.062900 0.062700 0.085200 0.062200 0.102800 0.127900 0.049700 0.075800 0.050300 0.085700 0.075900 0.061900 0.076100 0.076100 0.049800 0.088600 0.075400 0.037100 0.160200 0.142600 0.062000 0.142200 0.064100 0.102400 0.062900 0.103000 0.127600 0.086600 0.088900 0.049900 0.049700 0.089500 0.074800 0.144300 0.101000 0.157300 0.161500 0.191400 0.132900 0.113200 0.103200 0.049400 0.000000 0.074500 0.063700 0.081900 0.102000 0.102400
Impala 0.049100 0.227000 0.127300 0.243000 0.062200 0.061900 0.084300 0.061500 0.128400 0.154400 0.049200 0.101100 0.037000 0.084700 0.074900 0.086800 0.075300 0.075200 0.049200 0.113900 0.074400 0.061900 0.186800 0.168600 0.061400 0.140300 0.050300 0.128000 0.062200 0.128500 0.154000 0.085800 0.087700 0.036700 0.049200 0.115200 0.048800 0.156700 0.099700 0.184100 0.199000 0.160100 0.131400 0.139100 0.129100 0.048800 0.074500 0.000000 0.063000 0.068300 0.127300 0.101200
Klipspring 0.037700 0.235600 0.117600 0.247200 0.051000 0.050800 0.073900 0.050400 0.118600 0.145200 0.037700 0.090800 0.038200 0.074300 0.064100 0.076200 0.064300 0.064300 0.037900 0.103900 0.063600 0.050800 0.163500 0.159700 0.050200 0.116800 0.051900 0.118200 0.051000 0.119000 0.144800 0.075100 0.077100 0.037900 0.037800 0.105200 0.063100 0.176800 0.089500 0.175800 0.180100 0.165200 0.121200 0.130000 0.119300 0.037500 0.063700 0.063000 0.000000 0.071400 0.117800 0.090900
ForestMusk 0.055900 0.260000 0.138800 0.241600 0.070400 0.069900 0.093800 0.068000 0.140300 0.137300 0.056700 0.111000 0.055900 0.092400 0.080100 0.095100 0.055400 0.054700 0.056300 0.125100 0.082100 0.037800 0.170800 0.151400 0.041700 0.121400 0.070700 0.140200 0.069100 0.140300 0.136100 0.093900 0.064000 0.055000 0.056100 0.126100 0.055500 0.201400 0.108600 0.167400 0.172800 0.187400 0.143200 0.121000 0.140400 0.054900 0.081900 0.068300 0.071400 0.000000 0.139100 0.111700
Bushbuck 0.100900 0.179300 0.024300 0.236800 0.116400 0.114900 0.126300 0.087900 0.024200 0.151800 0.102000 0.061700 0.103400 0.138000 0.102200 0.061500 0.130400 0.130500 0.100200 0.011900 0.128700 0.115800 0.170500 0.136100 0.114600 0.168600 0.118600 0.024100 0.088800 0.024300 0.151500 0.139900 0.143200 0.102700 0.102200 0.089300 0.128000 0.248300 0.127700 0.151600 0.187400 0.250900 0.157500 0.107200 0.075800 0.126900 0.102000 0.127300 0.117800 0.139100 0.000000 0.049700
GreaterKud 0.075800 0.247800 0.049600 0.223100 0.089900 0.089400 0.113700 0.088800 0.050100 0.187500 0.075900 0.049700 0.076900 0.112100 0.076100 0.088000 0.103500 0.103600 0.076100 0.037000 0.102300 0.089400 0.220100 0.171200 0.088400 0.171000 0.091500 0.049900 0.089600 0.050200 0.187000 0.113500 0.116300 0.076400 0.076000 0.089800 0.101600 0.188400 0.101600 0.187200 0.222200 0.222100 0.162400 0.141600 0.076200 0.075500 0.102400 0.101200 0.090900 0.111700 0.049700 0.000000
