1
52 1
Argali 0.000000 0.161900 0.072000 0.112100 0.024700 0.004100 0.033100 0.037100 0.063200 0.058900 0.012300 0.076200 0.037100 0.020400 0.041500 0.016300 0.041500 0.045500 0.012200 0.063200 0.032900 0.016300 0.086100 0.050300 0.012300 0.028700 0.028800 0.063100 0.028800 0.067600 0.063300 0.033000 0.063100 0.028800 0.037100 0.089500 0.012200 0.024700 0.049500 0.063300 0.090800 0.032800 0.063200 0.054400 0.080700 0.054300 0.045500 0.041500 0.045800 0.054600 0.067500 0.076200
LesserMous 0.161900 0.000000 0.146000 0.150300 0.162200 0.157000 0.161800 0.170800 0.155800 0.146800 0.157400 0.155900 0.170800 0.161400 0.162300 0.161600 0.141200 0.145400 0.147200 0.155600 0.171200 0.156600 0.193300 0.161900 0.157600 0.156200 0.161600 0.155400 0.166800 0.150800 0.146200 0.167000 0.165700 0.160500 0.169400 0.156000 0.152100 0.161300 0.190200 0.161700 0.198800 0.170800 0.156600 0.156000 0.135900 0.147000 0.191300 0.172300 0.171800 0.136200 0.150800 0.160300
LesserKudu 0.072000 0.146000 0.000000 0.120000 0.063400 0.067600 0.081000 0.080700 0.008100 0.076100 0.067800 0.044600 0.089400 0.076200 0.081100 0.071900 0.054100 0.058200 0.067700 0.008100 0.080600 0.071800 0.108600 0.080800 0.067800 0.067300 0.080800 0.008100 0.085400 0.004100 0.085200 0.076500 0.075900 0.080900 0.080400 0.053600 0.067600 0.063300 0.098100 0.084400 0.113500 0.080400 0.085100 0.075900 0.044800 0.085100 0.098600 0.081100 0.085500 0.037200 0.004100 0.012200
KillerWhal 0.112100 0.150300 0.120000 0.000000 0.121200 0.107500 0.130500 0.121000 0.110000 0.111600 0.117000 0.124800 0.130100 0.116400 0.140400 0.121100 0.096900 0.101100 0.107400 0.110700 0.139600 0.111900 0.145700 0.106900 0.117000 0.125700 0.121200 0.110500 0.130900 0.115300 0.111700 0.126200 0.101800 0.120200 0.139000 0.139100 0.116700 0.130000 0.139400 0.121100 0.150600 0.139800 0.121000 0.120700 0.120400 0.135300 0.140100 0.140600 0.154300 0.091700 0.115300 0.124500
DefassaWat 0.024700 0.162200 0.063400 0.121200 0.000000 0.020500 0.041600 0.037200 0.063300 0.067700 0.020600 0.066000 0.037200 0.037200 0.041600 0.024600 0.050100 0.054200 0.020500 0.063300 0.041400 0.024600 0.090800 0.067900 0.020600 0.037100 0.028900 0.063200 0.037300 0.059000 0.072300 0.041500 0.080800 0.028900 0.037200 0.070300 0.020500 0.016400 0.058100 0.071000 0.095600 0.041300 0.072100 0.071900 0.070400 0.054400 0.054200 0.041600 0.037400 0.054600 0.058900 0.067600
Sheep 0.004100 0.157000 0.067600 0.107500 0.020500 0.000000 0.028900 0.032900 0.058900 0.054500 0.008200 0.071800 0.032900 0.016300 0.037300 0.012200 0.037200 0.041300 0.008100 0.058800 0.028700 0.012200 0.081600 0.046000 0.008200 0.024500 0.024700 0.058700 0.024600 0.063200 0.059000 0.028800 0.058700 0.024700 0.032900 0.085000 0.008100 0.020500 0.045300 0.059000 0.086300 0.028700 0.058900 0.058700 0.076300 0.050000 0.041300 0.037300 0.041500 0.050300 0.063200 0.071800
MaxwellsDu 0.033100 0.161800 0.081000 0.130500 0.041600 0.028900 0.000000 0.054300 0.072100 0.076600 0.028900 0.094300 0.045600 0.037000 0.058800 0.033000 0.067400 0.071500 0.020500 0.072000 0.049900 0.033000 0.100000 0.067900 0.028900 0.045600 0.037300 0.071900 0.045800 0.076500 0.081200 0.039000 0.089700 0.037300 0.045600 0.107800 0.028800 0.033100 0.066800 0.076700 0.104800 0.049800 0.081000 0.080800 0.089800 0.063100 0.062800 0.058600 0.054500 0.076600 0.076500 0.085200
GazellaPrz 0.037100 0.170800 0.080700 0.121000 0.037200 0.032900 0.054300 0.000000 0.071600 0.085100 0.033000 0.084900 0.058300 0.045500 0.062900 0.028700 0.066800 0.070900 0.032900 0.071800 0.045500 0.032900 0.113300 0.076100 0.033000 0.041200 0.049900 0.071700 0.041300 0.076200 0.089000 0.045600 0.089200 0.049900 0.049500 0.098300 0.028800 0.045600 0.062200 0.089700 0.118200 0.045300 0.089600 0.089300 0.088800 0.071500 0.058300 0.062800 0.067300 0.071900 0.076200 0.084900
MountainNy 0.063200 0.155800 0.008100 0.110000 0.063300 0.058900 0.072100 0.071600 0.000000 0.076100 0.059000 0.044400 0.080500 0.067400 0.081000 0.063100 0.054100 0.058200 0.058900 0.000000 0.080600 0.063100 0.108600 0.072000 0.059000 0.067300 0.071900 0.000000 0.076400 0.004100 0.085200 0.067600 0.067200 0.072000 0.071500 0.057700 0.058900 0.063200 0.089000 0.084400 0.113400 0.080400 0.085000 0.084800 0.048900 0.085000 0.089500 0.081000 0.085400 0.045800 0.004100 0.012200
MuntiacusM 0.058900 0.146800 0.076100 0.111600 0.067700 0.054500 0.076600 0.085100 0.076100 0.000000 0.063300 0.071500 0.076100 0.063000 0.067800 0.067400 0.045500 0.049600 0.063200 0.076000 0.085000 0.067400 0.054800 0.028900 0.063300 0.071600 0.076300 0.075900 0.080800 0.071700 0.008200 0.072000 0.067200 0.076300 0.084700 0.093600 0.063200 0.067600 0.084500 0.033100 0.059200 0.084800 0.007900 0.032900 0.084800 0.080600 0.084900 0.076500 0.085500 0.050100 0.071600 0.080300
goat 0.012300 0.157400 0.067800 0.117000 0.020600 0.008200 0.028900 0.033000 0.059000 0.063300 0.000000 0.072000 0.033000 0.024600 0.037400 0.012200 0.045800 0.049900 0.008200 0.058900 0.028800 0.012200 0.090800 0.054800 0.000000 0.024600 0.024700 0.058900 0.024700 0.063300 0.067800 0.028900 0.067500 0.024700 0.032900 0.085200 0.008200 0.020500 0.045400 0.067800 0.095500 0.028700 0.067700 0.067500 0.076500 0.050100 0.041400 0.037300 0.041600 0.059000 0.063300 0.072000
AfricanBuf 0.076200 0.155900 0.044600 0.124800 0.066000 0.071800 0.094300 0.084900 0.044400 0.071500 0.072000 0.000000 0.093700 0.080400 0.084600 0.076100 0.058200 0.062300 0.071900 0.044700 0.093800 0.076000 0.113000 0.085100 0.072000 0.079700 0.085100 0.044400 0.085100 0.040400 0.080500 0.080700 0.071300 0.085100 0.093600 0.028700 0.071800 0.074900 0.093300 0.084900 0.117900 0.093500 0.080400 0.089000 0.020400 0.084900 0.093700 0.085300 0.098900 0.054200 0.041400 0.048900
Topi 0.037100 0.170800 0.089400 0.130100 0.037200 0.032900 0.045600 0.058300 0.080500 0.076100 0.033000 0.093700 0.000000 0.049700 0.054200 0.037000 0.058300 0.071000 0.024600 0.080400 0.054000 0.037000 0.103900 0.067500 0.033000 0.049600 0.008100 0.080300 0.049800 0.084900 0.080700 0.054100 0.080200 0.008100 0.024400 0.107100 0.032900 0.037200 0.062100 0.080600 0.108700 0.053800 0.080500 0.080300 0.089200 0.067100 0.054000 0.062800 0.058600 0.080500 0.084900 0.093600
CommonDuik 0.020400 0.161400 0.076200 0.116400 0.037200 0.016300 0.037000 0.045500 0.067400 0.063000 0.024600 0.080400 0.049700 0.000000 0.054200 0.028700 0.045600 0.049600 0.024600 0.067300 0.045400 0.020400 0.085800 0.054500 0.024600 0.032800 0.041400 0.067200 0.041300 0.071700 0.066900 0.037000 0.067200 0.041400 0.045400 0.093700 0.016300 0.037100 0.062100 0.063100 0.090400 0.045300 0.067400 0.067200 0.084500 0.067100 0.058200 0.054200 0.058500 0.058800 0.071700 0.080400
Suni 0.041500 0.162300 0.081100 0.140400 0.041600 0.037300 0.058800 0.062900 0.081000 0.067800 0.037400 0.084600 0.054200 0.054200 0.000000 0.041400 0.050000 0.062800 0.037300 0.080900 0.058500 0.041400 0.104600 0.076700 0.037400 0.054100 0.054400 0.080800 0.054300 0.076600 0.072300 0.050100 0.080700 0.054400 0.054100 0.098200 0.037300 0.041500 0.049600 0.081100 0.109400 0.058300 0.072200 0.080800 0.089200 0.063100 0.071500 0.050200 0.045900 0.072200 0.076500 0.085300
Springbuck 0.016300 0.161600 0.071900 0.121100 0.024600 0.012200 0.033000 0.028700 0.063100 0.067400 0.012200 0.076100 0.037000 0.028700 0.041400 0.000000 0.049900 0.053900 0.012200 0.063000 0.016300 0.016300 0.094900 0.058900 0.012200 0.012200 0.028800 0.062900 0.012200 0.067400 0.071900 0.032900 0.071600 0.028800 0.028600 0.089300 0.012200 0.024600 0.032600 0.071900 0.099600 0.016200 0.071800 0.071600 0.080600 0.054200 0.028700 0.041400 0.045700 0.063100 0.067400 0.076000
Okapi 0.041500 0.141200 0.054100 0.096900 0.050100 0.037200 0.067400 0.066800 0.054100 0.045500 0.045800 0.058200 0.058300 0.045600 0.050000 0.049900 0.000000 0.012100 0.045700 0.054000 0.067100 0.049800 0.076500 0.050000 0.045800 0.054100 0.058500 0.054000 0.062900 0.049800 0.054200 0.054300 0.037000 0.058500 0.066300 0.071200 0.045700 0.050000 0.058100 0.054200 0.081000 0.066900 0.054100 0.054000 0.062600 0.062800 0.075800 0.058700 0.071800 0.028800 0.049800 0.058200
Giraffe 0.045500 0.145400 0.058200 0.101100 0.054200 0.041300 0.071500 0.070900 0.058200 0.049600 0.049900 0.062300 0.071000 0.049600 0.062800 0.053900 0.012100 0.000000 0.049800 0.058100 0.071200 0.053900 0.080600 0.054100 0.049900 0.058100 0.062600 0.058000 0.067000 0.053800 0.058300 0.058400 0.049600 0.062600 0.079400 0.075200 0.049800 0.054100 0.062200 0.058300 0.085200 0.071000 0.058200 0.058100 0.066700 0.066900 0.079900 0.062800 0.075900 0.032800 0.053800 0.062300
TibetanAnt 0.012200 0.147200 0.067700 0.107400 0.020500 0.008100 0.020500 0.032900 0.058900 0.063200 0.008200 0.071900 0.024600 0.024600 0.037300 0.012200 0.045700 0.049800 0.000000 0.058800 0.028700 0.012200 0.090600 0.054700 0.008200 0.024600 0.016400 0.058800 0.024700 0.063200 0.067700 0.028800 0.067400 0.016400 0.032900 0.085100 0.008100 0.020500 0.045300 0.067700 0.095400 0.028700 0.067600 0.067400 0.067500 0.041500 0.041300 0.037300 0.041600 0.058900 0.063200 0.071800
Sitatunga 0.063200 0.155600 0.008100 0.110700 0.063300 0.058800 0.072000 0.071800 0.000000 0.076000 0.058900 0.044700 0.080400 0.067300 0.080900 0.063000 0.054000 0.058100 0.058800 0.000000 0.080500 0.063000 0.108500 0.071900 0.059000 0.067200 0.071900 0.000000 0.076300 0.003900 0.085100 0.067600 0.067100 0.071900 0.071400 0.058000 0.058800 0.063100 0.088900 0.084400 0.113300 0.080300 0.084900 0.084700 0.049200 0.085000 0.089400 0.080900 0.085400 0.045700 0.004100 0.011800
Oribi 0.032900 0.171200 0.080600 0.139600 0.041400 0.028700 0.049900 0.045500 0.080600 0.085000 0.028800 0.093800 0.054000 0.045400 0.058500 0.016300 0.067100 0.071200 0.028700 0.080500 0.000000 0.032800 0.113300 0.076400 0.028800 0.020300 0.045600 0.080500 0.028700 0.085000 0.089700 0.049800 0.089300 0.045600 0.045400 0.102800 0.028700 0.041300 0.049400 0.089700 0.118100 0.024400 0.089500 0.080300 0.093900 0.071500 0.045400 0.058500 0.062900 0.071800 0.085000 0.093800
BarbaryShe 0.016300 0.156600 0.071800 0.111900 0.024600 0.012200 0.033000 0.032900 0.063100 0.067400 0.012200 0.076000 0.037000 0.020400 0.041400 0.016300 0.049800 0.053900 0.012200 0.063000 0.032800 0.000000 0.094900 0.058800 0.012200 0.028600 0.028800 0.062900 0.028700 0.067400 0.071400 0.032900 0.062900 0.028800 0.032800 0.089300 0.004000 0.024600 0.049400 0.071900 0.099600 0.032700 0.071800 0.071600 0.080100 0.054200 0.045400 0.041400 0.045700 0.063100 0.067400 0.076000
Daviddeer 0.086100 0.193300 0.108600 0.145700 0.090800 0.081600 0.100000 0.113300 0.108600 0.054800 0.090800 0.113000 0.103900 0.085800 0.104600 0.094900 0.076500 0.080600 0.090600 0.108500 0.113300 0.094900 0.000000 0.041900 0.090800 0.099200 0.104200 0.108300 0.108900 0.104000 0.054900 0.086000 0.099100 0.104200 0.112800 0.112700 0.090600 0.095200 0.112500 0.037600 0.012400 0.112900 0.054800 0.046000 0.117700 0.113300 0.122400 0.095400 0.113900 0.081400 0.103900 0.112900
Reindeer 0.050300 0.161900 0.080800 0.106900 0.067900 0.046000 0.067900 0.076100 0.072000 0.028900 0.054800 0.085100 0.067500 0.054500 0.076700 0.058900 0.050000 0.054100 0.054700 0.071900 0.076400 0.058800 0.041900 0.000000 0.054800 0.063100 0.067700 0.071800 0.072200 0.076300 0.028900 0.063400 0.063100 0.067700 0.076100 0.089400 0.054600 0.067800 0.075900 0.020600 0.046300 0.076100 0.028900 0.020500 0.089600 0.085300 0.085200 0.076700 0.085700 0.054600 0.076300 0.085000
Ibex 0.012300 0.157600 0.067800 0.117000 0.020600 0.008200 0.028900 0.033000 0.059000 0.063300 0.000000 0.072000 0.033000 0.024600 0.037400 0.012200 0.045800 0.049900 0.008200 0.059000 0.028800 0.012200 0.090800 0.054800 0.000000 0.024600 0.024700 0.058900 0.024700 0.063300 0.067900 0.028900 0.067600 0.024700 0.032900 0.085300 0.008200 0.020500 0.045400 0.067900 0.095600 0.028700 0.067700 0.067500 0.076500 0.050100 0.041400 0.037400 0.041700 0.059100 0.063300 0.072000
GyrantGaze 0.028700 0.156200 0.067300 0.125700 0.037100 0.024500 0.045600 0.041200 0.067300 0.071600 0.024600 0.079700 0.049600 0.032800 0.054100 0.012200 0.054100 0.058100 0.024600 0.067200 0.020300 0.028600 0.099200 0.063100 0.024600 0.000000 0.041300 0.067200 0.024600 0.071600 0.076200 0.045500 0.075900 0.041300 0.041100 0.088700 0.024500 0.037100 0.045100 0.076200 0.104000 0.012100 0.076000 0.067000 0.079900 0.058500 0.041200 0.054100 0.058500 0.058600 0.071600 0.080300
Hartebeest 0.028800 0.161600 0.080800 0.121200 0.028900 0.024700 0.037300 0.049900 0.071900 0.076300 0.024700 0.085100 0.008100 0.041400 0.054400 0.028800 0.058500 0.062600 0.016400 0.071900 0.045600 0.028800 0.104200 0.067700 0.024700 0.041300 0.000000 0.071800 0.041500 0.076300 0.080900 0.045700 0.080500 0.000000 0.024500 0.098400 0.024700 0.028900 0.062400 0.080900 0.109000 0.045500 0.080700 0.080500 0.080600 0.058600 0.045600 0.054400 0.050200 0.072000 0.076300 0.085000
Bongo 0.063100 0.155400 0.008100 0.110500 0.063200 0.058700 0.071900 0.071700 0.000000 0.075900 0.058900 0.044400 0.080300 0.067200 0.080800 0.062900 0.054000 0.058000 0.058800 0.000000 0.080500 0.062900 0.108300 0.071800 0.058900 0.067200 0.071800 0.000000 0.076300 0.004000 0.085000 0.067500 0.067000 0.071800 0.071400 0.057700 0.058700 0.063100 0.088800 0.084200 0.113200 0.080200 0.084800 0.084600 0.049000 0.084900 0.089300 0.080800 0.085300 0.045600 0.004000 0.012200
Gerenuk 0.028800 0.166800 0.085400 0.130900 0.037300 0.024600 0.045800 0.041300 0.076400 0.080800 0.024700 0.085100 0.049800 0.041300 0.054300 0.012200 0.062900 0.067000 0.024700 0.076300 0.028700 0.028700 0.108900 0.072200 0.024700 0.024600 0.041500 0.076300 0.000000 0.080800 0.085500 0.045700 0.085100 0.041500 0.041300 0.103100 0.024600 0.037200 0.045300 0.085400 0.113800 0.028700 0.085300 0.085000 0.094200 0.067300 0.041300 0.054300 0.058700 0.076500 0.080800 0.089600
CommonElan 0.067600 0.150800 0.004100 0.115300 0.059000 0.063200 0.076500 0.076200 0.004100 0.071700 0.063300 0.040400 0.084900 0.071700 0.076600 0.067400 0.049800 0.053800 0.063200 0.003900 0.085000 0.067400 0.104000 0.076300 0.063300 0.071600 0.076300 0.004000 0.080800 0.000000 0.080700 0.072000 0.071500 0.076300 0.075900 0.053700 0.063200 0.058800 0.093400 0.080000 0.108800 0.084800 0.080500 0.080300 0.044900 0.080600 0.094000 0.076500 0.081000 0.041500 0.000000 0.007800
MuntiacusR 0.063300 0.146200 0.085200 0.111700 0.072300 0.059000 0.081200 0.089000 0.085200 0.008200 0.067800 0.080500 0.080700 0.066900 0.072300 0.071900 0.054200 0.058300 0.067700 0.085100 0.089700 0.071400 0.054900 0.028900 0.067900 0.076200 0.080900 0.085000 0.085500 0.080700 0.000000 0.076600 0.076100 0.080900 0.088600 0.102900 0.067200 0.072200 0.089200 0.033100 0.059400 0.089400 0.008200 0.033000 0.094000 0.089800 0.089600 0.081200 0.090200 0.058900 0.080700 0.089500
HarveysDui 0.033000 0.167000 0.076500 0.126200 0.041500 0.028800 0.039000 0.045600 0.067600 0.072000 0.028900 0.080700 0.054100 0.037000 0.050100 0.032900 0.054300 0.058400 0.028800 0.067600 0.049800 0.032900 0.086000 0.063400 0.028900 0.045500 0.045700 0.067500 0.045700 0.072000 0.076600 0.000000 0.076200 0.045700 0.054000 0.094100 0.028700 0.041500 0.058100 0.072100 0.090700 0.049700 0.076400 0.076200 0.085300 0.058700 0.062700 0.049900 0.063100 0.067700 0.072000 0.080700
Pronghorn 0.063100 0.165700 0.075900 0.101800 0.080800 0.058700 0.089700 0.089200 0.067200 0.067200 0.067500 0.071300 0.080200 0.067200 0.080700 0.071600 0.037000 0.049600 0.067400 0.067100 0.089300 0.062900 0.099100 0.063100 0.067600 0.075900 0.080500 0.067000 0.085100 0.071500 0.076100 0.076200 0.000000 0.080600 0.080100 0.084400 0.067400 0.080600 0.071200 0.076200 0.103800 0.089100 0.076000 0.075800 0.075800 0.093800 0.098300 0.089700 0.103300 0.050000 0.071400 0.080100
BlueWildeb 0.028800 0.160500 0.080900 0.120200 0.028900 0.024700 0.037300 0.049900 0.072000 0.076300 0.024700 0.085100 0.008100 0.041400 0.054400 0.028800 0.058500 0.062600 0.016400 0.071900 0.045600 0.028800 0.104200 0.067700 0.024700 0.041300 0.000000 0.071800 0.041500 0.076300 0.080900 0.045700 0.080600 0.000000 0.024600 0.098500 0.024700 0.028900 0.062400 0.080900 0.109000 0.045500 0.080800 0.080500 0.080600 0.058700 0.045600 0.054400 0.050200 0.072000 0.076300 0.085100
Gemsbok 0.037100 0.169400 0.080400 0.139000 0.037200 0.032900 0.045600 0.049500 0.071500 0.084700 0.032900 0.093600 0.024400 0.045400 0.054100 0.028600 0.066300 0.079400 0.032900 0.071400 0.045400 0.032800 0.112800 0.076100 0.032900 0.041100 0.024500 0.071400 0.041300 0.075900 0.088600 0.054000 0.080100 0.024600 0.000000 0.107000 0.028700 0.028700 0.053600 0.089400 0.117700 0.045300 0.089200 0.089000 0.097400 0.075800 0.053900 0.062700 0.049900 0.076100 0.075800 0.084500
Yak 0.089500 0.156000 0.053600 0.139100 0.070300 0.085000 0.107800 0.098300 0.057700 0.093600 0.085200 0.028700 0.107100 0.093700 0.098200 0.089300 0.071200 0.075200 0.085100 0.058000 0.102800 0.089300 0.112700 0.089400 0.085300 0.088700 0.098400 0.057700 0.103100 0.053700 0.102900 0.094100 0.084400 0.098500 0.107000 0.000000 0.085000 0.088300 0.106700 0.089200 0.117500 0.102500 0.102700 0.088900 0.016300 0.098300 0.116400 0.098700 0.112500 0.062800 0.054100 0.062200
BlueSheep 0.012200 0.152100 0.067600 0.116700 0.020500 0.008100 0.028800 0.028800 0.058900 0.063200 0.008200 0.071800 0.032900 0.016300 0.037300 0.012200 0.045700 0.049800 0.008100 0.058800 0.028700 0.004000 0.090600 0.054600 0.008200 0.024500 0.024700 0.058700 0.024600 0.063200 0.067200 0.028700 0.067400 0.024700 0.028700 0.085000 0.000000 0.020500 0.045300 0.067700 0.095300 0.028600 0.067600 0.067400 0.075800 0.050000 0.041300 0.037100 0.041500 0.058900 0.063200 0.071800
BohorReedb 0.024700 0.161300 0.063300 0.130000 0.016400 0.020500 0.033100 0.045600 0.063200 0.067600 0.020500 0.074900 0.037200 0.037100 0.041500 0.024600 0.050000 0.054100 0.020500 0.063100 0.041300 0.024600 0.095200 0.067800 0.020500 0.037100 0.028900 0.063100 0.037200 0.058800 0.072200 0.041500 0.080600 0.028900 0.028700 0.088300 0.020500 0.000000 0.058100 0.071000 0.100000 0.041200 0.072000 0.071800 0.079400 0.054300 0.054100 0.041500 0.028900 0.058900 0.058800 0.067400
KirksDik 0.049500 0.190200 0.098100 0.139400 0.058100 0.045300 0.066800 0.062200 0.089000 0.084500 0.045400 0.093300 0.062100 0.062100 0.049600 0.032600 0.058100 0.062200 0.045300 0.088900 0.049400 0.049400 0.112500 0.075900 0.045400 0.045100 0.062400 0.088800 0.045300 0.093400 0.089200 0.058100 0.071200 0.062400 0.053600 0.106700 0.045300 0.058100 0.000000 0.089200 0.117400 0.049300 0.089000 0.088800 0.097800 0.079800 0.062200 0.066700 0.079900 0.080300 0.093400 0.102300
RoeDeer 0.063300 0.161700 0.084400 0.121100 0.071000 0.059000 0.076700 0.089700 0.084400 0.033100 0.067800 0.084900 0.080600 0.063100 0.081100 0.071900 0.054200 0.058300 0.067700 0.084400 0.089700 0.071900 0.037600 0.020600 0.067900 0.076200 0.080900 0.084200 0.085400 0.080000 0.033100 0.072100 0.076200 0.080900 0.089400 0.089200 0.067700 0.071000 0.089200 0.000000 0.041900 0.089400 0.033100 0.024600 0.089400 0.085300 0.098600 0.081100 0.090200 0.058800 0.080700 0.088700
WhiteLippe 0.090800 0.198800 0.113500 0.150600 0.095600 0.086300 0.104800 0.118200 0.113400 0.059200 0.095500 0.117900 0.108700 0.090400 0.109400 0.099600 0.081000 0.085200 0.095400 0.113300 0.118100 0.099600 0.012400 0.046300 0.095600 0.104000 0.109000 0.113200 0.113800 0.108800 0.059400 0.090700 0.103800 0.109000 0.117700 0.117500 0.095300 0.100000 0.117400 0.041900 0.000000 0.117700 0.059200 0.050300 0.122600 0.118100 0.127300 0.100200 0.118800 0.086000 0.108700 0.117800
ThomsonGaz 0.032800 0.170800 0.080400 0.139800 0.041300 0.028700 0.049800 0.045300 0.080400 0.084800 0.028700 0.093500 0.053800 0.045300 0.058300 0.016200 0.066900 0.071000 0.028700 0.080300 0.024400 0.032700 0.112900 0.076100 0.028700 0.012100 0.045500 0.080200 0.028700 0.084800 0.089400 0.049700 0.089100 0.045500 0.045300 0.102500 0.028600 0.041200 0.049300 0.089400 0.117700 0.000000 0.089200 0.080100 0.093700 0.062700 0.045300 0.058300 0.062700 0.071600 0.084800 0.093600
MuntiacusC 0.063200 0.156600 0.085100 0.121000 0.072100 0.058900 0.081000 0.089600 0.085000 0.007900 0.067700 0.080400 0.080500 0.067400 0.072200 0.071800 0.054100 0.058200 0.067600 0.084900 0.089500 0.071800 0.054800 0.028900 0.067700 0.076000 0.080700 0.084800 0.085300 0.080500 0.008200 0.076400 0.076000 0.080800 0.089200 0.102700 0.067600 0.072000 0.089000 0.033100 0.059200 0.089200 0.000000 0.032900 0.093800 0.089600 0.089400 0.081000 0.090000 0.058700 0.080500 0.089300
WhiteTaile 0.054400 0.156000 0.075900 0.120700 0.071900 0.058700 0.080800 0.089300 0.084800 0.032900 0.067500 0.089000 0.080300 0.067200 0.080800 0.071600 0.054000 0.058100 0.067400 0.084700 0.080300 0.071600 0.046000 0.020500 0.067500 0.067000 0.080500 0.084600 0.085000 0.080300 0.033000 0.076200 0.075800 0.080500 0.089000 0.088900 0.067400 0.071800 0.088800 0.024600 0.050300 0.080100 0.032900 0.000000 0.089100 0.089300 0.098200 0.080800 0.089700 0.049900 0.080300 0.089000
Cattle 0.080700 0.135900 0.044800 0.120400 0.070400 0.076300 0.089800 0.088800 0.048900 0.084800 0.076500 0.020400 0.089200 0.084500 0.089200 0.080600 0.062600 0.066700 0.067500 0.049200 0.093900 0.080100 0.117700 0.089600 0.076500 0.079900 0.080600 0.049000 0.094200 0.044900 0.094000 0.085300 0.075800 0.080600 0.097400 0.016300 0.075800 0.079400 0.097800 0.089400 0.122600 0.093700 0.093800 0.089100 0.000000 0.080500 0.107500 0.089900 0.103500 0.054200 0.045600 0.053500
RoyalAntel 0.054300 0.147000 0.085100 0.135300 0.054400 0.050000 0.063100 0.071500 0.085000 0.080600 0.050100 0.084900 0.067100 0.067100 0.063100 0.054200 0.062800 0.066900 0.041500 0.085000 0.071500 0.054200 0.113300 0.085300 0.050100 0.058500 0.058600 0.084900 0.067300 0.080600 0.089800 0.058700 0.093800 0.058700 0.075800 0.098300 0.050000 0.054300 0.079800 0.085300 0.118100 0.062700 0.089600 0.089300 0.080500 0.000000 0.084700 0.063100 0.067500 0.076300 0.080600 0.089300
Steenbok 0.045500 0.191300 0.098600 0.140100 0.054200 0.041300 0.062800 0.058300 0.089500 0.084900 0.041400 0.093700 0.054000 0.058200 0.071500 0.028700 0.075800 0.079900 0.041300 0.089400 0.045400 0.045400 0.122400 0.085200 0.041400 0.041200 0.045600 0.089300 0.041300 0.094000 0.089600 0.062700 0.098300 0.045600 0.053900 0.116400 0.041300 0.054100 0.062200 0.098600 0.127300 0.045300 0.089400 0.098200 0.107500 0.084700 0.000000 0.062700 0.075900 0.089600 0.093900 0.093700
Impala 0.041500 0.172300 0.081100 0.140600 0.041600 0.037300 0.058600 0.062800 0.081000 0.076500 0.037300 0.085300 0.062800 0.054200 0.050200 0.041400 0.058700 0.062800 0.037300 0.080900 0.058500 0.041400 0.095400 0.076700 0.037400 0.054100 0.054400 0.080800 0.054300 0.076500 0.081200 0.049900 0.089700 0.054400 0.062700 0.098700 0.037100 0.041500 0.066700 0.081100 0.100200 0.058300 0.081000 0.080800 0.089900 0.063100 0.062700 0.000000 0.063200 0.072200 0.076500 0.076300
Klipspring 0.045800 0.171800 0.085500 0.154300 0.037400 0.041500 0.054500 0.067300 0.085400 0.085500 0.041600 0.098900 0.058600 0.058500 0.045900 0.045700 0.071800 0.075900 0.041600 0.085400 0.062900 0.045700 0.113900 0.085700 0.041700 0.058500 0.050200 0.085300 0.058700 0.081000 0.090200 0.063100 0.103300 0.050200 0.049900 0.112500 0.041500 0.028900 0.079900 0.090200 0.118800 0.062700 0.090000 0.089700 0.103500 0.067500 0.075900 0.063200 0.000000 0.081100 0.081000 0.089700
ForestMusk 0.054600 0.136200 0.037200 0.091700 0.054600 0.050300 0.076600 0.071900 0.045800 0.050100 0.059000 0.054200 0.080500 0.058800 0.072200 0.063100 0.028800 0.032800 0.058900 0.045700 0.071800 0.063100 0.081400 0.054600 0.059100 0.058600 0.072000 0.045600 0.076500 0.041500 0.058900 0.067700 0.050000 0.072000 0.076100 0.062800 0.058900 0.058900 0.080300 0.058800 0.086000 0.071600 0.058700 0.049900 0.054200 0.076300 0.089600 0.072200 0.081100 0.000000 0.041500 0.049900
Bushbuck 0.067500 0.150800 0.004100 0.115300 0.058900 0.063200 0.076500 0.076200 0.004100 0.071600 0.063300 0.041400 0.084900 0.071700 0.076500 0.067400 0.049800 0.053800 0.063200 0.004100 0.085000 0.067400 0.103900 0.076300 0.063300 0.071600 0.076300 0.004000 0.080800 0.000000 0.080700 0.072000 0.071400 0.076300 0.075800 0.054100 0.063200 0.058800 0.093400 0.080700 0.108700 0.084800 0.080500 0.080300 0.045600 0.080600 0.093900 0.076500 0.081000 0.041500 0.000000 0.008100
GreaterKud 0.076200 0.160300 0.012200 0.124500 0.067600 0.071800 0.085200 0.084900 0.012200 0.080300 0.072000 0.048900 0.093600 0.080400 0.085300 0.076000 0.058200 0.062300 0.071800 0.011800 0.093800 0.076000 0.112900 0.085000 0.072000 0.080300 0.085000 0.012200 0.089600 0.007800 0.089500 0.080700 0.080100 0.085100 0.084500 0.062200 0.071800 0.067400 0.102300 0.088700 0.117800 0.093600 0.089300 0.089000 0.053500 0.089300 0.093700 0.076300 0.089700 0.049900 0.008100 0.000000
