1
52 1
Argali 0.000000 0.213700 0.071300 0.203200 0.043600 0.010800 0.044100 0.048200 0.059700 0.095200 0.014400 0.055400 0.025500 0.048100 0.044500 0.036800 0.079400 0.075000 0.029400 0.059800 0.040600 0.014500 0.095300 0.134900 0.010800 0.036900 0.025600 0.056100 0.036800 0.059800 0.095900 0.044300 0.083200 0.036800 0.040500 0.063200 0.014400 0.044300 0.040600 0.086900 0.091100 0.048300 0.087200 0.074900 0.063600 0.099700 0.063600 0.036800 0.067200 0.067400 0.055900 0.060000
LesserMous 0.213700 0.000000 0.195200 0.215200 0.176800 0.208200 0.186400 0.191000 0.177000 0.191000 0.203700 0.181200 0.198800 0.190300 0.181700 0.194900 0.198800 0.194400 0.222200 0.185900 0.190400 0.212600 0.208700 0.257700 0.208200 0.195100 0.198800 0.181400 0.194900 0.181600 0.191900 0.194500 0.194500 0.212700 0.198500 0.199400 0.212600 0.176900 0.190400 0.198500 0.203700 0.200200 0.181700 0.202600 0.199400 0.213700 0.204000 0.185600 0.212600 0.195700 0.181200 0.177300
LesserKudu 0.071300 0.195200 0.000000 0.189700 0.055800 0.071300 0.047400 0.067800 0.018300 0.083400 0.071400 0.029200 0.059600 0.059900 0.056200 0.056100 0.067500 0.063500 0.079400 0.017700 0.060000 0.071300 0.075500 0.130800 0.066500 0.056100 0.059800 0.014600 0.056100 0.018200 0.080000 0.048400 0.056000 0.048300 0.075300 0.040700 0.071300 0.055900 0.059900 0.075200 0.079300 0.067900 0.075400 0.071100 0.039100 0.092100 0.071700 0.048400 0.079300 0.056100 0.014600 0.025800
KillerWhal 0.203200 0.215200 0.189700 0.000000 0.167000 0.197800 0.176300 0.198400 0.176000 0.180600 0.184400 0.171200 0.171000 0.180100 0.176200 0.167100 0.171000 0.166800 0.184600 0.176100 0.171600 0.193100 0.180300 0.209200 0.188800 0.162700 0.171000 0.171700 0.175900 0.176300 0.181500 0.175500 0.175400 0.184400 0.180200 0.180500 0.193100 0.176000 0.162700 0.179400 0.175500 0.176400 0.171600 0.157200 0.180500 0.218300 0.198400 0.166800 0.175500 0.176500 0.171500 0.176200
DefassaWat 0.043600 0.176800 0.055800 0.167000 0.000000 0.040300 0.021800 0.048100 0.044300 0.071200 0.036600 0.032900 0.024900 0.033000 0.029300 0.029300 0.063200 0.059300 0.044200 0.044300 0.033000 0.036600 0.071200 0.118000 0.032900 0.029300 0.025500 0.040600 0.036700 0.044300 0.071700 0.029200 0.059500 0.036700 0.040400 0.040500 0.036600 0.007200 0.033000 0.063200 0.067200 0.033100 0.063300 0.059200 0.040500 0.083500 0.048100 0.021800 0.051700 0.044400 0.040500 0.044400
Sheep 0.010800 0.208200 0.071300 0.197800 0.040300 0.000000 0.040400 0.051900 0.063400 0.090900 0.010700 0.051700 0.021800 0.044200 0.040500 0.033000 0.074800 0.070900 0.025600 0.063400 0.036700 0.010700 0.091000 0.130300 0.007200 0.033000 0.021800 0.059700 0.040500 0.059000 0.091500 0.040400 0.078900 0.033000 0.036700 0.059500 0.010800 0.040400 0.036700 0.082600 0.086800 0.044300 0.082900 0.070700 0.059500 0.103400 0.051900 0.032900 0.063100 0.063500 0.059500 0.063600
MaxwellsDu 0.044100 0.186400 0.047400 0.176300 0.021800 0.040400 0.000000 0.040700 0.036900 0.063700 0.036700 0.025400 0.024900 0.018200 0.022000 0.021900 0.054800 0.051500 0.044400 0.036900 0.025700 0.036700 0.063700 0.110400 0.032900 0.022000 0.025600 0.033200 0.029400 0.036900 0.064100 0.014500 0.052000 0.036800 0.040000 0.033100 0.036700 0.021900 0.025600 0.055700 0.059700 0.033200 0.056000 0.051800 0.033100 0.083700 0.040700 0.014600 0.044300 0.044500 0.033100 0.037000
GazellaPrz 0.048200 0.191000 0.067800 0.198400 0.048100 0.051900 0.040700 0.000000 0.056000 0.091500 0.048100 0.052000 0.044200 0.044300 0.040700 0.032600 0.075200 0.071300 0.063400 0.056100 0.036800 0.048000 0.091200 0.130600 0.044300 0.033100 0.044200 0.052100 0.033100 0.056100 0.091600 0.040500 0.079200 0.055700 0.059600 0.059900 0.048000 0.048200 0.036800 0.082900 0.087100 0.044300 0.083400 0.070900 0.059900 0.095600 0.059700 0.033000 0.063300 0.071700 0.052100 0.056100
MountainNy 0.059700 0.177000 0.018300 0.176000 0.044300 0.063400 0.036900 0.056000 0.000000 0.071500 0.059600 0.025600 0.048000 0.048300 0.044600 0.044500 0.055800 0.043900 0.067500 0.014400 0.048300 0.059500 0.063700 0.118300 0.055700 0.044500 0.048200 0.010900 0.044500 0.014300 0.072000 0.044400 0.044400 0.052000 0.063500 0.029400 0.058900 0.043700 0.048300 0.063400 0.067400 0.056100 0.063600 0.059400 0.029400 0.087800 0.063800 0.036900 0.067400 0.052200 0.010900 0.014600
MuntiacusM 0.095200 0.191000 0.083400 0.180600 0.071200 0.090900 0.063700 0.091500 0.071500 0.000000 0.079000 0.059600 0.075000 0.075400 0.071600 0.071500 0.059600 0.071000 0.087200 0.071500 0.075500 0.086800 0.048400 0.098500 0.082900 0.071600 0.075200 0.067800 0.071600 0.063700 0.014700 0.071400 0.063700 0.087100 0.083000 0.059700 0.086800 0.071300 0.075400 0.029300 0.033200 0.083600 0.007200 0.040600 0.059700 0.137400 0.075500 0.063600 0.095000 0.059600 0.067500 0.071700
goat 0.014400 0.203700 0.071400 0.184400 0.036600 0.010700 0.036700 0.048100 0.059600 0.079000 0.000000 0.048000 0.018100 0.040500 0.036800 0.029300 0.063200 0.066800 0.021900 0.059700 0.033000 0.007200 0.087100 0.126200 0.003600 0.029300 0.018200 0.055900 0.036700 0.059700 0.079600 0.036700 0.075100 0.029300 0.033000 0.055700 0.007100 0.036400 0.033000 0.078800 0.082900 0.040600 0.070800 0.066900 0.055700 0.099500 0.055800 0.029200 0.059400 0.059700 0.055700 0.059800
AfricanBuf 0.055400 0.181200 0.029200 0.171200 0.032900 0.051700 0.025400 0.052000 0.025600 0.059600 0.048000 0.000000 0.036600 0.036800 0.033100 0.033100 0.051800 0.047900 0.055700 0.025600 0.036800 0.047900 0.059600 0.105900 0.043500 0.033100 0.036700 0.022000 0.040600 0.025600 0.060000 0.025600 0.040500 0.040500 0.051800 0.021900 0.047900 0.033000 0.036800 0.051700 0.055700 0.044500 0.051900 0.047800 0.021900 0.087700 0.052000 0.025600 0.055700 0.033200 0.021800 0.025700
Topi 0.025500 0.198800 0.059600 0.171000 0.024900 0.021800 0.024900 0.044200 0.048000 0.075000 0.018100 0.036600 0.000000 0.029200 0.025600 0.018200 0.059300 0.047900 0.018200 0.047800 0.021900 0.017900 0.075100 0.113800 0.014500 0.025500 0.000000 0.044400 0.025500 0.047600 0.075500 0.025500 0.063300 0.010900 0.014200 0.044200 0.018100 0.025300 0.021800 0.067000 0.071100 0.036800 0.066300 0.055300 0.044200 0.079400 0.051900 0.018100 0.040400 0.048100 0.044200 0.048200
CommonDuik 0.048100 0.190300 0.059900 0.180100 0.033000 0.044200 0.018200 0.044300 0.048300 0.075400 0.040500 0.036800 0.029200 0.000000 0.021900 0.025600 0.059600 0.055700 0.044200 0.048300 0.029300 0.040400 0.075200 0.114000 0.036700 0.025600 0.029200 0.044500 0.033000 0.048300 0.075700 0.018100 0.063400 0.040400 0.044200 0.044400 0.040400 0.033000 0.029300 0.067100 0.071200 0.036800 0.067500 0.055400 0.044400 0.083400 0.051900 0.018200 0.047900 0.056000 0.044400 0.048300
Suni 0.044500 0.181700 0.056200 0.176200 0.029300 0.040500 0.022000 0.040700 0.044600 0.071600 0.036800 0.033100 0.025600 0.021900 0.000000 0.021900 0.055900 0.052000 0.036600 0.044600 0.025700 0.036800 0.071500 0.110400 0.033000 0.021900 0.025600 0.040800 0.029400 0.044600 0.072000 0.021600 0.059700 0.036800 0.040600 0.040800 0.036800 0.029400 0.025600 0.063400 0.067500 0.033200 0.063800 0.051800 0.040800 0.083700 0.048300 0.014500 0.044300 0.052300 0.040800 0.044600
Springbuck 0.036800 0.194900 0.056100 0.167100 0.029300 0.033000 0.021900 0.032600 0.044500 0.071500 0.029300 0.033100 0.018200 0.025600 0.021900 0.000000 0.055800 0.044300 0.036800 0.044500 0.010900 0.029200 0.071400 0.110100 0.025500 0.014500 0.018200 0.039800 0.014500 0.044600 0.071600 0.021900 0.059600 0.029300 0.033000 0.040700 0.029200 0.029300 0.003600 0.063300 0.067400 0.025600 0.063700 0.051700 0.040700 0.075700 0.040600 0.014500 0.036700 0.052200 0.040700 0.044500
Okapi 0.079400 0.198800 0.067500 0.171000 0.063200 0.074800 0.054800 0.075200 0.055800 0.059600 0.063200 0.051800 0.059300 0.059600 0.055900 0.055800 0.000000 0.025500 0.079000 0.063500 0.059700 0.070600 0.059700 0.114000 0.067000 0.055800 0.059500 0.059800 0.063500 0.063600 0.060000 0.055700 0.055700 0.063400 0.074900 0.048100 0.070900 0.063300 0.059600 0.059400 0.063400 0.067500 0.051900 0.055500 0.048100 0.111900 0.083200 0.048100 0.078900 0.055900 0.059600 0.063700
Giraffe 0.075000 0.194400 0.063500 0.166800 0.059300 0.070900 0.051500 0.071300 0.043900 0.071000 0.066800 0.047900 0.047900 0.055700 0.052000 0.044300 0.025500 0.000000 0.067300 0.059600 0.048200 0.066900 0.063400 0.118000 0.063100 0.051900 0.048000 0.055900 0.052000 0.059600 0.071700 0.051800 0.044300 0.051800 0.063300 0.051800 0.066700 0.059400 0.048100 0.063200 0.067200 0.063600 0.063400 0.059200 0.051800 0.099600 0.079200 0.044300 0.067200 0.052000 0.055700 0.059800
TibetanAnt 0.029400 0.222200 0.079400 0.184600 0.044200 0.025600 0.044400 0.063400 0.067500 0.087200 0.021900 0.055700 0.018200 0.044200 0.036600 0.036800 0.079000 0.067300 0.000000 0.067500 0.040500 0.021900 0.087000 0.126300 0.018200 0.044300 0.018200 0.063600 0.044300 0.067600 0.087600 0.044200 0.082900 0.029300 0.025600 0.063600 0.021900 0.044300 0.040500 0.078700 0.082900 0.055800 0.079200 0.066900 0.063600 0.099500 0.063400 0.036700 0.059400 0.067600 0.063600 0.067500
Sitatunga 0.059800 0.185900 0.017700 0.176100 0.044300 0.063400 0.036900 0.056100 0.014400 0.071500 0.059700 0.025600 0.047800 0.048300 0.044600 0.044500 0.063500 0.059600 0.067500 0.000000 0.048400 0.059500 0.071500 0.118400 0.055700 0.044600 0.048200 0.003600 0.044500 0.014400 0.072000 0.044500 0.059800 0.059800 0.063500 0.033100 0.059600 0.044400 0.048300 0.063400 0.067500 0.056200 0.063200 0.059400 0.033100 0.096000 0.063800 0.036900 0.059700 0.044500 0.003600 0.014600
Oribi 0.040600 0.190400 0.060000 0.171600 0.033000 0.036700 0.025700 0.036800 0.048300 0.075500 0.033000 0.036800 0.021900 0.029300 0.025700 0.010900 0.059700 0.048200 0.040500 0.048400 0.000000 0.033000 0.075300 0.114200 0.029300 0.018200 0.021900 0.044500 0.018200 0.048400 0.075800 0.025600 0.063500 0.033000 0.029300 0.044500 0.033000 0.025600 0.014500 0.067200 0.071300 0.029400 0.067600 0.055500 0.044500 0.071800 0.044400 0.018200 0.040500 0.056100 0.044500 0.048400
BarbaryShe 0.014500 0.212600 0.071300 0.193100 0.036600 0.010700 0.036700 0.048000 0.059500 0.086800 0.007200 0.047900 0.017900 0.040400 0.036800 0.029200 0.070600 0.066900 0.021900 0.059500 0.033000 0.000000 0.086900 0.126100 0.003600 0.029200 0.018100 0.055800 0.036700 0.059600 0.087500 0.036600 0.075000 0.029200 0.032900 0.055600 0.007100 0.036600 0.032900 0.078700 0.082800 0.040500 0.078900 0.066800 0.055600 0.099300 0.055700 0.029200 0.059300 0.059600 0.055600 0.059700
Daviddeer 0.095300 0.208700 0.075500 0.180300 0.071200 0.091000 0.063700 0.091200 0.063700 0.048400 0.087100 0.059600 0.075100 0.075200 0.071500 0.071400 0.059700 0.063400 0.087000 0.071500 0.075300 0.086900 0.000000 0.106300 0.083000 0.071400 0.075100 0.067600 0.079200 0.071600 0.048600 0.071300 0.055700 0.079000 0.083100 0.055900 0.086900 0.071300 0.075200 0.036700 0.017900 0.083400 0.040700 0.040400 0.055900 0.120200 0.083200 0.063500 0.078900 0.059900 0.067500 0.071500
Reindeer 0.134900 0.257700 0.130800 0.209200 0.118000 0.130300 0.110400 0.130600 0.118300 0.098500 0.126200 0.105900 0.113800 0.114000 0.110400 0.110100 0.114000 0.118000 0.126300 0.118400 0.114200 0.126100 0.106300 0.000000 0.122000 0.110200 0.113800 0.114300 0.118200 0.118500 0.098900 0.109900 0.126200 0.126100 0.122300 0.098100 0.126100 0.118200 0.114100 0.090000 0.094300 0.122600 0.090400 0.062700 0.098100 0.169500 0.130600 0.101900 0.134300 0.118600 0.114200 0.118400
Ibex 0.010800 0.208200 0.066500 0.188800 0.032900 0.007200 0.032900 0.044300 0.055700 0.082900 0.003600 0.043500 0.014500 0.036700 0.033000 0.025500 0.067000 0.063100 0.018200 0.055700 0.029300 0.003600 0.083000 0.122000 0.000000 0.025500 0.014500 0.052000 0.033000 0.055800 0.083500 0.032900 0.071100 0.025500 0.028800 0.051100 0.003600 0.032400 0.029200 0.074800 0.078900 0.036800 0.075000 0.063000 0.051800 0.095300 0.051900 0.025500 0.055500 0.055800 0.051900 0.055900
GyrantGaze 0.036900 0.195100 0.056100 0.162700 0.029300 0.033000 0.022000 0.033100 0.044500 0.071600 0.029300 0.033100 0.025500 0.025600 0.021900 0.014500 0.055800 0.051900 0.044300 0.044600 0.018200 0.029200 0.071400 0.110200 0.025500 0.000000 0.025500 0.040800 0.021900 0.044600 0.071900 0.021900 0.059700 0.036700 0.040500 0.040700 0.029300 0.029300 0.018200 0.063300 0.067400 0.018300 0.063700 0.051700 0.040700 0.083600 0.040600 0.014500 0.044200 0.052200 0.040700 0.044600
Hartebeest 0.025600 0.198800 0.059800 0.171000 0.025500 0.021800 0.025600 0.044200 0.048200 0.075200 0.018200 0.036700 0.000000 0.029200 0.025600 0.018200 0.059500 0.048000 0.018200 0.048200 0.021900 0.018100 0.075100 0.113800 0.014500 0.025500 0.000000 0.044400 0.025500 0.048200 0.075500 0.025500 0.063300 0.010900 0.014500 0.044400 0.018200 0.025500 0.021800 0.067000 0.071100 0.036800 0.067300 0.055300 0.044400 0.079400 0.051900 0.018100 0.040400 0.048300 0.044400 0.048200
Bongo 0.056100 0.181400 0.014600 0.171700 0.040600 0.059700 0.033200 0.052100 0.010900 0.067800 0.055900 0.022000 0.044400 0.044500 0.040800 0.039800 0.059800 0.055900 0.063600 0.003600 0.044500 0.055800 0.067600 0.114300 0.052000 0.040800 0.044400 0.000000 0.040700 0.010900 0.067900 0.040700 0.055900 0.055900 0.059800 0.029500 0.055900 0.040700 0.044500 0.059600 0.063600 0.052100 0.059900 0.055600 0.029500 0.091900 0.059900 0.033100 0.063500 0.048500 0.000000 0.010900
Gerenuk 0.036800 0.194900 0.056100 0.175900 0.036700 0.040500 0.029400 0.033100 0.044500 0.071600 0.036700 0.040600 0.025500 0.033000 0.029400 0.014500 0.063500 0.052000 0.044300 0.044500 0.018200 0.036700 0.079200 0.118200 0.033000 0.021900 0.025500 0.040700 0.000000 0.044600 0.071900 0.029300 0.067400 0.036700 0.040500 0.048300 0.036700 0.036800 0.018200 0.071100 0.075200 0.033100 0.063700 0.059300 0.048300 0.075600 0.048200 0.021900 0.044200 0.059900 0.040700 0.044500
CommonElan 0.059800 0.181600 0.018200 0.176300 0.044300 0.059000 0.036900 0.056100 0.014300 0.063700 0.059700 0.025600 0.047600 0.048300 0.044600 0.044600 0.063600 0.059600 0.067600 0.014400 0.048400 0.059600 0.071600 0.118500 0.055800 0.044600 0.048200 0.010900 0.044600 0.000000 0.072100 0.044500 0.059800 0.059800 0.063600 0.033000 0.059600 0.044400 0.048400 0.055800 0.059700 0.056200 0.063700 0.059500 0.033100 0.096000 0.052200 0.036900 0.067500 0.052200 0.010800 0.014600
MuntiacusR 0.095900 0.191900 0.080000 0.181500 0.071700 0.091500 0.064100 0.091600 0.072000 0.014700 0.079600 0.060000 0.075500 0.075700 0.072000 0.071600 0.060000 0.071700 0.087600 0.072000 0.075800 0.087500 0.048600 0.098900 0.083500 0.071900 0.075500 0.067900 0.071900 0.072100 0.000000 0.071700 0.071700 0.083500 0.083600 0.060200 0.087500 0.071800 0.075700 0.037000 0.040900 0.083700 0.007300 0.040700 0.060200 0.138000 0.083800 0.063900 0.095400 0.060000 0.068000 0.072000
HarveysDui 0.044300 0.194500 0.048400 0.175500 0.029200 0.040400 0.014500 0.040500 0.044400 0.071400 0.036700 0.025600 0.025500 0.018100 0.021600 0.021900 0.055700 0.051800 0.044200 0.044500 0.025600 0.036600 0.071300 0.109900 0.032900 0.021900 0.025500 0.040700 0.029300 0.044500 0.071700 0.000000 0.051900 0.029200 0.040500 0.040600 0.036600 0.029300 0.025500 0.063200 0.067200 0.033100 0.063500 0.051600 0.040600 0.075500 0.048100 0.014500 0.044100 0.044500 0.040600 0.044500
Pronghorn 0.083200 0.194500 0.056000 0.175400 0.059500 0.078900 0.052000 0.079200 0.044400 0.063700 0.075100 0.040500 0.063300 0.063400 0.059700 0.059600 0.055700 0.044300 0.082900 0.059800 0.063500 0.075000 0.055700 0.126200 0.071100 0.059700 0.063300 0.055900 0.067400 0.059800 0.071700 0.051900 0.000000 0.059500 0.079000 0.052000 0.067200 0.059600 0.063500 0.063200 0.059500 0.071400 0.063600 0.059200 0.052000 0.107800 0.079200 0.051900 0.074900 0.044500 0.055800 0.059800
BlueWildeb 0.036800 0.212700 0.048300 0.184400 0.036700 0.033000 0.036800 0.055700 0.052000 0.087100 0.029300 0.040500 0.010900 0.040400 0.036800 0.029300 0.063400 0.051800 0.029300 0.059800 0.033000 0.029200 0.079000 0.126100 0.025500 0.036700 0.010900 0.055900 0.036700 0.059800 0.083500 0.029200 0.059500 0.000000 0.025600 0.052000 0.029200 0.036700 0.033000 0.078700 0.082900 0.048100 0.079100 0.066900 0.052000 0.075500 0.063400 0.029200 0.051700 0.052200 0.055800 0.059800
Gemsbok 0.040500 0.198500 0.075300 0.180200 0.040400 0.036700 0.040000 0.059600 0.063500 0.083000 0.033000 0.051800 0.014200 0.044200 0.040600 0.033000 0.074900 0.063300 0.025600 0.063500 0.029300 0.032900 0.083100 0.122300 0.028800 0.040500 0.014500 0.059800 0.040500 0.063600 0.083600 0.040500 0.079000 0.025600 0.000000 0.059600 0.032900 0.032800 0.036800 0.074900 0.079000 0.052000 0.075100 0.063100 0.058700 0.087200 0.059600 0.033000 0.055600 0.063600 0.060100 0.063700
Yak 0.063200 0.199400 0.040700 0.180500 0.040500 0.059500 0.033100 0.059900 0.029400 0.059700 0.055700 0.021900 0.044200 0.044400 0.040800 0.040700 0.048100 0.051800 0.063600 0.033100 0.044500 0.055600 0.055900 0.098100 0.051100 0.040700 0.044400 0.029500 0.048300 0.033000 0.060200 0.040600 0.052000 0.052000 0.059600 0.000000 0.055700 0.040500 0.044400 0.051800 0.055800 0.052200 0.051000 0.048000 0.000000 0.099900 0.059900 0.033100 0.063500 0.048300 0.029100 0.033200
BlueSheep 0.014400 0.212600 0.071300 0.193100 0.036600 0.010800 0.036700 0.048000 0.058900 0.086800 0.007100 0.047900 0.018100 0.040400 0.036800 0.029200 0.070900 0.066700 0.021900 0.059600 0.033000 0.007100 0.086900 0.126100 0.003600 0.029300 0.018200 0.055900 0.036700 0.059600 0.087500 0.036600 0.067200 0.029200 0.032900 0.055700 0.000000 0.036100 0.032900 0.078700 0.082800 0.040500 0.078900 0.066800 0.055700 0.099300 0.055700 0.029200 0.059300 0.059600 0.055700 0.059700
BohorReedb 0.044300 0.176900 0.055900 0.176000 0.007200 0.040400 0.021900 0.048200 0.043700 0.071300 0.036400 0.033000 0.025300 0.033000 0.029400 0.029300 0.063300 0.059400 0.044300 0.044400 0.025600 0.036600 0.071300 0.118200 0.032400 0.029300 0.025500 0.040700 0.036800 0.044400 0.071800 0.029300 0.059600 0.036700 0.032800 0.040500 0.036100 0.000000 0.033000 0.063300 0.067300 0.040600 0.063400 0.059300 0.039900 0.083600 0.048100 0.021900 0.051800 0.044400 0.040600 0.044500
KirksDik 0.040600 0.190400 0.059900 0.162700 0.033000 0.036700 0.025600 0.036800 0.048300 0.075400 0.033000 0.036800 0.021800 0.029300 0.025600 0.003600 0.059600 0.048100 0.040500 0.048300 0.014500 0.032900 0.075200 0.114100 0.029200 0.018200 0.021800 0.044500 0.018200 0.048400 0.075700 0.025500 0.063500 0.033000 0.036800 0.044400 0.032900 0.033000 0.000000 0.067100 0.071200 0.029400 0.067500 0.055500 0.044400 0.079600 0.044400 0.018200 0.040400 0.056000 0.044500 0.048300
RoeDeer 0.086900 0.198500 0.075200 0.179400 0.063200 0.082600 0.055700 0.082900 0.063400 0.029300 0.078800 0.051700 0.067000 0.067100 0.063400 0.063300 0.059400 0.063200 0.078700 0.063400 0.067200 0.078700 0.036700 0.090000 0.074800 0.063300 0.067000 0.059600 0.071100 0.055800 0.037000 0.063200 0.063200 0.078700 0.074900 0.051800 0.078700 0.063300 0.067100 0.000000 0.018200 0.075100 0.029300 0.032800 0.051800 0.119700 0.067200 0.055600 0.078600 0.055800 0.059500 0.063400
WhiteLippe 0.091100 0.203700 0.079300 0.175500 0.067200 0.086800 0.059700 0.087100 0.067400 0.033200 0.082900 0.055700 0.071100 0.071200 0.067500 0.067400 0.063400 0.067200 0.082900 0.067500 0.071300 0.082800 0.017900 0.094300 0.078900 0.067400 0.071100 0.063600 0.075200 0.059700 0.040900 0.067200 0.059500 0.082900 0.079000 0.055800 0.082800 0.067300 0.071200 0.018200 0.000000 0.079300 0.033200 0.029200 0.055800 0.124200 0.071300 0.059600 0.074900 0.059800 0.063500 0.067500
ThomsonGaz 0.048300 0.200200 0.067900 0.176400 0.033100 0.044300 0.033200 0.044300 0.056100 0.083600 0.040600 0.044500 0.036800 0.036800 0.033200 0.025600 0.067500 0.063600 0.055800 0.056200 0.029400 0.040500 0.083400 0.122600 0.036800 0.018300 0.036800 0.052100 0.033100 0.056200 0.083700 0.033100 0.071400 0.048100 0.052000 0.052200 0.040500 0.040600 0.029400 0.075100 0.079300 0.000000 0.075600 0.063300 0.052200 0.095800 0.052100 0.025600 0.055700 0.064000 0.052200 0.056200
MuntiacusC 0.087200 0.181700 0.075400 0.171600 0.063300 0.082900 0.056000 0.083400 0.063600 0.007200 0.070800 0.051900 0.066300 0.067500 0.063800 0.063700 0.051900 0.063400 0.079200 0.063200 0.067600 0.078900 0.040700 0.090400 0.075000 0.063700 0.067300 0.059900 0.063700 0.063700 0.007300 0.063500 0.063600 0.079100 0.075100 0.051000 0.078900 0.063400 0.067500 0.029300 0.033200 0.075600 0.000000 0.033000 0.052000 0.128800 0.075400 0.055900 0.087000 0.051900 0.059700 0.063800
WhiteTaile 0.074900 0.202600 0.071100 0.157200 0.059200 0.070700 0.051800 0.070900 0.059400 0.040600 0.066900 0.047800 0.055300 0.055400 0.051800 0.051700 0.055500 0.059200 0.066900 0.059400 0.055500 0.066800 0.040400 0.062700 0.063000 0.051700 0.055300 0.055600 0.059300 0.059500 0.040700 0.051600 0.059200 0.066900 0.063100 0.048000 0.066800 0.059300 0.055500 0.032800 0.029200 0.063300 0.033000 0.000000 0.048000 0.115400 0.071000 0.044100 0.066800 0.059500 0.055600 0.059500
Cattle 0.063600 0.199400 0.039100 0.180500 0.040500 0.059500 0.033100 0.059900 0.029400 0.059700 0.055700 0.021900 0.044200 0.044400 0.040800 0.040700 0.048100 0.051800 0.063600 0.033100 0.044500 0.055600 0.055900 0.098100 0.051800 0.040700 0.044400 0.029500 0.048300 0.033100 0.060200 0.040600 0.052000 0.052000 0.058700 0.000000 0.055700 0.039900 0.044400 0.051800 0.055800 0.052200 0.052000 0.048000 0.000000 0.099900 0.059900 0.033100 0.063500 0.048300 0.029300 0.033200
RoyalAntel 0.099700 0.213700 0.092100 0.218300 0.083500 0.103400 0.083700 0.095600 0.087800 0.137400 0.099500 0.087700 0.079400 0.083400 0.083700 0.075700 0.111900 0.099600 0.099500 0.096000 0.071800 0.099300 0.120200 0.169500 0.095300 0.083600 0.079400 0.091900 0.075600 0.096000 0.138000 0.075500 0.107800 0.075500 0.087200 0.099900 0.099300 0.083600 0.079600 0.119700 0.124200 0.095800 0.128800 0.115400 0.099900 0.000000 0.112000 0.075500 0.075400 0.108400 0.091800 0.095900
Steenbok 0.063600 0.204000 0.071700 0.198400 0.048100 0.051900 0.040700 0.059700 0.063800 0.075500 0.055800 0.052000 0.051900 0.051900 0.048300 0.040600 0.083200 0.079200 0.063400 0.063800 0.044400 0.055700 0.083200 0.130600 0.051900 0.040600 0.051900 0.059900 0.048200 0.052200 0.083800 0.048100 0.079200 0.063400 0.059600 0.059900 0.055700 0.048100 0.044400 0.067200 0.071300 0.052100 0.075400 0.071000 0.059900 0.112000 0.000000 0.040600 0.071100 0.071700 0.059900 0.063800
Impala 0.036800 0.185600 0.048400 0.166800 0.021800 0.032900 0.014600 0.033000 0.036900 0.063600 0.029200 0.025600 0.018100 0.018200 0.014500 0.014500 0.048100 0.044300 0.036700 0.036900 0.018200 0.029200 0.063500 0.101900 0.025500 0.014500 0.018100 0.033100 0.021900 0.036900 0.063900 0.014500 0.051900 0.029200 0.033000 0.033100 0.029200 0.021900 0.018200 0.055600 0.059600 0.025600 0.055900 0.044100 0.033100 0.075500 0.040600 0.000000 0.036600 0.044500 0.033100 0.036900
Klipspring 0.067200 0.212600 0.079300 0.175500 0.051700 0.063100 0.044300 0.063300 0.067400 0.095000 0.059400 0.055700 0.040400 0.047900 0.044300 0.036700 0.078900 0.067200 0.059400 0.059700 0.040500 0.059300 0.078900 0.134300 0.055500 0.044200 0.040400 0.063500 0.044200 0.067500 0.095400 0.044100 0.074900 0.051700 0.055600 0.063500 0.059300 0.051800 0.040400 0.078600 0.074900 0.055700 0.087000 0.066800 0.063500 0.075400 0.071100 0.036600 0.000000 0.067400 0.063500 0.067400
ForestMusk 0.067400 0.195700 0.056100 0.176500 0.044400 0.063500 0.044500 0.071700 0.052200 0.059600 0.059700 0.033200 0.048100 0.056000 0.052300 0.052200 0.055900 0.052000 0.067600 0.044500 0.056100 0.059600 0.059900 0.118600 0.055800 0.052200 0.048300 0.048500 0.059900 0.052200 0.060000 0.044500 0.044500 0.052200 0.063600 0.048300 0.059600 0.044400 0.056000 0.055800 0.059800 0.064000 0.051900 0.059500 0.048300 0.108400 0.071700 0.044500 0.067400 0.000000 0.048300 0.052300
Bushbuck 0.055900 0.181200 0.014600 0.171500 0.040500 0.059500 0.033100 0.052100 0.010900 0.067500 0.055700 0.021800 0.044200 0.044400 0.040800 0.040700 0.059600 0.055700 0.063600 0.003600 0.044500 0.055600 0.067500 0.114200 0.051900 0.040700 0.044400 0.000000 0.040700 0.010800 0.068000 0.040600 0.055800 0.055800 0.060100 0.029100 0.055700 0.040600 0.044500 0.059500 0.063500 0.052200 0.059700 0.055600 0.029300 0.091800 0.059900 0.033100 0.063500 0.048300 0.000000 0.010900
GreaterKud 0.060000 0.177300 0.025800 0.176200 0.044400 0.063600 0.037000 0.056100 0.014600 0.071700 0.059800 0.025700 0.048200 0.048300 0.044600 0.044500 0.063700 0.059800 0.067500 0.014600 0.048400 0.059700 0.071500 0.118400 0.055900 0.044600 0.048200 0.010900 0.044500 0.014600 0.072000 0.044500 0.059800 0.059800 0.063700 0.033200 0.059700 0.044500 0.048300 0.063400 0.067500 0.056200 0.063800 0.059500 0.033200 0.095900 0.063800 0.036900 0.067400 0.052300 0.010900 0.000000
