CODONML (in paml version 4.10.7, June 2023)  /home/rachel/ruminants_paml/6406-phy-tree/ENSBTAT00000004524.fasta.phy
Model: free dN/dS Ratios for branches,  kappa = 2.000 fixed

Codon frequency model: F3x4
ns =  54  ls =  56

Codon usage in sequences
--------------------------------------------------------------------------------------------------------------------------------------
Phe TTT   3   3   3   3   2   3 | Ser TCT   0   0   0   0   0   0 | Tyr TAT   1   1   1   0   1   1 | Cys TGT   1   1   1   1   1   1
    TTC   0   0   0   0   1   0 |     TCC   0   0   0   0   0   0 |     TAC   0   0   0   1   0   0 |     TGC   0   0   0   0   0   0
Leu TTA   1   1   1   1   1   1 |     TCA   0   0   0   0   0   1 | *** TAA   0   0   0   0   0   0 | *** TGA   0   0   0   0   0   0
    TTG   1   1   1   1   1   0 |     TCG   0   0   0   0   0   0 |     TAG   0   0   0   0   0   0 | Trp TGG   1   1   1   1   1   1
--------------------------------------------------------------------------------------------------------------------------------------
Leu CTT   1   1   1   1   1   1 | Pro CCT   1   1   1   1   1   1 | His CAT   1   1   1   1   1   0 | Arg CGT   0   0   0   0   0   0
    CTC   0   0   0   0   1   0 |     CCC   0   0   0   0   0   0 |     CAC   0   0   0   0   0   1 |     CGC   0   0   0   0   0   0
    CTA   0   0   0   0   0   0 |     CCA   1   1   1   0   0   1 | Gln CAA   1   0   1   1   0   0 |     CGA   0   0   0   0   0   1
    CTG   1   1   1   1   0   2 |     CCG   0   0   0   1   1   0 |     CAG   0   1   0   0   1   1 |     CGG   1   1   1   1   1   0
--------------------------------------------------------------------------------------------------------------------------------------
Ile ATT   1   0   1   1   0   0 | Thr ACT   1   1   1   1   2   1 | Asn AAT   2   2   2   2   0   2 | Ser AGT   1   1   1   1   0   0
    ATC   0   1   0   0   0   1 |     ACC   0   0   0   0   0   1 |     AAC   1   1   1   1   3   1 |     AGC   0   0   0   0   1   1
    ATA   1   1   1   2   1   2 |     ACA   3   4   3   2   3   2 | Lys AAA   1   1   1   1   2   3 | Arg AGA   0   0   0   0   0   0
Met ATG   1   1   1   1   0   1 |     ACG   0   0   0   0   0   0 |     AAG   3   3   3   3   2   1 |     AGG   1   1   1   1   1   1
--------------------------------------------------------------------------------------------------------------------------------------
Val GTT   0   0   0   0   0   0 | Ala GCT   2   4   4   3   3   4 | Asp GAT   2   2   2   2   2   3 | Gly GGT   1   1   1   1   0   1
    GTC   0   0   0   0   0   0 |     GCC   1   0   0   1   1   0 |     GAC   2   3   2   2   2   2 |     GGC   0   0   0   0   1   0
    GTA   1   0   1   1   2   0 |     GCA   3   2   2   1   2   1 | Glu GAA   7   6   7   7   6   6 |     GGA   2   2   2   2   3   3
    GTG   0   0   0   0   0   0 |     GCG   0   0   0   1   0   0 |     GAG   3   3   3   3   4   3 |     GGG   1   1   1   1   0   0
--------------------------------------------------------------------------------------------------------------------------------------

--------------------------------------------------------------------------------------------------------------------------------------
Phe TTT   3   3   3   2   3   3 | Ser TCT   0   0   0   0   0   0 | Tyr TAT   1   1   1   1   1   1 | Cys TGT   1   1   1   1   1   1
    TTC   0   0   0   1   0   0 |     TCC   0   0   0   0   0   0 |     TAC   0   0   0   0   0   0 |     TGC   0   0   0   0   0   0
Leu TTA   1   1   1   1   1   0 |     TCA   0   0   0   0   0   0 | *** TAA   0   0   0   0   0   0 | *** TGA   0   0   0   0   0   0
    TTG   1   1   1   1   1   1 |     TCG   0   0   0   0   0   0 |     TAG   0   0   0   0   0   0 | Trp TGG   1   1   1   1   1   1
--------------------------------------------------------------------------------------------------------------------------------------
Leu CTT   1   1   1   1   1   1 | Pro CCT   1   1   1   1   1   1 | His CAT   1   1   1   1   1   1 | Arg CGT   0   0   0   0   0   0
    CTC   0   0   0   0   0   0 |     CCC   0   0   0   0   0   0 |     CAC   0   0   0   0   0   0 |     CGC   0   0   0   0   0   0
    CTA   0   0   0   0   0   1 |     CCA   1   1   1   1   1   1 | Gln CAA   1   1   1   1   1   1 |     CGA   0   0   0   0   0   0
    CTG   1   1   1   1   1   1 |     CCG   0   0   0   0   0   0 |     CAG   0   0   0   0   0   0 |     CGG   1   1   1   1   1   1
--------------------------------------------------------------------------------------------------------------------------------------
Ile ATT   1   1   1   1   1   1 | Thr ACT   1   1   1   1   1   1 | Asn AAT   2   2   2   2   2   2 | Ser AGT   1   1   1   1   1   1
    ATC   0   0   0   0   0   0 |     ACC   0   0   0   0   0   1 |     AAC   1   1   1   1   1   1 |     AGC   0   0   0   0   0   0
    ATA   1   1   1   1   1   1 |     ACA   4   3   3   3   3   2 | Lys AAA   1   1   1   1   2   1 | Arg AGA   0   0   0   0   0   0
Met ATG   1   1   1   1   1   1 |     ACG   0   0   0   0   0   0 |     AAG   3   3   3   3   2   3 |     AGG   1   1   1   1   1   1
--------------------------------------------------------------------------------------------------------------------------------------
Val GTT   0   0   0   0   0   0 | Ala GCT   3   2   3   3   4   4 | Asp GAT   2   2   2   2   2   2 | Gly GGT   1   1   1   1   1   1
    GTC   0   0   0   0   0   0 |     GCC   1   1   1   1   0   0 |     GAC   2   2   2   2   2   2 |     GGC   0   0   0   0   0   0
    GTA   1   1   1   1   1   1 |     GCA   1   3   2   2   2   2 | Glu GAA   7   7   7   7   7   7 |     GGA   2   2   2   2   2   2
    GTG   0   0   0   0   0   0 |     GCG   0   0   0   0   0   0 |     GAG   3   3   3   3   3   3 |     GGG   1   1   1   1   1   1
--------------------------------------------------------------------------------------------------------------------------------------

--------------------------------------------------------------------------------------------------------------------------------------
Phe TTT   3   3   3   3   3   3 | Ser TCT   0   0   0   0   0   0 | Tyr TAT   1   1   1   1   1   1 | Cys TGT   1   1   1   1   1   1
    TTC   0   0   0   0   0   0 |     TCC   0   0   0   0   0   0 |     TAC   0   0   0   0   0   0 |     TGC   0   0   0   0   0   0
Leu TTA   1   1   1   1   1   1 |     TCA   0   0   0   0   0   0 | *** TAA   0   0   0   0   0   0 | *** TGA   0   0   0   0   0   0
    TTG   1   1   1   1   1   1 |     TCG   0   0   0   0   0   0 |     TAG   0   0   0   0   0   0 | Trp TGG   1   1   1   1   1   1
--------------------------------------------------------------------------------------------------------------------------------------
Leu CTT   1   1   1   1   1   1 | Pro CCT   1   1   1   1   1   1 | His CAT   1   1   1   1   1   1 | Arg CGT   0   0   0   0   0   0
    CTC   0   0   0   0   0   0 |     CCC   0   0   0   0   0   0 |     CAC   0   0   0   0   0   0 |     CGC   0   0   0   0   0   0
    CTA   0   0   0   0   0   0 |     CCA   1   1   1   1   1   1 | Gln CAA   1   1   0   1   1   1 |     CGA   0   0   0   0   0   0
    CTG   1   1   1   1   1   1 |     CCG   0   0   0   0   0   0 |     CAG   0   0   1   0   0   0 |     CGG   1   1   1   1   1   1
--------------------------------------------------------------------------------------------------------------------------------------
Ile ATT   1   1   1   1   1   1 | Thr ACT   1   1   1   1   1   1 | Asn AAT   2   2   2   2   1   2 | Ser AGT   1   1   1   1   1   1
    ATC   0   0   0   0   0   0 |     ACC   0   0   0   0   0   0 |     AAC   1   1   1   1   2   1 |     AGC   0   0   0   0   0   0
    ATA   1   1   1   1   1   1 |     ACA   3   3   3   3   3   3 | Lys AAA   1   1   1   1   1   1 | Arg AGA   0   0   0   0   0   0
Met ATG   1   1   1   1   1   1 |     ACG   0   0   0   0   0   0 |     AAG   3   3   3   3   3   3 |     AGG   1   1   1   1   1   1
--------------------------------------------------------------------------------------------------------------------------------------
Val GTT   0   0   0   0   0   0 | Ala GCT   3   4   3   3   3   3 | Asp GAT   2   2   2   2   2   2 | Gly GGT   1   1   1   1   1   1
    GTC   0   0   0   0   0   0 |     GCC   1   1   1   1   1   1 |     GAC   2   2   2   2   2   2 |     GGC   0   0   0   0   0   0
    GTA   1   1   1   1   1   1 |     GCA   2   1   2   2   2   2 | Glu GAA   7   7   7   7   7   7 |     GGA   2   2   2   2   2   2
    GTG   0   0   0   0   0   0 |     GCG   0   0   0   0   0   0 |     GAG   3   3   3   3   3   3 |     GGG   1   1   1   1   1   1
--------------------------------------------------------------------------------------------------------------------------------------

--------------------------------------------------------------------------------------------------------------------------------------
Phe TTT   3   3   3   3   3   2 | Ser TCT   0   0   0   0   0   0 | Tyr TAT   1   1   1   1   1   1 | Cys TGT   1   1   1   1   1   1
    TTC   0   0   0   0   0   1 |     TCC   0   0   0   0   0   0 |     TAC   0   0   0   0   0   0 |     TGC   0   0   0   0   0   0
Leu TTA   1   1   2   1   1   1 |     TCA   0   0   0   0   0   0 | *** TAA   0   0   0   0   0   0 | *** TGA   0   0   0   0   0   0
    TTG   1   1   0   1   1   1 |     TCG   0   0   0   0   0   0 |     TAG   0   0   0   0   0   0 | Trp TGG   1   1   1   1   1   1
--------------------------------------------------------------------------------------------------------------------------------------
Leu CTT   1   1   1   1   1   1 | Pro CCT   1   1   1   1   1   1 | His CAT   1   0   1   1   1   1 | Arg CGT   0   0   0   0   0   0
    CTC   0   0   0   0   0   0 |     CCC   0   0   0   0   0   0 |     CAC   0   1   0   0   0   0 |     CGC   0   0   0   0   0   0
    CTA   0   0   0   0   0   0 |     CCA   1   1   1   1   1   1 | Gln CAA   1   1   1   1   1   1 |     CGA   0   0   0   0   0   0
    CTG   1   1   1   1   1   1 |     CCG   0   0   0   0   0   0 |     CAG   0   0   0   0   0   0 |     CGG   1   1   1   1   1   1
--------------------------------------------------------------------------------------------------------------------------------------
Ile ATT   1   1   1   1   1   1 | Thr ACT   1   1   1   1   1   1 | Asn AAT   2   2   2   2   2   2 | Ser AGT   1   1   1   1   1   1
    ATC   0   0   0   0   0   0 |     ACC   0   0   0   0   0   0 |     AAC   1   1   0   1   1   1 |     AGC   0   0   1   0   0   0
    ATA   1   1   1   1   1   1 |     ACA   3   3   3   3   3   3 | Lys AAA   1   1   1   1   2   1 | Arg AGA   0   0   0   0   0   0
Met ATG   1   1   1   1   1   1 |     ACG   0   0   0   0   0   0 |     AAG   3   3   3   3   2   3 |     AGG   1   1   1   1   1   1
--------------------------------------------------------------------------------------------------------------------------------------
Val GTT   0   0   0   0   0   0 | Ala GCT   3   3   3   4   3   4 | Asp GAT   2   2   2   2   2   2 | Gly GGT   1   1   1   1   1   1
    GTC   0   0   0   0   0   0 |     GCC   1   1   1   0   1   0 |     GAC   2   2   2   2   2   2 |     GGC   0   0   0   0   0   0
    GTA   1   1   1   1   1   1 |     GCA   2   2   2   2   2   2 | Glu GAA   6   6   7   7   7   7 |     GGA   2   3   2   2   2   2
    GTG   0   0   0   0   0   0 |     GCG   0   0   0   0   0   0 |     GAG   4   4   3   3   3   3 |     GGG   1   0   1   1   1   1
--------------------------------------------------------------------------------------------------------------------------------------

--------------------------------------------------------------------------------------------------------------------------------------
Phe TTT   3   3   3   3   3   3 | Ser TCT   0   0   0   0   0   0 | Tyr TAT   1   1   1   1   1   1 | Cys TGT   1   1   1   1   1   1
    TTC   0   0   0   0   0   0 |     TCC   0   0   0   0   0   0 |     TAC   0   0   0   0   0   0 |     TGC   0   0   0   0   0   0
Leu TTA   1   1   1   1   1   1 |     TCA   0   0   0   0   0   0 | *** TAA   0   0   0   0   0   0 | *** TGA   0   0   0   0   0   0
    TTG   1   1   1   1   1   1 |     TCG   0   0   0   0   0   0 |     TAG   0   0   0   0   0   0 | Trp TGG   1   1   1   1   1   1
--------------------------------------------------------------------------------------------------------------------------------------
Leu CTT   1   1   1   1   1   1 | Pro CCT   1   1   1   1   1   1 | His CAT   1   1   1   1   1   1 | Arg CGT   0   0   0   0   0   0
    CTC   0   0   0   0   0   0 |     CCC   0   0   0   0   0   0 |     CAC   0   0   0   0   0   0 |     CGC   0   0   0   0   0   0
    CTA   0   0   0   0   0   0 |     CCA   1   1   1   1   1   0 | Gln CAA   1   1   1   1   0   1 |     CGA   0   0   0   0   0   0
    CTG   1   1   1   1   1   1 |     CCG   0   0   0   0   0   1 |     CAG   0   0   0   0   1   0 |     CGG   1   1   1   1   1   1
--------------------------------------------------------------------------------------------------------------------------------------
Ile ATT   1   1   1   1   1   1 | Thr ACT   1   1   1   1   1   1 | Asn AAT   2   2   2   2   2   3 | Ser AGT   1   1   1   1   1   1
    ATC   0   0   0   0   0   0 |     ACC   1   1   0   0   0   0 |     AAC   1   1   1   1   1   0 |     AGC   0   0   0   0   0   0
    ATA   1   1   1   1   1   1 |     ACA   2   2   3   3   3   3 | Lys AAA   1   1   1   1   1   2 | Arg AGA   0   0   0   0   0   0
Met ATG   1   1   1   1   1   1 |     ACG   0   0   0   0   0   0 |     AAG   3   3   3   3   3   2 |     AGG   1   1   1   1   1   1
--------------------------------------------------------------------------------------------------------------------------------------
Val GTT   0   0   0   0   0   0 | Ala GCT   3   3   3   3   4   4 | Asp GAT   2   2   2   2   2   2 | Gly GGT   1   1   1   1   1   1
    GTC   0   0   0   0   0   0 |     GCC   1   1   1   1   0   0 |     GAC   2   2   2   2   2   2 |     GGC   0   0   0   0   1   0
    GTA   1   1   1   1   1   1 |     GCA   1   1   2   2   2   2 | Glu GAA   7   7   7   7   7   7 |     GGA   2   2   2   2   1   2
    GTG   0   0   0   0   0   0 |     GCG   1   1   0   0   0   0 |     GAG   3   3   3   3   3   3 |     GGG   1   1   1   1   1   1
--------------------------------------------------------------------------------------------------------------------------------------

--------------------------------------------------------------------------------------------------------------------------------------
Phe TTT   3   3   3   3   3   3 | Ser TCT   0   0   0   0   0   0 | Tyr TAT   1   1   1   1   1   1 | Cys TGT   1   1   1   1   1   1
    TTC   0   0   0   0   0   0 |     TCC   0   0   0   0   0   0 |     TAC   0   0   0   0   0   0 |     TGC   0   0   0   0   0   0
Leu TTA   1   1   0   1   1   1 |     TCA   0   0   0   0   0   0 | *** TAA   0   0   0   0   0   0 | *** TGA   0   0   0   0   0   0
    TTG   1   1   1   1   1   1 |     TCG   0   0   0   0   0   0 |     TAG   0   0   0   0   0   0 | Trp TGG   1   1   1   1   1   1
--------------------------------------------------------------------------------------------------------------------------------------
Leu CTT   1   1   1   1   1   1 | Pro CCT   1   1   1   1   1   1 | His CAT   1   1   1   1   1   1 | Arg CGT   0   0   0   0   0   0
    CTC   0   0   0   0   0   0 |     CCC   0   0   0   0   0   0 |     CAC   0   0   0   0   0   0 |     CGC   0   0   0   0   0   0
    CTA   0   0   1   0   0   0 |     CCA   1   0   1   1   1   1 | Gln CAA   1   1   1   1   1   0 |     CGA   0   0   0   0   0   0
    CTG   1   1   1   1   1   1 |     CCG   0   1   0   0   0   0 |     CAG   0   0   0   0   0   1 |     CGG   1   1   1   1   1   1
--------------------------------------------------------------------------------------------------------------------------------------
Ile ATT   1   1   1   1   1   1 | Thr ACT   1   1   1   1   1   1 | Asn AAT   2   3   2   2   2   3 | Ser AGT   1   1   1   1   1   1
    ATC   0   0   0   0   0   0 |     ACC   0   0   1   0   0   0 |     AAC   1   0   1   1   1   0 |     AGC   0   0   0   0   0   0
    ATA   1   1   1   1   1   1 |     ACA   3   3   2   3   3   3 | Lys AAA   1   1   1   1   1   2 | Arg AGA   0   0   0   0   0   0
Met ATG   1   1   1   1   1   1 |     ACG   0   0   0   0   0   0 |     AAG   3   3   3   3   3   2 |     AGG   1   1   1   1   1   1
--------------------------------------------------------------------------------------------------------------------------------------
Val GTT   0   0   0   0   0   0 | Ala GCT   3   4   4   3   3   3 | Asp GAT   2   2   2   2   2   2 | Gly GGT   1   1   1   1   1   1
    GTC   0   0   0   0   0   0 |     GCC   1   0   0   1   1   1 |     GAC   2   2   2   2   2   2 |     GGC   0   0   0   0   0   0
    GTA   1   1   1   1   1   1 |     GCA   2   2   2   1   2   2 | Glu GAA   7   7   7   7   7   7 |     GGA   2   2   2   2   2   2
    GTG   0   0   0   0   0   0 |     GCG   0   0   0   1   0   0 |     GAG   3   3   3   3   3   3 |     GGG   1   1   1   1   1   1
--------------------------------------------------------------------------------------------------------------------------------------

--------------------------------------------------------------------------------------------------------------------------------------
Phe TTT   3   3   3   3   3   3 | Ser TCT   0   0   0   0   0   0 | Tyr TAT   1   1   1   1   1   1 | Cys TGT   1   1   1   1   1   1
    TTC   0   0   0   0   0   0 |     TCC   0   0   0   0   0   0 |     TAC   0   0   0   0   0   0 |     TGC   0   0   0   0   0   0
Leu TTA   1   1   1   1   1   1 |     TCA   0   0   0   0   0   0 | *** TAA   0   0   0   0   0   0 | *** TGA   0   0   0   0   0   0
    TTG   1   1   1   1   1   1 |     TCG   0   0   0   0   0   0 |     TAG   0   0   0   0   0   0 | Trp TGG   1   1   1   1   1   1
--------------------------------------------------------------------------------------------------------------------------------------
Leu CTT   1   1   1   1   1   1 | Pro CCT   1   1   1   1   1   1 | His CAT   1   1   1   1   1   1 | Arg CGT   0   0   0   0   0   0
    CTC   0   0   0   0   0   0 |     CCC   0   0   0   0   0   0 |     CAC   0   0   0   0   0   0 |     CGC   0   0   0   0   0   0
    CTA   0   0   0   0   0   0 |     CCA   1   1   1   1   1   1 | Gln CAA   1   1   1   1   1   1 |     CGA   0   0   0   0   0   0
    CTG   1   1   1   1   1   1 |     CCG   0   0   0   0   0   0 |     CAG   1   0   0   0   0   0 |     CGG   1   1   1   1   1   1
--------------------------------------------------------------------------------------------------------------------------------------
Ile ATT   1   1   1   1   1   1 | Thr ACT   1   1   1   1   1   1 | Asn AAT   2   2   2   2   2   2 | Ser AGT   1   1   1   1   1   1
    ATC   0   0   0   0   0   0 |     ACC   0   0   0   0   0   1 |     AAC   1   1   1   1   1   1 |     AGC   0   0   0   0   0   0
    ATA   1   1   1   1   1   1 |     ACA   3   3   3   4   3   2 | Lys AAA   1   1   1   1   1   1 | Arg AGA   0   0   0   0   0   0
Met ATG   1   1   1   1   1   1 |     ACG   0   0   0   0   0   0 |     AAG   3   3   3   3   3   3 |     AGG   1   1   1   1   1   1
--------------------------------------------------------------------------------------------------------------------------------------
Val GTT   0   0   0   0   0   0 | Ala GCT   3   4   3   3   3   3 | Asp GAT   2   2   2   2   2   2 | Gly GGT   1   1   1   1   1   1
    GTC   0   0   0   0   0   0 |     GCC   1   1   1   1   1   1 |     GAC   2   2   2   2   2   2 |     GGC   0   0   0   0   0   0
    GTA   1   1   1   1   1   1 |     GCA   2   1   2   1   2   1 | Glu GAA   7   7   7   7   7   7 |     GGA   2   2   2   2   2   2
    GTG   0   0   0   0   0   0 |     GCG   0   0   0   0   0   1 |     GAG   2   3   3   3   3   3 |     GGG   1   1   1   1   1   1
--------------------------------------------------------------------------------------------------------------------------------------

--------------------------------------------------------------------------------------------------------------------------------------
Phe TTT   3   3   3   3   3   3 | Ser TCT   0   0   0   0   0   0 | Tyr TAT   1   1   1   1   1   1 | Cys TGT   1   1   1   1   1   1
    TTC   0   0   0   0   0   0 |     TCC   0   0   0   0   0   0 |     TAC   0   0   0   0   0   0 |     TGC   0   0   0   0   0   0
Leu TTA   1   1   0   1   1   1 |     TCA   0   0   0   0   0   0 | *** TAA   0   0   0   0   0   0 | *** TGA   0   0   0   0   0   0
    TTG   1   1   1   1   1   2 |     TCG   0   0   0   0   0   0 |     TAG   0   0   0   0   0   0 | Trp TGG   1   1   1   1   1   1
--------------------------------------------------------------------------------------------------------------------------------------
Leu CTT   1   1   1   1   1   1 | Pro CCT   1   1   1   1   1   1 | His CAT   1   1   1   1   1   1 | Arg CGT   0   0   0   0   0   0
    CTC   0   0   0   0   0   0 |     CCC   0   0   0   0   0   0 |     CAC   0   0   0   0   0   0 |     CGC   0   0   0   0   0   0
    CTA   0   0   1   0   0   0 |     CCA   1   1   1   0   1   1 | Gln CAA   1   1   1   1   1   1 |     CGA   0   0   0   0   0   0
    CTG   1   1   1   1   1   0 |     CCG   0   0   0   1   0   0 |     CAG   0   0   0   0   0   0 |     CGG   1   1   1   1   1   1
--------------------------------------------------------------------------------------------------------------------------------------
Ile ATT   1   1   1   1   1   1 | Thr ACT   1   1   1   1   1   1 | Asn AAT   2   2   2   2   2   2 | Ser AGT   1   1   1   1   1   1
    ATC   0   0   0   0   0   0 |     ACC   1   0   1   1   0   0 |     AAC   1   1   1   1   1   1 |     AGC   0   0   0   0   0   0
    ATA   1   1   1   1   1   1 |     ACA   2   3   2   2   3   3 | Lys AAA   1   1   1   1   1   1 | Arg AGA   0   0   0   0   0   0
Met ATG   1   1   1   1   1   1 |     ACG   0   0   0   0   0   0 |     AAG   3   3   3   3   3   3 |     AGG   1   1   1   1   1   1
--------------------------------------------------------------------------------------------------------------------------------------
Val GTT   0   0   0   0   0   0 | Ala GCT   3   3   4   3   4   3 | Asp GAT   2   2   2   2   2   2 | Gly GGT   1   1   1   1   1   1
    GTC   0   0   0   0   0   0 |     GCC   1   1   0   1   1   1 |     GAC   2   2   2   2   2   2 |     GGC   0   0   0   0   0   0
    GTA   1   1   1   1   1   0 |     GCA   1   2   2   1   1   2 | Glu GAA   7   7   7   7   7   7 |     GGA   2   2   2   2   2   2
    GTG   0   0   0   0   0   1 |     GCG   1   0   0   1   0   0 |     GAG   3   3   3   3   3   3 |     GGG   1   1   1   1   1   1
--------------------------------------------------------------------------------------------------------------------------------------

--------------------------------------------------------------------------------------------------------------------------------------
Phe TTT   3   3   3   3   3   3 | Ser TCT   0   0   0   0   0   0 | Tyr TAT   1   1   0   0   1   1 | Cys TGT   1   1   2   1   1   1
    TTC   0   0   0   0   0   0 |     TCC   0   0   0   0   0   0 |     TAC   0   0   0   1   0   0 |     TGC   0   0   0   0   0   0
Leu TTA   1   1   1   1   1   1 |     TCA   0   0   0   0   0   0 | *** TAA   0   0   0   0   0   0 | *** TGA   0   0   0   0   0   0
    TTG   1   1   1   1   1   1 |     TCG   0   0   0   0   0   0 |     TAG   0   0   0   0   0   0 | Trp TGG   1   1   1   1   1   1
--------------------------------------------------------------------------------------------------------------------------------------
Leu CTT   1   1   1   1   1   1 | Pro CCT   1   0   1   1   1   1 | His CAT   1   1   1   1   1   1 | Arg CGT   1   0   0   0   0   0
    CTC   0   0   0   0   0   0 |     CCC   0   0   0   0   0   0 |     CAC   0   0   0   0   0   0 |     CGC   0   0   0   0   0   0
    CTA   0   0   0   0   0   0 |     CCA   1   1   1   0   1   1 | Gln CAA   1   1   1   1   1   1 |     CGA   0   0   0   0   0   0
    CTG   1   1   1   1   1   1 |     CCG   0   1   0   1   0   0 |     CAG   0   0   0   0   0   0 |     CGG   1   1   1   1   1   1
--------------------------------------------------------------------------------------------------------------------------------------
Ile ATT   1   1   1   1   1   1 | Thr ACT   1   2   1   1   1   1 | Asn AAT   2   2   2   2   2   2 | Ser AGT   0   1   1   1   1   1
    ATC   0   0   0   0   0   0 |     ACC   0   0   0   0   0   0 |     AAC   1   1   1   1   1   1 |     AGC   0   0   0   0   0   0
    ATA   1   1   1   2   1   1 |     ACA   3   2   3   2   3   3 | Lys AAA   1   1   2   1   1   1 | Arg AGA   0   0   0   0   0   0
Met ATG   1   1   1   1   1   1 |     ACG   0   0   0   0   0   0 |     AAG   3   3   2   3   3   3 |     AGG   1   1   1   1   1   1
--------------------------------------------------------------------------------------------------------------------------------------
Val GTT   0   0   0   0   0   0 | Ala GCT   4   4   3   3   4   4 | Asp GAT   2   2   2   2   2   2 | Gly GGT   1   1   1   1   1   1
    GTC   0   0   0   0   0   0 |     GCC   0   0   1   1   0   0 |     GAC   2   2   2   2   2   2 |     GGC   0   0   0   1   0   0
    GTA   1   1   1   1   1   1 |     GCA   2   2   2   0   2   2 | Glu GAA   7   7   7   7   7   7 |     GGA   1   2   2   1   2   2
    GTG   0   0   0   0   0   0 |     GCG   0   0   0   2   0   0 |     GAG   3   3   3   3   3   3 |     GGG   2   1   1   1   1   1
--------------------------------------------------------------------------------------------------------------------------------------

Codon position x base (3x4) table for each sequence.

#1: Argali         
position  1:    T:0.14286    C:0.12500    A:0.28571    G:0.44643
position  2:    T:0.19643    C:0.21429    A:0.42857    G:0.16071
position  3:    T:0.32143    C:0.07143    A:0.37500    G:0.23214
Average         T:0.22024    C:0.13690    A:0.36310    G:0.27976

#2: LesserMouseDeer
position  1:    T:0.14286    C:0.12500    A:0.30357    G:0.42857
position  2:    T:0.17857    C:0.23214    A:0.42857    G:0.16071
position  3:    T:0.33929    C:0.08929    A:0.32143    G:0.25000
Average         T:0.22024    C:0.14881    A:0.35119    G:0.27976

#3: LesserKudu     
position  1:    T:0.14286    C:0.12500    A:0.28571    G:0.44643
position  2:    T:0.19643    C:0.21429    A:0.42857    G:0.16071
position  3:    T:0.35714    C:0.05357    A:0.35714    G:0.23214
Average         T:0.23214    C:0.13095    A:0.35714    G:0.27976

#4: ForestMuskDeer2
position  1:    T:0.14286    C:0.12500    A:0.28571    G:0.44643
position  2:    T:0.21429    C:0.19643    A:0.42857    G:0.16071
position  3:    T:0.32143    C:0.08929    A:0.32143    G:0.26786
Average         T:0.22619    C:0.13690    A:0.34524    G:0.29167

#5: Camel          
position  1:    T:0.14286    C:0.12500    A:0.26786    G:0.46429
position  2:    T:0.17857    C:0.23214    A:0.42857    G:0.16071
position  3:    T:0.25000    C:0.17857    A:0.35714    G:0.21429
Average         T:0.19048    C:0.17857    A:0.35119    G:0.27976

#6: KillerWhale    
position  1:    T:0.14286    C:0.14286    A:0.30357    G:0.41071
position  2:    T:0.19643    C:0.21429    A:0.42857    G:0.16071
position  3:    T:0.32143    C:0.12500    A:0.37500    G:0.17857
Average         T:0.22024    C:0.16071    A:0.36905    G:0.25000

#7: DefassaWaterbuck
position  1:    T:0.14286    C:0.12500    A:0.30357    G:0.42857
position  2:    T:0.19643    C:0.21429    A:0.42857    G:0.16071
position  3:    T:0.33929    C:0.07143    A:0.35714    G:0.23214
Average         T:0.22619    C:0.13690    A:0.36310    G:0.27381

#8: Sheep          
position  1:    T:0.14286    C:0.12500    A:0.28571    G:0.44643
position  2:    T:0.19643    C:0.21429    A:0.42857    G:0.16071
position  3:    T:0.32143    C:0.07143    A:0.37500    G:0.23214
Average         T:0.22024    C:0.13690    A:0.36310    G:0.27976

#9: MaxwellsDuiker 
position  1:    T:0.14286    C:0.12500    A:0.28571    G:0.44643
position  2:    T:0.19643    C:0.21429    A:0.42857    G:0.16071
position  3:    T:0.33929    C:0.07143    A:0.35714    G:0.23214
Average         T:0.22619    C:0.13690    A:0.35714    G:0.27976

#10: GazellaPrzewalskyi
position  1:    T:0.14286    C:0.12500    A:0.28571    G:0.44643
position  2:    T:0.19643    C:0.21429    A:0.42857    G:0.16071
position  3:    T:0.32143    C:0.08929    A:0.35714    G:0.23214
Average         T:0.22024    C:0.14286    A:0.35714    G:0.27976

#11: MountainNyala  
position  1:    T:0.14286    C:0.12500    A:0.28571    G:0.44643
position  2:    T:0.19643    C:0.21429    A:0.42857    G:0.16071
position  3:    T:0.35714    C:0.05357    A:0.37500    G:0.21429
Average         T:0.23214    C:0.13095    A:0.36310    G:0.27381

#12: MuntiacusMuntjak
position  1:    T:0.12500    C:0.14286    A:0.28571    G:0.44643
position  2:    T:0.19643    C:0.21429    A:0.42857    G:0.16071
position  3:    T:0.35714    C:0.07143    A:0.33929    G:0.23214
Average         T:0.22619    C:0.14286    A:0.35119    G:0.27976

#13: goat           
position  1:    T:0.14286    C:0.12500    A:0.28571    G:0.44643
position  2:    T:0.19643    C:0.21429    A:0.42857    G:0.16071
position  3:    T:0.33929    C:0.07143    A:0.35714    G:0.23214
Average         T:0.22619    C:0.13690    A:0.35714    G:0.27976

#14: AfricanBuffalo 
position  1:    T:0.14286    C:0.12500    A:0.28571    G:0.44643
position  2:    T:0.19643    C:0.21429    A:0.42857    G:0.16071
position  3:    T:0.35714    C:0.07143    A:0.33929    G:0.23214
Average         T:0.23214    C:0.13690    A:0.35119    G:0.27976

#15: Topi           
position  1:    T:0.14286    C:0.12500    A:0.28571    G:0.44643
position  2:    T:0.19643    C:0.21429    A:0.42857    G:0.16071
position  3:    T:0.33929    C:0.07143    A:0.33929    G:0.25000
Average         T:0.22619    C:0.13690    A:0.35119    G:0.28571

#16: CommonDuiker   
position  1:    T:0.14286    C:0.12500    A:0.28571    G:0.44643
position  2:    T:0.19643    C:0.21429    A:0.42857    G:0.16071
position  3:    T:0.33929    C:0.07143    A:0.35714    G:0.23214
Average         T:0.22619    C:0.13690    A:0.35714    G:0.27976

#17: Suni           
position  1:    T:0.14286    C:0.12500    A:0.28571    G:0.44643
position  2:    T:0.19643    C:0.21429    A:0.42857    G:0.16071
position  3:    T:0.32143    C:0.08929    A:0.35714    G:0.23214
Average         T:0.22024    C:0.14286    A:0.35714    G:0.27976

#18: Springbuck     
position  1:    T:0.14286    C:0.12500    A:0.28571    G:0.44643
position  2:    T:0.19643    C:0.21429    A:0.42857    G:0.16071
position  3:    T:0.33929    C:0.07143    A:0.35714    G:0.23214
Average         T:0.22619    C:0.13690    A:0.35714    G:0.27976

#19: Okapi          
position  1:    T:0.14286    C:0.12500    A:0.28571    G:0.44643
position  2:    T:0.19643    C:0.21429    A:0.42857    G:0.16071
position  3:    T:0.33929    C:0.07143    A:0.33929    G:0.25000
Average         T:0.22619    C:0.13690    A:0.35119    G:0.28571

#20: Giraffe        
position  1:    T:0.14286    C:0.12500    A:0.28571    G:0.44643
position  2:    T:0.19643    C:0.21429    A:0.42857    G:0.16071
position  3:    T:0.32143    C:0.08929    A:0.35714    G:0.23214
Average         T:0.22024    C:0.14286    A:0.35714    G:0.27976

#21: TibetanAntelope
position  1:    T:0.14286    C:0.12500    A:0.28571    G:0.44643
position  2:    T:0.19643    C:0.21429    A:0.41071    G:0.17857
position  3:    T:0.33929    C:0.07143    A:0.37500    G:0.21429
Average         T:0.22619    C:0.13690    A:0.35714    G:0.27976

#22: Sitatunga      
position  1:    T:0.14286    C:0.12500    A:0.28571    G:0.44643
position  2:    T:0.19643    C:0.21429    A:0.42857    G:0.16071
position  3:    T:0.35714    C:0.05357    A:0.35714    G:0.23214
Average         T:0.23214    C:0.13095    A:0.35714    G:0.27976

#23: Oribi          
position  1:    T:0.14286    C:0.12500    A:0.28571    G:0.44643
position  2:    T:0.19643    C:0.21429    A:0.42857    G:0.16071
position  3:    T:0.33929    C:0.07143    A:0.37500    G:0.21429
Average         T:0.22619    C:0.13690    A:0.36310    G:0.27381

#24: BarbarySheep   
position  1:    T:0.14286    C:0.12500    A:0.28571    G:0.44643
position  2:    T:0.19643    C:0.21429    A:0.42857    G:0.16071
position  3:    T:0.33929    C:0.07143    A:0.35714    G:0.23214
Average         T:0.22619    C:0.13690    A:0.35714    G:0.27976

#25: Daviddeer      
position  1:    T:0.14286    C:0.12500    A:0.28571    G:0.44643
position  2:    T:0.19643    C:0.21429    A:0.42857    G:0.16071
position  3:    T:0.33929    C:0.08929    A:0.32143    G:0.25000
Average         T:0.22619    C:0.14286    A:0.34524    G:0.28571

#26: Reindeer       
position  1:    T:0.14286    C:0.12500    A:0.28571    G:0.44643
position  2:    T:0.19643    C:0.21429    A:0.42857    G:0.16071
position  3:    T:0.33929    C:0.08929    A:0.32143    G:0.25000
Average         T:0.22619    C:0.14286    A:0.34524    G:0.28571

#27: Ibex           
position  1:    T:0.14286    C:0.12500    A:0.28571    G:0.44643
position  2:    T:0.19643    C:0.21429    A:0.42857    G:0.16071
position  3:    T:0.33929    C:0.07143    A:0.35714    G:0.23214
Average         T:0.22619    C:0.13690    A:0.35714    G:0.27976

#28: GyrantGazelle  
position  1:    T:0.14286    C:0.12500    A:0.28571    G:0.44643
position  2:    T:0.19643    C:0.21429    A:0.42857    G:0.16071
position  3:    T:0.33929    C:0.07143    A:0.35714    G:0.23214
Average         T:0.22619    C:0.13690    A:0.35714    G:0.27976

#29: Hartebeest     
position  1:    T:0.14286    C:0.12500    A:0.28571    G:0.44643
position  2:    T:0.19643    C:0.21429    A:0.42857    G:0.16071
position  3:    T:0.35714    C:0.07143    A:0.32143    G:0.25000
Average         T:0.23214    C:0.13690    A:0.34524    G:0.28571

#30: Bongo          
position  1:    T:0.14286    C:0.12500    A:0.28571    G:0.44643
position  2:    T:0.19643    C:0.21429    A:0.42857    G:0.16071
position  3:    T:0.37500    C:0.03571    A:0.35714    G:0.23214
Average         T:0.23810    C:0.12500    A:0.35714    G:0.27976

#31: Gerenuk        
position  1:    T:0.14286    C:0.12500    A:0.28571    G:0.44643
position  2:    T:0.19643    C:0.21429    A:0.42857    G:0.16071
position  3:    T:0.33929    C:0.07143    A:0.35714    G:0.23214
Average         T:0.22619    C:0.13690    A:0.35714    G:0.27976

#32: CommonEland    
position  1:    T:0.14286    C:0.12500    A:0.28571    G:0.44643
position  2:    T:0.19643    C:0.21429    A:0.42857    G:0.16071
position  3:    T:0.37500    C:0.03571    A:0.33929    G:0.25000
Average         T:0.23810    C:0.12500    A:0.35119    G:0.28571

#33: MuntiacusReevesi
position  1:    T:0.12500    C:0.14286    A:0.28571    G:0.44643
position  2:    T:0.19643    C:0.21429    A:0.42857    G:0.16071
position  3:    T:0.35714    C:0.07143    A:0.33929    G:0.23214
Average         T:0.22619    C:0.14286    A:0.35119    G:0.27976

#34: HarveysDuiker  
position  1:    T:0.14286    C:0.12500    A:0.28571    G:0.44643
position  2:    T:0.19643    C:0.21429    A:0.42857    G:0.16071
position  3:    T:0.33929    C:0.07143    A:0.33929    G:0.25000
Average         T:0.22619    C:0.13690    A:0.35119    G:0.28571

#35: Pronghorn      
position  1:    T:0.14286    C:0.12500    A:0.28571    G:0.44643
position  2:    T:0.19643    C:0.21429    A:0.42857    G:0.16071
position  3:    T:0.33929    C:0.07143    A:0.35714    G:0.23214
Average         T:0.22619    C:0.13690    A:0.35714    G:0.27976

#36: BlueWildebeest 
position  1:    T:0.14286    C:0.12500    A:0.28571    G:0.44643
position  2:    T:0.19643    C:0.21429    A:0.42857    G:0.16071
position  3:    T:0.35714    C:0.05357    A:0.35714    G:0.23214
Average         T:0.23214    C:0.13095    A:0.35714    G:0.27976

#37: Gemsbok        
position  1:    T:0.14286    C:0.14286    A:0.28571    G:0.42857
position  2:    T:0.19643    C:0.21429    A:0.42857    G:0.16071
position  3:    T:0.33929    C:0.07143    A:0.35714    G:0.23214
Average         T:0.22619    C:0.14286    A:0.35714    G:0.27381

#38: Yak            
position  1:    T:0.14286    C:0.12500    A:0.28571    G:0.44643
position  2:    T:0.19643    C:0.21429    A:0.42857    G:0.16071
position  3:    T:0.35714    C:0.07143    A:0.33929    G:0.23214
Average         T:0.23214    C:0.13690    A:0.35119    G:0.27976

#39: BlueSheep      
position  1:    T:0.14286    C:0.12500    A:0.28571    G:0.44643
position  2:    T:0.19643    C:0.21429    A:0.42857    G:0.16071
position  3:    T:0.33929    C:0.07143    A:0.35714    G:0.23214
Average         T:0.22619    C:0.13690    A:0.35714    G:0.27976

#40: BohorReedbuck  
position  1:    T:0.14286    C:0.12500    A:0.30357    G:0.42857
position  2:    T:0.19643    C:0.21429    A:0.42857    G:0.16071
position  3:    T:0.33929    C:0.07143    A:0.35714    G:0.23214
Average         T:0.22619    C:0.13690    A:0.36310    G:0.27381

#41: KirksDik       
position  1:    T:0.14286    C:0.12500    A:0.28571    G:0.44643
position  2:    T:0.19643    C:0.21429    A:0.42857    G:0.16071
position  3:    T:0.33929    C:0.07143    A:0.35714    G:0.23214
Average         T:0.22619    C:0.13690    A:0.35714    G:0.27976

#42: RoeDeer        
position  1:    T:0.14286    C:0.12500    A:0.28571    G:0.44643
position  2:    T:0.19643    C:0.21429    A:0.42857    G:0.16071
position  3:    T:0.33929    C:0.08929    A:0.32143    G:0.25000
Average         T:0.22619    C:0.14286    A:0.34524    G:0.28571

#43: WhiteLippedDeer
position  1:    T:0.14286    C:0.12500    A:0.28571    G:0.44643
position  2:    T:0.19643    C:0.21429    A:0.42857    G:0.16071
position  3:    T:0.33929    C:0.08929    A:0.32143    G:0.25000
Average         T:0.22619    C:0.14286    A:0.34524    G:0.28571

#44: ThomsonGazelle 
position  1:    T:0.14286    C:0.12500    A:0.28571    G:0.44643
position  2:    T:0.19643    C:0.21429    A:0.42857    G:0.16071
position  3:    T:0.33929    C:0.07143    A:0.35714    G:0.23214
Average         T:0.22619    C:0.13690    A:0.35714    G:0.27976

#45: MuntiacusCrinifrons
position  1:    T:0.12500    C:0.14286    A:0.28571    G:0.44643
position  2:    T:0.19643    C:0.21429    A:0.42857    G:0.16071
position  3:    T:0.35714    C:0.07143    A:0.33929    G:0.23214
Average         T:0.22619    C:0.14286    A:0.35119    G:0.27976

#46: WhiteTailedDeer
position  1:    T:0.14286    C:0.12500    A:0.28571    G:0.44643
position  2:    T:0.19643    C:0.21429    A:0.42857    G:0.16071
position  3:    T:0.33929    C:0.08929    A:0.30357    G:0.26786
Average         T:0.22619    C:0.14286    A:0.33929    G:0.29167

#47: Cattle         
position  1:    T:0.14286    C:0.12500    A:0.28571    G:0.44643
position  2:    T:0.19643    C:0.21429    A:0.42857    G:0.16071
position  3:    T:0.35714    C:0.07143    A:0.33929    G:0.23214
Average         T:0.23214    C:0.13690    A:0.35119    G:0.27976

#48: RoyalAntelope  
position  1:    T:0.16071    C:0.10714    A:0.28571    G:0.44643
position  2:    T:0.19643    C:0.21429    A:0.42857    G:0.16071
position  3:    T:0.33929    C:0.07143    A:0.33929    G:0.25000
Average         T:0.23214    C:0.13095    A:0.35119    G:0.28571

#49: Steenbok       
position  1:    T:0.14286    C:0.14286    A:0.26786    G:0.44643
position  2:    T:0.19643    C:0.21429    A:0.42857    G:0.16071
position  3:    T:0.35714    C:0.05357    A:0.33929    G:0.25000
Average         T:0.23214    C:0.13690    A:0.34524    G:0.28571

#50: Impala         
position  1:    T:0.14286    C:0.12500    A:0.28571    G:0.44643
position  2:    T:0.19643    C:0.21429    A:0.42857    G:0.16071
position  3:    T:0.35714    C:0.05357    A:0.33929    G:0.25000
Average         T:0.23214    C:0.13095    A:0.35119    G:0.28571

#51: Klipspringer   
position  1:    T:0.14286    C:0.12500    A:0.28571    G:0.44643
position  2:    T:0.19643    C:0.21429    A:0.41071    G:0.17857
