1
52 1
Argali 0.000000 0.129400 0.025500 0.149700 0.015400 0.005100 0.054300 0.021200 0.021100 0.048200 0.015400 0.042800 0.026100 0.040700 0.037700 0.042800 0.026400 0.026500 0.021200 0.031800 0.015900 0.015500 0.070700 0.059500 0.015400 0.026600 0.026500 0.031800 0.035600 0.037300 0.048200 0.037500 0.026500 0.031900 0.025200 0.042800 0.020600 0.021200 0.031900 0.058600 0.048300 0.026600 0.099800 0.031900 0.042800 0.037400 0.042700 0.021200 0.037300 0.099500 0.031800 0.037300
LesserMous 0.129400 0.000000 0.111600 0.181400 0.123700 0.123700 0.155300 0.117900 0.117500 0.135800 0.111700 0.117700 0.136000 0.142300 0.149700 0.142000 0.117500 0.123900 0.129900 0.117500 0.124200 0.123600 0.161000 0.161000 0.123600 0.136000 0.135800 0.117500 0.148200 0.123500 0.135900 0.130100 0.123600 0.129800 0.123700 0.117700 0.117700 0.129900 0.129600 0.136400 0.135900 0.136000 0.161600 0.142000 0.117600 0.136100 0.117600 0.129800 0.123700 0.167300 0.117500 0.123700
LesserKudu 0.025500 0.111600 0.000000 0.131500 0.021200 0.021200 0.048700 0.026600 0.015800 0.042800 0.020700 0.026500 0.032000 0.037500 0.043300 0.048400 0.020500 0.021200 0.026600 0.005100 0.021200 0.021200 0.054000 0.043000 0.020600 0.032000 0.031000 0.005200 0.040600 0.010500 0.042800 0.032100 0.021200 0.037300 0.020500 0.026500 0.026500 0.026600 0.037300 0.043000 0.031100 0.032000 0.094100 0.037400 0.026500 0.032000 0.037300 0.026600 0.031900 0.082300 0.005200 0.010500
KillerWhal 0.149700 0.181400 0.131500 0.000000 0.143900 0.143800 0.190400 0.150100 0.149900 0.130900 0.131400 0.150000 0.143800 0.176500 0.171100 0.150400 0.137100 0.144000 0.137800 0.137500 0.144300 0.143800 0.138200 0.157300 0.143500 0.156900 0.131400 0.137500 0.169300 0.131500 0.156300 0.157200 0.131300 0.137400 0.156800 0.137000 0.150000 0.150400 0.149800 0.144800 0.119600 0.144400 0.162800 0.137800 0.136900 0.144300 0.136800 0.143800 0.156400 0.150700 0.137500 0.144000
DefassaWat 0.015400 0.123700 0.021200 0.143900 0.000000 0.010300 0.037700 0.015900 0.015800 0.042500 0.010300 0.037400 0.010500 0.026700 0.021400 0.026600 0.020600 0.021200 0.015900 0.025900 0.010600 0.010300 0.065200 0.065300 0.010500 0.010500 0.021200 0.026500 0.020600 0.031900 0.042800 0.021300 0.020700 0.026500 0.010500 0.036600 0.015400 0.005100 0.026100 0.054200 0.042900 0.010500 0.094200 0.037400 0.037400 0.032000 0.037300 0.015500 0.032000 0.093900 0.026500 0.032000
Sheep 0.005100 0.123700 0.021200 0.143800 0.010300 0.000000 0.048800 0.015900 0.015800 0.042800 0.010300 0.037400 0.021100 0.037600 0.032300 0.037400 0.020500 0.021200 0.015500 0.026500 0.010600 0.010500 0.065200 0.054100 0.010500 0.021200 0.020600 0.026500 0.032000 0.031400 0.042800 0.031200 0.020500 0.026500 0.021200 0.037400 0.015400 0.015500 0.026500 0.054100 0.042900 0.021200 0.094100 0.025400 0.037400 0.032000 0.037300 0.015800 0.031900 0.093800 0.026500 0.031900
MaxwellsDu 0.054300 0.155300 0.048700 0.190400 0.037700 0.048800 0.000000 0.054400 0.043200 0.082600 0.048800 0.065400 0.048800 0.032300 0.049200 0.054300 0.059800 0.060000 0.054500 0.053600 0.037900 0.048800 0.106400 0.094800 0.048700 0.037700 0.060100 0.054200 0.048700 0.059900 0.082700 0.026800 0.060000 0.065600 0.037700 0.065700 0.043200 0.031700 0.065600 0.071500 0.082900 0.037700 0.137100 0.077100 0.065600 0.071500 0.076900 0.054500 0.060000 0.136800 0.054200 0.059900
GazellaPrz 0.021200 0.117900 0.026600 0.150100 0.015900 0.015900 0.054400 0.000000 0.021200 0.048300 0.015800 0.042900 0.026600 0.043100 0.037700 0.042900 0.026500 0.026400 0.021200 0.031900 0.015500 0.015800 0.070900 0.071000 0.015800 0.026600 0.026600 0.031900 0.037500 0.037400 0.048300 0.037600 0.026600 0.032000 0.026600 0.042900 0.021200 0.021200 0.032000 0.059800 0.048400 0.026600 0.099800 0.042900 0.042900 0.037500 0.042700 0.021200 0.037300 0.099400 0.031900 0.037400
MountainNy 0.021100 0.117500 0.015800 0.149900 0.015800 0.015800 0.043200 0.021200 0.000000 0.048200 0.015500 0.031900 0.026600 0.031200 0.037700 0.042100 0.025800 0.026500 0.021200 0.010300 0.015900 0.015800 0.070700 0.059600 0.015500 0.026600 0.026500 0.010300 0.037200 0.015800 0.046800 0.026700 0.026500 0.031900 0.015800 0.031900 0.021200 0.021200 0.031800 0.048500 0.048300 0.026600 0.099900 0.042800 0.031600 0.037400 0.042700 0.021200 0.037400 0.099600 0.010200 0.015800
MuntiacusM 0.048200 0.135800 0.042800 0.130900 0.042500 0.042800 0.082600 0.048300 0.048200 0.000000 0.031200 0.059400 0.053900 0.070900 0.065700 0.059500 0.042700 0.042800 0.048300 0.048200 0.042900 0.042800 0.042900 0.065200 0.042700 0.054000 0.053800 0.048200 0.065000 0.040700 0.021100 0.065300 0.042800 0.048300 0.053900 0.048100 0.048300 0.048400 0.048200 0.043000 0.031900 0.042900 0.059500 0.037300 0.048100 0.042900 0.037100 0.048000 0.053800 0.093800 0.048200 0.053800
goat 0.015400 0.111700 0.020700 0.131400 0.010300 0.010300 0.048800 0.015800 0.015500 0.031200 0.000000 0.037400 0.021200 0.037500 0.032300 0.037400 0.021100 0.021200 0.015400 0.026500 0.010600 0.010500 0.054000 0.065300 0.010500 0.021200 0.020600 0.025800 0.032000 0.031900 0.031900 0.032100 0.021200 0.015800 0.020500 0.037400 0.015800 0.015400 0.026000 0.043100 0.032000 0.020600 0.082600 0.037400 0.036300 0.032000 0.026500 0.015800 0.031900 0.082300 0.026500 0.031900
AfricanBuf 0.042800 0.117700 0.026500 0.150000 0.037400 0.037400 0.065400 0.042900 0.031900 0.059400 0.037400 0.000000 0.037400 0.054100 0.060100 0.053900 0.037300 0.037400 0.032000 0.031900 0.037500 0.037400 0.082200 0.059600 0.037300 0.048500 0.037400 0.031100 0.059500 0.037300 0.059400 0.048600 0.037200 0.042800 0.037400 0.031900 0.042000 0.042900 0.053800 0.059700 0.059500 0.048500 0.094100 0.050800 0.031900 0.048500 0.053800 0.042900 0.048400 0.099700 0.031900 0.037400
Topi 0.026100 0.136000 0.032000 0.143800 0.010500 0.021100 0.048800 0.026600 0.026600 0.053900 0.021200 0.037400 0.000000 0.035600 0.032300 0.037400 0.031900 0.032000 0.015900 0.037400 0.021300 0.021200 0.076600 0.065300 0.021200 0.021200 0.021200 0.037400 0.032000 0.042800 0.053900 0.032100 0.032000 0.015800 0.021200 0.048400 0.026600 0.015900 0.037400 0.065400 0.054000 0.021200 0.106000 0.048400 0.048400 0.043000 0.048300 0.026600 0.042900 0.105700 0.037400 0.041900
CommonDuik 0.040700 0.142300 0.037500 0.176500 0.026700 0.037600 0.032300 0.043100 0.031200 0.070900 0.037500 0.054100 0.035600 0.000000 0.037900 0.043000 0.048400 0.048600 0.043100 0.042900 0.026700 0.037600 0.082600 0.071300 0.037300 0.026700 0.048600 0.042900 0.037500 0.048500 0.059700 0.015500 0.048500 0.050800 0.026700 0.054100 0.032000 0.021300 0.054100 0.048700 0.059800 0.026700 0.112300 0.054200 0.054100 0.059800 0.065200 0.043100 0.059700 0.124000 0.042900 0.048500
Suni 0.037700 0.149700 0.043300 0.171100 0.021400 0.032300 0.049200 0.037700 0.037700 0.065700 0.032300 0.060100 0.032300 0.037900 0.000000 0.037700 0.043200 0.043200 0.037800 0.048800 0.032300 0.032300 0.088900 0.089100 0.032200 0.021400 0.043300 0.048800 0.032200 0.054400 0.065700 0.032400 0.043300 0.048800 0.032300 0.060100 0.026800 0.016000 0.048800 0.066000 0.065800 0.021400 0.118700 0.060100 0.060100 0.054600 0.059800 0.026900 0.054300 0.118300 0.048800 0.054500
Springbuck 0.042800 0.142000 0.048400 0.150400 0.026600 0.037400 0.054300 0.042900 0.042100 0.059500 0.037400 0.053900 0.037400 0.043000 0.037700 0.000000 0.048300 0.048500 0.041600 0.053900 0.037600 0.037400 0.093900 0.094100 0.037400 0.025800 0.048400 0.053900 0.037400 0.059500 0.059500 0.037500 0.048400 0.053900 0.037500 0.054000 0.031900 0.021200 0.053900 0.070500 0.070900 0.026600 0.100200 0.065200 0.053900 0.059600 0.065000 0.043000 0.059500 0.111500 0.053900 0.059500
Okapi 0.026400 0.117500 0.020500 0.137100 0.020600 0.020500 0.059800 0.026500 0.025800 0.042700 0.021100 0.037300 0.031900 0.048400 0.043200 0.048300 0.000000 0.010500 0.026500 0.026400 0.021200 0.021100 0.065000 0.065100 0.021100 0.031900 0.031900 0.025900 0.041500 0.031800 0.042700 0.041800 0.021100 0.037300 0.031900 0.037300 0.025900 0.026500 0.026500 0.054000 0.040700 0.030600 0.093900 0.036600 0.037300 0.031900 0.037200 0.026500 0.031900 0.082100 0.026400 0.031000
Giraffe 0.026500 0.123900 0.021200 0.144000 0.021200 0.021200 0.060000 0.026400 0.026500 0.042800 0.021200 0.037400 0.032000 0.048600 0.043200 0.048500 0.010500 0.000000 0.026600 0.026500 0.020700 0.021200 0.065200 0.065400 0.021200 0.032000 0.032000 0.026500 0.042900 0.031900 0.042900 0.043100 0.021200 0.037400 0.032000 0.037400 0.026600 0.026600 0.026600 0.054200 0.042900 0.032000 0.094000 0.037400 0.037400 0.032000 0.037300 0.026600 0.031900 0.082200 0.026500 0.032000
TibetanAnt 0.021200 0.129900 0.026600 0.137800 0.015900 0.015500 0.054500 0.021200 0.021200 0.048300 0.015400 0.032000 0.015900 0.043100 0.037800 0.041600 0.026500 0.026600 0.000000 0.031900 0.015900 0.015500 0.070900 0.059700 0.015800 0.026600 0.015900 0.031900 0.037100 0.037400 0.048400 0.036500 0.025300 0.021200 0.026600 0.042900 0.021200 0.021200 0.032000 0.059800 0.048400 0.025900 0.100100 0.042900 0.041900 0.037500 0.042800 0.021200 0.037400 0.099800 0.031900 0.037400
Sitatunga 0.031800 0.117500 0.005100 0.137500 0.025900 0.026500 0.053600 0.031900 0.010300 0.048200 0.026500 0.031900 0.037400 0.042900 0.048800 0.053900 0.026400 0.026500 0.031900 0.000000 0.026600 0.026500 0.059500 0.048500 0.025800 0.037400 0.035500 0.000000 0.048300 0.005200 0.048200 0.037500 0.026500 0.042700 0.025600 0.031200 0.031900 0.030500 0.042700 0.048500 0.037400 0.037400 0.099900 0.042200 0.031900 0.037100 0.042700 0.031900 0.037300 0.088000 0.000000 0.005100
Oribi 0.015900 0.124200 0.021200 0.144300 0.010600 0.010600 0.037900 0.015500 0.015900 0.042900 0.010600 0.037500 0.021300 0.026700 0.032300 0.037600 0.021200 0.020700 0.015900 0.026600 0.000000 0.010600 0.065400 0.065500 0.010600 0.021300 0.021300 0.026600 0.032100 0.032000 0.043000 0.021400 0.021200 0.026600 0.021300 0.037500 0.015900 0.015900 0.026600 0.054300 0.043000 0.021300 0.094200 0.037500 0.037500 0.032100 0.037300 0.015900 0.032000 0.093900 0.026600 0.032100
BarbaryShe 0.015500 0.123600 0.021200 0.143800 0.010300 0.010500 0.048800 0.015800 0.015800 0.042800 0.010500 0.037400 0.021200 0.037600 0.032300 0.037400 0.021100 0.021200 0.015500 0.026500 0.010600 0.000000 0.065100 0.065300 0.010500 0.021200 0.021200 0.026500 0.031000 0.031900 0.042800 0.030600 0.021200 0.026500 0.021200 0.037400 0.015800 0.015900 0.026500 0.054100 0.042900 0.021200 0.094100 0.037400 0.036600 0.032000 0.037300 0.015500 0.031900 0.093800 0.026200 0.031900
Daviddeer 0.070700 0.161000 0.054000 0.138200 0.065200 0.065200 0.106400 0.070900 0.070700 0.042900 0.054000 0.082200 0.076600 0.082600 0.088900 0.093900 0.065000 0.065200 0.070900 0.059500 0.065400 0.065100 0.000000 0.054200 0.065100 0.076700 0.076700 0.059500 0.088100 0.054000 0.042900 0.088500 0.053900 0.070800 0.076700 0.082300 0.070800 0.071000 0.070700 0.043100 0.021200 0.065400 0.094500 0.037500 0.082200 0.065300 0.070800 0.059600 0.076500 0.094200 0.059500 0.065200
Reindeer 0.059500 0.161000 0.043000 0.157300 0.065300 0.054100 0.094800 0.071000 0.059600 0.065200 0.065300 0.059600 0.065300 0.071300 0.089100 0.094100 0.065100 0.065400 0.059700 0.048500 0.065500 0.065300 0.054200 0.000000 0.065200 0.076100 0.065200 0.048500 0.088300 0.043000 0.065200 0.077100 0.054000 0.070800 0.065400 0.071000 0.070900 0.071100 0.070900 0.037700 0.031600 0.065500 0.118300 0.026600 0.070900 0.065500 0.082300 0.071000 0.076600 0.106100 0.048500 0.054100
Ibex 0.015400 0.123600 0.020600 0.143500 0.010500 0.010500 0.048700 0.015800 0.015500 0.042700 0.010500 0.037300 0.021200 0.037300 0.032200 0.037400 0.021100 0.021200 0.015800 0.025800 0.010600 0.010500 0.065100 0.065200 0.000000 0.020700 0.021200 0.026500 0.031900 0.031900 0.042700 0.032100 0.021100 0.025800 0.021200 0.026500 0.015500 0.015300 0.026500 0.054000 0.042800 0.021200 0.094000 0.037400 0.025800 0.032000 0.037200 0.015400 0.031900 0.082200 0.025900 0.030900
GyrantGaze 0.026600 0.136000 0.032000 0.156900 0.010500 0.021200 0.037700 0.026600 0.026600 0.054000 0.021200 0.048500 0.021200 0.026700 0.021400 0.025800 0.031900 0.032000 0.026600 0.037400 0.021300 0.021200 0.076700 0.076100 0.020700 0.000000 0.032000 0.037400 0.021200 0.042900 0.054000 0.021300 0.031300 0.037400 0.021200 0.048500 0.015400 0.005100 0.037400 0.054200 0.054100 0.010400 0.106200 0.045800 0.048500 0.043000 0.048400 0.026600 0.042900 0.105800 0.035400 0.043000
Hartebeest 0.026500 0.135800 0.031000 0.131400 0.021200 0.020600 0.060100 0.026600 0.026500 0.053800 0.020600 0.037400 0.021200 0.048600 0.043300 0.048400 0.031900 0.032000 0.015900 0.035500 0.021300 0.021200 0.076700 0.065200 0.021200 0.032000 0.000000 0.037300 0.042900 0.041400 0.053800 0.043100 0.031900 0.026000 0.031600 0.048400 0.026500 0.026600 0.037400 0.065400 0.053900 0.030400 0.105800 0.048400 0.048300 0.042900 0.048200 0.025900 0.042900 0.105600 0.037300 0.042800
Bongo 0.031800 0.117500 0.005200 0.137500 0.026500 0.026500 0.054200 0.031900 0.010300 0.048200 0.025800 0.031100 0.037400 0.042900 0.048800 0.053900 0.025900 0.026500 0.031900 0.000000 0.026600 0.026500 0.059500 0.048500 0.026500 0.037400 0.037300 0.000000 0.048300 0.005100 0.048200 0.037500 0.026500 0.042700 0.025800 0.031900 0.031900 0.032000 0.042700 0.048600 0.037400 0.037400 0.099900 0.042800 0.031900 0.037400 0.042700 0.031900 0.037300 0.088000 0.000000 0.005100
Gerenuk 0.035600 0.148200 0.040600 0.169300 0.020600 0.032000 0.048700 0.037500 0.037200 0.065000 0.032000 0.059500 0.032000 0.037500 0.032200 0.037400 0.041500 0.042900 0.037100 0.048300 0.032100 0.031000 0.088100 0.088300 0.031900 0.021200 0.042900 0.048300 0.000000 0.053900 0.065000 0.032100 0.042900 0.048400 0.032000 0.059600 0.026500 0.015800 0.047000 0.065300 0.065200 0.021200 0.117900 0.059500 0.059500 0.054000 0.059400 0.035700 0.053900 0.099800 0.048300 0.053900
CommonElan 0.037300 0.123500 0.010500 0.131500 0.031900 0.031400 0.059900 0.037400 0.015800 0.040700 0.031900 0.037300 0.042800 0.048500 0.054400 0.059500 0.031800 0.031900 0.037400 0.005200 0.032000 0.031900 0.054000 0.043000 0.031900 0.042900 0.041400 0.005100 0.053900 0.000000 0.053800 0.043000 0.031000 0.047400 0.032000 0.037400 0.037300 0.037400 0.037300 0.043000 0.032000 0.032000 0.105900 0.037400 0.037300 0.032000 0.048200 0.037400 0.042800 0.082300 0.005100 0.010500
MuntiacusR 0.048200 0.135900 0.042800 0.156300 0.042800 0.042800 0.082700 0.048300 0.046800 0.021100 0.031900 0.059400 0.053900 0.059700 0.065700 0.059500 0.042700 0.042900 0.048400 0.048200 0.043000 0.042800 0.042900 0.065200 0.042700 0.054000 0.053800 0.048200 0.065000 0.053800 0.000000 0.065300 0.042800 0.048300 0.054400 0.059500 0.048300 0.048400 0.059100 0.043000 0.031900 0.054000 0.048500 0.037300 0.059400 0.053900 0.048300 0.048300 0.053900 0.105500 0.048200 0.053900
HarveysDui 0.037500 0.130100 0.032100 0.157200 0.021300 0.031200 0.026800 0.037600 0.026700 0.065300 0.032100 0.048600 0.032100 0.015500 0.032400 0.037500 0.041800 0.043100 0.036500 0.037500 0.021400 0.030600 0.088500 0.077100 0.032100 0.021300 0.043100 0.037500 0.032100 0.043000 0.065300 0.000000 0.043100 0.048600 0.020600 0.048600 0.026600 0.015500 0.048600 0.054300 0.065500 0.021300 0.106400 0.059800 0.048600 0.054300 0.059700 0.037600 0.054200 0.118100 0.037500 0.043100
Pronghorn 0.026500 0.123600 0.021200 0.131300 0.020700 0.020500 0.060000 0.026600 0.026500 0.042800 0.021200 0.037200 0.032000 0.048500 0.043300 0.048400 0.021100 0.021200 0.025300 0.026500 0.021200 0.021200 0.053900 0.054000 0.021100 0.031300 0.031900 0.026500 0.042900 0.031000 0.042800 0.043100 0.000000 0.037300 0.032000 0.037400 0.025900 0.026600 0.037300 0.043000 0.031900 0.032000 0.094100 0.025800 0.035700 0.032000 0.037300 0.026600 0.031900 0.082200 0.025400 0.031000
BlueWildeb 0.031900 0.129800 0.037300 0.137400 0.026500 0.026500 0.065600 0.032000 0.031900 0.048300 0.015800 0.042800 0.015800 0.050800 0.048800 0.053900 0.037300 0.037400 0.021200 0.042700 0.026600 0.026500 0.070800 0.070800 0.025800 0.037400 0.026000 0.042700 0.048400 0.047400 0.048300 0.048600 0.037300 0.000000 0.037400 0.053900 0.031200 0.032000 0.042800 0.059700 0.048400 0.037400 0.100000 0.053900 0.053800 0.048400 0.042800 0.031200 0.048300 0.099600 0.042700 0.048300
Gemsbok 0.025200 0.123700 0.020500 0.156800 0.010500 0.021200 0.037700 0.026600 0.015800 0.053900 0.020500 0.037400 0.021200 0.026700 0.032300 0.037500 0.031900 0.032000 0.026600 0.025600 0.021300 0.021200 0.076700 0.065400 0.021200 0.021200 0.031600 0.025800 0.032000 0.032000 0.054400 0.020600 0.032000 0.037400 0.000000 0.037500 0.026600 0.015900 0.037400 0.054200 0.054000 0.020700 0.106100 0.048500 0.037400 0.043000 0.048400 0.026600 0.042900 0.105800 0.026500 0.032000
Yak 0.042800 0.117700 0.026500 0.137000 0.036600 0.037400 0.065700 0.042900 0.031900 0.048100 0.037400 0.031900 0.048400 0.054100 0.060100 0.054000 0.037300 0.037400 0.042900 0.031200 0.037500 0.037400 0.082300 0.071000 0.026500 0.048500 0.048400 0.031900 0.059600 0.037400 0.059500 0.048600 0.037400 0.053900 0.037500 0.000000 0.040800 0.043000 0.053900 0.059800 0.059600 0.048500 0.088000 0.053500 0.010500 0.046700 0.042600 0.042900 0.048400 0.088100 0.031900 0.037400
BlueSheep 0.020600 0.117700 0.026500 0.150000 0.015400 0.015400 0.043200 0.021200 0.021200 0.048300 0.015800 0.042000 0.026600 0.032000 0.026800 0.031900 0.025900 0.026600 0.021200 0.031900 0.015900 0.015800 0.070800 0.070900 0.015500 0.015400 0.026500 0.031900 0.026500 0.037300 0.048300 0.026600 0.025900 0.031200 0.026600 0.040800 0.000000 0.010300 0.031900 0.048500 0.048400 0.015500 0.100000 0.042900 0.042800 0.037400 0.042800 0.020600 0.037400 0.099600 0.031900 0.036400
BohorReedb 0.021200 0.129900 0.026600 0.150400 0.005100 0.015500 0.031700 0.021200 0.021200 0.048400 0.015400 0.042900 0.015900 0.021300 0.016000 0.021200 0.026500 0.026600 0.021200 0.030500 0.015900 0.015900 0.071000 0.071100 0.015300 0.005100 0.026600 0.032000 0.015800 0.037400 0.048400 0.015500 0.026600 0.032000 0.015900 0.043000 0.010300 0.000000 0.032000 0.048600 0.048500 0.005200 0.100200 0.042700 0.042900 0.035800 0.042900 0.021200 0.037400 0.099900 0.032000 0.037500
KirksDik 0.031900 0.129600 0.037300 0.149800 0.026100 0.026500 0.065600 0.032000 0.031800 0.048200 0.026000 0.053800 0.037400 0.054100 0.048800 0.053900 0.026500 0.026600 0.032000 0.042700 0.026600 0.026500 0.070700 0.070900 0.026500 0.037400 0.037400 0.042700 0.047000 0.037300 0.059100 0.048600 0.037300 0.042800 0.037400 0.053900 0.031900 0.032000 0.000000 0.059700 0.048300 0.026600 0.111600 0.040600 0.053800 0.025600 0.053700 0.031000 0.048300 0.088000 0.040700 0.048300
RoeDeer 0.058600 0.136400 0.043000 0.144800 0.054200 0.054100 0.071500 0.059800 0.048500 0.043000 0.043100 0.059700 0.065400 0.048700 0.066000 0.070500 0.054000 0.054200 0.059800 0.048500 0.054300 0.054100 0.043100 0.037700 0.054000 0.054200 0.065400 0.048600 0.065300 0.043000 0.043000 0.054300 0.043000 0.059700 0.054200 0.059800 0.048500 0.048600 0.059700 0.000000 0.020900 0.043100 0.094600 0.026700 0.059700 0.054300 0.059700 0.059800 0.065300 0.094400 0.048500 0.054100
WhiteLippe 0.048300 0.135900 0.031100 0.119600 0.042900 0.042900 0.082900 0.048400 0.048300 0.031900 0.032000 0.059500 0.054000 0.059800 0.065800 0.070900 0.040700 0.042900 0.048400 0.037400 0.043000 0.042900 0.021200 0.031600 0.042800 0.054100 0.053900 0.037400 0.065200 0.032000 0.031900 0.065500 0.031900 0.048400 0.054000 0.059600 0.048400 0.048500 0.048300 0.020900 0.000000 0.043000 0.082700 0.015500 0.059500 0.043000 0.048400 0.048400 0.053900 0.071000 0.037400 0.042900
ThomsonGaz 0.026600 0.136000 0.032000 0.144400 0.010500 0.021200 0.037700 0.026600 0.026600 0.042900 0.020600 0.048500 0.021200 0.026700 0.021400 0.026600 0.030600 0.032000 0.025900 0.037400 0.021300 0.021200 0.065400 0.065500 0.021200 0.010400 0.030400 0.037400 0.021200 0.032000 0.054000 0.021300 0.032000 0.037400 0.020700 0.048500 0.015500 0.005200 0.026600 0.043100 0.043000 0.000000 0.106200 0.037500 0.048500 0.032100 0.048400 0.026600 0.042900 0.094100 0.035700 0.043000
MuntiacusC 0.099800 0.161600 0.094100 0.162800 0.094200 0.094100 0.137100 0.099800 0.099900 0.059500 0.082600 0.094100 0.106000 0.112300 0.118700 0.100200 0.093900 0.094000 0.100100 0.099900 0.094200 0.094100 0.094500 0.118300 0.094000 0.106200 0.105800 0.099900 0.117900 0.105900 0.048500 0.106400 0.094100 0.100000 0.106100 0.088000 0.100000 0.100200 0.111600 0.094600 0.082700 0.106200 0.000000 0.088400 0.087900 0.106100 0.087600 0.100100 0.105600 0.148400 0.099900 0.106000
WhiteTaile 0.031900 0.142000 0.037400 0.137800 0.037400 0.025400 0.077100 0.042900 0.042800 0.037300 0.037400 0.050800 0.048400 0.054200 0.060100 0.065200 0.036600 0.037400 0.042900 0.042200 0.037500 0.037400 0.037500 0.026600 0.037400 0.045800 0.048400 0.042800 0.059500 0.037400 0.037300 0.059800 0.025800 0.053900 0.048500 0.053500 0.042900 0.042700 0.040600 0.026700 0.015500 0.037500 0.088400 0.000000 0.053900 0.036700 0.053900 0.042900 0.048400 0.088100 0.042800 0.048400
Cattle 0.042800 0.117600 0.026500 0.136900 0.037400 0.037400 0.065600 0.042900 0.031600 0.048100 0.036300 0.031900 0.048400 0.054100 0.060100 0.053900 0.037300 0.037400 0.041900 0.031900 0.037500 0.036600 0.082200 0.070900 0.025800 0.048500 0.048300 0.031900 0.059500 0.037300 0.059400 0.048600 0.035700 0.053800 0.037400 0.010500 0.042800 0.042900 0.053800 0.059700 0.059500 0.048500 0.087900 0.053900 0.000000 0.048500 0.042600 0.042900 0.048400 0.088100 0.031900 0.035500
RoyalAntel 0.037400 0.136100 0.032000 0.144300 0.032000 0.032000 0.071500 0.037500 0.037400 0.042900 0.032000 0.048500 0.043000 0.059800 0.054600 0.059600 0.031900 0.032000 0.037500 0.037100 0.032100 0.032000 0.065300 0.065500 0.032000 0.043000 0.042900 0.037400 0.054000 0.032000 0.053900 0.054300 0.032000 0.048400 0.043000 0.046700 0.037400 0.035800 0.025600 0.054300 0.043000 0.032100 0.106100 0.036700 0.048500 0.000000 0.048400 0.037500 0.042900 0.094100 0.037400 0.042900
Steenbok 0.042700 0.117600 0.037300 0.136800 0.037300 0.037300 0.076900 0.042700 0.042700 0.037100 0.026500 0.053800 0.048300 0.065200 0.059800 0.065000 0.037200 0.037300 0.042800 0.042700 0.037300 0.037300 0.070800 0.082300 0.037200 0.048400 0.048200 0.042700 0.059400 0.048200 0.048300 0.059700 0.037300 0.042800 0.048400 0.042600 0.042800 0.042900 0.053700 0.059700 0.048400 0.048400 0.087600 0.053900 0.042600 0.048400 0.000000 0.042800 0.048100 0.087600 0.042700 0.048300
Impala 0.021200 0.129800 0.026600 0.143800 0.015500 0.015800 0.054500 0.021200 0.021200 0.048000 0.015800 0.042900 0.026600 0.043100 0.026900 0.043000 0.026500 0.026600 0.021200 0.031900 0.015900 0.015500 0.059600 0.071000 0.015400 0.026600 0.025900 0.031900 0.035700 0.037400 0.048300 0.037600 0.026600 0.031200 0.026600 0.042900 0.020600 0.021200 0.031000 0.059800 0.048400 0.026600 0.100100 0.042900 0.042900 0.037500 0.042800 0.000000 0.037400 0.099800 0.031900 0.037400
Klipspring 0.037300 0.123700 0.031900 0.156400 0.032000 0.031900 0.060000 0.037300 0.037400 0.053800 0.031900 0.048400 0.042900 0.059700 0.054300 0.059500 0.031900 0.031900 0.037400 0.037300 0.032000 0.031900 0.076500 0.076600 0.031900 0.042900 0.042900 0.037300 0.053900 0.042800 0.053900 0.054200 0.031900 0.048300 0.042900 0.048400 0.037400 0.037400 0.048300 0.065300 0.053900 0.042900 0.105600 0.048400 0.048400 0.042900 0.048100 0.037400 0.000000 0.105300 0.037300 0.042900
ForestMusk 0.099500 0.167300 0.082300 0.150700 0.093900 0.093800 0.136800 0.099400 0.099600 0.093800 0.082300 0.099700 0.105700 0.124000 0.118300 0.111500 0.082100 0.082200 0.099800 0.088000 0.093900 0.093800 0.094200 0.106100 0.082200 0.105800 0.105600 0.088000 0.099800 0.082300 0.105500 0.118100 0.082200 0.099600 0.105800 0.088100 0.099600 0.099900 0.088000 0.094400 0.071000 0.094100 0.148400 0.088100 0.088100 0.094100 0.087600 0.099800 0.105300 0.000000 0.088000 0.093900
Bushbuck 0.031800 0.117500 0.005200 0.137500 0.026500 0.026500 0.054200 0.031900 0.010200 0.048200 0.026500 0.031900 0.037400 0.042900 0.048800 0.053900 0.026400 0.026500 0.031900 0.000000 0.026600 0.026200 0.059500 0.048500 0.025900 0.035400 0.037300 0.000000 0.048300 0.005100 0.048200 0.037500 0.025400 0.042700 0.026500 0.031900 0.031900 0.032000 0.040700 0.048500 0.037400 0.035700 0.099900 0.042800 0.031900 0.037400 0.042700 0.031900 0.037300 0.088000 0.000000 0.005100
GreaterKud 0.037300 0.123700 0.010500 0.144000 0.032000 0.031900 0.059900 0.037400 0.015800 0.053800 0.031900 0.037400 0.041900 0.048500 0.054500 0.059500 0.031000 0.032000 0.037400 0.005100 0.032100 0.031900 0.065200 0.054100 0.030900 0.043000 0.042800 0.005100 0.053900 0.010500 0.053900 0.043100 0.031000 0.048300 0.032000 0.037400 0.036400 0.037500 0.048300 0.054100 0.042900 0.043000 0.106000 0.048400 0.035500 0.042900 0.048300 0.037400 0.042900 0.093900 0.005100 0.000000
