CODONML (in paml version 4.10.7, June 2023)  /home/rachel/ruminants_paml/6406-phy-tree/ENSBTAT00000024242.fasta.phy
Model: free dN/dS Ratios for branches,  kappa = 2.000 fixed

Codon frequency model: F3x4
ns =  54  ls =  71

Codon usage in sequences
--------------------------------------------------------------------------------------------------------------------------------------
Phe TTT   2   2   2   2   2   2 | Ser TCT   0   1   1   1   1   1 | Tyr TAT   1   0   1   1   1   1 | Cys TGT   2   1   3   3   3   3
    TTC   2   2   2   2   2   2 |     TCC   2   2   1   1   1   1 |     TAC   1   2   1   1   1   1 |     TGC   1   2   0   0   0   0
Leu TTA   0   0   0   0   0   0 |     TCA   2   1   1   1   2   1 | *** TAA   0   0   0   0   0   0 | *** TGA   0   0   0   0   0   0
    TTG   2   2   2   2   2   2 |     TCG   0   0   1   1   0   1 |     TAG   0   0   0   0   0   0 | Trp TGG   0   0   0   0   0   0
--------------------------------------------------------------------------------------------------------------------------------------
Leu CTT   1   1   1   1   1   1 | Pro CCT   0   0   0   0   0   0 | His CAT   0   0   0   0   0   0 | Arg CGT   1   1   1   1   1   1
    CTC   2   2   2   2   2   2 |     CCC   0   1   0   0   0   0 |     CAC   1   1   1   1   1   1 |     CGC   1   1   1   1   2   1
    CTA   0   0   0   0   0   0 |     CCA   4   3   4   4   2   4 | Gln CAA   0   0   0   0   0   0 |     CGA   1   1   1   1   0   1
    CTG   1   1   1   1   1   1 |     CCG   0   0   0   0   2   0 |     CAG   1   1   1   1   1   1 |     CGG   0   0   0   0   0   0
--------------------------------------------------------------------------------------------------------------------------------------
Ile ATT   1   0   1   1   0   2 | Thr ACT   1   0   1   1   0   1 | Asn AAT   1   1   1   1   0   1 | Ser AGT   2   2   2   1   2   2
    ATC   1   3   1   1   2   0 |     ACC   1   2   1   1   2   1 |     AAC   2   2   2   2   3   2 |     AGC   1   1   1   2   1   1
    ATA   1   0   1   1   1   1 |     ACA   0   0   0   0   0   0 | Lys AAA   2   2   2   2   2   2 | Arg AGA   1   1   1   1   1   1
Met ATG   0   0   0   0   0   0 |     ACG   0   0   0   0   0   0 |     AAG   0   0   0   0   0   0 |     AGG   0   0   0   0   0   0
--------------------------------------------------------------------------------------------------------------------------------------
Val GTT   2   4   2   2   4   3 | Ala GCT   2   1   2   2   2   2 | Asp GAT   3   2   2   3   3   4 | Gly GGT   1   1   1   1   0   1
    GTC   2   0   2   2   0   1 |     GCC   1   2   1   1   1   1 |     GAC   1   2   2   1   1   0 |     GGC   1   1   1   1   2   1
    GTA   1   0   1   1   1   1 |     GCA   1   0   1   1   1   1 | Glu GAA   6   4   6   6   6   6 |     GGA   2   1   2   2   2   2
    GTG   4   5   4   4   4   4 |     GCG   0   1   0   0   0   0 |     GAG   2   4   2   2   2   2 |     GGG   0   1   0   0   0   0
--------------------------------------------------------------------------------------------------------------------------------------

--------------------------------------------------------------------------------------------------------------------------------------
Phe TTT   2   2   2   2   2   2 | Ser TCT   0   0   0   0   1   0 | Tyr TAT   1   1   1   1   1   1 | Cys TGT   3   3   3   3   3   3
    TTC   2   2   2   2   2   2 |     TCC   2   2   1   2   1   2 |     TAC   1   1   1   1   1   1 |     TGC   0   0   0   0   0   0
Leu TTA   0   0   0   0   0   0 |     TCA   1   2   1   1   1   1 | *** TAA   0   0   0   0   0   0 | *** TGA   0   0   0   0   0   0
    TTG   2   2   2   2   2   2 |     TCG   1   0   2   1   1   1 |     TAG   0   0   0   0   0   0 | Trp TGG   0   0   0   0   0   0
--------------------------------------------------------------------------------------------------------------------------------------
Leu CTT   1   1   1   1   1   1 | Pro CCT   0   0   0   0   0   0 | His CAT   1   0   0   0   0   0 | Arg CGT   1   1   1   1   1   1
    CTC   2   2   2   2   2   2 |     CCC   0   0   0   0   0   0 |     CAC   0   1   1   1   1   1 |     CGC   1   1   1   1   1   1
    CTA   0   0   0   0   0   0 |     CCA   4   4   4   4   4   4 | Gln CAA   0   0   0   0   0   0 |     CGA   1   1   1   1   1   1
    CTG   1   1   1   1   1   1 |     CCG   0   0   0   0   0   0 |     CAG   1   1   1   1   1   1 |     CGG   0   0   0   0   0   0
--------------------------------------------------------------------------------------------------------------------------------------
Ile ATT   2   1   1   1   1   1 | Thr ACT   1   1   1   1   1   1 | Asn AAT   1   1   1   1   1   1 | Ser AGT   2   2   2   2   2   2
    ATC   0   1   1   1   1   1 |     ACC   1   1   1   1   1   1 |     AAC   2   2   2   2   2   2 |     AGC   1   1   1   1   1   1
    ATA   1   1   1   1   1   1 |     ACA   0   0   0   0   0   0 | Lys AAA   2   2   2   2   2   2 | Arg AGA   1   1   1   1   1   1
Met ATG   0   0   0   0   0   0 |     ACG   0   0   0   0   0   0 |     AAG   0   0   0   0   0   0 |     AGG   0   0   0   0   0   0
--------------------------------------------------------------------------------------------------------------------------------------
Val GTT   2   2   2   2   2   2 | Ala GCT   2   2   2   2   2   2 | Asp GAT   3   3   3   3   3   3 | Gly GGT   1   1   1   1   1   1
    GTC   2   2   2   2   2   2 |     GCC   0   1   1   1   1   1 |     GAC   1   1   1   1   1   1 |     GGC   1   1   1   1   1   1
    GTA   1   1   1   1   1   1 |     GCA   2   1   1   1   1   1 | Glu GAA   6   6   6   6   6   4 |     GGA   2   2   2   2   2   2
    GTG   4   4   4   4   4   4 |     GCG   0   0   0   0   0   0 |     GAG   2   2   2   2   2   4 |     GGG   0   0   0   0   0   0
--------------------------------------------------------------------------------------------------------------------------------------

--------------------------------------------------------------------------------------------------------------------------------------
Phe TTT   2   2   2   2   2   2 | Ser TCT   0   0   0   0   0   0 | Tyr TAT   1   1   1   1   1   1 | Cys TGT   3   3   3   3   3   3
    TTC   2   2   2   2   2   2 |     TCC   2   3   2   2   2   2 |     TAC   1   1   1   1   1   1 |     TGC   0   0   0   0   0   0
Leu TTA   0   0   0   0   0   0 |     TCA   2   1   1   1   2   1 | *** TAA   0   0   0   0   0   0 | *** TGA   0   0   0   0   0   0
    TTG   2   2   2   2   2   2 |     TCG   0   0   1   1   0   1 |     TAG   0   0   0   0   0   0 | Trp TGG   0   0   0   0   0   0
--------------------------------------------------------------------------------------------------------------------------------------
Leu CTT   1   1   1   1   1   1 | Pro CCT   0   0   0   0   0   0 | His CAT   1   0   0   1   0   0 | Arg CGT   1   1   1   1   1   1
    CTC   2   2   2   2   2   2 |     CCC   0   0   0   0   0   0 |     CAC   0   1   1   0   1   1 |     CGC   1   1   1   1   1   1
    CTA   0   0   0   0   0   0 |     CCA   4   4   3   4   4   4 | Gln CAA   0   0   0   0   0   0 |     CGA   1   1   1   1   1   1
    CTG   1   1   1   1   1   1 |     CCG   0   0   1   0   0   0 |     CAG   1   1   1   1   1   1 |     CGG   0   0   0   0   0   0
--------------------------------------------------------------------------------------------------------------------------------------
Ile ATT   1   1   1   1   0   1 | Thr ACT   1   1   1   1   1   1 | Asn AAT   1   1   1   1   1   1 | Ser AGT   1   2   2   2   2   2
    ATC   1   1   1   1   2   1 |     ACC   1   1   1   1   1   1 |     AAC   2   2   2   2   2   2 |     AGC   2   1   1   1   1   1
    ATA   1   1   1   1   1   1 |     ACA   0   0   0   0   0   0 | Lys AAA   2   2   2   2   2   2 | Arg AGA   1   1   1   1   1   1
Met ATG   0   0   0   0   0   0 |     ACG   0   0   0   0   0   0 |     AAG   0   0   0   0   0   0 |     AGG   0   0   0   0   0   0
--------------------------------------------------------------------------------------------------------------------------------------
Val GTT   2   2   2   2   2   2 | Ala GCT   2   2   2   2   2   2 | Asp GAT   3   3   3   3   3   3 | Gly GGT   1   1   1   1   1   1
    GTC   2   2   2   2   2   2 |     GCC   1   1   1   1   1   1 |     GAC   1   1   1   1   1   1 |     GGC   1   1   1   1   1   1
    GTA   1   1   1   1   1   1 |     GCA   1   1   1   1   1   1 | Glu GAA   6   6   6   6   6   6 |     GGA   2   2   2   2   2   2
    GTG   4   4   4   4   4   4 |     GCG   0   0   0   0   0   0 |     GAG   2   2   2   2   2   2 |     GGG   0   0   0   0   0   0
--------------------------------------------------------------------------------------------------------------------------------------

--------------------------------------------------------------------------------------------------------------------------------------
Phe TTT   2   3   2   2   2   2 | Ser TCT   1   0   0   1   0   0 | Tyr TAT   1   1   1   1   1   2 | Cys TGT   3   3   3   3   3   3
    TTC   2   1   2   2   2   2 |     TCC   1   2   2   1   2   2 |     TAC   1   1   1   1   1   0 |     TGC   0   0   0   0   0   0
Leu TTA   0   0   0   0   0   0 |     TCA   1   1   2   1   1   2 | *** TAA   0   0   0   0   0   0 | *** TGA   0   0   0   0   0   0
    TTG   2   2   2   2   2   2 |     TCG   1   1   0   1   1   0 |     TAG   0   0   0   0   0   0 | Trp TGG   0   0   0   0   0   0
--------------------------------------------------------------------------------------------------------------------------------------
Leu CTT   0   2   1   1   1   1 | Pro CCT   0   0   0   0   0   0 | His CAT   0   0   0   0   0   0 | Arg CGT   1   1   1   1   1   1
    CTC   2   1   2   2   2   2 |     CCC   0   0   0   0   0   0 |     CAC   1   1   1   1   1   1 |     CGC   1   1   1   1   1   1
    CTA   0   0   0   0   0   0 |     CCA   4   4   4   4   4   4 | Gln CAA   0   0   0   0   0   0 |     CGA   1   1   1   1   1   1
    CTG   2   1   1   1   1   1 |     CCG   0   0   0   0   0   0 |     CAG   1   1   1   1   1   1 |     CGG   0   0   0   0   0   0
--------------------------------------------------------------------------------------------------------------------------------------
Ile ATT   2   1   1   1   1   1 | Thr ACT   1   1   1   1   1   1 | Asn AAT   1   1   1   1   1   1 | Ser AGT   2   2   2   2   2   1
    ATC   0   1   1   1   1   1 |     ACC   1   1   1   1   1   1 |     AAC   2   2   2   2   2   2 |     AGC   1   1   1   1   1   2
    ATA   1   1   1   1   1   1 |     ACA   0   0   0   0   0   0 | Lys AAA   2   2   2   2   2   2 | Arg AGA   1   1   1   1   1   1
Met ATG   0   0   0   0   0   0 |     ACG   0   0   0   0   0   0 |     AAG   0   0   0   0   0   0 |     AGG   0   0   0   0   0   0
--------------------------------------------------------------------------------------------------------------------------------------
Val GTT   2   2   2   2   2   2 | Ala GCT   2   2   2   2   2   2 | Asp GAT   3   3   3   2   3   3 | Gly GGT   1   1   1   1   1   1
    GTC   2   3   2   2   2   2 |     GCC   1   1   1   1   1   1 |     GAC   1   1   1   2   1   1 |     GGC   1   1   1   1   1   1
    GTA   1   0   2   1   1   1 |     GCA   1   1   1   1   1   1 | Glu GAA   7   6   6   6   6   6 |     GGA   2   2   2   2   2   2
    GTG   4   4   3   4   4   4 |     GCG   0   0   0   0   0   0 |     GAG   1   2   2   2   2   2 |     GGG   0   0   0   0   0   0
--------------------------------------------------------------------------------------------------------------------------------------

--------------------------------------------------------------------------------------------------------------------------------------
Phe TTT   2   2   2   2   2   2 | Ser TCT   0   1   0   0   0   1 | Tyr TAT   1   1   1   1   1   1 | Cys TGT   3   3   3   3   3   3
    TTC   2   2   2   2   2   2 |     TCC   2   2   2   2   2   1 |     TAC   1   1   1   1   1   1 |     TGC   0   0   0   0   0   0
Leu TTA   0   0   0   0   0   0 |     TCA   1   1   2   1   1   1 | *** TAA   0   0   0   0   0   0 | *** TGA   0   0   0   0   0   0
    TTG   2   2   2   2   2   2 |     TCG   1   0   0   1   1   1 |     TAG   0   0   0   0   0   0 | Trp TGG   0   0   0   0   0   0
--------------------------------------------------------------------------------------------------------------------------------------
Leu CTT   1   1   1   1   1   1 | Pro CCT   0   0   0   0   0   0 | His CAT   0   0   1   0   0   0 | Arg CGT   1   1   1   1   1   1
    CTC   2   2   2   2   2   2 |     CCC   0   0   0   0   0   0 |     CAC   1   1   0   1   1   1 |     CGC   1   1   1   1   1   1
    CTA   0   0   0   0   0   0 |     CCA   4   4   4   4   3   4 | Gln CAA   0   0   0   0   0   0 |     CGA   1   1   1   1   1   1
    CTG   1   1   1   1   1   1 |     CCG   0   0   0   0   1   0 |     CAG   1   1   1   1   1   1 |     CGG   0   0   0   0   0   0
--------------------------------------------------------------------------------------------------------------------------------------
Ile ATT   2   1   1   0   1   1 | Thr ACT   1   2   1   1   1   1 | Asn AAT   1   1   1   1   1   1 | Ser AGT   2   2   1   2   2   2
    ATC   1   1   1   2   1   1 |     ACC   1   0   1   1   1   1 |     AAC   2   2   2   2   2   2 |     AGC   1   1   2   1   1   1
    ATA   0   1   1   1   1   1 |     ACA   0   0   0   0   0   0 | Lys AAA   2   2   2   2   2   2 | Arg AGA   1   1   1   1   1   1
Met ATG   0   0   0   0   0   0 |     ACG   0   0   0   0   0   0 |     AAG   0   0   0   0   0   0 |     AGG   0   0   0   0   0   0
--------------------------------------------------------------------------------------------------------------------------------------
Val GTT   2   2   2   2   2   2 | Ala GCT   2   2   2   2   2   2 | Asp GAT   3   3   3   3   3   2 | Gly GGT   1   1   1   1   1   1
    GTC   2   2   2   2   2   2 |     GCC   1   0   1   1   1   1 |     GAC   1   1   1   1   1   2 |     GGC   1   1   1   1   1   1
    GTA   1   1   1   1   1   1 |     GCA   1   2   1   1   1   1 | Glu GAA   5   5   6   6   6   6 |     GGA   2   2   2   2   2   2
    GTG   4   4   4   4   4   4 |     GCG   0   0   0   0   0   0 |     GAG   3   3   2   2   2   2 |     GGG   0   0   0   0   0   0
--------------------------------------------------------------------------------------------------------------------------------------

--------------------------------------------------------------------------------------------------------------------------------------
Phe TTT   2   2   2   2   2   2 | Ser TCT   0   1   0   0   0   0 | Tyr TAT   1   1   1   1   1   1 | Cys TGT   3   3   3   3   3   3
    TTC   2   2   2   2   2   2 |     TCC   2   1   2   2   2   2 |     TAC   1   1   1   1   1   1 |     TGC   0   0   0   0   0   0
Leu TTA   0   0   0   0   0   0 |     TCA   1   1   1   1   2   1 | *** TAA   0   0   0   0   0   0 | *** TGA   0   0   0   0   0   0
    TTG   2   2   2   2   2   2 |     TCG   1   1   1   1   0   1 |     TAG   0   0   0   0   0   0 | Trp TGG   0   0   0   0   0   0
--------------------------------------------------------------------------------------------------------------------------------------
Leu CTT   1   1   1   1   0   1 | Pro CCT   0   0   0   0   0   0 | His CAT   0   0   0   0   0   0 | Arg CGT   1   1   1   1   1   1
    CTC   2   2   2   2   3   2 |     CCC   0   0   0   0   0   0 |     CAC   1   1   1   1   1   1 |     CGC   1   1   1   1   1   1
    CTA   0   0   0   0   0   0 |     CCA   4   4   4   4   3   3 | Gln CAA   0   0   0   0   0   0 |     CGA   0   1   1   1   1   1
    CTG   1   1   1   1   1   1 |     CCG   0   0   0   0   1   1 |     CAG   1   1   1   1   1   1 |     CGG   0   0   0   0   0   0
--------------------------------------------------------------------------------------------------------------------------------------
Ile ATT   0   1   1   1   2   1 | Thr ACT   1   1   1   1   1   1 | Asn AAT   1   1   1   1   0   1 | Ser AGT   2   2   2   2   2   2
    ATC   2   1   1   1   0   1 |     ACC   1   1   1   1   1   1 |     AAC   2   2   2   2   3   2 |     AGC   1   1   1   1   1   1
    ATA   1   1   1   1   1   1 |     ACA   0   0   0   0   0   0 | Lys AAA   2   2   2   2   2   2 | Arg AGA   2   1   1   1   0   1
Met ATG   0   0   0   0   0   0 |     ACG   0   0   0   0   0   0 |     AAG   0   0   0   0   0   0 |     AGG   0   0   0   0   1   0
--------------------------------------------------------------------------------------------------------------------------------------
Val GTT   2   2   2   2   0   2 | Ala GCT   2   2   2   2   2   2 | Asp GAT   3   2   3   3   3   3 | Gly GGT   1   1   1   1   1   1
    GTC   2   2   2   2   4   2 |     GCC   1   1   1   1   1   1 |     GAC   1   2   1   1   1   1 |     GGC   1   1   1   1   1   1
    GTA   1   1   1   1   1   1 |     GCA   1   1   1   1   1   1 | Glu GAA   6   6   4   6   6   6 |     GGA   2   2   2   2   2   2
    GTG   4   4   4   4   4   4 |     GCG   0   0   0   0   0   0 |     GAG   2   2   4   2   2   2 |     GGG   0   0   0   0   0   0
--------------------------------------------------------------------------------------------------------------------------------------

--------------------------------------------------------------------------------------------------------------------------------------
Phe TTT   2   2   2   2   2   2 | Ser TCT   0   0   0   0   1   1 | Tyr TAT   1   1   1   1   1   1 | Cys TGT   3   3   3   3   3   3
    TTC   2   2   2   2   2   2 |     TCC   2   3   2   2   1   1 |     TAC   1   1   1   1   1   1 |     TGC   0   0   0   0   0   0
Leu TTA   0   0   0   0   0   0 |     TCA   1   1   2   1   1   1 | *** TAA   0   0   0   0   0   0 | *** TGA   0   0   0   0   0   0
    TTG   2   3   2   2   2   2 |     TCG   1   0   0   1   1   1 |     TAG   0   0   0   0   0   0 | Trp TGG   0   0   0   0   0   0
--------------------------------------------------------------------------------------------------------------------------------------
Leu CTT   1   1   1   1   1   1 | Pro CCT   0   0   0   0   0   0 | His CAT   0   0   1   1   0   0 | Arg CGT   1   1   1   1   1   1
    CTC   2   2   2   2   2   2 |     CCC   0   0   0   0   0   1 |     CAC   1   1   0   0   1   1 |     CGC   1   1   1   1   1   1
    CTA   0   0   0   0   0   0 |     CCA   4   3   4   4   4   3 | Gln CAA   0   0   0   0   0   0 |     CGA   1   1   1   1   1   1
    CTG   1   0   1   1   1   1 |     CCG   0   1   0   0   0   0 |     CAG   1   1   1   1   1   1 |     CGG   0   0   0   0   0   0
--------------------------------------------------------------------------------------------------------------------------------------
Ile ATT   1   1   1   1   1   1 | Thr ACT   1   1   1   1   1   1 | Asn AAT   1   1   1   1   1   1 | Ser AGT   2   2   1   2   2   2
    ATC   1   1   1   1   1   1 |     ACC   1   1   1   1   1   1 |     AAC   2   2   2   2   2   2 |     AGC   1   1   2   1   1   1
    ATA   1   1   1   1   1   1 |     ACA   0   0   0   0   0   0 | Lys AAA   2   2   2   2   2   2 | Arg AGA   1   1   1   1   1   1
Met ATG   0   0   0   0   0   0 |     ACG   0   0   0   0   0   0 |     AAG   0   0   0   0   0   0 |     AGG   0   0   0   0   0   0
--------------------------------------------------------------------------------------------------------------------------------------
Val GTT   2   2   2   2   2   2 | Ala GCT   2   2   2   2   2   2 | Asp GAT   3   3   3   3   3   3 | Gly GGT   1   1   1   1   1   1
    GTC   3   2   2   2   2   2 |     GCC   1   1   1   0   1   1 |     GAC   1   1   1   1   1   1 |     GGC   1   1   1   1   1   1
    GTA   0   1   1   1   1   1 |     GCA   1   1   1   2   1   1 | Glu GAA   6   6   6   6   6   5 |     GGA   2   2   2   2   2   2
    GTG   4   4   4   4   4   4 |     GCG   0   0   0   0   0   0 |     GAG   2   2   2   2   2   3 |     GGG   0   0   0   0   0   0
--------------------------------------------------------------------------------------------------------------------------------------

--------------------------------------------------------------------------------------------------------------------------------------
Phe TTT   2   2   2   2   2   1 | Ser TCT   0   0   0   0   0   1 | Tyr TAT   1   1   1   1   1   1 | Cys TGT   3   3   3   3   3   2
    TTC   2   2   2   2   2   3 |     TCC   2   2   2   3   3   1 |     TAC   1   1   1   1   1   1 |     TGC   0   0   0   0   0   1
Leu TTA   0   0   0   0   0   0 |     TCA   1   1   1   1   1   2 | *** TAA   0   0   0   0   0   0 | *** TGA   0   0   0   0   0   0
    TTG   2   2   2   2   3   2 |     TCG   1   1   1   0   0   0 |     TAG   0   0   0   0   0   0 | Trp TGG   0   0   0   0   0   0
--------------------------------------------------------------------------------------------------------------------------------------
Leu CTT   1   1   1   1   1   1 | Pro CCT   0   0   0   0   0   0 | His CAT   0   0   0   0   0   0 | Arg CGT   1   1   1   1   1   1
    CTC   2   2   2   2   2   2 |     CCC   0   0   0   0   0   0 |     CAC   1   1   1   1   1   1 |     CGC   1   1   1   1   1   1
    CTA   0   0   0   0   0   0 |     CCA   4   4   4   4   4   4 | Gln CAA   0   0   0   0   0   0 |     CGA   1   1   1   1   1   1
    CTG   1   1   1   1   0   1 |     CCG   0   0   0   0   0   0 |     CAG   1   1   1   1   1   1 |     CGG   0   0   0   0   0   0
--------------------------------------------------------------------------------------------------------------------------------------
Ile ATT   2   0   1   1   1   1 | Thr ACT   1   1   1   1   1   1 | Asn AAT   1   1   1   1   1   1 | Ser AGT   2   2   2   2   2   2
    ATC   1   2   1   1   1   1 |     ACC   1   1   1   1   1   1 |     AAC   2   2   2   2   2   2 |     AGC   1   1   1   1   1   1
    ATA   0   1   1   1   1   1 |     ACA   0   0   0   0   0   0 | Lys AAA   2   2   2   2   2   2 | Arg AGA   1   1   1   1   1   1
Met ATG   0   0   0   0   0   0 |     ACG   0   0   0   0   0   0 |     AAG   0   0   0   0   0   0 |     AGG   0   0   0   0   0   0
--------------------------------------------------------------------------------------------------------------------------------------
Val GTT   2   2   2   2   2   2 | Ala GCT   2   2   2   2   2   2 | Asp GAT   3   3   3   3   3   3 | Gly GGT   1   1   1   1   1   1
    GTC   2   2   2   2   2   2 |     GCC   1   1   1   1   1   1 |     GAC   1   1   1   1   1   1 |     GGC   1   1   1   1   1   1
    GTA   1   1   1   1   1   1 |     GCA   1   1   1   1   1   1 | Glu GAA   5   6   4   5   6   6 |     GGA   2   2   2   2   2   2
    GTG   4   4   4   4   4   4 |     GCG   0   0   0   0   0   0 |     GAG   3   2   4   3   2   2 |     GGG   0   0   0   0   0   0
--------------------------------------------------------------------------------------------------------------------------------------

--------------------------------------------------------------------------------------------------------------------------------------
Phe TTT   2   2   2   2   2   2 | Ser TCT   0   0   1   1   1   1 | Tyr TAT   1   1   1   1   1   1 | Cys TGT   3   3   3   3   3   3
    TTC   2   2   2   2   2   2 |     TCC   2   2   1   1   1   1 |     TAC   1   1   1   1   1   1 |     TGC   0   0   0   0   0   0
Leu TTA   0   0   0   0   0   0 |     TCA   1   1   2   1   1   1 | *** TAA   0   0   0   0   0   0 | *** TGA   0   0   0   0   0   0
    TTG   2   2   2   2   2   2 |     TCG   1   1   0   1   1   1 |     TAG   0   0   0   0   0   0 | Trp TGG   0   0   0   0   0   0
--------------------------------------------------------------------------------------------------------------------------------------
Leu CTT   1   1   1   1   1   1 | Pro CCT   0   0   0   0   0   0 | His CAT   0   0   0   0   0   0 | Arg CGT   1   1   1   1   1   1
    CTC   2   2   2   2   2   2 |     CCC   0   0   0   0   0   0 |     CAC   1   1   1   1   1   1 |     CGC   1   1   1   1   1   1
    CTA   0   0   0   0   0   0 |     CCA   4   4   4   4   4   4 | Gln CAA   0   0   0   0   0   0 |     CGA   1   1   1   1   1   1
    CTG   1   1   1   1   1   1 |     CCG   0   0   0   0   0   0 |     CAG   1   1   1   1   1   1 |     CGG   0   0   0   0   0   0
--------------------------------------------------------------------------------------------------------------------------------------
Ile ATT   1   1   1   1   1   1 | Thr ACT   1   1   1   1   1   1 | Asn AAT   1   2   1   1   1   1 | Ser AGT   2   2   2   1   2   2
    ATC   1   1   1   1   1   1 |     ACC   1   1   1   1   1   1 |     AAC   2   1   2   2   2   2 |     AGC   1   1   1   2   1   1
    ATA   1   1   1   1   1   1 |     ACA   0   0   0   0   0   0 | Lys AAA   2   2   2   2   2   2 | Arg AGA   1   1   1   1   1   1
Met ATG   0   0   0   0   0   0 |     ACG   0   0   0   0   0   0 |     AAG   0   0   0   0   0   0 |     AGG   0   0   0   0   0   0
--------------------------------------------------------------------------------------------------------------------------------------
Val GTT   2   2   2   2   2   2 | Ala GCT   2   2   2   2   2   2 | Asp GAT   3   3   3   3   2   2 | Gly GGT   1   1   1   1   1   1
    GTC   2   2   2   2   2   2 |     GCC   1   1   1   1   1   1 |     GAC   1   1   1   1   2   2 |     GGC   1   1   1   1   1   1
    GTA   1   1   1   1   1   1 |     GCA   1   1   1   1   1   1 | Glu GAA   5   6   6   6   6   6 |     GGA   2   2   2   2   2   2
    GTG   4   4   4   4   4   4 |     GCG   0   0   0   0   0   0 |     GAG   3   2   2   2   2   2 |     GGG   0   0   0   0   0   0
--------------------------------------------------------------------------------------------------------------------------------------

Codon position x base (3x4) table for each sequence.

#1: Argali         
position  1:    T:0.21127    C:0.18310    A:0.19718    G:0.40845
position  2:    T:0.30986    C:0.19718    A:0.29577    G:0.19718
position  3:    T:0.28169    C:0.28169    A:0.29577    G:0.14085
Average         T:0.26761    C:0.22066    A:0.26291    G:0.24883

#2: LesserMouseDeer
position  1:    T:0.21127    C:0.18310    A:0.19718    G:0.40845
position  2:    T:0.30986    C:0.19718    A:0.29577    G:0.19718
position  3:    T:0.23944    C:0.36620    A:0.18310    G:0.21127
Average         T:0.25352    C:0.24883    A:0.22535    G:0.27230

#3: LesserKudu     
position  1:    T:0.21127    C:0.18310    A:0.19718    G:0.40845
position  2:    T:0.30986    C:0.19718    A:0.29577    G:0.19718
position  3:    T:0.29577    C:0.26761    A:0.28169    G:0.15493
Average         T:0.27230    C:0.21596    A:0.25822    G:0.25352

#4: ForestMuskDeer2
position  1:    T:0.21127    C:0.18310    A:0.19718    G:0.40845
position  2:    T:0.30986    C:0.19718    A:0.29577    G:0.19718
position  3:    T:0.29577    C:0.26761    A:0.28169    G:0.15493
Average         T:0.27230    C:0.21596    A:0.25822    G:0.25352

#5: Camel          
position  1:    T:0.21127    C:0.18310    A:0.19718    G:0.40845
position  2:    T:0.30986    C:0.19718    A:0.29577    G:0.19718
position  3:    T:0.28169    C:0.29577    A:0.25352    G:0.16901
Average         T:0.26761    C:0.22535    A:0.24883    G:0.25822

#6: KillerWhale    
position  1:    T:0.21127    C:0.18310    A:0.19718    G:0.40845
position  2:    T:0.30986    C:0.19718    A:0.29577    G:0.19718
position  3:    T:0.35211    C:0.21127    A:0.28169    G:0.15493
Average         T:0.29108    C:0.19718    A:0.25822    G:0.25352

#7: DefassaWaterbuck
position  1:    T:0.21127    C:0.18310    A:0.19718    G:0.40845
position  2:    T:0.30986    C:0.19718    A:0.29577    G:0.19718
position  3:    T:0.32394    C:0.22535    A:0.29577    G:0.15493
Average         T:0.28169    C:0.20188    A:0.26291    G:0.25352

#8: Sheep          
position  1:    T:0.21127    C:0.18310    A:0.19718    G:0.40845
position  2:    T:0.30986    C:0.19718    A:0.29577    G:0.19718
position  3:    T:0.29577    C:0.26761    A:0.29577    G:0.14085
Average         T:0.27230    C:0.21596    A:0.26291    G:0.24883

#9: MaxwellsDuiker 
position  1:    T:0.21127    C:0.18310    A:0.19718    G:0.40845
position  2:    T:0.30986    C:0.19718    A:0.29577    G:0.19718
position  3:    T:0.29577    C:0.25352    A:0.28169    G:0.16901
Average         T:0.27230    C:0.21127    A:0.25822    G:0.25822

#10: GazellaPrzewalskyi
position  1:    T:0.21127    C:0.18310    A:0.19718    G:0.40845
position  2:    T:0.30986    C:0.19718    A:0.29577    G:0.19718
position  3:    T:0.29577    C:0.26761    A:0.28169    G:0.15493
Average         T:0.27230    C:0.21596    A:0.25822    G:0.25352

#11: MountainNyala  
position  1:    T:0.21127    C:0.18310    A:0.19718    G:0.40845
position  2:    T:0.30986    C:0.19718    A:0.29577    G:0.19718
position  3:    T:0.30986    C:0.25352    A:0.28169    G:0.15493
Average         T:0.27700    C:0.21127    A:0.25822    G:0.25352

#12: MuntiacusMuntjak
position  1:    T:0.21127    C:0.18310    A:0.19718    G:0.40845
position  2:    T:0.30986    C:0.19718    A:0.29577    G:0.19718
position  3:    T:0.29577    C:0.26761    A:0.25352    G:0.18310
Average         T:0.27230    C:0.21596    A:0.24883    G:0.26291

#13: goat           
position  1:    T:0.21127    C:0.18310    A:0.19718    G:0.40845
position  2:    T:0.30986    C:0.19718    A:0.29577    G:0.19718
position  3:    T:0.29577    C:0.26761    A:0.29577    G:0.14085
Average         T:0.27230    C:0.21596    A:0.26291    G:0.24883

#14: AfricanBuffalo 
position  1:    T:0.21127    C:0.18310    A:0.19718    G:0.40845
position  2:    T:0.30986    C:0.19718    A:0.29577    G:0.19718
position  3:    T:0.29577    C:0.28169    A:0.28169    G:0.14085
Average         T:0.27230    C:0.22066    A:0.25822    G:0.24883

#15: Topi           
position  1:    T:0.21127    C:0.18310    A:0.19718    G:0.40845
position  2:    T:0.30986    C:0.19718    A:0.29577    G:0.19718
position  3:    T:0.29577    C:0.26761    A:0.26761    G:0.16901
Average         T:0.27230    C:0.21596    A:0.25352    G:0.25822

#16: CommonDuiker   
position  1:    T:0.21127    C:0.18310    A:0.19718    G:0.40845
position  2:    T:0.30986    C:0.19718    A:0.29577    G:0.19718
position  3:    T:0.30986    C:0.25352    A:0.28169    G:0.15493
Average         T:0.27700    C:0.21127    A:0.25822    G:0.25352

#17: Suni           
position  1:    T:0.21127    C:0.18310    A:0.19718    G:0.40845
position  2:    T:0.30986    C:0.19718    A:0.29577    G:0.19718
position  3:    T:0.28169    C:0.28169    A:0.29577    G:0.14085
Average         T:0.26761    C:0.22066    A:0.26291    G:0.24883

#18: Springbuck     
position  1:    T:0.21127    C:0.18310    A:0.19718    G:0.40845
position  2:    T:0.30986    C:0.19718    A:0.29577    G:0.19718
position  3:    T:0.29577    C:0.26761    A:0.28169    G:0.15493
Average         T:0.27230    C:0.21596    A:0.25822    G:0.25352

#19: Okapi          
position  1:    T:0.21127    C:0.18310    A:0.19718    G:0.40845
position  2:    T:0.30986    C:0.19718    A:0.29577    G:0.19718
position  3:    T:0.30986    C:0.23944    A:0.29577    G:0.15493
Average         T:0.27700    C:0.20657    A:0.26291    G:0.25352

#20: Giraffe        
position  1:    T:0.21127    C:0.18310    A:0.19718    G:0.40845
position  2:    T:0.30986    C:0.19718    A:0.29577    G:0.19718
position  3:    T:0.32394    C:0.25352    A:0.26761    G:0.15493
Average         T:0.28169    C:0.21127    A:0.25352    G:0.25352

#21: TibetanAntelope
position  1:    T:0.21127    C:0.18310    A:0.19718    G:0.40845
position  2:    T:0.30986    C:0.19718    A:0.29577    G:0.19718
position  3:    T:0.29577    C:0.26761    A:0.30986    G:0.12676
Average         T:0.27230    C:0.21596    A:0.26761    G:0.24413

#22: Sitatunga      
position  1:    T:0.21127    C:0.18310    A:0.19718    G:0.40845
position  2:    T:0.30986    C:0.19718    A:0.29577    G:0.19718
position  3:    T:0.29577    C:0.26761    A:0.28169    G:0.15493
Average         T:0.27230    C:0.21596    A:0.25822    G:0.25352

#23: Oribi          
position  1:    T:0.21127    C:0.18310    A:0.19718    G:0.40845
position  2:    T:0.30986    C:0.19718    A:0.29577    G:0.19718
position  3:    T:0.29577    C:0.26761    A:0.28169    G:0.15493
Average         T:0.27230    C:0.21596    A:0.25822    G:0.25352

#24: BarbarySheep   
position  1:    T:0.21127    C:0.18310    A:0.19718    G:0.40845
position  2:    T:0.30986    C:0.19718    A:0.29577    G:0.19718
position  3:    T:0.29577    C:0.26761    A:0.29577    G:0.14085
Average         T:0.27230    C:0.21596    A:0.26291    G:0.24883

#25: Daviddeer      
position  1:    T:0.21127    C:0.18310    A:0.19718    G:0.40845
position  2:    T:0.30986    C:0.19718    A:0.29577    G:0.19718
position  3:    T:0.30986    C:0.26761    A:0.25352    G:0.16901
Average         T:0.27700    C:0.21596    A:0.24883    G:0.25822

#26: Reindeer       
position  1:    T:0.21127    C:0.18310    A:0.19718    G:0.40845
position  2:    T:0.30986    C:0.19718    A:0.29577    G:0.19718
position  3:    T:0.32394    C:0.23944    A:0.28169    G:0.15493
Average         T:0.28169    C:0.20657    A:0.25822    G:0.25352

#27: Ibex           
position  1:    T:0.21127    C:0.18310    A:0.19718    G:0.40845
position  2:    T:0.30986    C:0.19718    A:0.29577    G:0.19718
position  3:    T:0.29577    C:0.26761    A:0.29577    G:0.14085
Average         T:0.27230    C:0.21596    A:0.26291    G:0.24883

#28: GyrantGazelle  
position  1:    T:0.21127    C:0.18310    A:0.19718    G:0.40845
position  2:    T:0.30986    C:0.19718    A:0.29577    G:0.19718
position  3:    T:0.28169    C:0.28169    A:0.28169    G:0.15493
Average         T:0.26761    C:0.22066    A:0.25822    G:0.25352

#29: Hartebeest     
position  1:    T:0.21127    C:0.18310    A:0.19718    G:0.40845
position  2:    T:0.30986    C:0.19718    A:0.29577    G:0.19718
position  3:    T:0.29577    C:0.26761    A:0.26761    G:0.16901
Average         T:0.27230    C:0.21596    A:0.25352    G:0.25822

#30: Bongo          
position  1:    T:0.21127    C:0.18310    A:0.19718    G:0.40845
position  2:    T:0.30986    C:0.19718    A:0.29577    G:0.19718
position  3:    T:0.29577    C:0.26761    A:0.28169    G:0.15493
Average         T:0.27230    C:0.21596    A:0.25822    G:0.25352

#31: Gerenuk        
position  1:    T:0.21127    C:0.16901    A:0.21127    G:0.40845
position  2:    T:0.30986    C:0.19718    A:0.29577    G:0.19718
position  3:    T:0.28169    C:0.28169    A:0.28169    G:0.15493
Average         T:0.26761    C:0.21596    A:0.26291    G:0.25352

#32: CommonEland    
position  1:    T:0.21127    C:0.18310    A:0.19718    G:0.40845
position  2:    T:0.30986    C:0.19718    A:0.29577    G:0.19718
position  3:    T:0.29577    C:0.26761    A:0.28169    G:0.15493
Average         T:0.27230    C:0.21596    A:0.25822    G:0.25352

#33: MuntiacusReevesi
position  1:    T:0.21127    C:0.18310    A:0.19718    G:0.40845
position  2:    T:0.30986    C:0.19718    A:0.29577    G:0.19718
position  3:    T:0.29577    C:0.26761    A:0.25352    G:0.18310
Average         T:0.27230    C:0.21596    A:0.24883    G:0.26291

#34: HarveysDuiker  
position  1:    T:0.21127    C:0.18310    A:0.19718    G:0.40845
position  2:    T:0.30986    C:0.19718    A:0.29577    G:0.19718
position  3:    T:0.29577    C:0.26761    A:0.28169    G:0.15493
Average         T:0.27230    C:0.21596    A:0.25822    G:0.25352

#35: Pronghorn      
position  1:    T:0.21127    C:0.18310    A:0.19718    G:0.40845
position  2:    T:0.30986    C:0.19718    A:0.29577    G:0.19718
position  3:    T:0.25352    C:0.30986    A:0.26761    G:0.16901
Average         T:0.25822    C:0.23005    A:0.25352    G:0.25822

#36: BlueWildebeest 
position  1:    T:0.21127    C:0.18310    A:0.19718    G:0.40845
position  2:    T:0.30986    C:0.19718    A:0.29577    G:0.19718
position  3:    T:0.29577    C:0.26761    A:0.26761    G:0.16901
Average         T:0.27230    C:0.21596    A:0.25352    G:0.25822

#37: Gemsbok        
position  1:    T:0.21127    C:0.18310    A:0.19718    G:0.40845
position  2:    T:0.30986    C:0.19718    A:0.29577    G:0.19718
position  3:    T:0.29577    C:0.28169    A:0.26761    G:0.15493
Average         T:0.27230    C:0.22066    A:0.25352    G:0.25352

#38: Yak            
position  1:    T:0.22535    C:0.16901    A:0.19718    G:0.40845
position  2:    T:0.30986    C:0.19718    A:0.29577    G:0.19718
position  3:    T:0.29577    C:0.28169    A:0.26761    G:0.15493
Average         T:0.27700    C:0.21596    A:0.25352    G:0.25352

#39: BlueSheep      
position  1:    T:0.21127    C:0.18310    A:0.19718    G:0.40845
position  2:    T:0.30986    C:0.19718    A:0.29577    G:0.19718
position  3:    T:0.29577    C:0.26761    A:0.29577    G:0.14085
Average         T:0.27230    C:0.21596    A:0.26291    G:0.24883

#40: BohorReedbuck  
position  1:    T:0.21127    C:0.18310    A:0.19718    G:0.40845
position  2:    T:0.30986    C:0.19718    A:0.29577    G:0.19718
position  3:    T:0.30986    C:0.23944    A:0.29577    G:0.15493
Average         T:0.27700    C:0.20657    A:0.26291    G:0.25352

#41: KirksDik       
position  1:    T:0.21127    C:0.18310    A:0.19718    G:0.40845
position  2:    T:0.30986    C:0.19718    A:0.29577    G:0.19718
position  3:    T:0.30986    C:0.25352    A:0.28169    G:0.15493
Average         T:0.27700    C:0.21127    A:0.25822    G:0.25352

#42: RoeDeer        
position  1:    T:0.21127    C:0.18310    A:0.19718    G:0.40845
position  2:    T:0.30986    C:0.19718    A:0.29577    G:0.19718
position  3:    T:0.30986    C:0.26761    A:0.25352    G:0.16901
Average         T:0.27700    C:0.21596    A:0.24883    G:0.25822

#43: WhiteLippedDeer
position  1:    T:0.21127    C:0.18310    A:0.19718    G:0.40845
position  2:    T:0.30986    C:0.19718    A:0.29577    G:0.19718
position  3:    T:0.30986    C:0.26761    A:0.25352    G:0.16901
Average         T:0.27700    C:0.21596    A:0.24883    G:0.25822

#44: ThomsonGazelle 
position  1:    T:0.21127    C:0.18310    A:0.19718    G:0.40845
position  2:    T:0.30986    C:0.19718    A:0.29577    G:0.19718
position  3:    T:0.28169    C:0.28169    A:0.28169    G:0.15493
Average         T:0.26761    C:0.22066    A:0.25822    G:0.25352

#45: MuntiacusCrinifrons
position  1:    T:0.21127    C:0.18310    A:0.19718    G:0.40845
position  2:    T:0.30986    C:0.19718    A:0.29577    G:0.19718
position  3:    T:0.29577    C:0.26761    A:0.25352    G:0.18310
Average         T:0.27230    C:0.21596    A:0.24883    G:0.26291

#46: WhiteTailedDeer
position  1:    T:0.21127    C:0.18310    A:0.19718    G:0.40845
position  2:    T:0.30986    C:0.19718    A:0.29577    G:0.19718
position  3:    T:0.29577    C:0.28169    A:0.26761    G:0.15493
Average         T:0.27230    C:0.22066    A:0.25352    G:0.25352

#47: Cattle         
position  1:    T:0.22535    C:0.16901    A:0.19718    G:0.40845
position  2:    T:0.30986    C:0.19718    A:0.29577    G:0.19718
position  3:    T:0.29577    C:0.28169    A:0.28169    G:0.14085
Average         T:0.27700    C:0.21596    A:0.25822    G:0.24883

#48: RoyalAntelope  
position  1:    T:0.21127    C:0.18310    A:0.19718    G:0.40845
position  2:    T:0.30986    C:0.19718    A:0.29577    G:0.19718
position  3:    T:0.28169    C:0.28169    A:0.29577    G:0.14085
Average         T:0.26761    C:0.22066    A:0.26291    G:0.24883

#49: Steenbok       
position  1:    T:0.21127    C:0.18310    A:0.19718    G:0.40845
position  2:    T:0.30986    C:0.19718    A:0.29577    G:0.19718
position  3:    T:0.29577    C:0.26761    A:0.26761    G:0.16901
Average         T:0.27230    C:0.21596    A:0.25352    G:0.25822

#50: Impala         
position  1:    T:0.21127    C:0.18310    A:0.19718    G:0.40845
position  2:    T:0.30986    C:0.19718    A:0.29577    G:0.19718
position  3:    T:0.30986    C:0.25352    A:0.28169    G:0.15493
Average         T:0.27700    C:0.21127    A:0.25822    G:0.25352

#51: Klipspringer   
position  1:    T:0.21127    C:0.18310    A:0.19718    G:0.40845
position  2:    T:0.30986    C:0.19718    A:0.29577    G:0.19718
