1
52 1
Argali 0.000000 0.392500 0.105300 0.319500 0.064800 0.008800 0.074600 0.083400 0.107600 0.136700 0.024700 0.100000 0.060700 0.068500 0.083300 0.077700 0.128400 0.141300 0.036500 0.109300 0.077900 0.025200 0.142400 0.148000 0.024700 0.077800 0.055300 0.105400 0.073000 0.094300 0.147400 0.066600 0.131400 0.057200 0.049400 0.088800 0.041600 0.068700 0.098600 0.144000 0.146500 0.089900 0.132700 0.138500 0.095900 0.083800 0.085100 0.072300 0.077000 0.115700 0.103700 0.107100
LesserMous 0.392500 0.000000 0.371500 0.383100 0.361900 0.388900 0.377000 0.407200 0.373300 0.380200 0.376000 0.367400 0.388900 0.370900 0.380900 0.378500 0.370600 0.366300 0.376700 0.366100 0.382500 0.371300 0.373100 0.373700 0.376500 0.385200 0.379500 0.366300 0.370800 0.358400 0.389600 0.368000 0.380500 0.386000 0.362100 0.365700 0.386600 0.366200 0.407300 0.372600 0.369600 0.397300 0.372300 0.373400 0.370100 0.389900 0.385700 0.369000 0.394700 0.376200 0.375900 0.371100
LesserKudu 0.105300 0.371500 0.000000 0.303500 0.076500 0.103200 0.094200 0.107200 0.030900 0.120200 0.095700 0.072800 0.093900 0.086400 0.101100 0.103400 0.120300 0.124900 0.088300 0.032600 0.103600 0.094000 0.127800 0.135700 0.095800 0.097600 0.086500 0.028900 0.085000 0.018100 0.130800 0.080500 0.121300 0.090500 0.080600 0.063600 0.101500 0.082600 0.120600 0.129600 0.132000 0.110200 0.114300 0.130500 0.064900 0.103700 0.107000 0.082100 0.100200 0.094000 0.030900 0.030700
KillerWhal 0.319500 0.383100 0.303500 0.000000 0.307200 0.311600 0.318000 0.336900 0.296800 0.310000 0.315300 0.312900 0.303900 0.305500 0.319600 0.314800 0.311000 0.304800 0.315000 0.300800 0.315600 0.313900 0.316100 0.314500 0.315600 0.310500 0.298500 0.290900 0.305000 0.291600 0.317900 0.303700 0.316400 0.303700 0.295300 0.305300 0.319900 0.308100 0.332400 0.308000 0.315900 0.329500 0.303200 0.307000 0.300000 0.323800 0.320900 0.306400 0.326700 0.306900 0.298800 0.299800
DefassaWat 0.064800 0.361900 0.076500 0.307200 0.000000 0.062800 0.057800 0.066600 0.082600 0.118900 0.057300 0.079000 0.055500 0.050100 0.066600 0.061000 0.116900 0.121400 0.048100 0.084300 0.061200 0.057400 0.122300 0.128000 0.057300 0.055400 0.050100 0.080400 0.052300 0.069400 0.129500 0.044400 0.117800 0.052000 0.044400 0.065900 0.061000 0.010800 0.079700 0.126200 0.126500 0.067200 0.113000 0.118700 0.069100 0.067000 0.062700 0.051800 0.066100 0.096500 0.080700 0.082200
Sheep 0.008800 0.388900 0.103200 0.311600 0.062800 0.000000 0.072500 0.081300 0.105500 0.134400 0.023000 0.097900 0.058700 0.066400 0.081300 0.077600 0.126100 0.139000 0.036400 0.107200 0.075900 0.023400 0.140000 0.145600 0.023300 0.075800 0.053400 0.103200 0.071000 0.092200 0.145100 0.064600 0.129100 0.055300 0.047400 0.086700 0.039700 0.066700 0.096500 0.141700 0.144200 0.087800 0.130400 0.136200 0.089900 0.081700 0.083100 0.070200 0.075000 0.113500 0.101500 0.105000
MaxwellsDu 0.074600 0.377000 0.094200 0.318000 0.057800 0.072500 0.000000 0.086200 0.096500 0.131500 0.067000 0.092800 0.069100 0.038600 0.076200 0.076600 0.129500 0.134200 0.061600 0.098200 0.076800 0.067200 0.135100 0.136300 0.067100 0.072800 0.063700 0.094300 0.067900 0.083200 0.142300 0.040500 0.130500 0.065600 0.054000 0.081600 0.074700 0.061700 0.099500 0.141000 0.139300 0.084900 0.125500 0.129100 0.088800 0.074800 0.076300 0.063300 0.075600 0.102500 0.092500 0.096000
GazellaPrz 0.083400 0.407200 0.107200 0.336900 0.066600 0.081300 0.086200 0.000000 0.113600 0.144900 0.075900 0.107900 0.077900 0.076400 0.092900 0.051000 0.134500 0.143400 0.070500 0.115300 0.053000 0.076100 0.146400 0.156400 0.075900 0.049200 0.072500 0.111300 0.044200 0.100200 0.155800 0.070700 0.137400 0.070600 0.070600 0.092700 0.089200 0.070600 0.075000 0.156700 0.155000 0.060800 0.138900 0.142600 0.099800 0.093600 0.056400 0.076300 0.090300 0.123600 0.113600 0.113000
MountainNy 0.107600 0.373300 0.030900 0.296800 0.082600 0.105500 0.096500 0.113600 0.000000 0.122600 0.099900 0.076900 0.094100 0.088600 0.103400 0.105700 0.120700 0.127300 0.094500 0.023200 0.105900 0.096200 0.130300 0.140300 0.100000 0.099900 0.088700 0.016100 0.091200 0.016300 0.133300 0.086700 0.123800 0.092800 0.082800 0.065700 0.103800 0.088700 0.125100 0.131900 0.134500 0.112500 0.116700 0.135000 0.067000 0.110000 0.109300 0.086300 0.106400 0.092300 0.018000 0.021400
MuntiacusM 0.136700 0.380200 0.120200 0.310000 0.118900 0.134400 0.131500 0.144900 0.122600 0.000000 0.130600 0.112800 0.128800 0.121100 0.125800 0.132500 0.121000 0.117200 0.125200 0.120300 0.128700 0.131000 0.036300 0.053700 0.130800 0.130600 0.121100 0.120200 0.121900 0.108900 0.014900 0.115000 0.122000 0.125500 0.117000 0.109400 0.140900 0.119200 0.152700 0.063800 0.040100 0.139500 0.009200 0.049400 0.112600 0.136900 0.140400 0.120500 0.137100 0.108400 0.120600 0.122000
goat 0.024700 0.376000 0.095700 0.315300 0.057300 0.023000 0.067000 0.075900 0.099900 0.130600 0.000000 0.092300 0.053300 0.059800 0.073900 0.074000 0.124500 0.133200 0.031000 0.101600 0.070400 0.018000 0.134200 0.139800 0.003500 0.070300 0.047900 0.097600 0.065400 0.086600 0.141400 0.059100 0.129600 0.049800 0.042000 0.081100 0.030700 0.061200 0.092900 0.140100 0.138400 0.082300 0.124700 0.130500 0.088200 0.078200 0.077600 0.064700 0.071400 0.107900 0.095900 0.099400
AfricanBuf 0.100000 0.367400 0.072800 0.312900 0.079000 0.097900 0.092800 0.107900 0.076900 0.112800 0.092300 0.000000 0.088600 0.085000 0.095800 0.098100 0.110500 0.115000 0.086900 0.078600 0.098300 0.092500 0.122300 0.132200 0.092400 0.094300 0.081100 0.074700 0.083600 0.063700 0.123300 0.079100 0.111600 0.085100 0.079100 0.033300 0.102000 0.083100 0.121400 0.130300 0.126400 0.106800 0.110900 0.127000 0.036700 0.098300 0.101700 0.082600 0.102800 0.090500 0.076900 0.076500
Topi 0.060700 0.388900 0.093900 0.303900 0.055500 0.058700 0.069100 0.077900 0.094100 0.128800 0.053300 0.088600 0.000000 0.055600 0.075900 0.068400 0.126800 0.131400 0.047900 0.091900 0.068600 0.053400 0.132400 0.138000 0.053300 0.064700 0.008900 0.091900 0.059800 0.082900 0.139600 0.057600 0.127800 0.010700 0.029200 0.073400 0.062600 0.059400 0.087200 0.138300 0.136500 0.080500 0.122900 0.128700 0.080600 0.076400 0.072000 0.063000 0.073500 0.106100 0.094100 0.093600
CommonDuik 0.068500 0.370900 0.086400 0.305500 0.050100 0.066400 0.038600 0.076400 0.088600 0.121100 0.059800 0.085000 0.055600 0.000000 0.066600 0.066900 0.121100 0.121600 0.055900 0.082500 0.067100 0.061400 0.124600 0.128000 0.061000 0.063200 0.054000 0.086400 0.058200 0.075400 0.131800 0.023400 0.122100 0.056000 0.039400 0.073800 0.068800 0.054000 0.089700 0.130500 0.128700 0.075100 0.115200 0.118900 0.077000 0.063200 0.070500 0.053700 0.066100 0.098500 0.088600 0.088200
Suni 0.083300 0.380900 0.101100 0.319600 0.066600 0.081300 0.076200 0.092900 0.103400 0.125800 0.073900 0.095800 0.075900 0.066600 0.000000 0.083300 0.132100 0.136700 0.068500 0.105100 0.083600 0.077900 0.131500 0.141300 0.074000 0.079600 0.070600 0.101100 0.074800 0.090100 0.134400 0.064700 0.133200 0.072500 0.064700 0.084700 0.083400 0.070500 0.106200 0.141600 0.135600 0.091800 0.122100 0.132000 0.091700 0.081700 0.086900 0.064300 0.084400 0.109300 0.103400 0.102900
Springbuck 0.077700 0.378500 0.103400 0.314800 0.061000 0.077600 0.076600 0.051000 0.105700 0.132500 0.074000 0.098100 0.068400 0.066900 0.083300 0.000000 0.128200 0.128700 0.066800 0.103400 0.043700 0.074200 0.136100 0.139700 0.074100 0.036300 0.063000 0.099400 0.031100 0.092400 0.141000 0.065000 0.125000 0.064900 0.061100 0.086900 0.083500 0.064900 0.073200 0.135800 0.140300 0.047600 0.126600 0.126200 0.094000 0.082000 0.045300 0.066500 0.075100 0.109700 0.105700 0.101200
Okapi 0.128400 0.370600 0.120300 0.311000 0.116900 0.126100 0.129500 0.134500 0.120700 0.121000 0.124500 0.110500 0.126800 0.121100 0.132100 0.128200 0.000000 0.045900 0.123200 0.122500 0.134900 0.124800 0.120300 0.132500 0.124600 0.130700 0.119100 0.114200 0.124000 0.109000 0.127500 0.114900 0.099000 0.119300 0.114900 0.099000 0.132600 0.117100 0.150500 0.135000 0.120200 0.129500 0.114900 0.127200 0.102200 0.135100 0.136200 0.118500 0.134900 0.110400 0.116600 0.120100
Giraffe 0.141300 0.366300 0.124900 0.304800 0.121400 0.139000 0.134200 0.143400 0.127300 0.117200 0.133200 0.115000 0.131400 0.121600 0.136700 0.128700 0.045900 0.000000 0.127800 0.120800 0.139600 0.133600 0.120700 0.132900 0.133400 0.131200 0.123700 0.120700 0.124500 0.113500 0.123700 0.119500 0.101300 0.123900 0.115300 0.107600 0.143500 0.121700 0.163800 0.135500 0.124900 0.132000 0.111100 0.127600 0.110700 0.139800 0.140900 0.123000 0.139500 0.106700 0.127300 0.126700
TibetanAnt 0.036500 0.376700 0.088300 0.315000 0.048100 0.036400 0.061600 0.070500 0.094500 0.125200 0.031000 0.086900 0.047900 0.055900 0.068500 0.066800 0.123200 0.127800 0.000000 0.096300 0.065000 0.031100 0.128700 0.130000 0.031000 0.065000 0.042500 0.092300 0.060000 0.081200 0.133900 0.050100 0.124200 0.044400 0.036800 0.075700 0.043900 0.052000 0.085600 0.134700 0.132900 0.076900 0.119200 0.125100 0.082900 0.072900 0.070400 0.057500 0.069900 0.102500 0.090600 0.094100
Sitatunga 0.109300 0.366100 0.032600 0.300800 0.084300 0.107200 0.098200 0.115300 0.023200 0.120300 0.101600 0.078600 0.091900 0.082500 0.105100 0.103400 0.122500 0.120800 0.096300 0.000000 0.103700 0.098000 0.127900 0.137800 0.101700 0.101600 0.090400 0.017900 0.092900 0.018100 0.130900 0.088400 0.125500 0.094500 0.080600 0.067500 0.105500 0.090500 0.126800 0.133900 0.132000 0.114200 0.114300 0.132600 0.064900 0.111700 0.111000 0.088000 0.108100 0.090200 0.023400 0.023300
Oribi 0.077900 0.382500 0.103600 0.315600 0.061200 0.075900 0.076800 0.053000 0.105900 0.128700 0.070400 0.098300 0.068600 0.067100 0.083600 0.043700 0.134900 0.139600 0.065000 0.103700 0.000000 0.070600 0.132300 0.137900 0.070400 0.043800 0.063200 0.103700 0.038700 0.092600 0.137400 0.065200 0.131600 0.065100 0.061200 0.087100 0.083700 0.065100 0.077200 0.138200 0.136400 0.059100 0.122800 0.124500 0.094200 0.084100 0.047300 0.066700 0.084900 0.110000 0.105900 0.105400
BarbaryShe 0.025200 0.371300 0.094000 0.313900 0.057400 0.023400 0.067200 0.076100 0.096200 0.131000 0.018000 0.092500 0.053400 0.061400 0.077900 0.074200 0.124800 0.133600 0.031100 0.098000 0.070600 0.000000 0.134600 0.140200 0.018000 0.070500 0.048000 0.094000 0.065600 0.082900 0.141800 0.059500 0.130000 0.049900 0.042300 0.081400 0.030800 0.061400 0.093200 0.140600 0.134500 0.082500 0.125000 0.130800 0.088500 0.078400 0.077800 0.061100 0.075400 0.108200 0.092300 0.095800
Daviddeer 0.142400 0.373100 0.127800 0.316100 0.122300 0.140000 0.135100 0.146400 0.130300 0.036300 0.134200 0.122300 0.132400 0.124600 0.131500 0.136100 0.120300 0.120700 0.128700 0.127900 0.132300 0.134600 0.000000 0.052300 0.134400 0.134100 0.124600 0.127900 0.125400 0.116400 0.046100 0.118300 0.125500 0.129000 0.120400 0.114800 0.144600 0.122600 0.154200 0.064500 0.015200 0.143200 0.030500 0.048000 0.117900 0.140500 0.144000 0.121900 0.140700 0.113600 0.128300 0.129700
Reindeer 0.148000 0.373700 0.135700 0.314500 0.128000 0.145600 0.136300 0.156400 0.140300 0.053700 0.139800 0.132200 0.138000 0.128000 0.141300 0.139700 0.132500 0.132900 0.130000 0.137800 0.137900 0.140200 0.052300 0.000000 0.140000 0.139700 0.130200 0.137800 0.131100 0.124000 0.061800 0.121800 0.135800 0.134600 0.126000 0.124700 0.150200 0.128200 0.159900 0.074300 0.060300 0.153400 0.047900 0.026400 0.127800 0.141900 0.145300 0.129500 0.146300 0.119200 0.138200 0.139500
Ibex 0.024700 0.376500 0.095800 0.315600 0.057300 0.023300 0.067100 0.075900 0.100000 0.130800 0.003500 0.092400 0.053300 0.061000 0.074000 0.074100 0.124600 0.133400 0.031000 0.101700 0.070400 0.018000 0.134400 0.140000 0.000000 0.070400 0.047900 0.097800 0.065500 0.086700 0.141500 0.059200 0.129800 0.049800 0.042100 0.081200 0.030700 0.061300 0.093000 0.140300 0.138500 0.082400 0.124800 0.130600 0.088300 0.078300 0.077700 0.064800 0.071500 0.108000 0.096100 0.099500
GyrantGaze 0.077800 0.385200 0.097600 0.310500 0.055400 0.075800 0.072800 0.049200 0.099900 0.130600 0.070300 0.094300 0.064700 0.063200 0.079600 0.036300 0.130700 0.131200 0.065000 0.101600 0.043800 0.070500 0.134100 0.139700 0.070400 0.000000 0.059300 0.097700 0.027500 0.086600 0.141300 0.061300 0.127300 0.061200 0.057400 0.083100 0.079800 0.057400 0.067700 0.133800 0.138300 0.018000 0.124600 0.126300 0.088300 0.080200 0.043500 0.062800 0.081000 0.109900 0.099900 0.099400
Hartebeest 0.055300 0.379500 0.086500 0.298500 0.050100 0.053400 0.063700 0.072500 0.088700 0.121100 0.047900 0.081100 0.008900 0.054000 0.070600 0.063000 0.119100 0.123700 0.042500 0.090400 0.063200 0.048000 0.124600 0.130200 0.047900 0.059300 0.000000 0.086500 0.050400 0.075400 0.131800 0.052100 0.120100 0.005400 0.027500 0.069900 0.057300 0.054000 0.081800 0.130500 0.128700 0.075100 0.115200 0.121000 0.077100 0.071000 0.066600 0.057600 0.068100 0.098600 0.088700 0.088300
Bongo 0.105400 0.366300 0.028900 0.290900 0.080400 0.103200 0.094300 0.111300 0.016100 0.120200 0.097600 0.074700 0.091900 0.086400 0.101100 0.099400 0.114200 0.120700 0.092300 0.017900 0.103700 0.094000 0.127900 0.137800 0.097800 0.097700 0.086500 0.000000 0.089000 0.014300 0.130800 0.084500 0.121300 0.090500 0.080600 0.063600 0.101500 0.086500 0.122800 0.133900 0.132000 0.106200 0.114300 0.132600 0.064900 0.107700 0.107000 0.084100 0.100300 0.090100 0.019800 0.019700
Gerenuk 0.073000 0.370800 0.085000 0.305000 0.052300 0.071000 0.067900 0.044200 0.091200 0.121900 0.065400 0.083600 0.059800 0.058200 0.074800 0.031100 0.124000 0.124500 0.060000 0.092900 0.038700 0.065600 0.125400 0.131100 0.065500 0.027500 0.050400 0.089000 0.000000 0.077800 0.132600 0.056300 0.116400 0.056300 0.052400 0.072300 0.075000 0.056300 0.064700 0.131400 0.129600 0.042700 0.115900 0.117600 0.079500 0.071500 0.038500 0.061700 0.076200 0.103200 0.091200 0.090700
CommonElan 0.094300 0.358400 0.018100 0.291600 0.069400 0.092200 0.083200 0.100200 0.016300 0.108900 0.086600 0.063700 0.082900 0.075400 0.090100 0.092400 0.109000 0.113500 0.081200 0.018100 0.092600 0.082900 0.116400 0.124000 0.086700 0.086600 0.075400 0.014300 0.077800 0.000000 0.119400 0.073400 0.109900 0.079400 0.069500 0.052500 0.090500 0.075400 0.113600 0.122400 0.120500 0.099100 0.103000 0.121200 0.053900 0.096600 0.096000 0.073100 0.093300 0.079100 0.016300 0.016200
MuntiacusR 0.147400 0.389600 0.130800 0.317900 0.129500 0.145100 0.142300 0.155800 0.133300 0.014900 0.141400 0.123300 0.139600 0.131800 0.134400 0.141000 0.127500 0.123700 0.133900 0.130900 0.137400 0.141800 0.046100 0.061800 0.141500 0.141300 0.131800 0.130800 0.132600 0.119400 0.000000 0.125600 0.128500 0.136200 0.127600 0.120000 0.151700 0.129800 0.163600 0.074000 0.050000 0.150400 0.018800 0.057400 0.123100 0.143500 0.144800 0.131100 0.147800 0.118800 0.131200 0.132600
HarveysDui 0.066600 0.368000 0.080500 0.303700 0.044400 0.064600 0.040500 0.070700 0.086700 0.115000 0.059100 0.079100 0.057600 0.023400 0.064700 0.065000 0.114900 0.119500 0.050100 0.088400 0.065200 0.059500 0.118300 0.121800 0.059200 0.061300 0.052100 0.084500 0.056300 0.073400 0.125600 0.000000 0.115900 0.054100 0.046200 0.067900 0.068800 0.048300 0.083800 0.124300 0.122500 0.073200 0.109000 0.114800 0.075100 0.061300 0.068600 0.050000 0.064200 0.092600 0.086700 0.086300
Pronghorn 0.131400 0.380500 0.121300 0.316400 0.117800 0.129100 0.130500 0.137400 0.123800 0.122000 0.129600 0.111600 0.127800 0.122100 0.133200 0.125000 0.099000 0.101300 0.124200 0.125500 0.131600 0.130000 0.125500 0.135800 0.129800 0.127300 0.120100 0.121300 0.116400 0.109900 0.128500 0.115900 0.000000 0.120300 0.115900 0.106300 0.140000 0.122300 0.153600 0.129500 0.129800 0.130100 0.115800 0.130500 0.109400 0.127500 0.132900 0.119400 0.134200 0.115400 0.123800 0.123100
BlueWildeb 0.057200 0.386000 0.090500 0.303700 0.052000 0.055300 0.065600 0.070600 0.092800 0.125500 0.049800 0.085100 0.010700 0.056000 0.072500 0.064900 0.119300 0.123900 0.044400 0.094500 0.065100 0.049900 0.129000 0.134600 0.049800 0.061200 0.005400 0.090500 0.056300 0.079400 0.136200 0.054100 0.120300 0.000000 0.029400 0.073900 0.059200 0.055900 0.083800 0.134900 0.133100 0.073200 0.119500 0.125300 0.081100 0.073000 0.068600 0.059500 0.070100 0.102800 0.092800 0.092300
Gemsbok 0.049400 0.362100 0.080600 0.295300 0.044400 0.047400 0.054000 0.070600 0.082800 0.117000 0.042000 0.079100 0.029200 0.039400 0.064700 0.061100 0.114900 0.115300 0.036800 0.080600 0.061200 0.042300 0.120400 0.126000 0.042100 0.057400 0.027500 0.080600 0.052400 0.069500 0.127600 0.046200 0.115900 0.029400 0.000000 0.067900 0.049700 0.048200 0.081800 0.126300 0.124500 0.069200 0.111000 0.116800 0.071200 0.065200 0.064700 0.051800 0.058600 0.094600 0.082800 0.082400
Yak 0.088800 0.365700 0.063600 0.305300 0.065900 0.086700 0.081600 0.092700 0.065700 0.109400 0.081100 0.033300 0.073400 0.073800 0.084700 0.086900 0.099000 0.107600 0.075700 0.067500 0.087100 0.081400 0.114800 0.124700 0.081200 0.083100 0.069900 0.063600 0.072300 0.052500 0.120000 0.067900 0.106300 0.073900 0.067900 0.000000 0.090900 0.069900 0.110200 0.122900 0.118900 0.093600 0.103500 0.115500 0.014600 0.091100 0.090500 0.071500 0.091800 0.083300 0.065700 0.065400
BlueSheep 0.041600 0.386600 0.101500 0.319900 0.061000 0.039700 0.074700 0.089200 0.103800 0.140900 0.030700 0.102000 0.062600 0.068800 0.083400 0.083500 0.132600 0.143500 0.043900 0.105500 0.083700 0.030800 0.144600 0.150200 0.030700 0.079800 0.057300 0.101500 0.075000 0.090500 0.151700 0.068800 0.140000 0.059200 0.049700 0.090900 0.000000 0.066800 0.102600 0.150500 0.148800 0.091900 0.134900 0.140700 0.097900 0.087800 0.083200 0.070400 0.080800 0.113700 0.097800 0.103300
BohorReedb 0.068700 0.366200 0.082600 0.308100 0.010800 0.066700 0.061700 0.070600 0.088700 0.119200 0.061200 0.083100 0.059400 0.054000 0.070500 0.064900 0.117100 0.121700 0.052000 0.090500 0.065100 0.061400 0.122600 0.128200 0.061300 0.057400 0.054000 0.086500 0.056300 0.075400 0.129800 0.048300 0.122300 0.055900 0.048200 0.069900 0.066800 0.000000 0.083700 0.128500 0.126700 0.069300 0.113200 0.119000 0.077100 0.071000 0.068600 0.055700 0.070000 0.096700 0.088700 0.088300
KirksDik 0.098600 0.407300 0.120600 0.332400 0.079700 0.096500 0.099500 0.075000 0.125100 0.152700 0.092900 0.121400 0.087200 0.089700 0.106200 0.073200 0.150500 0.163800 0.085600 0.126800 0.077200 0.093200 0.154200 0.159900 0.093000 0.067700 0.081800 0.122800 0.064700 0.113600 0.163600 0.083800 0.153600 0.083800 0.081800 0.110200 0.102600 0.083700 0.000000 0.164600 0.162800 0.083400 0.146600 0.146100 0.117200 0.106900 0.076800 0.087400 0.107300 0.137200 0.125100 0.124500
RoeDeer 0.144000 0.372600 0.129600 0.308000 0.126200 0.141700 0.141000 0.156700 0.131900 0.063800 0.140100 0.130300 0.138300 0.130500 0.141600 0.135800 0.135000 0.135500 0.134700 0.133900 0.138200 0.140600 0.064500 0.074300 0.140300 0.133800 0.130500 0.133900 0.131400 0.122400 0.074000 0.124300 0.129500 0.134900 0.126300 0.122900 0.150500 0.128500 0.164600 0.000000 0.068500 0.147300 0.058000 0.069700 0.123900 0.146500 0.150000 0.127800 0.144600 0.121600 0.134300 0.131400
WhiteLippe 0.146500 0.369600 0.132000 0.315900 0.126500 0.144200 0.139300 0.155000 0.134500 0.040100 0.138400 0.126400 0.136500 0.128700 0.135600 0.140300 0.120200 0.124900 0.132900 0.132000 0.136400 0.134500 0.015200 0.060300 0.138500 0.138300 0.128700 0.132000 0.129600 0.120500 0.050000 0.122500 0.129800 0.133100 0.124500 0.118900 0.148800 0.126700 0.162800 0.068500 0.000000 0.147400 0.034400 0.055900 0.122000 0.140400 0.148200 0.128000 0.144800 0.117700 0.132400 0.133800
ThomsonGaz 0.089900 0.397300 0.110200 0.329500 0.067200 0.087800 0.084900 0.060800 0.112500 0.139500 0.082300 0.106800 0.080500 0.075100 0.091800 0.047600 0.129500 0.132000 0.076900 0.114200 0.059100 0.082500 0.143200 0.153400 0.082400 0.018000 0.075100 0.106200 0.042700 0.099100 0.150400 0.073200 0.130100 0.073200 0.069200 0.093600 0.091900 0.069300 0.083400 0.147300 0.147400 0.000000 0.133500 0.139600 0.098700 0.092400 0.058700 0.074700 0.093000 0.122700 0.112500 0.112000
MuntiacusC 0.132700 0.372300 0.114300 0.303200 0.113000 0.130400 0.125500 0.138900 0.116700 0.009200 0.124700 0.110900 0.122900 0.115200 0.122100 0.126600 0.114900 0.111100 0.119200 0.114300 0.122800 0.125000 0.030500 0.047900 0.124800 0.124600 0.115200 0.114300 0.115900 0.103000 0.018800 0.109000 0.115800 0.119500 0.111000 0.103500 0.134900 0.113200 0.146600 0.058000 0.034400 0.133500 0.000000 0.043700 0.106600 0.130900 0.134400 0.114600 0.131200 0.102500 0.114700 0.116100
WhiteTaile 0.138500 0.373400 0.130500 0.307000 0.118700 0.136200 0.129100 0.142600 0.135000 0.049400 0.130500 0.127000 0.128700 0.118900 0.132000 0.126200 0.127200 0.127600 0.125100 0.132600 0.124500 0.130800 0.048000 0.026400 0.130600 0.126300 0.121000 0.132600 0.117600 0.121200 0.057400 0.114800 0.130500 0.125300 0.116800 0.115500 0.140700 0.119000 0.146100 0.069700 0.055900 0.139600 0.043700 0.000000 0.122700 0.136700 0.131800 0.120300 0.136900 0.118400 0.133000 0.134300
Cattle 0.095900 0.370100 0.064900 0.300000 0.069100 0.089900 0.088800 0.099800 0.067000 0.112600 0.088200 0.036700 0.080600 0.077000 0.091700 0.094000 0.102200 0.110700 0.082900 0.064900 0.094200 0.088500 0.117900 0.127800 0.088300 0.088300 0.077100 0.064900 0.079500 0.053900 0.123100 0.075100 0.109400 0.081100 0.071200 0.014600 0.097900 0.077100 0.117200 0.123900 0.122000 0.098700 0.106600 0.122700 0.000000 0.098200 0.097600 0.078600 0.098800 0.086500 0.067000 0.066700
RoyalAntel 0.083800 0.389900 0.103700 0.323800 0.067000 0.081700 0.074800 0.093600 0.110000 0.136900 0.078200 0.098300 0.076400 0.063200 0.081700 0.082000 0.135100 0.139800 0.072900 0.111700 0.084100 0.078400 0.140500 0.141900 0.078300 0.080200 0.071000 0.107700 0.071500 0.096600 0.143500 0.061300 0.127500 0.073000 0.065200 0.091100 0.087800 0.071000 0.106900 0.146500 0.140400 0.092400 0.130900 0.136700 0.098200 0.000000 0.087500 0.074400 0.073400 0.118100 0.110000 0.109400
Steenbok 0.085100 0.385700 0.107000 0.320900 0.062700 0.083100 0.076300 0.056400 0.109300 0.140400 0.077600 0.101700 0.072000 0.070500 0.086900 0.045300 0.136200 0.140900 0.070400 0.111000 0.047300 0.077800 0.144000 0.145300 0.077700 0.043500 0.066600 0.107000 0.038500 0.096000 0.144800 0.068600 0.132900 0.068600 0.064700 0.090500 0.083200 0.068600 0.076800 0.150000 0.148200 0.058700 0.134400 0.131800 0.097600 0.087500 0.000000 0.074000 0.088200 0.107300 0.107300 0.108700
Impala 0.072300 0.369000 0.082100 0.306400 0.051800 0.070200 0.063300 0.076300 0.086300 0.120500 0.064700 0.082600 0.063000 0.053700 0.064300 0.066500 0.118500 0.123000 0.057500 0.088000 0.066700 0.061100 0.121900 0.129500 0.064800 0.062800 0.057600 0.084100 0.061700 0.073100 0.131100 0.050000 0.119400 0.059500 0.051800 0.071500 0.070400 0.055700 0.087400 0.127800 0.128000 0.074700 0.114600 0.120300 0.078600 0.074400 0.074000 0.000000 0.071500 0.098100 0.086300 0.085900
Klipspring 0.077000 0.394700 0.100200 0.326700 0.066100 0.075000 0.075600 0.090300 0.106400 0.137100 0.071400 0.102800 0.073500 0.066100 0.084400 0.075100 0.134900 0.139500 0.069900 0.108100 0.084900 0.075400 0.140700 0.146300 0.071500 0.081000 0.068100 0.100300 0.076200 0.093300 0.147800 0.064200 0.134200 0.070100 0.058600 0.091800 0.080800 0.070000 0.107300 0.144600 0.144800 0.093000 0.131200 0.136900 0.098800 0.073400 0.088200 0.071500 0.000000 0.116500 0.104500 0.105900
ForestMusk 0.115700 0.376200 0.094000 0.306900 0.096500 0.113500 0.102500 0.123600 0.092300 0.108400 0.107900 0.090500 0.106100 0.098500 0.109300 0.109700 0.110400 0.106700 0.102500 0.090200 0.110000 0.108200 0.113600 0.119200 0.108000 0.109900 0.098600 0.090100 0.103200 0.079100 0.118800 0.092600 0.115400 0.102800 0.094600 0.083300 0.113700 0.096700 0.137200 0.121600 0.117700 0.122700 0.102500 0.118400 0.086500 0.118100 0.107300 0.098100 0.116500 0.000000 0.092400 0.091900
Bushbuck 0.103700 0.375900 0.030900 0.298800 0.080700 0.101500 0.092500 0.113600 0.018000 0.120600 0.095900 0.076900 0.094100 0.088600 0.103400 0.105700 0.116600 0.127300 0.090600 0.023400 0.105900 0.092300 0.128300 0.138200 0.096100 0.099900 0.088700 0.019800 0.091200 0.016300 0.131200 0.086700 0.123800 0.092800 0.082800 0.065700 0.097800 0.088700 0.125100 0.134300 0.132400 0.112500 0.114700 0.133000 0.067000 0.110000 0.107300 0.086300 0.104500 0.092400 0.000000 0.021500
GreaterKud 0.107100 0.371100 0.030700 0.299800 0.082200 0.105000 0.096000 0.113000 0.021400 0.122000 0.099400 0.076500 0.093600 0.088200 0.102900 0.101200 0.120100 0.126700 0.094100 0.023300 0.105400 0.095800 0.129700 0.139500 0.099500 0.099400 0.088300 0.019700 0.090700 0.016200 0.132600 0.086300 0.123100 0.092300 0.082400 0.065400 0.103300 0.088300 0.124500 0.131400 0.133800 0.112000 0.116100 0.134300 0.066700 0.109400 0.108700 0.085900 0.105900 0.091900 0.021500 0.000000
