CODONML (in paml version 4.10.7, June 2023)  /home/rachel/ruminants_paml/6406-phy-tree/ENSBTAT00000014925.fasta.phy
Model: free dN/dS Ratios for branches,  kappa = 2.000 fixed

Codon frequency model: F3x4
ns =  54  ls = 110

Codon usage in sequences
--------------------------------------------------------------------------------------------------------------------------------------
Phe TTT   6   6   6   6   6   5 | Ser TCT   0   0   1   0   0   0 | Tyr TAT   5   5   5   5   6   5 | Cys TGT   0   0   0   0   0   0
    TTC   0   0   0   0   0   1 |     TCC   1   1   0   1   1   1 |     TAC   1   1   1   1   0   1 |     TGC   0   0   0   0   0   0
Leu TTA   4   2   4   4   2   2 |     TCA   1   1   0   0   0   0 | *** TAA   0   0   0   0   0   0 | *** TGA   0   0   0   0   0   0
    TTG   1   2   1   1   2   2 |     TCG   0   0   1   1   1   1 |     TAG   0   0   0   0   0   0 | Trp TGG   2   2   2   2   2   2
--------------------------------------------------------------------------------------------------------------------------------------
Leu CTT   0   0   0   0   0   0 | Pro CCT   2   2   2   2   2   2 | His CAT   3   2   3   3   2   3 | Arg CGT   1   1   1   1   1   1
    CTC   5   5   5   4   5   4 |     CCC   0   0   0   0   0   0 |     CAC   0   1   0   0   1   0 |     CGC   0   0   0   0   0   0
    CTA   2   3   2   2   2   3 |     CCA   0   1   1   0   1   1 | Gln CAA   3   4   4   4   4   4 |     CGA   1   1   1   1   1   1
    CTG   2   2   2   3   3   3 |     CCG   1   0   0   1   0   0 |     CAG   1   0   0   0   0   0 |     CGG   0   0   0   0   0   0
--------------------------------------------------------------------------------------------------------------------------------------
Ile ATT   4   4   4   4   4   4 | Thr ACT   1   1   1   1   1   1 | Asn AAT   5   5   5   5   4   5 | Ser AGT   1   0   2   2   2   2
    ATC   3   3   3   3   3   3 |     ACC   1   1   1   1   1   1 |     AAC   0   0   0   0   1   0 |     AGC   1   2   0   0   0   0
    ATA   1   1   1   1   1   1 |     ACA   0   0   0   0   0   0 | Lys AAA   5   5   5   5   4   5 | Arg AGA   1   2   1   1   1   1
Met ATG   4   4   4   4   4   4 |     ACG   1   1   1   1   1   1 |     AAG   3   3   3   3   4   3 |     AGG   1   0   1   1   1   1
--------------------------------------------------------------------------------------------------------------------------------------
Val GTT   2   3   2   2   4   2 | Ala GCT   1   0   1   0   0   0 | Asp GAT   4   3   3   3   3   3 | Gly GGT   1   1   1   1   1   1
    GTC   5   5   5   5   3   4 |     GCC   0   1   0   1   0   0 |     GAC   1   2   2   2   2   2 |     GGC   1   1   1   1   1   1
    GTA   1   2   1   1   2   3 |     GCA   2   2   3   2   1   2 | Glu GAA   1   1   1   1   1   1 |     GGA   6   6   6   6   6   5
    GTG   6   4   6   6   5   5 |     GCG   1   1   0   1   2   2 |     GAG   2   2   2   2   2   2 |     GGG   2   2   2   2   3   3
--------------------------------------------------------------------------------------------------------------------------------------

--------------------------------------------------------------------------------------------------------------------------------------
Phe TTT   6   6   6   6   6   6 | Ser TCT   0   0   0   0   0   0 | Tyr TAT   6   5   6   6   5   5 | Cys TGT   0   0   0   0   0   0
    TTC   0   0   0   0   0   0 |     TCC   1   1   1   1   1   1 |     TAC   0   1   0   0   1   1 |     TGC   0   0   0   0   0   0
Leu TTA   4   4   4   3   4   4 |     TCA   0   1   0   0   0   0 | *** TAA   0   0   0   0   0   0 | *** TGA   0   0   0   0   0   0
    TTG   1   1   1   1   1   1 |     TCG   1   0   1   1   1   1 |     TAG   0   0   0   0   0   0 | Trp TGG   2   2   2   2   2   2
--------------------------------------------------------------------------------------------------------------------------------------
Leu CTT   0   0   0   0   0   0 | Pro CCT   2   2   2   2   2   2 | His CAT   3   3   3   3   3   3 | Arg CGT   1   1   1   1   1   1
    CTC   5   5   5   5   5   5 |     CCC   0   0   0   0   0   0 |     CAC   0   0   0   0   0   0 |     CGC   0   0   0   0   0   0
    CTA   2   2   2   3   1   2 |     CCA   0   0   0   0   1   0 | Gln CAA   4   4   4   4   4   4 |     CGA   1   1   1   1   1   1
    CTG   2   2   2   2   3   2 |     CCG   1   1   1   1   0   1 |     CAG   0   0   0   0   0   0 |     CGG   0   0   0   0   0   0
--------------------------------------------------------------------------------------------------------------------------------------
Ile ATT   3   4   4   4   4   4 | Thr ACT   1   1   1   1   1   1 | Asn AAT   5   5   5   5   5   5 | Ser AGT   0   2   1   2   2   2
    ATC   4   3   3   3   3   3 |     ACC   1   1   1   1   1   1 |     AAC   0   0   0   0   0   0 |     AGC   2   0   1   0   0   0
    ATA   1   1   1   1   1   1 |     ACA   0   0   0   0   0   0 | Lys AAA   5   5   5   5   5   5 | Arg AGA   1   1   1   1   1   1
Met ATG   4   4   4   4   4   4 |     ACG   1   1   1   1   1   1 |     AAG   3   3   3   3   3   3 |     AGG   1   1   1   1   1   1
--------------------------------------------------------------------------------------------------------------------------------------
Val GTT   3   2   2   2   2   3 | Ala GCT   1   1   1   1   1   1 | Asp GAT   4   4   4   4   3   3 | Gly GGT   1   1   1   2   1   1
    GTC   5   5   5   5   5   4 |     GCC   0   0   0   0   0   0 |     GAC   1   1   1   1   2   2 |     GGC   1   1   1   0   1   1
    GTA   1   1   1   1   1   1 |     GCA   2   2   3   2   3   2 | Glu GAA   1   1   1   1   1   1 |     GGA   7   6   6   6   6   5
    GTG   5   6   6   6   6   6 |     GCG   1   1   0   1   0   1 |     GAG   2   2   2   2   2   2 |     GGG   1   2   2   2   2   3
--------------------------------------------------------------------------------------------------------------------------------------

--------------------------------------------------------------------------------------------------------------------------------------
Phe TTT   6   6   6   6   6   6 | Ser TCT   0   0   0   0   0   0 | Tyr TAT   4   5   6   6   6   6 | Cys TGT   0   0   0   0   0   0
    TTC   0   0   0   0   0   0 |     TCC   1   1   1   1   1   1 |     TAC   2   1   0   0   0   0 |     TGC   0   0   0   0   0   0
Leu TTA   4   4   5   4   3   3 |     TCA   1   0   0   0   0   0 | *** TAA   0   0   0   0   0   0 | *** TGA   0   0   0   0   0   0
    TTG   1   1   1   1   2   1 |     TCG   0   1   1   1   1   1 |     TAG   0   0   0   0   0   0 | Trp TGG   2   2   2   2   2   2
--------------------------------------------------------------------------------------------------------------------------------------
Leu CTT   0   0   0   0   0   0 | Pro CCT   2   2   2   2   2   2 | His CAT   3   3   3   3   3   3 | Arg CGT   1   1   1   1   1   1
    CTC   5   6   5   5   5   5 |     CCC   0   0   0   0   1   0 |     CAC   0   0   0   0   0   0 |     CGC   0   0   0   0   0   0
    CTA   2   1   1   2   1   3 |     CCA   0   1   0   0   0   0 | Gln CAA   4   4   4   4   4   4 |     CGA   1   1   1   1   1   1
    CTG   2   2   2   2   3   2 |     CCG   1   0   1   1   0   1 |     CAG   0   0   0   0   0   0 |     CGG   0   0   0   0   0   0
--------------------------------------------------------------------------------------------------------------------------------------
Ile ATT   4   4   4   4   4   4 | Thr ACT   1   1   1   1   1   1 | Asn AAT   5   5   5   5   4   5 | Ser AGT   1   2   1   1   1   2
    ATC   3   3   3   3   3   3 |     ACC   1   1   1   1   1   1 |     AAC   0   0   0   0   1   0 |     AGC   1   0   1   1   1   0
    ATA   1   1   0   1   1   1 |     ACA   0   0   0   0   0   0 | Lys AAA   5   5   5   5   5   5 | Arg AGA   1   1   1   1   1   1
Met ATG   4   4   4   4   4   4 |     ACG   1   1   1   1   1   1 |     AAG   3   3   3   3   3   3 |     AGG   1   1   1   1   1   1
--------------------------------------------------------------------------------------------------------------------------------------
Val GTT   2   2   2   2   2   2 | Ala GCT   1   1   1   1   1   1 | Asp GAT   4   3   4   4   4   4 | Gly GGT   1   1   1   1   1   1
    GTC   5   5   6   5   5   5 |     GCC   0   0   0   0   0   0 |     GAC   1   2   1   1   1   1 |     GGC   1   1   1   1   1   1
    GTA   1   1   1   1   1   1 |     GCA   2   2   2   2   3   2 | Glu GAA   1   1   0   1   1   1 |     GGA   6   6   5   6   6   6
    GTG   6   6   6   6   6   6 |     GCG   1   1   1   1   0   1 |     GAG   2   2   3   2   2   2 |     GGG   2   2   3   2   2   2
--------------------------------------------------------------------------------------------------------------------------------------

--------------------------------------------------------------------------------------------------------------------------------------
Phe TTT   6   6   6   6   6   6 | Ser TCT   0   0   0   0   0   0 | Tyr TAT   4   4   6   5   6   5 | Cys TGT   0   0   0   0   0   0
    TTC   0   0   0   0   0   0 |     TCC   1   1   1   1   1   1 |     TAC   2   2   0   1   0   1 |     TGC   0   0   0   0   0   0
Leu TTA   3   3   4   4   3   4 |     TCA   1   1   1   0   0   1 | *** TAA   0   0   0   0   0   0 | *** TGA   0   0   0   0   0   0
    TTG   1   1   1   1   1   1 |     TCG   0   0   0   1   1   0 |     TAG   0   0   0   0   0   0 | Trp TGG   2   2   2   2   2   2
--------------------------------------------------------------------------------------------------------------------------------------
Leu CTT   0   0   0   0   0   0 | Pro CCT   2   2   2   2   2   2 | His CAT   3   3   3   3   3   3 | Arg CGT   1   1   1   1   1   1
    CTC   5   5   5   5   5   5 |     CCC   0   0   0   0   0   0 |     CAC   0   0   0   0   0   0 |     CGC   0   0   0   0   0   0
    CTA   3   3   2   2   3   2 |     CCA   0   0   0   1   0   0 | Gln CAA   4   4   4   4   4   4 |     CGA   1   1   1   1   1   1
    CTG   2   2   2   2   2   2 |     CCG   1   1   1   0   1   1 |     CAG   0   0   0   0   0   0 |     CGG   0   0   0   0   0   0
--------------------------------------------------------------------------------------------------------------------------------------
Ile ATT   4   4   4   4   4   4 | Thr ACT   1   1   1   1   1   1 | Asn AAT   5   5   5   5   5   5 | Ser AGT   2   2   1   2   2   1
    ATC   3   3   3   3   3   3 |     ACC   1   1   1   1   1   1 |     AAC   0   0   0   0   0   0 |     AGC   0   0   1   0   0   1
    ATA   1   1   1   1   1   1 |     ACA   0   0   0   0   0   0 | Lys AAA   5   5   5   5   5   5 | Arg AGA   1   1   1   1   1   1
Met ATG   4   4   4   4   4   4 |     ACG   1   1   1   1   1   1 |     AAG   3   3   3   3   3   3 |     AGG   1   1   1   1   1   1
--------------------------------------------------------------------------------------------------------------------------------------
Val GTT   3   3   2   2   2   2 | Ala GCT   1   1   1   1   1   1 | Asp GAT   3   3   4   3   4   4 | Gly GGT   1   1   1   1   1   1
    GTC   4   4   5   5   5   5 |     GCC   0   0   0   0   0   0 |     GAC   2   2   1   2   1   1 |     GGC   1   1   1   1   1   1
    GTA   1   1   1   1   1   1 |     GCA   2   2   2   3   2   2 | Glu GAA   1   1   1   1   1   1 |     GGA   5   5   6   6   5   6
    GTG   6   6   6   6   6   6 |     GCG   1   1   1   0   1   1 |     GAG   2   2   2   2   2   2 |     GGG   3   3   2   2   3   2
--------------------------------------------------------------------------------------------------------------------------------------

--------------------------------------------------------------------------------------------------------------------------------------
Phe TTT   6   6   6   6   6   6 | Ser TCT   0   0   0   0   0   0 | Tyr TAT   5   5   4   6   6   6 | Cys TGT   0   0   0   0   0   0
    TTC   0   0   0   0   0   0 |     TCC   1   1   1   1   1   1 |     TAC   1   1   2   0   0   0 |     TGC   0   0   0   0   0   0
Leu TTA   4   4   4   3   5   4 |     TCA   0   0   1   1   0   0 | *** TAA   0   0   0   0   0   0 | *** TGA   0   0   0   0   0   0
    TTG   1   1   1   1   1   1 |     TCG   1   1   0   0   1   1 |     TAG   0   0   0   0   0   0 | Trp TGG   2   2   2   2   2   2
--------------------------------------------------------------------------------------------------------------------------------------
Leu CTT   0   0   0   0   0   0 | Pro CCT   2   2   2   2   2   2 | His CAT   3   3   3   2   3   3 | Arg CGT   1   1   1   1   1   1
    CTC   5   5   5   5   5   5 |     CCC   0   0   0   0   0   0 |     CAC   0   0   0   1   0   0 |     CGC   0   0   0   0   0   0
    CTA   2   2   2   3   1   2 |     CCA   0   0   0   0   0   1 | Gln CAA   4   4   4   4   4   4 |     CGA   1   1   1   1   1   1
    CTG   2   2   2   2   2   2 |     CCG   1   1   1   1   1   0 |     CAG   0   0   0   0   0   0 |     CGG   0   0   0   0   0   0
--------------------------------------------------------------------------------------------------------------------------------------
Ile ATT   4   4   4   4   4   4 | Thr ACT   1   1   1   1   1   1 | Asn AAT   5   5   5   4   5   5 | Ser AGT   2   2   1   2   1   2
    ATC   3   3   3   3   3   3 |     ACC   1   1   1   1   1   1 |     AAC   0   0   0   1   0   0 |     AGC   0   0   1   0   1   0
    ATA   1   1   1   1   0   1 |     ACA   0   0   0   0   0   0 | Lys AAA   5   5   5   5   5   5 | Arg AGA   1   1   1   1   1   1
Met ATG   4   4   4   4   4   4 |     ACG   1   1   1   1   1   1 |     AAG   3   3   3   3   3   3 |     AGG   1   1   1   1   1   1
--------------------------------------------------------------------------------------------------------------------------------------
Val GTT   3   3   2   2   2   2 | Ala GCT   1   1   1   1   1   1 | Asp GAT   3   3   4   4   4   3 | Gly GGT   1   1   1   1   1   1
    GTC   4   4   5   5   6   5 |     GCC   0   0   0   0   0   0 |     GAC   2   2   1   1   1   2 |     GGC   1   1   1   1   1   1
    GTA   1   1   1   1   1   1 |     GCA   3   2   2   2   2   3 | Glu GAA   1   1   1   1   0   1 |     GGA   5   6   6   6   5   6
    GTG   6   6   6   6   6   6 |     GCG   0   1   1   1   1   0 |     GAG   2   2   2   2   3   2 |     GGG   3   2   2   2   3   2
--------------------------------------------------------------------------------------------------------------------------------------

--------------------------------------------------------------------------------------------------------------------------------------
Phe TTT   6   6   6   6   6   6 | Ser TCT   0   0   0   0   0   0 | Tyr TAT   6   5   5   6   5   6 | Cys TGT   0   0   0   0   0   0
    TTC   0   0   0   0   0   0 |     TCC   1   1   1   1   1   1 |     TAC   0   1   1   0   1   0 |     TGC   0   0   0   0   0   0
Leu TTA   3   4   4   4   3   5 |     TCA   0   0   0   0   0   0 | *** TAA   0   0   0   0   0   0 | *** TGA   0   0   0   0   0   0
    TTG   1   1   1   1   1   1 |     TCG   1   1   1   1   1   1 |     TAG   0   0   0   0   0   0 | Trp TGG   2   2   2   2   2   2
--------------------------------------------------------------------------------------------------------------------------------------
Leu CTT   0   0   0   0   0   0 | Pro CCT   2   2   2   2   2   2 | His CAT   3   3   3   3   3   3 | Arg CGT   1   1   1   1   1   1
    CTC   5   5   5   5   5   5 |     CCC   0   0   0   0   0   0 |     CAC   0   0   0   0   0   0 |     CGC   0   0   0   0   0   0
    CTA   3   2   2   2   3   1 |     CCA   0   1   0   0   0   0 | Gln CAA   4   4   4   4   4   4 |     CGA   1   1   1   1   1   1
    CTG   2   2   2   2   2   2 |     CCG   1   0   1   1   1   1 |     CAG   0   0   0   0   0   0 |     CGG   0   0   0   0   0   0
--------------------------------------------------------------------------------------------------------------------------------------
Ile ATT   4   4   4   4   4   4 | Thr ACT   1   1   1   1   1   1 | Asn AAT   5   5   5   5   5   5 | Ser AGT   2   2   2   1   2   1
    ATC   3   3   3   3   3   3 |     ACC   1   1   1   1   1   1 |     AAC   0   0   0   0   0   0 |     AGC   0   0   0   1   0   1
    ATA   1   1   1   1   1   0 |     ACA   0   0   0   0   0   0 | Lys AAA   5   5   5   4   4   5 | Arg AGA   1   1   1   1   1   1
Met ATG   4   4   4   4   4   4 |     ACG   1   1   1   1   1   1 |     AAG   3   3   3   4   4   3 |     AGG   1   1   1   1   1   1
--------------------------------------------------------------------------------------------------------------------------------------
Val GTT   2   2   3   3   3   2 | Ala GCT   1   1   1   1   1   1 | Asp GAT   4   3   3   4   3   4 | Gly GGT   1   1   1   1   1   1
    GTC   5   5   4   4   4   6 |     GCC   0   0   0   0   0   0 |     GAC   1   2   2   1   2   1 |     GGC   1   1   1   1   1   1
    GTA   1   1   1   1   1   1 |     GCA   2   3   2   2   3   2 | Glu GAA   1   1   1   1   1   0 |     GGA   6   6   5   6   5   5
    GTG   6   6   6   6   6   6 |     GCG   1   0   1   1   0   1 |     GAG   2   2   2   2   2   3 |     GGG   2   2   3   2   3   3
--------------------------------------------------------------------------------------------------------------------------------------

--------------------------------------------------------------------------------------------------------------------------------------
Phe TTT   6   6   6   6   6   6 | Ser TCT   0   0   0   0   0   0 | Tyr TAT   6   5   4   6   6   5 | Cys TGT   0   0   0   0   0   0
    TTC   0   0   0   0   0   0 |     TCC   1   1   1   1   1   1 |     TAC   0   1   2   0   0   1 |     TGC   0   0   0   0   0   0
Leu TTA   4   4   4   4   3   4 |     TCA   0   0   1   0   0   0 | *** TAA   0   0   0   0   0   0 | *** TGA   0   0   0   0   0   0
    TTG   1   1   1   1   1   1 |     TCG   1   1   0   1   1   1 |     TAG   0   0   0   0   0   0 | Trp TGG   2   2   2   2   2   2
--------------------------------------------------------------------------------------------------------------------------------------
Leu CTT   0   0   0   0   0   0 | Pro CCT   2   2   2   2   2   2 | His CAT   3   3   3   3   3   3 | Arg CGT   1   1   1   1   1   1
    CTC   5   5   5   5   5   5 |     CCC   0   0   0   0   0   0 |     CAC   0   0   0   0   0   0 |     CGC   0   0   0   0   0   0
    CTA   2   2   2   2   3   2 |     CCA   1   1   0   1   0   0 | Gln CAA   4   4   4   4   4   4 |     CGA   1   1   1   1   1   1
    CTG   2   2   2   2   2   2 |     CCG   0   0   1   0   1   1 |     CAG   0   0   0   0   0   0 |     CGG   0   0   0   0   0   0
--------------------------------------------------------------------------------------------------------------------------------------
Ile ATT   4   4   4   3   4   4 | Thr ACT   1   1   1   1   1   1 | Asn AAT   5   5   5   5   5   5 | Ser AGT   1   2   1   1   2   2
    ATC   3   3   3   4   3   3 |     ACC   1   1   1   1   1   1 |     AAC   0   0   0   0   0   0 |     AGC   1   0   1   1   0   0
    ATA   1   1   1   1   1   1 |     ACA   0   0   0   0   0   0 | Lys AAA   5   5   5   5   5   5 | Arg AGA   1   1   1   1   1   1
Met ATG   4   4   4   4   4   4 |     ACG   1   1   1   1   1   1 |     AAG   3   3   3   3   3   3 |     AGG   1   1   1   1   1   1
--------------------------------------------------------------------------------------------------------------------------------------
Val GTT   2   2   2   2   2   3 | Ala GCT   1   1   1   1   1   1 | Asp GAT   3   3   4   4   4   3 | Gly GGT   1   1   1   1   1   1
    GTC   5   5   5   6   5   4 |     GCC   0   0   0   0   0   0 |     GAC   2   2   1   1   1   2 |     GGC   1   1   1   1   1   1
    GTA   1   1   1   1   1   1 |     GCA   3   2   2   2   2   2 | Glu GAA   1   1   1   1   1   1 |     GGA   6   6   6   7   6   6
    GTG   6   6   6   5   6   6 |     GCG   0   1   1   1   1   1 |     GAG   2   2   2   2   2   2 |     GGG   2   2   2   1   2   2
--------------------------------------------------------------------------------------------------------------------------------------

--------------------------------------------------------------------------------------------------------------------------------------
Phe TTT   6   5   6   6   6   6 | Ser TCT   0   0   0   0   0   0 | Tyr TAT   5   6   5   6   5   5 | Cys TGT   0   0   0   0   0   0
    TTC   0   1   0   0   0   0 |     TCC   1   1   1   1   1   1 |     TAC   1   0   1   0   1   1 |     TGC   0   0   0   0   0   0
Leu TTA   4   3   4   4   4   3 |     TCA   0   1   0   0   0   0 | *** TAA   0   0   0   0   0   0 | *** TGA   0   0   0   0   0   0
    TTG   1   1   1   1   1   1 |     TCG   1   0   1   1   1   1 |     TAG   0   0   0   0   0   0 | Trp TGG   2   2   2   2   2   2
--------------------------------------------------------------------------------------------------------------------------------------
Leu CTT   1   0   0   0   0   0 | Pro CCT   2   2   2   2   2   2 | His CAT   3   2   3   3   3   3 | Arg CGT   1   1   1   1   1   1
    CTC   4   5   5   5   5   5 |     CCC   0   0   0   0   0   0 |     CAC   0   1   0   0   0   0 |     CGC   0   0   0   0   0   0
    CTA   2   3   2   2   2   3 |     CCA   0   0   0   1   1   0 | Gln CAA   3   4   4   4   4   4 |     CGA   1   1   1   1   1   1
    CTG   2   2   2   2   2   2 |     CCG   1   1   1   0   0   1 |     CAG   1   0   0   0   0   0 |     CGG   0   0   0   0   0   0
--------------------------------------------------------------------------------------------------------------------------------------
Ile ATT   4   4   4   4   4   4 | Thr ACT   1   1   1   1   1   1 | Asn AAT   5   5   5   5   5   5 | Ser AGT   2   2   2   2   2   1
    ATC   3   3   3   3   3   3 |     ACC   1   1   1   1   1   1 |     AAC   0   0   0   0   0   0 |     AGC   0   0   0   0   0   1
    ATA   1   1   1   1   1   1 |     ACA   0   0   0   0   0   0 | Lys AAA   5   5   5   5   5   5 | Arg AGA   1   1   1   1   1   1
Met ATG   4   4   4   4   4   4 |     ACG   1   1   1   1   1   1 |     AAG   3   3   3   3   3   3 |     AGG   1   1   1   1   1   1
--------------------------------------------------------------------------------------------------------------------------------------
Val GTT   3   2   3   3   2   2 | Ala GCT   1   1   1   1   1   1 | Asp GAT   3   4   3   3   3   3 | Gly GGT   1   1   1   1   1   1
    GTC   4   5   4   4   5   5 |     GCC   0   0   0   0   0   0 |     GAC   2   1   2   2   2   2 |     GGC   1   1   1   1   1   1
    GTA   1   1   1   1   1   1 |     GCA   2   2   2   2   2   2 | Glu GAA   1   1   1   1   1   1 |     GGA   5   6   5   5   6   6
    GTG   6   6   6   6   6   6 |     GCG   1   1   1   1   1   1 |     GAG   2   2   2   2   2   2 |     GGG   3   2   3   3   2   2
--------------------------------------------------------------------------------------------------------------------------------------

--------------------------------------------------------------------------------------------------------------------------------------
Phe TTT   6   6   6   6   6   6 | Ser TCT   0   0   0   0   0   0 | Tyr TAT   6   6   5   5   5   5 | Cys TGT   0   0   0   0   0   0
    TTC   0   0   0   0   0   0 |     TCC   1   1   1   1   1   1 |     TAC   0   0   1   1   1   1 |     TGC   0   0   0   0   0   0
Leu TTA   3   4   3   4   4   4 |     TCA   0   0   0   0   0   0 | *** TAA   0   0   0   0   0   0 | *** TGA   0   0   0   0   0   0
    TTG   1   1   1   1   1   1 |     TCG   1   1   1   1   1   1 |     TAG   0   0   0   0   0   0 | Trp TGG   2   2   2   2   2   2
--------------------------------------------------------------------------------------------------------------------------------------
Leu CTT   0   0   0   0   0   0 | Pro CCT   2   2   2   2   2   2 | His CAT   3   2   3   3   3   3 | Arg CGT   1   1   1   1   1   1
    CTC   5   5   5   4   5   5 |     CCC   0   0   0   0   0   0 |     CAC   0   1   0   0   0   0 |     CGC   0   0   0   0   0   0
    CTA   3   2   2   2   1   2 |     CCA   0   1   0   0   1   1 | Gln CAA   4   4   4   4   4   4 |     CGA   1   1   1   1   1   1
    CTG   2   2   3   3   3   2 |     CCG   1   0   1   1   0   0 |     CAG   0   0   0   0   0   0 |     CGG   0   0   0   0   0   0
--------------------------------------------------------------------------------------------------------------------------------------
Ile ATT   4   4   4   4   4   4 | Thr ACT   1   1   1   1   1   1 | Asn AAT   5   5   5   5   5   5 | Ser AGT   2   1   1   2   2   2
    ATC   3   3   3   3   3   3 |     ACC   1   1   1   1   1   1 |     AAC   0   0   0   0   0   0 |     AGC   0   1   1   0   0   0
    ATA   1   1   1   1   1   1 |     ACA   0   0   0   0   0   0 | Lys AAA   5   5   6   5   5   5 | Arg AGA   1   1   1   1   1   1
Met ATG   4   4   4   4   4   4 |     ACG   1   1   1   1   1   1 |     AAG   3   3   2   3   3   3 |     AGG   1   1   1   1   1   1
--------------------------------------------------------------------------------------------------------------------------------------
Val GTT   2   2   2   2   2   2 | Ala GCT   1   1   1   0   1   1 | Asp GAT   3   3   4   3   3   3 | Gly GGT   1   1   1   1   1   1
    GTC   5   5   5   5   5   5 |     GCC   0   0   0   1   0   0 |     GAC   2   2   1   2   2   2 |     GGC   1   1   1   1   1   1
    GTA   1   1   1   1   1   1 |     GCA   2   3   2   2   3   3 | Glu GAA   1   1   1   1   1   1 |     GGA   6   6   6   6   6   6
    GTG   6   6   6   6   6   6 |     GCG   1   0   1   1   0   0 |     GAG   2   2   2   2   2   2 |     GGG   2   2   2   2   2   2
--------------------------------------------------------------------------------------------------------------------------------------

Codon position x base (3x4) table for each sequence.

#1: Argali         
position  1:    T:0.19091    C:0.19091    A:0.29091    G:0.32727
position  2:    T:0.41818    C:0.10909    A:0.30909    G:0.16364
position  3:    T:0.32727    C:0.17273    A:0.25455    G:0.24545
Average         T:0.31212    C:0.15758    A:0.28485    G:0.24545

#2: LesserMouseDeer
position  1:    T:0.18182    C:0.20000    A:0.29091    G:0.32727
position  2:    T:0.41818    C:0.10909    A:0.30909    G:0.16364
position  3:    T:0.30000    C:0.20909    A:0.28182    G:0.20909
Average         T:0.30000    C:0.17273    A:0.29394    G:0.23333

#3: LesserKudu     
position  1:    T:0.19091    C:0.19091    A:0.29091    G:0.32727
position  2:    T:0.41818    C:0.10909    A:0.30909    G:0.16364
position  3:    T:0.33636    C:0.16364    A:0.27273    G:0.22727
Average         T:0.31515    C:0.15455    A:0.29091    G:0.23939

#4: ForestMuskDeer2
position  1:    T:0.19091    C:0.19091    A:0.29091    G:0.32727
position  2:    T:0.41818    C:0.10909    A:0.30909    G:0.16364
position  3:    T:0.31818    C:0.17273    A:0.25455    G:0.25455
Average         T:0.30909    C:0.15758    A:0.28485    G:0.24848

#5: Camel          
position  1:    T:0.18182    C:0.20000    A:0.29091    G:0.32727
position  2:    T:0.41818    C:0.10000    A:0.30909    G:0.17273
position  3:    T:0.32727    C:0.16364    A:0.23636    G:0.27273
Average         T:0.30909    C:0.15455    A:0.27879    G:0.25758

#6: KillerWhale    
position  1:    T:0.18182    C:0.20000    A:0.29091    G:0.32727
position  2:    T:0.41818    C:0.10909    A:0.30909    G:0.16364
position  3:    T:0.30909    C:0.16364    A:0.26364    G:0.26364
Average         T:0.30303    C:0.15758    A:0.28788    G:0.25152

#7: DefassaWaterbuck
position  1:    T:0.19091    C:0.19091    A:0.29091    G:0.32727
position  2:    T:0.41818    C:0.10909    A:0.30909    G:0.16364
position  3:    T:0.32727    C:0.18182    A:0.26364    G:0.22727
Average         T:0.31212    C:0.16061    A:0.28788    G:0.23939

#8: Sheep          
position  1:    T:0.19091    C:0.19091    A:0.29091    G:0.32727
position  2:    T:0.41818    C:0.10909    A:0.30909    G:0.16364
position  3:    T:0.33636    C:0.16364    A:0.26364    G:0.23636
Average         T:0.31515    C:0.15455    A:0.28788    G:0.24242

#9: MaxwellsDuiker 
position  1:    T:0.19091    C:0.19091    A:0.29091    G:0.32727
position  2:    T:0.41818    C:0.10909    A:0.30909    G:0.16364
position  3:    T:0.33636    C:0.16364    A:0.26364    G:0.23636
Average         T:0.31515    C:0.15455    A:0.28788    G:0.24242

#10: GazellaPrzewalskyi
position  1:    T:0.18182    C:0.20000    A:0.29091    G:0.32727
position  2:    T:0.41818    C:0.10909    A:0.30909    G:0.16364
position  3:    T:0.35455    C:0.14545    A:0.25455    G:0.24545
Average         T:0.31818    C:0.15152    A:0.28485    G:0.24545

#11: MountainNyala  
position  1:    T:0.19091    C:0.19091    A:0.29091    G:0.32727
position  2:    T:0.41818    C:0.10909    A:0.30909    G:0.16364
position  3:    T:0.32727    C:0.17273    A:0.26364    G:0.23636
Average         T:0.31212    C:0.15758    A:0.28788    G:0.24242

#12: MuntiacusMuntjak
position  1:    T:0.19091    C:0.19091    A:0.29091    G:0.32727
position  2:    T:0.41818    C:0.10909    A:0.30909    G:0.16364
position  3:    T:0.33636    C:0.16364    A:0.24545    G:0.25455
Average         T:0.31515    C:0.15455    A:0.28182    G:0.24848

#13: goat           
position  1:    T:0.19091    C:0.19091    A:0.29091    G:0.32727
position  2:    T:0.41818    C:0.10909    A:0.30909    G:0.16364
position  3:    T:0.31818    C:0.18182    A:0.26364    G:0.23636
Average         T:0.30909    C:0.16061    A:0.28788    G:0.24242

#14: AfricanBuffalo 
position  1:    T:0.19091    C:0.19091    A:0.29091    G:0.32727
position  2:    T:0.41818    C:0.10909    A:0.30909    G:0.16364
position  3:    T:0.32727    C:0.18182    A:0.25455    G:0.23636
Average         T:0.31212    C:0.16061    A:0.28485    G:0.24242

#15: Topi           
position  1:    T:0.20000    C:0.18182    A:0.28182    G:0.33636
position  2:    T:0.41818    C:0.10909    A:0.30909    G:0.16364
position  3:    T:0.33636    C:0.17273    A:0.22727    G:0.26364
Average         T:0.31818    C:0.15455    A:0.27273    G:0.25455

#16: CommonDuiker   
position  1:    T:0.19091    C:0.19091    A:0.29091    G:0.32727
position  2:    T:0.41818    C:0.10909    A:0.30909    G:0.16364
position  3:    T:0.33636    C:0.16364    A:0.25455    G:0.24545
Average         T:0.31515    C:0.15455    A:0.28485    G:0.24545

#17: Suni           
position  1:    T:0.19091    C:0.19091    A:0.29091    G:0.32727
position  2:    T:0.41818    C:0.10909    A:0.30909    G:0.16364
position  3:    T:0.32727    C:0.18182    A:0.24545    G:0.24545
Average         T:0.31212    C:0.16061    A:0.28182    G:0.24545

#18: Springbuck     
position  1:    T:0.18182    C:0.20000    A:0.29091    G:0.32727
position  2:    T:0.41818    C:0.10909    A:0.30909    G:0.16364
position  3:    T:0.34545    C:0.15455    A:0.25455    G:0.24545
Average         T:0.31515    C:0.15455    A:0.28485    G:0.24545

#19: Okapi          
position  1:    T:0.18182    C:0.20000    A:0.29091    G:0.32727
position  2:    T:0.41818    C:0.10909    A:0.30909    G:0.16364
position  3:    T:0.32727    C:0.17273    A:0.25455    G:0.24545
Average         T:0.30909    C:0.16061    A:0.28485    G:0.24545

#20: Giraffe        
position  1:    T:0.18182    C:0.20000    A:0.29091    G:0.32727
position  2:    T:0.41818    C:0.10909    A:0.30909    G:0.16364
position  3:    T:0.32727    C:0.17273    A:0.25455    G:0.24545
Average         T:0.30909    C:0.16061    A:0.28485    G:0.24545

#21: TibetanAntelope
position  1:    T:0.19091    C:0.19091    A:0.29091    G:0.32727
position  2:    T:0.41818    C:0.10909    A:0.30909    G:0.16364
position  3:    T:0.33636    C:0.16364    A:0.26364    G:0.23636
Average         T:0.31515    C:0.15455    A:0.28788    G:0.24242

#22: Sitatunga      
position  1:    T:0.19091    C:0.19091    A:0.29091    G:0.32727
position  2:    T:0.41818    C:0.10909    A:0.30909    G:0.16364
position  3:    T:0.32727    C:0.17273    A:0.27273    G:0.22727
Average         T:0.31212    C:0.15758    A:0.29091    G:0.23939

#23: Oribi          
position  1:    T:0.18182    C:0.20000    A:0.29091    G:0.32727
position  2:    T:0.41818    C:0.10909    A:0.30909    G:0.16364
position  3:    T:0.34545    C:0.15455    A:0.24545    G:0.25455
Average         T:0.31515    C:0.15455    A:0.28182    G:0.24848

#24: BarbarySheep   
position  1:    T:0.19091    C:0.19091    A:0.29091    G:0.32727
position  2:    T:0.41818    C:0.10909    A:0.30909    G:0.16364
position  3:    T:0.32727    C:0.17273    A:0.26364    G:0.23636
Average         T:0.31212    C:0.15758    A:0.28788    G:0.24242

#25: Daviddeer      
position  1:    T:0.19091    C:0.19091    A:0.29091    G:0.32727
position  2:    T:0.41818    C:0.10909    A:0.30909    G:0.16364
position  3:    T:0.33636    C:0.16364    A:0.25455    G:0.24545
Average         T:0.31515    C:0.15455    A:0.28485    G:0.24545

#26: Reindeer       
position  1:    T:0.19091    C:0.19091    A:0.29091    G:0.32727
position  2:    T:0.41818    C:0.10909    A:0.30909    G:0.16364
position  3:    T:0.33636    C:0.16364    A:0.25455    G:0.24545
Average         T:0.31515    C:0.15455    A:0.28485    G:0.24545

#27: Ibex           
position  1:    T:0.19091    C:0.19091    A:0.29091    G:0.32727
position  2:    T:0.41818    C:0.10909    A:0.30909    G:0.16364
position  3:    T:0.31818    C:0.18182    A:0.26364    G:0.23636
Average         T:0.30909    C:0.16061    A:0.28788    G:0.24242

#28: GyrantGazelle  
position  1:    T:0.18182    C:0.20000    A:0.29091    G:0.32727
position  2:    T:0.41818    C:0.10909    A:0.30909    G:0.16364
position  3:    T:0.32727    C:0.17273    A:0.26364    G:0.23636
Average         T:0.30909    C:0.16061    A:0.28788    G:0.24242

#29: Hartebeest     
position  1:    T:0.20000    C:0.18182    A:0.28182    G:0.33636
position  2:    T:0.41818    C:0.10909    A:0.30909    G:0.16364
position  3:    T:0.33636    C:0.17273    A:0.22727    G:0.26364
Average         T:0.31818    C:0.15455    A:0.27273    G:0.25455

#30: Bongo          
position  1:    T:0.19091    C:0.19091    A:0.29091    G:0.32727
position  2:    T:0.41818    C:0.10909    A:0.30909    G:0.16364
position  3:    T:0.33636    C:0.16364    A:0.27273    G:0.22727
Average         T:0.31515    C:0.15455    A:0.29091    G:0.23939

#31: Gerenuk        
position  1:    T:0.18182    C:0.20000    A:0.29091    G:0.32727
position  2:    T:0.41818    C:0.10909    A:0.30909    G:0.16364
position  3:    T:0.34545    C:0.15455    A:0.25455    G:0.24545
Average         T:0.31515    C:0.15455    A:0.28485    G:0.24545

#32: CommonEland    
position  1:    T:0.19091    C:0.19091    A:0.29091    G:0.32727
position  2:    T:0.41818    C:0.10909    A:0.30909    G:0.16364
position  3:    T:0.32727    C:0.17273    A:0.27273    G:0.22727
Average         T:0.31212    C:0.15758    A:0.29091    G:0.23939

#33: MuntiacusReevesi
position  1:    T:0.19091    C:0.19091    A:0.29091    G:0.32727
position  2:    T:0.41818    C:0.10909    A:0.30909    G:0.16364
position  3:    T:0.33636    C:0.16364    A:0.24545    G:0.25455
Average         T:0.31515    C:0.15455    A:0.28182    G:0.24848

#34: HarveysDuiker  
position  1:    T:0.19091    C:0.19091    A:0.29091    G:0.32727
position  2:    T:0.41818    C:0.10909    A:0.30909    G:0.16364
position  3:    T:0.34545    C:0.15455    A:0.24545    G:0.25455
Average         T:0.31818    C:0.15152    A:0.28182    G:0.24848

#35: Pronghorn      
position  1:    T:0.18182    C:0.20000    A:0.29091    G:0.32727
position  2:    T:0.41818    C:0.10909    A:0.30909    G:0.16364
position  3:    T:0.33636    C:0.16364    A:0.24545    G:0.25455
Average         T:0.31212    C:0.15758    A:0.28182    G:0.24848

#36: BlueWildebeest 
position  1:    T:0.20000    C:0.18182    A:0.28182    G:0.33636
position  2:    T:0.41818    C:0.10909    A:0.30909    G:0.16364
position  3:    T:0.33636    C:0.17273    A:0.22727    G:0.26364
Average         T:0.31818    C:0.15455    A:0.27273    G:0.25455

#37: Gemsbok        
position  1:    T:0.19091    C:0.19091    A:0.29091    G:0.32727
position  2:    T:0.41818    C:0.10909    A:0.30909    G:0.16364
position  3:    T:0.32727    C:0.17273    A:0.27273    G:0.22727
Average         T:0.31212    C:0.15758    A:0.29091    G:0.23939

#38: Yak            
position  1:    T:0.19091    C:0.19091    A:0.29091    G:0.32727
position  2:    T:0.41818    C:0.10909    A:0.30909    G:0.16364
position  3:    T:0.32727    C:0.17273    A:0.26364    G:0.23636
Average         T:0.31212    C:0.15758    A:0.28788    G:0.24242

#39: BlueSheep      
position  1:    T:0.19091    C:0.19091    A:0.29091    G:0.32727
position  2:    T:0.41818    C:0.10909    A:0.30909    G:0.16364
position  3:    T:0.31818    C:0.18182    A:0.26364    G:0.23636
Average         T:0.30909    C:0.16061    A:0.28788    G:0.24242

#40: BohorReedbuck  
position  1:    T:0.19091    C:0.19091    A:0.29091    G:0.32727
position  2:    T:0.41818    C:0.10909    A:0.30909    G:0.16364
position  3:    T:0.32727    C:0.18182    A:0.27273    G:0.21818
Average         T:0.31212    C:0.16061    A:0.29091    G:0.23636

#41: KirksDik       
position  1:    T:0.18182    C:0.20000    A:0.29091    G:0.32727
position  2:    T:0.41818    C:0.10909    A:0.30909    G:0.16364
position  3:    T:0.34545    C:0.15455    A:0.25455    G:0.24545
Average         T:0.31515    C:0.15455    A:0.28485    G:0.24545

#42: RoeDeer        
position  1:    T:0.19091    C:0.19091    A:0.29091    G:0.32727
position  2:    T:0.41818    C:0.10909    A:0.30909    G:0.16364
position  3:    T:0.33636    C:0.16364    A:0.25455    G:0.24545
Average         T:0.31515    C:0.15455    A:0.28485    G:0.24545

#43: WhiteLippedDeer
position  1:    T:0.19091    C:0.19091    A:0.29091    G:0.32727
position  2:    T:0.41818    C:0.10909    A:0.30909    G:0.16364
position  3:    T:0.34545    C:0.15455    A:0.23636    G:0.26364
Average         T:0.31818    C:0.15152    A:0.27879    G:0.25152

#44: ThomsonGazelle 
position  1:    T:0.18182    C:0.20000    A:0.29091    G:0.32727
position  2:    T:0.41818    C:0.10909    A:0.30909    G:0.16364
position  3:    T:0.32727    C:0.17273    A:0.26364    G:0.23636
Average         T:0.30909    C:0.16061    A:0.28788    G:0.24242

#45: MuntiacusCrinifrons
position  1:    T:0.19091    C:0.19091    A:0.29091    G:0.32727
position  2:    T:0.41818    C:0.10909    A:0.30909    G:0.16364
position  3:    T:0.33636    C:0.16364    A:0.24545    G:0.25455
Average         T:0.31515    C:0.15455    A:0.28182    G:0.24848

#46: WhiteTailedDeer
position  1:    T:0.19091    C:0.19091    A:0.29091    G:0.32727
position  2:    T:0.41818    C:0.10909    A:0.30909    G:0.16364
position  3:    T:0.34545    C:0.15455    A:0.25455    G:0.24545
Average         T:0.31818    C:0.15152    A:0.28485    G:0.24545

#47: Cattle         
position  1:    T:0.19091    C:0.19091    A:0.29091    G:0.32727
position  2:    T:0.41818    C:0.10909    A:0.30909    G:0.16364
position  3:    T:0.32727    C:0.17273    A:0.26364    G:0.23636
Average         T:0.31212    C:0.15758    A:0.28788    G:0.24242

#48: RoyalAntelope  
position  1:    T:0.18182    C:0.20000    A:0.29091    G:0.32727
position  2:    T:0.41818    C:0.10909    A:0.30909    G:0.16364
position  3:    T:0.31818    C:0.18182    A:0.25455    G:0.24545
Average         T:0.30606    C:0.16364    A:0.28485    G:0.24545

#49: Steenbok       
position  1:    T:0.18182    C:0.20000    A:0.29091    G:0.32727
position  2:    T:0.41818    C:0.10909    A:0.30909    G:0.16364
position  3:    T:0.33636    C:0.16364    A:0.25455    G:0.24545
Average         T:0.31212    C:0.15758    A:0.28485    G:0.24545

#50: Impala         
position  1:    T:0.19091    C:0.19091    A:0.29091    G:0.32727
position  2:    T:0.41818    C:0.10909    A:0.30909    G:0.16364
position  3:    T:0.31818    C:0.18182    A:0.27273    G:0.22727
Average         T:0.30909    C:0.16061    A:0.29091    G:0.23939

#51: Klipspringer   
position  1:    T:0.18182    C:0.20000    A:0.29091    G:0.32727
position  2:    T:0.41818    C:0.10909    A:0.30909    G:0.16364
