CODONML (in paml version 4.10.7, June 2023)  /home/rachel/ruminants_paml/6406-phy-tree/ENSBTAT00000029268.fasta.phy
Model: free dN/dS Ratios for branches,  kappa = 2.000 fixed

Codon frequency model: F3x4
ns =  54  ls = 132

Codon usage in sequences
--------------------------------------------------------------------------------------------------------------------------------------
Phe TTT   2   2   2   2   3   4 | Ser TCT   0   1   0   0   0   0 | Tyr TAT   2   1   1   1   1   1 | Cys TGT   0   0   0   0   0   0
    TTC   3   3   3   3   2   1 |     TCC   1   0   1   1   2   1 |     TAC   0   1   1   1   1   1 |     TGC   0   0   0   0   0   0
Leu TTA   1   1   1   1   1   1 |     TCA   2   2   2   2   1   3 | *** TAA   0   0   0   0   0   0 | *** TGA   0   0   0   0   0   0
    TTG   1   1   1   1   1   2 |     TCG   1   1   1   1   1   0 |     TAG   0   0   0   0   0   0 | Trp TGG   1   1   1   1   1   1
--------------------------------------------------------------------------------------------------------------------------------------
Leu CTT   1   1   1   1   1   1 | Pro CCT   4   4   4   4   4   4 | His CAT   2   1   2   3   1   1 | Arg CGT   0   0   0   0   0   0
    CTC   1   1   1   1   1   1 |     CCC   1   1   2   1   2   1 |     CAC   1   2   1   0   2   2 |     CGC   1   1   1   1   1   1
    CTA   1   1   1   1   0   0 |     CCA   1   2   1   2   0   1 | Gln CAA   1   1   1   1   0   1 |     CGA   4   4   4   3   2   3
    CTG   3   3   3   3   4   3 |     CCG   2   1   1   1   2   2 |     CAG   5   5   5   5   6   5 |     CGG   3   3   3   4   4   3
--------------------------------------------------------------------------------------------------------------------------------------
Ile ATT   2   3   2   2   3   2 | Thr ACT   1   0   1   1   1   0 | Asn AAT   1   1   1   1   1   1 | Ser AGT   2   1   1   2   2   1
    ATC   5   4   5   5   4   5 |     ACC   1   2   1   1   3   2 |     AAC   0   0   0   0   0   0 |     AGC   2   3   3   2   2   3
    ATA   1   1   1   1   1   1 |     ACA   4   3   5   4   2   3 | Lys AAA   4   4   4   4   3   4 | Arg AGA   0   0   0   0   1   1
Met ATG   1   1   1   1   1   1 |     ACG   1   2   0   1   1   2 |     AAG   7   7   7   7   8   7 |     AGG   3   3   3   3   3   3
--------------------------------------------------------------------------------------------------------------------------------------
Val GTT   3   2   3   3   3   3 | Ala GCT   3   3   3   3   3   2 | Asp GAT   4   3   4   4   3   4 | Gly GGT   4   3   2   3   2   3
    GTC   1   2   1   1   1   1 |     GCC   1   1   1   1   2   2 |     GAC   3   4   3   3   4   3 |     GGC   6   6   7   7   8   7
    GTA   3   3   3   3   2   3 |     GCA   4   4   4   4   2   3 | Glu GAA   5   5   5   5   7   6 |     GGA   1   2   2   1   1   1
    GTG   5   5   5   5   6   5 |     GCG   1   1   1   1   2   2 |     GAG   6   6   6   6   4   5 |     GGG   2   2   2   2   2   2
--------------------------------------------------------------------------------------------------------------------------------------

--------------------------------------------------------------------------------------------------------------------------------------
Phe TTT   2   2   3   3   2   2 | Ser TCT   0   0   0   0   0   0 | Tyr TAT   2   2   2   2   1   1 | Cys TGT   0   0   0   0   0   0
    TTC   3   3   2   2   3   3 |     TCC   1   1   1   1   1   1 |     TAC   0   0   0   0   1   1 |     TGC   0   0   0   0   0   0
Leu TTA   1   1   1   1   1   1 |     TCA   2   2   2   2   2   2 | *** TAA   0   0   0   0   0   0 | *** TGA   0   0   0   0   0   0
    TTG   1   1   1   1   1   1 |     TCG   1   1   1   1   1   1 |     TAG   0   0   0   0   0   0 | Trp TGG   1   1   1   1   1   1
--------------------------------------------------------------------------------------------------------------------------------------
Leu CTT   1   1   1   1   1   1 | Pro CCT   4   4   4   4   4   4 | His CAT   2   2   2   2   2   3 | Arg CGT   0   0   0   0   0   0
    CTC   1   1   1   1   1   1 |     CCC   1   1   1   2   2   1 |     CAC   1   1   1   1   1   0 |     CGC   2   1   1   1   1   1
    CTA   1   1   1   1   1   1 |     CCA   3   2   2   1   1   1 | Gln CAA   1   1   1   1   1   1 |     CGA   4   4   4   4   4   4
    CTG   3   3   3   3   3   3 |     CCG   0   1   1   1   1   2 |     CAG   5   5   5   5   5   5 |     CGG   2   3   3   3   3   3
--------------------------------------------------------------------------------------------------------------------------------------
Ile ATT   2   2   2   2   2   3 | Thr ACT   1   1   1   1   1   1 | Asn AAT   1   1   1   1   1   0 | Ser AGT   1   2   1   1   1   1
    ATC   5   5   5   5   5   4 |     ACC   1   1   1   1   1   1 |     AAC   0   0   0   0   0   1 |     AGC   3   2   3   3   3   3
    ATA   1   1   1   1   1   1 |     ACA   4   4   4   4   5   4 | Lys AAA   3   4   4   4   4   4 | Arg AGA   0   0   0   1   0   0
Met ATG   1   1   1   1   1   1 |     ACG   1   1   1   1   0   1 |     AAG   8   7   7   7   7   7 |     AGG   3   3   3   2   3   3
--------------------------------------------------------------------------------------------------------------------------------------
Val GTT   3   3   3   3   3   3 | Ala GCT   3   3   3   3   3   3 | Asp GAT   4   4   4   4   4   4 | Gly GGT   3   4   3   3   2   2
    GTC   1   1   1   1   1   1 |     GCC   1   1   1   1   1   1 |     GAC   2   3   3   3   3   3 |     GGC   7   6   7   7   7   8
    GTA   3   3   3   3   3   3 |     GCA   4   4   3   4   4   4 | Glu GAA   5   5   5   5   5   5 |     GGA   1   1   1   1   2   1
    GTG   5   5   5   5   5   5 |     GCG   1   1   2   1   1   1 |     GAG   7   6   6   6   6   6 |     GGG   2   2   2   2   2   2
--------------------------------------------------------------------------------------------------------------------------------------

--------------------------------------------------------------------------------------------------------------------------------------
Phe TTT   2   2   2   2   2   2 | Ser TCT   0   0   0   0   0   0 | Tyr TAT   1   2   1   2   1   2 | Cys TGT   0   0   0   0   0   0
    TTC   3   3   3   3   3   3 |     TCC   1   1   1   1   1   1 |     TAC   1   0   1   0   1   0 |     TGC   0   0   0   0   1   0
Leu TTA   1   1   1   1   1   1 |     TCA   2   2   2   2   2   2 | *** TAA   0   0   0   0   0   0 | *** TGA   0   0   0   0   0   0
    TTG   1   1   1   1   1   1 |     TCG   1   1   1   1   1   1 |     TAG   0   0   0   0   0   0 | Trp TGG   1   1   1   1   1   1
--------------------------------------------------------------------------------------------------------------------------------------
Leu CTT   1   1   1   1   1   1 | Pro CCT   4   4   4   4   4   4 | His CAT   2   2   2   2   2   2 | Arg CGT   0   0   0   0   0   0
    CTC   1   1   1   1   1   1 |     CCC   1   1   1   1   1   2 |     CAC   1   1   1   1   1   1 |     CGC   1   1   1   1   0   1
    CTA   1   1   1   1   1   1 |     CCA   2   2   2   2   2   2 | Gln CAA   1   1   1   1   1   1 |     CGA   4   4   4   4   4   4
    CTG   3   3   3   3   3   3 |     CCG   1   1   1   1   1   0 |     CAG   5   5   5   5   5   5 |     CGG   3   3   3   3   3   3
--------------------------------------------------------------------------------------------------------------------------------------
Ile ATT   2   2   2   2   2   3 | Thr ACT   2   1   1   1   0   1 | Asn AAT   1   1   1   1   1   1 | Ser AGT   2   1   2   1   1   1
    ATC   5   5   5   5   5   4 |     ACC   1   1   1   1   2   1 |     AAC   0   0   0   0   0   0 |     AGC   2   3   2   3   3   3
    ATA   1   1   1   1   1   1 |     ACA   4   4   4   4   4   4 | Lys AAA   4   4   4   4   4   4 | Arg AGA   0   0   1   0   0   0
Met ATG   1   1   1   1   1   1 |     ACG   0   1   1   1   1   1 |     AAG   7   7   7   7   7   7 |     AGG   3   3   2   3   3   3
--------------------------------------------------------------------------------------------------------------------------------------
Val GTT   3   3   3   3   3   3 | Ala GCT   3   3   3   3   3   3 | Asp GAT   4   4   4   5   5   4 | Gly GGT   4   3   4   3   5   3
    GTC   1   1   1   1   1   1 |     GCC   1   1   1   1   1   1 |     GAC   3   3   3   2   2   3 |     GGC   6   7   6   7   5   7
    GTA   3   3   3   3   3   3 |     GCA   4   4   4   4   4   4 | Glu GAA   5   5   5   5   5   5 |     GGA   1   1   1   1   1   1
    GTG   5   5   5   5   4   5 |     GCG   1   1   1   1   2   1 |     GAG   6   6   6   6   6   6 |     GGG   2   2   2   2   2   2
--------------------------------------------------------------------------------------------------------------------------------------

--------------------------------------------------------------------------------------------------------------------------------------
Phe TTT   2   2   2   2   2   2 | Ser TCT   0   0   0   0   0   0 | Tyr TAT   1   1   1   1   2   1 | Cys TGT   0   0   0   0   0   0
    TTC   3   3   3   3   3   3 |     TCC   1   1   1   1   1   1 |     TAC   1   1   1   1   0   1 |     TGC   0   0   0   0   0   0
Leu TTA   1   1   1   1   1   1 |     TCA   3   3   2   2   2   2 | *** TAA   0   0   0   0   0   0 | *** TGA   0   0   0   0   0   0
    TTG   1   1   1   1   1   1 |     TCG   0   0   1   1   1   1 |     TAG   0   0   0   0   0   0 | Trp TGG   1   1   1   1   1   1
--------------------------------------------------------------------------------------------------------------------------------------
Leu CTT   1   1   1   1   1   1 | Pro CCT   4   4   4   4   4   4 | His CAT   2   2   2   2   2   2 | Arg CGT   0   0   0   0   0   0
    CTC   1   1   1   1   1   1 |     CCC   1   1   1   2   2   1 |     CAC   1   1   1   1   1   1 |     CGC   1   1   1   1   1   1
    CTA   2   1   1   1   1   1 |     CCA   2   2   1   1   1   2 | Gln CAA   1   1   1   1   1   1 |     CGA   4   4   4   4   4   4
    CTG   2   3   3   3   3   3 |     CCG   1   1   2   1   1   1 |     CAG   5   5   5   5   5   5 |     CGG   3   3   3   3   3   3
--------------------------------------------------------------------------------------------------------------------------------------
Ile ATT   3   2   2   2   2   2 | Thr ACT   1   1   1   1   1   1 | Asn AAT   1   1   1   1   1   1 | Ser AGT   1   1   2   1   1   2
    ATC   4   5   5   5   5   5 |     ACC   1   1   1   1   1   1 |     AAC   0   0   0   0   0   0 |     AGC   3   3   2   3   3   2
    ATA   1   1   1   1   1   1 |     ACA   4   4   4   5   4   4 | Lys AAA   3   3   4   4   5   4 | Arg AGA   0   0   0   0   0   0
Met ATG   1   1   1   1   1   1 |     ACG   1   1   1   0   1   1 |     AAG   8   8   7   7   6   7 |     AGG   3   3   3   3   3   3
--------------------------------------------------------------------------------------------------------------------------------------
Val GTT   3   3   3   3   3   3 | Ala GCT   2   2   3   3   3   3 | Asp GAT   4   4   4   4   4   4 | Gly GGT   4   3   4   2   3   4
    GTC   1   1   1   1   1   1 |     GCC   2   2   1   1   1   1 |     GAC   3   3   3   3   3   3 |     GGC   6   7   6   7   7   6
    GTA   3   3   3   3   3   3 |     GCA   4   3   4   4   4   4 | Glu GAA   5   5   5   5   5   5 |     GGA   1   1   1   2   1   1
    GTG   5   5   5   5   5   5 |     GCG   1   2   1   1   1   1 |     GAG   6   6   6   6   6   6 |     GGG   2   2   2   2   2   2
--------------------------------------------------------------------------------------------------------------------------------------

--------------------------------------------------------------------------------------------------------------------------------------
Phe TTT   2   2   2   2   2   2 | Ser TCT   0   0   0   0   0   0 | Tyr TAT   1   1   1   2   1   1 | Cys TGT   0   0   0   0   0   0
    TTC   3   3   3   3   3   3 |     TCC   1   1   1   1   1   1 |     TAC   1   1   1   0   1   1 |     TGC   0   0   0   0   0   0
Leu TTA   1   1   1   1   1   1 |     TCA   2   2   2   2   2   2 | *** TAA   0   0   0   0   0   0 | *** TGA   0   0   0   0   0   0
    TTG   1   1   1   1   1   1 |     TCG   1   1   1   1   1   0 |     TAG   0   0   0   0   0   0 | Trp TGG   1   1   1   1   1   2
--------------------------------------------------------------------------------------------------------------------------------------
Leu CTT   1   1   1   1   1   1 | Pro CCT   4   4   4   4   4   4 | His CAT   2   2   2   2   2   2 | Arg CGT   0   0   0   0   0   0
    CTC   1   1   1   1   1   1 |     CCC   1   1   1   2   1   2 |     CAC   1   1   1   1   1   1 |     CGC   2   1   1   1   1   1
    CTA   1   1   1   1   1   1 |     CCA   1   2   2   1   2   1 | Gln CAA   1   1   1   1   1   1 |     CGA   3   4   4   5   4   4
    CTG   3   3   3   3   3   3 |     CCG   2   1   1   1   1   1 |     CAG   5   5   5   5   5   5 |     CGG   3   3   3   2   3   3
--------------------------------------------------------------------------------------------------------------------------------------
Ile ATT   2   2   2   3   2   2 | Thr ACT   1   1   1   1   1   1 | Asn AAT   0   1   1   1   1   1 | Ser AGT   1   1   2   1   2   2
    ATC   5   5   5   4   5   5 |     ACC   1   1   1   1   1   1 |     AAC   1   0   0   0   0   0 |     AGC   1   3   2   3   2   2
    ATA   1   1   1   1   1   1 |     ACA   4   5   4   4   4   5 | Lys AAA   4   4   4   4   4   4 | Arg AGA   2   0   0   0   0   0
Met ATG   1   1   1   1   1   1 |     ACG   1   0   1   1   1   0 |     AAG   7   7   7   7   7   7 |     AGG   3   3   3   3   3   3
--------------------------------------------------------------------------------------------------------------------------------------
Val GTT   3   3   2   3   3   3 | Ala GCT   2   2   3   3   3   2 | Asp GAT   4   4   4   4   4   4 | Gly GGT   3   2   4   3   4   3
    GTC   1   1   2   1   1   1 |     GCC   2   2   1   1   1   2 |     GAC   3   3   3   3   3   3 |     GGC   7   8   6   7   6   6
    GTA   3   3   3   3   3   3 |     GCA   4   3   4   4   4   4 | Glu GAA   5   6   5   5   5   5 |     GGA   1   1   1   1   1   2
    GTG   5   5   5   5   5   5 |     GCG   1   2   1   1   1   1 |     GAG   6   5   6   6   6   6 |     GGG   2   2   2   2   2   2
--------------------------------------------------------------------------------------------------------------------------------------

--------------------------------------------------------------------------------------------------------------------------------------
Phe TTT   2   2   2   2   2   2 | Ser TCT   0   0   0   0   0   0 | Tyr TAT   2   1   1   2   1   1 | Cys TGT   0   0   0   0   0   0
    TTC   3   3   3   3   3   3 |     TCC   1   1   1   1   1   1 |     TAC   0   1   1   0   1   1 |     TGC   0   0   0   0   0   0
Leu TTA   1   1   1   1   1   1 |     TCA   2   2   2   2   2   2 | *** TAA   0   0   0   0   0   0 | *** TGA   0   0   0   0   0   0
    TTG   1   1   1   1   1   1 |     TCG   1   1   1   1   1   1 |     TAG   0   0   0   0   0   0 | Trp TGG   1   1   1   1   1   1
--------------------------------------------------------------------------------------------------------------------------------------
Leu CTT   1   1   1   1   1   1 | Pro CCT   4   4   4   4   3   4 | His CAT   2   2   2   2   2   1 | Arg CGT   0   0   0   0   0   0
    CTC   1   1   1   1   1   1 |     CCC   2   2   1   1   2   1 |     CAC   1   1   1   1   1   2 |     CGC   1   1   1   1   1   1
    CTA   1   1   1   1   0   1 |     CCA   1   1   2   2   2   2 | Gln CAA   1   1   1   1   1   1 |     CGA   4   4   4   4   3   4
    CTG   3   3   3   3   4   3 |     CCG   1   1   1   1   1   1 |     CAG   5   5   5   5   5   5 |     CGG   3   3   3   3   4   3
--------------------------------------------------------------------------------------------------------------------------------------
Ile ATT   3   2   2   2   2   2 | Thr ACT   1   1   1   1   1   1 | Asn AAT   1   1   0   1   1   1 | Ser AGT   1   1   1   1   0   2
    ATC   4   5   5   5   4   5 |     ACC   1   1   1   1   1   1 |     AAC   0   0   1   0   0   0 |     AGC   3   3   3   3   4   2
    ATA   1   1   1   1   1   1 |     ACA   4   4   4   4   4   4 | Lys AAA   4   4   5   4   3   4 | Arg AGA   0   0   0   0   0   0
Met ATG   1   1   1   1   1   1 |     ACG   1   1   1   1   1   1 |     AAG   7   7   6   7   8   7 |     AGG   3   3   3   3   3   3
--------------------------------------------------------------------------------------------------------------------------------------
Val GTT   3   3   3   3   3   3 | Ala GCT   3   3   3   3   2   3 | Asp GAT   4   4   4   4   4   4 | Gly GGT   3   2   2   3   3   4
    GTC   1   1   1   1   2   1 |     GCC   1   1   1   1   2   1 |     GAC   3   3   3   3   3   3 |     GGC   7   7   8   7   7   6
    GTA   3   3   3   3   2   3 |     GCA   4   4   4   4   3   4 | Glu GAA   6   5   5   5   5   5 |     GGA   1   2   1   1   1   1
    GTG   5   5   5   5   6   5 |     GCG   1   1   1   1   2   1 |     GAG   5   6   6   6   6   6 |     GGG   2   2   2   2   2   2
--------------------------------------------------------------------------------------------------------------------------------------

--------------------------------------------------------------------------------------------------------------------------------------
Phe TTT   2   2   2   2   2   2 | Ser TCT   0   0   0   0   0   0 | Tyr TAT   1   1   1   1   1   1 | Cys TGT   0   0   0   0   0   0
    TTC   3   3   3   3   3   3 |     TCC   1   1   1   1   1   1 |     TAC   1   1   1   1   1   1 |     TGC   0   0   0   0   0   0
Leu TTA   1   1   1   1   1   0 |     TCA   2   2   2   2   2   2 | *** TAA   0   0   0   0   0   0 | *** TGA   0   0   0   0   0   0
    TTG   1   1   1   1   1   1 |     TCG   1   1   1   1   1   1 |     TAG   0   0   0   0   0   0 | Trp TGG   1   1   1   1   1   1
--------------------------------------------------------------------------------------------------------------------------------------
Leu CTT   1   1   1   1   1   1 | Pro CCT   4   4   4   4   4   4 | His CAT   2   2   2   2   2   2 | Arg CGT   0   0   0   0   1   0
    CTC   1   1   1   1   1   1 |     CCC   1   1   1   1   2   1 |     CAC   1   1   1   1   1   1 |     CGC   1   1   1   1   0   1
    CTA   1   1   1   1   1   2 |     CCA   3   2   2   2   1   1 | Gln CAA   1   1   1   1   1   1 |     CGA   4   4   4   4   4   4
    CTG   3   3   3   3   3   3 |     CCG   0   1   1   1   1   2 |     CAG   5   5   5   5   5   5 |     CGG   3   3   3   3   3   3
--------------------------------------------------------------------------------------------------------------------------------------
Ile ATT   3   2   2   2   2   3 | Thr ACT   1   1   1   1   1   1 | Asn AAT   1   1   1   1   1   0 | Ser AGT   2   1   2   1   1   1
    ATC   4   5   5   5   5   4 |     ACC   1   1   1   1   1   1 |     AAC   0   0   0   0   0   1 |     AGC   2   3   2   3   3   3
    ATA   1   1   1   1   1   1 |     ACA   4   4   4   4   4   4 | Lys AAA   4   4   4   3   4   4 | Arg AGA   0   0   0   0   0   0
Met ATG   1   1   1   1   1   1 |     ACG   1   1   1   1   1   1 |     AAG   7   7   7   8   7   7 |     AGG   3   3   3   3   3   3
--------------------------------------------------------------------------------------------------------------------------------------
Val GTT   3   3   3   3   3   3 | Ala GCT   3   3   3   3   3   2 | Asp GAT   4   4   4   4   4   5 | Gly GGT   4   3   4   3   3   0
    GTC   1   1   1   1   1   1 |     GCC   1   1   1   1   1   2 |     GAC   3   3   3   3   3   2 |     GGC   6   7   6   7   7  10
    GTA   3   3   3   3   3   3 |     GCA   4   4   4   4   4   4 | Glu GAA   6   5   5   5   5   5 |     GGA   1   1   1   1   1   1
    GTG   5   5   5   5   4   5 |     GCG   1   1   1   1   2   1 |     GAG   5   6   6   6   6   6 |     GGG   2   2   2   2   2   2
--------------------------------------------------------------------------------------------------------------------------------------

--------------------------------------------------------------------------------------------------------------------------------------
Phe TTT   2   2   2   2   2   2 | Ser TCT   0   0   0   0   0   0 | Tyr TAT   1   2   1   1   1   2 | Cys TGT   0   0   0   0   0   0
    TTC   3   3   3   3   3   3 |     TCC   1   1   1   1   1   1 |     TAC   1   0   1   1   1   0 |     TGC   0   0   0   0   0   0
Leu TTA   1   1   1   1   1   1 |     TCA   2   3   2   2   2   2 | *** TAA   0   0   0   0   0   0 | *** TGA   0   0   0   0   0   0
    TTG   1   1   1   1   1   1 |     TCG   1   0   1   1   1   1 |     TAG   0   0   0   0   0   0 | Trp TGG   1   1   1   1   1   1
--------------------------------------------------------------------------------------------------------------------------------------
Leu CTT   2   1   1   1   1   1 | Pro CCT   4   4   4   4   4   4 | His CAT   2   2   3   2   2   2 | Arg CGT   0   0   0   0   0   0
    CTC   1   1   1   1   1   1 |     CCC   1   2   1   1   1   1 |     CAC   1   1   0   1   1   1 |     CGC   1   1   1   1   1   1
    CTA   1   1   1   1   1   1 |     CCA   1   1   1   2   2   2 | Gln CAA   1   1   1   1   1   1 |     CGA   4   5   4   4   4   4
    CTG   2   3   3   3   3   3 |     CCG   2   1   2   1   1   1 |     CAG   5   5   5   5   5   5 |     CGG   3   2   3   3   3   3
--------------------------------------------------------------------------------------------------------------------------------------
Ile ATT   2   3   3   2   3   2 | Thr ACT   1   1   1   1   1   1 | Asn AAT   0   1   0   1   1   1 | Ser AGT   1   1   1   1   1   2
    ATC   5   4   4   5   4   5 |     ACC   1   1   1   1   1   1 |     AAC   1   0   1   0   0   0 |     AGC   3   3   3   3   3   2
    ATA   1   1   1   1   1   1 |     ACA   4   4   4   4   4   4 | Lys AAA   4   4   4   4   4   4 | Arg AGA   0   0   0   0   0   0
Met ATG   1   1   1   1   1   1 |     ACG   1   1   1   1   1   1 |     AAG   7   7   7   7   7   7 |     AGG   3   3   3   3   3   3
--------------------------------------------------------------------------------------------------------------------------------------
Val GTT   3   3   3   3   3   3 | Ala GCT   2   3   3   2   3   3 | Asp GAT   4   4   4   4   4   4 | Gly GGT   3   3   3   2   3   3
    GTC   1   1   1   1   1   1 |     GCC   2   1   1   2   1   1 |     GAC   3   3   3   3   3   3 |     GGC   8   7   7   8   7   7
    GTA   3   3   3   3   3   3 |     GCA   4   4   4   3   4   4 | Glu GAA   5   5   5   5   5   5 |     GGA   1   1   1   1   1   1
    GTG   5   5   5   5   5   5 |     GCG   1   1   1   2   1   1 |     GAG   6   6   6   6   6   6 |     GGG   1   2   2   2   2   2
--------------------------------------------------------------------------------------------------------------------------------------

--------------------------------------------------------------------------------------------------------------------------------------
Phe TTT   2   2   2   2   2   2 | Ser TCT   0   0   0   0   0   0 | Tyr TAT   2   1   2   1   1   1 | Cys TGT   0   0   0   0   0   0
    TTC   3   3   3   3   3   3 |     TCC   1   1   1   1   1   1 |     TAC   0   1   0   1   1   1 |     TGC   0   0   0   0   0   0
Leu TTA   1   1   1   1   1   1 |     TCA   2   2   2   2   2   2 | *** TAA   0   0   0   0   0   0 | *** TGA   0   0   0   0   0   0
    TTG   1   1   1   1   1   1 |     TCG   1   1   1   1   1   1 |     TAG   0   0   0   0   0   0 | Trp TGG   1   1   1   1   1   1
--------------------------------------------------------------------------------------------------------------------------------------
Leu CTT   1   1   1   1   1   1 | Pro CCT   4   4   4   4   4   4 | His CAT   2   2   1   3   2   2 | Arg CGT   0   0   0   0   0   0
    CTC   1   1   1   1   1   1 |     CCC   2   1   2   1   2   2 |     CAC   1   1   2   0   1   1 |     CGC   1   1   1   1   1   1
    CTA   1   1   1   1   1   1 |     CCA   1   2   1   2   1   1 | Gln CAA   1   1   1   1   1   1 |     CGA   4   4   4   3   4   4
    CTG   3   3   3   3   3   3 |     CCG   1   1   1   1   1   1 |     CAG   5   5   5   5   5   5 |     CGG   3   3   3   4   3   3
--------------------------------------------------------------------------------------------------------------------------------------
Ile ATT   2   2   4   2   2   2 | Thr ACT   1   1   1   1   1   1 | Asn AAT   1   1   1   1   1   1 | Ser AGT   1   1   1   2   1   1
    ATC   5   5   3   5   5   5 |     ACC   1   1   1   1   1   1 |     AAC   0   0   0   0   0   0 |     AGC   3   3   3   2   3   3
    ATA   1   1   1   1   1   1 |     ACA   4   4   4   4   5   5 | Lys AAA   5   4   4   4   4   4 | Arg AGA   0   0   1   0   0   0
Met ATG   1   1   1   1   1   1 |     ACG   1   1   1   1   0   0 |     AAG   6   7   7   7   7   7 |     AGG   3   3   2   3   3   3
--------------------------------------------------------------------------------------------------------------------------------------
Val GTT   3   3   3   3   3   3 | Ala GCT   3   3   3   3   3   3 | Asp GAT   4   4   4   4   4   4 | Gly GGT   3   3   3   3   2   2
    GTC   1   1   1   1   1   1 |     GCC   1   1   1   1   1   1 |     GAC   3   3   3   3   3   3 |     GGC   7   7   7   7   7   7
    GTA   2   3   3   3   3   3 |     GCA   4   5   4   4   4   4 | Glu GAA   5   5   5   5   5   5 |     GGA   1   1   2   1   2   2
    GTG   6   5   5   5   5   5 |     GCG   1   0   1   1   1   1 |     GAG   6   6   6   6   6   6 |     GGG   2   2   1   2   2   2
--------------------------------------------------------------------------------------------------------------------------------------

Codon position x base (3x4) table for each sequence.

#1: Argali         
position  1:    T:0.10606    C:0.23485    A:0.26515    G:0.39394
position  2:    T:0.25758    C:0.21212    A:0.31061    G:0.21970
position  3:    T:0.23485    C:0.20455    A:0.24242    G:0.31818
Average         T:0.19949    C:0.21717    A:0.27273    G:0.31061

#2: LesserMouseDeer
position  1:    T:0.10606    C:0.23485    A:0.26515    G:0.39394
position  2:    T:0.25758    C:0.21212    A:0.31061    G:0.21970
position  3:    T:0.19697    C:0.23485    A:0.25000    G:0.31818
Average         T:0.18687    C:0.22727    A:0.27525    G:0.31061

#3: LesserKudu     
position  1:    T:0.10606    C:0.23485    A:0.26515    G:0.39394
position  2:    T:0.25758    C:0.21212    A:0.31061    G:0.21970
position  3:    T:0.20455    C:0.23485    A:0.25758    G:0.30303
Average         T:0.18939    C:0.22727    A:0.27778    G:0.30556

#4: ForestMuskDeer2
position  1:    T:0.10606    C:0.23485    A:0.26515    G:0.39394
position  2:    T:0.25758    C:0.21212    A:0.31061    G:0.21970
position  3:    T:0.22727    C:0.21212    A:0.24242    G:0.31818
Average         T:0.19697    C:0.21970    A:0.27273    G:0.31061

#5: Camel          
position  1:    T:0.10606    C:0.22727    A:0.27273    G:0.39394
position  2:    T:0.25758    C:0.21212    A:0.31061    G:0.21970
position  3:    T:0.21212    C:0.26515    A:0.17424    G:0.34848
Average         T:0.19192    C:0.23485    A:0.25253    G:0.32071

#6: KillerWhale    
position  1:    T:0.11364    C:0.21970    A:0.27273    G:0.39394
position  2:    T:0.25758    C:0.21212    A:0.31061    G:0.21970
position  3:    T:0.20455    C:0.23485    A:0.23485    G:0.32576
Average         T:0.19192    C:0.22222    A:0.27273    G:0.31313

#7: DefassaWaterbuck
position  1:    T:0.10606    C:0.23485    A:0.26515    G:0.39394
position  2:    T:0.25758    C:0.21212    A:0.31061    G:0.21970
position  3:    T:0.21970    C:0.21970    A:0.25000    G:0.31061
Average         T:0.19444    C:0.22222    A:0.27525    G:0.30808

#8: Sheep          
position  1:    T:0.10606    C:0.23485    A:0.26515    G:0.39394
position  2:    T:0.25758    C:0.21212    A:0.31061    G:0.21970
position  3:    T:0.23485    C:0.20455    A:0.25000    G:0.31061
Average         T:0.19949    C:0.21717    A:0.27525    G:0.30808

#9: MaxwellsDuiker 
position  1:    T:0.10606    C:0.23485    A:0.26515    G:0.39394
position  2:    T:0.25758    C:0.21212    A:0.31061    G:0.21970
position  3:    T:0.22727    C:0.21212    A:0.24242    G:0.31818
Average         T:0.19697    C:0.21970    A:0.27273    G:0.31061

#10: GazellaPrzewalskyi
position  1:    T:0.10606    C:0.23485    A:0.26515    G:0.39394
position  2:    T:0.25758    C:0.21212    A:0.31061    G:0.21970
position  3:    T:0.22727    C:0.21970    A:0.25000    G:0.30303
Average         T:0.19697    C:0.22222    A:0.27525    G:0.30556

#11: MountainNyala  
position  1:    T:0.10606    C:0.23485    A:0.26515    G:0.39394
position  2:    T:0.25758    C:0.21212    A:0.31061    G:0.21970
position  3:    T:0.20455    C:0.23485    A:0.25758    G:0.30303
Average         T:0.18939    C:0.22727    A:0.27778    G:0.30556

#12: MuntiacusMuntjak
position  1:    T:0.10606    C:0.23485    A:0.26515    G:0.39394
position  2:    T:0.25758    C:0.21212    A:0.31061    G:0.21970
position  3:    T:0.21212    C:0.22727    A:0.24242    G:0.31818
Average         T:0.19192    C:0.22475    A:0.27273    G:0.31061

#13: goat           
position  1:    T:0.10606    C:0.23485    A:0.26515    G:0.39394
position  2:    T:0.25758    C:0.21212    A:0.31061    G:0.21970
position  3:    T:0.23485    C:0.21212    A:0.25000    G:0.30303
Average         T:0.19949    C:0.21970    A:0.27525    G:0.30556

#14: AfricanBuffalo 
position  1:    T:0.10606    C:0.23485    A:0.26515    G:0.39394
position  2:    T:0.25758    C:0.21212    A:0.31061    G:0.21970
position  3:    T:0.21970    C:0.21970    A:0.25000    G:0.31061
Average         T:0.19444    C:0.22222    A:0.27525    G:0.30808

#15: Topi           
position  1:    T:0.10606    C:0.23485    A:0.26515    G:0.39394
position  2:    T:0.25758    C:0.21212    A:0.31061    G:0.21970
position  3:    T:0.22727    C:0.21212    A:0.25758    G:0.30303
Average         T:0.19697    C:0.21970    A:0.27778    G:0.30556

#16: CommonDuiker   
position  1:    T:0.10606    C:0.23485    A:0.26515    G:0.39394
position  2:    T:0.25758    C:0.21212    A:0.31061    G:0.21970
position  3:    T:0.22727    C:0.21212    A:0.25000    G:0.31061
Average         T:0.19697    C:0.21970    A:0.27525    G:0.30808

#17: Suni           
position  1:    T:0.11364    C:0.22727    A:0.26515    G:0.39394
position  2:    T:0.25000    C:0.21970    A:0.31061    G:0.21970
position  3:    T:0.22727    C:0.21212    A:0.25000    G:0.31061
Average         T:0.19697    C:0.21970    A:0.27525    G:0.30808

#18: Springbuck     
position  1:    T:0.10606    C:0.23485    A:0.26515    G:0.39394
position  2:    T:0.25758    C:0.21212    A:0.31061    G:0.21970
position  3:    T:0.22727    C:0.21970    A:0.25000    G:0.30303
Average         T:0.19697    C:0.22222    A:0.27525    G:0.30556

#19: Okapi          
position  1:    T:0.10606    C:0.23485    A:0.26515    G:0.39394
position  2:    T:0.25758    C:0.21212    A:0.31061    G:0.21970
position  3:    T:0.21970    C:0.21970    A:0.25758    G:0.30303
Average         T:0.19444    C:0.22222    A:0.27778    G:0.30556

#20: Giraffe        
position  1:    T:0.10606    C:0.23485    A:0.26515    G:0.39394
position  2:    T:0.25758    C:0.21212    A:0.31061    G:0.21970
position  3:    T:0.20455    C:0.23485    A:0.24242    G:0.31818
Average         T:0.18939    C:0.22727    A:0.27273    G:0.31061

#21: TibetanAntelope
position  1:    T:0.10606    C:0.23485    A:0.26515    G:0.39394
position  2:    T:0.25758    C:0.21212    A:0.31061    G:0.21970
position  3:    T:0.22727    C:0.21212    A:0.24242    G:0.31818
Average         T:0.19697    C:0.21970    A:0.27273    G:0.31061

#22: Sitatunga      
position  1:    T:0.10606    C:0.23485    A:0.26515    G:0.39394
position  2:    T:0.25758    C:0.21212    A:0.31061    G:0.21970
position  3:    T:0.20455    C:0.23485    A:0.25758    G:0.30303
Average         T:0.18939    C:0.22727    A:0.27778    G:0.30556

#23: Oribi          
position  1:    T:0.10606    C:0.23485    A:0.26515    G:0.39394
position  2:    T:0.25758    C:0.21212    A:0.31061    G:0.21970
position  3:    T:0.21970    C:0.22727    A:0.25000    G:0.30303
Average         T:0.19444    C:0.22475    A:0.27525    G:0.30556

#24: BarbarySheep   
position  1:    T:0.10606    C:0.23485    A:0.26515    G:0.39394
position  2:    T:0.25758    C:0.21212    A:0.31061    G:0.21970
position  3:    T:0.22727    C:0.21212    A:0.25000    G:0.31061
Average         T:0.19697    C:0.21970    A:0.27525    G:0.30808

#25: Daviddeer      
position  1:    T:0.10606    C:0.23485    A:0.26515    G:0.39394
position  2:    T:0.25758    C:0.21212    A:0.31061    G:0.21970
position  3:    T:0.19697    C:0.23485    A:0.25000    G:0.31818
Average         T:0.18687    C:0.22727    A:0.27525    G:0.31061

#26: Reindeer       
position  1:    T:0.10606    C:0.23485    A:0.26515    G:0.39394
position  2:    T:0.25758    C:0.21212    A:0.31061    G:0.21970
position  3:    T:0.19697    C:0.24242    A:0.25758    G:0.30303
Average         T:0.18687    C:0.22980    A:0.27778    G:0.30556

#27: Ibex           
position  1:    T:0.10606    C:0.23485    A:0.26515    G:0.39394
position  2:    T:0.25758    C:0.21212    A:0.31061    G:0.21970
position  3:    T:0.21970    C:0.21970    A:0.25000    G:0.31061
Average         T:0.19444    C:0.22222    A:0.27525    G:0.30808

#28: GyrantGazelle  
position  1:    T:0.10606    C:0.23485    A:0.26515    G:0.39394
position  2:    T:0.25758    C:0.21212    A:0.31061    G:0.21970
position  3:    T:0.22727    C:0.21970    A:0.25000    G:0.30303
Average         T:0.19697    C:0.22222    A:0.27525    G:0.30556

#29: Hartebeest     
position  1:    T:0.10606    C:0.23485    A:0.26515    G:0.39394
position  2:    T:0.25758    C:0.21212    A:0.31061    G:0.21970
position  3:    T:0.22727    C:0.21212    A:0.25000    G:0.31061
Average         T:0.19697    C:0.21970    A:0.27525    G:0.30808

#30: Bongo          
position  1:    T:0.10606    C:0.23485    A:0.26515    G:0.39394
position  2:    T:0.25758    C:0.20455    A:0.31061    G:0.22727
position  3:    T:0.21212    C:0.22727    A:0.25758    G:0.30303
Average         T:0.19192    C:0.22222    A:0.27778    G:0.30808

#31: Gerenuk        
position  1:    T:0.10606    C:0.23485    A:0.26515    G:0.39394
position  2:    T:0.25758    C:0.21212    A:0.31061    G:0.21970
position  3:    T:0.22727    C:0.21970    A:0.25000    G:0.30303
Average         T:0.19697    C:0.22222    A:0.27525    G:0.30556

#32: CommonEland    
position  1:    T:0.10606    C:0.23485    A:0.26515    G:0.39394
position  2:    T:0.25758    C:0.21212    A:0.31061    G:0.21970
position  3:    T:0.20455    C:0.23485    A:0.25000    G:0.31061
Average         T:0.18939    C:0.22727    A:0.27525    G:0.30808

#33: MuntiacusReevesi
position  1:    T:0.10606    C:0.23485    A:0.26515    G:0.39394
position  2:    T:0.25758    C:0.21212    A:0.31061    G:0.21970
position  3:    T:0.19697    C:0.24242    A:0.25758    G:0.30303
Average         T:0.18687    C:0.22980    A:0.27778    G:0.30556

#34: HarveysDuiker  
position  1:    T:0.10606    C:0.23485    A:0.26515    G:0.39394
position  2:    T:0.25758    C:0.21212    A:0.31061    G:0.21970
position  3:    T:0.21970    C:0.21970    A:0.25000    G:0.31061
Average         T:0.19444    C:0.22222    A:0.27525    G:0.30808

#35: Pronghorn      
position  1:    T:0.10606    C:0.23485    A:0.25758    G:0.40152
position  2:    T:0.25758    C:0.21212    A:0.31061    G:0.21970
position  3:    T:0.18939    C:0.25000    A:0.21212    G:0.34848
Average         T:0.18434    C:0.23232    A:0.26010    G:0.32323

#36: BlueWildebeest 
position  1:    T:0.10606    C:0.23485    A:0.26515    G:0.39394
position  2:    T:0.25758    C:0.21212    A:0.31061    G:0.21970
position  3:    T:0.21970    C:0.21970    A:0.25000    G:0.31061
Average         T:0.19444    C:0.22222    A:0.27525    G:0.30808

#37: Gemsbok        
position  1:    T:0.10606    C:0.23485    A:0.26515    G:0.39394
position  2:    T:0.25758    C:0.21212    A:0.31061    G:0.21970
position  3:    T:0.23485    C:0.20455    A:0.26515    G:0.29545
Average         T:0.19949    C:0.21717    A:0.28030    G:0.30303

#38: Yak            
position  1:    T:0.10606    C:0.23485    A:0.26515    G:0.39394
position  2:    T:0.25758    C:0.21212    A:0.31061    G:0.21970
position  3:    T:0.21212    C:0.22727    A:0.25000    G:0.31061
Average         T:0.19192    C:0.22475    A:0.27525    G:0.30808

#39: BlueSheep      
position  1:    T:0.10606    C:0.23485    A:0.26515    G:0.39394
position  2:    T:0.25758    C:0.21212    A:0.31061    G:0.21970
position  3:    T:0.22727    C:0.21212    A:0.25000    G:0.31061
Average         T:0.19697    C:0.21970    A:0.27525    G:0.30808

#40: BohorReedbuck  
position  1:    T:0.10606    C:0.23485    A:0.26515    G:0.39394
position  2:    T:0.25758    C:0.21212    A:0.31061    G:0.21970
position  3:    T:0.21212    C:0.22727    A:0.24242    G:0.31818
Average         T:0.19192    C:0.22475    A:0.27273    G:0.31061

#41: KirksDik       
position  1:    T:0.10606    C:0.23485    A:0.26515    G:0.39394
position  2:    T:0.25000    C:0.21970    A:0.31061    G:0.21970
position  3:    T:0.21970    C:0.22727    A:0.24242    G:0.31061
Average         T:0.19192    C:0.22727    A:0.27273    G:0.30808

#42: RoeDeer        
position  1:    T:0.09848    C:0.24242    A:0.26515    G:0.39394
position  2:    T:0.25758    C:0.21212    A:0.31061    G:0.21970
position  3:    T:0.18939    C:0.25000    A:0.24242    G:0.31818
Average         T:0.18182    C:0.23485    A:0.27273    G:0.31061

#43: WhiteLippedDeer
position  1:    T:0.10606    C:0.23485    A:0.26515    G:0.39394
position  2:    T:0.25758    C:0.21212    A:0.31061    G:0.21970
position  3:    T:0.20455    C:0.25000    A:0.24242    G:0.30303
Average         T:0.18939    C:0.23232    A:0.27273    G:0.30556

#44: ThomsonGazelle 
position  1:    T:0.10606    C:0.23485    A:0.26515    G:0.39394
position  2:    T:0.25758    C:0.21212    A:0.31061    G:0.21970
position  3:    T:0.22727    C:0.21970    A:0.25758    G:0.29545
Average         T:0.19697    C:0.22222    A:0.27778    G:0.30303

#45: MuntiacusCrinifrons
position  1:    T:0.10606    C:0.23485    A:0.26515    G:0.39394
position  2:    T:0.25758    C:0.21212    A:0.31061    G:0.21970
position  3:    T:0.21970    C:0.21970    A:0.24242    G:0.31818
Average         T:0.19444    C:0.22222    A:0.27273    G:0.31061

#46: WhiteTailedDeer
position  1:    T:0.10606    C:0.23485    A:0.26515    G:0.39394
position  2:    T:0.25758    C:0.21212    A:0.31061    G:0.21970
position  3:    T:0.19697    C:0.24242    A:0.24242    G:0.31818
Average         T:0.18687    C:0.22980    A:0.27273    G:0.31061

#47: Cattle         
position  1:    T:0.10606    C:0.23485    A:0.26515    G:0.39394
position  2:    T:0.25758    C:0.21212    A:0.31061    G:0.21970
position  3:    T:0.21970    C:0.21970    A:0.25000    G:0.31061
Average         T:0.19444    C:0.22222    A:0.27525    G:0.30808

#48: RoyalAntelope  
position  1:    T:0.10606    C:0.23485    A:0.26515    G:0.39394
position  2:    T:0.25758    C:0.21212    A:0.31061    G:0.21970
position  3:    T:0.22727    C:0.21212    A:0.25000    G:0.31061
Average         T:0.19697    C:0.21970    A:0.27525    G:0.30808

#49: Steenbok       
position  1:    T:0.10606    C:0.23485    A:0.26515    G:0.39394
position  2:    T:0.25758    C:0.21212    A:0.31061    G:0.21970
position  3:    T:0.21970    C:0.22727    A:0.24242    G:0.31061
Average         T:0.19444    C:0.22475    A:0.27273    G:0.30808

#50: Impala         
position  1:    T:0.10606    C:0.23485    A:0.26515    G:0.39394
position  2:    T:0.25758    C:0.21212    A:0.31061    G:0.21970
position  3:    T:0.21212    C:0.22727    A:0.25758    G:0.30303
Average         T:0.19192    C:0.22475    A:0.27778    G:0.30556

#51: Klipspringer   
position  1:    T:0.10606    C:0.23485    A:0.26515    G:0.39394
position  2:    T:0.25758    C:0.21212    A:0.31061    G:0.21970
