1
52 1
Argali 0.000000 0.209000 0.096500 0.196900 0.131400 0.063400 0.132100 0.246300 0.096500 0.096200 0.063400 0.338700 0.096500 0.206900 0.204000 0.168200 0.131100 0.096800 0.097200 0.063100 0.206000 0.096200 0.096000 0.131000 0.063400 0.205800 0.096500 0.096500 0.207300 0.096500 0.096200 0.132100 0.096800 0.096500 0.130700 0.251500 0.063400 0.096900 0.428300 0.130800 0.130300 0.246400 0.130300 0.063100 0.252600 0.167800 0.168200 0.206200 0.132100 0.168300 0.133200 0.130700
LesserMous 0.209000 0.000000 0.169800 0.202100 0.209100 0.208800 0.132000 0.206800 0.169800 0.170400 0.208800 0.336200 0.169800 0.132000 0.204200 0.168400 0.208000 0.170100 0.249700 0.208800 0.206500 0.247700 0.170200 0.208900 0.208800 0.132700 0.169800 0.169800 0.207900 0.169800 0.170400 0.132000 0.169800 0.169800 0.207800 0.333100 0.208800 0.170600 0.429100 0.133200 0.208300 0.169800 0.208300 0.133700 0.250500 0.167900 0.168400 0.206500 0.132000 0.250300 0.211800 0.133400
LesserKudu 0.096500 0.169800 0.000000 0.159800 0.031000 0.031100 0.031000 0.131900 0.000000 0.062900 0.031100 0.209800 0.000000 0.097000 0.095700 0.063200 0.096000 0.062900 0.063400 0.030900 0.096700 0.062900 0.130300 0.096100 0.031100 0.096600 0.000000 0.000000 0.132400 0.000000 0.062900 0.031000 0.063000 0.000000 0.030800 0.209300 0.031100 0.063100 0.288800 0.095800 0.095800 0.131600 0.095800 0.096200 0.134800 0.063000 0.063200 0.096800 0.031000 0.063300 0.031400 0.030800
KillerWhal 0.196900 0.202100 0.159800 0.000000 0.198900 0.195300 0.197700 0.240500 0.159800 0.160200 0.195300 0.327700 0.159800 0.279400 0.197800 0.162100 0.196700 0.160300 0.231800 0.198400 0.201500 0.160200 0.090700 0.195400 0.195300 0.127600 0.159800 0.159800 0.201800 0.159800 0.160200 0.197700 0.158800 0.159800 0.125700 0.321400 0.195300 0.161900 0.408400 0.124600 0.125900 0.164800 0.125900 0.124700 0.243100 0.162300 0.162100 0.124400 0.197700 0.237500 0.200900 0.125700
DefassaWat 0.131400 0.209100 0.031000 0.198900 0.000000 0.063200 0.063300 0.169300 0.031000 0.096200 0.063200 0.251000 0.031000 0.063400 0.130200 0.097100 0.130900 0.096700 0.096600 0.063200 0.132400 0.096200 0.166900 0.130500 0.063200 0.132300 0.031000 0.031000 0.169900 0.031000 0.096200 0.063300 0.096300 0.031000 0.063100 0.249200 0.063200 0.031000 0.332300 0.130600 0.130700 0.169200 0.130700 0.131000 0.172400 0.096700 0.097100 0.132600 0.063300 0.063400 0.064100 0.063100
Sheep 0.063400 0.208800 0.031100 0.195300 0.063200 0.000000 0.063600 0.168100 0.031100 0.031000 0.000000 0.250900 0.031100 0.132200 0.130200 0.096800 0.131100 0.096700 0.031400 0.063100 0.131200 0.031000 0.095900 0.063200 0.000000 0.131100 0.031100 0.031100 0.168700 0.031100 0.031000 0.063600 0.097000 0.031100 0.062900 0.172400 0.000000 0.096700 0.334500 0.130700 0.052400 0.167500 0.062700 0.063100 0.172700 0.096500 0.096800 0.131300 0.063600 0.097100 0.064100 0.062900
MaxwellsDu 0.132100 0.132000 0.031000 0.197700 0.063300 0.063600 0.000000 0.096300 0.031000 0.096500 0.063600 0.252400 0.031000 0.062900 0.062200 0.030800 0.131400 0.096900 0.097500 0.063200 0.062700 0.096500 0.167100 0.131400 0.063600 0.062700 0.031000 0.031000 0.096600 0.031000 0.096500 0.000000 0.096900 0.031000 0.063000 0.251400 0.063600 0.097000 0.245600 0.131000 0.130700 0.096000 0.130700 0.131600 0.173200 0.030700 0.030800 0.062800 0.000000 0.097100 0.064100 0.063000
GazellaPrz 0.246300 0.206800 0.131900 0.240500 0.169300 0.168100 0.096300 0.000000 0.131900 0.205200 0.168100 0.213100 0.131900 0.131400 0.095600 0.063100 0.246500 0.206900 0.205700 0.169000 0.096700 0.205200 0.286100 0.243700 0.168100 0.096700 0.131900 0.131900 0.132600 0.131900 0.205200 0.096300 0.205800 0.131900 0.168400 0.293600 0.168100 0.207900 0.287300 0.245300 0.244400 0.131800 0.244400 0.245000 0.213100 0.130800 0.063100 0.096400 0.096300 0.207900 0.171200 0.168400
MountainNy 0.096500 0.169800 0.000000 0.159800 0.031000 0.031100 0.031000 0.131900 0.000000 0.062900 0.031100 0.209800 0.000000 0.097000 0.095700 0.063200 0.096000 0.062900 0.063400 0.030900 0.096700 0.062900 0.130300 0.096100 0.031100 0.096600 0.000000 0.000000 0.132400 0.000000 0.062900 0.031000 0.063000 0.000000 0.030800 0.209300 0.031100 0.063100 0.288800 0.095800 0.095800 0.131600 0.095800 0.096200 0.134800 0.063000 0.063200 0.096800 0.031000 0.063300 0.031400 0.030800
MuntiacusM 0.096200 0.170400 0.062900 0.160200 0.096200 0.031000 0.096500 0.205200 0.062900 0.000000 0.031000 0.291000 0.062900 0.167900 0.165400 0.131100 0.166200 0.130600 0.063200 0.096100 0.167000 0.062700 0.062800 0.030900 0.031000 0.096900 0.062900 0.062900 0.206100 0.062900 0.000000 0.096500 0.130700 0.062900 0.095800 0.209000 0.031000 0.131000 0.375500 0.096200 0.030800 0.132000 0.030800 0.030900 0.210100 0.130000 0.131100 0.167300 0.096500 0.131400 0.097500 0.031000
goat 0.063400 0.208800 0.031100 0.195300 0.063200 0.000000 0.063600 0.168100 0.031100 0.031000 0.000000 0.250900 0.031100 0.132200 0.130200 0.096800 0.131100 0.096700 0.031400 0.063100 0.131200 0.031000 0.095900 0.063200 0.000000 0.131100 0.031100 0.031100 0.168700 0.031100 0.031000 0.063600 0.097000 0.031100 0.062900 0.172400 0.000000 0.096700 0.334500 0.130700 0.062700 0.167500 0.062700 0.063100 0.172700 0.096500 0.096800 0.131300 0.063600 0.097100 0.064100 0.062900
AfricanBuf 0.338700 0.336200 0.209800 0.327700 0.251000 0.250900 0.252400 0.213100 0.209800 0.291000 0.250900 0.000000 0.209800 0.341200 0.249700 0.211400 0.338800 0.294600 0.294200 0.250600 0.252600 0.291000 0.380900 0.335200 0.250900 0.252300 0.209800 0.209800 0.298700 0.209800 0.291000 0.252400 0.293900 0.209800 0.249300 0.132100 0.250900 0.294800 0.293600 0.336900 0.333300 0.252700 0.333300 0.336400 0.063900 0.293900 0.211400 0.253000 0.252400 0.294500 0.254700 0.249300
Topi 0.096500 0.169800 0.000000 0.159800 0.031000 0.031100 0.031000 0.131900 0.000000 0.062900 0.031100 0.209800 0.000000 0.097000 0.095700 0.063200 0.096000 0.062900 0.063400 0.030900 0.096700 0.062900 0.130300 0.096100 0.031100 0.096600 0.000000 0.000000 0.132400 0.000000 0.062900 0.031000 0.063000 0.000000 0.030800 0.209300 0.031100 0.063100 0.288800 0.095800 0.095800 0.131600 0.095800 0.096200 0.134800 0.063000 0.063200 0.096800 0.031000 0.063300 0.031400 0.030800
CommonDuik 0.206900 0.132000 0.097000 0.279400 0.063400 0.132200 0.062900 0.131400 0.097000 0.167900 0.132200 0.341200 0.097000 0.000000 0.129700 0.096300 0.206200 0.168300 0.168800 0.132200 0.131100 0.167900 0.245100 0.205400 0.132200 0.131100 0.097000 0.097000 0.168600 0.097000 0.167900 0.062900 0.168200 0.097000 0.131800 0.337700 0.132200 0.096900 0.330300 0.205700 0.205300 0.167400 0.205300 0.205900 0.253900 0.096000 0.096300 0.131100 0.062900 0.132600 0.134100 0.131800
Suni 0.204000 0.204200 0.095700 0.197800 0.130200 0.130200 0.062200 0.095600 0.095700 0.165400 0.130200 0.249700 0.095700 0.129700 0.000000 0.030600 0.203300 0.166500 0.166000 0.130500 0.062300 0.165400 0.241600 0.201900 0.130200 0.062300 0.095700 0.095700 0.095900 0.095700 0.165400 0.062200 0.165900 0.095700 0.130100 0.247800 0.130200 0.167200 0.241800 0.202800 0.202200 0.095500 0.202200 0.203000 0.171300 0.094900 0.030600 0.062400 0.062200 0.167100 0.132200 0.130100
Springbuck 0.168200 0.168400 0.063200 0.162100 0.097100 0.096800 0.030800 0.063100 0.063200 0.131100 0.096800 0.211400 0.063200 0.096300 0.030600 0.000000 0.167600 0.131800 0.131600 0.096900 0.030900 0.131100 0.205000 0.166700 0.096800 0.030900 0.063200 0.063200 0.063300 0.063200 0.131100 0.030800 0.131300 0.063200 0.096600 0.210000 0.096800 0.132400 0.205000 0.167200 0.166900 0.063000 0.166900 0.167500 0.135400 0.062700 0.000000 0.030900 0.030800 0.132300 0.098200 0.096600
Okapi 0.131100 0.208000 0.096000 0.196700 0.130900 0.131100 0.131400 0.246500 0.096000 0.166200 0.131100 0.338800 0.096000 0.206200 0.203300 0.167600 0.000000 0.031100 0.167600 0.130700 0.205600 0.166200 0.165900 0.203500 0.131100 0.205400 0.096000 0.096000 0.206900 0.096000 0.166200 0.131600 0.096100 0.096000 0.130200 0.335300 0.131100 0.096400 0.428100 0.130100 0.202800 0.246000 0.202800 0.130600 0.251600 0.167200 0.167600 0.205800 0.131400 0.167500 0.132500 0.130200
Giraffe 0.096800 0.170100 0.062900 0.160300 0.096700 0.096700 0.096900 0.206900 0.062900 0.130600 0.096700 0.294600 0.062900 0.168300 0.166500 0.131800 0.031100 0.000000 0.131700 0.096300 0.168200 0.130600 0.130700 0.166500 0.096700 0.168100 0.062900 0.062900 0.169100 0.062900 0.130600 0.096900 0.063100 0.062900 0.096000 0.292200 0.096700 0.063300 0.379300 0.096000 0.166000 0.206900 0.166000 0.096500 0.211600 0.131400 0.131800 0.168400 0.096900 0.131400 0.097600 0.096000
TibetanAnt 0.097200 0.249700 0.063400 0.231800 0.096600 0.031400 0.097500 0.205700 0.063400 0.063200 0.031400 0.294200 0.063400 0.168800 0.166000 0.131600 0.167600 0.131700 0.000000 0.096500 0.166900 0.063200 0.130400 0.031400 0.031400 0.166700 0.063400 0.063400 0.206500 0.063400 0.063200 0.097500 0.132400 0.063400 0.096100 0.212600 0.031400 0.131500 0.383500 0.167000 0.095800 0.204600 0.095800 0.096800 0.212200 0.131400 0.131600 0.167100 0.097500 0.132000 0.098000 0.096100
Sitatunga 0.063100 0.208800 0.030900 0.198400 0.063200 0.063100 0.063200 0.169000 0.030900 0.096100 0.063100 0.250600 0.030900 0.132200 0.130500 0.096900 0.130700 0.096300 0.096500 0.000000 0.132100 0.096100 0.166500 0.130300 0.063100 0.132100 0.030900 0.030900 0.169600 0.030900 0.096100 0.063200 0.096100 0.030900 0.062900 0.248900 0.063100 0.096800 0.332200 0.130400 0.130400 0.168900 0.130400 0.130700 0.172100 0.096600 0.096900 0.132300 0.063200 0.097000 0.064000 0.062900
Oribi 0.206000 0.206500 0.096700 0.201500 0.132400 0.131200 0.062700 0.096700 0.096700 0.167000 0.131200 0.252600 0.096700 0.131100 0.062300 0.030900 0.205600 0.168200 0.166900 0.132100 0.000000 0.167000 0.244800 0.203600 0.131200 0.063200 0.096700 0.096700 0.097100 0.096700 0.167000 0.062700 0.167200 0.096700 0.131700 0.249800 0.131200 0.169400 0.243500 0.205100 0.204800 0.096800 0.204800 0.205100 0.173000 0.095900 0.030900 0.063200 0.062700 0.169100 0.133800 0.131700
BarbaryShe 0.096200 0.247700 0.062900 0.160200 0.096200 0.031000 0.096500 0.205200 0.062900 0.062700 0.031000 0.291000 0.062900 0.167900 0.165400 0.131100 0.166200 0.130600 0.063200 0.096100 0.167000 0.000000 0.062800 0.095800 0.031000 0.166900 0.062900 0.062900 0.206100 0.062900 0.062700 0.096500 0.130700 0.062900 0.031000 0.209000 0.031000 0.131000 0.375500 0.165700 0.030800 0.204900 0.030800 0.095900 0.210100 0.063300 0.131100 0.097100 0.096500 0.131400 0.097500 0.095800
Daviddeer 0.096000 0.170200 0.130300 0.090700 0.166900 0.095900 0.167100 0.286100 0.130300 0.062800 0.095900 0.380900 0.130300 0.245100 0.241600 0.205000 0.165900 0.130700 0.130400 0.166500 0.244800 0.062800 0.000000 0.095900 0.095900 0.168700 0.130300 0.130300 0.245900 0.130300 0.062800 0.167100 0.130200 0.130300 0.096400 0.289800 0.095900 0.131100 0.469100 0.096100 0.031000 0.207500 0.031000 0.030900 0.292100 0.131600 0.205000 0.169000 0.167100 0.204900 0.168900 0.096400
Reindeer 0.131000 0.208900 0.096100 0.195400 0.130500 0.063200 0.131400 0.243700 0.096100 0.030900 0.063200 0.335200 0.096100 0.205400 0.201900 0.166700 0.203500 0.166500 0.031400 0.130300 0.203600 0.095800 0.095900 0.000000 0.063200 0.131100 0.096100 0.096100 0.244800 0.096100 0.030900 0.131400 0.167000 0.095800 0.129800 0.250200 0.063200 0.166700 0.425200 0.130700 0.062700 0.167500 0.062700 0.063100 0.250500 0.166400 0.166700 0.203800 0.131400 0.167200 0.132400 0.062900
Ibex 0.063400 0.208800 0.031100 0.195300 0.063200 0.000000 0.063600 0.168100 0.031100 0.031000 0.000000 0.250900 0.031100 0.132200 0.130200 0.096800 0.131100 0.096700 0.031400 0.063100 0.131200 0.031000 0.095900 0.063200 0.000000 0.131100 0.031100 0.031100 0.168700 0.031100 0.031000 0.063600 0.097300 0.031100 0.062900 0.172400 0.000000 0.096700 0.334500 0.130700 0.062700 0.167500 0.062700 0.063100 0.172700 0.096500 0.096800 0.131300 0.063600 0.097100 0.064100 0.062900
GyrantGaze 0.205800 0.132700 0.096600 0.127600 0.132300 0.131100 0.062700 0.096700 0.096600 0.096900 0.131100 0.252300 0.096600 0.131100 0.062300 0.030900 0.205400 0.168100 0.166700 0.132100 0.063200 0.166900 0.168700 0.131100 0.131100 0.000000 0.096600 0.096600 0.097100 0.096600 0.096900 0.062700 0.167100 0.096600 0.131700 0.249400 0.131100 0.169300 0.243000 0.131900 0.132000 0.031200 0.132000 0.132100 0.172900 0.095900 0.030900 0.063300 0.062700 0.169000 0.133800 0.063700
Hartebeest 0.096500 0.169800 0.000000 0.159800 0.031000 0.031100 0.031000 0.131900 0.000000 0.062900 0.031100 0.209800 0.000000 0.097000 0.095700 0.063200 0.096000 0.062900 0.063400 0.030900 0.096700 0.062900 0.130300 0.096100 0.031100 0.096600 0.000000 0.000000 0.132400 0.000000 0.062900 0.031000 0.063000 0.000000 0.030800 0.209300 0.031100 0.063100 0.288800 0.095800 0.095800 0.131600 0.095800 0.096200 0.134800 0.063000 0.063200 0.096800 0.031000 0.063300 0.031400 0.030800
Bongo 0.096500 0.169800 0.000000 0.159800 0.031000 0.031100 0.031000 0.131900 0.000000 0.062900 0.031100 0.209800 0.000000 0.097000 0.095700 0.063200 0.096000 0.062900 0.063400 0.030900 0.096700 0.062900 0.130300 0.096100 0.031100 0.096600 0.000000 0.000000 0.132400 0.000000 0.062900 0.031000 0.063000 0.000000 0.030800 0.209300 0.031100 0.063100 0.288800 0.095800 0.095800 0.131600 0.095800 0.096200 0.134800 0.063000 0.063200 0.096800 0.031000 0.063300 0.031400 0.030800
Gerenuk 0.207300 0.207900 0.132400 0.201800 0.169900 0.168700 0.096600 0.132600 0.132400 0.206100 0.168700 0.298700 0.132400 0.168600 0.095900 0.063300 0.206900 0.169100 0.206500 0.169600 0.097100 0.206100 0.245900 0.244800 0.168700 0.097100 0.132400 0.132400 0.000000 0.132400 0.206100 0.096600 0.168500 0.132400 0.169000 0.296000 0.168700 0.170200 0.289300 0.206400 0.245500 0.132400 0.245500 0.206400 0.214100 0.131300 0.063300 0.097200 0.096600 0.208900 0.171800 0.169700
CommonElan 0.096500 0.169800 0.000000 0.159800 0.031000 0.031100 0.031000 0.131900 0.000000 0.062900 0.031100 0.209800 0.000000 0.097000 0.095700 0.063200 0.096000 0.062900 0.063400 0.030900 0.096700 0.062900 0.130300 0.096100 0.031100 0.096600 0.000000 0.000000 0.132400 0.000000 0.062900 0.031000 0.063000 0.000000 0.030800 0.209300 0.031100 0.063100 0.288800 0.096500 0.095800 0.131600 0.095800 0.096200 0.134800 0.063000 0.063200 0.096800 0.031000 0.063300 0.031400 0.030800
MuntiacusR 0.096200 0.170400 0.062900 0.160200 0.096200 0.031000 0.096500 0.205200 0.062900 0.000000 0.031000 0.291000 0.062900 0.167900 0.165400 0.131100 0.166200 0.130600 0.063200 0.096100 0.167000 0.062700 0.062800 0.030900 0.031000 0.096900 0.062900 0.062900 0.206100 0.062900 0.000000 0.096500 0.130700 0.062900 0.095800 0.209000 0.031000 0.131000 0.375500 0.096200 0.030800 0.132000 0.030800 0.030900 0.210100 0.130700 0.131100 0.167300 0.096500 0.131400 0.097500 0.031000
HarveysDui 0.132100 0.132000 0.031000 0.197700 0.063300 0.063600 0.000000 0.096300 0.031000 0.096500 0.063600 0.252400 0.031000 0.062900 0.062200 0.030800 0.131600 0.096900 0.097500 0.063200 0.062700 0.096500 0.167100 0.131400 0.063600 0.062700 0.031000 0.031000 0.096600 0.031000 0.096500 0.000000 0.096900 0.031000 0.063000 0.251400 0.063600 0.097000 0.245600 0.131000 0.130700 0.096000 0.130700 0.131600 0.173200 0.030700 0.030800 0.062800 0.000000 0.097100 0.064100 0.063000
Pronghorn 0.096800 0.169800 0.063000 0.158800 0.096300 0.097000 0.096900 0.205800 0.063000 0.130700 0.097000 0.293900 0.063000 0.168200 0.165900 0.131300 0.096100 0.063100 0.132400 0.096100 0.167200 0.130700 0.130200 0.167000 0.097300 0.167100 0.063000 0.063000 0.168500 0.063000 0.130700 0.096900 0.000000 0.063000 0.095800 0.293100 0.097000 0.063100 0.292100 0.095800 0.165700 0.205500 0.165700 0.096400 0.211500 0.131000 0.131300 0.167400 0.096900 0.131400 0.097500 0.095800
BlueWildeb 0.096500 0.169800 0.000000 0.159800 0.031000 0.031100 0.031000 0.131900 0.000000 0.062900 0.031100 0.209800 0.000000 0.097000 0.095700 0.063200 0.096000 0.062900 0.063400 0.030900 0.096700 0.062900 0.130300 0.095800 0.031100 0.096600 0.000000 0.000000 0.132400 0.000000 0.062900 0.031000 0.063000 0.000000 0.030800 0.209300 0.031100 0.063100 0.288800 0.095800 0.095800 0.131600 0.095800 0.096200 0.134800 0.063000 0.063200 0.096800 0.031000 0.063300 0.031400 0.030800
Gemsbok 0.130700 0.207800 0.030800 0.125700 0.063100 0.062900 0.063000 0.168400 0.030800 0.095800 0.062900 0.249300 0.030800 0.131800 0.130100 0.096600 0.130200 0.096000 0.096100 0.062900 0.131700 0.031000 0.096400 0.129800 0.062900 0.131700 0.030800 0.030800 0.169000 0.030800 0.095800 0.063000 0.095800 0.030800 0.000000 0.247500 0.062900 0.096500 0.329700 0.130000 0.063000 0.168400 0.063000 0.130300 0.171400 0.031100 0.096600 0.063800 0.063000 0.096700 0.063800 0.062800
Yak 0.251500 0.333100 0.209300 0.321400 0.249200 0.172400 0.251400 0.293600 0.209300 0.209000 0.172400 0.132100 0.209300 0.337700 0.247800 0.210000 0.335300 0.292200 0.212600 0.248900 0.249800 0.209000 0.289800 0.250200 0.172400 0.249400 0.209300 0.209300 0.296000 0.209300 0.209000 0.251400 0.293100 0.209300 0.247500 0.000000 0.172400 0.292000 0.210700 0.334000 0.247200 0.249700 0.247200 0.249900 0.063900 0.291300 0.210000 0.250200 0.251400 0.211300 0.253300 0.247500
BlueSheep 0.063400 0.208800 0.031100 0.195300 0.063200 0.000000 0.063600 0.168100 0.031100 0.031000 0.000000 0.250900 0.031100 0.132200 0.130200 0.096800 0.131100 0.096700 0.031400 0.063100 0.131200 0.031000 0.095900 0.063200 0.000000 0.131100 0.031100 0.031100 0.168700 0.031100 0.031000 0.063600 0.097000 0.031100 0.062900 0.172400 0.000000 0.096700 0.334500 0.130700 0.062700 0.167500 0.062700 0.063100 0.172700 0.096500 0.096800 0.131300 0.063600 0.097100 0.064100 0.062900
BohorReedb 0.096900 0.170600 0.063100 0.161900 0.031000 0.096700 0.097000 0.207900 0.063100 0.131000 0.096700 0.294800 0.063100 0.096900 0.167200 0.132400 0.096400 0.063300 0.131500 0.096800 0.169400 0.131000 0.131100 0.166700 0.096700 0.169300 0.063100 0.063100 0.170200 0.063100 0.131000 0.097000 0.063100 0.063100 0.096500 0.292000 0.096700 0.000000 0.379300 0.096200 0.166900 0.208400 0.166900 0.096500 0.212100 0.131900 0.132400 0.169600 0.097000 0.096800 0.098100 0.096500
KirksDik 0.428300 0.429100 0.288800 0.408400 0.332300 0.334500 0.245600 0.287300 0.288800 0.375500 0.334500 0.293600 0.288800 0.330300 0.241800 0.205000 0.428100 0.379300 0.383500 0.332200 0.243500 0.375500 0.469100 0.425200 0.334500 0.243000 0.288800 0.288800 0.289300 0.288800 0.375500 0.245600 0.292100 0.288800 0.329700 0.210700 0.334500 0.379300 0.000000 0.425400 0.418500 0.243100 0.418500 0.424100 0.210600 0.284100 0.205000 0.243800 0.245600 0.291000 0.337700 0.329700
RoeDeer 0.130800 0.133200 0.095800 0.124600 0.130600 0.130700 0.131000 0.245300 0.095800 0.096200 0.130700 0.336900 0.095800 0.205700 0.202800 0.167200 0.130100 0.096000 0.167000 0.130400 0.205100 0.165700 0.096100 0.130700 0.130700 0.131900 0.095800 0.095800 0.206400 0.096500 0.096200 0.131000 0.095800 0.095800 0.130000 0.334000 0.130700 0.096200 0.425400 0.000000 0.130400 0.168800 0.130400 0.063100 0.250900 0.166800 0.167200 0.205400 0.131700 0.167100 0.132200 0.062900
WhiteLippe 0.130300 0.208300 0.095800 0.125900 0.130700 0.052400 0.130700 0.244400 0.095800 0.030800 0.062700 0.333300 0.095800 0.205300 0.202200 0.166900 0.202800 0.166000 0.095800 0.130400 0.204800 0.030800 0.031000 0.062700 0.062700 0.132000 0.095800 0.095800 0.245500 0.095800 0.030800 0.130700 0.165700 0.095800 0.063000 0.247200 0.062700 0.166900 0.418500 0.130400 0.000000 0.168700 0.000000 0.062800 0.249200 0.096600 0.166900 0.132200 0.130700 0.167200 0.132400 0.063000
ThomsonGaz 0.246400 0.169800 0.131600 0.164800 0.169200 0.167500 0.096000 0.131800 0.131600 0.132000 0.167500 0.252700 0.131600 0.167400 0.095500 0.063000 0.246000 0.206900 0.204600 0.168900 0.096800 0.204900 0.207500 0.167500 0.167500 0.031200 0.131600 0.131600 0.132400 0.131600 0.132000 0.096000 0.205500 0.131600 0.168400 0.249700 0.167500 0.208400 0.243100 0.168800 0.168700 0.000000 0.168700 0.169000 0.173100 0.130600 0.063000 0.096900 0.096000 0.207600 0.171000 0.097600
MuntiacusC 0.130300 0.208300 0.095800 0.125900 0.130700 0.062700 0.130700 0.244400 0.095800 0.030800 0.062700 0.333300 0.095800 0.205300 0.202200 0.166900 0.202800 0.166000 0.095800 0.130400 0.204800 0.030800 0.031000 0.062700 0.062700 0.132000 0.095800 0.095800 0.245500 0.095800 0.030800 0.130700 0.165700 0.095800 0.063000 0.247200 0.062700 0.166900 0.418500 0.130400 0.000000 0.168700 0.000000 0.062800 0.249200 0.096600 0.166900 0.132200 0.130700 0.167200 0.132900 0.063000
WhiteTaile 0.063100 0.133700 0.096200 0.124700 0.131000 0.063100 0.131600 0.245000 0.096200 0.030900 0.063100 0.336400 0.096200 0.205900 0.203000 0.167500 0.130600 0.096500 0.096800 0.130700 0.205100 0.095900 0.030900 0.063100 0.063100 0.132100 0.096200 0.096200 0.206400 0.096200 0.030900 0.131600 0.096400 0.096200 0.130300 0.249900 0.063100 0.096500 0.424100 0.063100 0.062800 0.169000 0.062800 0.000000 0.251200 0.167800 0.167500 0.205400 0.131600 0.167500 0.132700 0.063100
Cattle 0.252600 0.250500 0.134800 0.243100 0.172400 0.172700 0.173200 0.213100 0.134800 0.210100 0.172700 0.063900 0.134800 0.253900 0.171300 0.135400 0.251600 0.211600 0.212200 0.172100 0.173000 0.210100 0.292100 0.250500 0.172700 0.172900 0.134800 0.134800 0.214100 0.134800 0.210100 0.173200 0.211500 0.134800 0.171400 0.063900 0.172700 0.212100 0.210600 0.250900 0.249200 0.173100 0.249200 0.251200 0.000000 0.211400 0.135400 0.173400 0.173200 0.212200 0.174800 0.171400
RoyalAntel 0.167800 0.167900 0.063000 0.162300 0.096700 0.096500 0.030700 0.130800 0.063000 0.130000 0.096500 0.293900 0.063000 0.096000 0.094900 0.062700 0.167200 0.131400 0.131400 0.096600 0.095900 0.063300 0.131600 0.166400 0.096500 0.095900 0.063000 0.063000 0.131300 0.063000 0.130700 0.030700 0.131000 0.063000 0.031100 0.291300 0.096500 0.131900 0.284100 0.166800 0.096600 0.130600 0.096600 0.167800 0.211400 0.000000 0.062700 0.031000 0.030700 0.131900 0.097800 0.096300
Steenbok 0.168200 0.168400 0.063200 0.162100 0.097100 0.096800 0.030800 0.063100 0.063200 0.131100 0.096800 0.211400 0.063200 0.096300 0.030600 0.000000 0.167600 0.131800 0.131600 0.096900 0.030900 0.131100 0.205000 0.166700 0.096800 0.030900 0.063200 0.063200 0.063300 0.063200 0.131100 0.030800 0.131300 0.063200 0.096600 0.210000 0.096800 0.132400 0.205000 0.167200 0.166900 0.063000 0.166900 0.167500 0.135400 0.062700 0.000000 0.030900 0.030800 0.132300 0.098200 0.096600
Impala 0.206200 0.206500 0.096800 0.124400 0.132600 0.131300 0.062800 0.096400 0.096800 0.167300 0.131300 0.253000 0.096800 0.131100 0.062400 0.030900 0.205800 0.168400 0.167100 0.132300 0.063200 0.097100 0.169000 0.203800 0.131300 0.063300 0.096800 0.096800 0.097200 0.096800 0.167300 0.062800 0.167400 0.096800 0.063800 0.250200 0.131300 0.169600 0.243800 0.205400 0.132200 0.096900 0.132200 0.205400 0.173400 0.031000 0.030900 0.000000 0.062800 0.169300 0.134000 0.131900
Klipspring 0.132100 0.132000 0.031000 0.197700 0.063300 0.063600 0.000000 0.096300 0.031000 0.096500 0.063600 0.252400 0.031000 0.062900 0.062200 0.030800 0.131400 0.096900 0.097500 0.063200 0.062700 0.096500 0.167100 0.131400 0.063600 0.062700 0.031000 0.031000 0.096600 0.031000 0.096500 0.000000 0.096900 0.031000 0.063000 0.251400 0.063600 0.097000 0.245600 0.131700 0.130700 0.096000 0.130700 0.131600 0.173200 0.030700 0.030800 0.062800 0.000000 0.097100 0.064100 0.063000
ForestMusk 0.168300 0.250300 0.063300 0.237500 0.063400 0.097100 0.097100 0.207900 0.063300 0.131400 0.097100 0.294500 0.063300 0.132600 0.167100 0.132300 0.167500 0.131400 0.132000 0.097000 0.169100 0.131400 0.204900 0.167200 0.097100 0.169000 0.063300 0.063300 0.208900 0.063300 0.131400 0.097100 0.131400 0.063300 0.096700 0.211300 0.097100 0.096800 0.291000 0.167100 0.167200 0.207600 0.167200 0.167500 0.212200 0.131900 0.132300 0.169300 0.097100 0.000000 0.098500 0.096700
Bushbuck 0.133200 0.211800 0.031400 0.200900 0.064100 0.064100 0.064100 0.171200 0.031400 0.097500 0.064100 0.254700 0.031400 0.134100 0.132200 0.098200 0.132500 0.097600 0.098000 0.064000 0.133800 0.097500 0.168900 0.132400 0.064100 0.133800 0.031400 0.031400 0.171800 0.031400 0.097500 0.064100 0.097500 0.031400 0.063800 0.253300 0.064100 0.098100 0.337700 0.132200 0.132400 0.171000 0.132900 0.132700 0.174800 0.097800 0.098200 0.134000 0.064100 0.098500 0.000000 0.063800
GreaterKud 0.130700 0.133400 0.030800 0.125700 0.063100 0.062900 0.063000 0.168400 0.030800 0.031000 0.062900 0.249300 0.030800 0.131800 0.130100 0.096600 0.130200 0.096000 0.096100 0.062900 0.131700 0.095800 0.096400 0.062900 0.062900 0.063700 0.030800 0.030800 0.169700 0.030800 0.031000 0.063000 0.095800 0.030800 0.062800 0.247500 0.062900 0.096500 0.329700 0.062900 0.063000 0.097600 0.063000 0.063100 0.171400 0.096300 0.096600 0.131900 0.063000 0.096700 0.063800 0.000000
