1
52 1
Argali 0.000000 0.680400 0.155200 0.679300 0.049900 0.000000 0.159500 0.241800 0.101900 0.103500 0.046800 0.100500 0.050500 0.095000 0.150000 0.250800 0.387200 0.349900 0.102700 0.149600 0.232000 0.000000 4.490000 0.103500 0.000000 0.234300 0.050500 0.101900 0.253300 0.101900 0.103500 0.159500 0.218200 0.114000 0.000100 0.152900 0.049900 0.049900 0.107000 1.198900 0.151300 0.188900 0.103500 0.103500 0.049900 0.156000 0.198300 0.049900 0.112300 0.170100 0.101900 0.156000
LesserMous 0.680400 0.000000 0.702300 1.305100 0.609700 0.680400 0.609700 0.895000 0.714300 0.728600 0.786100 0.702300 0.618600 0.642700 0.778700 1.083900 0.699500 0.952300 0.694900 0.776600 0.840600 0.680400 4.398600 0.728600 0.680400 0.856200 0.618600 0.714300 0.973700 0.714300 0.728600 0.609700 0.605700 0.581800 0.676500 0.800700 0.609700 0.609700 0.781700 0.588900 0.701500 0.785600 0.728600 0.728600 0.609700 0.590900 0.726700 0.609700 0.572600 0.669400 0.714300 0.679600
LesserKudu 0.155200 0.702300 0.000000 0.988900 0.104900 0.155200 0.225100 0.304200 0.050200 0.163900 0.211400 0.158700 0.229600 0.149600 0.155200 0.376300 0.400100 0.435700 0.162200 0.097900 0.291500 0.155200 4.490000 0.163900 0.155200 0.294800 0.229600 0.050200 0.318900 0.050200 0.163900 0.225100 0.288300 0.333900 0.156200 0.214600 0.104900 0.104900 0.169100 0.949900 0.212700 0.247300 0.163900 0.163900 0.104900 0.218900 0.260500 0.104900 0.178900 0.172600 0.050200 0.102300
KillerWhal 0.679300 1.305100 0.988900 0.000000 0.874200 0.679300 0.874200 0.997300 1.018400 1.039700 0.792600 0.824100 0.895000 0.900800 1.119300 0.968800 1.291300 1.343100 0.979900 1.097000 1.090100 0.679300 4.490000 1.039700 0.679300 1.116700 0.895000 1.018400 0.972700 1.018400 1.039700 0.874200 1.000000 0.868400 0.684800 1.038300 0.874200 0.874200 0.805500 1.740300 1.096300 1.025400 1.039700 1.039700 0.874200 1.102800 1.104000 0.874200 0.844400 0.963500 1.018400 1.099200
DefassaWat 0.049900 0.609700 0.104900 0.874200 0.000000 0.049900 0.107900 0.195400 0.051800 0.052600 0.101200 0.051000 0.109900 0.048200 0.101300 0.257900 0.333400 0.293300 0.052300 0.101000 0.187300 0.049900 4.490000 0.052600 0.045600 0.189200 0.109900 0.051800 0.204700 0.051800 0.052600 0.107900 0.165400 0.189200 0.050100 0.103700 0.000000 0.000000 0.054300 1.055400 0.102200 0.143700 0.052600 0.052600 0.000000 0.105600 0.150700 0.000000 0.057200 0.115300 0.051800 0.105600
Sheep 0.000000 0.680400 0.155200 0.679300 0.049900 0.000000 0.159500 0.241800 0.101900 0.103500 0.046800 0.100500 0.050500 0.095000 0.150000 0.250800 0.387200 0.349900 0.102700 0.149600 0.232000 0.000000 4.490000 0.103500 0.000000 0.234300 0.050500 0.101900 0.253300 0.101900 0.103500 0.159500 0.218200 0.114000 0.000100 0.152900 0.049900 0.049900 0.107000 1.198900 0.151300 0.188900 0.103500 0.103500 0.049900 0.156000 0.198300 0.049900 0.112300 0.170100 0.101900 0.156000
MaxwellsDu 0.159500 0.609700 0.225100 0.874200 0.107900 0.159500 0.000000 0.311700 0.165800 0.168800 0.217100 0.163300 0.237200 0.048200 0.217300 0.386600 0.481700 0.450800 0.167100 0.215900 0.297900 0.159500 4.490000 0.168800 0.159500 0.301300 0.237200 0.165800 0.328000 0.165800 0.168800 0.000000 0.297900 0.189200 0.160500 0.221000 0.107900 0.107900 0.174900 0.718800 0.218700 0.253500 0.168800 0.168800 0.107900 0.225400 0.267300 0.107900 0.057200 0.115300 0.165800 0.225300
GazellaPrz 0.241800 0.895000 0.304200 0.997300 0.195400 0.241800 0.311700 0.000000 0.250200 0.252700 0.296000 0.245500 0.317600 0.233900 0.295400 0.130000 0.544700 0.515700 0.251000 0.295100 0.079700 0.241800 4.490000 0.252700 0.241800 0.079600 0.317600 0.250200 0.086000 0.250200 0.252700 0.311700 0.375900 0.421100 0.242800 0.298200 0.195400 0.195400 0.262600 1.438800 0.296800 0.040500 0.252700 0.252700 0.195400 0.307300 0.234500 0.195400 0.273100 0.331400 0.250200 0.307200
MountainNy 0.101900 0.714300 0.050200 1.018400 0.051800 0.101900 0.165800 0.250200 0.000000 0.107400 0.155500 0.104300 0.168800 0.098400 0.101700 0.318300 0.335800 0.363100 0.106800 0.048400 0.239700 0.101900 4.490000 0.107400 0.101900 0.242200 0.168800 0.000000 0.262600 0.000000 0.107400 0.165800 0.226700 0.259600 0.102500 0.158600 0.051800 0.051800 0.111300 1.309500 0.156800 0.195400 0.107400 0.107400 0.051800 0.161900 0.205500 0.051800 0.117100 0.113000 0.000000 0.050700
MuntiacusM 0.103500 0.728600 0.163900 1.039700 0.052600 0.103500 0.168800 0.252700 0.107400 0.000000 0.158500 0.106000 0.172300 0.099800 0.158500 0.321100 0.408200 0.371700 0.108500 0.157300 0.242400 0.103500 4.490000 0.000000 0.103500 0.245100 0.172300 0.107400 0.265000 0.107400 0.000000 0.168800 0.230000 0.266600 0.104200 0.161400 0.052600 0.052600 0.112800 1.308400 0.049400 0.197700 0.000000 0.000000 0.052600 0.164300 0.208300 0.052600 0.119400 0.181100 0.107400 0.164200
goat 0.046800 0.786100 0.211400 0.792600 0.101200 0.046800 0.217100 0.296000 0.155500 0.158500 0.000000 0.153400 0.102600 0.144900 0.204700 0.307400 0.458000 0.260500 0.156400 0.203400 0.284100 0.046800 4.490000 0.158500 0.046800 0.287100 0.102600 0.155500 0.310400 0.155500 0.158500 0.217100 0.279500 0.174800 0.047000 0.207700 0.101200 0.101200 0.163300 1.431000 0.206400 0.240400 0.158500 0.158500 0.101200 0.211800 0.252700 0.101200 0.171800 0.232100 0.155500 0.211800
AfricanBuf 0.100500 0.702300 0.158700 0.824100 0.051000 0.100500 0.163300 0.245500 0.104300 0.106000 0.153400 0.000000 0.166400 0.097000 0.153800 0.312600 0.394900 0.357600 0.105200 0.152800 0.236200 0.100500 4.490000 0.106000 0.100500 0.238700 0.166400 0.104300 0.257900 0.104300 0.106000 0.163300 0.222900 0.255700 0.101000 0.156500 0.051000 0.046500 0.109400 1.280500 0.154600 0.192600 0.106000 0.106000 0.051000 0.159500 0.202500 0.051000 0.115300 0.174700 0.104300 0.159500
Topi 0.050500 0.618600 0.229600 0.895000 0.109900 0.050500 0.237200 0.317600 0.168800 0.172300 0.102600 0.166400 0.000000 0.156300 0.219800 0.330900 0.496300 0.464100 0.168700 0.220000 0.303900 0.050500 4.490000 0.172300 0.050500 0.307500 0.000000 0.168800 0.334200 0.168800 0.172300 0.237200 0.304400 0.058200 0.049900 0.225200 0.109900 0.109900 0.178000 1.084900 0.223300 0.258100 0.172300 0.172300 0.109900 0.229600 0.272700 0.109900 0.189200 0.255700 0.168800 0.229500
CommonDuik 0.095000 0.642700 0.149600 0.900800 0.048200 0.095000 0.048200 0.233900 0.098400 0.099800 0.144900 0.097000 0.156300 0.000000 0.144800 0.296200 0.371500 0.334800 0.099400 0.144500 0.224700 0.095000 4.490000 0.099800 0.095000 0.226900 0.156300 0.098400 0.244700 0.098400 0.099800 0.045700 0.210100 0.237200 0.095500 0.147700 0.046200 0.048200 0.103100 0.769600 0.146000 0.183000 0.099800 0.099800 0.048200 0.150400 0.191700 0.048200 0.107900 0.163300 0.098400 0.150600
Suni 0.150000 0.778700 0.155200 1.119300 0.101300 0.150000 0.217300 0.295400 0.101700 0.158500 0.204700 0.153800 0.219800 0.144800 0.000000 0.365200 0.312400 0.423300 0.155300 0.149300 0.283300 0.150000 4.490000 0.158500 0.150000 0.286400 0.219800 0.101700 0.309300 0.101700 0.158500 0.217300 0.278900 0.317600 0.150000 0.207600 0.101300 0.101300 0.163200 1.406800 0.206100 0.240000 0.158500 0.158500 0.101300 0.211900 0.252400 0.101300 0.172200 0.170400 0.101700 0.155900
Springbuck 0.250800 1.083900 0.376300 0.968800 0.257900 0.250800 0.386600 0.130000 0.318300 0.321100 0.307400 0.312600 0.330900 0.296200 0.365200 0.000000 0.642900 0.617500 0.318000 0.365600 0.125000 0.250800 4.490000 0.321100 0.250800 0.126100 0.330900 0.318300 0.042100 0.318300 0.321100 0.386600 0.461000 0.442300 0.251700 0.366400 0.257900 0.257900 0.209200 1.443200 0.367000 0.084500 0.321100 0.321100 0.257900 0.380700 0.297400 0.257900 0.349100 0.412000 0.318300 0.380500
Okapi 0.387200 0.699500 0.400100 1.291300 0.333400 0.387200 0.481700 0.544700 0.335800 0.408200 0.458000 0.394900 0.496300 0.371500 0.312400 0.642900 0.000000 0.143000 0.267100 0.385200 0.520000 0.387200 4.490000 0.408200 0.387200 0.527400 0.496300 0.335800 0.573500 0.335800 0.408200 0.481700 0.263900 0.656300 0.390000 0.463300 0.333400 0.333400 0.424200 1.810600 0.457100 0.473900 0.408200 0.408200 0.333400 0.466900 0.501300 0.333400 0.445700 0.441700 0.335800 0.399100
Giraffe 0.349900 0.952300 0.435700 1.343100 0.293300 0.349900 0.450800 0.515700 0.363100 0.371700 0.260500 0.357600 0.464100 0.334800 0.423300 0.617500 0.143000 0.000000 0.224900 0.416500 0.491700 0.349900 4.490000 0.371700 0.349900 0.499100 0.464100 0.363100 0.544700 0.363100 0.371700 0.450800 0.220600 0.641600 0.353100 0.421300 0.293300 0.293300 0.384700 1.965800 0.424200 0.443200 0.371700 0.371700 0.293300 0.432000 0.471100 0.293300 0.410200 0.489100 0.363100 0.431900
TibetanAnt 0.102700 0.694900 0.162200 0.979900 0.052300 0.102700 0.167100 0.251000 0.106800 0.108500 0.156400 0.105200 0.168700 0.099400 0.155300 0.318000 0.267100 0.224900 0.000000 0.155900 0.240300 0.102700 4.490000 0.108500 0.102700 0.242600 0.168700 0.106800 0.263100 0.106800 0.108500 0.167100 0.106700 0.257900 0.102500 0.160200 0.052300 0.052300 0.112100 1.184400 0.157600 0.196500 0.108500 0.108500 0.052300 0.163000 0.206100 0.052300 0.118100 0.178400 0.106800 0.163000
Sitatunga 0.149600 0.776600 0.097900 1.097000 0.101000 0.149600 0.215900 0.295100 0.048400 0.157300 0.203400 0.152800 0.220000 0.144500 0.149300 0.365600 0.385200 0.416500 0.155900 0.000000 0.178100 0.149600 4.490000 0.157300 0.149600 0.286000 0.220000 0.048400 0.309700 0.048400 0.157300 0.215900 0.277600 0.316400 0.150400 0.206300 0.101000 0.101000 0.163100 1.404500 0.204700 0.239700 0.157300 0.157300 0.101000 0.211000 0.251800 0.101000 0.170800 0.165000 0.048400 0.098800
Oribi 0.232000 0.840600 0.291500 1.090100 0.187300 0.232000 0.297900 0.079700 0.239700 0.242400 0.284100 0.236200 0.303900 0.224700 0.283300 0.125000 0.520000 0.491700 0.240300 0.178100 0.000000 0.232000 4.490000 0.242400 0.232000 0.077500 0.303900 0.239700 0.082700 0.239700 0.242400 0.297900 0.359000 0.399900 0.233000 0.286000 0.187300 0.187300 0.251000 1.287700 0.285100 0.039100 0.242400 0.242400 0.187300 0.294200 0.225000 0.187300 0.260400 0.315700 0.239700 0.294100
BarbaryShe 0.000000 0.680400 0.155200 0.679300 0.049900 0.000000 0.159500 0.241800 0.101900 0.103500 0.046800 0.100500 0.050500 0.095000 0.150000 0.250800 0.387200 0.349900 0.102700 0.149600 0.232000 0.000000 4.490000 0.103500 0.000000 0.234300 0.050500 0.101900 0.253300 0.101900 0.103500 0.159500 0.218200 0.114000 0.000100 0.152900 0.049900 0.045700 0.107000 1.198900 0.151300 0.188900 0.103500 0.103500 0.049900 0.156000 0.198300 0.049900 0.112300 0.170100 0.101900 0.156000
Daviddeer 4.490000 4.398600 4.490000 4.490000 4.490000 4.490000 4.490000 4.490000 4.490000 4.490000 4.490000 4.490000 4.490000 4.490000 4.490000 4.490000 4.490000 4.490000 4.490000 4.490000 4.490000 4.490000 0.000000 4.490000 4.490000 4.490000 4.490000 4.490000 4.490000 4.490000 4.490000 4.490000 4.490000 4.490000 4.490000 4.490000 4.490000 4.490000 4.490000 4.490000 4.490000 4.490000 4.490000 4.490000 4.490000 4.490000 4.490000 4.490000 4.490000 4.490000 4.490000 4.490000
Reindeer 0.103500 0.728600 0.163900 1.039700 0.052600 0.103500 0.168800 0.252700 0.107400 0.000000 0.158500 0.106000 0.172300 0.099800 0.158500 0.321100 0.408200 0.371700 0.108500 0.157300 0.242400 0.103500 4.490000 0.000000 0.103500 0.245100 0.172300 0.107400 0.265000 0.107400 0.000000 0.168800 0.230000 0.266600 0.104200 0.161400 0.052600 0.052600 0.112800 1.308400 0.049400 0.197700 0.000000 0.000000 0.052600 0.164300 0.208300 0.052600 0.119400 0.181100 0.107400 0.164200
Ibex 0.000000 0.680400 0.155200 0.679300 0.045600 0.000000 0.159500 0.241800 0.101900 0.103500 0.046800 0.100500 0.050500 0.095000 0.150000 0.250800 0.387200 0.349900 0.102700 0.149600 0.232000 0.000000 4.490000 0.103500 0.000000 0.234300 0.050500 0.101900 0.253300 0.101900 0.103500 0.159500 0.218200 0.114000 0.000100 0.152900 0.049900 0.049900 0.107000 1.198900 0.151300 0.188900 0.103500 0.103500 0.049900 0.156000 0.198300 0.049900 0.112300 0.170100 0.101900 0.156000
GyrantGaze 0.234300 0.856200 0.294800 1.116700 0.189200 0.234300 0.301300 0.079600 0.242200 0.245100 0.287100 0.238700 0.307500 0.226900 0.286400 0.126100 0.527400 0.499100 0.242600 0.286000 0.077500 0.234300 4.490000 0.245100 0.234300 0.000000 0.307500 0.242200 0.083400 0.242200 0.245100 0.301300 0.363500 0.405500 0.235400 0.289200 0.189200 0.189200 0.253900 1.341800 0.288200 0.039300 0.245100 0.244700 0.189200 0.242800 0.227300 0.189200 0.263500 0.319600 0.242200 0.297400
Hartebeest 0.050500 0.618600 0.229600 0.895000 0.109900 0.050500 0.237200 0.317600 0.168800 0.172300 0.102600 0.166400 0.000000 0.156300 0.219800 0.330900 0.496300 0.464100 0.168700 0.220000 0.303900 0.050500 4.490000 0.172300 0.050500 0.307500 0.000000 0.168800 0.334200 0.168800 0.172300 0.237200 0.304400 0.058200 0.049900 0.225200 0.109900 0.109900 0.178000 1.084900 0.223300 0.258100 0.172300 0.172300 0.109900 0.229600 0.272700 0.109900 0.189200 0.255700 0.168800 0.229500
Bongo 0.101900 0.714300 0.050200 1.018400 0.051800 0.101900 0.165800 0.250200 0.000000 0.107400 0.155500 0.104300 0.168800 0.098400 0.101700 0.318300 0.335800 0.363100 0.106800 0.048400 0.239700 0.101900 4.490000 0.107400 0.101900 0.242200 0.168800 0.000000 0.262600 0.000000 0.107400 0.165800 0.226700 0.259600 0.102500 0.158600 0.051800 0.051800 0.111300 1.309500 0.156600 0.195400 0.107400 0.107400 0.051800 0.161900 0.205500 0.051800 0.117100 0.113000 0.000000 0.050700
Gerenuk 0.253300 0.973700 0.318900 0.972700 0.204700 0.253300 0.328000 0.086000 0.262600 0.265000 0.310400 0.257900 0.334200 0.244700 0.309300 0.042100 0.573500 0.544700 0.263100 0.309700 0.082700 0.253300 4.490000 0.265000 0.253300 0.083400 0.334200 0.262600 0.000000 0.262600 0.265000 0.328000 0.397800 0.446900 0.254200 0.311800 0.204700 0.204700 0.155800 1.263300 0.311000 0.042000 0.265000 0.265000 0.204800 0.322400 0.245300 0.204700 0.288100 0.349100 0.262600 0.322300
CommonElan 0.101900 0.714300 0.050200 1.018400 0.051800 0.101900 0.165800 0.250200 0.000000 0.107400 0.155500 0.104300 0.168800 0.098400 0.101700 0.318300 0.335800 0.363100 0.106800 0.048400 0.239700 0.101900 4.490000 0.107400 0.101900 0.242200 0.168800 0.000000 0.262600 0.000000 0.107400 0.165800 0.226700 0.259600 0.102500 0.158600 0.051800 0.051800 0.111300 1.309500 0.156600 0.195400 0.107400 0.107400 0.051800 0.161900 0.205500 0.051800 0.117100 0.113000 0.000000 0.050700
MuntiacusR 0.103500 0.728600 0.163900 1.039700 0.052600 0.103500 0.168800 0.252700 0.107400 0.000000 0.158500 0.106000 0.172300 0.099800 0.158500 0.321100 0.408200 0.371700 0.108500 0.157300 0.242400 0.103500 4.490000 0.000000 0.103500 0.245100 0.172300 0.107400 0.265000 0.107400 0.000000 0.168800 0.230000 0.266600 0.104200 0.161400 0.052600 0.052600 0.112800 1.308400 0.049400 0.197700 0.000000 0.000000 0.052600 0.164300 0.208300 0.052600 0.119400 0.181100 0.107400 0.164200
HarveysDui 0.159500 0.609700 0.225100 0.874200 0.107900 0.159500 0.000000 0.311700 0.165800 0.168800 0.217100 0.163300 0.237200 0.045700 0.217300 0.386600 0.481700 0.450800 0.167100 0.215900 0.297900 0.159500 4.490000 0.168800 0.159500 0.301300 0.237200 0.165800 0.328000 0.165800 0.168800 0.000000 0.297900 0.189200 0.160500 0.221000 0.107900 0.107900 0.174900 0.718800 0.218700 0.253500 0.168800 0.168800 0.107900 0.225400 0.267300 0.107900 0.057200 0.115300 0.165800 0.225300
Pronghorn 0.218200 0.605700 0.288300 1.000000 0.165400 0.218200 0.297900 0.375900 0.226700 0.230000 0.279500 0.222900 0.304400 0.210100 0.278900 0.461000 0.263900 0.220600 0.106700 0.277600 0.359000 0.218200 4.490000 0.230000 0.218200 0.363500 0.304400 0.226700 0.397800 0.226700 0.230000 0.297900 0.000000 0.428900 0.219400 0.281700 0.165400 0.165400 0.240200 1.083000 0.280600 0.313000 0.230000 0.230000 0.165400 0.289000 0.330700 0.165400 0.252300 0.319900 0.226700 0.289000
BlueWildeb 0.114000 0.581800 0.333900 0.868400 0.189200 0.114000 0.189200 0.421100 0.259600 0.266600 0.174800 0.255700 0.058200 0.237200 0.317600 0.442300 0.656300 0.641600 0.257900 0.316400 0.399900 0.114000 4.490000 0.266600 0.114000 0.405500 0.058200 0.259600 0.446900 0.259600 0.266600 0.189200 0.428900 0.000000 0.112600 0.324300 0.189200 0.189200 0.276600 1.066400 0.322500 0.350700 0.266600 0.266600 0.189200 0.331400 0.373800 0.189200 0.135000 0.205000 0.259600 0.331200
Gemsbok 0.000100 0.676500 0.156200 0.684800 0.050100 0.000100 0.160500 0.242800 0.102500 0.104200 0.047000 0.101000 0.049900 0.095500 0.150000 0.251700 0.390000 0.353100 0.102500 0.150400 0.233000 0.000100 4.490000 0.104200 0.000100 0.235400 0.049900 0.102500 0.254200 0.102500 0.104200 0.160500 0.219400 0.112600 0.000000 0.153900 0.050100 0.050100 0.107400 1.171300 0.152300 0.189700 0.104200 0.104200 0.050100 0.156900 0.199300 0.050100 0.113100 0.171400 0.102500 0.156800
Yak 0.152900 0.800700 0.214600 1.038300 0.103700 0.152900 0.221000 0.298200 0.158600 0.161400 0.207700 0.156500 0.225200 0.147700 0.207600 0.366400 0.463300 0.421300 0.160200 0.206300 0.286000 0.152900 4.490000 0.161400 0.152900 0.289200 0.225200 0.158600 0.311800 0.158600 0.161400 0.221000 0.281700 0.324300 0.153900 0.000000 0.103700 0.103700 0.166300 1.279000 0.209000 0.243300 0.161400 0.161400 0.103700 0.215100 0.255800 0.103700 0.175900 0.236300 0.158600 0.215000
BlueSheep 0.049900 0.609700 0.104900 0.874200 0.000000 0.049900 0.107900 0.195400 0.051800 0.052600 0.101200 0.051000 0.109900 0.046200 0.101300 0.257900 0.333400 0.293300 0.052300 0.101000 0.187300 0.049900 4.490000 0.052600 0.049900 0.189200 0.109900 0.051800 0.204700 0.051800 0.052600 0.107900 0.165400 0.189200 0.050100 0.103700 0.000000 0.000000 0.049400 1.055400 0.102200 0.143400 0.052600 0.052600 0.000000 0.105600 0.150700 0.000000 0.057200 0.115300 0.051800 0.105600
BohorReedb 0.049900 0.609700 0.104900 0.874200 0.000000 0.049900 0.107900 0.195400 0.051800 0.052600 0.101200 0.046500 0.109900 0.048200 0.101300 0.257900 0.333400 0.293300 0.052300 0.101000 0.187300 0.045700 4.490000 0.052600 0.049900 0.189200 0.109900 0.051800 0.204700 0.051800 0.052600 0.107900 0.165400 0.189200 0.050100 0.103700 0.000000 0.000000 0.054300 1.055400 0.102200 0.143400 0.052600 0.052600 0.000000 0.105600 0.150700 0.000000 0.057200 0.115300 0.051800 0.105600
KirksDik 0.107000 0.781700 0.169100 0.805500 0.054300 0.107000 0.174900 0.262600 0.111300 0.112800 0.163300 0.109400 0.178000 0.103100 0.163200 0.209200 0.424200 0.384700 0.112100 0.163100 0.251000 0.107000 4.490000 0.112800 0.107000 0.253900 0.178000 0.111300 0.155800 0.111300 0.112800 0.174900 0.240200 0.276600 0.107400 0.166300 0.049400 0.054300 0.000000 1.100700 0.164400 0.204700 0.112800 0.112800 0.054300 0.170200 0.216300 0.054300 0.123800 0.187400 0.111300 0.170200
RoeDeer 1.198900 0.588900 0.949900 1.740300 1.055400 1.198900 0.718800 1.438800 1.309500 1.308400 1.431000 1.280500 1.084900 0.769600 1.406800 1.443200 1.810600 1.965800 1.184400 1.404500 1.287700 1.198900 4.490000 1.308400 1.198900 1.341800 1.084900 1.309500 1.263300 1.309500 1.308400 0.718800 1.083000 1.066400 1.171300 1.279000 1.055400 1.055400 1.100700 0.000000 1.242900 1.217600 1.308400 1.308400 1.055400 1.417900 1.243700 1.055400 1.034100 1.249900 1.309500 1.412900
WhiteLippe 0.151300 0.701500 0.212700 1.096300 0.102200 0.151300 0.218700 0.296800 0.156800 0.049400 0.206400 0.154600 0.223300 0.146000 0.206100 0.367000 0.457100 0.424200 0.157600 0.204700 0.285100 0.151300 4.490000 0.049400 0.151300 0.288200 0.223300 0.156600 0.311000 0.156600 0.049400 0.218700 0.280600 0.322500 0.152300 0.209000 0.102200 0.102200 0.164400 1.242900 0.000000 0.241600 0.049400 0.049400 0.102200 0.213000 0.142100 0.102200 0.173400 0.234000 0.156600 0.213000
ThomsonGaz 0.188900 0.785600 0.247300 1.025400 0.143700 0.188900 0.253500 0.040500 0.195400 0.197700 0.240400 0.192600 0.258100 0.183000 0.240000 0.084500 0.473900 0.443200 0.196500 0.239700 0.039100 0.188900 4.490000 0.197700 0.188900 0.039300 0.258100 0.195400 0.042000 0.195400 0.197700 0.253500 0.313000 0.350700 0.189700 0.243300 0.143400 0.143400 0.204700 1.217600 0.241600 0.000000 0.197700 0.197700 0.143400 0.249400 0.183000 0.143400 0.213300 0.269000 0.195400 0.249400
MuntiacusC 0.103500 0.728600 0.163900 1.039700 0.052600 0.103500 0.168800 0.252700 0.107400 0.000000 0.158500 0.106000 0.172300 0.099800 0.158500 0.321100 0.408200 0.371700 0.108500 0.157300 0.242400 0.103500 4.490000 0.000000 0.103500 0.245100 0.172300 0.107400 0.265000 0.107400 0.000000 0.168800 0.230000 0.266600 0.104200 0.161400 0.052600 0.052600 0.112800 1.308400 0.049400 0.197700 0.000000 0.000000 0.048200 0.164300 0.208300 0.052600 0.119400 0.181100 0.107400 0.164200
WhiteTaile 0.103500 0.728600 0.163900 1.039700 0.052600 0.103500 0.168800 0.252700 0.107400 0.000000 0.158500 0.106000 0.172300 0.099800 0.158500 0.321100 0.408200 0.371700 0.108500 0.157300 0.242400 0.103500 4.490000 0.000000 0.103500 0.244700 0.172300 0.107400 0.265000 0.107400 0.000000 0.168800 0.230000 0.266600 0.104200 0.161400 0.052600 0.052600 0.112800 1.308400 0.049400 0.197700 0.000000 0.000000 0.052600 0.164300 0.208300 0.052600 0.119400 0.181100 0.107400 0.164200
Cattle 0.049900 0.609700 0.104900 0.874200 0.000000 0.049900 0.107900 0.195400 0.051800 0.052600 0.101200 0.051000 0.109900 0.048200 0.101300 0.257900 0.333400 0.293300 0.052300 0.101000 0.187300 0.049900 4.490000 0.052600 0.049900 0.189200 0.109900 0.051800 0.204800 0.051800 0.052600 0.107900 0.165400 0.189200 0.050100 0.103700 0.000000 0.000000 0.054300 1.055400 0.102200 0.143400 0.048200 0.052600 0.000000 0.105600 0.150700 0.000000 0.057200 0.115300 0.051800 0.105600
RoyalAntel 0.156000 0.590900 0.218900 1.102800 0.105600 0.156000 0.225400 0.307300 0.161900 0.164300 0.211800 0.159500 0.229600 0.150400 0.211900 0.380700 0.466900 0.432000 0.163000 0.211000 0.294200 0.156000 4.490000 0.164300 0.156000 0.242800 0.229600 0.161900 0.322400 0.161900 0.164300 0.225400 0.289000 0.331400 0.156900 0.215100 0.105600 0.105600 0.170200 1.417900 0.213000 0.249400 0.164300 0.164300 0.105600 0.000000 0.222700 0.105600 0.179300 0.241400 0.161900 0.157400
Steenbok 0.198300 0.726700 0.260500 1.104000 0.150700 0.198300 0.267300 0.234500 0.205500 0.208300 0.252700 0.202500 0.272700 0.191700 0.252400 0.297400 0.501300 0.471100 0.206100 0.251800 0.225000 0.198300 4.490000 0.208300 0.198300 0.227300 0.272700 0.205500 0.245300 0.205500 0.208300 0.267300 0.330700 0.373800 0.199300 0.255800 0.150700 0.150700 0.216300 1.243700 0.142100 0.183000 0.208300 0.208300 0.150700 0.222700 0.000000 0.150700 0.225800 0.285000 0.205500 0.222700
Impala 0.049900 0.609700 0.104900 0.874200 0.000000 0.049900 0.107900 0.195400 0.051800 0.052600 0.101200 0.051000 0.109900 0.048200 0.101300 0.257900 0.333400 0.293300 0.052300 0.101000 0.187300 0.049900 4.490000 0.052600 0.049900 0.189200 0.109900 0.051800 0.204700 0.051800 0.052600 0.107900 0.165400 0.189200 0.050100 0.103700 0.000000 0.000000 0.054300 1.055400 0.102200 0.143400 0.052600 0.052600 0.000000 0.105600 0.150700 0.000000 0.057200 0.115300 0.051800 0.105600
Klipspring 0.112300 0.572600 0.178900 0.844400 0.057200 0.112300 0.057200 0.273100 0.117100 0.119400 0.171800 0.115300 0.189200 0.107900 0.172200 0.349100 0.445700 0.410200 0.118100 0.170800 0.260400 0.112300 4.490000 0.119400 0.112300 0.263500 0.189200 0.117100 0.288100 0.117100 0.119400 0.057200 0.252300 0.135000 0.113100 0.175900 0.057200 0.057200 0.123800 1.034100 0.173400 0.213300 0.119400 0.119400 0.057200 0.179300 0.225800 0.057200 0.000000 0.061500 0.117100 0.179200
ForestMusk 0.170100 0.669400 0.172600 0.963500 0.115300 0.170100 0.115300 0.331400 0.113000 0.181100 0.232100 0.174700 0.255700 0.163300 0.170400 0.412000 0.441700 0.489100 0.178400 0.165000 0.315700 0.170100 4.490000 0.181100 0.170100 0.319600 0.255700 0.113000 0.349100 0.113000 0.181100 0.115300 0.319900 0.205000 0.171400 0.236300 0.115300 0.115300 0.187400 1.249900 0.234000 0.269000 0.181100 0.181100 0.115300 0.241400 0.285000 0.115300 0.061500 0.000000 0.113000 0.173000
Bushbuck 0.101900 0.714300 0.050200 1.018400 0.051800 0.101900 0.165800 0.250200 0.000000 0.107400 0.155500 0.104300 0.168800 0.098400 0.101700 0.318300 0.335800 0.363100 0.106800 0.048400 0.239700 0.101900 4.490000 0.107400 0.101900 0.242200 0.168800 0.000000 0.262600 0.000000 0.107400 0.165800 0.226700 0.259600 0.102500 0.158600 0.051800 0.051800 0.111300 1.309500 0.156600 0.195400 0.107400 0.107400 0.051800 0.161900 0.205500 0.051800 0.117100 0.113000 0.000000 0.050700
GreaterKud 0.156000 0.679600 0.102300 1.099200 0.105600 0.156000 0.225300 0.307200 0.050700 0.164200 0.211800 0.159500 0.229500 0.150600 0.155900 0.380500 0.399100 0.431900 0.163000 0.098800 0.294100 0.156000 4.490000 0.164200 0.156000 0.297400 0.229500 0.050700 0.322300 0.050700 0.164200 0.225300 0.289000 0.331200 0.156800 0.215000 0.105600 0.105600 0.170200 1.412900 0.213000 0.249400 0.164200 0.164200 0.105600 0.157400 0.222700 0.105600 0.179200 0.173000 0.050700 0.000000
