1
52 1
Argali 0.000000 0.653200 0.092900 0.532000 0.059400 0.000000 0.059400 0.015300 0.078600 0.265800 0.000000 0.076000 0.030700 0.029800 0.089100 0.046600 0.158800 0.141300 0.014300 0.078100 0.028600 0.000000 0.236500 0.324800 0.000000 0.045600 0.014600 0.078100 0.046000 0.078100 0.240900 0.029800 0.156900 0.028800 0.000000 0.064300 0.044900 0.044600 0.061600 0.302100 0.236500 0.045600 0.217900 0.320700 0.064300 0.060400 0.075000 0.044900 0.075500 0.125400 0.078200 0.078100
LesserMous 0.653200 0.000000 0.626600 0.913300 0.758100 0.653200 0.753900 0.628500 0.689100 0.731400 0.653200 0.719000 0.656000 0.706400 0.817500 0.635900 0.731600 0.770900 0.605400 0.682400 0.651200 0.653200 0.735800 0.789000 0.653200 0.609700 0.627400 0.682400 0.691800 0.682400 0.671600 0.706600 0.768100 0.645700 0.653200 0.689300 0.744000 0.729700 0.645200 0.825300 0.735800 0.609700 0.664900 0.960000 0.689300 0.689600 0.712300 0.731400 0.732700 0.668800 0.681000 0.682400
LesserKudu 0.092900 0.626600 0.000000 0.455800 0.121300 0.092900 0.153800 0.110400 0.045200 0.395400 0.092900 0.137200 0.126200 0.123400 0.151700 0.144700 0.262800 0.243500 0.076100 0.044900 0.125800 0.092900 0.359200 0.431500 0.092900 0.141800 0.110200 0.044900 0.142900 0.044900 0.365900 0.123600 0.259700 0.125200 0.092900 0.128600 0.106900 0.106100 0.159600 0.432700 0.359200 0.141800 0.339300 0.446400 0.128600 0.122600 0.137000 0.139400 0.172400 0.226700 0.045000 0.044900
KillerWhal 0.532000 0.913300 0.455800 0.000000 0.561300 0.532000 0.617000 0.511000 0.444000 0.582300 0.532000 0.526700 0.593900 0.576000 0.605000 0.515700 0.629600 0.598600 0.552100 0.440300 0.530200 0.532000 0.525800 0.701400 0.532000 0.553900 0.569700 0.440300 0.561900 0.440300 0.608400 0.575900 0.620400 0.586100 0.532000 0.492200 0.519200 0.538200 0.525100 0.629700 0.525800 0.553900 0.634700 0.770000 0.492200 0.565600 0.585900 0.597600 0.660800 0.573900 0.439700 0.440300
DefassaWat 0.059400 0.758100 0.121300 0.561300 0.000000 0.059400 0.118100 0.075600 0.107800 0.339500 0.059400 0.136100 0.091300 0.058200 0.147800 0.107800 0.221300 0.203100 0.074000 0.075000 0.090400 0.059400 0.307300 0.399200 0.059400 0.105700 0.075500 0.075000 0.074800 0.075000 0.312900 0.088900 0.218800 0.090000 0.059400 0.127400 0.073100 0.014100 0.122300 0.375300 0.307300 0.105700 0.288500 0.391100 0.127400 0.120000 0.134200 0.104000 0.135200 0.187000 0.107100 0.075000
Sheep 0.000000 0.653200 0.092900 0.532000 0.059400 0.000000 0.059400 0.015300 0.078600 0.265800 0.000000 0.076000 0.030700 0.028100 0.089100 0.046600 0.158800 0.141300 0.014900 0.078100 0.030400 0.000000 0.236500 0.324800 0.000000 0.045600 0.015200 0.078100 0.046000 0.078100 0.240900 0.029800 0.156900 0.030200 0.000000 0.064300 0.044900 0.044600 0.061600 0.302100 0.236500 0.045600 0.217900 0.320700 0.064300 0.060400 0.075000 0.044900 0.075500 0.125400 0.078200 0.078100
MaxwellsDu 0.059400 0.753900 0.153800 0.617000 0.118100 0.059400 0.000000 0.075600 0.140500 0.338600 0.054500 0.104200 0.091200 0.058300 0.147700 0.107700 0.221000 0.202900 0.074000 0.139500 0.090400 0.059400 0.306500 0.399600 0.059400 0.105600 0.075400 0.139500 0.106400 0.139500 0.312100 0.058400 0.184400 0.089900 0.059400 0.127300 0.104000 0.103300 0.122200 0.374300 0.306500 0.105600 0.287800 0.390200 0.127300 0.119900 0.134000 0.103700 0.135100 0.186800 0.139600 0.139500
GazellaPrz 0.015300 0.628500 0.110400 0.511000 0.075600 0.015300 0.075600 0.000000 0.096200 0.291900 0.014500 0.093000 0.046900 0.045500 0.105900 0.031100 0.178100 0.160100 0.030400 0.095500 0.014600 0.015300 0.260800 0.352700 0.015300 0.030500 0.031000 0.095500 0.030700 0.095500 0.265800 0.045600 0.176000 0.046200 0.015300 0.081900 0.061000 0.060500 0.046300 0.329000 0.260800 0.029000 0.241700 0.346400 0.081900 0.076900 0.060100 0.060900 0.092300 0.143900 0.095600 0.095500
MountainNy 0.078600 0.689100 0.045200 0.444000 0.107800 0.078600 0.140500 0.096200 0.000000 0.383000 0.078600 0.123800 0.112200 0.109600 0.138600 0.130700 0.250300 0.230900 0.094100 0.030400 0.111800 0.078600 0.346700 0.419900 0.078600 0.128000 0.096000 0.030400 0.129100 0.030400 0.353300 0.109800 0.247400 0.111300 0.078600 0.114400 0.093100 0.092300 0.145900 0.421000 0.346700 0.128000 0.326500 0.435500 0.114400 0.108900 0.156900 0.125900 0.159200 0.213900 0.030400 0.030400
MuntiacusM 0.265800 0.731400 0.395400 0.582300 0.339500 0.265800 0.338600 0.291900 0.383000 0.000000 0.265800 0.366400 0.266900 0.302600 0.334100 0.294000 0.235500 0.214800 0.283700 0.379700 0.309800 0.265800 0.055900 0.137900 0.265800 0.329600 0.247400 0.379700 0.333500 0.379700 0.018700 0.302900 0.232500 0.222600 0.265800 0.324800 0.302900 0.320300 0.310000 0.115500 0.055900 0.329600 0.037300 0.183600 0.324800 0.299600 0.360300 0.279500 0.321500 0.257800 0.379800 0.379700
goat 0.000000 0.653200 0.092900 0.532000 0.059400 0.000000 0.054500 0.014500 0.078600 0.265800 0.000000 0.076000 0.030700 0.029800 0.089100 0.046600 0.158800 0.141300 0.014900 0.078100 0.028900 0.000000 0.236500 0.324800 0.000000 0.045600 0.014600 0.078100 0.046000 0.078100 0.240900 0.028200 0.156900 0.030200 0.000000 0.064300 0.044900 0.044600 0.061600 0.302100 0.236500 0.045600 0.217900 0.320700 0.064300 0.060400 0.075000 0.044900 0.075500 0.125400 0.078200 0.078100
AfricanBuf 0.076000 0.719000 0.137200 0.526700 0.136100 0.076000 0.104200 0.093000 0.123800 0.366400 0.076000 0.000000 0.108500 0.074700 0.166500 0.126200 0.241800 0.223000 0.091000 0.122900 0.108100 0.076000 0.332400 0.402000 0.076000 0.123800 0.092800 0.122900 0.124700 0.122900 0.338400 0.074800 0.239000 0.107600 0.076000 0.110400 0.121900 0.121000 0.141000 0.402900 0.332400 0.123800 0.313000 0.418100 0.110400 0.137500 0.151800 0.121800 0.153900 0.206600 0.123100 0.122900
Topi 0.030700 0.656000 0.126200 0.593900 0.091300 0.030700 0.091200 0.046900 0.112200 0.266900 0.030700 0.108500 0.000000 0.061000 0.121700 0.047000 0.193500 0.176100 0.045800 0.111400 0.062200 0.030700 0.237500 0.282400 0.030700 0.077900 0.015400 0.111400 0.078600 0.111400 0.242000 0.061100 0.157400 0.030500 0.030700 0.098200 0.076600 0.076100 0.062200 0.303400 0.237500 0.077900 0.218800 0.322000 0.098200 0.092300 0.106900 0.076600 0.108400 0.159800 0.111500 0.111400
CommonDuik 0.029800 0.706400 0.123400 0.576000 0.058200 0.028100 0.058300 0.045500 0.109600 0.302600 0.029800 0.074700 0.061000 0.000000 0.118500 0.077200 0.189900 0.172100 0.044500 0.076300 0.060500 0.029800 0.271800 0.361900 0.028000 0.075700 0.045400 0.076300 0.045000 0.076300 0.276900 0.029300 0.187700 0.055700 0.029800 0.095900 0.043900 0.043600 0.091900 0.338700 0.271800 0.075700 0.253200 0.355800 0.095900 0.090200 0.104600 0.074400 0.105300 0.156200 0.109000 0.076300
Suni 0.089100 0.817500 0.151700 0.605000 0.147800 0.089100 0.147700 0.105900 0.138600 0.334100 0.089100 0.166500 0.121700 0.118500 0.000000 0.138600 0.218400 0.200400 0.103700 0.137600 0.120600 0.089100 0.302500 0.393100 0.089100 0.136000 0.105600 0.137600 0.137000 0.137600 0.308000 0.103200 0.215900 0.088800 0.089100 0.159300 0.102700 0.132900 0.120600 0.369500 0.302500 0.136000 0.284100 0.343900 0.159300 0.118500 0.164100 0.102700 0.165400 0.184500 0.137700 0.137600
Springbuck 0.046600 0.635900 0.144700 0.515700 0.107800 0.046600 0.107700 0.031100 0.130700 0.294000 0.046600 0.126200 0.047000 0.077200 0.138600 0.000000 0.179000 0.160800 0.056800 0.129800 0.046500 0.046600 0.262500 0.309500 0.043300 0.062000 0.063200 0.129800 0.062600 0.129800 0.267600 0.077300 0.142400 0.078400 0.046600 0.082300 0.093100 0.092400 0.046400 0.331300 0.262500 0.062000 0.243200 0.348800 0.082300 0.109600 0.091800 0.093000 0.125400 0.144500 0.129900 0.129800
Okapi 0.158800 0.731600 0.262800 0.629600 0.221300 0.158800 0.221000 0.178100 0.250300 0.235500 0.158800 0.241800 0.193500 0.189900 0.218400 0.179000 0.000000 0.073700 0.174200 0.248400 0.158900 0.158800 0.227800 0.294200 0.158800 0.210200 0.177700 0.248400 0.212000 0.248400 0.212500 0.190300 0.073400 0.158300 0.158800 0.201000 0.190000 0.205400 0.194000 0.270500 0.227800 0.210200 0.191000 0.290500 0.201000 0.188900 0.237700 0.172400 0.241600 0.154900 0.248800 0.248400
Giraffe 0.141300 0.770900 0.243500 0.598600 0.203100 0.141300 0.202900 0.160100 0.230900 0.214800 0.141300 0.223000 0.176100 0.172100 0.200400 0.160800 0.073700 0.000000 0.156600 0.229100 0.141300 0.141300 0.207800 0.272500 0.141300 0.191800 0.159700 0.229100 0.193400 0.229100 0.192500 0.172400 0.072900 0.140800 0.141300 0.182100 0.172200 0.187400 0.175700 0.249400 0.207800 0.191800 0.171700 0.267400 0.182100 0.171100 0.219400 0.154900 0.222800 0.137900 0.229400 0.229100
TibetanAnt 0.014300 0.605400 0.076100 0.552100 0.074000 0.014900 0.074000 0.030400 0.094100 0.283700 0.014900 0.091000 0.045800 0.044500 0.103700 0.056800 0.174200 0.156600 0.000000 0.093400 0.045400 0.014300 0.253800 0.342700 0.014900 0.060600 0.030300 0.093400 0.061100 0.093400 0.258400 0.044600 0.172200 0.045200 0.014300 0.080000 0.059700 0.059200 0.076700 0.319800 0.253800 0.060600 0.235200 0.337700 0.080000 0.075300 0.089700 0.059600 0.090400 0.140700 0.093500 0.093400
Sitatunga 0.078100 0.682400 0.044900 0.440300 0.075000 0.078100 0.139500 0.095500 0.030400 0.379700 0.078100 0.122900 0.111400 0.076300 0.137600 0.129800 0.248400 0.229100 0.093400 0.000000 0.111000 0.078100 0.343800 0.416300 0.078100 0.127100 0.095300 0.000000 0.094300 0.000000 0.350400 0.109000 0.245400 0.110500 0.078100 0.113500 0.060500 0.060000 0.144800 0.417400 0.343800 0.127100 0.323800 0.431600 0.113500 0.108100 0.155800 0.124900 0.158000 0.212300 0.030200 0.000000
Oribi 0.028600 0.651200 0.125800 0.530200 0.090400 0.030400 0.090400 0.014600 0.111800 0.309800 0.028900 0.108100 0.062200 0.060500 0.120600 0.046500 0.158900 0.141300 0.045400 0.111000 0.000000 0.030400 0.278100 0.370500 0.028800 0.042100 0.046300 0.111000 0.045900 0.111000 0.283300 0.055900 0.157000 0.061400 0.030400 0.097900 0.075900 0.075400 0.061400 0.346600 0.278100 0.045500 0.259000 0.363400 0.097900 0.091900 0.074800 0.075900 0.107300 0.159200 0.111100 0.111000
BarbaryShe 0.000000 0.653200 0.092900 0.532000 0.059400 0.000000 0.059400 0.015300 0.078600 0.265800 0.000000 0.076000 0.030700 0.029800 0.089100 0.046600 0.158800 0.141300 0.014300 0.078100 0.030400 0.000000 0.236500 0.324800 0.000000 0.045600 0.015200 0.078100 0.046000 0.078100 0.240900 0.029800 0.156900 0.030200 0.000000 0.064300 0.044900 0.044600 0.061600 0.302100 0.236500 0.045600 0.217900 0.320700 0.064300 0.060400 0.075000 0.044900 0.075500 0.125400 0.078200 0.078100
Daviddeer 0.236500 0.735800 0.359200 0.525800 0.307300 0.236500 0.306500 0.260800 0.346700 0.055900 0.236500 0.332400 0.237500 0.271800 0.302500 0.262500 0.227800 0.207800 0.253800 0.343800 0.278100 0.236500 0.000000 0.153900 0.236500 0.297000 0.218800 0.343800 0.300400 0.343800 0.074300 0.272200 0.224900 0.195700 0.236500 0.291000 0.272000 0.288900 0.278200 0.131700 0.000000 0.297000 0.092700 0.197900 0.291000 0.269400 0.327000 0.250200 0.332500 0.191000 0.344000 0.343800
Reindeer 0.324800 0.789000 0.431500 0.701400 0.399200 0.324800 0.399600 0.352700 0.419900 0.137900 0.324800 0.402000 0.282400 0.361900 0.393100 0.309500 0.294200 0.272500 0.342700 0.416300 0.370500 0.324800 0.153900 0.000000 0.324800 0.369100 0.306400 0.416300 0.395300 0.416300 0.115500 0.362300 0.249400 0.280000 0.324800 0.362300 0.362400 0.379700 0.325200 0.219200 0.153900 0.369100 0.134400 0.161000 0.362300 0.358300 0.420700 0.337900 0.427800 0.317900 0.416200 0.416300
Ibex 0.000000 0.653200 0.092900 0.532000 0.059400 0.000000 0.059400 0.015300 0.078600 0.265800 0.000000 0.076000 0.030700 0.028000 0.089100 0.043300 0.158800 0.141300 0.014900 0.078100 0.028800 0.000000 0.236500 0.324800 0.000000 0.045600 0.014600 0.078100 0.046000 0.078100 0.240900 0.027800 0.156900 0.030200 0.000000 0.064300 0.044900 0.041400 0.061600 0.302100 0.236500 0.042300 0.217900 0.320700 0.064300 0.060400 0.075000 0.044900 0.075500 0.125400 0.078200 0.078100
GyrantGaze 0.045600 0.609700 0.141800 0.553900 0.105700 0.045600 0.105600 0.030500 0.128000 0.329600 0.045600 0.123800 0.077900 0.075700 0.136000 0.062000 0.210200 0.191800 0.060600 0.127100 0.042100 0.045600 0.297000 0.369100 0.045600 0.000000 0.061800 0.127100 0.061300 0.127100 0.302600 0.075800 0.207800 0.076800 0.045600 0.114300 0.091300 0.090600 0.076900 0.366400 0.297000 0.000000 0.277800 0.362300 0.114300 0.107400 0.090000 0.091200 0.122900 0.141600 0.127200 0.127100
Hartebeest 0.014600 0.627400 0.110200 0.569700 0.075500 0.015200 0.075400 0.031000 0.096000 0.247400 0.014600 0.092800 0.015400 0.045400 0.105600 0.063200 0.177700 0.159700 0.030300 0.095300 0.046300 0.015200 0.218800 0.306400 0.014600 0.061800 0.000000 0.095300 0.062400 0.095300 0.223000 0.042500 0.175500 0.014600 0.015200 0.081800 0.060800 0.060400 0.078200 0.283800 0.218800 0.061800 0.200300 0.303200 0.081800 0.076700 0.091500 0.060800 0.092100 0.143500 0.095400 0.095300
Bongo 0.078100 0.682400 0.044900 0.440300 0.075000 0.078100 0.139500 0.095500 0.030400 0.379700 0.078100 0.122900 0.111400 0.076300 0.137600 0.129800 0.248400 0.229100 0.093400 0.000000 0.111000 0.078100 0.343800 0.416300 0.078100 0.127100 0.095300 0.000000 0.094300 0.000000 0.350400 0.109000 0.245400 0.110500 0.078100 0.113500 0.060500 0.060000 0.144800 0.417400 0.343800 0.127100 0.323800 0.431600 0.113500 0.108100 0.155800 0.124900 0.158000 0.212300 0.030200 0.000000
Gerenuk 0.046000 0.691800 0.142900 0.561900 0.074800 0.046000 0.106400 0.030700 0.129100 0.333500 0.046000 0.124700 0.078600 0.045000 0.137000 0.062600 0.212000 0.193400 0.061100 0.094300 0.045900 0.046000 0.300400 0.395300 0.046000 0.061300 0.062400 0.094300 0.000000 0.094300 0.306100 0.076400 0.209500 0.077400 0.046000 0.098400 0.060300 0.059800 0.077500 0.370800 0.300400 0.061300 0.281000 0.386500 0.098400 0.108300 0.090700 0.091900 0.123900 0.177000 0.111600 0.094300
CommonElan 0.078100 0.682400 0.044900 0.440300 0.075000 0.078100 0.139500 0.095500 0.030400 0.379700 0.078100 0.122900 0.111400 0.076300 0.137600 0.129800 0.248400 0.229100 0.093400 0.000000 0.111000 0.078100 0.343800 0.416300 0.078100 0.127100 0.095300 0.000000 0.094300 0.000000 0.350400 0.109000 0.245400 0.110500 0.078100 0.113500 0.060500 0.060000 0.144800 0.417400 0.343800 0.127100 0.323800 0.431600 0.113500 0.108100 0.155800 0.124900 0.158000 0.212300 0.028200 0.000000
MuntiacusR 0.240900 0.671600 0.365900 0.608400 0.312900 0.240900 0.312100 0.265800 0.353300 0.018700 0.240900 0.338400 0.242000 0.276900 0.308000 0.267600 0.212500 0.192500 0.258400 0.350400 0.283300 0.240900 0.074300 0.115500 0.240900 0.302600 0.223000 0.350400 0.306100 0.350400 0.000000 0.277100 0.209700 0.199300 0.240900 0.296700 0.277100 0.294200 0.283400 0.134400 0.074300 0.302600 0.017600 0.160200 0.296700 0.274200 0.333200 0.254800 0.295300 0.233900 0.350400 0.350400
HarveysDui 0.029800 0.706600 0.123600 0.575900 0.088900 0.029800 0.058400 0.045600 0.109800 0.302900 0.028200 0.074800 0.061100 0.029300 0.103200 0.077300 0.190300 0.172400 0.044600 0.109000 0.055900 0.029800 0.272200 0.362300 0.027800 0.075800 0.042500 0.109000 0.076400 0.109000 0.277100 0.000000 0.188100 0.060300 0.029800 0.096000 0.074600 0.074100 0.092100 0.339000 0.272200 0.075800 0.253400 0.356400 0.096000 0.090400 0.104600 0.068300 0.105500 0.156400 0.109200 0.109000
Pronghorn 0.156900 0.768100 0.259700 0.620400 0.218800 0.156900 0.184400 0.176000 0.247400 0.232500 0.156900 0.239000 0.157400 0.187700 0.215900 0.142400 0.073400 0.072900 0.172200 0.245400 0.157000 0.156900 0.224900 0.249400 0.156900 0.207800 0.175500 0.245400 0.209500 0.245400 0.209700 0.188100 0.000000 0.156400 0.156900 0.198500 0.187800 0.203000 0.157200 0.267000 0.224900 0.207800 0.188600 0.287000 0.198500 0.186700 0.235000 0.170400 0.238700 0.153200 0.245800 0.245400
BlueWildeb 0.028800 0.645700 0.125200 0.586100 0.090000 0.030200 0.089900 0.046200 0.111300 0.222600 0.030200 0.107600 0.030500 0.055700 0.088800 0.078400 0.158300 0.140800 0.045200 0.110500 0.061400 0.030200 0.195700 0.280000 0.030200 0.076800 0.014600 0.110500 0.077400 0.110500 0.199300 0.060300 0.156400 0.000000 0.028600 0.097400 0.075600 0.075000 0.061300 0.258300 0.195700 0.076800 0.177700 0.278800 0.097400 0.060200 0.106000 0.044700 0.106800 0.125000 0.110600 0.110500
Gemsbok 0.000000 0.653200 0.092900 0.532000 0.059400 0.000000 0.059400 0.015300 0.078600 0.265800 0.000000 0.076000 0.030700 0.029800 0.089100 0.046600 0.158800 0.141300 0.014300 0.078100 0.030400 0.000000 0.236500 0.324800 0.000000 0.045600 0.015200 0.078100 0.046000 0.078100 0.240900 0.029800 0.156900 0.028600 0.000000 0.064300 0.044900 0.044600 0.061600 0.302100 0.236500 0.045600 0.217900 0.320700 0.064300 0.060400 0.075000 0.044900 0.075500 0.125400 0.078200 0.078100
Yak 0.064300 0.689300 0.128600 0.492200 0.127400 0.064300 0.127300 0.081900 0.114400 0.324800 0.064300 0.110400 0.098200 0.095900 0.159300 0.082300 0.201000 0.182100 0.080000 0.113500 0.097900 0.064300 0.291000 0.362300 0.064300 0.114300 0.081800 0.113500 0.098400 0.113500 0.296700 0.096000 0.198500 0.097400 0.064300 0.000000 0.112500 0.111500 0.132300 0.363300 0.291000 0.114300 0.270900 0.379600 0.000000 0.128800 0.144100 0.112300 0.146100 0.165400 0.079800 0.113500
BlueSheep 0.044900 0.744000 0.106900 0.519200 0.073100 0.044900 0.104000 0.061000 0.093100 0.302900 0.044900 0.121900 0.076600 0.043900 0.102700 0.093100 0.190000 0.172200 0.059700 0.060500 0.075900 0.044900 0.272000 0.362400 0.044900 0.091300 0.060800 0.060500 0.060300 0.060500 0.277100 0.074600 0.187800 0.075600 0.044900 0.112500 0.000000 0.058400 0.107800 0.339000 0.272000 0.091300 0.253300 0.356300 0.112500 0.105800 0.120200 0.089800 0.121000 0.156200 0.092500 0.060500
BohorReedb 0.044600 0.729700 0.106100 0.538200 0.014100 0.044600 0.103300 0.060500 0.092300 0.320300 0.044600 0.121000 0.076100 0.043600 0.132900 0.092400 0.205400 0.187400 0.059200 0.060000 0.075400 0.044600 0.288900 0.379700 0.041400 0.090600 0.060400 0.060000 0.059800 0.060000 0.294200 0.074100 0.203000 0.075000 0.044600 0.111500 0.058400 0.000000 0.107000 0.356200 0.288900 0.090600 0.270300 0.372800 0.111500 0.105000 0.119200 0.089100 0.120100 0.171400 0.091800 0.060000
KirksDik 0.061600 0.645200 0.159600 0.525100 0.122300 0.061600 0.122200 0.046300 0.145900 0.310000 0.061600 0.141000 0.062200 0.091900 0.120600 0.046400 0.194000 0.175700 0.076700 0.144800 0.061400 0.061600 0.278200 0.325200 0.061600 0.076900 0.078200 0.144800 0.077500 0.144800 0.283400 0.092100 0.157200 0.061300 0.061600 0.132300 0.107800 0.107000 0.000000 0.347000 0.278200 0.076900 0.259000 0.364200 0.132300 0.092000 0.106100 0.075900 0.140000 0.159300 0.145000 0.144800
RoeDeer 0.302100 0.825300 0.432700 0.629700 0.375300 0.302100 0.374300 0.329000 0.421000 0.115500 0.302100 0.402900 0.303400 0.338700 0.369500 0.331300 0.270500 0.249400 0.319800 0.417400 0.346600 0.302100 0.131700 0.219200 0.302100 0.366400 0.283800 0.417400 0.370800 0.417400 0.134400 0.339000 0.267000 0.258300 0.302100 0.363300 0.339000 0.356200 0.347000 0.000000 0.131700 0.366400 0.153300 0.219600 0.363300 0.335400 0.396300 0.315100 0.403100 0.293200 0.417500 0.417400
WhiteLippe 0.236500 0.735800 0.359200 0.525800 0.307300 0.236500 0.306500 0.260800 0.346700 0.055900 0.236500 0.332400 0.237500 0.271800 0.302500 0.262500 0.227800 0.207800 0.253800 0.343800 0.278100 0.236500 0.000000 0.153900 0.236500 0.297000 0.218800 0.343800 0.300400 0.343800 0.074300 0.272200 0.224900 0.195700 0.236500 0.291000 0.272000 0.288900 0.278200 0.131700 0.000000 0.297000 0.092700 0.197900 0.291000 0.269400 0.327000 0.250200 0.332500 0.191000 0.344000 0.343800
ThomsonGaz 0.045600 0.609700 0.141800 0.553900 0.105700 0.045600 0.105600 0.029000 0.128000 0.329600 0.045600 0.123800 0.077900 0.075700 0.136000 0.062000 0.210200 0.191800 0.060600 0.127100 0.045500 0.045600 0.297000 0.369100 0.042300 0.000000 0.061800 0.127100 0.061300 0.127100 0.302600 0.075800 0.207800 0.076800 0.045600 0.114300 0.091300 0.090600 0.076900 0.366400 0.297000 0.000000 0.277800 0.362300 0.114300 0.107400 0.090000 0.091200 0.122900 0.141600 0.127200 0.127100
MuntiacusC 0.217900 0.664900 0.339300 0.634700 0.288500 0.217900 0.287800 0.241700 0.326500 0.037300 0.217900 0.313000 0.218800 0.253200 0.284100 0.243200 0.191000 0.171700 0.235200 0.323800 0.259000 0.217900 0.092700 0.134400 0.217900 0.277800 0.200300 0.323800 0.281000 0.323800 0.017600 0.253400 0.188600 0.177700 0.217900 0.270900 0.253300 0.270300 0.259000 0.153300 0.092700 0.277800 0.000000 0.179400 0.270900 0.250900 0.308200 0.231900 0.271200 0.211700 0.323800 0.323800
WhiteTaile 0.320700 0.960000 0.446400 0.770000 0.391100 0.320700 0.390200 0.346400 0.435500 0.183600 0.320700 0.418100 0.322000 0.355800 0.343900 0.348800 0.290500 0.267400 0.337700 0.431600 0.363400 0.320700 0.197900 0.161000 0.320700 0.362300 0.303200 0.431600 0.386500 0.431600 0.160200 0.356400 0.287000 0.278800 0.320700 0.379600 0.356300 0.372800 0.364200 0.219600 0.197900 0.362300 0.179400 0.000000 0.379600 0.353000 0.410700 0.333600 0.417900 0.292600 0.432000 0.431600
Cattle 0.064300 0.689300 0.128600 0.492200 0.127400 0.064300 0.127300 0.081900 0.114400 0.324800 0.064300 0.110400 0.098200 0.095900 0.159300 0.082300 0.201000 0.182100 0.080000 0.113500 0.097900 0.064300 0.291000 0.362300 0.064300 0.114300 0.081800 0.113500 0.098400 0.113500 0.296700 0.096000 0.198500 0.097400 0.064300 0.000000 0.112500 0.111500 0.132300 0.363300 0.291000 0.114300 0.270900 0.379600 0.000000 0.128800 0.144100 0.112300 0.146100 0.165400 0.079800 0.113500
RoyalAntel 0.060400 0.689600 0.122600 0.565600 0.120000 0.060400 0.119900 0.076900 0.108900 0.299600 0.060400 0.137500 0.092300 0.090200 0.118500 0.109600 0.188900 0.171100 0.075300 0.108100 0.091900 0.060400 0.269400 0.358300 0.060400 0.107400 0.076700 0.108100 0.108300 0.108100 0.274200 0.090400 0.186700 0.060200 0.060400 0.128800 0.105800 0.105000 0.092000 0.335400 0.269400 0.107400 0.250900 0.353000 0.128800 0.000000 0.103800 0.074500 0.104900 0.155200 0.108300 0.108100
Steenbok 0.075000 0.712300 0.137000 0.585900 0.134200 0.075000 0.134000 0.060100 0.156900 0.360300 0.075000 0.151800 0.106900 0.104600 0.164100 0.091800 0.237700 0.219400 0.089700 0.155800 0.074800 0.075000 0.327000 0.420700 0.075000 0.090000 0.091500 0.155800 0.090700 0.155800 0.333200 0.104600 0.235000 0.106000 0.075000 0.144100 0.120200 0.119200 0.106100 0.396300 0.327000 0.090000 0.308200 0.410700 0.144100 0.103800 0.000000 0.119900 0.151700 0.203400 0.155800 0.155800
Impala 0.044900 0.731400 0.139400 0.597600 0.104000 0.044900 0.103700 0.060900 0.125900 0.279500 0.044900 0.121800 0.076600 0.074400 0.102700 0.093000 0.172400 0.154900 0.059600 0.124900 0.075900 0.044900 0.250200 0.337900 0.044900 0.091200 0.060800 0.124900 0.091900 0.124900 0.254800 0.068300 0.170400 0.044700 0.044900 0.112300 0.089800 0.089100 0.075900 0.315100 0.250200 0.091200 0.231900 0.333600 0.112300 0.074500 0.119900 0.000000 0.120900 0.139100 0.125100 0.124900
Klipspring 0.075500 0.732700 0.172400 0.660800 0.135200 0.075500 0.135100 0.092300 0.159200 0.321500 0.075500 0.153900 0.108400 0.105300 0.165400 0.125400 0.241600 0.222800 0.090400 0.158000 0.107300 0.075500 0.332500 0.427800 0.075500 0.122900 0.092100 0.158000 0.123900 0.158000 0.295300 0.105500 0.238700 0.106800 0.075500 0.146100 0.121000 0.120100 0.140000 0.403100 0.332500 0.122900 0.271200 0.417900 0.146100 0.104900 0.151700 0.120900 0.000000 0.206300 0.158200 0.158000
ForestMusk 0.125400 0.668800 0.226700 0.573900 0.187000 0.125400 0.186800 0.143900 0.213900 0.257800 0.125400 0.206600 0.159800 0.156200 0.184500 0.144500 0.154900 0.137900 0.140700 0.212300 0.159200 0.125400 0.191000 0.317900 0.125400 0.141600 0.143500 0.212300 0.177000 0.212300 0.233900 0.156400 0.153200 0.125000 0.125400 0.165400 0.156200 0.171400 0.159300 0.293200 0.191000 0.141600 0.211700 0.292600 0.165400 0.155200 0.203400 0.139100 0.206300 0.000000 0.212500 0.212300
Bushbuck 0.078200 0.681000 0.045000 0.439700 0.107100 0.078200 0.139600 0.095600 0.030400 0.379800 0.078200 0.123100 0.111500 0.109000 0.137700 0.129900 0.248800 0.229400 0.093500 0.030200 0.111100 0.078200 0.344000 0.416200 0.078200 0.127200 0.095400 0.030200 0.111600 0.028200 0.350400 0.109200 0.245800 0.110600 0.078200 0.079800 0.092500 0.091800 0.145000 0.417500 0.344000 0.127200 0.323800 0.432000 0.079800 0.108300 0.155800 0.125100 0.158200 0.212500 0.000000 0.030200
GreaterKud 0.078100 0.682400 0.044900 0.440300 0.075000 0.078100 0.139500 0.095500 0.030400 0.379700 0.078100 0.122900 0.111400 0.076300 0.137600 0.129800 0.248400 0.229100 0.093400 0.000000 0.111000 0.078100 0.343800 0.416300 0.078100 0.127100 0.095300 0.000000 0.094300 0.000000 0.350400 0.109000 0.245400 0.110500 0.078100 0.113500 0.060500 0.060000 0.144800 0.417400 0.343800 0.127100 0.323800 0.431600 0.113500 0.108100 0.155800 0.124900 0.158000 0.212300 0.030200 0.000000
