1
52 1
Argali 0.000000 0.493900 0.104700 0.210000 0.104900 0.000000 0.080200 0.080000 0.079000 0.156300 0.053400 0.053400 0.077400 0.106500 0.137000 0.077500 0.105100 0.107100 0.053400 0.079000 0.110100 0.051100 0.105600 0.165300 0.079000 0.077800 0.076900 0.079000 0.102900 0.105400 0.181100 0.025700 0.078200 0.051500 0.051200 0.051500 0.053400 0.053400 0.077600 0.105500 0.106800 0.077800 0.131200 0.079400 0.025700 0.079700 0.137000 0.076800 0.025700 0.130900 0.079000 0.079000
LesserMous 0.493900 0.000000 0.368500 0.542700 0.333100 0.493900 0.340000 0.464300 0.337600 0.388100 0.470700 0.385800 0.400900 0.373900 0.548900 0.490500 0.343500 0.371600 0.470700 0.337600 0.457900 0.450400 0.409200 0.546700 0.498800 0.496000 0.432500 0.337600 0.520100 0.368100 0.414000 0.417000 0.497600 0.370100 0.411400 0.449300 0.470700 0.385800 0.490000 0.408000 0.367500 0.496000 0.357600 0.417700 0.417000 0.414500 0.502900 0.407000 0.417000 0.399000 0.337600 0.337600
LesserKudu 0.104700 0.368500 0.000000 0.203600 0.049200 0.104700 0.076900 0.103500 0.024900 0.097800 0.105300 0.051100 0.127400 0.157900 0.190600 0.128100 0.049500 0.102500 0.105300 0.024700 0.133700 0.101200 0.101300 0.102700 0.130100 0.128600 0.153400 0.024700 0.153000 0.049500 0.121300 0.076200 0.075800 0.101800 0.101300 0.101600 0.104900 0.051100 0.127900 0.049900 0.103100 0.128600 0.073800 0.024800 0.076200 0.076300 0.189500 0.126700 0.076200 0.024000 0.024900 0.024700
KillerWhal 0.210000 0.542700 0.203600 0.000000 0.262200 0.210000 0.180900 0.239300 0.236100 0.254600 0.211800 0.212000 0.175000 0.206100 0.300400 0.232700 0.204400 0.207400 0.211800 0.236100 0.213000 0.203900 0.205500 0.267900 0.235800 0.233700 0.201100 0.236100 0.257900 0.263100 0.278700 0.178900 0.236800 0.149600 0.204200 0.205000 0.211800 0.212000 0.232600 0.150000 0.207700 0.233700 0.230200 0.179800 0.178900 0.237800 0.239000 0.174400 0.178900 0.229600 0.236100 0.236100
DefassaWat 0.104900 0.333100 0.049200 0.262200 0.000000 0.104900 0.077000 0.103800 0.024900 0.098000 0.105000 0.051300 0.127700 0.158300 0.191100 0.128400 0.049600 0.102800 0.105100 0.024800 0.134000 0.101400 0.101500 0.158500 0.130400 0.129000 0.153800 0.024900 0.153400 0.049500 0.121600 0.076400 0.129900 0.102100 0.049500 0.101900 0.105500 0.051300 0.128200 0.101400 0.102600 0.129000 0.073900 0.076400 0.076400 0.076500 0.190000 0.127000 0.076400 0.073800 0.024800 0.024800
Sheep 0.000000 0.493900 0.104700 0.210000 0.104900 0.000000 0.080200 0.080000 0.079000 0.156300 0.053400 0.053400 0.077400 0.106500 0.137000 0.077500 0.105100 0.107100 0.053400 0.079000 0.110100 0.051100 0.105600 0.165300 0.079000 0.077800 0.076900 0.079000 0.102900 0.105400 0.181100 0.025700 0.078200 0.051500 0.051200 0.051500 0.053400 0.053400 0.077600 0.105500 0.106800 0.077800 0.131200 0.079400 0.025700 0.079700 0.137000 0.076800 0.025700 0.130900 0.079000 0.079000
MaxwellsDu 0.080200 0.340000 0.076900 0.180900 0.077000 0.080200 0.000000 0.079300 0.051700 0.127600 0.080800 0.026100 0.050700 0.078400 0.167000 0.104700 0.077600 0.025400 0.080800 0.051600 0.053100 0.077300 0.077600 0.134600 0.106200 0.105100 0.076400 0.051600 0.130400 0.077400 0.152100 0.051500 0.105800 0.025300 0.077400 0.077300 0.080200 0.026100 0.104200 0.077500 0.078500 0.105100 0.102900 0.051900 0.051900 0.052500 0.107500 0.102600 0.051900 0.102500 0.051600 0.051600
GazellaPrz 0.080000 0.464300 0.103500 0.239300 0.103800 0.080000 0.079300 0.000000 0.078200 0.155000 0.080900 0.052800 0.104200 0.106600 0.166100 0.049600 0.125200 0.105900 0.080900 0.078200 0.036900 0.077500 0.104800 0.163000 0.106400 0.049800 0.130700 0.078200 0.074100 0.104200 0.179500 0.052000 0.133400 0.078100 0.077600 0.078000 0.080900 0.052800 0.049700 0.104600 0.106000 0.049800 0.130200 0.078500 0.052000 0.078700 0.105000 0.103500 0.052000 0.129300 0.078200 0.078200
MountainNy 0.079000 0.337600 0.024900 0.236100 0.024900 0.079000 0.051700 0.078200 0.000000 0.073700 0.079500 0.025800 0.102500 0.132300 0.164400 0.103100 0.024900 0.077400 0.079500 0.000000 0.107500 0.076300 0.076400 0.132500 0.104700 0.103500 0.128600 0.000000 0.128300 0.025000 0.097600 0.051100 0.104200 0.076800 0.076000 0.076700 0.079500 0.025900 0.102800 0.076200 0.077300 0.103500 0.049500 0.051100 0.051400 0.051200 0.163300 0.101900 0.051100 0.049400 0.000000 0.000000
MuntiacusM 0.156300 0.388100 0.097800 0.254600 0.098000 0.156300 0.127600 0.155000 0.073700 0.000000 0.157100 0.101700 0.178100 0.209700 0.243500 0.179700 0.048200 0.153600 0.157100 0.073700 0.186600 0.151000 0.098600 0.210200 0.181200 0.180400 0.204700 0.073700 0.204800 0.098400 0.069200 0.126400 0.180800 0.152200 0.151200 0.152000 0.157100 0.101700 0.178400 0.098500 0.099700 0.180400 0.023300 0.126400 0.126400 0.126700 0.243200 0.176400 0.126400 0.122400 0.073700 0.073700
goat 0.053400 0.470700 0.105300 0.211800 0.105000 0.053400 0.080800 0.080900 0.079500 0.157100 0.000000 0.053800 0.077900 0.107200 0.081200 0.078300 0.106300 0.107900 0.000000 0.079500 0.111300 0.051500 0.106300 0.108000 0.026000 0.078600 0.104300 0.079500 0.103900 0.106100 0.181900 0.026000 0.135900 0.051900 0.051500 0.051800 0.000000 0.053900 0.078000 0.106200 0.107500 0.078600 0.132000 0.080200 0.025900 0.080200 0.137800 0.077300 0.025900 0.131600 0.079500 0.079500
AfricanBuf 0.053400 0.385800 0.051100 0.212000 0.051300 0.053400 0.026100 0.052800 0.025800 0.101700 0.053800 0.000000 0.077400 0.107200 0.138800 0.078300 0.051600 0.052300 0.054100 0.026000 0.081600 0.051400 0.051600 0.107300 0.079600 0.078600 0.104200 0.025800 0.103900 0.051500 0.126200 0.026000 0.079100 0.051900 0.051500 0.051800 0.053800 0.000000 0.078000 0.051600 0.052200 0.078600 0.077600 0.025900 0.026100 0.026100 0.137300 0.077300 0.026000 0.076700 0.026100 0.025800
Topi 0.077400 0.400900 0.127400 0.175000 0.127700 0.077400 0.050700 0.104200 0.102500 0.178100 0.077900 0.077400 0.000000 0.075700 0.160500 0.101200 0.128700 0.076200 0.077200 0.102000 0.078600 0.074700 0.128700 0.159100 0.103000 0.101600 0.023900 0.102400 0.073500 0.074800 0.202500 0.050100 0.158000 0.024400 0.074800 0.075200 0.077800 0.077900 0.100700 0.128500 0.130200 0.101600 0.153700 0.103100 0.050100 0.103500 0.103800 0.099700 0.050100 0.099100 0.102500 0.102500
CommonDuik 0.106500 0.373900 0.157900 0.206100 0.158300 0.106500 0.078400 0.106600 0.132300 0.209700 0.107200 0.107200 0.075700 0.000000 0.193700 0.103300 0.159300 0.104700 0.107200 0.132300 0.080300 0.101600 0.159300 0.221800 0.132300 0.103700 0.101300 0.132300 0.128500 0.158900 0.234200 0.077500 0.190400 0.050100 0.102900 0.103400 0.107200 0.107200 0.103000 0.159100 0.161100 0.103700 0.184700 0.133200 0.077500 0.133400 0.106500 0.128600 0.076600 0.184400 0.132300 0.132300
Suni 0.137000 0.548900 0.190600 0.300400 0.191100 0.137000 0.167000 0.166100 0.164400 0.243500 0.081200 0.138800 0.160500 0.193700 0.000000 0.160800 0.191200 0.195100 0.081200 0.164400 0.200800 0.077700 0.133800 0.195700 0.106700 0.161200 0.187900 0.164400 0.186200 0.191700 0.268800 0.106700 0.164300 0.133700 0.132900 0.133400 0.081200 0.138800 0.104600 0.192100 0.194600 0.161200 0.218300 0.165400 0.106700 0.165700 0.228300 0.159500 0.106700 0.217800 0.164400 0.164400
Springbuck 0.077500 0.490500 0.128100 0.232700 0.128400 0.077500 0.104700 0.049600 0.103100 0.179700 0.078300 0.078300 0.101200 0.103300 0.160800 0.000000 0.155200 0.131300 0.078300 0.103100 0.076900 0.075100 0.129800 0.188600 0.103100 0.048200 0.127200 0.103100 0.071900 0.129100 0.204200 0.050400 0.158800 0.075800 0.075200 0.075700 0.078300 0.078300 0.048300 0.129600 0.131300 0.048200 0.155100 0.103600 0.050400 0.104000 0.101900 0.100300 0.050400 0.154000 0.103100 0.103100
Okapi 0.105100 0.343500 0.049500 0.204400 0.049600 0.105100 0.077600 0.125200 0.024900 0.048200 0.106300 0.051600 0.128700 0.159300 0.191200 0.155200 0.000000 0.103700 0.106300 0.024900 0.134100 0.101900 0.049900 0.159600 0.131200 0.155900 0.155100 0.024900 0.181000 0.049800 0.071800 0.076900 0.130600 0.102700 0.102100 0.102600 0.106300 0.051600 0.128900 0.049800 0.050400 0.155900 0.024300 0.076800 0.076900 0.077100 0.191400 0.127500 0.076900 0.074300 0.024900 0.024900
Giraffe 0.107100 0.371600 0.102500 0.207400 0.102800 0.107100 0.025400 0.105900 0.077400 0.153600 0.107900 0.052300 0.076200 0.104700 0.195100 0.131300 0.103700 0.000000 0.107900 0.077400 0.079700 0.103200 0.103700 0.162000 0.133000 0.131800 0.102100 0.077400 0.157100 0.103400 0.178200 0.078200 0.132500 0.050500 0.103400 0.050500 0.107900 0.052000 0.130600 0.103600 0.104900 0.131800 0.129000 0.077900 0.077900 0.078200 0.134700 0.129100 0.077900 0.128400 0.077400 0.077100
TibetanAnt 0.053400 0.470700 0.105300 0.211800 0.105100 0.053400 0.080800 0.080900 0.079500 0.157100 0.000000 0.054100 0.077200 0.107200 0.081200 0.078300 0.106300 0.107900 0.000000 0.079600 0.111300 0.051500 0.106300 0.108000 0.025900 0.078600 0.104200 0.079500 0.103900 0.106100 0.181900 0.026000 0.135700 0.051900 0.051500 0.051800 0.000000 0.053800 0.078000 0.106200 0.107500 0.078600 0.132000 0.080000 0.025900 0.080200 0.137800 0.077300 0.026000 0.131600 0.079500 0.079400
Sitatunga 0.079000 0.337600 0.024700 0.236100 0.024800 0.079000 0.051600 0.078200 0.000000 0.073700 0.079500 0.026000 0.102000 0.132300 0.164400 0.103100 0.024900 0.077400 0.079600 0.000000 0.107500 0.076300 0.076400 0.132500 0.104700 0.103500 0.128600 0.000000 0.128300 0.024800 0.097600 0.051100 0.104200 0.076800 0.076400 0.076700 0.079500 0.025700 0.102800 0.076300 0.077300 0.103500 0.049500 0.051100 0.051100 0.051200 0.163300 0.101900 0.051100 0.049400 0.000000 0.000000
Oribi 0.110100 0.457900 0.133700 0.213000 0.134000 0.110100 0.053100 0.036900 0.107500 0.186600 0.111300 0.081600 0.078600 0.080300 0.200800 0.076900 0.134100 0.079700 0.111300 0.107500 0.000000 0.106700 0.134800 0.197200 0.137400 0.077100 0.105200 0.107500 0.102000 0.134500 0.211900 0.080400 0.165900 0.052300 0.106900 0.107400 0.111300 0.081600 0.076900 0.134700 0.136400 0.077100 0.160900 0.108100 0.080400 0.108300 0.079200 0.133600 0.080400 0.160700 0.107500 0.107500
BarbaryShe 0.051100 0.450400 0.101200 0.203900 0.101400 0.051100 0.077300 0.077500 0.076300 0.151000 0.051500 0.051400 0.074700 0.101600 0.077700 0.075100 0.101900 0.103200 0.051500 0.076300 0.106700 0.000000 0.049400 0.159200 0.076300 0.075400 0.099900 0.076300 0.099700 0.101700 0.174900 0.024900 0.076300 0.049800 0.049500 0.049700 0.051300 0.051500 0.024400 0.101800 0.103100 0.075400 0.126600 0.076700 0.024900 0.076800 0.132000 0.074300 0.024900 0.126500 0.076300 0.076300
Daviddeer 0.105600 0.409200 0.101300 0.205500 0.101500 0.105600 0.077600 0.104800 0.076400 0.098600 0.106300 0.051600 0.128700 0.159300 0.133800 0.129800 0.049900 0.103700 0.106300 0.076400 0.134800 0.049400 0.000000 0.159600 0.132700 0.130300 0.155200 0.076400 0.155300 0.102000 0.122500 0.076900 0.075400 0.102700 0.102100 0.102600 0.106300 0.051600 0.073700 0.049900 0.050500 0.130300 0.074500 0.076800 0.076900 0.077100 0.191400 0.127500 0.076900 0.126700 0.076700 0.076900
Reindeer 0.165300 0.546700 0.102700 0.267900 0.158500 0.165300 0.134600 0.163000 0.132500 0.210200 0.108000 0.107300 0.159100 0.221800 0.195700 0.188600 0.159600 0.162000 0.108000 0.132500 0.197200 0.159200 0.159600 0.000000 0.133300 0.189500 0.186500 0.132500 0.185900 0.131300 0.235000 0.133300 0.132700 0.160500 0.159400 0.160200 0.108000 0.107300 0.188100 0.103600 0.161400 0.189500 0.185200 0.078000 0.133300 0.134400 0.257400 0.186000 0.133300 0.101800 0.132500 0.132500
Ibex 0.079000 0.498800 0.130100 0.235800 0.130400 0.079000 0.106200 0.106400 0.104700 0.181200 0.026000 0.079600 0.103000 0.132300 0.106700 0.103100 0.131200 0.133000 0.025900 0.104700 0.137400 0.076300 0.132700 0.133300 0.000000 0.103500 0.128600 0.104700 0.128200 0.130900 0.205500 0.051100 0.161100 0.076800 0.076400 0.076700 0.026000 0.079500 0.102900 0.131000 0.132700 0.103500 0.156400 0.105300 0.051100 0.106200 0.163200 0.101800 0.051100 0.156100 0.104700 0.104700
GyrantGaze 0.077800 0.496000 0.128600 0.233700 0.129000 0.077800 0.105100 0.049800 0.103500 0.180400 0.078600 0.078600 0.101600 0.103700 0.161200 0.048200 0.155900 0.131800 0.078600 0.103500 0.077100 0.075400 0.130300 0.189500 0.103500 0.000000 0.127600 0.103500 0.072500 0.129600 0.205000 0.050600 0.159500 0.076000 0.075500 0.075900 0.078600 0.078600 0.048400 0.130200 0.131800 0.000000 0.155700 0.104100 0.050600 0.104400 0.102200 0.100700 0.050600 0.154600 0.103500 0.103500
Hartebeest 0.076900 0.432500 0.153400 0.201100 0.153800 0.076900 0.076400 0.130700 0.128600 0.204700 0.104300 0.104200 0.023900 0.101300 0.187900 0.127200 0.155100 0.102100 0.104200 0.128600 0.105200 0.099900 0.155200 0.186500 0.128600 0.127600 0.000000 0.128600 0.098600 0.100100 0.229200 0.075300 0.157000 0.048500 0.100100 0.100700 0.104200 0.104200 0.126500 0.155000 0.157000 0.127600 0.180300 0.129300 0.075300 0.129900 0.130300 0.125000 0.074200 0.124300 0.128600 0.128600
Bongo 0.079000 0.337600 0.024700 0.236100 0.024900 0.079000 0.051600 0.078200 0.000000 0.073700 0.079500 0.025800 0.102400 0.132300 0.164400 0.103100 0.024900 0.077400 0.079500 0.000000 0.107500 0.076300 0.076400 0.132500 0.104700 0.103500 0.128600 0.000000 0.128300 0.024900 0.097600 0.051100 0.104200 0.076800 0.076400 0.076700 0.079500 0.025900 0.102800 0.076300 0.077300 0.103500 0.049500 0.051100 0.051100 0.051200 0.163300 0.101900 0.051100 0.049400 0.000000 0.000000
Gerenuk 0.102900 0.520100 0.153000 0.257900 0.153400 0.102900 0.130400 0.074100 0.128300 0.204800 0.103900 0.103900 0.073500 0.128500 0.186200 0.071900 0.181000 0.157100 0.103900 0.128300 0.102000 0.099700 0.155300 0.185900 0.128200 0.072500 0.098600 0.128300 0.000000 0.099900 0.229400 0.075200 0.184600 0.100600 0.099800 0.100500 0.103900 0.103900 0.072100 0.155000 0.157100 0.072100 0.180500 0.128900 0.075200 0.129600 0.126800 0.124700 0.075200 0.124100 0.128300 0.128300
CommonElan 0.105400 0.368100 0.049500 0.263100 0.049500 0.105400 0.077400 0.104200 0.025000 0.098400 0.106100 0.051500 0.074800 0.158900 0.191700 0.129100 0.049800 0.103400 0.106100 0.024800 0.134500 0.101700 0.102000 0.131300 0.130900 0.129600 0.100100 0.024900 0.099900 0.000000 0.122300 0.076700 0.130400 0.102500 0.101900 0.102400 0.106100 0.051500 0.128600 0.101900 0.103200 0.129600 0.075300 0.076700 0.076700 0.077100 0.190900 0.127300 0.076600 0.024000 0.024900 0.024900
MuntiacusR 0.181100 0.414000 0.121300 0.278700 0.121600 0.181100 0.152100 0.179500 0.097600 0.069200 0.181900 0.126200 0.202500 0.234200 0.268800 0.204200 0.071800 0.178200 0.181900 0.097600 0.211900 0.174900 0.122500 0.235000 0.205500 0.205000 0.229200 0.097600 0.229400 0.122300 0.000000 0.150500 0.205200 0.176400 0.175200 0.176200 0.181900 0.126200 0.202600 0.122400 0.123900 0.205000 0.046400 0.150500 0.150500 0.151100 0.268600 0.200000 0.150500 0.146000 0.097600 0.097600
HarveysDui 0.025700 0.417000 0.076200 0.178900 0.076400 0.025700 0.051500 0.052000 0.051100 0.126400 0.026000 0.026000 0.050100 0.077500 0.106700 0.050400 0.076900 0.078200 0.026000 0.051100 0.080400 0.024900 0.076900 0.133300 0.051100 0.050600 0.075300 0.051100 0.075200 0.076700 0.150500 0.000000 0.104800 0.025000 0.024900 0.025000 0.025900 0.025900 0.049400 0.076800 0.077700 0.050600 0.101800 0.051400 0.000000 0.051500 0.106100 0.049800 0.000000 0.101600 0.051100 0.051500
Pronghorn 0.078200 0.497600 0.075800 0.236800 0.129900 0.078200 0.105800 0.133400 0.104200 0.180800 0.135900 0.079100 0.158000 0.190400 0.164300 0.158800 0.130600 0.132500 0.135700 0.104200 0.165900 0.076300 0.075400 0.132700 0.161100 0.159500 0.157000 0.104200 0.184600 0.130400 0.205200 0.104800 0.000000 0.131400 0.130600 0.131200 0.135900 0.079100 0.102900 0.076400 0.132100 0.159500 0.156000 0.051100 0.104900 0.105000 0.224200 0.156700 0.104800 0.101200 0.104200 0.104200
BlueWildeb 0.051500 0.370100 0.101800 0.149600 0.102100 0.051500 0.025300 0.078100 0.076800 0.152200 0.051900 0.051900 0.024400 0.050100 0.133700 0.075800 0.102700 0.050500 0.051900 0.076800 0.052300 0.049800 0.102700 0.160500 0.076800 0.076000 0.048500 0.076800 0.100600 0.102500 0.176400 0.025000 0.131400 0.000000 0.049800 0.050100 0.051900 0.051900 0.075400 0.102600 0.103900 0.076000 0.127700 0.077200 0.025000 0.077500 0.077700 0.074700 0.025000 0.126600 0.076800 0.076800
Gemsbok 0.051200 0.411400 0.101300 0.204200 0.049500 0.051200 0.077400 0.077600 0.076000 0.151200 0.051500 0.051500 0.074800 0.102900 0.132900 0.075200 0.102100 0.103400 0.051500 0.076400 0.106900 0.049500 0.102100 0.159400 0.076400 0.075500 0.100100 0.076400 0.099800 0.101900 0.175200 0.024900 0.130600 0.049800 0.000000 0.049800 0.051500 0.051200 0.075000 0.101900 0.103200 0.075500 0.126800 0.076900 0.024900 0.076700 0.132200 0.074400 0.024900 0.126700 0.076400 0.076400
Yak 0.051500 0.449300 0.101600 0.205000 0.101900 0.051500 0.077300 0.078000 0.076700 0.152000 0.051800 0.051800 0.075200 0.103400 0.133400 0.075700 0.102600 0.050500 0.051800 0.076700 0.107400 0.049700 0.102600 0.160200 0.076700 0.075900 0.100700 0.076700 0.100500 0.102400 0.176200 0.025000 0.131200 0.050100 0.049800 0.000000 0.051800 0.051800 0.075300 0.102400 0.103800 0.075900 0.127600 0.077100 0.025100 0.077400 0.132900 0.074600 0.025000 0.127200 0.076700 0.076700
BlueSheep 0.053400 0.470700 0.104900 0.211800 0.105500 0.053400 0.080200 0.080900 0.079500 0.157100 0.000000 0.053800 0.077800 0.107200 0.081200 0.078300 0.106300 0.107900 0.000000 0.079500 0.111300 0.051300 0.106300 0.108000 0.026000 0.078600 0.104200 0.079500 0.103900 0.106100 0.181900 0.025900 0.135900 0.051900 0.051500 0.051800 0.000000 0.053800 0.077800 0.106200 0.107500 0.078600 0.132000 0.080000 0.025900 0.080100 0.136700 0.077300 0.025900 0.131600 0.079500 0.079100
BohorReedb 0.053400 0.385800 0.051100 0.212000 0.051300 0.053400 0.026100 0.052800 0.025900 0.101700 0.053900 0.000000 0.077900 0.107200 0.138800 0.078300 0.051600 0.052000 0.053800 0.025700 0.081600 0.051500 0.051600 0.107300 0.079500 0.078600 0.104200 0.025900 0.103900 0.051500 0.126200 0.025900 0.079100 0.051900 0.051200 0.051800 0.053800 0.000000 0.078000 0.051600 0.052400 0.078600 0.076900 0.025900 0.026000 0.026100 0.137700 0.077300 0.025900 0.076200 0.025800 0.025900
KirksDik 0.077600 0.490000 0.127900 0.232600 0.128200 0.077600 0.104200 0.049700 0.102800 0.178400 0.078000 0.078000 0.100700 0.103000 0.104600 0.048300 0.128900 0.130600 0.078000 0.102800 0.076900 0.024400 0.073700 0.188100 0.102900 0.048400 0.126500 0.102800 0.072100 0.128600 0.202600 0.049400 0.102900 0.075400 0.075000 0.075300 0.077800 0.078000 0.000000 0.128700 0.130300 0.048400 0.153800 0.103300 0.050200 0.104100 0.101500 0.100100 0.050200 0.153600 0.102800 0.103000
RoeDeer 0.105500 0.408000 0.049900 0.150000 0.101400 0.105500 0.077500 0.104600 0.076200 0.098500 0.106200 0.051600 0.128500 0.159100 0.192100 0.129600 0.049800 0.103600 0.106200 0.076300 0.134700 0.101800 0.049900 0.103600 0.131000 0.130200 0.155000 0.076300 0.155000 0.101900 0.122400 0.076800 0.076400 0.102600 0.101900 0.102400 0.106200 0.051600 0.128700 0.000000 0.050400 0.130200 0.074400 0.025100 0.076800 0.077000 0.191200 0.127400 0.076800 0.074100 0.076300 0.076300
WhiteLippe 0.106800 0.367500 0.103100 0.207700 0.102600 0.106800 0.078500 0.106000 0.077300 0.099700 0.107500 0.052200 0.130200 0.161100 0.194600 0.131300 0.050400 0.104900 0.107500 0.077300 0.136400 0.103100 0.050500 0.161400 0.132700 0.131800 0.157000 0.077300 0.157100 0.103200 0.123900 0.077700 0.132100 0.103900 0.103200 0.103800 0.107500 0.052400 0.130300 0.050400 0.000000 0.131800 0.075400 0.077700 0.077700 0.077500 0.193700 0.128900 0.077700 0.128100 0.077300 0.077300
ThomsonGaz 0.077800 0.496000 0.128600 0.233700 0.129000 0.077800 0.105100 0.049800 0.103500 0.180400 0.078600 0.078600 0.101600 0.103700 0.161200 0.048200 0.155900 0.131800 0.078600 0.103500 0.077100 0.075400 0.130300 0.189500 0.103500 0.000000 0.127600 0.103500 0.072100 0.129600 0.205000 0.050600 0.159500 0.076000 0.075500 0.075900 0.078600 0.078600 0.048400 0.130200 0.131800 0.000000 0.155700 0.104100 0.050600 0.104400 0.102200 0.100700 0.050600 0.154600 0.103500 0.103500
MuntiacusC 0.131200 0.357600 0.073800 0.230200 0.073900 0.131200 0.102900 0.130200 0.049500 0.023300 0.132000 0.077600 0.153700 0.184700 0.218300 0.155100 0.024300 0.129000 0.132000 0.049500 0.160900 0.126600 0.074500 0.185200 0.156400 0.155700 0.180300 0.049500 0.180500 0.075300 0.046400 0.101800 0.156000 0.127700 0.126800 0.127600 0.132000 0.076900 0.153800 0.074400 0.075400 0.155700 0.000000 0.101800 0.101800 0.102400 0.217600 0.152100 0.101800 0.098500 0.049500 0.049700
WhiteTaile 0.079400 0.417700 0.024800 0.179800 0.076400 0.079400 0.051900 0.078500 0.051100 0.126400 0.080200 0.025900 0.103100 0.133200 0.165400 0.103600 0.076800 0.077900 0.080000 0.051100 0.108100 0.076700 0.076800 0.078000 0.105300 0.104100 0.129300 0.051100 0.128900 0.076700 0.150500 0.051400 0.051100 0.077200 0.076900 0.077100 0.080000 0.025900 0.103300 0.025100 0.077700 0.104100 0.101800 0.000000 0.051400 0.051600 0.164300 0.102400 0.051300 0.049600 0.051100 0.051100
Cattle 0.025700 0.417000 0.076200 0.178900 0.076400 0.025700 0.051900 0.052000 0.051400 0.126400 0.025900 0.026100 0.050100 0.077500 0.106700 0.050400 0.076900 0.077900 0.025900 0.051100 0.080400 0.024900 0.076900 0.133300 0.051100 0.050600 0.075300 0.051100 0.075200 0.076700 0.150500 0.000000 0.104900 0.025000 0.024900 0.025100 0.025900 0.026000 0.050200 0.076800 0.077700 0.050600 0.101800 0.051400 0.000000 0.051900 0.106100 0.049800 0.000000 0.101600 0.051100 0.051100
RoyalAntel 0.079700 0.414500 0.076300 0.237800 0.076500 0.079700 0.052500 0.078700 0.051200 0.126700 0.080200 0.026100 0.103500 0.133400 0.165700 0.104000 0.077100 0.078200 0.080200 0.051200 0.108300 0.076800 0.077100 0.134400 0.106200 0.104400 0.129900 0.051200 0.129600 0.077100 0.151100 0.051500 0.105000 0.077500 0.076700 0.077400 0.080100 0.026100 0.104100 0.077000 0.077500 0.104400 0.102400 0.051600 0.051900 0.000000 0.164800 0.102500 0.051500 0.101800 0.051200 0.051200
Steenbok 0.137000 0.502900 0.189500 0.239000 0.190000 0.137000 0.107500 0.105000 0.163300 0.243200 0.137800 0.137300 0.103800 0.106500 0.228300 0.101900 0.191400 0.134700 0.137800 0.163300 0.079200 0.132000 0.191400 0.257400 0.163200 0.102200 0.130300 0.163300 0.126800 0.190900 0.268600 0.106100 0.224200 0.077700 0.132200 0.132900 0.136700 0.137700 0.101500 0.191200 0.193700 0.102200 0.217600 0.164300 0.106100 0.164800 0.000000 0.158600 0.106100 0.217000 0.163300 0.163300
Impala 0.076800 0.407000 0.126700 0.174400 0.127000 0.076800 0.102600 0.103500 0.101900 0.176400 0.077300 0.077300 0.099700 0.128600 0.159500 0.100300 0.127500 0.129100 0.077300 0.101900 0.133600 0.074300 0.127500 0.186000 0.101800 0.100700 0.125000 0.101900 0.124700 0.127300 0.200000 0.049800 0.156700 0.074700 0.074400 0.074600 0.077300 0.077300 0.100100 0.127400 0.128900 0.100700 0.152100 0.102400 0.049800 0.102500 0.158600 0.000000 0.049800 0.152000 0.101900 0.101900
Klipspring 0.025700 0.417000 0.076200 0.178900 0.076400 0.025700 0.051900 0.052000 0.051100 0.126400 0.025900 0.026000 0.050100 0.076600 0.106700 0.050400 0.076900 0.077900 0.026000 0.051100 0.080400 0.024900 0.076900 0.133300 0.051100 0.050600 0.074200 0.051100 0.075200 0.076600 0.150500 0.000000 0.104800 0.025000 0.024900 0.025000 0.025900 0.025900 0.050200 0.076800 0.077700 0.050600 0.101800 0.051300 0.000000 0.051500 0.106100 0.049800 0.000000 0.101600 0.051300 0.051100
ForestMusk 0.130900 0.399000 0.024000 0.229600 0.073800 0.130900 0.102500 0.129300 0.049400 0.122400 0.131600 0.076700 0.099100 0.184400 0.217800 0.154000 0.074300 0.128400 0.131600 0.049400 0.160700 0.126500 0.126700 0.101800 0.156100 0.154600 0.124300 0.049400 0.124100 0.024000 0.146000 0.101600 0.101200 0.126600 0.126700 0.127200 0.131600 0.076200 0.153600 0.074100 0.128100 0.154600 0.098500 0.049600 0.101600 0.101800 0.217000 0.152000 0.101600 0.000000 0.049400 0.049400
Bushbuck 0.079000 0.337600 0.024900 0.236100 0.024800 0.079000 0.051600 0.078200 0.000000 0.073700 0.079500 0.026100 0.102500 0.132300 0.164400 0.103100 0.024900 0.077400 0.079500 0.000000 0.107500 0.076300 0.076700 0.132500 0.104700 0.103500 0.128600 0.000000 0.128300 0.024900 0.097600 0.051100 0.104200 0.076800 0.076400 0.076700 0.079500 0.025800 0.102800 0.076300 0.077300 0.103500 0.049500 0.051100 0.051100 0.051200 0.163300 0.101900 0.051300 0.049400 0.000000 0.000000
GreaterKud 0.079000 0.337600 0.024700 0.236100 0.024800 0.079000 0.051600 0.078200 0.000000 0.073700 0.079500 0.025800 0.102500 0.132300 0.164400 0.103100 0.024900 0.077100 0.079400 0.000000 0.107500 0.076300 0.076900 0.132500 0.104700 0.103500 0.128600 0.000000 0.128300 0.024900 0.097600 0.051500 0.104200 0.076800 0.076400 0.076700 0.079100 0.025900 0.103000 0.076300 0.077300 0.103500 0.049700 0.051100 0.051100 0.051200 0.163300 0.101900 0.051100 0.049400 0.000000 0.000000
