CODONML (in paml version 4.10.7, June 2023)  /home/rachel/ruminants_paml/6406-phy-tree/ENSBTAT00000009630.fasta.phy
Model: free dN/dS Ratios for branches,  kappa = 2.000 fixed

Codon frequency model: F3x4
ns =  54  ls =  25

Codon usage in sequences
--------------------------------------------------------------------------------------------------------------------------------------
Phe TTT   1   1   1   1   2   2 | Ser TCT   0   0   0   0   0   0 | Tyr TAT   0   0   0   0   0   0 | Cys TGT   1   1   1   1   1   1
    TTC   0   0   0   0   0   0 |     TCC   0   0   0   0   0   0 |     TAC   0   0   0   0   0   0 |     TGC   0   0   0   0   0   0
Leu TTA   1   1   1   1   1   1 |     TCA   1   1   1   1   1   2 | *** TAA   0   0   0   0   0   0 | *** TGA   0   0   0   0   0   0
    TTG   0   0   0   0   0   0 |     TCG   0   0   0   0   0   0 |     TAG   0   0   0   0   0   0 | Trp TGG   0   0   0   0   0   0
--------------------------------------------------------------------------------------------------------------------------------------
Leu CTT   2   2   1   2   1   1 | Pro CCT   0   0   0   0   0   0 | His CAT   0   0   0   0   0   0 | Arg CGT   0   0   0   0   0   0
    CTC   0   0   0   1   0   0 |     CCC   1   0   1   0   1   1 |     CAC   0   1   0   0   1   0 |     CGC   0   0   0   0   0   0
    CTA   0   0   0   2   0   0 |     CCA   1   1   1   0   0   1 | Gln CAA   1   1   1   0   2   1 |     CGA   0   0   0   0   0   0
    CTG   1   1   1   1   0   1 |     CCG   0   0   0   0   0   0 |     CAG   1   1   1   1   1   1 |     CGG   0   0   0   0   0   0
--------------------------------------------------------------------------------------------------------------------------------------
Ile ATT   0   0   0   0   0   0 | Thr ACT   1   1   2   1   1   0 | Asn AAT   0   0   0   0   0   1 | Ser AGT   0   0   0   0   0   0
    ATC   0   1   0   0   0   0 |     ACC   0   0   0   0   0   1 |     AAC   1   1   1   1   0   0 |     AGC   0   0   0   0   0   0
    ATA   1   1   1   1   1   1 |     ACA   1   1   2   1   1   1 | Lys AAA   2   1   2   2   1   2 | Arg AGA   1   1   1   1   1   1
Met ATG   1   0   1   1   2   1 |     ACG   0   0   0   0   0   0 |     AAG   0   1   0   0   0   0 |     AGG   0   0   0   0   0   0
--------------------------------------------------------------------------------------------------------------------------------------
Val GTT   1   1   1   0   1   1 | Ala GCT   0   0   0   1   0   0 | Asp GAT   0   0   0   0   0   0 | Gly GGT   0   0   0   0   0   0
    GTC   1   0   1   1   1   1 |     GCC   0   0   0   0   0   0 |     GAC   0   0   0   0   0   0 |     GGC   0   0   0   0   0   0
    GTA   0   0   0   0   0   0 |     GCA   2   2   1   2   3   1 | Glu GAA   2   1   2   2   2   2 |     GGA   0   2   0   0   0   0
    GTG   0   0   0   0   0   0 |     GCG   0   0   0   0   0   0 |     GAG   0   0   0   0   0   0 |     GGG   0   0   0   0   0   0
--------------------------------------------------------------------------------------------------------------------------------------

--------------------------------------------------------------------------------------------------------------------------------------
Phe TTT   1   1   1   1   1   1 | Ser TCT   0   0   0   0   0   0 | Tyr TAT   0   0   0   0   0   0 | Cys TGT   1   1   1   1   1   1
    TTC   0   0   0   0   0   0 |     TCC   0   0   0   0   0   0 |     TAC   0   0   0   0   0   0 |     TGC   0   0   0   0   0   0
Leu TTA   1   1   1   1   1   1 |     TCA   1   1   1   0   1   1 | *** TAA   0   0   0   0   0   0 | *** TGA   0   0   0   0   0   0
    TTG   0   0   0   0   0   0 |     TCG   0   0   0   0   0   0 |     TAG   0   0   0   0   0   0 | Trp TGG   0   0   0   0   0   0
--------------------------------------------------------------------------------------------------------------------------------------
Leu CTT   2   2   1   1   1   2 | Pro CCT   0   0   1   1   0   0 | His CAT   0   0   0   0   0   0 | Arg CGT   0   0   0   0   0   0
    CTC   0   0   0   0   0   0 |     CCC   1   1   1   1   1   1 |     CAC   0   0   0   0   0   0 |     CGC   0   0   0   0   0   0
    CTA   0   0   0   0   0   0 |     CCA   1   1   1   1   0   1 | Gln CAA   1   1   1   1   1   1 |     CGA   0   0   0   0   0   0
    CTG   1   1   1   1   1   1 |     CCG   0   0   0   0   1   0 |     CAG   1   1   1   1   1   1 |     CGG   0   0   0   0   0   0
--------------------------------------------------------------------------------------------------------------------------------------
Ile ATT   0   0   0   0   0   0 | Thr ACT   1   1   1   1   2   1 | Asn AAT   0   0   0   0   0   0 | Ser AGT   0   0   0   0   0   0
    ATC   0   0   0   0   0   0 |     ACC   0   0   0   0   0   0 |     AAC   1   1   1   1   1   1 |     AGC   0   0   0   0   0   0
    ATA   1   1   1   1   1   1 |     ACA   1   1   1   1   2   1 | Lys AAA   1   2   2   3   2   2 | Arg AGA   1   1   1   1   1   1
Met ATG   1   1   1   1   1   1 |     ACG   0   0   0   0   0   0 |     AAG   0   0   0   0   0   0 |     AGG   0   0   0   0   0   0
--------------------------------------------------------------------------------------------------------------------------------------
Val GTT   1   1   1   1   1   1 | Ala GCT   0   0   0   0   0   0 | Asp GAT   0   0   0   0   0   0 | Gly GGT   0   0   0   0   0   0
    GTC   1   1   1   1   1   1 |     GCC   0   0   0   0   0   0 |     GAC   1   0   0   0   0   0 |     GGC   0   0   0   0   0   0
    GTA   0   0   0   0   0   0 |     GCA   2   2   2   3   1   2 | Glu GAA   2   2   2   1   2   2 |     GGA   0   0   0   0   0   0
    GTG   0   0   0   0   0   0 |     GCG   0   0   0   0   0   0 |     GAG   0   0   0   0   0   0 |     GGG   0   0   0   0   0   0
--------------------------------------------------------------------------------------------------------------------------------------

--------------------------------------------------------------------------------------------------------------------------------------
Phe TTT   1   1   1   1   1   1 | Ser TCT   0   0   0   0   0   0 | Tyr TAT   0   0   0   0   0   0 | Cys TGT   1   0   0   1   1   1
    TTC   0   0   0   0   0   0 |     TCC   0   0   0   0   0   0 |     TAC   0   0   0   0   0   0 |     TGC   0   0   0   0   0   0
Leu TTA   1   1   1   1   1   1 |     TCA   1   1   1   1   1   1 | *** TAA   0   0   0   0   0   0 | *** TGA   0   0   0   0   0   0
    TTG   0   0   0   0   0   0 |     TCG   0   0   0   0   0   0 |     TAG   0   0   0   0   0   0 | Trp TGG   0   0   0   0   0   0
--------------------------------------------------------------------------------------------------------------------------------------
Leu CTT   2   2   2   1   2   2 | Pro CCT   0   0   0   0   0   0 | His CAT   0   0   0   0   0   0 | Arg CGT   0   1   1   0   0   0
    CTC   0   0   0   0   0   0 |     CCC   1   1   1   1   1   1 |     CAC   0   0   0   0   0   0 |     CGC   0   0   0   0   0   0
    CTA   0   0   0   0   0   0 |     CCA   1   1   1   1   1   1 | Gln CAA   1   1   1   0   1   0 |     CGA   0   0   0   0   0   0
    CTG   1   1   1   1   0   1 |     CCG   0   0   0   0   0   0 |     CAG   1   1   1   2   1   1 |     CGG   0   0   0   0   0   0
--------------------------------------------------------------------------------------------------------------------------------------
Ile ATT   0   0   0   0   0   0 | Thr ACT   1   1   1   2   1   1 | Asn AAT   0   0   0   0   0   0 | Ser AGT   0   0   0   0   0   0
    ATC   0   0   0   0   0   1 |     ACC   0   0   0   0   0   0 |     AAC   1   1   1   1   1   1 |     AGC   0   0   0   0   0   0
    ATA   1   1   1   1   1   1 |     ACA   1   1   1   1   1   1 | Lys AAA   2   2   3   2   2   3 | Arg AGA   1   1   1   1   1   1
Met ATG   1   1   1   1   1   1 |     ACG   0   0   0   0   0   0 |     AAG   0   0   0   0   0   0 |     AGG   0   0   0   0   0   0
--------------------------------------------------------------------------------------------------------------------------------------
Val GTT   1   1   1   1   1   1 | Ala GCT   0   0   0   0   0   0 | Asp GAT   0   0   0   0   0   0 | Gly GGT   0   0   0   0   0   0
    GTC   1   1   1   1   1   0 |     GCC   0   0   0   0   0   0 |     GAC   0   0   0   0   0   0 |     GGC   0   0   0   0   0   0
    GTA   0   0   0   0   0   0 |     GCA   2   2   2   2   2   2 | Glu GAA   2   2   1   2   2   2 |     GGA   0   0   0   0   0   0
    GTG   0   0   0   0   1   0 |     GCG   0   0   0   0   0   0 |     GAG   0   0   0   0   0   0 |     GGG   0   0   0   0   0   0
--------------------------------------------------------------------------------------------------------------------------------------

--------------------------------------------------------------------------------------------------------------------------------------
Phe TTT   1   1   1   1   1   1 | Ser TCT   0   0   0   0   0   0 | Tyr TAT   0   0   0   0   0   0 | Cys TGT   1   1   1   1   1   1
    TTC   0   0   0   0   0   0 |     TCC   0   0   0   0   0   0 |     TAC   0   0   0   0   0   0 |     TGC   0   0   0   0   0   0
Leu TTA   1   1   1   1   1   1 |     TCA   1   1   1   1   1   1 | *** TAA   0   0   0   0   0   0 | *** TGA   0   0   0   0   0   0
    TTG   0   0   0   0   0   0 |     TCG   0   0   0   0   0   0 |     TAG   0   0   0   0   0   0 | Trp TGG   0   0   0   0   0   0
--------------------------------------------------------------------------------------------------------------------------------------
Leu CTT   2   2   2   1   2   2 | Pro CCT   0   0   0   0   0   0 | His CAT   0   0   0   0   0   0 | Arg CGT   0   0   0   0   0   0
    CTC   0   0   0   0   0   0 |     CCC   1   1   1   1   1   1 |     CAC   0   0   0   0   0   0 |     CGC   0   0   0   0   0   0
    CTA   0   0   0   0   0   0 |     CCA   1   1   1   1   1   1 | Gln CAA   1   1   1   1   0   1 |     CGA   0   0   0   0   0   0
    CTG   1   0   1   1   1   1 |     CCG   0   0   0   0   0   0 |     CAG   1   1   1   1   1   1 |     CGG   0   1   0   0   0   0
--------------------------------------------------------------------------------------------------------------------------------------
Ile ATT   0   0   0   0   0   0 | Thr ACT   1   1   1   2   1   1 | Asn AAT   0   0   0   0   0   0 | Ser AGT   0   0   0   0   0   0
    ATC   0   0   1   0   0   0 |     ACC   0   0   0   0   0   0 |     AAC   1   1   1   1   1   1 |     AGC   0   0   0   0   0   0
    ATA   1   1   0   1   1   1 |     ACA   1   1   1   2   2   1 | Lys AAA   2   2   2   2   2   2 | Arg AGA   1   1   1   1   1   1
Met ATG   1   1   1   1   1   1 |     ACG   0   0   0   0   0   0 |     AAG   0   0   0   0   0   0 |     AGG   0   0   0   0   0   0
--------------------------------------------------------------------------------------------------------------------------------------
Val GTT   1   1   2   1   1   1 | Ala GCT   0   0   0   0   0   0 | Asp GAT   0   0   0   0   0   0 | Gly GGT   0   0   0   0   0   0
    GTC   1   1   0   1   1   1 |     GCC   0   0   0   0   0   0 |     GAC   0   0   0   0   0   0 |     GGC   0   0   0   0   0   0
    GTA   0   0   0   0   0   0 |     GCA   2   2   2   1   2   2 | Glu GAA   2   2   2   2   2   2 |     GGA   0   0   0   0   0   0
    GTG   0   0   0   0   0   0 |     GCG   0   0   0   0   0   0 |     GAG   0   0   0   0   0   0 |     GGG   0   0   0   0   0   0
--------------------------------------------------------------------------------------------------------------------------------------

--------------------------------------------------------------------------------------------------------------------------------------
Phe TTT   1   0   1   1   1   1 | Ser TCT   0   0   0   0   0   0 | Tyr TAT   0   0   0   0   0   0 | Cys TGT   1   1   1   1   0   1
    TTC   0   1   0   0   0   0 |     TCC   0   0   0   0   0   0 |     TAC   0   0   0   0   0   0 |     TGC   0   0   0   0   0   0
Leu TTA   1   1   1   1   1   1 |     TCA   1   1   1   1   1   1 | *** TAA   0   0   0   0   0   0 | *** TGA   0   0   0   0   0   0
    TTG   0   0   0   0   0   0 |     TCG   0   0   0   0   0   0 |     TAG   0   0   0   0   0   0 | Trp TGG   0   0   0   0   0   0
--------------------------------------------------------------------------------------------------------------------------------------
Leu CTT   2   2   2   2   2   1 | Pro CCT   0   0   0   0   0   0 | His CAT   0   0   0   0   0   0 | Arg CGT   0   0   0   0   1   0
    CTC   0   0   0   0   0   0 |     CCC   1   1   1   1   1   1 |     CAC   0   0   0   0   0   0 |     CGC   0   0   0   0   0   0
    CTA   0   1   0   0   0   0 |     CCA   1   1   1   1   1   0 | Gln CAA   1   1   1   0   1   1 |     CGA   0   0   0   0   0   0
    CTG   1   0   1   1   1   1 |     CCG   0   0   0   0   0   1 |     CAG   1   1   1   1   1   1 |     CGG   0   0   0   0   0   0
--------------------------------------------------------------------------------------------------------------------------------------
Ile ATT   0   0   0   1   0   0 | Thr ACT   1   1   1   1   1   2 | Asn AAT   0   0   0   0   0   0 | Ser AGT   0   0   0   0   0   0
    ATC   0   0   0   0   0   0 |     ACC   0   0   0   0   0   0 |     AAC   1   1   1   1   1   1 |     AGC   0   0   0   0   0   0
    ATA   1   1   1   1   1   1 |     ACA   1   1   1   1   1   2 | Lys AAA   2   2   2   3   2   2 | Arg AGA   1   1   1   1   1   1
Met ATG   1   1   1   1   1   1 |     ACG   0   0   0   0   0   0 |     AAG   0   0   0   0   0   0 |     AGG   0   0   0   0   0   0
--------------------------------------------------------------------------------------------------------------------------------------
Val GTT   1   1   1   0   1   1 | Ala GCT   0   0   0   0   0   0 | Asp GAT   0   0   0   0   0   0 | Gly GGT   0   0   0   0   0   0
    GTC   1   1   1   1   1   1 |     GCC   0   0   0   0   0   0 |     GAC   0   0   0   0   0   0 |     GGC   0   0   0   0   0   0
    GTA   0   0   0   0   0   0 |     GCA   2   2   2   2   2   1 | Glu GAA   2   2   2   2   2   2 |     GGA   0   0   0   0   0   0
    GTG   0   0   0   0   0   0 |     GCG   0   0   0   0   0   0 |     GAG   0   0   0   0   0   0 |     GGG   0   0   0   0   0   0
--------------------------------------------------------------------------------------------------------------------------------------

--------------------------------------------------------------------------------------------------------------------------------------
Phe TTT   1   1   1   1   1   1 | Ser TCT   0   0   0   0   0   0 | Tyr TAT   0   0   0   0   0   0 | Cys TGT   1   1   1   1   1   0
    TTC   0   0   0   0   0   0 |     TCC   0   0   0   0   0   0 |     TAC   0   0   0   0   0   0 |     TGC   0   0   0   0   0   0
Leu TTA   1   1   1   1   1   1 |     TCA   1   1   1   1   1   1 | *** TAA   0   0   0   0   0   0 | *** TGA   0   0   0   0   0   0
    TTG   0   0   0   0   0   0 |     TCG   0   0   0   0   0   0 |     TAG   0   0   0   0   0   0 | Trp TGG   0   0   0   0   0   0
--------------------------------------------------------------------------------------------------------------------------------------
Leu CTT   2   1   2   1   2   2 | Pro CCT   0   0   0   1   1   0 | His CAT   0   0   0   0   0   0 | Arg CGT   0   0   0   0   0   1
    CTC   0   0   0   0   0   0 |     CCC   1   1   1   1   0   1 |     CAC   0   0   0   0   0   0 |     CGC   0   0   0   0   0   0
    CTA   0   0   0   0   0   0 |     CCA   1   1   1   1   0   1 | Gln CAA   0   1   1   0   1   1 |     CGA   0   0   0   0   0   0
    CTG   1   1   1   1   1   1 |     CCG   0   0   0   0   1   0 |     CAG   1   1   1   2   1   1 |     CGG   0   0   0   0   0   0
--------------------------------------------------------------------------------------------------------------------------------------
Ile ATT   0   0   0   0   0   0 | Thr ACT   1   2   1   1   1   1 | Asn AAT   0   0   0   0   0   0 | Ser AGT   0   0   0   0   0   0
    ATC   0   0   0   0   0   0 |     ACC   0   0   0   0   0   0 |     AAC   1   1   1   1   1   1 |     AGC   0   0   0   0   0   0
    ATA   1   1   1   1   1   1 |     ACA   1   2   1   1   1   1 | Lys AAA   3   2   3   2   1   2 | Arg AGA   1   1   0   1   1   1
Met ATG   1   1   1   1   1   1 |     ACG   0   0   0   0   0   0 |     AAG   0   0   0   0   1   0 |     AGG   0   0   0   0   0   0
--------------------------------------------------------------------------------------------------------------------------------------
Val GTT   1   1   1   1   1   1 | Ala GCT   0   0   0   0   0   0 | Asp GAT   0   0   0   0   0   0 | Gly GGT   0   0   0   0   0   0
    GTC   1   1   1   1   1   1 |     GCC   0   0   0   0   0   0 |     GAC   0   0   0   0   0   0 |     GGC   0   0   0   0   0   0
    GTA   0   0   0   0   0   0 |     GCA   2   1   2   2   2   2 | Glu GAA   2   2   2   2   2   2 |     GGA   0   0   0   0   0   0
    GTG   0   0   0   0   0   0 |     GCG   0   0   0   0   0   0 |     GAG   0   0   0   0   0   0 |     GGG   0   0   0   0   0   0
--------------------------------------------------------------------------------------------------------------------------------------

--------------------------------------------------------------------------------------------------------------------------------------
Phe TTT   1   1   1   1   1   1 | Ser TCT   0   0   0   0   0   0 | Tyr TAT   0   0   0   0   0   0 | Cys TGT   1   1   1   1   1   1
    TTC   0   0   0   0   0   0 |     TCC   0   0   0   0   0   0 |     TAC   0   0   0   0   0   0 |     TGC   0   0   0   0   0   0
Leu TTA   1   1   1   1   1   1 |     TCA   1   1   1   1   1   0 | *** TAA   0   0   0   0   0   0 | *** TGA   0   0   0   0   0   0
    TTG   0   0   0   0   0   0 |     TCG   0   0   0   0   0   0 |     TAG   0   0   0   0   0   0 | Trp TGG   0   0   0   0   0   0
--------------------------------------------------------------------------------------------------------------------------------------
Leu CTT   2   2   2   2   1   2 | Pro CCT   0   0   0   0   0   0 | His CAT   0   0   0   0   0   0 | Arg CGT   0   0   0   0   0   0
    CTC   0   0   0   0   0   0 |     CCC   1   1   1   1   1   1 |     CAC   0   0   0   0   0   0 |     CGC   0   0   0   0   0   0
    CTA   0   0   0   0   0   0 |     CCA   1   1   1   1   1   2 | Gln CAA   1   1   1   1   0   1 |     CGA   0   0   0   0   0   0
    CTG   1   1   1   1   2   1 |     CCG   0   0   0   0   0   0 |     CAG   1   1   1   1   1   1 |     CGG   0   0   0   0   0   0
--------------------------------------------------------------------------------------------------------------------------------------
Ile ATT   0   0   0   0   0   1 | Thr ACT   1   1   1   1   1   1 | Asn AAT   0   0   0   0   0   0 | Ser AGT   0   0   0   0   0   0
    ATC   0   0   0   0   0   0 |     ACC   0   0   0   0   0   0 |     AAC   1   1   1   2   1   1 |     AGC   0   0   0   0   0   0
    ATA   1   1   1   1   1   1 |     ACA   1   1   1   1   0   1 | Lys AAA   2   2   2   1   4   2 | Arg AGA   1   1   1   1   1   1
Met ATG   1   1   1   1   1   1 |     ACG   0   0   0   0   0   0 |     AAG   0   0   0   0   0   0 |     AGG   0   0   0   0   0   0
--------------------------------------------------------------------------------------------------------------------------------------
Val GTT   1   1   1   1   0   0 | Ala GCT   0   0   0   0   1   0 | Asp GAT   0   0   0   0   0   0 | Gly GGT   0   0   0   0   0   0
    GTC   1   1   1   1   1   1 |     GCC   0   0   0   0   0   0 |     GAC   0   0   0   0   0   0 |     GGC   0   0   0   0   0   0
    GTA   0   0   0   0   0   0 |     GCA   2   2   2   2   3   2 | Glu GAA   2   2   2   2   1   2 |     GGA   0   0   0   0   0   0
    GTG   0   0   0   0   0   0 |     GCG   0   0   0   0   0   0 |     GAG   0   0   0   0   0   0 |     GGG   0   0   0   0   0   0
--------------------------------------------------------------------------------------------------------------------------------------

--------------------------------------------------------------------------------------------------------------------------------------
Phe TTT   1   1   1   1   1   1 | Ser TCT   0   0   0   0   0   0 | Tyr TAT   0   0   0   0   0   0 | Cys TGT   1   1   1   1   1   1
    TTC   0   0   0   0   0   0 |     TCC   0   0   0   0   0   0 |     TAC   0   0   0   0   0   0 |     TGC   0   0   0   0   0   0
Leu TTA   1   1   1   1   1   1 |     TCA   1   1   1   1   1   1 | *** TAA   0   0   0   0   0   0 | *** TGA   0   0   0   0   0   0
    TTG   0   0   0   0   0   0 |     TCG   0   0   0   0   0   0 |     TAG   0   0   0   0   0   0 | Trp TGG   0   0   0   0   0   0
--------------------------------------------------------------------------------------------------------------------------------------
Leu CTT   2   2   2   2   2   2 | Pro CCT   0   0   0   0   0   0 | His CAT   0   0   0   0   0   0 | Arg CGT   0   0   0   0   0   0
    CTC   0   0   0   0   0   0 |     CCC   1   1   1   1   1   1 |     CAC   0   0   0   0   0   0 |     CGC   0   0   0   0   0   0
    CTA   0   0   0   1   0   0 |     CCA   1   1   1   1   1   0 | Gln CAA   0   0   1   1   1   1 |     CGA   0   0   0   0   0   0
    CTG   1   1   1   0   1   1 |     CCG   0   0   0   0   0   0 |     CAG   2   1   1   1   1   1 |     CGG   0   0   0   0   0   0
--------------------------------------------------------------------------------------------------------------------------------------
Ile ATT   0   1   0   0   0   0 | Thr ACT   1   1   1   1   1   1 | Asn AAT   0   0   0   0   0   0 | Ser AGT   0   0   0   0   0   0
    ATC   0   0   0   0   0   0 |     ACC   0   0   0   0   0   0 |     AAC   1   1   1   1   1   1 |     AGC   0   0   0   0   0   0
    ATA   1   1   1   1   1   1 |     ACA   1   1   1   1   1   2 | Lys AAA   2   3   2   2   2   2 | Arg AGA   1   1   1   1   1   1
Met ATG   1   1   1   1   1   1 |     ACG   0   0   0   0   0   0 |     AAG   0   0   0   0   0   0 |     AGG   0   0   0   0   0   0
--------------------------------------------------------------------------------------------------------------------------------------
Val GTT   1   0   1   1   1   1 | Ala GCT   0   0   0   0   0   0 | Asp GAT   0   0   0   0   0   0 | Gly GGT   0   0   0   0   0   0
    GTC   1   1   1   1   1   1 |     GCC   0   0   0   0   0   0 |     GAC   0   0   0   0   0   0 |     GGC   0   0   0   0   0   0
    GTA   0   0   0   0   0   0 |     GCA   2   2   2   2   2   2 | Glu GAA   2   2   2   2   2   2 |     GGA   0   0   0   0   0   0
    GTG   0   0   0   0   0   0 |     GCG   0   0   0   0   0   0 |     GAG   0   0   0   0   0   0 |     GGG   0   0   0   0   0   0
--------------------------------------------------------------------------------------------------------------------------------------

--------------------------------------------------------------------------------------------------------------------------------------
Phe TTT   2   1   1   1   1   1 | Ser TCT   0   0   0   0   0   0 | Tyr TAT   0   0   0   0   0   0 | Cys TGT   1   1   1   1   1   1
    TTC   0   0   0   0   0   0 |     TCC   1   0   0   0   0   0 |     TAC   0   0   0   0   0   0 |     TGC   0   0   0   0   0   0
Leu TTA   1   1   1   1   1   1 |     TCA   2   1   1   1   1   1 | *** TAA   0   0   0   0   0   0 | *** TGA   0   0   0   0   0   0
    TTG   0   0   0   0   0   0 |     TCG   0   0   0   0   0   0 |     TAG   0   0   0   0   0   0 | Trp TGG   0   0   0   0   0   0
--------------------------------------------------------------------------------------------------------------------------------------
Leu CTT   1   2   2   2   1   1 | Pro CCT   0   0   0   0   0   0 | His CAT   0   0   0   0   0   0 | Arg CGT   0   0   0   0   0   0
    CTC   0   0   0   1   0   0 |     CCC   0   1   1   0   1   1 |     CAC   0   0   0   0   0   0 |     CGC   0   0   0   0   0   0
    CTA   0   0   0   2   0   0 |     CCA   0   1   1   0   0   1 | Gln CAA   0   1   1   0   1   1 |     CGA   0   0   0   0   0   0
    CTG   1   1   1   1   1   1 |     CCG   0   0   0   0   1   0 |     CAG   1   1   1   1   1   1 |     CGG   0   0   0   0   0   0
--------------------------------------------------------------------------------------------------------------------------------------
Ile ATT   0   1   0   0   0   0 | Thr ACT   1   1   1   1   2   2 | Asn AAT   0   0   0   0   0   0 | Ser AGT   0   0   0   0   0   0
    ATC   0   0   0   0   0   0 |     ACC   0   0   0   0   0   0 |     AAC   1   1   1   1   1   1 |     AGC   0   0   0   0   0   0
    ATA   1   1   1   1   1   1 |     ACA   1   1   1   1   2   2 | Lys AAA   3   2   2   2   2   2 | Arg AGA   1   1   1   1   1   1
Met ATG   1   0   1   1   1   1 |     ACG   0   0   0   0   0   0 |     AAG   0   0   0   0   0   0 |     AGG   0   0   0   0   0   0
--------------------------------------------------------------------------------------------------------------------------------------
Val GTT   1   1   1   0   1   1 | Ala GCT   0   0   0   1   0   0 | Asp GAT   0   0   0   0   0   0 | Gly GGT   0   0   0   0   0   0
    GTC   1   1   1   1   1   1 |     GCC   0   0   0   0   0   0 |     GAC   0   0   0   0   0   0 |     GGC   0   0   0   0   0   0
    GTA   0   1   0   0   0   0 |     GCA   2   1   2   2   1   1 | Glu GAA   2   2   2   2   2   2 |     GGA   0   0   0   0   0   0
    GTG   0   0   0   0   0   0 |     GCG   0   0   0   0   0   0 |     GAG   0   0   0   0   0   0 |     GGG   0   0   0   0   0   0
--------------------------------------------------------------------------------------------------------------------------------------

Codon position x base (3x4) table for each sequence.

#1: Argali         
position  1:    T:0.16000    C:0.28000    A:0.32000    G:0.24000
position  2:    T:0.36000    C:0.28000    A:0.28000    G:0.08000
position  3:    T:0.24000    C:0.12000    A:0.52000    G:0.12000
Average         T:0.25333    C:0.22667    A:0.37333    G:0.14667

#2: LesserMouseDeer
position  1:    T:0.16000    C:0.28000    A:0.32000    G:0.24000
position  2:    T:0.32000    C:0.24000    A:0.28000    G:0.16000
position  3:    T:0.24000    C:0.12000    A:0.52000    G:0.12000
Average         T:0.24000    C:0.21333    A:0.37333    G:0.17333

#3: LesserKudu     
position  1:    T:0.16000    C:0.24000    A:0.40000    G:0.20000
position  2:    T:0.32000    C:0.32000    A:0.28000    G:0.08000
position  3:    T:0.24000    C:0.12000    A:0.52000    G:0.12000
Average         T:0.24000    C:0.22667    A:0.40000    G:0.13333

#4: ForestMuskDeer2
position  1:    T:0.16000    C:0.28000    A:0.32000    G:0.24000
position  2:    T:0.44000    C:0.24000    A:0.24000    G:0.08000
position  3:    T:0.24000    C:0.12000    A:0.52000    G:0.12000
Average         T:0.28000    C:0.21333    A:0.36000    G:0.14667

#5: Camel          
position  1:    T:0.20000    C:0.24000    A:0.28000    G:0.28000
position  2:    T:0.36000    C:0.28000    A:0.28000    G:0.08000
position  3:    T:0.24000    C:0.12000    A:0.52000    G:0.12000
Average         T:0.26667    C:0.21333    A:0.36000    G:0.16000

#6: KillerWhale    
position  1:    T:0.24000    C:0.24000    A:0.32000    G:0.20000
position  2:    T:0.36000    C:0.28000    A:0.28000    G:0.08000
position  3:    T:0.24000    C:0.12000    A:0.52000    G:0.12000
Average         T:0.28000    C:0.21333    A:0.37333    G:0.13333

#7: DefassaWaterbuck
position  1:    T:0.16000    C:0.28000    A:0.28000    G:0.28000
position  2:    T:0.36000    C:0.28000    A:0.28000    G:0.08000
position  3:    T:0.24000    C:0.16000    A:0.48000    G:0.12000
Average         T:0.25333    C:0.24000    A:0.34667    G:0.16000

#8: Sheep          
position  1:    T:0.16000    C:0.28000    A:0.32000    G:0.24000
position  2:    T:0.36000    C:0.28000    A:0.28000    G:0.08000
position  3:    T:0.24000    C:0.12000    A:0.52000    G:0.12000
Average         T:0.25333    C:0.22667    A:0.37333    G:0.14667

#9: MaxwellsDuiker 
position  1:    T:0.16000    C:0.28000    A:0.32000    G:0.24000
position  2:    T:0.32000    C:0.32000    A:0.28000    G:0.08000
position  3:    T:0.24000    C:0.12000    A:0.52000    G:0.12000
Average         T:0.24000    C:0.24000    A:0.37333    G:0.14667

#10: GazellaPrzewalskyi
position  1:    T:0.12000    C:0.28000    A:0.36000    G:0.24000
position  2:    T:0.32000    C:0.32000    A:0.28000    G:0.08000
position  3:    T:0.24000    C:0.12000    A:0.52000    G:0.12000
Average         T:0.22667    C:0.24000    A:0.38667    G:0.14667

#11: MountainNyala  
position  1:    T:0.16000    C:0.24000    A:0.40000    G:0.20000
position  2:    T:0.32000    C:0.32000    A:0.28000    G:0.08000
position  3:    T:0.24000    C:0.12000    A:0.48000    G:0.16000
Average         T:0.24000    C:0.22667    A:0.38667    G:0.14667

#12: MuntiacusMuntjak
position  1:    T:0.16000    C:0.28000    A:0.32000    G:0.24000
position  2:    T:0.36000    C:0.28000    A:0.28000    G:0.08000
position  3:    T:0.24000    C:0.12000    A:0.52000    G:0.12000
Average         T:0.25333    C:0.22667    A:0.37333    G:0.14667

#13: goat           
position  1:    T:0.16000    C:0.28000    A:0.32000    G:0.24000
position  2:    T:0.36000    C:0.28000    A:0.28000    G:0.08000
position  3:    T:0.24000    C:0.12000    A:0.52000    G:0.12000
Average         T:0.25333    C:0.22667    A:0.37333    G:0.14667

#14: AfricanBuffalo 
position  1:    T:0.12000    C:0.32000    A:0.32000    G:0.24000
position  2:    T:0.36000    C:0.28000    A:0.28000    G:0.08000
position  3:    T:0.24000    C:0.12000    A:0.52000    G:0.12000
Average         T:0.24000    C:0.24000    A:0.37333    G:0.14667

#15: Topi           
position  1:    T:0.12000    C:0.32000    A:0.36000    G:0.20000
position  2:    T:0.36000    C:0.28000    A:0.28000    G:0.08000
position  3:    T:0.24000    C:0.12000    A:0.52000    G:0.12000
Average         T:0.24000    C:0.24000    A:0.38667    G:0.13333

#16: CommonDuiker   
position  1:    T:0.16000    C:0.24000    A:0.36000    G:0.24000
position  2:    T:0.32000    C:0.32000    A:0.28000    G:0.08000
position  3:    T:0.24000    C:0.12000    A:0.48000    G:0.16000
Average         T:0.24000    C:0.22667    A:0.37333    G:0.16000

#17: Suni           
position  1:    T:0.16000    C:0.24000    A:0.32000    G:0.28000
position  2:    T:0.36000    C:0.28000    A:0.28000    G:0.08000
position  3:    T:0.24000    C:0.12000    A:0.52000    G:0.12000
Average         T:0.25333    C:0.21333    A:0.37333    G:0.16000

#18: Springbuck     
position  1:    T:0.16000    C:0.24000    A:0.40000    G:0.20000
position  2:    T:0.36000    C:0.28000    A:0.28000    G:0.08000
position  3:    T:0.24000    C:0.12000    A:0.52000    G:0.12000
Average         T:0.25333    C:0.21333    A:0.40000    G:0.13333

#19: Okapi          
position  1:    T:0.16000    C:0.28000    A:0.32000    G:0.24000
position  2:    T:0.36000    C:0.28000    A:0.28000    G:0.08000
position  3:    T:0.24000    C:0.12000    A:0.52000    G:0.12000
Average         T:0.25333    C:0.22667    A:0.37333    G:0.14667

#20: Giraffe        
position  1:    T:0.16000    C:0.28000    A:0.32000    G:0.24000
position  2:    T:0.32000    C:0.28000    A:0.28000    G:0.12000
position  3:    T:0.24000    C:0.12000    A:0.52000    G:0.12000
Average         T:0.24000    C:0.22667    A:0.37333    G:0.16000

#21: TibetanAntelope
position  1:    T:0.16000    C:0.28000    A:0.32000    G:0.24000
position  2:    T:0.36000    C:0.28000    A:0.28000    G:0.08000
position  3:    T:0.28000    C:0.12000    A:0.48000    G:0.12000
Average         T:0.26667    C:0.22667    A:0.36000    G:0.14667

#22: Sitatunga      
position  1:    T:0.16000    C:0.24000    A:0.40000    G:0.20000
position  2:    T:0.32000    C:0.32000    A:0.28000    G:0.08000
position  3:    T:0.24000    C:0.12000    A:0.52000    G:0.12000
Average         T:0.24000    C:0.22667    A:0.40000    G:0.13333

#23: Oribi          
position  1:    T:0.16000    C:0.24000    A:0.36000    G:0.24000
position  2:    T:0.36000    C:0.32000    A:0.24000    G:0.08000
position  3:    T:0.24000    C:0.12000    A:0.52000    G:0.12000
Average         T:0.25333    C:0.22667    A:0.37333    G:0.14667

#24: BarbarySheep   
position  1:    T:0.16000    C:0.28000    A:0.32000    G:0.24000
position  2:    T:0.36000    C:0.28000    A:0.28000    G:0.08000
position  3:    T:0.24000    C:0.12000    A:0.52000    G:0.12000
Average         T:0.25333    C:0.22667    A:0.37333    G:0.14667

#25: Daviddeer      
position  1:    T:0.16000    C:0.28000    A:0.32000    G:0.24000
position  2:    T:0.36000    C:0.28000    A:0.28000    G:0.08000
position  3:    T:0.24000    C:0.12000    A:0.52000    G:0.12000
Average         T:0.25333    C:0.22667    A:0.37333    G:0.14667

#26: Reindeer       
position  1:    T:0.16000    C:0.28000    A:0.32000    G:0.24000
position  2:    T:0.36000    C:0.28000    A:0.28000    G:0.08000
position  3:    T:0.20000    C:0.16000    A:0.56000    G:0.08000
Average         T:0.24000    C:0.24000    A:0.38667    G:0.13333

#27: Ibex           
position  1:    T:0.16000    C:0.28000    A:0.32000    G:0.24000
position  2:    T:0.36000    C:0.28000    A:0.28000    G:0.08000
position  3:    T:0.24000    C:0.12000    A:0.52000    G:0.12000
Average         T:0.25333    C:0.22667    A:0.37333    G:0.14667

#28: GyrantGazelle  
position  1:    T:0.16000    C:0.24000    A:0.40000    G:0.20000
position  2:    T:0.36000    C:0.28000    A:0.28000    G:0.08000
position  3:    T:0.24000    C:0.12000    A:0.52000    G:0.12000
Average         T:0.25333    C:0.21333    A:0.40000    G:0.13333

#29: Hartebeest     
position  1:    T:0.12000    C:0.32000    A:0.32000    G:0.24000
position  2:    T:0.36000    C:0.28000    A:0.28000    G:0.08000
position  3:    T:0.24000    C:0.12000    A:0.52000    G:0.12000
Average         T:0.24000    C:0.24000    A:0.37333    G:0.14667

#30: Bongo          
position  1:    T:0.16000    C:0.24000    A:0.40000    G:0.20000
position  2:    T:0.32000    C:0.32000    A:0.28000    G:0.08000
position  3:    T:0.24000    C:0.12000    A:0.48000    G:0.16000
Average         T:0.24000    C:0.22667    A:0.38667    G:0.14667

#31: Gerenuk        
position  1:    T:0.16000    C:0.24000    A:0.36000    G:0.24000
position  2:    T:0.36000    C:0.28000    A:0.28000    G:0.08000
position  3:    T:0.24000    C:0.12000    A:0.52000    G:0.12000
Average         T:0.25333    C:0.21333    A:0.38667    G:0.14667

#32: CommonEland    
position  1:    T:0.16000    C:0.24000    A:0.40000    G:0.20000
position  2:    T:0.32000    C:0.32000    A:0.28000    G:0.08000
position  3:    T:0.24000    C:0.12000    A:0.52000    G:0.12000
Average         T:0.24000    C:0.22667    A:0.40000    G:0.13333

#33: MuntiacusReevesi
position  1:    T:0.16000    C:0.28000    A:0.32000    G:0.24000
position  2:    T:0.36000    C:0.28000    A:0.32000    G:0.04000
position  3:    T:0.24000    C:0.12000    A:0.52000    G:0.12000
Average         T:0.25333    C:0.22667    A:0.38667    G:0.13333

#34: HarveysDuiker  
position  1:    T:0.16000    C:0.28000    A:0.32000    G:0.24000
position  2:    T:0.32000    C:0.32000    A:0.28000    G:0.08000
position  3:    T:0.24000    C:0.12000    A:0.48000    G:0.16000
Average         T:0.24000    C:0.24000    A:0.36000    G:0.16000

#35: Pronghorn      
position  1:    T:0.16000    C:0.28000    A:0.32000    G:0.24000
position  2:    T:0.36000    C:0.28000    A:0.28000    G:0.08000
position  3:    T:0.28000    C:0.08000    A:0.44000    G:0.20000
Average         T:0.26667    C:0.21333    A:0.34667    G:0.17333

#36: BlueWildebeest 
position  1:    T:0.12000    C:0.32000    A:0.32000    G:0.24000
position  2:    T:0.36000    C:0.28000    A:0.28000    G:0.08000
position  3:    T:0.24000    C:0.12000    A:0.52000    G:0.12000
Average         T:0.24000    C:0.24000    A:0.37333    G:0.14667

#37: Gemsbok        
position  1:    T:0.16000    C:0.28000    A:0.32000    G:0.24000
position  2:    T:0.36000    C:0.28000    A:0.28000    G:0.08000
position  3:    T:0.24000    C:0.12000    A:0.52000    G:0.12000
Average         T:0.25333    C:0.22667    A:0.37333    G:0.14667

#38: Yak            
position  1:    T:0.16000    C:0.28000    A:0.32000    G:0.24000
position  2:    T:0.36000    C:0.28000    A:0.28000    G:0.08000
position  3:    T:0.24000    C:0.12000    A:0.52000    G:0.12000
Average         T:0.25333    C:0.22667    A:0.37333    G:0.14667

#39: BlueSheep      
position  1:    T:0.16000    C:0.28000    A:0.32000    G:0.24000
position  2:    T:0.36000    C:0.28000    A:0.28000    G:0.08000
position  3:    T:0.24000    C:0.12000    A:0.52000    G:0.12000
Average         T:0.25333    C:0.22667    A:0.37333    G:0.14667

#40: BohorReedbuck  
position  1:    T:0.16000    C:0.28000    A:0.32000    G:0.24000
position  2:    T:0.36000    C:0.28000    A:0.28000    G:0.08000
position  3:    T:0.24000    C:0.16000    A:0.48000    G:0.12000
Average         T:0.25333    C:0.24000    A:0.36000    G:0.14667

#41: KirksDik       
position  1:    T:0.16000    C:0.24000    A:0.36000    G:0.24000
position  2:    T:0.32000    C:0.32000    A:0.28000    G:0.08000
position  3:    T:0.20000    C:0.12000    A:0.52000    G:0.16000
Average         T:0.22667    C:0.22667    A:0.38667    G:0.16000

#42: RoeDeer        
position  1:    T:0.12000    C:0.32000    A:0.36000    G:0.20000
position  2:    T:0.36000    C:0.28000    A:0.28000    G:0.08000
position  3:    T:0.24000    C:0.12000    A:0.52000    G:0.12000
Average         T:0.24000    C:0.24000    A:0.38667    G:0.13333

#43: WhiteLippedDeer
position  1:    T:0.16000    C:0.28000    A:0.32000    G:0.24000
position  2:    T:0.36000    C:0.28000    A:0.28000    G:0.08000
position  3:    T:0.24000    C:0.12000    A:0.48000    G:0.16000
Average         T:0.25333    C:0.22667    A:0.36000    G:0.16000

#44: ThomsonGazelle 
position  1:    T:0.16000    C:0.24000    A:0.40000    G:0.20000
position  2:    T:0.36000    C:0.28000    A:0.28000    G:0.08000
position  3:    T:0.24000    C:0.12000    A:0.52000    G:0.12000
Average         T:0.25333    C:0.21333    A:0.40000    G:0.13333

#45: MuntiacusCrinifrons
position  1:    T:0.16000    C:0.28000    A:0.32000    G:0.24000
position  2:    T:0.36000    C:0.28000    A:0.28000    G:0.08000
position  3:    T:0.24000    C:0.12000    A:0.52000    G:0.12000
Average         T:0.25333    C:0.22667    A:0.37333    G:0.14667

#46: WhiteTailedDeer
position  1:    T:0.16000    C:0.28000    A:0.32000    G:0.24000
position  2:    T:0.36000    C:0.28000    A:0.28000    G:0.08000
position  3:    T:0.24000    C:0.12000    A:0.56000    G:0.08000
Average         T:0.25333    C:0.22667    A:0.38667    G:0.13333

#47: Cattle         
position  1:    T:0.16000    C:0.28000    A:0.32000    G:0.24000
position  2:    T:0.36000    C:0.28000    A:0.28000    G:0.08000
position  3:    T:0.24000    C:0.12000    A:0.52000    G:0.12000
Average         T:0.25333    C:0.22667    A:0.37333    G:0.14667

#48: RoyalAntelope  
position  1:    T:0.16000    C:0.24000    A:0.36000    G:0.24000
position  2:    T:0.36000    C:0.28000    A:0.28000    G:0.08000
position  3:    T:0.24000    C:0.12000    A:0.52000    G:0.12000
Average         T:0.25333    C:0.21333    A:0.38667    G:0.14667

#49: Steenbok       
position  1:    T:0.28000    C:0.12000    A:0.36000    G:0.24000
position  2:    T:0.36000    C:0.28000    A:0.28000    G:0.08000
position  3:    T:0.24000    C:0.12000    A:0.52000    G:0.12000
Average         T:0.29333    C:0.17333    A:0.38667    G:0.14667

#50: Impala         
position  1:    T:0.16000    C:0.28000    A:0.32000    G:0.24000
position  2:    T:0.40000    C:0.24000    A:0.28000    G:0.08000
position  3:    T:0.28000    C:0.12000    A:0.52000    G:0.08000
Average         T:0.28000    C:0.21333    A:0.37333    G:0.13333

#51: Klipspringer   
position  1:    T:0.16000    C:0.28000    A:0.32000    G:0.24000
position  2:    T:0.36000    C:0.28000    A:0.28000    G:0.08000
