CODONML (in paml version 4.10.7, June 2023)  /home/rachel/ruminants_paml/6406-phy-tree/ENSBTAT00000010236.fasta.phy
Model: free dN/dS Ratios for branches,  kappa = 2.000 fixed

Codon frequency model: F3x4
ns =  54  ls =  13

Codon usage in sequences
--------------------------------------------------------------------------------------------------------------------------------------
Phe TTT   0   0   0   0   0   0 | Ser TCT   0   1   0   0   0   0 | Tyr TAT   0   0   0   0   0   0 | Cys TGT   0   0   0   0   0   0
    TTC   0   0   0   0   0   0 |     TCC   0   0   0   0   0   0 |     TAC   1   1   1   1   1   1 |     TGC   0   0   0   0   0   0
Leu TTA   0   0   0   0   0   0 |     TCA   0   1   0   0   0   0 | *** TAA   0   0   0   0   0   0 | *** TGA   0   0   0   0   0   0
    TTG   0   0   0   0   0   0 |     TCG   0   0   0   0   0   0 |     TAG   0   0   0   0   0   0 | Trp TGG   0   0   0   0   0   0
--------------------------------------------------------------------------------------------------------------------------------------
Leu CTT   0   0   0   0   0   0 | Pro CCT   0   0   0   0   0   0 | His CAT   1   0   0   0   1   1 | Arg CGT   0   0   1   1   0   0
    CTC   0   0   0   0   0   0 |     CCC   0   0   0   0   0   0 |     CAC   0   0   0   0   0   0 |     CGC   0   0   0   0   0   0
    CTA   0   0   0   0   0   0 |     CCA   0   1   0   0   0   1 | Gln CAA   0   0   0   0   0   0 |     CGA   0   0   0   0   0   0
    CTG   1   1   1   1   1   1 |     CCG   1   0   1   1   1   0 |     CAG   0   0   0   0   0   0 |     CGG   0   0   0   0   0   0
--------------------------------------------------------------------------------------------------------------------------------------
Ile ATT   1   1   1   0   0   0 | Thr ACT   1   1   1   1   1   1 | Asn AAT   0   0   0   0   0   0 | Ser AGT   0   0   0   0   0   0
    ATC   1   1   1   1   2   2 |     ACC   0   0   0   0   0   0 |     AAC   0   0   0   0   0   0 |     AGC   0   0   0   0   0   0
    ATA   0   0   0   1   0   0 |     ACA   0   0   0   0   0   0 | Lys AAA   1   0   1   1   1   1 | Arg AGA   1   0   1   1   1   1
Met ATG   0   0   0   0   0   0 |     ACG   0   0   0   0   0   0 |     AAG   0   1   0   0   1   1 |     AGG   0   0   0   0   0   0
--------------------------------------------------------------------------------------------------------------------------------------
Val GTT   0   0   0   0   0   0 | Ala GCT   0   0   0   0   0   0 | Asp GAT   0   0   0   0   0   0 | Gly GGT   0   0   0   0   0   0
    GTC   0   0   0   0   0   0 |     GCC   0   0   0   0   0   0 |     GAC   1   0   1   1   0   0 |     GGC   0   0   0   0   0   0
    GTA   1   1   1   1   0   1 |     GCA   0   0   0   0   0   0 | Glu GAA   1   1   1   1   2   2 |     GGA   0   0   0   0   1   0
    GTG   0   0   0   0   0   0 |     GCG   0   0   0   0   0   0 |     GAG   1   2   1   1   0   0 |     GGG   0   0   0   0   0   0
--------------------------------------------------------------------------------------------------------------------------------------

--------------------------------------------------------------------------------------------------------------------------------------
Phe TTT   0   0   0   0   0   0 | Ser TCT   0   0   0   0   0   0 | Tyr TAT   0   0   0   0   0   0 | Cys TGT   0   0   0   0   0   0
    TTC   0   0   0   0   0   0 |     TCC   0   0   0   0   0   0 |     TAC   1   1   1   1   1   1 |     TGC   0   0   0   0   0   0
Leu TTA   0   0   0   0   0   0 |     TCA   0   0   0   0   0   0 | *** TAA   0   0   0   0   0   0 | *** TGA   0   0   0   0   0   0
    TTG   0   0   0   0   0   0 |     TCG   0   0   0   0   0   0 |     TAG   0   0   0   0   0   0 | Trp TGG   0   0   0   0   0   0
--------------------------------------------------------------------------------------------------------------------------------------
Leu CTT   0   0   0   0   0   0 | Pro CCT   0   0   0   0   0   0 | His CAT   0   1   0   0   0   0 | Arg CGT   1   0   1   1   1   1
    CTC   0   0   0   0   0   0 |     CCC   0   0   0   0   0   0 |     CAC   0   0   0   0   0   0 |     CGC   0   0   0   0   0   0
    CTA   0   0   0   0   0   0 |     CCA   0   0   0   0   0   0 | Gln CAA   0   0   0   0   0   0 |     CGA   0   0   0   0   0   0
    CTG   1   1   1   1   1   1 |     CCG   1   1   1   1   1   1 |     CAG   0   0   0   0   0   0 |     CGG   0   0   0   0   0   0
--------------------------------------------------------------------------------------------------------------------------------------
Ile ATT   1   1   1   1   1   1 | Thr ACT   1   1   1   1   1   1 | Asn AAT   0   0   0   0   0   0 | Ser AGT   0   0   0   0   0   0
    ATC   1   1   1   1   1   1 |     ACC   0   0   0   0   0   0 |     AAC   0   0   0   0   0   0 |     AGC   0   0   0   0   0   0
    ATA   0   0   0   0   0   0 |     ACA   0   0   0   0   0   0 | Lys AAA   1   1   1   1   1   1 | Arg AGA   1   1   1   1   1   1
Met ATG   0   0   0   0   0   0 |     ACG   0   0   0   0   0   0 |     AAG   0   0   0   0   0   0 |     AGG   0   0   0   0   0   0
--------------------------------------------------------------------------------------------------------------------------------------
Val GTT   0   0   0   0   0   0 | Ala GCT   0   0   0   0   0   0 | Asp GAT   0   0   0   1   1   0 | Gly GGT   0   0   0   0   0   0
    GTC   0   0   0   0   0   0 |     GCC   0   0   0   0   0   0 |     GAC   1   1   1   0   1   1 |     GGC   0   0   0   0   0   0
    GTA   1   1   1   1   1   1 |     GCA   0   0   0   0   0   0 | Glu GAA   1   1   1   1   1   1 |     GGA   0   0   0   0   0   0
    GTG   0   0   0   0   0   0 |     GCG   0   0   0   0   0   0 |     GAG   1   1   1   1   0   1 |     GGG   0   0   0   0   0   0
--------------------------------------------------------------------------------------------------------------------------------------

--------------------------------------------------------------------------------------------------------------------------------------
Phe TTT   0   0   0   0   0   0 | Ser TCT   0   0   0   0   0   0 | Tyr TAT   0   0   0   0   0   0 | Cys TGT   0   0   0   0   0   0
    TTC   0   0   0   0   0   0 |     TCC   0   0   0   0   0   0 |     TAC   1   1   1   1   1   1 |     TGC   0   0   0   0   0   0
Leu TTA   0   0   0   0   0   0 |     TCA   0   0   0   0   0   0 | *** TAA   0   0   0   0   0   0 | *** TGA   0   0   0   0   0   0
    TTG   0   0   0   0   0   0 |     TCG   0   0   0   0   0   0 |     TAG   0   0   0   0   0   0 | Trp TGG   0   0   0   0   0   0
--------------------------------------------------------------------------------------------------------------------------------------
Leu CTT   0   0   0   0   0   0 | Pro CCT   0   0   0   0   0   0 | His CAT   0   0   0   0   0   0 | Arg CGT   1   1   1   1   1   1
    CTC   0   0   0   0   0   0 |     CCC   0   0   0   0   0   0 |     CAC   0   0   0   0   0   0 |     CGC   0   0   0   0   0   0
    CTA   0   0   1   0   0   0 |     CCA   0   0   0   0   0   0 | Gln CAA   0   0   0   0   0   0 |     CGA   0   0   0   0   0   0
    CTG   1   2   0   1   1   1 |     CCG   1   0   1   1   1   1 |     CAG   0   0   0   0   0   0 |     CGG   0   0   0   0   0   0
--------------------------------------------------------------------------------------------------------------------------------------
Ile ATT   1   1   1   1   1   1 | Thr ACT   1   1   1   1   1   1 | Asn AAT   0   0   0   0   0   0 | Ser AGT   0   0   0   0   0   0
    ATC   1   1   1   1   1   0 |     ACC   0   0   0   0   0   0 |     AAC   0   0   0   0   0   0 |     AGC   0   0   0   0   0   0
    ATA   0   0   0   0   0   0 |     ACA   0   0   0   0   0   0 | Lys AAA   1   1   1   1   1   1 | Arg AGA   1   1   1   1   1   1
Met ATG   0   0   0   0   0   0 |     ACG   0   0   0   0   0   0 |     AAG   0   0   0   0   0   0 |     AGG   0   0   0   0   0   0
--------------------------------------------------------------------------------------------------------------------------------------
Val GTT   0   0   0   0   0   0 | Ala GCT   0   0   0   0   0   0 | Asp GAT   0   0   0   0   1   1 | Gly GGT   0   0   0   0   0   0
    GTC   0   0   0   0   0   1 |     GCC   0   0   0   0   0   0 |     GAC   1   1   1   1   0   0 |     GGC   0   0   0   0   0   0
    GTA   1   1   1   1   1   1 |     GCA   0   0   0   0   0   0 | Glu GAA   1   1   1   1   1   1 |     GGA   0   0   0   0   0   0
    GTG   0   0   0   0   0   0 |     GCG   0   0   0   0   0   0 |     GAG   1   1   1   1   1   1 |     GGG   0   0   0   0   0   0
--------------------------------------------------------------------------------------------------------------------------------------

--------------------------------------------------------------------------------------------------------------------------------------
Phe TTT   0   0   0   0   0   0 | Ser TCT   0   0   0   0   0   0 | Tyr TAT   0   0   0   0   0   0 | Cys TGT   0   0   0   0   0   0
    TTC   0   0   0   0   0   0 |     TCC   0   0   0   0   0   0 |     TAC   1   1   1   1   1   1 |     TGC   0   0   0   0   0   0
Leu TTA   0   0   0   0   0   0 |     TCA   0   0   0   0   0   0 | *** TAA   0   0   0   0   0   0 | *** TGA   0   0   0   0   0   0
    TTG   0   0   0   0   0   0 |     TCG   0   0   0   0   0   0 |     TAG   0   0   0   0   0   0 | Trp TGG   0   0   0   0   0   0
--------------------------------------------------------------------------------------------------------------------------------------
Leu CTT   0   0   0   0   0   0 | Pro CCT   0   0   0   0   0   0 | His CAT   0   0   0   0   0   0 | Arg CGT   1   1   1   1   1   1
    CTC   0   0   0   0   0   0 |     CCC   0   0   0   0   0   0 |     CAC   0   0   0   0   0   0 |     CGC   0   0   0   0   0   0
    CTA   0   0   0   0   0   0 |     CCA   0   0   0   0   0   0 | Gln CAA   0   0   0   0   0   0 |     CGA   0   0   0   0   0   0
    CTG   1   1   1   1   1   1 |     CCG   1   1   1   1   1   1 |     CAG   0   0   0   0   0   0 |     CGG   0   0   0   0   0   0
--------------------------------------------------------------------------------------------------------------------------------------
Ile ATT   1   1   1   1   1   1 | Thr ACT   1   1   1   1   1   1 | Asn AAT   0   0   0   0   0   0 | Ser AGT   0   0   0   0   0   0
    ATC   1   1   1   1   1   1 |     ACC   0   0   0   0   0   0 |     AAC   0   0   0   0   0   0 |     AGC   0   0   0   0   0   0
    ATA   0   0   0   0   0   0 |     ACA   0   0   0   0   0   0 | Lys AAA   1   1   1   1   1   1 | Arg AGA   1   1   1   1   1   1
Met ATG   0   0   0   0   0   0 |     ACG   0   0   0   0   0   0 |     AAG   0   0   0   0   0   0 |     AGG   0   0   0   0   0   0
--------------------------------------------------------------------------------------------------------------------------------------
Val GTT   0   0   0   0   0   0 | Ala GCT   0   0   0   0   0   0 | Asp GAT   0   0   0   0   1   0 | Gly GGT   0   0   0   0   0   0
    GTC   0   0   0   0   0   0 |     GCC   0   0   0   0   0   0 |     GAC   1   1   1   1   0   1 |     GGC   0   0   0   0   0   0
    GTA   1   1   1   1   1   1 |     GCA   0   0   0   0   0   0 | Glu GAA   1   1   1   1   1   1 |     GGA   0   0   0   0   0   0
    GTG   0   0   0   0   0   0 |     GCG   0   0   0   0   0   0 |     GAG   1   1   1   1   1   1 |     GGG   0   0   0   0   0   0
--------------------------------------------------------------------------------------------------------------------------------------

--------------------------------------------------------------------------------------------------------------------------------------
Phe TTT   0   0   0   0   0   0 | Ser TCT   0   0   0   0   0   0 | Tyr TAT   0   0   0   0   0   0 | Cys TGT   0   0   0   0   0   0
    TTC   0   0   0   0   0   0 |     TCC   0   0   0   0   0   0 |     TAC   1   1   1   1   1   1 |     TGC   0   0   0   0   0   0
Leu TTA   0   0   0   0   0   0 |     TCA   0   0   0   0   0   0 | *** TAA   0   0   0   0   0   0 | *** TGA   0   0   0   0   0   0
    TTG   0   0   0   0   0   0 |     TCG   0   0   0   0   0   0 |     TAG   0   0   0   0   0   0 | Trp TGG   0   0   0   0   0   0
--------------------------------------------------------------------------------------------------------------------------------------
Leu CTT   0   0   0   0   0   0 | Pro CCT   0   0   0   0   0   0 | His CAT   0   1   0   0   0   0 | Arg CGT   1   0   1   1   1   1
    CTC   0   0   0   0   0   0 |     CCC   0   0   0   0   0   0 |     CAC   0   0   0   0   0   0 |     CGC   0   0   0   0   0   0
    CTA   0   0   0   0   1   0 |     CCA   0   0   0   0   0   0 | Gln CAA   0   0   0   0   0   0 |     CGA   0   0   0   0   0   0
    CTG   1   1   1   1   0   1 |     CCG   1   1   1   1   1   1 |     CAG   0   0   0   0   0   0 |     CGG   0   0   0   0   0   0
--------------------------------------------------------------------------------------------------------------------------------------
Ile ATT   1   1   1   1   1   1 | Thr ACT   1   1   1   1   1   1 | Asn AAT   0   0   0   0   0   0 | Ser AGT   0   0   0   0   0   0
    ATC   1   1   1   1   1   1 |     ACC   0   0   0   0   0   0 |     AAC   0   0   0   0   0   0 |     AGC   0   0   0   0   0   0
    ATA   0   0   0   0   0   0 |     ACA   0   0   0   0   0   0 | Lys AAA   1   1   1   1   1   1 | Arg AGA   1   1   1   1   1   1
Met ATG   0   0   0   0   0   0 |     ACG   0   0   0   0   0   0 |     AAG   0   0   0   0   0   0 |     AGG   0   0   0   0   0   0
--------------------------------------------------------------------------------------------------------------------------------------
Val GTT   0   0   0   0   0   0 | Ala GCT   0   0   0   0   0   0 | Asp GAT   0   0   0   1   0   0 | Gly GGT   0   0   0   0   0   0
    GTC   0   0   0   0   0   0 |     GCC   0   0   0   0   0   0 |     GAC   1   1   1   0   1   1 |     GGC   0   0   0   0   0   0
    GTA   1   1   1   1   1   1 |     GCA   0   0   0   0   0   0 | Glu GAA   1   1   1   1   1   1 |     GGA   0   0   0   0   0   0
    GTG   0   0   0   0   0   0 |     GCG   0   0   0   0   0   0 |     GAG   1   1   1   1   1   1 |     GGG   0   0   0   0   0   0
--------------------------------------------------------------------------------------------------------------------------------------

--------------------------------------------------------------------------------------------------------------------------------------
Phe TTT   0   0   0   0   0   0 | Ser TCT   0   0   0   0   0   0 | Tyr TAT   0   0   0   0   0   0 | Cys TGT   0   0   0   0   0   0
    TTC   0   0   0   0   0   0 |     TCC   0   0   0   0   0   0 |     TAC   1   1   1   1   1   1 |     TGC   0   0   0   0   0   0
Leu TTA   0   0   0   0   0   0 |     TCA   0   0   0   0   0   0 | *** TAA   0   0   0   0   0   0 | *** TGA   0   0   0   0   0   0
    TTG   0   0   0   0   0   0 |     TCG   0   0   0   0   0   0 |     TAG   0   0   0   0   0   0 | Trp TGG   0   0   0   0   0   0
--------------------------------------------------------------------------------------------------------------------------------------
Leu CTT   0   0   0   0   0   0 | Pro CCT   0   0   0   0   0   0 | His CAT   0   0   0   0   0   0 | Arg CGT   1   1   1   1   1   1
    CTC   0   0   0   0   0   0 |     CCC   0   0   0   0   0   0 |     CAC   0   0   0   0   0   0 |     CGC   0   0   0   0   0   0
    CTA   0   0   0   0   0   1 |     CCA   0   0   0   0   0   0 | Gln CAA   0   0   0   0   0   0 |     CGA   0   0   0   0   0   0
    CTG   1   1   1   1   1   0 |     CCG   1   1   1   1   1   1 |     CAG   0   0   0   0   0   0 |     CGG   0   0   0   0   0   0
--------------------------------------------------------------------------------------------------------------------------------------
Ile ATT   1   1   1   1   1   1 | Thr ACT   1   1   1   1   1   1 | Asn AAT   0   0   0   0   0   0 | Ser AGT   0   0   0   0   0   0
    ATC   0   1   1   1   1   1 |     ACC   0   0   0   0   0   0 |     AAC   0   0   0   0   0   0 |     AGC   0   0   0   0   0   0
    ATA   0   0   0   0   0   0 |     ACA   0   0   0   0   0   0 | Lys AAA   1   1   1   1   1   1 | Arg AGA   1   1   1   1   1   1
Met ATG   0   0   0   0   0   0 |     ACG   0   0   0   0   0   0 |     AAG   0   0   0   0   0   0 |     AGG   0   0   0   0   0   0
--------------------------------------------------------------------------------------------------------------------------------------
Val GTT   0   0   0   0   0   0 | Ala GCT   0   0   0   0   0   0 | Asp GAT   1   0   0   0   1   0 | Gly GGT   0   0   0   0   0   0
    GTC   1   0   0   0   0   0 |     GCC   0   0   0   0   0   0 |     GAC   0   1   1   1   0   1 |     GGC   0   0   0   0   0   0
    GTA   1   1   1   1   1   1 |     GCA   0   0   0   0   0   0 | Glu GAA   1   1   1   1   1   1 |     GGA   0   0   0   0   0   0
    GTG   0   0   0   0   0   0 |     GCG   0   0   0   0   0   0 |     GAG   1   1   1   1   1   1 |     GGG   0   0   0   0   0   0
--------------------------------------------------------------------------------------------------------------------------------------

--------------------------------------------------------------------------------------------------------------------------------------
Phe TTT   0   0   0   0   0   0 | Ser TCT   0   0   0   0   0   0 | Tyr TAT   0   0   0   0   0   0 | Cys TGT   0   0   0   0   0   0
    TTC   0   0   0   0   0   0 |     TCC   0   0   0   0   0   0 |     TAC   1   1   1   1   1   1 |     TGC   0   0   0   0   0   0
Leu TTA   0   0   0   0   0   0 |     TCA   0   0   0   0   0   0 | *** TAA   0   0   0   0   0   0 | *** TGA   0   0   0   0   0   0
    TTG   0   0   0   0   0   0 |     TCG   0   0   0   0   0   0 |     TAG   0   0   0   0   0   0 | Trp TGG   0   0   0   0   0   0
--------------------------------------------------------------------------------------------------------------------------------------
Leu CTT   0   0   0   0   0   0 | Pro CCT   0   0   0   0   0   0 | His CAT   0   0   1   0   0   1 | Arg CGT   1   1   0   1   1   0
    CTC   0   0   0   0   0   0 |     CCC   0   0   0   0   0   0 |     CAC   0   0   0   0   0   0 |     CGC   0   0   0   0   0   0
    CTA   0   0   0   0   0   0 |     CCA   1   0   0   0   0   0 | Gln CAA   0   0   0   0   0   0 |     CGA   0   0   0   0   0   0
    CTG   1   1   1   1   1   1 |     CCG   0   1   1   1   1   1 |     CAG   0   0   0   0   0   0 |     CGG   0   0   0   0   0   0
--------------------------------------------------------------------------------------------------------------------------------------
Ile ATT   1   1   1   1   1   1 | Thr ACT   1   1   1   1   1   1 | Asn AAT   0   0   0   0   0   0 | Ser AGT   0   0   0   0   0   0
    ATC   1   1   1   1   1   1 |     ACC   0   0   0   0   0   0 |     AAC   0   0   0   0   0   0 |     AGC   0   0   0   0   0   0
    ATA   0   0   0   0   0   0 |     ACA   0   0   0   0   0   0 | Lys AAA   1   1   1   1   1   1 | Arg AGA   1   1   1   1   1   1
Met ATG   0   0   0   0   0   0 |     ACG   0   0   0   0   0   0 |     AAG   0   0   0   0   0   0 |     AGG   0   0   0   0   0   0
--------------------------------------------------------------------------------------------------------------------------------------
Val GTT   0   0   0   0   0   0 | Ala GCT   0   0   0   0   0   0 | Asp GAT   0   0   0   0   1   0 | Gly GGT   0   0   0   0   0   0
    GTC   0   0   0   0   0   0 |     GCC   0   0   0   0   0   0 |     GAC   1   1   1   1   0   1 |     GGC   0   0   0   0   0   0
    GTA   1   1   1   1   1   1 |     GCA   0   0   0   0   0   0 | Glu GAA   1   1   1   1   1   1 |     GGA   0   0   0   0   0   0
    GTG   0   0   0   0   0   0 |     GCG   0   0   0   0   0   0 |     GAG   1   1   1   1   1   1 |     GGG   0   0   0   0   0   0
--------------------------------------------------------------------------------------------------------------------------------------

--------------------------------------------------------------------------------------------------------------------------------------
Phe TTT   0   0   0   0   0   0 | Ser TCT   0   0   0   0   0   0 | Tyr TAT   0   0   0   0   0   0 | Cys TGT   0   0   0   0   0   0
    TTC   0   0   0   0   0   0 |     TCC   0   0   0   0   0   0 |     TAC   1   1   1   1   1   1 |     TGC   0   0   0   0   0   0
Leu TTA   0   0   0   0   0   0 |     TCA   0   0   0   0   0   0 | *** TAA   0   0   0   0   0   0 | *** TGA   0   0   0   0   0   0
    TTG   0   0   0   0   0   1 |     TCG   0   0   0   0   0   0 |     TAG   0   0   0   0   0   0 | Trp TGG   0   0   0   0   0   0
--------------------------------------------------------------------------------------------------------------------------------------
Leu CTT   0   0   0   0   0   0 | Pro CCT   0   0   0   0   0   0 | His CAT   0   0   0   0   1   0 | Arg CGT   1   1   1   1   0   1
    CTC   0   0   0   0   0   0 |     CCC   0   0   0   0   0   0 |     CAC   0   0   0   0   0   0 |     CGC   0   0   0   0   0   0
    CTA   0   0   0   0   0   0 |     CCA   0   0   0   0   0   1 | Gln CAA   0   0   0   0   0   0 |     CGA   0   0   0   0   0   0
    CTG   1   1   1   1   1   0 |     CCG   1   1   1   1   1   0 |     CAG   0   0   0   0   0   0 |     CGG   0   0   0   0   0   0
--------------------------------------------------------------------------------------------------------------------------------------
Ile ATT   1   1   1   1   1   0 | Thr ACT   1   1   1   1   1   1 | Asn AAT   0   0   0   0   0   0 | Ser AGT   0   0   0   0   0   0
    ATC   1   1   1   1   1   2 |     ACC   0   0   0   0   0   0 |     AAC   0   0   0   0   0   0 |     AGC   0   0   0   0   0   0
    ATA   0   0   0   0   0   0 |     ACA   0   0   0   0   0   0 | Lys AAA   1   1   1   1   1   1 | Arg AGA   1   1   1   1   1   1
Met ATG   0   0   0   0   0   0 |     ACG   0   0   0   0   0   0 |     AAG   0   0   0   0   0   0 |     AGG   0   0   0   0   0   0
--------------------------------------------------------------------------------------------------------------------------------------
Val GTT   0   0   0   0   0   0 | Ala GCT   0   0   0   0   0   0 | Asp GAT   1   1   0   0   0   0 | Gly GGT   0   0   0   0   0   0
    GTC   0   0   0   0   0   0 |     GCC   0   0   0   0   0   0 |     GAC   0   0   1   1   1   1 |     GGC   0   0   0   0   0   0
    GTA   1   1   1   1   1   1 |     GCA   0   0   0   0   0   0 | Glu GAA   1   1   1   1   1   1 |     GGA   0   0   0   0   0   0
    GTG   0   0   0   0   0   0 |     GCG   0   0   0   0   0   0 |     GAG   1   1   1   1   1   1 |     GGG   0   0   0   0   0   0
--------------------------------------------------------------------------------------------------------------------------------------

--------------------------------------------------------------------------------------------------------------------------------------
Phe TTT   0   0   0   0   0   0 | Ser TCT   0   0   0   0   0   0 | Tyr TAT   0   0   0   0   0   0 | Cys TGT   0   0   0   0   0   0
    TTC   0   0   0   0   0   0 |     TCC   0   0   0   0   0   0 |     TAC   1   1   1   1   1   1 |     TGC   0   0   0   0   0   0
Leu TTA   0   0   0   0   0   0 |     TCA   0   0   0   0   0   0 | *** TAA   0   0   0   0   0   0 | *** TGA   0   0   0   0   0   0
    TTG   0   0   0   0   0   0 |     TCG   0   0   0   0   0   0 |     TAG   0   0   0   0   0   0 | Trp TGG   0   0   0   0   0   0
--------------------------------------------------------------------------------------------------------------------------------------
Leu CTT   0   0   0   0   0   0 | Pro CCT   0   0   0   0   0   0 | His CAT   0   0   0   0   0   0 | Arg CGT   1   1   1   1   1   1
    CTC   0   0   0   0   0   0 |     CCC   0   0   0   0   0   0 |     CAC   0   0   0   0   0   0 |     CGC   0   0   0   0   0   0
    CTA   0   0   0   0   0   0 |     CCA   0   0   1   0   1   0 | Gln CAA   0   0   0   0   0   0 |     CGA   0   0   0   0   0   0
    CTG   1   1   1   1   1   1 |     CCG   1   1   0   1   0   1 |     CAG   0   0   0   0   0   0 |     CGG   0   0   0   0   0   0
--------------------------------------------------------------------------------------------------------------------------------------
Ile ATT   1   1   1   0   1   1 | Thr ACT   1   1   1   1   1   1 | Asn AAT   0   0   0   0   0   0 | Ser AGT   0   0   0   0   0   0
    ATC   1   1   1   1   1   1 |     ACC   0   0   0   0   0   0 |     AAC   0   0   0   0   0   0 |     AGC   0   0   0   0   0   0
    ATA   0   0   0   1   0   0 |     ACA   0   0   0   0   0   0 | Lys AAA   1   1   1   1   1   1 | Arg AGA   1   1   1   1   1   1
Met ATG   0   0   0   0   0   0 |     ACG   0   0   0   0   0   0 |     AAG   0   0   0   0   0   0 |     AGG   0   0   0   0   0   0
--------------------------------------------------------------------------------------------------------------------------------------
Val GTT   0   0   0   0   0   0 | Ala GCT   0   0   0   0   0   0 | Asp GAT   1   0   0   0   0   0 | Gly GGT   0   0   0   0   0   0
    GTC   0   0   0   0   0   0 |     GCC   0   0   0   0   0   0 |     GAC   0   1   1   1   1   1 |     GGC   0   0   0   0   0   0
    GTA   1   1   1   1   1   1 |     GCA   0   0   0   0   0   0 | Glu GAA   1   1   1   1   1   1 |     GGA   0   0   0   0   0   0
    GTG   0   0   0   0   0   0 |     GCG   0   0   0   0   0   0 |     GAG   1   1   1   1   1   1 |     GGG   0   0   0   0   0   0
--------------------------------------------------------------------------------------------------------------------------------------

Codon position x base (3x4) table for each sequence.

#1: Argali         
position  1:    T:0.07692    C:0.23077    A:0.38462    G:0.30769
position  2:    T:0.30769    C:0.15385    A:0.46154    G:0.07692
position  3:    T:0.23077    C:0.23077    A:0.30769    G:0.23077
Average         T:0.20513    C:0.20513    A:0.38462    G:0.20513

#2: LesserMouseDeer
position  1:    T:0.23077    C:0.15385    A:0.30769    G:0.30769
position  2:    T:0.30769    C:0.30769    A:0.38462    G:0.00000
position  3:    T:0.23077    C:0.15385    A:0.30769    G:0.30769
Average         T:0.25641    C:0.20513    A:0.33333    G:0.20513

#3: LesserKudu     
position  1:    T:0.07692    C:0.23077    A:0.38462    G:0.30769
position  2:    T:0.30769    C:0.15385    A:0.38462    G:0.15385
position  3:    T:0.23077    C:0.23077    A:0.30769    G:0.23077
Average         T:0.20513    C:0.20513    A:0.35897    G:0.23077

#4: ForestMuskDeer2
position  1:    T:0.07692    C:0.23077    A:0.38462    G:0.30769
position  2:    T:0.30769    C:0.15385    A:0.38462    G:0.15385
position  3:    T:0.15385    C:0.23077    A:0.38462    G:0.23077
Average         T:0.17949    C:0.20513    A:0.38462    G:0.23077

#5: Camel          
position  1:    T:0.07692    C:0.23077    A:0.46154    G:0.23077
position  2:    T:0.23077    C:0.15385    A:0.46154    G:0.15385
position  3:    T:0.15385    C:0.23077    A:0.38462    G:0.23077
Average         T:0.15385    C:0.20513    A:0.43590    G:0.20513

#6: KillerWhale    
position  1:    T:0.07692    C:0.23077    A:0.46154    G:0.23077
position  2:    T:0.30769    C:0.15385    A:0.46154    G:0.07692
position  3:    T:0.15385    C:0.23077    A:0.46154    G:0.15385
Average         T:0.17949    C:0.20513    A:0.46154    G:0.15385

#7: DefassaWaterbuck
position  1:    T:0.07692    C:0.23077    A:0.38462    G:0.30769
position  2:    T:0.30769    C:0.15385    A:0.38462    G:0.15385
position  3:    T:0.23077    C:0.23077    A:0.30769    G:0.23077
Average         T:0.20513    C:0.20513    A:0.35897    G:0.23077

#8: Sheep          
position  1:    T:0.07692    C:0.23077    A:0.38462    G:0.30769
position  2:    T:0.30769    C:0.15385    A:0.46154    G:0.07692
position  3:    T:0.23077    C:0.23077    A:0.30769    G:0.23077
Average         T:0.20513    C:0.20513    A:0.38462    G:0.20513

#9: MaxwellsDuiker 
position  1:    T:0.07692    C:0.23077    A:0.38462    G:0.30769
position  2:    T:0.30769    C:0.15385    A:0.38462    G:0.15385
position  3:    T:0.23077    C:0.23077    A:0.30769    G:0.23077
Average         T:0.20513    C:0.20513    A:0.35897    G:0.23077

#10: GazellaPrzewalskyi
position  1:    T:0.07692    C:0.23077    A:0.38462    G:0.30769
position  2:    T:0.30769    C:0.15385    A:0.38462    G:0.15385
position  3:    T:0.30769    C:0.15385    A:0.30769    G:0.23077
Average         T:0.23077    C:0.17949    A:0.35897    G:0.23077

#11: MountainNyala  
position  1:    T:0.07692    C:0.23077    A:0.38462    G:0.30769
position  2:    T:0.30769    C:0.15385    A:0.38462    G:0.15385
position  3:    T:0.30769    C:0.23077    A:0.30769    G:0.15385
Average         T:0.23077    C:0.20513    A:0.35897    G:0.20513

#12: MuntiacusMuntjak
position  1:    T:0.07692    C:0.23077    A:0.38462    G:0.30769
position  2:    T:0.30769    C:0.15385    A:0.38462    G:0.15385
position  3:    T:0.23077    C:0.23077    A:0.30769    G:0.23077
Average         T:0.20513    C:0.20513    A:0.35897    G:0.23077

#13: goat           
position  1:    T:0.07692    C:0.23077    A:0.38462    G:0.30769
position  2:    T:0.30769    C:0.15385    A:0.38462    G:0.15385
position  3:    T:0.23077    C:0.23077    A:0.30769    G:0.23077
Average         T:0.20513    C:0.20513    A:0.35897    G:0.23077

#14: AfricanBuffalo 
position  1:    T:0.07692    C:0.23077    A:0.38462    G:0.30769
position  2:    T:0.38462    C:0.07692    A:0.38462    G:0.15385
position  3:    T:0.23077    C:0.23077    A:0.30769    G:0.23077
Average         T:0.23077    C:0.17949    A:0.35897    G:0.23077

#15: Topi           
position  1:    T:0.07692    C:0.23077    A:0.38462    G:0.30769
position  2:    T:0.30769    C:0.15385    A:0.38462    G:0.15385
position  3:    T:0.23077    C:0.23077    A:0.38462    G:0.15385
Average         T:0.20513    C:0.20513    A:0.38462    G:0.20513

#16: CommonDuiker   
position  1:    T:0.07692    C:0.23077    A:0.38462    G:0.30769
position  2:    T:0.30769    C:0.15385    A:0.38462    G:0.15385
position  3:    T:0.23077    C:0.23077    A:0.30769    G:0.23077
Average         T:0.20513    C:0.20513    A:0.35897    G:0.23077

#17: Suni           
position  1:    T:0.07692    C:0.23077    A:0.38462    G:0.30769
position  2:    T:0.30769    C:0.15385    A:0.38462    G:0.15385
position  3:    T:0.30769    C:0.15385    A:0.30769    G:0.23077
Average         T:0.23077    C:0.17949    A:0.35897    G:0.23077

#18: Springbuck     
position  1:    T:0.07692    C:0.23077    A:0.30769    G:0.38462
position  2:    T:0.30769    C:0.15385    A:0.38462    G:0.15385
position  3:    T:0.30769    C:0.15385    A:0.30769    G:0.23077
Average         T:0.23077    C:0.17949    A:0.33333    G:0.25641

#19: Okapi          
position  1:    T:0.07692    C:0.23077    A:0.38462    G:0.30769
position  2:    T:0.30769    C:0.15385    A:0.38462    G:0.15385
position  3:    T:0.23077    C:0.23077    A:0.30769    G:0.23077
Average         T:0.20513    C:0.20513    A:0.35897    G:0.23077

#20: Giraffe        
position  1:    T:0.07692    C:0.23077    A:0.38462    G:0.30769
position  2:    T:0.30769    C:0.15385    A:0.38462    G:0.15385
position  3:    T:0.23077    C:0.23077    A:0.30769    G:0.23077
Average         T:0.20513    C:0.20513    A:0.35897    G:0.23077

#21: TibetanAntelope
position  1:    T:0.07692    C:0.23077    A:0.38462    G:0.30769
position  2:    T:0.30769    C:0.15385    A:0.38462    G:0.15385
position  3:    T:0.23077    C:0.23077    A:0.30769    G:0.23077
Average         T:0.20513    C:0.20513    A:0.35897    G:0.23077

#22: Sitatunga      
position  1:    T:0.07692    C:0.23077    A:0.38462    G:0.30769
position  2:    T:0.30769    C:0.15385    A:0.38462    G:0.15385
position  3:    T:0.23077    C:0.23077    A:0.30769    G:0.23077
Average         T:0.20513    C:0.20513    A:0.35897    G:0.23077

#23: Oribi          
position  1:    T:0.07692    C:0.23077    A:0.38462    G:0.30769
position  2:    T:0.30769    C:0.15385    A:0.38462    G:0.15385
position  3:    T:0.30769    C:0.15385    A:0.30769    G:0.23077
Average         T:0.23077    C:0.17949    A:0.35897    G:0.23077

#24: BarbarySheep   
position  1:    T:0.07692    C:0.23077    A:0.38462    G:0.30769
position  2:    T:0.30769    C:0.15385    A:0.38462    G:0.15385
position  3:    T:0.23077    C:0.23077    A:0.30769    G:0.23077
Average         T:0.20513    C:0.20513    A:0.35897    G:0.23077

#25: Daviddeer      
position  1:    T:0.07692    C:0.23077    A:0.38462    G:0.30769
position  2:    T:0.30769    C:0.15385    A:0.38462    G:0.15385
position  3:    T:0.23077    C:0.23077    A:0.30769    G:0.23077
Average         T:0.20513    C:0.20513    A:0.35897    G:0.23077

#26: Reindeer       
position  1:    T:0.07692    C:0.23077    A:0.38462    G:0.30769
position  2:    T:0.30769    C:0.15385    A:0.46154    G:0.07692
position  3:    T:0.23077    C:0.23077    A:0.30769    G:0.23077
Average         T:0.20513    C:0.20513    A:0.38462    G:0.20513

#27: Ibex           
position  1:    T:0.07692    C:0.23077    A:0.38462    G:0.30769
position  2:    T:0.30769    C:0.15385    A:0.38462    G:0.15385
position  3:    T:0.23077    C:0.23077    A:0.30769    G:0.23077
Average         T:0.20513    C:0.20513    A:0.35897    G:0.23077

#28: GyrantGazelle  
position  1:    T:0.07692    C:0.23077    A:0.38462    G:0.30769
position  2:    T:0.30769    C:0.15385    A:0.38462    G:0.15385
position  3:    T:0.30769    C:0.15385    A:0.30769    G:0.23077
Average         T:0.23077    C:0.17949    A:0.35897    G:0.23077

#29: Hartebeest     
position  1:    T:0.07692    C:0.23077    A:0.38462    G:0.30769
position  2:    T:0.30769    C:0.15385    A:0.38462    G:0.15385
position  3:    T:0.23077    C:0.23077    A:0.38462    G:0.15385
Average         T:0.20513    C:0.20513    A:0.38462    G:0.20513

#30: Bongo          
position  1:    T:0.07692    C:0.23077    A:0.38462    G:0.30769
position  2:    T:0.30769    C:0.15385    A:0.38462    G:0.15385
position  3:    T:0.23077    C:0.23077    A:0.30769    G:0.23077
Average         T:0.20513    C:0.20513    A:0.35897    G:0.23077

#31: Gerenuk        
position  1:    T:0.07692    C:0.23077    A:0.30769    G:0.38462
position  2:    T:0.30769    C:0.15385    A:0.38462    G:0.15385
position  3:    T:0.30769    C:0.15385    A:0.30769    G:0.23077
Average         T:0.23077    C:0.17949    A:0.33333    G:0.25641

#32: CommonEland    
position  1:    T:0.07692    C:0.23077    A:0.38462    G:0.30769
position  2:    T:0.30769    C:0.15385    A:0.38462    G:0.15385
position  3:    T:0.23077    C:0.23077    A:0.30769    G:0.23077
Average         T:0.20513    C:0.20513    A:0.35897    G:0.23077

#33: MuntiacusReevesi
position  1:    T:0.07692    C:0.23077    A:0.38462    G:0.30769
position  2:    T:0.30769    C:0.15385    A:0.38462    G:0.15385
position  3:    T:0.23077    C:0.23077    A:0.30769    G:0.23077
Average         T:0.20513    C:0.20513    A:0.35897    G:0.23077

#34: HarveysDuiker  
position  1:    T:0.07692    C:0.23077    A:0.38462    G:0.30769
position  2:    T:0.30769    C:0.15385    A:0.38462    G:0.15385
position  3:    T:0.23077    C:0.23077    A:0.30769    G:0.23077
Average         T:0.20513    C:0.20513    A:0.35897    G:0.23077

#35: Pronghorn      
position  1:    T:0.07692    C:0.23077    A:0.38462    G:0.30769
position  2:    T:0.30769    C:0.15385    A:0.38462    G:0.15385
position  3:    T:0.30769    C:0.15385    A:0.30769    G:0.23077
Average         T:0.23077    C:0.17949    A:0.35897    G:0.23077

#36: BlueWildebeest 
position  1:    T:0.07692    C:0.23077    A:0.38462    G:0.30769
position  2:    T:0.30769    C:0.15385    A:0.38462    G:0.15385
position  3:    T:0.23077    C:0.23077    A:0.38462    G:0.15385
Average         T:0.20513    C:0.20513    A:0.38462    G:0.20513

#37: Gemsbok        
position  1:    T:0.07692    C:0.23077    A:0.38462    G:0.30769
position  2:    T:0.30769    C:0.15385    A:0.38462    G:0.15385
position  3:    T:0.23077    C:0.23077    A:0.38462    G:0.15385
Average         T:0.20513    C:0.20513    A:0.38462    G:0.20513

#38: Yak            
position  1:    T:0.07692    C:0.23077    A:0.38462    G:0.30769
position  2:    T:0.30769    C:0.15385    A:0.38462    G:0.15385
position  3:    T:0.23077    C:0.23077    A:0.30769    G:0.23077
Average         T:0.20513    C:0.20513    A:0.35897    G:0.23077

#39: BlueSheep      
position  1:    T:0.07692    C:0.23077    A:0.38462    G:0.30769
position  2:    T:0.30769    C:0.15385    A:0.46154    G:0.07692
position  3:    T:0.23077    C:0.23077    A:0.30769    G:0.23077
Average         T:0.20513    C:0.20513    A:0.38462    G:0.20513

#40: BohorReedbuck  
position  1:    T:0.07692    C:0.23077    A:0.38462    G:0.30769
position  2:    T:0.30769    C:0.15385    A:0.38462    G:0.15385
position  3:    T:0.23077    C:0.23077    A:0.30769    G:0.23077
Average         T:0.20513    C:0.20513    A:0.35897    G:0.23077

#41: KirksDik       
position  1:    T:0.07692    C:0.23077    A:0.38462    G:0.30769
position  2:    T:0.30769    C:0.15385    A:0.38462    G:0.15385
position  3:    T:0.30769    C:0.15385    A:0.30769    G:0.23077
Average         T:0.23077    C:0.17949    A:0.35897    G:0.23077

#42: RoeDeer        
position  1:    T:0.07692    C:0.23077    A:0.38462    G:0.30769
position  2:    T:0.30769    C:0.15385    A:0.46154    G:0.07692
position  3:    T:0.23077    C:0.23077    A:0.30769    G:0.23077
Average         T:0.20513    C:0.20513    A:0.38462    G:0.20513

#43: WhiteLippedDeer
position  1:    T:0.07692    C:0.23077    A:0.38462    G:0.30769
position  2:    T:0.30769    C:0.15385    A:0.38462    G:0.15385
position  3:    T:0.30769    C:0.15385    A:0.30769    G:0.23077
Average         T:0.23077    C:0.17949    A:0.35897    G:0.23077

#44: ThomsonGazelle 
position  1:    T:0.07692    C:0.23077    A:0.38462    G:0.30769
position  2:    T:0.30769    C:0.15385    A:0.38462    G:0.15385
position  3:    T:0.30769    C:0.15385    A:0.30769    G:0.23077
Average         T:0.23077    C:0.17949    A:0.35897    G:0.23077

#45: MuntiacusCrinifrons
position  1:    T:0.07692    C:0.23077    A:0.38462    G:0.30769
position  2:    T:0.30769    C:0.15385    A:0.38462    G:0.15385
position  3:    T:0.23077    C:0.23077    A:0.30769    G:0.23077
Average         T:0.20513    C:0.20513    A:0.35897    G:0.23077

#46: WhiteTailedDeer
position  1:    T:0.07692    C:0.23077    A:0.38462    G:0.30769
position  2:    T:0.30769    C:0.15385    A:0.38462    G:0.15385
position  3:    T:0.23077    C:0.23077    A:0.30769    G:0.23077
Average         T:0.20513    C:0.20513    A:0.35897    G:0.23077

#47: Cattle         
position  1:    T:0.07692    C:0.23077    A:0.38462    G:0.30769
position  2:    T:0.30769    C:0.15385    A:0.46154    G:0.07692
position  3:    T:0.23077    C:0.23077    A:0.30769    G:0.23077
Average         T:0.20513    C:0.20513    A:0.38462    G:0.20513

#48: RoyalAntelope  
position  1:    T:0.15385    C:0.15385    A:0.38462    G:0.30769
position  2:    T:0.30769    C:0.15385    A:0.38462    G:0.15385
position  3:    T:0.15385    C:0.30769    A:0.38462    G:0.15385
Average         T:0.20513    C:0.20513    A:0.38462    G:0.20513

#49: Steenbok       
position  1:    T:0.07692    C:0.23077    A:0.38462    G:0.30769
position  2:    T:0.30769    C:0.15385    A:0.38462    G:0.15385
position  3:    T:0.30769    C:0.15385    A:0.30769    G:0.23077
Average         T:0.23077    C:0.17949    A:0.35897    G:0.23077

#50: Impala         
position  1:    T:0.07692    C:0.23077    A:0.38462    G:0.30769
position  2:    T:0.30769    C:0.15385    A:0.38462    G:0.15385
position  3:    T:0.23077    C:0.23077    A:0.30769    G:0.23077
Average         T:0.20513    C:0.20513    A:0.35897    G:0.23077

#51: Klipspringer   
position  1:    T:0.07692    C:0.23077    A:0.38462    G:0.30769
position  2:    T:0.30769    C:0.15385    A:0.38462    G:0.15385
