1
52 1
Argali 0.000000 0.290800 0.141000 0.313800 0.048300 0.000000 0.070100 0.068900 0.140500 0.156300 0.019000 0.122900 0.058600 0.048700 0.077600 0.048800 0.124500 0.122400 0.038500 0.129900 0.068600 0.018700 0.160400 0.156600 0.038600 0.048800 0.059100 0.141600 0.079000 0.129900 0.146500 0.048100 0.181200 0.068300 0.059000 0.144700 0.019000 0.058500 0.087400 0.173500 0.161100 0.058400 0.134300 0.156600 0.144700 0.079100 0.079200 0.068500 0.067500 0.109800 0.129800 0.129900
LesserMous 0.290800 0.000000 0.271400 0.282800 0.261300 0.290800 0.265600 0.262200 0.270500 0.278300 0.259800 0.238100 0.260800 0.248900 0.282000 0.249500 0.216200 0.212100 0.260400 0.257600 0.273900 0.259800 0.286700 0.279000 0.288100 0.249500 0.260800 0.273000 0.288100 0.257600 0.267700 0.248900 0.281900 0.272400 0.263000 0.291800 0.259800 0.249600 0.255700 0.287300 0.288000 0.260200 0.252300 0.279000 0.291800 0.288400 0.262600 0.273300 0.271200 0.246900 0.257600 0.257600
LesserKudu 0.141000 0.271400 0.000000 0.243600 0.118900 0.141000 0.131900 0.129600 0.018400 0.078900 0.118000 0.078800 0.097700 0.108400 0.115800 0.108700 0.090300 0.068200 0.097500 0.009100 0.129100 0.118000 0.080800 0.079000 0.139800 0.108700 0.097700 0.018300 0.140400 0.009100 0.069300 0.108400 0.144300 0.107600 0.118900 0.089100 0.118000 0.129700 0.126500 0.092000 0.081200 0.118200 0.058800 0.079000 0.089100 0.119300 0.118900 0.128800 0.107000 0.087300 0.009100 0.009100
KillerWhal 0.313800 0.282800 0.243600 0.000000 0.272700 0.313800 0.304500 0.286400 0.242800 0.288000 0.283300 0.275500 0.258700 0.247400 0.253700 0.261500 0.253400 0.223700 0.284000 0.230800 0.285300 0.283300 0.263900 0.276400 0.311100 0.261500 0.258700 0.244500 0.299600 0.230800 0.277900 0.247400 0.264300 0.270100 0.274300 0.288400 0.283300 0.261300 0.293300 0.268600 0.265000 0.271800 0.263300 0.276400 0.288400 0.299400 0.273300 0.270700 0.268600 0.245700 0.230800 0.230800
DefassaWat 0.048300 0.261300 0.118900 0.272700 0.000000 0.048300 0.048300 0.048000 0.118500 0.133100 0.038200 0.090200 0.038400 0.028400 0.057200 0.028400 0.101900 0.100200 0.038200 0.108100 0.048200 0.038200 0.136600 0.133400 0.058100 0.028800 0.038400 0.119300 0.058300 0.108100 0.122700 0.028400 0.156900 0.048100 0.019100 0.111300 0.038500 0.028500 0.066400 0.149000 0.137200 0.037700 0.111800 0.133400 0.111300 0.038500 0.058400 0.048100 0.047800 0.088200 0.108100 0.108100
Sheep 0.000000 0.290800 0.141000 0.313800 0.048300 0.000000 0.070100 0.068900 0.140500 0.156300 0.019000 0.122900 0.058600 0.048700 0.077600 0.048800 0.124500 0.122400 0.037200 0.129900 0.068600 0.018700 0.160400 0.156600 0.038600 0.048300 0.058500 0.141600 0.079000 0.129900 0.146500 0.048700 0.181200 0.068300 0.058100 0.144700 0.019000 0.057900 0.087400 0.173500 0.161100 0.058400 0.134300 0.157700 0.144700 0.079100 0.079200 0.068500 0.068000 0.109800 0.129900 0.129900
MaxwellsDu 0.070100 0.265600 0.131900 0.304500 0.048300 0.070100 0.000000 0.059400 0.131400 0.135900 0.048900 0.113600 0.029100 0.039200 0.068300 0.038800 0.115000 0.113100 0.048900 0.120800 0.059200 0.048900 0.139600 0.136200 0.069000 0.038400 0.029100 0.132400 0.049100 0.120800 0.126000 0.039200 0.171800 0.039100 0.049400 0.113100 0.048400 0.059500 0.057800 0.152400 0.140200 0.048700 0.114100 0.136200 0.113100 0.049200 0.069800 0.058900 0.058700 0.100500 0.120800 0.120800
GazellaPrz 0.068900 0.262200 0.129600 0.286400 0.048000 0.068900 0.059400 0.000000 0.129200 0.144300 0.048000 0.100900 0.048300 0.028500 0.067200 0.019000 0.112800 0.111000 0.048100 0.118700 0.037800 0.048000 0.148100 0.144600 0.067000 0.018800 0.048300 0.130100 0.048200 0.118700 0.134500 0.028800 0.168500 0.058000 0.048700 0.133000 0.048000 0.058500 0.056700 0.160700 0.148700 0.009400 0.122700 0.144600 0.133000 0.068500 0.047800 0.058100 0.057700 0.088500 0.118700 0.118700
MountainNy 0.140500 0.270500 0.018400 0.242800 0.118500 0.140500 0.131400 0.129200 0.000000 0.078600 0.117600 0.078500 0.097300 0.108100 0.116000 0.108300 0.089900 0.068000 0.097100 0.009100 0.128700 0.117600 0.080600 0.078700 0.128700 0.108300 0.097300 0.018200 0.140000 0.009100 0.069100 0.108100 0.143800 0.107200 0.119200 0.088800 0.117600 0.129300 0.126100 0.091700 0.080900 0.117800 0.058600 0.078700 0.088800 0.118900 0.118500 0.128400 0.106600 0.087000 0.009100 0.009100
MuntiacusM 0.156300 0.278300 0.078900 0.288000 0.133100 0.156300 0.135900 0.144300 0.078600 0.000000 0.132100 0.113400 0.100500 0.122300 0.152400 0.122600 0.092400 0.069800 0.111200 0.068500 0.143700 0.132100 0.019800 0.019000 0.154900 0.122600 0.100500 0.068700 0.144600 0.068500 0.009600 0.122300 0.135500 0.110600 0.134000 0.113500 0.132100 0.144500 0.141400 0.030100 0.019900 0.132400 0.019200 0.019000 0.113500 0.122800 0.133700 0.132600 0.120500 0.100200 0.068500 0.068500
goat 0.019000 0.259800 0.118000 0.283300 0.038200 0.019000 0.048900 0.048000 0.117600 0.132100 0.000000 0.099900 0.038100 0.028500 0.056900 0.028600 0.101200 0.099500 0.018800 0.107300 0.047300 0.000000 0.135500 0.132400 0.018700 0.028600 0.038100 0.118400 0.057900 0.107300 0.122400 0.028500 0.155800 0.047300 0.038700 0.121100 0.000000 0.048100 0.065500 0.147900 0.136100 0.037800 0.110900 0.132400 0.121100 0.057900 0.058000 0.047800 0.047200 0.087600 0.107300 0.107300
AfricanBuf 0.122900 0.238100 0.078800 0.275500 0.090200 0.122900 0.113600 0.100900 0.078500 0.113400 0.099900 0.000000 0.100700 0.090200 0.119800 0.090900 0.082000 0.080700 0.100100 0.068400 0.111000 0.099900 0.116500 0.113600 0.121700 0.090500 0.100700 0.079000 0.122300 0.068400 0.103500 0.090200 0.136800 0.110900 0.090800 0.060000 0.099900 0.111600 0.130000 0.128700 0.117000 0.100200 0.092200 0.113600 0.059800 0.090600 0.122600 0.110800 0.110200 0.069000 0.068400 0.068200
Topi 0.058600 0.260800 0.097700 0.258700 0.038400 0.058600 0.029100 0.048300 0.097300 0.100500 0.038100 0.100700 0.000000 0.028700 0.057500 0.028800 0.101700 0.079000 0.038200 0.087200 0.048100 0.038100 0.103000 0.100600 0.058000 0.028500 0.000000 0.098000 0.038300 0.087600 0.090800 0.028700 0.156800 0.009400 0.038300 0.089900 0.037700 0.048400 0.046600 0.114800 0.103500 0.038200 0.079800 0.100600 0.089900 0.038500 0.038400 0.048100 0.028100 0.088200 0.087200 0.087200
CommonDuik 0.048700 0.248900 0.108400 0.247400 0.028400 0.048700 0.039200 0.028500 0.108100 0.122300 0.028500 0.090200 0.028700 0.000000 0.047200 0.009500 0.091300 0.089800 0.028200 0.097800 0.028700 0.028500 0.125500 0.122500 0.048200 0.009400 0.028400 0.108900 0.038600 0.097800 0.112600 0.000000 0.145800 0.037800 0.028900 0.111300 0.028200 0.038600 0.047400 0.137700 0.126000 0.018800 0.101100 0.122500 0.111300 0.049100 0.037800 0.038200 0.037700 0.057900 0.097800 0.097800
Suni 0.077600 0.282000 0.115800 0.253700 0.057200 0.077600 0.068300 0.067200 0.116000 0.152400 0.056900 0.119800 0.057500 0.047200 0.000000 0.047600 0.121200 0.119300 0.056900 0.105800 0.066900 0.056900 0.156200 0.152600 0.076900 0.047600 0.056600 0.116800 0.077100 0.105800 0.142700 0.047500 0.176400 0.066700 0.057600 0.141100 0.056900 0.067300 0.084100 0.168800 0.156900 0.057000 0.130600 0.152600 0.141100 0.077200 0.077300 0.037000 0.066400 0.107000 0.105800 0.105800
Springbuck 0.048800 0.249500 0.108700 0.261500 0.028400 0.048800 0.038800 0.019000 0.108300 0.122600 0.028600 0.090900 0.028800 0.009500 0.047600 0.000000 0.091600 0.090100 0.028600 0.098100 0.018700 0.028600 0.125800 0.122900 0.047900 0.000000 0.028500 0.109100 0.028600 0.098000 0.112900 0.009500 0.146200 0.038000 0.028700 0.111600 0.028600 0.038400 0.037500 0.138100 0.126300 0.009300 0.101400 0.122900 0.111100 0.048600 0.028700 0.038400 0.038200 0.068300 0.098100 0.098100
Okapi 0.124500 0.216200 0.090300 0.253400 0.101900 0.124500 0.115000 0.112800 0.089900 0.092400 0.101200 0.082000 0.101700 0.091300 0.121200 0.091600 0.000000 0.019600 0.101300 0.079600 0.112300 0.101200 0.094500 0.092600 0.123300 0.091600 0.101700 0.090600 0.123700 0.079600 0.082500 0.091300 0.082400 0.112000 0.102500 0.103400 0.101200 0.091500 0.121000 0.106800 0.094900 0.101400 0.071300 0.092600 0.103400 0.102200 0.123900 0.112100 0.111400 0.069800 0.079600 0.079600
Giraffe 0.122400 0.212100 0.068200 0.223700 0.100200 0.122400 0.113100 0.111000 0.068000 0.069800 0.099500 0.080700 0.079000 0.089800 0.119300 0.090100 0.019600 0.000000 0.099700 0.058000 0.110500 0.099500 0.071300 0.069900 0.121300 0.090100 0.079000 0.068400 0.121800 0.058000 0.060100 0.089800 0.081100 0.089000 0.100900 0.091300 0.099500 0.090000 0.119100 0.082800 0.071600 0.099800 0.049500 0.069900 0.091300 0.100600 0.100200 0.110300 0.088500 0.068700 0.058000 0.058000
TibetanAnt 0.038500 0.260400 0.097500 0.284000 0.038200 0.037200 0.048900 0.048100 0.097100 0.111200 0.018800 0.100100 0.038200 0.028200 0.056900 0.028600 0.101300 0.099700 0.000000 0.087000 0.047900 0.018600 0.113600 0.111000 0.038200 0.028600 0.038200 0.097800 0.058000 0.087000 0.101100 0.028600 0.156000 0.047200 0.038300 0.121300 0.018600 0.048200 0.066500 0.125600 0.114100 0.037500 0.090000 0.111000 0.121300 0.058000 0.058300 0.047800 0.047500 0.087800 0.086400 0.087000
Sitatunga 0.129900 0.257600 0.009100 0.230800 0.108100 0.129900 0.120800 0.118700 0.009100 0.068500 0.107300 0.068400 0.087200 0.097800 0.105800 0.098100 0.079600 0.058000 0.087000 0.000000 0.118200 0.107300 0.070200 0.068600 0.128700 0.098100 0.087200 0.009100 0.129300 0.000000 0.058900 0.097800 0.132900 0.097000 0.108700 0.079400 0.106600 0.118800 0.115800 0.081100 0.070500 0.107500 0.048600 0.068600 0.078600 0.108500 0.108100 0.117900 0.096500 0.077000 0.000000 0.000000
Oribi 0.068600 0.273900 0.129100 0.285300 0.048200 0.068600 0.059200 0.037800 0.128700 0.143700 0.047300 0.111000 0.048100 0.028700 0.066900 0.018700 0.112300 0.110500 0.047900 0.118200 0.000000 0.047600 0.147400 0.144000 0.068000 0.018700 0.048100 0.129600 0.047300 0.117700 0.133900 0.028700 0.167800 0.057800 0.048500 0.132500 0.047900 0.058300 0.056500 0.160000 0.148000 0.028300 0.122200 0.144000 0.132500 0.068200 0.048000 0.057800 0.057500 0.088200 0.118200 0.118200
BarbaryShe 0.018700 0.259800 0.118000 0.283300 0.038200 0.018700 0.048900 0.048000 0.117600 0.132100 0.000000 0.099900 0.038100 0.028500 0.056900 0.028600 0.101200 0.099500 0.018600 0.107300 0.047600 0.000000 0.135500 0.132400 0.018800 0.028600 0.038100 0.118400 0.057900 0.107300 0.122400 0.028500 0.155800 0.047700 0.037900 0.121100 0.000000 0.048100 0.065200 0.147900 0.136100 0.038000 0.110900 0.132400 0.121100 0.057900 0.058200 0.047800 0.047500 0.087600 0.107300 0.107300
Daviddeer 0.160400 0.286700 0.080800 0.263900 0.136600 0.160400 0.139600 0.148100 0.080600 0.019800 0.135500 0.116500 0.103000 0.125500 0.156200 0.125800 0.094500 0.071300 0.113600 0.070200 0.147400 0.135500 0.000000 0.019800 0.158900 0.125800 0.103000 0.070400 0.148500 0.070200 0.009900 0.125500 0.139200 0.113500 0.137500 0.116600 0.135500 0.148200 0.144900 0.030800 0.000000 0.135800 0.019900 0.019800 0.116600 0.126100 0.136600 0.136000 0.123600 0.102800 0.070200 0.070200
Reindeer 0.156600 0.279000 0.079000 0.276400 0.133400 0.156600 0.136200 0.144600 0.078700 0.019000 0.132400 0.113600 0.100600 0.122500 0.152600 0.122900 0.092600 0.069900 0.111000 0.068600 0.144000 0.132400 0.019800 0.000000 0.155200 0.122900 0.100600 0.068800 0.144800 0.068600 0.009600 0.122500 0.113500 0.110800 0.134200 0.113700 0.132400 0.122500 0.141600 0.030100 0.019900 0.132700 0.019200 0.000000 0.113700 0.123000 0.133400 0.132800 0.120300 0.100400 0.068600 0.068600
Ibex 0.038600 0.288100 0.139800 0.311100 0.058100 0.038600 0.069000 0.067000 0.128700 0.154900 0.018700 0.121700 0.058000 0.048200 0.076900 0.047900 0.123300 0.121300 0.038200 0.128700 0.068000 0.018800 0.158900 0.155200 0.000000 0.047600 0.058000 0.140400 0.078300 0.128700 0.145100 0.048200 0.179500 0.067700 0.058400 0.143400 0.018800 0.068400 0.086600 0.171800 0.159600 0.056800 0.133100 0.155200 0.143400 0.078400 0.078000 0.067800 0.067400 0.108700 0.128700 0.128700
GyrantGaze 0.048800 0.249500 0.108700 0.261500 0.028800 0.048300 0.038400 0.018800 0.108300 0.122600 0.028600 0.090500 0.028500 0.009400 0.047600 0.000000 0.091600 0.090100 0.028600 0.098100 0.018700 0.028600 0.125800 0.122900 0.047600 0.000000 0.028800 0.109100 0.028600 0.098100 0.112900 0.009500 0.146200 0.038400 0.028600 0.111600 0.028500 0.038700 0.037500 0.138100 0.126300 0.009400 0.101400 0.122900 0.111600 0.048600 0.028700 0.038400 0.038200 0.068500 0.098100 0.098100
Hartebeest 0.059100 0.260800 0.097700 0.258700 0.038400 0.058500 0.029100 0.048300 0.097300 0.100500 0.038100 0.100700 0.000000 0.028400 0.056600 0.028500 0.101700 0.079000 0.038200 0.087200 0.048100 0.038100 0.103000 0.100600 0.058000 0.028800 0.000000 0.098000 0.037900 0.087200 0.090800 0.028500 0.156800 0.009400 0.038700 0.089900 0.037900 0.048400 0.047100 0.114800 0.103500 0.038200 0.078800 0.100600 0.089900 0.038400 0.038400 0.048000 0.028300 0.088200 0.087200 0.087200
Bongo 0.141600 0.273000 0.018300 0.244500 0.119300 0.141600 0.132400 0.130100 0.018200 0.068700 0.118400 0.079000 0.098000 0.108900 0.116800 0.109100 0.090600 0.068400 0.097800 0.009100 0.129600 0.118400 0.070400 0.068800 0.140400 0.109100 0.098000 0.000000 0.140900 0.009100 0.059100 0.108800 0.144900 0.107900 0.119600 0.089400 0.118400 0.130200 0.127000 0.081400 0.070700 0.118700 0.058900 0.068800 0.089400 0.119700 0.119400 0.129300 0.107300 0.087600 0.009100 0.009200
Gerenuk 0.079000 0.288100 0.140400 0.299600 0.058300 0.079000 0.049100 0.048200 0.140000 0.144600 0.057900 0.122300 0.038300 0.038600 0.077100 0.028600 0.123700 0.121800 0.058000 0.129300 0.047300 0.057900 0.148500 0.144800 0.078300 0.028600 0.037900 0.140900 0.000000 0.129300 0.135000 0.038600 0.180200 0.048000 0.058700 0.100600 0.057100 0.068500 0.046800 0.161100 0.149100 0.038100 0.123000 0.144800 0.100600 0.058300 0.057600 0.068000 0.067700 0.098900 0.129300 0.129300
CommonElan 0.129900 0.257600 0.009100 0.230800 0.108100 0.129900 0.120800 0.118700 0.009100 0.068500 0.107300 0.068400 0.087600 0.097800 0.105800 0.098000 0.079600 0.058000 0.087000 0.000000 0.117700 0.107300 0.070200 0.068600 0.128700 0.098100 0.087200 0.009100 0.129300 0.000000 0.058900 0.097800 0.132900 0.097000 0.109400 0.078600 0.107300 0.118800 0.115800 0.081100 0.070500 0.107500 0.048600 0.068600 0.078600 0.109000 0.108100 0.117900 0.096500 0.077000 0.000000 0.000000
MuntiacusR 0.146500 0.267700 0.069300 0.277900 0.122700 0.146500 0.126000 0.134500 0.069100 0.009600 0.122400 0.103500 0.090800 0.112600 0.142700 0.112900 0.082500 0.060100 0.101100 0.058900 0.133900 0.122400 0.009900 0.009600 0.145100 0.112900 0.090800 0.059100 0.135000 0.058900 0.000000 0.112600 0.125700 0.101000 0.124200 0.103700 0.122400 0.134500 0.131700 0.020100 0.010000 0.122700 0.009600 0.009600 0.103700 0.113100 0.123400 0.122800 0.110900 0.090600 0.058900 0.059000
HarveysDui 0.048100 0.248900 0.108400 0.247400 0.028400 0.048700 0.039200 0.028800 0.108100 0.122300 0.028500 0.090200 0.028700 0.000000 0.047500 0.009500 0.091300 0.089800 0.028600 0.097800 0.028700 0.028500 0.125500 0.122500 0.048200 0.009500 0.028500 0.108800 0.038600 0.097800 0.112600 0.000000 0.145800 0.038300 0.028900 0.111300 0.028500 0.038600 0.047400 0.137700 0.126000 0.018900 0.101100 0.122500 0.111300 0.048400 0.038300 0.038300 0.037800 0.057900 0.097100 0.097800
Pronghorn 0.181200 0.281900 0.144300 0.264300 0.156900 0.181200 0.171800 0.168500 0.143800 0.135500 0.155800 0.136800 0.156800 0.145800 0.176400 0.146200 0.082400 0.081100 0.156000 0.132900 0.167800 0.155800 0.139200 0.113500 0.179500 0.146200 0.156800 0.144900 0.180200 0.132900 0.125700 0.145800 0.000000 0.167400 0.157900 0.159400 0.155800 0.123700 0.165100 0.151900 0.139800 0.156100 0.113800 0.113500 0.159400 0.157500 0.180500 0.156300 0.166500 0.122800 0.132900 0.132900
BlueWildeb 0.068300 0.272400 0.107600 0.270100 0.048100 0.068300 0.039100 0.058000 0.107200 0.110600 0.047300 0.110900 0.009400 0.037800 0.066700 0.038000 0.112000 0.089000 0.047200 0.097000 0.057800 0.047700 0.113500 0.110800 0.067700 0.038400 0.009400 0.107900 0.048000 0.097000 0.101000 0.038300 0.167400 0.000000 0.048400 0.100000 0.047700 0.058000 0.056500 0.125300 0.114000 0.047800 0.089900 0.110800 0.100000 0.048100 0.047400 0.057900 0.037800 0.097400 0.097000 0.097000
Gemsbok 0.059000 0.263000 0.118900 0.274300 0.019100 0.058100 0.049400 0.048700 0.119200 0.134000 0.038700 0.090800 0.038300 0.028900 0.057600 0.028700 0.102500 0.100900 0.038300 0.108700 0.048500 0.037900 0.137500 0.134200 0.058400 0.028600 0.038700 0.119600 0.058700 0.109400 0.124200 0.028900 0.157900 0.048400 0.000000 0.112100 0.038300 0.048700 0.067200 0.150000 0.138100 0.038500 0.112500 0.134200 0.112100 0.038700 0.058800 0.048400 0.048100 0.088800 0.108700 0.109000
Yak 0.144700 0.291800 0.089100 0.288400 0.111300 0.144700 0.113100 0.133000 0.088800 0.113500 0.121100 0.060000 0.089900 0.111300 0.141100 0.111600 0.103400 0.091300 0.121300 0.079400 0.132500 0.121100 0.116600 0.113700 0.143400 0.111600 0.089900 0.089400 0.100600 0.078600 0.103700 0.111300 0.159400 0.100000 0.112100 0.000000 0.121100 0.133100 0.129500 0.128700 0.117100 0.121300 0.092300 0.113700 0.000000 0.090600 0.133600 0.132200 0.121700 0.089600 0.078500 0.078600
BlueSheep 0.019000 0.259800 0.118000 0.283300 0.038500 0.019000 0.048400 0.048000 0.117600 0.132100 0.000000 0.099900 0.037700 0.028200 0.056900 0.028600 0.101200 0.099500 0.018600 0.106600 0.047900 0.000000 0.135500 0.132400 0.018800 0.028500 0.037900 0.118400 0.057100 0.107300 0.122400 0.028500 0.155800 0.047700 0.038300 0.121100 0.000000 0.048100 0.066400 0.147900 0.136100 0.038000 0.110900 0.132400 0.121100 0.058100 0.058000 0.047000 0.047500 0.087600 0.106300 0.107300
BohorReedb 0.058500 0.249600 0.129700 0.261300 0.028500 0.057900 0.059500 0.058500 0.129300 0.144500 0.048100 0.111600 0.048400 0.038600 0.067300 0.038400 0.091500 0.090000 0.048200 0.118800 0.058300 0.048100 0.148200 0.122500 0.068400 0.038700 0.048400 0.130200 0.068500 0.118800 0.134500 0.038600 0.123700 0.058000 0.048700 0.133100 0.048100 0.000000 0.077000 0.161000 0.148900 0.048200 0.122800 0.122100 0.133100 0.068600 0.068700 0.058200 0.057800 0.098800 0.118800 0.118800
KirksDik 0.087400 0.255700 0.126500 0.293300 0.066400 0.087400 0.057800 0.056700 0.126100 0.141400 0.065500 0.130000 0.046600 0.047400 0.084100 0.037500 0.121000 0.119100 0.066500 0.115800 0.056500 0.065200 0.144900 0.141600 0.086600 0.037500 0.047100 0.127000 0.046800 0.115800 0.131700 0.047400 0.165100 0.056500 0.067200 0.129500 0.066400 0.077000 0.000000 0.157300 0.145500 0.046700 0.120200 0.141600 0.129500 0.066700 0.065900 0.076400 0.076000 0.106800 0.115800 0.115800
RoeDeer 0.173500 0.287300 0.092000 0.268600 0.149000 0.173500 0.152400 0.160700 0.091700 0.030100 0.147900 0.128700 0.114800 0.137700 0.168800 0.138100 0.106800 0.082800 0.125600 0.081100 0.160000 0.147900 0.030800 0.030100 0.171800 0.138100 0.114800 0.081400 0.161100 0.081100 0.020100 0.137700 0.151900 0.125300 0.150000 0.128700 0.147900 0.161000 0.157300 0.000000 0.031000 0.148200 0.029500 0.029400 0.128700 0.138300 0.149000 0.148400 0.135600 0.114500 0.081100 0.081100
WhiteLippe 0.161100 0.288000 0.081200 0.265000 0.137200 0.161100 0.140200 0.148700 0.080900 0.019900 0.136100 0.117000 0.103500 0.126000 0.156900 0.126300 0.094900 0.071600 0.114100 0.070500 0.148000 0.136100 0.000000 0.019900 0.159600 0.126300 0.103500 0.070700 0.149100 0.070500 0.010000 0.126000 0.139800 0.114000 0.138100 0.117100 0.136100 0.148900 0.145500 0.031000 0.000000 0.136400 0.020000 0.019900 0.117100 0.126600 0.137200 0.136500 0.124100 0.103200 0.070500 0.070500
ThomsonGaz 0.058400 0.260200 0.118200 0.271800 0.037700 0.058400 0.048700 0.009400 0.117800 0.132400 0.037800 0.100200 0.038200 0.018800 0.057000 0.009300 0.101400 0.099800 0.037500 0.107500 0.028300 0.038000 0.135800 0.132700 0.056800 0.009400 0.038200 0.118700 0.038100 0.107500 0.122700 0.018900 0.156100 0.047800 0.038500 0.121300 0.038000 0.048200 0.046700 0.148200 0.136400 0.000000 0.111200 0.132700 0.121300 0.058100 0.038100 0.047900 0.047600 0.077000 0.107500 0.107500
MuntiacusC 0.134300 0.252300 0.058800 0.263300 0.111800 0.134300 0.114100 0.122700 0.058600 0.019200 0.110900 0.092200 0.079800 0.101100 0.130600 0.101400 0.071300 0.049500 0.090000 0.048600 0.122200 0.110900 0.019900 0.019200 0.133100 0.101400 0.078800 0.058900 0.123000 0.048600 0.009600 0.101100 0.113800 0.089900 0.112500 0.092300 0.110900 0.122800 0.120200 0.029500 0.020000 0.111200 0.000000 0.019200 0.092300 0.101700 0.111900 0.111300 0.099700 0.078700 0.048600 0.047800
WhiteTaile 0.156600 0.279000 0.079000 0.276400 0.133400 0.157700 0.136200 0.144600 0.078700 0.019000 0.132400 0.113600 0.100600 0.122500 0.152600 0.122900 0.092600 0.069900 0.111000 0.068600 0.144000 0.132400 0.019800 0.000000 0.155200 0.122900 0.100600 0.068800 0.144800 0.068600 0.009600 0.122500 0.113500 0.110800 0.134200 0.113700 0.132400 0.122100 0.141600 0.029400 0.019900 0.132700 0.019200 0.000000 0.113700 0.123000 0.133400 0.132800 0.120800 0.100400 0.068600 0.068600
Cattle 0.144700 0.291800 0.089100 0.288400 0.111300 0.144700 0.113100 0.133000 0.088800 0.113500 0.121100 0.059800 0.089900 0.111300 0.141100 0.111100 0.103400 0.091300 0.121300 0.078600 0.132500 0.121100 0.116600 0.113700 0.143400 0.111600 0.089900 0.089400 0.100600 0.078600 0.103700 0.111300 0.159400 0.100000 0.112100 0.000000 0.121100 0.133100 0.129500 0.128700 0.117100 0.121300 0.092300 0.113700 0.000000 0.090300 0.133600 0.132200 0.120900 0.089600 0.078600 0.078600
RoyalAntel 0.079100 0.288400 0.119300 0.299400 0.038500 0.079100 0.049200 0.068500 0.118900 0.122800 0.057900 0.090600 0.038500 0.049100 0.077200 0.048600 0.102200 0.100600 0.058000 0.108500 0.068200 0.057900 0.126100 0.123000 0.078400 0.048600 0.038400 0.119700 0.058300 0.109000 0.113100 0.048400 0.157500 0.048100 0.038700 0.090600 0.058100 0.068600 0.066700 0.138300 0.126600 0.058100 0.101700 0.123000 0.090300 0.000000 0.078600 0.068100 0.067800 0.088500 0.108500 0.108500
Steenbok 0.079200 0.262600 0.118900 0.273300 0.058400 0.079200 0.069800 0.047800 0.118500 0.133700 0.058000 0.122600 0.038400 0.037800 0.077300 0.028700 0.123900 0.100200 0.058300 0.108100 0.048000 0.058200 0.136600 0.133400 0.078000 0.028700 0.038400 0.119400 0.057600 0.108100 0.123400 0.038300 0.180500 0.047400 0.058800 0.133600 0.058000 0.068700 0.065900 0.149000 0.137200 0.038100 0.111900 0.133400 0.133600 0.078600 0.000000 0.068200 0.047800 0.099100 0.108100 0.108100
Impala 0.068500 0.273300 0.128800 0.270700 0.048100 0.068500 0.058900 0.058100 0.128400 0.132600 0.047800 0.110800 0.048100 0.038200 0.037000 0.038400 0.112100 0.110300 0.047800 0.117900 0.057800 0.047800 0.136000 0.132800 0.067800 0.038400 0.048000 0.129300 0.068000 0.117900 0.122800 0.038300 0.156300 0.057900 0.048400 0.132200 0.047000 0.058200 0.076400 0.148400 0.136500 0.047900 0.111300 0.132800 0.132200 0.068100 0.068200 0.000000 0.057400 0.098100 0.117900 0.117900
Klipspring 0.067500 0.271200 0.107000 0.268600 0.047800 0.068000 0.058700 0.057700 0.106600 0.120500 0.047200 0.110200 0.028100 0.037700 0.066400 0.038200 0.111400 0.088500 0.047500 0.096500 0.057500 0.047500 0.123600 0.120300 0.067400 0.038200 0.028300 0.107300 0.067700 0.096500 0.110900 0.037800 0.166500 0.037800 0.048100 0.121700 0.047500 0.057800 0.076000 0.135600 0.124100 0.047600 0.099700 0.120800 0.120900 0.067800 0.047800 0.057400 0.000000 0.097500 0.096500 0.096500
ForestMusk 0.109800 0.246900 0.087300 0.245700 0.088200 0.109800 0.100500 0.088500 0.087000 0.100200 0.087600 0.069000 0.088200 0.057900 0.107000 0.068300 0.069800 0.068700 0.087800 0.077000 0.088200 0.087600 0.102800 0.100400 0.108700 0.068500 0.088200 0.087600 0.098900 0.077000 0.090600 0.057900 0.122800 0.097400 0.088800 0.089600 0.087600 0.098800 0.106800 0.114500 0.103200 0.077000 0.078700 0.100400 0.089600 0.088500 0.099100 0.098100 0.097500 0.000000 0.077000 0.077000
Bushbuck 0.129800 0.257600 0.009100 0.230800 0.108100 0.129900 0.120800 0.118700 0.009100 0.068500 0.107300 0.068400 0.087200 0.097800 0.105800 0.098100 0.079600 0.058000 0.086400 0.000000 0.118200 0.107300 0.070200 0.068600 0.128700 0.098100 0.087200 0.009100 0.129300 0.000000 0.058900 0.097100 0.132900 0.097000 0.108700 0.078500 0.106300 0.118800 0.115800 0.081100 0.070500 0.107500 0.048600 0.068600 0.078600 0.108500 0.108100 0.117900 0.096500 0.077000 0.000000 0.000000
GreaterKud 0.129900 0.257600 0.009100 0.230800 0.108100 0.129900 0.120800 0.118700 0.009100 0.068500 0.107300 0.068200 0.087200 0.097800 0.105800 0.098100 0.079600 0.058000 0.087000 0.000000 0.118200 0.107300 0.070200 0.068600 0.128700 0.098100 0.087200 0.009200 0.129300 0.000000 0.059000 0.097800 0.132900 0.097000 0.109000 0.078600 0.107300 0.118800 0.115800 0.081100 0.070500 0.107500 0.047800 0.068600 0.078600 0.108500 0.108100 0.117900 0.096500 0.077000 0.000000 0.000000
