1
52 1
Argali 0.000000 0.131000 0.045000 0.095300 0.024100 0.006000 0.011900 0.030300 0.037100 0.054900 0.000100 0.049100 0.024200 0.017900 0.043000 0.006000 0.030200 0.055700 0.012000 0.036800 0.005900 0.000000 0.042000 0.036200 0.000100 0.018200 0.024300 0.043200 0.005900 0.043100 0.055600 0.017900 0.030900 0.018200 0.012000 0.049100 0.000100 0.018100 0.005900 0.036500 0.042000 0.011900 0.054900 0.048500 0.042700 0.017900 0.012000 0.011900 0.018000 0.024600 0.037000 0.049300
LesserMous 0.131000 0.000000 0.158000 0.116600 0.158100 0.139200 0.128600 0.137000 0.146900 0.136400 0.129800 0.174300 0.144600 0.140800 0.130800 0.130400 0.122400 0.137300 0.144300 0.145500 0.122000 0.130300 0.120900 0.129000 0.129800 0.136600 0.137600 0.138900 0.129700 0.152700 0.138000 0.136100 0.121600 0.137900 0.130800 0.144700 0.129800 0.152100 0.136100 0.129900 0.120900 0.128900 0.136300 0.142500 0.137200 0.136600 0.130600 0.129300 0.122900 0.132600 0.146300 0.131100
LesserKudu 0.045000 0.158000 0.000000 0.119600 0.055600 0.043800 0.044800 0.064400 0.006000 0.077500 0.045300 0.042900 0.071800 0.050900 0.078700 0.045300 0.051400 0.078200 0.058200 0.006000 0.038100 0.045200 0.063000 0.057800 0.045300 0.050900 0.072100 0.012000 0.044800 0.012000 0.070600 0.051200 0.045700 0.065200 0.059100 0.030400 0.045300 0.065800 0.050900 0.058200 0.063000 0.044100 0.077800 0.070400 0.024200 0.038000 0.048600 0.045100 0.051800 0.031100 0.006000 0.018000
KillerWhal 0.095300 0.116600 0.119600 0.000000 0.094000 0.102900 0.093300 0.087600 0.110000 0.093500 0.094200 0.121800 0.094700 0.100400 0.115500 0.094500 0.087400 0.101200 0.094300 0.109000 0.087000 0.094600 0.079600 0.080500 0.094200 0.097700 0.095100 0.116300 0.094100 0.115700 0.094900 0.100400 0.089200 0.088500 0.095000 0.108200 0.094200 0.088000 0.100300 0.081100 0.079600 0.089800 0.093400 0.093100 0.101200 0.100700 0.094800 0.080700 0.100900 0.096500 0.109600 0.108700
DefassaWat 0.024100 0.158100 0.055600 0.094000 0.000000 0.024300 0.035600 0.042300 0.049300 0.066700 0.023800 0.048400 0.048500 0.036300 0.067900 0.029900 0.048900 0.080700 0.023800 0.048900 0.029700 0.023900 0.053600 0.048000 0.023800 0.042100 0.048700 0.055400 0.029800 0.055200 0.067600 0.036400 0.055800 0.042500 0.036300 0.048400 0.023800 0.005900 0.029600 0.048400 0.053600 0.035700 0.066600 0.047800 0.042100 0.042000 0.036200 0.023700 0.042200 0.043200 0.049100 0.061300
Sheep 0.006000 0.139200 0.043800 0.102900 0.024300 0.000000 0.018000 0.036900 0.037500 0.061700 0.006000 0.049600 0.030600 0.024200 0.049800 0.012100 0.036700 0.062600 0.018200 0.037100 0.012000 0.006000 0.048600 0.042800 0.006000 0.024500 0.030700 0.043600 0.012000 0.043500 0.062500 0.024200 0.037500 0.024500 0.018300 0.049600 0.006000 0.024400 0.012000 0.043100 0.048600 0.018000 0.061700 0.055200 0.043100 0.024200 0.018300 0.018100 0.024300 0.018400 0.037300 0.049800
MaxwellsDu 0.011900 0.128600 0.044800 0.093300 0.035600 0.018000 0.000000 0.029700 0.036400 0.053700 0.011700 0.060600 0.035800 0.005800 0.042200 0.011800 0.029600 0.054500 0.023700 0.036100 0.005800 0.011800 0.041100 0.035500 0.011700 0.017600 0.036000 0.042400 0.011700 0.042300 0.054500 0.005800 0.030300 0.029900 0.023800 0.048100 0.011700 0.029800 0.017500 0.035800 0.041100 0.011600 0.053700 0.047400 0.041900 0.017600 0.011800 0.011700 0.017700 0.024200 0.036300 0.048300
GazellaPrz 0.030300 0.137000 0.064400 0.087600 0.042300 0.036900 0.029700 0.000000 0.056000 0.060700 0.030000 0.067900 0.055100 0.036000 0.061800 0.030100 0.048500 0.074400 0.030000 0.055500 0.023800 0.030100 0.047700 0.042100 0.030000 0.036100 0.055300 0.062100 0.030000 0.061900 0.061500 0.036000 0.049500 0.049100 0.042700 0.055100 0.030000 0.036300 0.035900 0.042400 0.047700 0.029800 0.060700 0.054200 0.048700 0.036000 0.030200 0.017800 0.036200 0.043300 0.055700 0.068200
MountainNy 0.037100 0.146900 0.006000 0.110000 0.049300 0.037500 0.036400 0.056000 0.000000 0.068300 0.036800 0.036600 0.062600 0.042900 0.069700 0.036900 0.043100 0.069100 0.049500 0.000000 0.030300 0.036900 0.054800 0.049100 0.036800 0.043000 0.062800 0.006000 0.036700 0.006000 0.062000 0.042900 0.037400 0.056400 0.049900 0.024200 0.036800 0.056000 0.042800 0.049400 0.054800 0.036500 0.068300 0.061500 0.018100 0.030400 0.039700 0.036700 0.043200 0.024900 0.000000 0.011900
MuntiacusM 0.054900 0.136400 0.077500 0.093500 0.066700 0.061700 0.053700 0.060700 0.068300 0.000000 0.054300 0.073500 0.080100 0.054000 0.073900 0.054400 0.054200 0.086600 0.041900 0.067800 0.047700 0.054500 0.011500 0.017400 0.054300 0.060400 0.080400 0.074500 0.054200 0.074200 0.011700 0.054000 0.061800 0.074000 0.067500 0.067100 0.054300 0.060800 0.060100 0.017600 0.011500 0.053800 0.000000 0.029100 0.060600 0.060400 0.054700 0.041700 0.060600 0.055500 0.068100 0.080500
goat 0.000100 0.129800 0.045300 0.094200 0.023800 0.006000 0.011700 0.030000 0.036800 0.054300 0.000000 0.048600 0.023900 0.017700 0.042600 0.005900 0.029900 0.055100 0.011800 0.036400 0.005900 0.000000 0.041500 0.035800 0.000000 0.017800 0.024000 0.042800 0.005900 0.042700 0.055000 0.017700 0.030600 0.018000 0.011900 0.048600 0.000000 0.017900 0.005800 0.036100 0.041500 0.011700 0.054200 0.047900 0.042300 0.017800 0.011900 0.011800 0.017800 0.024400 0.036700 0.048800
AfricanBuf 0.049100 0.174300 0.042900 0.121800 0.048400 0.049600 0.060600 0.067900 0.036600 0.073500 0.048600 0.000000 0.074200 0.067200 0.094800 0.055100 0.067600 0.094300 0.042300 0.036300 0.054600 0.048800 0.060100 0.054400 0.048600 0.067500 0.074500 0.042700 0.054800 0.042500 0.074500 0.067300 0.069200 0.068100 0.061800 0.036000 0.048600 0.055200 0.054500 0.054800 0.060100 0.060800 0.073500 0.066700 0.029800 0.054700 0.065900 0.048400 0.067700 0.056400 0.036500 0.048600
Topi 0.024200 0.144600 0.071800 0.094700 0.048500 0.030600 0.035800 0.055100 0.062600 0.080100 0.023900 0.074200 0.000000 0.042100 0.055300 0.030100 0.054900 0.074300 0.036200 0.062000 0.029900 0.024000 0.066600 0.061000 0.023900 0.038200 0.011800 0.068800 0.030000 0.068400 0.081200 0.042200 0.056200 0.005900 0.011800 0.074400 0.023900 0.042600 0.029800 0.061400 0.066600 0.031600 0.080000 0.073300 0.067800 0.042300 0.036500 0.036100 0.042400 0.049800 0.062400 0.074800
CommonDuik 0.017900 0.140800 0.050900 0.100400 0.036300 0.024200 0.005800 0.036000 0.042900 0.054000 0.017700 0.067200 0.042100 0.000000 0.048600 0.017800 0.023700 0.061100 0.029800 0.042400 0.011700 0.017800 0.047400 0.041700 0.017700 0.023700 0.042300 0.048900 0.017700 0.048700 0.054700 0.000100 0.036600 0.036200 0.030000 0.054600 0.017700 0.030400 0.023500 0.042000 0.047400 0.017600 0.053900 0.048200 0.048200 0.023600 0.017800 0.017700 0.023700 0.030500 0.042700 0.054800
Suni 0.043000 0.130800 0.078700 0.115500 0.067900 0.049800 0.042200 0.061800 0.069700 0.073900 0.042600 0.094800 0.055300 0.048600 0.000000 0.042800 0.061500 0.088300 0.055200 0.069000 0.036200 0.042700 0.073400 0.067600 0.042600 0.048800 0.042800 0.075900 0.042600 0.075500 0.088100 0.048600 0.059500 0.049200 0.042900 0.081400 0.042600 0.062000 0.048600 0.068100 0.073400 0.042300 0.073800 0.080200 0.074700 0.048800 0.042900 0.042500 0.036500 0.056500 0.069300 0.081900
Springbuck 0.006000 0.130400 0.045300 0.094500 0.029900 0.012100 0.011800 0.030100 0.036900 0.054400 0.005900 0.055100 0.030100 0.017800 0.042800 0.000000 0.030000 0.055300 0.017900 0.036500 0.005900 0.005900 0.041700 0.035900 0.005900 0.017800 0.030200 0.042900 0.000000 0.042800 0.055200 0.017800 0.030600 0.024100 0.018000 0.048800 0.005900 0.024000 0.011800 0.036200 0.041700 0.011800 0.054400 0.048100 0.042400 0.017800 0.011900 0.011800 0.017900 0.024500 0.036700 0.048900
Okapi 0.030200 0.122400 0.051400 0.087400 0.048900 0.036700 0.029600 0.048500 0.043100 0.054200 0.029900 0.067600 0.054900 0.023700 0.061500 0.030000 0.000000 0.036200 0.042300 0.042600 0.023700 0.030000 0.047600 0.041900 0.029900 0.036000 0.055100 0.049100 0.029800 0.048900 0.055000 0.023700 0.024300 0.048900 0.042600 0.054900 0.029900 0.043000 0.035700 0.042200 0.047600 0.029700 0.054200 0.048500 0.048500 0.035900 0.032600 0.029800 0.036000 0.030600 0.042900 0.055100
Giraffe 0.055700 0.137300 0.078200 0.101200 0.080700 0.062600 0.054500 0.074400 0.069100 0.086600 0.055100 0.094300 0.074300 0.061100 0.088300 0.055300 0.036200 0.000000 0.067900 0.068600 0.048500 0.055300 0.073100 0.067400 0.055100 0.061200 0.074600 0.062300 0.055000 0.074900 0.087800 0.061100 0.049600 0.068300 0.061800 0.081100 0.055100 0.074600 0.061100 0.067900 0.073100 0.054600 0.086600 0.080000 0.074400 0.061200 0.058800 0.054900 0.061500 0.056300 0.068800 0.068300
TibetanAnt 0.012000 0.144300 0.058200 0.094300 0.023800 0.018200 0.023700 0.030000 0.049500 0.041900 0.011800 0.042300 0.036200 0.029800 0.055200 0.017900 0.042300 0.067900 0.000000 0.049000 0.017700 0.011900 0.029500 0.023700 0.011800 0.029900 0.036400 0.055500 0.017800 0.055400 0.042400 0.029800 0.043200 0.030200 0.024100 0.048600 0.011800 0.017900 0.017700 0.023900 0.029500 0.023700 0.041900 0.035700 0.042300 0.029900 0.024000 0.011800 0.030000 0.036900 0.049300 0.061600
Sitatunga 0.036800 0.145500 0.006000 0.109000 0.048900 0.037100 0.036100 0.055500 0.000000 0.067800 0.036400 0.036300 0.062000 0.042400 0.069000 0.036500 0.042600 0.068600 0.049000 0.000000 0.030000 0.036600 0.054300 0.048600 0.036400 0.042600 0.062300 0.006000 0.036300 0.005900 0.061500 0.042500 0.037200 0.055900 0.049500 0.024000 0.036400 0.055700 0.042400 0.048900 0.054300 0.036100 0.067800 0.060900 0.017900 0.030100 0.039900 0.036400 0.042700 0.024700 0.000000 0.011800
Oribi 0.005900 0.122000 0.038100 0.087000 0.029700 0.012000 0.005800 0.023800 0.030300 0.047700 0.005900 0.054600 0.029900 0.011700 0.036200 0.005900 0.023700 0.048500 0.017700 0.030000 0.000000 0.005900 0.035200 0.029600 0.005900 0.011700 0.030000 0.036300 0.005800 0.036200 0.048400 0.011700 0.024200 0.023900 0.017900 0.042100 0.005900 0.023800 0.011700 0.029800 0.035200 0.005800 0.047700 0.041500 0.035900 0.011700 0.005900 0.005800 0.011800 0.018100 0.030200 0.042300
BarbaryShe 0.000000 0.130300 0.045200 0.094600 0.023900 0.006000 0.011800 0.030100 0.036900 0.054500 0.000000 0.048800 0.024000 0.017800 0.042700 0.005900 0.030000 0.055300 0.011900 0.036600 0.005900 0.000000 0.041700 0.036000 0.000000 0.017900 0.024100 0.043000 0.005900 0.042800 0.055200 0.017800 0.030700 0.018000 0.012000 0.048800 0.000000 0.018000 0.005900 0.036200 0.041700 0.011800 0.054400 0.048100 0.042400 0.017800 0.012000 0.011800 0.017900 0.024500 0.036800 0.049000
Daviddeer 0.042000 0.120900 0.063000 0.079600 0.053600 0.048600 0.041100 0.047700 0.054800 0.011500 0.041500 0.060100 0.066600 0.047400 0.073400 0.041700 0.047600 0.073100 0.029500 0.054300 0.035200 0.041700 0.000000 0.005700 0.041500 0.047600 0.066800 0.060900 0.041500 0.060600 0.011600 0.047400 0.048600 0.060600 0.054300 0.053900 0.041500 0.047800 0.047300 0.005800 0.000000 0.041200 0.011500 0.017200 0.047600 0.047600 0.041900 0.029300 0.047700 0.042500 0.054600 0.066700
Reindeer 0.036200 0.129000 0.057800 0.080500 0.048000 0.042800 0.035500 0.042100 0.049100 0.017400 0.035800 0.054400 0.061000 0.041700 0.067600 0.035900 0.041900 0.067400 0.023700 0.048600 0.029600 0.036000 0.005700 0.000000 0.035800 0.041900 0.061200 0.055100 0.035800 0.054900 0.017700 0.041700 0.042800 0.054900 0.048600 0.048200 0.035800 0.042100 0.041700 0.000000 0.005700 0.035600 0.017400 0.011600 0.041900 0.041900 0.038800 0.023600 0.042000 0.036600 0.048900 0.061100
Ibex 0.000100 0.129800 0.045300 0.094200 0.023800 0.006000 0.011700 0.030000 0.036800 0.054300 0.000000 0.048600 0.023900 0.017700 0.042600 0.005900 0.029900 0.055100 0.011800 0.036400 0.005900 0.000000 0.041500 0.035800 0.000000 0.017800 0.024000 0.042800 0.005900 0.042700 0.055000 0.017700 0.030600 0.018000 0.011900 0.048600 0.000000 0.017900 0.005800 0.036100 0.041500 0.011700 0.054200 0.047900 0.042300 0.017800 0.011900 0.011800 0.017800 0.024400 0.036700 0.048800
GyrantGaze 0.018200 0.136600 0.050900 0.097700 0.042100 0.024500 0.017600 0.036100 0.043000 0.060400 0.017800 0.067500 0.038200 0.023700 0.048800 0.017800 0.036000 0.061200 0.029900 0.042600 0.011700 0.017900 0.047600 0.041900 0.017800 0.000000 0.038400 0.049000 0.017700 0.048700 0.061300 0.023700 0.036800 0.031900 0.030100 0.054800 0.017800 0.036200 0.023600 0.042200 0.047600 0.005800 0.060400 0.054100 0.048500 0.023700 0.017900 0.017700 0.023800 0.030600 0.042800 0.055000
Hartebeest 0.024300 0.137600 0.072100 0.095100 0.048700 0.030700 0.036000 0.055300 0.062800 0.080400 0.024000 0.074500 0.011800 0.042300 0.042800 0.030200 0.055100 0.074600 0.036400 0.062300 0.030000 0.024100 0.066800 0.061200 0.024000 0.038400 0.000000 0.069000 0.030100 0.068700 0.081500 0.042300 0.056400 0.005900 0.011900 0.074600 0.024000 0.042700 0.029900 0.061600 0.066800 0.031700 0.080300 0.073600 0.068000 0.042400 0.036600 0.036200 0.042600 0.050000 0.062600 0.075000
Bongo 0.043200 0.138900 0.012000 0.116300 0.055400 0.043600 0.042400 0.062100 0.006000 0.074500 0.042800 0.042700 0.068800 0.048900 0.075900 0.042900 0.049100 0.062300 0.055500 0.006000 0.036300 0.043000 0.060900 0.055100 0.042800 0.049000 0.069000 0.000000 0.042700 0.012000 0.068300 0.048900 0.043700 0.062600 0.056100 0.030200 0.042800 0.062300 0.048800 0.055500 0.060900 0.042500 0.074500 0.067600 0.024000 0.036400 0.046100 0.042700 0.049300 0.031100 0.006000 0.005900
Gerenuk 0.005900 0.129700 0.044800 0.094100 0.029800 0.012000 0.011700 0.030000 0.036700 0.054200 0.005900 0.054800 0.030000 0.017700 0.042600 0.000000 0.029800 0.055000 0.017800 0.036300 0.005800 0.005900 0.041500 0.035800 0.005900 0.017700 0.030100 0.042700 0.000000 0.042600 0.054900 0.017700 0.030500 0.024000 0.017900 0.048500 0.005900 0.023900 0.011700 0.036000 0.041500 0.011700 0.054200 0.047800 0.042200 0.017700 0.011900 0.011800 0.017800 0.024300 0.036600 0.048700
CommonElan 0.043100 0.152700 0.012000 0.115700 0.055200 0.043500 0.042300 0.061900 0.006000 0.074200 0.042700 0.042500 0.068400 0.048700 0.075500 0.042800 0.048900 0.074900 0.055400 0.005900 0.036200 0.042800 0.060600 0.054900 0.042700 0.048700 0.068700 0.012000 0.042600 0.000000 0.067900 0.048800 0.043500 0.062300 0.055900 0.030100 0.042700 0.062000 0.048600 0.055300 0.060600 0.042100 0.074100 0.067300 0.024000 0.036400 0.045900 0.042600 0.049000 0.031000 0.006000 0.017800
MuntiacusR 0.055600 0.138000 0.070600 0.094900 0.067600 0.062500 0.054500 0.061500 0.062000 0.011700 0.055000 0.074500 0.081200 0.054700 0.088100 0.055200 0.055000 0.087800 0.042400 0.061500 0.048400 0.055200 0.011600 0.017700 0.055000 0.061300 0.081500 0.068300 0.054900 0.067900 0.000000 0.054700 0.056000 0.075000 0.068400 0.068000 0.055000 0.061600 0.061000 0.017800 0.011600 0.054600 0.011700 0.029500 0.061500 0.061200 0.055500 0.042300 0.061400 0.049700 0.061800 0.074200
HarveysDui 0.017900 0.136100 0.051200 0.100400 0.036400 0.024200 0.005800 0.036000 0.042900 0.054000 0.017700 0.067300 0.042200 0.000100 0.048600 0.017800 0.023700 0.061100 0.029800 0.042500 0.011700 0.017800 0.047400 0.041700 0.017700 0.023700 0.042300 0.048900 0.017700 0.048800 0.054700 0.000000 0.036700 0.036200 0.030000 0.054600 0.017700 0.030500 0.023500 0.042000 0.047400 0.017600 0.054000 0.048600 0.048300 0.023700 0.017800 0.017700 0.023700 0.030500 0.042700 0.054900
Pronghorn 0.030900 0.121600 0.045700 0.089200 0.055800 0.037500 0.030300 0.049500 0.037400 0.061800 0.030600 0.069200 0.056200 0.036600 0.059500 0.030600 0.024300 0.049600 0.043200 0.037200 0.024200 0.030700 0.048600 0.042800 0.030600 0.036800 0.056400 0.043700 0.030500 0.043500 0.056000 0.036700 0.000000 0.050000 0.043500 0.056100 0.030600 0.049700 0.036600 0.043100 0.048600 0.030300 0.061700 0.055200 0.049600 0.036700 0.033000 0.030500 0.033000 0.018600 0.037300 0.049800
BlueWildeb 0.018200 0.137900 0.065200 0.088500 0.042500 0.024500 0.029900 0.049100 0.056400 0.074000 0.018000 0.068100 0.005900 0.036200 0.049200 0.024100 0.048900 0.068300 0.030200 0.055900 0.023900 0.018000 0.060600 0.054900 0.018000 0.031900 0.005900 0.062600 0.024000 0.062300 0.075000 0.036200 0.050000 0.000000 0.005900 0.068300 0.018000 0.036500 0.023900 0.055300 0.060600 0.025300 0.073900 0.067300 0.061700 0.036300 0.030400 0.030100 0.036400 0.043600 0.056200 0.068600
Gemsbok 0.012000 0.130800 0.059100 0.095000 0.036300 0.018300 0.023800 0.042700 0.049900 0.067500 0.011900 0.061800 0.011800 0.030000 0.042900 0.018000 0.042600 0.061800 0.024100 0.049500 0.017900 0.012000 0.054300 0.048600 0.011900 0.030100 0.011900 0.056100 0.017900 0.055900 0.068400 0.030000 0.043500 0.005900 0.000000 0.061800 0.011900 0.030300 0.017800 0.048900 0.054300 0.023900 0.067400 0.060900 0.055300 0.030100 0.024200 0.024000 0.030200 0.037200 0.049800 0.062200
Yak 0.049100 0.144700 0.030400 0.108200 0.048400 0.049600 0.048100 0.055100 0.024200 0.067100 0.048600 0.036000 0.074400 0.054600 0.081400 0.048800 0.054900 0.081100 0.048600 0.024000 0.042100 0.048800 0.053900 0.048200 0.048600 0.054800 0.074600 0.030200 0.048500 0.030100 0.068000 0.054600 0.056100 0.068300 0.061800 0.000000 0.048600 0.055200 0.042000 0.048600 0.053900 0.048200 0.067000 0.060400 0.005900 0.042200 0.039300 0.036000 0.054900 0.043500 0.024100 0.036100
BlueSheep 0.000100 0.129800 0.045300 0.094200 0.023800 0.006000 0.011700 0.030000 0.036800 0.054300 0.000000 0.048600 0.023900 0.017700 0.042600 0.005900 0.029900 0.055100 0.011800 0.036400 0.005900 0.000000 0.041500 0.035800 0.000000 0.017800 0.024000 0.042800 0.005900 0.042700 0.055000 0.017700 0.030600 0.018000 0.011900 0.048600 0.000000 0.017900 0.005800 0.036100 0.041500 0.011700 0.054200 0.047900 0.042300 0.017800 0.011900 0.011800 0.017800 0.024400 0.036700 0.048800
BohorReedb 0.018100 0.152100 0.065800 0.088000 0.005900 0.024400 0.029800 0.036300 0.056000 0.060800 0.017900 0.055200 0.042600 0.030400 0.062000 0.024000 0.043000 0.074600 0.017900 0.055700 0.023800 0.018000 0.047800 0.042100 0.017900 0.036200 0.042700 0.062300 0.023900 0.062000 0.061600 0.030500 0.049700 0.036500 0.030300 0.055200 0.017900 0.000000 0.023800 0.042400 0.047800 0.029800 0.060800 0.042000 0.048700 0.036100 0.030300 0.017900 0.036200 0.043400 0.055900 0.068300
KirksDik 0.005900 0.136100 0.050900 0.100300 0.029600 0.012000 0.017500 0.035900 0.042800 0.060100 0.005800 0.054500 0.029800 0.023500 0.048600 0.011800 0.035700 0.061100 0.017700 0.042400 0.011700 0.005900 0.047300 0.041700 0.005800 0.023600 0.029900 0.048800 0.011700 0.048600 0.061000 0.023500 0.036600 0.023900 0.017800 0.042000 0.005800 0.023800 0.000000 0.042000 0.047300 0.017500 0.060100 0.053800 0.048200 0.023600 0.005900 0.017600 0.023700 0.030400 0.042600 0.054700
RoeDeer 0.036500 0.129900 0.058200 0.081100 0.048400 0.043100 0.035800 0.042400 0.049400 0.017600 0.036100 0.054800 0.061400 0.042000 0.068100 0.036200 0.042200 0.067900 0.023900 0.048900 0.029800 0.036200 0.005800 0.000000 0.036100 0.042200 0.061600 0.055500 0.036000 0.055300 0.017800 0.042000 0.043100 0.055300 0.048900 0.048600 0.036100 0.042400 0.042000 0.000000 0.005800 0.035800 0.017600 0.011700 0.042300 0.042100 0.039100 0.023800 0.042300 0.036900 0.049200 0.061500
WhiteLippe 0.042000 0.120900 0.063000 0.079600 0.053600 0.048600 0.041100 0.047700 0.054800 0.011500 0.041500 0.060100 0.066600 0.047400 0.073400 0.041700 0.047600 0.073100 0.029500 0.054300 0.035200 0.041700 0.000000 0.005700 0.041500 0.047600 0.066800 0.060900 0.041500 0.060600 0.011600 0.047400 0.048600 0.060600 0.054300 0.053900 0.041500 0.047800 0.047300 0.005800 0.000000 0.041200 0.011500 0.017200 0.047600 0.047600 0.041900 0.029300 0.047700 0.042500 0.054600 0.066700
ThomsonGaz 0.011900 0.128900 0.044100 0.089800 0.035700 0.018000 0.011600 0.029800 0.036500 0.053800 0.011700 0.060800 0.031600 0.017600 0.042300 0.011800 0.029700 0.054600 0.023700 0.036100 0.005800 0.011800 0.041200 0.035600 0.011700 0.005800 0.031700 0.042500 0.011700 0.042100 0.054600 0.017600 0.030300 0.025300 0.023900 0.048200 0.011700 0.029800 0.017500 0.035800 0.041200 0.000000 0.053800 0.047600 0.042000 0.017600 0.011800 0.011700 0.017700 0.024200 0.036300 0.048400
MuntiacusC 0.054900 0.136300 0.077800 0.093400 0.066600 0.061700 0.053700 0.060700 0.068300 0.000000 0.054200 0.073500 0.080000 0.053900 0.073800 0.054400 0.054200 0.086600 0.041900 0.067800 0.047700 0.054400 0.011500 0.017400 0.054200 0.060400 0.080300 0.074500 0.054200 0.074100 0.011700 0.054000 0.061700 0.073900 0.067400 0.067000 0.054200 0.060800 0.060100 0.017600 0.011500 0.053800 0.000000 0.029100 0.060600 0.060400 0.054700 0.041700 0.060500 0.055500 0.068100 0.080400
WhiteTaile 0.048500 0.142500 0.070400 0.093100 0.047800 0.055200 0.047400 0.054200 0.061500 0.029100 0.047900 0.066700 0.073300 0.048200 0.080200 0.048100 0.048500 0.080000 0.035700 0.060900 0.041500 0.048100 0.017200 0.011600 0.047900 0.054100 0.073600 0.067600 0.047800 0.067300 0.029500 0.048600 0.055200 0.067300 0.060900 0.060400 0.047900 0.042000 0.053800 0.011700 0.017200 0.047600 0.029100 0.000000 0.054100 0.054000 0.051100 0.035500 0.054100 0.049000 0.061300 0.073500
Cattle 0.042700 0.137200 0.024200 0.101200 0.042100 0.043100 0.041900 0.048700 0.018100 0.060600 0.042300 0.029800 0.067800 0.048200 0.074700 0.042400 0.048500 0.074400 0.042300 0.017900 0.035900 0.042400 0.047600 0.041900 0.042300 0.048500 0.068000 0.024000 0.042200 0.024000 0.061500 0.048300 0.049600 0.061700 0.055300 0.005900 0.042300 0.048700 0.048200 0.042300 0.047600 0.042000 0.060600 0.054100 0.000000 0.036000 0.045700 0.029900 0.048500 0.037100 0.018000 0.029900
RoyalAntel 0.017900 0.136600 0.038000 0.100700 0.042000 0.024200 0.017600 0.036000 0.030400 0.060400 0.017800 0.054700 0.042300 0.023600 0.048800 0.017800 0.035900 0.061200 0.029900 0.030100 0.011700 0.017800 0.047600 0.041900 0.017800 0.023700 0.042400 0.036400 0.017700 0.036400 0.061200 0.023700 0.036700 0.036300 0.030100 0.042200 0.017800 0.036100 0.023600 0.042100 0.047600 0.017600 0.060400 0.054000 0.036000 0.000000 0.017900 0.017700 0.023800 0.030500 0.030300 0.042400
Steenbok 0.012000 0.130600 0.048600 0.094800 0.036200 0.018300 0.011800 0.030200 0.039700 0.054700 0.011900 0.065900 0.036500 0.017800 0.042900 0.011900 0.032600 0.058800 0.024000 0.039900 0.005900 0.012000 0.041900 0.038800 0.011900 0.017900 0.036600 0.046100 0.011900 0.045900 0.055500 0.017800 0.033000 0.030400 0.024200 0.039300 0.011900 0.030300 0.005900 0.039100 0.041900 0.011800 0.054700 0.051100 0.045700 0.017900 0.000000 0.011900 0.017900 0.026500 0.039800 0.052600
Impala 0.011900 0.129300 0.045100 0.080700 0.023700 0.018100 0.011700 0.017800 0.036700 0.041700 0.011800 0.048400 0.036100 0.017700 0.042500 0.011800 0.029800 0.054900 0.011800 0.036400 0.005800 0.011800 0.029300 0.023600 0.011800 0.017700 0.036200 0.042700 0.011800 0.042600 0.042300 0.017700 0.030500 0.030100 0.024000 0.036000 0.011800 0.017900 0.017600 0.023800 0.029300 0.011700 0.041700 0.035500 0.029900 0.017700 0.011900 0.000000 0.017800 0.024300 0.036600 0.048700
Klipspring 0.018000 0.122900 0.051800 0.100900 0.042200 0.024300 0.017700 0.036200 0.043200 0.060600 0.017800 0.067700 0.042400 0.023700 0.036500 0.017900 0.036000 0.061500 0.030000 0.042700 0.011800 0.017900 0.047700 0.042000 0.017800 0.023800 0.042600 0.049300 0.017800 0.049000 0.061400 0.023700 0.033000 0.036400 0.030200 0.054900 0.017800 0.036200 0.023700 0.042300 0.047700 0.017700 0.060500 0.054100 0.048500 0.023800 0.017900 0.017800 0.000000 0.030600 0.043000 0.055200
ForestMusk 0.024600 0.132600 0.031100 0.096500 0.043200 0.018400 0.024200 0.043300 0.024900 0.055500 0.024400 0.056400 0.049800 0.030500 0.056500 0.024500 0.030600 0.056300 0.036900 0.024700 0.018100 0.024500 0.042500 0.036600 0.024400 0.030600 0.050000 0.031100 0.024300 0.031000 0.049700 0.030500 0.018600 0.043600 0.037200 0.043500 0.024400 0.043400 0.030400 0.036900 0.042500 0.024200 0.055500 0.049000 0.037100 0.030500 0.026500 0.024300 0.030600 0.000000 0.024800 0.037200
Bushbuck 0.037000 0.146300 0.006000 0.109600 0.049100 0.037300 0.036300 0.055700 0.000000 0.068100 0.036700 0.036500 0.062400 0.042700 0.069300 0.036700 0.042900 0.068800 0.049300 0.000000 0.030200 0.036800 0.054600 0.048900 0.036700 0.042800 0.062600 0.006000 0.036600 0.006000 0.061800 0.042700 0.037300 0.056200 0.049800 0.024100 0.036700 0.055900 0.042600 0.049200 0.054600 0.036300 0.068100 0.061300 0.018000 0.030300 0.039800 0.036600 0.043000 0.024800 0.000000 0.011900
GreaterKud 0.049300 0.131100 0.018000 0.108700 0.061300 0.049800 0.048300 0.068200 0.011900 0.080500 0.048800 0.048600 0.074800 0.054800 0.081900 0.048900 0.055100 0.068300 0.061600 0.011800 0.042300 0.049000 0.066700 0.061100 0.048800 0.055000 0.075000 0.005900 0.048700 0.017800 0.074200 0.054900 0.049800 0.068600 0.062200 0.036100 0.048800 0.068300 0.054700 0.061500 0.066700 0.048400 0.080400 0.073500 0.029900 0.042400 0.052600 0.048700 0.055200 0.037200 0.011900 0.000000
