CODONML (in paml version 4.10.7, June 2023)  /home/rachel/ruminants_paml/6406-phy-tree/ENSBTAT00000020727.fasta.phy
Model: free dN/dS Ratios for branches,  kappa = 2.000 fixed

Codon frequency model: F3x4
ns =  54  ls =  28

Codon usage in sequences
--------------------------------------------------------------------------------------------------------------------------------------
Phe TTT   0   0   0   0   0   0 | Ser TCT   1   1   1   1   1   1 | Tyr TAT   0   0   0   0   0   0 | Cys TGT   1   1   1   1   1   1
    TTC   0   1   0   0   0   0 |     TCC   0   0   0   0   0   0 |     TAC   1   1   1   1   1   1 |     TGC   0   0   0   0   0   0
Leu TTA   1   1   1   1   1   1 |     TCA   1   2   1   2   2   2 | *** TAA   0   0   0   0   0   0 | *** TGA   0   0   0   0   0   0
    TTG   0   0   0   0   0   0 |     TCG   1   0   1   0   0   0 |     TAG   0   0   0   0   0   0 | Trp TGG   0   0   0   0   0   0
--------------------------------------------------------------------------------------------------------------------------------------
Leu CTT   0   0   0   0   1   0 | Pro CCT   0   0   0   0   0   0 | His CAT   1   0   1   1   1   1 | Arg CGT   0   0   0   0   0   0
    CTC   1   0   1   1   1   1 |     CCC   0   0   0   0   0   0 |     CAC   0   1   0   0   0   0 |     CGC   0   0   0   0   0   0
    CTA   0   0   0   0   0   0 |     CCA   0   0   0   0   0   0 | Gln CAA   1   1   1   1   1   1 |     CGA   0   0   0   0   0   0
    CTG   2   2   2   2   1   2 |     CCG   0   0   0   0   0   0 |     CAG   2   2   2   2   2   2 |     CGG   0   0   0   0   0   0
--------------------------------------------------------------------------------------------------------------------------------------
Ile ATT   1   1   1   1   1   1 | Thr ACT   0   0   0   0   0   0 | Asn AAT   0   1   0   0   1   1 | Ser AGT   0   1   0   0   0   0
    ATC   0   0   0   0   0   0 |     ACC   0   0   0   0   0   0 |     AAC   1   0   1   1   0   0 |     AGC   0   0   0   0   1   0
    ATA   0   0   0   0   0   0 |     ACA   0   0   0   0   0   0 | Lys AAA   1   1   1   1   0   1 | Arg AGA   1   1   1   1   1   1
Met ATG   1   1   1   1   0   1 |     ACG   0   0   0   0   1   0 |     AAG   0   0   0   0   1   0 |     AGG   0   0   0   0   0   0
--------------------------------------------------------------------------------------------------------------------------------------
Val GTT   0   0   0   0   0   0 | Ala GCT   1   2   2   2   1   2 | Asp GAT   0   0   0   0   0   0 | Gly GGT   3   1   2   2   1   2
    GTC   1   1   1   1   1   1 |     GCC   1   0   0   0   0   0 |     GAC   1   1   1   1   1   1 |     GGC   0   1   1   1   1   1
    GTA   0   0   0   0   0   0 |     GCA   0   0   0   0   1   0 | Glu GAA   0   0   0   0   0   0 |     GGA   1   1   1   1   1   1
    GTG   0   0   0   0   0   0 |     GCG   0   0   0   0   0   0 |     GAG   2   2   2   2   2   2 |     GGG   0   0   0   0   0   0
--------------------------------------------------------------------------------------------------------------------------------------

--------------------------------------------------------------------------------------------------------------------------------------
Phe TTT   0   0   0   0   0   0 | Ser TCT   1   1   1   1   1   1 | Tyr TAT   0   0   1   1   0   0 | Cys TGT   1   1   1   1   1   1
    TTC   0   0   0   0   0   0 |     TCC   0   0   0   0   0   0 |     TAC   1   1   0   0   1   1 |     TGC   0   0   0   0   0   0
Leu TTA   0   1   1   1   1   1 |     TCA   2   1   2   2   1   2 | *** TAA   0   0   0   0   0   0 | *** TGA   0   0   0   0   0   0
    TTG   0   0   0   0   0   0 |     TCG   0   1   0   0   1   0 |     TAG   0   0   0   0   0   0 | Trp TGG   0   0   0   0   0   0
--------------------------------------------------------------------------------------------------------------------------------------
Leu CTT   0   0   0   0   0   0 | Pro CCT   0   0   0   0   0   0 | His CAT   1   1   1   1   1   1 | Arg CGT   0   0   0   0   0   0
    CTC   1   1   1   1   1   1 |     CCC   0   0   0   0   0   0 |     CAC   0   0   0   0   0   0 |     CGC   0   0   0   0   0   0
    CTA   1   0   0   0   0   0 |     CCA   0   0   0   0   0   0 | Gln CAA   1   1   1   1   1   1 |     CGA   0   0   0   0   0   0
    CTG   2   2   2   2   2   3 |     CCG   0   0   0   0   0   0 |     CAG   2   2   2   1   2   2 |     CGG   0   0   0   1   0   0
--------------------------------------------------------------------------------------------------------------------------------------
Ile ATT   1   1   1   1   1   1 | Thr ACT   0   0   0   0   0   0 | Asn AAT   0   0   0   0   0   0 | Ser AGT   0   0   0   0   0   0
    ATC   0   0   0   0   0   0 |     ACC   0   0   0   0   0   0 |     AAC   1   1   1   1   1   1 |     AGC   0   0   0   0   0   0
    ATA   0   0   0   0   0   0 |     ACA   0   0   0   0   0   0 | Lys AAA   1   1   1   1   1   1 | Arg AGA   1   1   1   1   1   1
Met ATG   1   1   1   1   1   0 |     ACG   0   0   0   0   0   0 |     AAG   0   0   0   0   0   0 |     AGG   0   0   0   0   0   0
--------------------------------------------------------------------------------------------------------------------------------------
Val GTT   0   0   0   0   0   0 | Ala GCT   2   1   2   2   2   2 | Asp GAT   0   0   0   0   0   0 | Gly GGT   2   3   2   2   2   2
    GTC   1   1   1   1   1   1 |     GCC   0   1   0   0   0   0 |     GAC   1   1   1   1   1   1 |     GGC   1   0   1   1   1   1
    GTA   0   0   0   0   0   0 |     GCA   0   0   0   0   0   0 | Glu GAA   0   0   0   0   0   0 |     GGA   1   1   1   1   1   1
    GTG   0   0   0   0   0   0 |     GCG   0   0   0   0   0   0 |     GAG   2   2   2   2   2   2 |     GGG   0   0   0   0   0   0
--------------------------------------------------------------------------------------------------------------------------------------

--------------------------------------------------------------------------------------------------------------------------------------
Phe TTT   0   0   0   0   0   0 | Ser TCT   1   1   1   1   0   1 | Tyr TAT   0   0   0   0   0   0 | Cys TGT   1   1   1   1   1   1
    TTC   0   0   0   0   0   0 |     TCC   0   1   0   0   1   0 |     TAC   1   1   1   1   1   1 |     TGC   0   0   0   0   0   0
Leu TTA   1   1   1   1   1   1 |     TCA   2   1   2   2   2   2 | *** TAA   0   0   0   0   0   0 | *** TGA   0   0   0   0   0   0
    TTG   0   0   0   0   0   0 |     TCG   0   0   0   0   0   0 |     TAG   0   0   0   0   0   0 | Trp TGG   0   0   0   0   0   0
--------------------------------------------------------------------------------------------------------------------------------------
Leu CTT   0   0   0   0   0   0 | Pro CCT   0   0   0   0   0   0 | His CAT   1   1   1   1   0   1 | Arg CGT   0   0   0   0   0   0
    CTC   1   1   1   1   1   1 |     CCC   0   0   0   0   0   0 |     CAC   0   0   0   0   1   0 |     CGC   0   0   0   0   0   0
    CTA   0   0   0   0   0   0 |     CCA   0   0   0   0   0   0 | Gln CAA   1   1   1   1   1   1 |     CGA   0   0   0   0   0   0
    CTG   2   2   2   2   2   2 |     CCG   0   0   0   0   0   0 |     CAG   2   2   2   2   2   2 |     CGG   0   0   0   0   0   0
--------------------------------------------------------------------------------------------------------------------------------------
Ile ATT   1   1   1   1   1   1 | Thr ACT   0   0   0   0   0   0 | Asn AAT   0   0   0   0   0   0 | Ser AGT   0   0   0   0   0   0
    ATC   0   0   0   0   0   0 |     ACC   0   0   0   0   0   0 |     AAC   1   1   1   1   1   1 |     AGC   0   0   0   0   0   0
    ATA   0   0   0   0   0   0 |     ACA   0   0   0   0   0   0 | Lys AAA   1   1   1   1   1   1 | Arg AGA   1   1   1   1   1   1
Met ATG   1   1   1   1   1   1 |     ACG   0   0   0   0   0   0 |     AAG   0   0   0   0   0   0 |     AGG   0   0   0   0   0   0
--------------------------------------------------------------------------------------------------------------------------------------
Val GTT   0   0   0   0   0   0 | Ala GCT   2   2   2   2   2   2 | Asp GAT   0   0   0   0   0   0 | Gly GGT   3   2   2   2   2   2
    GTC   1   1   1   1   1   1 |     GCC   0   0   0   0   0   0 |     GAC   1   1   1   1   1   1 |     GGC   0   1   1   1   1   1
    GTA   0   0   0   0   0   0 |     GCA   0   0   0   0   0   0 | Glu GAA   0   0   0   0   0   0 |     GGA   1   1   1   1   1   1
    GTG   0   0   0   0   0   0 |     GCG   0   0   0   0   0   0 |     GAG   2   2   2   2   2   2 |     GGG   0   0   0   0   0   0
--------------------------------------------------------------------------------------------------------------------------------------

--------------------------------------------------------------------------------------------------------------------------------------
Phe TTT   0   0   0   0   0   0 | Ser TCT   1   1   1   1   1   1 | Tyr TAT   1   0   0   0   1   0 | Cys TGT   1   1   1   1   1   1
    TTC   0   0   0   0   0   0 |     TCC   0   0   0   0   0   0 |     TAC   0   1   1   1   0   1 |     TGC   0   0   0   0   0   0
Leu TTA   1   1   1   1   1   1 |     TCA   2   2   2   1   2   2 | *** TAA   0   0   0   0   0   0 | *** TGA   0   0   0   0   0   0
    TTG   0   0   0   0   0   0 |     TCG   0   0   0   1   0   0 |     TAG   0   0   0   0   0   0 | Trp TGG   0   0   0   0   0   0
--------------------------------------------------------------------------------------------------------------------------------------
Leu CTT   0   0   0   0   0   0 | Pro CCT   0   0   0   0   0   0 | His CAT   1   1   1   1   1   1 | Arg CGT   0   0   0   0   0   0
    CTC   1   1   1   1   1   1 |     CCC   0   0   0   0   0   0 |     CAC   0   0   0   0   0   0 |     CGC   0   0   0   0   0   0
    CTA   0   0   0   0   0   0 |     CCA   0   0   0   0   0   0 | Gln CAA   1   1   1   1   1   1 |     CGA   0   0   0   0   0   0
    CTG   2   2   2   2   2   2 |     CCG   0   0   0   0   0   0 |     CAG   2   2   2   2   1   2 |     CGG   0   0   0   0   1   0
--------------------------------------------------------------------------------------------------------------------------------------
Ile ATT   1   1   1   1   1   1 | Thr ACT   0   0   0   0   0   0 | Asn AAT   0   0   0   0   0   0 | Ser AGT   0   0   0   0   0   0
    ATC   0   0   0   0   0   0 |     ACC   0   0   0   0   0   0 |     AAC   1   1   1   1   1   1 |     AGC   0   0   0   0   0   0
    ATA   0   0   0   0   0   0 |     ACA   0   0   0   0   0   0 | Lys AAA   1   1   1   1   1   1 | Arg AGA   1   1   1   1   1   1
Met ATG   1   1   1   1   1   1 |     ACG   0   0   0   0   0   0 |     AAG   0   0   0   0   0   0 |     AGG   0   0   0   0   0   0
--------------------------------------------------------------------------------------------------------------------------------------
Val GTT   0   0   0   0   0   0 | Ala GCT   2   2   2   2   2   2 | Asp GAT   0   0   0   0   0   0 | Gly GGT   2   2   2   2   2   3
    GTC   1   1   1   1   1   1 |     GCC   0   0   0   0   0   0 |     GAC   1   1   1   1   1   1 |     GGC   1   1   2   1   1   0
    GTA   0   0   0   0   0   0 |     GCA   0   0   0   0   0   0 | Glu GAA   0   0   0   0   0   0 |     GGA   1   1   0   1   1   1
    GTG   0   0   0   0   0   0 |     GCG   0   0   0   0   0   0 |     GAG   2   2   2   2   2   2 |     GGG   0   0   0   0   0   0
--------------------------------------------------------------------------------------------------------------------------------------

--------------------------------------------------------------------------------------------------------------------------------------
Phe TTT   0   0   0   0   0   0 | Ser TCT   1   1   1   1   1   1 | Tyr TAT   1   0   0   0   0   0 | Cys TGT   1   1   1   1   1   1
    TTC   1   0   0   0   0   0 |     TCC   0   1   0   0   0   0 |     TAC   0   1   1   1   1   1 |     TGC   0   0   0   0   0   0
Leu TTA   1   1   1   1   1   1 |     TCA   2   1   2   2   2   1 | *** TAA   0   0   0   0   0   0 | *** TGA   0   0   0   0   0   0
    TTG   0   0   0   0   0   0 |     TCG   0   0   0   0   0   1 |     TAG   0   0   0   0   0   0 | Trp TGG   0   0   0   0   0   0
--------------------------------------------------------------------------------------------------------------------------------------
Leu CTT   0   0   0   0   0   0 | Pro CCT   0   0   0   0   0   0 | His CAT   1   1   1   1   1   1 | Arg CGT   0   0   0   0   0   0
    CTC   0   1   1   1   1   1 |     CCC   0   0   0   0   0   0 |     CAC   0   0   0   0   0   0 |     CGC   0   0   0   0   0   0
    CTA   0   0   0   0   0   0 |     CCA   0   0   0   0   0   0 | Gln CAA   1   1   1   1   1   1 |     CGA   0   0   0   0   0   0
    CTG   3   3   2   2   2   2 |     CCG   0   0   0   0   0   0 |     CAG   2   2   2   2   2   2 |     CGG   0   0   0   0   0   0
--------------------------------------------------------------------------------------------------------------------------------------
Ile ATT   1   1   1   1   1   1 | Thr ACT   0   0   0   0   0   0 | Asn AAT   0   0   0   0   0   0 | Ser AGT   0   0   0   0   0   0
    ATC   0   0   0   0   0   0 |     ACC   0   0   0   0   0   0 |     AAC   1   1   1   1   1   1 |     AGC   0   0   0   0   0   0
    ATA   0   0   0   0   0   0 |     ACA   0   0   0   0   0   0 | Lys AAA   1   1   1   1   1   1 | Arg AGA   1   1   1   1   1   1
Met ATG   0   0   1   1   1   1 |     ACG   0   0   0   0   0   0 |     AAG   0   0   0   0   0   0 |     AGG   0   0   0   0   0   0
--------------------------------------------------------------------------------------------------------------------------------------
Val GTT   0   0   0   0   0   0 | Ala GCT   2   2   2   2   2   2 | Asp GAT   0   0   0   0   0   0 | Gly GGT   2   2   3   2   2   2
    GTC   1   0   1   1   1   1 |     GCC   0   0   0   0   0   0 |     GAC   1   1   1   1   1   1 |     GGC   1   1   0   1   1   1
    GTA   0   0   0   0   0   0 |     GCA   0   0   0   0   0   0 | Glu GAA   0   0   0   0   0   0 |     GGA   1   1   1   1   1   1
    GTG   0   1   0   0   0   0 |     GCG   0   0   0   0   0   0 |     GAG   2   2   2   2   2   2 |     GGG   0   0   0   0   0   0
--------------------------------------------------------------------------------------------------------------------------------------

--------------------------------------------------------------------------------------------------------------------------------------
Phe TTT   0   0   0   0   0   0 | Ser TCT   1   1   1   1   1   1 | Tyr TAT   0   0   0   0   1   0 | Cys TGT   1   1   1   1   1   1
    TTC   0   0   0   0   0   0 |     TCC   0   0   0   0   0   0 |     TAC   1   1   1   1   0   1 |     TGC   0   0   0   0   0   0
Leu TTA   1   1   1   1   1   1 |     TCA   2   1   2   2   2   2 | *** TAA   0   0   0   0   0   0 | *** TGA   0   0   0   0   0   0
    TTG   0   0   0   0   1   0 |     TCG   0   1   0   0   0   0 |     TAG   0   0   0   0   0   0 | Trp TGG   0   0   0   0   0   0
--------------------------------------------------------------------------------------------------------------------------------------
Leu CTT   0   0   0   0   0   0 | Pro CCT   0   0   0   0   0   0 | His CAT   1   1   1   1   1   1 | Arg CGT   0   0   0   0   0   0
    CTC   1   1   1   1   1   1 |     CCC   0   0   0   0   0   0 |     CAC   0   0   0   0   0   0 |     CGC   0   0   0   0   0   0
    CTA   0   0   0   0   0   0 |     CCA   0   0   0   0   0   0 | Gln CAA   1   1   1   1   1   1 |     CGA   0   0   0   0   0   0
    CTG   2   2   3   2   1   2 |     CCG   0   0   0   0   0   0 |     CAG   2   2   2   2   2   2 |     CGG   0   0   0   0   0   0
--------------------------------------------------------------------------------------------------------------------------------------
Ile ATT   1   1   0   1   1   1 | Thr ACT   0   0   0   0   0   0 | Asn AAT   0   0   0   0   0   0 | Ser AGT   0   0   0   0   0   0
    ATC   0   0   0   0   0   0 |     ACC   0   0   0   0   0   0 |     AAC   1   1   1   1   1   1 |     AGC   0   0   0   0   0   0
    ATA   0   0   0   0   0   0 |     ACA   0   0   0   0   0   0 | Lys AAA   1   1   1   1   1   1 | Arg AGA   1   1   1   1   1   1
Met ATG   1   1   0   1   1   1 |     ACG   0   0   0   0   0   0 |     AAG   0   0   0   0   0   0 |     AGG   0   0   0   0   0   0
--------------------------------------------------------------------------------------------------------------------------------------
Val GTT   0   0   1   0   0   0 | Ala GCT   2   2   2   2   2   2 | Asp GAT   0   0   0   0   0   0 | Gly GGT   2   2   2   2   2   2
    GTC   1   1   1   1   1   1 |     GCC   0   0   0   0   0   0 |     GAC   1   1   1   1   1   1 |     GGC   1   1   1   1   1   1
    GTA   0   0   0   0   0   0 |     GCA   0   0   0   0   0   0 | Glu GAA   0   0   0   0   0   0 |     GGA   1   1   1   1   1   1
    GTG   0   0   0   0   0   0 |     GCG   0   0   0   0   0   0 |     GAG   2   2   2   2   2   2 |     GGG   0   0   0   0   0   0
--------------------------------------------------------------------------------------------------------------------------------------

--------------------------------------------------------------------------------------------------------------------------------------
Phe TTT   0   0   0   0   0   0 | Ser TCT   1   1   1   1   1   1 | Tyr TAT   0   0   0   0   1   0 | Cys TGT   1   1   1   1   1   1
    TTC   0   0   0   0   0   0 |     TCC   0   0   0   0   0   0 |     TAC   1   1   1   1   0   1 |     TGC   0   0   0   0   0   0
Leu TTA   1   1   1   0   1   1 |     TCA   2   1   1   2   2   2 | *** TAA   0   0   0   0   0   0 | *** TGA   0   0   0   0   0   0
    TTG   0   0   0   0   0   0 |     TCG   0   1   1   0   0   0 |     TAG   0   0   0   0   0   0 | Trp TGG   0   0   0   0   0   0
--------------------------------------------------------------------------------------------------------------------------------------
Leu CTT   0   0   0   0   0   0 | Pro CCT   0   0   0   0   0   0 | His CAT   1   1   1   1   1   1 | Arg CGT   0   0   0   0   0   0
    CTC   1   1   1   1   1   1 |     CCC   0   0   0   0   0   0 |     CAC   0   0   0   0   0   0 |     CGC   0   0   0   0   0   0
    CTA   0   0   0   1   0   0 |     CCA   0   0   0   0   0   0 | Gln CAA   1   1   1   1   1   1 |     CGA   0   0   0   0   0   0
    CTG   2   2   2   2   2   3 |     CCG   0   0   0   0   0   0 |     CAG   2   2   2   2   2   2 |     CGG   0   0   0   0   0   0
--------------------------------------------------------------------------------------------------------------------------------------
Ile ATT   1   1   1   1   1   1 | Thr ACT   0   0   0   0   0   0 | Asn AAT   0   0   0   0   0   0 | Ser AGT   0   0   0   0   0   0
    ATC   0   0   0   0   0   0 |     ACC   0   0   0   0   0   0 |     AAC   1   1   1   1   1   1 |     AGC   0   0   0   0   0   0
    ATA   0   0   0   0   0   0 |     ACA   0   0   0   0   0   0 | Lys AAA   1   1   1   1   1   1 | Arg AGA   1   1   1   1   1   1
Met ATG   1   1   1   1   1   0 |     ACG   0   0   0   0   0   0 |     AAG   0   0   0   0   0   0 |     AGG   0   0   0   0   0   0
--------------------------------------------------------------------------------------------------------------------------------------
Val GTT   0   0   0   0   0   0 | Ala GCT   2   2   2   2   2   2 | Asp GAT   0   0   0   0   0   0 | Gly GGT   2   2   3   2   2   2
    GTC   1   1   1   1   1   1 |     GCC   0   0   0   0   0   0 |     GAC   1   1   1   1   1   1 |     GGC   1   1   0   1   1   1
    GTA   0   0   0   0   0   0 |     GCA   0   0   0   0   0   0 | Glu GAA   0   0   0   0   0   0 |     GGA   1   1   1   1   1   1
    GTG   0   0   0   0   0   0 |     GCG   0   0   0   0   0   0 |     GAG   2   2   2   2   2   2 |     GGG   0   0   0   0   0   0
--------------------------------------------------------------------------------------------------------------------------------------

--------------------------------------------------------------------------------------------------------------------------------------
Phe TTT   0   0   0   0   0   0 | Ser TCT   1   1   1   1   1   1 | Tyr TAT   0   0   0   0   1   0 | Cys TGT   1   1   1   1   1   1
    TTC   0   0   0   0   0   0 |     TCC   0   0   0   0   0   0 |     TAC   1   1   1   1   0   1 |     TGC   0   0   0   0   0   0
Leu TTA   1   1   1   1   1   1 |     TCA   2   2   2   2   1   2 | *** TAA   0   0   0   0   0   0 | *** TGA   0   0   0   0   0   0
    TTG   0   0   0   0   0   0 |     TCG   0   0   0   0   1   0 |     TAG   0   0   0   0   0   0 | Trp TGG   0   0   0   0   0   0
--------------------------------------------------------------------------------------------------------------------------------------
Leu CTT   0   0   0   0   0   0 | Pro CCT   0   0   0   0   0   0 | His CAT   1   1   1   0   1   1 | Arg CGT   0   0   0   0   0   0
    CTC   1   1   1   1   1   1 |     CCC   0   0   0   0   0   0 |     CAC   0   0   0   1   0   0 |     CGC   0   0   0   0   0   0
    CTA   0   0   0   0   0   0 |     CCA   0   0   0   0   0   0 | Gln CAA   1   1   1   1   1   1 |     CGA   0   0   0   0   0   0
    CTG   3   2   3   3   2   2 |     CCG   0   0   0   0   0   0 |     CAG   2   1   2   2   2   2 |     CGG   0   1   0   0   0   0
--------------------------------------------------------------------------------------------------------------------------------------
Ile ATT   1   1   1   1   1   1 | Thr ACT   0   0   0   0   0   0 | Asn AAT   0   0   0   0   0   0 | Ser AGT   0   0   0   0   0   0
    ATC   0   0   0   0   0   0 |     ACC   0   0   0   0   0   0 |     AAC   1   1   1   1   1   1 |     AGC   0   0   0   0   0   0
    ATA   0   0   0   0   0   0 |     ACA   0   0   0   0   0   0 | Lys AAA   1   1   1   1   1   1 | Arg AGA   1   1   1   1   1   1
Met ATG   0   1   0   0   1   1 |     ACG   0   0   0   0   0   0 |     AAG   0   0   0   0   0   0 |     AGG   0   0   0   0   0   0
--------------------------------------------------------------------------------------------------------------------------------------
Val GTT   0   0   0   0   0   0 | Ala GCT   2   2   2   2   2   2 | Asp GAT   0   0   0   0   0   0 | Gly GGT   2   2   2   2   2   2
    GTC   1   1   1   1   1   1 |     GCC   0   0   0   0   0   0 |     GAC   1   1   1   1   1   1 |     GGC   1   1   1   1   1   1
    GTA   0   0   0   0   0   0 |     GCA   0   0   0   0   0   0 | Glu GAA   0   0   0   0   0   0 |     GGA   1   1   1   1   1   1
    GTG   0   0   0   0   0   0 |     GCG   0   0   0   0   0   0 |     GAG   2   2   2   2   2   2 |     GGG   0   0   0   0   0   0
--------------------------------------------------------------------------------------------------------------------------------------

--------------------------------------------------------------------------------------------------------------------------------------
Phe TTT   0   0   0   0   0   0 | Ser TCT   1   1   1   1   1   1 | Tyr TAT   0   0   0   0   0   0 | Cys TGT   1   1   1   1   1   1
    TTC   0   0   0   0   0   0 |     TCC   0   0   0   0   0   0 |     TAC   1   1   1   1   1   1 |     TGC   0   0   0   0   0   0
Leu TTA   1   1   1   1   1   1 |     TCA   2   2   2   2   1   1 | *** TAA   0   0   0   0   0   0 | *** TGA   0   0   0   0   0   0
    TTG   0   0   1   0   0   0 |     TCG   0   0   0   0   1   1 |     TAG   0   0   0   0   0   0 | Trp TGG   0   0   0   0   0   0
--------------------------------------------------------------------------------------------------------------------------------------
Leu CTT   0   0   0   0   0   0 | Pro CCT   0   0   0   0   0   0 | His CAT   1   1   1   1   1   1 | Arg CGT   0   0   0   0   0   0
    CTC   1   1   0   1   1   1 |     CCC   0   0   0   0   0   0 |     CAC   0   0   0   0   0   0 |     CGC   0   0   0   0   0   0
    CTA   0   0   0   0   0   0 |     CCA   0   0   0   0   0   0 | Gln CAA   1   1   1   1   1   1 |     CGA   0   0   0   0   0   0
    CTG   2   2   1   2   2   2 |     CCG   0   0   0   0   0   0 |     CAG   2   2   2   2   2   2 |     CGG   0   0   0   0   0   0
--------------------------------------------------------------------------------------------------------------------------------------
Ile ATT   1   1   1   1   1   1 | Thr ACT   0   0   0   0   0   0 | Asn AAT   0   0   0   0   0   0 | Ser AGT   0   0   0   0   0   0
    ATC   0   0   1   0   0   0 |     ACC   0   0   0   0   0   0 |     AAC   1   1   1   1   1   1 |     AGC   0   0   0   0   0   0
    ATA   0   0   0   0   0   0 |     ACA   0   0   0   0   0   0 | Lys AAA   1   1   1   1   1   1 | Arg AGA   1   1   1   1   1   1
Met ATG   1   1   1   1   1   1 |     ACG   0   0   0   0   0   0 |     AAG   0   0   0   0   0   0 |     AGG   0   0   0   0   0   0
--------------------------------------------------------------------------------------------------------------------------------------
Val GTT   0   0   0   0   0   0 | Ala GCT   2   2   2   2   2   2 | Asp GAT   0   0   0   0   0   0 | Gly GGT   2   2   2   2   2   2
    GTC   1   1   1   1   1   1 |     GCC   0   0   0   0   0   0 |     GAC   1   1   1   1   1   1 |     GGC   1   1   1   1   1   1
    GTA   0   0   0   0   0   0 |     GCA   0   0   0   0   0   0 | Glu GAA   0   0   0   0   0   0 |     GGA   1   1   1   1   1   1
    GTG   0   0   0   0   0   0 |     GCG   0   0   0   0   0   0 |     GAG   2   2   2   2   2   2 |     GGG   0   0   0   0   0   0
--------------------------------------------------------------------------------------------------------------------------------------

Codon position x base (3x4) table for each sequence.

#1: Argali         
position  1:    T:0.21429    C:0.25000    A:0.17857    G:0.35714
position  2:    T:0.25000    C:0.17857    A:0.35714    G:0.21429
position  3:    T:0.28571    C:0.21429    A:0.21429    G:0.28571
Average         T:0.25000    C:0.21429    A:0.25000    G:0.28571

#2: LesserMouseDeer
position  1:    T:0.25000    C:0.21429    A:0.21429    G:0.32143
position  2:    T:0.25000    C:0.17857    A:0.35714    G:0.21429
position  3:    T:0.28571    C:0.21429    A:0.25000    G:0.25000
Average         T:0.26190    C:0.20238    A:0.27381    G:0.26190

#3: LesserKudu     
position  1:    T:0.21429    C:0.25000    A:0.17857    G:0.35714
position  2:    T:0.25000    C:0.17857    A:0.35714    G:0.21429
position  3:    T:0.28571    C:0.21429    A:0.21429    G:0.28571
Average         T:0.25000    C:0.21429    A:0.25000    G:0.28571

#4: ForestMuskDeer2
position  1:    T:0.21429    C:0.25000    A:0.17857    G:0.35714
position  2:    T:0.25000    C:0.17857    A:0.35714    G:0.21429
position  3:    T:0.28571    C:0.21429    A:0.25000    G:0.25000
Average         T:0.25000    C:0.21429    A:0.26190    G:0.27381

#5: Camel          
position  1:    T:0.21429    C:0.25000    A:0.21429    G:0.32143
position  2:    T:0.21429    C:0.21429    A:0.35714    G:0.21429
position  3:    T:0.28571    C:0.21429    A:0.25000    G:0.25000
Average         T:0.23810    C:0.22619    A:0.27381    G:0.26190

#6: KillerWhale    
position  1:    T:0.21429    C:0.25000    A:0.17857    G:0.35714
position  2:    T:0.25000    C:0.17857    A:0.35714    G:0.21429
position  3:    T:0.32143    C:0.17857    A:0.25000    G:0.25000
Average         T:0.26190    C:0.20238    A:0.26190    G:0.27381

#7: DefassaWaterbuck
position  1:    T:0.17857    C:0.28571    A:0.17857    G:0.35714
position  2:    T:0.25000    C:0.17857    A:0.35714    G:0.21429
position  3:    T:0.28571    C:0.21429    A:0.25000    G:0.25000
Average         T:0.23810    C:0.22619    A:0.26190    G:0.27381

#8: Sheep          
position  1:    T:0.21429    C:0.25000    A:0.17857    G:0.35714
position  2:    T:0.25000    C:0.17857    A:0.35714    G:0.21429
position  3:    T:0.28571    C:0.21429    A:0.21429    G:0.28571
Average         T:0.25000    C:0.21429    A:0.25000    G:0.28571

#9: MaxwellsDuiker 
position  1:    T:0.21429    C:0.25000    A:0.17857    G:0.35714
position  2:    T:0.25000    C:0.17857    A:0.35714    G:0.21429
position  3:    T:0.32143    C:0.17857    A:0.25000    G:0.25000
Average         T:0.26190    C:0.20238    A:0.26190    G:0.27381

#10: GazellaPrzewalskyi
position  1:    T:0.21429    C:0.25000    A:0.17857    G:0.35714
position  2:    T:0.25000    C:0.17857    A:0.32143    G:0.25000
position  3:    T:0.32143    C:0.17857    A:0.25000    G:0.25000
Average         T:0.26190    C:0.20238    A:0.25000    G:0.28571

#11: MountainNyala  
position  1:    T:0.21429    C:0.25000    A:0.17857    G:0.35714
position  2:    T:0.25000    C:0.17857    A:0.35714    G:0.21429
position  3:    T:0.28571    C:0.21429    A:0.21429    G:0.28571
Average         T:0.25000    C:0.21429    A:0.25000    G:0.28571

#12: MuntiacusMuntjak
position  1:    T:0.21429    C:0.28571    A:0.14286    G:0.35714
position  2:    T:0.25000    C:0.17857    A:0.35714    G:0.21429
position  3:    T:0.28571    C:0.21429    A:0.25000    G:0.25000
Average         T:0.25000    C:0.22619    A:0.25000    G:0.27381

#13: goat           
position  1:    T:0.21429    C:0.25000    A:0.17857    G:0.35714
position  2:    T:0.25000    C:0.17857    A:0.35714    G:0.21429
position  3:    T:0.32143    C:0.17857    A:0.25000    G:0.25000
Average         T:0.26190    C:0.20238    A:0.26190    G:0.27381

#14: AfricanBuffalo 
position  1:    T:0.21429    C:0.25000    A:0.17857    G:0.35714
position  2:    T:0.25000    C:0.17857    A:0.35714    G:0.21429
position  3:    T:0.28571    C:0.25000    A:0.21429    G:0.25000
Average         T:0.25000    C:0.22619    A:0.25000    G:0.27381

#15: Topi           
position  1:    T:0.21429    C:0.25000    A:0.17857    G:0.35714
position  2:    T:0.25000    C:0.17857    A:0.35714    G:0.21429
position  3:    T:0.28571    C:0.21429    A:0.25000    G:0.25000
Average         T:0.25000    C:0.21429    A:0.26190    G:0.27381

#16: CommonDuiker   
position  1:    T:0.21429    C:0.25000    A:0.17857    G:0.35714
position  2:    T:0.25000    C:0.17857    A:0.35714    G:0.21429
position  3:    T:0.28571    C:0.21429    A:0.25000    G:0.25000
Average         T:0.25000    C:0.21429    A:0.26190    G:0.27381

#17: Suni           
position  1:    T:0.21429    C:0.25000    A:0.17857    G:0.35714
position  2:    T:0.25000    C:0.17857    A:0.35714    G:0.21429
position  3:    T:0.21429    C:0.28571    A:0.25000    G:0.25000
Average         T:0.22619    C:0.23810    A:0.26190    G:0.27381

#18: Springbuck     
position  1:    T:0.21429    C:0.25000    A:0.17857    G:0.35714
position  2:    T:0.25000    C:0.17857    A:0.35714    G:0.21429
position  3:    T:0.28571    C:0.21429    A:0.25000    G:0.25000
Average         T:0.25000    C:0.21429    A:0.26190    G:0.27381

#19: Okapi          
position  1:    T:0.21429    C:0.25000    A:0.17857    G:0.35714
position  2:    T:0.25000    C:0.17857    A:0.35714    G:0.21429
position  3:    T:0.32143    C:0.17857    A:0.25000    G:0.25000
Average         T:0.26190    C:0.20238    A:0.26190    G:0.27381

#20: Giraffe        
position  1:    T:0.21429    C:0.25000    A:0.17857    G:0.35714
position  2:    T:0.25000    C:0.17857    A:0.35714    G:0.21429
position  3:    T:0.28571    C:0.21429    A:0.25000    G:0.25000
Average         T:0.25000    C:0.21429    A:0.26190    G:0.27381

#21: TibetanAntelope
position  1:    T:0.21429    C:0.25000    A:0.17857    G:0.35714
position  2:    T:0.25000    C:0.17857    A:0.35714    G:0.21429
position  3:    T:0.28571    C:0.25000    A:0.21429    G:0.25000
Average         T:0.25000    C:0.22619    A:0.25000    G:0.27381

#22: Sitatunga      
position  1:    T:0.21429    C:0.25000    A:0.17857    G:0.35714
position  2:    T:0.25000    C:0.17857    A:0.35714    G:0.21429
position  3:    T:0.28571    C:0.21429    A:0.21429    G:0.28571
Average         T:0.25000    C:0.21429    A:0.25000    G:0.28571

#23: Oribi          
position  1:    T:0.21429    C:0.25000    A:0.17857    G:0.35714
position  2:    T:0.25000    C:0.17857    A:0.32143    G:0.25000
position  3:    T:0.32143    C:0.17857    A:0.25000    G:0.25000
Average         T:0.26190    C:0.20238    A:0.25000    G:0.28571

#24: BarbarySheep   
position  1:    T:0.21429    C:0.25000    A:0.17857    G:0.35714
position  2:    T:0.25000    C:0.17857    A:0.35714    G:0.21429
position  3:    T:0.32143    C:0.17857    A:0.25000    G:0.25000
Average         T:0.26190    C:0.20238    A:0.26190    G:0.27381

#25: Daviddeer      
position  1:    T:0.25000    C:0.25000    A:0.14286    G:0.35714
position  2:    T:0.25000    C:0.17857    A:0.35714    G:0.21429
position  3:    T:0.32143    C:0.17857    A:0.25000    G:0.25000
Average         T:0.27381    C:0.20238    A:0.25000    G:0.27381

#26: Reindeer       
position  1:    T:0.21429    C:0.28571    A:0.14286    G:0.35714
position  2:    T:0.25000    C:0.17857    A:0.35714    G:0.21429
position  3:    T:0.28571    C:0.21429    A:0.21429    G:0.28571
Average         T:0.25000    C:0.22619    A:0.23810    G:0.28571

#27: Ibex           
position  1:    T:0.21429    C:0.25000    A:0.17857    G:0.35714
position  2:    T:0.25000    C:0.17857    A:0.35714    G:0.21429
position  3:    T:0.32143    C:0.17857    A:0.25000    G:0.25000
Average         T:0.26190    C:0.20238    A:0.26190    G:0.27381

#28: GyrantGazelle  
position  1:    T:0.21429    C:0.25000    A:0.17857    G:0.35714
position  2:    T:0.25000    C:0.17857    A:0.35714    G:0.21429
position  3:    T:0.28571    C:0.21429    A:0.25000    G:0.25000
Average         T:0.25000    C:0.21429    A:0.26190    G:0.27381

#29: Hartebeest     
position  1:    T:0.21429    C:0.25000    A:0.17857    G:0.35714
position  2:    T:0.25000    C:0.17857    A:0.35714    G:0.21429
position  3:    T:0.28571    C:0.21429    A:0.25000    G:0.25000
Average         T:0.25000    C:0.21429    A:0.26190    G:0.27381

#30: Bongo          
position  1:    T:0.21429    C:0.25000    A:0.17857    G:0.35714
position  2:    T:0.25000    C:0.17857    A:0.35714    G:0.21429
position  3:    T:0.28571    C:0.21429    A:0.21429    G:0.28571
Average         T:0.25000    C:0.21429    A:0.25000    G:0.28571

#31: Gerenuk        
position  1:    T:0.21429    C:0.25000    A:0.17857    G:0.35714
position  2:    T:0.25000    C:0.17857    A:0.35714    G:0.21429
position  3:    T:0.28571    C:0.21429    A:0.25000    G:0.25000
Average         T:0.25000    C:0.21429    A:0.26190    G:0.27381

#32: CommonEland    
position  1:    T:0.21429    C:0.25000    A:0.17857    G:0.35714
position  2:    T:0.25000    C:0.17857    A:0.35714    G:0.21429
position  3:    T:0.28571    C:0.21429    A:0.21429    G:0.28571
Average         T:0.25000    C:0.21429    A:0.25000    G:0.28571

#33: MuntiacusReevesi
position  1:    T:0.21429    C:0.28571    A:0.10714    G:0.39286
position  2:    T:0.25000    C:0.17857    A:0.35714    G:0.21429
position  3:    T:0.28571    C:0.21429    A:0.25000    G:0.25000
Average         T:0.25000    C:0.22619    A:0.23810    G:0.28571

#34: HarveysDuiker  
position  1:    T:0.21429    C:0.25000    A:0.17857    G:0.35714
position  2:    T:0.25000    C:0.17857    A:0.35714    G:0.21429
position  3:    T:0.28571    C:0.21429    A:0.25000    G:0.25000
Average         T:0.25000    C:0.21429    A:0.26190    G:0.27381

#35: Pronghorn      
position  1:    T:0.25000    C:0.21429    A:0.17857    G:0.35714
position  2:    T:0.25000    C:0.17857    A:0.35714    G:0.21429
position  3:    T:0.32143    C:0.17857    A:0.25000    G:0.25000
Average         T:0.27381    C:0.19048    A:0.26190    G:0.27381

#36: BlueWildebeest 
position  1:    T:0.21429    C:0.25000    A:0.17857    G:0.35714
position  2:    T:0.25000    C:0.17857    A:0.35714    G:0.21429
position  3:    T:0.28571    C:0.21429    A:0.25000    G:0.25000
Average         T:0.25000    C:0.21429    A:0.26190    G:0.27381

#37: Gemsbok        
position  1:    T:0.21429    C:0.25000    A:0.17857    G:0.35714
position  2:    T:0.25000    C:0.17857    A:0.35714    G:0.21429
position  3:    T:0.28571    C:0.21429    A:0.25000    G:0.25000
Average         T:0.25000    C:0.21429    A:0.26190    G:0.27381

#38: Yak            
position  1:    T:0.21429    C:0.25000    A:0.17857    G:0.35714
position  2:    T:0.25000    C:0.17857    A:0.35714    G:0.21429
position  3:    T:0.28571    C:0.21429    A:0.21429    G:0.28571
Average         T:0.25000    C:0.21429    A:0.25000    G:0.28571

#39: BlueSheep      
position  1:    T:0.21429    C:0.25000    A:0.17857    G:0.35714
position  2:    T:0.25000    C:0.17857    A:0.35714    G:0.21429
position  3:    T:0.32143    C:0.17857    A:0.21429    G:0.28571
Average         T:0.26190    C:0.20238    A:0.25000    G:0.28571

#40: BohorReedbuck  
position  1:    T:0.17857    C:0.28571    A:0.17857    G:0.35714
position  2:    T:0.25000    C:0.17857    A:0.35714    G:0.21429
position  3:    T:0.28571    C:0.21429    A:0.25000    G:0.25000
Average         T:0.23810    C:0.22619    A:0.26190    G:0.27381

#41: KirksDik       
position  1:    T:0.21429    C:0.25000    A:0.17857    G:0.35714
position  2:    T:0.25000    C:0.17857    A:0.35714    G:0.21429
position  3:    T:0.32143    C:0.17857    A:0.25000    G:0.25000
Average         T:0.26190    C:0.20238    A:0.26190    G:0.27381

#42: RoeDeer        
position  1:    T:0.21429    C:0.28571    A:0.14286    G:0.35714
position  2:    T:0.25000    C:0.17857    A:0.35714    G:0.21429
position  3:    T:0.28571    C:0.21429    A:0.25000    G:0.25000
Average         T:0.25000    C:0.22619    A:0.25000    G:0.27381

#43: WhiteLippedDeer
position  1:    T:0.21429    C:0.28571    A:0.14286    G:0.35714
position  2:    T:0.25000    C:0.17857    A:0.35714    G:0.21429
position  3:    T:0.28571    C:0.21429    A:0.25000    G:0.25000
Average         T:0.25000    C:0.22619    A:0.25000    G:0.27381

#44: ThomsonGazelle 
position  1:    T:0.21429    C:0.25000    A:0.17857    G:0.35714
position  2:    T:0.25000    C:0.17857    A:0.32143    G:0.25000
position  3:    T:0.28571    C:0.21429    A:0.25000    G:0.25000
Average         T:0.25000    C:0.21429    A:0.25000    G:0.28571

#45: MuntiacusCrinifrons
position  1:    T:0.21429    C:0.28571    A:0.14286    G:0.35714
position  2:    T:0.25000    C:0.17857    A:0.35714    G:0.21429
position  3:    T:0.28571    C:0.21429    A:0.25000    G:0.25000
Average         T:0.25000    C:0.22619    A:0.25000    G:0.27381

#46: WhiteTailedDeer
position  1:    T:0.21429    C:0.28571    A:0.14286    G:0.35714
position  2:    T:0.25000    C:0.17857    A:0.35714    G:0.21429
position  3:    T:0.25000    C:0.25000    A:0.25000    G:0.25000
Average         T:0.23810    C:0.23810    A:0.25000    G:0.27381

#47: Cattle         
position  1:    T:0.21429    C:0.25000    A:0.17857    G:0.35714
position  2:    T:0.25000    C:0.17857    A:0.35714    G:0.21429
position  3:    T:0.32143    C:0.17857    A:0.21429    G:0.28571
Average         T:0.26190    C:0.20238    A:0.25000    G:0.28571

#48: RoyalAntelope  
position  1:    T:0.21429    C:0.25000    A:0.17857    G:0.35714
position  2:    T:0.25000    C:0.17857    A:0.35714    G:0.21429
position  3:    T:0.28571    C:0.21429    A:0.25000    G:0.25000
Average         T:0.25000    C:0.21429    A:0.26190    G:0.27381

#49: Steenbok       
position  1:    T:0.21429    C:0.25000    A:0.17857    G:0.35714
position  2:    T:0.25000    C:0.17857    A:0.35714    G:0.21429
position  3:    T:0.28571    C:0.21429    A:0.25000    G:0.25000
Average         T:0.25000    C:0.21429    A:0.26190    G:0.27381

#50: Impala         
position  1:    T:0.21429    C:0.25000    A:0.17857    G:0.35714
position  2:    T:0.25000    C:0.17857    A:0.35714    G:0.21429
position  3:    T:0.28571    C:0.21429    A:0.25000    G:0.25000
Average         T:0.25000    C:0.21429    A:0.26190    G:0.27381

#51: Klipspringer   
position  1:    T:0.25000    C:0.17857    A:0.21429    G:0.35714
position  2:    T:0.25000    C:0.17857    A:0.35714    G:0.21429
