CODONML (in paml version 4.10.7, June 2023)  /home/rachel/ruminants_paml/6406-phy-tree/ENSBTAT00000020691.fasta.phy
Model: free dN/dS Ratios for branches,  kappa = 2.000 fixed

Codon frequency model: F3x4
ns =  54  ls =  22

Codon usage in sequences
--------------------------------------------------------------------------------------------------------------------------------------
Phe TTT   1   0   1   1   1   0 | Ser TCT   0   0   0   0   0   0 | Tyr TAT   0   0   0   0   0   0 | Cys TGT   0   0   0   0   0   0
    TTC   0   1   0   0   0   1 |     TCC   1   0   1   1   1   1 |     TAC   0   0   0   0   0   0 |     TGC   0   0   0   0   0   0
Leu TTA   0   0   0   0   0   0 |     TCA   0   0   0   0   0   0 | *** TAA   0   0   0   0   0   0 | *** TGA   0   0   0   0   0   0
    TTG   0   0   0   0   1   0 |     TCG   0   1   0   0   0   0 |     TAG   0   0   0   0   0   0 | Trp TGG   0   0   0   0   0   0
--------------------------------------------------------------------------------------------------------------------------------------
Leu CTT   0   0   0   0   0   0 | Pro CCT   0   0   0   0   0   0 | His CAT   0   1   0   0   0   0 | Arg CGT   0   0   0   0   0   0
    CTC   0   0   0   0   0   0 |     CCC   1   0   1   0   1   1 |     CAC   2   1   2   2   2   2 |     CGC   1   1   1   1   1   1
    CTA   0   0   1   0   0   0 |     CCA   0   0   0   0   0   0 | Gln CAA   0   0   0   0   0   0 |     CGA   0   0   0   0   0   0
    CTG   3   3   2   3   2   3 |     CCG   0   1   0   1   0   0 |     CAG   2   2   2   2   2   2 |     CGG   0   0   0   0   0   0
--------------------------------------------------------------------------------------------------------------------------------------
Ile ATT   0   0   0   0   0   0 | Thr ACT   0   0   0   0   0   0 | Asn AAT   0   0   0   0   0   0 | Ser AGT   0   0   0   0   0   0
    ATC   1   1   1   1   1   1 |     ACC   0   0   0   0   0   0 |     AAC   0   0   0   0   0   0 |     AGC   0   0   0   0   0   0
    ATA   0   0   0   0   0   0 |     ACA   0   0   0   0   0   0 | Lys AAA   0   0   0   0   0   0 | Arg AGA   0   0   0   0   0   0
Met ATG   0   1   0   0   0   0 |     ACG   0   0   0   0   0   0 |     AAG   0   0   0   0   0   0 |     AGG   1   1   1   1   1   1
--------------------------------------------------------------------------------------------------------------------------------------
Val GTT   0   0   0   0   0   0 | Ala GCT   0   0   0   0   0   0 | Asp GAT   0   0   0   0   0   0 | Gly GGT   2   1   1   1   0   0
    GTC   2   2   2   2   2   2 |     GCC   0   0   0   0   0   0 |     GAC   0   0   0   0   0   0 |     GGC   0   1   1   1   2   1
    GTA   0   0   0   0   0   0 |     GCA   0   0   0   0   0   0 | Glu GAA   1   1   1   1   1   1 |     GGA   1   1   1   1   1   2
    GTG   1   0   1   1   1   1 |     GCG   1   1   1   1   1   1 |     GAG   1   1   1   1   1   1 |     GGG   0   0   0   0   0   0
--------------------------------------------------------------------------------------------------------------------------------------

--------------------------------------------------------------------------------------------------------------------------------------
Phe TTT   1   1   1   1   1   1 | Ser TCT   0   0   0   1   0   0 | Tyr TAT   0   0   0   0   0   0 | Cys TGT   0   0   0   0   0   0
    TTC   0   0   0   0   0   0 |     TCC   1   1   1   0   1   1 |     TAC   0   0   0   0   0   0 |     TGC   0   0   0   0   0   0
Leu TTA   0   0   0   0   0   0 |     TCA   0   0   0   0   0   0 | *** TAA   0   0   0   0   0   0 | *** TGA   0   0   0   0   0   0
    TTG   0   0   0   0   0   1 |     TCG   0   0   0   0   0   0 |     TAG   0   0   0   0   0   0 | Trp TGG   0   0   0   0   0   0
--------------------------------------------------------------------------------------------------------------------------------------
Leu CTT   0   0   0   0   0   0 | Pro CCT   0   0   0   0   0   0 | His CAT   0   0   0   0   0   0 | Arg CGT   0   0   0   0   0   0
    CTC   0   0   0   0   0   0 |     CCC   1   1   1   1   1   1 |     CAC   2   2   2   2   2   2 |     CGC   1   1   1   1   1   1
    CTA   0   0   0   0   0   0 |     CCA   0   0   0   0   0   0 | Gln CAA   0   0   0   0   0   0 |     CGA   0   0   0   0   0   0
    CTG   3   3   3   3   3   2 |     CCG   0   0   0   0   0   0 |     CAG   2   2   2   2   2   2 |     CGG   0   0   0   0   0   0
--------------------------------------------------------------------------------------------------------------------------------------
Ile ATT   0   0   0   0   0   0 | Thr ACT   0   0   0   0   0   0 | Asn AAT   0   0   0   0   0   0 | Ser AGT   0   0   0   0   0   0
    ATC   1   1   1   1   1   1 |     ACC   0   0   0   0   0   0 |     AAC   0   0   0   0   0   0 |     AGC   0   0   0   0   0   0
    ATA   0   0   0   0   0   0 |     ACA   0   0   0   0   0   0 | Lys AAA   0   0   0   0   0   0 | Arg AGA   0   0   0   0   0   0
Met ATG   0   0   0   0   0   0 |     ACG   0   0   0   0   0   0 |     AAG   0   0   0   0   0   0 |     AGG   1   1   1   1   1   1
--------------------------------------------------------------------------------------------------------------------------------------
Val GTT   0   0   0   0   0   0 | Ala GCT   0   0   0   0   0   0 | Asp GAT   0   0   0   0   0   0 | Gly GGT   1   2   1   1   1   1
    GTC   2   2   2   2   2   2 |     GCC   0   0   0   0   0   0 |     GAC   0   0   0   0   0   0 |     GGC   1   0   1   1   1   1
    GTA   0   0   0   0   0   0 |     GCA   0   0   0   0   0   0 | Glu GAA   1   1   1   1   1   1 |     GGA   1   1   1   1   1   1
    GTG   1   1   1   1   1   1 |     GCG   1   1   1   1   1   1 |     GAG   1   1   1   1   1   1 |     GGG   0   0   0   0   0   0
--------------------------------------------------------------------------------------------------------------------------------------

--------------------------------------------------------------------------------------------------------------------------------------
Phe TTT   1   1   1   1   1   1 | Ser TCT   0   0   0   0   0   1 | Tyr TAT   0   0   0   0   0   0 | Cys TGT   0   0   0   0   0   0
    TTC   0   0   0   0   0   0 |     TCC   1   1   0   1   1   0 |     TAC   0   0   0   0   0   0 |     TGC   0   0   0   0   0   0
Leu TTA   0   0   0   0   0   0 |     TCA   0   0   0   0   0   0 | *** TAA   0   0   0   0   0   0 | *** TGA   0   0   0   0   0   0
    TTG   0   0   0   0   0   0 |     TCG   0   0   1   0   0   0 |     TAG   0   0   0   0   0   0 | Trp TGG   0   0   0   0   0   0
--------------------------------------------------------------------------------------------------------------------------------------
Leu CTT   0   0   0   0   0   0 | Pro CCT   0   0   0   0   0   0 | His CAT   0   0   0   0   0   0 | Arg CGT   0   0   0   0   0   0
    CTC   0   0   0   0   0   0 |     CCC   1   1   1   1   1   1 |     CAC   2   2   2   2   2   2 |     CGC   1   1   1   1   1   1
    CTA   0   0   0   0   0   0 |     CCA   0   0   0   0   0   0 | Gln CAA   0   0   0   0   0   0 |     CGA   0   0   0   0   0   0
    CTG   3   3   3   3   3   3 |     CCG   0   0   0   0   0   0 |     CAG   2   2   2   2   2   2 |     CGG   0   0   0   0   0   0
--------------------------------------------------------------------------------------------------------------------------------------
Ile ATT   0   0   0   0   0   0 | Thr ACT   0   0   0   0   0   0 | Asn AAT   0   0   0   0   0   0 | Ser AGT   0   0   0   0   0   0
    ATC   1   1   2   1   1   1 |     ACC   0   0   0   0   0   0 |     AAC   0   0   0   0   0   0 |     AGC   0   0   0   0   0   0
    ATA   0   0   0   0   0   0 |     ACA   0   0   0   0   0   0 | Lys AAA   0   0   0   0   0   0 | Arg AGA   0   0   0   0   0   0
Met ATG   0   0   0   0   0   0 |     ACG   0   0   0   0   0   0 |     AAG   0   0   0   0   0   0 |     AGG   1   1   1   1   1   1
--------------------------------------------------------------------------------------------------------------------------------------
Val GTT   0   0   0   0   0   0 | Ala GCT   0   0   0   1   0   0 | Asp GAT   0   0   0   0   0   0 | Gly GGT   2   1   2   1   1   1
    GTC   2   2   1   2   2   2 |     GCC   0   0   0   0   1   0 |     GAC   0   0   0   0   0   0 |     GGC   0   1   0   1   1   1
    GTA   0   0   0   0   0   0 |     GCA   0   0   0   0   0   0 | Glu GAA   1   1   1   1   1   1 |     GGA   1   1   1   1   1   1
    GTG   1   1   1   1   1   1 |     GCG   1   1   1   0   0   1 |     GAG   1   1   1   1   1   1 |     GGG   0   0   0   0   0   0
--------------------------------------------------------------------------------------------------------------------------------------

--------------------------------------------------------------------------------------------------------------------------------------
Phe TTT   1   1   1   1   1   1 | Ser TCT   0   0   0   0   0   0 | Tyr TAT   0   0   0   0   0   0 | Cys TGT   0   0   0   0   0   0
    TTC   0   0   0   0   0   0 |     TCC   1   1   1   1   1   0 |     TAC   0   0   0   0   0   0 |     TGC   0   0   0   0   0   0
Leu TTA   0   0   0   0   0   0 |     TCA   0   0   0   0   0   0 | *** TAA   0   0   0   0   0   0 | *** TGA   0   0   0   0   0   0
    TTG   0   0   0   0   0   0 |     TCG   0   0   0   0   0   1 |     TAG   0   0   0   0   0   0 | Trp TGG   0   0   0   0   0   0
--------------------------------------------------------------------------------------------------------------------------------------
Leu CTT   0   0   0   0   0   0 | Pro CCT   0   0   0   0   0   0 | His CAT   0   0   0   0   0   0 | Arg CGT   0   0   0   0   0   0
    CTC   0   0   0   0   0   0 |     CCC   1   1   1   0   0   1 |     CAC   2   2   2   2   2   2 |     CGC   1   1   1   1   1   1
    CTA   0   0   0   0   0   0 |     CCA   0   0   0   0   1   0 | Gln CAA   0   0   0   0   0   0 |     CGA   0   0   0   0   0   0
    CTG   3   3   3   3   3   3 |     CCG   0   0   0   1   0   0 |     CAG   2   2   2   2   2   2 |     CGG   0   0   0   0   0   0
--------------------------------------------------------------------------------------------------------------------------------------
Ile ATT   0   0   0   0   0   0 | Thr ACT   0   0   0   0   0   0 | Asn AAT   0   0   0   0   0   0 | Ser AGT   0   0   0   0   0   0
    ATC   1   1   1   1   1   1 |     ACC   0   0   0   0   0   0 |     AAC   0   0   0   0   0   0 |     AGC   0   0   0   0   0   0
    ATA   0   0   0   0   0   0 |     ACA   0   0   0   0   0   0 | Lys AAA   0   0   0   0   0   0 | Arg AGA   0   0   0   0   0   0
Met ATG   0   0   0   0   0   0 |     ACG   0   0   0   0   0   0 |     AAG   0   0   0   0   0   0 |     AGG   1   1   1   1   1   1
--------------------------------------------------------------------------------------------------------------------------------------
Val GTT   0   0   0   0   0   0 | Ala GCT   0   0   0   0   0   0 | Asp GAT   0   0   0   0   0   0 | Gly GGT   1   1   2   1   1   2
    GTC   2   2   2   2   2   2 |     GCC   0   0   0   0   0   0 |     GAC   0   0   0   0   0   0 |     GGC   1   1   0   1   1   0
    GTA   0   0   0   0   0   0 |     GCA   0   0   0   0   0   0 | Glu GAA   1   1   1   1   1   1 |     GGA   1   1   1   1   1   1
    GTG   1   1   1   1   1   1 |     GCG   1   1   1   1   1   1 |     GAG   1   1   1   1   1   1 |     GGG   0   0   0   0   0   0
--------------------------------------------------------------------------------------------------------------------------------------

--------------------------------------------------------------------------------------------------------------------------------------
Phe TTT   1   1   1   1   1   1 | Ser TCT   0   0   0   1   0   0 | Tyr TAT   0   0   0   0   0   0 | Cys TGT   0   0   0   0   0   0
    TTC   0   0   0   0   0   0 |     TCC   1   1   1   0   0   1 |     TAC   0   0   0   0   0   0 |     TGC   0   0   0   0   0   0
Leu TTA   0   0   0   0   0   0 |     TCA   0   0   0   0   0   0 | *** TAA   0   0   0   0   0   0 | *** TGA   0   0   0   0   0   0
    TTG   0   0   0   0   0   0 |     TCG   0   0   0   0   1   0 |     TAG   0   0   0   0   0   0 | Trp TGG   0   0   0   0   0   0
--------------------------------------------------------------------------------------------------------------------------------------
Leu CTT   0   0   0   0   0   0 | Pro CCT   0   0   0   0   0   0 | His CAT   0   0   0   0   0   0 | Arg CGT   0   0   0   0   0   0
    CTC   0   0   0   0   0   0 |     CCC   1   1   1   1   1   1 |     CAC   2   2   2   2   2   2 |     CGC   1   1   1   1   1   1
    CTA   1   0   0   0   0   0 |     CCA   0   0   0   0   0   0 | Gln CAA   0   0   0   0   0   0 |     CGA   0   0   0   0   0   0
    CTG   2   3   3   3   3   3 |     CCG   0   0   0   0   0   0 |     CAG   2   2   2   2   2   2 |     CGG   0   0   0   0   0   0
--------------------------------------------------------------------------------------------------------------------------------------
Ile ATT   0   0   0   0   0   0 | Thr ACT   0   0   0   0   0   0 | Asn AAT   0   0   0   0   0   0 | Ser AGT   0   0   0   0   0   0
    ATC   1   1   1   1   2   1 |     ACC   0   0   0   0   0   0 |     AAC   0   0   0   0   0   0 |     AGC   0   0   0   0   0   0
    ATA   0   0   0   0   0   0 |     ACA   0   0   0   0   0   0 | Lys AAA   0   0   0   0   0   0 | Arg AGA   0   0   0   0   0   0
Met ATG   0   0   0   0   0   0 |     ACG   0   0   0   0   0   0 |     AAG   0   0   0   0   0   0 |     AGG   1   1   1   1   1   1
--------------------------------------------------------------------------------------------------------------------------------------
Val GTT   0   0   0   0   0   0 | Ala GCT   0   0   0   0   0   0 | Asp GAT   0   0   0   0   0   0 | Gly GGT   1   1   2   1   2   1
    GTC   2   2   2   2   1   2 |     GCC   0   0   0   0   0   0 |     GAC   0   0   0   0   0   0 |     GGC   1   1   0   1   0   1
    GTA   0   0   0   0   0   0 |     GCA   0   0   0   0   0   0 | Glu GAA   0   1   1   1   1   1 |     GGA   1   1   1   1   1   1
    GTG   1   1   1   1   1   1 |     GCG   1   1   1   1   1   1 |     GAG   2   1   1   1   1   1 |     GGG   0   0   0   0   0   0
--------------------------------------------------------------------------------------------------------------------------------------

--------------------------------------------------------------------------------------------------------------------------------------
Phe TTT   1   1   1   1   1   1 | Ser TCT   1   0   0   0   0   0 | Tyr TAT   0   0   0   0   0   0 | Cys TGT   0   0   0   0   0   0
    TTC   0   0   0   0   0   0 |     TCC   0   1   1   1   1   0 |     TAC   0   0   0   0   0   0 |     TGC   0   0   0   0   0   0
Leu TTA   0   0   0   0   0   0 |     TCA   0   0   0   0   0   0 | *** TAA   0   0   0   0   0   0 | *** TGA   0   0   0   0   0   0
    TTG   0   0   1   0   0   0 |     TCG   0   0   0   0   0   1 |     TAG   0   0   0   0   0   0 | Trp TGG   0   0   0   0   0   0
--------------------------------------------------------------------------------------------------------------------------------------
Leu CTT   0   0   0   0   0   0 | Pro CCT   0   0   0   0   0   0 | His CAT   0   0   0   0   0   0 | Arg CGT   0   0   0   0   0   0
    CTC   0   0   0   0   0   0 |     CCC   1   0   1   1   1   1 |     CAC   2   2   2   2   2   2 |     CGC   1   1   1   1   1   1
    CTA   0   0   0   0   0   0 |     CCA   0   1   0   0   0   0 | Gln CAA   0   0   0   0   0   0 |     CGA   0   0   0   0   0   0
    CTG   3   3   2   3   3   3 |     CCG   0   0   0   0   0   0 |     CAG   2   2   2   2   2   2 |     CGG   0   0   0   0   0   0
--------------------------------------------------------------------------------------------------------------------------------------
Ile ATT   0   0   0   0   0   0 | Thr ACT   0   0   0   0   0   0 | Asn AAT   0   0   0   0   0   0 | Ser AGT   0   0   0   0   0   0
    ATC   1   1   1   1   1   2 |     ACC   0   0   0   0   0   0 |     AAC   0   0   0   0   0   0 |     AGC   0   0   0   0   0   0
    ATA   0   0   0   0   0   0 |     ACA   0   0   0   0   0   0 | Lys AAA   0   0   0   0   0   0 | Arg AGA   0   0   0   0   0   0
Met ATG   0   0   0   0   0   0 |     ACG   0   0   0   0   0   0 |     AAG   0   0   0   0   0   0 |     AGG   1   1   1   1   1   1
--------------------------------------------------------------------------------------------------------------------------------------
Val GTT   0   0   0   0   0   0 | Ala GCT   0   0   0   0   0   0 | Asp GAT   0   0   0   0   0   0 | Gly GGT   1   1   1   1   1   2
    GTC   2   2   2   2   2   1 |     GCC   0   0   0   0   0   0 |     GAC   0   0   0   0   0   0 |     GGC   1   1   1   1   1   0
    GTA   0   0   0   0   0   0 |     GCA   0   0   0   0   0   0 | Glu GAA   1   1   1   0   1   1 |     GGA   1   1   1   1   1   1
    GTG   1   1   1   1   1   1 |     GCG   1   1   1   1   1   1 |     GAG   1   1   1   2   1   1 |     GGG   0   0   0   0   0   0
--------------------------------------------------------------------------------------------------------------------------------------

--------------------------------------------------------------------------------------------------------------------------------------
Phe TTT   1   1   1   0   1   1 | Ser TCT   0   0   0   0   0   0 | Tyr TAT   0   0   0   0   0   0 | Cys TGT   0   0   0   0   0   0
    TTC   0   0   0   1   0   0 |     TCC   1   1   1   1   1   1 |     TAC   0   0   0   0   0   0 |     TGC   0   0   0   0   0   0
Leu TTA   0   0   0   0   0   0 |     TCA   0   0   0   0   0   0 | *** TAA   0   0   0   0   0   0 | *** TGA   0   0   0   0   0   0
    TTG   0   0   0   0   0   0 |     TCG   0   0   0   0   0   0 |     TAG   0   0   0   0   0   0 | Trp TGG   0   0   0   0   0   0
--------------------------------------------------------------------------------------------------------------------------------------
Leu CTT   0   0   0   0   0   0 | Pro CCT   0   0   0   0   0   0 | His CAT   0   0   0   0   0   0 | Arg CGT   0   0   0   0   0   0
    CTC   0   0   0   0   0   0 |     CCC   1   1   1   1   1   1 |     CAC   2   2   2   2   2   2 |     CGC   1   1   1   1   1   1
    CTA   0   0   0   0   0   0 |     CCA   0   0   0   0   0   0 | Gln CAA   0   0   0   0   0   0 |     CGA   0   0   0   0   0   0
    CTG   3   3   3   3   3   3 |     CCG   0   0   0   0   0   0 |     CAG   2   2   2   2   2   2 |     CGG   0   0   0   0   0   0
--------------------------------------------------------------------------------------------------------------------------------------
Ile ATT   0   0   0   0   0   0 | Thr ACT   0   0   0   0   0   0 | Asn AAT   0   0   0   0   0   0 | Ser AGT   0   0   0   0   0   0
    ATC   1   1   1   1   1   1 |     ACC   0   0   0   0   0   0 |     AAC   0   0   0   0   0   0 |     AGC   0   0   0   0   0   0
    ATA   0   0   0   0   0   0 |     ACA   0   0   0   0   0   0 | Lys AAA   0   0   0   0   0   0 | Arg AGA   0   0   0   0   0   0
Met ATG   0   0   0   0   0   0 |     ACG   0   0   0   0   0   0 |     AAG   0   0   0   0   0   0 |     AGG   1   1   1   1   1   1
--------------------------------------------------------------------------------------------------------------------------------------
Val GTT   0   0   0   0   0   0 | Ala GCT   0   0   0   0   0   1 | Asp GAT   0   0   0   0   0   0 | Gly GGT   2   1   2   1   1   1
    GTC   2   2   2   2   2   2 |     GCC   0   0   0   0   0   0 |     GAC   0   0   0   0   0   0 |     GGC   0   1   0   1   1   1
    GTA   0   0   0   0   0   0 |     GCA   0   0   0   0   0   0 | Glu GAA   1   1   1   1   1   1 |     GGA   1   1   1   1   1   1
    GTG   1   1   1   1   1   1 |     GCG   1   1   1   1   1   0 |     GAG   1   1   1   1   1   1 |     GGG   0   0   0   0   0   0
--------------------------------------------------------------------------------------------------------------------------------------

--------------------------------------------------------------------------------------------------------------------------------------
Phe TTT   1   1   1   1   1   1 | Ser TCT   0   1   0   0   0   0 | Tyr TAT   0   0   0   0   0   0 | Cys TGT   0   0   0   0   0   0
    TTC   0   0   0   0   0   0 |     TCC   1   0   1   1   1   1 |     TAC   0   0   0   0   0   0 |     TGC   0   0   0   0   0   0
Leu TTA   0   0   0   0   0   0 |     TCA   0   0   0   0   0   0 | *** TAA   0   0   0   0   0   0 | *** TGA   0   0   0   0   0   0
    TTG   0   0   1   0   0   0 |     TCG   0   0   0   0   0   0 |     TAG   0   0   0   0   0   0 | Trp TGG   0   0   0   0   0   0
--------------------------------------------------------------------------------------------------------------------------------------
Leu CTT   0   0   0   0   0   0 | Pro CCT   0   0   0   0   0   0 | His CAT   0   0   0   0   0   0 | Arg CGT   0   0   0   0   0   0
    CTC   0   0   0   0   0   0 |     CCC   1   1   1   1   1   1 |     CAC   2   2   2   2   2   2 |     CGC   1   1   1   1   1   1
    CTA   1   0   0   0   0   0 |     CCA   0   0   0   0   0   0 | Gln CAA   0   0   0   0   0   0 |     CGA   0   0   0   0   0   0
    CTG   2   3   2   3   3   3 |     CCG   0   0   0   0   0   0 |     CAG   2   2   2   2   2   2 |     CGG   0   0   0   0   0   0
--------------------------------------------------------------------------------------------------------------------------------------
Ile ATT   0   0   0   0   0   0 | Thr ACT   0   0   0   0   0   0 | Asn AAT   0   0   0   0   0   0 | Ser AGT   0   0   0   0   0   0
    ATC   1   1   1   1   1   1 |     ACC   0   0   0   0   0   0 |     AAC   0   0   0   0   0   0 |     AGC   0   0   0   0   0   0
    ATA   0   0   0   0   0   0 |     ACA   0   0   0   0   0   0 | Lys AAA   0   0   0   0   0   0 | Arg AGA   0   0   0   0   0   0
Met ATG   0   0   0   0   0   0 |     ACG   0   0   0   0   0   0 |     AAG   0   0   0   0   0   0 |     AGG   1   1   1   1   1   1
--------------------------------------------------------------------------------------------------------------------------------------
Val GTT   0   0   0   0   0   0 | Ala GCT   0   0   0   0   0   0 | Asp GAT   0   0   0   0   0   0 | Gly GGT   1   1   1   1   1   1
    GTC   2   2   2   2   2   2 |     GCC   0   0   0   0   0   0 |     GAC   0   0   0   0   0   0 |     GGC   1   1   1   1   1   1
    GTA   0   0   0   0   0   0 |     GCA   0   0   0   0   1   0 | Glu GAA   0   1   1   1   1   1 |     GGA   1   1   1   1   1   1
    GTG   1   1   1   1   1   1 |     GCG   1   1   1   1   0   1 |     GAG   2   1   1   1   1   1 |     GGG   0   0   0   0   0   0
--------------------------------------------------------------------------------------------------------------------------------------

--------------------------------------------------------------------------------------------------------------------------------------
Phe TTT   1   1   1   1   1   1 | Ser TCT   0   0   0   0   0   0 | Tyr TAT   0   0   0   0   0   0 | Cys TGT   0   0   0   0   0   0
    TTC   0   0   0   0   0   0 |     TCC   1   1   0   1   1   0 |     TAC   0   0   0   0   0   0 |     TGC   0   0   0   0   0   0
Leu TTA   0   0   0   0   0   0 |     TCA   0   0   0   0   0   0 | *** TAA   0   0   0   0   0   0 | *** TGA   0   0   0   0   0   0
    TTG   0   0   0   0   0   0 |     TCG   0   0   1   0   0   1 |     TAG   0   0   0   0   0   0 | Trp TGG   0   0   0   0   0   0
--------------------------------------------------------------------------------------------------------------------------------------
Leu CTT   0   0   0   0   0   0 | Pro CCT   0   0   0   0   0   0 | His CAT   0   0   0   0   0   0 | Arg CGT   0   0   0   0   0   0
    CTC   0   0   0   0   0   0 |     CCC   1   1   1   0   1   1 |     CAC   2   2   2   2   2   2 |     CGC   1   1   1   1   1   1
    CTA   0   1   0   0   0   0 |     CCA   0   0   0   0   0   0 | Gln CAA   0   0   0   0   0   0 |     CGA   0   0   0   0   0   0
    CTG   3   2   3   3   3   3 |     CCG   0   0   0   1   0   0 |     CAG   2   2   2   2   2   2 |     CGG   0   0   0   0   0   0
--------------------------------------------------------------------------------------------------------------------------------------
Ile ATT   0   0   0   0   0   0 | Thr ACT   0   0   0   0   0   0 | Asn AAT   0   0   0   0   0   0 | Ser AGT   0   0   0   0   0   0
    ATC   1   1   1   1   1   1 |     ACC   0   0   0   0   0   0 |     AAC   0   0   0   0   0   0 |     AGC   0   0   0   0   0   0
    ATA   0   0   0   0   0   0 |     ACA   0   0   0   0   0   0 | Lys AAA   0   0   0   0   0   0 | Arg AGA   0   0   0   0   0   0
Met ATG   0   1   0   0   0   0 |     ACG   0   0   0   0   0   0 |     AAG   0   0   0   0   0   0 |     AGG   1   1   1   1   1   1
--------------------------------------------------------------------------------------------------------------------------------------
Val GTT   0   0   0   0   0   0 | Ala GCT   0   0   0   0   0   0 | Asp GAT   0   0   0   0   0   0 | Gly GGT   1   1   1   1   1   1
    GTC   2   2   2   2   2   2 |     GCC   0   0   0   0   0   0 |     GAC   0   0   0   0   0   0 |     GGC   1   1   1   1   1   1
    GTA   0   0   0   0   0   0 |     GCA   0   0   0   0   0   0 | Glu GAA   1   1   1   1   1   1 |     GGA   1   1   1   1   1   1
    GTG   1   0   1   1   1   1 |     GCG   1   1   1   1   1   1 |     GAG   1   1   1   1   1   1 |     GGG   0   0   0   0   0   0
--------------------------------------------------------------------------------------------------------------------------------------

Codon position x base (3x4) table for each sequence.

#1: Argali         
position  1:    T:0.09091    C:0.40909    A:0.09091    G:0.40909
position  2:    T:0.36364    C:0.13636    A:0.27273    G:0.22727
position  3:    T:0.13636    C:0.36364    A:0.09091    G:0.40909
Average         T:0.19697    C:0.30303    A:0.15152    G:0.34848

#2: LesserMouseDeer
position  1:    T:0.09091    C:0.40909    A:0.13636    G:0.36364
position  2:    T:0.36364    C:0.13636    A:0.27273    G:0.22727
position  3:    T:0.09091    C:0.31818    A:0.09091    G:0.50000
Average         T:0.18182    C:0.28788    A:0.16667    G:0.36364

#3: LesserKudu     
position  1:    T:0.09091    C:0.40909    A:0.09091    G:0.40909
position  2:    T:0.36364    C:0.13636    A:0.27273    G:0.22727
position  3:    T:0.09091    C:0.40909    A:0.13636    G:0.36364
Average         T:0.18182    C:0.31818    A:0.16667    G:0.33333

#4: ForestMuskDeer2
position  1:    T:0.09091    C:0.40909    A:0.09091    G:0.40909
position  2:    T:0.36364    C:0.13636    A:0.27273    G:0.22727
position  3:    T:0.09091    C:0.36364    A:0.09091    G:0.45455
Average         T:0.18182    C:0.30303    A:0.15152    G:0.36364

#5: Camel          
position  1:    T:0.13636    C:0.36364    A:0.09091    G:0.40909
position  2:    T:0.36364    C:0.13636    A:0.27273    G:0.22727
position  3:    T:0.04545    C:0.45455    A:0.09091    G:0.40909
Average         T:0.18182    C:0.31818    A:0.15152    G:0.34848

#6: KillerWhale    
position  1:    T:0.09091    C:0.40909    A:0.09091    G:0.40909
position  2:    T:0.36364    C:0.13636    A:0.27273    G:0.22727
position  3:    T:0.00000    C:0.45455    A:0.13636    G:0.40909
Average         T:0.15152    C:0.33333    A:0.16667    G:0.34848

#7: DefassaWaterbuck
position  1:    T:0.09091    C:0.40909    A:0.09091    G:0.40909
position  2:    T:0.36364    C:0.13636    A:0.27273    G:0.22727
position  3:    T:0.09091    C:0.40909    A:0.09091    G:0.40909
Average         T:0.18182    C:0.31818    A:0.15152    G:0.34848

#8: Sheep          
position  1:    T:0.09091    C:0.40909    A:0.09091    G:0.40909
position  2:    T:0.36364    C:0.13636    A:0.27273    G:0.22727
position  3:    T:0.13636    C:0.36364    A:0.09091    G:0.40909
Average         T:0.19697    C:0.30303    A:0.15152    G:0.34848

#9: MaxwellsDuiker 
position  1:    T:0.09091    C:0.40909    A:0.09091    G:0.40909
position  2:    T:0.36364    C:0.13636    A:0.27273    G:0.22727
position  3:    T:0.09091    C:0.40909    A:0.09091    G:0.40909
Average         T:0.18182    C:0.31818    A:0.15152    G:0.34848

#10: GazellaPrzewalskyi
position  1:    T:0.09091    C:0.40909    A:0.09091    G:0.40909
position  2:    T:0.36364    C:0.13636    A:0.27273    G:0.22727
position  3:    T:0.13636    C:0.36364    A:0.09091    G:0.40909
Average         T:0.19697    C:0.30303    A:0.15152    G:0.34848

#11: MountainNyala  
position  1:    T:0.09091    C:0.40909    A:0.09091    G:0.40909
position  2:    T:0.36364    C:0.13636    A:0.27273    G:0.22727
position  3:    T:0.09091    C:0.40909    A:0.09091    G:0.40909
Average         T:0.18182    C:0.31818    A:0.15152    G:0.34848

#12: MuntiacusMuntjak
position  1:    T:0.13636    C:0.36364    A:0.09091    G:0.40909
position  2:    T:0.36364    C:0.13636    A:0.27273    G:0.22727
position  3:    T:0.09091    C:0.40909    A:0.09091    G:0.40909
Average         T:0.19697    C:0.30303    A:0.15152    G:0.34848

#13: goat           
position  1:    T:0.09091    C:0.40909    A:0.09091    G:0.40909
position  2:    T:0.36364    C:0.13636    A:0.27273    G:0.22727
position  3:    T:0.13636    C:0.36364    A:0.09091    G:0.40909
Average         T:0.19697    C:0.30303    A:0.15152    G:0.34848

#14: AfricanBuffalo 
position  1:    T:0.09091    C:0.40909    A:0.09091    G:0.40909
position  2:    T:0.36364    C:0.13636    A:0.27273    G:0.22727
position  3:    T:0.09091    C:0.40909    A:0.09091    G:0.40909
Average         T:0.18182    C:0.31818    A:0.15152    G:0.34848

#15: Topi           
position  1:    T:0.09091    C:0.40909    A:0.13636    G:0.36364
position  2:    T:0.36364    C:0.13636    A:0.27273    G:0.22727
position  3:    T:0.13636    C:0.31818    A:0.09091    G:0.45455
Average         T:0.19697    C:0.28788    A:0.16667    G:0.34848

#16: CommonDuiker   
position  1:    T:0.09091    C:0.40909    A:0.09091    G:0.40909
position  2:    T:0.36364    C:0.13636    A:0.27273    G:0.22727
position  3:    T:0.13636    C:0.40909    A:0.09091    G:0.36364
Average         T:0.19697    C:0.31818    A:0.15152    G:0.33333

#17: Suni           
position  1:    T:0.09091    C:0.40909    A:0.09091    G:0.40909
position  2:    T:0.36364    C:0.13636    A:0.27273    G:0.22727
position  3:    T:0.09091    C:0.45455    A:0.09091    G:0.36364
Average         T:0.18182    C:0.33333    A:0.15152    G:0.33333

#18: Springbuck     
position  1:    T:0.09091    C:0.40909    A:0.09091    G:0.40909
position  2:    T:0.36364    C:0.13636    A:0.27273    G:0.22727
position  3:    T:0.13636    C:0.36364    A:0.09091    G:0.40909
Average         T:0.19697    C:0.30303    A:0.15152    G:0.34848

#19: Okapi          
position  1:    T:0.09091    C:0.40909    A:0.09091    G:0.40909
position  2:    T:0.36364    C:0.13636    A:0.27273    G:0.22727
position  3:    T:0.09091    C:0.40909    A:0.09091    G:0.40909
Average         T:0.18182    C:0.31818    A:0.15152    G:0.34848

#20: Giraffe        
position  1:    T:0.09091    C:0.40909    A:0.09091    G:0.40909
position  2:    T:0.36364    C:0.13636    A:0.27273    G:0.22727
position  3:    T:0.09091    C:0.40909    A:0.09091    G:0.40909
Average         T:0.18182    C:0.31818    A:0.15152    G:0.34848

#21: TibetanAntelope
position  1:    T:0.09091    C:0.40909    A:0.09091    G:0.40909
position  2:    T:0.36364    C:0.13636    A:0.27273    G:0.22727
position  3:    T:0.13636    C:0.36364    A:0.09091    G:0.40909
Average         T:0.19697    C:0.30303    A:0.15152    G:0.34848

#22: Sitatunga      
position  1:    T:0.09091    C:0.40909    A:0.09091    G:0.40909
position  2:    T:0.36364    C:0.13636    A:0.27273    G:0.22727
position  3:    T:0.09091    C:0.36364    A:0.09091    G:0.45455
Average         T:0.18182    C:0.30303    A:0.15152    G:0.36364

#23: Oribi          
position  1:    T:0.09091    C:0.40909    A:0.09091    G:0.40909
position  2:    T:0.36364    C:0.13636    A:0.27273    G:0.22727
position  3:    T:0.09091    C:0.36364    A:0.13636    G:0.40909
Average         T:0.18182    C:0.30303    A:0.16667    G:0.34848

#24: BarbarySheep   
position  1:    T:0.09091    C:0.40909    A:0.09091    G:0.40909
position  2:    T:0.36364    C:0.13636    A:0.27273    G:0.22727
position  3:    T:0.13636    C:0.31818    A:0.09091    G:0.45455
Average         T:0.19697    C:0.28788    A:0.15152    G:0.36364

#25: Daviddeer      
position  1:    T:0.09091    C:0.40909    A:0.09091    G:0.40909
position  2:    T:0.36364    C:0.13636    A:0.27273    G:0.22727
position  3:    T:0.09091    C:0.40909    A:0.09091    G:0.40909
Average         T:0.18182    C:0.31818    A:0.15152    G:0.34848

#26: Reindeer       
position  1:    T:0.09091    C:0.40909    A:0.09091    G:0.40909
position  2:    T:0.36364    C:0.13636    A:0.27273    G:0.22727
position  3:    T:0.09091    C:0.40909    A:0.09091    G:0.40909
Average         T:0.18182    C:0.31818    A:0.15152    G:0.34848

#27: Ibex           
position  1:    T:0.09091    C:0.40909    A:0.09091    G:0.40909
position  2:    T:0.36364    C:0.13636    A:0.27273    G:0.22727
position  3:    T:0.13636    C:0.36364    A:0.09091    G:0.40909
Average         T:0.19697    C:0.30303    A:0.15152    G:0.34848

#28: GyrantGazelle  
position  1:    T:0.09091    C:0.40909    A:0.09091    G:0.40909
position  2:    T:0.36364    C:0.13636    A:0.27273    G:0.22727
position  3:    T:0.13636    C:0.36364    A:0.09091    G:0.40909
Average         T:0.19697    C:0.30303    A:0.15152    G:0.34848

#29: Hartebeest     
position  1:    T:0.09091    C:0.40909    A:0.13636    G:0.36364
position  2:    T:0.36364    C:0.13636    A:0.27273    G:0.22727
position  3:    T:0.13636    C:0.31818    A:0.09091    G:0.45455
Average         T:0.19697    C:0.28788    A:0.16667    G:0.34848

#30: Bongo          
position  1:    T:0.09091    C:0.40909    A:0.09091    G:0.40909
position  2:    T:0.36364    C:0.13636    A:0.27273    G:0.22727
position  3:    T:0.09091    C:0.40909    A:0.09091    G:0.40909
Average         T:0.18182    C:0.31818    A:0.15152    G:0.34848

#31: Gerenuk        
position  1:    T:0.09091    C:0.40909    A:0.09091    G:0.40909
position  2:    T:0.36364    C:0.13636    A:0.27273    G:0.22727
position  3:    T:0.13636    C:0.36364    A:0.09091    G:0.40909
Average         T:0.19697    C:0.30303    A:0.15152    G:0.34848

#32: CommonEland    
position  1:    T:0.09091    C:0.40909    A:0.09091    G:0.40909
position  2:    T:0.36364    C:0.13636    A:0.27273    G:0.22727
position  3:    T:0.09091    C:0.36364    A:0.13636    G:0.40909
Average         T:0.18182    C:0.30303    A:0.16667    G:0.34848

#33: MuntiacusReevesi
position  1:    T:0.13636    C:0.36364    A:0.09091    G:0.40909
position  2:    T:0.36364    C:0.13636    A:0.27273    G:0.22727
position  3:    T:0.09091    C:0.40909    A:0.09091    G:0.40909
Average         T:0.19697    C:0.30303    A:0.15152    G:0.34848

#34: HarveysDuiker  
position  1:    T:0.09091    C:0.40909    A:0.09091    G:0.40909
position  2:    T:0.36364    C:0.13636    A:0.27273    G:0.22727
position  3:    T:0.09091    C:0.40909    A:0.04545    G:0.45455
Average         T:0.18182    C:0.31818    A:0.13636    G:0.36364

#35: Pronghorn      
position  1:    T:0.09091    C:0.40909    A:0.09091    G:0.40909
position  2:    T:0.36364    C:0.13636    A:0.27273    G:0.22727
position  3:    T:0.09091    C:0.40909    A:0.09091    G:0.40909
Average         T:0.18182    C:0.31818    A:0.15152    G:0.34848

#36: BlueWildebeest 
position  1:    T:0.09091    C:0.40909    A:0.13636    G:0.36364
position  2:    T:0.36364    C:0.13636    A:0.27273    G:0.22727
position  3:    T:0.13636    C:0.31818    A:0.09091    G:0.45455
Average         T:0.19697    C:0.28788    A:0.16667    G:0.34848

#37: Gemsbok        
position  1:    T:0.09091    C:0.40909    A:0.09091    G:0.40909
position  2:    T:0.36364    C:0.13636    A:0.27273    G:0.22727
position  3:    T:0.13636    C:0.36364    A:0.09091    G:0.40909
Average         T:0.19697    C:0.30303    A:0.15152    G:0.34848

#38: Yak            
position  1:    T:0.09091    C:0.40909    A:0.09091    G:0.40909
position  2:    T:0.36364    C:0.13636    A:0.27273    G:0.22727
position  3:    T:0.09091    C:0.40909    A:0.09091    G:0.40909
Average         T:0.18182    C:0.31818    A:0.15152    G:0.34848

#39: BlueSheep      
position  1:    T:0.09091    C:0.40909    A:0.09091    G:0.40909
position  2:    T:0.36364    C:0.13636    A:0.27273    G:0.22727
position  3:    T:0.13636    C:0.36364    A:0.09091    G:0.40909
Average         T:0.19697    C:0.30303    A:0.15152    G:0.34848

#40: BohorReedbuck  
position  1:    T:0.09091    C:0.40909    A:0.09091    G:0.40909
position  2:    T:0.36364    C:0.13636    A:0.27273    G:0.22727
position  3:    T:0.04545    C:0.45455    A:0.09091    G:0.40909
Average         T:0.16667    C:0.33333    A:0.15152    G:0.34848

#41: KirksDik       
position  1:    T:0.09091    C:0.40909    A:0.09091    G:0.40909
position  2:    T:0.36364    C:0.13636    A:0.27273    G:0.22727
position  3:    T:0.09091    C:0.40909    A:0.09091    G:0.40909
Average         T:0.18182    C:0.31818    A:0.15152    G:0.34848

#42: RoeDeer        
position  1:    T:0.09091    C:0.40909    A:0.09091    G:0.40909
position  2:    T:0.36364    C:0.13636    A:0.27273    G:0.22727
position  3:    T:0.13636    C:0.40909    A:0.09091    G:0.36364
Average         T:0.19697    C:0.31818    A:0.15152    G:0.33333

#43: WhiteLippedDeer
position  1:    T:0.09091    C:0.40909    A:0.09091    G:0.40909
position  2:    T:0.36364    C:0.13636    A:0.27273    G:0.22727
position  3:    T:0.09091    C:0.40909    A:0.09091    G:0.40909
Average         T:0.18182    C:0.31818    A:0.15152    G:0.34848

#44: ThomsonGazelle 
position  1:    T:0.09091    C:0.40909    A:0.09091    G:0.40909
position  2:    T:0.36364    C:0.13636    A:0.27273    G:0.22727
position  3:    T:0.13636    C:0.36364    A:0.09091    G:0.40909
Average         T:0.19697    C:0.30303    A:0.15152    G:0.34848

#45: MuntiacusCrinifrons
position  1:    T:0.13636    C:0.36364    A:0.09091    G:0.40909
position  2:    T:0.36364    C:0.13636    A:0.27273    G:0.22727
position  3:    T:0.09091    C:0.40909    A:0.09091    G:0.40909
Average         T:0.19697    C:0.30303    A:0.15152    G:0.34848

#46: WhiteTailedDeer
position  1:    T:0.09091    C:0.40909    A:0.09091    G:0.40909
position  2:    T:0.36364    C:0.13636    A:0.27273    G:0.22727
position  3:    T:0.09091    C:0.40909    A:0.09091    G:0.40909
Average         T:0.18182    C:0.31818    A:0.15152    G:0.34848

#47: Cattle         
position  1:    T:0.09091    C:0.40909    A:0.09091    G:0.40909
position  2:    T:0.36364    C:0.13636    A:0.27273    G:0.22727
position  3:    T:0.09091    C:0.40909    A:0.13636    G:0.36364
Average         T:0.18182    C:0.31818    A:0.16667    G:0.33333

#48: RoyalAntelope  
position  1:    T:0.09091    C:0.40909    A:0.09091    G:0.40909
position  2:    T:0.36364    C:0.13636    A:0.27273    G:0.22727
position  3:    T:0.09091    C:0.40909    A:0.09091    G:0.40909
Average         T:0.18182    C:0.31818    A:0.15152    G:0.34848

#49: Steenbok       
position  1:    T:0.09091    C:0.40909    A:0.09091    G:0.40909
position  2:    T:0.36364    C:0.13636    A:0.27273    G:0.22727
position  3:    T:0.09091    C:0.40909    A:0.09091    G:0.40909
Average         T:0.18182    C:0.31818    A:0.15152    G:0.34848

#50: Impala         
position  1:    T:0.09091    C:0.40909    A:0.13636    G:0.36364
position  2:    T:0.36364    C:0.13636    A:0.27273    G:0.22727
position  3:    T:0.09091    C:0.40909    A:0.13636    G:0.36364
Average         T:0.18182    C:0.31818    A:0.18182    G:0.31818

#51: Klipspringer   
position  1:    T:0.09091    C:0.40909    A:0.09091    G:0.40909
position  2:    T:0.36364    C:0.13636    A:0.27273    G:0.22727
