CODONML (in paml version 4.10.7, June 2023)  /home/rachel/ruminants_paml/6406-phy-tree/ENSBTAT00000009222.fasta.phy
Model: free dN/dS Ratios for branches,  kappa = 2.000 fixed

Codon frequency model: F3x4
ns =  54  ls =  40

Codon usage in sequences
--------------------------------------------------------------------------------------------------------------------------------------
Phe TTT   0   0   0   1   0   0 | Ser TCT   2   1   2   2   2   2 | Tyr TAT   1   1   1   1   1   1 | Cys TGT   1   1   1   1   1   1
    TTC   1   1   1   0   1   1 |     TCC   0   1   0   0   0   0 |     TAC   0   0   0   0   0   0 |     TGC   0   0   0   0   0   0
Leu TTA   0   0   0   0   0   0 |     TCA   0   0   0   0   0   0 | *** TAA   0   0   0   0   0   0 | *** TGA   0   0   0   0   0   0
    TTG   0   0   0   0   0   0 |     TCG   1   0   0   0   0   0 |     TAG   0   0   0   0   0   0 | Trp TGG   0   0   0   0   0   0
--------------------------------------------------------------------------------------------------------------------------------------
Leu CTT   1   2   2   2   3   2 | Pro CCT   2   1   1   1   1   1 | His CAT   0   1   1   0   0   0 | Arg CGT   0   0   0   0   0   0
    CTC   2   1   1   1   0   0 |     CCC   0   0   0   0   0   0 |     CAC   1   0   0   1   1   1 |     CGC   0   0   0   0   0   0
    CTA   2   2   2   2   2   2 |     CCA   0   0   0   0   0   0 | Gln CAA   0   0   0   0   1   0 |     CGA   1   1   1   1   0   1
    CTG   0   0   0   0   0   0 |     CCG   0   0   0   0   0   0 |     CAG   0   0   0   0   0   0 |     CGG   0   0   0   0   0   0
--------------------------------------------------------------------------------------------------------------------------------------
Ile ATT   1   1   1   1   1   2 | Thr ACT   0   0   0   0   1   1 | Asn AAT   1   0   1   1   0   1 | Ser AGT   0   0   0   0   0   0
    ATC   2   1   0   2   3   2 |     ACC   2   3   2   2   1   2 |     AAC   0   1   0   0   2   0 |     AGC   0   0   0   0   0   0
    ATA   2   2   3   2   2   2 |     ACA   0   0   0   0   0   1 | Lys AAA   1   1   1   1   1   1 | Arg AGA   1   1   1   1   2   1
Met ATG   3   3   3   3   2   2 |     ACG   0   0   1   1   1   0 |     AAG   2   2   2   2   1   2 |     AGG   1   1   1   1   0   1
--------------------------------------------------------------------------------------------------------------------------------------
Val GTT   0   0   0   0   0   0 | Ala GCT   0   1   1   1   0   0 | Asp GAT   0   0   0   0   0   0 | Gly GGT   1   1   1   1   1   1
    GTC   0   1   1   0   0   1 |     GCC   0   0   0   1   1   0 |     GAC   3   3   3   3   3   3 |     GGC   1   1   1   1   1   1
    GTA   0   0   0   0   0   0 |     GCA   1   1   1   0   1   1 | Glu GAA   1   1   1   1   1   2 |     GGA   0   0   0   0   0   0
    GTG   0   0   0   0   0   0 |     GCG   0   0   0   0   0   0 |     GAG   2   2   2   2   2   0 |     GGG   0   0   0   0   0   1
--------------------------------------------------------------------------------------------------------------------------------------

--------------------------------------------------------------------------------------------------------------------------------------
Phe TTT   0   0   0   0   0   0 | Ser TCT   2   2   2   2   2   2 | Tyr TAT   1   1   1   1   1   1 | Cys TGT   1   1   1   1   1   1
    TTC   1   1   1   1   1   1 |     TCC   0   0   0   0   0   0 |     TAC   0   0   0   0   0   0 |     TGC   0   0   0   0   0   0
Leu TTA   0   0   0   0   0   0 |     TCA   0   0   0   0   0   0 | *** TAA   0   0   0   0   0   0 | *** TGA   0   0   0   0   0   0
    TTG   0   0   0   0   0   0 |     TCG   0   1   0   0   0   0 |     TAG   0   0   0   0   0   0 | Trp TGG   0   0   0   0   0   0
--------------------------------------------------------------------------------------------------------------------------------------
Leu CTT   1   1   1   1   2   2 | Pro CCT   1   2   1   1   1   1 | His CAT   0   0   0   0   1   0 | Arg CGT   0   0   0   0   0   0
    CTC   2   2   2   2   1   1 |     CCC   0   0   0   0   0   0 |     CAC   1   1   1   1   0   1 |     CGC   0   0   0   0   0   0
    CTA   2   2   2   2   2   2 |     CCA   0   0   0   0   0   0 | Gln CAA   0   0   0   0   0   0 |     CGA   1   1   1   1   1   1
    CTG   0   0   0   0   0   0 |     CCG   0   0   0   0   0   0 |     CAG   0   0   0   0   0   0 |     CGG   0   0   0   0   0   0
--------------------------------------------------------------------------------------------------------------------------------------
Ile ATT   0   1   1   1   1   1 | Thr ACT   0   0   0   0   0   0 | Asn AAT   1   1   1   1   1   1 | Ser AGT   0   0   0   0   0   0
    ATC   1   1   2   1   0   1 |     ACC   1   2   2   2   2   2 |     AAC   0   0   0   0   0   0 |     AGC   1   0   0   0   0   0
    ATA   2   2   2   2   3   2 |     ACA   0   0   0   0   0   0 | Lys AAA   1   1   1   1   1   1 | Arg AGA   1   1   1   1   1   1
Met ATG   3   3   3   3   3   3 |     ACG   1   0   1   1   1   1 |     AAG   2   2   2   2   2   2 |     AGG   1   1   1   1   1   1
--------------------------------------------------------------------------------------------------------------------------------------
Val GTT   1   0   0   0   0   0 | Ala GCT   1   0   0   1   1   1 | Asp GAT   0   0   0   0   0   0 | Gly GGT   1   1   1   1   1   1
    GTC   1   1   0   1   1   1 |     GCC   0   0   0   0   0   0 |     GAC   3   3   3   3   3   2 |     GGC   1   1   1   1   1   1
    GTA   0   0   0   0   0   0 |     GCA   1   1   1   1   1   1 | Glu GAA   1   1   1   1   1   1 |     GGA   0   0   0   0   0   0
    GTG   0   0   0   0   0   0 |     GCG   0   0   1   0   0   0 |     GAG   2   2   2   2   2   3 |     GGG   0   0   0   0   0   0
--------------------------------------------------------------------------------------------------------------------------------------

--------------------------------------------------------------------------------------------------------------------------------------
Phe TTT   0   0   0   0   0   0 | Ser TCT   2   2   2   2   2   2 | Tyr TAT   1   1   1   1   1   1 | Cys TGT   1   1   1   1   1   1
    TTC   1   1   1   1   1   1 |     TCC   0   0   0   0   0   0 |     TAC   0   0   0   0   0   0 |     TGC   0   0   0   0   0   0
Leu TTA   0   0   0   0   0   0 |     TCA   0   0   0   0   0   0 | *** TAA   0   0   0   0   0   0 | *** TGA   0   0   0   0   0   0
    TTG   0   0   0   0   0   0 |     TCG   1   0   0   0   0   0 |     TAG   0   0   0   0   0   0 | Trp TGG   0   0   0   0   0   0
--------------------------------------------------------------------------------------------------------------------------------------
Leu CTT   1   2   1   1   0   1 | Pro CCT   2   1   1   1   1   1 | His CAT   0   0   0   0   0   0 | Arg CGT   0   0   0   0   0   0
    CTC   2   1   2   2   3   2 |     CCC   0   0   0   0   0   0 |     CAC   1   1   1   1   1   1 |     CGC   0   0   0   0   0   0
    CTA   2   2   2   2   2   2 |     CCA   0   0   0   0   0   0 | Gln CAA   0   0   0   0   0   0 |     CGA   1   1   1   1   1   1
    CTG   0   0   0   0   0   0 |     CCG   0   0   0   0   0   0 |     CAG   0   0   0   0   0   0 |     CGG   0   0   0   1   0   0
--------------------------------------------------------------------------------------------------------------------------------------
Ile ATT   1   1   1   1   1   1 | Thr ACT   0   1   0   0   1   0 | Asn AAT   1   1   1   1   1   1 | Ser AGT   0   0   0   0   0   0
    ATC   1   2   1   1   1   1 |     ACC   2   1   2   2   1   1 |     AAC   0   0   0   0   0   1 |     AGC   0   0   0   0   0   0
    ATA   2   2   2   2   1   2 |     ACA   0   1   0   0   1   0 | Lys AAA   1   1   1   1   1   1 | Arg AGA   1   1   1   1   1   1
Met ATG   3   3   3   3   3   3 |     ACG   0   0   1   1   0   1 |     AAG   2   2   2   2   2   2 |     AGG   1   1   1   0   1   1
--------------------------------------------------------------------------------------------------------------------------------------
Val GTT   0   0   0   0   0   0 | Ala GCT   0   1   1   1   1   1 | Asp GAT   0   0   0   0   1   0 | Gly GGT   1   1   1   1   1   1
    GTC   1   0   1   1   1   1 |     GCC   0   0   0   0   0   0 |     GAC   3   3   3   3   2   3 |     GGC   1   1   1   1   1   1
    GTA   0   0   0   0   1   0 |     GCA   1   1   1   1   1   1 | Glu GAA   1   1   1   1   1   1 |     GGA   0   0   0   0   0   0
    GTG   0   0   0   0   0   0 |     GCG   0   0   0   0   0   0 |     GAG   2   2   2   2   2   2 |     GGG   0   0   0   0   0   0
--------------------------------------------------------------------------------------------------------------------------------------

--------------------------------------------------------------------------------------------------------------------------------------
Phe TTT   0   0   0   0   0   0 | Ser TCT   2   2   2   2   2   2 | Tyr TAT   1   1   1   1   1   1 | Cys TGT   1   1   1   1   1   1
    TTC   1   1   1   1   1   1 |     TCC   0   0   0   0   0   0 |     TAC   0   0   0   0   0   0 |     TGC   0   0   0   0   0   0
Leu TTA   0   0   0   0   0   0 |     TCA   0   0   0   0   0   0 | *** TAA   0   0   0   0   0   0 | *** TGA   0   0   0   0   0   0
    TTG   0   0   0   0   0   0 |     TCG   0   0   0   0   0   1 |     TAG   0   0   0   0   0   0 | Trp TGG   0   0   0   0   0   0
--------------------------------------------------------------------------------------------------------------------------------------
Leu CTT   2   2   1   2   1   1 | Pro CCT   1   1   1   1   1   2 | His CAT   0   0   0   1   0   0 | Arg CGT   0   0   0   0   0   0
    CTC   1   1   2   1   2   2 |     CCC   0   0   0   0   0   0 |     CAC   1   1   1   0   1   1 |     CGC   0   0   0   0   0   0
    CTA   2   2   2   2   2   2 |     CCA   0   0   0   0   0   0 | Gln CAA   0   0   0   0   0   0 |     CGA   1   1   1   1   1   1
    CTG   0   0   0   0   0   0 |     CCG   0   0   0   0   0   0 |     CAG   0   0   0   0   0   0 |     CGG   0   0   0   0   0   0
--------------------------------------------------------------------------------------------------------------------------------------
Ile ATT   1   1   1   1   1   1 | Thr ACT   0   0   0   0   0   0 | Asn AAT   1   1   2   1   1   1 | Ser AGT   0   0   0   0   0   0
    ATC   1   1   1   0   1   1 |     ACC   2   2   2   2   2   2 |     AAC   0   0   0   0   0   0 |     AGC   0   0   0   0   0   0
    ATA   2   2   1   3   2   2 |     ACA   0   0   0   0   0   0 | Lys AAA   1   1   1   1   1   1 | Arg AGA   1   1   1   1   1   1
Met ATG   3   3   4   3   3   3 |     ACG   1   1   1   1   1   0 |     AAG   2   2   1   2   2   2 |     AGG   1   1   1   1   1   1
--------------------------------------------------------------------------------------------------------------------------------------
Val GTT   0   0   0   0   0   0 | Ala GCT   1   1   0   1   1   0 | Asp GAT   0   0   0   0   0   0 | Gly GGT   1   1   1   1   1   1
    GTC   1   1   1   1   1   1 |     GCC   0   0   0   0   0   0 |     GAC   3   3   3   3   3   3 |     GGC   1   1   1   1   1   1
    GTA   0   0   0   0   0   0 |     GCA   1   1   2   1   1   1 | Glu GAA   1   1   1   1   1   1 |     GGA   0   0   0   0   0   0
    GTG   0   0   0   0   0   0 |     GCG   0   0   0   0   0   0 |     GAG   2   2   2   2   2   2 |     GGG   0   0   0   0   0   0
--------------------------------------------------------------------------------------------------------------------------------------

--------------------------------------------------------------------------------------------------------------------------------------
Phe TTT   0   0   0   0   0   0 | Ser TCT   2   2   2   2   2   2 | Tyr TAT   1   1   1   1   1   1 | Cys TGT   1   1   1   1   1   1
    TTC   1   1   1   1   1   1 |     TCC   0   0   0   0   0   0 |     TAC   0   0   0   0   0   0 |     TGC   0   0   0   0   0   0
Leu TTA   0   0   0   0   0   0 |     TCA   0   0   0   0   0   0 | *** TAA   0   0   0   0   0   0 | *** TGA   0   0   0   0   0   0
    TTG   0   0   0   0   0   0 |     TCG   0   0   1   0   0   0 |     TAG   0   0   0   0   0   0 | Trp TGG   0   0   0   0   0   0
--------------------------------------------------------------------------------------------------------------------------------------
Leu CTT   2   2   1   2   1   2 | Pro CCT   1   1   2   1   1   1 | His CAT   0   0   0   0   0   1 | Arg CGT   0   0   0   0   0   0
    CTC   1   1   2   1   2   1 |     CCC   0   0   0   0   0   0 |     CAC   1   1   1   1   1   0 |     CGC   0   0   0   0   0   0
    CTA   2   2   2   2   2   2 |     CCA   0   0   0   0   0   0 | Gln CAA   0   0   0   0   0   0 |     CGA   1   1   1   1   1   1
    CTG   0   0   0   0   0   0 |     CCG   0   0   0   0   0   0 |     CAG   1   0   0   0   0   0 |     CGG   0   0   0   0   0   0
--------------------------------------------------------------------------------------------------------------------------------------
Ile ATT   1   1   1   1   1   1 | Thr ACT   0   0   0   0   0   0 | Asn AAT   1   1   1   1   1   1 | Ser AGT   0   0   0   0   0   0
    ATC   1   1   1   2   1   0 |     ACC   1   2   2   2   2   2 |     AAC   0   0   0   0   0   0 |     AGC   0   0   0   0   0   0
    ATA   2   2   2   2   2   3 |     ACA   0   0   0   0   0   0 | Lys AAA   1   1   1   1   1   1 | Arg AGA   1   1   1   1   1   1
Met ATG   3   3   3   3   3   3 |     ACG   1   1   0   1   1   1 |     AAG   1   2   2   2   2   2 |     AGG   1   1   1   1   1   1
--------------------------------------------------------------------------------------------------------------------------------------
Val GTT   0   0   0   0   0   0 | Ala GCT   0   1   0   1   1   1 | Asp GAT   0   1   0   0   0   0 | Gly GGT   1   1   1   1   1   1
    GTC   1   1   1   0   1   1 |     GCC   1   0   0   0   0   0 |     GAC   2   1   3   3   3   3 |     GGC   1   1   1   1   1   1
    GTA   0   0   0   0   0   0 |     GCA   2   1   1   1   1   1 | Glu GAA   1   1   1   1   1   1 |     GGA   0   0   0   0   0   0
    GTG   0   0   0   0   0   0 |     GCG   0   0   0   0   0   0 |     GAG   3   3   2   2   2   2 |     GGG   0   0   0   0   0   0
--------------------------------------------------------------------------------------------------------------------------------------

--------------------------------------------------------------------------------------------------------------------------------------
Phe TTT   0   0   0   0   0   0 | Ser TCT   2   2   2   2   2   2 | Tyr TAT   1   1   1   1   1   1 | Cys TGT   1   1   1   1   1   1
    TTC   1   1   1   1   1   1 |     TCC   0   0   0   0   0   0 |     TAC   0   0   0   0   0   0 |     TGC   0   0   0   0   0   0
Leu TTA   0   0   0   0   0   0 |     TCA   0   0   0   0   0   0 | *** TAA   0   0   0   0   0   0 | *** TGA   0   0   0   0   0   0
    TTG   0   0   0   0   0   0 |     TCG   0   0   0   0   0   0 |     TAG   0   0   0   0   0   0 | Trp TGG   0   0   0   0   0   0
--------------------------------------------------------------------------------------------------------------------------------------
Leu CTT   1   2   2   1   2   1 | Pro CCT   1   1   1   1   1   1 | His CAT   0   1   0   0   0   0 | Arg CGT   0   0   0   0   0   0
    CTC   2   1   1   2   1   2 |     CCC   0   0   0   0   0   0 |     CAC   1   0   1   1   1   1 |     CGC   0   0   0   0   0   0
    CTA   2   2   2   2   2   2 |     CCA   0   0   0   0   0   0 | Gln CAA   0   0   0   0   0   0 |     CGA   1   1   1   1   1   1
    CTG   0   0   0   0   0   0 |     CCG   0   0   0   0   0   0 |     CAG   0   0   0   0   0   0 |     CGG   0   0   0   1   0   0
--------------------------------------------------------------------------------------------------------------------------------------
Ile ATT   1   1   1   1   1   1 | Thr ACT   0   0   0   0   0   0 | Asn AAT   1   1   1   1   1   1 | Ser AGT   0   0   0   0   0   0
    ATC   1   0   1   1   1   1 |     ACC   1   2   2   2   1   2 |     AAC   1   0   0   0   0   0 |     AGC   0   0   0   0   0   0
    ATA   2   3   2   2   2   2 |     ACA   0   0   0   0   0   0 | Lys AAA   1   1   1   1   1   1 | Arg AGA   1   1   1   1   1   1
Met ATG   3   3   3   3   3   3 |     ACG   1   1   1   1   1   1 |     AAG   2   2   2   2   2   2 |     AGG   1   1   1   0   1   1
--------------------------------------------------------------------------------------------------------------------------------------
Val GTT   0   0   0   0   0   0 | Ala GCT   1   1   1   1   1   1 | Asp GAT   0   0   0   0   1   0 | Gly GGT   1   1   1   1   1   1
    GTC   1   1   1   1   1   1 |     GCC   0   0   0   0   1   0 |     GAC   3   3   2   3   2   3 |     GGC   1   1   1   1   1   1
    GTA   0   0   0   0   0   0 |     GCA   1   1   1   1   1   1 | Glu GAA   1   1   1   1   1   1 |     GGA   0   0   0   0   0   0
    GTG   0   0   0   0   0   0 |     GCG   0   0   0   0   0   0 |     GAG   2   2   3   2   2   2 |     GGG   0   0   0   0   0   0
--------------------------------------------------------------------------------------------------------------------------------------

--------------------------------------------------------------------------------------------------------------------------------------
Phe TTT   0   0   0   0   0   0 | Ser TCT   2   2   2   2   2   2 | Tyr TAT   1   1   1   1   1   1 | Cys TGT   1   1   1   1   1   1
    TTC   1   1   1   1   1   1 |     TCC   0   0   0   0   0   0 |     TAC   0   0   0   0   0   0 |     TGC   0   0   0   0   0   0
Leu TTA   0   0   0   0   0   0 |     TCA   0   0   0   0   0   0 | *** TAA   0   0   0   0   0   0 | *** TGA   0   0   0   0   0   0
    TTG   0   0   0   0   0   0 |     TCG   0   0   1   0   0   0 |     TAG   0   0   0   0   0   0 | Trp TGG   0   0   0   0   0   0
--------------------------------------------------------------------------------------------------------------------------------------
Leu CTT   1   2   1   1   1   2 | Pro CCT   1   1   2   1   1   1 | His CAT   0   0   0   0   1   0 | Arg CGT   0   0   0   0   0   0
    CTC   2   1   2   2   2   1 |     CCC   0   0   0   0   0   0 |     CAC   1   1   1   1   0   1 |     CGC   0   0   0   0   0   0
    CTA   2   2   2   2   2   2 |     CCA   0   0   0   0   0   0 | Gln CAA   0   0   0   0   0   0 |     CGA   1   1   1   1   1   1
    CTG   0   0   0   0   0   0 |     CCG   0   0   0   0   0   0 |     CAG   0   0   0   0   0   0 |     CGG   0   0   0   0   0   0
--------------------------------------------------------------------------------------------------------------------------------------
Ile ATT   1   1   1   1   1   1 | Thr ACT   0   1   0   0   0   0 | Asn AAT   1   1   1   1   1   1 | Ser AGT   0   0   0   0   0   0
    ATC   2   1   1   1   1   1 |     ACC   1   1   2   2   1   2 |     AAC   0   0   0   0   0   0 |     AGC   0   0   0   0   0   0
    ATA   2   2   2   2   2   2 |     ACA   0   0   0   0   0   0 | Lys AAA   1   1   1   1   1   1 | Arg AGA   1   1   1   1   1   1
Met ATG   3   3   3   3   3   3 |     ACG   1   1   0   1   1   1 |     AAG   2   2   2   2   2   2 |     AGG   1   1   1   1   1   1
--------------------------------------------------------------------------------------------------------------------------------------
Val GTT   0   0   0   0   0   0 | Ala GCT   1   1   0   1   1   1 | Asp GAT   0   0   0   0   0   0 | Gly GGT   1   1   1   1   1   1
    GTC   1   1   1   1   1   1 |     GCC   0   0   0   0   1   0 |     GAC   3   3   3   3   3   2 |     GGC   1   1   1   1   1   1
    GTA   0   0   0   0   0   0 |     GCA   1   1   1   1   1   1 | Glu GAA   1   1   1   1   1   1 |     GGA   0   0   0   0   0   0
    GTG   0   0   0   0   0   0 |     GCG   0   0   0   0   0   0 |     GAG   2   2   2   2   2   3 |     GGG   0   0   0   0   0   0
--------------------------------------------------------------------------------------------------------------------------------------

--------------------------------------------------------------------------------------------------------------------------------------
Phe TTT   0   0   0   0   0   0 | Ser TCT   2   2   2   2   2   2 | Tyr TAT   1   1   1   1   1   1 | Cys TGT   1   1   1   1   1   1
    TTC   1   1   1   1   1   1 |     TCC   0   0   0   0   0   0 |     TAC   0   0   0   0   0   0 |     TGC   0   0   0   0   0   0
Leu TTA   0   0   0   0   0   0 |     TCA   0   0   0   0   0   0 | *** TAA   0   0   0   0   0   0 | *** TGA   0   0   0   0   0   0
    TTG   0   0   0   0   0   0 |     TCG   0   0   0   0   0   0 |     TAG   0   0   0   0   0   0 | Trp TGG   0   0   0   0   0   0
--------------------------------------------------------------------------------------------------------------------------------------
Leu CTT   2   2   2   2   2   1 | Pro CCT   1   1   1   1   1   1 | His CAT   0   0   0   0   0   0 | Arg CGT   0   0   0   0   0   0
    CTC   1   1   1   1   1   2 |     CCC   0   0   0   0   0   0 |     CAC   1   1   1   1   1   1 |     CGC   0   0   0   0   0   0
    CTA   2   2   2   2   2   2 |     CCA   0   0   0   0   0   0 | Gln CAA   1   0   0   0   0   0 |     CGA   0   1   1   1   1   1
    CTG   0   0   0   0   0   0 |     CCG   0   0   0   0   0   0 |     CAG   0   0   0   0   0   0 |     CGG   0   0   0   0   0   0
--------------------------------------------------------------------------------------------------------------------------------------
Ile ATT   1   1   1   1   1   1 | Thr ACT   0   0   0   0   1   0 | Asn AAT   1   1   1   1   1   1 | Ser AGT   0   0   0   0   0   0
    ATC   1   1   1   1   1   2 |     ACC   2   2   2   2   1   1 |     AAC   0   0   0   0   0   0 |     AGC   0   0   0   0   0   0
    ATA   2   2   2   2   2   2 |     ACA   0   0   0   0   0   1 | Lys AAA   1   1   1   1   1   1 | Arg AGA   1   1   1   1   1   1
Met ATG   3   3   3   3   3   3 |     ACG   1   1   1   1   1   0 |     AAG   2   2   2   2   2   2 |     AGG   1   1   1   1   1   1
--------------------------------------------------------------------------------------------------------------------------------------
Val GTT   0   0   0   0   0   0 | Ala GCT   1   1   1   1   1   0 | Asp GAT   0   0   0   1   0   0 | Gly GGT   1   1   1   1   1   1
    GTC   1   1   1   1   1   0 |     GCC   0   0   0   0   0   1 |     GAC   2   3   2   1   3   3 |     GGC   1   1   1   1   1   1
    GTA   0   0   0   0   0   0 |     GCA   1   1   1   1   1   1 | Glu GAA   1   1   1   1   1   1 |     GGA   0   0   0   0   0   0
    GTG   0   0   0   0   0   0 |     GCG   0   0   0   0   0   1 |     GAG   3   2   3   3   2   2 |     GGG   0   0   0   0   0   0
--------------------------------------------------------------------------------------------------------------------------------------

--------------------------------------------------------------------------------------------------------------------------------------
Phe TTT   0   0   0   1   0   0 | Ser TCT   2   2   2   2   2   2 | Tyr TAT   1   1   1   1   1   1 | Cys TGT   1   1   1   1   1   1
    TTC   1   1   1   0   1   1 |     TCC   0   0   0   0   0   0 |     TAC   0   0   0   0   0   0 |     TGC   0   0   0   0   0   0
Leu TTA   0   0   0   0   0   0 |     TCA   0   0   0   0   0   0 | *** TAA   0   0   0   0   0   0 | *** TGA   0   0   0   0   0   0
    TTG   0   0   0   0   0   0 |     TCG   0   0   0   0   0   0 |     TAG   0   0   0   0   0   0 | Trp TGG   0   0   0   0   0   0
--------------------------------------------------------------------------------------------------------------------------------------
Leu CTT   1   1   1   2   2   2 | Pro CCT   1   1   1   1   1   1 | His CAT   0   0   0   0   1   1 | Arg CGT   0   0   0   0   0   0
    CTC   2   2   2   1   1   1 |     CCC   0   0   0   0   0   0 |     CAC   1   1   1   1   0   0 |     CGC   0   0   0   0   0   0
    CTA   2   2   2   2   2   2 |     CCA   0   0   0   0   0   0 | Gln CAA   0   0   0   0   0   0 |     CGA   1   1   1   1   1   1
    CTG   0   0   0   0   0   0 |     CCG   0   0   0   0   0   0 |     CAG   0   0   0   0   0   0 |     CGG   0   0   0   0   0   0
--------------------------------------------------------------------------------------------------------------------------------------
Ile ATT   0   1   1   1   1   1 | Thr ACT   0   0   0   0   0   0 | Asn AAT   1   1   1   1   1   1 | Ser AGT   0   0   0   0   0   0
    ATC   1   1   1   2   0   0 |     ACC   1   2   2   2   2   2 |     AAC   0   0   0   0   0   0 |     AGC   0   0   0   0   0   0
    ATA   2   2   2   2   3   3 |     ACA   0   1   0   0   1   0 | Lys AAA   1   1   1   1   1   1 | Arg AGA   1   1   1   1   1   1
Met ATG   3   3   3   3   3   3 |     ACG   1   0   1   1   0   1 |     AAG   2   2   2   2   2   2 |     AGG   1   1   1   1   1   1
--------------------------------------------------------------------------------------------------------------------------------------
Val GTT   1   0   0   0   0   0 | Ala GCT   0   1   1   1   1   1 | Asp GAT   0   0   1   0   0   0 | Gly GGT   1   1   1   1   1   1
    GTC   1   1   1   0   1   1 |     GCC   2   0   0   1   0   0 |     GAC   2   3   2   3   3   3 |     GGC   1   1   1   1   1   1
    GTA   0   0   0   0   0   0 |     GCA   1   1   1   0   1   1 | Glu GAA   1   1   1   1   1   1 |     GGA   0   0   0   0   0   0
    GTG   0   0   0   0   0   0 |     GCG   0   0   0   0   0   0 |     GAG   3   2   2   2   2   2 |     GGG   0   0   0   0   0   0
--------------------------------------------------------------------------------------------------------------------------------------

Codon position x base (3x4) table for each sequence.

#1: Argali         
position  1:    T:0.15000    C:0.22500    A:0.40000    G:0.22500
position  2:    T:0.35000    C:0.20000    A:0.30000    G:0.15000
position  3:    T:0.25000    C:0.30000    A:0.22500    G:0.22500
Average         T:0.25000    C:0.24167    A:0.30833    G:0.20000

#2: LesserMouseDeer
position  1:    T:0.12500    C:0.20000    A:0.40000    G:0.27500
position  2:    T:0.35000    C:0.20000    A:0.30000    G:0.15000
position  3:    T:0.25000    C:0.32500    A:0.22500    G:0.20000
Average         T:0.24167    C:0.24167    A:0.30833    G:0.20833

#3: LesserKudu     
position  1:    T:0.12500    C:0.20000    A:0.40000    G:0.27500
position  2:    T:0.35000    C:0.20000    A:0.30000    G:0.15000
position  3:    T:0.30000    C:0.22500    A:0.25000    G:0.22500
Average         T:0.25833    C:0.20833    A:0.31667    G:0.21667

#4: ForestMuskDeer2
position  1:    T:0.12500    C:0.20000    A:0.42500    G:0.25000
position  2:    T:0.35000    C:0.20000    A:0.30000    G:0.15000
position  3:    T:0.30000    C:0.27500    A:0.20000    G:0.22500
Average         T:0.25833    C:0.22500    A:0.30833    G:0.20833

#5: Camel          
position  1:    T:0.12500    C:0.20000    A:0.42500    G:0.25000
position  2:    T:0.35000    C:0.20000    A:0.32500    G:0.12500
position  3:    T:0.27500    C:0.32500    A:0.25000    G:0.15000
Average         T:0.25000    C:0.24167    A:0.33333    G:0.17500

#6: KillerWhale    
position  1:    T:0.12500    C:0.17500    A:0.45000    G:0.25000
position  2:    T:0.35000    C:0.20000    A:0.27500    G:0.17500
position  3:    T:0.30000    C:0.27500    A:0.27500    G:0.15000
Average         T:0.25833    C:0.21667    A:0.33333    G:0.19167

#7: DefassaWaterbuck
position  1:    T:0.12500    C:0.20000    A:0.37500    G:0.30000
position  2:    T:0.35000    C:0.17500    A:0.30000    G:0.17500
position  3:    T:0.25000    C:0.30000    A:0.22500    G:0.22500
Average         T:0.24167    C:0.22500    A:0.30000    G:0.23333

#8: Sheep          
position  1:    T:0.15000    C:0.22500    A:0.37500    G:0.25000
position  2:    T:0.35000    C:0.20000    A:0.30000    G:0.15000
position  3:    T:0.25000    C:0.30000    A:0.22500    G:0.22500
Average         T:0.25000    C:0.24167    A:0.30000    G:0.20833

#9: MaxwellsDuiker 
position  1:    T:0.12500    C:0.20000    A:0.42500    G:0.25000
position  2:    T:0.35000    C:0.20000    A:0.30000    G:0.15000
position  3:    T:0.22500    C:0.30000    A:0.22500    G:0.25000
Average         T:0.23333    C:0.23333    A:0.31667    G:0.21667

#10: GazellaPrzewalskyi
position  1:    T:0.12500    C:0.20000    A:0.40000    G:0.27500
position  2:    T:0.35000    C:0.20000    A:0.30000    G:0.15000
position  3:    T:0.25000    C:0.30000    A:0.22500    G:0.22500
Average         T:0.24167    C:0.23333    A:0.30833    G:0.21667

#11: MountainNyala  
position  1:    T:0.12500    C:0.20000    A:0.40000    G:0.27500
position  2:    T:0.35000    C:0.20000    A:0.30000    G:0.15000
position  3:    T:0.30000    C:0.22500    A:0.25000    G:0.22500
Average         T:0.25833    C:0.20833    A:0.31667    G:0.21667

#12: MuntiacusMuntjak
position  1:    T:0.12500    C:0.20000    A:0.40000    G:0.27500
position  2:    T:0.35000    C:0.20000    A:0.30000    G:0.15000
position  3:    T:0.27500    C:0.25000    A:0.22500    G:0.25000
Average         T:0.25000    C:0.21667    A:0.30833    G:0.22500

#13: goat           
position  1:    T:0.15000    C:0.22500    A:0.37500    G:0.25000
position  2:    T:0.35000    C:0.20000    A:0.30000    G:0.15000
position  3:    T:0.25000    C:0.30000    A:0.22500    G:0.22500
Average         T:0.25000    C:0.24167    A:0.30000    G:0.20833

#14: AfricanBuffalo 
position  1:    T:0.12500    C:0.20000    A:0.42500    G:0.25000
position  2:    T:0.35000    C:0.20000    A:0.30000    G:0.15000
position  3:    T:0.30000    C:0.25000    A:0.25000    G:0.20000
Average         T:0.25833    C:0.21667    A:0.32500    G:0.20000

#15: Topi           
position  1:    T:0.12500    C:0.20000    A:0.40000    G:0.27500
position  2:    T:0.35000    C:0.20000    A:0.30000    G:0.15000
position  3:    T:0.25000    C:0.30000    A:0.22500    G:0.22500
Average         T:0.24167    C:0.23333    A:0.30833    G:0.21667

#16: CommonDuiker   
position  1:    T:0.12500    C:0.22500    A:0.37500    G:0.27500
position  2:    T:0.35000    C:0.20000    A:0.30000    G:0.15000
position  3:    T:0.25000    C:0.30000    A:0.22500    G:0.22500
Average         T:0.24167    C:0.24167    A:0.30000    G:0.21667

#17: Suni           
position  1:    T:0.12500    C:0.20000    A:0.37500    G:0.30000
position  2:    T:0.35000    C:0.20000    A:0.30000    G:0.15000
position  3:    T:0.27500    C:0.27500    A:0.25000    G:0.20000
Average         T:0.25000    C:0.22500    A:0.30833    G:0.21667

#18: Springbuck     
position  1:    T:0.12500    C:0.20000    A:0.40000    G:0.27500
position  2:    T:0.35000    C:0.17500    A:0.32500    G:0.15000
position  3:    T:0.25000    C:0.30000    A:0.22500    G:0.22500
Average         T:0.24167    C:0.22500    A:0.31667    G:0.21667

#19: Okapi          
position  1:    T:0.12500    C:0.20000    A:0.40000    G:0.27500
position  2:    T:0.35000    C:0.20000    A:0.30000    G:0.15000
position  3:    T:0.27500    C:0.27500    A:0.22500    G:0.22500
Average         T:0.25000    C:0.22500    A:0.30833    G:0.21667

#20: Giraffe        
position  1:    T:0.12500    C:0.20000    A:0.40000    G:0.27500
position  2:    T:0.35000    C:0.20000    A:0.30000    G:0.15000
position  3:    T:0.27500    C:0.27500    A:0.22500    G:0.22500
Average         T:0.25000    C:0.22500    A:0.30833    G:0.21667

#21: TibetanAntelope
position  1:    T:0.12500    C:0.20000    A:0.40000    G:0.27500
position  2:    T:0.35000    C:0.20000    A:0.30000    G:0.15000
position  3:    T:0.25000    C:0.30000    A:0.22500    G:0.22500
Average         T:0.24167    C:0.23333    A:0.30833    G:0.21667

#22: Sitatunga      
position  1:    T:0.12500    C:0.20000    A:0.40000    G:0.27500
position  2:    T:0.35000    C:0.20000    A:0.30000    G:0.15000
position  3:    T:0.30000    C:0.22500    A:0.25000    G:0.22500
Average         T:0.25833    C:0.20833    A:0.31667    G:0.21667

#23: Oribi          
position  1:    T:0.12500    C:0.20000    A:0.40000    G:0.27500
position  2:    T:0.35000    C:0.20000    A:0.30000    G:0.15000
position  3:    T:0.25000    C:0.30000    A:0.22500    G:0.22500
Average         T:0.24167    C:0.23333    A:0.30833    G:0.21667

#24: BarbarySheep   
position  1:    T:0.15000    C:0.22500    A:0.37500    G:0.25000
position  2:    T:0.35000    C:0.20000    A:0.30000    G:0.15000
position  3:    T:0.25000    C:0.30000    A:0.22500    G:0.22500
Average         T:0.25000    C:0.24167    A:0.30000    G:0.20833

#25: Daviddeer      
position  1:    T:0.12500    C:0.22500    A:0.35000    G:0.30000
position  2:    T:0.35000    C:0.20000    A:0.30000    G:0.15000
position  3:    T:0.25000    C:0.25000    A:0.25000    G:0.25000
Average         T:0.24167    C:0.22500    A:0.30000    G:0.23333

#26: Reindeer       
position  1:    T:0.12500    C:0.20000    A:0.40000    G:0.27500
position  2:    T:0.35000    C:0.20000    A:0.30000    G:0.15000
position  3:    T:0.30000    C:0.22500    A:0.22500    G:0.25000
Average         T:0.25833    C:0.20833    A:0.30833    G:0.22500

#27: Ibex           
position  1:    T:0.15000    C:0.22500    A:0.37500    G:0.25000
position  2:    T:0.35000    C:0.20000    A:0.30000    G:0.15000
position  3:    T:0.25000    C:0.30000    A:0.22500    G:0.22500
Average         T:0.25000    C:0.24167    A:0.30000    G:0.20833

#28: GyrantGazelle  
position  1:    T:0.12500    C:0.20000    A:0.42500    G:0.25000
position  2:    T:0.35000    C:0.20000    A:0.30000    G:0.15000
position  3:    T:0.27500    C:0.27500    A:0.22500    G:0.22500
Average         T:0.25000    C:0.22500    A:0.31667    G:0.20833

#29: Hartebeest     
position  1:    T:0.12500    C:0.20000    A:0.40000    G:0.27500
position  2:    T:0.35000    C:0.20000    A:0.30000    G:0.15000
position  3:    T:0.25000    C:0.30000    A:0.22500    G:0.22500
Average         T:0.24167    C:0.23333    A:0.30833    G:0.21667

#30: Bongo          
position  1:    T:0.12500    C:0.20000    A:0.40000    G:0.27500
position  2:    T:0.35000    C:0.20000    A:0.30000    G:0.15000
position  3:    T:0.30000    C:0.22500    A:0.25000    G:0.22500
Average         T:0.25833    C:0.20833    A:0.31667    G:0.21667

#31: Gerenuk        
position  1:    T:0.12500    C:0.20000    A:0.40000    G:0.27500
position  2:    T:0.35000    C:0.17500    A:0.32500    G:0.15000
position  3:    T:0.25000    C:0.30000    A:0.22500    G:0.22500
Average         T:0.24167    C:0.22500    A:0.31667    G:0.21667

#32: CommonEland    
position  1:    T:0.12500    C:0.20000    A:0.40000    G:0.27500
position  2:    T:0.35000    C:0.20000    A:0.30000    G:0.15000
position  3:    T:0.30000    C:0.22500    A:0.25000    G:0.22500
Average         T:0.25833    C:0.20833    A:0.31667    G:0.21667

#33: MuntiacusReevesi
position  1:    T:0.12500    C:0.20000    A:0.40000    G:0.27500
position  2:    T:0.35000    C:0.20000    A:0.30000    G:0.15000
position  3:    T:0.27500    C:0.25000    A:0.22500    G:0.25000
Average         T:0.25000    C:0.21667    A:0.30833    G:0.22500

#34: HarveysDuiker  
position  1:    T:0.12500    C:0.22500    A:0.37500    G:0.27500
position  2:    T:0.35000    C:0.20000    A:0.30000    G:0.15000
position  3:    T:0.25000    C:0.30000    A:0.22500    G:0.22500
Average         T:0.24167    C:0.24167    A:0.30000    G:0.21667

#35: Pronghorn      
position  1:    T:0.12500    C:0.20000    A:0.37500    G:0.30000
position  2:    T:0.35000    C:0.20000    A:0.30000    G:0.15000
position  3:    T:0.30000    C:0.25000    A:0.22500    G:0.22500
Average         T:0.25833    C:0.21667    A:0.30000    G:0.22500

#36: BlueWildebeest 
position  1:    T:0.12500    C:0.20000    A:0.40000    G:0.27500
position  2:    T:0.35000    C:0.20000    A:0.30000    G:0.15000
position  3:    T:0.25000    C:0.30000    A:0.22500    G:0.22500
Average         T:0.24167    C:0.23333    A:0.30833    G:0.21667

#37: Gemsbok        
position  1:    T:0.12500    C:0.20000    A:0.40000    G:0.27500
position  2:    T:0.37500    C:0.17500    A:0.30000    G:0.15000
position  3:    T:0.25000    C:0.30000    A:0.22500    G:0.22500
Average         T:0.25000    C:0.22500    A:0.30833    G:0.21667

#38: Yak            
position  1:    T:0.12500    C:0.20000    A:0.40000    G:0.27500
position  2:    T:0.35000    C:0.20000    A:0.30000    G:0.15000
position  3:    T:0.30000    C:0.25000    A:0.22500    G:0.22500
Average         T:0.25833    C:0.21667    A:0.30833    G:0.21667

#39: BlueSheep      
position  1:    T:0.15000    C:0.22500    A:0.37500    G:0.25000
position  2:    T:0.35000    C:0.20000    A:0.30000    G:0.15000
position  3:    T:0.25000    C:0.30000    A:0.22500    G:0.22500
Average         T:0.25000    C:0.24167    A:0.30000    G:0.20833

#40: BohorReedbuck  
position  1:    T:0.12500    C:0.20000    A:0.40000    G:0.27500
position  2:    T:0.35000    C:0.20000    A:0.30000    G:0.15000
position  3:    T:0.25000    C:0.30000    A:0.22500    G:0.22500
Average         T:0.24167    C:0.23333    A:0.30833    G:0.21667

#41: KirksDik       
position  1:    T:0.12500    C:0.20000    A:0.37500    G:0.30000
position  2:    T:0.35000    C:0.20000    A:0.30000    G:0.15000
position  3:    T:0.27500    C:0.27500    A:0.22500    G:0.22500
Average         T:0.25000    C:0.22500    A:0.30000    G:0.22500

#42: RoeDeer        
position  1:    T:0.12500    C:0.20000    A:0.40000    G:0.27500
position  2:    T:0.35000    C:0.20000    A:0.30000    G:0.15000
position  3:    T:0.27500    C:0.25000    A:0.22500    G:0.25000
Average         T:0.25000    C:0.21667    A:0.30833    G:0.22500

#43: WhiteLippedDeer
position  1:    T:0.12500    C:0.20000    A:0.40000    G:0.27500
position  2:    T:0.35000    C:0.20000    A:0.32500    G:0.12500
position  3:    T:0.27500    C:0.25000    A:0.22500    G:0.25000
Average         T:0.25000    C:0.21667    A:0.31667    G:0.21667

#44: ThomsonGazelle 
position  1:    T:0.12500    C:0.20000    A:0.40000    G:0.27500
position  2:    T:0.35000    C:0.20000    A:0.30000    G:0.15000
position  3:    T:0.27500    C:0.27500    A:0.22500    G:0.22500
Average         T:0.25000    C:0.22500    A:0.30833    G:0.21667

#45: MuntiacusCrinifrons
position  1:    T:0.12500    C:0.20000    A:0.40000    G:0.27500
position  2:    T:0.35000    C:0.20000    A:0.30000    G:0.15000
position  3:    T:0.27500    C:0.25000    A:0.22500    G:0.25000
Average         T:0.25000    C:0.21667    A:0.30833    G:0.22500

#46: WhiteTailedDeer
position  1:    T:0.12500    C:0.20000    A:0.40000    G:0.27500
position  2:    T:0.35000    C:0.20000    A:0.30000    G:0.15000
position  3:    T:0.30000    C:0.22500    A:0.22500    G:0.25000
Average         T:0.25833    C:0.20833    A:0.30833    G:0.22500

#47: Cattle         
position  1:    T:0.12500    C:0.20000    A:0.40000    G:0.27500
position  2:    T:0.35000    C:0.20000    A:0.30000    G:0.15000
position  3:    T:0.30000    C:0.25000    A:0.22500    G:0.22500
Average         T:0.25833    C:0.21667    A:0.30833    G:0.21667

#48: RoyalAntelope  
position  1:    T:0.12500    C:0.20000    A:0.40000    G:0.27500
position  2:    T:0.35000    C:0.20000    A:0.30000    G:0.15000
position  3:    T:0.22500    C:0.30000    A:0.25000    G:0.22500
Average         T:0.23333    C:0.23333    A:0.31667    G:0.21667

#49: Steenbok       
position  1:    T:0.12500    C:0.20000    A:0.35000    G:0.32500
position  2:    T:0.35000    C:0.20000    A:0.30000    G:0.15000
position  3:    T:0.22500    C:0.30000    A:0.22500    G:0.25000
Average         T:0.23333    C:0.23333    A:0.29167    G:0.24167

#50: Impala         
position  1:    T:0.12500    C:0.20000    A:0.40000    G:0.27500
position  2:    T:0.35000    C:0.20000    A:0.30000    G:0.15000
position  3:    T:0.25000    C:0.30000    A:0.25000    G:0.20000
Average         T:0.24167    C:0.23333    A:0.31667    G:0.20833

#51: Klipspringer   
position  1:    T:0.12500    C:0.20000    A:0.40000    G:0.27500
position  2:    T:0.35000    C:0.20000    A:0.30000    G:0.15000
