1
52 1
Argali 0.000000 0.217800 0.065200 0.240200 0.032100 0.000000 0.038500 0.043700 0.045200 0.065900 0.006300 0.052500 0.038500 0.025700 0.051500 0.038700 0.071500 0.065700 0.040000 0.045200 0.038100 0.019200 0.045900 0.038800 0.012700 0.044700 0.018900 0.051400 0.038500 0.051500 0.052300 0.019300 0.039100 0.025200 0.026100 0.073900 0.012600 0.025600 0.044900 0.058700 0.032500 0.038400 0.045400 0.032500 0.067000 0.031600 0.052000 0.044900 0.045400 0.060500 0.058300 0.058100
LesserMous 0.217800 0.000000 0.283400 0.328400 0.239800 0.217800 0.232400 0.268800 0.256600 0.249200 0.225000 0.250200 0.247600 0.232700 0.283100 0.240100 0.244000 0.257200 0.255400 0.256600 0.263000 0.241000 0.242300 0.230300 0.233500 0.254300 0.223600 0.262800 0.264600 0.263100 0.231300 0.225700 0.232700 0.249900 0.218300 0.262900 0.214200 0.231400 0.264000 0.256200 0.224000 0.246600 0.239100 0.224000 0.253700 0.253300 0.266200 0.261000 0.258600 0.247100 0.273500 0.272300
LesserKudu 0.065200 0.283400 0.000000 0.261200 0.084400 0.065200 0.091700 0.095900 0.018600 0.091600 0.071500 0.064700 0.077400 0.091500 0.090700 0.091400 0.110600 0.098400 0.108100 0.018600 0.090000 0.084400 0.071600 0.064200 0.078200 0.097000 0.057900 0.024700 0.077100 0.024800 0.077900 0.085300 0.078100 0.064400 0.078900 0.100100 0.077700 0.077700 0.097300 0.084300 0.058100 0.090500 0.070800 0.058100 0.093100 0.083100 0.104900 0.071700 0.098500 0.100800 0.031200 0.031100
KillerWhal 0.240200 0.328400 0.261200 0.000000 0.262500 0.240200 0.254800 0.263900 0.252900 0.236300 0.247200 0.237600 0.234900 0.272800 0.269500 0.262800 0.275800 0.252900 0.269800 0.252900 0.267400 0.262600 0.203300 0.218200 0.255700 0.276800 0.229000 0.258900 0.251700 0.259200 0.218900 0.266000 0.219900 0.236900 0.241000 0.286300 0.253900 0.254000 0.278000 0.243400 0.212000 0.269100 0.227300 0.212000 0.276900 0.257800 0.270600 0.247800 0.281400 0.251400 0.269500 0.268300
DefassaWat 0.032100 0.239800 0.084400 0.262500 0.000000 0.032100 0.071400 0.062800 0.064300 0.085300 0.038400 0.071800 0.044400 0.057900 0.068400 0.057800 0.077000 0.085000 0.073400 0.064300 0.044000 0.051300 0.065200 0.057900 0.044900 0.063600 0.024900 0.070400 0.057500 0.070400 0.071500 0.051700 0.058300 0.044700 0.045500 0.093600 0.031400 0.006100 0.063800 0.077900 0.051700 0.057300 0.064500 0.051700 0.086700 0.050300 0.057800 0.065100 0.051200 0.080200 0.077400 0.077200
Sheep 0.000000 0.217800 0.065200 0.240200 0.032100 0.000000 0.038800 0.044200 0.045200 0.065900 0.006400 0.052500 0.038500 0.025300 0.051500 0.038700 0.071500 0.065700 0.040000 0.045200 0.038100 0.019200 0.045900 0.038800 0.012600 0.044200 0.019200 0.051400 0.038500 0.051500 0.052300 0.019300 0.039100 0.025600 0.026100 0.073900 0.012700 0.025600 0.044900 0.058700 0.032500 0.038400 0.045400 0.032500 0.067000 0.031200 0.052000 0.045800 0.045400 0.060500 0.058300 0.058100
MaxwellsDu 0.038500 0.232400 0.091700 0.254800 0.071400 0.038800 0.000000 0.083000 0.084900 0.085600 0.045200 0.079000 0.064500 0.025300 0.077700 0.078300 0.111800 0.106400 0.066800 0.084900 0.077100 0.058300 0.072400 0.064900 0.051800 0.084000 0.045000 0.091000 0.064500 0.091100 0.078700 0.019000 0.079100 0.051800 0.039000 0.115500 0.051500 0.064700 0.084300 0.085100 0.058700 0.077600 0.071600 0.058700 0.108400 0.070300 0.092100 0.072200 0.085300 0.087800 0.084500 0.098000
GazellaPrz 0.043700 0.268800 0.095900 0.263900 0.062800 0.044200 0.083000 0.000000 0.076000 0.096800 0.050400 0.083500 0.061900 0.069700 0.082100 0.056500 0.102000 0.096600 0.085400 0.076000 0.043000 0.050100 0.077000 0.069600 0.056800 0.061300 0.050200 0.081900 0.056300 0.082000 0.083200 0.063600 0.063500 0.055400 0.057500 0.105200 0.056500 0.056400 0.049500 0.076000 0.063600 0.056000 0.076200 0.063600 0.098300 0.036600 0.056500 0.076800 0.063000 0.092100 0.089000 0.088700
MountainNy 0.045200 0.256600 0.018600 0.252900 0.064300 0.045200 0.084900 0.076000 0.000000 0.084900 0.051500 0.058100 0.070800 0.071300 0.084000 0.071200 0.090200 0.078000 0.087000 0.000000 0.070100 0.064300 0.065000 0.057600 0.058100 0.076900 0.051400 0.006100 0.070500 0.006100 0.071200 0.065000 0.058100 0.057800 0.058600 0.079400 0.057800 0.057700 0.077200 0.077600 0.051500 0.070500 0.064300 0.051500 0.072500 0.063400 0.084400 0.065100 0.078100 0.079900 0.012300 0.012200
MuntiacusM 0.065900 0.249200 0.091600 0.236300 0.085300 0.065900 0.085600 0.096800 0.084900 0.000000 0.072300 0.079000 0.078200 0.085500 0.091600 0.092400 0.097700 0.092100 0.109300 0.084900 0.090900 0.085300 0.045400 0.037400 0.079000 0.098000 0.058500 0.090900 0.077900 0.091100 0.025300 0.079200 0.065200 0.065100 0.065900 0.115600 0.078500 0.078500 0.098300 0.057800 0.032000 0.091500 0.031800 0.031200 0.108400 0.083900 0.106000 0.058900 0.099500 0.087500 0.091300 0.098000
goat 0.006300 0.225000 0.071500 0.247200 0.038400 0.006400 0.045200 0.050400 0.051500 0.072300 0.000000 0.058900 0.043800 0.032000 0.057800 0.044800 0.077800 0.072100 0.046500 0.051500 0.044400 0.012700 0.052300 0.045100 0.006300 0.050300 0.025600 0.057700 0.044800 0.057700 0.058600 0.025700 0.045500 0.032000 0.032600 0.080400 0.006300 0.031400 0.051100 0.065000 0.038900 0.044600 0.051700 0.038900 0.073500 0.037800 0.058400 0.051800 0.051700 0.067000 0.051300 0.064400
AfricanBuf 0.052500 0.250200 0.064700 0.237600 0.071800 0.052500 0.079000 0.083500 0.058100 0.079000 0.058900 0.000000 0.064900 0.078900 0.078200 0.078800 0.098100 0.092500 0.095200 0.058100 0.077600 0.071800 0.059000 0.051700 0.065600 0.084500 0.045300 0.064200 0.064600 0.064300 0.065300 0.072600 0.065500 0.051800 0.066100 0.059100 0.065200 0.065100 0.084800 0.071700 0.045500 0.078000 0.058300 0.045500 0.052600 0.070700 0.092300 0.059100 0.085800 0.087700 0.071300 0.071000
Topi 0.038500 0.247600 0.077400 0.234900 0.044400 0.038500 0.064500 0.061900 0.070800 0.078200 0.043800 0.064900 0.000000 0.064400 0.063700 0.064300 0.083500 0.091600 0.066300 0.070800 0.063300 0.057800 0.058400 0.051100 0.051300 0.070000 0.018700 0.076800 0.050800 0.076900 0.064600 0.058200 0.051400 0.038100 0.052000 0.100400 0.038000 0.037400 0.056000 0.071000 0.045000 0.063700 0.057700 0.045000 0.093400 0.055900 0.051100 0.044900 0.057700 0.087000 0.083900 0.083600
CommonDuik 0.025700 0.232700 0.091500 0.272800 0.057900 0.025300 0.025300 0.069700 0.071300 0.085500 0.032000 0.078900 0.064400 0.000000 0.077600 0.064700 0.097800 0.092300 0.066900 0.071300 0.062100 0.045000 0.072400 0.064800 0.038500 0.070500 0.045000 0.077400 0.064500 0.077500 0.078600 0.006300 0.065300 0.051400 0.025800 0.101100 0.037600 0.051400 0.069700 0.085000 0.058600 0.064100 0.071500 0.058600 0.094000 0.057100 0.078300 0.072100 0.071600 0.073600 0.070900 0.084200
Suni 0.051500 0.283100 0.090700 0.269500 0.068400 0.051500 0.077700 0.082100 0.084000 0.091600 0.057800 0.078200 0.063700 0.077600 0.000000 0.076900 0.110500 0.105100 0.093900 0.084000 0.076200 0.070900 0.071600 0.064100 0.064400 0.083100 0.044300 0.090000 0.063800 0.090100 0.077800 0.071300 0.078100 0.050900 0.065200 0.114300 0.064000 0.064000 0.083300 0.084200 0.058000 0.076700 0.070800 0.058000 0.107200 0.063100 0.091100 0.071400 0.084300 0.100700 0.097300 0.097000
Springbuck 0.038700 0.240100 0.091400 0.262800 0.057800 0.038700 0.078300 0.056500 0.071200 0.092400 0.044800 0.078800 0.064300 0.064700 0.076900 0.000000 0.097600 0.092100 0.080600 0.071200 0.050600 0.058100 0.072200 0.064700 0.050400 0.018700 0.044100 0.077200 0.025200 0.077300 0.078500 0.058500 0.065200 0.051300 0.052300 0.100900 0.051300 0.051300 0.057400 0.084900 0.058500 0.012300 0.071400 0.058500 0.093900 0.056900 0.064700 0.072000 0.071400 0.087500 0.084400 0.084100
Okapi 0.071500 0.244000 0.110600 0.275800 0.077000 0.071500 0.111800 0.102000 0.090200 0.097700 0.077800 0.098100 0.083500 0.097800 0.110500 0.097600 0.000000 0.031100 0.100300 0.090200 0.096200 0.077100 0.077700 0.070200 0.084500 0.103200 0.064100 0.096100 0.096800 0.096300 0.083900 0.091600 0.070500 0.084000 0.085300 0.120600 0.070500 0.070400 0.089700 0.090200 0.064200 0.096700 0.076800 0.064200 0.113500 0.089200 0.097200 0.084700 0.090800 0.092500 0.103500 0.089600
Giraffe 0.065700 0.257200 0.098400 0.252900 0.085000 0.065700 0.106400 0.096600 0.078000 0.092100 0.072100 0.092500 0.091600 0.092300 0.105100 0.092100 0.031100 0.000000 0.094700 0.078000 0.090700 0.071400 0.072000 0.064500 0.078800 0.097700 0.071800 0.084100 0.091300 0.084200 0.078300 0.086000 0.064700 0.078400 0.079500 0.115200 0.078300 0.078300 0.084200 0.084600 0.058400 0.091200 0.071200 0.058400 0.108000 0.083700 0.105700 0.079000 0.099200 0.086500 0.091300 0.077500
TibetanAnt 0.040000 0.255400 0.108100 0.269800 0.073400 0.040000 0.066800 0.085400 0.087000 0.109300 0.046500 0.095200 0.066300 0.066900 0.093900 0.080600 0.100300 0.094700 0.000000 0.087000 0.079300 0.046100 0.088400 0.080300 0.053300 0.086500 0.060000 0.093200 0.079900 0.093300 0.094900 0.060400 0.081000 0.066700 0.067700 0.118500 0.052900 0.066600 0.072800 0.101400 0.074100 0.079800 0.087400 0.074100 0.111200 0.072300 0.080300 0.074300 0.087800 0.104600 0.100800 0.086400
Sitatunga 0.045200 0.256600 0.018600 0.252900 0.064300 0.045200 0.084900 0.076000 0.000000 0.084900 0.051500 0.058100 0.070800 0.071300 0.084000 0.071200 0.090200 0.078000 0.087000 0.000000 0.070100 0.064300 0.065000 0.057600 0.058100 0.076900 0.051400 0.006100 0.070500 0.006100 0.071200 0.065000 0.058100 0.057800 0.058600 0.079400 0.057800 0.057700 0.077200 0.077600 0.051500 0.070500 0.064300 0.051500 0.072500 0.063400 0.084400 0.065100 0.078100 0.079900 0.012300 0.012200
Oribi 0.038100 0.263000 0.090000 0.267400 0.044000 0.038100 0.077100 0.043000 0.070100 0.090900 0.044400 0.077600 0.063300 0.062100 0.076200 0.050600 0.096200 0.090700 0.079300 0.070100 0.000000 0.057200 0.071100 0.063700 0.050800 0.055200 0.043300 0.076100 0.050300 0.076200 0.077300 0.056000 0.064200 0.050600 0.051500 0.099300 0.050500 0.036700 0.043600 0.070100 0.057600 0.050100 0.070300 0.057600 0.092400 0.043300 0.063700 0.070900 0.055500 0.086100 0.083200 0.082900
BarbaryShe 0.019200 0.241000 0.084400 0.262600 0.051300 0.019200 0.058300 0.050100 0.064300 0.085300 0.012700 0.071800 0.057800 0.045000 0.070900 0.058100 0.077100 0.071400 0.046100 0.064300 0.057200 0.000000 0.065300 0.057900 0.019100 0.063900 0.038400 0.070400 0.057600 0.070500 0.071600 0.038700 0.058400 0.044900 0.045500 0.093700 0.018900 0.044800 0.064100 0.077900 0.051700 0.057500 0.064500 0.051700 0.086700 0.037600 0.057800 0.065400 0.064900 0.080300 0.064000 0.063900
Daviddeer 0.045900 0.242300 0.071600 0.203300 0.065200 0.045900 0.072400 0.077000 0.065000 0.045400 0.052300 0.059000 0.058400 0.072400 0.071600 0.072200 0.077700 0.072000 0.088400 0.065000 0.071100 0.065300 0.000000 0.019100 0.059000 0.078000 0.038800 0.071100 0.058100 0.071200 0.032100 0.066000 0.045400 0.045300 0.059500 0.094600 0.058600 0.058600 0.078200 0.038500 0.012800 0.071500 0.025500 0.012800 0.087600 0.064200 0.085700 0.039100 0.079200 0.067000 0.078200 0.078000
Reindeer 0.038800 0.230300 0.064200 0.218200 0.057900 0.038800 0.064900 0.069600 0.057600 0.037400 0.045100 0.051700 0.051100 0.064800 0.064100 0.064700 0.070200 0.064500 0.080300 0.057600 0.063700 0.057900 0.019100 0.000000 0.051700 0.070500 0.031900 0.063700 0.050900 0.063800 0.025200 0.058500 0.038400 0.038300 0.052100 0.086600 0.051300 0.051300 0.070700 0.030900 0.006200 0.064100 0.018900 0.006200 0.079700 0.057000 0.077900 0.032100 0.071500 0.059400 0.070700 0.070400
Ibex 0.012700 0.233500 0.078200 0.255700 0.044900 0.012600 0.051800 0.056800 0.058100 0.079000 0.006300 0.065600 0.051300 0.038500 0.064400 0.050400 0.084500 0.078800 0.053300 0.058100 0.050800 0.019100 0.059000 0.051700 0.000000 0.057500 0.032000 0.064200 0.051400 0.064300 0.065300 0.032200 0.052100 0.037800 0.039200 0.087300 0.012500 0.038400 0.057700 0.058300 0.045500 0.051100 0.058300 0.045500 0.080400 0.043300 0.051700 0.058800 0.058400 0.073900 0.057900 0.071000
GyrantGaze 0.044700 0.254300 0.097000 0.276800 0.063600 0.044200 0.084000 0.061300 0.076900 0.098000 0.050300 0.084500 0.070000 0.070500 0.083100 0.018700 0.103200 0.097700 0.086500 0.076900 0.055200 0.063900 0.078000 0.070500 0.057500 0.000000 0.050800 0.082900 0.031200 0.083000 0.084200 0.064300 0.071000 0.057200 0.058300 0.106600 0.057200 0.057100 0.062200 0.090500 0.064400 0.018300 0.077100 0.064400 0.099600 0.062700 0.070500 0.077800 0.077200 0.093200 0.090000 0.089700
Hartebeest 0.018900 0.223600 0.057900 0.229000 0.024900 0.019200 0.045000 0.050200 0.051400 0.058500 0.025600 0.045300 0.018700 0.045000 0.044300 0.044100 0.064100 0.071800 0.060000 0.051400 0.043300 0.038400 0.038800 0.031900 0.032000 0.050800 0.000000 0.057500 0.031700 0.057500 0.045200 0.038000 0.045300 0.018700 0.032500 0.080100 0.018900 0.018900 0.051000 0.051500 0.025700 0.044500 0.038400 0.025700 0.073200 0.037700 0.044900 0.038400 0.038400 0.066700 0.064400 0.064200
Bongo 0.051400 0.262800 0.024700 0.258900 0.070400 0.051400 0.091000 0.081900 0.006100 0.090900 0.057700 0.064200 0.076800 0.077400 0.090000 0.077200 0.096100 0.084100 0.093200 0.006100 0.076100 0.070400 0.071100 0.063700 0.064200 0.082900 0.057500 0.000000 0.076500 0.012200 0.077300 0.071200 0.064200 0.063900 0.064800 0.085500 0.063900 0.063800 0.083200 0.083600 0.057600 0.076500 0.070300 0.057600 0.078700 0.069400 0.090400 0.071200 0.084100 0.086100 0.018200 0.018300
Gerenuk 0.038500 0.264600 0.077100 0.251700 0.057500 0.038500 0.064500 0.056300 0.070500 0.077900 0.044800 0.064600 0.050800 0.064500 0.063800 0.025200 0.096800 0.091300 0.079900 0.070500 0.050300 0.057600 0.058100 0.050900 0.051400 0.031200 0.031700 0.076500 0.000000 0.076600 0.064400 0.058200 0.064600 0.038100 0.051800 0.100000 0.051100 0.051000 0.057100 0.070700 0.044800 0.025000 0.057500 0.044800 0.093000 0.056700 0.064100 0.058200 0.071100 0.086600 0.083600 0.083400
CommonElan 0.051500 0.263100 0.024800 0.259200 0.070400 0.051500 0.091100 0.082000 0.006100 0.091100 0.057700 0.064300 0.076900 0.077500 0.090100 0.077300 0.096300 0.084200 0.093300 0.006100 0.076200 0.070500 0.071200 0.063800 0.064300 0.083000 0.057500 0.012200 0.076600 0.000000 0.077400 0.071200 0.064300 0.064000 0.064900 0.085600 0.063900 0.063900 0.083300 0.083700 0.057700 0.076600 0.070400 0.057700 0.078800 0.069500 0.090600 0.071300 0.084200 0.086200 0.018500 0.018400
MuntiacusR 0.052300 0.231300 0.077900 0.218900 0.071500 0.052300 0.078700 0.083200 0.071200 0.025300 0.058600 0.065300 0.064600 0.078600 0.077800 0.078500 0.083900 0.078300 0.094900 0.071200 0.077300 0.071600 0.032100 0.025200 0.065300 0.084200 0.045200 0.077300 0.064400 0.077400 0.000000 0.072300 0.051800 0.051600 0.052300 0.101100 0.064900 0.064900 0.084500 0.044600 0.018800 0.077700 0.018900 0.018800 0.094000 0.070400 0.092000 0.045500 0.085500 0.073400 0.084500 0.084200
HarveysDui 0.019300 0.225700 0.085300 0.266000 0.051700 0.019300 0.019000 0.063600 0.065000 0.079200 0.025700 0.072600 0.058200 0.006300 0.071300 0.058500 0.091600 0.086000 0.060400 0.065000 0.056000 0.038700 0.066000 0.058500 0.032200 0.064300 0.038000 0.071200 0.058200 0.071200 0.072300 0.000000 0.059000 0.045200 0.019400 0.094700 0.031500 0.045000 0.064700 0.078700 0.052300 0.057900 0.065200 0.052300 0.087600 0.050900 0.072100 0.065800 0.065300 0.067200 0.064700 0.078000
Pronghorn 0.039100 0.232700 0.078100 0.219900 0.058300 0.039100 0.079100 0.063500 0.058100 0.065200 0.045500 0.065500 0.051400 0.065300 0.078100 0.065200 0.070500 0.064700 0.081000 0.058100 0.064200 0.058400 0.045400 0.038400 0.052100 0.071000 0.045300 0.064200 0.064600 0.064300 0.051800 0.059000 0.000000 0.051800 0.052500 0.087300 0.051800 0.051700 0.071200 0.058100 0.032200 0.064600 0.044900 0.032200 0.080300 0.057500 0.078600 0.059000 0.072100 0.059600 0.071200 0.071000
BlueWildeb 0.025200 0.249900 0.064400 0.236900 0.044700 0.025600 0.051800 0.055400 0.057800 0.065100 0.032000 0.051800 0.038100 0.051400 0.050900 0.051300 0.084000 0.078400 0.066700 0.057800 0.050600 0.044900 0.045300 0.038300 0.037800 0.057200 0.018700 0.063900 0.038100 0.064000 0.051600 0.045200 0.051800 0.000000 0.039000 0.086900 0.038200 0.038200 0.057400 0.058000 0.032100 0.050900 0.044800 0.032100 0.079900 0.044000 0.064700 0.045200 0.058000 0.059700 0.070900 0.070700
Gemsbok 0.026100 0.218300 0.078900 0.241000 0.045500 0.026100 0.039000 0.057500 0.058600 0.065900 0.032600 0.066100 0.052000 0.025800 0.065200 0.052300 0.085300 0.079500 0.067700 0.058600 0.051500 0.045500 0.059500 0.052100 0.039200 0.058300 0.032500 0.064800 0.051800 0.064900 0.052300 0.019400 0.052500 0.039000 0.000000 0.088100 0.038900 0.038900 0.058400 0.072300 0.045900 0.051800 0.058800 0.045900 0.081000 0.044800 0.065700 0.059600 0.059200 0.060600 0.071900 0.071600
Yak 0.073900 0.262900 0.100100 0.286300 0.093600 0.073900 0.115500 0.105200 0.079400 0.115600 0.080400 0.059100 0.100400 0.101100 0.114300 0.100900 0.120600 0.115200 0.118500 0.079400 0.099300 0.093700 0.094600 0.086600 0.087300 0.106600 0.080100 0.085500 0.100000 0.085600 0.101100 0.094700 0.087300 0.086900 0.088100 0.000000 0.086800 0.086700 0.106900 0.107600 0.080400 0.099900 0.093600 0.080400 0.006500 0.092200 0.115000 0.094800 0.108200 0.110700 0.092900 0.092600
BlueSheep 0.012600 0.214200 0.077700 0.253900 0.031400 0.012700 0.051500 0.056500 0.057800 0.078500 0.006300 0.065200 0.038000 0.037600 0.064000 0.051300 0.070500 0.078300 0.052900 0.057800 0.050500 0.018900 0.058600 0.051300 0.012500 0.057200 0.018900 0.063900 0.051100 0.063900 0.064900 0.031500 0.051800 0.038200 0.038900 0.086800 0.000000 0.025200 0.056100 0.071200 0.045200 0.050200 0.057900 0.045200 0.079800 0.044000 0.051300 0.058400 0.044800 0.073400 0.057500 0.070600
BohorReedb 0.025600 0.231400 0.077700 0.254000 0.006100 0.025600 0.064700 0.056400 0.057700 0.078500 0.031400 0.065100 0.037400 0.051400 0.064000 0.051300 0.070400 0.078300 0.066600 0.057700 0.036700 0.044800 0.058600 0.051300 0.038400 0.057100 0.018900 0.063800 0.051000 0.063900 0.064900 0.045000 0.051700 0.038200 0.038900 0.086700 0.025200 0.000000 0.057300 0.071200 0.045100 0.050800 0.057900 0.045100 0.079800 0.043900 0.051300 0.058400 0.044300 0.073300 0.070800 0.070500
KirksDik 0.044900 0.264000 0.097300 0.278000 0.063800 0.044900 0.084300 0.049500 0.077200 0.098300 0.051100 0.084800 0.056000 0.069700 0.083300 0.057400 0.089700 0.084200 0.072800 0.077200 0.043600 0.064100 0.078200 0.070700 0.057700 0.062200 0.051000 0.083200 0.057100 0.083300 0.084500 0.064700 0.071200 0.057400 0.058400 0.106900 0.056100 0.057300 0.000000 0.077200 0.064600 0.056800 0.077300 0.064600 0.099900 0.048900 0.057400 0.064500 0.064000 0.093500 0.090300 0.090000
RoeDeer 0.058700 0.256200 0.084300 0.243400 0.077900 0.058700 0.085100 0.076000 0.077600 0.057800 0.065000 0.071700 0.071000 0.085000 0.084200 0.084900 0.090200 0.084600 0.101400 0.077600 0.070100 0.077900 0.038500 0.030900 0.058300 0.090500 0.051500 0.083600 0.070700 0.083700 0.044600 0.078700 0.058100 0.058000 0.072300 0.107600 0.071200 0.071200 0.077200 0.000000 0.025300 0.084100 0.038100 0.024700 0.100600 0.063400 0.084600 0.051900 0.078100 0.079900 0.090800 0.090600
WhiteLippe 0.032500 0.224000 0.058100 0.212000 0.051700 0.032500 0.058700 0.063600 0.051500 0.032000 0.038900 0.045500 0.045000 0.058600 0.058000 0.058500 0.064200 0.058400 0.074100 0.051500 0.057600 0.051700 0.012800 0.006200 0.045500 0.064400 0.025700 0.057600 0.044800 0.057700 0.018800 0.052300 0.032200 0.032100 0.045900 0.080400 0.045200 0.045100 0.064600 0.025300 0.000000 0.058000 0.012600 0.000000 0.073500 0.050900 0.071800 0.025800 0.065400 0.053100 0.064600 0.064400
ThomsonGaz 0.038400 0.246600 0.090500 0.269100 0.057300 0.038400 0.077600 0.056000 0.070500 0.091500 0.044600 0.078000 0.063700 0.064100 0.076700 0.012300 0.096700 0.091200 0.079800 0.070500 0.050100 0.057500 0.071500 0.064100 0.051100 0.018300 0.044500 0.076500 0.025000 0.076600 0.077700 0.057900 0.064600 0.050900 0.051800 0.099900 0.050200 0.050800 0.056800 0.084100 0.058000 0.000000 0.070700 0.058000 0.092900 0.056400 0.064100 0.071800 0.069600 0.086600 0.083600 0.083300
MuntiacusC 0.045400 0.239100 0.070800 0.227300 0.064500 0.045400 0.071600 0.076200 0.064300 0.031800 0.051700 0.058300 0.057700 0.071500 0.070800 0.071400 0.076800 0.071200 0.087400 0.064300 0.070300 0.064500 0.025500 0.018900 0.058300 0.077100 0.038400 0.070300 0.057500 0.070400 0.018900 0.065200 0.044900 0.044800 0.058800 0.093600 0.057900 0.057900 0.077300 0.038100 0.012600 0.070700 0.000000 0.012600 0.086600 0.063500 0.084700 0.038700 0.078300 0.066200 0.077300 0.077100
WhiteTaile 0.032500 0.224000 0.058100 0.212000 0.051700 0.032500 0.058700 0.063600 0.051500 0.031200 0.038900 0.045500 0.045000 0.058600 0.058000 0.058500 0.064200 0.058400 0.074100 0.051500 0.057600 0.051700 0.012800 0.006200 0.045500 0.064400 0.025700 0.057600 0.044800 0.057700 0.018800 0.052300 0.032200 0.032100 0.045900 0.080400 0.045200 0.045100 0.064600 0.024700 0.000000 0.058000 0.012600 0.000000 0.073500 0.050900 0.071800 0.025800 0.065400 0.053100 0.064600 0.064400
Cattle 0.067000 0.253700 0.093100 0.276900 0.086700 0.067000 0.108400 0.098300 0.072500 0.108400 0.073500 0.052600 0.093400 0.094000 0.107200 0.093900 0.113500 0.108000 0.111200 0.072500 0.092400 0.086700 0.087600 0.079700 0.080400 0.099600 0.073200 0.078700 0.093000 0.078800 0.094000 0.087600 0.080300 0.079900 0.081000 0.006500 0.079800 0.079800 0.099900 0.100600 0.073500 0.092900 0.086600 0.073500 0.000000 0.085300 0.107700 0.087800 0.101100 0.103400 0.086000 0.085700
RoyalAntel 0.031600 0.253300 0.083100 0.257800 0.050300 0.031200 0.070300 0.036600 0.063400 0.083900 0.037800 0.070700 0.055900 0.057100 0.063100 0.056900 0.089200 0.083700 0.072300 0.063400 0.043300 0.037600 0.064200 0.057000 0.043300 0.062700 0.037700 0.069400 0.056700 0.069500 0.070400 0.050900 0.057500 0.044000 0.044800 0.092200 0.044000 0.043900 0.048900 0.063400 0.050900 0.056400 0.063500 0.050900 0.085300 0.000000 0.057000 0.064000 0.050500 0.079000 0.076300 0.076100
Steenbok 0.052000 0.266200 0.104900 0.270600 0.057800 0.052000 0.092100 0.056500 0.084400 0.106000 0.058400 0.092300 0.051100 0.078300 0.091100 0.064700 0.097200 0.105700 0.080300 0.084400 0.063700 0.057800 0.085700 0.077900 0.051700 0.070500 0.044900 0.090400 0.064100 0.090600 0.092000 0.072100 0.078600 0.064700 0.065700 0.115000 0.051300 0.051300 0.057400 0.084600 0.071800 0.064100 0.084700 0.071800 0.107700 0.057000 0.000000 0.072100 0.071400 0.101300 0.097700 0.097400
Impala 0.044900 0.261000 0.071700 0.247800 0.065100 0.045800 0.072200 0.076800 0.065100 0.058900 0.051800 0.059100 0.044900 0.072100 0.071400 0.072000 0.084700 0.079000 0.074300 0.065100 0.070900 0.065400 0.039100 0.032100 0.058800 0.077800 0.038400 0.071200 0.058200 0.071300 0.045500 0.065800 0.059000 0.045200 0.059600 0.094800 0.058400 0.058400 0.064500 0.051900 0.025800 0.071800 0.038700 0.025800 0.087800 0.064000 0.072100 0.000000 0.078900 0.081200 0.078300 0.078100
Klipspring 0.045400 0.258600 0.098500 0.281400 0.051200 0.045400 0.085300 0.063000 0.078100 0.099500 0.051700 0.085800 0.057700 0.071600 0.084300 0.071400 0.090800 0.099200 0.087800 0.078100 0.055500 0.064900 0.079200 0.071500 0.058400 0.077200 0.038400 0.084100 0.071100 0.084200 0.085500 0.065300 0.072100 0.058000 0.059200 0.108200 0.044800 0.044300 0.064000 0.078100 0.065400 0.069600 0.078300 0.065400 0.101100 0.050500 0.071400 0.078900 0.000000 0.094700 0.091400 0.091100
ForestMusk 0.060500 0.247100 0.100800 0.251400 0.080200 0.060500 0.087800 0.092100 0.079900 0.087500 0.067000 0.087700 0.087000 0.073600 0.100700 0.087500 0.092500 0.086500 0.104600 0.079900 0.086100 0.080300 0.067000 0.059400 0.073900 0.093200 0.066700 0.086100 0.086600 0.086200 0.073400 0.067200 0.059600 0.059700 0.060600 0.110700 0.073400 0.073300 0.093500 0.079900 0.053100 0.086600 0.066200 0.053100 0.103400 0.079000 0.101300 0.081200 0.094700 0.000000 0.093500 0.093200
Bushbuck 0.058300 0.273500 0.031200 0.269500 0.077400 0.058300 0.084500 0.089000 0.012300 0.091300 0.051300 0.071300 0.083900 0.070900 0.097300 0.084400 0.103500 0.091300 0.100800 0.012300 0.083200 0.064000 0.078200 0.070700 0.057900 0.090000 0.064400 0.018200 0.083600 0.018500 0.084500 0.064700 0.071200 0.070900 0.071900 0.092900 0.057500 0.070800 0.090300 0.090800 0.064600 0.083600 0.077300 0.064600 0.086000 0.076300 0.097700 0.078300 0.091400 0.093500 0.000000 0.024300
GreaterKud 0.058100 0.272300 0.031100 0.268300 0.077200 0.058100 0.098000 0.088700 0.012200 0.098000 0.064400 0.071000 0.083600 0.084200 0.097000 0.084100 0.089600 0.077500 0.086400 0.012200 0.082900 0.063900 0.078000 0.070400 0.071000 0.089700 0.064200 0.018300 0.083400 0.018400 0.084200 0.078000 0.071000 0.070700 0.071600 0.092600 0.070600 0.070500 0.090000 0.090600 0.064400 0.083300 0.077100 0.064400 0.085700 0.076100 0.097400 0.078100 0.091100 0.093200 0.024300 0.000000
