1
52 1
Argali 0.000000 0.345000 0.066600 0.130700 0.063100 0.000000 0.084200 0.064500 0.043200 0.090600 0.020700 0.136900 0.063600 0.064300 0.064400 0.087200 0.116200 0.113700 0.043100 0.065800 0.065600 0.043100 0.066500 0.066500 0.020700 0.089400 0.063600 0.065700 0.043000 0.042700 0.089200 0.065000 0.088200 0.063200 0.042400 0.064300 0.042100 0.021100 0.112200 0.110900 0.066500 0.065500 0.090600 0.066500 0.108000 0.042400 0.063600 0.111200 0.042400 0.116600 0.087600 0.112500
LesserMous 0.345000 0.000000 0.240300 0.444900 0.375900 0.345000 0.407700 0.387300 0.275600 0.243000 0.310600 0.307000 0.372600 0.395000 0.387900 0.432000 0.326400 0.320600 0.276800 0.315500 0.397300 0.361700 0.241800 0.241800 0.310600 0.446900 0.372600 0.315500 0.350400 0.272300 0.274000 0.398500 0.271600 0.371900 0.348900 0.304200 0.345600 0.310600 0.401600 0.307000 0.241800 0.389500 0.243000 0.241800 0.373400 0.345000 0.378100 0.392300 0.345900 0.247000 0.351000 0.313200
LesserKudu 0.066600 0.240300 0.000000 0.186000 0.088400 0.066600 0.110400 0.090300 0.022000 0.045300 0.043200 0.091300 0.088700 0.090400 0.090200 0.115500 0.095100 0.093100 0.068200 0.044600 0.092000 0.068200 0.045300 0.045300 0.044200 0.117900 0.088700 0.044600 0.067700 0.021800 0.068100 0.091100 0.067500 0.088200 0.066800 0.043700 0.066300 0.044200 0.142800 0.090500 0.045300 0.091800 0.045300 0.045300 0.087700 0.066600 0.089000 0.090100 0.066600 0.095200 0.066900 0.044300
KillerWhal 0.130700 0.444900 0.186000 0.000000 0.202400 0.130700 0.174200 0.207100 0.157800 0.160200 0.156700 0.208000 0.202900 0.155000 0.206500 0.236400 0.188000 0.184200 0.184300 0.182900 0.210900 0.184100 0.134100 0.134100 0.156700 0.240500 0.202900 0.182900 0.183300 0.156200 0.108800 0.208500 0.107900 0.202100 0.180700 0.179600 0.179700 0.156700 0.265800 0.179800 0.134100 0.210200 0.160200 0.134100 0.175500 0.180400 0.203700 0.234100 0.130800 0.188000 0.206600 0.236800
DefassaWat 0.063100 0.375900 0.088400 0.202400 0.000000 0.063100 0.104800 0.041500 0.064500 0.113000 0.041900 0.159700 0.083800 0.085400 0.085400 0.109400 0.139300 0.136400 0.064400 0.087100 0.087100 0.064300 0.088300 0.088300 0.040600 0.111400 0.084200 0.087100 0.064100 0.063800 0.111000 0.086100 0.110000 0.083800 0.063200 0.085500 0.020300 0.040700 0.134200 0.085500 0.088300 0.086900 0.113000 0.088300 0.083300 0.063100 0.084300 0.085300 0.063100 0.139300 0.063200 0.134500
Sheep 0.000000 0.345000 0.066600 0.130700 0.063100 0.000000 0.084200 0.064500 0.043200 0.090100 0.021100 0.136900 0.063600 0.064300 0.064400 0.087900 0.114900 0.113800 0.043100 0.065700 0.065600 0.043100 0.066500 0.066500 0.021100 0.089400 0.063600 0.065700 0.043000 0.042700 0.089100 0.065000 0.088200 0.063200 0.042400 0.064300 0.042100 0.020600 0.112200 0.110900 0.066500 0.065500 0.090600 0.066500 0.107800 0.042400 0.063600 0.111200 0.042400 0.116600 0.087600 0.112500
MaxwellsDu 0.084200 0.407700 0.110400 0.174200 0.104800 0.084200 0.000000 0.107100 0.085900 0.135500 0.062800 0.182400 0.105300 0.106700 0.061600 0.131400 0.162300 0.159000 0.085800 0.108800 0.108900 0.085300 0.110300 0.110300 0.062800 0.133600 0.105300 0.108800 0.085500 0.085000 0.085900 0.107700 0.132000 0.104900 0.084300 0.106900 0.083800 0.062800 0.156400 0.155100 0.110300 0.108700 0.135500 0.110300 0.104400 0.084200 0.105500 0.155200 0.040900 0.162500 0.130800 0.157000
GazellaPrz 0.064500 0.387300 0.090300 0.207100 0.041500 0.064500 0.107100 0.000000 0.065800 0.115400 0.042700 0.163300 0.086000 0.087200 0.087300 0.063200 0.142400 0.139400 0.065800 0.089000 0.041900 0.065700 0.090300 0.090300 0.042700 0.064300 0.086000 0.089000 0.020600 0.065200 0.113400 0.088000 0.112400 0.085600 0.064600 0.087300 0.020700 0.042700 0.137100 0.087300 0.090300 0.041900 0.115400 0.090300 0.085000 0.064500 0.086200 0.087200 0.064500 0.142500 0.064600 0.137600
MountainNy 0.043200 0.275600 0.022000 0.157800 0.064500 0.043200 0.085900 0.065800 0.000000 0.044900 0.021500 0.090400 0.064800 0.065800 0.065800 0.089800 0.069100 0.067600 0.044200 0.021400 0.067100 0.044100 0.022200 0.021700 0.021000 0.091500 0.064800 0.021300 0.043900 0.000100 0.044100 0.066400 0.043700 0.064400 0.043300 0.021200 0.042200 0.021500 0.115200 0.065800 0.021600 0.066900 0.044900 0.022000 0.064000 0.043200 0.064900 0.065700 0.043200 0.069100 0.043300 0.066800
MuntiacusM 0.090600 0.243000 0.045300 0.160200 0.113000 0.090100 0.135500 0.115400 0.044900 0.000000 0.067400 0.066800 0.113200 0.115800 0.115300 0.141800 0.070300 0.068900 0.093000 0.068300 0.117700 0.092900 0.021600 0.021800 0.067700 0.144900 0.113200 0.068300 0.092200 0.044400 0.044700 0.116500 0.044400 0.112600 0.091000 0.066900 0.090300 0.067700 0.171000 0.067000 0.022300 0.117200 0.000000 0.022000 0.112100 0.090600 0.113600 0.115200 0.090700 0.070300 0.091200 0.091900
goat 0.020700 0.310600 0.043200 0.156700 0.041900 0.021100 0.062800 0.042700 0.021500 0.067400 0.000000 0.113700 0.041400 0.041700 0.042700 0.065600 0.092600 0.090700 0.021500 0.043600 0.043500 0.021500 0.044200 0.044200 0.000000 0.066800 0.042100 0.043600 0.020800 0.021300 0.066600 0.043100 0.065900 0.041900 0.021100 0.042700 0.020900 0.000000 0.089400 0.088300 0.044300 0.043500 0.067700 0.044200 0.085900 0.021100 0.042200 0.088300 0.020900 0.092800 0.065400 0.089600
AfricanBuf 0.136900 0.307000 0.091300 0.208000 0.159700 0.136900 0.182400 0.163300 0.090400 0.066800 0.113700 0.000000 0.159700 0.163500 0.162800 0.190800 0.118200 0.114700 0.140700 0.114600 0.166400 0.140600 0.067500 0.067500 0.113700 0.194900 0.159700 0.114600 0.139400 0.089400 0.090100 0.164500 0.089600 0.159000 0.137700 0.064700 0.136800 0.113700 0.164300 0.112800 0.067900 0.165400 0.066800 0.067500 0.108300 0.136900 0.109600 0.162700 0.137100 0.118100 0.137900 0.139000
Topi 0.063600 0.372600 0.088700 0.202900 0.083800 0.063600 0.105300 0.086000 0.064800 0.113200 0.041400 0.159700 0.000000 0.085700 0.085900 0.110000 0.115300 0.136500 0.064300 0.087500 0.087500 0.064700 0.088700 0.088700 0.042000 0.111800 0.000000 0.087500 0.064500 0.064100 0.111500 0.086600 0.110300 0.040700 0.063600 0.085800 0.063200 0.041200 0.134500 0.133200 0.088700 0.087500 0.113200 0.088700 0.129700 0.063600 0.084900 0.133500 0.063600 0.139700 0.109400 0.134900
CommonDuik 0.064300 0.395000 0.090400 0.155000 0.085400 0.064300 0.106700 0.087200 0.065800 0.115800 0.041700 0.163500 0.085700 0.000000 0.087100 0.111000 0.091700 0.089800 0.065700 0.089000 0.088800 0.065700 0.090300 0.090300 0.041600 0.113600 0.085700 0.089000 0.065300 0.065100 0.113200 0.041800 0.065300 0.084900 0.063800 0.087200 0.064000 0.042700 0.137200 0.135900 0.090300 0.088600 0.115600 0.089800 0.131800 0.064300 0.085900 0.135500 0.064300 0.142700 0.111400 0.137700
Suni 0.064400 0.387900 0.090200 0.206500 0.085400 0.064400 0.061600 0.087300 0.065800 0.115300 0.042700 0.162800 0.085900 0.087100 0.000000 0.111600 0.142100 0.139100 0.065700 0.089000 0.088800 0.065700 0.090100 0.090200 0.042700 0.113600 0.085900 0.089000 0.065400 0.065100 0.113400 0.088000 0.112200 0.085700 0.064500 0.087200 0.064100 0.042700 0.136900 0.135600 0.090200 0.088600 0.115300 0.090200 0.131800 0.064400 0.086100 0.086700 0.064500 0.142400 0.111300 0.137400
Springbuck 0.087200 0.432000 0.115500 0.236400 0.109400 0.087900 0.131400 0.063200 0.089800 0.141800 0.065600 0.190800 0.110000 0.111000 0.111600 0.000000 0.170000 0.166400 0.089700 0.113700 0.064300 0.089600 0.115400 0.115400 0.065600 0.041400 0.109900 0.113700 0.042100 0.088800 0.139300 0.112500 0.138600 0.109400 0.088000 0.111600 0.087500 0.065600 0.163600 0.162200 0.115400 0.020900 0.141800 0.115400 0.157600 0.087900 0.110200 0.162200 0.088000 0.170100 0.136700 0.164100
Okapi 0.116200 0.326400 0.095100 0.188000 0.139300 0.114900 0.162300 0.142400 0.069100 0.070300 0.092600 0.118200 0.115300 0.091700 0.142100 0.170000 0.000000 0.045600 0.119400 0.093500 0.145200 0.119300 0.045800 0.045800 0.092600 0.173700 0.115300 0.093500 0.118300 0.068300 0.068900 0.092400 0.068400 0.138700 0.116900 0.091600 0.116000 0.092600 0.200700 0.091700 0.045800 0.144500 0.070300 0.045800 0.138200 0.116500 0.140000 0.141900 0.116400 0.096200 0.117000 0.144900
Giraffe 0.113700 0.320600 0.093100 0.184200 0.136400 0.113800 0.159000 0.139400 0.067600 0.068900 0.090700 0.114700 0.136500 0.089800 0.139100 0.166400 0.045600 0.000000 0.117000 0.091500 0.142100 0.116800 0.044900 0.044900 0.090700 0.170100 0.136500 0.091500 0.115800 0.066900 0.067400 0.090400 0.067000 0.135600 0.114400 0.089700 0.113600 0.090700 0.196800 0.043300 0.044900 0.141400 0.068900 0.044900 0.135400 0.113800 0.137100 0.139000 0.113900 0.094200 0.114600 0.090900
TibetanAnt 0.043100 0.276800 0.068200 0.184300 0.064400 0.043100 0.085800 0.065800 0.044200 0.093000 0.021500 0.140700 0.064300 0.065700 0.065700 0.089700 0.119400 0.117000 0.000000 0.067200 0.067000 0.044100 0.068200 0.068200 0.021500 0.091400 0.064700 0.067200 0.043800 0.043700 0.091300 0.066300 0.090500 0.064300 0.043300 0.065800 0.042900 0.021500 0.113900 0.113800 0.068200 0.066800 0.093000 0.068200 0.110300 0.043100 0.064800 0.113500 0.043200 0.069300 0.089600 0.115400
Sitatunga 0.065800 0.315500 0.044600 0.182900 0.087100 0.065700 0.108800 0.089000 0.021400 0.068300 0.043600 0.114600 0.087500 0.089000 0.089000 0.113700 0.093500 0.091500 0.067200 0.000000 0.090700 0.067200 0.044600 0.044600 0.043600 0.115900 0.087500 0.000000 0.066700 0.021400 0.067100 0.089900 0.066500 0.087100 0.065800 0.042000 0.065400 0.043600 0.140300 0.088400 0.044600 0.090300 0.068300 0.044600 0.086500 0.065700 0.087700 0.088900 0.065800 0.093700 0.021400 0.043900
Oribi 0.065600 0.397300 0.092000 0.210900 0.087100 0.065600 0.108900 0.041900 0.067100 0.117700 0.043500 0.166400 0.087500 0.088800 0.088800 0.064300 0.145200 0.142100 0.067000 0.090700 0.000000 0.066900 0.092000 0.092000 0.043500 0.065500 0.087500 0.090700 0.021000 0.066400 0.115500 0.089600 0.114500 0.087100 0.065800 0.088900 0.065300 0.043500 0.139800 0.138500 0.092000 0.042600 0.117700 0.092000 0.134500 0.065600 0.087700 0.138100 0.065600 0.145200 0.113500 0.140200
BarbaryShe 0.043100 0.361700 0.068200 0.184100 0.064300 0.043100 0.085300 0.065700 0.044100 0.092900 0.021500 0.140600 0.064700 0.065700 0.065700 0.089600 0.119300 0.116800 0.044100 0.067200 0.066900 0.000000 0.067600 0.068100 0.021000 0.091400 0.064700 0.067200 0.043800 0.043700 0.091200 0.066300 0.090400 0.064300 0.043200 0.065700 0.042500 0.021100 0.114900 0.113700 0.068100 0.066800 0.092900 0.068100 0.110200 0.043100 0.064800 0.113400 0.043100 0.119500 0.089600 0.115300
Daviddeer 0.066500 0.241800 0.045300 0.134100 0.088300 0.066500 0.110300 0.090300 0.022200 0.021600 0.044200 0.067500 0.088700 0.090300 0.090100 0.115400 0.045800 0.044900 0.068200 0.044600 0.092000 0.067600 0.000000 0.000000 0.044200 0.117800 0.088700 0.044600 0.067600 0.021700 0.021900 0.091100 0.021400 0.088200 0.066800 0.043600 0.066300 0.044200 0.142600 0.043700 0.000000 0.091700 0.022300 0.000000 0.087600 0.066500 0.088900 0.090000 0.066600 0.045800 0.066900 0.091800
Reindeer 0.066500 0.241800 0.045300 0.134100 0.088300 0.066500 0.110300 0.090300 0.021700 0.021800 0.044200 0.067500 0.088700 0.090300 0.090200 0.115400 0.045800 0.044900 0.068200 0.044600 0.092000 0.068100 0.000000 0.000000 0.044200 0.117800 0.088700 0.044600 0.067600 0.021700 0.021900 0.091100 0.021700 0.088200 0.066800 0.043600 0.066300 0.044100 0.142600 0.043700 0.000000 0.091700 0.021900 0.000000 0.088000 0.066500 0.088900 0.090000 0.066600 0.045800 0.066800 0.091800
Ibex 0.020700 0.310600 0.044200 0.156700 0.040600 0.021100 0.062800 0.042700 0.021000 0.067700 0.000000 0.113700 0.042000 0.041600 0.042700 0.065600 0.092600 0.090700 0.021500 0.043600 0.043500 0.021000 0.044200 0.044200 0.000000 0.066800 0.042100 0.043600 0.020900 0.021300 0.066600 0.043100 0.065900 0.041900 0.020600 0.042700 0.020400 0.000000 0.089400 0.088300 0.044200 0.043500 0.067700 0.044200 0.085900 0.020700 0.042200 0.088300 0.020700 0.092800 0.065400 0.089600
GyrantGaze 0.089400 0.446900 0.117900 0.240500 0.111400 0.089400 0.133600 0.064300 0.091500 0.144900 0.066800 0.194900 0.111800 0.113600 0.113600 0.041400 0.173700 0.170100 0.091400 0.115900 0.065500 0.091400 0.117800 0.117800 0.066800 0.000000 0.111800 0.115900 0.042900 0.090600 0.142000 0.114600 0.140800 0.111200 0.089700 0.113700 0.089100 0.066800 0.167000 0.165600 0.117800 0.021200 0.144900 0.117800 0.160500 0.089400 0.112100 0.165000 0.089500 0.173600 0.138600 0.167300
Hartebeest 0.063600 0.372600 0.088700 0.202900 0.084200 0.063600 0.105300 0.086000 0.064800 0.113200 0.042100 0.159700 0.000000 0.085700 0.085900 0.109900 0.115300 0.136500 0.064700 0.087500 0.087500 0.064700 0.088700 0.088700 0.042100 0.111800 0.000000 0.087500 0.064500 0.064100 0.111500 0.087100 0.110300 0.040200 0.063600 0.085800 0.063200 0.042100 0.134500 0.133200 0.088700 0.087400 0.113200 0.088700 0.129200 0.063100 0.084900 0.133500 0.063600 0.139700 0.109400 0.134900
Bongo 0.065700 0.315500 0.044600 0.182900 0.087100 0.065700 0.108800 0.089000 0.021300 0.068300 0.043600 0.114600 0.087500 0.089000 0.089000 0.113700 0.093500 0.091500 0.067200 0.000000 0.090700 0.067200 0.044600 0.044600 0.043600 0.115900 0.087500 0.000000 0.066700 0.021400 0.067100 0.089900 0.066500 0.086600 0.065800 0.043000 0.065400 0.042200 0.140300 0.089000 0.044600 0.090300 0.068300 0.044600 0.086500 0.065700 0.087700 0.088900 0.065800 0.093700 0.020900 0.043500
Gerenuk 0.043000 0.350400 0.067700 0.183300 0.064100 0.043000 0.085500 0.020600 0.043900 0.092200 0.020800 0.139400 0.064500 0.065300 0.065400 0.042100 0.118300 0.115800 0.043800 0.066700 0.021000 0.043800 0.067600 0.067600 0.020900 0.042900 0.064500 0.066700 0.000000 0.043400 0.090600 0.066000 0.089700 0.064200 0.043100 0.065400 0.042700 0.020800 0.114100 0.112900 0.067600 0.021000 0.091800 0.067600 0.109800 0.043000 0.064600 0.112800 0.043000 0.118500 0.089000 0.114400
CommonElan 0.042700 0.272300 0.021800 0.156200 0.063800 0.042700 0.085000 0.065200 0.000100 0.044400 0.021300 0.089400 0.064100 0.065100 0.065100 0.088800 0.068300 0.066900 0.043700 0.021400 0.066400 0.043700 0.021700 0.021700 0.021300 0.090600 0.064100 0.021400 0.043400 0.000000 0.043600 0.065700 0.043200 0.063700 0.042900 0.021000 0.042500 0.021300 0.113900 0.065200 0.021700 0.066200 0.044400 0.021700 0.063300 0.042700 0.064200 0.065000 0.042800 0.068400 0.042900 0.066100
MuntiacusR 0.089200 0.274000 0.068100 0.108800 0.111000 0.089100 0.085900 0.113400 0.044100 0.044700 0.066600 0.090100 0.111500 0.113200 0.113400 0.139300 0.068900 0.067400 0.091300 0.067100 0.115500 0.091200 0.021900 0.021900 0.066600 0.142000 0.111500 0.067100 0.090600 0.043600 0.000000 0.114500 0.043600 0.110900 0.089500 0.065700 0.088900 0.066600 0.167200 0.065600 0.021900 0.115100 0.044700 0.021900 0.064000 0.089200 0.111800 0.113200 0.043200 0.068900 0.089200 0.115200
HarveysDui 0.065000 0.398500 0.091100 0.208500 0.086100 0.065000 0.107700 0.088000 0.066400 0.116500 0.043100 0.164500 0.086600 0.041800 0.088000 0.112500 0.092400 0.090400 0.066300 0.089900 0.089600 0.066300 0.091100 0.091100 0.043100 0.114600 0.087100 0.089900 0.066000 0.065700 0.114500 0.000000 0.113300 0.086200 0.065100 0.087900 0.064600 0.043100 0.138300 0.136900 0.091100 0.089400 0.116500 0.091100 0.133000 0.065000 0.086800 0.137000 0.065000 0.144000 0.112400 0.138900
Pronghorn 0.088200 0.271600 0.067500 0.107900 0.110000 0.088200 0.132000 0.112400 0.043700 0.044400 0.065900 0.089600 0.110300 0.065300 0.112200 0.138600 0.068400 0.067000 0.090500 0.066500 0.114500 0.090400 0.021400 0.021700 0.065900 0.140800 0.110300 0.066500 0.089700 0.043200 0.043600 0.113300 0.000000 0.109700 0.088600 0.065200 0.088000 0.065900 0.165900 0.065200 0.021700 0.114100 0.044400 0.021500 0.108900 0.088200 0.110600 0.112100 0.088300 0.068400 0.088700 0.114200
BlueWildeb 0.063200 0.371900 0.088200 0.202100 0.083800 0.063200 0.104900 0.085600 0.064400 0.112600 0.041900 0.159000 0.040700 0.084900 0.085700 0.109400 0.138700 0.135600 0.064300 0.087100 0.087100 0.064300 0.088200 0.088200 0.041900 0.111200 0.040200 0.086600 0.064200 0.063700 0.110900 0.086200 0.109700 0.000000 0.063300 0.085400 0.062800 0.041700 0.133900 0.132600 0.088200 0.086900 0.112600 0.088200 0.129200 0.063200 0.084400 0.132800 0.063200 0.139000 0.109000 0.133200
Gemsbok 0.042400 0.348900 0.066800 0.180700 0.063200 0.042400 0.084300 0.064600 0.043300 0.091000 0.021100 0.137700 0.063600 0.063800 0.064500 0.088000 0.116900 0.114400 0.043300 0.065800 0.065800 0.043200 0.066800 0.066800 0.020600 0.089700 0.063600 0.065800 0.043100 0.042900 0.089500 0.065100 0.088600 0.063300 0.000000 0.064600 0.042200 0.021100 0.112600 0.111400 0.066800 0.065600 0.091000 0.066800 0.108300 0.042400 0.063700 0.111400 0.042400 0.117100 0.087800 0.112900
Yak 0.064300 0.304200 0.043700 0.179600 0.085500 0.064300 0.106900 0.087300 0.021200 0.066900 0.042700 0.064700 0.085800 0.087200 0.087200 0.111600 0.091600 0.089700 0.065800 0.042000 0.088900 0.065700 0.043600 0.043600 0.042700 0.113700 0.085800 0.043000 0.065400 0.021000 0.065700 0.087900 0.065200 0.085400 0.064600 0.000000 0.064100 0.042500 0.137400 0.087400 0.043600 0.088700 0.066900 0.043600 0.040800 0.064300 0.086000 0.087000 0.064400 0.091500 0.064600 0.088500
BlueSheep 0.042100 0.345600 0.066300 0.179700 0.020300 0.042100 0.083800 0.020700 0.042200 0.090300 0.020900 0.136800 0.063200 0.064000 0.064100 0.087500 0.116000 0.113600 0.042900 0.065400 0.065300 0.042500 0.066300 0.066300 0.020400 0.089100 0.063200 0.065400 0.042700 0.042500 0.088900 0.064600 0.088000 0.062800 0.042200 0.064100 0.000000 0.020900 0.111800 0.064100 0.066300 0.065200 0.090300 0.066300 0.062400 0.042100 0.063300 0.064000 0.042100 0.116200 0.042200 0.112200
BohorReedb 0.021100 0.310600 0.044200 0.156700 0.040700 0.020600 0.062800 0.042700 0.021500 0.067700 0.000000 0.113700 0.041200 0.042700 0.042700 0.065600 0.092600 0.090700 0.021500 0.043600 0.043500 0.021100 0.044200 0.044100 0.000000 0.066800 0.042100 0.042200 0.020800 0.021300 0.066600 0.043100 0.065900 0.041700 0.021100 0.042500 0.020900 0.000000 0.089400 0.088300 0.044200 0.043500 0.067700 0.044200 0.085900 0.020700 0.042200 0.088300 0.021100 0.092800 0.065400 0.089600
KirksDik 0.112200 0.401600 0.142800 0.265800 0.134200 0.112200 0.156400 0.137100 0.115200 0.171000 0.089400 0.164300 0.134500 0.137200 0.136900 0.163600 0.200700 0.196800 0.113900 0.140300 0.139800 0.114900 0.142600 0.142600 0.089400 0.167000 0.134500 0.140300 0.114100 0.113900 0.167200 0.138300 0.165900 0.133900 0.112600 0.137400 0.111800 0.089400 0.000000 0.191200 0.142600 0.139200 0.171000 0.142600 0.184700 0.112400 0.041800 0.190200 0.112300 0.201200 0.164000 0.193800
RoeDeer 0.110900 0.307000 0.090500 0.179800 0.085500 0.110900 0.155100 0.087300 0.065800 0.067000 0.088300 0.112800 0.133200 0.135900 0.135600 0.162200 0.091700 0.043300 0.113800 0.088400 0.138500 0.113700 0.043700 0.043700 0.088300 0.165600 0.133200 0.089000 0.112900 0.065200 0.065600 0.136900 0.065200 0.132600 0.111400 0.087400 0.064100 0.088300 0.191200 0.000000 0.043700 0.137600 0.067000 0.043700 0.084900 0.110900 0.133700 0.086900 0.111000 0.091600 0.064600 0.088400
WhiteLippe 0.066500 0.241800 0.045300 0.134100 0.088300 0.066500 0.110300 0.090300 0.021600 0.022300 0.044300 0.067900 0.088700 0.090300 0.090200 0.115400 0.045800 0.044900 0.068200 0.044600 0.092000 0.068100 0.000000 0.000000 0.044200 0.117800 0.088700 0.044600 0.067600 0.021700 0.021900 0.091100 0.021700 0.088200 0.066800 0.043600 0.066300 0.044200 0.142600 0.043700 0.000000 0.091700 0.022300 0.000000 0.088200 0.066500 0.088900 0.090000 0.066600 0.045800 0.066800 0.091800
ThomsonGaz 0.065500 0.389500 0.091800 0.210200 0.086900 0.065500 0.108700 0.041900 0.066900 0.117200 0.043500 0.165400 0.087500 0.088600 0.088600 0.020900 0.144500 0.141400 0.066800 0.090300 0.042600 0.066800 0.091700 0.091700 0.043500 0.021200 0.087400 0.090300 0.021000 0.066200 0.115100 0.089400 0.114100 0.086900 0.065600 0.088700 0.065200 0.043500 0.139200 0.137600 0.091700 0.000000 0.117200 0.091700 0.133900 0.065500 0.087500 0.137600 0.065500 0.144400 0.113000 0.139400
MuntiacusC 0.090600 0.243000 0.045300 0.160200 0.113000 0.090600 0.135500 0.115400 0.044900 0.000000 0.067700 0.066800 0.113200 0.115600 0.115300 0.141800 0.070300 0.068900 0.093000 0.068300 0.117700 0.092900 0.022300 0.021900 0.067700 0.144900 0.113200 0.068300 0.091800 0.044400 0.044700 0.116500 0.044400 0.112600 0.091000 0.066900 0.090300 0.067700 0.171000 0.067000 0.022300 0.117200 0.000000 0.022300 0.112100 0.090600 0.113600 0.115200 0.090700 0.070300 0.091200 0.091900
WhiteTaile 0.066500 0.241800 0.045300 0.134100 0.088300 0.066500 0.110300 0.090300 0.022000 0.022000 0.044200 0.067500 0.088700 0.089800 0.090200 0.115400 0.045800 0.044900 0.068200 0.044600 0.092000 0.068100 0.000000 0.000000 0.044200 0.117800 0.088700 0.044600 0.067600 0.021700 0.021900 0.091100 0.021500 0.088200 0.066800 0.043600 0.066300 0.044200 0.142600 0.043700 0.000000 0.091700 0.022300 0.000000 0.087700 0.066500 0.088900 0.090000 0.066600 0.045800 0.066800 0.091800
Cattle 0.108000 0.373400 0.087700 0.175500 0.083300 0.107800 0.104400 0.085000 0.064000 0.112100 0.085900 0.108300 0.129700 0.131800 0.131800 0.157600 0.138200 0.135400 0.110300 0.086500 0.134500 0.110200 0.087600 0.088000 0.085900 0.160500 0.129200 0.086500 0.109800 0.063300 0.064000 0.133000 0.108900 0.129200 0.108300 0.040800 0.062400 0.085900 0.184700 0.084900 0.088200 0.133900 0.112100 0.087700 0.000000 0.108000 0.130100 0.084700 0.062800 0.138200 0.062800 0.133700
RoyalAntel 0.042400 0.345000 0.066600 0.180400 0.063100 0.042400 0.084200 0.064500 0.043200 0.090600 0.021100 0.136900 0.063600 0.064300 0.064400 0.087900 0.116500 0.113800 0.043100 0.065700 0.065600 0.043100 0.066500 0.066500 0.020700 0.089400 0.063100 0.065700 0.043000 0.042700 0.089200 0.065000 0.088200 0.063200 0.042400 0.064300 0.042100 0.020700 0.112400 0.110900 0.066500 0.065500 0.090600 0.066500 0.108000 0.000000 0.063600 0.064500 0.042600 0.116600 0.087600 0.112100
Steenbok 0.063600 0.378100 0.089000 0.203700 0.084300 0.063600 0.105500 0.086200 0.064900 0.113600 0.042200 0.109600 0.084900 0.085900 0.086100 0.110200 0.140000 0.137100 0.064800 0.087700 0.087700 0.064800 0.088900 0.088900 0.042200 0.112100 0.084900 0.087700 0.064600 0.064200 0.111800 0.086800 0.110600 0.084400 0.063700 0.086000 0.063300 0.042200 0.041800 0.133700 0.088900 0.087500 0.113600 0.088900 0.130100 0.063600 0.000000 0.133800 0.063700 0.140300 0.109700 0.135400
Impala 0.111200 0.392300 0.090100 0.234100 0.085300 0.111200 0.155200 0.087200 0.065700 0.115200 0.088300 0.162700 0.133500 0.135500 0.086700 0.162200 0.141900 0.139000 0.113500 0.088900 0.138100 0.113400 0.090000 0.090000 0.088300 0.165000 0.133500 0.088900 0.112800 0.065000 0.113200 0.137000 0.112100 0.132800 0.111400 0.087000 0.064000 0.088300 0.190200 0.086900 0.090000 0.137600 0.115200 0.090000 0.084700 0.064500 0.133800 0.000000 0.111300 0.142400 0.064400 0.137400
Klipspring 0.042400 0.345900 0.066600 0.130800 0.063100 0.042400 0.040900 0.064500 0.043200 0.090700 0.020900 0.137100 0.063600 0.064300 0.064500 0.088000 0.116400 0.113900 0.043200 0.065800 0.065600 0.043100 0.066600 0.066600 0.020700 0.089500 0.063600 0.065800 0.043000 0.042800 0.043200 0.065000 0.088300 0.063200 0.042400 0.064400 0.042100 0.021100 0.112300 0.111000 0.066600 0.065500 0.090700 0.066600 0.062800 0.042600 0.063700 0.111300 0.000000 0.116700 0.087700 0.112700
ForestMusk 0.116600 0.247000 0.095200 0.188000 0.139300 0.116600 0.162500 0.142500 0.069100 0.070300 0.092800 0.118100 0.139700 0.142700 0.142400 0.170100 0.096200 0.094200 0.069300 0.093700 0.145200 0.119500 0.045800 0.045800 0.092800 0.173600 0.139700 0.093700 0.118500 0.068400 0.068900 0.144000 0.068400 0.139000 0.117100 0.091500 0.116200 0.092800 0.201200 0.091600 0.045800 0.144400 0.070300 0.045800 0.138200 0.116600 0.140300 0.142400 0.116700 0.000000 0.117200 0.145300
Bushbuck 0.087600 0.351000 0.066900 0.206600 0.063200 0.087600 0.130800 0.064600 0.043300 0.091200 0.065400 0.137900 0.109400 0.111400 0.111300 0.136700 0.117000 0.114600 0.089600 0.021400 0.113500 0.089600 0.066900 0.066800 0.065400 0.138600 0.109400 0.020900 0.089000 0.042900 0.089200 0.112400 0.088700 0.109000 0.087800 0.064600 0.042200 0.065400 0.164000 0.064600 0.066800 0.113000 0.091200 0.066800 0.062800 0.087600 0.109700 0.064400 0.087700 0.117200 0.000000 0.065800
GreaterKud 0.112500 0.313200 0.044300 0.236800 0.134500 0.112500 0.157000 0.137600 0.066800 0.091900 0.089600 0.139000 0.134900 0.137700 0.137400 0.164100 0.144900 0.090900 0.115400 0.043900 0.140200 0.115300 0.091800 0.091800 0.089600 0.167300 0.134900 0.043500 0.114400 0.066100 0.115200 0.138900 0.114200 0.133200 0.112900 0.088500 0.112200 0.089600 0.193800 0.088400 0.091800 0.139400 0.091900 0.091800 0.133700 0.112100 0.135400 0.137400 0.112700 0.145300 0.065800 0.000000
