1
52 1
Argali 0.000000 0.289400 0.100300 0.223000 0.076700 0.000000 0.102400 0.099500 0.075100 0.107700 0.049000 0.049800 0.037300 0.051100 0.145600 0.063300 0.089600 0.102400 0.060100 0.075100 0.063700 0.012200 0.105900 0.106400 0.024500 0.075900 0.025000 0.087600 0.049600 0.075000 0.122200 0.063100 0.098100 0.012300 0.025000 0.061500 0.024500 0.088000 0.059700 0.110000 0.093000 0.062900 0.107000 0.079600 0.061500 0.049200 0.086100 0.050100 0.076200 0.088000 0.162700 0.075100
LesserMous 0.289400 0.000000 0.241700 0.246600 0.281600 0.289500 0.281300 0.265400 0.197800 0.312600 0.310500 0.211800 0.293300 0.251800 0.375400 0.264200 0.284000 0.260000 0.283900 0.210300 0.242700 0.262500 0.305500 0.306800 0.278300 0.242500 0.279500 0.225500 0.262200 0.210200 0.313300 0.264000 0.288100 0.258800 0.283300 0.224600 0.278300 0.292800 0.253400 0.341900 0.290700 0.262100 0.290900 0.255900 0.224600 0.247100 0.252200 0.232600 0.259200 0.294300 0.308200 0.197800
LesserKudu 0.100300 0.241700 0.000000 0.286000 0.102500 0.100300 0.101900 0.098500 0.024000 0.120600 0.100000 0.049400 0.115500 0.077000 0.203000 0.089000 0.109500 0.087800 0.110600 0.024000 0.089400 0.088300 0.118900 0.133800 0.101200 0.101900 0.103200 0.011800 0.101600 0.024000 0.135500 0.088800 0.097600 0.088700 0.103000 0.057300 0.101200 0.087100 0.085200 0.152600 0.105900 0.088700 0.119900 0.106500 0.057300 0.074200 0.085200 0.070100 0.062600 0.087500 0.131400 0.024000
KillerWhal 0.223000 0.246600 0.286000 0.000000 0.260500 0.223000 0.292400 0.280000 0.251100 0.269900 0.287600 0.225500 0.276000 0.231000 0.348200 0.244100 0.240500 0.254800 0.262300 0.255700 0.224900 0.242500 0.264700 0.266000 0.257400 0.224800 0.263100 0.270300 0.193500 0.255200 0.306400 0.242800 0.275200 0.243400 0.262900 0.237400 0.257400 0.270500 0.235000 0.276000 0.250700 0.242600 0.285400 0.252000 0.237400 0.222700 0.265700 0.220000 0.260700 0.272200 0.370000 0.251100
DefassaWat 0.076700 0.281600 0.102500 0.260500 0.000000 0.076800 0.104700 0.101600 0.076800 0.110000 0.103200 0.050900 0.091500 0.052200 0.178000 0.064600 0.064600 0.077400 0.113800 0.076800 0.065000 0.064300 0.108200 0.108800 0.077300 0.077500 0.079000 0.089500 0.077300 0.076600 0.124900 0.064500 0.127200 0.064600 0.078900 0.062900 0.077300 0.037600 0.061300 0.127400 0.095000 0.064200 0.109300 0.081400 0.062900 0.050300 0.087800 0.051200 0.077800 0.089900 0.196400 0.076800
Sheep 0.000000 0.289500 0.100300 0.223000 0.076800 0.000000 0.102500 0.099500 0.075100 0.107700 0.049000 0.049800 0.037300 0.051100 0.145700 0.063300 0.089600 0.102400 0.060100 0.075100 0.063700 0.012200 0.105900 0.106400 0.024500 0.075900 0.025000 0.087600 0.049600 0.075000 0.122300 0.063100 0.098100 0.012300 0.025000 0.061500 0.024500 0.088000 0.059900 0.110000 0.093000 0.062900 0.107000 0.079600 0.061500 0.049300 0.086000 0.050100 0.076200 0.088100 0.162700 0.075100
MaxwellsDu 0.102400 0.281300 0.101900 0.292400 0.104700 0.102500 0.000000 0.100500 0.076100 0.138100 0.129700 0.050400 0.090500 0.051700 0.207500 0.090900 0.090800 0.076700 0.140000 0.076100 0.091300 0.090200 0.107200 0.079400 0.103400 0.076900 0.105500 0.088900 0.103600 0.076000 0.153600 0.063900 0.126200 0.090600 0.105200 0.036900 0.103400 0.144100 0.060700 0.156100 0.122700 0.063800 0.137200 0.108900 0.036900 0.075700 0.086900 0.076900 0.104500 0.076100 0.195400 0.076100
GazellaPrz 0.099500 0.265400 0.098500 0.280000 0.101600 0.099500 0.100500 0.000000 0.073700 0.133300 0.125700 0.048900 0.114300 0.076100 0.186700 0.074100 0.114500 0.100300 0.135700 0.073800 0.087200 0.087600 0.131300 0.131900 0.100300 0.099200 0.102300 0.086100 0.099000 0.073600 0.148100 0.087800 0.149000 0.087900 0.102200 0.060400 0.100300 0.139400 0.083400 0.150800 0.118500 0.086500 0.132500 0.105200 0.060400 0.073500 0.083200 0.074700 0.101200 0.112600 0.174800 0.073700
MountainNy 0.075100 0.197800 0.024000 0.251100 0.076800 0.075100 0.076100 0.073700 0.000000 0.102800 0.101300 0.024700 0.089600 0.051200 0.175200 0.063400 0.067100 0.071300 0.085800 0.000100 0.063700 0.063000 0.102800 0.101900 0.075800 0.076100 0.077200 0.012000 0.075900 0.000000 0.121700 0.063300 0.098700 0.063200 0.077200 0.036600 0.075800 0.088300 0.060200 0.118300 0.089000 0.063100 0.105900 0.077400 0.036600 0.049400 0.060700 0.050100 0.063500 0.088500 0.104700 0.000000
MuntiacusM 0.107700 0.312600 0.120600 0.269900 0.110000 0.107700 0.138100 0.133300 0.102800 0.000000 0.135900 0.080300 0.124000 0.082500 0.217900 0.095200 0.094100 0.093400 0.146600 0.107600 0.095800 0.094800 0.026100 0.053400 0.108500 0.108700 0.111000 0.121100 0.108500 0.107500 0.026400 0.095000 0.157100 0.095200 0.081900 0.092500 0.108500 0.151100 0.091100 0.069500 0.013100 0.094700 0.012600 0.040200 0.092500 0.079300 0.118700 0.070800 0.094900 0.121800 0.235100 0.102800
goat 0.049000 0.310500 0.100000 0.287600 0.103200 0.049000 0.129700 0.125700 0.101300 0.135900 0.000000 0.075500 0.062600 0.077400 0.144400 0.089500 0.116500 0.129500 0.072500 0.101300 0.090000 0.037000 0.133800 0.134500 0.024200 0.102400 0.050400 0.087300 0.102100 0.101200 0.151100 0.089300 0.124200 0.037100 0.050400 0.087100 0.023300 0.114300 0.085700 0.153800 0.120700 0.089200 0.135100 0.107200 0.087100 0.074600 0.111700 0.075800 0.102800 0.087700 0.192100 0.101300
AfricanBuf 0.049800 0.211800 0.049400 0.225500 0.050900 0.049800 0.050400 0.048900 0.024700 0.080300 0.075500 0.000000 0.063700 0.025500 0.147100 0.037800 0.063900 0.050100 0.086400 0.024700 0.038000 0.037600 0.078800 0.079500 0.050300 0.050400 0.051300 0.037000 0.050200 0.024600 0.094600 0.037800 0.099400 0.037700 0.051200 0.012100 0.050300 0.089000 0.034700 0.096300 0.065800 0.037600 0.079900 0.052900 0.012100 0.024500 0.036200 0.024900 0.050600 0.062800 0.134900 0.024700
Topi 0.037300 0.293300 0.115500 0.276000 0.091500 0.037300 0.090500 0.114300 0.089600 0.124000 0.062600 0.063700 0.000000 0.065300 0.162500 0.077500 0.077400 0.090300 0.073600 0.089600 0.078000 0.025000 0.093400 0.093900 0.037500 0.063700 0.012600 0.102400 0.090200 0.089500 0.139100 0.077400 0.113000 0.025100 0.038200 0.049700 0.037500 0.130600 0.047400 0.141900 0.108700 0.050700 0.123200 0.095100 0.049700 0.062900 0.100400 0.063900 0.090900 0.076100 0.180200 0.089600
CommonDuik 0.051100 0.251800 0.077000 0.231000 0.052200 0.051100 0.051700 0.076100 0.051200 0.082500 0.077400 0.025500 0.065300 0.000000 0.151000 0.038700 0.065400 0.078500 0.088700 0.051200 0.038900 0.038600 0.081200 0.081600 0.051500 0.051600 0.052600 0.064000 0.051400 0.051100 0.097200 0.012700 0.101800 0.038700 0.052600 0.037700 0.051500 0.091300 0.035300 0.099000 0.067900 0.038500 0.082000 0.054300 0.037700 0.025200 0.062700 0.025500 0.051800 0.064300 0.168700 0.051200
Suni 0.145600 0.375400 0.203000 0.348200 0.178000 0.145700 0.207500 0.186700 0.175200 0.217900 0.144400 0.147100 0.162500 0.151000 0.000000 0.163300 0.192400 0.206600 0.169900 0.175100 0.164000 0.133100 0.214200 0.215300 0.117800 0.177000 0.149800 0.188800 0.176600 0.174800 0.235200 0.162700 0.228600 0.133700 0.149800 0.158600 0.117800 0.219800 0.157000 0.239600 0.200400 0.162800 0.216600 0.185800 0.158600 0.145400 0.155400 0.147800 0.178100 0.173100 0.075600 0.175200
Springbuck 0.063300 0.264200 0.089000 0.244100 0.064600 0.063300 0.090900 0.074100 0.063400 0.095200 0.089500 0.037800 0.077500 0.038700 0.163300 0.000000 0.077700 0.090700 0.100600 0.063400 0.050700 0.050900 0.093700 0.094200 0.063800 0.037300 0.065000 0.076100 0.037100 0.063300 0.109900 0.051000 0.113600 0.051100 0.065000 0.049800 0.063800 0.103200 0.047100 0.111900 0.080500 0.024700 0.094600 0.067100 0.049800 0.037400 0.048300 0.038100 0.064300 0.076500 0.181200 0.063400
Okapi 0.089600 0.284000 0.109500 0.240500 0.064600 0.089600 0.090800 0.114500 0.067100 0.094100 0.116500 0.063900 0.077400 0.065400 0.192400 0.077700 0.000000 0.037500 0.127000 0.075600 0.078100 0.077300 0.065300 0.065600 0.090400 0.063900 0.092100 0.088200 0.090400 0.075500 0.123000 0.077600 0.106200 0.077500 0.092200 0.049800 0.090400 0.103300 0.047600 0.110600 0.079700 0.050800 0.107600 0.080100 0.049800 0.063000 0.100600 0.053300 0.091000 0.076400 0.187000 0.067100
Giraffe 0.102400 0.260000 0.087800 0.254800 0.077400 0.102400 0.076700 0.100300 0.071300 0.093400 0.129500 0.050100 0.090300 0.078500 0.206600 0.090700 0.037500 0.000000 0.139700 0.076000 0.091100 0.090100 0.064500 0.078700 0.103300 0.076700 0.105300 0.088700 0.103400 0.075900 0.122100 0.090500 0.122600 0.090500 0.105200 0.036800 0.103300 0.116100 0.060600 0.124300 0.078700 0.063600 0.106800 0.093400 0.036800 0.075600 0.086800 0.065900 0.090000 0.089100 0.191000 0.071300
TibetanAnt 0.060100 0.283900 0.110600 0.262300 0.113800 0.060100 0.140000 0.135700 0.085800 0.146600 0.072500 0.086400 0.073600 0.088700 0.169900 0.100600 0.127000 0.139700 0.000000 0.085800 0.101100 0.048400 0.144400 0.145100 0.048300 0.113400 0.061700 0.098100 0.113000 0.085700 0.161600 0.074000 0.134300 0.048500 0.061700 0.097600 0.048300 0.124700 0.096000 0.164500 0.131600 0.100100 0.145800 0.118300 0.097600 0.085400 0.121900 0.086700 0.100600 0.122100 0.172400 0.085800
Sitatunga 0.075100 0.210300 0.024000 0.255700 0.076800 0.075100 0.076100 0.073800 0.000100 0.107600 0.101300 0.024700 0.089600 0.051200 0.175100 0.063400 0.075600 0.076000 0.085800 0.000000 0.063700 0.063000 0.106100 0.106600 0.075800 0.076100 0.077300 0.012000 0.075900 0.000000 0.122300 0.063300 0.098700 0.063200 0.077200 0.036600 0.075800 0.088300 0.060200 0.124400 0.093000 0.063100 0.107000 0.079700 0.036600 0.049400 0.060700 0.050100 0.063500 0.088500 0.104700 0.000100
Oribi 0.063700 0.242700 0.089400 0.224900 0.065000 0.063700 0.091300 0.087200 0.063700 0.095800 0.090000 0.038000 0.078000 0.038900 0.164000 0.050700 0.078100 0.091100 0.101100 0.063700 0.000000 0.051200 0.094200 0.094700 0.064200 0.063400 0.065400 0.076500 0.063200 0.063600 0.110500 0.051300 0.114100 0.051400 0.065400 0.050100 0.064200 0.103700 0.047800 0.112500 0.081000 0.050500 0.095200 0.067500 0.050100 0.037600 0.073900 0.038200 0.064700 0.076900 0.182000 0.063700
BarbaryShe 0.012200 0.262500 0.088300 0.242500 0.064300 0.012200 0.090200 0.087600 0.063000 0.094800 0.037000 0.037600 0.025000 0.038600 0.133100 0.050900 0.077300 0.090100 0.048400 0.063000 0.051200 0.000000 0.093200 0.093700 0.012300 0.063700 0.012600 0.075200 0.063500 0.062600 0.109300 0.050800 0.112700 0.000200 0.012600 0.049500 0.012300 0.102800 0.047900 0.111500 0.080200 0.050700 0.094200 0.066800 0.049500 0.037200 0.074100 0.037800 0.063900 0.075900 0.149900 0.063000
Daviddeer 0.105900 0.305500 0.118900 0.264700 0.108200 0.105900 0.107200 0.131300 0.102800 0.026100 0.133800 0.078800 0.093400 0.081200 0.214200 0.093700 0.065300 0.064500 0.144400 0.106100 0.094200 0.093200 0.000000 0.025900 0.106800 0.079200 0.109100 0.119400 0.106800 0.105900 0.053000 0.093600 0.126500 0.093600 0.080500 0.064200 0.106800 0.148600 0.062700 0.068200 0.012900 0.065700 0.039200 0.039600 0.064200 0.078100 0.116900 0.070100 0.093500 0.092000 0.232000 0.102800
Reindeer 0.106400 0.306800 0.133800 0.266000 0.108800 0.106400 0.079400 0.131900 0.101900 0.053400 0.134500 0.079500 0.093900 0.081600 0.215300 0.094200 0.065600 0.078700 0.145100 0.106600 0.094700 0.093700 0.025900 0.000000 0.107300 0.079600 0.109700 0.120000 0.107400 0.106500 0.081400 0.094000 0.126000 0.094200 0.080900 0.064600 0.107300 0.149400 0.062900 0.068200 0.039600 0.066000 0.066800 0.039400 0.064600 0.078500 0.117500 0.070100 0.108200 0.078800 0.232300 0.101900
Ibex 0.024500 0.278300 0.101200 0.257400 0.077300 0.024500 0.103400 0.100300 0.075800 0.108500 0.024200 0.050300 0.037500 0.051500 0.117800 0.063800 0.090400 0.103300 0.048300 0.075800 0.064200 0.012300 0.106800 0.107300 0.000000 0.076600 0.025200 0.088400 0.076300 0.075700 0.123300 0.063600 0.125700 0.012400 0.025200 0.062100 0.000000 0.115900 0.060500 0.125600 0.093700 0.063500 0.107800 0.080300 0.062100 0.049700 0.086700 0.050500 0.076900 0.088800 0.164000 0.075800
GyrantGaze 0.075900 0.242500 0.101900 0.224800 0.077500 0.075900 0.076900 0.099200 0.076100 0.108700 0.102400 0.050400 0.063700 0.051600 0.177000 0.037300 0.063900 0.076700 0.113400 0.076100 0.063400 0.063700 0.079200 0.079600 0.076600 0.000000 0.078000 0.088900 0.049500 0.076000 0.123600 0.063800 0.099700 0.063800 0.078000 0.036900 0.076600 0.116100 0.034000 0.125800 0.093900 0.012200 0.108100 0.080400 0.036900 0.049800 0.060500 0.050600 0.070900 0.063000 0.195300 0.076100
Hartebeest 0.025000 0.279500 0.103200 0.263100 0.079000 0.025000 0.105500 0.102300 0.077200 0.111000 0.050400 0.051300 0.012600 0.052600 0.149800 0.065000 0.092100 0.105300 0.061700 0.077300 0.065400 0.012600 0.109100 0.109700 0.025200 0.078000 0.000000 0.090100 0.077700 0.077100 0.126100 0.064900 0.128100 0.012600 0.025700 0.063300 0.025200 0.118300 0.061200 0.128700 0.095800 0.064600 0.110200 0.082100 0.063300 0.050600 0.088400 0.051500 0.078400 0.090500 0.167300 0.077200
Bongo 0.087600 0.225500 0.011800 0.270300 0.089500 0.087600 0.088900 0.086100 0.012000 0.121100 0.087300 0.037000 0.102400 0.064000 0.188800 0.076100 0.088200 0.088700 0.098100 0.012000 0.076500 0.075200 0.119400 0.120000 0.088400 0.088900 0.090100 0.000000 0.088600 0.011900 0.136000 0.076000 0.085200 0.075900 0.090000 0.048800 0.088400 0.074600 0.072700 0.138300 0.106300 0.075900 0.120400 0.093000 0.048800 0.061700 0.072900 0.062600 0.076300 0.074800 0.117900 0.012000
Gerenuk 0.049600 0.262200 0.101600 0.193500 0.077300 0.049600 0.103600 0.099000 0.075900 0.108500 0.102100 0.050200 0.090200 0.051400 0.176600 0.037100 0.090400 0.103400 0.113000 0.075900 0.063200 0.063500 0.106800 0.107400 0.076300 0.049500 0.077700 0.088600 0.000000 0.075800 0.123300 0.063600 0.099200 0.063600 0.077800 0.062100 0.076300 0.088600 0.059400 0.110500 0.093700 0.037000 0.107800 0.080200 0.062100 0.049700 0.060200 0.050500 0.077000 0.089000 0.194900 0.075900
CommonElan 0.075000 0.210200 0.024000 0.255200 0.076600 0.075000 0.076000 0.073600 0.000000 0.107500 0.101200 0.024600 0.089500 0.051100 0.174800 0.063300 0.075500 0.075900 0.085700 0.000000 0.063600 0.062600 0.105900 0.106500 0.075700 0.076000 0.077100 0.011900 0.075800 0.000000 0.122200 0.063200 0.098600 0.063100 0.077100 0.036500 0.075700 0.088200 0.060200 0.124200 0.092900 0.063100 0.106900 0.079600 0.036500 0.049300 0.060600 0.050100 0.063400 0.088400 0.104600 0.000000
MuntiacusR 0.122200 0.313300 0.135500 0.306400 0.124900 0.122300 0.153600 0.148100 0.121700 0.026400 0.151100 0.094600 0.139100 0.097200 0.235200 0.109900 0.123000 0.122100 0.161600 0.122300 0.110500 0.109300 0.053000 0.081400 0.123300 0.123600 0.126100 0.136000 0.123300 0.122200 0.000000 0.109700 0.176000 0.109800 0.096300 0.106700 0.123300 0.166500 0.105300 0.098700 0.039900 0.109300 0.013000 0.040100 0.106700 0.093400 0.133100 0.090100 0.109600 0.136800 0.257800 0.121700
HarveysDui 0.063100 0.264000 0.088800 0.242800 0.064500 0.063100 0.063900 0.087800 0.063300 0.095000 0.089300 0.037800 0.077400 0.012700 0.162700 0.051000 0.077600 0.090500 0.074000 0.063300 0.051300 0.050800 0.093600 0.094000 0.063600 0.063800 0.064900 0.076000 0.063600 0.063200 0.109700 0.000000 0.113300 0.051000 0.064900 0.049800 0.063600 0.103000 0.047900 0.111700 0.080400 0.050600 0.094500 0.067000 0.049800 0.037300 0.074300 0.037900 0.064100 0.076300 0.180700 0.063300
Pronghorn 0.098100 0.288100 0.097600 0.275200 0.127200 0.098100 0.126200 0.149000 0.098700 0.157100 0.124200 0.099400 0.113000 0.101800 0.228600 0.113600 0.106200 0.122600 0.134300 0.098700 0.114100 0.112700 0.126500 0.126000 0.125700 0.099700 0.128100 0.085200 0.099200 0.098600 0.176000 0.113300 0.000000 0.113200 0.127700 0.084900 0.125700 0.085200 0.083300 0.158600 0.142400 0.086800 0.159400 0.130800 0.084900 0.072500 0.135300 0.099600 0.087200 0.085600 0.217200 0.098700
BlueWildeb 0.012300 0.258800 0.088700 0.243400 0.064600 0.012300 0.090600 0.087900 0.063200 0.095200 0.037100 0.037700 0.025100 0.038700 0.133700 0.051100 0.077500 0.090500 0.048500 0.063200 0.051400 0.000200 0.093600 0.094200 0.012400 0.063800 0.012600 0.075900 0.063600 0.063100 0.109800 0.051000 0.113200 0.000000 0.012600 0.049700 0.012400 0.103200 0.047300 0.112000 0.080500 0.050700 0.094600 0.067100 0.049700 0.037300 0.074400 0.037900 0.064100 0.076100 0.150500 0.063200
Gemsbok 0.025000 0.283300 0.103000 0.262900 0.078900 0.025000 0.105200 0.102200 0.077200 0.081900 0.050400 0.051200 0.038200 0.052600 0.149800 0.065000 0.092200 0.105200 0.061700 0.077200 0.065400 0.012600 0.080500 0.080900 0.025200 0.078000 0.025700 0.090000 0.077800 0.077100 0.096300 0.064900 0.127700 0.012600 0.000000 0.063200 0.025200 0.118100 0.061600 0.098300 0.067300 0.064700 0.081300 0.053800 0.063200 0.050600 0.088300 0.051500 0.078300 0.090500 0.167200 0.077200
Yak 0.061500 0.224600 0.057300 0.237400 0.062900 0.061500 0.036900 0.060400 0.036600 0.092500 0.087100 0.012100 0.049700 0.037700 0.158600 0.049800 0.049800 0.036800 0.097600 0.036600 0.050100 0.049500 0.064200 0.064600 0.062100 0.036900 0.063300 0.048800 0.062100 0.036500 0.106700 0.049800 0.084900 0.049700 0.063200 0.000000 0.062100 0.100600 0.020900 0.108700 0.078300 0.024500 0.092000 0.065300 0.000000 0.036400 0.047700 0.036900 0.054800 0.049000 0.146900 0.036600
BlueSheep 0.024500 0.278300 0.101200 0.257400 0.077300 0.024500 0.103400 0.100300 0.075800 0.108500 0.023300 0.050300 0.037500 0.051500 0.117800 0.063800 0.090400 0.103300 0.048300 0.075800 0.064200 0.012300 0.106800 0.107300 0.000000 0.076600 0.025200 0.088400 0.076300 0.075700 0.123300 0.063600 0.125700 0.012400 0.025200 0.062100 0.000000 0.115900 0.060500 0.125600 0.093700 0.063500 0.107800 0.080300 0.062100 0.049700 0.086700 0.050500 0.076900 0.088800 0.164000 0.075800
BohorReedb 0.088000 0.292800 0.087100 0.270500 0.037600 0.088000 0.144100 0.139400 0.088300 0.151100 0.114300 0.089000 0.130600 0.091300 0.219800 0.103200 0.103300 0.116100 0.124700 0.088300 0.103700 0.102800 0.148600 0.149400 0.115900 0.116100 0.118300 0.074600 0.088600 0.088200 0.166500 0.103000 0.085200 0.103200 0.118100 0.100600 0.115900 0.000000 0.099000 0.154400 0.135500 0.102700 0.150100 0.121900 0.100600 0.088000 0.125400 0.089400 0.103500 0.101200 0.207700 0.088300
KirksDik 0.059700 0.253400 0.085200 0.235000 0.061300 0.059900 0.060700 0.083400 0.060200 0.091100 0.085700 0.034700 0.047400 0.035300 0.157000 0.047100 0.047600 0.060600 0.096000 0.060200 0.047800 0.047900 0.062700 0.062900 0.060500 0.034000 0.061200 0.072700 0.059400 0.060200 0.105300 0.047900 0.083300 0.047300 0.061600 0.020900 0.060500 0.099000 0.000000 0.107100 0.076900 0.020600 0.090500 0.063600 0.020900 0.034200 0.070000 0.034300 0.060100 0.046700 0.174500 0.060200
RoeDeer 0.110000 0.341900 0.152600 0.276000 0.127400 0.110000 0.156100 0.150800 0.118300 0.069500 0.153800 0.096300 0.141900 0.099000 0.239600 0.111900 0.110600 0.124300 0.164500 0.124400 0.112500 0.111500 0.068200 0.068200 0.125600 0.125800 0.128700 0.138300 0.110500 0.124200 0.098700 0.111700 0.158600 0.112000 0.098300 0.108700 0.125600 0.154400 0.107100 0.000000 0.054800 0.111200 0.083300 0.054800 0.108700 0.095100 0.133200 0.086800 0.126400 0.139100 0.257000 0.118300
WhiteLippe 0.093000 0.290700 0.105900 0.250700 0.095000 0.093000 0.122700 0.118500 0.089000 0.013100 0.120700 0.065800 0.108700 0.067900 0.200400 0.080500 0.079700 0.078700 0.131600 0.093000 0.081000 0.080200 0.012900 0.039600 0.093700 0.093900 0.095800 0.106300 0.093700 0.092900 0.039900 0.080400 0.142400 0.080500 0.067300 0.078300 0.093700 0.135500 0.076900 0.054800 0.000000 0.080200 0.026200 0.026500 0.078300 0.065300 0.104100 0.056300 0.080300 0.107000 0.217300 0.089000
ThomsonGaz 0.062900 0.262100 0.088700 0.242600 0.064200 0.062900 0.063800 0.086500 0.063100 0.094700 0.089200 0.037600 0.050700 0.038500 0.162800 0.024700 0.050800 0.063600 0.100100 0.063100 0.050500 0.050700 0.065700 0.066000 0.063500 0.012200 0.064600 0.075900 0.037000 0.063100 0.109300 0.050600 0.086800 0.050700 0.064700 0.024500 0.063500 0.102700 0.020600 0.111200 0.080200 0.000000 0.094200 0.066700 0.024500 0.037200 0.048100 0.037700 0.056700 0.050200 0.180800 0.063100
MuntiacusC 0.107000 0.290900 0.119900 0.285400 0.109300 0.107000 0.137200 0.132500 0.105900 0.012600 0.135100 0.079900 0.123200 0.082000 0.216600 0.094600 0.107600 0.106800 0.145800 0.107000 0.095200 0.094200 0.039200 0.066800 0.107800 0.108100 0.110200 0.120400 0.107800 0.106900 0.013000 0.094500 0.159400 0.094600 0.081300 0.092000 0.107800 0.150100 0.090500 0.083300 0.026200 0.094200 0.000000 0.026400 0.092000 0.078800 0.117900 0.074800 0.094300 0.121100 0.237700 0.105900
WhiteTaile 0.079600 0.255900 0.106500 0.252000 0.081400 0.079600 0.108900 0.105200 0.077400 0.040200 0.107200 0.052900 0.095100 0.054300 0.185800 0.067100 0.080100 0.093400 0.118300 0.079700 0.067500 0.066800 0.039600 0.039400 0.080300 0.080400 0.082100 0.093000 0.080200 0.079600 0.040100 0.067000 0.130800 0.067100 0.053800 0.065300 0.080300 0.121900 0.063600 0.054800 0.026500 0.066700 0.026400 0.000000 0.065300 0.052200 0.091000 0.045700 0.080800 0.093500 0.205100 0.077400
Cattle 0.061500 0.224600 0.057300 0.237400 0.062900 0.061500 0.036900 0.060400 0.036600 0.092500 0.087100 0.012100 0.049700 0.037700 0.158600 0.049800 0.049800 0.036800 0.097600 0.036600 0.050100 0.049500 0.064200 0.064600 0.062100 0.036900 0.063300 0.048800 0.062100 0.036500 0.106700 0.049800 0.084900 0.049700 0.063200 0.000000 0.062100 0.100600 0.020900 0.108700 0.078300 0.024500 0.092000 0.065300 0.000000 0.036400 0.047700 0.036900 0.054800 0.049000 0.146900 0.036600
RoyalAntel 0.049200 0.247100 0.074200 0.222700 0.050300 0.049300 0.075700 0.073500 0.049400 0.079300 0.074600 0.024500 0.062900 0.025200 0.145400 0.037400 0.063000 0.075600 0.085400 0.049400 0.037600 0.037200 0.078100 0.078500 0.049700 0.049800 0.050600 0.061700 0.049700 0.049300 0.093400 0.037300 0.072500 0.037300 0.050600 0.036400 0.049700 0.088000 0.034200 0.095100 0.065300 0.037200 0.078800 0.052200 0.036400 0.000000 0.060500 0.024700 0.024700 0.062000 0.162500 0.049400
Steenbok 0.086100 0.252200 0.085200 0.265700 0.087800 0.086000 0.086900 0.083200 0.060700 0.118700 0.111700 0.036200 0.100400 0.062700 0.155400 0.048300 0.100600 0.086800 0.121900 0.060700 0.073900 0.074100 0.116900 0.117500 0.086700 0.060500 0.088400 0.072900 0.060200 0.060600 0.133100 0.074300 0.135300 0.074400 0.088300 0.047700 0.086700 0.125400 0.070000 0.133200 0.104100 0.048100 0.117900 0.091000 0.047700 0.060500 0.000000 0.061500 0.087500 0.099000 0.173200 0.060700
Impala 0.050100 0.232600 0.070100 0.220000 0.051200 0.050100 0.076900 0.074700 0.050100 0.070800 0.075800 0.024900 0.063900 0.025500 0.147800 0.038100 0.053300 0.065900 0.086700 0.050100 0.038200 0.037800 0.070100 0.070100 0.050500 0.050600 0.051500 0.062600 0.050500 0.050100 0.090100 0.037900 0.099600 0.037900 0.051500 0.036900 0.050500 0.089400 0.034300 0.086800 0.056300 0.037700 0.074800 0.045700 0.036900 0.024700 0.061500 0.000000 0.041900 0.062900 0.165100 0.050100
Klipspring 0.076200 0.259200 0.062600 0.260700 0.077800 0.076200 0.104500 0.101200 0.063500 0.094900 0.102800 0.050600 0.090900 0.051800 0.178100 0.064300 0.091000 0.090000 0.100600 0.063500 0.064700 0.063900 0.093500 0.108200 0.076900 0.070900 0.078400 0.076300 0.077000 0.063400 0.109600 0.064100 0.087200 0.064100 0.078300 0.054800 0.076900 0.103500 0.060100 0.126400 0.080300 0.056700 0.094300 0.080800 0.054800 0.024700 0.087500 0.041900 0.000000 0.089800 0.181900 0.063500
ForestMusk 0.088000 0.294300 0.087500 0.272200 0.089900 0.088100 0.076100 0.112600 0.088500 0.121800 0.087700 0.062800 0.076100 0.064300 0.173100 0.076500 0.076400 0.089100 0.122100 0.088500 0.076900 0.075900 0.092000 0.078800 0.088800 0.063000 0.090500 0.074800 0.089000 0.088400 0.136800 0.076300 0.085600 0.076100 0.090500 0.049000 0.088800 0.101200 0.046700 0.139100 0.107000 0.050200 0.121100 0.093500 0.049000 0.062000 0.099000 0.062900 0.089800 0.000000 0.191300 0.088500
Bushbuck 0.162700 0.308200 0.131400 0.370000 0.196400 0.162700 0.195400 0.174800 0.104700 0.235100 0.192100 0.134900 0.180200 0.168700 0.075600 0.181200 0.187000 0.191000 0.172400 0.104700 0.182000 0.149900 0.232000 0.232300 0.164000 0.195300 0.167300 0.117900 0.194900 0.104600 0.257800 0.180700 0.217200 0.150500 0.167200 0.146900 0.164000 0.207700 0.174500 0.257000 0.217300 0.180800 0.237700 0.205100 0.146900 0.162500 0.173200 0.165100 0.181900 0.191300 0.000000 0.104700
GreaterKud 0.075100 0.197800 0.024000 0.251100 0.076800 0.075100 0.076100 0.073700 0.000000 0.102800 0.101300 0.024700 0.089600 0.051200 0.175200 0.063400 0.067100 0.071300 0.085800 0.000100 0.063700 0.063000 0.102800 0.101900 0.075800 0.076100 0.077200 0.012000 0.075900 0.000000 0.121700 0.063300 0.098700 0.063200 0.077200 0.036600 0.075800 0.088300 0.060200 0.118300 0.089000 0.063100 0.105900 0.077400 0.036600 0.049400 0.060700 0.050100 0.063500 0.088500 0.104700 0.000000
