1
52 1
Argali 0.000000 0.083500 0.010400 0.104900 0.026600 0.000100 0.010500 0.037400 0.015600 0.016000 0.010400 0.010500 0.010500 0.010400 0.026600 0.036900 0.066100 0.060600 0.005200 0.010500 0.043500 0.015600 0.010500 0.021400 0.005200 0.047900 0.010500 0.010400 0.037300 0.010400 0.016000 0.015600 0.037900 0.010600 0.021100 0.021400 0.005200 0.026200 0.037500 0.021200 0.010500 0.042800 0.016000 0.037700 0.021100 0.026400 0.043100 0.021300 0.010600 0.026400 0.010500 0.015700
LesserMous 0.083500 0.000000 0.083500 0.136300 0.090700 0.083000 0.084500 0.090300 0.077700 0.091700 0.072000 0.096100 0.084600 0.083400 0.103500 0.089100 0.109700 0.122900 0.078300 0.084700 0.103700 0.085200 0.084900 0.097700 0.077500 0.089100 0.084600 0.084100 0.078300 0.084100 0.091700 0.083500 0.105400 0.085200 0.097700 0.098400 0.077500 0.101500 0.090200 0.103000 0.084400 0.096200 0.091700 0.109900 0.096600 0.072200 0.084400 0.084700 0.084100 0.090100 0.084300 0.090100
LesserKudu 0.010400 0.083500 0.000000 0.092800 0.015800 0.010300 0.000100 0.026500 0.005200 0.015900 0.010400 0.010500 0.010500 0.000100 0.015900 0.026100 0.054700 0.049200 0.005200 0.000100 0.032300 0.015600 0.000200 0.010600 0.005200 0.036900 0.010500 0.000100 0.026400 0.000100 0.015900 0.005200 0.037800 0.010600 0.010500 0.010700 0.005200 0.026300 0.026600 0.015800 0.000200 0.031800 0.015900 0.026700 0.010500 0.026400 0.032000 0.021200 0.010400 0.015700 0.000100 0.005200
KillerWhal 0.104900 0.136300 0.092800 0.000000 0.099700 0.104200 0.093900 0.112500 0.086800 0.114100 0.104000 0.093200 0.106800 0.092400 0.107200 0.100000 0.105800 0.087500 0.099900 0.094500 0.107900 0.111300 0.094800 0.108600 0.098700 0.099500 0.106800 0.094000 0.088300 0.094000 0.114100 0.098900 0.119600 0.107400 0.105900 0.095200 0.098700 0.111100 0.101000 0.114300 0.093600 0.093900 0.114100 0.127900 0.093600 0.103800 0.093800 0.107400 0.105900 0.112100 0.094200 0.100400
DefassaWat 0.026600 0.090700 0.015800 0.099700 0.000000 0.026400 0.016000 0.043500 0.021200 0.032700 0.026700 0.026800 0.026900 0.015800 0.032500 0.042900 0.072900 0.067100 0.021300 0.016000 0.049600 0.032100 0.016000 0.027300 0.021100 0.042900 0.026900 0.015900 0.032200 0.015900 0.032700 0.021100 0.055500 0.027100 0.026800 0.027200 0.021100 0.010500 0.043600 0.021400 0.015900 0.037700 0.032700 0.043900 0.026800 0.043300 0.038000 0.027000 0.026700 0.032100 0.016000 0.021300
Sheep 0.000100 0.083000 0.010300 0.104200 0.026400 0.000000 0.010400 0.037200 0.015600 0.015900 0.010400 0.010400 0.010400 0.010300 0.026500 0.036700 0.065700 0.060200 0.005200 0.010400 0.043200 0.015500 0.010500 0.021300 0.005100 0.047600 0.010400 0.010400 0.037100 0.010400 0.015900 0.015500 0.037700 0.010500 0.020900 0.021300 0.005100 0.026100 0.037300 0.021100 0.010400 0.042500 0.015900 0.037500 0.021000 0.026200 0.042800 0.021100 0.010400 0.026200 0.010400 0.015600
MaxwellsDu 0.010500 0.084500 0.000100 0.093900 0.016000 0.010400 0.000000 0.026800 0.005200 0.016100 0.010500 0.010600 0.010600 0.000100 0.016000 0.026400 0.055200 0.049700 0.005300 0.000200 0.032700 0.015700 0.000300 0.010800 0.005200 0.037300 0.010600 0.000200 0.026700 0.000200 0.016100 0.005200 0.038300 0.010700 0.010600 0.010800 0.005200 0.026500 0.026900 0.016000 0.000300 0.032200 0.016100 0.027000 0.010600 0.026700 0.032400 0.021500 0.010500 0.015900 0.000200 0.005300
GazellaPrz 0.037400 0.090300 0.026500 0.112500 0.043500 0.037200 0.026800 0.000000 0.031900 0.043900 0.037600 0.037700 0.037900 0.026500 0.044000 0.021000 0.049400 0.055300 0.032200 0.026800 0.032600 0.043000 0.026800 0.038300 0.031900 0.031700 0.037900 0.026700 0.021200 0.026700 0.043900 0.031800 0.067200 0.038200 0.037700 0.038300 0.031900 0.054100 0.021300 0.043500 0.026700 0.037600 0.043900 0.055200 0.037800 0.043100 0.026700 0.049300 0.037600 0.043100 0.026700 0.032100
MountainNy 0.015600 0.077700 0.005200 0.086800 0.021200 0.015600 0.005200 0.031900 0.000000 0.021400 0.015700 0.015800 0.015800 0.005200 0.021300 0.031600 0.060300 0.054800 0.010500 0.005200 0.037900 0.020900 0.005200 0.016000 0.010400 0.042400 0.015800 0.005200 0.031900 0.005200 0.021400 0.010400 0.032200 0.015900 0.015800 0.016000 0.010400 0.031600 0.032100 0.021200 0.005200 0.037300 0.021400 0.032200 0.015800 0.031800 0.037500 0.026700 0.015700 0.021000 0.005200 0.010500
MuntiacusM 0.016000 0.091700 0.015900 0.114100 0.032700 0.015900 0.016100 0.043900 0.021400 0.000000 0.016000 0.027000 0.016100 0.016000 0.032900 0.043300 0.067600 0.061800 0.010700 0.016200 0.050200 0.021300 0.016200 0.016300 0.010600 0.054600 0.016100 0.016100 0.043800 0.016100 0.000000 0.021300 0.038700 0.016300 0.016100 0.027500 0.010600 0.043400 0.040000 0.021600 0.016100 0.049500 0.000000 0.032800 0.027100 0.032500 0.049700 0.016200 0.016100 0.021500 0.016100 0.021500
goat 0.010400 0.072000 0.010400 0.104000 0.026700 0.010400 0.010500 0.037600 0.015700 0.016000 0.000000 0.021200 0.010500 0.010400 0.026800 0.037100 0.066400 0.060900 0.005200 0.010600 0.043700 0.015700 0.010600 0.021500 0.005200 0.048100 0.010500 0.010500 0.037500 0.010500 0.016000 0.015700 0.038100 0.010600 0.021200 0.021500 0.005200 0.037200 0.037700 0.026700 0.010500 0.043000 0.016000 0.037900 0.021200 0.027200 0.043300 0.021300 0.010500 0.026500 0.010500 0.015800
AfricanBuf 0.010500 0.096100 0.010500 0.093200 0.026800 0.010400 0.010600 0.037700 0.015800 0.027000 0.021200 0.000000 0.021300 0.010500 0.026900 0.037200 0.066700 0.061000 0.015900 0.010600 0.043800 0.026400 0.010600 0.021600 0.015700 0.048100 0.021300 0.010500 0.037700 0.010500 0.027000 0.015700 0.049500 0.021500 0.021200 0.010700 0.015700 0.026500 0.037800 0.021400 0.010500 0.043000 0.027000 0.038000 0.010600 0.037500 0.043300 0.032400 0.021200 0.026600 0.010600 0.015900
Topi 0.010500 0.084600 0.010500 0.106800 0.026900 0.010400 0.010600 0.037900 0.015800 0.016100 0.010500 0.021300 0.000000 0.010500 0.026900 0.037300 0.066800 0.061100 0.005200 0.010600 0.043800 0.015800 0.010600 0.021600 0.005200 0.048400 0.000000 0.010500 0.037700 0.010500 0.016100 0.015800 0.038200 0.005300 0.021300 0.021600 0.005200 0.037500 0.037900 0.026900 0.010600 0.043300 0.016100 0.038100 0.021300 0.026700 0.043500 0.021700 0.010500 0.026600 0.010600 0.015900
CommonDuik 0.010400 0.083400 0.000100 0.092400 0.015800 0.010300 0.000100 0.026500 0.005200 0.016000 0.010400 0.010500 0.010500 0.000000 0.015900 0.026200 0.054700 0.049200 0.005200 0.000100 0.032300 0.015600 0.000200 0.010600 0.005200 0.037000 0.010500 0.000100 0.026500 0.000100 0.016000 0.005200 0.037900 0.010600 0.010500 0.010700 0.005200 0.026300 0.026600 0.015800 0.000200 0.031800 0.016000 0.026700 0.010500 0.026400 0.032000 0.021300 0.010400 0.015700 0.000100 0.005200
Suni 0.026600 0.103500 0.015900 0.107200 0.032500 0.026500 0.016000 0.044000 0.021300 0.032900 0.026800 0.026900 0.026900 0.015900 0.000000 0.043100 0.073200 0.067500 0.021400 0.016100 0.049800 0.032000 0.016000 0.027300 0.021200 0.054200 0.026900 0.015900 0.043500 0.015900 0.032900 0.021200 0.055700 0.027100 0.026800 0.027300 0.021200 0.043100 0.043700 0.032500 0.016000 0.049100 0.032900 0.043900 0.026900 0.043500 0.049300 0.038300 0.026800 0.032400 0.016000 0.021400
Springbuck 0.036900 0.089100 0.026100 0.100000 0.042900 0.036700 0.026400 0.021000 0.031600 0.043300 0.037100 0.037200 0.037300 0.026200 0.043100 0.000000 0.060100 0.054700 0.031800 0.026500 0.021200 0.042300 0.026500 0.037800 0.031500 0.020700 0.037300 0.026300 0.010400 0.026300 0.043300 0.031500 0.066200 0.037600 0.037200 0.037800 0.031500 0.053400 0.010400 0.042900 0.026400 0.026200 0.043300 0.054400 0.037300 0.042600 0.015700 0.048700 0.037200 0.042600 0.026400 0.031700
Okapi 0.066100 0.109700 0.054700 0.105800 0.072900 0.065700 0.055200 0.049400 0.060300 0.067600 0.066400 0.066700 0.066800 0.054700 0.073200 0.060100 0.000000 0.026900 0.060800 0.055300 0.073600 0.071700 0.055400 0.061900 0.060200 0.071600 0.066800 0.054900 0.060800 0.054900 0.067600 0.060200 0.066900 0.067400 0.060700 0.062400 0.060200 0.077900 0.061000 0.066900 0.055100 0.078400 0.067600 0.079200 0.061000 0.066500 0.066800 0.073000 0.066500 0.054900 0.055000 0.060700
Giraffe 0.060600 0.122900 0.049200 0.087500 0.067100 0.060200 0.049700 0.055300 0.054800 0.061800 0.060900 0.061000 0.061100 0.049200 0.067500 0.054700 0.026900 0.000000 0.055300 0.049700 0.061800 0.054700 0.049800 0.056100 0.054700 0.066100 0.061100 0.049400 0.055300 0.049400 0.061800 0.043400 0.061500 0.061600 0.055100 0.056400 0.054700 0.072000 0.055400 0.061300 0.049500 0.060900 0.061800 0.061700 0.055500 0.049400 0.061100 0.067400 0.061000 0.060800 0.049600 0.055200
TibetanAnt 0.005200 0.078300 0.005200 0.099900 0.021300 0.005200 0.005300 0.032200 0.010500 0.010700 0.005200 0.015900 0.005200 0.005200 0.021400 0.031800 0.060800 0.055300 0.000000 0.005300 0.038200 0.010400 0.005300 0.016100 0.000100 0.042700 0.005200 0.005200 0.032100 0.005200 0.010700 0.010400 0.032600 0.005300 0.015900 0.016100 0.000100 0.031800 0.032300 0.021300 0.005200 0.037600 0.010700 0.032400 0.015900 0.021200 0.037800 0.016000 0.005200 0.021200 0.005300 0.010500
Sitatunga 0.010500 0.084700 0.000100 0.094500 0.016000 0.010400 0.000200 0.026800 0.005200 0.016200 0.010600 0.010600 0.010600 0.000100 0.016100 0.026500 0.055300 0.049700 0.005300 0.000000 0.032700 0.015800 0.000200 0.010800 0.005200 0.037400 0.010600 0.000000 0.026800 0.000000 0.016200 0.005200 0.038300 0.010700 0.010600 0.010800 0.005200 0.026600 0.026900 0.016000 0.000300 0.032200 0.016200 0.027000 0.010600 0.026700 0.032400 0.021500 0.010600 0.015900 0.000100 0.005300
Oribi 0.043500 0.103700 0.032300 0.107900 0.049600 0.043200 0.032700 0.032600 0.037900 0.050200 0.043700 0.043800 0.043800 0.032300 0.049800 0.021200 0.073600 0.061800 0.038200 0.032700 0.000000 0.048900 0.032700 0.044500 0.037800 0.026600 0.043800 0.032500 0.021500 0.032500 0.050200 0.037700 0.073900 0.044200 0.043800 0.044500 0.037800 0.060400 0.021600 0.049700 0.032600 0.026800 0.050200 0.061700 0.043900 0.049200 0.021500 0.055700 0.043700 0.049400 0.032600 0.038100
BarbaryShe 0.015600 0.085200 0.015600 0.111300 0.032100 0.015500 0.015700 0.043000 0.020900 0.021300 0.015700 0.026400 0.015800 0.015600 0.032000 0.042300 0.071700 0.054700 0.010400 0.015800 0.048900 0.000000 0.015800 0.026700 0.010300 0.053400 0.015800 0.015700 0.042700 0.015700 0.021300 0.010400 0.032200 0.015900 0.026400 0.026900 0.010300 0.042300 0.042900 0.031900 0.015700 0.048300 0.021300 0.032100 0.026500 0.021000 0.048400 0.026500 0.015700 0.031700 0.015700 0.021000
Daviddeer 0.010500 0.084900 0.000200 0.094800 0.016000 0.010500 0.000300 0.026800 0.005200 0.016200 0.010600 0.010600 0.010600 0.000200 0.016000 0.026500 0.055400 0.049800 0.005300 0.000200 0.032700 0.015800 0.000000 0.010700 0.005200 0.037400 0.010600 0.000200 0.026800 0.000200 0.016200 0.005200 0.038300 0.010700 0.010600 0.010800 0.005200 0.026600 0.026900 0.016000 0.000000 0.032200 0.016200 0.027000 0.010600 0.026800 0.032300 0.021500 0.010600 0.015900 0.000200 0.005300
Reindeer 0.021400 0.097700 0.010600 0.108600 0.027300 0.021300 0.010800 0.038300 0.016000 0.016300 0.021500 0.021600 0.021600 0.010600 0.027300 0.037800 0.061900 0.056100 0.016100 0.010800 0.044500 0.026700 0.010700 0.000000 0.015900 0.048800 0.021600 0.010700 0.038200 0.010700 0.016300 0.015900 0.044300 0.021800 0.010700 0.022000 0.015900 0.038000 0.038400 0.016200 0.010700 0.043600 0.016300 0.016300 0.021600 0.038100 0.043900 0.021800 0.021500 0.016100 0.010700 0.016100
Ibex 0.005200 0.077500 0.005200 0.098700 0.021100 0.005100 0.005200 0.031900 0.010400 0.010600 0.005200 0.015700 0.005200 0.005200 0.021200 0.031500 0.060200 0.054700 0.000100 0.005200 0.037800 0.010300 0.005200 0.015900 0.000000 0.042300 0.005200 0.005200 0.031800 0.005200 0.010600 0.010300 0.032300 0.005300 0.015700 0.016000 0.000000 0.031600 0.032000 0.021100 0.005200 0.037200 0.010600 0.032100 0.015800 0.021000 0.037400 0.015800 0.005200 0.021000 0.005200 0.010400
GyrantGaze 0.047900 0.089100 0.036900 0.099500 0.042900 0.047600 0.037300 0.031700 0.042400 0.054600 0.048100 0.048100 0.048400 0.037000 0.054200 0.020700 0.071600 0.066100 0.042700 0.037400 0.026600 0.053400 0.037400 0.048800 0.042300 0.000000 0.048400 0.037100 0.010400 0.037100 0.054600 0.042200 0.078100 0.048800 0.048200 0.049000 0.042300 0.053200 0.021000 0.054000 0.037200 0.005100 0.054600 0.065600 0.048300 0.053600 0.005200 0.048500 0.048200 0.053700 0.037200 0.042600
Hartebeest 0.010500 0.084600 0.010500 0.106800 0.026900 0.010400 0.010600 0.037900 0.015800 0.016100 0.010500 0.021300 0.000000 0.010500 0.026900 0.037300 0.066800 0.061100 0.005200 0.010600 0.043800 0.015800 0.010600 0.021600 0.005200 0.048400 0.000000 0.010500 0.037700 0.010500 0.016100 0.015800 0.038200 0.005300 0.021300 0.021600 0.005200 0.037500 0.037900 0.026900 0.010600 0.043300 0.016100 0.038100 0.021300 0.026700 0.043500 0.021700 0.010500 0.026600 0.010600 0.015900
Bongo 0.010400 0.084100 0.000100 0.094000 0.015900 0.010400 0.000200 0.026700 0.005200 0.016100 0.010500 0.010500 0.010500 0.000100 0.015900 0.026300 0.054900 0.049400 0.005200 0.000000 0.032500 0.015700 0.000200 0.010700 0.005200 0.037100 0.010500 0.000000 0.026600 0.000000 0.016100 0.005200 0.038100 0.010600 0.010500 0.010700 0.005200 0.026400 0.026700 0.015900 0.000200 0.032000 0.016100 0.026800 0.010500 0.026500 0.032200 0.021400 0.010500 0.015800 0.000000 0.005200
Gerenuk 0.037300 0.078300 0.026400 0.088300 0.032200 0.037100 0.026700 0.021200 0.031900 0.043800 0.037500 0.037700 0.037700 0.026500 0.043500 0.010400 0.060800 0.055300 0.032100 0.026800 0.021500 0.042700 0.026800 0.038200 0.031800 0.010400 0.037700 0.026600 0.000000 0.026600 0.043800 0.031800 0.067000 0.038000 0.037600 0.038300 0.031800 0.042700 0.010500 0.043400 0.026700 0.015800 0.043800 0.055000 0.037700 0.043100 0.005200 0.037900 0.037600 0.043100 0.026700 0.032100
CommonElan 0.010400 0.084100 0.000100 0.094000 0.015900 0.010400 0.000200 0.026700 0.005200 0.016100 0.010500 0.010500 0.010500 0.000100 0.015900 0.026300 0.054900 0.049400 0.005200 0.000000 0.032500 0.015700 0.000200 0.010700 0.005200 0.037100 0.010500 0.000000 0.026600 0.000000 0.016100 0.005200 0.038100 0.010600 0.010500 0.010700 0.005200 0.026400 0.026700 0.015900 0.000200 0.032000 0.016100 0.026800 0.010500 0.026500 0.032200 0.021400 0.010500 0.015800 0.000000 0.005200
MuntiacusR 0.016000 0.091700 0.015900 0.114100 0.032700 0.015900 0.016100 0.043900 0.021400 0.000000 0.016000 0.027000 0.016100 0.016000 0.032900 0.043300 0.067600 0.061800 0.010700 0.016200 0.050200 0.021300 0.016200 0.016300 0.010600 0.054600 0.016100 0.016100 0.043800 0.016100 0.000000 0.021300 0.038700 0.016300 0.016100 0.027500 0.010600 0.043400 0.040000 0.021600 0.016100 0.049500 0.000000 0.032800 0.027100 0.032500 0.049700 0.016200 0.016100 0.021500 0.016100 0.021500
HarveysDui 0.015600 0.083500 0.005200 0.098900 0.021100 0.015500 0.005200 0.031800 0.010400 0.021300 0.015700 0.015700 0.015800 0.005200 0.021200 0.031500 0.060200 0.043400 0.010400 0.005200 0.037700 0.010400 0.005200 0.015900 0.010300 0.042200 0.015800 0.005200 0.031800 0.005200 0.021300 0.000000 0.043500 0.015900 0.015700 0.016000 0.010300 0.031500 0.032000 0.021100 0.005200 0.037100 0.021300 0.021200 0.015700 0.021000 0.037300 0.026600 0.015700 0.021000 0.005200 0.010400
Pronghorn 0.037900 0.105400 0.037800 0.119600 0.055500 0.037700 0.038300 0.067200 0.032200 0.038700 0.038100 0.049500 0.038200 0.037900 0.055700 0.066200 0.066900 0.061500 0.032600 0.038300 0.073900 0.032200 0.038300 0.044300 0.032300 0.078100 0.038200 0.038100 0.067000 0.038100 0.038700 0.043500 0.000000 0.038500 0.043800 0.044600 0.032300 0.060400 0.067300 0.049600 0.038100 0.072800 0.038700 0.055700 0.044000 0.049400 0.072900 0.044200 0.038100 0.049300 0.038200 0.043700
BlueWildeb 0.010600 0.085200 0.010600 0.107400 0.027100 0.010500 0.010700 0.038200 0.015900 0.016300 0.010600 0.021500 0.005300 0.010600 0.027100 0.037600 0.067400 0.061600 0.005300 0.010700 0.044200 0.015900 0.010700 0.021800 0.005300 0.048800 0.005300 0.010600 0.038000 0.010600 0.016300 0.015900 0.038500 0.000000 0.021500 0.021800 0.005300 0.037700 0.038200 0.027100 0.010700 0.043600 0.016300 0.038400 0.021500 0.026900 0.043900 0.021900 0.010600 0.026800 0.010700 0.016000
Gemsbok 0.021100 0.097700 0.010500 0.105900 0.026800 0.020900 0.010600 0.037700 0.015800 0.016100 0.021200 0.021200 0.021300 0.010500 0.026800 0.037200 0.060700 0.055100 0.015900 0.010600 0.043800 0.026400 0.010600 0.010700 0.015700 0.048200 0.021300 0.010500 0.037600 0.010500 0.016100 0.015700 0.043800 0.021500 0.000000 0.021600 0.015700 0.037300 0.037800 0.015900 0.010500 0.043000 0.016100 0.026900 0.021300 0.037500 0.043300 0.021400 0.021200 0.015800 0.010500 0.015800
Yak 0.021400 0.098400 0.010700 0.095200 0.027200 0.021300 0.010800 0.038300 0.016000 0.027500 0.021500 0.010700 0.021600 0.010700 0.027300 0.037800 0.062400 0.056400 0.016100 0.010800 0.044500 0.026900 0.010800 0.022000 0.016000 0.049000 0.021600 0.010700 0.038300 0.010700 0.027500 0.016000 0.044600 0.021800 0.021600 0.000000 0.016000 0.026900 0.038500 0.027200 0.010700 0.043800 0.027500 0.038700 0.000100 0.027100 0.044000 0.032900 0.021500 0.027200 0.010700 0.016100
BlueSheep 0.005200 0.077500 0.005200 0.098700 0.021100 0.005100 0.005200 0.031900 0.010400 0.010600 0.005200 0.015700 0.005200 0.005200 0.021200 0.031500 0.060200 0.054700 0.000100 0.005200 0.037800 0.010300 0.005200 0.015900 0.000000 0.042300 0.005200 0.005200 0.031800 0.005200 0.010600 0.010300 0.032300 0.005300 0.015700 0.016000 0.000000 0.031600 0.032000 0.021100 0.005200 0.037200 0.010600 0.032100 0.015800 0.021000 0.037400 0.015800 0.005200 0.021000 0.005200 0.010400
BohorReedb 0.026200 0.101500 0.026300 0.111100 0.010500 0.026100 0.026500 0.054100 0.031600 0.043400 0.037200 0.026500 0.037500 0.026300 0.043100 0.053400 0.077900 0.072000 0.031800 0.026600 0.060400 0.042300 0.026600 0.038000 0.031600 0.053200 0.037500 0.026400 0.042700 0.026400 0.043400 0.031500 0.060400 0.037700 0.037300 0.026900 0.031600 0.000000 0.054300 0.026600 0.026400 0.048100 0.043400 0.054600 0.026500 0.042700 0.048500 0.037600 0.037300 0.042600 0.026500 0.031800
KirksDik 0.037500 0.090200 0.026600 0.101000 0.043600 0.037300 0.026900 0.021300 0.032100 0.040000 0.037700 0.037800 0.037900 0.026600 0.043700 0.010400 0.061000 0.055400 0.032300 0.026900 0.021600 0.042900 0.026900 0.038400 0.032000 0.021000 0.037900 0.026700 0.010500 0.026700 0.040000 0.032000 0.067300 0.038200 0.037800 0.038500 0.032000 0.054300 0.000000 0.043600 0.026800 0.026700 0.040000 0.055200 0.037900 0.043300 0.015900 0.049500 0.037800 0.043300 0.026800 0.032100
RoeDeer 0.021200 0.103000 0.015800 0.114300 0.021400 0.021100 0.016000 0.043500 0.021200 0.021600 0.026700 0.021400 0.026900 0.015800 0.032500 0.042900 0.066900 0.061300 0.021300 0.016000 0.049700 0.031900 0.016000 0.016200 0.021100 0.054000 0.026900 0.015900 0.043400 0.015900 0.021600 0.021100 0.049600 0.027100 0.015900 0.027200 0.021100 0.026600 0.043600 0.000000 0.015900 0.048900 0.021600 0.032500 0.026800 0.043300 0.049100 0.027000 0.026700 0.021200 0.015900 0.021300
WhiteLippe 0.010500 0.084400 0.000200 0.093600 0.015900 0.010400 0.000300 0.026700 0.005200 0.016100 0.010500 0.010500 0.010600 0.000200 0.016000 0.026400 0.055100 0.049500 0.005200 0.000300 0.032600 0.015700 0.000000 0.010700 0.005200 0.037200 0.010600 0.000200 0.026700 0.000200 0.016100 0.005200 0.038100 0.010700 0.010500 0.010700 0.005200 0.026400 0.026800 0.015900 0.000000 0.032000 0.016100 0.026900 0.010500 0.026600 0.032200 0.021400 0.010500 0.015800 0.000300 0.005200
ThomsonGaz 0.042800 0.096200 0.031800 0.093900 0.037700 0.042500 0.032200 0.037600 0.037300 0.049500 0.043000 0.043000 0.043300 0.031800 0.049100 0.026200 0.078400 0.060900 0.037600 0.032200 0.026800 0.048300 0.032200 0.043600 0.037200 0.005100 0.043300 0.032000 0.015800 0.032000 0.049500 0.037100 0.072800 0.043600 0.043000 0.043800 0.037200 0.048100 0.026700 0.048900 0.032000 0.000000 0.049500 0.060500 0.043200 0.048500 0.010500 0.043400 0.043000 0.048600 0.032100 0.037500
MuntiacusC 0.016000 0.091700 0.015900 0.114100 0.032700 0.015900 0.016100 0.043900 0.021400 0.000000 0.016000 0.027000 0.016100 0.016000 0.032900 0.043300 0.067600 0.061800 0.010700 0.016200 0.050200 0.021300 0.016200 0.016300 0.010600 0.054600 0.016100 0.016100 0.043800 0.016100 0.000000 0.021300 0.038700 0.016300 0.016100 0.027500 0.010600 0.043400 0.040000 0.021600 0.016100 0.049500 0.000000 0.032800 0.027100 0.032500 0.049700 0.016200 0.016100 0.021500 0.016100 0.021500
WhiteTaile 0.037700 0.109900 0.026700 0.127900 0.043900 0.037500 0.027000 0.055200 0.032200 0.032800 0.037900 0.038000 0.038100 0.026700 0.043900 0.054400 0.079200 0.061700 0.032400 0.027000 0.061700 0.032100 0.027000 0.016300 0.032100 0.065600 0.038100 0.026800 0.055000 0.026800 0.032800 0.021200 0.055700 0.038400 0.026900 0.038700 0.032100 0.054600 0.055200 0.032500 0.026900 0.060500 0.032800 0.000000 0.038000 0.043500 0.060900 0.038300 0.037900 0.032300 0.026900 0.032300
Cattle 0.021100 0.096600 0.010500 0.093600 0.026800 0.021000 0.010600 0.037800 0.015800 0.027100 0.021200 0.010600 0.021300 0.010500 0.026900 0.037300 0.061000 0.055500 0.015900 0.010600 0.043900 0.026500 0.010600 0.021600 0.015800 0.048300 0.021300 0.010500 0.037700 0.010500 0.027100 0.015700 0.044000 0.021500 0.021300 0.000100 0.015800 0.026500 0.037900 0.026800 0.010500 0.043200 0.027100 0.038000 0.000000 0.026700 0.043400 0.032400 0.021200 0.026600 0.010600 0.015900
RoyalAntel 0.026400 0.072200 0.026400 0.103800 0.043300 0.026200 0.026700 0.043100 0.031800 0.032500 0.027200 0.037500 0.026700 0.026400 0.043500 0.042600 0.066500 0.049400 0.021200 0.026700 0.049200 0.021000 0.026800 0.038100 0.021000 0.053600 0.026700 0.026500 0.043100 0.026500 0.032500 0.021000 0.049400 0.026900 0.037500 0.027100 0.021000 0.042700 0.043300 0.043300 0.026600 0.048500 0.032500 0.043500 0.026700 0.000000 0.048800 0.037800 0.026500 0.043000 0.026600 0.032000
Steenbok 0.043100 0.084400 0.032000 0.093800 0.038000 0.042800 0.032400 0.026700 0.037500 0.049700 0.043300 0.043300 0.043500 0.032000 0.049300 0.015700 0.066800 0.061100 0.037800 0.032400 0.021500 0.048400 0.032300 0.043900 0.037400 0.005200 0.043500 0.032200 0.005200 0.032200 0.049700 0.037300 0.072900 0.043900 0.043300 0.044000 0.037400 0.048500 0.015900 0.049100 0.032200 0.010500 0.049700 0.060900 0.043400 0.048800 0.000000 0.043700 0.043300 0.048800 0.032300 0.037700
Impala 0.021300 0.084700 0.021200 0.107400 0.027000 0.021100 0.021500 0.049300 0.026700 0.016200 0.021300 0.032400 0.021700 0.021300 0.038300 0.048700 0.073000 0.067400 0.016000 0.021500 0.055700 0.026500 0.021500 0.021800 0.015800 0.048500 0.021700 0.021400 0.037900 0.021400 0.016200 0.026600 0.044200 0.021900 0.021400 0.032900 0.015800 0.037600 0.049500 0.027000 0.021400 0.043400 0.016200 0.038300 0.032400 0.037800 0.043700 0.000000 0.021400 0.026800 0.021400 0.026800
Klipspring 0.010600 0.084100 0.010400 0.105900 0.026700 0.010400 0.010500 0.037600 0.015700 0.016100 0.010500 0.021200 0.010500 0.010400 0.026800 0.037200 0.066500 0.061000 0.005200 0.010600 0.043700 0.015700 0.010600 0.021500 0.005200 0.048200 0.010500 0.010500 0.037600 0.010500 0.016100 0.015700 0.038100 0.010600 0.021200 0.021500 0.005200 0.037300 0.037800 0.026700 0.010500 0.043000 0.016100 0.037900 0.021200 0.026500 0.043300 0.021400 0.000000 0.026500 0.010500 0.015800
ForestMusk 0.026400 0.090100 0.015700 0.112100 0.032100 0.026200 0.015900 0.043100 0.021000 0.021500 0.026500 0.026600 0.026600 0.015700 0.032400 0.042600 0.054900 0.060800 0.021200 0.015900 0.049400 0.031700 0.015900 0.016100 0.021000 0.053700 0.026600 0.015800 0.043100 0.015800 0.021500 0.021000 0.049300 0.026800 0.015800 0.027200 0.021000 0.042600 0.043300 0.021200 0.015800 0.048600 0.021500 0.032300 0.026600 0.043000 0.048800 0.026800 0.026500 0.000000 0.015800 0.021100
Bushbuck 0.010500 0.084300 0.000100 0.094200 0.016000 0.010400 0.000200 0.026700 0.005200 0.016100 0.010500 0.010600 0.010600 0.000100 0.016000 0.026400 0.055000 0.049600 0.005300 0.000100 0.032600 0.015700 0.000200 0.010700 0.005200 0.037200 0.010600 0.000000 0.026700 0.000000 0.016100 0.005200 0.038200 0.010700 0.010500 0.010700 0.005200 0.026500 0.026800 0.015900 0.000300 0.032100 0.016100 0.026900 0.010600 0.026600 0.032300 0.021400 0.010500 0.015800 0.000000 0.005200
GreaterKud 0.015700 0.090100 0.005200 0.100400 0.021300 0.015600 0.005300 0.032100 0.010500 0.021500 0.015800 0.015900 0.015900 0.005200 0.021400 0.031700 0.060700 0.055200 0.010500 0.005300 0.038100 0.021000 0.005300 0.016100 0.010400 0.042600 0.015900 0.005200 0.032100 0.005200 0.021500 0.010400 0.043700 0.016000 0.015800 0.016100 0.010400 0.031800 0.032100 0.021300 0.005200 0.037500 0.021500 0.032300 0.015900 0.032000 0.037700 0.026800 0.015800 0.021100 0.005200 0.000000
