1
52 1
Argali 0.000000 0.344300 0.121400 0.400800 0.098700 0.027900 0.067200 0.110800 0.121500 0.207000 0.047300 0.110400 0.057800 0.098800 0.110000 0.058000 0.204700 0.179700 0.067600 0.110500 0.057800 0.047300 0.206800 0.179500 0.037600 0.111000 0.058000 0.121600 0.078300 0.121500 0.194300 0.077600 0.230200 0.057400 0.088300 0.099600 0.057200 0.143100 0.119900 0.156400 0.193700 0.100900 0.194100 0.194300 0.111000 0.120500 0.121700 0.099200 0.099200 0.183600 0.121700 0.121500
LesserMous 0.344300 0.000000 0.270100 0.199200 0.312100 0.331700 0.267800 0.249000 0.271400 0.254900 0.319100 0.270500 0.288600 0.286500 0.254900 0.259100 0.199400 0.224300 0.334600 0.257200 0.257800 0.291300 0.216700 0.239600 0.303800 0.304900 0.289500 0.271400 0.229200 0.271400 0.228000 0.296500 0.281700 0.315900 0.301000 0.257400 0.304400 0.329800 0.310400 0.241400 0.214800 0.293500 0.266100 0.257700 0.271900 0.323900 0.346300 0.243300 0.269600 0.232200 0.272300 0.271400
LesserKudu 0.121400 0.270100 0.000000 0.269100 0.111300 0.132800 0.068400 0.112400 0.038400 0.172400 0.122200 0.028600 0.080300 0.100700 0.101100 0.079700 0.090600 0.123300 0.123400 0.028600 0.079400 0.122300 0.136600 0.112300 0.111100 0.112600 0.080600 0.038400 0.100600 0.038400 0.148200 0.079000 0.146600 0.101200 0.112500 0.018900 0.133500 0.145300 0.099900 0.113000 0.124700 0.102500 0.159800 0.125000 0.028800 0.100800 0.123600 0.090000 0.101000 0.092300 0.038600 0.038400
KillerWhal 0.400800 0.199200 0.269100 0.000000 0.341100 0.352500 0.293800 0.330500 0.298700 0.252200 0.372300 0.297900 0.315400 0.311400 0.253900 0.313600 0.196900 0.222800 0.343000 0.283800 0.311900 0.372900 0.239600 0.237500 0.356100 0.329700 0.316300 0.269300 0.281400 0.298700 0.225300 0.324900 0.237200 0.312300 0.329500 0.283800 0.387600 0.326700 0.339300 0.251600 0.224400 0.317900 0.237600 0.254700 0.269900 0.322100 0.343900 0.269300 0.296700 0.256100 0.299700 0.298700
DefassaWat 0.098700 0.312100 0.111300 0.341100 0.000000 0.088400 0.047500 0.089400 0.111500 0.159600 0.078400 0.100600 0.058500 0.078200 0.078200 0.058200 0.180800 0.145600 0.079100 0.100700 0.057900 0.078500 0.183300 0.157600 0.068200 0.111200 0.058700 0.111500 0.057900 0.111500 0.170800 0.077700 0.218300 0.058100 0.089100 0.090000 0.088900 0.057900 0.078000 0.157800 0.195200 0.101200 0.147400 0.195700 0.101200 0.078500 0.079200 0.068000 0.078300 0.184800 0.111800 0.111500
Sheep 0.027900 0.331700 0.132800 0.352500 0.088400 0.000000 0.057400 0.100600 0.133100 0.194500 0.037700 0.121600 0.048000 0.088600 0.099700 0.048200 0.218000 0.192400 0.057800 0.121800 0.048000 0.037800 0.220600 0.192300 0.028100 0.100600 0.048200 0.110600 0.068300 0.133100 0.182100 0.088100 0.230900 0.028200 0.078200 0.110700 0.047500 0.110300 0.109400 0.168900 0.206600 0.090600 0.181700 0.207700 0.100100 0.110000 0.089500 0.089100 0.088800 0.196800 0.133400 0.133100
MaxwellsDu 0.067200 0.267800 0.068400 0.293800 0.047500 0.057400 0.000000 0.058100 0.068500 0.146500 0.047700 0.058300 0.009400 0.028300 0.067800 0.028300 0.144700 0.132900 0.048200 0.058400 0.009200 0.047800 0.146800 0.122200 0.037900 0.058200 0.009400 0.068500 0.047700 0.068500 0.134900 0.028000 0.179800 0.028300 0.038100 0.048300 0.057700 0.067600 0.047300 0.100700 0.134700 0.048600 0.134600 0.135100 0.058700 0.067600 0.068300 0.037900 0.028200 0.124800 0.068700 0.068500
GazellaPrz 0.110800 0.249000 0.112400 0.330500 0.089400 0.100600 0.058100 0.000000 0.112700 0.173700 0.090500 0.101500 0.069700 0.079400 0.089900 0.048900 0.147700 0.159200 0.112700 0.101800 0.048800 0.069800 0.150300 0.148100 0.079900 0.080200 0.069900 0.112800 0.048600 0.112700 0.161700 0.089000 0.184000 0.090200 0.101300 0.090900 0.080100 0.111500 0.088700 0.148900 0.161100 0.070500 0.184400 0.162100 0.102300 0.100000 0.111700 0.058700 0.089800 0.151500 0.113100 0.112700
MountainNy 0.121500 0.271400 0.038400 0.298700 0.111500 0.133100 0.068500 0.112700 0.000000 0.160700 0.122500 0.028600 0.080400 0.100900 0.123200 0.079800 0.123700 0.134600 0.123600 0.009400 0.079600 0.122600 0.125500 0.101600 0.111300 0.112800 0.080700 0.018900 0.100800 0.000000 0.136900 0.058500 0.158400 0.101400 0.112700 0.019000 0.133800 0.122800 0.100000 0.102200 0.113600 0.102600 0.148300 0.114000 0.028900 0.122700 0.123800 0.090200 0.101100 0.103800 0.000000 0.000000
MuntiacusM 0.207000 0.254900 0.172400 0.252200 0.159600 0.194500 0.146500 0.173700 0.160700 0.000000 0.208500 0.160700 0.160900 0.159300 0.209400 0.184200 0.090500 0.079900 0.210100 0.148900 0.159500 0.184000 0.049200 0.069400 0.195800 0.210600 0.161900 0.137000 0.159000 0.160700 0.019300 0.158800 0.134700 0.160100 0.172700 0.149100 0.196200 0.147800 0.182900 0.069400 0.059300 0.199700 0.009500 0.102100 0.137900 0.209700 0.161000 0.171700 0.148000 0.114600 0.161100 0.160700
goat 0.047300 0.319100 0.122200 0.372300 0.078400 0.037700 0.047700 0.090500 0.122500 0.208500 0.000000 0.111200 0.038400 0.078800 0.089500 0.038600 0.206200 0.180900 0.038200 0.111400 0.038400 0.018100 0.209300 0.181200 0.009300 0.090600 0.038500 0.122500 0.058400 0.122500 0.195900 0.078100 0.232100 0.038100 0.068300 0.100400 0.028200 0.121900 0.099200 0.157900 0.195400 0.080600 0.195200 0.196300 0.111900 0.099800 0.100700 0.079000 0.078900 0.185600 0.122700 0.122500
AfricanBuf 0.110400 0.270500 0.028600 0.297900 0.100600 0.121600 0.058300 0.101500 0.028600 0.160700 0.111200 0.000000 0.069800 0.090100 0.111900 0.069300 0.123500 0.134400 0.112200 0.018900 0.069100 0.111300 0.125400 0.101500 0.100200 0.101800 0.070000 0.028600 0.090000 0.028600 0.136800 0.068700 0.158100 0.090400 0.101600 0.009400 0.122300 0.133900 0.089300 0.102100 0.113700 0.091700 0.148300 0.113800 0.019100 0.111700 0.112600 0.079400 0.090400 0.103600 0.028700 0.028600
Topi 0.057800 0.288600 0.080300 0.315400 0.058500 0.048000 0.009400 0.069700 0.080400 0.160900 0.038400 0.069800 0.000000 0.038600 0.069200 0.038800 0.159400 0.135600 0.038700 0.069900 0.019000 0.038400 0.161400 0.135700 0.028600 0.069800 0.000100 0.080400 0.058800 0.080400 0.149000 0.038300 0.183800 0.018900 0.028700 0.059500 0.048300 0.079300 0.058300 0.113600 0.148700 0.059900 0.148600 0.149200 0.070300 0.079300 0.080100 0.038700 0.037400 0.139100 0.080600 0.080400
CommonDuik 0.098800 0.286500 0.100700 0.311400 0.078200 0.088600 0.028300 0.079400 0.100900 0.159300 0.078800 0.090100 0.038600 0.000000 0.099900 0.058500 0.157400 0.145100 0.079400 0.090200 0.038200 0.078900 0.160200 0.134500 0.068400 0.090200 0.038700 0.100900 0.078600 0.100900 0.147500 0.057400 0.193500 0.058200 0.068600 0.079700 0.089300 0.099400 0.077900 0.112500 0.147400 0.080300 0.147000 0.147900 0.090700 0.078400 0.100500 0.068400 0.058200 0.137500 0.101200 0.100900
Suni 0.110000 0.254900 0.101100 0.253900 0.078200 0.099700 0.067800 0.089900 0.123200 0.209400 0.089500 0.111900 0.069200 0.099900 0.000000 0.058400 0.158100 0.146300 0.090300 0.112100 0.078800 0.089700 0.184400 0.182000 0.079000 0.111700 0.069400 0.123200 0.058100 0.123200 0.196700 0.088500 0.170100 0.068700 0.100400 0.101200 0.100200 0.121300 0.099000 0.183100 0.196100 0.101600 0.196100 0.196900 0.112700 0.067800 0.100500 0.048100 0.089100 0.186000 0.123500 0.123200
Springbuck 0.058000 0.259100 0.079700 0.313600 0.058200 0.048200 0.028300 0.048900 0.079800 0.184200 0.038600 0.069300 0.038800 0.058500 0.058400 0.000000 0.158100 0.169800 0.058900 0.069400 0.019000 0.038600 0.160300 0.134800 0.028800 0.049000 0.038900 0.079800 0.019000 0.079800 0.172000 0.057900 0.194600 0.038500 0.069000 0.059100 0.048600 0.100100 0.057900 0.135600 0.147600 0.039200 0.171300 0.148200 0.069800 0.058100 0.058700 0.048300 0.057600 0.138100 0.080000 0.079800
Okapi 0.204700 0.199400 0.090600 0.196900 0.180800 0.218000 0.144700 0.147700 0.123700 0.090500 0.206200 0.123500 0.159400 0.157400 0.158100 0.158100 0.000000 0.068500 0.207900 0.112600 0.157600 0.182300 0.059000 0.078800 0.193800 0.195400 0.159900 0.123700 0.134100 0.123700 0.069300 0.156700 0.089300 0.182400 0.170600 0.112600 0.194300 0.193600 0.179800 0.079300 0.069000 0.184700 0.100600 0.090300 0.124300 0.181300 0.207500 0.146100 0.157700 0.059400 0.124100 0.123700
Giraffe 0.179700 0.224300 0.123300 0.222800 0.145600 0.192400 0.132900 0.159200 0.134600 0.079900 0.180900 0.134400 0.135600 0.145100 0.146300 0.169800 0.068500 0.000000 0.182700 0.123300 0.145500 0.157700 0.090300 0.068600 0.169000 0.207300 0.136100 0.134600 0.169100 0.134600 0.079600 0.144800 0.078800 0.158100 0.170400 0.123300 0.169400 0.157700 0.168500 0.068600 0.100700 0.196500 0.090000 0.101000 0.135800 0.169900 0.195600 0.112100 0.169200 0.091100 0.135400 0.134600
TibetanAnt 0.067600 0.334600 0.123400 0.343000 0.079100 0.057800 0.048200 0.112700 0.123600 0.210100 0.038200 0.112200 0.038700 0.079400 0.090300 0.058900 0.207900 0.182700 0.000000 0.112400 0.058700 0.038200 0.210400 0.182500 0.028500 0.112700 0.038800 0.123700 0.079400 0.123600 0.197300 0.079000 0.220900 0.038400 0.068900 0.101300 0.048100 0.123000 0.100100 0.159100 0.171600 0.102500 0.196900 0.197600 0.112900 0.100600 0.101600 0.079700 0.079500 0.186800 0.123800 0.123600
Sitatunga 0.110500 0.257200 0.028600 0.283800 0.100700 0.121800 0.058400 0.101800 0.009400 0.148900 0.111400 0.018900 0.069900 0.090200 0.112100 0.069400 0.112600 0.123300 0.112400 0.000000 0.069200 0.111500 0.114300 0.090900 0.100400 0.101900 0.070100 0.009400 0.090100 0.009400 0.125500 0.068800 0.146700 0.090600 0.101700 0.009400 0.122500 0.111700 0.089400 0.091400 0.102700 0.091800 0.136800 0.102900 0.019100 0.111700 0.112700 0.079600 0.090400 0.092800 0.009500 0.009400
Oribi 0.057800 0.257800 0.079400 0.311900 0.057900 0.048000 0.009200 0.048800 0.079600 0.159500 0.038400 0.069100 0.019000 0.038200 0.078800 0.019000 0.157600 0.145500 0.058700 0.069200 0.000000 0.038500 0.160100 0.134700 0.028600 0.048700 0.019100 0.079600 0.038300 0.079600 0.147700 0.037900 0.193900 0.038300 0.048400 0.058900 0.048400 0.078500 0.057600 0.112700 0.147500 0.039100 0.147200 0.148000 0.069600 0.078500 0.079100 0.048200 0.038300 0.137600 0.079800 0.079600
BarbaryShe 0.047300 0.291300 0.122300 0.372900 0.078500 0.037800 0.047800 0.069800 0.122600 0.184000 0.018100 0.111300 0.038400 0.078900 0.089700 0.038600 0.182300 0.157700 0.038200 0.111500 0.038500 0.000000 0.185100 0.158000 0.009300 0.090800 0.038600 0.122600 0.058500 0.122600 0.171900 0.078200 0.207400 0.038100 0.068400 0.100500 0.009300 0.122200 0.099300 0.135100 0.171500 0.080800 0.195200 0.172400 0.112000 0.099800 0.100800 0.079200 0.078900 0.161900 0.122800 0.122600
Daviddeer 0.206800 0.216700 0.136600 0.239600 0.183300 0.220600 0.146800 0.150300 0.125500 0.049200 0.209300 0.125400 0.161400 0.160200 0.184400 0.160300 0.059000 0.090300 0.210400 0.114300 0.160100 0.185100 0.000000 0.058900 0.196500 0.186200 0.162400 0.125500 0.135800 0.125500 0.029100 0.159000 0.112200 0.184800 0.173000 0.114400 0.197000 0.196300 0.182200 0.059200 0.028900 0.175600 0.059100 0.070000 0.126300 0.208700 0.185200 0.148200 0.148200 0.081900 0.125900 0.125500
Reindeer 0.179500 0.239600 0.112300 0.237500 0.157600 0.192300 0.122200 0.148100 0.101600 0.069400 0.181200 0.101500 0.135700 0.134500 0.182000 0.134800 0.078800 0.068600 0.182500 0.090900 0.134700 0.158000 0.058900 0.000000 0.169100 0.171300 0.136600 0.101600 0.157200 0.101600 0.069100 0.133800 0.110800 0.158300 0.170800 0.090900 0.169500 0.170000 0.133700 0.038400 0.048500 0.160800 0.079300 0.028900 0.102300 0.157700 0.159200 0.146300 0.146200 0.059600 0.101900 0.101600
Ibex 0.037600 0.303800 0.111100 0.356100 0.068200 0.028100 0.037900 0.079900 0.111300 0.195800 0.009300 0.100200 0.028600 0.068400 0.079000 0.028800 0.193800 0.169000 0.028500 0.100400 0.028600 0.009300 0.196500 0.169100 0.000000 0.080000 0.028700 0.111400 0.048400 0.111300 0.183400 0.067900 0.219200 0.028400 0.058200 0.089500 0.018700 0.111000 0.088700 0.146100 0.182900 0.070000 0.182800 0.183900 0.100800 0.089100 0.090000 0.068700 0.068500 0.173300 0.111500 0.111300
GyrantGaze 0.111000 0.304900 0.112600 0.329700 0.111200 0.100600 0.058200 0.080200 0.112800 0.210600 0.090600 0.101800 0.069800 0.090200 0.111700 0.049000 0.195400 0.207300 0.112700 0.101900 0.048700 0.090800 0.186200 0.171300 0.080000 0.000000 0.070000 0.112800 0.069100 0.112800 0.198000 0.089300 0.208300 0.090200 0.101400 0.091200 0.101400 0.133600 0.088900 0.172400 0.172800 0.009600 0.197100 0.186000 0.102500 0.111300 0.100900 0.079400 0.090300 0.175100 0.113100 0.112800
Hartebeest 0.058000 0.289500 0.080600 0.316300 0.058700 0.048200 0.009400 0.069900 0.080700 0.161900 0.038500 0.070000 0.000100 0.038700 0.069400 0.038900 0.159900 0.136100 0.038800 0.070100 0.019100 0.038600 0.162400 0.136600 0.028700 0.070000 0.000000 0.080700 0.058900 0.080700 0.149900 0.038400 0.184400 0.019000 0.028800 0.059700 0.048500 0.079600 0.058500 0.114300 0.149600 0.060100 0.149400 0.150100 0.070500 0.079600 0.080300 0.038800 0.038800 0.139500 0.080900 0.080700
Bongo 0.121600 0.271400 0.038400 0.269300 0.111500 0.110600 0.068500 0.112800 0.018900 0.137000 0.122500 0.028600 0.080400 0.100900 0.123200 0.079800 0.123700 0.134600 0.123700 0.009400 0.079600 0.122600 0.125500 0.101600 0.111400 0.112800 0.080700 0.000000 0.100800 0.018900 0.114100 0.079100 0.146700 0.079900 0.112700 0.019000 0.133800 0.100700 0.100000 0.102200 0.113600 0.102600 0.125100 0.114000 0.009500 0.122700 0.101600 0.090300 0.101100 0.103800 0.019000 0.018900
Gerenuk 0.078300 0.229200 0.100600 0.281400 0.057900 0.068300 0.047700 0.048600 0.100800 0.159000 0.058400 0.090000 0.058800 0.078600 0.058100 0.019000 0.134100 0.169100 0.079400 0.090100 0.038300 0.058500 0.135800 0.157200 0.048400 0.069100 0.058900 0.100800 0.000000 0.100800 0.147300 0.078000 0.193600 0.058300 0.068700 0.079500 0.068700 0.099600 0.077900 0.158200 0.146700 0.059300 0.146800 0.171200 0.090600 0.078300 0.079100 0.048100 0.057000 0.161000 0.101100 0.100800
CommonElan 0.121500 0.271400 0.038400 0.298700 0.111500 0.133100 0.068500 0.112700 0.000000 0.160700 0.122500 0.028600 0.080400 0.100900 0.123200 0.079800 0.123700 0.134600 0.123600 0.009400 0.079600 0.122600 0.125500 0.101600 0.111300 0.112800 0.080700 0.018900 0.100800 0.000000 0.136900 0.058500 0.158400 0.101400 0.112700 0.019000 0.133800 0.122800 0.100000 0.102200 0.113600 0.102600 0.148300 0.114000 0.028900 0.122700 0.123800 0.090200 0.101100 0.103800 0.000000 0.000000
MuntiacusR 0.194300 0.228000 0.148200 0.225300 0.170800 0.182100 0.134900 0.161700 0.136900 0.019300 0.195900 0.136800 0.149000 0.147500 0.196700 0.172000 0.069300 0.079600 0.197300 0.125500 0.147700 0.171900 0.029100 0.069100 0.183400 0.198000 0.149900 0.114100 0.147300 0.136900 0.000000 0.146900 0.112200 0.148200 0.160500 0.125600 0.183800 0.159100 0.194400 0.048800 0.038900 0.187200 0.028800 0.080400 0.114800 0.221400 0.172400 0.159800 0.136200 0.092400 0.137300 0.136900
HarveysDui 0.077600 0.296500 0.079000 0.324900 0.077700 0.088100 0.028000 0.089000 0.058500 0.158800 0.078100 0.068700 0.038300 0.057400 0.088500 0.057900 0.156700 0.144800 0.079000 0.068800 0.037900 0.078200 0.159000 0.133800 0.067900 0.089300 0.038400 0.079100 0.078000 0.058500 0.146900 0.000000 0.192700 0.057800 0.068100 0.058600 0.088500 0.098700 0.077400 0.111900 0.146700 0.079400 0.146700 0.147000 0.069200 0.088300 0.099800 0.067800 0.038000 0.136600 0.058700 0.058500
Pronghorn 0.230200 0.281700 0.146600 0.237200 0.218300 0.230900 0.179800 0.184000 0.158400 0.134700 0.232100 0.158100 0.183800 0.193500 0.170100 0.194600 0.089300 0.078800 0.220900 0.146700 0.193900 0.207400 0.112200 0.110800 0.219200 0.208300 0.184400 0.146700 0.193600 0.158400 0.112200 0.192700 0.000000 0.195000 0.220900 0.146700 0.193900 0.219000 0.217100 0.111400 0.122700 0.197500 0.145200 0.123200 0.147500 0.219200 0.233500 0.157900 0.219300 0.113200 0.158900 0.158400
BlueWildeb 0.057400 0.315900 0.101200 0.312300 0.058100 0.028200 0.028300 0.090200 0.101400 0.160100 0.038100 0.090400 0.018900 0.058200 0.068700 0.038500 0.182400 0.158100 0.038400 0.090600 0.038300 0.038100 0.184800 0.158300 0.028400 0.090200 0.019000 0.079900 0.058300 0.101400 0.148200 0.057800 0.195000 0.000000 0.048200 0.079900 0.047900 0.078800 0.078300 0.135600 0.171800 0.080300 0.147900 0.172400 0.069800 0.078700 0.058800 0.058500 0.058300 0.161700 0.101600 0.101400
Gemsbok 0.088300 0.301000 0.112500 0.329500 0.089100 0.078200 0.038100 0.101300 0.112700 0.172700 0.068300 0.101600 0.028700 0.068600 0.100400 0.069000 0.170600 0.170400 0.068900 0.101700 0.048400 0.068400 0.173000 0.170800 0.058200 0.101400 0.028800 0.112700 0.068700 0.112700 0.160500 0.068100 0.220900 0.048200 0.000000 0.090900 0.078700 0.110800 0.089000 0.147700 0.160100 0.091300 0.160100 0.185300 0.102300 0.111100 0.112100 0.068700 0.048300 0.174500 0.113000 0.112700
Yak 0.099600 0.257400 0.018900 0.283800 0.090000 0.110700 0.048300 0.090900 0.019000 0.149100 0.100400 0.009400 0.059500 0.079700 0.101200 0.059100 0.112600 0.123300 0.101300 0.009400 0.058900 0.100500 0.114400 0.090900 0.089500 0.091200 0.059700 0.019000 0.079500 0.019000 0.125600 0.058600 0.146700 0.079900 0.090900 0.000000 0.111400 0.122900 0.078900 0.091500 0.102800 0.081200 0.136900 0.103000 0.009500 0.100900 0.101800 0.069100 0.079900 0.092900 0.019100 0.019000
BlueSheep 0.057200 0.304400 0.133500 0.387600 0.088900 0.047500 0.057700 0.080100 0.133800 0.196200 0.028200 0.122300 0.048300 0.089300 0.100200 0.048600 0.194300 0.169400 0.048100 0.122500 0.048400 0.009300 0.197000 0.169500 0.018700 0.101400 0.048500 0.133800 0.068700 0.133800 0.183800 0.088500 0.193900 0.047900 0.078700 0.111400 0.000000 0.133100 0.110000 0.146500 0.183400 0.091300 0.207500 0.184300 0.123100 0.110500 0.111600 0.089600 0.089400 0.173700 0.134000 0.133800
BohorReedb 0.143100 0.329800 0.145300 0.326700 0.057900 0.110300 0.067600 0.111500 0.122800 0.147800 0.121900 0.133900 0.079300 0.099400 0.121300 0.100100 0.193600 0.157700 0.123000 0.111700 0.078500 0.122200 0.196300 0.170000 0.111000 0.133600 0.079600 0.100700 0.099600 0.122800 0.159100 0.098700 0.219000 0.078800 0.110800 0.122900 0.133100 0.000000 0.099200 0.170200 0.207800 0.123400 0.135700 0.196300 0.112400 0.121500 0.100600 0.089100 0.099300 0.198000 0.123100 0.122800
KirksDik 0.119900 0.310400 0.099900 0.339300 0.078000 0.109400 0.047300 0.088700 0.100000 0.182900 0.099200 0.089300 0.058300 0.077900 0.099000 0.057900 0.179800 0.168500 0.100100 0.089400 0.057600 0.099300 0.182200 0.133700 0.088700 0.088900 0.058500 0.100000 0.077900 0.100000 0.194400 0.077400 0.217100 0.078300 0.089000 0.078900 0.110000 0.099200 0.000000 0.157100 0.169400 0.079300 0.170300 0.170000 0.089900 0.078000 0.078600 0.067800 0.078100 0.159400 0.100300 0.100000
RoeDeer 0.156400 0.241400 0.113000 0.251600 0.157800 0.168900 0.100700 0.148900 0.102200 0.069400 0.157900 0.102100 0.113600 0.112500 0.183100 0.135600 0.079300 0.068600 0.159100 0.091400 0.112700 0.135100 0.059200 0.038400 0.146100 0.172400 0.114300 0.102200 0.158200 0.102200 0.048800 0.111900 0.111400 0.135600 0.147700 0.091500 0.146500 0.170200 0.157100 0.000000 0.048800 0.161800 0.079300 0.048900 0.102900 0.182200 0.183800 0.147100 0.123900 0.060000 0.102500 0.102200
WhiteLippe 0.193700 0.214800 0.124700 0.224400 0.195200 0.206600 0.134700 0.161100 0.113600 0.059300 0.195400 0.113700 0.148700 0.147400 0.196100 0.147600 0.069000 0.100700 0.171600 0.102700 0.147500 0.171500 0.028900 0.048500 0.182900 0.172800 0.149600 0.113600 0.146700 0.113600 0.038900 0.146700 0.122700 0.171800 0.160100 0.102800 0.183400 0.207800 0.169400 0.048800 0.000000 0.162200 0.069300 0.059200 0.114400 0.195400 0.172200 0.159100 0.136100 0.070700 0.114000 0.113600
ThomsonGaz 0.100900 0.293500 0.102500 0.317900 0.101200 0.090600 0.048600 0.070500 0.102600 0.199700 0.080600 0.091700 0.059900 0.080300 0.101600 0.039200 0.184700 0.196500 0.102500 0.091800 0.039100 0.080800 0.175600 0.160800 0.070000 0.009600 0.060100 0.102600 0.059300 0.102600 0.187200 0.079400 0.197500 0.080300 0.091300 0.081200 0.091300 0.123400 0.079300 0.161800 0.162200 0.000000 0.186300 0.175300 0.092300 0.101200 0.091100 0.069500 0.080300 0.164400 0.102900 0.102600
MuntiacusC 0.194100 0.266100 0.159800 0.237600 0.147400 0.181700 0.134600 0.184400 0.148300 0.009500 0.195200 0.148300 0.148600 0.147000 0.196100 0.171300 0.100600 0.090000 0.196900 0.136800 0.147200 0.195200 0.059100 0.079300 0.182800 0.197100 0.149400 0.125100 0.146800 0.148300 0.028800 0.146700 0.145200 0.147900 0.160100 0.136900 0.207500 0.135700 0.170300 0.079300 0.069300 0.186300 0.000000 0.112300 0.125900 0.196500 0.148700 0.159200 0.136000 0.125000 0.148700 0.148300
WhiteTaile 0.194300 0.257700 0.125000 0.254700 0.195700 0.207700 0.135100 0.162100 0.114000 0.102100 0.196300 0.113800 0.149200 0.147900 0.196900 0.148200 0.090300 0.101000 0.197600 0.102900 0.148000 0.172400 0.070000 0.028900 0.183900 0.186000 0.150100 0.114000 0.171200 0.114000 0.080400 0.147000 0.123200 0.172400 0.185300 0.103000 0.184300 0.196300 0.170000 0.048900 0.059200 0.175300 0.112300 0.000000 0.114700 0.195800 0.197600 0.160000 0.159900 0.070900 0.114300 0.114000
Cattle 0.111000 0.271900 0.028800 0.269900 0.101200 0.100100 0.058700 0.102300 0.028900 0.137900 0.111900 0.019100 0.070300 0.090700 0.112700 0.069800 0.124300 0.135800 0.112900 0.019100 0.069600 0.112000 0.126300 0.102300 0.100800 0.102500 0.070500 0.009500 0.090600 0.028900 0.114800 0.069200 0.147500 0.069800 0.102300 0.009500 0.123100 0.112400 0.089900 0.102900 0.114400 0.092300 0.125900 0.114700 0.000000 0.112300 0.091300 0.080100 0.090900 0.104400 0.029000 0.028900
RoyalAntel 0.120500 0.323900 0.100800 0.322100 0.078500 0.110000 0.067600 0.100000 0.122700 0.209700 0.099800 0.111700 0.079300 0.078400 0.067800 0.058100 0.181300 0.169900 0.100600 0.111700 0.078500 0.099800 0.208700 0.157700 0.089100 0.111300 0.079600 0.122700 0.078300 0.122700 0.221400 0.088300 0.219200 0.078700 0.111100 0.100900 0.110500 0.121500 0.078000 0.182200 0.195400 0.101200 0.196500 0.195800 0.112300 0.000000 0.079200 0.088900 0.089200 0.184900 0.123100 0.122700
Steenbok 0.121700 0.346300 0.123600 0.343900 0.079200 0.089500 0.068300 0.111700 0.123800 0.161000 0.100700 0.112600 0.080100 0.100500 0.100500 0.058700 0.207500 0.195600 0.101600 0.112700 0.079100 0.100800 0.185200 0.159200 0.090000 0.100900 0.080300 0.101600 0.079100 0.123800 0.172400 0.099800 0.233500 0.058800 0.112100 0.101800 0.111600 0.100600 0.078600 0.183800 0.172200 0.091100 0.148700 0.197600 0.091300 0.079200 0.000000 0.089800 0.100800 0.186100 0.124100 0.123800
Impala 0.099200 0.243300 0.090000 0.269300 0.068000 0.089100 0.037900 0.058700 0.090200 0.171700 0.079000 0.079400 0.038700 0.068400 0.048100 0.048300 0.146100 0.112100 0.079700 0.079600 0.048200 0.079200 0.148200 0.146300 0.068700 0.079400 0.038800 0.090300 0.048100 0.090200 0.159800 0.067800 0.157900 0.058500 0.068700 0.069100 0.089600 0.089100 0.067800 0.147100 0.159100 0.069500 0.159200 0.160000 0.080100 0.088900 0.089800 0.000000 0.068200 0.149500 0.090500 0.090200
Klipspring 0.099200 0.269600 0.101000 0.296700 0.078300 0.088800 0.028200 0.089800 0.101100 0.148000 0.078900 0.090400 0.037400 0.058200 0.089100 0.057600 0.157700 0.169200 0.079500 0.090400 0.038300 0.078900 0.148200 0.146200 0.068500 0.090300 0.038800 0.101100 0.057000 0.101100 0.136200 0.038000 0.219300 0.058300 0.048300 0.079900 0.089400 0.099300 0.078100 0.123900 0.136100 0.080300 0.136000 0.159900 0.090900 0.089200 0.100800 0.068200 0.000000 0.161300 0.101400 0.101100
ForestMusk 0.183600 0.232200 0.092300 0.256100 0.184800 0.196800 0.124800 0.151500 0.103800 0.114600 0.185600 0.103600 0.139100 0.137500 0.186000 0.138100 0.059400 0.091100 0.186800 0.092800 0.137600 0.161900 0.081900 0.059600 0.173300 0.175100 0.139500 0.103800 0.161000 0.103800 0.092400 0.136600 0.113200 0.161700 0.174500 0.092900 0.173700 0.198000 0.159400 0.060000 0.070700 0.164400 0.125000 0.070900 0.104400 0.184900 0.186100 0.149500 0.161300 0.000000 0.104100 0.103800
Bushbuck 0.121700 0.272300 0.038600 0.299700 0.111800 0.133400 0.068700 0.113100 0.000000 0.161100 0.122700 0.028700 0.080600 0.101200 0.123500 0.080000 0.124100 0.135400 0.123800 0.009500 0.079800 0.122800 0.125900 0.101900 0.111500 0.113100 0.080900 0.019000 0.101100 0.000000 0.137300 0.058700 0.158900 0.101600 0.113000 0.019100 0.134000 0.123100 0.100300 0.102500 0.114000 0.102900 0.148700 0.114300 0.029000 0.123100 0.124100 0.090500 0.101400 0.104100 0.000000 0.000000
GreaterKud 0.121500 0.271400 0.038400 0.298700 0.111500 0.133100 0.068500 0.112700 0.000000 0.160700 0.122500 0.028600 0.080400 0.100900 0.123200 0.079800 0.123700 0.134600 0.123600 0.009400 0.079600 0.122600 0.125500 0.101600 0.111300 0.112800 0.080700 0.018900 0.100800 0.000000 0.136900 0.058500 0.158400 0.101400 0.112700 0.019000 0.133800 0.122800 0.100000 0.102200 0.113600 0.102600 0.148300 0.114000 0.028900 0.122700 0.123800 0.090200 0.101100 0.103800 0.000000 0.000000
