1
52 1
Argali 0.000000 0.240800 0.060700 0.351500 0.026700 0.000000 0.033200 0.068100 0.047000 0.089100 0.006500 0.060900 0.013100 0.039900 0.033200 0.047000 0.053800 0.060900 0.006500 0.033300 0.026500 0.013100 0.081300 0.097100 0.000000 0.026500 0.013200 0.026500 0.033300 0.040000 0.068500 0.039900 0.067900 0.019900 0.040200 0.068800 0.019800 0.026700 0.033600 0.096100 0.081900 0.040100 0.075000 0.067900 0.090300 0.047000 0.047300 0.075700 0.040100 0.047000 0.040000 0.046800
LesserMous 0.240800 0.000000 0.257600 0.307600 0.234800 0.240800 0.240400 0.270000 0.241400 0.258000 0.250600 0.232300 0.249800 0.249000 0.258500 0.250700 0.231800 0.240700 0.250000 0.223700 0.233600 0.240400 0.237900 0.260500 0.240800 0.233300 0.233300 0.232000 0.259200 0.232000 0.251900 0.266700 0.224400 0.233900 0.269100 0.271200 0.214900 0.234600 0.262100 0.224000 0.222800 0.250500 0.241300 0.232600 0.298400 0.240600 0.270400 0.290800 0.268600 0.223800 0.232000 0.240000
LesserKudu 0.060700 0.257600 0.000000 0.340000 0.061200 0.060700 0.067500 0.104000 0.013100 0.067300 0.068000 0.053600 0.046700 0.074300 0.067500 0.082000 0.033000 0.053600 0.067800 0.026300 0.060600 0.074700 0.102300 0.103900 0.060700 0.060700 0.046900 0.033000 0.067700 0.019700 0.061000 0.060400 0.074600 0.053900 0.074900 0.061300 0.068100 0.061200 0.068400 0.102900 0.088600 0.074700 0.067500 0.074600 0.082500 0.067500 0.068200 0.097300 0.074800 0.039900 0.019700 0.026300
KillerWhal 0.351500 0.307600 0.340000 0.000000 0.345500 0.351500 0.350700 0.425500 0.322500 0.351600 0.363100 0.331600 0.341700 0.360400 0.371200 0.373400 0.311700 0.331600 0.361900 0.312700 0.362300 0.351000 0.357500 0.363000 0.351500 0.343100 0.343200 0.321900 0.372400 0.321900 0.354200 0.360100 0.321900 0.344300 0.373300 0.365000 0.322000 0.345300 0.376500 0.380400 0.340700 0.362200 0.352100 0.332800 0.374400 0.350900 0.375300 0.398700 0.382800 0.332200 0.321900 0.312500
DefassaWat 0.026700 0.234800 0.061200 0.345500 0.000000 0.026700 0.033400 0.068600 0.047400 0.089800 0.033700 0.061300 0.026700 0.040100 0.033400 0.047400 0.054200 0.061300 0.033600 0.033500 0.026700 0.040400 0.081900 0.097800 0.026700 0.013300 0.013300 0.040300 0.033500 0.040300 0.069000 0.040200 0.068400 0.020000 0.040500 0.069300 0.047500 0.013200 0.033900 0.082400 0.082500 0.026700 0.075500 0.068400 0.091000 0.033600 0.047700 0.076300 0.040400 0.047300 0.040300 0.047100
Sheep 0.000000 0.240800 0.060700 0.351500 0.026700 0.000000 0.033200 0.068100 0.047000 0.089100 0.006500 0.060900 0.013100 0.039900 0.033200 0.047000 0.053800 0.060900 0.006500 0.033300 0.026500 0.013100 0.081300 0.097100 0.000000 0.026500 0.013200 0.026500 0.033300 0.040000 0.068500 0.039900 0.067900 0.019900 0.040200 0.068800 0.019800 0.026700 0.033600 0.096100 0.081900 0.040100 0.075000 0.067900 0.090300 0.047000 0.047300 0.075700 0.040100 0.047000 0.040000 0.046800
MaxwellsDu 0.033200 0.240400 0.067500 0.350700 0.033400 0.033200 0.000000 0.074700 0.053700 0.095600 0.040100 0.067400 0.033000 0.019600 0.026400 0.053700 0.046500 0.053700 0.040000 0.039900 0.033000 0.033100 0.073900 0.104000 0.033200 0.033100 0.019700 0.046700 0.040000 0.046700 0.060900 0.019600 0.060600 0.026400 0.046900 0.075700 0.040100 0.019900 0.040200 0.103000 0.074100 0.033100 0.081500 0.074700 0.096900 0.040000 0.053900 0.068100 0.033100 0.053700 0.046700 0.053500
GazellaPrz 0.068100 0.270000 0.104000 0.425500 0.068600 0.068100 0.074700 0.000000 0.089700 0.133400 0.075600 0.103800 0.067700 0.081600 0.075000 0.075400 0.096400 0.104200 0.075300 0.075100 0.040200 0.082300 0.125400 0.142600 0.068200 0.054000 0.053900 0.082200 0.061200 0.082200 0.112200 0.081700 0.111800 0.061000 0.082600 0.113200 0.090100 0.068700 0.040300 0.111400 0.125700 0.053900 0.118600 0.111700 0.135300 0.075300 0.061000 0.119900 0.082200 0.082400 0.082200 0.089300
MountainNy 0.047000 0.241400 0.013100 0.322500 0.047400 0.047000 0.053700 0.089700 0.000000 0.053700 0.054200 0.040000 0.033200 0.060600 0.053800 0.068100 0.019800 0.040000 0.054000 0.012300 0.047000 0.060900 0.088200 0.089700 0.047000 0.047000 0.033400 0.019700 0.054000 0.006500 0.047300 0.046800 0.060800 0.040200 0.061100 0.047500 0.054200 0.047400 0.054500 0.088800 0.074600 0.060900 0.053800 0.060800 0.068500 0.053800 0.054300 0.083200 0.061000 0.026500 0.006500 0.013100
MuntiacusM 0.089100 0.258000 0.067300 0.351600 0.089800 0.089100 0.095600 0.133400 0.053700 0.000000 0.096900 0.081400 0.088600 0.102600 0.096100 0.111200 0.074200 0.096100 0.096500 0.067500 0.088700 0.103600 0.088100 0.068100 0.089200 0.088800 0.074600 0.074500 0.096400 0.060400 0.047000 0.102700 0.103400 0.081800 0.104000 0.082800 0.096900 0.089800 0.097000 0.088600 0.074200 0.103200 0.013100 0.046900 0.111500 0.096000 0.111500 0.127000 0.103500 0.081800 0.060400 0.067300
goat 0.006500 0.250600 0.068000 0.363100 0.033700 0.006500 0.040100 0.075600 0.054200 0.096900 0.000000 0.068200 0.019900 0.046900 0.040200 0.054200 0.061100 0.068200 0.013200 0.040300 0.033400 0.019800 0.088900 0.105000 0.006600 0.033500 0.019900 0.033400 0.040300 0.047100 0.076000 0.047000 0.075400 0.026700 0.047300 0.076300 0.026600 0.033700 0.040700 0.103900 0.089500 0.047200 0.082500 0.075400 0.098100 0.053300 0.054600 0.083400 0.047200 0.054200 0.047100 0.053900
AfricanBuf 0.060900 0.232300 0.053600 0.331600 0.061300 0.060900 0.067400 0.103800 0.040000 0.081400 0.068200 0.000000 0.060500 0.060300 0.067700 0.082300 0.046600 0.067700 0.068000 0.040000 0.060600 0.074900 0.102500 0.104200 0.060900 0.060700 0.046900 0.046800 0.067900 0.046800 0.061000 0.074300 0.060700 0.053800 0.075200 0.061500 0.061200 0.061400 0.068300 0.103100 0.088500 0.074600 0.067400 0.074800 0.082500 0.067700 0.082500 0.097300 0.074800 0.053800 0.046800 0.053600
Topi 0.013100 0.249800 0.046700 0.341700 0.026700 0.013100 0.033000 0.067700 0.033200 0.088600 0.019900 0.060500 0.000000 0.039600 0.033100 0.046900 0.039800 0.046800 0.019800 0.019700 0.026400 0.026400 0.081200 0.096900 0.013100 0.026400 0.013100 0.013100 0.033200 0.026400 0.068000 0.026200 0.067800 0.019800 0.040100 0.068600 0.033400 0.026700 0.033400 0.095900 0.081400 0.039800 0.074500 0.067700 0.089700 0.046900 0.033300 0.075200 0.039900 0.033200 0.026400 0.033100
CommonDuik 0.039900 0.249000 0.074300 0.360400 0.040100 0.039900 0.019600 0.081600 0.060600 0.102600 0.046900 0.060300 0.039600 0.000000 0.033000 0.060600 0.067100 0.074500 0.046700 0.046600 0.039700 0.053500 0.095100 0.111200 0.039900 0.039700 0.026300 0.053500 0.046600 0.053500 0.082000 0.013000 0.081700 0.033100 0.053700 0.082700 0.060800 0.040200 0.047000 0.110100 0.095300 0.039700 0.088400 0.081600 0.104000 0.046800 0.060700 0.075100 0.039800 0.060500 0.053500 0.060300
Suni 0.033200 0.258500 0.067500 0.371200 0.033400 0.033200 0.026400 0.075000 0.053800 0.096100 0.040200 0.067700 0.033100 0.033000 0.000000 0.053800 0.060600 0.067700 0.040000 0.039900 0.033200 0.046800 0.088100 0.104100 0.033200 0.033200 0.019800 0.046700 0.040000 0.046700 0.075400 0.033100 0.074700 0.026500 0.047000 0.075700 0.054000 0.033400 0.040400 0.088700 0.088700 0.033200 0.081900 0.074700 0.097300 0.040000 0.054200 0.068500 0.033300 0.053700 0.046700 0.053500
Springbuck 0.047000 0.250700 0.082000 0.373400 0.047400 0.047000 0.053700 0.075400 0.068100 0.111200 0.054200 0.082300 0.046900 0.060600 0.053800 0.000000 0.075000 0.082200 0.054100 0.053900 0.033400 0.060900 0.074300 0.119600 0.047100 0.033400 0.033400 0.060800 0.040200 0.060800 0.090200 0.060600 0.089500 0.033500 0.061200 0.076100 0.068300 0.047400 0.040600 0.118400 0.074800 0.047100 0.096800 0.089500 0.097800 0.054000 0.054500 0.090600 0.061100 0.068000 0.060800 0.067700
Okapi 0.053800 0.231800 0.033000 0.311700 0.054200 0.053800 0.046500 0.096400 0.019800 0.074200 0.061100 0.046600 0.039800 0.067100 0.060600 0.075000 0.000000 0.019700 0.060800 0.019700 0.053600 0.053700 0.080900 0.096700 0.053800 0.053600 0.039900 0.026400 0.060800 0.026400 0.040100 0.053300 0.053700 0.046800 0.068000 0.054300 0.047100 0.040300 0.061100 0.095700 0.067100 0.067500 0.060400 0.067600 0.075100 0.060500 0.061000 0.089800 0.067600 0.033200 0.026400 0.033000
Giraffe 0.060900 0.240700 0.053600 0.331600 0.061300 0.060900 0.053700 0.104200 0.040000 0.096100 0.068200 0.067700 0.046800 0.074500 0.067700 0.082200 0.019700 0.000000 0.068000 0.026400 0.060800 0.060800 0.074000 0.104200 0.060900 0.060900 0.047000 0.033100 0.067900 0.033100 0.061200 0.060500 0.060700 0.054000 0.075200 0.075700 0.054200 0.047300 0.068600 0.103100 0.074600 0.074900 0.081900 0.074800 0.097300 0.067600 0.068400 0.097700 0.075000 0.040000 0.033100 0.039800
TibetanAnt 0.006500 0.250000 0.067800 0.361900 0.033600 0.006500 0.040000 0.075300 0.054000 0.096500 0.013200 0.068000 0.019800 0.046700 0.040000 0.054100 0.060800 0.068000 0.000000 0.040100 0.033300 0.019800 0.088600 0.104600 0.006500 0.033300 0.019900 0.033300 0.040200 0.046900 0.075700 0.046800 0.075100 0.026600 0.047200 0.076100 0.026500 0.033600 0.040600 0.103600 0.089200 0.047000 0.082200 0.075100 0.097800 0.054000 0.054400 0.083100 0.047100 0.054000 0.046900 0.053800
Sitatunga 0.033300 0.223700 0.026300 0.312700 0.033500 0.033300 0.039900 0.075100 0.012300 0.067500 0.040300 0.040000 0.019700 0.046600 0.039900 0.053900 0.019700 0.026400 0.040100 0.000000 0.033200 0.046900 0.073900 0.075100 0.033300 0.033300 0.019800 0.006500 0.040100 0.006500 0.047200 0.033100 0.046800 0.026600 0.047100 0.047400 0.040300 0.033500 0.040500 0.074300 0.060400 0.046900 0.053700 0.046800 0.068300 0.039900 0.040400 0.068600 0.047000 0.013100 0.006500 0.013100
Oribi 0.026500 0.233600 0.060600 0.362300 0.026700 0.026500 0.033000 0.040200 0.047000 0.088700 0.033400 0.060600 0.026400 0.039700 0.033200 0.033400 0.053600 0.060800 0.033300 0.033200 0.000000 0.040000 0.081200 0.097000 0.026500 0.013100 0.013100 0.040000 0.019800 0.040000 0.068100 0.039700 0.067900 0.019800 0.040200 0.068700 0.047100 0.026700 0.020000 0.081800 0.081500 0.026400 0.074600 0.067900 0.089900 0.046900 0.033500 0.075400 0.040000 0.047000 0.040000 0.046800
BarbaryShe 0.013100 0.240400 0.074700 0.351000 0.040400 0.013100 0.033100 0.082300 0.060900 0.103600 0.019800 0.074900 0.026400 0.053500 0.046800 0.060900 0.053700 0.060800 0.019800 0.046900 0.040000 0.000000 0.081200 0.111800 0.013100 0.040100 0.026500 0.040000 0.046900 0.053700 0.068400 0.053600 0.067800 0.033300 0.054000 0.083100 0.019800 0.026700 0.047400 0.110600 0.081700 0.053800 0.089200 0.082000 0.104900 0.060800 0.061300 0.090100 0.053900 0.060800 0.053700 0.060600
Daviddeer 0.081300 0.237900 0.102300 0.357500 0.081900 0.081300 0.073900 0.125400 0.088200 0.088100 0.088900 0.102500 0.081200 0.095100 0.088100 0.074300 0.080900 0.074000 0.088600 0.073900 0.081200 0.081200 0.000000 0.081700 0.081400 0.081300 0.067300 0.080900 0.088500 0.080900 0.053700 0.095200 0.095300 0.067500 0.095900 0.103900 0.088800 0.067700 0.089300 0.080900 0.013000 0.095600 0.074100 0.053300 0.133600 0.088200 0.103700 0.126400 0.095700 0.088200 0.080900 0.087800
Reindeer 0.097100 0.260500 0.103900 0.363000 0.097800 0.097100 0.104000 0.142600 0.089700 0.068100 0.105000 0.104200 0.096900 0.111200 0.104100 0.119600 0.096700 0.104200 0.104600 0.075100 0.097000 0.111800 0.081700 0.000000 0.097100 0.097100 0.082600 0.082200 0.104500 0.082200 0.068700 0.111300 0.111600 0.090000 0.112200 0.105600 0.105100 0.097900 0.105500 0.081900 0.068000 0.111800 0.068200 0.026600 0.135600 0.104100 0.120300 0.136200 0.112000 0.089600 0.082200 0.089200
Ibex 0.000000 0.240800 0.060700 0.351500 0.026700 0.000000 0.033200 0.068200 0.047000 0.089200 0.006600 0.060900 0.013100 0.039900 0.033200 0.047100 0.053800 0.060900 0.006500 0.033300 0.026500 0.013100 0.081400 0.097100 0.000000 0.026600 0.013200 0.026500 0.033300 0.040100 0.068500 0.039900 0.068000 0.019900 0.040200 0.068800 0.019800 0.026800 0.033600 0.096200 0.081900 0.040100 0.075000 0.067900 0.090300 0.047000 0.047400 0.075800 0.040200 0.047000 0.040100 0.046800
GyrantGaze 0.026500 0.233300 0.060700 0.343100 0.013300 0.026500 0.033100 0.054000 0.047000 0.088800 0.033500 0.060700 0.026400 0.039700 0.033200 0.033400 0.053600 0.060900 0.033300 0.033300 0.013100 0.040100 0.081300 0.097100 0.026600 0.000000 0.013100 0.040000 0.019900 0.040000 0.068200 0.039800 0.067900 0.019800 0.040200 0.068800 0.047200 0.026700 0.020000 0.081800 0.081600 0.013100 0.074700 0.067900 0.090000 0.033300 0.033500 0.075500 0.040000 0.047000 0.040000 0.046800
Hartebeest 0.013200 0.233300 0.046900 0.343200 0.013300 0.013200 0.019700 0.053900 0.033400 0.074600 0.019900 0.046900 0.013100 0.026300 0.019800 0.033400 0.039900 0.047000 0.019900 0.019800 0.013100 0.026500 0.067300 0.082600 0.013200 0.013100 0.000000 0.026500 0.019900 0.026500 0.054200 0.026300 0.054000 0.006600 0.026600 0.054700 0.033500 0.013300 0.020000 0.081800 0.067500 0.026500 0.060700 0.054000 0.075600 0.033300 0.033500 0.061300 0.026500 0.033400 0.026500 0.033200
Bongo 0.026500 0.232000 0.033000 0.321900 0.040300 0.026500 0.046700 0.082200 0.019700 0.074500 0.033400 0.046800 0.013100 0.053500 0.046700 0.060800 0.026400 0.033100 0.033300 0.006500 0.040000 0.040000 0.080900 0.082200 0.026500 0.040000 0.026500 0.000000 0.046900 0.013000 0.054100 0.039800 0.053700 0.033300 0.053900 0.054300 0.033400 0.040300 0.047400 0.081400 0.067400 0.053800 0.060600 0.053700 0.075400 0.046700 0.047200 0.075700 0.053800 0.019700 0.013000 0.019700
Gerenuk 0.033300 0.259200 0.067700 0.372400 0.033500 0.033300 0.040000 0.061200 0.054000 0.096400 0.040300 0.067900 0.033200 0.046600 0.040000 0.040200 0.060800 0.067900 0.040200 0.040100 0.019800 0.046900 0.088500 0.104500 0.033300 0.019900 0.019900 0.046900 0.000000 0.046900 0.075600 0.046700 0.075000 0.026600 0.047100 0.076000 0.054100 0.033600 0.026800 0.103400 0.089100 0.033300 0.082100 0.075000 0.097700 0.053900 0.040500 0.083000 0.047000 0.053900 0.046900 0.053700
CommonElan 0.040000 0.232000 0.019700 0.321900 0.040300 0.040000 0.046700 0.082200 0.006500 0.060400 0.047100 0.046800 0.026400 0.053500 0.046700 0.060800 0.026400 0.033100 0.046900 0.006500 0.040000 0.053700 0.080900 0.082200 0.040100 0.040000 0.026500 0.013000 0.046900 0.000000 0.054100 0.039800 0.053700 0.033300 0.053900 0.054300 0.047100 0.040300 0.047400 0.081400 0.067400 0.053800 0.060600 0.053700 0.075400 0.046700 0.047200 0.075700 0.053800 0.019700 0.000000 0.006500
MuntiacusR 0.068500 0.251900 0.061000 0.354200 0.069000 0.068500 0.060900 0.112200 0.047300 0.047000 0.076000 0.061000 0.068000 0.082000 0.075400 0.090200 0.040100 0.061200 0.075700 0.047200 0.068100 0.068400 0.053700 0.068700 0.068500 0.068200 0.054200 0.054100 0.075600 0.054100 0.000000 0.082100 0.068300 0.061300 0.083100 0.054900 0.061700 0.054700 0.076100 0.068100 0.040100 0.082400 0.033400 0.040400 0.083100 0.075300 0.090400 0.105600 0.082600 0.061200 0.054100 0.061000
HarveysDui 0.039900 0.266700 0.060400 0.360100 0.040200 0.039900 0.019600 0.081700 0.046800 0.102700 0.047000 0.074300 0.026200 0.013000 0.033100 0.060600 0.053300 0.060500 0.046800 0.033100 0.039700 0.053600 0.095200 0.111300 0.039900 0.039800 0.026300 0.039800 0.046700 0.039800 0.082100 0.000000 0.081800 0.033100 0.053800 0.082800 0.060800 0.040200 0.047000 0.110200 0.095400 0.039800 0.088500 0.081700 0.104100 0.046800 0.046900 0.075200 0.039800 0.046800 0.039800 0.046500
Pronghorn 0.067900 0.224400 0.074600 0.321900 0.068400 0.067900 0.060600 0.111800 0.060800 0.103400 0.075400 0.060700 0.067800 0.081700 0.074700 0.089500 0.053700 0.060700 0.075100 0.046800 0.067900 0.067800 0.095300 0.111600 0.068000 0.067900 0.054000 0.053700 0.075000 0.053700 0.068300 0.081800 0.000000 0.061100 0.082300 0.083000 0.061200 0.054300 0.075800 0.110600 0.081700 0.082100 0.089100 0.082000 0.104800 0.074800 0.090100 0.097700 0.082200 0.046900 0.053700 0.060500
BlueWildeb 0.019900 0.233900 0.053900 0.344300 0.020000 0.019900 0.026400 0.061000 0.040200 0.081800 0.026700 0.053800 0.019800 0.033100 0.026500 0.033500 0.046800 0.054000 0.026600 0.026600 0.019800 0.033300 0.067500 0.090000 0.019900 0.019800 0.006600 0.033300 0.026600 0.033300 0.061300 0.033100 0.061100 0.000000 0.033500 0.061800 0.040400 0.020000 0.026800 0.089100 0.067600 0.033200 0.067800 0.061000 0.082900 0.040200 0.040400 0.054200 0.033300 0.040200 0.033300 0.040100
Gemsbok 0.040200 0.269100 0.074900 0.373300 0.040500 0.040200 0.046900 0.082600 0.061100 0.104000 0.047300 0.075200 0.040100 0.053700 0.047000 0.061200 0.068000 0.075200 0.047200 0.047100 0.040200 0.054000 0.095900 0.112200 0.040200 0.040200 0.026600 0.053900 0.047100 0.053900 0.083100 0.053800 0.082300 0.033500 0.000000 0.069100 0.061300 0.040500 0.047600 0.111100 0.096500 0.054000 0.089600 0.082400 0.090700 0.061000 0.061500 0.090600 0.040300 0.061000 0.053900 0.060800
Yak 0.068800 0.271200 0.061300 0.365000 0.069300 0.068800 0.075700 0.113200 0.047500 0.082800 0.076300 0.061500 0.068600 0.082700 0.075700 0.076100 0.054300 0.075700 0.076100 0.047400 0.068700 0.083100 0.103900 0.105600 0.068800 0.068800 0.054700 0.054300 0.076000 0.054300 0.054900 0.082800 0.083000 0.061800 0.069100 0.000000 0.076400 0.069300 0.076800 0.104500 0.090000 0.083200 0.068600 0.075800 0.020300 0.075700 0.091200 0.106600 0.069000 0.061500 0.054300 0.061300
BlueSheep 0.019800 0.214900 0.068100 0.322000 0.047500 0.019800 0.040100 0.090100 0.054200 0.096900 0.026600 0.061200 0.033400 0.060800 0.054000 0.068300 0.047100 0.054200 0.026500 0.040300 0.047100 0.019800 0.088800 0.105100 0.019800 0.047200 0.033500 0.033400 0.054100 0.047100 0.061700 0.060800 0.061200 0.040400 0.061300 0.076400 0.000000 0.033700 0.054700 0.104000 0.075100 0.061100 0.082600 0.075400 0.098200 0.068200 0.068800 0.083500 0.061200 0.054200 0.047100 0.054000
BohorReedb 0.026700 0.234600 0.061200 0.345300 0.013200 0.026700 0.019900 0.068700 0.047400 0.089800 0.033700 0.061400 0.026700 0.040200 0.033400 0.047400 0.040300 0.047300 0.033600 0.033500 0.026700 0.026700 0.067700 0.097900 0.026800 0.026700 0.013300 0.040300 0.033600 0.040300 0.054700 0.040200 0.054300 0.020000 0.040500 0.069300 0.033700 0.000000 0.033900 0.096900 0.068200 0.040400 0.075500 0.068400 0.091000 0.047400 0.047700 0.076300 0.040400 0.047400 0.040300 0.047200
KirksDik 0.033600 0.262100 0.068400 0.376500 0.033900 0.033600 0.040200 0.040300 0.054500 0.097000 0.040700 0.068300 0.033400 0.047000 0.040400 0.040600 0.061100 0.068600 0.040600 0.040500 0.020000 0.047400 0.089300 0.105500 0.033600 0.020000 0.020000 0.047400 0.026800 0.047400 0.076100 0.047000 0.075800 0.026800 0.047600 0.076800 0.054700 0.033900 0.000000 0.104500 0.089600 0.026700 0.082700 0.075800 0.098300 0.054400 0.026800 0.083500 0.047300 0.047500 0.047400 0.054200
RoeDeer 0.096100 0.224000 0.102900 0.380400 0.082400 0.096100 0.103000 0.111400 0.088800 0.088600 0.103900 0.103100 0.095900 0.110100 0.088700 0.118400 0.095700 0.103100 0.103600 0.074300 0.081800 0.110600 0.080900 0.081900 0.096200 0.081800 0.081800 0.081400 0.103400 0.081400 0.068100 0.110200 0.110600 0.089100 0.111100 0.104500 0.104000 0.096900 0.104500 0.000000 0.067400 0.096100 0.074600 0.053500 0.134300 0.088700 0.119100 0.134700 0.110800 0.088700 0.081400 0.088300
WhiteLippe 0.081900 0.222800 0.088600 0.340700 0.082500 0.081900 0.074100 0.125700 0.074600 0.074200 0.089500 0.088500 0.081400 0.095300 0.088700 0.074800 0.067100 0.074600 0.089200 0.060400 0.081500 0.081700 0.013000 0.068000 0.081900 0.081600 0.067500 0.067400 0.089100 0.067400 0.040100 0.095400 0.081700 0.067600 0.096500 0.090000 0.075100 0.068200 0.089600 0.067400 0.000000 0.095800 0.060400 0.040000 0.118800 0.088700 0.104000 0.111900 0.096000 0.074600 0.067400 0.074300
ThomsonGaz 0.040100 0.250500 0.074700 0.362200 0.026700 0.040100 0.033100 0.053900 0.060900 0.103200 0.047200 0.074600 0.039800 0.039700 0.033200 0.047100 0.067500 0.074900 0.047000 0.046900 0.026400 0.053800 0.095600 0.111800 0.040100 0.013100 0.026500 0.053800 0.033300 0.053800 0.082400 0.039800 0.082100 0.033200 0.054000 0.083200 0.061100 0.040400 0.026700 0.096100 0.095800 0.000000 0.088900 0.082100 0.104600 0.033400 0.047200 0.075500 0.040000 0.060900 0.053800 0.060600
MuntiacusC 0.075000 0.241300 0.067500 0.352100 0.075500 0.075000 0.081500 0.118600 0.053800 0.013100 0.082500 0.067400 0.074500 0.088400 0.081900 0.096800 0.060400 0.081900 0.082200 0.053700 0.074600 0.089200 0.074100 0.068200 0.075000 0.074700 0.060700 0.060600 0.082100 0.060600 0.033400 0.088500 0.089100 0.067800 0.089600 0.068600 0.082600 0.075500 0.082700 0.074600 0.060400 0.088900 0.000000 0.046900 0.097000 0.081800 0.097000 0.112300 0.089100 0.067700 0.060600 0.067400
WhiteTaile 0.067900 0.232600 0.074600 0.332800 0.068400 0.067900 0.074700 0.111700 0.060800 0.046900 0.075400 0.074800 0.067700 0.081600 0.074700 0.089500 0.067600 0.074800 0.075100 0.046800 0.067900 0.082000 0.053300 0.026600 0.067900 0.067900 0.054000 0.053700 0.075000 0.053700 0.040400 0.081700 0.082000 0.061000 0.082400 0.075800 0.075400 0.068400 0.075800 0.053500 0.040000 0.082100 0.046900 0.000000 0.104800 0.074700 0.090100 0.105200 0.082200 0.060800 0.053700 0.060500
Cattle 0.090300 0.298400 0.082500 0.374400 0.091000 0.090300 0.096900 0.135300 0.068500 0.111500 0.098100 0.082500 0.089700 0.104000 0.097300 0.097800 0.075100 0.097300 0.097800 0.068300 0.089900 0.104900 0.133600 0.135600 0.090300 0.090000 0.075600 0.075400 0.097700 0.075400 0.083100 0.104100 0.104800 0.082900 0.090700 0.020300 0.098200 0.091000 0.098300 0.134300 0.118800 0.104600 0.097000 0.104800 0.000000 0.097300 0.113000 0.128700 0.090200 0.082800 0.075400 0.082400
RoyalAntel 0.047000 0.240600 0.067500 0.350900 0.033600 0.047000 0.040000 0.075300 0.053800 0.096000 0.053300 0.067700 0.046900 0.046800 0.040000 0.054000 0.060500 0.067600 0.054000 0.039900 0.046900 0.060800 0.088200 0.104100 0.047000 0.033300 0.033300 0.046700 0.053900 0.046700 0.075300 0.046800 0.074800 0.040200 0.061000 0.075700 0.068200 0.047400 0.054400 0.088700 0.088700 0.033400 0.081800 0.074700 0.097300 0.000000 0.068400 0.083100 0.047100 0.053700 0.046700 0.053500
Steenbok 0.047300 0.270400 0.068200 0.375300 0.047700 0.047300 0.053900 0.061000 0.054300 0.111500 0.054600 0.082500 0.033300 0.060700 0.054200 0.054500 0.061000 0.068400 0.054400 0.040400 0.033500 0.061300 0.103700 0.120300 0.047400 0.033500 0.033500 0.047200 0.040500 0.047200 0.090400 0.046900 0.090100 0.040400 0.061500 0.091200 0.068800 0.047700 0.026800 0.119100 0.104000 0.047200 0.097000 0.090100 0.113000 0.068400 0.000000 0.098100 0.061200 0.047300 0.047200 0.054100
Impala 0.075700 0.290800 0.097300 0.398700 0.076300 0.075700 0.068100 0.119900 0.083200 0.127000 0.083400 0.097300 0.075200 0.075100 0.068500 0.090600 0.089800 0.097700 0.083100 0.068600 0.075400 0.090100 0.126400 0.136200 0.075800 0.075500 0.061300 0.075700 0.083000 0.075700 0.105600 0.075200 0.097700 0.054200 0.090600 0.106600 0.083500 0.076300 0.083500 0.134700 0.111900 0.075500 0.112300 0.105200 0.128700 0.083100 0.098100 0.000000 0.075700 0.083100 0.075700 0.082700
Klipspring 0.040100 0.268600 0.074800 0.382800 0.040400 0.040100 0.033100 0.082200 0.061000 0.103500 0.047200 0.074800 0.039900 0.039800 0.033300 0.061100 0.067600 0.075000 0.047100 0.047000 0.040000 0.053900 0.095700 0.112000 0.040200 0.040000 0.026500 0.053800 0.047000 0.053800 0.082600 0.039800 0.082200 0.033300 0.040300 0.069000 0.061200 0.040400 0.047300 0.110800 0.096000 0.040000 0.089100 0.082200 0.090200 0.047100 0.061200 0.075700 0.000000 0.060900 0.053800 0.060700
ForestMusk 0.047000 0.223800 0.039900 0.332200 0.047300 0.047000 0.053700 0.082400 0.026500 0.081800 0.054200 0.053800 0.033200 0.060500 0.053700 0.068000 0.033200 0.040000 0.054000 0.013100 0.047000 0.060800 0.088200 0.089600 0.047000 0.047000 0.033400 0.019700 0.053900 0.019700 0.061200 0.046800 0.046900 0.040200 0.061000 0.061500 0.054200 0.047400 0.047500 0.088700 0.074600 0.060900 0.067700 0.060800 0.082800 0.053700 0.047300 0.083100 0.060900 0.000000 0.019700 0.026400
Bushbuck 0.040000 0.232000 0.019700 0.321900 0.040300 0.040000 0.046700 0.082200 0.006500 0.060400 0.047100 0.046800 0.026400 0.053500 0.046700 0.060800 0.026400 0.033100 0.046900 0.006500 0.040000 0.053700 0.080900 0.082200 0.040100 0.040000 0.026500 0.013000 0.046900 0.000000 0.054100 0.039800 0.053700 0.033300 0.053900 0.054300 0.047100 0.040300 0.047400 0.081400 0.067400 0.053800 0.060600 0.053700 0.075400 0.046700 0.047200 0.075700 0.053800 0.019700 0.000000 0.006500
GreaterKud 0.046800 0.240000 0.026300 0.312500 0.047100 0.046800 0.053500 0.089300 0.013100 0.067300 0.053900 0.053600 0.033100 0.060300 0.053500 0.067700 0.033000 0.039800 0.053800 0.013100 0.046800 0.060600 0.087800 0.089200 0.046800 0.046800 0.033200 0.019700 0.053700 0.006500 0.061000 0.046500 0.060500 0.040100 0.060800 0.061300 0.054000 0.047200 0.054200 0.088300 0.074300 0.060600 0.067400 0.060500 0.082400 0.053500 0.054100 0.082700 0.060700 0.026400 0.006500 0.000000
