1
52 1
Argali 0.000000 0.354400 0.119200 0.331700 0.078800 0.009500 0.067800 0.057900 0.088000 0.129200 0.028600 0.130300 0.057600 0.048200 0.068200 0.058300 0.119300 0.118800 0.077900 0.088000 0.048200 0.018900 0.087600 0.118800 0.028600 0.058200 0.048100 0.098500 0.068500 0.130200 0.108200 0.048200 0.098300 0.038200 0.057600 0.119900 0.019000 0.068000 0.049100 0.119700 0.108600 0.038500 0.118500 0.087600 0.109600 0.058700 0.058200 0.100700 0.110500 0.079000 0.098600 0.119500
LesserMous 0.354400 0.000000 0.286100 0.361400 0.337000 0.370300 0.359300 0.348400 0.301400 0.272900 0.349400 0.328100 0.316100 0.333500 0.317800 0.378400 0.289800 0.288100 0.361000 0.301400 0.333800 0.335200 0.274400 0.260700 0.349400 0.377700 0.331000 0.287100 0.350100 0.300800 0.247400 0.363000 0.287900 0.346300 0.316200 0.316400 0.335200 0.351200 0.335600 0.263300 0.248600 0.349000 0.260000 0.247800 0.303300 0.385300 0.346400 0.398100 0.364900 0.350400 0.315400 0.342400
LesserKudu 0.119200 0.286100 0.000000 0.273000 0.162100 0.130200 0.127600 0.097100 0.027700 0.085300 0.107500 0.046700 0.116600 0.107200 0.096400 0.117800 0.116600 0.095900 0.137800 0.027700 0.107100 0.097100 0.085700 0.095500 0.107500 0.117800 0.106400 0.018400 0.118100 0.066200 0.065600 0.107200 0.116700 0.096300 0.116600 0.056300 0.097100 0.150800 0.107400 0.096000 0.085700 0.097100 0.075400 0.065800 0.046800 0.140600 0.096800 0.129400 0.129200 0.097200 0.037200 0.056400
KillerWhal 0.331700 0.361400 0.273000 0.000000 0.302000 0.345800 0.312600 0.328100 0.259800 0.272500 0.314500 0.284900 0.272500 0.286900 0.298800 0.327600 0.288000 0.261800 0.298800 0.259800 0.287300 0.300700 0.272700 0.286600 0.314500 0.300900 0.285700 0.247000 0.316800 0.286100 0.246400 0.314300 0.285100 0.272400 0.259400 0.297900 0.300700 0.315800 0.314000 0.247500 0.247700 0.300500 0.259400 0.272700 0.284700 0.315100 0.327500 0.357800 0.346600 0.300300 0.272200 0.272400
DefassaWat 0.078800 0.337000 0.162100 0.302000 0.000000 0.089400 0.067000 0.057700 0.129600 0.172700 0.067700 0.173800 0.077300 0.047600 0.088100 0.078300 0.162600 0.161800 0.119100 0.129600 0.067300 0.057700 0.129100 0.161700 0.067700 0.077500 0.087700 0.140200 0.088000 0.151300 0.150600 0.067400 0.140300 0.077600 0.077300 0.163100 0.057700 0.009400 0.047800 0.140800 0.150800 0.057600 0.161600 0.129100 0.152400 0.121900 0.077500 0.120400 0.141600 0.120600 0.140700 0.140100
Sheep 0.009500 0.370300 0.130200 0.345800 0.089400 0.000000 0.078200 0.068900 0.098600 0.140300 0.038400 0.141600 0.067800 0.058400 0.078600 0.068700 0.130300 0.129700 0.088400 0.098600 0.057800 0.028700 0.098200 0.129700 0.038700 0.068700 0.057900 0.108900 0.079000 0.141500 0.119000 0.058400 0.109100 0.048100 0.067800 0.131100 0.028700 0.078900 0.058600 0.130700 0.119400 0.048500 0.129400 0.098200 0.120700 0.069300 0.068500 0.111800 0.121600 0.089700 0.109500 0.130500
MaxwellsDu 0.067800 0.359300 0.127600 0.312600 0.067000 0.078200 0.000000 0.047100 0.096500 0.137800 0.057200 0.138400 0.046900 0.018500 0.086900 0.047000 0.127900 0.127300 0.086400 0.096500 0.037300 0.047400 0.096300 0.127300 0.057200 0.047000 0.056700 0.106600 0.056900 0.117200 0.116800 0.037400 0.106900 0.047000 0.046800 0.128000 0.047400 0.057900 0.037400 0.106900 0.117000 0.027900 0.127200 0.096300 0.117800 0.088200 0.047000 0.087300 0.107600 0.087400 0.107000 0.127700
GazellaPrz 0.057900 0.348400 0.097100 0.328100 0.057700 0.068900 0.047100 0.000000 0.087200 0.128100 0.047800 0.129000 0.057100 0.028100 0.077600 0.037800 0.118200 0.117700 0.077100 0.087200 0.028100 0.038100 0.086900 0.096800 0.048000 0.037800 0.047400 0.097200 0.037900 0.128900 0.107200 0.028100 0.097500 0.037800 0.056900 0.118600 0.038400 0.047900 0.028200 0.118300 0.107500 0.018700 0.117500 0.066300 0.108400 0.079000 0.037700 0.078100 0.098100 0.078200 0.097600 0.118300
MountainNy 0.088000 0.301400 0.027700 0.259800 0.129600 0.098600 0.096500 0.087200 0.000000 0.075500 0.076900 0.037200 0.086600 0.076800 0.066500 0.086900 0.106400 0.085900 0.106500 0.000000 0.076700 0.066800 0.075800 0.106000 0.076900 0.086900 0.076100 0.009200 0.097300 0.037200 0.056100 0.076700 0.086000 0.066400 0.086000 0.046800 0.067000 0.118700 0.076900 0.086100 0.075900 0.066900 0.065700 0.075800 0.037300 0.108800 0.066700 0.098000 0.097700 0.087300 0.009200 0.027900
MuntiacusM 0.129200 0.272900 0.085300 0.272500 0.172700 0.140300 0.137800 0.128100 0.075500 0.000000 0.117400 0.095400 0.126700 0.117200 0.106300 0.127800 0.085800 0.085500 0.148000 0.075200 0.117100 0.106900 0.056000 0.085500 0.117400 0.127800 0.116300 0.065600 0.139100 0.116000 0.018200 0.117200 0.085700 0.106100 0.105900 0.085500 0.106900 0.161300 0.117400 0.065900 0.056200 0.106900 0.009100 0.056000 0.076100 0.150700 0.106800 0.117900 0.161100 0.107000 0.085700 0.105700
goat 0.028600 0.349400 0.107500 0.314500 0.067700 0.038400 0.057200 0.047800 0.076900 0.117400 0.000000 0.118200 0.047200 0.037800 0.057400 0.047800 0.107600 0.107100 0.067800 0.076900 0.037900 0.009300 0.076700 0.086400 0.000000 0.028300 0.037700 0.086900 0.057800 0.118100 0.096800 0.038100 0.066800 0.028100 0.047200 0.108000 0.009400 0.057600 0.037900 0.107800 0.097100 0.028400 0.106900 0.076700 0.097900 0.068600 0.047700 0.088900 0.098700 0.067900 0.087300 0.107600
AfricanBuf 0.130300 0.328100 0.046700 0.284900 0.173800 0.141600 0.138400 0.129000 0.037200 0.095400 0.118200 0.000000 0.127300 0.117900 0.086700 0.128600 0.127200 0.106200 0.148900 0.037200 0.117600 0.107800 0.095800 0.126600 0.118200 0.128600 0.117000 0.027700 0.139700 0.056600 0.075900 0.117900 0.127300 0.106800 0.127300 0.046800 0.107800 0.162200 0.118200 0.106500 0.095900 0.107600 0.085400 0.095800 0.037400 0.152200 0.107300 0.140600 0.129400 0.087300 0.028000 0.046900
Topi 0.057600 0.316100 0.116600 0.272500 0.077300 0.067800 0.046900 0.057100 0.086600 0.126700 0.047200 0.127300 0.000000 0.027900 0.076600 0.057300 0.116800 0.116400 0.056500 0.086000 0.047100 0.037600 0.085800 0.116300 0.047200 0.056900 0.009200 0.096000 0.066900 0.086000 0.106000 0.047100 0.096100 0.018400 0.018500 0.117100 0.037600 0.067100 0.047200 0.096400 0.106300 0.037500 0.116200 0.085800 0.106900 0.077700 0.056900 0.098000 0.108000 0.077000 0.096300 0.116700
CommonDuik 0.048200 0.333500 0.107200 0.286900 0.047600 0.058400 0.018500 0.028100 0.076800 0.117200 0.037800 0.117900 0.027900 0.000000 0.067200 0.028100 0.107400 0.106900 0.066800 0.076700 0.018600 0.028300 0.076500 0.106900 0.038000 0.028000 0.037600 0.086700 0.037600 0.097000 0.096600 0.018600 0.087000 0.028200 0.027900 0.108300 0.028300 0.037800 0.018600 0.086900 0.096800 0.009300 0.106800 0.076500 0.097600 0.069200 0.028000 0.067600 0.087500 0.067700 0.087000 0.107400
Suni 0.068200 0.317800 0.096400 0.298800 0.088100 0.078600 0.086900 0.077600 0.066500 0.106300 0.057400 0.086700 0.076600 0.067200 0.000000 0.077400 0.117400 0.117000 0.097100 0.066500 0.067200 0.047600 0.086300 0.116900 0.057400 0.077300 0.066700 0.076500 0.087700 0.086600 0.086100 0.067100 0.096700 0.057000 0.076600 0.076800 0.047600 0.077500 0.067500 0.096900 0.106800 0.057400 0.096100 0.086200 0.067000 0.099300 0.057300 0.088400 0.108700 0.077800 0.056900 0.056600
Springbuck 0.058300 0.378400 0.117800 0.327600 0.078300 0.068700 0.047000 0.037800 0.086900 0.127800 0.047800 0.128600 0.057300 0.028100 0.077400 0.000000 0.117900 0.117400 0.076900 0.086900 0.028000 0.038000 0.086600 0.117400 0.047800 0.037600 0.047100 0.097000 0.047400 0.128600 0.107000 0.028100 0.097200 0.037700 0.057100 0.118300 0.038000 0.067000 0.028100 0.118100 0.107200 0.018600 0.117200 0.086600 0.108100 0.078700 0.037600 0.077800 0.097900 0.077900 0.098100 0.118000
Okapi 0.119300 0.289800 0.116600 0.288000 0.162600 0.130300 0.127900 0.118200 0.106400 0.085800 0.107600 0.127200 0.116800 0.107400 0.117400 0.117900 0.000000 0.037000 0.127400 0.106400 0.107300 0.097200 0.046600 0.075800 0.107600 0.117900 0.106600 0.096000 0.129100 0.148900 0.066100 0.107400 0.075500 0.096400 0.096200 0.106500 0.097200 0.151100 0.107600 0.076300 0.066100 0.097200 0.075800 0.046600 0.096400 0.140700 0.097000 0.151600 0.151000 0.097300 0.116900 0.138000
Giraffe 0.118800 0.288100 0.095900 0.261800 0.161800 0.129700 0.127300 0.117700 0.085900 0.085500 0.107100 0.106200 0.116400 0.106900 0.117000 0.117400 0.037000 0.000000 0.137600 0.085900 0.106900 0.096800 0.046500 0.075600 0.107100 0.117400 0.106200 0.075800 0.128500 0.127200 0.065800 0.107000 0.075800 0.096000 0.096900 0.106100 0.096800 0.150500 0.107100 0.076400 0.065900 0.096800 0.075600 0.046700 0.096100 0.140100 0.096600 0.150800 0.129000 0.096900 0.096100 0.116600
TibetanAnt 0.077900 0.361000 0.137800 0.298800 0.119100 0.088400 0.086400 0.077100 0.106500 0.148000 0.067800 0.148900 0.056500 0.066800 0.097100 0.076900 0.127400 0.137600 0.000000 0.106500 0.047200 0.057100 0.106200 0.116500 0.067000 0.076800 0.046900 0.116800 0.067000 0.148900 0.126900 0.066800 0.116800 0.037400 0.056500 0.138500 0.057100 0.108300 0.067000 0.138500 0.127200 0.057100 0.137300 0.106200 0.128200 0.098500 0.076800 0.119300 0.108400 0.097600 0.117100 0.138000
Sitatunga 0.088000 0.301400 0.027700 0.259800 0.129600 0.098600 0.096500 0.087200 0.000000 0.075200 0.076900 0.037200 0.086000 0.076700 0.066500 0.086900 0.106400 0.085900 0.106500 0.000000 0.076700 0.066900 0.075800 0.106000 0.076900 0.086900 0.076100 0.009100 0.097400 0.037200 0.056100 0.076700 0.086000 0.066400 0.086000 0.046800 0.067000 0.118700 0.076900 0.086100 0.075900 0.066900 0.065700 0.075800 0.037300 0.108800 0.066700 0.098000 0.097700 0.087300 0.009300 0.027800
Oribi 0.048200 0.333800 0.107100 0.287300 0.067300 0.057800 0.037300 0.028100 0.076700 0.117100 0.037900 0.117600 0.047100 0.018600 0.067200 0.028000 0.107300 0.106900 0.047200 0.076700 0.000000 0.028300 0.076400 0.086500 0.037900 0.028000 0.037500 0.086600 0.018600 0.117700 0.096500 0.018700 0.086400 0.028000 0.047300 0.107600 0.028300 0.057300 0.018600 0.107500 0.095400 0.009300 0.106700 0.076400 0.098100 0.068200 0.028000 0.067500 0.087400 0.067600 0.086900 0.107300
BarbaryShe 0.018900 0.335200 0.097100 0.300700 0.057700 0.028700 0.047400 0.038100 0.066800 0.106900 0.009300 0.107800 0.037600 0.028300 0.047600 0.038000 0.097200 0.096800 0.057100 0.066900 0.028300 0.000000 0.066100 0.096800 0.009400 0.038000 0.028300 0.077300 0.047900 0.107700 0.086600 0.028300 0.076900 0.018900 0.037600 0.097600 0.000000 0.047800 0.028400 0.097500 0.086900 0.018800 0.096600 0.066500 0.087600 0.058500 0.038000 0.078600 0.088400 0.057900 0.077100 0.097300
Daviddeer 0.087600 0.274400 0.085700 0.272700 0.129100 0.098200 0.096300 0.086900 0.075800 0.056000 0.076700 0.095800 0.085800 0.076500 0.086300 0.086600 0.046600 0.046500 0.106200 0.075800 0.076400 0.066100 0.000000 0.046700 0.076700 0.086600 0.075900 0.065600 0.097200 0.116400 0.037000 0.076400 0.046600 0.066100 0.065900 0.085900 0.066700 0.118300 0.076600 0.046700 0.018300 0.066700 0.046400 0.018300 0.076100 0.108300 0.066500 0.118700 0.118100 0.066700 0.085900 0.085700
Reindeer 0.118800 0.260700 0.095500 0.286600 0.161700 0.129700 0.127300 0.096800 0.106000 0.085500 0.086400 0.126600 0.116300 0.106900 0.116900 0.117400 0.075800 0.075600 0.116500 0.106000 0.086500 0.096800 0.046700 0.000000 0.086400 0.096500 0.106100 0.095600 0.097100 0.148200 0.065700 0.106900 0.056100 0.096000 0.095700 0.116400 0.096800 0.150400 0.107100 0.075900 0.065900 0.096500 0.075500 0.027500 0.106300 0.140000 0.096600 0.150800 0.150200 0.096800 0.116400 0.137400
Ibex 0.028600 0.349400 0.107500 0.314500 0.067700 0.038700 0.057200 0.048000 0.076900 0.117400 0.000000 0.118200 0.047200 0.038000 0.057400 0.047800 0.107600 0.107100 0.067000 0.076900 0.037900 0.009400 0.076700 0.086400 0.000000 0.028300 0.037900 0.086900 0.057800 0.118100 0.096800 0.037800 0.067200 0.028100 0.047200 0.108000 0.009300 0.057600 0.038100 0.107800 0.097100 0.028400 0.106900 0.076800 0.097900 0.068200 0.047700 0.088900 0.098700 0.067900 0.087300 0.107600
GyrantGaze 0.058200 0.377700 0.117800 0.300900 0.077500 0.068700 0.047000 0.037800 0.086900 0.127800 0.028300 0.128600 0.056900 0.028000 0.077300 0.037600 0.117900 0.117400 0.076800 0.086900 0.028000 0.038000 0.086600 0.096500 0.028300 0.000000 0.047200 0.096900 0.047400 0.128500 0.106900 0.028000 0.076700 0.037700 0.056900 0.118200 0.038000 0.067300 0.028100 0.117900 0.106800 0.018600 0.117200 0.086700 0.108000 0.078600 0.037600 0.077700 0.097800 0.078200 0.097300 0.117900
Hartebeest 0.048100 0.331000 0.106400 0.285700 0.087700 0.057900 0.056700 0.047400 0.076100 0.116300 0.037700 0.117000 0.009200 0.037600 0.066700 0.047100 0.106600 0.106200 0.046900 0.076100 0.037500 0.028300 0.075900 0.106100 0.037900 0.047200 0.000000 0.086000 0.057100 0.096200 0.095900 0.037600 0.086100 0.009300 0.027800 0.106800 0.028100 0.077300 0.037600 0.106800 0.096200 0.028100 0.106000 0.075900 0.096800 0.067800 0.047200 0.087900 0.097700 0.067100 0.086300 0.106500
Bongo 0.098500 0.287100 0.018400 0.247000 0.140200 0.108900 0.106600 0.097200 0.009200 0.065600 0.086900 0.027700 0.096000 0.086700 0.076500 0.097000 0.096000 0.075800 0.116800 0.009100 0.086600 0.077300 0.065600 0.095600 0.086900 0.096900 0.086000 0.000000 0.107600 0.046700 0.046600 0.086700 0.096000 0.076200 0.096000 0.037100 0.077100 0.129100 0.086900 0.076000 0.065900 0.076700 0.055900 0.065800 0.027900 0.119200 0.076600 0.108200 0.108000 0.076900 0.018500 0.037200
Gerenuk 0.068500 0.350100 0.118100 0.316800 0.088000 0.079000 0.056900 0.037900 0.097300 0.139100 0.057800 0.139700 0.066900 0.037600 0.087700 0.047400 0.129100 0.128500 0.067000 0.097400 0.018600 0.047900 0.097200 0.097100 0.057800 0.047400 0.057100 0.107600 0.000000 0.139700 0.117800 0.018600 0.107800 0.047400 0.066900 0.129300 0.047900 0.076900 0.037800 0.129200 0.118100 0.028200 0.128300 0.086900 0.118900 0.089100 0.047400 0.088100 0.108600 0.088300 0.108000 0.128900
CommonElan 0.130200 0.300800 0.066200 0.286100 0.151300 0.141500 0.117200 0.128900 0.037200 0.116000 0.118100 0.056600 0.086000 0.097000 0.086600 0.128600 0.148900 0.127200 0.148900 0.037200 0.117700 0.107700 0.116400 0.148200 0.118100 0.128500 0.096200 0.046700 0.139700 0.000000 0.095600 0.117900 0.127200 0.106700 0.106400 0.066300 0.107900 0.140100 0.118100 0.106600 0.116500 0.107600 0.105700 0.116500 0.056700 0.152100 0.107300 0.140500 0.140300 0.108100 0.027800 0.046800
MuntiacusR 0.108200 0.247400 0.065600 0.246400 0.150600 0.119000 0.116800 0.107200 0.056100 0.018200 0.096800 0.075900 0.106000 0.096600 0.086100 0.107000 0.066100 0.065800 0.126900 0.056100 0.096500 0.086600 0.037000 0.065700 0.096800 0.106900 0.095900 0.046600 0.117800 0.095600 0.000000 0.096600 0.065900 0.085900 0.085700 0.065800 0.086600 0.139500 0.096800 0.046600 0.037100 0.086500 0.009100 0.037000 0.056200 0.129300 0.086400 0.118300 0.139300 0.086600 0.065800 0.085500
HarveysDui 0.048200 0.363000 0.107200 0.314300 0.067400 0.058400 0.037400 0.028100 0.076700 0.117200 0.038100 0.117900 0.047100 0.018600 0.067100 0.028100 0.107400 0.107000 0.066800 0.076700 0.018700 0.028300 0.076400 0.106900 0.037800 0.028000 0.037600 0.086700 0.018600 0.117900 0.096600 0.000000 0.086800 0.028100 0.047100 0.107700 0.028300 0.057400 0.018700 0.107600 0.096800 0.009300 0.106800 0.076500 0.097600 0.068300 0.028000 0.067600 0.087500 0.067700 0.087000 0.107400
Pronghorn 0.098300 0.287900 0.116700 0.285100 0.140300 0.109100 0.106900 0.097500 0.086000 0.085700 0.066800 0.127300 0.096100 0.087000 0.096700 0.097200 0.075500 0.075800 0.116800 0.086000 0.086400 0.076900 0.046600 0.056100 0.067200 0.076700 0.086100 0.096000 0.107800 0.127200 0.065900 0.086800 0.000000 0.076300 0.076000 0.117000 0.076900 0.129300 0.087000 0.076100 0.066200 0.076900 0.075700 0.046700 0.106900 0.119400 0.076700 0.108700 0.107800 0.097500 0.096300 0.116800
BlueWildeb 0.038200 0.346300 0.096300 0.272400 0.077600 0.048100 0.047000 0.037800 0.066400 0.106100 0.028100 0.106800 0.018400 0.028200 0.057000 0.037700 0.096400 0.096000 0.037400 0.066400 0.028000 0.018900 0.066100 0.096000 0.028100 0.037700 0.009300 0.076200 0.047400 0.106700 0.085900 0.028100 0.076300 0.000000 0.018400 0.096700 0.018700 0.067400 0.028100 0.096600 0.086200 0.018600 0.095900 0.066100 0.086800 0.057900 0.037600 0.077800 0.087600 0.057300 0.076400 0.096400
Gemsbok 0.057600 0.316200 0.116600 0.259400 0.077300 0.067800 0.046800 0.056900 0.086000 0.105900 0.047200 0.127300 0.018500 0.027900 0.076600 0.057100 0.096200 0.096900 0.056500 0.086000 0.047300 0.037600 0.065900 0.095700 0.047200 0.056900 0.027800 0.096000 0.066900 0.106400 0.085700 0.047100 0.076000 0.018400 0.000000 0.117100 0.037700 0.067100 0.047200 0.076200 0.085900 0.037500 0.095700 0.065900 0.106900 0.077700 0.056900 0.098000 0.108000 0.077000 0.097400 0.116700
Yak 0.119900 0.316400 0.056300 0.297900 0.163100 0.131100 0.128000 0.118600 0.046800 0.085500 0.108000 0.046800 0.117100 0.108300 0.076800 0.118300 0.106500 0.106100 0.138500 0.046800 0.107600 0.097600 0.085900 0.116400 0.108000 0.118200 0.106800 0.037100 0.129300 0.066300 0.065800 0.107700 0.117000 0.096700 0.117100 0.000000 0.097600 0.151600 0.108000 0.096400 0.086400 0.097500 0.076300 0.085900 0.009200 0.141600 0.097200 0.130200 0.151200 0.077400 0.037400 0.056400
BlueSheep 0.019000 0.335200 0.097100 0.300700 0.057700 0.028700 0.047400 0.038400 0.067000 0.106900 0.009400 0.107800 0.037600 0.028300 0.047600 0.038000 0.097200 0.096800 0.057100 0.067000 0.028300 0.000000 0.066700 0.096800 0.009300 0.038000 0.028100 0.077100 0.047900 0.107900 0.086600 0.028300 0.076900 0.018700 0.037700 0.097600 0.000000 0.047800 0.028400 0.097500 0.086900 0.018800 0.096600 0.066700 0.087600 0.058500 0.038000 0.078500 0.088400 0.057900 0.077100 0.097300
BohorReedb 0.068000 0.351200 0.150800 0.315800 0.009400 0.078900 0.057900 0.047900 0.118700 0.161300 0.057600 0.162200 0.067100 0.037800 0.077500 0.067000 0.151100 0.150500 0.108300 0.118700 0.057300 0.047800 0.118300 0.150400 0.057600 0.067300 0.077300 0.129100 0.076900 0.140100 0.139500 0.057400 0.129300 0.067400 0.067100 0.151600 0.047800 0.000000 0.038200 0.129700 0.139700 0.047600 0.150200 0.118200 0.141000 0.110800 0.067300 0.109500 0.130400 0.109700 0.129600 0.129100
KirksDik 0.049100 0.335600 0.107400 0.314000 0.047800 0.058600 0.037400 0.028200 0.076900 0.117400 0.037900 0.118200 0.047200 0.018600 0.067500 0.028100 0.107600 0.107100 0.067000 0.076900 0.018600 0.028400 0.076600 0.107100 0.038100 0.028100 0.037600 0.086900 0.037800 0.118100 0.096800 0.018700 0.087000 0.028100 0.047200 0.108000 0.028400 0.038200 0.000000 0.107800 0.096900 0.009300 0.107000 0.076600 0.097900 0.068600 0.028100 0.067800 0.087800 0.067900 0.087200 0.107600
RoeDeer 0.119700 0.263300 0.096000 0.247500 0.140800 0.130700 0.106900 0.118300 0.086100 0.065900 0.107800 0.106500 0.096400 0.086900 0.096900 0.118100 0.076300 0.076400 0.138500 0.086100 0.107500 0.097500 0.046700 0.075900 0.107800 0.117900 0.106800 0.076000 0.129200 0.106600 0.046600 0.107600 0.076100 0.096600 0.076200 0.096400 0.097500 0.129700 0.107800 0.000000 0.066100 0.097300 0.056500 0.046700 0.086400 0.119300 0.097200 0.129800 0.151300 0.097500 0.096400 0.116900
WhiteLippe 0.108600 0.248600 0.085700 0.247700 0.150800 0.119400 0.117000 0.107500 0.075900 0.056200 0.097100 0.095900 0.106300 0.096800 0.106800 0.107200 0.066100 0.065900 0.127200 0.075900 0.095400 0.086900 0.018300 0.065900 0.097100 0.106800 0.096200 0.065900 0.118100 0.116500 0.037100 0.096800 0.066200 0.086200 0.085900 0.086400 0.086900 0.139700 0.096900 0.066100 0.000000 0.086700 0.046400 0.037100 0.076100 0.129800 0.086500 0.140200 0.139500 0.086900 0.086000 0.085800
ThomsonGaz 0.038500 0.349000 0.097100 0.300500 0.057600 0.048500 0.027900 0.018700 0.066900 0.106900 0.028400 0.107600 0.037500 0.009300 0.057400 0.018600 0.097200 0.096800 0.057100 0.066900 0.009300 0.018800 0.066700 0.096500 0.028400 0.018600 0.028100 0.076700 0.028200 0.107600 0.086500 0.009300 0.076900 0.018600 0.037500 0.097500 0.018800 0.047600 0.009300 0.097300 0.086700 0.000000 0.096600 0.066700 0.087500 0.058400 0.018600 0.057700 0.077500 0.057800 0.077000 0.097200
MuntiacusC 0.118500 0.260000 0.075400 0.259400 0.161600 0.129400 0.127200 0.117500 0.065700 0.009100 0.106900 0.085400 0.116200 0.106800 0.096100 0.117200 0.075800 0.075600 0.137300 0.065700 0.106700 0.096600 0.046400 0.075500 0.106900 0.117200 0.106000 0.055900 0.128300 0.105700 0.009100 0.106800 0.075700 0.095900 0.095700 0.076300 0.096600 0.150200 0.107000 0.056500 0.046400 0.096600 0.000000 0.046400 0.065900 0.139800 0.096500 0.128700 0.150100 0.096700 0.075600 0.095500
WhiteTaile 0.087600 0.247800 0.065800 0.272700 0.129100 0.098200 0.096300 0.066300 0.075800 0.056000 0.076700 0.095800 0.085800 0.076500 0.086200 0.086600 0.046600 0.046700 0.106200 0.075800 0.076400 0.066500 0.018300 0.027500 0.076800 0.086700 0.075900 0.065800 0.086900 0.116500 0.037000 0.076500 0.046700 0.066100 0.065900 0.085900 0.066700 0.118200 0.076600 0.046700 0.037100 0.066700 0.046400 0.000000 0.076100 0.108300 0.066500 0.118700 0.118100 0.066700 0.085900 0.106100
Cattle 0.109600 0.303300 0.046800 0.284700 0.152400 0.120700 0.117800 0.108400 0.037300 0.076100 0.097900 0.037400 0.106900 0.097600 0.067000 0.108100 0.096400 0.096100 0.128200 0.037300 0.098100 0.087600 0.076100 0.106300 0.097900 0.108000 0.096800 0.027900 0.118900 0.056700 0.056200 0.097600 0.106900 0.086800 0.106900 0.009200 0.087600 0.141000 0.097900 0.086400 0.076100 0.087500 0.065900 0.076100 0.000000 0.131200 0.087200 0.119800 0.140600 0.067500 0.027900 0.047100
RoyalAntel 0.058700 0.385300 0.140600 0.315100 0.121900 0.069300 0.088200 0.079000 0.108800 0.150700 0.068600 0.152200 0.077700 0.069200 0.099300 0.078700 0.140700 0.140100 0.098500 0.108800 0.068200 0.058500 0.108300 0.140000 0.068200 0.078600 0.067800 0.119200 0.089100 0.152100 0.129300 0.068300 0.119400 0.057900 0.077700 0.141600 0.058500 0.110800 0.068600 0.119300 0.129800 0.058400 0.139800 0.108300 0.131200 0.000000 0.078500 0.122400 0.132100 0.100500 0.119800 0.141000
Steenbok 0.058200 0.346400 0.096800 0.327500 0.077500 0.068500 0.047000 0.037700 0.066700 0.106800 0.047700 0.107300 0.056900 0.028000 0.057300 0.037600 0.097000 0.096600 0.076800 0.066700 0.028000 0.038000 0.066500 0.096600 0.047700 0.037600 0.047200 0.076600 0.047400 0.107300 0.086400 0.028000 0.076700 0.037600 0.056900 0.097200 0.038000 0.067300 0.028100 0.097200 0.086500 0.018600 0.096500 0.066500 0.087200 0.078500 0.000000 0.067600 0.077300 0.077800 0.076800 0.097000
Impala 0.100700 0.398100 0.129400 0.357800 0.120400 0.111800 0.087300 0.078100 0.098000 0.117900 0.088900 0.140600 0.098000 0.067600 0.088400 0.077800 0.151600 0.150800 0.119300 0.098000 0.067500 0.078600 0.118700 0.150800 0.088900 0.077700 0.087900 0.108200 0.088100 0.140500 0.118300 0.067600 0.108700 0.077800 0.098000 0.130200 0.078500 0.109500 0.067800 0.129800 0.140200 0.057700 0.128700 0.118700 0.119800 0.122400 0.067600 0.000000 0.130900 0.121000 0.108700 0.129700
Klipspring 0.110500 0.364900 0.129200 0.346600 0.141600 0.121600 0.107600 0.098100 0.097700 0.161100 0.098700 0.129400 0.108000 0.087500 0.108700 0.097900 0.151000 0.129000 0.108400 0.097700 0.087400 0.088400 0.118100 0.150200 0.098700 0.097800 0.097700 0.108000 0.108600 0.140300 0.139300 0.087500 0.107800 0.087600 0.108000 0.151200 0.088400 0.130400 0.087800 0.151300 0.139500 0.077500 0.150100 0.118100 0.140600 0.132100 0.077300 0.130900 0.000000 0.130900 0.108300 0.129300
ForestMusk 0.079000 0.350400 0.097200 0.300300 0.120600 0.089700 0.087400 0.078200 0.087300 0.107000 0.067900 0.087300 0.077000 0.067700 0.077800 0.077900 0.097300 0.096900 0.097600 0.087300 0.067600 0.057900 0.066700 0.096800 0.067900 0.078200 0.067100 0.076900 0.088300 0.108100 0.086600 0.067700 0.097500 0.057300 0.077000 0.077400 0.057900 0.109700 0.067900 0.097500 0.086900 0.057800 0.096700 0.066700 0.067500 0.100500 0.077800 0.121000 0.130900 0.000000 0.077400 0.097700
Bushbuck 0.098600 0.315400 0.037200 0.272200 0.140700 0.109500 0.107000 0.097600 0.009200 0.085700 0.087300 0.028000 0.096300 0.087000 0.056900 0.098100 0.116900 0.096100 0.117100 0.009300 0.086900 0.077100 0.085900 0.116400 0.087300 0.097300 0.086300 0.018500 0.108000 0.027800 0.065800 0.087000 0.096300 0.076400 0.097400 0.037400 0.077100 0.129600 0.087200 0.096400 0.086000 0.077000 0.075600 0.085900 0.027900 0.119800 0.076800 0.108700 0.108300 0.077400 0.000000 0.018500
GreaterKud 0.119500 0.342400 0.056400 0.272400 0.140100 0.130500 0.127700 0.118300 0.027900 0.105700 0.107600 0.046900 0.116700 0.107400 0.056600 0.118000 0.138000 0.116600 0.138000 0.027800 0.107300 0.097300 0.085700 0.137400 0.107600 0.117900 0.106500 0.037200 0.128900 0.046800 0.085500 0.107400 0.116800 0.096400 0.116700 0.056400 0.097300 0.129100 0.107600 0.116900 0.085800 0.097200 0.095500 0.106100 0.047100 0.141000 0.097000 0.129700 0.129300 0.097700 0.018500 0.000000
