1
52 1
Argali 0.000000 0.173100 0.041300 0.150600 0.035300 0.002900 0.035200 0.046000 0.041400 0.058800 0.020400 0.045800 0.033800 0.036800 0.039700 0.036800 0.064300 0.059500 0.029300 0.045900 0.044400 0.024800 0.056100 0.065900 0.020400 0.035300 0.032300 0.050500 0.035300 0.053700 0.064800 0.030800 0.073200 0.033800 0.036800 0.032400 0.021900 0.041400 0.050200 0.065700 0.051300 0.033800 0.064900 0.069000 0.035300 0.042800 0.039800 0.039900 0.035300 0.054900 0.050500 0.051900
LesserMous 0.173100 0.000000 0.172000 0.180900 0.164900 0.175000 0.164700 0.181300 0.170400 0.179600 0.162800 0.176000 0.168100 0.166800 0.182200 0.173600 0.174100 0.172200 0.164500 0.174000 0.170200 0.166400 0.177000 0.193500 0.162900 0.170100 0.166300 0.177700 0.168300 0.178100 0.187900 0.159500 0.183800 0.164600 0.170300 0.161900 0.163200 0.168700 0.185300 0.187600 0.174800 0.168400 0.186300 0.191700 0.165200 0.168200 0.164700 0.175500 0.168100 0.179600 0.179200 0.180600
LesserKudu 0.041300 0.172000 0.000000 0.152700 0.041500 0.042900 0.041400 0.055400 0.011600 0.059300 0.035400 0.037000 0.047500 0.034000 0.044000 0.043000 0.053700 0.048800 0.038400 0.010200 0.041500 0.036900 0.057700 0.067600 0.035400 0.040000 0.046000 0.011600 0.038400 0.017600 0.066800 0.030900 0.060900 0.044500 0.043000 0.023400 0.033900 0.036900 0.051900 0.065600 0.051400 0.038500 0.065400 0.068900 0.026400 0.044400 0.046000 0.039900 0.041400 0.053800 0.014600 0.013100
KillerWhal 0.150600 0.180900 0.152700 0.000000 0.149400 0.152500 0.152600 0.154900 0.149500 0.162200 0.144000 0.158100 0.146000 0.151200 0.157300 0.147800 0.160800 0.155600 0.142300 0.154600 0.151100 0.145800 0.166300 0.173700 0.144200 0.144400 0.144200 0.158100 0.142600 0.161900 0.166900 0.141000 0.170700 0.145900 0.141200 0.142900 0.140900 0.156400 0.153900 0.159300 0.159200 0.139500 0.165300 0.172000 0.146100 0.152400 0.144200 0.154400 0.154400 0.166300 0.159700 0.161000
DefassaWat 0.035300 0.164900 0.041500 0.149400 0.000000 0.036800 0.033900 0.049200 0.044500 0.067100 0.029400 0.052200 0.041400 0.035500 0.042700 0.039900 0.063000 0.061200 0.035400 0.049100 0.041500 0.033900 0.065600 0.075500 0.029400 0.036900 0.039900 0.053700 0.035400 0.057000 0.074600 0.029400 0.068700 0.041400 0.038500 0.038500 0.030900 0.014600 0.047400 0.073400 0.059200 0.035400 0.073200 0.073700 0.041500 0.046000 0.039900 0.046100 0.033900 0.061300 0.053700 0.055100
Sheep 0.002900 0.175000 0.042900 0.152500 0.036800 0.000000 0.036800 0.047600 0.042900 0.060400 0.021900 0.047400 0.035300 0.038400 0.041300 0.038400 0.062800 0.061100 0.030800 0.047500 0.045900 0.026300 0.057700 0.067500 0.021900 0.036800 0.033800 0.052100 0.036800 0.055300 0.066400 0.032300 0.074800 0.035300 0.038400 0.033900 0.023400 0.042900 0.051800 0.067300 0.052900 0.035400 0.066500 0.070600 0.036900 0.044400 0.041300 0.041500 0.036800 0.056500 0.052100 0.053500
MaxwellsDu 0.035200 0.164700 0.041400 0.152600 0.033900 0.036800 0.000000 0.043000 0.041500 0.067000 0.030800 0.052000 0.042900 0.019000 0.042800 0.035400 0.066000 0.061100 0.039800 0.046000 0.038400 0.038300 0.059600 0.072300 0.030800 0.029400 0.041300 0.050600 0.029300 0.053800 0.071500 0.013100 0.071800 0.042900 0.042900 0.038500 0.032400 0.040000 0.044200 0.073600 0.059500 0.027900 0.073100 0.073800 0.041500 0.042900 0.035300 0.047400 0.038400 0.061100 0.050600 0.052000
GazellaPrz 0.046000 0.181300 0.055400 0.154900 0.049200 0.047600 0.043000 0.000000 0.055400 0.084500 0.043000 0.066300 0.058400 0.041600 0.055200 0.031000 0.077300 0.072400 0.049100 0.060100 0.031000 0.046100 0.083300 0.093300 0.043100 0.025000 0.056800 0.064800 0.028000 0.068100 0.092200 0.035500 0.086300 0.058400 0.055400 0.049400 0.044700 0.049300 0.039900 0.088100 0.076900 0.023500 0.087500 0.091700 0.052300 0.047700 0.028000 0.060000 0.049200 0.070900 0.064700 0.066100
MountainNy 0.041400 0.170400 0.011600 0.149500 0.044500 0.042900 0.041500 0.055400 0.000000 0.062500 0.035400 0.037000 0.047600 0.032500 0.047100 0.041500 0.056800 0.048800 0.033900 0.007300 0.047600 0.039900 0.059300 0.070800 0.035400 0.038500 0.046000 0.008700 0.037000 0.017600 0.066900 0.030900 0.063900 0.047600 0.046100 0.026400 0.033900 0.043000 0.051900 0.065600 0.054500 0.037000 0.068500 0.072100 0.029400 0.047500 0.046000 0.043000 0.044500 0.056900 0.011700 0.013100
MuntiacusM 0.058800 0.179600 0.059300 0.162200 0.067100 0.060400 0.067000 0.084500 0.062500 0.000000 0.058900 0.063900 0.068200 0.068700 0.066900 0.065600 0.078000 0.073100 0.060400 0.064000 0.070300 0.060500 0.030700 0.042700 0.059000 0.068700 0.066600 0.068700 0.064000 0.072000 0.012900 0.059400 0.088500 0.065100 0.069900 0.053400 0.057400 0.067200 0.080700 0.044100 0.030600 0.067200 0.014400 0.044300 0.056300 0.069900 0.071700 0.067100 0.070100 0.076600 0.068700 0.070000
goat 0.020400 0.162800 0.035400 0.144000 0.029400 0.021900 0.030800 0.043000 0.035400 0.058900 0.000000 0.042900 0.032300 0.029400 0.039800 0.033900 0.055100 0.053400 0.020400 0.039900 0.038400 0.016000 0.054600 0.064400 0.005800 0.030900 0.030800 0.044500 0.029400 0.047700 0.066400 0.023400 0.068600 0.032300 0.032400 0.029500 0.007300 0.035400 0.044200 0.065700 0.051400 0.029400 0.064900 0.069100 0.032400 0.036800 0.033800 0.033900 0.032300 0.054900 0.044500 0.045900
AfricanBuf 0.045800 0.176000 0.037000 0.158100 0.052200 0.047400 0.052000 0.066300 0.037000 0.063900 0.042900 0.000000 0.049000 0.049100 0.051900 0.052100 0.061400 0.059400 0.042800 0.038500 0.052100 0.044400 0.062600 0.072300 0.042900 0.049000 0.050500 0.043100 0.044400 0.046300 0.071400 0.044300 0.074900 0.049000 0.053700 0.025000 0.041400 0.050600 0.062600 0.064300 0.056300 0.047500 0.066800 0.073900 0.028000 0.055100 0.053600 0.047500 0.048900 0.059800 0.043100 0.044500
Topi 0.033800 0.168100 0.047500 0.146000 0.041400 0.035300 0.042900 0.058400 0.047600 0.068200 0.032300 0.049000 0.000000 0.041500 0.048900 0.046000 0.064500 0.062700 0.035300 0.052200 0.044500 0.036800 0.060800 0.073900 0.032400 0.043000 0.001400 0.056800 0.041400 0.060000 0.072600 0.035400 0.078100 0.002800 0.038400 0.038500 0.033900 0.047600 0.056500 0.072000 0.057500 0.041500 0.071200 0.078600 0.041500 0.052100 0.045900 0.043100 0.041400 0.061200 0.056700 0.058200
CommonDuik 0.036800 0.166800 0.034000 0.151200 0.035500 0.038400 0.019000 0.041600 0.032500 0.068700 0.029400 0.049100 0.041500 0.000000 0.041400 0.032400 0.061500 0.055100 0.036900 0.037000 0.033900 0.036900 0.061300 0.074000 0.029400 0.027900 0.039900 0.041600 0.029300 0.044700 0.073200 0.011600 0.068800 0.041500 0.041500 0.034100 0.031000 0.035500 0.039800 0.073700 0.061200 0.026400 0.074800 0.075600 0.037000 0.038500 0.033900 0.039900 0.033900 0.059700 0.041600 0.043000
Suni 0.039700 0.182200 0.044000 0.157300 0.042700 0.041300 0.042800 0.055200 0.047100 0.066900 0.039800 0.051900 0.048900 0.041400 0.000000 0.047400 0.062800 0.057900 0.045800 0.048600 0.047400 0.041300 0.062600 0.073700 0.039800 0.041300 0.047400 0.053300 0.044300 0.056500 0.074400 0.035300 0.068400 0.045900 0.050500 0.035000 0.038300 0.044200 0.053100 0.068700 0.056300 0.039900 0.073000 0.069000 0.038400 0.050100 0.050400 0.044300 0.044300 0.057900 0.053200 0.054700
Springbuck 0.036800 0.173600 0.043000 0.147800 0.039900 0.038400 0.035400 0.031000 0.041500 0.065600 0.033900 0.052100 0.046000 0.032400 0.047400 0.000000 0.061500 0.055000 0.038400 0.046100 0.023500 0.038400 0.064400 0.074000 0.033900 0.016000 0.044500 0.050700 0.014600 0.053900 0.073200 0.024900 0.075000 0.046000 0.046100 0.037000 0.035400 0.040000 0.026300 0.070600 0.058100 0.014600 0.071700 0.072500 0.040000 0.041500 0.020500 0.046100 0.036900 0.062800 0.050700 0.052100
Okapi 0.064300 0.174100 0.053700 0.160800 0.063000 0.062800 0.066000 0.077300 0.056800 0.078000 0.055100 0.061400 0.064500 0.061500 0.062800 0.061500 0.000000 0.033900 0.061300 0.058300 0.063000 0.056700 0.076800 0.083500 0.055200 0.061400 0.066000 0.063000 0.059900 0.066300 0.085600 0.055200 0.070400 0.064500 0.069200 0.047700 0.053600 0.060000 0.068900 0.081500 0.070400 0.059900 0.077900 0.085100 0.050600 0.059700 0.067600 0.066000 0.058300 0.066300 0.063000 0.064400
Giraffe 0.059500 0.172200 0.048800 0.155600 0.061200 0.061100 0.061100 0.072400 0.048800 0.073100 0.053400 0.059400 0.062700 0.055100 0.057900 0.055000 0.033900 0.000000 0.056500 0.050400 0.061200 0.055000 0.071900 0.081700 0.053400 0.055000 0.061200 0.055000 0.053400 0.058200 0.080700 0.050300 0.068800 0.059600 0.064400 0.045800 0.051900 0.055100 0.065500 0.076700 0.065500 0.053500 0.076100 0.083300 0.048900 0.057900 0.062700 0.061100 0.059500 0.062900 0.054600 0.056400
TibetanAnt 0.029300 0.164500 0.038400 0.142300 0.035400 0.030800 0.039800 0.049100 0.033900 0.060400 0.020400 0.042800 0.035300 0.036900 0.045800 0.038400 0.061300 0.056500 0.000000 0.039900 0.041400 0.024900 0.054600 0.067500 0.020400 0.035400 0.033800 0.044500 0.033800 0.047700 0.069400 0.032300 0.068600 0.035300 0.035400 0.032400 0.021900 0.041400 0.050300 0.065700 0.051300 0.033900 0.068000 0.072200 0.035400 0.045900 0.039800 0.040000 0.041300 0.061100 0.044500 0.045900
Sitatunga 0.045900 0.174000 0.010200 0.154600 0.049100 0.047500 0.046000 0.060100 0.007300 0.064000 0.039900 0.038500 0.052200 0.037000 0.048600 0.046100 0.058300 0.050400 0.039900 0.000000 0.049100 0.041500 0.062400 0.072400 0.040000 0.043000 0.050600 0.007300 0.041500 0.013200 0.068500 0.035400 0.065500 0.049100 0.050700 0.027900 0.038400 0.044600 0.056500 0.067200 0.056000 0.041500 0.070100 0.073700 0.030900 0.049000 0.050600 0.044500 0.049100 0.058400 0.007300 0.011600
Oribi 0.044400 0.170200 0.041500 0.151100 0.041500 0.045900 0.038400 0.031000 0.047600 0.070300 0.038400 0.052100 0.044500 0.033900 0.047400 0.023500 0.063000 0.061200 0.041400 0.049100 0.000000 0.039900 0.069000 0.081900 0.038400 0.019000 0.046000 0.053800 0.020500 0.057000 0.077800 0.027900 0.073500 0.044500 0.047600 0.038600 0.040000 0.038500 0.032300 0.076800 0.062700 0.017500 0.073200 0.080300 0.041500 0.043000 0.026400 0.046100 0.035400 0.064400 0.053800 0.055100
BarbaryShe 0.024800 0.166400 0.036900 0.145800 0.033900 0.026300 0.038300 0.046100 0.039900 0.060500 0.016000 0.044400 0.036800 0.036900 0.041300 0.038400 0.056700 0.055000 0.024900 0.041500 0.039900 0.000000 0.059200 0.059800 0.016000 0.035400 0.035300 0.043000 0.033900 0.049200 0.068000 0.030800 0.067100 0.033800 0.033900 0.031000 0.017500 0.036900 0.048800 0.067300 0.052900 0.033900 0.065000 0.067600 0.033900 0.038400 0.035300 0.037000 0.033800 0.056500 0.046000 0.047400
Daviddeer 0.056100 0.177000 0.057700 0.166300 0.065600 0.057700 0.059600 0.083300 0.059300 0.030700 0.054600 0.062600 0.060800 0.061300 0.062600 0.064400 0.076800 0.071900 0.054600 0.062400 0.069000 0.059200 0.000000 0.041400 0.054600 0.067400 0.059200 0.067100 0.062800 0.070400 0.035000 0.052000 0.084200 0.057700 0.065600 0.051700 0.053100 0.065700 0.079500 0.039800 0.015900 0.065900 0.036600 0.043000 0.055100 0.071600 0.070400 0.058100 0.068900 0.075400 0.067100 0.068500
Reindeer 0.065900 0.193500 0.067600 0.173700 0.075500 0.067500 0.072300 0.093300 0.070800 0.042700 0.064400 0.072300 0.073900 0.074000 0.073700 0.074000 0.083500 0.081700 0.067500 0.072400 0.081900 0.059800 0.041400 0.000000 0.064500 0.077100 0.072300 0.074000 0.072400 0.080500 0.047100 0.064500 0.094000 0.070700 0.070700 0.061500 0.062900 0.075600 0.089300 0.042900 0.036800 0.075600 0.047200 0.024900 0.064500 0.081600 0.073800 0.073800 0.073800 0.085200 0.077100 0.078500
Ibex 0.020400 0.162900 0.035400 0.144200 0.029400 0.021900 0.030800 0.043100 0.035400 0.059000 0.005800 0.042900 0.032400 0.029400 0.039800 0.033900 0.055200 0.053400 0.020400 0.040000 0.038400 0.016000 0.054600 0.064500 0.000000 0.030900 0.030800 0.044500 0.029400 0.047700 0.066400 0.023400 0.068700 0.032400 0.032400 0.029500 0.007100 0.035400 0.044300 0.065800 0.051400 0.029400 0.065000 0.069200 0.032400 0.033900 0.033800 0.034000 0.032400 0.055000 0.044500 0.045900
GyrantGaze 0.035300 0.170100 0.040000 0.144400 0.036900 0.036800 0.029400 0.025000 0.038500 0.068700 0.030900 0.049000 0.043000 0.027900 0.041300 0.016000 0.061400 0.055000 0.035400 0.043000 0.019000 0.035400 0.067400 0.077100 0.030900 0.000000 0.041400 0.047600 0.013100 0.050800 0.076200 0.020500 0.070300 0.042900 0.043000 0.034000 0.032400 0.037000 0.024800 0.073700 0.061100 0.004300 0.074800 0.075500 0.037000 0.038400 0.019000 0.044500 0.033900 0.059600 0.047600 0.049000
Hartebeest 0.032300 0.166300 0.046000 0.144200 0.039900 0.033800 0.041300 0.056800 0.046000 0.066600 0.030800 0.050500 0.001400 0.039900 0.047400 0.044500 0.066000 0.061200 0.033800 0.050600 0.046000 0.035300 0.059200 0.072300 0.030800 0.041400 0.000000 0.055200 0.039900 0.058500 0.071000 0.033800 0.076400 0.001400 0.036900 0.037000 0.032400 0.046000 0.054900 0.073600 0.056000 0.039900 0.072700 0.077000 0.039900 0.050500 0.044400 0.041500 0.042900 0.059600 0.055100 0.056600
Bongo 0.050500 0.177700 0.011600 0.158100 0.053700 0.052100 0.050600 0.064800 0.008700 0.068700 0.044500 0.043100 0.056800 0.041600 0.053300 0.050700 0.063000 0.055000 0.044500 0.007300 0.053800 0.043000 0.067100 0.074000 0.044500 0.047600 0.055200 0.000000 0.046100 0.017600 0.073200 0.040000 0.070300 0.053700 0.055300 0.032500 0.043000 0.049200 0.061100 0.071900 0.060700 0.046100 0.074800 0.075300 0.035400 0.053700 0.052100 0.047600 0.050600 0.063100 0.011700 0.013100
Gerenuk 0.035300 0.168300 0.038400 0.142600 0.035400 0.036800 0.029300 0.028000 0.037000 0.064000 0.029400 0.044400 0.041400 0.029300 0.044300 0.014600 0.059900 0.053400 0.033800 0.041500 0.020500 0.033900 0.062800 0.072400 0.029400 0.013100 0.039900 0.046100 0.000000 0.049300 0.071500 0.021900 0.073400 0.041400 0.041500 0.035500 0.030900 0.038500 0.026300 0.069000 0.053400 0.011400 0.070100 0.070800 0.038500 0.039900 0.017500 0.046000 0.035400 0.059600 0.046100 0.047500
CommonElan 0.053700 0.178100 0.017600 0.161900 0.057000 0.055300 0.053800 0.068100 0.017600 0.072000 0.047700 0.046300 0.060000 0.044700 0.056500 0.053900 0.066300 0.058200 0.047700 0.013200 0.057000 0.049200 0.070400 0.080500 0.047700 0.050800 0.058500 0.017600 0.049300 0.000000 0.076500 0.043100 0.073600 0.056900 0.058600 0.035500 0.046200 0.049300 0.064400 0.075200 0.060900 0.049300 0.078100 0.081800 0.038500 0.056900 0.058400 0.052300 0.056900 0.066400 0.017600 0.016100
MuntiacusR 0.064800 0.187900 0.066800 0.166900 0.074600 0.066400 0.071500 0.092200 0.066900 0.012900 0.066400 0.071400 0.072600 0.073200 0.074400 0.073200 0.085600 0.080700 0.069400 0.068500 0.077800 0.068000 0.035000 0.047100 0.066400 0.076200 0.071000 0.073200 0.071500 0.076500 0.000000 0.063800 0.096100 0.069500 0.071100 0.060800 0.064900 0.074700 0.088300 0.051500 0.035000 0.074700 0.015800 0.051500 0.063800 0.077400 0.079200 0.074600 0.077700 0.084200 0.073100 0.074500
HarveysDui 0.030800 0.159500 0.030900 0.141000 0.029400 0.032300 0.013100 0.035500 0.030900 0.059400 0.023400 0.044300 0.035400 0.011600 0.035300 0.024900 0.055200 0.050300 0.032300 0.035400 0.027900 0.030800 0.052000 0.064500 0.023400 0.020500 0.033800 0.040000 0.021900 0.043100 0.063800 0.000000 0.065600 0.035400 0.035400 0.028000 0.024900 0.029400 0.033700 0.062700 0.051900 0.016000 0.065400 0.066100 0.030900 0.032400 0.027800 0.036800 0.027900 0.053300 0.040000 0.041400
Pronghorn 0.073200 0.183800 0.060900 0.170700 0.068700 0.074800 0.071800 0.086300 0.063900 0.088500 0.068600 0.074900 0.078100 0.068800 0.068400 0.075000 0.070400 0.068800 0.068600 0.065500 0.073500 0.067100 0.084200 0.094000 0.068700 0.070300 0.076400 0.070300 0.073400 0.073600 0.096100 0.065600 0.000000 0.074900 0.079800 0.057900 0.067100 0.070400 0.079300 0.095300 0.077700 0.068800 0.090100 0.095500 0.061000 0.073000 0.078000 0.073200 0.070100 0.069000 0.070300 0.071700
BlueWildeb 0.033800 0.164600 0.044500 0.145900 0.041400 0.035300 0.042900 0.058400 0.047600 0.065100 0.032300 0.049000 0.002800 0.041500 0.045900 0.046000 0.064500 0.059600 0.035300 0.049100 0.044500 0.033800 0.057700 0.070700 0.032400 0.042900 0.001400 0.053700 0.041400 0.056900 0.069500 0.035400 0.074900 0.000000 0.038400 0.035500 0.033900 0.044500 0.056500 0.072000 0.054500 0.041500 0.071200 0.075500 0.038500 0.049000 0.045900 0.040000 0.044400 0.058100 0.053600 0.055100
Gemsbok 0.036800 0.170300 0.043000 0.141200 0.038500 0.038400 0.042900 0.055400 0.046100 0.069900 0.032400 0.053700 0.038400 0.041500 0.050500 0.046100 0.069200 0.064400 0.035400 0.050700 0.047600 0.033900 0.065600 0.070700 0.032400 0.043000 0.036900 0.055300 0.041500 0.058600 0.071100 0.035400 0.079800 0.038400 0.000000 0.040100 0.032400 0.044600 0.055000 0.076800 0.059200 0.041500 0.076000 0.073900 0.043100 0.047500 0.043000 0.047700 0.041400 0.064400 0.055300 0.056700
Yak 0.032400 0.161900 0.023400 0.142900 0.038500 0.033900 0.038500 0.049400 0.026400 0.053400 0.029500 0.025000 0.038500 0.034100 0.035000 0.037000 0.047700 0.045800 0.032400 0.027900 0.038600 0.031000 0.051700 0.061500 0.029500 0.034000 0.037000 0.032500 0.035500 0.035500 0.060800 0.028000 0.057900 0.035500 0.040100 0.000000 0.028000 0.034000 0.045900 0.059200 0.045400 0.032500 0.059400 0.062800 0.005800 0.035500 0.040000 0.031000 0.035500 0.044700 0.032400 0.033900
BlueSheep 0.021900 0.163200 0.033900 0.140900 0.030900 0.023400 0.032400 0.044700 0.033900 0.057400 0.007300 0.041400 0.033900 0.031000 0.038300 0.035400 0.053600 0.051900 0.021900 0.038400 0.040000 0.017500 0.053100 0.062900 0.007100 0.032400 0.032400 0.043000 0.030900 0.046200 0.064900 0.024900 0.067100 0.033900 0.032400 0.028000 0.000000 0.037000 0.044300 0.064200 0.049900 0.031000 0.063400 0.067600 0.030900 0.036900 0.035400 0.032500 0.033900 0.053400 0.043000 0.044400
BohorReedb 0.041400 0.168700 0.036900 0.156400 0.014600 0.042900 0.040000 0.049300 0.043000 0.067200 0.035400 0.050600 0.047600 0.035500 0.044200 0.040000 0.060000 0.055100 0.041400 0.044600 0.038500 0.036900 0.065700 0.075600 0.035400 0.037000 0.046000 0.049200 0.038500 0.049300 0.074700 0.029400 0.070400 0.044500 0.044600 0.034000 0.037000 0.000000 0.047400 0.073500 0.059300 0.035500 0.073300 0.073800 0.037000 0.043000 0.043000 0.046100 0.038400 0.055100 0.049100 0.050500
KirksDik 0.050200 0.185300 0.051900 0.153900 0.047400 0.051800 0.044200 0.039900 0.051900 0.080700 0.044200 0.062600 0.056500 0.039800 0.053100 0.026300 0.068900 0.065500 0.050300 0.056500 0.032300 0.048800 0.079500 0.089300 0.044300 0.024800 0.054900 0.061100 0.026300 0.064400 0.088300 0.033700 0.079300 0.056500 0.055000 0.045900 0.044300 0.047400 0.000000 0.087400 0.073100 0.023400 0.086900 0.086200 0.048900 0.045800 0.032200 0.056500 0.047300 0.071800 0.061100 0.062500
RoeDeer 0.065700 0.187600 0.065600 0.159300 0.073400 0.067300 0.073600 0.088100 0.065600 0.044100 0.065700 0.064300 0.072000 0.073700 0.068700 0.070600 0.081500 0.076700 0.065700 0.067200 0.076800 0.067300 0.039800 0.042900 0.065800 0.073700 0.073600 0.071900 0.069000 0.075200 0.051500 0.062700 0.095300 0.072000 0.076800 0.059200 0.064200 0.073500 0.087400 0.000000 0.033700 0.069000 0.047100 0.041400 0.062600 0.079300 0.078300 0.073500 0.073400 0.080100 0.071900 0.071700
WhiteLippe 0.051300 0.174800 0.051400 0.159200 0.059200 0.052900 0.059500 0.076900 0.054500 0.030600 0.051400 0.056300 0.057500 0.061200 0.056300 0.058100 0.070400 0.065500 0.051300 0.056000 0.062700 0.052900 0.015900 0.036800 0.051400 0.061100 0.056000 0.060700 0.053400 0.060900 0.035000 0.051900 0.077700 0.054500 0.059200 0.045400 0.049900 0.059300 0.073100 0.033700 0.000000 0.059600 0.033500 0.035300 0.048800 0.065100 0.064100 0.054900 0.059500 0.067400 0.060700 0.062100
ThomsonGaz 0.033800 0.168400 0.038500 0.139500 0.035400 0.035400 0.027900 0.023500 0.037000 0.067200 0.029400 0.047500 0.041500 0.026400 0.039900 0.014600 0.059900 0.053500 0.033900 0.041500 0.017500 0.033900 0.065900 0.075600 0.029400 0.004300 0.039900 0.046100 0.011400 0.049300 0.074700 0.016000 0.068800 0.041500 0.041500 0.032500 0.031000 0.035500 0.023400 0.069000 0.059600 0.000000 0.073300 0.074000 0.035500 0.036900 0.017500 0.043100 0.032400 0.058100 0.046100 0.047500
MuntiacusC 0.064900 0.186300 0.065400 0.165300 0.073200 0.066500 0.073100 0.087500 0.068500 0.014400 0.064900 0.066800 0.071200 0.074800 0.073000 0.071700 0.077900 0.076100 0.068000 0.070100 0.073200 0.065000 0.036600 0.047200 0.065000 0.074800 0.072700 0.074800 0.070100 0.078100 0.015800 0.065400 0.090100 0.071200 0.076000 0.059400 0.063400 0.073300 0.086900 0.047100 0.033500 0.073300 0.000000 0.050100 0.062300 0.072900 0.077700 0.073200 0.073100 0.079600 0.074800 0.076100
WhiteTaile 0.069000 0.191700 0.068900 0.172000 0.073700 0.070600 0.073800 0.091700 0.072100 0.044300 0.069100 0.073900 0.078600 0.075600 0.069000 0.072500 0.085100 0.083300 0.072200 0.073700 0.080300 0.067600 0.043000 0.024900 0.069200 0.075500 0.077000 0.075300 0.070800 0.081800 0.051500 0.066100 0.095500 0.075500 0.073900 0.062800 0.067600 0.073800 0.086200 0.041400 0.035300 0.074000 0.050100 0.000000 0.063000 0.079700 0.072200 0.075400 0.069200 0.083600 0.078400 0.079800
Cattle 0.035300 0.165200 0.026400 0.146100 0.041500 0.036900 0.041500 0.052300 0.029400 0.056300 0.032400 0.028000 0.041500 0.037000 0.038400 0.040000 0.050600 0.048900 0.035400 0.030900 0.041500 0.033900 0.055100 0.064500 0.032400 0.037000 0.039900 0.035400 0.038500 0.038500 0.063800 0.030900 0.061000 0.038500 0.043100 0.005800 0.030900 0.037000 0.048900 0.062600 0.048800 0.035500 0.062300 0.063000 0.000000 0.038400 0.043000 0.033900 0.038400 0.047700 0.035400 0.036800
RoyalAntel 0.042800 0.168200 0.044400 0.152400 0.046000 0.044400 0.042900 0.047700 0.047500 0.069900 0.036800 0.055100 0.052100 0.038500 0.050100 0.041500 0.059700 0.057900 0.045900 0.049000 0.043000 0.038400 0.071600 0.081600 0.033900 0.038400 0.050500 0.053700 0.039900 0.056900 0.077400 0.032400 0.073000 0.049000 0.047500 0.035500 0.036900 0.043000 0.045800 0.079300 0.065100 0.036900 0.072900 0.079700 0.038400 0.000000 0.039900 0.049000 0.039900 0.059300 0.053600 0.055000
Steenbok 0.039800 0.164700 0.046000 0.144200 0.039900 0.041300 0.035300 0.028000 0.046000 0.071700 0.033800 0.053600 0.045900 0.033900 0.050400 0.020500 0.067600 0.062700 0.039800 0.050600 0.026400 0.035300 0.070400 0.073800 0.033800 0.019000 0.044400 0.052100 0.017500 0.058400 0.079200 0.027800 0.078000 0.045900 0.043000 0.040000 0.035400 0.043000 0.032200 0.078300 0.064100 0.017500 0.077700 0.072200 0.043000 0.039900 0.000000 0.049000 0.036800 0.064200 0.055200 0.056600
Impala 0.039900 0.175500 0.039900 0.154400 0.046100 0.041500 0.047400 0.060000 0.043000 0.067100 0.033900 0.047500 0.043100 0.039900 0.044300 0.046100 0.066000 0.061100 0.040000 0.044500 0.046100 0.037000 0.058100 0.073800 0.034000 0.044500 0.041500 0.047600 0.046000 0.052300 0.074600 0.036800 0.073200 0.040000 0.047700 0.031000 0.032500 0.046100 0.056500 0.073500 0.054900 0.043100 0.073200 0.075400 0.033900 0.049000 0.049000 0.000000 0.044500 0.056500 0.049100 0.050500
Klipspring 0.035300 0.168100 0.041400 0.154400 0.033900 0.036800 0.038400 0.049200 0.044500 0.070100 0.032300 0.048900 0.041400 0.033900 0.044300 0.036900 0.058300 0.059500 0.041300 0.049100 0.035400 0.033800 0.068900 0.073800 0.032400 0.033900 0.042900 0.050600 0.035400 0.056900 0.077700 0.027900 0.070100 0.044400 0.041400 0.035500 0.033900 0.038400 0.047300 0.073400 0.059500 0.032400 0.073100 0.069200 0.038400 0.039900 0.036800 0.044500 0.000000 0.061100 0.053700 0.055100
ForestMusk 0.054900 0.179600 0.053800 0.166300 0.061300 0.056500 0.061100 0.070900 0.056900 0.076600 0.054900 0.059800 0.061200 0.059700 0.057900 0.062800 0.066300 0.062900 0.061100 0.058400 0.064400 0.056500 0.075400 0.085200 0.055000 0.059600 0.059600 0.063100 0.059600 0.066400 0.084200 0.053300 0.069000 0.058100 0.064400 0.044700 0.053400 0.055100 0.071800 0.080100 0.067400 0.058100 0.079600 0.083600 0.047700 0.059300 0.064200 0.056500 0.061100 0.000000 0.063100 0.064500
Bushbuck 0.050500 0.179200 0.014600 0.159700 0.053700 0.052100 0.050600 0.064700 0.011700 0.068700 0.044500 0.043100 0.056700 0.041600 0.053200 0.050700 0.063000 0.054600 0.044500 0.007300 0.053800 0.046000 0.067100 0.077100 0.044500 0.047600 0.055100 0.011700 0.046100 0.017600 0.073100 0.040000 0.070300 0.053600 0.055300 0.032400 0.043000 0.049100 0.061100 0.071900 0.060700 0.046100 0.074800 0.078400 0.035400 0.053600 0.055200 0.049100 0.053700 0.063100 0.000000 0.013100
GreaterKud 0.051900 0.180600 0.013100 0.161000 0.055100 0.053500 0.052000 0.066100 0.013100 0.070000 0.045900 0.044500 0.058200 0.043000 0.054700 0.052100 0.064400 0.056400 0.045900 0.011600 0.055100 0.047400 0.068500 0.078500 0.045900 0.049000 0.056600 0.013100 0.047500 0.016100 0.074500 0.041400 0.071700 0.055100 0.056700 0.033900 0.044400 0.050500 0.062500 0.071700 0.062100 0.047500 0.076100 0.079800 0.036800 0.055000 0.056600 0.050500 0.055100 0.064500 0.013100 0.000000
