CODONML (in paml version 4.10.7, June 2023)  /home/rachel/ruminants_paml/6406-phy-tree/ENSBTAT00000046864.fasta.phy
Model: free dN/dS Ratios for branches,  kappa = 2.000 fixed

Codon frequency model: F3x4
ns =  54  ls =  31

Codon usage in sequences
--------------------------------------------------------------------------------------------------------------------------------------
Phe TTT   0   0   0   0   0   0 | Ser TCT   0   0   0   0   0   0 | Tyr TAT   0   0   0   0   0   0 | Cys TGT   0   0   0   0   0   0
    TTC   0   0   0   0   0   0 |     TCC   2   3   2   3   3   3 |     TAC   1   1   1   1   1   1 |     TGC   0   0   0   0   0   0
Leu TTA   0   0   0   0   0   0 |     TCA   0   0   0   0   0   0 | *** TAA   0   0   0   0   0   0 | *** TGA   0   0   0   0   0   0
    TTG   0   0   0   0   0   0 |     TCG   1   0   1   0   0   0 |     TAG   0   0   0   0   0   0 | Trp TGG   1   1   1   1   1   1
--------------------------------------------------------------------------------------------------------------------------------------
Leu CTT   1   1   1   1   1   1 | Pro CCT   0   0   0   0   0   0 | His CAT   0   0   0   0   0   0 | Arg CGT   0   0   0   0   0   0
    CTC   2   2   2   2   2   2 |     CCC   3   3   3   3   3   3 |     CAC   0   0   0   0   0   0 |     CGC   0   0   0   0   0   0
    CTA   0   0   0   0   0   0 |     CCA   0   0   0   0   0   0 | Gln CAA   0   0   0   0   0   0 |     CGA   0   1   0   0   1   0
    CTG   3   3   3   3   3   3 |     CCG   0   0   0   0   0   0 |     CAG   1   1   1   1   1   1 |     CGG   2   1   2   2   2   2
--------------------------------------------------------------------------------------------------------------------------------------
Ile ATT   0   0   0   0   0   0 | Thr ACT   0   0   0   0   0   0 | Asn AAT   0   0   0   0   0   0 | Ser AGT   1   1   1   1   1   1
    ATC   1   1   1   1   1   1 |     ACC   2   2   2   2   2   2 |     AAC   0   0   0   0   0   0 |     AGC   1   1   1   1   1   1
    ATA   0   0   0   0   0   0 |     ACA   0   0   0   0   0   0 | Lys AAA   0   0   0   0   1   0 | Arg AGA   1   0   1   1   0   0
Met ATG   0   0   0   0   0   0 |     ACG   1   1   1   1   1   1 |     AAG   3   3   3   3   2   3 |     AGG   0   1   0   0   0   1
--------------------------------------------------------------------------------------------------------------------------------------
Val GTT   0   0   0   0   0   0 | Ala GCT   1   1   1   1   1   1 | Asp GAT   0   0   0   0   0   0 | Gly GGT   0   0   0   0   0   0
    GTC   0   0   0   0   0   0 |     GCC   0   0   0   0   0   0 |     GAC   2   2   2   2   2   2 |     GGC   0   0   0   0   0   0
    GTA   0   0   0   0   0   0 |     GCA   0   0   0   0   0   0 | Glu GAA   0   0   0   0   0   0 |     GGA   0   0   0   0   0   0
    GTG   1   1   1   1   1   1 |     GCG   0   0   0   0   0   0 |     GAG   0   0   0   0   0   0 |     GGG   0   0   0   0   0   0
--------------------------------------------------------------------------------------------------------------------------------------

--------------------------------------------------------------------------------------------------------------------------------------
Phe TTT   0   0   0   0   0   0 | Ser TCT   0   0   0   0   0   0 | Tyr TAT   0   0   0   0   0   0 | Cys TGT   0   0   0   0   0   0
    TTC   0   0   0   0   0   0 |     TCC   2   2   2   2   2   3 |     TAC   1   1   1   1   1   1 |     TGC   0   0   0   0   0   0
Leu TTA   0   0   0   0   0   0 |     TCA   0   0   0   0   0   0 | *** TAA   0   0   0   0   0   0 | *** TGA   0   0   0   0   0   0
    TTG   0   0   0   0   0   0 |     TCG   1   1   1   1   1   0 |     TAG   0   0   0   0   0   0 | Trp TGG   1   1   1   1   1   1
--------------------------------------------------------------------------------------------------------------------------------------
Leu CTT   1   1   1   1   1   1 | Pro CCT   0   0   0   0   0   0 | His CAT   0   0   0   0   0   0 | Arg CGT   0   0   0   0   0   0
    CTC   2   2   2   2   2   2 |     CCC   3   3   3   3   3   2 |     CAC   0   0   0   0   0   0 |     CGC   0   0   0   0   0   0
    CTA   0   0   0   0   0   0 |     CCA   0   0   0   0   0   1 | Gln CAA   0   0   0   0   0   0 |     CGA   0   0   0   0   0   0
    CTG   3   3   3   3   3   3 |     CCG   0   0   0   0   0   0 |     CAG   1   1   1   1   1   1 |     CGG   2   2   2   2   2   2
--------------------------------------------------------------------------------------------------------------------------------------
Ile ATT   0   0   0   0   0   0 | Thr ACT   0   0   0   1   0   0 | Asn AAT   0   0   0   0   0   0 | Ser AGT   1   1   1   1   1   1
    ATC   1   1   1   1   1   1 |     ACC   2   2   2   1   2   2 |     AAC   0   0   0   0   0   0 |     AGC   1   1   1   1   1   1
    ATA   0   0   0   0   0   0 |     ACA   0   0   1   1   0   0 | Lys AAA   0   0   0   0   0   0 | Arg AGA   1   1   1   1   1   1
Met ATG   0   0   0   0   0   0 |     ACG   1   1   0   0   1   1 |     AAG   3   3   3   3   3   3 |     AGG   0   0   0   0   0   0
--------------------------------------------------------------------------------------------------------------------------------------
Val GTT   0   0   0   0   0   0 | Ala GCT   1   1   1   1   1   1 | Asp GAT   0   0   0   0   0   0 | Gly GGT   0   0   0   0   0   0
    GTC   0   0   0   0   0   0 |     GCC   0   0   0   0   0   0 |     GAC   2   2   2   2   2   2 |     GGC   0   0   0   0   0   0
    GTA   0   0   0   0   0   0 |     GCA   0   0   0   0   0   0 | Glu GAA   0   0   0   0   0   0 |     GGA   0   0   0   0   0   0
    GTG   1   1   1   1   1   1 |     GCG   0   0   0   0   0   0 |     GAG   0   0   0   0   0   0 |     GGG   0   0   0   0   0   0
--------------------------------------------------------------------------------------------------------------------------------------

--------------------------------------------------------------------------------------------------------------------------------------
Phe TTT   0   0   0   0   0   0 | Ser TCT   0   0   0   0   0   0 | Tyr TAT   0   0   0   0   0   0 | Cys TGT   0   0   0   0   0   0
    TTC   0   0   0   0   0   0 |     TCC   2   2   2   3   3   2 |     TAC   1   1   1   1   1   1 |     TGC   0   0   0   0   0   0
Leu TTA   0   0   0   0   0   0 |     TCA   0   0   0   0   0   0 | *** TAA   0   0   0   0   0   0 | *** TGA   0   0   0   0   0   0
    TTG   0   0   0   0   0   0 |     TCG   1   1   1   0   0   1 |     TAG   0   0   0   0   0   0 | Trp TGG   1   1   1   1   1   1
--------------------------------------------------------------------------------------------------------------------------------------
Leu CTT   1   1   1   0   0   1 | Pro CCT   0   0   0   0   0   0 | His CAT   0   0   0   0   0   0 | Arg CGT   0   0   0   0   0   0
    CTC   2   2   2   3   3   2 |     CCC   3   3   3   2   2   3 |     CAC   0   0   0   0   0   0 |     CGC   0   0   0   0   0   0
    CTA   1   0   0   0   0   0 |     CCA   0   0   0   0   0   0 | Gln CAA   0   0   0   0   0   0 |     CGA   0   0   0   0   0   0
    CTG   2   3   3   3   3   3 |     CCG   0   0   0   1   1   0 |     CAG   1   1   1   1   1   1 |     CGG   2   2   2   0   0   2
--------------------------------------------------------------------------------------------------------------------------------------
Ile ATT   0   0   0   0   0   0 | Thr ACT   0   0   0   0   0   0 | Asn AAT   0   0   0   0   0   0 | Ser AGT   1   1   1   0   0   1
    ATC   1   1   1   1   1   1 |     ACC   2   2   2   3   3   2 |     AAC   0   0   0   0   0   0 |     AGC   1   1   1   1   1   1
    ATA   0   0   0   0   0   0 |     ACA   0   0   0   0   0   0 | Lys AAA   0   0   0   1   1   0 | Arg AGA   1   1   1   0   0   1
Met ATG   0   0   0   0   0   0 |     ACG   1   1   1   1   1   1 |     AAG   3   3   3   2   2   3 |     AGG   0   0   0   3   3   0
--------------------------------------------------------------------------------------------------------------------------------------
Val GTT   0   0   0   0   0   0 | Ala GCT   1   1   1   0   0   1 | Asp GAT   0   0   0   0   0   0 | Gly GGT   0   0   0   0   0   0
    GTC   0   0   0   0   0   0 |     GCC   0   0   0   0   0   0 |     GAC   2   2   2   2   2   2 |     GGC   0   0   0   0   0   0
    GTA   0   0   0   0   0   0 |     GCA   0   0   0   0   0   0 | Glu GAA   0   0   0   0   0   0 |     GGA   0   0   0   0   0   0
    GTG   1   1   1   1   1   1 |     GCG   0   0   0   1   1   0 |     GAG   0   0   0   0   0   0 |     GGG   0   0   0   0   0   0
--------------------------------------------------------------------------------------------------------------------------------------

--------------------------------------------------------------------------------------------------------------------------------------
Phe TTT   0   0   0   0   0   0 | Ser TCT   0   0   0   0   0   0 | Tyr TAT   0   0   0   0   0   0 | Cys TGT   0   0   0   0   0   0
    TTC   0   0   0   0   0   0 |     TCC   3   3   2   2   2   2 |     TAC   1   1   1   1   1   1 |     TGC   0   0   0   0   0   0
Leu TTA   0   0   0   0   0   0 |     TCA   0   0   0   0   0   0 | *** TAA   0   0   0   0   0   0 | *** TGA   0   0   0   0   0   0
    TTG   0   0   0   0   0   0 |     TCG   0   0   1   1   1   1 |     TAG   0   0   0   0   0   0 | Trp TGG   1   1   1   1   1   1
--------------------------------------------------------------------------------------------------------------------------------------
Leu CTT   1   1   1   1   1   1 | Pro CCT   0   0   0   0   0   0 | His CAT   0   0   0   0   0   0 | Arg CGT   0   0   0   0   0   0
    CTC   2   2   2   2   2   2 |     CCC   3   3   3   3   3   3 |     CAC   0   0   0   0   0   0 |     CGC   0   0   0   0   0   0
    CTA   0   0   0   0   0   0 |     CCA   0   0   0   0   0   0 | Gln CAA   0   0   0   0   0   0 |     CGA   0   0   0   0   0   0
    CTG   3   3   3   3   3   3 |     CCG   0   0   0   0   0   0 |     CAG   1   1   1   1   1   1 |     CGG   2   2   2   2   2   2
--------------------------------------------------------------------------------------------------------------------------------------
Ile ATT   0   0   0   0   0   0 | Thr ACT   0   0   0   0   0   0 | Asn AAT   0   0   0   0   0   0 | Ser AGT   1   1   1   1   1   1
    ATC   1   1   1   1   1   1 |     ACC   2   2   2   2   2   1 |     AAC   0   0   0   0   0   0 |     AGC   1   1   1   1   1   1
    ATA   0   0   0   0   0   0 |     ACA   0   0   0   0   0   0 | Lys AAA   0   0   0   0   0   0 | Arg AGA   1   1   1   1   1   1
Met ATG   0   0   0   0   0   0 |     ACG   1   1   1   1   1   2 |     AAG   3   3   3   3   3   3 |     AGG   0   0   0   0   0   0
--------------------------------------------------------------------------------------------------------------------------------------
Val GTT   0   0   0   0   0   0 | Ala GCT   1   1   1   1   1   1 | Asp GAT   0   0   0   0   0   0 | Gly GGT   0   0   0   0   0   0
    GTC   0   0   0   0   0   0 |     GCC   0   0   0   0   0   0 |     GAC   2   2   2   2   2   2 |     GGC   0   0   0   0   0   0
    GTA   0   0   0   0   0   0 |     GCA   0   0   0   0   0   0 | Glu GAA   0   0   0   0   0   0 |     GGA   0   0   0   0   0   0
    GTG   1   1   1   1   1   1 |     GCG   0   0   0   0   0   0 |     GAG   0   0   0   0   0   0 |     GGG   0   0   0   0   0   0
--------------------------------------------------------------------------------------------------------------------------------------

--------------------------------------------------------------------------------------------------------------------------------------
Phe TTT   0   0   0   0   0   0 | Ser TCT   0   0   0   0   0   0 | Tyr TAT   0   0   0   0   0   0 | Cys TGT   0   0   0   0   0   0
    TTC   0   0   0   0   0   0 |     TCC   3   3   2   2   2   2 |     TAC   1   1   1   1   1   1 |     TGC   0   0   0   0   0   0
Leu TTA   0   0   0   0   0   0 |     TCA   0   0   0   0   0   0 | *** TAA   0   0   0   0   0   0 | *** TGA   0   0   0   0   0   0
    TTG   0   0   0   0   0   0 |     TCG   0   0   1   1   1   1 |     TAG   0   0   0   0   0   0 | Trp TGG   1   1   1   1   1   1
--------------------------------------------------------------------------------------------------------------------------------------
Leu CTT   0   1   1   1   1   1 | Pro CCT   0   0   0   0   0   0 | His CAT   0   0   0   0   0   0 | Arg CGT   0   0   0   0   0   0
    CTC   2   2   2   2   2   2 |     CCC   3   3   3   3   3   3 |     CAC   0   0   0   0   0   0 |     CGC   0   0   0   0   0   0
    CTA   0   0   1   0   0   0 |     CCA   0   0   0   0   0   0 | Gln CAA   0   0   0   0   0   0 |     CGA   0   0   0   0   0   0
    CTG   3   3   2   3   3   3 |     CCG   2   0   0   0   0   0 |     CAG   0   1   1   1   1   1 |     CGG   1   2   2   2   2   2
--------------------------------------------------------------------------------------------------------------------------------------
Ile ATT   0   0   0   0   0   0 | Thr ACT   0   0   0   0   0   0 | Asn AAT   0   0   0   0   0   0 | Ser AGT   0   1   1   1   1   1
    ATC   1   1   1   1   1   1 |     ACC   3   2   2   2   2   2 |     AAC   0   0   0   0   0   0 |     AGC   1   1   1   1   1   1
    ATA   0   0   0   0   0   0 |     ACA   0   0   0   0   0   0 | Lys AAA   1   0   0   0   0   0 | Arg AGA   0   1   1   1   1   1
Met ATG   0   0   0   0   0   0 |     ACG   1   1   1   1   1   1 |     AAG   2   3   3   3   3   3 |     AGG   2   0   0   0   0   0
--------------------------------------------------------------------------------------------------------------------------------------
Val GTT   0   0   0   0   0   0 | Ala GCT   0   1   1   1   1   1 | Asp GAT   0   0   0   0   0   0 | Gly GGT   0   0   0   0   0   0
    GTC   0   0   0   0   0   0 |     GCC   0   0   0   0   0   0 |     GAC   2   2   2   2   2   2 |     GGC   0   0   0   0   0   0
    GTA   0   0   0   0   0   0 |     GCA   0   0   0   0   0   0 | Glu GAA   0   0   0   0   0   0 |     GGA   0   0   0   0   0   0
    GTG   1   1   1   1   1   1 |     GCG   1   0   0   0   0   0 |     GAG   0   0   0   0   0   0 |     GGG   0   0   0   0   0   0
--------------------------------------------------------------------------------------------------------------------------------------

--------------------------------------------------------------------------------------------------------------------------------------
Phe TTT   0   0   0   0   0   0 | Ser TCT   0   0   0   0   0   0 | Tyr TAT   0   0   0   0   0   0 | Cys TGT   0   0   0   0   0   0
    TTC   0   0   0   0   0   0 |     TCC   2   2   3   2   3   2 |     TAC   1   1   1   1   1   1 |     TGC   0   0   0   0   0   0
Leu TTA   0   0   0   0   0   0 |     TCA   0   0   0   0   0   0 | *** TAA   0   0   0   0   0   0 | *** TGA   0   0   0   0   0   0
    TTG   0   0   0   0   0   0 |     TCG   1   1   0   1   0   1 |     TAG   0   0   0   0   0   0 | Trp TGG   1   1   1   1   1   1
--------------------------------------------------------------------------------------------------------------------------------------
Leu CTT   1   1   1   1   1   1 | Pro CCT   0   0   1   0   0   0 | His CAT   0   0   0   0   0   0 | Arg CGT   0   0   0   0   0   0
    CTC   2   2   2   2   2   2 |     CCC   3   3   2   3   3   3 |     CAC   0   0   0   0   0   0 |     CGC   0   0   0   0   0   0
    CTA   0   0   0   0   0   0 |     CCA   0   0   0   0   0   0 | Gln CAA   0   0   0   0   0   0 |     CGA   0   0   0   0   0   0
    CTG   3   3   3   3   3   3 |     CCG   0   0   0   0   0   0 |     CAG   1   1   1   1   1   1 |     CGG   2   2   2   2   2   2
--------------------------------------------------------------------------------------------------------------------------------------
Ile ATT   0   0   0   0   0   0 | Thr ACT   0   0   0   0   0   0 | Asn AAT   0   0   0   0   0   0 | Ser AGT   1   1   1   1   1   1
    ATC   1   1   1   1   1   1 |     ACC   2   2   2   2   2   2 |     AAC   0   0   0   0   0   0 |     AGC   1   1   1   1   1   1
    ATA   0   0   0   0   0   0 |     ACA   0   0   0   1   0   0 | Lys AAA   0   0   0   0   0   0 | Arg AGA   1   1   1   1   1   1
Met ATG   0   0   0   0   0   0 |     ACG   1   1   1   0   1   1 |     AAG   3   3   3   3   3   3 |     AGG   0   0   0   0   0   0
--------------------------------------------------------------------------------------------------------------------------------------
Val GTT   0   0   0   0   0   0 | Ala GCT   1   1   1   1   1   1 | Asp GAT   0   0   0   0   0   0 | Gly GGT   0   0   0   0   0   0
    GTC   0   0   0   0   0   0 |     GCC   0   0   0   0   0   0 |     GAC   2   2   2   2   2   2 |     GGC   0   0   0   0   0   0
    GTA   0   0   0   0   0   0 |     GCA   0   0   0   0   0   0 | Glu GAA   0   0   0   0   0   0 |     GGA   0   0   0   0   0   0
    GTG   1   1   1   1   1   1 |     GCG   0   0   0   0   0   0 |     GAG   0   0   0   0   0   0 |     GGG   0   0   0   0   0   0
--------------------------------------------------------------------------------------------------------------------------------------

--------------------------------------------------------------------------------------------------------------------------------------
Phe TTT   0   0   0   0   0   0 | Ser TCT   0   1   0   0   0   0 | Tyr TAT   0   0   0   0   0   0 | Cys TGT   0   0   0   0   0   0
    TTC   0   0   0   0   0   0 |     TCC   2   2   2   2   2   3 |     TAC   1   1   1   1   1   1 |     TGC   0   0   0   0   0   0
Leu TTA   0   0   0   0   0   0 |     TCA   0   0   0   0   0   0 | *** TAA   0   0   0   0   0   0 | *** TGA   0   0   0   0   0   0
    TTG   0   0   0   0   0   0 |     TCG   1   0   1   1   1   0 |     TAG   0   0   0   0   0   0 | Trp TGG   1   1   1   1   1   1
--------------------------------------------------------------------------------------------------------------------------------------
Leu CTT   1   1   1   1   1   1 | Pro CCT   0   0   0   0   0   0 | His CAT   0   0   0   0   0   0 | Arg CGT   0   0   0   0   0   0
    CTC   2   2   2   2   2   2 |     CCC   3   3   3   3   3   3 |     CAC   0   0   0   0   0   0 |     CGC   0   0   0   0   0   0
    CTA   0   0   1   0   0   0 |     CCA   0   0   0   0   0   0 | Gln CAA   0   0   0   0   0   0 |     CGA   0   0   0   1   0   0
    CTG   3   3   2   3   3   3 |     CCG   0   0   0   0   0   0 |     CAG   1   1   1   1   1   1 |     CGG   2   2   2   2   2   2
--------------------------------------------------------------------------------------------------------------------------------------
Ile ATT   0   0   0   0   0   0 | Thr ACT   0   0   0   0   0   0 | Asn AAT   0   0   0   0   0   0 | Ser AGT   1   1   1   1   1   1
    ATC   1   1   1   1   1   1 |     ACC   2   2   2   2   1   2 |     AAC   0   0   0   0   0   0 |     AGC   1   1   1   1   1   1
    ATA   0   0   0   0   0   0 |     ACA   0   0   0   0   1   0 | Lys AAA   0   0   0   0   0   0 | Arg AGA   1   1   1   0   1   1
Met ATG   0   0   0   0   0   0 |     ACG   1   1   1   1   1   1 |     AAG   3   3   3   3   3   3 |     AGG   0   0   0   0   0   0
--------------------------------------------------------------------------------------------------------------------------------------
Val GTT   0   0   0   0   0   0 | Ala GCT   1   1   1   1   1   1 | Asp GAT   0   1   0   0   0   0 | Gly GGT   0   0   0   0   0   0
    GTC   0   0   0   0   0   0 |     GCC   0   0   0   0   0   0 |     GAC   2   1   2   2   2   2 |     GGC   0   0   0   0   0   0
    GTA   0   0   0   0   0   0 |     GCA   0   0   0   0   0   0 | Glu GAA   0   0   0   0   0   0 |     GGA   0   0   0   0   0   0
    GTG   1   1   1   1   1   1 |     GCG   0   0   0   0   0   0 |     GAG   0   0   0   0   0   0 |     GGG   0   0   0   0   0   0
--------------------------------------------------------------------------------------------------------------------------------------

--------------------------------------------------------------------------------------------------------------------------------------
Phe TTT   0   0   0   0   0   0 | Ser TCT   0   0   0   0   0   0 | Tyr TAT   0   0   0   0   0   0 | Cys TGT   0   0   0   0   0   0
    TTC   0   0   0   0   0   0 |     TCC   3   2   3   3   2   2 |     TAC   1   1   1   1   1   1 |     TGC   0   0   0   0   0   0
Leu TTA   0   0   0   0   0   0 |     TCA   0   0   0   0   0   0 | *** TAA   0   0   0   0   0   0 | *** TGA   0   0   0   0   0   0
    TTG   0   0   0   0   0   0 |     TCG   0   1   0   0   1   1 |     TAG   0   0   0   0   0   0 | Trp TGG   1   1   1   1   1   1
--------------------------------------------------------------------------------------------------------------------------------------
Leu CTT   1   1   1   1   1   2 | Pro CCT   0   0   0   1   0   0 | His CAT   0   0   0   0   0   0 | Arg CGT   0   0   0   0   0   0
    CTC   2   2   2   2   2   1 |     CCC   3   3   3   1   3   3 |     CAC   0   0   0   0   0   0 |     CGC   0   0   0   0   0   0
    CTA   0   0   0   0   0   0 |     CCA   0   0   0   1   0   0 | Gln CAA   0   0   0   0   0   0 |     CGA   0   0   0   0   0   0
    CTG   3   3   3   3   3   3 |     CCG   0   0   0   0   0   0 |     CAG   1   1   1   1   1   1 |     CGG   2   2   2   2   2   2
--------------------------------------------------------------------------------------------------------------------------------------
Ile ATT   0   0   0   0   0   0 | Thr ACT   0   0   0   0   0   0 | Asn AAT   0   0   0   0   0   0 | Ser AGT   1   1   1   1   1   1
    ATC   1   1   1   1   1   1 |     ACC   2   2   2   2   2   2 |     AAC   0   0   0   0   0   0 |     AGC   1   1   1   1   1   1
    ATA   0   0   0   0   0   0 |     ACA   0   0   0   0   0   0 | Lys AAA   0   0   0   0   0   0 | Arg AGA   1   1   1   1   1   1
Met ATG   0   0   0   0   0   0 |     ACG   1   1   1   1   1   1 |     AAG   3   3   3   3   3   3 |     AGG   0   0   0   0   0   0
--------------------------------------------------------------------------------------------------------------------------------------
Val GTT   0   0   0   0   0   0 | Ala GCT   1   1   1   1   1   1 | Asp GAT   0   0   0   0   1   0 | Gly GGT   0   0   0   0   0   0
    GTC   0   0   0   0   0   0 |     GCC   0   0   0   0   0   0 |     GAC   2   2   2   2   1   2 |     GGC   0   0   0   0   0   0
    GTA   0   0   0   0   0   0 |     GCA   0   0   0   0   0   0 | Glu GAA   0   0   0   0   0   0 |     GGA   0   0   0   0   0   0
    GTG   1   1   1   1   1   1 |     GCG   0   0   0   0   0   0 |     GAG   0   0   0   0   0   0 |     GGG   0   0   0   0   0   0
--------------------------------------------------------------------------------------------------------------------------------------

--------------------------------------------------------------------------------------------------------------------------------------
Phe TTT   0   0   0   0   0   0 | Ser TCT   0   0   0   0   0   0 | Tyr TAT   0   1   0   0   0   0 | Cys TGT   0   0   0   0   0   0
    TTC   0   0   0   0   0   0 |     TCC   2   2   2   3   2   2 |     TAC   1   0   1   1   1   1 |     TGC   0   0   0   0   0   0
Leu TTA   0   0   0   0   0   0 |     TCA   0   0   0   0   0   0 | *** TAA   0   0   0   0   0   0 | *** TGA   0   0   0   0   0   0
    TTG   0   0   0   0   0   0 |     TCG   1   1   1   0   1   1 |     TAG   0   0   0   0   0   0 | Trp TGG   1   1   1   1   1   1
--------------------------------------------------------------------------------------------------------------------------------------
Leu CTT   1   1   1   1   1   1 | Pro CCT   0   0   0   0   0   0 | His CAT   0   0   0   0   0   0 | Arg CGT   0   0   0   0   0   0
    CTC   2   2   2   2   2   2 |     CCC   3   3   3   3   3   3 |     CAC   0   0   0   0   0   0 |     CGC   0   0   0   0   0   0
    CTA   0   0   0   0   0   0 |     CCA   0   0   0   0   0   0 | Gln CAA   0   0   0   0   0   0 |     CGA   0   0   0   0   0   0
    CTG   3   3   3   3   3   3 |     CCG   0   0   0   0   0   0 |     CAG   1   1   1   1   1   1 |     CGG   2   2   2   2   2   2
--------------------------------------------------------------------------------------------------------------------------------------
Ile ATT   0   0   0   0   0   0 | Thr ACT   0   0   0   0   0   0 | Asn AAT   0   0   0   0   0   0 | Ser AGT   1   1   1   1   1   1
    ATC   1   1   1   1   1   1 |     ACC   1   2   2   2   2   2 |     AAC   0   0   0   0   0   0 |     AGC   1   1   1   1   1   1
    ATA   0   0   0   0   0   0 |     ACA   1   0   0   0   0   0 | Lys AAA   0   0   0   0   0   0 | Arg AGA   1   1   1   1   1   1
Met ATG   0   0   0   0   0   0 |     ACG   1   1   1   1   1   1 |     AAG   3   3   3   3   3   3 |     AGG   0   0   0   0   0   0
--------------------------------------------------------------------------------------------------------------------------------------
Val GTT   0   0   0   0   0   0 | Ala GCT   1   1   1   1   1   1 | Asp GAT   0   0   0   0   0   0 | Gly GGT   0   0   0   0   0   0
    GTC   0   0   0   0   0   0 |     GCC   0   0   0   0   0   0 |     GAC   2   2   2   2   2   2 |     GGC   0   0   0   0   0   0
    GTA   0   0   0   0   0   0 |     GCA   0   0   0   0   0   0 | Glu GAA   0   0   0   0   0   0 |     GGA   0   0   0   0   0   0
    GTG   1   1   1   1   1   1 |     GCG   0   0   0   0   0   0 |     GAG   0   0   0   0   0   0 |     GGG   0   0   0   0   0   0
--------------------------------------------------------------------------------------------------------------------------------------

Codon position x base (3x4) table for each sequence.

#1: Argali         
position  1:    T:0.16129    C:0.38710    A:0.32258    G:0.12903
position  2:    T:0.25806    C:0.32258    A:0.22581    G:0.19355
position  3:    T:0.09677    C:0.45161    A:0.03226    G:0.41935
Average         T:0.17204    C:0.38710    A:0.19355    G:0.24731

#2: LesserMouseDeer
position  1:    T:0.16129    C:0.38710    A:0.32258    G:0.12903
position  2:    T:0.25806    C:0.32258    A:0.22581    G:0.19355
position  3:    T:0.09677    C:0.48387    A:0.03226    G:0.38710
Average         T:0.17204    C:0.39785    A:0.19355    G:0.23656

#3: LesserKudu     
position  1:    T:0.16129    C:0.38710    A:0.32258    G:0.12903
position  2:    T:0.25806    C:0.32258    A:0.22581    G:0.19355
position  3:    T:0.09677    C:0.45161    A:0.03226    G:0.41935
Average         T:0.17204    C:0.38710    A:0.19355    G:0.24731

#4: ForestMuskDeer2
position  1:    T:0.16129    C:0.38710    A:0.32258    G:0.12903
position  2:    T:0.25806    C:0.32258    A:0.22581    G:0.19355
position  3:    T:0.09677    C:0.48387    A:0.03226    G:0.38710
Average         T:0.17204    C:0.39785    A:0.19355    G:0.23656

#5: Camel          
position  1:    T:0.16129    C:0.41935    A:0.29032    G:0.12903
position  2:    T:0.25806    C:0.32258    A:0.22581    G:0.19355
position  3:    T:0.09677    C:0.48387    A:0.06452    G:0.35484
Average         T:0.17204    C:0.40860    A:0.19355    G:0.22581

#6: KillerWhale    
position  1:    T:0.16129    C:0.38710    A:0.32258    G:0.12903
position  2:    T:0.25806    C:0.32258    A:0.22581    G:0.19355
position  3:    T:0.09677    C:0.48387    A:0.00000    G:0.41935
Average         T:0.17204    C:0.39785    A:0.18280    G:0.24731

#7: DefassaWaterbuck
position  1:    T:0.16129    C:0.38710    A:0.32258    G:0.12903
position  2:    T:0.25806    C:0.32258    A:0.22581    G:0.19355
position  3:    T:0.09677    C:0.45161    A:0.03226    G:0.41935
Average         T:0.17204    C:0.38710    A:0.19355    G:0.24731

#8: Sheep          
position  1:    T:0.16129    C:0.38710    A:0.32258    G:0.12903
position  2:    T:0.25806    C:0.32258    A:0.22581    G:0.19355
position  3:    T:0.09677    C:0.45161    A:0.03226    G:0.41935
Average         T:0.17204    C:0.38710    A:0.19355    G:0.24731

#9: MaxwellsDuiker 
position  1:    T:0.16129    C:0.38710    A:0.32258    G:0.12903
position  2:    T:0.25806    C:0.32258    A:0.22581    G:0.19355
position  3:    T:0.09677    C:0.45161    A:0.06452    G:0.38710
Average         T:0.17204    C:0.38710    A:0.20430    G:0.23656

#10: GazellaPrzewalskyi
position  1:    T:0.16129    C:0.38710    A:0.32258    G:0.12903
position  2:    T:0.25806    C:0.32258    A:0.22581    G:0.19355
position  3:    T:0.12903    C:0.41935    A:0.06452    G:0.38710
Average         T:0.18280    C:0.37634    A:0.20430    G:0.23656

#11: MountainNyala  
position  1:    T:0.16129    C:0.38710    A:0.32258    G:0.12903
position  2:    T:0.25806    C:0.32258    A:0.22581    G:0.19355
position  3:    T:0.09677    C:0.45161    A:0.03226    G:0.41935
Average         T:0.17204    C:0.38710    A:0.19355    G:0.24731

#12: MuntiacusMuntjak
position  1:    T:0.16129    C:0.38710    A:0.32258    G:0.12903
position  2:    T:0.25806    C:0.32258    A:0.22581    G:0.19355
position  3:    T:0.09677    C:0.45161    A:0.06452    G:0.38710
Average         T:0.17204    C:0.38710    A:0.20430    G:0.23656

#13: goat           
position  1:    T:0.16129    C:0.38710    A:0.32258    G:0.12903
position  2:    T:0.25806    C:0.32258    A:0.22581    G:0.19355
position  3:    T:0.09677    C:0.45161    A:0.06452    G:0.38710
Average         T:0.17204    C:0.38710    A:0.20430    G:0.23656

#14: AfricanBuffalo 
position  1:    T:0.16129    C:0.38710    A:0.32258    G:0.12903
position  2:    T:0.25806    C:0.32258    A:0.22581    G:0.19355
position  3:    T:0.09677    C:0.45161    A:0.03226    G:0.41935
Average         T:0.17204    C:0.38710    A:0.19355    G:0.24731

#15: Topi           
position  1:    T:0.16129    C:0.38710    A:0.32258    G:0.12903
position  2:    T:0.25806    C:0.32258    A:0.22581    G:0.19355
position  3:    T:0.09677    C:0.45161    A:0.03226    G:0.41935
Average         T:0.17204    C:0.38710    A:0.19355    G:0.24731

#16: CommonDuiker   
position  1:    T:0.16129    C:0.32258    A:0.38710    G:0.12903
position  2:    T:0.25806    C:0.35484    A:0.22581    G:0.16129
position  3:    T:0.00000    C:0.51613    A:0.03226    G:0.45161
Average         T:0.13978    C:0.39785    A:0.21505    G:0.24731

#17: Suni           
position  1:    T:0.16129    C:0.32258    A:0.38710    G:0.12903
position  2:    T:0.25806    C:0.35484    A:0.22581    G:0.16129
position  3:    T:0.00000    C:0.51613    A:0.03226    G:0.45161
Average         T:0.13978    C:0.39785    A:0.21505    G:0.24731

#18: Springbuck     
position  1:    T:0.16129    C:0.38710    A:0.32258    G:0.12903
position  2:    T:0.25806    C:0.32258    A:0.22581    G:0.19355
position  3:    T:0.09677    C:0.45161    A:0.03226    G:0.41935
Average         T:0.17204    C:0.38710    A:0.19355    G:0.24731

#19: Okapi          
position  1:    T:0.16129    C:0.38710    A:0.32258    G:0.12903
position  2:    T:0.25806    C:0.32258    A:0.22581    G:0.19355
position  3:    T:0.09677    C:0.48387    A:0.03226    G:0.38710
Average         T:0.17204    C:0.39785    A:0.19355    G:0.23656

#20: Giraffe        
position  1:    T:0.16129    C:0.38710    A:0.32258    G:0.12903
position  2:    T:0.25806    C:0.32258    A:0.22581    G:0.19355
position  3:    T:0.09677    C:0.48387    A:0.03226    G:0.38710
Average         T:0.17204    C:0.39785    A:0.19355    G:0.23656

#21: TibetanAntelope
position  1:    T:0.16129    C:0.38710    A:0.32258    G:0.12903
position  2:    T:0.25806    C:0.32258    A:0.22581    G:0.19355
position  3:    T:0.09677    C:0.45161    A:0.03226    G:0.41935
Average         T:0.17204    C:0.38710    A:0.19355    G:0.24731

#22: Sitatunga      
position  1:    T:0.16129    C:0.38710    A:0.32258    G:0.12903
position  2:    T:0.25806    C:0.32258    A:0.22581    G:0.19355
position  3:    T:0.09677    C:0.45161    A:0.03226    G:0.41935
Average         T:0.17204    C:0.38710    A:0.19355    G:0.24731

#23: Oribi          
position  1:    T:0.16129    C:0.38710    A:0.32258    G:0.12903
position  2:    T:0.25806    C:0.32258    A:0.22581    G:0.19355
position  3:    T:0.09677    C:0.45161    A:0.03226    G:0.41935
Average         T:0.17204    C:0.38710    A:0.19355    G:0.24731

#24: BarbarySheep   
position  1:    T:0.16129    C:0.38710    A:0.32258    G:0.12903
position  2:    T:0.25806    C:0.32258    A:0.22581    G:0.19355
position  3:    T:0.09677    C:0.41935    A:0.03226    G:0.45161
Average         T:0.17204    C:0.37634    A:0.19355    G:0.25806

#25: Daviddeer      
position  1:    T:0.16129    C:0.35484    A:0.35484    G:0.12903
position  2:    T:0.22581    C:0.41935    A:0.19355    G:0.16129
position  3:    T:0.00000    C:0.51613    A:0.03226    G:0.45161
Average         T:0.12903    C:0.43011    A:0.19355    G:0.24731

#26: Reindeer       
position  1:    T:0.16129    C:0.38710    A:0.32258    G:0.12903
position  2:    T:0.25806    C:0.32258    A:0.22581    G:0.19355
position  3:    T:0.09677    C:0.48387    A:0.03226    G:0.38710
Average         T:0.17204    C:0.39785    A:0.19355    G:0.23656

#27: Ibex           
position  1:    T:0.16129    C:0.38710    A:0.32258    G:0.12903
position  2:    T:0.25806    C:0.32258    A:0.22581    G:0.19355
position  3:    T:0.09677    C:0.45161    A:0.06452    G:0.38710
Average         T:0.17204    C:0.38710    A:0.20430    G:0.23656

#28: GyrantGazelle  
position  1:    T:0.16129    C:0.38710    A:0.32258    G:0.12903
position  2:    T:0.25806    C:0.32258    A:0.22581    G:0.19355
position  3:    T:0.09677    C:0.45161    A:0.03226    G:0.41935
Average         T:0.17204    C:0.38710    A:0.19355    G:0.24731

#29: Hartebeest     
position  1:    T:0.16129    C:0.38710    A:0.32258    G:0.12903
position  2:    T:0.25806    C:0.32258    A:0.22581    G:0.19355
position  3:    T:0.09677    C:0.45161    A:0.03226    G:0.41935
Average         T:0.17204    C:0.38710    A:0.19355    G:0.24731

#30: Bongo          
position  1:    T:0.16129    C:0.38710    A:0.32258    G:0.12903
position  2:    T:0.25806    C:0.32258    A:0.22581    G:0.19355
position  3:    T:0.09677    C:0.45161    A:0.03226    G:0.41935
Average         T:0.17204    C:0.38710    A:0.19355    G:0.24731

#31: Gerenuk        
position  1:    T:0.16129    C:0.38710    A:0.32258    G:0.12903
position  2:    T:0.25806    C:0.32258    A:0.22581    G:0.19355
position  3:    T:0.09677    C:0.45161    A:0.03226    G:0.41935
Average         T:0.17204    C:0.38710    A:0.19355    G:0.24731

#32: CommonEland    
position  1:    T:0.16129    C:0.38710    A:0.32258    G:0.12903
position  2:    T:0.25806    C:0.32258    A:0.22581    G:0.19355
position  3:    T:0.09677    C:0.45161    A:0.03226    G:0.41935
Average         T:0.17204    C:0.38710    A:0.19355    G:0.24731

#33: MuntiacusReevesi
position  1:    T:0.16129    C:0.38710    A:0.32258    G:0.12903
position  2:    T:0.25806    C:0.32258    A:0.22581    G:0.19355
position  3:    T:0.12903    C:0.45161    A:0.03226    G:0.38710
Average         T:0.18280    C:0.38710    A:0.19355    G:0.23656

#34: HarveysDuiker  
position  1:    T:0.16129    C:0.38710    A:0.32258    G:0.12903
position  2:    T:0.25806    C:0.32258    A:0.22581    G:0.19355
position  3:    T:0.09677    C:0.45161    A:0.06452    G:0.38710
Average         T:0.17204    C:0.38710    A:0.20430    G:0.23656

#35: Pronghorn      
position  1:    T:0.16129    C:0.38710    A:0.32258    G:0.12903
position  2:    T:0.25806    C:0.32258    A:0.22581    G:0.19355
position  3:    T:0.09677    C:0.48387    A:0.03226    G:0.38710
Average         T:0.17204    C:0.39785    A:0.19355    G:0.23656

#36: BlueWildebeest 
position  1:    T:0.16129    C:0.38710    A:0.32258    G:0.12903
position  2:    T:0.25806    C:0.32258    A:0.22581    G:0.19355
position  3:    T:0.09677    C:0.45161    A:0.03226    G:0.41935
Average         T:0.17204    C:0.38710    A:0.19355    G:0.24731

#37: Gemsbok        
position  1:    T:0.16129    C:0.38710    A:0.32258    G:0.12903
position  2:    T:0.25806    C:0.32258    A:0.22581    G:0.19355
position  3:    T:0.09677    C:0.45161    A:0.03226    G:0.41935
Average         T:0.17204    C:0.38710    A:0.19355    G:0.24731

#38: Yak            
position  1:    T:0.16129    C:0.38710    A:0.32258    G:0.12903
position  2:    T:0.25806    C:0.32258    A:0.22581    G:0.19355
position  3:    T:0.16129    C:0.41935    A:0.03226    G:0.38710
Average         T:0.19355    C:0.37634    A:0.19355    G:0.23656

#39: BlueSheep      
position  1:    T:0.16129    C:0.38710    A:0.32258    G:0.12903
position  2:    T:0.25806    C:0.32258    A:0.22581    G:0.19355
position  3:    T:0.09677    C:0.45161    A:0.06452    G:0.38710
Average         T:0.17204    C:0.38710    A:0.20430    G:0.23656

#40: BohorReedbuck  
position  1:    T:0.16129    C:0.41935    A:0.29032    G:0.12903
position  2:    T:0.25806    C:0.32258    A:0.22581    G:0.19355
position  3:    T:0.09677    C:0.45161    A:0.03226    G:0.41935
Average         T:0.17204    C:0.39785    A:0.18280    G:0.24731

#41: KirksDik       
position  1:    T:0.16129    C:0.38710    A:0.32258    G:0.12903
position  2:    T:0.25806    C:0.32258    A:0.22581    G:0.19355
position  3:    T:0.09677    C:0.41935    A:0.06452    G:0.41935
Average         T:0.17204    C:0.37634    A:0.20430    G:0.24731

#42: RoeDeer        
position  1:    T:0.16129    C:0.38710    A:0.32258    G:0.12903
position  2:    T:0.25806    C:0.32258    A:0.22581    G:0.19355
position  3:    T:0.09677    C:0.48387    A:0.03226    G:0.38710
Average         T:0.17204    C:0.39785    A:0.19355    G:0.23656

#43: WhiteLippedDeer
position  1:    T:0.16129    C:0.38710    A:0.32258    G:0.12903
position  2:    T:0.25806    C:0.32258    A:0.22581    G:0.19355
position  3:    T:0.09677    C:0.48387    A:0.03226    G:0.38710
Average         T:0.17204    C:0.39785    A:0.19355    G:0.23656

#44: ThomsonGazelle 
position  1:    T:0.16129    C:0.38710    A:0.32258    G:0.12903
position  2:    T:0.25806    C:0.32258    A:0.22581    G:0.19355
position  3:    T:0.09677    C:0.45161    A:0.03226    G:0.41935
Average         T:0.17204    C:0.38710    A:0.19355    G:0.24731

#45: MuntiacusCrinifrons
position  1:    T:0.16129    C:0.38710    A:0.32258    G:0.12903
position  2:    T:0.25806    C:0.32258    A:0.22581    G:0.19355
position  3:    T:0.09677    C:0.48387    A:0.03226    G:0.38710
Average         T:0.17204    C:0.39785    A:0.19355    G:0.23656

#46: WhiteTailedDeer
position  1:    T:0.16129    C:0.38710    A:0.32258    G:0.12903
position  2:    T:0.25806    C:0.32258    A:0.22581    G:0.19355
position  3:    T:0.12903    C:0.41935    A:0.06452    G:0.38710
Average         T:0.18280    C:0.37634    A:0.20430    G:0.23656

#47: Cattle         
position  1:    T:0.16129    C:0.38710    A:0.32258    G:0.12903
position  2:    T:0.25806    C:0.32258    A:0.22581    G:0.19355
position  3:    T:0.12903    C:0.41935    A:0.03226    G:0.41935
Average         T:0.18280    C:0.37634    A:0.19355    G:0.24731

#48: RoyalAntelope  
position  1:    T:0.16129    C:0.38710    A:0.32258    G:0.12903
position  2:    T:0.25806    C:0.32258    A:0.22581    G:0.19355
position  3:    T:0.12903    C:0.41935    A:0.03226    G:0.41935
Average         T:0.18280    C:0.37634    A:0.19355    G:0.24731

#49: Steenbok       
position  1:    T:0.16129    C:0.38710    A:0.32258    G:0.12903
position  2:    T:0.25806    C:0.32258    A:0.22581    G:0.19355
position  3:    T:0.09677    C:0.41935    A:0.06452    G:0.41935
Average         T:0.17204    C:0.37634    A:0.20430    G:0.24731

#50: Impala         
position  1:    T:0.16129    C:0.38710    A:0.32258    G:0.12903
position  2:    T:0.25806    C:0.32258    A:0.22581    G:0.19355
position  3:    T:0.12903    C:0.41935    A:0.03226    G:0.41935
Average         T:0.18280    C:0.37634    A:0.19355    G:0.24731

#51: Klipspringer   
position  1:    T:0.16129    C:0.38710    A:0.32258    G:0.12903
position  2:    T:0.25806    C:0.32258    A:0.22581    G:0.19355
