1
52 1
Argali 0.000000 0.285800 0.106700 0.220400 0.061300 0.000000 0.074300 0.080800 0.115400 0.202000 0.026000 0.074400 0.104400 0.081100 0.083000 0.116700 0.133100 0.132700 0.060500 0.095200 0.095500 0.053400 0.212000 0.153800 0.026900 0.117200 0.103400 0.115100 0.115700 0.095100 0.196900 0.087900 0.102000 0.105800 0.068400 0.102000 0.033700 0.081700 0.089500 0.202200 0.197300 0.103900 0.188200 0.146600 0.101900 0.102700 0.074300 0.101700 0.073400 0.095100 0.094500 0.094400
LesserMous 0.285800 0.000000 0.276900 0.306200 0.286000 0.285900 0.291200 0.308300 0.295300 0.320800 0.271500 0.256000 0.303800 0.299200 0.307100 0.292700 0.262500 0.297800 0.311300 0.300800 0.309700 0.301600 0.384600 0.303400 0.271500 0.337800 0.282900 0.295800 0.264500 0.282200 0.297300 0.289000 0.262300 0.289600 0.287600 0.288400 0.271700 0.274200 0.249800 0.300900 0.356200 0.331400 0.315200 0.304500 0.288100 0.253400 0.291400 0.279800 0.325900 0.319200 0.270200 0.289500
LesserKudu 0.106700 0.276900 0.000000 0.290600 0.073300 0.108400 0.058800 0.071900 0.044500 0.180100 0.080500 0.032300 0.101300 0.065400 0.066800 0.099300 0.129800 0.144200 0.086000 0.038500 0.079200 0.121900 0.222800 0.149300 0.080500 0.079300 0.086500 0.044400 0.098900 0.025400 0.191100 0.072100 0.099000 0.088300 0.052900 0.045000 0.102300 0.093600 0.101500 0.196700 0.191700 0.087100 0.182800 0.157900 0.058300 0.100100 0.058800 0.064700 0.099600 0.107000 0.025300 0.037700
KillerWhal 0.220400 0.306200 0.290600 0.000000 0.228800 0.220400 0.251300 0.240600 0.282000 0.287400 0.214400 0.251800 0.300400 0.259200 0.256600 0.304700 0.268500 0.285800 0.253200 0.296400 0.268900 0.262400 0.329800 0.270200 0.214400 0.313100 0.279400 0.282600 0.293100 0.277700 0.283100 0.258400 0.240900 0.249400 0.247000 0.284400 0.223200 0.218200 0.228400 0.306100 0.333500 0.289700 0.281900 0.271400 0.284000 0.241200 0.251400 0.283500 0.265800 0.261100 0.266000 0.285100
DefassaWat 0.061300 0.286000 0.073300 0.228800 0.000000 0.061300 0.053600 0.067300 0.094300 0.178200 0.047900 0.053700 0.097300 0.060300 0.054700 0.094800 0.126200 0.125800 0.053900 0.088800 0.074500 0.104100 0.187800 0.130900 0.047900 0.088600 0.096400 0.094500 0.094000 0.074500 0.189700 0.067200 0.095700 0.091000 0.047600 0.066900 0.069300 0.033100 0.075400 0.195100 0.173100 0.082500 0.188300 0.139500 0.080900 0.081600 0.053600 0.102200 0.087900 0.088800 0.073700 0.088100
Sheep 0.000000 0.285900 0.108400 0.220400 0.061300 0.000000 0.074300 0.081200 0.114900 0.202100 0.027000 0.074500 0.104400 0.081100 0.083000 0.116700 0.133100 0.132700 0.060800 0.095600 0.095500 0.053600 0.211800 0.153800 0.027000 0.117200 0.103500 0.115600 0.116000 0.095600 0.196900 0.088000 0.102500 0.105800 0.068400 0.102000 0.033700 0.081700 0.089600 0.202200 0.197000 0.103900 0.188200 0.146600 0.101900 0.102700 0.074300 0.102200 0.073400 0.095500 0.094500 0.094900
MaxwellsDu 0.074300 0.291200 0.058800 0.251300 0.053600 0.074300 0.000000 0.039200 0.038700 0.143700 0.047100 0.026100 0.081400 0.019400 0.019800 0.064500 0.109800 0.109500 0.053000 0.059700 0.046000 0.102300 0.184100 0.128700 0.047100 0.073400 0.066900 0.052100 0.078100 0.046000 0.154100 0.025900 0.080300 0.068300 0.019800 0.052500 0.068100 0.046300 0.067500 0.159600 0.153000 0.053400 0.145800 0.121600 0.052400 0.066500 0.000100 0.072800 0.072800 0.073500 0.045600 0.059300
GazellaPrz 0.080800 0.308300 0.071900 0.240600 0.067300 0.081200 0.039200 0.000000 0.078900 0.158700 0.060500 0.039300 0.081300 0.045800 0.046800 0.051300 0.124000 0.123700 0.080100 0.073000 0.032600 0.116000 0.200500 0.143600 0.060500 0.059600 0.066700 0.065200 0.064800 0.059200 0.169300 0.052400 0.073000 0.068100 0.033100 0.065900 0.082000 0.073600 0.067300 0.174900 0.169500 0.039700 0.161000 0.136500 0.065800 0.080200 0.039200 0.072000 0.079700 0.066300 0.058900 0.072500
MountainNy 0.115400 0.295300 0.044500 0.282000 0.094300 0.114900 0.038700 0.078900 0.000000 0.171900 0.087800 0.038800 0.122900 0.058500 0.059800 0.106300 0.137000 0.136600 0.093300 0.045100 0.072200 0.144200 0.231100 0.156900 0.087800 0.100000 0.107600 0.012400 0.091900 0.032000 0.182700 0.065200 0.121300 0.109800 0.059600 0.065000 0.109500 0.086400 0.094200 0.204600 0.199500 0.093900 0.190600 0.165500 0.064900 0.100100 0.038700 0.085300 0.106600 0.114400 0.018800 0.031800
MuntiacusM 0.202000 0.320800 0.180100 0.287400 0.178200 0.202100 0.143700 0.158700 0.171900 0.000000 0.171400 0.143900 0.202200 0.151000 0.138800 0.183400 0.175700 0.191400 0.192100 0.174900 0.151200 0.217100 0.115400 0.056200 0.171400 0.199500 0.184000 0.172100 0.181700 0.158800 0.020600 0.142900 0.158200 0.188500 0.123000 0.173700 0.196500 0.184400 0.161400 0.100500 0.109100 0.177000 0.028100 0.063900 0.173500 0.151400 0.143700 0.197800 0.197900 0.183500 0.149500 0.157600
goat 0.026000 0.271500 0.080500 0.214400 0.047900 0.027000 0.047100 0.060500 0.087800 0.171400 0.000000 0.047200 0.076200 0.053800 0.055100 0.088500 0.134800 0.134400 0.033500 0.081900 0.067900 0.054300 0.197800 0.124000 0.000000 0.096400 0.075600 0.087600 0.102300 0.067700 0.166100 0.060600 0.103300 0.077300 0.040900 0.074500 0.020500 0.068400 0.076200 0.171500 0.165900 0.075900 0.157500 0.116900 0.074400 0.089400 0.047100 0.081200 0.095700 0.096300 0.067200 0.081300
AfricanBuf 0.074400 0.256000 0.032300 0.251800 0.053700 0.074500 0.026100 0.039300 0.038800 0.143900 0.047200 0.000000 0.081600 0.032700 0.033400 0.065100 0.110000 0.109700 0.066900 0.032800 0.046200 0.102500 0.184700 0.129000 0.047200 0.059800 0.067000 0.038900 0.064800 0.019500 0.154200 0.039300 0.080500 0.068400 0.019800 0.025900 0.067900 0.060100 0.067600 0.159900 0.153800 0.053500 0.146100 0.121800 0.025900 0.066700 0.026100 0.045800 0.066200 0.073700 0.019300 0.032500
Topi 0.104400 0.303800 0.101300 0.300400 0.097300 0.104400 0.081400 0.081300 0.122900 0.202200 0.076200 0.081600 0.000000 0.088300 0.090400 0.109400 0.133200 0.148000 0.096300 0.117700 0.088600 0.133700 0.247500 0.186300 0.076200 0.117600 0.012700 0.108700 0.123400 0.102900 0.214200 0.095200 0.102700 0.054800 0.075400 0.109400 0.098300 0.118200 0.111900 0.202500 0.197300 0.096900 0.205300 0.179000 0.109300 0.110200 0.081500 0.116500 0.131300 0.132500 0.101800 0.116800
CommonDuik 0.081100 0.299200 0.065400 0.259200 0.060300 0.081100 0.019400 0.045800 0.058500 0.151000 0.053800 0.032700 0.088300 0.000000 0.026500 0.071600 0.102200 0.087500 0.073500 0.066400 0.052600 0.109200 0.192000 0.136000 0.053800 0.080100 0.073600 0.058600 0.085200 0.052700 0.161500 0.032400 0.073100 0.075200 0.026400 0.059100 0.074900 0.066700 0.074300 0.167000 0.160900 0.060100 0.153200 0.128900 0.059000 0.073200 0.019400 0.079500 0.079500 0.080200 0.052100 0.065900
Suni 0.083000 0.307100 0.066800 0.256600 0.054700 0.083000 0.019800 0.046800 0.059800 0.138800 0.055100 0.033400 0.090400 0.026500 0.000000 0.073500 0.119500 0.119100 0.075200 0.060800 0.053800 0.111800 0.171400 0.123600 0.055100 0.081900 0.075300 0.059900 0.087300 0.046900 0.149200 0.033100 0.089100 0.077000 0.027000 0.060400 0.076700 0.061100 0.076000 0.154900 0.140300 0.061500 0.140900 0.116400 0.060300 0.081700 0.019900 0.081300 0.081300 0.082100 0.053300 0.060300
Springbuck 0.116700 0.292700 0.099300 0.304700 0.094800 0.116700 0.064500 0.051300 0.106300 0.183400 0.088500 0.065100 0.109400 0.071600 0.073500 0.000000 0.153800 0.153500 0.108500 0.100900 0.057700 0.146100 0.226800 0.167900 0.088500 0.066500 0.094000 0.092300 0.026000 0.086500 0.194800 0.078300 0.108200 0.096000 0.058900 0.092400 0.110400 0.093800 0.094300 0.200200 0.194900 0.037700 0.186000 0.160600 0.092600 0.107900 0.065100 0.114500 0.115100 0.101100 0.085300 0.100200
Okapi 0.133100 0.262500 0.129800 0.268500 0.126200 0.133100 0.109800 0.124000 0.137000 0.175700 0.134800 0.110000 0.133200 0.102200 0.119500 0.153800 0.000000 0.026000 0.155000 0.131900 0.116900 0.178700 0.217500 0.160300 0.134800 0.154400 0.117400 0.137200 0.137200 0.131800 0.186900 0.123900 0.080400 0.135100 0.104300 0.138300 0.158200 0.132400 0.111000 0.176200 0.203000 0.140800 0.195000 0.153300 0.138200 0.102400 0.109800 0.145500 0.130500 0.131900 0.115700 0.116100
Giraffe 0.132700 0.297800 0.144200 0.285800 0.125800 0.132700 0.109500 0.123700 0.136600 0.191400 0.134400 0.109700 0.148000 0.087500 0.119100 0.153500 0.026000 0.000000 0.154600 0.131500 0.116600 0.178200 0.235500 0.175800 0.134400 0.153900 0.131900 0.136800 0.137000 0.131400 0.203000 0.123500 0.108700 0.150200 0.104000 0.137900 0.157700 0.132000 0.125600 0.192000 0.203400 0.140400 0.211200 0.168800 0.137800 0.116700 0.109500 0.160300 0.130100 0.131600 0.115400 0.115800
TibetanAnt 0.060500 0.311300 0.086000 0.253200 0.053900 0.060800 0.053000 0.080100 0.093300 0.192100 0.033500 0.066900 0.096300 0.073500 0.075200 0.108500 0.155000 0.154600 0.000000 0.101700 0.087700 0.088400 0.236500 0.144700 0.032100 0.087700 0.095500 0.107100 0.122300 0.087400 0.203800 0.080300 0.123200 0.097600 0.060900 0.080000 0.054500 0.074100 0.110800 0.209000 0.204300 0.081700 0.195000 0.153500 0.094100 0.109200 0.053000 0.101400 0.115500 0.116100 0.086800 0.100900
Sitatunga 0.095200 0.300800 0.038500 0.296400 0.088800 0.095600 0.059700 0.073000 0.045100 0.174900 0.081900 0.032800 0.117700 0.066400 0.060800 0.100900 0.131900 0.131500 0.101700 0.000000 0.080500 0.123700 0.217900 0.159600 0.081900 0.087600 0.102300 0.045000 0.100400 0.012700 0.186000 0.073200 0.115600 0.104400 0.053800 0.059300 0.104100 0.095100 0.103100 0.191500 0.186400 0.088500 0.177500 0.152400 0.059200 0.101800 0.059700 0.079500 0.086900 0.108700 0.025700 0.012700
Oribi 0.095500 0.309700 0.079200 0.268900 0.074500 0.095500 0.046000 0.032600 0.072200 0.151200 0.067900 0.046200 0.088600 0.052600 0.053800 0.057700 0.116900 0.116600 0.087700 0.080500 0.000000 0.124100 0.199800 0.136200 0.067900 0.066600 0.073800 0.058800 0.057300 0.066500 0.161600 0.059300 0.087400 0.075400 0.040000 0.059100 0.089400 0.080800 0.060500 0.183500 0.176800 0.046600 0.169600 0.144700 0.059000 0.080500 0.046100 0.086700 0.093700 0.080500 0.052200 0.066000
BarbaryShe 0.053400 0.301600 0.121900 0.262400 0.104100 0.053600 0.102300 0.116000 0.144200 0.217100 0.054300 0.102500 0.133700 0.109200 0.111800 0.146100 0.178700 0.178200 0.088400 0.123700 0.124100 0.000000 0.245100 0.168500 0.054300 0.146400 0.132500 0.143700 0.160200 0.123600 0.212100 0.116200 0.160900 0.135400 0.096800 0.130600 0.047300 0.125000 0.133400 0.208700 0.212600 0.132900 0.203200 0.161300 0.130400 0.146600 0.102400 0.137400 0.130300 0.153600 0.122800 0.122700
Daviddeer 0.212000 0.384600 0.222800 0.329800 0.187800 0.211800 0.184100 0.200500 0.231100 0.115400 0.197800 0.184700 0.247500 0.192000 0.171400 0.226800 0.217500 0.235500 0.236500 0.217900 0.199800 0.245100 0.000000 0.099600 0.197800 0.244000 0.227600 0.231500 0.224500 0.200700 0.109300 0.199500 0.183100 0.233400 0.179500 0.215700 0.223800 0.193900 0.186300 0.147400 0.080000 0.220600 0.100400 0.092100 0.207600 0.200800 0.184600 0.199800 0.224300 0.201500 0.215000 0.216000
Reindeer 0.153800 0.303400 0.149300 0.270200 0.130900 0.153800 0.128700 0.143600 0.156900 0.056200 0.124000 0.129000 0.186300 0.136000 0.123600 0.167900 0.160300 0.175800 0.144700 0.159600 0.136200 0.168500 0.099600 0.000000 0.124000 0.167800 0.168500 0.157100 0.166400 0.143700 0.049800 0.143300 0.143200 0.172500 0.123300 0.142800 0.147800 0.153100 0.130300 0.085700 0.077900 0.161600 0.057100 0.020900 0.158300 0.152000 0.128700 0.182200 0.182500 0.168100 0.134700 0.142600
Ibex 0.026900 0.271500 0.080500 0.214400 0.047900 0.027000 0.047100 0.060500 0.087800 0.171400 0.000000 0.047200 0.076200 0.053800 0.055100 0.088500 0.134800 0.134400 0.032100 0.081900 0.067900 0.054300 0.197800 0.124000 0.000000 0.096400 0.075600 0.087600 0.102300 0.067700 0.166100 0.060600 0.103300 0.077300 0.040900 0.074500 0.020500 0.068400 0.076200 0.171500 0.165900 0.075900 0.157500 0.116900 0.074400 0.089400 0.047100 0.081200 0.095700 0.096300 0.067200 0.081300
GyrantGaze 0.117200 0.337800 0.079300 0.313100 0.088600 0.117200 0.073400 0.059600 0.100000 0.199500 0.096400 0.059800 0.117600 0.080100 0.081900 0.066500 0.154400 0.153900 0.087700 0.087600 0.066600 0.146400 0.244000 0.167800 0.096400 0.000000 0.102200 0.086300 0.066100 0.080400 0.211300 0.087000 0.116000 0.104300 0.067600 0.072900 0.118600 0.102200 0.103000 0.216900 0.212200 0.026300 0.202700 0.176700 0.086800 0.116000 0.073400 0.107900 0.115200 0.109100 0.079600 0.087000
Hartebeest 0.103400 0.282900 0.086500 0.279400 0.096400 0.103500 0.066900 0.066700 0.107600 0.184000 0.075600 0.067000 0.012700 0.073600 0.075300 0.094000 0.117400 0.131900 0.095500 0.102300 0.073800 0.132500 0.227600 0.168500 0.075600 0.102200 0.000000 0.093700 0.107800 0.087900 0.195400 0.080400 0.087700 0.040500 0.060700 0.094300 0.097400 0.102700 0.096400 0.184300 0.178700 0.081800 0.186800 0.161300 0.094200 0.095000 0.066900 0.101200 0.115700 0.116800 0.086900 0.101500
Bongo 0.115100 0.295800 0.044400 0.282600 0.094500 0.115600 0.052100 0.065200 0.012400 0.172100 0.087600 0.038900 0.108700 0.058600 0.059900 0.092300 0.137200 0.136800 0.107100 0.045000 0.058800 0.143700 0.231500 0.157100 0.087600 0.086300 0.093700 0.000000 0.077900 0.031900 0.182900 0.065300 0.106800 0.095600 0.059700 0.065100 0.109600 0.100600 0.094300 0.204900 0.200000 0.080100 0.190900 0.165700 0.065000 0.100300 0.052100 0.085100 0.106600 0.114100 0.018900 0.031700
Gerenuk 0.115700 0.264500 0.098900 0.293100 0.094000 0.116000 0.078100 0.064800 0.091900 0.181700 0.102300 0.064800 0.123400 0.085200 0.087300 0.026000 0.137200 0.137000 0.122300 0.100400 0.057300 0.160200 0.224500 0.166400 0.102300 0.066100 0.107800 0.077900 0.000000 0.086000 0.192900 0.091900 0.107300 0.110000 0.072700 0.092000 0.124400 0.093000 0.079000 0.215200 0.210100 0.051400 0.200900 0.175200 0.092100 0.099900 0.078600 0.113900 0.114500 0.100300 0.070900 0.085500
CommonElan 0.095100 0.282200 0.025400 0.277700 0.074500 0.095600 0.046000 0.059200 0.032000 0.158800 0.067700 0.019500 0.102900 0.052700 0.046900 0.086500 0.131800 0.131400 0.087400 0.012700 0.066500 0.123600 0.200700 0.143700 0.067700 0.080400 0.087900 0.031900 0.086000 0.000000 0.169500 0.059400 0.101100 0.089700 0.040000 0.045700 0.089400 0.080800 0.088600 0.175100 0.169700 0.074200 0.161200 0.136600 0.045700 0.087400 0.046100 0.065700 0.086900 0.094200 0.012700 0.012400
MuntiacusR 0.196900 0.297300 0.191100 0.283100 0.189700 0.196900 0.154100 0.169300 0.182700 0.020600 0.166100 0.154200 0.214200 0.161500 0.149200 0.194800 0.186900 0.203000 0.203800 0.186000 0.161600 0.212100 0.109300 0.049800 0.166100 0.211300 0.195400 0.182900 0.192900 0.169500 0.000000 0.169000 0.168800 0.200400 0.133000 0.184700 0.191300 0.195900 0.155800 0.094500 0.102800 0.188400 0.021400 0.057600 0.184400 0.161900 0.154100 0.209500 0.209400 0.194800 0.159800 0.168100
HarveysDui 0.087900 0.289000 0.072100 0.258400 0.067200 0.088000 0.025900 0.052400 0.065200 0.142900 0.060600 0.039300 0.095200 0.032400 0.033100 0.078300 0.123900 0.123500 0.080300 0.073200 0.059300 0.116200 0.199500 0.143300 0.060600 0.087000 0.080400 0.065300 0.091900 0.059400 0.169000 0.000000 0.094000 0.082100 0.033000 0.065700 0.074800 0.073500 0.081100 0.174500 0.168300 0.066900 0.160600 0.136200 0.065700 0.080000 0.025900 0.086300 0.086400 0.087100 0.058800 0.072700
Pronghorn 0.102000 0.262300 0.099000 0.240900 0.095700 0.102500 0.080300 0.073000 0.121300 0.158200 0.103300 0.080500 0.102700 0.073100 0.089100 0.108200 0.080400 0.108700 0.123200 0.115600 0.087400 0.160900 0.183100 0.143200 0.103300 0.116000 0.087700 0.106800 0.107300 0.101100 0.168800 0.094000 0.000000 0.089500 0.074600 0.107900 0.126100 0.102000 0.095600 0.174300 0.185600 0.095500 0.160500 0.136100 0.107800 0.094300 0.080400 0.107500 0.100500 0.087000 0.100500 0.114700
BlueWildeb 0.105800 0.289600 0.088300 0.249400 0.091000 0.105800 0.068300 0.068100 0.109800 0.188500 0.077300 0.068400 0.054800 0.075200 0.077000 0.096000 0.135100 0.150200 0.097600 0.104400 0.075400 0.135400 0.233400 0.172500 0.077300 0.104300 0.040500 0.095600 0.110000 0.089700 0.200400 0.082100 0.089500 0.000000 0.062000 0.096300 0.099600 0.097400 0.083800 0.205600 0.200400 0.083600 0.191500 0.165200 0.096200 0.111800 0.068300 0.103400 0.118100 0.104400 0.088700 0.103600
Gemsbok 0.068400 0.287600 0.052900 0.247000 0.047600 0.068400 0.019800 0.033100 0.059600 0.123000 0.040900 0.019800 0.075400 0.026400 0.027000 0.058900 0.104300 0.104000 0.060900 0.053800 0.040000 0.096800 0.179500 0.123300 0.040900 0.067600 0.060700 0.059700 0.072700 0.040000 0.133000 0.033000 0.074600 0.062000 0.000000 0.046500 0.062100 0.054000 0.061600 0.154600 0.148200 0.047400 0.124900 0.116200 0.046500 0.060700 0.019800 0.067000 0.067100 0.067700 0.039600 0.053400
Yak 0.102000 0.288400 0.045000 0.284400 0.066900 0.102000 0.052500 0.065900 0.065000 0.173700 0.074500 0.025900 0.109400 0.059100 0.060400 0.092400 0.138300 0.137900 0.080000 0.059300 0.059100 0.130600 0.215700 0.142800 0.074500 0.072900 0.094300 0.065100 0.092000 0.045700 0.184700 0.065700 0.107900 0.096300 0.046500 0.000000 0.095900 0.087200 0.095100 0.190100 0.184500 0.080700 0.176200 0.151300 0.025600 0.093800 0.052500 0.065500 0.093200 0.101000 0.045300 0.058800
BlueSheep 0.033700 0.271700 0.102300 0.223200 0.069300 0.033700 0.068100 0.082000 0.109500 0.196500 0.020500 0.067900 0.098300 0.074900 0.076700 0.110400 0.158200 0.157700 0.054500 0.104100 0.089400 0.047300 0.223800 0.147800 0.020500 0.118600 0.097400 0.109600 0.124400 0.089400 0.191300 0.074800 0.126100 0.099600 0.062100 0.095900 0.000000 0.090100 0.098100 0.188000 0.191100 0.097800 0.182400 0.140600 0.095900 0.111400 0.068100 0.103200 0.110300 0.118900 0.088500 0.103200
BohorReedb 0.081700 0.274200 0.093600 0.218200 0.033100 0.081700 0.046300 0.073600 0.086400 0.184400 0.068400 0.060100 0.118200 0.066700 0.061100 0.093800 0.132400 0.132000 0.074100 0.095100 0.080800 0.125000 0.193900 0.153100 0.068400 0.102200 0.102700 0.100600 0.093000 0.080800 0.195900 0.073500 0.102000 0.097400 0.054000 0.087200 0.090100 0.000000 0.081700 0.201200 0.179300 0.081800 0.194300 0.145900 0.087200 0.087800 0.046300 0.108400 0.094100 0.095000 0.080000 0.094400
KirksDik 0.089500 0.249800 0.101500 0.228400 0.075400 0.089600 0.067500 0.067300 0.094200 0.161400 0.076200 0.067600 0.111900 0.074300 0.076000 0.094300 0.111000 0.125600 0.110800 0.103100 0.060500 0.133400 0.186300 0.130300 0.076200 0.103000 0.096400 0.094300 0.079000 0.088600 0.155800 0.081100 0.095600 0.083800 0.061600 0.095100 0.098100 0.081700 0.000000 0.177800 0.188600 0.082500 0.163900 0.138900 0.095000 0.074400 0.067500 0.116700 0.102100 0.088800 0.073600 0.088000
RoeDeer 0.202200 0.300900 0.196700 0.306100 0.195100 0.202200 0.159600 0.174900 0.204600 0.100500 0.171500 0.159900 0.202500 0.167000 0.154900 0.200200 0.176200 0.192000 0.209000 0.191500 0.183500 0.208700 0.147400 0.085700 0.171500 0.216900 0.184300 0.204900 0.215200 0.175100 0.094500 0.174500 0.174300 0.205600 0.154600 0.190100 0.188000 0.201200 0.177800 0.000000 0.085700 0.193900 0.086800 0.063900 0.189900 0.175300 0.159700 0.214700 0.215100 0.200400 0.181400 0.189900
WhiteLippe 0.197300 0.356200 0.191700 0.333500 0.173100 0.197000 0.153000 0.169500 0.199500 0.109100 0.165900 0.153800 0.197300 0.160900 0.140300 0.194900 0.203000 0.203400 0.204300 0.186400 0.176800 0.212600 0.080000 0.077900 0.165900 0.212200 0.178700 0.200000 0.210100 0.169700 0.102800 0.168300 0.185600 0.200400 0.148200 0.184500 0.191100 0.179300 0.188600 0.085700 0.000000 0.188800 0.093800 0.070100 0.184500 0.186400 0.153600 0.201900 0.210100 0.187200 0.175900 0.184800
ThomsonGaz 0.103900 0.331400 0.087100 0.289700 0.082500 0.103900 0.053400 0.039700 0.093900 0.177000 0.075900 0.053500 0.096900 0.060100 0.061500 0.037700 0.140800 0.140400 0.081700 0.088500 0.046600 0.132900 0.220600 0.161600 0.075900 0.026300 0.081800 0.080100 0.051400 0.074200 0.188400 0.066900 0.095500 0.083600 0.047400 0.080700 0.097800 0.081800 0.082500 0.193900 0.188800 0.000000 0.179900 0.154400 0.080600 0.095500 0.053400 0.101800 0.101900 0.088600 0.073400 0.087800
MuntiacusC 0.188200 0.315200 0.182800 0.281900 0.188300 0.188200 0.145800 0.161000 0.190600 0.028100 0.157500 0.146100 0.205300 0.153200 0.140900 0.186000 0.195000 0.211200 0.195000 0.177500 0.169600 0.203200 0.100400 0.057100 0.157500 0.202700 0.186800 0.190900 0.200900 0.161200 0.021400 0.160600 0.160500 0.191500 0.124900 0.176200 0.182400 0.194300 0.163900 0.086800 0.093800 0.179900 0.000000 0.050100 0.176100 0.161400 0.145900 0.200700 0.200900 0.186300 0.167600 0.176000
WhiteTaile 0.146600 0.304500 0.157900 0.271400 0.139500 0.146600 0.121600 0.136500 0.165500 0.063900 0.116900 0.121800 0.179000 0.128900 0.116400 0.160600 0.153300 0.168800 0.153500 0.152400 0.144700 0.161300 0.092100 0.020900 0.116900 0.176700 0.161300 0.165700 0.175200 0.136600 0.057600 0.136200 0.136100 0.165200 0.116200 0.151300 0.140600 0.145900 0.138900 0.063900 0.070100 0.154400 0.050100 0.000000 0.151200 0.152600 0.121700 0.175000 0.175200 0.160800 0.143000 0.151200
Cattle 0.101900 0.288100 0.058300 0.284000 0.080900 0.101900 0.052400 0.065800 0.064900 0.173500 0.074400 0.025900 0.109300 0.059000 0.060300 0.092600 0.138200 0.137800 0.094100 0.059200 0.059000 0.130400 0.207600 0.158300 0.074400 0.086800 0.094200 0.065000 0.092100 0.045700 0.184400 0.065700 0.107800 0.096200 0.046500 0.025600 0.095900 0.087200 0.095000 0.189900 0.184500 0.080600 0.176100 0.151200 0.000000 0.093800 0.052400 0.065500 0.093200 0.100900 0.045200 0.058800
RoyalAntel 0.102700 0.253400 0.100100 0.241200 0.081600 0.102700 0.066500 0.080200 0.100100 0.151400 0.089400 0.066700 0.110200 0.073200 0.081700 0.107900 0.102400 0.116700 0.109200 0.101800 0.080500 0.146600 0.200800 0.152000 0.089400 0.116000 0.095000 0.100300 0.099900 0.087400 0.161900 0.080000 0.094300 0.111800 0.060700 0.093800 0.111400 0.087800 0.074400 0.175300 0.186400 0.095500 0.161400 0.152600 0.093800 0.000000 0.066600 0.115100 0.100700 0.101700 0.079700 0.094000
Steenbok 0.074300 0.291400 0.058800 0.251400 0.053600 0.074300 0.000100 0.039200 0.038700 0.143700 0.047100 0.026100 0.081500 0.019400 0.019900 0.065100 0.109800 0.109500 0.053000 0.059700 0.046100 0.102400 0.184600 0.128700 0.047100 0.073400 0.066900 0.052100 0.078600 0.046100 0.154100 0.025900 0.080400 0.068300 0.019800 0.052500 0.068100 0.046300 0.067500 0.159700 0.153600 0.053400 0.145900 0.121700 0.052400 0.066600 0.000000 0.072900 0.072900 0.073500 0.045600 0.059300
Impala 0.101700 0.279800 0.064700 0.283500 0.102200 0.102200 0.072800 0.072000 0.085300 0.197800 0.081200 0.045800 0.116500 0.079500 0.081300 0.114500 0.145500 0.160300 0.101400 0.079500 0.086700 0.137400 0.199800 0.182200 0.081200 0.107900 0.101200 0.085100 0.113900 0.065700 0.209500 0.086300 0.107500 0.103400 0.067000 0.065500 0.103200 0.108400 0.116700 0.214700 0.201900 0.101800 0.200700 0.175000 0.065500 0.115100 0.072900 0.000000 0.107300 0.100600 0.065300 0.078900
Klipspring 0.073400 0.325900 0.099600 0.265800 0.087900 0.073400 0.072800 0.079700 0.106600 0.197900 0.095700 0.066200 0.131300 0.079500 0.081300 0.115100 0.130500 0.130100 0.115500 0.086900 0.093700 0.130300 0.224300 0.182500 0.095700 0.115200 0.115700 0.106600 0.114500 0.086900 0.209400 0.086400 0.100500 0.118100 0.067100 0.093200 0.110300 0.094100 0.102100 0.215100 0.210100 0.101900 0.200900 0.175200 0.093200 0.100700 0.072900 0.107300 0.000000 0.093700 0.086000 0.086300
ForestMusk 0.095100 0.319200 0.107000 0.261100 0.088800 0.095500 0.073500 0.066300 0.114400 0.183500 0.096300 0.073700 0.132500 0.080200 0.082100 0.101100 0.131900 0.131600 0.116100 0.108700 0.080500 0.153600 0.201500 0.168100 0.096300 0.109100 0.116800 0.114100 0.100300 0.094200 0.194800 0.087100 0.087000 0.104400 0.067700 0.101000 0.118900 0.095000 0.088800 0.200400 0.187200 0.088600 0.186300 0.160800 0.100900 0.101700 0.073500 0.100600 0.093700 0.000000 0.093600 0.107800
Bushbuck 0.094500 0.270200 0.025300 0.266000 0.073700 0.094500 0.045600 0.058900 0.018800 0.149500 0.067200 0.019300 0.101800 0.052100 0.053300 0.085300 0.115700 0.115400 0.086800 0.025700 0.052200 0.122800 0.215000 0.134700 0.067200 0.079600 0.086900 0.018900 0.070900 0.012700 0.159800 0.058800 0.100500 0.088700 0.039600 0.045300 0.088500 0.080000 0.073600 0.181400 0.175900 0.073400 0.167600 0.143000 0.045200 0.079700 0.045600 0.065300 0.086000 0.093600 0.000000 0.012600
GreaterKud 0.094400 0.289500 0.037700 0.285100 0.088100 0.094900 0.059300 0.072500 0.031800 0.157600 0.081300 0.032500 0.116800 0.065900 0.060300 0.100200 0.116100 0.115800 0.100900 0.012700 0.066000 0.122700 0.216000 0.142600 0.081300 0.087000 0.101500 0.031700 0.085500 0.012400 0.168100 0.072700 0.114700 0.103600 0.053400 0.058800 0.103200 0.094400 0.088000 0.189900 0.184800 0.087800 0.176000 0.151200 0.058800 0.094000 0.059300 0.078900 0.086300 0.107800 0.012600 0.000000
