1
52 1
Argali 0.000000 0.314100 0.113600 0.237300 0.077000 0.004900 0.093200 0.076500 0.108200 0.161600 0.045000 0.107800 0.060600 0.088100 0.087500 0.091300 0.163800 0.164700 0.044900 0.097300 0.065400 0.039900 0.131900 0.124400 0.045000 0.097700 0.055200 0.107800 0.102500 0.102700 0.144100 0.087800 0.177600 0.060600 0.065100 0.069900 0.034800 0.071200 0.103900 0.138300 0.136900 0.115100 0.173200 0.136500 0.075000 0.070800 0.091900 0.071200 0.087300 0.124300 0.124600 0.108100
LesserMous 0.314100 0.000000 0.299900 0.264600 0.309200 0.320500 0.317000 0.308800 0.280100 0.269500 0.300500 0.272000 0.280600 0.296300 0.309500 0.326300 0.264900 0.259600 0.279800 0.279700 0.307100 0.307000 0.235700 0.240600 0.300600 0.313500 0.273500 0.292200 0.326600 0.278300 0.250100 0.310600 0.313400 0.280900 0.278400 0.250900 0.294600 0.287900 0.323600 0.230500 0.228000 0.359700 0.262400 0.234400 0.269200 0.299500 0.321300 0.302100 0.282400 0.233000 0.313900 0.286000
LesserKudu 0.113600 0.299900 0.000000 0.229500 0.098100 0.119000 0.125800 0.120000 0.023800 0.160800 0.113800 0.096300 0.092000 0.120700 0.136900 0.135300 0.151700 0.152100 0.086400 0.023500 0.119200 0.113700 0.130700 0.118200 0.113600 0.148000 0.086500 0.023700 0.147000 0.028800 0.143000 0.120300 0.200400 0.092000 0.085900 0.059400 0.108300 0.091900 0.148800 0.120400 0.136300 0.166900 0.172400 0.135900 0.064400 0.091600 0.136000 0.103000 0.108600 0.129400 0.028200 0.033900
KillerWhal 0.237300 0.264600 0.229500 0.000000 0.214400 0.243500 0.220300 0.201200 0.236300 0.201600 0.237800 0.223000 0.206500 0.215300 0.213300 0.229700 0.186200 0.193100 0.212100 0.223800 0.206200 0.243700 0.170700 0.174600 0.237300 0.231700 0.200000 0.235600 0.242900 0.230100 0.183600 0.214400 0.256800 0.206600 0.198700 0.191000 0.213200 0.195000 0.245900 0.177400 0.175800 0.266400 0.213700 0.187500 0.196600 0.218000 0.231100 0.219200 0.225900 0.174200 0.241100 0.217400
DefassaWat 0.077000 0.309200 0.098100 0.214400 0.000000 0.082300 0.067000 0.072200 0.092700 0.133400 0.071800 0.114400 0.045500 0.061900 0.088400 0.098000 0.147800 0.148600 0.050500 0.081900 0.071600 0.077100 0.104500 0.097100 0.071700 0.104600 0.040200 0.092400 0.087400 0.087300 0.116300 0.061700 0.167000 0.045500 0.050200 0.065300 0.071800 0.025100 0.099800 0.099400 0.109500 0.111100 0.144600 0.109200 0.070400 0.055700 0.087700 0.056000 0.072000 0.108900 0.108900 0.092600
Sheep 0.004900 0.320500 0.119000 0.243500 0.082300 0.000000 0.098600 0.081800 0.113600 0.167400 0.050100 0.113200 0.065700 0.093500 0.092800 0.096600 0.169500 0.170400 0.050000 0.102600 0.070600 0.044900 0.137400 0.129900 0.050000 0.103000 0.060400 0.113200 0.107800 0.108100 0.149800 0.093200 0.183400 0.065800 0.070300 0.075000 0.039800 0.076400 0.109300 0.143900 0.142500 0.120500 0.179000 0.142000 0.080100 0.076000 0.097300 0.076500 0.092700 0.129800 0.130000 0.113500
MaxwellsDu 0.093200 0.317000 0.125800 0.220300 0.067000 0.098600 0.000000 0.077400 0.120300 0.151100 0.087900 0.120000 0.061200 0.025100 0.082800 0.103300 0.153400 0.154300 0.066300 0.109200 0.076900 0.093200 0.110400 0.114700 0.087700 0.099000 0.055800 0.119900 0.103700 0.114700 0.133700 0.025100 0.178800 0.061200 0.065800 0.081100 0.087900 0.061200 0.105200 0.116700 0.115400 0.116600 0.162600 0.115100 0.086200 0.061000 0.093000 0.050700 0.077300 0.114400 0.137000 0.120200
GazellaPrz 0.076500 0.308800 0.120000 0.201200 0.072200 0.081800 0.077400 0.000000 0.114500 0.145100 0.082200 0.125200 0.055700 0.072400 0.077100 0.044700 0.136000 0.136700 0.060800 0.103400 0.024700 0.087500 0.115800 0.108400 0.082100 0.050300 0.050400 0.114100 0.044800 0.108900 0.127800 0.072100 0.184300 0.055700 0.060400 0.075600 0.082200 0.066400 0.045400 0.122000 0.120800 0.066500 0.156600 0.120500 0.080700 0.055600 0.034700 0.061000 0.066400 0.108600 0.131000 0.114400
MountainNy 0.108200 0.280100 0.023800 0.236300 0.092700 0.113600 0.120300 0.114500 0.000000 0.155000 0.108400 0.091000 0.086700 0.104200 0.131300 0.118600 0.146100 0.146500 0.081200 0.009500 0.113700 0.108300 0.125700 0.112700 0.108200 0.142300 0.081200 0.009400 0.130100 0.014200 0.137700 0.114900 0.194400 0.086700 0.080600 0.054300 0.102900 0.086600 0.131700 0.114900 0.130700 0.161000 0.166500 0.130300 0.059300 0.086400 0.119300 0.097600 0.092300 0.123900 0.024000 0.018800
MuntiacusM 0.161600 0.269500 0.160800 0.201600 0.133400 0.167400 0.151100 0.145100 0.155000 0.000000 0.156000 0.154400 0.127000 0.145900 0.150800 0.160600 0.136400 0.131300 0.120900 0.143400 0.144100 0.161700 0.050000 0.065200 0.155700 0.174300 0.121100 0.154500 0.173000 0.149200 0.019700 0.145400 0.167100 0.127100 0.120200 0.113700 0.144300 0.138700 0.175500 0.066000 0.054900 0.188000 0.019300 0.075800 0.119000 0.138000 0.161600 0.138700 0.149300 0.092300 0.172500 0.154900
goat 0.045000 0.300500 0.113800 0.237800 0.071800 0.050100 0.087900 0.082200 0.108400 0.156000 0.000000 0.118900 0.050100 0.082500 0.087300 0.097100 0.158200 0.159100 0.050100 0.102900 0.081600 0.034600 0.126400 0.119100 0.009700 0.098200 0.044800 0.108000 0.108500 0.102900 0.138600 0.082500 0.177800 0.050100 0.060100 0.075200 0.019700 0.066000 0.110000 0.121100 0.120100 0.121300 0.167500 0.131000 0.080300 0.060500 0.097800 0.060800 0.082000 0.119000 0.124800 0.108300
AfricanBuf 0.107800 0.272000 0.096300 0.223000 0.114400 0.113200 0.120000 0.125200 0.091000 0.154400 0.118900 0.000000 0.097100 0.126100 0.130700 0.140400 0.174200 0.181100 0.091500 0.080400 0.124400 0.113200 0.125200 0.112500 0.118700 0.153300 0.091600 0.090700 0.152200 0.085700 0.137200 0.125600 0.206200 0.097200 0.090900 0.054200 0.102600 0.086300 0.154200 0.120300 0.130200 0.172200 0.165900 0.129900 0.059100 0.107600 0.141200 0.119300 0.124900 0.140200 0.107000 0.091000
Topi 0.060600 0.280600 0.092000 0.206500 0.045500 0.065700 0.061200 0.055700 0.086700 0.127000 0.050100 0.097100 0.000000 0.055900 0.071300 0.081100 0.129800 0.130500 0.034800 0.076000 0.055300 0.060400 0.098600 0.091600 0.054500 0.076500 0.004800 0.086400 0.081400 0.081300 0.110200 0.056000 0.177700 0.009700 0.034600 0.049400 0.055400 0.040100 0.082600 0.104600 0.098100 0.104600 0.138200 0.103200 0.054400 0.039900 0.071000 0.050400 0.045300 0.091800 0.102700 0.086600
CommonDuik 0.088100 0.296300 0.120700 0.215300 0.061900 0.093500 0.025100 0.072400 0.104200 0.145900 0.082500 0.126100 0.055900 0.000000 0.077500 0.087400 0.136900 0.137600 0.061300 0.093100 0.071800 0.087800 0.116500 0.109600 0.082400 0.104900 0.050600 0.103700 0.087700 0.098600 0.128600 0.020100 0.185600 0.055400 0.060800 0.076100 0.082800 0.056200 0.089000 0.111600 0.121600 0.122700 0.157500 0.121200 0.081200 0.066500 0.077200 0.045600 0.061600 0.109400 0.120600 0.104100
Suni 0.087500 0.309500 0.136900 0.213300 0.088400 0.092800 0.082800 0.077100 0.131300 0.150800 0.087300 0.130700 0.071300 0.077500 0.000000 0.108500 0.164700 0.165600 0.076700 0.120000 0.081900 0.092700 0.132700 0.125600 0.087200 0.115200 0.065900 0.130800 0.103300 0.125600 0.133500 0.077500 0.215200 0.071300 0.076100 0.091600 0.087700 0.082400 0.110300 0.139200 0.137800 0.133200 0.150000 0.131600 0.096700 0.082000 0.098200 0.071600 0.087800 0.136500 0.148200 0.131200
Springbuck 0.091300 0.326300 0.135300 0.229700 0.098000 0.096600 0.103300 0.044700 0.118600 0.160600 0.097100 0.140400 0.081100 0.087400 0.108500 0.000000 0.140100 0.140800 0.086300 0.107600 0.039100 0.102500 0.131100 0.123800 0.097000 0.034200 0.075700 0.118300 0.019300 0.113100 0.143300 0.098000 0.206600 0.081200 0.085700 0.090500 0.086400 0.092000 0.049800 0.137400 0.136200 0.049700 0.172300 0.135800 0.095600 0.080900 0.033500 0.086600 0.081400 0.123700 0.135200 0.118600
Okapi 0.163800 0.264900 0.151700 0.186200 0.147800 0.169500 0.153400 0.136000 0.146100 0.136400 0.158200 0.174200 0.129800 0.136900 0.164700 0.140100 0.000000 0.028200 0.135000 0.134800 0.135200 0.152200 0.108000 0.090800 0.158000 0.170300 0.124000 0.145700 0.151800 0.140400 0.119600 0.142100 0.123300 0.129800 0.111800 0.127400 0.146800 0.135600 0.153600 0.114000 0.113000 0.189300 0.147700 0.112700 0.132700 0.140600 0.140800 0.141200 0.124500 0.090500 0.163200 0.146100
Giraffe 0.164700 0.259600 0.152100 0.193100 0.148600 0.170400 0.154300 0.136700 0.146500 0.131300 0.159100 0.181100 0.130500 0.137600 0.165600 0.140800 0.028200 0.000000 0.135700 0.135200 0.135900 0.153000 0.103000 0.096600 0.158800 0.171200 0.124600 0.146100 0.152600 0.140800 0.114600 0.142900 0.123900 0.130500 0.112400 0.128100 0.147600 0.142000 0.142800 0.108900 0.107900 0.190400 0.142500 0.107600 0.133400 0.141300 0.141500 0.142000 0.125200 0.091000 0.163700 0.146500
TibetanAnt 0.044900 0.279800 0.086400 0.212100 0.050500 0.050000 0.066300 0.060800 0.081200 0.120900 0.050100 0.091500 0.034800 0.061300 0.076700 0.086300 0.135000 0.135700 0.000000 0.070600 0.060400 0.044900 0.103800 0.096800 0.050000 0.092500 0.029700 0.080900 0.086500 0.075800 0.104200 0.061100 0.171200 0.034800 0.039500 0.044300 0.050100 0.045100 0.087700 0.109800 0.108800 0.109800 0.132000 0.108400 0.049200 0.034700 0.076100 0.055400 0.060700 0.086100 0.097000 0.081100
Sitatunga 0.097300 0.279700 0.023500 0.223800 0.081900 0.102600 0.109200 0.103400 0.009500 0.143400 0.102900 0.080400 0.076000 0.093100 0.120000 0.107600 0.134800 0.135200 0.070600 0.000000 0.102800 0.097400 0.114500 0.101800 0.102700 0.131000 0.070600 0.009400 0.118900 0.014200 0.126300 0.103700 0.194600 0.076100 0.070200 0.044200 0.092100 0.075900 0.120400 0.109300 0.119500 0.149300 0.154800 0.119100 0.049100 0.086400 0.108200 0.097700 0.081500 0.112900 0.023800 0.019200
Oribi 0.065400 0.307100 0.119200 0.206200 0.071600 0.070600 0.076900 0.024700 0.113700 0.144100 0.081600 0.124400 0.055300 0.071800 0.081900 0.039100 0.135200 0.135900 0.060400 0.102800 0.000000 0.086900 0.115000 0.107800 0.081500 0.044700 0.050100 0.113400 0.039300 0.108200 0.126900 0.071600 0.189600 0.055400 0.060000 0.075100 0.071000 0.065900 0.050200 0.121200 0.120000 0.060500 0.155500 0.119700 0.080200 0.055200 0.033700 0.060600 0.066000 0.107900 0.130300 0.113700
BarbaryShe 0.039900 0.307000 0.113700 0.243700 0.077100 0.044900 0.093200 0.087500 0.108300 0.161700 0.034600 0.113200 0.060400 0.087800 0.092700 0.102500 0.152200 0.153000 0.044900 0.097400 0.086900 0.000000 0.131900 0.124500 0.034500 0.109000 0.055100 0.107900 0.113800 0.102800 0.144200 0.087900 0.189600 0.060400 0.065200 0.069900 0.034700 0.071200 0.115400 0.138300 0.137000 0.126800 0.173300 0.136600 0.075000 0.070900 0.103200 0.071300 0.087400 0.124400 0.124700 0.108200
Daviddeer 0.131900 0.235700 0.130700 0.170700 0.104500 0.137400 0.110400 0.115800 0.125700 0.050000 0.126400 0.125200 0.098600 0.116500 0.132700 0.131100 0.108000 0.103000 0.103800 0.114500 0.115000 0.131900 0.000000 0.034400 0.126200 0.132500 0.092900 0.125200 0.142900 0.120000 0.029700 0.116100 0.125900 0.098600 0.092200 0.086200 0.115200 0.109800 0.144900 0.034800 0.004800 0.151200 0.060200 0.034500 0.091400 0.098300 0.131900 0.098600 0.114700 0.076000 0.142000 0.125600
Reindeer 0.124400 0.240600 0.118200 0.174600 0.097100 0.129900 0.114700 0.108400 0.112700 0.065200 0.119100 0.112500 0.091600 0.109600 0.125600 0.123800 0.090800 0.096600 0.096800 0.101800 0.107800 0.124500 0.034400 0.000000 0.118900 0.136200 0.086100 0.112400 0.135300 0.107200 0.044700 0.109200 0.130200 0.091700 0.085500 0.079400 0.108000 0.097100 0.137000 0.039600 0.039200 0.154800 0.075500 0.039100 0.084600 0.102000 0.124400 0.103100 0.108000 0.069400 0.129300 0.112700
Ibex 0.045000 0.300600 0.113600 0.237300 0.071700 0.050000 0.087700 0.082100 0.108200 0.155700 0.009700 0.118700 0.054500 0.082400 0.087200 0.097000 0.158000 0.158800 0.050000 0.102700 0.081500 0.034500 0.126200 0.118900 0.000000 0.103500 0.049300 0.107900 0.108300 0.102700 0.138300 0.082400 0.177500 0.054600 0.060000 0.075100 0.019600 0.065900 0.109800 0.120900 0.131200 0.121100 0.167200 0.130800 0.080200 0.060400 0.097700 0.060700 0.081900 0.118800 0.124600 0.108200
GyrantGaze 0.097700 0.313500 0.148000 0.231700 0.104600 0.103000 0.099000 0.050300 0.142300 0.174300 0.098200 0.153300 0.076500 0.104900 0.115200 0.034200 0.170300 0.171200 0.092500 0.131000 0.044700 0.109000 0.132500 0.136200 0.103500 0.000000 0.071000 0.141900 0.044400 0.136600 0.156500 0.104500 0.215200 0.076500 0.091900 0.102000 0.103600 0.098400 0.064700 0.150500 0.131900 0.034700 0.186200 0.137100 0.107300 0.076400 0.049700 0.092900 0.098600 0.141800 0.159500 0.130800
Hartebeest 0.055200 0.273500 0.086500 0.200000 0.040200 0.060400 0.055800 0.050400 0.081200 0.121100 0.044800 0.091600 0.004800 0.050600 0.065900 0.075700 0.124000 0.124600 0.029700 0.070600 0.050100 0.055100 0.092900 0.086100 0.049300 0.071000 0.000000 0.080900 0.075900 0.075900 0.104400 0.050600 0.171400 0.004900 0.029500 0.044300 0.050100 0.034900 0.077000 0.098900 0.092500 0.098900 0.132200 0.097600 0.049300 0.034700 0.065600 0.045100 0.050300 0.086200 0.097100 0.081200
Bongo 0.107800 0.292200 0.023700 0.235600 0.092400 0.113200 0.119900 0.114100 0.009400 0.154500 0.108000 0.090700 0.086400 0.103700 0.130800 0.118300 0.145700 0.146100 0.080900 0.009400 0.113400 0.107900 0.125200 0.112400 0.107900 0.141900 0.080900 0.000000 0.129700 0.014100 0.137300 0.114400 0.193800 0.086400 0.080400 0.054100 0.102600 0.086300 0.131200 0.114500 0.130300 0.160500 0.166000 0.129900 0.059100 0.086100 0.118900 0.097300 0.092000 0.123500 0.023200 0.018900
Gerenuk 0.102500 0.326600 0.147000 0.242900 0.087400 0.107800 0.103700 0.044800 0.130100 0.173000 0.108500 0.152200 0.081400 0.087700 0.103300 0.019300 0.151800 0.152600 0.086500 0.118900 0.039300 0.113800 0.142900 0.135300 0.108300 0.044400 0.075900 0.129700 0.000000 0.124500 0.155300 0.098300 0.219600 0.081400 0.086000 0.101300 0.108500 0.092300 0.049900 0.149400 0.148000 0.049800 0.178700 0.136000 0.106600 0.081200 0.034300 0.086800 0.081700 0.135200 0.146900 0.130000
CommonElan 0.102700 0.278300 0.028800 0.230100 0.087300 0.108100 0.114700 0.108900 0.014200 0.149200 0.102900 0.085700 0.081300 0.098600 0.125600 0.113100 0.140400 0.140800 0.075800 0.014200 0.108200 0.102800 0.120000 0.107200 0.102700 0.136600 0.075900 0.014100 0.124500 0.000000 0.132000 0.109300 0.188400 0.081400 0.075400 0.049200 0.097500 0.081200 0.120300 0.109300 0.125000 0.155200 0.160600 0.124700 0.054200 0.081000 0.113700 0.092200 0.086900 0.118400 0.028900 0.014200
MuntiacusR 0.144100 0.250100 0.143000 0.183600 0.116300 0.149800 0.133700 0.127800 0.137700 0.019700 0.138600 0.137200 0.110200 0.128600 0.133500 0.143300 0.119600 0.114600 0.104200 0.126300 0.126900 0.144200 0.029700 0.044700 0.138300 0.156500 0.104400 0.137300 0.155300 0.132000 0.000000 0.128100 0.149500 0.110200 0.103600 0.097400 0.127100 0.121600 0.157500 0.045300 0.034600 0.169700 0.029700 0.055100 0.102600 0.121000 0.144100 0.121600 0.126600 0.076300 0.154500 0.137700
HarveysDui 0.087800 0.310600 0.120300 0.214400 0.061700 0.093200 0.025100 0.072100 0.114900 0.145400 0.082500 0.125600 0.056000 0.020100 0.077500 0.098000 0.142100 0.142900 0.061100 0.103700 0.071600 0.087900 0.116100 0.109200 0.082400 0.104500 0.050600 0.114400 0.098300 0.109300 0.128100 0.000000 0.184900 0.056000 0.050100 0.075900 0.082500 0.056000 0.099700 0.111200 0.121100 0.122300 0.156900 0.120800 0.081000 0.066300 0.087700 0.045500 0.072000 0.109000 0.131400 0.114800
Pronghorn 0.177600 0.313400 0.200400 0.256800 0.167000 0.183400 0.178800 0.184300 0.194400 0.167100 0.177800 0.206200 0.177700 0.185600 0.215200 0.206600 0.123300 0.123900 0.171200 0.194600 0.189600 0.189600 0.125900 0.130200 0.177500 0.215200 0.171400 0.193800 0.219600 0.188400 0.149500 0.184900 0.000000 0.177800 0.163800 0.174400 0.171900 0.166100 0.222600 0.132000 0.130900 0.235900 0.178700 0.130500 0.179900 0.165200 0.207900 0.154100 0.184100 0.129700 0.206400 0.194400
BlueWildeb 0.060600 0.280900 0.092000 0.206600 0.045500 0.065800 0.061200 0.055700 0.086700 0.127100 0.050100 0.097200 0.009700 0.055400 0.071300 0.081200 0.129800 0.130500 0.034800 0.076100 0.055400 0.060400 0.098600 0.091700 0.054600 0.076500 0.004900 0.086400 0.081400 0.081400 0.110200 0.056000 0.177800 0.000000 0.034600 0.049500 0.055500 0.040100 0.082600 0.104600 0.098100 0.104600 0.138300 0.103300 0.054500 0.039900 0.071000 0.050400 0.055600 0.091800 0.102800 0.086700
Gemsbok 0.065100 0.278400 0.085900 0.198700 0.050200 0.070300 0.065800 0.060400 0.080600 0.120200 0.060100 0.090900 0.034600 0.060800 0.076100 0.085700 0.111800 0.112400 0.039500 0.070200 0.060000 0.065200 0.092200 0.085500 0.060000 0.091900 0.029500 0.080400 0.086000 0.075400 0.103600 0.050100 0.163800 0.034600 0.000000 0.043500 0.060100 0.044800 0.087100 0.098100 0.097200 0.108800 0.131300 0.096900 0.048500 0.044500 0.075600 0.055000 0.060200 0.085600 0.096500 0.080600
Yak 0.069900 0.250900 0.059400 0.191000 0.065300 0.075000 0.081100 0.075600 0.054300 0.113700 0.075200 0.054200 0.049400 0.076100 0.091600 0.090500 0.127400 0.128100 0.044300 0.044200 0.075100 0.069900 0.086200 0.079400 0.075100 0.102000 0.044300 0.054100 0.101300 0.049200 0.097400 0.075900 0.174400 0.049500 0.043500 0.000000 0.064800 0.059800 0.102600 0.091900 0.091100 0.119300 0.124600 0.090800 0.014200 0.059500 0.090900 0.070100 0.075400 0.090300 0.069600 0.054300
BlueSheep 0.034800 0.294600 0.108300 0.213200 0.071800 0.039800 0.087900 0.082200 0.102900 0.144300 0.019700 0.102600 0.055400 0.082800 0.087700 0.086400 0.146800 0.147600 0.050100 0.092100 0.071000 0.034700 0.115200 0.108000 0.019600 0.103600 0.050100 0.102600 0.108500 0.097500 0.127100 0.082500 0.171900 0.055500 0.060100 0.064800 0.000000 0.060800 0.109900 0.121400 0.120200 0.121300 0.155700 0.119800 0.069900 0.065700 0.097800 0.066000 0.082000 0.108000 0.119300 0.102900
BohorReedb 0.071200 0.287900 0.091900 0.195000 0.025100 0.076400 0.061200 0.066400 0.086600 0.138700 0.066000 0.086300 0.040100 0.056200 0.082400 0.092000 0.135600 0.142000 0.045100 0.075900 0.065900 0.071200 0.109800 0.097100 0.065900 0.098400 0.034900 0.086300 0.092300 0.081200 0.121600 0.056000 0.166100 0.040100 0.044800 0.059800 0.060800 0.000000 0.093600 0.115900 0.114800 0.116000 0.150000 0.114400 0.064800 0.050200 0.081800 0.050400 0.066200 0.102700 0.102500 0.086500
KirksDik 0.103900 0.323600 0.148800 0.245900 0.099800 0.109300 0.105200 0.045400 0.131700 0.175500 0.110000 0.154200 0.082600 0.089000 0.110300 0.049800 0.153600 0.142800 0.087700 0.120400 0.050200 0.115400 0.144900 0.137000 0.109800 0.064700 0.077000 0.131200 0.049900 0.120300 0.157500 0.099700 0.222600 0.082600 0.087100 0.102600 0.109900 0.093600 0.000000 0.151500 0.150000 0.082500 0.187300 0.149500 0.107800 0.082300 0.039800 0.088100 0.082800 0.137000 0.148600 0.131700
RoeDeer 0.138300 0.230500 0.120400 0.177400 0.099400 0.143900 0.116700 0.122000 0.114900 0.066000 0.121100 0.120300 0.104600 0.111600 0.139200 0.137400 0.114000 0.108900 0.109800 0.109300 0.121200 0.138300 0.034800 0.039600 0.120900 0.150500 0.098900 0.114500 0.149400 0.109300 0.045300 0.111200 0.132000 0.104600 0.098100 0.091900 0.121400 0.115900 0.151500 0.000000 0.039700 0.169700 0.076400 0.049900 0.097100 0.109800 0.138300 0.110300 0.120900 0.071100 0.131600 0.114900
WhiteLippe 0.136900 0.228000 0.136300 0.175800 0.109500 0.142500 0.115400 0.120800 0.130700 0.054900 0.120100 0.130200 0.098100 0.121600 0.137800 0.136200 0.113000 0.107900 0.108800 0.119500 0.120000 0.137000 0.004800 0.039200 0.131200 0.131900 0.092500 0.130300 0.148000 0.125000 0.034600 0.121100 0.130900 0.098100 0.097200 0.091100 0.120200 0.114800 0.150000 0.039700 0.000000 0.156300 0.065100 0.039300 0.096300 0.103300 0.137000 0.103600 0.119700 0.080900 0.147600 0.130600
ThomsonGaz 0.115100 0.359700 0.166900 0.266400 0.111100 0.120500 0.116600 0.066500 0.161000 0.188000 0.121300 0.172200 0.104600 0.122700 0.133200 0.049700 0.189300 0.190400 0.109800 0.149300 0.060500 0.126800 0.151200 0.154800 0.121100 0.034700 0.098900 0.160500 0.049800 0.155200 0.169700 0.122300 0.235900 0.104600 0.108800 0.119300 0.121300 0.116000 0.082500 0.169700 0.156300 0.000000 0.200000 0.155800 0.124700 0.093300 0.065700 0.110300 0.116200 0.160400 0.178600 0.160900
MuntiacusC 0.173200 0.262400 0.172400 0.213700 0.144600 0.179000 0.162600 0.156600 0.166500 0.019300 0.167500 0.165900 0.138200 0.157500 0.150000 0.172300 0.147700 0.142500 0.132000 0.154800 0.155500 0.173300 0.060200 0.075500 0.167200 0.186200 0.132200 0.166000 0.178700 0.160600 0.029700 0.156900 0.178700 0.138300 0.131300 0.124600 0.155700 0.150000 0.187300 0.076400 0.065100 0.200000 0.000000 0.081000 0.130000 0.149300 0.173300 0.150000 0.160700 0.103000 0.184300 0.166500
WhiteTaile 0.136500 0.234400 0.135900 0.187500 0.109200 0.142000 0.115100 0.120500 0.130300 0.075800 0.131000 0.129900 0.103200 0.121200 0.131600 0.135800 0.112700 0.107600 0.108400 0.119100 0.119700 0.136600 0.034500 0.039100 0.130800 0.137100 0.097600 0.129900 0.136000 0.124700 0.055100 0.120800 0.130500 0.103300 0.096900 0.090800 0.119800 0.114400 0.149500 0.049900 0.039300 0.155800 0.081000 0.000000 0.096000 0.103000 0.125100 0.114400 0.119300 0.080700 0.147100 0.130200
Cattle 0.075000 0.269200 0.064400 0.196600 0.070400 0.080100 0.086200 0.080700 0.059300 0.119000 0.080300 0.059100 0.054400 0.081200 0.096700 0.095600 0.132700 0.133400 0.049200 0.049100 0.080200 0.075000 0.091400 0.084600 0.080200 0.107300 0.049300 0.059100 0.106600 0.054200 0.102600 0.081000 0.179900 0.054500 0.048500 0.014200 0.069900 0.064800 0.107800 0.097100 0.096300 0.124700 0.130000 0.096000 0.000000 0.064500 0.096100 0.075200 0.080500 0.095500 0.074700 0.059300
RoyalAntel 0.070800 0.299500 0.091600 0.218000 0.055700 0.076000 0.061000 0.055600 0.086400 0.138000 0.060500 0.107600 0.039900 0.066500 0.082000 0.080900 0.140600 0.141300 0.034700 0.086400 0.055200 0.070900 0.098300 0.102000 0.060400 0.076400 0.034700 0.086100 0.081200 0.081000 0.121000 0.066300 0.165200 0.039900 0.044500 0.059500 0.065700 0.050200 0.082300 0.109800 0.103300 0.093300 0.149300 0.103000 0.064500 0.000000 0.070800 0.050200 0.055500 0.102200 0.102300 0.086300
Steenbok 0.091900 0.321300 0.136000 0.231100 0.087700 0.097300 0.093000 0.034700 0.119300 0.161600 0.097800 0.141200 0.071000 0.077200 0.098200 0.033500 0.140800 0.141500 0.076100 0.108200 0.033700 0.103200 0.131900 0.124400 0.097700 0.049700 0.065600 0.118900 0.034300 0.113700 0.144100 0.087700 0.207900 0.071000 0.075600 0.090900 0.097800 0.081800 0.039800 0.138300 0.137000 0.065700 0.173300 0.125100 0.096100 0.070800 0.000000 0.076400 0.071300 0.124400 0.135900 0.119200
Impala 0.071200 0.302100 0.103000 0.219200 0.056000 0.076500 0.050700 0.061000 0.097600 0.138700 0.060800 0.119300 0.050400 0.045600 0.071600 0.086600 0.141200 0.142000 0.055400 0.097700 0.060600 0.071300 0.098600 0.103100 0.060700 0.092900 0.045100 0.097300 0.086800 0.092200 0.121600 0.045500 0.154100 0.050400 0.055000 0.070100 0.066000 0.050400 0.088100 0.110300 0.103600 0.110300 0.150000 0.114400 0.075200 0.050200 0.076400 0.000000 0.055600 0.113700 0.113800 0.097600
Klipspring 0.087300 0.282400 0.108600 0.225900 0.072000 0.092700 0.077300 0.066400 0.092300 0.149300 0.082000 0.124900 0.045300 0.061600 0.087800 0.081400 0.124500 0.125200 0.060700 0.081500 0.066000 0.087400 0.114700 0.108000 0.081900 0.098600 0.050300 0.092000 0.081700 0.086900 0.126600 0.072000 0.184100 0.055600 0.060200 0.075400 0.082000 0.066200 0.082800 0.120900 0.119700 0.116200 0.160700 0.119300 0.080500 0.055500 0.071300 0.055600 0.000000 0.119400 0.108500 0.092200
ForestMusk 0.124300 0.233000 0.129400 0.174200 0.108900 0.129800 0.114400 0.108600 0.123900 0.092300 0.119000 0.140200 0.091800 0.109400 0.136500 0.123700 0.090500 0.091000 0.086100 0.112900 0.107900 0.124400 0.076000 0.069400 0.118800 0.141800 0.086200 0.123500 0.135200 0.118400 0.076300 0.109000 0.129700 0.091800 0.085600 0.090300 0.108000 0.102700 0.137000 0.071100 0.080900 0.160400 0.103000 0.080700 0.095500 0.102200 0.124400 0.113700 0.119400 0.000000 0.140500 0.123900
Bushbuck 0.124600 0.313900 0.028200 0.241100 0.108900 0.130000 0.137000 0.131000 0.024000 0.172500 0.124800 0.107000 0.102700 0.120600 0.148200 0.135200 0.163200 0.163700 0.097000 0.023800 0.130300 0.124700 0.142000 0.129300 0.124600 0.159500 0.097100 0.023200 0.146900 0.028900 0.154500 0.131400 0.206400 0.102800 0.096500 0.069600 0.119300 0.102500 0.148600 0.131600 0.147600 0.178600 0.184300 0.147100 0.074700 0.102300 0.135900 0.113800 0.108500 0.140500 0.000000 0.033700
GreaterKud 0.108100 0.286000 0.033900 0.217400 0.092600 0.113500 0.120200 0.114400 0.018800 0.154900 0.108300 0.091000 0.086600 0.104100 0.131200 0.118600 0.146100 0.146500 0.081100 0.019200 0.113700 0.108200 0.125600 0.112700 0.108200 0.130800 0.081200 0.018900 0.130000 0.014200 0.137700 0.114800 0.194400 0.086700 0.080600 0.054300 0.102900 0.086500 0.131700 0.114900 0.130600 0.160900 0.166500 0.130200 0.059300 0.086300 0.119200 0.097600 0.092200 0.123900 0.033700 0.000000
