1
52 1
Argali 0.000000 0.366600 0.141800 0.313900 0.137100 0.000000 0.095800 0.175400 0.139000 0.098700 0.000100 0.065300 0.071100 0.032300 0.032100 0.100800 0.098400 0.098400 0.032300 0.104100 0.101100 0.032500 0.101500 0.099000 0.000100 0.168600 0.070500 0.139000 0.101000 0.168200 0.098700 0.033800 0.295900 0.108000 0.064000 0.065900 0.000100 0.103600 0.100700 0.098500 0.066100 0.136100 0.098700 0.139100 0.065900 0.101100 0.216900 0.032100 0.033000 0.065300 0.139000 0.104100
LesserMous 0.366600 0.000000 0.375800 0.477200 0.411800 0.366600 0.438100 0.527800 0.321500 0.305000 0.365700 0.354100 0.509100 0.361800 0.355700 0.463900 0.353000 0.353000 0.408100 0.325500 0.465600 0.360800 0.315600 0.307500 0.365700 0.504300 0.505200 0.321500 0.467100 0.390200 0.305000 0.427800 0.437700 0.512500 0.396000 0.357800 0.365700 0.374300 0.463600 0.306500 0.268500 0.466200 0.305000 0.368500 0.357800 0.468400 0.534500 0.361800 0.417400 0.396000 0.321500 0.325500
LesserKudu 0.141800 0.375800 0.000000 0.316700 0.217000 0.141800 0.246600 0.305500 0.067000 0.173000 0.141600 0.136800 0.236100 0.177600 0.175200 0.258100 0.173800 0.173800 0.177300 0.033500 0.259400 0.177300 0.178200 0.173900 0.141600 0.293500 0.234200 0.067000 0.259400 0.097100 0.173000 0.184900 0.302300 0.279100 0.173000 0.138000 0.141600 0.182500 0.257900 0.172900 0.139100 0.258800 0.173000 0.220500 0.138000 0.218100 0.401300 0.140100 0.181400 0.137000 0.067300 0.033500
KillerWhal 0.313900 0.477200 0.316700 0.000000 0.400000 0.313900 0.431900 0.513700 0.309900 0.345400 0.313500 0.302300 0.441400 0.354300 0.349200 0.456200 0.345700 0.345700 0.353000 0.270000 0.455000 0.353800 0.264900 0.345000 0.313500 0.493400 0.438000 0.309900 0.454500 0.338900 0.345400 0.369900 0.492000 0.445500 0.345500 0.305600 0.313500 0.362300 0.454700 0.342400 0.306600 0.452400 0.345400 0.406500 0.305600 0.408700 0.641900 0.309100 0.362200 0.303700 0.309900 0.270000
DefassaWat 0.137100 0.411800 0.217000 0.400000 0.000000 0.137100 0.163000 0.211100 0.136200 0.167300 0.136800 0.132800 0.146500 0.099000 0.097700 0.170700 0.097000 0.097000 0.171300 0.176900 0.171100 0.098800 0.172200 0.168100 0.136800 0.203100 0.145100 0.136200 0.171300 0.239400 0.167300 0.178400 0.369800 0.185300 0.167300 0.134000 0.136800 0.032900 0.170600 0.167300 0.134500 0.170900 0.167300 0.212600 0.134000 0.211100 0.294000 0.135400 0.175000 0.132800 0.136200 0.176900
Sheep 0.000000 0.366600 0.141800 0.313900 0.137100 0.000000 0.095800 0.175400 0.139000 0.098700 0.000100 0.065300 0.070300 0.032300 0.032100 0.100800 0.098400 0.098400 0.032300 0.104100 0.101100 0.032500 0.101500 0.099000 0.000100 0.168600 0.070500 0.139000 0.101000 0.168200 0.098700 0.033800 0.295900 0.108000 0.064000 0.065900 0.000100 0.103600 0.100700 0.098500 0.066100 0.136100 0.098700 0.139100 0.065900 0.101100 0.216900 0.032400 0.033000 0.065300 0.139000 0.104100
MaxwellsDu 0.095800 0.438100 0.246600 0.431900 0.163000 0.095800 0.000000 0.200000 0.165600 0.195700 0.096200 0.161700 0.175200 0.060900 0.061200 0.127900 0.125100 0.125100 0.128200 0.206600 0.128200 0.061900 0.200700 0.196400 0.096200 0.193000 0.173700 0.165600 0.128300 0.267700 0.195700 0.133400 0.395600 0.212900 0.158200 0.163000 0.096200 0.131400 0.127700 0.195100 0.163500 0.162200 0.195700 0.241200 0.163000 0.200400 0.240400 0.127800 0.130200 0.161700 0.165600 0.206600
GazellaPrz 0.175400 0.527800 0.305500 0.513700 0.211100 0.175400 0.200000 0.000000 0.214600 0.245000 0.176000 0.209000 0.187100 0.135000 0.133300 0.134600 0.169100 0.169100 0.210400 0.260900 0.135200 0.135400 0.252600 0.246200 0.176000 0.130600 0.224200 0.214600 0.135300 0.323700 0.245000 0.142000 0.459900 0.227100 0.166900 0.210700 0.176000 0.178400 0.133700 0.244500 0.211000 0.099100 0.245000 0.216200 0.210700 0.135400 0.251900 0.135300 0.215000 0.208700 0.214600 0.260900
MountainNy 0.139000 0.321500 0.067000 0.309900 0.136200 0.139000 0.165600 0.214600 0.000000 0.169500 0.138800 0.134100 0.231000 0.100300 0.099000 0.173100 0.098200 0.098200 0.173800 0.032800 0.173700 0.100200 0.174700 0.170600 0.138800 0.206500 0.229200 0.000000 0.174000 0.096500 0.169500 0.181100 0.296900 0.273200 0.169600 0.135300 0.138800 0.103100 0.172900 0.169600 0.136300 0.173700 0.169500 0.216100 0.135300 0.213700 0.299700 0.137300 0.177600 0.134300 0.000000 0.032800
MuntiacusM 0.098700 0.305000 0.173000 0.345400 0.167300 0.098700 0.195700 0.245000 0.169500 0.000000 0.098700 0.095700 0.180800 0.131600 0.130000 0.204400 0.128900 0.128900 0.131400 0.135400 0.205100 0.131500 0.063000 0.061500 0.098700 0.236300 0.179100 0.169500 0.204600 0.197500 0.000000 0.136600 0.324900 0.220000 0.128700 0.096500 0.098700 0.134900 0.204000 0.061200 0.030800 0.204000 0.000000 0.096100 0.096500 0.168600 0.248500 0.097500 0.134300 0.095700 0.169500 0.135400
goat 0.000100 0.365700 0.141600 0.313500 0.136800 0.000100 0.096200 0.176000 0.138800 0.098700 0.000000 0.065200 0.071500 0.032500 0.032000 0.100800 0.098800 0.098800 0.032400 0.104000 0.101000 0.032300 0.101500 0.099000 0.000000 0.169000 0.070800 0.138800 0.101000 0.168000 0.098700 0.033800 0.297800 0.108600 0.064500 0.065800 0.000000 0.103600 0.100700 0.098400 0.066100 0.136400 0.098700 0.139100 0.065800 0.101400 0.217000 0.032600 0.033200 0.065300 0.138800 0.104000
AfricanBuf 0.065300 0.354100 0.136800 0.302300 0.132800 0.065300 0.161700 0.209000 0.134100 0.095700 0.065200 0.000000 0.143700 0.097900 0.096500 0.098200 0.096000 0.096000 0.097700 0.100500 0.169500 0.097800 0.098300 0.096000 0.065200 0.201100 0.142400 0.134100 0.169400 0.162500 0.095700 0.101600 0.217200 0.182000 0.095600 0.000100 0.065200 0.100200 0.098100 0.095500 0.064100 0.168900 0.095700 0.134600 0.000100 0.133400 0.292400 0.064400 0.099900 0.063100 0.134100 0.100500
Topi 0.071100 0.509100 0.236100 0.441400 0.146500 0.070300 0.175200 0.187100 0.231000 0.180800 0.071500 0.143700 0.000000 0.106600 0.105700 0.107100 0.180400 0.180400 0.105500 0.192200 0.107400 0.107100 0.186500 0.181600 0.071500 0.179100 0.036700 0.231000 0.107500 0.259100 0.180800 0.112100 0.397000 0.037200 0.138600 0.145000 0.071500 0.110900 0.107000 0.180300 0.145400 0.144900 0.180800 0.231200 0.145000 0.107500 0.231300 0.106700 0.108900 0.143500 0.231000 0.192200
CommonDuik 0.032300 0.361800 0.177600 0.354300 0.099000 0.032300 0.060900 0.135000 0.100300 0.131600 0.032500 0.097900 0.106600 0.000000 0.000100 0.064700 0.063200 0.063200 0.064500 0.139000 0.064800 0.000100 0.135300 0.132100 0.032500 0.129900 0.105600 0.100300 0.064900 0.202100 0.131600 0.067500 0.329800 0.143800 0.095900 0.098700 0.032500 0.066500 0.064600 0.131300 0.099100 0.098400 0.131600 0.174000 0.098700 0.134900 0.173600 0.064700 0.065900 0.097900 0.100300 0.139000
Suni 0.032100 0.355700 0.175200 0.349200 0.097700 0.032100 0.061200 0.133300 0.099000 0.130000 0.032000 0.096500 0.105700 0.000100 0.000000 0.063900 0.062800 0.062800 0.064000 0.137100 0.064000 0.000100 0.133600 0.130500 0.032000 0.128300 0.104800 0.099000 0.064100 0.199500 0.130000 0.066100 0.328600 0.142800 0.095200 0.097400 0.032000 0.065500 0.063800 0.129800 0.097900 0.097100 0.130000 0.171800 0.097400 0.133100 0.171500 0.064200 0.065400 0.096600 0.099000 0.137100
Springbuck 0.100800 0.463900 0.258100 0.456200 0.170700 0.100800 0.127900 0.134600 0.173100 0.204400 0.100800 0.098200 0.107100 0.064700 0.063900 0.000000 0.131400 0.131400 0.134300 0.216400 0.064800 0.064700 0.210300 0.205100 0.100800 0.129000 0.142600 0.173100 0.064600 0.279300 0.204400 0.140000 0.332800 0.144500 0.166200 0.099000 0.100800 0.137800 0.000100 0.203700 0.171000 0.097700 0.204400 0.252500 0.099000 0.134600 0.173200 0.134600 0.137100 0.169000 0.173100 0.216400
Okapi 0.098400 0.353000 0.173800 0.345700 0.097000 0.098400 0.125100 0.169100 0.098200 0.128900 0.098800 0.096000 0.180400 0.063200 0.062800 0.131400 0.000000 0.000000 0.131100 0.136000 0.131700 0.063500 0.132500 0.129500 0.098800 0.162900 0.178800 0.098200 0.131800 0.198000 0.128900 0.137200 0.249700 0.219300 0.128200 0.096700 0.098800 0.065200 0.131200 0.128700 0.097100 0.131500 0.128900 0.170300 0.096700 0.169200 0.247400 0.097200 0.133800 0.095900 0.098200 0.136000
Giraffe 0.098400 0.353000 0.173800 0.345700 0.097000 0.098400 0.125100 0.169100 0.098200 0.128900 0.098800 0.096000 0.180400 0.063200 0.062800 0.131400 0.000000 0.000000 0.131100 0.136000 0.131700 0.063500 0.132500 0.129500 0.098800 0.162900 0.178800 0.098200 0.131800 0.198000 0.128900 0.137200 0.249700 0.219300 0.128200 0.096700 0.098800 0.065200 0.131200 0.128700 0.097100 0.131500 0.128900 0.170300 0.096700 0.169200 0.247400 0.097200 0.133800 0.095900 0.098200 0.136000
TibetanAnt 0.032300 0.408100 0.177300 0.353000 0.171300 0.032300 0.128200 0.210400 0.173800 0.131400 0.032400 0.097700 0.105500 0.064500 0.064000 0.134300 0.131100 0.131100 0.000000 0.138800 0.134600 0.064800 0.135200 0.132000 0.032400 0.129500 0.105400 0.173800 0.134700 0.201700 0.131400 0.067500 0.329200 0.143600 0.095700 0.098600 0.032400 0.138100 0.134100 0.131200 0.099000 0.098100 0.131400 0.173800 0.098600 0.134700 0.253100 0.064600 0.065800 0.097800 0.173800 0.138800
Sitatunga 0.104100 0.325500 0.033500 0.270000 0.176900 0.104100 0.206600 0.260900 0.032800 0.135400 0.104000 0.100500 0.192200 0.139000 0.137100 0.216400 0.136000 0.136000 0.138800 0.000000 0.217200 0.138800 0.139500 0.136200 0.104000 0.250800 0.190500 0.032800 0.217200 0.063400 0.135400 0.144600 0.262900 0.233700 0.135500 0.101400 0.104000 0.142800 0.216100 0.135400 0.102100 0.216700 0.135400 0.179600 0.101400 0.177700 0.352400 0.102800 0.141800 0.100600 0.032800 0.000000
Oribi 0.101100 0.465600 0.259400 0.455000 0.171100 0.101100 0.128200 0.135200 0.173700 0.205100 0.101000 0.169500 0.107400 0.064800 0.064000 0.064800 0.131700 0.131700 0.134600 0.217200 0.000000 0.064800 0.211000 0.205900 0.101000 0.063100 0.143000 0.173700 0.065000 0.280800 0.205100 0.140300 0.333700 0.144900 0.166700 0.171000 0.101000 0.138000 0.064700 0.204600 0.171500 0.098600 0.205100 0.253700 0.171000 0.065400 0.173900 0.134900 0.137500 0.169800 0.173700 0.217200
BarbaryShe 0.032500 0.360800 0.177300 0.353800 0.098800 0.032500 0.061900 0.135400 0.100200 0.131500 0.032300 0.097800 0.107100 0.000100 0.000100 0.064700 0.063500 0.063500 0.064800 0.138800 0.064800 0.000000 0.135300 0.132000 0.032300 0.130100 0.106200 0.100200 0.064900 0.201800 0.131500 0.067500 0.331900 0.144600 0.096600 0.098600 0.032300 0.066500 0.064600 0.131300 0.099100 0.098600 0.131500 0.174000 0.098600 0.135200 0.173600 0.065200 0.066200 0.097900 0.100200 0.138800
Daviddeer 0.101500 0.315600 0.178200 0.264900 0.172200 0.101500 0.200700 0.252600 0.174700 0.063000 0.101500 0.098300 0.186500 0.135300 0.133600 0.210300 0.132500 0.132500 0.135200 0.139500 0.211000 0.135300 0.000000 0.062800 0.101500 0.243300 0.184800 0.174700 0.210700 0.203100 0.063000 0.140800 0.333100 0.226700 0.132200 0.099200 0.101500 0.139000 0.209800 0.062900 0.031700 0.210200 0.063000 0.099700 0.099200 0.173600 0.255800 0.100200 0.138100 0.098400 0.174700 0.139500
Reindeer 0.099000 0.307500 0.173900 0.345000 0.168100 0.099000 0.196400 0.246200 0.170600 0.061500 0.099000 0.096000 0.181600 0.132100 0.130500 0.205100 0.129500 0.129500 0.132000 0.136200 0.205900 0.132000 0.062800 0.000000 0.099000 0.237700 0.179900 0.170600 0.205700 0.198100 0.061500 0.137200 0.248400 0.220600 0.129000 0.096800 0.099000 0.135700 0.204700 0.061500 0.030700 0.205300 0.061500 0.031200 0.096800 0.169300 0.249600 0.097800 0.134700 0.096000 0.170600 0.136200
Ibex 0.000100 0.365700 0.141600 0.313500 0.136800 0.000100 0.096200 0.176000 0.138800 0.098700 0.000000 0.065200 0.071500 0.032500 0.032000 0.100800 0.098800 0.098800 0.032400 0.104000 0.101000 0.032300 0.101500 0.099000 0.000000 0.169000 0.070800 0.138800 0.101000 0.168000 0.098700 0.033800 0.297800 0.108600 0.064500 0.065800 0.000000 0.103600 0.100700 0.098400 0.066100 0.136400 0.098700 0.139100 0.065800 0.101400 0.217000 0.032600 0.033200 0.065300 0.138800 0.104000
GyrantGaze 0.168600 0.504300 0.293500 0.493400 0.203100 0.168600 0.193000 0.130600 0.206500 0.236300 0.169000 0.201100 0.179100 0.129900 0.128300 0.129000 0.162900 0.162900 0.129500 0.250800 0.063100 0.130100 0.243300 0.237700 0.169000 0.000000 0.214900 0.206500 0.129600 0.312200 0.236300 0.211000 0.363400 0.217600 0.160900 0.202800 0.169000 0.171300 0.129500 0.236100 0.203400 0.030500 0.236300 0.286600 0.202800 0.063200 0.244300 0.130200 0.206600 0.201000 0.206500 0.250800
Hartebeest 0.070500 0.505200 0.234200 0.438000 0.145100 0.070500 0.173700 0.224200 0.229200 0.179100 0.070800 0.142400 0.036700 0.105600 0.104800 0.142600 0.178800 0.178800 0.105400 0.190500 0.143000 0.106200 0.184800 0.179900 0.070800 0.214900 0.000000 0.229200 0.143100 0.257200 0.179100 0.111100 0.394600 0.074200 0.139000 0.143700 0.070800 0.109900 0.142400 0.178600 0.144100 0.180900 0.179100 0.229100 0.143700 0.143300 0.269800 0.105700 0.107900 0.142200 0.229200 0.190500
Bongo 0.139000 0.321500 0.067000 0.309900 0.136200 0.139000 0.165600 0.214600 0.000000 0.169500 0.138800 0.134100 0.231000 0.100300 0.099000 0.173100 0.098200 0.098200 0.173800 0.032800 0.173700 0.100200 0.174700 0.170600 0.138800 0.206500 0.229200 0.000000 0.174000 0.095200 0.169500 0.181100 0.296900 0.273200 0.169600 0.135300 0.138800 0.103100 0.172900 0.169600 0.136300 0.173700 0.169500 0.216100 0.135300 0.213700 0.299700 0.137300 0.177600 0.134300 0.000000 0.032800
Gerenuk 0.101000 0.467100 0.259400 0.454500 0.171300 0.101000 0.128300 0.135300 0.174000 0.204600 0.101000 0.169400 0.107500 0.064900 0.064100 0.064600 0.131800 0.131800 0.134700 0.217200 0.065000 0.064900 0.210700 0.205700 0.101000 0.129600 0.143100 0.174000 0.000000 0.279700 0.204600 0.140400 0.413900 0.144900 0.166500 0.170800 0.101000 0.138400 0.064800 0.204400 0.171300 0.097900 0.204600 0.253600 0.170800 0.135100 0.174000 0.134900 0.137500 0.169300 0.174000 0.217200
CommonElan 0.168200 0.390200 0.097100 0.338900 0.239400 0.168200 0.267700 0.323700 0.096500 0.197500 0.168000 0.162500 0.259100 0.202100 0.199500 0.279300 0.198000 0.198000 0.201700 0.063400 0.280800 0.201800 0.203100 0.198100 0.168000 0.312200 0.257200 0.095200 0.279700 0.000000 0.197500 0.209700 0.248000 0.300600 0.126900 0.163900 0.168000 0.206700 0.279100 0.196800 0.165100 0.279100 0.197500 0.243000 0.163900 0.241000 0.416100 0.166100 0.206300 0.162800 0.095200 0.063400
MuntiacusR 0.098700 0.305000 0.173000 0.345400 0.167300 0.098700 0.195700 0.245000 0.169500 0.000000 0.098700 0.095700 0.180800 0.131600 0.130000 0.204400 0.128900 0.128900 0.131400 0.135400 0.205100 0.131500 0.063000 0.061500 0.098700 0.236300 0.179100 0.169500 0.204600 0.197500 0.000000 0.136600 0.324900 0.220000 0.128700 0.096500 0.098700 0.134900 0.204000 0.061200 0.030800 0.204000 0.000000 0.096100 0.096500 0.168600 0.248500 0.097500 0.134300 0.095700 0.169500 0.135400
HarveysDui 0.033800 0.427800 0.184900 0.369900 0.178400 0.033800 0.133400 0.142000 0.181100 0.136600 0.033800 0.101600 0.112100 0.067500 0.066100 0.140000 0.137200 0.137200 0.067500 0.144600 0.140300 0.067500 0.140800 0.137200 0.033800 0.211000 0.111100 0.181100 0.140400 0.209700 0.136600 0.000000 0.343700 0.151400 0.100100 0.102600 0.033800 0.143600 0.139700 0.136400 0.103000 0.177500 0.136600 0.105400 0.102600 0.140500 0.264700 0.067600 0.069000 0.101700 0.181100 0.144600
Pronghorn 0.295900 0.437700 0.302300 0.492000 0.369800 0.295900 0.395600 0.459900 0.296900 0.324900 0.297800 0.217200 0.397000 0.329800 0.328600 0.332800 0.249700 0.249700 0.329200 0.262900 0.333700 0.331900 0.333100 0.248400 0.297800 0.363400 0.394600 0.296900 0.413900 0.248000 0.324900 0.343700 0.000000 0.399700 0.248600 0.218800 0.297800 0.338700 0.332000 0.322400 0.292100 0.413300 0.324900 0.292100 0.218800 0.295400 0.561800 0.292300 0.335700 0.289000 0.296900 0.262900
BlueWildeb 0.108000 0.512500 0.279100 0.445500 0.185300 0.108000 0.212900 0.227100 0.273200 0.220000 0.108600 0.182000 0.037200 0.143800 0.142800 0.144500 0.219300 0.219300 0.143600 0.233700 0.144900 0.144600 0.226700 0.220600 0.108600 0.217600 0.074200 0.273200 0.144900 0.300600 0.220000 0.151400 0.399700 0.000000 0.177600 0.183700 0.108600 0.149600 0.144300 0.219000 0.184100 0.183100 0.220000 0.273200 0.183700 0.145200 0.273400 0.144000 0.146400 0.181900 0.273200 0.233700
Gemsbok 0.064000 0.396000 0.173000 0.345500 0.167300 0.064000 0.158200 0.166900 0.169600 0.128700 0.064500 0.095600 0.138600 0.095900 0.095200 0.166200 0.128200 0.128200 0.095700 0.135500 0.166700 0.096600 0.132200 0.129000 0.064500 0.160900 0.139000 0.169600 0.166500 0.126900 0.128700 0.100100 0.248600 0.177600 0.000000 0.096500 0.064500 0.135200 0.166000 0.128300 0.096900 0.129800 0.128700 0.169600 0.096500 0.096400 0.286400 0.030900 0.096400 0.095700 0.169600 0.135500
Yak 0.065900 0.357800 0.138000 0.305600 0.134000 0.065900 0.163000 0.210700 0.135300 0.096500 0.065800 0.000100 0.145000 0.098700 0.097400 0.099000 0.096700 0.096700 0.098600 0.101400 0.171000 0.098600 0.099200 0.096800 0.065800 0.202800 0.143700 0.135300 0.170800 0.163900 0.096500 0.102600 0.218800 0.183700 0.096500 0.000000 0.065800 0.101200 0.098900 0.096300 0.064600 0.170300 0.096500 0.135800 0.000000 0.133700 0.294700 0.065000 0.100800 0.063700 0.135300 0.101400
BlueSheep 0.000100 0.365700 0.141600 0.313500 0.136800 0.000100 0.096200 0.176000 0.138800 0.098700 0.000000 0.065200 0.071500 0.032500 0.032000 0.100800 0.098800 0.098800 0.032400 0.104000 0.101000 0.032300 0.101500 0.099000 0.000000 0.169000 0.070800 0.138800 0.101000 0.168000 0.098700 0.033800 0.297800 0.108600 0.064500 0.065800 0.000000 0.103600 0.100700 0.098400 0.066100 0.136400 0.098700 0.139100 0.065800 0.101400 0.217000 0.032600 0.033200 0.065300 0.138800 0.104000
BohorReedb 0.103600 0.374300 0.182500 0.362300 0.032900 0.103600 0.131400 0.178400 0.103100 0.134900 0.103600 0.100200 0.110900 0.066500 0.065500 0.137800 0.065200 0.065200 0.138100 0.142800 0.138000 0.066500 0.139000 0.135700 0.103600 0.171300 0.109900 0.103100 0.138400 0.206700 0.134900 0.143600 0.338700 0.149600 0.135200 0.101200 0.103600 0.000000 0.137700 0.135100 0.101800 0.138400 0.134900 0.179100 0.101200 0.178000 0.260500 0.102700 0.141100 0.100300 0.103100 0.142800
KirksDik 0.100700 0.463600 0.257900 0.454700 0.170600 0.100700 0.127700 0.133700 0.172900 0.204000 0.100700 0.098100 0.107000 0.064600 0.063800 0.000100 0.131200 0.131200 0.134100 0.216100 0.064700 0.064600 0.209800 0.204700 0.100700 0.129500 0.142400 0.172900 0.064800 0.279100 0.204000 0.139700 0.332000 0.144300 0.166000 0.098900 0.100700 0.137700 0.000000 0.203400 0.170600 0.098100 0.204000 0.252000 0.098900 0.134400 0.171800 0.134300 0.136900 0.168700 0.172900 0.216100
RoeDeer 0.098500 0.306500 0.172900 0.342400 0.167300 0.098500 0.195100 0.244500 0.169600 0.061200 0.098400 0.095500 0.180300 0.131300 0.129800 0.203700 0.128700 0.128700 0.131200 0.135400 0.204600 0.131300 0.062900 0.061500 0.098400 0.236100 0.178600 0.169600 0.204400 0.196800 0.061200 0.136400 0.322400 0.219000 0.128300 0.096300 0.098400 0.135100 0.203400 0.000000 0.030700 0.204000 0.061200 0.096800 0.096300 0.168200 0.247700 0.097300 0.133900 0.095500 0.169600 0.135400
WhiteLippe 0.066100 0.268500 0.139100 0.306600 0.134500 0.066100 0.163500 0.211000 0.136300 0.030800 0.066100 0.064100 0.145400 0.099100 0.097900 0.171000 0.097100 0.097100 0.099000 0.102100 0.171500 0.099100 0.031700 0.030700 0.066100 0.203400 0.144100 0.136300 0.171300 0.165100 0.030800 0.103000 0.292100 0.184100 0.096900 0.064600 0.066100 0.101800 0.170600 0.030700 0.000000 0.170800 0.030800 0.064900 0.064600 0.135500 0.213700 0.065300 0.101200 0.064100 0.136300 0.102100
ThomsonGaz 0.136100 0.466200 0.258800 0.452400 0.170900 0.136100 0.162200 0.099100 0.173700 0.204000 0.136400 0.168900 0.144900 0.098400 0.097100 0.097700 0.131500 0.131500 0.098100 0.216700 0.098600 0.098600 0.210200 0.205300 0.136400 0.030500 0.180900 0.173700 0.097900 0.279100 0.204000 0.177500 0.413300 0.183100 0.129800 0.170300 0.136400 0.138400 0.098100 0.204000 0.170800 0.000000 0.204000 0.253000 0.170300 0.098700 0.211400 0.098600 0.173700 0.168700 0.173700 0.216700
MuntiacusC 0.098700 0.305000 0.173000 0.345400 0.167300 0.098700 0.195700 0.245000 0.169500 0.000000 0.098700 0.095700 0.180800 0.131600 0.130000 0.204400 0.128900 0.128900 0.131400 0.135400 0.205100 0.131500 0.063000 0.061500 0.098700 0.236300 0.179100 0.169500 0.204600 0.197500 0.000000 0.136600 0.324900 0.220000 0.128700 0.096500 0.098700 0.134900 0.204000 0.061200 0.030800 0.204000 0.000000 0.096100 0.096500 0.168600 0.248500 0.097500 0.134300 0.095700 0.169500 0.135400
WhiteTaile 0.139100 0.368500 0.220500 0.406500 0.212600 0.139100 0.241200 0.216200 0.216100 0.096100 0.139100 0.134600 0.231200 0.174000 0.171800 0.252500 0.170300 0.170300 0.173800 0.179600 0.253700 0.174000 0.099700 0.031200 0.139100 0.286600 0.229100 0.216100 0.253600 0.243000 0.096100 0.105400 0.292100 0.273200 0.169600 0.135800 0.139100 0.179100 0.252000 0.096800 0.064900 0.253000 0.096100 0.000000 0.135800 0.214400 0.301700 0.137400 0.177600 0.134600 0.216100 0.179600
Cattle 0.065900 0.357800 0.138000 0.305600 0.134000 0.065900 0.163000 0.210700 0.135300 0.096500 0.065800 0.000100 0.145000 0.098700 0.097400 0.099000 0.096700 0.096700 0.098600 0.101400 0.171000 0.098600 0.099200 0.096800 0.065800 0.202800 0.143700 0.135300 0.170800 0.163900 0.096500 0.102600 0.218800 0.183700 0.096500 0.000000 0.065800 0.101200 0.098900 0.096300 0.064600 0.170300 0.096500 0.135800 0.000000 0.133700 0.294700 0.065000 0.100800 0.063700 0.135300 0.101400
RoyalAntel 0.101100 0.468400 0.218100 0.408700 0.211100 0.101100 0.200400 0.135400 0.213700 0.168600 0.101400 0.133400 0.107500 0.134900 0.133100 0.134600 0.169200 0.169200 0.134700 0.177700 0.065400 0.135200 0.173600 0.169300 0.101400 0.063200 0.143300 0.213700 0.135100 0.241000 0.168600 0.140500 0.295400 0.145200 0.096400 0.133700 0.101400 0.178000 0.134400 0.168200 0.135500 0.098700 0.168600 0.214400 0.133700 0.000000 0.254400 0.065000 0.137700 0.133600 0.213700 0.177700
Steenbok 0.216900 0.534500 0.401300 0.641900 0.294000 0.216900 0.240400 0.251900 0.299700 0.248500 0.217000 0.292400 0.231300 0.173600 0.171500 0.173200 0.247400 0.247400 0.253100 0.352400 0.173900 0.173600 0.255800 0.249600 0.217000 0.244300 0.269800 0.299700 0.174000 0.416100 0.248500 0.264700 0.561800 0.273400 0.286400 0.294700 0.217000 0.260500 0.171800 0.247700 0.213700 0.211400 0.248500 0.301700 0.294700 0.254400 0.000000 0.253700 0.258500 0.292000 0.299700 0.352400
Impala 0.032100 0.361800 0.140100 0.309100 0.135400 0.032400 0.127800 0.135300 0.137300 0.097500 0.032600 0.064400 0.106700 0.064700 0.064200 0.134600 0.097200 0.097200 0.064600 0.102800 0.134900 0.065200 0.100200 0.097800 0.032600 0.130200 0.105700 0.137300 0.134900 0.166100 0.097500 0.067600 0.292300 0.144000 0.030900 0.065000 0.032600 0.102700 0.134300 0.097300 0.065300 0.098600 0.097500 0.137400 0.065000 0.065000 0.253700 0.000000 0.065900 0.064500 0.137300 0.102800
Klipspring 0.033000 0.417400 0.181400 0.362200 0.175000 0.033000 0.130200 0.215000 0.177600 0.134300 0.033200 0.099900 0.108900 0.065900 0.065400 0.137100 0.133800 0.133800 0.065800 0.141800 0.137500 0.066200 0.138100 0.134700 0.033200 0.206600 0.107900 0.177600 0.137500 0.206300 0.134300 0.069000 0.335700 0.146400 0.096400 0.100800 0.033200 0.141100 0.136900 0.133900 0.101200 0.173700 0.134300 0.177600 0.100800 0.137700 0.258500 0.065900 0.000000 0.100000 0.177600 0.141800
ForestMusk 0.065300 0.396000 0.137000 0.303700 0.132800 0.065300 0.161700 0.208700 0.134300 0.095700 0.065300 0.063100 0.143500 0.097900 0.096600 0.169000 0.095900 0.095900 0.097800 0.100600 0.169800 0.097900 0.098400 0.096000 0.065300 0.201000 0.142200 0.134300 0.169300 0.162800 0.095700 0.101700 0.289000 0.181900 0.095700 0.063700 0.065300 0.100300 0.168700 0.095500 0.064100 0.168700 0.095700 0.134600 0.063700 0.133600 0.292000 0.064500 0.100000 0.000000 0.134300 0.100600
Bushbuck 0.139000 0.321500 0.067300 0.309900 0.136200 0.139000 0.165600 0.214600 0.000000 0.169500 0.138800 0.134100 0.231000 0.100300 0.099000 0.173100 0.098200 0.098200 0.173800 0.032800 0.173700 0.100200 0.174700 0.170600 0.138800 0.206500 0.229200 0.000000 0.174000 0.095200 0.169500 0.181100 0.296900 0.273200 0.169600 0.135300 0.138800 0.103100 0.172900 0.169600 0.136300 0.173700 0.169500 0.216100 0.135300 0.213700 0.299700 0.137300 0.177600 0.134300 0.000000 0.032800
GreaterKud 0.104100 0.325500 0.033500 0.270000 0.176900 0.104100 0.206600 0.260900 0.032800 0.135400 0.104000 0.100500 0.192200 0.139000 0.137100 0.216400 0.136000 0.136000 0.138800 0.000000 0.217200 0.138800 0.139500 0.136200 0.104000 0.250800 0.190500 0.032800 0.217200 0.063400 0.135400 0.144600 0.262900 0.233700 0.135500 0.101400 0.104000 0.142800 0.216100 0.135400 0.102100 0.216700 0.135400 0.179600 0.101400 0.177700 0.352400 0.102800 0.141800 0.100600 0.032800 0.000000
