CODONML (in paml version 4.10.7, June 2023)  /home/rachel/ruminants_paml/6406-phy-tree/ENSBTAT00000005865.fasta.phy
Model: free dN/dS Ratios for branches,  kappa = 2.000 fixed

Codon frequency model: F3x4
ns =  54  ls =  39

Codon usage in sequences
--------------------------------------------------------------------------------------------------------------------------------------
Phe TTT   1   0   1   1   0   0 | Ser TCT   0   0   0   0   0   0 | Tyr TAT   0   0   0   0   0   0 | Cys TGT   0   0   0   0   0   0
    TTC   0   1   0   0   1   1 |     TCC   2   2   2   2   2   2 |     TAC   2   2   2   2   2   2 |     TGC   0   0   0   0   0   0
Leu TTA   0   0   0   0   0   0 |     TCA   0   0   0   0   0   0 | *** TAA   0   0   0   0   0   0 | *** TGA   0   0   0   0   0   0
    TTG   1   1   1   1   1   1 |     TCG   0   0   0   0   0   0 |     TAG   0   0   0   0   0   0 | Trp TGG   1   1   1   1   1   1
--------------------------------------------------------------------------------------------------------------------------------------
Leu CTT   0   0   0   0   0   0 | Pro CCT   0   0   0   0   0   0 | His CAT   0   0   0   0   0   0 | Arg CGT   0   1   0   0   0   0
    CTC   2   2   2   2   2   2 |     CCC   0   1   0   0   1   1 |     CAC   0   0   0   0   0   0 |     CGC   1   0   1   1   1   1
    CTA   0   0   0   0   0   0 |     CCA   0   0   0   1   0   0 | Gln CAA   0   0   0   0   0   0 |     CGA   1   1   1   1   1   1
    CTG   2   2   2   2   2   2 |     CCG   1   0   1   0   0   0 |     CAG   4   4   4   4   4   4 |     CGG   0   0   0   0   0   0
--------------------------------------------------------------------------------------------------------------------------------------
Ile ATT   0   0   0   0   0   0 | Thr ACT   0   0   0   0   1   0 | Asn AAT   1   1   1   1   1   1 | Ser AGT   0   0   0   0   0   0
    ATC   0   0   0   0   0   0 |     ACC   0   0   0   0   0   0 |     AAC   0   0   0   0   0   0 |     AGC   1   1   1   1   1   1
    ATA   2   2   2   2   2   2 |     ACA   0   0   0   0   0   0 | Lys AAA   1   1   1   1   1   1 | Arg AGA   1   1   1   1   1   1
Met ATG   1   1   1   1   1   1 |     ACG   2   2   2   2   1   2 |     AAG   5   5   5   5   5   5 |     AGG   1   1   1   1   1   1
--------------------------------------------------------------------------------------------------------------------------------------
Val GTT   1   1   1   1   0   0 | Ala GCT   0   1   0   0   0   0 | Asp GAT   1   1   1   1   1   1 | Gly GGT   1   1   1   1   1   1
    GTC   0   0   0   0   0   0 |     GCC   1   0   1   1   1   1 |     GAC   1   1   1   1   1   1 |     GGC   0   0   0   0   0   0
    GTA   0   0   0   0   0   0 |     GCA   0   0   0   0   0   0 | Glu GAA   0   0   0   0   0   0 |     GGA   0   0   0   0   0   0
    GTG   0   0   0   0   1   1 |     GCG   0   0   0   0   0   0 |     GAG   1   1   1   1   1   1 |     GGG   0   0   0   0   0   0
--------------------------------------------------------------------------------------------------------------------------------------

--------------------------------------------------------------------------------------------------------------------------------------
Phe TTT   1   1   1   1   1   1 | Ser TCT   0   0   0   0   0   0 | Tyr TAT   0   0   0   0   0   0 | Cys TGT   0   0   0   0   0   0
    TTC   0   0   0   0   0   0 |     TCC   2   2   2   2   2   2 |     TAC   2   2   2   2   2   2 |     TGC   0   0   0   0   0   0
Leu TTA   0   0   0   0   0   0 |     TCA   0   0   0   0   0   0 | *** TAA   0   0   0   0   0   0 | *** TGA   0   0   0   0   0   0
    TTG   1   1   1   1   1   1 |     TCG   0   0   0   0   0   0 |     TAG   0   0   0   0   0   0 | Trp TGG   1   1   1   1   1   1
--------------------------------------------------------------------------------------------------------------------------------------
Leu CTT   0   0   0   0   0   0 | Pro CCT   0   0   0   0   0   0 | His CAT   0   0   0   0   0   0 | Arg CGT   0   0   0   0   0   1
    CTC   2   2   2   2   2   2 |     CCC   0   0   0   0   0   0 |     CAC   0   0   0   0   0   0 |     CGC   1   1   1   1   1   0
    CTA   0   0   0   0   0   0 |     CCA   0   0   0   0   0   0 | Gln CAA   0   0   0   0   0   0 |     CGA   1   1   1   1   1   1
    CTG   2   2   2   2   2   2 |     CCG   1   1   1   1   1   1 |     CAG   4   4   4   4   4   4 |     CGG   0   0   0   0   0   0
--------------------------------------------------------------------------------------------------------------------------------------
Ile ATT   0   0   0   0   0   0 | Thr ACT   0   0   0   0   0   0 | Asn AAT   1   1   1   1   1   1 | Ser AGT   0   0   0   0   0   0
    ATC   0   0   0   0   0   0 |     ACC   0   0   0   0   0   0 |     AAC   0   0   0   0   0   0 |     AGC   1   1   1   1   1   1
    ATA   2   2   2   2   2   2 |     ACA   0   0   0   0   0   0 | Lys AAA   1   1   1   1   1   1 | Arg AGA   1   1   1   1   1   1
Met ATG   1   1   1   1   1   1 |     ACG   2   2   2   2   2   2 |     AAG   5   5   5   5   5   5 |     AGG   1   1   1   1   1   1
--------------------------------------------------------------------------------------------------------------------------------------
Val GTT   1   1   1   1   1   1 | Ala GCT   0   0   0   0   0   0 | Asp GAT   1   1   1   1   1   1 | Gly GGT   1   1   1   1   1   1
    GTC   0   0   0   0   0   0 |     GCC   1   1   1   1   1   1 |     GAC   1   1   1   1   1   1 |     GGC   0   0   0   0   0   0
    GTA   0   0   0   0   0   0 |     GCA   0   0   0   0   0   0 | Glu GAA   0   0   0   0   0   0 |     GGA   0   0   0   0   0   0
    GTG   0   0   0   0   0   0 |     GCG   0   0   0   0   0   0 |     GAG   1   1   1   1   1   1 |     GGG   0   0   0   0   0   0
--------------------------------------------------------------------------------------------------------------------------------------

--------------------------------------------------------------------------------------------------------------------------------------
Phe TTT   1   1   1   1   1   1 | Ser TCT   0   0   0   0   0   0 | Tyr TAT   0   0   0   0   0   0 | Cys TGT   0   0   0   0   0   0
    TTC   0   0   0   0   0   0 |     TCC   2   2   2   2   2   2 |     TAC   2   2   2   2   2   2 |     TGC   0   0   0   0   0   0
Leu TTA   0   0   0   0   0   0 |     TCA   0   0   0   0   0   0 | *** TAA   0   0   0   0   0   0 | *** TGA   0   0   0   0   0   0
    TTG   1   1   1   1   1   1 |     TCG   0   0   0   0   0   0 |     TAG   0   0   0   0   0   0 | Trp TGG   1   1   1   1   1   1
--------------------------------------------------------------------------------------------------------------------------------------
Leu CTT   0   0   0   0   0   0 | Pro CCT   0   0   0   0   0   0 | His CAT   0   0   0   0   0   0 | Arg CGT   0   0   0   0   0   0
    CTC   2   2   2   2   2   2 |     CCC   0   0   0   0   0   0 |     CAC   0   0   0   0   0   0 |     CGC   1   1   1   1   1   1
    CTA   0   0   0   0   0   0 |     CCA   0   0   0   0   0   0 | Gln CAA   0   1   0   0   0   0 |     CGA   1   1   0   1   1   1
    CTG   2   2   2   2   2   2 |     CCG   1   1   1   1   1   1 |     CAG   4   3   4   4   4   4 |     CGG   0   0   1   0   0   0
--------------------------------------------------------------------------------------------------------------------------------------
Ile ATT   0   0   0   0   0   0 | Thr ACT   0   0   0   0   0   0 | Asn AAT   1   1   1   1   1   1 | Ser AGT   0   0   0   0   0   0
    ATC   0   0   0   0   0   0 |     ACC   0   0   0   0   0   0 |     AAC   0   0   0   0   0   0 |     AGC   1   1   1   1   1   1
    ATA   2   2   2   2   2   2 |     ACA   0   0   0   0   1   0 | Lys AAA   1   1   1   1   1   1 | Arg AGA   1   1   1   2   1   1
Met ATG   1   1   1   1   1   1 |     ACG   2   2   2   2   1   2 |     AAG   5   5   5   5   5   5 |     AGG   1   1   1   0   1   1
--------------------------------------------------------------------------------------------------------------------------------------
Val GTT   1   1   1   1   1   1 | Ala GCT   0   0   0   0   0   0 | Asp GAT   1   1   1   1   1   1 | Gly GGT   1   1   1   1   1   1
    GTC   0   0   0   0   0   0 |     GCC   1   1   1   1   1   1 |     GAC   1   1   1   1   1   1 |     GGC   0   0   0   0   0   0
    GTA   0   0   0   0   0   0 |     GCA   0   0   0   0   0   0 | Glu GAA   0   0   0   0   0   0 |     GGA   0   0   0   0   0   0
    GTG   0   0   0   0   0   0 |     GCG   0   0   0   0   0   0 |     GAG   1   1   1   1   1   1 |     GGG   0   0   0   0   0   0
--------------------------------------------------------------------------------------------------------------------------------------

--------------------------------------------------------------------------------------------------------------------------------------
Phe TTT   1   1   1   1   1   1 | Ser TCT   0   0   0   0   0   0 | Tyr TAT   0   0   0   0   0   0 | Cys TGT   0   0   0   0   0   0
    TTC   0   0   0   0   0   0 |     TCC   2   2   2   1   2   2 |     TAC   2   2   2   2   2   2 |     TGC   0   0   0   0   0   0
Leu TTA   0   0   0   0   0   0 |     TCA   0   0   0   0   0   0 | *** TAA   0   0   0   0   0   0 | *** TGA   0   0   0   0   0   0
    TTG   1   1   1   1   1   1 |     TCG   0   0   0   1   0   0 |     TAG   0   0   0   0   0   0 | Trp TGG   1   1   1   1   1   1
--------------------------------------------------------------------------------------------------------------------------------------
Leu CTT   0   0   0   0   0   0 | Pro CCT   0   0   0   0   0   0 | His CAT   0   0   0   0   0   0 | Arg CGT   0   0   0   0   0   0
    CTC   2   2   2   2   2   2 |     CCC   0   0   0   0   0   0 |     CAC   0   0   0   0   0   0 |     CGC   1   1   1   1   1   1
    CTA   0   0   0   0   0   0 |     CCA   0   0   0   0   0   0 | Gln CAA   0   0   0   0   0   0 |     CGA   1   1   1   1   1   1
    CTG   2   2   2   2   2   2 |     CCG   1   1   1   1   1   1 |     CAG   4   4   4   4   4   4 |     CGG   0   0   0   0   0   0
--------------------------------------------------------------------------------------------------------------------------------------
Ile ATT   0   0   0   0   0   0 | Thr ACT   0   0   0   0   0   0 | Asn AAT   1   1   1   1   1   1 | Ser AGT   0   0   0   0   0   0
    ATC   0   0   0   0   0   0 |     ACC   0   1   0   0   0   0 |     AAC   0   0   0   0   0   0 |     AGC   1   1   1   1   1   1
    ATA   2   2   2   2   2   2 |     ACA   0   0   0   0   0   0 | Lys AAA   1   1   1   1   1   1 | Arg AGA   1   1   1   1   1   1
Met ATG   1   1   1   1   1   1 |     ACG   2   1   2   2   2   2 |     AAG   5   5   5   5   5   5 |     AGG   1   1   1   1   1   1
--------------------------------------------------------------------------------------------------------------------------------------
Val GTT   1   1   1   1   1   1 | Ala GCT   0   0   0   0   0   0 | Asp GAT   1   1   1   1   1   1 | Gly GGT   1   1   1   1   1   1
    GTC   0   0   0   0   0   0 |     GCC   1   1   1   1   1   1 |     GAC   1   1   1   1   1   1 |     GGC   0   0   0   0   0   0
    GTA   0   0   0   0   0   0 |     GCA   0   0   0   0   0   0 | Glu GAA   0   0   0   0   0   0 |     GGA   0   0   0   0   0   0
    GTG   0   0   0   0   0   0 |     GCG   0   0   0   0   0   0 |     GAG   1   1   1   1   1   1 |     GGG   0   0   0   0   0   0
--------------------------------------------------------------------------------------------------------------------------------------

--------------------------------------------------------------------------------------------------------------------------------------
Phe TTT   1   1   1   1   1   1 | Ser TCT   0   0   0   0   0   0 | Tyr TAT   0   0   0   0   0   0 | Cys TGT   0   0   0   0   0   0
    TTC   0   0   0   0   0   0 |     TCC   2   2   2   2   2   2 |     TAC   2   2   2   2   2   2 |     TGC   0   0   0   0   0   0
Leu TTA   0   0   0   0   0   0 |     TCA   0   0   0   0   0   0 | *** TAA   0   0   0   0   0   0 | *** TGA   0   0   0   0   0   0
    TTG   1   1   1   1   1   1 |     TCG   0   0   0   0   0   0 |     TAG   0   0   0   0   0   0 | Trp TGG   1   1   1   1   1   1
--------------------------------------------------------------------------------------------------------------------------------------
Leu CTT   0   0   0   0   0   0 | Pro CCT   0   0   0   0   0   0 | His CAT   0   0   0   0   0   0 | Arg CGT   0   0   0   0   0   0
    CTC   2   2   2   2   2   2 |     CCC   0   0   0   0   0   0 |     CAC   0   0   0   0   0   0 |     CGC   1   1   1   1   1   1
    CTA   0   0   0   0   0   0 |     CCA   0   0   0   0   0   0 | Gln CAA   0   0   0   0   0   0 |     CGA   1   1   1   1   0   1
    CTG   2   2   2   2   2   2 |     CCG   1   1   1   1   1   1 |     CAG   4   4   4   4   4   4 |     CGG   0   0   0   0   1   0
--------------------------------------------------------------------------------------------------------------------------------------
Ile ATT   0   0   0   0   0   0 | Thr ACT   1   0   0   0   0   0 | Asn AAT   1   1   1   1   1   1 | Ser AGT   0   0   0   0   0   0
    ATC   0   0   0   0   0   0 |     ACC   0   0   0   0   0   0 |     AAC   0   0   0   0   0   0 |     AGC   1   1   1   1   1   1
    ATA   2   2   2   2   2   2 |     ACA   0   0   0   0   0   0 | Lys AAA   1   1   1   1   1   1 | Arg AGA   1   1   1   1   1   1
Met ATG   1   1   1   1   1   1 |     ACG   1   2   2   2   2   2 |     AAG   5   5   5   5   5   5 |     AGG   1   1   1   1   1   1
--------------------------------------------------------------------------------------------------------------------------------------
Val GTT   1   1   1   1   1   1 | Ala GCT   0   0   0   0   0   0 | Asp GAT   1   1   1   1   1   1 | Gly GGT   1   1   1   1   1   1
    GTC   0   0   0   0   0   0 |     GCC   1   1   1   1   1   1 |     GAC   1   1   1   1   1   1 |     GGC   0   0   0   0   0   0
    GTA   0   0   0   0   0   0 |     GCA   0   0   0   0   0   0 | Glu GAA   0   0   0   0   0   0 |     GGA   0   0   0   0   0   0
    GTG   0   0   0   0   0   0 |     GCG   0   0   0   0   0   0 |     GAG   1   1   1   1   1   1 |     GGG   0   0   0   0   0   0
--------------------------------------------------------------------------------------------------------------------------------------

--------------------------------------------------------------------------------------------------------------------------------------
Phe TTT   1   1   1   1   1   1 | Ser TCT   0   0   0   0   0   0 | Tyr TAT   0   0   0   0   0   0 | Cys TGT   0   0   0   0   0   0
    TTC   0   0   0   0   0   0 |     TCC   2   2   2   2   2   2 |     TAC   2   2   2   2   2   2 |     TGC   0   0   0   0   0   0
Leu TTA   0   0   0   0   0   0 |     TCA   0   0   0   0   0   0 | *** TAA   0   0   0   0   0   0 | *** TGA   0   0   0   0   0   0
    TTG   1   1   1   1   1   1 |     TCG   0   0   0   0   0   0 |     TAG   0   0   0   0   0   0 | Trp TGG   1   1   1   1   1   1
--------------------------------------------------------------------------------------------------------------------------------------
Leu CTT   0   0   0   0   0   0 | Pro CCT   0   0   0   0   0   0 | His CAT   0   0   0   0   0   0 | Arg CGT   0   0   1   0   0   0
    CTC   2   2   2   2   2   2 |     CCC   0   0   0   0   0   0 |     CAC   0   0   0   0   0   0 |     CGC   1   1   0   1   1   1
    CTA   0   0   0   0   0   0 |     CCA   0   0   0   0   0   0 | Gln CAA   0   0   0   0   0   0 |     CGA   1   1   1   1   1   0
    CTG   2   2   2   2   2   2 |     CCG   1   1   1   1   1   1 |     CAG   4   4   4   4   4   4 |     CGG   0   0   0   0   0   1
--------------------------------------------------------------------------------------------------------------------------------------
Ile ATT   0   0   0   0   0   0 | Thr ACT   0   0   0   0   0   0 | Asn AAT   1   1   1   1   1   1 | Ser AGT   0   0   0   0   0   0
    ATC   0   0   0   0   0   0 |     ACC   0   0   0   0   0   0 |     AAC   0   0   0   0   0   0 |     AGC   1   1   1   1   1   1
    ATA   2   2   2   2   2   2 |     ACA   0   0   0   0   0   0 | Lys AAA   1   1   1   1   2   1 | Arg AGA   1   1   1   1   1   1
Met ATG   1   1   1   1   1   1 |     ACG   2   2   2   2   2   2 |     AAG   5   5   5   5   4   5 |     AGG   1   1   1   1   1   1
--------------------------------------------------------------------------------------------------------------------------------------
Val GTT   1   1   1   1   1   1 | Ala GCT   0   0   0   0   0   0 | Asp GAT   1   1   1   1   1   1 | Gly GGT   1   1   1   1   1   1
    GTC   0   0   0   0   0   0 |     GCC   1   1   1   1   1   1 |     GAC   1   1   1   1   1   1 |     GGC   0   0   0   0   0   0
    GTA   0   0   0   0   0   0 |     GCA   0   0   0   0   0   0 | Glu GAA   0   0   0   0   0   0 |     GGA   0   0   0   0   0   0
    GTG   0   0   0   0   0   0 |     GCG   0   0   0   0   0   0 |     GAG   1   1   1   1   1   1 |     GGG   0   0   0   0   0   0
--------------------------------------------------------------------------------------------------------------------------------------

--------------------------------------------------------------------------------------------------------------------------------------
Phe TTT   1   1   1   1   1   1 | Ser TCT   0   0   0   0   0   0 | Tyr TAT   0   0   0   0   0   0 | Cys TGT   0   0   0   0   0   0
    TTC   0   0   0   0   0   0 |     TCC   2   2   2   2   2   2 |     TAC   2   2   2   2   2   2 |     TGC   0   0   0   0   0   0
Leu TTA   0   0   0   0   0   0 |     TCA   0   0   0   0   0   0 | *** TAA   0   0   0   0   0   0 | *** TGA   0   0   0   0   0   0
    TTG   1   1   1   1   1   1 |     TCG   0   0   0   0   0   0 |     TAG   0   0   0   0   0   0 | Trp TGG   1   1   1   1   1   1
--------------------------------------------------------------------------------------------------------------------------------------
Leu CTT   0   0   0   0   0   0 | Pro CCT   1   0   0   0   0   0 | His CAT   0   0   0   0   0   0 | Arg CGT   0   0   0   0   0   0
    CTC   2   2   2   2   2   2 |     CCC   0   0   0   0   0   0 |     CAC   0   0   0   0   0   0 |     CGC   1   1   1   1   1   1
    CTA   0   0   0   0   0   0 |     CCA   0   0   0   0   0   0 | Gln CAA   0   1   0   0   0   0 |     CGA   1   1   1   1   1   1
    CTG   2   2   2   2   2   2 |     CCG   0   1   1   1   1   1 |     CAG   4   3   4   4   4   4 |     CGG   0   0   0   0   0   0
--------------------------------------------------------------------------------------------------------------------------------------
Ile ATT   0   0   0   0   0   0 | Thr ACT   0   0   0   0   0   0 | Asn AAT   1   1   1   1   1   1 | Ser AGT   0   0   0   0   0   0
    ATC   0   0   0   0   0   0 |     ACC   0   0   0   0   0   0 |     AAC   0   0   0   0   0   0 |     AGC   1   1   1   1   1   1
    ATA   2   2   2   2   2   2 |     ACA   0   0   0   0   0   0 | Lys AAA   1   1   1   1   1   1 | Arg AGA   1   1   1   1   1   1
Met ATG   1   1   1   1   1   1 |     ACG   2   2   2   2   2   2 |     AAG   5   5   5   5   5   5 |     AGG   1   1   1   1   1   1
--------------------------------------------------------------------------------------------------------------------------------------
Val GTT   1   1   1   1   1   1 | Ala GCT   0   0   0   0   0   0 | Asp GAT   1   1   1   1   1   1 | Gly GGT   1   1   1   1   1   1
    GTC   0   0   0   0   0   0 |     GCC   1   1   1   1   1   1 |     GAC   1   1   1   1   1   1 |     GGC   0   0   0   0   0   0
    GTA   0   0   0   0   0   0 |     GCA   0   0   0   0   0   0 | Glu GAA   0   0   0   0   0   0 |     GGA   0   0   0   0   0   0
    GTG   0   0   0   0   0   0 |     GCG   0   0   0   0   0   0 |     GAG   1   1   1   1   1   1 |     GGG   0   0   0   0   0   0
--------------------------------------------------------------------------------------------------------------------------------------

--------------------------------------------------------------------------------------------------------------------------------------
Phe TTT   1   1   1   1   1   1 | Ser TCT   0   0   0   0   0   0 | Tyr TAT   0   0   0   0   0   0 | Cys TGT   0   0   0   0   0   0
    TTC   0   0   0   0   0   0 |     TCC   2   2   2   2   2   2 |     TAC   2   2   2   2   2   2 |     TGC   0   0   0   0   0   0
Leu TTA   0   0   0   0   0   0 |     TCA   0   0   0   0   0   0 | *** TAA   0   0   0   0   0   0 | *** TGA   0   0   0   0   0   0
    TTG   1   1   1   1   1   1 |     TCG   0   0   0   0   0   0 |     TAG   0   0   0   0   0   0 | Trp TGG   1   1   1   1   1   1
--------------------------------------------------------------------------------------------------------------------------------------
Leu CTT   0   0   0   0   0   0 | Pro CCT   0   0   0   0   0   0 | His CAT   0   0   0   0   0   0 | Arg CGT   0   0   1   0   0   0
    CTC   2   2   2   2   2   2 |     CCC   0   0   0   0   0   0 |     CAC   0   0   0   0   0   0 |     CGC   1   1   0   1   1   1
    CTA   0   0   0   0   0   0 |     CCA   0   0   0   0   0   0 | Gln CAA   0   0   0   0   1   0 |     CGA   1   1   1   1   1   1
    CTG   2   2   2   2   2   2 |     CCG   1   1   1   1   1   1 |     CAG   4   4   4   4   3   4 |     CGG   0   0   0   0   0   0
--------------------------------------------------------------------------------------------------------------------------------------
Ile ATT   0   0   0   0   0   0 | Thr ACT   1   0   0   0   0   0 | Asn AAT   1   1   1   1   1   1 | Ser AGT   0   0   0   0   0   0
    ATC   0   0   0   0   0   0 |     ACC   0   0   0   0   0   0 |     AAC   0   0   0   0   0   0 |     AGC   1   1   1   1   1   1
    ATA   2   2   2   2   2   2 |     ACA   0   0   0   0   0   0 | Lys AAA   1   1   1   1   1   1 | Arg AGA   1   1   1   1   1   1
Met ATG   1   1   1   1   1   1 |     ACG   1   2   2   2   2   2 |     AAG   5   5   5   5   5   5 |     AGG   1   1   1   1   1   1
--------------------------------------------------------------------------------------------------------------------------------------
Val GTT   1   1   1   1   1   1 | Ala GCT   0   0   0   0   0   0 | Asp GAT   1   1   1   1   1   0 | Gly GGT   1   1   1   1   1   1
    GTC   0   0   0   0   0   0 |     GCC   1   1   1   1   1   1 |     GAC   1   1   1   1   1   2 |     GGC   0   0   0   0   0   0
    GTA   0   0   0   0   0   0 |     GCA   0   0   0   0   0   0 | Glu GAA   0   0   0   0   0   0 |     GGA   0   0   0   0   0   0
    GTG   0   0   0   0   0   0 |     GCG   0   0   0   0   0   0 |     GAG   1   1   1   1   1   1 |     GGG   0   0   0   0   0   0
--------------------------------------------------------------------------------------------------------------------------------------

--------------------------------------------------------------------------------------------------------------------------------------
Phe TTT   1   1   1   1   1   1 | Ser TCT   0   0   0   0   0   0 | Tyr TAT   0   0   0   0   0   0 | Cys TGT   0   0   0   0   0   0
    TTC   0   0   0   0   0   0 |     TCC   2   2   2   2   2   2 |     TAC   2   2   2   2   2   2 |     TGC   0   0   0   0   0   0
Leu TTA   0   0   0   0   0   0 |     TCA   0   0   0   0   0   0 | *** TAA   0   0   0   0   0   0 | *** TGA   0   0   0   0   0   0
    TTG   1   1   0   1   1   1 |     TCG   0   0   0   0   0   0 |     TAG   0   0   0   0   0   0 | Trp TGG   1   1   1   1   1   1
--------------------------------------------------------------------------------------------------------------------------------------
Leu CTT   0   0   0   0   0   0 | Pro CCT   0   0   0   0   0   0 | His CAT   0   0   0   0   0   0 | Arg CGT   0   0   0   0   0   0
    CTC   2   2   2   2   2   2 |     CCC   0   0   0   0   0   0 |     CAC   0   0   0   0   0   0 |     CGC   1   1   1   1   1   1
    CTA   0   0   0   0   0   0 |     CCA   0   0   0   1   0   0 | Gln CAA   0   0   0   0   0   0 |     CGA   1   1   1   1   1   1
    CTG   2   2   3   2   2   2 |     CCG   1   1   1   0   1   1 |     CAG   4   4   4   4   4   4 |     CGG   0   0   0   0   0   0
--------------------------------------------------------------------------------------------------------------------------------------
Ile ATT   0   0   0   0   0   0 | Thr ACT   0   0   0   0   0   0 | Asn AAT   1   1   1   1   1   1 | Ser AGT   0   0   0   0   0   0
    ATC   0   0   0   0   0   0 |     ACC   1   0   0   0   0   0 |     AAC   0   0   0   0   0   0 |     AGC   1   1   1   1   1   1
    ATA   2   2   2   2   2   2 |     ACA   0   0   0   0   0   0 | Lys AAA   1   1   1   1   1   1 | Arg AGA   1   1   1   1   1   1
Met ATG   1   1   1   1   1   1 |     ACG   1   2   2   2   2   2 |     AAG   5   5   5   5   5   5 |     AGG   1   1   1   1   1   1
--------------------------------------------------------------------------------------------------------------------------------------
Val GTT   1   1   1   1   1   1 | Ala GCT   0   0   0   0   0   0 | Asp GAT   1   1   1   1   1   1 | Gly GGT   1   1   1   1   1   1
    GTC   0   0   0   0   0   0 |     GCC   1   1   1   1   1   1 |     GAC   1   1   1   1   1   1 |     GGC   0   0   0   0   0   0
    GTA   0   0   0   0   0   0 |     GCA   0   0   0   0   0   0 | Glu GAA   0   0   1   0   0   0 |     GGA   0   0   0   0   0   0
    GTG   0   0   0   0   0   0 |     GCG   0   0   0   0   0   0 |     GAG   1   1   0   1   1   1 |     GGG   0   0   0   0   0   0
--------------------------------------------------------------------------------------------------------------------------------------

Codon position x base (3x4) table for each sequence.

#1: Argali         
position  1:    T:0.17949    C:0.28205    A:0.38462    G:0.15385
position  2:    T:0.25641    C:0.15385    A:0.41026    G:0.17949
position  3:    T:0.12821    C:0.25641    A:0.12821    G:0.48718
Average         T:0.18803    C:0.23077    A:0.30769    G:0.27350

#2: LesserMouseDeer
position  1:    T:0.17949    C:0.28205    A:0.38462    G:0.15385
position  2:    T:0.25641    C:0.15385    A:0.41026    G:0.17949
position  3:    T:0.15385    C:0.25641    A:0.12821    G:0.46154
Average         T:0.19658    C:0.23077    A:0.30769    G:0.26496

#3: LesserKudu     
position  1:    T:0.17949    C:0.28205    A:0.38462    G:0.15385
position  2:    T:0.25641    C:0.15385    A:0.41026    G:0.17949
position  3:    T:0.12821    C:0.25641    A:0.12821    G:0.48718
Average         T:0.18803    C:0.23077    A:0.30769    G:0.27350

#4: ForestMuskDeer2
position  1:    T:0.17949    C:0.28205    A:0.38462    G:0.15385
position  2:    T:0.25641    C:0.15385    A:0.41026    G:0.17949
position  3:    T:0.12821    C:0.25641    A:0.15385    G:0.46154
Average         T:0.18803    C:0.23077    A:0.31624    G:0.26496

#5: Camel          
position  1:    T:0.17949    C:0.28205    A:0.38462    G:0.15385
position  2:    T:0.25641    C:0.15385    A:0.41026    G:0.17949
position  3:    T:0.10256    C:0.30769    A:0.12821    G:0.46154
Average         T:0.17949    C:0.24786    A:0.30769    G:0.26496

#6: KillerWhale    
position  1:    T:0.17949    C:0.28205    A:0.38462    G:0.15385
position  2:    T:0.25641    C:0.15385    A:0.41026    G:0.17949
position  3:    T:0.07692    C:0.30769    A:0.12821    G:0.48718
Average         T:0.17094    C:0.24786    A:0.30769    G:0.27350

#7: DefassaWaterbuck
position  1:    T:0.17949    C:0.28205    A:0.38462    G:0.15385
position  2:    T:0.25641    C:0.15385    A:0.41026    G:0.17949
position  3:    T:0.12821    C:0.25641    A:0.12821    G:0.48718
Average         T:0.18803    C:0.23077    A:0.30769    G:0.27350

#8: Sheep          
position  1:    T:0.17949    C:0.28205    A:0.38462    G:0.15385
position  2:    T:0.25641    C:0.15385    A:0.41026    G:0.17949
position  3:    T:0.12821    C:0.25641    A:0.12821    G:0.48718
Average         T:0.18803    C:0.23077    A:0.30769    G:0.27350

#9: MaxwellsDuiker 
position  1:    T:0.17949    C:0.28205    A:0.38462    G:0.15385
position  2:    T:0.25641    C:0.15385    A:0.41026    G:0.17949
position  3:    T:0.12821    C:0.25641    A:0.12821    G:0.48718
Average         T:0.18803    C:0.23077    A:0.30769    G:0.27350

#10: GazellaPrzewalskyi
position  1:    T:0.17949    C:0.28205    A:0.38462    G:0.15385
position  2:    T:0.25641    C:0.15385    A:0.41026    G:0.17949
position  3:    T:0.12821    C:0.25641    A:0.12821    G:0.48718
Average         T:0.18803    C:0.23077    A:0.30769    G:0.27350

#11: MountainNyala  
position  1:    T:0.17949    C:0.28205    A:0.38462    G:0.15385
position  2:    T:0.25641    C:0.15385    A:0.41026    G:0.17949
position  3:    T:0.12821    C:0.25641    A:0.12821    G:0.48718
Average         T:0.18803    C:0.23077    A:0.30769    G:0.27350

#12: MuntiacusMuntjak
position  1:    T:0.17949    C:0.28205    A:0.38462    G:0.15385
position  2:    T:0.25641    C:0.15385    A:0.41026    G:0.17949
position  3:    T:0.15385    C:0.23077    A:0.12821    G:0.48718
Average         T:0.19658    C:0.22222    A:0.30769    G:0.27350

#13: goat           
position  1:    T:0.17949    C:0.28205    A:0.38462    G:0.15385
position  2:    T:0.25641    C:0.15385    A:0.41026    G:0.17949
position  3:    T:0.12821    C:0.25641    A:0.12821    G:0.48718
Average         T:0.18803    C:0.23077    A:0.30769    G:0.27350

#14: AfricanBuffalo 
position  1:    T:0.17949    C:0.28205    A:0.38462    G:0.15385
position  2:    T:0.25641    C:0.15385    A:0.41026    G:0.17949
position  3:    T:0.12821    C:0.25641    A:0.15385    G:0.46154
Average         T:0.18803    C:0.23077    A:0.31624    G:0.26496

#15: Topi           
position  1:    T:0.17949    C:0.28205    A:0.38462    G:0.15385
position  2:    T:0.25641    C:0.15385    A:0.41026    G:0.17949
position  3:    T:0.12821    C:0.25641    A:0.10256    G:0.51282
Average         T:0.18803    C:0.23077    A:0.29915    G:0.28205

#16: CommonDuiker   
position  1:    T:0.17949    C:0.28205    A:0.38462    G:0.15385
position  2:    T:0.25641    C:0.15385    A:0.41026    G:0.17949
position  3:    T:0.12821    C:0.25641    A:0.15385    G:0.46154
Average         T:0.18803    C:0.23077    A:0.31624    G:0.26496

#17: Suni           
position  1:    T:0.17949    C:0.28205    A:0.38462    G:0.15385
position  2:    T:0.25641    C:0.15385    A:0.41026    G:0.17949
position  3:    T:0.12821    C:0.25641    A:0.15385    G:0.46154
Average         T:0.18803    C:0.23077    A:0.31624    G:0.26496

#18: Springbuck     
position  1:    T:0.17949    C:0.28205    A:0.38462    G:0.15385
position  2:    T:0.25641    C:0.15385    A:0.41026    G:0.17949
position  3:    T:0.12821    C:0.25641    A:0.12821    G:0.48718
Average         T:0.18803    C:0.23077    A:0.30769    G:0.27350

#19: Okapi          
position  1:    T:0.17949    C:0.28205    A:0.38462    G:0.15385
position  2:    T:0.25641    C:0.15385    A:0.41026    G:0.17949
position  3:    T:0.12821    C:0.25641    A:0.12821    G:0.48718
Average         T:0.18803    C:0.23077    A:0.30769    G:0.27350

#20: Giraffe        
position  1:    T:0.17949    C:0.28205    A:0.38462    G:0.15385
position  2:    T:0.25641    C:0.15385    A:0.41026    G:0.17949
position  3:    T:0.12821    C:0.28205    A:0.12821    G:0.46154
Average         T:0.18803    C:0.23932    A:0.30769    G:0.26496

#21: TibetanAntelope
position  1:    T:0.17949    C:0.28205    A:0.38462    G:0.15385
position  2:    T:0.25641    C:0.15385    A:0.41026    G:0.17949
position  3:    T:0.12821    C:0.25641    A:0.12821    G:0.48718
Average         T:0.18803    C:0.23077    A:0.30769    G:0.27350

#22: Sitatunga      
position  1:    T:0.17949    C:0.28205    A:0.38462    G:0.15385
position  2:    T:0.25641    C:0.15385    A:0.41026    G:0.17949
position  3:    T:0.12821    C:0.23077    A:0.12821    G:0.51282
Average         T:0.18803    C:0.22222    A:0.30769    G:0.28205

#23: Oribi          
position  1:    T:0.17949    C:0.28205    A:0.38462    G:0.15385
position  2:    T:0.25641    C:0.15385    A:0.41026    G:0.17949
position  3:    T:0.12821    C:0.25641    A:0.12821    G:0.48718
Average         T:0.18803    C:0.23077    A:0.30769    G:0.27350

#24: BarbarySheep   
position  1:    T:0.17949    C:0.28205    A:0.38462    G:0.15385
position  2:    T:0.25641    C:0.15385    A:0.41026    G:0.17949
position  3:    T:0.12821    C:0.25641    A:0.12821    G:0.48718
Average         T:0.18803    C:0.23077    A:0.30769    G:0.27350

#25: Daviddeer      
position  1:    T:0.17949    C:0.28205    A:0.38462    G:0.15385
position  2:    T:0.25641    C:0.15385    A:0.41026    G:0.17949
position  3:    T:0.15385    C:0.25641    A:0.12821    G:0.46154
Average         T:0.19658    C:0.23077    A:0.30769    G:0.26496

#26: Reindeer       
position  1:    T:0.17949    C:0.28205    A:0.38462    G:0.15385
position  2:    T:0.25641    C:0.15385    A:0.41026    G:0.17949
position  3:    T:0.12821    C:0.25641    A:0.12821    G:0.48718
Average         T:0.18803    C:0.23077    A:0.30769    G:0.27350

#27: Ibex           
position  1:    T:0.17949    C:0.28205    A:0.38462    G:0.15385
position  2:    T:0.25641    C:0.15385    A:0.41026    G:0.17949
position  3:    T:0.12821    C:0.25641    A:0.12821    G:0.48718
Average         T:0.18803    C:0.23077    A:0.30769    G:0.27350

#28: GyrantGazelle  
position  1:    T:0.17949    C:0.28205    A:0.38462    G:0.15385
position  2:    T:0.25641    C:0.15385    A:0.41026    G:0.17949
position  3:    T:0.12821    C:0.25641    A:0.12821    G:0.48718
Average         T:0.18803    C:0.23077    A:0.30769    G:0.27350

#29: Hartebeest     
position  1:    T:0.17949    C:0.28205    A:0.38462    G:0.15385
position  2:    T:0.25641    C:0.15385    A:0.41026    G:0.17949
position  3:    T:0.12821    C:0.25641    A:0.10256    G:0.51282
Average         T:0.18803    C:0.23077    A:0.29915    G:0.28205

#30: Bongo          
position  1:    T:0.17949    C:0.28205    A:0.38462    G:0.15385
position  2:    T:0.25641    C:0.15385    A:0.41026    G:0.17949
position  3:    T:0.12821    C:0.25641    A:0.12821    G:0.48718
Average         T:0.18803    C:0.23077    A:0.30769    G:0.27350

#31: Gerenuk        
position  1:    T:0.17949    C:0.28205    A:0.38462    G:0.15385
position  2:    T:0.25641    C:0.15385    A:0.41026    G:0.17949
position  3:    T:0.12821    C:0.25641    A:0.12821    G:0.48718
Average         T:0.18803    C:0.23077    A:0.30769    G:0.27350

#32: CommonEland    
position  1:    T:0.17949    C:0.28205    A:0.38462    G:0.15385
position  2:    T:0.25641    C:0.15385    A:0.41026    G:0.17949
position  3:    T:0.12821    C:0.25641    A:0.12821    G:0.48718
Average         T:0.18803    C:0.23077    A:0.30769    G:0.27350

#33: MuntiacusReevesi
position  1:    T:0.17949    C:0.28205    A:0.38462    G:0.15385
position  2:    T:0.25641    C:0.15385    A:0.41026    G:0.17949
position  3:    T:0.15385    C:0.23077    A:0.12821    G:0.48718
Average         T:0.19658    C:0.22222    A:0.30769    G:0.27350

#34: HarveysDuiker  
position  1:    T:0.17949    C:0.28205    A:0.38462    G:0.15385
position  2:    T:0.25641    C:0.15385    A:0.41026    G:0.17949
position  3:    T:0.12821    C:0.25641    A:0.12821    G:0.48718
Average         T:0.18803    C:0.23077    A:0.30769    G:0.27350

#35: Pronghorn      
position  1:    T:0.17949    C:0.28205    A:0.38462    G:0.15385
position  2:    T:0.25641    C:0.15385    A:0.41026    G:0.17949
position  3:    T:0.12821    C:0.25641    A:0.15385    G:0.46154
Average         T:0.18803    C:0.23077    A:0.31624    G:0.26496

#36: BlueWildebeest 
position  1:    T:0.17949    C:0.28205    A:0.38462    G:0.15385
position  2:    T:0.25641    C:0.15385    A:0.41026    G:0.17949
position  3:    T:0.12821    C:0.25641    A:0.10256    G:0.51282
Average         T:0.18803    C:0.23077    A:0.29915    G:0.28205

#37: Gemsbok        
position  1:    T:0.17949    C:0.28205    A:0.38462    G:0.15385
position  2:    T:0.25641    C:0.15385    A:0.41026    G:0.17949
position  3:    T:0.15385    C:0.25641    A:0.12821    G:0.46154
Average         T:0.19658    C:0.23077    A:0.30769    G:0.26496

#38: Yak            
position  1:    T:0.17949    C:0.28205    A:0.38462    G:0.15385
position  2:    T:0.25641    C:0.15385    A:0.41026    G:0.17949
position  3:    T:0.12821    C:0.25641    A:0.15385    G:0.46154
Average         T:0.18803    C:0.23077    A:0.31624    G:0.26496

#39: BlueSheep      
position  1:    T:0.17949    C:0.28205    A:0.38462    G:0.15385
position  2:    T:0.25641    C:0.15385    A:0.41026    G:0.17949
position  3:    T:0.12821    C:0.25641    A:0.12821    G:0.48718
Average         T:0.18803    C:0.23077    A:0.30769    G:0.27350

#40: BohorReedbuck  
position  1:    T:0.17949    C:0.28205    A:0.38462    G:0.15385
position  2:    T:0.25641    C:0.15385    A:0.41026    G:0.17949
position  3:    T:0.12821    C:0.25641    A:0.12821    G:0.48718
Average         T:0.18803    C:0.23077    A:0.30769    G:0.27350

#41: KirksDik       
position  1:    T:0.17949    C:0.28205    A:0.38462    G:0.15385
position  2:    T:0.25641    C:0.15385    A:0.41026    G:0.17949
position  3:    T:0.12821    C:0.25641    A:0.12821    G:0.48718
Average         T:0.18803    C:0.23077    A:0.30769    G:0.27350

#42: RoeDeer        
position  1:    T:0.17949    C:0.28205    A:0.38462    G:0.15385
position  2:    T:0.25641    C:0.15385    A:0.41026    G:0.17949
position  3:    T:0.12821    C:0.25641    A:0.12821    G:0.48718
Average         T:0.18803    C:0.23077    A:0.30769    G:0.27350

#43: WhiteLippedDeer
position  1:    T:0.17949    C:0.28205    A:0.38462    G:0.15385
position  2:    T:0.25641    C:0.15385    A:0.41026    G:0.17949
position  3:    T:0.15385    C:0.25641    A:0.12821    G:0.46154
Average         T:0.19658    C:0.23077    A:0.30769    G:0.26496

#44: ThomsonGazelle 
position  1:    T:0.17949    C:0.28205    A:0.38462    G:0.15385
position  2:    T:0.25641    C:0.15385    A:0.41026    G:0.17949
position  3:    T:0.12821    C:0.25641    A:0.12821    G:0.48718
Average         T:0.18803    C:0.23077    A:0.30769    G:0.27350

#45: MuntiacusCrinifrons
position  1:    T:0.17949    C:0.28205    A:0.38462    G:0.15385
position  2:    T:0.25641    C:0.15385    A:0.41026    G:0.17949
position  3:    T:0.15385    C:0.23077    A:0.12821    G:0.48718
Average         T:0.19658    C:0.22222    A:0.30769    G:0.27350

#46: WhiteTailedDeer
position  1:    T:0.17949    C:0.28205    A:0.38462    G:0.15385
position  2:    T:0.25641    C:0.15385    A:0.41026    G:0.17949
position  3:    T:0.12821    C:0.25641    A:0.12821    G:0.48718
Average         T:0.18803    C:0.23077    A:0.30769    G:0.27350

#47: Cattle         
position  1:    T:0.17949    C:0.28205    A:0.38462    G:0.15385
position  2:    T:0.25641    C:0.15385    A:0.41026    G:0.17949
position  3:    T:0.12821    C:0.25641    A:0.15385    G:0.46154
Average         T:0.18803    C:0.23077    A:0.31624    G:0.26496

#48: RoyalAntelope  
position  1:    T:0.17949    C:0.28205    A:0.38462    G:0.15385
position  2:    T:0.25641    C:0.15385    A:0.41026    G:0.17949
position  3:    T:0.10256    C:0.28205    A:0.12821    G:0.48718
Average         T:0.17949    C:0.23932    A:0.30769    G:0.27350

#49: Steenbok       
position  1:    T:0.17949    C:0.28205    A:0.38462    G:0.15385
position  2:    T:0.25641    C:0.15385    A:0.41026    G:0.17949
position  3:    T:0.12821    C:0.28205    A:0.12821    G:0.46154
Average         T:0.18803    C:0.23932    A:0.30769    G:0.26496

#50: Impala         
position  1:    T:0.17949    C:0.28205    A:0.38462    G:0.15385
position  2:    T:0.25641    C:0.15385    A:0.41026    G:0.17949
position  3:    T:0.12821    C:0.25641    A:0.12821    G:0.48718
Average         T:0.18803    C:0.23077    A:0.30769    G:0.27350

#51: Klipspringer   
position  1:    T:0.15385    C:0.30769    A:0.38462    G:0.15385
position  2:    T:0.25641    C:0.15385    A:0.41026    G:0.17949
