1
52 1
Argali 0.000000 0.261500 0.061600 0.111700 0.051300 0.000000 0.050100 0.049900 0.135100 0.000500 0.000200 0.182600 0.107700 0.111700 0.051300 0.051700 0.119800 0.053400 0.000200 0.061600 0.051300 0.000500 0.056500 0.056500 0.000200 0.051600 0.107700 0.061600 0.051300 0.062700 0.000500 0.050100 0.055000 0.103400 0.051300 0.113600 0.000200 0.051600 0.051300 0.056500 0.128600 0.113600 0.000500 0.060800 0.113600 0.051300 0.051300 0.051300 0.111400 0.113600 0.061600 0.061600
LesserMous 0.261500 0.000000 0.203800 0.269400 0.369600 0.261500 0.357200 0.359100 0.314300 0.289700 0.263100 0.253900 0.469300 0.255300 0.369600 0.392600 0.261700 0.178600 0.263100 0.203800 0.369600 0.264200 0.400300 0.400300 0.263100 0.375200 0.469300 0.203800 0.369600 0.205500 0.289700 0.357200 0.427100 0.455700 0.369600 0.483000 0.263100 0.375200 0.369600 0.400300 0.286400 0.260900 0.289700 0.198200 0.483000 0.369600 0.369600 0.369600 0.535900 0.260900 0.203800 0.203800
LesserKudu 0.061600 0.203800 0.000000 0.215600 0.130100 0.061600 0.126000 0.127900 0.059400 0.071500 0.061600 0.214100 0.200500 0.054400 0.130100 0.134200 0.000900 0.001000 0.061600 0.000000 0.130100 0.061800 0.149900 0.149900 0.061600 0.132200 0.200500 0.000000 0.130100 0.000200 0.071500 0.126000 0.149700 0.190700 0.130100 0.227900 0.061600 0.132200 0.130100 0.149900 0.066000 0.058100 0.071500 0.001200 0.227900 0.130100 0.130100 0.130100 0.219100 0.058100 0.000000 0.000000
KillerWhal 0.111700 0.269400 0.215600 0.000000 0.181600 0.111700 0.177800 0.179700 0.342600 0.124700 0.112500 0.388500 0.253600 0.269600 0.181600 0.186400 0.285700 0.189000 0.112500 0.215600 0.181600 0.111800 0.199800 0.199800 0.112500 0.184700 0.253600 0.215600 0.181600 0.218400 0.124700 0.177800 0.204200 0.244500 0.181600 0.269100 0.112500 0.184700 0.181600 0.199800 0.310300 0.277200 0.124700 0.213600 0.269100 0.181600 0.181600 0.181600 0.109300 0.277200 0.215600 0.215600
DefassaWat 0.051300 0.369600 0.130100 0.181600 0.000000 0.051300 0.000200 0.000200 0.222400 0.057400 0.051800 0.111700 0.050900 0.052700 0.000000 0.000200 0.190500 0.113400 0.051800 0.130100 0.000000 0.051800 0.000200 0.000200 0.051800 0.000200 0.050900 0.130100 0.000000 0.130800 0.057400 0.000200 0.000500 0.049300 0.000000 0.053300 0.051800 0.000200 0.000000 0.000200 0.059300 0.052900 0.057400 0.128100 0.053300 0.000000 0.000000 0.000000 0.051600 0.052900 0.130100 0.130100
Sheep 0.000000 0.261500 0.061600 0.111700 0.051300 0.000000 0.050100 0.049900 0.135100 0.000500 0.000200 0.182600 0.107700 0.111700 0.051300 0.051700 0.119800 0.053400 0.000200 0.061600 0.051300 0.000500 0.056500 0.056500 0.000200 0.051600 0.107700 0.061600 0.051300 0.062700 0.000500 0.050100 0.055000 0.103400 0.051300 0.113600 0.000200 0.051600 0.051300 0.056500 0.128600 0.113600 0.000500 0.060800 0.113600 0.051300 0.051300 0.051300 0.111400 0.113600 0.061600 0.061600
MaxwellsDu 0.050100 0.357200 0.126000 0.177800 0.000200 0.050100 0.000000 0.000500 0.214500 0.055900 0.051200 0.110800 0.050500 0.051800 0.000200 0.000500 0.186900 0.112000 0.051200 0.126000 0.000200 0.050500 0.000500 0.000500 0.051200 0.000500 0.050500 0.126000 0.000200 0.126300 0.055900 0.000000 0.000700 0.048600 0.000200 0.053000 0.051200 0.000500 0.000200 0.000500 0.058700 0.052700 0.055900 0.125200 0.053000 0.000200 0.000200 0.000200 0.051300 0.052700 0.126000 0.126000
GazellaPrz 0.049900 0.359100 0.127900 0.179700 0.000200 0.049900 0.000500 0.000000 0.220100 0.055700 0.050900 0.110300 0.050200 0.052300 0.000200 0.000500 0.188700 0.112100 0.050900 0.127900 0.000200 0.050300 0.000500 0.000500 0.050900 0.000500 0.050200 0.127900 0.000200 0.128200 0.055700 0.000500 0.000800 0.048100 0.000200 0.052600 0.050900 0.000500 0.000200 0.000500 0.058500 0.052300 0.055700 0.125900 0.052600 0.000200 0.000200 0.000200 0.051100 0.052300 0.127900 0.127900
MountainNy 0.135100 0.314300 0.059400 0.342600 0.222400 0.135100 0.214500 0.220100 0.000000 0.157500 0.134300 0.335800 0.304700 0.131100 0.222400 0.231700 0.064900 0.062700 0.134300 0.059400 0.222400 0.134700 0.260400 0.260400 0.134300 0.225800 0.304700 0.059400 0.222400 0.060200 0.157500 0.214500 0.262200 0.290600 0.222400 0.352800 0.134300 0.225800 0.222400 0.260400 0.158400 0.135100 0.157500 0.073600 0.352800 0.222400 0.222400 0.222400 0.347200 0.135100 0.059400 0.059400
MuntiacusM 0.000500 0.289700 0.071500 0.124700 0.057400 0.000500 0.055900 0.055700 0.157500 0.000000 0.000200 0.201100 0.118300 0.125200 0.057400 0.058400 0.139100 0.060800 0.000200 0.071500 0.057400 0.000500 0.054800 0.054800 0.000200 0.058200 0.118300 0.071500 0.057400 0.072800 0.000000 0.055900 0.064100 0.113600 0.057400 0.059000 0.000200 0.058200 0.057400 0.054800 0.121100 0.128100 0.000000 0.058400 0.059000 0.057400 0.057400 0.057400 0.124600 0.128100 0.071500 0.071500
goat 0.000200 0.263100 0.061600 0.112500 0.051800 0.000200 0.051200 0.050900 0.134300 0.000200 0.000000 0.180600 0.108100 0.112000 0.051800 0.053100 0.119400 0.053600 0.000000 0.061600 0.051800 0.000200 0.057400 0.057400 0.000000 0.052700 0.108100 0.061600 0.051800 0.062600 0.000200 0.051200 0.056900 0.104700 0.051800 0.113600 0.000000 0.052700 0.051800 0.057400 0.128100 0.113400 0.000200 0.060800 0.113600 0.051800 0.051800 0.051800 0.111600 0.113400 0.061600 0.061600
AfricanBuf 0.182600 0.253900 0.214100 0.388500 0.111700 0.182600 0.110800 0.110300 0.335800 0.201100 0.180600 0.000000 0.177600 0.112400 0.111700 0.116000 0.274400 0.183400 0.180600 0.214100 0.111700 0.181900 0.123700 0.123700 0.180600 0.114000 0.177600 0.214100 0.111700 0.216300 0.201100 0.110800 0.123500 0.172700 0.111700 0.185100 0.180600 0.114000 0.111700 0.123700 0.127000 0.113400 0.201100 0.206900 0.185100 0.111700 0.111700 0.111700 0.182400 0.113400 0.214100 0.214100
Topi 0.107700 0.469300 0.200500 0.253600 0.050900 0.107700 0.050500 0.050200 0.304700 0.118300 0.108100 0.177600 0.000000 0.108800 0.050900 0.052400 0.256700 0.176700 0.108100 0.200500 0.050900 0.108500 0.055500 0.055500 0.108100 0.051800 0.000000 0.200500 0.050900 0.202500 0.118300 0.050500 0.054600 0.000200 0.050900 0.109100 0.108100 0.051800 0.050900 0.055500 0.121300 0.109800 0.118300 0.196200 0.109100 0.050900 0.050900 0.050900 0.108000 0.109800 0.200500 0.200500
CommonDuik 0.111700 0.255300 0.054400 0.269600 0.052700 0.111700 0.051800 0.052300 0.131100 0.125200 0.112000 0.112400 0.108800 0.000000 0.052700 0.054200 0.118600 0.053100 0.112000 0.054400 0.052700 0.112000 0.058700 0.058700 0.112000 0.053500 0.108800 0.054400 0.052700 0.051200 0.125200 0.051800 0.057700 0.105100 0.052700 0.116700 0.112000 0.053500 0.052700 0.058700 0.000500 0.000200 0.125200 0.059300 0.116700 0.052700 0.052700 0.052700 0.112000 0.000200 0.054400 0.054400
Suni 0.051300 0.369600 0.130100 0.181600 0.000000 0.051300 0.000200 0.000200 0.222400 0.057400 0.051800 0.111700 0.050900 0.052700 0.000000 0.000200 0.190500 0.113400 0.051800 0.130100 0.000000 0.051800 0.000200 0.000200 0.051800 0.000200 0.050900 0.130100 0.000000 0.130800 0.057400 0.000200 0.000500 0.049300 0.000000 0.053300 0.051800 0.000200 0.000000 0.000200 0.059300 0.052900 0.057400 0.128100 0.053300 0.000000 0.000000 0.000000 0.051600 0.052900 0.130100 0.130100
Springbuck 0.051700 0.392600 0.134200 0.186400 0.000200 0.051700 0.000500 0.000500 0.231700 0.058400 0.053100 0.116000 0.052400 0.054200 0.000200 0.000000 0.198100 0.117200 0.053100 0.134200 0.000200 0.052300 0.000500 0.000500 0.053100 0.000500 0.052400 0.134200 0.000200 0.135000 0.058400 0.000500 0.000700 0.050300 0.000200 0.054900 0.053100 0.000500 0.000200 0.000500 0.061200 0.054600 0.058400 0.132200 0.054900 0.000200 0.000200 0.000200 0.053200 0.054600 0.134200 0.134200
Okapi 0.119800 0.261700 0.000900 0.285700 0.190500 0.119800 0.186900 0.188700 0.064900 0.139100 0.119400 0.274400 0.256700 0.118600 0.190500 0.198100 0.000000 0.057100 0.119400 0.000900 0.190500 0.120200 0.220900 0.220900 0.119400 0.195500 0.256700 0.000900 0.190500 0.001200 0.139100 0.186900 0.223000 0.247500 0.190500 0.290200 0.119400 0.195500 0.190500 0.220900 0.140300 0.120100 0.139100 0.066700 0.290200 0.190500 0.190500 0.190500 0.283000 0.120100 0.000900 0.000900
Giraffe 0.053400 0.178600 0.001000 0.189000 0.113400 0.053400 0.112000 0.112100 0.062700 0.060800 0.053600 0.183400 0.176700 0.053100 0.113400 0.117200 0.057100 0.000000 0.053600 0.001000 0.113400 0.053900 0.128100 0.128100 0.053600 0.116100 0.176700 0.001000 0.113400 0.001200 0.060800 0.112000 0.128400 0.170800 0.113400 0.190500 0.053600 0.116100 0.113400 0.128100 0.060800 0.053600 0.060800 0.000200 0.190500 0.113400 0.113400 0.113400 0.187100 0.053600 0.001000 0.001000
TibetanAnt 0.000200 0.263100 0.061600 0.112500 0.051800 0.000200 0.051200 0.050900 0.134300 0.000200 0.000000 0.180600 0.108100 0.112000 0.051800 0.053100 0.119400 0.053600 0.000000 0.061600 0.051800 0.000200 0.057400 0.057400 0.000000 0.052700 0.108100 0.061600 0.051800 0.062600 0.000200 0.051200 0.056900 0.104700 0.051800 0.113600 0.000000 0.052700 0.051800 0.057400 0.128100 0.113400 0.000200 0.060800 0.113600 0.051800 0.051800 0.051800 0.111600 0.113400 0.061600 0.061600
Sitatunga 0.061600 0.203800 0.000000 0.215600 0.130100 0.061600 0.126000 0.127900 0.059400 0.071500 0.061600 0.214100 0.200500 0.054400 0.130100 0.134200 0.000900 0.001000 0.061600 0.000000 0.130100 0.061800 0.149900 0.149900 0.061600 0.132200 0.200500 0.000000 0.130100 0.000200 0.071500 0.126000 0.149700 0.190700 0.130100 0.227900 0.061600 0.132200 0.130100 0.149900 0.066000 0.058100 0.071500 0.001200 0.227900 0.130100 0.130100 0.130100 0.219100 0.058100 0.000000 0.000000
Oribi 0.051300 0.369600 0.130100 0.181600 0.000000 0.051300 0.000200 0.000200 0.222400 0.057400 0.051800 0.111700 0.050900 0.052700 0.000000 0.000200 0.190500 0.113400 0.051800 0.130100 0.000000 0.051800 0.000200 0.000200 0.051800 0.000200 0.050900 0.130100 0.000000 0.130800 0.057400 0.000200 0.000500 0.049300 0.000000 0.053300 0.051800 0.000200 0.000000 0.000200 0.059300 0.052900 0.057400 0.128100 0.053300 0.000000 0.000000 0.000000 0.051600 0.052900 0.130100 0.130100
BarbaryShe 0.000500 0.264200 0.061800 0.111800 0.051800 0.000500 0.050500 0.050300 0.134700 0.000500 0.000200 0.181900 0.108500 0.112000 0.051800 0.052300 0.120200 0.053900 0.000200 0.061800 0.051800 0.000000 0.056800 0.056800 0.000200 0.052100 0.108500 0.061800 0.051800 0.063100 0.000500 0.050500 0.055600 0.104300 0.051800 0.114200 0.000200 0.052100 0.051800 0.056800 0.128400 0.114100 0.000500 0.061000 0.114200 0.051800 0.051800 0.051800 0.112200 0.114100 0.061800 0.061800
Daviddeer 0.056500 0.400300 0.149900 0.199800 0.000200 0.056500 0.000500 0.000500 0.260400 0.054800 0.057400 0.123700 0.055500 0.058700 0.000200 0.000500 0.220900 0.128100 0.057400 0.149900 0.000200 0.056800 0.000000 0.000000 0.057400 0.000500 0.055500 0.149900 0.000200 0.150900 0.054800 0.000500 0.000700 0.053100 0.000200 0.000200 0.057400 0.000500 0.000200 0.000000 0.055600 0.059300 0.054800 0.121100 0.000200 0.000200 0.000200 0.000200 0.057200 0.059300 0.149900 0.149900
Reindeer 0.056500 0.400300 0.149900 0.199800 0.000200 0.056500 0.000500 0.000500 0.260400 0.054800 0.057400 0.123700 0.055500 0.058700 0.000200 0.000500 0.220900 0.128100 0.057400 0.149900 0.000200 0.056800 0.000000 0.000000 0.057400 0.000500 0.055500 0.149900 0.000200 0.150900 0.054800 0.000500 0.000700 0.053100 0.000200 0.000200 0.057400 0.000500 0.000200 0.000000 0.055600 0.059300 0.054800 0.121100 0.000200 0.000200 0.000200 0.000200 0.057200 0.059300 0.149900 0.149900
Ibex 0.000200 0.263100 0.061600 0.112500 0.051800 0.000200 0.051200 0.050900 0.134300 0.000200 0.000000 0.180600 0.108100 0.112000 0.051800 0.053100 0.119400 0.053600 0.000000 0.061600 0.051800 0.000200 0.057400 0.057400 0.000000 0.052700 0.108100 0.061600 0.051800 0.062600 0.000200 0.051200 0.056900 0.104700 0.051800 0.113600 0.000000 0.052700 0.051800 0.057400 0.128100 0.113400 0.000200 0.060800 0.113600 0.051800 0.051800 0.051800 0.111600 0.113400 0.061600 0.061600
GyrantGaze 0.051600 0.375200 0.132200 0.184700 0.000200 0.051600 0.000500 0.000500 0.225800 0.058200 0.052700 0.114000 0.051800 0.053500 0.000200 0.000500 0.195500 0.116100 0.052700 0.132200 0.000200 0.052100 0.000500 0.000500 0.052700 0.000000 0.051800 0.132200 0.000200 0.132600 0.058200 0.000500 0.000700 0.049700 0.000200 0.054300 0.052700 0.000000 0.000200 0.000500 0.060700 0.053900 0.058200 0.131500 0.054300 0.000200 0.000200 0.000200 0.052800 0.053900 0.132200 0.132200
Hartebeest 0.107700 0.469300 0.200500 0.253600 0.050900 0.107700 0.050500 0.050200 0.304700 0.118300 0.108100 0.177600 0.000000 0.108800 0.050900 0.052400 0.256700 0.176700 0.108100 0.200500 0.050900 0.108500 0.055500 0.055500 0.108100 0.051800 0.000000 0.200500 0.050900 0.202500 0.118300 0.050500 0.054600 0.000200 0.050900 0.109100 0.108100 0.051800 0.050900 0.055500 0.121300 0.109800 0.118300 0.196200 0.109100 0.050900 0.050900 0.050900 0.108000 0.109800 0.200500 0.200500
Bongo 0.061600 0.203800 0.000000 0.215600 0.130100 0.061600 0.126000 0.127900 0.059400 0.071500 0.061600 0.214100 0.200500 0.054400 0.130100 0.134200 0.000900 0.001000 0.061600 0.000000 0.130100 0.061800 0.149900 0.149900 0.061600 0.132200 0.200500 0.000000 0.130100 0.000200 0.071500 0.126000 0.149700 0.190700 0.130100 0.227900 0.061600 0.132200 0.130100 0.149900 0.066000 0.058100 0.071500 0.001200 0.227900 0.130100 0.130100 0.130100 0.219100 0.058100 0.000000 0.000000
Gerenuk 0.051300 0.369600 0.130100 0.181600 0.000000 0.051300 0.000200 0.000200 0.222400 0.057400 0.051800 0.111700 0.050900 0.052700 0.000000 0.000200 0.190500 0.113400 0.051800 0.130100 0.000000 0.051800 0.000200 0.000200 0.051800 0.000200 0.050900 0.130100 0.000000 0.130800 0.057400 0.000200 0.000500 0.049300 0.000000 0.053300 0.051800 0.000200 0.000000 0.000200 0.059300 0.052900 0.057400 0.128100 0.053300 0.000000 0.000000 0.000000 0.051600 0.052900 0.130100 0.130100
CommonElan 0.062700 0.205500 0.000200 0.218400 0.130800 0.062700 0.126300 0.128200 0.060200 0.072800 0.062600 0.216300 0.202500 0.051200 0.130800 0.135000 0.001200 0.001200 0.062600 0.000200 0.130800 0.063100 0.150900 0.150900 0.062600 0.132600 0.202500 0.000200 0.130800 0.000000 0.072800 0.126300 0.151500 0.192600 0.130800 0.230000 0.062600 0.132600 0.130800 0.150900 0.063300 0.055900 0.072800 0.001500 0.230000 0.130800 0.130800 0.130800 0.222300 0.055900 0.000200 0.000200
MuntiacusR 0.000500 0.289700 0.071500 0.124700 0.057400 0.000500 0.055900 0.055700 0.157500 0.000000 0.000200 0.201100 0.118300 0.125200 0.057400 0.058400 0.139100 0.060800 0.000200 0.071500 0.057400 0.000500 0.054800 0.054800 0.000200 0.058200 0.118300 0.071500 0.057400 0.072800 0.000000 0.055900 0.064100 0.113600 0.057400 0.059000 0.000200 0.058200 0.057400 0.054800 0.121100 0.128100 0.000000 0.058400 0.059000 0.057400 0.057400 0.057400 0.124600 0.128100 0.071500 0.071500
HarveysDui 0.050100 0.357200 0.126000 0.177800 0.000200 0.050100 0.000000 0.000500 0.214500 0.055900 0.051200 0.110800 0.050500 0.051800 0.000200 0.000500 0.186900 0.112000 0.051200 0.126000 0.000200 0.050500 0.000500 0.000500 0.051200 0.000500 0.050500 0.126000 0.000200 0.126300 0.055900 0.000000 0.000700 0.048600 0.000200 0.053000 0.051200 0.000500 0.000200 0.000500 0.058700 0.052700 0.055900 0.125200 0.053000 0.000200 0.000200 0.000200 0.051300 0.052700 0.126000 0.126000
Pronghorn 0.055000 0.427100 0.149700 0.204200 0.000500 0.055000 0.000700 0.000800 0.262200 0.064100 0.056900 0.123500 0.054600 0.057700 0.000500 0.000700 0.223000 0.128400 0.056900 0.149700 0.000500 0.055600 0.000700 0.000700 0.056900 0.000700 0.054600 0.149700 0.000500 0.151500 0.064100 0.000700 0.000000 0.054000 0.000500 0.058700 0.056900 0.000700 0.000500 0.000700 0.067400 0.058400 0.064100 0.150100 0.058700 0.000500 0.000500 0.000500 0.057300 0.058400 0.149700 0.149700
BlueWildeb 0.103400 0.455700 0.190700 0.244500 0.049300 0.103400 0.048600 0.048100 0.290600 0.113600 0.104700 0.172700 0.000200 0.105100 0.049300 0.050300 0.247500 0.170800 0.104700 0.190700 0.049300 0.104300 0.053100 0.053100 0.104700 0.049700 0.000200 0.190700 0.049300 0.192600 0.113600 0.048600 0.054000 0.000000 0.049300 0.105500 0.104700 0.049700 0.049300 0.053100 0.116400 0.106200 0.113600 0.188000 0.105500 0.049300 0.049300 0.049300 0.104800 0.106200 0.190700 0.190700
Gemsbok 0.051300 0.369600 0.130100 0.181600 0.000000 0.051300 0.000200 0.000200 0.222400 0.057400 0.051800 0.111700 0.050900 0.052700 0.000000 0.000200 0.190500 0.113400 0.051800 0.130100 0.000000 0.051800 0.000200 0.000200 0.051800 0.000200 0.050900 0.130100 0.000000 0.130800 0.057400 0.000200 0.000500 0.049300 0.000000 0.053300 0.051800 0.000200 0.000000 0.000200 0.059300 0.052900 0.057400 0.128100 0.053300 0.000000 0.000000 0.000000 0.051600 0.052900 0.130100 0.130100
Yak 0.113600 0.483000 0.227900 0.269100 0.053300 0.113600 0.053000 0.052600 0.352800 0.059000 0.113600 0.185100 0.109100 0.116700 0.053300 0.054900 0.290200 0.190500 0.113600 0.227900 0.053300 0.114200 0.000200 0.000200 0.113600 0.054300 0.109100 0.227900 0.053300 0.230000 0.059000 0.053000 0.058700 0.105500 0.053300 0.000000 0.113600 0.054300 0.053300 0.000200 0.061100 0.117800 0.059000 0.132100 0.000000 0.053300 0.053300 0.053300 0.113500 0.117800 0.227900 0.227900
BlueSheep 0.000200 0.263100 0.061600 0.112500 0.051800 0.000200 0.051200 0.050900 0.134300 0.000200 0.000000 0.180600 0.108100 0.112000 0.051800 0.053100 0.119400 0.053600 0.000000 0.061600 0.051800 0.000200 0.057400 0.057400 0.000000 0.052700 0.108100 0.061600 0.051800 0.062600 0.000200 0.051200 0.056900 0.104700 0.051800 0.113600 0.000000 0.052700 0.051800 0.057400 0.128100 0.113400 0.000200 0.060800 0.113600 0.051800 0.051800 0.051800 0.111600 0.113400 0.061600 0.061600
BohorReedb 0.051600 0.375200 0.132200 0.184700 0.000200 0.051600 0.000500 0.000500 0.225800 0.058200 0.052700 0.114000 0.051800 0.053500 0.000200 0.000500 0.195500 0.116100 0.052700 0.132200 0.000200 0.052100 0.000500 0.000500 0.052700 0.000000 0.051800 0.132200 0.000200 0.132600 0.058200 0.000500 0.000700 0.049700 0.000200 0.054300 0.052700 0.000000 0.000200 0.000500 0.060700 0.053900 0.058200 0.131500 0.054300 0.000200 0.000200 0.000200 0.052800 0.053900 0.132200 0.132200
KirksDik 0.051300 0.369600 0.130100 0.181600 0.000000 0.051300 0.000200 0.000200 0.222400 0.057400 0.051800 0.111700 0.050900 0.052700 0.000000 0.000200 0.190500 0.113400 0.051800 0.130100 0.000000 0.051800 0.000200 0.000200 0.051800 0.000200 0.050900 0.130100 0.000000 0.130800 0.057400 0.000200 0.000500 0.049300 0.000000 0.053300 0.051800 0.000200 0.000000 0.000200 0.059300 0.052900 0.057400 0.128100 0.053300 0.000000 0.000000 0.000000 0.051600 0.052900 0.130100 0.130100
RoeDeer 0.056500 0.400300 0.149900 0.199800 0.000200 0.056500 0.000500 0.000500 0.260400 0.054800 0.057400 0.123700 0.055500 0.058700 0.000200 0.000500 0.220900 0.128100 0.057400 0.149900 0.000200 0.056800 0.000000 0.000000 0.057400 0.000500 0.055500 0.149900 0.000200 0.150900 0.054800 0.000500 0.000700 0.053100 0.000200 0.000200 0.057400 0.000500 0.000200 0.000000 0.055600 0.059300 0.054800 0.121100 0.000200 0.000200 0.000200 0.000200 0.057200 0.059300 0.149900 0.149900
WhiteLippe 0.128600 0.286400 0.066000 0.310300 0.059300 0.128600 0.058700 0.058500 0.158400 0.121100 0.128100 0.127000 0.121300 0.000500 0.059300 0.061200 0.140300 0.060800 0.128100 0.066000 0.059300 0.128400 0.055600 0.055600 0.128100 0.060700 0.121300 0.066000 0.059300 0.063300 0.121100 0.058700 0.067400 0.116400 0.059300 0.061100 0.128100 0.060700 0.059300 0.055600 0.000000 0.000200 0.121100 0.057900 0.061100 0.059300 0.059300 0.059300 0.127700 0.000200 0.066000 0.066000
ThomsonGaz 0.113600 0.260900 0.058100 0.277200 0.052900 0.113600 0.052700 0.052300 0.135100 0.128100 0.113400 0.113400 0.109800 0.000200 0.052900 0.054600 0.120100 0.053600 0.113400 0.058100 0.052900 0.114100 0.059300 0.059300 0.113400 0.053900 0.109800 0.058100 0.052900 0.055900 0.128100 0.052700 0.058400 0.106200 0.052900 0.117800 0.113400 0.053900 0.052900 0.059300 0.000200 0.000000 0.128100 0.060800 0.117800 0.052900 0.052900 0.052900 0.113300 0.000000 0.058100 0.058100
MuntiacusC 0.000500 0.289700 0.071500 0.124700 0.057400 0.000500 0.055900 0.055700 0.157500 0.000000 0.000200 0.201100 0.118300 0.125200 0.057400 0.058400 0.139100 0.060800 0.000200 0.071500 0.057400 0.000500 0.054800 0.054800 0.000200 0.058200 0.118300 0.071500 0.057400 0.072800 0.000000 0.055900 0.064100 0.113600 0.057400 0.059000 0.000200 0.058200 0.057400 0.054800 0.121100 0.128100 0.000000 0.058400 0.059000 0.057400 0.057400 0.057400 0.124600 0.128100 0.071500 0.071500
WhiteTaile 0.060800 0.198200 0.001200 0.213600 0.128100 0.060800 0.125200 0.125900 0.073600 0.058400 0.060800 0.206900 0.196200 0.059300 0.128100 0.132200 0.066700 0.000200 0.060800 0.001200 0.128100 0.061000 0.121100 0.121100 0.060800 0.131500 0.196200 0.001200 0.128100 0.001500 0.058400 0.125200 0.150100 0.188000 0.128100 0.132100 0.060800 0.131500 0.128100 0.121100 0.057900 0.060800 0.058400 0.000000 0.132100 0.128100 0.128100 0.128100 0.212800 0.060800 0.001200 0.001200
Cattle 0.113600 0.483000 0.227900 0.269100 0.053300 0.113600 0.053000 0.052600 0.352800 0.059000 0.113600 0.185100 0.109100 0.116700 0.053300 0.054900 0.290200 0.190500 0.113600 0.227900 0.053300 0.114200 0.000200 0.000200 0.113600 0.054300 0.109100 0.227900 0.053300 0.230000 0.059000 0.053000 0.058700 0.105500 0.053300 0.000000 0.113600 0.054300 0.053300 0.000200 0.061100 0.117800 0.059000 0.132100 0.000000 0.053300 0.053300 0.053300 0.113500 0.117800 0.227900 0.227900
RoyalAntel 0.051300 0.369600 0.130100 0.181600 0.000000 0.051300 0.000200 0.000200 0.222400 0.057400 0.051800 0.111700 0.050900 0.052700 0.000000 0.000200 0.190500 0.113400 0.051800 0.130100 0.000000 0.051800 0.000200 0.000200 0.051800 0.000200 0.050900 0.130100 0.000000 0.130800 0.057400 0.000200 0.000500 0.049300 0.000000 0.053300 0.051800 0.000200 0.000000 0.000200 0.059300 0.052900 0.057400 0.128100 0.053300 0.000000 0.000000 0.000000 0.051600 0.052900 0.130100 0.130100
Steenbok 0.051300 0.369600 0.130100 0.181600 0.000000 0.051300 0.000200 0.000200 0.222400 0.057400 0.051800 0.111700 0.050900 0.052700 0.000000 0.000200 0.190500 0.113400 0.051800 0.130100 0.000000 0.051800 0.000200 0.000200 0.051800 0.000200 0.050900 0.130100 0.000000 0.130800 0.057400 0.000200 0.000500 0.049300 0.000000 0.053300 0.051800 0.000200 0.000000 0.000200 0.059300 0.052900 0.057400 0.128100 0.053300 0.000000 0.000000 0.000000 0.051600 0.052900 0.130100 0.130100
Impala 0.051300 0.369600 0.130100 0.181600 0.000000 0.051300 0.000200 0.000200 0.222400 0.057400 0.051800 0.111700 0.050900 0.052700 0.000000 0.000200 0.190500 0.113400 0.051800 0.130100 0.000000 0.051800 0.000200 0.000200 0.051800 0.000200 0.050900 0.130100 0.000000 0.130800 0.057400 0.000200 0.000500 0.049300 0.000000 0.053300 0.051800 0.000200 0.000000 0.000200 0.059300 0.052900 0.057400 0.128100 0.053300 0.000000 0.000000 0.000000 0.051600 0.052900 0.130100 0.130100
Klipspring 0.111400 0.535900 0.219100 0.109300 0.051600 0.111400 0.051300 0.051100 0.347200 0.124600 0.111600 0.182400 0.108000 0.112000 0.051600 0.053200 0.283000 0.187100 0.111600 0.219100 0.051600 0.112200 0.057200 0.057200 0.111600 0.052800 0.108000 0.219100 0.051600 0.222300 0.124600 0.051300 0.057300 0.104800 0.051600 0.113500 0.111600 0.052800 0.051600 0.057200 0.127700 0.113300 0.124600 0.212800 0.113500 0.051600 0.051600 0.051600 0.000000 0.113300 0.219100 0.219100
ForestMusk 0.113600 0.260900 0.058100 0.277200 0.052900 0.113600 0.052700 0.052300 0.135100 0.128100 0.113400 0.113400 0.109800 0.000200 0.052900 0.054600 0.120100 0.053600 0.113400 0.058100 0.052900 0.114100 0.059300 0.059300 0.113400 0.053900 0.109800 0.058100 0.052900 0.055900 0.128100 0.052700 0.058400 0.106200 0.052900 0.117800 0.113400 0.053900 0.052900 0.059300 0.000200 0.000000 0.128100 0.060800 0.117800 0.052900 0.052900 0.052900 0.113300 0.000000 0.058100 0.058100
Bushbuck 0.061600 0.203800 0.000000 0.215600 0.130100 0.061600 0.126000 0.127900 0.059400 0.071500 0.061600 0.214100 0.200500 0.054400 0.130100 0.134200 0.000900 0.001000 0.061600 0.000000 0.130100 0.061800 0.149900 0.149900 0.061600 0.132200 0.200500 0.000000 0.130100 0.000200 0.071500 0.126000 0.149700 0.190700 0.130100 0.227900 0.061600 0.132200 0.130100 0.149900 0.066000 0.058100 0.071500 0.001200 0.227900 0.130100 0.130100 0.130100 0.219100 0.058100 0.000000 0.000000
GreaterKud 0.061600 0.203800 0.000000 0.215600 0.130100 0.061600 0.126000 0.127900 0.059400 0.071500 0.061600 0.214100 0.200500 0.054400 0.130100 0.134200 0.000900 0.001000 0.061600 0.000000 0.130100 0.061800 0.149900 0.149900 0.061600 0.132200 0.200500 0.000000 0.130100 0.000200 0.071500 0.126000 0.149700 0.190700 0.130100 0.227900 0.061600 0.132200 0.130100 0.149900 0.066000 0.058100 0.071500 0.001200 0.227900 0.130100 0.130100 0.130100 0.219100 0.058100 0.000000 0.000000
