CODONML (in paml version 4.10.7, June 2023)  /home/rachel/ruminants_paml/6406-phy-tree/ENSBTAT00000017389.fasta.phy
Model: free dN/dS Ratios for branches,  kappa = 2.000 fixed

Codon frequency model: F3x4
ns =  54  ls =  47

Codon usage in sequences
--------------------------------------------------------------------------------------------------------------------------------------
Phe TTT   2   2   2   2   3   3 | Ser TCT   0   0   0   0   0   0 | Tyr TAT   0   0   0   0   0   1 | Cys TGT   1   1   1   1   1   0
    TTC   2   2   2   2   1   1 |     TCC   1   1   1   1   1   0 |     TAC   0   0   0   0   0   0 |     TGC   0   0   0   0   0   1
Leu TTA   0   0   0   0   0   0 |     TCA   3   1   3   3   2   4 | *** TAA   0   0   0   0   0   0 | *** TGA   0   0   0   0   0   0
    TTG   0   0   0   0   0   0 |     TCG   0   2   0   0   1   0 |     TAG   0   0   0   0   0   0 | Trp TGG   0   0   0   0   0   0
--------------------------------------------------------------------------------------------------------------------------------------
Leu CTT   0   0   0   0   0   0 | Pro CCT   1   2   1   1   1   1 | His CAT   0   0   0   0   0   0 | Arg CGT   0   0   0   0   0   0
    CTC   1   1   1   1   1   0 |     CCC   2   1   2   2   2   2 |     CAC   0   0   0   0   0   0 |     CGC   0   0   0   0   0   0
    CTA   0   0   0   0   0   0 |     CCA   0   0   0   0   0   0 | Gln CAA   0   0   0   0   0   0 |     CGA   1   1   1   1   1   1
    CTG   1   1   1   1   1   2 |     CCG   0   0   0   0   0   0 |     CAG   1   1   1   1   1   1 |     CGG   0   0   0   0   0   0
--------------------------------------------------------------------------------------------------------------------------------------
Ile ATT   1   0   0   1   0   0 | Thr ACT   0   0   0   0   0   0 | Asn AAT   0   0   0   0   0   0 | Ser AGT   2   3   2   2   2   2
    ATC   2   2   2   2   2   2 |     ACC   1   1   1   1   1   1 |     AAC   1   1   1   1   1   1 |     AGC   1   0   1   1   1   1
    ATA   0   0   0   0   0   0 |     ACA   0   0   0   0   0   0 | Lys AAA   0   0   0   1   1   1 | Arg AGA   0   0   0   0   0   0
Met ATG   1   1   1   1   1   1 |     ACG   0   0   0   0   0   0 |     AAG   2   2   2   1   1   1 |     AGG   0   0   0   0   0   0
--------------------------------------------------------------------------------------------------------------------------------------
Val GTT   1   1   2   1   1   1 | Ala GCT   1   1   1   1   1   1 | Asp GAT   5   3   4   5   4   4 | Gly GGT   1   1   1   1   0   1
    GTC   0   0   0   0   1   1 |     GCC   1   1   1   1   1   1 |     GAC   2   4   3   2   3   2 |     GGC   0   0   0   0   0   0
    GTA   0   0   0   0   0   0 |     GCA   0   0   0   0   0   0 | Glu GAA   3   3   3   3   3   3 |     GGA   0   0   0   0   1   0
    GTG   1   2   1   1   1   1 |     GCG   0   0   0   0   0   0 |     GAG   4   4   4   4   4   4 |     GGG   1   1   1   1   1   1
--------------------------------------------------------------------------------------------------------------------------------------

--------------------------------------------------------------------------------------------------------------------------------------
Phe TTT   2   2   2   2   2   2 | Ser TCT   0   0   1   0   0   0 | Tyr TAT   0   0   0   0   0   0 | Cys TGT   1   1   1   1   1   1
    TTC   2   2   2   2   2   2 |     TCC   1   1   1   1   1   1 |     TAC   0   0   0   0   0   0 |     TGC   0   0   0   0   0   0
Leu TTA   0   0   0   0   0   0 |     TCA   3   3   2   3   3   3 | *** TAA   0   0   0   0   0   0 | *** TGA   0   0   0   0   0   0
    TTG   0   0   0   0   0   0 |     TCG   0   0   0   0   0   0 |     TAG   0   0   0   0   0   0 | Trp TGG   0   0   0   0   0   0
--------------------------------------------------------------------------------------------------------------------------------------
Leu CTT   0   0   0   0   0   0 | Pro CCT   1   1   1   1   1   1 | His CAT   0   0   0   0   0   0 | Arg CGT   0   0   0   0   0   0
    CTC   1   1   1   1   1   1 |     CCC   2   2   2   2   2   2 |     CAC   0   0   0   0   0   0 |     CGC   0   0   0   0   0   0
    CTA   0   0   0   0   0   0 |     CCA   0   0   0   0   0   0 | Gln CAA   0   0   0   0   0   0 |     CGA   1   1   1   1   1   1
    CTG   1   1   1   1   1   1 |     CCG   0   0   0   0   0   0 |     CAG   1   1   1   1   1   1 |     CGG   0   0   0   0   0   0
--------------------------------------------------------------------------------------------------------------------------------------
Ile ATT   0   1   0   0   0   0 | Thr ACT   0   0   0   0   0   0 | Asn AAT   0   0   0   0   0   0 | Ser AGT   2   2   1   2   2   2
    ATC   2   2   2   2   2   2 |     ACC   1   1   1   1   1   1 |     AAC   1   1   1   1   1   1 |     AGC   1   1   2   1   1   1
    ATA   0   0   0   0   0   0 |     ACA   0   0   0   0   0   0 | Lys AAA   0   0   0   0   0   0 | Arg AGA   0   0   0   0   0   0
Met ATG   1   1   1   1   1   1 |     ACG   0   0   0   0   0   0 |     AAG   2   2   2   2   2   2 |     AGG   0   0   0   0   0   0
--------------------------------------------------------------------------------------------------------------------------------------
Val GTT   2   1   1   1   2   2 | Ala GCT   1   1   2   1   1   1 | Asp GAT   5   5   5   5   4   5 | Gly GGT   1   1   1   1   1   1
    GTC   0   0   0   1   0   0 |     GCC   1   1   1   1   1   1 |     GAC   2   2   2   2   3   2 |     GGC   0   0   0   0   0   0
    GTA   0   0   0   0   0   0 |     GCA   0   0   0   0   0   0 | Glu GAA   3   3   3   4   3   3 |     GGA   0   0   0   0   0   0
    GTG   1   1   1   1   1   1 |     GCG   0   0   0   0   0   0 |     GAG   4   4   4   3   4   4 |     GGG   1   1   1   1   1   1
--------------------------------------------------------------------------------------------------------------------------------------

--------------------------------------------------------------------------------------------------------------------------------------
Phe TTT   2   2   2   2   2   2 | Ser TCT   0   0   0   1   0   0 | Tyr TAT   0   0   0   0   0   0 | Cys TGT   1   1   1   1   1   1
    TTC   2   2   2   2   2   2 |     TCC   1   1   1   1   1   1 |     TAC   0   0   0   0   0   0 |     TGC   0   0   0   0   0   0
Leu TTA   0   0   0   0   0   0 |     TCA   3   2   3   2   3   3 | *** TAA   0   0   0   0   0   0 | *** TGA   0   0   0   0   0   0
    TTG   0   0   0   0   0   0 |     TCG   0   1   0   0   0   0 |     TAG   0   0   0   0   0   0 | Trp TGG   0   0   0   0   0   0
--------------------------------------------------------------------------------------------------------------------------------------
Leu CTT   0   0   0   0   0   0 | Pro CCT   1   1   1   1   1   1 | His CAT   0   0   0   0   0   0 | Arg CGT   0   0   0   0   0   0
    CTC   1   1   1   1   1   1 |     CCC   2   2   2   2   2   2 |     CAC   0   0   0   0   0   0 |     CGC   0   0   0   0   0   0
    CTA   0   0   0   0   0   0 |     CCA   0   0   0   0   0   0 | Gln CAA   0   0   0   0   0   0 |     CGA   1   1   1   1   1   1
    CTG   1   1   1   1   1   1 |     CCG   0   0   0   0   0   0 |     CAG   1   1   1   1   1   1 |     CGG   0   0   0   0   0   0
--------------------------------------------------------------------------------------------------------------------------------------
Ile ATT   0   0   0   0   0   0 | Thr ACT   0   0   0   0   1   0 | Asn AAT   0   0   0   0   0   0 | Ser AGT   2   2   2   1   2   2
    ATC   2   2   2   2   2   2 |     ACC   1   1   1   1   0   1 |     AAC   1   1   1   1   1   1 |     AGC   1   1   1   2   1   1
    ATA   0   0   0   0   0   0 |     ACA   0   0   0   0   0   0 | Lys AAA   0   0   0   0   0   0 | Arg AGA   0   0   0   0   0   0
Met ATG   1   1   1   1   1   1 |     ACG   0   0   0   0   0   0 |     AAG   2   2   2   2   2   2 |     AGG   0   0   0   0   0   0
--------------------------------------------------------------------------------------------------------------------------------------
Val GTT   2   2   2   1   2   2 | Ala GCT   1   1   1   2   1   1 | Asp GAT   5   5   5   5   5   4 | Gly GGT   1   1   1   1   1   1
    GTC   0   0   0   0   0   0 |     GCC   1   1   1   1   1   1 |     GAC   2   2   2   2   2   3 |     GGC   0   0   0   0   0   0
    GTA   0   0   0   0   0   0 |     GCA   0   0   0   0   0   0 | Glu GAA   3   3   3   3   2   2 |     GGA   0   1   0   0   0   0
    GTG   1   1   1   1   1   1 |     GCG   0   0   0   0   0   0 |     GAG   4   4   4   4   5   5 |     GGG   1   0   1   1   1   1
--------------------------------------------------------------------------------------------------------------------------------------

--------------------------------------------------------------------------------------------------------------------------------------
Phe TTT   2   2   2   2   3   2 | Ser TCT   1   0   0   1   0   0 | Tyr TAT   0   0   0   0   0   0 | Cys TGT   1   1   1   1   1   1
    TTC   2   2   2   2   1   2 |     TCC   0   1   1   0   1   1 |     TAC   0   0   0   0   0   0 |     TGC   0   0   0   0   0   0
Leu TTA   0   0   0   0   0   0 |     TCA   1   2   3   3   3   3 | *** TAA   0   0   0   0   0   0 | *** TGA   0   0   0   0   0   0
    TTG   0   0   0   0   0   0 |     TCG   2   1   0   0   0   0 |     TAG   0   0   0   0   0   0 | Trp TGG   0   0   0   0   0   0
--------------------------------------------------------------------------------------------------------------------------------------
Leu CTT   0   0   0   0   0   0 | Pro CCT   1   1   0   1   1   1 | His CAT   0   0   0   0   0   0 | Arg CGT   0   0   0   0   0   0
    CTC   1   1   1   1   1   1 |     CCC   2   2   3   2   2   2 |     CAC   0   0   0   0   0   0 |     CGC   0   0   0   0   0   0
    CTA   0   0   0   0   0   0 |     CCA   0   0   0   0   0   0 | Gln CAA   0   0   0   0   0   0 |     CGA   1   1   1   1   1   1
    CTG   1   1   1   1   1   1 |     CCG   0   0   0   0   0   0 |     CAG   1   1   1   1   1   1 |     CGG   0   0   0   0   0   0
--------------------------------------------------------------------------------------------------------------------------------------
Ile ATT   0   0   0   0   0   0 | Thr ACT   0   0   0   0   0   0 | Asn AAT   0   0   0   1   0   0 | Ser AGT   2   2   2   2   2   2
    ATC   2   2   2   2   2   2 |     ACC   1   1   1   1   1   1 |     AAC   1   1   1   0   1   1 |     AGC   1   1   1   1   1   1
    ATA   0   0   0   0   0   0 |     ACA   0   0   0   0   0   0 | Lys AAA   0   0   0   0   0   0 | Arg AGA   0   0   0   0   0   0
Met ATG   1   1   1   1   1   1 |     ACG   0   0   0   0   0   0 |     AAG   2   2   2   2   2   2 |     AGG   0   0   0   0   0   0
--------------------------------------------------------------------------------------------------------------------------------------
Val GTT   2   2   2   2   2   2 | Ala GCT   1   1   1   1   1   1 | Asp GAT   5   5   5   4   5   5 | Gly GGT   1   1   1   1   1   1
    GTC   0   0   0   0   0   0 |     GCC   1   1   1   1   1   1 |     GAC   2   2   2   3   2   2 |     GGC   0   0   0   0   0   0
    GTA   0   0   0   0   0   0 |     GCA   0   0   0   0   0   0 | Glu GAA   3   3   3   3   3   3 |     GGA   1   0   0   0   0   0
    GTG   1   1   1   1   1   1 |     GCG   0   0   0   0   0   0 |     GAG   4   4   4   4   4   4 |     GGG   0   1   1   1   1   1
--------------------------------------------------------------------------------------------------------------------------------------

--------------------------------------------------------------------------------------------------------------------------------------
Phe TTT   2   2   2   2   3   2 | Ser TCT   0   0   0   0   0   0 | Tyr TAT   0   0   0   0   0   0 | Cys TGT   1   1   1   1   1   1
    TTC   2   2   2   2   1   2 |     TCC   1   1   1   1   1   1 |     TAC   0   0   0   0   0   0 |     TGC   0   0   0   0   0   0
Leu TTA   0   0   0   0   0   0 |     TCA   2   2   3   3   3   3 | *** TAA   0   0   0   0   0   0 | *** TGA   0   0   0   0   0   0
    TTG   0   0   0   0   0   0 |     TCG   1   1   0   0   0   0 |     TAG   0   0   0   0   0   0 | Trp TGG   0   0   0   0   0   0
--------------------------------------------------------------------------------------------------------------------------------------
Leu CTT   0   0   0   0   0   0 | Pro CCT   1   1   1   1   1   1 | His CAT   0   0   0   0   0   0 | Arg CGT   0   0   0   0   0   0
    CTC   1   1   1   1   1   1 |     CCC   2   2   2   2   2   2 |     CAC   0   0   0   0   0   0 |     CGC   0   0   0   0   0   0
    CTA   0   0   0   0   0   0 |     CCA   0   0   0   0   0   0 | Gln CAA   0   0   0   0   0   0 |     CGA   1   1   1   1   1   1
    CTG   1   1   1   1   1   1 |     CCG   0   0   0   0   0   0 |     CAG   1   1   1   1   1   1 |     CGG   0   0   0   0   0   0
--------------------------------------------------------------------------------------------------------------------------------------
Ile ATT   0   0   0   0   0   0 | Thr ACT   0   0   0   0   0   0 | Asn AAT   0   0   0   0   0   0 | Ser AGT   2   2   2   2   2   2
    ATC   2   2   2   2   2   2 |     ACC   1   1   1   1   1   1 |     AAC   1   1   1   1   1   1 |     AGC   1   1   1   1   1   1
    ATA   0   0   0   0   0   0 |     ACA   0   0   0   0   0   0 | Lys AAA   0   0   0   0   0   0 | Arg AGA   0   0   0   0   0   0
Met ATG   1   1   1   1   1   1 |     ACG   0   0   0   0   0   0 |     AAG   2   2   2   2   2   2 |     AGG   0   0   0   0   0   0
--------------------------------------------------------------------------------------------------------------------------------------
Val GTT   2   2   2   2   2   2 | Ala GCT   1   1   1   1   1   1 | Asp GAT   6   6   5   5   5   4 | Gly GGT   1   1   1   1   1   1
    GTC   0   0   0   0   0   0 |     GCC   1   1   1   1   1   1 |     GAC   1   1   2   2   2   3 |     GGC   0   0   0   0   0   0
    GTA   0   0   0   0   0   0 |     GCA   0   0   0   0   0   0 | Glu GAA   4   3   3   3   3   3 |     GGA   0   0   0   0   0   0
    GTG   1   1   1   1   1   1 |     GCG   0   0   0   0   0   0 |     GAG   3   4   4   4   4   4 |     GGG   1   1   1   1   1   1
--------------------------------------------------------------------------------------------------------------------------------------

--------------------------------------------------------------------------------------------------------------------------------------
Phe TTT   2   2   2   2   1   2 | Ser TCT   0   0   0   1   0   0 | Tyr TAT   0   0   0   0   0   0 | Cys TGT   1   1   1   1   1   1
    TTC   2   2   2   2   3   2 |     TCC   1   1   1   1   1   1 |     TAC   0   0   0   0   0   0 |     TGC   0   0   0   0   0   0
Leu TTA   0   0   0   0   0   0 |     TCA   3   3   3   2   2   3 | *** TAA   0   0   0   0   0   0 | *** TGA   0   0   0   0   0   0
    TTG   0   0   0   0   0   0 |     TCG   0   0   0   0   1   0 |     TAG   0   0   0   0   0   0 | Trp TGG   0   0   0   0   0   0
--------------------------------------------------------------------------------------------------------------------------------------
Leu CTT   0   0   0   0   0   0 | Pro CCT   1   1   1   1   1   1 | His CAT   0   0   0   0   0   0 | Arg CGT   0   0   0   0   0   0
    CTC   1   1   1   1   1   1 |     CCC   2   2   2   2   2   2 |     CAC   0   0   0   0   0   0 |     CGC   0   0   0   0   0   0
    CTA   0   0   0   0   0   0 |     CCA   0   0   0   0   0   0 | Gln CAA   0   0   0   0   0   0 |     CGA   1   1   1   1   1   1
    CTG   1   1   1   1   1   1 |     CCG   0   0   0   0   0   0 |     CAG   1   1   1   1   1   1 |     CGG   0   0   0   0   0   0
--------------------------------------------------------------------------------------------------------------------------------------
Ile ATT   0   0   0   0   0   0 | Thr ACT   0   0   0   0   0   0 | Asn AAT   0   0   0   1   0   0 | Ser AGT   2   2   2   1   2   2
    ATC   2   2   2   2   2   2 |     ACC   1   1   1   1   1   1 |     AAC   1   1   1   0   1   1 |     AGC   1   1   1   2   1   1
    ATA   0   0   0   0   0   0 |     ACA   0   0   0   0   0   0 | Lys AAA   0   0   0   0   0   0 | Arg AGA   0   0   0   0   0   0
Met ATG   1   1   1   1   1   1 |     ACG   0   0   0   0   0   0 |     AAG   2   2   2   2   2   2 |     AGG   0   0   0   0   0   0
--------------------------------------------------------------------------------------------------------------------------------------
Val GTT   2   2   2   1   2   2 | Ala GCT   1   1   1   2   1   1 | Asp GAT   5   4   5   5   5   5 | Gly GGT   1   1   1   1   1   1
    GTC   0   0   0   0   0   0 |     GCC   1   1   1   1   1   1 |     GAC   2   3   2   2   2   2 |     GGC   0   0   0   0   0   0
    GTA   0   0   0   0   0   0 |     GCA   0   0   0   0   0   0 | Glu GAA   3   3   3   3   3   3 |     GGA   0   0   0   0   0   0
    GTG   1   1   1   1   1   1 |     GCG   0   0   0   0   0   0 |     GAG   4   4   4   4   4   4 |     GGG   1   1   1   1   1   1
--------------------------------------------------------------------------------------------------------------------------------------

--------------------------------------------------------------------------------------------------------------------------------------
Phe TTT   2   2   2   2   2   2 | Ser TCT   0   0   0   0   0   0 | Tyr TAT   0   0   0   0   0   0 | Cys TGT   1   1   1   1   1   1
    TTC   2   2   2   2   2   2 |     TCC   1   1   2   1   1   1 |     TAC   0   0   0   0   0   0 |     TGC   0   0   0   0   0   0
Leu TTA   0   0   0   0   0   0 |     TCA   2   2   2   3   3   2 | *** TAA   0   0   0   0   0   0 | *** TGA   0   0   0   0   0   0
    TTG   0   0   0   0   0   0 |     TCG   1   1   0   0   0   1 |     TAG   0   0   0   0   0   0 | Trp TGG   0   0   0   0   0   0
--------------------------------------------------------------------------------------------------------------------------------------
Leu CTT   0   0   0   0   0   0 | Pro CCT   1   1   1   1   1   1 | His CAT   0   0   0   0   0   0 | Arg CGT   0   0   0   0   0   0
    CTC   1   1   1   1   1   1 |     CCC   2   2   2   2   2   2 |     CAC   0   0   0   0   0   0 |     CGC   0   0   0   0   0   0
    CTA   0   0   0   0   0   0 |     CCA   0   0   0   0   0   0 | Gln CAA   0   0   0   0   0   0 |     CGA   1   1   1   1   1   1
    CTG   1   1   1   1   1   1 |     CCG   0   0   0   0   0   0 |     CAG   1   1   1   1   1   1 |     CGG   0   0   0   0   0   0
--------------------------------------------------------------------------------------------------------------------------------------
Ile ATT   0   0   0   0   0   0 | Thr ACT   0   0   0   0   0   0 | Asn AAT   0   0   0   0   0   0 | Ser AGT   2   2   2   2   2   2
    ATC   2   2   2   2   2   2 |     ACC   1   1   1   1   1   1 |     AAC   1   1   1   1   1   1 |     AGC   1   1   1   1   1   1
    ATA   0   0   0   0   0   0 |     ACA   0   0   0   0   0   0 | Lys AAA   0   0   0   0   0   0 | Arg AGA   0   0   0   0   0   0
Met ATG   1   1   1   1   1   1 |     ACG   0   0   0   0   0   0 |     AAG   2   2   2   2   2   2 |     AGG   0   0   0   0   0   0
--------------------------------------------------------------------------------------------------------------------------------------
Val GTT   2   2   2   2   1   2 | Ala GCT   1   1   1   1   2   1 | Asp GAT   5   4   5   5   5   6 | Gly GGT   1   1   1   1   1   1
    GTC   0   0   0   0   0   0 |     GCC   1   1   1   1   1   1 |     GAC   2   3   2   2   2   1 |     GGC   0   0   0   0   0   0
    GTA   0   0   0   0   0   0 |     GCA   0   0   0   0   0   0 | Glu GAA   3   3   3   3   3   3 |     GGA   0   0   0   0   0   0
    GTG   1   1   1   1   1   1 |     GCG   0   0   0   0   0   0 |     GAG   4   4   4   4   4   4 |     GGG   1   1   1   1   1   1
--------------------------------------------------------------------------------------------------------------------------------------

--------------------------------------------------------------------------------------------------------------------------------------
Phe TTT   2   2   2   2   2   2 | Ser TCT   0   0   0   0   0   1 | Tyr TAT   0   0   0   0   0   0 | Cys TGT   1   1   1   1   1   1
    TTC   2   2   2   2   2   2 |     TCC   1   1   1   1   1   1 |     TAC   0   0   0   0   0   0 |     TGC   0   0   0   0   0   0
Leu TTA   0   0   0   0   0   0 |     TCA   2   3   3   1   2   2 | *** TAA   0   0   0   0   0   0 | *** TGA   0   0   0   0   0   0
    TTG   0   0   0   0   0   0 |     TCG   1   0   0   2   1   0 |     TAG   0   0   0   0   0   0 | Trp TGG   0   0   0   0   0   0
--------------------------------------------------------------------------------------------------------------------------------------
Leu CTT   0   0   0   0   0   0 | Pro CCT   1   1   1   1   2   1 | His CAT   0   0   0   0   0   0 | Arg CGT   0   0   0   0   0   0
    CTC   1   1   1   1   1   1 |     CCC   2   2   2   2   1   2 |     CAC   0   0   0   0   0   0 |     CGC   0   0   0   0   0   0
    CTA   0   0   0   0   0   0 |     CCA   0   0   0   0   0   0 | Gln CAA   0   0   0   0   0   0 |     CGA   1   1   1   1   1   1
    CTG   1   1   1   1   1   1 |     CCG   0   0   0   0   0   0 |     CAG   1   1   1   1   1   1 |     CGG   0   0   0   0   0   0
--------------------------------------------------------------------------------------------------------------------------------------
Ile ATT   0   0   0   0   0   0 | Thr ACT   0   0   0   0   0   0 | Asn AAT   0   0   0   0   0   0 | Ser AGT   2   2   2   2   2   2
    ATC   2   2   2   2   2   2 |     ACC   1   1   1   1   1   1 |     AAC   1   1   1   1   1   1 |     AGC   1   1   1   1   1   1
    ATA   0   0   0   0   0   0 |     ACA   0   0   0   0   0   0 | Lys AAA   0   0   0   0   0   0 | Arg AGA   0   0   0   0   0   0
Met ATG   1   1   1   1   1   1 |     ACG   0   0   0   0   0   0 |     AAG   2   2   2   2   2   2 |     AGG   0   0   0   0   0   0
--------------------------------------------------------------------------------------------------------------------------------------
Val GTT   2   2   2   2   2   2 | Ala GCT   1   1   1   1   1   1 | Asp GAT   6   5   5   6   4   5 | Gly GGT   1   1   1   1   1   1
    GTC   0   0   0   0   0   0 |     GCC   1   1   1   1   1   1 |     GAC   1   2   2   1   3   2 |     GGC   0   0   0   0   0   0
    GTA   0   0   0   0   0   0 |     GCA   0   0   0   0   0   0 | Glu GAA   3   3   3   3   3   3 |     GGA   0   0   0   0   0   0
    GTG   1   1   1   1   1   1 |     GCG   0   0   0   0   0   0 |     GAG   4   4   4   4   4   4 |     GGG   1   1   1   1   1   1
--------------------------------------------------------------------------------------------------------------------------------------

--------------------------------------------------------------------------------------------------------------------------------------
Phe TTT   2   2   3   2   2   2 | Ser TCT   1   0   1   0   0   0 | Tyr TAT   0   0   0   0   0   0 | Cys TGT   1   1   1   1   1   1
    TTC   2   2   1   2   2   2 |     TCC   0   1   1   1   1   1 |     TAC   0   0   0   0   0   0 |     TGC   0   0   0   0   0   0
Leu TTA   0   0   0   0   0   0 |     TCA   3   3   2   3   3   3 | *** TAA   0   0   0   0   0   0 | *** TGA   0   0   0   0   0   0
    TTG   0   0   0   0   0   0 |     TCG   0   0   0   0   0   0 |     TAG   0   0   0   0   0   0 | Trp TGG   0   0   0   0   0   0
--------------------------------------------------------------------------------------------------------------------------------------
Leu CTT   0   0   0   0   0   0 | Pro CCT   1   1   1   1   1   1 | His CAT   0   0   0   0   0   0 | Arg CGT   0   0   0   0   0   0
    CTC   1   1   1   1   1   1 |     CCC   2   2   2   2   2   2 |     CAC   0   0   0   0   0   0 |     CGC   0   0   0   0   0   0
    CTA   0   0   0   0   0   0 |     CCA   0   0   0   0   0   0 | Gln CAA   0   0   0   0   0   0 |     CGA   1   1   1   1   1   1
    CTG   1   1   1   1   1   1 |     CCG   0   0   0   0   0   0 |     CAG   1   1   1   1   1   1 |     CGG   0   0   0   0   0   0
--------------------------------------------------------------------------------------------------------------------------------------
Ile ATT   0   0   0   1   0   0 | Thr ACT   0   0   0   0   0   0 | Asn AAT   0   0   0   0   0   0 | Ser AGT   2   2   1   2   2   2
    ATC   2   2   2   2   2   2 |     ACC   1   1   1   1   0   1 |     AAC   1   1   1   1   1   1 |     AGC   1   1   2   1   1   1
    ATA   0   0   0   0   0   0 |     ACA   0   0   0   0   0   0 | Lys AAA   0   0   0   1   0   0 | Arg AGA   0   0   0   0   0   0
Met ATG   1   1   1   1   1   1 |     ACG   0   0   0   0   1   0 |     AAG   2   2   2   1   2   2 |     AGG   0   0   0   0   0   0
--------------------------------------------------------------------------------------------------------------------------------------
Val GTT   2   2   1   1   2   2 | Ala GCT   1   1   1   1   1   1 | Asp GAT   5   5   5   5   4   4 | Gly GGT   1   1   1   1   1   1
    GTC   0   0   0   0   0   0 |     GCC   1   1   1   1   1   1 |     GAC   2   2   2   2   3   3 |     GGC   0   0   0   0   0   0
    GTA   0   0   0   0   0   0 |     GCA   0   0   0   0   0   0 | Glu GAA   3   2   3   3   3   3 |     GGA   0   0   0   0   0   0
    GTG   1   1   2   1   1   1 |     GCG   0   0   0   0   0   0 |     GAG   4   5   4   4   4   4 |     GGG   1   1   1   1   1   1
--------------------------------------------------------------------------------------------------------------------------------------

Codon position x base (3x4) table for each sequence.

#1: Argali         
position  1:    T:0.19149    C:0.14894    A:0.23404    G:0.42553
position  2:    T:0.25532    C:0.21277    A:0.38298    G:0.14894
position  3:    T:0.31915    C:0.29787    A:0.14894    G:0.23404
Average         T:0.25532    C:0.21986    A:0.25532    G:0.26950

#2: LesserMouseDeer
position  1:    T:0.19149    C:0.14894    A:0.21277    G:0.44681
position  2:    T:0.25532    C:0.21277    A:0.38298    G:0.14894
position  3:    T:0.29787    C:0.29787    A:0.10638    G:0.29787
Average         T:0.24823    C:0.21986    A:0.23404    G:0.29787

#3: LesserKudu     
position  1:    T:0.19149    C:0.14894    A:0.21277    G:0.44681
position  2:    T:0.25532    C:0.21277    A:0.38298    G:0.14894
position  3:    T:0.29787    C:0.31915    A:0.14894    G:0.23404
Average         T:0.24823    C:0.22695    A:0.24823    G:0.27660

#4: ForestMuskDeer2
position  1:    T:0.19149    C:0.14894    A:0.23404    G:0.42553
position  2:    T:0.25532    C:0.21277    A:0.38298    G:0.14894
position  3:    T:0.31915    C:0.29787    A:0.17021    G:0.21277
Average         T:0.25532    C:0.21986    A:0.26241    G:0.26241

#5: Camel          
position  1:    T:0.19149    C:0.14894    A:0.21277    G:0.44681
position  2:    T:0.25532    C:0.21277    A:0.38298    G:0.14894
position  3:    T:0.27660    C:0.31915    A:0.17021    G:0.23404
Average         T:0.24113    C:0.22695    A:0.25532    G:0.27660

#6: KillerWhale    
position  1:    T:0.21277    C:0.14894    A:0.21277    G:0.42553
position  2:    T:0.25532    C:0.21277    A:0.38298    G:0.14894
position  3:    T:0.29787    C:0.27660    A:0.19149    G:0.23404
Average         T:0.25532    C:0.21277    A:0.26241    G:0.26950

#7: DefassaWaterbuck
position  1:    T:0.19149    C:0.14894    A:0.21277    G:0.44681
position  2:    T:0.25532    C:0.21277    A:0.38298    G:0.14894
position  3:    T:0.31915    C:0.29787    A:0.14894    G:0.23404
Average         T:0.25532    C:0.21986    A:0.24823    G:0.27660

#8: Sheep          
position  1:    T:0.19149    C:0.14894    A:0.23404    G:0.42553
position  2:    T:0.25532    C:0.21277    A:0.38298    G:0.14894
position  3:    T:0.31915    C:0.29787    A:0.14894    G:0.23404
Average         T:0.25532    C:0.21986    A:0.25532    G:0.26950

#9: MaxwellsDuiker 
position  1:    T:0.19149    C:0.14894    A:0.21277    G:0.44681
position  2:    T:0.23404    C:0.23404    A:0.38298    G:0.14894
position  3:    T:0.31915    C:0.31915    A:0.12766    G:0.23404
Average         T:0.24823    C:0.23404    A:0.24113    G:0.27660

#10: GazellaPrzewalskyi
position  1:    T:0.19149    C:0.14894    A:0.21277    G:0.44681
position  2:    T:0.25532    C:0.21277    A:0.38298    G:0.14894
position  3:    T:0.29787    C:0.31915    A:0.17021    G:0.21277
Average         T:0.24823    C:0.22695    A:0.25532    G:0.26950

#11: MountainNyala  
position  1:    T:0.19149    C:0.14894    A:0.21277    G:0.44681
position  2:    T:0.25532    C:0.21277    A:0.38298    G:0.14894
position  3:    T:0.29787    C:0.31915    A:0.14894    G:0.23404
Average         T:0.24823    C:0.22695    A:0.24823    G:0.27660

#12: MuntiacusMuntjak
position  1:    T:0.19149    C:0.14894    A:0.21277    G:0.44681
position  2:    T:0.25532    C:0.21277    A:0.38298    G:0.14894
position  3:    T:0.31915    C:0.29787    A:0.14894    G:0.23404
Average         T:0.25532    C:0.21986    A:0.24823    G:0.27660

#13: goat           
position  1:    T:0.19149    C:0.14894    A:0.21277    G:0.44681
position  2:    T:0.25532    C:0.21277    A:0.38298    G:0.14894
position  3:    T:0.31915    C:0.29787    A:0.14894    G:0.23404
Average         T:0.25532    C:0.21986    A:0.24823    G:0.27660

#14: AfricanBuffalo 
position  1:    T:0.19149    C:0.14894    A:0.21277    G:0.44681
position  2:    T:0.25532    C:0.21277    A:0.38298    G:0.14894
position  3:    T:0.31915    C:0.29787    A:0.14894    G:0.23404
Average         T:0.25532    C:0.21986    A:0.24823    G:0.27660

#15: Topi           
position  1:    T:0.19149    C:0.14894    A:0.21277    G:0.44681
position  2:    T:0.25532    C:0.21277    A:0.38298    G:0.14894
position  3:    T:0.31915    C:0.29787    A:0.14894    G:0.23404
Average         T:0.25532    C:0.21986    A:0.24823    G:0.27660

#16: CommonDuiker   
position  1:    T:0.19149    C:0.14894    A:0.21277    G:0.44681
position  2:    T:0.23404    C:0.23404    A:0.38298    G:0.14894
position  3:    T:0.31915    C:0.31915    A:0.12766    G:0.23404
Average         T:0.24823    C:0.23404    A:0.24113    G:0.27660

#17: Suni           
position  1:    T:0.19149    C:0.14894    A:0.21277    G:0.44681
position  2:    T:0.25532    C:0.21277    A:0.38298    G:0.14894
position  3:    T:0.34043    C:0.27660    A:0.12766    G:0.25532
Average         T:0.26241    C:0.21277    A:0.24113    G:0.28369

#18: Springbuck     
position  1:    T:0.19149    C:0.14894    A:0.21277    G:0.44681
position  2:    T:0.25532    C:0.21277    A:0.38298    G:0.14894
position  3:    T:0.29787    C:0.31915    A:0.12766    G:0.25532
Average         T:0.24823    C:0.22695    A:0.24113    G:0.28369

#19: Okapi          
position  1:    T:0.19149    C:0.14894    A:0.21277    G:0.44681
position  2:    T:0.25532    C:0.21277    A:0.38298    G:0.14894
position  3:    T:0.34043    C:0.27660    A:0.12766    G:0.25532
Average         T:0.26241    C:0.21277    A:0.24113    G:0.28369

#20: Giraffe        
position  1:    T:0.19149    C:0.14894    A:0.21277    G:0.44681
position  2:    T:0.25532    C:0.21277    A:0.38298    G:0.14894
position  3:    T:0.31915    C:0.29787    A:0.12766    G:0.25532
Average         T:0.25532    C:0.21986    A:0.24113    G:0.28369

#21: TibetanAntelope
position  1:    T:0.19149    C:0.14894    A:0.21277    G:0.44681
position  2:    T:0.25532    C:0.21277    A:0.38298    G:0.14894
position  3:    T:0.29787    C:0.31915    A:0.14894    G:0.23404
Average         T:0.24823    C:0.22695    A:0.24823    G:0.27660

#22: Sitatunga      
position  1:    T:0.19149    C:0.14894    A:0.21277    G:0.44681
position  2:    T:0.25532    C:0.21277    A:0.38298    G:0.14894
position  3:    T:0.34043    C:0.27660    A:0.14894    G:0.23404
Average         T:0.26241    C:0.21277    A:0.24823    G:0.27660

#23: Oribi          
position  1:    T:0.19149    C:0.14894    A:0.21277    G:0.44681
position  2:    T:0.25532    C:0.21277    A:0.38298    G:0.14894
position  3:    T:0.34043    C:0.27660    A:0.14894    G:0.23404
Average         T:0.26241    C:0.21277    A:0.24823    G:0.27660

#24: BarbarySheep   
position  1:    T:0.19149    C:0.14894    A:0.21277    G:0.44681
position  2:    T:0.25532    C:0.21277    A:0.38298    G:0.14894
position  3:    T:0.31915    C:0.29787    A:0.14894    G:0.23404
Average         T:0.25532    C:0.21986    A:0.24823    G:0.27660

#25: Daviddeer      
position  1:    T:0.19149    C:0.14894    A:0.21277    G:0.44681
position  2:    T:0.25532    C:0.21277    A:0.38298    G:0.14894
position  3:    T:0.34043    C:0.27660    A:0.14894    G:0.23404
Average         T:0.26241    C:0.21277    A:0.24823    G:0.27660

#26: Reindeer       
position  1:    T:0.19149    C:0.14894    A:0.21277    G:0.44681
position  2:    T:0.25532    C:0.21277    A:0.38298    G:0.14894
position  3:    T:0.34043    C:0.27660    A:0.12766    G:0.25532
Average         T:0.26241    C:0.21277    A:0.24113    G:0.28369

#27: Ibex           
position  1:    T:0.19149    C:0.14894    A:0.21277    G:0.44681
position  2:    T:0.25532    C:0.21277    A:0.38298    G:0.14894
position  3:    T:0.31915    C:0.29787    A:0.14894    G:0.23404
Average         T:0.25532    C:0.21986    A:0.24823    G:0.27660

#28: GyrantGazelle  
position  1:    T:0.19149    C:0.14894    A:0.21277    G:0.44681
position  2:    T:0.25532    C:0.21277    A:0.38298    G:0.14894
position  3:    T:0.31915    C:0.29787    A:0.14894    G:0.23404
Average         T:0.25532    C:0.21986    A:0.24823    G:0.27660

#29: Hartebeest     
position  1:    T:0.19149    C:0.14894    A:0.21277    G:0.44681
position  2:    T:0.25532    C:0.21277    A:0.38298    G:0.14894
position  3:    T:0.34043    C:0.27660    A:0.14894    G:0.23404
Average         T:0.26241    C:0.21277    A:0.24823    G:0.27660

#30: Bongo          
position  1:    T:0.19149    C:0.14894    A:0.21277    G:0.44681
position  2:    T:0.25532    C:0.21277    A:0.38298    G:0.14894
position  3:    T:0.29787    C:0.31915    A:0.14894    G:0.23404
Average         T:0.24823    C:0.22695    A:0.24823    G:0.27660

#31: Gerenuk        
position  1:    T:0.19149    C:0.14894    A:0.21277    G:0.44681
position  2:    T:0.25532    C:0.21277    A:0.38298    G:0.14894
position  3:    T:0.31915    C:0.29787    A:0.14894    G:0.23404
Average         T:0.25532    C:0.21986    A:0.24823    G:0.27660

#32: CommonEland    
position  1:    T:0.19149    C:0.14894    A:0.21277    G:0.44681
position  2:    T:0.25532    C:0.21277    A:0.38298    G:0.14894
position  3:    T:0.29787    C:0.31915    A:0.14894    G:0.23404
Average         T:0.24823    C:0.22695    A:0.24823    G:0.27660

#33: MuntiacusReevesi
position  1:    T:0.19149    C:0.14894    A:0.21277    G:0.44681
position  2:    T:0.25532    C:0.21277    A:0.38298    G:0.14894
position  3:    T:0.31915    C:0.29787    A:0.14894    G:0.23404
Average         T:0.25532    C:0.21986    A:0.24823    G:0.27660

#34: HarveysDuiker  
position  1:    T:0.19149    C:0.14894    A:0.21277    G:0.44681
position  2:    T:0.23404    C:0.23404    A:0.38298    G:0.14894
position  3:    T:0.34043    C:0.29787    A:0.12766    G:0.23404
Average         T:0.25532    C:0.22695    A:0.24113    G:0.27660

#35: Pronghorn      
position  1:    T:0.19149    C:0.14894    A:0.21277    G:0.44681
position  2:    T:0.25532    C:0.21277    A:0.38298    G:0.14894
position  3:    T:0.29787    C:0.31915    A:0.12766    G:0.25532
Average         T:0.24823    C:0.22695    A:0.24113    G:0.28369

#36: BlueWildebeest 
position  1:    T:0.19149    C:0.14894    A:0.21277    G:0.44681
position  2:    T:0.25532    C:0.21277    A:0.38298    G:0.14894
position  3:    T:0.31915    C:0.29787    A:0.14894    G:0.23404
Average         T:0.25532    C:0.21986    A:0.24823    G:0.27660

#37: Gemsbok        
position  1:    T:0.19149    C:0.14894    A:0.21277    G:0.44681
position  2:    T:0.25532    C:0.21277    A:0.38298    G:0.14894
position  3:    T:0.31915    C:0.29787    A:0.12766    G:0.25532
Average         T:0.25532    C:0.21986    A:0.24113    G:0.28369

#38: Yak            
position  1:    T:0.19149    C:0.14894    A:0.21277    G:0.44681
position  2:    T:0.25532    C:0.21277    A:0.38298    G:0.14894
position  3:    T:0.29787    C:0.31915    A:0.12766    G:0.25532
Average         T:0.24823    C:0.22695    A:0.24113    G:0.28369

#39: BlueSheep      
position  1:    T:0.19149    C:0.14894    A:0.21277    G:0.44681
position  2:    T:0.25532    C:0.21277    A:0.38298    G:0.14894
position  3:    T:0.31915    C:0.31915    A:0.12766    G:0.23404
Average         T:0.25532    C:0.22695    A:0.24113    G:0.27660

#40: BohorReedbuck  
position  1:    T:0.19149    C:0.14894    A:0.21277    G:0.44681
position  2:    T:0.25532    C:0.21277    A:0.38298    G:0.14894
position  3:    T:0.31915    C:0.29787    A:0.14894    G:0.23404
Average         T:0.25532    C:0.21986    A:0.24823    G:0.27660

#41: KirksDik       
position  1:    T:0.19149    C:0.14894    A:0.21277    G:0.44681
position  2:    T:0.23404    C:0.23404    A:0.38298    G:0.14894
position  3:    T:0.31915    C:0.29787    A:0.14894    G:0.23404
Average         T:0.24823    C:0.22695    A:0.24823    G:0.27660

#42: RoeDeer        
position  1:    T:0.19149    C:0.14894    A:0.21277    G:0.44681
position  2:    T:0.25532    C:0.21277    A:0.38298    G:0.14894
position  3:    T:0.34043    C:0.27660    A:0.12766    G:0.25532
Average         T:0.26241    C:0.21277    A:0.24113    G:0.28369

#43: WhiteLippedDeer
position  1:    T:0.19149    C:0.14894    A:0.21277    G:0.44681
position  2:    T:0.25532    C:0.21277    A:0.38298    G:0.14894
position  3:    T:0.34043    C:0.27660    A:0.12766    G:0.25532
Average         T:0.26241    C:0.21277    A:0.24113    G:0.28369

#44: ThomsonGazelle 
position  1:    T:0.19149    C:0.14894    A:0.21277    G:0.44681
position  2:    T:0.25532    C:0.21277    A:0.38298    G:0.14894
position  3:    T:0.31915    C:0.29787    A:0.14894    G:0.23404
Average         T:0.25532    C:0.21986    A:0.24823    G:0.27660

#45: MuntiacusCrinifrons
position  1:    T:0.19149    C:0.14894    A:0.21277    G:0.44681
position  2:    T:0.25532    C:0.21277    A:0.38298    G:0.14894
position  3:    T:0.31915    C:0.29787    A:0.14894    G:0.23404
Average         T:0.25532    C:0.21986    A:0.24823    G:0.27660

#46: WhiteTailedDeer
position  1:    T:0.19149    C:0.14894    A:0.21277    G:0.44681
position  2:    T:0.25532    C:0.21277    A:0.38298    G:0.14894
position  3:    T:0.34043    C:0.27660    A:0.10638    G:0.27660
Average         T:0.26241    C:0.21277    A:0.23404    G:0.29078

#47: Cattle         
position  1:    T:0.19149    C:0.14894    A:0.21277    G:0.44681
position  2:    T:0.25532    C:0.21277    A:0.38298    G:0.14894
position  3:    T:0.31915    C:0.29787    A:0.12766    G:0.25532
Average         T:0.25532    C:0.21986    A:0.24113    G:0.28369

#48: RoyalAntelope  
position  1:    T:0.19149    C:0.14894    A:0.21277    G:0.44681
position  2:    T:0.25532    C:0.21277    A:0.38298    G:0.14894
position  3:    T:0.34043    C:0.29787    A:0.12766    G:0.23404
Average         T:0.26241    C:0.21986    A:0.24113    G:0.27660

#49: Steenbok       
position  1:    T:0.19149    C:0.14894    A:0.21277    G:0.44681
position  2:    T:0.25532    C:0.21277    A:0.38298    G:0.14894
position  3:    T:0.34043    C:0.27660    A:0.14894    G:0.23404
Average         T:0.26241    C:0.21277    A:0.24823    G:0.27660

#50: Impala         
position  1:    T:0.19149    C:0.14894    A:0.21277    G:0.44681
position  2:    T:0.25532    C:0.21277    A:0.38298    G:0.14894
position  3:    T:0.31915    C:0.29787    A:0.12766    G:0.25532
Average         T:0.25532    C:0.21986    A:0.24113    G:0.28369

#51: Klipspringer   
position  1:    T:0.19149    C:0.14894    A:0.21277    G:0.44681
position  2:    T:0.25532    C:0.21277    A:0.38298    G:0.14894
