CODONML (in paml version 4.10.7, June 2023)  /home/rachel/ruminants_paml/6406-phy-tree/ENSBTAT00000015255.fasta.phy
Model: free dN/dS Ratios for branches,  kappa = 2.000 fixed

Codon frequency model: F3x4
ns =  54  ls =  62

Codon usage in sequences
--------------------------------------------------------------------------------------------------------------------------------------
Phe TTT   2   2   3   3   2   2 | Ser TCT   0   0   0   0   0   0 | Tyr TAT   2   0   1   1   1   1 | Cys TGT   2   2   2   2   1   2
    TTC   3   4   3   3   4   4 |     TCC   2   2   2   2   2   2 |     TAC   0   2   1   1   2   1 |     TGC   2   2   2   2   2   2
Leu TTA   0   0   0   0   1   0 |     TCA   0   0   0   0   0   0 | *** TAA   0   0   0   0   0   0 | *** TGA   0   0   0   0   0   0
    TTG   0   0   0   0   0   0 |     TCG   0   0   0   0   0   0 |     TAG   0   0   0   0   0   0 | Trp TGG   0   0   0   0   0   0
--------------------------------------------------------------------------------------------------------------------------------------
Leu CTT   2   3   1   1   1   1 | Pro CCT   0   0   0   0   0   0 | His CAT   0   2   0   0   0   1 | Arg CGT   0   0   0   0   0   0
    CTC   4   2   4   4   4   4 |     CCC   0   0   0   0   0   0 |     CAC   4   2   4   4   4   3 |     CGC   0   0   0   0   0   0
    CTA   1   1   1   1   0   1 |     CCA   0   0   0   0   0   0 | Gln CAA   0   0   0   0   0   0 |     CGA   0   0   0   0   0   0
    CTG   2   2   2   2   2   2 |     CCG   0   0   0   0   0   0 |     CAG   3   3   3   3   3   3 |     CGG   0   0   0   0   0   0
--------------------------------------------------------------------------------------------------------------------------------------
Ile ATT   1   0   0   0   0   0 | Thr ACT   1   1   1   1   1   1 | Asn AAT   2   1   2   2   1   3 | Ser AGT   2   2   2   2   2   2
    ATC   1   1   1   1   2   2 |     ACC   1   1   1   1   1   1 |     AAC   1   2   1   1   1   0 |     AGC   0   0   0   0   0   0
    ATA   0   0   0   0   0   0 |     ACA   1   0   1   1   1   1 | Lys AAA   3   3   3   2   4   3 | Arg AGA   0   0   0   0   0   0
Met ATG   0   0   0   0   0   0 |     ACG   0   1   0   0   0   0 |     AAG   3   3   3   4   2   3 |     AGG   0   0   0   0   0   0
--------------------------------------------------------------------------------------------------------------------------------------
Val GTT   0   0   0   0   0   0 | Ala GCT   1   0   0   1   1   1 | Asp GAT   2   2   2   2   3   2 | Gly GGT   0   0   0   0   0   0
    GTC   1   2   2   2   1   1 |     GCC   2   2   3   2   1   1 |     GAC   1   1   1   1   1   1 |     GGC   2   2   2   2   2   2
    GTA   0   0   0   0   0   0 |     GCA   0   1   0   0   1   1 | Glu GAA   0   0   0   0   0   0 |     GGA   1   1   1   1   2   2
    GTG   4   4   4   4   4   4 |     GCG   0   0   0   0   0   0 |     GAG   0   0   0   0   0   0 |     GGG   3   3   3   3   2   2
--------------------------------------------------------------------------------------------------------------------------------------

--------------------------------------------------------------------------------------------------------------------------------------
Phe TTT   3   2   3   3   3   2 | Ser TCT   0   0   0   0   0   0 | Tyr TAT   1   2   1   1   1   1 | Cys TGT   2   2   2   2   2   2
    TTC   3   3   3   3   3   4 |     TCC   2   2   2   3   2   2 |     TAC   1   0   1   1   1   1 |     TGC   2   2   2   2   2   2
Leu TTA   0   0   0   0   0   0 |     TCA   0   0   0   0   0   0 | *** TAA   0   0   0   0   0   0 | *** TGA   0   0   0   0   0   0
    TTG   0   0   0   0   0   0 |     TCG   0   0   0   0   0   0 |     TAG   0   0   0   0   0   0 | Trp TGG   0   0   0   0   0   0
--------------------------------------------------------------------------------------------------------------------------------------
Leu CTT   1   2   1   1   1   1 | Pro CCT   0   0   0   0   0   0 | His CAT   0   0   0   0   0   1 | Arg CGT   0   0   0   0   0   0
    CTC   4   4   4   3   4   4 |     CCC   0   0   0   0   0   0 |     CAC   4   4   4   4   4   3 |     CGC   0   0   0   0   0   0
    CTA   1   1   1   1   1   1 |     CCA   0   0   0   0   0   0 | Gln CAA   0   0   0   0   0   0 |     CGA   0   0   0   0   0   0
    CTG   2   2   2   3   2   2 |     CCG   0   0   0   0   0   0 |     CAG   3   3   3   3   3   3 |     CGG   0   0   0   0   0   0
--------------------------------------------------------------------------------------------------------------------------------------
Ile ATT   0   1   0   0   0   0 | Thr ACT   1   1   1   1   1   3 | Asn AAT   2   2   2   3   2   2 | Ser AGT   2   2   2   2   2   2
    ATC   1   1   1   1   1   1 |     ACC   1   1   1   1   1   0 |     AAC   1   1   1   0   1   1 |     AGC   0   0   0   0   0   0
    ATA   0   0   0   0   0   0 |     ACA   1   1   1   1   1   0 | Lys AAA   3   3   3   3   3   2 | Arg AGA   0   0   0   0   0   0
Met ATG   0   0   0   0   0   0 |     ACG   0   0   0   0   0   0 |     AAG   3   3   3   3   3   4 |     AGG   0   0   0   0   0   0
--------------------------------------------------------------------------------------------------------------------------------------
Val GTT   0   0   0   0   0   0 | Ala GCT   1   1   1   1   0   1 | Asp GAT   2   2   2   1   2   2 | Gly GGT   0   0   0   0   0   0
    GTC   2   1   2   2   2   2 |     GCC   2   2   2   1   3   2 |     GAC   1   1   1   1   1   1 |     GGC   2   2   2   2   2   2
    GTA   0   0   0   0   0   0 |     GCA   0   0   0   0   0   0 | Glu GAA   0   0   0   1   0   0 |     GGA   1   1   2   1   1   1
    GTG   4   4   4   4   4   4 |     GCG   0   0   0   0   0   0 |     GAG   0   0   0   0   0   0 |     GGG   3   3   2   3   3   3
--------------------------------------------------------------------------------------------------------------------------------------

--------------------------------------------------------------------------------------------------------------------------------------
Phe TTT   3   3   3   3   3   3 | Ser TCT   0   0   0   0   0   0 | Tyr TAT   2   1   2   1   1   1 | Cys TGT   2   2   2   2   2   2
    TTC   3   3   3   3   3   3 |     TCC   2   2   2   2   2   2 |     TAC   0   1   0   1   1   1 |     TGC   2   2   2   2   2   2
Leu TTA   0   0   0   0   0   0 |     TCA   0   0   0   0   0   0 | *** TAA   0   0   0   0   0   0 | *** TGA   0   0   0   0   0   0
    TTG   0   0   0   0   0   0 |     TCG   0   0   0   0   0   0 |     TAG   0   0   0   0   0   0 | Trp TGG   0   0   0   0   0   0
--------------------------------------------------------------------------------------------------------------------------------------
Leu CTT   1   1   1   1   1   1 | Pro CCT   0   0   0   0   0   0 | His CAT   0   1   0   1   0   0 | Arg CGT   0   0   0   0   0   0
    CTC   4   4   4   4   4   4 |     CCC   0   0   0   0   0   0 |     CAC   4   3   4   3   4   4 |     CGC   0   0   0   0   0   0
    CTA   1   1   1   1   1   1 |     CCA   0   0   0   0   0   0 | Gln CAA   0   0   0   0   0   0 |     CGA   0   0   0   0   0   0
    CTG   2   2   2   2   2   2 |     CCG   0   0   0   0   0   0 |     CAG   3   3   3   3   3   3 |     CGG   0   0   0   0   0   0
--------------------------------------------------------------------------------------------------------------------------------------
Ile ATT   0   0   0   0   0   0 | Thr ACT   1   1   2   1   1   1 | Asn AAT   2   2   1   3   2   2 | Ser AGT   2   2   2   2   2   2
    ATC   1   1   1   1   1   1 |     ACC   1   1   0   1   1   1 |     AAC   1   1   1   0   1   1 |     AGC   0   0   0   0   0   0
    ATA   0   0   0   0   0   0 |     ACA   1   1   1   1   1   1 | Lys AAA   3   2   3   3   3   3 | Arg AGA   0   1   0   0   0   0
Met ATG   0   0   0   0   0   0 |     ACG   0   0   0   0   0   0 |     AAG   3   3   3   3   3   3 |     AGG   0   0   0   0   0   0
--------------------------------------------------------------------------------------------------------------------------------------
Val GTT   0   0   0   0   0   0 | Ala GCT   1   1   1   1   1   1 | Asp GAT   2   2   2   3   2   2 | Gly GGT   0   0   1   0   0   1
    GTC   2   2   2   2   2   2 |     GCC   2   2   2   2   2   2 |     GAC   1   1   1   0   1   1 |     GGC   2   2   2   2   2   1
    GTA   0   0   0   0   0   1 |     GCA   0   0   0   0   0   0 | Glu GAA   0   0   0   0   0   0 |     GGA   1   1   1   2   1   1
    GTG   4   4   4   4   4   3 |     GCG   0   0   0   0   0   0 |     GAG   0   0   0   0   0   0 |     GGG   3   3   3   2   3   3
--------------------------------------------------------------------------------------------------------------------------------------

--------------------------------------------------------------------------------------------------------------------------------------
Phe TTT   2   2   3   3   3   3 | Ser TCT   0   0   0   0   0   0 | Tyr TAT   1   1   2   1   1   2 | Cys TGT   2   2   2   2   2   2
    TTC   4   4   3   3   3   3 |     TCC   2   2   2   2   2   2 |     TAC   1   1   0   1   1   0 |     TGC   2   2   2   2   2   2
Leu TTA   0   0   0   0   0   0 |     TCA   0   0   0   0   0   0 | *** TAA   0   0   0   0   0   0 | *** TGA   0   0   0   0   0   0
    TTG   0   0   0   0   0   0 |     TCG   0   0   0   0   0   0 |     TAG   0   0   0   0   0   0 | Trp TGG   0   0   0   0   0   0
--------------------------------------------------------------------------------------------------------------------------------------
Leu CTT   1   2   1   1   0   1 | Pro CCT   0   0   0   0   0   0 | His CAT   1   1   0   0   0   0 | Arg CGT   0   0   0   0   0   0
    CTC   4   3   4   4   4   4 |     CCC   0   0   0   0   0   0 |     CAC   3   3   4   4   4   4 |     CGC   0   0   0   0   0   0
    CTA   1   1   1   1   1   1 |     CCA   0   0   0   0   0   0 | Gln CAA   0   0   0   0   0   0 |     CGA   0   0   0   0   0   0
    CTG   2   2   2   2   3   2 |     CCG   0   0   0   0   0   0 |     CAG   3   3   3   3   3   3 |     CGG   0   0   0   0   0   0
--------------------------------------------------------------------------------------------------------------------------------------
Ile ATT   1   0   0   0   0   0 | Thr ACT   1   1   1   1   2   1 | Asn AAT   2   2   2   2   3   3 | Ser AGT   2   2   2   2   2   2
    ATC   1   1   1   1   1   2 |     ACC   1   1   1   1   0   1 |     AAC   1   1   1   1   0   0 |     AGC   0   0   0   0   0   0
    ATA   0   0   0   0   0   0 |     ACA   1   1   1   1   1   1 | Lys AAA   3   3   3   3   3   3 | Arg AGA   0   0   0   0   0   0
Met ATG   0   0   0   0   0   0 |     ACG   0   0   0   0   0   0 |     AAG   3   3   3   3   3   3 |     AGG   0   0   0   0   0   0
--------------------------------------------------------------------------------------------------------------------------------------
Val GTT   0   0   0   0   0   0 | Ala GCT   1   1   1   0   1   1 | Asp GAT   2   2   3   2   2   2 | Gly GGT   0   0   0   0   0   0
    GTC   1   2   2   2   2   1 |     GCC   2   2   2   3   2   2 |     GAC   1   1   0   1   1   1 |     GGC   1   2   1   2   2   2
    GTA   0   0   0   0   0   0 |     GCA   0   0   0   0   0   0 | Glu GAA   0   0   0   0   0   0 |     GGA   2   1   2   1   1   1
    GTG   4   4   4   4   4   4 |     GCG   0   0   0   0   0   0 |     GAG   0   0   0   0   0   0 |     GGG   3   3   3   3   3   3
--------------------------------------------------------------------------------------------------------------------------------------

--------------------------------------------------------------------------------------------------------------------------------------
Phe TTT   2   2   3   3   3   3 | Ser TCT   0   0   0   0   0   0 | Tyr TAT   1   1   2   0   2   1 | Cys TGT   2   2   2   2   2   2
    TTC   4   4   3   3   3   3 |     TCC   2   2   2   2   2   2 |     TAC   1   1   0   2   0   1 |     TGC   2   2   2   2   2   2
Leu TTA   0   0   0   0   0   0 |     TCA   0   0   0   0   0   0 | *** TAA   0   0   0   0   0   0 | *** TGA   0   0   0   0   0   0
    TTG   0   0   0   0   0   0 |     TCG   0   0   0   0   0   0 |     TAG   0   0   0   0   0   0 | Trp TGG   0   0   0   0   0   0
--------------------------------------------------------------------------------------------------------------------------------------
Leu CTT   1   1   2   2   1   1 | Pro CCT   0   0   0   0   0   0 | His CAT   0   0   0   0   0   0 | Arg CGT   0   0   0   0   0   0
    CTC   4   3   3   3   4   4 |     CCC   0   0   0   0   0   0 |     CAC   4   4   4   4   4   4 |     CGC   0   0   0   0   0   0
    CTA   1   1   1   1   1   1 |     CCA   0   0   0   0   0   0 | Gln CAA   0   0   0   0   0   0 |     CGA   0   0   0   0   0   0
    CTG   2   3   2   2   2   2 |     CCG   0   0   0   0   0   0 |     CAG   3   3   3   3   3   3 |     CGG   0   0   0   0   0   0
--------------------------------------------------------------------------------------------------------------------------------------
Ile ATT   0   0   0   1   0   0 | Thr ACT   2   2   1   1   1   1 | Asn AAT   1   2   2   2   1   2 | Ser AGT   2   2   2   2   3   2
    ATC   1   1   1   0   1   1 |     ACC   1   1   1   1   1   1 |     AAC   2   1   1   1   1   1 |     AGC   0   0   0   0   0   0
    ATA   0   0   0   0   0   0 |     ACA   0   0   1   1   1   1 | Lys AAA   2   2   3   3   3   3 | Arg AGA   0   0   0   0   0   0
Met ATG   0   0   0   0   0   0 |     ACG   0   0   0   0   0   0 |     AAG   4   4   3   3   3   3 |     AGG   0   0   0   0   0   0
--------------------------------------------------------------------------------------------------------------------------------------
Val GTT   0   0   0   0   0   0 | Ala GCT   1   1   1   1   1   0 | Asp GAT   2   2   2   2   2   2 | Gly GGT   0   0   0   0   0   0
    GTC   2   2   2   2   2   2 |     GCC   2   2   2   2   2   3 |     GAC   1   1   1   1   1   1 |     GGC   2   2   2   2   2   2
    GTA   0   0   0   0   0   0 |     GCA   0   0   0   0   0   0 | Glu GAA   0   0   0   0   0   0 |     GGA   1   1   1   1   1   1
    GTG   4   4   4   4   4   4 |     GCG   0   0   0   0   0   0 |     GAG   0   0   0   0   0   0 |     GGG   3   3   3   3   3   3
--------------------------------------------------------------------------------------------------------------------------------------

--------------------------------------------------------------------------------------------------------------------------------------
Phe TTT   3   3   2   3   2   3 | Ser TCT   0   0   0   0   0   0 | Tyr TAT   1   1   1   1   1   2 | Cys TGT   2   2   2   2   2   2
    TTC   3   3   4   3   4   3 |     TCC   2   2   2   2   2   2 |     TAC   1   1   1   1   1   0 |     TGC   2   2   2   2   2   2
Leu TTA   0   0   0   0   0   0 |     TCA   0   0   0   0   0   0 | *** TAA   0   0   0   0   0   0 | *** TGA   0   0   0   0   0   0
    TTG   0   0   0   1   0   0 |     TCG   0   0   0   0   0   0 |     TAG   0   0   0   0   0   0 | Trp TGG   0   0   0   0   0   0
--------------------------------------------------------------------------------------------------------------------------------------
Leu CTT   1   1   1   1   1   1 | Pro CCT   0   0   0   0   0   0 | His CAT   0   0   1   0   0   0 | Arg CGT   0   0   0   0   0   0
    CTC   4   4   4   4   4   4 |     CCC   0   0   0   0   0   0 |     CAC   4   4   3   4   4   4 |     CGC   0   0   0   0   0   0
    CTA   1   1   1   1   1   1 |     CCA   0   0   0   0   0   0 | Gln CAA   0   0   0   0   0   0 |     CGA   0   0   0   0   0   0
    CTG   2   2   2   1   2   2 |     CCG   0   0   0   0   0   0 |     CAG   3   3   3   3   3   3 |     CGG   0   0   0   0   0   0
--------------------------------------------------------------------------------------------------------------------------------------
Ile ATT   0   0   0   0   0   0 | Thr ACT   1   1   2   1   1   1 | Asn AAT   2   2   2   2   2   1 | Ser AGT   2   2   2   2   2   3
    ATC   1   1   1   1   1   1 |     ACC   1   1   1   1   1   1 |     AAC   1   1   1   1   1   1 |     AGC   0   0   0   0   0   0
    ATA   0   0   0   0   0   0 |     ACA   1   1   0   1   1   1 | Lys AAA   3   3   2   3   2   3 | Arg AGA   0   0   0   0   0   0
Met ATG   0   0   0   0   0   0 |     ACG   0   0   0   0   0   0 |     AAG   3   3   4   3   4   3 |     AGG   0   0   0   0   0   0
--------------------------------------------------------------------------------------------------------------------------------------
Val GTT   0   0   0   0   0   0 | Ala GCT   1   0   1   1   1   1 | Asp GAT   2   2   2   3   2   2 | Gly GGT   0   0   0   0   0   0
    GTC   2   2   2   2   2   2 |     GCC   2   3   1   2   2   2 |     GAC   1   1   2   0   1   1 |     GGC   2   2   2   2   2   2
    GTA   0   0   0   0   0   0 |     GCA   0   0   0   0   0   0 | Glu GAA   0   0   0   0   0   0 |     GGA   1   1   1   2   1   1
    GTG   4   4   4   4   4   4 |     GCG   0   0   0   0   0   0 |     GAG   0   0   0   0   0   0 |     GGG   3   3   3   2   3   3
--------------------------------------------------------------------------------------------------------------------------------------

--------------------------------------------------------------------------------------------------------------------------------------
Phe TTT   3   3   3   3   3   2 | Ser TCT   0   0   0   0   0   0 | Tyr TAT   2   1   2   1   1   1 | Cys TGT   2   2   2   2   2   2
    TTC   3   3   3   3   3   4 |     TCC   2   2   2   2   2   2 |     TAC   0   1   0   1   1   1 |     TGC   2   2   2   2   2   2
Leu TTA   0   0   0   0   0   0 |     TCA   0   0   0   0   0   0 | *** TAA   0   0   0   0   0   0 | *** TGA   0   0   0   0   0   0
    TTG   0   0   0   0   0   0 |     TCG   0   0   0   0   0   0 |     TAG   0   0   0   0   0   0 | Trp TGG   0   0   0   0   0   0
--------------------------------------------------------------------------------------------------------------------------------------
Leu CTT   1   1   1   1   1   2 | Pro CCT   0   0   0   0   0   0 | His CAT   0   0   0   1   0   1 | Arg CGT   0   0   0   0   0   0
    CTC   4   4   4   4   3   3 |     CCC   0   0   0   0   0   0 |     CAC   4   4   4   3   4   3 |     CGC   0   0   0   0   0   0
    CTA   1   1   1   1   1   1 |     CCA   0   0   0   0   0   0 | Gln CAA   0   0   0   0   0   0 |     CGA   0   0   0   0   0   0
    CTG   2   2   2   2   3   2 |     CCG   0   0   0   0   0   0 |     CAG   3   3   3   3   3   3 |     CGG   0   0   0   0   0   0
--------------------------------------------------------------------------------------------------------------------------------------
Ile ATT   0   0   0   0   0   0 | Thr ACT   1   1   1   1   1   2 | Asn AAT   2   2   2   2   2   2 | Ser AGT   2   2   2   2   2   2
    ATC   1   0   1   1   1   2 |     ACC   1   1   1   1   1   1 |     AAC   1   1   1   1   1   1 |     AGC   0   0   0   0   0   0
    ATA   0   0   0   0   0   0 |     ACA   1   1   1   1   1   0 | Lys AAA   2   3   3   3   3   2 | Arg AGA   1   0   0   0   0   0
Met ATG   0   1   0   0   0   0 |     ACG   0   0   0   0   0   0 |     AAG   3   3   3   3   3   4 |     AGG   0   0   0   0   0   0
--------------------------------------------------------------------------------------------------------------------------------------
Val GTT   0   0   0   0   0   0 | Ala GCT   1   0   1   1   1   1 | Asp GAT   2   3   2   2   2   3 | Gly GGT   0   0   0   0   0   0
    GTC   2   2   2   2   2   1 |     GCC   2   3   2   2   2   2 |     GAC   1   0   1   1   0   0 |     GGC   2   2   2   2   2   2
    GTA   0   0   0   0   0   0 |     GCA   0   0   0   0   0   0 | Glu GAA   0   0   0   0   0   0 |     GGA   1   1   1   1   1   1
    GTG   4   4   4   4   4   4 |     GCG   0   0   0   0   0   0 |     GAG   0   0   0   0   1   0 |     GGG   3   3   3   3   3   3
--------------------------------------------------------------------------------------------------------------------------------------

--------------------------------------------------------------------------------------------------------------------------------------
Phe TTT   2   3   2   2   3   3 | Ser TCT   0   1   0   0   0   0 | Tyr TAT   1   1   1   1   1   2 | Cys TGT   2   1   2   2   2   2
    TTC   4   3   4   4   3   3 |     TCC   2   2   2   2   2   2 |     TAC   1   1   1   1   1   0 |     TGC   2   2   2   2   2   2
Leu TTA   0   0   0   0   0   0 |     TCA   0   0   0   0   0   0 | *** TAA   0   0   0   0   0   0 | *** TGA   0   0   0   0   0   0
    TTG   0   0   0   0   0   0 |     TCG   0   0   0   0   0   0 |     TAG   0   0   0   0   0   0 | Trp TGG   0   0   0   0   0   0
--------------------------------------------------------------------------------------------------------------------------------------
Leu CTT   1   2   1   1   1   1 | Pro CCT   0   0   0   0   0   0 | His CAT   0   0   1   0   0   0 | Arg CGT   0   0   0   0   0   0
    CTC   4   3   4   3   4   4 |     CCC   0   0   0   0   0   0 |     CAC   4   4   3   4   4   4 |     CGC   0   0   0   0   0   0
    CTA   1   1   1   1   1   1 |     CCA   0   0   0   0   0   0 | Gln CAA   0   0   0   0   0   0 |     CGA   0   0   0   0   0   0
    CTG   2   2   2   3   2   2 |     CCG   0   0   0   0   0   0 |     CAG   3   3   3   3   3   3 |     CGG   0   0   0   0   0   0
--------------------------------------------------------------------------------------------------------------------------------------
Ile ATT   0   0   0   0   0   0 | Thr ACT   2   1   3   2   1   1 | Asn AAT   2   2   2   1   2   2 | Ser AGT   2   2   2   2   2   2
    ATC   1   1   1   1   0   1 |     ACC   1   1   0   1   1   1 |     AAC   1   1   1   2   1   1 |     AGC   0   0   0   0   0   0
    ATA   0   0   0   0   0   0 |     ACA   0   1   0   0   1   1 | Lys AAA   2   3   2   2   3   2 | Arg AGA   0   0   0   0   0   1
Met ATG   0   0   0   0   1   0 |     ACG   0   0   0   0   0   0 |     AAG   4   3   4   4   3   2 |     AGG   0   0   0   0   0   1
--------------------------------------------------------------------------------------------------------------------------------------
Val GTT   0   0   0   0   0   0 | Ala GCT   1   1   1   1   0   1 | Asp GAT   2   2   2   2   2   2 | Gly GGT   0   0   0   0   0   0
    GTC   2   2   2   2   2   2 |     GCC   2   2   2   2   3   2 |     GAC   1   1   1   1   1   1 |     GGC   2   2   2   2   2   2
    GTA   0   0   0   0   0   1 |     GCA   0   0   0   0   0   0 | Glu GAA   0   0   0   0   0   0 |     GGA   1   1   1   1   1   0
    GTG   4   4   4   4   4   3 |     GCG   0   0   0   0   0   0 |     GAG   0   0   0   0   0   0 |     GGG   3   3   3   3   3   4
--------------------------------------------------------------------------------------------------------------------------------------

--------------------------------------------------------------------------------------------------------------------------------------
Phe TTT   3   3   3   3   3   3 | Ser TCT   0   0   0   0   0   0 | Tyr TAT   1   1   1   1   1   1 | Cys TGT   2   2   2   2   2   2
    TTC   3   3   3   3   3   3 |     TCC   2   2   2   2   2   2 |     TAC   1   1   1   1   1   1 |     TGC   2   2   2   2   2   2
Leu TTA   0   0   0   0   0   0 |     TCA   0   0   0   0   0   0 | *** TAA   0   0   0   0   0   0 | *** TGA   0   0   0   0   0   0
    TTG   0   0   0   0   0   0 |     TCG   0   0   0   0   0   0 |     TAG   0   0   0   0   0   0 | Trp TGG   0   0   0   0   0   0
--------------------------------------------------------------------------------------------------------------------------------------
Leu CTT   1   1   2   1   1   1 | Pro CCT   0   0   0   0   0   0 | His CAT   0   1   0   0   0   0 | Arg CGT   0   0   0   0   0   0
    CTC   3   4   3   4   4   4 |     CCC   0   0   0   0   0   0 |     CAC   4   3   4   4   4   4 |     CGC   0   0   0   0   0   0
    CTA   1   1   1   1   1   1 |     CCA   0   0   0   0   0   0 | Gln CAA   0   1   0   0   0   0 |     CGA   0   0   0   0   0   0
    CTG   3   2   2   2   2   2 |     CCG   0   0   0   0   0   0 |     CAG   3   2   3   3   3   3 |     CGG   0   0   0   0   0   0
--------------------------------------------------------------------------------------------------------------------------------------
Ile ATT   0   0   0   0   0   0 | Thr ACT   1   1   1   1   1   1 | Asn AAT   2   2   2   2   2   2 | Ser AGT   2   2   2   2   2   2
    ATC   1   1   1   1   1   1 |     ACC   1   1   1   1   1   1 |     AAC   1   1   1   1   1   1 |     AGC   0   0   0   0   0   0
    ATA   0   0   0   0   0   0 |     ACA   1   1   1   1   1   1 | Lys AAA   3   3   3   2   3   3 | Arg AGA   0   0   0   0   0   0
Met ATG   0   0   0   0   0   0 |     ACG   0   0   0   0   0   0 |     AAG   2   3   3   4   3   3 |     AGG   1   0   0   0   0   0
--------------------------------------------------------------------------------------------------------------------------------------
Val GTT   0   0   0   0   0   0 | Ala GCT   1   1   1   1   0   0 | Asp GAT   2   3   3   2   2   2 | Gly GGT   0   0   0   0   0   0
    GTC   2   2   2   2   2   2 |     GCC   2   2   2   2   3   3 |     GAC   1   0   0   1   1   1 |     GGC   2   2   2   2   2   2
    GTA   0   0   0   0   0   0 |     GCA   0   0   0   0   0   0 | Glu GAA   0   0   0   0   0   0 |     GGA   1   1   1   1   1   1
    GTG   4   4   4   4   4   4 |     GCG   0   0   0   0   0   0 |     GAG   0   0   0   0   0   0 |     GGG   3   3   3   3   3   3
--------------------------------------------------------------------------------------------------------------------------------------

Codon position x base (3x4) table for each sequence.

#1: Argali         
position  1:    T:0.20968    C:0.25806    A:0.25806    G:0.27419
position  2:    T:0.33871    C:0.12903    A:0.33871    G:0.19355
position  3:    T:0.27419    C:0.38710    A:0.09677    G:0.24194
Average         T:0.27419    C:0.25806    A:0.23118    G:0.23656

#2: LesserMouseDeer
position  1:    T:0.22581    C:0.24194    A:0.24194    G:0.29032
position  2:    T:0.33871    C:0.12903    A:0.33871    G:0.19355
position  3:    T:0.24194    C:0.40323    A:0.09677    G:0.25806
Average         T:0.26882    C:0.25806    A:0.22581    G:0.24731

#3: LesserKudu     
position  1:    T:0.22581    C:0.24194    A:0.24194    G:0.29032
position  2:    T:0.33871    C:0.12903    A:0.33871    G:0.19355
position  3:    T:0.22581    C:0.43548    A:0.09677    G:0.24194
Average         T:0.26344    C:0.26882    A:0.22581    G:0.24194

#4: ForestMuskDeer2
position  1:    T:0.22581    C:0.24194    A:0.24194    G:0.29032
position  2:    T:0.33871    C:0.12903    A:0.33871    G:0.19355
position  3:    T:0.24194    C:0.41935    A:0.08065    G:0.25806
Average         T:0.26882    C:0.26344    A:0.22043    G:0.24731

#5: Camel          
position  1:    T:0.24194    C:0.22581    A:0.24194    G:0.29032
position  2:    T:0.33871    C:0.12903    A:0.35484    G:0.17742
position  3:    T:0.20968    C:0.43548    A:0.14516    G:0.20968
Average         T:0.26344    C:0.26344    A:0.24731    G:0.22581

#6: KillerWhale    
position  1:    T:0.22581    C:0.24194    A:0.25806    G:0.27419
position  2:    T:0.33871    C:0.12903    A:0.33871    G:0.19355
position  3:    T:0.25806    C:0.38710    A:0.12903    G:0.22581
Average         T:0.27419    C:0.25269    A:0.24194    G:0.23118

#7: DefassaWaterbuck
position  1:    T:0.22581    C:0.24194    A:0.24194    G:0.29032
position  2:    T:0.33871    C:0.12903    A:0.33871    G:0.19355
position  3:    T:0.24194    C:0.41935    A:0.09677    G:0.24194
Average         T:0.26882    C:0.26344    A:0.22581    G:0.24194

#8: Sheep          
position  1:    T:0.20968    C:0.25806    A:0.25806    G:0.27419
position  2:    T:0.33871    C:0.12903    A:0.33871    G:0.19355
position  3:    T:0.27419    C:0.38710    A:0.09677    G:0.24194
Average         T:0.27419    C:0.25806    A:0.23118    G:0.23656

#9: MaxwellsDuiker 
position  1:    T:0.22581    C:0.24194    A:0.24194    G:0.29032
position  2:    T:0.33871    C:0.12903    A:0.33871    G:0.19355
position  3:    T:0.24194    C:0.41935    A:0.11290    G:0.22581
Average         T:0.26882    C:0.26344    A:0.23118    G:0.23656

#10: GazellaPrzewalskyi
position  1:    T:0.24194    C:0.24194    A:0.24194    G:0.27419
position  2:    T:0.33871    C:0.12903    A:0.33871    G:0.19355
position  3:    T:0.24194    C:0.38710    A:0.11290    G:0.25806
Average         T:0.27419    C:0.25269    A:0.23118    G:0.24194

#11: MountainNyala  
position  1:    T:0.22581    C:0.24194    A:0.24194    G:0.29032
position  2:    T:0.33871    C:0.12903    A:0.33871    G:0.19355
position  3:    T:0.22581    C:0.43548    A:0.09677    G:0.24194
Average         T:0.26344    C:0.26882    A:0.22581    G:0.24194

#12: MuntiacusMuntjak
position  1:    T:0.22581    C:0.24194    A:0.24194    G:0.29032
position  2:    T:0.33871    C:0.12903    A:0.33871    G:0.19355
position  3:    T:0.27419    C:0.40323    A:0.06452    G:0.25806
Average         T:0.27957    C:0.25806    A:0.21505    G:0.24731

#13: goat           
position  1:    T:0.22581    C:0.24194    A:0.24194    G:0.29032
position  2:    T:0.33871    C:0.12903    A:0.33871    G:0.19355
position  3:    T:0.25806    C:0.40323    A:0.09677    G:0.24194
Average         T:0.27419    C:0.25806    A:0.22581    G:0.24194

#14: AfricanBuffalo 
position  1:    T:0.22581    C:0.24194    A:0.24194    G:0.29032
position  2:    T:0.33871    C:0.12903    A:0.32258    G:0.20968
position  3:    T:0.25806    C:0.40323    A:0.09677    G:0.24194
Average         T:0.27419    C:0.25806    A:0.22043    G:0.24731

#15: Topi           
position  1:    T:0.22581    C:0.24194    A:0.22581    G:0.30645
position  2:    T:0.33871    C:0.12903    A:0.32258    G:0.20968
position  3:    T:0.27419    C:0.38710    A:0.09677    G:0.24194
Average         T:0.27957    C:0.25269    A:0.21505    G:0.25269

#16: CommonDuiker   
position  1:    T:0.22581    C:0.24194    A:0.24194    G:0.29032
position  2:    T:0.33871    C:0.12903    A:0.33871    G:0.19355
position  3:    T:0.29032    C:0.37097    A:0.11290    G:0.22581
Average         T:0.28495    C:0.24731    A:0.23118    G:0.23656

#17: Suni           
position  1:    T:0.22581    C:0.24194    A:0.24194    G:0.29032
position  2:    T:0.33871    C:0.12903    A:0.33871    G:0.19355
position  3:    T:0.24194    C:0.41935    A:0.09677    G:0.24194
Average         T:0.26882    C:0.26344    A:0.22581    G:0.24194

#18: Springbuck     
position  1:    T:0.22581    C:0.24194    A:0.24194    G:0.29032
position  2:    T:0.33871    C:0.12903    A:0.33871    G:0.19355
position  3:    T:0.25806    C:0.40323    A:0.11290    G:0.22581
Average         T:0.27419    C:0.25806    A:0.23118    G:0.23656

#19: Okapi          
position  1:    T:0.22581    C:0.24194    A:0.25806    G:0.27419
position  2:    T:0.33871    C:0.12903    A:0.33871    G:0.19355
position  3:    T:0.25806    C:0.38710    A:0.11290    G:0.24194
Average         T:0.27419    C:0.25269    A:0.23656    G:0.23656

#20: Giraffe        
position  1:    T:0.22581    C:0.24194    A:0.24194    G:0.29032
position  2:    T:0.33871    C:0.12903    A:0.33871    G:0.19355
position  3:    T:0.25806    C:0.40323    A:0.09677    G:0.24194
Average         T:0.27419    C:0.25806    A:0.22581    G:0.24194

#21: TibetanAntelope
position  1:    T:0.22581    C:0.24194    A:0.24194    G:0.29032
position  2:    T:0.33871    C:0.12903    A:0.33871    G:0.19355
position  3:    T:0.27419    C:0.37097    A:0.11290    G:0.24194
Average         T:0.27957    C:0.24731    A:0.23118    G:0.24194

#22: Sitatunga      
position  1:    T:0.22581    C:0.24194    A:0.24194    G:0.29032
position  2:    T:0.33871    C:0.12903    A:0.33871    G:0.19355
position  3:    T:0.22581    C:0.43548    A:0.09677    G:0.24194
Average         T:0.26344    C:0.26882    A:0.22581    G:0.24194

#23: Oribi          
position  1:    T:0.22581    C:0.24194    A:0.24194    G:0.29032
position  2:    T:0.33871    C:0.12903    A:0.33871    G:0.19355
position  3:    T:0.25806    C:0.38710    A:0.09677    G:0.25806
Average         T:0.27419    C:0.25269    A:0.22581    G:0.24731

#24: BarbarySheep   
position  1:    T:0.22581    C:0.24194    A:0.25806    G:0.27419
position  2:    T:0.33871    C:0.12903    A:0.33871    G:0.19355
position  3:    T:0.27419    C:0.38710    A:0.09677    G:0.24194
Average         T:0.27957    C:0.25269    A:0.23118    G:0.23656

#25: Daviddeer      
position  1:    T:0.22581    C:0.24194    A:0.24194    G:0.29032
position  2:    T:0.33871    C:0.12903    A:0.33871    G:0.19355
position  3:    T:0.22581    C:0.45161    A:0.06452    G:0.25806
Average         T:0.26344    C:0.27419    A:0.21505    G:0.24731

#26: Reindeer       
position  1:    T:0.22581    C:0.24194    A:0.24194    G:0.29032
position  2:    T:0.33871    C:0.12903    A:0.33871    G:0.19355
position  3:    T:0.24194    C:0.41935    A:0.06452    G:0.27419
Average         T:0.26882    C:0.26344    A:0.21505    G:0.25269

#27: Ibex           
position  1:    T:0.22581    C:0.24194    A:0.24194    G:0.29032
position  2:    T:0.33871    C:0.12903    A:0.33871    G:0.19355
position  3:    T:0.27419    C:0.38710    A:0.09677    G:0.24194
Average         T:0.27957    C:0.25269    A:0.22581    G:0.24194

#28: GyrantGazelle  
position  1:    T:0.22581    C:0.24194    A:0.24194    G:0.29032
position  2:    T:0.33871    C:0.12903    A:0.33871    G:0.19355
position  3:    T:0.25806    C:0.40323    A:0.09677    G:0.24194
Average         T:0.27419    C:0.25806    A:0.22581    G:0.24194

#29: Hartebeest     
position  1:    T:0.22581    C:0.24194    A:0.24194    G:0.29032
position  2:    T:0.33871    C:0.12903    A:0.32258    G:0.20968
position  3:    T:0.25806    C:0.40323    A:0.09677    G:0.24194
Average         T:0.27419    C:0.25806    A:0.22043    G:0.24731

#30: Bongo          
position  1:    T:0.22581    C:0.24194    A:0.24194    G:0.29032
position  2:    T:0.33871    C:0.12903    A:0.33871    G:0.19355
position  3:    T:0.22581    C:0.43548    A:0.09677    G:0.24194
Average         T:0.26344    C:0.26882    A:0.22581    G:0.24194

#31: Gerenuk        
position  1:    T:0.22581    C:0.24194    A:0.24194    G:0.29032
position  2:    T:0.33871    C:0.12903    A:0.33871    G:0.19355
position  3:    T:0.24194    C:0.41935    A:0.09677    G:0.24194
Average         T:0.26882    C:0.26344    A:0.22581    G:0.24194

#32: CommonEland    
position  1:    T:0.22581    C:0.24194    A:0.24194    G:0.29032
position  2:    T:0.33871    C:0.12903    A:0.33871    G:0.19355
position  3:    T:0.22581    C:0.43548    A:0.09677    G:0.24194
Average         T:0.26344    C:0.26882    A:0.22581    G:0.24194

#33: MuntiacusReevesi
position  1:    T:0.22581    C:0.24194    A:0.24194    G:0.29032
position  2:    T:0.33871    C:0.11290    A:0.35484    G:0.19355
position  3:    T:0.25806    C:0.41935    A:0.06452    G:0.25806
Average         T:0.27419    C:0.25806    A:0.22043    G:0.24731

#34: HarveysDuiker  
position  1:    T:0.24194    C:0.22581    A:0.24194    G:0.29032
position  2:    T:0.33871    C:0.12903    A:0.33871    G:0.19355
position  3:    T:0.25806    C:0.40323    A:0.11290    G:0.22581
Average         T:0.27957    C:0.25269    A:0.23118    G:0.23656

#35: Pronghorn      
position  1:    T:0.22581    C:0.24194    A:0.24194    G:0.29032
position  2:    T:0.33871    C:0.12903    A:0.33871    G:0.19355
position  3:    T:0.22581    C:0.43548    A:0.08065    G:0.25806
Average         T:0.26344    C:0.26882    A:0.22043    G:0.24731

#36: BlueWildebeest 
position  1:    T:0.22581    C:0.24194    A:0.24194    G:0.29032
position  2:    T:0.33871    C:0.12903    A:0.32258    G:0.20968
position  3:    T:0.25806    C:0.40323    A:0.09677    G:0.24194
Average         T:0.27419    C:0.25806    A:0.22043    G:0.24731

#37: Gemsbok        
position  1:    T:0.22581    C:0.24194    A:0.24194    G:0.29032
position  2:    T:0.33871    C:0.12903    A:0.32258    G:0.20968
position  3:    T:0.25806    C:0.40323    A:0.09677    G:0.24194
Average         T:0.27419    C:0.25806    A:0.22043    G:0.24731

#38: Yak            
position  1:    T:0.22581    C:0.24194    A:0.24194    G:0.29032
position  2:    T:0.33871    C:0.12903    A:0.33871    G:0.19355
position  3:    T:0.24194    C:0.40323    A:0.09677    G:0.25806
Average         T:0.26882    C:0.25806    A:0.22581    G:0.24731

#39: BlueSheep      
position  1:    T:0.22581    C:0.24194    A:0.24194    G:0.29032
position  2:    T:0.33871    C:0.12903    A:0.33871    G:0.19355
position  3:    T:0.25806    C:0.40323    A:0.09677    G:0.24194
Average         T:0.27419    C:0.25806    A:0.22581    G:0.24194

#40: BohorReedbuck  
position  1:    T:0.22581    C:0.24194    A:0.24194    G:0.29032
position  2:    T:0.33871    C:0.12903    A:0.33871    G:0.19355
position  3:    T:0.25806    C:0.40323    A:0.09677    G:0.24194
Average         T:0.27419    C:0.25806    A:0.22581    G:0.24194

#41: KirksDik       
position  1:    T:0.22581    C:0.24194    A:0.24194    G:0.29032
position  2:    T:0.33871    C:0.12903    A:0.33871    G:0.19355
position  3:    T:0.24194    C:0.38710    A:0.09677    G:0.27419
Average         T:0.26882    C:0.25269    A:0.22581    G:0.25269

#42: RoeDeer        
position  1:    T:0.22581    C:0.24194    A:0.25806    G:0.27419
position  2:    T:0.33871    C:0.12903    A:0.33871    G:0.19355
position  3:    T:0.29032    C:0.38710    A:0.06452    G:0.25806
Average         T:0.28495    C:0.25269    A:0.22043    G:0.24194

#43: WhiteLippedDeer
position  1:    T:0.22581    C:0.24194    A:0.24194    G:0.29032
position  2:    T:0.33871    C:0.12903    A:0.33871    G:0.19355
position  3:    T:0.24194    C:0.43548    A:0.06452    G:0.25806
Average         T:0.26882    C:0.26882    A:0.21505    G:0.24731

#44: ThomsonGazelle 
position  1:    T:0.22581    C:0.24194    A:0.24194    G:0.29032
position  2:    T:0.33871    C:0.14516    A:0.33871    G:0.17742
position  3:    T:0.25806    C:0.40323    A:0.09677    G:0.24194
Average         T:0.27419    C:0.26344    A:0.22581    G:0.23656

#45: MuntiacusCrinifrons
position  1:    T:0.22581    C:0.24194    A:0.24194    G:0.29032
position  2:    T:0.33871    C:0.12903    A:0.33871    G:0.19355
position  3:    T:0.27419    C:0.40323    A:0.06452    G:0.25806
Average         T:0.27957    C:0.25806    A:0.21505    G:0.24731

#46: WhiteTailedDeer
position  1:    T:0.22581    C:0.24194    A:0.24194    G:0.29032
position  2:    T:0.33871    C:0.12903    A:0.33871    G:0.19355
position  3:    T:0.22581    C:0.43548    A:0.06452    G:0.27419
Average         T:0.26344    C:0.26882    A:0.21505    G:0.25269

#47: Cattle         
position  1:    T:0.22581    C:0.24194    A:0.24194    G:0.29032
position  2:    T:0.33871    C:0.12903    A:0.33871    G:0.19355
position  3:    T:0.22581    C:0.41935    A:0.09677    G:0.25806
Average         T:0.26344    C:0.26344    A:0.22581    G:0.24731

#48: RoyalAntelope  
position  1:    T:0.22581    C:0.24194    A:0.24194    G:0.29032
position  2:    T:0.33871    C:0.12903    A:0.30645    G:0.22581
position  3:    T:0.25806    C:0.40323    A:0.09677    G:0.24194
Average         T:0.27419    C:0.25806    A:0.21505    G:0.25269

#49: Steenbok       
position  1:    T:0.22581    C:0.24194    A:0.24194    G:0.29032
position  2:    T:0.33871    C:0.12903    A:0.32258    G:0.20968
position  3:    T:0.24194    C:0.40323    A:0.09677    G:0.25806
Average         T:0.26882    C:0.25806    A:0.22043    G:0.25269

#50: Impala         
position  1:    T:0.22581    C:0.24194    A:0.24194    G:0.29032
position  2:    T:0.33871    C:0.12903    A:0.33871    G:0.19355
position  3:    T:0.27419    C:0.38710    A:0.11290    G:0.22581
Average         T:0.27957    C:0.25269    A:0.23118    G:0.23656

#51: Klipspringer   
position  1:    T:0.22581    C:0.24194    A:0.24194    G:0.29032
position  2:    T:0.33871    C:0.12903    A:0.33871    G:0.19355
