1
52 1
Argali 0.000000 0.209500 0.128900 0.260000 0.072800 0.004200 0.077900 0.095100 0.104400 0.114500 0.041900 0.094200 0.086000 0.109100 0.086000 0.096700 0.126400 0.113800 0.077400 0.113700 0.077500 0.033700 0.117400 0.122700 0.050200 0.100000 0.072700 0.122100 0.091600 0.131500 0.105100 0.091400 0.191500 0.077300 0.077700 0.095100 0.042400 0.100500 0.068800 0.134500 0.108400 0.095300 0.110500 0.117200 0.099700 0.086300 0.094600 0.106600 0.105300 0.086600 0.112900 0.122900
LesserMous 0.209500 0.000000 0.229100 0.254600 0.203300 0.205300 0.188300 0.229600 0.217000 0.188800 0.218500 0.215300 0.202500 0.213000 0.195700 0.226800 0.243100 0.224000 0.234800 0.227800 0.208300 0.210900 0.190700 0.181300 0.216900 0.223500 0.187200 0.236500 0.209600 0.225900 0.188700 0.203800 0.282700 0.191900 0.224600 0.196300 0.210300 0.235800 0.198500 0.200900 0.191200 0.228300 0.184800 0.195000 0.207000 0.218400 0.227100 0.222400 0.236500 0.188400 0.226000 0.227800
LesserKudu 0.128900 0.229100 0.000000 0.231900 0.100300 0.124600 0.091600 0.128200 0.037500 0.133700 0.118800 0.071800 0.104800 0.123300 0.090600 0.094900 0.112600 0.128000 0.123500 0.046000 0.095700 0.110800 0.126900 0.127500 0.127500 0.109200 0.091200 0.045700 0.091300 0.045700 0.133500 0.096000 0.186200 0.090400 0.108100 0.081300 0.101000 0.128600 0.082300 0.144500 0.127000 0.086400 0.120100 0.121900 0.081400 0.090900 0.099300 0.135300 0.119600 0.100500 0.045700 0.046000
KillerWhal 0.260000 0.254600 0.231900 0.000000 0.264000 0.260800 0.265100 0.241500 0.240700 0.249200 0.263400 0.228400 0.241400 0.268700 0.241200 0.270800 0.245900 0.258800 0.302800 0.251500 0.263700 0.266800 0.224300 0.230800 0.272600 0.269000 0.236700 0.249400 0.270500 0.238900 0.238400 0.270200 0.271300 0.241500 0.252100 0.215100 0.260500 0.286800 0.258700 0.229800 0.224600 0.263400 0.245000 0.244400 0.225700 0.253100 0.272500 0.291500 0.288700 0.222900 0.249500 0.251200
DefassaWat 0.072800 0.203300 0.100300 0.264000 0.000000 0.068900 0.059800 0.076700 0.094900 0.100300 0.072400 0.076100 0.063500 0.081500 0.059200 0.069000 0.107500 0.095000 0.077200 0.104100 0.050800 0.064300 0.103300 0.108500 0.080800 0.081400 0.059300 0.103400 0.064200 0.103400 0.109300 0.064100 0.180600 0.063800 0.072900 0.085700 0.064400 0.033500 0.042200 0.119800 0.094300 0.068100 0.096200 0.103200 0.085800 0.059300 0.058900 0.092300 0.082100 0.077400 0.094300 0.104000
Sheep 0.004200 0.205300 0.124600 0.260800 0.068900 0.000000 0.073600 0.091300 0.100100 0.110200 0.037900 0.090000 0.082200 0.104900 0.081800 0.092400 0.122200 0.109600 0.073200 0.109400 0.073300 0.029700 0.113200 0.118500 0.046300 0.095700 0.068800 0.117800 0.087300 0.127300 0.100900 0.087200 0.187100 0.073100 0.073500 0.090900 0.038200 0.096200 0.064500 0.130200 0.104200 0.091100 0.106200 0.113000 0.095400 0.082100 0.090400 0.102300 0.101000 0.082400 0.108600 0.118600
MaxwellsDu 0.077900 0.188300 0.091600 0.265100 0.059800 0.073600 0.000000 0.077600 0.077300 0.105300 0.077400 0.076400 0.073000 0.055100 0.059500 0.060400 0.098900 0.095500 0.082000 0.086300 0.051000 0.060400 0.108300 0.095200 0.085900 0.072900 0.059800 0.085700 0.064500 0.085700 0.105200 0.038000 0.181600 0.064000 0.073200 0.086100 0.060300 0.086800 0.033800 0.106100 0.108400 0.050900 0.092000 0.090000 0.086200 0.050900 0.050500 0.088100 0.082500 0.068900 0.085700 0.086300
GazellaPrz 0.095100 0.229600 0.128200 0.241500 0.076700 0.091300 0.077600 0.000000 0.104000 0.123300 0.094500 0.102800 0.081000 0.108600 0.076700 0.069000 0.125700 0.122500 0.108800 0.113400 0.050700 0.086600 0.116900 0.122200 0.103000 0.055000 0.072300 0.112500 0.073200 0.112400 0.113900 0.082000 0.180700 0.076900 0.086300 0.103800 0.086700 0.095100 0.042200 0.133900 0.117100 0.059300 0.109900 0.116800 0.113000 0.068100 0.067600 0.106100 0.109500 0.077500 0.112500 0.113100
MountainNy 0.104400 0.217000 0.037500 0.240700 0.094900 0.100100 0.077300 0.104000 0.000000 0.127600 0.113000 0.075600 0.108500 0.117500 0.085300 0.089800 0.116200 0.122100 0.117700 0.008100 0.085800 0.095800 0.139800 0.121600 0.121700 0.099200 0.094900 0.016200 0.086100 0.024500 0.118200 0.090500 0.174100 0.090200 0.102700 0.076300 0.104700 0.122800 0.068200 0.138200 0.130700 0.076600 0.114200 0.116200 0.080700 0.076700 0.085000 0.129200 0.118400 0.077100 0.016200 0.016300
MuntiacusM 0.114500 0.188800 0.133700 0.249200 0.100300 0.110200 0.105300 0.123300 0.127600 0.000000 0.113800 0.098800 0.123300 0.114000 0.113500 0.124800 0.117200 0.104600 0.118500 0.137200 0.104800 0.105900 0.054700 0.055200 0.122400 0.127800 0.109400 0.136300 0.100800 0.136300 0.016500 0.119200 0.176700 0.104500 0.123600 0.118200 0.105600 0.119000 0.095900 0.042800 0.054700 0.113700 0.012500 0.067800 0.118400 0.113800 0.122100 0.125600 0.138400 0.091500 0.126900 0.137200
goat 0.041900 0.218500 0.118800 0.263400 0.072400 0.037900 0.077400 0.094500 0.113000 0.113800 0.000000 0.102700 0.085600 0.108500 0.085600 0.096100 0.125700 0.122400 0.077000 0.122500 0.068200 0.042100 0.116700 0.112800 0.007900 0.108400 0.072300 0.121600 0.091100 0.121600 0.123000 0.090900 0.205800 0.076900 0.086200 0.112800 0.042200 0.099900 0.068400 0.133700 0.116800 0.094800 0.109800 0.107500 0.112900 0.076900 0.094100 0.105900 0.095600 0.095100 0.112400 0.113000
AfricanBuf 0.094200 0.215300 0.071800 0.228400 0.076100 0.090000 0.076400 0.102800 0.075600 0.098800 0.102700 0.000000 0.093800 0.098100 0.075700 0.085800 0.088200 0.084700 0.098300 0.075700 0.071700 0.085800 0.101800 0.093300 0.111100 0.093600 0.080500 0.075200 0.071900 0.083900 0.089700 0.080800 0.148000 0.075900 0.085200 0.032800 0.085500 0.103100 0.058700 0.108800 0.101900 0.071500 0.085800 0.106000 0.032900 0.075800 0.084100 0.104600 0.094400 0.067500 0.075100 0.084400
Topi 0.086000 0.202500 0.104800 0.241400 0.063500 0.082200 0.073000 0.081000 0.108500 0.123300 0.085600 0.093800 0.000000 0.085900 0.059200 0.087000 0.125800 0.113300 0.081600 0.113500 0.077100 0.077600 0.126100 0.112800 0.094000 0.090300 0.012300 0.107800 0.091100 0.098700 0.123100 0.068500 0.201000 0.016500 0.055100 0.090200 0.077700 0.090700 0.059600 0.129000 0.126200 0.085900 0.109900 0.107500 0.090300 0.076900 0.085300 0.096800 0.091200 0.095400 0.107800 0.117800
CommonDuik 0.109100 0.213000 0.123300 0.268700 0.081500 0.104900 0.055100 0.108600 0.117500 0.114000 0.108500 0.098100 0.085900 0.000000 0.072200 0.091400 0.121000 0.108500 0.104100 0.122500 0.081400 0.091400 0.130600 0.117400 0.117100 0.103800 0.072600 0.126000 0.086400 0.126000 0.123200 0.050700 0.205800 0.076800 0.086200 0.099000 0.091200 0.099800 0.063900 0.110100 0.130800 0.090200 0.109900 0.111900 0.099100 0.081300 0.089600 0.101400 0.095500 0.099800 0.126000 0.126800
Suni 0.086000 0.195700 0.090600 0.241200 0.059200 0.081800 0.059500 0.076700 0.085300 0.113500 0.085600 0.075700 0.059200 0.072200 0.000000 0.064100 0.106900 0.085400 0.081300 0.090000 0.059200 0.068700 0.107200 0.112500 0.085100 0.081000 0.046200 0.084800 0.068100 0.084800 0.113400 0.055100 0.169100 0.050400 0.068200 0.067500 0.068500 0.085900 0.042000 0.123800 0.116500 0.067700 0.100300 0.107200 0.058900 0.059000 0.054200 0.087200 0.063900 0.077000 0.084800 0.094300
Springbuck 0.096700 0.226800 0.094900 0.270800 0.069000 0.092400 0.060400 0.069000 0.089800 0.124800 0.096100 0.085800 0.087000 0.091400 0.064100 0.000000 0.090200 0.095900 0.100800 0.099300 0.038200 0.078900 0.118100 0.123700 0.104700 0.064400 0.073500 0.098400 0.046900 0.098600 0.124600 0.064800 0.165600 0.077900 0.078000 0.089900 0.069500 0.091900 0.025400 0.135500 0.118300 0.051100 0.111300 0.118100 0.090000 0.058500 0.050800 0.098000 0.092100 0.078300 0.098400 0.099200
Okapi 0.126400 0.243100 0.112600 0.245900 0.107500 0.122200 0.098900 0.125700 0.116200 0.117200 0.125700 0.088200 0.125800 0.121000 0.106900 0.090200 0.000000 0.054300 0.130400 0.116300 0.098300 0.117900 0.102000 0.107100 0.134300 0.120700 0.112100 0.115500 0.094500 0.124700 0.107900 0.112500 0.193300 0.107300 0.117000 0.106900 0.108200 0.135500 0.080700 0.118300 0.101900 0.089100 0.104000 0.119900 0.107100 0.093700 0.097300 0.142000 0.126500 0.107900 0.115500 0.125500
Giraffe 0.113800 0.224000 0.128000 0.258800 0.095000 0.109600 0.095500 0.122500 0.122100 0.104600 0.122400 0.084700 0.113300 0.108500 0.085400 0.095900 0.054300 0.000000 0.117900 0.122200 0.094900 0.105200 0.098500 0.094600 0.121700 0.117600 0.099600 0.121400 0.090900 0.130700 0.095300 0.099900 0.180100 0.094800 0.090700 0.103500 0.104900 0.122900 0.077200 0.105500 0.107700 0.094700 0.091300 0.098400 0.103600 0.094700 0.103100 0.134300 0.109200 0.104500 0.121400 0.131600
TibetanAnt 0.077400 0.234800 0.123500 0.302800 0.077200 0.073200 0.082000 0.108800 0.117700 0.118500 0.077000 0.098300 0.081600 0.104100 0.081300 0.100800 0.130400 0.117900 0.000000 0.122800 0.090600 0.068900 0.130700 0.126800 0.085400 0.113200 0.068300 0.126300 0.095700 0.126300 0.118400 0.086500 0.216900 0.063800 0.081900 0.108400 0.068700 0.104500 0.072900 0.119600 0.121500 0.090400 0.105200 0.121300 0.108500 0.090400 0.089700 0.101500 0.105000 0.109300 0.126300 0.127100
Sitatunga 0.113700 0.227800 0.046000 0.251500 0.104100 0.109400 0.086300 0.113400 0.008100 0.137200 0.122500 0.075700 0.113500 0.122500 0.090000 0.099300 0.116300 0.122200 0.122800 0.000000 0.095000 0.105100 0.149400 0.121700 0.131100 0.108400 0.099800 0.016200 0.095300 0.032800 0.127700 0.095400 0.174300 0.095000 0.107800 0.072100 0.114100 0.132300 0.077200 0.148000 0.140200 0.085700 0.123700 0.125500 0.076500 0.085700 0.094000 0.134400 0.123400 0.086200 0.016200 0.024600
Oribi 0.077500 0.208300 0.095700 0.263700 0.050800 0.073300 0.051000 0.050700 0.085800 0.104800 0.068200 0.071700 0.077100 0.081400 0.059200 0.038200 0.098300 0.094900 0.090600 0.095000 0.000000 0.069000 0.103300 0.113000 0.076600 0.046200 0.063900 0.094300 0.033800 0.094300 0.113900 0.055300 0.165500 0.068200 0.077400 0.081200 0.068800 0.068400 0.016700 0.124400 0.103400 0.033400 0.100700 0.107600 0.081300 0.050600 0.041700 0.087700 0.077400 0.068500 0.085300 0.085800
BarbaryShe 0.033700 0.210900 0.110800 0.266800 0.064300 0.029700 0.060400 0.086600 0.095800 0.105900 0.042100 0.085800 0.077600 0.091400 0.068700 0.078900 0.117900 0.105200 0.068900 0.105100 0.069000 0.000000 0.108900 0.105000 0.041900 0.091400 0.064300 0.104300 0.083000 0.113700 0.105800 0.073800 0.182400 0.068900 0.078200 0.095700 0.025400 0.091900 0.051400 0.116300 0.109000 0.077800 0.092600 0.099600 0.091100 0.068900 0.077200 0.088600 0.087500 0.078100 0.104300 0.105000
Daviddeer 0.117400 0.190700 0.126900 0.224300 0.103300 0.113200 0.108300 0.116900 0.139800 0.054700 0.116700 0.101800 0.126100 0.130600 0.107200 0.118100 0.102000 0.098500 0.130700 0.149400 0.103300 0.108900 0.000000 0.058700 0.116000 0.116800 0.112400 0.148400 0.103800 0.148400 0.063300 0.122100 0.153900 0.116700 0.117200 0.111800 0.099400 0.131200 0.099000 0.059500 0.016300 0.112200 0.050600 0.062500 0.112000 0.107600 0.124900 0.137900 0.127000 0.094700 0.139100 0.149400
Reindeer 0.122700 0.181300 0.127500 0.230800 0.108500 0.118500 0.095200 0.122200 0.121600 0.055200 0.112800 0.093300 0.112800 0.117400 0.112500 0.123700 0.107100 0.094600 0.126800 0.121700 0.113000 0.105000 0.058700 0.000000 0.121400 0.126700 0.099300 0.120800 0.118400 0.130100 0.055100 0.108800 0.159600 0.103600 0.108400 0.103200 0.104700 0.136600 0.095000 0.046900 0.058700 0.122000 0.042400 0.020500 0.103400 0.112800 0.121000 0.133900 0.137200 0.086100 0.120800 0.131000
Ibex 0.050200 0.216900 0.127500 0.272600 0.080800 0.046300 0.085900 0.103000 0.121700 0.122400 0.007900 0.111100 0.094000 0.117100 0.085100 0.104700 0.134300 0.121700 0.085400 0.131100 0.076600 0.041900 0.116000 0.121400 0.000000 0.117000 0.080700 0.130200 0.099600 0.130200 0.131600 0.099400 0.214900 0.085400 0.094800 0.121300 0.050600 0.108500 0.076800 0.142400 0.125400 0.103300 0.118400 0.115900 0.121500 0.085400 0.102600 0.114600 0.095000 0.103700 0.121000 0.121600
GyrantGaze 0.100000 0.223500 0.109200 0.269000 0.081400 0.095700 0.072900 0.055000 0.099200 0.127800 0.108400 0.093600 0.090300 0.103800 0.081000 0.064400 0.120700 0.117600 0.113200 0.108400 0.046200 0.091400 0.116800 0.126700 0.117000 0.000000 0.077000 0.116800 0.064100 0.107600 0.118400 0.068400 0.170200 0.081200 0.090700 0.094500 0.091100 0.108900 0.037800 0.138400 0.117000 0.029100 0.114400 0.121100 0.103600 0.054900 0.063100 0.110600 0.081800 0.072800 0.116700 0.117500
Hartebeest 0.072700 0.187200 0.091200 0.236700 0.059300 0.068800 0.059800 0.072300 0.094900 0.109400 0.072300 0.080500 0.012300 0.072600 0.046200 0.073500 0.112100 0.099600 0.068300 0.099800 0.063900 0.064300 0.112400 0.099300 0.080700 0.077000 0.000000 0.094300 0.077600 0.085300 0.109300 0.055300 0.185800 0.004100 0.042200 0.076900 0.064400 0.086400 0.046600 0.115000 0.112500 0.072600 0.096200 0.094000 0.077000 0.063700 0.072000 0.083100 0.077700 0.082000 0.094300 0.104100
Bongo 0.122100 0.236500 0.045700 0.249400 0.103400 0.117800 0.085700 0.112500 0.016200 0.136300 0.121600 0.075200 0.107800 0.126000 0.084800 0.098400 0.115500 0.121400 0.126300 0.016200 0.094300 0.104300 0.148400 0.120800 0.130200 0.116800 0.094300 0.000000 0.094600 0.024300 0.136100 0.099000 0.182800 0.089600 0.111300 0.084600 0.113300 0.131400 0.076600 0.146900 0.148600 0.085100 0.122800 0.124600 0.080200 0.085100 0.093400 0.137900 0.127000 0.094500 0.008000 0.024400
Gerenuk 0.091600 0.209600 0.091300 0.270500 0.064200 0.087300 0.064500 0.073200 0.086100 0.100800 0.091100 0.071900 0.091100 0.086400 0.068100 0.046900 0.094500 0.090900 0.095700 0.095300 0.033800 0.083000 0.103800 0.118400 0.099600 0.064100 0.077600 0.094600 0.000000 0.094600 0.109900 0.068900 0.171100 0.072900 0.091400 0.085900 0.082700 0.091400 0.029500 0.120400 0.103900 0.042300 0.096600 0.112900 0.086000 0.064000 0.054900 0.102100 0.091700 0.082300 0.085600 0.095200
CommonElan 0.131500 0.225900 0.045700 0.238900 0.103400 0.127300 0.085700 0.112400 0.024500 0.136300 0.121600 0.083900 0.098700 0.126000 0.084800 0.098600 0.124700 0.130700 0.126300 0.032800 0.094300 0.113700 0.148400 0.130100 0.130200 0.107600 0.085300 0.024300 0.094600 0.000000 0.136100 0.099000 0.198400 0.080700 0.111500 0.089100 0.113300 0.131400 0.076600 0.146900 0.148600 0.085100 0.122800 0.124600 0.089200 0.076300 0.093400 0.137900 0.117700 0.094500 0.024300 0.032600
MuntiacusR 0.105100 0.188700 0.133500 0.238400 0.109300 0.100900 0.105200 0.113900 0.118200 0.016500 0.123000 0.089700 0.123100 0.123200 0.113400 0.124600 0.107900 0.095300 0.118400 0.127700 0.113900 0.105800 0.063300 0.055100 0.131600 0.118400 0.109300 0.136100 0.109900 0.136100 0.000000 0.119100 0.166400 0.104400 0.114100 0.099700 0.105500 0.137700 0.095800 0.051500 0.054700 0.113600 0.012500 0.067700 0.109000 0.113600 0.122000 0.135000 0.138200 0.082400 0.136100 0.137000
HarveysDui 0.091400 0.203800 0.096000 0.270200 0.064100 0.087200 0.038000 0.082000 0.090500 0.119200 0.090900 0.080800 0.068500 0.050700 0.055100 0.064800 0.112500 0.099900 0.086500 0.095400 0.055300 0.073800 0.122100 0.108800 0.099400 0.068400 0.055300 0.099000 0.068900 0.099000 0.119100 0.000000 0.176300 0.059600 0.068700 0.081600 0.073600 0.091200 0.038100 0.120200 0.122200 0.055200 0.105800 0.103500 0.081600 0.064000 0.063500 0.083500 0.078000 0.082300 0.099000 0.099700
Pronghorn 0.191500 0.282700 0.186200 0.271300 0.180600 0.187100 0.181600 0.180700 0.174100 0.176700 0.205800 0.148000 0.201000 0.205800 0.169100 0.165600 0.193300 0.180100 0.216900 0.174300 0.165500 0.182400 0.153900 0.159600 0.214900 0.170200 0.185800 0.182800 0.171100 0.198400 0.166400 0.176300 0.000000 0.190500 0.189900 0.139500 0.187200 0.201800 0.150900 0.178000 0.154100 0.165100 0.162500 0.173100 0.144000 0.170000 0.178600 0.205300 0.180900 0.136200 0.182900 0.184000
BlueWildeb 0.077300 0.191900 0.090400 0.241500 0.063800 0.073100 0.064000 0.076900 0.090200 0.104500 0.076900 0.075900 0.016500 0.076800 0.050400 0.077900 0.107300 0.094800 0.063800 0.095000 0.068200 0.068900 0.116700 0.103600 0.085400 0.081200 0.004100 0.089600 0.072900 0.080700 0.104400 0.059600 0.190500 0.000000 0.046400 0.081200 0.068700 0.090700 0.050800 0.110000 0.116900 0.068000 0.091300 0.098300 0.081300 0.068000 0.076300 0.087500 0.082000 0.086300 0.089600 0.099300
Gemsbok 0.077700 0.224600 0.108100 0.252100 0.072900 0.073500 0.073200 0.086300 0.102700 0.123600 0.086200 0.085200 0.055100 0.086200 0.068200 0.078000 0.117000 0.090700 0.081900 0.107800 0.077400 0.078200 0.117200 0.108400 0.094800 0.090700 0.042200 0.111300 0.091400 0.111500 0.114100 0.068700 0.189900 0.046400 0.000000 0.084600 0.078000 0.100300 0.059800 0.129300 0.126600 0.077200 0.110200 0.103100 0.084700 0.066700 0.085500 0.097100 0.091500 0.086700 0.111300 0.112200
Yak 0.095100 0.196300 0.081300 0.215100 0.085700 0.090900 0.086100 0.103800 0.076300 0.118200 0.112800 0.032800 0.090200 0.099000 0.067500 0.089900 0.106900 0.103500 0.108400 0.072100 0.081200 0.095700 0.111800 0.103200 0.121300 0.094500 0.076900 0.084600 0.085900 0.089100 0.099700 0.081600 0.139500 0.081200 0.084600 0.000000 0.095400 0.113200 0.068100 0.128600 0.102900 0.090000 0.104900 0.116000 0.015600 0.085400 0.093800 0.115000 0.095300 0.068100 0.084600 0.094000
BlueSheep 0.042400 0.210300 0.101000 0.260500 0.064400 0.038200 0.060300 0.086700 0.104700 0.105600 0.042200 0.085500 0.077700 0.091200 0.068500 0.069500 0.108200 0.104900 0.068700 0.114100 0.068800 0.025400 0.099400 0.104700 0.050600 0.091100 0.064400 0.113300 0.082700 0.113300 0.105500 0.073600 0.187200 0.068700 0.078000 0.095400 0.000000 0.091600 0.051300 0.116000 0.099500 0.077600 0.092300 0.099300 0.095500 0.068700 0.077000 0.088400 0.087300 0.077900 0.113300 0.114100
BohorReedb 0.100500 0.235800 0.128600 0.286800 0.033500 0.096200 0.086800 0.095100 0.122800 0.119000 0.099900 0.103100 0.090700 0.099800 0.085900 0.091900 0.135500 0.122900 0.104500 0.132300 0.068400 0.091900 0.131200 0.136600 0.108500 0.108900 0.086400 0.131400 0.091400 0.131400 0.137700 0.091200 0.201800 0.090700 0.100300 0.113200 0.091600 0.000000 0.068600 0.139100 0.121900 0.095200 0.124300 0.131000 0.113400 0.086100 0.085500 0.111200 0.109800 0.104900 0.122100 0.132200
KirksDik 0.068800 0.198500 0.082300 0.258700 0.042200 0.064500 0.033800 0.042200 0.068200 0.095900 0.068400 0.058700 0.059600 0.063900 0.042000 0.025400 0.080700 0.077200 0.072900 0.077200 0.016700 0.051400 0.099000 0.095000 0.076800 0.037800 0.046600 0.076600 0.029500 0.076600 0.095800 0.038100 0.150900 0.050800 0.059800 0.068100 0.051300 0.068600 0.000000 0.106000 0.099100 0.025000 0.082700 0.089800 0.068200 0.033500 0.024900 0.069700 0.064400 0.051100 0.076600 0.077100
RoeDeer 0.134500 0.200900 0.144500 0.229800 0.119800 0.130200 0.106100 0.133900 0.138200 0.042800 0.133700 0.108800 0.129000 0.110100 0.123800 0.135500 0.118300 0.105500 0.119600 0.148000 0.124400 0.116300 0.059500 0.046900 0.142400 0.138400 0.115000 0.146900 0.120400 0.146900 0.051500 0.120200 0.178000 0.110000 0.129300 0.128600 0.116000 0.139100 0.106000 0.000000 0.059600 0.124000 0.038600 0.059500 0.128800 0.124200 0.132500 0.136400 0.149400 0.101600 0.146900 0.148000
WhiteLippe 0.108400 0.191200 0.127000 0.224600 0.094300 0.104200 0.108400 0.117100 0.130700 0.054700 0.116800 0.101900 0.126200 0.130800 0.116500 0.118300 0.101900 0.107700 0.121500 0.140200 0.103400 0.109000 0.016300 0.058700 0.125400 0.117000 0.112500 0.148600 0.103900 0.148600 0.054700 0.122200 0.154100 0.116900 0.126600 0.102900 0.099500 0.121900 0.099100 0.059600 0.000000 0.121500 0.050700 0.062600 0.112100 0.116800 0.115800 0.137500 0.136600 0.094800 0.139200 0.149500
ThomsonGaz 0.095300 0.228300 0.086400 0.263400 0.068100 0.091100 0.050900 0.059300 0.076600 0.113700 0.094800 0.071500 0.085900 0.090200 0.067700 0.051100 0.089100 0.094700 0.090400 0.085700 0.033400 0.077800 0.112200 0.122000 0.103300 0.029100 0.072600 0.085100 0.042300 0.085100 0.113600 0.055200 0.165100 0.068000 0.077200 0.090000 0.077600 0.095200 0.025000 0.124000 0.121500 0.000000 0.100400 0.116500 0.090100 0.050500 0.041600 0.096600 0.077300 0.068400 0.085100 0.085600
MuntiacusC 0.110500 0.184800 0.120100 0.245000 0.096200 0.106200 0.092000 0.109900 0.114200 0.012500 0.109800 0.085800 0.109900 0.109900 0.100300 0.111300 0.104000 0.091300 0.105200 0.123700 0.100700 0.092600 0.050600 0.042400 0.118400 0.114400 0.096200 0.122800 0.096600 0.122800 0.012500 0.105800 0.162500 0.091300 0.110200 0.104900 0.092300 0.124300 0.082700 0.038600 0.050700 0.100400 0.000000 0.055000 0.105000 0.100500 0.108800 0.121500 0.124800 0.078300 0.122800 0.123700
WhiteTaile 0.117200 0.195000 0.121900 0.244400 0.103200 0.113000 0.090000 0.116800 0.116200 0.067800 0.107500 0.106000 0.107500 0.111900 0.107200 0.118100 0.119900 0.098400 0.121300 0.125500 0.107600 0.099600 0.062500 0.020500 0.115900 0.121100 0.094000 0.124600 0.112900 0.124600 0.067700 0.103500 0.173100 0.098300 0.103100 0.116000 0.099300 0.131000 0.089800 0.059500 0.062600 0.116500 0.055000 0.000000 0.116200 0.107400 0.115600 0.128200 0.131500 0.098800 0.124600 0.125400
Cattle 0.099700 0.207000 0.081400 0.225700 0.085800 0.095400 0.086200 0.113000 0.080700 0.118400 0.112900 0.032900 0.090300 0.099100 0.058900 0.090000 0.107100 0.103600 0.108500 0.076500 0.081300 0.091100 0.112000 0.103400 0.121500 0.103600 0.077000 0.080200 0.086000 0.089200 0.109000 0.081600 0.144000 0.081300 0.084700 0.015600 0.095500 0.113400 0.068200 0.128800 0.112100 0.090100 0.105000 0.116200 0.000000 0.085500 0.093900 0.115100 0.095400 0.077000 0.080200 0.089600
RoyalAntel 0.086300 0.218400 0.090900 0.253100 0.059300 0.082100 0.050900 0.068100 0.076700 0.113800 0.076900 0.075800 0.076900 0.081300 0.059000 0.058500 0.093700 0.094700 0.090400 0.085700 0.050600 0.068900 0.107600 0.112800 0.085400 0.054900 0.063700 0.085100 0.064000 0.076300 0.113600 0.064000 0.170000 0.068000 0.066700 0.085400 0.068700 0.086100 0.033500 0.124200 0.116800 0.050500 0.100500 0.107400 0.085500 0.000000 0.058800 0.092000 0.064100 0.059600 0.085100 0.085700
Steenbok 0.094600 0.227100 0.099300 0.272500 0.058900 0.090400 0.050500 0.067600 0.085000 0.122100 0.094100 0.084100 0.085300 0.089600 0.054200 0.050800 0.097300 0.103100 0.089700 0.094000 0.041700 0.077200 0.124900 0.121000 0.102600 0.063100 0.072000 0.093400 0.054900 0.093400 0.122000 0.063500 0.178600 0.076300 0.085500 0.093800 0.077000 0.085500 0.024900 0.132500 0.115800 0.041600 0.108800 0.115600 0.093900 0.058800 0.000000 0.095900 0.090200 0.076700 0.093400 0.093900
Impala 0.106600 0.222400 0.135300 0.291500 0.092300 0.102300 0.088100 0.106100 0.129200 0.125600 0.105900 0.104600 0.096800 0.101400 0.087200 0.098000 0.142000 0.134300 0.101500 0.134400 0.087700 0.088600 0.137900 0.133900 0.114600 0.110600 0.083100 0.137900 0.102100 0.137900 0.135000 0.083500 0.205300 0.087500 0.097100 0.115000 0.088400 0.111200 0.069700 0.136400 0.137500 0.096600 0.121500 0.128200 0.115100 0.092000 0.095900 0.000000 0.106900 0.116000 0.137900 0.138900
Klipspring 0.105300 0.236500 0.119600 0.288700 0.082100 0.101000 0.082500 0.109500 0.118400 0.138400 0.095600 0.094400 0.091200 0.095500 0.063900 0.092100 0.126500 0.109200 0.105000 0.123400 0.077400 0.087500 0.127000 0.137200 0.095000 0.081800 0.077700 0.127000 0.091700 0.117700 0.138200 0.078000 0.180900 0.082000 0.091500 0.095300 0.087300 0.109800 0.064400 0.149400 0.136600 0.077300 0.124800 0.131500 0.095400 0.064100 0.090200 0.106900 0.000000 0.096000 0.127000 0.127800
ForestMusk 0.086600 0.188400 0.100500 0.222900 0.077400 0.082400 0.068900 0.077500 0.077100 0.091500 0.095100 0.067500 0.095400 0.099800 0.077000 0.078300 0.107900 0.104500 0.109300 0.086200 0.068500 0.078100 0.094700 0.086100 0.103700 0.072800 0.082000 0.094500 0.082300 0.094500 0.082400 0.082300 0.136200 0.086300 0.086700 0.068100 0.077900 0.104900 0.051100 0.101600 0.094800 0.068400 0.078300 0.098800 0.077000 0.059600 0.076700 0.116000 0.096000 0.000000 0.094500 0.095100
Bushbuck 0.112900 0.226000 0.045700 0.249500 0.094300 0.108600 0.085700 0.112500 0.016200 0.126900 0.112400 0.075100 0.107800 0.126000 0.084800 0.098400 0.115500 0.121400 0.126300 0.016200 0.085300 0.104300 0.139100 0.120800 0.121000 0.116700 0.094300 0.008000 0.085600 0.024300 0.136100 0.099000 0.182900 0.089600 0.111300 0.084600 0.113300 0.122100 0.076600 0.146900 0.139200 0.085100 0.122800 0.124600 0.080200 0.085100 0.093400 0.137900 0.127000 0.094500 0.000000 0.024400
GreaterKud 0.122900 0.227800 0.046000 0.251200 0.104000 0.118600 0.086300 0.113100 0.016300 0.137200 0.113000 0.084400 0.117800 0.126800 0.094300 0.099200 0.125500 0.131600 0.127100 0.024600 0.085800 0.105000 0.149400 0.131000 0.121600 0.117500 0.104100 0.024400 0.095200 0.032600 0.137000 0.099700 0.184000 0.099300 0.112200 0.094000 0.114100 0.132200 0.077100 0.148000 0.149500 0.085600 0.123700 0.125400 0.089600 0.085700 0.093900 0.138900 0.127800 0.095100 0.024400 0.000000
