CODONML (in paml version 4.10.7, June 2023)  /home/rachel/ruminants_paml/6406-phy-tree/ENSBTAT00000012175.fasta.phy
Model: free dN/dS Ratios for branches,  kappa = 2.000 fixed

Codon frequency model: F3x4
ns =  54  ls =  29

Codon usage in sequences
--------------------------------------------------------------------------------------------------------------------------------------
Phe TTT   2   2   2   2   3   2 | Ser TCT   1   1   1   1   1   1 | Tyr TAT   0   0   0   0   0   0 | Cys TGT   0   0   0   0   0   0
    TTC   2   2   2   2   1   2 |     TCC   0   0   0   0   0   0 |     TAC   0   0   0   0   0   0 |     TGC   0   0   0   0   0   0
Leu TTA   0   0   0   0   0   0 |     TCA   1   0   1   1   1   0 | *** TAA   0   0   0   0   0   0 | *** TGA   0   0   0   0   0   0
    TTG   0   0   0   0   0   0 |     TCG   0   1   0   0   0   1 |     TAG   0   0   0   0   0   0 | Trp TGG   0   0   0   0   0   0
--------------------------------------------------------------------------------------------------------------------------------------
Leu CTT   0   0   1   1   1   1 | Pro CCT   2   2   2   2   2   2 | His CAT   2   2   1   1   2   2 | Arg CGT   0   0   0   0   0   0
    CTC   1   1   1   1   1   1 |     CCC   0   0   0   0   0   0 |     CAC   0   0   1   1   0   0 |     CGC   0   0   0   0   0   0
    CTA   1   0   1   1   1   1 |     CCA   0   0   0   0   0   0 | Gln CAA   0   0   0   0   0   0 |     CGA   1   1   1   1   1   1
    CTG   2   3   1   1   1   1 |     CCG   0   0   0   0   0   0 |     CAG   0   0   0   0   0   0 |     CGG   0   0   0   0   0   0
--------------------------------------------------------------------------------------------------------------------------------------
Ile ATT   0   0   0   0   0   0 | Thr ACT   1   1   1   1   0   1 | Asn AAT   2   1   2   2   2   2 | Ser AGT   0   0   0   0   0   0
    ATC   0   0   0   0   0   0 |     ACC   0   0   0   0   1   0 |     AAC   0   1   0   0   0   0 |     AGC   0   0   0   0   0   0
    ATA   0   0   0   0   0   0 |     ACA   0   0   0   0   0   0 | Lys AAA   0   0   0   0   0   0 | Arg AGA   0   0   0   0   0   0
Met ATG   0   0   0   0   0   0 |     ACG   0   0   0   0   0   0 |     AAG   0   0   0   0   0   0 |     AGG   0   0   0   0   0   0
--------------------------------------------------------------------------------------------------------------------------------------
Val GTT   0   0   0   0   0   0 | Ala GCT   0   0   0   0   0   0 | Asp GAT   1   2   1   2   1   1 | Gly GGT   0   1   0   0   0   0
    GTC   2   2   2   2   2   2 |     GCC   0   0   0   0   0   0 |     GAC   1   0   1   0   1   1 |     GGC   2   1   2   2   1   1
    GTA   0   0   0   0   0   0 |     GCA   0   0   0   0   0   0 | Glu GAA   0   1   0   0   1   0 |     GGA   0   0   0   0   1   1
    GTG   3   3   3   3   3   3 |     GCG   0   0   0   0   0   0 |     GAG   2   1   2   2   1   2 |     GGG   0   0   0   0   0   0
--------------------------------------------------------------------------------------------------------------------------------------

--------------------------------------------------------------------------------------------------------------------------------------
Phe TTT   2   2   2   2   2   2 | Ser TCT   1   1   1   1   1   1 | Tyr TAT   0   0   0   0   0   0 | Cys TGT   0   0   0   0   0   0
    TTC   2   2   2   2   2   2 |     TCC   0   0   0   0   0   0 |     TAC   0   0   0   0   0   0 |     TGC   0   0   0   0   0   0
Leu TTA   0   0   0   0   0   0 |     TCA   1   1   1   0   1   1 | *** TAA   0   0   0   0   0   0 | *** TGA   0   0   0   0   0   0
    TTG   0   0   0   0   0   0 |     TCG   0   0   0   1   0   0 |     TAG   0   0   0   0   0   0 | Trp TGG   0   0   0   0   0   0
--------------------------------------------------------------------------------------------------------------------------------------
Leu CTT   1   0   0   1   1   1 | Pro CCT   2   2   2   2   2   2 | His CAT   2   2   2   2   2   2 | Arg CGT   0   0   0   0   0   0
    CTC   1   1   1   1   1   1 |     CCC   0   0   0   0   0   0 |     CAC   0   0   0   0   0   0 |     CGC   0   0   0   0   0   0
    CTA   1   1   1   1   1   1 |     CCA   0   0   0   0   0   0 | Gln CAA   0   0   0   0   0   0 |     CGA   1   1   1   1   1   1
    CTG   1   2   2   1   1   1 |     CCG   0   0   0   0   0   0 |     CAG   0   0   0   0   0   0 |     CGG   0   0   0   0   0   0
--------------------------------------------------------------------------------------------------------------------------------------
Ile ATT   0   0   0   0   0   0 | Thr ACT   1   1   1   1   1   1 | Asn AAT   2   2   2   2   2   2 | Ser AGT   0   0   0   0   0   0
    ATC   0   0   0   0   0   0 |     ACC   0   0   0   0   0   0 |     AAC   0   0   0   0   0   0 |     AGC   0   0   0   0   0   0
    ATA   0   0   0   0   0   0 |     ACA   0   0   0   0   0   0 | Lys AAA   0   0   0   0   0   0 | Arg AGA   0   0   0   0   0   0
Met ATG   0   0   0   0   0   0 |     ACG   0   0   0   0   0   0 |     AAG   0   0   0   0   0   0 |     AGG   0   0   0   0   0   0
--------------------------------------------------------------------------------------------------------------------------------------
Val GTT   0   0   0   0   0   0 | Ala GCT   0   0   0   0   0   0 | Asp GAT   2   1   2   2   1   2 | Gly GGT   0   0   0   0   0   0
    GTC   2   2   2   2   2   2 |     GCC   0   0   0   0   0   0 |     GAC   0   1   0   0   1   0 |     GGC   2   2   2   2   2   2
    GTA   0   0   0   0   0   0 |     GCA   0   0   0   0   0   0 | Glu GAA   0   0   0   0   0   0 |     GGA   0   0   0   0   0   0
    GTG   3   3   3   3   3   3 |     GCG   0   0   0   0   0   0 |     GAG   2   2   2   2   2   2 |     GGG   0   0   0   0   0   0
--------------------------------------------------------------------------------------------------------------------------------------

--------------------------------------------------------------------------------------------------------------------------------------
Phe TTT   2   2   2   2   2   1 | Ser TCT   1   1   1   1   1   1 | Tyr TAT   0   0   0   0   0   0 | Cys TGT   0   0   0   0   0   0
    TTC   2   2   2   2   2   3 |     TCC   0   0   0   0   0   0 |     TAC   0   0   0   0   0   0 |     TGC   0   0   0   0   0   0
Leu TTA   0   0   0   0   0   0 |     TCA   1   1   1   1   1   1 | *** TAA   0   0   0   0   0   0 | *** TGA   0   0   0   0   0   0
    TTG   0   0   0   0   0   0 |     TCG   0   0   0   0   0   0 |     TAG   0   0   0   0   0   0 | Trp TGG   0   0   0   0   0   0
--------------------------------------------------------------------------------------------------------------------------------------
Leu CTT   0   1   0   0   1   1 | Pro CCT   2   2   2   2   2   2 | His CAT   2   2   1   2   2   2 | Arg CGT   0   0   0   0   0   0
    CTC   1   1   1   1   1   1 |     CCC   0   0   0   0   0   0 |     CAC   0   0   1   0   0   0 |     CGC   0   0   0   0   0   0
    CTA   1   1   1   1   1   1 |     CCA   0   0   0   0   0   0 | Gln CAA   0   0   0   0   0   0 |     CGA   1   1   1   1   1   1
    CTG   2   1   2   2   1   1 |     CCG   0   0   0   0   0   0 |     CAG   0   0   0   0   0   0 |     CGG   0   0   0   0   0   0
--------------------------------------------------------------------------------------------------------------------------------------
Ile ATT   0   0   0   0   0   0 | Thr ACT   1   1   1   1   1   1 | Asn AAT   2   2   2   2   2   2 | Ser AGT   0   0   0   0   0   0
    ATC   0   0   0   0   0   0 |     ACC   0   0   0   0   0   0 |     AAC   0   0   0   0   0   0 |     AGC   0   0   0   0   0   0
    ATA   0   0   0   0   0   0 |     ACA   0   0   0   0   0   0 | Lys AAA   0   0   0   0   0   0 | Arg AGA   0   0   0   0   0   0
Met ATG   0   0   0   0   0   0 |     ACG   0   0   0   0   0   0 |     AAG   0   0   0   0   0   0 |     AGG   0   0   0   0   0   0
--------------------------------------------------------------------------------------------------------------------------------------
Val GTT   0   0   0   0   0   0 | Ala GCT   0   0   0   0   0   0 | Asp GAT   1   2   2   2   2   2 | Gly GGT   0   0   0   0   0   1
    GTC   2   2   2   2   2   2 |     GCC   0   0   0   0   0   0 |     GAC   1   0   0   0   0   0 |     GGC   2   2   2   2   2   1
    GTA   0   0   0   0   0   0 |     GCA   0   0   0   0   0   0 | Glu GAA   0   0   0   0   0   0 |     GGA   0   0   0   0   0   0
    GTG   3   3   3   3   3   3 |     GCG   0   0   0   0   0   0 |     GAG   2   2   2   2   2   2 |     GGG   0   0   0   0   0   0
--------------------------------------------------------------------------------------------------------------------------------------

--------------------------------------------------------------------------------------------------------------------------------------
Phe TTT   2   2   2   2   2   2 | Ser TCT   1   1   1   1   1   1 | Tyr TAT   0   0   0   0   0   0 | Cys TGT   0   0   0   0   0   0
    TTC   2   2   2   2   2   2 |     TCC   0   0   0   0   0   0 |     TAC   0   0   0   0   0   0 |     TGC   0   0   0   0   0   0
Leu TTA   0   0   0   0   0   0 |     TCA   0   0   1   1   0   1 | *** TAA   0   0   0   0   0   0 | *** TGA   0   0   0   0   0   0
    TTG   0   0   0   0   0   0 |     TCG   1   1   0   0   1   0 |     TAG   0   0   0   0   0   0 | Trp TGG   0   0   0   0   0   0
--------------------------------------------------------------------------------------------------------------------------------------
Leu CTT   1   1   0   1   1   0 | Pro CCT   2   2   2   2   2   2 | His CAT   1   2   1   2   2   2 | Arg CGT   0   0   0   0   0   0
    CTC   1   1   1   1   1   1 |     CCC   0   0   0   0   0   0 |     CAC   1   0   1   0   0   0 |     CGC   0   0   0   0   0   0
    CTA   1   1   1   1   1   1 |     CCA   0   0   0   0   0   0 | Gln CAA   0   0   0   0   0   0 |     CGA   1   1   1   1   1   1
    CTG   1   1   2   1   1   2 |     CCG   0   0   0   0   0   0 |     CAG   0   0   0   0   0   0 |     CGG   0   0   0   0   0   0
--------------------------------------------------------------------------------------------------------------------------------------
Ile ATT   0   0   0   0   0   0 | Thr ACT   1   1   1   1   1   1 | Asn AAT   2   2   2   2   2   2 | Ser AGT   0   0   0   0   0   0
    ATC   0   0   0   0   0   0 |     ACC   0   0   0   0   0   0 |     AAC   0   0   0   0   0   0 |     AGC   0   0   0   0   0   0
    ATA   0   0   0   0   0   0 |     ACA   0   0   0   0   0   0 | Lys AAA   0   0   0   0   0   0 | Arg AGA   0   0   0   0   0   0
Met ATG   0   0   0   0   0   0 |     ACG   0   0   0   0   0   0 |     AAG   0   0   0   0   0   0 |     AGG   0   0   0   0   0   0
--------------------------------------------------------------------------------------------------------------------------------------
Val GTT   0   0   0   0   0   0 | Ala GCT   0   0   0   0   0   0 | Asp GAT   2   2   1   1   2   1 | Gly GGT   0   0   0   0   0   0
    GTC   2   2   2   2   2   2 |     GCC   0   0   0   0   0   0 |     GAC   0   0   1   1   0   1 |     GGC   2   2   2   2   2   2
    GTA   0   0   0   0   1   0 |     GCA   0   0   0   0   0   0 | Glu GAA   0   0   0   0   0   0 |     GGA   0   0   0   0   0   0
    GTG   3   3   3   3   2   3 |     GCG   0   0   0   0   0   0 |     GAG   2   2   2   2   2   2 |     GGG   0   0   0   0   0   0
--------------------------------------------------------------------------------------------------------------------------------------

--------------------------------------------------------------------------------------------------------------------------------------
Phe TTT   2   2   2   2   2   2 | Ser TCT   1   1   1   1   1   1 | Tyr TAT   0   0   0   0   0   0 | Cys TGT   0   0   0   0   0   0
    TTC   2   2   2   2   2   2 |     TCC   0   0   0   0   0   0 |     TAC   0   0   0   0   0   0 |     TGC   0   0   0   0   0   0
Leu TTA   0   0   0   0   0   0 |     TCA   1   1   1   0   1   1 | *** TAA   0   0   0   0   0   0 | *** TGA   0   0   0   0   0   0
    TTG   0   0   0   0   0   0 |     TCG   0   0   0   1   0   0 |     TAG   0   0   0   0   0   0 | Trp TGG   0   0   0   0   0   0
--------------------------------------------------------------------------------------------------------------------------------------
Leu CTT   1   1   0   1   0   1 | Pro CCT   2   2   2   2   2   2 | His CAT   2   2   2   2   1   2 | Arg CGT   0   0   0   0   0   0
    CTC   1   1   1   1   1   1 |     CCC   0   0   0   0   0   0 |     CAC   0   0   0   0   1   0 |     CGC   0   0   0   0   0   0
    CTA   1   1   1   1   1   1 |     CCA   0   0   0   0   0   0 | Gln CAA   0   0   0   0   0   0 |     CGA   1   1   1   1   1   1
    CTG   1   1   2   1   2   1 |     CCG   0   0   0   0   0   0 |     CAG   0   0   0   0   0   0 |     CGG   0   0   0   0   0   0
--------------------------------------------------------------------------------------------------------------------------------------
Ile ATT   0   0   0   0   0   0 | Thr ACT   1   1   1   1   1   1 | Asn AAT   2   2   2   2   2   2 | Ser AGT   0   0   0   0   0   0
    ATC   0   0   0   0   0   0 |     ACC   0   0   0   0   0   0 |     AAC   0   0   0   0   0   0 |     AGC   0   0   0   0   0   0
    ATA   0   0   0   0   0   0 |     ACA   0   0   0   0   0   0 | Lys AAA   0   0   0   0   0   0 | Arg AGA   0   0   0   0   0   0
Met ATG   0   0   0   0   0   0 |     ACG   0   0   0   0   0   0 |     AAG   0   0   0   0   0   0 |     AGG   0   0   0   0   0   0
--------------------------------------------------------------------------------------------------------------------------------------
Val GTT   0   0   0   0   0   0 | Ala GCT   0   0   0   0   0   0 | Asp GAT   2   2   1   2   2   1 | Gly GGT   0   0   0   0   0   0
    GTC   2   2   2   2   2   2 |     GCC   0   0   0   0   0   0 |     GAC   0   0   1   0   0   1 |     GGC   2   2   2   2   2   2
    GTA   0   0   0   0   0   0 |     GCA   0   0   0   0   0   0 | Glu GAA   0   0   1   0   0   0 |     GGA   0   0   0   0   0   0
    GTG   3   3   3   3   3   3 |     GCG   0   0   0   0   0   0 |     GAG   2   2   1   2   2   2 |     GGG   0   0   0   0   0   0
--------------------------------------------------------------------------------------------------------------------------------------

--------------------------------------------------------------------------------------------------------------------------------------
Phe TTT   1   2   2   2   2   2 | Ser TCT   1   1   1   1   1   1 | Tyr TAT   0   0   0   0   0   0 | Cys TGT   0   0   0   0   0   0
    TTC   3   2   2   2   2   2 |     TCC   0   0   0   0   0   0 |     TAC   0   0   0   0   0   0 |     TGC   0   0   0   0   0   0
Leu TTA   0   0   0   0   0   0 |     TCA   1   1   1   1   1   1 | *** TAA   0   0   0   0   0   0 | *** TGA   0   0   0   0   0   0
    TTG   0   0   0   0   0   0 |     TCG   0   0   0   0   0   0 |     TAG   0   0   0   0   0   0 | Trp TGG   0   0   0   0   0   0
--------------------------------------------------------------------------------------------------------------------------------------
Leu CTT   1   1   1   0   1   0 | Pro CCT   2   2   2   2   2   2 | His CAT   2   2   2   2   2   1 | Arg CGT   0   0   0   0   0   0
    CTC   0   1   1   1   1   1 |     CCC   0   0   0   0   0   0 |     CAC   0   0   0   0   0   1 |     CGC   0   0   0   0   0   0
    CTA   2   1   1   1   1   1 |     CCA   0   0   0   0   0   0 | Gln CAA   0   0   0   0   0   0 |     CGA   1   1   1   1   1   1
    CTG   1   1   1   2   1   2 |     CCG   0   0   0   0   0   0 |     CAG   0   0   0   0   0   0 |     CGG   0   0   0   0   0   0
--------------------------------------------------------------------------------------------------------------------------------------
Ile ATT   0   0   0   0   0   0 | Thr ACT   1   1   1   1   1   1 | Asn AAT   2   2   2   2   2   2 | Ser AGT   0   0   0   0   0   0
    ATC   0   0   0   0   0   0 |     ACC   0   0   0   0   0   0 |     AAC   0   0   0   0   0   0 |     AGC   0   0   0   0   0   0
    ATA   0   0   0   0   0   0 |     ACA   0   0   0   0   0   0 | Lys AAA   0   0   0   0   0   0 | Arg AGA   0   0   0   0   0   0
Met ATG   0   0   0   0   0   0 |     ACG   0   0   0   0   0   0 |     AAG   0   0   0   0   0   0 |     AGG   0   0   0   0   0   0
--------------------------------------------------------------------------------------------------------------------------------------
Val GTT   0   0   0   0   0   0 | Ala GCT   0   0   0   0   0   0 | Asp GAT   2   1   2   2   2   2 | Gly GGT   0   0   0   0   0   0
    GTC   2   2   2   2   2   2 |     GCC   0   0   0   0   0   0 |     GAC   0   1   0   0   0   0 |     GGC   2   2   2   2   2   2
    GTA   0   0   0   0   0   0 |     GCA   0   0   0   0   0   0 | Glu GAA   0   0   0   0   0   0 |     GGA   0   0   0   0   0   0
    GTG   3   3   3   3   3   3 |     GCG   0   0   0   0   0   0 |     GAG   2   2   2   2   2   2 |     GGG   0   0   0   0   0   0
--------------------------------------------------------------------------------------------------------------------------------------

--------------------------------------------------------------------------------------------------------------------------------------
Phe TTT   2   2   2   2   2   2 | Ser TCT   1   1   1   1   1   1 | Tyr TAT   0   0   0   0   0   0 | Cys TGT   0   0   0   0   0   0
    TTC   2   2   2   2   2   2 |     TCC   0   0   0   0   0   0 |     TAC   0   0   0   0   0   0 |     TGC   0   0   0   0   0   0
Leu TTA   0   0   0   0   0   0 |     TCA   1   1   1   1   0   1 | *** TAA   0   0   0   0   0   0 | *** TGA   0   0   0   0   0   0
    TTG   0   0   0   0   0   0 |     TCG   0   0   0   0   1   0 |     TAG   0   0   0   0   0   0 | Trp TGG   0   0   0   0   0   0
--------------------------------------------------------------------------------------------------------------------------------------
Leu CTT   0   1   0   1   1   1 | Pro CCT   2   2   2   2   2   2 | His CAT   2   2   2   2   2   2 | Arg CGT   0   0   0   0   0   0
    CTC   1   1   1   1   1   1 |     CCC   0   0   0   0   0   0 |     CAC   0   0   0   0   0   0 |     CGC   0   0   0   0   0   0
    CTA   1   1   1   1   1   1 |     CCA   0   0   0   0   0   0 | Gln CAA   0   0   0   0   0   0 |     CGA   1   1   1   1   1   1
    CTG   2   1   2   1   1   1 |     CCG   0   0   0   0   0   0 |     CAG   0   0   0   0   0   0 |     CGG   0   0   0   0   0   0
--------------------------------------------------------------------------------------------------------------------------------------
Ile ATT   0   0   0   0   0   0 | Thr ACT   1   1   1   1   1   1 | Asn AAT   2   2   2   2   2   2 | Ser AGT   0   0   0   0   0   0
    ATC   0   0   0   0   0   0 |     ACC   0   0   0   0   0   0 |     AAC   0   0   0   0   0   0 |     AGC   0   0   0   0   0   0
    ATA   0   0   0   0   0   0 |     ACA   0   0   0   0   0   0 | Lys AAA   0   0   0   0   0   0 | Arg AGA   0   0   0   0   0   0
Met ATG   0   0   0   0   0   0 |     ACG   0   0   0   0   0   0 |     AAG   0   0   0   0   0   0 |     AGG   0   0   0   0   0   0
--------------------------------------------------------------------------------------------------------------------------------------
Val GTT   0   0   0   0   0   0 | Ala GCT   0   0   0   0   0   0 | Asp GAT   2   2   1   2   2   2 | Gly GGT   0   0   0   0   0   0
    GTC   2   2   2   1   2   2 |     GCC   0   0   0   0   0   0 |     GAC   0   0   1   0   0   0 |     GGC   2   2   2   2   2   2
    GTA   0   0   0   0   0   0 |     GCA   0   0   0   0   0   0 | Glu GAA   0   0   0   0   0   0 |     GGA   0   0   0   0   0   0
    GTG   3   3   3   4   3   3 |     GCG   0   0   0   0   0   0 |     GAG   2   2   2   2   2   2 |     GGG   0   0   0   0   0   0
--------------------------------------------------------------------------------------------------------------------------------------

--------------------------------------------------------------------------------------------------------------------------------------
Phe TTT   2   2   2   2   2   2 | Ser TCT   1   1   1   1   1   1 | Tyr TAT   0   0   0   0   0   0 | Cys TGT   0   0   0   0   0   0
    TTC   2   2   2   2   2   2 |     TCC   0   0   0   0   0   0 |     TAC   0   0   0   0   0   0 |     TGC   0   0   0   0   0   0
Leu TTA   0   0   0   0   0   0 |     TCA   1   0   1   1   1   0 | *** TAA   0   0   0   0   0   0 | *** TGA   0   0   0   0   0   0
    TTG   0   0   0   0   0   0 |     TCG   0   1   0   0   0   1 |     TAG   0   0   0   0   0   0 | Trp TGG   0   0   0   0   0   0
--------------------------------------------------------------------------------------------------------------------------------------
Leu CTT   1   1   1   1   1   0 | Pro CCT   2   2   2   2   2   2 | His CAT   2   2   2   2   2   2 | Arg CGT   0   0   0   0   0   0
    CTC   1   1   1   1   1   1 |     CCC   0   0   0   0   0   0 |     CAC   0   0   0   0   0   0 |     CGC   0   0   0   0   0   0
    CTA   1   1   1   1   1   1 |     CCA   0   0   0   0   0   0 | Gln CAA   0   0   0   0   0   0 |     CGA   1   1   1   1   1   1
    CTG   1   1   1   1   1   2 |     CCG   0   0   0   0   0   0 |     CAG   0   0   0   0   0   0 |     CGG   0   0   0   0   0   0
--------------------------------------------------------------------------------------------------------------------------------------
Ile ATT   0   0   0   0   0   0 | Thr ACT   1   1   1   1   1   1 | Asn AAT   2   2   2   2   2   2 | Ser AGT   0   0   0   0   0   0
    ATC   0   0   0   0   0   0 |     ACC   0   0   0   0   0   0 |     AAC   0   0   0   0   0   0 |     AGC   0   0   0   0   0   0
    ATA   0   0   0   0   0   0 |     ACA   0   0   0   0   0   0 | Lys AAA   0   0   0   0   0   0 | Arg AGA   0   0   0   0   0   0
Met ATG   0   0   0   0   0   0 |     ACG   0   0   0   0   0   0 |     AAG   0   0   0   0   0   0 |     AGG   0   0   0   0   0   0
--------------------------------------------------------------------------------------------------------------------------------------
Val GTT   0   0   0   0   0   1 | Ala GCT   0   0   0   0   0   0 | Asp GAT   2   2   2   2   2   2 | Gly GGT   0   0   0   0   0   0
    GTC   2   2   2   2   2   1 |     GCC   0   0   0   0   0   0 |     GAC   0   0   0   0   0   0 |     GGC   2   2   2   2   2   2
    GTA   0   0   1   0   0   0 |     GCA   0   0   0   0   0   0 | Glu GAA   0   0   0   0   0   0 |     GGA   0   0   0   0   0   0
    GTG   3   3   2   3   3   3 |     GCG   0   0   0   0   0   0 |     GAG   2   2   2   2   2   2 |     GGG   0   0   0   0   0   0
--------------------------------------------------------------------------------------------------------------------------------------

--------------------------------------------------------------------------------------------------------------------------------------
Phe TTT   2   2   2   2   2   2 | Ser TCT   1   1   1   1   1   1 | Tyr TAT   0   0   0   0   0   0 | Cys TGT   0   0   0   0   0   0
    TTC   2   2   2   2   2   2 |     TCC   0   0   0   0   0   0 |     TAC   0   0   0   0   0   0 |     TGC   0   0   0   0   0   0
Leu TTA   0   0   0   0   0   0 |     TCA   1   1   1   1   1   1 | *** TAA   0   0   0   0   0   0 | *** TGA   0   0   0   0   0   0
    TTG   0   0   0   0   0   0 |     TCG   0   0   0   0   0   0 |     TAG   0   0   0   0   0   0 | Trp TGG   0   0   0   0   0   0
--------------------------------------------------------------------------------------------------------------------------------------
Leu CTT   1   1   0   1   1   1 | Pro CCT   2   2   2   2   2   2 | His CAT   2   2   1   1   2   2 | Arg CGT   0   0   0   0   0   0
    CTC   0   1   1   1   1   1 |     CCC   0   0   0   0   0   0 |     CAC   0   0   1   1   0   0 |     CGC   0   0   0   0   0   0
    CTA   1   1   1   1   1   1 |     CCA   0   0   0   0   0   0 | Gln CAA   0   0   0   0   0   0 |     CGA   1   1   1   1   1   1
    CTG   2   1   2   1   1   1 |     CCG   0   0   0   0   0   0 |     CAG   0   0   0   0   0   0 |     CGG   0   0   0   0   0   0
--------------------------------------------------------------------------------------------------------------------------------------
Ile ATT   0   0   0   0   0   0 | Thr ACT   1   1   1   1   1   1 | Asn AAT   2   2   2   2   2   2 | Ser AGT   0   0   0   0   0   0
    ATC   0   0   0   0   0   0 |     ACC   0   0   0   0   0   0 |     AAC   0   0   0   0   0   0 |     AGC   0   0   0   0   0   0
    ATA   0   0   0   0   0   0 |     ACA   0   0   0   0   0   0 | Lys AAA   0   0   0   0   0   0 | Arg AGA   0   0   0   0   0   0
Met ATG   0   0   0   0   0   0 |     ACG   0   0   0   0   0   0 |     AAG   0   0   0   0   0   0 |     AGG   0   0   0   0   0   0
--------------------------------------------------------------------------------------------------------------------------------------
Val GTT   0   0   0   0   0   0 | Ala GCT   0   0   0   0   0   0 | Asp GAT   2   2   2   2   1   1 | Gly GGT   0   0   0   0   0   0
    GTC   2   2   2   2   2   2 |     GCC   0   0   0   0   0   0 |     GAC   0   0   0   0   1   1 |     GGC   2   2   2   2   2   2
    GTA   1   0   1   0   0   0 |     GCA   0   0   0   0   0   0 | Glu GAA   0   0   0   0   0   0 |     GGA   0   0   0   0   0   0
    GTG   2   3   2   3   3   3 |     GCG   0   0   0   0   0   0 |     GAG   2   2   2   2   2   2 |     GGG   0   0   0   0   0   0
--------------------------------------------------------------------------------------------------------------------------------------

Codon position x base (3x4) table for each sequence.

#1: Argali         
position  1:    T:0.20690    C:0.31034    A:0.10345    G:0.37931
position  2:    T:0.44828    C:0.17241    A:0.27586    G:0.10345
position  3:    T:0.37931    C:0.27586    A:0.10345    G:0.24138
Average         T:0.34483    C:0.25287    A:0.16092    G:0.24138

#2: LesserMouseDeer
position  1:    T:0.20690    C:0.31034    A:0.10345    G:0.37931
position  2:    T:0.44828    C:0.17241    A:0.27586    G:0.10345
position  3:    T:0.41379    C:0.24138    A:0.06897    G:0.27586
Average         T:0.35632    C:0.24138    A:0.14943    G:0.25287

#3: LesserKudu     
position  1:    T:0.20690    C:0.31034    A:0.10345    G:0.37931
position  2:    T:0.44828    C:0.17241    A:0.27586    G:0.10345
position  3:    T:0.37931    C:0.31034    A:0.10345    G:0.20690
Average         T:0.34483    C:0.26437    A:0.16092    G:0.22989

#4: ForestMuskDeer2
position  1:    T:0.20690    C:0.31034    A:0.10345    G:0.37931
position  2:    T:0.44828    C:0.17241    A:0.27586    G:0.10345
position  3:    T:0.41379    C:0.27586    A:0.10345    G:0.20690
Average         T:0.35632    C:0.25287    A:0.16092    G:0.22989

#5: Camel          
position  1:    T:0.20690    C:0.31034    A:0.10345    G:0.37931
position  2:    T:0.44828    C:0.17241    A:0.27586    G:0.10345
position  3:    T:0.41379    C:0.24138    A:0.17241    G:0.17241
Average         T:0.35632    C:0.24138    A:0.18391    G:0.21839

#6: KillerWhale    
position  1:    T:0.20690    C:0.31034    A:0.10345    G:0.37931
position  2:    T:0.44828    C:0.17241    A:0.27586    G:0.10345
position  3:    T:0.41379    C:0.24138    A:0.10345    G:0.24138
Average         T:0.35632    C:0.24138    A:0.16092    G:0.24138

#7: DefassaWaterbuck
position  1:    T:0.20690    C:0.31034    A:0.10345    G:0.37931
position  2:    T:0.44828    C:0.17241    A:0.27586    G:0.10345
position  3:    T:0.44828    C:0.24138    A:0.10345    G:0.20690
Average         T:0.36782    C:0.24138    A:0.16092    G:0.22989

#8: Sheep          
position  1:    T:0.20690    C:0.31034    A:0.10345    G:0.37931
position  2:    T:0.44828    C:0.17241    A:0.27586    G:0.10345
position  3:    T:0.37931    C:0.27586    A:0.10345    G:0.24138
Average         T:0.34483    C:0.25287    A:0.16092    G:0.24138

#9: MaxwellsDuiker 
position  1:    T:0.20690    C:0.31034    A:0.10345    G:0.37931
position  2:    T:0.44828    C:0.17241    A:0.27586    G:0.10345
position  3:    T:0.41379    C:0.24138    A:0.10345    G:0.24138
Average         T:0.35632    C:0.24138    A:0.16092    G:0.24138

#10: GazellaPrzewalskyi
position  1:    T:0.20690    C:0.31034    A:0.10345    G:0.37931
position  2:    T:0.44828    C:0.17241    A:0.27586    G:0.10345
position  3:    T:0.44828    C:0.24138    A:0.06897    G:0.24138
Average         T:0.36782    C:0.24138    A:0.14943    G:0.24138

#11: MountainNyala  
position  1:    T:0.20690    C:0.31034    A:0.10345    G:0.37931
position  2:    T:0.44828    C:0.17241    A:0.27586    G:0.10345
position  3:    T:0.41379    C:0.27586    A:0.10345    G:0.20690
Average         T:0.35632    C:0.25287    A:0.16092    G:0.22989

#12: MuntiacusMuntjak
position  1:    T:0.20690    C:0.31034    A:0.10345    G:0.37931
position  2:    T:0.44828    C:0.17241    A:0.27586    G:0.10345
position  3:    T:0.44828    C:0.24138    A:0.10345    G:0.20690
Average         T:0.36782    C:0.24138    A:0.16092    G:0.22989

#13: goat           
position  1:    T:0.20690    C:0.31034    A:0.10345    G:0.37931
position  2:    T:0.44828    C:0.17241    A:0.27586    G:0.10345
position  3:    T:0.37931    C:0.27586    A:0.10345    G:0.24138
Average         T:0.34483    C:0.25287    A:0.16092    G:0.24138

#14: AfricanBuffalo 
position  1:    T:0.20690    C:0.31034    A:0.10345    G:0.37931
position  2:    T:0.44828    C:0.17241    A:0.27586    G:0.10345
position  3:    T:0.44828    C:0.24138    A:0.10345    G:0.20690
Average         T:0.36782    C:0.24138    A:0.16092    G:0.22989

#15: Topi           
position  1:    T:0.20690    C:0.31034    A:0.10345    G:0.37931
position  2:    T:0.44828    C:0.17241    A:0.27586    G:0.10345
position  3:    T:0.37931    C:0.27586    A:0.10345    G:0.24138
Average         T:0.34483    C:0.25287    A:0.16092    G:0.24138

#16: CommonDuiker   
position  1:    T:0.20690    C:0.31034    A:0.10345    G:0.37931
position  2:    T:0.44828    C:0.17241    A:0.27586    G:0.10345
position  3:    T:0.41379    C:0.24138    A:0.10345    G:0.24138
Average         T:0.35632    C:0.24138    A:0.16092    G:0.24138

#17: Suni           
position  1:    T:0.20690    C:0.31034    A:0.10345    G:0.37931
position  2:    T:0.44828    C:0.17241    A:0.27586    G:0.10345
position  3:    T:0.44828    C:0.24138    A:0.10345    G:0.20690
Average         T:0.36782    C:0.24138    A:0.16092    G:0.22989

#18: Springbuck     
position  1:    T:0.20690    C:0.31034    A:0.10345    G:0.37931
position  2:    T:0.44828    C:0.17241    A:0.27586    G:0.10345
position  3:    T:0.44828    C:0.24138    A:0.10345    G:0.20690
Average         T:0.36782    C:0.24138    A:0.16092    G:0.22989

#19: Okapi          
position  1:    T:0.20690    C:0.31034    A:0.10345    G:0.37931
position  2:    T:0.44828    C:0.17241    A:0.27586    G:0.10345
position  3:    T:0.41379    C:0.27586    A:0.06897    G:0.24138
Average         T:0.35632    C:0.25287    A:0.14943    G:0.24138

#20: Giraffe        
position  1:    T:0.20690    C:0.31034    A:0.10345    G:0.37931
position  2:    T:0.44828    C:0.17241    A:0.27586    G:0.10345
position  3:    T:0.44828    C:0.24138    A:0.06897    G:0.24138
Average         T:0.36782    C:0.24138    A:0.14943    G:0.24138

#21: TibetanAntelope
position  1:    T:0.20690    C:0.31034    A:0.10345    G:0.37931
position  2:    T:0.44828    C:0.17241    A:0.27586    G:0.10345
position  3:    T:0.34483    C:0.31034    A:0.10345    G:0.24138
Average         T:0.33333    C:0.26437    A:0.16092    G:0.24138

#22: Sitatunga      
position  1:    T:0.20690    C:0.31034    A:0.10345    G:0.37931
position  2:    T:0.44828    C:0.17241    A:0.27586    G:0.10345
position  3:    T:0.41379    C:0.27586    A:0.10345    G:0.20690
Average         T:0.35632    C:0.25287    A:0.16092    G:0.22989

#23: Oribi          
position  1:    T:0.20690    C:0.31034    A:0.10345    G:0.37931
position  2:    T:0.44828    C:0.17241    A:0.27586    G:0.10345
position  3:    T:0.44828    C:0.24138    A:0.10345    G:0.20690
Average         T:0.36782    C:0.24138    A:0.16092    G:0.22989

#24: BarbarySheep   
position  1:    T:0.20690    C:0.31034    A:0.10345    G:0.37931
position  2:    T:0.44828    C:0.17241    A:0.27586    G:0.10345
position  3:    T:0.37931    C:0.27586    A:0.10345    G:0.24138
Average         T:0.34483    C:0.25287    A:0.16092    G:0.24138

#25: Daviddeer      
position  1:    T:0.20690    C:0.31034    A:0.10345    G:0.37931
position  2:    T:0.44828    C:0.17241    A:0.27586    G:0.10345
position  3:    T:0.44828    C:0.24138    A:0.10345    G:0.20690
Average         T:0.36782    C:0.24138    A:0.16092    G:0.22989

#26: Reindeer       
position  1:    T:0.20690    C:0.31034    A:0.10345    G:0.37931
position  2:    T:0.44828    C:0.17241    A:0.27586    G:0.10345
position  3:    T:0.44828    C:0.24138    A:0.10345    G:0.20690
Average         T:0.36782    C:0.24138    A:0.16092    G:0.22989

#27: Ibex           
position  1:    T:0.20690    C:0.31034    A:0.10345    G:0.37931
position  2:    T:0.44828    C:0.17241    A:0.27586    G:0.10345
position  3:    T:0.37931    C:0.27586    A:0.13793    G:0.20690
Average         T:0.34483    C:0.25287    A:0.17241    G:0.22989

#28: GyrantGazelle  
position  1:    T:0.20690    C:0.31034    A:0.10345    G:0.37931
position  2:    T:0.44828    C:0.17241    A:0.27586    G:0.10345
position  3:    T:0.44828    C:0.24138    A:0.06897    G:0.24138
Average         T:0.36782    C:0.24138    A:0.14943    G:0.24138

#29: Hartebeest     
position  1:    T:0.20690    C:0.31034    A:0.10345    G:0.37931
position  2:    T:0.44828    C:0.17241    A:0.27586    G:0.10345
position  3:    T:0.37931    C:0.27586    A:0.10345    G:0.24138
Average         T:0.34483    C:0.25287    A:0.16092    G:0.24138

#30: Bongo          
position  1:    T:0.20690    C:0.31034    A:0.10345    G:0.37931
position  2:    T:0.44828    C:0.17241    A:0.27586    G:0.10345
position  3:    T:0.41379    C:0.27586    A:0.10345    G:0.20690
Average         T:0.35632    C:0.25287    A:0.16092    G:0.22989

#31: Gerenuk        
position  1:    T:0.20690    C:0.31034    A:0.10345    G:0.37931
position  2:    T:0.44828    C:0.17241    A:0.27586    G:0.10345
position  3:    T:0.41379    C:0.24138    A:0.13793    G:0.20690
Average         T:0.35632    C:0.24138    A:0.17241    G:0.22989

#32: CommonEland    
position  1:    T:0.20690    C:0.31034    A:0.10345    G:0.37931
position  2:    T:0.44828    C:0.17241    A:0.27586    G:0.10345
position  3:    T:0.41379    C:0.27586    A:0.10345    G:0.20690
Average         T:0.35632    C:0.25287    A:0.16092    G:0.22989

#33: MuntiacusReevesi
position  1:    T:0.20690    C:0.31034    A:0.10345    G:0.37931
position  2:    T:0.44828    C:0.17241    A:0.27586    G:0.10345
position  3:    T:0.44828    C:0.24138    A:0.10345    G:0.20690
Average         T:0.36782    C:0.24138    A:0.16092    G:0.22989

#34: HarveysDuiker  
position  1:    T:0.20690    C:0.31034    A:0.10345    G:0.37931
position  2:    T:0.44828    C:0.17241    A:0.27586    G:0.10345
position  3:    T:0.41379    C:0.24138    A:0.10345    G:0.24138
Average         T:0.35632    C:0.24138    A:0.16092    G:0.24138

#35: Pronghorn      
position  1:    T:0.20690    C:0.31034    A:0.10345    G:0.37931
position  2:    T:0.44828    C:0.17241    A:0.27586    G:0.10345
position  3:    T:0.44828    C:0.24138    A:0.10345    G:0.20690
Average         T:0.36782    C:0.24138    A:0.16092    G:0.22989

#36: BlueWildebeest 
position  1:    T:0.20690    C:0.31034    A:0.10345    G:0.37931
position  2:    T:0.44828    C:0.17241    A:0.27586    G:0.10345
position  3:    T:0.37931    C:0.27586    A:0.10345    G:0.24138
Average         T:0.34483    C:0.25287    A:0.16092    G:0.24138

#37: Gemsbok        
position  1:    T:0.20690    C:0.31034    A:0.10345    G:0.37931
position  2:    T:0.44828    C:0.17241    A:0.27586    G:0.10345
position  3:    T:0.41379    C:0.24138    A:0.10345    G:0.24138
Average         T:0.35632    C:0.24138    A:0.16092    G:0.24138

#38: Yak            
position  1:    T:0.20690    C:0.31034    A:0.10345    G:0.37931
position  2:    T:0.44828    C:0.17241    A:0.27586    G:0.10345
position  3:    T:0.44828    C:0.24138    A:0.10345    G:0.20690
Average         T:0.36782    C:0.24138    A:0.16092    G:0.22989

#39: BlueSheep      
position  1:    T:0.20690    C:0.31034    A:0.10345    G:0.37931
position  2:    T:0.44828    C:0.17241    A:0.27586    G:0.10345
position  3:    T:0.37931    C:0.27586    A:0.10345    G:0.24138
Average         T:0.34483    C:0.25287    A:0.16092    G:0.24138

#40: BohorReedbuck  
position  1:    T:0.20690    C:0.31034    A:0.10345    G:0.37931
position  2:    T:0.44828    C:0.17241    A:0.27586    G:0.10345
position  3:    T:0.44828    C:0.20690    A:0.10345    G:0.24138
Average         T:0.36782    C:0.22989    A:0.16092    G:0.24138

#41: KirksDik       
position  1:    T:0.20690    C:0.31034    A:0.10345    G:0.37931
position  2:    T:0.44828    C:0.17241    A:0.27586    G:0.10345
position  3:    T:0.44828    C:0.24138    A:0.06897    G:0.24138
Average         T:0.36782    C:0.24138    A:0.14943    G:0.24138

#42: RoeDeer        
position  1:    T:0.20690    C:0.31034    A:0.10345    G:0.37931
position  2:    T:0.44828    C:0.17241    A:0.27586    G:0.10345
position  3:    T:0.44828    C:0.24138    A:0.10345    G:0.20690
Average         T:0.36782    C:0.24138    A:0.16092    G:0.22989

#43: WhiteLippedDeer
position  1:    T:0.20690    C:0.31034    A:0.10345    G:0.37931
position  2:    T:0.44828    C:0.17241    A:0.27586    G:0.10345
position  3:    T:0.44828    C:0.24138    A:0.10345    G:0.20690
Average         T:0.36782    C:0.24138    A:0.16092    G:0.22989

#44: ThomsonGazelle 
position  1:    T:0.20690    C:0.31034    A:0.10345    G:0.37931
position  2:    T:0.44828    C:0.17241    A:0.27586    G:0.10345
position  3:    T:0.44828    C:0.24138    A:0.06897    G:0.24138
Average         T:0.36782    C:0.24138    A:0.14943    G:0.24138

#45: MuntiacusCrinifrons
position  1:    T:0.20690    C:0.31034    A:0.10345    G:0.37931
position  2:    T:0.44828    C:0.17241    A:0.27586    G:0.10345
position  3:    T:0.44828    C:0.24138    A:0.13793    G:0.17241
Average         T:0.36782    C:0.24138    A:0.17241    G:0.21839

#46: WhiteTailedDeer
position  1:    T:0.20690    C:0.31034    A:0.10345    G:0.37931
position  2:    T:0.44828    C:0.17241    A:0.27586    G:0.10345
position  3:    T:0.44828    C:0.24138    A:0.10345    G:0.20690
Average         T:0.36782    C:0.24138    A:0.16092    G:0.22989

#47: Cattle         
position  1:    T:0.20690    C:0.31034    A:0.10345    G:0.37931
position  2:    T:0.44828    C:0.17241    A:0.27586    G:0.10345
position  3:    T:0.44828    C:0.24138    A:0.10345    G:0.20690
Average         T:0.36782    C:0.24138    A:0.16092    G:0.22989

#48: RoyalAntelope  
position  1:    T:0.20690    C:0.31034    A:0.10345    G:0.37931
position  2:    T:0.44828    C:0.17241    A:0.27586    G:0.10345
position  3:    T:0.44828    C:0.20690    A:0.06897    G:0.27586
Average         T:0.36782    C:0.22989    A:0.14943    G:0.25287

#49: Steenbok       
position  1:    T:0.20690    C:0.31034    A:0.10345    G:0.37931
position  2:    T:0.44828    C:0.17241    A:0.27586    G:0.10345
position  3:    T:0.44828    C:0.20690    A:0.13793    G:0.20690
Average         T:0.36782    C:0.22989    A:0.17241    G:0.22989

#50: Impala         
position  1:    T:0.20690    C:0.31034    A:0.10345    G:0.37931
position  2:    T:0.44828    C:0.17241    A:0.27586    G:0.10345
position  3:    T:0.44828    C:0.24138    A:0.10345    G:0.20690
Average         T:0.36782    C:0.24138    A:0.16092    G:0.22989

#51: Klipspringer   
position  1:    T:0.20690    C:0.31034    A:0.10345    G:0.37931
position  2:    T:0.44828    C:0.17241    A:0.27586    G:0.10345
