CODONML (in paml version 4.10.7, June 2023)  /home/rachel/ruminants_paml/6406-phy-tree/ENSBTAT00000008119.fasta.phy
Model: free dN/dS Ratios for branches,  kappa = 2.000 fixed

Codon frequency model: F3x4
ns =  54  ls =  79

Codon usage in sequences
--------------------------------------------------------------------------------------------------------------------------------------
Phe TTT   1   1   1   1   1   1 | Ser TCT   1   2   1   1   2   2 | Tyr TAT   0   1   1   1   2   1 | Cys TGT   0   0   0   1   0   0
    TTC   2   2   2   2   2   2 |     TCC   1   2   1   1   1   1 |     TAC   2   1   1   1   1   1 |     TGC   1   0   1   0   0   1
Leu TTA   1   1   1   1   1   1 |     TCA   3   3   3   3   3   4 | *** TAA   0   0   0   0   0   0 | *** TGA   0   0   0   0   0   0
    TTG   3   3   3   3   4   4 |     TCG   1   1   1   1   1   0 |     TAG   0   0   0   0   0   0 | Trp TGG   1   1   1   1   1   1
--------------------------------------------------------------------------------------------------------------------------------------
Leu CTT   1   1   1   1   1   1 | Pro CCT   3   2   3   3   2   2 | His CAT   1   1   1   1   1   1 | Arg CGT   1   1   1   1   1   1
    CTC   0   0   0   0   0   0 |     CCC   1   1   1   1   1   1 |     CAC   0   0   0   0   0   0 |     CGC   1   0   1   1   1   1
    CTA   1   0   0   0   0   1 |     CCA   0   0   0   0   0   1 | Gln CAA   3   3   3   2   3   2 |     CGA   0   0   0   0   0   0
    CTG   1   2   2   2   0   0 |     CCG   1   1   1   1   1   1 |     CAG   2   2   2   3   2   2 |     CGG   0   1   0   0   0   0
--------------------------------------------------------------------------------------------------------------------------------------
Ile ATT   2   2   2   2   2   2 | Thr ACT   0   0   0   0   1   0 | Asn AAT   3   3   3   3   4   3 | Ser AGT   2   3   2   2   2   2
    ATC   2   2   2   2   1   2 |     ACC   1   1   1   1   1   1 |     AAC   3   2   3   3   2   3 |     AGC   1   1   1   1   1   1
    ATA   1   0   1   1   2   1 |     ACA   3   3   3   3   2   3 | Lys AAA   2   2   2   2   2   2 | Arg AGA   3   4   3   3   3   3
Met ATG   0   0   0   0   0   0 |     ACG   0   0   0   0   1   0 |     AAG   3   3   3   3   2   3 |     AGG   1   0   1   1   2   1
--------------------------------------------------------------------------------------------------------------------------------------
Val GTT   0   0   0   0   1   0 | Ala GCT   1   1   1   1   1   1 | Asp GAT   0   1   0   0   0   0 | Gly GGT   0   0   0   0   0   0
    GTC   0   0   0   0   0   0 |     GCC   0   0   0   0   0   0 |     GAC   3   2   3   3   2   2 |     GGC   0   1   1   1   1   1
    GTA   1   2   1   1   0   1 |     GCA   3   3   3   3   3   3 | Glu GAA   7   7   7   7   8   9 |     GGA   0   0   0   0   0   0
    GTG   1   1   1   1   1   1 |     GCG   0   0   0   0   0   0 |     GAG   2   2   2   2   2   1 |     GGG   1   0   0   0   0   0
--------------------------------------------------------------------------------------------------------------------------------------

--------------------------------------------------------------------------------------------------------------------------------------
Phe TTT   1   1   2   1   1   1 | Ser TCT   1   1   1   1   1   2 | Tyr TAT   1   0   1   1   1   1 | Cys TGT   0   0   0   0   0   1
    TTC   2   2   1   2   2   2 |     TCC   1   1   1   1   1   1 |     TAC   1   2   1   1   1   1 |     TGC   1   1   1   1   1   0
Leu TTA   1   1   1   1   1   1 |     TCA   3   3   3   3   3   3 | *** TAA   0   0   0   0   0   0 | *** TGA   0   0   0   0   0   0
    TTG   3   3   3   3   3   3 |     TCG   1   1   1   1   1   1 |     TAG   0   0   0   0   0   0 | Trp TGG   1   1   1   1   1   1
--------------------------------------------------------------------------------------------------------------------------------------
Leu CTT   1   1   1   1   1   1 | Pro CCT   3   3   4   4   3   2 | His CAT   1   1   1   1   1   1 | Arg CGT   1   1   1   1   1   1
    CTC   0   0   0   0   0   0 |     CCC   1   1   0   0   1   1 |     CAC   0   0   0   0   0   0 |     CGC   1   1   1   1   1   1
    CTA   1   1   0   0   0   0 |     CCA   0   0   0   0   0   0 | Gln CAA   3   3   3   3   3   3 |     CGA   0   0   0   0   0   0
    CTG   1   1   2   2   2   2 |     CCG   1   1   1   1   1   1 |     CAG   2   2   2   2   2   2 |     CGG   0   0   0   0   0   0
--------------------------------------------------------------------------------------------------------------------------------------
Ile ATT   2   2   2   2   2   2 | Thr ACT   0   0   0   0   0   0 | Asn AAT   3   3   3   3   3   4 | Ser AGT   2   2   2   2   2   2
    ATC   2   2   2   2   2   2 |     ACC   1   1   1   1   1   1 |     AAC   3   3   3   3   3   2 |     AGC   1   1   1   1   1   1
    ATA   1   1   1   1   1   1 |     ACA   3   3   3   3   3   3 | Lys AAA   2   2   2   3   2   2 | Arg AGA   3   3   3   3   3   4
Met ATG   0   0   0   0   0   0 |     ACG   0   0   0   0   0   0 |     AAG   3   3   3   2   3   3 |     AGG   1   1   1   1   1   0
--------------------------------------------------------------------------------------------------------------------------------------
Val GTT   0   0   0   0   0   0 | Ala GCT   1   1   1   1   1   1 | Asp GAT   0   0   0   0   0   0 | Gly GGT   0   0   0   0   0   0
    GTC   0   0   0   0   0   0 |     GCC   0   0   0   0   0   0 |     GAC   3   3   3   3   3   3 |     GGC   0   0   0   0   1   1
    GTA   1   1   1   1   1   1 |     GCA   3   3   3   3   3   3 | Glu GAA   7   7   7   7   7   6 |     GGA   0   0   0   0   0   0
    GTG   1   1   1   1   1   2 |     GCG   0   0   0   0   0   0 |     GAG   2   2   2   2   2   2 |     GGG   1   1   1   1   0   0
--------------------------------------------------------------------------------------------------------------------------------------

--------------------------------------------------------------------------------------------------------------------------------------
Phe TTT   1   1   1   2   1   1 | Ser TCT   1   1   1   1   1   1 | Tyr TAT   0   2   0   1   1   1 | Cys TGT   0   0   0   0   0   0
    TTC   2   2   2   1   2   2 |     TCC   1   1   1   1   1   1 |     TAC   2   0   2   1   1   1 |     TGC   1   1   1   1   1   1
Leu TTA   1   1   1   1   2   1 |     TCA   3   3   3   3   3   4 | *** TAA   0   0   0   0   0   0 | *** TGA   0   0   0   0   0   0
    TTG   3   3   3   3   2   3 |     TCG   1   1   1   1   1   0 |     TAG   0   0   0   0   0   0 | Trp TGG   1   1   1   1   1   1
--------------------------------------------------------------------------------------------------------------------------------------
Leu CTT   1   1   1   1   1   1 | Pro CCT   3   3   3   3   3   4 | His CAT   1   1   1   1   1   1 | Arg CGT   1   1   1   1   1   1
    CTC   0   0   0   0   0   0 |     CCC   1   1   1   0   1   0 |     CAC   0   0   0   0   0   0 |     CGC   1   1   1   1   1   1
    CTA   1   0   0   0   0   0 |     CCA   0   1   0   0   0   0 | Gln CAA   3   3   3   3   3   3 |     CGA   0   0   0   0   0   0
    CTG   1   2   2   2   2   2 |     CCG   1   0   1   1   1   1 |     CAG   2   2   2   2   2   2 |     CGG   0   0   0   0   0   0
--------------------------------------------------------------------------------------------------------------------------------------
Ile ATT   2   2   2   2   2   2 | Thr ACT   0   0   0   0   0   0 | Asn AAT   3   3   3   3   3   3 | Ser AGT   2   2   2   2   2   2
    ATC   2   2   2   2   2   2 |     ACC   1   1   1   1   1   1 |     AAC   3   3   3   3   3   3 |     AGC   1   1   1   1   1   1
    ATA   1   1   1   1   1   1 |     ACA   3   3   3   3   3   2 | Lys AAA   2   3   2   2   2   3 | Arg AGA   3   3   3   2   3   3
Met ATG   0   0   0   0   0   0 |     ACG   0   0   0   0   0   1 |     AAG   3   2   3   3   3   2 |     AGG   1   1   1   2   1   1
--------------------------------------------------------------------------------------------------------------------------------------
Val GTT   0   0   0   0   0   0 | Ala GCT   1   1   1   2   1   1 | Asp GAT   0   0   0   0   0   0 | Gly GGT   0   0   0   0   0   0
    GTC   0   0   0   0   0   0 |     GCC   0   0   0   0   0   0 |     GAC   3   3   3   3   3   3 |     GGC   0   1   0   0   0   0
    GTA   1   1   1   1   1   1 |     GCA   3   3   3   3   3   3 | Glu GAA   7   7   7   7   7   7 |     GGA   0   0   0   0   0   0
    GTG   1   1   1   1   1   1 |     GCG   0   0   0   0   0   0 |     GAG   2   2   2   2   2   2 |     GGG   1   0   1   1   1   1
--------------------------------------------------------------------------------------------------------------------------------------

--------------------------------------------------------------------------------------------------------------------------------------
Phe TTT   1   1   1   1   1   1 | Ser TCT   2   2   1   1   1   1 | Tyr TAT   1   0   0   1   1   0 | Cys TGT   1   1   0   0   0   0
    TTC   2   2   2   2   2   2 |     TCC   1   1   1   1   1   1 |     TAC   1   2   2   1   1   2 |     TGC   0   0   1   1   1   1
Leu TTA   1   1   1   1   1   1 |     TCA   3   3   3   3   3   3 | *** TAA   0   0   0   0   0   0 | *** TGA   0   0   0   0   0   0
    TTG   3   3   3   3   3   3 |     TCG   1   1   1   1   1   1 |     TAG   0   0   0   0   0   0 | Trp TGG   1   1   1   1   1   1
--------------------------------------------------------------------------------------------------------------------------------------
Leu CTT   1   1   1   1   1   1 | Pro CCT   2   2   3   3   4   3 | His CAT   1   1   1   1   1   1 | Arg CGT   2   2   1   1   1   1
    CTC   0   0   0   0   0   0 |     CCC   1   1   1   1   0   1 |     CAC   0   0   0   0   0   0 |     CGC   0   0   1   1   1   1
    CTA   0   0   0   0   0   1 |     CCA   0   0   0   0   0   0 | Gln CAA   3   3   3   3   3   3 |     CGA   0   0   0   0   0   0
    CTG   2   2   2   2   2   1 |     CCG   1   1   1   1   1   1 |     CAG   2   2   2   2   2   2 |     CGG   0   0   0   0   0   0
--------------------------------------------------------------------------------------------------------------------------------------
Ile ATT   2   2   2   2   2   2 | Thr ACT   0   0   0   0   0   0 | Asn AAT   4   4   3   3   3   3 | Ser AGT   2   2   2   2   2   2
    ATC   2   2   2   2   2   2 |     ACC   1   1   1   1   1   1 |     AAC   2   2   3   3   3   3 |     AGC   1   1   1   1   1   1
    ATA   1   1   1   1   1   1 |     ACA   3   3   3   3   3   3 | Lys AAA   2   2   3   2   3   2 | Arg AGA   3   3   3   3   3   3
Met ATG   0   0   0   0   0   0 |     ACG   0   0   0   0   0   0 |     AAG   3   3   2   3   2   3 |     AGG   1   1   1   1   1   1
--------------------------------------------------------------------------------------------------------------------------------------
Val GTT   0   0   0   0   0   0 | Ala GCT   1   1   1   1   1   1 | Asp GAT   0   0   0   0   0   0 | Gly GGT   0   0   0   0   0   0
    GTC   0   0   0   0   0   0 |     GCC   0   0   0   0   0   0 |     GAC   3   3   3   3   3   3 |     GGC   1   1   0   1   0   0
    GTA   1   1   1   1   1   1 |     GCA   3   3   3   3   3   3 | Glu GAA   7   7   7   7   7   7 |     GGA   0   0   0   0   0   0
    GTG   1   1   1   1   1   1 |     GCG   0   0   0   0   0   0 |     GAG   2   2   2   2   2   2 |     GGG   0   0   1   0   1   1
--------------------------------------------------------------------------------------------------------------------------------------

--------------------------------------------------------------------------------------------------------------------------------------
Phe TTT   1   1   1   1   1   1 | Ser TCT   2   2   1   1   1   1 | Tyr TAT   1   1   0   2   0   1 | Cys TGT   1   1   0   0   0   0
    TTC   2   2   2   2   2   2 |     TCC   1   1   1   1   1   0 |     TAC   1   1   2   0   2   1 |     TGC   0   0   1   1   1   1
Leu TTA   1   1   1   1   1   1 |     TCA   3   3   3   3   3   4 | *** TAA   0   0   0   0   0   0 | *** TGA   0   0   0   0   0   0
    TTG   3   3   3   3   3   3 |     TCG   1   1   1   1   1   1 |     TAG   0   0   0   0   0   0 | Trp TGG   1   1   1   1   1   1
--------------------------------------------------------------------------------------------------------------------------------------
Leu CTT   1   1   1   1   1   1 | Pro CCT   2   2   3   4   3   3 | His CAT   1   1   1   1   1   1 | Arg CGT   1   1   1   1   1   1
    CTC   0   0   0   0   0   0 |     CCC   1   1   1   0   1   1 |     CAC   0   0   0   0   0   0 |     CGC   1   1   1   1   1   1
    CTA   0   0   1   0   0   0 |     CCA   0   0   0   0   0   0 | Gln CAA   3   3   3   3   3   3 |     CGA   0   0   0   0   0   0
    CTG   2   2   1   2   2   2 |     CCG   1   1   1   1   1   1 |     CAG   2   2   2   2   2   2 |     CGG   0   0   0   0   0   0
--------------------------------------------------------------------------------------------------------------------------------------
Ile ATT   2   2   2   2   2   2 | Thr ACT   0   0   0   0   0   0 | Asn AAT   4   3   3   3   3   3 | Ser AGT   2   3   2   2   2   2
    ATC   2   2   2   2   2   2 |     ACC   1   1   1   1   1   1 |     AAC   2   2   3   3   3   3 |     AGC   1   1   1   1   1   1
    ATA   1   1   1   0   1   1 |     ACA   3   2   3   2   3   3 | Lys AAA   2   2   2   3   2   2 | Arg AGA   4   4   3   3   3   3
Met ATG   0   0   0   0   0   0 |     ACG   0   1   0   1   0   0 |     AAG   3   3   3   2   3   3 |     AGG   0   0   1   1   1   1
--------------------------------------------------------------------------------------------------------------------------------------
Val GTT   0   0   0   0   0   0 | Ala GCT   1   1   1   1   1   1 | Asp GAT   0   0   0   1   0   0 | Gly GGT   0   0   0   0   0   0
    GTC   0   0   0   0   0   0 |     GCC   0   0   0   0   0   0 |     GAC   3   3   3   2   3   3 |     GGC   1   1   0   0   0   1
    GTA   1   2   1   2   1   1 |     GCA   3   3   3   3   3   3 | Glu GAA   7   7   7   7   7   7 |     GGA   0   0   0   0   0   0
    GTG   2   1   1   1   1   1 |     GCG   0   0   0   0   0   0 |     GAG   1   1   2   2   2   2 |     GGG   0   0   1   1   1   0
--------------------------------------------------------------------------------------------------------------------------------------

--------------------------------------------------------------------------------------------------------------------------------------
Phe TTT   1   1   1   2   1   1 | Ser TCT   1   1   2   1   2   1 | Tyr TAT   1   1   1   1   1   0 | Cys TGT   0   0   1   0   1   0
    TTC   2   2   2   1   2   2 |     TCC   1   1   1   1   1   1 |     TAC   1   1   1   1   1   2 |     TGC   1   1   0   1   0   1
Leu TTA   1   1   1   1   1   1 |     TCA   3   3   3   3   3   3 | *** TAA   0   0   0   0   0   0 | *** TGA   0   0   0   0   0   0
    TTG   3   3   3   3   3   3 |     TCG   1   1   1   1   1   1 |     TAG   0   0   0   0   0   0 | Trp TGG   1   1   1   1   1   1
--------------------------------------------------------------------------------------------------------------------------------------
Leu CTT   1   1   1   1   1   1 | Pro CCT   4   3   2   4   2   3 | His CAT   1   1   1   2   1   1 | Arg CGT   1   1   1   0   1   1
    CTC   0   0   0   0   0   0 |     CCC   0   1   1   0   1   1 |     CAC   0   0   0   0   0   0 |     CGC   1   1   1   1   1   1
    CTA   0   0   0   0   0   0 |     CCA   0   0   0   0   0   0 | Gln CAA   3   3   3   3   3   3 |     CGA   0   0   0   0   0   0
    CTG   2   2   2   2   2   2 |     CCG   1   1   1   1   1   1 |     CAG   2   2   2   2   2   2 |     CGG   0   0   0   0   0   0
--------------------------------------------------------------------------------------------------------------------------------------
Ile ATT   2   2   2   2   2   2 | Thr ACT   0   0   0   0   0   0 | Asn AAT   3   3   4   3   4   3 | Ser AGT   2   2   2   2   2   2
    ATC   2   2   2   2   2   2 |     ACC   1   1   1   1   1   1 |     AAC   3   3   2   3   2   3 |     AGC   1   1   1   1   1   1
    ATA   1   1   1   1   1   1 |     ACA   2   3   3   3   3   3 | Lys AAA   3   2   2   2   2   2 | Arg AGA   3   3   4   2   3   3
Met ATG   0   0   0   0   0   0 |     ACG   1   0   0   0   0   0 |     AAG   2   3   3   3   3   3 |     AGG   1   1   0   2   1   1
--------------------------------------------------------------------------------------------------------------------------------------
Val GTT   0   0   0   0   0   0 | Ala GCT   1   1   1   1   1   1 | Asp GAT   0   0   0   0   0   0 | Gly GGT   0   0   0   0   0   0
    GTC   0   0   0   0   0   0 |     GCC   0   0   0   0   0   0 |     GAC   3   3   3   3   3   3 |     GGC   0   1   1   0   1   0
    GTA   1   1   1   1   1   1 |     GCA   3   3   3   3   3   3 | Glu GAA   7   7   6   7   7   7 |     GGA   0   0   0   0   0   0
    GTG   1   1   2   1   1   1 |     GCG   0   0   0   0   0   0 |     GAG   2   2   2   2   2   2 |     GGG   1   0   0   1   0   1
--------------------------------------------------------------------------------------------------------------------------------------

--------------------------------------------------------------------------------------------------------------------------------------
Phe TTT   1   1   1   1   1   1 | Ser TCT   1   1   1   1   1   2 | Tyr TAT   0   1   0   1   2   1 | Cys TGT   0   0   0   0   0   1
    TTC   2   2   2   2   2   2 |     TCC   1   1   1   1   1   1 |     TAC   2   1   2   1   0   1 |     TGC   1   1   1   1   1   0
Leu TTA   1   1   1   1   1   2 |     TCA   4   4   3   3   3   3 | *** TAA   0   0   0   0   0   0 | *** TGA   0   0   0   0   0   0
    TTG   3   3   3   3   3   2 |     TCG   0   0   1   1   1   1 |     TAG   0   0   0   0   0   0 | Trp TGG   1   1   1   1   1   1
--------------------------------------------------------------------------------------------------------------------------------------
Leu CTT   1   1   1   1   1   1 | Pro CCT   3   3   3   3   4   2 | His CAT   1   1   1   1   1   1 | Arg CGT   1   1   1   1   1   1
    CTC   0   0   0   0   0   0 |     CCC   1   1   1   1   0   1 |     CAC   0   0   0   0   0   0 |     CGC   1   1   1   1   1   1
    CTA   0   0   1   1   0   0 |     CCA   1   0   0   0   0   0 | Gln CAA   3   3   3   3   3   3 |     CGA   0   0   0   0   0   0
    CTG   2   2   1   1   2   2 |     CCG   0   1   1   1   1   1 |     CAG   2   2   2   2   2   2 |     CGG   0   0   0   0   0   0
--------------------------------------------------------------------------------------------------------------------------------------
Ile ATT   2   2   2   2   2   2 | Thr ACT   0   0   0   0   0   0 | Asn AAT   3   3   3   3   3   4 | Ser AGT   2   2   2   2   2   2
    ATC   2   2   2   2   2   2 |     ACC   1   1   1   1   1   1 |     AAC   3   3   3   3   3   2 |     AGC   1   1   1   1   1   1
    ATA   1   1   1   1   1   1 |     ACA   3   3   3   3   3   2 | Lys AAA   2   2   2   2   3   2 | Arg AGA   3   3   3   3   3   4
Met ATG   0   0   0   0   0   0 |     ACG   0   0   0   0   0   1 |     AAG   3   3   3   3   2   3 |     AGG   1   1   1   1   1   0
--------------------------------------------------------------------------------------------------------------------------------------
Val GTT   0   0   0   0   0   0 | Ala GCT   1   1   1   1   1   1 | Asp GAT   0   0   0   0   0   0 | Gly GGT   0   0   0   0   0   0
    GTC   0   0   0   0   0   0 |     GCC   0   0   0   0   0   0 |     GAC   3   3   3   3   3   3 |     GGC   0   1   0   0   0   1
    GTA   1   1   1   1   1   1 |     GCA   3   3   3   3   3   3 | Glu GAA   7   7   7   7   7   7 |     GGA   0   0   0   0   0   0
    GTG   1   1   1   1   1   2 |     GCG   0   0   0   0   0   0 |     GAG   2   2   2   2   2   1 |     GGG   1   0   1   1   1   0
--------------------------------------------------------------------------------------------------------------------------------------

--------------------------------------------------------------------------------------------------------------------------------------
Phe TTT   1   1   1   1   1   1 | Ser TCT   2   1   2   2   1   1 | Tyr TAT   1   2   1   1   1   2 | Cys TGT   2   0   1   1   0   0
    TTC   2   2   2   2   2   2 |     TCC   1   1   1   1   1   2 |     TAC   1   0   1   1   1   0 |     TGC   0   1   0   0   1   0
Leu TTA   2   1   1   1   1   1 |     TCA   3   3   3   3   3   3 | *** TAA   0   0   0   0   0   0 | *** TGA   0   0   0   0   0   0
    TTG   2   3   3   3   3   3 |     TCG   1   1   1   1   1   1 |     TAG   0   0   0   0   0   0 | Trp TGG   1   1   1   1   1   1
--------------------------------------------------------------------------------------------------------------------------------------
Leu CTT   1   1   1   1   1   1 | Pro CCT   2   4   2   2   3   4 | His CAT   1   1   1   1   1   1 | Arg CGT   0   1   1   1   1   1
    CTC   0   0   0   0   0   0 |     CCC   1   0   1   1   1   0 |     CAC   0   0   0   0   0   0 |     CGC   1   1   1   1   1   1
    CTA   0   0   0   0   0   0 |     CCA   0   0   0   0   0   0 | Gln CAA   3   3   3   3   3   3 |     CGA   0   0   0   0   0   0
    CTG   2   2   2   2   2   2 |     CCG   1   1   1   1   1   1 |     CAG   2   2   2   2   2   2 |     CGG   0   0   0   0   0   0
--------------------------------------------------------------------------------------------------------------------------------------
Ile ATT   2   2   2   2   2   3 | Thr ACT   0   0   0   0   0   0 | Asn AAT   4   3   4   4   3   3 | Ser AGT   2   2   2   2   2   2
    ATC   2   2   2   2   2   1 |     ACC   1   1   1   1   1   1 |     AAC   2   3   2   2   3   3 |     AGC   1   1   1   1   1   1
    ATA   1   0   1   1   1   1 |     ACA   3   2   3   2   3   3 | Lys AAA   2   3   2   2   2   2 | Arg AGA   4   3   4   4   3   3
Met ATG   0   0   0   0   0   0 |     ACG   0   1   0   1   0   0 |     AAG   3   2   3   3   3   3 |     AGG   0   1   0   0   1   1
--------------------------------------------------------------------------------------------------------------------------------------
Val GTT   0   0   0   0   0   0 | Ala GCT   1   1   1   1   1   0 | Asp GAT   0   1   0   0   0   0 | Gly GGT   0   0   0   0   0   0
    GTC   0   0   0   0   0   0 |     GCC   0   0   0   0   0   1 |     GAC   3   2   3   3   3   3 |     GGC   1   0   1   1   1   0
    GTA   1   2   1   2   1   1 |     GCA   3   3   3   3   3   3 | Glu GAA   7   7   6   7   7   7 |     GGA   0   0   0   0   0   0
    GTG   2   1   2   1   1   1 |     GCG   0   0   0   0   0   0 |     GAG   1   2   2   1   2   2 |     GGG   0   1   0   0   0   1
--------------------------------------------------------------------------------------------------------------------------------------

--------------------------------------------------------------------------------------------------------------------------------------
Phe TTT   1   1   1   1   1   1 | Ser TCT   1   1   1   1   1   1 | Tyr TAT   1   1   1   1   1   1 | Cys TGT   0   0   0   1   0   0
    TTC   2   2   2   2   2   2 |     TCC   1   1   1   1   2   1 |     TAC   1   1   1   1   1   1 |     TGC   1   1   1   0   0   1
Leu TTA   1   1   1   1   2   1 |     TCA   3   3   4   3   3   3 | *** TAA   0   0   0   0   0   0 | *** TGA   0   0   0   0   0   0
    TTG   3   3   3   3   2   3 |     TCG   1   1   0   1   1   1 |     TAG   0   0   0   0   0   0 | Trp TGG   1   1   1   1   1   1
--------------------------------------------------------------------------------------------------------------------------------------
Leu CTT   1   1   1   1   1   1 | Pro CCT   4   3   4   3   3   3 | His CAT   1   1   1   1   1   1 | Arg CGT   1   1   1   1   1   1
    CTC   0   0   0   0   0   0 |     CCC   0   1   0   1   1   1 |     CAC   0   0   0   0   0   0 |     CGC   1   1   1   1   1   1
    CTA   0   0   0   0   0   0 |     CCA   0   0   0   0   0   0 | Gln CAA   3   3   3   2   3   3 |     CGA   0   0   0   0   0   0
    CTG   2   2   2   2   2   2 |     CCG   1   1   1   1   1   1 |     CAG   2   2   2   3   2   2 |     CGG   0   0   0   0   0   0
--------------------------------------------------------------------------------------------------------------------------------------
Ile ATT   2   2   3   2   2   2 | Thr ACT   0   0   0   0   0   0 | Asn AAT   3   3   3   3   3   3 | Ser AGT   2   2   2   2   2   2
    ATC   2   2   1   2   2   2 |     ACC   1   1   1   1   1   1 |     AAC   3   3   3   3   3   3 |     AGC   1   1   1   1   1   1
    ATA   1   1   1   1   1   1 |     ACA   3   3   3   3   3   3 | Lys AAA   3   2   2   2   2   2 | Arg AGA   3   3   3   3   3   3
Met ATG   0   0   0   0   0   0 |     ACG   0   0   0   0   0   0 |     AAG   2   3   3   3   3   3 |     AGG   1   1   1   1   1   1
--------------------------------------------------------------------------------------------------------------------------------------
Val GTT   0   0   0   0   0   0 | Ala GCT   1   1   1   1   1   1 | Asp GAT   0   0   0   0   0   0 | Gly GGT   0   0   0   0   0   0
    GTC   0   0   0   0   0   0 |     GCC   0   0   0   0   0   0 |     GAC   3   3   3   3   3   3 |     GGC   0   0   0   1   1   1
    GTA   1   1   1   1   1   1 |     GCA   3   3   3   3   3   3 | Glu GAA   7   7   7   7   7   7 |     GGA   0   0   1   0   0   0
    GTG   1   1   1   1   1   1 |     GCG   0   0   0   0   0   0 |     GAG   2   2   2   2   2   2 |     GGG   1   1   0   0   0   0
--------------------------------------------------------------------------------------------------------------------------------------

Codon position x base (3x4) table for each sequence.

#1: Argali         
position  1:    T:0.21519    C:0.20253    A:0.34177    G:0.24051
position  2:    T:0.21519    C:0.24051    A:0.39241    G:0.15190
position  3:    T:0.20253    C:0.22785    A:0.35443    G:0.21519
Average         T:0.21097    C:0.22363    A:0.36287    G:0.20253

#2: LesserMouseDeer
position  1:    T:0.22785    C:0.18987    A:0.32911    G:0.25316
position  2:    T:0.21519    C:0.25316    A:0.37975    G:0.15190
position  3:    T:0.24051    C:0.18987    A:0.35443    G:0.21519
Average         T:0.22785    C:0.21097    A:0.35443    G:0.20675

#3: LesserKudu     
position  1:    T:0.21519    C:0.20253    A:0.34177    G:0.24051
position  2:    T:0.21519    C:0.24051    A:0.39241    G:0.15190
position  3:    T:0.21519    C:0.22785    A:0.34177    G:0.21519
Average         T:0.21519    C:0.22363    A:0.35865    G:0.20253

#4: ForestMuskDeer2
position  1:    T:0.21519    C:0.20253    A:0.34177    G:0.24051
position  2:    T:0.21519    C:0.24051    A:0.39241    G:0.15190
position  3:    T:0.22785    C:0.21519    A:0.32911    G:0.22785
Average         T:0.21941    C:0.21941    A:0.35443    G:0.20675

#5: Camel          
position  1:    T:0.24051    C:0.16456    A:0.35443    G:0.24051
position  2:    T:0.20253    C:0.25316    A:0.39241    G:0.15190
position  3:    T:0.26582    C:0.17722    A:0.34177    G:0.21519
Average         T:0.23629    C:0.19831    A:0.36287    G:0.20253

#6: KillerWhale    
position  1:    T:0.24051    C:0.17722    A:0.34177    G:0.24051
position  2:    T:0.21519    C:0.25316    A:0.37975    G:0.15190
position  3:    T:0.21519    C:0.21519    A:0.39241    G:0.17722
Average         T:0.22363    C:0.21519    A:0.37131    G:0.18987

#7: DefassaWaterbuck
position  1:    T:0.21519    C:0.20253    A:0.34177    G:0.24051
position  2:    T:0.21519    C:0.24051    A:0.39241    G:0.15190
position  3:    T:0.21519    C:0.21519    A:0.35443    G:0.21519
Average         T:0.21519    C:0.21941    A:0.36287    G:0.20253

#8: Sheep          
position  1:    T:0.21519    C:0.20253    A:0.34177    G:0.24051
position  2:    T:0.21519    C:0.24051    A:0.39241    G:0.15190
position  3:    T:0.20253    C:0.22785    A:0.35443    G:0.21519
Average         T:0.21097    C:0.22363    A:0.36287    G:0.20253

#9: MaxwellsDuiker 
position  1:    T:0.21519    C:0.20253    A:0.34177    G:0.24051
position  2:    T:0.21519    C:0.24051    A:0.39241    G:0.15190
position  3:    T:0.24051    C:0.18987    A:0.34177    G:0.22785
Average         T:0.22363    C:0.21097    A:0.35865    G:0.20675

#10: GazellaPrzewalskyi
position  1:    T:0.21519    C:0.20253    A:0.34177    G:0.24051
position  2:    T:0.21519    C:0.24051    A:0.39241    G:0.15190
position  3:    T:0.22785    C:0.20253    A:0.35443    G:0.21519
Average         T:0.21941    C:0.21519    A:0.36287    G:0.20253

#11: MountainNyala  
position  1:    T:0.21519    C:0.20253    A:0.34177    G:0.24051
position  2:    T:0.21519    C:0.24051    A:0.39241    G:0.15190
position  3:    T:0.21519    C:0.22785    A:0.34177    G:0.21519
Average         T:0.21519    C:0.22363    A:0.35865    G:0.20253

#12: MuntiacusMuntjak
position  1:    T:0.22785    C:0.18987    A:0.34177    G:0.24051
position  2:    T:0.22785    C:0.24051    A:0.37975    G:0.15190
position  3:    T:0.24051    C:0.20253    A:0.34177    G:0.21519
Average         T:0.23207    C:0.21097    A:0.35443    G:0.20253

#13: goat           
position  1:    T:0.21519    C:0.20253    A:0.34177    G:0.24051
position  2:    T:0.21519    C:0.24051    A:0.39241    G:0.15190
position  3:    T:0.20253    C:0.22785    A:0.35443    G:0.21519
Average         T:0.21097    C:0.22363    A:0.36287    G:0.20253

#14: AfricanBuffalo 
position  1:    T:0.21519    C:0.20253    A:0.34177    G:0.24051
position  2:    T:0.21519    C:0.24051    A:0.39241    G:0.15190
position  3:    T:0.22785    C:0.21519    A:0.36709    G:0.18987
Average         T:0.21941    C:0.21941    A:0.36709    G:0.19409

#15: Topi           
position  1:    T:0.21519    C:0.20253    A:0.34177    G:0.24051
position  2:    T:0.21519    C:0.24051    A:0.39241    G:0.15190
position  3:    T:0.20253    C:0.22785    A:0.34177    G:0.22785
Average         T:0.21097    C:0.22363    A:0.35865    G:0.20675

#16: CommonDuiker   
position  1:    T:0.21519    C:0.18987    A:0.34177    G:0.25316
position  2:    T:0.21519    C:0.24051    A:0.39241    G:0.15190
position  3:    T:0.24051    C:0.18987    A:0.32911    G:0.24051
Average         T:0.22363    C:0.20675    A:0.35443    G:0.21519

#17: Suni           
position  1:    T:0.21519    C:0.20253    A:0.34177    G:0.24051
position  2:    T:0.21519    C:0.24051    A:0.39241    G:0.15190
position  3:    T:0.21519    C:0.21519    A:0.35443    G:0.21519
Average         T:0.21519    C:0.21941    A:0.36287    G:0.20253

#18: Springbuck     
position  1:    T:0.21519    C:0.20253    A:0.34177    G:0.24051
position  2:    T:0.21519    C:0.24051    A:0.39241    G:0.15190
position  3:    T:0.22785    C:0.20253    A:0.35443    G:0.21519
Average         T:0.21941    C:0.21519    A:0.36287    G:0.20253

#19: Okapi          
position  1:    T:0.22785    C:0.18987    A:0.34177    G:0.24051
position  2:    T:0.21519    C:0.24051    A:0.39241    G:0.15190
position  3:    T:0.25316    C:0.18987    A:0.34177    G:0.21519
Average         T:0.23207    C:0.20675    A:0.35865    G:0.20253

#20: Giraffe        
position  1:    T:0.22785    C:0.18987    A:0.34177    G:0.24051
position  2:    T:0.21519    C:0.24051    A:0.39241    G:0.15190
position  3:    T:0.24051    C:0.20253    A:0.34177    G:0.21519
Average         T:0.22785    C:0.21097    A:0.35865    G:0.20253

#21: TibetanAntelope
position  1:    T:0.21519    C:0.20253    A:0.34177    G:0.24051
position  2:    T:0.21519    C:0.24051    A:0.39241    G:0.15190
position  3:    T:0.20253    C:0.22785    A:0.35443    G:0.21519
Average         T:0.21097    C:0.22363    A:0.36287    G:0.20253

#22: Sitatunga      
position  1:    T:0.21519    C:0.20253    A:0.34177    G:0.24051
position  2:    T:0.21519    C:0.24051    A:0.39241    G:0.15190
position  3:    T:0.21519    C:0.22785    A:0.34177    G:0.21519
Average         T:0.21519    C:0.22363    A:0.35865    G:0.20253

#23: Oribi          
position  1:    T:0.21519    C:0.20253    A:0.34177    G:0.24051
position  2:    T:0.21519    C:0.24051    A:0.39241    G:0.15190
position  3:    T:0.22785    C:0.20253    A:0.35443    G:0.21519
Average         T:0.21941    C:0.21519    A:0.36287    G:0.20253

#24: BarbarySheep   
position  1:    T:0.21519    C:0.20253    A:0.34177    G:0.24051
position  2:    T:0.21519    C:0.24051    A:0.39241    G:0.15190
position  3:    T:0.20253    C:0.22785    A:0.35443    G:0.21519
Average         T:0.21097    C:0.22363    A:0.36287    G:0.20253

#25: Daviddeer      
position  1:    T:0.22785    C:0.18987    A:0.34177    G:0.24051
position  2:    T:0.22785    C:0.24051    A:0.37975    G:0.15190
position  3:    T:0.24051    C:0.20253    A:0.35443    G:0.20253
Average         T:0.23207    C:0.21097    A:0.35865    G:0.19831

#26: Reindeer       
position  1:    T:0.22785    C:0.18987    A:0.34177    G:0.24051
position  2:    T:0.22785    C:0.24051    A:0.36709    G:0.16456
position  3:    T:0.24051    C:0.20253    A:0.35443    G:0.20253
Average         T:0.23207    C:0.21097    A:0.35443    G:0.20253

#27: Ibex           
position  1:    T:0.21519    C:0.20253    A:0.34177    G:0.24051
position  2:    T:0.21519    C:0.24051    A:0.39241    G:0.15190
position  3:    T:0.20253    C:0.22785    A:0.35443    G:0.21519
Average         T:0.21097    C:0.22363    A:0.36287    G:0.20253

#28: GyrantGazelle  
position  1:    T:0.21519    C:0.20253    A:0.32911    G:0.25316
position  2:    T:0.21519    C:0.24051    A:0.39241    G:0.15190
position  3:    T:0.25316    C:0.17722    A:0.34177    G:0.22785
Average         T:0.22785    C:0.20675    A:0.35443    G:0.21097

#29: Hartebeest     
position  1:    T:0.21519    C:0.20253    A:0.34177    G:0.24051
position  2:    T:0.21519    C:0.24051    A:0.39241    G:0.15190
position  3:    T:0.20253    C:0.22785    A:0.34177    G:0.22785
Average         T:0.21097    C:0.22363    A:0.35865    G:0.20675

#30: Bongo          
position  1:    T:0.21519    C:0.20253    A:0.34177    G:0.24051
position  2:    T:0.21519    C:0.24051    A:0.39241    G:0.15190
position  3:    T:0.21519    C:0.21519    A:0.35443    G:0.21519
Average         T:0.21519    C:0.21941    A:0.36287    G:0.20253

#31: Gerenuk        
position  1:    T:0.21519    C:0.20253    A:0.34177    G:0.24051
position  2:    T:0.21519    C:0.24051    A:0.39241    G:0.15190
position  3:    T:0.22785    C:0.20253    A:0.34177    G:0.22785
Average         T:0.21941    C:0.21519    A:0.35865    G:0.20675

#32: CommonEland    
position  1:    T:0.21519    C:0.20253    A:0.34177    G:0.24051
position  2:    T:0.21519    C:0.24051    A:0.39241    G:0.15190
position  3:    T:0.21519    C:0.22785    A:0.34177    G:0.21519
Average         T:0.21519    C:0.22363    A:0.35865    G:0.20253

#33: MuntiacusReevesi
position  1:    T:0.22785    C:0.18987    A:0.34177    G:0.24051
position  2:    T:0.22785    C:0.24051    A:0.37975    G:0.15190
position  3:    T:0.24051    C:0.20253    A:0.34177    G:0.21519
Average         T:0.23207    C:0.21097    A:0.35443    G:0.20253

#34: HarveysDuiker  
position  1:    T:0.21519    C:0.20253    A:0.34177    G:0.24051
position  2:    T:0.21519    C:0.24051    A:0.40506    G:0.13924
position  3:    T:0.24051    C:0.18987    A:0.32911    G:0.24051
Average         T:0.22363    C:0.21097    A:0.35865    G:0.20675

#35: Pronghorn      
position  1:    T:0.22785    C:0.18987    A:0.34177    G:0.24051
position  2:    T:0.21519    C:0.24051    A:0.39241    G:0.15190
position  3:    T:0.24051    C:0.20253    A:0.34177    G:0.21519
Average         T:0.22785    C:0.21097    A:0.35865    G:0.20253

#36: BlueWildebeest 
position  1:    T:0.21519    C:0.20253    A:0.34177    G:0.24051
position  2:    T:0.21519    C:0.24051    A:0.39241    G:0.15190
position  3:    T:0.20253    C:0.22785    A:0.34177    G:0.22785
Average         T:0.21097    C:0.22363    A:0.35865    G:0.20675

#37: Gemsbok        
position  1:    T:0.21519    C:0.20253    A:0.34177    G:0.24051
position  2:    T:0.21519    C:0.24051    A:0.39241    G:0.15190
position  3:    T:0.20253    C:0.22785    A:0.36709    G:0.20253
Average         T:0.21097    C:0.22363    A:0.36709    G:0.19831

#38: Yak            
position  1:    T:0.21519    C:0.20253    A:0.34177    G:0.24051
position  2:    T:0.21519    C:0.24051    A:0.39241    G:0.15190
position  3:    T:0.21519    C:0.22785    A:0.35443    G:0.20253
Average         T:0.21519    C:0.22363    A:0.36287    G:0.19831

#39: BlueSheep      
position  1:    T:0.21519    C:0.20253    A:0.34177    G:0.24051
position  2:    T:0.21519    C:0.24051    A:0.39241    G:0.15190
position  3:    T:0.20253    C:0.22785    A:0.35443    G:0.21519
Average         T:0.21097    C:0.22363    A:0.36287    G:0.20253

#40: BohorReedbuck  
position  1:    T:0.21519    C:0.20253    A:0.34177    G:0.24051
position  2:    T:0.21519    C:0.24051    A:0.39241    G:0.15190
position  3:    T:0.21519    C:0.21519    A:0.35443    G:0.21519
Average         T:0.21519    C:0.21941    A:0.36287    G:0.20253

#41: KirksDik       
position  1:    T:0.21519    C:0.20253    A:0.34177    G:0.24051
position  2:    T:0.21519    C:0.24051    A:0.39241    G:0.15190
position  3:    T:0.24051    C:0.18987    A:0.35443    G:0.21519
Average         T:0.22363    C:0.21097    A:0.36287    G:0.20253

#42: RoeDeer        
position  1:    T:0.22785    C:0.18987    A:0.34177    G:0.24051
position  2:    T:0.22785    C:0.24051    A:0.37975    G:0.15190
position  3:    T:0.24051    C:0.20253    A:0.35443    G:0.20253
Average         T:0.23207    C:0.21097    A:0.35865    G:0.19831

#43: WhiteLippedDeer
position  1:    T:0.24051    C:0.17722    A:0.34177    G:0.24051
position  2:    T:0.22785    C:0.24051    A:0.37975    G:0.15190
position  3:    T:0.24051    C:0.20253    A:0.36709    G:0.18987
Average         T:0.23629    C:0.20675    A:0.36287    G:0.19409

#44: ThomsonGazelle 
position  1:    T:0.21519    C:0.20253    A:0.32911    G:0.25316
position  2:    T:0.21519    C:0.24051    A:0.39241    G:0.15190
position  3:    T:0.25316    C:0.17722    A:0.34177    G:0.22785
Average         T:0.22785    C:0.20675    A:0.35443    G:0.21097

#45: MuntiacusCrinifrons
position  1:    T:0.22785    C:0.18987    A:0.34177    G:0.24051
position  2:    T:0.22785    C:0.24051    A:0.37975    G:0.15190
position  3:    T:0.24051    C:0.20253    A:0.34177    G:0.21519
Average         T:0.23207    C:0.21097    A:0.35443    G:0.20253

#46: WhiteTailedDeer
position  1:    T:0.22785    C:0.18987    A:0.34177    G:0.24051
position  2:    T:0.22785    C:0.24051    A:0.37975    G:0.15190
position  3:    T:0.24051    C:0.20253    A:0.35443    G:0.20253
Average         T:0.23207    C:0.21097    A:0.35865    G:0.19831

#47: Cattle         
position  1:    T:0.21519    C:0.20253    A:0.34177    G:0.24051
position  2:    T:0.21519    C:0.24051    A:0.39241    G:0.15190
position  3:    T:0.21519    C:0.22785    A:0.34177    G:0.21519
Average         T:0.21519    C:0.22363    A:0.35865    G:0.20253

#48: RoyalAntelope  
position  1:    T:0.21519    C:0.20253    A:0.34177    G:0.24051
position  2:    T:0.21519    C:0.25316    A:0.39241    G:0.13924
position  3:    T:0.24051    C:0.18987    A:0.34177    G:0.22785
Average         T:0.22363    C:0.21519    A:0.35865    G:0.20253

#49: Steenbok       
position  1:    T:0.21519    C:0.20253    A:0.34177    G:0.24051
position  2:    T:0.21519    C:0.24051    A:0.39241    G:0.15190
position  3:    T:0.22785    C:0.20253    A:0.35443    G:0.21519
Average         T:0.21941    C:0.21519    A:0.36287    G:0.20253

#50: Impala         
position  1:    T:0.21519    C:0.20253    A:0.34177    G:0.24051
position  2:    T:0.21519    C:0.24051    A:0.39241    G:0.15190
position  3:    T:0.21519    C:0.21519    A:0.34177    G:0.22785
Average         T:0.21519    C:0.21941    A:0.35865    G:0.20675

#51: Klipspringer   
position  1:    T:0.21519    C:0.20253    A:0.34177    G:0.24051
position  2:    T:0.21519    C:0.24051    A:0.39241    G:0.15190
