1
52 1
Argali 0.000000 0.309800 0.107700 0.254400 0.051600 0.019900 0.036100 0.083300 0.119600 0.117800 0.025500 0.096400 0.041300 0.072700 0.078700 0.108400 0.154500 0.152200 0.052300 0.136900 0.099400 0.025500 0.084500 0.094900 0.020400 0.093300 0.036000 0.119700 0.110600 0.119500 0.107200 0.061500 0.157200 0.030800 0.051700 0.091600 0.024900 0.078200 0.098300 0.116900 0.090000 0.088300 0.106500 0.084700 0.085300 0.083000 0.113600 0.089700 0.074300 0.144400 0.142300 0.119600
LesserMous 0.309800 0.000000 0.309900 0.332500 0.281400 0.309900 0.283500 0.306500 0.326200 0.290800 0.290100 0.293700 0.282200 0.307900 0.304800 0.327700 0.283000 0.300800 0.339000 0.333000 0.326800 0.306300 0.263500 0.261600 0.284300 0.311200 0.283100 0.326500 0.319400 0.326300 0.279400 0.277700 0.297500 0.276100 0.292100 0.289400 0.303100 0.302300 0.323700 0.287800 0.275500 0.312100 0.277100 0.264100 0.294900 0.341700 0.334400 0.302700 0.300500 0.321000 0.348300 0.326200
LesserKudu 0.107700 0.309900 0.000000 0.256400 0.096000 0.107800 0.091200 0.117900 0.005200 0.074200 0.102600 0.063900 0.108100 0.118100 0.130900 0.143800 0.145200 0.143100 0.121400 0.020900 0.140400 0.097500 0.063500 0.084900 0.097300 0.128100 0.102300 0.005200 0.152600 0.005200 0.074800 0.117200 0.142000 0.096700 0.114500 0.048100 0.102200 0.107000 0.144600 0.090200 0.068900 0.123000 0.074300 0.063600 0.042200 0.134800 0.160300 0.136600 0.103500 0.100500 0.026100 0.005200
KillerWhal 0.254400 0.332500 0.256400 0.000000 0.259600 0.255000 0.248700 0.275800 0.258300 0.247200 0.262600 0.255600 0.247400 0.258600 0.280800 0.283000 0.272700 0.282000 0.298200 0.277800 0.282000 0.257200 0.235400 0.234200 0.257000 0.267500 0.248100 0.258400 0.262100 0.258300 0.248700 0.270300 0.223500 0.241700 0.275300 0.238100 0.248700 0.272600 0.267400 0.245300 0.246100 0.268100 0.247000 0.235800 0.243100 0.257000 0.277100 0.252300 0.257000 0.257100 0.277500 0.258300
DefassaWat 0.051600 0.281400 0.096000 0.259600 0.000000 0.051600 0.036000 0.072200 0.102200 0.106000 0.046600 0.084800 0.051700 0.061700 0.083900 0.097200 0.142700 0.140800 0.074200 0.119200 0.093400 0.046800 0.073200 0.094500 0.041400 0.071600 0.046400 0.102300 0.104700 0.102100 0.095500 0.050800 0.140100 0.041200 0.062600 0.080100 0.046400 0.025300 0.087100 0.105200 0.073300 0.077200 0.094900 0.073300 0.073900 0.072000 0.102300 0.078400 0.052300 0.132300 0.113200 0.102200
Sheep 0.019900 0.309900 0.107800 0.255000 0.051600 0.000000 0.036200 0.083300 0.119700 0.117900 0.025500 0.096400 0.041300 0.062000 0.089700 0.108500 0.160400 0.158100 0.052300 0.137000 0.099400 0.025000 0.084600 0.106200 0.020400 0.088000 0.036100 0.119800 0.099700 0.119600 0.107300 0.061600 0.151300 0.030800 0.051700 0.091700 0.014900 0.078300 0.098400 0.105800 0.090000 0.083000 0.106600 0.084700 0.085300 0.072300 0.113800 0.078900 0.074300 0.133100 0.142400 0.119700
MaxwellsDu 0.036100 0.283500 0.091200 0.248700 0.036000 0.036200 0.000000 0.067500 0.097400 0.101300 0.041600 0.079700 0.046900 0.046400 0.068200 0.092600 0.138200 0.136200 0.069300 0.114500 0.088800 0.041800 0.068400 0.078800 0.036500 0.077500 0.041500 0.097400 0.089200 0.097300 0.090800 0.035600 0.135500 0.036300 0.057500 0.075200 0.031000 0.062400 0.071800 0.089500 0.073800 0.072500 0.090200 0.068500 0.069100 0.067300 0.087000 0.062800 0.058200 0.116500 0.119900 0.097400
GazellaPrz 0.083300 0.306500 0.117900 0.275800 0.072200 0.083300 0.067500 0.000000 0.124300 0.127900 0.077600 0.106600 0.083600 0.082700 0.094200 0.034500 0.176700 0.162400 0.107000 0.141600 0.030000 0.073300 0.105700 0.116200 0.072400 0.019800 0.078100 0.124400 0.040300 0.124200 0.117400 0.082000 0.185300 0.072700 0.083900 0.102000 0.078000 0.099100 0.044900 0.138300 0.111200 0.014900 0.116600 0.105900 0.095500 0.114900 0.059800 0.088800 0.083700 0.130600 0.147000 0.124300
MountainNy 0.119600 0.326200 0.005200 0.258300 0.102200 0.119700 0.097400 0.124300 0.000000 0.080100 0.114500 0.069700 0.114400 0.124500 0.137400 0.150300 0.157800 0.155400 0.127900 0.015400 0.146900 0.109400 0.069300 0.090900 0.109200 0.134500 0.108600 0.010300 0.159400 0.000000 0.080800 0.123500 0.154200 0.102900 0.121000 0.053800 0.114000 0.113200 0.151100 0.096300 0.074800 0.129400 0.080200 0.069400 0.047900 0.129500 0.166900 0.143300 0.109800 0.106600 0.020500 0.000000
MuntiacusM 0.117800 0.290800 0.074200 0.247200 0.106000 0.117900 0.101300 0.127900 0.080100 0.000000 0.112800 0.096200 0.118200 0.128200 0.129600 0.142200 0.155100 0.153000 0.143400 0.096800 0.150400 0.102100 0.041300 0.062100 0.107500 0.138000 0.112500 0.080200 0.162600 0.080100 0.020500 0.127300 0.140400 0.106800 0.124700 0.091600 0.112300 0.106000 0.154500 0.061900 0.046500 0.133000 0.010100 0.030900 0.085200 0.133500 0.170100 0.135300 0.113900 0.110400 0.102100 0.080100
goat 0.025500 0.290100 0.102600 0.262600 0.046600 0.025500 0.041600 0.077600 0.114500 0.112800 0.000000 0.080200 0.036200 0.067700 0.073700 0.103000 0.155400 0.153000 0.047200 0.131900 0.093800 0.020500 0.079500 0.089900 0.005000 0.087800 0.031000 0.114600 0.105000 0.114500 0.102200 0.056600 0.146300 0.025800 0.046400 0.086600 0.020400 0.073200 0.104400 0.111900 0.084900 0.082800 0.101500 0.079600 0.080200 0.078000 0.119800 0.084700 0.069200 0.139500 0.137300 0.114500
AfricanBuf 0.096400 0.293700 0.063900 0.255600 0.084800 0.096400 0.079700 0.106600 0.069700 0.096200 0.080200 0.000000 0.096700 0.095600 0.119300 0.132200 0.144600 0.131000 0.109600 0.086400 0.128800 0.091700 0.063400 0.073900 0.074900 0.116800 0.091100 0.069800 0.129100 0.069700 0.097000 0.094900 0.112900 0.085500 0.103000 0.037100 0.090900 0.095800 0.133200 0.084400 0.068800 0.111700 0.096300 0.063500 0.031400 0.123100 0.137500 0.124900 0.103500 0.122800 0.091800 0.069700
Topi 0.041300 0.282200 0.108100 0.247400 0.051700 0.041300 0.046900 0.083600 0.114400 0.118200 0.036200 0.096700 0.000000 0.067600 0.095700 0.103400 0.155900 0.153700 0.063700 0.131600 0.099700 0.036400 0.084700 0.106400 0.031100 0.093700 0.015000 0.114500 0.111200 0.114400 0.107600 0.072400 0.158200 0.020400 0.051700 0.092000 0.036100 0.078400 0.109600 0.117200 0.090200 0.088600 0.106900 0.084900 0.085500 0.083200 0.119100 0.078700 0.073900 0.144800 0.137300 0.114400
CommonDuik 0.072700 0.307900 0.118100 0.258600 0.061700 0.062000 0.046400 0.082700 0.124500 0.128200 0.067700 0.095600 0.067600 0.000000 0.094500 0.086100 0.165900 0.151900 0.096000 0.141800 0.093100 0.068000 0.094900 0.116500 0.062500 0.081900 0.067500 0.124600 0.082600 0.124500 0.117700 0.060400 0.145400 0.062200 0.084100 0.085500 0.056800 0.088400 0.086900 0.116000 0.100400 0.076900 0.116900 0.095000 0.079200 0.082400 0.086100 0.083700 0.084400 0.132000 0.147200 0.124500
Suni 0.078700 0.304800 0.130900 0.280800 0.083900 0.089700 0.068200 0.094200 0.137400 0.129600 0.073700 0.119300 0.095700 0.094500 0.000000 0.108500 0.192200 0.189500 0.113900 0.155100 0.104900 0.079500 0.107200 0.106400 0.068500 0.093400 0.090100 0.137500 0.105100 0.137400 0.118900 0.072200 0.164300 0.084600 0.096100 0.126300 0.084300 0.100300 0.098300 0.140100 0.112800 0.088300 0.118100 0.107300 0.119400 0.104700 0.113600 0.072700 0.085200 0.149800 0.160600 0.137400
Springbuck 0.108400 0.327700 0.143800 0.283000 0.097200 0.108500 0.092600 0.034500 0.150300 0.142200 0.103000 0.132200 0.103400 0.086100 0.108500 0.000000 0.202800 0.188200 0.132700 0.167700 0.044400 0.093300 0.131400 0.141800 0.097900 0.034200 0.103400 0.150400 0.044500 0.150300 0.143300 0.106800 0.193300 0.097900 0.109300 0.127700 0.103200 0.124200 0.059200 0.164000 0.137000 0.029300 0.131000 0.131600 0.121000 0.128800 0.068800 0.108600 0.109000 0.144900 0.173000 0.150300
Okapi 0.154500 0.283000 0.145200 0.272700 0.142700 0.160400 0.138200 0.176700 0.157800 0.155100 0.155400 0.144600 0.155900 0.165900 0.192200 0.202800 0.000000 0.052800 0.176700 0.176100 0.200400 0.156000 0.120300 0.131100 0.149900 0.187000 0.149900 0.145700 0.213600 0.157800 0.138700 0.164600 0.154300 0.143900 0.162900 0.128400 0.154600 0.166300 0.205200 0.153900 0.126000 0.181900 0.143300 0.120500 0.121400 0.183000 0.221200 0.185700 0.151600 0.182800 0.169200 0.157800
Giraffe 0.152200 0.300800 0.143100 0.282000 0.140800 0.158100 0.136200 0.162400 0.155400 0.153000 0.153000 0.131000 0.153700 0.151900 0.189500 0.188200 0.052800 0.000000 0.180200 0.173400 0.185600 0.153700 0.118700 0.129300 0.147600 0.172700 0.147700 0.143600 0.198500 0.155400 0.136700 0.162400 0.152300 0.141900 0.160600 0.114900 0.152200 0.164000 0.190600 0.151800 0.124300 0.167600 0.141300 0.118900 0.108300 0.180500 0.206300 0.183100 0.149500 0.180500 0.166700 0.155400
TibetanAnt 0.052300 0.339000 0.121400 0.298200 0.074200 0.052300 0.069300 0.107000 0.127900 0.143400 0.047200 0.109600 0.063700 0.096000 0.113900 0.132700 0.176700 0.180200 0.000000 0.145800 0.123700 0.047400 0.108800 0.131000 0.042000 0.117300 0.058200 0.128000 0.135400 0.127900 0.120900 0.095400 0.184900 0.052800 0.074900 0.104900 0.036400 0.101900 0.133700 0.142200 0.114500 0.112200 0.131600 0.109000 0.098200 0.106600 0.149400 0.114000 0.098200 0.170600 0.151300 0.127900
Sitatunga 0.136900 0.333000 0.020900 0.277800 0.119200 0.137000 0.114500 0.141600 0.015400 0.096800 0.131900 0.086400 0.131600 0.141800 0.155100 0.167700 0.176100 0.173400 0.145800 0.000000 0.164600 0.126700 0.085900 0.107700 0.126600 0.151800 0.125700 0.025800 0.177300 0.015600 0.097600 0.140700 0.172000 0.120100 0.138700 0.070400 0.131300 0.130400 0.156700 0.113100 0.091400 0.146700 0.096900 0.086100 0.064300 0.146900 0.184600 0.161100 0.127400 0.112000 0.036200 0.015600
Oribi 0.099400 0.326800 0.140400 0.282000 0.093400 0.099400 0.088800 0.030000 0.146900 0.150400 0.093800 0.128800 0.099700 0.093100 0.104900 0.044400 0.200400 0.185600 0.123700 0.164600 0.000000 0.089400 0.127900 0.138400 0.088600 0.029700 0.094200 0.147000 0.050400 0.146900 0.139800 0.103200 0.196800 0.088700 0.100200 0.124300 0.094000 0.120800 0.055000 0.160900 0.133500 0.024800 0.138900 0.128100 0.117500 0.108900 0.069900 0.110500 0.105600 0.152900 0.170000 0.146900
BarbaryShe 0.025500 0.306300 0.097500 0.257200 0.046800 0.025000 0.041800 0.073300 0.109400 0.102100 0.020500 0.091700 0.036400 0.068000 0.079500 0.093300 0.156000 0.153700 0.047400 0.126700 0.089400 0.000000 0.079800 0.101500 0.015400 0.083400 0.031100 0.109500 0.100600 0.109300 0.097000 0.067500 0.158600 0.025900 0.046700 0.087000 0.020400 0.073500 0.099300 0.112400 0.085300 0.078300 0.090800 0.080000 0.080600 0.078400 0.114800 0.085100 0.064000 0.128700 0.132200 0.109400
Daviddeer 0.084500 0.263500 0.063500 0.235400 0.073200 0.084600 0.068400 0.105700 0.069300 0.041300 0.079500 0.063400 0.084700 0.094900 0.107200 0.131400 0.120300 0.118700 0.108800 0.085900 0.127900 0.079800 0.000000 0.030700 0.074200 0.115900 0.079100 0.069400 0.139800 0.069300 0.041600 0.094200 0.117900 0.073600 0.090600 0.058600 0.079100 0.073100 0.132200 0.041000 0.005100 0.110900 0.041300 0.010200 0.052600 0.111100 0.147700 0.101500 0.091300 0.099800 0.091200 0.069300
Reindeer 0.094900 0.261600 0.084900 0.234200 0.094500 0.106200 0.078800 0.116200 0.090900 0.062100 0.089900 0.073900 0.106400 0.116500 0.106400 0.141800 0.131100 0.129300 0.131000 0.107700 0.138400 0.101500 0.030700 0.000000 0.084700 0.126300 0.100800 0.091000 0.150400 0.090900 0.062600 0.093600 0.117300 0.095200 0.112500 0.080100 0.100700 0.094400 0.131300 0.061700 0.035900 0.121300 0.062200 0.030800 0.073900 0.132800 0.146800 0.112000 0.113200 0.110200 0.113000 0.090900
Ibex 0.020400 0.284300 0.097300 0.257000 0.041400 0.020400 0.036500 0.072400 0.109200 0.107500 0.005000 0.074900 0.031100 0.062500 0.068500 0.097900 0.149900 0.147600 0.042000 0.126600 0.088600 0.015400 0.074200 0.084700 0.000000 0.082700 0.025800 0.109300 0.099800 0.109200 0.096900 0.051500 0.140900 0.020600 0.041000 0.081200 0.015300 0.068100 0.099200 0.106600 0.079600 0.077600 0.096200 0.074300 0.075000 0.072900 0.114700 0.079500 0.064000 0.134200 0.132000 0.109200
GyrantGaze 0.093300 0.311200 0.128100 0.267500 0.071600 0.088000 0.077500 0.019800 0.134500 0.138000 0.087800 0.116800 0.093700 0.081900 0.093400 0.034200 0.187000 0.172700 0.117300 0.151800 0.029700 0.083400 0.115900 0.126300 0.082700 0.000000 0.088200 0.134600 0.039900 0.134400 0.127600 0.081300 0.172000 0.082800 0.094100 0.112200 0.088000 0.098200 0.044500 0.148400 0.116100 0.004800 0.126700 0.116100 0.105700 0.113800 0.049200 0.098900 0.083000 0.140700 0.145600 0.134500
Hartebeest 0.036000 0.283100 0.102300 0.248100 0.046400 0.036100 0.041500 0.078100 0.108600 0.112500 0.031000 0.091100 0.015000 0.067500 0.090100 0.103400 0.149900 0.147700 0.058200 0.125700 0.094200 0.031100 0.079100 0.100800 0.025800 0.088200 0.000000 0.108700 0.111100 0.108600 0.101900 0.067000 0.158700 0.015300 0.046100 0.086300 0.030900 0.073000 0.104100 0.111500 0.084600 0.083200 0.101200 0.079300 0.080000 0.077800 0.119500 0.084500 0.068900 0.139000 0.131400 0.108600
Bongo 0.119700 0.326500 0.005200 0.258400 0.102300 0.119800 0.097400 0.124400 0.010300 0.080200 0.114600 0.069800 0.114500 0.124600 0.137500 0.150400 0.145700 0.143600 0.128000 0.025800 0.147000 0.109500 0.069400 0.091000 0.109300 0.134600 0.108700 0.000000 0.159500 0.010400 0.080900 0.123600 0.154200 0.103000 0.121100 0.053900 0.114100 0.113300 0.151200 0.096300 0.074800 0.129500 0.080300 0.069500 0.047900 0.141400 0.167100 0.143400 0.109900 0.106700 0.020800 0.010300
Gerenuk 0.110600 0.319400 0.152600 0.262100 0.104700 0.099700 0.089200 0.040300 0.159400 0.162600 0.105000 0.129100 0.111200 0.082600 0.105100 0.044500 0.213600 0.198500 0.135400 0.177300 0.050400 0.100600 0.139800 0.150400 0.099800 0.039900 0.111100 0.159500 0.000000 0.159300 0.152000 0.103600 0.167200 0.105600 0.117500 0.136300 0.094300 0.132400 0.055200 0.149700 0.145400 0.035000 0.150900 0.140000 0.129400 0.126000 0.065000 0.105500 0.117000 0.153500 0.182700 0.159400
CommonElan 0.119500 0.326300 0.005200 0.258300 0.102100 0.119600 0.097300 0.124200 0.000000 0.080100 0.114500 0.069700 0.114400 0.124500 0.137400 0.150300 0.157800 0.155400 0.127900 0.015600 0.146900 0.109300 0.069300 0.090900 0.109200 0.134400 0.108600 0.010400 0.159300 0.000000 0.080800 0.123500 0.154100 0.102800 0.120900 0.053800 0.114000 0.113200 0.151100 0.096300 0.074800 0.129300 0.080200 0.069400 0.047900 0.129500 0.166900 0.143200 0.109800 0.106600 0.020800 0.000000
MuntiacusR 0.107200 0.279400 0.074800 0.248700 0.095500 0.107300 0.090800 0.117400 0.080800 0.020500 0.102200 0.097000 0.107600 0.117700 0.118900 0.143300 0.138700 0.136700 0.120900 0.097600 0.139800 0.097000 0.041600 0.062600 0.096900 0.127600 0.101900 0.080900 0.152000 0.080800 0.000000 0.116800 0.153100 0.096300 0.114000 0.092300 0.101800 0.106900 0.144000 0.062400 0.046900 0.122500 0.010200 0.031100 0.085900 0.134400 0.159600 0.124600 0.103200 0.122500 0.103000 0.080800
HarveysDui 0.061500 0.277700 0.117200 0.270300 0.050800 0.061600 0.035600 0.082000 0.123500 0.127300 0.056600 0.094900 0.072400 0.060400 0.072200 0.106800 0.164600 0.162400 0.095400 0.140700 0.103200 0.067500 0.094200 0.093600 0.051500 0.081300 0.067000 0.123600 0.103600 0.123500 0.116800 0.000000 0.138800 0.061700 0.072500 0.095900 0.056400 0.077100 0.086200 0.115200 0.094300 0.087000 0.116000 0.094300 0.089500 0.092600 0.090700 0.077600 0.073200 0.119900 0.123000 0.123500
Pronghorn 0.157200 0.297500 0.142000 0.223500 0.140100 0.151300 0.135500 0.185300 0.154200 0.140400 0.146300 0.112900 0.158200 0.145400 0.164300 0.193300 0.154300 0.152300 0.184900 0.172000 0.196800 0.158600 0.117900 0.117300 0.140900 0.172000 0.158700 0.154200 0.167200 0.154100 0.153100 0.138800 0.000000 0.152800 0.171500 0.125600 0.145500 0.151400 0.189700 0.127800 0.118100 0.178500 0.152000 0.118100 0.118700 0.156200 0.176000 0.170100 0.159700 0.167700 0.165600 0.154200
BlueWildeb 0.030800 0.276100 0.096700 0.241700 0.041200 0.030800 0.036300 0.072700 0.102900 0.106800 0.025800 0.085500 0.020400 0.062200 0.084600 0.097900 0.143900 0.141900 0.052800 0.120100 0.088700 0.025900 0.073600 0.095200 0.020600 0.082800 0.015300 0.103000 0.105600 0.102800 0.096300 0.061700 0.152800 0.000000 0.040600 0.080700 0.025600 0.067600 0.098600 0.105900 0.079000 0.077800 0.095600 0.073800 0.074400 0.072400 0.114000 0.079000 0.063400 0.133300 0.125500 0.102900
Gemsbok 0.051700 0.292100 0.114500 0.275300 0.062600 0.051700 0.057500 0.083900 0.121000 0.124700 0.046400 0.103000 0.051700 0.084100 0.096100 0.109300 0.162900 0.160600 0.074900 0.138700 0.100200 0.046700 0.090600 0.112500 0.041000 0.094100 0.046100 0.121100 0.117500 0.120900 0.114000 0.072500 0.171500 0.040600 0.000000 0.098300 0.046300 0.078700 0.110100 0.123500 0.096100 0.089000 0.113200 0.090800 0.091700 0.083600 0.114500 0.090400 0.074600 0.139700 0.144200 0.121000
Yak 0.091600 0.289400 0.048100 0.238100 0.080100 0.091700 0.075200 0.102000 0.053800 0.091600 0.086600 0.037100 0.092000 0.085500 0.126300 0.127700 0.128400 0.114900 0.104900 0.070400 0.124300 0.087000 0.058600 0.080100 0.081200 0.112200 0.086300 0.053900 0.136300 0.053800 0.092300 0.095900 0.125600 0.080700 0.098300 0.000000 0.086200 0.091100 0.128700 0.090900 0.064000 0.107100 0.091700 0.058600 0.005200 0.118600 0.144400 0.120300 0.098700 0.107100 0.075800 0.053800
BlueSheep 0.024900 0.303100 0.102200 0.248700 0.046400 0.014900 0.031000 0.078000 0.114000 0.112300 0.020400 0.090900 0.036100 0.056800 0.084300 0.103200 0.154600 0.152200 0.036400 0.131300 0.094000 0.020400 0.079100 0.100700 0.015300 0.088000 0.030900 0.114100 0.094300 0.114000 0.101800 0.056400 0.145500 0.025600 0.046300 0.086200 0.000000 0.072900 0.093100 0.100300 0.084600 0.083000 0.101100 0.079300 0.079900 0.067000 0.108400 0.073500 0.068900 0.127500 0.136700 0.114000
BohorReedb 0.078200 0.302300 0.107000 0.272600 0.025300 0.078300 0.062400 0.099100 0.113200 0.106000 0.073200 0.095800 0.078400 0.088400 0.100300 0.124200 0.166300 0.164000 0.101900 0.130400 0.120800 0.073500 0.073100 0.094400 0.068100 0.098200 0.073000 0.113300 0.132400 0.113200 0.106900 0.077100 0.151400 0.067600 0.078700 0.091100 0.072900 0.000000 0.114100 0.105100 0.073200 0.104100 0.106100 0.073200 0.084700 0.087900 0.129400 0.094700 0.068400 0.143400 0.124300 0.113200
KirksDik 0.098300 0.323700 0.144600 0.267400 0.087100 0.098400 0.071800 0.044900 0.151100 0.154500 0.104400 0.133200 0.109600 0.086900 0.098300 0.059200 0.205200 0.190600 0.133700 0.156700 0.055000 0.099300 0.132200 0.131300 0.099200 0.044500 0.104100 0.151200 0.055200 0.151100 0.144000 0.086200 0.189700 0.098600 0.110100 0.128700 0.093100 0.114100 0.000000 0.153600 0.137800 0.039700 0.143100 0.132400 0.121900 0.118800 0.054000 0.104000 0.110800 0.124200 0.174000 0.151100
RoeDeer 0.116900 0.287800 0.090200 0.245300 0.105200 0.105800 0.089500 0.138300 0.096300 0.061900 0.111900 0.084400 0.117200 0.116000 0.140100 0.164000 0.153900 0.151800 0.142200 0.113100 0.160900 0.112400 0.041000 0.061700 0.106600 0.148400 0.111500 0.096300 0.149700 0.096300 0.062400 0.115200 0.127800 0.105900 0.123500 0.090900 0.100300 0.105100 0.153600 0.000000 0.046200 0.143400 0.062000 0.030600 0.084600 0.132400 0.169100 0.122900 0.124300 0.120900 0.118400 0.096300
WhiteLippe 0.090000 0.275500 0.068900 0.246100 0.073300 0.090000 0.073800 0.111200 0.074800 0.046500 0.084900 0.068800 0.090200 0.100400 0.112800 0.137000 0.126000 0.124300 0.114500 0.091400 0.133500 0.085300 0.005100 0.035900 0.079600 0.116100 0.084600 0.074800 0.145400 0.074800 0.046900 0.094300 0.118100 0.079000 0.096100 0.064000 0.084600 0.073200 0.137800 0.046200 0.000000 0.116400 0.046600 0.015400 0.058000 0.116600 0.148000 0.107000 0.091400 0.105300 0.091300 0.074800
ThomsonGaz 0.088300 0.312100 0.123000 0.268100 0.077200 0.083000 0.072500 0.014900 0.129400 0.133000 0.082800 0.111700 0.088600 0.076900 0.088300 0.029300 0.181900 0.167600 0.112200 0.146700 0.024800 0.078300 0.110900 0.121300 0.077600 0.004800 0.083200 0.129500 0.035000 0.129300 0.122500 0.087000 0.178500 0.077800 0.089000 0.107100 0.083000 0.104100 0.039700 0.143400 0.116400 0.000000 0.121700 0.111000 0.100600 0.108800 0.054500 0.093900 0.088900 0.135700 0.152100 0.129400
MuntiacusC 0.106500 0.277100 0.074300 0.247000 0.094900 0.106600 0.090200 0.116600 0.080200 0.010100 0.101500 0.096300 0.106900 0.116900 0.118100 0.131000 0.143300 0.141300 0.131600 0.096900 0.138900 0.090800 0.041300 0.062200 0.096200 0.126700 0.101200 0.080300 0.150900 0.080200 0.010200 0.116000 0.152000 0.095600 0.113200 0.091700 0.101100 0.106100 0.143100 0.062000 0.046600 0.121700 0.000000 0.030900 0.085300 0.133500 0.158600 0.123800 0.102400 0.110500 0.102200 0.080200
WhiteTaile 0.084700 0.264100 0.063600 0.235800 0.073300 0.084700 0.068500 0.105900 0.069400 0.030900 0.079600 0.063500 0.084900 0.095000 0.107300 0.131600 0.120500 0.118900 0.109000 0.086100 0.128100 0.080000 0.010200 0.030800 0.074300 0.116100 0.079300 0.069500 0.140000 0.069400 0.031100 0.094300 0.118100 0.073800 0.090800 0.058600 0.079300 0.073200 0.132400 0.030600 0.015400 0.111000 0.030900 0.000000 0.052700 0.111200 0.147900 0.101600 0.091500 0.100000 0.091400 0.069400
Cattle 0.085300 0.294900 0.042200 0.243100 0.073900 0.085300 0.069100 0.095500 0.047900 0.085200 0.080200 0.031400 0.085500 0.079200 0.119400 0.121000 0.121400 0.108300 0.098200 0.064300 0.117500 0.080600 0.052600 0.073900 0.075000 0.105700 0.080000 0.047900 0.129400 0.047900 0.085900 0.089500 0.118700 0.074400 0.091700 0.005200 0.079900 0.084700 0.121900 0.084600 0.058000 0.100600 0.085300 0.052700 0.000000 0.111900 0.137500 0.113500 0.092200 0.100500 0.069600 0.047900
RoyalAntel 0.083000 0.341700 0.134800 0.257000 0.072000 0.072300 0.067300 0.114900 0.129500 0.133500 0.078000 0.123100 0.083200 0.082400 0.104700 0.128800 0.183000 0.180500 0.106600 0.146900 0.108900 0.078400 0.111100 0.132800 0.072900 0.113800 0.077800 0.141400 0.126000 0.129500 0.134400 0.092600 0.156200 0.072400 0.083600 0.118600 0.067000 0.087900 0.118800 0.132400 0.116600 0.108800 0.133500 0.111200 0.111900 0.000000 0.134100 0.099300 0.073100 0.159800 0.152200 0.129500
Steenbok 0.113600 0.334400 0.160300 0.277100 0.102300 0.113800 0.087000 0.059800 0.166900 0.170100 0.119800 0.137500 0.119100 0.086100 0.113600 0.068800 0.221200 0.206300 0.149400 0.184600 0.069900 0.114800 0.147700 0.146800 0.114700 0.049200 0.119500 0.167100 0.065000 0.166900 0.159600 0.090700 0.176000 0.114000 0.114500 0.144400 0.108400 0.129400 0.054000 0.169100 0.148000 0.054500 0.158600 0.147900 0.137500 0.134100 0.000000 0.102700 0.114500 0.150800 0.178200 0.166900
Impala 0.089700 0.302700 0.136600 0.252300 0.078400 0.078900 0.062800 0.088800 0.143300 0.135300 0.084700 0.124900 0.078700 0.083700 0.072700 0.108600 0.185700 0.183100 0.114000 0.161100 0.110500 0.085100 0.101500 0.112000 0.079500 0.098900 0.084500 0.143400 0.105500 0.143200 0.124600 0.077600 0.170100 0.079000 0.090400 0.120300 0.073500 0.094700 0.104000 0.122900 0.107000 0.093900 0.123800 0.101600 0.113500 0.099300 0.102700 0.000000 0.090400 0.132800 0.166500 0.143300
Klipspring 0.074300 0.300500 0.103500 0.257000 0.052300 0.074300 0.058200 0.083700 0.109800 0.113900 0.069200 0.103500 0.073900 0.084400 0.085200 0.109000 0.151600 0.149500 0.098200 0.127400 0.105600 0.064000 0.091300 0.113200 0.064000 0.083000 0.068900 0.109900 0.117000 0.109800 0.103200 0.073200 0.159700 0.063400 0.074600 0.098700 0.068900 0.068400 0.110800 0.124300 0.091400 0.088900 0.102400 0.091500 0.092200 0.073100 0.114500 0.090400 0.000000 0.140500 0.121100 0.109800
ForestMusk 0.144400 0.321000 0.100500 0.257100 0.132300 0.133100 0.116500 0.130600 0.106600 0.110400 0.139500 0.122800 0.144800 0.132000 0.149800 0.144900 0.182800 0.180500 0.170600 0.112000 0.152900 0.128700 0.099800 0.110200 0.134200 0.140700 0.139000 0.106700 0.153500 0.106600 0.122500 0.119900 0.167700 0.133300 0.139700 0.107100 0.127500 0.143400 0.124200 0.120900 0.105300 0.135700 0.110500 0.100000 0.100500 0.159800 0.150800 0.132800 0.140500 0.000000 0.128800 0.106600
Bushbuck 0.142300 0.348300 0.026100 0.277500 0.113200 0.142400 0.119900 0.147000 0.020500 0.102100 0.137300 0.091800 0.137300 0.147200 0.160600 0.173000 0.169200 0.166700 0.151300 0.036200 0.170000 0.132200 0.091200 0.113000 0.132000 0.145600 0.131400 0.020800 0.182700 0.020800 0.103000 0.123000 0.165600 0.125500 0.144200 0.075800 0.136700 0.124300 0.174000 0.118400 0.091300 0.152100 0.102200 0.091400 0.069600 0.152200 0.178200 0.166500 0.121100 0.128800 0.000000 0.020700
GreaterKud 0.119600 0.326200 0.005200 0.258300 0.102200 0.119700 0.097400 0.124300 0.000000 0.080100 0.114500 0.069700 0.114400 0.124500 0.137400 0.150300 0.157800 0.155400 0.127900 0.015600 0.146900 0.109400 0.069300 0.090900 0.109200 0.134500 0.108600 0.010300 0.159400 0.000000 0.080800 0.123500 0.154200 0.102900 0.121000 0.053800 0.114000 0.113200 0.151100 0.096300 0.074800 0.129400 0.080200 0.069400 0.047900 0.129500 0.166900 0.143300 0.109800 0.106600 0.020700 0.000000
