1
52 1
Argali 0.000000 0.197400 0.074300 0.167300 0.049700 0.017300 0.052800 0.034800 0.068100 0.074400 0.026000 0.064600 0.058500 0.052800 0.049500 0.064800 0.077400 0.086500 0.023000 0.062300 0.043900 0.026000 0.129000 0.086800 0.022800 0.046700 0.052600 0.058900 0.043600 0.055900 0.074400 0.049300 0.093100 0.055300 0.037700 0.080100 0.022700 0.052800 0.052900 0.086600 0.128900 0.049700 0.074400 0.096200 0.075900 0.043700 0.043600 0.061800 0.040000 0.071000 0.071200 0.071400
LesserMous 0.197400 0.000000 0.198700 0.176400 0.201300 0.200900 0.198200 0.176300 0.202300 0.198600 0.180100 0.200200 0.196500 0.198100 0.179300 0.194200 0.165700 0.183500 0.176300 0.191300 0.191700 0.180400 0.231100 0.198500 0.176600 0.190500 0.189300 0.191300 0.179400 0.195000 0.198600 0.187100 0.194900 0.193000 0.183500 0.200700 0.190700 0.190400 0.177000 0.205500 0.230800 0.186900 0.198600 0.201800 0.197300 0.172700 0.179500 0.194600 0.183300 0.190300 0.199100 0.202400
LesserKudu 0.074300 0.198700 0.000000 0.182100 0.070600 0.087100 0.062100 0.062000 0.022800 0.087300 0.071900 0.061900 0.074100 0.062100 0.064900 0.086900 0.083700 0.086900 0.056000 0.017200 0.071700 0.071400 0.136300 0.093600 0.068300 0.068300 0.068000 0.014300 0.065100 0.017000 0.087300 0.059000 0.093600 0.077200 0.065200 0.077400 0.068300 0.068100 0.068500 0.093400 0.136200 0.071400 0.087300 0.096700 0.074300 0.065200 0.065100 0.077600 0.054600 0.083800 0.026000 0.025600
KillerWhal 0.167300 0.176400 0.182100 0.000000 0.177900 0.184800 0.181800 0.160400 0.185600 0.178400 0.171000 0.173700 0.187500 0.181800 0.163600 0.181500 0.146800 0.160700 0.160500 0.178500 0.172100 0.167300 0.241400 0.185300 0.160500 0.170800 0.180500 0.175000 0.163700 0.171600 0.178400 0.178100 0.168100 0.184000 0.171000 0.184600 0.174500 0.181300 0.161200 0.185000 0.241100 0.167400 0.178400 0.188600 0.181100 0.153600 0.163800 0.192400 0.167500 0.171300 0.189400 0.189800
DefassaWat 0.049700 0.201300 0.070600 0.177900 0.000000 0.068000 0.043800 0.043300 0.065100 0.071300 0.052700 0.054500 0.067600 0.043800 0.045800 0.061800 0.074000 0.083500 0.037800 0.058900 0.047000 0.052800 0.125800 0.083700 0.049700 0.049700 0.061600 0.055900 0.046600 0.053100 0.069900 0.040800 0.090000 0.064600 0.047000 0.077000 0.049700 0.008600 0.055900 0.083500 0.125700 0.052700 0.071300 0.093100 0.067800 0.046700 0.046700 0.058600 0.037800 0.068000 0.068200 0.067600
Sheep 0.017300 0.200900 0.087100 0.184800 0.068000 0.000000 0.065100 0.046800 0.080700 0.092700 0.037800 0.077100 0.070900 0.065100 0.061700 0.077300 0.089800 0.099400 0.034900 0.074500 0.056100 0.037900 0.142800 0.099700 0.034900 0.058900 0.064800 0.071400 0.054600 0.074500 0.093400 0.062000 0.106200 0.067800 0.049800 0.086300 0.034300 0.064900 0.065300 0.099500 0.142800 0.062000 0.093400 0.109300 0.083400 0.052800 0.055800 0.074300 0.051900 0.083600 0.083900 0.084100
MaxwellsDu 0.052800 0.198200 0.062100 0.181800 0.043800 0.065100 0.000000 0.040800 0.054700 0.071400 0.049800 0.058700 0.064700 0.022800 0.043700 0.065000 0.071100 0.080500 0.034900 0.049900 0.050100 0.050200 0.119500 0.077600 0.046100 0.046800 0.058700 0.046900 0.043700 0.049900 0.071400 0.020100 0.086400 0.061700 0.043500 0.067400 0.046800 0.045700 0.053000 0.077500 0.119400 0.049100 0.071400 0.086900 0.071000 0.043800 0.042800 0.056000 0.034900 0.071200 0.059000 0.058000
GazellaPrz 0.034800 0.176300 0.062000 0.160400 0.043300 0.046800 0.040800 0.000000 0.055900 0.068200 0.031900 0.052000 0.052500 0.040800 0.037600 0.046700 0.064800 0.074100 0.022800 0.049800 0.037900 0.031900 0.115900 0.074400 0.028900 0.034800 0.046500 0.046800 0.025500 0.049900 0.068200 0.037800 0.080600 0.043500 0.031800 0.067800 0.028500 0.040700 0.040900 0.068100 0.115800 0.037800 0.068200 0.083600 0.064700 0.026000 0.030900 0.043800 0.028400 0.058500 0.051900 0.059100
MountainNy 0.068100 0.202300 0.022800 0.185600 0.065100 0.080700 0.054700 0.055900 0.000000 0.084100 0.065200 0.055800 0.080300 0.056000 0.058800 0.080400 0.080500 0.090000 0.049900 0.011300 0.064700 0.065200 0.132900 0.090400 0.062100 0.062100 0.074100 0.008500 0.058900 0.011300 0.084100 0.052900 0.096700 0.077100 0.059000 0.071200 0.062100 0.062100 0.062300 0.090200 0.132800 0.065200 0.084100 0.093400 0.068100 0.059000 0.059000 0.071400 0.049900 0.076900 0.014200 0.014400
MuntiacusM 0.074400 0.198600 0.087300 0.178400 0.071300 0.092700 0.071400 0.068200 0.084100 0.000000 0.077600 0.074100 0.092900 0.074600 0.058900 0.093200 0.061900 0.083700 0.062100 0.077800 0.071800 0.077600 0.074400 0.023100 0.068300 0.074500 0.086600 0.074700 0.071200 0.071600 0.000000 0.071400 0.090300 0.089700 0.071400 0.090000 0.074500 0.074300 0.081000 0.028100 0.074300 0.077600 0.000000 0.031900 0.086800 0.071300 0.071300 0.083900 0.062100 0.080700 0.087300 0.087500
goat 0.026000 0.180100 0.071900 0.171000 0.052700 0.037800 0.049800 0.031900 0.065200 0.077600 0.000000 0.060400 0.061600 0.049500 0.046600 0.061800 0.067900 0.077300 0.019700 0.059000 0.047000 0.022800 0.125900 0.083800 0.008500 0.043800 0.055600 0.056000 0.040700 0.059000 0.077600 0.046800 0.083800 0.058500 0.040300 0.077100 0.020200 0.049700 0.049900 0.083700 0.125900 0.046500 0.077600 0.093200 0.074000 0.040200 0.039800 0.058900 0.031400 0.068100 0.068300 0.062300
AfricanBuf 0.064600 0.200200 0.061900 0.173700 0.054500 0.077100 0.058700 0.052000 0.055800 0.074100 0.060400 0.000000 0.070600 0.058700 0.049400 0.076900 0.070700 0.079600 0.046600 0.049700 0.062000 0.060500 0.122400 0.080300 0.058600 0.058700 0.064500 0.046700 0.055500 0.049700 0.074100 0.055600 0.086600 0.067500 0.055600 0.043600 0.058600 0.052500 0.058800 0.080200 0.122200 0.060900 0.074100 0.083300 0.040600 0.055600 0.055600 0.067900 0.046600 0.070900 0.058300 0.058900
Topi 0.058500 0.196500 0.074100 0.187500 0.067600 0.070900 0.064700 0.052500 0.080300 0.092900 0.061600 0.070600 0.000000 0.064700 0.061400 0.076800 0.089300 0.098800 0.045800 0.074100 0.061900 0.061600 0.141900 0.099200 0.058600 0.052600 0.005600 0.071000 0.055500 0.074100 0.092900 0.061600 0.105600 0.014000 0.037600 0.086200 0.058600 0.064600 0.064900 0.099000 0.141800 0.055600 0.092900 0.108700 0.083000 0.055500 0.055500 0.067800 0.052500 0.083100 0.083400 0.080500
CommonDuik 0.052800 0.198100 0.062100 0.181800 0.043800 0.065100 0.022800 0.040800 0.056000 0.074600 0.049500 0.058700 0.064700 0.000000 0.043700 0.065000 0.071100 0.080500 0.034900 0.049900 0.050100 0.049900 0.122900 0.079700 0.047000 0.046800 0.058700 0.046900 0.043700 0.049900 0.074600 0.014200 0.080700 0.061300 0.043800 0.067900 0.046800 0.046700 0.053100 0.080600 0.122800 0.049900 0.074600 0.090100 0.071100 0.043800 0.043800 0.055900 0.034900 0.071200 0.059000 0.059100
Suni 0.049500 0.179300 0.064900 0.163600 0.045800 0.061700 0.043700 0.037600 0.058800 0.058900 0.046600 0.049400 0.061400 0.043700 0.000000 0.061600 0.055600 0.064800 0.031800 0.052700 0.046200 0.046000 0.106000 0.065000 0.043600 0.042700 0.055400 0.049700 0.040600 0.052700 0.058900 0.040600 0.071100 0.052400 0.040600 0.070700 0.043600 0.043500 0.049800 0.064800 0.105900 0.046600 0.058500 0.074100 0.067600 0.040600 0.040600 0.046600 0.031800 0.067800 0.061900 0.062000
Springbuck 0.064800 0.194200 0.086900 0.181500 0.061800 0.077300 0.065000 0.046700 0.080400 0.093200 0.061800 0.076900 0.076800 0.065000 0.061600 0.000000 0.083400 0.092900 0.046700 0.074300 0.056100 0.061900 0.125700 0.099500 0.058800 0.046700 0.069700 0.071200 0.026000 0.074300 0.093200 0.061800 0.086900 0.067600 0.055700 0.092600 0.058800 0.058700 0.065100 0.094200 0.125600 0.049800 0.093200 0.102600 0.083300 0.049700 0.049700 0.074200 0.052700 0.077200 0.083800 0.084000
Okapi 0.077400 0.165700 0.083700 0.146800 0.074000 0.089800 0.071100 0.064800 0.080500 0.061900 0.067900 0.070700 0.089300 0.071100 0.055600 0.083400 0.000000 0.032000 0.058800 0.074300 0.074500 0.074200 0.115600 0.068000 0.064900 0.071000 0.083100 0.071200 0.067800 0.074300 0.061900 0.067900 0.049900 0.086100 0.067900 0.086400 0.071000 0.070900 0.077500 0.074100 0.115500 0.074100 0.061900 0.077200 0.083300 0.061800 0.067900 0.080200 0.058100 0.071000 0.083700 0.083900
Giraffe 0.086500 0.183500 0.086900 0.160700 0.083500 0.099400 0.080500 0.074100 0.090000 0.083700 0.077300 0.079600 0.098800 0.080500 0.064800 0.092900 0.032000 0.000000 0.068000 0.083700 0.084000 0.083600 0.132200 0.089900 0.074200 0.080500 0.092500 0.080600 0.077100 0.083800 0.083700 0.077300 0.040800 0.095600 0.074200 0.095900 0.080400 0.080200 0.083800 0.096100 0.132100 0.083500 0.083700 0.099300 0.092800 0.071100 0.077200 0.089900 0.068000 0.086700 0.093300 0.093500
TibetanAnt 0.023000 0.176300 0.056000 0.160500 0.037800 0.034900 0.034900 0.022800 0.049900 0.062100 0.019700 0.046600 0.045800 0.034900 0.031800 0.046700 0.058800 0.068000 0.000000 0.043900 0.032000 0.020200 0.109500 0.068200 0.017300 0.028100 0.040600 0.040900 0.025900 0.043900 0.062500 0.031900 0.074400 0.043500 0.026000 0.061700 0.017200 0.034800 0.034900 0.062000 0.109500 0.031900 0.061500 0.077500 0.058700 0.025600 0.026000 0.043800 0.022500 0.052800 0.053000 0.052300
Sitatunga 0.062300 0.191300 0.017200 0.178500 0.058900 0.074500 0.049900 0.049800 0.011300 0.077800 0.059000 0.049700 0.074100 0.049900 0.052700 0.074300 0.074300 0.083700 0.043900 0.000000 0.059300 0.059100 0.126300 0.084000 0.056000 0.056000 0.067900 0.002800 0.052800 0.005700 0.077800 0.046800 0.090400 0.071000 0.052900 0.058800 0.056000 0.055900 0.056200 0.083900 0.126200 0.059000 0.077800 0.087100 0.055800 0.046800 0.052900 0.065200 0.043900 0.071300 0.014300 0.014200
Oribi 0.043900 0.191700 0.071700 0.172100 0.047000 0.056100 0.050100 0.037900 0.064700 0.071800 0.047000 0.062000 0.061900 0.050100 0.046200 0.056100 0.074500 0.084000 0.032000 0.059300 0.000000 0.047000 0.126700 0.084200 0.044000 0.038000 0.055800 0.056300 0.034900 0.053300 0.071800 0.047000 0.090600 0.058800 0.041000 0.077900 0.042900 0.049900 0.050200 0.084100 0.126600 0.041000 0.071800 0.093700 0.074400 0.041000 0.040200 0.059200 0.037500 0.068400 0.069100 0.068800
BarbaryShe 0.026000 0.180400 0.071400 0.167300 0.052800 0.037900 0.050200 0.031900 0.065200 0.077600 0.022800 0.060500 0.061600 0.049900 0.046000 0.061900 0.074200 0.083600 0.020200 0.059100 0.047000 0.000000 0.125900 0.083900 0.020000 0.043800 0.055600 0.056000 0.040200 0.059100 0.077600 0.040800 0.090200 0.058600 0.040800 0.077200 0.020200 0.049700 0.050000 0.083700 0.125900 0.046800 0.077600 0.093300 0.074100 0.040800 0.040700 0.053000 0.037300 0.068100 0.062200 0.068500
Daviddeer 0.129000 0.231100 0.136300 0.241400 0.125800 0.142800 0.119500 0.115900 0.132900 0.074400 0.125900 0.122400 0.141900 0.122900 0.106000 0.125700 0.115600 0.132200 0.109500 0.126300 0.126700 0.125900 0.000000 0.074400 0.122600 0.122700 0.135300 0.123000 0.119100 0.126300 0.074400 0.119400 0.129400 0.138500 0.119300 0.139000 0.122700 0.122400 0.123200 0.086700 0.005800 0.126000 0.074400 0.080500 0.135600 0.119200 0.112900 0.125900 0.109600 0.122700 0.129600 0.136700
Reindeer 0.086800 0.198500 0.093600 0.185300 0.083700 0.099700 0.077600 0.074400 0.090400 0.023100 0.083800 0.080300 0.099200 0.079700 0.065000 0.099500 0.068000 0.089900 0.068200 0.084000 0.084200 0.083900 0.074400 0.000000 0.074400 0.080700 0.092900 0.080900 0.077400 0.084100 0.022600 0.077500 0.096600 0.096000 0.077500 0.096300 0.080700 0.080500 0.081000 0.028900 0.074300 0.077500 0.022700 0.014300 0.093100 0.077500 0.071200 0.090200 0.068200 0.086900 0.093600 0.093800
Ibex 0.022800 0.176600 0.068300 0.160500 0.049700 0.034900 0.046100 0.028900 0.062100 0.068300 0.008500 0.058600 0.058600 0.047000 0.043600 0.058800 0.064900 0.074200 0.017300 0.056000 0.044000 0.020000 0.122600 0.074400 0.000000 0.040800 0.052300 0.053000 0.037700 0.056000 0.068300 0.043800 0.080700 0.055600 0.037100 0.074000 0.017300 0.046700 0.046900 0.074300 0.122500 0.043800 0.068300 0.083700 0.071300 0.037800 0.037800 0.055700 0.034900 0.065000 0.065200 0.065300
GyrantGaze 0.046700 0.190500 0.068300 0.170800 0.049700 0.058900 0.046800 0.034800 0.062100 0.074500 0.043800 0.058700 0.052600 0.046800 0.042700 0.046700 0.071000 0.080500 0.028100 0.056000 0.038000 0.043800 0.122700 0.080700 0.040800 0.000000 0.046600 0.052900 0.026000 0.056000 0.074500 0.043800 0.087200 0.049500 0.037800 0.074100 0.039900 0.046700 0.047100 0.080500 0.123000 0.014100 0.074500 0.090000 0.071000 0.037800 0.037800 0.055800 0.034800 0.065000 0.065200 0.065300
Hartebeest 0.052600 0.189300 0.068000 0.180500 0.061600 0.064800 0.058700 0.046500 0.074100 0.086600 0.055600 0.064500 0.005600 0.058700 0.055400 0.069700 0.083100 0.092500 0.040600 0.067900 0.055800 0.055600 0.135300 0.092900 0.052300 0.046600 0.000000 0.064900 0.048700 0.067900 0.086600 0.055600 0.099200 0.008400 0.031800 0.080000 0.052600 0.058500 0.058800 0.092000 0.135200 0.049600 0.086600 0.102300 0.076900 0.049500 0.049500 0.061700 0.046600 0.076900 0.077200 0.074300
Bongo 0.058900 0.191300 0.014300 0.175000 0.055900 0.071400 0.046900 0.046800 0.008500 0.074700 0.056000 0.046700 0.071000 0.046900 0.049700 0.071200 0.071200 0.080600 0.040900 0.002800 0.056300 0.056000 0.123000 0.080900 0.053000 0.052900 0.064900 0.000000 0.049800 0.002800 0.074800 0.043200 0.087200 0.067900 0.049900 0.061900 0.052500 0.052800 0.053100 0.080800 0.122900 0.056000 0.074700 0.083900 0.058900 0.049900 0.049500 0.062100 0.041100 0.068200 0.011300 0.011300
Gerenuk 0.043600 0.179400 0.065100 0.163700 0.046600 0.054600 0.043700 0.025500 0.058900 0.071200 0.040700 0.055500 0.055500 0.043700 0.040600 0.026000 0.067800 0.077100 0.025900 0.052800 0.034900 0.040200 0.119100 0.077400 0.037700 0.026000 0.048700 0.049800 0.000000 0.052800 0.071200 0.040700 0.083600 0.046500 0.034800 0.070800 0.037100 0.043600 0.043800 0.070700 0.119100 0.028900 0.071200 0.086700 0.067800 0.028900 0.034700 0.052700 0.031800 0.055700 0.062000 0.062100
CommonElan 0.055900 0.195000 0.017000 0.171600 0.053100 0.074500 0.049900 0.049900 0.011300 0.071600 0.059000 0.049700 0.074100 0.049900 0.052700 0.074300 0.074300 0.083800 0.043900 0.005700 0.053300 0.059100 0.126300 0.084100 0.056000 0.056000 0.067900 0.002800 0.052800 0.000000 0.071600 0.046800 0.090400 0.071000 0.052900 0.065000 0.056000 0.055900 0.056200 0.083900 0.126200 0.059000 0.071600 0.087100 0.061900 0.052900 0.052900 0.065200 0.043900 0.071300 0.014300 0.014200
MuntiacusR 0.074400 0.198600 0.087300 0.178400 0.069900 0.093400 0.071400 0.068200 0.084100 0.000000 0.077600 0.074100 0.092900 0.074600 0.058900 0.093200 0.061900 0.083700 0.062500 0.077800 0.071800 0.077600 0.074400 0.022600 0.068300 0.074500 0.086600 0.074800 0.071200 0.071600 0.000000 0.071400 0.090300 0.089700 0.071400 0.090000 0.074500 0.074300 0.081000 0.028900 0.074300 0.077600 0.000000 0.031800 0.086800 0.071300 0.071300 0.083900 0.062100 0.080700 0.086800 0.087500
HarveysDui 0.049300 0.187100 0.059000 0.178100 0.040800 0.062000 0.020100 0.037800 0.052900 0.071400 0.046800 0.055600 0.061600 0.014200 0.040600 0.061800 0.067900 0.077300 0.031900 0.046800 0.047000 0.040800 0.119400 0.077500 0.043800 0.043800 0.055600 0.043200 0.040700 0.046800 0.071400 0.000000 0.083800 0.058600 0.040800 0.064800 0.043800 0.043700 0.050000 0.077400 0.119400 0.046800 0.071400 0.086900 0.067900 0.040800 0.040800 0.046800 0.031300 0.068100 0.049900 0.056000
Pronghorn 0.093100 0.194900 0.093600 0.168100 0.090000 0.106200 0.086400 0.080600 0.096700 0.090300 0.083800 0.086600 0.105600 0.080700 0.071100 0.086900 0.049900 0.040800 0.074400 0.090400 0.090600 0.090200 0.129400 0.096600 0.080700 0.087200 0.099200 0.087200 0.083600 0.090400 0.090300 0.083800 0.000000 0.102300 0.080600 0.102600 0.087000 0.086600 0.093600 0.102800 0.129300 0.090100 0.090300 0.099700 0.099400 0.077500 0.074100 0.096500 0.073600 0.093300 0.100000 0.100200
BlueWildeb 0.055300 0.193000 0.077200 0.184000 0.064600 0.067800 0.061700 0.043500 0.077100 0.089700 0.058500 0.067500 0.014000 0.061300 0.052400 0.067600 0.086100 0.095600 0.043500 0.071000 0.058800 0.058600 0.138500 0.096000 0.055600 0.049500 0.008400 0.067900 0.046500 0.071000 0.089700 0.058600 0.102300 0.000000 0.034700 0.083000 0.055200 0.061500 0.061800 0.089500 0.138400 0.051600 0.089700 0.105400 0.079900 0.046500 0.052500 0.064700 0.049500 0.080000 0.080300 0.077300
Gemsbok 0.037700 0.183500 0.065200 0.171000 0.047000 0.049800 0.043500 0.031800 0.059000 0.071400 0.040300 0.055600 0.037600 0.043800 0.040600 0.055700 0.067900 0.074200 0.026000 0.052900 0.041000 0.040800 0.119300 0.077500 0.037100 0.037800 0.031800 0.049900 0.034800 0.052900 0.071400 0.040800 0.080600 0.034700 0.000000 0.070600 0.037800 0.043700 0.043600 0.077400 0.119200 0.040100 0.071400 0.086900 0.067900 0.034800 0.034800 0.046800 0.031900 0.055800 0.062100 0.059200
Yak 0.080100 0.200700 0.077400 0.184600 0.077000 0.086300 0.067400 0.067800 0.071200 0.090000 0.077100 0.043600 0.086200 0.067900 0.070700 0.092600 0.086400 0.095900 0.061700 0.058800 0.077900 0.077200 0.139000 0.096300 0.074000 0.074100 0.080000 0.061900 0.070800 0.065000 0.090000 0.064800 0.102600 0.083000 0.070600 0.000000 0.074000 0.074100 0.074300 0.096100 0.139000 0.077200 0.090000 0.099300 0.014300 0.064700 0.070900 0.083200 0.061800 0.080300 0.074400 0.074400
BlueSheep 0.022700 0.190700 0.068300 0.174500 0.049700 0.034300 0.046800 0.028500 0.062100 0.074500 0.020200 0.058600 0.058600 0.046800 0.043600 0.058800 0.071000 0.080400 0.017200 0.056000 0.042900 0.020200 0.122700 0.080700 0.017300 0.039900 0.052600 0.052500 0.037100 0.056000 0.074500 0.043800 0.087000 0.055200 0.037800 0.074000 0.000000 0.046700 0.046900 0.080500 0.122600 0.043200 0.074500 0.090000 0.071000 0.037700 0.037800 0.055900 0.034800 0.065000 0.065200 0.062300
BohorReedb 0.052800 0.190400 0.068100 0.181300 0.008600 0.064900 0.045700 0.040700 0.062100 0.074300 0.049700 0.052500 0.064600 0.046700 0.043500 0.058700 0.070900 0.080200 0.034800 0.055900 0.049900 0.049700 0.122400 0.080500 0.046700 0.046700 0.058500 0.052800 0.043600 0.055900 0.074300 0.043700 0.086600 0.061500 0.043700 0.074100 0.046700 0.000000 0.052900 0.080800 0.122400 0.049400 0.074300 0.089800 0.064700 0.043700 0.043700 0.055800 0.034800 0.064900 0.065100 0.065200
KirksDik 0.052900 0.177000 0.068500 0.161200 0.055900 0.065300 0.053000 0.040900 0.062300 0.081000 0.049900 0.058800 0.064900 0.053100 0.049800 0.065100 0.077500 0.083800 0.034900 0.056200 0.050200 0.050000 0.123200 0.081000 0.046900 0.047100 0.058800 0.053100 0.043800 0.056200 0.081000 0.050000 0.093600 0.061800 0.043600 0.074300 0.046900 0.052900 0.000000 0.087100 0.123200 0.043900 0.081000 0.084000 0.071200 0.043900 0.037900 0.062200 0.040900 0.071400 0.065400 0.065500
RoeDeer 0.086600 0.205500 0.093400 0.185000 0.083500 0.099500 0.077500 0.068100 0.090200 0.028100 0.083700 0.080200 0.099000 0.080600 0.064800 0.094200 0.074100 0.096100 0.062000 0.083900 0.084100 0.083700 0.086700 0.028900 0.074300 0.080500 0.092000 0.080800 0.070700 0.083900 0.028900 0.077400 0.102800 0.089500 0.077400 0.096100 0.080500 0.080800 0.087100 0.000000 0.086600 0.083700 0.028900 0.037700 0.092900 0.071200 0.077300 0.090000 0.068100 0.093100 0.093500 0.093600
WhiteLippe 0.128900 0.230800 0.136200 0.241100 0.125700 0.142800 0.119400 0.115800 0.132800 0.074300 0.125900 0.122200 0.141800 0.122800 0.105900 0.125600 0.115500 0.132100 0.109500 0.126200 0.126600 0.125900 0.005800 0.074300 0.122500 0.123000 0.135200 0.122900 0.119100 0.126200 0.074300 0.119400 0.129300 0.138400 0.119200 0.139000 0.122600 0.122400 0.123200 0.086600 0.000000 0.126000 0.074300 0.080600 0.135600 0.119900 0.112800 0.125800 0.109600 0.122600 0.136200 0.136600
ThomsonGaz 0.049700 0.186900 0.071400 0.167400 0.052700 0.062000 0.049100 0.037800 0.065200 0.077600 0.046500 0.060900 0.055600 0.049900 0.046600 0.049800 0.074100 0.083500 0.031900 0.059000 0.041000 0.046800 0.126000 0.077500 0.043800 0.014100 0.049600 0.056000 0.028900 0.059000 0.077600 0.046800 0.090100 0.051600 0.040100 0.077200 0.043200 0.049400 0.043900 0.083700 0.126000 0.000000 0.077600 0.086900 0.074100 0.040800 0.034200 0.058900 0.037800 0.068100 0.068300 0.068400
MuntiacusC 0.074400 0.198600 0.087300 0.178400 0.071300 0.093400 0.071400 0.068200 0.084100 0.000000 0.077600 0.074100 0.092900 0.074600 0.058500 0.093200 0.061900 0.083700 0.061500 0.077800 0.071800 0.077600 0.074400 0.022700 0.068300 0.074500 0.086600 0.074700 0.071200 0.071600 0.000000 0.071400 0.090300 0.089700 0.071400 0.090000 0.074500 0.074300 0.081000 0.028900 0.074300 0.077600 0.000000 0.031900 0.086800 0.071300 0.070900 0.083900 0.062100 0.080700 0.087300 0.087500
WhiteTaile 0.096200 0.201800 0.096700 0.188600 0.093100 0.109300 0.086900 0.083600 0.093400 0.031900 0.093200 0.083300 0.108700 0.090100 0.074100 0.102600 0.077200 0.099300 0.077500 0.087100 0.093700 0.093300 0.080500 0.014300 0.083700 0.090000 0.102300 0.083900 0.086700 0.087100 0.031800 0.086900 0.099700 0.105400 0.086900 0.099300 0.090000 0.089800 0.084000 0.037700 0.080600 0.086900 0.031900 0.000000 0.096100 0.086800 0.080400 0.099600 0.077400 0.096400 0.096700 0.096900
Cattle 0.075900 0.197300 0.074300 0.181100 0.067800 0.083400 0.071000 0.064700 0.068100 0.086800 0.074000 0.040600 0.083000 0.071100 0.067600 0.083300 0.083300 0.092800 0.058700 0.055800 0.074400 0.074100 0.135600 0.093100 0.071300 0.071000 0.076900 0.058900 0.067800 0.061900 0.086800 0.067900 0.099400 0.079900 0.067900 0.014300 0.071000 0.064700 0.071200 0.092900 0.135600 0.074100 0.086800 0.096100 0.000000 0.061700 0.067800 0.080300 0.058700 0.077200 0.071200 0.071300
RoyalAntel 0.043700 0.172700 0.065200 0.153600 0.046700 0.052800 0.043800 0.026000 0.059000 0.071300 0.040200 0.055600 0.055500 0.043800 0.040600 0.049700 0.061800 0.071100 0.025600 0.046800 0.041000 0.040800 0.119200 0.077500 0.037800 0.037800 0.049500 0.049900 0.028900 0.052900 0.071300 0.040800 0.077500 0.046500 0.034800 0.064700 0.037700 0.043700 0.043900 0.071200 0.119900 0.040800 0.071300 0.086800 0.061700 0.000000 0.034200 0.052800 0.031600 0.061900 0.062100 0.062200
Steenbok 0.043600 0.179500 0.065100 0.163800 0.046700 0.055800 0.042800 0.030900 0.059000 0.071300 0.039800 0.055600 0.055500 0.043800 0.040600 0.049700 0.067900 0.077200 0.026000 0.052900 0.040200 0.040700 0.112900 0.071200 0.037800 0.037800 0.049500 0.049500 0.034700 0.052900 0.071300 0.040800 0.074100 0.052500 0.034800 0.070900 0.037800 0.043700 0.037900 0.077300 0.112800 0.034200 0.070900 0.080400 0.067800 0.034200 0.000000 0.052800 0.031900 0.061800 0.062000 0.062200
Impala 0.061800 0.194600 0.077600 0.192400 0.058600 0.074300 0.056000 0.043800 0.071400 0.083900 0.058900 0.067900 0.067800 0.055900 0.046600 0.074200 0.080200 0.089900 0.043800 0.065200 0.059200 0.053000 0.125900 0.090200 0.055700 0.055800 0.061700 0.062100 0.052700 0.065200 0.083900 0.046800 0.096500 0.064700 0.046800 0.083200 0.055900 0.055800 0.062200 0.090000 0.125800 0.058900 0.083900 0.099600 0.080300 0.052800 0.052800 0.000000 0.043800 0.080500 0.062200 0.074700
Klipspring 0.040000 0.183300 0.054600 0.167500 0.037800 0.051900 0.034900 0.028400 0.049900 0.062100 0.031400 0.046600 0.052500 0.034900 0.031800 0.052700 0.058100 0.068000 0.022500 0.043900 0.037500 0.037300 0.109600 0.068200 0.034900 0.034800 0.046600 0.041100 0.031800 0.043900 0.062100 0.031300 0.073600 0.049500 0.031900 0.061800 0.034800 0.034800 0.040900 0.068100 0.109600 0.037800 0.062100 0.077400 0.058700 0.031600 0.031900 0.043800 0.000000 0.058900 0.053000 0.047000
ForestMusk 0.071000 0.190300 0.083800 0.171300 0.068000 0.083600 0.071200 0.058500 0.076900 0.080700 0.068100 0.070900 0.083100 0.071200 0.067800 0.077200 0.071000 0.086700 0.052800 0.071300 0.068400 0.068100 0.122700 0.086900 0.065000 0.065000 0.076900 0.068200 0.055700 0.071300 0.080700 0.068100 0.093300 0.080000 0.055800 0.080300 0.065000 0.064900 0.071400 0.093100 0.122600 0.068100 0.080700 0.096400 0.077200 0.061900 0.061800 0.080500 0.058900 0.000000 0.080700 0.080900
Bushbuck 0.071200 0.199100 0.026000 0.189400 0.068200 0.083900 0.059000 0.051900 0.014200 0.087300 0.068300 0.058300 0.083400 0.059000 0.061900 0.083800 0.083700 0.093300 0.053000 0.014300 0.069100 0.062200 0.129600 0.093600 0.065200 0.065200 0.077200 0.011300 0.062000 0.014300 0.086800 0.049900 0.100000 0.080300 0.062100 0.074400 0.065200 0.065100 0.065400 0.093500 0.136200 0.068300 0.087300 0.096700 0.071200 0.062100 0.062000 0.062200 0.053000 0.080700 0.000000 0.017000
GreaterKud 0.071400 0.202400 0.025600 0.189800 0.067600 0.084100 0.058000 0.059100 0.014400 0.087500 0.062300 0.058900 0.080500 0.059100 0.062000 0.084000 0.083900 0.093500 0.052300 0.014200 0.068800 0.068500 0.136700 0.093800 0.065300 0.065300 0.074300 0.011300 0.062100 0.014200 0.087500 0.056000 0.100200 0.077300 0.059200 0.074400 0.062300 0.065200 0.065500 0.093600 0.136600 0.068400 0.087500 0.096900 0.071300 0.062200 0.062200 0.074700 0.047000 0.080900 0.017000 0.000000
