1
52 1
Argali 0.000000 0.290600 0.088400 0.315700 0.067200 0.007700 0.078900 0.066800 0.077500 0.127900 0.025800 0.096200 0.063700 0.090900 0.115100 0.061000 0.108400 0.091800 0.046800 0.080400 0.069800 0.028400 0.111100 0.110900 0.023200 0.085700 0.061200 0.080200 0.085700 0.080300 0.125300 0.073000 0.119800 0.063600 0.055200 0.080800 0.023200 0.069600 0.080200 0.139400 0.122400 0.072000 0.128200 0.108100 0.089000 0.082100 0.055700 0.099500 0.082100 0.075000 0.074500 0.082900
LesserMous 0.290600 0.000000 0.266600 0.372800 0.274200 0.287500 0.293900 0.279900 0.260600 0.293500 0.276200 0.247800 0.286200 0.299200 0.321200 0.281900 0.266000 0.281500 0.300200 0.268900 0.267100 0.283700 0.284600 0.277200 0.273500 0.298800 0.277000 0.263700 0.295000 0.271100 0.287500 0.289800 0.266100 0.278700 0.273800 0.258900 0.266600 0.272400 0.277600 0.279100 0.287400 0.288800 0.294400 0.270000 0.268400 0.305700 0.272200 0.290800 0.282600 0.261800 0.270000 0.266800
LesserKudu 0.088400 0.266600 0.000000 0.269100 0.070100 0.085700 0.081900 0.064200 0.015500 0.102100 0.082700 0.071400 0.077900 0.094100 0.101100 0.069500 0.097100 0.086200 0.093900 0.015600 0.067200 0.091200 0.091300 0.085500 0.080100 0.072000 0.075400 0.018100 0.088700 0.012900 0.099600 0.081700 0.094100 0.072200 0.074600 0.061400 0.080100 0.072500 0.088900 0.107800 0.096700 0.080500 0.102400 0.082800 0.069500 0.096200 0.061200 0.091400 0.085100 0.061200 0.020800 0.020700
KillerWhal 0.315700 0.372800 0.269100 0.000000 0.302700 0.316100 0.286400 0.290200 0.256800 0.308800 0.311500 0.288600 0.296300 0.287700 0.332100 0.299600 0.296500 0.302600 0.329700 0.264700 0.287900 0.322700 0.300900 0.279000 0.308800 0.305600 0.279800 0.259900 0.305600 0.267500 0.299200 0.278400 0.286800 0.295900 0.291100 0.272400 0.308900 0.304700 0.302300 0.303200 0.293500 0.306600 0.302800 0.286000 0.278600 0.311900 0.295800 0.334300 0.313500 0.271400 0.266400 0.256200
DefassaWat 0.067200 0.274200 0.070100 0.302700 0.000000 0.064500 0.054700 0.048500 0.059200 0.103800 0.061500 0.072500 0.056600 0.066500 0.099700 0.048300 0.098800 0.081900 0.080900 0.059500 0.051400 0.064400 0.098500 0.092600 0.058900 0.067400 0.054000 0.061900 0.067400 0.062000 0.101200 0.054500 0.101400 0.056500 0.059000 0.062400 0.059000 0.013200 0.062000 0.121100 0.109800 0.053700 0.104100 0.089800 0.070600 0.069500 0.053900 0.075700 0.064000 0.062200 0.061800 0.064600
Sheep 0.007700 0.287500 0.085700 0.316100 0.064500 0.000000 0.076100 0.064100 0.074800 0.125100 0.023200 0.093500 0.061000 0.088100 0.115100 0.058300 0.108500 0.089000 0.044200 0.077700 0.067100 0.025800 0.108400 0.108100 0.020600 0.083000 0.058500 0.077500 0.083000 0.077600 0.122600 0.070300 0.117100 0.060900 0.052500 0.078100 0.020600 0.066900 0.077500 0.133400 0.119600 0.069300 0.125400 0.105400 0.086200 0.082100 0.053000 0.096800 0.079500 0.072300 0.071800 0.080200
MaxwellsDu 0.078900 0.293900 0.081900 0.286400 0.054700 0.076100 0.000000 0.054300 0.070900 0.116100 0.073100 0.084200 0.068200 0.032600 0.105800 0.054100 0.116900 0.093900 0.092800 0.071200 0.057300 0.076000 0.105000 0.098900 0.070500 0.073500 0.065600 0.073600 0.076300 0.073700 0.113500 0.032300 0.110600 0.068100 0.070600 0.071400 0.070500 0.057200 0.073600 0.127800 0.116400 0.065200 0.116400 0.096100 0.079600 0.081100 0.059800 0.087500 0.070000 0.073900 0.073400 0.076300
GazellaPrz 0.066800 0.279900 0.064200 0.290200 0.048500 0.064100 0.054300 0.000000 0.053400 0.103200 0.061200 0.077600 0.056300 0.066000 0.093500 0.021100 0.103900 0.081400 0.080500 0.053600 0.040100 0.069500 0.092200 0.086400 0.058600 0.034300 0.053700 0.056100 0.037000 0.056100 0.100600 0.059800 0.103700 0.056200 0.053200 0.062100 0.058600 0.050900 0.045200 0.120400 0.103400 0.031700 0.103400 0.083600 0.064700 0.069100 0.031800 0.075200 0.058200 0.061900 0.056000 0.058700
MountainNy 0.077500 0.260600 0.015500 0.256800 0.059200 0.074800 0.070900 0.053400 0.000000 0.085500 0.071900 0.066100 0.061500 0.082800 0.093100 0.058700 0.094600 0.075300 0.085700 0.005200 0.055300 0.080200 0.074800 0.069100 0.069300 0.061200 0.058900 0.002600 0.077800 0.007600 0.083000 0.070700 0.083200 0.055800 0.058300 0.050700 0.069300 0.061700 0.077700 0.096700 0.080200 0.069700 0.085800 0.066400 0.058700 0.085300 0.053200 0.086000 0.079800 0.050500 0.010400 0.005200
MuntiacusM 0.127900 0.293500 0.102100 0.308800 0.103800 0.125100 0.116100 0.103200 0.085500 0.000000 0.121900 0.110000 0.111500 0.128800 0.149600 0.108500 0.139900 0.117100 0.142200 0.091600 0.112200 0.130700 0.031000 0.046900 0.116500 0.116800 0.109000 0.088300 0.122500 0.094000 0.017900 0.115800 0.113500 0.111300 0.107900 0.089000 0.119400 0.111900 0.122700 0.073600 0.041400 0.114200 0.014900 0.052300 0.102800 0.124100 0.108700 0.128100 0.124200 0.080200 0.093700 0.090900
goat 0.025800 0.276200 0.082700 0.311500 0.061500 0.023200 0.073100 0.061200 0.071900 0.121900 0.000000 0.090500 0.058100 0.085000 0.112000 0.055500 0.111200 0.091700 0.049400 0.074700 0.064200 0.023200 0.105200 0.105000 0.007700 0.080000 0.055600 0.074600 0.080000 0.074700 0.119400 0.067300 0.113900 0.058000 0.049700 0.075100 0.007700 0.063900 0.074600 0.133400 0.122200 0.066400 0.122200 0.102300 0.083300 0.079200 0.055600 0.093800 0.076500 0.069300 0.074400 0.077200
AfricanBuf 0.096200 0.247800 0.071400 0.288600 0.072500 0.093500 0.084200 0.077600 0.066100 0.110000 0.090500 0.000000 0.085800 0.093500 0.117500 0.077400 0.090900 0.080100 0.104400 0.066400 0.075100 0.093400 0.099200 0.093400 0.087900 0.096600 0.083200 0.068800 0.096600 0.068900 0.107500 0.084100 0.090700 0.085600 0.082500 0.047500 0.087900 0.074900 0.091100 0.121500 0.110300 0.088400 0.110300 0.085000 0.052700 0.104000 0.083000 0.099200 0.087400 0.063600 0.068700 0.071400
Topi 0.063700 0.286200 0.077900 0.296300 0.056600 0.061000 0.068200 0.056300 0.061500 0.111500 0.058100 0.085800 0.000000 0.071600 0.101800 0.056000 0.100600 0.089600 0.077300 0.067300 0.059200 0.066400 0.100500 0.091700 0.055600 0.069600 0.012700 0.064200 0.075200 0.069800 0.108900 0.068000 0.114900 0.010200 0.049400 0.070200 0.055600 0.059000 0.075300 0.128800 0.106000 0.067000 0.111800 0.088900 0.078400 0.077200 0.061700 0.089000 0.071700 0.064400 0.069600 0.066800
CommonDuik 0.090900 0.299200 0.094100 0.287700 0.066500 0.088100 0.032600 0.066000 0.082800 0.128800 0.085000 0.093500 0.071600 0.000000 0.112400 0.065800 0.123800 0.106300 0.105100 0.083200 0.066300 0.088000 0.117500 0.111300 0.082400 0.085500 0.074700 0.085600 0.088300 0.085700 0.126200 0.032400 0.117200 0.077200 0.082500 0.080500 0.082400 0.068900 0.077100 0.140700 0.126200 0.077100 0.129200 0.105600 0.088900 0.093100 0.071500 0.099800 0.079000 0.086000 0.085400 0.088400
Suni 0.115100 0.321200 0.101100 0.332100 0.099700 0.115100 0.105800 0.093500 0.093100 0.149600 0.112000 0.117500 0.101800 0.112400 0.000000 0.087600 0.138000 0.121700 0.120400 0.093600 0.088300 0.120600 0.132700 0.132400 0.109400 0.106900 0.104900 0.095800 0.098500 0.093200 0.147100 0.105600 0.144000 0.107300 0.109600 0.107800 0.109500 0.099300 0.107100 0.161300 0.141200 0.098700 0.147100 0.129600 0.116100 0.097500 0.087500 0.109500 0.103200 0.104800 0.095600 0.098500
Springbuck 0.061000 0.281900 0.069500 0.299600 0.048300 0.058300 0.054100 0.021100 0.058700 0.108500 0.055500 0.077400 0.056000 0.065800 0.087600 0.000000 0.097800 0.081100 0.074600 0.058900 0.034500 0.063700 0.097600 0.091700 0.052900 0.028800 0.053500 0.061400 0.026200 0.061400 0.106000 0.059600 0.103300 0.056000 0.058500 0.061900 0.052900 0.050700 0.039600 0.117000 0.108800 0.020900 0.108800 0.088900 0.064400 0.063300 0.031700 0.074900 0.057900 0.061600 0.061200 0.064000
Okapi 0.108400 0.266000 0.097100 0.296500 0.098800 0.108500 0.116900 0.103900 0.094600 0.139900 0.111200 0.090900 0.100600 0.123800 0.138000 0.097800 0.000000 0.058100 0.128500 0.094800 0.101300 0.117000 0.123000 0.114100 0.108600 0.111600 0.098100 0.097400 0.123400 0.097500 0.131500 0.116700 0.114100 0.094800 0.108700 0.086700 0.108600 0.101100 0.106100 0.133900 0.128500 0.109100 0.128500 0.108300 0.092200 0.119100 0.097700 0.131900 0.110700 0.089400 0.097200 0.100100
Giraffe 0.091800 0.281500 0.086200 0.302600 0.081900 0.089000 0.093900 0.081400 0.075300 0.117100 0.091700 0.080100 0.089600 0.106300 0.121700 0.081100 0.058100 0.000000 0.108700 0.075400 0.084500 0.097400 0.106100 0.097300 0.089100 0.100600 0.087100 0.078000 0.100700 0.078100 0.114500 0.093700 0.103000 0.089500 0.083500 0.075800 0.083500 0.084200 0.100900 0.134500 0.117300 0.092300 0.111600 0.097400 0.081200 0.108100 0.086900 0.114800 0.102500 0.075500 0.075000 0.080700
TibetanAnt 0.046800 0.300200 0.093900 0.329700 0.080900 0.044200 0.092800 0.080500 0.085700 0.142200 0.049400 0.104400 0.077300 0.105100 0.120400 0.074600 0.128500 0.108700 0.000000 0.086100 0.083600 0.052100 0.131000 0.125000 0.046900 0.099600 0.074800 0.088400 0.099600 0.085800 0.139600 0.086900 0.128300 0.077200 0.068600 0.094700 0.046900 0.083300 0.094000 0.148000 0.136600 0.091300 0.142500 0.122200 0.103000 0.098500 0.069200 0.113500 0.101400 0.088800 0.082600 0.091100
Sitatunga 0.080400 0.268900 0.015600 0.264700 0.059500 0.077700 0.071200 0.053600 0.005200 0.091600 0.074700 0.066400 0.067300 0.083200 0.093600 0.058900 0.094800 0.075400 0.086100 0.000000 0.056600 0.083200 0.080700 0.075000 0.072100 0.061500 0.064800 0.007800 0.078200 0.007800 0.089000 0.071000 0.083600 0.061600 0.064100 0.050900 0.072100 0.061900 0.078300 0.102900 0.086200 0.070000 0.091800 0.072300 0.059000 0.085700 0.053500 0.086400 0.080200 0.050700 0.010400 0.010400
Oribi 0.069800 0.267100 0.067200 0.287900 0.051400 0.067100 0.057300 0.040100 0.055300 0.112200 0.064200 0.075100 0.059200 0.066300 0.088300 0.034500 0.101300 0.084500 0.083600 0.056600 0.000000 0.072500 0.101200 0.095200 0.061500 0.053300 0.051100 0.059000 0.050600 0.058900 0.109700 0.062800 0.095300 0.059100 0.061600 0.059500 0.061600 0.053900 0.053300 0.120900 0.106700 0.045300 0.112500 0.086700 0.067600 0.072100 0.040000 0.078300 0.061100 0.059300 0.058900 0.061700
BarbaryShe 0.028400 0.283700 0.091200 0.322700 0.064400 0.025800 0.076000 0.069500 0.080200 0.130700 0.023200 0.093400 0.066400 0.088000 0.120600 0.063700 0.117000 0.097400 0.052100 0.083200 0.072500 0.000000 0.119600 0.113700 0.020600 0.088500 0.063900 0.082900 0.088500 0.083100 0.122300 0.070200 0.119800 0.066300 0.052400 0.083600 0.020600 0.066800 0.083000 0.136300 0.131000 0.074700 0.128100 0.110900 0.086100 0.082000 0.052900 0.096700 0.073800 0.077700 0.077200 0.085600
Daviddeer 0.111100 0.284600 0.091300 0.300900 0.098500 0.108400 0.105000 0.092200 0.074800 0.031000 0.105200 0.099200 0.100500 0.117500 0.132700 0.097600 0.123000 0.106100 0.131000 0.080700 0.101200 0.119600 0.000000 0.036500 0.105500 0.105800 0.098000 0.077500 0.111500 0.083200 0.023200 0.104700 0.102600 0.100400 0.097000 0.072500 0.108400 0.100800 0.111700 0.063100 0.015400 0.103300 0.025800 0.036500 0.086300 0.113100 0.097700 0.117100 0.113300 0.066700 0.082900 0.080200
Reindeer 0.110900 0.277200 0.085500 0.279000 0.092600 0.108100 0.098900 0.086400 0.069100 0.046900 0.105000 0.093400 0.091700 0.111300 0.132400 0.091700 0.114100 0.097300 0.125000 0.075000 0.095200 0.113700 0.036500 0.000000 0.102400 0.099900 0.089200 0.071800 0.105500 0.077400 0.039100 0.098700 0.099600 0.091600 0.091200 0.066900 0.102500 0.094900 0.105700 0.063100 0.047000 0.097300 0.041700 0.015400 0.080500 0.104400 0.091800 0.113900 0.107400 0.066600 0.077200 0.069000
Ibex 0.023200 0.273500 0.080100 0.308800 0.058900 0.020600 0.070500 0.058600 0.069300 0.116500 0.007700 0.087900 0.055600 0.082400 0.109400 0.052900 0.108600 0.089100 0.046900 0.072100 0.061500 0.020600 0.105500 0.102400 0.000000 0.077400 0.053000 0.072000 0.077400 0.072100 0.113900 0.064700 0.105600 0.055500 0.047100 0.072500 0.005100 0.061300 0.072000 0.127900 0.116700 0.063800 0.116800 0.099700 0.080700 0.076600 0.053000 0.085600 0.073900 0.064000 0.071800 0.074600
GyrantGaze 0.085700 0.298800 0.072000 0.305600 0.067400 0.083000 0.073500 0.034300 0.061200 0.116800 0.080000 0.096600 0.069600 0.085500 0.106900 0.028800 0.111600 0.100600 0.099600 0.061500 0.053300 0.088500 0.105800 0.099900 0.077400 0.000000 0.067100 0.063900 0.050100 0.063900 0.114200 0.079000 0.123100 0.058400 0.072000 0.081200 0.077500 0.069800 0.058500 0.131100 0.117000 0.023400 0.117100 0.097100 0.083700 0.087900 0.050400 0.088700 0.074100 0.072600 0.063700 0.066500
Hartebeest 0.061200 0.277000 0.075400 0.279800 0.054000 0.058500 0.065600 0.053700 0.058900 0.109000 0.055600 0.083200 0.012700 0.074700 0.104900 0.053500 0.098100 0.087100 0.074800 0.064800 0.051100 0.063900 0.098000 0.089200 0.053000 0.067100 0.000000 0.061600 0.072700 0.067300 0.106400 0.065500 0.112400 0.013000 0.047500 0.067700 0.053000 0.056500 0.072800 0.120500 0.103500 0.064500 0.109300 0.086400 0.075900 0.080200 0.059100 0.086500 0.069200 0.061900 0.067000 0.064300
Bongo 0.080200 0.263700 0.018100 0.259900 0.061900 0.077500 0.073600 0.056100 0.002600 0.088300 0.074600 0.068800 0.064200 0.085600 0.095800 0.061400 0.097400 0.078000 0.088400 0.007800 0.059000 0.082900 0.077500 0.071800 0.072000 0.063900 0.061600 0.000000 0.080500 0.010400 0.085700 0.073400 0.085900 0.058500 0.061000 0.053300 0.072000 0.064400 0.080700 0.099500 0.082900 0.072400 0.088500 0.069100 0.061400 0.088000 0.055900 0.088800 0.082500 0.053200 0.013000 0.007700
Gerenuk 0.085700 0.295000 0.088700 0.305600 0.067400 0.083000 0.076300 0.037000 0.077800 0.122500 0.080000 0.096600 0.075200 0.088300 0.098500 0.026200 0.123400 0.100700 0.099600 0.078200 0.050600 0.088500 0.111500 0.105500 0.077400 0.050100 0.072700 0.080500 0.000000 0.080600 0.120000 0.079000 0.119900 0.075100 0.077500 0.078400 0.077500 0.069900 0.061200 0.137000 0.117000 0.042100 0.122800 0.102800 0.081000 0.087900 0.058600 0.088600 0.074100 0.075300 0.080400 0.083200
CommonElan 0.080300 0.271100 0.012900 0.267500 0.062000 0.077600 0.073700 0.056100 0.007600 0.094000 0.074700 0.068900 0.069800 0.085700 0.093200 0.061400 0.097500 0.078100 0.085800 0.007800 0.058900 0.083100 0.083200 0.077400 0.072100 0.063900 0.067300 0.010400 0.080600 0.000000 0.091400 0.073500 0.086000 0.064100 0.066600 0.053400 0.072100 0.064400 0.080500 0.105300 0.088600 0.072500 0.094200 0.074700 0.061500 0.088100 0.056000 0.086100 0.082600 0.053200 0.013000 0.012900
MuntiacusR 0.125300 0.287500 0.099600 0.299200 0.101200 0.122600 0.113500 0.100600 0.083000 0.017900 0.119400 0.107500 0.108900 0.126200 0.147100 0.106000 0.131500 0.114500 0.139600 0.089000 0.109700 0.122300 0.023200 0.039100 0.113900 0.114200 0.106400 0.085700 0.120000 0.091400 0.000000 0.113300 0.111000 0.108800 0.105400 0.080800 0.116800 0.109300 0.120200 0.065700 0.033600 0.111700 0.012800 0.044400 0.088900 0.115800 0.100300 0.125500 0.115900 0.074900 0.091200 0.088400
HarveysDui 0.073000 0.289800 0.081700 0.278400 0.054500 0.070300 0.032300 0.059800 0.070700 0.115800 0.067300 0.084100 0.068000 0.032400 0.105600 0.059600 0.116700 0.093700 0.086900 0.071000 0.062800 0.070200 0.104700 0.098700 0.064700 0.079000 0.065500 0.073400 0.079000 0.073500 0.113300 0.000000 0.104500 0.067900 0.067600 0.071200 0.064800 0.057000 0.079200 0.133500 0.116100 0.070700 0.116200 0.095900 0.079500 0.080900 0.065300 0.081600 0.075400 0.073800 0.073300 0.076200
Pronghorn 0.119800 0.266100 0.094100 0.286800 0.101400 0.117100 0.110600 0.103700 0.083200 0.113500 0.113900 0.090700 0.114900 0.117200 0.144000 0.103300 0.114100 0.103000 0.128300 0.083600 0.095300 0.119800 0.102600 0.099600 0.105600 0.123100 0.112400 0.085900 0.119900 0.086000 0.111000 0.104500 0.000000 0.114700 0.108400 0.080900 0.111400 0.103700 0.117400 0.125100 0.108100 0.114600 0.102400 0.093900 0.086300 0.121800 0.097700 0.128600 0.124700 0.080600 0.085700 0.088600
BlueWildeb 0.063600 0.278700 0.072200 0.295900 0.056500 0.060900 0.068100 0.056200 0.055800 0.111300 0.058000 0.085600 0.010200 0.077200 0.107300 0.056000 0.094800 0.089500 0.077200 0.061600 0.059100 0.066300 0.100400 0.091600 0.055500 0.058400 0.013000 0.058500 0.075100 0.064100 0.108800 0.067900 0.114700 0.000000 0.049000 0.070100 0.055500 0.058900 0.069600 0.128600 0.105800 0.061400 0.111600 0.088800 0.078300 0.077000 0.061600 0.088900 0.068900 0.061600 0.063900 0.061200
Gemsbok 0.055200 0.273800 0.074600 0.291100 0.059000 0.052500 0.070600 0.053200 0.058300 0.107900 0.049700 0.082500 0.049400 0.082500 0.109600 0.058500 0.108700 0.083500 0.068600 0.064100 0.061600 0.052400 0.097000 0.091200 0.047100 0.072000 0.047500 0.061000 0.077500 0.066600 0.105400 0.067600 0.108400 0.049000 0.000000 0.072600 0.047200 0.061400 0.077700 0.125100 0.108200 0.069400 0.108200 0.088500 0.078000 0.082300 0.058500 0.088500 0.074000 0.066800 0.066400 0.063700
Yak 0.080800 0.258900 0.061400 0.272400 0.062400 0.078100 0.071400 0.062100 0.050700 0.089000 0.075100 0.047500 0.070200 0.080500 0.107800 0.061900 0.086700 0.075800 0.094700 0.050900 0.059500 0.083600 0.072500 0.066900 0.072500 0.081200 0.067700 0.053300 0.078400 0.053400 0.080800 0.071200 0.080900 0.070100 0.072600 0.000000 0.072600 0.064900 0.075700 0.100200 0.083600 0.072900 0.083600 0.058600 0.013100 0.083100 0.067500 0.095100 0.083100 0.042600 0.053200 0.056000
BlueSheep 0.023200 0.266600 0.080100 0.308900 0.059000 0.020600 0.070500 0.058600 0.069300 0.119400 0.007700 0.087900 0.055600 0.082400 0.109500 0.052900 0.108600 0.083500 0.046900 0.072100 0.061600 0.020600 0.108400 0.102500 0.005100 0.077500 0.053000 0.072000 0.077500 0.072100 0.116800 0.064800 0.111400 0.055500 0.047200 0.072600 0.000000 0.061400 0.072000 0.130800 0.119600 0.063900 0.119700 0.099700 0.080700 0.076700 0.053100 0.091200 0.074000 0.066800 0.071900 0.074700
BohorReedb 0.069600 0.272400 0.072500 0.304700 0.013200 0.066900 0.057200 0.050900 0.061700 0.111900 0.063900 0.074900 0.059000 0.068900 0.099300 0.050700 0.101100 0.084200 0.083300 0.061900 0.053900 0.066800 0.100800 0.094900 0.061300 0.069800 0.056500 0.064400 0.069900 0.064400 0.109300 0.057000 0.103700 0.058900 0.061400 0.064900 0.061400 0.000000 0.064400 0.123400 0.112100 0.050700 0.112100 0.092100 0.073000 0.071900 0.056300 0.078100 0.066400 0.064700 0.064200 0.067000
KirksDik 0.080200 0.277600 0.088900 0.302300 0.062000 0.077500 0.073600 0.045200 0.077700 0.122700 0.074600 0.091100 0.075300 0.077100 0.107100 0.039600 0.106100 0.100900 0.094000 0.078300 0.053300 0.083000 0.111700 0.105700 0.072000 0.058500 0.072800 0.080700 0.061200 0.080500 0.120200 0.079200 0.117400 0.069600 0.077700 0.075700 0.072000 0.064400 0.000000 0.128400 0.123000 0.050400 0.123100 0.097200 0.078200 0.082500 0.056000 0.088800 0.068800 0.078300 0.080500 0.083400
RoeDeer 0.139400 0.279100 0.107800 0.303200 0.121100 0.133400 0.127800 0.120400 0.096700 0.073600 0.133400 0.121500 0.128800 0.140700 0.161300 0.117000 0.133900 0.134500 0.148000 0.102900 0.120900 0.136300 0.063100 0.063100 0.127900 0.131100 0.120500 0.099500 0.137000 0.105300 0.065700 0.133500 0.125100 0.128600 0.125100 0.100200 0.130800 0.123400 0.128400 0.000000 0.068400 0.128600 0.073900 0.063100 0.108400 0.123800 0.114300 0.133900 0.124100 0.094200 0.105000 0.102100
WhiteLippe 0.122400 0.287400 0.096700 0.293500 0.109800 0.119600 0.116400 0.103400 0.080200 0.041400 0.122200 0.110300 0.106000 0.126200 0.141200 0.108800 0.128500 0.117300 0.136600 0.086200 0.106700 0.131000 0.015400 0.047000 0.116700 0.117000 0.103500 0.082900 0.117000 0.088600 0.033600 0.116100 0.108100 0.105800 0.108200 0.083600 0.119600 0.112100 0.123000 0.068400 0.000000 0.114500 0.036300 0.047100 0.097400 0.124300 0.108900 0.128400 0.118700 0.072000 0.088300 0.085600
ThomsonGaz 0.072000 0.288800 0.080500 0.306600 0.053700 0.069300 0.065200 0.031700 0.069700 0.114200 0.066400 0.088400 0.067000 0.077100 0.098700 0.020900 0.109100 0.092300 0.091300 0.070000 0.045300 0.074700 0.103300 0.097300 0.063800 0.023400 0.064500 0.072400 0.042100 0.072500 0.111700 0.070700 0.114600 0.061400 0.069400 0.072900 0.063900 0.050700 0.050400 0.128600 0.114500 0.000000 0.114500 0.094600 0.075500 0.074300 0.047800 0.080500 0.060700 0.064400 0.072200 0.075100
MuntiacusC 0.128200 0.294400 0.102400 0.302800 0.104100 0.125400 0.116400 0.103400 0.085800 0.014900 0.122200 0.110300 0.111800 0.129200 0.147100 0.108800 0.128500 0.111600 0.142500 0.091800 0.112500 0.128100 0.025800 0.041700 0.116800 0.117100 0.109300 0.088500 0.122800 0.094200 0.012800 0.116200 0.102400 0.111600 0.108200 0.083600 0.119700 0.112100 0.123100 0.073900 0.036300 0.114500 0.000000 0.047100 0.097400 0.124400 0.109000 0.128400 0.124500 0.074900 0.093900 0.091200
WhiteTaile 0.108100 0.270000 0.082800 0.286000 0.089800 0.105400 0.096100 0.083600 0.066400 0.052300 0.102300 0.085000 0.088900 0.105600 0.129600 0.088900 0.108300 0.097400 0.122200 0.072300 0.086700 0.110900 0.036500 0.015400 0.099700 0.097100 0.086400 0.069100 0.102800 0.074700 0.044400 0.095900 0.093900 0.088800 0.088500 0.058600 0.099700 0.092100 0.097200 0.063100 0.047100 0.094600 0.047100 0.000000 0.072200 0.104500 0.089100 0.111100 0.104600 0.063900 0.074500 0.071700
Cattle 0.089000 0.268400 0.069500 0.278600 0.070600 0.086200 0.079600 0.064700 0.058700 0.102800 0.083300 0.052700 0.078400 0.088900 0.116100 0.064400 0.092200 0.081200 0.103000 0.059000 0.067600 0.086100 0.086300 0.080500 0.080700 0.083700 0.075900 0.061400 0.081000 0.061500 0.088900 0.079500 0.086300 0.078300 0.078000 0.013100 0.080700 0.073000 0.078200 0.108400 0.097400 0.075500 0.097400 0.072200 0.000000 0.085600 0.070100 0.103400 0.085600 0.050700 0.061300 0.064100
RoyalAntel 0.082100 0.305700 0.096200 0.311900 0.069500 0.082100 0.081100 0.069100 0.085300 0.124100 0.079200 0.104000 0.077200 0.093100 0.097500 0.063300 0.119100 0.108100 0.098500 0.085700 0.072100 0.082000 0.113100 0.104400 0.076600 0.087900 0.080200 0.088000 0.087900 0.088100 0.115800 0.080900 0.121800 0.077000 0.082300 0.083100 0.076700 0.071900 0.082500 0.123800 0.124300 0.074300 0.124400 0.104500 0.085600 0.000000 0.063400 0.090500 0.073400 0.082800 0.087900 0.090700
Steenbok 0.055700 0.272200 0.061200 0.295800 0.053900 0.053000 0.059800 0.031800 0.053200 0.108700 0.055600 0.083000 0.061700 0.071500 0.087500 0.031700 0.097700 0.086900 0.069200 0.053500 0.040000 0.052900 0.097700 0.091800 0.053000 0.050400 0.059100 0.055900 0.058600 0.056000 0.100300 0.065300 0.097700 0.061600 0.058500 0.067500 0.053100 0.056300 0.056000 0.114300 0.108900 0.047800 0.109000 0.089100 0.070100 0.063400 0.000000 0.080600 0.058000 0.067300 0.050300 0.058600
Impala 0.099500 0.290800 0.091400 0.334300 0.075700 0.096800 0.087500 0.075200 0.086000 0.128100 0.093800 0.099200 0.089000 0.099800 0.109500 0.074900 0.131900 0.114800 0.113500 0.086400 0.078300 0.096700 0.117100 0.113900 0.085600 0.088700 0.086500 0.088800 0.088600 0.086100 0.125500 0.081600 0.128600 0.088900 0.088500 0.095100 0.091200 0.078100 0.088800 0.133900 0.128400 0.080500 0.128400 0.111100 0.103400 0.090500 0.080600 0.000000 0.068500 0.086400 0.088600 0.091500
Klipspring 0.082100 0.282600 0.085100 0.313500 0.064000 0.079500 0.070000 0.058200 0.079800 0.124200 0.076500 0.087400 0.071700 0.079000 0.103200 0.057900 0.110700 0.102500 0.101400 0.080200 0.061100 0.073800 0.113300 0.107400 0.073900 0.074100 0.069200 0.082500 0.074100 0.082600 0.115900 0.075400 0.124700 0.068900 0.074000 0.083100 0.074000 0.066400 0.068800 0.124100 0.118700 0.060700 0.124500 0.104600 0.085600 0.073400 0.058000 0.068500 0.000000 0.074400 0.082400 0.085200
ForestMusk 0.075000 0.261800 0.061200 0.271400 0.062200 0.072300 0.073900 0.061900 0.050500 0.080200 0.069300 0.063600 0.064400 0.086000 0.104800 0.061600 0.089400 0.075500 0.088800 0.050700 0.059300 0.077700 0.066700 0.066600 0.064000 0.072600 0.061900 0.053200 0.075300 0.053200 0.074900 0.073800 0.080600 0.061600 0.066800 0.042600 0.066800 0.064700 0.078300 0.094200 0.072000 0.064400 0.074900 0.063900 0.050700 0.082800 0.067300 0.086400 0.074400 0.000000 0.053100 0.055800
Bushbuck 0.074500 0.270000 0.020800 0.266400 0.061800 0.071800 0.073400 0.056000 0.010400 0.093700 0.074400 0.068700 0.069600 0.085400 0.095600 0.061200 0.097200 0.075000 0.082600 0.010400 0.058900 0.077200 0.082900 0.077200 0.071800 0.063700 0.067000 0.013000 0.080400 0.013000 0.091200 0.073300 0.085700 0.063900 0.066400 0.053200 0.071900 0.064200 0.080500 0.105000 0.088300 0.072200 0.093900 0.074500 0.061300 0.087900 0.050300 0.088600 0.082400 0.053100 0.000000 0.015500
GreaterKud 0.082900 0.266800 0.020700 0.256200 0.064600 0.080200 0.076300 0.058700 0.005200 0.090900 0.077200 0.071400 0.066800 0.088400 0.098500 0.064000 0.100100 0.080700 0.091100 0.010400 0.061700 0.085600 0.080200 0.069000 0.074600 0.066500 0.064300 0.007700 0.083200 0.012900 0.088400 0.076200 0.088600 0.061200 0.063700 0.056000 0.074700 0.067000 0.083400 0.102100 0.085600 0.075100 0.091200 0.071700 0.064100 0.090700 0.058600 0.091500 0.085200 0.055800 0.015500 0.000000
