1
52 1
Argali 0.000000 0.184100 0.047500 0.154100 0.023600 0.000000 0.026300 0.021000 0.044900 0.052100 0.007800 0.039000 0.013100 0.018400 0.034400 0.021000 0.053100 0.036600 0.018300 0.045400 0.013100 0.005200 0.055200 0.044300 0.007800 0.018400 0.015600 0.053200 0.032000 0.040000 0.054800 0.021100 0.069100 0.026300 0.031600 0.052400 0.010400 0.029000 0.018400 0.077200 0.060200 0.026200 0.054800 0.049700 0.055300 0.021000 0.026400 0.042400 0.026300 0.071200 0.042700 0.045500
LesserMous 0.184100 0.000000 0.208400 0.181200 0.197700 0.184100 0.195200 0.188800 0.206300 0.205100 0.187500 0.197500 0.188800 0.192500 0.205500 0.197900 0.201300 0.182200 0.179800 0.208600 0.189100 0.184500 0.203500 0.196700 0.187300 0.183100 0.190300 0.209000 0.199400 0.202400 0.208100 0.192400 0.209700 0.194100 0.207400 0.202800 0.187300 0.205000 0.194800 0.212200 0.207700 0.188300 0.208400 0.190500 0.210700 0.174800 0.198000 0.201500 0.201400 0.211900 0.205200 0.202100
LesserKudu 0.047500 0.208400 0.000000 0.165100 0.059100 0.047500 0.062000 0.056400 0.002600 0.080600 0.050500 0.034400 0.051000 0.053900 0.073400 0.056400 0.076100 0.059300 0.048200 0.005200 0.050900 0.047700 0.078200 0.067100 0.050400 0.056500 0.053100 0.010500 0.065400 0.005200 0.083400 0.056700 0.092500 0.061600 0.064600 0.050300 0.053200 0.064900 0.056100 0.100900 0.083200 0.064400 0.083500 0.072700 0.047700 0.056400 0.064600 0.075900 0.062000 0.089300 0.002600 0.007900
KillerWhal 0.154100 0.181200 0.165100 0.000000 0.167100 0.154100 0.164500 0.155200 0.162800 0.171300 0.157400 0.164000 0.158300 0.161900 0.174500 0.164800 0.167600 0.148900 0.155000 0.165300 0.158600 0.154400 0.169100 0.157000 0.157200 0.158400 0.160100 0.168500 0.169600 0.159200 0.174300 0.165300 0.182300 0.170100 0.173400 0.178500 0.160400 0.167900 0.164400 0.184900 0.164700 0.166500 0.174600 0.157000 0.188700 0.157900 0.167500 0.183100 0.170700 0.178200 0.162000 0.159000
DefassaWat 0.023600 0.197700 0.059100 0.167100 0.000000 0.023600 0.034300 0.023600 0.056600 0.063500 0.026200 0.050500 0.026300 0.026400 0.045200 0.029000 0.064400 0.047900 0.026300 0.058700 0.026300 0.023600 0.066600 0.055700 0.026200 0.031700 0.028800 0.064700 0.045600 0.053400 0.066200 0.029100 0.080600 0.034300 0.045000 0.063800 0.028900 0.010400 0.031700 0.088900 0.071600 0.039600 0.066300 0.061200 0.066800 0.031600 0.039800 0.055900 0.034300 0.083100 0.056000 0.058900
Sheep 0.000000 0.184100 0.047500 0.154100 0.023600 0.000000 0.026300 0.021000 0.044900 0.052100 0.007800 0.039000 0.013100 0.018400 0.034400 0.021000 0.053100 0.036600 0.018300 0.045400 0.013100 0.005200 0.055200 0.044300 0.007800 0.018400 0.015600 0.053200 0.032000 0.040000 0.054800 0.021100 0.069100 0.026300 0.031600 0.052400 0.010400 0.029000 0.018400 0.077200 0.060200 0.026200 0.054800 0.049700 0.055300 0.021000 0.026400 0.042400 0.026300 0.071200 0.042700 0.045500
MaxwellsDu 0.026300 0.195200 0.062000 0.164500 0.034300 0.026300 0.000000 0.031800 0.059500 0.066500 0.029000 0.053400 0.029100 0.018400 0.050900 0.031800 0.067400 0.050800 0.029000 0.061600 0.026500 0.026400 0.069600 0.058600 0.029000 0.034500 0.031600 0.067700 0.048500 0.056200 0.069200 0.021100 0.083700 0.037100 0.047800 0.066800 0.031700 0.039900 0.034500 0.092100 0.069100 0.042400 0.069300 0.064200 0.069800 0.034400 0.042600 0.058900 0.037100 0.086200 0.058900 0.061800
GazellaPrz 0.021000 0.188800 0.056400 0.155200 0.023600 0.021000 0.031800 0.000000 0.053900 0.061000 0.023700 0.047800 0.023700 0.023800 0.045400 0.026400 0.056300 0.039900 0.023700 0.056100 0.023800 0.021000 0.064100 0.053200 0.018400 0.029200 0.026300 0.062100 0.037600 0.050700 0.063700 0.026500 0.078100 0.031700 0.042400 0.055800 0.026300 0.029100 0.029200 0.086400 0.069100 0.037000 0.063800 0.058700 0.064300 0.029100 0.037200 0.053400 0.031800 0.080600 0.053400 0.050700
MountainNy 0.044900 0.206300 0.002600 0.162800 0.056600 0.044900 0.059500 0.053900 0.000000 0.078200 0.047800 0.031800 0.048500 0.051400 0.071000 0.053900 0.073700 0.056800 0.045600 0.002600 0.048300 0.045000 0.075800 0.064700 0.047800 0.053900 0.050400 0.007900 0.062900 0.002600 0.081000 0.054200 0.090100 0.059000 0.062100 0.047900 0.050500 0.062400 0.053400 0.098600 0.080800 0.061800 0.081100 0.070300 0.045200 0.053900 0.062000 0.073500 0.059500 0.086900 0.000000 0.005300
MuntiacusM 0.052100 0.205100 0.080600 0.171300 0.063500 0.052100 0.066500 0.061000 0.078200 0.000000 0.055000 0.071900 0.055600 0.058400 0.075000 0.061100 0.069200 0.052900 0.058200 0.080700 0.055700 0.052200 0.033600 0.023200 0.054900 0.061200 0.057600 0.086400 0.075600 0.075200 0.002500 0.061300 0.085400 0.066000 0.074600 0.079600 0.057700 0.069300 0.060600 0.054900 0.033400 0.060800 0.002500 0.028400 0.082600 0.060900 0.069400 0.085800 0.066500 0.099000 0.077800 0.080700
goat 0.007800 0.187500 0.050500 0.157400 0.026200 0.007800 0.029000 0.023700 0.047800 0.055000 0.000000 0.041900 0.015700 0.021100 0.037100 0.023700 0.056000 0.039500 0.021000 0.048200 0.015700 0.007800 0.058000 0.047100 0.005200 0.021100 0.018300 0.056100 0.034800 0.042800 0.057600 0.023800 0.072000 0.029000 0.034300 0.055300 0.007500 0.031700 0.021100 0.080200 0.063100 0.028900 0.057700 0.052600 0.058200 0.023700 0.029100 0.045100 0.029000 0.074200 0.045400 0.048200
AfricanBuf 0.039000 0.197500 0.034400 0.164000 0.050500 0.039000 0.053400 0.047800 0.031800 0.071900 0.041900 0.000000 0.042500 0.045300 0.064600 0.047800 0.067300 0.050700 0.039700 0.034400 0.042400 0.039200 0.069400 0.058500 0.041900 0.047900 0.044500 0.039900 0.062200 0.029100 0.074600 0.048100 0.083500 0.052900 0.061500 0.031300 0.044600 0.056200 0.047400 0.091800 0.074400 0.055700 0.074700 0.064000 0.034000 0.047900 0.055900 0.072700 0.053400 0.080400 0.031700 0.037200
Topi 0.013100 0.188800 0.051000 0.158300 0.026300 0.013100 0.029100 0.023700 0.048500 0.055600 0.015700 0.042500 0.000000 0.021100 0.037200 0.023800 0.056300 0.039900 0.021000 0.050500 0.015800 0.013100 0.058600 0.047700 0.015700 0.021100 0.013100 0.056600 0.034800 0.045300 0.052800 0.023800 0.067000 0.023700 0.034300 0.055800 0.018300 0.031800 0.021100 0.080800 0.063600 0.029000 0.058300 0.053200 0.058700 0.023500 0.029100 0.045200 0.029100 0.072200 0.048000 0.050800
CommonDuik 0.018400 0.192500 0.053900 0.161900 0.026400 0.018400 0.018400 0.023800 0.051400 0.058400 0.021100 0.045300 0.021100 0.000000 0.042800 0.023800 0.053700 0.042800 0.021100 0.053500 0.021100 0.018400 0.061500 0.050600 0.021100 0.026500 0.023700 0.059500 0.040400 0.048100 0.061100 0.007900 0.072700 0.029100 0.039800 0.058700 0.023700 0.031900 0.026500 0.083800 0.066500 0.034400 0.061200 0.056100 0.061600 0.026500 0.034600 0.050800 0.026500 0.075300 0.050700 0.053600
Suni 0.034400 0.205500 0.073400 0.174500 0.045200 0.034400 0.050900 0.045400 0.071000 0.075000 0.037100 0.064600 0.037200 0.042800 0.000000 0.045500 0.078900 0.062100 0.042600 0.073200 0.037300 0.034500 0.080900 0.067100 0.037100 0.042800 0.039800 0.076300 0.057000 0.067700 0.077700 0.045600 0.095300 0.050800 0.056200 0.072500 0.039800 0.050900 0.037300 0.098000 0.085900 0.045200 0.077800 0.072700 0.075600 0.037200 0.050900 0.056300 0.050900 0.095000 0.070400 0.073300
Springbuck 0.021000 0.197900 0.056400 0.164800 0.029000 0.021000 0.031800 0.026400 0.053900 0.061100 0.023700 0.047800 0.023800 0.023800 0.045500 0.000000 0.062000 0.045500 0.023700 0.055900 0.023800 0.021100 0.064200 0.053300 0.023700 0.018500 0.026300 0.062100 0.032100 0.050500 0.063800 0.026500 0.078200 0.031800 0.042500 0.061400 0.026400 0.034500 0.029200 0.086600 0.069200 0.026300 0.063900 0.058800 0.064300 0.023800 0.037300 0.053500 0.031800 0.078000 0.053200 0.056100
Okapi 0.053100 0.201300 0.076100 0.167600 0.064400 0.053100 0.067400 0.056300 0.073700 0.069200 0.056000 0.067300 0.056300 0.053700 0.078900 0.062000 0.000000 0.015700 0.059100 0.076200 0.056400 0.053200 0.066800 0.055900 0.056000 0.059300 0.058600 0.082000 0.076700 0.070700 0.072000 0.062100 0.080900 0.067200 0.075600 0.080800 0.058700 0.070200 0.061700 0.089200 0.071800 0.067200 0.072100 0.061400 0.089500 0.061800 0.070400 0.087000 0.067400 0.094700 0.073300 0.070600
Giraffe 0.036600 0.182200 0.059300 0.148900 0.047900 0.036600 0.050800 0.039900 0.056800 0.052900 0.039500 0.050700 0.039900 0.042800 0.062100 0.045500 0.015700 0.000000 0.042600 0.059400 0.040000 0.036700 0.050400 0.039600 0.039500 0.045500 0.042100 0.065000 0.059800 0.053900 0.055500 0.045600 0.064200 0.050500 0.058900 0.064100 0.042200 0.053500 0.044900 0.072400 0.055400 0.053400 0.055600 0.045000 0.072600 0.045300 0.053700 0.070100 0.050800 0.077800 0.056600 0.053900
TibetanAnt 0.018300 0.179800 0.048200 0.155000 0.026300 0.018300 0.029000 0.023700 0.045600 0.058200 0.021000 0.039700 0.021000 0.021100 0.042600 0.023700 0.059100 0.042600 0.000000 0.047900 0.021100 0.018400 0.055700 0.050400 0.021000 0.026400 0.023600 0.053800 0.040300 0.042500 0.060900 0.023800 0.075200 0.029000 0.039700 0.053000 0.023600 0.031800 0.026500 0.083500 0.066300 0.034300 0.061000 0.055900 0.055800 0.026400 0.034400 0.047900 0.029000 0.072100 0.045200 0.048000
Sitatunga 0.045400 0.208600 0.005200 0.165300 0.058700 0.045400 0.061600 0.056100 0.002600 0.080700 0.048200 0.034400 0.050500 0.053500 0.073200 0.055900 0.076200 0.059400 0.047900 0.000000 0.050400 0.045500 0.078300 0.067200 0.048200 0.056000 0.050900 0.010500 0.065100 0.002600 0.083300 0.056400 0.092700 0.059300 0.064400 0.050400 0.050900 0.064600 0.054000 0.101100 0.083300 0.063800 0.083600 0.072800 0.047800 0.056100 0.064300 0.075600 0.061700 0.089400 0.002600 0.007900
Oribi 0.013100 0.189100 0.050900 0.158600 0.026300 0.013100 0.026500 0.023800 0.048300 0.055700 0.015700 0.042400 0.015800 0.021100 0.037300 0.023800 0.056400 0.040000 0.021100 0.050400 0.000000 0.013100 0.058600 0.047800 0.015700 0.021100 0.018400 0.056500 0.034900 0.045000 0.058300 0.023900 0.072600 0.029100 0.034400 0.055900 0.018400 0.031800 0.021100 0.080900 0.063700 0.029000 0.058400 0.053300 0.058800 0.023800 0.029200 0.045300 0.029100 0.075100 0.047700 0.050600
BarbaryShe 0.005200 0.184500 0.047700 0.154400 0.023600 0.005200 0.026400 0.021000 0.045000 0.052200 0.007800 0.039200 0.013100 0.018400 0.034500 0.021100 0.053200 0.036700 0.018400 0.045500 0.013100 0.000000 0.055300 0.044400 0.007800 0.018400 0.015700 0.053300 0.032100 0.040100 0.054900 0.021100 0.069300 0.026400 0.031600 0.052600 0.010400 0.029100 0.018400 0.077400 0.060400 0.026300 0.054900 0.049800 0.055400 0.021000 0.026400 0.042400 0.026400 0.071400 0.042700 0.045500
Daviddeer 0.055200 0.203500 0.078200 0.169100 0.066600 0.055200 0.069600 0.064100 0.075800 0.033600 0.058000 0.069400 0.058600 0.061500 0.080900 0.064200 0.066800 0.050400 0.055700 0.078300 0.058600 0.055300 0.000000 0.020700 0.058000 0.064200 0.060600 0.084000 0.078800 0.072800 0.036300 0.064300 0.082900 0.069100 0.077700 0.082800 0.060700 0.072400 0.063700 0.052500 0.025700 0.066500 0.036300 0.025900 0.085700 0.064000 0.072500 0.086200 0.069600 0.096700 0.075400 0.078300
Reindeer 0.044300 0.196700 0.067100 0.157000 0.055700 0.044300 0.058600 0.053200 0.064700 0.023200 0.047100 0.058500 0.047700 0.050600 0.067100 0.053300 0.055900 0.039600 0.050400 0.067200 0.047800 0.044400 0.020700 0.000000 0.047100 0.053300 0.049700 0.072800 0.067700 0.061700 0.025800 0.053400 0.071900 0.058100 0.066700 0.071800 0.049800 0.061500 0.052700 0.041800 0.025700 0.052900 0.025800 0.010300 0.074800 0.053100 0.061500 0.077900 0.058600 0.085600 0.064400 0.067200
Ibex 0.007800 0.187300 0.050400 0.157200 0.026200 0.007800 0.029000 0.018400 0.047800 0.054900 0.005200 0.041900 0.015700 0.021100 0.037100 0.023700 0.056000 0.039500 0.021000 0.048200 0.015700 0.007800 0.058000 0.047100 0.000000 0.021100 0.018300 0.056100 0.034700 0.042700 0.057600 0.023800 0.072000 0.029000 0.034200 0.055300 0.007800 0.031700 0.021100 0.080100 0.063100 0.028900 0.057600 0.052500 0.058100 0.023700 0.029000 0.045100 0.029000 0.074100 0.045400 0.048200
GyrantGaze 0.018400 0.183100 0.056500 0.158400 0.031700 0.018400 0.034500 0.029200 0.053900 0.061200 0.021100 0.047900 0.021100 0.026500 0.042800 0.018500 0.059300 0.045500 0.026400 0.056000 0.021100 0.018400 0.064200 0.053300 0.021100 0.000000 0.023700 0.056600 0.024000 0.050700 0.063900 0.029300 0.078300 0.034500 0.039800 0.061500 0.023700 0.037300 0.026500 0.086700 0.069200 0.007800 0.064000 0.058800 0.064400 0.029100 0.034600 0.045300 0.034500 0.080800 0.053300 0.056200
Hartebeest 0.015600 0.190300 0.053100 0.160100 0.028800 0.015600 0.031600 0.026300 0.050400 0.057600 0.018300 0.044500 0.013100 0.023700 0.039800 0.026300 0.058600 0.042100 0.023600 0.050900 0.018400 0.015700 0.060600 0.049700 0.018300 0.023700 0.000000 0.058700 0.037400 0.045400 0.060200 0.026400 0.069100 0.020900 0.036900 0.057900 0.020900 0.034300 0.023700 0.082800 0.065700 0.031500 0.060300 0.055200 0.060800 0.026300 0.031700 0.047700 0.031600 0.076800 0.048100 0.050900
Bongo 0.053200 0.209000 0.010500 0.168500 0.064700 0.053200 0.067700 0.062100 0.007900 0.086400 0.056100 0.039900 0.056600 0.059500 0.076300 0.062100 0.082000 0.065000 0.053800 0.010500 0.056500 0.053300 0.084000 0.072800 0.056100 0.056600 0.058700 0.000000 0.071300 0.010500 0.089200 0.062400 0.092800 0.067300 0.070300 0.055900 0.058800 0.070600 0.061800 0.106900 0.083400 0.064500 0.089300 0.078500 0.053300 0.062100 0.070400 0.076100 0.067800 0.092300 0.007900 0.013200
Gerenuk 0.032000 0.199400 0.065400 0.169600 0.045600 0.032000 0.048500 0.037600 0.062900 0.075600 0.034800 0.062200 0.034800 0.040400 0.057000 0.032100 0.076700 0.059800 0.040300 0.065100 0.034900 0.032100 0.078800 0.067700 0.034700 0.024000 0.037400 0.071300 0.000000 0.059600 0.078400 0.043200 0.093300 0.048500 0.053900 0.076000 0.034700 0.051400 0.040400 0.095900 0.083800 0.032000 0.078500 0.073300 0.079000 0.043000 0.048600 0.065100 0.048500 0.092900 0.062300 0.065200
CommonElan 0.040000 0.202400 0.005200 0.159200 0.053400 0.040000 0.056200 0.050700 0.002600 0.075200 0.042800 0.029100 0.045300 0.048100 0.067700 0.050500 0.070700 0.053900 0.042500 0.002600 0.045000 0.040100 0.072800 0.061700 0.042700 0.050700 0.045400 0.010500 0.059600 0.000000 0.077900 0.050900 0.087100 0.053800 0.059000 0.050500 0.045500 0.059100 0.048500 0.095400 0.077800 0.058400 0.078100 0.067300 0.047900 0.050700 0.058900 0.070100 0.056200 0.083800 0.002600 0.007900
MuntiacusR 0.054800 0.208100 0.083400 0.174300 0.066200 0.054800 0.069200 0.063700 0.081000 0.002500 0.057600 0.074600 0.052800 0.061100 0.077700 0.063800 0.072000 0.055500 0.060900 0.083300 0.058300 0.054900 0.036300 0.025800 0.057600 0.063900 0.060200 0.089200 0.078400 0.077900 0.000000 0.064000 0.088100 0.068700 0.077300 0.082400 0.060300 0.072000 0.063300 0.057500 0.036000 0.063400 0.005100 0.031000 0.085400 0.063500 0.072100 0.088500 0.069200 0.099000 0.080600 0.083500
HarveysDui 0.021100 0.192400 0.056700 0.165300 0.029100 0.021100 0.021100 0.026500 0.054200 0.061300 0.023800 0.048100 0.023800 0.007900 0.045600 0.026500 0.062100 0.045600 0.023800 0.056400 0.023900 0.021100 0.064300 0.053400 0.023800 0.029300 0.026400 0.062400 0.043200 0.050900 0.064000 0.000000 0.075600 0.031900 0.042600 0.061500 0.026400 0.034600 0.029300 0.086800 0.069300 0.037200 0.064100 0.058900 0.064500 0.026500 0.037400 0.053600 0.031900 0.080900 0.053600 0.056500
Pronghorn 0.069100 0.209700 0.092500 0.182300 0.080600 0.069100 0.083700 0.078100 0.090100 0.085400 0.072000 0.083500 0.067000 0.072700 0.095300 0.078200 0.080900 0.064200 0.075200 0.092700 0.072600 0.069300 0.082900 0.071900 0.072000 0.078300 0.069100 0.092800 0.093300 0.087100 0.088100 0.075600 0.000000 0.077700 0.086200 0.097000 0.069100 0.086600 0.077900 0.105500 0.076800 0.086200 0.088200 0.077500 0.105900 0.078000 0.075300 0.103400 0.083700 0.105300 0.089700 0.092700
BlueWildeb 0.026300 0.194100 0.061600 0.170100 0.034300 0.026300 0.037100 0.031700 0.059000 0.066000 0.029000 0.052900 0.023700 0.029100 0.050800 0.031800 0.067200 0.050500 0.029000 0.059300 0.029100 0.026400 0.069100 0.058100 0.029000 0.034500 0.020900 0.067300 0.048500 0.053800 0.068700 0.031900 0.077700 0.000000 0.047800 0.066400 0.031600 0.039900 0.034500 0.091500 0.074200 0.039700 0.068700 0.063600 0.069300 0.034400 0.042600 0.058800 0.037100 0.079800 0.056500 0.059300
Gemsbok 0.031600 0.207400 0.064600 0.173400 0.045000 0.031600 0.047800 0.042400 0.062100 0.074600 0.034300 0.061500 0.034300 0.039800 0.056200 0.042500 0.075600 0.058900 0.039700 0.064400 0.034400 0.031600 0.077700 0.066700 0.034200 0.039800 0.036900 0.070300 0.053900 0.059000 0.077300 0.042600 0.086200 0.047800 0.000000 0.074900 0.031500 0.050600 0.039800 0.100300 0.082600 0.047700 0.077400 0.072300 0.077900 0.042400 0.047900 0.058700 0.047800 0.094400 0.061600 0.064500
Yak 0.052400 0.202800 0.050300 0.178500 0.063800 0.052400 0.066800 0.055800 0.047900 0.079600 0.055300 0.031300 0.055800 0.058700 0.072500 0.061400 0.080800 0.064100 0.053000 0.050400 0.055900 0.052600 0.082800 0.071800 0.055300 0.061500 0.057900 0.055900 0.076000 0.050500 0.082400 0.061500 0.097000 0.066400 0.074900 0.000000 0.058000 0.069600 0.060900 0.105400 0.087700 0.063800 0.082500 0.077400 0.012800 0.058500 0.069400 0.080600 0.066800 0.099500 0.047600 0.047700
BlueSheep 0.010400 0.187300 0.053200 0.160400 0.028900 0.010400 0.031700 0.026300 0.050500 0.057700 0.007500 0.044600 0.018300 0.023700 0.039800 0.026400 0.058700 0.042200 0.023600 0.050900 0.018400 0.010400 0.060700 0.049800 0.007800 0.023700 0.020900 0.058800 0.034700 0.045500 0.060300 0.026400 0.069100 0.031600 0.031500 0.058000 0.000000 0.034400 0.023700 0.082900 0.065800 0.031500 0.060400 0.055300 0.060900 0.026300 0.031700 0.047800 0.031700 0.071300 0.048100 0.050900
BohorReedb 0.029000 0.205000 0.064900 0.167900 0.010400 0.029000 0.039900 0.029100 0.062400 0.069300 0.031700 0.056200 0.031800 0.031900 0.050900 0.034500 0.070200 0.053500 0.031800 0.064600 0.031800 0.029100 0.072400 0.061500 0.031700 0.037300 0.034300 0.070600 0.051400 0.059100 0.072000 0.034600 0.086600 0.039900 0.050600 0.069600 0.034400 0.000000 0.037300 0.089300 0.077400 0.045200 0.072100 0.067000 0.072600 0.037200 0.045400 0.061700 0.039900 0.089100 0.061800 0.064700
KirksDik 0.018400 0.194800 0.056100 0.164400 0.031700 0.018400 0.034500 0.029200 0.053400 0.060600 0.021100 0.047400 0.021100 0.026500 0.037300 0.029200 0.061700 0.044900 0.026500 0.054000 0.021100 0.018400 0.063700 0.052700 0.021100 0.026500 0.023700 0.061800 0.040400 0.048500 0.063300 0.029300 0.077900 0.034500 0.039800 0.060900 0.023700 0.037300 0.000000 0.086100 0.068800 0.034400 0.063300 0.058200 0.063900 0.029200 0.018500 0.045300 0.034500 0.080000 0.051200 0.054000
RoeDeer 0.077200 0.212200 0.100900 0.184900 0.088900 0.077200 0.092100 0.086400 0.098600 0.054900 0.080200 0.091800 0.080800 0.083800 0.098000 0.086600 0.089200 0.072400 0.083500 0.101100 0.080900 0.077400 0.052500 0.041800 0.080100 0.086700 0.082800 0.106900 0.095900 0.095400 0.057500 0.086800 0.105500 0.091500 0.100300 0.105400 0.082900 0.089300 0.086100 0.000000 0.057500 0.086000 0.057600 0.041800 0.108500 0.083400 0.095100 0.111900 0.092000 0.119500 0.098100 0.101100
WhiteLippe 0.060200 0.207700 0.083200 0.164700 0.071600 0.060200 0.069100 0.069100 0.080800 0.033400 0.063100 0.074400 0.063600 0.066500 0.085900 0.069200 0.071800 0.055400 0.066300 0.083300 0.063700 0.060400 0.025700 0.025700 0.063100 0.069200 0.065700 0.083400 0.083800 0.077800 0.036000 0.069300 0.076800 0.074200 0.082600 0.087700 0.065800 0.077400 0.068800 0.057500 0.000000 0.071500 0.036000 0.031000 0.090800 0.069000 0.077500 0.093900 0.074500 0.096000 0.080400 0.083300
ThomsonGaz 0.026200 0.188300 0.064400 0.166500 0.039600 0.026200 0.042400 0.037000 0.061800 0.060800 0.028900 0.055700 0.029000 0.034400 0.045200 0.026300 0.067200 0.053400 0.034300 0.063800 0.029000 0.026300 0.066500 0.052900 0.028900 0.007800 0.031500 0.064500 0.032000 0.058400 0.063400 0.037200 0.086200 0.039700 0.047700 0.063800 0.031500 0.045200 0.034400 0.086000 0.071500 0.000000 0.063500 0.058400 0.066700 0.037000 0.042500 0.053200 0.042400 0.088700 0.061100 0.064000
MuntiacusC 0.054800 0.208400 0.083500 0.174600 0.066300 0.054800 0.069300 0.063800 0.081100 0.002500 0.057700 0.074700 0.058300 0.061200 0.077800 0.063900 0.072100 0.055600 0.061000 0.083600 0.058400 0.054900 0.036300 0.025800 0.057600 0.064000 0.060300 0.089300 0.078500 0.078100 0.005100 0.064100 0.088200 0.068700 0.077400 0.082500 0.060400 0.072100 0.063300 0.057600 0.036000 0.063500 0.000000 0.031100 0.085500 0.063700 0.072200 0.088700 0.069300 0.101900 0.080700 0.083600
WhiteTaile 0.049700 0.190500 0.072700 0.157000 0.061200 0.049700 0.064200 0.058700 0.070300 0.028400 0.052600 0.064000 0.053200 0.056100 0.072700 0.058800 0.061400 0.045000 0.055900 0.072800 0.053300 0.049800 0.025900 0.010300 0.052500 0.058800 0.055200 0.078500 0.073300 0.067300 0.031000 0.058900 0.077500 0.063600 0.072300 0.077400 0.055300 0.067000 0.058200 0.041800 0.031000 0.058400 0.031100 0.000000 0.080400 0.058600 0.067000 0.083500 0.061400 0.091200 0.070000 0.072800
Cattle 0.055300 0.210700 0.047700 0.188700 0.066800 0.055300 0.069800 0.064300 0.045200 0.082600 0.058200 0.034000 0.058700 0.061600 0.075600 0.064300 0.089500 0.072600 0.055800 0.047800 0.058800 0.055400 0.085700 0.074800 0.058100 0.064400 0.060800 0.053300 0.079000 0.047900 0.085400 0.064500 0.105900 0.069300 0.077900 0.012800 0.060900 0.072600 0.063900 0.108500 0.090800 0.066700 0.085500 0.080400 0.000000 0.061400 0.072400 0.083600 0.069800 0.102600 0.045000 0.050600
RoyalAntel 0.021000 0.174800 0.056400 0.157900 0.031600 0.021000 0.034400 0.029100 0.053900 0.060900 0.023700 0.047900 0.023500 0.026500 0.037200 0.023800 0.061800 0.045300 0.026400 0.056100 0.023800 0.021000 0.064000 0.053100 0.023700 0.029100 0.026300 0.062100 0.043000 0.050700 0.063500 0.026500 0.078000 0.034400 0.042400 0.058500 0.026300 0.037200 0.029200 0.083400 0.069000 0.037000 0.063700 0.058600 0.061400 0.000000 0.037200 0.053400 0.034400 0.080500 0.053400 0.056200
Steenbok 0.026400 0.198000 0.064600 0.167500 0.039800 0.026400 0.042600 0.037200 0.062000 0.069400 0.029100 0.055900 0.029100 0.034600 0.050900 0.037300 0.070400 0.053700 0.034400 0.064300 0.029200 0.026400 0.072500 0.061500 0.029000 0.034600 0.031700 0.070400 0.048600 0.058900 0.072100 0.037400 0.075300 0.042600 0.047900 0.069400 0.031700 0.045400 0.018500 0.095100 0.077500 0.042500 0.072200 0.067000 0.072400 0.037200 0.000000 0.059000 0.042600 0.083000 0.061600 0.064500
Impala 0.042400 0.201500 0.075900 0.183100 0.055900 0.042400 0.058900 0.053400 0.073500 0.085800 0.045100 0.072700 0.045200 0.050800 0.056300 0.053500 0.087000 0.070100 0.047900 0.075600 0.045300 0.042400 0.086200 0.077900 0.045100 0.045300 0.047700 0.076100 0.065100 0.070100 0.088500 0.053600 0.103400 0.058800 0.058700 0.080600 0.047800 0.061700 0.045300 0.111900 0.093900 0.053200 0.088700 0.083500 0.083600 0.053400 0.059000 0.000000 0.056100 0.105900 0.072700 0.075700
Klipspring 0.026300 0.201400 0.062000 0.170700 0.034300 0.026300 0.037100 0.031800 0.059500 0.066500 0.029000 0.053400 0.029100 0.026500 0.050900 0.031800 0.067400 0.050800 0.029000 0.061700 0.029100 0.026400 0.069600 0.058600 0.029000 0.034500 0.031600 0.067800 0.048500 0.056200 0.069200 0.031900 0.083700 0.037100 0.047800 0.066800 0.031700 0.039900 0.034500 0.092000 0.074500 0.042400 0.069300 0.061400 0.069800 0.034400 0.042600 0.056100 0.000000 0.080600 0.058900 0.061800
ForestMusk 0.071200 0.211900 0.089300 0.178200 0.083100 0.071200 0.086200 0.080600 0.086900 0.099000 0.074200 0.080400 0.072200 0.075300 0.095000 0.078000 0.094700 0.077800 0.072100 0.089400 0.075100 0.071400 0.096700 0.085600 0.074100 0.080800 0.076800 0.092300 0.092900 0.083800 0.099000 0.080900 0.105300 0.079800 0.094400 0.099500 0.071300 0.089100 0.080000 0.119500 0.096000 0.088700 0.101900 0.091200 0.102600 0.080500 0.083000 0.105900 0.080600 0.000000 0.086500 0.089400
Bushbuck 0.042700 0.205200 0.002600 0.162000 0.056000 0.042700 0.058900 0.053400 0.000000 0.077800 0.045400 0.031700 0.048000 0.050700 0.070400 0.053200 0.073300 0.056600 0.045200 0.002600 0.047700 0.042700 0.075400 0.064400 0.045400 0.053300 0.048100 0.007900 0.062300 0.002600 0.080600 0.053600 0.089700 0.056500 0.061600 0.047600 0.048100 0.061800 0.051200 0.098100 0.080400 0.061100 0.080700 0.070000 0.045000 0.053400 0.061600 0.072700 0.058900 0.086500 0.000000 0.005200
GreaterKud 0.045500 0.202100 0.007900 0.159000 0.058900 0.045500 0.061800 0.050700 0.005300 0.080700 0.048200 0.037200 0.050800 0.053600 0.073300 0.056100 0.070600 0.053900 0.048000 0.007900 0.050600 0.045500 0.078300 0.067200 0.048200 0.056200 0.050900 0.013200 0.065200 0.007900 0.083500 0.056500 0.092700 0.059300 0.064500 0.047700 0.050900 0.064700 0.054000 0.101100 0.083300 0.064000 0.083600 0.072800 0.050600 0.056200 0.064500 0.075700 0.061800 0.089400 0.005200 0.000000
