CODONML (in paml version 4.10.7, June 2023)  /home/rachel/ruminants_paml/6406-phy-tree/ENSBTAT00000032932.fasta.phy
Model: free dN/dS Ratios for branches,  kappa = 2.000 fixed

Codon frequency model: F3x4
ns =  54  ls =  83

Codon usage in sequences
--------------------------------------------------------------------------------------------------------------------------------------
Phe TTT   0   1   0   0   1   0 | Ser TCT   2   2   2   2   1   2 | Tyr TAT   2   2   1   2   1   2 | Cys TGT   0   0   0   0   0   0
    TTC   1   2   1   1   1   1 |     TCC   0   0   0   0   0   0 |     TAC   3   0   4   3   4   3 |     TGC   0   0   0   0   0   0
Leu TTA   0   0   0   0   0   1 |     TCA   1   1   0   1   0   1 | *** TAA   0   0   0   0   0   0 | *** TGA   0   0   0   0   0   0
    TTG   1   0   1   1   1   0 |     TCG   0   0   1   0   1   0 |     TAG   0   0   0   0   0   0 | Trp TGG   1   1   1   1   1   1
--------------------------------------------------------------------------------------------------------------------------------------
Leu CTT   2   1   2   2   1   2 | Pro CCT   1   1   0   0   0   1 | His CAT   0   1   1   1   1   1 | Arg CGT   0   1   1   0   0   0
    CTC   1   1   1   1   1   1 |     CCC   2   2   3   3   3   2 |     CAC   4   3   3   3   3   3 |     CGC   1   1   1   1   1   2
    CTA   0   0   0   0   0   0 |     CCA   1   1   1   1   1   1 | Gln CAA   0   0   0   0   0   1 |     CGA   0   0   0   0   0   0
    CTG   2   2   2   2   3   2 |     CCG   0   0   0   0   0   0 |     CAG   2   4   2   2   2   1 |     CGG   0   0   0   0   0   0
--------------------------------------------------------------------------------------------------------------------------------------
Ile ATT   3   3   2   2   2   3 | Thr ACT   1   1   1   1   2   1 | Asn AAT   9   8   8   8   6   7 | Ser AGT   1   1   1   2   2   1
    ATC   2   1   3   3   2   2 |     ACC   1   0   1   1   1   1 |     AAC   5   6   6   6   9   8 |     AGC   0   1   0   0   0   0
    ATA   0   0   0   0   0   0 |     ACA   0   0   0   0   0   0 | Lys AAA   1   2   1   2   0   1 | Arg AGA   0   0   0   0   0   0
Met ATG   1   1   1   1   1   1 |     ACG   0   0   0   0   0   0 |     AAG   2   2   2   1   3   2 |     AGG   2   2   2   2   1   1
--------------------------------------------------------------------------------------------------------------------------------------
Val GTT   1   1   1   1   2   1 | Ala GCT   1   1   1   1   1   1 | Asp GAT   4   4   4   3   3   3 | Gly GGT   1   1   0   0   0   0
    GTC   4   3   4   4   3   3 |     GCC   0   1   0   0   1   0 |     GAC   3   1   3   4   3   4 |     GGC   3   4   3   3   3   3
    GTA   0   1   1   0   1   1 |     GCA   2   2   2   1   0   1 | Glu GAA   0   0   0   0   0   0 |     GGA   3   3   3   3   3   3
    GTG   2   2   1   2   2   2 |     GCG   0   0   0   1   1   1 |     GAG   2   3   2   2   2   2 |     GGG   2   1   2   2   2   2
--------------------------------------------------------------------------------------------------------------------------------------

--------------------------------------------------------------------------------------------------------------------------------------
Phe TTT   0   0   0   0   0   0 | Ser TCT   2   2   2   2   2   2 | Tyr TAT   2   2   2   2   2   2 | Cys TGT   0   0   0   0   0   0
    TTC   1   1   1   1   1   1 |     TCC   0   0   0   0   0   0 |     TAC   3   3   3   3   3   3 |     TGC   0   0   0   0   0   0
Leu TTA   0   0   0   0   0   0 |     TCA   0   1   1   0   0   0 | *** TAA   0   0   0   0   0   0 | *** TGA   0   0   0   0   0   0
    TTG   1   1   1   1   1   1 |     TCG   1   0   0   1   1   1 |     TAG   0   0   0   0   0   0 | Trp TGG   1   1   1   1   1   1
--------------------------------------------------------------------------------------------------------------------------------------
Leu CTT   2   2   2   2   2   2 | Pro CCT   0   1   0   0   1   0 | His CAT   1   1   1   1   2   1 | Arg CGT   0   0   0   0   0   0
    CTC   1   1   1   1   1   1 |     CCC   3   2   3   3   2   3 |     CAC   3   3   3   3   3   3 |     CGC   1   1   1   1   1   1
    CTA   0   0   0   0   0   0 |     CCA   1   1   1   1   1   1 | Gln CAA   0   0   0   0   0   0 |     CGA   0   0   0   0   0   0
    CTG   2   2   2   2   2   2 |     CCG   0   0   0   0   0   0 |     CAG   2   2   2   2   2   2 |     CGG   0   0   0   0   0   0
--------------------------------------------------------------------------------------------------------------------------------------
Ile ATT   2   3   2   2   2   2 | Thr ACT   1   1   2   1   1   1 | Asn AAT   7   9   8   8   8   9 | Ser AGT   2   1   1   1   1   2
    ATC   3   2   3   3   3   2 |     ACC   1   1   0   1   1   1 |     AAC   6   5   6   6   6   5 |     AGC   0   0   0   0   0   0
    ATA   0   0   0   0   0   0 |     ACA   0   0   0   0   0   0 | Lys AAA   1   1   1   1   1   1 | Arg AGA   0   0   0   0   0   0
Met ATG   1   1   1   1   1   1 |     ACG   0   0   0   0   0   0 |     AAG   2   2   2   2   2   2 |     AGG   2   2   2   2   2   2
--------------------------------------------------------------------------------------------------------------------------------------
Val GTT   1   1   1   2   1   2 | Ala GCT   1   1   1   2   1   1 | Asp GAT   3   4   4   4   4   4 | Gly GGT   1   1   1   0   0   0
    GTC   4   4   4   4   4   4 |     GCC   0   0   0   0   0   0 |     GAC   3   3   3   3   3   3 |     GGC   3   3   2   2   3   3
    GTA   0   0   0   0   1   0 |     GCA   1   2   2   1   2   1 | Glu GAA   0   0   0   0   0   0 |     GGA   3   3   3   3   3   3
    GTG   2   2   2   2   1   2 |     GCG   1   0   0   0   0   1 |     GAG   3   2   2   2   2   2 |     GGG   2   2   3   3   2   2
--------------------------------------------------------------------------------------------------------------------------------------

--------------------------------------------------------------------------------------------------------------------------------------
Phe TTT   0   0   0   0   0   0 | Ser TCT   2   2   2   2   2   2 | Tyr TAT   1   2   1   2   2   2 | Cys TGT   0   0   0   0   0   0
    TTC   1   1   1   1   1   1 |     TCC   0   0   0   0   0   0 |     TAC   4   3   4   3   3   3 |     TGC   0   0   0   0   0   0
Leu TTA   0   0   0   0   0   0 |     TCA   0   0   0   0   0   0 | *** TAA   0   0   0   0   0   0 | *** TGA   0   0   0   0   0   0
    TTG   1   1   1   1   1   1 |     TCG   1   1   1   1   1   1 |     TAG   0   0   0   0   0   0 | Trp TGG   1   1   1   1   1   1
--------------------------------------------------------------------------------------------------------------------------------------
Leu CTT   2   2   2   2   2   2 | Pro CCT   0   1   0   0   0   0 | His CAT   1   1   1   1   1   1 | Arg CGT   0   0   0   0   0   0
    CTC   1   1   1   1   1   1 |     CCC   3   2   3   3   3   3 |     CAC   3   3   3   3   3   3 |     CGC   1   1   1   1   1   1
    CTA   0   0   0   0   0   0 |     CCA   1   1   1   1   1   1 | Gln CAA   0   0   0   0   0   0 |     CGA   0   0   0   0   0   0
    CTG   2   2   2   2   2   2 |     CCG   0   0   0   0   0   0 |     CAG   2   2   2   2   2   2 |     CGG   0   0   0   0   0   0
--------------------------------------------------------------------------------------------------------------------------------------
Ile ATT   2   2   2   2   3   2 | Thr ACT   1   1   1   1   1   1 | Asn AAT   8   9   9   7   9   8 | Ser AGT   1   0   1   1   1   1
    ATC   3   3   3   3   2   3 |     ACC   1   1   1   1   1   1 |     AAC   6   5   5   7   5   6 |     AGC   0   1   0   0   0   0
    ATA   0   0   0   0   0   0 |     ACA   0   0   0   0   0   0 | Lys AAA   1   1   1   1   1   1 | Arg AGA   0   0   0   0   0   0
Met ATG   1   1   1   1   1   1 |     ACG   0   0   0   0   0   0 |     AAG   2   2   2   2   2   2 |     AGG   2   2   2   2   2   2
--------------------------------------------------------------------------------------------------------------------------------------
Val GTT   2   1   1   1   2   1 | Ala GCT   1   1   1   1   1   1 | Asp GAT   4   4   4   4   4   4 | Gly GGT   1   1   0   1   1   1
    GTC   3   4   4   4   3   4 |     GCC   0   0   0   0   0   0 |     GAC   3   3   3   3   3   3 |     GGC   3   3   4   3   3   3
    GTA   0   0   0   0   0   0 |     GCA   2   1   2   2   1   2 | Glu GAA   0   0   0   0   0   0 |     GGA   3   2   3   3   3   3
    GTG   2   2   2   2   2   2 |     GCG   0   1   0   0   1   0 |     GAG   2   2   2   2   2   2 |     GGG   2   3   2   2   2   2
--------------------------------------------------------------------------------------------------------------------------------------

--------------------------------------------------------------------------------------------------------------------------------------
Phe TTT   0   0   0   0   0   0 | Ser TCT   2   2   2   2   2   2 | Tyr TAT   2   2   2   2   2   2 | Cys TGT   0   0   0   0   0   0
    TTC   1   1   1   1   1   1 |     TCC   0   0   0   0   0   0 |     TAC   3   3   3   3   3   3 |     TGC   0   0   0   0   0   0
Leu TTA   0   0   0   0   0   0 |     TCA   0   0   0   0   0   1 | *** TAA   0   0   0   0   0   0 | *** TGA   0   0   0   0   0   0
    TTG   1   1   1   1   1   2 |     TCG   1   1   1   1   1   0 |     TAG   0   0   0   0   0   0 | Trp TGG   1   1   1   1   1   1
--------------------------------------------------------------------------------------------------------------------------------------
Leu CTT   3   3   2   2   2   2 | Pro CCT   1   1   0   1   0   0 | His CAT   1   1   1   2   1   1 | Arg CGT   0   0   0   0   1   0
    CTC   0   0   1   1   1   1 |     CCC   2   2   3   2   3   3 |     CAC   3   3   3   3   3   3 |     CGC   1   1   1   1   0   1
    CTA   0   0   0   0   0   0 |     CCA   1   1   1   1   1   1 | Gln CAA   0   0   0   0   0   0 |     CGA   0   0   0   0   0   0
    CTG   2   2   2   2   2   1 |     CCG   0   0   0   0   0   0 |     CAG   2   2   1   2   2   2 |     CGG   0   0   0   0   0   0
--------------------------------------------------------------------------------------------------------------------------------------
Ile ATT   2   2   1   2   2   2 | Thr ACT   1   1   1   1   1   1 | Asn AAT   8   9   8   8   9   8 | Ser AGT   1   2   1   1   1   1
    ATC   3   3   3   3   3   3 |     ACC   1   1   1   1   1   1 |     AAC   6   5   6   6   5   6 |     AGC   0   0   0   0   0   0
    ATA   0   0   1   0   0   0 |     ACA   0   0   0   0   0   0 | Lys AAA   1   1   1   1   1   1 | Arg AGA   0   0   0   0   0   0
Met ATG   1   1   1   1   1   1 |     ACG   0   0   0   0   0   0 |     AAG   2   2   2   2   2   2 |     AGG   2   2   2   2   2   2
--------------------------------------------------------------------------------------------------------------------------------------
Val GTT   1   1   1   1   1   2 | Ala GCT   1   1   1   1   1   1 | Asp GAT   4   4   4   4   4   4 | Gly GGT   1   0   1   0   1   1
    GTC   4   4   4   4   4   3 |     GCC   0   1   0   0   0   0 |     GAC   3   3   3   3   3   3 |     GGC   3   3   3   3   3   3
    GTA   0   0   0   1   0   0 |     GCA   1   1   2   2   1   1 | Glu GAA   0   0   0   0   0   0 |     GGA   3   3   3   3   3   3
    GTG   2   2   2   1   2   2 |     GCG   1   0   0   0   1   1 |     GAG   2   2   3   2   2   2 |     GGG   2   2   2   2   2   2
--------------------------------------------------------------------------------------------------------------------------------------

--------------------------------------------------------------------------------------------------------------------------------------
Phe TTT   0   0   0   0   0   0 | Ser TCT   2   2   2   2   2   2 | Tyr TAT   2   2   1   2   1   2 | Cys TGT   0   0   0   0   0   0
    TTC   1   1   1   1   1   1 |     TCC   0   0   0   0   0   0 |     TAC   3   3   4   3   4   3 |     TGC   0   0   0   0   0   0
Leu TTA   0   0   0   0   0   0 |     TCA   0   0   0   0   0   0 | *** TAA   0   0   0   0   0   0 | *** TGA   0   0   0   0   0   0
    TTG   1   1   1   1   1   1 |     TCG   1   1   1   1   1   1 |     TAG   0   0   0   0   0   0 | Trp TGG   1   1   1   1   1   1
--------------------------------------------------------------------------------------------------------------------------------------
Leu CTT   2   2   2   2   2   2 | Pro CCT   0   1   0   0   0   0 | His CAT   1   1   1   1   2   1 | Arg CGT   0   0   0   0   0   1
    CTC   1   1   1   1   1   1 |     CCC   3   2   3   3   3   3 |     CAC   3   3   3   3   3   3 |     CGC   1   1   1   1   1   1
    CTA   0   0   0   0   0   0 |     CCA   1   1   1   1   1   1 | Gln CAA   0   0   0   0   0   0 |     CGA   0   0   0   0   0   0
    CTG   2   2   2   2   2   2 |     CCG   0   0   0   0   0   0 |     CAG   2   2   2   2   2   2 |     CGG   0   0   0   0   0   0
--------------------------------------------------------------------------------------------------------------------------------------
Ile ATT   2   2   2   2   2   2 | Thr ACT   1   1   1   1   1   1 | Asn AAT   9   9   9   8   8   8 | Ser AGT   1   2   0   1   1   1
    ATC   2   3   3   3   3   3 |     ACC   1   1   1   1   1   1 |     AAC   5   5   6   6   5   6 |     AGC   0   0   0   0   0   0
    ATA   0   0   0   0   0   0 |     ACA   0   0   0   0   0   0 | Lys AAA   1   1   1   1   1   1 | Arg AGA   0   0   0   0   0   0
Met ATG   1   1   1   1   1   1 |     ACG   0   0   0   0   0   0 |     AAG   2   2   2   2   2   2 |     AGG   2   2   2   2   2   2
--------------------------------------------------------------------------------------------------------------------------------------
Val GTT   1   1   2   1   1   1 | Ala GCT   1   0   1   1   1   1 | Asp GAT   4   4   4   4   4   4 | Gly GGT   1   0   1   1   0   0
    GTC   5   4   3   4   4   4 |     GCC   0   1   0   0   0   0 |     GAC   3   3   3   3   3   3 |     GGC   3   3   3   3   4   3
    GTA   0   0   0   0   0   0 |     GCA   1   1   2   1   2   2 | Glu GAA   0   0   0   0   0   0 |     GGA   3   3   3   3   3   3
    GTG   2   2   2   2   2   2 |     GCG   1   1   0   1   0   0 |     GAG   2   2   2   2   2   2 |     GGG   2   2   2   2   2   2
--------------------------------------------------------------------------------------------------------------------------------------

--------------------------------------------------------------------------------------------------------------------------------------
Phe TTT   0   0   0   0   1   0 | Ser TCT   2   2   2   2   2   2 | Tyr TAT   2   2   2   2   2   1 | Cys TGT   0   0   0   0   0   0
    TTC   1   1   1   1   0   1 |     TCC   0   0   0   0   0   0 |     TAC   3   3   3   3   3   4 |     TGC   0   0   0   0   0   0
Leu TTA   0   0   0   0   0   0 |     TCA   0   0   0   0   0   0 | *** TAA   0   0   0   0   0   0 | *** TGA   0   0   0   0   0   0
    TTG   1   1   1   1   1   1 |     TCG   1   1   1   1   1   1 |     TAG   0   0   0   0   0   0 | Trp TGG   1   1   1   1   1   1
--------------------------------------------------------------------------------------------------------------------------------------
Leu CTT   2   2   2   2   2   2 | Pro CCT   0   0   0   0   0   0 | His CAT   0   1   1   1   1   1 | Arg CGT   0   1   0   0   0   0
    CTC   1   1   1   1   1   1 |     CCC   3   3   3   3   3   3 |     CAC   4   3   3   3   3   3 |     CGC   1   1   1   1   1   1
    CTA   0   0   0   0   0   0 |     CCA   1   1   1   1   1   1 | Gln CAA   0   0   0   0   1   0 |     CGA   0   0   0   0   0   0
    CTG   2   2   2   2   2   2 |     CCG   0   0   0   0   0   0 |     CAG   2   2   2   2   1   2 |     CGG   0   0   0   0   0   0
--------------------------------------------------------------------------------------------------------------------------------------
Ile ATT   2   2   2   2   2   2 | Thr ACT   1   1   1   1   1   1 | Asn AAT   8   8   9   7  10   9 | Ser AGT   1   1   2   1   2   1
    ATC   3   3   2   3   3   3 |     ACC   1   1   1   1   1   1 |     AAC   6   6   5   7   4   5 |     AGC   0   0   0   0   0   0
    ATA   0   0   0   0   0   0 |     ACA   0   0   0   0   0   0 | Lys AAA   1   1   1   1   1   1 | Arg AGA   0   0   0   0   0   0
Met ATG   1   1   1   1   1   1 |     ACG   0   0   0   0   0   0 |     AAG   2   2   2   2   2   2 |     AGG   2   2   2   2   2   2
--------------------------------------------------------------------------------------------------------------------------------------
Val GTT   1   1   2   1   1   1 | Ala GCT   1   1   1   1   1   1 | Asp GAT   4   4   5   4   4   4 | Gly GGT   1   0   0   1   0   0
    GTC   4   4   3   4   4   4 |     GCC   0   0   1   0   0   0 |     GAC   3   3   2   3   3   3 |     GGC   3   3   3   3   3   4
    GTA   0   0   0   0   0   0 |     GCA   1   2   1   2   2   2 | Glu GAA   0   0   0   0   0   0 |     GGA   3   3   3   3   4   3
    GTG   2   2   2   2   2   2 |     GCG   1   0   1   0   0   0 |     GAG   2   2   2   2   2   2 |     GGG   2   2   2   2   1   2
--------------------------------------------------------------------------------------------------------------------------------------

--------------------------------------------------------------------------------------------------------------------------------------
Phe TTT   0   0   0   0   0   0 | Ser TCT   2   2   2   2   2   2 | Tyr TAT   1   2   1   2   2   2 | Cys TGT   0   0   0   0   0   0
    TTC   1   1   1   1   1   1 |     TCC   0   0   0   0   0   0 |     TAC   4   3   4   3   3   3 |     TGC   0   0   0   0   0   0
Leu TTA   0   0   0   0   0   0 |     TCA   0   0   1   0   0   0 | *** TAA   0   0   0   0   0   0 | *** TGA   0   0   0   0   0   0
    TTG   1   1   1   1   1   1 |     TCG   1   1   0   1   1   1 |     TAG   0   0   0   0   0   0 | Trp TGG   1   1   1   1   1   1
--------------------------------------------------------------------------------------------------------------------------------------
Leu CTT   2   2   2   2   2   2 | Pro CCT   1   0   0   0   0   1 | His CAT   1   1   1   1   1   1 | Arg CGT   1   0   0   0   0   0
    CTC   1   1   1   1   1   1 |     CCC   2   3   3   3   3   2 |     CAC   3   3   3   3   3   3 |     CGC   0   1   1   1   1   1
    CTA   0   0   0   0   0   0 |     CCA   1   1   1   1   1   1 | Gln CAA   0   0   0   0   0   0 |     CGA   0   0   0   0   0   0
    CTG   2   2   2   2   2   2 |     CCG   0   0   0   0   0   0 |     CAG   2   2   2   2   2   2 |     CGG   0   0   0   0   0   0
--------------------------------------------------------------------------------------------------------------------------------------
Ile ATT   2   2   2   2   2   2 | Thr ACT   1   1   1   1   1   1 | Asn AAT   9   8   8   8   9   9 | Ser AGT   1   1   1   1   1   1
    ATC   3   3   3   3   3   3 |     ACC   1   1   1   1   1   1 |     AAC   5   6   6   6   5   5 |     AGC   0   0   0   0   0   0
    ATA   0   0   0   0   0   0 |     ACA   0   0   0   0   0   0 | Lys AAA   1   1   1   1   1   1 | Arg AGA   0   0   0   0   0   0
Met ATG   1   1   1   1   1   1 |     ACG   0   0   0   0   0   0 |     AAG   2   2   2   2   2   2 |     AGG   2   2   2   2   2   2
--------------------------------------------------------------------------------------------------------------------------------------
Val GTT   1   1   1   1   1   1 | Ala GCT   1   1   1   0   1   1 | Asp GAT   4   4   4   4   3   4 | Gly GGT   1   1   1   1   1   1
    GTC   4   4   4   4   4   4 |     GCC   0   0   0   1   0   0 |     GAC   3   3   3   3   4   3 |     GGC   3   3   3   3   3   3
    GTA   0   0   0   0   0   0 |     GCA   2   1   1   1   1   1 | Glu GAA   0   0   0   0   0   0 |     GGA   3   2   3   3   3   4
    GTG   2   2   2   2   2   2 |     GCG   0   1   1   1   1   1 |     GAG   2   2   2   2   2   2 |     GGG   2   3   2   2   2   1
--------------------------------------------------------------------------------------------------------------------------------------

--------------------------------------------------------------------------------------------------------------------------------------
Phe TTT   0   0   0   0   0   0 | Ser TCT   2   2   2   2   2   2 | Tyr TAT   2   2   2   2   2   2 | Cys TGT   0   0   0   0   0   0
    TTC   1   1   1   1   1   1 |     TCC   0   0   0   0   0   0 |     TAC   3   3   3   3   3   3 |     TGC   0   0   0   0   0   0
Leu TTA   0   0   0   0   0   0 |     TCA   0   0   0   0   0   0 | *** TAA   0   0   0   0   0   0 | *** TGA   0   0   0   0   0   0
    TTG   1   1   1   1   1   1 |     TCG   1   1   1   1   1   0 |     TAG   0   0   0   0   0   0 | Trp TGG   1   1   1   1   1   1
--------------------------------------------------------------------------------------------------------------------------------------
Leu CTT   2   2   2   2   2   2 | Pro CCT   0   0   0   1   0   1 | His CAT   1   1   1   1   1   1 | Arg CGT   0   0   0   0   0   0
    CTC   1   1   1   1   1   1 |     CCC   3   3   3   2   3   2 |     CAC   3   3   3   3   3   3 |     CGC   1   1   1   1   1   1
    CTA   0   0   0   0   0   0 |     CCA   1   1   1   1   1   1 | Gln CAA   0   0   0   0   0   0 |     CGA   0   0   0   0   0   0
    CTG   2   2   2   2   2   2 |     CCG   0   0   0   0   0   0 |     CAG   2   2   2   2   2   2 |     CGG   0   0   0   0   0   0
--------------------------------------------------------------------------------------------------------------------------------------
Ile ATT   2   2   2   2   2   2 | Thr ACT   1   1   1   1   1   1 | Asn AAT   9   8   9   9   8   8 | Ser AGT   1   1   2   2   1   1
    ATC   2   3   2   3   3   4 |     ACC   1   1   1   1   1   1 |     AAC   5   6   5   5   6   6 |     AGC   0   0   0   0   0   0
    ATA   0   0   0   0   0   0 |     ACA   0   0   0   0   0   0 | Lys AAA   1   1   1   1   1   1 | Arg AGA   0   0   0   0   0   0
Met ATG   1   1   1   1   1   1 |     ACG   0   0   0   0   0   0 |     AAG   2   2   2   2   2   2 |     AGG   2   2   2   2   2   2
--------------------------------------------------------------------------------------------------------------------------------------
Val GTT   1   1   2   1   1   1 | Ala GCT   1   1   1   0   1   2 | Asp GAT   4   3   4   4   4   4 | Gly GGT   1   1   0   0   1   1
    GTC   5   4   4   4   4   3 |     GCC   0   0   0   1   0   0 |     GAC   3   4   3   3   3   3 |     GGC   3   3   3   3   3   3
    GTA   0   0   0   0   0   0 |     GCA   1   1   1   1   1   1 | Glu GAA   0   0   0   0   0   0 |     GGA   3   3   3   3   2   3
    GTG   2   2   2   2   2   2 |     GCG   1   1   1   1   1   1 |     GAG   2   2   2   2   2   2 |     GGG   2   2   2   2   3   2
--------------------------------------------------------------------------------------------------------------------------------------

--------------------------------------------------------------------------------------------------------------------------------------
Phe TTT   0   0   0   0   0   0 | Ser TCT   2   2   2   2   2   2 | Tyr TAT   2   2   1   2   2   2 | Cys TGT   0   0   0   0   0   0
    TTC   1   1   1   1   1   1 |     TCC   0   0   0   0   0   0 |     TAC   3   3   4   3   3   3 |     TGC   0   0   0   0   0   0
Leu TTA   0   0   0   0   0   0 |     TCA   0   0   0   1   0   0 | *** TAA   0   0   0   0   0   0 | *** TGA   0   0   0   0   0   0
    TTG   1   1   1   1   1   1 |     TCG   1   1   1   0   1   1 |     TAG   0   0   0   0   0   0 | Trp TGG   1   1   1   1   1   1
--------------------------------------------------------------------------------------------------------------------------------------
Leu CTT   2   2   2   2   2   2 | Pro CCT   0   0   0   0   0   0 | His CAT   1   1   1   1   1   1 | Arg CGT   0   0   0   0   1   1
    CTC   1   1   1   1   1   1 |     CCC   3   3   3   3   3   3 |     CAC   3   3   3   3   3   3 |     CGC   1   1   1   1   1   1
    CTA   0   0   0   0   0   0 |     CCA   1   1   1   1   1   1 | Gln CAA   0   0   0   0   0   0 |     CGA   0   0   0   0   0   0
    CTG   2   2   2   2   2   2 |     CCG   0   0   0   0   0   0 |     CAG   2   2   2   2   2   2 |     CGG   0   0   0   0   0   0
--------------------------------------------------------------------------------------------------------------------------------------
Ile ATT   2   3   2   2   2   2 | Thr ACT   1   1   1   1   1   1 | Asn AAT   8   6   8   8   8   8 | Ser AGT   2   2   1   2   1   1
    ATC   3   2   3   3   3   3 |     ACC   1   1   1   1   1   1 |     AAC   6   8   6   6   6   6 |     AGC   0   0   0   0   0   0
    ATA   0   0   0   0   0   0 |     ACA   0   0   0   0   0   0 | Lys AAA   1   1   1   2   1   1 | Arg AGA   0   0   0   0   0   0
Met ATG   1   1   1   1   1   1 |     ACG   0   0   0   0   0   0 |     AAG   2   2   2   1   2   2 |     AGG   2   2   2   2   2   2
--------------------------------------------------------------------------------------------------------------------------------------
Val GTT   1   1   2   1   1   1 | Ala GCT   1   1   1   1   1   1 | Asp GAT   4   4   4   3   4   4 | Gly GGT   0   0   1   0   0   0
    GTC   4   4   3   4   4   4 |     GCC   0   0   0   0   0   0 |     GAC   3   3   3   4   3   3 |     GGC   3   3   3   3   3   3
    GTA   0   0   0   0   0   0 |     GCA   1   1   1   1   2   2 | Glu GAA   0   0   0   0   0   0 |     GGA   3   3   4   3   3   3
    GTG   2   2   2   2   2   2 |     GCG   1   1   1   1   0   0 |     GAG   2   2   2   2   2   2 |     GGG   2   2   1   2   2   2
--------------------------------------------------------------------------------------------------------------------------------------

Codon position x base (3x4) table for each sequence.

#1: Argali         
position  1:    T:0.13253    C:0.19277    A:0.33735    G:0.33735
position  2:    T:0.24096    C:0.14458    A:0.44578    G:0.16867
position  3:    T:0.33735    C:0.36145    A:0.09639    G:0.20482
Average         T:0.23695    C:0.23293    A:0.29317    G:0.23695

#2: LesserMouseDeer
position  1:    T:0.10843    C:0.21687    A:0.33735    G:0.33735
position  2:    T:0.22892    C:0.14458    A:0.43373    G:0.19277
position  3:    T:0.34940    C:0.31325    A:0.12048    G:0.21687
Average         T:0.22892    C:0.22490    A:0.29719    G:0.24900

#3: LesserKudu     
position  1:    T:0.13253    C:0.20482    A:0.33735    G:0.32530
position  2:    T:0.24096    C:0.14458    A:0.44578    G:0.16867
position  3:    T:0.30120    C:0.39759    A:0.09639    G:0.20482
Average         T:0.22490    C:0.24900    A:0.29317    G:0.23293

#4: ForestMuskDeer2
position  1:    T:0.13253    C:0.19277    A:0.34940    G:0.32530
position  2:    T:0.24096    C:0.14458    A:0.44578    G:0.16867
position  3:    T:0.30120    C:0.39759    A:0.09639    G:0.20482
Average         T:0.22490    C:0.24498    A:0.29719    G:0.23293

#5: Camel          
position  1:    T:0.13253    C:0.19277    A:0.34940    G:0.32530
position  2:    T:0.25301    C:0.14458    A:0.44578    G:0.15663
position  3:    T:0.27711    C:0.42169    A:0.06024    G:0.24096
Average         T:0.22088    C:0.25301    A:0.28514    G:0.24096

#6: KillerWhale    
position  1:    T:0.13253    C:0.20482    A:0.33735    G:0.32530
position  2:    T:0.24096    C:0.14458    A:0.45783    G:0.15663
position  3:    T:0.30120    C:0.39759    A:0.12048    G:0.18072
Average         T:0.22490    C:0.24900    A:0.30522    G:0.22088

#7: DefassaWaterbuck
position  1:    T:0.13253    C:0.19277    A:0.33735    G:0.33735
position  2:    T:0.24096    C:0.14458    A:0.43373    G:0.18072
position  3:    T:0.30120    C:0.38554    A:0.07229    G:0.24096
Average         T:0.22490    C:0.24096    A:0.28112    G:0.25301

#8: Sheep          
position  1:    T:0.13253    C:0.19277    A:0.33735    G:0.33735
position  2:    T:0.24096    C:0.14458    A:0.44578    G:0.16867
position  3:    T:0.34940    C:0.34940    A:0.09639    G:0.20482
Average         T:0.24096    C:0.22892    A:0.29317    G:0.23695

#9: MaxwellsDuiker 
position  1:    T:0.13253    C:0.19277    A:0.33735    G:0.33735
position  2:    T:0.24096    C:0.14458    A:0.44578    G:0.16867
position  3:    T:0.32530    C:0.36145    A:0.09639    G:0.21687
Average         T:0.23293    C:0.23293    A:0.29317    G:0.24096

#10: GazellaPrzewalskyi
position  1:    T:0.13253    C:0.19277    A:0.33735    G:0.33735
position  2:    T:0.25301    C:0.14458    A:0.44578    G:0.15663
position  3:    T:0.32530    C:0.37349    A:0.07229    G:0.22892
Average         T:0.23695    C:0.23695    A:0.28514    G:0.24096

#11: MountainNyala  
position  1:    T:0.13253    C:0.20482    A:0.33735    G:0.32530
position  2:    T:0.24096    C:0.14458    A:0.45783    G:0.15663
position  3:    T:0.32530    C:0.37349    A:0.09639    G:0.20482
Average         T:0.23293    C:0.24096    A:0.29719    G:0.22892

#12: MuntiacusMuntjak
position  1:    T:0.13253    C:0.19277    A:0.33735    G:0.33735
position  2:    T:0.24096    C:0.14458    A:0.44578    G:0.16867
position  3:    T:0.33735    C:0.36145    A:0.07229    G:0.22892
Average         T:0.23695    C:0.23293    A:0.28514    G:0.24498

#13: goat           
position  1:    T:0.13253    C:0.19277    A:0.33735    G:0.33735
position  2:    T:0.24096    C:0.14458    A:0.44578    G:0.16867
position  3:    T:0.31325    C:0.38554    A:0.08434    G:0.21687
Average         T:0.22892    C:0.24096    A:0.28916    G:0.24096

#14: AfricanBuffalo 
position  1:    T:0.13253    C:0.19277    A:0.33735    G:0.33735
position  2:    T:0.24096    C:0.14458    A:0.44578    G:0.16867
position  3:    T:0.32530    C:0.37349    A:0.06024    G:0.24096
Average         T:0.23293    C:0.23695    A:0.28112    G:0.24900

#15: Topi           
position  1:    T:0.13253    C:0.19277    A:0.33735    G:0.33735
position  2:    T:0.24096    C:0.14458    A:0.44578    G:0.16867
position  3:    T:0.30120    C:0.39759    A:0.08434    G:0.21687
Average         T:0.22490    C:0.24498    A:0.28916    G:0.24096

#16: CommonDuiker   
position  1:    T:0.13253    C:0.19277    A:0.33735    G:0.33735
position  2:    T:0.24096    C:0.14458    A:0.44578    G:0.16867
position  3:    T:0.30120    C:0.39759    A:0.08434    G:0.21687
Average         T:0.22490    C:0.24498    A:0.28916    G:0.24096

#17: Suni           
position  1:    T:0.13253    C:0.19277    A:0.33735    G:0.33735
position  2:    T:0.24096    C:0.14458    A:0.44578    G:0.16867
position  3:    T:0.34940    C:0.34940    A:0.07229    G:0.22892
Average         T:0.24096    C:0.22892    A:0.28514    G:0.24498

#18: Springbuck     
position  1:    T:0.13253    C:0.19277    A:0.33735    G:0.33735
position  2:    T:0.24096    C:0.14458    A:0.44578    G:0.16867
position  3:    T:0.31325    C:0.38554    A:0.08434    G:0.21687
Average         T:0.22892    C:0.24096    A:0.28916    G:0.24096

#19: Okapi          
position  1:    T:0.13253    C:0.19277    A:0.33735    G:0.33735
position  2:    T:0.24096    C:0.14458    A:0.44578    G:0.16867
position  3:    T:0.33735    C:0.36145    A:0.07229    G:0.22892
Average         T:0.23695    C:0.23293    A:0.28514    G:0.24498

#20: Giraffe        
position  1:    T:0.13253    C:0.19277    A:0.34940    G:0.32530
position  2:    T:0.24096    C:0.14458    A:0.44578    G:0.16867
position  3:    T:0.34940    C:0.36145    A:0.07229    G:0.21687
Average         T:0.24096    C:0.23293    A:0.28916    G:0.23695

#21: TibetanAntelope
position  1:    T:0.13253    C:0.18072    A:0.33735    G:0.34940
position  2:    T:0.24096    C:0.14458    A:0.44578    G:0.16867
position  3:    T:0.30120    C:0.38554    A:0.09639    G:0.21687
Average         T:0.22490    C:0.23695    A:0.29317    G:0.24498

#22: Sitatunga      
position  1:    T:0.13253    C:0.20482    A:0.33735    G:0.32530
position  2:    T:0.24096    C:0.14458    A:0.45783    G:0.15663
position  3:    T:0.32530    C:0.37349    A:0.09639    G:0.20482
Average         T:0.23293    C:0.24096    A:0.29719    G:0.22892

#23: Oribi          
position  1:    T:0.13253    C:0.19277    A:0.33735    G:0.33735
position  2:    T:0.24096    C:0.14458    A:0.44578    G:0.16867
position  3:    T:0.33735    C:0.36145    A:0.07229    G:0.22892
Average         T:0.23695    C:0.23293    A:0.28514    G:0.24498

#24: BarbarySheep   
position  1:    T:0.14458    C:0.18072    A:0.33735    G:0.33735
position  2:    T:0.24096    C:0.14458    A:0.44578    G:0.16867
position  3:    T:0.32530    C:0.37349    A:0.08434    G:0.21687
Average         T:0.23695    C:0.23293    A:0.28916    G:0.24096

#25: Daviddeer      
position  1:    T:0.13253    C:0.19277    A:0.32530    G:0.34940
position  2:    T:0.24096    C:0.14458    A:0.44578    G:0.16867
position  3:    T:0.32530    C:0.37349    A:0.07229    G:0.22892
Average         T:0.23293    C:0.23695    A:0.28112    G:0.24900

#26: Reindeer       
position  1:    T:0.13253    C:0.19277    A:0.34940    G:0.32530
position  2:    T:0.24096    C:0.14458    A:0.44578    G:0.16867
position  3:    T:0.32530    C:0.37349    A:0.07229    G:0.22892
Average         T:0.23293    C:0.23695    A:0.28916    G:0.24096

#27: Ibex           
position  1:    T:0.13253    C:0.19277    A:0.33735    G:0.33735
position  2:    T:0.24096    C:0.14458    A:0.45783    G:0.15663
position  3:    T:0.31325    C:0.38554    A:0.08434    G:0.21687
Average         T:0.22892    C:0.24096    A:0.29317    G:0.23695

#28: GyrantGazelle  
position  1:    T:0.13253    C:0.19277    A:0.33735    G:0.33735
position  2:    T:0.24096    C:0.14458    A:0.44578    G:0.16867
position  3:    T:0.31325    C:0.38554    A:0.07229    G:0.22892
Average         T:0.22892    C:0.24096    A:0.28514    G:0.24498

#29: Hartebeest     
position  1:    T:0.13253    C:0.20482    A:0.32530    G:0.33735
position  2:    T:0.24096    C:0.14458    A:0.44578    G:0.16867
position  3:    T:0.30120    C:0.39759    A:0.08434    G:0.21687
Average         T:0.22490    C:0.24900    A:0.28514    G:0.24096

#30: Bongo          
position  1:    T:0.13253    C:0.20482    A:0.33735    G:0.32530
position  2:    T:0.24096    C:0.14458    A:0.44578    G:0.16867
position  3:    T:0.31325    C:0.38554    A:0.08434    G:0.21687
Average         T:0.22892    C:0.24498    A:0.28916    G:0.23695

#31: Gerenuk        
position  1:    T:0.13253    C:0.19277    A:0.33735    G:0.33735
position  2:    T:0.24096    C:0.14458    A:0.44578    G:0.16867
position  3:    T:0.30120    C:0.39759    A:0.07229    G:0.22892
Average         T:0.22490    C:0.24498    A:0.28514    G:0.24498

#32: CommonEland    
position  1:    T:0.13253    C:0.20482    A:0.33735    G:0.32530
position  2:    T:0.24096    C:0.14458    A:0.44578    G:0.16867
position  3:    T:0.31325    C:0.38554    A:0.08434    G:0.21687
Average         T:0.22892    C:0.24498    A:0.28916    G:0.23695

#33: MuntiacusReevesi
position  1:    T:0.13253    C:0.19277    A:0.33735    G:0.33735
position  2:    T:0.22892    C:0.15663    A:0.44578    G:0.16867
position  3:    T:0.34940    C:0.34940    A:0.07229    G:0.22892
Average         T:0.23695    C:0.23293    A:0.28514    G:0.24498

#34: HarveysDuiker  
position  1:    T:0.13253    C:0.19277    A:0.33735    G:0.33735
position  2:    T:0.24096    C:0.14458    A:0.44578    G:0.16867
position  3:    T:0.30120    C:0.39759    A:0.08434    G:0.21687
Average         T:0.22490    C:0.24498    A:0.28916    G:0.24096

#35: Pronghorn      
position  1:    T:0.13253    C:0.19277    A:0.34940    G:0.32530
position  2:    T:0.24096    C:0.14458    A:0.44578    G:0.16867
position  3:    T:0.34940    C:0.34940    A:0.10843    G:0.19277
Average         T:0.24096    C:0.22892    A:0.30120    G:0.22892

#36: BlueWildebeest 
position  1:    T:0.13253    C:0.19277    A:0.33735    G:0.33735
position  2:    T:0.24096    C:0.14458    A:0.44578    G:0.16867
position  3:    T:0.30120    C:0.39759    A:0.08434    G:0.21687
Average         T:0.22490    C:0.24498    A:0.28916    G:0.24096

#37: Gemsbok        
position  1:    T:0.13253    C:0.19277    A:0.33735    G:0.33735
position  2:    T:0.24096    C:0.14458    A:0.44578    G:0.16867
position  3:    T:0.33735    C:0.36145    A:0.08434    G:0.21687
Average         T:0.23695    C:0.23293    A:0.28916    G:0.24096

#38: Yak            
position  1:    T:0.13253    C:0.19277    A:0.33735    G:0.33735
position  2:    T:0.24096    C:0.14458    A:0.44578    G:0.16867
position  3:    T:0.31325    C:0.38554    A:0.06024    G:0.24096
Average         T:0.22892    C:0.24096    A:0.28112    G:0.24900

#39: BlueSheep      
position  1:    T:0.13253    C:0.19277    A:0.33735    G:0.33735
position  2:    T:0.24096    C:0.14458    A:0.44578    G:0.16867
position  3:    T:0.30120    C:0.39759    A:0.08434    G:0.21687
Average         T:0.22490    C:0.24498    A:0.28916    G:0.24096

#40: BohorReedbuck  
position  1:    T:0.13253    C:0.19277    A:0.33735    G:0.33735
position  2:    T:0.24096    C:0.14458    A:0.44578    G:0.16867
position  3:    T:0.30120    C:0.39759    A:0.07229    G:0.22892
Average         T:0.22490    C:0.24498    A:0.28514    G:0.24498

#41: KirksDik       
position  1:    T:0.13253    C:0.19277    A:0.33735    G:0.33735
position  2:    T:0.24096    C:0.14458    A:0.44578    G:0.16867
position  3:    T:0.31325    C:0.38554    A:0.07229    G:0.22892
Average         T:0.22892    C:0.24096    A:0.28514    G:0.24498

#42: RoeDeer        
position  1:    T:0.13253    C:0.19277    A:0.33735    G:0.33735
position  2:    T:0.24096    C:0.14458    A:0.44578    G:0.16867
position  3:    T:0.33735    C:0.36145    A:0.08434    G:0.21687
Average         T:0.23695    C:0.23293    A:0.28916    G:0.24096

#43: WhiteLippedDeer
position  1:    T:0.13253    C:0.19277    A:0.32530    G:0.34940
position  2:    T:0.24096    C:0.14458    A:0.44578    G:0.16867
position  3:    T:0.32530    C:0.37349    A:0.07229    G:0.22892
Average         T:0.23293    C:0.23695    A:0.28112    G:0.24900

#44: ThomsonGazelle 
position  1:    T:0.13253    C:0.19277    A:0.33735    G:0.33735
position  2:    T:0.24096    C:0.14458    A:0.44578    G:0.16867
position  3:    T:0.30120    C:0.39759    A:0.07229    G:0.22892
Average         T:0.22490    C:0.24498    A:0.28514    G:0.24498

#45: MuntiacusCrinifrons
position  1:    T:0.13253    C:0.19277    A:0.33735    G:0.33735
position  2:    T:0.24096    C:0.14458    A:0.44578    G:0.16867
position  3:    T:0.33735    C:0.36145    A:0.07229    G:0.22892
Average         T:0.23695    C:0.23293    A:0.28514    G:0.24498

#46: WhiteTailedDeer
position  1:    T:0.13253    C:0.19277    A:0.34940    G:0.32530
position  2:    T:0.24096    C:0.14458    A:0.44578    G:0.16867
position  3:    T:0.32530    C:0.37349    A:0.07229    G:0.22892
Average         T:0.23293    C:0.23695    A:0.28916    G:0.24096

#47: Cattle         
position  1:    T:0.13253    C:0.19277    A:0.33735    G:0.33735
position  2:    T:0.24096    C:0.14458    A:0.44578    G:0.16867
position  3:    T:0.31325    C:0.38554    A:0.06024    G:0.24096
Average         T:0.22892    C:0.24096    A:0.28112    G:0.24900

#48: RoyalAntelope  
position  1:    T:0.12048    C:0.19277    A:0.34940    G:0.33735
position  2:    T:0.24096    C:0.14458    A:0.44578    G:0.16867
position  3:    T:0.33735    C:0.37349    A:0.07229    G:0.21687
Average         T:0.23293    C:0.23695    A:0.28916    G:0.24096

#49: Steenbok       
position  1:    T:0.13253    C:0.19277    A:0.34940    G:0.32530
position  2:    T:0.24096    C:0.14458    A:0.44578    G:0.16867
position  3:    T:0.31325    C:0.38554    A:0.07229    G:0.22892
Average         T:0.22892    C:0.24096    A:0.28916    G:0.24096

#50: Impala         
position  1:    T:0.13253    C:0.19277    A:0.34940    G:0.32530
position  2:    T:0.24096    C:0.14458    A:0.44578    G:0.16867
position  3:    T:0.30120    C:0.39759    A:0.07229    G:0.22892
Average         T:0.22490    C:0.24498    A:0.28916    G:0.24096

#51: Klipspringer   
position  1:    T:0.13253    C:0.19277    A:0.33735    G:0.33735
position  2:    T:0.24096    C:0.14458    A:0.44578    G:0.16867
