1
52 1
Argali 0.000000 0.255400 0.027300 0.115700 0.067900 0.000000 0.054100 0.026700 0.055500 0.055000 0.013500 0.068500 0.013400 0.026900 0.056800 0.040500 0.013500 0.041500 0.000000 0.041200 0.040200 0.054800 0.112700 0.055100 0.013500 0.000200 0.000000 0.041200 0.000200 0.055200 0.111700 0.027000 0.097200 0.000000 0.054200 0.084600 0.027300 0.068600 0.000100 0.055900 0.127100 0.000200 0.055000 0.085000 0.083900 0.000100 0.013500 0.055300 0.026500 0.069000 0.055500 0.041400
LesserMous 0.255400 0.000000 0.292200 0.323400 0.302700 0.256100 0.287300 0.252800 0.327500 0.290500 0.273300 0.341700 0.239600 0.288800 0.333800 0.305300 0.274100 0.308900 0.256100 0.309300 0.304200 0.308000 0.381100 0.327000 0.273300 0.256400 0.256100 0.309300 0.255800 0.326400 0.357500 0.303100 0.340400 0.256100 0.286700 0.369900 0.290900 0.304900 0.262600 0.328100 0.361500 0.253700 0.290500 0.367500 0.366900 0.256400 0.273900 0.329200 0.299300 0.288500 0.327500 0.310200
LesserKudu 0.027300 0.292200 0.000000 0.132100 0.097600 0.027300 0.083300 0.054800 0.027100 0.084600 0.041400 0.040200 0.041100 0.055200 0.087500 0.069200 0.041500 0.071100 0.027300 0.013400 0.068800 0.084000 0.144800 0.084800 0.041400 0.027400 0.027300 0.013400 0.027300 0.027000 0.143500 0.055500 0.128400 0.027300 0.083200 0.055000 0.055800 0.098500 0.027800 0.086100 0.159700 0.027100 0.084600 0.116200 0.054600 0.027400 0.041300 0.084800 0.054400 0.099300 0.027100 0.013500
KillerWhal 0.115700 0.323400 0.132100 0.000000 0.160200 0.116000 0.176100 0.145000 0.132200 0.147100 0.101100 0.176100 0.130700 0.146300 0.186700 0.161400 0.101600 0.129100 0.116000 0.147500 0.160100 0.147000 0.211000 0.147400 0.101100 0.115900 0.116000 0.147500 0.115600 0.163400 0.209400 0.146900 0.227700 0.116000 0.145200 0.196900 0.117100 0.161900 0.117700 0.149800 0.226600 0.114500 0.147100 0.182700 0.195400 0.115900 0.131400 0.148400 0.143700 0.192300 0.132200 0.117000
DefassaWat 0.067900 0.302700 0.097600 0.160200 0.000000 0.068100 0.124200 0.095300 0.097700 0.096900 0.054300 0.140200 0.081900 0.096100 0.130600 0.110300 0.054300 0.083500 0.068100 0.112100 0.109500 0.096500 0.156200 0.097200 0.054300 0.068000 0.068100 0.112100 0.067900 0.126900 0.154900 0.110500 0.170600 0.068100 0.095500 0.158500 0.068700 0.000000 0.082500 0.098400 0.170900 0.067500 0.096900 0.128600 0.157300 0.068000 0.082400 0.097600 0.094800 0.140700 0.097700 0.083300
Sheep 0.000000 0.256100 0.027300 0.116000 0.068100 0.000000 0.054200 0.026700 0.055400 0.055100 0.013500 0.068600 0.013400 0.026900 0.057000 0.040600 0.013500 0.041600 0.000000 0.041200 0.040300 0.054700 0.113000 0.055200 0.012900 0.000100 0.000000 0.041200 0.000100 0.055400 0.112100 0.027100 0.097400 0.000000 0.054200 0.084500 0.027300 0.068800 0.000100 0.056000 0.127400 0.000100 0.055100 0.085200 0.083800 0.000100 0.013500 0.055300 0.026600 0.069200 0.055400 0.041400
MaxwellsDu 0.054100 0.287300 0.083300 0.176100 0.124200 0.054200 0.000000 0.081300 0.112900 0.111600 0.068400 0.125500 0.068000 0.026600 0.115100 0.095800 0.068400 0.098100 0.054200 0.097800 0.067300 0.111100 0.141500 0.111800 0.068400 0.054100 0.054200 0.097800 0.054000 0.112400 0.170600 0.026600 0.125100 0.054200 0.081500 0.143800 0.082900 0.125400 0.054900 0.113300 0.156100 0.053600 0.111600 0.143500 0.142700 0.054100 0.068300 0.112300 0.080800 0.096900 0.112900 0.098100
GazellaPrz 0.026700 0.252800 0.054800 0.145000 0.095300 0.026700 0.081300 0.000000 0.083400 0.082600 0.040500 0.096100 0.040200 0.054000 0.085400 0.067600 0.040500 0.069300 0.026700 0.068800 0.067200 0.082400 0.141200 0.082800 0.040500 0.026700 0.026700 0.068800 0.026700 0.083000 0.140000 0.054100 0.125400 0.026700 0.081500 0.113100 0.054700 0.096300 0.027100 0.083900 0.155800 0.026500 0.082600 0.113600 0.112200 0.026700 0.040500 0.083200 0.053200 0.096700 0.083400 0.069100
MountainNy 0.055500 0.327500 0.027100 0.132200 0.097700 0.055400 0.112900 0.083400 0.000000 0.084700 0.041400 0.068000 0.069500 0.084000 0.118600 0.098300 0.041500 0.071100 0.055400 0.013400 0.068700 0.084100 0.145000 0.084900 0.041400 0.055600 0.055400 0.013400 0.055500 0.027000 0.143700 0.084600 0.159700 0.055400 0.083300 0.083800 0.055800 0.098700 0.056400 0.086200 0.159900 0.055000 0.084700 0.116400 0.083100 0.055600 0.069900 0.084900 0.082800 0.129800 0.000000 0.013500
MuntiacusM 0.055000 0.290500 0.084600 0.147100 0.096900 0.055100 0.111600 0.082600 0.084700 0.000000 0.041200 0.127200 0.069000 0.083300 0.117600 0.097700 0.041200 0.070500 0.055100 0.099200 0.096800 0.083700 0.082900 0.027100 0.041200 0.055100 0.055100 0.099200 0.054900 0.114100 0.053800 0.083600 0.158200 0.055100 0.082800 0.145800 0.055600 0.097900 0.055900 0.027400 0.068200 0.054500 0.000000 0.055700 0.144700 0.055100 0.054600 0.070100 0.082200 0.113100 0.084700 0.070300
goat 0.013500 0.273300 0.041400 0.101100 0.054300 0.013500 0.068400 0.040500 0.041400 0.041200 0.000000 0.083100 0.027000 0.040800 0.072000 0.054700 0.000100 0.027700 0.013500 0.055400 0.054300 0.040900 0.098500 0.041300 0.000000 0.013500 0.013500 0.055400 0.013500 0.069900 0.097700 0.041000 0.112500 0.013500 0.040500 0.099500 0.013600 0.054800 0.013700 0.041900 0.112900 0.013400 0.041200 0.070900 0.098700 0.013500 0.027200 0.041300 0.040300 0.083800 0.041400 0.027500
AfricanBuf 0.068500 0.341700 0.040200 0.176100 0.140200 0.068600 0.125500 0.096100 0.068000 0.127200 0.083100 0.000000 0.082600 0.097100 0.131300 0.110900 0.083100 0.113600 0.068600 0.054000 0.110600 0.126700 0.189000 0.127500 0.083100 0.068500 0.068600 0.054000 0.068400 0.067700 0.187300 0.111900 0.172100 0.068600 0.125500 0.039900 0.098000 0.141200 0.083500 0.129200 0.204200 0.067800 0.127200 0.160100 0.039600 0.068500 0.083100 0.128000 0.095500 0.142300 0.068000 0.054100
Topi 0.013400 0.239600 0.041100 0.130700 0.081900 0.013400 0.068000 0.040200 0.069500 0.069000 0.027000 0.082600 0.000000 0.040500 0.071300 0.054200 0.027100 0.055600 0.013400 0.055100 0.053900 0.068500 0.127500 0.069200 0.027000 0.013400 0.013400 0.055100 0.013400 0.069400 0.126300 0.040800 0.111700 0.013400 0.067900 0.098900 0.041000 0.082700 0.013600 0.070200 0.142000 0.013200 0.069000 0.099500 0.098100 0.013400 0.027000 0.069200 0.040000 0.083300 0.069500 0.055300
CommonDuik 0.026900 0.288800 0.055200 0.146300 0.096100 0.026900 0.026600 0.054000 0.084000 0.083300 0.040800 0.097100 0.040500 0.000000 0.086100 0.068200 0.040900 0.069900 0.026900 0.069400 0.067900 0.082700 0.142700 0.083500 0.040800 0.027000 0.026900 0.069400 0.026900 0.083900 0.141400 0.000000 0.096700 0.026900 0.082000 0.114000 0.054900 0.097100 0.027400 0.084700 0.157400 0.026700 0.083300 0.114400 0.113100 0.027000 0.040700 0.083600 0.053600 0.097900 0.084000 0.069600
Suni 0.056800 0.333800 0.087500 0.186700 0.130600 0.057000 0.115100 0.085400 0.118600 0.117600 0.072000 0.131300 0.071300 0.086100 0.000000 0.085600 0.072000 0.103800 0.057000 0.102600 0.099900 0.086200 0.180700 0.117800 0.072000 0.056900 0.057000 0.102600 0.056800 0.118000 0.179300 0.086400 0.163100 0.057000 0.115700 0.150400 0.087500 0.131900 0.057800 0.119600 0.196300 0.056200 0.117600 0.152100 0.149200 0.056900 0.071700 0.118300 0.084800 0.132500 0.118600 0.103200
Springbuck 0.040500 0.305300 0.069200 0.161400 0.110300 0.040600 0.095800 0.067600 0.098300 0.097700 0.054700 0.110900 0.054200 0.068200 0.085600 0.000000 0.054700 0.084100 0.040600 0.083400 0.081500 0.097200 0.157300 0.097900 0.054700 0.040500 0.040600 0.083400 0.040500 0.097900 0.156100 0.068300 0.140900 0.040600 0.096300 0.128500 0.069200 0.111400 0.041100 0.099100 0.172200 0.040100 0.097700 0.129700 0.127600 0.040500 0.054600 0.098300 0.067300 0.111700 0.098300 0.083900
Okapi 0.013500 0.274100 0.041500 0.101600 0.054300 0.013500 0.068400 0.040500 0.041500 0.041200 0.000100 0.083100 0.027100 0.040900 0.072000 0.054700 0.000000 0.027700 0.013500 0.055600 0.054200 0.041000 0.098500 0.041300 0.000100 0.013500 0.013500 0.055600 0.013500 0.069900 0.097600 0.041000 0.112600 0.013500 0.040600 0.099800 0.013600 0.054800 0.013700 0.041900 0.112800 0.013400 0.041200 0.070800 0.099100 0.013500 0.027300 0.041400 0.040300 0.083800 0.041500 0.027600
Giraffe 0.041500 0.308900 0.071100 0.129100 0.083500 0.041600 0.098100 0.069300 0.071100 0.070500 0.027700 0.113600 0.055600 0.069900 0.103800 0.084100 0.027700 0.000000 0.041600 0.085700 0.083400 0.070200 0.129800 0.070600 0.027700 0.041500 0.041600 0.085700 0.041400 0.100500 0.128700 0.070200 0.144800 0.041600 0.069500 0.131700 0.042000 0.084400 0.042200 0.071700 0.144500 0.041100 0.070500 0.101900 0.130700 0.041600 0.055900 0.070900 0.068800 0.084800 0.071100 0.056700
TibetanAnt 0.000000 0.256100 0.027300 0.116000 0.068100 0.000000 0.054200 0.026700 0.055400 0.055100 0.013500 0.068600 0.013400 0.026900 0.057000 0.040600 0.013500 0.041600 0.000000 0.041200 0.040300 0.054700 0.113000 0.055200 0.013500 0.000100 0.000000 0.041200 0.000100 0.055400 0.112100 0.027100 0.097400 0.000000 0.054200 0.084500 0.027300 0.068800 0.000100 0.056000 0.127400 0.000100 0.055100 0.085200 0.083800 0.000100 0.013500 0.055300 0.026600 0.069200 0.055400 0.041400
Sitatunga 0.041200 0.309300 0.013400 0.147500 0.112100 0.041200 0.097800 0.068800 0.013400 0.099200 0.055400 0.054000 0.055100 0.069400 0.102600 0.083400 0.055600 0.085700 0.041200 0.000000 0.054500 0.098500 0.160300 0.099400 0.055400 0.041300 0.041200 0.000000 0.041200 0.013400 0.158800 0.069800 0.143700 0.041200 0.097600 0.069200 0.070000 0.113200 0.041900 0.100900 0.175300 0.040800 0.099200 0.131400 0.068700 0.041300 0.055300 0.099500 0.068400 0.114300 0.012700 0.027100
Oribi 0.040200 0.304200 0.068800 0.160100 0.109500 0.040300 0.067300 0.067200 0.068700 0.096800 0.054300 0.110600 0.053900 0.067900 0.099900 0.081500 0.054200 0.083400 0.040300 0.054500 0.000000 0.096500 0.126300 0.097100 0.054300 0.040300 0.040300 0.054500 0.040200 0.068400 0.155000 0.068100 0.140200 0.040300 0.095600 0.128200 0.068600 0.110600 0.040800 0.098400 0.140700 0.039900 0.096800 0.128200 0.127200 0.040300 0.054200 0.097500 0.066800 0.111300 0.068700 0.083400
BarbaryShe 0.054800 0.308000 0.084000 0.147000 0.096500 0.054700 0.111100 0.082400 0.084100 0.083700 0.040900 0.126700 0.068500 0.082700 0.086200 0.097200 0.041000 0.070200 0.054700 0.098500 0.096500 0.000000 0.143000 0.083900 0.040900 0.054800 0.054700 0.098500 0.054700 0.113600 0.141900 0.083300 0.157400 0.054700 0.082200 0.144500 0.055200 0.097500 0.055700 0.085100 0.157800 0.054300 0.083700 0.115200 0.143400 0.054900 0.068900 0.084000 0.081900 0.127600 0.084100 0.069700
Daviddeer 0.112700 0.381100 0.144800 0.211000 0.156200 0.113000 0.141500 0.141200 0.145000 0.082900 0.098500 0.189000 0.127500 0.142700 0.180700 0.157300 0.098500 0.129800 0.113000 0.160300 0.126300 0.143000 0.000000 0.083100 0.098500 0.112900 0.113000 0.160300 0.112600 0.175900 0.140500 0.143000 0.222200 0.113000 0.141600 0.194000 0.113900 0.157700 0.114600 0.084200 0.013000 0.111600 0.082900 0.113900 0.192400 0.112900 0.112100 0.129400 0.140700 0.190200 0.145000 0.129700
Reindeer 0.055100 0.327000 0.084800 0.147400 0.097200 0.055200 0.111800 0.082800 0.084900 0.027100 0.041300 0.127500 0.069200 0.083500 0.117800 0.097900 0.041300 0.070600 0.055200 0.099400 0.097100 0.083900 0.083100 0.000000 0.041300 0.055200 0.055200 0.099400 0.055100 0.114300 0.082500 0.083700 0.158600 0.055200 0.083000 0.146100 0.055700 0.098100 0.056000 0.027400 0.097200 0.054600 0.027100 0.027400 0.145000 0.055200 0.054800 0.070300 0.082400 0.128300 0.084900 0.070400
Ibex 0.013500 0.273300 0.041400 0.101100 0.054300 0.012900 0.068400 0.040500 0.041400 0.041200 0.000000 0.083100 0.027000 0.040800 0.072000 0.054700 0.000100 0.027700 0.013500 0.055400 0.054300 0.040900 0.098500 0.041300 0.000000 0.013500 0.013500 0.055400 0.013500 0.069900 0.097700 0.041000 0.112500 0.013500 0.040500 0.099500 0.013600 0.054800 0.013700 0.041900 0.112900 0.013400 0.041200 0.070900 0.098700 0.013500 0.027200 0.041300 0.040300 0.083800 0.041400 0.027500
GyrantGaze 0.000200 0.256400 0.027400 0.115900 0.068000 0.000100 0.054100 0.026700 0.055600 0.055100 0.013500 0.068500 0.013400 0.027000 0.056900 0.040500 0.013500 0.041500 0.000100 0.041300 0.040300 0.054800 0.112900 0.055200 0.013500 0.000000 0.000100 0.041300 0.000100 0.055300 0.111900 0.027100 0.097300 0.000100 0.054300 0.084700 0.027300 0.068700 0.000200 0.055900 0.127300 0.000100 0.055100 0.085100 0.084000 0.000100 0.013500 0.055400 0.026600 0.069000 0.055600 0.041500
Hartebeest 0.000000 0.256100 0.027300 0.116000 0.068100 0.000000 0.054200 0.026700 0.055400 0.055100 0.013500 0.068600 0.013400 0.026900 0.057000 0.040600 0.013500 0.041600 0.000000 0.041200 0.040300 0.054700 0.113000 0.055200 0.013500 0.000100 0.000000 0.041200 0.000100 0.055400 0.112100 0.027100 0.097400 0.000000 0.054200 0.084500 0.027300 0.068800 0.000100 0.056000 0.127400 0.000100 0.055100 0.085200 0.083800 0.000100 0.013500 0.055300 0.026600 0.069200 0.055400 0.041400
Bongo 0.041200 0.309300 0.013400 0.147500 0.112100 0.041200 0.097800 0.068800 0.013400 0.099200 0.055400 0.054000 0.055100 0.069400 0.102600 0.083400 0.055600 0.085700 0.041200 0.000000 0.054500 0.098500 0.160300 0.099400 0.055400 0.041300 0.041200 0.000000 0.041200 0.013400 0.158800 0.069800 0.143700 0.041200 0.097600 0.069200 0.070000 0.113200 0.041900 0.100900 0.175300 0.040800 0.099200 0.131400 0.068700 0.041300 0.055300 0.099500 0.068400 0.114300 0.013400 0.027100
Gerenuk 0.000200 0.255800 0.027300 0.115600 0.067900 0.000100 0.054000 0.026700 0.055500 0.054900 0.013500 0.068400 0.013400 0.026900 0.056800 0.040500 0.013500 0.041400 0.000100 0.041200 0.040200 0.054700 0.112600 0.055100 0.013500 0.000100 0.000100 0.041200 0.000000 0.055200 0.111700 0.027000 0.097100 0.000100 0.054200 0.084500 0.027300 0.068600 0.000200 0.055800 0.127000 0.000100 0.054900 0.085000 0.083900 0.000100 0.013500 0.055300 0.026500 0.068900 0.055500 0.041400
CommonElan 0.055200 0.326400 0.027000 0.163400 0.126900 0.055400 0.112400 0.083000 0.027000 0.114100 0.069900 0.067700 0.069400 0.083900 0.118000 0.097900 0.069900 0.100500 0.055400 0.013400 0.068400 0.113600 0.175900 0.114300 0.069900 0.055300 0.055400 0.013400 0.055200 0.000000 0.174300 0.084200 0.159000 0.055400 0.112600 0.083700 0.084800 0.128100 0.056100 0.116000 0.191100 0.054700 0.114100 0.147000 0.083100 0.055300 0.069800 0.114800 0.082500 0.129200 0.027000 0.040900
MuntiacusR 0.111700 0.357500 0.143500 0.209400 0.154900 0.112100 0.170600 0.140000 0.143700 0.053800 0.097700 0.187300 0.126300 0.141400 0.179300 0.156100 0.097600 0.128700 0.112100 0.158800 0.155000 0.141900 0.140500 0.082500 0.097700 0.111900 0.112100 0.158800 0.111700 0.174300 0.000000 0.141700 0.220200 0.112100 0.140400 0.192200 0.113000 0.156400 0.113600 0.083500 0.124800 0.110700 0.053800 0.113100 0.173800 0.112000 0.111100 0.128400 0.139300 0.142000 0.143700 0.128600
HarveysDui 0.027000 0.303100 0.055500 0.146900 0.110500 0.027100 0.026600 0.054100 0.084600 0.083600 0.041000 0.111900 0.040800 0.000000 0.086400 0.068300 0.041000 0.070200 0.027100 0.069800 0.068100 0.083300 0.143000 0.083700 0.041000 0.027100 0.027100 0.069800 0.027000 0.084200 0.141700 0.000000 0.097000 0.027100 0.082500 0.114700 0.055300 0.097400 0.041200 0.085000 0.157700 0.038800 0.083600 0.114700 0.113800 0.027100 0.041000 0.084100 0.053800 0.098200 0.084600 0.070100
Pronghorn 0.097200 0.340400 0.128400 0.227700 0.170600 0.097400 0.125100 0.125400 0.159700 0.158200 0.112500 0.172100 0.111700 0.096700 0.163100 0.140900 0.112600 0.144800 0.097400 0.143700 0.140200 0.157400 0.222200 0.158600 0.112500 0.097300 0.097400 0.143700 0.097100 0.159000 0.220200 0.097000 0.000000 0.097400 0.125300 0.192500 0.128000 0.172300 0.098700 0.160600 0.238000 0.096300 0.158200 0.176100 0.191000 0.097300 0.112400 0.143700 0.095300 0.172000 0.159700 0.144200
BlueWildeb 0.000000 0.256100 0.027300 0.116000 0.068100 0.000000 0.054200 0.026700 0.055400 0.055100 0.013500 0.068600 0.013400 0.026900 0.057000 0.040600 0.013500 0.041600 0.000000 0.041200 0.040300 0.054700 0.113000 0.055200 0.013500 0.000100 0.000000 0.041200 0.000100 0.055400 0.112100 0.027100 0.097400 0.000000 0.054200 0.084500 0.027300 0.068800 0.000100 0.056000 0.127400 0.000100 0.055100 0.085200 0.083800 0.000100 0.013500 0.055300 0.026600 0.069200 0.055400 0.041400
Gemsbok 0.054200 0.286700 0.083200 0.145200 0.095500 0.054200 0.081500 0.081500 0.083300 0.082800 0.040500 0.125500 0.067900 0.082000 0.115700 0.096300 0.040600 0.069500 0.054200 0.097600 0.095600 0.082200 0.141600 0.083000 0.040500 0.054300 0.054200 0.097600 0.054200 0.112600 0.140400 0.082500 0.125300 0.054200 0.000000 0.143100 0.054600 0.096500 0.055100 0.084200 0.156200 0.053700 0.082800 0.113900 0.142100 0.054300 0.068300 0.068800 0.053100 0.097000 0.083300 0.069000
Yak 0.084600 0.369900 0.055000 0.196900 0.158500 0.084500 0.143800 0.113100 0.083800 0.145800 0.099500 0.039900 0.098900 0.114000 0.150400 0.128500 0.099800 0.131700 0.084500 0.069200 0.128200 0.144500 0.194000 0.146100 0.099500 0.084700 0.084500 0.069200 0.084500 0.083700 0.192200 0.114700 0.192500 0.084500 0.143100 0.000000 0.114900 0.160100 0.086000 0.148100 0.209700 0.083700 0.145800 0.180200 0.013200 0.084700 0.099500 0.146200 0.112400 0.161600 0.083800 0.069400
BlueSheep 0.027300 0.290900 0.055800 0.117100 0.068700 0.027300 0.082900 0.054700 0.055800 0.055600 0.013600 0.098000 0.041000 0.054900 0.087500 0.069200 0.013600 0.042000 0.027300 0.070000 0.068600 0.055200 0.113900 0.055700 0.013600 0.027300 0.027300 0.070000 0.027300 0.084800 0.113000 0.055300 0.128000 0.027300 0.054600 0.114900 0.000000 0.069400 0.027800 0.056600 0.128400 0.027000 0.055600 0.086200 0.114100 0.027300 0.041200 0.055800 0.054300 0.098800 0.055800 0.041700
BohorReedb 0.068600 0.304900 0.098500 0.161900 0.000000 0.068800 0.125400 0.096300 0.098700 0.097900 0.054800 0.141200 0.082700 0.097100 0.131900 0.111400 0.054800 0.084400 0.068800 0.113200 0.110600 0.097500 0.157700 0.098100 0.054800 0.068700 0.068800 0.113200 0.068600 0.128100 0.156400 0.097400 0.172300 0.068800 0.096500 0.160100 0.069400 0.000000 0.069600 0.099400 0.172600 0.068000 0.097900 0.129900 0.158900 0.068700 0.083200 0.098500 0.095700 0.142100 0.098700 0.084200
KirksDik 0.000100 0.262600 0.027800 0.117700 0.082500 0.000100 0.054900 0.027100 0.056400 0.055900 0.013700 0.083500 0.013600 0.027400 0.057800 0.041100 0.013700 0.042200 0.000100 0.041900 0.040800 0.055700 0.114600 0.056000 0.013700 0.000200 0.000100 0.041900 0.000200 0.056100 0.113600 0.041200 0.098700 0.000100 0.055100 0.086000 0.027800 0.069600 0.000000 0.056900 0.129200 0.002300 0.055900 0.086500 0.085300 0.000200 0.013700 0.056200 0.026900 0.070100 0.056400 0.042100
RoeDeer 0.055900 0.328100 0.086100 0.149800 0.098400 0.056000 0.113300 0.083900 0.086200 0.027400 0.041900 0.129200 0.070200 0.084700 0.119600 0.099100 0.041900 0.071700 0.056000 0.100900 0.098400 0.085100 0.084200 0.027400 0.041900 0.055900 0.056000 0.100900 0.055800 0.116000 0.083500 0.085000 0.160600 0.056000 0.084200 0.148100 0.056600 0.099400 0.056900 0.000000 0.098400 0.055300 0.027400 0.056600 0.146900 0.056000 0.055500 0.071200 0.083400 0.130300 0.086200 0.071500
WhiteLippe 0.127100 0.361500 0.159700 0.226600 0.170900 0.127400 0.156100 0.155800 0.159900 0.068200 0.112900 0.204200 0.142000 0.157400 0.196300 0.172200 0.112800 0.144500 0.127400 0.175300 0.140700 0.157800 0.013000 0.097200 0.112900 0.127300 0.127400 0.175300 0.127000 0.191100 0.124800 0.157700 0.238000 0.127400 0.156200 0.209700 0.128400 0.172600 0.129200 0.098400 0.000000 0.125900 0.068200 0.128500 0.208000 0.127400 0.126400 0.144200 0.155300 0.189400 0.159900 0.144500
ThomsonGaz 0.000200 0.253700 0.027100 0.114500 0.067500 0.000100 0.053600 0.026500 0.055000 0.054500 0.013400 0.067800 0.013200 0.026700 0.056200 0.040100 0.013400 0.041100 0.000100 0.040800 0.039900 0.054300 0.111600 0.054600 0.013400 0.000100 0.000100 0.040800 0.000100 0.054700 0.110700 0.038800 0.096300 0.000100 0.053700 0.083700 0.027000 0.068000 0.002300 0.055300 0.125900 0.000000 0.054500 0.084200 0.083100 0.000100 0.013300 0.054800 0.026300 0.068300 0.055000 0.041000
MuntiacusC 0.055000 0.290500 0.084600 0.147100 0.096900 0.055100 0.111600 0.082600 0.084700 0.000000 0.041200 0.127200 0.069000 0.083300 0.117600 0.097700 0.041200 0.070500 0.055100 0.099200 0.096800 0.083700 0.082900 0.027100 0.041200 0.055100 0.055100 0.099200 0.054900 0.114100 0.053800 0.083600 0.158200 0.055100 0.082800 0.145800 0.055600 0.097900 0.055900 0.027400 0.068200 0.054500 0.000000 0.055700 0.144700 0.055100 0.054600 0.070100 0.082200 0.113100 0.084700 0.070300
WhiteTaile 0.085000 0.367500 0.116200 0.182700 0.128600 0.085200 0.143500 0.113600 0.116400 0.055700 0.070900 0.160100 0.099500 0.114400 0.152100 0.129700 0.070800 0.101900 0.085200 0.131400 0.128200 0.115200 0.113900 0.027400 0.070900 0.085100 0.085200 0.131400 0.085000 0.147000 0.113100 0.114700 0.176100 0.085200 0.113900 0.180200 0.086200 0.129900 0.086500 0.056600 0.128500 0.084200 0.055700 0.000000 0.178800 0.085200 0.084500 0.101400 0.113000 0.161200 0.116400 0.101400
Cattle 0.083900 0.366900 0.054600 0.195400 0.157300 0.083800 0.142700 0.112200 0.083100 0.144700 0.098700 0.039600 0.098100 0.113100 0.149200 0.127600 0.099100 0.130700 0.083800 0.068700 0.127200 0.143400 0.192400 0.145000 0.098700 0.084000 0.083800 0.068700 0.083900 0.083100 0.173800 0.113800 0.191000 0.083800 0.142100 0.013200 0.114100 0.158900 0.085300 0.146900 0.208000 0.083100 0.144700 0.178800 0.000000 0.084000 0.098700 0.145100 0.111500 0.160200 0.083100 0.068800
RoyalAntel 0.000100 0.256400 0.027400 0.115900 0.068000 0.000100 0.054100 0.026700 0.055600 0.055100 0.013500 0.068500 0.013400 0.027000 0.056900 0.040500 0.013500 0.041600 0.000100 0.041300 0.040300 0.054900 0.112900 0.055200 0.013500 0.000100 0.000100 0.041300 0.000100 0.055300 0.112000 0.027100 0.097300 0.000100 0.054300 0.084700 0.027300 0.068700 0.000200 0.056000 0.127400 0.000100 0.055100 0.085200 0.084000 0.000000 0.013500 0.055400 0.026600 0.069100 0.055600 0.041500
Steenbok 0.013500 0.273900 0.041300 0.131400 0.082400 0.013500 0.068300 0.040500 0.069900 0.054600 0.027200 0.083100 0.027000 0.040700 0.071700 0.054600 0.027300 0.055900 0.013500 0.055300 0.054200 0.068900 0.112100 0.054800 0.027200 0.013500 0.013500 0.055300 0.013500 0.069800 0.111100 0.041000 0.112400 0.013500 0.068300 0.099500 0.041200 0.083200 0.013700 0.055500 0.126400 0.013300 0.054600 0.084500 0.098700 0.013500 0.000000 0.055400 0.040200 0.083700 0.069900 0.055600
Impala 0.055300 0.329200 0.084800 0.148400 0.097600 0.055300 0.112300 0.083200 0.084900 0.070100 0.041300 0.128000 0.069200 0.083600 0.118300 0.098300 0.041400 0.070900 0.055300 0.099500 0.097500 0.084000 0.129400 0.070300 0.041300 0.055400 0.055300 0.099500 0.055300 0.114800 0.128400 0.084100 0.143700 0.055300 0.068800 0.146200 0.055800 0.098500 0.056200 0.071200 0.144200 0.054800 0.070100 0.101400 0.145100 0.055400 0.055400 0.000000 0.068500 0.128900 0.084900 0.070400
Klipspring 0.026500 0.299300 0.054400 0.143700 0.094800 0.026600 0.080800 0.053200 0.082800 0.082200 0.040300 0.095500 0.040000 0.053600 0.084800 0.067300 0.040300 0.068800 0.026600 0.068400 0.066800 0.081900 0.140700 0.082400 0.040300 0.026600 0.026600 0.068400 0.026500 0.082500 0.139300 0.053800 0.095300 0.026600 0.053100 0.112400 0.054300 0.095700 0.026900 0.083400 0.155300 0.026300 0.082200 0.113000 0.111500 0.026600 0.040200 0.068500 0.000000 0.096100 0.082800 0.068700
ForestMusk 0.069000 0.288500 0.099300 0.192300 0.140700 0.069200 0.096900 0.096700 0.129800 0.113100 0.083800 0.142300 0.083300 0.097900 0.132500 0.111700 0.083800 0.084800 0.069200 0.114300 0.111300 0.127600 0.190200 0.128300 0.083800 0.069000 0.069200 0.114300 0.068900 0.129200 0.142000 0.098200 0.172000 0.069200 0.097000 0.161600 0.098800 0.142100 0.070100 0.130300 0.189400 0.068300 0.113100 0.161200 0.160200 0.069100 0.083700 0.128900 0.096100 0.000000 0.129800 0.114600
Bushbuck 0.055500 0.327500 0.027100 0.132200 0.097700 0.055400 0.112900 0.083400 0.000000 0.084700 0.041400 0.068000 0.069500 0.084000 0.118600 0.098300 0.041500 0.071100 0.055400 0.012700 0.068700 0.084100 0.145000 0.084900 0.041400 0.055600 0.055400 0.013400 0.055500 0.027000 0.143700 0.084600 0.159700 0.055400 0.083300 0.083800 0.055800 0.098700 0.056400 0.086200 0.159900 0.055000 0.084700 0.116400 0.083100 0.055600 0.069900 0.084900 0.082800 0.129800 0.000000 0.013500
GreaterKud 0.041400 0.310200 0.013500 0.117000 0.083300 0.041400 0.098100 0.069100 0.013500 0.070300 0.027500 0.054100 0.055300 0.069600 0.103200 0.083900 0.027600 0.056700 0.041400 0.027100 0.083400 0.069700 0.129700 0.070400 0.027500 0.041500 0.041400 0.027100 0.041400 0.040900 0.128600 0.070100 0.144200 0.041400 0.069000 0.069400 0.041700 0.084200 0.042100 0.071500 0.144500 0.041000 0.070300 0.101400 0.068800 0.041500 0.055600 0.070400 0.068700 0.114600 0.013500 0.000000
