CODONML (in paml version 4.10.7, June 2023)  /home/rachel/ruminants_paml/6406-phy-tree/ENSBTAT00000015335.fasta.phy
Model: free dN/dS Ratios for branches,  kappa = 2.000 fixed

Codon frequency model: F3x4
ns =  54  ls =  22

Codon usage in sequences
--------------------------------------------------------------------------------------------------------------------------------------
Phe TTT   0   0   0   0   0   0 | Ser TCT   1   0   1   0   0   0 | Tyr TAT   0   0   0   0   0   0 | Cys TGT   1   1   0   0   0   1
    TTC   1   1   1   1   1   1 |     TCC   2   3   2   3   3   3 |     TAC   1   1   1   1   1   1 |     TGC   0   0   1   1   1   0
Leu TTA   0   0   0   0   0   0 |     TCA   0   0   0   0   0   0 | *** TAA   0   0   0   0   0   0 | *** TGA   0   0   0   0   0   0
    TTG   0   0   0   0   0   0 |     TCG   0   0   0   0   0   0 |     TAG   0   0   0   0   0   0 | Trp TGG   0   0   0   0   0   0
--------------------------------------------------------------------------------------------------------------------------------------
Leu CTT   0   0   0   0   0   0 | Pro CCT   0   0   0   0   0   0 | His CAT   0   0   0   0   0   0 | Arg CGT   0   0   0   0   0   0
    CTC   2   2   2   2   1   2 |     CCC   0   0   0   0   0   0 |     CAC   0   0   0   0   0   0 |     CGC   1   1   1   1   1   0
    CTA   0   0   0   0   0   0 |     CCA   0   0   0   0   0   0 | Gln CAA   0   0   0   0   0   0 |     CGA   0   0   0   0   0   1
    CTG   0   0   0   0   1   0 |     CCG   0   0   0   0   0   0 |     CAG   0   0   0   0   0   0 |     CGG   0   0   0   0   0   0
--------------------------------------------------------------------------------------------------------------------------------------
Ile ATT   0   0   0   0   0   0 | Thr ACT   0   0   0   0   0   0 | Asn AAT   1   0   2   0   2   0 | Ser AGT   0   0   0   0   0   0
    ATC   1   1   1   1   1   1 |     ACC   2   2   1   2   2   2 |     AAC   2   3   1   2   1   3 |     AGC   0   0   0   1   0   0
    ATA   0   0   0   0   0   0 |     ACA   0   0   0   0   0   0 | Lys AAA   0   0   0   0   0   0 | Arg AGA   0   0   0   0   0   0
Met ATG   1   1   1   1   1   1 |     ACG   0   0   1   0   0   0 |     AAG   0   0   0   0   0   0 |     AGG   0   0   0   0   0   0
--------------------------------------------------------------------------------------------------------------------------------------
Val GTT   0   0   0   0   0   0 | Ala GCT   0   0   0   0   0   0 | Asp GAT   1   0   1   1   0   0 | Gly GGT   0   0   0   0   0   0
    GTC   0   0   0   0   0   0 |     GCC   0   0   0   0   0   0 |     GAC   2   3   2   2   3   3 |     GGC   0   0   0   0   0   0
    GTA   0   0   0   0   0   0 |     GCA   0   0   0   0   0   0 | Glu GAA   0   0   0   0   0   0 |     GGA   0   0   0   0   0   0
    GTG   1   1   1   1   1   1 |     GCG   0   0   0   0   0   0 |     GAG   2   2   2   2   2   2 |     GGG   0   0   0   0   0   0
--------------------------------------------------------------------------------------------------------------------------------------

--------------------------------------------------------------------------------------------------------------------------------------
Phe TTT   0   0   0   0   0   0 | Ser TCT   1   1   0   0   1   0 | Tyr TAT   0   0   0   0   0   0 | Cys TGT   1   1   1   1   0   0
    TTC   1   1   1   1   1   1 |     TCC   2   2   3   3   2   3 |     TAC   1   1   1   1   1   1 |     TGC   0   0   0   0   1   1
Leu TTA   0   0   0   0   0   0 |     TCA   0   0   0   0   0   0 | *** TAA   0   0   0   0   0   0 | *** TGA   0   0   0   0   0   0
    TTG   0   0   0   0   0   0 |     TCG   0   0   0   0   0   0 |     TAG   0   0   0   0   0   0 | Trp TGG   0   0   0   0   0   0
--------------------------------------------------------------------------------------------------------------------------------------
Leu CTT   0   0   0   0   0   0 | Pro CCT   0   0   0   0   0   0 | His CAT   0   0   0   0   0   0 | Arg CGT   0   0   0   0   0   0
    CTC   2   2   2   2   2   2 |     CCC   0   0   0   0   0   0 |     CAC   0   0   0   0   0   0 |     CGC   1   1   1   1   1   1
    CTA   0   0   0   0   0   0 |     CCA   0   0   0   0   0   0 | Gln CAA   0   0   0   0   0   0 |     CGA   0   0   0   0   0   0
    CTG   0   0   0   0   0   0 |     CCG   0   0   0   0   0   0 |     CAG   0   0   0   0   0   0 |     CGG   0   0   0   0   0   0
--------------------------------------------------------------------------------------------------------------------------------------
Ile ATT   0   0   0   0   0   0 | Thr ACT   1   0   1   1   0   1 | Asn AAT   0   0   0   0   1   0 | Ser AGT   0   0   0   0   0   0
    ATC   1   1   1   1   1   1 |     ACC   1   2   1   0   1   1 |     AAC   3   3   3   3   2   3 |     AGC   0   0   0   0   0   0
    ATA   0   0   0   0   0   0 |     ACA   0   0   0   0   0   0 | Lys AAA   0   0   0   0   0   0 | Arg AGA   0   0   0   0   0   0
Met ATG   1   1   1   1   1   1 |     ACG   0   0   0   1   1   0 |     AAG   0   0   0   0   0   0 |     AGG   0   0   0   0   0   0
--------------------------------------------------------------------------------------------------------------------------------------
Val GTT   0   0   0   0   0   0 | Ala GCT   0   0   0   0   0   0 | Asp GAT   1   1   1   1   1   1 | Gly GGT   0   0   0   0   0   0
    GTC   0   0   0   0   0   0 |     GCC   0   0   0   0   0   0 |     GAC   2   2   2   2   2   2 |     GGC   0   0   0   0   0   0
    GTA   0   0   0   0   0   0 |     GCA   0   0   0   0   0   0 | Glu GAA   0   0   0   0   0   0 |     GGA   0   0   0   0   0   0
    GTG   1   1   1   1   1   1 |     GCG   0   0   0   0   0   0 |     GAG   2   2   2   2   2   2 |     GGG   0   0   0   0   0   0
--------------------------------------------------------------------------------------------------------------------------------------

--------------------------------------------------------------------------------------------------------------------------------------
Phe TTT   0   0   0   0   0   0 | Ser TCT   1   0   1   0   1   0 | Tyr TAT   0   0   0   0   0   0 | Cys TGT   1   1   1   1   0   1
    TTC   1   1   1   1   1   1 |     TCC   2   3   2   3   2   3 |     TAC   1   1   1   1   1   1 |     TGC   0   0   0   0   1   0
Leu TTA   0   0   0   0   0   0 |     TCA   0   0   0   0   0   0 | *** TAA   0   0   0   0   0   0 | *** TGA   0   0   0   0   0   0
    TTG   0   0   0   0   0   0 |     TCG   0   0   0   0   0   0 |     TAG   0   0   0   0   0   0 | Trp TGG   0   0   0   0   0   0
--------------------------------------------------------------------------------------------------------------------------------------
Leu CTT   0   0   0   0   0   0 | Pro CCT   0   0   0   0   0   0 | His CAT   0   0   0   0   0   0 | Arg CGT   0   0   0   1   0   0
    CTC   2   2   2   2   2   2 |     CCC   0   0   0   0   0   0 |     CAC   0   0   0   0   0   0 |     CGC   1   1   1   0   1   1
    CTA   0   0   0   0   0   0 |     CCA   0   0   0   0   0   0 | Gln CAA   0   0   0   0   0   0 |     CGA   0   0   0   0   0   0
    CTG   0   0   0   0   0   0 |     CCG   0   0   0   0   0   0 |     CAG   0   0   0   0   0   0 |     CGG   0   0   0   0   0   0
--------------------------------------------------------------------------------------------------------------------------------------
Ile ATT   0   0   0   0   0   0 | Thr ACT   0   0   1   1   0   1 | Asn AAT   1   0   1   0   0   1 | Ser AGT   0   0   0   0   0   0
    ATC   1   1   1   1   1   1 |     ACC   2   1   1   1   2   1 |     AAC   2   3   2   3   3   2 |     AGC   0   0   0   0   0   0
    ATA   0   0   0   0   0   0 |     ACA   0   0   0   0   0   0 | Lys AAA   0   0   0   0   0   0 | Arg AGA   0   0   0   0   0   0
Met ATG   1   1   1   1   1   1 |     ACG   0   1   0   0   0   0 |     AAG   0   0   0   0   0   0 |     AGG   0   0   0   0   0   0
--------------------------------------------------------------------------------------------------------------------------------------
Val GTT   0   0   0   0   0   0 | Ala GCT   0   0   0   0   0   0 | Asp GAT   1   1   1   1   1   1 | Gly GGT   0   0   0   0   0   0
    GTC   0   0   0   0   0   0 |     GCC   0   0   0   0   0   0 |     GAC   2   2   2   2   2   2 |     GGC   0   0   0   0   0   0
    GTA   0   0   0   0   0   0 |     GCA   0   0   0   0   0   0 | Glu GAA   0   0   0   0   0   0 |     GGA   0   0   0   0   0   0
    GTG   1   1   1   1   1   1 |     GCG   0   0   0   0   0   0 |     GAG   2   2   2   2   2   2 |     GGG   0   0   0   0   0   0
--------------------------------------------------------------------------------------------------------------------------------------

--------------------------------------------------------------------------------------------------------------------------------------
Phe TTT   1   1   0   0   0   0 | Ser TCT   0   0   1   1   0   1 | Tyr TAT   0   0   0   0   0   0 | Cys TGT   0   0   1   0   1   1
    TTC   0   0   1   1   1   1 |     TCC   3   3   2   2   3   2 |     TAC   1   1   1   1   1   1 |     TGC   1   1   0   1   0   0
Leu TTA   0   0   0   0   0   0 |     TCA   0   0   0   0   0   0 | *** TAA   0   0   0   0   0   0 | *** TGA   0   0   0   0   0   0
    TTG   0   0   0   0   0   0 |     TCG   0   0   0   0   0   0 |     TAG   0   0   0   0   0   0 | Trp TGG   0   0   0   0   0   0
--------------------------------------------------------------------------------------------------------------------------------------
Leu CTT   0   0   0   0   0   0 | Pro CCT   0   0   0   0   0   0 | His CAT   0   0   0   0   0   0 | Arg CGT   0   0   0   0   0   0
    CTC   2   2   2   2   2   2 |     CCC   0   0   0   0   0   0 |     CAC   0   0   0   0   0   0 |     CGC   1   0   1   1   1   1
    CTA   0   0   0   0   0   0 |     CCA   0   0   0   0   0   0 | Gln CAA   0   0   0   0   0   0 |     CGA   0   0   0   0   0   0
    CTG   0   0   0   0   0   0 |     CCG   0   0   0   0   0   0 |     CAG   0   0   0   0   0   0 |     CGG   0   0   0   0   0   0
--------------------------------------------------------------------------------------------------------------------------------------
Ile ATT   0   0   0   0   0   0 | Thr ACT   0   0   0   0   1   0 | Asn AAT   0   2   1   1   0   0 | Ser AGT   0   0   0   0   0   0
    ATC   1   1   1   1   1   1 |     ACC   2   2   2   1   1   2 |     AAC   3   1   2   2   3   3 |     AGC   0   0   0   0   0   0
    ATA   0   0   0   0   0   0 |     ACA   0   0   0   0   0   0 | Lys AAA   0   0   0   0   0   0 | Arg AGA   0   1   0   0   0   0
Met ATG   1   1   1   1   1   1 |     ACG   0   0   0   1   0   0 |     AAG   0   0   0   0   0   0 |     AGG   0   0   0   0   0   0
--------------------------------------------------------------------------------------------------------------------------------------
Val GTT   0   0   0   0   0   0 | Ala GCT   0   0   0   0   0   0 | Asp GAT   0   0   1   1   1   1 | Gly GGT   0   0   0   0   0   0
    GTC   0   0   0   0   0   0 |     GCC   0   0   0   0   0   0 |     GAC   3   3   2   2   2   2 |     GGC   0   0   0   0   0   0
    GTA   0   0   0   0   0   0 |     GCA   0   0   0   0   0   0 | Glu GAA   0   0   0   0   0   0 |     GGA   0   0   0   0   0   0
    GTG   1   1   1   1   1   1 |     GCG   0   0   0   0   0   0 |     GAG   2   2   2   2   2   2 |     GGG   0   0   0   0   0   0
--------------------------------------------------------------------------------------------------------------------------------------

--------------------------------------------------------------------------------------------------------------------------------------
Phe TTT   0   0   0   0   0   0 | Ser TCT   0   0   1   0   1   1 | Tyr TAT   0   0   0   0   0   0 | Cys TGT   0   0   1   1   1   0
    TTC   1   1   1   1   1   1 |     TCC   3   3   2   4   2   2 |     TAC   1   1   1   1   1   1 |     TGC   1   1   0   0   0   1
Leu TTA   0   0   0   0   0   0 |     TCA   0   0   0   0   0   0 | *** TAA   0   0   0   0   0   0 | *** TGA   0   0   0   0   0   0
    TTG   0   0   0   0   0   0 |     TCG   0   0   0   0   0   0 |     TAG   0   0   0   0   0   0 | Trp TGG   0   0   0   0   0   0
--------------------------------------------------------------------------------------------------------------------------------------
Leu CTT   0   0   0   0   0   0 | Pro CCT   0   0   0   0   0   0 | His CAT   0   0   0   0   0   0 | Arg CGT   0   0   0   0   0   0
    CTC   2   2   2   2   2   2 |     CCC   0   0   0   0   0   0 |     CAC   0   0   0   0   0   0 |     CGC   1   1   1   1   1   1
    CTA   0   0   0   0   0   0 |     CCA   0   0   0   0   0   0 | Gln CAA   0   0   0   0   0   0 |     CGA   0   0   0   0   0   0
    CTG   0   0   0   0   0   0 |     CCG   0   0   0   0   0   0 |     CAG   0   0   0   0   0   0 |     CGG   0   0   0   0   0   0
--------------------------------------------------------------------------------------------------------------------------------------
Ile ATT   0   0   0   0   0   0 | Thr ACT   1   1   0   1   1   0 | Asn AAT   1   1   0   0   1   1 | Ser AGT   0   0   0   0   0   0
    ATC   1   1   1   1   1   1 |     ACC   1   1   2   0   1   1 |     AAC   2   2   3   3   2   2 |     AGC   0   0   0   0   0   0
    ATA   0   0   0   0   0   0 |     ACA   0   0   0   0   0   0 | Lys AAA   0   0   0   0   0   0 | Arg AGA   0   0   0   0   0   0
Met ATG   1   1   1   1   1   1 |     ACG   0   0   0   0   0   1 |     AAG   0   0   0   0   0   0 |     AGG   0   0   0   0   0   0
--------------------------------------------------------------------------------------------------------------------------------------
Val GTT   0   0   0   0   0   0 | Ala GCT   0   0   0   0   0   0 | Asp GAT   1   1   1   1   1   1 | Gly GGT   0   0   0   0   0   0
    GTC   0   0   0   0   0   0 |     GCC   0   0   0   0   0   0 |     GAC   2   2   2   2   2   2 |     GGC   0   0   0   0   0   0
    GTA   0   0   0   0   0   0 |     GCA   0   0   0   0   0   0 | Glu GAA   0   0   0   0   0   0 |     GGA   0   0   0   0   0   0
    GTG   1   1   1   1   1   1 |     GCG   0   0   0   0   0   0 |     GAG   2   2   2   2   2   2 |     GGG   0   0   0   0   0   0
--------------------------------------------------------------------------------------------------------------------------------------

--------------------------------------------------------------------------------------------------------------------------------------
Phe TTT   0   0   0   0   0   0 | Ser TCT   0   0   0   0   0   1 | Tyr TAT   0   0   0   0   0   0 | Cys TGT   1   0   0   1   0   1
    TTC   1   1   1   1   1   1 |     TCC   3   2   3   3   3   2 |     TAC   1   1   1   1   1   1 |     TGC   0   1   1   0   1   0
Leu TTA   0   0   0   0   0   0 |     TCA   0   0   0   0   0   0 | *** TAA   0   0   0   0   0   0 | *** TGA   0   0   0   0   0   0
    TTG   0   0   0   0   0   0 |     TCG   0   1   0   0   0   0 |     TAG   0   0   0   0   0   0 | Trp TGG   0   0   0   0   0   0
--------------------------------------------------------------------------------------------------------------------------------------
Leu CTT   0   0   0   0   0   0 | Pro CCT   0   0   0   0   0   0 | His CAT   0   0   0   0   0   0 | Arg CGT   0   0   0   0   0   0
    CTC   2   2   2   2   2   2 |     CCC   0   0   0   0   0   0 |     CAC   0   0   0   0   0   0 |     CGC   1   1   1   1   1   1
    CTA   0   0   0   0   0   0 |     CCA   0   0   0   0   0   0 | Gln CAA   0   0   0   0   0   0 |     CGA   0   0   0   0   0   0
    CTG   0   0   0   0   0   0 |     CCG   0   0   0   0   0   0 |     CAG   0   0   0   0   0   0 |     CGG   0   0   0   0   0   0
--------------------------------------------------------------------------------------------------------------------------------------
Ile ATT   0   1   0   0   0   0 | Thr ACT   1   0   1   1   0   1 | Asn AAT   0   1   0   0   0   1 | Ser AGT   0   0   0   0   0   0
    ATC   1   0   1   1   1   1 |     ACC   1   1   1   1   1   1 |     AAC   3   2   3   3   3   2 |     AGC   0   0   0   0   0   0
    ATA   0   0   0   0   0   0 |     ACA   0   0   0   0   1   0 | Lys AAA   0   0   0   0   0   0 | Arg AGA   0   0   0   0   0   0
Met ATG   1   1   1   1   1   1 |     ACG   0   1   0   0   0   0 |     AAG   0   0   0   0   0   0 |     AGG   0   0   0   0   0   0
--------------------------------------------------------------------------------------------------------------------------------------
Val GTT   0   0   0   0   0   0 | Ala GCT   0   0   0   0   0   0 | Asp GAT   1   1   1   1   1   1 | Gly GGT   0   0   0   0   0   0
    GTC   0   0   0   0   0   0 |     GCC   0   0   0   0   0   0 |     GAC   2   2   2   2   2   2 |     GGC   0   0   0   0   0   0
    GTA   0   0   0   0   0   0 |     GCA   0   0   0   0   0   0 | Glu GAA   0   0   0   0   0   0 |     GGA   0   0   0   0   0   0
    GTG   1   1   1   1   1   1 |     GCG   0   0   0   0   0   0 |     GAG   2   2   2   2   2   2 |     GGG   0   0   0   0   0   0
--------------------------------------------------------------------------------------------------------------------------------------

--------------------------------------------------------------------------------------------------------------------------------------
Phe TTT   0   0   0   0   0   0 | Ser TCT   1   0   2   1   0   0 | Tyr TAT   0   0   0   0   0   0 | Cys TGT   1   0   1   1   1   1
    TTC   1   1   1   1   1   1 |     TCC   2   3   1   2   3   3 |     TAC   1   1   1   1   1   1 |     TGC   0   1   0   0   0   0
Leu TTA   0   0   0   0   0   0 |     TCA   0   0   0   0   0   0 | *** TAA   0   0   0   0   0   0 | *** TGA   0   0   0   0   0   0
    TTG   0   0   0   0   0   0 |     TCG   0   0   0   0   0   0 |     TAG   0   0   0   0   0   0 | Trp TGG   0   0   0   0   0   0
--------------------------------------------------------------------------------------------------------------------------------------
Leu CTT   0   0   0   0   0   0 | Pro CCT   0   0   0   0   0   0 | His CAT   0   0   0   0   0   0 | Arg CGT   0   0   0   0   0   0
    CTC   2   2   2   2   2   2 |     CCC   0   0   0   0   0   0 |     CAC   0   0   0   0   0   0 |     CGC   1   1   1   1   1   1
    CTA   0   0   0   0   0   0 |     CCA   0   0   0   0   0   0 | Gln CAA   0   0   0   0   0   0 |     CGA   0   0   0   0   0   0
    CTG   0   0   0   0   0   0 |     CCG   0   0   0   0   0   0 |     CAG   0   0   0   0   0   0 |     CGG   0   0   0   0   0   0
--------------------------------------------------------------------------------------------------------------------------------------
Ile ATT   0   0   0   0   0   0 | Thr ACT   1   0   0   1   1   1 | Asn AAT   0   0   0   0   0   0 | Ser AGT   0   0   0   0   0   0
    ATC   1   1   1   1   1   1 |     ACC   1   1   2   1   1   1 |     AAC   3   3   3   3   3   3 |     AGC   0   0   0   0   0   0
    ATA   0   0   0   0   0   0 |     ACA   0   0   0   0   0   0 | Lys AAA   0   0   0   0   0   0 | Arg AGA   0   0   0   0   0   0
Met ATG   1   1   1   1   1   1 |     ACG   0   1   0   0   0   0 |     AAG   0   0   0   0   0   0 |     AGG   0   0   0   0   0   0
--------------------------------------------------------------------------------------------------------------------------------------
Val GTT   0   0   0   0   0   0 | Ala GCT   0   0   0   0   0   0 | Asp GAT   1   1   1   1   1   1 | Gly GGT   0   0   0   0   0   0
    GTC   0   0   0   0   0   0 |     GCC   0   0   0   0   0   0 |     GAC   2   2   2   2   2   2 |     GGC   0   0   0   0   0   0
    GTA   0   0   0   0   0   0 |     GCA   0   0   0   0   0   0 | Glu GAA   0   0   0   0   0   0 |     GGA   0   0   0   0   0   0
    GTG   1   1   1   1   1   1 |     GCG   0   0   0   0   0   0 |     GAG   2   2   2   2   2   2 |     GGG   0   0   0   0   0   0
--------------------------------------------------------------------------------------------------------------------------------------

--------------------------------------------------------------------------------------------------------------------------------------
Phe TTT   0   0   0   0   0   0 | Ser TCT   0   0   0   0   0   1 | Tyr TAT   0   0   0   0   0   0 | Cys TGT   0   1   0   0   0   1
    TTC   1   1   1   1   1   1 |     TCC   3   3   3   3   3   2 |     TAC   1   1   1   1   1   1 |     TGC   1   0   1   1   1   0
Leu TTA   0   0   0   0   0   0 |     TCA   0   0   0   0   0   0 | *** TAA   0   0   0   0   0   0 | *** TGA   0   0   0   0   0   0
    TTG   0   0   0   0   0   0 |     TCG   0   0   0   0   0   0 |     TAG   0   0   0   0   0   0 | Trp TGG   0   0   0   0   0   0
--------------------------------------------------------------------------------------------------------------------------------------
Leu CTT   0   0   0   0   0   0 | Pro CCT   0   0   0   0   0   0 | His CAT   0   0   0   0   0   0 | Arg CGT   0   0   0   0   0   0
    CTC   2   2   2   2   2   2 |     CCC   0   0   0   0   0   0 |     CAC   0   0   0   0   0   0 |     CGC   1   1   1   1   1   1
    CTA   0   0   0   0   0   0 |     CCA   0   0   0   0   0   0 | Gln CAA   0   0   0   0   0   0 |     CGA   0   0   0   0   0   0
    CTG   0   0   0   0   0   0 |     CCG   0   0   0   0   0   0 |     CAG   0   0   0   0   0   0 |     CGG   0   0   0   0   0   0
--------------------------------------------------------------------------------------------------------------------------------------
Ile ATT   0   0   0   0   0   0 | Thr ACT   1   1   1   1   0   1 | Asn AAT   0   0   0   0   0   0 | Ser AGT   0   0   0   0   0   0
    ATC   1   1   1   1   1   1 |     ACC   1   1   1   1   1   1 |     AAC   3   3   3   3   3   3 |     AGC   0   0   0   0   0   0
    ATA   0   0   0   0   0   0 |     ACA   0   0   0   0   0   0 | Lys AAA   0   0   0   0   0   0 | Arg AGA   0   0   0   0   0   0
Met ATG   1   1   1   1   1   1 |     ACG   0   0   0   0   1   0 |     AAG   0   0   0   0   0   0 |     AGG   0   0   0   0   0   0
--------------------------------------------------------------------------------------------------------------------------------------
Val GTT   0   0   0   0   0   0 | Ala GCT   0   0   0   0   0   0 | Asp GAT   2   1   1   1   1   1 | Gly GGT   0   0   0   0   0   0
    GTC   0   0   0   0   0   0 |     GCC   0   0   0   0   0   0 |     GAC   1   2   2   2   2   2 |     GGC   0   0   0   0   0   0
    GTA   0   0   0   0   0   0 |     GCA   0   0   0   0   0   0 | Glu GAA   0   0   0   0   0   0 |     GGA   0   0   0   0   0   0
    GTG   1   1   1   1   1   1 |     GCG   0   0   0   0   0   0 |     GAG   2   2   2   2   2   2 |     GGG   0   0   0   0   0   0
--------------------------------------------------------------------------------------------------------------------------------------

--------------------------------------------------------------------------------------------------------------------------------------
Phe TTT   0   0   0   0   0   0 | Ser TCT   0   0   1   0   0   1 | Tyr TAT   0   0   0   0   0   0 | Cys TGT   1   1   1   0   0   0
    TTC   1   1   1   1   1   1 |     TCC   3   3   2   3   3   2 |     TAC   1   1   1   1   1   1 |     TGC   0   0   0   1   1   1
Leu TTA   0   0   0   0   0   0 |     TCA   0   0   0   0   0   0 | *** TAA   0   0   0   0   0   0 | *** TGA   0   0   0   0   0   0
    TTG   0   0   0   0   0   0 |     TCG   0   0   0   0   0   0 |     TAG   0   0   0   0   0   0 | Trp TGG   0   0   0   0   0   0
--------------------------------------------------------------------------------------------------------------------------------------
Leu CTT   1   0   0   0   0   0 | Pro CCT   0   0   0   0   0   0 | His CAT   0   0   0   0   0   0 | Arg CGT   0   0   0   0   0   0
    CTC   1   1   2   2   2   2 |     CCC   0   0   0   0   0   0 |     CAC   0   0   0   0   0   0 |     CGC   1   1   1   1   1   1
    CTA   0   1   0   0   0   0 |     CCA   0   0   0   0   0   0 | Gln CAA   0   0   0   0   0   0 |     CGA   0   0   0   0   0   0
    CTG   0   0   0   0   0   0 |     CCG   0   0   0   0   0   0 |     CAG   0   0   0   0   0   0 |     CGG   0   0   0   0   0   0
--------------------------------------------------------------------------------------------------------------------------------------
Ile ATT   0   0   0   0   1   0 | Thr ACT   0   1   1   0   0   0 | Asn AAT   0   0   0   0   2   1 | Ser AGT   0   0   0   0   0   0
    ATC   1   1   1   1   0   1 |     ACC   2   1   1   2   1   1 |     AAC   3   3   3   2   1   2 |     AGC   0   0   0   1   0   0
    ATA   0   0   0   0   0   0 |     ACA   0   0   0   0   0   1 | Lys AAA   0   0   0   0   0   0 | Arg AGA   0   0   0   0   0   0
Met ATG   1   1   1   1   1   1 |     ACG   0   0   0   0   1   0 |     AAG   0   0   0   0   0   0 |     AGG   0   0   0   0   0   0
--------------------------------------------------------------------------------------------------------------------------------------
Val GTT   0   0   0   0   0   0 | Ala GCT   0   0   0   0   0   0 | Asp GAT   1   1   1   1   1   1 | Gly GGT   0   0   0   0   0   0
    GTC   0   0   0   0   0   0 |     GCC   0   0   0   0   0   0 |     GAC   2   2   2   2   2   2 |     GGC   0   0   0   0   0   0
    GTA   0   0   0   0   0   0 |     GCA   0   0   0   0   0   0 | Glu GAA   0   0   0   0   0   0 |     GGA   0   0   0   0   0   0
    GTG   1   1   1   1   1   1 |     GCG   0   0   0   0   0   0 |     GAG   2   2   2   2   2   2 |     GGG   0   0   0   0   0   0
--------------------------------------------------------------------------------------------------------------------------------------

Codon position x base (3x4) table for each sequence.

#1: Argali         
position  1:    T:0.27273    C:0.13636    A:0.31818    G:0.27273
position  2:    T:0.27273    C:0.22727    A:0.40909    G:0.09091
position  3:    T:0.18182    C:0.63636    A:0.00000    G:0.18182
Average         T:0.24242    C:0.33333    A:0.24242    G:0.18182

#2: LesserMouseDeer
position  1:    T:0.27273    C:0.13636    A:0.31818    G:0.27273
position  2:    T:0.27273    C:0.22727    A:0.40909    G:0.09091
position  3:    T:0.04545    C:0.77273    A:0.00000    G:0.18182
Average         T:0.19697    C:0.37879    A:0.24242    G:0.18182

#3: LesserKudu     
position  1:    T:0.27273    C:0.13636    A:0.31818    G:0.27273
position  2:    T:0.27273    C:0.22727    A:0.40909    G:0.09091
position  3:    T:0.18182    C:0.59091    A:0.00000    G:0.22727
Average         T:0.24242    C:0.31818    A:0.24242    G:0.19697

#4: ForestMuskDeer2
position  1:    T:0.27273    C:0.13636    A:0.31818    G:0.27273
position  2:    T:0.27273    C:0.22727    A:0.36364    G:0.13636
position  3:    T:0.04545    C:0.77273    A:0.00000    G:0.18182
Average         T:0.19697    C:0.37879    A:0.22727    G:0.19697

#5: Camel          
position  1:    T:0.27273    C:0.13636    A:0.31818    G:0.27273
position  2:    T:0.27273    C:0.22727    A:0.40909    G:0.09091
position  3:    T:0.09091    C:0.68182    A:0.00000    G:0.22727
Average         T:0.21212    C:0.34848    A:0.24242    G:0.19697

#6: KillerWhale    
position  1:    T:0.27273    C:0.13636    A:0.31818    G:0.27273
position  2:    T:0.27273    C:0.22727    A:0.40909    G:0.09091
position  3:    T:0.04545    C:0.72727    A:0.04545    G:0.18182
Average         T:0.19697    C:0.36364    A:0.25758    G:0.18182

#7: DefassaWaterbuck
position  1:    T:0.27273    C:0.13636    A:0.31818    G:0.27273
position  2:    T:0.27273    C:0.22727    A:0.40909    G:0.09091
position  3:    T:0.18182    C:0.63636    A:0.00000    G:0.18182
Average         T:0.24242    C:0.33333    A:0.24242    G:0.18182

#8: Sheep          
position  1:    T:0.27273    C:0.13636    A:0.31818    G:0.27273
position  2:    T:0.27273    C:0.22727    A:0.40909    G:0.09091
position  3:    T:0.13636    C:0.68182    A:0.00000    G:0.18182
Average         T:0.22727    C:0.34848    A:0.24242    G:0.18182

#9: MaxwellsDuiker 
position  1:    T:0.27273    C:0.13636    A:0.31818    G:0.27273
position  2:    T:0.27273    C:0.22727    A:0.40909    G:0.09091
position  3:    T:0.13636    C:0.68182    A:0.00000    G:0.18182
Average         T:0.22727    C:0.34848    A:0.24242    G:0.18182

#10: GazellaPrzewalskyi
position  1:    T:0.27273    C:0.13636    A:0.31818    G:0.27273
position  2:    T:0.27273    C:0.22727    A:0.40909    G:0.09091
position  3:    T:0.13636    C:0.63636    A:0.00000    G:0.22727
Average         T:0.22727    C:0.33333    A:0.24242    G:0.19697

#11: MountainNyala  
position  1:    T:0.27273    C:0.13636    A:0.31818    G:0.27273
position  2:    T:0.27273    C:0.22727    A:0.40909    G:0.09091
position  3:    T:0.13636    C:0.63636    A:0.00000    G:0.22727
Average         T:0.22727    C:0.33333    A:0.24242    G:0.19697

#12: MuntiacusMuntjak
position  1:    T:0.27273    C:0.13636    A:0.31818    G:0.27273
position  2:    T:0.27273    C:0.22727    A:0.40909    G:0.09091
position  3:    T:0.09091    C:0.72727    A:0.00000    G:0.18182
Average         T:0.21212    C:0.36364    A:0.24242    G:0.18182

#13: goat           
position  1:    T:0.27273    C:0.13636    A:0.31818    G:0.27273
position  2:    T:0.27273    C:0.22727    A:0.40909    G:0.09091
position  3:    T:0.18182    C:0.63636    A:0.00000    G:0.18182
Average         T:0.24242    C:0.33333    A:0.24242    G:0.18182

#14: AfricanBuffalo 
position  1:    T:0.27273    C:0.13636    A:0.31818    G:0.27273
position  2:    T:0.27273    C:0.22727    A:0.40909    G:0.09091
position  3:    T:0.09091    C:0.68182    A:0.00000    G:0.22727
Average         T:0.21212    C:0.34848    A:0.24242    G:0.19697

#15: Topi           
position  1:    T:0.27273    C:0.13636    A:0.31818    G:0.27273
position  2:    T:0.27273    C:0.22727    A:0.40909    G:0.09091
position  3:    T:0.22727    C:0.59091    A:0.00000    G:0.18182
Average         T:0.25758    C:0.31818    A:0.24242    G:0.18182

#16: CommonDuiker   
position  1:    T:0.27273    C:0.13636    A:0.31818    G:0.27273
position  2:    T:0.27273    C:0.22727    A:0.40909    G:0.09091
position  3:    T:0.18182    C:0.63636    A:0.00000    G:0.18182
Average         T:0.24242    C:0.33333    A:0.24242    G:0.18182

#17: Suni           
position  1:    T:0.27273    C:0.13636    A:0.31818    G:0.27273
position  2:    T:0.27273    C:0.22727    A:0.40909    G:0.09091
position  3:    T:0.09091    C:0.72727    A:0.00000    G:0.18182
Average         T:0.21212    C:0.36364    A:0.24242    G:0.18182

#18: Springbuck     
position  1:    T:0.27273    C:0.13636    A:0.31818    G:0.27273
position  2:    T:0.27273    C:0.22727    A:0.40909    G:0.09091
position  3:    T:0.18182    C:0.63636    A:0.00000    G:0.18182
Average         T:0.24242    C:0.33333    A:0.24242    G:0.18182

#19: Okapi          
position  1:    T:0.27273    C:0.13636    A:0.31818    G:0.27273
position  2:    T:0.27273    C:0.22727    A:0.40909    G:0.09091
position  3:    T:0.04545    C:0.77273    A:0.00000    G:0.18182
Average         T:0.19697    C:0.37879    A:0.24242    G:0.18182

#20: Giraffe        
position  1:    T:0.27273    C:0.09091    A:0.36364    G:0.27273
position  2:    T:0.27273    C:0.22727    A:0.40909    G:0.09091
position  3:    T:0.13636    C:0.63636    A:0.04545    G:0.18182
Average         T:0.22727    C:0.31818    A:0.27273    G:0.18182

#21: TibetanAntelope
position  1:    T:0.27273    C:0.13636    A:0.31818    G:0.27273
position  2:    T:0.27273    C:0.22727    A:0.40909    G:0.09091
position  3:    T:0.18182    C:0.63636    A:0.00000    G:0.18182
Average         T:0.24242    C:0.33333    A:0.24242    G:0.18182

#22: Sitatunga      
position  1:    T:0.27273    C:0.13636    A:0.31818    G:0.27273
position  2:    T:0.27273    C:0.22727    A:0.40909    G:0.09091
position  3:    T:0.13636    C:0.63636    A:0.00000    G:0.22727
Average         T:0.22727    C:0.33333    A:0.24242    G:0.19697

#23: Oribi          
position  1:    T:0.27273    C:0.13636    A:0.31818    G:0.27273
position  2:    T:0.27273    C:0.22727    A:0.40909    G:0.09091
position  3:    T:0.13636    C:0.68182    A:0.00000    G:0.18182
Average         T:0.22727    C:0.34848    A:0.24242    G:0.18182

#24: BarbarySheep   
position  1:    T:0.27273    C:0.13636    A:0.31818    G:0.27273
position  2:    T:0.27273    C:0.22727    A:0.40909    G:0.09091
position  3:    T:0.13636    C:0.68182    A:0.00000    G:0.18182
Average         T:0.22727    C:0.34848    A:0.24242    G:0.18182

#25: Daviddeer      
position  1:    T:0.27273    C:0.13636    A:0.31818    G:0.27273
position  2:    T:0.27273    C:0.22727    A:0.40909    G:0.09091
position  3:    T:0.13636    C:0.68182    A:0.00000    G:0.18182
Average         T:0.22727    C:0.34848    A:0.24242    G:0.18182

#26: Reindeer       
position  1:    T:0.27273    C:0.13636    A:0.31818    G:0.27273
position  2:    T:0.27273    C:0.22727    A:0.40909    G:0.09091
position  3:    T:0.13636    C:0.68182    A:0.00000    G:0.18182
Average         T:0.22727    C:0.34848    A:0.24242    G:0.18182

#27: Ibex           
position  1:    T:0.27273    C:0.13636    A:0.31818    G:0.27273
position  2:    T:0.27273    C:0.22727    A:0.40909    G:0.09091
position  3:    T:0.13636    C:0.68182    A:0.00000    G:0.18182
Average         T:0.22727    C:0.34848    A:0.24242    G:0.18182

#28: GyrantGazelle  
position  1:    T:0.31818    C:0.13636    A:0.27273    G:0.27273
position  2:    T:0.27273    C:0.22727    A:0.40909    G:0.09091
position  3:    T:0.13636    C:0.68182    A:0.00000    G:0.18182
Average         T:0.24242    C:0.34848    A:0.22727    G:0.18182

#29: Hartebeest     
position  1:    T:0.27273    C:0.13636    A:0.31818    G:0.27273
position  2:    T:0.27273    C:0.22727    A:0.40909    G:0.09091
position  3:    T:0.22727    C:0.59091    A:0.00000    G:0.18182
Average         T:0.25758    C:0.31818    A:0.24242    G:0.18182

#30: Bongo          
position  1:    T:0.27273    C:0.13636    A:0.31818    G:0.27273
position  2:    T:0.27273    C:0.22727    A:0.40909    G:0.09091
position  3:    T:0.13636    C:0.63636    A:0.00000    G:0.22727
Average         T:0.22727    C:0.33333    A:0.24242    G:0.19697

#31: Gerenuk        
position  1:    T:0.27273    C:0.13636    A:0.31818    G:0.27273
position  2:    T:0.27273    C:0.22727    A:0.40909    G:0.09091
position  3:    T:0.13636    C:0.68182    A:0.00000    G:0.18182
Average         T:0.22727    C:0.34848    A:0.24242    G:0.18182

#32: CommonEland    
position  1:    T:0.27273    C:0.13636    A:0.31818    G:0.27273
position  2:    T:0.27273    C:0.22727    A:0.40909    G:0.09091
position  3:    T:0.13636    C:0.59091    A:0.00000    G:0.27273
Average         T:0.22727    C:0.31818    A:0.24242    G:0.21212

#33: MuntiacusReevesi
position  1:    T:0.27273    C:0.13636    A:0.31818    G:0.27273
position  2:    T:0.27273    C:0.22727    A:0.40909    G:0.09091
position  3:    T:0.09091    C:0.72727    A:0.00000    G:0.18182
Average         T:0.21212    C:0.36364    A:0.24242    G:0.18182

#34: HarveysDuiker  
position  1:    T:0.27273    C:0.13636    A:0.31818    G:0.27273
position  2:    T:0.27273    C:0.22727    A:0.40909    G:0.09091
position  3:    T:0.13636    C:0.68182    A:0.00000    G:0.18182
Average         T:0.22727    C:0.34848    A:0.24242    G:0.18182

#35: Pronghorn      
position  1:    T:0.27273    C:0.13636    A:0.31818    G:0.27273
position  2:    T:0.27273    C:0.22727    A:0.40909    G:0.09091
position  3:    T:0.04545    C:0.72727    A:0.04545    G:0.18182
Average         T:0.19697    C:0.36364    A:0.25758    G:0.18182

#36: BlueWildebeest 
position  1:    T:0.27273    C:0.13636    A:0.31818    G:0.27273
position  2:    T:0.27273    C:0.22727    A:0.40909    G:0.09091
position  3:    T:0.22727    C:0.59091    A:0.00000    G:0.18182
Average         T:0.25758    C:0.31818    A:0.24242    G:0.18182

#37: Gemsbok        
position  1:    T:0.27273    C:0.13636    A:0.31818    G:0.27273
position  2:    T:0.27273    C:0.22727    A:0.40909    G:0.09091
position  3:    T:0.18182    C:0.63636    A:0.00000    G:0.18182
Average         T:0.24242    C:0.33333    A:0.24242    G:0.18182

#38: Yak            
position  1:    T:0.27273    C:0.13636    A:0.31818    G:0.27273
position  2:    T:0.27273    C:0.22727    A:0.40909    G:0.09091
position  3:    T:0.04545    C:0.72727    A:0.00000    G:0.22727
Average         T:0.19697    C:0.36364    A:0.24242    G:0.19697

#39: BlueSheep      
position  1:    T:0.27273    C:0.13636    A:0.31818    G:0.27273
position  2:    T:0.27273    C:0.22727    A:0.40909    G:0.09091
position  3:    T:0.18182    C:0.63636    A:0.00000    G:0.18182
Average         T:0.24242    C:0.33333    A:0.24242    G:0.18182

#40: BohorReedbuck  
position  1:    T:0.27273    C:0.13636    A:0.31818    G:0.27273
position  2:    T:0.27273    C:0.22727    A:0.40909    G:0.09091
position  3:    T:0.18182    C:0.63636    A:0.00000    G:0.18182
Average         T:0.24242    C:0.33333    A:0.24242    G:0.18182

#41: KirksDik       
position  1:    T:0.27273    C:0.13636    A:0.31818    G:0.27273
position  2:    T:0.27273    C:0.22727    A:0.40909    G:0.09091
position  3:    T:0.13636    C:0.68182    A:0.00000    G:0.18182
Average         T:0.22727    C:0.34848    A:0.24242    G:0.18182

#42: RoeDeer        
position  1:    T:0.27273    C:0.13636    A:0.31818    G:0.27273
position  2:    T:0.27273    C:0.22727    A:0.40909    G:0.09091
position  3:    T:0.13636    C:0.68182    A:0.00000    G:0.18182
Average         T:0.22727    C:0.34848    A:0.24242    G:0.18182

#43: WhiteLippedDeer
position  1:    T:0.27273    C:0.13636    A:0.31818    G:0.27273
position  2:    T:0.27273    C:0.22727    A:0.40909    G:0.09091
position  3:    T:0.13636    C:0.68182    A:0.00000    G:0.18182
Average         T:0.22727    C:0.34848    A:0.24242    G:0.18182

#44: ThomsonGazelle 
position  1:    T:0.27273    C:0.13636    A:0.31818    G:0.27273
position  2:    T:0.27273    C:0.22727    A:0.40909    G:0.09091
position  3:    T:0.13636    C:0.68182    A:0.00000    G:0.18182
Average         T:0.22727    C:0.34848    A:0.24242    G:0.18182

#45: MuntiacusCrinifrons
position  1:    T:0.27273    C:0.13636    A:0.31818    G:0.27273
position  2:    T:0.27273    C:0.22727    A:0.40909    G:0.09091
position  3:    T:0.09091    C:0.72727    A:0.00000    G:0.18182
Average         T:0.21212    C:0.36364    A:0.24242    G:0.18182

#46: WhiteTailedDeer
position  1:    T:0.27273    C:0.13636    A:0.31818    G:0.27273
position  2:    T:0.27273    C:0.22727    A:0.40909    G:0.09091
position  3:    T:0.09091    C:0.72727    A:0.00000    G:0.18182
Average         T:0.21212    C:0.36364    A:0.24242    G:0.18182

#47: Cattle         
position  1:    T:0.27273    C:0.13636    A:0.31818    G:0.27273
position  2:    T:0.27273    C:0.22727    A:0.40909    G:0.09091
position  3:    T:0.04545    C:0.72727    A:0.00000    G:0.22727
Average         T:0.19697    C:0.36364    A:0.24242    G:0.19697

#48: RoyalAntelope  
position  1:    T:0.27273    C:0.13636    A:0.31818    G:0.27273
position  2:    T:0.27273    C:0.22727    A:0.40909    G:0.09091
position  3:    T:0.18182    C:0.63636    A:0.00000    G:0.18182
Average         T:0.24242    C:0.33333    A:0.24242    G:0.18182

#49: Steenbok       
position  1:    T:0.27273    C:0.13636    A:0.31818    G:0.27273
position  2:    T:0.27273    C:0.22727    A:0.40909    G:0.09091
position  3:    T:0.13636    C:0.68182    A:0.00000    G:0.18182
Average         T:0.22727    C:0.34848    A:0.24242    G:0.18182

#50: Impala         
position  1:    T:0.27273    C:0.13636    A:0.31818    G:0.27273
position  2:    T:0.27273    C:0.22727    A:0.40909    G:0.09091
position  3:    T:0.13636    C:0.63636    A:0.04545    G:0.18182
Average         T:0.22727    C:0.33333    A:0.25758    G:0.18182

#51: Klipspringer   
position  1:    T:0.27273    C:0.13636    A:0.31818    G:0.27273
position  2:    T:0.27273    C:0.22727    A:0.40909    G:0.09091
