CODONML (in paml version 4.10.7, June 2023)  /home/rachel/ruminants_paml/6406-phy-tree/ENSBTAT00000045260.fasta.phy
Model: free dN/dS Ratios for branches,  kappa = 2.000 fixed

Codon frequency model: F3x4
ns =  54  ls =  30

Codon usage in sequences
--------------------------------------------------------------------------------------------------------------------------------------
Phe TTT   0   0   0   0   0   0 | Ser TCT   0   0   0   0   0   0 | Tyr TAT   0   1   1   0   0   0 | Cys TGT   0   0   0   0   0   0
    TTC   1   1   1   1   1   1 |     TCC   2   2   2   2   1   1 |     TAC   2   1   1   2   2   2 |     TGC   0   0   0   0   0   0
Leu TTA   0   0   0   0   0   0 |     TCA   0   0   0   0   2   1 | *** TAA   0   0   0   0   0   0 | *** TGA   0   0   0   0   0   0
    TTG   0   0   0   0   0   0 |     TCG   0   0   0   0   0   0 |     TAG   0   0   0   0   0   0 | Trp TGG   0   0   0   0   0   0
--------------------------------------------------------------------------------------------------------------------------------------
Leu CTT   0   0   0   0   0   0 | Pro CCT   0   0   0   0   0   0 | His CAT   0   0   0   0   1   0 | Arg CGT   0   0   0   0   0   0
    CTC   0   0   0   0   0   0 |     CCC   1   1   1   1   1   1 |     CAC   2   2   2   2   1   2 |     CGC   0   0   0   0   0   0
    CTA   0   0   0   0   1   0 |     CCA   0   0   0   0   0   0 | Gln CAA   0   1   0   0   0   0 |     CGA   0   0   0   0   0   0
    CTG   1   1   1   1   0   1 |     CCG   0   0   0   0   0   0 |     CAG   1   0   1   1   1   1 |     CGG   1   1   1   1   1   1
--------------------------------------------------------------------------------------------------------------------------------------
Ile ATT   0   0   0   0   1   0 | Thr ACT   0   1   0   0   0   0 | Asn AAT   1   0   0   0   0   0 | Ser AGT   1   1   1   1   1   0
    ATC   2   2   2   2   1   2 |     ACC   0   0   0   0   0   0 |     AAC   0   0   0   0   0   0 |     AGC   1   1   1   1   1   2
    ATA   0   0   0   0   0   0 |     ACA   2   1   2   2   0   2 | Lys AAA   0   0   0   0   0   0 | Arg AGA   0   0   0   0   0   0
Met ATG   0   0   0   0   0   0 |     ACG   0   0   0   0   1   0 |     AAG   3   3   3   3   3   3 |     AGG   0   0   0   0   0   0
--------------------------------------------------------------------------------------------------------------------------------------
Val GTT   1   0   1   1   0   0 | Ala GCT   0   0   0   1   0   0 | Asp GAT   0   0   2   2   1   0 | Gly GGT   0   0   0   0   0   0
    GTC   1   2   1   1   2   2 |     GCC   2   1   2   1   2   2 |     GAC   2   3   1   1   2   3 |     GGC   0   0   0   0   0   0
    GTA   0   0   0   0   0   0 |     GCA   0   0   0   0   0   0 | Glu GAA   0   0   0   0   0   0 |     GGA   0   0   0   0   0   0
    GTG   1   2   1   1   1   1 |     GCG   0   0   0   0   0   0 |     GAG   2   2   2   2   2   2 |     GGG   0   0   0   0   0   0
--------------------------------------------------------------------------------------------------------------------------------------

--------------------------------------------------------------------------------------------------------------------------------------
Phe TTT   0   0   0   0   0   0 | Ser TCT   0   0   0   0   0   0 | Tyr TAT   0   0   0   0   0   0 | Cys TGT   0   0   0   0   0   0
    TTC   1   1   1   1   1   1 |     TCC   2   2   2   2   2   2 |     TAC   2   2   2   2   2   2 |     TGC   0   0   0   0   0   0
Leu TTA   0   0   0   0   0   0 |     TCA   0   0   0   0   0   0 | *** TAA   0   0   0   0   0   0 | *** TGA   0   0   0   0   0   0
    TTG   0   0   0   0   0   0 |     TCG   0   0   0   0   0   0 |     TAG   0   0   0   0   0   0 | Trp TGG   0   0   0   0   0   0
--------------------------------------------------------------------------------------------------------------------------------------
Leu CTT   0   0   0   0   0   0 | Pro CCT   0   0   0   0   0   0 | His CAT   0   0   0   0   0   0 | Arg CGT   0   0   0   0   0   0
    CTC   0   0   0   0   0   0 |     CCC   1   1   1   1   1   1 |     CAC   2   2   2   2   2   2 |     CGC   0   0   0   0   0   0
    CTA   0   0   0   0   0   0 |     CCA   0   0   0   0   0   0 | Gln CAA   0   0   0   0   0   0 |     CGA   0   0   0   0   0   0
    CTG   1   1   1   1   1   1 |     CCG   0   0   0   0   0   0 |     CAG   1   1   1   1   1   1 |     CGG   1   1   1   1   1   1
--------------------------------------------------------------------------------------------------------------------------------------
Ile ATT   0   0   0   0   0   0 | Thr ACT   0   0   0   0   0   0 | Asn AAT   0   1   0   0   0   0 | Ser AGT   1   1   1   1   1   1
    ATC   2   2   2   2   2   2 |     ACC   0   0   0   0   0   0 |     AAC   0   0   0   0   0   0 |     AGC   1   1   1   1   1   1
    ATA   0   0   0   0   0   0 |     ACA   2   2   2   2   2   2 | Lys AAA   0   0   0   0   0   0 | Arg AGA   0   0   0   0   0   0
Met ATG   0   0   0   0   0   0 |     ACG   0   0   0   0   0   0 |     AAG   3   3   2   3   3   3 |     AGG   0   0   1   0   0   0
--------------------------------------------------------------------------------------------------------------------------------------
Val GTT   1   1   1   1   1   1 | Ala GCT   0   1   0   0   0   0 | Asp GAT   1   0   2   1   2   1 | Gly GGT   0   0   0   0   0   0
    GTC   1   1   1   1   1   1 |     GCC   2   1   2   2   2   2 |     GAC   2   2   1   2   1   2 |     GGC   0   0   0   0   0   0
    GTA   0   0   0   0   0   0 |     GCA   0   0   0   0   0   0 | Glu GAA   0   0   0   0   0   0 |     GGA   0   0   0   0   0   0
    GTG   1   1   1   1   1   1 |     GCG   0   0   0   0   0   0 |     GAG   2   2   2   2   2   2 |     GGG   0   0   0   0   0   0
--------------------------------------------------------------------------------------------------------------------------------------

--------------------------------------------------------------------------------------------------------------------------------------
Phe TTT   0   0   0   0   0   0 | Ser TCT   0   0   0   0   0   0 | Tyr TAT   0   0   0   0   0   0 | Cys TGT   0   0   0   0   0   0
    TTC   1   1   1   1   1   1 |     TCC   2   2   2   2   2   2 |     TAC   2   2   2   2   2   2 |     TGC   0   0   0   0   0   0
Leu TTA   0   0   0   0   0   0 |     TCA   0   0   0   0   0   0 | *** TAA   0   0   0   0   0   0 | *** TGA   0   0   0   0   0   0
    TTG   0   0   0   0   0   0 |     TCG   0   0   0   0   0   0 |     TAG   0   0   0   0   0   0 | Trp TGG   0   0   0   0   0   0
--------------------------------------------------------------------------------------------------------------------------------------
Leu CTT   0   0   0   0   0   0 | Pro CCT   0   0   0   0   0   0 | His CAT   0   0   0   0   0   0 | Arg CGT   0   0   0   0   0   0
    CTC   0   0   0   0   0   0 |     CCC   1   1   1   1   1   1 |     CAC   2   2   2   2   2   2 |     CGC   0   0   0   0   0   0
    CTA   0   0   0   0   0   0 |     CCA   0   0   0   0   0   0 | Gln CAA   0   1   0   0   0   0 |     CGA   0   0   0   0   0   0
    CTG   1   1   1   1   1   1 |     CCG   0   0   0   0   0   0 |     CAG   1   0   1   1   1   1 |     CGG   1   1   1   1   1   1
--------------------------------------------------------------------------------------------------------------------------------------
Ile ATT   0   0   0   0   0   0 | Thr ACT   0   0   0   0   0   0 | Asn AAT   1   0   0   0   0   0 | Ser AGT   1   1   1   1   1   1
    ATC   2   2   2   2   2   2 |     ACC   0   0   1   0   0   0 |     AAC   0   0   0   0   0   0 |     AGC   1   1   1   1   1   1
    ATA   0   0   0   0   0   0 |     ACA   2   2   2   2   2   2 | Lys AAA   0   0   0   0   0   0 | Arg AGA   0   0   0   0   0   0
Met ATG   0   0   0   0   0   0 |     ACG   0   0   0   0   0   0 |     AAG   3   3   3   2   3   3 |     AGG   0   0   0   1   0   0
--------------------------------------------------------------------------------------------------------------------------------------
Val GTT   1   1   1   1   1   1 | Ala GCT   0   0   0   0   0   0 | Asp GAT   0   2   1   1   1   1 | Gly GGT   0   0   0   0   0   0
    GTC   1   1   1   1   1   2 |     GCC   2   2   1   2   2   1 |     GAC   2   1   2   2   2   2 |     GGC   0   0   0   0   0   0
    GTA   0   0   0   0   0   0 |     GCA   0   0   0   0   0   0 | Glu GAA   0   0   0   0   0   0 |     GGA   0   0   0   0   0   0
    GTG   1   1   1   1   1   1 |     GCG   0   0   0   0   0   0 |     GAG   2   2   2   2   2   2 |     GGG   0   0   0   0   0   0
--------------------------------------------------------------------------------------------------------------------------------------

--------------------------------------------------------------------------------------------------------------------------------------
Phe TTT   0   0   0   0   0   0 | Ser TCT   0   0   0   0   0   0 | Tyr TAT   0   0   0   0   0   0 | Cys TGT   0   0   0   0   0   0
    TTC   1   1   1   1   1   1 |     TCC   2   2   2   2   2   2 |     TAC   2   2   2   2   2   2 |     TGC   0   0   0   0   0   0
Leu TTA   0   0   0   0   0   0 |     TCA   0   0   0   0   0   0 | *** TAA   0   0   0   0   0   0 | *** TGA   0   0   0   0   0   0
    TTG   0   0   0   0   0   0 |     TCG   0   0   0   0   0   0 |     TAG   0   0   0   0   0   0 | Trp TGG   0   0   0   0   0   0
--------------------------------------------------------------------------------------------------------------------------------------
Leu CTT   0   0   0   0   0   0 | Pro CCT   0   0   0   0   0   0 | His CAT   0   0   0   0   0   0 | Arg CGT   0   0   0   0   0   0
    CTC   0   0   0   0   0   0 |     CCC   1   1   1   1   1   1 |     CAC   2   2   2   2   2   2 |     CGC   0   0   0   0   0   0
    CTA   0   0   0   0   0   0 |     CCA   0   0   0   0   0   0 | Gln CAA   0   0   0   0   0   0 |     CGA   0   0   0   0   0   0
    CTG   1   1   1   1   1   1 |     CCG   0   0   0   0   0   0 |     CAG   1   1   1   1   1   1 |     CGG   1   1   1   1   1   1
--------------------------------------------------------------------------------------------------------------------------------------
Ile ATT   0   0   0   0   0   0 | Thr ACT   0   0   0   0   0   0 | Asn AAT   0   0   0   0   0   1 | Ser AGT   1   1   1   1   1   1
    ATC   2   2   2   2   2   2 |     ACC   0   0   0   0   0   0 |     AAC   0   0   0   0   0   0 |     AGC   1   1   1   1   1   1
    ATA   0   0   0   0   0   0 |     ACA   2   2   2   2   2   2 | Lys AAA   0   0   0   0   0   0 | Arg AGA   0   0   0   0   0   0
Met ATG   0   0   0   0   0   0 |     ACG   0   0   0   0   0   0 |     AAG   3   3   3   3   3   3 |     AGG   0   0   0   0   0   0
--------------------------------------------------------------------------------------------------------------------------------------
Val GTT   1   1   1   1   1   1 | Ala GCT   0   0   0   0   0   0 | Asp GAT   1   2   2   2   1   0 | Gly GGT   0   0   0   0   0   0
    GTC   1   1   1   1   1   1 |     GCC   2   2   2   2   2   2 |     GAC   2   1   1   1   2   2 |     GGC   0   0   0   0   0   0
    GTA   0   0   0   0   0   0 |     GCA   0   0   0   0   0   0 | Glu GAA   0   0   0   0   0   0 |     GGA   0   0   0   0   0   0
    GTG   1   1   1   1   1   1 |     GCG   0   0   0   0   0   0 |     GAG   2   2   2   2   2   2 |     GGG   0   0   0   0   0   0
--------------------------------------------------------------------------------------------------------------------------------------

--------------------------------------------------------------------------------------------------------------------------------------
Phe TTT   0   0   0   0   0   0 | Ser TCT   0   0   0   0   0   0 | Tyr TAT   0   0   0   0   0   0 | Cys TGT   0   0   0   0   0   0
    TTC   1   1   1   1   1   1 |     TCC   2   2   2   2   2   2 |     TAC   2   2   2   2   2   2 |     TGC   0   0   0   0   0   0
Leu TTA   0   0   0   0   0   0 |     TCA   0   0   0   0   0   0 | *** TAA   0   0   0   0   0   0 | *** TGA   0   0   0   0   0   0
    TTG   0   0   0   0   0   0 |     TCG   0   0   0   0   0   0 |     TAG   0   0   0   0   0   0 | Trp TGG   0   0   0   0   0   0
--------------------------------------------------------------------------------------------------------------------------------------
Leu CTT   0   0   0   0   0   0 | Pro CCT   0   0   0   0   0   0 | His CAT   0   0   0   0   0   0 | Arg CGT   0   0   0   0   0   0
    CTC   0   0   0   0   0   0 |     CCC   1   1   1   1   1   1 |     CAC   2   2   2   2   2   2 |     CGC   0   0   0   0   0   0
    CTA   0   0   0   0   0   0 |     CCA   0   0   0   0   0   0 | Gln CAA   0   0   0   0   0   0 |     CGA   0   0   0   0   0   0
    CTG   1   1   1   1   1   1 |     CCG   0   0   0   0   0   0 |     CAG   1   1   1   1   1   1 |     CGG   1   1   1   1   1   1
--------------------------------------------------------------------------------------------------------------------------------------
Ile ATT   0   0   0   0   0   0 | Thr ACT   0   0   0   0   0   0 | Asn AAT   0   0   1   0   0   0 | Ser AGT   1   1   1   1   1   1
    ATC   2   1   2   2   2   2 |     ACC   0   0   0   0   1   0 |     AAC   0   0   0   0   0   0 |     AGC   1   1   1   1   1   1
    ATA   0   1   0   0   0   0 |     ACA   2   2   2   2   2   2 | Lys AAA   0   0   0   0   0   0 | Arg AGA   0   0   0   0   0   0
Met ATG   0   0   0   0   0   0 |     ACG   0   0   0   0   0   0 |     AAG   3   3   3   3   3   3 |     AGG   0   0   0   0   0   0
--------------------------------------------------------------------------------------------------------------------------------------
Val GTT   1   0   1   1   1   1 | Ala GCT   0   1   0   0   0   0 | Asp GAT   1   1   0   1   1   2 | Gly GGT   0   0   0   0   0   0
    GTC   1   2   1   1   1   1 |     GCC   2   1   2   2   1   2 |     GAC   2   2   2   2   2   1 |     GGC   0   0   0   0   0   0
    GTA   0   0   0   0   0   0 |     GCA   0   0   0   0   0   0 | Glu GAA   0   0   0   0   0   0 |     GGA   0   0   0   0   0   0
    GTG   1   1   1   1   1   1 |     GCG   0   0   0   0   0   0 |     GAG   2   2   2   2   2   2 |     GGG   0   0   0   0   0   0
--------------------------------------------------------------------------------------------------------------------------------------

--------------------------------------------------------------------------------------------------------------------------------------
Phe TTT   0   0   0   0   0   0 | Ser TCT   0   0   0   0   1   0 | Tyr TAT   0   0   0   0   1   0 | Cys TGT   0   0   0   0   0   0
    TTC   1   1   1   1   1   1 |     TCC   2   2   2   2   1   2 |     TAC   2   2   2   2   1   2 |     TGC   0   0   0   0   0   0
Leu TTA   0   0   0   0   0   0 |     TCA   0   0   0   0   0   0 | *** TAA   0   0   0   0   0   0 | *** TGA   0   0   0   0   0   0
    TTG   0   0   0   0   0   0 |     TCG   0   0   0   0   0   0 |     TAG   0   0   0   0   0   0 | Trp TGG   0   0   0   0   0   0
--------------------------------------------------------------------------------------------------------------------------------------
Leu CTT   0   0   0   0   0   0 | Pro CCT   0   0   0   0   0   0 | His CAT   0   0   0   0   1   0 | Arg CGT   0   0   0   0   0   0
    CTC   0   0   0   0   0   0 |     CCC   1   1   1   1   1   1 |     CAC   2   2   2   2   1   2 |     CGC   0   0   0   0   0   0
    CTA   0   0   0   0   0   0 |     CCA   0   0   0   0   0   0 | Gln CAA   0   0   0   0   0   0 |     CGA   0   0   0   0   0   0
    CTG   1   1   1   1   1   1 |     CCG   0   0   0   0   0   0 |     CAG   2   1   1   1   1   1 |     CGG   0   1   1   1   1   1
--------------------------------------------------------------------------------------------------------------------------------------
Ile ATT   0   0   0   0   0   0 | Thr ACT   0   0   0   0   0   0 | Asn AAT   0   0   0   0   0   0 | Ser AGT   1   1   1   1   1   1
    ATC   2   2   2   2   2   2 |     ACC   0   0   0   0   0   1 |     AAC   0   0   0   0   0   0 |     AGC   1   1   1   1   1   1
    ATA   0   0   0   0   0   0 |     ACA   2   2   2   2   2   2 | Lys AAA   0   0   0   0   0   0 | Arg AGA   0   0   0   0   0   0
Met ATG   0   0   0   0   0   0 |     ACG   0   0   0   0   0   0 |     AAG   3   3   3   2   3   3 |     AGG   0   0   0   1   0   0
--------------------------------------------------------------------------------------------------------------------------------------
Val GTT   1   1   1   1   1   1 | Ala GCT   0   0   0   0   0   0 | Asp GAT   1   2   1   1   1   1 | Gly GGT   0   0   0   0   0   0
    GTC   1   1   1   1   1   1 |     GCC   2   2   2   2   2   1 |     GAC   2   1   2   2   2   2 |     GGC   0   0   0   0   0   0
    GTA   0   0   0   0   0   0 |     GCA   0   0   0   0   0   0 | Glu GAA   0   0   0   0   0   0 |     GGA   0   0   0   0   0   0
    GTG   1   1   1   1   1   1 |     GCG   0   0   0   0   0   0 |     GAG   2   2   2   2   2   2 |     GGG   0   0   0   0   0   0
--------------------------------------------------------------------------------------------------------------------------------------

--------------------------------------------------------------------------------------------------------------------------------------
Phe TTT   1   0   0   0   0   0 | Ser TCT   0   1   0   0   0   0 | Tyr TAT   0   0   0   0   0   1 | Cys TGT   0   0   0   0   0   0
    TTC   0   1   1   1   1   1 |     TCC   2   1   2   2   2   2 |     TAC   2   2   2   2   2   1 |     TGC   0   0   0   0   0   0
Leu TTA   0   0   0   0   0   0 |     TCA   0   0   0   0   0   0 | *** TAA   0   0   0   0   0   0 | *** TGA   0   0   0   0   0   0
    TTG   0   0   0   0   0   1 |     TCG   0   0   0   0   0   0 |     TAG   0   0   0   0   0   0 | Trp TGG   0   0   0   0   0   0
--------------------------------------------------------------------------------------------------------------------------------------
Leu CTT   0   0   0   0   0   0 | Pro CCT   0   0   0   0   0   0 | His CAT   0   0   0   0   0   0 | Arg CGT   0   0   0   0   0   0
    CTC   0   0   0   0   0   0 |     CCC   1   1   1   1   1   1 |     CAC   2   2   2   2   2   2 |     CGC   0   0   0   0   0   0
    CTA   0   0   0   0   0   0 |     CCA   0   0   0   0   0   0 | Gln CAA   0   1   0   0   0   0 |     CGA   0   0   0   0   0   0
    CTG   1   1   1   1   1   0 |     CCG   0   0   0   0   0   0 |     CAG   1   0   1   1   1   1 |     CGG   1   1   1   1   1   1
--------------------------------------------------------------------------------------------------------------------------------------
Ile ATT   0   0   0   0   0   0 | Thr ACT   0   0   0   0   0   0 | Asn AAT   0   0   0   0   0   0 | Ser AGT   1   1   1   1   1   1
    ATC   2   2   2   2   2   2 |     ACC   1   0   0   0   0   0 |     AAC   0   0   0   0   0   0 |     AGC   1   1   1   1   1   1
    ATA   0   0   0   0   0   0 |     ACA   2   2   2   2   2   2 | Lys AAA   0   0   0   0   0   0 | Arg AGA   0   0   0   0   0   0
Met ATG   0   0   0   0   0   0 |     ACG   0   0   0   0   0   0 |     AAG   3   3   3   3   3   3 |     AGG   0   0   0   0   0   0
--------------------------------------------------------------------------------------------------------------------------------------
Val GTT   1   1   1   1   1   0 | Ala GCT   0   0   0   0   0   1 | Asp GAT   1   2   1   1   1   1 | Gly GGT   0   0   0   0   0   0
    GTC   1   1   1   1   1   2 |     GCC   1   2   2   2   2   1 |     GAC   2   1   2   2   2   2 |     GGC   0   0   0   0   0   0
    GTA   0   0   0   0   0   1 |     GCA   0   0   0   0   0   0 | Glu GAA   0   0   0   0   0   0 |     GGA   0   0   0   0   0   0
    GTG   1   1   1   1   1   0 |     GCG   0   0   0   0   0   0 |     GAG   2   2   2   2   2   2 |     GGG   0   0   0   0   0   0
--------------------------------------------------------------------------------------------------------------------------------------

--------------------------------------------------------------------------------------------------------------------------------------
Phe TTT   0   0   0   0   0   0 | Ser TCT   0   0   0   0   1   0 | Tyr TAT   0   0   0   0   0   0 | Cys TGT   0   0   0   0   0   0
    TTC   1   1   1   1   1   1 |     TCC   2   2   2   2   1   2 |     TAC   2   2   2   2   2   2 |     TGC   0   0   0   0   0   0
Leu TTA   0   0   0   0   0   0 |     TCA   0   0   0   0   0   0 | *** TAA   0   0   0   0   0   0 | *** TGA   0   0   0   0   0   0
    TTG   0   0   0   0   0   0 |     TCG   0   0   0   0   0   0 |     TAG   0   0   0   0   0   0 | Trp TGG   0   0   0   0   0   0
--------------------------------------------------------------------------------------------------------------------------------------
Leu CTT   0   0   0   0   0   0 | Pro CCT   0   0   0   0   0   0 | His CAT   0   0   0   0   0   0 | Arg CGT   0   0   0   0   0   0
    CTC   0   0   0   0   0   0 |     CCC   1   1   1   1   1   1 |     CAC   2   2   2   2   2   2 |     CGC   0   0   0   0   0   0
    CTA   0   0   0   0   0   0 |     CCA   0   0   0   0   0   0 | Gln CAA   0   0   0   0   1   0 |     CGA   0   0   0   0   0   0
    CTG   1   1   1   1   1   1 |     CCG   0   0   0   0   0   0 |     CAG   1   1   1   1   0   1 |     CGG   1   1   1   1   1   1
--------------------------------------------------------------------------------------------------------------------------------------
Ile ATT   0   0   0   0   0   0 | Thr ACT   0   0   0   0   0   0 | Asn AAT   0   0   0   0   0   0 | Ser AGT   1   1   1   1   1   1
    ATC   2   2   2   2   2   2 |     ACC   0   1   0   0   0   0 |     AAC   0   0   0   0   0   0 |     AGC   1   1   1   1   1   1
    ATA   0   0   0   0   0   0 |     ACA   2   2   2   2   2   2 | Lys AAA   0   0   0   0   0   0 | Arg AGA   0   0   0   0   0   0
Met ATG   0   0   0   0   0   0 |     ACG   0   0   0   0   0   0 |     AAG   3   3   3   3   3   2 |     AGG   0   0   0   0   0   1
--------------------------------------------------------------------------------------------------------------------------------------
Val GTT   1   1   1   0   1   1 | Ala GCT   0   0   0   1   0   1 | Asp GAT   1   1   1   1   2   1 | Gly GGT   0   0   0   0   0   0
    GTC   1   1   1   2   1   1 |     GCC   2   1   2   1   2   1 |     GAC   2   2   2   2   1   2 |     GGC   0   0   0   0   0   0
    GTA   0   0   0   0   0   0 |     GCA   0   0   0   0   0   0 | Glu GAA   0   0   0   0   0   0 |     GGA   0   0   0   0   0   0
    GTG   1   1   1   1   1   1 |     GCG   0   0   0   0   0   0 |     GAG   2   2   2   2   2   2 |     GGG   0   0   0   0   0   0
--------------------------------------------------------------------------------------------------------------------------------------

--------------------------------------------------------------------------------------------------------------------------------------
Phe TTT   0   0   0   0   0   0 | Ser TCT   0   0   0   0   0   0 | Tyr TAT   0   0   0   0   0   0 | Cys TGT   0   0   0   0   0   0
    TTC   1   1   1   1   1   1 |     TCC   2   2   2   2   2   2 |     TAC   2   2   2   2   2   2 |     TGC   0   0   0   0   0   0
Leu TTA   0   0   0   0   0   0 |     TCA   0   0   0   0   0   0 | *** TAA   0   0   0   0   0   0 | *** TGA   0   0   0   0   0   0
    TTG   0   0   0   0   0   0 |     TCG   0   0   0   0   0   0 |     TAG   0   0   0   0   0   0 | Trp TGG   0   0   0   0   0   0
--------------------------------------------------------------------------------------------------------------------------------------
Leu CTT   0   0   0   0   0   0 | Pro CCT   0   0   0   0   0   0 | His CAT   0   0   0   0   0   0 | Arg CGT   0   0   0   0   0   0
    CTC   0   0   0   0   0   0 |     CCC   1   1   1   1   1   1 |     CAC   2   2   2   2   2   2 |     CGC   0   0   0   0   0   0
    CTA   0   0   0   0   0   0 |     CCA   0   0   0   0   0   0 | Gln CAA   0   0   0   0   0   0 |     CGA   0   0   0   0   0   0
    CTG   1   1   1   1   1   1 |     CCG   0   0   0   0   0   0 |     CAG   1   1   1   1   1   1 |     CGG   1   1   1   1   1   1
--------------------------------------------------------------------------------------------------------------------------------------
Ile ATT   0   0   0   0   0   0 | Thr ACT   0   0   0   0   0   0 | Asn AAT   0   0   0   0   0   0 | Ser AGT   1   1   2   1   1   1
    ATC   2   2   2   2   2   2 |     ACC   0   0   0   0   0   0 |     AAC   0   0   0   0   0   0 |     AGC   1   1   0   1   1   1
    ATA   0   0   0   0   0   0 |     ACA   2   2   2   2   2   2 | Lys AAA   0   0   0   0   0   0 | Arg AGA   0   0   0   0   0   0
Met ATG   0   0   0   0   0   0 |     ACG   0   0   0   0   0   0 |     AAG   3   3   2   3   3   3 |     AGG   0   0   1   0   0   0
--------------------------------------------------------------------------------------------------------------------------------------
Val GTT   1   1   1   1   1   1 | Ala GCT   0   1   0   1   0   1 | Asp GAT   2   1   1   2   2   2 | Gly GGT   0   0   0   0   0   0
    GTC   1   1   1   1   1   1 |     GCC   2   1   2   1   2   1 |     GAC   1   2   2   1   1   1 |     GGC   0   0   0   0   0   0
    GTA   0   0   0   0   0   0 |     GCA   0   0   0   0   0   0 | Glu GAA   0   0   0   0   0   0 |     GGA   0   0   0   0   0   0
    GTG   1   1   1   1   1   1 |     GCG   0   0   0   0   0   0 |     GAG   2   2   2   2   2   2 |     GGG   0   0   0   0   0   0
--------------------------------------------------------------------------------------------------------------------------------------

Codon position x base (3x4) table for each sequence.

#1: Argali         
position  1:    T:0.16667    C:0.20000    A:0.33333    G:0.30000
position  2:    T:0.23333    C:0.23333    A:0.43333    G:0.10000
position  3:    T:0.10000    C:0.53333    A:0.06667    G:0.30000
Average         T:0.16667    C:0.32222    A:0.27778    G:0.23333

#2: LesserMouseDeer
position  1:    T:0.16667    C:0.20000    A:0.30000    G:0.33333
position  2:    T:0.26667    C:0.20000    A:0.43333    G:0.10000
position  3:    T:0.10000    C:0.53333    A:0.06667    G:0.30000
Average         T:0.17778    C:0.31111    A:0.26667    G:0.24444

#3: LesserKudu     
position  1:    T:0.16667    C:0.20000    A:0.30000    G:0.33333
position  2:    T:0.23333    C:0.23333    A:0.43333    G:0.10000
position  3:    T:0.16667    C:0.46667    A:0.06667    G:0.30000
Average         T:0.18889    C:0.30000    A:0.26667    G:0.24444

#4: ForestMuskDeer2
position  1:    T:0.16667    C:0.20000    A:0.30000    G:0.33333
position  2:    T:0.23333    C:0.23333    A:0.43333    G:0.10000
position  3:    T:0.16667    C:0.46667    A:0.06667    G:0.30000
Average         T:0.18889    C:0.30000    A:0.26667    G:0.24444

#5: Camel          
position  1:    T:0.20000    C:0.20000    A:0.26667    G:0.33333
position  2:    T:0.23333    C:0.23333    A:0.43333    G:0.10000
position  3:    T:0.13333    C:0.46667    A:0.10000    G:0.30000
Average         T:0.18889    C:0.30000    A:0.26667    G:0.24444

#6: KillerWhale    
position  1:    T:0.16667    C:0.20000    A:0.30000    G:0.33333
position  2:    T:0.23333    C:0.23333    A:0.43333    G:0.10000
position  3:    T:0.00000    C:0.60000    A:0.10000    G:0.30000
Average         T:0.13333    C:0.34444    A:0.27778    G:0.24444

#7: DefassaWaterbuck
position  1:    T:0.16667    C:0.20000    A:0.30000    G:0.33333
position  2:    T:0.23333    C:0.23333    A:0.43333    G:0.10000
position  3:    T:0.10000    C:0.53333    A:0.06667    G:0.30000
Average         T:0.16667    C:0.32222    A:0.26667    G:0.24444

#8: Sheep          
position  1:    T:0.16667    C:0.20000    A:0.33333    G:0.30000
position  2:    T:0.23333    C:0.23333    A:0.43333    G:0.10000
position  3:    T:0.13333    C:0.50000    A:0.06667    G:0.30000
Average         T:0.17778    C:0.31111    A:0.27778    G:0.23333

#9: MaxwellsDuiker 
position  1:    T:0.16667    C:0.20000    A:0.30000    G:0.33333
position  2:    T:0.23333    C:0.23333    A:0.40000    G:0.13333
position  3:    T:0.13333    C:0.50000    A:0.06667    G:0.30000
Average         T:0.17778    C:0.31111    A:0.25556    G:0.25556

#10: GazellaPrzewalskyi
position  1:    T:0.16667    C:0.20000    A:0.30000    G:0.33333
position  2:    T:0.23333    C:0.23333    A:0.43333    G:0.10000
position  3:    T:0.10000    C:0.53333    A:0.06667    G:0.30000
Average         T:0.16667    C:0.32222    A:0.26667    G:0.24444

#11: MountainNyala  
position  1:    T:0.16667    C:0.20000    A:0.30000    G:0.33333
position  2:    T:0.23333    C:0.23333    A:0.43333    G:0.10000
position  3:    T:0.13333    C:0.50000    A:0.06667    G:0.30000
Average         T:0.17778    C:0.31111    A:0.26667    G:0.24444

#12: MuntiacusMuntjak
position  1:    T:0.16667    C:0.20000    A:0.30000    G:0.33333
position  2:    T:0.23333    C:0.23333    A:0.43333    G:0.10000
position  3:    T:0.10000    C:0.53333    A:0.06667    G:0.30000
Average         T:0.16667    C:0.32222    A:0.26667    G:0.24444

#13: goat           
position  1:    T:0.16667    C:0.20000    A:0.33333    G:0.30000
position  2:    T:0.23333    C:0.23333    A:0.43333    G:0.10000
position  3:    T:0.10000    C:0.53333    A:0.06667    G:0.30000
Average         T:0.16667    C:0.32222    A:0.27778    G:0.23333

#14: AfricanBuffalo 
position  1:    T:0.16667    C:0.20000    A:0.30000    G:0.33333
position  2:    T:0.23333    C:0.23333    A:0.43333    G:0.10000
position  3:    T:0.13333    C:0.50000    A:0.10000    G:0.26667
Average         T:0.17778    C:0.31111    A:0.27778    G:0.23333

#15: Topi           
position  1:    T:0.16667    C:0.20000    A:0.33333    G:0.30000
position  2:    T:0.23333    C:0.23333    A:0.43333    G:0.10000
position  3:    T:0.10000    C:0.53333    A:0.06667    G:0.30000
Average         T:0.16667    C:0.32222    A:0.27778    G:0.23333

#16: CommonDuiker   
position  1:    T:0.16667    C:0.20000    A:0.30000    G:0.33333
position  2:    T:0.23333    C:0.23333    A:0.40000    G:0.13333
position  3:    T:0.10000    C:0.53333    A:0.06667    G:0.30000
Average         T:0.16667    C:0.32222    A:0.25556    G:0.25556

#17: Suni           
position  1:    T:0.16667    C:0.20000    A:0.30000    G:0.33333
position  2:    T:0.23333    C:0.23333    A:0.43333    G:0.10000
position  3:    T:0.10000    C:0.53333    A:0.06667    G:0.30000
Average         T:0.16667    C:0.32222    A:0.26667    G:0.24444

#18: Springbuck     
position  1:    T:0.16667    C:0.20000    A:0.30000    G:0.33333
position  2:    T:0.26667    C:0.20000    A:0.43333    G:0.10000
position  3:    T:0.10000    C:0.53333    A:0.06667    G:0.30000
Average         T:0.17778    C:0.31111    A:0.26667    G:0.24444

#19: Okapi          
position  1:    T:0.16667    C:0.20000    A:0.30000    G:0.33333
position  2:    T:0.23333    C:0.23333    A:0.43333    G:0.10000
position  3:    T:0.10000    C:0.53333    A:0.06667    G:0.30000
Average         T:0.16667    C:0.32222    A:0.26667    G:0.24444

#20: Giraffe        
position  1:    T:0.16667    C:0.20000    A:0.30000    G:0.33333
position  2:    T:0.23333    C:0.23333    A:0.43333    G:0.10000
position  3:    T:0.13333    C:0.50000    A:0.06667    G:0.30000
Average         T:0.17778    C:0.31111    A:0.26667    G:0.24444

#21: TibetanAntelope
position  1:    T:0.16667    C:0.20000    A:0.30000    G:0.33333
position  2:    T:0.23333    C:0.23333    A:0.43333    G:0.10000
position  3:    T:0.13333    C:0.50000    A:0.06667    G:0.30000
Average         T:0.17778    C:0.31111    A:0.26667    G:0.24444

#22: Sitatunga      
position  1:    T:0.16667    C:0.20000    A:0.30000    G:0.33333
position  2:    T:0.23333    C:0.23333    A:0.43333    G:0.10000
position  3:    T:0.13333    C:0.50000    A:0.06667    G:0.30000
Average         T:0.17778    C:0.31111    A:0.26667    G:0.24444

#23: Oribi          
position  1:    T:0.16667    C:0.20000    A:0.30000    G:0.33333
position  2:    T:0.23333    C:0.23333    A:0.43333    G:0.10000
position  3:    T:0.10000    C:0.53333    A:0.06667    G:0.30000
Average         T:0.16667    C:0.32222    A:0.26667    G:0.24444

#24: BarbarySheep   
position  1:    T:0.16667    C:0.20000    A:0.33333    G:0.30000
position  2:    T:0.23333    C:0.23333    A:0.43333    G:0.10000
position  3:    T:0.10000    C:0.53333    A:0.06667    G:0.30000
Average         T:0.16667    C:0.32222    A:0.27778    G:0.23333

#25: Daviddeer      
position  1:    T:0.16667    C:0.20000    A:0.30000    G:0.33333
position  2:    T:0.23333    C:0.23333    A:0.43333    G:0.10000
position  3:    T:0.10000    C:0.53333    A:0.06667    G:0.30000
Average         T:0.16667    C:0.32222    A:0.26667    G:0.24444

#26: Reindeer       
position  1:    T:0.16667    C:0.20000    A:0.30000    G:0.33333
position  2:    T:0.23333    C:0.23333    A:0.43333    G:0.10000
position  3:    T:0.10000    C:0.50000    A:0.10000    G:0.30000
Average         T:0.16667    C:0.31111    A:0.27778    G:0.24444

#27: Ibex           
position  1:    T:0.16667    C:0.20000    A:0.33333    G:0.30000
position  2:    T:0.23333    C:0.23333    A:0.43333    G:0.10000
position  3:    T:0.10000    C:0.53333    A:0.06667    G:0.30000
Average         T:0.16667    C:0.32222    A:0.27778    G:0.23333

#28: GyrantGazelle  
position  1:    T:0.16667    C:0.20000    A:0.30000    G:0.33333
position  2:    T:0.23333    C:0.23333    A:0.43333    G:0.10000
position  3:    T:0.10000    C:0.53333    A:0.06667    G:0.30000
Average         T:0.16667    C:0.32222    A:0.26667    G:0.24444

#29: Hartebeest     
position  1:    T:0.16667    C:0.20000    A:0.33333    G:0.30000
position  2:    T:0.23333    C:0.23333    A:0.43333    G:0.10000
position  3:    T:0.10000    C:0.53333    A:0.06667    G:0.30000
Average         T:0.16667    C:0.32222    A:0.27778    G:0.23333

#30: Bongo          
position  1:    T:0.16667    C:0.20000    A:0.30000    G:0.33333
position  2:    T:0.23333    C:0.23333    A:0.43333    G:0.10000
position  3:    T:0.13333    C:0.50000    A:0.06667    G:0.30000
Average         T:0.17778    C:0.31111    A:0.26667    G:0.24444

#31: Gerenuk        
position  1:    T:0.16667    C:0.20000    A:0.30000    G:0.33333
position  2:    T:0.23333    C:0.23333    A:0.46667    G:0.06667
position  3:    T:0.10000    C:0.53333    A:0.06667    G:0.30000
Average         T:0.16667    C:0.32222    A:0.27778    G:0.23333

#32: CommonEland    
position  1:    T:0.16667    C:0.20000    A:0.30000    G:0.33333
position  2:    T:0.23333    C:0.23333    A:0.43333    G:0.10000
position  3:    T:0.13333    C:0.50000    A:0.06667    G:0.30000
Average         T:0.17778    C:0.31111    A:0.26667    G:0.24444

#33: MuntiacusReevesi
position  1:    T:0.16667    C:0.20000    A:0.30000    G:0.33333
position  2:    T:0.23333    C:0.23333    A:0.43333    G:0.10000
position  3:    T:0.10000    C:0.53333    A:0.06667    G:0.30000
Average         T:0.16667    C:0.32222    A:0.26667    G:0.24444

#34: HarveysDuiker  
position  1:    T:0.16667    C:0.20000    A:0.30000    G:0.33333
position  2:    T:0.23333    C:0.23333    A:0.40000    G:0.13333
position  3:    T:0.10000    C:0.53333    A:0.06667    G:0.30000
Average         T:0.16667    C:0.32222    A:0.25556    G:0.25556

#35: Pronghorn      
position  1:    T:0.16667    C:0.20000    A:0.30000    G:0.33333
position  2:    T:0.23333    C:0.23333    A:0.43333    G:0.10000
position  3:    T:0.20000    C:0.43333    A:0.06667    G:0.30000
Average         T:0.20000    C:0.28889    A:0.26667    G:0.24444

#36: BlueWildebeest 
position  1:    T:0.16667    C:0.20000    A:0.33333    G:0.30000
position  2:    T:0.23333    C:0.23333    A:0.43333    G:0.10000
position  3:    T:0.10000    C:0.53333    A:0.06667    G:0.30000
Average         T:0.16667    C:0.32222    A:0.27778    G:0.23333

#37: Gemsbok        
position  1:    T:0.16667    C:0.20000    A:0.33333    G:0.30000
position  2:    T:0.23333    C:0.23333    A:0.43333    G:0.10000
position  3:    T:0.13333    C:0.50000    A:0.06667    G:0.30000
Average         T:0.17778    C:0.31111    A:0.27778    G:0.23333

#38: Yak            
position  1:    T:0.16667    C:0.20000    A:0.30000    G:0.33333
position  2:    T:0.23333    C:0.23333    A:0.43333    G:0.10000
position  3:    T:0.16667    C:0.46667    A:0.10000    G:0.26667
Average         T:0.18889    C:0.30000    A:0.27778    G:0.23333

#39: BlueSheep      
position  1:    T:0.16667    C:0.20000    A:0.30000    G:0.33333
position  2:    T:0.23333    C:0.23333    A:0.43333    G:0.10000
position  3:    T:0.10000    C:0.53333    A:0.06667    G:0.30000
Average         T:0.16667    C:0.32222    A:0.26667    G:0.24444

#40: BohorReedbuck  
position  1:    T:0.16667    C:0.20000    A:0.30000    G:0.33333
position  2:    T:0.23333    C:0.23333    A:0.43333    G:0.10000
position  3:    T:0.10000    C:0.53333    A:0.06667    G:0.30000
Average         T:0.16667    C:0.32222    A:0.26667    G:0.24444

#41: KirksDik       
position  1:    T:0.16667    C:0.20000    A:0.30000    G:0.33333
position  2:    T:0.23333    C:0.23333    A:0.43333    G:0.10000
position  3:    T:0.10000    C:0.53333    A:0.06667    G:0.30000
Average         T:0.16667    C:0.32222    A:0.26667    G:0.24444

#42: RoeDeer        
position  1:    T:0.20000    C:0.16667    A:0.30000    G:0.33333
position  2:    T:0.23333    C:0.23333    A:0.43333    G:0.10000
position  3:    T:0.13333    C:0.50000    A:0.10000    G:0.26667
Average         T:0.18889    C:0.30000    A:0.27778    G:0.23333

#43: WhiteLippedDeer
position  1:    T:0.16667    C:0.20000    A:0.30000    G:0.33333
position  2:    T:0.23333    C:0.23333    A:0.43333    G:0.10000
position  3:    T:0.10000    C:0.53333    A:0.06667    G:0.30000
Average         T:0.16667    C:0.32222    A:0.26667    G:0.24444

#44: ThomsonGazelle 
position  1:    T:0.16667    C:0.20000    A:0.33333    G:0.30000
position  2:    T:0.23333    C:0.23333    A:0.43333    G:0.10000
position  3:    T:0.10000    C:0.53333    A:0.06667    G:0.30000
Average         T:0.16667    C:0.32222    A:0.27778    G:0.23333

#45: MuntiacusCrinifrons
position  1:    T:0.16667    C:0.20000    A:0.30000    G:0.33333
position  2:    T:0.23333    C:0.23333    A:0.43333    G:0.10000
position  3:    T:0.10000    C:0.53333    A:0.06667    G:0.30000
Average         T:0.16667    C:0.32222    A:0.26667    G:0.24444

#46: WhiteTailedDeer
position  1:    T:0.16667    C:0.20000    A:0.30000    G:0.33333
position  2:    T:0.23333    C:0.23333    A:0.43333    G:0.10000
position  3:    T:0.10000    C:0.53333    A:0.06667    G:0.30000
Average         T:0.16667    C:0.32222    A:0.26667    G:0.24444

#47: Cattle         
position  1:    T:0.16667    C:0.20000    A:0.30000    G:0.33333
position  2:    T:0.23333    C:0.23333    A:0.43333    G:0.10000
position  3:    T:0.16667    C:0.46667    A:0.10000    G:0.26667
Average         T:0.18889    C:0.30000    A:0.27778    G:0.23333

#48: RoyalAntelope  
position  1:    T:0.16667    C:0.20000    A:0.30000    G:0.33333
position  2:    T:0.23333    C:0.23333    A:0.40000    G:0.13333
position  3:    T:0.13333    C:0.50000    A:0.06667    G:0.30000
Average         T:0.17778    C:0.31111    A:0.25556    G:0.25556

#49: Steenbok       
position  1:    T:0.16667    C:0.20000    A:0.30000    G:0.33333
position  2:    T:0.23333    C:0.23333    A:0.43333    G:0.10000
position  3:    T:0.13333    C:0.50000    A:0.06667    G:0.30000
Average         T:0.17778    C:0.31111    A:0.26667    G:0.24444

#50: Impala         
position  1:    T:0.16667    C:0.20000    A:0.30000    G:0.33333
position  2:    T:0.23333    C:0.23333    A:0.43333    G:0.10000
position  3:    T:0.13333    C:0.50000    A:0.06667    G:0.30000
Average         T:0.17778    C:0.31111    A:0.26667    G:0.24444

#51: Klipspringer   
position  1:    T:0.16667    C:0.20000    A:0.30000    G:0.33333
position  2:    T:0.23333    C:0.23333    A:0.40000    G:0.13333
