1
52 1
Argali 0.000000 0.183000 0.056400 0.158800 0.051400 0.004100 0.077800 0.051100 0.060700 0.065800 0.004200 0.070000 0.047000 0.042400 0.056000 0.046900 0.056500 0.060900 0.024600 0.060700 0.046900 0.016900 0.084400 0.065500 0.004200 0.051200 0.051400 0.060700 0.042600 0.051700 0.079800 0.042500 0.108300 0.051500 0.069200 0.064900 0.012600 0.047100 0.060400 0.070100 0.084200 0.051200 0.056800 0.061100 0.069300 0.046800 0.042500 0.056000 0.029500 0.060400 0.060700 0.056200
LesserMous 0.183000 0.000000 0.173100 0.169500 0.203700 0.188300 0.239900 0.181400 0.182900 0.178700 0.183800 0.188900 0.188000 0.176500 0.166300 0.187600 0.173200 0.167600 0.162300 0.183000 0.187700 0.183800 0.200200 0.193400 0.183800 0.192100 0.182800 0.182900 0.182400 0.182800 0.189800 0.182100 0.206200 0.194000 0.188200 0.197800 0.194300 0.193400 0.204000 0.188300 0.204900 0.192400 0.178700 0.188500 0.192000 0.187100 0.171800 0.166300 0.166800 0.181800 0.182900 0.177700
LesserKudu 0.056400 0.173100 0.000000 0.139000 0.056400 0.051900 0.115800 0.056000 0.012600 0.061400 0.056300 0.042800 0.051900 0.047200 0.042800 0.051800 0.043300 0.047600 0.029900 0.012600 0.051800 0.060900 0.061600 0.061100 0.056300 0.056100 0.056300 0.012600 0.056200 0.012600 0.075300 0.047300 0.094200 0.056500 0.065400 0.042700 0.065200 0.052000 0.056500 0.065800 0.070600 0.065100 0.061400 0.056700 0.038300 0.051700 0.047300 0.042800 0.051700 0.047200 0.012600 0.008400
KillerWhal 0.158800 0.169500 0.139000 0.000000 0.158600 0.153800 0.231700 0.167700 0.153500 0.164900 0.154400 0.164300 0.163800 0.152600 0.152800 0.163500 0.138600 0.143400 0.138600 0.153600 0.163600 0.154400 0.165500 0.159200 0.154400 0.167900 0.158700 0.153500 0.168600 0.153500 0.176000 0.158100 0.181500 0.164300 0.164100 0.168200 0.164600 0.153600 0.169300 0.154200 0.165000 0.178400 0.164900 0.154400 0.162600 0.163000 0.158100 0.152800 0.153100 0.157900 0.153500 0.148500
DefassaWat 0.051400 0.203700 0.056400 0.158600 0.000000 0.047000 0.115000 0.059700 0.069700 0.084300 0.047200 0.061000 0.055600 0.051000 0.056100 0.055600 0.056600 0.061000 0.034000 0.069700 0.055600 0.051700 0.075300 0.074700 0.047200 0.059100 0.060000 0.069700 0.060000 0.060700 0.089200 0.040600 0.117900 0.060200 0.069000 0.074000 0.056000 0.012300 0.060300 0.070200 0.084400 0.069200 0.075100 0.070200 0.069300 0.046800 0.042400 0.056000 0.055500 0.069500 0.069700 0.065200
Sheep 0.004100 0.188300 0.051900 0.153800 0.047000 0.000000 0.082400 0.046700 0.056200 0.070400 0.000000 0.065500 0.042600 0.038100 0.051600 0.042600 0.052100 0.056500 0.020500 0.056300 0.042600 0.012700 0.079800 0.061000 0.000000 0.046800 0.047000 0.056200 0.046900 0.047300 0.084400 0.038200 0.103500 0.047100 0.064800 0.060500 0.008400 0.042700 0.055900 0.065600 0.079500 0.055600 0.061300 0.056600 0.064800 0.042500 0.038200 0.051500 0.033800 0.056000 0.056200 0.051800
MaxwellsDu 0.077800 0.239900 0.115800 0.231700 0.115000 0.082400 0.000000 0.109400 0.115500 0.116500 0.082600 0.130400 0.105200 0.091000 0.115100 0.105300 0.116100 0.120800 0.082300 0.115600 0.105200 0.087400 0.136300 0.121000 0.082600 0.100400 0.109900 0.115500 0.100600 0.106000 0.131400 0.091300 0.171600 0.110200 0.128900 0.134200 0.082700 0.110400 0.119800 0.125900 0.135900 0.100600 0.107000 0.116300 0.129100 0.105100 0.100400 0.115100 0.086600 0.119800 0.115500 0.110700
GazellaPrz 0.051100 0.181400 0.056000 0.167700 0.059700 0.046700 0.109400 0.000000 0.060300 0.074400 0.046800 0.069500 0.055200 0.042000 0.046800 0.033500 0.056100 0.051600 0.025200 0.060300 0.033500 0.051300 0.083800 0.074100 0.046800 0.037500 0.059600 0.060300 0.037800 0.051400 0.079100 0.040300 0.107400 0.059800 0.068500 0.073500 0.055600 0.051000 0.051000 0.078800 0.092900 0.046400 0.065300 0.069700 0.068800 0.046400 0.025000 0.046800 0.046400 0.060000 0.060300 0.055800
MountainNy 0.060700 0.182900 0.012600 0.153500 0.069700 0.056200 0.115500 0.060300 0.000000 0.065500 0.056400 0.042900 0.056200 0.051400 0.036500 0.056100 0.047400 0.051800 0.034200 0.008200 0.056100 0.061000 0.074800 0.065200 0.056400 0.060400 0.060600 0.000000 0.060500 0.008300 0.079400 0.051600 0.098300 0.060800 0.069700 0.047000 0.060900 0.065300 0.069800 0.070100 0.083800 0.069400 0.065500 0.060800 0.042500 0.056000 0.051600 0.038300 0.056000 0.051300 0.000000 0.004200
MuntiacusM 0.065800 0.178700 0.061400 0.164900 0.084300 0.070400 0.116500 0.074400 0.065500 0.000000 0.070600 0.075200 0.070200 0.065400 0.060800 0.070200 0.043400 0.047800 0.047800 0.065500 0.070200 0.066100 0.025900 0.024900 0.070600 0.074600 0.074800 0.065500 0.065700 0.065500 0.030300 0.065600 0.080300 0.075100 0.074900 0.079100 0.079800 0.079700 0.084400 0.039200 0.034600 0.074700 0.008400 0.030200 0.074400 0.070100 0.065600 0.061000 0.061000 0.056300 0.065500 0.061000
goat 0.004200 0.183800 0.056300 0.154400 0.047200 0.000000 0.082600 0.046800 0.056400 0.070600 0.000000 0.065400 0.042700 0.038200 0.051700 0.042700 0.052200 0.056600 0.021100 0.056400 0.042700 0.012400 0.080000 0.061200 0.000000 0.046900 0.047200 0.056400 0.047100 0.047500 0.084700 0.038300 0.103900 0.047300 0.065000 0.060600 0.008200 0.042800 0.056100 0.065800 0.079800 0.055800 0.061500 0.056700 0.065000 0.042600 0.038300 0.051700 0.033900 0.056200 0.056400 0.051900
AfricanBuf 0.070000 0.188900 0.042800 0.164300 0.061000 0.065500 0.130400 0.069500 0.042900 0.075200 0.065400 0.000000 0.056400 0.060600 0.047300 0.065300 0.047800 0.052200 0.043100 0.042900 0.065300 0.070100 0.084700 0.074900 0.065400 0.069600 0.060900 0.042900 0.069800 0.042900 0.089400 0.060800 0.108600 0.061100 0.070000 0.021100 0.074500 0.056600 0.079300 0.079400 0.093900 0.078800 0.075200 0.070400 0.016800 0.065200 0.060700 0.056200 0.065200 0.060700 0.042900 0.038500
Topi 0.047000 0.188000 0.051900 0.163800 0.055600 0.042600 0.105200 0.055200 0.056200 0.070200 0.042700 0.056400 0.000000 0.046500 0.051500 0.048400 0.043100 0.047500 0.029600 0.056200 0.051100 0.047200 0.079600 0.070000 0.042700 0.054900 0.004100 0.056200 0.055400 0.047300 0.084300 0.046600 0.103400 0.004100 0.046700 0.060400 0.051500 0.051200 0.064500 0.074600 0.088700 0.064200 0.061200 0.065500 0.055900 0.050300 0.045300 0.051500 0.042300 0.055900 0.056200 0.051700
CommonDuik 0.042400 0.176500 0.047200 0.152600 0.051000 0.038100 0.091000 0.042000 0.051400 0.065400 0.038200 0.060600 0.046500 0.000000 0.046900 0.037900 0.047300 0.051700 0.016700 0.051500 0.037900 0.042600 0.074700 0.065100 0.038200 0.032400 0.050900 0.051400 0.042100 0.042600 0.079200 0.016400 0.088600 0.051000 0.050900 0.064500 0.046900 0.046700 0.051000 0.069700 0.083700 0.041300 0.056400 0.060700 0.059900 0.036800 0.033500 0.046900 0.036300 0.051200 0.051400 0.047000
Suni 0.056000 0.166300 0.042800 0.152800 0.056100 0.051600 0.115100 0.046800 0.036500 0.060800 0.051700 0.047300 0.051500 0.046900 0.000000 0.051500 0.042800 0.037900 0.029700 0.047000 0.051500 0.056300 0.070000 0.060600 0.051700 0.055700 0.055900 0.036600 0.055900 0.046900 0.065400 0.047000 0.093200 0.056100 0.064900 0.060200 0.056200 0.047300 0.065100 0.065300 0.079000 0.064700 0.060800 0.056100 0.055600 0.051400 0.047000 0.025300 0.051400 0.046800 0.038200 0.042600
Springbuck 0.046900 0.187600 0.051800 0.163500 0.055600 0.042600 0.105300 0.033500 0.056100 0.070200 0.042700 0.065300 0.048400 0.037900 0.051500 0.000000 0.052000 0.056400 0.021000 0.056100 0.016700 0.047200 0.079700 0.070000 0.042700 0.020800 0.055500 0.056100 0.012200 0.047200 0.084300 0.038000 0.103200 0.055600 0.064400 0.069300 0.051500 0.051300 0.046800 0.074600 0.088700 0.028700 0.061200 0.065500 0.064700 0.042300 0.028400 0.051500 0.042300 0.055900 0.056100 0.051600
Okapi 0.056500 0.173200 0.043300 0.138600 0.056600 0.052100 0.116100 0.056100 0.047400 0.043400 0.052200 0.047800 0.043100 0.047300 0.042800 0.052000 0.000000 0.012400 0.030000 0.047400 0.052000 0.056900 0.052500 0.042700 0.052200 0.056200 0.047600 0.047400 0.056400 0.047400 0.066100 0.047400 0.075600 0.047700 0.056600 0.051800 0.061200 0.052100 0.065600 0.047900 0.061400 0.065300 0.043400 0.038500 0.047300 0.051800 0.047400 0.042900 0.051800 0.038500 0.047400 0.043000
Giraffe 0.060900 0.167600 0.047600 0.143400 0.061000 0.056500 0.120800 0.051600 0.051800 0.047800 0.056600 0.052200 0.047500 0.051700 0.037900 0.056400 0.012400 0.000000 0.034300 0.051800 0.056400 0.061300 0.056900 0.046900 0.056600 0.060600 0.052000 0.051800 0.060800 0.051700 0.061500 0.051800 0.080000 0.052100 0.061000 0.056200 0.065700 0.052100 0.070100 0.052300 0.065800 0.069700 0.047800 0.041000 0.051600 0.056200 0.051800 0.038500 0.056200 0.041900 0.051800 0.047300
TibetanAnt 0.024600 0.162300 0.029900 0.138600 0.034000 0.020500 0.082300 0.025200 0.034200 0.047800 0.021100 0.043100 0.029600 0.016700 0.029700 0.021000 0.030000 0.034300 0.000000 0.034200 0.021000 0.025500 0.056900 0.047600 0.021100 0.025200 0.033900 0.034200 0.025300 0.025500 0.061500 0.016800 0.080000 0.034000 0.042600 0.047200 0.029700 0.029700 0.034000 0.052100 0.065900 0.033800 0.038900 0.043200 0.042700 0.021000 0.016800 0.029700 0.021000 0.034100 0.034200 0.029800
Sitatunga 0.060700 0.183000 0.012600 0.153600 0.069700 0.056300 0.115600 0.060300 0.008200 0.065500 0.056400 0.042900 0.056200 0.051500 0.047000 0.056100 0.047400 0.051800 0.034200 0.000000 0.056100 0.061100 0.074800 0.065300 0.056400 0.060400 0.060700 0.008400 0.060600 0.008400 0.079400 0.051600 0.098400 0.060900 0.069800 0.047000 0.065400 0.065300 0.069800 0.070100 0.083900 0.069400 0.065500 0.060800 0.042500 0.056000 0.051600 0.047100 0.056000 0.051400 0.008400 0.004100
Oribi 0.046900 0.187700 0.051800 0.163600 0.055600 0.042600 0.105200 0.033500 0.056100 0.070200 0.042700 0.065300 0.051100 0.037900 0.051500 0.016700 0.052000 0.056400 0.021000 0.056100 0.000000 0.047200 0.079700 0.070000 0.042700 0.020800 0.055500 0.056100 0.020400 0.047200 0.084300 0.038000 0.103300 0.055600 0.064400 0.069300 0.051500 0.051200 0.046800 0.074600 0.088700 0.029100 0.061200 0.065500 0.064700 0.042300 0.029400 0.051500 0.041900 0.055900 0.056100 0.051600
BarbaryShe 0.016900 0.183800 0.060900 0.154400 0.051700 0.012700 0.087400 0.051300 0.061000 0.066100 0.012400 0.070100 0.047200 0.042600 0.056300 0.047200 0.056900 0.061300 0.025500 0.061100 0.047200 0.000000 0.075500 0.065900 0.012300 0.051400 0.051700 0.061000 0.051600 0.052000 0.080200 0.042700 0.104000 0.051800 0.060600 0.065300 0.020300 0.047300 0.060700 0.070500 0.075300 0.060400 0.057000 0.061400 0.069700 0.047100 0.042700 0.056300 0.038400 0.060800 0.061000 0.056500
Daviddeer 0.084400 0.200200 0.061600 0.165500 0.075300 0.079800 0.136300 0.083800 0.074800 0.025900 0.080000 0.084700 0.079600 0.074700 0.070000 0.079700 0.052500 0.056900 0.056900 0.074800 0.079700 0.075500 0.000000 0.037900 0.080000 0.084000 0.084300 0.074800 0.084300 0.074800 0.048200 0.065800 0.090000 0.084500 0.084400 0.088600 0.089400 0.070800 0.084700 0.048300 0.016800 0.093500 0.025900 0.039200 0.083800 0.079500 0.074900 0.070200 0.079500 0.065500 0.074800 0.070200
Reindeer 0.065500 0.193400 0.061100 0.159200 0.074700 0.061000 0.121000 0.074100 0.065200 0.024900 0.061200 0.074900 0.070000 0.065100 0.060600 0.070000 0.042700 0.046900 0.047600 0.065300 0.070000 0.065900 0.037900 0.000000 0.061200 0.074300 0.074600 0.065200 0.074500 0.065200 0.057100 0.065400 0.084700 0.074800 0.083900 0.078900 0.070300 0.070200 0.084000 0.021400 0.039000 0.083600 0.034600 0.012500 0.074100 0.069800 0.065300 0.060700 0.069800 0.056100 0.065200 0.060700
Ibex 0.004200 0.183800 0.056300 0.154400 0.047200 0.000000 0.082600 0.046800 0.056400 0.070600 0.000000 0.065400 0.042700 0.038200 0.051700 0.042700 0.052200 0.056600 0.021100 0.056400 0.042700 0.012300 0.080000 0.061200 0.000000 0.046900 0.047200 0.056400 0.047100 0.047500 0.084700 0.038300 0.103900 0.047300 0.065000 0.060600 0.008200 0.042800 0.056100 0.065800 0.079800 0.055800 0.061500 0.056700 0.065000 0.042600 0.038300 0.051700 0.033900 0.056200 0.056400 0.051900
GyrantGaze 0.051200 0.192100 0.056100 0.167900 0.059100 0.046800 0.100400 0.037500 0.060400 0.074600 0.046900 0.069600 0.054900 0.032400 0.055700 0.020800 0.056200 0.060600 0.025200 0.060400 0.020800 0.051400 0.084000 0.074300 0.046900 0.000000 0.059700 0.060400 0.025000 0.051500 0.088600 0.033300 0.107600 0.059900 0.068600 0.073600 0.055700 0.055500 0.051100 0.079000 0.093100 0.016300 0.065500 0.069800 0.068900 0.046500 0.033600 0.055700 0.046500 0.060200 0.060400 0.055900
Hartebeest 0.051400 0.182800 0.056300 0.158700 0.060000 0.047000 0.109900 0.059600 0.060600 0.074800 0.047200 0.060900 0.004100 0.050900 0.055900 0.055500 0.047600 0.052000 0.033900 0.060700 0.055500 0.051700 0.084300 0.074600 0.047200 0.059700 0.000000 0.060600 0.059900 0.051700 0.088900 0.050900 0.108200 0.008200 0.051100 0.064900 0.056000 0.055700 0.069000 0.079300 0.093400 0.068600 0.065700 0.070100 0.060300 0.055400 0.051000 0.055900 0.046300 0.060400 0.060600 0.056200
Bongo 0.060700 0.182900 0.012600 0.153500 0.069700 0.056200 0.115500 0.060300 0.000000 0.065500 0.056400 0.042900 0.056200 0.051400 0.036600 0.056100 0.047400 0.051800 0.034200 0.008400 0.056100 0.061000 0.074800 0.065200 0.056400 0.060400 0.060600 0.000000 0.060500 0.008200 0.079400 0.051600 0.098300 0.060800 0.069700 0.047000 0.060900 0.065300 0.069800 0.070100 0.083800 0.069400 0.065500 0.060800 0.042500 0.056000 0.051600 0.038300 0.056000 0.051300 0.000000 0.004100
Gerenuk 0.042600 0.182400 0.056200 0.168600 0.060000 0.046900 0.100600 0.037800 0.060500 0.065700 0.047100 0.069800 0.055400 0.042100 0.055900 0.012200 0.056400 0.060800 0.025300 0.060600 0.020400 0.051600 0.084300 0.074500 0.047100 0.025000 0.059900 0.060500 0.000000 0.051600 0.079600 0.042300 0.108000 0.060000 0.068800 0.073800 0.055900 0.055600 0.051200 0.079200 0.093400 0.024400 0.056700 0.070000 0.069100 0.046600 0.033600 0.055900 0.036300 0.060300 0.060500 0.056100
CommonElan 0.051700 0.182800 0.012600 0.153500 0.060700 0.047300 0.106000 0.051400 0.008300 0.065500 0.047500 0.042900 0.047300 0.042600 0.046900 0.047200 0.047400 0.051700 0.025500 0.008400 0.047200 0.052000 0.074800 0.065200 0.047500 0.051500 0.051700 0.008200 0.051600 0.000000 0.079400 0.042800 0.098300 0.051900 0.060700 0.046900 0.056400 0.056300 0.060700 0.070100 0.083800 0.060400 0.056500 0.060800 0.042500 0.047100 0.042800 0.047100 0.047100 0.051300 0.008200 0.004100
MuntiacusR 0.079800 0.189800 0.075300 0.176000 0.089200 0.084400 0.131400 0.079100 0.079400 0.030300 0.084700 0.089400 0.084300 0.079200 0.065400 0.084300 0.066100 0.061500 0.061500 0.079400 0.084300 0.080200 0.048200 0.057100 0.084700 0.088600 0.088900 0.079400 0.079600 0.079400 0.000000 0.079500 0.104400 0.084500 0.089000 0.093300 0.094100 0.089300 0.098700 0.052800 0.057100 0.088800 0.029100 0.052600 0.088400 0.074900 0.070300 0.056600 0.074900 0.070000 0.079400 0.074800
HarveysDui 0.042500 0.182100 0.047300 0.158100 0.040600 0.038200 0.091300 0.040300 0.051600 0.065600 0.038300 0.060800 0.046600 0.016400 0.047000 0.038000 0.047400 0.051800 0.016800 0.051600 0.038000 0.042700 0.065800 0.065400 0.038300 0.033300 0.050900 0.051600 0.042300 0.042800 0.079500 0.000000 0.088900 0.051200 0.051100 0.064700 0.047000 0.038100 0.051200 0.070000 0.084000 0.040500 0.056600 0.060900 0.060100 0.037900 0.033600 0.047000 0.037900 0.051400 0.051600 0.047200
Pronghorn 0.108300 0.206200 0.094200 0.181500 0.117900 0.103500 0.171600 0.107400 0.098300 0.080300 0.103900 0.108600 0.103400 0.088600 0.093200 0.103200 0.075600 0.080000 0.080000 0.098400 0.103300 0.104000 0.090000 0.084700 0.103900 0.107600 0.108200 0.098300 0.108000 0.098300 0.104400 0.088900 0.000000 0.108500 0.103500 0.112500 0.113500 0.113100 0.118000 0.085100 0.099200 0.117300 0.080300 0.080100 0.107400 0.103000 0.098300 0.093400 0.103000 0.083900 0.098300 0.093600
BlueWildeb 0.051500 0.194000 0.056500 0.164300 0.060200 0.047100 0.110200 0.059800 0.060800 0.075100 0.047300 0.061100 0.004100 0.051000 0.056100 0.055600 0.047700 0.052100 0.034000 0.060900 0.055600 0.051800 0.084500 0.074800 0.047300 0.059900 0.008200 0.060800 0.060000 0.051900 0.084500 0.051200 0.108500 0.000000 0.051300 0.065100 0.056200 0.055800 0.069200 0.079500 0.093700 0.068800 0.065900 0.070300 0.060500 0.055500 0.051100 0.056100 0.046800 0.060600 0.060800 0.056300
Gemsbok 0.069200 0.188200 0.065400 0.164100 0.069000 0.064800 0.128900 0.068500 0.069700 0.074900 0.065000 0.070000 0.046700 0.050900 0.064900 0.064400 0.056600 0.061000 0.042600 0.069800 0.064400 0.060600 0.084400 0.083900 0.065000 0.068600 0.051100 0.069700 0.068800 0.060700 0.089000 0.051100 0.103500 0.051300 0.000000 0.074000 0.074000 0.064600 0.078100 0.088600 0.093500 0.077700 0.065800 0.079400 0.069300 0.064200 0.059800 0.064900 0.064200 0.069400 0.069700 0.065200
Yak 0.064900 0.197800 0.042700 0.168200 0.074000 0.060500 0.134200 0.073500 0.047000 0.079100 0.060600 0.021100 0.060400 0.064500 0.060200 0.069300 0.051800 0.056200 0.047200 0.047000 0.069300 0.065300 0.088600 0.078900 0.060600 0.073600 0.064900 0.047000 0.073800 0.046900 0.093300 0.064700 0.112500 0.065100 0.074000 0.000000 0.069700 0.069600 0.083200 0.083600 0.097800 0.082800 0.079200 0.074400 0.004100 0.069200 0.064700 0.060200 0.069200 0.064600 0.047000 0.042600
BlueSheep 0.012600 0.194300 0.065200 0.164600 0.056000 0.008400 0.082700 0.055600 0.060900 0.079800 0.008200 0.074500 0.051500 0.046900 0.056200 0.051500 0.061200 0.065700 0.029700 0.065400 0.051500 0.020300 0.089400 0.070300 0.008200 0.055700 0.056000 0.060900 0.055900 0.056400 0.094100 0.047000 0.113500 0.056200 0.074000 0.069700 0.000000 0.051600 0.065100 0.075000 0.089100 0.064700 0.070600 0.065800 0.074100 0.051400 0.047000 0.056200 0.042600 0.065100 0.060900 0.060900
BohorReedb 0.047100 0.193400 0.052000 0.153600 0.012300 0.042700 0.110400 0.051000 0.065300 0.079700 0.042800 0.056600 0.051200 0.046700 0.047300 0.051300 0.052100 0.052100 0.029700 0.065300 0.051200 0.047300 0.070800 0.070200 0.042800 0.055500 0.055700 0.065300 0.055600 0.056300 0.089300 0.038100 0.113100 0.055800 0.064600 0.069600 0.051600 0.000000 0.055900 0.074900 0.079800 0.064500 0.070500 0.065700 0.064900 0.051200 0.046800 0.056100 0.051100 0.065000 0.065300 0.060700
KirksDik 0.060400 0.204000 0.056500 0.169300 0.060300 0.055900 0.119800 0.051000 0.069800 0.084400 0.056100 0.079300 0.064500 0.051000 0.065100 0.046800 0.065600 0.070100 0.034000 0.069800 0.046800 0.060700 0.084700 0.084000 0.056100 0.051100 0.069000 0.069800 0.051200 0.060700 0.098700 0.051200 0.118000 0.069200 0.078100 0.083200 0.065100 0.055900 0.000000 0.088800 0.093800 0.060000 0.075100 0.079500 0.078400 0.055500 0.042400 0.065000 0.055500 0.069500 0.069800 0.065200
RoeDeer 0.070100 0.188300 0.065800 0.154200 0.070200 0.065600 0.125900 0.078800 0.070100 0.039200 0.065800 0.079400 0.074600 0.069700 0.065300 0.074600 0.047900 0.052300 0.052100 0.070100 0.074600 0.070500 0.048300 0.021400 0.065800 0.079000 0.079300 0.070100 0.079200 0.070100 0.052800 0.070000 0.085100 0.079500 0.088600 0.083600 0.075000 0.074900 0.088800 0.000000 0.048100 0.088300 0.039200 0.017100 0.078800 0.065400 0.060900 0.056300 0.074400 0.051900 0.070100 0.065500
WhiteLippe 0.084200 0.204900 0.070600 0.165000 0.084400 0.079500 0.135900 0.092900 0.083800 0.034600 0.079800 0.093900 0.088700 0.083700 0.079000 0.088700 0.061400 0.065800 0.065900 0.083900 0.088700 0.075300 0.016800 0.039000 0.079800 0.093100 0.093400 0.083800 0.093400 0.083800 0.057100 0.084000 0.099200 0.093700 0.093500 0.097800 0.089100 0.079800 0.093800 0.048100 0.000000 0.102700 0.034600 0.039000 0.092800 0.088600 0.083900 0.079200 0.088500 0.074400 0.083800 0.079200
ThomsonGaz 0.051200 0.192400 0.065100 0.178400 0.069200 0.055600 0.100600 0.046400 0.069400 0.074700 0.055800 0.078800 0.064200 0.041300 0.064700 0.028700 0.065300 0.069700 0.033800 0.069400 0.029100 0.060400 0.093500 0.083600 0.055800 0.016300 0.068600 0.069400 0.024400 0.060400 0.088800 0.040500 0.117300 0.068800 0.077700 0.082800 0.064700 0.064500 0.060000 0.088300 0.102700 0.000000 0.065600 0.079100 0.078000 0.055300 0.042200 0.064700 0.046500 0.069200 0.069400 0.064900
MuntiacusC 0.056800 0.178700 0.061400 0.164900 0.075100 0.061300 0.107000 0.065300 0.065500 0.008400 0.061500 0.075200 0.061200 0.056400 0.060800 0.061200 0.043400 0.047800 0.038900 0.065500 0.061200 0.057000 0.025900 0.034600 0.061500 0.065500 0.065700 0.065500 0.056700 0.056500 0.029100 0.056600 0.080300 0.065900 0.065800 0.079200 0.070600 0.070500 0.075100 0.039200 0.034600 0.065600 0.000000 0.029400 0.074400 0.061100 0.056600 0.061000 0.052100 0.056000 0.065500 0.061000
WhiteTaile 0.061100 0.188500 0.056700 0.154400 0.070200 0.056600 0.116300 0.069700 0.060800 0.030200 0.056700 0.070400 0.065500 0.060700 0.056100 0.065500 0.038500 0.041000 0.043200 0.060800 0.065500 0.061400 0.039200 0.012500 0.056700 0.069800 0.070100 0.060800 0.070000 0.060800 0.052600 0.060900 0.080100 0.070300 0.079400 0.074400 0.065800 0.065700 0.079500 0.017100 0.039000 0.079100 0.029400 0.000000 0.069700 0.065400 0.060900 0.056300 0.065300 0.051700 0.060800 0.056300
Cattle 0.069300 0.192000 0.038300 0.162600 0.069300 0.064800 0.129100 0.068800 0.042500 0.074400 0.065000 0.016800 0.055900 0.059900 0.055600 0.064700 0.047300 0.051600 0.042700 0.042500 0.064700 0.069700 0.083800 0.074100 0.065000 0.068900 0.060300 0.042500 0.069100 0.042500 0.088400 0.060100 0.107400 0.060500 0.069300 0.004100 0.074100 0.064900 0.078400 0.078800 0.092800 0.078000 0.074400 0.069700 0.000000 0.064500 0.060100 0.055600 0.064500 0.060000 0.042500 0.038100
RoyalAntel 0.046800 0.187100 0.051700 0.163000 0.046800 0.042500 0.105100 0.046400 0.056000 0.070100 0.042600 0.065200 0.050300 0.036800 0.051400 0.042300 0.051800 0.056200 0.021000 0.056000 0.042300 0.047100 0.079500 0.069800 0.042600 0.046500 0.055400 0.056000 0.046600 0.047100 0.074900 0.037900 0.103000 0.055500 0.064200 0.069200 0.051400 0.051200 0.055500 0.065400 0.088600 0.055300 0.061100 0.065400 0.064500 0.000000 0.028700 0.042600 0.042200 0.055800 0.056000 0.051500
Steenbok 0.042500 0.171800 0.047300 0.158100 0.042400 0.038200 0.100400 0.025000 0.051600 0.065600 0.038300 0.060700 0.045300 0.033500 0.047000 0.028400 0.047400 0.051800 0.016800 0.051600 0.029400 0.042700 0.074900 0.065300 0.038300 0.033600 0.051000 0.051600 0.033600 0.042800 0.070300 0.033600 0.098300 0.051100 0.059800 0.064700 0.047000 0.046800 0.042400 0.060900 0.083900 0.042200 0.056600 0.060900 0.060100 0.028700 0.000000 0.038300 0.037900 0.051400 0.051600 0.047100
Impala 0.056000 0.166300 0.042800 0.152800 0.056000 0.051500 0.115100 0.046800 0.038300 0.061000 0.051700 0.056200 0.051500 0.046900 0.025300 0.051500 0.042900 0.038500 0.029700 0.047100 0.051500 0.056300 0.070200 0.060700 0.051700 0.055700 0.055900 0.038300 0.055900 0.047100 0.056600 0.047000 0.093400 0.056100 0.064900 0.060200 0.056200 0.056100 0.065000 0.056300 0.079200 0.064700 0.061000 0.056300 0.055600 0.042600 0.038300 0.000000 0.051300 0.046900 0.038300 0.042700
Klipspring 0.029500 0.166800 0.051700 0.153100 0.055500 0.033800 0.086600 0.046400 0.056000 0.061000 0.033900 0.065200 0.042300 0.036300 0.051400 0.042300 0.051800 0.056200 0.021000 0.056000 0.041900 0.038400 0.079500 0.069800 0.033900 0.046500 0.046300 0.056000 0.036300 0.047100 0.074900 0.037900 0.103000 0.046800 0.064200 0.069200 0.042600 0.051100 0.055500 0.074400 0.088500 0.046500 0.052100 0.065300 0.064500 0.042200 0.037900 0.051300 0.000000 0.055800 0.056000 0.051500
ForestMusk 0.060400 0.181800 0.047200 0.157900 0.069500 0.056000 0.119800 0.060000 0.051300 0.056300 0.056200 0.060700 0.055900 0.051200 0.046800 0.055900 0.038500 0.041900 0.034100 0.051400 0.055900 0.060800 0.065500 0.056100 0.056200 0.060200 0.060400 0.051300 0.060300 0.051300 0.070000 0.051400 0.083900 0.060600 0.069400 0.064600 0.065100 0.065000 0.069500 0.051900 0.074400 0.069200 0.056000 0.051700 0.060000 0.055800 0.051400 0.046900 0.055800 0.000000 0.051300 0.046900
Bushbuck 0.060700 0.182900 0.012600 0.153500 0.069700 0.056200 0.115500 0.060300 0.000000 0.065500 0.056400 0.042900 0.056200 0.051400 0.038200 0.056100 0.047400 0.051800 0.034200 0.008400 0.056100 0.061000 0.074800 0.065200 0.056400 0.060400 0.060600 0.000000 0.060500 0.008200 0.079400 0.051600 0.098300 0.060800 0.069700 0.047000 0.060900 0.065300 0.069800 0.070100 0.083800 0.069400 0.065500 0.060800 0.042500 0.056000 0.051600 0.038300 0.056000 0.051300 0.000000 0.004100
GreaterKud 0.056200 0.177700 0.008400 0.148500 0.065200 0.051800 0.110700 0.055800 0.004200 0.061000 0.051900 0.038500 0.051700 0.047000 0.042600 0.051600 0.043000 0.047300 0.029800 0.004100 0.051600 0.056500 0.070200 0.060700 0.051900 0.055900 0.056200 0.004100 0.056100 0.004100 0.074800 0.047200 0.093600 0.056300 0.065200 0.042600 0.060900 0.060700 0.065200 0.065500 0.079200 0.064900 0.061000 0.056300 0.038100 0.051500 0.047100 0.042700 0.051500 0.046900 0.004100 0.000000
