CODONML (in paml version 4.10.7, June 2023)  /home/rachel/ruminants_paml/6406-phy-tree/ENSBTAT00000046106.fasta.phy
Model: free dN/dS Ratios for branches,  kappa = 2.000 fixed

Codon frequency model: F3x4
ns =  54  ls =  27

Codon usage in sequences
--------------------------------------------------------------------------------------------------------------------------------------
Phe TTT   0   1   0   0   0   1 | Ser TCT   0   0   0   0   0   0 | Tyr TAT   2   2   2   2   2   2 | Cys TGT   0   0   0   0   0   0
    TTC   2   1   1   2   2   1 |     TCC   0   0   0   0   0   0 |     TAC   0   0   0   0   0   0 |     TGC   0   0   1   0   0   1
Leu TTA   0   0   0   0   0   0 |     TCA   0   0   0   0   0   0 | *** TAA   0   0   0   0   0   0 | *** TGA   0   0   0   0   0   0
    TTG   0   0   0   0   0   0 |     TCG   0   0   0   0   0   0 |     TAG   0   0   0   0   0   0 | Trp TGG   0   0   0   0   0   0
--------------------------------------------------------------------------------------------------------------------------------------
Leu CTT   0   2   0   0   0   0 | Pro CCT   0   0   0   0   0   0 | His CAT   1   1   1   1   2   2 | Arg CGT   0   0   0   0   0   0
    CTC   4   3   4   3   4   3 |     CCC   0   0   0   0   0   0 |     CAC   0   1   0   0   0   0 |     CGC   1   0   1   2   1   0
    CTA   0   0   0   0   0   0 |     CCA   0   0   0   0   0   0 | Gln CAA   0   0   0   0   0   0 |     CGA   0   0   0   0   0   0
    CTG   2   1   2   2   2   2 |     CCG   0   0   0   0   0   0 |     CAG   4   4   4   4   3   3 |     CGG   0   0   0   0   0   0
--------------------------------------------------------------------------------------------------------------------------------------
Ile ATT   0   0   0   0   0   0 | Thr ACT   0   0   0   0   0   0 | Asn AAT   0   0   0   0   0   0 | Ser AGT   0   0   0   0   0   0
    ATC   0   0   0   0   0   1 |     ACC   1   1   1   1   1   1 |     AAC   0   0   0   0   0   0 |     AGC   1   1   1   1   1   1
    ATA   0   0   0   0   0   0 |     ACA   0   1   0   0   2   1 | Lys AAA   0   0   0   0   0   1 | Arg AGA   0   0   0   0   0   0
Met ATG   0   0   0   0   0   0 |     ACG   1   0   1   1   0   0 |     AAG   2   2   2   2   2   1 |     AGG   0   0   0   0   0   0
--------------------------------------------------------------------------------------------------------------------------------------
Val GTT   0   0   0   0   0   0 | Ala GCT   2   1   1   2   1   1 | Asp GAT   1   1   1   1   1   1 | Gly GGT   0   0   1   0   1   0
    GTC   0   0   0   0   0   0 |     GCC   0   0   0   0   0   0 |     GAC   0   0   0   0   0   0 |     GGC   1   2   1   1   1   2
    GTA   0   0   0   0   0   0 |     GCA   0   0   0   0   0   0 | Glu GAA   0   0   0   0   0   0 |     GGA   0   0   0   0   0   0
    GTG   1   0   1   1   0   0 |     GCG   0   1   0   0   0   1 |     GAG   0   0   0   0   0   0 |     GGG   1   1   1   1   1   1
--------------------------------------------------------------------------------------------------------------------------------------

--------------------------------------------------------------------------------------------------------------------------------------
Phe TTT   0   0   0   0   0   0 | Ser TCT   0   0   0   0   0   0 | Tyr TAT   2   2   2   2   2   2 | Cys TGT   0   0   0   0   0   0
    TTC   2   2   2   2   2   2 |     TCC   0   0   0   0   0   0 |     TAC   0   0   0   0   0   0 |     TGC   0   0   0   0   0   0
Leu TTA   0   0   0   0   0   0 |     TCA   0   0   0   0   0   0 | *** TAA   0   0   0   0   0   0 | *** TGA   0   0   0   0   0   0
    TTG   0   0   0   0   0   0 |     TCG   0   0   0   0   0   0 |     TAG   0   0   0   0   0   0 | Trp TGG   0   0   0   0   0   0
--------------------------------------------------------------------------------------------------------------------------------------
Leu CTT   0   0   0   0   0   0 | Pro CCT   0   0   0   0   0   0 | His CAT   1   1   1   1   1   1 | Arg CGT   0   0   0   0   0   0
    CTC   4   4   3   4   4   4 |     CCC   0   0   0   0   0   0 |     CAC   0   0   0   0   0   0 |     CGC   1   1   1   1   1   1
    CTA   0   0   0   0   0   0 |     CCA   0   0   0   0   0   0 | Gln CAA   0   0   0   0   0   0 |     CGA   0   0   0   0   0   0
    CTG   2   2   2   2   2   2 |     CCG   0   0   0   0   0   0 |     CAG   4   4   4   4   4   4 |     CGG   0   0   0   0   0   0
--------------------------------------------------------------------------------------------------------------------------------------
Ile ATT   0   0   0   0   0   0 | Thr ACT   0   0   0   0   0   0 | Asn AAT   0   0   0   0   0   0 | Ser AGT   0   0   0   0   0   0
    ATC   0   0   0   0   0   0 |     ACC   1   1   1   1   1   1 |     AAC   0   0   0   0   0   0 |     AGC   1   1   1   1   1   1
    ATA   0   0   0   0   0   0 |     ACA   0   0   0   0   0   0 | Lys AAA   0   0   0   0   0   0 | Arg AGA   0   0   0   0   0   0
Met ATG   0   0   0   0   0   0 |     ACG   1   1   1   1   1   1 |     AAG   2   2   2   2   2   2 |     AGG   0   0   0   0   0   0
--------------------------------------------------------------------------------------------------------------------------------------
Val GTT   0   0   0   0   0   0 | Ala GCT   2   2   2   2   1   2 | Asp GAT   1   1   1   1   1   1 | Gly GGT   0   0   0   0   1   0
    GTC   0   0   1   0   0   0 |     GCC   0   0   0   0   0   0 |     GAC   0   0   0   0   0   0 |     GGC   1   1   1   1   1   1
    GTA   0   0   0   0   0   0 |     GCA   0   0   0   0   0   0 | Glu GAA   0   0   0   0   0   0 |     GGA   0   0   0   0   0   0
    GTG   1   1   1   1   1   1 |     GCG   0   0   0   0   0   0 |     GAG   0   0   0   0   0   0 |     GGG   1   1   1   1   1   1
--------------------------------------------------------------------------------------------------------------------------------------

--------------------------------------------------------------------------------------------------------------------------------------
Phe TTT   0   1   0   0   1   0 | Ser TCT   0   0   0   0   0   0 | Tyr TAT   2   2   2   2   2   2 | Cys TGT   0   0   0   0   0   0
    TTC   2   1   2   2   1   2 |     TCC   0   0   0   0   0   0 |     TAC   0   0   0   0   0   0 |     TGC   0   0   0   0   0   0
Leu TTA   0   0   0   0   0   0 |     TCA   0   0   0   0   0   0 | *** TAA   0   0   0   0   0   0 | *** TGA   0   0   0   0   0   0
    TTG   0   0   0   0   0   0 |     TCG   0   0   0   0   0   0 |     TAG   0   0   0   0   0   0 | Trp TGG   0   0   0   0   0   0
--------------------------------------------------------------------------------------------------------------------------------------
Leu CTT   0   0   0   0   0   0 | Pro CCT   0   0   0   0   0   0 | His CAT   1   1   1   1   1   1 | Arg CGT   0   0   0   0   0   0
    CTC   4   4   4   3   4   4 |     CCC   0   0   0   0   0   0 |     CAC   0   0   0   0   0   0 |     CGC   1   1   1   1   1   1
    CTA   0   0   0   0   0   0 |     CCA   0   0   0   0   0   0 | Gln CAA   0   0   0   0   0   0 |     CGA   0   0   0   0   0   0
    CTG   2   2   2   2   2   1 |     CCG   0   0   0   0   0   1 |     CAG   4   4   4   4   4   4 |     CGG   0   0   0   0   0   0
--------------------------------------------------------------------------------------------------------------------------------------
Ile ATT   0   0   0   0   0   0 | Thr ACT   0   0   0   0   0   0 | Asn AAT   0   0   0   0   0   0 | Ser AGT   0   0   0   0   0   0
    ATC   0   0   0   0   0   0 |     ACC   1   1   1   1   1   1 |     AAC   0   0   0   0   0   0 |     AGC   1   1   1   1   1   1
    ATA   0   0   0   0   0   0 |     ACA   0   0   0   0   0   0 | Lys AAA   0   0   0   0   0   0 | Arg AGA   0   0   0   0   0   0
Met ATG   0   0   0   0   0   0 |     ACG   1   1   1   1   1   1 |     AAG   2   2   2   2   2   2 |     AGG   0   0   0   0   0   0
--------------------------------------------------------------------------------------------------------------------------------------
Val GTT   0   0   0   0   0   0 | Ala GCT   2   1   2   2   2   2 | Asp GAT   1   1   1   1   1   1 | Gly GGT   0   1   0   0   0   0
    GTC   0   0   0   1   0   0 |     GCC   0   0   0   0   0   0 |     GAC   0   0   0   0   0   0 |     GGC   1   1   1   1   1   1
    GTA   0   0   0   0   0   0 |     GCA   0   0   0   0   0   0 | Glu GAA   0   0   0   0   0   0 |     GGA   0   0   0   0   0   0
    GTG   1   1   1   1   1   1 |     GCG   0   0   0   0   0   0 |     GAG   0   0   0   0   0   0 |     GGG   1   1   1   1   1   1
--------------------------------------------------------------------------------------------------------------------------------------

--------------------------------------------------------------------------------------------------------------------------------------
Phe TTT   0   0   0   0   1   0 | Ser TCT   0   0   0   0   0   0 | Tyr TAT   2   2   2   2   2   2 | Cys TGT   0   0   0   0   0   0
    TTC   2   2   2   2   1   2 |     TCC   0   0   0   0   0   0 |     TAC   0   0   0   0   0   0 |     TGC   0   0   0   0   0   0
Leu TTA   0   0   0   0   0   0 |     TCA   0   0   0   0   0   0 | *** TAA   0   0   0   0   0   0 | *** TGA   0   0   0   0   0   0
    TTG   0   0   0   0   0   0 |     TCG   0   0   0   0   0   0 |     TAG   0   0   0   0   0   0 | Trp TGG   0   0   0   0   0   0
--------------------------------------------------------------------------------------------------------------------------------------
Leu CTT   0   0   0   0   0   0 | Pro CCT   0   0   0   0   0   0 | His CAT   1   1   1   1   1   1 | Arg CGT   0   0   0   0   0   0
    CTC   4   4   4   4   4   4 |     CCC   0   0   0   0   0   0 |     CAC   0   0   0   0   0   0 |     CGC   1   1   1   1   1   1
    CTA   0   0   0   0   0   0 |     CCA   0   0   0   0   0   0 | Gln CAA   0   0   0   0   0   0 |     CGA   0   0   0   0   0   0
    CTG   2   2   2   2   2   2 |     CCG   0   0   0   0   0   0 |     CAG   4   4   4   4   4   4 |     CGG   0   0   0   0   0   0
--------------------------------------------------------------------------------------------------------------------------------------
Ile ATT   0   0   0   0   0   0 | Thr ACT   0   0   0   0   0   0 | Asn AAT   0   0   0   0   0   0 | Ser AGT   0   0   0   0   0   0
    ATC   0   0   0   0   0   0 |     ACC   1   1   1   1   1   1 |     AAC   0   0   0   0   0   0 |     AGC   1   1   1   1   1   1
    ATA   0   0   0   0   0   0 |     ACA   0   0   0   0   1   0 | Lys AAA   0   0   0   0   0   0 | Arg AGA   0   0   0   0   0   0
Met ATG   0   0   0   0   0   0 |     ACG   1   1   1   1   0   1 |     AAG   2   2   2   2   2   2 |     AGG   0   0   0   0   0   0
--------------------------------------------------------------------------------------------------------------------------------------
Val GTT   0   0   0   0   0   0 | Ala GCT   1   1   2   1   2   2 | Asp GAT   1   1   1   1   1   1 | Gly GGT   0   0   0   1   0   0
    GTC   0   0   0   0   0   0 |     GCC   0   0   0   0   0   0 |     GAC   0   0   0   0   0   0 |     GGC   2   2   1   1   1   1
    GTA   0   0   0   0   0   1 |     GCA   0   0   0   0   0   0 | Glu GAA   0   0   0   0   0   0 |     GGA   0   0   0   0   0   0
    GTG   0   0   1   1   1   0 |     GCG   1   1   0   0   0   0 |     GAG   0   0   0   0   0   0 |     GGG   1   1   1   1   1   1
--------------------------------------------------------------------------------------------------------------------------------------

--------------------------------------------------------------------------------------------------------------------------------------
Phe TTT   0   0   0   0   0   0 | Ser TCT   0   0   0   0   0   0 | Tyr TAT   1   0   2   2   2   2 | Cys TGT   0   2   0   0   0   0
    TTC   2   1   2   2   2   2 |     TCC   0   0   0   0   0   0 |     TAC   1   0   0   0   0   0 |     TGC   0   0   0   0   0   0
Leu TTA   0   0   0   0   0   0 |     TCA   0   0   0   0   0   0 | *** TAA   0   0   0   0   0   0 | *** TGA   0   0   0   0   0   0
    TTG   0   0   0   0   0   0 |     TCG   0   0   0   0   0   0 |     TAG   0   0   0   0   0   0 | Trp TGG   0   0   0   0   0   0
--------------------------------------------------------------------------------------------------------------------------------------
Leu CTT   0   0   0   0   0   0 | Pro CCT   0   0   0   0   0   0 | His CAT   1   1   1   1   1   1 | Arg CGT   0   0   0   0   0   0
    CTC   4   5   4   4   4   4 |     CCC   0   0   0   0   0   0 |     CAC   0   1   0   0   0   0 |     CGC   1   0   1   1   1   1
    CTA   0   0   0   0   0   0 |     CCA   0   0   0   0   0   0 | Gln CAA   0   0   0   0   0   0 |     CGA   0   0   0   0   0   0
    CTG   2   2   2   2   2   2 |     CCG   0   0   0   0   0   0 |     CAG   4   5   4   4   4   4 |     CGG   0   0   0   0   0   0
--------------------------------------------------------------------------------------------------------------------------------------
Ile ATT   0   0   0   0   0   0 | Thr ACT   0   0   0   0   0   0 | Asn AAT   0   0   0   0   0   0 | Ser AGT   0   0   0   0   0   0
    ATC   0   0   0   0   0   0 |     ACC   1   1   1   1   1   1 |     AAC   0   0   0   0   0   0 |     AGC   1   1   1   0   1   1
    ATA   0   0   0   0   0   0 |     ACA   0   1   0   0   0   0 | Lys AAA   0   0   0   0   0   0 | Arg AGA   0   0   0   0   0   0
Met ATG   0   0   0   0   0   0 |     ACG   1   0   1   1   1   1 |     AAG   2   1   2   2   2   2 |     AGG   0   0   0   0   0   0
--------------------------------------------------------------------------------------------------------------------------------------
Val GTT   0   0   0   0   0   0 | Ala GCT   2   2   2   2   2   1 | Asp GAT   1   1   1   1   1   1 | Gly GGT   0   0   0   0   0   1
    GTC   0   0   0   0   0   0 |     GCC   0   0   0   0   0   0 |     GAC   0   0   0   0   0   0 |     GGC   1   1   1   2   1   1
    GTA   0   0   0   0   0   0 |     GCA   0   0   0   0   0   0 | Glu GAA   0   0   0   0   0   0 |     GGA   0   0   0   0   0   0
    GTG   1   1   1   1   1   1 |     GCG   0   0   0   0   0   0 |     GAG   0   0   0   0   0   0 |     GGG   1   1   1   1   1   1
--------------------------------------------------------------------------------------------------------------------------------------

--------------------------------------------------------------------------------------------------------------------------------------
Phe TTT   0   0   0   0   1   0 | Ser TCT   0   0   0   0   0   0 | Tyr TAT   2   2   2   2   2   2 | Cys TGT   0   0   0   0   0   0
    TTC   2   2   2   2   1   2 |     TCC   0   0   0   0   0   0 |     TAC   0   0   0   0   0   0 |     TGC   0   0   0   0   0   0
Leu TTA   0   0   0   0   0   0 |     TCA   0   0   0   0   0   0 | *** TAA   0   0   0   0   0   0 | *** TGA   0   0   0   0   0   0
    TTG   0   0   0   0   0   0 |     TCG   0   0   0   0   0   0 |     TAG   0   0   0   0   0   0 | Trp TGG   0   0   0   0   0   0
--------------------------------------------------------------------------------------------------------------------------------------
Leu CTT   0   0   0   0   0   0 | Pro CCT   0   0   0   0   0   0 | His CAT   1   1   1   1   1   1 | Arg CGT   0   0   0   0   0   0
    CTC   4   4   4   3   4   4 |     CCC   0   0   0   0   0   0 |     CAC   0   0   1   0   0   0 |     CGC   1   1   1   1   1   1
    CTA   0   0   0   0   0   0 |     CCA   0   0   0   0   0   0 | Gln CAA   0   0   0   0   0   0 |     CGA   0   0   0   0   0   0
    CTG   2   2   2   2   2   2 |     CCG   0   0   0   0   0   0 |     CAG   4   4   3   4   4   4 |     CGG   0   0   0   0   0   0
--------------------------------------------------------------------------------------------------------------------------------------
Ile ATT   0   0   0   0   0   0 | Thr ACT   0   0   0   0   0   0 | Asn AAT   0   0   0   0   0   0 | Ser AGT   0   0   0   0   0   0
    ATC   0   0   0   0   0   0 |     ACC   0   1   1   1   1   1 |     AAC   0   0   0   0   0   0 |     AGC   1   1   1   1   1   1
    ATA   0   0   0   0   0   0 |     ACA   0   0   0   0   1   0 | Lys AAA   0   0   0   0   0   0 | Arg AGA   0   0   0   0   0   0
Met ATG   0   0   0   0   0   0 |     ACG   2   1   1   1   1   1 |     AAG   2   2   2   2   2   2 |     AGG   0   0   0   0   0   0
--------------------------------------------------------------------------------------------------------------------------------------
Val GTT   0   0   0   0   0   0 | Ala GCT   2   1   2   2   1   2 | Asp GAT   1   1   1   1   1   1 | Gly GGT   0   1   0   0   0   0
    GTC   0   0   0   1   0   0 |     GCC   0   0   0   0   0   0 |     GAC   0   0   0   0   0   0 |     GGC   1   1   1   0   2   1
    GTA   0   0   0   0   0   0 |     GCA   0   0   0   0   0   0 | Glu GAA   0   0   0   0   0   0 |     GGA   0   0   0   0   0   0
    GTG   1   1   1   1   0   1 |     GCG   0   0   0   0   0   0 |     GAG   0   0   0   0   0   0 |     GGG   1   1   1   2   1   1
--------------------------------------------------------------------------------------------------------------------------------------

--------------------------------------------------------------------------------------------------------------------------------------
Phe TTT   0   0   0   0   0   0 | Ser TCT   0   0   0   0   0   0 | Tyr TAT   2   2   2   2   2   0 | Cys TGT   0   0   0   0   0   0
    TTC   2   2   2   2   2   2 |     TCC   0   0   0   0   0   0 |     TAC   0   0   0   0   0   2 |     TGC   0   0   0   0   0   0
Leu TTA   0   0   0   0   0   0 |     TCA   0   0   0   0   0   0 | *** TAA   0   0   0   0   0   0 | *** TGA   0   0   0   0   0   0
    TTG   0   0   0   0   0   0 |     TCG   0   0   0   0   0   0 |     TAG   0   0   0   0   0   0 | Trp TGG   0   0   0   0   0   0
--------------------------------------------------------------------------------------------------------------------------------------
Leu CTT   0   0   0   0   0   0 | Pro CCT   0   0   0   0   0   0 | His CAT   1   1   1   1   1   1 | Arg CGT   0   0   0   0   0   0
    CTC   4   4   4   4   3   4 |     CCC   0   0   0   0   0   0 |     CAC   0   0   0   0   0   0 |     CGC   1   1   1   1   1   1
    CTA   0   0   0   0   0   0 |     CCA   0   0   0   0   0   0 | Gln CAA   0   0   0   0   0   0 |     CGA   0   0   0   0   0   0
    CTG   2   2   2   2   2   1 |     CCG   0   0   0   0   0   1 |     CAG   4   4   4   4   4   4 |     CGG   0   0   0   0   0   0
--------------------------------------------------------------------------------------------------------------------------------------
Ile ATT   0   0   0   0   0   0 | Thr ACT   0   0   0   0   0   0 | Asn AAT   0   0   0   0   0   0 | Ser AGT   0   0   0   0   0   0
    ATC   0   0   0   0   0   0 |     ACC   1   1   1   1   1   1 |     AAC   0   0   0   0   0   0 |     AGC   1   1   1   1   1   1
    ATA   0   0   0   0   0   0 |     ACA   0   0   0   0   0   1 | Lys AAA   1   0   0   0   0   0 | Arg AGA   0   0   0   0   0   0
Met ATG   0   0   0   0   0   0 |     ACG   1   1   1   1   1   0 |     AAG   1   2   2   2   2   2 |     AGG   0   0   0   0   0   0
--------------------------------------------------------------------------------------------------------------------------------------
Val GTT   0   0   0   0   0   0 | Ala GCT   2   1   2   2   2   2 | Asp GAT   1   1   1   1   1   1 | Gly GGT   0   1   0   0   0   0
    GTC   0   0   0   0   1   0 |     GCC   0   0   0   0   0   0 |     GAC   0   0   0   0   0   0 |     GGC   1   1   1   1   1   1
    GTA   0   1   0   0   0   0 |     GCA   0   0   0   0   0   0 | Glu GAA   0   0   0   0   0   0 |     GGA   0   0   0   0   0   0
    GTG   1   0   1   1   1   1 |     GCG   0   0   0   0   0   0 |     GAG   0   0   0   0   0   0 |     GGG   1   1   1   1   1   1
--------------------------------------------------------------------------------------------------------------------------------------

--------------------------------------------------------------------------------------------------------------------------------------
Phe TTT   0   0   0   0   0   1 | Ser TCT   0   0   0   0   0   0 | Tyr TAT   2   2   2   0   2   1 | Cys TGT   0   0   0   2   0   0
    TTC   2   2   2   1   2   2 |     TCC   0   0   0   0   0   0 |     TAC   0   0   0   0   0   0 |     TGC   0   0   0   0   0   0
Leu TTA   0   0   0   0   0   0 |     TCA   0   0   0   0   0   0 | *** TAA   0   0   0   0   0   0 | *** TGA   0   0   0   0   0   0
    TTG   0   0   0   0   0   0 |     TCG   0   0   0   0   0   0 |     TAG   0   0   0   0   0   0 | Trp TGG   0   0   0   0   0   0
--------------------------------------------------------------------------------------------------------------------------------------
Leu CTT   0   0   0   0   0   0 | Pro CCT   0   0   0   0   0   0 | His CAT   1   1   1   1   1   0 | Arg CGT   0   0   0   0   0   0
    CTC   3   4   4   5   4   4 |     CCC   0   0   0   0   0   0 |     CAC   1   0   0   0   0   1 |     CGC   1   1   1   1   1   1
    CTA   0   0   0   0   0   0 |     CCA   0   0   0   0   0   0 | Gln CAA   0   0   0   0   0   0 |     CGA   0   0   0   0   0   0
    CTG   2   2   2   2   2   2 |     CCG   0   0   0   0   0   0 |     CAG   4   4   4   5   4   4 |     CGG   0   0   0   0   0   0
--------------------------------------------------------------------------------------------------------------------------------------
Ile ATT   0   0   0   0   0   0 | Thr ACT   0   0   0   0   0   0 | Asn AAT   0   0   0   0   0   0 | Ser AGT   0   0   0   0   0   0
    ATC   0   0   0   0   0   0 |     ACC   1   1   1   1   1   1 |     AAC   0   0   0   0   0   0 |     AGC   1   0   1   1   1   1
    ATA   0   0   0   0   0   0 |     ACA   0   0   0   1   0   0 | Lys AAA   0   0   0   0   0   0 | Arg AGA   0   0   0   0   0   0
Met ATG   0   0   0   0   0   0 |     ACG   1   1   1   0   1   1 |     AAG   2   2   2   1   2   2 |     AGG   0   0   0   0   0   0
--------------------------------------------------------------------------------------------------------------------------------------
Val GTT   0   0   0   0   0   0 | Ala GCT   2   2   2   2   1   2 | Asp GAT   1   0   1   0   1   1 | Gly GGT   0   0   0   0   1   0
    GTC   0   0   0   0   0   0 |     GCC   0   0   0   0   0   0 |     GAC   0   1   0   1   0   0 |     GGC   1   2   1   1   1   1
    GTA   0   0   0   0   1   0 |     GCA   0   0   0   0   0   0 | Glu GAA   0   0   0   0   0   0 |     GGA   0   0   0   0   0   0
    GTG   1   1   1   1   0   1 |     GCG   0   0   0   0   0   0 |     GAG   0   0   0   0   0   0 |     GGG   1   1   1   1   1   1
--------------------------------------------------------------------------------------------------------------------------------------

--------------------------------------------------------------------------------------------------------------------------------------
Phe TTT   0   0   0   0   0   0 | Ser TCT   0   0   0   0   0   0 | Tyr TAT   2   2   2   2   2   2 | Cys TGT   0   0   0   0   0   0
    TTC   2   2   2   2   2   2 |     TCC   0   0   0   0   0   0 |     TAC   0   0   0   0   0   0 |     TGC   0   0   0   0   0   0
Leu TTA   0   0   0   0   0   0 |     TCA   0   0   0   0   0   0 | *** TAA   0   0   0   0   0   0 | *** TGA   0   0   0   0   0   0
    TTG   0   0   0   0   0   0 |     TCG   0   0   0   0   0   0 |     TAG   0   0   0   0   0   0 | Trp TGG   0   0   0   0   0   0
--------------------------------------------------------------------------------------------------------------------------------------
Leu CTT   0   0   0   0   0   0 | Pro CCT   0   0   0   0   0   0 | His CAT   1   1   1   1   1   1 | Arg CGT   0   0   0   0   0   0
    CTC   4   4   4   3   4   4 |     CCC   0   0   0   0   0   0 |     CAC   0   0   1   0   0   0 |     CGC   1   1   1   2   1   1
    CTA   0   0   0   0   0   0 |     CCA   0   0   0   0   0   0 | Gln CAA   0   0   0   0   0   0 |     CGA   0   0   0   0   0   0
    CTG   2   2   2   2   2   2 |     CCG   0   0   0   0   0   0 |     CAG   4   4   3   4   4   4 |     CGG   0   0   0   0   0   0
--------------------------------------------------------------------------------------------------------------------------------------
Ile ATT   0   0   0   0   0   0 | Thr ACT   1   0   0   0   0   0 | Asn AAT   0   0   0   0   0   0 | Ser AGT   0   0   0   0   0   0
    ATC   0   0   0   0   0   0 |     ACC   0   1   1   1   1   1 |     AAC   0   0   0   0   0   0 |     AGC   1   1   1   1   1   1
    ATA   0   0   0   0   0   0 |     ACA   0   0   0   0   0   0 | Lys AAA   0   0   0   0   0   0 | Arg AGA   0   0   0   0   0   0
Met ATG   0   0   0   0   0   0 |     ACG   1   1   1   1   1   1 |     AAG   2   2   2   2   2   2 |     AGG   0   0   0   0   0   0
--------------------------------------------------------------------------------------------------------------------------------------
Val GTT   0   0   0   0   0   0 | Ala GCT   2   1   2   2   1   1 | Asp GAT   1   1   1   1   1   1 | Gly GGT   0   0   0   0   1   1
    GTC   0   0   0   0   0   0 |     GCC   0   1   0   0   0   0 |     GAC   0   0   0   0   0   0 |     GGC   1   1   1   1   1   1
    GTA   0   0   0   0   0   0 |     GCA   0   0   0   0   0   0 | Glu GAA   0   0   0   0   0   0 |     GGA   0   0   0   0   0   0
    GTG   1   1   1   1   1   1 |     GCG   0   0   0   0   0   0 |     GAG   0   0   0   0   0   0 |     GGG   1   1   1   1   1   1
--------------------------------------------------------------------------------------------------------------------------------------

Codon position x base (3x4) table for each sequence.

#1: Argali         
position  1:    T:0.14815    C:0.44444    A:0.18519    G:0.22222
position  2:    T:0.33333    C:0.14815    A:0.37037    G:0.14815
position  3:    T:0.22222    C:0.37037    A:0.00000    G:0.40741
Average         T:0.23457    C:0.32099    A:0.18519    G:0.25926

#2: LesserMouseDeer
position  1:    T:0.14815    C:0.44444    A:0.18519    G:0.22222
position  2:    T:0.29630    C:0.14815    A:0.40741    G:0.14815
position  3:    T:0.29630    C:0.33333    A:0.03704    G:0.33333
Average         T:0.24691    C:0.30864    A:0.20988    G:0.23457

#3: LesserKudu     
position  1:    T:0.14815    C:0.44444    A:0.18519    G:0.22222
position  2:    T:0.29630    C:0.11111    A:0.37037    G:0.22222
position  3:    T:0.22222    C:0.37037    A:0.00000    G:0.40741
Average         T:0.22222    C:0.30864    A:0.18519    G:0.28395

#4: ForestMuskDeer2
position  1:    T:0.14815    C:0.44444    A:0.18519    G:0.22222
position  2:    T:0.29630    C:0.14815    A:0.37037    G:0.18519
position  3:    T:0.22222    C:0.37037    A:0.00000    G:0.40741
Average         T:0.22222    C:0.32099    A:0.18519    G:0.27160

#5: Camel          
position  1:    T:0.14815    C:0.44444    A:0.22222    G:0.18519
position  2:    T:0.29630    C:0.14815    A:0.37037    G:0.18519
position  3:    T:0.25926    C:0.37037    A:0.07407    G:0.29630
Average         T:0.23457    C:0.32099    A:0.22222    G:0.22222

#6: KillerWhale    
position  1:    T:0.18519    C:0.37037    A:0.22222    G:0.22222
position  2:    T:0.29630    C:0.14815    A:0.37037    G:0.18519
position  3:    T:0.25926    C:0.37037    A:0.07407    G:0.29630
Average         T:0.24691    C:0.29630    A:0.22222    G:0.23457

#7: DefassaWaterbuck
position  1:    T:0.14815    C:0.44444    A:0.18519    G:0.22222
position  2:    T:0.33333    C:0.14815    A:0.37037    G:0.14815
position  3:    T:0.22222    C:0.37037    A:0.00000    G:0.40741
Average         T:0.23457    C:0.32099    A:0.18519    G:0.25926

#8: Sheep          
position  1:    T:0.14815    C:0.44444    A:0.18519    G:0.22222
position  2:    T:0.33333    C:0.14815    A:0.37037    G:0.14815
position  3:    T:0.22222    C:0.37037    A:0.00000    G:0.40741
Average         T:0.23457    C:0.32099    A:0.18519    G:0.25926

#9: MaxwellsDuiker 
position  1:    T:0.14815    C:0.40741    A:0.18519    G:0.25926
position  2:    T:0.33333    C:0.14815    A:0.37037    G:0.14815
position  3:    T:0.22222    C:0.37037    A:0.00000    G:0.40741
Average         T:0.23457    C:0.30864    A:0.18519    G:0.27160

#10: GazellaPrzewalskyi
position  1:    T:0.14815    C:0.44444    A:0.18519    G:0.22222
position  2:    T:0.33333    C:0.14815    A:0.37037    G:0.14815
position  3:    T:0.22222    C:0.37037    A:0.00000    G:0.40741
Average         T:0.23457    C:0.32099    A:0.18519    G:0.25926

#11: MountainNyala  
position  1:    T:0.14815    C:0.44444    A:0.18519    G:0.22222
position  2:    T:0.33333    C:0.11111    A:0.37037    G:0.18519
position  3:    T:0.22222    C:0.37037    A:0.00000    G:0.40741
Average         T:0.23457    C:0.30864    A:0.18519    G:0.27160

#12: MuntiacusMuntjak
position  1:    T:0.14815    C:0.44444    A:0.18519    G:0.22222
position  2:    T:0.33333    C:0.14815    A:0.37037    G:0.14815
position  3:    T:0.22222    C:0.37037    A:0.00000    G:0.40741
Average         T:0.23457    C:0.32099    A:0.18519    G:0.25926

#13: goat           
position  1:    T:0.14815    C:0.44444    A:0.18519    G:0.22222
position  2:    T:0.33333    C:0.14815    A:0.37037    G:0.14815
position  3:    T:0.22222    C:0.37037    A:0.00000    G:0.40741
Average         T:0.23457    C:0.32099    A:0.18519    G:0.25926

#14: AfricanBuffalo 
position  1:    T:0.14815    C:0.44444    A:0.18519    G:0.22222
position  2:    T:0.33333    C:0.11111    A:0.37037    G:0.18519
position  3:    T:0.25926    C:0.33333    A:0.00000    G:0.40741
Average         T:0.24691    C:0.29630    A:0.18519    G:0.27160

#15: Topi           
position  1:    T:0.14815    C:0.44444    A:0.18519    G:0.22222
position  2:    T:0.33333    C:0.14815    A:0.37037    G:0.14815
position  3:    T:0.22222    C:0.37037    A:0.00000    G:0.40741
Average         T:0.23457    C:0.32099    A:0.18519    G:0.25926

#16: CommonDuiker   
position  1:    T:0.14815    C:0.40741    A:0.18519    G:0.25926
position  2:    T:0.33333    C:0.14815    A:0.37037    G:0.14815
position  3:    T:0.22222    C:0.37037    A:0.00000    G:0.40741
Average         T:0.23457    C:0.30864    A:0.18519    G:0.27160

#17: Suni           
position  1:    T:0.14815    C:0.44444    A:0.18519    G:0.22222
position  2:    T:0.33333    C:0.14815    A:0.37037    G:0.14815
position  3:    T:0.25926    C:0.33333    A:0.00000    G:0.40741
Average         T:0.24691    C:0.30864    A:0.18519    G:0.25926

#18: Springbuck     
position  1:    T:0.14815    C:0.44444    A:0.18519    G:0.22222
position  2:    T:0.29630    C:0.18519    A:0.37037    G:0.14815
position  3:    T:0.22222    C:0.37037    A:0.00000    G:0.40741
Average         T:0.22222    C:0.33333    A:0.18519    G:0.25926

#19: Okapi          
position  1:    T:0.14815    C:0.44444    A:0.18519    G:0.22222
position  2:    T:0.29630    C:0.14815    A:0.37037    G:0.18519
position  3:    T:0.18519    C:0.40741    A:0.00000    G:0.40741
Average         T:0.20988    C:0.33333    A:0.18519    G:0.27160

#20: Giraffe        
position  1:    T:0.14815    C:0.44444    A:0.18519    G:0.22222
position  2:    T:0.29630    C:0.14815    A:0.37037    G:0.18519
position  3:    T:0.18519    C:0.40741    A:0.00000    G:0.40741
Average         T:0.20988    C:0.33333    A:0.18519    G:0.27160

#21: TibetanAntelope
position  1:    T:0.14815    C:0.44444    A:0.18519    G:0.22222
position  2:    T:0.33333    C:0.14815    A:0.37037    G:0.14815
position  3:    T:0.22222    C:0.37037    A:0.00000    G:0.40741
Average         T:0.23457    C:0.32099    A:0.18519    G:0.25926

#22: Sitatunga      
position  1:    T:0.14815    C:0.44444    A:0.18519    G:0.22222
position  2:    T:0.33333    C:0.11111    A:0.37037    G:0.18519
position  3:    T:0.22222    C:0.37037    A:0.00000    G:0.40741
Average         T:0.23457    C:0.30864    A:0.18519    G:0.27160

#23: Oribi          
position  1:    T:0.14815    C:0.44444    A:0.18519    G:0.22222
position  2:    T:0.33333    C:0.14815    A:0.37037    G:0.14815
position  3:    T:0.25926    C:0.33333    A:0.03704    G:0.37037
Average         T:0.24691    C:0.30864    A:0.19753    G:0.24691

#24: BarbarySheep   
position  1:    T:0.14815    C:0.44444    A:0.18519    G:0.22222
position  2:    T:0.33333    C:0.14815    A:0.37037    G:0.14815
position  3:    T:0.22222    C:0.37037    A:0.03704    G:0.37037
Average         T:0.23457    C:0.32099    A:0.19753    G:0.24691

#25: Daviddeer      
position  1:    T:0.14815    C:0.44444    A:0.18519    G:0.22222
position  2:    T:0.33333    C:0.14815    A:0.37037    G:0.14815
position  3:    T:0.18519    C:0.40741    A:0.00000    G:0.40741
Average         T:0.22222    C:0.33333    A:0.18519    G:0.25926

#26: Reindeer       
position  1:    T:0.11111    C:0.51852    A:0.14815    G:0.22222
position  2:    T:0.33333    C:0.14815    A:0.33333    G:0.18519
position  3:    T:0.22222    C:0.37037    A:0.03704    G:0.37037
Average         T:0.22222    C:0.34568    A:0.17284    G:0.25926

#27: Ibex           
position  1:    T:0.14815    C:0.44444    A:0.18519    G:0.22222
position  2:    T:0.33333    C:0.14815    A:0.37037    G:0.14815
position  3:    T:0.22222    C:0.37037    A:0.00000    G:0.40741
Average         T:0.23457    C:0.32099    A:0.18519    G:0.25926

#28: GyrantGazelle  
position  1:    T:0.14815    C:0.44444    A:0.14815    G:0.25926
position  2:    T:0.33333    C:0.14815    A:0.37037    G:0.14815
position  3:    T:0.22222    C:0.37037    A:0.00000    G:0.40741
Average         T:0.23457    C:0.32099    A:0.17284    G:0.27160

#29: Hartebeest     
position  1:    T:0.14815    C:0.44444    A:0.18519    G:0.22222
position  2:    T:0.33333    C:0.14815    A:0.37037    G:0.14815
position  3:    T:0.22222    C:0.37037    A:0.00000    G:0.40741
Average         T:0.23457    C:0.32099    A:0.18519    G:0.25926

#30: Bongo          
position  1:    T:0.14815    C:0.44444    A:0.18519    G:0.22222
position  2:    T:0.33333    C:0.11111    A:0.37037    G:0.18519
position  3:    T:0.22222    C:0.37037    A:0.00000    G:0.40741
Average         T:0.23457    C:0.30864    A:0.18519    G:0.27160

#31: Gerenuk        
position  1:    T:0.14815    C:0.44444    A:0.18519    G:0.22222
position  2:    T:0.33333    C:0.14815    A:0.37037    G:0.14815
position  3:    T:0.22222    C:0.33333    A:0.00000    G:0.44444
Average         T:0.23457    C:0.30864    A:0.18519    G:0.27160

#32: CommonEland    
position  1:    T:0.14815    C:0.44444    A:0.18519    G:0.22222
position  2:    T:0.33333    C:0.11111    A:0.37037    G:0.18519
position  3:    T:0.22222    C:0.37037    A:0.00000    G:0.40741
Average         T:0.23457    C:0.30864    A:0.18519    G:0.27160

#33: MuntiacusReevesi
position  1:    T:0.14815    C:0.44444    A:0.18519    G:0.22222
position  2:    T:0.33333    C:0.14815    A:0.37037    G:0.14815
position  3:    T:0.22222    C:0.40741    A:0.00000    G:0.37037
Average         T:0.23457    C:0.33333    A:0.18519    G:0.24691

#34: HarveysDuiker  
position  1:    T:0.14815    C:0.40741    A:0.18519    G:0.25926
position  2:    T:0.33333    C:0.14815    A:0.37037    G:0.14815
position  3:    T:0.22222    C:0.33333    A:0.00000    G:0.44444
Average         T:0.23457    C:0.29630    A:0.18519    G:0.28395

#35: Pronghorn      
position  1:    T:0.14815    C:0.44444    A:0.22222    G:0.18519
position  2:    T:0.29630    C:0.14815    A:0.37037    G:0.18519
position  3:    T:0.22222    C:0.37037    A:0.03704    G:0.37037
Average         T:0.22222    C:0.32099    A:0.20988    G:0.24691

#36: BlueWildebeest 
position  1:    T:0.14815    C:0.44444    A:0.18519    G:0.22222
position  2:    T:0.33333    C:0.14815    A:0.37037    G:0.14815
position  3:    T:0.22222    C:0.37037    A:0.00000    G:0.40741
Average         T:0.23457    C:0.32099    A:0.18519    G:0.25926

#37: Gemsbok        
position  1:    T:0.14815    C:0.44444    A:0.18519    G:0.22222
position  2:    T:0.33333    C:0.14815    A:0.37037    G:0.14815
position  3:    T:0.22222    C:0.37037    A:0.03704    G:0.37037
Average         T:0.23457    C:0.32099    A:0.19753    G:0.24691

#38: Yak            
position  1:    T:0.14815    C:0.44444    A:0.18519    G:0.22222
position  2:    T:0.33333    C:0.11111    A:0.37037    G:0.18519
position  3:    T:0.22222    C:0.37037    A:0.03704    G:0.37037
Average         T:0.23457    C:0.30864    A:0.19753    G:0.25926

#39: BlueSheep      
position  1:    T:0.14815    C:0.44444    A:0.18519    G:0.22222
position  2:    T:0.33333    C:0.14815    A:0.37037    G:0.14815
position  3:    T:0.22222    C:0.37037    A:0.00000    G:0.40741
Average         T:0.23457    C:0.32099    A:0.18519    G:0.25926

#40: BohorReedbuck  
position  1:    T:0.14815    C:0.44444    A:0.18519    G:0.22222
position  2:    T:0.33333    C:0.14815    A:0.37037    G:0.14815
position  3:    T:0.22222    C:0.37037    A:0.00000    G:0.40741
Average         T:0.23457    C:0.32099    A:0.18519    G:0.25926

#41: KirksDik       
position  1:    T:0.14815    C:0.40741    A:0.18519    G:0.25926
position  2:    T:0.33333    C:0.14815    A:0.37037    G:0.14815
position  3:    T:0.22222    C:0.37037    A:0.00000    G:0.40741
Average         T:0.23457    C:0.30864    A:0.18519    G:0.27160

#42: RoeDeer        
position  1:    T:0.14815    C:0.44444    A:0.18519    G:0.22222
position  2:    T:0.29630    C:0.18519    A:0.37037    G:0.14815
position  3:    T:0.14815    C:0.44444    A:0.03704    G:0.37037
Average         T:0.19753    C:0.35802    A:0.19753    G:0.24691

#43: WhiteLippedDeer
position  1:    T:0.14815    C:0.44444    A:0.18519    G:0.22222
position  2:    T:0.29630    C:0.14815    A:0.40741    G:0.14815
position  3:    T:0.22222    C:0.37037    A:0.00000    G:0.40741
Average         T:0.22222    C:0.32099    A:0.19753    G:0.25926

#44: ThomsonGazelle 
position  1:    T:0.14815    C:0.44444    A:0.14815    G:0.25926
position  2:    T:0.33333    C:0.14815    A:0.37037    G:0.14815
position  3:    T:0.18519    C:0.40741    A:0.00000    G:0.40741
Average         T:0.22222    C:0.33333    A:0.17284    G:0.27160

#45: MuntiacusCrinifrons
position  1:    T:0.14815    C:0.44444    A:0.18519    G:0.22222
position  2:    T:0.33333    C:0.14815    A:0.37037    G:0.14815
position  3:    T:0.22222    C:0.37037    A:0.00000    G:0.40741
Average         T:0.23457    C:0.32099    A:0.18519    G:0.25926

#46: WhiteTailedDeer
position  1:    T:0.11111    C:0.51852    A:0.14815    G:0.22222
position  2:    T:0.33333    C:0.14815    A:0.29630    G:0.22222
position  3:    T:0.18519    C:0.40741    A:0.03704    G:0.37037
Average         T:0.20988    C:0.35802    A:0.16049    G:0.27160

#47: Cattle         
position  1:    T:0.14815    C:0.44444    A:0.18519    G:0.22222
position  2:    T:0.33333    C:0.11111    A:0.37037    G:0.18519
position  3:    T:0.22222    C:0.37037    A:0.03704    G:0.37037
Average         T:0.23457    C:0.30864    A:0.19753    G:0.25926

#48: RoyalAntelope  
position  1:    T:0.14815    C:0.44444    A:0.18519    G:0.22222
position  2:    T:0.37037    C:0.14815    A:0.33333    G:0.14815
position  3:    T:0.18519    C:0.40741    A:0.00000    G:0.40741
Average         T:0.23457    C:0.33333    A:0.17284    G:0.25926

#49: Steenbok       
position  1:    T:0.14815    C:0.44444    A:0.18519    G:0.22222
position  2:    T:0.33333    C:0.14815    A:0.37037    G:0.14815
position  3:    T:0.25926    C:0.33333    A:0.00000    G:0.40741
Average         T:0.24691    C:0.30864    A:0.18519    G:0.25926

#50: Impala         
position  1:    T:0.14815    C:0.44444    A:0.18519    G:0.22222
position  2:    T:0.33333    C:0.14815    A:0.37037    G:0.14815
position  3:    T:0.18519    C:0.40741    A:0.00000    G:0.40741
Average         T:0.22222    C:0.33333    A:0.18519    G:0.25926

#51: Klipspringer   
position  1:    T:0.14815    C:0.44444    A:0.18519    G:0.22222
position  2:    T:0.33333    C:0.14815    A:0.37037    G:0.14815
