CODONML (in paml version 4.10.7, June 2023)  /home/rachel/ruminants_paml/6406-phy-tree/ENSBTAT00000009846.fasta.phy
Model: free dN/dS Ratios for branches,  kappa = 2.000 fixed

Codon frequency model: F3x4
ns =  54  ls =  37

Codon usage in sequences
--------------------------------------------------------------------------------------------------------------------------------------
Phe TTT   0   0   0   0   0   0 | Ser TCT   0   0   0   0   0   0 | Tyr TAT   0   1   0   0   0   0 | Cys TGT   0   0   0   0   0   0
    TTC   2   2   2   2   1   1 |     TCC   2   2   2   2   1   1 |     TAC   1   0   1   1   2   2 |     TGC   0   0   0   0   0   0
Leu TTA   0   0   0   0   0   0 |     TCA   0   0   1   0   0   0 | *** TAA   0   0   0   0   0   0 | *** TGA   0   0   0   0   0   0
    TTG   0   0   0   0   0   0 |     TCG   1   0   0   1   1   0 |     TAG   0   0   0   0   0   0 | Trp TGG   0   0   0   0   0   0
--------------------------------------------------------------------------------------------------------------------------------------
Leu CTT   0   0   1   0   0   0 | Pro CCT   0   0   0   0   0   0 | His CAT   1   0   1   1   1   1 | Arg CGT   0   0   0   0   0   0
    CTC   2   1   1   2   2   2 |     CCC   0   0   0   0   0   0 |     CAC   0   1   0   0   0   0 |     CGC   0   0   0   0   0   0
    CTA   0   0   0   0   0   0 |     CCA   0   0   0   0   0   0 | Gln CAA   0   0   0   0   0   0 |     CGA   0   0   0   0   0   0
    CTG   2   3   2   2   2   3 |     CCG   0   0   0   0   0   0 |     CAG   2   2   2   2   2   2 |     CGG   0   0   0   0   0   0
--------------------------------------------------------------------------------------------------------------------------------------
Ile ATT   0   0   0   0   2   0 | Thr ACT   1   1   1   1   0   0 | Asn AAT   2   1   1   2   1   0 | Ser AGT   0   0   0   0   0   0
    ATC   3   4   3   3   2   4 |     ACC   2   2   2   2   3   3 |     AAC   1   2   2   1   2   3 |     AGC   0   0   0   0   0   0
    ATA   0   0   0   0   0   0 |     ACA   0   0   0   0   0   0 | Lys AAA   0   0   0   0   0   1 | Arg AGA   0   0   0   0   0   0
Met ATG   2   1   2   2   1   1 |     ACG   0   0   0   0   0   0 |     AAG   2   2   2   2   2   1 |     AGG   0   0   0   0   0   0
--------------------------------------------------------------------------------------------------------------------------------------
Val GTT   0   0   0   0   0   0 | Ala GCT   0   1   0   0   0   0 | Asp GAT   0   0   0   0   1   0 | Gly GGT   0   0   1   0   0   0
    GTC   0   1   0   0   0   0 |     GCC   0   0   0   0   1   1 |     GAC   3   3   3   3   2   3 |     GGC   0   1   0   0   0   0
    GTA   0   0   0   0   0   0 |     GCA   0   0   0   0   0   0 | Glu GAA   2   1   2   2   2   2 |     GGA   1   0   0   1   0   0
    GTG   2   1   2   2   2   2 |     GCG   0   0   0   0   0   0 |     GAG   2   3   2   2   2   2 |     GGG   1   1   1   1   2   2
--------------------------------------------------------------------------------------------------------------------------------------

--------------------------------------------------------------------------------------------------------------------------------------
Phe TTT   0   0   0   0   0   0 | Ser TCT   0   0   1   0   0   1 | Tyr TAT   0   0   0   0   0   1 | Cys TGT   0   0   0   0   0   0
    TTC   2   2   2   2   2   2 |     TCC   2   2   1   2   2   1 |     TAC   1   1   1   1   1   0 |     TGC   0   0   0   0   0   0
Leu TTA   0   0   0   0   0   0 |     TCA   0   0   0   0   1   0 | *** TAA   0   0   0   0   0   0 | *** TGA   0   0   0   0   0   0
    TTG   0   0   0   0   0   0 |     TCG   1   1   1   1   0   1 |     TAG   0   0   0   0   0   0 | Trp TGG   0   0   0   0   0   0
--------------------------------------------------------------------------------------------------------------------------------------
Leu CTT   0   0   0   0   0   0 | Pro CCT   0   0   0   0   0   0 | His CAT   1   1   1   1   1   1 | Arg CGT   0   0   0   0   0   0
    CTC   2   2   2   2   2   2 |     CCC   0   0   0   0   0   0 |     CAC   0   0   0   0   0   0 |     CGC   0   0   0   0   0   0
    CTA   0   0   0   0   0   0 |     CCA   0   0   0   0   0   0 | Gln CAA   0   0   0   0   0   0 |     CGA   0   0   0   0   0   0
    CTG   2   2   2   2   2   2 |     CCG   0   0   0   0   0   0 |     CAG   2   2   2   2   2   2 |     CGG   0   0   0   0   0   0
--------------------------------------------------------------------------------------------------------------------------------------
Ile ATT   0   0   0   1   0   0 | Thr ACT   1   1   1   1   1   1 | Asn AAT   1   2   2   2   1   1 | Ser AGT   0   0   0   0   0   0
    ATC   3   3   3   2   3   3 |     ACC   2   2   2   2   2   2 |     AAC   2   1   1   1   2   2 |     AGC   0   0   0   0   0   0
    ATA   0   0   0   0   0   0 |     ACA   0   0   0   0   0   0 | Lys AAA   0   0   0   0   0   0 | Arg AGA   0   0   0   0   0   0
Met ATG   2   2   2   2   2   2 |     ACG   0   0   0   0   0   0 |     AAG   2   2   2   2   2   2 |     AGG   0   0   0   0   0   0
--------------------------------------------------------------------------------------------------------------------------------------
Val GTT   0   0   0   0   0   0 | Ala GCT   0   0   0   0   0   0 | Asp GAT   0   0   0   1   0   0 | Gly GGT   0   0   0   0   0   0
    GTC   0   0   0   0   0   0 |     GCC   0   0   0   0   0   0 |     GAC   3   3   3   2   3   3 |     GGC   0   0   0   0   0   0
    GTA   0   0   0   0   0   0 |     GCA   0   0   0   0   0   0 | Glu GAA   3   2   2   2   2   2 |     GGA   1   1   1   1   0   1
    GTG   2   2   2   2   2   2 |     GCG   0   0   0   0   0   0 |     GAG   1   2   2   2   2   2 |     GGG   1   1   1   1   2   1
--------------------------------------------------------------------------------------------------------------------------------------

--------------------------------------------------------------------------------------------------------------------------------------
Phe TTT   0   0   0   0   0   0 | Ser TCT   0   0   0   0   0   0 | Tyr TAT   0   0   0   0   0   0 | Cys TGT   0   0   0   0   0   0
    TTC   2   2   2   2   2   2 |     TCC   2   2   2   2   2   2 |     TAC   1   1   1   1   1   1 |     TGC   0   0   0   0   0   0
Leu TTA   0   0   0   0   0   0 |     TCA   0   0   0   0   0   0 | *** TAA   0   0   0   0   0   0 | *** TGA   0   0   0   0   0   0
    TTG   0   0   0   0   1   0 |     TCG   1   1   1   1   1   1 |     TAG   0   0   0   0   0   0 | Trp TGG   0   0   0   0   0   0
--------------------------------------------------------------------------------------------------------------------------------------
Leu CTT   0   0   0   0   0   0 | Pro CCT   0   0   0   0   0   0 | His CAT   1   1   1   1   1   1 | Arg CGT   0   0   0   0   0   0
    CTC   2   2   2   2   2   2 |     CCC   0   0   0   0   0   0 |     CAC   0   0   0   0   0   0 |     CGC   0   0   0   0   0   0
    CTA   0   0   0   0   0   0 |     CCA   0   0   0   0   0   0 | Gln CAA   0   0   0   0   0   0 |     CGA   0   0   0   0   0   0
    CTG   2   2   2   2   1   2 |     CCG   0   0   0   0   0   0 |     CAG   2   2   2   2   2   2 |     CGG   0   0   0   0   0   0
--------------------------------------------------------------------------------------------------------------------------------------
Ile ATT   0   0   0   0   0   1 | Thr ACT   1   1   0   1   0   1 | Asn AAT   2   1   2   2   1   1 | Ser AGT   0   0   0   0   0   0
    ATC   3   3   3   3   3   2 |     ACC   2   2   3   2   3   2 |     AAC   1   2   1   1   2   2 |     AGC   0   0   0   0   0   0
    ATA   0   0   0   0   0   0 |     ACA   0   0   0   0   0   0 | Lys AAA   0   0   0   0   0   0 | Arg AGA   0   0   0   0   0   0
Met ATG   2   2   2   2   2   2 |     ACG   0   0   0   0   0   0 |     AAG   2   2   2   2   2   2 |     AGG   0   0   0   0   0   0
--------------------------------------------------------------------------------------------------------------------------------------
Val GTT   0   0   0   0   0   0 | Ala GCT   0   0   0   0   0   0 | Asp GAT   0   1   0   0   0   0 | Gly GGT   0   0   0   0   0   0
    GTC   0   0   0   0   0   0 |     GCC   0   0   0   0   0   0 |     GAC   3   2   3   3   3   3 |     GGC   0   0   0   0   0   0
    GTA   0   0   0   0   0   0 |     GCA   0   0   0   0   0   0 | Glu GAA   2   2   2   2   1   2 |     GGA   1   1   1   1   1   1
    GTG   2   2   2   2   2   2 |     GCG   0   0   0   0   0   0 |     GAG   2   2   2   2   3   2 |     GGG   1   1   1   1   1   1
--------------------------------------------------------------------------------------------------------------------------------------

--------------------------------------------------------------------------------------------------------------------------------------
Phe TTT   0   0   0   0   0   0 | Ser TCT   0   0   0   0   0   0 | Tyr TAT   0   0   0   0   0   0 | Cys TGT   0   0   0   0   0   0
    TTC   2   2   2   2   2   2 |     TCC   2   2   2   2   2   2 |     TAC   1   1   1   1   1   1 |     TGC   0   0   0   0   0   0
Leu TTA   0   0   0   0   0   0 |     TCA   0   0   1   1   0   0 | *** TAA   0   0   0   0   0   0 | *** TGA   0   0   0   0   0   0
    TTG   0   0   0   0   0   0 |     TCG   1   1   0   0   1   1 |     TAG   0   0   0   0   0   0 | Trp TGG   0   0   0   0   0   0
--------------------------------------------------------------------------------------------------------------------------------------
Leu CTT   0   0   0   0   0   0 | Pro CCT   0   0   0   0   0   0 | His CAT   1   1   1   1   1   1 | Arg CGT   0   0   0   0   0   0
    CTC   2   2   2   2   2   2 |     CCC   0   0   0   0   0   0 |     CAC   0   0   0   0   0   0 |     CGC   0   0   0   0   0   0
    CTA   0   0   0   0   0   0 |     CCA   0   0   0   0   0   0 | Gln CAA   0   0   0   0   1   0 |     CGA   0   0   0   0   0   0
    CTG   2   2   2   2   2   2 |     CCG   0   0   0   0   0   0 |     CAG   2   2   2   2   1   2 |     CGG   0   0   0   0   0   0
--------------------------------------------------------------------------------------------------------------------------------------
Ile ATT   1   0   1   0   0   0 | Thr ACT   1   1   1   1   1   1 | Asn AAT   2   2   2   1   1   2 | Ser AGT   0   0   0   0   0   0
    ATC   2   3   2   3   3   3 |     ACC   2   2   2   2   2   2 |     AAC   1   1   1   2   2   1 |     AGC   0   0   0   0   0   0
    ATA   0   0   0   0   0   0 |     ACA   0   0   0   0   0   0 | Lys AAA   0   0   0   0   0   0 | Arg AGA   0   0   0   0   0   0
Met ATG   2   2   2   2   2   2 |     ACG   0   0   0   0   0   0 |     AAG   2   2   2   2   2   2 |     AGG   0   0   0   0   0   0
--------------------------------------------------------------------------------------------------------------------------------------
Val GTT   0   0   0   0   0   0 | Ala GCT   0   0   0   0   0   0 | Asp GAT   1   1   0   0   0   0 | Gly GGT   0   0   0   0   0   0
    GTC   0   0   0   0   0   0 |     GCC   0   0   0   0   0   0 |     GAC   2   2   3   3   3   3 |     GGC   0   0   0   0   0   0
    GTA   0   0   0   0   0   0 |     GCA   0   0   0   0   0   0 | Glu GAA   2   2   2   2   2   2 |     GGA   1   1   1   0   1   1
    GTG   2   2   2   2   2   2 |     GCG   0   0   0   0   0   0 |     GAG   2   2   2   2   2   2 |     GGG   1   1   1   2   1   1
--------------------------------------------------------------------------------------------------------------------------------------

--------------------------------------------------------------------------------------------------------------------------------------
Phe TTT   0   0   0   0   0   0 | Ser TCT   1   1   0   1   0   0 | Tyr TAT   1   1   0   0   0   0 | Cys TGT   0   0   0   0   0   0
    TTC   2   2   2   2   2   2 |     TCC   1   1   2   1   2   1 |     TAC   0   0   1   1   1   1 |     TGC   0   0   0   0   0   1
Leu TTA   0   0   0   0   0   0 |     TCA   0   0   0   0   0   1 | *** TAA   0   0   0   0   0   0 | *** TGA   0   0   0   0   0   0
    TTG   0   0   0   0   0   0 |     TCG   1   1   1   1   1   0 |     TAG   0   0   0   0   0   0 | Trp TGG   0   0   0   0   0   0
--------------------------------------------------------------------------------------------------------------------------------------
Leu CTT   0   0   0   0   0   0 | Pro CCT   0   0   0   0   0   0 | His CAT   1   1   1   1   1   1 | Arg CGT   0   0   0   0   0   0
    CTC   2   2   2   2   2   2 |     CCC   0   0   0   0   0   0 |     CAC   0   0   0   0   0   0 |     CGC   0   0   0   0   0   0
    CTA   0   0   0   0   0   0 |     CCA   0   0   0   0   0   0 | Gln CAA   0   0   0   0   0   0 |     CGA   0   0   0   0   0   0
    CTG   2   2   2   2   2   2 |     CCG   0   0   0   0   0   0 |     CAG   2   2   2   2   2   2 |     CGG   0   0   0   0   0   0
--------------------------------------------------------------------------------------------------------------------------------------
Ile ATT   0   0   0   0   0   0 | Thr ACT   1   1   1   1   1   1 | Asn AAT   1   1   2   1   2   1 | Ser AGT   0   0   0   0   0   0
    ATC   3   3   3   3   3   3 |     ACC   2   2   2   2   2   2 |     AAC   2   2   1   2   1   2 |     AGC   0   0   0   0   0   0
    ATA   0   0   0   0   0   0 |     ACA   0   0   0   0   0   0 | Lys AAA   0   0   0   0   0   0 | Arg AGA   0   0   0   0   0   0
Met ATG   2   2   2   2   2   2 |     ACG   0   0   0   0   0   0 |     AAG   2   2   2   2   2   2 |     AGG   0   0   0   0   0   0
--------------------------------------------------------------------------------------------------------------------------------------
Val GTT   0   0   0   0   0   0 | Ala GCT   0   0   0   0   0   0 | Asp GAT   0   0   0   0   1   0 | Gly GGT   0   0   0   0   0   0
    GTC   0   0   0   0   0   0 |     GCC   0   0   0   0   0   0 |     GAC   3   3   3   3   2   3 |     GGC   0   0   0   0   0   0
    GTA   0   0   0   0   0   0 |     GCA   0   0   0   0   0   0 | Glu GAA   2   2   2   2   2   2 |     GGA   1   1   1   1   1   0
    GTG   2   2   2   2   2   2 |     GCG   0   0   0   0   0   0 |     GAG   2   2   2   2   2   2 |     GGG   1   1   1   1   1   2
--------------------------------------------------------------------------------------------------------------------------------------

--------------------------------------------------------------------------------------------------------------------------------------
Phe TTT   0   0   0   0   0   0 | Ser TCT   0   0   1   0   0   0 | Tyr TAT   0   0   1   0   0   0 | Cys TGT   0   0   0   0   0   0
    TTC   2   2   2   2   2   2 |     TCC   2   2   1   2   2   2 |     TAC   1   1   0   1   1   1 |     TGC   0   0   0   0   0   0
Leu TTA   0   0   0   0   0   0 |     TCA   0   1   0   0   0   0 | *** TAA   0   0   0   0   0   0 | *** TGA   0   0   0   0   0   0
    TTG   0   0   1   0   0   0 |     TCG   1   0   1   1   1   1 |     TAG   0   0   0   0   0   0 | Trp TGG   0   0   0   0   0   0
--------------------------------------------------------------------------------------------------------------------------------------
Leu CTT   0   0   0   0   0   0 | Pro CCT   0   0   0   0   0   0 | His CAT   1   1   1   1   1   1 | Arg CGT   0   0   0   0   0   0
    CTC   2   2   2   2   2   2 |     CCC   0   0   0   0   0   0 |     CAC   0   0   0   0   0   0 |     CGC   0   0   0   0   0   0
    CTA   0   0   0   0   0   0 |     CCA   0   0   0   0   0   0 | Gln CAA   0   0   0   0   0   0 |     CGA   0   0   0   0   0   0
    CTG   2   2   1   2   2   2 |     CCG   0   0   0   0   0   0 |     CAG   2   2   2   2   2   2 |     CGG   0   0   0   0   0   0
--------------------------------------------------------------------------------------------------------------------------------------
Ile ATT   0   0   0   0   0   0 | Thr ACT   1   1   1   1   1   1 | Asn AAT   1   1   1   2   2   2 | Ser AGT   0   0   0   0   0   0
    ATC   3   3   3   3   3   3 |     ACC   2   2   2   2   2   2 |     AAC   2   2   2   1   1   1 |     AGC   0   0   0   0   0   0
    ATA   0   0   0   0   0   0 |     ACA   0   0   0   0   0   0 | Lys AAA   0   0   0   0   0   0 | Arg AGA   0   0   0   0   0   0
Met ATG   2   2   2   2   2   2 |     ACG   0   0   0   0   0   0 |     AAG   2   2   2   2   2   2 |     AGG   0   0   0   0   0   0
--------------------------------------------------------------------------------------------------------------------------------------
Val GTT   0   0   0   0   0   0 | Ala GCT   0   0   0   0   0   0 | Asp GAT   0   0   0   0   0   1 | Gly GGT   0   0   0   0   0   0
    GTC   0   0   0   0   0   0 |     GCC   0   0   0   0   0   0 |     GAC   3   3   3   3   3   2 |     GGC   0   0   0   0   0   0
    GTA   0   0   0   0   0   0 |     GCA   0   0   0   0   0   0 | Glu GAA   2   2   2   2   2   2 |     GGA   1   1   1   1   1   1
    GTG   2   2   2   2   2   2 |     GCG   0   0   0   0   0   0 |     GAG   2   2   2   2   2   2 |     GGG   1   1   1   1   1   1
--------------------------------------------------------------------------------------------------------------------------------------

--------------------------------------------------------------------------------------------------------------------------------------
Phe TTT   0   0   0   0   0   0 | Ser TCT   0   0   0   0   1   1 | Tyr TAT   0   0   0   0   0   1 | Cys TGT   0   0   0   0   0   0
    TTC   2   2   2   2   2   2 |     TCC   2   2   2   2   1   1 |     TAC   1   1   1   1   1   0 |     TGC   0   0   0   0   0   0
Leu TTA   0   0   0   0   0   0 |     TCA   0   0   0   0   0   0 | *** TAA   0   0   0   0   0   0 | *** TGA   0   0   0   0   0   0
    TTG   0   0   0   0   0   0 |     TCG   1   1   1   1   1   1 |     TAG   0   0   0   0   0   0 | Trp TGG   0   0   0   0   0   0
--------------------------------------------------------------------------------------------------------------------------------------
Leu CTT   0   0   0   0   0   0 | Pro CCT   0   0   0   0   0   0 | His CAT   1   1   1   1   1   1 | Arg CGT   0   0   0   0   0   0
    CTC   2   2   2   2   2   2 |     CCC   0   0   0   0   0   0 |     CAC   0   0   0   0   0   0 |     CGC   0   0   0   0   0   0
    CTA   0   0   0   0   0   0 |     CCA   0   0   0   0   0   0 | Gln CAA   0   0   0   0   0   0 |     CGA   0   0   0   0   0   0
    CTG   2   2   2   2   2   2 |     CCG   0   0   0   0   0   0 |     CAG   2   2   2   2   2   2 |     CGG   0   0   0   0   0   0
--------------------------------------------------------------------------------------------------------------------------------------
Ile ATT   0   0   1   0   0   0 | Thr ACT   1   1   1   1   1   1 | Asn AAT   2   1   2   1   2   1 | Ser AGT   0   0   0   0   0   0
    ATC   3   3   2   3   3   3 |     ACC   2   2   2   2   2   2 |     AAC   1   2   1   2   1   2 |     AGC   0   0   0   0   0   0
    ATA   0   0   0   0   0   0 |     ACA   0   0   0   0   0   0 | Lys AAA   0   0   0   0   0   0 | Arg AGA   0   0   0   0   0   0
Met ATG   2   2   2   2   2   2 |     ACG   0   0   0   0   0   0 |     AAG   2   2   2   2   2   2 |     AGG   0   0   0   0   0   0
--------------------------------------------------------------------------------------------------------------------------------------
Val GTT   0   0   0   0   0   0 | Ala GCT   0   0   0   0   0   0 | Asp GAT   0   1   0   0   0   2 | Gly GGT   0   0   0   0   0   0
    GTC   0   0   0   0   0   0 |     GCC   0   0   0   0   0   0 |     GAC   3   2   3   3   3   1 |     GGC   0   0   0   0   0   0
    GTA   0   0   0   0   0   0 |     GCA   0   0   0   0   0   0 | Glu GAA   2   2   2   3   2   2 |     GGA   1   1   1   1   1   1
    GTG   2   2   2   2   2   2 |     GCG   0   0   0   0   0   0 |     GAG   2   2   2   1   2   2 |     GGG   1   1   1   1   1   1
--------------------------------------------------------------------------------------------------------------------------------------

--------------------------------------------------------------------------------------------------------------------------------------
Phe TTT   0   0   0   0   0   0 | Ser TCT   1   0   1   1   0   1 | Tyr TAT   1   0   1   1   0   0 | Cys TGT   0   0   0   0   0   0
    TTC   2   2   2   2   2   2 |     TCC   1   2   1   1   2   1 |     TAC   0   1   0   0   1   1 |     TGC   0   0   0   0   0   0
Leu TTA   0   0   0   0   0   0 |     TCA   0   0   0   0   0   0 | *** TAA   0   0   0   0   0   0 | *** TGA   0   0   0   0   0   0
    TTG   0   0   0   0   0   0 |     TCG   1   1   1   1   1   1 |     TAG   0   0   0   0   0   0 | Trp TGG   0   0   0   0   0   0
--------------------------------------------------------------------------------------------------------------------------------------
Leu CTT   0   0   0   0   0   0 | Pro CCT   0   0   0   0   0   0 | His CAT   1   1   1   1   1   1 | Arg CGT   0   0   0   0   0   0
    CTC   2   2   2   2   2   2 |     CCC   0   0   0   0   0   0 |     CAC   0   0   0   0   0   0 |     CGC   0   0   0   0   0   0
    CTA   0   0   0   0   0   0 |     CCA   0   0   0   0   0   0 | Gln CAA   0   0   0   0   0   0 |     CGA   0   0   0   0   0   0
    CTG   2   2   2   2   2   2 |     CCG   0   0   0   0   0   0 |     CAG   2   2   2   2   2   2 |     CGG   0   0   0   0   0   0
--------------------------------------------------------------------------------------------------------------------------------------
Ile ATT   0   0   0   0   0   0 | Thr ACT   1   1   1   1   1   1 | Asn AAT   1   1   1   1   1   1 | Ser AGT   0   0   0   0   0   0
    ATC   3   3   3   3   3   3 |     ACC   2   2   2   2   2   1 |     AAC   2   2   2   2   2   2 |     AGC   0   0   0   0   0   0
    ATA   0   0   0   0   0   0 |     ACA   0   0   0   0   0   1 | Lys AAA   0   0   0   0   0   0 | Arg AGA   0   0   0   0   0   0
Met ATG   2   2   2   2   2   2 |     ACG   0   0   0   0   0   0 |     AAG   2   2   2   2   2   2 |     AGG   0   0   0   0   0   0
--------------------------------------------------------------------------------------------------------------------------------------
Val GTT   0   0   0   0   0   0 | Ala GCT   0   0   0   0   0   0 | Asp GAT   0   0   0   0   1   1 | Gly GGT   0   0   0   0   0   0
    GTC   0   0   0   0   0   0 |     GCC   0   0   0   0   0   0 |     GAC   3   3   3   3   2   2 |     GGC   0   0   0   0   0   0
    GTA   0   0   0   0   0   0 |     GCA   0   0   0   0   0   0 | Glu GAA   2   2   2   2   2   2 |     GGA   1   1   1   1   1   0
    GTG   2   2   2   2   2   2 |     GCG   0   0   0   0   0   0 |     GAG   2   2   2   2   2   2 |     GGG   1   1   1   1   1   2
--------------------------------------------------------------------------------------------------------------------------------------

--------------------------------------------------------------------------------------------------------------------------------------
Phe TTT   1   0   0   0   0   0 | Ser TCT   0   0   0   0   0   0 | Tyr TAT   0   0   0   0   0   0 | Cys TGT   0   0   0   0   0   0
    TTC   1   2   2   2   2   2 |     TCC   2   2   2   2   2   2 |     TAC   1   1   1   1   1   1 |     TGC   0   0   0   0   0   0
Leu TTA   0   0   0   0   0   0 |     TCA   0   0   0   0   1   1 | *** TAA   0   0   0   0   0   0 | *** TGA   0   0   0   0   0   0
    TTG   0   0   0   0   0   0 |     TCG   1   1   1   1   0   0 |     TAG   0   0   0   0   0   0 | Trp TGG   0   0   0   0   0   0
--------------------------------------------------------------------------------------------------------------------------------------
Leu CTT   0   0   0   0   0   0 | Pro CCT   0   0   0   0   0   0 | His CAT   1   1   1   1   1   1 | Arg CGT   0   0   0   0   0   0
    CTC   2   2   2   2   2   2 |     CCC   0   0   0   0   0   0 |     CAC   0   0   0   0   0   0 |     CGC   0   0   0   0   0   0
    CTA   0   0   0   0   0   0 |     CCA   0   0   0   0   0   0 | Gln CAA   0   0   0   0   0   0 |     CGA   0   0   0   0   0   0
    CTG   2   2   2   2   2   2 |     CCG   0   0   0   0   0   0 |     CAG   2   2   2   2   2   2 |     CGG   0   0   0   0   0   0
--------------------------------------------------------------------------------------------------------------------------------------
Ile ATT   0   0   0   0   0   0 | Thr ACT   1   1   2   1   1   1 | Asn AAT   1   1   1   2   1   1 | Ser AGT   0   0   0   0   0   0
    ATC   3   3   3   3   3   3 |     ACC   2   2   1   2   2   2 |     AAC   2   2   2   1   2   2 |     AGC   0   0   0   0   0   0
    ATA   0   0   0   0   0   0 |     ACA   0   0   0   0   0   0 | Lys AAA   0   0   1   0   0   0 | Arg AGA   0   0   0   0   0   0
Met ATG   2   2   2   2   2   2 |     ACG   0   0   0   0   0   0 |     AAG   2   2   1   2   2   2 |     AGG   0   0   0   0   0   0
--------------------------------------------------------------------------------------------------------------------------------------
Val GTT   0   0   0   0   0   0 | Ala GCT   0   0   0   0   0   0 | Asp GAT   1   0   1   0   0   0 | Gly GGT   0   0   0   0   0   0
    GTC   0   0   0   0   0   0 |     GCC   0   0   0   0   0   0 |     GAC   2   3   2   3   3   3 |     GGC   0   0   0   0   0   0
    GTA   0   0   0   0   0   0 |     GCA   0   0   0   0   0   0 | Glu GAA   2   2   2   2   2   2 |     GGA   1   1   1   1   0   1
    GTG   2   2   2   2   2   2 |     GCG   0   0   0   0   0   0 |     GAG   2   2   2   2   2   2 |     GGG   1   1   1   1   2   1
--------------------------------------------------------------------------------------------------------------------------------------

Codon position x base (3x4) table for each sequence.

#1: Argali         
position  1:    T:0.16216    C:0.18919    A:0.35135    G:0.29730
position  2:    T:0.35135    C:0.16216    A:0.43243    G:0.05405
position  3:    T:0.10811    C:0.43243    A:0.08108    G:0.37838
Average         T:0.20721    C:0.26126    A:0.28829    G:0.24324

#2: LesserMouseDeer
position  1:    T:0.13514    C:0.18919    A:0.35135    G:0.32432
position  2:    T:0.35135    C:0.16216    A:0.43243    G:0.05405
position  3:    T:0.10811    C:0.51351    A:0.02703    G:0.35135
Average         T:0.19820    C:0.28829    A:0.27027    G:0.24324

#3: LesserKudu     
position  1:    T:0.16216    C:0.18919    A:0.35135    G:0.29730
position  2:    T:0.35135    C:0.16216    A:0.43243    G:0.05405
position  3:    T:0.13514    C:0.43243    A:0.08108    G:0.35135
Average         T:0.21622    C:0.26126    A:0.28829    G:0.23423

#4: ForestMuskDeer2
position  1:    T:0.16216    C:0.18919    A:0.35135    G:0.29730
position  2:    T:0.35135    C:0.16216    A:0.43243    G:0.05405
position  3:    T:0.10811    C:0.43243    A:0.08108    G:0.37838
Average         T:0.20721    C:0.26126    A:0.28829    G:0.24324

#5: Camel          
position  1:    T:0.13514    C:0.18919    A:0.35135    G:0.32432
position  2:    T:0.32432    C:0.16216    A:0.45946    G:0.05405
position  3:    T:0.13514    C:0.43243    A:0.05405    G:0.37838
Average         T:0.19820    C:0.26126    A:0.28829    G:0.25225

#6: KillerWhale    
position  1:    T:0.10811    C:0.21622    A:0.35135    G:0.32432
position  2:    T:0.35135    C:0.13514    A:0.45946    G:0.05405
position  3:    T:0.02703    C:0.54054    A:0.08108    G:0.35135
Average         T:0.16216    C:0.29730    A:0.29730    G:0.24324

#7: DefassaWaterbuck
position  1:    T:0.16216    C:0.18919    A:0.35135    G:0.29730
position  2:    T:0.35135    C:0.16216    A:0.43243    G:0.05405
position  3:    T:0.08108    C:0.45946    A:0.10811    G:0.35135
Average         T:0.19820    C:0.27027    A:0.29730    G:0.23423

#8: Sheep          
position  1:    T:0.16216    C:0.18919    A:0.35135    G:0.29730
position  2:    T:0.35135    C:0.16216    A:0.43243    G:0.05405
position  3:    T:0.10811    C:0.43243    A:0.08108    G:0.37838
Average         T:0.20721    C:0.26126    A:0.28829    G:0.24324

#9: MaxwellsDuiker 
position  1:    T:0.16216    C:0.18919    A:0.35135    G:0.29730
position  2:    T:0.35135    C:0.16216    A:0.43243    G:0.05405
position  3:    T:0.13514    C:0.40541    A:0.08108    G:0.37838
Average         T:0.21622    C:0.25225    A:0.28829    G:0.24324

#10: GazellaPrzewalskyi
position  1:    T:0.16216    C:0.18919    A:0.35135    G:0.29730
position  2:    T:0.35135    C:0.16216    A:0.43243    G:0.05405
position  3:    T:0.16216    C:0.37838    A:0.08108    G:0.37838
Average         T:0.22523    C:0.24324    A:0.28829    G:0.24324

#11: MountainNyala  
position  1:    T:0.16216    C:0.18919    A:0.35135    G:0.29730
position  2:    T:0.35135    C:0.16216    A:0.43243    G:0.05405
position  3:    T:0.08108    C:0.45946    A:0.08108    G:0.37838
Average         T:0.19820    C:0.27027    A:0.28829    G:0.24324

#12: MuntiacusMuntjak
position  1:    T:0.16216    C:0.18919    A:0.35135    G:0.29730
position  2:    T:0.35135    C:0.16216    A:0.43243    G:0.05405
position  3:    T:0.13514    C:0.40541    A:0.08108    G:0.37838
Average         T:0.21622    C:0.25225    A:0.28829    G:0.24324

#13: goat           
position  1:    T:0.16216    C:0.18919    A:0.35135    G:0.29730
position  2:    T:0.35135    C:0.16216    A:0.43243    G:0.05405
position  3:    T:0.10811    C:0.43243    A:0.08108    G:0.37838
Average         T:0.20721    C:0.26126    A:0.28829    G:0.24324

#14: AfricanBuffalo 
position  1:    T:0.16216    C:0.18919    A:0.35135    G:0.29730
position  2:    T:0.35135    C:0.16216    A:0.43243    G:0.05405
position  3:    T:0.10811    C:0.43243    A:0.08108    G:0.37838
Average         T:0.20721    C:0.26126    A:0.28829    G:0.24324

#15: Topi           
position  1:    T:0.16216    C:0.18919    A:0.35135    G:0.29730
position  2:    T:0.35135    C:0.16216    A:0.43243    G:0.05405
position  3:    T:0.08108    C:0.45946    A:0.08108    G:0.37838
Average         T:0.19820    C:0.27027    A:0.28829    G:0.24324

#16: CommonDuiker   
position  1:    T:0.16216    C:0.18919    A:0.35135    G:0.29730
position  2:    T:0.35135    C:0.16216    A:0.43243    G:0.05405
position  3:    T:0.10811    C:0.43243    A:0.08108    G:0.37838
Average         T:0.20721    C:0.26126    A:0.28829    G:0.24324

#17: Suni           
position  1:    T:0.18919    C:0.16216    A:0.35135    G:0.29730
position  2:    T:0.35135    C:0.16216    A:0.43243    G:0.05405
position  3:    T:0.05405    C:0.48649    A:0.05405    G:0.40541
Average         T:0.19820    C:0.27027    A:0.27928    G:0.25225

#18: Springbuck     
position  1:    T:0.16216    C:0.18919    A:0.35135    G:0.29730
position  2:    T:0.35135    C:0.16216    A:0.43243    G:0.05405
position  3:    T:0.10811    C:0.43243    A:0.08108    G:0.37838
Average         T:0.20721    C:0.26126    A:0.28829    G:0.24324

#19: Okapi          
position  1:    T:0.16216    C:0.18919    A:0.35135    G:0.29730
position  2:    T:0.35135    C:0.16216    A:0.43243    G:0.05405
position  3:    T:0.16216    C:0.37838    A:0.08108    G:0.37838
Average         T:0.22523    C:0.24324    A:0.28829    G:0.24324

#20: Giraffe        
position  1:    T:0.16216    C:0.18919    A:0.35135    G:0.29730
position  2:    T:0.35135    C:0.16216    A:0.43243    G:0.05405
position  3:    T:0.13514    C:0.40541    A:0.08108    G:0.37838
Average         T:0.21622    C:0.25225    A:0.28829    G:0.24324

#21: TibetanAntelope
position  1:    T:0.16216    C:0.18919    A:0.35135    G:0.29730
position  2:    T:0.35135    C:0.16216    A:0.43243    G:0.05405
position  3:    T:0.13514    C:0.40541    A:0.10811    G:0.35135
Average         T:0.21622    C:0.25225    A:0.29730    G:0.23423

#22: Sitatunga      
position  1:    T:0.16216    C:0.18919    A:0.35135    G:0.29730
position  2:    T:0.35135    C:0.16216    A:0.43243    G:0.05405
position  3:    T:0.08108    C:0.45946    A:0.08108    G:0.37838
Average         T:0.19820    C:0.27027    A:0.28829    G:0.24324

#23: Oribi          
position  1:    T:0.16216    C:0.18919    A:0.35135    G:0.29730
position  2:    T:0.35135    C:0.16216    A:0.43243    G:0.05405
position  3:    T:0.08108    C:0.45946    A:0.10811    G:0.35135
Average         T:0.19820    C:0.27027    A:0.29730    G:0.23423

#24: BarbarySheep   
position  1:    T:0.16216    C:0.18919    A:0.35135    G:0.29730
position  2:    T:0.35135    C:0.16216    A:0.43243    G:0.05405
position  3:    T:0.10811    C:0.43243    A:0.08108    G:0.37838
Average         T:0.20721    C:0.26126    A:0.28829    G:0.24324

#25: Daviddeer      
position  1:    T:0.16216    C:0.18919    A:0.35135    G:0.29730
position  2:    T:0.35135    C:0.16216    A:0.43243    G:0.05405
position  3:    T:0.13514    C:0.40541    A:0.08108    G:0.37838
Average         T:0.21622    C:0.25225    A:0.28829    G:0.24324

#26: Reindeer       
position  1:    T:0.16216    C:0.18919    A:0.35135    G:0.29730
position  2:    T:0.35135    C:0.16216    A:0.43243    G:0.05405
position  3:    T:0.13514    C:0.40541    A:0.08108    G:0.37838
Average         T:0.21622    C:0.25225    A:0.28829    G:0.24324

#27: Ibex           
position  1:    T:0.16216    C:0.18919    A:0.35135    G:0.29730
position  2:    T:0.35135    C:0.16216    A:0.43243    G:0.05405
position  3:    T:0.10811    C:0.43243    A:0.08108    G:0.37838
Average         T:0.20721    C:0.26126    A:0.28829    G:0.24324

#28: GyrantGazelle  
position  1:    T:0.16216    C:0.18919    A:0.35135    G:0.29730
position  2:    T:0.35135    C:0.16216    A:0.43243    G:0.05405
position  3:    T:0.10811    C:0.43243    A:0.08108    G:0.37838
Average         T:0.20721    C:0.26126    A:0.28829    G:0.24324

#29: Hartebeest     
position  1:    T:0.16216    C:0.18919    A:0.35135    G:0.29730
position  2:    T:0.35135    C:0.16216    A:0.43243    G:0.05405
position  3:    T:0.13514    C:0.40541    A:0.08108    G:0.37838
Average         T:0.21622    C:0.25225    A:0.28829    G:0.24324

#30: Bongo          
position  1:    T:0.16216    C:0.18919    A:0.35135    G:0.29730
position  2:    T:0.35135    C:0.13514    A:0.43243    G:0.08108
position  3:    T:0.08108    C:0.45946    A:0.08108    G:0.37838
Average         T:0.19820    C:0.26126    A:0.28829    G:0.25225

#31: Gerenuk        
position  1:    T:0.16216    C:0.18919    A:0.35135    G:0.29730
position  2:    T:0.35135    C:0.16216    A:0.43243    G:0.05405
position  3:    T:0.08108    C:0.45946    A:0.08108    G:0.37838
Average         T:0.19820    C:0.27027    A:0.28829    G:0.24324

#32: CommonEland    
position  1:    T:0.16216    C:0.18919    A:0.35135    G:0.29730
position  2:    T:0.35135    C:0.16216    A:0.43243    G:0.05405
position  3:    T:0.08108    C:0.45946    A:0.10811    G:0.35135
Average         T:0.19820    C:0.27027    A:0.29730    G:0.23423

#33: MuntiacusReevesi
position  1:    T:0.18919    C:0.16216    A:0.35135    G:0.29730
position  2:    T:0.35135    C:0.16216    A:0.43243    G:0.05405
position  3:    T:0.13514    C:0.40541    A:0.08108    G:0.37838
Average         T:0.22523    C:0.24324    A:0.28829    G:0.24324

#34: HarveysDuiker  
position  1:    T:0.16216    C:0.18919    A:0.35135    G:0.29730
position  2:    T:0.35135    C:0.16216    A:0.43243    G:0.05405
position  3:    T:0.10811    C:0.43243    A:0.08108    G:0.37838
Average         T:0.20721    C:0.26126    A:0.28829    G:0.24324

#35: Pronghorn      
position  1:    T:0.16216    C:0.18919    A:0.35135    G:0.29730
position  2:    T:0.35135    C:0.16216    A:0.43243    G:0.05405
position  3:    T:0.10811    C:0.43243    A:0.08108    G:0.37838
Average         T:0.20721    C:0.26126    A:0.28829    G:0.24324

#36: BlueWildebeest 
position  1:    T:0.16216    C:0.18919    A:0.35135    G:0.29730
position  2:    T:0.35135    C:0.16216    A:0.43243    G:0.05405
position  3:    T:0.13514    C:0.40541    A:0.08108    G:0.37838
Average         T:0.21622    C:0.25225    A:0.28829    G:0.24324

#37: Gemsbok        
position  1:    T:0.16216    C:0.18919    A:0.35135    G:0.29730
position  2:    T:0.35135    C:0.16216    A:0.43243    G:0.05405
position  3:    T:0.10811    C:0.43243    A:0.08108    G:0.37838
Average         T:0.20721    C:0.26126    A:0.28829    G:0.24324

#38: Yak            
position  1:    T:0.16216    C:0.18919    A:0.35135    G:0.29730
position  2:    T:0.35135    C:0.16216    A:0.43243    G:0.05405
position  3:    T:0.10811    C:0.43243    A:0.08108    G:0.37838
Average         T:0.20721    C:0.26126    A:0.28829    G:0.24324

#39: BlueSheep      
position  1:    T:0.16216    C:0.18919    A:0.35135    G:0.29730
position  2:    T:0.35135    C:0.16216    A:0.43243    G:0.05405
position  3:    T:0.13514    C:0.40541    A:0.08108    G:0.37838
Average         T:0.21622    C:0.25225    A:0.28829    G:0.24324

#40: BohorReedbuck  
position  1:    T:0.16216    C:0.18919    A:0.35135    G:0.29730
position  2:    T:0.35135    C:0.16216    A:0.43243    G:0.05405
position  3:    T:0.08108    C:0.45946    A:0.10811    G:0.35135
Average         T:0.19820    C:0.27027    A:0.29730    G:0.23423

#41: KirksDik       
position  1:    T:0.16216    C:0.18919    A:0.35135    G:0.29730
position  2:    T:0.35135    C:0.16216    A:0.43243    G:0.05405
position  3:    T:0.13514    C:0.40541    A:0.08108    G:0.37838
Average         T:0.21622    C:0.25225    A:0.28829    G:0.24324

#42: RoeDeer        
position  1:    T:0.16216    C:0.18919    A:0.35135    G:0.29730
position  2:    T:0.35135    C:0.16216    A:0.43243    G:0.05405
position  3:    T:0.18919    C:0.35135    A:0.08108    G:0.37838
Average         T:0.23423    C:0.23423    A:0.28829    G:0.24324

#43: WhiteLippedDeer
position  1:    T:0.16216    C:0.18919    A:0.35135    G:0.29730
position  2:    T:0.35135    C:0.16216    A:0.43243    G:0.05405
position  3:    T:0.13514    C:0.40541    A:0.08108    G:0.37838
Average         T:0.21622    C:0.25225    A:0.28829    G:0.24324

#44: ThomsonGazelle 
position  1:    T:0.16216    C:0.18919    A:0.35135    G:0.29730
position  2:    T:0.35135    C:0.16216    A:0.43243    G:0.05405
position  3:    T:0.08108    C:0.45946    A:0.08108    G:0.37838
Average         T:0.19820    C:0.27027    A:0.28829    G:0.24324

#45: MuntiacusCrinifrons
position  1:    T:0.16216    C:0.18919    A:0.35135    G:0.29730
position  2:    T:0.35135    C:0.16216    A:0.43243    G:0.05405
position  3:    T:0.13514    C:0.40541    A:0.08108    G:0.37838
Average         T:0.21622    C:0.25225    A:0.28829    G:0.24324

#46: WhiteTailedDeer
position  1:    T:0.16216    C:0.18919    A:0.35135    G:0.29730
position  2:    T:0.35135    C:0.16216    A:0.43243    G:0.05405
position  3:    T:0.13514    C:0.40541    A:0.08108    G:0.37838
Average         T:0.21622    C:0.25225    A:0.28829    G:0.24324

#47: Cattle         
position  1:    T:0.16216    C:0.18919    A:0.35135    G:0.29730
position  2:    T:0.35135    C:0.16216    A:0.43243    G:0.05405
position  3:    T:0.10811    C:0.43243    A:0.08108    G:0.37838
Average         T:0.20721    C:0.26126    A:0.28829    G:0.24324

#48: RoyalAntelope  
position  1:    T:0.16216    C:0.18919    A:0.35135    G:0.29730
position  2:    T:0.35135    C:0.16216    A:0.43243    G:0.05405
position  3:    T:0.13514    C:0.37838    A:0.08108    G:0.40541
Average         T:0.21622    C:0.24324    A:0.28829    G:0.25225

#49: Steenbok       
position  1:    T:0.16216    C:0.18919    A:0.35135    G:0.29730
position  2:    T:0.35135    C:0.16216    A:0.43243    G:0.05405
position  3:    T:0.13514    C:0.40541    A:0.08108    G:0.37838
Average         T:0.21622    C:0.25225    A:0.28829    G:0.24324

#50: Impala         
position  1:    T:0.16216    C:0.18919    A:0.35135    G:0.29730
position  2:    T:0.35135    C:0.16216    A:0.43243    G:0.05405
position  3:    T:0.08108    C:0.45946    A:0.08108    G:0.37838
Average         T:0.19820    C:0.27027    A:0.28829    G:0.24324

#51: Klipspringer   
position  1:    T:0.16216    C:0.18919    A:0.35135    G:0.29730
position  2:    T:0.35135    C:0.16216    A:0.43243    G:0.05405
