CODONML (in paml version 4.10.7, June 2023)  /home/rachel/ruminants_paml/6406-phy-tree/ENSBTAT00000061349.fasta.phy
Model: free dN/dS Ratios for branches,  kappa = 2.000 fixed

Codon frequency model: F3x4
ns =  54  ls =  91

Codon usage in sequences
--------------------------------------------------------------------------------------------------------------------------------------
Phe TTT   3   3   3   3   3   3 | Ser TCT   2   2   2   2   3   2 | Tyr TAT   0   0   0   0   0   0 | Cys TGT   0   0   0   0   0   0
    TTC   1   1   1   1   1   1 |     TCC   1   1   1   1   1   0 |     TAC   2   2   2   2   2   2 |     TGC   2   2   1   1   1   2
Leu TTA   0   0   0   0   0   0 |     TCA   2   1   3   2   1   2 | *** TAA   0   0   0   0   0   0 | *** TGA   0   0   0   0   0   0
    TTG   1   1   1   0   1   1 |     TCG   1   2   0   1   1   1 |     TAG   0   0   0   0   0   0 | Trp TGG   1   1   1   1   1   1
--------------------------------------------------------------------------------------------------------------------------------------
Leu CTT   1   1   1   1   2   1 | Pro CCT   2   2   3   2   2   2 | His CAT   0   0   0   1   1   0 | Arg CGT   0   0   0   0   0   0
    CTC   1   2   1   1   1   2 |     CCC   2   2   2   2   2   2 |     CAC   4   4   4   3   3   3 |     CGC   0   0   1   1   1   0
    CTA   2   1   1   2   1   1 |     CCA   5   6   3   4   4   3 | Gln CAA   2   1   2   2   2   2 |     CGA   0   0   0   0   0   0
    CTG   5   4   6   6   5   5 |     CCG   0   0   1   1   1   2 |     CAG   2   3   2   2   2   3 |     CGG   0   0   0   0   0   0
--------------------------------------------------------------------------------------------------------------------------------------
Ile ATT   3   3   3   3   3   3 | Thr ACT   0   0   0   0   0   0 | Asn AAT   2   1   2   1   1   2 | Ser AGT   1   1   1   0   1   1
    ATC   0   0   0   0   0   0 |     ACC   1   1   2   1   0   0 |     AAC   2   3   2   3   3   2 |     AGC   2   2   2   3   2   2
    ATA   1   1   1   1   1   1 |     ACA   2   2   1   2   3   3 | Lys AAA   3   3   3   3   3   3 | Arg AGA   2   2   3   2   2   2
Met ATG   1   1   1   1   1   1 |     ACG   0   0   0   0   0   0 |     AAG   3   3   3   3   3   3 |     AGG   2   2   1   2   2   2
--------------------------------------------------------------------------------------------------------------------------------------
Val GTT   1   1   1   1   1   1 | Ala GCT   1   1   1   1   1   1 | Asp GAT   4   4   4   3   5   4 | Gly GGT   0   0   0   0   0   0
    GTC   0   0   0   0   0   0 |     GCC   3   4   4   3   4   5 |     GAC   3   3   3   4   2   3 |     GGC   1   1   1   1   1   1
    GTA   1   1   1   1   0   1 |     GCA   1   0   0   0   0   0 | Glu GAA   4   4   4   3   3   4 |     GGA   2   2   2   2   2   2
    GTG   0   0   0   0   1   0 |     GCG   0   0   0   1   0   0 |     GAG   3   3   3   4   4   3 |     GGG   0   0   0   0   0   0
--------------------------------------------------------------------------------------------------------------------------------------

--------------------------------------------------------------------------------------------------------------------------------------
Phe TTT   3   3   3   3   3   3 | Ser TCT   2   2   2   2   2   2 | Tyr TAT   0   0   0   0   0   0 | Cys TGT   0   0   0   0   0   0
    TTC   1   1   1   1   1   1 |     TCC   1   1   1   1   1   1 |     TAC   2   2   2   2   2   2 |     TGC   2   2   2   2   1   2
Leu TTA   0   0   0   0   0   0 |     TCA   2   3   2   2   2   2 | *** TAA   0   0   0   0   0   0 | *** TGA   0   0   0   0   0   0
    TTG   1   1   1   1   1   1 |     TCG   1   0   1   1   1   1 |     TAG   0   0   0   0   0   0 | Trp TGG   1   1   1   1   1   1
--------------------------------------------------------------------------------------------------------------------------------------
Leu CTT   1   1   2   1   1   1 | Pro CCT   2   2   2   1   3   2 | His CAT   0   0   0   0   0   0 | Arg CGT   0   0   0   0   0   0
    CTC   1   1   0   1   1   1 |     CCC   2   2   3   2   2   3 |     CAC   4   4   4   4   4   4 |     CGC   0   0   0   0   1   0
    CTA   2   2   2   2   1   2 |     CCA   4   5   3   4   3   2 | Gln CAA   2   2   2   2   2   2 |     CGA   0   0   0   0   0   0
    CTG   5   5   5   5   6   5 |     CCG   1   0   1   2   1   2 |     CAG   2   2   2   2   2   2 |     CGG   0   0   0   0   0   0
--------------------------------------------------------------------------------------------------------------------------------------
Ile ATT   3   3   3   3   3   3 | Thr ACT   0   0   0   0   0   0 | Asn AAT   2   2   2   2   2   2 | Ser AGT   1   1   1   1   1   1
    ATC   0   0   0   0   0   0 |     ACC   1   1   1   1   1   1 |     AAC   2   2   2   2   2   2 |     AGC   2   2   2   2   2   2
    ATA   1   1   1   1   1   1 |     ACA   2   1   2   1   2   2 | Lys AAA   3   3   2   3   3   3 | Arg AGA   2   2   2   2   3   2
Met ATG   1   1   1   1   1   1 |     ACG   0   1   0   1   0   0 |     AAG   3   3   4   3   3   3 |     AGG   2   2   2   2   1   2
--------------------------------------------------------------------------------------------------------------------------------------
Val GTT   1   1   1   1   1   1 | Ala GCT   1   1   1   1   1   1 | Asp GAT   4   4   4   4   4   4 | Gly GGT   0   0   0   0   0   0
    GTC   0   0   0   0   0   0 |     GCC   3   3   3   3   4   3 |     GAC   3   3   3   3   3   3 |     GGC   1   1   1   1   1   1
    GTA   1   1   1   1   1   1 |     GCA   1   1   1   1   0   1 | Glu GAA   4   4   4   4   4   4 |     GGA   2   2   2   2   2   2
    GTG   0   0   0   0   0   0 |     GCG   0   0   0   0   0   0 |     GAG   3   3   3   3   3   3 |     GGG   0   0   0   0   0   0
--------------------------------------------------------------------------------------------------------------------------------------

--------------------------------------------------------------------------------------------------------------------------------------
Phe TTT   3   3   3   3   3   3 | Ser TCT   2   2   2   2   1   2 | Tyr TAT   0   0   0   0   0   0 | Cys TGT   1   0   0   0   0   0
    TTC   1   1   1   1   1   1 |     TCC   1   1   1   1   2   1 |     TAC   2   2   2   2   2   2 |     TGC   1   1   2   2   1   2
Leu TTA   0   0   0   0   0   0 |     TCA   2   2   2   3   2   2 | *** TAA   0   0   0   0   0   0 | *** TGA   0   0   0   0   0   0
    TTG   1   1   1   1   1   1 |     TCG   1   1   1   0   1   1 |     TAG   0   0   0   0   0   0 | Trp TGG   1   1   1   1   1   1
--------------------------------------------------------------------------------------------------------------------------------------
Leu CTT   1   1   1   1   1   1 | Pro CCT   2   2   2   2   1   2 | His CAT   0   0   1   0   0   0 | Arg CGT   0   0   0   0   0   0
    CTC   1   1   1   1   1   1 |     CCC   2   2   2   2   2   2 |     CAC   4   4   3   4   4   4 |     CGC   0   1   0   0   1   0
    CTA   2   0   2   2   1   2 |     CCA   4   3   4   4   4   5 | Gln CAA   2   2   2   2   2   1 |     CGA   0   0   0   0   0   0
    CTG   5   7   5   5   6   5 |     CCG   1   2   1   1   2   0 |     CAG   2   2   2   2   2   3 |     CGG   0   0   0   0   0   0
--------------------------------------------------------------------------------------------------------------------------------------
Ile ATT   3   3   3   3   2   3 | Thr ACT   0   0   0   0   0   0 | Asn AAT   2   2   3   2   2   2 | Ser AGT   1   1   1   1   1   1
    ATC   0   0   0   0   1   0 |     ACC   1   1   1   1   1   1 |     AAC   2   2   1   2   2   2 |     AGC   2   2   2   2   2   2
    ATA   1   1   1   1   1   1 |     ACA   2   1   2   2   2   2 | Lys AAA   3   3   3   3   3   3 | Arg AGA   2   2   2   2   2   2
Met ATG   1   1   1   1   1   1 |     ACG   0   1   0   0   0   0 |     AAG   3   3   3   3   3   3 |     AGG   2   2   2   2   2   2
--------------------------------------------------------------------------------------------------------------------------------------
Val GTT   1   1   1   1   1   1 | Ala GCT   1   1   1   1   1   1 | Asp GAT   4   4   4   4   4   4 | Gly GGT   0   0   0   0   0   0
    GTC   0   0   0   0   0   0 |     GCC   3   3   3   3   3   3 |     GAC   3   3   3   3   3   3 |     GGC   1   1   1   1   1   1
    GTA   1   1   1   1   1   1 |     GCA   1   1   1   1   1   1 | Glu GAA   3   4   4   4   4   4 |     GGA   2   2   2   2   2   2
    GTG   0   0   0   0   0   0 |     GCG   0   0   0   0   0   0 |     GAG   4   3   3   3   3   3 |     GGG   0   0   0   0   0   0
--------------------------------------------------------------------------------------------------------------------------------------

--------------------------------------------------------------------------------------------------------------------------------------
Phe TTT   3   3   3   3   3   3 | Ser TCT   2   2   2   2   2   2 | Tyr TAT   0   0   0   0   0   0 | Cys TGT   0   0   0   0   0   0
    TTC   1   1   1   1   1   1 |     TCC   1   1   1   1   1   1 |     TAC   2   2   2   2   2   2 |     TGC   2   2   2   1   2   2
Leu TTA   0   0   0   0   0   0 |     TCA   2   2   2   3   2   2 | *** TAA   0   0   0   0   0   0 | *** TGA   0   0   0   0   0   0
    TTG   1   1   1   1   1   1 |     TCG   1   1   1   0   1   1 |     TAG   0   0   0   0   0   0 | Trp TGG   1   1   1   1   1   1
--------------------------------------------------------------------------------------------------------------------------------------
Leu CTT   2   2   1   1   1   1 | Pro CCT   1   1   3   2   2   3 | His CAT   0   0   1   0   0   0 | Arg CGT   0   0   0   0   0   0
    CTC   1   1   1   1   1   1 |     CCC   2   2   1   2   2   2 |     CAC   4   4   3   4   4   4 |     CGC   0   0   0   1   0   0
    CTA   2   2   2   1   2   2 |     CCA   4   4   4   3   4   4 | Gln CAA   2   2   2   2   2   2 |     CGA   0   0   0   0   0   0
    CTG   4   4   5   6   5   5 |     CCG   2   2   1   2   1   0 |     CAG   2   2   2   2   2   2 |     CGG   0   0   0   0   0   0
--------------------------------------------------------------------------------------------------------------------------------------
Ile ATT   3   3   3   3   2   3 | Thr ACT   0   0   0   0   0   0 | Asn AAT   2   2   2   2   2   2 | Ser AGT   1   1   1   1   1   1
    ATC   0   0   0   0   1   0 |     ACC   1   1   1   1   1   1 |     AAC   2   2   2   2   2   2 |     AGC   2   2   2   2   2   2
    ATA   1   1   1   1   1   1 |     ACA   2   2   2   2   2   2 | Lys AAA   3   3   3   3   3   3 | Arg AGA   2   2   2   3   2   1
Met ATG   1   1   1   1   1   1 |     ACG   0   0   0   0   0   0 |     AAG   3   3   3   3   3   3 |     AGG   2   2   2   1   2   3
--------------------------------------------------------------------------------------------------------------------------------------
Val GTT   1   1   1   1   1   1 | Ala GCT   1   1   1   1   1   1 | Asp GAT   4   4   4   4   4   4 | Gly GGT   0   0   0   0   0   0
    GTC   0   0   0   0   0   0 |     GCC   3   3   3   4   3   3 |     GAC   3   3   3   3   3   3 |     GGC   1   1   1   1   1   1
    GTA   1   1   1   1   1   1 |     GCA   1   1   1   0   1   1 | Glu GAA   4   4   4   4   4   3 |     GGA   2   2   2   2   2   2
    GTG   0   0   0   0   0   0 |     GCG   0   0   0   0   0   0 |     GAG   3   3   3   3   3   4 |     GGG   0   0   0   0   0   0
--------------------------------------------------------------------------------------------------------------------------------------

--------------------------------------------------------------------------------------------------------------------------------------
Phe TTT   3   3   3   3   3   3 | Ser TCT   2   2   2   2   2   2 | Tyr TAT   0   0   0   0   0   0 | Cys TGT   0   0   0   0   0   0
    TTC   2   1   1   1   1   1 |     TCC   1   1   1   1   1   1 |     TAC   2   2   2   2   2   2 |     TGC   1   2   2   1   2   1
Leu TTA   0   0   0   0   0   0 |     TCA   2   3   2   3   2   2 | *** TAA   0   0   0   0   0   0 | *** TGA   0   0   0   0   0   0
    TTG   1   1   1   1   1   1 |     TCG   1   0   1   0   1   1 |     TAG   0   0   0   0   0   0 | Trp TGG   1   1   1   1   1   1
--------------------------------------------------------------------------------------------------------------------------------------
Leu CTT   1   1   1   1   1   1 | Pro CCT   3   2   2   2   2   2 | His CAT   0   0   0   0   1   0 | Arg CGT   0   0   0   0   0   0
    CTC   1   1   1   1   1   1 |     CCC   2   3   2   2   2   2 |     CAC   4   4   4   4   3   4 |     CGC   0   0   0   1   0   1
    CTA   2   2   2   2   2   1 |     CCA   2   2   3   4   4   4 | Gln CAA   2   2   2   1   2   2 |     CGA   0   0   0   0   0   0
    CTG   5   5   5   5   5   6 |     CCG   2   2   2   1   1   1 |     CAG   2   2   2   3   2   2 |     CGG   0   0   0   0   0   0
--------------------------------------------------------------------------------------------------------------------------------------
Ile ATT   3   3   3   3   3   3 | Thr ACT   0   0   0   0   0   0 | Asn AAT   2   2   2   2   3   2 | Ser AGT   1   1   1   1   1   1
    ATC   0   0   0   0   0   0 |     ACC   1   1   1   1   1   1 |     AAC   2   1   2   2   1   2 |     AGC   2   2   2   2   2   2
    ATA   1   1   1   1   1   1 |     ACA   2   2   2   2   2   2 | Lys AAA   3   3   3   3   3   3 | Arg AGA   2   2   2   2   2   3
Met ATG   1   1   1   1   1   1 |     ACG   0   0   0   0   0   0 |     AAG   3   4   3   3   3   3 |     AGG   2   2   2   2   2   1
--------------------------------------------------------------------------------------------------------------------------------------
Val GTT   1   1   1   1   1   1 | Ala GCT   1   1   1   1   1   1 | Asp GAT   4   4   4   4   4   4 | Gly GGT   0   0   0   0   0   0
    GTC   0   0   0   0   0   0 |     GCC   3   3   3   3   3   4 |     GAC   3   3   3   3   3   3 |     GGC   1   1   1   1   1   1
    GTA   1   1   1   1   1   1 |     GCA   1   1   1   1   1   0 | Glu GAA   4   4   3   3   4   4 |     GGA   2   2   2   2   2   2
    GTG   0   0   0   0   0   0 |     GCG   0   0   0   0   0   0 |     GAG   3   3   4   4   3   3 |     GGG   0   0   0   0   0   0
--------------------------------------------------------------------------------------------------------------------------------------

--------------------------------------------------------------------------------------------------------------------------------------
Phe TTT   3   3   3   3   3   2 | Ser TCT   2   2   2   2   2   2 | Tyr TAT   0   0   0   0   0   0 | Cys TGT   0   0   0   0   0   0
    TTC   1   1   1   1   1   2 |     TCC   1   1   1   1   1   1 |     TAC   2   2   2   2   2   2 |     TGC   2   1   2   2   2   2
Leu TTA   0   0   0   0   1   0 |     TCA   2   2   2   2   2   2 | *** TAA   0   0   0   0   0   0 | *** TGA   0   0   0   0   0   0
    TTG   1   1   1   1   1   1 |     TCG   1   1   1   1   1   1 |     TAG   0   0   0   0   0   0 | Trp TGG   1   1   1   1   1   1
--------------------------------------------------------------------------------------------------------------------------------------
Leu CTT   1   1   1   1   1   1 | Pro CCT   2   2   2   2   1   2 | His CAT   0   0   0   0   0   1 | Arg CGT   0   0   0   0   0   0
    CTC   1   1   1   1   1   1 |     CCC   2   2   3   2   2   2 |     CAC   4   4   4   4   4   3 |     CGC   0   1   0   0   0   0
    CTA   1   1   2   2   1   2 |     CCA   4   3   3   4   5   4 | Gln CAA   1   2   2   2   2   2 |     CGA   0   0   0   0   0   0
    CTG   6   6   5   5   5   5 |     CCG   1   2   1   1   1   1 |     CAG   3   2   2   2   2   2 |     CGG   0   0   0   0   1   0
--------------------------------------------------------------------------------------------------------------------------------------
Ile ATT   3   3   3   3   3   3 | Thr ACT   0   0   0   0   0   0 | Asn AAT   2   2   2   2   2   3 | Ser AGT   1   1   1   1   1   1
    ATC   0   0   0   0   0   0 |     ACC   1   1   1   1   1   1 |     AAC   1   2   2   2   2   1 |     AGC   3   2   2   2   2   2
    ATA   1   1   1   1   1   1 |     ACA   2   2   2   2   2   2 | Lys AAA   3   3   3   3   3   3 | Arg AGA   2   3   2   2   2   2
Met ATG   1   1   1   1   1   1 |     ACG   0   0   0   0   0   0 |     AAG   3   3   3   3   3   3 |     AGG   2   1   2   2   1   2
--------------------------------------------------------------------------------------------------------------------------------------
Val GTT   1   1   1   1   1   0 | Ala GCT   1   1   1   1   1   1 | Asp GAT   4   4   4   4   4   4 | Gly GGT   0   0   0   0   0   0
    GTC   0   0   0   0   0   1 |     GCC   3   4   3   3   3   3 |     GAC   3   3   3   3   3   3 |     GGC   1   1   1   1   1   1
    GTA   1   1   1   1   1   1 |     GCA   1   0   1   1   1   1 | Glu GAA   4   4   4   4   4   4 |     GGA   2   2   2   2   2   2
    GTG   0   0   0   0   0   0 |     GCG   0   0   0   0   0   0 |     GAG   3   3   3   3   3   3 |     GGG   0   0   0   0   0   0
--------------------------------------------------------------------------------------------------------------------------------------

--------------------------------------------------------------------------------------------------------------------------------------
Phe TTT   3   3   3   3   3   3 | Ser TCT   2   1   2   2   1   2 | Tyr TAT   0   0   0   0   0   0 | Cys TGT   0   0   0   0   0   0
    TTC   1   1   1   1   1   1 |     TCC   1   2   1   1   0   1 |     TAC   2   2   2   2   2   2 |     TGC   2   1   2   2   1   2
Leu TTA   0   0   0   0   0   0 |     TCA   2   2   2   2   2   2 | *** TAA   0   0   0   0   0   0 | *** TGA   0   0   0   0   0   0
    TTG   1   1   1   1   1   1 |     TCG   1   1   1   1   1   1 |     TAG   0   0   0   0   0   0 | Trp TGG   1   1   1   1   1   1
--------------------------------------------------------------------------------------------------------------------------------------
Leu CTT   1   1   1   1   1   1 | Pro CCT   2   2   2   2   2   2 | His CAT   0   0   0   0   0   0 | Arg CGT   0   0   0   0   0   0
    CTC   1   1   1   1   1   1 |     CCC   2   2   2   2   2   3 |     CAC   4   4   4   4   4   4 |     CGC   0   1   0   0   1   0
    CTA   2   1   2   2   2   2 |     CCA   4   3   5   4   5   2 | Gln CAA   2   2   2   2   1   2 |     CGA   0   0   0   0   0   0
    CTG   5   6   5   5   5   5 |     CCG   1   2   0   1   0   2 |     CAG   2   2   2   2   3   2 |     CGG   0   0   0   0   0   0
--------------------------------------------------------------------------------------------------------------------------------------
Ile ATT   3   3   3   3   3   3 | Thr ACT   0   0   0   0   0   0 | Asn AAT   2   2   2   2   2   2 | Ser AGT   1   1   1   1   0   1
    ATC   0   0   0   0   0   0 |     ACC   1   1   1   1   1   1 |     AAC   2   2   2   2   2   1 |     AGC   2   2   2   2   3   2
    ATA   1   1   1   1   1   1 |     ACA   2   2   2   2   2   2 | Lys AAA   3   3   3   3   3   3 | Arg AGA   2   2   2   2   2   2
Met ATG   1   1   1   1   1   1 |     ACG   0   0   0   0   0   0 |     AAG   3   3   3   3   3   4 |     AGG   2   2   2   2   2   2
--------------------------------------------------------------------------------------------------------------------------------------
Val GTT   1   1   1   1   1   1 | Ala GCT   1   1   1   1   2   1 | Asp GAT   4   4   4   4   3   4 | Gly GGT   0   0   0   0   0   0
    GTC   0   0   0   0   0   0 |     GCC   3   3   3   3   4   3 |     GAC   3   3   3   3   4   3 |     GGC   1   1   1   1   1   1
    GTA   1   1   1   1   1   1 |     GCA   1   1   1   1   1   1 | Glu GAA   4   4   3   4   4   4 |     GGA   2   2   2   2   2   2
    GTG   0   0   0   0   0   0 |     GCG   0   0   0   0   0   0 |     GAG   3   3   4   3   3   3 |     GGG   0   0   0   0   0   0
--------------------------------------------------------------------------------------------------------------------------------------

--------------------------------------------------------------------------------------------------------------------------------------
Phe TTT   3   3   3   3   3   3 | Ser TCT   2   2   2   2   1   2 | Tyr TAT   0   0   0   0   0   0 | Cys TGT   0   0   0   0   0   0
    TTC   2   1   1   1   1   1 |     TCC   1   1   1   1   2   1 |     TAC   2   2   2   2   2   2 |     TGC   1   1   2   2   1   2
Leu TTA   0   0   0   0   0   1 |     TCA   2   2   2   2   2   2 | *** TAA   0   0   0   0   0   0 | *** TGA   0   0   0   0   0   0
    TTG   1   1   1   1   1   1 |     TCG   1   1   1   1   1   1 |     TAG   0   0   0   0   0   0 | Trp TGG   1   1   1   1   1   1
--------------------------------------------------------------------------------------------------------------------------------------
Leu CTT   1   1   1   1   1   1 | Pro CCT   3   2   2   2   2   2 | His CAT   0   0   0   0   0   0 | Arg CGT   0   0   0   0   0   0
    CTC   1   1   1   1   1   1 |     CCC   2   2   3   3   2   2 |     CAC   4   4   4   4   4   4 |     CGC   0   1   0   0   1   0
    CTA   2   2   2   2   1   1 |     CCA   2   4   2   2   3   4 | Gln CAA   2   1   2   2   2   2 |     CGA   0   0   0   0   0   0
    CTG   5   5   5   5   7   5 |     CCG   2   1   2   2   2   1 |     CAG   2   3   2   2   1   2 |     CGG   0   0   0   0   0   0
--------------------------------------------------------------------------------------------------------------------------------------
Ile ATT   3   3   3   3   3   3 | Thr ACT   0   0   0   0   0   0 | Asn AAT   2   2   2   2   2   1 | Ser AGT   1   1   1   1   1   1
    ATC   0   0   0   0   0   0 |     ACC   1   1   1   1   1   1 |     AAC   2   2   2   1   2   2 |     AGC   2   2   2   2   2   3
    ATA   1   1   1   1   1   1 |     ACA   2   2   2   2   2   2 | Lys AAA   3   3   3   3   3   3 | Arg AGA   2   2   2   2   2   2
Met ATG   1   1   1   1   1   1 |     ACG   0   0   0   0   0   0 |     AAG   3   3   3   4   3   3 |     AGG   2   2   2   2   2   2
--------------------------------------------------------------------------------------------------------------------------------------
Val GTT   1   1   1   1   1   1 | Ala GCT   1   1   1   1   1   1 | Asp GAT   4   4   4   4   4   4 | Gly GGT   0   0   0   0   0   0
    GTC   0   0   0   0   0   0 |     GCC   3   3   3   3   3   3 |     GAC   3   3   3   3   3   3 |     GGC   1   1   1   1   1   1
    GTA   1   1   1   1   1   0 |     GCA   1   1   1   1   1   1 | Glu GAA   4   3   4   4   4   5 |     GGA   2   2   2   2   2   2
    GTG   0   0   0   0   0   1 |     GCG   0   0   0   0   0   0 |     GAG   3   4   3   3   3   2 |     GGG   0   0   0   0   0   0
--------------------------------------------------------------------------------------------------------------------------------------

--------------------------------------------------------------------------------------------------------------------------------------
Phe TTT   3   3   3   3   3   3 | Ser TCT   2   2   2   2   2   2 | Tyr TAT   0   0   0   0   0   1 | Cys TGT   0   0   0   0   0   0
    TTC   1   1   1   1   1   1 |     TCC   1   1   1   1   1   1 |     TAC   2   2   2   2   2   1 |     TGC   2   2   2   1   1   1
Leu TTA   0   0   0   0   0   0 |     TCA   2   2   2   2   2   2 | *** TAA   0   0   0   0   0   0 | *** TGA   0   0   0   0   0   0
    TTG   1   1   1   0   1   1 |     TCG   1   1   1   1   1   1 |     TAG   0   0   0   0   0   0 | Trp TGG   1   1   1   1   1   1
--------------------------------------------------------------------------------------------------------------------------------------
Leu CTT   1   2   1   1   1   1 | Pro CCT   2   2   1   2   2   2 | His CAT   0   0   0   1   0   0 | Arg CGT   0   0   0   0   0   0
    CTC   1   1   1   1   1   1 |     CCC   2   2   2   2   2   2 |     CAC   4   4   4   3   4   4 |     CGC   0   0   0   1   1   1
    CTA   2   2   2   2   1   1 |     CCA   4   4   5   4   3   3 | Gln CAA   2   2   2   2   2   2 |     CGA   0   0   0   0   0   0
    CTG   5   4   5   6   6   6 |     CCG   1   1   1   1   2   2 |     CAG   2   2   2   2   2   2 |     CGG   0   0   0   0   0   0
--------------------------------------------------------------------------------------------------------------------------------------
Ile ATT   3   3   3   3   3   3 | Thr ACT   0   0   0   0   0   0 | Asn AAT   2   2   2   1   2   2 | Ser AGT   1   1   1   0   1   1
    ATC   0   0   0   0   0   0 |     ACC   1   1   1   1   1   1 |     AAC   2   2   2   3   2   2 |     AGC   2   2   2   3   2   2
    ATA   1   1   1   1   1   1 |     ACA   2   2   2   2   2   2 | Lys AAA   3   3   3   3   3   3 | Arg AGA   2   2   2   2   3   3
Met ATG   1   1   1   1   1   1 |     ACG   0   0   0   0   0   0 |     AAG   3   3   3   3   3   3 |     AGG   2   2   2   2   1   1
--------------------------------------------------------------------------------------------------------------------------------------
Val GTT   1   1   1   1   1   1 | Ala GCT   1   1   1   1   1   1 | Asp GAT   4   4   4   3   4   4 | Gly GGT   0   0   0   0   0   0
    GTC   0   0   0   0   0   0 |     GCC   3   3   3   3   4   4 |     GAC   3   3   3   4   3   3 |     GGC   1   1   1   1   1   1
    GTA   1   1   1   1   1   1 |     GCA   1   1   1   0   0   0 | Glu GAA   4   4   4   3   4   4 |     GGA   2   2   2   2   2   2
    GTG   0   0   0   0   0   0 |     GCG   0   0   0   1   0   0 |     GAG   3   3   3   4   3   3 |     GGG   0   0   0   0   0   0
--------------------------------------------------------------------------------------------------------------------------------------

Codon position x base (3x4) table for each sequence.

#1: Argali         
position  1:    T:0.17582    C:0.28571    A:0.27473    G:0.26374
position  2:    T:0.23077    C:0.25275    A:0.37363    G:0.14286
position  3:    T:0.21978    C:0.27473    A:0.29670    G:0.20879
Average         T:0.20879    C:0.27106    A:0.31502    G:0.20513

#2: LesserMouseDeer
position  1:    T:0.17582    C:0.28571    A:0.27473    G:0.26374
position  2:    T:0.21978    C:0.26374    A:0.37363    G:0.14286
position  3:    T:0.20879    C:0.30769    A:0.26374    G:0.21978
Average         T:0.20147    C:0.28571    A:0.30403    G:0.20879

#3: LesserKudu     
position  1:    T:0.16484    C:0.29670    A:0.27473    G:0.26374
position  2:    T:0.23077    C:0.25275    A:0.37363    G:0.14286
position  3:    T:0.23077    C:0.29670    A:0.26374    G:0.20879
Average         T:0.20879    C:0.28205    A:0.30403    G:0.20513

#4: ForestMuskDeer2
position  1:    T:0.15385    C:0.30769    A:0.27473    G:0.26374
position  2:    T:0.23077    C:0.25275    A:0.37363    G:0.14286
position  3:    T:0.19780    C:0.29670    A:0.26374    G:0.24176
Average         T:0.19414    C:0.28571    A:0.30403    G:0.21612

#5: Camel          
position  1:    T:0.16484    C:0.29670    A:0.27473    G:0.26374
position  2:    T:0.23077    C:0.25275    A:0.37363    G:0.14286
position  3:    T:0.25275    C:0.26374    A:0.24176    G:0.24176
Average         T:0.21612    C:0.27106    A:0.29670    G:0.21612

#6: KillerWhale    
position  1:    T:0.16484    C:0.28571    A:0.27473    G:0.27473
position  2:    T:0.23077    C:0.25275    A:0.37363    G:0.14286
position  3:    T:0.21978    C:0.27473    A:0.26374    G:0.24176
Average         T:0.20513    C:0.27106    A:0.30403    G:0.21978

#7: DefassaWaterbuck
position  1:    T:0.17582    C:0.28571    A:0.27473    G:0.26374
position  2:    T:0.23077    C:0.25275    A:0.37363    G:0.14286
position  3:    T:0.21978    C:0.27473    A:0.28571    G:0.21978
Average         T:0.20879    C:0.27106    A:0.31136    G:0.20879

#8: Sheep          
position  1:    T:0.17582    C:0.28571    A:0.27473    G:0.26374
position  2:    T:0.23077    C:0.25275    A:0.37363    G:0.14286
position  3:    T:0.21978    C:0.27473    A:0.29670    G:0.20879
Average         T:0.20879    C:0.27106    A:0.31502    G:0.20513

#9: MaxwellsDuiker 
position  1:    T:0.17582    C:0.28571    A:0.27473    G:0.26374
position  2:    T:0.23077    C:0.25275    A:0.37363    G:0.14286
position  3:    T:0.23077    C:0.27473    A:0.26374    G:0.23077
Average         T:0.21245    C:0.27106    A:0.30403    G:0.21245

#10: GazellaPrzewalskyi
position  1:    T:0.17582    C:0.28571    A:0.27473    G:0.26374
position  2:    T:0.23077    C:0.25275    A:0.37363    G:0.14286
position  3:    T:0.20879    C:0.27473    A:0.27473    G:0.24176
Average         T:0.20513    C:0.27106    A:0.30769    G:0.21612

#11: MountainNyala  
position  1:    T:0.16484    C:0.29670    A:0.27473    G:0.26374
position  2:    T:0.23077    C:0.25275    A:0.37363    G:0.14286
position  3:    T:0.23077    C:0.28571    A:0.26374    G:0.21978
Average         T:0.20879    C:0.27839    A:0.30403    G:0.20879

#12: MuntiacusMuntjak
position  1:    T:0.17582    C:0.28571    A:0.27473    G:0.26374
position  2:    T:0.23077    C:0.25275    A:0.37363    G:0.14286
position  3:    T:0.21978    C:0.28571    A:0.26374    G:0.23077
Average         T:0.20879    C:0.27473    A:0.30403    G:0.21245

#13: goat           
position  1:    T:0.17582    C:0.28571    A:0.27473    G:0.26374
position  2:    T:0.23077    C:0.25275    A:0.37363    G:0.14286
position  3:    T:0.23077    C:0.26374    A:0.27473    G:0.23077
Average         T:0.21245    C:0.26740    A:0.30769    G:0.21245

#14: AfricanBuffalo 
position  1:    T:0.16484    C:0.29670    A:0.27473    G:0.26374
position  2:    T:0.23077    C:0.25275    A:0.37363    G:0.14286
position  3:    T:0.21978    C:0.27473    A:0.24176    G:0.26374
Average         T:0.20513    C:0.27473    A:0.29670    G:0.22344

#15: Topi           
position  1:    T:0.17582    C:0.28571    A:0.27473    G:0.26374
position  2:    T:0.23077    C:0.25275    A:0.37363    G:0.14286
position  3:    T:0.24176    C:0.25275    A:0.28571    G:0.21978
Average         T:0.21612    C:0.26374    A:0.31136    G:0.20879

#16: CommonDuiker   
position  1:    T:0.17582    C:0.28571    A:0.27473    G:0.26374
position  2:    T:0.23077    C:0.25275    A:0.37363    G:0.14286
position  3:    T:0.21978    C:0.27473    A:0.29670    G:0.20879
Average         T:0.20879    C:0.27106    A:0.31502    G:0.20513

#17: Suni           
position  1:    T:0.16484    C:0.29670    A:0.27473    G:0.26374
position  2:    T:0.23077    C:0.25275    A:0.37363    G:0.14286
position  3:    T:0.18681    C:0.29670    A:0.27473    G:0.24176
Average         T:0.19414    C:0.28205    A:0.30769    G:0.21612

#18: Springbuck     
position  1:    T:0.17582    C:0.28571    A:0.27473    G:0.26374
position  2:    T:0.23077    C:0.25275    A:0.37363    G:0.14286
position  3:    T:0.21978    C:0.27473    A:0.28571    G:0.21978
Average         T:0.20879    C:0.27106    A:0.31136    G:0.20879

#19: Okapi          
position  1:    T:0.17582    C:0.28571    A:0.27473    G:0.26374
position  2:    T:0.23077    C:0.25275    A:0.37363    G:0.14286
position  3:    T:0.21978    C:0.27473    A:0.28571    G:0.21978
Average         T:0.20879    C:0.27106    A:0.31136    G:0.20879

#20: Giraffe        
position  1:    T:0.17582    C:0.28571    A:0.27473    G:0.26374
position  2:    T:0.23077    C:0.25275    A:0.37363    G:0.14286
position  3:    T:0.21978    C:0.27473    A:0.28571    G:0.21978
Average         T:0.20879    C:0.27106    A:0.31136    G:0.20879

#21: TibetanAntelope
position  1:    T:0.17582    C:0.28571    A:0.27473    G:0.26374
position  2:    T:0.23077    C:0.25275    A:0.37363    G:0.14286
position  3:    T:0.24176    C:0.25275    A:0.28571    G:0.21978
Average         T:0.21612    C:0.26374    A:0.31136    G:0.20879

#22: Sitatunga      
position  1:    T:0.16484    C:0.29670    A:0.27473    G:0.26374
position  2:    T:0.23077    C:0.25275    A:0.37363    G:0.14286
position  3:    T:0.21978    C:0.28571    A:0.27473    G:0.21978
Average         T:0.20513    C:0.27839    A:0.30769    G:0.20879

#23: Oribi          
position  1:    T:0.17582    C:0.28571    A:0.27473    G:0.26374
position  2:    T:0.23077    C:0.25275    A:0.37363    G:0.14286
position  3:    T:0.20879    C:0.28571    A:0.28571    G:0.21978
Average         T:0.20513    C:0.27473    A:0.31136    G:0.20879

#24: BarbarySheep   
position  1:    T:0.17582    C:0.28571    A:0.27473    G:0.26374
position  2:    T:0.23077    C:0.25275    A:0.37363    G:0.14286
position  3:    T:0.23077    C:0.27473    A:0.26374    G:0.23077
Average         T:0.21245    C:0.27106    A:0.30403    G:0.21245

#25: Daviddeer      
position  1:    T:0.17582    C:0.28571    A:0.27473    G:0.26374
position  2:    T:0.24176    C:0.25275    A:0.37363    G:0.13187
position  3:    T:0.23077    C:0.27473    A:0.26374    G:0.23077
Average         T:0.21612    C:0.27106    A:0.30403    G:0.20879

#26: Reindeer       
position  1:    T:0.17582    C:0.28571    A:0.27473    G:0.26374
position  2:    T:0.23077    C:0.25275    A:0.37363    G:0.14286
position  3:    T:0.21978    C:0.27473    A:0.27473    G:0.23077
Average         T:0.20879    C:0.27106    A:0.30769    G:0.21245

#27: Ibex           
position  1:    T:0.17582    C:0.28571    A:0.27473    G:0.26374
position  2:    T:0.23077    C:0.25275    A:0.37363    G:0.14286
position  3:    T:0.21978    C:0.27473    A:0.26374    G:0.24176
Average         T:0.20879    C:0.27106    A:0.30403    G:0.21612

#28: GyrantGazelle  
position  1:    T:0.16484    C:0.29670    A:0.27473    G:0.26374
position  2:    T:0.23077    C:0.25275    A:0.37363    G:0.14286
position  3:    T:0.21978    C:0.27473    A:0.27473    G:0.23077
Average         T:0.20513    C:0.27473    A:0.30769    G:0.21245

#29: Hartebeest     
position  1:    T:0.17582    C:0.28571    A:0.27473    G:0.26374
position  2:    T:0.23077    C:0.25275    A:0.37363    G:0.14286
position  3:    T:0.24176    C:0.25275    A:0.28571    G:0.21978
Average         T:0.21612    C:0.26374    A:0.31136    G:0.20879

#30: Bongo          
position  1:    T:0.16484    C:0.29670    A:0.27473    G:0.26374
position  2:    T:0.23077    C:0.25275    A:0.37363    G:0.14286
position  3:    T:0.21978    C:0.28571    A:0.27473    G:0.21978
Average         T:0.20513    C:0.27839    A:0.30769    G:0.20879

#31: Gerenuk        
position  1:    T:0.17582    C:0.28571    A:0.27473    G:0.26374
position  2:    T:0.23077    C:0.25275    A:0.36264    G:0.15385
position  3:    T:0.21978    C:0.27473    A:0.26374    G:0.24176
Average         T:0.20879    C:0.27106    A:0.30037    G:0.21978

#32: CommonEland    
position  1:    T:0.16484    C:0.29670    A:0.27473    G:0.26374
position  2:    T:0.23077    C:0.25275    A:0.37363    G:0.14286
position  3:    T:0.21978    C:0.28571    A:0.26374    G:0.23077
Average         T:0.20513    C:0.27839    A:0.30403    G:0.21245

#33: MuntiacusReevesi
position  1:    T:0.17582    C:0.28571    A:0.27473    G:0.26374
position  2:    T:0.23077    C:0.25275    A:0.37363    G:0.14286
position  3:    T:0.21978    C:0.28571    A:0.27473    G:0.21978
Average         T:0.20879    C:0.27473    A:0.30769    G:0.20879

#34: HarveysDuiker  
position  1:    T:0.17582    C:0.28571    A:0.27473    G:0.26374
position  2:    T:0.23077    C:0.25275    A:0.37363    G:0.14286
position  3:    T:0.21978    C:0.27473    A:0.28571    G:0.21978
Average         T:0.20879    C:0.27106    A:0.31136    G:0.20879

#35: Pronghorn      
position  1:    T:0.18681    C:0.28571    A:0.26374    G:0.26374
position  2:    T:0.23077    C:0.25275    A:0.37363    G:0.14286
position  3:    T:0.20879    C:0.27473    A:0.29670    G:0.21978
Average         T:0.20879    C:0.27106    A:0.31136    G:0.20879

#36: BlueWildebeest 
position  1:    T:0.17582    C:0.28571    A:0.27473    G:0.26374
position  2:    T:0.23077    C:0.25275    A:0.37363    G:0.14286
position  3:    T:0.21978    C:0.27473    A:0.28571    G:0.21978
Average         T:0.20879    C:0.27106    A:0.31136    G:0.20879

#37: Gemsbok        
position  1:    T:0.17582    C:0.28571    A:0.27473    G:0.26374
position  2:    T:0.23077    C:0.25275    A:0.37363    G:0.14286
position  3:    T:0.21978    C:0.27473    A:0.28571    G:0.21978
Average         T:0.20879    C:0.27106    A:0.31136    G:0.20879

#38: Yak            
position  1:    T:0.16484    C:0.29670    A:0.27473    G:0.26374
position  2:    T:0.23077    C:0.25275    A:0.37363    G:0.14286
position  3:    T:0.20879    C:0.28571    A:0.26374    G:0.24176
Average         T:0.20147    C:0.27839    A:0.30403    G:0.21612

#39: BlueSheep      
position  1:    T:0.17582    C:0.28571    A:0.27473    G:0.26374
position  2:    T:0.23077    C:0.25275    A:0.37363    G:0.14286
position  3:    T:0.21978    C:0.27473    A:0.28571    G:0.21978
Average         T:0.20879    C:0.27106    A:0.31136    G:0.20879

#40: BohorReedbuck  
position  1:    T:0.17582    C:0.28571    A:0.27473    G:0.26374
position  2:    T:0.23077    C:0.25275    A:0.37363    G:0.14286
position  3:    T:0.21978    C:0.27473    A:0.28571    G:0.21978
Average         T:0.20879    C:0.27106    A:0.31136    G:0.20879

#41: KirksDik       
position  1:    T:0.14286    C:0.29670    A:0.27473    G:0.28571
position  2:    T:0.23077    C:0.25275    A:0.37363    G:0.14286
position  3:    T:0.19780    C:0.29670    A:0.28571    G:0.21978
Average         T:0.19048    C:0.28205    A:0.31136    G:0.21612

#42: RoeDeer        
position  1:    T:0.17582    C:0.28571    A:0.27473    G:0.26374
position  2:    T:0.23077    C:0.25275    A:0.37363    G:0.14286
position  3:    T:0.21978    C:0.27473    A:0.26374    G:0.24176
Average         T:0.20879    C:0.27106    A:0.30403    G:0.21612

#43: WhiteLippedDeer
position  1:    T:0.17582    C:0.28571    A:0.27473    G:0.26374
position  2:    T:0.24176    C:0.25275    A:0.37363    G:0.13187
position  3:    T:0.23077    C:0.27473    A:0.26374    G:0.23077
Average         T:0.21612    C:0.27106    A:0.30403    G:0.20879

#44: ThomsonGazelle 
position  1:    T:0.16484    C:0.29670    A:0.27473    G:0.26374
position  2:    T:0.23077    C:0.25275    A:0.37363    G:0.14286
position  3:    T:0.21978    C:0.27473    A:0.26374    G:0.24176
Average         T:0.20513    C:0.27473    A:0.30403    G:0.21612

#45: MuntiacusCrinifrons
position  1:    T:0.17582    C:0.28571    A:0.27473    G:0.26374
position  2:    T:0.23077    C:0.25275    A:0.37363    G:0.14286
position  3:    T:0.21978    C:0.28571    A:0.26374    G:0.23077
Average         T:0.20879    C:0.27473    A:0.30403    G:0.21245

#46: WhiteTailedDeer
position  1:    T:0.17582    C:0.28571    A:0.27473    G:0.26374
position  2:    T:0.23077    C:0.25275    A:0.37363    G:0.14286
position  3:    T:0.21978    C:0.27473    A:0.26374    G:0.24176
Average         T:0.20879    C:0.27106    A:0.30403    G:0.21612

#47: Cattle         
position  1:    T:0.16484    C:0.29670    A:0.27473    G:0.26374
position  2:    T:0.24176    C:0.25275    A:0.36264    G:0.14286
position  3:    T:0.20879    C:0.28571    A:0.26374    G:0.24176
Average         T:0.20513    C:0.27839    A:0.30037    G:0.21612

#48: RoyalAntelope  
position  1:    T:0.18681    C:0.27473    A:0.27473    G:0.26374
position  2:    T:0.23077    C:0.25275    A:0.36264    G:0.15385
position  3:    T:0.20879    C:0.28571    A:0.28571    G:0.21978
Average         T:0.20879    C:0.27106    A:0.30769    G:0.21245

#49: Steenbok       
position  1:    T:0.17582    C:0.28571    A:0.27473    G:0.26374
position  2:    T:0.23077    C:0.25275    A:0.37363    G:0.14286
position  3:    T:0.21978    C:0.27473    A:0.28571    G:0.21978
Average         T:0.20879    C:0.27106    A:0.31136    G:0.20879

#50: Impala         
position  1:    T:0.17582    C:0.28571    A:0.27473    G:0.26374
position  2:    T:0.23077    C:0.25275    A:0.37363    G:0.14286
position  3:    T:0.23077    C:0.27473    A:0.28571    G:0.20879
Average         T:0.21245    C:0.27106    A:0.31136    G:0.20513

#51: Klipspringer   
position  1:    T:0.17582    C:0.28571    A:0.27473    G:0.26374
position  2:    T:0.23077    C:0.25275    A:0.37363    G:0.14286
