CODONML (in paml version 4.10.7, June 2023)  /home/rachel/ruminants_paml/6406-phy-tree/ENSBTAT00000012963.fasta.phy
Model: free dN/dS Ratios for branches,  kappa = 2.000 fixed

Codon frequency model: F3x4
ns =  54  ls =  52

Codon usage in sequences
--------------------------------------------------------------------------------------------------------------------------------------
Phe TTT   0   0   0   0   0   0 | Ser TCT   1   1   1   1   1   1 | Tyr TAT   1   0   1   1   1   0 | Cys TGT   0   0   0   0   0   0
    TTC   0   0   0   0   0   0 |     TCC   1   1   1   1   1   1 |     TAC   2   3   2   2   2   3 |     TGC   1   1   1   1   2   1
Leu TTA   0   0   0   0   0   0 |     TCA   0   0   0   0   0   0 | *** TAA   0   0   0   0   0   0 | *** TGA   0   0   0   0   0   0
    TTG   1   1   1   1   1   1 |     TCG   0   0   0   0   0   0 |     TAG   0   0   0   0   0   0 | Trp TGG   0   0   0   0   0   0
--------------------------------------------------------------------------------------------------------------------------------------
Leu CTT   2   3   2   2   2   2 | Pro CCT   0   0   0   0   0   0 | His CAT   1   1   1   1   1   1 | Arg CGT   0   0   0   0   1   0
    CTC   1   1   1   1   1   1 |     CCC   0   0   0   0   0   0 |     CAC   1   1   1   1   1   1 |     CGC   1   1   1   1   0   1
    CTA   2   2   2   2   1   1 |     CCA   0   0   0   0   0   0 | Gln CAA   1   1   1   1   1   1 |     CGA   0   0   0   0   0   0
    CTG   3   2   3   3   4   4 |     CCG   0   0   0   0   0   0 |     CAG   0   0   0   0   0   0 |     CGG   0   0   0   0   0   0
--------------------------------------------------------------------------------------------------------------------------------------
Ile ATT   0   0   0   0   0   0 | Thr ACT   1   1   1   1   0   1 | Asn AAT   1   1   1   1   1   1 | Ser AGT   2   1   1   1   1   1
    ATC   1   1   1   1   1   1 |     ACC   0   2   1   1   2   1 |     AAC   1   1   1   1   1   1 |     AGC   1   2   2   2   1   2
    ATA   1   1   1   1   1   1 |     ACA   1   0   1   1   1   1 | Lys AAA   0   1   0   0   1   1 | Arg AGA   2   2   2   2   2   2
Met ATG   2   2   2   2   2   2 |     ACG   1   0   0   0   0   0 |     AAG   2   1   2   2   1   1 |     AGG   0   0   0   0   0   0
--------------------------------------------------------------------------------------------------------------------------------------
Val GTT   0   0   0   0   0   0 | Ala GCT   3   3   3   3   3   3 | Asp GAT   4   4   4   4   4   4 | Gly GGT   0   0   0   0   0   0
    GTC   0   0   0   0   0   0 |     GCC   2   2   2   2   2   2 |     GAC   0   0   0   0   0   0 |     GGC   1   1   1   1   1   1
    GTA   0   0   0   0   0   0 |     GCA   1   1   1   1   1   1 | Glu GAA   4   4   4   4   4   4 |     GGA   0   0   0   0   0   0
    GTG   0   0   0   0   0   0 |     GCG   0   0   0   0   0   0 |     GAG   1   1   1   1   1   1 |     GGG   1   1   1   1   1   1
--------------------------------------------------------------------------------------------------------------------------------------

--------------------------------------------------------------------------------------------------------------------------------------
Phe TTT   0   0   0   0   0   0 | Ser TCT   1   1   1   1   1   1 | Tyr TAT   1   1   1   1   1   1 | Cys TGT   0   0   0   0   0   1
    TTC   0   0   0   0   0   0 |     TCC   1   1   1   1   1   1 |     TAC   2   2   2   2   2   2 |     TGC   1   1   1   1   1   0
Leu TTA   0   0   0   0   0   0 |     TCA   0   0   0   0   0   0 | *** TAA   0   0   0   0   0   0 | *** TGA   0   0   0   0   0   0
    TTG   1   1   0   1   1   1 |     TCG   0   0   0   0   0   0 |     TAG   0   0   0   0   0   0 | Trp TGG   0   0   0   0   0   0
--------------------------------------------------------------------------------------------------------------------------------------
Leu CTT   2   2   1   2   2   2 | Pro CCT   0   0   0   0   0   0 | His CAT   1   1   0   1   1   1 | Arg CGT   0   0   0   0   0   0
    CTC   1   1   2   1   1   1 |     CCC   0   0   0   0   0   0 |     CAC   1   1   2   1   1   1 |     CGC   1   1   1   1   1   1
    CTA   2   2   2   2   2   2 |     CCA   0   0   0   0   0   0 | Gln CAA   1   1   1   1   1   1 |     CGA   0   0   0   0   0   0
    CTG   3   3   4   3   3   3 |     CCG   0   0   0   0   0   0 |     CAG   0   0   0   0   0   0 |     CGG   0   0   0   0   0   0
--------------------------------------------------------------------------------------------------------------------------------------
Ile ATT   0   0   0   0   0   0 | Thr ACT   1   1   1   1   1   1 | Asn AAT   1   1   1   0   1   1 | Ser AGT   1   2   1   1   1   1
    ATC   1   1   1   1   1   1 |     ACC   1   0   1   1   1   1 |     AAC   1   1   1   2   1   1 |     AGC   2   1   2   2   2   2
    ATA   1   1   1   1   1   1 |     ACA   1   1   0   1   1   1 | Lys AAA   0   0   0   0   0   0 | Arg AGA   2   2   2   2   2   2
Met ATG   2   2   2   2   2   2 |     ACG   0   1   1   0   0   0 |     AAG   2   2   2   2   2   2 |     AGG   0   0   0   0   0   0
--------------------------------------------------------------------------------------------------------------------------------------
Val GTT   0   0   0   0   0   0 | Ala GCT   3   3   4   3   3   3 | Asp GAT   4   4   4   4   4   4 | Gly GGT   0   0   0   0   0   0
    GTC   0   0   0   0   0   0 |     GCC   2   2   2   2   2   2 |     GAC   0   0   0   0   0   0 |     GGC   1   1   1   1   1   1
    GTA   0   0   0   0   0   0 |     GCA   1   1   0   1   1   1 | Glu GAA   4   4   4   4   4   4 |     GGA   0   0   0   0   0   0
    GTG   0   0   0   0   0   0 |     GCG   0   0   0   0   0   0 |     GAG   1   1   1   1   1   1 |     GGG   1   1   1   1   1   1
--------------------------------------------------------------------------------------------------------------------------------------

--------------------------------------------------------------------------------------------------------------------------------------
Phe TTT   0   0   0   0   0   0 | Ser TCT   1   1   0   1   0   1 | Tyr TAT   1   1   1   1   1   1 | Cys TGT   0   0   1   0   1   0
    TTC   0   0   0   0   0   0 |     TCC   1   1   1   1   1   1 |     TAC   2   2   2   2   2   2 |     TGC   1   1   1   1   1   1
Leu TTA   0   0   0   0   0   0 |     TCA   0   0   0   0   0   0 | *** TAA   0   0   0   0   0   0 | *** TGA   0   0   0   0   0   0
    TTG   1   1   1   1   1   1 |     TCG   0   0   0   0   0   0 |     TAG   0   0   0   0   0   0 | Trp TGG   0   0   0   0   0   0
--------------------------------------------------------------------------------------------------------------------------------------
Leu CTT   2   2   2   2   2   2 | Pro CCT   0   0   0   0   0   0 | His CAT   1   2   1   1   1   1 | Arg CGT   0   0   0   0   0   0
    CTC   1   1   1   1   1   1 |     CCC   0   0   0   0   0   0 |     CAC   1   0   1   1   1   1 |     CGC   1   1   1   1   1   1
    CTA   2   2   2   1   2   2 |     CCA   0   0   0   0   0   0 | Gln CAA   1   1   1   1   1   1 |     CGA   0   0   0   0   0   0
    CTG   3   3   3   4   3   3 |     CCG   0   0   0   0   0   0 |     CAG   0   0   0   0   0   0 |     CGG   0   0   0   0   0   0
--------------------------------------------------------------------------------------------------------------------------------------
Ile ATT   0   0   0   0   0   0 | Thr ACT   1   1   1   1   1   1 | Asn AAT   1   1   1   1   1   1 | Ser AGT   2   1   1   1   1   1
    ATC   1   1   1   1   1   1 |     ACC   1   1   1   1   1   1 |     AAC   1   1   1   1   1   1 |     AGC   1   2   2   2   2   2
    ATA   1   1   1   1   1   1 |     ACA   1   1   1   1   1   1 | Lys AAA   0   0   0   0   0   0 | Arg AGA   2   2   2   2   2   2
Met ATG   2   2   2   2   2   2 |     ACG   0   0   0   0   0   0 |     AAG   2   2   2   2   2   2 |     AGG   0   0   0   0   0   0
--------------------------------------------------------------------------------------------------------------------------------------
Val GTT   0   0   0   0   0   0 | Ala GCT   3   3   3   3   3   3 | Asp GAT   4   4   4   4   4   4 | Gly GGT   0   0   0   0   0   0
    GTC   0   0   0   0   0   0 |     GCC   2   2   2   1   2   2 |     GAC   0   0   0   0   0   0 |     GGC   1   1   1   1   1   1
    GTA   0   0   0   0   0   0 |     GCA   1   1   1   2   1   1 | Glu GAA   4   4   4   4   4   4 |     GGA   0   0   0   0   0   0
    GTG   0   0   0   0   0   0 |     GCG   0   0   0   0   0   0 |     GAG   1   1   1   1   1   1 |     GGG   1   1   1   1   1   1
--------------------------------------------------------------------------------------------------------------------------------------

--------------------------------------------------------------------------------------------------------------------------------------
Phe TTT   0   0   0   0   0   0 | Ser TCT   1   1   2   1   1   1 | Tyr TAT   1   1   1   1   1   1 | Cys TGT   0   0   0   0   0   0
    TTC   0   0   0   0   0   0 |     TCC   1   1   0   1   0   1 |     TAC   2   2   2   2   2   2 |     TGC   1   1   1   1   1   1
Leu TTA   0   0   0   0   0   0 |     TCA   0   0   0   0   0   0 | *** TAA   0   0   0   0   0   0 | *** TGA   0   0   0   0   0   0
    TTG   1   1   1   1   1   1 |     TCG   0   0   0   0   0   0 |     TAG   0   0   0   0   0   0 | Trp TGG   0   0   0   0   0   0
--------------------------------------------------------------------------------------------------------------------------------------
Leu CTT   2   2   2   2   2   2 | Pro CCT   0   0   0   0   0   0 | His CAT   1   1   1   1   1   1 | Arg CGT   0   0   0   0   0   0
    CTC   1   1   1   1   1   1 |     CCC   0   0   0   0   0   0 |     CAC   1   1   1   1   1   1 |     CGC   1   1   1   1   1   1
    CTA   1   1   3   2   2   2 |     CCA   0   0   0   0   0   0 | Gln CAA   1   1   1   1   1   1 |     CGA   0   0   0   0   0   0
    CTG   4   4   2   3   3   3 |     CCG   0   0   0   0   0   0 |     CAG   0   0   0   0   0   0 |     CGG   0   0   0   0   0   0
--------------------------------------------------------------------------------------------------------------------------------------
Ile ATT   0   0   0   0   0   0 | Thr ACT   1   1   1   1   1   1 | Asn AAT   1   1   1   1   1   1 | Ser AGT   1   1   2   1   1   2
    ATC   1   1   1   1   1   1 |     ACC   1   1   0   1   2   0 |     AAC   1   1   1   1   1   1 |     AGC   2   2   1   2   2   1
    ATA   1   1   1   1   1   1 |     ACA   1   1   1   1   1   1 | Lys AAA   0   0   0   0   0   0 | Arg AGA   2   2   2   2   2   2
Met ATG   2   2   2   2   2   2 |     ACG   0   0   1   0   0   1 |     AAG   2   2   2   2   2   2 |     AGG   0   0   0   0   0   0
--------------------------------------------------------------------------------------------------------------------------------------
Val GTT   0   0   0   0   0   0 | Ala GCT   3   3   3   3   3   3 | Asp GAT   4   4   4   4   4   4 | Gly GGT   0   0   0   0   0   0
    GTC   0   0   0   0   0   0 |     GCC   2   2   2   2   2   2 |     GAC   0   0   0   0   0   0 |     GGC   1   1   1   1   1   1
    GTA   0   0   0   0   0   0 |     GCA   1   1   1   1   1   1 | Glu GAA   4   4   4   4   4   4 |     GGA   0   0   0   0   0   0
    GTG   0   0   0   0   0   0 |     GCG   0   0   0   0   0   0 |     GAG   1   1   1   1   1   1 |     GGG   1   1   1   1   1   1
--------------------------------------------------------------------------------------------------------------------------------------

--------------------------------------------------------------------------------------------------------------------------------------
Phe TTT   0   0   0   0   0   0 | Ser TCT   1   1   1   1   1   1 | Tyr TAT   1   2   1   1   1   1 | Cys TGT   1   0   0   0   0   0
    TTC   0   0   0   0   0   0 |     TCC   1   1   1   1   1   1 |     TAC   2   1   2   2   2   2 |     TGC   0   1   1   1   1   1
Leu TTA   0   0   0   0   0   0 |     TCA   0   0   0   0   0   0 | *** TAA   0   0   0   0   0   0 | *** TGA   0   0   0   0   0   0
    TTG   1   1   1   1   1   1 |     TCG   0   0   0   0   0   0 |     TAG   0   0   0   0   0   0 | Trp TGG   0   0   0   0   0   0
--------------------------------------------------------------------------------------------------------------------------------------
Leu CTT   2   2   2   2   2   2 | Pro CCT   0   0   0   0   0   0 | His CAT   1   1   1   0   1   1 | Arg CGT   0   0   0   0   0   0
    CTC   1   1   1   1   1   1 |     CCC   0   0   0   0   0   0 |     CAC   1   1   1   2   1   1 |     CGC   1   1   1   1   1   1
    CTA   2   2   2   3   2   2 |     CCA   0   0   0   0   0   0 | Gln CAA   1   1   1   1   1   1 |     CGA   0   0   0   0   0   0
    CTG   3   3   3   2   3   3 |     CCG   0   0   0   0   0   0 |     CAG   0   0   0   0   0   0 |     CGG   0   0   0   0   0   0
--------------------------------------------------------------------------------------------------------------------------------------
Ile ATT   0   0   0   0   0   0 | Thr ACT   1   1   1   1   1   1 | Asn AAT   1   1   1   1   1   1 | Ser AGT   1   1   2   0   1   1
    ATC   1   1   1   1   1   1 |     ACC   1   1   1   1   1   1 |     AAC   1   1   1   1   1   1 |     AGC   2   2   1   3   2   2
    ATA   1   1   1   1   1   1 |     ACA   1   1   1   1   1   1 | Lys AAA   0   0   0   0   0   0 | Arg AGA   2   2   2   2   2   2
Met ATG   2   2   2   2   2   2 |     ACG   0   0   0   0   0   0 |     AAG   2   2   2   2   2   2 |     AGG   0   0   0   0   0   0
--------------------------------------------------------------------------------------------------------------------------------------
Val GTT   0   0   0   0   0   0 | Ala GCT   2   3   3   3   3   3 | Asp GAT   4   4   4   4   4   4 | Gly GGT   0   0   0   0   0   0
    GTC   0   0   0   0   0   0 |     GCC   3   2   2   2   2   2 |     GAC   0   0   0   0   0   0 |     GGC   1   1   1   1   1   1
    GTA   0   0   0   0   0   0 |     GCA   1   1   1   1   1   1 | Glu GAA   4   4   4   4   4   4 |     GGA   0   0   0   0   0   0
    GTG   0   0   0   0   0   0 |     GCG   0   0   0   0   0   0 |     GAG   1   1   1   1   1   1 |     GGG   1   1   1   1   1   1
--------------------------------------------------------------------------------------------------------------------------------------

--------------------------------------------------------------------------------------------------------------------------------------
Phe TTT   0   0   0   0   0   0 | Ser TCT   1   1   1   1   2   1 | Tyr TAT   1   1   1   1   1   1 | Cys TGT   0   0   1   0   0   0
    TTC   0   0   0   0   0   0 |     TCC   1   1   1   1   1   1 |     TAC   2   2   2   2   2   2 |     TGC   1   1   0   1   1   1
Leu TTA   0   0   0   0   0   0 |     TCA   0   0   0   0   0   0 | *** TAA   0   0   0   0   0   0 | *** TGA   0   0   0   0   0   0
    TTG   1   1   1   1   1   1 |     TCG   0   0   0   0   0   0 |     TAG   0   0   0   0   0   0 | Trp TGG   0   0   0   0   0   0
--------------------------------------------------------------------------------------------------------------------------------------
Leu CTT   2   2   2   2   2   2 | Pro CCT   0   0   0   0   0   0 | His CAT   1   1   1   1   1   1 | Arg CGT   0   0   0   0   0   0
    CTC   1   1   1   1   1   1 |     CCC   0   0   0   0   0   0 |     CAC   1   1   1   1   1   1 |     CGC   1   1   1   1   1   1
    CTA   2   2   2   2   1   2 |     CCA   0   0   0   0   0   0 | Gln CAA   1   1   1   1   1   1 |     CGA   0   0   0   0   0   0
    CTG   3   3   3   3   4   3 |     CCG   0   0   0   0   0   0 |     CAG   0   0   0   0   0   0 |     CGG   0   0   0   0   0   0
--------------------------------------------------------------------------------------------------------------------------------------
Ile ATT   0   0   0   0   0   0 | Thr ACT   1   1   1   1   0   1 | Asn AAT   1   1   1   1   1   1 | Ser AGT   1   1   1   1   1   1
    ATC   1   1   1   1   1   1 |     ACC   1   1   1   1   1   1 |     AAC   1   1   1   1   1   1 |     AGC   2   2   2   2   2   2
    ATA   1   1   1   1   1   1 |     ACA   1   1   1   1   1   1 | Lys AAA   0   0   0   0   0   0 | Arg AGA   2   2   2   2   2   2
Met ATG   2   2   2   2   2   2 |     ACG   0   0   0   0   0   0 |     AAG   2   2   2   2   2   2 |     AGG   0   0   0   0   0   0
--------------------------------------------------------------------------------------------------------------------------------------
Val GTT   0   0   0   0   0   0 | Ala GCT   3   3   3   3   3   3 | Asp GAT   4   4   4   4   4   4 | Gly GGT   0   0   0   0   0   0
    GTC   0   0   0   0   0   0 |     GCC   2   2   2   2   2   2 |     GAC   0   0   0   0   1   0 |     GGC   1   1   1   1   1   1
    GTA   0   0   0   0   0   0 |     GCA   1   1   1   1   1   1 | Glu GAA   4   4   4   4   3   4 |     GGA   0   0   0   0   0   0
    GTG   0   0   0   0   0   0 |     GCG   0   0   0   0   0   0 |     GAG   1   1   1   1   1   1 |     GGG   1   1   1   1   1   1
--------------------------------------------------------------------------------------------------------------------------------------

--------------------------------------------------------------------------------------------------------------------------------------
Phe TTT   0   0   0   0   0   0 | Ser TCT   1   1   1   1   1   1 | Tyr TAT   1   1   1   1   1   1 | Cys TGT   0   0   0   0   1   1
    TTC   0   0   0   0   0   0 |     TCC   1   1   1   1   1   1 |     TAC   2   2   2   2   2   2 |     TGC   1   1   1   1   0   0
Leu TTA   0   0   0   0   0   0 |     TCA   0   0   0   0   0   0 | *** TAA   0   0   0   0   0   0 | *** TGA   0   0   0   0   0   0
    TTG   1   1   1   1   1   1 |     TCG   0   0   0   0   0   0 |     TAG   0   0   0   0   0   0 | Trp TGG   0   0   0   0   0   0
--------------------------------------------------------------------------------------------------------------------------------------
Leu CTT   2   2   2   2   2   2 | Pro CCT   0   0   0   0   0   0 | His CAT   1   2   1   1   1   1 | Arg CGT   0   0   0   0   0   0
    CTC   1   1   1   1   1   1 |     CCC   0   0   0   0   0   0 |     CAC   1   0   1   1   1   1 |     CGC   1   1   1   1   1   1
    CTA   2   3   2   2   2   2 |     CCA   0   0   0   0   0   0 | Gln CAA   1   1   1   1   1   1 |     CGA   0   0   0   0   0   0
    CTG   3   2   3   3   3   3 |     CCG   0   0   0   0   0   0 |     CAG   0   0   0   0   0   0 |     CGG   0   0   0   0   0   0
--------------------------------------------------------------------------------------------------------------------------------------
Ile ATT   0   0   0   0   0   0 | Thr ACT   1   1   1   1   1   1 | Asn AAT   1   1   1   1   1   1 | Ser AGT   1   1   2   1   1   1
    ATC   1   1   1   1   1   1 |     ACC   1   1   1   1   1   1 |     AAC   1   1   1   1   1   1 |     AGC   2   2   1   2   2   2
    ATA   1   1   1   1   1   1 |     ACA   1   1   1   1   1   1 | Lys AAA   0   1   0   0   0   0 | Arg AGA   2   2   2   2   2   2
Met ATG   2   2   2   2   2   2 |     ACG   0   0   0   0   0   0 |     AAG   2   1   2   2   2   2 |     AGG   0   0   0   0   0   0
--------------------------------------------------------------------------------------------------------------------------------------
Val GTT   0   0   0   0   0   0 | Ala GCT   3   3   3   3   3   3 | Asp GAT   4   4   4   4   4   4 | Gly GGT   0   0   0   0   0   0
    GTC   0   0   0   0   0   0 |     GCC   2   2   2   2   2   2 |     GAC   0   0   0   0   0   0 |     GGC   1   1   1   1   1   1
    GTA   0   0   0   0   0   0 |     GCA   1   1   1   1   1   1 | Glu GAA   4   4   4   4   4   4 |     GGA   0   0   0   0   0   0
    GTG   0   0   0   0   0   0 |     GCG   0   0   0   0   0   0 |     GAG   1   1   1   1   1   1 |     GGG   1   1   1   1   1   1
--------------------------------------------------------------------------------------------------------------------------------------

--------------------------------------------------------------------------------------------------------------------------------------
Phe TTT   0   0   0   0   0   0 | Ser TCT   1   1   1   1   1   1 | Tyr TAT   1   1   1   2   1   1 | Cys TGT   0   0   1   0   0   0
    TTC   0   0   0   0   0   0 |     TCC   1   1   1   1   1   1 |     TAC   2   2   2   1   2   2 |     TGC   1   1   0   1   1   1
Leu TTA   0   0   0   0   0   0 |     TCA   0   0   0   0   0   0 | *** TAA   0   0   0   0   0   0 | *** TGA   0   0   0   0   0   0
    TTG   1   1   1   1   1   1 |     TCG   0   0   0   0   0   0 |     TAG   0   0   0   0   0   0 | Trp TGG   0   0   0   0   0   0
--------------------------------------------------------------------------------------------------------------------------------------
Leu CTT   2   2   2   2   2   2 | Pro CCT   0   0   0   0   0   0 | His CAT   1   0   1   1   2   1 | Arg CGT   0   0   0   0   0   0
    CTC   1   1   1   1   1   1 |     CCC   0   0   0   0   0   0 |     CAC   1   2   1   1   0   1 |     CGC   1   1   1   1   1   1
    CTA   2   2   2   2   2   2 |     CCA   0   0   0   0   0   0 | Gln CAA   1   1   1   1   1   1 |     CGA   0   0   0   0   0   0
    CTG   3   3   3   3   3   3 |     CCG   0   0   0   0   0   0 |     CAG   0   0   0   0   0   0 |     CGG   0   0   0   0   0   0
--------------------------------------------------------------------------------------------------------------------------------------
Ile ATT   0   0   0   0   0   0 | Thr ACT   1   1   1   1   1   1 | Asn AAT   1   1   1   1   1   1 | Ser AGT   1   1   1   1   1   1
    ATC   1   1   1   1   1   1 |     ACC   1   1   1   1   1   1 |     AAC   1   1   1   1   1   1 |     AGC   2   2   2   2   2   2
    ATA   1   1   1   1   1   1 |     ACA   1   1   1   1   1   1 | Lys AAA   0   0   0   0   0   0 | Arg AGA   2   2   2   2   2   2
Met ATG   2   2   2   2   2   2 |     ACG   0   0   0   0   0   0 |     AAG   2   2   2   2   2   2 |     AGG   0   0   0   0   0   0
--------------------------------------------------------------------------------------------------------------------------------------
Val GTT   0   0   0   0   0   0 | Ala GCT   2   3   3   3   3   3 | Asp GAT   4   4   4   4   3   4 | Gly GGT   0   0   0   0   0   0
    GTC   0   0   0   0   0   0 |     GCC   3   2   2   2   2   2 |     GAC   0   0   0   0   1   0 |     GGC   1   1   1   1   1   1
    GTA   0   0   0   0   0   0 |     GCA   1   1   1   1   1   1 | Glu GAA   4   4   4   4   4   4 |     GGA   0   0   0   0   0   0
    GTG   0   0   0   0   0   0 |     GCG   0   0   0   0   0   0 |     GAG   1   1   1   1   1   1 |     GGG   1   1   1   1   1   1
--------------------------------------------------------------------------------------------------------------------------------------

--------------------------------------------------------------------------------------------------------------------------------------
Phe TTT   0   0   0   0   0   0 | Ser TCT   1   0   1   1   1   1 | Tyr TAT   1   1   1   1   1   1 | Cys TGT   0   1   0   0   0   0
    TTC   0   0   0   0   0   0 |     TCC   1   1   1   1   1   1 |     TAC   2   2   2   2   2   2 |     TGC   1   1   1   1   1   1
Leu TTA   0   0   0   0   0   0 |     TCA   0   0   0   0   0   0 | *** TAA   0   0   0   0   0   0 | *** TGA   0   0   0   0   0   0
    TTG   1   1   1   1   1   1 |     TCG   0   0   0   0   0   0 |     TAG   0   0   0   0   0   0 | Trp TGG   0   0   0   0   0   0
--------------------------------------------------------------------------------------------------------------------------------------
Leu CTT   2   2   2   2   2   2 | Pro CCT   0   0   0   0   0   0 | His CAT   1   1   1   1   2   1 | Arg CGT   0   0   0   0   0   0
    CTC   1   1   1   1   1   1 |     CCC   0   0   0   0   0   0 |     CAC   1   1   1   1   0   1 |     CGC   1   1   1   1   1   1
    CTA   2   2   2   2   2   2 |     CCA   0   0   0   0   0   0 | Gln CAA   1   0   1   1   1   1 |     CGA   0   0   0   0   0   0
    CTG   3   3   3   3   3   3 |     CCG   0   0   0   0   0   0 |     CAG   0   1   0   0   0   0 |     CGG   0   0   0   0   0   0
--------------------------------------------------------------------------------------------------------------------------------------
Ile ATT   0   0   0   0   0   0 | Thr ACT   1   1   1   1   1   1 | Asn AAT   1   1   1   1   1   1 | Ser AGT   1   1   1   1   1   1
    ATC   1   1   1   1   1   1 |     ACC   1   1   1   1   1   1 |     AAC   1   1   1   1   1   1 |     AGC   2   2   2   2   2   2
    ATA   1   1   1   1   1   1 |     ACA   1   1   1   1   1   1 | Lys AAA   0   0   0   0   0   0 | Arg AGA   2   2   2   2   2   2
Met ATG   2   2   2   2   2   2 |     ACG   0   0   0   0   0   0 |     AAG   2   2   2   2   2   2 |     AGG   0   0   0   0   0   0
--------------------------------------------------------------------------------------------------------------------------------------
Val GTT   0   0   0   0   0   0 | Ala GCT   3   3   3   3   3   3 | Asp GAT   4   4   4   4   4   4 | Gly GGT   0   0   0   0   0   0
    GTC   0   0   0   0   0   0 |     GCC   2   2   2   2   2   2 |     GAC   0   0   0   0   0   0 |     GGC   1   1   1   1   1   1
    GTA   0   0   0   0   0   0 |     GCA   1   1   1   1   1   1 | Glu GAA   4   4   4   4   4   4 |     GGA   0   0   0   0   0   0
    GTG   0   0   0   0   0   0 |     GCG   0   0   0   0   0   0 |     GAG   1   1   1   1   1   1 |     GGG   1   1   1   1   1   1
--------------------------------------------------------------------------------------------------------------------------------------

Codon position x base (3x4) table for each sequence.

#1: Argali         
position  1:    T:0.13462    C:0.23077    A:0.30769    G:0.32692
position  2:    T:0.25000    C:0.21154    A:0.36538    G:0.17308
position  3:    T:0.30769    C:0.25000    A:0.23077    G:0.21154
Average         T:0.23077    C:0.23077    A:0.30128    G:0.23718

#2: LesserMouseDeer
position  1:    T:0.13462    C:0.23077    A:0.30769    G:0.32692
position  2:    T:0.25000    C:0.21154    A:0.36538    G:0.17308
position  3:    T:0.28846    C:0.32692    A:0.23077    G:0.15385
Average         T:0.22436    C:0.25641    A:0.30128    G:0.21795

#3: LesserKudu     
position  1:    T:0.13462    C:0.23077    A:0.30769    G:0.32692
position  2:    T:0.25000    C:0.21154    A:0.36538    G:0.17308
position  3:    T:0.28846    C:0.28846    A:0.23077    G:0.19231
Average         T:0.22436    C:0.24359    A:0.30128    G:0.23077

#4: ForestMuskDeer2
position  1:    T:0.13462    C:0.23077    A:0.30769    G:0.32692
position  2:    T:0.25000    C:0.21154    A:0.36538    G:0.17308
position  3:    T:0.28846    C:0.28846    A:0.23077    G:0.19231
Average         T:0.22436    C:0.24359    A:0.30128    G:0.23077

#5: Camel          
position  1:    T:0.15385    C:0.23077    A:0.28846    G:0.32692
position  2:    T:0.25000    C:0.21154    A:0.36538    G:0.17308
position  3:    T:0.28846    C:0.28846    A:0.23077    G:0.19231
Average         T:0.23077    C:0.24359    A:0.29487    G:0.23077

#6: KillerWhale    
position  1:    T:0.13462    C:0.23077    A:0.30769    G:0.32692
position  2:    T:0.25000    C:0.21154    A:0.36538    G:0.17308
position  3:    T:0.26923    C:0.30769    A:0.23077    G:0.19231
Average         T:0.21795    C:0.25000    A:0.30128    G:0.23077

#7: DefassaWaterbuck
position  1:    T:0.13462    C:0.23077    A:0.30769    G:0.32692
position  2:    T:0.25000    C:0.21154    A:0.36538    G:0.17308
position  3:    T:0.28846    C:0.28846    A:0.23077    G:0.19231
Average         T:0.22436    C:0.24359    A:0.30128    G:0.23077

#8: Sheep          
position  1:    T:0.13462    C:0.23077    A:0.30769    G:0.32692
position  2:    T:0.25000    C:0.21154    A:0.36538    G:0.17308
position  3:    T:0.30769    C:0.25000    A:0.23077    G:0.21154
Average         T:0.23077    C:0.23077    A:0.30128    G:0.23718

#9: MaxwellsDuiker 
position  1:    T:0.11538    C:0.25000    A:0.30769    G:0.32692
position  2:    T:0.25000    C:0.21154    A:0.36538    G:0.17308
position  3:    T:0.26923    C:0.32692    A:0.19231    G:0.21154
Average         T:0.21154    C:0.26282    A:0.28846    G:0.23718

#10: GazellaPrzewalskyi
position  1:    T:0.13462    C:0.23077    A:0.30769    G:0.32692
position  2:    T:0.25000    C:0.21154    A:0.36538    G:0.17308
position  3:    T:0.26923    C:0.30769    A:0.23077    G:0.19231
Average         T:0.21795    C:0.25000    A:0.30128    G:0.23077

#11: MountainNyala  
position  1:    T:0.13462    C:0.23077    A:0.30769    G:0.32692
position  2:    T:0.25000    C:0.21154    A:0.36538    G:0.17308
position  3:    T:0.28846    C:0.28846    A:0.23077    G:0.19231
Average         T:0.22436    C:0.24359    A:0.30128    G:0.23077

#12: MuntiacusMuntjak
position  1:    T:0.13462    C:0.23077    A:0.30769    G:0.32692
position  2:    T:0.25000    C:0.21154    A:0.36538    G:0.17308
position  3:    T:0.30769    C:0.26923    A:0.23077    G:0.19231
Average         T:0.23077    C:0.23718    A:0.30128    G:0.23077

#13: goat           
position  1:    T:0.13462    C:0.23077    A:0.30769    G:0.32692
position  2:    T:0.25000    C:0.21154    A:0.36538    G:0.17308
position  3:    T:0.30769    C:0.26923    A:0.23077    G:0.19231
Average         T:0.23077    C:0.23718    A:0.30128    G:0.23077

#14: AfricanBuffalo 
position  1:    T:0.13462    C:0.23077    A:0.30769    G:0.32692
position  2:    T:0.25000    C:0.21154    A:0.36538    G:0.17308
position  3:    T:0.30769    C:0.26923    A:0.23077    G:0.19231
Average         T:0.23077    C:0.23718    A:0.30128    G:0.23077

#15: Topi           
position  1:    T:0.13462    C:0.23077    A:0.30769    G:0.32692
position  2:    T:0.25000    C:0.19231    A:0.36538    G:0.19231
position  3:    T:0.28846    C:0.28846    A:0.23077    G:0.19231
Average         T:0.22436    C:0.23718    A:0.30128    G:0.23718

#16: CommonDuiker   
position  1:    T:0.13462    C:0.23077    A:0.30769    G:0.32692
position  2:    T:0.25000    C:0.21154    A:0.36538    G:0.17308
position  3:    T:0.28846    C:0.26923    A:0.23077    G:0.21154
Average         T:0.22436    C:0.23718    A:0.30128    G:0.23718

#17: Suni           
position  1:    T:0.13462    C:0.23077    A:0.30769    G:0.32692
position  2:    T:0.25000    C:0.19231    A:0.36538    G:0.19231
position  3:    T:0.28846    C:0.28846    A:0.23077    G:0.19231
Average         T:0.22436    C:0.23718    A:0.30128    G:0.23718

#18: Springbuck     
position  1:    T:0.13462    C:0.23077    A:0.30769    G:0.32692
position  2:    T:0.25000    C:0.21154    A:0.36538    G:0.17308
position  3:    T:0.28846    C:0.28846    A:0.23077    G:0.19231
Average         T:0.22436    C:0.24359    A:0.30128    G:0.23077

#19: Okapi          
position  1:    T:0.13462    C:0.23077    A:0.30769    G:0.32692
position  2:    T:0.25000    C:0.21154    A:0.36538    G:0.17308
position  3:    T:0.28846    C:0.28846    A:0.21154    G:0.21154
Average         T:0.22436    C:0.24359    A:0.29487    G:0.23718

#20: Giraffe        
position  1:    T:0.13462    C:0.23077    A:0.30769    G:0.32692
position  2:    T:0.25000    C:0.21154    A:0.36538    G:0.17308
position  3:    T:0.28846    C:0.28846    A:0.21154    G:0.21154
Average         T:0.22436    C:0.24359    A:0.29487    G:0.23718

#21: TibetanAntelope
position  1:    T:0.13462    C:0.23077    A:0.30769    G:0.32692
position  2:    T:0.25000    C:0.21154    A:0.36538    G:0.17308
position  3:    T:0.32692    C:0.23077    A:0.25000    G:0.19231
Average         T:0.23718    C:0.22436    A:0.30769    G:0.23077

#22: Sitatunga      
position  1:    T:0.13462    C:0.23077    A:0.30769    G:0.32692
position  2:    T:0.25000    C:0.21154    A:0.36538    G:0.17308
position  3:    T:0.28846    C:0.28846    A:0.23077    G:0.19231
Average         T:0.22436    C:0.24359    A:0.30128    G:0.23077

#23: Oribi          
position  1:    T:0.11538    C:0.23077    A:0.32692    G:0.32692
position  2:    T:0.25000    C:0.21154    A:0.36538    G:0.17308
position  3:    T:0.28846    C:0.28846    A:0.23077    G:0.19231
Average         T:0.21795    C:0.24359    A:0.30769    G:0.23077

#24: BarbarySheep   
position  1:    T:0.13462    C:0.23077    A:0.30769    G:0.32692
position  2:    T:0.25000    C:0.21154    A:0.36538    G:0.17308
position  3:    T:0.30769    C:0.25000    A:0.23077    G:0.21154
Average         T:0.23077    C:0.23077    A:0.30128    G:0.23718

#25: Daviddeer      
position  1:    T:0.13462    C:0.23077    A:0.30769    G:0.32692
position  2:    T:0.25000    C:0.21154    A:0.36538    G:0.17308
position  3:    T:0.28846    C:0.28846    A:0.23077    G:0.19231
Average         T:0.22436    C:0.24359    A:0.30128    G:0.23077

#26: Reindeer       
position  1:    T:0.13462    C:0.23077    A:0.30769    G:0.32692
position  2:    T:0.25000    C:0.21154    A:0.36538    G:0.17308
position  3:    T:0.30769    C:0.26923    A:0.23077    G:0.19231
Average         T:0.23077    C:0.23718    A:0.30128    G:0.23077

#27: Ibex           
position  1:    T:0.13462    C:0.23077    A:0.30769    G:0.32692
position  2:    T:0.25000    C:0.21154    A:0.36538    G:0.17308
position  3:    T:0.30769    C:0.26923    A:0.23077    G:0.19231
Average         T:0.23077    C:0.23718    A:0.30128    G:0.23077

#28: GyrantGazelle  
position  1:    T:0.13462    C:0.23077    A:0.30769    G:0.32692
position  2:    T:0.25000    C:0.21154    A:0.36538    G:0.17308
position  3:    T:0.25000    C:0.32692    A:0.25000    G:0.17308
Average         T:0.21154    C:0.25641    A:0.30769    G:0.22436

#29: Hartebeest     
position  1:    T:0.13462    C:0.23077    A:0.30769    G:0.32692
position  2:    T:0.25000    C:0.21154    A:0.36538    G:0.17308
position  3:    T:0.28846    C:0.28846    A:0.23077    G:0.19231
Average         T:0.22436    C:0.24359    A:0.30128    G:0.23077

#30: Bongo          
position  1:    T:0.13462    C:0.23077    A:0.30769    G:0.32692
position  2:    T:0.25000    C:0.21154    A:0.36538    G:0.17308
position  3:    T:0.28846    C:0.28846    A:0.23077    G:0.19231
Average         T:0.22436    C:0.24359    A:0.30128    G:0.23077

#31: Gerenuk        
position  1:    T:0.13462    C:0.23077    A:0.30769    G:0.32692
position  2:    T:0.25000    C:0.21154    A:0.36538    G:0.17308
position  3:    T:0.28846    C:0.28846    A:0.23077    G:0.19231
Average         T:0.22436    C:0.24359    A:0.30128    G:0.23077

#32: CommonEland    
position  1:    T:0.13462    C:0.23077    A:0.30769    G:0.32692
position  2:    T:0.25000    C:0.21154    A:0.36538    G:0.17308
position  3:    T:0.28846    C:0.28846    A:0.23077    G:0.19231
Average         T:0.22436    C:0.24359    A:0.30128    G:0.23077

#33: MuntiacusReevesi
position  1:    T:0.13462    C:0.23077    A:0.30769    G:0.32692
position  2:    T:0.25000    C:0.21154    A:0.36538    G:0.17308
position  3:    T:0.30769    C:0.26923    A:0.23077    G:0.19231
Average         T:0.23077    C:0.23718    A:0.30128    G:0.23077

#34: HarveysDuiker  
position  1:    T:0.13462    C:0.23077    A:0.30769    G:0.32692
position  2:    T:0.25000    C:0.21154    A:0.36538    G:0.17308
position  3:    T:0.28846    C:0.28846    A:0.23077    G:0.19231
Average         T:0.22436    C:0.24359    A:0.30128    G:0.23077

#35: Pronghorn      
position  1:    T:0.15385    C:0.23077    A:0.28846    G:0.32692
position  2:    T:0.25000    C:0.21154    A:0.36538    G:0.17308
position  3:    T:0.28846    C:0.30769    A:0.19231    G:0.21154
Average         T:0.23077    C:0.25000    A:0.28205    G:0.23718

#36: BlueWildebeest 
position  1:    T:0.13462    C:0.23077    A:0.30769    G:0.32692
position  2:    T:0.25000    C:0.21154    A:0.36538    G:0.17308
position  3:    T:0.28846    C:0.28846    A:0.23077    G:0.19231
Average         T:0.22436    C:0.24359    A:0.30128    G:0.23077

#37: Gemsbok        
position  1:    T:0.13462    C:0.23077    A:0.30769    G:0.32692
position  2:    T:0.25000    C:0.21154    A:0.36538    G:0.17308
position  3:    T:0.28846    C:0.28846    A:0.23077    G:0.19231
Average         T:0.22436    C:0.24359    A:0.30128    G:0.23077

#38: Yak            
position  1:    T:0.13462    C:0.23077    A:0.30769    G:0.32692
position  2:    T:0.25000    C:0.21154    A:0.36538    G:0.17308
position  3:    T:0.30769    C:0.26923    A:0.26923    G:0.15385
Average         T:0.23077    C:0.23718    A:0.31410    G:0.21795

#39: BlueSheep      
position  1:    T:0.13462    C:0.23077    A:0.30769    G:0.32692
position  2:    T:0.25000    C:0.21154    A:0.36538    G:0.17308
position  3:    T:0.30769    C:0.26923    A:0.23077    G:0.19231
Average         T:0.23077    C:0.23718    A:0.30128    G:0.23077

#40: BohorReedbuck  
position  1:    T:0.13462    C:0.23077    A:0.30769    G:0.32692
position  2:    T:0.25000    C:0.21154    A:0.36538    G:0.17308
position  3:    T:0.28846    C:0.28846    A:0.23077    G:0.19231
Average         T:0.22436    C:0.24359    A:0.30128    G:0.23077

#41: KirksDik       
position  1:    T:0.13462    C:0.23077    A:0.30769    G:0.32692
position  2:    T:0.25000    C:0.21154    A:0.36538    G:0.17308
position  3:    T:0.30769    C:0.26923    A:0.23077    G:0.19231
Average         T:0.23077    C:0.23718    A:0.30128    G:0.23077

#42: RoeDeer        
position  1:    T:0.13462    C:0.23077    A:0.30769    G:0.32692
position  2:    T:0.25000    C:0.21154    A:0.36538    G:0.17308
position  3:    T:0.30769    C:0.26923    A:0.23077    G:0.19231
Average         T:0.23077    C:0.23718    A:0.30128    G:0.23077

#43: WhiteLippedDeer
position  1:    T:0.13462    C:0.23077    A:0.30769    G:0.32692
position  2:    T:0.25000    C:0.21154    A:0.36538    G:0.17308
position  3:    T:0.26923    C:0.30769    A:0.23077    G:0.19231
Average         T:0.21795    C:0.25000    A:0.30128    G:0.23077

#44: ThomsonGazelle 
position  1:    T:0.13462    C:0.23077    A:0.30769    G:0.32692
position  2:    T:0.25000    C:0.21154    A:0.36538    G:0.17308
position  3:    T:0.26923    C:0.30769    A:0.23077    G:0.19231
Average         T:0.21795    C:0.25000    A:0.30128    G:0.23077

#45: MuntiacusCrinifrons
position  1:    T:0.13462    C:0.23077    A:0.30769    G:0.32692
position  2:    T:0.25000    C:0.21154    A:0.36538    G:0.17308
position  3:    T:0.30769    C:0.26923    A:0.23077    G:0.19231
Average         T:0.23077    C:0.23718    A:0.30128    G:0.23077

#46: WhiteTailedDeer
position  1:    T:0.13462    C:0.23077    A:0.30769    G:0.32692
position  2:    T:0.25000    C:0.21154    A:0.36538    G:0.17308
position  3:    T:0.30769    C:0.26923    A:0.23077    G:0.19231
Average         T:0.23077    C:0.23718    A:0.30128    G:0.23077

#47: Cattle         
position  1:    T:0.13462    C:0.23077    A:0.30769    G:0.32692
position  2:    T:0.25000    C:0.21154    A:0.36538    G:0.17308
position  3:    T:0.28846    C:0.28846    A:0.23077    G:0.19231
Average         T:0.22436    C:0.24359    A:0.30128    G:0.23077

#48: RoyalAntelope  
position  1:    T:0.13462    C:0.23077    A:0.30769    G:0.32692
position  2:    T:0.25000    C:0.21154    A:0.36538    G:0.17308
position  3:    T:0.28846    C:0.28846    A:0.23077    G:0.19231
Average         T:0.22436    C:0.24359    A:0.30128    G:0.23077

#49: Steenbok       
position  1:    T:0.13462    C:0.23077    A:0.30769    G:0.32692
position  2:    T:0.25000    C:0.21154    A:0.36538    G:0.17308
position  3:    T:0.28846    C:0.28846    A:0.23077    G:0.19231
Average         T:0.22436    C:0.24359    A:0.30128    G:0.23077

#50: Impala         
position  1:    T:0.13462    C:0.23077    A:0.30769    G:0.32692
position  2:    T:0.25000    C:0.19231    A:0.36538    G:0.19231
position  3:    T:0.28846    C:0.28846    A:0.21154    G:0.21154
Average         T:0.22436    C:0.23718    A:0.29487    G:0.24359

#51: Klipspringer   
position  1:    T:0.13462    C:0.23077    A:0.30769    G:0.32692
position  2:    T:0.25000    C:0.21154    A:0.36538    G:0.17308
