1
52 1
Argali 0.000000 0.320900 0.127900 0.381400 0.096400 0.000000 0.092000 0.071000 0.098800 0.128500 0.022400 0.098800 0.092100 0.046400 0.154500 0.099000 0.158200 0.184100 0.046800 0.098800 0.154600 0.022300 0.159900 0.098600 0.022700 0.099300 0.092100 0.098800 0.099000 0.123200 0.128500 0.071100 3.320900 0.092100 0.069500 0.128500 0.022700 0.121400 0.068200 0.156100 0.159900 0.099000 0.128500 0.128500 0.128500 0.124400 0.099000 0.099400 0.197000 0.128500 0.099800 0.098800
LesserMous 0.320900 0.000000 0.232700 0.278100 0.218000 0.320900 0.307500 0.291600 0.261200 0.198500 0.324400 0.196100 0.338400 0.251700 0.260100 0.295200 0.233600 0.263100 0.295600 0.261200 0.297300 0.324400 0.236900 0.225700 0.324400 0.295200 0.338400 0.261200 0.295200 0.288600 0.198500 0.289600 4.490000 0.338400 0.309400 0.198500 0.324400 0.247800 0.277600 0.230200 0.236900 0.295200 0.198500 0.198500 0.198500 0.256600 0.295200 0.257800 0.209300 0.198500 0.197900 0.261200
LesserKudu 0.127900 0.232700 0.000000 0.323500 0.129700 0.127900 0.124200 0.103600 0.024900 0.052300 0.160000 0.025100 0.179400 0.074900 0.134800 0.135300 0.080400 0.106700 0.134400 0.024900 0.135400 0.160000 0.081400 0.078100 0.160000 0.135300 0.179400 0.024900 0.135300 0.049500 0.052300 0.103000 4.490000 0.179400 0.154500 0.052300 0.160000 0.156900 0.153400 0.079200 0.081400 0.135300 0.052300 0.052300 0.052300 0.104300 0.135300 0.133800 0.179900 0.052300 0.024400 0.024900
KillerWhal 0.381400 0.278100 0.323500 0.000000 0.312700 0.381400 0.365900 0.312300 0.352900 0.254400 0.356600 0.280200 0.371200 0.307000 0.328400 0.287200 0.296200 0.327800 0.327500 0.352900 0.288500 0.356600 0.299300 0.285600 0.356600 0.287200 0.371200 0.352900 0.287200 0.303600 0.254400 0.352100 4.490000 0.371200 0.265800 0.254400 0.356600 0.349200 0.367300 0.290800 0.299300 0.287200 0.254400 0.254400 0.254400 0.282000 0.287200 0.324500 0.368300 0.254400 0.281300 0.352900
DefassaWat 0.096400 0.218000 0.129700 0.312700 0.000000 0.096400 0.144600 0.125200 0.100100 0.076200 0.073200 0.100000 0.094200 0.096800 0.101500 0.101800 0.104000 0.129500 0.101300 0.100100 0.101800 0.073200 0.105200 0.101300 0.073200 0.101800 0.094200 0.100100 0.101800 0.124700 0.076200 0.124800 4.490000 0.094200 0.071200 0.076200 0.073600 0.023200 0.120100 0.102600 0.105200 0.101800 0.076200 0.076200 0.076200 0.073600 0.101800 0.049000 0.093900 0.076200 0.101200 0.100100
Sheep 0.000000 0.320900 0.127900 0.381400 0.096400 0.000000 0.092000 0.071400 0.098800 0.128500 0.022700 0.098800 0.092100 0.046100 0.154500 0.099300 0.158200 0.184100 0.046800 0.098800 0.154600 0.022700 0.159900 0.098600 0.022700 0.099000 0.092200 0.098800 0.099000 0.123200 0.128500 0.071100 3.320900 0.092400 0.069500 0.128500 0.022300 0.121400 0.068800 0.156100 0.159900 0.099000 0.128500 0.128500 0.128500 0.124400 0.099000 0.098600 0.197000 0.128500 0.099800 0.098800
MaxwellsDu 0.092000 0.307500 0.124200 0.365900 0.144600 0.092000 0.000000 0.069200 0.148200 0.124800 0.119200 0.096000 0.138400 0.044700 0.149800 0.096500 0.153300 0.178300 0.096100 0.148200 0.150300 0.119200 0.154700 0.096100 0.119200 0.096500 0.138400 0.148200 0.096500 0.172600 0.124800 0.069400 3.594300 0.138400 0.116000 0.124800 0.119200 0.170100 0.114700 0.151400 0.154700 0.096500 0.124800 0.124800 0.124800 0.120900 0.096500 0.148700 0.138800 0.124800 0.097000 0.148200
GazellaPrz 0.071000 0.291600 0.103600 0.312300 0.125200 0.071400 0.069200 0.000000 0.128500 0.104100 0.099000 0.074900 0.119300 0.023100 0.130100 0.024100 0.133500 0.159500 0.074900 0.128500 0.101100 0.099000 0.134800 0.075000 0.099000 0.024100 0.119300 0.128500 0.024100 0.153800 0.104100 0.048000 4.490000 0.119300 0.096200 0.104100 0.099000 0.152000 0.045600 0.131500 0.134800 0.024100 0.104100 0.104100 0.104100 0.100600 0.024100 0.129100 0.173400 0.104100 0.075800 0.128500
MountainNy 0.098800 0.261200 0.024900 0.352900 0.100100 0.098800 0.148200 0.128500 0.000000 0.077800 0.128400 0.049800 0.148400 0.099200 0.160700 0.161000 0.106300 0.132400 0.160000 0.000000 0.161200 0.128400 0.107700 0.103200 0.128400 0.161000 0.148400 0.000000 0.161000 0.023200 0.077800 0.127800 4.490000 0.148400 0.124200 0.077800 0.128400 0.126000 0.123600 0.104700 0.107700 0.161000 0.077800 0.077800 0.077800 0.129400 0.161000 0.103200 0.204800 0.077800 0.050000 0.000000
MuntiacusM 0.128500 0.198500 0.052300 0.254400 0.076200 0.128500 0.124800 0.104100 0.077800 0.000000 0.104400 0.025100 0.125300 0.075400 0.079400 0.079500 0.026300 0.050400 0.079000 0.077800 0.079400 0.104400 0.026100 0.025600 0.104400 0.079500 0.125300 0.077800 0.079500 0.103200 0.000000 0.103300 3.303200 0.125300 0.100900 0.000000 0.104400 0.102300 0.153600 0.025900 0.026200 0.079500 0.000000 0.000000 0.000000 0.051100 0.079500 0.078800 0.125600 0.000000 0.025500 0.077800
goat 0.022400 0.324400 0.160000 0.356600 0.073200 0.022700 0.119200 0.099000 0.128400 0.104400 0.000000 0.128500 0.069900 0.071800 0.130500 0.075400 0.133800 0.160000 0.023700 0.128400 0.130800 0.000000 0.135300 0.075100 0.000000 0.075400 0.069900 0.128400 0.075400 0.153700 0.104400 0.098700 3.452200 0.069900 0.046900 0.104400 0.000000 0.098400 0.095100 0.131900 0.135300 0.075400 0.104400 0.104400 0.104400 0.100900 0.075400 0.075500 0.174300 0.104400 0.129900 0.128400
AfricanBuf 0.098800 0.196100 0.025100 0.280200 0.100000 0.098800 0.096000 0.074900 0.049800 0.025100 0.128500 0.000000 0.148200 0.048300 0.104200 0.104100 0.051700 0.077200 0.103700 0.049800 0.104200 0.128500 0.052300 0.050300 0.128500 0.104100 0.148200 0.049800 0.104100 0.074400 0.024800 0.074600 3.169800 0.148200 0.124200 0.025300 0.128500 0.126000 0.123100 0.049800 0.052300 0.104100 0.025300 0.024800 0.025300 0.075500 0.104100 0.103400 0.148700 0.024900 0.000100 0.049800
Topi 0.092100 0.338400 0.179400 0.371200 0.094200 0.092100 0.138400 0.119300 0.148400 0.125300 0.069900 0.148200 0.000000 0.092500 0.150400 0.096900 0.154000 0.179100 0.096400 0.148400 0.151100 0.069900 0.155400 0.096400 0.069900 0.096900 0.000000 0.148400 0.096900 0.172900 0.125300 0.119000 4.490000 0.000000 0.068600 0.125300 0.069900 0.118700 0.114800 0.152100 0.155400 0.096900 0.125900 0.125300 0.125300 0.121400 0.096900 0.096800 0.192200 0.125300 0.150000 0.148400
CommonDuik 0.046400 0.251700 0.074900 0.307000 0.096800 0.046100 0.044700 0.023100 0.099200 0.075400 0.071800 0.048300 0.092500 0.000000 0.100400 0.048600 0.102900 0.128000 0.048300 0.099200 0.100800 0.071800 0.104800 0.048000 0.070400 0.048600 0.092500 0.099200 0.048600 0.123700 0.075400 0.023300 4.150800 0.091500 0.069900 0.075400 0.071800 0.121900 0.069000 0.101500 0.103900 0.048600 0.075000 0.075400 0.075400 0.073000 0.048400 0.099700 0.143800 0.075400 0.048800 0.099200
Suni 0.154500 0.260100 0.134800 0.328400 0.101500 0.154500 0.149800 0.130100 0.160700 0.079400 0.130500 0.104200 0.150400 0.100400 0.000000 0.105800 0.108500 0.135100 0.105300 0.160700 0.105800 0.130500 0.109900 0.105400 0.130500 0.105800 0.149500 0.160700 0.105800 0.186600 0.079400 0.130100 4.490000 0.150400 0.126100 0.079400 0.130500 0.127900 0.179500 0.106900 0.109900 0.105800 0.079400 0.079400 0.079400 0.076600 0.105800 0.050700 0.150800 0.079400 0.105500 0.160700
Springbuck 0.099000 0.295200 0.135300 0.287200 0.101800 0.099300 0.096500 0.024100 0.161000 0.079500 0.075400 0.104100 0.096900 0.048600 0.105800 0.000000 0.108800 0.135100 0.050800 0.161000 0.077200 0.075400 0.109800 0.050900 0.075400 0.000000 0.096900 0.161000 0.000000 0.187200 0.079500 0.075200 4.490000 0.096900 0.073300 0.079500 0.075400 0.128300 0.071000 0.107000 0.109800 0.000000 0.079500 0.079500 0.079500 0.076700 0.000000 0.105000 0.150700 0.079500 0.105500 0.161000
Okapi 0.158200 0.233600 0.080400 0.296200 0.104000 0.158200 0.153300 0.133500 0.106300 0.026300 0.133800 0.051700 0.154000 0.102900 0.108500 0.108800 0.000000 0.026000 0.108100 0.106300 0.108700 0.133800 0.054500 0.052300 0.133800 0.108800 0.154000 0.106300 0.108800 0.132200 0.025600 0.132900 2.502100 0.154000 0.129200 0.025500 0.133800 0.131100 0.183900 0.052600 0.054500 0.108800 0.025700 0.026300 0.025600 0.078500 0.108800 0.107700 0.154300 0.025700 0.052300 0.106300
Giraffe 0.184100 0.263100 0.106700 0.327800 0.129500 0.184100 0.178300 0.159500 0.132400 0.050400 0.160000 0.077200 0.179100 0.128000 0.135100 0.135100 0.026000 0.000000 0.134400 0.132400 0.135200 0.160000 0.081300 0.078000 0.160000 0.135100 0.179100 0.132400 0.135100 0.158200 0.052200 0.158700 2.672300 0.179100 0.154300 0.052200 0.160000 0.156700 0.209700 0.079000 0.081300 0.135100 0.052200 0.052200 0.052200 0.104100 0.135100 0.134000 0.179600 0.052200 0.078100 0.132400
TibetanAnt 0.046800 0.295600 0.134400 0.327500 0.101300 0.046800 0.096100 0.074900 0.160000 0.079000 0.023700 0.103700 0.096400 0.048300 0.105300 0.050800 0.108100 0.134400 0.000000 0.160000 0.105600 0.023700 0.109200 0.050600 0.023700 0.050800 0.096200 0.160000 0.050800 0.186100 0.079000 0.074700 3.407500 0.095900 0.072900 0.079000 0.023300 0.127600 0.122800 0.106500 0.109200 0.050800 0.079000 0.079000 0.079000 0.076300 0.050800 0.104500 0.150200 0.079000 0.104800 0.160000
Sitatunga 0.098800 0.261200 0.024900 0.352900 0.100100 0.098800 0.148200 0.128500 0.000000 0.077800 0.128400 0.049800 0.148400 0.099200 0.160700 0.161000 0.106300 0.132400 0.160000 0.000000 0.161200 0.128400 0.107700 0.103200 0.128400 0.161000 0.148400 0.000000 0.161000 0.024000 0.077800 0.127800 4.490000 0.148400 0.124200 0.077800 0.128400 0.126000 0.123600 0.104700 0.107700 0.161000 0.077800 0.077800 0.077800 0.129400 0.161000 0.103200 0.204800 0.077800 0.048600 0.000000
Oribi 0.154600 0.297300 0.135400 0.288500 0.101800 0.154600 0.150300 0.101100 0.161200 0.079400 0.130800 0.104200 0.151100 0.100800 0.105800 0.077200 0.108700 0.135200 0.105600 0.161200 0.000000 0.130800 0.109800 0.105700 0.130800 0.076500 0.151100 0.161200 0.077200 0.187700 0.079400 0.130100 4.490000 0.151100 0.126800 0.078100 0.130800 0.128300 0.149100 0.107000 0.109800 0.077200 0.079400 0.079400 0.079400 0.076700 0.077200 0.105000 0.150900 0.079400 0.105500 0.161200
BarbaryShe 0.022300 0.324400 0.160000 0.356600 0.073200 0.022700 0.119200 0.099000 0.128400 0.104400 0.000000 0.128500 0.069900 0.071800 0.130500 0.075400 0.133800 0.160000 0.023700 0.128400 0.130800 0.000000 0.135300 0.075100 0.000000 0.075400 0.069900 0.128400 0.075400 0.153700 0.104400 0.098700 3.452200 0.069900 0.046900 0.104400 0.000000 0.098400 0.095100 0.131900 0.135300 0.075400 0.104400 0.104400 0.103500 0.100900 0.075400 0.075500 0.174300 0.104400 0.129900 0.128400
Daviddeer 0.159900 0.236900 0.081400 0.299300 0.105200 0.159900 0.154700 0.134800 0.107700 0.026100 0.135300 0.052300 0.155400 0.104800 0.109900 0.109800 0.054500 0.081300 0.109200 0.107700 0.109800 0.135300 0.000000 0.052900 0.135300 0.109800 0.155400 0.107700 0.109800 0.133700 0.026600 0.134200 3.050900 0.155400 0.130300 0.026600 0.135100 0.132400 0.185600 0.053600 0.000000 0.109800 0.026600 0.026600 0.025800 0.079400 0.109800 0.109000 0.156100 0.026600 0.053000 0.107700
Reindeer 0.098600 0.225700 0.078100 0.285600 0.101300 0.098600 0.096100 0.075000 0.103200 0.025600 0.075100 0.050300 0.096400 0.048000 0.105400 0.050900 0.052300 0.078000 0.050600 0.103200 0.105700 0.075100 0.052900 0.000000 0.075100 0.050900 0.096400 0.103200 0.050900 0.128500 0.025600 0.074800 3.256800 0.096400 0.072900 0.025200 0.075100 0.127700 0.122800 0.051500 0.052900 0.050900 0.024900 0.025100 0.025600 0.076400 0.049900 0.104600 0.150100 0.025600 0.050800 0.103200
Ibex 0.022700 0.324400 0.160000 0.356600 0.073200 0.022700 0.119200 0.099000 0.128400 0.104400 0.000000 0.128500 0.069900 0.070400 0.130500 0.075400 0.133800 0.160000 0.023700 0.128400 0.130800 0.000000 0.135300 0.075100 0.000000 0.075400 0.069900 0.128400 0.075400 0.153700 0.104400 0.098700 3.452200 0.069900 0.046900 0.104400 0.000000 0.098400 0.095100 0.132500 0.135300 0.076000 0.104400 0.104400 0.104400 0.100900 0.075400 0.075500 0.174300 0.104400 0.129900 0.128400
GyrantGaze 0.099300 0.295200 0.135300 0.287200 0.101800 0.099000 0.096500 0.024100 0.161000 0.079500 0.075400 0.104100 0.096900 0.048600 0.105800 0.000000 0.108800 0.135100 0.050800 0.161000 0.076500 0.075400 0.109800 0.050900 0.075400 0.000000 0.096900 0.161000 0.000000 0.187200 0.079500 0.075200 4.490000 0.096900 0.073300 0.079500 0.075400 0.128300 0.071000 0.107000 0.109800 0.000000 0.079500 0.079500 0.079500 0.076700 0.000000 0.105000 0.150700 0.079500 0.105500 0.161000
Hartebeest 0.092100 0.338400 0.179400 0.371200 0.094200 0.092200 0.138400 0.119300 0.148400 0.125300 0.069900 0.148200 0.000000 0.092500 0.149500 0.096900 0.154000 0.179100 0.096200 0.148400 0.151100 0.069900 0.155400 0.096400 0.069900 0.096900 0.000000 0.148400 0.096900 0.172900 0.125300 0.119000 4.490000 0.000000 0.068100 0.125300 0.069700 0.118700 0.114600 0.152100 0.155400 0.096900 0.125300 0.125300 0.125300 0.121400 0.097200 0.096800 0.192200 0.125300 0.150000 0.148400
Bongo 0.098800 0.261200 0.024900 0.352900 0.100100 0.098800 0.148200 0.128500 0.000000 0.077800 0.128400 0.049800 0.148400 0.099200 0.160700 0.161000 0.106300 0.132400 0.160000 0.000000 0.161200 0.128400 0.107700 0.103200 0.128400 0.161000 0.148400 0.000000 0.161000 0.024000 0.077800 0.127800 4.490000 0.148400 0.124200 0.077800 0.128400 0.126000 0.123600 0.104700 0.107700 0.161000 0.077800 0.077800 0.077800 0.129400 0.161000 0.103200 0.204800 0.077800 0.050000 0.000000
Gerenuk 0.099000 0.295200 0.135300 0.287200 0.101800 0.099000 0.096500 0.024100 0.161000 0.079500 0.075400 0.104100 0.096900 0.048600 0.105800 0.000000 0.108800 0.135100 0.050800 0.161000 0.077200 0.075400 0.109800 0.050900 0.075400 0.000000 0.096900 0.161000 0.000000 0.187200 0.079500 0.075200 4.490000 0.096900 0.073300 0.079500 0.075400 0.128300 0.071000 0.107000 0.109800 0.000000 0.079500 0.079500 0.079500 0.076700 0.000000 0.105000 0.150700 0.079500 0.105500 0.161000
CommonElan 0.123200 0.288600 0.049500 0.303600 0.124700 0.123200 0.172600 0.153800 0.023200 0.103200 0.153700 0.074400 0.172900 0.123700 0.186600 0.187200 0.132200 0.158200 0.186100 0.024000 0.187700 0.153700 0.133700 0.128500 0.153700 0.187200 0.172900 0.024000 0.187200 0.000000 0.103200 0.152900 4.490000 0.172900 0.095600 0.103200 0.153700 0.150900 0.147800 0.130300 0.133700 0.187200 0.103200 0.103200 0.103200 0.154700 0.187200 0.128400 0.229600 0.103200 0.074600 0.024000
MuntiacusR 0.128500 0.198500 0.052300 0.254400 0.076200 0.128500 0.124800 0.104100 0.077800 0.000000 0.104400 0.024800 0.125300 0.075400 0.079400 0.079500 0.025600 0.052200 0.079000 0.077800 0.079400 0.104400 0.026600 0.025600 0.104400 0.079500 0.125300 0.077800 0.079500 0.103200 0.000000 0.104100 3.303200 0.125100 0.100900 0.000000 0.104400 0.102300 0.153600 0.025900 0.025800 0.079500 0.000000 0.000000 0.000000 0.051100 0.079500 0.078800 0.125500 0.000000 0.025500 0.077800
HarveysDui 0.071100 0.289600 0.103000 0.352100 0.124800 0.071100 0.069400 0.048000 0.127800 0.103300 0.098700 0.074600 0.119000 0.023300 0.130100 0.075200 0.132900 0.158700 0.074700 0.127800 0.130100 0.098700 0.134200 0.074800 0.098700 0.075200 0.119000 0.127800 0.075200 0.152900 0.104100 0.000000 3.081100 0.119000 0.095900 0.103700 0.098700 0.151000 0.093300 0.131000 0.134200 0.075200 0.103700 0.103700 0.103700 0.100300 0.075200 0.128500 0.172600 0.103700 0.075400 0.127800
Pronghorn 3.320900 4.490000 4.490000 4.490000 4.490000 3.320900 3.594300 4.490000 4.490000 3.303200 3.452200 3.169800 4.490000 4.150800 4.490000 4.490000 2.502100 2.672300 3.407500 4.490000 4.490000 3.452200 3.050900 3.256800 3.452200 4.490000 4.490000 4.490000 4.490000 4.490000 3.303200 3.081100 0.000000 4.490000 4.313300 3.303200 3.452100 4.490000 4.490000 4.490000 3.051000 4.490000 3.303200 3.303100 3.303000 4.490000 4.490000 4.490000 3.552000 3.303200 3.382300 4.490000
BlueWildeb 0.092100 0.338400 0.179400 0.371200 0.094200 0.092400 0.138400 0.119300 0.148400 0.125300 0.069900 0.148200 0.000000 0.091500 0.150400 0.096900 0.154000 0.179100 0.095900 0.148400 0.151100 0.069900 0.155400 0.096400 0.069900 0.096900 0.000000 0.148400 0.096900 0.172900 0.125100 0.119000 4.490000 0.000000 0.068100 0.125300 0.069900 0.118700 0.114800 0.152100 0.155400 0.096400 0.125300 0.125300 0.125300 0.121400 0.096900 0.096800 0.192200 0.125300 0.150000 0.148400
Gemsbok 0.069500 0.309400 0.154500 0.265800 0.071200 0.069500 0.116000 0.096200 0.124200 0.100900 0.046900 0.124200 0.068600 0.069900 0.126100 0.073300 0.129200 0.154300 0.072900 0.124200 0.126800 0.046900 0.130300 0.072900 0.046900 0.073300 0.068100 0.124200 0.073300 0.095600 0.100900 0.095900 4.313300 0.068100 0.000000 0.100900 0.045800 0.095600 0.092300 0.127200 0.130300 0.073300 0.100700 0.100900 0.100900 0.097700 0.072900 0.073100 0.168700 0.100900 0.125700 0.124200
Yak 0.128500 0.198500 0.052300 0.254400 0.076200 0.128500 0.124800 0.104100 0.077800 0.000000 0.104400 0.025300 0.125300 0.075400 0.079400 0.079500 0.025500 0.052200 0.079000 0.077800 0.078100 0.104400 0.026600 0.025200 0.104400 0.079500 0.125300 0.077800 0.079500 0.103200 0.000000 0.103700 3.303200 0.125300 0.100900 0.000000 0.103700 0.102300 0.153600 0.025900 0.025800 0.079500 0.000000 0.000000 0.000000 0.051100 0.078700 0.078800 0.125500 0.000000 0.025500 0.077800
BlueSheep 0.022700 0.324400 0.160000 0.356600 0.073600 0.022300 0.119200 0.099000 0.128400 0.104400 0.000000 0.128500 0.069900 0.071800 0.130500 0.075400 0.133800 0.160000 0.023300 0.128400 0.130800 0.000000 0.135100 0.075100 0.000000 0.075400 0.069700 0.128400 0.075400 0.153700 0.104400 0.098700 3.452100 0.069900 0.045800 0.103700 0.000000 0.098400 0.095100 0.131900 0.135300 0.075400 0.104400 0.104400 0.104400 0.100900 0.075400 0.075500 0.174300 0.104400 0.129900 0.128400
BohorReedb 0.121400 0.247800 0.156900 0.349200 0.023200 0.121400 0.170100 0.152000 0.126000 0.102300 0.098400 0.126000 0.118700 0.121900 0.127900 0.128300 0.131100 0.156700 0.127600 0.126000 0.128300 0.098400 0.132400 0.127700 0.098400 0.128300 0.118700 0.126000 0.128300 0.150900 0.102300 0.151000 4.490000 0.118700 0.095600 0.102300 0.098400 0.000000 0.145200 0.129300 0.132400 0.128300 0.102300 0.102300 0.102300 0.098900 0.128300 0.074000 0.118200 0.102300 0.127500 0.126000
KirksDik 0.068200 0.277600 0.153400 0.367300 0.120100 0.068800 0.114700 0.045600 0.123600 0.153600 0.095100 0.123100 0.114800 0.069000 0.179500 0.071000 0.183900 0.209700 0.122800 0.123600 0.149100 0.095100 0.185600 0.122800 0.095100 0.071000 0.114600 0.123600 0.071000 0.147800 0.153600 0.093300 4.490000 0.114800 0.092300 0.153600 0.095100 0.145200 0.000000 0.181200 0.185600 0.071000 0.153600 0.153600 0.153600 0.148700 0.071000 0.123800 0.165900 0.153600 0.124600 0.123600
RoeDeer 0.156100 0.230200 0.079200 0.290800 0.102600 0.156100 0.151400 0.131500 0.104700 0.025900 0.131900 0.049800 0.152100 0.101500 0.106900 0.107000 0.052600 0.079000 0.106500 0.104700 0.107000 0.131900 0.053600 0.051500 0.132500 0.107000 0.152100 0.104700 0.107000 0.130300 0.025900 0.131000 4.490000 0.152100 0.127200 0.025900 0.131900 0.129300 0.181200 0.000000 0.053600 0.107000 0.025900 0.024800 0.025100 0.077300 0.107000 0.106000 0.152200 0.025000 0.051500 0.104700
WhiteLippe 0.159900 0.236900 0.081400 0.299300 0.105200 0.159900 0.154700 0.134800 0.107700 0.026200 0.135300 0.052300 0.155400 0.103900 0.109900 0.109800 0.054500 0.081300 0.109200 0.107700 0.109800 0.135300 0.000000 0.052900 0.135300 0.109800 0.155400 0.107700 0.109800 0.133700 0.025800 0.134200 3.051000 0.155400 0.130300 0.025800 0.135300 0.132400 0.185600 0.053600 0.000000 0.109800 0.026600 0.025800 0.026600 0.079400 0.109800 0.108900 0.155900 0.026600 0.053000 0.107700
ThomsonGaz 0.099000 0.295200 0.135300 0.287200 0.101800 0.099000 0.096500 0.024100 0.161000 0.079500 0.075400 0.104100 0.096900 0.048600 0.105800 0.000000 0.108800 0.135100 0.050800 0.161000 0.077200 0.075400 0.109800 0.050900 0.076000 0.000000 0.096900 0.161000 0.000000 0.187200 0.079500 0.075200 4.490000 0.096400 0.073300 0.079500 0.075400 0.128300 0.071000 0.107000 0.109800 0.000000 0.079500 0.079500 0.079500 0.076700 0.000000 0.105000 0.150700 0.079500 0.105500 0.161000
MuntiacusC 0.128500 0.198500 0.052300 0.254400 0.076200 0.128500 0.124800 0.104100 0.077800 0.000000 0.104400 0.025300 0.125900 0.075000 0.079400 0.079500 0.025700 0.052200 0.079000 0.077800 0.079400 0.104400 0.026600 0.024900 0.104400 0.079500 0.125300 0.077800 0.079500 0.103200 0.000000 0.103700 3.303200 0.125300 0.100700 0.000000 0.104400 0.102300 0.153600 0.025900 0.026600 0.079500 0.000000 0.000000 0.000000 0.050700 0.079500 0.078800 0.125500 0.000000 0.025500 0.077800
WhiteTaile 0.128500 0.198500 0.052300 0.254400 0.076200 0.128500 0.124800 0.104100 0.077800 0.000000 0.104400 0.024800 0.125300 0.075400 0.079400 0.079500 0.026300 0.052200 0.079000 0.077800 0.079400 0.104400 0.026600 0.025100 0.104400 0.079500 0.125300 0.077800 0.079500 0.103200 0.000000 0.103700 3.303100 0.125300 0.100900 0.000000 0.104400 0.102300 0.153600 0.024800 0.025800 0.079500 0.000000 0.000000 0.000000 0.051100 0.079500 0.078800 0.125500 0.000000 0.025500 0.077800
Cattle 0.128500 0.198500 0.052300 0.254400 0.076200 0.128500 0.124800 0.104100 0.077800 0.000000 0.104400 0.025300 0.125300 0.075400 0.079400 0.079500 0.025600 0.052200 0.079000 0.077800 0.079400 0.103500 0.025800 0.025600 0.104400 0.079500 0.125300 0.077800 0.079500 0.103200 0.000000 0.103700 3.303000 0.125300 0.100900 0.000000 0.104400 0.102300 0.153600 0.025100 0.026600 0.079500 0.000000 0.000000 0.000000 0.051100 0.079500 0.078800 0.125500 0.000000 0.025500 0.077800
RoyalAntel 0.124400 0.256600 0.104300 0.282000 0.073600 0.124400 0.120900 0.100600 0.129400 0.051100 0.100900 0.075500 0.121400 0.073000 0.076600 0.076700 0.078500 0.104100 0.076300 0.129400 0.076700 0.100900 0.079400 0.076400 0.100900 0.076700 0.121400 0.129400 0.076700 0.154700 0.051100 0.100300 4.490000 0.121400 0.097700 0.051100 0.100900 0.098900 0.148700 0.077300 0.079400 0.076700 0.050700 0.051100 0.051100 0.000000 0.076700 0.076000 0.121600 0.051100 0.076300 0.129400
Steenbok 0.099000 0.295200 0.135300 0.287200 0.101800 0.099000 0.096500 0.024100 0.161000 0.079500 0.075400 0.104100 0.096900 0.048400 0.105800 0.000000 0.108800 0.135100 0.050800 0.161000 0.077200 0.075400 0.109800 0.049900 0.075400 0.000000 0.097200 0.161000 0.000000 0.187200 0.079500 0.075200 4.490000 0.096900 0.072900 0.078700 0.075400 0.128300 0.071000 0.107000 0.109800 0.000000 0.079500 0.079500 0.079500 0.076700 0.000000 0.105000 0.150700 0.079500 0.105500 0.161000
Impala 0.099400 0.257800 0.133800 0.324500 0.049000 0.098600 0.148700 0.129100 0.103200 0.078800 0.075500 0.103400 0.096800 0.099700 0.050700 0.105000 0.107700 0.134000 0.104500 0.103200 0.105000 0.075500 0.109000 0.104600 0.075500 0.105000 0.096800 0.103200 0.105000 0.128400 0.078800 0.128500 4.490000 0.096800 0.073100 0.078800 0.075500 0.074000 0.123800 0.106000 0.108900 0.105000 0.078800 0.078800 0.078800 0.076000 0.105000 0.000000 0.149800 0.078800 0.104700 0.103200
Klipspring 0.197000 0.209300 0.179900 0.368300 0.093900 0.197000 0.138800 0.173400 0.204800 0.125600 0.174300 0.148700 0.192200 0.143800 0.150800 0.150700 0.154300 0.179600 0.150200 0.204800 0.150900 0.174300 0.156100 0.150100 0.174300 0.150700 0.192200 0.204800 0.150700 0.229600 0.125500 0.172600 3.552000 0.192200 0.168700 0.125500 0.174300 0.118200 0.165900 0.152200 0.155900 0.150700 0.125500 0.125500 0.125500 0.121600 0.150700 0.149800 0.000000 0.125500 0.150400 0.204800
ForestMusk 0.128500 0.198500 0.052300 0.254400 0.076200 0.128500 0.124800 0.104100 0.077800 0.000000 0.104400 0.024900 0.125300 0.075400 0.079400 0.079500 0.025700 0.052200 0.079000 0.077800 0.079400 0.104400 0.026600 0.025600 0.104400 0.079500 0.125300 0.077800 0.079500 0.103200 0.000000 0.103700 3.303200 0.125300 0.100900 0.000000 0.104400 0.102300 0.153600 0.025000 0.026600 0.079500 0.000000 0.000000 0.000000 0.051100 0.079500 0.078800 0.125500 0.000000 0.025500 0.077800
Bushbuck 0.099800 0.197900 0.024400 0.281300 0.101200 0.099800 0.097000 0.075800 0.050000 0.025500 0.129900 0.000100 0.150000 0.048800 0.105500 0.105500 0.052300 0.078100 0.104800 0.048600 0.105500 0.129900 0.053000 0.050800 0.129900 0.105500 0.150000 0.050000 0.105500 0.074600 0.025500 0.075400 3.382300 0.150000 0.125700 0.025500 0.129900 0.127500 0.124600 0.051500 0.053000 0.105500 0.025500 0.025500 0.025500 0.076300 0.105500 0.104700 0.150400 0.025500 0.000000 0.048900
GreaterKud 0.098800 0.261200 0.024900 0.352900 0.100100 0.098800 0.148200 0.128500 0.000000 0.077800 0.128400 0.049800 0.148400 0.099200 0.160700 0.161000 0.106300 0.132400 0.160000 0.000000 0.161200 0.128400 0.107700 0.103200 0.128400 0.161000 0.148400 0.000000 0.161000 0.024000 0.077800 0.127800 4.490000 0.148400 0.124200 0.077800 0.128400 0.126000 0.123600 0.104700 0.107700 0.161000 0.077800 0.077800 0.077800 0.129400 0.161000 0.103200 0.204800 0.077800 0.048900 0.000000
