1
52 1
Argali 0.000000 0.206000 0.072000 0.223600 0.046500 0.009700 0.058400 0.053300 0.066800 0.090500 0.017900 0.065600 0.044600 0.048000 0.044600 0.047700 0.087000 0.078900 0.031100 0.065200 0.064000 0.027700 0.087000 0.081500 0.021200 0.049700 0.037800 0.073800 0.058100 0.073700 0.088900 0.047900 0.092400 0.034500 0.039600 0.061800 0.021200 0.051400 0.063200 0.099800 0.085200 0.052700 0.085200 0.081700 0.065500 0.053400 0.049800 0.043200 0.071400 0.082600 0.068700 0.066900
LesserMous 0.206000 0.000000 0.210600 0.194100 0.199500 0.210000 0.213800 0.208900 0.200200 0.187500 0.203100 0.197000 0.198800 0.200200 0.214300 0.215700 0.210800 0.204600 0.194300 0.204700 0.226500 0.198000 0.186500 0.192400 0.200900 0.208200 0.196300 0.210500 0.220000 0.208300 0.190300 0.195500 0.203000 0.196900 0.203500 0.192100 0.201300 0.200500 0.225600 0.202600 0.188800 0.215300 0.185600 0.184500 0.194000 0.207000 0.214800 0.206300 0.227900 0.209700 0.202200 0.204400
LesserKudu 0.072000 0.210600 0.000000 0.208800 0.061700 0.072000 0.073600 0.070300 0.021000 0.080900 0.059600 0.046300 0.064800 0.073500 0.068500 0.066100 0.086300 0.076500 0.056200 0.016100 0.082800 0.056000 0.075900 0.075600 0.060400 0.063000 0.059600 0.021000 0.073100 0.024200 0.086400 0.066400 0.086300 0.063200 0.065000 0.044500 0.061400 0.064900 0.076900 0.093600 0.070700 0.069600 0.079200 0.074000 0.049600 0.069800 0.064800 0.056600 0.092800 0.076900 0.025900 0.016100
KillerWhal 0.223600 0.194100 0.208800 0.000000 0.201500 0.219200 0.222600 0.211500 0.204800 0.220100 0.211700 0.203900 0.207500 0.209000 0.211600 0.218100 0.222400 0.209500 0.201100 0.209300 0.217700 0.210800 0.207800 0.213900 0.211600 0.215400 0.205200 0.208900 0.222500 0.211000 0.222600 0.212800 0.220000 0.205600 0.203900 0.194800 0.205500 0.203100 0.226100 0.238100 0.204100 0.215800 0.218000 0.207900 0.203400 0.205100 0.208800 0.197500 0.244000 0.222300 0.207000 0.198500
DefassaWat 0.046500 0.199500 0.061700 0.201500 0.000000 0.046400 0.061900 0.051800 0.063400 0.081600 0.037800 0.065500 0.044600 0.051500 0.048200 0.046300 0.086600 0.083900 0.034400 0.061800 0.062300 0.034300 0.070900 0.070900 0.037900 0.041400 0.037800 0.066900 0.053100 0.066700 0.083500 0.047900 0.085200 0.037900 0.043000 0.061800 0.037900 0.019500 0.058200 0.089000 0.074500 0.051300 0.076300 0.072800 0.065500 0.056800 0.047900 0.041500 0.073000 0.082900 0.058300 0.060000
Sheep 0.009700 0.210000 0.072000 0.219200 0.046400 0.000000 0.051500 0.053400 0.066800 0.090500 0.017900 0.065600 0.044500 0.048000 0.048100 0.044500 0.086900 0.078800 0.031100 0.065100 0.060600 0.027700 0.087000 0.081500 0.021200 0.049800 0.037700 0.073800 0.058200 0.073600 0.088800 0.047800 0.092400 0.037800 0.039600 0.058200 0.021200 0.051400 0.063300 0.103400 0.085200 0.056300 0.085200 0.081700 0.065400 0.055000 0.050000 0.043200 0.071500 0.082700 0.068700 0.066900
MaxwellsDu 0.058400 0.213800 0.073600 0.222600 0.061900 0.051500 0.000000 0.069000 0.075400 0.095700 0.049600 0.077800 0.056500 0.032600 0.065200 0.059800 0.099400 0.089500 0.046200 0.073800 0.079900 0.049400 0.088900 0.086700 0.049600 0.065400 0.049600 0.078900 0.073700 0.082300 0.092100 0.029200 0.104900 0.049700 0.054900 0.068800 0.047900 0.066900 0.082500 0.104500 0.088900 0.071900 0.093900 0.086900 0.077600 0.065300 0.065500 0.051700 0.084000 0.095400 0.077300 0.072000
GazellaPrz 0.053300 0.208900 0.070300 0.211500 0.051800 0.053400 0.069000 0.000000 0.068900 0.089000 0.041300 0.067600 0.051600 0.058500 0.051700 0.031100 0.089000 0.077400 0.041300 0.067200 0.046800 0.047900 0.085500 0.083700 0.044800 0.033000 0.048100 0.072300 0.041200 0.075700 0.087400 0.058400 0.091000 0.048200 0.046500 0.063800 0.044800 0.053300 0.049700 0.102000 0.080100 0.039400 0.083700 0.082000 0.067500 0.060400 0.033000 0.048400 0.077200 0.085000 0.070700 0.065400
MountainNy 0.066800 0.200200 0.021000 0.204800 0.063400 0.066800 0.075400 0.068900 0.000000 0.079200 0.058000 0.037900 0.066600 0.071800 0.063200 0.064800 0.084500 0.073000 0.051100 0.008000 0.084900 0.050900 0.069000 0.070400 0.058000 0.061600 0.061400 0.016100 0.071800 0.016100 0.081100 0.064700 0.081100 0.061500 0.063300 0.039500 0.056300 0.066700 0.075200 0.084700 0.063700 0.071600 0.077500 0.072300 0.044500 0.068200 0.067000 0.061800 0.091100 0.071500 0.014500 0.017700
MuntiacusM 0.090500 0.187500 0.080900 0.220100 0.081600 0.090500 0.095700 0.089000 0.079200 0.000000 0.077600 0.076300 0.079500 0.088300 0.090400 0.081200 0.091800 0.085500 0.074100 0.074000 0.105600 0.077300 0.037800 0.044500 0.077700 0.078100 0.077600 0.082700 0.095500 0.089700 0.014500 0.084600 0.086600 0.081400 0.086800 0.072600 0.076000 0.084900 0.099000 0.061800 0.039600 0.088200 0.004800 0.042900 0.070800 0.088300 0.079900 0.081700 0.115800 0.089900 0.081100 0.074000
goat 0.017900 0.203100 0.059600 0.211700 0.037800 0.017900 0.049600 0.041300 0.058000 0.077600 0.000000 0.056700 0.036000 0.039400 0.039400 0.039300 0.081200 0.069700 0.019400 0.056300 0.055100 0.016100 0.077700 0.072400 0.006400 0.041100 0.029300 0.064800 0.049400 0.064700 0.076000 0.039200 0.083100 0.029400 0.031100 0.052900 0.009700 0.042700 0.054500 0.093900 0.076000 0.047600 0.072400 0.072500 0.056600 0.046300 0.041300 0.034600 0.062500 0.073500 0.059800 0.058000
AfricanBuf 0.065600 0.197000 0.046300 0.203900 0.065500 0.065600 0.077800 0.067600 0.037900 0.076300 0.056700 0.000000 0.058500 0.070700 0.062100 0.063600 0.079600 0.069800 0.056700 0.039600 0.080200 0.059900 0.074800 0.069200 0.057600 0.064000 0.056700 0.044600 0.074100 0.041200 0.078200 0.070500 0.076400 0.056900 0.062100 0.021300 0.055100 0.068900 0.075900 0.090800 0.069500 0.070500 0.074600 0.071100 0.026200 0.060500 0.062100 0.058800 0.088100 0.063300 0.041300 0.043000
Topi 0.044600 0.198800 0.064800 0.207500 0.044600 0.044500 0.056500 0.051600 0.066600 0.079500 0.036000 0.058500 0.000000 0.042800 0.049700 0.049400 0.086700 0.084000 0.036000 0.061500 0.065600 0.039200 0.079500 0.081300 0.036000 0.051500 0.009700 0.066600 0.059700 0.070000 0.079700 0.046000 0.088500 0.012900 0.034400 0.058100 0.036000 0.049500 0.061400 0.097600 0.081400 0.054500 0.077800 0.074400 0.061800 0.048000 0.044700 0.038000 0.066100 0.082600 0.065000 0.056300
CommonDuik 0.048000 0.200200 0.073500 0.209000 0.051500 0.048000 0.032600 0.058500 0.071800 0.088300 0.039400 0.070700 0.042800 0.000000 0.056500 0.052900 0.095600 0.089400 0.039400 0.070200 0.072700 0.042600 0.081600 0.083000 0.039400 0.055000 0.036000 0.075300 0.063200 0.078700 0.084800 0.016000 0.093900 0.036100 0.044600 0.065300 0.039400 0.056400 0.071900 0.097100 0.081600 0.064900 0.086600 0.079700 0.070500 0.058300 0.055000 0.044800 0.073200 0.088100 0.073700 0.068400
Suni 0.044600 0.214300 0.068500 0.211600 0.048200 0.048100 0.065200 0.051700 0.063200 0.090400 0.039400 0.062100 0.049700 0.056500 0.000000 0.046200 0.072700 0.080400 0.036000 0.065000 0.060500 0.046000 0.081800 0.081400 0.042800 0.048200 0.042800 0.066800 0.056500 0.063100 0.088700 0.056300 0.084900 0.039500 0.041300 0.060200 0.041100 0.056600 0.053000 0.099700 0.076400 0.054700 0.085100 0.079800 0.065400 0.053200 0.048300 0.046500 0.073200 0.082500 0.061500 0.063300
Springbuck 0.047700 0.215700 0.066100 0.218100 0.046300 0.044500 0.059800 0.031100 0.064800 0.081200 0.039300 0.063600 0.049400 0.052900 0.046200 0.000000 0.084700 0.080300 0.035900 0.063200 0.041300 0.042500 0.081200 0.075900 0.039300 0.022700 0.042600 0.068300 0.029200 0.071600 0.079500 0.052700 0.088500 0.042700 0.041100 0.059700 0.039300 0.051200 0.047600 0.098400 0.075800 0.034100 0.075900 0.077800 0.060000 0.054800 0.028400 0.043000 0.071300 0.080700 0.066700 0.061400
Okapi 0.087000 0.210800 0.086300 0.222400 0.086600 0.086900 0.099400 0.089000 0.084500 0.091800 0.081200 0.079600 0.086700 0.095600 0.072700 0.084700 0.000000 0.046600 0.077600 0.082800 0.098300 0.084400 0.079600 0.086400 0.084600 0.088700 0.081200 0.086300 0.095600 0.080800 0.093700 0.091800 0.077500 0.077800 0.079700 0.074300 0.083100 0.093600 0.091800 0.099200 0.081400 0.095500 0.090000 0.084800 0.076000 0.086900 0.090700 0.081700 0.121500 0.086100 0.081000 0.077400
Giraffe 0.078900 0.204600 0.076500 0.209500 0.083900 0.078800 0.089500 0.077400 0.073000 0.085500 0.069700 0.069800 0.084000 0.089400 0.080400 0.080300 0.046600 0.000000 0.067800 0.073000 0.093900 0.078200 0.080500 0.076600 0.073000 0.080700 0.078500 0.076500 0.087500 0.076300 0.087500 0.085500 0.073100 0.078700 0.069900 0.066200 0.071500 0.087300 0.087100 0.096700 0.075100 0.085600 0.083800 0.076700 0.068000 0.080500 0.079000 0.071800 0.111600 0.077800 0.073000 0.073000
TibetanAnt 0.031100 0.194300 0.056200 0.201100 0.034400 0.031100 0.046200 0.041300 0.051100 0.074100 0.019400 0.056700 0.036000 0.039400 0.036000 0.035900 0.077600 0.067800 0.000000 0.049500 0.055100 0.016100 0.074100 0.072300 0.019500 0.034400 0.029300 0.057900 0.042700 0.054400 0.069000 0.035800 0.079500 0.029400 0.031100 0.052800 0.016200 0.039400 0.054500 0.090300 0.068800 0.040800 0.068900 0.069000 0.056500 0.041200 0.034500 0.031200 0.062500 0.073400 0.049500 0.051200
Sitatunga 0.065200 0.204700 0.016100 0.209300 0.061800 0.065100 0.073800 0.067200 0.008000 0.074000 0.056300 0.039600 0.061500 0.070200 0.065000 0.063200 0.082800 0.073000 0.049500 0.000000 0.083200 0.049300 0.072600 0.072300 0.056400 0.060000 0.056300 0.017700 0.069900 0.017700 0.079400 0.063100 0.082900 0.059900 0.061700 0.037800 0.054700 0.065000 0.073500 0.090200 0.067300 0.069900 0.072300 0.074200 0.042900 0.063000 0.061900 0.060100 0.089400 0.069800 0.016200 0.012900
Oribi 0.064000 0.226500 0.082800 0.217700 0.062300 0.060600 0.079900 0.046800 0.084900 0.105600 0.055100 0.080200 0.065600 0.072700 0.060500 0.041300 0.098300 0.093900 0.055100 0.083200 0.000000 0.058400 0.102200 0.098300 0.058700 0.046700 0.058500 0.084800 0.051500 0.091900 0.104000 0.072600 0.103700 0.058700 0.058700 0.079900 0.058700 0.065600 0.053200 0.119000 0.096700 0.049700 0.100200 0.093000 0.083600 0.074700 0.046700 0.055500 0.090000 0.101800 0.086800 0.074200
BarbaryShe 0.027700 0.198000 0.056000 0.210800 0.034300 0.027700 0.049400 0.047900 0.050900 0.077300 0.016100 0.059900 0.039200 0.042600 0.046000 0.042500 0.084400 0.078200 0.016100 0.049300 0.058400 0.000000 0.073800 0.072000 0.016100 0.037600 0.032500 0.057700 0.049200 0.057600 0.075700 0.035700 0.082700 0.032600 0.037600 0.056100 0.016100 0.039200 0.050900 0.089900 0.072100 0.047400 0.072100 0.072200 0.059800 0.051200 0.041100 0.037800 0.060500 0.080300 0.049300 0.051000
Daviddeer 0.087000 0.186500 0.075900 0.207800 0.070900 0.087000 0.088900 0.085500 0.069000 0.037800 0.077700 0.074800 0.079500 0.081600 0.081800 0.081200 0.079600 0.080500 0.074100 0.072600 0.102200 0.073800 0.000000 0.034500 0.077800 0.074500 0.074100 0.076000 0.084800 0.077600 0.037900 0.074200 0.081500 0.074300 0.079700 0.065900 0.076000 0.077800 0.088300 0.049900 0.014600 0.084700 0.036200 0.036300 0.071100 0.086900 0.083600 0.076700 0.112400 0.084800 0.069000 0.069000
Reindeer 0.081500 0.192400 0.075600 0.213900 0.070900 0.081500 0.086700 0.083700 0.070400 0.044500 0.072400 0.069200 0.081300 0.083000 0.081400 0.075900 0.086400 0.076600 0.072300 0.072300 0.098300 0.072000 0.034500 0.000000 0.072500 0.072700 0.075900 0.072100 0.086500 0.077300 0.046300 0.075700 0.079400 0.076100 0.077900 0.067300 0.070700 0.070800 0.090000 0.042900 0.035300 0.079300 0.042900 0.017900 0.069100 0.082700 0.081800 0.076400 0.106600 0.080800 0.068700 0.067000
Ibex 0.021200 0.200900 0.060400 0.211600 0.037900 0.021200 0.049600 0.044800 0.058000 0.077700 0.006400 0.057600 0.036000 0.039400 0.042800 0.039300 0.084600 0.073000 0.019500 0.056400 0.058700 0.016100 0.077800 0.072500 0.000000 0.041200 0.029300 0.064900 0.049500 0.064800 0.076100 0.039300 0.083200 0.029400 0.034500 0.052800 0.009700 0.042800 0.058000 0.094100 0.076000 0.047600 0.072500 0.072600 0.056500 0.046400 0.041300 0.034600 0.062600 0.070000 0.059700 0.058100
GyrantGaze 0.049700 0.208200 0.063000 0.215400 0.041400 0.049800 0.065400 0.033000 0.061600 0.078100 0.041100 0.064000 0.051500 0.055000 0.048200 0.022700 0.088700 0.080700 0.034400 0.060000 0.046700 0.037600 0.074500 0.072700 0.041200 0.000000 0.044600 0.065200 0.031000 0.068400 0.076400 0.051400 0.087100 0.044600 0.043100 0.060100 0.041200 0.046400 0.046200 0.090800 0.069100 0.022700 0.072800 0.074700 0.063800 0.056900 0.029600 0.045000 0.071800 0.081200 0.059900 0.056500
Hartebeest 0.037800 0.196300 0.059600 0.205200 0.037800 0.037700 0.049600 0.048100 0.061400 0.077600 0.029300 0.056700 0.009700 0.036000 0.042800 0.042600 0.081200 0.078500 0.029300 0.056300 0.058500 0.032500 0.074100 0.075900 0.029300 0.044600 0.000000 0.061400 0.052800 0.064700 0.079500 0.039200 0.083100 0.006400 0.027700 0.056300 0.029300 0.046100 0.057900 0.092100 0.075900 0.051000 0.075900 0.069000 0.060000 0.041200 0.041200 0.031200 0.059000 0.077100 0.059800 0.051100
Bongo 0.073800 0.210500 0.021000 0.208900 0.066900 0.073800 0.078900 0.072300 0.016100 0.082700 0.064800 0.044600 0.066600 0.075300 0.066800 0.068300 0.086300 0.076500 0.057900 0.017700 0.084800 0.057700 0.076000 0.072100 0.064900 0.065200 0.061400 0.000000 0.075200 0.022600 0.084600 0.068200 0.084600 0.061500 0.066700 0.046200 0.063200 0.068500 0.078700 0.091800 0.072400 0.071700 0.081000 0.070500 0.051300 0.075100 0.070500 0.061700 0.094700 0.078600 0.024300 0.017700
Gerenuk 0.058100 0.220000 0.073100 0.222500 0.053100 0.058200 0.073700 0.041200 0.071800 0.095500 0.049400 0.074100 0.059700 0.063200 0.056500 0.029200 0.095600 0.087500 0.042700 0.069900 0.051500 0.049200 0.084800 0.086500 0.049500 0.031000 0.052800 0.075200 0.000000 0.078600 0.090300 0.059600 0.092000 0.052900 0.047900 0.066700 0.046100 0.058000 0.052700 0.104800 0.083000 0.040800 0.090200 0.085000 0.073900 0.065200 0.034400 0.053300 0.080200 0.087800 0.073600 0.068300
CommonElan 0.073700 0.208300 0.024200 0.211000 0.066700 0.073600 0.082300 0.075700 0.016100 0.089700 0.064700 0.041200 0.070000 0.078700 0.063100 0.071600 0.080800 0.076300 0.054400 0.017700 0.091900 0.057600 0.077600 0.077300 0.064800 0.068400 0.064700 0.022600 0.078600 0.000000 0.091700 0.071500 0.080900 0.064800 0.066600 0.042700 0.063100 0.073500 0.078600 0.095300 0.075900 0.075000 0.088000 0.079200 0.047800 0.071600 0.073900 0.068600 0.098200 0.074800 0.016100 0.024200
MuntiacusR 0.088900 0.190300 0.086400 0.222600 0.083500 0.088800 0.092100 0.087400 0.081100 0.014500 0.076000 0.078200 0.079700 0.084800 0.088700 0.079500 0.093700 0.087500 0.069000 0.079400 0.104000 0.075700 0.037900 0.046300 0.076100 0.076400 0.079500 0.084600 0.090300 0.091700 0.000000 0.081000 0.088500 0.079700 0.085200 0.074500 0.070900 0.086900 0.097400 0.063600 0.041300 0.086600 0.012900 0.044700 0.072700 0.090300 0.078300 0.080100 0.114200 0.091800 0.083000 0.079400
HarveysDui 0.047900 0.195500 0.066400 0.212800 0.047900 0.047800 0.029200 0.058400 0.064700 0.084600 0.039200 0.070500 0.046000 0.016000 0.056300 0.052700 0.091800 0.085500 0.035800 0.063100 0.072600 0.035700 0.074200 0.075700 0.039300 0.051400 0.039200 0.068200 0.059600 0.071500 0.081000 0.000000 0.083100 0.039300 0.044400 0.065100 0.039300 0.052800 0.061300 0.089600 0.074200 0.061300 0.082800 0.075800 0.066800 0.058100 0.054800 0.041100 0.071300 0.084100 0.066600 0.061300
Pronghorn 0.092400 0.203000 0.086300 0.220000 0.085200 0.092400 0.104900 0.091000 0.081100 0.086600 0.083100 0.076400 0.088500 0.093900 0.084900 0.088500 0.077500 0.073100 0.079500 0.082900 0.103700 0.082700 0.081500 0.079400 0.083200 0.087100 0.083100 0.084600 0.092000 0.080900 0.088500 0.083100 0.000000 0.083300 0.085200 0.078000 0.083200 0.088600 0.097300 0.097500 0.079800 0.093700 0.084800 0.081300 0.079700 0.092500 0.092700 0.081900 0.111900 0.082500 0.081100 0.079300
BlueWildeb 0.034500 0.196900 0.063200 0.205600 0.037900 0.037800 0.049700 0.048200 0.061500 0.081400 0.029400 0.056900 0.012900 0.036100 0.039500 0.042700 0.077800 0.078700 0.029400 0.059900 0.058700 0.032600 0.074300 0.076100 0.029400 0.044600 0.006400 0.061500 0.052900 0.064800 0.079700 0.039300 0.083300 0.000000 0.027800 0.056500 0.029400 0.046200 0.058000 0.092300 0.076100 0.051100 0.079600 0.069200 0.060100 0.044700 0.044700 0.031300 0.059100 0.077300 0.059900 0.054700
Gemsbok 0.039600 0.203500 0.065000 0.203900 0.043000 0.039600 0.054900 0.046500 0.063300 0.086800 0.031100 0.062100 0.034400 0.044600 0.041300 0.041100 0.079700 0.069900 0.031100 0.061700 0.058700 0.037600 0.079700 0.077900 0.034500 0.043100 0.027700 0.066700 0.047900 0.066600 0.085200 0.044400 0.085200 0.027800 0.000000 0.058200 0.034500 0.051400 0.049600 0.094200 0.078000 0.052900 0.085100 0.074500 0.061900 0.049900 0.039700 0.036400 0.064500 0.075600 0.061700 0.059900
Yak 0.061800 0.192100 0.044500 0.194800 0.061800 0.058200 0.068800 0.063800 0.039500 0.072600 0.052900 0.021300 0.058100 0.065300 0.060200 0.059700 0.074300 0.066200 0.052800 0.037800 0.079900 0.056100 0.065900 0.067300 0.052800 0.060100 0.056300 0.046200 0.066700 0.042700 0.074500 0.065100 0.078000 0.056500 0.058200 0.000000 0.051300 0.065100 0.073700 0.088800 0.064100 0.066600 0.070900 0.069200 0.011400 0.058600 0.056600 0.055200 0.087800 0.057800 0.039500 0.041200
BlueSheep 0.021200 0.201300 0.061400 0.205500 0.037900 0.021200 0.047900 0.044800 0.056300 0.076000 0.009700 0.055100 0.036000 0.039400 0.041100 0.039300 0.083100 0.071500 0.016200 0.054700 0.058700 0.016100 0.076000 0.070700 0.009700 0.041200 0.029300 0.063200 0.046100 0.063100 0.070900 0.039300 0.083200 0.029400 0.034500 0.051300 0.000000 0.042800 0.058000 0.092300 0.074300 0.047600 0.070800 0.070900 0.054900 0.044700 0.034600 0.034600 0.062600 0.071800 0.058100 0.056400
BohorReedb 0.051400 0.200500 0.064900 0.203100 0.019500 0.051400 0.066900 0.053300 0.066700 0.084900 0.042700 0.068900 0.049500 0.056400 0.056600 0.051200 0.093600 0.087300 0.039400 0.065000 0.065600 0.039200 0.077800 0.070800 0.042800 0.046400 0.046100 0.068500 0.058000 0.073500 0.086900 0.052800 0.088600 0.046200 0.051400 0.065100 0.042800 0.000000 0.063200 0.094200 0.077800 0.052800 0.079700 0.072700 0.068900 0.061800 0.052900 0.046500 0.078000 0.086400 0.065100 0.061600
KirksDik 0.063200 0.225600 0.076900 0.226100 0.058200 0.063300 0.082500 0.049700 0.075200 0.099000 0.054500 0.075900 0.061400 0.071900 0.053000 0.047600 0.091800 0.087100 0.054500 0.073500 0.053200 0.050900 0.088300 0.090000 0.058000 0.046200 0.057900 0.078700 0.052700 0.078600 0.097400 0.061300 0.097300 0.058000 0.049600 0.073700 0.058000 0.063200 0.000000 0.104700 0.086500 0.052600 0.093700 0.092000 0.073900 0.073800 0.046200 0.056500 0.078300 0.095100 0.073600 0.068300
RoeDeer 0.099800 0.202600 0.093600 0.238100 0.089000 0.103400 0.104500 0.102000 0.084700 0.061800 0.093900 0.090800 0.097600 0.097100 0.099700 0.098400 0.099200 0.096700 0.090300 0.090200 0.119000 0.089900 0.049900 0.042900 0.094100 0.090800 0.092100 0.091800 0.104800 0.095300 0.063600 0.089600 0.097500 0.092300 0.094200 0.088800 0.092300 0.094200 0.104700 0.000000 0.051700 0.097400 0.060100 0.044600 0.090600 0.103500 0.100100 0.095600 0.121900 0.095600 0.086600 0.086500
WhiteLippe 0.085200 0.188800 0.070700 0.204100 0.074500 0.085200 0.088900 0.080100 0.063700 0.039600 0.076000 0.069500 0.081400 0.081600 0.076400 0.075800 0.081400 0.075100 0.068800 0.067300 0.096700 0.072100 0.014600 0.035300 0.076000 0.069100 0.075900 0.072400 0.083000 0.075900 0.041300 0.074200 0.079800 0.076100 0.078000 0.064100 0.074300 0.077800 0.086500 0.051700 0.000000 0.077400 0.037900 0.038000 0.064100 0.081500 0.078200 0.071400 0.110600 0.079400 0.067300 0.063700
ThomsonGaz 0.052700 0.215300 0.069600 0.215800 0.051300 0.056300 0.071900 0.039400 0.071600 0.088200 0.047600 0.070500 0.054500 0.064900 0.054700 0.034100 0.095500 0.085600 0.040800 0.069900 0.049700 0.047400 0.084700 0.079300 0.047600 0.022700 0.051000 0.071700 0.040800 0.075000 0.086600 0.061300 0.093700 0.051100 0.052900 0.066600 0.047600 0.052800 0.052600 0.097400 0.077400 0.000000 0.082900 0.081300 0.068600 0.061600 0.039400 0.048100 0.081900 0.087800 0.069900 0.064800
MuntiacusC 0.085200 0.185600 0.079200 0.218000 0.076300 0.085200 0.093900 0.083700 0.077500 0.004800 0.072400 0.074600 0.077800 0.086600 0.085100 0.075900 0.090000 0.083800 0.068900 0.072300 0.100200 0.072100 0.036200 0.042900 0.072500 0.072800 0.075900 0.081000 0.090200 0.088000 0.012900 0.082800 0.084800 0.079600 0.085100 0.070900 0.070800 0.079700 0.093700 0.060100 0.037900 0.082900 0.000000 0.041300 0.069100 0.086600 0.074700 0.080000 0.114000 0.088100 0.079400 0.072300
WhiteTaile 0.081700 0.184500 0.074000 0.207900 0.072800 0.081700 0.086900 0.082000 0.072300 0.042900 0.072500 0.071100 0.074400 0.079700 0.079800 0.077800 0.084800 0.076700 0.069000 0.074200 0.093000 0.072200 0.036300 0.017900 0.072600 0.074700 0.069000 0.070500 0.085000 0.079200 0.044700 0.075800 0.081300 0.069200 0.074500 0.069200 0.070900 0.072700 0.092000 0.044600 0.038000 0.081300 0.041300 0.000000 0.070900 0.083500 0.080100 0.071000 0.108700 0.082700 0.070700 0.065400
Cattle 0.065500 0.194000 0.049600 0.203400 0.065500 0.065400 0.077600 0.067500 0.044500 0.070800 0.056600 0.026200 0.061800 0.070500 0.065400 0.060000 0.076000 0.068000 0.056500 0.042900 0.083600 0.059800 0.071100 0.069100 0.056500 0.063800 0.060000 0.051300 0.073900 0.047800 0.072700 0.066800 0.079700 0.060100 0.061900 0.011400 0.054900 0.068900 0.073900 0.090600 0.064100 0.068600 0.069100 0.070900 0.000000 0.063800 0.060400 0.056900 0.091600 0.059500 0.044600 0.046300
RoyalAntel 0.053400 0.207000 0.069800 0.205100 0.056800 0.055000 0.065300 0.060400 0.068200 0.088300 0.046300 0.060500 0.048000 0.058300 0.053200 0.054800 0.086900 0.080500 0.041200 0.063000 0.074700 0.051200 0.086900 0.082700 0.046400 0.056900 0.041200 0.075100 0.065200 0.071600 0.090300 0.058100 0.092500 0.044700 0.049900 0.058600 0.044700 0.061800 0.073800 0.103500 0.081500 0.061600 0.086600 0.083500 0.063800 0.000000 0.053500 0.046600 0.075300 0.079400 0.070000 0.061200
Steenbok 0.049800 0.214800 0.064800 0.208800 0.047900 0.050000 0.065500 0.033000 0.067000 0.079900 0.041300 0.062100 0.044700 0.055000 0.048300 0.028400 0.090700 0.079000 0.034500 0.061900 0.046700 0.041100 0.083600 0.081800 0.041300 0.029600 0.041200 0.070500 0.034400 0.073900 0.078300 0.054800 0.092700 0.044700 0.039700 0.056600 0.034600 0.052900 0.046200 0.100100 0.078200 0.039400 0.074700 0.080100 0.060400 0.053500 0.000000 0.045700 0.073400 0.081400 0.068900 0.060100
Impala 0.043200 0.206300 0.056600 0.197500 0.041500 0.043200 0.051700 0.048400 0.061800 0.081700 0.034600 0.058800 0.038000 0.044800 0.046500 0.043000 0.081700 0.071800 0.031200 0.060100 0.055500 0.037800 0.076700 0.076400 0.034600 0.045000 0.031200 0.061700 0.053300 0.068600 0.080100 0.041100 0.081900 0.031300 0.036400 0.055200 0.034600 0.046500 0.056500 0.095600 0.071400 0.048100 0.080000 0.071000 0.056900 0.046600 0.045700 0.000000 0.064500 0.074100 0.063600 0.054900
Klipspring 0.071400 0.227900 0.092800 0.244000 0.073000 0.071500 0.084000 0.077200 0.091100 0.115800 0.062500 0.088100 0.066100 0.073200 0.073200 0.071300 0.121500 0.111600 0.062500 0.089400 0.090000 0.060500 0.112400 0.106600 0.062600 0.071800 0.059000 0.094700 0.080200 0.098200 0.114200 0.071300 0.111900 0.059100 0.064500 0.087800 0.062600 0.078000 0.078300 0.121900 0.110600 0.081900 0.114000 0.108700 0.091600 0.075300 0.073400 0.064500 0.000000 0.110300 0.093000 0.087500
ForestMusk 0.082600 0.209700 0.076900 0.222300 0.082900 0.082700 0.095400 0.085000 0.071500 0.089900 0.073500 0.063300 0.082600 0.088100 0.082500 0.080700 0.086100 0.077800 0.073400 0.069800 0.101800 0.080300 0.084800 0.080800 0.070000 0.081200 0.077100 0.078600 0.087800 0.074800 0.091800 0.084100 0.082500 0.077300 0.075600 0.057800 0.071800 0.086400 0.095100 0.095600 0.079400 0.087800 0.088100 0.082700 0.059500 0.079400 0.081400 0.074100 0.110300 0.000000 0.071500 0.073400
Bushbuck 0.068700 0.202200 0.025900 0.207000 0.058300 0.068700 0.077300 0.070700 0.014500 0.081100 0.059800 0.041300 0.065000 0.073700 0.061500 0.066700 0.081000 0.073000 0.049500 0.016200 0.086800 0.049300 0.069000 0.068700 0.059700 0.059900 0.059800 0.024300 0.073600 0.016100 0.083000 0.066600 0.081100 0.059900 0.061700 0.039500 0.058100 0.065100 0.073600 0.086600 0.067300 0.069900 0.079400 0.070700 0.044600 0.070000 0.068900 0.063600 0.093000 0.071500 0.000000 0.022700
GreaterKud 0.066900 0.204400 0.016100 0.198500 0.060000 0.066900 0.072000 0.065400 0.017700 0.074000 0.058000 0.043000 0.056300 0.068400 0.063300 0.061400 0.077400 0.073000 0.051200 0.012900 0.074200 0.051000 0.069000 0.067000 0.058100 0.056500 0.051100 0.017700 0.068300 0.024200 0.079400 0.061300 0.079300 0.054700 0.059900 0.041200 0.056400 0.061600 0.068300 0.086500 0.063700 0.064800 0.072300 0.065400 0.046300 0.061200 0.060100 0.054900 0.087500 0.073400 0.022700 0.000000
