1
52 1
Argali 0.000000 0.231800 0.046500 0.244400 0.070600 0.007600 0.030800 0.054200 0.054400 0.071100 0.015300 0.023000 0.046600 0.031000 0.038500 0.030800 0.128900 0.111800 0.015100 0.054500 0.046600 0.010000 0.063500 0.104600 0.030800 0.038600 0.030800 0.046400 0.015300 0.046600 0.079400 0.030400 0.054600 0.038700 0.054500 0.026100 0.015300 0.055000 0.054400 0.079500 0.063500 0.054400 0.071100 0.079300 0.046400 0.023200 0.030700 0.079900 0.071200 0.015200 0.054800 0.038700
LesserMous 0.231800 0.000000 0.242600 0.258100 0.232400 0.242400 0.252900 0.293400 0.251900 0.255000 0.253000 0.213300 0.253300 0.244900 0.250700 0.263200 0.262300 0.281500 0.242500 0.232500 0.282600 0.232700 0.226000 0.253300 0.252100 0.253300 0.233800 0.241800 0.242000 0.242400 0.245100 0.210900 0.234600 0.224000 0.294700 0.223500 0.233300 0.224600 0.292200 0.243700 0.225600 0.273300 0.275800 0.242900 0.221900 0.252800 0.260800 0.310600 0.296500 0.222500 0.274300 0.232800
LesserKudu 0.046500 0.242600 0.000000 0.277700 0.103600 0.054600 0.062700 0.086800 0.037900 0.104400 0.062800 0.022800 0.085000 0.062900 0.068500 0.062700 0.138400 0.121200 0.062200 0.022600 0.077400 0.046700 0.079000 0.121500 0.062600 0.087200 0.066700 0.015000 0.062400 0.030300 0.095900 0.060900 0.093500 0.075300 0.087000 0.030600 0.063000 0.087300 0.102500 0.096200 0.079800 0.103800 0.104400 0.095800 0.030500 0.051700 0.077100 0.131300 0.102200 0.046200 0.053800 0.022600
KillerWhal 0.244400 0.258100 0.277700 0.000000 0.247800 0.255100 0.267000 0.288700 0.267100 0.250500 0.246100 0.266100 0.259100 0.260600 0.289900 0.238500 0.289300 0.311000 0.256200 0.267700 0.256400 0.237300 0.238500 0.258600 0.265400 0.267900 0.239100 0.277100 0.256700 0.258200 0.260800 0.215300 0.290600 0.229600 0.311200 0.266800 0.247300 0.250100 0.268600 0.238600 0.236100 0.278300 0.270900 0.257800 0.276600 0.249500 0.237900 0.301000 0.335600 0.256300 0.290500 0.247200
DefassaWat 0.070600 0.232400 0.103600 0.247800 0.000000 0.078800 0.087300 0.094700 0.111900 0.095800 0.087300 0.078600 0.121000 0.087600 0.062300 0.054400 0.183300 0.147500 0.086300 0.112100 0.070500 0.085400 0.088100 0.112800 0.104300 0.062300 0.103900 0.103200 0.054400 0.103900 0.087500 0.069700 0.095700 0.112500 0.112000 0.084500 0.071100 0.030900 0.095100 0.087600 0.088100 0.070200 0.095700 0.104000 0.086700 0.046600 0.070300 0.105000 0.079000 0.086400 0.112600 0.095300
Sheep 0.007600 0.242400 0.054600 0.255100 0.078800 0.000000 0.038700 0.062300 0.062500 0.079400 0.023000 0.030800 0.054600 0.038900 0.046400 0.038700 0.138000 0.120700 0.022800 0.062600 0.054600 0.020000 0.071900 0.113200 0.038700 0.046600 0.038700 0.054400 0.023000 0.054600 0.087800 0.038200 0.062800 0.046700 0.062600 0.034900 0.023100 0.063200 0.062500 0.087900 0.071800 0.062500 0.079300 0.087700 0.054300 0.031000 0.038500 0.088300 0.079600 0.022900 0.062900 0.046600
MaxwellsDu 0.030800 0.252900 0.062700 0.267000 0.087300 0.038700 0.000000 0.087000 0.087200 0.071300 0.046700 0.038700 0.062900 0.031100 0.054500 0.062900 0.129200 0.112200 0.046400 0.054600 0.079300 0.044400 0.080200 0.122000 0.062900 0.070900 0.046800 0.062400 0.046800 0.062800 0.096400 0.030500 0.087700 0.054800 0.054500 0.043300 0.046900 0.071500 0.070600 0.096500 0.080300 0.087300 0.087900 0.096200 0.062500 0.039000 0.062700 0.114300 0.087900 0.046400 0.071100 0.054600
GazellaPrz 0.054200 0.293400 0.086800 0.288700 0.094700 0.062300 0.087000 0.000000 0.062000 0.121000 0.070600 0.078400 0.086800 0.087200 0.062000 0.038400 0.164400 0.164800 0.069800 0.078400 0.046300 0.068600 0.113600 0.156300 0.087100 0.062100 0.070400 0.070000 0.038400 0.086900 0.129700 0.085700 0.112100 0.078600 0.111700 0.085000 0.070800 0.079000 0.094900 0.112700 0.113400 0.078300 0.120900 0.129500 0.086400 0.062500 0.054000 0.096000 0.095200 0.069900 0.062400 0.078600
MountainNy 0.054400 0.251900 0.037900 0.267100 0.111900 0.062500 0.087200 0.062000 0.000000 0.104100 0.070800 0.046100 0.093300 0.087400 0.077000 0.054400 0.147100 0.129600 0.070100 0.030200 0.060700 0.054600 0.078800 0.121400 0.070600 0.095300 0.077200 0.022500 0.070500 0.053600 0.095700 0.085300 0.102200 0.085600 0.112100 0.054200 0.071000 0.112800 0.093900 0.095900 0.079600 0.103400 0.104100 0.095600 0.053900 0.060100 0.085400 0.131100 0.130100 0.054000 0.045800 0.045500
MuntiacusM 0.071100 0.255000 0.104400 0.250500 0.095800 0.079400 0.071300 0.121000 0.104100 0.000000 0.088000 0.079200 0.104800 0.071600 0.087300 0.087800 0.139400 0.130900 0.087000 0.087500 0.087400 0.086300 0.039000 0.087400 0.105100 0.096000 0.088000 0.095500 0.087900 0.104700 0.023100 0.054200 0.130700 0.079700 0.096000 0.085400 0.088300 0.096800 0.095300 0.054700 0.039000 0.104400 0.015300 0.062600 0.104100 0.063300 0.104400 0.149500 0.131300 0.087000 0.104800 0.096000
goat 0.015300 0.253000 0.062800 0.246100 0.087300 0.023000 0.046700 0.070600 0.070800 0.088000 0.000000 0.038700 0.062900 0.047000 0.054500 0.046800 0.129900 0.112800 0.030700 0.070900 0.062900 0.013300 0.080400 0.105000 0.015300 0.054700 0.046800 0.062600 0.030900 0.046800 0.096500 0.046200 0.071100 0.054900 0.070900 0.043900 0.015400 0.071600 0.054600 0.096600 0.080300 0.070900 0.087900 0.096300 0.062500 0.039000 0.030800 0.097000 0.088100 0.030700 0.071200 0.038800
AfricanBuf 0.023000 0.213300 0.022800 0.266100 0.078600 0.030800 0.038700 0.078400 0.046100 0.079200 0.038700 0.000000 0.070600 0.038800 0.043700 0.054500 0.112300 0.095500 0.038300 0.030500 0.068200 0.023000 0.055100 0.095800 0.038600 0.062500 0.054600 0.022700 0.035200 0.038400 0.070900 0.038200 0.062600 0.062600 0.062400 0.007500 0.038800 0.063000 0.076500 0.087600 0.055100 0.078700 0.079100 0.070900 0.022800 0.026400 0.051300 0.105000 0.079400 0.022800 0.046400 0.015100
Topi 0.046600 0.253300 0.085000 0.259100 0.121000 0.054600 0.062900 0.086800 0.093300 0.104800 0.062900 0.070600 0.000000 0.063100 0.087000 0.062800 0.155900 0.138500 0.062200 0.076300 0.079100 0.060400 0.121600 0.139300 0.079400 0.087200 0.023100 0.084500 0.062700 0.084900 0.130700 0.061900 0.104200 0.030900 0.087100 0.076400 0.063100 0.104900 0.103700 0.113600 0.114200 0.103900 0.121800 0.112900 0.078700 0.071300 0.078800 0.131300 0.113300 0.062200 0.092600 0.076600
CommonDuik 0.031000 0.244900 0.062900 0.260600 0.087600 0.038900 0.031100 0.087200 0.087400 0.071600 0.047000 0.038800 0.063100 0.000000 0.054600 0.063100 0.112400 0.105000 0.046500 0.054700 0.079600 0.044600 0.080400 0.122400 0.063300 0.071100 0.046900 0.062600 0.046900 0.063000 0.096700 0.030600 0.087900 0.055000 0.071000 0.043900 0.047200 0.071700 0.087500 0.096800 0.080500 0.087600 0.088100 0.096500 0.062700 0.039100 0.062900 0.114600 0.088100 0.046500 0.071300 0.054800
Suni 0.038500 0.250700 0.068500 0.289900 0.062300 0.046400 0.054500 0.062000 0.077000 0.087300 0.054500 0.043700 0.087000 0.054600 0.000000 0.054400 0.129100 0.129700 0.053900 0.060400 0.062500 0.046700 0.079700 0.104200 0.069500 0.062300 0.070600 0.052000 0.038500 0.068900 0.095700 0.053700 0.078800 0.078900 0.078500 0.046300 0.038700 0.046800 0.078400 0.079200 0.079600 0.078500 0.087200 0.095500 0.052500 0.046600 0.054200 0.079700 0.062800 0.053900 0.060500 0.060700
Springbuck 0.030800 0.263200 0.062700 0.238500 0.054400 0.038700 0.062900 0.038400 0.054400 0.087800 0.046800 0.054500 0.062800 0.063100 0.054400 0.000000 0.156500 0.121600 0.046200 0.070800 0.015300 0.044300 0.080000 0.121800 0.063000 0.038500 0.046700 0.062400 0.015300 0.062800 0.096200 0.062000 0.087400 0.054700 0.087200 0.060300 0.046900 0.055000 0.054400 0.079600 0.080000 0.046500 0.087600 0.095900 0.062500 0.023100 0.030700 0.079900 0.071000 0.046300 0.071100 0.054700
Okapi 0.128900 0.262300 0.138400 0.289300 0.183300 0.138000 0.129200 0.164400 0.147100 0.139400 0.129900 0.112300 0.155900 0.112400 0.129100 0.156500 0.000000 0.078400 0.137700 0.112300 0.165700 0.147100 0.113400 0.156300 0.147700 0.165300 0.139000 0.120400 0.138900 0.156500 0.148200 0.119700 0.165700 0.130300 0.165100 0.119200 0.147800 0.166600 0.183300 0.147500 0.113300 0.183400 0.157200 0.129500 0.137800 0.130600 0.156100 0.205000 0.184600 0.120300 0.147900 0.129800
Giraffe 0.111800 0.281500 0.121200 0.311000 0.147500 0.120700 0.112200 0.164800 0.129600 0.130900 0.112800 0.095500 0.138500 0.105000 0.129700 0.121600 0.078400 0.000000 0.120500 0.112600 0.139100 0.129600 0.104800 0.147300 0.130300 0.147600 0.121900 0.120700 0.121700 0.139200 0.139500 0.103000 0.147900 0.130700 0.147500 0.102100 0.130500 0.149000 0.147300 0.138800 0.104800 0.156300 0.148400 0.120900 0.120800 0.096300 0.138700 0.196000 0.166700 0.103400 0.148300 0.112700
TibetanAnt 0.015100 0.242500 0.062200 0.256200 0.086300 0.022800 0.046400 0.069800 0.070100 0.087000 0.030700 0.038300 0.062200 0.046500 0.053900 0.046200 0.137700 0.120500 0.000000 0.070200 0.062200 0.027800 0.079600 0.120900 0.046400 0.054100 0.046300 0.061900 0.030600 0.062200 0.095400 0.045700 0.054300 0.054200 0.070100 0.044500 0.030700 0.070800 0.070000 0.095500 0.079500 0.070100 0.086900 0.095300 0.061800 0.038600 0.046100 0.096000 0.087100 0.030400 0.054300 0.054200
Sitatunga 0.054500 0.232500 0.022600 0.267700 0.112100 0.062600 0.054600 0.078400 0.030200 0.087500 0.070900 0.030500 0.076300 0.054700 0.060400 0.070800 0.112300 0.112600 0.070200 0.000000 0.077300 0.054700 0.079000 0.121500 0.070700 0.095400 0.060400 0.007400 0.070600 0.038000 0.095900 0.052800 0.102100 0.068700 0.095300 0.038400 0.071100 0.095700 0.111000 0.096100 0.079800 0.112200 0.104300 0.095800 0.038200 0.060000 0.085400 0.131200 0.113000 0.054100 0.045900 0.030200
Oribi 0.046600 0.282600 0.077400 0.256400 0.070500 0.054600 0.079300 0.046300 0.060700 0.087400 0.062900 0.068200 0.079100 0.079600 0.062500 0.015300 0.165700 0.139100 0.062200 0.077300 0.000000 0.055000 0.079700 0.121300 0.077600 0.054500 0.062800 0.068700 0.030800 0.077600 0.095700 0.078100 0.104300 0.071000 0.103900 0.070900 0.063100 0.071300 0.070600 0.079200 0.079700 0.062500 0.087200 0.095500 0.077400 0.033700 0.046400 0.087900 0.087600 0.062200 0.077500 0.069200
BarbaryShe 0.010000 0.232700 0.046700 0.237300 0.085400 0.020000 0.044400 0.068600 0.054600 0.086300 0.013300 0.023000 0.060400 0.044600 0.046700 0.044300 0.147100 0.129600 0.027800 0.054700 0.055000 0.000000 0.078600 0.103900 0.015400 0.052600 0.044800 0.046500 0.024500 0.030900 0.095200 0.042800 0.069200 0.053100 0.069200 0.030900 0.011900 0.069600 0.046800 0.095900 0.078500 0.068700 0.086500 0.094900 0.046500 0.031200 0.023100 0.095100 0.086600 0.026900 0.054900 0.023100
Daviddeer 0.063500 0.226000 0.079000 0.238500 0.088100 0.071900 0.080200 0.113600 0.078800 0.039000 0.080400 0.055100 0.121600 0.080400 0.079700 0.080000 0.113400 0.104800 0.079600 0.079000 0.079700 0.078600 0.000000 0.046700 0.097400 0.088400 0.104900 0.070500 0.080200 0.095800 0.031000 0.059300 0.113300 0.096400 0.105400 0.060700 0.080600 0.087600 0.087800 0.030900 0.000000 0.096700 0.038900 0.023000 0.079600 0.055500 0.096700 0.141800 0.123500 0.063100 0.096100 0.070800
Reindeer 0.104600 0.253300 0.121500 0.258600 0.112800 0.113200 0.122000 0.156300 0.121400 0.087400 0.105000 0.095800 0.139300 0.122400 0.104200 0.121800 0.156300 0.147300 0.120900 0.121500 0.121300 0.103900 0.046700 0.000000 0.122400 0.130200 0.130700 0.112600 0.122000 0.122000 0.079000 0.103200 0.113500 0.122100 0.129800 0.102700 0.088500 0.114000 0.120900 0.062400 0.046600 0.138800 0.087300 0.038300 0.104100 0.096600 0.121600 0.167000 0.140000 0.103700 0.139800 0.096100
Ibex 0.030800 0.252100 0.062600 0.265400 0.104300 0.038700 0.062900 0.087100 0.070600 0.105100 0.015300 0.038600 0.079400 0.063300 0.069500 0.063000 0.147700 0.130300 0.046400 0.070700 0.077600 0.015400 0.097400 0.122400 0.000000 0.071000 0.063000 0.062400 0.044300 0.046700 0.113700 0.062200 0.087800 0.071200 0.087500 0.046600 0.031000 0.088400 0.069100 0.113800 0.097400 0.087500 0.105000 0.113500 0.062400 0.052000 0.043900 0.114400 0.105200 0.046400 0.071000 0.038700
GyrantGaze 0.038600 0.253300 0.087200 0.267900 0.062300 0.046600 0.070900 0.062100 0.095300 0.096000 0.054700 0.062500 0.087200 0.071100 0.062300 0.038500 0.165300 0.147600 0.054100 0.095400 0.054500 0.052600 0.088400 0.130200 0.071000 0.000000 0.070700 0.086800 0.023000 0.087300 0.104500 0.053900 0.095700 0.078900 0.095400 0.068600 0.054900 0.046800 0.078700 0.104600 0.088300 0.015200 0.095900 0.104300 0.086800 0.046700 0.038500 0.088000 0.079200 0.054100 0.095900 0.079000
Hartebeest 0.030800 0.233800 0.066700 0.239100 0.103900 0.038700 0.046800 0.070400 0.077200 0.088000 0.046800 0.054600 0.023100 0.046900 0.070600 0.046700 0.139000 0.121900 0.046300 0.060400 0.062800 0.044800 0.104900 0.130700 0.063000 0.070700 0.000000 0.068500 0.046700 0.068800 0.113500 0.046100 0.087500 0.007300 0.078900 0.060700 0.047000 0.088000 0.087000 0.096600 0.097100 0.087100 0.104800 0.104600 0.062500 0.055000 0.062500 0.113900 0.087400 0.046300 0.076300 0.060700
Bongo 0.046400 0.241800 0.015000 0.277100 0.103200 0.054400 0.062400 0.070000 0.022500 0.095500 0.062600 0.022700 0.084500 0.062600 0.052000 0.062400 0.120400 0.120700 0.061900 0.007400 0.068700 0.046500 0.070500 0.112600 0.062400 0.086800 0.068500 0.000000 0.062200 0.030200 0.087200 0.060700 0.093300 0.076800 0.086700 0.030500 0.062800 0.087000 0.102100 0.087400 0.071200 0.103300 0.095500 0.087100 0.030400 0.051500 0.076800 0.122000 0.104100 0.046000 0.037900 0.022500
Gerenuk 0.015300 0.242000 0.062400 0.256700 0.054400 0.023000 0.046800 0.038400 0.070500 0.087900 0.030900 0.035200 0.062700 0.046900 0.038500 0.015300 0.138900 0.121700 0.030600 0.070600 0.030800 0.024500 0.080200 0.122000 0.044300 0.023000 0.046700 0.062200 0.000000 0.062500 0.096300 0.046100 0.071000 0.054700 0.070800 0.041500 0.031000 0.039000 0.054500 0.096400 0.080200 0.038600 0.087800 0.096100 0.060900 0.023100 0.015200 0.063300 0.054800 0.030600 0.070900 0.054400
CommonElan 0.046600 0.242400 0.030300 0.258200 0.103900 0.054600 0.062800 0.086900 0.053600 0.104700 0.046800 0.038400 0.084900 0.063000 0.068900 0.062800 0.156500 0.139200 0.062200 0.038000 0.077600 0.030900 0.095800 0.122000 0.046700 0.087300 0.068800 0.030200 0.062500 0.000000 0.113300 0.061000 0.110900 0.077200 0.087200 0.046400 0.046900 0.087600 0.085800 0.096400 0.096900 0.104000 0.104600 0.113100 0.046200 0.051800 0.060600 0.131600 0.104700 0.062200 0.053900 0.022600
MuntiacusR 0.079400 0.245100 0.095900 0.260800 0.087500 0.087800 0.096400 0.129700 0.095700 0.023100 0.096500 0.070900 0.130700 0.096700 0.095700 0.096200 0.148200 0.139500 0.095400 0.095900 0.095700 0.095200 0.031000 0.079000 0.113700 0.104500 0.113500 0.087200 0.096300 0.113300 0.000000 0.078400 0.104800 0.105000 0.104500 0.077200 0.096800 0.105400 0.103700 0.062800 0.031000 0.112800 0.023000 0.054500 0.095600 0.071500 0.112900 0.158500 0.140200 0.078800 0.113500 0.087600
HarveysDui 0.030400 0.210900 0.060900 0.215300 0.069700 0.038200 0.030500 0.085700 0.085300 0.054200 0.046200 0.038200 0.061900 0.030600 0.053700 0.062000 0.119700 0.103000 0.045700 0.052800 0.078100 0.042800 0.059300 0.103200 0.062200 0.053900 0.046100 0.060700 0.046100 0.061000 0.078400 0.000000 0.086400 0.054000 0.069800 0.042300 0.046300 0.038400 0.086000 0.078500 0.059300 0.069700 0.070200 0.078200 0.061700 0.038500 0.061800 0.112500 0.086500 0.045700 0.069300 0.053000
Pronghorn 0.054600 0.234600 0.093500 0.290600 0.095700 0.062800 0.087700 0.112100 0.102200 0.130700 0.071100 0.062600 0.104200 0.087900 0.078800 0.087400 0.165700 0.147900 0.054300 0.102100 0.104300 0.069200 0.113300 0.113500 0.087800 0.095700 0.087500 0.093300 0.071000 0.110900 0.104800 0.086400 0.000000 0.095900 0.112600 0.068400 0.055000 0.096600 0.112400 0.122300 0.105600 0.112500 0.130600 0.121800 0.070600 0.079600 0.087200 0.122800 0.113500 0.054300 0.119100 0.085400
BlueWildeb 0.038700 0.224000 0.075300 0.229600 0.112500 0.046700 0.054800 0.078600 0.085600 0.079700 0.054900 0.062600 0.030900 0.055000 0.078900 0.054700 0.130300 0.130700 0.054200 0.068700 0.071000 0.053100 0.096400 0.122100 0.071200 0.078900 0.007300 0.076800 0.054700 0.077200 0.105000 0.054000 0.095900 0.000000 0.087200 0.069000 0.055100 0.096500 0.095400 0.088300 0.088700 0.095500 0.096400 0.096200 0.070700 0.063100 0.070700 0.122700 0.095700 0.054300 0.084800 0.069000
Gemsbok 0.054500 0.294700 0.087000 0.311200 0.112000 0.062600 0.054500 0.111700 0.112100 0.096000 0.070900 0.062400 0.087100 0.071000 0.078500 0.087200 0.165100 0.147500 0.070100 0.095300 0.103900 0.069200 0.105400 0.129800 0.087500 0.095400 0.078900 0.086700 0.070800 0.087200 0.104500 0.069800 0.112600 0.087200 0.000000 0.068400 0.071100 0.096200 0.094900 0.121700 0.105300 0.112100 0.095900 0.104100 0.086700 0.062900 0.086900 0.130500 0.087700 0.062100 0.095700 0.078800
Yak 0.026100 0.223500 0.030600 0.266800 0.084500 0.034900 0.043300 0.085000 0.054200 0.085400 0.043900 0.007500 0.076400 0.043900 0.046300 0.060300 0.119200 0.102100 0.044500 0.038400 0.070900 0.030900 0.060700 0.102700 0.046600 0.068600 0.060700 0.030500 0.041500 0.046400 0.077200 0.042300 0.068400 0.069000 0.068400 0.000000 0.043600 0.068800 0.078800 0.094800 0.061300 0.085300 0.085500 0.076900 0.030500 0.031000 0.054500 0.111200 0.085800 0.026400 0.054500 0.022900
BlueSheep 0.015300 0.233300 0.063000 0.247300 0.071100 0.023100 0.046900 0.070800 0.071000 0.088300 0.015400 0.038800 0.063100 0.047200 0.038700 0.046900 0.147800 0.130500 0.030700 0.071100 0.063100 0.011900 0.080600 0.088500 0.031000 0.054900 0.047000 0.062800 0.031000 0.046900 0.096800 0.046300 0.055000 0.055100 0.071100 0.043600 0.000000 0.055400 0.054800 0.080100 0.080600 0.071100 0.088200 0.096600 0.046700 0.039100 0.030900 0.080500 0.071800 0.030700 0.071400 0.038900
BohorReedb 0.055000 0.224600 0.087300 0.250100 0.030900 0.063200 0.071500 0.079000 0.112800 0.096800 0.071600 0.063000 0.104900 0.071700 0.046800 0.055000 0.166600 0.149000 0.070800 0.095700 0.071300 0.069600 0.087600 0.114000 0.088400 0.046800 0.088000 0.087000 0.039000 0.087600 0.105400 0.038400 0.096600 0.096500 0.096200 0.068800 0.055400 0.000000 0.096100 0.088500 0.087600 0.062900 0.096700 0.105100 0.071000 0.047100 0.054800 0.088900 0.063300 0.070800 0.096100 0.079100
KirksDik 0.054400 0.292200 0.102500 0.268600 0.095100 0.062500 0.070600 0.094900 0.093900 0.095300 0.054600 0.076500 0.103700 0.087500 0.078400 0.054400 0.183300 0.147300 0.070000 0.111000 0.070600 0.046800 0.087800 0.120900 0.069100 0.078700 0.087000 0.102100 0.054500 0.085800 0.103700 0.086000 0.112400 0.095400 0.094900 0.078800 0.054800 0.096100 0.000000 0.103900 0.087700 0.086900 0.095200 0.112100 0.102300 0.062700 0.054400 0.122300 0.112700 0.070100 0.111400 0.077500
RoeDeer 0.079500 0.243700 0.096200 0.238600 0.087600 0.087900 0.096500 0.112700 0.095900 0.054700 0.096600 0.087600 0.113600 0.096800 0.079200 0.079600 0.147500 0.138800 0.095500 0.096100 0.079200 0.095900 0.030900 0.062400 0.113800 0.104600 0.096600 0.087400 0.096400 0.096400 0.062800 0.078500 0.122300 0.088300 0.121700 0.094800 0.080100 0.088500 0.103900 0.000000 0.030900 0.112900 0.054600 0.038400 0.079200 0.071600 0.113100 0.140800 0.122800 0.095500 0.096600 0.087800
WhiteLippe 0.063500 0.225600 0.079800 0.236100 0.088100 0.071800 0.080300 0.113400 0.079600 0.039000 0.080300 0.055100 0.114200 0.080500 0.079600 0.080000 0.113300 0.104800 0.079500 0.079800 0.079700 0.078500 0.000000 0.046600 0.097400 0.088300 0.097100 0.071200 0.080200 0.096900 0.031000 0.059300 0.105600 0.088700 0.105300 0.061300 0.080600 0.087600 0.087700 0.030900 0.000000 0.096600 0.038900 0.023000 0.079600 0.055600 0.096700 0.141700 0.123600 0.063000 0.097100 0.071600
ThomsonGaz 0.054400 0.273300 0.103800 0.278300 0.070200 0.062500 0.087300 0.078300 0.103400 0.104400 0.070900 0.078700 0.103900 0.087600 0.078500 0.046500 0.183400 0.156300 0.070100 0.112200 0.062500 0.068700 0.096700 0.138800 0.087500 0.015200 0.087100 0.103300 0.038600 0.104000 0.112800 0.069700 0.112500 0.095500 0.112100 0.085300 0.071100 0.062900 0.086900 0.112900 0.096600 0.000000 0.104100 0.112500 0.103400 0.054600 0.054300 0.104900 0.095700 0.070100 0.112700 0.095400
MuntiacusC 0.071100 0.275800 0.104400 0.270900 0.095700 0.079300 0.087900 0.120900 0.104100 0.015300 0.087900 0.079100 0.121800 0.088100 0.087200 0.087600 0.157200 0.148400 0.086900 0.104300 0.087200 0.086500 0.038900 0.087300 0.105000 0.095900 0.104800 0.095500 0.087800 0.104600 0.023000 0.070200 0.130600 0.096400 0.095900 0.085500 0.088200 0.096700 0.095200 0.054600 0.038900 0.104100 0.000000 0.062500 0.103900 0.063200 0.104300 0.149300 0.131200 0.087000 0.104700 0.096000
WhiteTaile 0.079300 0.242900 0.095800 0.257800 0.104000 0.087700 0.096200 0.129500 0.095600 0.062600 0.096300 0.070900 0.112900 0.096500 0.095500 0.095900 0.129500 0.120900 0.095300 0.095800 0.095500 0.094900 0.023000 0.038300 0.113500 0.104300 0.104600 0.087100 0.096100 0.113100 0.054500 0.078200 0.121800 0.096200 0.104100 0.076900 0.096600 0.105100 0.112100 0.038400 0.023000 0.112500 0.062500 0.000000 0.095400 0.071400 0.112700 0.158200 0.131000 0.078700 0.113400 0.087500
Cattle 0.046400 0.221900 0.030500 0.276600 0.086700 0.054300 0.062500 0.086400 0.053900 0.104100 0.062500 0.022800 0.078700 0.062700 0.052500 0.062500 0.137800 0.120800 0.061800 0.038200 0.077400 0.046500 0.079600 0.104100 0.062400 0.086800 0.062500 0.030400 0.060900 0.046200 0.095600 0.061700 0.070600 0.070700 0.086700 0.030500 0.046700 0.071000 0.102300 0.079200 0.079600 0.103400 0.103900 0.095400 0.000000 0.051500 0.077000 0.113400 0.087500 0.046000 0.054300 0.022800
RoyalAntel 0.023200 0.252800 0.051700 0.249500 0.046600 0.031000 0.039000 0.062500 0.060100 0.063300 0.039000 0.026400 0.071300 0.039100 0.046600 0.023100 0.130600 0.096300 0.038600 0.060000 0.033700 0.031200 0.055500 0.096600 0.052000 0.046700 0.055000 0.051500 0.023100 0.051800 0.071500 0.038500 0.079600 0.063100 0.062900 0.031000 0.039100 0.047100 0.062700 0.071600 0.055600 0.054600 0.063200 0.071400 0.051500 0.000000 0.038700 0.088600 0.063200 0.038600 0.060300 0.043500
Steenbok 0.030700 0.260800 0.077100 0.237900 0.070300 0.038500 0.062700 0.054000 0.085400 0.104400 0.030800 0.051300 0.078800 0.062900 0.054200 0.030700 0.156100 0.138700 0.046100 0.085400 0.046400 0.023100 0.096700 0.121600 0.043900 0.038500 0.062500 0.076800 0.015200 0.060600 0.112900 0.061800 0.087200 0.070700 0.086900 0.054500 0.030900 0.054800 0.054400 0.113100 0.096700 0.054300 0.104300 0.112700 0.077000 0.038700 0.000000 0.079600 0.070800 0.046100 0.085700 0.052500
Impala 0.079900 0.310600 0.131300 0.301000 0.105000 0.088300 0.114300 0.096000 0.131100 0.149500 0.097000 0.105000 0.131300 0.114600 0.079700 0.079900 0.205000 0.196000 0.096000 0.131200 0.087900 0.095100 0.141800 0.167000 0.114400 0.088000 0.113900 0.122000 0.063300 0.131600 0.158500 0.112500 0.122800 0.122700 0.130500 0.111200 0.080500 0.088900 0.122300 0.140800 0.141700 0.104900 0.149300 0.158200 0.113400 0.088600 0.079600 0.000000 0.105600 0.087600 0.131900 0.122600
Klipspring 0.071200 0.296500 0.102200 0.335600 0.079000 0.079600 0.087900 0.095200 0.130100 0.131300 0.088100 0.079400 0.113300 0.088100 0.062800 0.071000 0.184600 0.166700 0.087100 0.113000 0.087600 0.086600 0.123500 0.140000 0.105200 0.079200 0.087400 0.104100 0.054800 0.104700 0.140200 0.086500 0.113500 0.095700 0.087700 0.085800 0.071800 0.063300 0.112700 0.122800 0.123600 0.095700 0.131200 0.131000 0.087500 0.063200 0.070800 0.105600 0.000000 0.087200 0.113500 0.096100
ForestMusk 0.015200 0.222500 0.046200 0.256300 0.086400 0.022900 0.046400 0.069900 0.054000 0.087000 0.030700 0.022800 0.062200 0.046500 0.053900 0.046300 0.120300 0.103400 0.030400 0.054100 0.062200 0.026900 0.063100 0.103700 0.046400 0.054100 0.046300 0.046000 0.030600 0.062200 0.078800 0.045700 0.054300 0.054300 0.062100 0.026400 0.030700 0.070800 0.070100 0.095500 0.063000 0.070100 0.087000 0.078700 0.046000 0.038600 0.046100 0.087600 0.087200 0.000000 0.070500 0.038400
Bushbuck 0.054800 0.274300 0.053800 0.290500 0.112600 0.062900 0.071100 0.062400 0.045800 0.104800 0.071200 0.046400 0.092600 0.071300 0.060500 0.071100 0.147900 0.148300 0.054300 0.045900 0.077500 0.054900 0.096100 0.139800 0.071000 0.095900 0.076300 0.037900 0.070900 0.053900 0.113500 0.069300 0.119100 0.084800 0.095700 0.054500 0.071400 0.096100 0.111400 0.096600 0.097100 0.112700 0.104700 0.113400 0.054300 0.060300 0.085700 0.131900 0.113500 0.070500 0.000000 0.045900
GreaterKud 0.038700 0.232800 0.022600 0.247200 0.095300 0.046600 0.054600 0.078600 0.045500 0.096000 0.038800 0.015100 0.076600 0.054800 0.060700 0.054700 0.129800 0.112700 0.054200 0.030200 0.069200 0.023100 0.070800 0.096100 0.038700 0.079000 0.060700 0.022500 0.054400 0.022600 0.087600 0.053000 0.085400 0.069000 0.078800 0.022900 0.038900 0.079100 0.077500 0.087800 0.071600 0.095400 0.096000 0.087500 0.022800 0.043500 0.052500 0.122600 0.096100 0.038400 0.045900 0.000000
