CODONML (in paml version 4.10.7, June 2023)  /home/rachel/ruminants_paml/6406-phy-tree/ENSBTAT00000009300.fasta.phy
Model: free dN/dS Ratios for branches,  kappa = 2.000 fixed

Codon frequency model: F3x4
ns =  54  ls =  58

Codon usage in sequences
--------------------------------------------------------------------------------------------------------------------------------------
Phe TTT   1   0   0   0   0   0 | Ser TCT   3   3   3   3   2   3 | Tyr TAT   1   1   1   2   1   1 | Cys TGT   1   1   1   1   1   1
    TTC   1   2   2   2   2   2 |     TCC   0   0   0   0   0   0 |     TAC   1   1   1   0   1   0 |     TGC   1   1   1   1   1   1
Leu TTA   0   0   0   0   0   0 |     TCA   0   0   0   0   0   0 | *** TAA   0   0   0   0   0   0 | *** TGA   0   0   0   0   0   0
    TTG   1   1   1   1   1   1 |     TCG   0   0   0   0   0   0 |     TAG   0   0   0   0   0   0 | Trp TGG   3   3   3   3   3   3
--------------------------------------------------------------------------------------------------------------------------------------
Leu CTT   0   0   0   0   0   0 | Pro CCT   1   1   1   1   1   1 | His CAT   4   3   3   3   3   2 | Arg CGT   0   1   0   0   0   1
    CTC   0   0   0   0   0   0 |     CCC   0   0   0   0   0   0 |     CAC   0   0   0   0   0   0 |     CGC   0   0   0   0   0   0
    CTA   1   1   1   1   0   1 |     CCA   0   0   0   0   0   0 | Gln CAA   2   1   1   2   1   1 |     CGA   0   0   0   0   0   0
    CTG   0   0   0   0   1   0 |     CCG   0   0   0   0   0   0 |     CAG   0   1   0   0   0   0 |     CGG   0   0   0   0   0   0
--------------------------------------------------------------------------------------------------------------------------------------
Ile ATT   2   2   2   2   2   2 | Thr ACT   0   0   0   0   1   1 | Asn AAT   2   2   2   3   4   4 | Ser AGT   1   2   1   1   2   2
    ATC   3   2   3   3   2   2 |     ACC   0   0   0   0   2   1 |     AAC   0   0   1   0   0   0 |     AGC   0   0   0   0   0   0
    ATA   0   0   0   0   1   1 |     ACA   1   1   1   0   1   1 | Lys AAA   3   3   3   3   2   3 | Arg AGA   3   2   4   4   4   2
Met ATG   2   2   2   2   1   1 |     ACG   0   0   0   1   0   0 |     AAG   0   0   0   0   0   0 |     AGG   1   1   1   1   1   2
--------------------------------------------------------------------------------------------------------------------------------------
Val GTT   1   1   1   1   1   1 | Ala GCT   2   2   2   2   2   2 | Asp GAT   0   0   0   0   0   0 | Gly GGT   0   0   0   0   0   0
    GTC   1   2   1   1   1   1 |     GCC   4   4   4   4   3   5 |     GAC   1   2   1   1   1   1 |     GGC   2   2   2   2   2   1
    GTA   1   1   1   1   0   0 |     GCA   1   1   1   1   2   1 | Glu GAA   2   2   2   1   3   2 |     GGA   1   1   1   1   1   1
    GTG   1   1   1   1   1   1 |     GCG   0   0   0   0   0   0 |     GAG   2   1   2   2   0   2 |     GGG   0   0   0   0   0   0
--------------------------------------------------------------------------------------------------------------------------------------

--------------------------------------------------------------------------------------------------------------------------------------
Phe TTT   1   1   1   1   0   0 | Ser TCT   3   3   3   2   3   3 | Tyr TAT   1   1   1   1   1   2 | Cys TGT   1   1   1   1   1   1
    TTC   1   1   1   1   2   2 |     TCC   0   0   0   0   0   0 |     TAC   1   1   1   1   1   0 |     TGC   1   1   1   1   1   1
Leu TTA   0   0   0   0   0   0 |     TCA   0   0   0   1   0   0 | *** TAA   0   0   0   0   0   0 | *** TGA   0   0   0   0   0   0
    TTG   1   1   1   1   1   1 |     TCG   0   0   0   0   0   0 |     TAG   0   0   0   0   0   0 | Trp TGG   3   3   3   3   3   3
--------------------------------------------------------------------------------------------------------------------------------------
Leu CTT   0   0   0   0   0   0 | Pro CCT   1   1   1   1   1   1 | His CAT   3   4   2   2   3   1 | Arg CGT   0   0   0   0   0   0
    CTC   0   0   0   0   0   0 |     CCC   0   0   0   0   0   0 |     CAC   0   0   1   0   0   1 |     CGC   0   0   0   0   0   0
    CTA   1   1   1   1   1   1 |     CCA   0   0   0   0   0   0 | Gln CAA   2   2   1   1   1   1 |     CGA   0   0   0   0   0   0
    CTG   0   0   0   0   0   0 |     CCG   0   0   0   0   0   0 |     CAG   0   0   0   0   0   0 |     CGG   0   0   0   0   0   0
--------------------------------------------------------------------------------------------------------------------------------------
Ile ATT   2   2   1   2   2   2 | Thr ACT   0   0   0   0   0   0 | Asn AAT   3   2   3   4   2   2 | Ser AGT   1   1   1   1   1   1
    ATC   3   3   3   3   3   3 |     ACC   0   0   0   0   0   0 |     AAC   0   0   0   0   1   1 |     AGC   0   0   0   0   0   0
    ATA   0   0   0   0   0   1 |     ACA   1   1   1   1   1   1 | Lys AAA   3   3   3   2   4   3 | Arg AGA   3   3   4   4   3   4
Met ATG   2   2   2   2   2   1 |     ACG   0   0   0   0   0   0 |     AAG   1   0   0   1   0   0 |     AGG   0   1   1   1   1   1
--------------------------------------------------------------------------------------------------------------------------------------
Val GTT   1   1   2   1   1   1 | Ala GCT   3   2   2   2   2   2 | Asp GAT   0   0   0   0   0   1 | Gly GGT   0   0   0   0   0   0
    GTC   1   1   1   1   1   1 |     GCC   3   4   4   4   4   4 |     GAC   1   1   1   1   1   1 |     GGC   2   2   2   2   2   2
    GTA   1   1   1   1   1   1 |     GCA   1   1   1   1   1   1 | Glu GAA   2   2   2   2   2   2 |     GGA   1   1   1   1   1   1
    GTG   1   1   1   1   1   1 |     GCG   0   0   0   0   0   0 |     GAG   2   2   2   2   2   1 |     GGG   0   0   0   0   0   1
--------------------------------------------------------------------------------------------------------------------------------------

--------------------------------------------------------------------------------------------------------------------------------------
Phe TTT   1   0   1   1   1   1 | Ser TCT   3   3   3   3   3   3 | Tyr TAT   1   1   1   1   1   1 | Cys TGT   1   1   1   1   1   1
    TTC   1   2   1   1   1   1 |     TCC   0   0   0   0   0   0 |     TAC   1   1   1   1   1   1 |     TGC   1   1   1   1   1   1
Leu TTA   0   0   0   0   0   0 |     TCA   0   0   0   0   0   0 | *** TAA   0   0   0   0   0   0 | *** TGA   0   0   0   0   0   0
    TTG   1   1   1   1   1   1 |     TCG   0   0   0   0   0   0 |     TAG   0   0   0   0   0   0 | Trp TGG   3   3   3   3   3   3
--------------------------------------------------------------------------------------------------------------------------------------
Leu CTT   0   0   0   0   0   0 | Pro CCT   1   1   1   1   1   1 | His CAT   4   3   3   3   3   2 | Arg CGT   0   0   0   0   0   0
    CTC   0   0   0   0   0   0 |     CCC   0   0   0   0   0   0 |     CAC   0   0   0   0   0   0 |     CGC   0   0   0   0   0   0
    CTA   1   1   1   1   1   1 |     CCA   0   0   0   0   0   0 | Gln CAA   2   1   1   1   1   1 |     CGA   0   0   0   0   0   0
    CTG   0   0   0   0   0   0 |     CCG   0   0   0   0   0   0 |     CAG   0   0   0   0   0   0 |     CGG   0   0   0   0   0   0
--------------------------------------------------------------------------------------------------------------------------------------
Ile ATT   2   2   2   1   2   2 | Thr ACT   0   0   0   0   0   0 | Asn AAT   2   3   3   3   3   4 | Ser AGT   1   1   1   1   1   1
    ATC   3   3   2   3   3   3 |     ACC   0   0   1   0   0   0 |     AAC   0   0   0   0   0   0 |     AGC   0   0   0   0   0   0
    ATA   0   0   0   0   0   0 |     ACA   1   1   1   1   1   1 | Lys AAA   3   3   3   3   3   3 | Arg AGA   3   4   4   4   4   4
Met ATG   2   2   2   2   2   2 |     ACG   0   0   0   0   0   0 |     AAG   0   0   0   0   0   0 |     AGG   1   1   1   1   1   1
--------------------------------------------------------------------------------------------------------------------------------------
Val GTT   1   1   1   2   1   1 | Ala GCT   2   2   2   2   2   2 | Asp GAT   0   0   0   0   0   0 | Gly GGT   0   0   0   0   0   0
    GTC   1   1   1   1   1   1 |     GCC   4   4   4   4   4   3 |     GAC   1   1   1   1   1   1 |     GGC   2   2   2   2   2   2
    GTA   1   1   1   1   1   1 |     GCA   1   1   1   1   1   1 | Glu GAA   2   2   2   2   2   2 |     GGA   1   1   1   1   1   1
    GTG   1   1   1   1   1   1 |     GCG   0   0   0   0   0   1 |     GAG   2   2   2   2   2   2 |     GGG   0   0   0   0   0   0
--------------------------------------------------------------------------------------------------------------------------------------

--------------------------------------------------------------------------------------------------------------------------------------
Phe TTT   0   0   1   0   1   2 | Ser TCT   3   3   3   3   3   3 | Tyr TAT   2   1   1   1   1   1 | Cys TGT   1   1   1   1   1   1
    TTC   2   2   1   2   1   0 |     TCC   0   0   0   0   0   0 |     TAC   0   1   1   1   1   1 |     TGC   1   1   1   1   1   1
Leu TTA   0   0   0   0   0   0 |     TCA   0   0   0   0   0   0 | *** TAA   0   0   0   0   0   0 | *** TGA   0   0   0   0   0   0
    TTG   1   1   1   1   1   1 |     TCG   0   0   0   0   0   0 |     TAG   0   0   0   0   0   0 | Trp TGG   3   3   3   3   3   3
--------------------------------------------------------------------------------------------------------------------------------------
Leu CTT   1   1   0   0   0   0 | Pro CCT   1   1   1   1   1   1 | His CAT   3   3   4   3   2   4 | Arg CGT   0   0   0   0   0   0
    CTC   0   0   0   0   0   0 |     CCC   0   0   0   0   0   0 |     CAC   0   0   0   0   0   0 |     CGC   0   0   0   0   0   0
    CTA   0   0   1   1   1   1 |     CCA   0   0   0   0   0   0 | Gln CAA   1   1   2   1   1   2 |     CGA   0   0   0   0   0   0
    CTG   0   0   0   0   0   0 |     CCG   0   0   0   0   0   0 |     CAG   0   0   0   0   0   0 |     CGG   0   0   0   0   0   0
--------------------------------------------------------------------------------------------------------------------------------------
Ile ATT   2   2   2   2   2   2 | Thr ACT   0   0   0   0   0   0 | Asn AAT   3   3   2   2   4   2 | Ser AGT   1   1   1   1   1   1
    ATC   2   2   3   3   3   2 |     ACC   0   0   0   0   0   0 |     AAC   0   0   0   1   0   0 |     AGC   0   0   0   0   0   1
    ATA   0   0   0   0   0   0 |     ACA   1   1   1   1   1   1 | Lys AAA   3   4   3   3   3   3 | Arg AGA   4   3   3   4   4   3
Met ATG   3   3   2   2   2   2 |     ACG   0   0   0   0   0   0 |     AAG   0   0   0   0   0   0 |     AGG   1   1   1   1   1   1
--------------------------------------------------------------------------------------------------------------------------------------
Val GTT   1   1   1   1   1   1 | Ala GCT   2   2   2   2   2   2 | Asp GAT   0   0   0   0   0   0 | Gly GGT   0   1   0   0   0   0
    GTC   1   1   1   1   1   1 |     GCC   4   4   4   4   4   4 |     GAC   1   1   1   1   1   1 |     GGC   2   1   2   2   2   2
    GTA   1   1   1   1   1   1 |     GCA   1   1   1   1   1   1 | Glu GAA   2   2   2   2   2   2 |     GGA   1   1   1   1   1   1
    GTG   1   1   1   1   1   1 |     GCG   0   0   0   0   0   0 |     GAG   2   2   2   2   2   2 |     GGG   0   0   0   0   0   0
--------------------------------------------------------------------------------------------------------------------------------------

--------------------------------------------------------------------------------------------------------------------------------------
Phe TTT   0   0   1   1   1   0 | Ser TCT   3   3   3   3   3   3 | Tyr TAT   2   2   1   1   1   1 | Cys TGT   1   1   1   1   1   1
    TTC   2   2   1   1   1   2 |     TCC   0   0   0   0   0   0 |     TAC   0   0   1   1   1   1 |     TGC   1   1   1   1   1   1
Leu TTA   0   0   0   0   0   0 |     TCA   0   0   0   0   0   0 | *** TAA   0   0   0   0   0   0 | *** TGA   0   0   0   0   0   0
    TTG   0   1   1   1   1   1 |     TCG   0   0   0   0   0   0 |     TAG   0   0   0   0   0   0 | Trp TGG   3   3   3   3   3   3
--------------------------------------------------------------------------------------------------------------------------------------
Leu CTT   0   0   0   0   0   0 | Pro CCT   1   1   1   1   1   1 | His CAT   1   1   4   2   3   3 | Arg CGT   0   0   0   0   0   0
    CTC   0   0   0   0   0   0 |     CCC   0   0   0   0   0   0 |     CAC   1   1   0   0   0   0 |     CGC   0   0   0   0   0   0
    CTA   1   0   1   1   1   1 |     CCA   0   0   0   0   0   0 | Gln CAA   1   1   2   1   1   1 |     CGA   0   0   0   0   0   0
    CTG   1   0   0   0   0   0 |     CCG   0   0   0   0   0   0 |     CAG   0   0   0   0   0   0 |     CGG   0   0   0   0   0   0
--------------------------------------------------------------------------------------------------------------------------------------
Ile ATT   2   2   2   1   2   2 | Thr ACT   0   0   0   0   0   0 | Asn AAT   2   1   2   4   3   2 | Ser AGT   1   2   1   1   1   1
    ATC   3   3   3   3   3   3 |     ACC   0   0   0   0   0   0 |     AAC   1   1   0   0   0   1 |     AGC   0   0   0   0   0   0
    ATA   0   1   0   0   0   0 |     ACA   1   1   1   1   1   1 | Lys AAA   3   3   3   3   3   3 | Arg AGA   4   4   3   4   4   4
Met ATG   2   1   2   2   2   2 |     ACG   0   0   0   0   0   0 |     AAG   0   0   0   0   0   0 |     AGG   1   1   1   1   1   1
--------------------------------------------------------------------------------------------------------------------------------------
Val GTT   1   1   1   2   1   1 | Ala GCT   2   2   2   2   2   2 | Asp GAT   1   1   0   0   0   0 | Gly GGT   0   0   0   0   0   0
    GTC   1   1   1   1   1   1 |     GCC   4   4   4   4   4   4 |     GAC   1   1   1   1   1   1 |     GGC   2   2   2   2   2   2
    GTA   1   2   1   1   1   1 |     GCA   1   0   1   1   1   1 | Glu GAA   2   2   2   2   2   2 |     GGA   1   1   1   1   1   1
    GTG   1   1   1   1   1   1 |     GCG   0   1   0   0   0   0 |     GAG   1   1   2   2   2   2 |     GGG   1   1   0   0   0   0
--------------------------------------------------------------------------------------------------------------------------------------

--------------------------------------------------------------------------------------------------------------------------------------
Phe TTT   1   0   0   1   0   1 | Ser TCT   3   3   3   3   3   3 | Tyr TAT   1   1   2   1   2   1 | Cys TGT   1   1   1   1   1   1
    TTC   1   2   2   1   2   1 |     TCC   0   0   0   0   0   0 |     TAC   1   1   0   1   0   1 |     TGC   1   1   1   1   1   1
Leu TTA   0   0   0   0   0   0 |     TCA   0   0   0   0   0   0 | *** TAA   0   0   0   0   0   0 | *** TGA   0   0   0   0   0   0
    TTG   1   1   1   1   1   1 |     TCG   0   0   0   0   0   0 |     TAG   0   0   0   0   0   0 | Trp TGG   3   3   3   3   3   3
--------------------------------------------------------------------------------------------------------------------------------------
Leu CTT   0   0   0   0   0   0 | Pro CCT   1   1   1   1   1   1 | His CAT   1   3   2   3   3   3 | Arg CGT   0   0   0   0   0   0
    CTC   0   0   0   0   0   0 |     CCC   0   0   0   0   0   0 |     CAC   1   0   0   0   0   0 |     CGC   0   0   0   0   0   0
    CTA   1   1   1   1   1   1 |     CCA   0   0   0   0   0   0 | Gln CAA   1   1   1   1   1   1 |     CGA   0   0   0   0   0   0
    CTG   0   0   0   0   0   0 |     CCG   0   0   0   0   0   0 |     CAG   0   0   0   0   0   0 |     CGG   0   0   0   0   0   0
--------------------------------------------------------------------------------------------------------------------------------------
Ile ATT   2   2   2   1   2   2 | Thr ACT   0   0   0   0   0   0 | Asn AAT   4   2   2   3   3   3 | Ser AGT   1   1   1   1   1   1
    ATC   3   3   3   3   3   3 |     ACC   0   0   0   0   0   0 |     AAC   0   1   1   0   0   0 |     AGC   0   0   0   0   0   0
    ATA   0   0   1   0   0   1 |     ACA   1   1   1   1   1   1 | Lys AAA   3   3   2   3   3   3 | Arg AGA   4   4   4   4   4   4
Met ATG   2   2   1   2   2   1 |     ACG   0   0   0   0   0   0 |     AAG   0   0   1   0   1   0 |     AGG   1   1   1   1   1   1
--------------------------------------------------------------------------------------------------------------------------------------
Val GTT   1   1   1   2   1   1 | Ala GCT   2   3   1   2   2   2 | Asp GAT   0   0   1   0   0   0 | Gly GGT   0   0   0   0   0   0
    GTC   1   1   1   1   1   1 |     GCC   3   3   5   4   4   4 |     GAC   1   1   1   1   1   1 |     GGC   2   2   2   2   2   2
    GTA   1   1   1   1   1   1 |     GCA   1   1   1   1   1   1 | Glu GAA   2   2   2   2   2   2 |     GGA   1   1   1   1   1   1
    GTG   1   1   1   1   1   1 |     GCG   1   0   0   0   0   0 |     GAG   2   2   1   2   1   2 |     GGG   0   0   1   0   0   0
--------------------------------------------------------------------------------------------------------------------------------------

--------------------------------------------------------------------------------------------------------------------------------------
Phe TTT   1   0   1   1   1   0 | Ser TCT   3   3   3   3   3   3 | Tyr TAT   1   0   1   1   1   2 | Cys TGT   1   1   1   1   1   1
    TTC   1   3   1   1   1   2 |     TCC   0   0   0   0   0   0 |     TAC   1   1   1   1   1   0 |     TGC   1   1   1   1   1   1
Leu TTA   0   0   0   0   0   0 |     TCA   1   0   0   0   0   0 | *** TAA   0   0   0   0   0   0 | *** TGA   0   0   0   0   0   0
    TTG   1   1   1   1   1   1 |     TCG   0   0   0   0   0   0 |     TAG   0   0   0   0   0   0 | Trp TGG   3   3   3   3   3   3
--------------------------------------------------------------------------------------------------------------------------------------
Leu CTT   0   0   0   0   0   0 | Pro CCT   1   1   1   1   1   1 | His CAT   1   2   4   3   2   2 | Arg CGT   0   0   0   0   0   0
    CTC   1   0   0   0   0   0 |     CCC   0   0   0   0   0   0 |     CAC   1   1   0   0   0   0 |     CGC   0   0   0   0   0   0
    CTA   0   1   1   1   1   1 |     CCA   0   0   0   0   0   0 | Gln CAA   1   1   2   2   1   1 |     CGA   0   0   0   0   0   0
    CTG   0   0   1   0   0   0 |     CCG   0   0   0   0   0   0 |     CAG   0   0   0   0   0   0 |     CGG   0   0   0   0   0   0
--------------------------------------------------------------------------------------------------------------------------------------
Ile ATT   2   2   2   2   2   2 | Thr ACT   0   0   0   0   0   0 | Asn AAT   3   3   2   3   4   2 | Ser AGT   1   1   1   1   0   1
    ATC   3   3   3   3   3   3 |     ACC   0   0   0   0   0   0 |     AAC   0   0   0   0   0   1 |     AGC   1   0   0   0   1   0
    ATA   0   0   0   0   0   1 |     ACA   0   1   1   1   1   1 | Lys AAA   2   3   3   3   3   3 | Arg AGA   3   4   3   3   4   4
Met ATG   2   2   1   2   2   1 |     ACG   0   0   0   0   0   0 |     AAG   0   0   0   1   0   0 |     AGG   2   1   1   0   1   1
--------------------------------------------------------------------------------------------------------------------------------------
Val GTT   1   1   1   1   1   1 | Ala GCT   2   2   2   2   2   2 | Asp GAT   0   0   0   0   0   1 | Gly GGT   0   0   0   0   0   0
    GTC   1   1   1   1   1   1 |     GCC   4   4   4   4   4   4 |     GAC   1   1   1   1   1   1 |     GGC   2   2   2   2   2   2
    GTA   1   0   1   1   1   1 |     GCA   1   1   1   1   1   1 | Glu GAA   3   2   2   2   2   2 |     GGA   1   1   1   1   1   1
    GTG   1   2   1   1   1   1 |     GCG   0   0   0   0   0   0 |     GAG   2   2   2   2   2   1 |     GGG   0   0   0   0   0   1
--------------------------------------------------------------------------------------------------------------------------------------

--------------------------------------------------------------------------------------------------------------------------------------
Phe TTT   0   1   0   0   0   1 | Ser TCT   3   3   3   3   3   3 | Tyr TAT   2   1   2   2   0   1 | Cys TGT   1   1   1   1   1   1
    TTC   2   1   2   2   3   1 |     TCC   0   0   0   0   0   0 |     TAC   0   1   0   0   1   1 |     TGC   1   1   1   1   1   1
Leu TTA   0   0   0   0   0   0 |     TCA   0   0   0   0   0   0 | *** TAA   0   0   0   0   0   0 | *** TGA   0   0   0   0   0   0
    TTG   0   1   1   1   1   1 |     TCG   0   0   0   0   0   0 |     TAG   0   0   0   0   0   0 | Trp TGG   3   3   3   3   3   3
--------------------------------------------------------------------------------------------------------------------------------------
Leu CTT   0   0   0   0   0   0 | Pro CCT   1   1   1   1   1   1 | His CAT   1   2   1   1   2   3 | Arg CGT   0   0   0   0   0   0
    CTC   0   0   0   0   0   0 |     CCC   0   0   0   0   0   0 |     CAC   1   0   1   1   1   0 |     CGC   0   0   0   0   0   0
    CTA   1   1   1   1   1   1 |     CCA   0   0   0   0   0   0 | Gln CAA   1   1   1   1   1   1 |     CGA   0   0   0   0   0   0
    CTG   1   0   0   0   0   0 |     CCG   0   0   0   0   0   0 |     CAG   0   0   0   0   0   0 |     CGG   0   0   0   0   0   0
--------------------------------------------------------------------------------------------------------------------------------------
Ile ATT   2   1   2   2   2   1 | Thr ACT   0   0   0   0   0   0 | Asn AAT   2   4   2   2   3   3 | Ser AGT   1   1   1   1   1   1
    ATC   3   3   3   3   3   3 |     ACC   0   0   0   0   0   0 |     AAC   1   0   1   1   0   0 |     AGC   0   0   0   0   0   0
    ATA   1   0   1   1   0   0 |     ACA   1   1   1   1   1   1 | Lys AAA   3   3   3   3   3   3 | Arg AGA   4   4   4   4   4   4
Met ATG   1   2   1   1   2   2 |     ACG   0   0   0   0   0   0 |     AAG   0   0   0   0   0   0 |     AGG   1   1   1   1   1   1
--------------------------------------------------------------------------------------------------------------------------------------
Val GTT   1   2   1   1   1   2 | Ala GCT   2   2   2   2   2   2 | Asp GAT   1   0   1   1   0   0 | Gly GGT   0   0   0   0   0   0
    GTC   1   1   1   1   1   1 |     GCC   4   4   4   4   4   4 |     GAC   1   1   1   1   1   1 |     GGC   2   2   2   2   2   2
    GTA   1   1   1   1   0   1 |     GCA   1   1   1   1   1   1 | Glu GAA   2   2   2   2   2   2 |     GGA   1   1   1   1   1   1
    GTG   1   1   1   1   2   1 |     GCG   0   0   0   0   0   0 |     GAG   1   2   1   1   2   2 |     GGG   1   0   1   1   0   0
--------------------------------------------------------------------------------------------------------------------------------------

--------------------------------------------------------------------------------------------------------------------------------------
Phe TTT   1   1   1   0   0   0 | Ser TCT   3   3   3   3   3   3 | Tyr TAT   1   1   1   2   1   1 | Cys TGT   1   1   1   1   1   1
    TTC   1   1   1   2   2   2 |     TCC   0   0   0   0   0   0 |     TAC   1   1   1   0   1   1 |     TGC   1   1   1   1   1   1
Leu TTA   0   0   0   0   0   0 |     TCA   0   0   0   0   0   0 | *** TAA   0   0   0   0   0   0 | *** TGA   0   0   0   0   0   0
    TTG   1   1   1   1   1   1 |     TCG   0   0   0   0   0   0 |     TAG   0   0   0   0   0   0 | Trp TGG   3   3   3   3   3   3
--------------------------------------------------------------------------------------------------------------------------------------
Leu CTT   0   0   0   0   0   0 | Pro CCT   1   1   1   1   1   1 | His CAT   2   2   3   3   3   3 | Arg CGT   0   0   0   0   0   0
    CTC   0   0   0   0   0   0 |     CCC   0   0   0   0   0   0 |     CAC   0   0   0   0   0   0 |     CGC   0   0   0   0   0   0
    CTA   1   1   1   1   1   1 |     CCA   0   0   0   0   0   0 | Gln CAA   1   1   1   2   1   1 |     CGA   0   0   0   0   0   0
    CTG   0   0   0   0   0   0 |     CCG   0   0   0   0   0   0 |     CAG   0   0   0   0   0   0 |     CGG   0   0   0   0   0   0
--------------------------------------------------------------------------------------------------------------------------------------
Ile ATT   2   2   1   2   2   2 | Thr ACT   0   0   0   0   0   0 | Asn AAT   4   3   3   3   2   1 | Ser AGT   1   1   1   1   1   1
    ATC   3   3   3   3   3   3 |     ACC   0   0   0   0   0   0 |     AAC   0   0   0   0   1   2 |     AGC   0   0   0   0   0   0
    ATA   0   0   0   0   0   0 |     ACA   1   1   1   0   1   1 | Lys AAA   3   3   3   3   3   3 | Arg AGA   4   4   4   4   4   4
Met ATG   2   2   2   2   2   2 |     ACG   0   0   0   1   0   0 |     AAG   0   0   0   0   0   0 |     AGG   1   1   1   1   1   1
--------------------------------------------------------------------------------------------------------------------------------------
Val GTT   1   1   2   1   1   1 | Ala GCT   2   2   2   2   2   2 | Asp GAT   0   1   0   0   0   0 | Gly GGT   0   0   0   0   0   0
    GTC   1   1   1   1   1   1 |     GCC   4   4   4   4   4   4 |     GAC   1   1   1   1   1   1 |     GGC   2   2   2   2   2   2
    GTA   1   1   1   1   1   1 |     GCA   1   1   1   1   1   1 | Glu GAA   2   2   2   1   2   2 |     GGA   1   1   1   1   1   1
    GTG   1   1   1   1   1   1 |     GCG   0   0   0   0   0   0 |     GAG   2   2   2   2   2   2 |     GGG   0   0   0   0   0   0
--------------------------------------------------------------------------------------------------------------------------------------

Codon position x base (3x4) table for each sequence.

#1: Argali         
position  1:    T:0.22414    C:0.13793    A:0.31034    G:0.32759
position  2:    T:0.25862    C:0.20690    A:0.31034    G:0.22414
position  3:    T:0.32759    C:0.24138    A:0.25862    G:0.17241
Average         T:0.27011    C:0.19540    A:0.29310    G:0.24138

#2: LesserMouseDeer
position  1:    T:0.22414    C:0.13793    A:0.29310    G:0.34483
position  2:    T:0.25862    C:0.20690    A:0.29310    G:0.24138
position  3:    T:0.32759    C:0.27586    A:0.22414    G:0.17241
Average         T:0.27011    C:0.20690    A:0.27011    G:0.25287

#3: LesserKudu     
position  1:    T:0.22414    C:0.10345    A:0.34483    G:0.32759
position  2:    T:0.25862    C:0.20690    A:0.29310    G:0.24138
position  3:    T:0.29310    C:0.27586    A:0.25862    G:0.17241
Average         T:0.25862    C:0.19540    A:0.29885    G:0.24713

#4: ForestMuskDeer2
position  1:    T:0.22414    C:0.12069    A:0.34483    G:0.31034
position  2:    T:0.25862    C:0.20690    A:0.29310    G:0.24138
position  3:    T:0.32759    C:0.24138    A:0.24138    G:0.18966
Average         T:0.27011    C:0.18966    A:0.29310    G:0.24713

#5: Camel          
position  1:    T:0.20690    C:0.10345    A:0.39655    G:0.29310
position  2:    T:0.22414    C:0.24138    A:0.27586    G:0.25862
position  3:    T:0.34483    C:0.25862    A:0.25862    G:0.13793
Average         T:0.25862    C:0.20115    A:0.31034    G:0.22989

#6: KillerWhale    
position  1:    T:0.20690    C:0.10345    A:0.37931    G:0.31034
position  2:    T:0.22414    C:0.25862    A:0.27586    G:0.24138
position  3:    T:0.36207    C:0.24138    A:0.22414    G:0.17241
Average         T:0.26437    C:0.20115    A:0.29310    G:0.24138

#7: DefassaWaterbuck
position  1:    T:0.22414    C:0.12069    A:0.32759    G:0.32759
position  2:    T:0.25862    C:0.20690    A:0.32759    G:0.20690
position  3:    T:0.34483    C:0.22414    A:0.25862    G:0.17241
Average         T:0.27586    C:0.18391    A:0.30460    G:0.23563

#8: Sheep          
position  1:    T:0.22414    C:0.13793    A:0.31034    G:0.32759
position  2:    T:0.25862    C:0.20690    A:0.31034    G:0.22414
position  3:    T:0.32759    C:0.24138    A:0.25862    G:0.17241
Average         T:0.27011    C:0.19540    A:0.29310    G:0.24138

#9: MaxwellsDuiker 
position  1:    T:0.22414    C:0.10345    A:0.32759    G:0.34483
position  2:    T:0.25862    C:0.20690    A:0.29310    G:0.24138
position  3:    T:0.31034    C:0.25862    A:0.25862    G:0.17241
Average         T:0.26437    C:0.18966    A:0.29310    G:0.25287

#10: GazellaPrzewalskyi
position  1:    T:0.22414    C:0.08621    A:0.36207    G:0.32759
position  2:    T:0.25862    C:0.20690    A:0.29310    G:0.24138
position  3:    T:0.31034    C:0.24138    A:0.25862    G:0.18966
Average         T:0.26437    C:0.17816    A:0.30460    G:0.25287

#11: MountainNyala  
position  1:    T:0.22414    C:0.10345    A:0.34483    G:0.32759
position  2:    T:0.25862    C:0.20690    A:0.31034    G:0.22414
position  3:    T:0.29310    C:0.27586    A:0.25862    G:0.17241
Average         T:0.25862    C:0.19540    A:0.30460    G:0.24138

#12: MuntiacusMuntjak
position  1:    T:0.22414    C:0.08621    A:0.34483    G:0.34483
position  2:    T:0.25862    C:0.20690    A:0.27586    G:0.25862
position  3:    T:0.29310    C:0.27586    A:0.27586    G:0.15517
Average         T:0.25862    C:0.18966    A:0.29885    G:0.25287

#13: goat           
position  1:    T:0.22414    C:0.13793    A:0.31034    G:0.32759
position  2:    T:0.25862    C:0.20690    A:0.31034    G:0.22414
position  3:    T:0.32759    C:0.24138    A:0.25862    G:0.17241
Average         T:0.27011    C:0.19540    A:0.29310    G:0.24138

#14: AfricanBuffalo 
position  1:    T:0.22414    C:0.10345    A:0.34483    G:0.32759
position  2:    T:0.25862    C:0.20690    A:0.29310    G:0.24138
position  3:    T:0.31034    C:0.25862    A:0.25862    G:0.17241
Average         T:0.26437    C:0.18966    A:0.29885    G:0.24713

#15: Topi           
position  1:    T:0.22414    C:0.10345    A:0.34483    G:0.32759
position  2:    T:0.24138    C:0.22414    A:0.29310    G:0.24138
position  3:    T:0.32759    C:0.24138    A:0.25862    G:0.17241
Average         T:0.26437    C:0.18966    A:0.29885    G:0.24713

#16: CommonDuiker   
position  1:    T:0.22414    C:0.10345    A:0.32759    G:0.34483
position  2:    T:0.25862    C:0.20690    A:0.29310    G:0.24138
position  3:    T:0.32759    C:0.24138    A:0.25862    G:0.17241
Average         T:0.27011    C:0.18391    A:0.29310    G:0.25287

#17: Suni           
position  1:    T:0.22414    C:0.10345    A:0.34483    G:0.32759
position  2:    T:0.25862    C:0.20690    A:0.29310    G:0.24138
position  3:    T:0.32759    C:0.24138    A:0.25862    G:0.17241
Average         T:0.27011    C:0.18391    A:0.29885    G:0.24713

#18: Springbuck     
position  1:    T:0.22414    C:0.08621    A:0.36207    G:0.32759
position  2:    T:0.25862    C:0.20690    A:0.29310    G:0.24138
position  3:    T:0.32759    C:0.22414    A:0.25862    G:0.18966
Average         T:0.27011    C:0.17241    A:0.30460    G:0.25287

#19: Okapi          
position  1:    T:0.22414    C:0.10345    A:0.34483    G:0.32759
position  2:    T:0.25862    C:0.20690    A:0.29310    G:0.24138
position  3:    T:0.34483    C:0.22414    A:0.24138    G:0.18966
Average         T:0.27586    C:0.17816    A:0.29310    G:0.25287

#20: Giraffe        
position  1:    T:0.22414    C:0.10345    A:0.34483    G:0.32759
position  2:    T:0.25862    C:0.20690    A:0.31034    G:0.22414
position  3:    T:0.34483    C:0.22414    A:0.24138    G:0.18966
Average         T:0.27586    C:0.17816    A:0.29885    G:0.24713

#21: TibetanAntelope
position  1:    T:0.22414    C:0.13793    A:0.31034    G:0.32759
position  2:    T:0.25862    C:0.20690    A:0.31034    G:0.22414
position  3:    T:0.32759    C:0.24138    A:0.25862    G:0.17241
Average         T:0.27011    C:0.19540    A:0.29310    G:0.24138

#22: Sitatunga      
position  1:    T:0.22414    C:0.10345    A:0.34483    G:0.32759
position  2:    T:0.25862    C:0.20690    A:0.29310    G:0.24138
position  3:    T:0.29310    C:0.27586    A:0.25862    G:0.17241
Average         T:0.25862    C:0.19540    A:0.29885    G:0.24713

#23: Oribi          
position  1:    T:0.22414    C:0.08621    A:0.36207    G:0.32759
position  2:    T:0.25862    C:0.20690    A:0.29310    G:0.24138
position  3:    T:0.32759    C:0.24138    A:0.25862    G:0.17241
Average         T:0.27011    C:0.17816    A:0.30460    G:0.24713

#24: BarbarySheep   
position  1:    T:0.22414    C:0.13793    A:0.31034    G:0.32759
position  2:    T:0.24138    C:0.20690    A:0.31034    G:0.24138
position  3:    T:0.34483    C:0.22414    A:0.25862    G:0.17241
Average         T:0.27011    C:0.18966    A:0.29310    G:0.24713

#25: Daviddeer      
position  1:    T:0.20690    C:0.10345    A:0.34483    G:0.34483
position  2:    T:0.25862    C:0.20690    A:0.27586    G:0.25862
position  3:    T:0.29310    C:0.27586    A:0.25862    G:0.17241
Average         T:0.25287    C:0.19540    A:0.29310    G:0.25862

#26: Reindeer       
position  1:    T:0.22414    C:0.06897    A:0.34483    G:0.36207
position  2:    T:0.25862    C:0.20690    A:0.25862    G:0.27586
position  3:    T:0.29310    C:0.27586    A:0.25862    G:0.17241
Average         T:0.25862    C:0.18391    A:0.28736    G:0.27011

#27: Ibex           
position  1:    T:0.22414    C:0.13793    A:0.31034    G:0.32759
position  2:    T:0.25862    C:0.20690    A:0.31034    G:0.22414
position  3:    T:0.32759    C:0.24138    A:0.25862    G:0.17241
Average         T:0.27011    C:0.19540    A:0.29310    G:0.24138

#28: GyrantGazelle  
position  1:    T:0.22414    C:0.08621    A:0.34483    G:0.34483
position  2:    T:0.25862    C:0.20690    A:0.29310    G:0.24138
position  3:    T:0.32759    C:0.24138    A:0.25862    G:0.17241
Average         T:0.27011    C:0.17816    A:0.29885    G:0.25287

#29: Hartebeest     
position  1:    T:0.22414    C:0.10345    A:0.34483    G:0.32759
position  2:    T:0.25862    C:0.20690    A:0.29310    G:0.24138
position  3:    T:0.32759    C:0.24138    A:0.25862    G:0.17241
Average         T:0.27011    C:0.18391    A:0.29885    G:0.24713

#30: Bongo          
position  1:    T:0.22414    C:0.10345    A:0.34483    G:0.32759
position  2:    T:0.25862    C:0.20690    A:0.29310    G:0.24138
position  3:    T:0.29310    C:0.27586    A:0.25862    G:0.17241
Average         T:0.25862    C:0.19540    A:0.29885    G:0.24713

#31: Gerenuk        
position  1:    T:0.22414    C:0.08621    A:0.36207    G:0.32759
position  2:    T:0.25862    C:0.20690    A:0.29310    G:0.24138
position  3:    T:0.31034    C:0.24138    A:0.25862    G:0.18966
Average         T:0.26437    C:0.17816    A:0.30460    G:0.25287

#32: CommonEland    
position  1:    T:0.22414    C:0.10345    A:0.34483    G:0.32759
position  2:    T:0.25862    C:0.20690    A:0.29310    G:0.24138
position  3:    T:0.31034    C:0.25862    A:0.25862    G:0.17241
Average         T:0.26437    C:0.18966    A:0.29885    G:0.24713

#33: MuntiacusReevesi
position  1:    T:0.22414    C:0.08621    A:0.34483    G:0.34483
position  2:    T:0.25862    C:0.20690    A:0.27586    G:0.25862
position  3:    T:0.29310    C:0.27586    A:0.25862    G:0.17241
Average         T:0.25862    C:0.18966    A:0.29310    G:0.25862

#34: HarveysDuiker  
position  1:    T:0.22414    C:0.10345    A:0.32759    G:0.34483
position  2:    T:0.25862    C:0.20690    A:0.29310    G:0.24138
position  3:    T:0.32759    C:0.24138    A:0.25862    G:0.17241
Average         T:0.27011    C:0.18391    A:0.29310    G:0.25287

#35: Pronghorn      
position  1:    T:0.22414    C:0.10345    A:0.36207    G:0.31034
position  2:    T:0.25862    C:0.20690    A:0.29310    G:0.24138
position  3:    T:0.32759    C:0.24138    A:0.25862    G:0.17241
Average         T:0.27011    C:0.18391    A:0.30460    G:0.24138

#36: BlueWildebeest 
position  1:    T:0.22414    C:0.10345    A:0.34483    G:0.32759
position  2:    T:0.25862    C:0.20690    A:0.29310    G:0.24138
position  3:    T:0.32759    C:0.24138    A:0.27586    G:0.15517
Average         T:0.27011    C:0.18391    A:0.30460    G:0.24138

#37: Gemsbok        
position  1:    T:0.24138    C:0.08621    A:0.32759    G:0.34483
position  2:    T:0.25862    C:0.20690    A:0.27586    G:0.25862
position  3:    T:0.29310    C:0.29310    A:0.22414    G:0.18966
Average         T:0.26437    C:0.19540    A:0.27586    G:0.26437

#38: Yak            
position  1:    T:0.22414    C:0.10345    A:0.34483    G:0.32759
position  2:    T:0.27586    C:0.20690    A:0.27586    G:0.24138
position  3:    T:0.27586    C:0.29310    A:0.24138    G:0.18966
Average         T:0.25862    C:0.20115    A:0.28736    G:0.25287

#39: BlueSheep      
position  1:    T:0.22414    C:0.15517    A:0.29310    G:0.32759
position  2:    T:0.25862    C:0.20690    A:0.31034    G:0.22414
position  3:    T:0.32759    C:0.24138    A:0.25862    G:0.17241
Average         T:0.27011    C:0.20115    A:0.28736    G:0.24138

#40: BohorReedbuck  
position  1:    T:0.22414    C:0.12069    A:0.32759    G:0.32759
position  2:    T:0.25862    C:0.20690    A:0.32759    G:0.20690
position  3:    T:0.32759    C:0.24138    A:0.25862    G:0.17241
Average         T:0.27011    C:0.18966    A:0.30460    G:0.23563

#41: KirksDik       
position  1:    T:0.22414    C:0.08621    A:0.36207    G:0.32759
position  2:    T:0.25862    C:0.20690    A:0.29310    G:0.24138
position  3:    T:0.31034    C:0.25862    A:0.25862    G:0.17241
Average         T:0.26437    C:0.18391    A:0.30460    G:0.24713

#42: RoeDeer        
position  1:    T:0.22414    C:0.08621    A:0.34483    G:0.34483
position  2:    T:0.25862    C:0.20690    A:0.27586    G:0.25862
position  3:    T:0.31034    C:0.25862    A:0.27586    G:0.15517
Average         T:0.26437    C:0.18391    A:0.29885    G:0.25287

#43: WhiteLippedDeer
position  1:    T:0.20690    C:0.10345    A:0.34483    G:0.34483
position  2:    T:0.25862    C:0.20690    A:0.27586    G:0.25862
position  3:    T:0.29310    C:0.27586    A:0.27586    G:0.15517
Average         T:0.25287    C:0.19540    A:0.29885    G:0.25287

#44: ThomsonGazelle 
position  1:    T:0.22414    C:0.08621    A:0.34483    G:0.34483
position  2:    T:0.25862    C:0.20690    A:0.29310    G:0.24138
position  3:    T:0.32759    C:0.24138    A:0.25862    G:0.17241
Average         T:0.27011    C:0.17816    A:0.29885    G:0.25287

#45: MuntiacusCrinifrons
position  1:    T:0.22414    C:0.08621    A:0.34483    G:0.34483
position  2:    T:0.25862    C:0.20690    A:0.27586    G:0.25862
position  3:    T:0.29310    C:0.27586    A:0.27586    G:0.15517
Average         T:0.25862    C:0.18966    A:0.29885    G:0.25287

#46: WhiteTailedDeer
position  1:    T:0.22414    C:0.08621    A:0.34483    G:0.34483
position  2:    T:0.25862    C:0.20690    A:0.27586    G:0.25862
position  3:    T:0.29310    C:0.27586    A:0.27586    G:0.15517
Average         T:0.25862    C:0.18966    A:0.29885    G:0.25287

#47: Cattle         
position  1:    T:0.22414    C:0.10345    A:0.34483    G:0.32759
position  2:    T:0.27586    C:0.20690    A:0.27586    G:0.24138
position  3:    T:0.27586    C:0.29310    A:0.24138    G:0.18966
Average         T:0.25862    C:0.20115    A:0.28736    G:0.25287

#48: RoyalAntelope  
position  1:    T:0.22414    C:0.10345    A:0.32759    G:0.34483
position  2:    T:0.25862    C:0.20690    A:0.29310    G:0.24138
position  3:    T:0.32759    C:0.24138    A:0.25862    G:0.17241
Average         T:0.27011    C:0.18391    A:0.29310    G:0.25287

#49: Steenbok       
position  1:    T:0.22414    C:0.08621    A:0.36207    G:0.32759
position  2:    T:0.25862    C:0.20690    A:0.29310    G:0.24138
position  3:    T:0.32759    C:0.24138    A:0.25862    G:0.17241
Average         T:0.27011    C:0.17816    A:0.30460    G:0.24713

#50: Impala         
position  1:    T:0.22414    C:0.08621    A:0.34483    G:0.34483
position  2:    T:0.25862    C:0.20690    A:0.29310    G:0.24138
position  3:    T:0.32759    C:0.24138    A:0.25862    G:0.17241
Average         T:0.27011    C:0.17816    A:0.29885    G:0.25287

#51: Klipspringer   
position  1:    T:0.22414    C:0.10345    A:0.32759    G:0.34483
position  2:    T:0.25862    C:0.20690    A:0.29310    G:0.24138
