1
52 1
Argali 0.000000 0.151500 0.270000 0.264300 0.035200 0.000200 0.322600 0.114800 0.322600 0.219100 0.035700 0.322600 0.037200 0.077200 0.077600 0.119600 0.308400 0.384100 0.035200 0.268100 0.114600 0.071100 0.187600 0.196100 0.035700 0.116200 0.075800 0.346100 0.077900 0.346100 0.219100 0.117900 0.111600 0.075400 0.111300 0.322600 0.035700 0.035200 0.193100 0.146500 0.229400 0.112900 0.216900 0.240500 0.320100 0.037000 0.113400 0.035300 0.075700 0.046700 0.322600 0.322600
LesserMous 0.151500 0.000000 0.195800 0.197600 0.110200 0.153400 0.239100 0.199800 0.239100 0.259400 0.112000 0.239100 0.116500 0.161500 0.162500 0.153700 0.231800 0.286800 0.109800 0.194300 0.154300 0.108100 0.230000 0.237400 0.112000 0.203500 0.115200 0.249800 0.162500 0.249800 0.259400 0.207400 0.151200 0.157800 0.195200 0.239100 0.112000 0.110200 0.187800 0.185000 0.276000 0.196400 0.257800 0.286900 0.236400 0.115700 0.103700 0.110600 0.157900 0.127700 0.239100 0.239100
LesserKudu 0.270000 0.195800 0.000000 0.275500 0.214800 0.276000 0.037300 0.226100 0.037300 0.406800 0.219500 0.037300 0.227600 0.290700 0.291600 0.228100 0.073300 0.076300 0.215300 0.000200 0.279500 0.213400 0.364400 0.267500 0.219500 0.344400 0.226900 0.040000 0.292000 0.040000 0.406800 0.350500 0.270500 0.284000 0.329400 0.037300 0.219500 0.214800 0.441700 0.309000 0.421100 0.329900 0.405800 0.318600 0.036900 0.227800 0.327600 0.216700 0.283700 0.268600 0.037300 0.037300
KillerWhal 0.264300 0.197600 0.275500 0.000000 0.211100 0.266700 0.219600 0.326900 0.219600 0.409600 0.214300 0.219600 0.224100 0.211800 0.284900 0.205600 0.213100 0.271300 0.210900 0.273000 0.268200 0.206400 0.353900 0.366000 0.214300 0.337400 0.220500 0.349500 0.265800 0.349500 0.409600 0.211700 0.165600 0.273700 0.211400 0.219600 0.214300 0.211100 0.301300 0.298900 0.294400 0.318600 0.412500 0.306600 0.218000 0.173500 0.314000 0.212000 0.165300 0.212000 0.219600 0.219600
DefassaWat 0.035200 0.110200 0.214800 0.211100 0.000000 0.035700 0.263500 0.073900 0.263500 0.166200 0.000400 0.263500 0.001100 0.037600 0.037400 0.077100 0.253400 0.318000 0.000700 0.213100 0.073700 0.034600 0.143700 0.149500 0.000400 0.075400 0.036900 0.281000 0.038200 0.281000 0.166200 0.076200 0.072300 0.036700 0.071800 0.263500 0.000400 0.000000 0.148300 0.105600 0.182400 0.073000 0.161600 0.190000 0.260700 0.000900 0.072600 0.000700 0.037000 0.035500 0.263500 0.263500
Sheep 0.000200 0.153400 0.276000 0.266700 0.035700 0.000000 0.329800 0.116600 0.329800 0.219600 0.036100 0.329800 0.037700 0.078400 0.078800 0.121400 0.315100 0.392300 0.035700 0.274100 0.116200 0.072200 0.189600 0.198500 0.036100 0.118000 0.076800 0.354300 0.079400 0.354300 0.219600 0.119900 0.113300 0.076500 0.112500 0.329800 0.036100 0.035700 0.195100 0.148200 0.231500 0.114200 0.217600 0.242600 0.327100 0.037600 0.114700 0.035800 0.077000 0.073200 0.329800 0.329800
MaxwellsDu 0.322600 0.239100 0.037300 0.219600 0.263500 0.329800 0.000000 0.275900 0.000000 0.479600 0.269800 0.000000 0.280000 0.345900 0.348000 0.277600 0.035800 0.036800 0.264500 0.037500 0.332900 0.260100 0.422500 0.319000 0.269800 0.405300 0.277500 0.080400 0.345500 0.080400 0.479600 0.344300 0.325600 0.337600 0.386300 0.000000 0.269800 0.263500 0.505800 0.361900 0.484300 0.386000 0.482000 0.372900 0.000200 0.225900 0.382900 0.266300 0.337300 0.322300 0.000000 0.000000
GazellaPrz 0.114800 0.199800 0.226100 0.326900 0.073900 0.116600 0.275900 0.000000 0.275900 0.271500 0.075100 0.275900 0.078000 0.123200 0.123400 0.079900 0.262700 0.334700 0.073900 0.224900 0.076700 0.113300 0.239000 0.157000 0.075100 0.076800 0.120600 0.298100 0.039100 0.298100 0.271500 0.167700 0.157400 0.037700 0.073800 0.275900 0.075100 0.073900 0.153500 0.195200 0.284500 0.074700 0.270100 0.198800 0.273600 0.077800 0.075500 0.073800 0.120700 0.114200 0.275900 0.275900
MountainNy 0.322600 0.239100 0.037300 0.219600 0.263500 0.329800 0.000000 0.275900 0.000000 0.479600 0.269800 0.000000 0.280000 0.345900 0.348000 0.277600 0.035800 0.036800 0.264500 0.037100 0.332900 0.260100 0.422500 0.319000 0.269800 0.405300 0.277500 0.080400 0.345500 0.080500 0.479600 0.344300 0.325600 0.337600 0.386300 0.000000 0.269800 0.263500 0.505800 0.361900 0.484300 0.386000 0.482000 0.372900 0.000200 0.225900 0.382900 0.266300 0.337300 0.322300 0.000000 0.000000
MuntiacusM 0.219100 0.259400 0.406800 0.409600 0.166200 0.219600 0.479600 0.271500 0.479600 0.000000 0.173700 0.479600 0.173200 0.227400 0.225500 0.228200 0.458100 0.560300 0.172700 0.412400 0.173400 0.123400 0.032800 0.105900 0.173700 0.270800 0.130000 0.495500 0.223500 0.495500 0.000000 0.275100 0.182300 0.223300 0.259600 0.479600 0.173700 0.166200 0.365900 0.066000 0.066800 0.267200 0.000200 0.131700 0.476400 0.174600 0.265400 0.166700 0.229600 0.193800 0.479600 0.479600
goat 0.035700 0.112000 0.219500 0.214300 0.000400 0.036100 0.269800 0.075100 0.269800 0.173700 0.000000 0.269800 0.000700 0.038200 0.038400 0.078200 0.259300 0.326400 0.000400 0.218100 0.074900 0.035100 0.146900 0.152900 0.000000 0.076500 0.037400 0.288400 0.038600 0.288400 0.173700 0.077500 0.073300 0.037200 0.072800 0.269800 0.000000 0.000400 0.150900 0.107900 0.186300 0.074200 0.171200 0.194000 0.267600 0.000500 0.074100 0.000400 0.037500 0.035800 0.269800 0.269800
AfricanBuf 0.322600 0.239100 0.037300 0.219600 0.263500 0.329800 0.000000 0.275900 0.000000 0.479600 0.269800 0.000000 0.280000 0.345900 0.348000 0.277600 0.035800 0.036800 0.264500 0.037100 0.332900 0.260100 0.422500 0.319000 0.269800 0.405300 0.277500 0.080400 0.345500 0.080300 0.479600 0.344300 0.325600 0.337600 0.386300 0.000000 0.269800 0.263500 0.505800 0.361900 0.484300 0.386000 0.482000 0.372900 0.000200 0.225900 0.382900 0.266300 0.337300 0.322300 0.000000 0.000000
Topi 0.037200 0.116500 0.227600 0.224100 0.001100 0.037700 0.280000 0.078000 0.280000 0.173200 0.000700 0.280000 0.000000 0.039800 0.040100 0.081000 0.271200 0.338300 0.001100 0.225500 0.077800 0.036500 0.151700 0.158100 0.000700 0.079600 0.039000 0.296000 0.040200 0.296000 0.173200 0.081200 0.076300 0.038800 0.075900 0.280000 0.000700 0.001100 0.156000 0.111700 0.193100 0.076900 0.171100 0.200800 0.277200 0.000900 0.077200 0.000700 0.038900 0.049400 0.280000 0.280000
CommonDuik 0.077200 0.161500 0.290700 0.211800 0.037600 0.078400 0.345900 0.123200 0.345900 0.227400 0.038200 0.345900 0.039800 0.000000 0.083300 0.124800 0.331400 0.409800 0.037500 0.287600 0.122900 0.076100 0.199800 0.209500 0.038200 0.124300 0.081100 0.369500 0.081200 0.369500 0.227400 0.036500 0.118600 0.080700 0.118500 0.345900 0.038200 0.037600 0.206600 0.156900 0.244100 0.121200 0.225400 0.256500 0.343000 0.039700 0.121700 0.037400 0.036800 0.077300 0.345900 0.345900
Suni 0.077600 0.162500 0.291600 0.284900 0.037400 0.078800 0.348000 0.123400 0.348000 0.225500 0.038400 0.348000 0.040100 0.083300 0.000000 0.128900 0.332400 0.413200 0.037600 0.288100 0.123200 0.076200 0.199200 0.209000 0.038400 0.125700 0.081700 0.374200 0.084500 0.374200 0.225500 0.127700 0.118800 0.081300 0.118800 0.348000 0.038400 0.037400 0.204000 0.157100 0.243100 0.121400 0.228200 0.255800 0.344500 0.000900 0.122200 0.037600 0.081800 0.077100 0.348000 0.348000
Springbuck 0.119600 0.153700 0.228100 0.205600 0.077100 0.121400 0.277600 0.079900 0.277600 0.228200 0.078200 0.277600 0.081000 0.124800 0.128900 0.000000 0.265200 0.335100 0.076900 0.226000 0.038500 0.075900 0.197700 0.208700 0.078200 0.079700 0.080800 0.300600 0.040400 0.300600 0.228200 0.170200 0.118600 0.039200 0.076900 0.277600 0.078200 0.077100 0.158800 0.155800 0.241600 0.076500 0.226700 0.256500 0.275200 0.081200 0.077000 0.076600 0.116000 0.095700 0.277600 0.277600
Okapi 0.308400 0.231800 0.073300 0.213100 0.253400 0.315100 0.035800 0.262700 0.035800 0.458100 0.259300 0.035800 0.271200 0.331400 0.332400 0.265200 0.000000 0.073100 0.254100 0.073300 0.317400 0.253800 0.405000 0.304700 0.259300 0.388000 0.266400 0.119200 0.331600 0.119200 0.458100 0.334900 0.312600 0.322500 0.368400 0.035800 0.259300 0.253400 0.480200 0.347600 0.463600 0.369100 0.459400 0.354700 0.035500 0.269900 0.363700 0.255900 0.321500 0.309100 0.035800 0.035800
Giraffe 0.384100 0.286800 0.076300 0.271300 0.318000 0.392300 0.036800 0.334700 0.036800 0.560300 0.326400 0.036800 0.338300 0.409800 0.413200 0.335100 0.073100 0.000000 0.319900 0.076000 0.395900 0.314200 0.493400 0.381500 0.326400 0.475600 0.335600 0.123700 0.408100 0.123700 0.560300 0.408200 0.387700 0.400800 0.452600 0.036800 0.326400 0.318000 0.587600 0.424800 0.563500 0.453500 0.563300 0.441200 0.036600 0.280200 0.452700 0.322200 0.399900 0.384100 0.036800 0.036800
TibetanAnt 0.035200 0.109800 0.215300 0.210900 0.000700 0.035700 0.264500 0.073900 0.264500 0.172700 0.000400 0.264500 0.001100 0.037500 0.037600 0.076900 0.254100 0.319900 0.000000 0.214000 0.073700 0.034600 0.145900 0.151500 0.000400 0.075300 0.036800 0.282700 0.037900 0.282700 0.172700 0.075500 0.072100 0.036700 0.071600 0.264500 0.000400 0.000700 0.147900 0.106900 0.185200 0.073100 0.170200 0.193000 0.262000 0.000900 0.072400 0.000800 0.036900 0.035500 0.264500 0.264500
Sitatunga 0.268100 0.194300 0.000200 0.273000 0.213100 0.274100 0.037500 0.224900 0.037100 0.412400 0.218100 0.037100 0.225500 0.287600 0.288100 0.226000 0.073300 0.076000 0.214000 0.000000 0.277500 0.212700 0.362100 0.266800 0.218100 0.340300 0.225000 0.039800 0.288700 0.039800 0.412400 0.345800 0.269400 0.281100 0.326100 0.037100 0.218100 0.213100 0.434300 0.307000 0.417300 0.326200 0.413600 0.316200 0.036900 0.226100 0.323300 0.215300 0.281100 0.266000 0.037100 0.037100
Oribi 0.114600 0.154300 0.279500 0.268200 0.073700 0.116200 0.332900 0.076700 0.332900 0.173400 0.074900 0.332900 0.077800 0.122900 0.123200 0.038500 0.317400 0.395900 0.073700 0.277500 0.000000 0.035500 0.148400 0.156700 0.074900 0.076600 0.037900 0.358400 0.039200 0.358400 0.173400 0.167400 0.073700 0.037600 0.073600 0.332900 0.074900 0.073700 0.153100 0.109500 0.188100 0.074500 0.170900 0.198400 0.330100 0.077600 0.075100 0.073700 0.120500 0.113900 0.332900 0.332900
BarbaryShe 0.071100 0.108100 0.213400 0.206400 0.034600 0.072200 0.260100 0.113300 0.260100 0.123400 0.035100 0.260100 0.036500 0.076100 0.076200 0.075900 0.253800 0.314200 0.034600 0.212700 0.035500 0.000000 0.103800 0.108800 0.035100 0.114100 0.000500 0.280800 0.077200 0.280800 0.123400 0.117500 0.034600 0.074200 0.109300 0.260100 0.035100 0.034600 0.189500 0.067400 0.140300 0.110700 0.120200 0.146700 0.257400 0.072500 0.110700 0.034700 0.074600 0.071000 0.260100 0.260100
Daviddeer 0.187600 0.230000 0.364400 0.353900 0.143700 0.189600 0.422500 0.239000 0.422500 0.032800 0.146900 0.422500 0.151700 0.199800 0.199200 0.197700 0.405000 0.493400 0.145900 0.362100 0.148400 0.103800 0.000000 0.069700 0.146900 0.242500 0.109700 0.443500 0.200600 0.443500 0.032800 0.245800 0.145600 0.193900 0.231300 0.422500 0.146900 0.143700 0.330400 0.032700 0.032700 0.233900 0.032800 0.106000 0.419100 0.151500 0.235900 0.145100 0.195800 0.187300 0.422500 0.422500
Reindeer 0.196100 0.237400 0.267500 0.366000 0.149500 0.198500 0.319000 0.157000 0.319000 0.105900 0.152900 0.319000 0.158100 0.209500 0.209000 0.208700 0.304700 0.381500 0.151500 0.266800 0.156700 0.108800 0.069700 0.000000 0.152900 0.254300 0.115500 0.340900 0.212800 0.340900 0.105900 0.256900 0.151300 0.202900 0.241900 0.319000 0.152900 0.149500 0.343700 0.034200 0.106000 0.244500 0.105900 0.034700 0.316500 0.158300 0.247800 0.150800 0.205200 0.194900 0.319000 0.319000
Ibex 0.035700 0.112000 0.219500 0.214300 0.000400 0.036100 0.269800 0.075100 0.269800 0.173700 0.000000 0.269800 0.000700 0.038200 0.038400 0.078200 0.259300 0.326400 0.000400 0.218100 0.074900 0.035100 0.146900 0.152900 0.000000 0.076500 0.037400 0.288400 0.038600 0.288400 0.173700 0.077500 0.073300 0.037200 0.072800 0.269800 0.000000 0.000400 0.150900 0.107900 0.186300 0.074200 0.171200 0.194000 0.267600 0.000500 0.074100 0.000400 0.037500 0.035800 0.269800 0.269800
GyrantGaze 0.116200 0.203500 0.344400 0.337400 0.075400 0.118000 0.405300 0.076800 0.405300 0.270800 0.076500 0.405300 0.079600 0.124300 0.125700 0.079700 0.388000 0.475600 0.075300 0.340300 0.076600 0.114100 0.242500 0.254300 0.076500 0.000000 0.122200 0.406800 0.037800 0.406800 0.270800 0.170300 0.158000 0.037300 0.073900 0.405300 0.076500 0.075400 0.154000 0.198600 0.288500 0.000500 0.269300 0.303400 0.402200 0.079800 0.075400 0.075000 0.122400 0.087500 0.405300 0.405300
Hartebeest 0.075800 0.115200 0.226900 0.220500 0.036900 0.076800 0.277500 0.120600 0.277500 0.130000 0.037400 0.277500 0.039000 0.081100 0.081700 0.080800 0.266400 0.335600 0.036800 0.225000 0.037900 0.000500 0.109700 0.115500 0.037400 0.122200 0.000000 0.296900 0.082500 0.296900 0.130000 0.124000 0.036500 0.079200 0.116200 0.277500 0.037400 0.036900 0.199300 0.072000 0.148300 0.117900 0.127300 0.155700 0.275100 0.038900 0.118800 0.036800 0.079500 0.075700 0.277500 0.277500
Bongo 0.346100 0.249800 0.040000 0.349500 0.281000 0.354300 0.080400 0.298100 0.080400 0.495500 0.288400 0.080400 0.296000 0.369500 0.374200 0.300600 0.119200 0.123700 0.282700 0.039800 0.358400 0.280800 0.443500 0.340900 0.288400 0.406800 0.296900 0.000000 0.374500 0.000000 0.495500 0.435300 0.346300 0.362700 0.411400 0.080400 0.288400 0.281000 0.525500 0.384200 0.502000 0.413900 0.497300 0.394900 0.080000 0.300100 0.408700 0.284800 0.363200 0.341100 0.080400 0.080400
Gerenuk 0.077900 0.162500 0.292000 0.265800 0.038200 0.079400 0.345500 0.039100 0.345500 0.223500 0.038600 0.345500 0.040200 0.081200 0.084500 0.040400 0.331600 0.408100 0.037900 0.288700 0.039200 0.077200 0.200600 0.212800 0.038600 0.037800 0.082500 0.374500 0.000000 0.374500 0.223500 0.123300 0.119300 0.001300 0.037400 0.345500 0.038600 0.038200 0.115900 0.158600 0.244500 0.037100 0.221500 0.260000 0.343000 0.040600 0.036600 0.037900 0.058300 0.046600 0.345500 0.345500
CommonElan 0.346100 0.249800 0.040000 0.349500 0.281000 0.354300 0.080400 0.298100 0.080500 0.495500 0.288400 0.080300 0.296000 0.369500 0.374200 0.300600 0.119200 0.123700 0.282700 0.039800 0.358400 0.280800 0.443500 0.340900 0.288400 0.406800 0.296900 0.000000 0.374500 0.000000 0.495500 0.435300 0.346300 0.362700 0.411400 0.080400 0.288400 0.281000 0.525500 0.384200 0.502000 0.413900 0.497300 0.394900 0.080000 0.300100 0.408700 0.284800 0.363200 0.341100 0.080400 0.080400
MuntiacusR 0.219100 0.259400 0.406800 0.409600 0.166200 0.219600 0.479600 0.271500 0.479600 0.000000 0.173700 0.479600 0.173200 0.227400 0.225500 0.228200 0.458100 0.560300 0.172700 0.412400 0.173400 0.123400 0.032800 0.105900 0.173700 0.270800 0.130000 0.495500 0.223500 0.495500 0.000000 0.275100 0.182300 0.223300 0.259600 0.479600 0.173700 0.166200 0.365900 0.066000 0.066800 0.267200 0.000200 0.131700 0.476400 0.174600 0.265400 0.166700 0.229600 0.193800 0.479600 0.479600
HarveysDui 0.117900 0.207400 0.350500 0.211700 0.076200 0.119900 0.344300 0.167700 0.344300 0.275100 0.077500 0.344300 0.081200 0.036500 0.127700 0.170200 0.334900 0.408200 0.075500 0.345800 0.167400 0.117500 0.245800 0.256900 0.077500 0.170300 0.124000 0.435300 0.123300 0.435300 0.275100 0.000000 0.161200 0.123100 0.161700 0.344300 0.077500 0.076200 0.255900 0.200100 0.293600 0.165400 0.273300 0.307800 0.339400 0.039100 0.166000 0.076000 0.074500 0.117400 0.344300 0.344300
Pronghorn 0.111600 0.151200 0.270500 0.165600 0.072300 0.113300 0.325600 0.157400 0.325600 0.182300 0.073300 0.325600 0.076300 0.118600 0.118800 0.118600 0.312600 0.387700 0.072100 0.269400 0.073700 0.034600 0.145600 0.151300 0.073300 0.158000 0.036500 0.346300 0.119300 0.346300 0.182300 0.161200 0.000000 0.116400 0.072400 0.325600 0.073300 0.072300 0.148600 0.105900 0.104400 0.154700 0.181900 0.108800 0.323700 0.075900 0.153800 0.072400 0.117500 0.073000 0.325600 0.325600
BlueWildeb 0.075400 0.157800 0.284000 0.273700 0.036700 0.076500 0.337600 0.037700 0.337600 0.223300 0.037200 0.337600 0.038800 0.080700 0.081300 0.039200 0.322500 0.400800 0.036700 0.281100 0.037600 0.074200 0.193900 0.202900 0.037200 0.037300 0.079200 0.362700 0.001300 0.362700 0.223300 0.123100 0.116400 0.000000 0.036400 0.337600 0.037200 0.036700 0.110900 0.151900 0.236600 0.036500 0.221600 0.248600 0.334600 0.038700 0.036500 0.036900 0.079200 0.075100 0.337600 0.337600
Gemsbok 0.111300 0.195200 0.329400 0.211400 0.071800 0.112500 0.386300 0.073800 0.386300 0.259600 0.072800 0.386300 0.075900 0.118500 0.118800 0.076900 0.368400 0.452600 0.071600 0.326100 0.073600 0.109300 0.231300 0.241900 0.072800 0.073900 0.116200 0.411400 0.037400 0.411400 0.259600 0.161700 0.072400 0.036400 0.000000 0.386300 0.072800 0.071800 0.069700 0.218100 0.184200 0.072100 0.257800 0.192900 0.382100 0.075400 0.072400 0.108800 0.116700 0.072300 0.386300 0.386300
Yak 0.322600 0.239100 0.037300 0.219600 0.263500 0.329800 0.000000 0.275900 0.000000 0.479600 0.269800 0.000000 0.280000 0.345900 0.348000 0.277600 0.035800 0.036800 0.264500 0.037100 0.332900 0.260100 0.422500 0.319000 0.269800 0.405300 0.277500 0.080400 0.345500 0.080400 0.479600 0.344300 0.325600 0.337600 0.386300 0.000000 0.269800 0.263500 0.505800 0.361900 0.484300 0.386000 0.482000 0.372900 0.000200 0.225900 0.382900 0.266300 0.337300 0.322300 0.000000 0.000000
BlueSheep 0.035700 0.112000 0.219500 0.214300 0.000400 0.036100 0.269800 0.075100 0.269800 0.173700 0.000000 0.269800 0.000700 0.038200 0.038400 0.078200 0.259300 0.326400 0.000400 0.218100 0.074900 0.035100 0.146900 0.152900 0.000000 0.076500 0.037400 0.288400 0.038600 0.288400 0.173700 0.077500 0.073300 0.037200 0.072800 0.269800 0.000000 0.000400 0.150900 0.107900 0.186300 0.074200 0.171200 0.194000 0.267600 0.000500 0.074100 0.000400 0.037500 0.035800 0.269800 0.269800
BohorReedb 0.035200 0.110200 0.214800 0.211100 0.000000 0.035700 0.263500 0.073900 0.263500 0.166200 0.000400 0.263500 0.001100 0.037600 0.037400 0.077100 0.253400 0.318000 0.000700 0.213100 0.073700 0.034600 0.143700 0.149500 0.000400 0.075400 0.036900 0.281000 0.038200 0.281000 0.166200 0.076200 0.072300 0.036700 0.071800 0.263500 0.000400 0.000000 0.148300 0.105600 0.182400 0.073000 0.161600 0.190000 0.260700 0.000900 0.072600 0.000700 0.037000 0.035500 0.263500 0.263500
KirksDik 0.193100 0.187800 0.441700 0.301300 0.148300 0.195100 0.505800 0.153500 0.505800 0.365900 0.150900 0.505800 0.156000 0.206600 0.204000 0.158800 0.480200 0.587600 0.147900 0.434300 0.153100 0.189500 0.330400 0.343700 0.150900 0.154000 0.199300 0.525500 0.115900 0.525500 0.365900 0.255900 0.148600 0.110900 0.069700 0.505800 0.150900 0.148300 0.000000 0.279100 0.276900 0.150100 0.364200 0.287700 0.497700 0.155800 0.073000 0.148500 0.201600 0.148800 0.505800 0.505800
RoeDeer 0.146500 0.185000 0.309000 0.298900 0.105600 0.148200 0.361900 0.195200 0.361900 0.066000 0.107900 0.361900 0.111700 0.156900 0.157100 0.155800 0.347600 0.424800 0.106900 0.307000 0.109500 0.067400 0.032700 0.034200 0.107900 0.198600 0.072000 0.384200 0.158600 0.384200 0.066000 0.200100 0.105900 0.151900 0.218100 0.361900 0.107900 0.105600 0.279100 0.000000 0.066200 0.191200 0.066100 0.068700 0.359100 0.112300 0.192000 0.108600 0.153400 0.146600 0.361900 0.361900
WhiteLippe 0.229400 0.276000 0.421100 0.294400 0.182400 0.231500 0.484300 0.284500 0.484300 0.066800 0.186300 0.484300 0.193100 0.244100 0.243100 0.241600 0.463600 0.563500 0.185200 0.417300 0.188100 0.140300 0.032700 0.106000 0.186300 0.288500 0.148300 0.502000 0.244500 0.502000 0.066800 0.293600 0.104400 0.236600 0.184200 0.484300 0.186300 0.182400 0.276900 0.066200 0.000000 0.279100 0.066800 0.068300 0.479900 0.192500 0.282300 0.184100 0.239200 0.184800 0.484300 0.484300
ThomsonGaz 0.112900 0.196400 0.329900 0.318600 0.073000 0.114200 0.386000 0.074700 0.386000 0.267200 0.074200 0.386000 0.076900 0.121200 0.121400 0.076500 0.369100 0.453500 0.073100 0.326200 0.074500 0.110700 0.233900 0.244500 0.074200 0.000500 0.117900 0.413900 0.037100 0.413900 0.267200 0.165400 0.154700 0.036500 0.072100 0.386000 0.074200 0.073000 0.150100 0.191200 0.279100 0.000000 0.266300 0.292600 0.382700 0.076900 0.073500 0.073000 0.117300 0.089100 0.386000 0.386000
MuntiacusC 0.216900 0.257800 0.405800 0.412500 0.161600 0.217600 0.482000 0.270100 0.482000 0.000200 0.171200 0.482000 0.171100 0.225400 0.228200 0.226700 0.459400 0.563300 0.170200 0.413600 0.170900 0.120200 0.032800 0.105900 0.171200 0.269300 0.127300 0.497300 0.221500 0.497300 0.000200 0.273300 0.181900 0.221600 0.257800 0.482000 0.171200 0.161600 0.364200 0.066100 0.066800 0.266300 0.000000 0.128200 0.478600 0.172600 0.263800 0.164400 0.227900 0.186200 0.482000 0.482000
WhiteTaile 0.240500 0.286900 0.318600 0.306600 0.190000 0.242600 0.372900 0.198800 0.372900 0.131700 0.194000 0.372900 0.200800 0.256500 0.255800 0.256500 0.354700 0.441200 0.193000 0.316200 0.198400 0.146700 0.106000 0.034700 0.194000 0.303400 0.155700 0.394900 0.260000 0.394900 0.131700 0.307800 0.108800 0.248600 0.192900 0.372900 0.194000 0.190000 0.287700 0.068700 0.068300 0.292600 0.128200 0.000000 0.368100 0.201200 0.296100 0.191900 0.252100 0.192300 0.372900 0.372900
Cattle 0.320100 0.236400 0.036900 0.218000 0.260700 0.327100 0.000200 0.273600 0.000200 0.476400 0.267600 0.000200 0.277200 0.343000 0.344500 0.275200 0.035500 0.036600 0.262000 0.036900 0.330100 0.257400 0.419100 0.316500 0.267600 0.402200 0.275100 0.080000 0.343000 0.080000 0.476400 0.339400 0.323700 0.334600 0.382100 0.000200 0.267600 0.260700 0.497700 0.359100 0.479900 0.382700 0.478600 0.368100 0.000000 0.223300 0.377900 0.263900 0.334600 0.318200 0.000200 0.000200
RoyalAntel 0.037000 0.115700 0.227800 0.173500 0.000900 0.037600 0.225900 0.077800 0.225900 0.174600 0.000500 0.225900 0.000900 0.039700 0.000900 0.081200 0.269900 0.280200 0.000900 0.226100 0.077600 0.072500 0.151500 0.158300 0.000500 0.079800 0.038900 0.300100 0.040600 0.300100 0.174600 0.039100 0.075900 0.038700 0.075400 0.225900 0.000500 0.000900 0.155800 0.112300 0.192500 0.076900 0.172600 0.201200 0.223300 0.000000 0.076700 0.000500 0.038900 0.037400 0.225900 0.225900
Steenbok 0.113400 0.103700 0.327600 0.314000 0.072600 0.114700 0.382900 0.075500 0.382900 0.265400 0.074100 0.382900 0.077200 0.121700 0.122200 0.077000 0.363700 0.452700 0.072400 0.323300 0.075100 0.110700 0.235900 0.247800 0.074100 0.075400 0.118800 0.408700 0.036600 0.408700 0.265400 0.166000 0.153800 0.036500 0.072400 0.382900 0.074100 0.072600 0.073000 0.192000 0.282300 0.073500 0.263800 0.296100 0.377900 0.076700 0.000000 0.073000 0.119000 0.112600 0.382900 0.382900
Impala 0.035300 0.110600 0.216700 0.212000 0.000700 0.035800 0.266300 0.073800 0.266300 0.166700 0.000400 0.266300 0.000700 0.037400 0.037600 0.076600 0.255900 0.322200 0.000800 0.215300 0.073700 0.034700 0.145100 0.150800 0.000400 0.075000 0.036800 0.284800 0.037900 0.284800 0.166700 0.076000 0.072400 0.036900 0.108800 0.266300 0.000400 0.000700 0.148500 0.108600 0.184100 0.073000 0.164400 0.191900 0.263900 0.000500 0.073000 0.000000 0.037100 0.035600 0.266300 0.266300
Klipspring 0.075700 0.157900 0.283700 0.165300 0.037000 0.077000 0.337300 0.120700 0.337300 0.229600 0.037500 0.337300 0.038900 0.036800 0.081800 0.116000 0.321500 0.399900 0.036900 0.281100 0.120500 0.074600 0.195800 0.205200 0.037500 0.122400 0.079500 0.363200 0.058300 0.363200 0.229600 0.074500 0.117500 0.079200 0.116700 0.337300 0.037500 0.037000 0.201600 0.153400 0.239200 0.117300 0.227900 0.252100 0.334600 0.038900 0.119000 0.037100 0.000000 0.049900 0.337300 0.337300
ForestMusk 0.046700 0.127700 0.268600 0.212000 0.035500 0.073200 0.322300 0.114200 0.322300 0.193800 0.035800 0.322300 0.049400 0.077300 0.077100 0.095700 0.309100 0.384100 0.035500 0.266000 0.113900 0.071000 0.187300 0.194900 0.035800 0.087500 0.075700 0.341100 0.046600 0.341100 0.193800 0.117400 0.073000 0.075100 0.072300 0.322300 0.035800 0.035500 0.148800 0.146600 0.184800 0.089100 0.186200 0.192300 0.318200 0.037400 0.112600 0.035600 0.049900 0.000000 0.322300 0.322300
Bushbuck 0.322600 0.239100 0.037300 0.219600 0.263500 0.329800 0.000000 0.275900 0.000000 0.479600 0.269800 0.000000 0.280000 0.345900 0.348000 0.277600 0.035800 0.036800 0.264500 0.037100 0.332900 0.260100 0.422500 0.319000 0.269800 0.405300 0.277500 0.080400 0.345500 0.080400 0.479600 0.344300 0.325600 0.337600 0.386300 0.000000 0.269800 0.263500 0.505800 0.361900 0.484300 0.386000 0.482000 0.372900 0.000200 0.225900 0.382900 0.266300 0.337300 0.322300 0.000000 0.000000
GreaterKud 0.322600 0.239100 0.037300 0.219600 0.263500 0.329800 0.000000 0.275900 0.000000 0.479600 0.269800 0.000000 0.280000 0.345900 0.348000 0.277600 0.035800 0.036800 0.264500 0.037100 0.332900 0.260100 0.422500 0.319000 0.269800 0.405300 0.277500 0.080400 0.345500 0.080400 0.479600 0.344300 0.325600 0.337600 0.386300 0.000000 0.269800 0.263500 0.505800 0.361900 0.484300 0.386000 0.482000 0.372900 0.000200 0.225900 0.382900 0.266300 0.337300 0.322300 0.000000 0.000000
