1
52 1
Argali 0.000000 0.217800 0.085100 0.175600 0.038500 0.009400 0.028900 0.048400 0.079400 0.079200 0.009400 0.053300 0.033500 0.019000 0.053300 0.058100 0.053600 0.053400 0.019000 0.079700 0.048400 0.009400 0.089400 0.079200 0.009400 0.038500 0.028600 0.084200 0.053600 0.079200 0.079100 0.028700 0.048500 0.028700 0.058200 0.043500 0.009500 0.048200 0.033700 0.084500 0.094200 0.038700 0.078900 0.074000 0.040600 0.064400 0.053400 0.043500 0.063400 0.048800 0.084700 0.084400
LesserMous 0.217800 0.000000 0.220300 0.265500 0.212200 0.212000 0.207100 0.188400 0.214000 0.244100 0.212000 0.218900 0.200300 0.200200 0.211400 0.187100 0.206900 0.206700 0.212400 0.213600 0.212800 0.218500 0.243400 0.244000 0.212000 0.194900 0.206400 0.220000 0.214200 0.214200 0.243600 0.188400 0.200500 0.206700 0.217200 0.195500 0.206300 0.236600 0.194600 0.237500 0.236500 0.207300 0.243000 0.225000 0.195300 0.228600 0.212400 0.201000 0.235800 0.189200 0.221000 0.220100
LesserKudu 0.085100 0.220300 0.000000 0.209500 0.074900 0.074700 0.075400 0.069500 0.009500 0.101800 0.074700 0.069300 0.080000 0.064500 0.095800 0.089600 0.090900 0.080200 0.074900 0.009500 0.085500 0.085400 0.107000 0.101700 0.074700 0.085500 0.074900 0.014300 0.097000 0.009600 0.101600 0.064000 0.095900 0.075100 0.090300 0.064500 0.085400 0.095800 0.069200 0.107300 0.095900 0.085400 0.101300 0.096300 0.059300 0.091700 0.090300 0.090900 0.101200 0.075000 0.014400 0.014400
KillerWhal 0.175600 0.265500 0.209500 0.000000 0.176400 0.176000 0.165800 0.164500 0.214900 0.189400 0.176000 0.170500 0.158500 0.164500 0.181800 0.198900 0.170800 0.182300 0.176500 0.215600 0.176800 0.176500 0.188900 0.189400 0.176000 0.164800 0.153100 0.220900 0.178300 0.215000 0.189000 0.164100 0.176300 0.153400 0.175500 0.171500 0.164600 0.200100 0.170300 0.195600 0.200600 0.176800 0.176500 0.183200 0.171300 0.198200 0.194000 0.170900 0.180500 0.153600 0.222200 0.221200
DefassaWat 0.038500 0.212200 0.074900 0.176400 0.000000 0.028800 0.029000 0.038700 0.069300 0.079500 0.028800 0.053600 0.033800 0.019100 0.053500 0.058300 0.053800 0.043600 0.019100 0.069500 0.038800 0.038600 0.089800 0.079500 0.028800 0.038800 0.028800 0.074400 0.053600 0.069400 0.079400 0.019100 0.058800 0.028900 0.058400 0.043900 0.038600 0.019000 0.024000 0.084800 0.094500 0.038800 0.079200 0.074300 0.043800 0.054600 0.043600 0.043800 0.043500 0.039000 0.074800 0.074500
Sheep 0.009400 0.212000 0.074700 0.176000 0.028800 0.000000 0.019200 0.038500 0.069200 0.079400 0.000000 0.053300 0.033600 0.009500 0.053400 0.058200 0.053700 0.043500 0.009500 0.069400 0.036200 0.009500 0.089600 0.079400 0.000000 0.038600 0.028700 0.074000 0.053700 0.069000 0.079300 0.019100 0.048600 0.028700 0.058300 0.043600 0.009500 0.048400 0.024000 0.084700 0.094400 0.038700 0.079000 0.074100 0.043600 0.054300 0.043500 0.041000 0.053400 0.038900 0.074400 0.074100
MaxwellsDu 0.028900 0.207100 0.075400 0.165800 0.029000 0.019200 0.000000 0.029100 0.069800 0.080100 0.019200 0.054000 0.034000 0.009600 0.053800 0.058700 0.054100 0.043900 0.019200 0.070000 0.039100 0.029000 0.090500 0.080100 0.019200 0.039100 0.029000 0.074900 0.054000 0.069900 0.080000 0.019200 0.049100 0.029100 0.058800 0.044100 0.029000 0.048800 0.024200 0.085400 0.095200 0.039100 0.079700 0.074800 0.044100 0.054900 0.043900 0.039100 0.043800 0.039200 0.075300 0.075100
GazellaPrz 0.048400 0.188400 0.069500 0.164500 0.038700 0.038500 0.029100 0.000000 0.064300 0.079700 0.038500 0.053500 0.032500 0.028900 0.053600 0.058400 0.053900 0.043700 0.038700 0.064200 0.038800 0.048600 0.090000 0.079700 0.038500 0.038700 0.038600 0.069100 0.054200 0.064100 0.079600 0.019100 0.048800 0.038700 0.048500 0.043800 0.048700 0.058700 0.024100 0.085000 0.084400 0.038900 0.079300 0.074500 0.043800 0.059600 0.043700 0.043700 0.053100 0.029100 0.069500 0.069200
MountainNy 0.079400 0.214000 0.009500 0.214900 0.069300 0.069200 0.069800 0.064300 0.000000 0.095900 0.069200 0.063800 0.074600 0.059000 0.090000 0.084500 0.085200 0.074500 0.069300 0.000000 0.080100 0.079700 0.095600 0.095800 0.069200 0.080100 0.069400 0.004700 0.096200 0.000000 0.095700 0.059100 0.090500 0.069500 0.084600 0.059100 0.079700 0.090000 0.064400 0.101300 0.089600 0.080100 0.095400 0.090500 0.053900 0.086100 0.085000 0.085400 0.095400 0.069800 0.004700 0.004700
MuntiacusM 0.079200 0.244100 0.101800 0.189400 0.079500 0.079400 0.080100 0.079700 0.095900 0.000000 0.079400 0.084800 0.074500 0.069100 0.095000 0.100100 0.074500 0.079600 0.079500 0.096200 0.090500 0.079500 0.018100 0.028900 0.079400 0.069500 0.069200 0.101100 0.085300 0.096000 0.009200 0.069200 0.079300 0.069400 0.089600 0.074700 0.079500 0.100400 0.074600 0.034000 0.023500 0.069200 0.009200 0.023200 0.074700 0.102600 0.090100 0.085200 0.095100 0.069700 0.101700 0.101300
goat 0.009400 0.212000 0.074700 0.176000 0.028800 0.000000 0.019200 0.038500 0.069200 0.079400 0.000000 0.053300 0.033600 0.009500 0.053400 0.058200 0.053700 0.043500 0.009500 0.069400 0.038600 0.009200 0.089600 0.079400 0.000000 0.038600 0.028700 0.074000 0.053700 0.069000 0.079300 0.019100 0.048600 0.027100 0.058300 0.043600 0.009500 0.048400 0.024000 0.084700 0.094400 0.038700 0.079000 0.074100 0.043600 0.054300 0.043500 0.043600 0.053400 0.038900 0.074400 0.074100
AfricanBuf 0.053300 0.218900 0.069300 0.170500 0.053600 0.053300 0.054000 0.053500 0.063800 0.084800 0.053300 0.000000 0.048500 0.043600 0.068800 0.068500 0.058800 0.058700 0.053600 0.064000 0.063800 0.053500 0.095100 0.084700 0.053300 0.053600 0.043500 0.062600 0.069300 0.063700 0.084600 0.043600 0.063900 0.043600 0.063500 0.033600 0.053600 0.073800 0.048700 0.090100 0.100000 0.053900 0.084400 0.079500 0.028700 0.069500 0.068900 0.058700 0.079100 0.054000 0.069000 0.068700
Topi 0.033500 0.200300 0.080000 0.158500 0.033800 0.033600 0.034000 0.032500 0.074600 0.074500 0.033600 0.048500 0.000000 0.024000 0.048500 0.043400 0.048800 0.048700 0.033800 0.074600 0.032700 0.033700 0.084700 0.074400 0.033600 0.022900 0.004700 0.079500 0.039000 0.074400 0.074400 0.014300 0.043800 0.014300 0.043500 0.038800 0.033800 0.053500 0.019200 0.079700 0.079200 0.024100 0.074100 0.069200 0.038800 0.054400 0.038700 0.028900 0.058100 0.034000 0.079900 0.079500
CommonDuik 0.019000 0.200200 0.064500 0.164500 0.019100 0.009500 0.009600 0.028900 0.059000 0.069100 0.009500 0.043600 0.024000 0.000000 0.043500 0.048300 0.043700 0.033700 0.009500 0.059200 0.028900 0.019100 0.079300 0.069100 0.009500 0.028900 0.019100 0.064100 0.043400 0.059100 0.069000 0.009500 0.038700 0.019100 0.048400 0.033900 0.019100 0.038500 0.014300 0.074400 0.083900 0.028900 0.068800 0.064000 0.033900 0.044300 0.033700 0.033900 0.043500 0.028900 0.064400 0.064200
Suni 0.053300 0.211400 0.095800 0.181800 0.053500 0.053400 0.053800 0.053600 0.090000 0.095000 0.053400 0.068800 0.048500 0.043500 0.000000 0.073400 0.068900 0.068700 0.053500 0.090300 0.063800 0.053500 0.094800 0.095000 0.053400 0.053600 0.043500 0.095200 0.068300 0.090100 0.094800 0.043500 0.074000 0.043600 0.053300 0.058900 0.043500 0.073600 0.048600 0.100400 0.109800 0.053700 0.094600 0.089700 0.058800 0.080400 0.058500 0.058700 0.078800 0.064000 0.095600 0.095300
Springbuck 0.058100 0.187100 0.089600 0.198900 0.058300 0.058200 0.058700 0.058400 0.084500 0.100100 0.058200 0.068500 0.043400 0.048300 0.073400 0.000000 0.073800 0.073600 0.058300 0.084100 0.048500 0.058300 0.110600 0.100100 0.058200 0.028700 0.048300 0.089600 0.033800 0.084500 0.100000 0.038400 0.068600 0.048400 0.078400 0.048600 0.058300 0.078500 0.043400 0.105600 0.104800 0.028800 0.099700 0.084300 0.048500 0.074800 0.063300 0.053500 0.072900 0.058700 0.090100 0.089700
Okapi 0.053600 0.206900 0.090900 0.170800 0.053800 0.053700 0.054100 0.053900 0.085200 0.074500 0.053700 0.058800 0.048800 0.043700 0.068900 0.073800 0.000000 0.038700 0.053800 0.085400 0.064200 0.043700 0.084800 0.074500 0.053700 0.043900 0.043800 0.090300 0.058800 0.085200 0.074400 0.043700 0.053900 0.043900 0.063600 0.049000 0.053800 0.074000 0.048900 0.079800 0.089300 0.054000 0.074200 0.069300 0.048900 0.080800 0.069100 0.059100 0.079200 0.044000 0.090800 0.090500
Giraffe 0.053400 0.206700 0.080200 0.182300 0.043600 0.043500 0.043900 0.043700 0.074500 0.079600 0.043500 0.058700 0.048700 0.033700 0.068700 0.073600 0.038700 0.000000 0.043600 0.074800 0.053900 0.053600 0.089900 0.079600 0.043500 0.053900 0.043700 0.079700 0.069200 0.074600 0.079500 0.033800 0.058900 0.043700 0.063500 0.038800 0.053600 0.063600 0.038800 0.084900 0.094600 0.053900 0.079300 0.074300 0.038800 0.059700 0.048600 0.059000 0.068700 0.043900 0.080100 0.079800
TibetanAnt 0.019000 0.212400 0.074900 0.176500 0.019100 0.009500 0.019200 0.038700 0.069300 0.079500 0.009500 0.053600 0.033800 0.009500 0.053500 0.058300 0.053800 0.043600 0.000000 0.069500 0.038800 0.019100 0.089800 0.079500 0.009500 0.038800 0.028800 0.074400 0.053600 0.069400 0.079400 0.019100 0.048700 0.028900 0.058500 0.043900 0.019100 0.038500 0.024000 0.084800 0.094500 0.038800 0.079200 0.074300 0.043800 0.054600 0.043600 0.043800 0.043500 0.038900 0.074800 0.074600
Sitatunga 0.079700 0.213600 0.009500 0.215600 0.069500 0.069400 0.070000 0.064200 0.000000 0.096200 0.069400 0.064000 0.074600 0.059200 0.090300 0.084100 0.085400 0.074800 0.069500 0.000000 0.080100 0.080000 0.095800 0.096100 0.069400 0.080000 0.069600 0.004700 0.091400 0.000000 0.096000 0.058700 0.090400 0.069700 0.084800 0.059300 0.080000 0.090300 0.063900 0.101600 0.085000 0.079900 0.095700 0.090800 0.054100 0.086100 0.084800 0.085400 0.095700 0.069600 0.004800 0.004700
Oribi 0.048400 0.212800 0.085500 0.176800 0.038800 0.036200 0.039100 0.038800 0.080100 0.090500 0.038600 0.063800 0.032700 0.028900 0.063800 0.048500 0.064200 0.053900 0.038800 0.080100 0.000000 0.048600 0.101000 0.090500 0.038600 0.029000 0.038700 0.084900 0.044200 0.079900 0.090400 0.019200 0.059100 0.038800 0.058700 0.054000 0.048800 0.058800 0.024100 0.095900 0.095200 0.029100 0.090100 0.085200 0.053900 0.049500 0.043800 0.033900 0.063300 0.029200 0.085400 0.085100
BarbaryShe 0.009400 0.218500 0.085400 0.176500 0.038600 0.009500 0.029000 0.048600 0.079700 0.079500 0.009200 0.053500 0.033700 0.019100 0.053500 0.058300 0.043700 0.053600 0.019100 0.080000 0.048600 0.000000 0.089800 0.079500 0.009100 0.038700 0.028700 0.084600 0.053900 0.079500 0.079400 0.028800 0.048700 0.027400 0.058500 0.043700 0.009500 0.058500 0.033800 0.084800 0.094600 0.038800 0.079200 0.074300 0.043700 0.064600 0.053600 0.043700 0.063600 0.049000 0.085000 0.083800
Daviddeer 0.089400 0.243400 0.107000 0.188900 0.089800 0.089600 0.090500 0.090000 0.095600 0.018100 0.089600 0.095100 0.084700 0.079300 0.094800 0.110600 0.084800 0.089900 0.089800 0.095800 0.101000 0.089800 0.000000 0.038700 0.089600 0.079700 0.079400 0.100800 0.095800 0.095600 0.019100 0.079400 0.089600 0.079600 0.099900 0.085000 0.079400 0.110900 0.084900 0.043800 0.013500 0.090300 0.018600 0.033700 0.085000 0.113400 0.100500 0.095600 0.105600 0.080000 0.101300 0.100900
Reindeer 0.079200 0.244000 0.101700 0.189400 0.079500 0.079400 0.080100 0.079700 0.095800 0.028900 0.079400 0.084700 0.074400 0.069100 0.095000 0.100100 0.074500 0.079600 0.079500 0.096100 0.090500 0.079500 0.038700 0.000000 0.079400 0.069500 0.069200 0.101000 0.085300 0.095900 0.028900 0.069200 0.079300 0.069400 0.089600 0.074700 0.079500 0.100400 0.074600 0.033900 0.043400 0.080000 0.028800 0.024000 0.074600 0.102500 0.090100 0.085200 0.105800 0.069700 0.101600 0.101200
Ibex 0.009400 0.212000 0.074700 0.176000 0.028800 0.000000 0.019200 0.038500 0.069200 0.079400 0.000000 0.053300 0.033600 0.009500 0.053400 0.058200 0.053700 0.043500 0.009500 0.069400 0.038600 0.009100 0.089600 0.079400 0.000000 0.038600 0.028700 0.074000 0.053700 0.069000 0.079300 0.019100 0.048600 0.028700 0.058300 0.043600 0.009500 0.048400 0.024000 0.084700 0.094400 0.038700 0.079000 0.074100 0.043600 0.054300 0.043500 0.043600 0.053400 0.038900 0.074400 0.074100
GyrantGaze 0.038500 0.194900 0.085500 0.164800 0.038800 0.038600 0.039100 0.038700 0.080100 0.069500 0.038600 0.053600 0.022900 0.028900 0.053600 0.028700 0.043900 0.053900 0.038800 0.080000 0.029000 0.038700 0.079700 0.069500 0.038600 0.000000 0.028900 0.084900 0.014500 0.079800 0.069400 0.019200 0.038900 0.028900 0.058600 0.043900 0.038800 0.058700 0.024100 0.074800 0.074200 0.009600 0.069200 0.064300 0.043800 0.059700 0.043700 0.031800 0.063300 0.029100 0.085400 0.084500
Hartebeest 0.028600 0.206400 0.074900 0.153100 0.028800 0.028700 0.029000 0.038600 0.069400 0.069200 0.028700 0.043500 0.004700 0.019100 0.043500 0.048300 0.043800 0.043700 0.028800 0.069600 0.038700 0.028700 0.079400 0.069200 0.028700 0.028900 0.000000 0.074200 0.043800 0.069200 0.069100 0.019100 0.048800 0.009500 0.038600 0.033800 0.028800 0.048500 0.024000 0.074500 0.084100 0.029000 0.068900 0.064100 0.033800 0.054400 0.043600 0.033800 0.053500 0.039000 0.074600 0.074300
Bongo 0.084200 0.220000 0.014300 0.220900 0.074400 0.074000 0.074900 0.069100 0.004700 0.101100 0.074000 0.062600 0.079500 0.064100 0.095200 0.089600 0.090300 0.079700 0.074400 0.004700 0.084900 0.084600 0.100800 0.101000 0.074000 0.084900 0.074200 0.000000 0.101700 0.004700 0.101000 0.064100 0.095700 0.074400 0.089700 0.063900 0.084900 0.095200 0.069500 0.106600 0.095000 0.085300 0.100700 0.095700 0.058700 0.091000 0.090200 0.090200 0.100600 0.075000 0.009200 0.009500
Gerenuk 0.053600 0.214200 0.097000 0.178300 0.053600 0.053700 0.054000 0.054200 0.096200 0.085300 0.053700 0.069300 0.039000 0.043400 0.068300 0.033800 0.058800 0.069200 0.053600 0.091400 0.044200 0.053900 0.095800 0.085300 0.053700 0.014500 0.043800 0.101700 0.000000 0.096500 0.085200 0.034000 0.054200 0.043800 0.074000 0.059300 0.053600 0.074200 0.039100 0.090700 0.090300 0.024300 0.085000 0.080000 0.059300 0.076000 0.048900 0.049200 0.074500 0.044300 0.102200 0.101800
CommonElan 0.079200 0.214200 0.009600 0.215000 0.069400 0.069000 0.069900 0.064100 0.000000 0.096000 0.069000 0.063700 0.074400 0.059100 0.090100 0.084500 0.085200 0.074600 0.069400 0.000000 0.079900 0.079500 0.095600 0.095900 0.069000 0.079800 0.069200 0.004700 0.096500 0.000000 0.095800 0.059100 0.090600 0.069300 0.084600 0.058900 0.079800 0.090100 0.064400 0.101400 0.089800 0.080200 0.095500 0.090600 0.053800 0.085900 0.085100 0.085100 0.095500 0.069900 0.004700 0.004600
MuntiacusR 0.079100 0.243600 0.101600 0.189000 0.079400 0.079300 0.080000 0.079600 0.095700 0.009200 0.079300 0.084600 0.074400 0.069000 0.094800 0.100000 0.074400 0.079500 0.079400 0.096000 0.090400 0.079400 0.019100 0.028900 0.079300 0.069400 0.069100 0.101000 0.085200 0.095800 0.000000 0.069100 0.079200 0.069300 0.089400 0.074600 0.079400 0.100300 0.074500 0.033900 0.023500 0.079900 0.009200 0.024000 0.074600 0.102500 0.090000 0.085100 0.095000 0.069600 0.101500 0.101100
HarveysDui 0.028700 0.188400 0.064000 0.164100 0.019100 0.019100 0.019200 0.019100 0.059100 0.069200 0.019100 0.043600 0.014300 0.009500 0.043500 0.038400 0.043700 0.033800 0.019100 0.058700 0.019200 0.028800 0.079400 0.069200 0.019100 0.019200 0.019100 0.064100 0.034000 0.059100 0.069100 0.000000 0.038700 0.019200 0.048400 0.033900 0.028800 0.038600 0.004700 0.074500 0.073900 0.019200 0.068900 0.064000 0.033900 0.039300 0.023900 0.024000 0.042600 0.019200 0.064500 0.064200
Pronghorn 0.048500 0.200500 0.095900 0.176300 0.058800 0.048600 0.049100 0.048800 0.090500 0.079300 0.048600 0.063900 0.043800 0.038700 0.074000 0.068600 0.053900 0.058900 0.048700 0.090400 0.059100 0.048700 0.089600 0.079300 0.048600 0.038900 0.048800 0.095700 0.054200 0.090600 0.079200 0.038700 0.000000 0.048900 0.068700 0.054000 0.048700 0.079200 0.043800 0.084900 0.084300 0.048900 0.079000 0.074100 0.054000 0.075500 0.053800 0.054000 0.083900 0.039000 0.096200 0.095900
BlueWildeb 0.028700 0.206700 0.075100 0.153400 0.028900 0.028700 0.029100 0.038700 0.069500 0.069400 0.027100 0.043600 0.014300 0.019100 0.043600 0.048400 0.043900 0.043700 0.028900 0.069700 0.038800 0.027400 0.079600 0.069400 0.028700 0.028900 0.009500 0.074400 0.043800 0.069300 0.069300 0.019200 0.048900 0.000000 0.038600 0.032900 0.028900 0.048600 0.024100 0.074600 0.084300 0.029000 0.069000 0.064200 0.033900 0.054500 0.043700 0.033900 0.053600 0.039100 0.074700 0.074500
Gemsbok 0.058200 0.217200 0.090300 0.175500 0.058400 0.058300 0.058800 0.048500 0.084600 0.089600 0.058300 0.063500 0.043500 0.048400 0.053300 0.078400 0.063600 0.063500 0.058500 0.084800 0.058700 0.058500 0.099900 0.089600 0.058300 0.058600 0.038600 0.089700 0.074000 0.084600 0.089400 0.048400 0.068700 0.038600 0.000000 0.053700 0.058500 0.078600 0.053600 0.094900 0.104700 0.058700 0.089200 0.084300 0.053700 0.075000 0.073700 0.053700 0.083900 0.048800 0.090100 0.089800
Yak 0.043500 0.195500 0.064500 0.171500 0.043900 0.043600 0.044100 0.043800 0.059100 0.074700 0.043600 0.033600 0.038800 0.033900 0.058900 0.048600 0.049000 0.038800 0.043900 0.059300 0.054000 0.043700 0.085000 0.074700 0.043600 0.043900 0.033800 0.063900 0.059300 0.058900 0.074600 0.033900 0.054000 0.032900 0.053700 0.000000 0.043900 0.063900 0.039000 0.080000 0.089800 0.044100 0.074400 0.059200 0.004700 0.059600 0.059000 0.048900 0.069100 0.044200 0.064200 0.064000
BlueSheep 0.009500 0.206300 0.085400 0.164600 0.038600 0.009500 0.029000 0.048700 0.079700 0.079500 0.009500 0.053600 0.033800 0.019100 0.043500 0.058300 0.053800 0.053600 0.019100 0.080000 0.048800 0.009500 0.079400 0.079500 0.009500 0.038800 0.028800 0.084900 0.053600 0.079800 0.079400 0.028800 0.048700 0.028900 0.058500 0.043900 0.000000 0.058500 0.033800 0.084800 0.094500 0.038800 0.079200 0.074300 0.043800 0.064900 0.053600 0.043800 0.063600 0.049000 0.085300 0.085000
BohorReedb 0.048200 0.236600 0.095800 0.200100 0.019000 0.048400 0.048800 0.058700 0.090000 0.100400 0.048400 0.073800 0.053500 0.038500 0.073600 0.078500 0.074000 0.063600 0.038500 0.090300 0.058800 0.058500 0.110900 0.100400 0.048400 0.058700 0.048500 0.095200 0.074200 0.090100 0.100300 0.038600 0.079200 0.048600 0.078600 0.063900 0.058500 0.000000 0.043600 0.095200 0.115800 0.058800 0.100000 0.095100 0.063900 0.075100 0.063600 0.063900 0.063400 0.059000 0.095700 0.095400
KirksDik 0.033700 0.194600 0.069200 0.170300 0.024000 0.024000 0.024200 0.024100 0.064400 0.074600 0.024000 0.048700 0.019200 0.014300 0.048600 0.043400 0.048900 0.038800 0.024000 0.063900 0.024100 0.033800 0.084900 0.074600 0.024000 0.024100 0.024000 0.069500 0.039100 0.064400 0.074500 0.004700 0.043800 0.024100 0.053600 0.039000 0.033800 0.043600 0.000000 0.079900 0.079300 0.024100 0.074300 0.069400 0.039000 0.044500 0.028900 0.029000 0.047500 0.024200 0.069800 0.069600
RoeDeer 0.084500 0.237500 0.107300 0.195600 0.084800 0.084700 0.085400 0.085000 0.101300 0.034000 0.084700 0.090100 0.079700 0.074400 0.100400 0.105600 0.079800 0.084900 0.084800 0.101600 0.095900 0.084800 0.043800 0.033900 0.084700 0.074800 0.074500 0.106600 0.090700 0.101400 0.033900 0.074500 0.084900 0.074600 0.094900 0.080000 0.084800 0.095200 0.079900 0.000000 0.048300 0.085300 0.033800 0.029000 0.080000 0.108200 0.095500 0.090600 0.111200 0.075000 0.107200 0.106700
WhiteLippe 0.094200 0.236500 0.095900 0.200600 0.094500 0.094400 0.095200 0.084400 0.089600 0.023500 0.094400 0.100000 0.079200 0.083900 0.109800 0.104800 0.089300 0.094600 0.094500 0.085000 0.095200 0.094600 0.013500 0.043400 0.094400 0.074200 0.084100 0.095000 0.090300 0.089800 0.023500 0.073900 0.084300 0.084300 0.104700 0.089800 0.094500 0.115800 0.079300 0.048300 0.000000 0.084700 0.023400 0.038400 0.089800 0.112900 0.094800 0.089900 0.105300 0.074400 0.095500 0.095100
ThomsonGaz 0.038700 0.207300 0.085400 0.176800 0.038800 0.038700 0.039100 0.038900 0.080100 0.069200 0.038700 0.053900 0.024100 0.028900 0.053700 0.028800 0.054000 0.053900 0.038800 0.079900 0.029100 0.038800 0.090300 0.080000 0.038700 0.009600 0.029000 0.085300 0.024300 0.080200 0.079900 0.019200 0.048900 0.029000 0.058700 0.044100 0.038800 0.058800 0.024100 0.085300 0.084700 0.000000 0.079600 0.074700 0.044000 0.060000 0.043800 0.034000 0.063200 0.039100 0.085700 0.085400
MuntiacusC 0.078900 0.243000 0.101300 0.176500 0.079200 0.079000 0.079700 0.079300 0.095400 0.009200 0.079000 0.084400 0.074100 0.068800 0.094600 0.099700 0.074200 0.079300 0.079200 0.095700 0.090100 0.079200 0.018600 0.028800 0.079000 0.069200 0.068900 0.100700 0.085000 0.095500 0.009200 0.068900 0.079000 0.069000 0.089200 0.074400 0.079200 0.100000 0.074300 0.033800 0.023400 0.079600 0.000000 0.023900 0.074300 0.102100 0.089700 0.084800 0.094700 0.069400 0.101200 0.100800
WhiteTaile 0.074000 0.225000 0.096300 0.183200 0.074300 0.074100 0.074800 0.074500 0.090500 0.023200 0.074100 0.079500 0.069200 0.064000 0.089700 0.084300 0.069300 0.074300 0.074300 0.090800 0.085200 0.074300 0.033700 0.024000 0.074100 0.064300 0.064100 0.095700 0.080000 0.090600 0.024000 0.064000 0.074100 0.064200 0.084300 0.059200 0.074300 0.095100 0.069400 0.029000 0.038400 0.074700 0.023900 0.000000 0.059200 0.097100 0.084800 0.079900 0.100400 0.064500 0.096200 0.095900
Cattle 0.040600 0.195300 0.059300 0.171300 0.043800 0.043600 0.044100 0.043800 0.053900 0.074700 0.043600 0.028700 0.038800 0.033900 0.058800 0.048500 0.048900 0.038800 0.043800 0.054100 0.053900 0.043700 0.085000 0.074600 0.043600 0.043800 0.033800 0.058700 0.059300 0.053800 0.074600 0.033900 0.054000 0.033900 0.053700 0.004700 0.043800 0.063900 0.039000 0.080000 0.089800 0.044000 0.074300 0.059200 0.000000 0.059500 0.059000 0.048900 0.069100 0.044100 0.059000 0.058800
RoyalAntel 0.064400 0.228600 0.091700 0.198200 0.054600 0.054300 0.054900 0.059600 0.086100 0.102600 0.054300 0.069500 0.054400 0.044300 0.080400 0.074800 0.080800 0.059700 0.054600 0.086100 0.049500 0.064600 0.113400 0.102500 0.054300 0.059700 0.054400 0.091000 0.076000 0.085900 0.102500 0.039300 0.075500 0.054500 0.075000 0.059600 0.064900 0.075100 0.044500 0.108200 0.112900 0.060000 0.102100 0.097100 0.059500 0.000000 0.054500 0.054600 0.080000 0.049900 0.091500 0.091200
Steenbok 0.053400 0.212400 0.090300 0.194000 0.043600 0.043500 0.043900 0.043700 0.085000 0.090100 0.043500 0.068900 0.038700 0.033700 0.058500 0.063300 0.069100 0.048600 0.043600 0.084800 0.043800 0.053600 0.100500 0.090100 0.043500 0.043700 0.043600 0.090200 0.048900 0.085100 0.090000 0.023900 0.053800 0.043700 0.073700 0.059000 0.053600 0.063600 0.028900 0.095500 0.094800 0.043800 0.089700 0.084800 0.059000 0.054500 0.000000 0.048800 0.068000 0.043900 0.090600 0.090300
Impala 0.043500 0.201000 0.090900 0.170900 0.043800 0.041000 0.039100 0.043700 0.085400 0.085200 0.043600 0.058700 0.028900 0.033900 0.058700 0.053500 0.059100 0.059000 0.043800 0.085400 0.033900 0.043700 0.095600 0.085200 0.043600 0.031800 0.033800 0.090200 0.049200 0.085100 0.085100 0.024000 0.054000 0.033900 0.053700 0.048900 0.043800 0.063900 0.029000 0.090600 0.089900 0.034000 0.084800 0.079900 0.048900 0.054600 0.048800 0.000000 0.068500 0.034100 0.090700 0.090400
Klipspring 0.063400 0.235800 0.101200 0.180500 0.043500 0.053400 0.043800 0.053100 0.095400 0.095100 0.053400 0.079100 0.058100 0.043500 0.078800 0.072900 0.079200 0.068700 0.043500 0.095700 0.063300 0.063600 0.105600 0.105800 0.053400 0.063300 0.053500 0.100600 0.074500 0.095500 0.095000 0.042600 0.083900 0.053600 0.083900 0.069100 0.063600 0.063400 0.047500 0.111200 0.105300 0.063200 0.094700 0.100400 0.069100 0.080000 0.068000 0.068500 0.000000 0.063400 0.101100 0.100800
ForestMusk 0.048800 0.189200 0.075000 0.153600 0.039000 0.038900 0.039200 0.029100 0.069800 0.069700 0.038900 0.054000 0.034000 0.028900 0.064000 0.058700 0.044000 0.043900 0.038900 0.069600 0.029200 0.049000 0.080000 0.069700 0.038900 0.029100 0.039000 0.075000 0.044300 0.069900 0.069600 0.019200 0.039000 0.039100 0.048800 0.044200 0.049000 0.059000 0.024200 0.075000 0.074400 0.039100 0.069400 0.064500 0.044100 0.049900 0.043900 0.034100 0.063400 0.000000 0.075400 0.075100
Bushbuck 0.084700 0.221000 0.014400 0.222200 0.074800 0.074400 0.075300 0.069500 0.004700 0.101700 0.074400 0.069000 0.079900 0.064400 0.095600 0.090100 0.090800 0.080100 0.074800 0.004800 0.085400 0.085000 0.101300 0.101600 0.074400 0.085400 0.074600 0.009200 0.102200 0.004700 0.101500 0.064500 0.096200 0.074700 0.090100 0.064200 0.085300 0.095700 0.069800 0.107200 0.095500 0.085700 0.101200 0.096200 0.059000 0.091500 0.090600 0.090700 0.101100 0.075400 0.000000 0.009200
GreaterKud 0.084400 0.220100 0.014400 0.221200 0.074500 0.074100 0.075100 0.069200 0.004700 0.101300 0.074100 0.068700 0.079500 0.064200 0.095300 0.089700 0.090500 0.079800 0.074600 0.004700 0.085100 0.083800 0.100900 0.101200 0.074100 0.084500 0.074300 0.009500 0.101800 0.004600 0.101100 0.064200 0.095900 0.074500 0.089800 0.064000 0.085000 0.095400 0.069600 0.106700 0.095100 0.085400 0.100800 0.095900 0.058800 0.091200 0.090300 0.090400 0.100800 0.075100 0.009200 0.000000
