1
52 1
Argali 0.000000 0.280900 0.109500 0.270000 0.102600 0.003100 0.100700 0.095200 0.109700 0.194400 0.021800 0.088800 0.098700 0.093600 0.100300 0.105700 0.140700 0.148400 0.064500 0.109800 0.091700 0.018800 0.233700 0.199300 0.025000 0.087500 0.088200 0.109800 0.119500 0.106600 0.222500 0.093500 0.206200 0.084400 0.095500 0.109800 0.028100 0.099100 0.101900 0.187600 0.225400 0.105400 0.194300 0.225300 0.120700 0.087800 0.084700 0.102300 0.105000 0.121000 0.102600 0.102800
LesserMous 0.280900 0.000000 0.235000 0.289200 0.271300 0.284900 0.254000 0.251700 0.248300 0.300300 0.287700 0.231200 0.256600 0.262600 0.249600 0.264400 0.255500 0.255700 0.318200 0.257300 0.248700 0.301800 0.323300 0.301600 0.282800 0.247800 0.251800 0.248400 0.286200 0.253600 0.318700 0.249400 0.297500 0.246300 0.256100 0.253500 0.274400 0.276200 0.272500 0.303000 0.322400 0.262400 0.300500 0.312000 0.252600 0.272900 0.234700 0.253500 0.275800 0.246600 0.248400 0.248800
LesserKudu 0.109500 0.235000 0.000000 0.192700 0.082500 0.112900 0.102900 0.074700 0.037900 0.169100 0.112400 0.043800 0.096300 0.092400 0.102300 0.085300 0.108900 0.109200 0.128200 0.031500 0.071100 0.113000 0.193100 0.170300 0.108800 0.081700 0.085700 0.025100 0.102600 0.028400 0.200100 0.089000 0.167100 0.081900 0.093100 0.071400 0.119300 0.089500 0.098800 0.160300 0.185100 0.089100 0.184500 0.180000 0.081700 0.086000 0.071200 0.082300 0.095700 0.093600 0.025100 0.025200
KillerWhal 0.270000 0.289200 0.192700 0.000000 0.235100 0.265300 0.262300 0.212400 0.211400 0.275100 0.259800 0.198700 0.229000 0.249900 0.253500 0.230000 0.192600 0.189700 0.272400 0.206900 0.225500 0.274100 0.303800 0.279900 0.258700 0.225900 0.220100 0.198200 0.247000 0.194800 0.309400 0.254200 0.249000 0.210900 0.215300 0.229500 0.263000 0.222200 0.236200 0.269000 0.288900 0.240200 0.283900 0.282600 0.229200 0.240900 0.204200 0.218400 0.244600 0.193100 0.189300 0.198200
DefassaWat 0.102600 0.271300 0.082500 0.235100 0.000000 0.106100 0.096100 0.072400 0.093200 0.175300 0.105500 0.065700 0.075800 0.085700 0.099100 0.082800 0.109500 0.113500 0.121300 0.082900 0.065400 0.109600 0.198000 0.172500 0.102000 0.072400 0.065400 0.082800 0.096500 0.086600 0.202300 0.082400 0.176700 0.061800 0.072600 0.079300 0.119500 0.028900 0.082500 0.162700 0.189800 0.072700 0.186800 0.182200 0.083000 0.086300 0.062100 0.072100 0.082100 0.097500 0.082700 0.082900
Sheep 0.003100 0.284900 0.112900 0.265300 0.106100 0.000000 0.104100 0.098600 0.106100 0.198000 0.025000 0.092200 0.102100 0.096900 0.103700 0.102100 0.144400 0.152100 0.067800 0.106200 0.095100 0.022000 0.229200 0.202900 0.028100 0.090800 0.091500 0.106200 0.115900 0.103000 0.226200 0.096900 0.202000 0.087800 0.098900 0.113300 0.031300 0.102600 0.105300 0.191200 0.220900 0.108800 0.190100 0.229100 0.124200 0.091100 0.088000 0.098700 0.108500 0.124600 0.099000 0.099200
MaxwellsDu 0.100700 0.254000 0.102900 0.262300 0.096100 0.104100 0.000000 0.088600 0.103100 0.195900 0.108200 0.068500 0.099000 0.034600 0.111300 0.088800 0.119200 0.129100 0.108400 0.103200 0.071400 0.115900 0.211400 0.185700 0.104600 0.081100 0.088500 0.103200 0.102400 0.099900 0.216000 0.037900 0.201300 0.084700 0.095800 0.089200 0.108100 0.092600 0.091700 0.183200 0.203300 0.089100 0.203600 0.203500 0.106800 0.088900 0.071500 0.081800 0.095000 0.111700 0.096000 0.096200
GazellaPrz 0.095200 0.251700 0.074700 0.212400 0.072400 0.098600 0.088600 0.000000 0.081900 0.174900 0.097300 0.052000 0.082200 0.074900 0.097100 0.055200 0.109300 0.116900 0.106500 0.082000 0.041800 0.102300 0.201700 0.171300 0.094600 0.045200 0.071800 0.075000 0.068500 0.078600 0.198000 0.081900 0.187300 0.068200 0.072100 0.072400 0.104900 0.062200 0.075100 0.166100 0.193600 0.052100 0.182400 0.188900 0.089800 0.072100 0.041800 0.078900 0.084400 0.089100 0.074900 0.075000
MountainNy 0.109700 0.248300 0.037900 0.211400 0.093200 0.106100 0.103100 0.081900 0.000000 0.181000 0.112700 0.043800 0.076700 0.092600 0.102500 0.078600 0.101600 0.109100 0.128600 0.025100 0.085200 0.120500 0.189400 0.174500 0.109000 0.081900 0.066900 0.025100 0.095700 0.022000 0.204600 0.096200 0.167700 0.065800 0.082700 0.071500 0.119600 0.096700 0.099000 0.164200 0.181400 0.096400 0.180800 0.184200 0.081800 0.086200 0.067900 0.075600 0.087200 0.090200 0.025100 0.018800
MuntiacusM 0.194400 0.300300 0.169100 0.275100 0.175300 0.198000 0.195900 0.174900 0.181000 0.000000 0.191700 0.152500 0.163700 0.184200 0.183200 0.171300 0.158600 0.158700 0.199800 0.173200 0.167100 0.192800 0.063100 0.073100 0.187600 0.174900 0.155900 0.169300 0.186100 0.169800 0.037300 0.186300 0.214300 0.162900 0.164100 0.175300 0.206800 0.175300 0.177800 0.084200 0.056500 0.183400 0.012100 0.111500 0.185100 0.159800 0.162900 0.164600 0.185400 0.156000 0.157500 0.165600
goat 0.021800 0.287700 0.112400 0.259800 0.105500 0.025000 0.108200 0.097300 0.112700 0.191700 0.000000 0.091700 0.101700 0.094100 0.110200 0.108600 0.143500 0.151200 0.070900 0.112700 0.091200 0.021900 0.230600 0.196400 0.003100 0.090600 0.091100 0.112700 0.122400 0.109500 0.219500 0.094200 0.208800 0.087400 0.098400 0.112800 0.018600 0.109100 0.104700 0.193900 0.222300 0.108500 0.199200 0.214300 0.123600 0.090200 0.084200 0.105200 0.108000 0.116900 0.105500 0.105700
AfricanBuf 0.088800 0.231200 0.043800 0.198700 0.065700 0.092200 0.068500 0.052000 0.043800 0.152500 0.091700 0.000000 0.068900 0.058400 0.081800 0.062200 0.087100 0.094500 0.100100 0.043800 0.055300 0.099200 0.168100 0.145900 0.088200 0.052100 0.058600 0.043800 0.075700 0.040500 0.175200 0.061900 0.156400 0.055000 0.065700 0.031800 0.098600 0.069100 0.068700 0.135700 0.160300 0.065900 0.160000 0.155100 0.041700 0.064800 0.042000 0.048600 0.068500 0.066100 0.037100 0.037200
Topi 0.098700 0.256600 0.096300 0.229000 0.075800 0.102100 0.099000 0.082200 0.076700 0.163700 0.101700 0.068900 0.000000 0.088600 0.097800 0.085800 0.103900 0.115100 0.110000 0.096000 0.078700 0.109300 0.194200 0.160900 0.098100 0.075400 0.009400 0.096000 0.092400 0.091500 0.186700 0.092200 0.171600 0.019000 0.048500 0.089600 0.115500 0.079300 0.085300 0.150800 0.186200 0.089600 0.171100 0.181500 0.100300 0.089200 0.058300 0.078800 0.078300 0.093600 0.089400 0.085400
CommonDuik 0.093600 0.262600 0.092400 0.249900 0.085700 0.096900 0.034600 0.074900 0.092600 0.184200 0.094100 0.058400 0.088600 0.000000 0.097200 0.078500 0.115700 0.125500 0.108200 0.092700 0.068200 0.101600 0.203400 0.174100 0.090600 0.070800 0.078200 0.092700 0.091900 0.089400 0.207800 0.025000 0.193500 0.074500 0.081900 0.078800 0.100900 0.085600 0.081600 0.171500 0.195300 0.078700 0.191700 0.191600 0.096300 0.073900 0.061400 0.073200 0.088200 0.100000 0.085600 0.085700
Suni 0.100300 0.249600 0.102300 0.253500 0.099100 0.103700 0.111300 0.097100 0.102500 0.183200 0.110200 0.081800 0.097800 0.097200 0.000000 0.100700 0.129100 0.140500 0.125900 0.109700 0.093500 0.124100 0.199300 0.184300 0.106600 0.086600 0.087200 0.109700 0.114500 0.106500 0.198800 0.097100 0.173500 0.083500 0.094600 0.102700 0.110200 0.095700 0.100300 0.176800 0.191200 0.104800 0.190700 0.205900 0.113500 0.101300 0.079300 0.091700 0.104300 0.113300 0.102500 0.102700
Springbuck 0.105700 0.264400 0.085300 0.230000 0.082800 0.102100 0.088800 0.055200 0.078600 0.171300 0.108600 0.062200 0.085800 0.078500 0.100700 0.000000 0.112900 0.113200 0.110100 0.078600 0.051800 0.112900 0.181900 0.155200 0.105100 0.041800 0.075300 0.078600 0.045000 0.075300 0.202400 0.082000 0.175900 0.071600 0.068500 0.082800 0.115500 0.072500 0.075100 0.158500 0.174000 0.048600 0.171100 0.164500 0.100400 0.082500 0.045100 0.068700 0.084500 0.093900 0.064600 0.071700
Okapi 0.140700 0.255500 0.108900 0.192600 0.109500 0.144400 0.119200 0.109300 0.101600 0.158600 0.143500 0.087100 0.103900 0.115700 0.129100 0.112900 0.000000 0.039700 0.141900 0.109400 0.105500 0.151900 0.178300 0.151800 0.139700 0.102000 0.096500 0.105700 0.123600 0.106000 0.173300 0.119500 0.150200 0.099000 0.109400 0.105700 0.150800 0.109700 0.112400 0.142200 0.170200 0.113500 0.166000 0.165000 0.127900 0.109300 0.087600 0.108600 0.116900 0.088200 0.101900 0.102100
Giraffe 0.148400 0.255700 0.109200 0.189700 0.113500 0.152100 0.129100 0.116900 0.109100 0.158700 0.151200 0.094500 0.115100 0.125500 0.140500 0.113200 0.039700 0.000000 0.157300 0.109700 0.105700 0.152000 0.182500 0.159100 0.147300 0.109600 0.107600 0.106000 0.131300 0.106200 0.193200 0.121900 0.158200 0.106400 0.113300 0.113300 0.150900 0.121000 0.112300 0.149700 0.174400 0.117400 0.173900 0.168700 0.128200 0.116900 0.095100 0.116300 0.117000 0.102900 0.098500 0.102400
TibetanAnt 0.064500 0.318200 0.128200 0.272400 0.121300 0.067800 0.108400 0.106500 0.128600 0.199800 0.070900 0.100100 0.110000 0.108200 0.125900 0.110100 0.141900 0.157300 0.000000 0.128700 0.109900 0.078100 0.236200 0.181500 0.074200 0.098700 0.099200 0.128600 0.116800 0.125400 0.224000 0.101100 0.207600 0.102400 0.106700 0.121500 0.077600 0.117700 0.116800 0.198500 0.227700 0.109900 0.203600 0.223600 0.139900 0.105800 0.098200 0.110100 0.126300 0.133000 0.113900 0.121500
Sitatunga 0.109800 0.257300 0.031500 0.206900 0.082900 0.106200 0.103200 0.082000 0.025100 0.173200 0.112700 0.043800 0.096000 0.092700 0.109700 0.078600 0.109400 0.109700 0.128700 0.000000 0.078300 0.113400 0.189400 0.174500 0.109100 0.082000 0.086000 0.012500 0.095800 0.015700 0.204300 0.096300 0.164100 0.082200 0.093400 0.071600 0.119700 0.090000 0.099200 0.164300 0.181400 0.096600 0.180800 0.184200 0.082000 0.086300 0.071400 0.075700 0.096100 0.094000 0.012500 0.012500
Oribi 0.091700 0.248700 0.071100 0.225500 0.065400 0.095100 0.071400 0.041800 0.085200 0.167100 0.091200 0.055300 0.078700 0.068200 0.093500 0.051800 0.105500 0.105700 0.109900 0.078300 0.000000 0.088300 0.198600 0.175200 0.087700 0.041800 0.068300 0.071400 0.065000 0.075000 0.198100 0.071700 0.183900 0.064700 0.075500 0.075700 0.098000 0.065500 0.071400 0.162000 0.185800 0.048600 0.182400 0.184900 0.093200 0.072000 0.038400 0.075300 0.077400 0.076300 0.071300 0.071400
BarbaryShe 0.018800 0.301800 0.113000 0.274100 0.109600 0.022000 0.115900 0.102300 0.120500 0.192800 0.021900 0.099200 0.109300 0.101600 0.124100 0.112900 0.151900 0.152000 0.078100 0.113400 0.088300 0.000000 0.240400 0.205600 0.025000 0.094600 0.098600 0.113300 0.126800 0.110100 0.229000 0.101600 0.222400 0.094800 0.106000 0.120500 0.041000 0.113300 0.114900 0.195400 0.232000 0.112800 0.200600 0.231900 0.131500 0.101300 0.093800 0.112800 0.108600 0.124800 0.106100 0.106300
Daviddeer 0.233700 0.323300 0.193100 0.303800 0.198000 0.229200 0.211400 0.201700 0.189400 0.063100 0.230600 0.168100 0.194200 0.203400 0.199300 0.181900 0.178300 0.182500 0.236200 0.189400 0.198600 0.240400 0.000000 0.090100 0.226300 0.193900 0.186000 0.185500 0.213400 0.186100 0.069800 0.205600 0.218900 0.184000 0.182800 0.183600 0.246400 0.202000 0.197400 0.087900 0.012200 0.206600 0.063000 0.115400 0.193400 0.182200 0.184800 0.177000 0.196500 0.171900 0.181300 0.181700
Reindeer 0.199300 0.301600 0.170300 0.279900 0.172500 0.202900 0.185700 0.171300 0.174500 0.073100 0.196400 0.145900 0.160900 0.174100 0.184300 0.155200 0.151800 0.159100 0.181500 0.174500 0.175200 0.205600 0.090100 0.000000 0.192400 0.163000 0.153000 0.170600 0.170100 0.171100 0.096600 0.176300 0.215700 0.156300 0.145400 0.168800 0.211700 0.172400 0.166300 0.054200 0.083300 0.175200 0.073000 0.040700 0.178400 0.160900 0.159300 0.161900 0.174900 0.153000 0.162600 0.166900
Ibex 0.025000 0.282800 0.108800 0.258700 0.102000 0.028100 0.104600 0.094600 0.109000 0.187600 0.003100 0.088200 0.098100 0.090600 0.106600 0.105100 0.139700 0.147300 0.074200 0.109100 0.087700 0.025000 0.226300 0.192400 0.000000 0.087100 0.087600 0.109100 0.118800 0.105900 0.215300 0.090700 0.204600 0.083900 0.094800 0.109100 0.021700 0.105500 0.101200 0.189800 0.218200 0.108500 0.195100 0.210200 0.119900 0.086700 0.080800 0.101600 0.104400 0.113300 0.101900 0.102200
GyrantGaze 0.087500 0.247800 0.081700 0.225900 0.072400 0.090800 0.081100 0.045200 0.081900 0.174900 0.090600 0.052100 0.075400 0.070800 0.086600 0.041800 0.102000 0.109600 0.098700 0.082000 0.041800 0.094600 0.193900 0.163000 0.087100 0.000000 0.065000 0.082000 0.054900 0.078700 0.198200 0.074300 0.180000 0.061500 0.064600 0.065600 0.097400 0.069000 0.068300 0.154500 0.185800 0.031600 0.182400 0.172500 0.082900 0.072100 0.035200 0.071400 0.077500 0.083200 0.074900 0.075000
Hartebeest 0.088200 0.251800 0.085700 0.220100 0.065400 0.091500 0.088500 0.071800 0.066900 0.155900 0.091100 0.058600 0.009400 0.078200 0.087200 0.075300 0.096500 0.107600 0.099200 0.086000 0.068300 0.098600 0.186000 0.153000 0.087600 0.065000 0.000000 0.086000 0.081900 0.081300 0.178600 0.081700 0.163700 0.015700 0.038500 0.079100 0.104800 0.068900 0.074900 0.143000 0.178100 0.079000 0.163200 0.173400 0.089600 0.078700 0.048200 0.068500 0.068000 0.082900 0.078900 0.075600
Bongo 0.109800 0.248400 0.025100 0.198200 0.082800 0.106200 0.103200 0.075000 0.025100 0.169300 0.112700 0.043800 0.096000 0.092700 0.109700 0.078600 0.105700 0.106000 0.128600 0.012500 0.071400 0.113300 0.185500 0.170600 0.109100 0.082000 0.086000 0.000000 0.095800 0.015700 0.200300 0.096300 0.167800 0.082200 0.093400 0.071600 0.119600 0.089900 0.099200 0.160500 0.177500 0.089400 0.176900 0.180300 0.082000 0.086300 0.071500 0.075700 0.096100 0.094000 0.012500 0.012500
Gerenuk 0.119500 0.286200 0.102600 0.247000 0.096500 0.115900 0.102400 0.068500 0.095700 0.186100 0.122400 0.075700 0.092400 0.091900 0.114500 0.045000 0.123600 0.131300 0.116800 0.095800 0.065000 0.126800 0.213400 0.170100 0.118800 0.054900 0.081900 0.095800 0.000000 0.092500 0.209600 0.095400 0.191100 0.085000 0.081900 0.096500 0.129400 0.086000 0.088600 0.157900 0.205200 0.061800 0.185900 0.179800 0.107200 0.092600 0.054900 0.078700 0.101600 0.107800 0.081600 0.088800
CommonElan 0.106600 0.253600 0.028400 0.194800 0.086600 0.103000 0.099900 0.078600 0.022000 0.169800 0.109500 0.040500 0.091500 0.089400 0.106500 0.075300 0.106000 0.106200 0.125400 0.015700 0.075000 0.110100 0.186100 0.171100 0.105900 0.078700 0.081300 0.015700 0.092500 0.000000 0.201000 0.093000 0.167400 0.077600 0.088600 0.068400 0.116400 0.093700 0.095900 0.160900 0.178000 0.093200 0.177500 0.180100 0.078700 0.083000 0.068100 0.070600 0.092800 0.090700 0.015700 0.009400
MuntiacusR 0.222500 0.318700 0.200100 0.309400 0.202300 0.226200 0.216000 0.198000 0.204600 0.037300 0.219500 0.175200 0.186700 0.207800 0.198800 0.202400 0.173300 0.193200 0.224000 0.204300 0.198100 0.229000 0.069800 0.096600 0.215300 0.198200 0.178600 0.200300 0.209600 0.201000 0.000000 0.209800 0.234900 0.185700 0.195100 0.190700 0.227300 0.206300 0.205000 0.108100 0.063100 0.215000 0.043600 0.136300 0.200500 0.182600 0.184300 0.187900 0.209000 0.175200 0.196000 0.196600
HarveysDui 0.093500 0.249400 0.089000 0.254200 0.082400 0.096900 0.037900 0.081900 0.096200 0.186300 0.094200 0.061900 0.092200 0.025000 0.097100 0.082000 0.119500 0.121900 0.101100 0.096300 0.071700 0.101600 0.205600 0.176300 0.090700 0.074300 0.081700 0.096300 0.095400 0.093000 0.209800 0.000000 0.193500 0.078000 0.088900 0.082300 0.094000 0.085900 0.085100 0.173800 0.197500 0.082300 0.193800 0.193900 0.085900 0.075000 0.064800 0.071700 0.084700 0.104700 0.089100 0.089300
Pronghorn 0.206200 0.297500 0.167100 0.249000 0.176700 0.202000 0.201300 0.187300 0.167700 0.214300 0.208800 0.156400 0.171600 0.193500 0.173500 0.175900 0.150200 0.158200 0.207600 0.164100 0.183900 0.222400 0.218900 0.215700 0.204600 0.180000 0.163700 0.167800 0.191100 0.167400 0.234900 0.193500 0.000000 0.163100 0.164400 0.172500 0.208700 0.180700 0.170400 0.200500 0.218600 0.188800 0.214000 0.229600 0.176400 0.183900 0.167900 0.163800 0.190600 0.176600 0.155800 0.160000
BlueWildeb 0.084400 0.246300 0.081900 0.210900 0.061800 0.087800 0.084700 0.068200 0.065800 0.162900 0.087400 0.055000 0.019000 0.074500 0.083500 0.071600 0.099000 0.106400 0.102400 0.082200 0.064700 0.094800 0.184000 0.156300 0.083900 0.061500 0.015700 0.082200 0.085000 0.077600 0.185700 0.078000 0.163100 0.000000 0.035100 0.075400 0.100900 0.065200 0.071300 0.146300 0.176100 0.075300 0.170300 0.168900 0.085800 0.075100 0.044700 0.068200 0.064400 0.079100 0.075200 0.071900
Gemsbok 0.095500 0.256100 0.093100 0.215300 0.072600 0.098900 0.095800 0.072100 0.082700 0.164100 0.098400 0.065700 0.048500 0.081900 0.094600 0.068500 0.109400 0.113300 0.106700 0.093400 0.075500 0.106000 0.182800 0.145400 0.094800 0.064600 0.038500 0.093400 0.081900 0.088600 0.195100 0.088900 0.164400 0.035100 0.000000 0.086300 0.112200 0.062300 0.078700 0.143600 0.174800 0.072200 0.171600 0.157900 0.097100 0.085600 0.055100 0.072200 0.081800 0.083400 0.079200 0.082900
Yak 0.109800 0.253500 0.071400 0.229500 0.079300 0.113300 0.089200 0.072400 0.071500 0.175300 0.112800 0.031800 0.089600 0.078800 0.102700 0.082800 0.105700 0.113300 0.121500 0.071600 0.075700 0.120500 0.183600 0.168800 0.109100 0.065600 0.079100 0.071600 0.096500 0.068400 0.190700 0.082300 0.172500 0.075400 0.086300 0.000000 0.119700 0.089800 0.082300 0.166700 0.175600 0.072800 0.182800 0.174500 0.022100 0.085300 0.062100 0.075600 0.089100 0.086900 0.064700 0.064900
BlueSheep 0.028100 0.274400 0.119300 0.263000 0.119500 0.031300 0.108100 0.104900 0.119600 0.206800 0.018600 0.098600 0.115500 0.100900 0.110200 0.115500 0.150800 0.150900 0.077600 0.119700 0.098000 0.041000 0.246400 0.211700 0.021700 0.097400 0.104800 0.119600 0.129400 0.116400 0.227300 0.094000 0.208700 0.100900 0.112200 0.119700 0.000000 0.115900 0.118500 0.209300 0.238000 0.115400 0.214500 0.222100 0.130500 0.098000 0.091000 0.108500 0.114700 0.124000 0.112400 0.112600
BohorReedb 0.099100 0.276200 0.089500 0.222200 0.028900 0.102600 0.092600 0.062200 0.096700 0.175300 0.109100 0.069100 0.079300 0.085600 0.095700 0.072500 0.109700 0.121000 0.117700 0.090000 0.065500 0.113300 0.202000 0.172400 0.105500 0.069000 0.068900 0.089900 0.086000 0.093700 0.206300 0.085900 0.180700 0.065200 0.062300 0.089800 0.115900 0.000000 0.082500 0.162500 0.193800 0.069400 0.182800 0.189800 0.093600 0.089800 0.065500 0.068700 0.085600 0.094100 0.082700 0.089900
KirksDik 0.101900 0.272500 0.098800 0.236200 0.082500 0.105300 0.091700 0.075100 0.099000 0.177800 0.104700 0.068700 0.085300 0.081600 0.100300 0.075100 0.112400 0.112300 0.116800 0.099200 0.071400 0.114900 0.197400 0.166300 0.101200 0.068300 0.074900 0.099200 0.088600 0.095900 0.205000 0.085100 0.170400 0.071300 0.078700 0.082300 0.118500 0.082500 0.000000 0.153300 0.184800 0.078900 0.177800 0.183400 0.092900 0.085500 0.058000 0.078600 0.087500 0.093600 0.088400 0.092100
RoeDeer 0.187600 0.303000 0.160300 0.269000 0.162700 0.191200 0.183200 0.166100 0.164200 0.084200 0.193900 0.135700 0.150800 0.171500 0.176800 0.158500 0.142200 0.149700 0.198500 0.164300 0.162000 0.195400 0.087900 0.054200 0.189800 0.154500 0.143000 0.160500 0.157900 0.160900 0.108100 0.173800 0.200500 0.146300 0.143600 0.166700 0.209300 0.162500 0.153300 0.000000 0.081000 0.166700 0.084100 0.078400 0.176700 0.150800 0.146500 0.151700 0.168700 0.143000 0.152400 0.156700
WhiteLippe 0.225400 0.322400 0.185100 0.288900 0.189800 0.220900 0.203300 0.193600 0.181400 0.056500 0.222300 0.160300 0.186200 0.195300 0.191200 0.174000 0.170200 0.174400 0.227700 0.181400 0.185800 0.232000 0.012200 0.083300 0.218200 0.185800 0.178100 0.177500 0.205200 0.178000 0.063100 0.197500 0.218600 0.176100 0.174800 0.175600 0.238000 0.193800 0.184800 0.081000 0.000000 0.202500 0.056400 0.108200 0.185300 0.174300 0.169900 0.168900 0.188500 0.163800 0.173300 0.173800
ThomsonGaz 0.105400 0.262400 0.089100 0.240200 0.072700 0.108800 0.089100 0.052100 0.096400 0.183400 0.108500 0.065900 0.089600 0.078700 0.104800 0.048600 0.113500 0.117400 0.109900 0.096600 0.048600 0.112800 0.206600 0.175200 0.108500 0.031600 0.079000 0.089400 0.061800 0.093200 0.215000 0.082300 0.188800 0.075300 0.072200 0.072800 0.115400 0.069400 0.078900 0.166700 0.202500 0.000000 0.191000 0.185000 0.097400 0.085400 0.048700 0.072400 0.091800 0.097800 0.082200 0.089500
MuntiacusC 0.194300 0.300500 0.184500 0.283900 0.186800 0.190100 0.203600 0.182400 0.180800 0.012100 0.199200 0.160000 0.171100 0.191700 0.190700 0.171100 0.166000 0.173900 0.203600 0.180800 0.182400 0.200600 0.063000 0.073000 0.195100 0.182400 0.163200 0.176900 0.185900 0.177500 0.043600 0.193800 0.214000 0.170300 0.171600 0.182800 0.214500 0.182800 0.177800 0.084100 0.056400 0.191000 0.000000 0.111400 0.192700 0.167200 0.170300 0.164400 0.193000 0.163400 0.165000 0.173200
WhiteTaile 0.225300 0.312000 0.180000 0.282600 0.182200 0.229100 0.203500 0.188900 0.184200 0.111500 0.214300 0.155100 0.181500 0.191600 0.205900 0.164500 0.165000 0.168700 0.223600 0.184200 0.184900 0.231900 0.115400 0.040700 0.210200 0.172500 0.173400 0.180300 0.179800 0.180100 0.136300 0.193900 0.229600 0.168900 0.157900 0.174500 0.222100 0.189800 0.183400 0.078400 0.108200 0.185000 0.111400 0.000000 0.192000 0.178000 0.168700 0.183200 0.192300 0.162500 0.172000 0.172500
Cattle 0.120700 0.252600 0.081700 0.229200 0.083000 0.124200 0.106800 0.089800 0.081800 0.185100 0.123600 0.041700 0.100300 0.096300 0.113500 0.100400 0.127900 0.128200 0.139900 0.082000 0.093200 0.131500 0.193400 0.178400 0.119900 0.082900 0.089600 0.082000 0.107200 0.078700 0.200500 0.085900 0.176400 0.085800 0.097100 0.022100 0.130500 0.093600 0.092900 0.176700 0.185300 0.097400 0.192700 0.192000 0.000000 0.104000 0.079200 0.075700 0.092600 0.104800 0.075000 0.075100
RoyalAntel 0.087800 0.272900 0.086000 0.240900 0.086300 0.091100 0.088900 0.072100 0.086200 0.159800 0.090200 0.064800 0.089200 0.073900 0.101300 0.082500 0.109300 0.116900 0.105800 0.086300 0.072000 0.101300 0.182200 0.160900 0.086700 0.072100 0.078700 0.086300 0.092600 0.083000 0.182600 0.075000 0.183900 0.075100 0.085600 0.085300 0.098000 0.089800 0.085500 0.150800 0.174300 0.085400 0.167200 0.178000 0.104000 0.000000 0.061800 0.085900 0.088700 0.097400 0.079200 0.079400
Steenbok 0.084700 0.234700 0.071200 0.204200 0.062100 0.088000 0.071500 0.041800 0.067900 0.162900 0.084200 0.042000 0.058300 0.061400 0.079300 0.045100 0.087600 0.095100 0.098200 0.071400 0.038400 0.093800 0.184800 0.159300 0.080800 0.035200 0.048200 0.071500 0.054900 0.068100 0.184300 0.064800 0.167900 0.044700 0.055100 0.062100 0.091000 0.065500 0.058000 0.146500 0.169900 0.048700 0.170300 0.168700 0.079200 0.061800 0.000000 0.064300 0.067000 0.062500 0.064400 0.064600
Impala 0.102300 0.253500 0.082300 0.218400 0.072100 0.098700 0.081800 0.078900 0.075600 0.164600 0.105200 0.048600 0.078800 0.073200 0.091700 0.068700 0.108600 0.116300 0.110100 0.075700 0.075300 0.112800 0.177000 0.161900 0.101600 0.071400 0.068500 0.075700 0.078700 0.070600 0.187900 0.071700 0.163800 0.068200 0.072200 0.075600 0.108500 0.068700 0.078600 0.151700 0.168900 0.072400 0.164400 0.183200 0.075700 0.085900 0.064300 0.000000 0.071500 0.096900 0.061900 0.068800
Klipspring 0.105000 0.275800 0.095700 0.244600 0.082100 0.108500 0.095000 0.084400 0.087200 0.185400 0.108000 0.068500 0.078300 0.088200 0.104300 0.084500 0.116900 0.117000 0.126300 0.096100 0.077400 0.108600 0.196500 0.174900 0.104400 0.077500 0.068000 0.096100 0.101600 0.092800 0.209000 0.084700 0.190600 0.064400 0.081800 0.089100 0.114700 0.085600 0.087500 0.168700 0.188500 0.091800 0.193000 0.192300 0.092600 0.088700 0.067000 0.071500 0.000000 0.100100 0.088900 0.089100
ForestMusk 0.121000 0.246600 0.093600 0.193100 0.097500 0.124600 0.111700 0.089100 0.090200 0.156000 0.116900 0.066100 0.093600 0.100000 0.113300 0.093900 0.088200 0.102900 0.133000 0.094000 0.076300 0.124800 0.171900 0.153000 0.113300 0.083200 0.082900 0.094000 0.107800 0.090700 0.175200 0.104700 0.176600 0.079100 0.083400 0.086900 0.124000 0.094100 0.093600 0.143000 0.163800 0.097800 0.163400 0.162500 0.104800 0.097400 0.062500 0.096900 0.100100 0.000000 0.086800 0.087000
Bushbuck 0.102600 0.248400 0.025100 0.189300 0.082700 0.099000 0.096000 0.074900 0.025100 0.157500 0.105500 0.037100 0.089400 0.085600 0.102500 0.064600 0.101900 0.098500 0.113900 0.012500 0.071300 0.106100 0.181300 0.162600 0.101900 0.074900 0.078900 0.012500 0.081600 0.015700 0.196000 0.089100 0.155800 0.075200 0.079200 0.064700 0.112400 0.082700 0.088400 0.152400 0.173300 0.082200 0.165000 0.172000 0.075000 0.079200 0.064400 0.061900 0.088900 0.086800 0.000000 0.012500
GreaterKud 0.102800 0.248800 0.025200 0.198200 0.082900 0.099200 0.096200 0.075000 0.018800 0.165600 0.105700 0.037200 0.085400 0.085700 0.102700 0.071700 0.102100 0.102400 0.121500 0.012500 0.071400 0.106300 0.181700 0.166900 0.102200 0.075000 0.075600 0.012500 0.088800 0.009400 0.196600 0.089300 0.160000 0.071900 0.082900 0.064900 0.112600 0.089900 0.092100 0.156700 0.173800 0.089500 0.173200 0.172500 0.075100 0.079400 0.064600 0.068800 0.089100 0.087000 0.012500 0.000000
