1
52 1
Argali 0.000000 0.201100 0.065400 0.207600 0.057400 0.009900 0.059200 0.065100 0.070100 0.107400 0.021700 0.068400 0.042500 0.055900 0.063700 0.070000 0.071300 0.066800 0.036500 0.067100 0.065100 0.024800 0.100800 0.091500 0.021700 0.059100 0.036500 0.067100 0.056000 0.065500 0.113700 0.056000 0.082400 0.036600 0.042500 0.066800 0.020300 0.058900 0.077300 0.099100 0.100900 0.060600 0.104100 0.089700 0.065200 0.055900 0.060900 0.068100 0.062300 0.119500 0.063800 0.065500
LesserMous 0.201100 0.000000 0.183700 0.235000 0.207700 0.206500 0.201300 0.211400 0.189700 0.221600 0.201100 0.204300 0.208400 0.195300 0.202500 0.219700 0.185900 0.189900 0.200900 0.186200 0.211700 0.197900 0.219700 0.210900 0.201300 0.208100 0.197500 0.186300 0.209900 0.184300 0.230500 0.197400 0.202600 0.201300 0.202800 0.205900 0.201300 0.209300 0.225800 0.202300 0.222100 0.208100 0.215600 0.210300 0.200000 0.201600 0.216100 0.212900 0.203400 0.233200 0.181800 0.180800
LesserKudu 0.065400 0.183700 0.000000 0.207700 0.062000 0.070000 0.063600 0.069800 0.018700 0.091500 0.063800 0.042400 0.066900 0.060300 0.057600 0.073100 0.069700 0.062200 0.069800 0.017200 0.074400 0.064000 0.088200 0.082100 0.066900 0.065200 0.062200 0.015800 0.065200 0.012900 0.094600 0.063500 0.087200 0.062300 0.066800 0.045400 0.063800 0.066500 0.086700 0.080200 0.093000 0.065200 0.088200 0.080300 0.042300 0.060500 0.068400 0.071100 0.068500 0.117800 0.011400 0.014300
KillerWhal 0.207600 0.235000 0.207700 0.000000 0.214600 0.213000 0.209700 0.207100 0.209800 0.233500 0.202200 0.210900 0.209400 0.205100 0.209600 0.221100 0.192500 0.196600 0.202100 0.210000 0.207100 0.197100 0.241300 0.226700 0.200300 0.211100 0.203900 0.206300 0.200200 0.204600 0.246700 0.212900 0.203300 0.204100 0.209200 0.200200 0.202300 0.217800 0.225100 0.231200 0.235300 0.207500 0.229500 0.226100 0.201400 0.218200 0.215900 0.227000 0.211400 0.252900 0.209400 0.204300
DefassaWat 0.057400 0.207700 0.062000 0.214600 0.000000 0.062000 0.057400 0.054200 0.068300 0.099000 0.055900 0.063500 0.048300 0.042200 0.061900 0.068100 0.066400 0.062000 0.058900 0.065200 0.066300 0.053100 0.092500 0.088000 0.059000 0.057300 0.045300 0.065300 0.057300 0.057600 0.098800 0.048200 0.093200 0.042400 0.049800 0.065000 0.057400 0.018600 0.078600 0.087600 0.097300 0.055800 0.098800 0.087800 0.063300 0.058700 0.056000 0.066200 0.063600 0.120600 0.062000 0.060600
Sheep 0.009900 0.206500 0.070000 0.213000 0.062000 0.000000 0.060700 0.069700 0.074700 0.112200 0.026100 0.073000 0.047000 0.060400 0.068200 0.074600 0.072800 0.068300 0.040900 0.071700 0.069600 0.026200 0.105600 0.096200 0.026100 0.063600 0.041000 0.071700 0.060600 0.070100 0.118500 0.060600 0.087100 0.041000 0.045400 0.071400 0.024700 0.063400 0.085000 0.100600 0.105600 0.065100 0.108800 0.094400 0.069700 0.060400 0.065400 0.075700 0.066900 0.124300 0.068400 0.070100
MaxwellsDu 0.059200 0.201300 0.063600 0.209700 0.057400 0.060700 0.000000 0.054400 0.071400 0.099400 0.060600 0.068300 0.062200 0.026000 0.066700 0.056100 0.072800 0.068300 0.060500 0.068400 0.057400 0.054800 0.092900 0.088300 0.063700 0.048400 0.056000 0.068400 0.048400 0.063800 0.102400 0.029000 0.098200 0.056100 0.060600 0.066800 0.062200 0.064900 0.069500 0.087900 0.094600 0.049900 0.096100 0.086500 0.065100 0.054300 0.048500 0.075600 0.068400 0.122500 0.062100 0.063700
GazellaPrz 0.065100 0.211400 0.069800 0.207100 0.054200 0.069700 0.054400 0.000000 0.071400 0.102300 0.063500 0.072700 0.062000 0.048200 0.065000 0.039400 0.072600 0.068100 0.063500 0.068400 0.034800 0.057700 0.098900 0.095900 0.063600 0.029000 0.058900 0.068400 0.029000 0.063800 0.105300 0.051300 0.096400 0.054400 0.060400 0.071200 0.065100 0.061700 0.052700 0.097200 0.100600 0.027500 0.102100 0.094100 0.069500 0.060300 0.033500 0.078600 0.071300 0.115800 0.068200 0.066800
MountainNy 0.070100 0.189700 0.018700 0.209800 0.068300 0.074700 0.071400 0.071400 0.000000 0.096400 0.065400 0.047000 0.065400 0.065000 0.065300 0.074800 0.074500 0.066900 0.074600 0.009800 0.072900 0.068800 0.093000 0.085400 0.068500 0.066900 0.063800 0.002800 0.066900 0.014300 0.099500 0.068200 0.085800 0.060800 0.068400 0.050000 0.065400 0.072800 0.091600 0.085000 0.094700 0.066800 0.096300 0.085200 0.046900 0.068300 0.070100 0.075900 0.073200 0.117900 0.015800 0.012900
MuntiacusM 0.107400 0.221600 0.091500 0.233500 0.099000 0.112200 0.099400 0.102300 0.096400 0.000000 0.107300 0.096000 0.110500 0.086400 0.098900 0.105700 0.094100 0.092800 0.112000 0.093300 0.105400 0.109300 0.046300 0.052500 0.110600 0.097600 0.104100 0.093300 0.100800 0.088600 0.024300 0.086300 0.115400 0.102500 0.108800 0.102400 0.108900 0.106800 0.123000 0.055200 0.041900 0.092800 0.005700 0.049300 0.095900 0.099100 0.096400 0.116400 0.105700 0.146000 0.089900 0.088500
goat 0.021700 0.201100 0.063800 0.202200 0.055900 0.026100 0.060600 0.063500 0.065400 0.107300 0.000000 0.069800 0.042500 0.057400 0.065100 0.071500 0.069700 0.062200 0.035000 0.065400 0.066500 0.023300 0.100700 0.088300 0.008500 0.060500 0.036500 0.062400 0.054500 0.060900 0.110400 0.060500 0.080800 0.036500 0.041000 0.065200 0.012700 0.060400 0.081900 0.092600 0.102400 0.059000 0.103900 0.086500 0.063600 0.058900 0.062300 0.075700 0.062300 0.114500 0.062200 0.063900
AfricanBuf 0.068400 0.204300 0.042400 0.210900 0.063500 0.073000 0.068300 0.072700 0.047000 0.096000 0.069800 0.000000 0.065200 0.058900 0.059000 0.076100 0.069600 0.062000 0.072800 0.045500 0.077300 0.067000 0.086300 0.086600 0.073000 0.068200 0.062100 0.044000 0.068200 0.039500 0.099000 0.062000 0.083900 0.059100 0.063600 0.034900 0.069900 0.066400 0.092900 0.087700 0.094200 0.068200 0.095800 0.081700 0.031900 0.063500 0.066900 0.067900 0.076100 0.117600 0.042400 0.039500
Topi 0.042500 0.208400 0.066900 0.209400 0.048300 0.047000 0.062200 0.062000 0.065400 0.110500 0.042500 0.065200 0.000000 0.055800 0.066700 0.069900 0.071300 0.066800 0.045400 0.065500 0.068100 0.039700 0.103900 0.091400 0.045500 0.059000 0.011500 0.065500 0.056000 0.060900 0.113600 0.059000 0.093500 0.008600 0.033500 0.066800 0.044000 0.058800 0.083500 0.095800 0.105500 0.057500 0.110300 0.088100 0.065100 0.060400 0.057700 0.074100 0.060800 0.118700 0.065300 0.063900
CommonDuik 0.055900 0.195300 0.060300 0.205100 0.042200 0.060400 0.026000 0.048200 0.065000 0.086400 0.057400 0.058900 0.055800 0.000000 0.060300 0.052900 0.066400 0.061900 0.060300 0.062000 0.051200 0.054600 0.077000 0.078700 0.060400 0.042300 0.052800 0.062000 0.045200 0.057400 0.089400 0.014300 0.088400 0.049800 0.054300 0.063500 0.058900 0.049600 0.066300 0.078300 0.078600 0.043700 0.086300 0.076900 0.061800 0.048100 0.043800 0.067700 0.055900 0.118800 0.058800 0.057400
Suni 0.063700 0.202500 0.057600 0.209600 0.061900 0.068200 0.066700 0.065000 0.065300 0.098900 0.065100 0.059000 0.066700 0.060300 0.000000 0.060600 0.063500 0.060500 0.066600 0.060700 0.066500 0.059300 0.098700 0.091100 0.065200 0.057400 0.060500 0.062300 0.060500 0.057700 0.105100 0.063500 0.090200 0.060600 0.065100 0.060600 0.066700 0.063300 0.081800 0.093800 0.097200 0.062000 0.095600 0.087700 0.062000 0.061900 0.063800 0.066300 0.073000 0.120700 0.056000 0.057600
Springbuck 0.070000 0.219700 0.073100 0.221100 0.068100 0.074600 0.056100 0.039400 0.074800 0.105700 0.071500 0.076100 0.069900 0.052900 0.060600 0.000000 0.082200 0.077600 0.068200 0.071700 0.033400 0.065500 0.108800 0.099500 0.071500 0.024600 0.066800 0.071700 0.018800 0.070200 0.115300 0.056000 0.103100 0.062200 0.068300 0.074600 0.073000 0.072600 0.057400 0.103800 0.110500 0.023200 0.108900 0.097600 0.072900 0.063500 0.038100 0.084900 0.076300 0.127600 0.071600 0.070100
Okapi 0.071300 0.185900 0.069700 0.192500 0.066400 0.072800 0.072800 0.072600 0.074500 0.094100 0.069700 0.069600 0.071300 0.066400 0.063500 0.082200 0.000000 0.017300 0.069600 0.074500 0.077200 0.063800 0.094000 0.086400 0.069800 0.071100 0.065100 0.074600 0.071100 0.066800 0.100400 0.069600 0.068200 0.065100 0.072700 0.069600 0.068200 0.070900 0.092700 0.082900 0.095600 0.066500 0.090900 0.076900 0.067900 0.072600 0.076100 0.078600 0.074400 0.115800 0.065100 0.066800
Giraffe 0.066800 0.189900 0.062200 0.196600 0.062000 0.068300 0.068300 0.068100 0.066900 0.092800 0.062200 0.062000 0.066800 0.061900 0.060500 0.077600 0.017300 0.000000 0.065200 0.066900 0.072700 0.059400 0.089500 0.081800 0.062200 0.066600 0.060600 0.066900 0.066600 0.059300 0.097400 0.068200 0.065200 0.060700 0.068200 0.065100 0.060700 0.066400 0.088200 0.078500 0.091100 0.062000 0.089500 0.075400 0.063500 0.068100 0.071600 0.075700 0.071500 0.114300 0.060600 0.059200
TibetanAnt 0.036500 0.200900 0.069800 0.202100 0.058900 0.040900 0.060500 0.063500 0.074600 0.112000 0.035000 0.072800 0.045400 0.060300 0.066600 0.068200 0.069600 0.065200 0.000000 0.071500 0.060400 0.032100 0.108600 0.089700 0.038000 0.060500 0.039400 0.071600 0.054400 0.066900 0.115100 0.060400 0.086900 0.039500 0.040900 0.068200 0.036500 0.063300 0.081800 0.097200 0.110200 0.058900 0.108600 0.091100 0.066500 0.061900 0.062300 0.075500 0.066800 0.120800 0.068300 0.066900
Sitatunga 0.067100 0.186200 0.017200 0.210000 0.065200 0.071700 0.068400 0.068400 0.009800 0.093300 0.065400 0.045500 0.065500 0.062000 0.060700 0.071700 0.074500 0.066900 0.071500 0.000000 0.069900 0.065700 0.089900 0.082300 0.068600 0.063800 0.063900 0.007100 0.063800 0.012900 0.096300 0.065200 0.085800 0.060900 0.065400 0.048600 0.065500 0.069800 0.088500 0.081900 0.091500 0.063800 0.093200 0.082100 0.048500 0.065300 0.067000 0.072800 0.070200 0.116300 0.011400 0.011400
Oribi 0.065100 0.211700 0.074400 0.207100 0.066300 0.069600 0.057400 0.034800 0.072900 0.105400 0.066500 0.077300 0.068100 0.051200 0.066500 0.033400 0.077200 0.072700 0.060400 0.069900 0.000000 0.060700 0.105200 0.095900 0.066600 0.026000 0.065000 0.069900 0.026000 0.071400 0.111600 0.054300 0.094700 0.060500 0.066500 0.075800 0.068100 0.070800 0.052700 0.093900 0.103600 0.024600 0.105300 0.097200 0.074100 0.063300 0.036300 0.083200 0.074400 0.120300 0.072800 0.065200
BarbaryShe 0.024800 0.197900 0.064000 0.197100 0.053100 0.026200 0.054800 0.057700 0.068800 0.109300 0.023300 0.067000 0.039700 0.054600 0.059300 0.065500 0.063800 0.059400 0.032100 0.065700 0.060700 0.000000 0.105900 0.090200 0.023300 0.054700 0.033700 0.065700 0.048600 0.061100 0.112400 0.057700 0.074800 0.033700 0.036600 0.065500 0.024800 0.057600 0.076000 0.097500 0.107600 0.053100 0.106000 0.088400 0.063800 0.056100 0.059500 0.072900 0.061000 0.118200 0.062500 0.064100
Daviddeer 0.100800 0.219700 0.088200 0.241300 0.092500 0.105600 0.092900 0.098900 0.093000 0.046300 0.100700 0.086300 0.103900 0.077000 0.098700 0.108800 0.094000 0.089500 0.108600 0.089900 0.105200 0.105900 0.000000 0.047900 0.104000 0.094200 0.097500 0.090000 0.100600 0.085200 0.053700 0.079900 0.111900 0.096000 0.105400 0.092700 0.102300 0.100200 0.122700 0.046300 0.017100 0.092600 0.046300 0.044800 0.090900 0.095700 0.091500 0.109800 0.100800 0.143300 0.086600 0.085200
Reindeer 0.091500 0.210900 0.082100 0.226700 0.088000 0.096200 0.088300 0.095900 0.085400 0.052500 0.088300 0.086600 0.091400 0.078700 0.091100 0.099500 0.086400 0.081800 0.089700 0.082300 0.095900 0.090200 0.047900 0.000000 0.091500 0.091300 0.088300 0.082300 0.091300 0.079200 0.056900 0.084800 0.105700 0.088300 0.092900 0.089600 0.093000 0.092600 0.116500 0.034600 0.044900 0.089700 0.052400 0.020000 0.088000 0.088100 0.090100 0.105200 0.094600 0.141700 0.080600 0.076000
Ibex 0.021700 0.201300 0.066900 0.200300 0.059000 0.026100 0.063700 0.063600 0.068500 0.110600 0.008500 0.073000 0.045500 0.060400 0.065200 0.071500 0.069800 0.062200 0.038000 0.068600 0.066600 0.023300 0.104000 0.091500 0.000000 0.060600 0.039500 0.065500 0.054500 0.064000 0.113700 0.063600 0.080800 0.039600 0.044000 0.068400 0.012700 0.063500 0.082000 0.095900 0.105700 0.059100 0.107200 0.089700 0.066700 0.062000 0.065500 0.078800 0.065400 0.117800 0.065300 0.067000
GyrantGaze 0.059100 0.208100 0.065200 0.211100 0.057300 0.063600 0.048400 0.029000 0.066900 0.097600 0.060500 0.068200 0.059000 0.042300 0.057400 0.024600 0.071100 0.066600 0.060500 0.063800 0.026000 0.054700 0.094200 0.091300 0.060600 0.000000 0.055900 0.063800 0.017300 0.062300 0.103800 0.045300 0.088600 0.051400 0.057400 0.066700 0.062100 0.061800 0.046700 0.092500 0.095900 0.012900 0.097500 0.089500 0.065000 0.052800 0.026200 0.077100 0.065200 0.114300 0.063700 0.062200
Hartebeest 0.036500 0.197500 0.062200 0.203900 0.045300 0.041000 0.056000 0.058900 0.063800 0.104100 0.036500 0.062100 0.011500 0.052800 0.060500 0.066800 0.065100 0.060600 0.039400 0.063900 0.065000 0.033700 0.097500 0.088300 0.039500 0.055900 0.000000 0.063900 0.052900 0.059300 0.107100 0.055900 0.087100 0.005700 0.030500 0.060600 0.038000 0.055800 0.077200 0.092600 0.099100 0.051400 0.100700 0.084900 0.059000 0.054300 0.054700 0.071000 0.059200 0.115500 0.060700 0.062300
Bongo 0.067100 0.186300 0.015800 0.206300 0.065300 0.071700 0.068400 0.068400 0.002800 0.093300 0.062400 0.044000 0.065500 0.062000 0.062300 0.071700 0.074600 0.066900 0.071600 0.007100 0.069900 0.065700 0.090000 0.082300 0.065500 0.063800 0.063900 0.000000 0.063800 0.011500 0.096400 0.065200 0.085800 0.060900 0.065400 0.047100 0.062400 0.069800 0.088500 0.081900 0.091600 0.063800 0.093200 0.082100 0.043900 0.065300 0.067000 0.072800 0.070200 0.116300 0.012900 0.010000
Gerenuk 0.056000 0.209900 0.065200 0.200200 0.057300 0.060600 0.048400 0.029000 0.066900 0.100800 0.054500 0.068200 0.056000 0.045200 0.060500 0.018800 0.071100 0.066600 0.054400 0.063800 0.026000 0.048600 0.100600 0.091300 0.054500 0.017300 0.052900 0.063800 0.000000 0.059300 0.107000 0.048300 0.091700 0.048400 0.054400 0.066700 0.056000 0.064800 0.049700 0.095700 0.102200 0.012900 0.100600 0.089500 0.065000 0.055800 0.030600 0.080200 0.068300 0.119200 0.063700 0.062300
CommonElan 0.065500 0.184300 0.012900 0.204600 0.057600 0.070100 0.063800 0.063800 0.014300 0.088600 0.060900 0.039500 0.060900 0.057400 0.057700 0.070200 0.066800 0.059300 0.066900 0.012900 0.071400 0.061100 0.085200 0.079200 0.064000 0.062300 0.059300 0.011500 0.059300 0.000000 0.091600 0.060600 0.087400 0.056300 0.060800 0.045600 0.060900 0.065200 0.087000 0.077200 0.090000 0.059200 0.088400 0.077400 0.042400 0.060700 0.064000 0.068200 0.068600 0.118000 0.010000 0.010000
MuntiacusR 0.113700 0.230500 0.094600 0.246700 0.098800 0.118500 0.102400 0.105300 0.099500 0.024300 0.110400 0.099000 0.113600 0.089400 0.105100 0.115300 0.100400 0.097400 0.115100 0.096300 0.111600 0.112400 0.053700 0.056900 0.113700 0.103800 0.107100 0.096400 0.107000 0.091600 0.000000 0.089300 0.121700 0.105600 0.110300 0.105500 0.108800 0.106600 0.129300 0.058300 0.049300 0.099000 0.024300 0.053800 0.098900 0.098800 0.102500 0.116200 0.108600 0.143300 0.093000 0.091500
HarveysDui 0.056000 0.197400 0.063500 0.212900 0.048200 0.060600 0.029000 0.051300 0.068200 0.086300 0.060500 0.062000 0.059000 0.014300 0.063500 0.056000 0.069600 0.068200 0.060400 0.065200 0.054300 0.057700 0.079900 0.084800 0.063600 0.045300 0.055900 0.065200 0.048300 0.060600 0.089300 0.000000 0.094900 0.052900 0.057400 0.066600 0.062100 0.055700 0.069400 0.084400 0.081600 0.046800 0.086200 0.083000 0.065000 0.051200 0.046900 0.070900 0.062200 0.120700 0.062000 0.060500
Pronghorn 0.082400 0.202600 0.087200 0.203300 0.093200 0.087100 0.098200 0.096400 0.085800 0.115400 0.080800 0.083900 0.093500 0.088400 0.090200 0.103100 0.068200 0.065200 0.086900 0.085800 0.094700 0.074800 0.111900 0.105700 0.080800 0.088600 0.087100 0.085800 0.091700 0.087400 0.121700 0.094900 0.000000 0.087200 0.093400 0.083900 0.079200 0.094600 0.110600 0.100600 0.110400 0.090100 0.110300 0.097500 0.082200 0.093200 0.096900 0.101000 0.095200 0.131900 0.085600 0.084200
BlueWildeb 0.036600 0.201300 0.062300 0.204100 0.042400 0.041000 0.056100 0.054400 0.060800 0.102500 0.036500 0.059100 0.008600 0.049800 0.060600 0.062200 0.065100 0.060700 0.039500 0.060900 0.060500 0.033700 0.096000 0.088300 0.039600 0.051400 0.005700 0.060900 0.048400 0.056300 0.105600 0.052900 0.087200 0.000000 0.027600 0.060700 0.038000 0.052800 0.075700 0.092700 0.097500 0.049900 0.102400 0.085000 0.059000 0.054400 0.050100 0.068000 0.059300 0.112400 0.060700 0.059300
Gemsbok 0.042500 0.202800 0.066800 0.209200 0.049800 0.045400 0.060600 0.060400 0.068400 0.108800 0.041000 0.063600 0.033500 0.054300 0.065100 0.068300 0.072700 0.068200 0.040900 0.065400 0.066500 0.036600 0.105400 0.092900 0.044000 0.057400 0.030500 0.065400 0.054400 0.060800 0.110300 0.057400 0.093400 0.027600 0.000000 0.068100 0.042500 0.057300 0.078700 0.097200 0.107100 0.055900 0.108600 0.091100 0.066400 0.057300 0.059200 0.072500 0.060700 0.117400 0.065200 0.063800
Yak 0.066800 0.205900 0.045400 0.200200 0.065000 0.071400 0.066800 0.071200 0.050000 0.102400 0.065200 0.034900 0.066800 0.063500 0.060600 0.074600 0.069600 0.065100 0.068200 0.048600 0.075800 0.065500 0.092700 0.089600 0.068400 0.066700 0.060600 0.047100 0.066700 0.045600 0.105500 0.066600 0.083900 0.060700 0.068100 0.000000 0.065300 0.068000 0.088200 0.094100 0.100600 0.066700 0.099100 0.088000 0.017200 0.062000 0.065400 0.074200 0.074600 0.117800 0.042400 0.045500
BlueSheep 0.020300 0.201300 0.063800 0.202300 0.057400 0.024700 0.062200 0.065100 0.065400 0.108900 0.012700 0.069900 0.044000 0.058900 0.066700 0.073000 0.068200 0.060700 0.036500 0.065500 0.068100 0.024800 0.102300 0.093000 0.012700 0.062100 0.038000 0.062400 0.056000 0.060900 0.108800 0.062100 0.079200 0.038000 0.042500 0.065300 0.000000 0.061900 0.083500 0.097400 0.104000 0.057500 0.105600 0.088100 0.063600 0.060500 0.063900 0.074200 0.060800 0.116100 0.062200 0.063900
BohorReedb 0.058900 0.209300 0.066500 0.217800 0.018600 0.063400 0.064900 0.061700 0.072800 0.106800 0.060400 0.066400 0.058800 0.049600 0.063300 0.072600 0.070900 0.066400 0.063300 0.069800 0.070800 0.057600 0.100200 0.092600 0.063500 0.061800 0.055800 0.069800 0.064800 0.065200 0.106600 0.055700 0.094600 0.052800 0.057300 0.068000 0.061900 0.000000 0.083100 0.092300 0.101900 0.063300 0.106600 0.089200 0.066300 0.060200 0.063600 0.070700 0.065000 0.117200 0.066500 0.065100
KirksDik 0.077300 0.225800 0.086700 0.225100 0.078600 0.085000 0.069500 0.052700 0.091600 0.123000 0.081900 0.092900 0.083500 0.066300 0.081800 0.057400 0.092700 0.088200 0.081800 0.088500 0.052700 0.076000 0.122700 0.116500 0.082000 0.046700 0.077200 0.088500 0.049700 0.087000 0.129300 0.069400 0.110600 0.075700 0.078700 0.088200 0.083500 0.083100 0.000000 0.117700 0.124400 0.048200 0.119600 0.111400 0.086400 0.075500 0.048400 0.092500 0.080400 0.136900 0.085200 0.086900
RoeDeer 0.099100 0.202300 0.080200 0.231200 0.087600 0.100600 0.087900 0.097200 0.085000 0.055200 0.092600 0.087700 0.095800 0.078300 0.093800 0.103800 0.082900 0.078500 0.097200 0.081900 0.093900 0.097500 0.046300 0.034600 0.095900 0.092500 0.092600 0.081900 0.095700 0.077200 0.058300 0.084400 0.100600 0.092700 0.097200 0.094100 0.097400 0.092300 0.117700 0.000000 0.046300 0.087800 0.055100 0.034500 0.089200 0.091000 0.091300 0.105000 0.092600 0.131600 0.078600 0.071000
WhiteLippe 0.100900 0.222100 0.093000 0.235300 0.097300 0.105600 0.094600 0.100600 0.094700 0.041900 0.102400 0.094200 0.105500 0.078600 0.097200 0.110500 0.095600 0.091100 0.110200 0.091500 0.103600 0.107600 0.017100 0.044900 0.105700 0.095900 0.099100 0.091600 0.102200 0.090000 0.049300 0.081600 0.110400 0.097500 0.107100 0.100600 0.104000 0.101900 0.124400 0.046300 0.000000 0.094300 0.041900 0.041900 0.095700 0.097300 0.096300 0.111500 0.102400 0.145100 0.091400 0.086800
ThomsonGaz 0.060600 0.208100 0.065200 0.207500 0.055800 0.065100 0.049900 0.027500 0.066800 0.092800 0.059000 0.068200 0.057500 0.043700 0.062000 0.023200 0.066500 0.062000 0.058900 0.063800 0.024600 0.053100 0.092600 0.089700 0.059100 0.012900 0.051400 0.063800 0.012900 0.059200 0.099000 0.046800 0.090100 0.049900 0.055900 0.066700 0.057500 0.063300 0.048200 0.087800 0.094300 0.000000 0.092700 0.084800 0.065000 0.054300 0.029100 0.078600 0.063700 0.114400 0.063700 0.062200
MuntiacusC 0.104100 0.215600 0.088200 0.229500 0.098800 0.108800 0.096100 0.102100 0.096300 0.005700 0.103900 0.095800 0.110300 0.086300 0.095600 0.108900 0.090900 0.089500 0.108600 0.093200 0.105300 0.106000 0.046300 0.052400 0.107200 0.097500 0.100700 0.093200 0.100600 0.088400 0.024300 0.086200 0.110300 0.102400 0.108600 0.099100 0.105600 0.106600 0.119600 0.055100 0.041900 0.092700 0.000000 0.049300 0.092600 0.095800 0.096300 0.116200 0.102300 0.145700 0.086600 0.088400
WhiteTaile 0.089700 0.210300 0.080300 0.226100 0.087800 0.094400 0.086500 0.094100 0.085200 0.049300 0.086500 0.081700 0.088100 0.076900 0.087700 0.097600 0.076900 0.075400 0.091100 0.082100 0.097200 0.088400 0.044800 0.020000 0.089700 0.089500 0.084900 0.082100 0.089500 0.077400 0.053800 0.083000 0.097500 0.085000 0.091100 0.088000 0.088100 0.089200 0.111400 0.034500 0.041900 0.084800 0.049300 0.000000 0.083100 0.084700 0.088300 0.101800 0.089700 0.135000 0.078800 0.077300
Cattle 0.065200 0.200000 0.042300 0.201400 0.063300 0.069700 0.065100 0.069500 0.046900 0.095900 0.063600 0.031900 0.065100 0.061800 0.062000 0.072900 0.067900 0.063500 0.066500 0.048500 0.074100 0.063800 0.090900 0.088000 0.066700 0.065000 0.059000 0.043900 0.065000 0.042400 0.098900 0.065000 0.082200 0.059000 0.066400 0.017200 0.063600 0.066300 0.086400 0.089200 0.095700 0.065000 0.092600 0.083100 0.000000 0.060300 0.063700 0.072500 0.072900 0.115900 0.042300 0.042400
RoyalAntel 0.055900 0.201600 0.060500 0.218200 0.058700 0.060400 0.054300 0.060300 0.068300 0.099100 0.058900 0.063500 0.060400 0.048100 0.061900 0.063500 0.072600 0.068100 0.061900 0.065300 0.063300 0.056100 0.095700 0.088100 0.062000 0.052800 0.054300 0.065300 0.055800 0.060700 0.098800 0.051200 0.093200 0.054400 0.057300 0.062000 0.060500 0.060200 0.075500 0.091000 0.097300 0.054300 0.095800 0.084700 0.060300 0.000000 0.055900 0.075400 0.060400 0.118800 0.059000 0.060600
Steenbok 0.060900 0.216100 0.068400 0.215900 0.056000 0.065400 0.048500 0.033500 0.070100 0.096400 0.062300 0.066900 0.057700 0.043800 0.063800 0.038100 0.076100 0.071600 0.062300 0.067000 0.036300 0.059500 0.091500 0.090100 0.065500 0.026200 0.054700 0.067000 0.030600 0.064000 0.102500 0.046900 0.096900 0.050100 0.059200 0.065400 0.063900 0.063600 0.048400 0.091300 0.096300 0.029100 0.096300 0.088300 0.063700 0.055900 0.000000 0.079000 0.067100 0.116400 0.066900 0.065400
Impala 0.068100 0.212900 0.071100 0.227000 0.066200 0.075700 0.075600 0.078600 0.075900 0.116400 0.075700 0.067900 0.074100 0.067700 0.066300 0.084900 0.078600 0.075700 0.075500 0.072800 0.083200 0.072900 0.109800 0.105200 0.078800 0.077100 0.071000 0.072800 0.080200 0.068200 0.116200 0.070900 0.101000 0.068000 0.072500 0.074200 0.074200 0.070700 0.092500 0.105000 0.111500 0.078600 0.116200 0.101800 0.072500 0.075400 0.079000 0.000000 0.080500 0.131900 0.069600 0.068100
Klipspring 0.062300 0.203400 0.068500 0.211400 0.063600 0.066900 0.068400 0.071300 0.073200 0.105700 0.062300 0.076100 0.060800 0.055900 0.073000 0.076300 0.074400 0.071500 0.066800 0.070200 0.074400 0.061000 0.100800 0.094600 0.065400 0.065200 0.059200 0.070200 0.068300 0.068600 0.108600 0.062200 0.095200 0.059300 0.060700 0.074600 0.060800 0.065000 0.080400 0.092600 0.102400 0.063700 0.102300 0.089700 0.072900 0.060400 0.067100 0.080500 0.000000 0.127600 0.066900 0.068600
ForestMusk 0.119500 0.233200 0.117800 0.252900 0.120600 0.124300 0.122500 0.115800 0.117900 0.146000 0.114500 0.117600 0.118700 0.118800 0.120700 0.127600 0.115800 0.114300 0.120800 0.116300 0.120300 0.118200 0.143300 0.141700 0.117800 0.114300 0.115500 0.116300 0.119200 0.118000 0.143300 0.120700 0.131900 0.112400 0.117400 0.117800 0.116100 0.117200 0.136900 0.131600 0.145100 0.114400 0.145700 0.135000 0.115900 0.118800 0.116400 0.131900 0.127600 0.000000 0.119300 0.114600
Bushbuck 0.063800 0.181800 0.011400 0.209400 0.062000 0.068400 0.062100 0.068200 0.015800 0.089900 0.062200 0.042400 0.065300 0.058800 0.056000 0.071600 0.065100 0.060600 0.068300 0.011400 0.072800 0.062500 0.086600 0.080600 0.065300 0.063700 0.060700 0.012900 0.063700 0.010000 0.093000 0.062000 0.085600 0.060700 0.065200 0.042400 0.062200 0.066500 0.085200 0.078600 0.091400 0.063700 0.086600 0.078800 0.042300 0.059000 0.066900 0.069600 0.066900 0.119300 0.000000 0.011400
GreaterKud 0.065500 0.180800 0.014300 0.204300 0.060600 0.070100 0.063700 0.066800 0.012900 0.088500 0.063900 0.039500 0.063900 0.057400 0.057600 0.070100 0.066800 0.059200 0.066900 0.011400 0.065200 0.064100 0.085200 0.076000 0.067000 0.062200 0.062300 0.010000 0.062300 0.010000 0.091500 0.060500 0.084200 0.059300 0.063800 0.045500 0.063900 0.065100 0.086900 0.071000 0.086800 0.062200 0.088400 0.077300 0.042400 0.060600 0.065400 0.068100 0.068600 0.114600 0.011400 0.000000
