CODONML (in paml version 4.10.7, June 2023)  /home/rachel/ruminants_paml/6406-phy-tree/ENSBTAT00000000731.fasta.phy
Model: free dN/dS Ratios for branches,  kappa = 2.000 fixed

Codon frequency model: F3x4
ns =  54  ls =  35

Codon usage in sequences
--------------------------------------------------------------------------------------------------------------------------------------
Phe TTT   1   1   1   1   1   1 | Ser TCT   1   1   1   2   1   1 | Tyr TAT   1   1   1   1   1   1 | Cys TGT   0   0   0   0   1   0
    TTC   1   1   1   1   1   1 |     TCC   0   0   0   0   1   0 |     TAC   1   1   1   1   1   2 |     TGC   1   0   1   1   0   0
Leu TTA   1   1   1   1   1   1 |     TCA   2   1   2   1   1   2 | *** TAA   0   0   0   0   0   0 | *** TGA   0   0   0   0   0   0
    TTG   0   0   0   0   0   0 |     TCG   0   0   0   0   0   0 |     TAG   0   0   0   0   0   0 | Trp TGG   2   2   2   2   2   2
--------------------------------------------------------------------------------------------------------------------------------------
Leu CTT   0   0   0   0   0   0 | Pro CCT   0   0   0   0   0   0 | His CAT   0   0   0   0   0   0 | Arg CGT   0   0   0   0   0   0
    CTC   0   0   0   0   0   0 |     CCC   1   1   1   1   1   1 |     CAC   0   0   0   0   0   0 |     CGC   0   0   0   0   0   0
    CTA   1   0   1   1   0   1 |     CCA   2   3   2   3   3   3 | Gln CAA   0   0   0   0   0   0 |     CGA   0   0   0   0   0   0
    CTG   1   2   1   1   2   1 |     CCG   1   0   1   0   0   0 |     CAG   0   0   0   0   0   0 |     CGG   0   0   0   0   0   0
--------------------------------------------------------------------------------------------------------------------------------------
Ile ATT   1   1   1   1   1   1 | Thr ACT   1   2   1   1   1   1 | Asn AAT   3   3   3   3   2   3 | Ser AGT   0   0   0   0   0   0
    ATC   0   0   0   0   0   0 |     ACC   0   0   0   0   1   0 |     AAC   0   0   0   0   1   0 |     AGC   1   2   1   1   1   1
    ATA   0   0   0   0   0   0 |     ACA   1   1   1   1   0   1 | Lys AAA   2   1   2   2   1   1 | Arg AGA   0   0   0   0   0   0
Met ATG   0   0   0   0   0   0 |     ACG   0   0   0   0   0   0 |     AAG   1   2   1   1   2   2 |     AGG   0   0   0   0   0   0
--------------------------------------------------------------------------------------------------------------------------------------
Val GTT   0   0   0   0   0   0 | Ala GCT   0   0   0   0   0   0 | Asp GAT   1   1   1   1   1   1 | Gly GGT   0   0   0   0   0   0
    GTC   0   0   0   0   0   0 |     GCC   2   2   2   2   2   2 |     GAC   1   1   1   1   1   1 |     GGC   0   0   0   0   0   0
    GTA   0   0   0   0   0   0 |     GCA   1   1   1   1   1   1 | Glu GAA   1   1   1   1   2   1 |     GGA   0   0   0   0   0   0
    GTG   1   1   1   1   1   1 |     GCG   0   0   0   0   0   0 |     GAG   1   1   1   1   0   1 |     GGG   0   0   0   0   0   0
--------------------------------------------------------------------------------------------------------------------------------------

--------------------------------------------------------------------------------------------------------------------------------------
Phe TTT   1   1   1   1   1   1 | Ser TCT   1   1   1   0   1   1 | Tyr TAT   1   1   1   1   1   1 | Cys TGT   0   0   0   0   0   0
    TTC   1   1   1   1   1   1 |     TCC   0   0   0   0   0   0 |     TAC   1   1   1   1   1   1 |     TGC   1   1   1   1   1   1
Leu TTA   1   1   1   1   1   0 |     TCA   2   2   2   2   2   2 | *** TAA   0   0   0   0   0   0 | *** TGA   0   0   0   0   0   0
    TTG   0   0   0   0   0   0 |     TCG   0   0   0   1   0   0 |     TAG   0   0   0   0   0   0 | Trp TGG   2   2   2   2   2   2
--------------------------------------------------------------------------------------------------------------------------------------
Leu CTT   0   0   0   0   0   0 | Pro CCT   0   0   0   0   0   0 | His CAT   0   0   0   0   0   0 | Arg CGT   0   0   0   0   0   0
    CTC   1   0   0   1   0   0 |     CCC   1   1   1   1   1   1 |     CAC   0   0   0   0   0   0 |     CGC   0   0   0   0   0   0
    CTA   0   1   1   0   1   2 |     CCA   2   2   2   2   2   2 | Gln CAA   0   0   0   0   0   0 |     CGA   0   0   0   0   0   0
    CTG   1   1   1   1   1   1 |     CCG   1   1   1   1   1   1 |     CAG   0   0   0   0   0   0 |     CGG   0   0   0   0   0   0
--------------------------------------------------------------------------------------------------------------------------------------
Ile ATT   1   1   0   1   1   1 | Thr ACT   1   1   1   1   1   1 | Asn AAT   3   3   3   3   3   3 | Ser AGT   0   0   0   0   0   0
    ATC   0   0   1   0   0   0 |     ACC   0   0   0   0   0   0 |     AAC   0   0   0   0   0   0 |     AGC   1   1   1   1   1   1
    ATA   0   0   0   0   0   0 |     ACA   0   1   0   1   1   1 | Lys AAA   2   2   2   1   2   2 | Arg AGA   0   0   0   0   0   0
Met ATG   0   0   0   0   0   0 |     ACG   1   0   1   0   0   0 |     AAG   1   1   1   2   1   1 |     AGG   0   0   0   0   0   0
--------------------------------------------------------------------------------------------------------------------------------------
Val GTT   0   0   0   0   0   0 | Ala GCT   0   0   0   0   0   0 | Asp GAT   1   1   1   1   1   1 | Gly GGT   0   0   0   0   0   0
    GTC   0   0   0   0   0   0 |     GCC   2   2   2   2   2   2 |     GAC   1   1   1   1   1   1 |     GGC   0   0   0   0   0   0
    GTA   0   0   0   0   0   0 |     GCA   1   1   1   1   1   1 | Glu GAA   1   1   1   1   1   1 |     GGA   0   0   0   0   0   0
    GTG   1   1   1   1   1   1 |     GCG   0   0   0   0   0   0 |     GAG   1   1   1   1   1   1 |     GGG   0   0   0   0   0   0
--------------------------------------------------------------------------------------------------------------------------------------

--------------------------------------------------------------------------------------------------------------------------------------
Phe TTT   1   1   1   1   1   1 | Ser TCT   1   1   1   1   1   1 | Tyr TAT   1   1   1   1   1   1 | Cys TGT   0   0   0   0   0   0
    TTC   1   1   1   1   1   1 |     TCC   0   0   0   0   0   0 |     TAC   1   1   1   1   1   1 |     TGC   1   1   1   1   1   1
Leu TTA   1   1   1   1   0   1 |     TCA   2   2   2   2   2   2 | *** TAA   0   0   0   0   0   0 | *** TGA   0   0   0   0   0   0
    TTG   0   0   0   0   1   0 |     TCG   0   0   0   0   0   0 |     TAG   0   0   0   0   0   0 | Trp TGG   2   2   2   2   2   2
--------------------------------------------------------------------------------------------------------------------------------------
Leu CTT   0   0   0   0   0   0 | Pro CCT   0   0   0   0   0   0 | His CAT   0   0   0   0   0   0 | Arg CGT   0   0   0   0   0   0
    CTC   0   0   0   0   0   1 |     CCC   1   1   1   1   1   1 |     CAC   0   0   0   0   0   0 |     CGC   0   0   0   0   0   0
    CTA   1   1   0   1   0   0 |     CCA   2   2   2   2   2   1 | Gln CAA   0   0   0   0   0   0 |     CGA   0   0   0   0   0   0
    CTG   1   1   2   1   2   1 |     CCG   1   1   1   1   1   2 |     CAG   0   0   0   0   0   0 |     CGG   0   0   0   0   0   0
--------------------------------------------------------------------------------------------------------------------------------------
Ile ATT   1   1   1   0   1   1 | Thr ACT   1   1   1   0   1   1 | Asn AAT   3   3   3   3   3   3 | Ser AGT   0   0   0   0   0   0
    ATC   0   0   0   1   0   0 |     ACC   0   0   0   1   0   1 |     AAC   0   0   0   0   0   0 |     AGC   1   1   1   1   1   1
    ATA   0   0   0   0   0   0 |     ACA   1   1   1   0   1   0 | Lys AAA   2   2   2   2   2   2 | Arg AGA   0   0   0   0   0   0
Met ATG   0   0   0   0   0   0 |     ACG   0   0   0   1   0   0 |     AAG   1   1   1   1   1   1 |     AGG   0   0   0   0   0   0
--------------------------------------------------------------------------------------------------------------------------------------
Val GTT   0   0   0   0   0   0 | Ala GCT   0   0   0   0   0   0 | Asp GAT   1   1   1   1   1   1 | Gly GGT   0   0   0   0   0   0
    GTC   0   0   0   0   0   0 |     GCC   2   2   2   2   2   2 |     GAC   1   1   1   1   1   1 |     GGC   0   0   0   0   0   0
    GTA   0   0   0   0   0   0 |     GCA   1   1   1   1   1   1 | Glu GAA   1   1   1   1   1   1 |     GGA   0   0   0   0   0   0
    GTG   1   1   1   1   1   1 |     GCG   0   0   0   0   0   0 |     GAG   1   1   1   0   1   1 |     GGG   0   0   0   1   0   0
--------------------------------------------------------------------------------------------------------------------------------------

--------------------------------------------------------------------------------------------------------------------------------------
Phe TTT   1   1   1   1   1   1 | Ser TCT   1   1   1   1   0   1 | Tyr TAT   1   1   1   1   1   1 | Cys TGT   0   0   0   0   0   0
    TTC   1   1   1   1   1   1 |     TCC   0   0   1   0   0   0 |     TAC   1   1   1   1   1   1 |     TGC   1   1   1   1   1   1
Leu TTA   1   1   1   1   1   1 |     TCA   2   2   1   2   2   2 | *** TAA   0   0   0   0   0   0 | *** TGA   0   0   0   0   0   0
    TTG   0   0   0   0   0   0 |     TCG   0   0   0   0   1   0 |     TAG   0   0   0   0   0   0 | Trp TGG   2   2   2   2   2   2
--------------------------------------------------------------------------------------------------------------------------------------
Leu CTT   0   0   0   0   0   0 | Pro CCT   0   0   0   0   0   0 | His CAT   0   0   0   0   0   0 | Arg CGT   0   0   0   0   0   0
    CTC   0   0   0   0   1   0 |     CCC   1   1   1   1   1   1 |     CAC   0   0   0   0   0   0 |     CGC   0   0   0   0   0   0
    CTA   1   1   1   1   0   1 |     CCA   2   2   2   2   2   2 | Gln CAA   0   0   0   0   0   0 |     CGA   0   0   0   0   0   0
    CTG   1   1   1   1   1   1 |     CCG   1   1   1   1   1   1 |     CAG   0   0   0   0   0   0 |     CGG   0   0   0   0   0   0
--------------------------------------------------------------------------------------------------------------------------------------
Ile ATT   1   1   1   1   1   1 | Thr ACT   1   1   1   1   1   1 | Asn AAT   3   3   3   3   3   3 | Ser AGT   0   0   0   0   0   0
    ATC   0   0   0   0   0   0 |     ACC   0   0   0   0   0   0 |     AAC   0   0   0   0   0   0 |     AGC   1   1   1   1   1   1
    ATA   0   0   0   0   0   0 |     ACA   1   1   0   1   1   0 | Lys AAA   2   2   2   2   2   2 | Arg AGA   0   0   0   0   0   0
Met ATG   0   0   0   0   0   0 |     ACG   0   0   1   0   0   1 |     AAG   1   1   1   1   1   1 |     AGG   0   0   0   0   0   0
--------------------------------------------------------------------------------------------------------------------------------------
Val GTT   0   0   0   0   0   0 | Ala GCT   0   0   0   0   0   0 | Asp GAT   1   1   1   1   1   1 | Gly GGT   0   0   0   0   0   0
    GTC   0   0   0   0   0   0 |     GCC   2   2   2   2   2   2 |     GAC   1   1   1   1   1   1 |     GGC   0   0   0   0   0   0
    GTA   0   0   0   0   0   0 |     GCA   1   1   1   1   1   1 | Glu GAA   1   1   1   1   1   1 |     GGA   0   0   0   0   0   0
    GTG   1   1   1   1   1   1 |     GCG   0   0   0   0   0   0 |     GAG   1   1   1   1   1   1 |     GGG   0   0   0   0   0   0
--------------------------------------------------------------------------------------------------------------------------------------

--------------------------------------------------------------------------------------------------------------------------------------
Phe TTT   1   1   1   1   1   1 | Ser TCT   1   1   1   1   1   1 | Tyr TAT   1   1   1   1   1   1 | Cys TGT   0   0   0   0   0   0
    TTC   1   1   1   1   1   1 |     TCC   0   0   0   0   0   0 |     TAC   1   1   1   1   1   1 |     TGC   1   1   1   1   1   1
Leu TTA   0   0   1   1   1   1 |     TCA   2   2   2   2   2   2 | *** TAA   0   0   0   0   0   0 | *** TGA   0   0   0   0   0   0
    TTG   0   0   0   0   0   0 |     TCG   0   0   0   0   0   0 |     TAG   0   0   0   0   0   0 | Trp TGG   2   2   2   2   2   2
--------------------------------------------------------------------------------------------------------------------------------------
Leu CTT   0   0   0   0   0   0 | Pro CCT   0   0   0   0   0   0 | His CAT   0   0   0   0   0   0 | Arg CGT   0   0   0   0   0   0
    CTC   0   0   0   1   0   0 |     CCC   0   1   1   1   1   1 |     CAC   0   0   0   0   0   0 |     CGC   0   0   0   0   0   0
    CTA   2   2   1   0   0   1 |     CCA   3   2   2   2   2   2 | Gln CAA   0   0   0   0   0   0 |     CGA   0   0   0   0   0   0
    CTG   1   1   1   1   2   1 |     CCG   1   1   1   1   1   1 |     CAG   0   0   0   0   0   0 |     CGG   0   0   0   0   0   0
--------------------------------------------------------------------------------------------------------------------------------------
Ile ATT   1   1   1   1   1   1 | Thr ACT   1   1   1   1   1   1 | Asn AAT   3   3   3   3   3   3 | Ser AGT   0   0   0   0   0   0
    ATC   0   0   0   0   0   0 |     ACC   0   0   0   0   0   0 |     AAC   0   0   0   0   0   0 |     AGC   1   1   1   1   1   1
    ATA   0   0   0   0   0   0 |     ACA   1   1   1   1   0   1 | Lys AAA   2   2   2   2   2   2 | Arg AGA   0   0   0   0   0   0
Met ATG   0   0   0   0   0   0 |     ACG   0   0   0   0   1   0 |     AAG   1   1   1   1   1   1 |     AGG   0   0   0   0   0   0
--------------------------------------------------------------------------------------------------------------------------------------
Val GTT   0   0   0   0   0   0 | Ala GCT   0   0   0   0   0   0 | Asp GAT   1   1   1   1   1   1 | Gly GGT   0   0   0   0   0   0
    GTC   0   0   0   0   0   0 |     GCC   2   2   2   2   2   2 |     GAC   1   1   1   1   1   1 |     GGC   0   0   0   0   0   0
    GTA   0   0   0   0   0   0 |     GCA   1   1   1   1   1   1 | Glu GAA   1   1   1   1   1   1 |     GGA   0   0   0   0   0   0
    GTG   1   1   1   1   1   1 |     GCG   0   0   0   0   0   0 |     GAG   1   1   1   1   1   1 |     GGG   0   0   0   0   0   0
--------------------------------------------------------------------------------------------------------------------------------------

--------------------------------------------------------------------------------------------------------------------------------------
Phe TTT   1   1   1   1   1   1 | Ser TCT   1   1   1   1   1   1 | Tyr TAT   1   1   1   1   1   1 | Cys TGT   0   0   0   0   0   0
    TTC   1   1   1   1   1   1 |     TCC   0   0   0   0   0   0 |     TAC   1   1   1   1   1   1 |     TGC   1   1   1   1   1   1
Leu TTA   1   1   0   1   1   1 |     TCA   2   2   2   2   1   2 | *** TAA   0   0   0   0   0   0 | *** TGA   0   0   0   0   0   0
    TTG   0   0   0   0   0   0 |     TCG   0   0   0   0   0   0 |     TAG   0   0   0   0   0   0 | Trp TGG   2   2   2   2   2   2
--------------------------------------------------------------------------------------------------------------------------------------
Leu CTT   0   0   0   0   0   0 | Pro CCT   0   0   0   0   0   0 | His CAT   0   0   0   0   0   0 | Arg CGT   0   0   0   0   0   0
    CTC   1   0   0   0   0   0 |     CCC   1   1   1   1   1   1 |     CAC   0   0   0   0   0   0 |     CGC   0   0   0   0   0   0
    CTA   0   1   2   1   1   0 |     CCA   2   3   3   2   2   3 | Gln CAA   0   0   0   0   0   0 |     CGA   0   0   0   0   0   0
    CTG   1   1   1   1   1   2 |     CCG   1   0   0   1   1   0 |     CAG   0   0   0   0   0   0 |     CGG   0   0   0   0   0   0
--------------------------------------------------------------------------------------------------------------------------------------
Ile ATT   1   1   1   0   1   1 | Thr ACT   1   1   1   0   1   1 | Asn AAT   3   3   3   3   3   3 | Ser AGT   0   0   0   0   0   0
    ATC   0   0   0   1   0   0 |     ACC   1   0   0   1   0   0 |     AAC   0   0   0   0   0   0 |     AGC   1   1   1   1   1   1
    ATA   0   0   0   0   0   0 |     ACA   0   1   1   0   2   0 | Lys AAA   2   2   2   2   2   2 | Arg AGA   0   0   0   0   0   0
Met ATG   0   0   0   0   0   0 |     ACG   0   0   0   1   0   1 |     AAG   1   1   1   1   1   1 |     AGG   0   0   0   0   0   0
--------------------------------------------------------------------------------------------------------------------------------------
Val GTT   0   0   0   0   0   0 | Ala GCT   0   0   0   0   0   0 | Asp GAT   1   1   1   1   1   1 | Gly GGT   0   0   0   0   0   0
    GTC   0   0   0   0   0   0 |     GCC   2   2   2   2   2   2 |     GAC   1   1   1   1   1   1 |     GGC   0   0   0   0   0   0
    GTA   0   0   0   0   0   0 |     GCA   1   1   1   1   1   1 | Glu GAA   1   1   1   1   1   1 |     GGA   0   0   0   0   0   0
    GTG   1   1   1   1   1   1 |     GCG   0   0   0   0   0   0 |     GAG   1   1   1   1   1   1 |     GGG   0   0   0   0   0   0
--------------------------------------------------------------------------------------------------------------------------------------

--------------------------------------------------------------------------------------------------------------------------------------
Phe TTT   1   1   1   1   1   1 | Ser TCT   1   1   1   1   1   1 | Tyr TAT   1   1   1   1   1   1 | Cys TGT   0   0   0   0   0   0
    TTC   1   1   1   1   1   1 |     TCC   0   0   0   0   0   0 |     TAC   1   1   1   1   1   1 |     TGC   1   1   1   1   1   1
Leu TTA   1   1   1   1   1   0 |     TCA   2   2   2   2   2   2 | *** TAA   0   0   0   0   0   0 | *** TGA   0   0   0   0   0   0
    TTG   0   0   0   0   0   0 |     TCG   0   0   0   0   0   0 |     TAG   0   0   0   0   0   0 | Trp TGG   2   2   2   2   2   2
--------------------------------------------------------------------------------------------------------------------------------------
Leu CTT   0   0   0   0   0   0 | Pro CCT   0   0   0   0   0   0 | His CAT   0   0   0   0   0   0 | Arg CGT   0   0   0   0   0   0
    CTC   0   0   0   1   1   0 |     CCC   1   1   1   1   1   1 |     CAC   0   0   0   0   0   0 |     CGC   0   0   0   0   0   0
    CTA   1   1   1   0   0   2 |     CCA   2   2   2   2   2   2 | Gln CAA   0   0   0   0   0   0 |     CGA   0   0   0   0   0   0
    CTG   1   1   1   1   1   1 |     CCG   1   1   1   1   1   1 |     CAG   0   0   0   0   0   0 |     CGG   0   0   0   0   0   0
--------------------------------------------------------------------------------------------------------------------------------------
Ile ATT   1   1   1   1   1   1 | Thr ACT   2   1   1   1   1   1 | Asn AAT   2   3   3   3   3   3 | Ser AGT   0   0   0   0   0   0
    ATC   0   0   0   0   0   0 |     ACC   0   0   0   0   0   0 |     AAC   1   0   0   0   0   0 |     AGC   1   1   1   1   1   1
    ATA   0   0   0   0   0   0 |     ACA   0   1   1   0   1   1 | Lys AAA   2   2   2   2   2   2 | Arg AGA   0   0   0   0   0   0
Met ATG   0   0   0   0   0   0 |     ACG   0   0   0   1   0   0 |     AAG   1   1   1   1   1   1 |     AGG   0   0   0   0   0   0
--------------------------------------------------------------------------------------------------------------------------------------
Val GTT   0   0   0   0   0   0 | Ala GCT   0   0   0   0   0   0 | Asp GAT   1   1   1   1   1   1 | Gly GGT   0   0   0   0   0   0
    GTC   0   0   0   0   0   0 |     GCC   2   2   2   2   2   2 |     GAC   1   1   1   1   1   1 |     GGC   0   0   0   0   0   0
    GTA   0   0   0   0   0   0 |     GCA   1   1   1   1   1   1 | Glu GAA   1   1   1   1   1   1 |     GGA   0   0   0   0   0   0
    GTG   1   1   1   1   1   1 |     GCG   0   0   0   0   0   0 |     GAG   1   1   1   1   1   1 |     GGG   0   0   0   0   0   0
--------------------------------------------------------------------------------------------------------------------------------------

--------------------------------------------------------------------------------------------------------------------------------------
Phe TTT   1   1   1   1   1   1 | Ser TCT   1   1   1   1   1   1 | Tyr TAT   1   1   1   1   1   1 | Cys TGT   1   0   0   0   0   0
    TTC   1   1   1   1   1   1 |     TCC   0   0   0   0   0   0 |     TAC   1   1   1   1   1   1 |     TGC   0   1   1   1   1   1
Leu TTA   0   1   0   0   1   1 |     TCA   2   2   2   2   2   2 | *** TAA   0   0   0   0   0   0 | *** TGA   0   0   0   0   0   0
    TTG   0   0   0   0   0   0 |     TCG   0   0   0   0   0   0 |     TAG   0   0   0   0   0   0 | Trp TGG   2   2   2   2   2   2
--------------------------------------------------------------------------------------------------------------------------------------
Leu CTT   0   0   0   0   0   0 | Pro CCT   0   0   0   0   0   0 | His CAT   0   0   0   0   0   0 | Arg CGT   0   0   0   0   0   0
    CTC   0   1   0   0   0   0 |     CCC   1   1   1   1   1   1 |     CAC   0   0   0   0   0   0 |     CGC   0   0   0   0   0   0
    CTA   2   0   2   2   1   1 |     CCA   2   2   2   2   2   2 | Gln CAA   0   0   0   0   0   0 |     CGA   0   0   0   0   0   0
    CTG   1   1   1   1   1   1 |     CCG   1   1   1   1   1   1 |     CAG   0   0   0   0   0   0 |     CGG   0   0   0   0   0   0
--------------------------------------------------------------------------------------------------------------------------------------
Ile ATT   1   1   1   1   1   1 | Thr ACT   1   1   1   1   1   1 | Asn AAT   3   3   3   3   3   3 | Ser AGT   0   0   0   0   0   0
    ATC   0   0   0   0   0   0 |     ACC   0   0   0   0   0   0 |     AAC   0   0   0   0   0   0 |     AGC   1   1   1   1   1   1
    ATA   0   0   0   0   0   0 |     ACA   1   1   1   1   1   0 | Lys AAA   2   2   2   2   2   2 | Arg AGA   0   0   0   0   0   0
Met ATG   0   0   0   0   0   0 |     ACG   0   0   0   0   0   1 |     AAG   1   1   1   1   1   1 |     AGG   0   0   0   0   0   0
--------------------------------------------------------------------------------------------------------------------------------------
Val GTT   0   0   0   0   0   0 | Ala GCT   0   0   0   0   0   0 | Asp GAT   1   1   1   1   1   1 | Gly GGT   0   0   0   0   0   0
    GTC   0   0   0   0   0   0 |     GCC   2   2   2   2   2   2 |     GAC   1   1   1   1   1   1 |     GGC   0   0   0   0   0   0
    GTA   0   0   0   0   0   0 |     GCA   1   1   1   1   1   1 | Glu GAA   1   1   1   1   1   1 |     GGA   0   0   0   0   0   0
    GTG   1   1   1   1   1   1 |     GCG   0   0   0   0   0   0 |     GAG   1   1   1   1   1   1 |     GGG   0   0   0   0   0   0
--------------------------------------------------------------------------------------------------------------------------------------

--------------------------------------------------------------------------------------------------------------------------------------
Phe TTT   1   1   1   1   1   1 | Ser TCT   1   1   1   2   1   1 | Tyr TAT   1   1   1   1   1   1 | Cys TGT   0   0   0   0   0   0
    TTC   1   1   1   1   1   1 |     TCC   0   0   0   0   0   0 |     TAC   1   1   1   1   1   1 |     TGC   1   1   1   1   1   1
Leu TTA   1   1   1   1   1   1 |     TCA   1   2   2   1   2   2 | *** TAA   0   0   0   0   0   0 | *** TGA   0   0   0   0   0   0
    TTG   0   0   0   0   0   0 |     TCG   1   0   0   0   0   0 |     TAG   0   0   0   0   0   0 | Trp TGG   2   2   2   2   2   2
--------------------------------------------------------------------------------------------------------------------------------------
Leu CTT   0   0   0   0   0   0 | Pro CCT   0   0   0   0   0   0 | His CAT   0   0   0   0   0   0 | Arg CGT   0   0   0   0   0   0
    CTC   1   0   0   0   0   0 |     CCC   1   1   1   1   1   1 |     CAC   0   0   0   0   0   0 |     CGC   0   0   0   0   0   0
    CTA   0   1   1   1   1   1 |     CCA   2   1   2   3   3   2 | Gln CAA   0   0   0   0   0   0 |     CGA   0   0   0   0   0   0
    CTG   1   1   1   1   1   1 |     CCG   1   2   1   0   0   1 |     CAG   0   0   0   0   0   0 |     CGG   0   0   0   0   0   0
--------------------------------------------------------------------------------------------------------------------------------------
Ile ATT   1   1   1   1   1   1 | Thr ACT   1   1   1   1   1   1 | Asn AAT   3   3   3   3   3   3 | Ser AGT   0   1   0   0   0   0
    ATC   0   0   0   0   0   0 |     ACC   0   0   0   0   0   0 |     AAC   0   0   0   0   0   0 |     AGC   1   0   1   1   1   1
    ATA   0   0   0   0   0   0 |     ACA   1   0   0   1   1   1 | Lys AAA   2   2   2   2   2   2 | Arg AGA   0   0   0   0   0   0
Met ATG   0   0   0   0   0   0 |     ACG   0   1   1   0   0   0 |     AAG   1   1   1   1   1   1 |     AGG   0   0   0   0   0   0
--------------------------------------------------------------------------------------------------------------------------------------
Val GTT   0   0   0   0   0   0 | Ala GCT   0   0   0   0   0   0 | Asp GAT   1   1   1   1   1   1 | Gly GGT   0   0   0   0   0   0
    GTC   0   0   0   0   0   0 |     GCC   2   2   2   2   2   2 |     GAC   1   1   1   1   1   1 |     GGC   0   0   0   0   0   0
    GTA   0   0   0   0   0   0 |     GCA   1   1   1   1   1   1 | Glu GAA   1   1   1   1   1   1 |     GGA   0   0   0   0   0   0
    GTG   1   1   1   1   1   1 |     GCG   0   0   0   0   0   0 |     GAG   1   1   1   1   1   1 |     GGG   0   0   0   0   0   0
--------------------------------------------------------------------------------------------------------------------------------------

Codon position x base (3x4) table for each sequence.

#1: Argali         
position  1:    T:0.31429    C:0.17143    A:0.28571    G:0.22857
position  2:    T:0.20000    C:0.34286    A:0.34286    G:0.11429
position  3:    T:0.25714    C:0.22857    A:0.31429    G:0.20000
Average         T:0.25714    C:0.24762    A:0.31429    G:0.18095

#2: LesserMouseDeer
position  1:    T:0.25714    C:0.17143    A:0.34286    G:0.22857
position  2:    T:0.20000    C:0.34286    A:0.34286    G:0.11429
position  3:    T:0.28571    C:0.22857    A:0.25714    G:0.22857
Average         T:0.24762    C:0.24762    A:0.31429    G:0.19048

#3: LesserKudu     
position  1:    T:0.31429    C:0.17143    A:0.28571    G:0.22857
position  2:    T:0.20000    C:0.34286    A:0.34286    G:0.11429
position  3:    T:0.25714    C:0.22857    A:0.31429    G:0.20000
Average         T:0.25714    C:0.24762    A:0.31429    G:0.18095

#4: ForestMuskDeer2
position  1:    T:0.31429    C:0.17143    A:0.28571    G:0.22857
position  2:    T:0.20000    C:0.34286    A:0.34286    G:0.11429
position  3:    T:0.28571    C:0.22857    A:0.31429    G:0.17143
Average         T:0.26667    C:0.24762    A:0.31429    G:0.17143

#5: Camel          
position  1:    T:0.31429    C:0.17143    A:0.28571    G:0.22857
position  2:    T:0.20000    C:0.34286    A:0.34286    G:0.11429
position  3:    T:0.25714    C:0.28571    A:0.25714    G:0.20000
Average         T:0.25714    C:0.26667    A:0.29524    G:0.18095

#6: KillerWhale    
position  1:    T:0.31429    C:0.17143    A:0.28571    G:0.22857
position  2:    T:0.20000    C:0.34286    A:0.37143    G:0.08571
position  3:    T:0.25714    C:0.22857    A:0.31429    G:0.20000
Average         T:0.25714    C:0.24762    A:0.32381    G:0.17143

#7: DefassaWaterbuck
position  1:    T:0.31429    C:0.17143    A:0.28571    G:0.22857
position  2:    T:0.20000    C:0.34286    A:0.34286    G:0.11429
position  3:    T:0.25714    C:0.25714    A:0.25714    G:0.22857
Average         T:0.25714    C:0.25714    A:0.29524    G:0.19048

#8: Sheep          
position  1:    T:0.31429    C:0.17143    A:0.28571    G:0.22857
position  2:    T:0.20000    C:0.34286    A:0.34286    G:0.11429
position  3:    T:0.25714    C:0.22857    A:0.31429    G:0.20000
Average         T:0.25714    C:0.24762    A:0.31429    G:0.18095

#9: MaxwellsDuiker 
position  1:    T:0.31429    C:0.17143    A:0.28571    G:0.22857
position  2:    T:0.20000    C:0.34286    A:0.34286    G:0.11429
position  3:    T:0.22857    C:0.25714    A:0.28571    G:0.22857
Average         T:0.24762    C:0.25714    A:0.30476    G:0.19048

#10: GazellaPrzewalskyi
position  1:    T:0.31429    C:0.17143    A:0.28571    G:0.22857
position  2:    T:0.20000    C:0.34286    A:0.34286    G:0.11429
position  3:    T:0.22857    C:0.25714    A:0.25714    G:0.25714
Average         T:0.24762    C:0.25714    A:0.29524    G:0.20000

#11: MountainNyala  
position  1:    T:0.31429    C:0.17143    A:0.28571    G:0.22857
position  2:    T:0.20000    C:0.34286    A:0.34286    G:0.11429
position  3:    T:0.25714    C:0.22857    A:0.31429    G:0.20000
Average         T:0.25714    C:0.24762    A:0.31429    G:0.18095

#12: MuntiacusMuntjak
position  1:    T:0.28571    C:0.20000    A:0.28571    G:0.22857
position  2:    T:0.20000    C:0.34286    A:0.34286    G:0.11429
position  3:    T:0.25714    C:0.22857    A:0.31429    G:0.20000
Average         T:0.24762    C:0.25714    A:0.31429    G:0.18095

#13: goat           
position  1:    T:0.31429    C:0.17143    A:0.28571    G:0.22857
position  2:    T:0.20000    C:0.34286    A:0.34286    G:0.11429
position  3:    T:0.25714    C:0.22857    A:0.31429    G:0.20000
Average         T:0.25714    C:0.24762    A:0.31429    G:0.18095

#14: AfricanBuffalo 
position  1:    T:0.31429    C:0.17143    A:0.28571    G:0.22857
position  2:    T:0.20000    C:0.34286    A:0.34286    G:0.11429
position  3:    T:0.25714    C:0.22857    A:0.31429    G:0.20000
Average         T:0.25714    C:0.24762    A:0.31429    G:0.18095

#15: Topi           
position  1:    T:0.31429    C:0.17143    A:0.28571    G:0.22857
position  2:    T:0.20000    C:0.34286    A:0.34286    G:0.11429
position  3:    T:0.25714    C:0.22857    A:0.28571    G:0.22857
Average         T:0.25714    C:0.24762    A:0.30476    G:0.19048

#16: CommonDuiker   
position  1:    T:0.31429    C:0.17143    A:0.28571    G:0.22857
position  2:    T:0.20000    C:0.34286    A:0.31429    G:0.14286
position  3:    T:0.20000    C:0.28571    A:0.28571    G:0.22857
Average         T:0.23810    C:0.26667    A:0.29524    G:0.20000

#17: Suni           
position  1:    T:0.31429    C:0.17143    A:0.28571    G:0.22857
position  2:    T:0.20000    C:0.34286    A:0.34286    G:0.11429
position  3:    T:0.25714    C:0.22857    A:0.25714    G:0.25714
Average         T:0.25714    C:0.24762    A:0.29524    G:0.20000

#18: Springbuck     
position  1:    T:0.31429    C:0.17143    A:0.28571    G:0.22857
position  2:    T:0.20000    C:0.34286    A:0.34286    G:0.11429
position  3:    T:0.25714    C:0.28571    A:0.22857    G:0.22857
Average         T:0.25714    C:0.26667    A:0.28571    G:0.19048

#19: Okapi          
position  1:    T:0.31429    C:0.17143    A:0.28571    G:0.22857
position  2:    T:0.20000    C:0.34286    A:0.34286    G:0.11429
position  3:    T:0.25714    C:0.22857    A:0.31429    G:0.20000
Average         T:0.25714    C:0.24762    A:0.31429    G:0.18095

#20: Giraffe        
position  1:    T:0.31429    C:0.17143    A:0.28571    G:0.22857
position  2:    T:0.20000    C:0.34286    A:0.34286    G:0.11429
position  3:    T:0.25714    C:0.22857    A:0.31429    G:0.20000
Average         T:0.25714    C:0.24762    A:0.31429    G:0.18095

#21: TibetanAntelope
position  1:    T:0.31429    C:0.17143    A:0.28571    G:0.22857
position  2:    T:0.20000    C:0.34286    A:0.34286    G:0.11429
position  3:    T:0.25714    C:0.25714    A:0.25714    G:0.22857
Average         T:0.25714    C:0.25714    A:0.29524    G:0.19048

#22: Sitatunga      
position  1:    T:0.31429    C:0.17143    A:0.28571    G:0.22857
position  2:    T:0.20000    C:0.34286    A:0.34286    G:0.11429
position  3:    T:0.25714    C:0.22857    A:0.31429    G:0.20000
Average         T:0.25714    C:0.24762    A:0.31429    G:0.18095

#23: Oribi          
position  1:    T:0.31429    C:0.17143    A:0.28571    G:0.22857
position  2:    T:0.20000    C:0.34286    A:0.34286    G:0.11429
position  3:    T:0.22857    C:0.25714    A:0.28571    G:0.22857
Average         T:0.24762    C:0.25714    A:0.30476    G:0.19048

#24: BarbarySheep   
position  1:    T:0.31429    C:0.17143    A:0.28571    G:0.22857
position  2:    T:0.20000    C:0.34286    A:0.34286    G:0.11429
position  3:    T:0.25714    C:0.22857    A:0.28571    G:0.22857
Average         T:0.25714    C:0.24762    A:0.30476    G:0.19048

#25: Daviddeer      
position  1:    T:0.28571    C:0.20000    A:0.28571    G:0.22857
position  2:    T:0.20000    C:0.34286    A:0.34286    G:0.11429
position  3:    T:0.25714    C:0.20000    A:0.34286    G:0.20000
Average         T:0.24762    C:0.24762    A:0.32381    G:0.18095

#26: Reindeer       
position  1:    T:0.28571    C:0.20000    A:0.28571    G:0.22857
position  2:    T:0.20000    C:0.34286    A:0.34286    G:0.11429
position  3:    T:0.25714    C:0.22857    A:0.31429    G:0.20000
Average         T:0.24762    C:0.25714    A:0.31429    G:0.18095

#27: Ibex           
position  1:    T:0.31429    C:0.17143    A:0.28571    G:0.22857
position  2:    T:0.20000    C:0.34286    A:0.34286    G:0.11429
position  3:    T:0.25714    C:0.22857    A:0.31429    G:0.20000
Average         T:0.25714    C:0.24762    A:0.31429    G:0.18095

#28: GyrantGazelle  
position  1:    T:0.31429    C:0.17143    A:0.28571    G:0.22857
position  2:    T:0.20000    C:0.34286    A:0.34286    G:0.11429
position  3:    T:0.25714    C:0.25714    A:0.28571    G:0.20000
Average         T:0.25714    C:0.25714    A:0.30476    G:0.18095

#29: Hartebeest     
position  1:    T:0.31429    C:0.17143    A:0.28571    G:0.22857
position  2:    T:0.20000    C:0.34286    A:0.34286    G:0.11429
position  3:    T:0.25714    C:0.22857    A:0.25714    G:0.25714
Average         T:0.25714    C:0.24762    A:0.29524    G:0.20000

#30: Bongo          
position  1:    T:0.31429    C:0.17143    A:0.28571    G:0.22857
position  2:    T:0.20000    C:0.34286    A:0.34286    G:0.11429
position  3:    T:0.25714    C:0.22857    A:0.31429    G:0.20000
Average         T:0.25714    C:0.24762    A:0.31429    G:0.18095

#31: Gerenuk        
position  1:    T:0.31429    C:0.17143    A:0.28571    G:0.22857
position  2:    T:0.20000    C:0.34286    A:0.34286    G:0.11429
position  3:    T:0.25714    C:0.28571    A:0.25714    G:0.20000
Average         T:0.25714    C:0.26667    A:0.29524    G:0.18095

#32: CommonEland    
position  1:    T:0.31429    C:0.17143    A:0.28571    G:0.22857
position  2:    T:0.20000    C:0.34286    A:0.34286    G:0.11429
position  3:    T:0.25714    C:0.22857    A:0.34286    G:0.17143
Average         T:0.25714    C:0.24762    A:0.32381    G:0.17143

#33: MuntiacusReevesi
position  1:    T:0.28571    C:0.20000    A:0.28571    G:0.22857
position  2:    T:0.20000    C:0.34286    A:0.34286    G:0.11429
position  3:    T:0.25714    C:0.22857    A:0.34286    G:0.17143
Average         T:0.24762    C:0.25714    A:0.32381    G:0.17143

#34: HarveysDuiker  
position  1:    T:0.31429    C:0.17143    A:0.28571    G:0.22857
position  2:    T:0.20000    C:0.34286    A:0.34286    G:0.11429
position  3:    T:0.20000    C:0.28571    A:0.28571    G:0.22857
Average         T:0.23810    C:0.26667    A:0.30476    G:0.19048

#35: Pronghorn      
position  1:    T:0.28571    C:0.17143    A:0.31429    G:0.22857
position  2:    T:0.20000    C:0.34286    A:0.34286    G:0.11429
position  3:    T:0.25714    C:0.22857    A:0.31429    G:0.20000
Average         T:0.24762    C:0.24762    A:0.32381    G:0.18095

#36: BlueWildebeest 
position  1:    T:0.31429    C:0.17143    A:0.28571    G:0.22857
position  2:    T:0.20000    C:0.34286    A:0.34286    G:0.11429
position  3:    T:0.25714    C:0.22857    A:0.28571    G:0.22857
Average         T:0.25714    C:0.24762    A:0.30476    G:0.19048

#37: Gemsbok        
position  1:    T:0.31429    C:0.17143    A:0.28571    G:0.22857
position  2:    T:0.20000    C:0.34286    A:0.34286    G:0.11429
position  3:    T:0.25714    C:0.25714    A:0.28571    G:0.20000
Average         T:0.25714    C:0.25714    A:0.30476    G:0.18095

#38: Yak            
position  1:    T:0.31429    C:0.17143    A:0.28571    G:0.22857
position  2:    T:0.20000    C:0.34286    A:0.34286    G:0.11429
position  3:    T:0.25714    C:0.22857    A:0.31429    G:0.20000
Average         T:0.25714    C:0.24762    A:0.31429    G:0.18095

#39: BlueSheep      
position  1:    T:0.31429    C:0.17143    A:0.28571    G:0.22857
position  2:    T:0.20000    C:0.34286    A:0.34286    G:0.11429
position  3:    T:0.25714    C:0.22857    A:0.31429    G:0.20000
Average         T:0.25714    C:0.24762    A:0.31429    G:0.18095

#40: BohorReedbuck  
position  1:    T:0.31429    C:0.17143    A:0.28571    G:0.22857
position  2:    T:0.20000    C:0.34286    A:0.34286    G:0.11429
position  3:    T:0.25714    C:0.25714    A:0.25714    G:0.22857
Average         T:0.25714    C:0.25714    A:0.29524    G:0.19048

#41: KirksDik       
position  1:    T:0.31429    C:0.17143    A:0.28571    G:0.22857
position  2:    T:0.20000    C:0.34286    A:0.34286    G:0.11429
position  3:    T:0.25714    C:0.25714    A:0.28571    G:0.20000
Average         T:0.25714    C:0.25714    A:0.30476    G:0.18095

#42: RoeDeer        
position  1:    T:0.28571    C:0.20000    A:0.28571    G:0.22857
position  2:    T:0.20000    C:0.34286    A:0.34286    G:0.11429
position  3:    T:0.25714    C:0.22857    A:0.31429    G:0.20000
Average         T:0.24762    C:0.25714    A:0.31429    G:0.18095

#43: WhiteLippedDeer
position  1:    T:0.28571    C:0.20000    A:0.28571    G:0.22857
position  2:    T:0.20000    C:0.34286    A:0.34286    G:0.11429
position  3:    T:0.28571    C:0.20000    A:0.31429    G:0.20000
Average         T:0.25714    C:0.24762    A:0.31429    G:0.18095

#44: ThomsonGazelle 
position  1:    T:0.31429    C:0.17143    A:0.28571    G:0.22857
position  2:    T:0.20000    C:0.34286    A:0.34286    G:0.11429
position  3:    T:0.25714    C:0.25714    A:0.28571    G:0.20000
Average         T:0.25714    C:0.25714    A:0.30476    G:0.18095

#45: MuntiacusCrinifrons
position  1:    T:0.28571    C:0.20000    A:0.28571    G:0.22857
position  2:    T:0.20000    C:0.34286    A:0.34286    G:0.11429
position  3:    T:0.25714    C:0.22857    A:0.31429    G:0.20000
Average         T:0.24762    C:0.25714    A:0.31429    G:0.18095

#46: WhiteTailedDeer
position  1:    T:0.28571    C:0.20000    A:0.28571    G:0.22857
position  2:    T:0.20000    C:0.34286    A:0.34286    G:0.11429
position  3:    T:0.25714    C:0.22857    A:0.31429    G:0.20000
Average         T:0.24762    C:0.25714    A:0.31429    G:0.18095

#47: Cattle         
position  1:    T:0.31429    C:0.17143    A:0.28571    G:0.22857
position  2:    T:0.20000    C:0.34286    A:0.34286    G:0.11429
position  3:    T:0.25714    C:0.22857    A:0.31429    G:0.20000
Average         T:0.25714    C:0.24762    A:0.31429    G:0.18095

#48: RoyalAntelope  
position  1:    T:0.31429    C:0.17143    A:0.28571    G:0.22857
position  2:    T:0.20000    C:0.34286    A:0.34286    G:0.11429
position  3:    T:0.25714    C:0.22857    A:0.28571    G:0.22857
Average         T:0.25714    C:0.24762    A:0.30476    G:0.19048

#49: Steenbok       
position  1:    T:0.31429    C:0.17143    A:0.28571    G:0.22857
position  2:    T:0.20000    C:0.34286    A:0.34286    G:0.11429
position  3:    T:0.25714    C:0.25714    A:0.25714    G:0.22857
Average         T:0.25714    C:0.25714    A:0.29524    G:0.19048

#50: Impala         
position  1:    T:0.31429    C:0.17143    A:0.28571    G:0.22857
position  2:    T:0.20000    C:0.34286    A:0.34286    G:0.11429
position  3:    T:0.28571    C:0.20000    A:0.25714    G:0.25714
Average         T:0.26667    C:0.23810    A:0.29524    G:0.20000

#51: Klipspringer   
position  1:    T:0.31429    C:0.17143    A:0.28571    G:0.22857
position  2:    T:0.20000    C:0.34286    A:0.34286    G:0.11429
