1
52 1
Argali 0.000000 0.225200 0.046300 0.162400 0.046400 0.007300 0.038800 0.038300 0.038400 0.046500 0.015200 0.038600 0.038400 0.038800 0.030600 0.038500 0.078900 0.071000 0.022900 0.046300 0.015200 0.022900 0.054500 0.054600 0.015200 0.038600 0.038400 0.071800 0.030600 0.038400 0.054500 0.030800 0.155300 0.038400 0.046700 0.055100 0.030800 0.022900 0.062900 0.054500 0.062400 0.030700 0.046500 0.054600 0.046600 0.022900 0.055500 0.038300 0.046600 0.054500 0.046200 0.038400
LesserMous 0.225200 0.000000 0.245700 0.274800 0.206700 0.215500 0.236800 0.234700 0.235500 0.225600 0.205900 0.216400 0.234800 0.237400 0.225500 0.216500 0.226400 0.236800 0.216200 0.245500 0.205900 0.216400 0.216200 0.225300 0.205900 0.216600 0.234800 0.281800 0.225300 0.235500 0.236200 0.227100 0.318500 0.234800 0.246800 0.238300 0.226900 0.196700 0.268400 0.235500 0.225300 0.226000 0.225600 0.225300 0.226700 0.216400 0.260300 0.234800 0.246500 0.247000 0.244900 0.235500
LesserKudu 0.046300 0.245700 0.000000 0.163100 0.062600 0.038500 0.054900 0.054200 0.007600 0.030800 0.030700 0.023000 0.054300 0.054900 0.030700 0.054500 0.062700 0.054900 0.038700 0.015200 0.030700 0.038700 0.038700 0.038700 0.030600 0.054600 0.054300 0.039300 0.046500 0.007300 0.038700 0.046700 0.173300 0.054300 0.063000 0.039100 0.046700 0.038600 0.079500 0.038700 0.046500 0.046500 0.030800 0.038700 0.030900 0.038700 0.055700 0.054200 0.062800 0.054700 0.015200 0.007600
KillerWhal 0.162400 0.274800 0.163100 0.000000 0.163200 0.153400 0.154900 0.171200 0.153600 0.145100 0.144400 0.136000 0.153100 0.155400 0.144500 0.153700 0.182800 0.155300 0.135600 0.162700 0.144400 0.154200 0.136300 0.154000 0.144400 0.136200 0.153100 0.175200 0.144100 0.153600 0.154700 0.145500 0.297700 0.153100 0.164900 0.137100 0.145300 0.135700 0.164700 0.154500 0.126700 0.144900 0.145100 0.154000 0.145800 0.154200 0.156400 0.171400 0.183400 0.173500 0.162200 0.153600
DefassaWat 0.046400 0.206700 0.062600 0.163200 0.000000 0.038500 0.046900 0.054300 0.054500 0.062700 0.030700 0.038700 0.054400 0.046900 0.046500 0.038700 0.079200 0.071300 0.038700 0.062400 0.030700 0.038700 0.064300 0.071000 0.030700 0.038800 0.054400 0.088800 0.046500 0.054500 0.071000 0.038800 0.155500 0.054400 0.063000 0.055300 0.046800 0.023000 0.079600 0.070900 0.079000 0.046600 0.062700 0.071000 0.046700 0.038700 0.072300 0.038400 0.062800 0.071000 0.062400 0.049800
Sheep 0.007300 0.215500 0.038500 0.153400 0.038500 0.000000 0.030900 0.030500 0.030700 0.038600 0.007300 0.030800 0.030600 0.030900 0.021500 0.030700 0.070800 0.062900 0.015200 0.038400 0.007600 0.015300 0.046600 0.046600 0.007600 0.030800 0.030600 0.063600 0.022900 0.030700 0.046600 0.023000 0.146400 0.030600 0.038800 0.047100 0.023000 0.015200 0.054800 0.046500 0.054400 0.023000 0.038600 0.046600 0.038700 0.015300 0.047400 0.028500 0.038700 0.046600 0.038400 0.030700
MaxwellsDu 0.038800 0.236800 0.054900 0.154900 0.046900 0.030900 0.000000 0.046600 0.046800 0.039000 0.023100 0.047000 0.030900 0.000000 0.038900 0.047000 0.088200 0.080200 0.031100 0.054800 0.023100 0.031100 0.047100 0.047000 0.023100 0.031100 0.030900 0.080800 0.038900 0.046800 0.047100 0.007600 0.173700 0.030900 0.039200 0.063800 0.039100 0.031000 0.071900 0.047000 0.055000 0.023200 0.039000 0.047000 0.055200 0.031100 0.064300 0.038700 0.055200 0.063300 0.054700 0.046800
GazellaPrz 0.038300 0.234700 0.054200 0.171200 0.054300 0.030500 0.046600 0.000000 0.046200 0.054300 0.022800 0.046400 0.046200 0.046600 0.038400 0.046400 0.087100 0.079100 0.030700 0.054100 0.022800 0.030700 0.062400 0.062500 0.022800 0.046400 0.046200 0.079900 0.038400 0.046200 0.062500 0.038600 0.182200 0.046200 0.054600 0.063100 0.038600 0.030600 0.070900 0.062400 0.070400 0.038500 0.054300 0.062500 0.054400 0.030700 0.063600 0.046100 0.054400 0.062500 0.054000 0.046200
MountainNy 0.038400 0.235500 0.007600 0.153600 0.054500 0.030700 0.046800 0.046200 0.000000 0.023000 0.022900 0.015300 0.046000 0.046800 0.022900 0.046500 0.054600 0.046800 0.030800 0.007600 0.022900 0.030800 0.030800 0.030800 0.022900 0.047200 0.046300 0.031300 0.038500 0.000000 0.030800 0.038700 0.164300 0.046300 0.054800 0.031100 0.038700 0.030700 0.071200 0.030800 0.038600 0.038600 0.023000 0.030800 0.023000 0.030800 0.047500 0.046300 0.054600 0.046600 0.007600 0.000000
MuntiacusM 0.046500 0.225600 0.030800 0.145100 0.062700 0.038600 0.039000 0.054300 0.023000 0.000000 0.030800 0.038800 0.038600 0.039000 0.030800 0.054700 0.046700 0.038900 0.038700 0.030700 0.030800 0.038700 0.007600 0.007600 0.030800 0.038800 0.038600 0.055600 0.046600 0.023000 0.007300 0.031000 0.155300 0.038600 0.046900 0.055400 0.046800 0.038700 0.079700 0.007600 0.014600 0.030800 0.000000 0.007600 0.046800 0.038700 0.055800 0.054300 0.062900 0.054800 0.030700 0.023000
goat 0.015200 0.205900 0.030700 0.144400 0.030700 0.007300 0.023100 0.022800 0.022900 0.030800 0.000000 0.023000 0.022900 0.023100 0.015200 0.021900 0.062700 0.054900 0.007300 0.030700 0.000000 0.007600 0.038700 0.038700 0.000000 0.023000 0.022900 0.055400 0.015200 0.022900 0.038700 0.015300 0.155200 0.022900 0.030000 0.039100 0.015300 0.007600 0.046900 0.038700 0.046500 0.015300 0.030800 0.038700 0.030900 0.007600 0.039400 0.022900 0.030800 0.038700 0.030600 0.022000
AfricanBuf 0.038600 0.216400 0.023000 0.136000 0.038700 0.030800 0.047000 0.046400 0.015300 0.038800 0.023000 0.000000 0.046500 0.047000 0.023000 0.043000 0.054800 0.047000 0.030900 0.023000 0.023000 0.030900 0.046800 0.046800 0.023000 0.030900 0.046500 0.047500 0.038600 0.014600 0.046800 0.038900 0.164500 0.046500 0.055000 0.015500 0.038900 0.015300 0.071400 0.046700 0.054700 0.038700 0.038800 0.046800 0.007700 0.030900 0.047700 0.046400 0.054900 0.046800 0.022900 0.015300
Topi 0.038400 0.234800 0.054300 0.153100 0.054400 0.030600 0.030900 0.046200 0.046000 0.038600 0.022900 0.046500 0.000000 0.030900 0.038500 0.046500 0.087200 0.079300 0.030700 0.054200 0.022900 0.030700 0.046500 0.046600 0.022900 0.030800 0.000000 0.080100 0.038500 0.046300 0.046600 0.023000 0.182100 0.000000 0.038800 0.063200 0.038700 0.030700 0.071100 0.046500 0.054400 0.022900 0.038600 0.046600 0.054500 0.030700 0.063800 0.046200 0.054500 0.054500 0.054100 0.046300
CommonDuik 0.038800 0.237400 0.054900 0.155400 0.046900 0.030900 0.000000 0.046600 0.046800 0.039000 0.023100 0.047000 0.030900 0.000000 0.038900 0.046900 0.088100 0.080100 0.031000 0.054800 0.023100 0.031000 0.047100 0.047100 0.023100 0.031100 0.030900 0.081000 0.038900 0.046800 0.047100 0.007600 0.174200 0.030900 0.039200 0.064000 0.039100 0.031000 0.071800 0.047000 0.055000 0.023200 0.039000 0.047100 0.050400 0.031000 0.064500 0.038700 0.055100 0.057100 0.054700 0.046800
Suni 0.030600 0.225500 0.030700 0.144500 0.046500 0.021500 0.038900 0.038400 0.022900 0.030800 0.015200 0.023000 0.038500 0.038900 0.000000 0.038600 0.062800 0.054900 0.023000 0.030700 0.015200 0.023000 0.038700 0.038700 0.014700 0.038700 0.038500 0.055500 0.030700 0.022900 0.038700 0.030900 0.155300 0.038500 0.046800 0.039100 0.030900 0.023000 0.063100 0.038700 0.046500 0.030800 0.030800 0.038700 0.030900 0.023000 0.039500 0.038400 0.046700 0.038700 0.030600 0.022900
Springbuck 0.038500 0.216500 0.054500 0.153700 0.038700 0.030700 0.047000 0.046400 0.046500 0.054700 0.021900 0.043000 0.046500 0.046900 0.038600 0.000000 0.071100 0.079600 0.014700 0.049900 0.023000 0.030900 0.062900 0.062900 0.023000 0.046700 0.046500 0.080400 0.023000 0.046500 0.062900 0.038800 0.173400 0.046500 0.055000 0.047100 0.023100 0.030800 0.054900 0.062800 0.070800 0.038700 0.054700 0.062900 0.054800 0.030900 0.064000 0.046400 0.054800 0.062900 0.054400 0.046500
Okapi 0.078900 0.226400 0.062700 0.182800 0.079200 0.070800 0.088200 0.087100 0.054600 0.046700 0.062700 0.054800 0.087200 0.088100 0.062800 0.071100 0.000000 0.038900 0.071100 0.062600 0.062700 0.071100 0.054800 0.054800 0.062700 0.071200 0.087200 0.089000 0.071000 0.054600 0.054800 0.079600 0.192200 0.087200 0.096500 0.071900 0.079600 0.054800 0.096400 0.054700 0.062700 0.079300 0.046700 0.054800 0.063100 0.071100 0.089400 0.087100 0.096200 0.087800 0.062500 0.054600
Giraffe 0.071000 0.236800 0.054900 0.155300 0.071300 0.062900 0.080200 0.079100 0.046800 0.038900 0.054900 0.047000 0.079300 0.080100 0.054900 0.079600 0.038900 0.000000 0.063200 0.054800 0.054900 0.063200 0.047000 0.047000 0.054900 0.063300 0.079300 0.081000 0.071200 0.046800 0.047000 0.071600 0.183200 0.079300 0.088600 0.064000 0.071600 0.047000 0.088400 0.046900 0.054800 0.071300 0.038900 0.047000 0.055200 0.063200 0.081300 0.079100 0.088200 0.079800 0.054700 0.046800
TibetanAnt 0.022900 0.216200 0.038700 0.135600 0.038700 0.015200 0.031100 0.030700 0.030800 0.038700 0.007300 0.030900 0.030700 0.031000 0.023000 0.014700 0.071100 0.063200 0.000000 0.038600 0.007600 0.015300 0.046800 0.046800 0.007600 0.030900 0.030700 0.063800 0.007600 0.030800 0.046800 0.023100 0.155300 0.030700 0.039000 0.031200 0.007300 0.015300 0.038900 0.046700 0.054600 0.023000 0.038700 0.046800 0.038800 0.014500 0.047700 0.030700 0.038800 0.046800 0.038500 0.030800
Sitatunga 0.046300 0.245500 0.015200 0.162700 0.062400 0.038400 0.054800 0.054100 0.007600 0.030700 0.030700 0.023000 0.054200 0.054800 0.030700 0.049900 0.062600 0.054800 0.038600 0.000000 0.030700 0.038600 0.038600 0.038700 0.030700 0.054500 0.054200 0.023300 0.046400 0.007600 0.038600 0.046600 0.155400 0.054200 0.062800 0.039100 0.046600 0.038500 0.079300 0.038600 0.046400 0.046500 0.030700 0.038700 0.030800 0.038600 0.055600 0.054100 0.062700 0.054600 0.014500 0.007600
Oribi 0.015200 0.205900 0.030700 0.144400 0.030700 0.007600 0.023100 0.022800 0.022900 0.030800 0.000000 0.023000 0.022900 0.023100 0.015200 0.023000 0.062700 0.054900 0.007600 0.030700 0.000000 0.007300 0.038700 0.038700 0.000000 0.023000 0.022900 0.055400 0.015200 0.022900 0.038700 0.015300 0.155200 0.022900 0.030900 0.039100 0.014700 0.007300 0.046900 0.038700 0.046500 0.015300 0.030800 0.038700 0.030900 0.007600 0.039400 0.022900 0.030800 0.038700 0.030600 0.022900
BarbaryShe 0.022900 0.216400 0.038700 0.154200 0.038700 0.015300 0.031100 0.030700 0.030800 0.038700 0.007600 0.030900 0.030700 0.031000 0.023000 0.030900 0.071100 0.063200 0.015300 0.038600 0.007300 0.000000 0.046800 0.046800 0.007600 0.030900 0.030700 0.063800 0.023000 0.030800 0.046800 0.023100 0.164700 0.030700 0.039000 0.047300 0.007600 0.015300 0.055100 0.046700 0.054700 0.023000 0.038700 0.046800 0.038800 0.000000 0.047600 0.030700 0.038800 0.030900 0.038500 0.030800
Daviddeer 0.054500 0.216200 0.038700 0.136300 0.064300 0.046600 0.047100 0.062400 0.030800 0.007600 0.038700 0.046800 0.046500 0.047100 0.038700 0.062900 0.054800 0.047000 0.046800 0.038600 0.038700 0.046800 0.000000 0.015300 0.038700 0.042800 0.046500 0.064000 0.054600 0.030800 0.015300 0.038900 0.164400 0.046500 0.055100 0.063700 0.055000 0.046700 0.088200 0.015300 0.007400 0.038800 0.007600 0.015300 0.055000 0.046800 0.064200 0.062500 0.071300 0.063000 0.038600 0.030800
Reindeer 0.054600 0.225300 0.038700 0.154000 0.071000 0.046600 0.047000 0.062500 0.030800 0.007600 0.038700 0.046800 0.046600 0.047100 0.038700 0.062900 0.054800 0.047000 0.046800 0.038700 0.038700 0.046800 0.015300 0.000000 0.038700 0.046900 0.046600 0.063800 0.054700 0.030800 0.015300 0.039000 0.164200 0.046600 0.055100 0.063500 0.055000 0.046700 0.088300 0.015300 0.023000 0.038800 0.007600 0.000000 0.055000 0.046800 0.064000 0.062500 0.071300 0.063100 0.038600 0.030800
Ibex 0.015200 0.205900 0.030600 0.144400 0.030700 0.007600 0.023100 0.022800 0.022900 0.030800 0.000000 0.023000 0.022900 0.023100 0.014700 0.023000 0.062700 0.054900 0.007600 0.030700 0.000000 0.007600 0.038700 0.038700 0.000000 0.023000 0.022900 0.055400 0.015200 0.022900 0.038700 0.015300 0.155200 0.022900 0.030900 0.039100 0.015300 0.007600 0.046900 0.038700 0.046500 0.015300 0.030800 0.038700 0.030900 0.007600 0.039400 0.022900 0.030800 0.038700 0.030600 0.022900
GyrantGaze 0.038600 0.216600 0.054600 0.136200 0.038800 0.030800 0.031100 0.046400 0.047200 0.038800 0.023000 0.030900 0.030800 0.031100 0.038700 0.046700 0.071200 0.063300 0.030900 0.054500 0.023000 0.030900 0.042800 0.046900 0.023000 0.000000 0.030800 0.080700 0.038700 0.046600 0.046800 0.023200 0.164300 0.030800 0.039000 0.047400 0.038900 0.014600 0.055100 0.046800 0.054700 0.007600 0.038800 0.046900 0.038900 0.030900 0.064200 0.046500 0.038800 0.063000 0.054400 0.046600
Hartebeest 0.038400 0.234800 0.054300 0.153100 0.054400 0.030600 0.030900 0.046200 0.046300 0.038600 0.022900 0.046500 0.000000 0.030900 0.038500 0.046500 0.087200 0.079300 0.030700 0.054200 0.022900 0.030700 0.046500 0.046600 0.022900 0.030800 0.000000 0.080100 0.038500 0.046300 0.046600 0.023000 0.182100 0.000000 0.038800 0.063200 0.038700 0.030700 0.071100 0.046500 0.054400 0.022900 0.038600 0.046600 0.054500 0.030700 0.063800 0.046200 0.054500 0.054500 0.054100 0.046300
Bongo 0.071800 0.281800 0.039300 0.175200 0.088800 0.063600 0.080800 0.079900 0.031300 0.055600 0.055400 0.047500 0.080100 0.081000 0.055500 0.080400 0.089000 0.081000 0.063800 0.023300 0.055400 0.063800 0.064000 0.063800 0.055400 0.080700 0.080100 0.000000 0.071900 0.031300 0.063900 0.072400 0.185700 0.080100 0.089400 0.064500 0.072400 0.063800 0.106800 0.063800 0.072000 0.072100 0.055600 0.063800 0.055800 0.063800 0.081900 0.080000 0.089200 0.080700 0.039100 0.031300
Gerenuk 0.030600 0.225300 0.046500 0.144100 0.046500 0.022900 0.038900 0.038400 0.038500 0.046600 0.015200 0.038600 0.038500 0.038900 0.030700 0.023000 0.071000 0.071200 0.007600 0.046400 0.015200 0.023000 0.054600 0.054700 0.015200 0.038700 0.038500 0.071900 0.000000 0.038500 0.054700 0.030900 0.164000 0.038500 0.046800 0.039000 0.015300 0.023000 0.046800 0.054600 0.062500 0.030800 0.046600 0.054700 0.046700 0.023000 0.055700 0.038400 0.046700 0.054600 0.046300 0.038500
CommonElan 0.038400 0.235500 0.007300 0.153600 0.054500 0.030700 0.046800 0.046200 0.000000 0.023000 0.022900 0.014600 0.046300 0.046800 0.022900 0.046500 0.054600 0.046800 0.030800 0.007600 0.022900 0.030800 0.030800 0.030800 0.022900 0.046600 0.046300 0.031300 0.038500 0.000000 0.030800 0.038700 0.164300 0.046300 0.054800 0.031100 0.038700 0.030700 0.071200 0.030800 0.038600 0.038600 0.023000 0.030800 0.023000 0.030800 0.047500 0.046300 0.054600 0.046600 0.007300 0.000000
MuntiacusR 0.054500 0.236200 0.038700 0.154700 0.071000 0.046600 0.047100 0.062500 0.030800 0.007300 0.038700 0.046800 0.046600 0.047100 0.038700 0.062900 0.054800 0.047000 0.046800 0.038600 0.038700 0.046800 0.015300 0.015300 0.038700 0.046800 0.046600 0.063900 0.054700 0.030800 0.000000 0.038900 0.164500 0.046600 0.055100 0.063700 0.055000 0.046700 0.088200 0.014700 0.023000 0.038800 0.007300 0.015300 0.050100 0.046800 0.064200 0.062500 0.071200 0.063000 0.038600 0.030800
HarveysDui 0.030800 0.227100 0.046700 0.145500 0.038800 0.023000 0.007600 0.038600 0.038700 0.031000 0.015300 0.038900 0.023000 0.007600 0.030900 0.038800 0.079600 0.071600 0.023100 0.046600 0.015300 0.023100 0.038900 0.039000 0.015300 0.023200 0.023000 0.072400 0.030900 0.038700 0.038900 0.000000 0.165000 0.023000 0.031100 0.055600 0.031100 0.023100 0.063400 0.038900 0.046800 0.015300 0.031000 0.039000 0.047000 0.023100 0.056000 0.030800 0.046900 0.055000 0.046600 0.038700
Pronghorn 0.155300 0.318500 0.173300 0.297700 0.155500 0.146400 0.173700 0.182200 0.164300 0.155300 0.155200 0.164500 0.182100 0.174200 0.155300 0.173400 0.192200 0.183200 0.155300 0.155400 0.155200 0.164700 0.164400 0.164200 0.155200 0.164300 0.182100 0.185700 0.164000 0.164300 0.164500 0.165000 0.000000 0.182100 0.192300 0.174500 0.164800 0.164300 0.173900 0.164200 0.173100 0.155200 0.155300 0.164200 0.173700 0.164700 0.185700 0.146100 0.173400 0.183600 0.155200 0.164300
BlueWildeb 0.038400 0.234800 0.054300 0.153100 0.054400 0.030600 0.030900 0.046200 0.046300 0.038600 0.022900 0.046500 0.000000 0.030900 0.038500 0.046500 0.087200 0.079300 0.030700 0.054200 0.022900 0.030700 0.046500 0.046600 0.022900 0.030800 0.000000 0.080100 0.038500 0.046300 0.046600 0.023000 0.182100 0.000000 0.038800 0.063200 0.038700 0.030700 0.071100 0.046500 0.054400 0.022900 0.038600 0.046600 0.054500 0.030700 0.063800 0.046400 0.054500 0.054500 0.054100 0.046300
Gemsbok 0.046700 0.246800 0.063000 0.164900 0.063000 0.038800 0.039200 0.054600 0.054800 0.046900 0.030000 0.055000 0.038800 0.039200 0.046800 0.055000 0.096500 0.088600 0.039000 0.062800 0.030900 0.039000 0.055100 0.055100 0.030900 0.039000 0.038800 0.089400 0.046800 0.054800 0.055100 0.031100 0.192300 0.038800 0.000000 0.055700 0.047100 0.038900 0.080100 0.055000 0.063000 0.031000 0.046900 0.055100 0.047100 0.039000 0.070500 0.054600 0.063200 0.071400 0.062700 0.054800
Yak 0.055100 0.238300 0.039100 0.137100 0.055300 0.047100 0.063800 0.063100 0.031100 0.055400 0.039100 0.015500 0.063200 0.064000 0.039100 0.047100 0.071900 0.064000 0.031200 0.039100 0.039100 0.047300 0.063700 0.063500 0.039100 0.047400 0.063200 0.064500 0.039000 0.031100 0.063700 0.055600 0.174500 0.063200 0.055700 0.000000 0.039300 0.031200 0.072200 0.063600 0.071800 0.055300 0.055400 0.063500 0.007700 0.047300 0.064700 0.063100 0.072000 0.063700 0.039000 0.031100
BlueSheep 0.030800 0.226900 0.046700 0.145300 0.046800 0.023000 0.039100 0.038600 0.038700 0.046800 0.015300 0.038900 0.038700 0.039100 0.030900 0.023100 0.079600 0.071600 0.007300 0.046600 0.014700 0.007600 0.055000 0.055000 0.015300 0.038900 0.038700 0.072400 0.015300 0.038700 0.055000 0.031100 0.164800 0.038700 0.047100 0.039300 0.000000 0.023100 0.047100 0.054900 0.062900 0.030900 0.046800 0.055000 0.047000 0.007600 0.056000 0.038600 0.046900 0.038900 0.046600 0.038700
BohorReedb 0.022900 0.196700 0.038600 0.135700 0.023000 0.015200 0.031000 0.030600 0.030700 0.038700 0.007600 0.015300 0.030700 0.031000 0.023000 0.030800 0.054800 0.047000 0.015300 0.038500 0.007300 0.015300 0.046700 0.046700 0.007600 0.014600 0.030700 0.063800 0.023000 0.030700 0.046700 0.023100 0.164300 0.030700 0.038900 0.031200 0.023100 0.000000 0.055000 0.046700 0.054600 0.023000 0.038700 0.046700 0.023100 0.015300 0.047600 0.030600 0.038800 0.046700 0.038500 0.030700
KirksDik 0.062900 0.268400 0.079500 0.164700 0.079600 0.054800 0.071900 0.070900 0.071200 0.079700 0.046900 0.071400 0.071100 0.071800 0.063100 0.054900 0.096400 0.088400 0.038900 0.079300 0.046900 0.055100 0.088200 0.088300 0.046900 0.055100 0.071100 0.106800 0.046800 0.071200 0.088200 0.063400 0.173900 0.071100 0.080100 0.072200 0.047100 0.055000 0.000000 0.088100 0.096400 0.046900 0.079700 0.088300 0.079900 0.055100 0.089800 0.070900 0.063200 0.088200 0.079200 0.071200
RoeDeer 0.054500 0.235500 0.038700 0.154500 0.070900 0.046500 0.047000 0.062400 0.030800 0.007600 0.038700 0.046700 0.046500 0.047000 0.038700 0.062800 0.054700 0.046900 0.046700 0.038600 0.038700 0.046700 0.015300 0.015300 0.038700 0.046800 0.046500 0.063800 0.054600 0.030800 0.014700 0.038900 0.164200 0.046500 0.055000 0.063600 0.054900 0.046700 0.088100 0.000000 0.023000 0.038800 0.007600 0.015300 0.054900 0.046700 0.064200 0.062400 0.071100 0.062900 0.038500 0.030800
WhiteLippe 0.062400 0.225300 0.046500 0.126700 0.079000 0.054400 0.055000 0.070400 0.038600 0.014600 0.046500 0.054700 0.054400 0.055000 0.046500 0.070800 0.062700 0.054800 0.054600 0.046400 0.046500 0.054700 0.007400 0.023000 0.046500 0.054700 0.054400 0.072000 0.062500 0.038600 0.023000 0.046800 0.173100 0.054400 0.063000 0.071800 0.062900 0.054600 0.096400 0.023000 0.000000 0.046600 0.015300 0.023000 0.062900 0.054700 0.072300 0.070400 0.079300 0.071000 0.046400 0.038600
ThomsonGaz 0.030700 0.226000 0.046500 0.144900 0.046600 0.023000 0.023200 0.038500 0.038600 0.030800 0.015300 0.038700 0.022900 0.023200 0.030800 0.038700 0.079300 0.071300 0.023000 0.046500 0.015300 0.023000 0.038800 0.038800 0.015300 0.007600 0.022900 0.072100 0.030800 0.038600 0.038800 0.015300 0.155200 0.022900 0.031000 0.055300 0.030900 0.023000 0.046900 0.038800 0.046600 0.000000 0.030800 0.038800 0.046800 0.022200 0.055800 0.038500 0.029400 0.054800 0.046400 0.038600
MuntiacusC 0.046500 0.225600 0.030800 0.145100 0.062700 0.038600 0.039000 0.054300 0.023000 0.000000 0.030800 0.038800 0.038600 0.039000 0.030800 0.054700 0.046700 0.038900 0.038700 0.030700 0.030800 0.038700 0.007600 0.007600 0.030800 0.038800 0.038600 0.055600 0.046600 0.023000 0.007300 0.031000 0.155300 0.038600 0.046900 0.055400 0.046800 0.038700 0.079700 0.007600 0.015300 0.030800 0.000000 0.007600 0.046800 0.038700 0.055800 0.054300 0.062900 0.054800 0.030700 0.023000
WhiteTaile 0.054600 0.225300 0.038700 0.154000 0.071000 0.046600 0.047000 0.062500 0.030800 0.007600 0.038700 0.046800 0.046600 0.047100 0.038700 0.062900 0.054800 0.047000 0.046800 0.038700 0.038700 0.046800 0.015300 0.000000 0.038700 0.046900 0.046600 0.063800 0.054700 0.030800 0.015300 0.039000 0.164200 0.046600 0.055100 0.063500 0.055000 0.046700 0.088300 0.015300 0.023000 0.038800 0.007600 0.000000 0.055000 0.046800 0.064000 0.062500 0.071300 0.063100 0.038600 0.030800
Cattle 0.046600 0.226700 0.030900 0.145800 0.046700 0.038700 0.055200 0.054400 0.023000 0.046800 0.030900 0.007700 0.054500 0.050400 0.030900 0.054800 0.063100 0.055200 0.038800 0.030800 0.030900 0.038800 0.055000 0.055000 0.030900 0.038900 0.054500 0.055800 0.046700 0.023000 0.050100 0.047000 0.173700 0.054500 0.047100 0.007700 0.047000 0.023100 0.079900 0.054900 0.062900 0.046800 0.046800 0.055000 0.000000 0.035900 0.056000 0.054500 0.063100 0.054900 0.030800 0.023000
RoyalAntel 0.022900 0.216400 0.038700 0.154200 0.038700 0.015300 0.031100 0.030700 0.030800 0.038700 0.007600 0.030900 0.030700 0.031000 0.023000 0.030900 0.071100 0.063200 0.014500 0.038600 0.007600 0.000000 0.046800 0.046800 0.007600 0.030900 0.030700 0.063800 0.023000 0.030800 0.046800 0.023100 0.164700 0.030700 0.039000 0.047300 0.007600 0.015300 0.055100 0.046700 0.054700 0.022200 0.038700 0.046800 0.035900 0.000000 0.047600 0.030700 0.038800 0.030900 0.038500 0.030800
Steenbok 0.055500 0.260300 0.055700 0.156400 0.072300 0.047400 0.064300 0.063600 0.047500 0.055800 0.039400 0.047700 0.063800 0.064500 0.039500 0.064000 0.089400 0.081300 0.047700 0.055600 0.039400 0.047600 0.064200 0.064000 0.039400 0.064200 0.063800 0.081900 0.055700 0.047500 0.064200 0.056000 0.185700 0.063800 0.070500 0.064700 0.056000 0.047600 0.089800 0.064200 0.072300 0.055800 0.055800 0.064000 0.056000 0.047600 0.000000 0.063700 0.072600 0.064200 0.055500 0.047500
Impala 0.038300 0.234800 0.054200 0.171400 0.038400 0.028500 0.038700 0.046100 0.046300 0.054300 0.022900 0.046400 0.046200 0.038700 0.038400 0.046400 0.087100 0.079100 0.030700 0.054100 0.022900 0.030700 0.062500 0.062500 0.022900 0.046500 0.046200 0.080000 0.038400 0.046300 0.062500 0.030800 0.146100 0.046400 0.054600 0.063100 0.038600 0.030600 0.070900 0.062400 0.070400 0.038500 0.054300 0.062500 0.054500 0.030700 0.063700 0.000000 0.054500 0.062500 0.054100 0.046300
Klipspring 0.046600 0.246500 0.062800 0.183400 0.062800 0.038700 0.055200 0.054400 0.054600 0.062900 0.030800 0.054900 0.054500 0.055100 0.046700 0.054800 0.096200 0.088200 0.038800 0.062700 0.030800 0.038800 0.071300 0.071300 0.030800 0.038800 0.054500 0.089200 0.046700 0.054600 0.071200 0.046900 0.173400 0.054500 0.063200 0.072000 0.046900 0.038800 0.063200 0.071100 0.079300 0.029400 0.062900 0.071300 0.063100 0.038800 0.072600 0.054500 0.000000 0.071200 0.062500 0.054600
ForestMusk 0.054500 0.247000 0.054700 0.173500 0.071000 0.046600 0.063300 0.062500 0.046600 0.054800 0.038700 0.046800 0.054500 0.057100 0.038700 0.062900 0.087800 0.079800 0.046800 0.054600 0.038700 0.030900 0.063000 0.063100 0.038700 0.063000 0.054500 0.080700 0.054600 0.046600 0.063000 0.055000 0.183600 0.054500 0.071400 0.063700 0.038900 0.046700 0.088200 0.062900 0.071000 0.054800 0.054800 0.063100 0.054900 0.030900 0.064200 0.062500 0.071200 0.000000 0.054500 0.046600
Bushbuck 0.046200 0.244900 0.015200 0.162200 0.062400 0.038400 0.054700 0.054000 0.007600 0.030700 0.030600 0.022900 0.054100 0.054700 0.030600 0.054400 0.062500 0.054700 0.038500 0.014500 0.030600 0.038500 0.038600 0.038600 0.030600 0.054400 0.054100 0.039100 0.046300 0.007300 0.038600 0.046600 0.155200 0.054100 0.062700 0.039000 0.046600 0.038500 0.079200 0.038500 0.046400 0.046400 0.030700 0.038600 0.030800 0.038500 0.055500 0.054100 0.062500 0.054500 0.000000 0.007600
GreaterKud 0.038400 0.235500 0.007600 0.153600 0.049800 0.030700 0.046800 0.046200 0.000000 0.023000 0.022000 0.015300 0.046300 0.046800 0.022900 0.046500 0.054600 0.046800 0.030800 0.007600 0.022900 0.030800 0.030800 0.030800 0.022900 0.046600 0.046300 0.031300 0.038500 0.000000 0.030800 0.038700 0.164300 0.046300 0.054800 0.031100 0.038700 0.030700 0.071200 0.030800 0.038600 0.038600 0.023000 0.030800 0.023000 0.030800 0.047500 0.046300 0.054600 0.046600 0.007600 0.000000
