CODONML (in paml version 4.10.7, June 2023)  /home/rachel/ruminants_paml/6406-phy-tree/ENSBTAT00000004229.fasta.phy
Model: free dN/dS Ratios for branches,  kappa = 2.000 fixed

Codon frequency model: F3x4
ns =  54  ls =  25

Codon usage in sequences
--------------------------------------------------------------------------------------------------------------------------------------
Phe TTT   0   1   0   0   1   0 | Ser TCT   0   0   0   0   0   0 | Tyr TAT   0   0   0   0   0   0 | Cys TGT   1   0   1   1   2   0
    TTC   3   2   3   3   2   3 |     TCC   0   0   0   0   0   0 |     TAC   1   1   1   1   1   1 |     TGC   3   4   3   3   2   4
Leu TTA   0   0   0   0   0   0 |     TCA   0   0   0   0   0   0 | *** TAA   0   0   0   0   0   0 | *** TGA   0   0   0   0   0   0
    TTG   0   0   0   0   0   0 |     TCG   0   0   0   0   0   0 |     TAG   0   0   0   0   0   0 | Trp TGG   0   0   0   0   0   0
--------------------------------------------------------------------------------------------------------------------------------------
Leu CTT   0   0   0   0   0   0 | Pro CCT   0   0   0   0   0   0 | His CAT   0   0   0   0   0   0 | Arg CGT   0   0   0   0   0   0
    CTC   1   1   1   1   1   1 |     CCC   0   0   0   0   0   0 |     CAC   1   1   1   1   1   1 |     CGC   1   1   1   1   0   0
    CTA   0   0   0   0   0   0 |     CCA   0   0   0   0   0   0 | Gln CAA   1   1   1   1   1   0 |     CGA   0   0   0   0   0   0
    CTG   1   1   1   1   1   1 |     CCG   0   0   0   0   0   0 |     CAG   0   0   0   0   0   1 |     CGG   0   0   0   0   1   0
--------------------------------------------------------------------------------------------------------------------------------------
Ile ATT   0   0   0   0   0   0 | Thr ACT   0   0   0   0   0   0 | Asn AAT   0   0   0   0   0   1 | Ser AGT   0   0   0   0   0   0
    ATC   0   0   0   0   0   0 |     ACC   0   0   0   0   0   0 |     AAC   1   1   1   1   1   0 |     AGC   1   1   1   1   1   1
    ATA   0   0   0   0   0   0 |     ACA   0   0   0   0   0   0 | Lys AAA   0   0   0   0   0   0 | Arg AGA   0   0   0   0   0   0
Met ATG   0   0   0   0   0   0 |     ACG   0   0   0   0   0   0 |     AAG   1   1   1   1   1   1 |     AGG   0   0   0   0   0   1
--------------------------------------------------------------------------------------------------------------------------------------
Val GTT   0   0   0   0   0   0 | Ala GCT   0   0   0   0   0   0 | Asp GAT   0   1   0   0   0   0 | Gly GGT   0   0   0   0   0   0
    GTC   0   1   0   0   0   0 |     GCC   0   0   0   0   0   0 |     GAC   1   0   1   1   1   1 |     GGC   3   3   3   3   3   3
    GTA   0   0   0   0   0   0 |     GCA   0   0   0   0   0   0 | Glu GAA   1   0   1   1   1   1 |     GGA   0   0   0   0   0   0
    GTG   2   1   2   2   2   2 |     GCG   0   0   0   0   0   0 |     GAG   1   2   1   1   1   1 |     GGG   1   1   1   1   1   1
--------------------------------------------------------------------------------------------------------------------------------------

--------------------------------------------------------------------------------------------------------------------------------------
Phe TTT   0   0   0   0   1   1 | Ser TCT   0   0   0   0   0   0 | Tyr TAT   0   0   0   0   0   0 | Cys TGT   1   1   0   1   1   1
    TTC   3   3   3   3   2   2 |     TCC   0   0   0   0   0   0 |     TAC   1   1   1   1   1   1 |     TGC   3   3   4   3   3   3
Leu TTA   0   0   0   0   0   0 |     TCA   0   0   0   0   0   0 | *** TAA   0   0   0   0   0   0 | *** TGA   0   0   0   0   0   0
    TTG   0   0   0   0   0   0 |     TCG   0   0   0   0   0   0 |     TAG   0   0   0   0   0   0 | Trp TGG   0   0   0   0   0   0
--------------------------------------------------------------------------------------------------------------------------------------
Leu CTT   0   0   0   0   0   0 | Pro CCT   0   0   0   0   0   0 | His CAT   0   0   0   0   0   0 | Arg CGT   0   0   0   0   0   0
    CTC   1   1   0   1   1   1 |     CCC   0   0   0   0   0   0 |     CAC   1   1   1   1   1   1 |     CGC   1   1   1   1   1   1
    CTA   0   0   0   0   0   0 |     CCA   0   0   0   0   0   0 | Gln CAA   1   1   0   1   1   1 |     CGA   0   0   0   0   0   0
    CTG   1   1   2   1   1   1 |     CCG   0   0   0   0   0   0 |     CAG   0   0   0   0   0   0 |     CGG   0   0   0   0   0   0
--------------------------------------------------------------------------------------------------------------------------------------
Ile ATT   0   0   0   0   0   0 | Thr ACT   0   0   0   0   0   0 | Asn AAT   0   0   0   0   0   0 | Ser AGT   0   0   0   0   0   0
    ATC   0   0   0   0   0   0 |     ACC   0   0   0   0   0   0 |     AAC   1   1   1   1   1   1 |     AGC   1   1   2   1   1   1
    ATA   0   0   0   0   0   0 |     ACA   0   0   0   0   0   0 | Lys AAA   0   0   0   0   0   0 | Arg AGA   0   0   0   0   0   0
Met ATG   0   0   0   0   0   0 |     ACG   0   0   0   0   0   0 |     AAG   1   1   1   1   1   1 |     AGG   0   0   0   0   0   0
--------------------------------------------------------------------------------------------------------------------------------------
Val GTT   0   0   0   0   0   0 | Ala GCT   0   0   0   0   0   0 | Asp GAT   0   0   0   0   0   0 | Gly GGT   0   0   0   0   0   0
    GTC   0   0   0   0   0   0 |     GCC   0   0   0   0   0   0 |     GAC   1   1   1   1   1   1 |     GGC   3   3   2   3   3   3
    GTA   0   0   0   0   0   0 |     GCA   0   0   0   0   0   0 | Glu GAA   1   1   0   1   1   1 |     GGA   0   0   0   0   0   1
    GTG   2   2   2   2   2   2 |     GCG   0   0   0   0   0   0 |     GAG   1   1   2   1   1   1 |     GGG   1   1   2   1   1   0
--------------------------------------------------------------------------------------------------------------------------------------

--------------------------------------------------------------------------------------------------------------------------------------
Phe TTT   0   0   0   0   0   0 | Ser TCT   0   0   0   0   0   0 | Tyr TAT   0   0   0   0   0   0 | Cys TGT   1   1   1   1   1   1
    TTC   3   3   3   3   3   3 |     TCC   0   0   0   0   0   0 |     TAC   1   1   1   1   1   1 |     TGC   3   3   3   3   3   3
Leu TTA   0   0   0   0   0   0 |     TCA   0   0   0   0   0   0 | *** TAA   0   0   0   0   0   0 | *** TGA   0   0   0   0   0   0
    TTG   0   0   0   0   0   0 |     TCG   0   0   0   0   0   0 |     TAG   0   0   0   0   0   0 | Trp TGG   0   0   0   0   0   0
--------------------------------------------------------------------------------------------------------------------------------------
Leu CTT   0   0   0   0   0   0 | Pro CCT   0   0   0   0   0   0 | His CAT   0   0   0   0   0   0 | Arg CGT   0   0   0   0   0   0
    CTC   1   1   1   1   1   1 |     CCC   0   0   0   0   0   0 |     CAC   1   1   1   1   1   1 |     CGC   1   1   1   1   1   1
    CTA   0   0   0   0   0   0 |     CCA   0   0   0   0   0   0 | Gln CAA   0   1   1   1   1   1 |     CGA   0   0   0   0   0   0
    CTG   1   1   1   1   1   1 |     CCG   0   0   0   0   0   0 |     CAG   1   0   0   0   0   0 |     CGG   0   0   0   0   0   0
--------------------------------------------------------------------------------------------------------------------------------------
Ile ATT   0   0   0   0   0   0 | Thr ACT   0   0   0   0   0   0 | Asn AAT   0   0   0   0   0   0 | Ser AGT   0   0   0   0   0   0
    ATC   0   0   0   0   0   0 |     ACC   0   0   0   0   0   0 |     AAC   1   1   1   1   1   1 |     AGC   1   1   1   1   1   1
    ATA   0   0   0   0   0   0 |     ACA   0   0   0   0   0   0 | Lys AAA   0   0   0   0   0   0 | Arg AGA   0   0   0   0   0   0
Met ATG   0   0   0   0   0   0 |     ACG   0   0   0   0   0   0 |     AAG   1   1   1   1   1   1 |     AGG   0   0   0   0   0   0
--------------------------------------------------------------------------------------------------------------------------------------
Val GTT   0   0   0   0   0   0 | Ala GCT   0   0   0   0   0   0 | Asp GAT   0   0   0   0   0   0 | Gly GGT   0   0   0   0   0   0
    GTC   0   0   0   0   0   0 |     GCC   0   0   0   0   0   0 |     GAC   1   1   1   1   1   1 |     GGC   3   3   3   3   3   3
    GTA   0   0   0   0   0   0 |     GCA   0   0   0   0   0   0 | Glu GAA   1   1   1   1   1   1 |     GGA   0   0   0   0   0   0
    GTG   2   2   2   2   2   2 |     GCG   0   0   0   0   0   0 |     GAG   1   1   1   1   1   1 |     GGG   1   1   1   1   1   1
--------------------------------------------------------------------------------------------------------------------------------------

--------------------------------------------------------------------------------------------------------------------------------------
Phe TTT   0   0   0   0   0   0 | Ser TCT   0   0   0   0   0   0 | Tyr TAT   0   0   0   0   0   0 | Cys TGT   2   2   1   1   2   1
    TTC   3   3   3   3   3   3 |     TCC   0   0   0   0   0   0 |     TAC   1   1   1   1   1   1 |     TGC   2   2   3   3   2   3
Leu TTA   0   0   0   0   0   0 |     TCA   0   0   0   0   0   0 | *** TAA   0   0   0   0   0   0 | *** TGA   0   0   0   0   0   0
    TTG   0   0   0   0   0   0 |     TCG   0   0   0   0   0   0 |     TAG   0   0   0   0   0   0 | Trp TGG   0   0   0   0   0   0
--------------------------------------------------------------------------------------------------------------------------------------
Leu CTT   0   0   0   0   0   0 | Pro CCT   0   0   0   0   0   0 | His CAT   0   0   0   0   0   0 | Arg CGT   0   0   0   0   0   0
    CTC   1   1   1   1   1   1 |     CCC   0   0   0   0   0   0 |     CAC   1   1   1   1   1   1 |     CGC   1   1   1   1   1   1
    CTA   0   0   0   0   0   0 |     CCA   0   0   0   0   0   0 | Gln CAA   1   1   1   1   1   1 |     CGA   0   0   0   0   0   0
    CTG   1   1   1   1   1   1 |     CCG   0   0   0   0   0   0 |     CAG   0   0   0   0   0   0 |     CGG   0   0   0   0   0   0
--------------------------------------------------------------------------------------------------------------------------------------
Ile ATT   0   0   0   0   0   0 | Thr ACT   0   0   0   0   0   0 | Asn AAT   0   0   0   0   0   0 | Ser AGT   0   0   0   0   0   0
    ATC   0   0   0   0   0   0 |     ACC   0   0   0   0   0   0 |     AAC   1   1   1   1   1   1 |     AGC   1   1   1   1   1   1
    ATA   0   0   0   0   0   0 |     ACA   0   0   0   0   0   0 | Lys AAA   0   0   0   0   0   0 | Arg AGA   0   0   0   0   0   0
Met ATG   0   0   0   0   0   0 |     ACG   0   0   0   0   0   0 |     AAG   1   1   1   1   1   1 |     AGG   0   0   0   0   0   0
--------------------------------------------------------------------------------------------------------------------------------------
Val GTT   0   0   0   0   0   0 | Ala GCT   0   0   0   0   0   0 | Asp GAT   0   0   0   0   0   0 | Gly GGT   0   0   0   0   0   0
    GTC   0   0   0   0   0   0 |     GCC   0   0   0   0   0   0 |     GAC   1   1   1   1   1   1 |     GGC   3   3   3   3   3   3
    GTA   0   0   0   0   0   0 |     GCA   0   0   0   0   0   0 | Glu GAA   1   1   1   1   1   1 |     GGA   0   0   0   0   0   0
    GTG   2   2   2   2   2   2 |     GCG   0   0   0   0   0   0 |     GAG   1   1   1   1   1   1 |     GGG   1   1   1   1   1   1
--------------------------------------------------------------------------------------------------------------------------------------

--------------------------------------------------------------------------------------------------------------------------------------
Phe TTT   0   0   0   0   0   0 | Ser TCT   0   0   0   0   0   0 | Tyr TAT   0   0   0   0   0   0 | Cys TGT   1   1   1   1   1   1
    TTC   3   3   3   3   3   3 |     TCC   0   0   0   0   0   0 |     TAC   1   1   1   1   1   1 |     TGC   3   3   3   3   3   3
Leu TTA   0   0   0   0   0   0 |     TCA   0   0   0   0   0   0 | *** TAA   0   0   0   0   0   0 | *** TGA   0   0   0   0   0   0
    TTG   0   0   0   0   0   0 |     TCG   0   0   0   0   0   0 |     TAG   0   0   0   0   0   0 | Trp TGG   0   0   0   0   0   0
--------------------------------------------------------------------------------------------------------------------------------------
Leu CTT   0   0   0   0   0   0 | Pro CCT   0   0   0   0   0   0 | His CAT   0   0   0   0   0   0 | Arg CGT   0   0   0   0   0   0
    CTC   1   1   1   1   1   1 |     CCC   0   0   0   0   0   0 |     CAC   1   1   1   1   1   1 |     CGC   1   1   1   1   1   1
    CTA   0   0   0   0   0   0 |     CCA   0   0   0   0   0   0 | Gln CAA   1   1   0   1   1   1 |     CGA   0   0   0   0   0   0
    CTG   1   1   1   1   1   1 |     CCG   0   0   0   0   0   0 |     CAG   0   0   1   0   0   0 |     CGG   0   0   0   0   0   0
--------------------------------------------------------------------------------------------------------------------------------------
Ile ATT   0   0   0   0   0   0 | Thr ACT   0   0   0   0   0   0 | Asn AAT   0   0   0   0   0   0 | Ser AGT   0   0   0   0   0   0
    ATC   0   0   0   0   0   0 |     ACC   0   0   0   0   0   0 |     AAC   1   1   1   1   1   1 |     AGC   1   1   1   1   1   1
    ATA   0   0   0   0   0   0 |     ACA   0   0   0   0   0   0 | Lys AAA   0   0   0   0   0   0 | Arg AGA   0   0   0   0   0   0
Met ATG   0   0   0   0   0   0 |     ACG   0   0   0   0   0   0 |     AAG   1   1   1   1   1   1 |     AGG   0   0   0   0   0   0
--------------------------------------------------------------------------------------------------------------------------------------
Val GTT   0   0   0   0   0   0 | Ala GCT   0   0   0   0   0   0 | Asp GAT   0   0   0   0   0   0 | Gly GGT   0   0   0   0   0   0
    GTC   0   0   0   0   0   0 |     GCC   0   0   0   0   0   0 |     GAC   1   1   1   1   1   1 |     GGC   3   3   3   3   3   3
    GTA   0   0   0   0   0   1 |     GCA   0   0   0   0   0   0 | Glu GAA   1   1   1   1   1   1 |     GGA   0   1   0   0   0   0
    GTG   2   2   2   2   2   1 |     GCG   0   0   0   0   0   0 |     GAG   1   1   1   1   1   1 |     GGG   1   0   1   1   1   1
--------------------------------------------------------------------------------------------------------------------------------------

--------------------------------------------------------------------------------------------------------------------------------------
Phe TTT   0   0   1   0   0   0 | Ser TCT   0   0   0   0   0   0 | Tyr TAT   0   0   0   0   0   0 | Cys TGT   1   1   1   1   1   1
    TTC   3   3   2   3   3   3 |     TCC   0   0   0   0   0   0 |     TAC   1   1   1   1   1   1 |     TGC   3   3   3   3   3   3
Leu TTA   0   0   0   0   0   0 |     TCA   0   0   0   0   0   0 | *** TAA   0   0   0   0   0   0 | *** TGA   0   0   0   0   0   0
    TTG   0   0   0   0   0   0 |     TCG   0   0   0   0   0   0 |     TAG   0   0   0   0   0   0 | Trp TGG   0   0   0   0   0   0
--------------------------------------------------------------------------------------------------------------------------------------
Leu CTT   0   0   0   0   0   0 | Pro CCT   0   0   0   0   0   0 | His CAT   0   0   0   0   0   0 | Arg CGT   0   0   0   0   0   0
    CTC   1   1   1   1   1   1 |     CCC   0   0   0   0   0   0 |     CAC   1   1   1   1   1   1 |     CGC   1   1   1   1   1   1
    CTA   0   0   0   0   0   0 |     CCA   0   0   0   0   0   0 | Gln CAA   1   1   1   1   1   1 |     CGA   0   0   0   0   0   0
    CTG   1   1   1   1   1   1 |     CCG   0   0   0   0   0   0 |     CAG   0   0   0   0   0   0 |     CGG   0   0   0   0   0   0
--------------------------------------------------------------------------------------------------------------------------------------
Ile ATT   0   0   0   0   0   0 | Thr ACT   0   0   0   0   0   0 | Asn AAT   0   0   0   0   0   0 | Ser AGT   0   0   0   0   0   0
    ATC   0   0   0   0   0   0 |     ACC   0   0   0   0   0   0 |     AAC   1   1   1   1   1   1 |     AGC   1   1   1   1   1   1
    ATA   0   0   0   0   0   0 |     ACA   0   0   0   0   0   0 | Lys AAA   0   0   0   0   0   0 | Arg AGA   0   0   0   0   0   0
Met ATG   0   0   0   0   0   0 |     ACG   0   0   0   0   0   0 |     AAG   1   1   1   1   1   1 |     AGG   0   0   0   0   0   0
--------------------------------------------------------------------------------------------------------------------------------------
Val GTT   0   0   0   0   0   0 | Ala GCT   0   0   0   0   0   0 | Asp GAT   0   0   0   0   0   0 | Gly GGT   0   0   0   0   0   0
    GTC   0   0   0   0   0   0 |     GCC   0   0   0   0   0   0 |     GAC   1   1   1   1   1   1 |     GGC   3   3   3   3   3   3
    GTA   0   0   0   0   0   0 |     GCA   0   0   0   0   0   0 | Glu GAA   1   1   1   1   1   1 |     GGA   0   0   1   0   0   0
    GTG   2   2   2   2   2   2 |     GCG   0   0   0   0   0   0 |     GAG   1   1   1   1   1   1 |     GGG   1   1   0   1   1   1
--------------------------------------------------------------------------------------------------------------------------------------

--------------------------------------------------------------------------------------------------------------------------------------
Phe TTT   0   0   0   0   0   0 | Ser TCT   0   0   0   0   0   0 | Tyr TAT   0   0   0   0   0   0 | Cys TGT   1   1   1   1   1   2
    TTC   3   3   3   3   3   3 |     TCC   0   0   0   0   0   0 |     TAC   1   1   1   1   1   1 |     TGC   3   3   3   3   3   2
Leu TTA   0   0   0   0   0   0 |     TCA   0   0   0   0   0   0 | *** TAA   0   0   0   0   0   0 | *** TGA   0   0   0   0   0   0
    TTG   0   0   0   0   0   0 |     TCG   0   0   0   0   0   0 |     TAG   0   0   0   0   0   0 | Trp TGG   0   0   0   0   0   0
--------------------------------------------------------------------------------------------------------------------------------------
Leu CTT   0   0   0   0   0   0 | Pro CCT   0   0   0   0   0   0 | His CAT   0   0   0   0   0   0 | Arg CGT   0   0   0   0   0   0
    CTC   1   1   1   1   1   1 |     CCC   0   0   0   0   0   0 |     CAC   1   1   1   1   1   1 |     CGC   1   1   1   1   1   1
    CTA   0   0   0   0   0   0 |     CCA   0   0   0   0   0   0 | Gln CAA   1   1   0   1   1   1 |     CGA   0   0   0   0   0   0
    CTG   1   1   1   1   1   1 |     CCG   0   0   0   0   0   0 |     CAG   0   0   1   0   0   0 |     CGG   0   0   0   0   0   0
--------------------------------------------------------------------------------------------------------------------------------------
Ile ATT   0   0   0   0   0   0 | Thr ACT   0   0   0   0   0   0 | Asn AAT   0   0   0   0   0   0 | Ser AGT   0   0   0   0   0   0
    ATC   0   0   0   0   0   0 |     ACC   0   0   0   0   0   0 |     AAC   1   1   1   1   1   1 |     AGC   1   1   1   1   1   1
    ATA   0   0   0   0   0   0 |     ACA   0   0   0   0   0   0 | Lys AAA   0   0   0   0   0   0 | Arg AGA   0   0   0   0   0   0
Met ATG   0   0   0   0   0   0 |     ACG   0   0   0   0   0   0 |     AAG   1   1   1   1   1   1 |     AGG   0   0   0   0   0   0
--------------------------------------------------------------------------------------------------------------------------------------
Val GTT   0   0   0   0   0   0 | Ala GCT   0   0   0   0   0   0 | Asp GAT   0   0   0   0   0   0 | Gly GGT   0   0   0   0   0   0
    GTC   0   0   0   0   0   0 |     GCC   0   0   0   0   0   0 |     GAC   1   1   1   1   1   1 |     GGC   3   3   3   3   3   3
    GTA   0   0   0   0   0   0 |     GCA   0   0   0   0   0   0 | Glu GAA   1   1   1   1   1   1 |     GGA   0   0   0   0   0   1
    GTG   2   2   2   2   2   2 |     GCG   0   0   0   0   0   0 |     GAG   1   1   1   1   1   1 |     GGG   1   1   1   1   1   0
--------------------------------------------------------------------------------------------------------------------------------------

--------------------------------------------------------------------------------------------------------------------------------------
Phe TTT   0   0   0   0   0   0 | Ser TCT   0   0   0   0   0   0 | Tyr TAT   0   0   0   0   0   0 | Cys TGT   1   1   2   1   1   1
    TTC   3   3   3   3   3   3 |     TCC   0   0   0   0   0   0 |     TAC   1   1   1   1   1   1 |     TGC   3   3   2   3   3   3
Leu TTA   0   0   0   0   0   0 |     TCA   0   0   0   0   0   0 | *** TAA   0   0   0   0   0   0 | *** TGA   0   0   0   0   0   0
    TTG   0   0   0   0   0   0 |     TCG   0   0   0   0   0   0 |     TAG   0   0   0   0   0   0 | Trp TGG   0   0   0   0   0   0
--------------------------------------------------------------------------------------------------------------------------------------
Leu CTT   0   0   0   0   0   0 | Pro CCT   0   0   0   0   0   0 | His CAT   0   0   0   0   0   0 | Arg CGT   0   0   0   0   0   0
    CTC   1   1   0   1   1   1 |     CCC   0   0   0   0   0   0 |     CAC   1   1   1   1   1   1 |     CGC   1   1   1   1   1   1
    CTA   0   0   0   0   0   0 |     CCA   0   0   0   0   0   0 | Gln CAA   1   1   0   1   1   1 |     CGA   0   0   0   0   0   0
    CTG   1   1   2   1   1   1 |     CCG   0   0   0   0   0   0 |     CAG   0   0   0   0   0   0 |     CGG   0   0   0   0   0   0
--------------------------------------------------------------------------------------------------------------------------------------
Ile ATT   0   0   0   0   0   0 | Thr ACT   0   0   0   0   0   0 | Asn AAT   0   0   0   0   0   0 | Ser AGT   0   0   1   0   0   0
    ATC   0   0   0   0   0   0 |     ACC   0   0   0   0   0   0 |     AAC   1   1   1   1   1   1 |     AGC   1   1   1   1   1   1
    ATA   0   0   0   0   0   0 |     ACA   0   0   0   0   0   0 | Lys AAA   0   0   0   0   0   0 | Arg AGA   0   0   0   0   0   0
Met ATG   0   0   0   0   0   0 |     ACG   0   0   0   0   0   0 |     AAG   1   1   1   1   1   1 |     AGG   0   0   0   0   0   0
--------------------------------------------------------------------------------------------------------------------------------------
Val GTT   0   0   0   0   0   0 | Ala GCT   0   0   0   0   0   0 | Asp GAT   0   0   0   0   0   0 | Gly GGT   0   0   0   0   0   0
    GTC   0   0   0   0   0   0 |     GCC   0   0   0   0   0   0 |     GAC   1   1   1   1   1   1 |     GGC   3   3   2   3   3   3
    GTA   0   0   0   0   0   0 |     GCA   0   0   0   0   0   0 | Glu GAA   1   1   0   1   1   1 |     GGA   0   0   0   1   0   0
    GTG   2   2   2   2   2   2 |     GCG   0   0   0   0   0   0 |     GAG   1   1   2   1   1   1 |     GGG   1   1   2   0   1   1
--------------------------------------------------------------------------------------------------------------------------------------

--------------------------------------------------------------------------------------------------------------------------------------
Phe TTT   0   0   0   0   0   0 | Ser TCT   0   0   0   0   0   0 | Tyr TAT   0   0   0   0   0   0 | Cys TGT   1   1   1   1   1   1
    TTC   3   3   3   3   3   3 |     TCC   0   0   0   0   0   0 |     TAC   1   1   1   1   1   1 |     TGC   3   3   3   3   3   3
Leu TTA   0   0   0   0   0   0 |     TCA   0   0   0   0   0   0 | *** TAA   0   0   0   0   0   0 | *** TGA   0   0   0   0   0   0
    TTG   0   0   0   0   0   0 |     TCG   0   0   0   0   0   0 |     TAG   0   0   0   0   0   0 | Trp TGG   0   0   0   0   0   0
--------------------------------------------------------------------------------------------------------------------------------------
Leu CTT   0   0   0   0   0   0 | Pro CCT   0   0   0   0   0   0 | His CAT   0   0   0   0   0   0 | Arg CGT   0   0   0   0   0   0
    CTC   1   1   1   1   1   1 |     CCC   0   0   0   0   0   0 |     CAC   1   1   1   1   1   1 |     CGC   1   1   1   1   1   1
    CTA   0   0   0   0   0   0 |     CCA   0   0   0   0   0   0 | Gln CAA   1   1   0   1   1   1 |     CGA   0   0   0   0   0   0
    CTG   1   1   1   1   1   1 |     CCG   0   0   0   0   0   0 |     CAG   0   0   1   0   0   0 |     CGG   0   0   0   0   0   0
--------------------------------------------------------------------------------------------------------------------------------------
Ile ATT   0   0   0   0   0   0 | Thr ACT   0   0   0   0   0   0 | Asn AAT   0   0   0   0   0   0 | Ser AGT   0   0   0   0   0   0
    ATC   0   0   0   0   0   0 |     ACC   0   0   0   0   0   0 |     AAC   1   1   1   1   1   1 |     AGC   1   1   1   1   1   1
    ATA   0   0   0   0   0   0 |     ACA   0   0   0   0   0   0 | Lys AAA   0   0   0   0   0   0 | Arg AGA   0   0   0   0   0   0
Met ATG   0   0   0   0   0   0 |     ACG   0   0   0   0   0   0 |     AAG   1   1   1   1   1   1 |     AGG   0   0   0   0   0   0
--------------------------------------------------------------------------------------------------------------------------------------
Val GTT   0   0   0   0   0   0 | Ala GCT   0   0   0   0   0   0 | Asp GAT   0   0   0   0   0   0 | Gly GGT   0   0   0   0   0   0
    GTC   0   0   0   0   0   0 |     GCC   0   0   0   0   0   0 |     GAC   1   1   1   1   1   1 |     GGC   3   3   3   3   3   3
    GTA   0   0   0   0   0   0 |     GCA   0   0   0   0   0   0 | Glu GAA   1   1   1   1   1   1 |     GGA   0   0   0   0   0   0
    GTG   2   2   2   2   2   2 |     GCG   0   0   0   0   0   0 |     GAG   1   1   1   1   1   1 |     GGG   1   1   1   1   1   1
--------------------------------------------------------------------------------------------------------------------------------------

Codon position x base (3x4) table for each sequence.

#1: Argali         
position  1:    T:0.32000    C:0.20000    A:0.12000    G:0.36000
position  2:    T:0.28000    C:0.00000    A:0.32000    G:0.40000
position  3:    T:0.04000    C:0.64000    A:0.08000    G:0.24000
Average         T:0.21333    C:0.28000    A:0.17333    G:0.33333

#2: LesserMouseDeer
position  1:    T:0.32000    C:0.20000    A:0.12000    G:0.36000
position  2:    T:0.28000    C:0.00000    A:0.32000    G:0.40000
position  3:    T:0.08000    C:0.64000    A:0.04000    G:0.24000
Average         T:0.22667    C:0.28000    A:0.16000    G:0.33333

#3: LesserKudu     
position  1:    T:0.32000    C:0.20000    A:0.12000    G:0.36000
position  2:    T:0.28000    C:0.00000    A:0.32000    G:0.40000
position  3:    T:0.04000    C:0.64000    A:0.08000    G:0.24000
Average         T:0.21333    C:0.28000    A:0.17333    G:0.33333

#4: ForestMuskDeer2
position  1:    T:0.32000    C:0.20000    A:0.12000    G:0.36000
position  2:    T:0.28000    C:0.00000    A:0.32000    G:0.40000
position  3:    T:0.04000    C:0.64000    A:0.08000    G:0.24000
Average         T:0.21333    C:0.28000    A:0.17333    G:0.33333

#5: Camel          
position  1:    T:0.32000    C:0.20000    A:0.12000    G:0.36000
position  2:    T:0.28000    C:0.00000    A:0.32000    G:0.40000
position  3:    T:0.12000    C:0.52000    A:0.08000    G:0.28000
Average         T:0.24000    C:0.24000    A:0.17333    G:0.34667

#6: KillerWhale    
position  1:    T:0.32000    C:0.16000    A:0.16000    G:0.36000
position  2:    T:0.28000    C:0.00000    A:0.32000    G:0.40000
position  3:    T:0.04000    C:0.60000    A:0.04000    G:0.32000
Average         T:0.21333    C:0.25333    A:0.17333    G:0.36000

#7: DefassaWaterbuck
position  1:    T:0.32000    C:0.20000    A:0.12000    G:0.36000
position  2:    T:0.28000    C:0.00000    A:0.32000    G:0.40000
position  3:    T:0.04000    C:0.64000    A:0.08000    G:0.24000
Average         T:0.21333    C:0.28000    A:0.17333    G:0.33333

#8: Sheep          
position  1:    T:0.32000    C:0.20000    A:0.12000    G:0.36000
position  2:    T:0.28000    C:0.00000    A:0.32000    G:0.40000
position  3:    T:0.04000    C:0.64000    A:0.08000    G:0.24000
Average         T:0.21333    C:0.28000    A:0.17333    G:0.33333

#9: MaxwellsDuiker 
position  1:    T:0.32000    C:0.16000    A:0.16000    G:0.36000
position  2:    T:0.28000    C:0.00000    A:0.28000    G:0.44000
position  3:    T:0.00000    C:0.64000    A:0.00000    G:0.36000
Average         T:0.20000    C:0.26667    A:0.14667    G:0.38667

#10: GazellaPrzewalskyi
position  1:    T:0.32000    C:0.20000    A:0.12000    G:0.36000
position  2:    T:0.28000    C:0.00000    A:0.32000    G:0.40000
position  3:    T:0.04000    C:0.64000    A:0.08000    G:0.24000
Average         T:0.21333    C:0.28000    A:0.17333    G:0.33333

#11: MountainNyala  
position  1:    T:0.32000    C:0.20000    A:0.12000    G:0.36000
position  2:    T:0.28000    C:0.00000    A:0.32000    G:0.40000
position  3:    T:0.08000    C:0.60000    A:0.08000    G:0.24000
Average         T:0.22667    C:0.26667    A:0.17333    G:0.33333

#12: MuntiacusMuntjak
position  1:    T:0.32000    C:0.20000    A:0.12000    G:0.36000
position  2:    T:0.28000    C:0.00000    A:0.32000    G:0.40000
position  3:    T:0.08000    C:0.60000    A:0.12000    G:0.20000
Average         T:0.22667    C:0.26667    A:0.18667    G:0.32000

#13: goat           
position  1:    T:0.32000    C:0.20000    A:0.12000    G:0.36000
position  2:    T:0.28000    C:0.00000    A:0.32000    G:0.40000
position  3:    T:0.04000    C:0.64000    A:0.04000    G:0.28000
Average         T:0.21333    C:0.28000    A:0.16000    G:0.34667

#14: AfricanBuffalo 
position  1:    T:0.32000    C:0.20000    A:0.12000    G:0.36000
position  2:    T:0.28000    C:0.00000    A:0.32000    G:0.40000
position  3:    T:0.04000    C:0.64000    A:0.08000    G:0.24000
Average         T:0.21333    C:0.28000    A:0.17333    G:0.33333

#15: Topi           
position  1:    T:0.32000    C:0.20000    A:0.12000    G:0.36000
position  2:    T:0.28000    C:0.00000    A:0.32000    G:0.40000
position  3:    T:0.04000    C:0.64000    A:0.08000    G:0.24000
Average         T:0.21333    C:0.28000    A:0.17333    G:0.33333

#16: CommonDuiker   
position  1:    T:0.32000    C:0.20000    A:0.12000    G:0.36000
position  2:    T:0.28000    C:0.00000    A:0.32000    G:0.40000
position  3:    T:0.04000    C:0.64000    A:0.08000    G:0.24000
Average         T:0.21333    C:0.28000    A:0.17333    G:0.33333

#17: Suni           
position  1:    T:0.32000    C:0.20000    A:0.12000    G:0.36000
position  2:    T:0.28000    C:0.00000    A:0.32000    G:0.40000
position  3:    T:0.04000    C:0.64000    A:0.08000    G:0.24000
Average         T:0.21333    C:0.28000    A:0.17333    G:0.33333

#18: Springbuck     
position  1:    T:0.32000    C:0.20000    A:0.12000    G:0.36000
position  2:    T:0.28000    C:0.00000    A:0.32000    G:0.40000
position  3:    T:0.04000    C:0.64000    A:0.08000    G:0.24000
Average         T:0.21333    C:0.28000    A:0.17333    G:0.33333

#19: Okapi          
position  1:    T:0.32000    C:0.20000    A:0.12000    G:0.36000
position  2:    T:0.28000    C:0.00000    A:0.32000    G:0.40000
position  3:    T:0.08000    C:0.60000    A:0.08000    G:0.24000
Average         T:0.22667    C:0.26667    A:0.17333    G:0.33333

#20: Giraffe        
position  1:    T:0.32000    C:0.20000    A:0.12000    G:0.36000
position  2:    T:0.28000    C:0.00000    A:0.32000    G:0.40000
position  3:    T:0.08000    C:0.60000    A:0.08000    G:0.24000
Average         T:0.22667    C:0.26667    A:0.17333    G:0.33333

#21: TibetanAntelope
position  1:    T:0.32000    C:0.20000    A:0.12000    G:0.36000
position  2:    T:0.28000    C:0.00000    A:0.32000    G:0.40000
position  3:    T:0.04000    C:0.64000    A:0.08000    G:0.24000
Average         T:0.21333    C:0.28000    A:0.17333    G:0.33333

#22: Sitatunga      
position  1:    T:0.32000    C:0.20000    A:0.12000    G:0.36000
position  2:    T:0.28000    C:0.00000    A:0.32000    G:0.40000
position  3:    T:0.04000    C:0.64000    A:0.08000    G:0.24000
Average         T:0.21333    C:0.28000    A:0.17333    G:0.33333

#23: Oribi          
position  1:    T:0.32000    C:0.20000    A:0.12000    G:0.36000
position  2:    T:0.28000    C:0.00000    A:0.32000    G:0.40000
position  3:    T:0.08000    C:0.60000    A:0.08000    G:0.24000
Average         T:0.22667    C:0.26667    A:0.17333    G:0.33333

#24: BarbarySheep   
position  1:    T:0.32000    C:0.20000    A:0.12000    G:0.36000
position  2:    T:0.28000    C:0.00000    A:0.32000    G:0.40000
position  3:    T:0.04000    C:0.64000    A:0.08000    G:0.24000
Average         T:0.21333    C:0.28000    A:0.17333    G:0.33333

#25: Daviddeer      
position  1:    T:0.32000    C:0.20000    A:0.12000    G:0.36000
position  2:    T:0.28000    C:0.00000    A:0.32000    G:0.40000
position  3:    T:0.04000    C:0.64000    A:0.08000    G:0.24000
Average         T:0.21333    C:0.28000    A:0.17333    G:0.33333

#26: Reindeer       
position  1:    T:0.32000    C:0.20000    A:0.12000    G:0.36000
position  2:    T:0.28000    C:0.00000    A:0.32000    G:0.40000
position  3:    T:0.04000    C:0.64000    A:0.12000    G:0.20000
Average         T:0.21333    C:0.28000    A:0.18667    G:0.32000

#27: Ibex           
position  1:    T:0.32000    C:0.20000    A:0.12000    G:0.36000
position  2:    T:0.28000    C:0.00000    A:0.32000    G:0.40000
position  3:    T:0.04000    C:0.64000    A:0.04000    G:0.28000
Average         T:0.21333    C:0.28000    A:0.16000    G:0.34667

#28: GyrantGazelle  
position  1:    T:0.32000    C:0.20000    A:0.12000    G:0.36000
position  2:    T:0.28000    C:0.00000    A:0.32000    G:0.40000
position  3:    T:0.04000    C:0.64000    A:0.08000    G:0.24000
Average         T:0.21333    C:0.28000    A:0.17333    G:0.33333

#29: Hartebeest     
position  1:    T:0.32000    C:0.20000    A:0.12000    G:0.36000
position  2:    T:0.28000    C:0.00000    A:0.32000    G:0.40000
position  3:    T:0.04000    C:0.64000    A:0.08000    G:0.24000
Average         T:0.21333    C:0.28000    A:0.17333    G:0.33333

#30: Bongo          
position  1:    T:0.32000    C:0.20000    A:0.12000    G:0.36000
position  2:    T:0.28000    C:0.00000    A:0.32000    G:0.40000
position  3:    T:0.04000    C:0.64000    A:0.12000    G:0.20000
Average         T:0.21333    C:0.28000    A:0.18667    G:0.32000

#31: Gerenuk        
position  1:    T:0.32000    C:0.20000    A:0.12000    G:0.36000
position  2:    T:0.28000    C:0.00000    A:0.32000    G:0.40000
position  3:    T:0.04000    C:0.64000    A:0.08000    G:0.24000
Average         T:0.21333    C:0.28000    A:0.17333    G:0.33333

#32: CommonEland    
position  1:    T:0.32000    C:0.20000    A:0.12000    G:0.36000
position  2:    T:0.28000    C:0.00000    A:0.32000    G:0.40000
position  3:    T:0.04000    C:0.64000    A:0.08000    G:0.24000
Average         T:0.21333    C:0.28000    A:0.17333    G:0.33333

#33: MuntiacusReevesi
position  1:    T:0.32000    C:0.20000    A:0.12000    G:0.36000
position  2:    T:0.28000    C:0.00000    A:0.32000    G:0.40000
position  3:    T:0.08000    C:0.60000    A:0.12000    G:0.20000
Average         T:0.22667    C:0.26667    A:0.18667    G:0.32000

#34: HarveysDuiker  
position  1:    T:0.32000    C:0.20000    A:0.12000    G:0.36000
position  2:    T:0.28000    C:0.00000    A:0.32000    G:0.40000
position  3:    T:0.04000    C:0.64000    A:0.08000    G:0.24000
Average         T:0.21333    C:0.28000    A:0.17333    G:0.33333

#35: Pronghorn      
position  1:    T:0.32000    C:0.20000    A:0.12000    G:0.36000
position  2:    T:0.28000    C:0.00000    A:0.32000    G:0.40000
position  3:    T:0.04000    C:0.64000    A:0.08000    G:0.24000
Average         T:0.21333    C:0.28000    A:0.17333    G:0.33333

#36: BlueWildebeest 
position  1:    T:0.32000    C:0.20000    A:0.12000    G:0.36000
position  2:    T:0.28000    C:0.00000    A:0.32000    G:0.40000
position  3:    T:0.04000    C:0.64000    A:0.08000    G:0.24000
Average         T:0.21333    C:0.28000    A:0.17333    G:0.33333

#37: Gemsbok        
position  1:    T:0.32000    C:0.20000    A:0.12000    G:0.36000
position  2:    T:0.28000    C:0.00000    A:0.32000    G:0.40000
position  3:    T:0.04000    C:0.64000    A:0.08000    G:0.24000
Average         T:0.21333    C:0.28000    A:0.17333    G:0.33333

#38: Yak            
position  1:    T:0.32000    C:0.20000    A:0.12000    G:0.36000
position  2:    T:0.28000    C:0.00000    A:0.32000    G:0.40000
position  3:    T:0.04000    C:0.64000    A:0.08000    G:0.24000
Average         T:0.21333    C:0.28000    A:0.17333    G:0.33333

#39: BlueSheep      
position  1:    T:0.32000    C:0.20000    A:0.12000    G:0.36000
position  2:    T:0.28000    C:0.00000    A:0.32000    G:0.40000
position  3:    T:0.04000    C:0.64000    A:0.04000    G:0.28000
Average         T:0.21333    C:0.28000    A:0.16000    G:0.34667

#40: BohorReedbuck  
position  1:    T:0.32000    C:0.20000    A:0.12000    G:0.36000
position  2:    T:0.28000    C:0.00000    A:0.32000    G:0.40000
position  3:    T:0.04000    C:0.64000    A:0.08000    G:0.24000
Average         T:0.21333    C:0.28000    A:0.17333    G:0.33333

#41: KirksDik       
position  1:    T:0.32000    C:0.20000    A:0.12000    G:0.36000
position  2:    T:0.28000    C:0.00000    A:0.32000    G:0.40000
position  3:    T:0.04000    C:0.64000    A:0.08000    G:0.24000
Average         T:0.21333    C:0.28000    A:0.17333    G:0.33333

#42: RoeDeer        
position  1:    T:0.32000    C:0.20000    A:0.12000    G:0.36000
position  2:    T:0.28000    C:0.00000    A:0.32000    G:0.40000
position  3:    T:0.08000    C:0.60000    A:0.12000    G:0.20000
Average         T:0.22667    C:0.26667    A:0.18667    G:0.32000

#43: WhiteLippedDeer
position  1:    T:0.32000    C:0.20000    A:0.12000    G:0.36000
position  2:    T:0.28000    C:0.00000    A:0.32000    G:0.40000
position  3:    T:0.04000    C:0.64000    A:0.08000    G:0.24000
Average         T:0.21333    C:0.28000    A:0.17333    G:0.33333

#44: ThomsonGazelle 
position  1:    T:0.32000    C:0.20000    A:0.12000    G:0.36000
position  2:    T:0.28000    C:0.00000    A:0.32000    G:0.40000
position  3:    T:0.04000    C:0.64000    A:0.08000    G:0.24000
Average         T:0.21333    C:0.28000    A:0.17333    G:0.33333

#45: MuntiacusCrinifrons
position  1:    T:0.32000    C:0.16000    A:0.16000    G:0.36000
position  2:    T:0.28000    C:0.00000    A:0.28000    G:0.44000
position  3:    T:0.12000    C:0.52000    A:0.00000    G:0.36000
Average         T:0.24000    C:0.22667    A:0.14667    G:0.38667

#46: WhiteTailedDeer
position  1:    T:0.32000    C:0.20000    A:0.12000    G:0.36000
position  2:    T:0.28000    C:0.00000    A:0.32000    G:0.40000
position  3:    T:0.04000    C:0.64000    A:0.12000    G:0.20000
Average         T:0.21333    C:0.28000    A:0.18667    G:0.32000

#47: Cattle         
position  1:    T:0.32000    C:0.20000    A:0.12000    G:0.36000
position  2:    T:0.28000    C:0.00000    A:0.32000    G:0.40000
position  3:    T:0.04000    C:0.64000    A:0.08000    G:0.24000
Average         T:0.21333    C:0.28000    A:0.17333    G:0.33333

#48: RoyalAntelope  
position  1:    T:0.32000    C:0.20000    A:0.12000    G:0.36000
position  2:    T:0.28000    C:0.00000    A:0.32000    G:0.40000
position  3:    T:0.04000    C:0.64000    A:0.08000    G:0.24000
Average         T:0.21333    C:0.28000    A:0.17333    G:0.33333

#49: Steenbok       
position  1:    T:0.32000    C:0.20000    A:0.12000    G:0.36000
position  2:    T:0.28000    C:0.00000    A:0.32000    G:0.40000
position  3:    T:0.04000    C:0.64000    A:0.08000    G:0.24000
Average         T:0.21333    C:0.28000    A:0.17333    G:0.33333

#50: Impala         
position  1:    T:0.32000    C:0.20000    A:0.12000    G:0.36000
position  2:    T:0.28000    C:0.00000    A:0.32000    G:0.40000
position  3:    T:0.04000    C:0.64000    A:0.08000    G:0.24000
Average         T:0.21333    C:0.28000    A:0.17333    G:0.33333

#51: Klipspringer   
position  1:    T:0.32000    C:0.20000    A:0.12000    G:0.36000
position  2:    T:0.28000    C:0.00000    A:0.32000    G:0.40000
