1
52 1
Argali 0.000000 0.123400 0.048600 0.102100 0.035400 0.000000 0.017500 0.023500 0.036000 0.038500 0.011600 0.023400 0.020500 0.011600 0.029400 0.017500 0.037500 0.041400 0.005800 0.051500 0.020500 0.005800 0.041600 0.038500 0.008700 0.023500 0.014500 0.039100 0.017500 0.042300 0.038500 0.014500 0.017800 0.017500 0.008700 0.023400 0.005800 0.020500 0.017500 0.038600 0.038600 0.017500 0.038500 0.057600 0.021200 0.026400 0.026600 0.017500 0.014500 0.017400 0.039100 0.042200
LesserMous 0.123400 0.000000 0.149100 0.158100 0.137600 0.123400 0.121400 0.128200 0.140900 0.127800 0.137400 0.118400 0.120500 0.121200 0.127400 0.128300 0.136800 0.136400 0.123800 0.137700 0.130700 0.128900 0.131400 0.127900 0.134300 0.135300 0.120400 0.137500 0.127400 0.144900 0.127600 0.124200 0.126800 0.123800 0.120100 0.118600 0.126900 0.131100 0.127900 0.127800 0.128200 0.128100 0.127800 0.124600 0.118800 0.130600 0.132000 0.124000 0.127200 0.129700 0.137400 0.144800
LesserKudu 0.048600 0.149100 0.000000 0.123700 0.068000 0.048600 0.052200 0.048900 0.017500 0.055300 0.054900 0.042600 0.048700 0.042500 0.057900 0.042700 0.055500 0.052100 0.048900 0.020500 0.039400 0.054000 0.058900 0.054400 0.052100 0.042700 0.042400 0.017500 0.042400 0.005800 0.055300 0.045600 0.058600 0.045500 0.039400 0.036300 0.055300 0.045800 0.042700 0.055300 0.055600 0.042700 0.055300 0.070200 0.042600 0.051700 0.045800 0.045600 0.046300 0.055000 0.017500 0.005800
KillerWhal 0.102100 0.158100 0.123700 0.000000 0.129500 0.102000 0.106100 0.109500 0.123600 0.123800 0.116000 0.112300 0.099300 0.102400 0.116800 0.102400 0.120100 0.121200 0.102300 0.119800 0.105600 0.105700 0.123900 0.121300 0.112600 0.109300 0.092300 0.123500 0.101900 0.119700 0.123600 0.105500 0.108400 0.095500 0.099000 0.109300 0.104900 0.098800 0.102600 0.123800 0.124100 0.102400 0.123800 0.132000 0.109400 0.098900 0.106200 0.106900 0.099100 0.104900 0.123200 0.119600
DefassaWat 0.035400 0.137600 0.068000 0.129500 0.000000 0.035500 0.038600 0.041800 0.048700 0.066500 0.035500 0.035600 0.044700 0.029400 0.047800 0.035600 0.058800 0.060200 0.029500 0.070900 0.038600 0.033900 0.068700 0.069900 0.032500 0.041700 0.038600 0.051900 0.035600 0.061400 0.066500 0.032400 0.048700 0.041600 0.026500 0.035600 0.035600 0.026500 0.035700 0.066600 0.063400 0.035600 0.066500 0.090200 0.033600 0.032500 0.038900 0.035500 0.032600 0.041500 0.051800 0.061400
Sheep 0.000000 0.123400 0.048600 0.102000 0.035500 0.000000 0.017500 0.023500 0.036000 0.038600 0.011600 0.023400 0.020500 0.011600 0.029400 0.017500 0.037500 0.041400 0.005800 0.051500 0.020500 0.005800 0.041600 0.038500 0.008700 0.023500 0.014500 0.039100 0.017500 0.042300 0.038600 0.014500 0.017800 0.017500 0.008700 0.023400 0.005800 0.020500 0.017600 0.038600 0.038600 0.017500 0.038600 0.057600 0.021200 0.026400 0.026600 0.017500 0.014600 0.017400 0.039100 0.042200
MaxwellsDu 0.017500 0.121400 0.052200 0.106100 0.038600 0.017500 0.000000 0.026600 0.042600 0.051100 0.029400 0.029500 0.026500 0.011600 0.032500 0.020600 0.052800 0.054000 0.017500 0.051900 0.023500 0.022000 0.054200 0.051000 0.026400 0.026500 0.020500 0.039500 0.020500 0.045800 0.051100 0.014600 0.024100 0.023500 0.014600 0.029500 0.023500 0.023600 0.020600 0.051100 0.051200 0.020600 0.051100 0.071200 0.028000 0.029500 0.029700 0.017500 0.020500 0.023400 0.039400 0.045700
GazellaPrz 0.023500 0.128200 0.048900 0.109500 0.041800 0.023500 0.026600 0.000000 0.042600 0.057400 0.029500 0.029600 0.029500 0.017600 0.038600 0.005800 0.052800 0.054100 0.023500 0.055100 0.009500 0.027900 0.060500 0.057300 0.026500 0.011600 0.026600 0.042600 0.005800 0.042500 0.057400 0.017500 0.036400 0.029500 0.014600 0.029600 0.029600 0.020600 0.005800 0.057500 0.057500 0.005800 0.057400 0.077600 0.027700 0.026400 0.014600 0.020600 0.020600 0.035400 0.042500 0.042400
MountainNy 0.036000 0.140900 0.017500 0.123600 0.048700 0.036000 0.042600 0.042600 0.000000 0.058100 0.042100 0.030100 0.045300 0.030100 0.054800 0.036500 0.052000 0.051800 0.036300 0.020400 0.039400 0.041100 0.061900 0.057100 0.039400 0.042800 0.039100 0.002900 0.036200 0.011500 0.058100 0.033100 0.045700 0.042100 0.027000 0.030000 0.042600 0.039500 0.036500 0.058200 0.058400 0.036500 0.058100 0.072900 0.030100 0.045400 0.045700 0.036200 0.033600 0.042300 0.002900 0.011600
MuntiacusM 0.038500 0.127800 0.055300 0.123800 0.066500 0.038600 0.051100 0.057400 0.058100 0.000000 0.050800 0.051100 0.041800 0.044700 0.051100 0.051200 0.041900 0.041700 0.038600 0.061400 0.048000 0.042900 0.002900 0.005800 0.047800 0.051100 0.035700 0.061400 0.051100 0.051900 0.000000 0.047800 0.046200 0.038700 0.041700 0.044900 0.044800 0.051000 0.051200 0.000100 0.002900 0.051200 0.000000 0.026400 0.051200 0.060400 0.054700 0.050900 0.047900 0.044700 0.061300 0.051900
goat 0.011600 0.137400 0.054900 0.116000 0.035500 0.011600 0.029400 0.029500 0.042100 0.050800 0.000000 0.017500 0.032400 0.017500 0.035500 0.023500 0.043600 0.047500 0.011600 0.057700 0.026400 0.011600 0.054000 0.050700 0.008700 0.029500 0.026400 0.045300 0.023500 0.048400 0.050800 0.020400 0.029900 0.029300 0.014500 0.023400 0.011600 0.020500 0.023500 0.050900 0.050900 0.023500 0.050800 0.070300 0.021100 0.032400 0.032600 0.023400 0.020500 0.023300 0.045200 0.048400
AfricanBuf 0.023400 0.118400 0.042600 0.112300 0.035600 0.023400 0.029500 0.029600 0.030100 0.051100 0.017500 0.000000 0.032500 0.017500 0.035600 0.023600 0.048100 0.047800 0.017500 0.045600 0.026500 0.021600 0.054300 0.051000 0.020500 0.029600 0.026500 0.033200 0.023500 0.036300 0.051100 0.020500 0.032500 0.029400 0.014600 0.005800 0.023500 0.020600 0.023600 0.051200 0.051200 0.023600 0.051100 0.066700 0.005800 0.032500 0.032700 0.023500 0.020500 0.023400 0.033200 0.036200
Topi 0.020500 0.120500 0.048700 0.099300 0.044700 0.020500 0.026500 0.029500 0.045300 0.041800 0.032400 0.032500 0.000000 0.020500 0.026500 0.026600 0.042900 0.044700 0.020500 0.048400 0.030900 0.024400 0.044900 0.041700 0.029400 0.032600 0.005800 0.048400 0.026500 0.045400 0.041800 0.020800 0.032900 0.008700 0.017500 0.026500 0.026500 0.026600 0.026600 0.041800 0.041900 0.026600 0.041800 0.054700 0.030600 0.035500 0.029700 0.026400 0.023500 0.032400 0.048400 0.045400
CommonDuik 0.011600 0.121200 0.042500 0.102400 0.029400 0.011600 0.011600 0.017600 0.030100 0.044700 0.017500 0.017500 0.020500 0.000000 0.029500 0.011700 0.040000 0.041500 0.011600 0.045400 0.014600 0.015500 0.047800 0.044700 0.014500 0.017500 0.014500 0.033100 0.011600 0.036200 0.044700 0.002900 0.017900 0.017500 0.002900 0.017500 0.017500 0.014600 0.011700 0.044800 0.044800 0.011700 0.044700 0.064200 0.015500 0.020400 0.020600 0.011600 0.008700 0.017400 0.033100 0.036200
Suni 0.029400 0.127400 0.057900 0.116800 0.047800 0.029400 0.032500 0.038600 0.054800 0.051100 0.035500 0.035600 0.026500 0.029500 0.000000 0.032500 0.052300 0.054000 0.023500 0.061100 0.035400 0.027800 0.054200 0.051000 0.032500 0.038600 0.026500 0.054800 0.032400 0.051500 0.051100 0.032500 0.042100 0.029500 0.026500 0.029600 0.029500 0.029500 0.032500 0.051100 0.051100 0.032500 0.051100 0.064100 0.033600 0.041500 0.035700 0.026500 0.032500 0.035400 0.054700 0.051500
Springbuck 0.017500 0.128300 0.042700 0.102400 0.035600 0.017500 0.020600 0.005800 0.036500 0.051200 0.023500 0.023600 0.026600 0.011700 0.032500 0.000000 0.046500 0.047900 0.017500 0.048900 0.002900 0.022700 0.054200 0.051100 0.020500 0.005800 0.020600 0.036500 0.000000 0.036400 0.051200 0.014600 0.030200 0.023500 0.008700 0.023600 0.023500 0.014600 0.000000 0.051200 0.051200 0.000000 0.051200 0.071000 0.021600 0.020500 0.008700 0.014600 0.014600 0.029500 0.036400 0.036300
Okapi 0.037500 0.136800 0.055500 0.120100 0.058800 0.037500 0.052800 0.052800 0.052000 0.041900 0.043600 0.048100 0.042900 0.040000 0.052300 0.046500 0.000000 0.011600 0.040000 0.055100 0.049400 0.036900 0.045000 0.043000 0.041200 0.053000 0.036700 0.055200 0.046300 0.052100 0.041900 0.043000 0.047200 0.039700 0.036800 0.041900 0.044500 0.049500 0.046600 0.043000 0.042000 0.046600 0.041900 0.061900 0.041900 0.049400 0.043300 0.046200 0.042900 0.047800 0.055100 0.052000
Giraffe 0.041400 0.136400 0.052100 0.121200 0.060200 0.041400 0.054000 0.054100 0.051800 0.041700 0.047500 0.047800 0.044700 0.041500 0.054000 0.047900 0.011600 0.000000 0.041500 0.055000 0.050900 0.046300 0.044800 0.043000 0.044500 0.054100 0.038500 0.055000 0.047700 0.052000 0.041700 0.044600 0.052200 0.041600 0.038500 0.041700 0.047700 0.051000 0.047900 0.043100 0.041800 0.047900 0.041700 0.066900 0.047900 0.044600 0.045000 0.047700 0.044700 0.047500 0.055000 0.051900
TibetanAnt 0.005800 0.123800 0.048900 0.102300 0.029500 0.005800 0.017500 0.023500 0.036300 0.038600 0.011600 0.017500 0.020500 0.011600 0.023500 0.017500 0.040000 0.041500 0.000000 0.051800 0.020500 0.005700 0.041600 0.038500 0.008700 0.023500 0.014600 0.039400 0.017500 0.042500 0.038600 0.014500 0.017900 0.017500 0.008700 0.017500 0.005800 0.014600 0.017600 0.038600 0.038600 0.017600 0.038600 0.057800 0.015400 0.026400 0.026600 0.017500 0.014600 0.011600 0.039300 0.042500
Sitatunga 0.051500 0.137700 0.020500 0.119800 0.070900 0.051500 0.051900 0.055100 0.020400 0.061400 0.057700 0.045600 0.048400 0.045400 0.061100 0.048900 0.055100 0.055000 0.051800 0.000000 0.051900 0.056900 0.065000 0.060400 0.055000 0.055300 0.042200 0.017400 0.048600 0.017500 0.061300 0.048500 0.055200 0.045300 0.042300 0.039300 0.058200 0.052000 0.048900 0.061400 0.061600 0.048900 0.061400 0.076200 0.045500 0.057900 0.052000 0.045400 0.049300 0.057900 0.017300 0.017400
Oribi 0.020500 0.130700 0.039400 0.105600 0.038600 0.020500 0.023500 0.009500 0.039400 0.048000 0.026400 0.026500 0.030900 0.014600 0.035400 0.002900 0.049400 0.050900 0.020500 0.051900 0.000000 0.024500 0.051100 0.047900 0.023500 0.002900 0.023500 0.039400 0.002900 0.033200 0.048000 0.018500 0.033100 0.026500 0.011700 0.026500 0.026500 0.017600 0.002900 0.048000 0.048000 0.002900 0.048000 0.067500 0.024400 0.023400 0.011700 0.017600 0.017600 0.032400 0.039300 0.033100
BarbaryShe 0.005800 0.128900 0.054000 0.105700 0.033900 0.005800 0.022000 0.027900 0.041100 0.042900 0.011600 0.021600 0.024400 0.015500 0.027800 0.022700 0.036900 0.046300 0.005700 0.056900 0.024500 0.000000 0.046700 0.043000 0.008700 0.028400 0.018300 0.044300 0.021500 0.047600 0.042800 0.018500 0.022000 0.021300 0.012700 0.021500 0.005800 0.018700 0.022000 0.042900 0.043300 0.022000 0.042900 0.062600 0.019300 0.030900 0.030900 0.021600 0.018200 0.015300 0.044100 0.047300
Daviddeer 0.041600 0.131400 0.058900 0.123900 0.068700 0.041600 0.054200 0.060500 0.061900 0.002900 0.054000 0.054300 0.044900 0.047800 0.054200 0.054200 0.045000 0.044800 0.041600 0.065000 0.051100 0.046700 0.000000 0.008700 0.050800 0.054200 0.038700 0.065100 0.054100 0.055500 0.002900 0.051000 0.049800 0.041700 0.044800 0.048000 0.047900 0.054000 0.054300 0.002900 0.005800 0.054300 0.002900 0.029400 0.054300 0.063500 0.057800 0.054000 0.051000 0.047800 0.065000 0.055400
Reindeer 0.038500 0.127900 0.054400 0.121300 0.069900 0.038500 0.051000 0.057300 0.057100 0.005800 0.050700 0.051000 0.041700 0.044700 0.051000 0.051100 0.043000 0.043000 0.038500 0.060400 0.047900 0.043000 0.008700 0.000000 0.047700 0.051000 0.035600 0.060300 0.051000 0.051000 0.005800 0.047700 0.046200 0.038600 0.041600 0.044900 0.044700 0.054200 0.051100 0.005800 0.005800 0.051100 0.005800 0.026300 0.051100 0.060300 0.054600 0.050900 0.047800 0.044600 0.060300 0.051100
Ibex 0.008700 0.134300 0.052100 0.112600 0.032500 0.008700 0.026400 0.026500 0.039400 0.047800 0.008700 0.020500 0.029400 0.014500 0.032500 0.020500 0.041200 0.044500 0.008700 0.055000 0.023500 0.008700 0.050800 0.047700 0.000000 0.026500 0.023400 0.042500 0.020500 0.045700 0.047800 0.017500 0.027000 0.026400 0.011600 0.020500 0.008700 0.017600 0.020500 0.047800 0.047800 0.020500 0.047800 0.067400 0.018400 0.029400 0.029600 0.020400 0.017500 0.020400 0.042500 0.045600
GyrantGaze 0.023500 0.135300 0.042700 0.109300 0.041700 0.023500 0.026500 0.011600 0.042800 0.051100 0.029500 0.029600 0.032600 0.017500 0.038600 0.005800 0.053000 0.054100 0.023500 0.055300 0.002900 0.028400 0.054200 0.051000 0.026500 0.000000 0.026500 0.042800 0.005800 0.036500 0.051100 0.020500 0.036500 0.029500 0.014600 0.030900 0.029500 0.020500 0.005800 0.051200 0.051200 0.005800 0.051100 0.071100 0.029200 0.026400 0.014600 0.020500 0.020600 0.035500 0.042700 0.036400
Hartebeest 0.014500 0.120400 0.042400 0.092300 0.038600 0.014500 0.020500 0.026600 0.039100 0.035700 0.026400 0.026500 0.005800 0.014500 0.026500 0.020600 0.036700 0.038500 0.014600 0.042200 0.023500 0.018300 0.038700 0.035600 0.023400 0.026500 0.000000 0.042200 0.020500 0.039200 0.035700 0.018300 0.026900 0.002900 0.011600 0.020500 0.020500 0.020600 0.020600 0.035700 0.035700 0.020600 0.035700 0.054600 0.024300 0.029400 0.023700 0.020500 0.017500 0.026400 0.042200 0.039200
Bongo 0.039100 0.137500 0.017500 0.123500 0.051900 0.039100 0.039500 0.042600 0.002900 0.061400 0.045300 0.033200 0.048400 0.033100 0.054800 0.036500 0.055200 0.055000 0.039400 0.017400 0.039400 0.044300 0.065100 0.060300 0.042500 0.042800 0.042200 0.000000 0.036200 0.011500 0.061300 0.036100 0.048900 0.045300 0.030000 0.033100 0.045700 0.039500 0.036500 0.061400 0.061700 0.036500 0.061400 0.076100 0.033200 0.045400 0.045700 0.033100 0.036800 0.045400 0.000000 0.011600
Gerenuk 0.017500 0.127400 0.042400 0.101900 0.035600 0.017500 0.020500 0.005800 0.036200 0.051100 0.023500 0.023500 0.026500 0.011600 0.032400 0.000000 0.046300 0.047700 0.017500 0.048600 0.002900 0.021500 0.054100 0.051000 0.020500 0.005800 0.020500 0.036200 0.000000 0.036100 0.051100 0.014600 0.030000 0.023500 0.008700 0.023500 0.023500 0.014600 0.000100 0.051100 0.051100 0.000000 0.051100 0.070700 0.021400 0.020400 0.008700 0.014600 0.014600 0.029400 0.036200 0.036100
CommonElan 0.042300 0.144900 0.005800 0.119700 0.061400 0.042300 0.045800 0.042500 0.011500 0.051900 0.048400 0.036300 0.045400 0.036200 0.051500 0.036400 0.052100 0.052000 0.042500 0.017500 0.033200 0.047600 0.055500 0.051000 0.045700 0.036500 0.039200 0.011500 0.036100 0.000000 0.051900 0.039300 0.052100 0.042200 0.033100 0.030100 0.048900 0.039400 0.036400 0.052000 0.052200 0.036400 0.051900 0.066700 0.036300 0.045300 0.039400 0.039300 0.039900 0.048600 0.011600 0.000000
MuntiacusR 0.038500 0.127600 0.055300 0.123600 0.066500 0.038600 0.051100 0.057400 0.058100 0.000000 0.050800 0.051100 0.041800 0.044700 0.051100 0.051200 0.041900 0.041700 0.038600 0.061300 0.048000 0.042800 0.002900 0.005800 0.047800 0.051100 0.035700 0.061300 0.051100 0.051900 0.000000 0.047800 0.046100 0.038700 0.041700 0.044900 0.044800 0.051000 0.051200 0.000100 0.002900 0.051200 0.000000 0.026400 0.051200 0.060400 0.054700 0.050900 0.047900 0.044700 0.061300 0.051900
HarveysDui 0.014500 0.124200 0.045600 0.105500 0.032400 0.014500 0.014600 0.017500 0.033100 0.047800 0.020400 0.020500 0.020800 0.002900 0.032500 0.014600 0.043000 0.044600 0.014500 0.048500 0.018500 0.018500 0.051000 0.047700 0.017500 0.020500 0.018300 0.036100 0.014600 0.039300 0.047800 0.000000 0.020900 0.021200 0.005800 0.020500 0.020500 0.017600 0.014600 0.047800 0.047900 0.014600 0.047800 0.067300 0.018300 0.023400 0.023600 0.014500 0.011600 0.020400 0.036100 0.039200
Pronghorn 0.017800 0.126800 0.058600 0.108400 0.048700 0.017800 0.024100 0.036400 0.045700 0.046200 0.029900 0.032500 0.032900 0.017900 0.042100 0.030200 0.047200 0.052200 0.017900 0.055200 0.033100 0.022000 0.049800 0.046200 0.027000 0.036500 0.026900 0.048900 0.030000 0.052100 0.046100 0.020900 0.000000 0.029900 0.020900 0.032500 0.024000 0.033300 0.030300 0.046200 0.046500 0.030300 0.046200 0.061700 0.029500 0.039200 0.039400 0.030000 0.026900 0.020400 0.049000 0.052000
BlueWildeb 0.017500 0.123800 0.045500 0.095500 0.041600 0.017500 0.023500 0.029500 0.042100 0.038700 0.029300 0.029400 0.008700 0.017500 0.029500 0.023500 0.039700 0.041600 0.017500 0.045300 0.026500 0.021300 0.041700 0.038600 0.026400 0.029500 0.002900 0.045300 0.023500 0.042200 0.038700 0.021200 0.029900 0.000000 0.014500 0.023500 0.023500 0.023500 0.023500 0.038700 0.038700 0.023500 0.038700 0.057700 0.027300 0.032400 0.026600 0.023400 0.020500 0.029300 0.045200 0.042200
Gemsbok 0.008700 0.120100 0.039400 0.099000 0.026500 0.008700 0.014600 0.014600 0.027000 0.041700 0.014500 0.014600 0.017500 0.002900 0.026500 0.008700 0.036800 0.038500 0.008700 0.042300 0.011700 0.012700 0.044800 0.041600 0.011600 0.014600 0.011600 0.030000 0.008700 0.033100 0.041700 0.005800 0.020900 0.014500 0.000000 0.014600 0.014600 0.011700 0.008700 0.041700 0.041700 0.008700 0.041700 0.061000 0.012200 0.017500 0.017700 0.008700 0.005800 0.020400 0.030000 0.033100
Yak 0.023400 0.118600 0.036300 0.109300 0.035600 0.023400 0.029500 0.029600 0.030000 0.044900 0.023400 0.005800 0.026500 0.017500 0.029600 0.023600 0.041900 0.041700 0.017500 0.039300 0.026500 0.021500 0.048000 0.044900 0.020500 0.030900 0.020500 0.033100 0.023500 0.030100 0.044900 0.020500 0.032500 0.023500 0.014600 0.000000 0.023500 0.020600 0.023600 0.045000 0.045000 0.023600 0.044900 0.060400 0.005800 0.032500 0.026700 0.023500 0.020500 0.023400 0.033100 0.030100
BlueSheep 0.005800 0.126900 0.055300 0.104900 0.035600 0.005800 0.023500 0.029600 0.042600 0.044800 0.011600 0.023500 0.026500 0.017500 0.029500 0.023500 0.044500 0.047700 0.005800 0.058200 0.026500 0.005800 0.047900 0.044700 0.008700 0.029500 0.020500 0.045700 0.023500 0.048900 0.044800 0.020500 0.024000 0.023500 0.014600 0.023500 0.000000 0.020600 0.023600 0.044800 0.044800 0.023500 0.044800 0.064300 0.021500 0.032500 0.032700 0.023500 0.020500 0.017500 0.045600 0.048800
BohorReedb 0.020500 0.131100 0.045800 0.098800 0.026500 0.020500 0.023600 0.020600 0.039500 0.051000 0.020500 0.020600 0.026600 0.014600 0.029500 0.014600 0.049500 0.051000 0.014600 0.052000 0.017600 0.018700 0.054000 0.054200 0.017600 0.020500 0.020600 0.039500 0.014600 0.039400 0.051000 0.017600 0.033300 0.023500 0.011700 0.020600 0.020600 0.000000 0.014600 0.051000 0.047900 0.014600 0.051000 0.074100 0.018300 0.023500 0.023600 0.017600 0.017600 0.026500 0.039500 0.039400
KirksDik 0.017500 0.127900 0.042700 0.102600 0.035700 0.017600 0.020600 0.005800 0.036500 0.051200 0.023500 0.023600 0.026600 0.011700 0.032500 0.000000 0.046600 0.047900 0.017600 0.048900 0.002900 0.022000 0.054300 0.051100 0.020500 0.005800 0.020600 0.036500 0.000100 0.036400 0.051200 0.014600 0.030300 0.023500 0.008700 0.023600 0.023600 0.014600 0.000000 0.051200 0.051200 0.000000 0.051200 0.071100 0.021700 0.020500 0.008700 0.014600 0.014700 0.029400 0.036400 0.036300
RoeDeer 0.038600 0.127800 0.055300 0.123800 0.066600 0.038600 0.051100 0.057500 0.058200 0.000100 0.050900 0.051200 0.041800 0.044800 0.051100 0.051200 0.043000 0.043100 0.038600 0.061400 0.048000 0.042900 0.002900 0.005800 0.047800 0.051200 0.035700 0.061400 0.051100 0.052000 0.000100 0.047800 0.046200 0.038700 0.041700 0.045000 0.044800 0.051000 0.051200 0.000000 0.002900 0.051200 0.000100 0.026400 0.051300 0.060400 0.054700 0.051000 0.048000 0.044700 0.061400 0.051900
WhiteLippe 0.038600 0.128200 0.055600 0.124100 0.063400 0.038600 0.051200 0.057500 0.058400 0.002900 0.050900 0.051200 0.041900 0.044800 0.051100 0.051200 0.042000 0.041800 0.038600 0.061600 0.048000 0.043300 0.005800 0.005800 0.047800 0.051200 0.035700 0.061700 0.051100 0.052200 0.002900 0.047900 0.046500 0.038700 0.041700 0.045000 0.044800 0.047900 0.051200 0.002900 0.000000 0.051200 0.002900 0.026500 0.051300 0.060500 0.054700 0.051000 0.048000 0.044700 0.061600 0.052100
ThomsonGaz 0.017500 0.128100 0.042700 0.102400 0.035600 0.017500 0.020600 0.005800 0.036500 0.051200 0.023500 0.023600 0.026600 0.011700 0.032500 0.000000 0.046600 0.047900 0.017600 0.048900 0.002900 0.022000 0.054300 0.051100 0.020500 0.005800 0.020600 0.036500 0.000000 0.036400 0.051200 0.014600 0.030300 0.023500 0.008700 0.023600 0.023500 0.014600 0.000000 0.051200 0.051200 0.000000 0.051200 0.071000 0.021600 0.020500 0.008700 0.015100 0.014600 0.029500 0.036400 0.036300
MuntiacusC 0.038500 0.127800 0.055300 0.123800 0.066500 0.038600 0.051100 0.057400 0.058100 0.000000 0.050800 0.051100 0.041800 0.044700 0.051100 0.051200 0.041900 0.041700 0.038600 0.061400 0.048000 0.042900 0.002900 0.005800 0.047800 0.051100 0.035700 0.061400 0.051100 0.051900 0.000000 0.047800 0.046200 0.038700 0.041700 0.044900 0.044800 0.051000 0.051200 0.000100 0.002900 0.051200 0.000000 0.026400 0.051200 0.060400 0.054700 0.050900 0.047900 0.044700 0.061300 0.051900
WhiteTaile 0.057600 0.124600 0.070200 0.132000 0.090200 0.057600 0.071200 0.077600 0.072900 0.026400 0.070300 0.066700 0.054700 0.064200 0.064100 0.071000 0.061900 0.066900 0.057800 0.076200 0.067500 0.062600 0.029400 0.026300 0.067400 0.071100 0.054600 0.076100 0.070700 0.066700 0.026400 0.067300 0.061700 0.057700 0.061000 0.060400 0.064300 0.074100 0.071100 0.026400 0.026500 0.071000 0.026400 0.000000 0.063600 0.080500 0.074500 0.070700 0.067300 0.066200 0.076100 0.066700
Cattle 0.021200 0.118800 0.042600 0.109400 0.033600 0.021200 0.028000 0.027700 0.030100 0.051200 0.021100 0.005800 0.030600 0.015500 0.033600 0.021600 0.041900 0.047900 0.015400 0.045500 0.024400 0.019300 0.054300 0.051100 0.018400 0.029200 0.024300 0.033200 0.021400 0.036300 0.051200 0.018300 0.029500 0.027300 0.012200 0.005800 0.021500 0.018300 0.021700 0.051300 0.051300 0.021600 0.051200 0.063600 0.000000 0.030700 0.030900 0.021300 0.018100 0.023500 0.033100 0.036200
RoyalAntel 0.026400 0.130600 0.051700 0.098900 0.032500 0.026400 0.029500 0.026400 0.045400 0.060400 0.032400 0.032500 0.035500 0.020400 0.041500 0.020500 0.049400 0.044600 0.026400 0.057900 0.023400 0.030900 0.063500 0.060300 0.029400 0.026400 0.029400 0.045400 0.020400 0.045300 0.060400 0.023400 0.039200 0.032400 0.017500 0.032500 0.032500 0.023500 0.020500 0.060400 0.060500 0.020500 0.060400 0.080500 0.030700 0.000000 0.023500 0.023500 0.011600 0.038300 0.045300 0.045200
Steenbok 0.026600 0.132000 0.045800 0.106200 0.038900 0.026600 0.029700 0.014600 0.045700 0.054700 0.032600 0.032700 0.029700 0.020600 0.035700 0.008700 0.043300 0.045000 0.026600 0.052000 0.011700 0.030900 0.057800 0.054600 0.029600 0.014600 0.023700 0.045700 0.008700 0.039400 0.054700 0.023600 0.039400 0.026600 0.017700 0.026700 0.032700 0.023600 0.008700 0.054700 0.054700 0.008700 0.054700 0.074500 0.030900 0.023500 0.000000 0.023600 0.023700 0.038700 0.045700 0.039400
Impala 0.017500 0.124000 0.045600 0.106900 0.035500 0.017500 0.017500 0.020600 0.036200 0.050900 0.023400 0.023500 0.026400 0.011600 0.026500 0.014600 0.046200 0.047700 0.017500 0.045400 0.017600 0.021600 0.054000 0.050900 0.020400 0.020500 0.020500 0.033100 0.014600 0.039300 0.050900 0.014500 0.030000 0.023400 0.008700 0.023500 0.023500 0.017600 0.014600 0.051000 0.051000 0.015100 0.050900 0.070700 0.021300 0.023500 0.023600 0.000000 0.014600 0.029300 0.033100 0.039200
Klipspring 0.014500 0.127200 0.046300 0.099100 0.032600 0.014600 0.020500 0.020600 0.033600 0.047900 0.020500 0.020500 0.023500 0.008700 0.032500 0.014600 0.042900 0.044700 0.014600 0.049300 0.017600 0.018200 0.051000 0.047800 0.017500 0.020600 0.017500 0.036800 0.014600 0.039900 0.047900 0.011600 0.026900 0.020500 0.005800 0.020500 0.020500 0.017600 0.014700 0.048000 0.048000 0.014600 0.047900 0.067300 0.018100 0.011600 0.023700 0.014600 0.000000 0.026400 0.036700 0.039900
ForestMusk 0.017400 0.129700 0.055000 0.104900 0.041500 0.017400 0.023400 0.035400 0.042300 0.044700 0.023300 0.023400 0.032400 0.017400 0.035400 0.029500 0.047800 0.047500 0.011600 0.057900 0.032400 0.015300 0.047800 0.044600 0.020400 0.035500 0.026400 0.045400 0.029400 0.048600 0.044700 0.020400 0.020400 0.029300 0.020400 0.023400 0.017500 0.026500 0.029400 0.044700 0.044700 0.029500 0.044700 0.066200 0.023500 0.038300 0.038700 0.029300 0.026400 0.000000 0.045300 0.048500
Bushbuck 0.039100 0.137400 0.017500 0.123200 0.051800 0.039100 0.039400 0.042500 0.002900 0.061300 0.045200 0.033200 0.048400 0.033100 0.054700 0.036400 0.055100 0.055000 0.039300 0.017300 0.039300 0.044100 0.065000 0.060300 0.042500 0.042700 0.042200 0.000000 0.036200 0.011600 0.061300 0.036100 0.049000 0.045200 0.030000 0.033100 0.045600 0.039500 0.036400 0.061400 0.061600 0.036400 0.061300 0.076100 0.033100 0.045300 0.045700 0.033100 0.036700 0.045300 0.000000 0.011600
GreaterKud 0.042200 0.144800 0.005800 0.119600 0.061400 0.042200 0.045700 0.042400 0.011600 0.051900 0.048400 0.036200 0.045400 0.036200 0.051500 0.036300 0.052000 0.051900 0.042500 0.017400 0.033100 0.047300 0.055400 0.051100 0.045600 0.036400 0.039200 0.011600 0.036100 0.000000 0.051900 0.039200 0.052000 0.042200 0.033100 0.030100 0.048800 0.039400 0.036300 0.051900 0.052100 0.036300 0.051900 0.066700 0.036200 0.045200 0.039400 0.039200 0.039900 0.048500 0.011600 0.000000
