1
52 1
Argali 0.000000 0.676600 0.208200 0.548100 0.173200 0.010900 0.126600 0.140900 0.217100 0.245700 0.044800 0.203400 0.095100 0.135900 0.178600 0.153900 0.260700 0.211700 0.060000 0.207700 0.179100 0.052600 0.247300 0.220400 0.048400 0.125500 0.106100 0.203300 0.159600 0.228200 0.245200 0.128300 0.277700 0.095800 0.072600 0.215100 0.048900 0.170900 0.181700 0.207500 0.223800 0.133900 0.245000 0.243800 0.200700 0.120300 0.144200 0.170900 0.150800 0.190800 0.226000 0.239400
LesserMous 0.676600 0.000000 0.654900 0.482500 0.703700 0.661000 0.646100 0.672500 0.663200 0.608400 0.697300 0.598300 0.686900 0.652000 0.722400 0.685000 0.636300 0.604300 0.645500 0.681200 0.654300 0.691400 0.616100 0.556500 0.701000 0.640100 0.722100 0.672500 0.639900 0.667900 0.607500 0.648100 0.705600 0.707500 0.671200 0.597100 0.657500 0.701100 0.703100 0.612600 0.609500 0.640500 0.606900 0.578700 0.591600 0.621000 0.681000 0.676900 0.648300 0.581300 0.706000 0.702700
LesserKudu 0.208200 0.654900 0.000000 0.527700 0.207000 0.206300 0.175000 0.203100 0.037100 0.237300 0.213000 0.093300 0.212600 0.188900 0.189900 0.189200 0.238900 0.217900 0.195300 0.037000 0.198500 0.200000 0.218900 0.193300 0.206800 0.187100 0.214800 0.033300 0.169500 0.048000 0.236900 0.167800 0.262200 0.213100 0.187800 0.106500 0.209500 0.208000 0.200800 0.213500 0.214700 0.178300 0.236600 0.206600 0.110900 0.164300 0.176300 0.208000 0.156500 0.201300 0.055100 0.058900
KillerWhal 0.548100 0.482500 0.527700 0.000000 0.592700 0.556500 0.490400 0.507900 0.516300 0.469900 0.554100 0.516400 0.546600 0.498000 0.543500 0.525700 0.469300 0.477900 0.550200 0.501400 0.507700 0.550100 0.471400 0.466000 0.558100 0.481000 0.575500 0.494900 0.485100 0.487500 0.469000 0.507700 0.584400 0.562600 0.563400 0.501400 0.537300 0.605200 0.491900 0.467700 0.480500 0.481300 0.468400 0.435700 0.510500 0.552100 0.495700 0.537700 0.487700 0.482400 0.537100 0.521700
DefassaWat 0.173200 0.703700 0.207000 0.592700 0.000000 0.177200 0.164100 0.148500 0.220500 0.254000 0.174600 0.193200 0.143900 0.168900 0.127300 0.169800 0.264700 0.253200 0.152700 0.211200 0.191500 0.162300 0.275500 0.257500 0.177800 0.167100 0.154900 0.206900 0.184400 0.222500 0.253500 0.165400 0.292000 0.153500 0.137900 0.209500 0.171100 0.033300 0.198200 0.259500 0.261200 0.167200 0.253300 0.261700 0.204200 0.158300 0.160900 0.157600 0.146100 0.221600 0.229600 0.233700
Sheep 0.010900 0.661000 0.206300 0.556500 0.177200 0.000000 0.129800 0.144000 0.216400 0.253000 0.048300 0.193900 0.098900 0.130700 0.182500 0.156900 0.244500 0.196400 0.056100 0.207000 0.173500 0.056100 0.254800 0.227800 0.051800 0.128700 0.109800 0.202600 0.154200 0.227400 0.252500 0.123200 0.275600 0.099100 0.076000 0.199900 0.052300 0.173900 0.184700 0.214900 0.231200 0.137000 0.252200 0.241700 0.187000 0.107200 0.138800 0.165400 0.153800 0.193700 0.225200 0.238600
MaxwellsDu 0.126600 0.646100 0.175000 0.490400 0.164100 0.129800 0.000000 0.089100 0.163500 0.212400 0.143600 0.176100 0.134800 0.064600 0.139200 0.086900 0.231700 0.192400 0.122900 0.167900 0.121900 0.148500 0.208000 0.177200 0.147100 0.081800 0.154600 0.163600 0.099800 0.166100 0.212100 0.060900 0.264800 0.143600 0.132300 0.177600 0.144600 0.152000 0.116400 0.197500 0.194200 0.081800 0.211800 0.181200 0.164700 0.135700 0.087200 0.139300 0.110900 0.185200 0.190600 0.194700
GazellaPrz 0.140900 0.672500 0.203100 0.507900 0.148500 0.144000 0.089100 0.000000 0.200000 0.199400 0.158100 0.186300 0.145000 0.095000 0.120100 0.089400 0.237000 0.216200 0.137500 0.199800 0.099000 0.163000 0.209200 0.192900 0.170000 0.068200 0.164700 0.195400 0.078200 0.211100 0.189800 0.115800 0.264600 0.153900 0.155500 0.192300 0.163300 0.145200 0.114600 0.189400 0.195700 0.068200 0.198800 0.197100 0.179400 0.154400 0.081600 0.145300 0.150900 0.182100 0.218100 0.213400
MountainNy 0.217100 0.663200 0.037100 0.516300 0.220500 0.216400 0.163500 0.200000 0.000000 0.252500 0.232300 0.107500 0.221500 0.181500 0.203500 0.186500 0.234900 0.223700 0.213200 0.021700 0.195500 0.219200 0.234400 0.208700 0.225900 0.184200 0.223600 0.018000 0.167000 0.031700 0.252100 0.160800 0.281600 0.223200 0.198200 0.121400 0.228800 0.218500 0.189100 0.223900 0.230100 0.184300 0.251800 0.212500 0.125200 0.183300 0.173600 0.213700 0.149700 0.220700 0.039400 0.043000
MuntiacusM 0.245700 0.608400 0.237300 0.469900 0.254000 0.253000 0.212400 0.199400 0.252500 0.000000 0.246300 0.219700 0.226700 0.240000 0.185500 0.239700 0.229400 0.208200 0.213500 0.237900 0.231500 0.246900 0.077300 0.123700 0.244400 0.219800 0.238300 0.237900 0.219000 0.263900 0.007700 0.245900 0.248500 0.227200 0.234000 0.226100 0.228000 0.250800 0.257400 0.124100 0.073200 0.219900 0.007700 0.119100 0.222100 0.218200 0.217900 0.236100 0.238600 0.195200 0.270900 0.265800
goat 0.044800 0.697300 0.213000 0.554100 0.174600 0.048300 0.143600 0.158100 0.232300 0.246300 0.000000 0.205200 0.095700 0.152700 0.171100 0.162100 0.247100 0.216800 0.068300 0.222600 0.188000 0.037400 0.248000 0.230400 0.033200 0.133800 0.106700 0.218200 0.159600 0.243400 0.245900 0.136600 0.264000 0.087900 0.072800 0.215600 0.041300 0.166800 0.181800 0.217600 0.224400 0.142300 0.245600 0.244200 0.202500 0.120600 0.153000 0.171100 0.159700 0.209400 0.245900 0.250400
AfricanBuf 0.203400 0.598300 0.093300 0.516400 0.193200 0.193900 0.176100 0.186300 0.107500 0.219700 0.205200 0.000000 0.207800 0.167600 0.172000 0.207800 0.229500 0.199500 0.173000 0.107300 0.199600 0.192200 0.201000 0.185200 0.203200 0.188200 0.210000 0.103300 0.179000 0.118400 0.219300 0.151400 0.287300 0.209400 0.193100 0.066000 0.196700 0.182000 0.210900 0.209800 0.196800 0.188200 0.219000 0.194200 0.061800 0.169600 0.172700 0.182100 0.170400 0.206800 0.117300 0.112900
Topi 0.095100 0.686900 0.212600 0.546600 0.143900 0.098900 0.134800 0.145000 0.221500 0.226700 0.095700 0.207800 0.000000 0.140000 0.157200 0.149500 0.232000 0.202300 0.095400 0.216800 0.179000 0.104100 0.237700 0.239500 0.107200 0.129500 0.017800 0.216800 0.155200 0.223400 0.226200 0.140800 0.273700 0.014800 0.060900 0.215200 0.100300 0.149800 0.177300 0.226600 0.223900 0.129500 0.226000 0.253600 0.209900 0.141500 0.144300 0.175200 0.172700 0.200000 0.230500 0.225600
CommonDuik 0.135900 0.652000 0.188900 0.498000 0.168900 0.130700 0.064600 0.095000 0.181500 0.240000 0.152700 0.167600 0.140000 0.000000 0.157000 0.116400 0.239700 0.201100 0.140600 0.181100 0.127500 0.157600 0.231500 0.219000 0.160400 0.087900 0.159500 0.176900 0.097600 0.192500 0.239600 0.040100 0.300800 0.148800 0.141600 0.186400 0.149400 0.157000 0.142200 0.225100 0.217800 0.088000 0.239300 0.232500 0.173600 0.128300 0.101500 0.157100 0.137300 0.189900 0.208200 0.194900
Suni 0.178600 0.722400 0.189900 0.543500 0.127300 0.182500 0.139200 0.120100 0.203500 0.185500 0.171100 0.172000 0.157200 0.157000 0.000000 0.141500 0.222800 0.202300 0.157900 0.190100 0.149100 0.176200 0.213800 0.225800 0.183200 0.129600 0.159700 0.190100 0.147100 0.205600 0.185200 0.145000 0.240300 0.158400 0.151400 0.169700 0.167600 0.124600 0.156000 0.212800 0.200200 0.129600 0.185000 0.230000 0.156100 0.150100 0.122900 0.107900 0.146800 0.204900 0.212400 0.216800
Springbuck 0.153900 0.685000 0.189200 0.525700 0.169800 0.156900 0.086900 0.089400 0.186500 0.239700 0.162100 0.207800 0.149500 0.116400 0.141500 0.000000 0.239500 0.201500 0.150300 0.186200 0.113000 0.175600 0.240900 0.196500 0.182300 0.051700 0.160400 0.182000 0.061700 0.197300 0.239200 0.112900 0.266600 0.149800 0.151400 0.204900 0.175800 0.166700 0.107800 0.220700 0.227300 0.051700 0.239000 0.218800 0.192100 0.158700 0.099600 0.149800 0.147200 0.194900 0.212800 0.208400
Okapi 0.260700 0.636300 0.238900 0.469300 0.264700 0.244500 0.231700 0.237000 0.234900 0.229400 0.247100 0.229500 0.232000 0.239700 0.222800 0.239500 0.000000 0.090100 0.247500 0.244000 0.270000 0.253000 0.230500 0.218600 0.254800 0.239100 0.234000 0.239400 0.246700 0.237000 0.229000 0.222600 0.234500 0.232500 0.244600 0.208500 0.248000 0.271000 0.286200 0.210000 0.226200 0.239100 0.228700 0.213600 0.213700 0.210500 0.228600 0.222600 0.249200 0.263800 0.253000 0.219800
Giraffe 0.211700 0.604300 0.217900 0.477900 0.253200 0.196400 0.192400 0.216200 0.223700 0.208200 0.216800 0.199500 0.202300 0.201100 0.202300 0.201500 0.090100 0.000000 0.198800 0.232700 0.230000 0.222400 0.199300 0.183100 0.233800 0.190600 0.213700 0.228200 0.208000 0.244400 0.207800 0.184300 0.228000 0.202700 0.195800 0.187700 0.217500 0.240300 0.236700 0.179300 0.195000 0.190700 0.207600 0.192500 0.183700 0.180900 0.175200 0.184100 0.247500 0.214400 0.232900 0.227000
TibetanAnt 0.060000 0.645500 0.195300 0.550200 0.152700 0.056100 0.122900 0.137500 0.213200 0.213500 0.068300 0.173000 0.095400 0.140600 0.157900 0.150300 0.247500 0.198800 0.000000 0.203800 0.158400 0.060600 0.223900 0.188600 0.071700 0.138500 0.106400 0.199500 0.139400 0.224300 0.213100 0.132900 0.260700 0.096200 0.065000 0.193300 0.064600 0.150200 0.178200 0.194300 0.210200 0.138600 0.212900 0.202200 0.179200 0.116900 0.140600 0.137700 0.138700 0.200500 0.231200 0.235500
Sitatunga 0.207700 0.681200 0.037000 0.501400 0.211200 0.207000 0.167900 0.199800 0.021700 0.237900 0.222600 0.107300 0.216800 0.181100 0.190100 0.186200 0.244000 0.232700 0.203800 0.000000 0.195200 0.209700 0.229400 0.208300 0.216300 0.184000 0.218900 0.003500 0.166800 0.032300 0.237500 0.160500 0.271300 0.218500 0.188800 0.121200 0.219100 0.218200 0.188900 0.223600 0.225200 0.184000 0.237300 0.212100 0.125000 0.174200 0.173400 0.204400 0.132500 0.211200 0.039300 0.041900
Oribi 0.179100 0.654300 0.198500 0.507700 0.191500 0.173500 0.121900 0.099000 0.195500 0.231500 0.188000 0.199600 0.179000 0.127500 0.149100 0.113000 0.270000 0.230000 0.158400 0.195200 0.000000 0.193200 0.232600 0.225200 0.200100 0.083900 0.194500 0.190900 0.078200 0.211100 0.231100 0.140500 0.297400 0.183700 0.176800 0.205600 0.184800 0.188300 0.134900 0.240900 0.218800 0.084000 0.230800 0.220100 0.192500 0.158600 0.101900 0.136900 0.146500 0.186400 0.222500 0.217800
BarbaryShe 0.052600 0.691400 0.200000 0.550100 0.162300 0.056100 0.148500 0.163000 0.219200 0.246900 0.037400 0.192200 0.104100 0.157600 0.176200 0.175600 0.253000 0.222400 0.060600 0.209700 0.193200 0.000000 0.238600 0.231000 0.048600 0.155800 0.115200 0.205300 0.173100 0.230400 0.246300 0.141400 0.284100 0.104400 0.073000 0.202500 0.041400 0.159000 0.178100 0.218100 0.234500 0.155800 0.246100 0.235000 0.189400 0.108600 0.158100 0.176200 0.138800 0.205500 0.237300 0.237400
Daviddeer 0.247300 0.616100 0.218900 0.471400 0.275500 0.254800 0.208000 0.209200 0.234400 0.077300 0.248000 0.201000 0.237700 0.231500 0.213800 0.240900 0.230500 0.199300 0.223900 0.229400 0.232600 0.238600 0.000000 0.104500 0.245600 0.220800 0.249600 0.229400 0.219700 0.245900 0.077200 0.237500 0.269800 0.238300 0.235400 0.217400 0.229300 0.262100 0.244700 0.096100 0.019900 0.220800 0.077000 0.108700 0.213300 0.199800 0.218800 0.237500 0.240000 0.186200 0.253100 0.257700
Reindeer 0.220400 0.556500 0.193300 0.466000 0.257500 0.227800 0.177200 0.192900 0.208700 0.123700 0.230400 0.185200 0.239500 0.219000 0.225800 0.196500 0.218600 0.183100 0.188600 0.208300 0.225200 0.231000 0.104500 0.000000 0.228600 0.194600 0.251300 0.203800 0.194200 0.220100 0.123500 0.206100 0.262100 0.240000 0.218100 0.201000 0.231400 0.244400 0.231900 0.099000 0.100400 0.194600 0.123300 0.060400 0.196900 0.221300 0.197600 0.211300 0.222600 0.179400 0.227200 0.231700
Ibex 0.048400 0.701000 0.206800 0.558100 0.177800 0.051800 0.147100 0.170000 0.225900 0.244400 0.033200 0.203200 0.107200 0.160400 0.183200 0.182300 0.254800 0.233800 0.071700 0.216300 0.200100 0.048600 0.245600 0.228600 0.000000 0.154200 0.118200 0.212000 0.179900 0.228000 0.244000 0.152800 0.267200 0.107400 0.076300 0.218700 0.044600 0.170000 0.198400 0.215900 0.222200 0.162800 0.243700 0.252100 0.205600 0.115600 0.165100 0.183100 0.154400 0.212500 0.239400 0.248100
GyrantGaze 0.125500 0.640100 0.187100 0.481000 0.167100 0.128700 0.081800 0.068200 0.184200 0.219800 0.133800 0.188200 0.129500 0.087900 0.129600 0.051700 0.239100 0.190600 0.138500 0.184000 0.083900 0.155800 0.220800 0.194600 0.154200 0.000000 0.149100 0.179700 0.048100 0.195300 0.219400 0.092400 0.257300 0.129700 0.139600 0.185100 0.156000 0.163800 0.095400 0.210100 0.197500 0.007300 0.219100 0.217600 0.172100 0.138600 0.074300 0.129700 0.143700 0.166200 0.211300 0.206700
Hartebeest 0.106100 0.722100 0.214800 0.575500 0.154900 0.109800 0.154600 0.164700 0.223600 0.238300 0.106700 0.210000 0.017800 0.159500 0.159700 0.160400 0.234000 0.213700 0.106400 0.218900 0.194500 0.115200 0.249600 0.251300 0.118200 0.149100 0.000000 0.218900 0.174700 0.234500 0.237900 0.151900 0.275400 0.025700 0.072000 0.217400 0.103200 0.160900 0.197100 0.238400 0.235700 0.149100 0.237600 0.265400 0.212100 0.152700 0.155700 0.177600 0.175200 0.211400 0.232600 0.227700
Bongo 0.203300 0.672500 0.033300 0.494900 0.206900 0.202600 0.163600 0.195400 0.018000 0.237900 0.218200 0.103300 0.216800 0.176900 0.190100 0.182000 0.239400 0.228200 0.199500 0.003500 0.190900 0.205300 0.229400 0.203800 0.212000 0.179700 0.218900 0.000000 0.162600 0.028100 0.237400 0.156300 0.266700 0.218500 0.184500 0.117100 0.214700 0.213800 0.184600 0.219000 0.225100 0.179700 0.237200 0.207600 0.120900 0.169900 0.169000 0.200100 0.128400 0.206800 0.034900 0.037800
Gerenuk 0.159600 0.639900 0.169500 0.485100 0.184400 0.154200 0.099800 0.078200 0.167000 0.219000 0.159600 0.179000 0.155200 0.097600 0.147100 0.061700 0.246700 0.208000 0.139400 0.166800 0.078200 0.173100 0.219700 0.194200 0.179900 0.048100 0.174700 0.162600 0.000000 0.177900 0.218600 0.109900 0.269700 0.155500 0.157200 0.184700 0.164900 0.181200 0.104900 0.218500 0.206300 0.048100 0.209100 0.216800 0.172000 0.139400 0.084400 0.138900 0.136100 0.166200 0.193400 0.189000
CommonElan 0.228200 0.667900 0.048000 0.487500 0.222500 0.227400 0.166100 0.211100 0.031700 0.263900 0.243400 0.118400 0.223400 0.192500 0.205600 0.197300 0.237000 0.244400 0.224300 0.032300 0.211100 0.230400 0.245900 0.220100 0.228000 0.195300 0.234500 0.028100 0.177900 0.000000 0.263400 0.171800 0.283200 0.234400 0.209400 0.132500 0.240000 0.220500 0.191300 0.235500 0.241700 0.195400 0.263100 0.219400 0.136300 0.194400 0.184800 0.224800 0.135500 0.231900 0.049600 0.039000
MuntiacusR 0.245200 0.607500 0.236900 0.469000 0.253500 0.252500 0.212100 0.189800 0.252100 0.007700 0.245900 0.219300 0.226200 0.239600 0.185200 0.239200 0.229000 0.207800 0.213100 0.237500 0.231100 0.246300 0.077200 0.123500 0.244000 0.219400 0.237900 0.237400 0.218600 0.263400 0.000000 0.245400 0.248000 0.226700 0.233600 0.225700 0.227600 0.250200 0.252300 0.123900 0.073100 0.219500 0.007500 0.118800 0.221700 0.217800 0.217500 0.235700 0.238100 0.194800 0.270400 0.265300
HarveysDui 0.128300 0.648100 0.167800 0.507700 0.165400 0.123200 0.060900 0.115800 0.160800 0.245900 0.136600 0.151400 0.140800 0.040100 0.145000 0.112900 0.222600 0.184300 0.132900 0.160500 0.140500 0.141400 0.237500 0.206100 0.152800 0.092400 0.151900 0.156300 0.109900 0.171800 0.245400 0.000000 0.268400 0.149600 0.133900 0.165200 0.150100 0.153500 0.146900 0.221500 0.223600 0.092400 0.245200 0.219300 0.152600 0.133000 0.101800 0.136600 0.133600 0.195200 0.187500 0.187500
Pronghorn 0.277700 0.705600 0.262200 0.584400 0.292000 0.275600 0.264800 0.264600 0.281600 0.248500 0.264000 0.287300 0.273700 0.300800 0.240300 0.266600 0.234500 0.228000 0.260700 0.271300 0.297400 0.284100 0.269800 0.262100 0.267200 0.257300 0.275400 0.266700 0.269700 0.283200 0.248000 0.268400 0.000000 0.274300 0.257900 0.255000 0.274500 0.284300 0.294300 0.248500 0.245800 0.266900 0.247800 0.276200 0.251000 0.236900 0.266200 0.277800 0.276200 0.277800 0.261800 0.294500
BlueWildeb 0.095800 0.707500 0.213100 0.562600 0.153500 0.099100 0.143600 0.153900 0.223200 0.227200 0.087900 0.209400 0.014800 0.148800 0.158400 0.149800 0.232500 0.202700 0.096200 0.218500 0.183700 0.104400 0.238300 0.240000 0.107400 0.129700 0.025700 0.218500 0.155500 0.234400 0.226700 0.149600 0.274300 0.000000 0.061000 0.215700 0.100500 0.158700 0.177700 0.227100 0.224400 0.129800 0.226500 0.254200 0.211600 0.141900 0.144700 0.175600 0.173100 0.200500 0.232400 0.227400
Gemsbok 0.072600 0.671200 0.187800 0.563400 0.137900 0.076000 0.132300 0.155500 0.198200 0.234000 0.072800 0.193100 0.060900 0.141600 0.151400 0.151400 0.244600 0.195800 0.065000 0.188800 0.176800 0.073000 0.235400 0.218100 0.076300 0.139600 0.072000 0.184500 0.157200 0.209400 0.233600 0.133900 0.257900 0.061000 0.000000 0.199200 0.069100 0.134500 0.162300 0.205300 0.221500 0.139700 0.233300 0.241600 0.186100 0.109500 0.133100 0.160000 0.131300 0.184200 0.207600 0.220600
Yak 0.215100 0.597100 0.106500 0.501400 0.209500 0.199900 0.177600 0.192300 0.121400 0.226100 0.215600 0.066000 0.215200 0.186400 0.169700 0.204900 0.208500 0.187700 0.193300 0.121200 0.205600 0.202500 0.217400 0.201000 0.218700 0.185100 0.217400 0.117100 0.184700 0.132500 0.225700 0.165200 0.255000 0.215700 0.199200 0.000000 0.193400 0.206100 0.212300 0.206700 0.213100 0.185200 0.225500 0.214600 0.011400 0.166400 0.169600 0.169800 0.185000 0.203800 0.131200 0.143700
BlueSheep 0.048900 0.657500 0.209500 0.537300 0.171100 0.052300 0.144600 0.163300 0.228800 0.228000 0.041300 0.196700 0.100300 0.149400 0.167600 0.175800 0.248000 0.217500 0.064600 0.219100 0.184800 0.041400 0.229300 0.231400 0.044600 0.156000 0.103200 0.214700 0.164900 0.240000 0.227600 0.150100 0.274500 0.100500 0.069100 0.193400 0.000000 0.167800 0.187400 0.208700 0.215400 0.156000 0.227400 0.255100 0.180400 0.100600 0.158300 0.167600 0.147600 0.196900 0.246900 0.251300
BohorReedb 0.170900 0.701100 0.208000 0.605200 0.033300 0.173900 0.152000 0.145200 0.218500 0.250800 0.166800 0.182000 0.149800 0.157000 0.124600 0.166700 0.271000 0.240300 0.150200 0.218200 0.188300 0.159000 0.262100 0.244400 0.170000 0.163800 0.160900 0.213800 0.181200 0.220500 0.250200 0.153500 0.284300 0.158700 0.134500 0.206100 0.167800 0.000000 0.195000 0.246300 0.248000 0.163900 0.250000 0.248600 0.192900 0.163600 0.157500 0.162700 0.151300 0.227800 0.223300 0.227700
KirksDik 0.181700 0.703100 0.200800 0.491900 0.198200 0.184700 0.116400 0.114600 0.189100 0.257400 0.181800 0.210900 0.177300 0.142200 0.156000 0.107800 0.286200 0.236700 0.178200 0.188900 0.134900 0.178100 0.244700 0.231900 0.198400 0.095400 0.197100 0.184600 0.104900 0.191300 0.252300 0.146900 0.294300 0.177700 0.162300 0.212300 0.187400 0.195000 0.000000 0.248000 0.240600 0.095400 0.256700 0.235900 0.199300 0.178400 0.100900 0.181900 0.144800 0.211100 0.207100 0.220000
RoeDeer 0.207500 0.612600 0.213500 0.467700 0.259500 0.214900 0.197500 0.189400 0.223900 0.124100 0.217600 0.209800 0.226600 0.225100 0.212800 0.220700 0.210000 0.179300 0.194300 0.223600 0.240900 0.218100 0.096100 0.099000 0.215900 0.210100 0.238400 0.219000 0.218500 0.235500 0.123900 0.221500 0.248500 0.227100 0.205300 0.206700 0.208700 0.246300 0.248000 0.000000 0.100800 0.210200 0.123700 0.111800 0.202700 0.208300 0.208000 0.217100 0.229000 0.180900 0.233000 0.247100
WhiteLippe 0.223800 0.609500 0.214700 0.480500 0.261200 0.231200 0.194200 0.195700 0.230100 0.073200 0.224400 0.196800 0.223900 0.217800 0.200200 0.227300 0.226200 0.195000 0.210200 0.225200 0.218800 0.234500 0.019900 0.100400 0.222200 0.197500 0.235700 0.225100 0.206300 0.241700 0.073100 0.223600 0.245800 0.224400 0.221500 0.213100 0.215400 0.248000 0.240600 0.100800 0.000000 0.207000 0.073000 0.104500 0.209000 0.195800 0.204900 0.223600 0.226000 0.172900 0.248900 0.253500
ThomsonGaz 0.133900 0.640500 0.178300 0.481300 0.167200 0.137000 0.081800 0.068200 0.184300 0.219900 0.142300 0.188200 0.129500 0.088000 0.129600 0.051700 0.239100 0.190700 0.138600 0.184000 0.084000 0.155800 0.220800 0.194600 0.162800 0.007300 0.149100 0.179700 0.048100 0.195400 0.219500 0.092400 0.266900 0.129800 0.139700 0.185200 0.156000 0.163900 0.095400 0.210200 0.207000 0.000000 0.219200 0.217700 0.172200 0.138700 0.074300 0.129700 0.143800 0.166200 0.211400 0.206700
MuntiacusC 0.245000 0.606900 0.236600 0.468400 0.253300 0.252200 0.211800 0.198800 0.251800 0.007700 0.245600 0.219000 0.226000 0.239300 0.185000 0.239000 0.228700 0.207600 0.212900 0.237300 0.230800 0.246100 0.077000 0.123300 0.243700 0.219100 0.237600 0.237200 0.209100 0.263100 0.007500 0.245200 0.247800 0.226500 0.233300 0.225500 0.227400 0.250000 0.256700 0.123700 0.073000 0.219200 0.000000 0.118700 0.221400 0.217600 0.217200 0.235400 0.237900 0.194600 0.270100 0.265000
WhiteTaile 0.243800 0.578700 0.206600 0.435700 0.261700 0.241700 0.181200 0.197100 0.212500 0.119100 0.244200 0.194200 0.253600 0.232500 0.230000 0.218800 0.213600 0.192500 0.202200 0.212100 0.220100 0.235000 0.108700 0.060400 0.252100 0.217600 0.265400 0.207600 0.216800 0.219400 0.118800 0.219300 0.276200 0.254200 0.241600 0.214600 0.255100 0.248600 0.235900 0.111800 0.104500 0.217700 0.118700 0.000000 0.210500 0.235300 0.211300 0.225200 0.217000 0.202000 0.230900 0.231100
Cattle 0.200700 0.591600 0.110900 0.510500 0.204200 0.187000 0.164700 0.179400 0.125200 0.222100 0.202500 0.061800 0.209900 0.173600 0.156100 0.192100 0.213700 0.183700 0.179200 0.125000 0.192500 0.189400 0.213300 0.196900 0.205600 0.172100 0.212100 0.120900 0.172000 0.136300 0.221700 0.152600 0.251000 0.211600 0.186100 0.011400 0.180400 0.192900 0.199300 0.202700 0.209000 0.172200 0.221400 0.210500 0.000000 0.153700 0.156600 0.157100 0.172000 0.199900 0.135000 0.147400
RoyalAntel 0.120300 0.621000 0.164300 0.552100 0.158300 0.107200 0.135700 0.154400 0.183300 0.218200 0.120600 0.169600 0.141500 0.128300 0.150100 0.158700 0.210500 0.180900 0.116900 0.174200 0.158600 0.108600 0.199800 0.221300 0.115600 0.138600 0.152700 0.169900 0.139400 0.194400 0.217800 0.133000 0.236900 0.141900 0.109500 0.166400 0.100600 0.163600 0.178400 0.208300 0.195800 0.138700 0.217600 0.235300 0.153700 0.000000 0.132000 0.150200 0.138800 0.178600 0.192800 0.205600
Steenbok 0.144200 0.681000 0.176300 0.495700 0.160900 0.138800 0.087200 0.081600 0.173600 0.217900 0.153000 0.172700 0.144300 0.101500 0.122900 0.099600 0.228600 0.175200 0.140600 0.173400 0.101900 0.158100 0.218800 0.197600 0.165100 0.074300 0.155700 0.169000 0.084400 0.184800 0.217500 0.101800 0.266200 0.144700 0.133100 0.169600 0.158300 0.157500 0.100900 0.208000 0.204900 0.074300 0.217200 0.211300 0.156600 0.132000 0.000000 0.131600 0.137100 0.172800 0.183400 0.200900
Impala 0.170900 0.676900 0.208000 0.537700 0.157600 0.165400 0.139300 0.145300 0.213700 0.236100 0.171100 0.182100 0.175200 0.157100 0.107900 0.149800 0.222600 0.184100 0.137700 0.204400 0.136900 0.176200 0.237500 0.211300 0.183100 0.129700 0.177600 0.200100 0.138900 0.224800 0.235700 0.136600 0.277800 0.175600 0.160000 0.169800 0.167600 0.162700 0.181900 0.217100 0.223600 0.129700 0.235400 0.225200 0.157100 0.150200 0.131600 0.000000 0.146800 0.209100 0.222600 0.236100
Klipspring 0.150800 0.648300 0.156500 0.487700 0.146100 0.153800 0.110900 0.150900 0.149700 0.238600 0.159700 0.170400 0.172700 0.137300 0.146800 0.147200 0.249200 0.247500 0.138700 0.132500 0.146500 0.138800 0.240000 0.222600 0.154400 0.143700 0.175200 0.128400 0.136100 0.135500 0.238100 0.133600 0.276200 0.173100 0.131300 0.185000 0.147600 0.151300 0.144800 0.229000 0.226000 0.143800 0.237900 0.217000 0.172000 0.138800 0.137100 0.146800 0.000000 0.188200 0.167800 0.155000
ForestMusk 0.190800 0.581300 0.201300 0.482400 0.221600 0.193700 0.185200 0.182100 0.220700 0.195200 0.209400 0.206800 0.200000 0.189900 0.204900 0.194900 0.263800 0.214400 0.200500 0.211200 0.186400 0.205500 0.186200 0.179400 0.212500 0.166200 0.211400 0.206800 0.166200 0.231900 0.194800 0.195200 0.277800 0.200500 0.184200 0.203800 0.196900 0.227800 0.211100 0.180900 0.172900 0.166200 0.194600 0.202000 0.199900 0.178600 0.172800 0.209100 0.188200 0.000000 0.220700 0.243200
Bushbuck 0.226000 0.706000 0.055100 0.537100 0.229600 0.225200 0.190600 0.218100 0.039400 0.270900 0.245900 0.117300 0.230500 0.208200 0.212400 0.212800 0.253000 0.232900 0.231200 0.039300 0.222500 0.237300 0.253100 0.227200 0.239400 0.211300 0.232600 0.034900 0.193400 0.049600 0.270400 0.187500 0.261800 0.232400 0.207600 0.131200 0.246900 0.223300 0.207100 0.233000 0.248900 0.211400 0.270100 0.230900 0.135000 0.192800 0.183400 0.222600 0.167800 0.220700 0.000000 0.060400
GreaterKud 0.239400 0.702700 0.058900 0.521700 0.233700 0.238600 0.194700 0.213400 0.043000 0.265800 0.250400 0.112900 0.225600 0.194900 0.216800 0.208400 0.219800 0.227000 0.235500 0.041900 0.217800 0.237400 0.257700 0.231700 0.248100 0.206700 0.227700 0.037800 0.189000 0.039000 0.265300 0.187500 0.294500 0.227400 0.220600 0.143700 0.251300 0.227700 0.220000 0.247100 0.253500 0.206700 0.265000 0.231100 0.147400 0.205600 0.200900 0.236100 0.155000 0.243200 0.060400 0.000000
