CODONML (in paml version 4.10.7, June 2023)  /home/rachel/ruminants_paml/6406-phy-tree/ENSBTAT00000021717.fasta.phy
Model: free dN/dS Ratios for branches,  kappa = 2.000 fixed

Codon frequency model: F3x4
ns =  54  ls =  41

Codon usage in sequences
--------------------------------------------------------------------------------------------------------------------------------------
Phe TTT   1   1   1   1   1   1 | Ser TCT   0   0   0   0   0   0 | Tyr TAT   0   0   0   0   0   0 | Cys TGT   0   0   0   0   0   0
    TTC   1   1   1   1   1   1 |     TCC   0   0   0   0   0   0 |     TAC   1   1   1   1   1   1 |     TGC   0   0   0   0   0   0
Leu TTA   0   0   0   0   0   0 |     TCA   0   0   0   0   0   0 | *** TAA   0   0   0   0   0   0 | *** TGA   0   0   0   0   0   0
    TTG   0   0   0   0   0   0 |     TCG   0   0   0   0   0   0 |     TAG   0   0   0   0   0   0 | Trp TGG   1   1   2   1   1   1
--------------------------------------------------------------------------------------------------------------------------------------
Leu CTT   0   1   1   1   0   0 | Pro CCT   1   1   2   1   1   1 | His CAT   0   0   0   0   0   0 | Arg CGT   0   0   0   0   0   0
    CTC   2   2   1   1   2   2 |     CCC   0   1   0   0   1   1 |     CAC   1   1   1   1   1   1 |     CGC   0   0   0   0   0   0
    CTA   0   0   0   0   0   0 |     CCA   2   1   1   2   0   1 | Gln CAA   0   0   0   0   0   0 |     CGA   0   0   0   0   0   0
    CTG   2   1   2   2   2   2 |     CCG   2   2   2   2   3   2 |     CAG   1   1   1   1   1   1 |     CGG   2   1   1   2   2   2
--------------------------------------------------------------------------------------------------------------------------------------
Ile ATT   0   0   0   0   0   0 | Thr ACT   0   0   0   0   0   0 | Asn AAT   1   1   1   1   1   1 | Ser AGT   0   0   0   0   0   0
    ATC   0   0   0   0   0   1 |     ACC   0   0   0   0   0   0 |     AAC   2   2   2   2   2   2 |     AGC   1   1   1   1   1   1
    ATA   1   1   1   1   1   0 |     ACA   0   0   0   0   0   0 | Lys AAA   2   1   2   2   0   1 | Arg AGA   0   0   0   0   0   0
Met ATG   0   0   0   0   0   0 |     ACG   0   0   0   0   0   0 |     AAG   2   3   2   2   4   3 |     AGG   1   2   1   1   1   1
--------------------------------------------------------------------------------------------------------------------------------------
Val GTT   0   0   0   0   0   0 | Ala GCT   1   1   1   1   0   0 | Asp GAT   0   0   0   0   0   0 | Gly GGT   0   0   0   0   0   0
    GTC   2   2   2   2   2   2 |     GCC   1   2   1   1   1   1 |     GAC   2   1   2   2   2   2 |     GGC   0   0   0   0   0   0
    GTA   0   0   0   0   0   0 |     GCA   0   0   0   0   0   0 | Glu GAA   0   1   0   0   0   0 |     GGA   1   1   1   0   1   1
    GTG   1   1   1   1   1   1 |     GCG   1   0   1   1   2   2 |     GAG   5   5   5   5   5   5 |     GGG   0   0   0   1   0   0
--------------------------------------------------------------------------------------------------------------------------------------

--------------------------------------------------------------------------------------------------------------------------------------
Phe TTT   1   1   1   1   1   1 | Ser TCT   0   0   0   0   0   0 | Tyr TAT   0   0   0   0   0   0 | Cys TGT   0   0   0   0   0   0
    TTC   1   0   1   1   1   1 |     TCC   0   0   0   0   0   0 |     TAC   1   1   1   1   1   1 |     TGC   0   0   0   0   0   0
Leu TTA   0   0   0   0   0   0 |     TCA   0   0   0   0   0   0 | *** TAA   0   0   0   0   0   0 | *** TGA   0   0   0   0   0   0
    TTG   0   0   0   0   0   0 |     TCG   0   0   0   0   0   0 |     TAG   0   0   0   0   0   0 | Trp TGG   1   1   1   1   1   1
--------------------------------------------------------------------------------------------------------------------------------------
Leu CTT   1   0   1   1   1   1 | Pro CCT   1   1   1   1   2   1 | His CAT   0   0   0   0   0   0 | Arg CGT   0   0   0   0   0   0
    CTC   1   2   1   1   1   1 |     CCC   0   1   0   0   0   0 |     CAC   1   1   1   1   1   1 |     CGC   0   0   0   0   0   0
    CTA   0   0   0   0   0   0 |     CCA   2   1   2   2   1   2 | Gln CAA   0   0   0   0   0   0 |     CGA   0   0   0   0   0   0
    CTG   3   2   2   2   2   2 |     CCG   2   2   2   2   2   2 |     CAG   1   1   1   1   1   1 |     CGG   1   2   2   2   2   2
--------------------------------------------------------------------------------------------------------------------------------------
Ile ATT   0   0   0   0   0   0 | Thr ACT   0   0   0   0   0   0 | Asn AAT   1   1   1   1   1   1 | Ser AGT   0   0   0   0   0   0
    ATC   0   0   0   0   0   0 |     ACC   0   0   0   0   0   0 |     AAC   2   2   2   2   2   2 |     AGC   1   1   1   1   1   1
    ATA   1   1   1   1   1   1 |     ACA   0   0   0   0   0   0 | Lys AAA   2   2   2   2   2   2 | Arg AGA   0   0   0   0   0   0
Met ATG   0   0   0   0   0   0 |     ACG   0   0   0   0   0   0 |     AAG   2   2   2   2   2   2 |     AGG   1   1   1   1   1   1
--------------------------------------------------------------------------------------------------------------------------------------
Val GTT   0   1   0   0   0   0 | Ala GCT   1   1   1   1   1   1 | Asp GAT   0   0   0   0   0   0 | Gly GGT   0   0   0   0   0   0
    GTC   2   2   2   2   2   2 |     GCC   1   1   1   1   1   1 |     GAC   2   2   2   2   2   2 |     GGC   0   0   0   0   0   0
    GTA   0   0   0   0   0   0 |     GCA   0   0   0   0   0   0 | Glu GAA   0   0   0   0   0   0 |     GGA   1   1   1   1   1   1
    GTG   2   1   1   1   1   1 |     GCG   0   1   1   1   1   1 |     GAG   5   5   5   5   5   5 |     GGG   0   0   0   0   0   0
--------------------------------------------------------------------------------------------------------------------------------------

--------------------------------------------------------------------------------------------------------------------------------------
Phe TTT   1   1   1   1   1   1 | Ser TCT   0   0   0   0   0   0 | Tyr TAT   0   0   0   0   0   0 | Cys TGT   0   0   0   0   0   0
    TTC   1   1   1   1   1   1 |     TCC   0   0   0   0   0   0 |     TAC   1   1   1   1   1   1 |     TGC   0   0   0   0   0   0
Leu TTA   0   0   0   0   0   0 |     TCA   0   0   0   0   0   0 | *** TAA   0   0   0   0   0   0 | *** TGA   0   0   0   0   0   0
    TTG   0   0   0   0   0   0 |     TCG   0   0   0   0   0   0 |     TAG   0   0   0   0   0   0 | Trp TGG   1   1   1   1   1   1
--------------------------------------------------------------------------------------------------------------------------------------
Leu CTT   0   1   1   1   1   1 | Pro CCT   1   1   1   1   1   1 | His CAT   0   0   0   0   0   0 | Arg CGT   0   0   0   0   0   0
    CTC   2   1   1   1   1   1 |     CCC   0   0   0   0   0   0 |     CAC   1   1   1   1   1   1 |     CGC   0   0   0   0   0   0
    CTA   0   0   0   0   0   0 |     CCA   2   2   2   1   2   2 | Gln CAA   0   0   0   0   0   0 |     CGA   0   0   0   0   0   0
    CTG   2   2   2   2   2   2 |     CCG   2   2   2   3   2   2 |     CAG   1   1   1   1   1   1 |     CGG   2   2   2   2   2   2
--------------------------------------------------------------------------------------------------------------------------------------
Ile ATT   0   0   0   0   0   0 | Thr ACT   0   0   0   0   0   0 | Asn AAT   1   1   1   1   1   1 | Ser AGT   0   0   0   0   0   0
    ATC   0   0   0   0   0   0 |     ACC   0   0   0   0   0   0 |     AAC   2   2   2   2   2   2 |     AGC   1   1   1   1   1   1
    ATA   1   1   1   1   1   1 |     ACA   0   0   0   0   0   0 | Lys AAA   2   2   2   2   2   2 | Arg AGA   0   0   0   0   0   0
Met ATG   0   0   0   0   0   0 |     ACG   0   1   0   0   0   0 |     AAG   2   1   2   2   2   2 |     AGG   1   1   1   1   1   1
--------------------------------------------------------------------------------------------------------------------------------------
Val GTT   0   0   0   0   0   0 | Ala GCT   1   1   1   1   1   1 | Asp GAT   0   0   0   0   0   0 | Gly GGT   0   0   0   0   0   0
    GTC   2   2   2   2   2   2 |     GCC   1   1   1   1   1   1 |     GAC   2   2   2   2   2   2 |     GGC   0   0   0   0   0   0
    GTA   0   0   0   0   0   0 |     GCA   0   0   0   0   0   0 | Glu GAA   0   0   0   0   0   0 |     GGA   1   1   1   1   1   1
    GTG   1   1   1   1   1   1 |     GCG   1   1   1   1   1   1 |     GAG   5   5   5   5   5   5 |     GGG   0   0   0   0   0   0
--------------------------------------------------------------------------------------------------------------------------------------

--------------------------------------------------------------------------------------------------------------------------------------
Phe TTT   1   1   1   1   1   1 | Ser TCT   0   0   0   0   0   0 | Tyr TAT   0   0   0   0   0   0 | Cys TGT   0   0   0   0   0   0
    TTC   1   1   1   1   1   1 |     TCC   0   0   0   0   0   0 |     TAC   1   1   1   1   1   1 |     TGC   0   0   0   0   0   0
Leu TTA   0   0   0   0   0   0 |     TCA   0   0   0   0   0   0 | *** TAA   0   0   0   0   0   0 | *** TGA   0   0   0   0   0   0
    TTG   0   0   0   0   0   0 |     TCG   0   0   0   0   0   0 |     TAG   0   0   0   0   0   0 | Trp TGG   1   1   1   1   1   1
--------------------------------------------------------------------------------------------------------------------------------------
Leu CTT   1   1   0   1   1   0 | Pro CCT   1   1   1   2   1   1 | His CAT   0   0   0   0   0   0 | Arg CGT   0   0   0   0   0   0
    CTC   1   1   2   1   1   2 |     CCC   0   0   0   0   1   0 |     CAC   1   1   1   1   1   1 |     CGC   0   0   0   0   0   0
    CTA   0   0   0   0   0   0 |     CCA   2   2   2   1   1   2 | Gln CAA   0   0   0   0   0   0 |     CGA   0   0   0   0   0   0
    CTG   2   2   2   2   2   2 |     CCG   2   2   2   2   2   2 |     CAG   1   1   1   1   1   1 |     CGG   2   2   2   2   2   2
--------------------------------------------------------------------------------------------------------------------------------------
Ile ATT   0   0   0   0   0   0 | Thr ACT   0   0   0   0   0   0 | Asn AAT   1   1   1   1   1   1 | Ser AGT   0   0   0   0   0   0
    ATC   0   0   0   0   0   0 |     ACC   0   0   0   0   0   0 |     AAC   2   2   2   2   1   2 |     AGC   1   1   1   1   1   1
    ATA   1   1   1   1   1   1 |     ACA   0   0   0   0   0   0 | Lys AAA   2   2   2   2   2   2 | Arg AGA   0   0   0   0   0   0
Met ATG   0   0   0   0   0   0 |     ACG   0   0   0   0   0   0 |     AAG   2   2   2   2   2   2 |     AGG   1   1   1   1   1   1
--------------------------------------------------------------------------------------------------------------------------------------
Val GTT   0   0   0   0   0   0 | Ala GCT   1   1   1   1   1   1 | Asp GAT   0   0   0   0   0   0 | Gly GGT   0   0   0   0   0   0
    GTC   2   2   2   2   2   2 |     GCC   1   1   1   1   1   1 |     GAC   1   2   2   2   2   2 |     GGC   0   0   0   0   1   0
    GTA   0   0   0   0   0   0 |     GCA   0   0   0   0   0   0 | Glu GAA   0   0   0   0   0   0 |     GGA   1   1   1   1   1   1
    GTG   1   1   1   1   2   1 |     GCG   1   1   1   1   0   1 |     GAG   6   5   5   5   5   5 |     GGG   0   0   0   0   0   0
--------------------------------------------------------------------------------------------------------------------------------------

--------------------------------------------------------------------------------------------------------------------------------------
Phe TTT   1   1   1   1   1   1 | Ser TCT   0   0   0   0   0   0 | Tyr TAT   0   0   0   0   0   0 | Cys TGT   0   0   0   0   0   0
    TTC   1   1   1   1   1   1 |     TCC   0   0   0   0   0   0 |     TAC   1   1   1   1   1   1 |     TGC   0   0   0   0   0   0
Leu TTA   0   0   0   0   0   0 |     TCA   0   0   0   0   0   0 | *** TAA   0   0   0   0   0   0 | *** TGA   0   0   0   0   0   0
    TTG   0   0   0   0   0   0 |     TCG   0   0   0   0   0   0 |     TAG   0   0   0   0   0   0 | Trp TGG   1   1   1   1   1   1
--------------------------------------------------------------------------------------------------------------------------------------
Leu CTT   1   1   0   1   1   1 | Pro CCT   1   1   1   1   1   2 | His CAT   0   0   0   0   0   0 | Arg CGT   0   0   0   0   0   0
    CTC   1   1   2   1   1   1 |     CCC   0   0   0   0   0   0 |     CAC   1   1   1   1   1   1 |     CGC   0   0   0   0   0   0
    CTA   0   0   0   0   0   0 |     CCA   2   2   2   2   2   1 | Gln CAA   0   0   0   0   0   0 |     CGA   0   0   0   0   0   0
    CTG   2   2   2   2   2   2 |     CCG   2   2   2   2   2   2 |     CAG   1   1   1   1   1   1 |     CGG   2   2   2   2   2   2
--------------------------------------------------------------------------------------------------------------------------------------
Ile ATT   0   0   0   0   0   0 | Thr ACT   0   0   0   0   0   0 | Asn AAT   1   1   1   1   1   1 | Ser AGT   0   0   0   0   0   0
    ATC   0   0   0   0   0   0 |     ACC   0   0   0   0   0   0 |     AAC   2   2   2   2   2   2 |     AGC   1   1   1   1   1   1
    ATA   1   1   1   1   1   1 |     ACA   0   0   0   0   0   0 | Lys AAA   2   2   2   2   2   2 | Arg AGA   0   0   0   0   0   0
Met ATG   0   0   0   0   0   0 |     ACG   0   0   0   0   0   0 |     AAG   2   2   2   2   2   2 |     AGG   1   1   1   1   1   1
--------------------------------------------------------------------------------------------------------------------------------------
Val GTT   0   0   0   0   0   0 | Ala GCT   1   1   1   1   1   1 | Asp GAT   0   0   0   0   0   0 | Gly GGT   0   0   0   0   0   0
    GTC   2   2   2   2   2   2 |     GCC   1   1   1   1   1   1 |     GAC   2   2   2   2   2   2 |     GGC   0   0   0   0   0   0
    GTA   0   0   0   0   0   0 |     GCA   0   0   0   0   0   0 | Glu GAA   0   0   0   0   0   0 |     GGA   1   1   1   1   1   1
    GTG   1   1   1   1   1   1 |     GCG   1   1   1   1   1   1 |     GAG   5   5   5   5   5   5 |     GGG   0   0   0   0   0   0
--------------------------------------------------------------------------------------------------------------------------------------

--------------------------------------------------------------------------------------------------------------------------------------
Phe TTT   1   1   1   1   1   1 | Ser TCT   0   0   0   0   0   0 | Tyr TAT   0   0   0   0   0   0 | Cys TGT   0   0   0   0   0   0
    TTC   1   0   1   1   1   1 |     TCC   0   0   0   0   0   0 |     TAC   1   2   1   1   1   1 |     TGC   0   0   0   0   0   0
Leu TTA   0   0   0   0   0   0 |     TCA   0   0   0   0   0   0 | *** TAA   0   0   0   0   0   0 | *** TGA   0   0   0   0   0   0
    TTG   0   0   0   0   0   0 |     TCG   0   0   0   0   0   0 |     TAG   0   0   0   0   0   0 | Trp TGG   1   1   1   1   1   1
--------------------------------------------------------------------------------------------------------------------------------------
Leu CTT   1   1   1   1   1   1 | Pro CCT   1   2   1   1   0   1 | His CAT   0   0   0   0   0   0 | Arg CGT   0   0   0   0   0   0
    CTC   1   1   1   1   1   1 |     CCC   0   0   0   0   2   0 |     CAC   1   1   1   1   1   1 |     CGC   0   0   0   0   0   0
    CTA   0   0   0   0   0   0 |     CCA   2   1   2   2   0   2 | Gln CAA   0   0   0   0   0   0 |     CGA   0   0   0   0   0   0
    CTG   2   2   2   2   2   2 |     CCG   2   2   2   2   3   2 |     CAG   1   1   1   1   1   1 |     CGG   2   2   2   2   2   2
--------------------------------------------------------------------------------------------------------------------------------------
Ile ATT   0   0   0   0   0   0 | Thr ACT   0   0   0   0   0   0 | Asn AAT   1   1   1   1   0   1 | Ser AGT   0   0   0   0   0   0
    ATC   0   0   0   0   0   0 |     ACC   0   0   0   0   0   0 |     AAC   2   2   2   2   2   2 |     AGC   1   1   1   1   2   1
    ATA   1   1   1   1   1   1 |     ACA   0   0   0   0   0   0 | Lys AAA   2   2   2   2   2   2 | Arg AGA   0   0   0   0   0   0
Met ATG   0   0   0   0   0   0 |     ACG   0   0   0   0   0   0 |     AAG   2   2   2   2   2   2 |     AGG   1   1   1   1   1   1
--------------------------------------------------------------------------------------------------------------------------------------
Val GTT   0   0   0   0   0   0 | Ala GCT   1   1   1   1   0   1 | Asp GAT   0   0   0   0   0   0 | Gly GGT   0   0   0   0   0   0
    GTC   2   2   2   2   2   2 |     GCC   1   1   1   1   1   1 |     GAC   2   2   2   2   2   2 |     GGC   0   0   0   0   0   0
    GTA   0   0   0   0   0   0 |     GCA   0   0   0   0   0   0 | Glu GAA   0   0   0   0   0   0 |     GGA   1   1   1   1   1   1
    GTG   1   1   1   1   1   1 |     GCG   1   1   1   1   2   1 |     GAG   5   5   5   5   5   5 |     GGG   0   0   0   0   0   0
--------------------------------------------------------------------------------------------------------------------------------------

--------------------------------------------------------------------------------------------------------------------------------------
Phe TTT   1   1   1   1   1   1 | Ser TCT   0   0   0   0   0   0 | Tyr TAT   0   0   0   0   0   0 | Cys TGT   0   0   0   0   0   0
    TTC   1   1   1   1   1   1 |     TCC   0   0   0   0   0   0 |     TAC   1   1   1   1   1   1 |     TGC   0   0   0   0   0   0
Leu TTA   0   0   0   0   0   0 |     TCA   0   0   0   0   0   0 | *** TAA   0   0   0   0   0   0 | *** TGA   0   0   0   0   0   0
    TTG   0   0   0   0   0   0 |     TCG   0   0   0   0   0   0 |     TAG   0   0   0   0   0   0 | Trp TGG   1   1   1   1   1   1
--------------------------------------------------------------------------------------------------------------------------------------
Leu CTT   1   1   1   1   1   1 | Pro CCT   1   1   1   1   1   1 | His CAT   0   1   0   0   1   0 | Arg CGT   0   0   0   0   0   0
    CTC   1   1   1   1   1   1 |     CCC   1   0   0   0   0   0 |     CAC   1   0   1   1   0   1 |     CGC   0   0   0   0   0   0
    CTA   0   0   0   0   0   0 |     CCA   1   2   2   2   1   2 | Gln CAA   0   0   0   0   0   0 |     CGA   0   0   0   0   0   0
    CTG   2   2   2   2   2   2 |     CCG   2   2   2   2   3   2 |     CAG   1   1   1   1   1   1 |     CGG   2   2   2   2   2   2
--------------------------------------------------------------------------------------------------------------------------------------
Ile ATT   0   0   0   0   0   0 | Thr ACT   0   0   0   0   0   0 | Asn AAT   1   1   1   1   1   1 | Ser AGT   0   0   0   0   0   0
    ATC   0   0   0   0   0   0 |     ACC   0   0   0   0   0   0 |     AAC   2   2   2   2   2   2 |     AGC   1   1   1   1   1   1
    ATA   1   1   1   1   1   1 |     ACA   0   0   0   0   0   0 | Lys AAA   1   2   2   2   2   2 | Arg AGA   1   0   0   0   0   0
Met ATG   0   0   0   0   0   0 |     ACG   1   0   0   0   0   0 |     AAG   2   2   2   2   2   2 |     AGG   1   1   1   1   1   1
--------------------------------------------------------------------------------------------------------------------------------------
Val GTT   0   0   0   0   0   0 | Ala GCT   1   1   1   1   1   1 | Asp GAT   0   0   0   0   0   0 | Gly GGT   0   0   0   0   0   0
    GTC   2   2   2   2   2   2 |     GCC   1   1   1   1   1   1 |     GAC   2   2   2   2   2   2 |     GGC   0   0   0   0   0   0
    GTA   0   0   0   0   0   0 |     GCA   0   1   0   0   0   0 | Glu GAA   0   0   0   0   0   0 |     GGA   1   1   1   1   1   1
    GTG   1   1   1   2   1   1 |     GCG   0   0   1   0   1   1 |     GAG   5   5   5   5   5   5 |     GGG   0   0   0   0   0   0
--------------------------------------------------------------------------------------------------------------------------------------

--------------------------------------------------------------------------------------------------------------------------------------
Phe TTT   1   0   1   1   1   1 | Ser TCT   0   0   0   0   0   0 | Tyr TAT   0   0   0   0   0   0 | Cys TGT   0   0   0   0   0   0
    TTC   1   2   1   1   1   1 |     TCC   0   0   0   0   0   0 |     TAC   1   1   1   1   1   1 |     TGC   0   0   0   0   0   0
Leu TTA   0   0   0   0   0   0 |     TCA   0   0   0   0   0   0 | *** TAA   0   0   0   0   0   0 | *** TGA   0   0   0   0   0   0
    TTG   0   0   0   0   0   0 |     TCG   0   0   0   0   0   0 |     TAG   0   0   0   0   0   0 | Trp TGG   1   1   1   1   1   1
--------------------------------------------------------------------------------------------------------------------------------------
Leu CTT   1   1   1   1   1   1 | Pro CCT   1   0   1   1   1   1 | His CAT   0   0   0   0   1   0 | Arg CGT   0   0   0   0   0   0
    CTC   1   1   1   1   1   1 |     CCC   0   0   0   0   0   0 |     CAC   1   1   1   1   0   1 |     CGC   0   0   0   0   0   0
    CTA   0   0   0   0   0   0 |     CCA   2   2   2   2   2   2 | Gln CAA   0   0   0   0   0   0 |     CGA   0   0   0   0   0   0
    CTG   2   2   2   2   2   2 |     CCG   2   3   2   2   2   2 |     CAG   1   1   1   1   1   1 |     CGG   2   2   2   2   2   2
--------------------------------------------------------------------------------------------------------------------------------------
Ile ATT   0   0   0   0   0   0 | Thr ACT   0   0   0   0   0   0 | Asn AAT   1   0   1   1   1   1 | Ser AGT   0   0   0   0   0   0
    ATC   0   0   0   0   0   0 |     ACC   0   0   0   0   0   0 |     AAC   2   3   2   2   2   2 |     AGC   1   1   1   1   1   1
    ATA   1   1   1   1   1   1 |     ACA   0   0   0   0   0   0 | Lys AAA   2   2   2   2   2   2 | Arg AGA   0   0   0   0   0   0
Met ATG   0   0   0   0   0   0 |     ACG   0   0   0   0   0   0 |     AAG   2   2   2   2   2   2 |     AGG   1   1   1   1   1   1
--------------------------------------------------------------------------------------------------------------------------------------
Val GTT   0   0   0   0   0   0 | Ala GCT   1   0   1   1   1   1 | Asp GAT   0   0   0   0   0   0 | Gly GGT   0   0   0   0   0   0
    GTC   2   2   2   2   2   2 |     GCC   1   1   1   1   1   1 |     GAC   2   2   2   2   2   2 |     GGC   0   0   0   0   0   0
    GTA   0   0   0   0   0   0 |     GCA   0   0   0   0   0   0 | Glu GAA   0   0   0   0   0   0 |     GGA   1   1   1   1   1   1
    GTG   1   1   1   1   1   1 |     GCG   1   2   1   1   1   1 |     GAG   5   5   5   5   5   5 |     GGG   0   0   0   0   0   0
--------------------------------------------------------------------------------------------------------------------------------------

--------------------------------------------------------------------------------------------------------------------------------------
Phe TTT   1   1   1   1   1   1 | Ser TCT   0   0   0   0   0   0 | Tyr TAT   0   0   0   0   0   0 | Cys TGT   0   0   0   0   0   0
    TTC   1   1   1   1   1   1 |     TCC   0   0   0   0   0   0 |     TAC   1   1   1   1   1   1 |     TGC   0   0   0   0   0   0
Leu TTA   0   0   0   0   0   0 |     TCA   0   0   0   0   0   0 | *** TAA   0   0   0   0   0   0 | *** TGA   0   0   0   0   0   0
    TTG   0   0   0   0   0   0 |     TCG   0   0   0   0   0   0 |     TAG   0   0   0   0   0   0 | Trp TGG   1   1   1   1   1   1
--------------------------------------------------------------------------------------------------------------------------------------
Leu CTT   1   1   1   1   1   1 | Pro CCT   1   1   1   1   2   2 | His CAT   0   0   0   0   0   0 | Arg CGT   0   0   0   0   0   0
    CTC   1   1   1   1   1   1 |     CCC   0   0   0   0   0   0 |     CAC   1   1   1   1   1   1 |     CGC   0   0   0   0   0   0
    CTA   0   0   0   0   0   0 |     CCA   2   2   2   2   1   1 | Gln CAA   0   0   0   0   0   0 |     CGA   0   0   0   0   0   0
    CTG   2   2   2   2   2   2 |     CCG   2   2   2   2   2   2 |     CAG   1   1   1   1   1   1 |     CGG   2   2   2   2   2   2
--------------------------------------------------------------------------------------------------------------------------------------
Ile ATT   0   0   0   0   0   0 | Thr ACT   0   0   0   0   0   0 | Asn AAT   1   1   1   1   1   1 | Ser AGT   0   0   0   0   0   0
    ATC   0   0   0   0   0   0 |     ACC   0   0   0   0   0   0 |     AAC   2   2   2   2   2   2 |     AGC   1   1   1   1   1   1
    ATA   1   1   1   1   1   1 |     ACA   0   0   0   0   0   0 | Lys AAA   1   2   2   2   2   2 | Arg AGA   0   0   0   0   0   0
Met ATG   0   0   0   0   0   0 |     ACG   0   0   0   0   0   0 |     AAG   3   2   2   2   2   2 |     AGG   1   1   1   1   1   1
--------------------------------------------------------------------------------------------------------------------------------------
Val GTT   0   0   0   0   0   0 | Ala GCT   1   1   1   1   1   1 | Asp GAT   0   0   0   0   0   0 | Gly GGT   0   0   0   0   0   0
    GTC   2   2   2   2   2   2 |     GCC   1   1   1   1   1   1 |     GAC   2   2   2   2   2   2 |     GGC   0   0   0   0   0   0
    GTA   0   0   0   0   0   0 |     GCA   0   0   0   0   0   0 | Glu GAA   1   0   0   0   0   0 |     GGA   1   1   1   0   1   1
    GTG   1   1   1   1   1   1 |     GCG   0   1   1   1   1   1 |     GAG   5   5   5   5   5   5 |     GGG   0   0   0   1   0   0
--------------------------------------------------------------------------------------------------------------------------------------

Codon position x base (3x4) table for each sequence.

#1: Argali         
position  1:    T:0.09756    C:0.31707    A:0.24390    G:0.34146
position  2:    T:0.24390    C:0.19512    A:0.41463    G:0.14634
position  3:    T:0.09756    C:0.31707    A:0.14634    G:0.43902
Average         T:0.14634    C:0.27642    A:0.26829    G:0.30894

#2: LesserMouseDeer
position  1:    T:0.09756    C:0.29268    A:0.26829    G:0.34146
position  2:    T:0.24390    C:0.19512    A:0.41463    G:0.14634
position  3:    T:0.12195    C:0.34146    A:0.12195    G:0.41463
Average         T:0.15447    C:0.27642    A:0.26829    G:0.30081

#3: LesserKudu     
position  1:    T:0.12195    C:0.29268    A:0.24390    G:0.34146
position  2:    T:0.24390    C:0.19512    A:0.41463    G:0.14634
position  3:    T:0.14634    C:0.29268    A:0.12195    G:0.43902
Average         T:0.17073    C:0.26016    A:0.26016    G:0.30894

#4: ForestMuskDeer2
position  1:    T:0.09756    C:0.31707    A:0.24390    G:0.34146
position  2:    T:0.24390    C:0.19512    A:0.41463    G:0.14634
position  3:    T:0.12195    C:0.29268    A:0.12195    G:0.46341
Average         T:0.15447    C:0.26829    A:0.26016    G:0.31707

#5: Camel          
position  1:    T:0.09756    C:0.31707    A:0.24390    G:0.34146
position  2:    T:0.24390    C:0.19512    A:0.41463    G:0.14634
position  3:    T:0.07317    C:0.34146    A:0.04878    G:0.53659
Average         T:0.13821    C:0.28455    A:0.23577    G:0.34146

#6: KillerWhale    
position  1:    T:0.09756    C:0.31707    A:0.24390    G:0.34146
position  2:    T:0.24390    C:0.19512    A:0.41463    G:0.14634
position  3:    T:0.07317    C:0.36585    A:0.07317    G:0.48780
Average         T:0.13821    C:0.29268    A:0.24390    G:0.32520

#7: DefassaWaterbuck
position  1:    T:0.09756    C:0.31707    A:0.24390    G:0.34146
position  2:    T:0.29268    C:0.17073    A:0.41463    G:0.12195
position  3:    T:0.12195    C:0.29268    A:0.14634    G:0.43902
Average         T:0.17073    C:0.26016    A:0.26829    G:0.30081

#8: Sheep          
position  1:    T:0.07317    C:0.31707    A:0.24390    G:0.36585
position  2:    T:0.24390    C:0.19512    A:0.41463    G:0.14634
position  3:    T:0.12195    C:0.31707    A:0.12195    G:0.43902
Average         T:0.14634    C:0.27642    A:0.26016    G:0.31707

#9: MaxwellsDuiker 
position  1:    T:0.09756    C:0.31707    A:0.24390    G:0.34146
position  2:    T:0.24390    C:0.19512    A:0.41463    G:0.14634
position  3:    T:0.12195    C:0.29268    A:0.14634    G:0.43902
Average         T:0.15447    C:0.26829    A:0.26829    G:0.30894

#10: GazellaPrzewalskyi
position  1:    T:0.09756    C:0.31707    A:0.24390    G:0.34146
position  2:    T:0.24390    C:0.19512    A:0.41463    G:0.14634
position  3:    T:0.12195    C:0.29268    A:0.14634    G:0.43902
Average         T:0.15447    C:0.26829    A:0.26829    G:0.30894

#11: MountainNyala  
position  1:    T:0.09756    C:0.31707    A:0.24390    G:0.34146
position  2:    T:0.24390    C:0.19512    A:0.41463    G:0.14634
position  3:    T:0.14634    C:0.29268    A:0.12195    G:0.43902
Average         T:0.16260    C:0.26829    A:0.26016    G:0.30894

#12: MuntiacusMuntjak
position  1:    T:0.09756    C:0.31707    A:0.24390    G:0.34146
position  2:    T:0.24390    C:0.19512    A:0.41463    G:0.14634
position  3:    T:0.12195    C:0.29268    A:0.14634    G:0.43902
Average         T:0.15447    C:0.26829    A:0.26829    G:0.30894

#13: goat           
position  1:    T:0.09756    C:0.31707    A:0.24390    G:0.34146
position  2:    T:0.24390    C:0.19512    A:0.41463    G:0.14634
position  3:    T:0.09756    C:0.31707    A:0.14634    G:0.43902
Average         T:0.14634    C:0.27642    A:0.26829    G:0.30894

#14: AfricanBuffalo 
position  1:    T:0.09756    C:0.31707    A:0.24390    G:0.34146
position  2:    T:0.24390    C:0.21951    A:0.39024    G:0.14634
position  3:    T:0.12195    C:0.29268    A:0.14634    G:0.43902
Average         T:0.15447    C:0.27642    A:0.26016    G:0.30894

#15: Topi           
position  1:    T:0.09756    C:0.31707    A:0.24390    G:0.34146
position  2:    T:0.24390    C:0.19512    A:0.41463    G:0.14634
position  3:    T:0.12195    C:0.29268    A:0.14634    G:0.43902
Average         T:0.15447    C:0.26829    A:0.26829    G:0.30894

#16: CommonDuiker   
position  1:    T:0.09756    C:0.31707    A:0.24390    G:0.34146
position  2:    T:0.24390    C:0.19512    A:0.41463    G:0.14634
position  3:    T:0.12195    C:0.29268    A:0.12195    G:0.46341
Average         T:0.15447    C:0.26829    A:0.26016    G:0.31707

#17: Suni           
position  1:    T:0.09756    C:0.31707    A:0.24390    G:0.34146
position  2:    T:0.24390    C:0.19512    A:0.41463    G:0.14634
position  3:    T:0.12195    C:0.29268    A:0.14634    G:0.43902
Average         T:0.15447    C:0.26829    A:0.26829    G:0.30894

#18: Springbuck     
position  1:    T:0.09756    C:0.31707    A:0.24390    G:0.34146
position  2:    T:0.24390    C:0.19512    A:0.41463    G:0.14634
position  3:    T:0.12195    C:0.29268    A:0.14634    G:0.43902
Average         T:0.15447    C:0.26829    A:0.26829    G:0.30894

#19: Okapi          
position  1:    T:0.09756    C:0.31707    A:0.24390    G:0.34146
position  2:    T:0.24390    C:0.19512    A:0.41463    G:0.14634
position  3:    T:0.12195    C:0.26829    A:0.14634    G:0.46341
Average         T:0.15447    C:0.26016    A:0.26829    G:0.31707

#20: Giraffe        
position  1:    T:0.09756    C:0.31707    A:0.24390    G:0.34146
position  2:    T:0.24390    C:0.19512    A:0.41463    G:0.14634
position  3:    T:0.12195    C:0.29268    A:0.14634    G:0.43902
Average         T:0.15447    C:0.26829    A:0.26829    G:0.30894

#21: TibetanAntelope
position  1:    T:0.09756    C:0.31707    A:0.24390    G:0.34146
position  2:    T:0.24390    C:0.19512    A:0.41463    G:0.14634
position  3:    T:0.09756    C:0.31707    A:0.14634    G:0.43902
Average         T:0.14634    C:0.27642    A:0.26829    G:0.30894

#22: Sitatunga      
position  1:    T:0.09756    C:0.31707    A:0.24390    G:0.34146
position  2:    T:0.24390    C:0.19512    A:0.41463    G:0.14634
position  3:    T:0.14634    C:0.29268    A:0.12195    G:0.43902
Average         T:0.16260    C:0.26829    A:0.26016    G:0.30894

#23: Oribi          
position  1:    T:0.09756    C:0.31707    A:0.21951    G:0.36585
position  2:    T:0.26829    C:0.17073    A:0.39024    G:0.17073
position  3:    T:0.12195    C:0.31707    A:0.12195    G:0.43902
Average         T:0.16260    C:0.26829    A:0.24390    G:0.32520

#24: BarbarySheep   
position  1:    T:0.09756    C:0.31707    A:0.24390    G:0.34146
position  2:    T:0.24390    C:0.19512    A:0.41463    G:0.14634
position  3:    T:0.09756    C:0.31707    A:0.14634    G:0.43902
Average         T:0.14634    C:0.27642    A:0.26829    G:0.30894

#25: Daviddeer      
position  1:    T:0.09756    C:0.31707    A:0.24390    G:0.34146
position  2:    T:0.24390    C:0.19512    A:0.41463    G:0.14634
position  3:    T:0.12195    C:0.29268    A:0.14634    G:0.43902
Average         T:0.15447    C:0.26829    A:0.26829    G:0.30894

#26: Reindeer       
position  1:    T:0.09756    C:0.31707    A:0.24390    G:0.34146
position  2:    T:0.24390    C:0.19512    A:0.41463    G:0.14634
position  3:    T:0.12195    C:0.29268    A:0.14634    G:0.43902
Average         T:0.15447    C:0.26829    A:0.26829    G:0.30894

#27: Ibex           
position  1:    T:0.09756    C:0.31707    A:0.24390    G:0.34146
position  2:    T:0.24390    C:0.19512    A:0.41463    G:0.14634
position  3:    T:0.09756    C:0.31707    A:0.14634    G:0.43902
Average         T:0.14634    C:0.27642    A:0.26829    G:0.30894

#28: GyrantGazelle  
position  1:    T:0.09756    C:0.31707    A:0.24390    G:0.34146
position  2:    T:0.24390    C:0.19512    A:0.41463    G:0.14634
position  3:    T:0.12195    C:0.29268    A:0.14634    G:0.43902
Average         T:0.15447    C:0.26829    A:0.26829    G:0.30894

#29: Hartebeest     
position  1:    T:0.09756    C:0.31707    A:0.24390    G:0.34146
position  2:    T:0.24390    C:0.19512    A:0.41463    G:0.14634
position  3:    T:0.12195    C:0.29268    A:0.14634    G:0.43902
Average         T:0.15447    C:0.26829    A:0.26829    G:0.30894

#30: Bongo          
position  1:    T:0.09756    C:0.31707    A:0.24390    G:0.34146
position  2:    T:0.24390    C:0.19512    A:0.41463    G:0.14634
position  3:    T:0.14634    C:0.29268    A:0.12195    G:0.43902
Average         T:0.16260    C:0.26829    A:0.26016    G:0.30894

#31: Gerenuk        
position  1:    T:0.09756    C:0.31707    A:0.24390    G:0.34146
position  2:    T:0.24390    C:0.19512    A:0.41463    G:0.14634
position  3:    T:0.12195    C:0.29268    A:0.14634    G:0.43902
Average         T:0.15447    C:0.26829    A:0.26829    G:0.30894

#32: CommonEland    
position  1:    T:0.09756    C:0.31707    A:0.24390    G:0.34146
position  2:    T:0.21951    C:0.19512    A:0.43902    G:0.14634
position  3:    T:0.14634    C:0.29268    A:0.12195    G:0.43902
Average         T:0.15447    C:0.26829    A:0.26829    G:0.30894

#33: MuntiacusReevesi
position  1:    T:0.09756    C:0.31707    A:0.24390    G:0.34146
position  2:    T:0.24390    C:0.19512    A:0.41463    G:0.14634
position  3:    T:0.12195    C:0.29268    A:0.14634    G:0.43902
Average         T:0.15447    C:0.26829    A:0.26829    G:0.30894

#34: HarveysDuiker  
position  1:    T:0.09756    C:0.31707    A:0.24390    G:0.34146
position  2:    T:0.24390    C:0.19512    A:0.41463    G:0.14634
position  3:    T:0.12195    C:0.29268    A:0.14634    G:0.43902
Average         T:0.15447    C:0.26829    A:0.26829    G:0.30894

#35: Pronghorn      
position  1:    T:0.09756    C:0.31707    A:0.24390    G:0.34146
position  2:    T:0.24390    C:0.19512    A:0.39024    G:0.17073
position  3:    T:0.04878    C:0.36585    A:0.09756    G:0.48780
Average         T:0.13008    C:0.29268    A:0.24390    G:0.33333

#36: BlueWildebeest 
position  1:    T:0.09756    C:0.31707    A:0.24390    G:0.34146
position  2:    T:0.24390    C:0.19512    A:0.41463    G:0.14634
position  3:    T:0.12195    C:0.29268    A:0.14634    G:0.43902
Average         T:0.15447    C:0.26829    A:0.26829    G:0.30894

#37: Gemsbok        
position  1:    T:0.09756    C:0.31707    A:0.26829    G:0.31707
position  2:    T:0.24390    C:0.19512    A:0.39024    G:0.17073
position  3:    T:0.12195    C:0.31707    A:0.12195    G:0.43902
Average         T:0.15447    C:0.27642    A:0.26016    G:0.30894

#38: Yak            
position  1:    T:0.09756    C:0.31707    A:0.24390    G:0.34146
position  2:    T:0.24390    C:0.19512    A:0.41463    G:0.14634
position  3:    T:0.14634    C:0.26829    A:0.17073    G:0.41463
Average         T:0.16260    C:0.26016    A:0.27642    G:0.30081

#39: BlueSheep      
position  1:    T:0.09756    C:0.31707    A:0.24390    G:0.34146
position  2:    T:0.24390    C:0.19512    A:0.41463    G:0.14634
position  3:    T:0.12195    C:0.29268    A:0.14634    G:0.43902
Average         T:0.15447    C:0.26829    A:0.26829    G:0.30894

#40: BohorReedbuck  
position  1:    T:0.09756    C:0.31707    A:0.24390    G:0.34146
position  2:    T:0.26829    C:0.17073    A:0.41463    G:0.14634
position  3:    T:0.12195    C:0.29268    A:0.14634    G:0.43902
Average         T:0.16260    C:0.26016    A:0.26829    G:0.30894

#41: KirksDik       
position  1:    T:0.09756    C:0.31707    A:0.24390    G:0.34146
position  2:    T:0.24390    C:0.19512    A:0.41463    G:0.14634
position  3:    T:0.14634    C:0.26829    A:0.12195    G:0.46341
Average         T:0.16260    C:0.26016    A:0.26016    G:0.31707

#42: RoeDeer        
position  1:    T:0.09756    C:0.31707    A:0.24390    G:0.34146
position  2:    T:0.24390    C:0.19512    A:0.41463    G:0.14634
position  3:    T:0.12195    C:0.29268    A:0.14634    G:0.43902
Average         T:0.15447    C:0.26829    A:0.26829    G:0.30894

#43: WhiteLippedDeer
position  1:    T:0.09756    C:0.31707    A:0.24390    G:0.34146
position  2:    T:0.24390    C:0.19512    A:0.41463    G:0.14634
position  3:    T:0.12195    C:0.29268    A:0.14634    G:0.43902
Average         T:0.15447    C:0.26829    A:0.26829    G:0.30894

#44: ThomsonGazelle 
position  1:    T:0.09756    C:0.31707    A:0.24390    G:0.34146
position  2:    T:0.24390    C:0.19512    A:0.41463    G:0.14634
position  3:    T:0.02439    C:0.34146    A:0.14634    G:0.48780
Average         T:0.12195    C:0.28455    A:0.26829    G:0.32520

#45: MuntiacusCrinifrons
position  1:    T:0.09756    C:0.31707    A:0.24390    G:0.34146
position  2:    T:0.24390    C:0.19512    A:0.41463    G:0.14634
position  3:    T:0.12195    C:0.29268    A:0.14634    G:0.43902
Average         T:0.15447    C:0.26829    A:0.26829    G:0.30894

#46: WhiteTailedDeer
position  1:    T:0.09756    C:0.31707    A:0.24390    G:0.34146
position  2:    T:0.24390    C:0.19512    A:0.41463    G:0.14634
position  3:    T:0.12195    C:0.29268    A:0.14634    G:0.43902
Average         T:0.15447    C:0.26829    A:0.26829    G:0.30894

#47: Cattle         
position  1:    T:0.09756    C:0.31707    A:0.24390    G:0.34146
position  2:    T:0.24390    C:0.19512    A:0.41463    G:0.14634
position  3:    T:0.14634    C:0.26829    A:0.14634    G:0.43902
Average         T:0.16260    C:0.26016    A:0.26829    G:0.30894

#48: RoyalAntelope  
position  1:    T:0.09756    C:0.31707    A:0.24390    G:0.34146
position  2:    T:0.24390    C:0.19512    A:0.41463    G:0.14634
position  3:    T:0.12195    C:0.29268    A:0.14634    G:0.43902
Average         T:0.15447    C:0.26829    A:0.26829    G:0.30894

#49: Steenbok       
position  1:    T:0.09756    C:0.31707    A:0.24390    G:0.34146
position  2:    T:0.24390    C:0.17073    A:0.43902    G:0.14634
position  3:    T:0.12195    C:0.29268    A:0.14634    G:0.43902
Average         T:0.15447    C:0.26016    A:0.27642    G:0.30894

#50: Impala         
position  1:    T:0.09756    C:0.31707    A:0.24390    G:0.34146
position  2:    T:0.24390    C:0.19512    A:0.41463    G:0.14634
position  3:    T:0.12195    C:0.29268    A:0.14634    G:0.43902
Average         T:0.15447    C:0.26829    A:0.26829    G:0.30894

#51: Klipspringer   
position  1:    T:0.09756    C:0.31707    A:0.24390    G:0.34146
position  2:    T:0.24390    C:0.19512    A:0.41463    G:0.14634
