CODONML (in paml version 4.10.7, June 2023)  /home/rachel/ruminants_paml/6406-phy-tree/ENSBTAT00000012783.fasta.phy
Model: free dN/dS Ratios for branches,  kappa = 2.000 fixed

Codon frequency model: F3x4
ns =  54  ls = 124

Codon usage in sequences
--------------------------------------------------------------------------------------------------------------------------------------
Phe TTT   6   7   6   6   6   6 | Ser TCT   0   0   0   0   0   0 | Tyr TAT   4   4   4   4   4   4 | Cys TGT   2   2   2   2   2   2
    TTC   3   2   3   3   3   3 |     TCC   1   0   1   1   1   1 |     TAC   1   1   1   1   1   1 |     TGC   2   2   2   2   2   2
Leu TTA   4   5   4   4   4   4 |     TCA   1   2   1   1   1   1 | *** TAA   0   0   0   0   0   0 | *** TGA   0   0   0   0   0   0
    TTG   3   2   3   3   3   3 |     TCG   0   0   0   0   0   0 |     TAG   0   0   0   0   0   0 | Trp TGG   4   4   4   4   4   4
--------------------------------------------------------------------------------------------------------------------------------------
Leu CTT   1   2   1   1   2   1 | Pro CCT   1   2   1   1   2   2 | His CAT   2   2   2   2   3   2 | Arg CGT   3   3   3   3   2   3
    CTC   3   2   3   3   2   3 |     CCC   1   1   1   1   1   1 |     CAC   1   1   1   1   1   1 |     CGC   0   0   0   0   0   0
    CTA   3   4   3   3   2   3 |     CCA   4   2   3   3   3   3 | Gln CAA   1   1   1   1   2   1 |     CGA   3   2   3   3   2   2
    CTG   2   1   2   2   3   2 |     CCG   0   1   1   1   0   0 |     CAG   2   2   2   2   1   2 |     CGG   0   0   0   0   0   0
--------------------------------------------------------------------------------------------------------------------------------------
Ile ATT   2   1   2   2   2   2 | Thr ACT   1   1   1   1   1   1 | Asn AAT   2   2   2   2   3   2 | Ser AGT   4   4   4   4   4   4
    ATC   1   2   1   1   1   1 |     ACC   0   0   0   0   0   0 |     AAC   1   1   1   1   0   1 |     AGC   2   2   2   2   2   2
    ATA   2   2   2   2   2   2 |     ACA   2   3   2   2   3   3 | Lys AAA   2   2   2   2   2   2 | Arg AGA   3   5   3   3   4   4
Met ATG   2   2   2   2   2   2 |     ACG   1   0   1   1   0   0 |     AAG   1   1   1   1   1   1 |     AGG   1   0   1   1   1   1
--------------------------------------------------------------------------------------------------------------------------------------
Val GTT   5   4   5   5   6   4 | Ala GCT   1   1   1   1   1   1 | Asp GAT   7   7   7   7   7   7 | Gly GGT   1   1   1   1   1   1
    GTC   2   2   2   2   2   4 |     GCC   3   3   3   3   3   3 |     GAC   0   0   0   0   0   0 |     GGC   0   0   0   0   0   0
    GTA   2   3   2   1   1   1 |     GCA   6   6   6   6   6   6 | Glu GAA   4   4   4   4   3   3 |     GGA   2   2   3   2   2   2
    GTG   1   1   1   2   1   1 |     GCG   0   0   0   0   0   0 |     GAG   1   1   1   1   2   2 |     GGG   4   4   3   4   4   4
--------------------------------------------------------------------------------------------------------------------------------------

--------------------------------------------------------------------------------------------------------------------------------------
Phe TTT   6   6   6   6   6   6 | Ser TCT   0   0   0   0   0   0 | Tyr TAT   4   4   4   4   4   4 | Cys TGT   2   2   2   2   2   2
    TTC   3   3   3   3   3   3 |     TCC   1   1   1   1   1   1 |     TAC   1   1   1   1   1   1 |     TGC   2   2   2   2   2   2
Leu TTA   4   4   4   5   4   4 |     TCA   1   1   1   1   1   1 | *** TAA   0   0   0   0   0   0 | *** TGA   0   0   0   0   0   0
    TTG   3   3   3   3   3   3 |     TCG   0   0   0   0   0   0 |     TAG   0   0   0   0   0   0 | Trp TGG   4   4   4   4   4   4
--------------------------------------------------------------------------------------------------------------------------------------
Leu CTT   1   1   1   1   1   1 | Pro CCT   1   1   1   1   1   1 | His CAT   2   2   2   2   2   2 | Arg CGT   3   3   3   3   3   3
    CTC   3   3   3   3   3   3 |     CCC   1   1   1   1   1   1 |     CAC   1   1   1   1   1   1 |     CGC   0   0   0   0   0   0
    CTA   3   3   2   2   3   3 |     CCA   4   4   3   3   3   3 | Gln CAA   1   1   1   1   1   1 |     CGA   3   3   3   3   3   3
    CTG   2   2   3   2   2   2 |     CCG   0   0   1   1   1   1 |     CAG   2   2   2   2   2   2 |     CGG   0   0   0   0   0   0
--------------------------------------------------------------------------------------------------------------------------------------
Ile ATT   2   2   2   2   2   2 | Thr ACT   1   1   1   1   1   1 | Asn AAT   2   2   2   2   2   2 | Ser AGT   4   4   4   4   4   4
    ATC   1   1   1   1   1   1 |     ACC   0   0   0   0   0   0 |     AAC   1   1   1   1   1   1 |     AGC   2   2   2   2   2   2
    ATA   2   2   2   2   2   2 |     ACA   2   2   2   3   2   2 | Lys AAA   2   2   2   2   2   2 | Arg AGA   3   3   3   3   3   3
Met ATG   2   2   2   2   2   2 |     ACG   1   1   1   0   1   1 |     AAG   1   1   1   1   1   1 |     AGG   1   1   1   1   1   1
--------------------------------------------------------------------------------------------------------------------------------------
Val GTT   5   5   6   5   5   5 | Ala GCT   1   1   1   1   1   1 | Asp GAT   7   7   7   7   7   7 | Gly GGT   1   1   1   1   1   1
    GTC   2   2   1   2   2   2 |     GCC   3   3   3   3   3   3 |     GAC   0   0   0   0   0   0 |     GGC   0   0   0   0   0   0
    GTA   2   2   2   2   2   2 |     GCA   6   6   6   6   6   6 | Glu GAA   4   4   4   4   4   4 |     GGA   2   2   2   2   3   2
    GTG   1   1   1   1   1   1 |     GCG   0   0   0   0   0   0 |     GAG   1   1   1   1   1   1 |     GGG   4   4   4   4   3   4
--------------------------------------------------------------------------------------------------------------------------------------

--------------------------------------------------------------------------------------------------------------------------------------
Phe TTT   6   6   6   6   6   6 | Ser TCT   0   0   0   0   0   0 | Tyr TAT   4   4   4   4   4   4 | Cys TGT   2   2   2   2   2   2
    TTC   3   3   3   3   3   3 |     TCC   1   1   1   1   1   1 |     TAC   1   1   1   1   1   1 |     TGC   2   2   2   2   2   2
Leu TTA   4   4   4   4   4   5 |     TCA   1   1   1   1   1   1 | *** TAA   0   0   0   0   0   0 | *** TGA   0   0   0   0   0   0
    TTG   3   3   3   3   3   3 |     TCG   0   0   0   0   0   0 |     TAG   0   0   0   0   0   0 | Trp TGG   4   4   4   4   4   4
--------------------------------------------------------------------------------------------------------------------------------------
Leu CTT   1   1   1   1   2   1 | Pro CCT   1   1   1   1   1   1 | His CAT   2   2   2   2   2   2 | Arg CGT   3   3   3   3   3   3
    CTC   3   3   3   3   2   3 |     CCC   1   1   1   1   1   1 |     CAC   1   1   1   1   1   1 |     CGC   0   0   0   0   0   0
    CTA   3   3   3   2   3   2 |     CCA   4   3   4   3   4   4 | Gln CAA   1   1   1   1   1   1 |     CGA   3   3   3   3   3   3
    CTG   2   2   2   3   2   2 |     CCG   0   1   0   1   0   0 |     CAG   2   2   2   2   2   2 |     CGG   0   0   0   0   0   0
--------------------------------------------------------------------------------------------------------------------------------------
Ile ATT   2   2   2   2   2   2 | Thr ACT   1   1   1   1   1   1 | Asn AAT   2   2   2   2   2   2 | Ser AGT   4   3   4   4   4   4
    ATC   1   1   1   1   1   1 |     ACC   0   0   0   0   0   0 |     AAC   1   1   1   1   1   1 |     AGC   2   3   2   2   2   2
    ATA   2   2   2   2   2   2 |     ACA   2   2   2   1   2   3 | Lys AAA   2   2   2   2   2   2 | Arg AGA   3   3   3   3   3   3
Met ATG   2   2   2   2   2   2 |     ACG   1   1   1   2   1   0 |     AAG   1   1   1   1   1   1 |     AGG   1   1   1   1   1   1
--------------------------------------------------------------------------------------------------------------------------------------
Val GTT   5   5   5   5   5   5 | Ala GCT   1   1   1   2   1   1 | Asp GAT   7   7   7   7   7   7 | Gly GGT   1   1   1   1   1   1
    GTC   2   2   2   2   2   2 |     GCC   3   3   3   3   3   3 |     GAC   0   0   0   0   0   0 |     GGC   0   0   0   0   0   0
    GTA   2   2   2   2   2   2 |     GCA   6   6   6   5   5   6 | Glu GAA   4   4   4   4   4   4 |     GGA   2   2   3   2   2   2
    GTG   1   1   1   1   1   1 |     GCG   0   0   0   0   1   0 |     GAG   1   1   1   1   1   1 |     GGG   4   4   3   4   4   4
--------------------------------------------------------------------------------------------------------------------------------------

--------------------------------------------------------------------------------------------------------------------------------------
Phe TTT   6   6   6   6   6   6 | Ser TCT   1   1   0   0   0   0 | Tyr TAT   3   4   4   4   4   4 | Cys TGT   2   2   2   2   2   2
    TTC   3   3   3   3   3   3 |     TCC   0   0   1   1   1   1 |     TAC   2   1   1   1   1   1 |     TGC   2   2   2   2   2   2
Leu TTA   4   4   4   4   5   4 |     TCA   1   1   1   1   1   1 | *** TAA   0   0   0   0   0   0 | *** TGA   0   0   0   0   0   0
    TTG   3   3   3   3   3   3 |     TCG   0   0   0   0   0   0 |     TAG   0   0   0   0   0   0 | Trp TGG   4   4   4   4   4   4
--------------------------------------------------------------------------------------------------------------------------------------
Leu CTT   1   1   1   1   1   1 | Pro CCT   1   1   1   1   1   1 | His CAT   2   2   2   2   2   2 | Arg CGT   3   3   3   3   3   3
    CTC   3   3   3   3   3   3 |     CCC   1   1   1   1   1   1 |     CAC   1   1   1   1   1   1 |     CGC   0   0   0   0   0   0
    CTA   3   3   3   3   2   3 |     CCA   3   3   4   3   4   4 | Gln CAA   1   2   1   1   1   1 |     CGA   3   3   3   3   3   3
    CTG   2   2   2   2   2   2 |     CCG   1   1   0   1   0   0 |     CAG   2   1   2   2   2   2 |     CGG   0   0   0   0   0   0
--------------------------------------------------------------------------------------------------------------------------------------
Ile ATT   2   2   2   2   2   2 | Thr ACT   1   1   1   1   1   1 | Asn AAT   2   2   2   2   2   2 | Ser AGT   4   4   4   4   4   4
    ATC   1   1   1   1   1   1 |     ACC   1   0   0   1   0   0 |     AAC   1   1   1   1   1   1 |     AGC   2   2   2   2   2   2
    ATA   2   2   2   2   2   2 |     ACA   2   2   2   2   3   2 | Lys AAA   2   2   2   2   2   2 | Arg AGA   3   3   3   3   3   3
Met ATG   2   2   2   2   2   2 |     ACG   0   1   1   0   0   1 |     AAG   1   1   1   1   1   1 |     AGG   1   1   1   1   1   1
--------------------------------------------------------------------------------------------------------------------------------------
Val GTT   4   4   4   5   5   5 | Ala GCT   1   1   1   1   1   1 | Asp GAT   7   7   6   7   7   7 | Gly GGT   1   1   1   1   1   1
    GTC   3   3   3   2   2   2 |     GCC   3   3   3   3   3   3 |     GAC   0   0   1   0   0   0 |     GGC   0   0   0   0   0   0
    GTA   2   2   2   2   2   2 |     GCA   6   6   6   6   6   6 | Glu GAA   4   4   4   4   4   4 |     GGA   2   2   2   3   2   3
    GTG   1   1   1   1   1   1 |     GCG   0   0   0   0   0   0 |     GAG   1   1   1   1   1   1 |     GGG   4   4   4   3   4   3
--------------------------------------------------------------------------------------------------------------------------------------

--------------------------------------------------------------------------------------------------------------------------------------
Phe TTT   6   6   6   6   6   6 | Ser TCT   0   0   0   0   0   0 | Tyr TAT   4   4   4   4   4   4 | Cys TGT   2   2   2   2   2   2
    TTC   3   3   3   3   3   3 |     TCC   1   1   1   1   1   1 |     TAC   1   1   1   1   1   1 |     TGC   2   2   2   2   2   2
Leu TTA   4   4   4   5   4   4 |     TCA   1   1   1   1   1   1 | *** TAA   0   0   0   0   0   0 | *** TGA   0   0   0   0   0   0
    TTG   3   3   3   3   3   3 |     TCG   0   0   0   0   0   0 |     TAG   0   0   0   0   0   0 | Trp TGG   4   4   4   4   4   4
--------------------------------------------------------------------------------------------------------------------------------------
Leu CTT   1   1   1   1   1   1 | Pro CCT   1   1   1   2   1   1 | His CAT   2   2   2   2   2   2 | Arg CGT   3   3   3   3   3   3
    CTC   3   3   3   3   3   3 |     CCC   1   1   1   0   1   1 |     CAC   1   1   1   1   1   1 |     CGC   0   0   0   0   0   0
    CTA   3   3   3   2   3   3 |     CCA   3   3   4   3   4   3 | Gln CAA   1   1   1   1   1   1 |     CGA   3   3   3   3   3   3
    CTG   2   2   2   2   2   2 |     CCG   1   1   0   1   0   1 |     CAG   2   2   2   2   2   2 |     CGG   0   0   0   0   0   0
--------------------------------------------------------------------------------------------------------------------------------------
Ile ATT   2   2   2   2   2   2 | Thr ACT   1   1   1   1   1   1 | Asn AAT   2   2   2   2   2   2 | Ser AGT   4   4   4   4   4   4
    ATC   1   1   1   1   1   1 |     ACC   0   0   0   0   0   0 |     AAC   1   1   1   1   1   1 |     AGC   2   2   2   2   2   2
    ATA   2   2   2   2   2   2 |     ACA   2   2   2   3   2   2 | Lys AAA   2   2   2   2   2   2 | Arg AGA   3   3   3   3   3   3
Met ATG   2   2   2   2   2   2 |     ACG   1   1   1   0   1   1 |     AAG   1   1   1   1   1   1 |     AGG   1   1   1   1   1   1
--------------------------------------------------------------------------------------------------------------------------------------
Val GTT   5   5   5   5   5   5 | Ala GCT   1   1   1   1   1   1 | Asp GAT   7   7   7   7   7   7 | Gly GGT   1   1   1   1   1   1
    GTC   2   2   2   2   2   2 |     GCC   3   3   3   3   3   3 |     GAC   0   0   0   0   0   0 |     GGC   0   0   0   0   0   0
    GTA   2   2   2   2   2   2 |     GCA   6   6   6   6   6   6 | Glu GAA   4   4   4   4   4   4 |     GGA   2   2   2   2   3   3
    GTG   1   1   1   1   1   1 |     GCG   0   0   0   0   0   0 |     GAG   1   1   1   1   1   1 |     GGG   4   4   4   4   3   3
--------------------------------------------------------------------------------------------------------------------------------------

--------------------------------------------------------------------------------------------------------------------------------------
Phe TTT   6   6   6   6   6   6 | Ser TCT   0   0   0   0   0   0 | Tyr TAT   4   4   4   4   4   4 | Cys TGT   2   2   2   2   2   2
    TTC   3   3   3   3   3   3 |     TCC   1   1   1   1   1   1 |     TAC   1   1   1   1   1   1 |     TGC   2   2   2   2   2   2
Leu TTA   5   4   4   4   4   4 |     TCA   1   1   1   1   1   1 | *** TAA   0   0   0   0   0   0 | *** TGA   0   0   0   0   0   0
    TTG   3   3   3   3   3   3 |     TCG   0   0   0   0   0   0 |     TAG   0   0   0   0   0   0 | Trp TGG   4   4   4   4   4   4
--------------------------------------------------------------------------------------------------------------------------------------
Leu CTT   1   1   1   1   1   1 | Pro CCT   1   1   1   1   1   1 | His CAT   2   2   2   2   2   2 | Arg CGT   3   3   3   3   3   3
    CTC   3   3   3   3   3   3 |     CCC   1   1   1   1   1   1 |     CAC   1   1   1   1   1   1 |     CGC   0   0   0   0   0   0
    CTA   2   3   3   2   3   3 |     CCA   4   3   3   3   4   4 | Gln CAA   1   1   1   1   1   1 |     CGA   3   3   3   3   3   3
    CTG   2   2   2   3   2   2 |     CCG   0   1   1   1   0   0 |     CAG   2   2   2   2   2   2 |     CGG   0   0   0   0   0   0
--------------------------------------------------------------------------------------------------------------------------------------
Ile ATT   2   2   2   2   2   2 | Thr ACT   1   1   1   1   1   1 | Asn AAT   2   2   2   2   2   2 | Ser AGT   4   4   4   4   3   4
    ATC   1   1   1   1   1   1 |     ACC   0   0   0   0   0   0 |     AAC   1   1   1   1   1   1 |     AGC   2   2   2   2   2   2
    ATA   2   2   2   2   2   2 |     ACA   3   2   2   2   2   2 | Lys AAA   2   2   2   2   2   2 | Arg AGA   3   3   3   3   3   3
Met ATG   2   2   2   2   2   2 |     ACG   0   1   1   1   1   1 |     AAG   1   1   1   1   1   1 |     AGG   1   1   1   1   1   1
--------------------------------------------------------------------------------------------------------------------------------------
Val GTT   5   5   5   5   5   5 | Ala GCT   1   1   1   1   1   1 | Asp GAT   7   7   7   7   7   7 | Gly GGT   1   1   1   1   2   1
    GTC   2   2   2   2   2   2 |     GCC   3   3   3   3   3   3 |     GAC   0   0   0   0   0   0 |     GGC   0   0   0   0   0   0
    GTA   2   2   2   2   2   2 |     GCA   6   6   6   5   6   6 | Glu GAA   4   4   4   4   4   4 |     GGA   2   3   3   2   3   3
    GTG   1   1   1   1   1   1 |     GCG   0   0   0   1   0   0 |     GAG   1   1   1   1   1   1 |     GGG   4   3   3   4   3   3
--------------------------------------------------------------------------------------------------------------------------------------

--------------------------------------------------------------------------------------------------------------------------------------
Phe TTT   6   6   6   6   6   6 | Ser TCT   0   0   0   0   0   0 | Tyr TAT   4   4   4   4   4   4 | Cys TGT   2   2   2   2   2   2
    TTC   3   3   3   3   3   3 |     TCC   1   1   1   1   1   1 |     TAC   1   1   1   1   1   1 |     TGC   2   2   2   2   2   2
Leu TTA   4   4   4   4   4   4 |     TCA   1   1   1   1   1   1 | *** TAA   0   0   0   0   0   0 | *** TGA   0   0   0   0   0   0
    TTG   3   3   3   2   3   3 |     TCG   0   0   0   0   0   0 |     TAG   0   0   0   0   0   0 | Trp TGG   4   4   4   4   4   4
--------------------------------------------------------------------------------------------------------------------------------------
Leu CTT   1   1   1   1   1   1 | Pro CCT   1   1   1   1   1   1 | His CAT   1   2   2   2   2   2 | Arg CGT   3   3   3   3   3   3
    CTC   3   4   3   3   3   3 |     CCC   1   1   1   1   1   1 |     CAC   2   1   1   1   1   1 |     CGC   0   0   0   0   0   0
    CTA   3   2   3   3   3   3 |     CCA   4   3   4   4   3   3 | Gln CAA   2   1   1   1   1   1 |     CGA   3   3   3   3   3   3
    CTG   2   2   2   3   2   2 |     CCG   0   1   0   0   1   1 |     CAG   1   2   2   2   2   2 |     CGG   0   0   0   0   0   0
--------------------------------------------------------------------------------------------------------------------------------------
Ile ATT   2   2   2   2   2   2 | Thr ACT   1   1   1   1   1   1 | Asn AAT   2   2   2   2   2   2 | Ser AGT   4   3   4   4   3   4
    ATC   1   1   1   1   1   1 |     ACC   0   0   0   0   0   0 |     AAC   1   1   1   1   1   1 |     AGC   2   3   2   2   3   2
    ATA   2   2   2   2   2   2 |     ACA   2   2   2   2   3   2 | Lys AAA   2   2   2   2   2   2 | Arg AGA   3   3   3   3   3   3
Met ATG   2   2   2   2   2   2 |     ACG   1   1   1   1   0   1 |     AAG   1   1   1   1   1   1 |     AGG   1   1   1   1   1   1
--------------------------------------------------------------------------------------------------------------------------------------
Val GTT   5   5   5   5   5   5 | Ala GCT   1   1   1   1   1   1 | Asp GAT   7   7   7   7   7   7 | Gly GGT   1   1   1   1   1   1
    GTC   2   2   2   2   2   2 |     GCC   3   3   3   3   3   3 |     GAC   0   0   0   0   0   0 |     GGC   0   0   0   0   0   0
    GTA   2   2   2   2   2   2 |     GCA   6   6   6   6   6   6 | Glu GAA   4   4   4   4   4   4 |     GGA   2   2   2   2   2   2
    GTG   1   1   1   1   1   1 |     GCG   0   0   0   0   0   0 |     GAG   1   1   1   1   1   1 |     GGG   4   4   4   4   4   4
--------------------------------------------------------------------------------------------------------------------------------------

--------------------------------------------------------------------------------------------------------------------------------------
Phe TTT   6   6   6   6   6   6 | Ser TCT   0   0   0   0   0   0 | Tyr TAT   4   4   4   4   4   4 | Cys TGT   2   2   2   2   2   2
    TTC   3   3   3   3   3   3 |     TCC   1   1   1   1   1   1 |     TAC   1   1   1   1   1   1 |     TGC   2   2   2   2   2   2
Leu TTA   4   5   4   4   4   4 |     TCA   1   1   1   1   1   1 | *** TAA   0   0   0   0   0   0 | *** TGA   0   0   0   0   0   0
    TTG   3   3   3   3   3   3 |     TCG   0   0   0   0   0   0 |     TAG   0   0   0   0   0   0 | Trp TGG   4   4   4   4   4   4
--------------------------------------------------------------------------------------------------------------------------------------
Leu CTT   1   1   1   1   1   1 | Pro CCT   1   1   1   1   1   1 | His CAT   2   2   2   2   2   2 | Arg CGT   3   3   3   3   3   3
    CTC   3   3   3   3   4   3 |     CCC   1   1   1   1   1   1 |     CAC   1   1   1   1   1   1 |     CGC   0   0   0   0   0   0
    CTA   3   2   3   3   2   3 |     CCA   3   3   3   3   3   3 | Gln CAA   1   1   1   1   1   2 |     CGA   3   3   3   3   3   3
    CTG   2   2   2   2   2   2 |     CCG   1   1   1   1   1   1 |     CAG   2   2   2   2   2   1 |     CGG   0   0   0   0   0   0
--------------------------------------------------------------------------------------------------------------------------------------
Ile ATT   2   2   2   2   2   2 | Thr ACT   1   1   1   1   1   1 | Asn AAT   2   2   2   2   2   2 | Ser AGT   4   4   4   4   3   4
    ATC   1   1   1   1   1   1 |     ACC   0   0   0   0   0   0 |     AAC   1   1   1   1   1   1 |     AGC   2   2   2   2   3   2
    ATA   2   2   2   2   2   2 |     ACA   2   3   2   2   2   2 | Lys AAA   2   2   2   2   2   2 | Arg AGA   3   3   3   3   3   3
Met ATG   2   2   2   2   2   2 |     ACG   1   0   1   1   1   1 |     AAG   1   1   1   1   1   1 |     AGG   1   1   1   1   1   1
--------------------------------------------------------------------------------------------------------------------------------------
Val GTT   5   5   5   5   5   5 | Ala GCT   1   1   1   1   1   1 | Asp GAT   7   7   7   7   7   7 | Gly GGT   1   1   1   1   1   1
    GTC   2   2   2   2   2   2 |     GCC   3   3   3   3   3   3 |     GAC   0   0   0   0   0   0 |     GGC   0   0   0   0   0   0
    GTA   2   2   2   2   2   2 |     GCA   6   6   6   6   6   6 | Glu GAA   4   4   4   4   4   4 |     GGA   2   2   2   2   2   2
    GTG   1   1   1   1   1   1 |     GCG   0   0   0   0   0   0 |     GAG   1   1   1   1   1   1 |     GGG   4   4   4   4   4   4
--------------------------------------------------------------------------------------------------------------------------------------

--------------------------------------------------------------------------------------------------------------------------------------
Phe TTT   6   6   6   6   6   6 | Ser TCT   0   0   0   0   0   0 | Tyr TAT   4   4   4   4   4   4 | Cys TGT   2   2   2   2   2   2
    TTC   3   3   3   3   3   3 |     TCC   1   1   1   1   1   1 |     TAC   1   1   1   1   1   1 |     TGC   2   2   2   2   2   2
Leu TTA   5   4   4   4   4   4 |     TCA   1   1   1   1   1   1 | *** TAA   0   0   0   0   0   0 | *** TGA   0   0   0   0   0   0
    TTG   3   3   3   3   3   3 |     TCG   0   0   0   0   0   0 |     TAG   0   0   0   0   0   0 | Trp TGG   4   4   4   4   4   4
--------------------------------------------------------------------------------------------------------------------------------------
Leu CTT   1   1   1   1   1   1 | Pro CCT   1   1   1   1   1   1 | His CAT   2   2   2   2   2   2 | Arg CGT   3   3   3   3   3   3
    CTC   3   3   3   3   3   3 |     CCC   1   1   1   1   1   1 |     CAC   1   1   1   1   1   1 |     CGC   0   0   0   0   0   0
    CTA   2   3   3   3   3   3 |     CCA   2   3   3   3   3   3 | Gln CAA   1   1   1   1   1   1 |     CGA   3   3   3   3   3   3
    CTG   2   2   2   2   2   2 |     CCG   2   1   1   1   1   1 |     CAG   2   2   2   2   2   2 |     CGG   0   0   0   0   0   0
--------------------------------------------------------------------------------------------------------------------------------------
Ile ATT   2   2   2   2   2   2 | Thr ACT   1   1   1   1   1   1 | Asn AAT   2   2   2   2   2   2 | Ser AGT   4   4   4   4   4   4
    ATC   1   1   1   1   1   1 |     ACC   0   0   0   0   0   0 |     AAC   1   1   1   1   1   1 |     AGC   2   2   2   2   2   2
    ATA   2   2   2   2   2   2 |     ACA   3   2   2   2   2   2 | Lys AAA   2   2   2   2   2   2 | Arg AGA   3   3   3   3   3   3
Met ATG   2   2   2   2   2   2 |     ACG   0   1   1   1   1   1 |     AAG   1   1   1   1   1   1 |     AGG   1   1   1   1   1   1
--------------------------------------------------------------------------------------------------------------------------------------
Val GTT   5   5   5   5   5   5 | Ala GCT   1   1   1   1   1   1 | Asp GAT   7   7   7   7   7   7 | Gly GGT   0   1   1   1   1   1
    GTC   2   2   2   2   2   2 |     GCC   3   3   3   3   3   3 |     GAC   0   0   0   0   0   0 |     GGC   1   0   0   0   0   0
    GTA   2   1   2   1   2   2 |     GCA   6   6   6   6   6   6 | Glu GAA   4   4   4   4   4   4 |     GGA   2   2   2   2   3   3
    GTG   1   2   1   2   1   1 |     GCG   0   0   0   0   0   0 |     GAG   1   1   1   1   1   1 |     GGG   4   4   4   4   3   3
--------------------------------------------------------------------------------------------------------------------------------------

Codon position x base (3x4) table for each sequence.

#1: Argali         
position  1:    T:0.25000    C:0.21774    A:0.21774    G:0.31452
position  2:    T:0.33871    C:0.17742    A:0.23387    G:0.25000
position  3:    T:0.33871    C:0.16935    A:0.31452    G:0.17742
Average         T:0.30914    C:0.18817    A:0.25538    G:0.24731

#2: LesserMouseDeer
position  1:    T:0.25000    C:0.20968    A:0.22581    G:0.31452
position  2:    T:0.33871    C:0.17742    A:0.23387    G:0.25000
position  3:    T:0.34677    C:0.15323    A:0.34677    G:0.15323
Average         T:0.31183    C:0.18011    A:0.26882    G:0.23925

#3: LesserKudu     
position  1:    T:0.25000    C:0.21774    A:0.21774    G:0.31452
position  2:    T:0.33871    C:0.17742    A:0.23387    G:0.25000
position  3:    T:0.33871    C:0.16935    A:0.31452    G:0.17742
Average         T:0.30914    C:0.18817    A:0.25538    G:0.24731

#4: ForestMuskDeer2
position  1:    T:0.25000    C:0.21774    A:0.21774    G:0.31452
position  2:    T:0.33871    C:0.17742    A:0.23387    G:0.25000
position  3:    T:0.33871    C:0.16935    A:0.29839    G:0.19355
Average         T:0.30914    C:0.18817    A:0.25000    G:0.25269

#5: Camel          
position  1:    T:0.25000    C:0.20968    A:0.22581    G:0.31452
position  2:    T:0.33871    C:0.17742    A:0.24194    G:0.24194
position  3:    T:0.37097    C:0.15323    A:0.29839    G:0.17742
Average         T:0.31989    C:0.18011    A:0.25538    G:0.24462

#6: KillerWhale    
position  1:    T:0.25000    C:0.20968    A:0.22581    G:0.31452
position  2:    T:0.33871    C:0.17742    A:0.23387    G:0.25000
position  3:    T:0.33871    C:0.18548    A:0.29839    G:0.17742
Average         T:0.30914    C:0.19086    A:0.25269    G:0.24731

#7: DefassaWaterbuck
position  1:    T:0.25000    C:0.21774    A:0.21774    G:0.31452
position  2:    T:0.33871    C:0.17742    A:0.23387    G:0.25000
position  3:    T:0.33871    C:0.16935    A:0.31452    G:0.17742
Average         T:0.30914    C:0.18817    A:0.25538    G:0.24731

#8: Sheep          
position  1:    T:0.25000    C:0.21774    A:0.21774    G:0.31452
position  2:    T:0.33871    C:0.17742    A:0.23387    G:0.25000
position  3:    T:0.33871    C:0.16935    A:0.31452    G:0.17742
Average         T:0.30914    C:0.18817    A:0.25538    G:0.24731

#9: MaxwellsDuiker 
position  1:    T:0.25000    C:0.21774    A:0.21774    G:0.31452
position  2:    T:0.33871    C:0.17742    A:0.23387    G:0.25000
position  3:    T:0.34677    C:0.16129    A:0.29839    G:0.19355
Average         T:0.31183    C:0.18548    A:0.25000    G:0.25269

#10: GazellaPrzewalskyi
position  1:    T:0.25806    C:0.20968    A:0.21774    G:0.31452
position  2:    T:0.33871    C:0.17742    A:0.23387    G:0.25000
position  3:    T:0.33871    C:0.16935    A:0.31452    G:0.17742
Average         T:0.31183    C:0.18548    A:0.25538    G:0.24731

#11: MountainNyala  
position  1:    T:0.25000    C:0.21774    A:0.21774    G:0.31452
position  2:    T:0.33871    C:0.17742    A:0.23387    G:0.25000
position  3:    T:0.33871    C:0.16935    A:0.31452    G:0.17742
Average         T:0.30914    C:0.18817    A:0.25538    G:0.24731

#12: MuntiacusMuntjak
position  1:    T:0.25000    C:0.21774    A:0.21774    G:0.31452
position  2:    T:0.33871    C:0.17742    A:0.23387    G:0.25000
position  3:    T:0.33871    C:0.16935    A:0.30645    G:0.18548
Average         T:0.30914    C:0.18817    A:0.25269    G:0.25000

#13: goat           
position  1:    T:0.25000    C:0.21774    A:0.21774    G:0.31452
position  2:    T:0.33871    C:0.17742    A:0.23387    G:0.25000
position  3:    T:0.33871    C:0.16935    A:0.31452    G:0.17742
Average         T:0.30914    C:0.18817    A:0.25538    G:0.24731

#14: AfricanBuffalo 
position  1:    T:0.25000    C:0.21774    A:0.21774    G:0.31452
position  2:    T:0.33871    C:0.17742    A:0.23387    G:0.25000
position  3:    T:0.33065    C:0.17742    A:0.30645    G:0.18548
Average         T:0.30645    C:0.19086    A:0.25269    G:0.25000

#15: Topi           
position  1:    T:0.25000    C:0.21774    A:0.21774    G:0.31452
position  2:    T:0.33871    C:0.17742    A:0.23387    G:0.25000
position  3:    T:0.33871    C:0.16935    A:0.32258    G:0.16935
Average         T:0.30914    C:0.18817    A:0.25806    G:0.24462

#16: CommonDuiker   
position  1:    T:0.25000    C:0.21774    A:0.21774    G:0.31452
position  2:    T:0.33871    C:0.17742    A:0.23387    G:0.25000
position  3:    T:0.34677    C:0.16935    A:0.28226    G:0.20161
Average         T:0.31183    C:0.18817    A:0.24462    G:0.25538

#17: Suni           
position  1:    T:0.25000    C:0.21774    A:0.21774    G:0.31452
position  2:    T:0.33871    C:0.17742    A:0.23387    G:0.25000
position  3:    T:0.34677    C:0.16129    A:0.30645    G:0.18548
Average         T:0.31183    C:0.18548    A:0.25269    G:0.25000

#18: Springbuck     
position  1:    T:0.25806    C:0.20968    A:0.21774    G:0.31452
position  2:    T:0.33871    C:0.17742    A:0.23387    G:0.25000
position  3:    T:0.33871    C:0.16935    A:0.32258    G:0.16935
Average         T:0.31183    C:0.18548    A:0.25806    G:0.24462

#19: Okapi          
position  1:    T:0.25000    C:0.21774    A:0.21774    G:0.31452
position  2:    T:0.33871    C:0.17742    A:0.23387    G:0.25000
position  3:    T:0.33065    C:0.18548    A:0.30645    G:0.17742
Average         T:0.30645    C:0.19355    A:0.25269    G:0.24731

#20: Giraffe        
position  1:    T:0.25000    C:0.21774    A:0.21774    G:0.31452
position  2:    T:0.33871    C:0.17742    A:0.23387    G:0.25000
position  3:    T:0.33871    C:0.16935    A:0.31452    G:0.17742
Average         T:0.30914    C:0.18817    A:0.25538    G:0.24731

#21: TibetanAntelope
position  1:    T:0.25000    C:0.21774    A:0.21774    G:0.31452
position  2:    T:0.33871    C:0.17742    A:0.23387    G:0.25000
position  3:    T:0.32258    C:0.18548    A:0.31452    G:0.17742
Average         T:0.30376    C:0.19355    A:0.25538    G:0.24731

#22: Sitatunga      
position  1:    T:0.25000    C:0.21774    A:0.21774    G:0.31452
position  2:    T:0.33871    C:0.17742    A:0.23387    G:0.25000
position  3:    T:0.33871    C:0.17742    A:0.31452    G:0.16935
Average         T:0.30914    C:0.19086    A:0.25538    G:0.24462

#23: Oribi          
position  1:    T:0.25806    C:0.20968    A:0.21774    G:0.31452
position  2:    T:0.33871    C:0.17742    A:0.23387    G:0.25000
position  3:    T:0.33871    C:0.16935    A:0.32258    G:0.16935
Average         T:0.31183    C:0.18548    A:0.25806    G:0.24462

#24: BarbarySheep   
position  1:    T:0.25000    C:0.21774    A:0.21774    G:0.31452
position  2:    T:0.33871    C:0.17742    A:0.23387    G:0.25000
position  3:    T:0.33871    C:0.16935    A:0.32258    G:0.16935
Average         T:0.30914    C:0.18817    A:0.25806    G:0.24462

#25: Daviddeer      
position  1:    T:0.25000    C:0.21774    A:0.21774    G:0.31452
position  2:    T:0.33871    C:0.17742    A:0.23387    G:0.25000
position  3:    T:0.33871    C:0.16935    A:0.30645    G:0.18548
Average         T:0.30914    C:0.18817    A:0.25269    G:0.25000

#26: Reindeer       
position  1:    T:0.25000    C:0.21774    A:0.21774    G:0.31452
position  2:    T:0.33871    C:0.17742    A:0.23387    G:0.25000
position  3:    T:0.33871    C:0.16935    A:0.30645    G:0.18548
Average         T:0.30914    C:0.18817    A:0.25269    G:0.25000

#27: Ibex           
position  1:    T:0.25000    C:0.21774    A:0.21774    G:0.31452
position  2:    T:0.33871    C:0.17742    A:0.23387    G:0.25000
position  3:    T:0.33871    C:0.16935    A:0.31452    G:0.17742
Average         T:0.30914    C:0.18817    A:0.25538    G:0.24731

#28: GyrantGazelle  
position  1:    T:0.25806    C:0.20968    A:0.21774    G:0.31452
position  2:    T:0.33871    C:0.17742    A:0.23387    G:0.25000
position  3:    T:0.34677    C:0.16129    A:0.31452    G:0.17742
Average         T:0.31452    C:0.18280    A:0.25538    G:0.24731

#29: Hartebeest     
position  1:    T:0.25000    C:0.21774    A:0.21774    G:0.31452
position  2:    T:0.33871    C:0.17742    A:0.23387    G:0.25000
position  3:    T:0.33871    C:0.16935    A:0.32258    G:0.16935
Average         T:0.30914    C:0.18817    A:0.25806    G:0.24462

#30: Bongo          
position  1:    T:0.25000    C:0.21774    A:0.21774    G:0.31452
position  2:    T:0.33871    C:0.17742    A:0.23387    G:0.25000
position  3:    T:0.33871    C:0.16935    A:0.31452    G:0.17742
Average         T:0.30914    C:0.18817    A:0.25538    G:0.24731

#31: Gerenuk        
position  1:    T:0.25806    C:0.20968    A:0.21774    G:0.31452
position  2:    T:0.33871    C:0.17742    A:0.23387    G:0.25000
position  3:    T:0.33871    C:0.16935    A:0.32258    G:0.16935
Average         T:0.31183    C:0.18548    A:0.25806    G:0.24462

#32: CommonEland    
position  1:    T:0.25000    C:0.21774    A:0.21774    G:0.31452
position  2:    T:0.33871    C:0.17742    A:0.23387    G:0.25000
position  3:    T:0.33871    C:0.16935    A:0.31452    G:0.17742
Average         T:0.30914    C:0.18817    A:0.25538    G:0.24731

#33: MuntiacusReevesi
position  1:    T:0.25000    C:0.21774    A:0.21774    G:0.31452
position  2:    T:0.33871    C:0.17742    A:0.23387    G:0.25000
position  3:    T:0.33871    C:0.16935    A:0.31452    G:0.17742
Average         T:0.30914    C:0.18817    A:0.25538    G:0.24731

#34: HarveysDuiker  
position  1:    T:0.25000    C:0.21774    A:0.21774    G:0.31452
position  2:    T:0.33871    C:0.17742    A:0.23387    G:0.25000
position  3:    T:0.33871    C:0.16935    A:0.29032    G:0.20161
Average         T:0.30914    C:0.18817    A:0.24731    G:0.25538

#35: Pronghorn      
position  1:    T:0.25000    C:0.21774    A:0.20968    G:0.32258
position  2:    T:0.33871    C:0.17742    A:0.23387    G:0.25000
position  3:    T:0.33871    C:0.16935    A:0.32258    G:0.16935
Average         T:0.30914    C:0.18817    A:0.25538    G:0.24731

#36: BlueWildebeest 
position  1:    T:0.25000    C:0.21774    A:0.21774    G:0.31452
position  2:    T:0.33871    C:0.17742    A:0.23387    G:0.25000
position  3:    T:0.33871    C:0.16935    A:0.32258    G:0.16935
Average         T:0.30914    C:0.18817    A:0.25806    G:0.24462

#37: Gemsbok        
position  1:    T:0.25000    C:0.21774    A:0.21774    G:0.31452
position  2:    T:0.33871    C:0.17742    A:0.23387    G:0.25000
position  3:    T:0.33065    C:0.17742    A:0.32258    G:0.16935
Average         T:0.30645    C:0.19086    A:0.25806    G:0.24462

#38: Yak            
position  1:    T:0.25000    C:0.21774    A:0.21774    G:0.31452
position  2:    T:0.33871    C:0.17742    A:0.23387    G:0.25000
position  3:    T:0.33065    C:0.18548    A:0.29839    G:0.18548
Average         T:0.30645    C:0.19355    A:0.25000    G:0.25000

#39: BlueSheep      
position  1:    T:0.25000    C:0.21774    A:0.21774    G:0.31452
position  2:    T:0.33871    C:0.17742    A:0.23387    G:0.25000
position  3:    T:0.33871    C:0.16935    A:0.31452    G:0.17742
Average         T:0.30914    C:0.18817    A:0.25538    G:0.24731

#40: BohorReedbuck  
position  1:    T:0.24194    C:0.22581    A:0.21774    G:0.31452
position  2:    T:0.33871    C:0.17742    A:0.23387    G:0.25000
position  3:    T:0.33871    C:0.16935    A:0.31452    G:0.17742
Average         T:0.30645    C:0.19086    A:0.25538    G:0.24731

#41: KirksDik       
position  1:    T:0.25000    C:0.21774    A:0.21774    G:0.31452
position  2:    T:0.33871    C:0.17742    A:0.23387    G:0.25000
position  3:    T:0.33065    C:0.17742    A:0.31452    G:0.17742
Average         T:0.30645    C:0.19086    A:0.25538    G:0.24731

#42: RoeDeer        
position  1:    T:0.25000    C:0.21774    A:0.21774    G:0.31452
position  2:    T:0.33871    C:0.17742    A:0.23387    G:0.25000
position  3:    T:0.33871    C:0.16935    A:0.30645    G:0.18548
Average         T:0.30914    C:0.18817    A:0.25269    G:0.25000

#43: WhiteLippedDeer
position  1:    T:0.25000    C:0.21774    A:0.21774    G:0.31452
position  2:    T:0.33871    C:0.17742    A:0.23387    G:0.25000
position  3:    T:0.33871    C:0.16935    A:0.30645    G:0.18548
Average         T:0.30914    C:0.18817    A:0.25269    G:0.25000

#44: ThomsonGazelle 
position  1:    T:0.25806    C:0.20968    A:0.21774    G:0.31452
position  2:    T:0.33871    C:0.17742    A:0.23387    G:0.25000
position  3:    T:0.33871    C:0.16935    A:0.31452    G:0.17742
Average         T:0.31183    C:0.18548    A:0.25538    G:0.24731

#45: MuntiacusCrinifrons
position  1:    T:0.25000    C:0.21774    A:0.21774    G:0.31452
position  2:    T:0.33871    C:0.17742    A:0.23387    G:0.25000
position  3:    T:0.33871    C:0.16935    A:0.30645    G:0.18548
Average         T:0.30914    C:0.18817    A:0.25269    G:0.25000

#46: WhiteTailedDeer
position  1:    T:0.25000    C:0.21774    A:0.21774    G:0.31452
position  2:    T:0.33871    C:0.17742    A:0.23387    G:0.25000
position  3:    T:0.33871    C:0.16935    A:0.30645    G:0.18548
Average         T:0.30914    C:0.18817    A:0.25269    G:0.25000

#47: Cattle         
position  1:    T:0.25000    C:0.21774    A:0.21774    G:0.31452
position  2:    T:0.33871    C:0.17742    A:0.23387    G:0.25000
position  3:    T:0.33065    C:0.18548    A:0.29839    G:0.18548
Average         T:0.30645    C:0.19355    A:0.25000    G:0.25000

#48: RoyalAntelope  
position  1:    T:0.25000    C:0.21774    A:0.21774    G:0.31452
position  2:    T:0.33871    C:0.17742    A:0.23387    G:0.25000
position  3:    T:0.33871    C:0.16935    A:0.31452    G:0.17742
Average         T:0.30914    C:0.18817    A:0.25538    G:0.24731

#49: Steenbok       
position  1:    T:0.25806    C:0.20968    A:0.21774    G:0.31452
position  2:    T:0.33871    C:0.17742    A:0.23387    G:0.25000
position  3:    T:0.33065    C:0.17742    A:0.30645    G:0.18548
Average         T:0.30914    C:0.18817    A:0.25269    G:0.25000

#50: Impala         
position  1:    T:0.25000    C:0.21774    A:0.21774    G:0.31452
position  2:    T:0.33871    C:0.17742    A:0.23387    G:0.25000
position  3:    T:0.33871    C:0.16935    A:0.29839    G:0.19355
Average         T:0.30914    C:0.18817    A:0.25000    G:0.25269

#51: Klipspringer   
position  1:    T:0.25000    C:0.21774    A:0.21774    G:0.31452
position  2:    T:0.33871    C:0.17742    A:0.23387    G:0.25000
