1
52 1
Argali 0.000000 0.146400 0.090500 0.127600 0.078600 0.000000 0.046700 0.051700 0.097400 0.084600 0.020300 0.073900 0.047200 0.041400 0.063100 0.084400 0.068500 0.079300 0.030900 0.096700 0.068200 0.025600 0.096000 0.084400 0.020300 0.062800 0.047200 0.091500 0.078900 0.090900 0.084600 0.046500 0.091200 0.047100 0.057800 0.087900 0.020300 0.073100 0.062800 0.090400 0.096000 0.062300 0.084600 0.090200 0.087800 0.051700 0.041300 0.051900 0.073600 0.074400 0.097400 0.096700
LesserMous 0.146400 0.000000 0.154900 0.153400 0.121300 0.146400 0.134700 0.148100 0.143500 0.114500 0.134600 0.143400 0.140800 0.127800 0.141300 0.140300 0.120400 0.137300 0.128400 0.148800 0.153300 0.128100 0.114500 0.132100 0.134600 0.153200 0.140800 0.149600 0.153900 0.149000 0.114500 0.122000 0.147100 0.141000 0.140700 0.143100 0.134600 0.127000 0.152300 0.121000 0.125700 0.140500 0.114500 0.120800 0.142900 0.133700 0.124500 0.140200 0.128100 0.157100 0.143500 0.148800
LesserKudu 0.090500 0.154900 0.000000 0.140900 0.099500 0.090500 0.080000 0.085100 0.015000 0.090300 0.079300 0.055900 0.091000 0.074400 0.088700 0.093800 0.071500 0.066200 0.073500 0.020100 0.103100 0.073000 0.090600 0.073600 0.079300 0.085600 0.091000 0.010000 0.100300 0.010000 0.090300 0.080600 0.093800 0.090700 0.090400 0.055300 0.079300 0.093700 0.084900 0.084900 0.090600 0.077100 0.090300 0.084800 0.055300 0.073900 0.074000 0.096800 0.088100 0.068200 0.015000 0.020100
KillerWhal 0.127600 0.153400 0.140900 0.000000 0.133900 0.127600 0.122400 0.117500 0.135500 0.127700 0.122000 0.131900 0.128800 0.115900 0.134400 0.128500 0.108900 0.120100 0.111100 0.135200 0.122600 0.115800 0.133900 0.121300 0.122000 0.128200 0.128800 0.141500 0.141400 0.141300 0.127700 0.122700 0.121200 0.128900 0.110900 0.125700 0.122000 0.127700 0.127600 0.127400 0.134000 0.116000 0.127700 0.127700 0.125600 0.127800 0.111800 0.140200 0.130300 0.138700 0.135500 0.135200
DefassaWat 0.078600 0.121300 0.099500 0.133900 0.000000 0.078600 0.041200 0.067900 0.094400 0.079000 0.067900 0.084800 0.068700 0.035900 0.068000 0.068300 0.068100 0.084600 0.057200 0.099700 0.068000 0.062500 0.079100 0.084400 0.067900 0.068200 0.068700 0.100100 0.079200 0.099900 0.079000 0.041300 0.085000 0.068700 0.068500 0.099100 0.067900 0.005000 0.064800 0.073500 0.090200 0.057200 0.079000 0.073500 0.099000 0.051900 0.046400 0.041100 0.067800 0.090800 0.094400 0.099700
Sheep 0.000000 0.146400 0.090500 0.127600 0.078600 0.000000 0.046700 0.051700 0.097400 0.084600 0.020300 0.073900 0.047200 0.041400 0.063100 0.084400 0.068500 0.079300 0.030900 0.096700 0.068200 0.025600 0.096000 0.084400 0.020300 0.062800 0.047200 0.091500 0.078900 0.090900 0.084600 0.046500 0.091200 0.047100 0.057800 0.087900 0.020300 0.073100 0.062800 0.090400 0.096000 0.062300 0.084600 0.090200 0.087800 0.051700 0.041300 0.051900 0.073600 0.074400 0.097400 0.096700
MaxwellsDu 0.046700 0.134700 0.080000 0.122400 0.041200 0.046700 0.000000 0.036100 0.086700 0.079600 0.036200 0.068800 0.036500 0.005100 0.046900 0.057900 0.057800 0.074200 0.025700 0.091500 0.046900 0.030900 0.079700 0.079400 0.036200 0.036300 0.036500 0.080800 0.057900 0.080300 0.079600 0.010200 0.074500 0.036500 0.047200 0.082300 0.036200 0.036000 0.036300 0.074100 0.090900 0.036200 0.079600 0.074000 0.082300 0.020500 0.015300 0.052200 0.046700 0.058100 0.086700 0.091500
GazellaPrz 0.051700 0.148100 0.085100 0.117500 0.067900 0.051700 0.036100 0.000000 0.091700 0.073600 0.041200 0.073900 0.041700 0.030800 0.062700 0.063100 0.063100 0.068300 0.030800 0.090800 0.062800 0.036000 0.073700 0.073400 0.041200 0.041400 0.041700 0.085900 0.062800 0.085300 0.073600 0.036200 0.102500 0.041700 0.052400 0.084800 0.041200 0.062400 0.030800 0.068200 0.084800 0.041200 0.073600 0.068100 0.084600 0.046700 0.020400 0.057300 0.062500 0.074400 0.091700 0.090800
MountainNy 0.097400 0.143500 0.015000 0.135500 0.094400 0.097400 0.086700 0.091700 0.000000 0.073900 0.086000 0.051400 0.097800 0.081100 0.095100 0.088700 0.066300 0.072600 0.080000 0.005000 0.098100 0.079600 0.074100 0.057400 0.086000 0.092300 0.097800 0.005000 0.106800 0.005000 0.073900 0.081500 0.076900 0.097400 0.085400 0.050800 0.086000 0.088700 0.091400 0.068600 0.074100 0.083400 0.073900 0.068500 0.050700 0.080600 0.080500 0.091800 0.094500 0.063200 0.000000 0.005000
MuntiacusM 0.084600 0.114500 0.090300 0.127700 0.079000 0.084600 0.079600 0.073600 0.073900 0.000000 0.084800 0.068300 0.087100 0.073700 0.096300 0.085100 0.052200 0.057400 0.073900 0.079500 0.090600 0.079200 0.010100 0.015200 0.084800 0.085000 0.087100 0.079400 0.096400 0.079400 0.000000 0.074100 0.079900 0.087100 0.086900 0.079200 0.084800 0.073400 0.073900 0.015300 0.010100 0.073700 0.000000 0.015200 0.079100 0.087000 0.073700 0.084500 0.095900 0.079900 0.073900 0.079500
goat 0.020300 0.134600 0.079300 0.122000 0.067900 0.020300 0.036200 0.041200 0.086000 0.084800 0.000000 0.074100 0.036500 0.030800 0.051900 0.073600 0.057700 0.068500 0.010200 0.084900 0.062900 0.005100 0.073900 0.073600 0.000000 0.052100 0.036500 0.080200 0.068100 0.079600 0.084800 0.036000 0.080100 0.036500 0.036400 0.076700 0.000000 0.062400 0.052100 0.068400 0.085000 0.051700 0.084800 0.068300 0.076700 0.030800 0.030800 0.046700 0.052000 0.063500 0.086000 0.084900
AfricanBuf 0.073900 0.143400 0.055900 0.131900 0.084800 0.073900 0.068800 0.073900 0.051400 0.068300 0.074100 0.000000 0.086200 0.063100 0.085400 0.079500 0.052300 0.052200 0.074100 0.055600 0.091100 0.079600 0.079500 0.062700 0.074100 0.074300 0.086200 0.046100 0.080000 0.045500 0.068300 0.063400 0.085700 0.086200 0.097400 0.030600 0.074100 0.079200 0.074100 0.073900 0.079400 0.063100 0.068300 0.073800 0.030500 0.080000 0.063100 0.079500 0.085100 0.063400 0.051400 0.055600
Topi 0.047200 0.140800 0.091000 0.128800 0.068700 0.047200 0.036500 0.041700 0.097800 0.087100 0.036500 0.086200 0.000000 0.031100 0.064000 0.075400 0.074900 0.091600 0.031200 0.096800 0.063700 0.031100 0.087100 0.086800 0.036500 0.052800 0.000000 0.091900 0.075400 0.092100 0.087100 0.036600 0.098100 0.000000 0.031100 0.100300 0.036500 0.063200 0.052600 0.081300 0.098400 0.052800 0.087100 0.081400 0.100200 0.036400 0.031100 0.063500 0.063500 0.080900 0.097800 0.096800
CommonDuik 0.041400 0.127800 0.074400 0.115900 0.035900 0.041400 0.005100 0.030800 0.081100 0.073700 0.030800 0.063100 0.031100 0.000000 0.041500 0.052500 0.052200 0.068400 0.020400 0.085700 0.041400 0.025600 0.073800 0.073500 0.030800 0.031000 0.031100 0.075300 0.052500 0.074600 0.073700 0.005100 0.080000 0.031100 0.041700 0.076300 0.030800 0.030600 0.030900 0.068300 0.084900 0.030900 0.073700 0.068200 0.076300 0.015300 0.010100 0.046700 0.041300 0.063500 0.081100 0.085700
Suni 0.063100 0.141300 0.088700 0.134400 0.068000 0.063100 0.046900 0.062700 0.095100 0.096300 0.051900 0.085400 0.064000 0.041500 0.000000 0.073600 0.063300 0.079800 0.041500 0.100400 0.074000 0.046800 0.085200 0.084900 0.051900 0.063000 0.064000 0.089300 0.073800 0.089000 0.096300 0.046700 0.091700 0.063800 0.063700 0.088300 0.051900 0.062500 0.063100 0.079600 0.096500 0.051900 0.096300 0.079500 0.088300 0.046700 0.041400 0.079500 0.052100 0.074500 0.095100 0.100400
Springbuck 0.084400 0.140300 0.093800 0.128500 0.068300 0.084400 0.057900 0.063100 0.088700 0.085100 0.073600 0.079500 0.075400 0.052500 0.073600 0.000000 0.085700 0.079800 0.063200 0.093800 0.063100 0.068600 0.085200 0.084900 0.073600 0.020600 0.075400 0.094400 0.031000 0.094100 0.085100 0.057600 0.103100 0.075100 0.074700 0.093600 0.073600 0.062800 0.057700 0.079700 0.096500 0.020400 0.085100 0.079600 0.093500 0.068400 0.052200 0.079600 0.074100 0.097400 0.088700 0.093800
Okapi 0.068500 0.120400 0.071500 0.108900 0.068100 0.068500 0.057800 0.063100 0.066300 0.052200 0.057700 0.052300 0.074900 0.052200 0.063300 0.085700 0.000000 0.020500 0.052400 0.071300 0.079900 0.057700 0.052300 0.046700 0.057700 0.074400 0.074900 0.060700 0.079800 0.060400 0.052200 0.052500 0.058200 0.075000 0.074900 0.054800 0.057700 0.062600 0.063300 0.046900 0.052300 0.063200 0.052200 0.046800 0.052200 0.057900 0.052300 0.068400 0.063100 0.058100 0.066300 0.071300
Giraffe 0.079300 0.137300 0.066200 0.120100 0.084600 0.079300 0.074200 0.068300 0.072600 0.057400 0.068500 0.052200 0.091600 0.068400 0.079800 0.079800 0.020500 0.000000 0.068500 0.077300 0.085300 0.073900 0.057500 0.051900 0.068500 0.068600 0.091600 0.066900 0.074300 0.066400 0.057400 0.068800 0.074500 0.091700 0.091500 0.052100 0.068500 0.079000 0.068500 0.052100 0.057400 0.057600 0.057400 0.052000 0.052100 0.074300 0.068400 0.079200 0.079400 0.063400 0.072600 0.077300
TibetanAnt 0.030900 0.128400 0.073500 0.111100 0.057200 0.030900 0.025700 0.030800 0.080000 0.073900 0.010200 0.074100 0.031200 0.020400 0.041500 0.063200 0.052400 0.068500 0.000000 0.079100 0.052200 0.005100 0.063000 0.062800 0.010200 0.041500 0.031200 0.074200 0.063100 0.073700 0.073900 0.025700 0.080200 0.031200 0.031200 0.076200 0.010200 0.051800 0.041400 0.057600 0.074000 0.041400 0.073900 0.057500 0.076200 0.025700 0.020400 0.057500 0.041400 0.063600 0.080000 0.079100
Sitatunga 0.096700 0.148800 0.020100 0.135200 0.099700 0.096700 0.091500 0.090800 0.005000 0.079500 0.084900 0.055600 0.096800 0.085700 0.100400 0.093800 0.071300 0.077300 0.079100 0.000000 0.103000 0.078600 0.079700 0.062800 0.084900 0.097100 0.096800 0.010000 0.112100 0.010000 0.079500 0.086200 0.082100 0.096600 0.084600 0.055000 0.084900 0.093900 0.097100 0.074100 0.079600 0.088400 0.079500 0.074000 0.054900 0.085300 0.085300 0.096500 0.099700 0.068000 0.005000 0.000000
Oribi 0.068200 0.153300 0.103100 0.122600 0.068000 0.068200 0.046900 0.062800 0.098100 0.090600 0.062900 0.091100 0.063700 0.041400 0.074000 0.063100 0.079900 0.085300 0.052200 0.103000 0.000000 0.057500 0.096400 0.090400 0.062900 0.052300 0.063700 0.104000 0.074200 0.103400 0.090600 0.046900 0.097400 0.063700 0.063500 0.105200 0.062900 0.062600 0.057600 0.090700 0.102100 0.052100 0.090600 0.090600 0.105200 0.057600 0.041400 0.062700 0.073700 0.091700 0.098100 0.103000
BarbaryShe 0.025600 0.128100 0.073000 0.115800 0.062500 0.025600 0.030900 0.036000 0.079600 0.079200 0.005100 0.079600 0.031100 0.025600 0.046800 0.068600 0.057700 0.073900 0.005100 0.078600 0.057500 0.000000 0.068400 0.068100 0.005100 0.046800 0.031100 0.073800 0.068600 0.073300 0.079200 0.030900 0.074500 0.031100 0.031100 0.082000 0.005100 0.057000 0.046700 0.062900 0.079400 0.046700 0.079200 0.062800 0.082000 0.025700 0.025600 0.052000 0.046600 0.058000 0.079600 0.078600
Daviddeer 0.096000 0.114500 0.090600 0.133900 0.079100 0.096000 0.079700 0.073700 0.074100 0.010100 0.073900 0.079500 0.087100 0.073800 0.085200 0.085200 0.052300 0.057500 0.063000 0.079700 0.096400 0.068400 0.000000 0.015200 0.073900 0.085100 0.087100 0.079700 0.096600 0.079600 0.010100 0.074200 0.080000 0.087100 0.075600 0.079400 0.073900 0.073600 0.074000 0.005100 0.010100 0.073800 0.010100 0.005100 0.079300 0.075700 0.073800 0.090100 0.084900 0.080100 0.074100 0.079700
Reindeer 0.084400 0.132100 0.073600 0.121300 0.084400 0.084400 0.079400 0.073400 0.057400 0.015200 0.073600 0.062700 0.086800 0.073500 0.084900 0.084900 0.046700 0.051900 0.062800 0.062800 0.090400 0.068100 0.015200 0.000000 0.073600 0.084800 0.086800 0.062800 0.096200 0.062600 0.015200 0.073900 0.074200 0.086800 0.075200 0.062600 0.073600 0.078800 0.073700 0.010100 0.015200 0.073500 0.015200 0.010100 0.062500 0.075300 0.073500 0.089900 0.084500 0.063100 0.057400 0.062800
Ibex 0.020300 0.134600 0.079300 0.122000 0.067900 0.020300 0.036200 0.041200 0.086000 0.084800 0.000000 0.074100 0.036500 0.030800 0.051900 0.073600 0.057700 0.068500 0.010200 0.084900 0.062900 0.005100 0.073900 0.073600 0.000000 0.052100 0.036500 0.080200 0.068100 0.079600 0.084800 0.036000 0.080100 0.036500 0.036400 0.076700 0.000000 0.062400 0.052100 0.068400 0.085000 0.051700 0.084800 0.068300 0.076700 0.030800 0.030800 0.046700 0.052000 0.063500 0.086000 0.084900
GyrantGaze 0.062800 0.153200 0.085600 0.128200 0.068200 0.062800 0.036300 0.041400 0.092300 0.085000 0.052100 0.074300 0.052800 0.031000 0.063000 0.020600 0.074400 0.068600 0.041500 0.097100 0.052300 0.046800 0.085100 0.084800 0.052100 0.000000 0.052800 0.086400 0.020600 0.085800 0.085000 0.036400 0.103100 0.052800 0.063600 0.088000 0.052100 0.062700 0.036300 0.079600 0.096400 0.010200 0.085000 0.079400 0.087900 0.047000 0.030900 0.068500 0.062900 0.074800 0.092300 0.097100
Hartebeest 0.047200 0.140800 0.091000 0.128800 0.068700 0.047200 0.036500 0.041700 0.097800 0.087100 0.036500 0.086200 0.000000 0.031100 0.064000 0.075400 0.074900 0.091600 0.031200 0.096800 0.063700 0.031100 0.087100 0.086800 0.036500 0.052800 0.000000 0.091900 0.075400 0.092100 0.087100 0.036600 0.098100 0.000000 0.031100 0.100300 0.036500 0.063200 0.052600 0.081300 0.098400 0.052800 0.087100 0.081400 0.100200 0.036400 0.031100 0.063500 0.063500 0.080900 0.097800 0.096800
Bongo 0.091500 0.149600 0.010000 0.141500 0.100100 0.091500 0.080800 0.085900 0.005000 0.079400 0.080200 0.046100 0.091900 0.075300 0.089300 0.094400 0.060700 0.066900 0.074200 0.010000 0.104000 0.073800 0.079700 0.062800 0.080200 0.086400 0.091900 0.000000 0.100900 0.000000 0.079400 0.075700 0.082600 0.091500 0.091200 0.045300 0.080200 0.094300 0.085600 0.074000 0.079600 0.077600 0.079400 0.074000 0.045300 0.074800 0.074700 0.097600 0.088700 0.057400 0.005000 0.010000
Gerenuk 0.078900 0.153900 0.100300 0.141400 0.079200 0.078900 0.057900 0.062800 0.106800 0.096400 0.068100 0.080000 0.075400 0.052500 0.073800 0.031000 0.079800 0.074300 0.063100 0.112100 0.074200 0.068600 0.096600 0.096200 0.068100 0.020600 0.075400 0.100900 0.000000 0.100700 0.096400 0.057600 0.114900 0.075200 0.086000 0.094400 0.068100 0.073700 0.057700 0.090800 0.107900 0.020400 0.096400 0.090700 0.094400 0.068500 0.052200 0.085200 0.063100 0.097400 0.106800 0.112100
CommonElan 0.090900 0.149000 0.010000 0.141300 0.099900 0.090900 0.080300 0.085300 0.005000 0.079400 0.079600 0.045500 0.092100 0.074600 0.089000 0.094100 0.060400 0.066400 0.073700 0.010000 0.103400 0.073300 0.079600 0.062600 0.079600 0.085800 0.092100 0.000000 0.100700 0.000000 0.079400 0.075100 0.082400 0.091700 0.090700 0.044600 0.079600 0.094100 0.085100 0.074000 0.079300 0.077300 0.079400 0.073900 0.044500 0.074200 0.074200 0.097100 0.088400 0.056900 0.005000 0.010000
MuntiacusR 0.084600 0.114500 0.090300 0.127700 0.079000 0.084600 0.079600 0.073600 0.073900 0.000000 0.084800 0.068300 0.087100 0.073700 0.096300 0.085100 0.052200 0.057400 0.073900 0.079500 0.090600 0.079200 0.010100 0.015200 0.084800 0.085000 0.087100 0.079400 0.096400 0.079400 0.000000 0.074100 0.079900 0.087100 0.086900 0.079200 0.084800 0.073400 0.073900 0.015300 0.010100 0.073700 0.000000 0.015200 0.079100 0.087000 0.073700 0.084500 0.095900 0.079900 0.073900 0.079500
HarveysDui 0.046500 0.122000 0.080600 0.122700 0.041300 0.046500 0.010200 0.036200 0.081500 0.074100 0.036000 0.063400 0.036600 0.005100 0.046700 0.057600 0.052500 0.068800 0.025700 0.086200 0.046900 0.030900 0.074200 0.073900 0.036000 0.036400 0.036600 0.075700 0.057600 0.075100 0.074100 0.000000 0.080400 0.036600 0.047300 0.077000 0.036000 0.036000 0.036300 0.068700 0.085300 0.036100 0.074100 0.068600 0.077000 0.020500 0.015300 0.052200 0.046800 0.063800 0.081500 0.086200
Pronghorn 0.091200 0.147100 0.093800 0.121200 0.085000 0.091200 0.074500 0.102500 0.076900 0.079900 0.080100 0.085700 0.098100 0.080000 0.091700 0.103100 0.058200 0.074500 0.080200 0.082100 0.097400 0.074500 0.080000 0.074200 0.080100 0.103100 0.098100 0.082600 0.114900 0.082400 0.079900 0.080400 0.000000 0.098300 0.075300 0.085700 0.080100 0.079400 0.103000 0.074400 0.080000 0.091400 0.079900 0.074300 0.085600 0.080300 0.080100 0.080000 0.093400 0.063800 0.076900 0.082100
BlueWildeb 0.047100 0.141000 0.090700 0.128900 0.068700 0.047100 0.036500 0.041700 0.097400 0.087100 0.036500 0.086200 0.000000 0.031100 0.063800 0.075100 0.075000 0.091700 0.031200 0.096600 0.063700 0.031100 0.087100 0.086800 0.036500 0.052800 0.000000 0.091500 0.075200 0.091700 0.087100 0.036600 0.098300 0.000000 0.031100 0.100100 0.036500 0.063200 0.052700 0.081300 0.098500 0.052700 0.087100 0.081400 0.100100 0.036300 0.031200 0.063600 0.063500 0.081000 0.097400 0.096600
Gemsbok 0.057800 0.140700 0.090400 0.110900 0.068500 0.057800 0.047200 0.052400 0.085400 0.086900 0.036400 0.097400 0.031100 0.041700 0.063700 0.074700 0.074900 0.091500 0.031200 0.084600 0.063500 0.031100 0.075600 0.075200 0.036400 0.063600 0.031100 0.091200 0.086000 0.090700 0.086900 0.047300 0.075300 0.031100 0.000000 0.099900 0.036400 0.063000 0.063500 0.069900 0.086700 0.063400 0.086900 0.069900 0.099800 0.036300 0.041700 0.063400 0.063400 0.080900 0.085400 0.084600
Yak 0.087900 0.143100 0.055300 0.125700 0.099100 0.087900 0.082300 0.084800 0.050800 0.079200 0.076700 0.030600 0.100300 0.076300 0.088300 0.093600 0.054800 0.052100 0.076200 0.055000 0.105200 0.082000 0.079400 0.062600 0.076700 0.088000 0.100300 0.045300 0.094400 0.044600 0.079200 0.077000 0.085700 0.100100 0.099900 0.000000 0.076700 0.093200 0.087200 0.073700 0.079300 0.076600 0.079200 0.073700 0.010000 0.082700 0.073300 0.092900 0.087800 0.063300 0.050800 0.055000
BlueSheep 0.020300 0.134600 0.079300 0.122000 0.067900 0.020300 0.036200 0.041200 0.086000 0.084800 0.000000 0.074100 0.036500 0.030800 0.051900 0.073600 0.057700 0.068500 0.010200 0.084900 0.062900 0.005100 0.073900 0.073600 0.000000 0.052100 0.036500 0.080200 0.068100 0.079600 0.084800 0.036000 0.080100 0.036500 0.036400 0.076700 0.000000 0.062400 0.052100 0.068400 0.085000 0.051700 0.084800 0.068300 0.076700 0.030800 0.030800 0.046700 0.052000 0.063500 0.086000 0.084900
BohorReedb 0.073100 0.127000 0.093700 0.127700 0.005000 0.073100 0.036000 0.062400 0.088700 0.073400 0.062400 0.079200 0.063200 0.030600 0.062500 0.062800 0.062600 0.079000 0.051800 0.093900 0.062600 0.057000 0.073600 0.078800 0.062400 0.062700 0.063200 0.094300 0.073700 0.094100 0.073400 0.036000 0.079400 0.063200 0.063000 0.093200 0.062400 0.000000 0.059100 0.068000 0.084600 0.051800 0.073400 0.068000 0.093200 0.046500 0.041100 0.035800 0.062300 0.085100 0.088700 0.093900
KirksDik 0.062800 0.152300 0.084900 0.127600 0.064800 0.062800 0.036300 0.030800 0.091400 0.073900 0.052100 0.074100 0.052600 0.030900 0.063100 0.057700 0.063300 0.068500 0.041400 0.097100 0.057600 0.046700 0.074000 0.073700 0.052100 0.036300 0.052600 0.085600 0.057700 0.085100 0.073900 0.036300 0.103000 0.052700 0.063500 0.087200 0.052100 0.059100 0.000000 0.068500 0.085100 0.036100 0.073900 0.068400 0.087200 0.047000 0.030900 0.065100 0.062800 0.074600 0.091400 0.097100
RoeDeer 0.090400 0.121000 0.084900 0.127400 0.073500 0.090400 0.074100 0.068200 0.068600 0.015300 0.068400 0.073900 0.081300 0.068300 0.079600 0.079700 0.046900 0.052100 0.057600 0.074100 0.090700 0.062900 0.005100 0.010100 0.068400 0.079600 0.081300 0.074000 0.090800 0.074000 0.015300 0.068700 0.074400 0.081300 0.069900 0.073700 0.068400 0.068000 0.068500 0.000000 0.015300 0.068300 0.015300 0.000000 0.073600 0.070000 0.068300 0.084600 0.079200 0.074200 0.068600 0.074100
WhiteLippe 0.096000 0.125700 0.090600 0.134000 0.090200 0.096000 0.090900 0.084800 0.074100 0.010100 0.085000 0.079400 0.098400 0.084900 0.096500 0.096500 0.052300 0.057400 0.074000 0.079600 0.102100 0.079400 0.010100 0.015200 0.085000 0.096400 0.098400 0.079600 0.107900 0.079300 0.010100 0.085300 0.080000 0.098500 0.086700 0.079300 0.085000 0.084600 0.085100 0.015300 0.000000 0.084900 0.010100 0.015300 0.079200 0.086800 0.084900 0.095800 0.096000 0.080000 0.074100 0.079600
ThomsonGaz 0.062300 0.140500 0.077100 0.116000 0.057200 0.062300 0.036200 0.041200 0.083400 0.073700 0.051700 0.063100 0.052800 0.030900 0.051900 0.020400 0.063200 0.057600 0.041400 0.088400 0.052100 0.046700 0.073800 0.073500 0.051700 0.010200 0.052800 0.077600 0.020400 0.077300 0.073700 0.036100 0.091400 0.052700 0.063400 0.076600 0.051700 0.051800 0.036100 0.068300 0.084900 0.000000 0.073700 0.068200 0.076600 0.046600 0.030800 0.068300 0.052000 0.074500 0.083400 0.088400
MuntiacusC 0.084600 0.114500 0.090300 0.127700 0.079000 0.084600 0.079600 0.073600 0.073900 0.000000 0.084800 0.068300 0.087100 0.073700 0.096300 0.085100 0.052200 0.057400 0.073900 0.079500 0.090600 0.079200 0.010100 0.015200 0.084800 0.085000 0.087100 0.079400 0.096400 0.079400 0.000000 0.074100 0.079900 0.087100 0.086900 0.079200 0.084800 0.073400 0.073900 0.015300 0.010100 0.073700 0.000000 0.015200 0.079100 0.087000 0.073700 0.084500 0.095900 0.079900 0.073900 0.079500
WhiteTaile 0.090200 0.120800 0.084800 0.127700 0.073500 0.090200 0.074000 0.068100 0.068500 0.015200 0.068300 0.073800 0.081400 0.068200 0.079500 0.079600 0.046800 0.052000 0.057500 0.074000 0.090600 0.062800 0.005100 0.010100 0.068300 0.079400 0.081400 0.074000 0.090700 0.073900 0.015200 0.068600 0.074300 0.081400 0.069900 0.073700 0.068300 0.068000 0.068400 0.000000 0.015300 0.068200 0.015200 0.000000 0.073600 0.070100 0.068200 0.084400 0.079200 0.074300 0.068500 0.074000
Cattle 0.087800 0.142900 0.055300 0.125600 0.099000 0.087800 0.082300 0.084600 0.050700 0.079100 0.076700 0.030500 0.100200 0.076300 0.088300 0.093500 0.052200 0.052100 0.076200 0.054900 0.105200 0.082000 0.079300 0.062500 0.076700 0.087900 0.100200 0.045300 0.094400 0.044500 0.079100 0.077000 0.085600 0.100100 0.099800 0.010000 0.076700 0.093200 0.087200 0.073600 0.079200 0.076600 0.079100 0.073600 0.000000 0.082600 0.073200 0.092800 0.087800 0.063200 0.050700 0.054900
RoyalAntel 0.051700 0.133700 0.073900 0.127800 0.051900 0.051700 0.020500 0.046700 0.080600 0.087000 0.030800 0.080000 0.036400 0.015300 0.046700 0.068400 0.057900 0.074300 0.025700 0.085300 0.057600 0.025700 0.075700 0.075300 0.030800 0.047000 0.036400 0.074800 0.068500 0.074200 0.087000 0.020500 0.080300 0.036300 0.036300 0.082700 0.030800 0.046500 0.047000 0.070000 0.086800 0.046600 0.087000 0.070100 0.082600 0.000000 0.025700 0.057500 0.046800 0.063700 0.080600 0.085300
Steenbok 0.041300 0.124500 0.074000 0.111800 0.046400 0.041300 0.015300 0.020400 0.080500 0.073700 0.030800 0.063100 0.031100 0.010100 0.041400 0.052200 0.052300 0.068400 0.020400 0.085300 0.041400 0.025600 0.073800 0.073500 0.030800 0.030900 0.031100 0.074700 0.052200 0.074200 0.073700 0.015300 0.080100 0.031200 0.041700 0.073300 0.030800 0.041100 0.030900 0.068300 0.084900 0.030800 0.073700 0.068200 0.073200 0.025700 0.000000 0.046700 0.041300 0.063500 0.080500 0.085300
Impala 0.051900 0.140200 0.096800 0.140200 0.041100 0.051900 0.052200 0.057300 0.091800 0.084500 0.046700 0.079500 0.063500 0.046700 0.079500 0.079600 0.068400 0.079200 0.057500 0.096500 0.062700 0.052000 0.090100 0.089900 0.046700 0.068500 0.063500 0.097600 0.085200 0.097100 0.084500 0.052200 0.080000 0.063600 0.063400 0.092900 0.046700 0.035800 0.065100 0.084600 0.095800 0.068300 0.084500 0.084400 0.092800 0.057500 0.046700 0.000000 0.079300 0.074200 0.091800 0.096500
Klipspring 0.073600 0.128100 0.088100 0.130300 0.067800 0.073600 0.046700 0.062500 0.094500 0.095900 0.052000 0.085100 0.063500 0.041300 0.052100 0.074100 0.063100 0.079400 0.041400 0.099700 0.073700 0.046600 0.084900 0.084500 0.052000 0.062900 0.063500 0.088700 0.063100 0.088400 0.095900 0.046800 0.093400 0.063500 0.063400 0.087800 0.052000 0.062300 0.062800 0.079200 0.096000 0.052000 0.095900 0.079200 0.087800 0.046800 0.041300 0.079300 0.000000 0.085600 0.094500 0.099700
ForestMusk 0.074400 0.157100 0.068200 0.138700 0.090800 0.074400 0.058100 0.074400 0.063200 0.079900 0.063500 0.063400 0.080900 0.063500 0.074500 0.097400 0.058100 0.063400 0.063600 0.068000 0.091700 0.058000 0.080100 0.063100 0.063500 0.074800 0.080900 0.057400 0.097400 0.056900 0.079900 0.063800 0.063800 0.081000 0.080900 0.063300 0.063500 0.085100 0.074600 0.074200 0.080000 0.074500 0.079900 0.074300 0.063200 0.063700 0.063500 0.074200 0.085600 0.000000 0.063200 0.068000
Bushbuck 0.097400 0.143500 0.015000 0.135500 0.094400 0.097400 0.086700 0.091700 0.000000 0.073900 0.086000 0.051400 0.097800 0.081100 0.095100 0.088700 0.066300 0.072600 0.080000 0.005000 0.098100 0.079600 0.074100 0.057400 0.086000 0.092300 0.097800 0.005000 0.106800 0.005000 0.073900 0.081500 0.076900 0.097400 0.085400 0.050800 0.086000 0.088700 0.091400 0.068600 0.074100 0.083400 0.073900 0.068500 0.050700 0.080600 0.080500 0.091800 0.094500 0.063200 0.000000 0.005000
GreaterKud 0.096700 0.148800 0.020100 0.135200 0.099700 0.096700 0.091500 0.090800 0.005000 0.079500 0.084900 0.055600 0.096800 0.085700 0.100400 0.093800 0.071300 0.077300 0.079100 0.000000 0.103000 0.078600 0.079700 0.062800 0.084900 0.097100 0.096800 0.010000 0.112100 0.010000 0.079500 0.086200 0.082100 0.096600 0.084600 0.055000 0.084900 0.093900 0.097100 0.074100 0.079600 0.088400 0.079500 0.074000 0.054900 0.085300 0.085300 0.096500 0.099700 0.068000 0.005000 0.000000
