1
52 1
Argali 0.000000 0.271300 0.101700 0.244500 0.071500 0.016300 0.068800 0.080300 0.092500 0.113600 0.033900 0.081600 0.055600 0.062400 0.078500 0.076400 0.104500 0.110800 0.053000 0.106600 0.076800 0.043000 0.120400 0.111700 0.035000 0.076700 0.058700 0.100700 0.077400 0.096200 0.118600 0.066100 0.125600 0.065200 0.072700 0.081600 0.035100 0.068400 0.079400 0.125700 0.119300 0.080200 0.111200 0.115500 0.087200 0.080300 0.071100 0.087900 0.076900 0.103400 0.093500 0.091300
LesserMous 0.271300 0.000000 0.283500 0.319000 0.284200 0.265900 0.265500 0.275700 0.278100 0.282600 0.263600 0.270600 0.265500 0.257300 0.277800 0.271500 0.250500 0.253300 0.262800 0.287300 0.275200 0.276400 0.291500 0.277700 0.266300 0.276900 0.272600 0.280300 0.286200 0.277600 0.290500 0.262400 0.258800 0.279200 0.272800 0.259100 0.255100 0.275500 0.282400 0.275000 0.287800 0.288900 0.279200 0.277800 0.262600 0.288800 0.271300 0.284500 0.282000 0.288800 0.274900 0.273500
LesserKudu 0.101700 0.283500 0.000000 0.265800 0.109600 0.098700 0.103000 0.117200 0.044800 0.134400 0.098400 0.092800 0.096900 0.090200 0.101400 0.096300 0.120000 0.127200 0.099700 0.043500 0.112400 0.099800 0.136100 0.134700 0.099600 0.097900 0.100000 0.042400 0.111800 0.030300 0.138000 0.097600 0.132400 0.111800 0.097800 0.093000 0.090500 0.111400 0.114400 0.147900 0.136300 0.109900 0.132000 0.138500 0.096200 0.114800 0.101900 0.115400 0.100000 0.123800 0.041400 0.034700
KillerWhal 0.244500 0.319000 0.265800 0.000000 0.254400 0.249500 0.259200 0.251400 0.267300 0.251700 0.243400 0.248200 0.250500 0.242400 0.256400 0.252700 0.240300 0.244800 0.248700 0.268400 0.252600 0.253000 0.245300 0.245300 0.249100 0.245400 0.250400 0.262900 0.256700 0.258500 0.256300 0.240400 0.264000 0.263800 0.255000 0.240700 0.239700 0.249700 0.260500 0.258000 0.246100 0.254100 0.246800 0.261400 0.243600 0.272200 0.257200 0.266400 0.244400 0.268400 0.269300 0.254600
DefassaWat 0.071500 0.284200 0.109600 0.254400 0.000000 0.073400 0.083000 0.083900 0.097500 0.119100 0.063900 0.085200 0.068800 0.064800 0.081200 0.077400 0.110900 0.117000 0.077600 0.110600 0.087500 0.075700 0.130700 0.121900 0.067300 0.075600 0.074200 0.104800 0.086600 0.102500 0.124000 0.072000 0.134200 0.078800 0.080300 0.086300 0.061700 0.025300 0.086900 0.137400 0.124800 0.087400 0.116700 0.123300 0.091100 0.086000 0.078300 0.084400 0.080200 0.111000 0.106000 0.097700
Sheep 0.016300 0.265900 0.098700 0.249500 0.073400 0.000000 0.063400 0.080600 0.089500 0.108500 0.026300 0.078400 0.047900 0.059300 0.075700 0.068700 0.099400 0.103300 0.043100 0.106000 0.073700 0.035400 0.113700 0.110000 0.027400 0.071300 0.051000 0.100100 0.076700 0.095500 0.111100 0.063000 0.116200 0.057800 0.062900 0.082200 0.027500 0.067900 0.078700 0.120400 0.112700 0.074900 0.103600 0.116200 0.085400 0.074900 0.068000 0.084900 0.066800 0.101700 0.092800 0.093000
MaxwellsDu 0.068800 0.265500 0.103000 0.259200 0.083000 0.063400 0.000000 0.076300 0.097200 0.118800 0.060900 0.085900 0.066000 0.046700 0.073900 0.063100 0.104600 0.111900 0.067700 0.106600 0.077400 0.065800 0.125500 0.120400 0.062000 0.063300 0.071400 0.105400 0.075900 0.095900 0.118800 0.043200 0.125200 0.076000 0.079900 0.084800 0.055200 0.080000 0.076800 0.133600 0.119400 0.068000 0.108900 0.123000 0.088000 0.072700 0.065900 0.082900 0.071300 0.109500 0.099400 0.093500
GazellaPrz 0.080300 0.275700 0.117200 0.251400 0.083900 0.080600 0.076300 0.000000 0.108900 0.125900 0.072300 0.091500 0.075100 0.061600 0.079500 0.057000 0.120100 0.120000 0.079200 0.120800 0.068700 0.074900 0.132600 0.120000 0.073400 0.054800 0.078200 0.117200 0.067300 0.107700 0.125900 0.061800 0.137300 0.085100 0.081900 0.093800 0.068900 0.080800 0.067100 0.140800 0.131600 0.066400 0.118500 0.125100 0.097100 0.084300 0.057400 0.094500 0.082900 0.123900 0.113700 0.105200
MountainNy 0.092500 0.278100 0.044800 0.267300 0.097500 0.089500 0.097200 0.108900 0.000000 0.128300 0.089300 0.084700 0.093300 0.084500 0.093200 0.090600 0.105700 0.117700 0.095100 0.035800 0.105300 0.088300 0.132600 0.128700 0.092800 0.092100 0.094000 0.023800 0.101200 0.031500 0.129600 0.089500 0.128800 0.103400 0.089600 0.084800 0.083800 0.095600 0.103300 0.141800 0.131600 0.101700 0.123500 0.130100 0.088000 0.106500 0.093700 0.113200 0.096600 0.113000 0.040400 0.029300
MuntiacusM 0.113600 0.282600 0.134400 0.251700 0.119100 0.108500 0.118800 0.125900 0.128300 0.000000 0.103300 0.116700 0.108700 0.106400 0.113800 0.116600 0.114600 0.122200 0.114000 0.133000 0.115800 0.110900 0.062400 0.062100 0.105500 0.107200 0.111700 0.130600 0.124900 0.127000 0.023500 0.109100 0.137200 0.111500 0.115800 0.110700 0.099700 0.115900 0.125600 0.072100 0.063900 0.118400 0.014500 0.068000 0.109000 0.120900 0.112600 0.125800 0.107800 0.116000 0.128200 0.124500
goat 0.033900 0.263600 0.098400 0.243400 0.063900 0.026300 0.060900 0.072300 0.089300 0.103300 0.000000 0.078200 0.043200 0.054600 0.070400 0.068500 0.089400 0.101700 0.043000 0.105800 0.075900 0.028600 0.112500 0.105000 0.009800 0.066500 0.048600 0.099900 0.078800 0.092800 0.108300 0.060500 0.116200 0.055300 0.062600 0.080800 0.018600 0.063100 0.075000 0.112800 0.109000 0.072300 0.100900 0.108800 0.081700 0.070000 0.065300 0.074100 0.066300 0.095700 0.095100 0.091600
AfricanBuf 0.081600 0.270600 0.092800 0.248200 0.085200 0.078400 0.085900 0.091500 0.084700 0.116700 0.078200 0.000000 0.082300 0.072100 0.089200 0.082800 0.112500 0.112700 0.084000 0.093900 0.098700 0.088000 0.121000 0.115900 0.079300 0.083200 0.085300 0.090400 0.088800 0.083500 0.119200 0.077100 0.126000 0.092300 0.088000 0.058300 0.074800 0.084500 0.098300 0.131400 0.114900 0.095200 0.111800 0.117100 0.063800 0.098800 0.078800 0.104200 0.088900 0.110000 0.086900 0.081100
Topi 0.055600 0.265500 0.096900 0.250500 0.068800 0.047900 0.066000 0.075100 0.093300 0.108700 0.043200 0.082300 0.000000 0.057200 0.068000 0.064200 0.098200 0.101000 0.050000 0.105300 0.076200 0.054500 0.118000 0.110400 0.044300 0.064500 0.009800 0.101700 0.077000 0.093400 0.108700 0.059500 0.116600 0.020800 0.043500 0.080100 0.037900 0.066900 0.075400 0.120800 0.114300 0.073800 0.103800 0.112900 0.081000 0.074000 0.061200 0.080600 0.065500 0.094900 0.093300 0.092200
CommonDuik 0.062400 0.257300 0.090200 0.242400 0.064800 0.059300 0.046700 0.061600 0.084500 0.106400 0.054600 0.072100 0.057200 0.000000 0.060100 0.057900 0.092700 0.100200 0.063600 0.093600 0.069700 0.059300 0.103400 0.103300 0.055700 0.058100 0.058000 0.092500 0.071500 0.085600 0.106500 0.024000 0.117700 0.067100 0.066300 0.069900 0.051200 0.061700 0.067800 0.118500 0.099900 0.072000 0.099200 0.103400 0.075500 0.066200 0.060700 0.073700 0.059100 0.097700 0.086600 0.080900
Suni 0.078500 0.277800 0.101400 0.256400 0.081200 0.075700 0.073900 0.079500 0.093200 0.113800 0.070400 0.089200 0.068000 0.060100 0.000000 0.075700 0.104100 0.111600 0.077700 0.104500 0.083100 0.073300 0.123300 0.120700 0.074200 0.067600 0.071100 0.101300 0.081500 0.094200 0.118800 0.057200 0.129200 0.080200 0.075800 0.077100 0.065100 0.078500 0.078800 0.132400 0.118600 0.081900 0.111300 0.113300 0.082800 0.086500 0.067900 0.086900 0.074600 0.113800 0.097900 0.089500
Springbuck 0.076400 0.271500 0.096300 0.252700 0.077400 0.068700 0.063100 0.057000 0.090600 0.116600 0.068500 0.082800 0.064200 0.057900 0.075700 0.000000 0.103600 0.108600 0.070400 0.102200 0.058100 0.073400 0.120800 0.109600 0.067300 0.033100 0.069600 0.098700 0.034100 0.089300 0.114100 0.053500 0.123000 0.076500 0.069900 0.085400 0.060500 0.074300 0.060900 0.128700 0.119700 0.043200 0.109300 0.110900 0.089800 0.071000 0.046800 0.081100 0.072000 0.107300 0.095100 0.089300
Okapi 0.104500 0.250500 0.120000 0.240300 0.110900 0.099400 0.104600 0.120100 0.105700 0.114600 0.089400 0.112500 0.098200 0.092700 0.104100 0.103600 0.000000 0.052600 0.102500 0.117500 0.110200 0.100600 0.128700 0.117500 0.095200 0.101500 0.103800 0.113900 0.108400 0.112700 0.119500 0.090400 0.096800 0.108300 0.106400 0.113800 0.088500 0.105500 0.115800 0.130000 0.124000 0.111100 0.112300 0.117500 0.114700 0.121200 0.106700 0.109200 0.101400 0.114900 0.114000 0.110400
Giraffe 0.110800 0.253300 0.127200 0.244800 0.117000 0.103300 0.111900 0.120000 0.117700 0.122200 0.101700 0.112700 0.101000 0.100200 0.111600 0.108600 0.052600 0.000000 0.109800 0.130900 0.118800 0.109100 0.131300 0.117600 0.099200 0.106500 0.108800 0.123500 0.114700 0.122500 0.123500 0.101400 0.102900 0.115900 0.111700 0.120200 0.094700 0.108100 0.118300 0.129100 0.124200 0.119900 0.117500 0.119000 0.121100 0.127400 0.114400 0.119200 0.110000 0.122500 0.123700 0.122500
TibetanAnt 0.053000 0.262800 0.099700 0.248700 0.077600 0.043100 0.067700 0.079200 0.095100 0.114000 0.043000 0.084000 0.050000 0.063600 0.077700 0.070400 0.102500 0.109800 0.000000 0.107000 0.080300 0.045300 0.124500 0.115700 0.044100 0.073300 0.055600 0.103500 0.083100 0.096500 0.116500 0.062600 0.119600 0.057800 0.067300 0.082700 0.037400 0.072200 0.085400 0.125600 0.119800 0.079100 0.109200 0.119500 0.083900 0.081300 0.072300 0.088000 0.073400 0.105000 0.093900 0.094000
Sitatunga 0.106600 0.287300 0.043500 0.268400 0.110600 0.106000 0.106600 0.120800 0.035800 0.133000 0.105800 0.093900 0.105300 0.093600 0.104500 0.102200 0.117500 0.130900 0.107000 0.000000 0.117100 0.102400 0.139700 0.135800 0.107000 0.103800 0.103500 0.027000 0.113000 0.023700 0.136700 0.101100 0.140800 0.113000 0.103800 0.094100 0.095400 0.112400 0.117900 0.154200 0.140000 0.115900 0.130600 0.139700 0.097300 0.115900 0.105400 0.119000 0.108300 0.113900 0.037000 0.023700
Oribi 0.076800 0.275200 0.112400 0.252600 0.087500 0.073700 0.077400 0.068700 0.105300 0.115800 0.075900 0.098700 0.076200 0.069700 0.083100 0.058100 0.110200 0.118800 0.080300 0.117100 0.000000 0.085500 0.130000 0.118700 0.079300 0.049100 0.076900 0.108700 0.060300 0.106400 0.120900 0.069900 0.133300 0.083800 0.086400 0.098800 0.072400 0.082000 0.068200 0.133100 0.126500 0.060600 0.113500 0.119900 0.104600 0.081900 0.058600 0.089700 0.082900 0.121200 0.112500 0.104000
BarbaryShe 0.043000 0.276400 0.099800 0.253000 0.075700 0.035400 0.065800 0.074900 0.088300 0.110900 0.028600 0.088000 0.054500 0.059300 0.073300 0.073400 0.100600 0.109100 0.045300 0.102400 0.085500 0.000000 0.117700 0.112600 0.031900 0.076000 0.060300 0.098900 0.083700 0.091900 0.116000 0.060600 0.119900 0.067100 0.065000 0.088200 0.031900 0.072600 0.078600 0.125300 0.116700 0.079600 0.108500 0.117700 0.086700 0.082000 0.075000 0.088400 0.073600 0.105600 0.094000 0.091800
Daviddeer 0.120400 0.291500 0.136100 0.245300 0.130700 0.113700 0.125500 0.132600 0.132600 0.062400 0.112500 0.121000 0.118000 0.103400 0.123300 0.120800 0.128700 0.131300 0.124500 0.139700 0.130000 0.117700 0.000000 0.062000 0.114700 0.116400 0.118400 0.138600 0.132900 0.128800 0.063600 0.118300 0.140300 0.120700 0.127500 0.118300 0.111400 0.122700 0.128600 0.076500 0.035700 0.130100 0.053300 0.070300 0.119000 0.122600 0.124300 0.132600 0.117200 0.127700 0.133800 0.130000
Reindeer 0.111700 0.277700 0.134700 0.245300 0.121900 0.110000 0.120400 0.120000 0.128700 0.062100 0.105000 0.115900 0.110400 0.103300 0.120700 0.109600 0.117500 0.117600 0.115700 0.135800 0.118700 0.112600 0.062000 0.000000 0.107200 0.107600 0.110900 0.134700 0.122800 0.124900 0.066900 0.115700 0.131300 0.115600 0.112500 0.113300 0.101500 0.116400 0.119600 0.056400 0.067000 0.121200 0.057500 0.032100 0.112900 0.113800 0.118000 0.132700 0.112200 0.116400 0.126200 0.124900
Ibex 0.035000 0.266300 0.099600 0.249100 0.067300 0.027400 0.062000 0.073400 0.092800 0.105500 0.009800 0.079300 0.044300 0.055700 0.074200 0.067300 0.095200 0.099200 0.044100 0.107000 0.079300 0.031900 0.114700 0.107200 0.000000 0.065200 0.049700 0.103400 0.079900 0.094000 0.108000 0.061600 0.119800 0.056300 0.061400 0.082000 0.021900 0.064200 0.076100 0.112500 0.111200 0.073400 0.103100 0.108500 0.082900 0.071200 0.064200 0.076400 0.064900 0.095600 0.096200 0.092800
GyrantGaze 0.076700 0.276900 0.097900 0.245400 0.075600 0.071300 0.063300 0.054800 0.092100 0.107200 0.066500 0.083200 0.064500 0.058100 0.067600 0.033100 0.101500 0.106500 0.073300 0.103800 0.049100 0.076000 0.116400 0.107600 0.065200 0.000000 0.067500 0.100300 0.036400 0.090800 0.107200 0.053700 0.126000 0.074400 0.072400 0.084600 0.063000 0.074900 0.056500 0.121700 0.112600 0.017600 0.102400 0.111300 0.087800 0.066600 0.042500 0.080200 0.072300 0.103200 0.096800 0.090800
Hartebeest 0.058700 0.272600 0.100000 0.250400 0.074200 0.051000 0.071400 0.078200 0.094000 0.111700 0.048600 0.085300 0.009800 0.058000 0.071100 0.069600 0.103800 0.108800 0.055600 0.103500 0.076900 0.060300 0.118400 0.110900 0.049700 0.067500 0.000000 0.100000 0.080100 0.094100 0.111700 0.062600 0.126000 0.019600 0.048900 0.082000 0.043300 0.072400 0.079800 0.128700 0.117300 0.080400 0.106900 0.115800 0.085200 0.078200 0.066700 0.083700 0.069800 0.097900 0.094000 0.092900
Bongo 0.100700 0.280300 0.042400 0.262900 0.104800 0.100100 0.105400 0.117200 0.023800 0.130600 0.099900 0.090400 0.101700 0.092500 0.101300 0.098700 0.113900 0.123500 0.103500 0.027000 0.108700 0.098900 0.138600 0.134700 0.103400 0.100300 0.100000 0.000000 0.107000 0.029200 0.134300 0.097600 0.137300 0.109400 0.100200 0.090500 0.091900 0.106500 0.111900 0.153000 0.137600 0.109900 0.128200 0.138500 0.093800 0.114700 0.101900 0.115400 0.103500 0.118800 0.035900 0.027000
Gerenuk 0.077400 0.286200 0.111800 0.256700 0.086600 0.076700 0.075900 0.067300 0.101200 0.124900 0.078800 0.088800 0.077000 0.071500 0.081500 0.034100 0.108400 0.114700 0.083100 0.113000 0.060300 0.083700 0.132900 0.122800 0.079900 0.036400 0.080100 0.107000 0.000000 0.101100 0.127500 0.063800 0.132600 0.084700 0.081400 0.089900 0.073000 0.082500 0.066700 0.137100 0.127100 0.043200 0.121300 0.122900 0.097900 0.079100 0.052500 0.092800 0.084900 0.120900 0.108300 0.102300
CommonElan 0.096200 0.277600 0.030300 0.258500 0.102500 0.095500 0.095900 0.107700 0.031500 0.127000 0.092800 0.083500 0.093400 0.085600 0.094200 0.089300 0.112700 0.122500 0.096500 0.023700 0.106400 0.091900 0.128800 0.124900 0.094000 0.090800 0.094100 0.029200 0.101100 0.000000 0.128200 0.090600 0.127400 0.103500 0.089600 0.083600 0.084900 0.104200 0.104700 0.140400 0.128900 0.102800 0.124700 0.131200 0.086800 0.107700 0.094800 0.110600 0.095400 0.114200 0.028200 0.019400
MuntiacusR 0.118600 0.290500 0.138000 0.256300 0.124000 0.111100 0.118800 0.125900 0.129600 0.023500 0.108300 0.119200 0.108700 0.106500 0.118800 0.114100 0.119500 0.123500 0.116500 0.136700 0.120900 0.116000 0.063600 0.066900 0.108000 0.107200 0.111700 0.134300 0.127500 0.128200 0.000000 0.111600 0.136000 0.114000 0.118300 0.115700 0.107200 0.113500 0.126900 0.071500 0.063900 0.118400 0.013400 0.064300 0.114000 0.120900 0.112600 0.128400 0.111500 0.117200 0.129400 0.128200
HarveysDui 0.066100 0.262400 0.097600 0.240400 0.072000 0.063000 0.043200 0.061800 0.089500 0.109100 0.060500 0.077100 0.059500 0.024000 0.057200 0.053500 0.090400 0.101400 0.062600 0.101100 0.069900 0.060600 0.118300 0.115700 0.061600 0.053700 0.062600 0.097600 0.063800 0.090600 0.111600 0.000000 0.120400 0.069500 0.068800 0.074800 0.054800 0.068900 0.071300 0.126100 0.114700 0.062900 0.104200 0.113400 0.080400 0.071100 0.057400 0.076500 0.061600 0.102600 0.091600 0.085900
Pronghorn 0.125600 0.258800 0.132400 0.264000 0.134200 0.116200 0.125200 0.137300 0.128800 0.137200 0.116200 0.126000 0.116600 0.117700 0.129200 0.123000 0.096800 0.102900 0.119600 0.140800 0.133300 0.119900 0.140300 0.131300 0.119800 0.126000 0.126000 0.137300 0.132600 0.127400 0.136000 0.120400 0.000000 0.128100 0.119900 0.129500 0.108900 0.131200 0.138400 0.139300 0.132800 0.138600 0.133600 0.134900 0.127700 0.137400 0.127700 0.135900 0.123100 0.136600 0.126300 0.132600
BlueWildeb 0.065200 0.279200 0.111800 0.263800 0.078800 0.057800 0.076000 0.085100 0.103400 0.111500 0.055300 0.092300 0.020800 0.067100 0.080200 0.076500 0.108300 0.115900 0.057800 0.113000 0.083800 0.067100 0.120700 0.115600 0.056300 0.074400 0.019600 0.109400 0.084700 0.103500 0.114000 0.069500 0.128100 0.000000 0.053400 0.091400 0.050000 0.076900 0.091600 0.128500 0.119600 0.082600 0.109100 0.120600 0.094600 0.085100 0.073600 0.090500 0.074300 0.102600 0.101000 0.102300
Gemsbok 0.072700 0.272800 0.097800 0.255000 0.080300 0.062900 0.079900 0.081900 0.089600 0.115800 0.062600 0.088000 0.043500 0.066300 0.075800 0.069900 0.106400 0.111700 0.067300 0.103800 0.086400 0.065000 0.127500 0.112500 0.061400 0.072400 0.048900 0.100200 0.081400 0.089600 0.118300 0.068800 0.119900 0.053400 0.000000 0.091900 0.055000 0.078500 0.087300 0.122500 0.124000 0.083100 0.113400 0.116300 0.095100 0.084300 0.077500 0.099200 0.068900 0.105300 0.096600 0.090800
Yak 0.081600 0.259100 0.093000 0.240700 0.086300 0.082200 0.084800 0.093800 0.084800 0.110700 0.080800 0.058300 0.080100 0.069900 0.077100 0.085400 0.113800 0.120200 0.082700 0.094100 0.098800 0.088200 0.118300 0.113300 0.082000 0.084600 0.082000 0.090500 0.089900 0.083600 0.115700 0.074800 0.129500 0.091400 0.091900 0.000000 0.072700 0.083100 0.092400 0.123100 0.114700 0.096600 0.105800 0.113400 0.016400 0.090600 0.082500 0.101600 0.086700 0.107600 0.086900 0.078900
BlueSheep 0.035100 0.255100 0.090500 0.239700 0.061700 0.027500 0.055200 0.068900 0.083800 0.099700 0.018600 0.074800 0.037900 0.051200 0.065100 0.060500 0.088500 0.094700 0.037400 0.095400 0.072400 0.031900 0.111400 0.101500 0.021900 0.063000 0.043300 0.091900 0.073000 0.084900 0.107200 0.054800 0.108900 0.050000 0.055000 0.072700 0.000000 0.060800 0.072700 0.119200 0.107900 0.068900 0.099800 0.105200 0.073600 0.068900 0.062000 0.075300 0.060800 0.093400 0.084700 0.082500
BohorReedb 0.068400 0.275500 0.111400 0.249700 0.025300 0.067900 0.080000 0.080800 0.095600 0.115900 0.063100 0.084500 0.066900 0.061700 0.078500 0.074300 0.105500 0.108100 0.072200 0.112400 0.082000 0.072600 0.122700 0.116400 0.064200 0.074900 0.072400 0.106500 0.082500 0.104200 0.113500 0.068900 0.131200 0.076900 0.078500 0.083100 0.060800 0.000000 0.081400 0.129300 0.116600 0.084400 0.108600 0.113900 0.088000 0.087700 0.075200 0.083900 0.074800 0.116500 0.105300 0.101800
KirksDik 0.079400 0.282400 0.114400 0.260500 0.086900 0.078700 0.076800 0.067100 0.103300 0.125600 0.075000 0.098300 0.075400 0.067800 0.078800 0.060900 0.115800 0.118300 0.085400 0.117900 0.068200 0.078600 0.128600 0.119600 0.076100 0.056500 0.079800 0.111900 0.066700 0.104700 0.126900 0.071300 0.138400 0.091600 0.087300 0.092400 0.072700 0.081400 0.000000 0.139200 0.126200 0.067000 0.118200 0.123500 0.095700 0.083700 0.056700 0.090400 0.085200 0.119800 0.110700 0.104700
RoeDeer 0.125700 0.275000 0.147900 0.258000 0.137400 0.120400 0.133600 0.140800 0.141800 0.072100 0.112800 0.131400 0.120800 0.118500 0.132400 0.128700 0.130000 0.129100 0.125600 0.154200 0.133100 0.125300 0.076500 0.056400 0.112500 0.121700 0.128700 0.153000 0.137100 0.140400 0.071500 0.126100 0.139300 0.128500 0.122500 0.123100 0.119200 0.129300 0.139200 0.000000 0.081600 0.133000 0.062000 0.057700 0.126400 0.130600 0.129800 0.148200 0.125100 0.130500 0.141700 0.140500
WhiteLippe 0.119300 0.287800 0.136300 0.246100 0.124800 0.112700 0.119400 0.131600 0.131600 0.063900 0.109000 0.114900 0.114300 0.099900 0.118600 0.119700 0.124000 0.124200 0.119800 0.140000 0.126500 0.116700 0.035700 0.067000 0.111200 0.112600 0.117300 0.137600 0.127100 0.128900 0.063900 0.114700 0.132800 0.119600 0.124000 0.114700 0.107900 0.116600 0.126200 0.081600 0.000000 0.126300 0.054700 0.068200 0.115500 0.119000 0.120800 0.129400 0.118300 0.128200 0.132700 0.128900
ThomsonGaz 0.080200 0.288900 0.109900 0.254100 0.087400 0.074900 0.068000 0.066400 0.101700 0.118400 0.072300 0.095200 0.073800 0.072000 0.081900 0.043200 0.111100 0.119900 0.079100 0.115900 0.060600 0.079600 0.130100 0.121200 0.073400 0.017600 0.080400 0.109900 0.043200 0.102800 0.118400 0.062900 0.138600 0.082600 0.083100 0.096600 0.068900 0.084400 0.067000 0.133000 0.126300 0.000000 0.113500 0.125000 0.099800 0.078400 0.052800 0.094400 0.081700 0.111500 0.108800 0.102800
MuntiacusC 0.111200 0.279200 0.132000 0.246800 0.116700 0.103600 0.108900 0.118500 0.123500 0.014500 0.100900 0.111800 0.103800 0.099200 0.111300 0.109300 0.112300 0.117500 0.109200 0.130600 0.113500 0.108500 0.053300 0.057500 0.103100 0.102400 0.106900 0.128200 0.121300 0.124700 0.013400 0.104200 0.133600 0.109100 0.113400 0.105800 0.099800 0.108600 0.118200 0.062000 0.054700 0.113500 0.000000 0.061100 0.106600 0.116000 0.107700 0.120900 0.101600 0.112700 0.125800 0.122200
WhiteTaile 0.115500 0.277800 0.138500 0.261400 0.123300 0.116200 0.123000 0.125100 0.130100 0.068000 0.108800 0.117100 0.112900 0.103400 0.113300 0.110900 0.117500 0.119000 0.119500 0.139700 0.119900 0.117700 0.070300 0.032100 0.108500 0.111300 0.115800 0.138500 0.122900 0.131200 0.064300 0.113400 0.134900 0.120600 0.116300 0.113400 0.105200 0.113900 0.123500 0.057700 0.068200 0.125000 0.061100 0.000000 0.116600 0.115100 0.111800 0.135300 0.119700 0.123900 0.129800 0.126200
Cattle 0.087200 0.262600 0.096200 0.243600 0.091100 0.085400 0.088000 0.097100 0.088000 0.109000 0.081700 0.063800 0.081000 0.075500 0.082800 0.089800 0.114700 0.121100 0.083900 0.097300 0.104600 0.086700 0.119000 0.112900 0.082900 0.087800 0.085200 0.093800 0.097900 0.086800 0.114000 0.080400 0.127700 0.094600 0.095100 0.016400 0.073600 0.088000 0.095700 0.126400 0.115500 0.099800 0.106600 0.116600 0.000000 0.093800 0.083400 0.102600 0.087600 0.108400 0.087800 0.084400
RoyalAntel 0.080300 0.288800 0.114800 0.272200 0.086000 0.074900 0.072700 0.084300 0.106500 0.120900 0.070000 0.098800 0.074000 0.066200 0.086500 0.071000 0.121200 0.127400 0.081300 0.115900 0.081900 0.082000 0.122600 0.113800 0.071200 0.066600 0.078200 0.114700 0.079100 0.107700 0.120900 0.071100 0.137400 0.085100 0.084300 0.090600 0.068900 0.087700 0.083700 0.130600 0.119000 0.078400 0.116000 0.115100 0.093800 0.000000 0.071600 0.089800 0.078100 0.114000 0.106400 0.101600
Steenbok 0.071100 0.271300 0.101900 0.257200 0.078300 0.068000 0.065900 0.057400 0.093700 0.112600 0.065300 0.078800 0.061200 0.060700 0.067900 0.046800 0.106700 0.114400 0.072300 0.105400 0.058600 0.075000 0.124300 0.118000 0.064200 0.042500 0.066700 0.101900 0.052500 0.094800 0.112600 0.057400 0.127700 0.073600 0.077500 0.082500 0.062000 0.075200 0.056700 0.129800 0.120800 0.052800 0.107700 0.111800 0.083400 0.071600 0.000000 0.081600 0.073200 0.108300 0.098300 0.092400
Impala 0.087900 0.284500 0.115400 0.266400 0.084400 0.084900 0.082900 0.094500 0.113200 0.125800 0.074100 0.104200 0.080600 0.073700 0.086900 0.081100 0.109200 0.119200 0.088000 0.119000 0.089700 0.088400 0.132600 0.132700 0.076400 0.080200 0.083700 0.115400 0.092800 0.110600 0.128400 0.076500 0.135900 0.090500 0.099200 0.101600 0.075300 0.083900 0.090400 0.148200 0.129400 0.094400 0.120900 0.135300 0.102600 0.089800 0.081600 0.000000 0.086900 0.111800 0.111900 0.107100
Klipspring 0.076900 0.282000 0.100000 0.244400 0.080200 0.066800 0.071300 0.082900 0.096600 0.107800 0.066300 0.088900 0.065500 0.059100 0.074600 0.072000 0.101400 0.110000 0.073400 0.108300 0.082900 0.073600 0.117200 0.112200 0.064900 0.072300 0.069800 0.103500 0.084900 0.095400 0.111500 0.061600 0.123100 0.074300 0.068900 0.086700 0.060800 0.074800 0.085200 0.125100 0.118300 0.081700 0.101600 0.119700 0.087600 0.078100 0.073200 0.086900 0.000000 0.111200 0.098900 0.094200
ForestMusk 0.103400 0.288800 0.123800 0.268400 0.111000 0.101700 0.109500 0.123900 0.113000 0.116000 0.095700 0.110000 0.094900 0.097700 0.113800 0.107300 0.114900 0.122500 0.105000 0.113900 0.121200 0.105600 0.127700 0.116400 0.095600 0.103200 0.097900 0.118800 0.120900 0.114200 0.117200 0.102600 0.136600 0.102600 0.105300 0.107600 0.093400 0.116500 0.119800 0.130500 0.128200 0.111500 0.112700 0.123900 0.108400 0.114000 0.108300 0.111800 0.111200 0.000000 0.112900 0.111700
Bushbuck 0.093500 0.274900 0.041400 0.269300 0.106000 0.092800 0.099400 0.113700 0.040400 0.128200 0.095100 0.086900 0.093300 0.086600 0.097900 0.095100 0.114000 0.123700 0.093900 0.037000 0.112500 0.094000 0.133800 0.126200 0.096200 0.096800 0.094000 0.035900 0.108300 0.028200 0.129400 0.091600 0.126300 0.101000 0.096600 0.086900 0.084700 0.105300 0.110700 0.141700 0.132700 0.108800 0.125800 0.129800 0.087800 0.106400 0.098300 0.111900 0.098900 0.112900 0.000000 0.023800
GreaterKud 0.091300 0.273500 0.034700 0.254600 0.097700 0.093000 0.093500 0.105200 0.029300 0.124500 0.091600 0.081100 0.092200 0.080900 0.089500 0.089300 0.110400 0.122500 0.094000 0.023700 0.104000 0.091800 0.130000 0.124900 0.092800 0.090800 0.092900 0.027000 0.102300 0.019400 0.128200 0.085900 0.132600 0.102300 0.090800 0.078900 0.082500 0.101800 0.104700 0.140500 0.128900 0.102800 0.122200 0.126200 0.084400 0.101600 0.092400 0.107100 0.094200 0.111700 0.023800 0.000000
