CODONML (in paml version 4.10.7, June 2023)  /home/rachel/ruminants_paml/6406-phy-tree/ENSBTAT00000018398.fasta.phy
Model: free dN/dS Ratios for branches,  kappa = 2.000 fixed

Codon frequency model: F3x4
ns =  54  ls =  39

Codon usage in sequences
--------------------------------------------------------------------------------------------------------------------------------------
Phe TTT   1   1   1   1   1   1 | Ser TCT   2   1   2   2   2   2 | Tyr TAT   0   0   0   0   0   0 | Cys TGT   0   0   0   0   0   0
    TTC   1   1   1   1   1   1 |     TCC   0   0   0   0   0   0 |     TAC   0   0   0   0   0   0 |     TGC   0   0   0   0   0   0
Leu TTA   2   2   2   2   2   2 |     TCA   1   2   1   1   1   1 | *** TAA   0   0   0   0   0   0 | *** TGA   0   0   0   0   0   0
    TTG   2   0   2   2   2   2 |     TCG   0   0   0   0   0   0 |     TAG   0   0   0   0   0   0 | Trp TGG   0   0   0   0   0   0
--------------------------------------------------------------------------------------------------------------------------------------
Leu CTT   2   2   2   2   2   3 | Pro CCT   4   4   4   4   5   5 | His CAT   0   0   0   0   0   0 | Arg CGT   0   0   0   0   0   0
    CTC   0   0   0   0   0   0 |     CCC   1   2   1   1   1   1 |     CAC   0   0   0   0   0   0 |     CGC   0   0   0   0   0   0
    CTA   0   0   0   0   0   0 |     CCA   1   1   1   2   1   1 | Gln CAA   1   0   1   1   1   1 |     CGA   1   2   1   1   0   0
    CTG   1   2   1   1   2   1 |     CCG   1   0   1   0   0   0 |     CAG   1   2   1   1   1   1 |     CGG   1   0   1   1   0   1
--------------------------------------------------------------------------------------------------------------------------------------
Ile ATT   0   0   0   0   0   0 | Thr ACT   1   0   1   1   1   1 | Asn AAT   0   0   0   0   0   0 | Ser AGT   1   1   1   1   1   1
    ATC   0   0   0   0   0   0 |     ACC   0   1   0   0   0   0 |     AAC   1   1   1   1   1   1 |     AGC   0   0   0   0   0   0
    ATA   0   0   0   0   0   0 |     ACA   1   0   1   1   0   0 | Lys AAA   0   0   0   0   0   0 | Arg AGA   1   1   1   1   2   2
Met ATG   1   1   1   1   1   1 |     ACG   0   1   0   0   1   1 |     AAG   0   0   0   0   0   0 |     AGG   0   0   0   0   1   0
--------------------------------------------------------------------------------------------------------------------------------------
Val GTT   1   1   1   1   0   0 | Ala GCT   2   1   2   2   2   2 | Asp GAT   0   0   0   0   0   0 | Gly GGT   0   0   0   0   0   0
    GTC   0   0   0   0   0   0 |     GCC   0   0   0   0   0   0 |     GAC   1   2   1   1   1   1 |     GGC   0   0   0   0   0   0
    GTA   0   1   0   0   0   0 |     GCA   0   1   0   0   0   0 | Glu GAA   2   2   2   2   2   2 |     GGA   0   1   0   0   0   0
    GTG   0   0   0   0   0   0 |     GCG   0   0   0   0   0   0 |     GAG   2   1   2   2   2   2 |     GGG   2   1   2   2   2   2
--------------------------------------------------------------------------------------------------------------------------------------

--------------------------------------------------------------------------------------------------------------------------------------
Phe TTT   1   1   1   1   1   1 | Ser TCT   2   2   2   2   2   2 | Tyr TAT   0   0   0   0   0   0 | Cys TGT   0   0   0   0   0   0
    TTC   1   1   1   1   1   1 |     TCC   0   0   0   0   0   0 |     TAC   0   0   0   0   0   0 |     TGC   0   0   0   0   0   0
Leu TTA   2   2   2   2   2   2 |     TCA   1   1   1   1   1   1 | *** TAA   0   0   0   0   0   0 | *** TGA   0   0   0   0   0   0
    TTG   2   2   2   2   2   2 |     TCG   0   0   0   0   0   0 |     TAG   0   0   0   0   0   0 | Trp TGG   0   0   0   0   0   0
--------------------------------------------------------------------------------------------------------------------------------------
Leu CTT   2   2   2   2   2   2 | Pro CCT   4   4   4   4   4   4 | His CAT   0   0   0   0   0   0 | Arg CGT   0   0   0   0   0   0
    CTC   0   0   0   0   0   0 |     CCC   1   1   1   1   1   1 |     CAC   0   0   0   0   0   0 |     CGC   0   0   0   0   0   0
    CTA   0   0   0   0   0   0 |     CCA   2   1   1   1   1   2 | Gln CAA   1   1   1   1   1   1 |     CGA   1   1   1   1   1   1
    CTG   1   1   1   1   1   1 |     CCG   0   1   1   1   1   0 |     CAG   1   1   1   1   1   1 |     CGG   1   1   1   1   1   1
--------------------------------------------------------------------------------------------------------------------------------------
Ile ATT   0   0   0   0   0   0 | Thr ACT   1   1   1   1   1   1 | Asn AAT   0   0   0   0   0   0 | Ser AGT   1   1   1   1   1   1
    ATC   0   0   0   0   0   0 |     ACC   0   0   0   0   0   0 |     AAC   1   1   1   1   1   1 |     AGC   0   0   0   0   0   0
    ATA   0   0   0   0   0   0 |     ACA   1   1   1   1   1   1 | Lys AAA   0   0   0   0   0   0 | Arg AGA   1   1   1   1   1   1
Met ATG   1   1   1   1   1   1 |     ACG   0   0   0   0   0   0 |     AAG   0   0   0   0   0   0 |     AGG   0   0   0   0   0   0
--------------------------------------------------------------------------------------------------------------------------------------
Val GTT   1   1   1   1   1   1 | Ala GCT   2   2   2   2   2   2 | Asp GAT   0   0   0   0   0   0 | Gly GGT   0   0   0   0   0   0
    GTC   0   0   0   0   0   0 |     GCC   0   0   0   0   0   0 |     GAC   1   1   1   1   1   1 |     GGC   0   0   0   0   0   0
    GTA   0   0   0   0   0   0 |     GCA   0   0   0   0   0   0 | Glu GAA   2   2   2   2   2   2 |     GGA   0   0   0   0   0   1
    GTG   0   0   0   0   0   0 |     GCG   0   0   0   0   0   0 |     GAG   2   2   2   2   2   2 |     GGG   2   2   2   2   2   1
--------------------------------------------------------------------------------------------------------------------------------------

--------------------------------------------------------------------------------------------------------------------------------------
Phe TTT   1   1   1   1   1   1 | Ser TCT   2   2   2   2   2   2 | Tyr TAT   0   0   0   0   0   0 | Cys TGT   0   0   0   0   0   0
    TTC   1   1   1   1   1   1 |     TCC   0   0   0   0   0   0 |     TAC   0   0   0   0   0   0 |     TGC   0   0   0   0   0   0
Leu TTA   2   2   2   2   2   2 |     TCA   1   1   1   1   1   1 | *** TAA   0   0   0   0   0   0 | *** TGA   0   0   0   0   0   0
    TTG   2   2   2   2   2   2 |     TCG   0   0   0   0   0   0 |     TAG   0   0   0   0   0   0 | Trp TGG   0   0   0   0   0   0
--------------------------------------------------------------------------------------------------------------------------------------
Leu CTT   2   2   2   2   2   2 | Pro CCT   4   4   4   4   4   4 | His CAT   0   0   0   0   0   0 | Arg CGT   0   0   0   0   0   0
    CTC   0   0   0   0   0   0 |     CCC   1   1   1   1   1   1 |     CAC   0   0   0   0   0   0 |     CGC   0   0   0   0   0   0
    CTA   0   0   0   0   0   0 |     CCA   1   1   1   1   1   1 | Gln CAA   1   1   1   1   1   1 |     CGA   1   1   1   1   0   1
    CTG   1   1   1   1   1   1 |     CCG   1   1   1   1   1   1 |     CAG   1   1   1   1   1   1 |     CGG   1   1   1   1   1   1
--------------------------------------------------------------------------------------------------------------------------------------
Ile ATT   0   0   0   0   0   0 | Thr ACT   1   1   1   1   1   1 | Asn AAT   0   0   0   0   0   0 | Ser AGT   1   1   1   1   1   1
    ATC   0   0   0   0   0   0 |     ACC   0   0   0   0   0   0 |     AAC   1   1   1   1   1   1 |     AGC   0   0   0   0   0   0
    ATA   0   0   0   0   0   0 |     ACA   1   1   1   1   1   1 | Lys AAA   0   0   0   0   0   0 | Arg AGA   1   1   1   1   2   1
Met ATG   1   1   1   1   1   1 |     ACG   0   0   0   0   0   0 |     AAG   0   0   0   0   0   0 |     AGG   0   0   0   0   0   0
--------------------------------------------------------------------------------------------------------------------------------------
Val GTT   1   1   1   1   1   1 | Ala GCT   2   2   2   2   2   1 | Asp GAT   0   0   0   0   0   0 | Gly GGT   0   0   0   0   0   0
    GTC   0   0   0   0   0   0 |     GCC   0   0   0   0   0   1 |     GAC   1   1   1   1   1   1 |     GGC   0   0   0   0   0   0
    GTA   0   0   0   0   0   0 |     GCA   0   0   0   0   0   0 | Glu GAA   2   2   2   2   2   2 |     GGA   0   0   0   0   0   0
    GTG   0   0   0   0   0   0 |     GCG   0   0   0   0   0   0 |     GAG   2   2   2   2   2   2 |     GGG   2   2   2   2   2   2
--------------------------------------------------------------------------------------------------------------------------------------

--------------------------------------------------------------------------------------------------------------------------------------
Phe TTT   1   1   1   1   1   2 | Ser TCT   1   2   2   2   2   2 | Tyr TAT   0   0   0   0   0   0 | Cys TGT   0   0   0   0   0   0
    TTC   1   1   1   1   1   0 |     TCC   0   0   0   0   0   0 |     TAC   0   0   0   0   0   0 |     TGC   0   0   0   0   0   0
Leu TTA   2   2   2   2   2   2 |     TCA   1   1   1   1   1   1 | *** TAA   0   0   0   0   0   0 | *** TGA   0   0   0   0   0   0
    TTG   2   2   2   2   1   2 |     TCG   1   0   0   0   0   0 |     TAG   0   0   0   0   0   0 | Trp TGG   0   0   0   0   0   0
--------------------------------------------------------------------------------------------------------------------------------------
Leu CTT   2   2   2   2   2   2 | Pro CCT   3   4   4   4   4   4 | His CAT   0   0   0   0   0   0 | Arg CGT   0   0   0   0   0   0
    CTC   0   0   0   0   0   0 |     CCC   1   1   1   1   1   1 |     CAC   0   0   0   0   0   0 |     CGC   0   0   0   0   0   0
    CTA   0   0   0   0   0   0 |     CCA   2   1   1   1   1   1 | Gln CAA   1   1   1   1   1   1 |     CGA   1   1   1   1   1   1
    CTG   1   1   1   1   2   1 |     CCG   1   1   1   1   1   1 |     CAG   1   1   1   1   1   1 |     CGG   1   1   1   1   1   1
--------------------------------------------------------------------------------------------------------------------------------------
Ile ATT   0   0   0   0   0   0 | Thr ACT   1   1   1   1   1   1 | Asn AAT   0   0   0   0   0   0 | Ser AGT   1   1   1   1   1   1
    ATC   0   0   0   0   0   0 |     ACC   0   0   0   0   0   0 |     AAC   1   1   1   1   1   1 |     AGC   0   0   0   0   0   0
    ATA   0   0   0   0   0   0 |     ACA   1   1   1   1   1   1 | Lys AAA   0   0   0   0   0   0 | Arg AGA   1   1   1   1   1   1
Met ATG   1   1   1   1   1   1 |     ACG   0   0   0   0   0   0 |     AAG   0   0   0   0   0   0 |     AGG   0   0   0   0   0   0
--------------------------------------------------------------------------------------------------------------------------------------
Val GTT   1   1   1   1   1   1 | Ala GCT   2   2   2   2   2   2 | Asp GAT   0   0   0   0   0   0 | Gly GGT   0   0   0   0   0   0
    GTC   0   0   0   0   0   0 |     GCC   0   0   0   0   0   0 |     GAC   1   1   1   1   1   1 |     GGC   0   0   0   0   0   0
    GTA   0   0   0   0   0   0 |     GCA   0   0   0   0   0   0 | Glu GAA   2   2   2   2   2   2 |     GGA   0   0   0   0   0   0
    GTG   0   0   0   0   0   0 |     GCG   0   0   0   0   0   0 |     GAG   2   2   2   2   2   2 |     GGG   2   2   2   2   2   2
--------------------------------------------------------------------------------------------------------------------------------------

--------------------------------------------------------------------------------------------------------------------------------------
Phe TTT   1   1   1   1   1   1 | Ser TCT   2   2   2   2   2   2 | Tyr TAT   0   0   0   0   0   0 | Cys TGT   0   0   0   0   0   0
    TTC   1   1   1   1   1   1 |     TCC   0   0   0   0   0   0 |     TAC   0   0   0   0   0   0 |     TGC   0   0   0   0   0   0
Leu TTA   2   1   2   2   1   2 |     TCA   1   1   1   1   1   1 | *** TAA   0   0   0   0   0   0 | *** TGA   0   0   0   0   0   0
    TTG   2   3   2   2   2   2 |     TCG   0   0   0   0   0   0 |     TAG   0   0   0   0   0   0 | Trp TGG   0   0   0   0   0   0
--------------------------------------------------------------------------------------------------------------------------------------
Leu CTT   2   2   2   2   2   2 | Pro CCT   4   4   4   4   4   4 | His CAT   0   0   0   0   0   0 | Arg CGT   0   0   0   0   0   0
    CTC   0   0   0   0   0   0 |     CCC   1   1   1   1   1   1 |     CAC   0   0   0   0   0   0 |     CGC   0   0   0   0   0   0
    CTA   0   0   0   0   1   0 |     CCA   2   2   1   1   1   1 | Gln CAA   1   1   1   1   1   1 |     CGA   1   1   1   2   1   1
    CTG   1   1   1   1   1   1 |     CCG   0   0   1   1   1   1 |     CAG   1   1   1   1   1   1 |     CGG   1   1   1   0   1   1
--------------------------------------------------------------------------------------------------------------------------------------
Ile ATT   0   0   0   0   0   0 | Thr ACT   1   1   1   1   1   1 | Asn AAT   0   0   0   0   0   0 | Ser AGT   1   1   1   1   1   1
    ATC   0   0   0   0   0   0 |     ACC   0   0   0   0   0   0 |     AAC   1   1   1   1   1   1 |     AGC   0   0   0   0   0   0
    ATA   0   0   0   0   0   0 |     ACA   1   1   1   1   1   1 | Lys AAA   0   0   0   0   0   0 | Arg AGA   1   1   1   1   1   1
Met ATG   1   1   1   1   1   1 |     ACG   0   0   0   0   0   0 |     AAG   0   0   0   0   0   0 |     AGG   0   0   0   0   0   0
--------------------------------------------------------------------------------------------------------------------------------------
Val GTT   1   1   1   1   1   1 | Ala GCT   2   2   2   2   2   2 | Asp GAT   0   0   0   0   0   0 | Gly GGT   0   0   0   0   0   0
    GTC   0   0   0   0   0   0 |     GCC   0   0   0   0   0   0 |     GAC   1   1   1   1   1   1 |     GGC   0   1   0   0   0   0
    GTA   0   0   0   0   0   0 |     GCA   0   0   0   0   0   0 | Glu GAA   2   2   2   2   2   2 |     GGA   0   0   0   0   0   0
    GTG   0   0   0   0   0   0 |     GCG   0   0   0   0   0   0 |     GAG   2   2   2   2   2   2 |     GGG   2   1   2   2   2   2
--------------------------------------------------------------------------------------------------------------------------------------

--------------------------------------------------------------------------------------------------------------------------------------
Phe TTT   1   1   1   1   1   1 | Ser TCT   2   2   2   2   2   2 | Tyr TAT   0   0   0   0   0   0 | Cys TGT   0   0   0   0   0   0
    TTC   1   1   1   1   1   1 |     TCC   0   0   0   0   0   0 |     TAC   0   0   0   0   0   0 |     TGC   0   0   0   0   0   0
Leu TTA   2   2   2   2   2   2 |     TCA   1   1   1   1   1   1 | *** TAA   0   0   0   0   0   0 | *** TGA   0   0   0   0   0   0
    TTG   2   2   1   2   1   2 |     TCG   0   0   0   0   0   0 |     TAG   0   0   0   0   0   0 | Trp TGG   0   0   0   0   0   0
--------------------------------------------------------------------------------------------------------------------------------------
Leu CTT   2   2   2   2   2   2 | Pro CCT   4   4   4   4   4   4 | His CAT   0   0   0   0   0   0 | Arg CGT   0   0   0   0   0   0
    CTC   0   0   0   0   0   0 |     CCC   1   1   1   1   1   1 |     CAC   0   0   0   0   0   0 |     CGC   0   0   0   0   0   0
    CTA   0   0   0   1   0   0 |     CCA   1   1   2   1   1   1 | Gln CAA   1   1   1   1   1   1 |     CGA   1   1   1   1   1   1
    CTG   1   1   2   0   2   1 |     CCG   1   1   0   1   1   1 |     CAG   1   1   1   1   1   1 |     CGG   1   1   1   1   1   1
--------------------------------------------------------------------------------------------------------------------------------------
Ile ATT   0   0   0   0   0   0 | Thr ACT   1   1   1   1   1   1 | Asn AAT   1   0   0   0   0   0 | Ser AGT   1   1   1   1   1   1
    ATC   0   0   0   0   0   0 |     ACC   0   0   0   0   0   0 |     AAC   0   1   1   1   1   1 |     AGC   0   0   0   0   0   0
    ATA   0   0   0   0   0   0 |     ACA   1   1   1   1   1   1 | Lys AAA   0   0   0   0   0   0 | Arg AGA   1   1   1   1   1   1
Met ATG   1   1   1   1   1   1 |     ACG   0   0   0   0   0   0 |     AAG   0   0   0   0   0   0 |     AGG   0   0   0   0   0   0
--------------------------------------------------------------------------------------------------------------------------------------
Val GTT   1   1   1   1   1   1 | Ala GCT   2   2   2   2   2   2 | Asp GAT   0   0   0   0   0   0 | Gly GGT   0   0   0   0   0   0
    GTC   0   0   0   0   0   0 |     GCC   0   0   0   0   0   0 |     GAC   1   1   1   1   1   1 |     GGC   0   0   0   0   0   0
    GTA   0   0   0   0   0   0 |     GCA   0   0   0   0   0   0 | Glu GAA   2   2   2   2   2   2 |     GGA   0   0   0   0   0   0
    GTG   0   0   0   0   0   0 |     GCG   0   0   0   0   0   0 |     GAG   2   2   2   2   2   2 |     GGG   2   2   2   2   2   2
--------------------------------------------------------------------------------------------------------------------------------------

--------------------------------------------------------------------------------------------------------------------------------------
Phe TTT   1   1   1   1   1   1 | Ser TCT   1   2   2   2   2   2 | Tyr TAT   0   0   0   0   0   0 | Cys TGT   0   0   0   0   0   0
    TTC   1   1   1   1   1   1 |     TCC   0   0   0   0   0   0 |     TAC   0   0   0   0   0   0 |     TGC   0   0   0   0   0   0
Leu TTA   2   2   2   2   2   2 |     TCA   1   1   1   1   1   1 | *** TAA   0   0   0   0   0   0 | *** TGA   0   0   0   0   0   0
    TTG   2   2   2   2   2   2 |     TCG   1   0   0   0   0   0 |     TAG   0   0   0   0   0   0 | Trp TGG   0   0   0   0   0   0
--------------------------------------------------------------------------------------------------------------------------------------
Leu CTT   2   2   2   2   2   2 | Pro CCT   4   4   4   4   4   4 | His CAT   0   0   0   0   0   0 | Arg CGT   0   0   0   0   0   0
    CTC   0   0   0   0   0   0 |     CCC   1   1   1   1   1   1 |     CAC   0   0   0   0   0   0 |     CGC   0   0   0   0   0   0
    CTA   0   0   0   0   0   0 |     CCA   1   1   1   2   1   2 | Gln CAA   1   2   1   1   1   1 |     CGA   1   1   1   1   1   1
    CTG   1   1   1   1   1   1 |     CCG   1   1   1   0   1   0 |     CAG   1   0   1   1   1   1 |     CGG   1   1   1   1   0   1
--------------------------------------------------------------------------------------------------------------------------------------
Ile ATT   0   0   0   0   0   0 | Thr ACT   1   1   1   1   1   1 | Asn AAT   0   0   0   0   0   0 | Ser AGT   1   1   1   1   1   1
    ATC   0   0   0   0   0   0 |     ACC   0   0   0   0   0   0 |     AAC   1   1   1   1   1   1 |     AGC   0   0   0   0   0   0
    ATA   0   0   0   0   0   0 |     ACA   1   1   1   1   1   1 | Lys AAA   0   0   0   0   0   0 | Arg AGA   1   1   1   1   1   1
Met ATG   1   1   1   1   1   1 |     ACG   0   0   0   0   0   0 |     AAG   0   0   0   0   0   0 |     AGG   0   0   0   0   1   0
--------------------------------------------------------------------------------------------------------------------------------------
Val GTT   1   1   1   1   1   1 | Ala GCT   2   2   2   2   2   2 | Asp GAT   0   0   0   0   0   0 | Gly GGT   0   0   0   0   0   0
    GTC   0   0   0   0   0   0 |     GCC   0   0   0   0   0   0 |     GAC   1   1   1   1   1   1 |     GGC   0   0   0   0   0   0
    GTA   0   0   0   0   0   0 |     GCA   0   0   0   0   0   0 | Glu GAA   2   2   2   2   2   2 |     GGA   0   0   0   0   0   0
    GTG   0   0   0   0   0   0 |     GCG   0   0   0   0   0   0 |     GAG   2   2   2   2   2   2 |     GGG   2   2   2   2   2   2
--------------------------------------------------------------------------------------------------------------------------------------

--------------------------------------------------------------------------------------------------------------------------------------
Phe TTT   1   1   1   1   1   1 | Ser TCT   2   2   2   2   2   2 | Tyr TAT   0   0   0   0   0   0 | Cys TGT   0   0   0   0   0   0
    TTC   1   1   1   1   1   1 |     TCC   0   0   0   0   0   0 |     TAC   0   0   0   0   0   0 |     TGC   0   0   0   0   0   0
Leu TTA   2   2   2   2   2   2 |     TCA   1   1   1   1   1   1 | *** TAA   0   0   0   0   0   0 | *** TGA   0   0   0   0   0   0
    TTG   2   2   2   2   2   2 |     TCG   0   0   0   0   0   0 |     TAG   0   0   0   0   0   0 | Trp TGG   0   0   0   0   0   0
--------------------------------------------------------------------------------------------------------------------------------------
Leu CTT   2   2   2   2   2   2 | Pro CCT   4   4   4   4   4   4 | His CAT   0   0   0   0   0   0 | Arg CGT   0   0   0   0   0   0
    CTC   0   0   0   0   0   0 |     CCC   1   1   1   1   1   1 |     CAC   0   0   0   0   0   0 |     CGC   0   0   0   0   0   0
    CTA   0   0   0   0   0   0 |     CCA   2   1   2   2   1   1 | Gln CAA   1   1   1   1   2   1 |     CGA   1   1   1   1   1   1
    CTG   1   1   1   1   1   1 |     CCG   0   1   0   0   1   1 |     CAG   1   1   1   1   0   1 |     CGG   1   1   1   1   1   1
--------------------------------------------------------------------------------------------------------------------------------------
Ile ATT   0   0   0   0   0   0 | Thr ACT   1   1   1   1   1   1 | Asn AAT   0   0   0   0   0   0 | Ser AGT   1   1   1   1   1   1
    ATC   0   0   0   0   0   0 |     ACC   0   0   0   0   0   0 |     AAC   1   1   1   1   1   1 |     AGC   0   0   0   0   0   0
    ATA   0   0   0   0   0   0 |     ACA   1   1   1   1   1   1 | Lys AAA   0   0   0   0   0   0 | Arg AGA   1   1   1   1   1   1
Met ATG   1   1   1   1   1   1 |     ACG   0   0   0   0   0   0 |     AAG   0   0   0   0   0   0 |     AGG   0   0   0   0   0   0
--------------------------------------------------------------------------------------------------------------------------------------
Val GTT   1   1   1   1   1   1 | Ala GCT   2   2   2   2   2   2 | Asp GAT   0   0   0   0   0   0 | Gly GGT   0   0   0   0   0   0
    GTC   0   0   0   0   0   0 |     GCC   0   0   0   0   0   0 |     GAC   1   1   1   1   1   1 |     GGC   0   0   0   1   0   0
    GTA   0   0   0   0   0   0 |     GCA   0   0   0   0   0   0 | Glu GAA   2   2   2   2   2   2 |     GGA   0   0   1   0   0   0
    GTG   0   0   0   0   0   0 |     GCG   0   0   0   0   0   0 |     GAG   2   2   2   2   2   2 |     GGG   2   2   1   1   2   2
--------------------------------------------------------------------------------------------------------------------------------------

--------------------------------------------------------------------------------------------------------------------------------------
Phe TTT   1   1   1   1   1   1 | Ser TCT   2   2   2   2   2   2 | Tyr TAT   0   0   0   0   0   0 | Cys TGT   0   0   0   0   0   0
    TTC   1   1   1   1   1   1 |     TCC   0   0   0   0   0   0 |     TAC   0   0   0   0   0   0 |     TGC   0   0   0   0   0   0
Leu TTA   2   2   2   2   2   2 |     TCA   1   1   1   1   1   1 | *** TAA   0   0   0   0   0   0 | *** TGA   0   0   0   0   0   0
    TTG   2   2   2   2   2   2 |     TCG   0   0   0   0   0   0 |     TAG   0   0   0   0   0   0 | Trp TGG   0   0   0   0   0   0
--------------------------------------------------------------------------------------------------------------------------------------
Leu CTT   2   2   2   2   2   2 | Pro CCT   4   4   4   4   4   4 | His CAT   0   0   0   0   0   0 | Arg CGT   0   0   0   0   0   0
    CTC   0   0   0   0   0   0 |     CCC   1   1   1   1   1   1 |     CAC   0   0   0   0   0   0 |     CGC   0   0   0   0   0   0
    CTA   0   0   0   0   0   0 |     CCA   1   1   1   2   1   1 | Gln CAA   1   2   1   1   1   1 |     CGA   1   1   1   1   1   1
    CTG   1   1   1   1   1   1 |     CCG   1   1   1   0   1   1 |     CAG   1   0   1   1   1   1 |     CGG   1   1   1   1   1   1
--------------------------------------------------------------------------------------------------------------------------------------
Ile ATT   0   0   0   0   0   0 | Thr ACT   1   1   1   1   1   1 | Asn AAT   0   0   0   0   0   0 | Ser AGT   1   1   1   1   1   1
    ATC   0   0   0   0   0   0 |     ACC   0   0   0   0   0   0 |     AAC   1   1   1   1   1   1 |     AGC   0   0   0   0   0   0
    ATA   0   0   0   0   0   0 |     ACA   1   1   1   1   1   1 | Lys AAA   0   0   0   0   0   0 | Arg AGA   1   1   1   1   1   1
Met ATG   1   1   1   1   1   1 |     ACG   0   0   0   0   0   0 |     AAG   0   0   0   0   0   0 |     AGG   0   0   0   0   0   0
--------------------------------------------------------------------------------------------------------------------------------------
Val GTT   1   1   1   1   1   1 | Ala GCT   2   2   2   2   2   2 | Asp GAT   0   0   0   0   0   0 | Gly GGT   0   0   0   0   0   0
    GTC   0   0   0   0   0   0 |     GCC   0   0   0   0   0   0 |     GAC   1   1   1   1   1   1 |     GGC   0   0   0   0   0   0
    GTA   0   0   0   0   0   0 |     GCA   0   0   0   0   0   0 | Glu GAA   2   2   2   2   2   2 |     GGA   0   0   0   0   0   0
    GTG   0   0   0   0   0   0 |     GCG   0   0   0   0   0   0 |     GAG   2   2   2   2   2   2 |     GGG   2   2   2   2   2   2
--------------------------------------------------------------------------------------------------------------------------------------

Codon position x base (3x4) table for each sequence.

#1: Argali         
position  1:    T:0.23077    C:0.35897    A:0.15385    G:0.25641
position  2:    T:0.28205    C:0.35897    A:0.20513    G:0.15385
position  3:    T:0.35897    C:0.10256    A:0.25641    G:0.28205
Average         T:0.29060    C:0.27350    A:0.20513    G:0.23077

#2: LesserMouseDeer
position  1:    T:0.17949    C:0.38462    A:0.15385    G:0.28205
position  2:    T:0.28205    C:0.35897    A:0.20513    G:0.15385
position  3:    T:0.28205    C:0.17949    A:0.33333    G:0.20513
Average         T:0.24786    C:0.30769    A:0.23077    G:0.21368

#3: LesserKudu     
position  1:    T:0.23077    C:0.35897    A:0.15385    G:0.25641
position  2:    T:0.28205    C:0.35897    A:0.20513    G:0.15385
position  3:    T:0.35897    C:0.10256    A:0.25641    G:0.28205
Average         T:0.29060    C:0.27350    A:0.20513    G:0.23077

#4: ForestMuskDeer2
position  1:    T:0.23077    C:0.35897    A:0.15385    G:0.25641
position  2:    T:0.28205    C:0.35897    A:0.20513    G:0.15385
position  3:    T:0.35897    C:0.10256    A:0.28205    G:0.25641
Average         T:0.29060    C:0.27350    A:0.21368    G:0.22222

#5: Camel          
position  1:    T:0.23077    C:0.33333    A:0.20513    G:0.23077
position  2:    T:0.28205    C:0.35897    A:0.20513    G:0.15385
position  3:    T:0.35897    C:0.10256    A:0.23077    G:0.30769
Average         T:0.29060    C:0.26496    A:0.21368    G:0.23077

#6: KillerWhale    
position  1:    T:0.23077    C:0.35897    A:0.17949    G:0.23077
position  2:    T:0.28205    C:0.35897    A:0.20513    G:0.15385
position  3:    T:0.38462    C:0.10256    A:0.23077    G:0.28205
Average         T:0.29915    C:0.27350    A:0.20513    G:0.22222

#7: DefassaWaterbuck
position  1:    T:0.23077    C:0.35897    A:0.15385    G:0.25641
position  2:    T:0.28205    C:0.35897    A:0.20513    G:0.15385
position  3:    T:0.35897    C:0.10256    A:0.28205    G:0.25641
Average         T:0.29060    C:0.27350    A:0.21368    G:0.22222

#8: Sheep          
position  1:    T:0.23077    C:0.35897    A:0.15385    G:0.25641
position  2:    T:0.28205    C:0.35897    A:0.20513    G:0.15385
position  3:    T:0.35897    C:0.10256    A:0.25641    G:0.28205
Average         T:0.29060    C:0.27350    A:0.20513    G:0.23077

#9: MaxwellsDuiker 
position  1:    T:0.23077    C:0.35897    A:0.15385    G:0.25641
position  2:    T:0.28205    C:0.35897    A:0.20513    G:0.15385
position  3:    T:0.35897    C:0.10256    A:0.25641    G:0.28205
Average         T:0.29060    C:0.27350    A:0.20513    G:0.23077

#10: GazellaPrzewalskyi
position  1:    T:0.23077    C:0.35897    A:0.15385    G:0.25641
position  2:    T:0.28205    C:0.35897    A:0.20513    G:0.15385
position  3:    T:0.35897    C:0.10256    A:0.25641    G:0.28205
Average         T:0.29060    C:0.27350    A:0.20513    G:0.23077

#11: MountainNyala  
position  1:    T:0.23077    C:0.35897    A:0.15385    G:0.25641
position  2:    T:0.28205    C:0.35897    A:0.20513    G:0.15385
position  3:    T:0.35897    C:0.10256    A:0.25641    G:0.28205
Average         T:0.29060    C:0.27350    A:0.20513    G:0.23077

#12: MuntiacusMuntjak
position  1:    T:0.23077    C:0.35897    A:0.15385    G:0.25641
position  2:    T:0.28205    C:0.35897    A:0.20513    G:0.15385
position  3:    T:0.35897    C:0.10256    A:0.30769    G:0.23077
Average         T:0.29060    C:0.27350    A:0.22222    G:0.21368

#13: goat           
position  1:    T:0.23077    C:0.35897    A:0.15385    G:0.25641
position  2:    T:0.28205    C:0.35897    A:0.20513    G:0.15385
position  3:    T:0.35897    C:0.10256    A:0.25641    G:0.28205
Average         T:0.29060    C:0.27350    A:0.20513    G:0.23077

#14: AfricanBuffalo 
position  1:    T:0.23077    C:0.35897    A:0.15385    G:0.25641
position  2:    T:0.28205    C:0.35897    A:0.20513    G:0.15385
position  3:    T:0.35897    C:0.10256    A:0.25641    G:0.28205
Average         T:0.29060    C:0.27350    A:0.20513    G:0.23077

#15: Topi           
position  1:    T:0.23077    C:0.35897    A:0.15385    G:0.25641
position  2:    T:0.28205    C:0.35897    A:0.20513    G:0.15385
position  3:    T:0.35897    C:0.10256    A:0.25641    G:0.28205
Average         T:0.29060    C:0.27350    A:0.20513    G:0.23077

#16: CommonDuiker   
position  1:    T:0.23077    C:0.35897    A:0.15385    G:0.25641
position  2:    T:0.28205    C:0.35897    A:0.20513    G:0.15385
position  3:    T:0.35897    C:0.10256    A:0.25641    G:0.28205
Average         T:0.29060    C:0.27350    A:0.20513    G:0.23077

#17: Suni           
position  1:    T:0.23077    C:0.33333    A:0.17949    G:0.25641
position  2:    T:0.28205    C:0.35897    A:0.20513    G:0.15385
position  3:    T:0.35897    C:0.10256    A:0.25641    G:0.28205
Average         T:0.29060    C:0.26496    A:0.21368    G:0.23077

#18: Springbuck     
position  1:    T:0.23077    C:0.35897    A:0.15385    G:0.25641
position  2:    T:0.28205    C:0.35897    A:0.20513    G:0.15385
position  3:    T:0.33333    C:0.12821    A:0.25641    G:0.28205
Average         T:0.28205    C:0.28205    A:0.20513    G:0.23077

#19: Okapi          
position  1:    T:0.23077    C:0.35897    A:0.15385    G:0.25641
position  2:    T:0.28205    C:0.35897    A:0.20513    G:0.15385
position  3:    T:0.30769    C:0.10256    A:0.28205    G:0.30769
Average         T:0.27350    C:0.27350    A:0.21368    G:0.23932

#20: Giraffe        
position  1:    T:0.23077    C:0.35897    A:0.15385    G:0.25641
position  2:    T:0.28205    C:0.35897    A:0.20513    G:0.15385
position  3:    T:0.35897    C:0.10256    A:0.25641    G:0.28205
Average         T:0.29060    C:0.27350    A:0.20513    G:0.23077

#21: TibetanAntelope
position  1:    T:0.23077    C:0.35897    A:0.15385    G:0.25641
position  2:    T:0.28205    C:0.35897    A:0.20513    G:0.15385
position  3:    T:0.35897    C:0.10256    A:0.25641    G:0.28205
Average         T:0.29060    C:0.27350    A:0.20513    G:0.23077

#22: Sitatunga      
position  1:    T:0.23077    C:0.35897    A:0.15385    G:0.25641
position  2:    T:0.28205    C:0.35897    A:0.20513    G:0.15385
position  3:    T:0.35897    C:0.10256    A:0.25641    G:0.28205
Average         T:0.29060    C:0.27350    A:0.20513    G:0.23077

#23: Oribi          
position  1:    T:0.20513    C:0.38462    A:0.15385    G:0.25641
position  2:    T:0.28205    C:0.35897    A:0.20513    G:0.15385
position  3:    T:0.35897    C:0.10256    A:0.25641    G:0.28205
Average         T:0.28205    C:0.28205    A:0.20513    G:0.23077

#24: BarbarySheep   
position  1:    T:0.23077    C:0.35897    A:0.15385    G:0.25641
position  2:    T:0.28205    C:0.35897    A:0.20513    G:0.15385
position  3:    T:0.38462    C:0.07692    A:0.25641    G:0.28205
Average         T:0.29915    C:0.26496    A:0.20513    G:0.23077

#25: Daviddeer      
position  1:    T:0.23077    C:0.35897    A:0.15385    G:0.25641
position  2:    T:0.28205    C:0.35897    A:0.20513    G:0.15385
position  3:    T:0.35897    C:0.10256    A:0.28205    G:0.25641
Average         T:0.29060    C:0.27350    A:0.21368    G:0.22222

#26: Reindeer       
position  1:    T:0.23077    C:0.35897    A:0.15385    G:0.25641
position  2:    T:0.28205    C:0.35897    A:0.20513    G:0.15385
position  3:    T:0.35897    C:0.12821    A:0.25641    G:0.25641
Average         T:0.29060    C:0.28205    A:0.20513    G:0.22222

#27: Ibex           
position  1:    T:0.23077    C:0.35897    A:0.15385    G:0.25641
position  2:    T:0.28205    C:0.35897    A:0.20513    G:0.15385
position  3:    T:0.35897    C:0.10256    A:0.25641    G:0.28205
Average         T:0.29060    C:0.27350    A:0.20513    G:0.23077

#28: GyrantGazelle  
position  1:    T:0.23077    C:0.35897    A:0.15385    G:0.25641
position  2:    T:0.28205    C:0.35897    A:0.20513    G:0.15385
position  3:    T:0.35897    C:0.10256    A:0.28205    G:0.25641
Average         T:0.29060    C:0.27350    A:0.21368    G:0.22222

#29: Hartebeest     
position  1:    T:0.20513    C:0.38462    A:0.15385    G:0.25641
position  2:    T:0.28205    C:0.35897    A:0.20513    G:0.15385
position  3:    T:0.35897    C:0.10256    A:0.25641    G:0.28205
Average         T:0.28205    C:0.28205    A:0.20513    G:0.23077

#30: Bongo          
position  1:    T:0.23077    C:0.35897    A:0.15385    G:0.25641
position  2:    T:0.28205    C:0.35897    A:0.20513    G:0.15385
position  3:    T:0.35897    C:0.10256    A:0.25641    G:0.28205
Average         T:0.29060    C:0.27350    A:0.20513    G:0.23077

#31: Gerenuk        
position  1:    T:0.23077    C:0.35897    A:0.15385    G:0.25641
position  2:    T:0.28205    C:0.35897    A:0.20513    G:0.15385
position  3:    T:0.38462    C:0.07692    A:0.25641    G:0.28205
Average         T:0.29915    C:0.26496    A:0.20513    G:0.23077

#32: CommonEland    
position  1:    T:0.23077    C:0.35897    A:0.15385    G:0.25641
position  2:    T:0.28205    C:0.35897    A:0.20513    G:0.15385
position  3:    T:0.35897    C:0.10256    A:0.25641    G:0.28205
Average         T:0.29060    C:0.27350    A:0.20513    G:0.23077

#33: MuntiacusReevesi
position  1:    T:0.20513    C:0.38462    A:0.15385    G:0.25641
position  2:    T:0.28205    C:0.35897    A:0.20513    G:0.15385
position  3:    T:0.35897    C:0.10256    A:0.28205    G:0.25641
Average         T:0.28205    C:0.28205    A:0.21368    G:0.22222

#34: HarveysDuiker  
position  1:    T:0.23077    C:0.35897    A:0.15385    G:0.25641
position  2:    T:0.28205    C:0.35897    A:0.20513    G:0.15385
position  3:    T:0.35897    C:0.10256    A:0.28205    G:0.25641
Average         T:0.29060    C:0.27350    A:0.21368    G:0.22222

#35: Pronghorn      
position  1:    T:0.20513    C:0.38462    A:0.15385    G:0.25641
position  2:    T:0.28205    C:0.35897    A:0.20513    G:0.15385
position  3:    T:0.35897    C:0.10256    A:0.25641    G:0.28205
Average         T:0.28205    C:0.28205    A:0.20513    G:0.23077

#36: BlueWildebeest 
position  1:    T:0.23077    C:0.35897    A:0.15385    G:0.25641
position  2:    T:0.28205    C:0.35897    A:0.20513    G:0.15385
position  3:    T:0.35897    C:0.10256    A:0.25641    G:0.28205
Average         T:0.29060    C:0.27350    A:0.20513    G:0.23077

#37: Gemsbok        
position  1:    T:0.23077    C:0.35897    A:0.15385    G:0.25641
position  2:    T:0.28205    C:0.35897    A:0.20513    G:0.15385
position  3:    T:0.33333    C:0.10256    A:0.25641    G:0.30769
Average         T:0.28205    C:0.27350    A:0.20513    G:0.23932

#38: Yak            
position  1:    T:0.23077    C:0.35897    A:0.15385    G:0.25641
position  2:    T:0.28205    C:0.35897    A:0.20513    G:0.15385
position  3:    T:0.35897    C:0.10256    A:0.28205    G:0.25641
Average         T:0.29060    C:0.27350    A:0.21368    G:0.22222

#39: BlueSheep      
position  1:    T:0.23077    C:0.35897    A:0.15385    G:0.25641
position  2:    T:0.28205    C:0.35897    A:0.20513    G:0.15385
position  3:    T:0.35897    C:0.10256    A:0.25641    G:0.28205
Average         T:0.29060    C:0.27350    A:0.20513    G:0.23077

#40: BohorReedbuck  
position  1:    T:0.23077    C:0.35897    A:0.15385    G:0.25641
position  2:    T:0.28205    C:0.35897    A:0.20513    G:0.15385
position  3:    T:0.35897    C:0.10256    A:0.28205    G:0.25641
Average         T:0.29060    C:0.27350    A:0.21368    G:0.22222

#41: KirksDik       
position  1:    T:0.23077    C:0.33333    A:0.17949    G:0.25641
position  2:    T:0.28205    C:0.35897    A:0.20513    G:0.15385
position  3:    T:0.35897    C:0.10256    A:0.25641    G:0.28205
Average         T:0.29060    C:0.26496    A:0.21368    G:0.23077

#42: RoeDeer        
position  1:    T:0.23077    C:0.35897    A:0.15385    G:0.25641
position  2:    T:0.28205    C:0.35897    A:0.20513    G:0.15385
position  3:    T:0.35897    C:0.10256    A:0.28205    G:0.25641
Average         T:0.29060    C:0.27350    A:0.21368    G:0.22222

#43: WhiteLippedDeer
position  1:    T:0.23077    C:0.35897    A:0.15385    G:0.25641
position  2:    T:0.28205    C:0.35897    A:0.20513    G:0.15385
position  3:    T:0.35897    C:0.10256    A:0.28205    G:0.25641
Average         T:0.29060    C:0.27350    A:0.21368    G:0.22222

#44: ThomsonGazelle 
position  1:    T:0.23077    C:0.35897    A:0.15385    G:0.25641
position  2:    T:0.28205    C:0.35897    A:0.20513    G:0.15385
position  3:    T:0.35897    C:0.10256    A:0.25641    G:0.28205
Average         T:0.29060    C:0.27350    A:0.20513    G:0.23077

#45: MuntiacusCrinifrons
position  1:    T:0.23077    C:0.35897    A:0.15385    G:0.25641
position  2:    T:0.28205    C:0.35897    A:0.20513    G:0.15385
position  3:    T:0.35897    C:0.10256    A:0.30769    G:0.23077
Average         T:0.29060    C:0.27350    A:0.22222    G:0.21368

#46: WhiteTailedDeer
position  1:    T:0.23077    C:0.35897    A:0.15385    G:0.25641
position  2:    T:0.28205    C:0.35897    A:0.20513    G:0.15385
position  3:    T:0.35897    C:0.12821    A:0.28205    G:0.23077
Average         T:0.29060    C:0.28205    A:0.21368    G:0.21368

#47: Cattle         
position  1:    T:0.23077    C:0.35897    A:0.15385    G:0.25641
position  2:    T:0.28205    C:0.35897    A:0.20513    G:0.15385
position  3:    T:0.35897    C:0.10256    A:0.28205    G:0.25641
Average         T:0.29060    C:0.27350    A:0.21368    G:0.22222

#48: RoyalAntelope  
position  1:    T:0.23077    C:0.35897    A:0.15385    G:0.25641
position  2:    T:0.28205    C:0.35897    A:0.20513    G:0.15385
position  3:    T:0.35897    C:0.10256    A:0.25641    G:0.28205
Average         T:0.29060    C:0.27350    A:0.20513    G:0.23077

#49: Steenbok       
position  1:    T:0.23077    C:0.35897    A:0.15385    G:0.25641
position  2:    T:0.28205    C:0.35897    A:0.20513    G:0.15385
position  3:    T:0.35897    C:0.10256    A:0.25641    G:0.28205
Average         T:0.29060    C:0.27350    A:0.20513    G:0.23077

#50: Impala         
position  1:    T:0.23077    C:0.35897    A:0.15385    G:0.25641
position  2:    T:0.28205    C:0.35897    A:0.20513    G:0.15385
position  3:    T:0.35897    C:0.10256    A:0.28205    G:0.25641
Average         T:0.29060    C:0.27350    A:0.21368    G:0.22222

#51: Klipspringer   
position  1:    T:0.23077    C:0.35897    A:0.15385    G:0.25641
position  2:    T:0.28205    C:0.35897    A:0.20513    G:0.15385
