CODONML (in paml version 4.10.7, June 2023)  /home/rachel/ruminants_paml/6406-phy-tree/ENSBTAT00000061329.fasta.phy
Model: free dN/dS Ratios for branches,  kappa = 2.000 fixed

Codon frequency model: F3x4
ns =  54  ls =  22

Codon usage in sequences
--------------------------------------------------------------------------------------------------------------------------------------
Phe TTT   0   0   0   0   0   0 | Ser TCT   0   0   0   0   0   0 | Tyr TAT   0   0   0   0   0   0 | Cys TGT   0   0   0   0   0   0
    TTC   0   0   0   0   0   0 |     TCC   1   1   1   1   1   1 |     TAC   0   0   0   0   0   0 |     TGC   0   0   0   0   0   0
Leu TTA   1   1   1   1   0   1 |     TCA   0   0   0   0   0   0 | *** TAA   0   0   0   0   0   0 | *** TGA   0   0   0   0   0   0
    TTG   0   1   0   0   0   0 |     TCG   0   0   0   0   0   0 |     TAG   0   0   0   0   0   0 | Trp TGG   0   0   0   0   0   0
--------------------------------------------------------------------------------------------------------------------------------------
Leu CTT   0   0   0   0   0   0 | Pro CCT   0   0   0   0   0   0 | His CAT   0   0   0   0   0   0 | Arg CGT   0   0   0   0   0   0
    CTC   1   0   1   1   2   1 |     CCC   1   1   1   1   1   1 |     CAC   2   2   2   2   2   2 |     CGC   0   0   0   0   0   0
    CTA   0   0   0   0   0   0 |     CCA   1   0   1   1   0   1 | Gln CAA   0   0   0   0   0   0 |     CGA   0   0   0   0   0   0
    CTG   0   0   0   0   0   0 |     CCG   0   1   0   0   1   0 |     CAG   0   0   0   0   0   0 |     CGG   1   1   1   1   1   1
--------------------------------------------------------------------------------------------------------------------------------------
Ile ATT   1   1   1   1   1   0 | Thr ACT   0   1   0   0   0   1 | Asn AAT   1   0   1   1   1   1 | Ser AGT   0   0   0   0   0   0
    ATC   0   0   0   0   0   1 |     ACC   0   0   0   0   1   0 |     AAC   0   1   0   0   0   0 |     AGC   0   0   0   0   0   0
    ATA   0   0   0   0   0   0 |     ACA   1   0   1   1   0   0 | Lys AAA   0   0   0   0   0   0 | Arg AGA   0   0   0   0   0   0
Met ATG   2   2   2   2   2   2 |     ACG   0   0   0   0   0   0 |     AAG   1   1   1   1   1   1 |     AGG   0   0   0   0   0   0
--------------------------------------------------------------------------------------------------------------------------------------
Val GTT   0   0   0   0   0   0 | Ala GCT   0   0   0   0   0   0 | Asp GAT   1   0   1   1   0   1 | Gly GGT   0   0   0   0   0   0
    GTC   0   1   0   0   0   0 |     GCC   1   1   1   1   1   1 |     GAC   0   1   0   0   1   0 |     GGC   0   0   0   0   0   0
    GTA   1   0   1   1   0   0 |     GCA   0   0   0   0   0   1 | Glu GAA   2   0   2   2   2   1 |     GGA   2   2   2   2   2   2
    GTG   0   0   0   0   1   0 |     GCG   0   0   0   0   0   0 |     GAG   0   2   0   0   0   1 |     GGG   1   1   1   1   1   1
--------------------------------------------------------------------------------------------------------------------------------------

--------------------------------------------------------------------------------------------------------------------------------------
Phe TTT   0   0   0   0   0   0 | Ser TCT   0   0   0   0   0   0 | Tyr TAT   0   0   0   0   0   0 | Cys TGT   0   0   0   0   0   0
    TTC   0   0   0   0   0   0 |     TCC   1   1   1   1   1   1 |     TAC   0   0   0   0   0   0 |     TGC   0   0   0   0   0   0
Leu TTA   1   1   1   1   1   1 |     TCA   0   0   0   0   0   0 | *** TAA   0   0   0   0   0   0 | *** TGA   0   0   0   0   0   0
    TTG   0   0   0   0   0   0 |     TCG   0   0   0   0   0   0 |     TAG   0   0   0   0   0   0 | Trp TGG   0   0   0   0   0   0
--------------------------------------------------------------------------------------------------------------------------------------
Leu CTT   0   0   0   0   0   0 | Pro CCT   0   0   0   0   0   0 | His CAT   1   0   0   0   1   0 | Arg CGT   0   0   0   0   0   0
    CTC   1   1   1   1   1   0 |     CCC   1   1   1   1   1   1 |     CAC   1   2   2   2   1   2 |     CGC   0   0   0   0   0   0
    CTA   0   0   0   0   0   0 |     CCA   1   1   1   1   1   1 | Gln CAA   0   0   0   0   0   0 |     CGA   0   0   0   0   0   0
    CTG   0   0   0   0   0   1 |     CCG   0   0   0   0   0   0 |     CAG   0   0   0   0   0   0 |     CGG   1   1   1   1   1   1
--------------------------------------------------------------------------------------------------------------------------------------
Ile ATT   1   1   1   1   1   1 | Thr ACT   0   0   0   0   0   0 | Asn AAT   1   1   1   1   1   1 | Ser AGT   0   0   0   0   0   0
    ATC   0   0   0   0   0   0 |     ACC   0   0   0   0   0   0 |     AAC   0   0   0   0   0   0 |     AGC   0   0   0   0   0   0
    ATA   0   0   0   0   0   0 |     ACA   1   1   1   1   1   1 | Lys AAA   0   0   0   0   0   0 | Arg AGA   0   0   0   0   0   0
Met ATG   2   2   2   2   2   2 |     ACG   0   0   0   0   0   0 |     AAG   1   1   1   1   1   1 |     AGG   0   0   0   0   0   0
--------------------------------------------------------------------------------------------------------------------------------------
Val GTT   0   0   0   0   0   0 | Ala GCT   0   0   1   0   0   0 | Asp GAT   1   1   1   1   1   1 | Gly GGT   0   0   0   0   0   0
    GTC   0   0   0   0   0   0 |     GCC   1   1   0   1   1   1 |     GAC   0   0   0   0   0   0 |     GGC   0   0   0   0   0   0
    GTA   1   1   1   1   1   1 |     GCA   0   0   0   0   0   0 | Glu GAA   2   2   1   2   2   1 |     GGA   2   2   2   2   2   2
    GTG   0   0   0   0   0   0 |     GCG   0   0   0   0   0   0 |     GAG   0   0   1   0   0   1 |     GGG   1   1   1   1   1   1
--------------------------------------------------------------------------------------------------------------------------------------

--------------------------------------------------------------------------------------------------------------------------------------
Phe TTT   0   0   0   0   0   0 | Ser TCT   0   0   0   0   0   0 | Tyr TAT   0   0   0   0   0   0 | Cys TGT   0   0   0   0   0   0
    TTC   0   0   0   0   0   0 |     TCC   1   1   1   1   1   1 |     TAC   0   0   0   0   0   0 |     TGC   0   0   0   0   0   0
Leu TTA   1   1   1   1   1   1 |     TCA   0   0   0   0   0   0 | *** TAA   0   0   0   0   0   0 | *** TGA   0   0   0   0   0   0
    TTG   0   0   0   0   0   0 |     TCG   0   0   0   0   0   0 |     TAG   0   0   0   0   0   0 | Trp TGG   0   0   0   0   0   0
--------------------------------------------------------------------------------------------------------------------------------------
Leu CTT   0   0   0   0   0   0 | Pro CCT   0   0   0   0   0   0 | His CAT   0   0   0   0   0   0 | Arg CGT   0   0   0   0   0   0
    CTC   1   0   1   1   1   1 |     CCC   1   1   1   1   1   1 |     CAC   2   2   2   2   2   2 |     CGC   0   0   0   0   0   0
    CTA   0   0   0   0   0   0 |     CCA   1   1   1   1   1   1 | Gln CAA   0   0   0   0   0   0 |     CGA   0   0   0   0   0   0
    CTG   0   1   0   0   0   0 |     CCG   0   0   0   0   0   0 |     CAG   0   0   0   0   0   0 |     CGG   1   1   1   1   1   1
--------------------------------------------------------------------------------------------------------------------------------------
Ile ATT   1   1   1   1   1   1 | Thr ACT   0   0   0   0   0   0 | Asn AAT   1   1   1   1   1   1 | Ser AGT   0   0   0   0   0   0
    ATC   0   0   0   0   0   0 |     ACC   0   0   0   0   0   0 |     AAC   0   0   0   0   0   0 |     AGC   0   0   0   0   0   0
    ATA   0   0   0   0   0   0 |     ACA   1   1   1   1   1   1 | Lys AAA   0   0   0   0   0   0 | Arg AGA   0   0   0   0   0   0
Met ATG   2   2   2   2   2   2 |     ACG   0   0   0   0   0   0 |     AAG   1   1   1   1   1   1 |     AGG   0   0   0   0   0   0
--------------------------------------------------------------------------------------------------------------------------------------
Val GTT   0   0   0   0   0   0 | Ala GCT   0   0   0   0   0   0 | Asp GAT   1   1   1   1   1   1 | Gly GGT   0   0   0   0   0   0
    GTC   0   0   0   0   0   0 |     GCC   1   1   1   1   1   1 |     GAC   0   0   0   0   0   0 |     GGC   0   0   0   0   0   0
    GTA   1   1   1   1   1   1 |     GCA   0   0   0   0   0   0 | Glu GAA   2   2   2   2   2   2 |     GGA   2   2   2   2   2   2
    GTG   0   0   0   0   0   0 |     GCG   0   0   0   0   0   0 |     GAG   0   0   0   0   0   0 |     GGG   1   1   1   1   1   1
--------------------------------------------------------------------------------------------------------------------------------------

--------------------------------------------------------------------------------------------------------------------------------------
Phe TTT   0   0   0   0   0   0 | Ser TCT   0   0   0   0   0   0 | Tyr TAT   0   0   0   0   0   0 | Cys TGT   0   0   0   0   0   0
    TTC   0   0   0   0   0   0 |     TCC   1   1   1   1   1   1 |     TAC   0   0   0   0   0   0 |     TGC   0   0   0   0   0   0
Leu TTA   1   1   1   1   1   1 |     TCA   0   0   0   0   0   0 | *** TAA   0   0   0   0   0   0 | *** TGA   0   0   0   0   0   0
    TTG   0   0   0   0   0   0 |     TCG   0   0   0   0   0   0 |     TAG   0   0   0   0   0   0 | Trp TGG   0   0   0   0   0   0
--------------------------------------------------------------------------------------------------------------------------------------
Leu CTT   0   0   0   0   0   0 | Pro CCT   0   0   0   0   0   0 | His CAT   0   0   0   1   1   0 | Arg CGT   0   0   0   0   0   0
    CTC   1   1   1   1   1   1 |     CCC   1   1   1   1   1   1 |     CAC   2   2   2   1   1   2 |     CGC   0   0   0   0   0   0
    CTA   0   0   0   0   0   0 |     CCA   1   1   1   1   1   1 | Gln CAA   0   0   0   0   0   0 |     CGA   0   0   0   0   0   0
    CTG   0   0   0   0   0   0 |     CCG   0   0   0   0   0   0 |     CAG   0   0   0   0   0   0 |     CGG   1   1   1   1   1   1
--------------------------------------------------------------------------------------------------------------------------------------
Ile ATT   1   1   1   1   1   1 | Thr ACT   0   0   0   0   0   0 | Asn AAT   1   1   1   1   1   1 | Ser AGT   0   0   0   0   0   0
    ATC   0   0   0   0   0   0 |     ACC   0   0   0   0   0   0 |     AAC   0   0   0   0   0   0 |     AGC   0   0   0   0   0   0
    ATA   0   0   0   0   0   0 |     ACA   1   1   1   1   1   1 | Lys AAA   0   0   0   0   0   0 | Arg AGA   0   0   0   0   0   0
Met ATG   2   2   2   2   2   2 |     ACG   0   0   0   0   0   0 |     AAG   1   1   1   1   1   1 |     AGG   0   0   0   0   0   0
--------------------------------------------------------------------------------------------------------------------------------------
Val GTT   0   0   0   0   0   0 | Ala GCT   0   0   0   0   0   0 | Asp GAT   1   1   0   1   1   1 | Gly GGT   0   0   0   0   0   0
    GTC   0   0   0   0   0   0 |     GCC   1   1   1   1   1   1 |     GAC   0   0   1   0   0   0 |     GGC   0   0   0   0   1   0
    GTA   1   1   1   1   1   1 |     GCA   0   0   0   0   0   0 | Glu GAA   2   2   2   2   2   2 |     GGA   2   2   2   2   1   2
    GTG   0   0   0   0   0   0 |     GCG   0   0   0   0   0   0 |     GAG   0   0   0   0   0   0 |     GGG   1   1   1   1   1   1
--------------------------------------------------------------------------------------------------------------------------------------

--------------------------------------------------------------------------------------------------------------------------------------
Phe TTT   0   0   0   0   0   0 | Ser TCT   0   0   0   0   0   0 | Tyr TAT   0   0   0   0   0   0 | Cys TGT   0   0   0   0   0   0
    TTC   0   0   0   0   0   0 |     TCC   1   1   1   1   1   1 |     TAC   0   0   0   0   0   0 |     TGC   0   0   0   0   0   0
Leu TTA   1   1   1   1   1   1 |     TCA   0   0   0   0   0   0 | *** TAA   0   0   0   0   0   0 | *** TGA   0   0   0   0   0   0
    TTG   0   0   0   0   0   0 |     TCG   0   0   0   0   0   0 |     TAG   0   0   0   0   0   0 | Trp TGG   0   0   0   0   0   0
--------------------------------------------------------------------------------------------------------------------------------------
Leu CTT   0   0   0   0   0   0 | Pro CCT   0   0   0   0   0   0 | His CAT   0   0   0   0   0   1 | Arg CGT   0   0   0   0   0   0
    CTC   0   1   1   1   1   1 |     CCC   1   1   1   1   1   1 |     CAC   2   2   2   2   2   1 |     CGC   0   0   0   0   0   0
    CTA   0   0   0   0   0   0 |     CCA   1   1   1   1   1   1 | Gln CAA   0   0   0   0   0   0 |     CGA   0   0   0   0   0   0
    CTG   1   0   0   0   0   0 |     CCG   0   0   0   0   0   0 |     CAG   0   0   0   0   0   0 |     CGG   1   1   1   1   1   1
--------------------------------------------------------------------------------------------------------------------------------------
Ile ATT   1   1   1   1   1   1 | Thr ACT   0   0   0   0   0   0 | Asn AAT   1   1   1   1   1   1 | Ser AGT   0   0   0   0   0   0
    ATC   0   0   0   0   0   0 |     ACC   0   0   0   0   0   0 |     AAC   0   0   0   0   0   0 |     AGC   0   0   0   0   0   0
    ATA   0   0   0   0   0   0 |     ACA   1   1   1   1   1   1 | Lys AAA   0   0   0   0   0   0 | Arg AGA   0   0   0   0   0   0
Met ATG   2   2   2   2   2   2 |     ACG   0   0   0   0   0   0 |     AAG   1   1   1   1   1   1 |     AGG   0   0   0   0   0   0
--------------------------------------------------------------------------------------------------------------------------------------
Val GTT   0   0   0   0   0   0 | Ala GCT   0   0   0   0   0   0 | Asp GAT   1   1   1   1   1   1 | Gly GGT   0   0   0   0   0   0
    GTC   0   0   0   0   0   0 |     GCC   1   1   1   1   1   1 |     GAC   0   0   0   0   0   0 |     GGC   0   0   0   0   0   0
    GTA   1   1   1   1   1   1 |     GCA   0   0   0   0   0   0 | Glu GAA   1   1   2   2   2   2 |     GGA   2   2   2   2   2   2
    GTG   0   0   0   0   0   0 |     GCG   0   0   0   0   0   0 |     GAG   1   1   0   0   0   0 |     GGG   1   1   1   1   1   1
--------------------------------------------------------------------------------------------------------------------------------------

--------------------------------------------------------------------------------------------------------------------------------------
Phe TTT   0   0   0   0   0   0 | Ser TCT   0   0   0   0   0   0 | Tyr TAT   0   0   0   0   0   0 | Cys TGT   0   0   0   0   0   0
    TTC   0   0   0   0   0   0 |     TCC   1   1   1   1   1   1 |     TAC   0   0   0   0   0   0 |     TGC   0   0   0   0   0   0
Leu TTA   1   1   1   1   1   1 |     TCA   0   0   0   0   0   0 | *** TAA   0   0   0   0   0   0 | *** TGA   0   0   0   0   0   0
    TTG   0   0   0   0   0   0 |     TCG   0   0   0   0   0   0 |     TAG   0   0   0   0   0   0 | Trp TGG   0   0   0   0   0   0
--------------------------------------------------------------------------------------------------------------------------------------
Leu CTT   0   0   0   0   0   0 | Pro CCT   0   0   0   0   0   0 | His CAT   0   1   0   0   0   0 | Arg CGT   0   0   0   0   0   0
    CTC   1   1   0   1   1   1 |     CCC   1   1   1   1   1   1 |     CAC   2   1   2   2   2   2 |     CGC   0   0   0   0   0   0
    CTA   0   0   0   0   0   0 |     CCA   1   1   1   1   1   1 | Gln CAA   0   0   0   0   0   0 |     CGA   0   0   0   0   0   0
    CTG   0   0   1   0   0   0 |     CCG   0   0   0   0   0   0 |     CAG   0   0   0   0   0   0 |     CGG   1   1   1   1   1   1
--------------------------------------------------------------------------------------------------------------------------------------
Ile ATT   1   1   1   1   1   1 | Thr ACT   0   0   0   0   0   0 | Asn AAT   1   1   1   1   1   1 | Ser AGT   0   0   0   0   0   0
    ATC   0   0   0   0   0   0 |     ACC   0   0   0   0   0   0 |     AAC   0   0   0   0   0   0 |     AGC   0   0   0   0   0   0
    ATA   0   0   0   0   0   0 |     ACA   1   1   1   1   1   1 | Lys AAA   0   0   0   0   0   0 | Arg AGA   0   0   0   0   0   0
Met ATG   2   2   2   2   2   2 |     ACG   0   0   0   0   0   0 |     AAG   1   1   1   1   1   1 |     AGG   0   0   0   0   0   0
--------------------------------------------------------------------------------------------------------------------------------------
Val GTT   0   0   0   0   0   0 | Ala GCT   0   0   0   0   0   0 | Asp GAT   1   1   1   1   1   1 | Gly GGT   0   0   0   0   0   0
    GTC   0   0   0   0   0   0 |     GCC   1   1   1   1   1   1 |     GAC   0   0   0   0   0   0 |     GGC   0   0   0   0   0   0
    GTA   1   1   1   1   1   1 |     GCA   0   0   0   0   0   0 | Glu GAA   2   2   1   2   2   2 |     GGA   2   2   2   2   2   2
    GTG   0   0   0   0   0   0 |     GCG   0   0   0   0   0   0 |     GAG   0   0   1   0   0   0 |     GGG   1   1   1   1   1   1
--------------------------------------------------------------------------------------------------------------------------------------

--------------------------------------------------------------------------------------------------------------------------------------
Phe TTT   0   0   0   0   0   0 | Ser TCT   0   0   0   0   0   0 | Tyr TAT   0   0   0   0   0   0 | Cys TGT   0   0   0   0   0   0
    TTC   0   0   0   0   0   0 |     TCC   1   1   1   1   1   1 |     TAC   0   0   0   0   0   0 |     TGC   0   0   0   0   0   0
Leu TTA   1   1   1   1   1   1 |     TCA   0   0   0   0   0   0 | *** TAA   0   0   0   0   0   0 | *** TGA   0   0   0   0   0   0
    TTG   0   0   0   0   0   0 |     TCG   0   0   0   0   0   0 |     TAG   0   0   0   0   0   0 | Trp TGG   0   0   0   0   0   0
--------------------------------------------------------------------------------------------------------------------------------------
Leu CTT   0   0   0   0   0   1 | Pro CCT   0   0   0   0   0   0 | His CAT   0   0   0   1   0   0 | Arg CGT   0   0   0   0   0   0
    CTC   1   1   1   1   1   0 |     CCC   1   1   1   1   1   1 |     CAC   2   2   2   1   2   2 |     CGC   0   0   0   0   0   0
    CTA   0   0   0   0   0   0 |     CCA   1   1   1   1   1   1 | Gln CAA   0   0   0   0   0   0 |     CGA   0   0   0   0   0   0
    CTG   0   0   0   0   0   0 |     CCG   0   0   0   0   0   0 |     CAG   0   0   0   0   0   0 |     CGG   1   1   1   1   1   1
--------------------------------------------------------------------------------------------------------------------------------------
Ile ATT   1   1   1   1   1   1 | Thr ACT   0   0   0   0   0   0 | Asn AAT   1   1   1   1   1   1 | Ser AGT   0   0   0   0   0   0
    ATC   0   0   0   0   0   0 |     ACC   0   0   0   0   0   0 |     AAC   0   0   0   0   0   0 |     AGC   0   0   0   0   0   0
    ATA   0   0   0   0   0   0 |     ACA   1   1   1   1   1   1 | Lys AAA   0   0   0   0   0   0 | Arg AGA   0   0   0   0   0   0
Met ATG   2   2   2   2   2   2 |     ACG   0   0   0   0   0   0 |     AAG   1   1   1   1   1   1 |     AGG   0   0   0   0   0   0
--------------------------------------------------------------------------------------------------------------------------------------
Val GTT   0   0   0   0   0   0 | Ala GCT   0   0   0   0   0   0 | Asp GAT   1   1   1   1   1   1 | Gly GGT   0   0   0   0   0   0
    GTC   0   0   0   0   0   0 |     GCC   1   1   1   1   1   1 |     GAC   0   0   0   0   0   0 |     GGC   0   0   0   0   0   0
    GTA   1   1   1   1   1   1 |     GCA   0   0   0   0   0   0 | Glu GAA   2   2   2   2   2   1 |     GGA   2   2   2   2   2   2
    GTG   0   0   0   0   0   0 |     GCG   0   0   0   0   0   0 |     GAG   0   0   0   0   0   1 |     GGG   1   1   1   1   1   1
--------------------------------------------------------------------------------------------------------------------------------------

--------------------------------------------------------------------------------------------------------------------------------------
Phe TTT   0   0   0   0   0   0 | Ser TCT   0   0   0   0   0   0 | Tyr TAT   0   0   0   0   0   0 | Cys TGT   0   0   0   0   0   0
    TTC   0   0   0   0   0   0 |     TCC   1   1   1   1   1   1 |     TAC   0   0   0   0   0   0 |     TGC   0   0   0   0   0   0
Leu TTA   1   1   1   1   1   1 |     TCA   0   0   0   0   0   0 | *** TAA   0   0   0   0   0   0 | *** TGA   0   0   0   0   0   0
    TTG   0   0   0   0   0   0 |     TCG   0   0   0   0   0   0 |     TAG   0   0   0   0   0   0 | Trp TGG   0   0   0   0   0   0
--------------------------------------------------------------------------------------------------------------------------------------
Leu CTT   0   0   0   0   0   0 | Pro CCT   0   0   0   0   0   0 | His CAT   0   0   0   0   0   0 | Arg CGT   0   0   0   0   0   0
    CTC   0   1   0   1   1   1 |     CCC   1   1   1   1   1   1 |     CAC   2   2   2   2   2   2 |     CGC   0   0   0   0   0   0
    CTA   0   0   0   0   0   0 |     CCA   1   1   1   1   1   1 | Gln CAA   0   0   0   0   0   0 |     CGA   0   0   0   0   0   0
    CTG   1   0   1   0   0   0 |     CCG   0   0   0   0   0   0 |     CAG   0   0   0   0   0   0 |     CGG   1   1   1   0   1   1
--------------------------------------------------------------------------------------------------------------------------------------
Ile ATT   1   1   1   1   1   1 | Thr ACT   0   0   0   0   0   0 | Asn AAT   1   1   1   1   1   1 | Ser AGT   0   0   0   0   0   0
    ATC   0   0   0   0   0   0 |     ACC   0   0   0   0   0   0 |     AAC   0   0   0   0   0   0 |     AGC   0   0   0   0   0   0
    ATA   0   0   0   0   0   0 |     ACA   1   1   1   1   1   1 | Lys AAA   0   0   0   0   0   0 | Arg AGA   0   0   0   0   0   0
Met ATG   2   2   2   2   2   2 |     ACG   0   0   0   0   0   0 |     AAG   1   1   1   1   1   1 |     AGG   0   0   0   1   0   0
--------------------------------------------------------------------------------------------------------------------------------------
Val GTT   0   0   0   0   0   0 | Ala GCT   0   0   0   0   0   0 | Asp GAT   1   1   1   1   1   1 | Gly GGT   0   0   0   0   0   0
    GTC   0   0   0   0   0   0 |     GCC   1   1   1   1   1   1 |     GAC   0   0   0   0   0   0 |     GGC   0   0   0   0   0   0
    GTA   1   1   1   1   1   1 |     GCA   0   0   0   0   0   0 | Glu GAA   1   2   1   1   2   2 |     GGA   2   2   2   2   2   2
    GTG   0   0   0   0   0   0 |     GCG   0   0   0   0   0   0 |     GAG   1   0   1   1   0   0 |     GGG   1   1   1   1   1   1
--------------------------------------------------------------------------------------------------------------------------------------

--------------------------------------------------------------------------------------------------------------------------------------
Phe TTT   0   0   0   0   0   0 | Ser TCT   0   0   0   0   0   0 | Tyr TAT   0   0   0   0   0   0 | Cys TGT   0   0   0   0   0   0
    TTC   0   0   0   0   0   0 |     TCC   1   1   1   1   1   1 |     TAC   0   0   0   0   0   0 |     TGC   0   0   0   0   0   0
Leu TTA   1   1   1   1   1   1 |     TCA   0   0   0   0   0   0 | *** TAA   0   0   0   0   0   0 | *** TGA   0   0   0   0   0   0
    TTG   0   0   0   0   0   0 |     TCG   0   0   0   0   0   0 |     TAG   0   0   0   0   0   0 | Trp TGG   0   0   0   0   0   0
--------------------------------------------------------------------------------------------------------------------------------------
Leu CTT   0   0   0   0   0   0 | Pro CCT   0   0   0   0   0   0 | His CAT   0   0   0   0   1   1 | Arg CGT   0   0   0   0   0   0
    CTC   1   1   1   1   1   1 |     CCC   1   1   1   1   1   1 |     CAC   2   2   2   2   1   1 |     CGC   0   0   0   0   0   0
    CTA   0   0   0   0   0   0 |     CCA   1   1   1   1   1   1 | Gln CAA   0   0   0   0   0   0 |     CGA   0   0   0   0   0   0
    CTG   0   0   0   0   0   0 |     CCG   0   0   0   0   0   0 |     CAG   0   0   0   0   0   0 |     CGG   1   1   0   1   1   1
--------------------------------------------------------------------------------------------------------------------------------------
Ile ATT   1   1   1   1   1   1 | Thr ACT   0   0   0   0   0   0 | Asn AAT   1   1   1   1   1   1 | Ser AGT   0   0   0   0   0   0
    ATC   0   0   0   0   0   0 |     ACC   0   0   0   0   0   0 |     AAC   0   0   0   0   0   0 |     AGC   0   0   0   0   0   0
    ATA   0   0   0   0   0   0 |     ACA   1   1   1   1   1   1 | Lys AAA   0   0   0   0   0   0 | Arg AGA   0   0   0   0   0   0
Met ATG   2   2   2   2   2   2 |     ACG   0   0   0   0   0   0 |     AAG   1   1   1   1   1   1 |     AGG   0   0   1   0   0   0
--------------------------------------------------------------------------------------------------------------------------------------
Val GTT   0   0   0   0   0   0 | Ala GCT   0   0   0   0   0   0 | Asp GAT   1   1   1   1   1   1 | Gly GGT   0   0   0   0   0   0
    GTC   0   0   0   0   0   0 |     GCC   1   1   1   1   1   1 |     GAC   0   0   0   0   0   0 |     GGC   0   0   0   0   0   0
    GTA   1   1   1   1   1   1 |     GCA   0   0   0   0   0   0 | Glu GAA   2   2   2   2   2   2 |     GGA   2   2   2   2   2   2
    GTG   0   0   0   0   0   0 |     GCG   0   0   0   0   0   0 |     GAG   0   0   0   0   0   0 |     GGG   1   1   1   1   1   1
--------------------------------------------------------------------------------------------------------------------------------------

Codon position x base (3x4) table for each sequence.

#1: Argali         
position  1:    T:0.09091    C:0.27273    A:0.27273    G:0.36364
position  2:    T:0.27273    C:0.22727    A:0.31818    G:0.18182
position  3:    T:0.13636    C:0.27273    A:0.36364    G:0.22727
Average         T:0.16667    C:0.25758    A:0.31818    G:0.25758

#2: LesserMouseDeer
position  1:    T:0.13636    C:0.22727    A:0.27273    G:0.36364
position  2:    T:0.27273    C:0.22727    A:0.31818    G:0.18182
position  3:    T:0.09091    C:0.36364    A:0.13636    G:0.40909
Average         T:0.16667    C:0.27273    A:0.24242    G:0.31818

#3: LesserKudu     
position  1:    T:0.09091    C:0.27273    A:0.27273    G:0.36364
position  2:    T:0.27273    C:0.22727    A:0.31818    G:0.18182
position  3:    T:0.13636    C:0.27273    A:0.36364    G:0.22727
Average         T:0.16667    C:0.25758    A:0.31818    G:0.25758

#4: ForestMuskDeer2
position  1:    T:0.09091    C:0.27273    A:0.27273    G:0.36364
position  2:    T:0.27273    C:0.22727    A:0.31818    G:0.18182
position  3:    T:0.13636    C:0.27273    A:0.36364    G:0.22727
Average         T:0.16667    C:0.25758    A:0.31818    G:0.25758

#5: Camel          
position  1:    T:0.04545    C:0.31818    A:0.27273    G:0.36364
position  2:    T:0.27273    C:0.22727    A:0.31818    G:0.18182
position  3:    T:0.09091    C:0.40909    A:0.18182    G:0.31818
Average         T:0.13636    C:0.31818    A:0.25758    G:0.28788

#6: KillerWhale    
position  1:    T:0.09091    C:0.27273    A:0.27273    G:0.36364
position  2:    T:0.22727    C:0.27273    A:0.31818    G:0.18182
position  3:    T:0.13636    C:0.31818    A:0.27273    G:0.27273
Average         T:0.15152    C:0.28788    A:0.28788    G:0.27273

#7: DefassaWaterbuck
position  1:    T:0.09091    C:0.27273    A:0.27273    G:0.36364
position  2:    T:0.27273    C:0.22727    A:0.31818    G:0.18182
position  3:    T:0.18182    C:0.22727    A:0.36364    G:0.22727
Average         T:0.18182    C:0.24242    A:0.31818    G:0.25758

#8: Sheep          
position  1:    T:0.09091    C:0.27273    A:0.27273    G:0.36364
position  2:    T:0.27273    C:0.22727    A:0.31818    G:0.18182
position  3:    T:0.13636    C:0.27273    A:0.36364    G:0.22727
Average         T:0.16667    C:0.25758    A:0.31818    G:0.25758

#9: MaxwellsDuiker 
position  1:    T:0.09091    C:0.27273    A:0.27273    G:0.36364
position  2:    T:0.27273    C:0.22727    A:0.31818    G:0.18182
position  3:    T:0.18182    C:0.22727    A:0.31818    G:0.27273
Average         T:0.18182    C:0.24242    A:0.30303    G:0.27273

#10: GazellaPrzewalskyi
position  1:    T:0.09091    C:0.27273    A:0.27273    G:0.36364
position  2:    T:0.27273    C:0.22727    A:0.31818    G:0.18182
position  3:    T:0.13636    C:0.27273    A:0.36364    G:0.22727
Average         T:0.16667    C:0.25758    A:0.31818    G:0.25758

#11: MountainNyala  
position  1:    T:0.09091    C:0.27273    A:0.27273    G:0.36364
position  2:    T:0.27273    C:0.22727    A:0.31818    G:0.18182
position  3:    T:0.18182    C:0.22727    A:0.36364    G:0.22727
Average         T:0.18182    C:0.24242    A:0.31818    G:0.25758

#12: MuntiacusMuntjak
position  1:    T:0.09091    C:0.27273    A:0.27273    G:0.36364
position  2:    T:0.27273    C:0.22727    A:0.31818    G:0.18182
position  3:    T:0.13636    C:0.22727    A:0.31818    G:0.31818
Average         T:0.16667    C:0.24242    A:0.30303    G:0.28788

#13: goat           
position  1:    T:0.09091    C:0.27273    A:0.27273    G:0.36364
position  2:    T:0.27273    C:0.22727    A:0.31818    G:0.18182
position  3:    T:0.13636    C:0.27273    A:0.36364    G:0.22727
Average         T:0.16667    C:0.25758    A:0.31818    G:0.25758

#14: AfricanBuffalo 
position  1:    T:0.09091    C:0.27273    A:0.27273    G:0.36364
position  2:    T:0.27273    C:0.22727    A:0.31818    G:0.18182
position  3:    T:0.13636    C:0.22727    A:0.36364    G:0.27273
Average         T:0.16667    C:0.24242    A:0.31818    G:0.27273

#15: Topi           
position  1:    T:0.09091    C:0.27273    A:0.27273    G:0.36364
position  2:    T:0.27273    C:0.22727    A:0.31818    G:0.18182
position  3:    T:0.13636    C:0.27273    A:0.36364    G:0.22727
Average         T:0.16667    C:0.25758    A:0.31818    G:0.25758

#16: CommonDuiker   
position  1:    T:0.09091    C:0.27273    A:0.27273    G:0.36364
position  2:    T:0.27273    C:0.22727    A:0.31818    G:0.18182
position  3:    T:0.13636    C:0.27273    A:0.36364    G:0.22727
Average         T:0.16667    C:0.25758    A:0.31818    G:0.25758

#17: Suni           
position  1:    T:0.09091    C:0.27273    A:0.27273    G:0.36364
position  2:    T:0.27273    C:0.22727    A:0.31818    G:0.18182
position  3:    T:0.13636    C:0.27273    A:0.36364    G:0.22727
Average         T:0.16667    C:0.25758    A:0.31818    G:0.25758

#18: Springbuck     
position  1:    T:0.09091    C:0.27273    A:0.27273    G:0.36364
position  2:    T:0.27273    C:0.22727    A:0.31818    G:0.18182
position  3:    T:0.13636    C:0.27273    A:0.36364    G:0.22727
Average         T:0.16667    C:0.25758    A:0.31818    G:0.25758

#19: Okapi          
position  1:    T:0.09091    C:0.27273    A:0.27273    G:0.36364
position  2:    T:0.27273    C:0.22727    A:0.31818    G:0.18182
position  3:    T:0.13636    C:0.27273    A:0.36364    G:0.22727
Average         T:0.16667    C:0.25758    A:0.31818    G:0.25758

#20: Giraffe        
position  1:    T:0.09091    C:0.27273    A:0.27273    G:0.36364
position  2:    T:0.27273    C:0.22727    A:0.31818    G:0.18182
position  3:    T:0.13636    C:0.27273    A:0.36364    G:0.22727
Average         T:0.16667    C:0.25758    A:0.31818    G:0.25758

#21: TibetanAntelope
position  1:    T:0.09091    C:0.27273    A:0.27273    G:0.36364
position  2:    T:0.27273    C:0.22727    A:0.31818    G:0.18182
position  3:    T:0.09091    C:0.31818    A:0.36364    G:0.22727
Average         T:0.15152    C:0.27273    A:0.31818    G:0.25758

#22: Sitatunga      
position  1:    T:0.09091    C:0.27273    A:0.27273    G:0.36364
position  2:    T:0.27273    C:0.22727    A:0.31818    G:0.18182
position  3:    T:0.18182    C:0.22727    A:0.36364    G:0.22727
Average         T:0.18182    C:0.24242    A:0.31818    G:0.25758

#23: Oribi          
position  1:    T:0.09091    C:0.27273    A:0.27273    G:0.36364
position  2:    T:0.27273    C:0.22727    A:0.31818    G:0.18182
position  3:    T:0.18182    C:0.27273    A:0.31818    G:0.22727
Average         T:0.18182    C:0.25758    A:0.30303    G:0.25758

#24: BarbarySheep   
position  1:    T:0.09091    C:0.27273    A:0.27273    G:0.36364
position  2:    T:0.27273    C:0.22727    A:0.31818    G:0.18182
position  3:    T:0.13636    C:0.27273    A:0.36364    G:0.22727
Average         T:0.16667    C:0.25758    A:0.31818    G:0.25758

#25: Daviddeer      
position  1:    T:0.09091    C:0.27273    A:0.27273    G:0.36364
position  2:    T:0.27273    C:0.22727    A:0.31818    G:0.18182
position  3:    T:0.13636    C:0.22727    A:0.31818    G:0.31818
Average         T:0.16667    C:0.24242    A:0.30303    G:0.28788

#26: Reindeer       
position  1:    T:0.09091    C:0.27273    A:0.27273    G:0.36364
position  2:    T:0.27273    C:0.22727    A:0.31818    G:0.18182
position  3:    T:0.13636    C:0.27273    A:0.31818    G:0.27273
Average         T:0.16667    C:0.25758    A:0.30303    G:0.27273

#27: Ibex           
position  1:    T:0.09091    C:0.27273    A:0.27273    G:0.36364
position  2:    T:0.27273    C:0.22727    A:0.31818    G:0.18182
position  3:    T:0.13636    C:0.27273    A:0.36364    G:0.22727
Average         T:0.16667    C:0.25758    A:0.31818    G:0.25758

#28: GyrantGazelle  
position  1:    T:0.09091    C:0.27273    A:0.27273    G:0.36364
position  2:    T:0.27273    C:0.22727    A:0.31818    G:0.18182
position  3:    T:0.13636    C:0.27273    A:0.36364    G:0.22727
Average         T:0.16667    C:0.25758    A:0.31818    G:0.25758

#29: Hartebeest     
position  1:    T:0.09091    C:0.27273    A:0.27273    G:0.36364
position  2:    T:0.27273    C:0.22727    A:0.31818    G:0.18182
position  3:    T:0.13636    C:0.27273    A:0.36364    G:0.22727
Average         T:0.16667    C:0.25758    A:0.31818    G:0.25758

#30: Bongo          
position  1:    T:0.09091    C:0.27273    A:0.27273    G:0.36364
position  2:    T:0.27273    C:0.22727    A:0.31818    G:0.18182
position  3:    T:0.18182    C:0.22727    A:0.36364    G:0.22727
Average         T:0.18182    C:0.24242    A:0.31818    G:0.25758

#31: Gerenuk        
position  1:    T:0.09091    C:0.27273    A:0.27273    G:0.36364
position  2:    T:0.27273    C:0.22727    A:0.31818    G:0.18182
position  3:    T:0.13636    C:0.27273    A:0.36364    G:0.22727
Average         T:0.16667    C:0.25758    A:0.31818    G:0.25758

#32: CommonEland    
position  1:    T:0.09091    C:0.27273    A:0.27273    G:0.36364
position  2:    T:0.27273    C:0.22727    A:0.31818    G:0.18182
position  3:    T:0.18182    C:0.22727    A:0.36364    G:0.22727
Average         T:0.18182    C:0.24242    A:0.31818    G:0.25758

#33: MuntiacusReevesi
position  1:    T:0.09091    C:0.27273    A:0.27273    G:0.36364
position  2:    T:0.27273    C:0.22727    A:0.31818    G:0.18182
position  3:    T:0.13636    C:0.22727    A:0.31818    G:0.31818
Average         T:0.16667    C:0.24242    A:0.30303    G:0.28788

#34: HarveysDuiker  
position  1:    T:0.09091    C:0.27273    A:0.27273    G:0.36364
position  2:    T:0.27273    C:0.22727    A:0.31818    G:0.18182
position  3:    T:0.13636    C:0.27273    A:0.36364    G:0.22727
Average         T:0.16667    C:0.25758    A:0.31818    G:0.25758

#35: Pronghorn      
position  1:    T:0.09091    C:0.27273    A:0.27273    G:0.36364
position  2:    T:0.27273    C:0.22727    A:0.31818    G:0.18182
position  3:    T:0.13636    C:0.27273    A:0.36364    G:0.22727
Average         T:0.16667    C:0.25758    A:0.31818    G:0.25758

#36: BlueWildebeest 
position  1:    T:0.09091    C:0.27273    A:0.27273    G:0.36364
position  2:    T:0.27273    C:0.22727    A:0.31818    G:0.18182
position  3:    T:0.13636    C:0.27273    A:0.36364    G:0.22727
Average         T:0.16667    C:0.25758    A:0.31818    G:0.25758

#37: Gemsbok        
position  1:    T:0.09091    C:0.27273    A:0.27273    G:0.36364
position  2:    T:0.27273    C:0.22727    A:0.31818    G:0.18182
position  3:    T:0.13636    C:0.27273    A:0.36364    G:0.22727
Average         T:0.16667    C:0.25758    A:0.31818    G:0.25758

#38: Yak            
position  1:    T:0.09091    C:0.27273    A:0.27273    G:0.36364
position  2:    T:0.27273    C:0.22727    A:0.31818    G:0.18182
position  3:    T:0.13636    C:0.27273    A:0.36364    G:0.22727
Average         T:0.16667    C:0.25758    A:0.31818    G:0.25758

#39: BlueSheep      
position  1:    T:0.09091    C:0.27273    A:0.27273    G:0.36364
position  2:    T:0.27273    C:0.22727    A:0.31818    G:0.18182
position  3:    T:0.13636    C:0.27273    A:0.36364    G:0.22727
Average         T:0.16667    C:0.25758    A:0.31818    G:0.25758

#40: BohorReedbuck  
position  1:    T:0.09091    C:0.27273    A:0.27273    G:0.36364
position  2:    T:0.27273    C:0.22727    A:0.31818    G:0.18182
position  3:    T:0.18182    C:0.22727    A:0.36364    G:0.22727
Average         T:0.18182    C:0.24242    A:0.31818    G:0.25758

#41: KirksDik       
position  1:    T:0.09091    C:0.27273    A:0.27273    G:0.36364
position  2:    T:0.27273    C:0.22727    A:0.31818    G:0.18182
position  3:    T:0.13636    C:0.27273    A:0.36364    G:0.22727
Average         T:0.16667    C:0.25758    A:0.31818    G:0.25758

#42: RoeDeer        
position  1:    T:0.09091    C:0.27273    A:0.27273    G:0.36364
position  2:    T:0.27273    C:0.22727    A:0.31818    G:0.18182
position  3:    T:0.18182    C:0.22727    A:0.31818    G:0.27273
Average         T:0.18182    C:0.24242    A:0.30303    G:0.27273

#43: WhiteLippedDeer
position  1:    T:0.09091    C:0.27273    A:0.27273    G:0.36364
position  2:    T:0.27273    C:0.22727    A:0.31818    G:0.18182
position  3:    T:0.13636    C:0.22727    A:0.31818    G:0.31818
Average         T:0.16667    C:0.24242    A:0.30303    G:0.28788

#44: ThomsonGazelle 
position  1:    T:0.09091    C:0.27273    A:0.27273    G:0.36364
position  2:    T:0.27273    C:0.22727    A:0.31818    G:0.18182
position  3:    T:0.13636    C:0.27273    A:0.36364    G:0.22727
Average         T:0.16667    C:0.25758    A:0.31818    G:0.25758

#45: MuntiacusCrinifrons
position  1:    T:0.09091    C:0.27273    A:0.27273    G:0.36364
position  2:    T:0.27273    C:0.22727    A:0.31818    G:0.18182
position  3:    T:0.13636    C:0.22727    A:0.31818    G:0.31818
Average         T:0.16667    C:0.24242    A:0.30303    G:0.28788

#46: WhiteTailedDeer
position  1:    T:0.09091    C:0.22727    A:0.31818    G:0.36364
position  2:    T:0.27273    C:0.22727    A:0.31818    G:0.18182
position  3:    T:0.13636    C:0.27273    A:0.31818    G:0.27273
Average         T:0.16667    C:0.24242    A:0.31818    G:0.27273

#47: Cattle         
position  1:    T:0.09091    C:0.27273    A:0.27273    G:0.36364
position  2:    T:0.27273    C:0.22727    A:0.31818    G:0.18182
position  3:    T:0.13636    C:0.27273    A:0.36364    G:0.22727
Average         T:0.16667    C:0.25758    A:0.31818    G:0.25758

#48: RoyalAntelope  
position  1:    T:0.09091    C:0.27273    A:0.27273    G:0.36364
position  2:    T:0.27273    C:0.22727    A:0.31818    G:0.18182
position  3:    T:0.13636    C:0.27273    A:0.36364    G:0.22727
Average         T:0.16667    C:0.25758    A:0.31818    G:0.25758

#49: Steenbok       
position  1:    T:0.09091    C:0.27273    A:0.27273    G:0.36364
position  2:    T:0.27273    C:0.22727    A:0.31818    G:0.18182
position  3:    T:0.13636    C:0.27273    A:0.36364    G:0.22727
Average         T:0.16667    C:0.25758    A:0.31818    G:0.25758

#50: Impala         
position  1:    T:0.09091    C:0.27273    A:0.27273    G:0.36364
position  2:    T:0.27273    C:0.22727    A:0.31818    G:0.18182
position  3:    T:0.13636    C:0.27273    A:0.36364    G:0.22727
Average         T:0.16667    C:0.25758    A:0.31818    G:0.25758

#51: Klipspringer   
position  1:    T:0.09091    C:0.22727    A:0.31818    G:0.36364
position  2:    T:0.27273    C:0.22727    A:0.31818    G:0.18182
