1
52 1
Argali 0.000000 0.203000 0.085600 0.159000 0.060600 0.004500 0.046200 0.085500 0.090500 0.112000 0.022400 0.070900 0.051200 0.046300 0.080900 0.086100 0.122300 0.111500 0.032000 0.090500 0.080800 0.018000 0.132800 0.139500 0.018100 0.090800 0.055600 0.095500 0.076700 0.085500 0.112000 0.056000 0.142600 0.051000 0.040800 0.056200 0.022700 0.060800 0.090200 0.195700 0.122200 0.100400 0.117000 0.150100 0.051300 0.075400 0.090400 0.090000 0.041700 0.106000 0.090500 0.090500
LesserMous 0.203000 0.000000 0.215700 0.116700 0.208000 0.197800 0.191100 0.193000 0.209800 0.171200 0.196600 0.188100 0.199000 0.191900 0.182300 0.177000 0.154100 0.148100 0.197600 0.209800 0.182000 0.214200 0.188000 0.200700 0.202700 0.182000 0.193400 0.204300 0.190700 0.204100 0.171200 0.192500 0.180900 0.187700 0.174900 0.170500 0.196900 0.220400 0.209000 0.231500 0.171000 0.170800 0.176400 0.201000 0.176000 0.198500 0.198300 0.215600 0.164600 0.165200 0.209800 0.209800
LesserKudu 0.085600 0.215700 0.000000 0.159600 0.100600 0.090700 0.085300 0.106100 0.022900 0.117300 0.090400 0.066100 0.091100 0.095500 0.132600 0.122200 0.101900 0.101600 0.090600 0.022900 0.116700 0.095500 0.138600 0.151000 0.085500 0.116600 0.096200 0.027400 0.123400 0.027500 0.117300 0.085800 0.153400 0.091100 0.080500 0.046300 0.090500 0.111100 0.110600 0.174300 0.127400 0.137200 0.122300 0.150900 0.050500 0.111100 0.111100 0.137200 0.070800 0.106300 0.022900 0.022900
KillerWhal 0.159000 0.116700 0.159600 0.000000 0.175100 0.153900 0.147800 0.159900 0.154000 0.138700 0.153200 0.133500 0.165500 0.148300 0.182500 0.155500 0.122600 0.111700 0.153800 0.154000 0.149400 0.169700 0.154700 0.161400 0.158900 0.160400 0.171100 0.148700 0.168100 0.148600 0.138700 0.148700 0.153600 0.165400 0.142700 0.117100 0.164300 0.175700 0.175700 0.196400 0.143700 0.171000 0.143700 0.172600 0.122300 0.165000 0.165100 0.181500 0.122200 0.117500 0.154000 0.154000
DefassaWat 0.060600 0.208000 0.100600 0.175100 0.000000 0.065500 0.050800 0.090300 0.115600 0.137700 0.055600 0.095600 0.075700 0.050900 0.100100 0.090900 0.137800 0.126700 0.065400 0.115600 0.085600 0.060400 0.159400 0.166600 0.050900 0.095600 0.080700 0.120700 0.091700 0.110500 0.137700 0.060700 0.147800 0.075700 0.065400 0.080400 0.055700 0.036800 0.095100 0.201200 0.148200 0.115100 0.142800 0.166500 0.085400 0.080500 0.095200 0.094900 0.046300 0.131500 0.115600 0.115600
Sheep 0.004500 0.197800 0.090700 0.153900 0.065500 0.000000 0.051000 0.090600 0.085600 0.107100 0.027300 0.066100 0.056100 0.051100 0.076100 0.091300 0.117300 0.106500 0.036500 0.085600 0.085900 0.022700 0.127800 0.134400 0.022700 0.095900 0.060700 0.090600 0.081800 0.080700 0.107100 0.060900 0.137500 0.055900 0.046100 0.051500 0.027300 0.065700 0.095400 0.190400 0.117200 0.095600 0.112000 0.145000 0.046600 0.080400 0.095500 0.085200 0.046500 0.101100 0.085600 0.085600
MaxwellsDu 0.046200 0.191100 0.085300 0.147800 0.050800 0.051000 0.000000 0.065500 0.090200 0.111800 0.041400 0.070800 0.060900 0.027300 0.085600 0.070800 0.111500 0.100900 0.041500 0.090200 0.065700 0.046100 0.132500 0.139100 0.036700 0.075500 0.065700 0.095100 0.071400 0.085200 0.111800 0.027200 0.131600 0.060900 0.041500 0.056000 0.041400 0.051000 0.060600 0.183800 0.121900 0.085100 0.116800 0.139000 0.060800 0.051000 0.070300 0.090100 0.022600 0.095500 0.090200 0.090200
GazellaPrz 0.085500 0.193000 0.106100 0.159900 0.090300 0.090600 0.065500 0.000000 0.111100 0.128200 0.080300 0.101300 0.091000 0.065800 0.106400 0.042200 0.122700 0.111800 0.070700 0.111100 0.027800 0.085300 0.144100 0.161600 0.075500 0.037000 0.096100 0.106000 0.042600 0.105900 0.128200 0.065900 0.132400 0.091000 0.070600 0.085800 0.070500 0.090700 0.032000 0.185000 0.133300 0.056300 0.133200 0.161600 0.090800 0.080600 0.013700 0.116000 0.041800 0.111400 0.111100 0.111100
MountainNy 0.090500 0.209800 0.022900 0.154000 0.115600 0.085600 0.090200 0.111100 0.000000 0.112000 0.095300 0.061100 0.096000 0.100400 0.116900 0.127300 0.096700 0.096400 0.095400 0.000000 0.121700 0.090400 0.133200 0.145400 0.090400 0.121600 0.101100 0.004500 0.128500 0.004500 0.112000 0.090700 0.137300 0.096000 0.085300 0.041500 0.095400 0.116000 0.115600 0.168500 0.122100 0.131900 0.117000 0.145300 0.046300 0.116100 0.116100 0.131800 0.075700 0.101100 0.000000 0.000000
MuntiacusM 0.112000 0.171200 0.117300 0.138700 0.137700 0.107100 0.111800 0.128200 0.112000 0.000000 0.106500 0.092300 0.117900 0.122500 0.113000 0.134300 0.092000 0.081600 0.117200 0.112000 0.128600 0.122300 0.046800 0.076900 0.111900 0.128500 0.123200 0.117200 0.130100 0.106800 0.000000 0.122900 0.117000 0.117900 0.106800 0.076500 0.106700 0.127500 0.138200 0.123700 0.036700 0.128400 0.004500 0.086900 0.081600 0.123100 0.133300 0.128200 0.096900 0.081500 0.112000 0.112000
goat 0.022400 0.196600 0.090400 0.153200 0.055600 0.027300 0.041400 0.080300 0.095300 0.106500 0.000000 0.075700 0.055900 0.041500 0.090600 0.080900 0.116800 0.106100 0.027200 0.095300 0.075700 0.022300 0.127100 0.144300 0.004500 0.075600 0.059900 0.100300 0.071500 0.090200 0.106500 0.051000 0.136900 0.055700 0.045700 0.060900 0.009000 0.055800 0.085000 0.189200 0.116600 0.105300 0.111500 0.155100 0.065800 0.075300 0.085200 0.094800 0.036900 0.100700 0.095300 0.095300
AfricanBuf 0.070900 0.188100 0.066100 0.133500 0.095600 0.066100 0.070800 0.101300 0.061100 0.092300 0.075700 0.000000 0.086400 0.080600 0.106200 0.106900 0.097400 0.086900 0.076000 0.061100 0.101400 0.080700 0.123200 0.124600 0.070900 0.101300 0.091400 0.066000 0.107700 0.056300 0.092300 0.081100 0.127900 0.086300 0.066000 0.018400 0.075800 0.096100 0.105600 0.169000 0.112700 0.111300 0.097300 0.124500 0.023100 0.096100 0.106300 0.111500 0.056500 0.081600 0.061100 0.061100
Topi 0.051200 0.199000 0.091100 0.165500 0.075700 0.056100 0.060900 0.091000 0.096000 0.117900 0.055900 0.086400 0.000000 0.070800 0.095900 0.096700 0.128300 0.117300 0.056000 0.096000 0.091300 0.060700 0.139000 0.156700 0.051100 0.101400 0.013800 0.101100 0.087200 0.091000 0.117900 0.051300 0.138200 0.018400 0.036900 0.071100 0.055900 0.075900 0.095800 0.179800 0.128200 0.121700 0.122900 0.156600 0.076100 0.085800 0.095900 0.106000 0.046700 0.111600 0.096000 0.096000
CommonDuik 0.046300 0.191900 0.095500 0.148300 0.050900 0.051100 0.027300 0.065800 0.100400 0.122500 0.041500 0.080600 0.070800 0.000000 0.095900 0.066300 0.122300 0.111400 0.051100 0.100400 0.061200 0.046200 0.132900 0.150200 0.036800 0.070900 0.075800 0.105500 0.066800 0.095400 0.122500 0.018200 0.142500 0.070800 0.051100 0.065800 0.041500 0.060800 0.070500 0.195700 0.122300 0.090500 0.127500 0.150100 0.070700 0.060800 0.070600 0.100300 0.022900 0.116200 0.100400 0.100400
Suni 0.080900 0.182300 0.132600 0.182500 0.100100 0.076100 0.085600 0.106400 0.116900 0.113000 0.090600 0.106200 0.095900 0.095900 0.000000 0.117000 0.133700 0.122600 0.090800 0.116900 0.106700 0.085700 0.123500 0.151600 0.085700 0.117000 0.101500 0.122000 0.107500 0.111700 0.113000 0.096100 0.122700 0.096400 0.085800 0.091300 0.080700 0.090200 0.106100 0.209400 0.112800 0.106500 0.118000 0.162600 0.096400 0.101400 0.111400 0.086200 0.071100 0.122200 0.116900 0.116900
Springbuck 0.086100 0.177000 0.122200 0.155500 0.090900 0.091300 0.070800 0.042200 0.127300 0.134300 0.080900 0.106900 0.096700 0.066300 0.117000 0.000000 0.123600 0.117900 0.076200 0.127300 0.023100 0.086000 0.150400 0.168200 0.076100 0.023100 0.101800 0.122200 0.037500 0.122100 0.134300 0.071200 0.138600 0.096700 0.076000 0.091500 0.071100 0.096300 0.066200 0.203600 0.139500 0.046500 0.139400 0.168100 0.096500 0.086100 0.046900 0.121900 0.046900 0.112200 0.127300 0.127300
Okapi 0.122300 0.154100 0.101900 0.122600 0.137800 0.117300 0.111500 0.122700 0.096700 0.092000 0.116800 0.097400 0.128300 0.122300 0.133700 0.123600 0.000000 0.018300 0.117200 0.096700 0.123100 0.132700 0.112300 0.124100 0.122200 0.117800 0.133600 0.091700 0.130000 0.101900 0.092000 0.122500 0.111800 0.128200 0.106600 0.081700 0.116900 0.138300 0.137700 0.135500 0.101900 0.128000 0.097000 0.134800 0.086700 0.138400 0.127800 0.149000 0.096700 0.076500 0.096700 0.096700
Giraffe 0.111500 0.148100 0.101600 0.111700 0.126700 0.106500 0.100900 0.111800 0.096400 0.081600 0.106100 0.086900 0.117300 0.111400 0.122600 0.117900 0.018300 0.000000 0.106500 0.096400 0.112200 0.121700 0.112000 0.113100 0.111400 0.112200 0.122500 0.091400 0.118800 0.091300 0.081600 0.111700 0.101100 0.117200 0.096000 0.071400 0.106200 0.127200 0.126600 0.134900 0.101600 0.122200 0.086400 0.123600 0.076400 0.127300 0.116900 0.137800 0.086200 0.071600 0.096400 0.096400
TibetanAnt 0.032000 0.197600 0.090600 0.153800 0.065400 0.036500 0.041500 0.070700 0.095400 0.117200 0.027200 0.076000 0.056000 0.051100 0.090800 0.076200 0.117200 0.106500 0.000000 0.095400 0.071000 0.031900 0.138000 0.155600 0.022500 0.080800 0.055700 0.090500 0.061600 0.090400 0.117200 0.051200 0.137400 0.050900 0.046100 0.061000 0.027100 0.055900 0.085200 0.190000 0.127400 0.100600 0.122200 0.155500 0.065900 0.075400 0.075600 0.095000 0.037000 0.101100 0.095400 0.095400
Sitatunga 0.090500 0.209800 0.022900 0.154000 0.115600 0.085600 0.090200 0.111100 0.000000 0.112000 0.095300 0.061100 0.096000 0.100400 0.116900 0.127300 0.096700 0.096400 0.095400 0.000000 0.121700 0.090400 0.133200 0.145400 0.090400 0.121600 0.101100 0.004500 0.128500 0.004500 0.111900 0.090700 0.137300 0.096000 0.085300 0.041100 0.095400 0.116000 0.115600 0.168500 0.122100 0.131900 0.117000 0.145300 0.046300 0.116100 0.116100 0.131800 0.075700 0.101100 0.000000 0.000000
Oribi 0.080800 0.182000 0.116700 0.149400 0.085600 0.085900 0.065700 0.027800 0.121700 0.128600 0.075700 0.101400 0.091300 0.061200 0.106700 0.023100 0.123100 0.112200 0.071000 0.121700 0.000000 0.080700 0.144500 0.162200 0.070900 0.027800 0.096400 0.116600 0.032900 0.116500 0.128600 0.066100 0.132800 0.091300 0.070800 0.086100 0.065900 0.090900 0.051500 0.197200 0.133700 0.046600 0.133600 0.162100 0.091100 0.080800 0.032500 0.116300 0.041900 0.111800 0.121700 0.121700
BarbaryShe 0.018000 0.214200 0.095500 0.169700 0.060400 0.022700 0.046100 0.085300 0.090400 0.122300 0.022300 0.080700 0.060700 0.046200 0.085700 0.086000 0.132700 0.121700 0.031900 0.090400 0.080700 0.000000 0.143200 0.160900 0.018100 0.090600 0.065400 0.095400 0.076500 0.085400 0.122300 0.055900 0.142400 0.060500 0.050700 0.065800 0.022700 0.060600 0.090100 0.206900 0.132500 0.100200 0.127300 0.160800 0.060900 0.075300 0.090200 0.089800 0.041600 0.116200 0.090400 0.090400
Daviddeer 0.132800 0.188000 0.138600 0.154700 0.159400 0.127800 0.132500 0.144100 0.133200 0.046800 0.127100 0.123200 0.139000 0.132900 0.123500 0.150400 0.112300 0.112000 0.138000 0.133200 0.144500 0.143200 0.000000 0.107300 0.132600 0.144400 0.144400 0.138400 0.140900 0.138500 0.046800 0.133300 0.138100 0.139000 0.127400 0.107100 0.127300 0.149000 0.149000 0.156100 0.018400 0.144400 0.051500 0.117800 0.112300 0.133600 0.149400 0.149600 0.107000 0.122800 0.133200 0.133200
Reindeer 0.139500 0.200700 0.151000 0.161400 0.166600 0.134400 0.139100 0.161600 0.145400 0.076900 0.144300 0.124600 0.156700 0.150200 0.151600 0.168200 0.124100 0.113100 0.155600 0.145400 0.162200 0.160900 0.107300 0.000000 0.150000 0.162100 0.162300 0.150700 0.169900 0.139900 0.076900 0.150700 0.150300 0.156700 0.133900 0.108200 0.144600 0.145300 0.166400 0.124200 0.096900 0.172900 0.081700 0.037400 0.113400 0.161700 0.167000 0.166700 0.123700 0.124000 0.145400 0.145400
Ibex 0.018100 0.202700 0.085500 0.158900 0.050900 0.022700 0.036700 0.075500 0.090400 0.111900 0.004500 0.070900 0.051100 0.036800 0.085700 0.076100 0.122200 0.111400 0.022500 0.090400 0.070900 0.018100 0.132600 0.150000 0.000000 0.070700 0.055800 0.095400 0.066600 0.085400 0.111900 0.046300 0.142400 0.050400 0.041300 0.056200 0.004500 0.051100 0.080200 0.195400 0.122000 0.100400 0.116900 0.149900 0.061000 0.070400 0.080400 0.089900 0.032200 0.106000 0.090400 0.090400
GyrantGaze 0.090800 0.182000 0.116600 0.160400 0.095600 0.095900 0.075500 0.037000 0.121600 0.128500 0.075600 0.101300 0.101400 0.070900 0.117000 0.023100 0.117800 0.112200 0.080800 0.121600 0.027800 0.090600 0.144400 0.162100 0.070700 0.000000 0.106500 0.116500 0.032900 0.116400 0.128500 0.075900 0.132800 0.101400 0.080700 0.086100 0.065800 0.101000 0.061000 0.197100 0.133600 0.027700 0.133600 0.162000 0.091100 0.090800 0.041900 0.126600 0.051500 0.106600 0.121600 0.121600
Hartebeest 0.055600 0.193400 0.096200 0.171100 0.080700 0.060700 0.065700 0.096100 0.101100 0.123200 0.059900 0.091400 0.013800 0.075800 0.101500 0.101800 0.133600 0.122500 0.055700 0.101100 0.096400 0.065400 0.144400 0.162300 0.055800 0.106500 0.000000 0.106200 0.072000 0.096000 0.123200 0.066100 0.143500 0.004500 0.041000 0.076100 0.060600 0.080800 0.100900 0.185600 0.133500 0.127000 0.128200 0.162200 0.081000 0.090900 0.101100 0.110800 0.051500 0.116800 0.101100 0.101100
Bongo 0.095500 0.204300 0.027400 0.148700 0.120700 0.090600 0.095100 0.106000 0.004500 0.117200 0.100300 0.066000 0.101100 0.105500 0.122000 0.122200 0.091700 0.091400 0.090500 0.004500 0.116600 0.095400 0.138400 0.150700 0.095400 0.116500 0.106200 0.000000 0.123300 0.009100 0.117200 0.095700 0.132100 0.101000 0.090300 0.046100 0.100400 0.121100 0.120700 0.163000 0.127300 0.126700 0.122100 0.150700 0.051000 0.121200 0.111000 0.137000 0.080600 0.096100 0.004500 0.004500
Gerenuk 0.076700 0.190700 0.123400 0.168100 0.091700 0.081800 0.071400 0.042600 0.128500 0.130100 0.071500 0.107700 0.087200 0.066800 0.107500 0.037500 0.130000 0.118800 0.061600 0.128500 0.032900 0.076500 0.140900 0.169900 0.066600 0.032900 0.072000 0.123300 0.000000 0.123200 0.130100 0.071900 0.139800 0.067000 0.076600 0.092200 0.061700 0.086900 0.057000 0.205800 0.130000 0.056700 0.135100 0.169900 0.097300 0.086800 0.047400 0.112500 0.047300 0.123700 0.128500 0.128500
CommonElan 0.085500 0.204100 0.027500 0.148600 0.110500 0.080700 0.085200 0.105900 0.004500 0.106800 0.090200 0.056300 0.091000 0.095400 0.111700 0.122100 0.101900 0.091300 0.090400 0.004500 0.116500 0.085400 0.138500 0.139900 0.085400 0.116400 0.096000 0.009100 0.123200 0.000000 0.106800 0.085700 0.132000 0.090900 0.080300 0.036500 0.090400 0.110800 0.110400 0.162800 0.127400 0.126600 0.111800 0.139800 0.041600 0.110900 0.110900 0.126500 0.070700 0.096000 0.004500 0.004500
MuntiacusR 0.112000 0.171200 0.117300 0.138700 0.137700 0.107100 0.111800 0.128200 0.112000 0.000000 0.106500 0.092300 0.117900 0.122500 0.113000 0.134300 0.092000 0.081600 0.117200 0.111900 0.128600 0.122300 0.046800 0.076900 0.111900 0.128500 0.123200 0.117200 0.130100 0.106800 0.000000 0.122900 0.116800 0.117900 0.106800 0.076500 0.106700 0.127500 0.138200 0.123700 0.037100 0.128400 0.004500 0.086900 0.081600 0.123100 0.133300 0.128200 0.096900 0.081500 0.112000 0.112000
HarveysDui 0.056000 0.192500 0.085800 0.148700 0.060700 0.060900 0.027200 0.065900 0.090700 0.122900 0.051000 0.081100 0.051300 0.018200 0.096100 0.071200 0.122500 0.111700 0.051200 0.090700 0.066100 0.055900 0.133300 0.150700 0.046300 0.075900 0.066100 0.095700 0.071900 0.085700 0.122900 0.000000 0.142900 0.061200 0.051200 0.066000 0.051100 0.060900 0.070600 0.185000 0.122700 0.095600 0.127900 0.150700 0.070900 0.061000 0.070800 0.100600 0.022800 0.116400 0.090700 0.090700
Pronghorn 0.142600 0.180900 0.153400 0.153600 0.147800 0.137500 0.131600 0.132400 0.137300 0.117000 0.136900 0.127900 0.138200 0.142500 0.122700 0.138600 0.111800 0.101100 0.137400 0.137300 0.132800 0.142400 0.138100 0.150300 0.142400 0.132800 0.143500 0.132100 0.139800 0.132000 0.116800 0.142900 0.000000 0.138100 0.126600 0.111300 0.137000 0.148200 0.147600 0.190400 0.127000 0.143100 0.121700 0.161300 0.116500 0.159200 0.137500 0.159400 0.116600 0.106500 0.137300 0.137300
BlueWildeb 0.051000 0.187700 0.091100 0.165400 0.075700 0.055900 0.060900 0.091000 0.096000 0.117900 0.055700 0.086300 0.018400 0.070800 0.096400 0.096700 0.128200 0.117200 0.050900 0.096000 0.091300 0.060500 0.139000 0.156700 0.050400 0.101400 0.004500 0.101000 0.067000 0.090900 0.117900 0.061200 0.138100 0.000000 0.036800 0.071100 0.055800 0.075900 0.095800 0.179800 0.128200 0.121700 0.122900 0.156600 0.076000 0.085800 0.095900 0.105700 0.046700 0.121900 0.096000 0.096000
Gemsbok 0.040800 0.174900 0.080500 0.142700 0.065400 0.046100 0.041500 0.070600 0.085300 0.106800 0.045700 0.066000 0.036900 0.051100 0.085800 0.076000 0.106600 0.096000 0.046100 0.085300 0.070800 0.050700 0.127400 0.133900 0.041300 0.080700 0.041000 0.090300 0.076600 0.080300 0.106800 0.051200 0.126600 0.036800 0.000000 0.051300 0.046000 0.065600 0.075300 0.178300 0.116900 0.100400 0.111700 0.123200 0.056100 0.065500 0.075400 0.094900 0.027600 0.100800 0.085300 0.085300
Yak 0.056200 0.170500 0.046300 0.117100 0.080400 0.051500 0.056000 0.085800 0.041500 0.076500 0.060900 0.018400 0.071100 0.065800 0.091300 0.091500 0.081700 0.071400 0.061000 0.041100 0.086100 0.065800 0.107100 0.108200 0.056200 0.086100 0.076100 0.046100 0.092200 0.036500 0.076500 0.066000 0.111300 0.071100 0.051300 0.000000 0.061000 0.080700 0.090200 0.151500 0.096400 0.095900 0.081400 0.108100 0.004500 0.080600 0.090700 0.095700 0.041900 0.066300 0.041500 0.041500
BlueSheep 0.022700 0.196900 0.090500 0.164300 0.055700 0.027300 0.041400 0.070500 0.095400 0.106700 0.009000 0.075800 0.055900 0.041500 0.080700 0.071100 0.116900 0.106200 0.027100 0.095400 0.065900 0.022700 0.127300 0.144600 0.004500 0.065800 0.060600 0.100400 0.061700 0.090400 0.106700 0.051100 0.137000 0.055800 0.046000 0.061000 0.000000 0.055900 0.075200 0.189600 0.116700 0.095300 0.111600 0.144400 0.065800 0.075400 0.075400 0.089900 0.036900 0.100800 0.095400 0.095400
BohorReedb 0.060800 0.220400 0.111100 0.175700 0.036800 0.065700 0.051000 0.090700 0.116000 0.127500 0.055800 0.096100 0.075900 0.060800 0.090200 0.096300 0.138300 0.127200 0.055900 0.116000 0.090900 0.060600 0.149000 0.145300 0.051100 0.101000 0.080800 0.121100 0.086900 0.110800 0.127500 0.060900 0.148200 0.075900 0.065600 0.080700 0.055900 0.000000 0.090500 0.190400 0.137900 0.120700 0.132500 0.145200 0.085700 0.080800 0.095600 0.085100 0.046500 0.131900 0.116000 0.116000
KirksDik 0.090200 0.209000 0.110600 0.175700 0.095100 0.095400 0.060600 0.032000 0.115600 0.138200 0.085000 0.105600 0.095800 0.070500 0.106100 0.066200 0.137700 0.126600 0.085200 0.115600 0.051500 0.090100 0.149000 0.166400 0.080200 0.061000 0.100900 0.120700 0.057000 0.110400 0.138200 0.070600 0.147600 0.095800 0.075300 0.090200 0.075200 0.090500 0.000000 0.201300 0.138000 0.070800 0.143200 0.166500 0.095200 0.085400 0.036900 0.120900 0.046500 0.110500 0.115600 0.115600
RoeDeer 0.195700 0.231500 0.174300 0.196400 0.201200 0.190400 0.183800 0.185000 0.168500 0.123700 0.189200 0.169000 0.179800 0.195700 0.209400 0.203600 0.135500 0.134900 0.190000 0.168500 0.197200 0.206900 0.156100 0.124200 0.195400 0.197100 0.185600 0.163000 0.205800 0.162800 0.123700 0.185000 0.190400 0.179800 0.178300 0.151500 0.189600 0.190400 0.201300 0.000000 0.134100 0.208500 0.128800 0.140400 0.157100 0.208200 0.190600 0.201900 0.167800 0.157200 0.168500 0.168500
WhiteLippe 0.122200 0.171000 0.127400 0.143700 0.148200 0.117200 0.121900 0.133300 0.122100 0.036700 0.116600 0.112700 0.128200 0.122300 0.112800 0.139500 0.101900 0.101600 0.127400 0.122100 0.133700 0.132500 0.018400 0.096900 0.122000 0.133600 0.133500 0.127300 0.130000 0.127400 0.037100 0.122700 0.127000 0.128200 0.116900 0.096400 0.116700 0.137900 0.138000 0.134100 0.000000 0.133500 0.041700 0.107200 0.101600 0.122900 0.138500 0.138600 0.096700 0.112300 0.122100 0.122100
ThomsonGaz 0.100400 0.170800 0.137200 0.171000 0.115100 0.095600 0.085100 0.056300 0.131900 0.128400 0.105300 0.111300 0.121700 0.090500 0.106500 0.046500 0.128000 0.122200 0.100600 0.131900 0.046600 0.100200 0.144400 0.172900 0.100400 0.027700 0.127000 0.126700 0.056700 0.126600 0.128400 0.095600 0.143100 0.121700 0.100400 0.095900 0.095300 0.120700 0.070800 0.208500 0.133500 0.000000 0.133400 0.172900 0.090800 0.095800 0.061100 0.116100 0.070800 0.106300 0.131900 0.131900
MuntiacusC 0.117000 0.176400 0.122300 0.143700 0.142800 0.112000 0.116800 0.133200 0.117000 0.004500 0.111500 0.097300 0.122900 0.127500 0.118000 0.139400 0.097000 0.086400 0.122200 0.117000 0.133600 0.127300 0.051500 0.081700 0.116900 0.133600 0.128200 0.122100 0.135100 0.111800 0.004500 0.127900 0.121700 0.122900 0.111700 0.081400 0.111600 0.132500 0.143200 0.128800 0.041700 0.133400 0.000000 0.091800 0.086400 0.128100 0.138400 0.133200 0.101800 0.086400 0.117000 0.117000
WhiteTaile 0.150100 0.201000 0.150900 0.172600 0.166500 0.145000 0.139000 0.161600 0.145300 0.086900 0.155100 0.124500 0.156600 0.150100 0.162600 0.168100 0.134800 0.123600 0.155500 0.145300 0.162100 0.160800 0.117800 0.037400 0.149900 0.162000 0.162200 0.150700 0.169900 0.139800 0.086900 0.150700 0.161300 0.156600 0.123200 0.108100 0.144400 0.145200 0.166500 0.140400 0.107200 0.172900 0.091800 0.000000 0.113300 0.161600 0.167000 0.155700 0.123600 0.134700 0.145300 0.145300
Cattle 0.051300 0.176000 0.050500 0.122300 0.085400 0.046600 0.060800 0.090800 0.046300 0.081600 0.065800 0.023100 0.076100 0.070700 0.096400 0.096500 0.086700 0.076400 0.065900 0.046300 0.091100 0.060900 0.112300 0.113400 0.061000 0.091100 0.081000 0.051000 0.097300 0.041600 0.081600 0.070900 0.116500 0.076000 0.056100 0.004500 0.065800 0.085700 0.095200 0.157100 0.101600 0.090800 0.086400 0.113300 0.000000 0.080600 0.095800 0.090700 0.046600 0.071200 0.046300 0.046000
RoyalAntel 0.075400 0.198500 0.111100 0.165000 0.080500 0.080400 0.051000 0.080600 0.116100 0.123100 0.075300 0.096100 0.085800 0.060800 0.101400 0.086100 0.138400 0.127300 0.075400 0.116100 0.080800 0.075300 0.133600 0.161700 0.070400 0.090800 0.090900 0.121200 0.086800 0.110900 0.123100 0.061000 0.159200 0.085800 0.065500 0.080600 0.075400 0.080800 0.085400 0.208200 0.122900 0.095800 0.128100 0.161600 0.080600 0.000000 0.085500 0.090300 0.036900 0.132000 0.116100 0.116100
Steenbok 0.090400 0.198300 0.111100 0.165100 0.095200 0.095500 0.070300 0.013700 0.116100 0.133300 0.085200 0.106300 0.095900 0.070600 0.111400 0.046900 0.127800 0.116900 0.075600 0.116100 0.032500 0.090200 0.149400 0.167000 0.080400 0.041900 0.101100 0.111000 0.047400 0.110900 0.133300 0.070800 0.137500 0.095900 0.075400 0.090700 0.075400 0.095600 0.036900 0.190600 0.138500 0.061100 0.138400 0.167000 0.095800 0.085500 0.000000 0.121100 0.046600 0.116500 0.116100 0.116100
Impala 0.090000 0.215600 0.137200 0.181500 0.094900 0.085200 0.090100 0.116000 0.131800 0.128200 0.094800 0.111500 0.106000 0.100300 0.086200 0.121900 0.149000 0.137800 0.095000 0.131800 0.116300 0.089800 0.149600 0.166700 0.089900 0.126600 0.110800 0.137000 0.112500 0.126500 0.128200 0.100600 0.159400 0.105700 0.094900 0.095700 0.089900 0.085100 0.120900 0.201900 0.138600 0.116100 0.133200 0.155700 0.090700 0.090300 0.121100 0.000000 0.075500 0.142500 0.131800 0.131800
Klipspring 0.041700 0.164600 0.070800 0.122200 0.046300 0.046500 0.022600 0.041800 0.075700 0.096900 0.036900 0.056500 0.046700 0.022900 0.071100 0.046900 0.096700 0.086200 0.037000 0.075700 0.041900 0.041600 0.107000 0.123700 0.032200 0.051500 0.051500 0.080600 0.047300 0.070700 0.096900 0.022800 0.116600 0.046700 0.027600 0.041900 0.036900 0.046500 0.046500 0.167800 0.096700 0.070800 0.101800 0.123600 0.046600 0.036900 0.046600 0.075500 0.000000 0.090900 0.075700 0.075700
ForestMusk 0.106000 0.165200 0.106300 0.117500 0.131500 0.101100 0.095500 0.111400 0.101100 0.081500 0.100700 0.081600 0.111600 0.116200 0.122200 0.112200 0.076500 0.071600 0.101100 0.101100 0.111800 0.116200 0.122800 0.124000 0.106000 0.106600 0.116800 0.096100 0.123700 0.096000 0.081500 0.116400 0.106500 0.121900 0.100800 0.066300 0.100800 0.131900 0.110500 0.157200 0.112300 0.106300 0.086400 0.134700 0.071200 0.132000 0.116500 0.142500 0.090900 0.000000 0.101100 0.101100
Bushbuck 0.090500 0.209800 0.022900 0.154000 0.115600 0.085600 0.090200 0.111100 0.000000 0.112000 0.095300 0.061100 0.096000 0.100400 0.116900 0.127300 0.096700 0.096400 0.095400 0.000000 0.121700 0.090400 0.133200 0.145400 0.090400 0.121600 0.101100 0.004500 0.128500 0.004500 0.112000 0.090700 0.137300 0.096000 0.085300 0.041500 0.095400 0.116000 0.115600 0.168500 0.122100 0.131900 0.117000 0.145300 0.046300 0.116100 0.116100 0.131800 0.075700 0.101100 0.000000 0.000000
GreaterKud 0.090500 0.209800 0.022900 0.154000 0.115600 0.085600 0.090200 0.111100 0.000000 0.112000 0.095300 0.061100 0.096000 0.100400 0.116900 0.127300 0.096700 0.096400 0.095400 0.000000 0.121700 0.090400 0.133200 0.145400 0.090400 0.121600 0.101100 0.004500 0.128500 0.004500 0.112000 0.090700 0.137300 0.096000 0.085300 0.041500 0.095400 0.116000 0.115600 0.168500 0.122100 0.131900 0.117000 0.145300 0.046000 0.116100 0.116100 0.131800 0.075700 0.101100 0.000000 0.000000
