1
52 1
Argali 0.000000 0.266600 0.031200 0.228700 0.017500 0.004300 0.031300 0.013100 0.059400 0.040500 0.000100 0.022100 0.004400 0.008700 0.026500 0.022100 0.044900 0.035900 0.040400 0.054500 0.031100 0.000000 0.049800 0.069400 0.000000 0.031300 0.013100 0.059400 0.036100 0.054500 0.049800 0.013200 0.094800 0.004300 0.000000 0.031100 0.000000 0.022000 0.045200 0.059500 0.054600 0.035800 0.040600 0.069200 0.031100 0.017600 0.054500 0.040400 0.034400 0.054200 0.059400 0.054800
LesserMous 0.266600 0.000000 0.267600 0.339700 0.292600 0.273000 0.276000 0.260300 0.280600 0.281000 0.265900 0.269200 0.274000 0.266900 0.292300 0.260300 0.264000 0.266700 0.301800 0.273500 0.273500 0.266800 0.293800 0.310700 0.266100 0.275700 0.288100 0.280900 0.276300 0.273500 0.280000 0.274500 0.320400 0.274000 0.266600 0.281000 0.266100 0.286300 0.297000 0.294900 0.302000 0.267600 0.281200 0.310400 0.295600 0.267600 0.304000 0.266700 0.267300 0.306700 0.280400 0.282000
LesserKudu 0.031200 0.267600 0.000000 0.210800 0.049600 0.035800 0.045400 0.035800 0.026900 0.050100 0.031200 0.026800 0.026700 0.031300 0.049700 0.045200 0.059200 0.059500 0.074000 0.022200 0.054500 0.031300 0.059400 0.079500 0.031200 0.050100 0.035800 0.026800 0.060000 0.022200 0.059400 0.035900 0.100200 0.026700 0.031200 0.035800 0.031200 0.045100 0.069400 0.079400 0.064400 0.059600 0.050100 0.079300 0.045100 0.040600 0.069300 0.059400 0.048700 0.068800 0.026900 0.022400
KillerWhal 0.228700 0.339700 0.210800 0.000000 0.240400 0.222100 0.243300 0.235300 0.229300 0.235100 0.228200 0.235700 0.222400 0.241800 0.266600 0.223100 0.232700 0.228200 0.268000 0.222700 0.261200 0.228900 0.247000 0.269000 0.228200 0.230500 0.235200 0.229500 0.244800 0.222700 0.234400 0.249000 0.289600 0.222300 0.228700 0.240900 0.228200 0.235000 0.263100 0.268500 0.254400 0.229800 0.235200 0.268700 0.247400 0.242500 0.270000 0.261600 0.255600 0.252600 0.229100 0.230300
DefassaWat 0.017500 0.292600 0.049600 0.240400 0.000000 0.013100 0.049700 0.031000 0.078500 0.049800 0.017500 0.040300 0.022000 0.026500 0.044600 0.040200 0.054100 0.045000 0.054200 0.073500 0.049400 0.017500 0.059100 0.079000 0.017500 0.049700 0.031000 0.078500 0.054700 0.073500 0.059100 0.031100 0.109500 0.022000 0.017500 0.049400 0.017500 0.017500 0.064000 0.069000 0.064000 0.054300 0.049800 0.078800 0.049400 0.035700 0.073600 0.059000 0.053300 0.063600 0.078500 0.073900
Sheep 0.004300 0.273000 0.035800 0.222100 0.013100 0.000000 0.035800 0.017600 0.064100 0.035900 0.004300 0.026600 0.008700 0.013100 0.031000 0.026600 0.040200 0.031200 0.040300 0.059200 0.035600 0.004300 0.045000 0.064400 0.004300 0.035900 0.017600 0.064100 0.040700 0.059200 0.045000 0.017600 0.099800 0.008700 0.004300 0.035600 0.004300 0.017500 0.049800 0.054700 0.049800 0.040400 0.035900 0.064300 0.035600 0.022100 0.059200 0.045000 0.039100 0.049400 0.064100 0.059500
MaxwellsDu 0.031300 0.276000 0.045400 0.243300 0.049700 0.035800 0.000000 0.035900 0.074400 0.064600 0.031300 0.045300 0.035900 0.022200 0.049700 0.045300 0.069000 0.059700 0.074100 0.069400 0.045200 0.031300 0.074200 0.094900 0.031200 0.055000 0.045200 0.074400 0.060100 0.069400 0.074100 0.035900 0.121700 0.035900 0.031300 0.054500 0.031200 0.045100 0.068500 0.084400 0.079300 0.059600 0.064600 0.094700 0.064100 0.040600 0.069400 0.064300 0.049200 0.078900 0.074400 0.069800
GazellaPrz 0.013100 0.260300 0.035800 0.235300 0.031000 0.017600 0.035900 0.000000 0.054600 0.045200 0.013100 0.026700 0.017600 0.013100 0.031000 0.017600 0.049600 0.040500 0.045100 0.049800 0.026500 0.013100 0.054500 0.074300 0.013100 0.026700 0.026600 0.054600 0.031400 0.049800 0.054500 0.017600 0.100000 0.017600 0.013100 0.035600 0.013100 0.026500 0.040500 0.064300 0.059400 0.031200 0.045200 0.074100 0.044900 0.013200 0.049800 0.035800 0.029300 0.058900 0.054600 0.054800
MountainNy 0.059400 0.280600 0.026900 0.229300 0.078500 0.064100 0.074400 0.054600 0.000000 0.079300 0.059400 0.054800 0.054600 0.059400 0.078600 0.064400 0.078700 0.079200 0.094100 0.004400 0.073900 0.059400 0.088900 0.099900 0.059300 0.069500 0.064200 0.008900 0.079800 0.004400 0.088900 0.064300 0.121500 0.054600 0.059400 0.064000 0.059300 0.073800 0.079400 0.099600 0.094200 0.079200 0.079300 0.099600 0.073800 0.059600 0.089300 0.069200 0.068400 0.099000 0.008900 0.008900
MuntiacusM 0.040500 0.281000 0.050100 0.235100 0.049800 0.035900 0.064600 0.045200 0.079300 0.000000 0.040600 0.050100 0.035900 0.040600 0.059300 0.054800 0.035600 0.031200 0.073900 0.074200 0.064300 0.040600 0.008700 0.026600 0.040500 0.059800 0.045200 0.079300 0.069900 0.074200 0.008700 0.045300 0.084400 0.035900 0.040500 0.059400 0.040500 0.045200 0.079500 0.026600 0.013100 0.069400 0.000000 0.026600 0.069100 0.050100 0.079000 0.064300 0.068100 0.059000 0.079200 0.074600
goat 0.000100 0.265900 0.031200 0.228200 0.017500 0.004300 0.031300 0.013100 0.059400 0.040600 0.000000 0.022100 0.004400 0.008700 0.026500 0.022100 0.044900 0.035900 0.040400 0.054500 0.031100 0.000100 0.049800 0.069400 0.000000 0.031300 0.013100 0.059400 0.036100 0.054500 0.049800 0.013200 0.094800 0.004300 0.000100 0.031100 0.000000 0.022000 0.045200 0.059500 0.054600 0.035800 0.040600 0.069300 0.031100 0.017600 0.054500 0.040400 0.033600 0.053800 0.059400 0.054800
AfricanBuf 0.022100 0.269200 0.026800 0.235700 0.040300 0.026600 0.045300 0.026700 0.054800 0.050100 0.022100 0.000000 0.026700 0.022200 0.040300 0.035900 0.049700 0.049700 0.064300 0.050000 0.045100 0.022100 0.059500 0.079600 0.022100 0.045400 0.035800 0.054800 0.050400 0.050000 0.059500 0.026700 0.100300 0.026700 0.022100 0.017600 0.022100 0.035800 0.059700 0.059800 0.064400 0.050000 0.050100 0.079400 0.026700 0.031300 0.069300 0.049900 0.048200 0.058700 0.054800 0.050300
Topi 0.004400 0.274000 0.026700 0.222400 0.022000 0.008700 0.035900 0.017600 0.054600 0.035900 0.004400 0.026700 0.000000 0.013200 0.031000 0.026600 0.049600 0.040500 0.045100 0.049800 0.035700 0.004400 0.045100 0.064600 0.004300 0.031300 0.008700 0.054600 0.040800 0.049800 0.045100 0.017600 0.089700 0.000000 0.004400 0.035700 0.004300 0.026600 0.050000 0.064400 0.049900 0.040500 0.035900 0.064400 0.035700 0.022100 0.059400 0.045100 0.039000 0.059000 0.054600 0.050100
CommonDuik 0.008700 0.266900 0.031300 0.241800 0.026500 0.013100 0.022200 0.013100 0.059400 0.040600 0.008700 0.022200 0.013200 0.000000 0.026500 0.022100 0.044900 0.035900 0.049800 0.054600 0.031100 0.008700 0.049800 0.069500 0.008700 0.031300 0.022100 0.059400 0.036100 0.054600 0.049800 0.013400 0.094900 0.013100 0.008700 0.031100 0.008700 0.022000 0.044100 0.059600 0.054700 0.035800 0.040600 0.069300 0.040300 0.017600 0.054600 0.040400 0.034700 0.054100 0.059400 0.054900
Suni 0.026500 0.292300 0.049700 0.266600 0.044600 0.031000 0.049700 0.031000 0.078600 0.059300 0.026500 0.040300 0.031000 0.026500 0.000000 0.040200 0.063600 0.054400 0.068600 0.073500 0.049400 0.026500 0.068700 0.089000 0.026500 0.049800 0.040200 0.078600 0.054700 0.073500 0.068700 0.031100 0.115200 0.031000 0.026500 0.049400 0.026500 0.040100 0.064000 0.078800 0.073700 0.054300 0.059300 0.088800 0.058900 0.035700 0.073600 0.059000 0.053300 0.073400 0.078500 0.074000
Springbuck 0.022100 0.260300 0.045200 0.223100 0.040200 0.026600 0.045300 0.017600 0.064400 0.054800 0.022100 0.035900 0.026600 0.022100 0.040200 0.000000 0.059100 0.050000 0.054600 0.059400 0.035600 0.022100 0.064200 0.084400 0.022100 0.008800 0.035800 0.064300 0.013300 0.059400 0.064100 0.026700 0.110600 0.026600 0.022100 0.044900 0.022100 0.035700 0.050000 0.074200 0.069200 0.013200 0.054800 0.084200 0.054400 0.022200 0.059400 0.045100 0.039000 0.068800 0.064300 0.064600
Okapi 0.044900 0.264000 0.059200 0.232700 0.054100 0.040200 0.069000 0.049600 0.078700 0.035600 0.044900 0.049700 0.049600 0.044900 0.063600 0.059100 0.000000 0.018000 0.083500 0.073700 0.068600 0.044900 0.044700 0.063900 0.044900 0.069100 0.059100 0.078700 0.074300 0.073700 0.044700 0.049700 0.073900 0.049600 0.044900 0.058900 0.044900 0.049500 0.083800 0.054300 0.049400 0.064000 0.035600 0.063800 0.068600 0.054400 0.093700 0.073600 0.072800 0.058700 0.078700 0.074100
Giraffe 0.035900 0.266700 0.059500 0.228200 0.045000 0.031200 0.059700 0.040500 0.079200 0.031200 0.035900 0.049700 0.040500 0.035900 0.054400 0.050000 0.018000 0.000000 0.074100 0.074200 0.059400 0.035900 0.040300 0.059500 0.035800 0.059800 0.049900 0.079200 0.064900 0.074200 0.040300 0.040600 0.074500 0.040500 0.035900 0.058900 0.035800 0.040400 0.074400 0.049800 0.045000 0.054800 0.031200 0.059400 0.068700 0.045300 0.084200 0.069200 0.063300 0.059100 0.079100 0.074600
TibetanAnt 0.040400 0.301800 0.074000 0.268000 0.054200 0.040300 0.074100 0.045100 0.094100 0.073900 0.040400 0.064300 0.045100 0.049800 0.068600 0.054600 0.083500 0.074100 0.000000 0.088900 0.064000 0.040400 0.083600 0.104500 0.040300 0.064500 0.054500 0.094100 0.073100 0.088900 0.083500 0.054600 0.143000 0.045000 0.040400 0.073600 0.040300 0.059100 0.079200 0.094000 0.088700 0.069100 0.074000 0.104300 0.064000 0.049900 0.083600 0.073900 0.067800 0.093900 0.094100 0.094400
Sitatunga 0.054500 0.273500 0.022200 0.222700 0.073500 0.059200 0.069400 0.049800 0.004400 0.074200 0.054500 0.050000 0.049800 0.054600 0.073500 0.059400 0.073700 0.074200 0.088900 0.000000 0.068900 0.054500 0.083800 0.094600 0.054500 0.064500 0.059300 0.004500 0.074700 0.000000 0.083800 0.059400 0.115900 0.049700 0.054500 0.059100 0.054500 0.068800 0.074300 0.094400 0.089000 0.074100 0.074200 0.094400 0.068900 0.054700 0.084100 0.064200 0.063400 0.093800 0.004400 0.004400
Oribi 0.031100 0.273500 0.054500 0.261200 0.049400 0.035600 0.045200 0.026500 0.073900 0.064300 0.031100 0.045100 0.035700 0.031100 0.049400 0.035600 0.068600 0.059400 0.064000 0.068900 0.000000 0.031100 0.073800 0.094400 0.031100 0.045200 0.044900 0.073900 0.050200 0.068900 0.073700 0.035700 0.121000 0.035700 0.031100 0.054200 0.031100 0.044800 0.059500 0.084000 0.078900 0.049800 0.064300 0.094100 0.063800 0.031200 0.069000 0.054400 0.048600 0.078600 0.073900 0.074200
BarbaryShe 0.000000 0.266800 0.031300 0.228900 0.017500 0.004300 0.031300 0.013100 0.059400 0.040600 0.000100 0.022100 0.004400 0.008700 0.026500 0.022100 0.044900 0.035900 0.040400 0.054500 0.031100 0.000000 0.049800 0.069500 0.000000 0.031300 0.013200 0.059400 0.036100 0.054500 0.049800 0.013200 0.094900 0.004300 0.000000 0.031100 0.000000 0.022000 0.045200 0.059600 0.054700 0.035800 0.040600 0.069300 0.031100 0.017600 0.054600 0.040400 0.034200 0.054100 0.059400 0.054900
Daviddeer 0.049800 0.293800 0.059400 0.247000 0.059100 0.045000 0.074200 0.054500 0.088900 0.008700 0.049800 0.059500 0.045100 0.049800 0.068700 0.064200 0.044700 0.040300 0.083600 0.083800 0.073800 0.049800 0.000000 0.035600 0.049700 0.069300 0.054500 0.089000 0.079500 0.083800 0.017700 0.054600 0.094200 0.045000 0.049800 0.068800 0.049700 0.054400 0.089200 0.035600 0.013400 0.079000 0.008700 0.035600 0.078700 0.059400 0.088700 0.073800 0.078000 0.068600 0.088900 0.084300
Reindeer 0.069400 0.310700 0.079500 0.269000 0.079000 0.064400 0.094900 0.074300 0.099900 0.026600 0.069400 0.079600 0.064600 0.069500 0.089000 0.084400 0.063900 0.059500 0.104500 0.094600 0.094400 0.069500 0.035600 0.000000 0.069400 0.089800 0.074400 0.099900 0.100600 0.094600 0.035600 0.074500 0.115900 0.064500 0.069400 0.089200 0.069400 0.074200 0.100200 0.035700 0.040300 0.099900 0.026600 0.008700 0.099500 0.079600 0.109900 0.084300 0.094100 0.089100 0.099800 0.095200
Ibex 0.000000 0.266100 0.031200 0.228200 0.017500 0.004300 0.031200 0.013100 0.059300 0.040500 0.000000 0.022100 0.004300 0.008700 0.026500 0.022100 0.044900 0.035800 0.040300 0.054500 0.031100 0.000000 0.049700 0.069400 0.000000 0.031300 0.013100 0.059300 0.036000 0.054500 0.049700 0.013200 0.094800 0.004300 0.000000 0.031000 0.000000 0.022000 0.045200 0.059500 0.054600 0.035800 0.040500 0.069200 0.031100 0.017600 0.054500 0.040300 0.033900 0.054000 0.059300 0.054800
GyrantGaze 0.031300 0.275700 0.050100 0.230500 0.049700 0.035900 0.055000 0.026700 0.069500 0.059800 0.031300 0.045400 0.031300 0.031300 0.049800 0.008800 0.069100 0.059800 0.064500 0.064500 0.045200 0.031300 0.069300 0.089800 0.031300 0.000000 0.040500 0.069500 0.022500 0.064500 0.069300 0.036000 0.105700 0.031300 0.031300 0.054600 0.031300 0.045100 0.059900 0.084600 0.074400 0.013300 0.059800 0.089600 0.064300 0.031400 0.069500 0.054800 0.048600 0.078900 0.069500 0.069700
Hartebeest 0.013100 0.288100 0.035800 0.235200 0.031000 0.017600 0.045200 0.026600 0.064200 0.045200 0.013100 0.035800 0.008700 0.022100 0.040200 0.035800 0.059100 0.049900 0.054500 0.059300 0.044900 0.013200 0.054500 0.074400 0.013100 0.040500 0.000000 0.064200 0.050200 0.059300 0.054500 0.026600 0.100000 0.008700 0.013100 0.044900 0.013100 0.035700 0.059500 0.074200 0.059400 0.049800 0.045200 0.074200 0.044900 0.031200 0.069000 0.054500 0.048700 0.068800 0.064200 0.058700
Bongo 0.059400 0.280900 0.026800 0.229500 0.078500 0.064100 0.074400 0.054600 0.008900 0.079300 0.059400 0.054800 0.054600 0.059400 0.078600 0.064300 0.078700 0.079200 0.094100 0.004500 0.073900 0.059400 0.089000 0.099900 0.059300 0.069500 0.064200 0.000000 0.079800 0.004500 0.088900 0.064300 0.121500 0.054500 0.059400 0.064000 0.059300 0.073800 0.079400 0.099600 0.094200 0.079200 0.079300 0.099600 0.073800 0.059600 0.079200 0.069200 0.068500 0.099100 0.008900 0.008900
Gerenuk 0.036100 0.276300 0.060000 0.244800 0.054700 0.040700 0.060100 0.031400 0.079800 0.069900 0.036100 0.050400 0.040800 0.036100 0.054700 0.013300 0.074300 0.064900 0.073100 0.074700 0.050200 0.036100 0.079500 0.100600 0.036000 0.022500 0.050200 0.079800 0.000000 0.074700 0.079500 0.040800 0.127900 0.040700 0.036100 0.059600 0.036000 0.050100 0.065000 0.090000 0.084700 0.027000 0.069900 0.100300 0.069400 0.027000 0.074700 0.059900 0.053700 0.084300 0.079800 0.080100
CommonElan 0.054500 0.273500 0.022200 0.222700 0.073500 0.059200 0.069400 0.049800 0.004400 0.074200 0.054500 0.050000 0.049800 0.054600 0.073500 0.059400 0.073700 0.074200 0.088900 0.000000 0.068900 0.054500 0.083800 0.094600 0.054500 0.064500 0.059300 0.004500 0.074700 0.000000 0.083800 0.059400 0.115900 0.049700 0.054500 0.059100 0.054500 0.068800 0.074300 0.094400 0.089000 0.074100 0.074200 0.094400 0.068900 0.054700 0.084100 0.064200 0.063400 0.093800 0.004400 0.004400
MuntiacusR 0.049800 0.280000 0.059400 0.234400 0.059100 0.045000 0.074100 0.054500 0.088900 0.008700 0.049800 0.059500 0.045100 0.049800 0.068700 0.064100 0.044700 0.040300 0.083500 0.083800 0.073700 0.049800 0.017700 0.035600 0.049700 0.069300 0.054500 0.088900 0.079500 0.083800 0.000000 0.054600 0.094200 0.045000 0.049800 0.068800 0.049700 0.054400 0.089200 0.035600 0.021900 0.079000 0.008700 0.035600 0.078700 0.059400 0.088700 0.073700 0.078000 0.068600 0.088900 0.084300
HarveysDui 0.013200 0.274500 0.035900 0.249000 0.031100 0.017600 0.035900 0.017600 0.064300 0.045300 0.013200 0.026700 0.017600 0.013400 0.031100 0.026700 0.049700 0.040600 0.054600 0.059400 0.035700 0.013200 0.054600 0.074500 0.013200 0.036000 0.026600 0.064300 0.040800 0.059400 0.054600 0.000000 0.095000 0.017600 0.013200 0.035700 0.013200 0.026600 0.049000 0.064500 0.050000 0.040500 0.045300 0.074300 0.045000 0.022200 0.059400 0.045100 0.039600 0.059100 0.064300 0.059800
Pronghorn 0.094800 0.320400 0.100200 0.289600 0.109500 0.099800 0.121700 0.100000 0.121500 0.084400 0.094800 0.100300 0.089700 0.094900 0.115200 0.110600 0.073900 0.074500 0.143000 0.115900 0.121000 0.094900 0.094200 0.115900 0.094800 0.105700 0.100000 0.121500 0.127900 0.115900 0.094200 0.095000 0.000000 0.089700 0.094800 0.110100 0.094800 0.099400 0.127300 0.115500 0.099500 0.105400 0.084500 0.115600 0.120800 0.105500 0.149100 0.116000 0.126700 0.120600 0.121500 0.116700
BlueWildeb 0.004300 0.274000 0.026700 0.222300 0.022000 0.008700 0.035900 0.017600 0.054600 0.035900 0.004300 0.026700 0.000000 0.013100 0.031000 0.026600 0.049600 0.040500 0.045000 0.049700 0.035700 0.004300 0.045000 0.064500 0.004300 0.031300 0.008700 0.054500 0.040700 0.049700 0.045000 0.017600 0.089700 0.000000 0.004300 0.035600 0.004300 0.026500 0.049900 0.064400 0.049800 0.040400 0.035900 0.064300 0.035600 0.022100 0.059300 0.045000 0.038700 0.058800 0.054500 0.050000
Gemsbok 0.000000 0.266600 0.031200 0.228700 0.017500 0.004300 0.031300 0.013100 0.059400 0.040500 0.000100 0.022100 0.004400 0.008700 0.026500 0.022100 0.044900 0.035900 0.040400 0.054500 0.031100 0.000000 0.049800 0.069400 0.000000 0.031300 0.013100 0.059400 0.036100 0.054500 0.049800 0.013200 0.094800 0.004300 0.000000 0.031100 0.000000 0.022000 0.045200 0.059500 0.054600 0.035800 0.040600 0.069200 0.031100 0.017600 0.054500 0.040400 0.034400 0.054200 0.059400 0.054800
Yak 0.031100 0.281000 0.035800 0.240900 0.049400 0.035600 0.054500 0.035600 0.064000 0.059400 0.031100 0.017600 0.035700 0.031100 0.049400 0.044900 0.058900 0.058900 0.073600 0.059100 0.054200 0.031100 0.068800 0.089200 0.031000 0.054600 0.044900 0.064000 0.059600 0.059100 0.068800 0.035700 0.110100 0.035600 0.031100 0.000000 0.031000 0.044800 0.069000 0.079000 0.073900 0.059200 0.059400 0.089000 0.017600 0.040300 0.078700 0.059100 0.057500 0.068100 0.064000 0.059500
BlueSheep 0.000000 0.266100 0.031200 0.228200 0.017500 0.004300 0.031200 0.013100 0.059300 0.040500 0.000000 0.022100 0.004300 0.008700 0.026500 0.022100 0.044900 0.035800 0.040300 0.054500 0.031100 0.000000 0.049700 0.069400 0.000000 0.031300 0.013100 0.059300 0.036000 0.054500 0.049700 0.013200 0.094800 0.004300 0.000000 0.031000 0.000000 0.022000 0.045200 0.059500 0.054600 0.035800 0.040500 0.069200 0.031100 0.017600 0.054500 0.040300 0.033900 0.054000 0.059300 0.054800
BohorReedb 0.022000 0.286300 0.045100 0.235000 0.017500 0.017500 0.045100 0.026500 0.073800 0.045200 0.022000 0.035800 0.026600 0.022000 0.040100 0.035700 0.049500 0.040400 0.059100 0.068800 0.044800 0.022000 0.054400 0.074200 0.022000 0.045100 0.035700 0.073800 0.050100 0.068800 0.054400 0.026600 0.099400 0.026500 0.022000 0.044800 0.022000 0.000000 0.059300 0.064300 0.059300 0.049700 0.045200 0.074000 0.054200 0.031200 0.068800 0.054400 0.048800 0.059000 0.073800 0.069200
KirksDik 0.045200 0.297000 0.069400 0.263100 0.064000 0.049800 0.068500 0.040500 0.079400 0.079500 0.045200 0.059700 0.050000 0.044100 0.064000 0.050000 0.083800 0.074400 0.079200 0.074300 0.059500 0.045200 0.089200 0.100200 0.045200 0.059900 0.059500 0.079400 0.065000 0.074300 0.089200 0.049000 0.127300 0.049900 0.045200 0.069000 0.045200 0.059300 0.000000 0.089600 0.094500 0.064300 0.079500 0.099900 0.078900 0.045400 0.074400 0.059600 0.061900 0.094300 0.079400 0.079700
RoeDeer 0.059500 0.294900 0.079400 0.268500 0.069000 0.054700 0.084400 0.064300 0.099600 0.026600 0.059500 0.059800 0.064400 0.059600 0.078800 0.074200 0.054300 0.049800 0.094000 0.094400 0.084000 0.059600 0.035600 0.035700 0.059500 0.084600 0.074200 0.099600 0.090000 0.094400 0.035600 0.064500 0.115500 0.064400 0.059500 0.079000 0.059500 0.064300 0.089600 0.000000 0.040300 0.089400 0.026600 0.035600 0.089000 0.069400 0.099300 0.074100 0.083500 0.078800 0.099600 0.094900
WhiteLippe 0.054600 0.302000 0.064400 0.254400 0.064000 0.049800 0.079300 0.059400 0.094200 0.013100 0.054600 0.064400 0.049900 0.054700 0.073700 0.069200 0.049400 0.045000 0.088700 0.089000 0.078900 0.054700 0.013400 0.040300 0.054600 0.074400 0.059400 0.094200 0.084700 0.089000 0.021900 0.050000 0.099500 0.049800 0.054600 0.073900 0.054600 0.059300 0.094500 0.040300 0.000000 0.084100 0.013500 0.040200 0.083800 0.064400 0.094000 0.078900 0.083300 0.073700 0.094200 0.089500
ThomsonGaz 0.035800 0.267600 0.059600 0.229800 0.054300 0.040400 0.059600 0.031200 0.079200 0.069400 0.035800 0.050000 0.040500 0.035800 0.054300 0.013200 0.064000 0.054800 0.069100 0.074100 0.049800 0.035800 0.079000 0.099900 0.035800 0.013300 0.049800 0.079200 0.027000 0.074100 0.079000 0.040500 0.105400 0.040400 0.035800 0.059200 0.035800 0.049700 0.064300 0.089400 0.084100 0.000000 0.069400 0.099600 0.068900 0.035900 0.074200 0.059400 0.053500 0.083800 0.079200 0.079500
MuntiacusC 0.040600 0.281200 0.050100 0.235200 0.049800 0.035900 0.064600 0.045200 0.079300 0.000000 0.040600 0.050100 0.035900 0.040600 0.059300 0.054800 0.035600 0.031200 0.074000 0.074200 0.064300 0.040600 0.008700 0.026600 0.040500 0.059800 0.045200 0.079300 0.069900 0.074200 0.008700 0.045300 0.084500 0.035900 0.040600 0.059400 0.040500 0.045200 0.079500 0.026600 0.013500 0.069400 0.000000 0.026600 0.069100 0.050100 0.079000 0.064300 0.068200 0.059100 0.079300 0.074700
WhiteTaile 0.069200 0.310400 0.079300 0.268700 0.078800 0.064300 0.094700 0.074100 0.099600 0.026600 0.069300 0.079400 0.064400 0.069300 0.088800 0.084200 0.063800 0.059400 0.104300 0.094400 0.094100 0.069300 0.035600 0.008700 0.069200 0.089600 0.074200 0.099600 0.100300 0.094400 0.035600 0.074300 0.115600 0.064300 0.069200 0.089000 0.069200 0.074000 0.099900 0.035600 0.040200 0.099600 0.026600 0.000000 0.099300 0.079400 0.109700 0.084100 0.094000 0.089000 0.099600 0.094900
Cattle 0.031100 0.295600 0.045100 0.247400 0.049400 0.035600 0.064100 0.044900 0.073800 0.069100 0.031100 0.026700 0.035700 0.040300 0.058900 0.054400 0.068600 0.068700 0.064000 0.068900 0.063800 0.031100 0.078700 0.099500 0.031100 0.064300 0.044900 0.073800 0.069400 0.068900 0.078700 0.045000 0.120800 0.035600 0.031100 0.017600 0.031100 0.054200 0.078900 0.089000 0.083800 0.068900 0.069100 0.099300 0.000000 0.049700 0.088700 0.068800 0.067400 0.078100 0.073800 0.069300
RoyalAntel 0.017600 0.267600 0.040600 0.242500 0.035700 0.022100 0.040600 0.013200 0.059600 0.050100 0.017600 0.031300 0.022100 0.017600 0.035700 0.022200 0.054400 0.045300 0.049900 0.054700 0.031200 0.017600 0.059400 0.079600 0.017600 0.031400 0.031200 0.059600 0.027000 0.054700 0.059400 0.022200 0.105500 0.022100 0.017600 0.040300 0.017600 0.031200 0.045400 0.069400 0.064400 0.035900 0.050100 0.079400 0.049700 0.000000 0.054700 0.040500 0.034100 0.063900 0.059600 0.059800
Steenbok 0.054500 0.304000 0.069300 0.270000 0.073600 0.059200 0.069400 0.049800 0.089300 0.079000 0.054500 0.069300 0.059400 0.054600 0.073600 0.059400 0.093700 0.084200 0.083600 0.084100 0.069000 0.054600 0.088700 0.109900 0.054500 0.069500 0.069000 0.079200 0.074700 0.084100 0.088700 0.059400 0.149100 0.059300 0.054500 0.078700 0.054500 0.068800 0.074400 0.099300 0.094000 0.074200 0.079000 0.109700 0.088700 0.054700 0.000000 0.079000 0.063300 0.099200 0.089300 0.089600
Impala 0.040400 0.266700 0.059400 0.261600 0.059000 0.045000 0.064300 0.035800 0.069200 0.064300 0.040400 0.049900 0.045100 0.040400 0.059000 0.045100 0.073600 0.069200 0.073900 0.064200 0.054400 0.040400 0.073800 0.084300 0.040300 0.054800 0.054500 0.069200 0.059900 0.064200 0.073700 0.045100 0.116000 0.045000 0.040400 0.059100 0.040300 0.054400 0.059600 0.074100 0.078900 0.059400 0.064300 0.084100 0.068800 0.040500 0.079000 0.000000 0.058200 0.083700 0.069200 0.069400
Klipspring 0.034400 0.267300 0.048700 0.255600 0.053300 0.039100 0.049200 0.029300 0.068400 0.068100 0.033600 0.048200 0.039000 0.034700 0.053300 0.039000 0.072800 0.063300 0.067800 0.063400 0.048600 0.034200 0.078000 0.094100 0.033900 0.048600 0.048700 0.068500 0.053700 0.063400 0.078000 0.039600 0.126700 0.038700 0.034400 0.057500 0.033900 0.048800 0.061900 0.083500 0.083300 0.053500 0.068200 0.094000 0.067400 0.034100 0.063300 0.058200 0.000000 0.082700 0.068100 0.068600
ForestMusk 0.054200 0.306700 0.068800 0.252600 0.063600 0.049400 0.078900 0.058900 0.099000 0.059000 0.053800 0.058700 0.059000 0.054100 0.073400 0.068800 0.058700 0.059100 0.093900 0.093800 0.078600 0.054100 0.068600 0.089100 0.054000 0.078900 0.068800 0.099100 0.084300 0.093800 0.068600 0.059100 0.120600 0.058800 0.054200 0.068100 0.054000 0.059000 0.094300 0.078800 0.073700 0.083800 0.059100 0.089000 0.078100 0.063900 0.099200 0.083700 0.082700 0.000000 0.098900 0.094300
Bushbuck 0.059400 0.280400 0.026900 0.229100 0.078500 0.064100 0.074400 0.054600 0.008900 0.079200 0.059400 0.054800 0.054600 0.059400 0.078500 0.064300 0.078700 0.079100 0.094100 0.004400 0.073900 0.059400 0.088900 0.099800 0.059300 0.069500 0.064200 0.008900 0.079800 0.004400 0.088900 0.064300 0.121500 0.054500 0.059400 0.064000 0.059300 0.073800 0.079400 0.099600 0.094200 0.079200 0.079300 0.099600 0.073800 0.059600 0.089300 0.069200 0.068100 0.098900 0.000000 0.008900
GreaterKud 0.054800 0.282000 0.022400 0.230300 0.073900 0.059500 0.069800 0.054800 0.008900 0.074600 0.054800 0.050300 0.050100 0.054900 0.074000 0.064600 0.074100 0.074600 0.094400 0.004400 0.074200 0.054900 0.084300 0.095200 0.054800 0.069700 0.058700 0.008900 0.080100 0.004400 0.084300 0.059800 0.116700 0.050000 0.054800 0.059500 0.054800 0.069200 0.079700 0.094900 0.089500 0.079500 0.074700 0.094900 0.069300 0.059800 0.089600 0.069400 0.068600 0.094300 0.008900 0.000000
