1
52 1
Argali 0.000000 0.169100 0.048200 0.162500 0.032700 0.008800 0.032800 0.020700 0.038900 0.088900 0.017600 0.035700 0.011800 0.023600 0.035800 0.062700 0.041700 0.038600 0.014600 0.042000 0.026700 0.008800 0.062700 0.072300 0.014700 0.066000 0.011800 0.045100 0.065800 0.042000 0.092100 0.029700 0.083100 0.023800 0.013900 0.041700 0.014700 0.035800 0.047600 0.078600 0.056600 0.059700 0.085700 0.079000 0.038600 0.035600 0.038600 0.032800 0.023600 0.039000 0.038800 0.041500
LesserMous 0.169100 0.000000 0.207200 0.219500 0.195200 0.165300 0.185600 0.188000 0.203100 0.209700 0.179700 0.205900 0.170200 0.176300 0.202900 0.221300 0.182500 0.182900 0.179400 0.207200 0.188200 0.175600 0.186100 0.208200 0.176800 0.218600 0.170200 0.211100 0.217800 0.210200 0.209200 0.177100 0.198700 0.184700 0.172900 0.205300 0.179800 0.206300 0.219200 0.208200 0.179100 0.218300 0.206300 0.212600 0.201800 0.193800 0.194300 0.202900 0.183500 0.181200 0.202900 0.206300
LesserKudu 0.048200 0.207200 0.000000 0.201000 0.063800 0.051200 0.064200 0.051400 0.014700 0.099500 0.060600 0.044700 0.048300 0.060500 0.067100 0.088200 0.065900 0.063400 0.057400 0.017700 0.057700 0.051200 0.073000 0.085800 0.057700 0.082100 0.048300 0.020700 0.091400 0.017700 0.102800 0.067000 0.123200 0.060900 0.051200 0.053800 0.057500 0.067000 0.075900 0.098800 0.069900 0.082000 0.096400 0.099200 0.050700 0.073200 0.076200 0.063900 0.060600 0.064200 0.014600 0.017700
KillerWhal 0.162500 0.219500 0.201000 0.000000 0.177000 0.173100 0.182400 0.170600 0.196800 0.220200 0.187700 0.195900 0.156400 0.165800 0.174100 0.208100 0.187700 0.175000 0.180500 0.201000 0.181900 0.176400 0.188100 0.206900 0.184900 0.208500 0.156400 0.205000 0.222900 0.203800 0.220200 0.174100 0.208900 0.171100 0.166200 0.195200 0.173600 0.188100 0.201800 0.214500 0.184500 0.208600 0.216700 0.215600 0.191700 0.199000 0.176400 0.189000 0.184700 0.182800 0.196600 0.199800
DefassaWat 0.032700 0.195200 0.063800 0.177000 0.000000 0.035700 0.035900 0.029700 0.048200 0.108800 0.044900 0.041800 0.032800 0.032600 0.051200 0.078400 0.057100 0.047800 0.041800 0.051300 0.042000 0.035700 0.081900 0.085200 0.042000 0.075400 0.032800 0.054500 0.075200 0.051300 0.105400 0.038800 0.092800 0.045100 0.035700 0.057100 0.041900 0.014600 0.056900 0.091700 0.078900 0.069100 0.105600 0.092100 0.054000 0.057200 0.057100 0.048100 0.044900 0.048300 0.054300 0.057300
Sheep 0.008800 0.165300 0.051200 0.173100 0.035700 0.000000 0.035900 0.023700 0.041900 0.092000 0.020600 0.038600 0.014700 0.026500 0.038800 0.065600 0.044600 0.041500 0.017600 0.045000 0.029700 0.011700 0.065800 0.075400 0.017700 0.069000 0.014700 0.048100 0.068800 0.045000 0.095200 0.032700 0.086100 0.026700 0.017600 0.044600 0.017600 0.038700 0.050600 0.081700 0.059700 0.062700 0.088900 0.082100 0.041600 0.038500 0.041600 0.035700 0.026500 0.042000 0.041800 0.044600
MaxwellsDu 0.032800 0.185600 0.064200 0.182400 0.035900 0.035900 0.000000 0.029800 0.048300 0.106300 0.045200 0.048200 0.033000 0.020700 0.045200 0.078700 0.057300 0.047900 0.035900 0.048400 0.036000 0.035800 0.079100 0.082500 0.042300 0.075800 0.033000 0.054700 0.075600 0.051500 0.102800 0.026900 0.090100 0.045400 0.035800 0.057400 0.042100 0.045200 0.057100 0.088900 0.072900 0.069400 0.103000 0.089400 0.054300 0.057500 0.057400 0.048300 0.045200 0.048500 0.054600 0.057300
GazellaPrz 0.020700 0.188000 0.051400 0.170600 0.029700 0.023700 0.029800 0.000000 0.042000 0.098900 0.032700 0.035700 0.020800 0.026600 0.038900 0.059700 0.044800 0.035600 0.029700 0.045200 0.023800 0.023700 0.072300 0.075600 0.029800 0.056800 0.020800 0.048300 0.056600 0.045200 0.095500 0.032800 0.080000 0.032900 0.023700 0.044800 0.029700 0.032800 0.038600 0.082000 0.066200 0.050600 0.095800 0.082400 0.041800 0.044900 0.038700 0.035900 0.032800 0.042200 0.042000 0.044700
MountainNy 0.038900 0.203100 0.014700 0.196800 0.048200 0.041900 0.048300 0.042000 0.000000 0.102200 0.051200 0.035600 0.039000 0.044900 0.057600 0.078600 0.056300 0.054100 0.048000 0.002900 0.048300 0.041900 0.075600 0.082100 0.048300 0.078800 0.039000 0.005800 0.081800 0.002900 0.105500 0.051300 0.106300 0.051500 0.041900 0.044600 0.048100 0.057500 0.066400 0.095100 0.072500 0.072400 0.099100 0.095500 0.041500 0.063600 0.066600 0.054500 0.051200 0.048400 0.005800 0.008800
MuntiacusM 0.088900 0.209700 0.099500 0.220200 0.108800 0.092000 0.106300 0.098900 0.102200 0.000000 0.102000 0.108600 0.089300 0.098500 0.102200 0.130200 0.088000 0.088300 0.098500 0.105700 0.102300 0.085600 0.035400 0.063000 0.099100 0.134100 0.089300 0.109200 0.127000 0.105700 0.008600 0.102100 0.112100 0.099000 0.092100 0.111300 0.098800 0.112100 0.127800 0.075600 0.035400 0.127200 0.002900 0.075900 0.108100 0.115000 0.114800 0.105500 0.108700 0.099100 0.095600 0.105700
goat 0.017600 0.179700 0.060600 0.187700 0.044900 0.020600 0.045200 0.032700 0.051200 0.102000 0.000000 0.047900 0.023700 0.035600 0.048100 0.075100 0.053900 0.050800 0.026500 0.054400 0.038900 0.020600 0.075400 0.085100 0.014400 0.075400 0.023700 0.057500 0.078300 0.054400 0.105300 0.041900 0.096100 0.035900 0.026600 0.053900 0.014700 0.048000 0.059900 0.091600 0.069300 0.072200 0.098900 0.092000 0.050900 0.047700 0.050800 0.045000 0.035600 0.051300 0.051100 0.054100
AfricanBuf 0.035700 0.205900 0.044700 0.195900 0.041800 0.038600 0.048200 0.035700 0.035600 0.108600 0.047900 0.000000 0.035800 0.035600 0.048000 0.084600 0.057000 0.047700 0.044700 0.038600 0.048000 0.038700 0.081800 0.088300 0.045000 0.078500 0.035800 0.041700 0.081400 0.038600 0.105200 0.047900 0.102500 0.048100 0.038700 0.023400 0.044800 0.044900 0.056800 0.094800 0.075600 0.072100 0.105400 0.095200 0.026300 0.063400 0.047700 0.054200 0.051000 0.054400 0.035500 0.038300
Topi 0.011800 0.170200 0.048300 0.156400 0.032800 0.014700 0.033000 0.020800 0.039000 0.089300 0.023700 0.035800 0.000000 0.023700 0.035900 0.056700 0.041800 0.038700 0.020700 0.042200 0.026800 0.014700 0.063000 0.072700 0.020800 0.066200 0.000000 0.045300 0.066000 0.042200 0.092500 0.029800 0.083400 0.011800 0.008800 0.041800 0.020700 0.035900 0.047800 0.079000 0.057000 0.059900 0.086200 0.079400 0.038800 0.041900 0.035700 0.032900 0.029800 0.039200 0.039000 0.041800
CommonDuik 0.023600 0.176300 0.060500 0.165800 0.032600 0.026500 0.020700 0.026600 0.044900 0.098500 0.035600 0.035600 0.023700 0.000000 0.035700 0.074900 0.053800 0.044500 0.026500 0.048000 0.032700 0.026500 0.072100 0.081700 0.032700 0.072000 0.023700 0.051200 0.071800 0.048000 0.095100 0.017700 0.082800 0.035800 0.026600 0.041500 0.032600 0.041700 0.047500 0.088100 0.065900 0.065700 0.095400 0.088500 0.044600 0.053900 0.041500 0.044900 0.041700 0.045000 0.051000 0.053900
Suni 0.035800 0.202900 0.067100 0.174100 0.051200 0.038800 0.045200 0.038900 0.057600 0.102200 0.048100 0.048000 0.035900 0.035700 0.000000 0.078500 0.057200 0.047800 0.044900 0.057600 0.051300 0.038800 0.078700 0.088400 0.045200 0.078700 0.035900 0.064000 0.075400 0.060800 0.098800 0.048100 0.099500 0.048300 0.038800 0.054000 0.038900 0.054300 0.063200 0.091600 0.072500 0.072300 0.099000 0.095300 0.050900 0.066700 0.054000 0.057500 0.054300 0.057700 0.057400 0.060400
Springbuck 0.062700 0.221300 0.088200 0.208100 0.078400 0.065600 0.078700 0.059700 0.078600 0.130200 0.075100 0.084600 0.056700 0.074900 0.078500 0.000000 0.087400 0.084200 0.071900 0.081800 0.059800 0.065700 0.109400 0.112800 0.072300 0.031900 0.056700 0.085100 0.026000 0.081800 0.133600 0.081500 0.137600 0.066100 0.065700 0.087500 0.065800 0.081600 0.074700 0.119400 0.103100 0.026100 0.127100 0.126500 0.084400 0.081300 0.084300 0.078500 0.075200 0.085000 0.078400 0.075000
Okapi 0.041700 0.182500 0.065900 0.187700 0.057100 0.044600 0.057300 0.044800 0.056300 0.088000 0.053900 0.057000 0.041800 0.053800 0.057200 0.087400 0.000000 0.017500 0.050800 0.059500 0.051000 0.044600 0.062000 0.065300 0.051100 0.090900 0.041800 0.062800 0.090700 0.059500 0.091300 0.060200 0.082500 0.051100 0.044700 0.066100 0.050800 0.060200 0.072100 0.071600 0.056000 0.084500 0.084900 0.071900 0.063000 0.066300 0.066200 0.057200 0.053900 0.044900 0.050000 0.057300
Giraffe 0.038600 0.182900 0.063400 0.175000 0.047800 0.041500 0.047900 0.035600 0.054100 0.088300 0.050800 0.047700 0.038700 0.044500 0.047800 0.084200 0.017500 0.000000 0.047600 0.057200 0.047900 0.041600 0.062300 0.065500 0.047900 0.081300 0.038700 0.060400 0.081000 0.057200 0.085000 0.050800 0.076200 0.051000 0.041600 0.056700 0.047700 0.050900 0.062700 0.071800 0.056300 0.074900 0.085200 0.072100 0.053700 0.063100 0.059900 0.054000 0.050800 0.044900 0.047800 0.056700
TibetanAnt 0.014600 0.179400 0.057400 0.180500 0.041800 0.017600 0.035900 0.029700 0.048000 0.098500 0.026500 0.044700 0.020700 0.026500 0.044900 0.071900 0.050800 0.047600 0.000000 0.051200 0.035800 0.017600 0.072100 0.081800 0.023600 0.075200 0.020700 0.054300 0.075000 0.051200 0.101800 0.032700 0.092600 0.032800 0.023600 0.050700 0.023500 0.044900 0.056700 0.088200 0.066000 0.068900 0.095400 0.088600 0.047700 0.044600 0.047700 0.041800 0.032500 0.048200 0.047900 0.050900
Sitatunga 0.042000 0.207200 0.017700 0.201000 0.051300 0.045000 0.048400 0.045200 0.002900 0.105700 0.054400 0.038600 0.042200 0.048000 0.057600 0.081800 0.059500 0.057200 0.051200 0.000000 0.051400 0.045000 0.078900 0.085500 0.051500 0.082100 0.042200 0.008800 0.085100 0.005900 0.109000 0.054500 0.109800 0.054600 0.045000 0.047700 0.051300 0.060700 0.069600 0.095200 0.075900 0.075700 0.102600 0.098900 0.044600 0.066900 0.069900 0.057600 0.054400 0.051600 0.008800 0.011700
Oribi 0.026700 0.188200 0.057700 0.181900 0.042000 0.029700 0.036000 0.023800 0.048300 0.102300 0.038900 0.048000 0.026800 0.032700 0.051300 0.059800 0.051000 0.047900 0.035800 0.051400 0.000000 0.029700 0.075700 0.078900 0.036000 0.063100 0.026800 0.054600 0.062900 0.051400 0.105600 0.038900 0.099600 0.039100 0.029700 0.057200 0.035800 0.045100 0.050800 0.085300 0.069400 0.056800 0.099200 0.085700 0.054100 0.051100 0.047900 0.042000 0.038900 0.048400 0.048200 0.044700
BarbaryShe 0.008800 0.175600 0.051200 0.176400 0.035700 0.011700 0.035800 0.023700 0.041900 0.085600 0.020600 0.038700 0.014700 0.026500 0.038800 0.065700 0.044600 0.041600 0.017600 0.045000 0.029700 0.000000 0.065800 0.075400 0.017700 0.069000 0.014700 0.048100 0.062600 0.045000 0.088800 0.032700 0.086100 0.026700 0.017600 0.044600 0.017600 0.038800 0.050600 0.081800 0.059700 0.062700 0.082500 0.082100 0.041600 0.038500 0.041600 0.035700 0.026500 0.042000 0.041800 0.044600
Daviddeer 0.062700 0.186100 0.073000 0.188100 0.081900 0.065800 0.079100 0.072300 0.075600 0.035400 0.075400 0.081800 0.063000 0.072100 0.078700 0.109400 0.062000 0.062300 0.072100 0.078900 0.075700 0.065800 0.000000 0.038200 0.072500 0.113200 0.063000 0.082200 0.112900 0.078900 0.038400 0.078700 0.094800 0.075800 0.065900 0.087900 0.072300 0.085200 0.100500 0.050400 0.005800 0.106500 0.032400 0.050600 0.084800 0.091200 0.087900 0.078700 0.081900 0.072500 0.069200 0.078700
Reindeer 0.072300 0.208200 0.085800 0.206900 0.085200 0.075400 0.082500 0.075600 0.082100 0.063000 0.085100 0.088300 0.072700 0.081700 0.088400 0.112800 0.065300 0.065500 0.081800 0.085500 0.078900 0.075400 0.038200 0.000000 0.082200 0.116600 0.072700 0.088800 0.116300 0.085500 0.066200 0.088400 0.108000 0.085600 0.075500 0.097700 0.081900 0.088500 0.103800 0.041300 0.038300 0.109900 0.060000 0.017500 0.094500 0.097800 0.097700 0.082100 0.085200 0.069400 0.075700 0.085300
Ibex 0.014700 0.176800 0.057700 0.184900 0.042000 0.017700 0.042300 0.029800 0.048300 0.099100 0.014400 0.045000 0.020800 0.032700 0.045200 0.072300 0.051100 0.047900 0.023600 0.051500 0.036000 0.017700 0.072500 0.082200 0.000000 0.075700 0.020800 0.054700 0.075500 0.051500 0.102400 0.039000 0.089900 0.033000 0.023700 0.051000 0.011800 0.045100 0.057000 0.088700 0.066400 0.069300 0.096000 0.089100 0.048000 0.044900 0.047900 0.042100 0.032700 0.048400 0.048200 0.051100
GyrantGaze 0.066000 0.218600 0.082100 0.208500 0.075400 0.069000 0.075800 0.056800 0.078800 0.134100 0.075400 0.078500 0.066200 0.072000 0.078700 0.031900 0.090900 0.081300 0.075200 0.082100 0.063100 0.069000 0.113200 0.116600 0.075700 0.000000 0.066200 0.085400 0.034900 0.082100 0.130700 0.078600 0.134700 0.075700 0.069100 0.081400 0.069100 0.078600 0.078000 0.123200 0.106800 0.011500 0.131000 0.130500 0.078300 0.084700 0.084600 0.081900 0.078600 0.088500 0.078700 0.075400
Hartebeest 0.011800 0.170200 0.048300 0.156400 0.032800 0.014700 0.033000 0.020800 0.039000 0.089300 0.023700 0.035800 0.000000 0.023700 0.035900 0.056700 0.041800 0.038700 0.020700 0.042200 0.026800 0.014700 0.063000 0.072700 0.020800 0.066200 0.000000 0.045300 0.066000 0.042200 0.092500 0.029800 0.083400 0.011800 0.008800 0.041800 0.020700 0.035900 0.047800 0.079000 0.057000 0.059900 0.086200 0.079400 0.038800 0.041900 0.035700 0.032900 0.029800 0.039200 0.039000 0.041800
Bongo 0.045100 0.211100 0.020700 0.205000 0.054500 0.048100 0.054700 0.048300 0.005800 0.109200 0.057500 0.041700 0.045300 0.051200 0.064000 0.085100 0.062800 0.060400 0.054300 0.008800 0.054600 0.048100 0.082200 0.088800 0.054700 0.085400 0.045300 0.000000 0.088300 0.008800 0.112500 0.057600 0.113200 0.057800 0.048200 0.050800 0.054400 0.063900 0.072800 0.101900 0.079200 0.078900 0.106000 0.102300 0.047700 0.070100 0.073100 0.060800 0.057600 0.054800 0.011700 0.014700
Gerenuk 0.065800 0.217800 0.091400 0.222900 0.075200 0.068800 0.075600 0.056600 0.081800 0.127000 0.078300 0.081400 0.066000 0.071800 0.075400 0.026000 0.090700 0.081000 0.075000 0.085100 0.062900 0.062600 0.112900 0.116300 0.075500 0.034900 0.066000 0.088300 0.000000 0.085100 0.123600 0.078300 0.134200 0.075500 0.068800 0.084400 0.068900 0.078400 0.071600 0.122900 0.106500 0.029000 0.123900 0.130100 0.081200 0.084500 0.084400 0.081700 0.078300 0.088300 0.081600 0.078400
CommonElan 0.042000 0.210200 0.017700 0.203800 0.051300 0.045000 0.051500 0.045200 0.002900 0.105700 0.054400 0.038600 0.042200 0.048000 0.060800 0.081800 0.059500 0.057200 0.051200 0.005900 0.051400 0.045000 0.078900 0.085500 0.051500 0.082100 0.042200 0.008800 0.085100 0.000000 0.109100 0.054500 0.109800 0.054700 0.045100 0.047700 0.051300 0.060700 0.069600 0.098500 0.075900 0.075700 0.102600 0.099000 0.044600 0.066900 0.069900 0.057700 0.054400 0.051600 0.008800 0.011700
MuntiacusR 0.092100 0.209200 0.102800 0.220200 0.105400 0.095200 0.102800 0.095500 0.105500 0.008600 0.105300 0.105200 0.092500 0.095100 0.098800 0.133600 0.091300 0.085000 0.101800 0.109000 0.105600 0.088800 0.038400 0.066200 0.102400 0.130700 0.092500 0.112500 0.123600 0.109100 0.000000 0.098800 0.108700 0.102300 0.095300 0.107900 0.102000 0.108700 0.124300 0.078800 0.038400 0.123800 0.005800 0.079100 0.104700 0.118300 0.114800 0.108800 0.112000 0.102400 0.098900 0.109000
HarveysDui 0.029700 0.177100 0.067000 0.174100 0.038800 0.032700 0.026900 0.032800 0.051300 0.102100 0.041900 0.047900 0.029800 0.017700 0.048100 0.081500 0.060200 0.050800 0.032700 0.054500 0.038900 0.032700 0.078700 0.088400 0.039000 0.078600 0.029800 0.057600 0.078300 0.054500 0.098800 0.000000 0.083200 0.039000 0.032700 0.050900 0.038800 0.048100 0.059900 0.094900 0.072500 0.072200 0.099000 0.095400 0.047800 0.060400 0.054000 0.051200 0.048000 0.051400 0.057400 0.060300
Pronghorn 0.083100 0.198700 0.123200 0.208900 0.092800 0.086100 0.090100 0.080000 0.106300 0.112100 0.096100 0.102500 0.083400 0.082800 0.099500 0.137600 0.082500 0.076200 0.092600 0.109800 0.099600 0.086100 0.094800 0.108000 0.089900 0.134700 0.083400 0.113200 0.134200 0.109800 0.108700 0.083200 0.000000 0.093200 0.086200 0.098800 0.092800 0.102700 0.114900 0.114700 0.088400 0.127800 0.108900 0.115200 0.095600 0.105700 0.105500 0.099500 0.102600 0.086700 0.106100 0.112600
BlueWildeb 0.023800 0.184700 0.060900 0.171100 0.045100 0.026700 0.045400 0.032900 0.051500 0.099000 0.035900 0.048100 0.011800 0.035800 0.048300 0.066100 0.051100 0.051000 0.032800 0.054600 0.039100 0.026700 0.075800 0.085600 0.033000 0.075700 0.011800 0.057800 0.075500 0.054700 0.102300 0.039000 0.093200 0.000000 0.020700 0.047900 0.032800 0.048300 0.060200 0.092100 0.069600 0.069300 0.095900 0.092500 0.044900 0.051200 0.048000 0.045200 0.042000 0.051600 0.051400 0.054400
Gemsbok 0.013900 0.172900 0.051200 0.166200 0.035700 0.017600 0.035800 0.023700 0.041900 0.092100 0.026600 0.038700 0.008800 0.026600 0.038800 0.065700 0.044700 0.041600 0.023600 0.045000 0.029700 0.017600 0.065900 0.075500 0.023700 0.069100 0.008800 0.048200 0.068800 0.045100 0.095300 0.032700 0.086200 0.020700 0.000000 0.044700 0.023600 0.038800 0.050600 0.081800 0.059800 0.062700 0.089000 0.082200 0.041600 0.044800 0.038600 0.035800 0.032700 0.042000 0.041800 0.044600
Yak 0.041700 0.205300 0.053800 0.195200 0.057100 0.044600 0.057400 0.044800 0.044600 0.111300 0.053900 0.023400 0.041800 0.041500 0.054000 0.087500 0.066100 0.056700 0.050700 0.047700 0.057200 0.044600 0.087900 0.097700 0.051000 0.081400 0.041800 0.050800 0.084400 0.047700 0.107900 0.050900 0.098800 0.047900 0.044700 0.000000 0.050800 0.060200 0.056700 0.097700 0.081600 0.075000 0.108200 0.104600 0.002900 0.072600 0.053700 0.063400 0.060100 0.057400 0.044500 0.047300
BlueSheep 0.014700 0.179800 0.057500 0.173600 0.041900 0.017600 0.042100 0.029700 0.048100 0.098800 0.014700 0.044800 0.020700 0.032600 0.038900 0.065800 0.050800 0.047700 0.023500 0.051300 0.035800 0.017600 0.072300 0.081900 0.011800 0.069100 0.020700 0.054400 0.068900 0.051300 0.102000 0.038800 0.092800 0.032800 0.023600 0.050800 0.000000 0.044900 0.056800 0.088400 0.066100 0.062800 0.095600 0.088800 0.047800 0.044700 0.047800 0.041900 0.032600 0.048200 0.048000 0.051000
BohorReedb 0.035800 0.206300 0.067000 0.188100 0.014600 0.038700 0.045200 0.032800 0.057500 0.112100 0.048000 0.044900 0.035900 0.041700 0.054300 0.081600 0.060200 0.050900 0.044900 0.060700 0.045100 0.038800 0.085200 0.088500 0.045100 0.078600 0.035900 0.063900 0.078400 0.060700 0.108700 0.048100 0.102700 0.048300 0.038800 0.060200 0.044900 0.000000 0.060000 0.094900 0.082100 0.072200 0.109000 0.095400 0.057100 0.060400 0.060200 0.051200 0.048000 0.057700 0.057400 0.060400
KirksDik 0.047600 0.219200 0.075900 0.201800 0.056900 0.050600 0.057100 0.038600 0.066400 0.127800 0.059900 0.056800 0.047800 0.047500 0.063200 0.074700 0.072100 0.062700 0.056700 0.069600 0.050800 0.050600 0.100500 0.103800 0.057000 0.078000 0.047800 0.072800 0.071600 0.069600 0.124300 0.059900 0.114900 0.060200 0.050600 0.056700 0.056800 0.060000 0.000000 0.103800 0.094200 0.071700 0.124600 0.110800 0.059800 0.072300 0.053600 0.063100 0.059900 0.069600 0.066200 0.069200
RoeDeer 0.078600 0.208200 0.098800 0.214500 0.091700 0.081700 0.088900 0.082000 0.095100 0.075600 0.091600 0.094800 0.079000 0.088100 0.091600 0.119400 0.071600 0.071800 0.088200 0.095200 0.085300 0.081800 0.050400 0.041300 0.088700 0.123200 0.079000 0.101900 0.122900 0.098500 0.078800 0.094900 0.114700 0.092100 0.081800 0.097700 0.088400 0.094900 0.103800 0.000000 0.050400 0.116500 0.072600 0.047500 0.094500 0.104300 0.097700 0.088500 0.091600 0.082300 0.088500 0.098200
WhiteLippe 0.056600 0.179100 0.069900 0.184500 0.078900 0.059700 0.072900 0.066200 0.072500 0.035400 0.069300 0.075600 0.057000 0.065900 0.072500 0.103100 0.056000 0.056300 0.066000 0.075900 0.069400 0.059700 0.005800 0.038300 0.066400 0.106800 0.057000 0.079200 0.106500 0.075900 0.038400 0.072500 0.088400 0.069600 0.059800 0.081600 0.066100 0.082100 0.094200 0.050400 0.000000 0.100200 0.032500 0.050600 0.078600 0.084900 0.081600 0.072500 0.075700 0.066300 0.066200 0.075800
ThomsonGaz 0.059700 0.218300 0.082000 0.208600 0.069100 0.062700 0.069400 0.050600 0.072400 0.127200 0.072200 0.072100 0.059900 0.065700 0.072300 0.026100 0.084500 0.074900 0.068900 0.075700 0.056800 0.062700 0.106500 0.109900 0.069300 0.011500 0.059900 0.078900 0.029000 0.075700 0.123800 0.072200 0.127800 0.069300 0.062700 0.075000 0.062800 0.072200 0.071700 0.116500 0.100200 0.000000 0.124100 0.123600 0.071900 0.078300 0.078200 0.075500 0.065900 0.082000 0.072300 0.069000
MuntiacusC 0.085700 0.206300 0.096400 0.216700 0.105600 0.088900 0.103000 0.095800 0.099100 0.002900 0.098900 0.105400 0.086200 0.095400 0.099000 0.127100 0.084900 0.085200 0.095400 0.102600 0.099200 0.082500 0.032400 0.060000 0.096000 0.131000 0.086200 0.106000 0.123900 0.102600 0.005800 0.099000 0.108900 0.095900 0.089000 0.108200 0.095600 0.109000 0.124600 0.072600 0.032500 0.124100 0.000000 0.072900 0.105000 0.111800 0.111700 0.102400 0.105600 0.096000 0.092500 0.102500
WhiteTaile 0.079000 0.212600 0.099200 0.215600 0.092100 0.082100 0.089400 0.082400 0.095500 0.075900 0.092000 0.095200 0.079400 0.088500 0.095300 0.126500 0.071900 0.072100 0.088600 0.098900 0.085700 0.082100 0.050600 0.017500 0.089100 0.130500 0.079400 0.102300 0.130100 0.099000 0.079100 0.095400 0.115200 0.092500 0.082200 0.104600 0.088800 0.095400 0.110800 0.047500 0.050600 0.123600 0.072900 0.000000 0.101500 0.104800 0.104700 0.088900 0.092000 0.076100 0.088900 0.098800
Cattle 0.038600 0.201800 0.050700 0.191700 0.054000 0.041600 0.054300 0.041800 0.041500 0.108100 0.050900 0.026300 0.038800 0.044600 0.050900 0.084400 0.063000 0.053700 0.047700 0.044600 0.054100 0.041600 0.084800 0.094500 0.048000 0.078300 0.038800 0.047700 0.081200 0.044600 0.104700 0.047800 0.095600 0.044900 0.041600 0.002900 0.047800 0.057100 0.059800 0.094500 0.078600 0.071900 0.105000 0.101500 0.000000 0.069500 0.056800 0.060300 0.057100 0.054300 0.041500 0.044300
RoyalAntel 0.035600 0.193800 0.073200 0.199000 0.057200 0.038500 0.057500 0.044900 0.063600 0.115000 0.047700 0.063400 0.041900 0.053900 0.066700 0.081300 0.066300 0.063100 0.044600 0.066900 0.051100 0.038500 0.091200 0.097800 0.044900 0.084700 0.041900 0.070100 0.084500 0.066900 0.118300 0.060400 0.105700 0.051200 0.044800 0.072600 0.044700 0.060400 0.072300 0.104300 0.084900 0.078300 0.111800 0.104800 0.069500 0.000000 0.063200 0.048000 0.047700 0.063800 0.063500 0.066400
Steenbok 0.038600 0.194300 0.076200 0.176400 0.057100 0.041600 0.057400 0.038700 0.066600 0.114800 0.050800 0.047700 0.035700 0.041500 0.054000 0.084300 0.066200 0.059900 0.047700 0.069900 0.047900 0.041600 0.087900 0.097700 0.047900 0.084600 0.035700 0.073100 0.084400 0.069900 0.114800 0.054000 0.105500 0.048000 0.038600 0.053700 0.047800 0.060200 0.053600 0.097700 0.081600 0.078200 0.111700 0.104700 0.056800 0.063200 0.000000 0.054100 0.057000 0.066800 0.066500 0.069600
Impala 0.032800 0.202900 0.063900 0.189000 0.048100 0.035700 0.048300 0.035900 0.054500 0.105500 0.045000 0.054200 0.032900 0.044900 0.057500 0.078500 0.057200 0.054000 0.041800 0.057600 0.042000 0.035700 0.078700 0.082100 0.042100 0.081900 0.032900 0.060800 0.081700 0.057700 0.108800 0.051200 0.099500 0.045200 0.035800 0.063400 0.041900 0.051200 0.063100 0.088500 0.072500 0.075500 0.102400 0.088900 0.060300 0.048000 0.054100 0.000000 0.045000 0.054600 0.054400 0.057400
Klipspring 0.023600 0.183500 0.060600 0.184700 0.044900 0.026500 0.045200 0.032800 0.051200 0.108700 0.035600 0.051000 0.029800 0.041700 0.054300 0.075200 0.053900 0.050800 0.032500 0.054400 0.038900 0.026500 0.081900 0.085200 0.032700 0.078600 0.029800 0.057600 0.078300 0.054400 0.112000 0.048000 0.102600 0.042000 0.032700 0.060100 0.032600 0.048000 0.059900 0.091600 0.075700 0.065900 0.105600 0.092000 0.057100 0.047700 0.057000 0.045000 0.000000 0.051400 0.051100 0.054100
ForestMusk 0.039000 0.181200 0.064200 0.182800 0.048300 0.042000 0.048500 0.042200 0.048400 0.099100 0.051300 0.054400 0.039200 0.045000 0.057700 0.085000 0.044900 0.044900 0.048200 0.051600 0.048400 0.042000 0.072500 0.069400 0.048400 0.088500 0.039200 0.054800 0.088300 0.051600 0.102400 0.051400 0.086700 0.051600 0.042000 0.057400 0.048200 0.057700 0.069600 0.082300 0.066300 0.082000 0.096000 0.076100 0.054300 0.063800 0.066800 0.054600 0.051400 0.000000 0.048300 0.057500
Bushbuck 0.038800 0.202900 0.014600 0.196600 0.054300 0.041800 0.054600 0.042000 0.005800 0.095600 0.051100 0.035500 0.039000 0.051000 0.057400 0.078400 0.050000 0.047800 0.047900 0.008800 0.048200 0.041800 0.069200 0.075700 0.048200 0.078700 0.039000 0.011700 0.081600 0.008800 0.098900 0.057400 0.106100 0.051400 0.041800 0.044500 0.048000 0.057400 0.066200 0.088500 0.066200 0.072300 0.092500 0.088900 0.041500 0.063500 0.066500 0.054400 0.051100 0.048300 0.000000 0.008800
GreaterKud 0.041500 0.206300 0.017700 0.199800 0.057300 0.044600 0.057300 0.044700 0.008800 0.105700 0.054100 0.038300 0.041800 0.053900 0.060400 0.075000 0.057300 0.056700 0.050900 0.011700 0.044700 0.044600 0.078700 0.085300 0.051100 0.075400 0.041800 0.014700 0.078400 0.011700 0.109000 0.060300 0.112600 0.054400 0.044600 0.047300 0.051000 0.060400 0.069200 0.098200 0.075800 0.069000 0.102500 0.098800 0.044300 0.066400 0.069600 0.057400 0.054100 0.057500 0.008800 0.000000
