1
52 1
Argali 0.000000 0.310300 0.110500 0.283000 0.043200 0.008600 0.034900 0.025900 0.072200 0.101100 0.008500 0.071800 0.034500 0.051900 0.052100 0.061600 0.082700 0.081500 0.017100 0.099700 0.043600 0.008600 0.099500 0.108900 0.008500 0.060600 0.025900 0.100100 0.069700 0.080600 0.110500 0.017100 0.088100 0.025800 0.051300 0.063800 0.017200 0.053000 0.042600 0.136500 0.109300 0.051700 0.109900 0.148300 0.063700 0.062400 0.076800 0.034400 0.069900 0.063000 0.100100 0.081100
LesserMous 0.310300 0.000000 0.262100 0.327900 0.321600 0.324500 0.314600 0.298500 0.240600 0.275300 0.322500 0.238800 0.309100 0.320300 0.334000 0.324700 0.268100 0.277900 0.310000 0.250000 0.298200 0.328300 0.300000 0.325400 0.322500 0.331300 0.297400 0.276900 0.357900 0.249400 0.288000 0.311100 0.316700 0.296900 0.327000 0.231600 0.312000 0.313200 0.303000 0.321000 0.314100 0.328900 0.287100 0.339100 0.230800 0.275700 0.309800 0.281500 0.302400 0.253600 0.291600 0.250700
LesserKudu 0.110500 0.262100 0.000000 0.266700 0.100200 0.120600 0.131800 0.101200 0.036400 0.103400 0.120100 0.073500 0.110300 0.119400 0.129600 0.121000 0.084400 0.083500 0.110700 0.044900 0.101200 0.101800 0.101900 0.131700 0.120100 0.128800 0.101000 0.026900 0.148700 0.026700 0.113200 0.110800 0.110200 0.100700 0.127500 0.065300 0.111200 0.111500 0.108500 0.139800 0.111900 0.128500 0.112900 0.151900 0.065200 0.112700 0.125700 0.109800 0.149400 0.064500 0.036100 0.045200
KillerWhal 0.283000 0.327900 0.266700 0.000000 0.282400 0.284100 0.285800 0.285100 0.231600 0.243700 0.294300 0.253400 0.271000 0.305300 0.317800 0.309800 0.269800 0.254600 0.295300 0.264500 0.285200 0.298800 0.262600 0.272400 0.294300 0.316200 0.284200 0.265000 0.340800 0.239800 0.254600 0.259900 0.290500 0.283700 0.312600 0.247400 0.261700 0.251800 0.290300 0.258600 0.275300 0.316100 0.254800 0.297600 0.246800 0.277900 0.285300 0.270200 0.330300 0.220400 0.252000 0.264600
DefassaWat 0.043200 0.321600 0.100200 0.282400 0.000000 0.043400 0.061800 0.034600 0.081300 0.110300 0.051800 0.080800 0.025700 0.060600 0.060800 0.070400 0.072700 0.081200 0.043300 0.089700 0.052300 0.034600 0.108700 0.137800 0.051800 0.069300 0.034500 0.090000 0.078500 0.089600 0.119800 0.025700 0.097000 0.034400 0.059900 0.072900 0.061400 0.043700 0.051100 0.126300 0.118600 0.060400 0.119400 0.157700 0.072800 0.071000 0.085400 0.025500 0.069700 0.053500 0.099800 0.090100
Sheep 0.008600 0.324500 0.120600 0.284100 0.043400 0.000000 0.043900 0.034800 0.081800 0.111100 0.017100 0.081400 0.034600 0.061000 0.061200 0.070900 0.092500 0.081500 0.025800 0.109600 0.052600 0.017300 0.109400 0.118900 0.017100 0.069800 0.034700 0.110000 0.079000 0.090200 0.120700 0.017200 0.098300 0.034600 0.060300 0.073500 0.025900 0.053100 0.051500 0.137000 0.119300 0.060800 0.120100 0.158800 0.073300 0.071800 0.085900 0.034500 0.070000 0.063200 0.110000 0.090800
MaxwellsDu 0.034900 0.314600 0.131800 0.285800 0.061800 0.043900 0.000000 0.044100 0.092100 0.122000 0.043700 0.091600 0.052800 0.052500 0.070900 0.080900 0.103300 0.101700 0.053000 0.120400 0.062200 0.044400 0.120100 0.129800 0.043700 0.079500 0.044000 0.120900 0.088900 0.100500 0.131700 0.035000 0.088000 0.043900 0.069800 0.083800 0.053100 0.072000 0.060800 0.158000 0.130200 0.070300 0.131200 0.150200 0.083600 0.081900 0.095700 0.052600 0.089200 0.082700 0.120900 0.101200
GazellaPrz 0.025900 0.298500 0.101200 0.285100 0.034600 0.034800 0.044100 0.000000 0.063200 0.091900 0.034700 0.062800 0.025900 0.043300 0.043400 0.052800 0.073400 0.072500 0.026000 0.090600 0.034800 0.035100 0.090500 0.119300 0.034700 0.052000 0.017200 0.091000 0.061000 0.071600 0.101300 0.026000 0.058200 0.017200 0.042800 0.054700 0.043800 0.044100 0.034100 0.127400 0.100200 0.043100 0.100700 0.139000 0.054600 0.053500 0.068300 0.025800 0.061200 0.054000 0.100800 0.072100
MountainNy 0.072200 0.240600 0.036400 0.231600 0.081300 0.081800 0.092100 0.063200 0.000000 0.064600 0.081400 0.036100 0.072200 0.081100 0.090800 0.082100 0.065100 0.045500 0.072300 0.045100 0.063200 0.082500 0.063700 0.092200 0.081400 0.090200 0.063100 0.027000 0.109300 0.008900 0.074000 0.072400 0.069700 0.062900 0.089400 0.027500 0.072600 0.073200 0.070900 0.100500 0.073200 0.090000 0.073000 0.111600 0.027400 0.073600 0.088000 0.071800 0.109800 0.027100 0.036200 0.026900
MuntiacusM 0.101100 0.275300 0.103400 0.243700 0.110300 0.111100 0.122000 0.091900 0.064600 0.000000 0.110600 0.064200 0.101000 0.110000 0.120100 0.111500 0.094700 0.074100 0.101200 0.073500 0.091900 0.112200 0.035700 0.063300 0.110600 0.119300 0.091700 0.093000 0.139200 0.073200 0.008900 0.101400 0.099100 0.091400 0.118200 0.055900 0.101800 0.102400 0.099200 0.053200 0.044900 0.119100 0.000000 0.063200 0.055800 0.103100 0.116500 0.100500 0.139700 0.055200 0.103100 0.092900
goat 0.008500 0.322500 0.120100 0.294300 0.051800 0.017100 0.043700 0.034700 0.081400 0.110600 0.000000 0.081000 0.043300 0.060700 0.061000 0.070600 0.092100 0.090800 0.025700 0.109100 0.052400 0.017300 0.108800 0.118300 0.000000 0.069500 0.034600 0.109500 0.078700 0.089800 0.120100 0.025700 0.097100 0.034500 0.060000 0.073100 0.025800 0.061900 0.051300 0.146100 0.118700 0.060500 0.119700 0.158000 0.072900 0.071200 0.085600 0.043100 0.078900 0.072200 0.109500 0.090300
AfricanBuf 0.071800 0.238800 0.073500 0.253400 0.080800 0.081400 0.091600 0.062800 0.036100 0.064200 0.081000 0.000000 0.071700 0.080600 0.090200 0.081600 0.064700 0.045200 0.071900 0.063300 0.062800 0.082100 0.063200 0.091500 0.081000 0.089600 0.062700 0.063600 0.108600 0.044700 0.073600 0.072000 0.068500 0.062500 0.088800 0.009000 0.072200 0.072800 0.070500 0.099900 0.072700 0.089500 0.072000 0.110900 0.009000 0.063500 0.069400 0.071400 0.109100 0.027000 0.054500 0.063500
Topi 0.034500 0.309100 0.110300 0.271000 0.025700 0.034600 0.052800 0.025900 0.072200 0.101000 0.043300 0.071700 0.000000 0.051900 0.052100 0.061500 0.082400 0.072100 0.034600 0.099500 0.043500 0.043800 0.099500 0.128300 0.043300 0.060600 0.008500 0.100000 0.069700 0.080500 0.110400 0.017200 0.087000 0.008500 0.051300 0.063800 0.052500 0.034900 0.042500 0.117000 0.109300 0.051600 0.109700 0.148100 0.063600 0.062200 0.076700 0.017000 0.061000 0.044500 0.109800 0.081000
CommonDuik 0.051900 0.320300 0.119400 0.305300 0.060600 0.061000 0.052500 0.043300 0.081100 0.110000 0.060700 0.080600 0.051900 0.000000 0.069600 0.079300 0.091500 0.090400 0.052100 0.108500 0.061000 0.061500 0.108500 0.137500 0.060700 0.060100 0.043200 0.109000 0.087300 0.089400 0.119500 0.052100 0.076700 0.043100 0.068600 0.072800 0.070200 0.070700 0.042200 0.145500 0.118300 0.069000 0.118900 0.137600 0.072600 0.061700 0.076100 0.051600 0.087700 0.071800 0.119000 0.090000
Suni 0.052100 0.334000 0.129600 0.317800 0.060800 0.061200 0.070900 0.043400 0.090800 0.120100 0.061000 0.090200 0.052100 0.069600 0.000000 0.079600 0.101400 0.100200 0.052300 0.118500 0.061300 0.061700 0.118300 0.147800 0.061000 0.060500 0.043300 0.119000 0.087700 0.099100 0.129600 0.052300 0.099000 0.043200 0.068900 0.082500 0.070500 0.070000 0.060000 0.155800 0.128300 0.069300 0.128900 0.167900 0.082300 0.080600 0.094400 0.051800 0.088000 0.081500 0.129100 0.099700
Springbuck 0.061600 0.324700 0.121000 0.309800 0.070400 0.070900 0.080900 0.052800 0.082100 0.111500 0.070600 0.081600 0.061500 0.079300 0.079600 0.000000 0.092800 0.072600 0.061800 0.110000 0.017300 0.071600 0.109700 0.139200 0.070600 0.051900 0.052700 0.110400 0.060800 0.090400 0.121000 0.061800 0.090000 0.052500 0.078400 0.073700 0.062000 0.062400 0.051500 0.147200 0.119600 0.043000 0.120500 0.159300 0.073500 0.072000 0.086200 0.061200 0.098000 0.072700 0.120500 0.091000
Okapi 0.082700 0.268100 0.084400 0.269800 0.072700 0.092500 0.103300 0.073400 0.065100 0.094700 0.092100 0.064700 0.082400 0.091500 0.101400 0.092800 0.000000 0.055500 0.082700 0.073900 0.073400 0.073900 0.093100 0.122900 0.092100 0.100800 0.073200 0.074100 0.120400 0.073700 0.104400 0.082900 0.100400 0.073000 0.099800 0.056400 0.083200 0.083800 0.081100 0.131100 0.103100 0.100700 0.103700 0.143200 0.056300 0.084300 0.098400 0.082100 0.120700 0.055600 0.084100 0.074200
Giraffe 0.081500 0.277900 0.083500 0.254600 0.081200 0.081500 0.101700 0.072500 0.045500 0.074100 0.090800 0.045200 0.072100 0.090400 0.100200 0.072600 0.055500 0.000000 0.081700 0.073000 0.072500 0.092100 0.073000 0.101800 0.090800 0.099600 0.072300 0.073400 0.118900 0.054200 0.083600 0.072400 0.079400 0.072100 0.098700 0.036800 0.082000 0.073200 0.080000 0.100400 0.082700 0.099400 0.082800 0.121400 0.036700 0.083100 0.097200 0.071800 0.099600 0.027100 0.083200 0.073300
TibetanAnt 0.017100 0.310000 0.110700 0.295300 0.043300 0.025800 0.053000 0.026000 0.072300 0.101200 0.025700 0.071900 0.034600 0.052100 0.052300 0.061800 0.082700 0.081700 0.000000 0.099900 0.043700 0.026100 0.099700 0.128600 0.025700 0.060800 0.025900 0.100300 0.069900 0.080800 0.110700 0.034700 0.086100 0.025900 0.051500 0.063900 0.034700 0.053100 0.042700 0.136800 0.109500 0.051800 0.109700 0.148600 0.063700 0.062500 0.077000 0.034500 0.070200 0.063100 0.110000 0.081200
Sitatunga 0.099700 0.250000 0.044900 0.264500 0.089700 0.109600 0.120400 0.090600 0.045100 0.073500 0.109100 0.063300 0.099500 0.108500 0.118500 0.110000 0.073900 0.073000 0.099900 0.000000 0.090600 0.091200 0.072300 0.100900 0.109100 0.117700 0.090400 0.035500 0.137300 0.035300 0.082800 0.100000 0.098800 0.090200 0.116600 0.055100 0.100400 0.101000 0.097900 0.109100 0.081900 0.117600 0.082100 0.120400 0.055000 0.101700 0.115000 0.099100 0.137700 0.054400 0.044800 0.053800
Oribi 0.043600 0.298200 0.101200 0.285200 0.052300 0.052600 0.062200 0.034800 0.063200 0.091900 0.052400 0.062800 0.043500 0.061000 0.061300 0.017300 0.073400 0.072500 0.043700 0.090600 0.000000 0.053100 0.090400 0.119300 0.052400 0.034300 0.034800 0.091000 0.043100 0.071600 0.101300 0.043700 0.078000 0.034700 0.060300 0.054700 0.043800 0.044100 0.034000 0.127400 0.100100 0.025600 0.100700 0.138900 0.054600 0.053400 0.068200 0.043300 0.079300 0.054000 0.100800 0.072100
BarbaryShe 0.008600 0.328300 0.101800 0.298800 0.034600 0.017300 0.044400 0.035100 0.082500 0.112200 0.017300 0.082100 0.043800 0.061500 0.061700 0.071600 0.073900 0.092100 0.026100 0.091200 0.053100 0.000000 0.110300 0.120000 0.017200 0.070400 0.035000 0.091500 0.079700 0.091000 0.121800 0.026000 0.098500 0.034900 0.060800 0.074100 0.026200 0.062800 0.051900 0.148000 0.120300 0.061300 0.121400 0.160200 0.074000 0.072200 0.086600 0.043600 0.079900 0.073200 0.091500 0.091600
Daviddeer 0.099500 0.300000 0.101900 0.262600 0.108700 0.109400 0.120100 0.090500 0.063700 0.035700 0.108800 0.063200 0.099500 0.108500 0.118300 0.109700 0.093100 0.073000 0.099700 0.072300 0.090400 0.110300 0.000000 0.044200 0.108800 0.117500 0.090300 0.091700 0.137000 0.072200 0.044700 0.099900 0.097800 0.090100 0.116600 0.055100 0.100100 0.100900 0.097700 0.052600 0.008700 0.117300 0.035700 0.062400 0.055000 0.101500 0.114800 0.099000 0.137700 0.054400 0.101500 0.091500
Reindeer 0.108900 0.325400 0.131700 0.272400 0.137800 0.118900 0.129800 0.119300 0.092200 0.063300 0.118300 0.091500 0.128300 0.137500 0.147800 0.139200 0.122900 0.101800 0.128600 0.100900 0.119300 0.120000 0.044200 0.000000 0.118300 0.146700 0.119000 0.120900 0.166800 0.100500 0.072500 0.109200 0.127400 0.118700 0.145500 0.083800 0.109600 0.130300 0.126200 0.061600 0.053300 0.146600 0.063400 0.053200 0.083600 0.131100 0.143300 0.127800 0.167600 0.082700 0.120700 0.120700
Ibex 0.008500 0.322500 0.120100 0.294300 0.051800 0.017100 0.043700 0.034700 0.081400 0.110600 0.000000 0.081000 0.043300 0.060700 0.061000 0.070600 0.092100 0.090800 0.025700 0.109100 0.052400 0.017200 0.108800 0.118300 0.000000 0.069500 0.034600 0.109500 0.078700 0.089800 0.120100 0.025700 0.097100 0.034500 0.060000 0.073100 0.025800 0.061900 0.051300 0.146100 0.118700 0.060500 0.119700 0.158000 0.072900 0.071200 0.085600 0.043100 0.078900 0.072200 0.109500 0.090300
GyrantGaze 0.060600 0.331300 0.128800 0.316200 0.069300 0.069800 0.079500 0.052000 0.090200 0.119300 0.069500 0.089600 0.060600 0.060100 0.060500 0.051900 0.100800 0.099600 0.060800 0.117700 0.034300 0.070400 0.117500 0.146700 0.069500 0.000000 0.051900 0.118200 0.060000 0.098400 0.128800 0.060800 0.105200 0.051700 0.077200 0.081900 0.079100 0.079600 0.033500 0.154700 0.127400 0.025300 0.128200 0.166700 0.081800 0.070600 0.084700 0.060300 0.096600 0.080900 0.128300 0.099100
Hartebeest 0.025900 0.297400 0.101000 0.284200 0.034500 0.034700 0.044000 0.017200 0.063100 0.091700 0.034600 0.062700 0.008500 0.043200 0.043300 0.052700 0.073200 0.072300 0.025900 0.090400 0.034800 0.035000 0.090300 0.119000 0.034600 0.051900 0.000000 0.090800 0.060900 0.071500 0.101100 0.025900 0.077300 0.000000 0.042700 0.054600 0.043700 0.044000 0.034000 0.127100 0.100000 0.043000 0.100300 0.138600 0.054500 0.053300 0.068100 0.025700 0.061100 0.053900 0.100600 0.071900
Bongo 0.100100 0.276900 0.026900 0.265000 0.090000 0.110000 0.120900 0.091000 0.027000 0.093000 0.109500 0.063600 0.100000 0.109000 0.119000 0.110400 0.074100 0.073400 0.100300 0.035500 0.091000 0.091500 0.091700 0.120900 0.109500 0.118200 0.090800 0.000000 0.137800 0.017600 0.102600 0.100400 0.100100 0.090600 0.117200 0.055400 0.100700 0.101500 0.098300 0.129000 0.101500 0.118000 0.102100 0.140800 0.055300 0.102100 0.115400 0.099200 0.138500 0.054700 0.026800 0.035700
Gerenuk 0.069700 0.357900 0.148700 0.340800 0.078500 0.079000 0.088900 0.061000 0.109300 0.139200 0.078700 0.108600 0.069700 0.087300 0.087700 0.060800 0.120400 0.118900 0.069900 0.137300 0.043100 0.079700 0.137000 0.166800 0.078700 0.060000 0.060900 0.137800 0.000000 0.117400 0.139000 0.069900 0.126200 0.060700 0.086400 0.101200 0.088500 0.089000 0.059600 0.174800 0.147100 0.051200 0.148500 0.146000 0.100900 0.098800 0.112000 0.069300 0.087400 0.099800 0.148200 0.118200
CommonElan 0.080600 0.249400 0.026700 0.239800 0.089600 0.090200 0.100500 0.071600 0.008900 0.073200 0.089800 0.044700 0.080500 0.089400 0.099100 0.090400 0.073700 0.054200 0.080800 0.035300 0.071600 0.091000 0.072200 0.100500 0.089800 0.098400 0.071500 0.017600 0.117400 0.000000 0.082500 0.080900 0.078700 0.071300 0.097600 0.036300 0.081100 0.081700 0.079100 0.108700 0.081700 0.098200 0.081700 0.119900 0.036300 0.082200 0.096100 0.080100 0.118000 0.035900 0.026600 0.017600
MuntiacusR 0.110500 0.288000 0.113200 0.254600 0.119800 0.120700 0.131700 0.101300 0.074000 0.008900 0.120100 0.073600 0.110400 0.119500 0.129600 0.121000 0.104400 0.083600 0.110700 0.082800 0.101300 0.121800 0.044700 0.072500 0.120100 0.128800 0.101100 0.102600 0.139000 0.082500 0.000000 0.110900 0.109200 0.100800 0.127600 0.065400 0.111300 0.112000 0.108500 0.062200 0.054000 0.128600 0.008900 0.063100 0.065300 0.112700 0.125800 0.109900 0.149500 0.064600 0.112800 0.102400
HarveysDui 0.017100 0.311100 0.110800 0.259900 0.025700 0.017200 0.035000 0.026000 0.072400 0.101400 0.025700 0.072000 0.017200 0.052100 0.052300 0.061800 0.082900 0.072400 0.034700 0.100000 0.043700 0.026000 0.099900 0.109200 0.025700 0.060800 0.025900 0.100400 0.069900 0.080900 0.110900 0.000000 0.087800 0.025900 0.051500 0.064000 0.034800 0.035100 0.042700 0.117500 0.109700 0.051800 0.110400 0.148800 0.063900 0.062000 0.077000 0.017100 0.061200 0.044700 0.100400 0.081400
Pronghorn 0.088100 0.316700 0.110200 0.290500 0.097000 0.098300 0.088000 0.058200 0.069700 0.099100 0.097100 0.068500 0.087000 0.076700 0.099000 0.090000 0.100400 0.079400 0.086100 0.098800 0.078000 0.098500 0.097800 0.127400 0.097100 0.105200 0.077300 0.100100 0.126200 0.078700 0.109200 0.087800 0.000000 0.076500 0.104900 0.059000 0.087300 0.087600 0.085900 0.127100 0.108100 0.104800 0.107900 0.128400 0.057700 0.089300 0.103700 0.087700 0.128000 0.058900 0.109800 0.099900
BlueWildeb 0.025800 0.296900 0.100700 0.283700 0.034400 0.034600 0.043900 0.017200 0.062900 0.091400 0.034500 0.062500 0.008500 0.043100 0.043200 0.052500 0.073000 0.072100 0.025900 0.090200 0.034700 0.034900 0.090100 0.118700 0.034500 0.051700 0.000000 0.090600 0.060700 0.071300 0.100800 0.025900 0.076500 0.000000 0.042600 0.054400 0.043600 0.043900 0.033900 0.126800 0.099800 0.042900 0.099900 0.138200 0.054300 0.053200 0.067900 0.025700 0.061000 0.053800 0.100300 0.071800
Gemsbok 0.051300 0.327000 0.127500 0.312600 0.059900 0.060300 0.069800 0.042800 0.089400 0.118200 0.060000 0.088800 0.051300 0.068600 0.068900 0.078400 0.099800 0.098700 0.051500 0.116600 0.060300 0.060800 0.116600 0.145500 0.060000 0.077200 0.042700 0.117200 0.086400 0.097600 0.127600 0.051500 0.104900 0.042600 0.000000 0.081200 0.069400 0.069800 0.059100 0.153400 0.126400 0.068300 0.127400 0.165300 0.081000 0.079300 0.093100 0.051100 0.086700 0.080200 0.127100 0.098200
Yak 0.063800 0.231600 0.065300 0.247400 0.072900 0.073500 0.083800 0.054700 0.027500 0.055900 0.073100 0.009000 0.063800 0.072800 0.082500 0.073700 0.056400 0.036800 0.063900 0.055100 0.054700 0.074100 0.055100 0.083800 0.073100 0.081900 0.054600 0.055400 0.101200 0.036300 0.065400 0.064000 0.059000 0.054400 0.081200 0.000000 0.064200 0.064700 0.062600 0.092300 0.064700 0.081700 0.064400 0.103400 0.000100 0.055300 0.079900 0.063400 0.101600 0.018300 0.065100 0.055300
BlueSheep 0.017200 0.312000 0.111200 0.261700 0.061400 0.025900 0.053100 0.043800 0.072600 0.101800 0.025800 0.072200 0.052500 0.070200 0.070500 0.062000 0.083200 0.082000 0.034700 0.100400 0.043800 0.026200 0.100100 0.109600 0.025800 0.079100 0.043700 0.100700 0.088500 0.081100 0.111300 0.034800 0.087300 0.043600 0.069400 0.064200 0.000000 0.053300 0.060500 0.137400 0.109900 0.070000 0.110700 0.149300 0.064100 0.062800 0.059600 0.052300 0.088700 0.063400 0.100700 0.081600
BohorReedb 0.053000 0.313200 0.111500 0.251800 0.043700 0.053100 0.072000 0.044100 0.073200 0.102400 0.061900 0.072800 0.034900 0.070700 0.070000 0.062400 0.083800 0.073200 0.053100 0.101000 0.044100 0.062800 0.100900 0.130300 0.061900 0.079600 0.044000 0.101500 0.089000 0.081700 0.112000 0.035100 0.087600 0.043900 0.069800 0.064700 0.053300 0.000000 0.060900 0.118800 0.110800 0.070400 0.111100 0.150400 0.064500 0.044700 0.060000 0.034800 0.080100 0.045200 0.111600 0.082200
KirksDik 0.042600 0.303000 0.108500 0.290300 0.051100 0.051500 0.060800 0.034100 0.070900 0.099200 0.051300 0.070500 0.042500 0.042200 0.060000 0.051500 0.081100 0.080000 0.042700 0.097900 0.034000 0.051900 0.097700 0.126200 0.051300 0.033500 0.034000 0.098300 0.059600 0.079100 0.108500 0.042700 0.085900 0.033900 0.059100 0.062600 0.060500 0.060900 0.000000 0.134100 0.107300 0.042100 0.108000 0.145600 0.062500 0.052100 0.066600 0.042400 0.077700 0.061800 0.108000 0.079600
RoeDeer 0.136500 0.321000 0.139800 0.258600 0.126300 0.137000 0.158000 0.127400 0.100500 0.053200 0.146100 0.099900 0.117000 0.145500 0.155800 0.147200 0.131100 0.100400 0.136800 0.109100 0.127400 0.148000 0.052600 0.061600 0.146100 0.154700 0.127100 0.129000 0.174800 0.108700 0.062200 0.117500 0.127100 0.126800 0.153400 0.092300 0.137400 0.118800 0.134100 0.000000 0.061700 0.154500 0.053300 0.061600 0.092100 0.139200 0.151200 0.116500 0.165600 0.072200 0.139200 0.128800
WhiteLippe 0.109300 0.314100 0.111900 0.275300 0.118600 0.119300 0.130200 0.100200 0.073200 0.044900 0.118700 0.072700 0.109300 0.118300 0.128300 0.119600 0.103100 0.082700 0.109500 0.081900 0.100100 0.120300 0.008700 0.053300 0.118700 0.127400 0.100000 0.101500 0.147100 0.081700 0.054000 0.109700 0.108100 0.099800 0.126400 0.064700 0.109900 0.110800 0.107300 0.061700 0.000000 0.127200 0.044900 0.071800 0.064600 0.111400 0.124400 0.108700 0.147900 0.063900 0.111500 0.101300
ThomsonGaz 0.051700 0.328900 0.128500 0.316100 0.060400 0.060800 0.070300 0.043100 0.090000 0.119100 0.060500 0.089500 0.051600 0.069000 0.069300 0.043000 0.100700 0.099400 0.051800 0.117600 0.025600 0.061300 0.117300 0.146600 0.060500 0.025300 0.043000 0.118000 0.051200 0.098200 0.128600 0.051800 0.104800 0.042900 0.068300 0.081700 0.070000 0.070400 0.042100 0.154500 0.127200 0.000000 0.128300 0.166500 0.081600 0.079900 0.093700 0.051400 0.087300 0.080700 0.128100 0.098800
MuntiacusC 0.109900 0.287100 0.112900 0.254800 0.119400 0.120100 0.131200 0.100700 0.073000 0.000000 0.119700 0.072000 0.109700 0.118900 0.128900 0.120500 0.103700 0.082800 0.109700 0.082100 0.100700 0.121400 0.035700 0.063400 0.119700 0.128200 0.100300 0.102100 0.148500 0.081700 0.008900 0.110400 0.107900 0.099900 0.127400 0.064400 0.110700 0.111100 0.108000 0.053300 0.044900 0.128300 0.000000 0.063300 0.063700 0.112300 0.125400 0.109500 0.149100 0.063200 0.112300 0.102000
WhiteTaile 0.148300 0.339100 0.151900 0.297600 0.157700 0.158800 0.150200 0.139000 0.111600 0.063200 0.158000 0.110900 0.148100 0.137600 0.167900 0.159300 0.143200 0.121400 0.148600 0.120400 0.138900 0.160200 0.062400 0.053200 0.158000 0.166700 0.138600 0.140800 0.146000 0.119900 0.063100 0.148800 0.128400 0.138200 0.165300 0.103400 0.149300 0.150400 0.145600 0.061600 0.071800 0.166500 0.063300 0.000000 0.103200 0.151300 0.162800 0.147400 0.188100 0.102000 0.151200 0.140600
Cattle 0.063700 0.230800 0.065200 0.246800 0.072800 0.073300 0.083600 0.054600 0.027400 0.055800 0.072900 0.009000 0.063600 0.072600 0.082300 0.073500 0.056300 0.036700 0.063700 0.055000 0.054600 0.074000 0.055000 0.083600 0.072900 0.081800 0.054500 0.055300 0.100900 0.036300 0.065300 0.063900 0.057700 0.054300 0.081000 0.000100 0.064100 0.064500 0.062500 0.092100 0.064600 0.081600 0.063700 0.103200 0.000000 0.055200 0.079800 0.063300 0.101400 0.018300 0.065000 0.055200
RoyalAntel 0.062400 0.275700 0.112700 0.277900 0.071000 0.071800 0.081900 0.053500 0.073600 0.103100 0.071200 0.063500 0.062200 0.061700 0.080600 0.072000 0.084300 0.083100 0.062500 0.101700 0.053400 0.072200 0.101500 0.131100 0.071200 0.070600 0.053300 0.102100 0.098800 0.082200 0.112700 0.062000 0.089300 0.053200 0.079300 0.055300 0.062800 0.044700 0.052100 0.139200 0.111400 0.079900 0.112300 0.151300 0.055200 0.000000 0.069000 0.043800 0.099100 0.064200 0.112300 0.082700
Steenbok 0.076800 0.309800 0.125700 0.285300 0.085400 0.085900 0.095700 0.068300 0.088000 0.116500 0.085600 0.069400 0.076700 0.076100 0.094400 0.086200 0.098400 0.097200 0.077000 0.115000 0.068200 0.086600 0.114800 0.143300 0.085600 0.084700 0.068100 0.115400 0.112000 0.096100 0.125800 0.077000 0.103700 0.067900 0.093100 0.079900 0.059600 0.060000 0.066600 0.151200 0.124400 0.093700 0.125400 0.162800 0.079800 0.069000 0.000000 0.076400 0.103400 0.079000 0.106400 0.096700
Impala 0.034400 0.281500 0.109800 0.270200 0.025500 0.034500 0.052600 0.025800 0.071800 0.100500 0.043100 0.071400 0.017000 0.051600 0.051800 0.061200 0.082100 0.071800 0.034500 0.099100 0.043300 0.043600 0.099000 0.127800 0.043100 0.060300 0.025700 0.099200 0.069300 0.080100 0.109900 0.017100 0.087700 0.025700 0.051100 0.063400 0.052300 0.034800 0.042400 0.116500 0.108700 0.051400 0.109500 0.147400 0.063300 0.043800 0.076400 0.000000 0.060600 0.044300 0.109400 0.080100
Klipspring 0.069900 0.302400 0.149400 0.330300 0.069700 0.070000 0.089200 0.061200 0.109800 0.139700 0.078900 0.109100 0.061000 0.087700 0.088000 0.098000 0.120700 0.099600 0.070200 0.137700 0.079300 0.079900 0.137700 0.167600 0.078900 0.096600 0.061100 0.138500 0.087400 0.118000 0.149500 0.061200 0.128000 0.061000 0.086700 0.101600 0.088700 0.080100 0.077700 0.165600 0.147900 0.087300 0.149100 0.188100 0.101400 0.099100 0.103400 0.060600 0.000000 0.090800 0.148800 0.099400
ForestMusk 0.063000 0.253600 0.064500 0.220400 0.053500 0.063200 0.082700 0.054000 0.027100 0.055200 0.072200 0.027000 0.044500 0.071800 0.081500 0.072700 0.055600 0.027100 0.063100 0.054400 0.054000 0.073200 0.054400 0.082700 0.072200 0.080900 0.053900 0.054700 0.099800 0.035900 0.064600 0.044700 0.058900 0.053800 0.080200 0.018300 0.063400 0.045200 0.061800 0.072200 0.063900 0.080700 0.063200 0.102000 0.018300 0.064200 0.079000 0.044300 0.090800 0.000000 0.064300 0.054600
Bushbuck 0.100100 0.291600 0.036100 0.252000 0.099800 0.110000 0.120900 0.100800 0.036200 0.103100 0.109500 0.054500 0.109800 0.119000 0.129100 0.120500 0.084100 0.083200 0.110000 0.044800 0.100800 0.091500 0.101500 0.120700 0.109500 0.128300 0.100600 0.026800 0.148200 0.026600 0.112800 0.100400 0.109800 0.100300 0.127100 0.065100 0.100700 0.111600 0.108000 0.139200 0.111500 0.128100 0.112300 0.151200 0.065000 0.112300 0.106400 0.109400 0.148800 0.064300 0.000000 0.045000
GreaterKud 0.081100 0.250700 0.045200 0.264600 0.090100 0.090800 0.101200 0.072100 0.026900 0.092900 0.090300 0.063500 0.081000 0.090000 0.099700 0.091000 0.074200 0.073300 0.081200 0.053800 0.072100 0.091600 0.091500 0.120700 0.090300 0.099100 0.071900 0.035700 0.118200 0.017600 0.102400 0.081400 0.099900 0.071800 0.098200 0.055300 0.081600 0.082200 0.079600 0.128800 0.101300 0.098800 0.102000 0.140600 0.055200 0.082700 0.096700 0.080100 0.099400 0.054600 0.045000 0.000000
