CODONML (in paml version 4.10.7, June 2023)  /home/rachel/ruminants_paml/6406-phy-tree/ENSBTAT00000023308.fasta.phy
Model: free dN/dS Ratios for branches,  kappa = 2.000 fixed

Codon frequency model: F3x4
ns =  54  ls =  78

Codon usage in sequences
--------------------------------------------------------------------------------------------------------------------------------------
Phe TTT   3   3   3   3   1   3 | Ser TCT   2   1   2   2   1   3 | Tyr TAT   2   1   2   2   1   1 | Cys TGT   0   0   0   0   0   0
    TTC   2   2   2   2   4   2 |     TCC   1   2   1   1   1   1 |     TAC   2   3   2   2   3   3 |     TGC   1   1   1   1   1   1
Leu TTA   1   1   1   1   2   1 |     TCA   1   1   1   1   1   0 | *** TAA   0   0   0   0   0   0 | *** TGA   0   0   0   0   0   0
    TTG   2   1   2   2   0   1 |     TCG   0   0   0   0   1   0 |     TAG   0   0   0   0   0   0 | Trp TGG   3   3   3   3   3   3
--------------------------------------------------------------------------------------------------------------------------------------
Leu CTT   0   0   0   0   0   0 | Pro CCT   2   2   2   2   2   3 | His CAT   1   1   1   1   1   2 | Arg CGT   2   1   2   2   1   1
    CTC   1   1   1   1   1   1 |     CCC   3   3   3   3   2   2 |     CAC   2   2   2   2   2   1 |     CGC   0   1   0   0   0   1
    CTA   2   2   2   2   0   3 |     CCA   2   1   1   1   1   1 | Gln CAA   1   0   1   1   1   1 |     CGA   1   1   1   1   0   1
    CTG   3   4   3   3   6   3 |     CCG   0   1   1   1   2   1 |     CAG   3   4   3   3   3   3 |     CGG   0   1   0   0   2   0
--------------------------------------------------------------------------------------------------------------------------------------
Ile ATT   0   0   0   0   1   1 | Thr ACT   0   0   0   0   0   1 | Asn AAT   1   1   1   1   0   1 | Ser AGT   0   1   1   1   0   1
    ATC   1   1   1   1   0   0 |     ACC   2   2   2   2   3   1 |     AAC   1   1   1   1   2   1 |     AGC   1   0   0   0   1   0
    ATA   2   2   2   2   1   2 |     ACA   1   1   1   1   1   2 | Lys AAA   1   1   1   1   1   1 | Arg AGA   2   1   2   2   2   2
Met ATG   1   1   1   1   1   1 |     ACG   1   1   1   1   0   0 |     AAG   0   0   0   0   0   0 |     AGG   0   0   0   0   0   0
--------------------------------------------------------------------------------------------------------------------------------------
Val GTT   2   2   2   2   2   2 | Ala GCT   1   1   1   1   1   1 | Asp GAT   1   1   1   1   1   1 | Gly GGT   3   2   3   3   0   3
    GTC   1   0   1   1   2   2 |     GCC   0   0   0   0   0   0 |     GAC   0   0   0   0   0   0 |     GGC   1   2   1   1   3   1
    GTA   0   0   0   0   0   0 |     GCA   0   0   0   0   0   0 | Glu GAA   5   5   5   5   2   5 |     GGA   3   2   3   2   2   2
    GTG   1   2   1   1   1   0 |     GCG   0   0   0   0   0   0 |     GAG   3   3   3   3   6   3 |     GGG   0   1   0   1   2   1
--------------------------------------------------------------------------------------------------------------------------------------

--------------------------------------------------------------------------------------------------------------------------------------
Phe TTT   3   3   3   3   3   3 | Ser TCT   2   2   2   2   2   2 | Tyr TAT   3   2   2   2   2   2 | Cys TGT   0   0   0   0   0   0
    TTC   2   2   2   2   2   2 |     TCC   1   1   1   1   1   1 |     TAC   1   2   2   2   2   2 |     TGC   1   1   1   1   1   1
Leu TTA   1   1   1   1   1   1 |     TCA   1   1   1   1   1   1 | *** TAA   0   0   0   0   0   0 | *** TGA   0   0   0   0   0   0
    TTG   2   2   2   2   2   2 |     TCG   0   0   0   0   0   0 |     TAG   0   0   0   0   0   0 | Trp TGG   3   3   3   3   3   3
--------------------------------------------------------------------------------------------------------------------------------------
Leu CTT   0   0   0   0   0   0 | Pro CCT   2   2   2   2   2   2 | His CAT   1   1   1   0   1   2 | Arg CGT   2   2   2   2   2   2
    CTC   1   1   1   1   1   1 |     CCC   3   3   3   3   3   2 |     CAC   2   2   2   3   2   1 |     CGC   0   0   0   0   0   0
    CTA   2   2   2   1   2   2 |     CCA   2   2   1   2   1   2 | Gln CAA   1   1   1   1   1   1 |     CGA   1   1   1   1   1   1
    CTG   3   3   3   4   3   3 |     CCG   0   0   1   0   1   1 |     CAG   3   3   3   3   3   3 |     CGG   0   0   0   0   0   0
--------------------------------------------------------------------------------------------------------------------------------------
Ile ATT   0   0   0   0   0   0 | Thr ACT   0   0   0   0   0   0 | Asn AAT   1   1   1   1   1   1 | Ser AGT   0   0   0   0   0   1
    ATC   1   1   1   1   1   1 |     ACC   2   2   2   2   2   2 |     AAC   1   1   1   1   1   1 |     AGC   1   1   1   1   1   0
    ATA   2   2   2   2   2   2 |     ACA   1   1   1   2   1   1 | Lys AAA   1   1   1   1   1   1 | Arg AGA   2   2   2   2   2   2
Met ATG   1   1   1   1   1   1 |     ACG   1   1   1   0   1   1 |     AAG   0   0   0   0   0   0 |     AGG   0   0   0   0   0   0
--------------------------------------------------------------------------------------------------------------------------------------
Val GTT   2   2   2   2   2   2 | Ala GCT   1   1   1   1   1   1 | Asp GAT   1   1   1   1   1   1 | Gly GGT   3   3   3   3   3   3
    GTC   1   1   1   1   1   1 |     GCC   0   0   0   0   0   0 |     GAC   0   0   0   0   0   0 |     GGC   1   1   1   1   1   1
    GTA   0   0   0   0   0   0 |     GCA   0   0   0   0   0   0 | Glu GAA   5   5   5   5   5   5 |     GGA   3   3   3   3   3   3
    GTG   1   1   1   1   1   1 |     GCG   0   0   0   0   0   0 |     GAG   3   3   3   3   3   3 |     GGG   0   0   0   0   0   0
--------------------------------------------------------------------------------------------------------------------------------------

--------------------------------------------------------------------------------------------------------------------------------------
Phe TTT   3   3   2   3   3   3 | Ser TCT   2   2   2   2   2   2 | Tyr TAT   1   2   3   2   2   2 | Cys TGT   0   0   0   0   0   0
    TTC   2   2   3   2   2   2 |     TCC   1   1   1   1   1   1 |     TAC   3   2   1   2   2   2 |     TGC   1   1   1   1   1   1
Leu TTA   1   1   1   1   1   1 |     TCA   1   0   0   1   1   1 | *** TAA   0   0   0   0   0   0 | *** TGA   0   0   0   0   0   0
    TTG   2   2   2   2   2   2 |     TCG   0   1   1   0   0   0 |     TAG   0   0   0   0   0   0 | Trp TGG   3   3   3   3   3   3
--------------------------------------------------------------------------------------------------------------------------------------
Leu CTT   0   0   0   0   0   0 | Pro CCT   2   2   2   2   2   2 | His CAT   1   2   1   1   1   1 | Arg CGT   2   2   1   2   2   2
    CTC   1   1   1   1   1   1 |     CCC   3   3   3   3   3   3 |     CAC   2   2   2   2   2   2 |     CGC   0   0   1   0   0   0
    CTA   2   2   2   2   2   1 |     CCA   2   1   1   2   1   1 | Gln CAA   1   0   1   1   1   1 |     CGA   1   1   1   1   1   0
    CTG   3   3   3   3   3   4 |     CCG   0   1   1   0   1   1 |     CAG   3   3   3   3   3   3 |     CGG   0   0   0   0   0   1
--------------------------------------------------------------------------------------------------------------------------------------
Ile ATT   0   0   0   0   0   0 | Thr ACT   0   0   0   0   0   0 | Asn AAT   1   1   1   1   1   1 | Ser AGT   0   0   1   0   0   0
    ATC   1   1   1   1   1   1 |     ACC   2   2   2   2   2   2 |     AAC   1   1   1   1   1   1 |     AGC   1   1   0   1   1   1
    ATA   2   2   2   2   2   2 |     ACA   1   2   0   2   2   2 | Lys AAA   1   1   1   1   1   1 | Arg AGA   2   2   2   2   2   2
Met ATG   1   1   1   1   1   1 |     ACG   1   0   2   0   0   0 |     AAG   0   0   0   0   0   0 |     AGG   0   0   0   0   0   0
--------------------------------------------------------------------------------------------------------------------------------------
Val GTT   2   1   2   2   2   2 | Ala GCT   1   1   1   1   1   1 | Asp GAT   1   1   1   1   1   1 | Gly GGT   3   3   1   3   3   3
    GTC   1   1   1   1   1   1 |     GCC   0   0   0   0   0   0 |     GAC   0   0   0   0   0   0 |     GGC   1   1   4   1   1   1
    GTA   0   1   0   0   0   0 |     GCA   0   0   0   0   0   0 | Glu GAA   5   5   6   5   5   5 |     GGA   3   3   2   3   3   3
    GTG   1   1   1   1   1   1 |     GCG   0   0   0   0   0   0 |     GAG   3   3   2   3   3   3 |     GGG   0   0   0   0   0   0
--------------------------------------------------------------------------------------------------------------------------------------

--------------------------------------------------------------------------------------------------------------------------------------
Phe TTT   4   3   3   3   3   3 | Ser TCT   2   2   2   2   2   2 | Tyr TAT   2   3   2   2   2   2 | Cys TGT   0   0   0   0   0   0
    TTC   1   2   2   2   2   2 |     TCC   1   1   1   1   1   1 |     TAC   2   1   2   2   2   2 |     TGC   1   1   1   1   1   1
Leu TTA   1   1   1   1   1   1 |     TCA   1   1   1   1   1   1 | *** TAA   0   0   0   0   0   0 | *** TGA   0   0   0   0   0   0
    TTG   1   1   2   2   3   2 |     TCG   0   0   0   0   0   0 |     TAG   0   0   0   0   0   0 | Trp TGG   3   3   3   3   3   3
--------------------------------------------------------------------------------------------------------------------------------------
Leu CTT   0   0   0   0   0   0 | Pro CCT   2   2   2   2   2   2 | His CAT   1   1   1   1   1   1 | Arg CGT   2   2   2   2   2   2
    CTC   1   1   1   1   1   1 |     CCC   3   3   3   3   3   3 |     CAC   2   2   2   2   2   2 |     CGC   0   0   0   0   0   0
    CTA   2   2   2   2   1   2 |     CCA   1   1   2   1   1   2 | Gln CAA   1   0   1   1   1   1 |     CGA   1   1   1   1   1   1
    CTG   4   4   3   3   3   3 |     CCG   1   1   0   1   1   0 |     CAG   3   3   3   3   3   3 |     CGG   0   0   0   0   0   0
--------------------------------------------------------------------------------------------------------------------------------------
Ile ATT   0   0   0   0   0   0 | Thr ACT   0   0   0   0   0   0 | Asn AAT   1   1   1   1   1   1 | Ser AGT   0   0   0   0   0   0
    ATC   1   1   1   1   1   1 |     ACC   2   2   2   2   2   2 |     AAC   1   1   1   1   1   1 |     AGC   1   1   1   1   1   1
    ATA   2   2   2   2   2   2 |     ACA   1   1   1   1   2   1 | Lys AAA   1   2   1   1   1   1 | Arg AGA   2   2   2   2   2   2
Met ATG   1   1   1   1   1   1 |     ACG   1   1   1   1   0   1 |     AAG   0   0   0   0   0   0 |     AGG   0   0   0   0   0   0
--------------------------------------------------------------------------------------------------------------------------------------
Val GTT   2   2   2   2   2   2 | Ala GCT   1   1   1   1   1   1 | Asp GAT   1   1   1   1   1   1 | Gly GGT   3   3   3   3   3   3
    GTC   1   1   1   1   1   1 |     GCC   0   0   0   0   0   0 |     GAC   0   0   0   0   0   0 |     GGC   1   1   1   1   1   1
    GTA   0   0   0   0   0   0 |     GCA   0   0   0   0   0   0 | Glu GAA   5   5   5   5   5   5 |     GGA   3   3   3   3   3   3
    GTG   1   1   1   1   1   1 |     GCG   0   0   0   0   0   0 |     GAG   3   3   3   3   3   3 |     GGG   0   0   0   0   0   0
--------------------------------------------------------------------------------------------------------------------------------------

--------------------------------------------------------------------------------------------------------------------------------------
Phe TTT   3   3   3   3   3   3 | Ser TCT   2   2   2   2   2   2 | Tyr TAT   1   1   1   2   2   2 | Cys TGT   0   0   0   0   0   0
    TTC   2   2   2   2   2   2 |     TCC   1   1   1   1   1   1 |     TAC   3   3   3   2   2   2 |     TGC   1   1   1   1   1   1
Leu TTA   1   1   1   1   1   1 |     TCA   1   1   1   1   0   1 | *** TAA   0   0   0   0   0   0 | *** TGA   0   0   0   0   0   0
    TTG   2   2   2   2   2   2 |     TCG   0   0   0   0   1   0 |     TAG   0   0   0   0   0   0 | Trp TGG   3   3   3   3   3   3
--------------------------------------------------------------------------------------------------------------------------------------
Leu CTT   0   1   0   0   0   0 | Pro CCT   2   2   2   2   2   2 | His CAT   2   2   1   1   1   1 | Arg CGT   2   2   2   2   2   2
    CTC   1   0   1   1   1   1 |     CCC   3   3   3   3   3   3 |     CAC   1   1   2   2   2   2 |     CGC   0   0   0   0   0   0
    CTA   2   2   2   1   2   2 |     CCA   1   1   2   1   1   1 | Gln CAA   1   1   1   1   1   1 |     CGA   1   1   1   1   1   1
    CTG   3   3   3   4   3   3 |     CCG   1   1   0   1   1   1 |     CAG   3   3   3   3   3   3 |     CGG   0   0   0   0   0   0
--------------------------------------------------------------------------------------------------------------------------------------
Ile ATT   0   0   0   0   0   0 | Thr ACT   0   0   0   0   0   0 | Asn AAT   1   1   1   1   1   1 | Ser AGT   1   0   0   0   1   0
    ATC   1   1   1   1   1   1 |     ACC   2   2   2   2   2   2 |     AAC   1   1   1   1   1   1 |     AGC   0   1   1   1   0   1
    ATA   2   2   2   2   2   2 |     ACA   1   1   1   2   0   1 | Lys AAA   1   1   1   1   1   1 | Arg AGA   2   2   2   2   2   2
Met ATG   1   1   1   1   1   1 |     ACG   1   1   1   0   2   1 |     AAG   0   0   0   0   0   0 |     AGG   0   0   0   0   0   0
--------------------------------------------------------------------------------------------------------------------------------------
Val GTT   2   2   2   2   2   2 | Ala GCT   1   1   1   1   1   1 | Asp GAT   1   1   1   1   1   1 | Gly GGT   3   3   3   3   2   3
    GTC   1   1   1   1   1   1 |     GCC   0   0   0   0   0   0 |     GAC   0   0   0   0   0   0 |     GGC   1   1   1   1   3   1
    GTA   0   0   0   0   0   0 |     GCA   0   0   0   0   0   0 | Glu GAA   5   5   5   5   5   5 |     GGA   3   3   3   3   2   3
    GTG   1   1   1   1   1   1 |     GCG   0   0   0   0   0   0 |     GAG   3   3   3   3   3   3 |     GGG   0   0   0   0   0   0
--------------------------------------------------------------------------------------------------------------------------------------

--------------------------------------------------------------------------------------------------------------------------------------
Phe TTT   2   3   3   3   3   3 | Ser TCT   2   2   2   2   3   2 | Tyr TAT   2   2   2   2   2   2 | Cys TGT   0   0   0   0   0   0
    TTC   3   2   2   2   2   2 |     TCC   1   1   1   1   0   1 |     TAC   2   2   2   2   2   2 |     TGC   1   1   1   1   1   1
Leu TTA   1   1   1   1   0   1 |     TCA   1   1   1   1   1   0 | *** TAA   0   0   0   0   0   0 | *** TGA   0   0   0   0   0   0
    TTG   2   2   2   2   2   2 |     TCG   0   0   0   0   0   1 |     TAG   0   0   0   0   0   0 | Trp TGG   3   3   3   3   3   3
--------------------------------------------------------------------------------------------------------------------------------------
Leu CTT   0   0   0   0   0   0 | Pro CCT   2   2   2   2   2   2 | His CAT   1   1   2   1   2   1 | Arg CGT   2   2   2   2   2   2
    CTC   1   1   1   1   1   1 |     CCC   3   3   2   3   2   3 |     CAC   2   2   1   2   1   2 |     CGC   0   0   0   0   0   0
    CTA   1   2   2   2   2   2 |     CCA   1   1   2   1   1   1 | Gln CAA   1   1   1   1   1   1 |     CGA   1   1   1   1   1   1
    CTG   4   3   3   3   4   3 |     CCG   1   1   1   1   2   1 |     CAG   3   3   3   3   3   3 |     CGG   0   0   0   0   0   0
--------------------------------------------------------------------------------------------------------------------------------------
Ile ATT   0   0   0   0   0   0 | Thr ACT   0   0   0   0   0   0 | Asn AAT   1   1   1   1   1   1 | Ser AGT   0   0   1   0   0   1
    ATC   1   1   1   1   1   1 |     ACC   2   2   2   2   2   2 |     AAC   1   1   1   1   1   1 |     AGC   1   1   0   1   1   0
    ATA   2   2   2   2   2   2 |     ACA   2   1   1   1   1   0 | Lys AAA   1   1   1   1   1   1 | Arg AGA   2   2   2   2   2   2
Met ATG   1   1   1   1   1   1 |     ACG   0   1   1   1   1   2 |     AAG   0   0   0   0   0   0 |     AGG   0   0   0   0   0   0
--------------------------------------------------------------------------------------------------------------------------------------
Val GTT   2   2   2   2   2   2 | Ala GCT   1   1   1   1   1   1 | Asp GAT   1   1   1   1   1   1 | Gly GGT   3   3   3   3   3   2
    GTC   1   1   1   1   1   1 |     GCC   0   0   0   0   0   0 |     GAC   0   0   0   0   0   0 |     GGC   1   1   1   1   1   3
    GTA   0   0   0   0   0   0 |     GCA   0   0   0   0   0   0 | Glu GAA   5   5   5   6   5   5 |     GGA   3   3   3   3   3   2
    GTG   1   1   1   1   1   1 |     GCG   0   0   0   0   0   0 |     GAG   3   3   3   2   3   3 |     GGG   0   0   0   0   0   0
--------------------------------------------------------------------------------------------------------------------------------------

--------------------------------------------------------------------------------------------------------------------------------------
Phe TTT   3   3   3   3   3   3 | Ser TCT   2   2   2   2   2   2 | Tyr TAT   2   2   1   3   2   2 | Cys TGT   0   0   0   0   0   0
    TTC   2   2   2   2   2   2 |     TCC   1   1   1   1   1   1 |     TAC   2   2   3   1   2   2 |     TGC   1   1   1   1   1   1
Leu TTA   1   1   1   1   1   1 |     TCA   1   1   1   1   1   1 | *** TAA   0   0   0   0   0   0 | *** TGA   0   0   0   0   0   0
    TTG   2   2   2   2   2   2 |     TCG   0   0   0   0   0   0 |     TAG   0   0   0   0   0   0 | Trp TGG   3   3   3   3   3   3
--------------------------------------------------------------------------------------------------------------------------------------
Leu CTT   0   0   0   0   0   0 | Pro CCT   2   2   2   2   2   2 | His CAT   1   1   1   1   1   2 | Arg CGT   2   2   2   2   2   2
    CTC   1   1   1   1   1   1 |     CCC   3   3   3   3   3   3 |     CAC   2   2   2   2   2   1 |     CGC   0   0   0   0   0   0
    CTA   2   2   2   2   1   2 |     CCA   1   1   2   1   1   1 | Gln CAA   1   1   1   1   1   1 |     CGA   1   1   1   1   1   1
    CTG   3   3   3   3   4   3 |     CCG   1   1   0   1   1   1 |     CAG   3   3   3   3   3   3 |     CGG   0   0   0   0   0   0
--------------------------------------------------------------------------------------------------------------------------------------
Ile ATT   0   0   0   0   0   0 | Thr ACT   0   0   0   0   0   0 | Asn AAT   1   1   1   1   2   1 | Ser AGT   1   0   0   0   1   0
    ATC   1   1   1   1   1   1 |     ACC   2   2   2   2   2   2 |     AAC   1   1   1   1   0   1 |     AGC   0   1   1   1   0   1
    ATA   2   2   2   2   2   2 |     ACA   1   2   1   1   2   1 | Lys AAA   1   1   1   1   1   1 | Arg AGA   2   2   2   2   2   2
Met ATG   1   1   1   1   1   1 |     ACG   1   0   1   1   0   1 |     AAG   0   0   0   0   0   0 |     AGG   0   0   0   0   0   0
--------------------------------------------------------------------------------------------------------------------------------------
Val GTT   2   2   2   2   2   2 | Ala GCT   1   1   1   1   1   1 | Asp GAT   1   1   1   1   1   1 | Gly GGT   3   3   3   3   3   3
    GTC   1   1   1   1   1   1 |     GCC   0   0   0   0   0   0 |     GAC   0   0   0   0   0   0 |     GGC   1   1   1   1   1   1
    GTA   0   0   0   0   0   0 |     GCA   0   0   0   0   0   0 | Glu GAA   5   5   5   5   5   5 |     GGA   3   3   3   3   3   3
    GTG   1   1   1   1   1   1 |     GCG   0   0   0   0   0   0 |     GAG   3   3   3   3   3   3 |     GGG   0   0   0   0   0   0
--------------------------------------------------------------------------------------------------------------------------------------

--------------------------------------------------------------------------------------------------------------------------------------
Phe TTT   4   3   3   3   3   3 | Ser TCT   2   2   2   2   2   2 | Tyr TAT   1   2   2   1   2   2 | Cys TGT   0   0   0   0   0   0
    TTC   1   2   2   2   2   2 |     TCC   1   1   1   1   1   1 |     TAC   3   2   2   3   2   2 |     TGC   1   1   1   1   1   1
Leu TTA   1   1   1   1   1   1 |     TCA   1   1   1   1   1   1 | *** TAA   0   0   0   0   0   0 | *** TGA   0   0   0   0   0   0
    TTG   2   2   2   2   2   2 |     TCG   0   0   0   0   0   0 |     TAG   0   0   0   0   0   0 | Trp TGG   3   3   3   3   3   3
--------------------------------------------------------------------------------------------------------------------------------------
Leu CTT   0   0   0   0   0   0 | Pro CCT   2   2   3   2   2   2 | His CAT   2   1   2   2   1   1 | Arg CGT   2   2   2   2   2   1
    CTC   1   1   1   1   1   1 |     CCC   3   3   1   3   3   3 |     CAC   1   2   1   1   2   2 |     CGC   0   0   0   0   0   0
    CTA   2   1   2   2   2   2 |     CCA   1   1   2   1   1   1 | Gln CAA   1   1   1   1   1   1 |     CGA   1   1   1   1   1   2
    CTG   3   4   3   3   3   3 |     CCG   1   1   1   1   1   1 |     CAG   3   3   3   3   3   3 |     CGG   0   0   0   0   0   0
--------------------------------------------------------------------------------------------------------------------------------------
Ile ATT   0   0   0   0   0   0 | Thr ACT   0   0   0   0   0   0 | Asn AAT   1   1   1   1   1   1 | Ser AGT   1   0   1   0   0   0
    ATC   1   1   1   1   1   1 |     ACC   2   2   2   2   2   2 |     AAC   1   1   1   1   1   1 |     AGC   0   1   0   1   1   1
    ATA   2   2   2   2   2   2 |     ACA   1   2   1   1   2   1 | Lys AAA   1   1   1   1   1   1 | Arg AGA   2   2   2   2   2   2
Met ATG   1   1   1   1   1   1 |     ACG   1   0   1   1   0   1 |     AAG   0   0   0   0   0   0 |     AGG   0   0   0   0   0   0
--------------------------------------------------------------------------------------------------------------------------------------
Val GTT   2   2   2   2   2   2 | Ala GCT   1   1   1   1   1   1 | Asp GAT   1   1   1   1   1   1 | Gly GGT   3   3   3   3   3   3
    GTC   1   1   1   1   1   1 |     GCC   0   0   0   0   0   0 |     GAC   0   0   0   0   0   0 |     GGC   1   1   1   1   1   1
    GTA   0   0   0   0   0   0 |     GCA   0   0   0   0   0   0 | Glu GAA   5   5   5   5   5   5 |     GGA   3   3   3   3   3   3
    GTG   1   1   1   1   1   1 |     GCG   0   0   0   0   0   0 |     GAG   3   3   3   3   3   3 |     GGG   0   0   0   0   0   0
--------------------------------------------------------------------------------------------------------------------------------------

--------------------------------------------------------------------------------------------------------------------------------------
Phe TTT   3   3   3   3   3   3 | Ser TCT   2   2   2   2   2   2 | Tyr TAT   3   2   2   2   2   2 | Cys TGT   0   0   0   0   0   0
    TTC   2   2   2   2   2   2 |     TCC   1   1   1   1   1   1 |     TAC   1   2   2   2   2   2 |     TGC   1   1   1   1   1   1
Leu TTA   1   1   1   1   1   1 |     TCA   1   1   1   1   1   1 | *** TAA   0   0   0   0   0   0 | *** TGA   0   0   0   0   0   0
    TTG   2   2   2   2   2   2 |     TCG   0   0   0   0   0   0 |     TAG   0   0   0   0   0   0 | Trp TGG   3   3   3   3   3   3
--------------------------------------------------------------------------------------------------------------------------------------
Leu CTT   0   0   0   0   0   0 | Pro CCT   2   2   2   2   2   2 | His CAT   1   1   1   1   1   1 | Arg CGT   2   2   2   2   2   2
    CTC   1   1   1   1   1   1 |     CCC   3   3   3   3   3   3 |     CAC   2   2   2   2   2   2 |     CGC   0   0   0   0   0   0
    CTA   1   2   2   2   2   2 |     CCA   1   1   1   1   1   1 | Gln CAA   1   1   1   1   1   1 |     CGA   1   1   1   1   1   1
    CTG   4   3   3   3   3   3 |     CCG   1   1   1   1   1   1 |     CAG   3   3   3   3   3   3 |     CGG   0   0   0   0   0   0
--------------------------------------------------------------------------------------------------------------------------------------
Ile ATT   0   0   0   0   0   0 | Thr ACT   0   0   0   0   0   0 | Asn AAT   1   1   1   1   1   1 | Ser AGT   0   0   0   1   0   0
    ATC   1   1   1   1   1   1 |     ACC   2   2   2   2   2   2 |     AAC   1   1   1   1   1   1 |     AGC   1   1   1   0   1   1
    ATA   2   2   2   2   2   2 |     ACA   1   1   1   1   1   1 | Lys AAA   1   1   1   1   1   1 | Arg AGA   2   2   2   2   2   2
Met ATG   1   1   1   1   1   1 |     ACG   1   1   1   1   1   1 |     AAG   0   0   0   0   0   0 |     AGG   0   0   0   0   0   0
--------------------------------------------------------------------------------------------------------------------------------------
Val GTT   2   2   2   2   2   2 | Ala GCT   1   1   1   1   1   1 | Asp GAT   1   1   1   1   1   1 | Gly GGT   3   3   3   3   3   3
    GTC   1   1   1   1   1   1 |     GCC   0   0   0   0   0   0 |     GAC   0   0   0   0   0   0 |     GGC   1   1   1   1   1   1
    GTA   0   0   0   0   0   0 |     GCA   0   0   0   0   0   0 | Glu GAA   5   5   5   5   5   5 |     GGA   3   3   3   2   3   3
    GTG   1   1   1   1   1   1 |     GCG   0   0   0   0   0   0 |     GAG   3   3   3   3   3   3 |     GGG   0   0   0   1   0   0
--------------------------------------------------------------------------------------------------------------------------------------

Codon position x base (3x4) table for each sequence.

#1: Argali         
position  1:    T:0.25641    C:0.29487    A:0.17949    G:0.26923
position  2:    T:0.28205    C:0.20513    A:0.29487    G:0.21795
position  3:    T:0.25641    C:0.24359    A:0.28205    G:0.21795
Average         T:0.26496    C:0.24786    A:0.25214    G:0.23504

#2: LesserMouseDeer
position  1:    T:0.24359    C:0.32051    A:0.16667    G:0.26923
position  2:    T:0.28205    C:0.20513    A:0.29487    G:0.21795
position  3:    T:0.21795    C:0.26923    A:0.23077    G:0.28205
Average         T:0.24786    C:0.26496    A:0.23077    G:0.25641

#3: LesserKudu     
position  1:    T:0.25641    C:0.29487    A:0.17949    G:0.26923
position  2:    T:0.28205    C:0.20513    A:0.29487    G:0.21795
position  3:    T:0.26923    C:0.23077    A:0.26923    G:0.23077
Average         T:0.26923    C:0.24359    A:0.24786    G:0.23932

#4: ForestMuskDeer2
position  1:    T:0.25641    C:0.29487    A:0.17949    G:0.26923
position  2:    T:0.28205    C:0.20513    A:0.29487    G:0.21795
position  3:    T:0.26923    C:0.23077    A:0.25641    G:0.24359
Average         T:0.26923    C:0.24359    A:0.24359    G:0.24359

#5: Camel          
position  1:    T:0.24359    C:0.30769    A:0.16667    G:0.28205
position  2:    T:0.28205    C:0.20513    A:0.29487    G:0.21795
position  3:    T:0.15385    C:0.32051    A:0.17949    G:0.34615
Average         T:0.22650    C:0.27778    A:0.21368    G:0.28205

#6: KillerWhale    
position  1:    T:0.24359    C:0.30769    A:0.17949    G:0.26923
position  2:    T:0.28205    C:0.20513    A:0.29487    G:0.21795
position  3:    T:0.30769    C:0.21795    A:0.26923    G:0.20513
Average         T:0.27778    C:0.24359    A:0.24786    G:0.23077

#7: DefassaWaterbuck
position  1:    T:0.25641    C:0.29487    A:0.17949    G:0.26923
position  2:    T:0.28205    C:0.20513    A:0.29487    G:0.21795
position  3:    T:0.26923    C:0.23077    A:0.28205    G:0.21795
Average         T:0.26923    C:0.24359    A:0.25214    G:0.23504

#8: Sheep          
position  1:    T:0.25641    C:0.29487    A:0.17949    G:0.26923
position  2:    T:0.28205    C:0.20513    A:0.29487    G:0.21795
position  3:    T:0.25641    C:0.24359    A:0.28205    G:0.21795
Average         T:0.26496    C:0.24786    A:0.25214    G:0.23504

#9: MaxwellsDuiker 
position  1:    T:0.25641    C:0.29487    A:0.17949    G:0.26923
position  2:    T:0.28205    C:0.20513    A:0.29487    G:0.21795
position  3:    T:0.25641    C:0.24359    A:0.26923    G:0.23077
Average         T:0.26496    C:0.24786    A:0.24786    G:0.23932

#10: GazellaPrzewalskyi
position  1:    T:0.25641    C:0.29487    A:0.17949    G:0.26923
position  2:    T:0.28205    C:0.20513    A:0.29487    G:0.21795
position  3:    T:0.24359    C:0.25641    A:0.28205    G:0.21795
Average         T:0.26068    C:0.25214    A:0.25214    G:0.23504

#11: MountainNyala  
position  1:    T:0.25641    C:0.29487    A:0.17949    G:0.26923
position  2:    T:0.28205    C:0.20513    A:0.29487    G:0.21795
position  3:    T:0.25641    C:0.24359    A:0.26923    G:0.23077
Average         T:0.26496    C:0.24786    A:0.24786    G:0.23932

#12: MuntiacusMuntjak
position  1:    T:0.25641    C:0.29487    A:0.17949    G:0.26923
position  2:    T:0.28205    C:0.20513    A:0.29487    G:0.21795
position  3:    T:0.28205    C:0.20513    A:0.28205    G:0.23077
Average         T:0.27350    C:0.23504    A:0.25214    G:0.23932

#13: goat           
position  1:    T:0.25641    C:0.29487    A:0.17949    G:0.26923
position  2:    T:0.28205    C:0.20513    A:0.29487    G:0.21795
position  3:    T:0.24359    C:0.25641    A:0.28205    G:0.21795
Average         T:0.26068    C:0.25214    A:0.25214    G:0.23504

#14: AfricanBuffalo 
position  1:    T:0.25641    C:0.29487    A:0.17949    G:0.26923
position  2:    T:0.28205    C:0.20513    A:0.29487    G:0.21795
position  3:    T:0.25641    C:0.24359    A:0.26923    G:0.23077
Average         T:0.26496    C:0.24786    A:0.24786    G:0.23932

#15: Topi           
position  1:    T:0.25641    C:0.29487    A:0.17949    G:0.26923
position  2:    T:0.28205    C:0.20513    A:0.29487    G:0.21795
position  3:    T:0.23077    C:0.28205    A:0.24359    G:0.24359
Average         T:0.25641    C:0.26068    A:0.23932    G:0.24359

#16: CommonDuiker   
position  1:    T:0.25641    C:0.29487    A:0.17949    G:0.26923
position  2:    T:0.28205    C:0.20513    A:0.29487    G:0.21795
position  3:    T:0.25641    C:0.24359    A:0.29487    G:0.20513
Average         T:0.26496    C:0.24786    A:0.25641    G:0.23077

#17: Suni           
position  1:    T:0.25641    C:0.29487    A:0.17949    G:0.26923
position  2:    T:0.28205    C:0.20513    A:0.29487    G:0.21795
position  3:    T:0.25641    C:0.24359    A:0.28205    G:0.21795
Average         T:0.26496    C:0.24786    A:0.25214    G:0.23504

#18: Springbuck     
position  1:    T:0.25641    C:0.29487    A:0.17949    G:0.26923
position  2:    T:0.28205    C:0.20513    A:0.29487    G:0.21795
position  3:    T:0.25641    C:0.24359    A:0.25641    G:0.24359
Average         T:0.26496    C:0.24786    A:0.24359    G:0.24359

#19: Okapi          
position  1:    T:0.24359    C:0.30769    A:0.17949    G:0.26923
position  2:    T:0.28205    C:0.20513    A:0.29487    G:0.21795
position  3:    T:0.26923    C:0.23077    A:0.26923    G:0.23077
Average         T:0.26496    C:0.24786    A:0.24786    G:0.23932

#20: Giraffe        
position  1:    T:0.24359    C:0.29487    A:0.19231    G:0.26923
position  2:    T:0.28205    C:0.20513    A:0.29487    G:0.21795
position  3:    T:0.26923    C:0.23077    A:0.26923    G:0.23077
Average         T:0.26496    C:0.24359    A:0.25214    G:0.23932

#21: TibetanAntelope
position  1:    T:0.25641    C:0.29487    A:0.17949    G:0.26923
position  2:    T:0.28205    C:0.20513    A:0.29487    G:0.21795
position  3:    T:0.25641    C:0.24359    A:0.28205    G:0.21795
Average         T:0.26496    C:0.24786    A:0.25214    G:0.23504

#22: Sitatunga      
position  1:    T:0.25641    C:0.29487    A:0.17949    G:0.26923
position  2:    T:0.28205    C:0.20513    A:0.29487    G:0.21795
position  3:    T:0.25641    C:0.24359    A:0.26923    G:0.23077
Average         T:0.26496    C:0.24786    A:0.24786    G:0.23932

#23: Oribi          
position  1:    T:0.26923    C:0.28205    A:0.17949    G:0.26923
position  2:    T:0.28205    C:0.20513    A:0.29487    G:0.21795
position  3:    T:0.25641    C:0.24359    A:0.26923    G:0.23077
Average         T:0.26923    C:0.24359    A:0.24786    G:0.23932

#24: BarbarySheep   
position  1:    T:0.25641    C:0.29487    A:0.17949    G:0.26923
position  2:    T:0.28205    C:0.20513    A:0.29487    G:0.21795
position  3:    T:0.25641    C:0.24359    A:0.28205    G:0.21795
Average         T:0.26496    C:0.24786    A:0.25214    G:0.23504

#25: Daviddeer      
position  1:    T:0.25641    C:0.29487    A:0.17949    G:0.26923
position  2:    T:0.28205    C:0.20513    A:0.29487    G:0.21795
position  3:    T:0.26923    C:0.23077    A:0.26923    G:0.23077
Average         T:0.26923    C:0.24359    A:0.24786    G:0.23932

#26: Reindeer       
position  1:    T:0.25641    C:0.29487    A:0.17949    G:0.26923
position  2:    T:0.28205    C:0.20513    A:0.29487    G:0.21795
position  3:    T:0.26923    C:0.23077    A:0.26923    G:0.23077
Average         T:0.26923    C:0.24359    A:0.24786    G:0.23932

#27: Ibex           
position  1:    T:0.25641    C:0.29487    A:0.17949    G:0.26923
position  2:    T:0.28205    C:0.20513    A:0.29487    G:0.21795
position  3:    T:0.24359    C:0.25641    A:0.28205    G:0.21795
Average         T:0.26068    C:0.25214    A:0.25214    G:0.23504

#28: GyrantGazelle  
position  1:    T:0.25641    C:0.29487    A:0.17949    G:0.26923
position  2:    T:0.28205    C:0.20513    A:0.29487    G:0.21795
position  3:    T:0.25641    C:0.24359    A:0.26923    G:0.23077
Average         T:0.26496    C:0.24786    A:0.24786    G:0.23932

#29: Hartebeest     
position  1:    T:0.25641    C:0.29487    A:0.17949    G:0.26923
position  2:    T:0.28205    C:0.20513    A:0.29487    G:0.21795
position  3:    T:0.25641    C:0.25641    A:0.23077    G:0.25641
Average         T:0.26496    C:0.25214    A:0.23504    G:0.24786

#30: Bongo          
position  1:    T:0.25641    C:0.29487    A:0.17949    G:0.26923
position  2:    T:0.28205    C:0.20513    A:0.29487    G:0.21795
position  3:    T:0.25641    C:0.24359    A:0.26923    G:0.23077
Average         T:0.26496    C:0.24786    A:0.24786    G:0.23932

#31: Gerenuk        
position  1:    T:0.25641    C:0.29487    A:0.17949    G:0.26923
position  2:    T:0.28205    C:0.20513    A:0.29487    G:0.21795
position  3:    T:0.24359    C:0.25641    A:0.26923    G:0.23077
Average         T:0.26068    C:0.25214    A:0.24786    G:0.23932

#32: CommonEland    
position  1:    T:0.25641    C:0.29487    A:0.17949    G:0.26923
position  2:    T:0.28205    C:0.20513    A:0.29487    G:0.21795
position  3:    T:0.25641    C:0.24359    A:0.26923    G:0.23077
Average         T:0.26496    C:0.24786    A:0.24786    G:0.23932

#33: MuntiacusReevesi
position  1:    T:0.25641    C:0.29487    A:0.17949    G:0.26923
position  2:    T:0.28205    C:0.20513    A:0.29487    G:0.21795
position  3:    T:0.28205    C:0.20513    A:0.28205    G:0.23077
Average         T:0.27350    C:0.23504    A:0.25214    G:0.23932

#34: HarveysDuiker  
position  1:    T:0.25641    C:0.29487    A:0.17949    G:0.26923
position  2:    T:0.28205    C:0.20513    A:0.29487    G:0.21795
position  3:    T:0.25641    C:0.24359    A:0.28205    G:0.21795
Average         T:0.26496    C:0.24786    A:0.25214    G:0.23504

#35: Pronghorn      
position  1:    T:0.24359    C:0.30769    A:0.17949    G:0.26923
position  2:    T:0.28205    C:0.20513    A:0.29487    G:0.21795
position  3:    T:0.28205    C:0.20513    A:0.25641    G:0.25641
Average         T:0.26923    C:0.23932    A:0.24359    G:0.24786

#36: BlueWildebeest 
position  1:    T:0.25641    C:0.29487    A:0.17949    G:0.26923
position  2:    T:0.28205    C:0.20513    A:0.29487    G:0.21795
position  3:    T:0.25641    C:0.25641    A:0.23077    G:0.25641
Average         T:0.26496    C:0.25214    A:0.23504    G:0.24786

#37: Gemsbok        
position  1:    T:0.25641    C:0.29487    A:0.17949    G:0.26923
position  2:    T:0.28205    C:0.20513    A:0.29487    G:0.21795
position  3:    T:0.26923    C:0.23077    A:0.26923    G:0.23077
Average         T:0.26923    C:0.24359    A:0.24786    G:0.23932

#38: Yak            
position  1:    T:0.25641    C:0.29487    A:0.17949    G:0.26923
position  2:    T:0.28205    C:0.20513    A:0.29487    G:0.21795
position  3:    T:0.25641    C:0.24359    A:0.28205    G:0.21795
Average         T:0.26496    C:0.24786    A:0.25214    G:0.23504

#39: BlueSheep      
position  1:    T:0.25641    C:0.29487    A:0.17949    G:0.26923
position  2:    T:0.28205    C:0.20513    A:0.29487    G:0.21795
position  3:    T:0.24359    C:0.25641    A:0.28205    G:0.21795
Average         T:0.26068    C:0.25214    A:0.25214    G:0.23504

#40: BohorReedbuck  
position  1:    T:0.25641    C:0.29487    A:0.17949    G:0.26923
position  2:    T:0.28205    C:0.20513    A:0.29487    G:0.21795
position  3:    T:0.26923    C:0.23077    A:0.26923    G:0.23077
Average         T:0.26923    C:0.24359    A:0.24786    G:0.23932

#41: KirksDik       
position  1:    T:0.25641    C:0.29487    A:0.17949    G:0.26923
position  2:    T:0.28205    C:0.20513    A:0.29487    G:0.21795
position  3:    T:0.28205    C:0.21795    A:0.26923    G:0.23077
Average         T:0.27350    C:0.23932    A:0.24786    G:0.23932

#42: RoeDeer        
position  1:    T:0.25641    C:0.29487    A:0.17949    G:0.26923
position  2:    T:0.28205    C:0.20513    A:0.29487    G:0.21795
position  3:    T:0.26923    C:0.23077    A:0.26923    G:0.23077
Average         T:0.26923    C:0.24359    A:0.24786    G:0.23932

#43: WhiteLippedDeer
position  1:    T:0.25641    C:0.29487    A:0.17949    G:0.26923
position  2:    T:0.28205    C:0.20513    A:0.29487    G:0.21795
position  3:    T:0.28205    C:0.21795    A:0.26923    G:0.23077
Average         T:0.27350    C:0.23932    A:0.24786    G:0.23932

#44: ThomsonGazelle 
position  1:    T:0.25641    C:0.29487    A:0.17949    G:0.26923
position  2:    T:0.28205    C:0.20513    A:0.29487    G:0.21795
position  3:    T:0.25641    C:0.24359    A:0.26923    G:0.23077
Average         T:0.26496    C:0.24786    A:0.24786    G:0.23932

#45: MuntiacusCrinifrons
position  1:    T:0.25641    C:0.29487    A:0.17949    G:0.26923
position  2:    T:0.28205    C:0.20513    A:0.29487    G:0.21795
position  3:    T:0.29487    C:0.19231    A:0.28205    G:0.23077
Average         T:0.27778    C:0.23077    A:0.25214    G:0.23932

#46: WhiteTailedDeer
position  1:    T:0.25641    C:0.29487    A:0.17949    G:0.26923
position  2:    T:0.28205    C:0.20513    A:0.29487    G:0.21795
position  3:    T:0.25641    C:0.24359    A:0.26923    G:0.23077
Average         T:0.26496    C:0.24786    A:0.24786    G:0.23932

#47: Cattle         
position  1:    T:0.25641    C:0.29487    A:0.17949    G:0.26923
position  2:    T:0.28205    C:0.20513    A:0.29487    G:0.21795
position  3:    T:0.25641    C:0.24359    A:0.28205    G:0.21795
Average         T:0.26496    C:0.24786    A:0.25214    G:0.23504

#48: RoyalAntelope  
position  1:    T:0.25641    C:0.29487    A:0.17949    G:0.26923
position  2:    T:0.28205    C:0.20513    A:0.29487    G:0.21795
position  3:    T:0.24359    C:0.24359    A:0.28205    G:0.23077
Average         T:0.26068    C:0.24786    A:0.25214    G:0.23932

#49: Steenbok       
position  1:    T:0.25641    C:0.29487    A:0.17949    G:0.26923
position  2:    T:0.28205    C:0.20513    A:0.29487    G:0.21795
position  3:    T:0.26923    C:0.23077    A:0.25641    G:0.24359
Average         T:0.26923    C:0.24359    A:0.24359    G:0.24359

#50: Impala         
position  1:    T:0.25641    C:0.29487    A:0.17949    G:0.26923
position  2:    T:0.28205    C:0.20513    A:0.29487    G:0.21795
position  3:    T:0.25641    C:0.24359    A:0.26923    G:0.23077
Average         T:0.26496    C:0.24786    A:0.24786    G:0.23932

#51: Klipspringer   
position  1:    T:0.25641    C:0.29487    A:0.17949    G:0.26923
position  2:    T:0.28205    C:0.20513    A:0.29487    G:0.21795
