CODONML (in paml version 4.10.7, June 2023)  /home/rachel/ruminants_paml/6406-phy-tree/ENSBTAT00000010260.fasta.phy
Model: free dN/dS Ratios for branches,  kappa = 2.000 fixed

Codon frequency model: F3x4
ns =  54  ls =  28

Codon usage in sequences
--------------------------------------------------------------------------------------------------------------------------------------
Phe TTT   0   0   0   0   0   1 | Ser TCT   0   0   0   0   0   0 | Tyr TAT   0   0   0   0   0   0 | Cys TGT   0   0   0   0   0   0
    TTC   2   2   2   2   2   1 |     TCC   0   0   0   0   0   0 |     TAC   1   1   1   1   2   1 |     TGC   0   0   0   0   0   0
Leu TTA   0   0   0   0   0   0 |     TCA   1   1   1   1   1   1 | *** TAA   0   0   0   0   0   0 | *** TGA   0   0   0   0   0   0
    TTG   0   0   0   0   0   1 |     TCG   0   0   0   0   0   0 |     TAG   0   0   0   0   0   0 | Trp TGG   0   0   0   0   0   0
--------------------------------------------------------------------------------------------------------------------------------------
Leu CTT   2   2   2   2   2   2 | Pro CCT   0   0   0   0   0   0 | His CAT   1   0   0   0   0   0 | Arg CGT   0   0   0   0   0   0
    CTC   1   1   1   1   0   3 |     CCC   1   1   1   1   1   1 |     CAC   0   1   1   1   1   1 |     CGC   0   0   0   0   0   0
    CTA   0   0   0   0   0   0 |     CCA   1   0   1   1   1   0 | Gln CAA   0   0   0   0   0   0 |     CGA   0   0   0   0   0   0
    CTG   1   2   1   2   1   0 |     CCG   0   1   0   0   0   1 |     CAG   1   0   1   0   1   1 |     CGG   0   0   0   0   0   0
--------------------------------------------------------------------------------------------------------------------------------------
Ile ATT   0   0   0   0   1   0 | Thr ACT   0   0   0   0   1   0 | Asn AAT   1   1   1   0   1   1 | Ser AGT   0   0   0   0   0   0
    ATC   1   1   1   1   1   1 |     ACC   0   0   0   0   0   0 |     AAC   0   0   0   1   0   0 |     AGC   0   0   0   0   0   0
    ATA   0   0   0   0   0   0 |     ACA   0   0   0   0   0   0 | Lys AAA   0   0   0   0   0   0 | Arg AGA   2   1   2   2   1   2
Met ATG   0   0   0   1   0   0 |     ACG   1   1   1   0   1   1 |     AAG   1   1   1   1   1   1 |     AGG   0   1   0   0   1   0
--------------------------------------------------------------------------------------------------------------------------------------
Val GTT   1   1   1   1   0   0 | Ala GCT   0   1   0   0   0   1 | Asp GAT   0   0   0   0   0   1 | Gly GGT   0   0   0   0   0   0
    GTC   0   0   0   0   0   0 |     GCC   2   1   2   1   1   1 |     GAC   2   1   2   2   1   0 |     GGC   0   1   0   1   1   1
    GTA   0   0   0   0   0   0 |     GCA   0   0   0   0   0   0 | Glu GAA   1   1   1   1   1   1 |     GGA   0   0   0   0   0   0
    GTG   1   1   1   1   1   1 |     GCG   0   0   0   0   0   0 |     GAG   3   3   3   3   3   2 |     GGG   0   0   0   0   0   0
--------------------------------------------------------------------------------------------------------------------------------------

--------------------------------------------------------------------------------------------------------------------------------------
Phe TTT   0   0   0   0   0   0 | Ser TCT   0   0   0   0   0   0 | Tyr TAT   0   0   0   0   0   0 | Cys TGT   0   0   0   0   0   0
    TTC   2   2   2   2   2   2 |     TCC   0   0   0   0   0   0 |     TAC   1   1   1   1   1   1 |     TGC   0   0   0   0   0   0
Leu TTA   0   0   0   0   0   0 |     TCA   1   1   1   1   1   1 | *** TAA   0   0   0   0   0   0 | *** TGA   0   0   0   0   0   0
    TTG   0   0   0   0   0   0 |     TCG   0   0   0   0   0   0 |     TAG   0   0   0   0   0   0 | Trp TGG   0   0   0   0   0   0
--------------------------------------------------------------------------------------------------------------------------------------
Leu CTT   2   2   2   2   2   2 | Pro CCT   0   0   0   0   0   0 | His CAT   1   1   0   0   0   0 | Arg CGT   0   0   0   0   0   0
    CTC   1   1   1   1   1   1 |     CCC   1   1   1   1   1   1 |     CAC   0   0   1   1   1   1 |     CGC   0   0   0   0   0   0
    CTA   0   0   0   0   0   0 |     CCA   1   1   1   1   1   1 | Gln CAA   0   0   0   0   0   0 |     CGA   0   0   0   0   0   0
    CTG   1   1   1   1   1   1 |     CCG   0   0   0   0   0   0 |     CAG   1   1   1   1   1   1 |     CGG   0   0   0   0   0   0
--------------------------------------------------------------------------------------------------------------------------------------
Ile ATT   0   0   0   0   0   0 | Thr ACT   0   0   0   0   0   0 | Asn AAT   1   1   1   1   1   1 | Ser AGT   0   0   0   0   0   0
    ATC   1   1   1   1   1   1 |     ACC   0   0   0   0   0   0 |     AAC   0   0   0   0   0   0 |     AGC   0   0   0   0   0   0
    ATA   0   0   0   0   0   0 |     ACA   0   0   1   0   0   0 | Lys AAA   0   0   0   0   0   0 | Arg AGA   2   2   2   1   2   2
Met ATG   0   0   0   0   0   0 |     ACG   1   1   0   1   1   1 |     AAG   1   1   1   1   1   1 |     AGG   0   0   0   1   0   0
--------------------------------------------------------------------------------------------------------------------------------------
Val GTT   1   1   0   1   1   1 | Ala GCT   0   0   0   0   0   0 | Asp GAT   0   0   0   0   1   0 | Gly GGT   0   0   0   0   0   0
    GTC   0   0   1   0   0   0 |     GCC   2   2   2   2   2   2 |     GAC   2   2   2   2   1   2 |     GGC   0   0   0   0   0   0
    GTA   0   0   0   0   0   0 |     GCA   0   0   0   0   0   0 | Glu GAA   1   1   1   1   1   1 |     GGA   0   0   0   0   0   0
    GTG   1   1   1   1   1   1 |     GCG   0   0   0   0   0   0 |     GAG   3   3   3   3   3   3 |     GGG   0   0   0   0   0   0
--------------------------------------------------------------------------------------------------------------------------------------

--------------------------------------------------------------------------------------------------------------------------------------
Phe TTT   0   0   0   0   0   0 | Ser TCT   0   0   0   0   0   0 | Tyr TAT   0   0   0   0   0   0 | Cys TGT   0   0   0   0   0   0
    TTC   2   2   2   2   2   2 |     TCC   0   0   0   0   0   0 |     TAC   1   1   1   1   1   1 |     TGC   0   0   0   0   0   0
Leu TTA   0   0   0   0   0   0 |     TCA   1   1   1   1   1   1 | *** TAA   0   0   0   0   0   0 | *** TGA   0   0   0   0   0   0
    TTG   0   0   0   0   0   0 |     TCG   0   0   0   0   0   0 |     TAG   0   0   0   0   0   0 | Trp TGG   0   0   0   0   0   0
--------------------------------------------------------------------------------------------------------------------------------------
Leu CTT   2   2   2   2   2   2 | Pro CCT   0   0   0   0   0   0 | His CAT   0   0   0   0   1   0 | Arg CGT   0   0   0   0   0   0
    CTC   1   1   1   1   1   1 |     CCC   1   1   1   1   1   1 |     CAC   1   1   1   1   0   1 |     CGC   0   0   0   0   0   0
    CTA   0   0   0   0   0   0 |     CCA   1   1   1   1   1   1 | Gln CAA   0   0   0   0   0   0 |     CGA   0   0   0   0   0   0
    CTG   1   1   1   1   2   1 |     CCG   0   0   0   0   0   0 |     CAG   1   1   1   1   0   1 |     CGG   0   0   0   0   0   0
--------------------------------------------------------------------------------------------------------------------------------------
Ile ATT   0   0   0   0   0   0 | Thr ACT   0   0   0   0   0   0 | Asn AAT   1   1   1   1   1   1 | Ser AGT   0   0   0   0   0   0
    ATC   1   1   1   1   1   1 |     ACC   0   0   0   0   0   0 |     AAC   0   0   0   0   0   0 |     AGC   0   0   0   0   0   0
    ATA   0   0   0   0   0   0 |     ACA   0   0   0   0   0   0 | Lys AAA   0   0   0   0   0   0 | Arg AGA   2   2   2   2   2   2
Met ATG   0   0   1   0   0   0 |     ACG   1   1   0   1   1   1 |     AAG   1   1   1   1   1   1 |     AGG   0   0   0   0   0   0
--------------------------------------------------------------------------------------------------------------------------------------
Val GTT   1   1   1   0   1   1 | Ala GCT   0   0   0   0   0   0 | Asp GAT   0   0   0   0   0   0 | Gly GGT   0   0   0   0   0   0
    GTC   0   0   0   1   0   0 |     GCC   2   2   2   2   2   2 |     GAC   2   2   2   2   2   2 |     GGC   0   0   0   0   0   0
    GTA   0   0   0   0   0   0 |     GCA   0   0   0   0   0   0 | Glu GAA   1   1   1   1   1   1 |     GGA   0   0   0   0   0   0
    GTG   1   1   1   1   1   1 |     GCG   0   0   0   0   0   0 |     GAG   3   3   3   3   3   3 |     GGG   0   0   0   0   0   0
--------------------------------------------------------------------------------------------------------------------------------------

--------------------------------------------------------------------------------------------------------------------------------------
Phe TTT   0   0   0   0   0   0 | Ser TCT   0   0   0   0   0   0 | Tyr TAT   0   0   0   0   0   0 | Cys TGT   0   0   0   0   0   0
    TTC   2   2   2   2   2   2 |     TCC   0   0   0   0   0   0 |     TAC   1   1   1   1   1   1 |     TGC   0   0   0   0   0   0
Leu TTA   0   0   0   0   0   0 |     TCA   1   1   1   1   1   1 | *** TAA   0   0   0   0   0   0 | *** TGA   0   0   0   0   0   0
    TTG   0   0   0   0   0   0 |     TCG   0   0   0   0   0   0 |     TAG   0   0   0   0   0   0 | Trp TGG   0   0   0   0   0   0
--------------------------------------------------------------------------------------------------------------------------------------
Leu CTT   2   2   2   2   2   2 | Pro CCT   0   0   0   0   0   0 | His CAT   0   0   0   0   0   1 | Arg CGT   0   0   0   0   0   0
    CTC   1   1   1   1   1   1 |     CCC   1   1   1   1   1   1 |     CAC   1   1   1   1   1   0 |     CGC   0   0   0   0   0   0
    CTA   0   0   0   0   0   0 |     CCA   1   1   1   1   1   1 | Gln CAA   0   0   0   0   0   0 |     CGA   0   0   0   0   0   0
    CTG   1   1   1   1   1   1 |     CCG   0   0   0   0   0   0 |     CAG   1   1   1   1   1   1 |     CGG   0   0   0   0   0   0
--------------------------------------------------------------------------------------------------------------------------------------
Ile ATT   0   0   0   0   0   0 | Thr ACT   0   0   0   0   0   0 | Asn AAT   1   1   1   1   1   1 | Ser AGT   0   0   0   0   0   0
    ATC   1   1   1   1   1   1 |     ACC   0   0   0   0   0   0 |     AAC   0   0   0   0   0   0 |     AGC   0   0   0   0   0   0
    ATA   0   0   0   0   0   0 |     ACA   0   0   0   0   0   0 | Lys AAA   0   0   0   0   0   0 | Arg AGA   2   2   2   2   2   2
Met ATG   0   0   0   0   0   0 |     ACG   1   1   1   1   1   1 |     AAG   1   1   1   1   1   1 |     AGG   0   0   0   0   0   0
--------------------------------------------------------------------------------------------------------------------------------------
Val GTT   1   1   1   1   1   1 | Ala GCT   1   1   0   0   0   0 | Asp GAT   0   0   0   0   0   0 | Gly GGT   0   0   0   0   0   0
    GTC   0   0   0   0   0   0 |     GCC   1   1   2   2   2   2 |     GAC   2   2   2   2   2   2 |     GGC   0   0   0   0   0   0
    GTA   0   0   0   0   0   0 |     GCA   0   0   0   0   0   0 | Glu GAA   1   1   1   1   1   1 |     GGA   0   0   0   0   0   0
    GTG   1   1   1   1   1   1 |     GCG   0   0   0   0   0   0 |     GAG   3   3   3   3   3   3 |     GGG   0   0   0   0   0   0
--------------------------------------------------------------------------------------------------------------------------------------

--------------------------------------------------------------------------------------------------------------------------------------
Phe TTT   0   0   0   0   0   0 | Ser TCT   0   0   0   0   0   0 | Tyr TAT   0   0   0   0   0   0 | Cys TGT   0   0   0   0   0   0
    TTC   2   2   2   2   2   2 |     TCC   0   0   0   0   0   0 |     TAC   1   1   1   1   1   1 |     TGC   0   0   0   0   0   0
Leu TTA   0   0   0   0   0   0 |     TCA   1   1   1   1   1   1 | *** TAA   0   0   0   0   0   0 | *** TGA   0   0   0   0   0   0
    TTG   0   0   0   0   0   0 |     TCG   0   0   0   0   0   0 |     TAG   0   0   0   0   0   0 | Trp TGG   0   0   0   0   0   0
--------------------------------------------------------------------------------------------------------------------------------------
Leu CTT   2   2   2   2   2   2 | Pro CCT   0   0   0   0   0   0 | His CAT   0   0   0   0   0   0 | Arg CGT   0   0   0   0   0   0
    CTC   1   1   1   1   1   1 |     CCC   1   1   1   1   1   1 |     CAC   1   1   1   1   1   1 |     CGC   0   0   0   0   0   0
    CTA   0   0   0   0   0   0 |     CCA   1   1   1   1   1   1 | Gln CAA   0   0   0   0   0   0 |     CGA   0   0   0   0   0   0
    CTG   1   1   1   1   1   1 |     CCG   0   0   0   0   0   0 |     CAG   1   1   1   1   1   1 |     CGG   0   0   0   0   0   0
--------------------------------------------------------------------------------------------------------------------------------------
Ile ATT   0   0   0   0   0   0 | Thr ACT   0   0   0   0   0   0 | Asn AAT   1   1   1   1   1   1 | Ser AGT   0   0   0   0   0   0
    ATC   1   1   1   1   1   1 |     ACC   0   0   0   0   0   0 |     AAC   0   0   0   0   0   0 |     AGC   0   0   0   0   0   0
    ATA   0   0   0   0   0   0 |     ACA   0   0   0   0   0   0 | Lys AAA   0   0   0   0   0   0 | Arg AGA   2   2   2   2   2   2
Met ATG   0   0   0   0   1   0 |     ACG   1   1   1   1   0   1 |     AAG   1   1   1   1   1   1 |     AGG   0   0   0   0   0   0
--------------------------------------------------------------------------------------------------------------------------------------
Val GTT   1   1   1   1   1   1 | Ala GCT   0   0   0   0   0   0 | Asp GAT   0   0   0   0   0   0 | Gly GGT   0   0   0   0   0   0
    GTC   0   0   0   0   0   0 |     GCC   2   2   2   2   2   2 |     GAC   2   2   2   2   2   2 |     GGC   0   0   0   0   0   0
    GTA   0   0   0   0   0   0 |     GCA   0   0   0   0   0   0 | Glu GAA   1   1   1   1   1   1 |     GGA   0   0   0   0   0   0
    GTG   1   1   1   1   1   1 |     GCG   0   0   0   0   0   0 |     GAG   3   3   3   3   3   3 |     GGG   0   0   0   0   0   0
--------------------------------------------------------------------------------------------------------------------------------------

--------------------------------------------------------------------------------------------------------------------------------------
Phe TTT   0   0   0   0   0   0 | Ser TCT   0   0   0   0   0   0 | Tyr TAT   0   0   0   0   0   0 | Cys TGT   0   0   0   0   0   0
    TTC   2   2   2   2   2   2 |     TCC   0   0   0   0   0   0 |     TAC   1   1   1   1   1   1 |     TGC   0   0   0   0   0   0
Leu TTA   0   0   0   0   0   0 |     TCA   1   1   1   1   1   1 | *** TAA   0   0   0   0   0   0 | *** TGA   0   0   0   0   0   0
    TTG   0   0   0   0   0   0 |     TCG   0   0   0   0   0   0 |     TAG   0   0   0   0   0   0 | Trp TGG   0   0   0   0   0   0
--------------------------------------------------------------------------------------------------------------------------------------
Leu CTT   2   2   1   2   2   2 | Pro CCT   0   0   0   0   1   0 | His CAT   0   0   0   0   0   0 | Arg CGT   0   0   0   0   0   0
    CTC   1   1   1   1   1   1 |     CCC   1   1   1   1   0   1 |     CAC   1   1   1   1   1   1 |     CGC   0   0   0   0   0   0
    CTA   0   0   0   0   1   0 |     CCA   1   1   1   1   1   1 | Gln CAA   0   0   0   0   0   0 |     CGA   0   0   0   0   0   0
    CTG   1   1   1   1   0   1 |     CCG   0   0   0   0   0   0 |     CAG   1   1   1   1   1   1 |     CGG   0   0   0   0   0   0
--------------------------------------------------------------------------------------------------------------------------------------
Ile ATT   0   0   1   0   0   0 | Thr ACT   0   0   0   0   0   0 | Asn AAT   1   1   1   1   2   1 | Ser AGT   0   0   0   0   0   0
    ATC   1   1   1   1   1   1 |     ACC   0   0   0   0   0   0 |     AAC   0   0   0   0   0   0 |     AGC   0   0   0   0   0   0
    ATA   0   0   0   0   0   0 |     ACA   0   1   0   0   1   0 | Lys AAA   0   0   0   0   0   0 | Arg AGA   2   2   2   2   2   2
Met ATG   0   0   0   0   0   1 |     ACG   1   0   1   1   0   0 |     AAG   1   1   1   1   0   1 |     AGG   0   0   0   0   0   0
--------------------------------------------------------------------------------------------------------------------------------------
Val GTT   1   1   1   0   0   1 | Ala GCT   0   0   0   0   0   0 | Asp GAT   0   0   0   0   0   0 | Gly GGT   0   0   0   0   0   0
    GTC   0   0   0   1   0   0 |     GCC   2   2   2   2   2   2 |     GAC   2   2   2   2   2   2 |     GGC   0   0   0   0   0   0
    GTA   0   0   0   0   1   0 |     GCA   0   0   0   0   0   0 | Glu GAA   1   1   1   1   1   1 |     GGA   0   0   0   0   0   0
    GTG   1   1   1   1   1   1 |     GCG   0   0   0   0   0   0 |     GAG   3   3   3   3   3   3 |     GGG   0   0   0   0   0   0
--------------------------------------------------------------------------------------------------------------------------------------

--------------------------------------------------------------------------------------------------------------------------------------
Phe TTT   0   0   0   0   0   0 | Ser TCT   0   1   0   0   0   0 | Tyr TAT   0   0   0   0   0   0 | Cys TGT   0   0   0   0   0   0
    TTC   2   2   2   2   2   2 |     TCC   0   0   0   0   0   0 |     TAC   1   1   1   1   1   1 |     TGC   0   0   0   0   0   0
Leu TTA   0   0   0   0   0   0 |     TCA   1   0   1   1   1   1 | *** TAA   0   0   0   0   0   0 | *** TGA   0   0   0   0   0   0
    TTG   0   0   0   0   0   0 |     TCG   0   0   0   0   0   0 |     TAG   0   0   0   0   0   0 | Trp TGG   0   0   0   0   0   0
--------------------------------------------------------------------------------------------------------------------------------------
Leu CTT   2   2   2   2   2   2 | Pro CCT   0   0   0   0   0   0 | His CAT   0   0   0   1   0   0 | Arg CGT   0   0   0   0   0   0
    CTC   1   1   1   1   1   1 |     CCC   1   1   1   1   1   1 |     CAC   1   1   1   0   1   1 |     CGC   0   0   0   0   0   0
    CTA   0   0   0   0   0   0 |     CCA   1   1   1   1   1   1 | Gln CAA   0   0   0   0   0   0 |     CGA   0   0   0   0   0   0
    CTG   1   2   1   1   1   1 |     CCG   0   0   0   0   0   0 |     CAG   1   0   1   1   1   1 |     CGG   0   0   0   0   0   0
--------------------------------------------------------------------------------------------------------------------------------------
Ile ATT   0   0   0   0   0   0 | Thr ACT   0   0   0   0   0   0 | Asn AAT   1   1   1   1   1   1 | Ser AGT   0   0   0   0   0   0
    ATC   1   1   1   1   1   1 |     ACC   0   0   0   0   0   0 |     AAC   0   0   0   0   0   0 |     AGC   0   0   0   0   0   0
    ATA   0   0   0   0   0   0 |     ACA   0   0   0   0   0   0 | Lys AAA   0   0   0   0   0   0 | Arg AGA   2   2   2   1   2   2
Met ATG   0   0   0   0   0   0 |     ACG   1   1   1   1   1   1 |     AAG   1   1   1   1   1   1 |     AGG   0   0   0   1   0   0
--------------------------------------------------------------------------------------------------------------------------------------
Val GTT   1   1   1   1   1   1 | Ala GCT   0   0   0   0   0   0 | Asp GAT   0   0   0   0   0   0 | Gly GGT   0   0   0   0   0   0
    GTC   0   0   0   0   0   0 |     GCC   2   2   2   2   2   2 |     GAC   2   2   2   2   2   2 |     GGC   0   0   0   0   0   0
    GTA   1   0   0   0   0   0 |     GCA   0   0   0   0   0   0 | Glu GAA   2   1   1   1   1   1 |     GGA   0   0   0   0   0   0
    GTG   0   1   1   1   1   1 |     GCG   0   0   0   0   0   0 |     GAG   2   3   3   3   3   3 |     GGG   0   0   0   0   0   0
--------------------------------------------------------------------------------------------------------------------------------------

--------------------------------------------------------------------------------------------------------------------------------------
Phe TTT   0   0   0   0   0   0 | Ser TCT   0   0   0   0   1   0 | Tyr TAT   0   0   0   0   0   0 | Cys TGT   0   0   0   0   0   0
    TTC   2   2   2   2   2   2 |     TCC   0   0   0   0   0   0 |     TAC   1   1   1   1   1   1 |     TGC   0   0   0   0   0   0
Leu TTA   0   0   0   0   0   0 |     TCA   1   1   1   1   0   1 | *** TAA   0   0   0   0   0   0 | *** TGA   0   0   0   0   0   0
    TTG   0   0   0   0   0   0 |     TCG   0   0   0   0   0   0 |     TAG   0   0   0   0   0   0 | Trp TGG   0   0   0   0   0   0
--------------------------------------------------------------------------------------------------------------------------------------
Leu CTT   2   2   2   2   2   2 | Pro CCT   0   0   0   0   0   0 | His CAT   0   0   0   1   0   0 | Arg CGT   0   0   0   0   0   0
    CTC   2   1   1   1   1   1 |     CCC   1   1   1   1   1   1 |     CAC   1   1   1   0   1   1 |     CGC   0   0   0   0   0   0
    CTA   0   0   0   0   0   0 |     CCA   1   1   1   1   1   1 | Gln CAA   0   0   0   0   0   0 |     CGA   0   0   0   0   0   0
    CTG   0   1   1   1   2   1 |     CCG   0   0   0   0   0   0 |     CAG   1   1   1   1   0   1 |     CGG   0   0   0   0   0   0
--------------------------------------------------------------------------------------------------------------------------------------
Ile ATT   0   0   0   0   0   0 | Thr ACT   0   0   0   0   0   0 | Asn AAT   1   1   1   1   1   1 | Ser AGT   0   0   0   0   0   0
    ATC   1   1   1   1   1   1 |     ACC   0   0   0   0   0   0 |     AAC   0   0   0   0   0   0 |     AGC   0   0   0   0   0   0
    ATA   0   0   0   0   0   0 |     ACA   0   1   0   0   0   0 | Lys AAA   0   0   0   0   0   0 | Arg AGA   2   2   2   2   2   2
Met ATG   0   0   0   0   0   0 |     ACG   1   0   1   1   1   1 |     AAG   1   1   1   1   1   1 |     AGG   0   0   0   0   0   0
--------------------------------------------------------------------------------------------------------------------------------------
Val GTT   1   1   1   1   1   1 | Ala GCT   0   0   0   0   0   0 | Asp GAT   0   0   0   0   0   0 | Gly GGT   0   0   0   0   0   0
    GTC   0   0   0   0   0   0 |     GCC   2   2   2   2   2   2 |     GAC   2   2   2   2   2   2 |     GGC   0   0   0   0   0   0
    GTA   0   0   0   0   0   0 |     GCA   0   0   0   0   0   0 | Glu GAA   1   1   1   1   1   1 |     GGA   0   0   0   0   0   0
    GTG   1   1   1   1   1   1 |     GCG   0   0   0   0   0   0 |     GAG   3   3   3   3   3   3 |     GGG   0   0   0   0   0   0
--------------------------------------------------------------------------------------------------------------------------------------

--------------------------------------------------------------------------------------------------------------------------------------
Phe TTT   0   0   0   0   0   0 | Ser TCT   0   0   0   0   0   0 | Tyr TAT   0   0   0   0   0   0 | Cys TGT   0   0   0   0   0   0
    TTC   2   2   2   2   2   2 |     TCC   0   0   0   0   0   0 |     TAC   1   1   1   1   1   1 |     TGC   0   0   0   0   0   0
Leu TTA   0   0   0   0   0   0 |     TCA   1   1   1   1   1   1 | *** TAA   0   0   0   0   0   0 | *** TGA   0   0   0   0   0   0
    TTG   0   0   0   0   0   0 |     TCG   0   0   0   0   0   0 |     TAG   0   0   0   0   0   0 | Trp TGG   0   0   0   0   0   0
--------------------------------------------------------------------------------------------------------------------------------------
Leu CTT   2   2   2   2   2   2 | Pro CCT   0   0   0   0   0   0 | His CAT   0   0   0   0   0   0 | Arg CGT   0   0   0   0   0   0
    CTC   1   1   1   1   1   1 |     CCC   1   1   1   1   1   1 |     CAC   1   1   1   1   1   1 |     CGC   0   0   0   0   0   0
    CTA   0   0   0   0   0   0 |     CCA   1   1   1   1   1   1 | Gln CAA   0   0   0   0   0   0 |     CGA   0   0   0   0   0   0
    CTG   1   2   1   2   1   1 |     CCG   0   0   0   0   0   0 |     CAG   1   0   1   0   1   1 |     CGG   0   0   0   0   0   0
--------------------------------------------------------------------------------------------------------------------------------------
Ile ATT   0   0   0   0   0   0 | Thr ACT   0   0   0   0   0   0 | Asn AAT   1   1   1   0   1   1 | Ser AGT   0   0   0   0   0   0
    ATC   1   1   1   1   1   1 |     ACC   0   0   0   0   0   0 |     AAC   0   0   0   1   0   1 |     AGC   0   0   0   0   0   0
    ATA   0   0   0   0   0   0 |     ACA   0   0   0   0   0   0 | Lys AAA   0   0   0   0   0   0 | Arg AGA   2   2   2   2   2   2
Met ATG   0   0   0   1   0   0 |     ACG   0   1   1   0   1   1 |     AAG   1   1   1   1   1   1 |     AGG   1   0   0   0   0   0
--------------------------------------------------------------------------------------------------------------------------------------
Val GTT   1   1   1   1   1   1 | Ala GCT   0   0   0   0   0   0 | Asp GAT   0   0   0   0   0   0 | Gly GGT   0   0   0   0   0   0
    GTC   0   0   0   0   0   0 |     GCC   2   2   2   1   2   2 |     GAC   2   2   2   2   2   1 |     GGC   0   0   0   1   0   0
    GTA   0   0   0   0   0   0 |     GCA   0   0   0   0   0   0 | Glu GAA   1   1   1   1   1   1 |     GGA   0   0   0   0   0   0
    GTG   1   1   1   1   1   1 |     GCG   0   0   0   0   0   0 |     GAG   3   3   3   3   3   3 |     GGG   0   0   0   0   0   0
--------------------------------------------------------------------------------------------------------------------------------------

Codon position x base (3x4) table for each sequence.

#1: Argali         
position  1:    T:0.14286    C:0.28571    A:0.21429    G:0.35714
position  2:    T:0.32143    C:0.21429    A:0.39286    G:0.07143
position  3:    T:0.17857    C:0.35714    A:0.17857    G:0.28571
Average         T:0.21429    C:0.28571    A:0.26190    G:0.23810

#2: LesserMouseDeer
position  1:    T:0.14286    C:0.28571    A:0.21429    G:0.35714
position  2:    T:0.35714    C:0.21429    A:0.32143    G:0.10714
position  3:    T:0.17857    C:0.35714    A:0.10714    G:0.35714
Average         T:0.22619    C:0.28571    A:0.21429    G:0.27381

#3: LesserKudu     
position  1:    T:0.14286    C:0.28571    A:0.21429    G:0.35714
position  2:    T:0.32143    C:0.21429    A:0.39286    G:0.07143
position  3:    T:0.14286    C:0.39286    A:0.17857    G:0.28571
Average         T:0.20238    C:0.29762    A:0.26190    G:0.23810

#4: ForestMuskDeer2
position  1:    T:0.14286    C:0.28571    A:0.21429    G:0.35714
position  2:    T:0.39286    C:0.14286    A:0.35714    G:0.10714
position  3:    T:0.10714    C:0.42857    A:0.17857    G:0.28571
Average         T:0.21429    C:0.28571    A:0.25000    G:0.25000

#5: Camel          
position  1:    T:0.17857    C:0.25000    A:0.28571    G:0.28571
position  2:    T:0.28571    C:0.21429    A:0.39286    G:0.10714
position  3:    T:0.17857    C:0.35714    A:0.14286    G:0.32143
Average         T:0.21429    C:0.27381    A:0.27381    G:0.23810

#6: KillerWhale    
position  1:    T:0.17857    C:0.32143    A:0.21429    G:0.28571
position  2:    T:0.35714    C:0.21429    A:0.32143    G:0.10714
position  3:    T:0.21429    C:0.35714    A:0.14286    G:0.28571
Average         T:0.25000    C:0.29762    A:0.22619    G:0.22619

#7: DefassaWaterbuck
position  1:    T:0.14286    C:0.28571    A:0.21429    G:0.35714
position  2:    T:0.32143    C:0.21429    A:0.39286    G:0.07143
position  3:    T:0.17857    C:0.35714    A:0.17857    G:0.28571
Average         T:0.21429    C:0.28571    A:0.26190    G:0.23810

#8: Sheep          
position  1:    T:0.14286    C:0.28571    A:0.21429    G:0.35714
position  2:    T:0.32143    C:0.21429    A:0.39286    G:0.07143
position  3:    T:0.17857    C:0.35714    A:0.17857    G:0.28571
Average         T:0.21429    C:0.28571    A:0.26190    G:0.23810

#9: MaxwellsDuiker 
position  1:    T:0.14286    C:0.28571    A:0.21429    G:0.35714
position  2:    T:0.32143    C:0.21429    A:0.39286    G:0.07143
position  3:    T:0.10714    C:0.42857    A:0.21429    G:0.25000
Average         T:0.19048    C:0.30952    A:0.27381    G:0.22619

#10: GazellaPrzewalskyi
position  1:    T:0.14286    C:0.28571    A:0.21429    G:0.35714
position  2:    T:0.32143    C:0.21429    A:0.39286    G:0.07143
position  3:    T:0.14286    C:0.39286    A:0.14286    G:0.32143
Average         T:0.20238    C:0.29762    A:0.25000    G:0.25000

#11: MountainNyala  
position  1:    T:0.14286    C:0.28571    A:0.21429    G:0.35714
position  2:    T:0.32143    C:0.21429    A:0.39286    G:0.07143
position  3:    T:0.17857    C:0.35714    A:0.17857    G:0.28571
Average         T:0.21429    C:0.28571    A:0.26190    G:0.23810

#12: MuntiacusMuntjak
position  1:    T:0.14286    C:0.28571    A:0.21429    G:0.35714
position  2:    T:0.32143    C:0.21429    A:0.39286    G:0.07143
position  3:    T:0.14286    C:0.39286    A:0.17857    G:0.28571
Average         T:0.20238    C:0.29762    A:0.26190    G:0.23810

#13: goat           
position  1:    T:0.14286    C:0.28571    A:0.21429    G:0.35714
position  2:    T:0.32143    C:0.21429    A:0.39286    G:0.07143
position  3:    T:0.14286    C:0.39286    A:0.17857    G:0.28571
Average         T:0.20238    C:0.29762    A:0.26190    G:0.23810

#14: AfricanBuffalo 
position  1:    T:0.14286    C:0.28571    A:0.21429    G:0.35714
position  2:    T:0.32143    C:0.21429    A:0.39286    G:0.07143
position  3:    T:0.14286    C:0.39286    A:0.17857    G:0.28571
Average         T:0.20238    C:0.29762    A:0.26190    G:0.23810

#15: Topi           
position  1:    T:0.14286    C:0.28571    A:0.21429    G:0.35714
position  2:    T:0.35714    C:0.17857    A:0.39286    G:0.07143
position  3:    T:0.14286    C:0.39286    A:0.17857    G:0.28571
Average         T:0.21429    C:0.28571    A:0.26190    G:0.23810

#16: CommonDuiker   
position  1:    T:0.14286    C:0.28571    A:0.21429    G:0.35714
position  2:    T:0.32143    C:0.21429    A:0.39286    G:0.07143
position  3:    T:0.10714    C:0.42857    A:0.17857    G:0.28571
Average         T:0.19048    C:0.30952    A:0.26190    G:0.23810

#17: Suni           
position  1:    T:0.14286    C:0.28571    A:0.21429    G:0.35714
position  2:    T:0.35714    C:0.21429    A:0.35714    G:0.07143
position  3:    T:0.17857    C:0.35714    A:0.17857    G:0.28571
Average         T:0.22619    C:0.28571    A:0.25000    G:0.23810

#18: Springbuck     
position  1:    T:0.14286    C:0.28571    A:0.21429    G:0.35714
position  2:    T:0.32143    C:0.21429    A:0.39286    G:0.07143
position  3:    T:0.14286    C:0.39286    A:0.17857    G:0.28571
Average         T:0.20238    C:0.29762    A:0.26190    G:0.23810

#19: Okapi          
position  1:    T:0.14286    C:0.28571    A:0.21429    G:0.35714
position  2:    T:0.32143    C:0.21429    A:0.39286    G:0.07143
position  3:    T:0.17857    C:0.35714    A:0.17857    G:0.28571
Average         T:0.21429    C:0.28571    A:0.26190    G:0.23810

#20: Giraffe        
position  1:    T:0.14286    C:0.28571    A:0.21429    G:0.35714
position  2:    T:0.32143    C:0.21429    A:0.39286    G:0.07143
position  3:    T:0.17857    C:0.35714    A:0.17857    G:0.28571
Average         T:0.21429    C:0.28571    A:0.26190    G:0.23810

#21: TibetanAntelope
position  1:    T:0.14286    C:0.28571    A:0.21429    G:0.35714
position  2:    T:0.32143    C:0.21429    A:0.39286    G:0.07143
position  3:    T:0.14286    C:0.39286    A:0.17857    G:0.28571
Average         T:0.20238    C:0.29762    A:0.26190    G:0.23810

#22: Sitatunga      
position  1:    T:0.14286    C:0.28571    A:0.21429    G:0.35714
position  2:    T:0.32143    C:0.21429    A:0.39286    G:0.07143
position  3:    T:0.14286    C:0.39286    A:0.17857    G:0.28571
Average         T:0.20238    C:0.29762    A:0.26190    G:0.23810

#23: Oribi          
position  1:    T:0.14286    C:0.28571    A:0.21429    G:0.35714
position  2:    T:0.32143    C:0.21429    A:0.39286    G:0.07143
position  3:    T:0.14286    C:0.39286    A:0.17857    G:0.28571
Average         T:0.20238    C:0.29762    A:0.26190    G:0.23810

#24: BarbarySheep   
position  1:    T:0.14286    C:0.28571    A:0.21429    G:0.35714
position  2:    T:0.32143    C:0.21429    A:0.39286    G:0.07143
position  3:    T:0.17857    C:0.35714    A:0.17857    G:0.28571
Average         T:0.21429    C:0.28571    A:0.26190    G:0.23810

#25: Daviddeer      
position  1:    T:0.14286    C:0.28571    A:0.21429    G:0.35714
position  2:    T:0.32143    C:0.21429    A:0.39286    G:0.07143
position  3:    T:0.14286    C:0.39286    A:0.17857    G:0.28571
Average         T:0.20238    C:0.29762    A:0.26190    G:0.23810

#26: Reindeer       
position  1:    T:0.14286    C:0.28571    A:0.21429    G:0.35714
position  2:    T:0.32143    C:0.21429    A:0.39286    G:0.07143
position  3:    T:0.14286    C:0.39286    A:0.17857    G:0.28571
Average         T:0.20238    C:0.29762    A:0.26190    G:0.23810

#27: Ibex           
position  1:    T:0.14286    C:0.28571    A:0.21429    G:0.35714
position  2:    T:0.32143    C:0.21429    A:0.39286    G:0.07143
position  3:    T:0.14286    C:0.39286    A:0.17857    G:0.28571
Average         T:0.20238    C:0.29762    A:0.26190    G:0.23810

#28: GyrantGazelle  
position  1:    T:0.14286    C:0.28571    A:0.21429    G:0.35714
position  2:    T:0.32143    C:0.21429    A:0.39286    G:0.07143
position  3:    T:0.14286    C:0.39286    A:0.17857    G:0.28571
Average         T:0.20238    C:0.29762    A:0.26190    G:0.23810

#29: Hartebeest     
position  1:    T:0.14286    C:0.28571    A:0.21429    G:0.35714
position  2:    T:0.35714    C:0.17857    A:0.39286    G:0.07143
position  3:    T:0.14286    C:0.39286    A:0.17857    G:0.28571
Average         T:0.21429    C:0.28571    A:0.26190    G:0.23810

#30: Bongo          
position  1:    T:0.14286    C:0.28571    A:0.21429    G:0.35714
position  2:    T:0.32143    C:0.21429    A:0.39286    G:0.07143
position  3:    T:0.14286    C:0.39286    A:0.17857    G:0.28571
Average         T:0.20238    C:0.29762    A:0.26190    G:0.23810

#31: Gerenuk        
position  1:    T:0.14286    C:0.28571    A:0.21429    G:0.35714
position  2:    T:0.32143    C:0.21429    A:0.39286    G:0.07143
position  3:    T:0.14286    C:0.39286    A:0.17857    G:0.28571
Average         T:0.20238    C:0.29762    A:0.26190    G:0.23810

#32: CommonEland    
position  1:    T:0.14286    C:0.28571    A:0.21429    G:0.35714
position  2:    T:0.32143    C:0.21429    A:0.39286    G:0.07143
position  3:    T:0.14286    C:0.39286    A:0.21429    G:0.25000
Average         T:0.20238    C:0.29762    A:0.27381    G:0.22619

#33: MuntiacusReevesi
position  1:    T:0.14286    C:0.25000    A:0.25000    G:0.35714
position  2:    T:0.32143    C:0.21429    A:0.39286    G:0.07143
position  3:    T:0.14286    C:0.39286    A:0.17857    G:0.28571
Average         T:0.20238    C:0.28571    A:0.27381    G:0.23810

#34: HarveysDuiker  
position  1:    T:0.14286    C:0.28571    A:0.21429    G:0.35714
position  2:    T:0.32143    C:0.21429    A:0.39286    G:0.07143
position  3:    T:0.10714    C:0.42857    A:0.17857    G:0.28571
Average         T:0.19048    C:0.30952    A:0.26190    G:0.23810

#35: Pronghorn      
position  1:    T:0.14286    C:0.28571    A:0.21429    G:0.35714
position  2:    T:0.32143    C:0.21429    A:0.39286    G:0.07143
position  3:    T:0.17857    C:0.35714    A:0.28571    G:0.17857
Average         T:0.21429    C:0.28571    A:0.29762    G:0.20238

#36: BlueWildebeest 
position  1:    T:0.14286    C:0.28571    A:0.21429    G:0.35714
position  2:    T:0.35714    C:0.17857    A:0.39286    G:0.07143
position  3:    T:0.14286    C:0.39286    A:0.17857    G:0.28571
Average         T:0.21429    C:0.28571    A:0.26190    G:0.23810

#37: Gemsbok        
position  1:    T:0.14286    C:0.28571    A:0.21429    G:0.35714
position  2:    T:0.32143    C:0.21429    A:0.39286    G:0.07143
position  3:    T:0.14286    C:0.39286    A:0.25000    G:0.21429
Average         T:0.20238    C:0.29762    A:0.28571    G:0.21429

#38: Yak            
position  1:    T:0.14286    C:0.28571    A:0.21429    G:0.35714
position  2:    T:0.35714    C:0.21429    A:0.35714    G:0.07143
position  3:    T:0.17857    C:0.39286    A:0.14286    G:0.28571
Average         T:0.22619    C:0.29762    A:0.23810    G:0.23810

#39: BlueSheep      
position  1:    T:0.14286    C:0.28571    A:0.21429    G:0.35714
position  2:    T:0.32143    C:0.21429    A:0.39286    G:0.07143
position  3:    T:0.14286    C:0.39286    A:0.17857    G:0.28571
Average         T:0.20238    C:0.29762    A:0.26190    G:0.23810

#40: BohorReedbuck  
position  1:    T:0.14286    C:0.28571    A:0.21429    G:0.35714
position  2:    T:0.32143    C:0.21429    A:0.39286    G:0.07143
position  3:    T:0.17857    C:0.35714    A:0.14286    G:0.32143
Average         T:0.21429    C:0.28571    A:0.25000    G:0.25000

#41: KirksDik       
position  1:    T:0.14286    C:0.28571    A:0.21429    G:0.35714
position  2:    T:0.32143    C:0.21429    A:0.39286    G:0.07143
position  3:    T:0.14286    C:0.39286    A:0.17857    G:0.28571
Average         T:0.20238    C:0.29762    A:0.26190    G:0.23810

#42: RoeDeer        
position  1:    T:0.14286    C:0.28571    A:0.21429    G:0.35714
position  2:    T:0.32143    C:0.21429    A:0.39286    G:0.07143
position  3:    T:0.14286    C:0.39286    A:0.17857    G:0.28571
Average         T:0.20238    C:0.29762    A:0.26190    G:0.23810

#43: WhiteLippedDeer
position  1:    T:0.14286    C:0.28571    A:0.21429    G:0.35714
position  2:    T:0.32143    C:0.21429    A:0.39286    G:0.07143
position  3:    T:0.14286    C:0.42857    A:0.17857    G:0.25000
Average         T:0.20238    C:0.30952    A:0.26190    G:0.22619

#44: ThomsonGazelle 
position  1:    T:0.14286    C:0.28571    A:0.21429    G:0.35714
position  2:    T:0.32143    C:0.21429    A:0.39286    G:0.07143
position  3:    T:0.14286    C:0.39286    A:0.21429    G:0.25000
Average         T:0.20238    C:0.29762    A:0.27381    G:0.22619

#45: MuntiacusCrinifrons
position  1:    T:0.14286    C:0.28571    A:0.21429    G:0.35714
position  2:    T:0.32143    C:0.21429    A:0.39286    G:0.07143
position  3:    T:0.14286    C:0.39286    A:0.17857    G:0.28571
Average         T:0.20238    C:0.29762    A:0.26190    G:0.23810

#46: WhiteTailedDeer
position  1:    T:0.14286    C:0.28571    A:0.21429    G:0.35714
position  2:    T:0.32143    C:0.21429    A:0.39286    G:0.07143
position  3:    T:0.17857    C:0.35714    A:0.17857    G:0.28571
Average         T:0.21429    C:0.28571    A:0.26190    G:0.23810

#47: Cattle         
position  1:    T:0.14286    C:0.28571    A:0.21429    G:0.35714
position  2:    T:0.35714    C:0.21429    A:0.35714    G:0.07143
position  3:    T:0.17857    C:0.39286    A:0.14286    G:0.28571
Average         T:0.22619    C:0.29762    A:0.23810    G:0.23810

#48: RoyalAntelope  
position  1:    T:0.14286    C:0.28571    A:0.21429    G:0.35714
position  2:    T:0.32143    C:0.21429    A:0.39286    G:0.07143
position  3:    T:0.14286    C:0.39286    A:0.17857    G:0.28571
Average         T:0.20238    C:0.29762    A:0.26190    G:0.23810

#49: Steenbok       
position  1:    T:0.14286    C:0.28571    A:0.21429    G:0.35714
position  2:    T:0.32143    C:0.17857    A:0.39286    G:0.10714
position  3:    T:0.14286    C:0.39286    A:0.17857    G:0.28571
Average         T:0.20238    C:0.28571    A:0.26190    G:0.25000

#50: Impala         
position  1:    T:0.14286    C:0.28571    A:0.21429    G:0.35714
position  2:    T:0.35714    C:0.21429    A:0.35714    G:0.07143
position  3:    T:0.14286    C:0.39286    A:0.17857    G:0.28571
Average         T:0.21429    C:0.29762    A:0.25000    G:0.23810

#51: Klipspringer   
position  1:    T:0.14286    C:0.28571    A:0.21429    G:0.35714
position  2:    T:0.32143    C:0.21429    A:0.39286    G:0.07143
