CODONML (in paml version 4.10.7, June 2023)  /home/rachel/ruminants_paml/6406-phy-tree/ENSBTAT00000044796.fasta.phy
Model: free dN/dS Ratios for branches,  kappa = 2.000 fixed

Codon frequency model: F3x4
ns =  54  ls =  66

Codon usage in sequences
--------------------------------------------------------------------------------------------------------------------------------------
Phe TTT   0   0   0   0   0   0 | Ser TCT   1   1   1   1   1   1 | Tyr TAT   0   0   0   0   0   0 | Cys TGT   0   0   0   0   0   0
    TTC   0   0   0   0   0   0 |     TCC   0   0   0   0   0   0 |     TAC   0   0   0   0   0   0 |     TGC   0   0   0   0   0   0
Leu TTA   0   0   0   0   0   0 |     TCA   0   0   0   0   0   0 | *** TAA   0   0   0   0   0   0 | *** TGA   0   0   0   0   0   0
    TTG   1   1   1   1   2   1 |     TCG   0   0   0   0   0   0 |     TAG   0   0   0   0   0   0 | Trp TGG   0   0   0   0   0   0
--------------------------------------------------------------------------------------------------------------------------------------
Leu CTT   0   0   0   0   0   0 | Pro CCT   0   0   0   0   0   0 | His CAT   0   0   0   0   0   0 | Arg CGT   2   1   2   2   2   2
    CTC   0   0   0   0   0   0 |     CCC   0   0   0   0   0   0 |     CAC   1   1   1   1   1   1 |     CGC   2   3   2   2   2   2
    CTA   0   1   0   0   0   0 |     CCA   0   0   0   0   0   0 | Gln CAA   0   1   0   0   0   1 |     CGA   0   0   0   0   0   0
    CTG   5   4   5   5   4   5 |     CCG   0   0   0   0   0   0 |     CAG   5   4   5   5   5   4 |     CGG   0   0   0   0   0   0
--------------------------------------------------------------------------------------------------------------------------------------
Ile ATT   2   1   1   1   2   1 | Thr ACT   0   0   0   0   0   0 | Asn AAT   0   0   0   0   1   0 | Ser AGT   1   1   1   1   1   1
    ATC   2   3   3   3   2   3 |     ACC   0   0   0   0   0   0 |     AAC   1   1   1   1   0   1 |     AGC   0   0   0   0   0   0
    ATA   0   0   0   0   0   0 |     ACA   1   1   1   1   1   1 | Lys AAA   2   2   2   2   2   2 | Arg AGA   1   1   1   1   1   1
Met ATG   1   1   1   1   1   1 |     ACG   0   0   0   0   0   0 |     AAG   3   3   3   3   3   3 |     AGG   0   0   0   0   0   0
--------------------------------------------------------------------------------------------------------------------------------------
Val GTT   1   1   1   1   1   1 | Ala GCT   3   2   3   3   2   3 | Asp GAT   4   4   4   4   3   3 | Gly GGT   0   0   0   0   0   0
    GTC   0   1   0   0   0   0 |     GCC   5   5   5   5   5   5 |     GAC   2   2   2   2   3   3 |     GGC   0   0   0   0   0   0
    GTA   1   0   1   1   1   1 |     GCA   3   3   3   3   3   3 | Glu GAA   3   4   3   2   4   3 |     GGA   0   0   0   0   0   0
    GTG   0   0   0   0   0   0 |     GCG   0   1   0   0   1   0 |     GAG  13  12  13  14  12  13 |     GGG   0   0   0   0   0   0
--------------------------------------------------------------------------------------------------------------------------------------

--------------------------------------------------------------------------------------------------------------------------------------
Phe TTT   0   0   0   0   0   0 | Ser TCT   1   1   1   1   1   1 | Tyr TAT   0   0   0   0   0   0 | Cys TGT   0   0   0   0   0   0
    TTC   0   0   0   0   0   0 |     TCC   0   0   0   0   0   0 |     TAC   0   0   0   0   0   0 |     TGC   0   0   0   0   0   0
Leu TTA   0   0   0   0   0   0 |     TCA   0   0   0   0   0   0 | *** TAA   0   0   0   0   0   0 | *** TGA   0   0   0   0   0   0
    TTG   1   1   1   1   1   1 |     TCG   0   0   0   0   0   0 |     TAG   0   0   0   0   0   0 | Trp TGG   0   0   0   0   0   0
--------------------------------------------------------------------------------------------------------------------------------------
Leu CTT   0   0   0   0   0   0 | Pro CCT   0   0   0   0   0   0 | His CAT   0   0   0   0   0   0 | Arg CGT   2   2   2   2   2   2
    CTC   0   0   0   0   0   0 |     CCC   0   0   0   0   0   0 |     CAC   1   1   1   1   1   1 |     CGC   2   2   2   2   2   2
    CTA   0   0   0   0   0   2 |     CCA   0   0   0   0   0   0 | Gln CAA   0   0   0   0   0   0 |     CGA   0   0   0   0   0   0
    CTG   5   5   5   5   5   3 |     CCG   0   0   0   0   0   0 |     CAG   5   5   5   5   5   5 |     CGG   0   0   0   0   0   0
--------------------------------------------------------------------------------------------------------------------------------------
Ile ATT   2   2   2   2   1   2 | Thr ACT   0   0   0   0   0   0 | Asn AAT   0   0   0   0   0   0 | Ser AGT   1   1   1   1   1   1
    ATC   2   2   2   2   3   2 |     ACC   0   0   0   0   0   0 |     AAC   1   1   1   1   1   1 |     AGC   0   0   0   0   0   0
    ATA   0   0   0   0   0   0 |     ACA   1   1   1   1   1   1 | Lys AAA   2   2   1   2   2   1 | Arg AGA   1   1   0   1   1   1
Met ATG   1   1   1   1   1   1 |     ACG   0   0   0   0   0   0 |     AAG   3   3   4   3   3   4 |     AGG   0   0   1   0   0   0
--------------------------------------------------------------------------------------------------------------------------------------
Val GTT   1   1   1   1   1   1 | Ala GCT   2   3   3   3   3   3 | Asp GAT   5   4   4   4   5   4 | Gly GGT   0   0   0   0   0   0
    GTC   0   0   0   0   0   0 |     GCC   5   5   5   5   5   5 |     GAC   1   2   2   2   1   2 |     GGC   0   0   0   0   0   0
    GTA   1   1   1   1   1   1 |     GCA   3   3   3   3   3   3 | Glu GAA   3   3   2   3   3   2 |     GGA   0   0   0   0   0   0
    GTG   0   0   0   0   0   0 |     GCG   1   0   0   0   0   0 |     GAG  13  13  14  13  13  14 |     GGG   0   0   0   0   0   0
--------------------------------------------------------------------------------------------------------------------------------------

--------------------------------------------------------------------------------------------------------------------------------------
Phe TTT   0   0   0   0   0   0 | Ser TCT   1   1   1   1   1   1 | Tyr TAT   0   0   0   0   0   0 | Cys TGT   0   0   0   0   0   0
    TTC   0   0   0   0   0   0 |     TCC   0   0   0   0   0   0 |     TAC   0   0   0   0   0   0 |     TGC   0   0   0   0   0   0
Leu TTA   0   0   0   0   0   0 |     TCA   0   0   0   0   0   0 | *** TAA   0   0   0   0   0   0 | *** TGA   0   0   0   0   0   0
    TTG   1   1   1   1   1   1 |     TCG   0   0   0   0   0   0 |     TAG   0   0   0   0   0   0 | Trp TGG   0   0   0   0   0   0
--------------------------------------------------------------------------------------------------------------------------------------
Leu CTT   0   0   0   0   1   0 | Pro CCT   0   0   0   0   0   0 | His CAT   0   0   0   0   0   0 | Arg CGT   2   2   2   2   2   2
    CTC   0   0   0   0   0   0 |     CCC   0   0   0   0   0   0 |     CAC   1   1   1   1   1   1 |     CGC   2   2   2   2   2   2
    CTA   0   0   0   0   0   0 |     CCA   0   0   0   0   0   0 | Gln CAA   0   0   0   0   0   0 |     CGA   0   0   0   0   0   0
    CTG   5   5   5   5   4   5 |     CCG   0   0   0   0   0   0 |     CAG   5   5   5   5   5   5 |     CGG   0   0   0   0   0   0
--------------------------------------------------------------------------------------------------------------------------------------
Ile ATT   2   1   2   2   1   2 | Thr ACT   0   0   0   0   0   0 | Asn AAT   0   0   0   0   0   0 | Ser AGT   1   1   1   1   1   1
    ATC   2   3   2   2   2   2 |     ACC   0   0   0   0   0   0 |     AAC   1   1   1   1   1   1 |     AGC   0   0   0   0   0   0
    ATA   0   0   0   0   0   0 |     ACA   1   1   1   1   1   1 | Lys AAA   2   1   2   1   1   2 | Arg AGA   1   1   1   1   1   1
Met ATG   1   1   1   1   2   1 |     ACG   0   0   0   0   0   0 |     AAG   3   4   3   4   4   3 |     AGG   0   0   0   0   0   0
--------------------------------------------------------------------------------------------------------------------------------------
Val GTT   1   1   1   1   1   1 | Ala GCT   3   3   4   3   2   3 | Asp GAT   4   4   5   4   4   4 | Gly GGT   0   0   0   0   0   0
    GTC   0   0   0   0   0   0 |     GCC   5   5   4   5   6   5 |     GAC   2   2   1   2   1   2 |     GGC   0   0   0   0   0   0
    GTA   1   1   1   1   1   1 |     GCA   3   3   3   3   3   3 | Glu GAA   2   2   3   3   2   2 |     GGA   0   0   0   0   0   0
    GTG   0   0   0   0   0   0 |     GCG   0   0   0   0   0   0 |     GAG  14  14  13  13  15  14 |     GGG   0   0   0   0   0   0
--------------------------------------------------------------------------------------------------------------------------------------

--------------------------------------------------------------------------------------------------------------------------------------
Phe TTT   0   0   0   0   0   0 | Ser TCT   0   0   1   1   1   1 | Tyr TAT   0   0   0   0   0   0 | Cys TGT   0   0   0   0   0   0
    TTC   0   0   0   0   0   0 |     TCC   1   1   0   0   0   0 |     TAC   0   0   0   0   0   0 |     TGC   0   0   0   0   0   0
Leu TTA   0   0   0   0   0   0 |     TCA   0   0   0   0   0   0 | *** TAA   0   0   0   0   0   0 | *** TGA   0   0   0   0   0   0
    TTG   1   1   1   1   1   1 |     TCG   0   0   0   0   0   0 |     TAG   0   0   0   0   0   0 | Trp TGG   0   0   0   0   0   0
--------------------------------------------------------------------------------------------------------------------------------------
Leu CTT   0   0   0   0   0   0 | Pro CCT   0   0   0   0   0   0 | His CAT   0   0   0   0   0   0 | Arg CGT   2   2   2   2   2   2
    CTC   0   0   0   0   0   0 |     CCC   0   0   0   0   0   0 |     CAC   1   1   1   1   1   1 |     CGC   2   2   2   2   2   2
    CTA   0   0   0   1   0   0 |     CCA   0   0   0   0   0   0 | Gln CAA   1   1   1   0   0   0 |     CGA   0   0   0   0   0   0
    CTG   5   5   5   4   5   5 |     CCG   0   0   0   0   0   0 |     CAG   4   4   4   5   5   5 |     CGG   0   0   0   0   0   0
--------------------------------------------------------------------------------------------------------------------------------------
Ile ATT   1   1   2   1   2   2 | Thr ACT   0   0   0   0   0   0 | Asn AAT   0   0   0   0   0   0 | Ser AGT   1   1   1   1   1   1
    ATC   3   3   2   3   2   2 |     ACC   0   0   0   0   0   0 |     AAC   1   1   1   1   1   1 |     AGC   0   0   0   0   0   0
    ATA   0   0   0   0   0   0 |     ACA   1   1   1   1   1   1 | Lys AAA   2   2   2   2   2   2 | Arg AGA   1   1   1   1   1   1
Met ATG   1   1   1   1   1   1 |     ACG   0   0   0   0   0   0 |     AAG   3   3   3   3   3   3 |     AGG   0   0   0   0   0   0
--------------------------------------------------------------------------------------------------------------------------------------
Val GTT   1   1   1   1   1   1 | Ala GCT   4   3   3   3   3   3 | Asp GAT   4   4   4   5   4   4 | Gly GGT   0   0   0   0   0   0
    GTC   0   0   0   0   0   0 |     GCC   3   5   5   5   5   5 |     GAC   2   2   2   1   2   2 |     GGC   0   0   0   0   0   0
    GTA   1   1   1   1   1   1 |     GCA   4   3   3   3   2   3 | Glu GAA   2   3   2   2   2   2 |     GGA   0   0   0   0   0   0
    GTG   0   0   0   0   0   0 |     GCG   0   0   0   0   1   0 |     GAG  14  13  14  14  14  14 |     GGG   0   0   0   0   0   0
--------------------------------------------------------------------------------------------------------------------------------------

--------------------------------------------------------------------------------------------------------------------------------------
Phe TTT   0   0   0   0   0   0 | Ser TCT   1   1   1   1   1   1 | Tyr TAT   0   0   0   0   0   0 | Cys TGT   0   0   0   0   0   0
    TTC   0   0   0   0   0   0 |     TCC   0   0   0   0   0   0 |     TAC   0   0   0   0   0   0 |     TGC   0   0   0   0   0   0
Leu TTA   0   0   0   0   0   0 |     TCA   0   0   0   0   0   0 | *** TAA   0   0   0   0   0   0 | *** TGA   0   0   0   0   0   0
    TTG   1   1   1   1   1   1 |     TCG   0   0   0   0   0   0 |     TAG   0   0   0   0   0   0 | Trp TGG   0   0   0   0   0   0
--------------------------------------------------------------------------------------------------------------------------------------
Leu CTT   0   0   0   0   0   0 | Pro CCT   0   0   0   0   0   0 | His CAT   0   0   0   0   0   0 | Arg CGT   2   2   2   2   2   2
    CTC   0   0   0   0   0   0 |     CCC   0   0   0   0   0   0 |     CAC   1   1   1   1   1   1 |     CGC   2   2   2   2   2   2
    CTA   2   2   0   0   0   0 |     CCA   0   0   0   0   0   0 | Gln CAA   0   0   0   0   0   0 |     CGA   0   0   0   0   0   0
    CTG   3   3   5   5   5   5 |     CCG   0   0   0   0   0   0 |     CAG   5   5   5   5   5   5 |     CGG   0   0   0   0   0   0
--------------------------------------------------------------------------------------------------------------------------------------
Ile ATT   2   2   2   2   2   1 | Thr ACT   0   0   0   0   0   0 | Asn AAT   0   0   0   0   0   0 | Ser AGT   1   1   1   1   1   1
    ATC   2   2   2   2   2   3 |     ACC   0   0   0   0   0   0 |     AAC   1   1   1   1   1   1 |     AGC   0   0   0   0   0   0
    ATA   0   0   0   0   0   0 |     ACA   1   1   1   1   1   1 | Lys AAA   1   2   2   2   2   2 | Arg AGA   1   1   1   1   1   1
Met ATG   1   1   1   1   1   1 |     ACG   0   0   0   0   0   0 |     AAG   4   3   3   3   3   3 |     AGG   0   0   0   0   0   0
--------------------------------------------------------------------------------------------------------------------------------------
Val GTT   1   1   1   1   1   1 | Ala GCT   3   3   3   4   3   3 | Asp GAT   5   4   4   4   5   5 | Gly GGT   0   0   0   0   0   0
    GTC   0   0   0   0   0   0 |     GCC   5   5   5   4   5   5 |     GAC   1   2   2   2   1   1 |     GGC   0   0   0   0   0   0
    GTA   1   1   1   1   1   1 |     GCA   3   3   3   3   3   3 | Glu GAA   2   3   2   2   3   2 |     GGA   0   0   0   0   0   0
    GTG   0   0   0   0   0   0 |     GCG   0   0   0   0   0   0 |     GAG  14  13  14  14  13  14 |     GGG   0   0   0   0   0   0
--------------------------------------------------------------------------------------------------------------------------------------

--------------------------------------------------------------------------------------------------------------------------------------
Phe TTT   0   0   0   0   0   0 | Ser TCT   1   1   1   1   1   1 | Tyr TAT   0   0   0   0   0   0 | Cys TGT   0   0   0   0   0   0
    TTC   0   0   0   0   0   0 |     TCC   0   0   0   0   0   0 |     TAC   0   0   0   0   0   0 |     TGC   0   0   0   0   0   0
Leu TTA   0   0   0   0   0   0 |     TCA   0   0   0   0   0   0 | *** TAA   0   0   0   0   0   0 | *** TGA   0   0   0   0   0   0
    TTG   1   1   1   1   1   1 |     TCG   0   0   0   0   0   0 |     TAG   0   0   0   0   0   0 | Trp TGG   0   0   0   0   0   0
--------------------------------------------------------------------------------------------------------------------------------------
Leu CTT   0   0   0   0   0   0 | Pro CCT   0   0   0   0   0   0 | His CAT   0   0   0   0   0   0 | Arg CGT   2   2   2   2   1   2
    CTC   0   0   0   0   0   0 |     CCC   0   0   0   0   0   0 |     CAC   1   1   1   1   1   1 |     CGC   2   2   2   2   2   2
    CTA   0   0   2   0   0   0 |     CCA   0   0   0   0   0   0 | Gln CAA   0   0   0   0   0   0 |     CGA   0   0   0   0   1   0
    CTG   5   5   3   5   5   5 |     CCG   0   0   0   0   0   0 |     CAG   5   5   5   5   5   5 |     CGG   0   0   0   0   0   0
--------------------------------------------------------------------------------------------------------------------------------------
Ile ATT   2   1   2   2   1   2 | Thr ACT   0   0   0   0   0   0 | Asn AAT   0   0   0   0   0   0 | Ser AGT   1   1   1   1   1   1
    ATC   2   3   2   2   3   2 |     ACC   0   0   0   0   0   0 |     AAC   1   1   1   1   1   1 |     AGC   0   0   0   0   0   0
    ATA   0   0   0   0   0   0 |     ACA   1   1   1   1   1   1 | Lys AAA   3   2   1   1   2   2 | Arg AGA   1   1   1   1   1   1
Met ATG   1   1   1   1   1   1 |     ACG   0   0   0   0   0   0 |     AAG   2   3   4   4   3   3 |     AGG   0   0   0   0   0   0
--------------------------------------------------------------------------------------------------------------------------------------
Val GTT   1   1   1   1   1   1 | Ala GCT   3   3   3   3   3   3 | Asp GAT   4   5   4   4   4   5 | Gly GGT   0   0   0   0   0   0
    GTC   0   0   0   0   0   0 |     GCC   5   5   5   5   5   5 |     GAC   2   1   2   2   2   1 |     GGC   0   0   0   0   0   0
    GTA   1   1   1   1   1   1 |     GCA   3   3   3   3   3   3 | Glu GAA   2   2   2   2   2   2 |     GGA   0   0   0   0   0   0
    GTG   0   0   0   0   0   0 |     GCG   0   0   0   0   0   0 |     GAG  14  14  14  14  14  14 |     GGG   0   0   0   0   0   0
--------------------------------------------------------------------------------------------------------------------------------------

--------------------------------------------------------------------------------------------------------------------------------------
Phe TTT   0   0   0   0   0   0 | Ser TCT   1   1   1   1   1   1 | Tyr TAT   0   0   0   0   0   0 | Cys TGT   0   0   0   0   0   0
    TTC   0   0   0   0   0   0 |     TCC   0   0   0   0   0   0 |     TAC   0   0   0   0   0   0 |     TGC   0   0   0   0   0   0
Leu TTA   0   0   0   0   0   0 |     TCA   0   0   0   0   0   0 | *** TAA   0   0   0   0   0   0 | *** TGA   0   0   0   0   0   0
    TTG   1   1   1   1   1   1 |     TCG   0   0   0   0   0   0 |     TAG   0   0   0   0   0   0 | Trp TGG   0   0   0   0   0   0
--------------------------------------------------------------------------------------------------------------------------------------
Leu CTT   0   0   0   0   0   0 | Pro CCT   0   0   0   0   0   0 | His CAT   0   0   0   0   0   0 | Arg CGT   2   2   2   2   2   2
    CTC   0   0   0   0   0   0 |     CCC   0   0   0   0   0   0 |     CAC   1   1   1   1   1   1 |     CGC   2   2   2   2   2   2
    CTA   0   0   0   0   0   2 |     CCA   0   0   0   0   0   0 | Gln CAA   0   0   0   0   1   0 |     CGA   0   0   0   0   0   0
    CTG   5   5   5   5   5   3 |     CCG   0   0   0   0   0   0 |     CAG   5   5   5   5   4   5 |     CGG   0   0   0   0   0   0
--------------------------------------------------------------------------------------------------------------------------------------
Ile ATT   2   1   2   2   2   2 | Thr ACT   0   0   0   0   0   0 | Asn AAT   0   0   0   0   0   0 | Ser AGT   1   1   1   1   1   1
    ATC   2   3   2   2   2   2 |     ACC   0   0   0   0   0   0 |     AAC   1   1   1   1   1   1 |     AGC   0   0   0   0   0   0
    ATA   0   0   0   0   0   0 |     ACA   1   1   1   1   1   1 | Lys AAA   2   1   2   2   2   2 | Arg AGA   1   1   1   1   1   1
Met ATG   1   1   1   1   1   1 |     ACG   0   0   0   0   0   0 |     AAG   3   4   3   3   3   3 |     AGG   0   0   0   0   0   0
--------------------------------------------------------------------------------------------------------------------------------------
Val GTT   1   1   1   1   1   1 | Ala GCT   4   3   3   3   4   3 | Asp GAT   4   4   4   5   4   4 | Gly GGT   0   0   0   0   0   0
    GTC   0   0   0   0   0   0 |     GCC   4   5   5   4   4   5 |     GAC   2   2   2   1   2   2 |     GGC   0   0   0   0   0   0
    GTA   1   1   1   1   1   1 |     GCA   3   3   3   3   3   3 | Glu GAA   2   2   2   2   2   2 |     GGA   0   0   0   0   0   0
    GTG   0   0   0   0   0   0 |     GCG   0   0   0   1   0   0 |     GAG  14  14  14  14  14  14 |     GGG   0   0   0   0   0   0
--------------------------------------------------------------------------------------------------------------------------------------

--------------------------------------------------------------------------------------------------------------------------------------
Phe TTT   0   0   0   0   0   0 | Ser TCT   1   1   1   1   1   1 | Tyr TAT   0   0   0   0   0   0 | Cys TGT   0   0   0   0   0   0
    TTC   0   0   0   0   0   0 |     TCC   0   0   0   0   0   0 |     TAC   0   0   0   0   0   0 |     TGC   0   0   0   0   0   0
Leu TTA   0   0   0   0   0   0 |     TCA   0   0   0   0   0   0 | *** TAA   0   0   0   0   0   0 | *** TGA   0   0   0   0   0   0
    TTG   1   1   1   1   1   1 |     TCG   0   0   0   0   0   0 |     TAG   0   0   0   0   0   0 | Trp TGG   0   0   0   0   0   0
--------------------------------------------------------------------------------------------------------------------------------------
Leu CTT   0   0   0   0   0   1 | Pro CCT   0   0   0   0   0   0 | His CAT   0   0   0   0   0   0 | Arg CGT   2   2   2   2   2   2
    CTC   0   0   0   0   0   0 |     CCC   0   0   0   0   0   0 |     CAC   1   1   1   1   1   1 |     CGC   2   2   2   2   2   2
    CTA   2   0   2   2   0   0 |     CCA   0   0   0   0   0   0 | Gln CAA   0   0   0   0   0   0 |     CGA   0   0   0   0   0   0
    CTG   3   5   3   3   5   4 |     CCG   0   0   0   0   0   0 |     CAG   5   5   5   5   5   5 |     CGG   0   0   0   0   0   0
--------------------------------------------------------------------------------------------------------------------------------------
Ile ATT   2   2   2   2   1   3 | Thr ACT   0   0   0   0   0   0 | Asn AAT   0   0   0   0   0   0 | Ser AGT   1   1   1   1   1   1
    ATC   2   2   2   2   3   1 |     ACC   0   0   0   0   0   0 |     AAC   1   1   1   1   1   1 |     AGC   0   0   0   0   0   0
    ATA   0   0   0   0   0   0 |     ACA   1   1   1   1   1   1 | Lys AAA   1   2   1   2   2   2 | Arg AGA   1   1   1   0   1   1
Met ATG   1   1   1   1   1   1 |     ACG   0   0   0   0   0   0 |     AAG   4   3   4   3   3   3 |     AGG   0   0   0   1   0   0
--------------------------------------------------------------------------------------------------------------------------------------
Val GTT   1   1   1   1   1   1 | Ala GCT   3   4   3   3   3   3 | Asp GAT   4   4   4   4   4   4 | Gly GGT   0   0   0   0   0   0
    GTC   0   0   0   0   0   0 |     GCC   5   4   4   5   5   5 |     GAC   2   2   2   2   2   2 |     GGC   0   0   0   0   0   0
    GTA   1   1   1   1   1   1 |     GCA   3   3   4   3   3   3 | Glu GAA   2   2   2   2   2   3 |     GGA   0   0   0   0   0   0
    GTG   0   0   0   0   0   0 |     GCG   0   0   0   0   0   0 |     GAG  14  14  14  14  14  13 |     GGG   0   0   0   0   0   0
--------------------------------------------------------------------------------------------------------------------------------------

--------------------------------------------------------------------------------------------------------------------------------------
Phe TTT   0   0   0   0   0   0 | Ser TCT   1   1   1   1   1   1 | Tyr TAT   0   0   0   0   0   0 | Cys TGT   0   0   0   0   0   0
    TTC   0   0   0   0   0   0 |     TCC   0   0   0   0   0   0 |     TAC   0   0   0   0   0   0 |     TGC   0   0   0   0   0   0
Leu TTA   0   0   0   0   0   0 |     TCA   0   0   0   0   0   0 | *** TAA   0   0   0   0   0   0 | *** TGA   0   0   0   0   0   0
    TTG   1   1   1   1   1   1 |     TCG   0   0   0   0   0   0 |     TAG   0   0   0   0   0   0 | Trp TGG   0   0   0   0   0   0
--------------------------------------------------------------------------------------------------------------------------------------
Leu CTT   0   0   0   0   0   0 | Pro CCT   0   0   0   0   0   0 | His CAT   0   0   0   0   0   0 | Arg CGT   2   2   2   2   2   2
    CTC   0   0   0   0   0   0 |     CCC   0   0   0   0   0   0 |     CAC   1   1   1   1   1   1 |     CGC   2   2   2   2   2   2
    CTA   0   0   0   0   0   0 |     CCA   0   0   0   0   0   0 | Gln CAA   1   0   0   0   0   0 |     CGA   0   0   0   0   0   0
    CTG   5   5   5   5   5   5 |     CCG   0   0   0   0   0   0 |     CAG   4   5   5   5   5   5 |     CGG   0   0   0   0   0   0
--------------------------------------------------------------------------------------------------------------------------------------
Ile ATT   2   2   2   1   1   1 | Thr ACT   0   0   0   0   0   0 | Asn AAT   0   0   0   0   0   0 | Ser AGT   1   1   1   1   1   1
    ATC   2   2   2   3   3   3 |     ACC   0   0   0   0   0   0 |     AAC   1   1   1   1   1   1 |     AGC   0   0   0   0   0   0
    ATA   0   0   0   0   0   0 |     ACA   1   1   1   1   1   1 | Lys AAA   2   1   2   2   2   2 | Arg AGA   1   1   1   1   1   1
Met ATG   1   1   1   1   1   1 |     ACG   0   0   0   0   0   0 |     AAG   3   4   3   3   3   3 |     AGG   0   0   0   0   0   0
--------------------------------------------------------------------------------------------------------------------------------------
Val GTT   1   1   1   1   1   1 | Ala GCT   3   4   3   3   3   3 | Asp GAT   5   4   4   4   5   5 | Gly GGT   0   0   0   0   0   0
    GTC   0   0   0   0   0   0 |     GCC   5   4   5   5   5   5 |     GAC   1   2   2   2   1   1 |     GGC   0   0   0   0   0   0
    GTA   1   1   1   1   1   1 |     GCA   3   3   3   3   3   3 | Glu GAA   2   3   2   2   2   2 |     GGA   0   0   0   0   0   0
    GTG   0   0   0   0   0   0 |     GCG   0   0   0   0   0   0 |     GAG  14  13  14  14  14  14 |     GGG   0   0   0   0   0   0
--------------------------------------------------------------------------------------------------------------------------------------

Codon position x base (3x4) table for each sequence.

#1: Argali         
position  1:    T:0.03030    C:0.22727    A:0.21212    G:0.53030
position  2:    T:0.19697    C:0.19697    A:0.51515    G:0.09091
position  3:    T:0.21212    C:0.19697    A:0.16667    G:0.42424
Average         T:0.14646    C:0.20707    A:0.29798    G:0.34848

#2: LesserMouseDeer
position  1:    T:0.03030    C:0.22727    A:0.21212    G:0.53030
position  2:    T:0.19697    C:0.19697    A:0.51515    G:0.09091
position  3:    T:0.16667    C:0.24242    A:0.19697    G:0.39394
Average         T:0.13131    C:0.22222    A:0.30808    G:0.33838

#3: LesserKudu     
position  1:    T:0.03030    C:0.22727    A:0.21212    G:0.53030
position  2:    T:0.19697    C:0.19697    A:0.51515    G:0.09091
position  3:    T:0.19697    C:0.21212    A:0.16667    G:0.42424
Average         T:0.14141    C:0.21212    A:0.29798    G:0.34848

#4: ForestMuskDeer2
position  1:    T:0.03030    C:0.22727    A:0.21212    G:0.53030
position  2:    T:0.19697    C:0.19697    A:0.51515    G:0.09091
position  3:    T:0.19697    C:0.21212    A:0.15152    G:0.43939
Average         T:0.14141    C:0.21212    A:0.29293    G:0.35354

#5: Camel          
position  1:    T:0.04545    C:0.21212    A:0.21212    G:0.53030
position  2:    T:0.19697    C:0.19697    A:0.51515    G:0.09091
position  3:    T:0.19697    C:0.19697    A:0.18182    G:0.42424
Average         T:0.14646    C:0.20202    A:0.30303    G:0.34848

#6: KillerWhale    
position  1:    T:0.03030    C:0.22727    A:0.21212    G:0.53030
position  2:    T:0.19697    C:0.19697    A:0.51515    G:0.09091
position  3:    T:0.18182    C:0.22727    A:0.18182    G:0.40909
Average         T:0.13636    C:0.21717    A:0.30303    G:0.34343

#7: DefassaWaterbuck
position  1:    T:0.03030    C:0.22727    A:0.21212    G:0.53030
position  2:    T:0.19697    C:0.19697    A:0.51515    G:0.09091
position  3:    T:0.21212    C:0.18182    A:0.16667    G:0.43939
Average         T:0.14646    C:0.20202    A:0.29798    G:0.35354

#8: Sheep          
position  1:    T:0.03030    C:0.22727    A:0.21212    G:0.53030
position  2:    T:0.19697    C:0.19697    A:0.51515    G:0.09091
position  3:    T:0.21212    C:0.19697    A:0.16667    G:0.42424
Average         T:0.14646    C:0.20707    A:0.29798    G:0.34848

#9: MaxwellsDuiker 
position  1:    T:0.03030    C:0.22727    A:0.21212    G:0.53030
position  2:    T:0.19697    C:0.19697    A:0.51515    G:0.09091
position  3:    T:0.21212    C:0.19697    A:0.12121    G:0.46970
Average         T:0.14646    C:0.20707    A:0.28283    G:0.36364

#10: GazellaPrzewalskyi
position  1:    T:0.03030    C:0.22727    A:0.21212    G:0.53030
position  2:    T:0.19697    C:0.19697    A:0.51515    G:0.09091
position  3:    T:0.21212    C:0.19697    A:0.16667    G:0.42424
Average         T:0.14646    C:0.20707    A:0.29798    G:0.34848

#11: MountainNyala  
position  1:    T:0.03030    C:0.22727    A:0.21212    G:0.53030
position  2:    T:0.19697    C:0.19697    A:0.51515    G:0.09091
position  3:    T:0.21212    C:0.19697    A:0.16667    G:0.42424
Average         T:0.14646    C:0.20707    A:0.29798    G:0.34848

#12: MuntiacusMuntjak
position  1:    T:0.03030    C:0.22727    A:0.21212    G:0.53030
position  2:    T:0.19697    C:0.19697    A:0.51515    G:0.09091
position  3:    T:0.21212    C:0.19697    A:0.16667    G:0.42424
Average         T:0.14646    C:0.20707    A:0.29798    G:0.34848

#13: goat           
position  1:    T:0.03030    C:0.22727    A:0.21212    G:0.53030
position  2:    T:0.19697    C:0.19697    A:0.51515    G:0.09091
position  3:    T:0.21212    C:0.19697    A:0.15152    G:0.43939
Average         T:0.14646    C:0.20707    A:0.29293    G:0.35354

#14: AfricanBuffalo 
position  1:    T:0.03030    C:0.22727    A:0.21212    G:0.53030
position  2:    T:0.19697    C:0.19697    A:0.51515    G:0.09091
position  3:    T:0.19697    C:0.21212    A:0.13636    G:0.45455
Average         T:0.14141    C:0.21212    A:0.28788    G:0.35859

#15: Topi           
position  1:    T:0.03030    C:0.22727    A:0.21212    G:0.53030
position  2:    T:0.19697    C:0.19697    A:0.51515    G:0.09091
position  3:    T:0.24242    C:0.16667    A:0.16667    G:0.42424
Average         T:0.15657    C:0.19697    A:0.29798    G:0.34848

#16: CommonDuiker   
position  1:    T:0.03030    C:0.22727    A:0.21212    G:0.53030
position  2:    T:0.19697    C:0.19697    A:0.51515    G:0.09091
position  3:    T:0.21212    C:0.19697    A:0.15152    G:0.43939
Average         T:0.14646    C:0.20707    A:0.29293    G:0.35354

#17: Suni           
position  1:    T:0.03030    C:0.22727    A:0.21212    G:0.53030
position  2:    T:0.19697    C:0.19697    A:0.51515    G:0.09091
position  3:    T:0.19697    C:0.19697    A:0.13636    G:0.46970
Average         T:0.14141    C:0.20707    A:0.28788    G:0.36364

#18: Springbuck     
position  1:    T:0.03030    C:0.22727    A:0.21212    G:0.53030
position  2:    T:0.19697    C:0.19697    A:0.51515    G:0.09091
position  3:    T:0.21212    C:0.19697    A:0.15152    G:0.43939
Average         T:0.14646    C:0.20707    A:0.29293    G:0.35354

#19: Okapi          
position  1:    T:0.03030    C:0.22727    A:0.21212    G:0.53030
position  2:    T:0.19697    C:0.19697    A:0.51515    G:0.09091
position  3:    T:0.19697    C:0.19697    A:0.18182    G:0.42424
Average         T:0.14141    C:0.20707    A:0.30303    G:0.34848

#20: Giraffe        
position  1:    T:0.03030    C:0.22727    A:0.21212    G:0.53030
position  2:    T:0.19697    C:0.19697    A:0.51515    G:0.09091
position  3:    T:0.18182    C:0.22727    A:0.18182    G:0.40909
Average         T:0.13636    C:0.21717    A:0.30303    G:0.34343

#21: TibetanAntelope
position  1:    T:0.03030    C:0.22727    A:0.21212    G:0.53030
position  2:    T:0.19697    C:0.19697    A:0.51515    G:0.09091
position  3:    T:0.21212    C:0.19697    A:0.16667    G:0.42424
Average         T:0.14646    C:0.20707    A:0.29798    G:0.34848

#22: Sitatunga      
position  1:    T:0.03030    C:0.22727    A:0.21212    G:0.53030
position  2:    T:0.19697    C:0.19697    A:0.51515    G:0.09091
position  3:    T:0.21212    C:0.19697    A:0.16667    G:0.42424
Average         T:0.14646    C:0.20707    A:0.29798    G:0.34848

#23: Oribi          
position  1:    T:0.03030    C:0.22727    A:0.21212    G:0.53030
position  2:    T:0.19697    C:0.19697    A:0.51515    G:0.09091
position  3:    T:0.21212    C:0.19697    A:0.13636    G:0.45455
Average         T:0.14646    C:0.20707    A:0.28788    G:0.35859

#24: BarbarySheep   
position  1:    T:0.03030    C:0.22727    A:0.21212    G:0.53030
position  2:    T:0.19697    C:0.19697    A:0.51515    G:0.09091
position  3:    T:0.21212    C:0.19697    A:0.15152    G:0.43939
Average         T:0.14646    C:0.20707    A:0.29293    G:0.35354

#25: Daviddeer      
position  1:    T:0.03030    C:0.22727    A:0.21212    G:0.53030
position  2:    T:0.19697    C:0.19697    A:0.51515    G:0.09091
position  3:    T:0.22727    C:0.18182    A:0.16667    G:0.42424
Average         T:0.15152    C:0.20202    A:0.29798    G:0.34848

#26: Reindeer       
position  1:    T:0.03030    C:0.22727    A:0.21212    G:0.53030
position  2:    T:0.19697    C:0.19697    A:0.51515    G:0.09091
position  3:    T:0.21212    C:0.19697    A:0.19697    G:0.39394
Average         T:0.14646    C:0.20707    A:0.30808    G:0.33838

#27: Ibex           
position  1:    T:0.03030    C:0.22727    A:0.21212    G:0.53030
position  2:    T:0.19697    C:0.19697    A:0.51515    G:0.09091
position  3:    T:0.21212    C:0.19697    A:0.15152    G:0.43939
Average         T:0.14646    C:0.20707    A:0.29293    G:0.35354

#28: GyrantGazelle  
position  1:    T:0.03030    C:0.22727    A:0.21212    G:0.53030
position  2:    T:0.19697    C:0.19697    A:0.51515    G:0.09091
position  3:    T:0.22727    C:0.18182    A:0.15152    G:0.43939
Average         T:0.15152    C:0.20202    A:0.29293    G:0.35354

#29: Hartebeest     
position  1:    T:0.03030    C:0.22727    A:0.21212    G:0.53030
position  2:    T:0.19697    C:0.19697    A:0.51515    G:0.09091
position  3:    T:0.22727    C:0.18182    A:0.16667    G:0.42424
Average         T:0.15152    C:0.20202    A:0.29798    G:0.34848

#30: Bongo          
position  1:    T:0.03030    C:0.22727    A:0.21212    G:0.53030
position  2:    T:0.19697    C:0.19697    A:0.51515    G:0.09091
position  3:    T:0.21212    C:0.19697    A:0.15152    G:0.43939
Average         T:0.14646    C:0.20707    A:0.29293    G:0.35354

#31: Gerenuk        
position  1:    T:0.03030    C:0.22727    A:0.21212    G:0.53030
position  2:    T:0.19697    C:0.19697    A:0.51515    G:0.09091
position  3:    T:0.21212    C:0.19697    A:0.16667    G:0.42424
Average         T:0.14646    C:0.20707    A:0.29798    G:0.34848

#32: CommonEland    
position  1:    T:0.03030    C:0.22727    A:0.21212    G:0.53030
position  2:    T:0.19697    C:0.19697    A:0.51515    G:0.09091
position  3:    T:0.21212    C:0.19697    A:0.15152    G:0.43939
Average         T:0.14646    C:0.20707    A:0.29293    G:0.35354

#33: MuntiacusReevesi
position  1:    T:0.03030    C:0.22727    A:0.21212    G:0.53030
position  2:    T:0.19697    C:0.19697    A:0.51515    G:0.09091
position  3:    T:0.21212    C:0.19697    A:0.16667    G:0.42424
Average         T:0.14646    C:0.20707    A:0.29798    G:0.34848

#34: HarveysDuiker  
position  1:    T:0.03030    C:0.22727    A:0.21212    G:0.53030
position  2:    T:0.19697    C:0.19697    A:0.51515    G:0.09091
position  3:    T:0.21212    C:0.19697    A:0.13636    G:0.45455
Average         T:0.14646    C:0.20707    A:0.28788    G:0.35859

#35: Pronghorn      
position  1:    T:0.03030    C:0.22727    A:0.21212    G:0.53030
position  2:    T:0.19697    C:0.19697    A:0.51515    G:0.09091
position  3:    T:0.18182    C:0.21212    A:0.16667    G:0.43939
Average         T:0.13636    C:0.21212    A:0.29798    G:0.35354

#36: BlueWildebeest 
position  1:    T:0.03030    C:0.22727    A:0.21212    G:0.53030
position  2:    T:0.19697    C:0.19697    A:0.51515    G:0.09091
position  3:    T:0.22727    C:0.18182    A:0.15152    G:0.43939
Average         T:0.15152    C:0.20202    A:0.29293    G:0.35354

#37: Gemsbok        
position  1:    T:0.03030    C:0.22727    A:0.21212    G:0.53030
position  2:    T:0.19697    C:0.19697    A:0.51515    G:0.09091
position  3:    T:0.22727    C:0.18182    A:0.15152    G:0.43939
Average         T:0.15152    C:0.20202    A:0.29293    G:0.35354

#38: Yak            
position  1:    T:0.03030    C:0.22727    A:0.21212    G:0.53030
position  2:    T:0.19697    C:0.19697    A:0.51515    G:0.09091
position  3:    T:0.19697    C:0.21212    A:0.13636    G:0.45455
Average         T:0.14141    C:0.21212    A:0.28788    G:0.35859

#39: BlueSheep      
position  1:    T:0.03030    C:0.22727    A:0.21212    G:0.53030
position  2:    T:0.19697    C:0.19697    A:0.51515    G:0.09091
position  3:    T:0.21212    C:0.19697    A:0.15152    G:0.43939
Average         T:0.14646    C:0.20707    A:0.29293    G:0.35354

#40: BohorReedbuck  
position  1:    T:0.03030    C:0.22727    A:0.21212    G:0.53030
position  2:    T:0.19697    C:0.19697    A:0.51515    G:0.09091
position  3:    T:0.22727    C:0.16667    A:0.15152    G:0.45455
Average         T:0.15152    C:0.19697    A:0.29293    G:0.35859

#41: KirksDik       
position  1:    T:0.03030    C:0.22727    A:0.21212    G:0.53030
position  2:    T:0.19697    C:0.19697    A:0.51515    G:0.09091
position  3:    T:0.22727    C:0.18182    A:0.16667    G:0.42424
Average         T:0.15152    C:0.20202    A:0.29798    G:0.34848

#42: RoeDeer        
position  1:    T:0.03030    C:0.22727    A:0.21212    G:0.53030
position  2:    T:0.19697    C:0.19697    A:0.51515    G:0.09091
position  3:    T:0.21212    C:0.19697    A:0.18182    G:0.40909
Average         T:0.14646    C:0.20707    A:0.30303    G:0.34343

#43: WhiteLippedDeer
position  1:    T:0.03030    C:0.22727    A:0.21212    G:0.53030
position  2:    T:0.19697    C:0.19697    A:0.51515    G:0.09091
position  3:    T:0.21212    C:0.19697    A:0.16667    G:0.42424
Average         T:0.14646    C:0.20707    A:0.29798    G:0.34848

#44: ThomsonGazelle 
position  1:    T:0.03030    C:0.22727    A:0.21212    G:0.53030
position  2:    T:0.19697    C:0.19697    A:0.51515    G:0.09091
position  3:    T:0.22727    C:0.18182    A:0.15152    G:0.43939
Average         T:0.15152    C:0.20202    A:0.29293    G:0.35354

#45: MuntiacusCrinifrons
position  1:    T:0.03030    C:0.22727    A:0.21212    G:0.53030
position  2:    T:0.19697    C:0.19697    A:0.51515    G:0.09091
position  3:    T:0.21212    C:0.18182    A:0.18182    G:0.42424
Average         T:0.14646    C:0.20202    A:0.30303    G:0.34848

#46: WhiteTailedDeer
position  1:    T:0.03030    C:0.22727    A:0.21212    G:0.53030
position  2:    T:0.19697    C:0.19697    A:0.51515    G:0.09091
position  3:    T:0.21212    C:0.19697    A:0.16667    G:0.42424
Average         T:0.14646    C:0.20707    A:0.29798    G:0.34848

#47: Cattle         
position  1:    T:0.03030    C:0.22727    A:0.21212    G:0.53030
position  2:    T:0.19697    C:0.19697    A:0.51515    G:0.09091
position  3:    T:0.19697    C:0.21212    A:0.15152    G:0.43939
Average         T:0.14141    C:0.21212    A:0.29293    G:0.35354

#48: RoyalAntelope  
position  1:    T:0.03030    C:0.22727    A:0.21212    G:0.53030
position  2:    T:0.19697    C:0.19697    A:0.51515    G:0.09091
position  3:    T:0.24242    C:0.18182    A:0.16667    G:0.40909
Average         T:0.15657    C:0.20202    A:0.29798    G:0.34343

#49: Steenbok       
position  1:    T:0.03030    C:0.22727    A:0.21212    G:0.53030
position  2:    T:0.19697    C:0.19697    A:0.51515    G:0.09091
position  3:    T:0.22727    C:0.18182    A:0.16667    G:0.42424
Average         T:0.15152    C:0.20202    A:0.29798    G:0.34848

#50: Impala         
position  1:    T:0.03030    C:0.22727    A:0.21212    G:0.53030
position  2:    T:0.19697    C:0.19697    A:0.51515    G:0.09091
position  3:    T:0.22727    C:0.18182    A:0.15152    G:0.43939
Average         T:0.15152    C:0.20202    A:0.29293    G:0.35354

#51: Klipspringer   
position  1:    T:0.03030    C:0.22727    A:0.21212    G:0.53030
position  2:    T:0.19697    C:0.19697    A:0.51515    G:0.09091
