1
52 1
Argali 0.000000 0.241200 0.121700 0.292400 0.050700 0.000100 0.050400 0.025300 0.124900 0.049000 0.000200 0.049000 0.025200 0.101200 0.099900 0.024300 0.099500 0.074500 0.000200 0.126400 0.000200 0.048400 0.075000 0.098500 0.000200 0.000300 0.024200 0.127000 0.000200 0.127300 0.101800 0.133500 0.136600 0.000200 0.024200 0.073800 0.000200 0.050700 0.025100 0.098500 0.049000 0.047700 0.049000 0.073500 0.049000 0.024500 0.076600 0.159000 0.099200 0.305200 0.150900 0.152400
LesserMous 0.241200 0.000000 0.283400 0.317500 0.242000 0.244400 0.309100 0.282900 0.228100 0.206900 0.246000 0.206900 0.283900 0.300400 0.262000 0.273600 0.172600 0.236200 0.246000 0.292600 0.244200 0.302000 0.209200 0.261900 0.246000 0.242200 0.273700 0.295500 0.244200 0.295200 0.272200 0.419100 0.280800 0.246000 0.273700 0.234900 0.246000 0.242000 0.281300 0.261900 0.206900 0.298100 0.206900 0.233500 0.206900 0.208600 0.314200 0.267400 0.172000 0.446600 0.255700 0.261000
LesserKudu 0.121700 0.283400 0.000000 0.300800 0.121400 0.121900 0.178300 0.152800 0.044200 0.068300 0.122000 0.068300 0.152100 0.174000 0.116700 0.147400 0.116000 0.092600 0.122000 0.044700 0.122000 0.119300 0.092900 0.115100 0.122000 0.121700 0.146900 0.044900 0.122000 0.045000 0.117600 0.210000 0.209800 0.122000 0.146900 0.091700 0.122000 0.121400 0.151500 0.115100 0.068300 0.118600 0.068300 0.091400 0.068300 0.093900 0.122800 0.172300 0.141400 0.242200 0.066800 0.067100
KillerWhal 0.292400 0.317500 0.300800 0.000000 0.294400 0.297600 0.362700 0.266400 0.274600 0.225900 0.301200 0.225900 0.340500 0.425500 0.223300 0.327500 0.217900 0.255800 0.301200 0.309200 0.297200 0.357800 0.257600 0.279000 0.301200 0.294200 0.329100 0.311100 0.297200 0.311800 0.289400 0.475100 0.330300 0.301200 0.329100 0.253000 0.301200 0.294400 0.336200 0.279000 0.225900 0.350500 0.225900 0.251500 0.225900 0.258800 0.332200 0.349900 0.254600 0.413900 0.302300 0.341200
DefassaWat 0.050700 0.242000 0.121400 0.294400 0.000000 0.050800 0.106200 0.079800 0.124500 0.048800 0.050800 0.048800 0.079500 0.159700 0.099500 0.076600 0.099100 0.074200 0.050800 0.126000 0.050900 0.101700 0.074700 0.098200 0.050800 0.050700 0.076200 0.126700 0.050900 0.126400 0.101100 0.197100 0.136500 0.050800 0.076200 0.073500 0.050800 0.000000 0.079100 0.098200 0.048800 0.101700 0.048800 0.073200 0.048800 0.024400 0.134400 0.158900 0.098800 0.306900 0.150400 0.151800
Sheep 0.000100 0.244400 0.121900 0.297600 0.050800 0.000000 0.050600 0.025400 0.125300 0.049100 0.000100 0.049100 0.025300 0.101500 0.100400 0.024400 0.099700 0.074600 0.000100 0.126800 0.000100 0.048500 0.075200 0.098700 0.000100 0.000200 0.024300 0.127300 0.000100 0.127700 0.102200 0.134000 0.137100 0.000100 0.024300 0.074000 0.000100 0.050800 0.025200 0.098700 0.049100 0.047800 0.049100 0.073600 0.049100 0.024500 0.076900 0.159500 0.099500 0.311300 0.151300 0.152900
MaxwellsDu 0.050400 0.309100 0.178300 0.362700 0.106200 0.050600 0.000000 0.079300 0.182800 0.102300 0.050700 0.102300 0.079100 0.158500 0.156100 0.076300 0.155800 0.129800 0.050700 0.128800 0.050600 0.101500 0.130500 0.154600 0.050700 0.050400 0.076200 0.129500 0.050600 0.129800 0.159000 0.136200 0.201800 0.050700 0.076000 0.128600 0.050700 0.106200 0.078800 0.154600 0.102300 0.101200 0.102300 0.128000 0.102300 0.076800 0.133800 0.162500 0.155200 0.312600 0.210500 0.212600
GazellaPrz 0.025300 0.282900 0.152800 0.266400 0.079800 0.025400 0.079300 0.000000 0.156900 0.077000 0.025400 0.077000 0.052900 0.132200 0.130500 0.051000 0.130100 0.104000 0.025400 0.158900 0.025400 0.076200 0.104800 0.128900 0.025400 0.025400 0.050800 0.159800 0.025400 0.160300 0.133200 0.167700 0.111200 0.025400 0.050800 0.103100 0.025400 0.079800 0.052800 0.128900 0.077000 0.076100 0.077000 0.102600 0.077000 0.051400 0.107300 0.195300 0.129800 0.315300 0.184200 0.186200
MountainNy 0.124900 0.228100 0.044200 0.274600 0.124500 0.125300 0.182800 0.156900 0.000000 0.069800 0.124800 0.069800 0.155500 0.178600 0.119100 0.151200 0.092100 0.095000 0.124800 0.045700 0.125300 0.121700 0.095000 0.117400 0.124800 0.125000 0.149900 0.045700 0.125300 0.046000 0.120500 0.214900 0.213500 0.124800 0.149900 0.093700 0.124800 0.124500 0.155600 0.117400 0.069800 0.176200 0.069800 0.093300 0.069800 0.096000 0.153500 0.176500 0.145200 0.250900 0.021800 0.068400
MuntiacusM 0.049000 0.206900 0.068300 0.225900 0.048800 0.049100 0.102300 0.077000 0.069800 0.000000 0.048900 0.000000 0.076300 0.154400 0.046600 0.074000 0.046300 0.023200 0.048900 0.070800 0.049200 0.097900 0.023300 0.045900 0.048900 0.049100 0.073300 0.070800 0.049200 0.071300 0.047300 0.189500 0.130700 0.048900 0.073700 0.022900 0.048900 0.048800 0.076300 0.045900 0.000000 0.098400 0.000000 0.022800 0.000000 0.023500 0.075200 0.098600 0.071100 0.225400 0.093600 0.094400
goat 0.000200 0.246000 0.122000 0.301200 0.050800 0.000100 0.050700 0.025400 0.124800 0.048900 0.000000 0.048900 0.025200 0.101600 0.100400 0.024400 0.099300 0.074700 0.000000 0.126900 0.000100 0.048400 0.074900 0.098300 0.000000 0.000100 0.024200 0.126900 0.000100 0.127800 0.101700 0.134000 0.136600 0.000000 0.024200 0.073700 0.000000 0.050800 0.025200 0.098300 0.048900 0.048600 0.048900 0.073400 0.048900 0.024500 0.076900 0.159700 0.099600 0.313400 0.150700 0.152300
AfricanBuf 0.049000 0.206900 0.068300 0.225900 0.048800 0.049100 0.102300 0.077000 0.069800 0.000000 0.048900 0.000000 0.076300 0.154400 0.046600 0.074000 0.046300 0.023200 0.048900 0.070800 0.049200 0.097900 0.023300 0.045900 0.048900 0.049100 0.073300 0.070600 0.049200 0.071300 0.047300 0.189500 0.130700 0.048900 0.073300 0.022900 0.048900 0.048800 0.076300 0.045900 0.000000 0.098400 0.000000 0.022800 0.000000 0.023500 0.075200 0.098600 0.071100 0.225400 0.093600 0.094400
Topi 0.025200 0.283900 0.152100 0.340500 0.079500 0.025300 0.079100 0.052900 0.155500 0.076300 0.025200 0.076300 0.000000 0.131900 0.130200 0.050800 0.128900 0.103500 0.025200 0.158400 0.025300 0.075500 0.103800 0.127700 0.025200 0.025200 0.050300 0.158500 0.025300 0.159700 0.132000 0.167700 0.171500 0.025200 0.050300 0.102100 0.025200 0.079500 0.052600 0.127700 0.076300 0.075800 0.076300 0.101600 0.076300 0.050900 0.106900 0.194500 0.129100 0.363800 0.182600 0.184600
CommonDuik 0.101200 0.300400 0.174000 0.425500 0.159700 0.101500 0.158500 0.132200 0.178600 0.154400 0.101600 0.154400 0.131900 0.000000 0.210200 0.127300 0.151900 0.182700 0.101600 0.180500 0.101400 0.098700 0.184200 0.207300 0.101600 0.101000 0.126900 0.181400 0.101400 0.181900 0.155700 0.128300 0.259200 0.101600 0.126900 0.181200 0.101600 0.159700 0.131400 0.207300 0.154400 0.152200 0.154400 0.180300 0.154400 0.128400 0.187800 0.215400 0.233300 0.410000 0.205600 0.097600
Suni 0.099900 0.262000 0.116700 0.223300 0.099500 0.100400 0.156100 0.130500 0.119100 0.046600 0.100400 0.046600 0.130200 0.210200 0.000000 0.126000 0.094700 0.071000 0.100400 0.120100 0.100300 0.151000 0.071400 0.093800 0.100400 0.100000 0.125500 0.120800 0.100300 0.121000 0.096500 0.249000 0.188000 0.100400 0.125500 0.070300 0.100400 0.099500 0.129900 0.093800 0.046600 0.150800 0.046600 0.070000 0.046600 0.072200 0.128000 0.097600 0.120600 0.283900 0.143900 0.144900
Springbuck 0.024300 0.273600 0.147400 0.327500 0.076600 0.024400 0.076300 0.051000 0.151200 0.074000 0.024400 0.074000 0.050800 0.127300 0.126000 0.000000 0.125300 0.048300 0.024400 0.153000 0.024300 0.073300 0.100800 0.071900 0.024400 0.024400 0.048800 0.153700 0.024300 0.154200 0.128000 0.161300 0.165500 0.024400 0.048800 0.099200 0.024400 0.076600 0.050400 0.124200 0.074000 0.073300 0.074000 0.098800 0.074000 0.049300 0.102600 0.187100 0.072500 0.344000 0.177700 0.179300
Okapi 0.099500 0.172600 0.116000 0.217900 0.099100 0.099700 0.155800 0.130100 0.092100 0.046300 0.099300 0.046300 0.128900 0.151900 0.094700 0.125300 0.000000 0.070800 0.099300 0.120000 0.099700 0.149500 0.071000 0.093300 0.099300 0.099500 0.124200 0.120000 0.099700 0.120800 0.096000 0.247900 0.185900 0.099300 0.124200 0.069900 0.099300 0.099100 0.129000 0.093300 0.046300 0.150100 0.046300 0.069600 0.046300 0.071600 0.127200 0.097300 0.120400 0.289200 0.115900 0.093200
Giraffe 0.074500 0.236200 0.092600 0.255800 0.074200 0.074600 0.129800 0.104000 0.095000 0.023200 0.074700 0.023200 0.103500 0.182700 0.071000 0.048300 0.070800 0.000000 0.074700 0.095900 0.074700 0.124800 0.047400 0.022600 0.074700 0.074500 0.099600 0.096300 0.074700 0.096500 0.070500 0.220200 0.160100 0.074700 0.099600 0.046700 0.074700 0.074200 0.103100 0.070100 0.023200 0.124800 0.023200 0.046500 0.023200 0.047900 0.101600 0.124800 0.046500 0.257600 0.119500 0.120400
TibetanAnt 0.000200 0.246000 0.122000 0.301200 0.050800 0.000100 0.050700 0.025400 0.124800 0.048900 0.000000 0.048900 0.025200 0.101600 0.100400 0.024400 0.099300 0.074700 0.000000 0.126900 0.000100 0.048400 0.074900 0.098300 0.000000 0.000100 0.024200 0.126900 0.000100 0.127800 0.101700 0.134000 0.136600 0.000000 0.024200 0.073700 0.000000 0.050800 0.025200 0.098300 0.048900 0.048600 0.048900 0.073400 0.048900 0.024500 0.076900 0.159700 0.099600 0.313400 0.150700 0.152300
Sitatunga 0.126400 0.292600 0.044700 0.309200 0.126000 0.126800 0.128800 0.158900 0.045700 0.070800 0.126900 0.070800 0.158400 0.180500 0.120100 0.153000 0.120000 0.095900 0.126900 0.000000 0.126700 0.123800 0.096200 0.119000 0.126900 0.126400 0.152500 0.000100 0.126700 0.000100 0.121800 0.159600 0.218700 0.126900 0.152900 0.095000 0.126900 0.126000 0.157700 0.119000 0.070800 0.178700 0.070800 0.094600 0.070800 0.097500 0.155400 0.124400 0.146300 0.187200 0.069000 0.069400
Oribi 0.000200 0.244200 0.122000 0.297200 0.050900 0.000100 0.050600 0.025400 0.125300 0.049200 0.000100 0.049200 0.025300 0.101400 0.100300 0.024300 0.099700 0.074700 0.000100 0.126700 0.000000 0.048600 0.075300 0.098800 0.000100 0.000100 0.024300 0.127300 0.000000 0.127700 0.102100 0.133600 0.137100 0.000100 0.024300 0.074100 0.000100 0.050900 0.025100 0.098800 0.049200 0.048600 0.049200 0.073700 0.049200 0.024600 0.076600 0.159400 0.099600 0.309700 0.151200 0.152800
BarbaryShe 0.048400 0.302000 0.119300 0.357800 0.101700 0.048500 0.101500 0.076200 0.121700 0.097900 0.048400 0.097900 0.075500 0.098700 0.151000 0.073300 0.149500 0.124800 0.048400 0.123800 0.048600 0.000000 0.124800 0.148300 0.048400 0.048500 0.072600 0.123800 0.048600 0.124700 0.152200 0.075500 0.191700 0.048400 0.072600 0.123200 0.048400 0.101700 0.075500 0.095300 0.097900 0.097500 0.097900 0.122600 0.097900 0.073300 0.128300 0.213800 0.149400 0.377900 0.094700 0.148400
Daviddeer 0.075000 0.209200 0.092900 0.257600 0.074700 0.075200 0.130500 0.104800 0.095000 0.023300 0.074900 0.023300 0.103800 0.184200 0.071400 0.100800 0.071000 0.047400 0.074900 0.096200 0.075300 0.124800 0.000000 0.070200 0.074900 0.075100 0.099800 0.096200 0.075300 0.096900 0.072500 0.221200 0.159800 0.074900 0.099800 0.046800 0.074900 0.074700 0.103900 0.070200 0.023300 0.125500 0.023300 0.046600 0.023300 0.048300 0.102300 0.125700 0.096800 0.260800 0.119500 0.120400
Reindeer 0.098500 0.261900 0.115100 0.279000 0.098200 0.098700 0.154600 0.128900 0.117400 0.045900 0.098300 0.045900 0.127700 0.207300 0.093800 0.071900 0.093300 0.022600 0.098300 0.119000 0.098800 0.148300 0.070200 0.000000 0.098300 0.098500 0.123100 0.119100 0.098800 0.119900 0.094800 0.246100 0.184500 0.098300 0.123100 0.069200 0.098300 0.098200 0.127800 0.045000 0.045900 0.148900 0.045900 0.022400 0.045900 0.070900 0.126100 0.149200 0.069100 0.286300 0.142000 0.142900
Ibex 0.000200 0.246000 0.122000 0.301200 0.050800 0.000100 0.050700 0.025400 0.124800 0.048900 0.000000 0.048900 0.025200 0.101600 0.100400 0.024400 0.099300 0.074700 0.000000 0.126900 0.000100 0.048400 0.074900 0.098300 0.000000 0.000100 0.024200 0.126900 0.000100 0.127800 0.101700 0.134000 0.136600 0.000000 0.024200 0.073700 0.000000 0.050800 0.025200 0.098300 0.048900 0.048600 0.048900 0.073400 0.048900 0.024500 0.076900 0.159700 0.099600 0.313400 0.150700 0.152300
GyrantGaze 0.000300 0.242200 0.121700 0.294200 0.050700 0.000200 0.050400 0.025400 0.125000 0.049100 0.000100 0.049100 0.025200 0.101000 0.100000 0.024400 0.099500 0.074500 0.000100 0.126400 0.000100 0.048500 0.075100 0.098500 0.000100 0.000000 0.024200 0.127000 0.000100 0.127300 0.101800 0.133200 0.136700 0.000100 0.024200 0.073900 0.000100 0.050700 0.025200 0.098500 0.049100 0.048400 0.049100 0.073500 0.049100 0.024500 0.076700 0.159000 0.099300 0.307000 0.150800 0.152400
Hartebeest 0.024200 0.273700 0.146900 0.329100 0.076200 0.024300 0.076200 0.050800 0.149900 0.073300 0.024200 0.073300 0.050300 0.126900 0.125500 0.048800 0.124200 0.099600 0.024200 0.152500 0.024300 0.072600 0.099800 0.123100 0.024200 0.024200 0.000000 0.152500 0.024300 0.153600 0.126800 0.160900 0.163900 0.024200 0.048300 0.098300 0.024200 0.076200 0.050300 0.123100 0.073300 0.072900 0.073300 0.097900 0.073300 0.048900 0.102500 0.186500 0.124400 0.345100 0.176300 0.177900
Bongo 0.127000 0.295500 0.044900 0.311100 0.126700 0.127300 0.129500 0.159800 0.045700 0.070800 0.126900 0.070600 0.158500 0.181400 0.120800 0.153700 0.120000 0.096300 0.126900 0.000100 0.127300 0.123800 0.096200 0.119100 0.126900 0.127000 0.152500 0.000000 0.127300 0.000100 0.121900 0.160100 0.218400 0.126900 0.152500 0.095000 0.126900 0.126700 0.158400 0.119100 0.070800 0.179100 0.070800 0.094600 0.070800 0.097500 0.156200 0.125100 0.147000 0.191300 0.069000 0.069500
Gerenuk 0.000200 0.244200 0.122000 0.297200 0.050900 0.000100 0.050600 0.025400 0.125300 0.049200 0.000100 0.049200 0.025300 0.101400 0.100300 0.024300 0.099700 0.074700 0.000100 0.126700 0.000000 0.048600 0.075300 0.098800 0.000100 0.000100 0.024300 0.127300 0.000000 0.127700 0.102100 0.133600 0.137100 0.000100 0.024300 0.074100 0.000100 0.050900 0.025100 0.098800 0.049200 0.048600 0.049200 0.073700 0.049200 0.024600 0.076600 0.159400 0.099600 0.309700 0.151200 0.152800
CommonElan 0.127300 0.295200 0.045000 0.311800 0.126400 0.127700 0.129800 0.160300 0.046000 0.071300 0.127800 0.071300 0.159700 0.181900 0.121000 0.154200 0.120800 0.096500 0.127800 0.000100 0.127700 0.124700 0.096900 0.119900 0.127800 0.127300 0.153600 0.000100 0.127700 0.000000 0.122600 0.160500 0.220200 0.127800 0.153600 0.095600 0.127800 0.126400 0.158900 0.119900 0.071300 0.179600 0.071300 0.095200 0.071300 0.098100 0.156600 0.125400 0.147300 0.189000 0.069500 0.069900
MuntiacusR 0.101800 0.272200 0.117600 0.289400 0.101100 0.102200 0.159000 0.133200 0.120500 0.047300 0.101700 0.047300 0.132000 0.155700 0.096500 0.128000 0.096000 0.070500 0.101700 0.121800 0.102100 0.152200 0.072500 0.094800 0.101700 0.101800 0.126800 0.121900 0.102100 0.122600 0.000000 0.190400 0.189200 0.101700 0.126800 0.071200 0.101700 0.101100 0.132100 0.094800 0.047300 0.153000 0.047300 0.070900 0.047300 0.073100 0.130100 0.153000 0.122800 0.295900 0.145400 0.094900
HarveysDui 0.133500 0.419100 0.210000 0.475100 0.197100 0.134000 0.136200 0.167700 0.214900 0.189500 0.134000 0.189500 0.167700 0.128300 0.249000 0.161300 0.247900 0.220200 0.134000 0.159600 0.133600 0.075500 0.221200 0.246100 0.134000 0.133200 0.160900 0.160100 0.133600 0.160500 0.190400 0.000000 0.237700 0.134000 0.103800 0.218200 0.134000 0.197100 0.166900 0.184000 0.189500 0.129700 0.189500 0.217100 0.189500 0.162500 0.227200 0.259500 0.273100 0.391400 0.182400 0.185800
Pronghorn 0.136600 0.280800 0.209800 0.330300 0.136500 0.137100 0.201800 0.111200 0.213500 0.130700 0.136600 0.130700 0.171500 0.259200 0.188000 0.165500 0.185900 0.160100 0.136600 0.218700 0.137100 0.191700 0.159800 0.184500 0.136600 0.136700 0.163900 0.218400 0.137100 0.220200 0.189200 0.237700 0.000000 0.136600 0.105700 0.157800 0.136600 0.136500 0.171400 0.184500 0.130700 0.132900 0.130700 0.157000 0.130700 0.104700 0.233300 0.259400 0.185600 0.317800 0.242300 0.244700
BlueWildeb 0.000200 0.246000 0.122000 0.301200 0.050800 0.000100 0.050700 0.025400 0.124800 0.048900 0.000000 0.048900 0.025200 0.101600 0.100400 0.024400 0.099300 0.074700 0.000000 0.126900 0.000100 0.048400 0.074900 0.098300 0.000000 0.000100 0.024200 0.126900 0.000100 0.127800 0.101700 0.134000 0.136600 0.000000 0.024200 0.073700 0.000000 0.050800 0.025200 0.098300 0.048900 0.048600 0.048900 0.073400 0.048900 0.024500 0.076900 0.159700 0.099600 0.313400 0.150700 0.152300
Gemsbok 0.024200 0.273700 0.146900 0.329100 0.076200 0.024300 0.076000 0.050800 0.149900 0.073700 0.024200 0.073300 0.050300 0.126900 0.125500 0.048800 0.124200 0.099600 0.024200 0.152900 0.024300 0.072600 0.099800 0.123100 0.024200 0.024200 0.048300 0.152500 0.024300 0.153600 0.126800 0.103800 0.105700 0.024200 0.000000 0.098300 0.024200 0.076200 0.050300 0.123100 0.073300 0.023600 0.073300 0.097900 0.073300 0.048900 0.102500 0.186500 0.124400 0.345100 0.176300 0.177900
Yak 0.073800 0.234900 0.091700 0.253000 0.073500 0.074000 0.128600 0.103100 0.093700 0.022900 0.073700 0.022900 0.102100 0.181200 0.070300 0.099200 0.069900 0.046700 0.073700 0.095000 0.074100 0.123200 0.046800 0.069200 0.073700 0.073900 0.098300 0.095000 0.074100 0.095600 0.071200 0.218200 0.157800 0.073700 0.098300 0.000000 0.073700 0.073500 0.102200 0.069200 0.022900 0.123700 0.022900 0.045900 0.022900 0.047300 0.100800 0.124100 0.095200 0.256600 0.117900 0.118700
BlueSheep 0.000200 0.246000 0.122000 0.301200 0.050800 0.000100 0.050700 0.025400 0.124800 0.048900 0.000000 0.048900 0.025200 0.101600 0.100400 0.024400 0.099300 0.074700 0.000000 0.126900 0.000100 0.048400 0.074900 0.098300 0.000000 0.000100 0.024200 0.126900 0.000100 0.127800 0.101700 0.134000 0.136600 0.000000 0.024200 0.073700 0.000000 0.050800 0.025200 0.098300 0.048900 0.048600 0.048900 0.073400 0.048900 0.024500 0.076900 0.159700 0.099600 0.313400 0.150700 0.152300
BohorReedb 0.050700 0.242000 0.121400 0.294400 0.000000 0.050800 0.106200 0.079800 0.124500 0.048800 0.050800 0.048800 0.079500 0.159700 0.099500 0.076600 0.099100 0.074200 0.050800 0.126000 0.050900 0.101700 0.074700 0.098200 0.050800 0.050700 0.076200 0.126700 0.050900 0.126400 0.101100 0.197100 0.136500 0.050800 0.076200 0.073500 0.050800 0.000000 0.079100 0.098200 0.048800 0.101700 0.048800 0.073200 0.048800 0.024400 0.134400 0.158900 0.098800 0.306900 0.150400 0.151800
KirksDik 0.025100 0.281300 0.151500 0.336200 0.079100 0.025200 0.078800 0.052800 0.155600 0.076300 0.025200 0.076300 0.052600 0.131400 0.129900 0.050400 0.129000 0.103100 0.025200 0.157700 0.025100 0.075500 0.103900 0.127800 0.025200 0.025200 0.050300 0.158400 0.025100 0.158900 0.132100 0.166900 0.171400 0.025200 0.050300 0.102200 0.025200 0.079100 0.000000 0.127800 0.076300 0.075500 0.076300 0.101700 0.076300 0.050900 0.051500 0.193300 0.128600 0.358500 0.182600 0.184600
RoeDeer 0.098500 0.261900 0.115100 0.279000 0.098200 0.098700 0.154600 0.128900 0.117400 0.045900 0.098300 0.045900 0.127700 0.207300 0.093800 0.124200 0.093300 0.070100 0.098300 0.119000 0.098800 0.095300 0.070200 0.045000 0.098300 0.098500 0.123100 0.119100 0.098800 0.119900 0.094800 0.184000 0.184500 0.098300 0.123100 0.069200 0.098300 0.098200 0.127800 0.000000 0.045900 0.148900 0.045900 0.022400 0.045900 0.070900 0.126100 0.149200 0.119100 0.286300 0.091500 0.142900
WhiteLippe 0.049000 0.206900 0.068300 0.225900 0.048800 0.049100 0.102300 0.077000 0.069800 0.000000 0.048900 0.000000 0.076300 0.154400 0.046600 0.074000 0.046300 0.023200 0.048900 0.070800 0.049200 0.097900 0.023300 0.045900 0.048900 0.049100 0.073300 0.070800 0.049200 0.071300 0.047300 0.189500 0.130700 0.048900 0.073300 0.022900 0.048900 0.048800 0.076300 0.045900 0.000000 0.098400 0.000000 0.022800 0.000000 0.023500 0.075200 0.098600 0.071100 0.225400 0.093600 0.094400
ThomsonGaz 0.047700 0.298100 0.118600 0.350500 0.101700 0.047800 0.101200 0.076100 0.176200 0.098400 0.048600 0.098400 0.075800 0.152200 0.150800 0.073300 0.150100 0.124800 0.048600 0.178700 0.048600 0.097500 0.125500 0.148900 0.048600 0.048400 0.072900 0.179100 0.048600 0.179600 0.153000 0.129700 0.132900 0.048600 0.023600 0.123700 0.048600 0.101700 0.075500 0.148900 0.098400 0.000000 0.098400 0.123200 0.098400 0.073700 0.101100 0.213500 0.149400 0.372100 0.203100 0.204700
MuntiacusC 0.049000 0.206900 0.068300 0.225900 0.048800 0.049100 0.102300 0.077000 0.069800 0.000000 0.048900 0.000000 0.076300 0.154400 0.046600 0.074000 0.046300 0.023200 0.048900 0.070800 0.049200 0.097900 0.023300 0.045900 0.048900 0.049100 0.073300 0.070800 0.049200 0.071300 0.047300 0.189500 0.130700 0.048900 0.073300 0.022900 0.048900 0.048800 0.076300 0.045900 0.000000 0.098400 0.000000 0.022800 0.000000 0.023500 0.075200 0.098600 0.071100 0.225400 0.093600 0.094400
WhiteTaile 0.073500 0.233500 0.091400 0.251500 0.073200 0.073600 0.128000 0.102600 0.093300 0.022800 0.073400 0.022800 0.101600 0.180300 0.070000 0.098800 0.069600 0.046500 0.073400 0.094600 0.073700 0.122600 0.046600 0.022400 0.073400 0.073500 0.097900 0.094600 0.073700 0.095200 0.070900 0.217100 0.157000 0.073400 0.097900 0.045900 0.073400 0.073200 0.101700 0.022400 0.022800 0.123200 0.022800 0.000000 0.022800 0.047100 0.100300 0.123500 0.094800 0.254900 0.117400 0.118200
Cattle 0.049000 0.206900 0.068300 0.225900 0.048800 0.049100 0.102300 0.077000 0.069800 0.000000 0.048900 0.000000 0.076300 0.154400 0.046600 0.074000 0.046300 0.023200 0.048900 0.070800 0.049200 0.097900 0.023300 0.045900 0.048900 0.049100 0.073300 0.070800 0.049200 0.071300 0.047300 0.189500 0.130700 0.048900 0.073300 0.022900 0.048900 0.048800 0.076300 0.045900 0.000000 0.098400 0.000000 0.022800 0.000000 0.023500 0.075200 0.098600 0.071100 0.225400 0.093600 0.094400
RoyalAntel 0.024500 0.208600 0.093900 0.258800 0.024400 0.024500 0.076800 0.051400 0.096000 0.023500 0.024500 0.023500 0.050900 0.128400 0.072200 0.049300 0.071600 0.047900 0.024500 0.097500 0.024600 0.073300 0.048300 0.070900 0.024500 0.024500 0.048900 0.097500 0.024600 0.098100 0.073100 0.162500 0.104700 0.024500 0.048900 0.047300 0.024500 0.024400 0.050900 0.070900 0.023500 0.073700 0.023500 0.047100 0.023500 0.000000 0.103700 0.127600 0.071800 0.265700 0.120700 0.121700
Steenbok 0.076600 0.314200 0.122800 0.332200 0.134400 0.076900 0.133800 0.107300 0.153500 0.075200 0.076900 0.075200 0.106900 0.187800 0.128000 0.102600 0.127200 0.101600 0.076900 0.155400 0.076600 0.128300 0.102300 0.126100 0.076900 0.076700 0.102500 0.156200 0.076600 0.156600 0.130100 0.227200 0.233300 0.076900 0.102500 0.100800 0.076900 0.134400 0.051500 0.126100 0.075200 0.101100 0.075200 0.100300 0.075200 0.103700 0.000000 0.190300 0.155700 0.351200 0.180300 0.182200
Impala 0.159000 0.267400 0.172300 0.349900 0.158900 0.159500 0.162500 0.195300 0.176500 0.098600 0.159700 0.098600 0.194500 0.215400 0.097600 0.187100 0.097300 0.124800 0.159700 0.124400 0.159400 0.213800 0.125700 0.149200 0.159700 0.159000 0.186500 0.125100 0.159400 0.125400 0.153000 0.259500 0.259400 0.159700 0.186500 0.124100 0.159700 0.158900 0.193300 0.149200 0.098600 0.213500 0.098600 0.123500 0.098600 0.127600 0.190300 0.000000 0.178500 0.228700 0.203400 0.149000
Klipspring 0.099200 0.172000 0.141400 0.254600 0.098800 0.099500 0.155200 0.129800 0.145200 0.071100 0.099600 0.071100 0.129100 0.233300 0.120600 0.072500 0.120400 0.046500 0.099600 0.146300 0.099600 0.149400 0.096800 0.069100 0.099600 0.099300 0.124400 0.147000 0.099600 0.147300 0.122800 0.273100 0.185600 0.099600 0.124400 0.095200 0.099600 0.098800 0.128600 0.119100 0.071100 0.149400 0.071100 0.094800 0.071100 0.071800 0.155700 0.178500 0.000000 0.326800 0.170500 0.171700
ForestMusk 0.305200 0.446600 0.242200 0.413900 0.306900 0.311300 0.312600 0.315300 0.250900 0.225400 0.313400 0.225400 0.363800 0.410000 0.283900 0.344000 0.289200 0.257600 0.313400 0.187200 0.309700 0.377900 0.260800 0.286300 0.313400 0.307000 0.345100 0.191300 0.309700 0.189000 0.295900 0.391400 0.317800 0.313400 0.345100 0.256600 0.313400 0.306900 0.358500 0.286300 0.225400 0.372100 0.225400 0.254900 0.225400 0.265700 0.351200 0.228700 0.326800 0.000000 0.281800 0.285200
Bushbuck 0.150900 0.255700 0.066800 0.302300 0.150400 0.151300 0.210500 0.184200 0.021800 0.093600 0.150700 0.093600 0.182600 0.205600 0.143900 0.177700 0.115900 0.119500 0.150700 0.069000 0.151200 0.094700 0.119500 0.142000 0.150700 0.150800 0.176300 0.069000 0.151200 0.069500 0.145400 0.182400 0.242300 0.150700 0.176300 0.117900 0.150700 0.150400 0.182600 0.091500 0.093600 0.203100 0.093600 0.117400 0.093600 0.120700 0.180300 0.203400 0.170500 0.281800 0.000000 0.091900
GreaterKud 0.152400 0.261000 0.067100 0.341200 0.151800 0.152900 0.212600 0.186200 0.068400 0.094400 0.152300 0.094400 0.184600 0.097600 0.144900 0.179300 0.093200 0.120400 0.152300 0.069400 0.152800 0.148400 0.120400 0.142900 0.152300 0.152400 0.177900 0.069500 0.152800 0.069900 0.094900 0.185800 0.244700 0.152300 0.177900 0.118700 0.152300 0.151800 0.184600 0.142900 0.094400 0.204700 0.094400 0.118200 0.094400 0.121700 0.182200 0.149000 0.171700 0.285200 0.091900 0.000000
