CODONML (in paml version 4.10.7, June 2023)  /home/rachel/ruminants_paml/6406-phy-tree/ENSBTAT00000030715.fasta.phy
Model: free dN/dS Ratios for branches,  kappa = 2.000 fixed

Codon frequency model: F3x4
ns =  54  ls = 103

Codon usage in sequences
--------------------------------------------------------------------------------------------------------------------------------------
Phe TTT   1   1   1   1   1   1 | Ser TCT   3   3   3   3   3   3 | Tyr TAT   1   1   1   1   0   1 | Cys TGT   3   3   3   3   3   3
    TTC   2   2   2   2   2   2 |     TCC   2   2   2   2   2   2 |     TAC   1   1   1   1   2   1 |     TGC   0   0   0   0   0   0
Leu TTA   1   1   1   1   2   2 |     TCA   2   2   2   2   1   2 | *** TAA   0   0   0   0   0   0 | *** TGA   0   0   0   0   0   0
    TTG   5   5   5   5   4   4 |     TCG   0   0   0   0   0   0 |     TAG   0   0   0   0   0   0 | Trp TGG   0   0   0   0   0   0
--------------------------------------------------------------------------------------------------------------------------------------
Leu CTT   0   0   0   1   0   0 | Pro CCT   0   0   0   0   1   0 | His CAT   2   1   2   2   2   2 | Arg CGT   0   0   0   0   0   0
    CTC   1   1   1   1   1   1 |     CCC   2   2   2   2   1   2 |     CAC   2   3   2   2   2   2 |     CGC   0   0   0   0   0   0
    CTA   0   2   0   0   1   1 |     CCA   0   0   0   0   0   0 | Gln CAA   0   0   1   0   1   1 |     CGA   1   1   1   1   1   1
    CTG   4   2   4   3   3   3 |     CCG   0   0   0   0   0   0 |     CAG   6   6   5   6   5   5 |     CGG   1   1   1   1   1   1
--------------------------------------------------------------------------------------------------------------------------------------
Ile ATT   4   4   4   4   5   3 | Thr ACT   0   0   0   0   0   0 | Asn AAT   4   3   4   4   4   4 | Ser AGT   1   1   1   1   1   1
    ATC   3   3   3   3   2   4 |     ACC   1   1   1   1   1   1 |     AAC   2   3   2   2   2   2 |     AGC   1   1   1   1   1   1
    ATA   1   1   1   1   1   1 |     ACA   1   1   1   1   1   2 | Lys AAA   5   5   5   5   6   6 | Arg AGA   5   5   5   5   6   5
Met ATG   2   2   2   2   2   2 |     ACG   2   2   2   2   2   1 |     AAG   5   5   4   5   4   4 |     AGG   4   4   5   4   3   4
--------------------------------------------------------------------------------------------------------------------------------------
Val GTT   1   1   1   1   1   1 | Ala GCT   1   1   1   1   1   1 | Asp GAT   1   1   1   1   1   1 | Gly GGT   0   0   0   0   0   0
    GTC   1   1   1   1   1   1 |     GCC   3   3   3   3   3   3 |     GAC   1   1   1   1   1   1 |     GGC   1   1   1   1   1   1
    GTA   0   0   0   0   0   0 |     GCA   1   1   1   1   2   1 | Glu GAA   8   7   8   8   7   8 |     GGA   1   1   1   1   1   1
    GTG   1   1   1   1   1   1 |     GCG   0   0   0   0   0   0 |     GAG   2   3   2   2   3   2 |     GGG   0   0   0   0   0   0
--------------------------------------------------------------------------------------------------------------------------------------

--------------------------------------------------------------------------------------------------------------------------------------
Phe TTT   1   1   1   1   1   1 | Ser TCT   3   3   3   2   3   3 | Tyr TAT   1   1   1   1   1   1 | Cys TGT   3   3   3   3   3   3
    TTC   2   2   2   2   2   2 |     TCC   2   2   2   3   2   2 |     TAC   1   1   1   1   1   1 |     TGC   0   0   0   0   0   0
Leu TTA   1   1   1   1   1   1 |     TCA   2   2   2   2   2   2 | *** TAA   0   0   0   0   0   0 | *** TGA   0   0   0   0   0   0
    TTG   6   5   6   6   5   5 |     TCG   0   0   0   0   0   0 |     TAG   0   0   0   0   0   0 | Trp TGG   0   0   0   0   0   0
--------------------------------------------------------------------------------------------------------------------------------------
Leu CTT   0   0   0   0   0   0 | Pro CCT   0   0   0   0   0   0 | His CAT   2   2   2   2   2   2 | Arg CGT   0   0   0   0   0   0
    CTC   1   1   1   1   1   1 |     CCC   2   2   2   2   2   2 |     CAC   2   2   2   2   2   2 |     CGC   0   0   0   0   0   0
    CTA   0   0   0   0   0   0 |     CCA   0   0   0   0   0   0 | Gln CAA   0   0   0   0   0   0 |     CGA   1   1   1   1   1   1
    CTG   3   4   3   3   4   4 |     CCG   0   0   0   0   0   0 |     CAG   6   6   6   6   6   6 |     CGG   1   1   1   1   1   1
--------------------------------------------------------------------------------------------------------------------------------------
Ile ATT   5   4   4   4   4   4 | Thr ACT   0   0   0   0   0   0 | Asn AAT   4   4   4   4   4   4 | Ser AGT   1   1   1   1   1   1
    ATC   3   3   3   3   3   3 |     ACC   1   1   1   1   1   1 |     AAC   3   2   2   2   2   2 |     AGC   0   1   1   1   1   1
    ATA   0   1   1   1   1   1 |     ACA   2   1   2   1   1   1 | Lys AAA   4   5   5   5   5   5 | Arg AGA   5   5   5   5   5   5
Met ATG   2   2   2   2   2   2 |     ACG   1   2   1   2   2   2 |     AAG   6   5   5   5   4   5 |     AGG   4   4   4   4   5   4
--------------------------------------------------------------------------------------------------------------------------------------
Val GTT   1   1   1   1   1   1 | Ala GCT   1   1   1   1   1   1 | Asp GAT   1   1   1   1   1   1 | Gly GGT   0   0   0   0   0   0
    GTC   1   1   1   1   1   1 |     GCC   3   3   3   3   3   3 |     GAC   1   1   1   1   1   1 |     GGC   1   1   1   1   1   1
    GTA   0   0   0   0   0   0 |     GCA   1   1   1   1   1   1 | Glu GAA   8   8   8   8   8   8 |     GGA   1   1   1   1   1   1
    GTG   1   1   1   1   1   1 |     GCG   0   0   0   0   0   0 |     GAG   2   2   2   2   2   2 |     GGG   0   0   0   0   0   0
--------------------------------------------------------------------------------------------------------------------------------------

--------------------------------------------------------------------------------------------------------------------------------------
Phe TTT   1   1   1   1   1   1 | Ser TCT   3   3   3   3   3   3 | Tyr TAT   1   1   1   1   1   1 | Cys TGT   3   3   3   3   3   3
    TTC   2   2   2   2   2   2 |     TCC   2   2   2   2   2   2 |     TAC   1   1   1   1   1   1 |     TGC   0   0   0   0   0   0
Leu TTA   1   1   1   1   1   1 |     TCA   2   2   2   2   2   2 | *** TAA   0   0   0   0   0   0 | *** TGA   0   0   0   0   0   0
    TTG   5   5   5   6   5   6 |     TCG   0   0   0   0   0   0 |     TAG   0   0   0   0   0   0 | Trp TGG   0   0   0   0   0   0
--------------------------------------------------------------------------------------------------------------------------------------
Leu CTT   0   0   0   0   0   0 | Pro CCT   0   0   0   0   0   0 | His CAT   2   2   2   2   2   2 | Arg CGT   0   0   0   0   0   0
    CTC   1   1   1   1   1   1 |     CCC   2   2   2   2   2   2 |     CAC   2   2   2   2   2   2 |     CGC   0   0   0   0   0   0
    CTA   0   0   0   0   0   0 |     CCA   0   0   0   0   0   0 | Gln CAA   0   0   1   0   0   0 |     CGA   1   1   1   1   1   1
    CTG   4   4   4   3   4   3 |     CCG   0   0   0   0   0   0 |     CAG   6   6   5   6   6   6 |     CGG   1   1   1   1   1   1
--------------------------------------------------------------------------------------------------------------------------------------
Ile ATT   4   4   4   4   4   4 | Thr ACT   0   0   0   0   0   0 | Asn AAT   4   4   3   4   4   4 | Ser AGT   1   1   1   1   1   1
    ATC   3   3   3   3   3   3 |     ACC   1   1   0   1   1   1 |     AAC   2   2   3   2   2   2 |     AGC   1   1   1   1   1   1
    ATA   1   1   1   1   1   1 |     ACA   1   1   1   1   1   1 | Lys AAA   5   5   4   5   5   5 | Arg AGA   5   6   5   5   6   5
Met ATG   2   2   2   2   2   2 |     ACG   2   2   2   2   2   2 |     AAG   5   4   6   5   5   5 |     AGG   4   4   4   4   3   4
--------------------------------------------------------------------------------------------------------------------------------------
Val GTT   1   1   1   1   1   1 | Ala GCT   1   1   1   1   1   1 | Asp GAT   1   1   1   1   1   1 | Gly GGT   0   0   0   0   0   0
    GTC   1   1   1   1   1   1 |     GCC   3   3   4   3   3   3 |     GAC   1   1   1   1   1   1 |     GGC   1   1   1   1   1   1
    GTA   0   0   0   0   0   0 |     GCA   1   1   1   1   1   1 | Glu GAA   8   8   8   8   8   8 |     GGA   1   1   1   1   1   1
    GTG   1   1   1   1   1   1 |     GCG   0   0   0   0   0   0 |     GAG   2   2   2   2   2   2 |     GGG   0   0   0   0   0   0
--------------------------------------------------------------------------------------------------------------------------------------

--------------------------------------------------------------------------------------------------------------------------------------
Phe TTT   1   1   1   1   1   1 | Ser TCT   3   3   3   3   3   3 | Tyr TAT   1   1   1   1   1   1 | Cys TGT   3   3   2   3   3   3
    TTC   2   2   2   2   2   2 |     TCC   2   2   2   2   2   2 |     TAC   1   1   1   1   1   1 |     TGC   0   0   1   0   0   0
Leu TTA   1   1   1   1   1   1 |     TCA   2   2   2   2   2   2 | *** TAA   0   0   0   0   0   0 | *** TGA   0   0   0   0   0   0
    TTG   5   5   5   5   6   5 |     TCG   0   0   0   0   0   0 |     TAG   0   0   0   0   0   0 | Trp TGG   0   0   0   0   0   0
--------------------------------------------------------------------------------------------------------------------------------------
Leu CTT   0   0   0   0   0   0 | Pro CCT   0   0   0   0   0   0 | His CAT   2   2   2   2   2   2 | Arg CGT   0   0   0   0   0   0
    CTC   1   1   1   1   1   1 |     CCC   2   2   2   2   2   2 |     CAC   2   2   2   2   2   2 |     CGC   0   0   0   0   0   0
    CTA   0   0   0   0   0   0 |     CCA   0   0   0   0   0   0 | Gln CAA   0   0   0   0   0   0 |     CGA   2   2   1   1   1   1
    CTG   4   4   4   4   3   4 |     CCG   0   0   0   0   0   0 |     CAG   6   6   6   6   6   6 |     CGG   1   1   1   1   1   1
--------------------------------------------------------------------------------------------------------------------------------------
Ile ATT   3   4   4   4   4   4 | Thr ACT   1   0   0   0   0   0 | Asn AAT   4   4   4   4   4   4 | Ser AGT   1   1   1   1   1   1
    ATC   3   3   3   3   3   3 |     ACC   1   1   1   1   1   1 |     AAC   2   2   2   2   2   2 |     AGC   1   1   1   1   1   1
    ATA   1   1   1   1   1   1 |     ACA   1   1   1   1   1   1 | Lys AAA   5   5   5   5   5   5 | Arg AGA   4   4   5   5   5   5
Met ATG   2   2   2   2   2   2 |     ACG   2   2   2   2   2   2 |     AAG   5   5   5   4   5   5 |     AGG   4   4   4   5   4   4
--------------------------------------------------------------------------------------------------------------------------------------
Val GTT   1   1   1   1   1   1 | Ala GCT   1   1   1   1   1   1 | Asp GAT   1   1   1   1   1   1 | Gly GGT   0   0   0   0   0   0
    GTC   1   1   1   1   1   1 |     GCC   3   3   3   3   3   3 |     GAC   1   1   1   1   1   1 |     GGC   1   1   1   1   1   1
    GTA   0   0   0   0   0   0 |     GCA   1   1   1   1   1   1 | Glu GAA   7   7   8   8   8   8 |     GGA   1   1   1   1   1   1
    GTG   1   1   1   1   1   1 |     GCG   0   0   0   0   0   0 |     GAG   3   3   2   2   2   2 |     GGG   0   0   0   0   0   0
--------------------------------------------------------------------------------------------------------------------------------------

--------------------------------------------------------------------------------------------------------------------------------------
Phe TTT   1   1   1   1   1   1 | Ser TCT   3   3   3   3   3   3 | Tyr TAT   1   1   1   1   1   1 | Cys TGT   3   3   3   3   3   3
    TTC   2   2   2   2   2   2 |     TCC   2   2   2   2   2   2 |     TAC   1   1   1   1   1   1 |     TGC   0   0   0   0   0   0
Leu TTA   1   1   1   1   1   1 |     TCA   2   2   2   2   2   2 | *** TAA   0   0   0   0   0   0 | *** TGA   0   0   0   0   0   0
    TTG   5   5   5   6   5   5 |     TCG   0   0   0   0   0   0 |     TAG   0   0   0   0   0   0 | Trp TGG   0   0   0   0   0   0
--------------------------------------------------------------------------------------------------------------------------------------
Leu CTT   0   0   0   0   0   0 | Pro CCT   0   0   0   0   0   0 | His CAT   2   2   2   2   2   2 | Arg CGT   0   0   0   0   0   0
    CTC   1   1   1   1   1   1 |     CCC   2   2   2   2   2   2 |     CAC   2   2   2   2   2   2 |     CGC   0   0   0   0   0   0
    CTA   0   0   0   0   0   0 |     CCA   0   0   0   0   0   0 | Gln CAA   0   0   0   0   1   0 |     CGA   1   1   1   1   1   1
    CTG   4   4   4   3   4   4 |     CCG   0   0   0   0   0   0 |     CAG   6   6   6   6   5   6 |     CGG   1   1   1   1   1   1
--------------------------------------------------------------------------------------------------------------------------------------
Ile ATT   4   4   4   4   4   4 | Thr ACT   0   0   0   0   0   0 | Asn AAT   4   4   4   4   3   4 | Ser AGT   1   1   1   1   1   1
    ATC   3   3   3   3   3   3 |     ACC   1   1   1   1   0   1 |     AAC   2   2   2   2   3   2 |     AGC   1   1   1   1   1   1
    ATA   1   1   1   1   1   1 |     ACA   1   1   1   1   1   1 | Lys AAA   5   5   5   5   4   5 | Arg AGA   5   5   5   5   5   5
Met ATG   2   2   2   2   2   2 |     ACG   2   2   2   2   2   2 |     AAG   5   5   5   5   6   4 |     AGG   4   4   4   4   4   5
--------------------------------------------------------------------------------------------------------------------------------------
Val GTT   1   1   1   1   1   1 | Ala GCT   1   1   1   1   1   1 | Asp GAT   1   1   1   1   1   1 | Gly GGT   0   0   0   0   0   0
    GTC   1   1   1   1   1   1 |     GCC   3   3   3   3   4   3 |     GAC   1   1   1   1   1   1 |     GGC   1   1   1   1   1   1
    GTA   0   0   0   0   0   0 |     GCA   1   1   1   1   1   1 | Glu GAA   8   8   8   8   8   8 |     GGA   1   1   1   1   1   1
    GTG   1   1   1   1   1   1 |     GCG   0   0   0   0   0   0 |     GAG   2   2   2   2   2   2 |     GGG   0   0   0   0   0   0
--------------------------------------------------------------------------------------------------------------------------------------

--------------------------------------------------------------------------------------------------------------------------------------
Phe TTT   1   1   1   1   1   1 | Ser TCT   3   3   3   3   3   3 | Tyr TAT   1   1   1   1   1   1 | Cys TGT   3   3   3   3   3   3
    TTC   2   2   2   2   2   2 |     TCC   2   2   2   2   2   2 |     TAC   1   1   1   1   1   1 |     TGC   0   0   0   0   0   0
Leu TTA   1   1   1   1   1   1 |     TCA   2   2   2   2   2   2 | *** TAA   0   0   0   0   0   0 | *** TGA   0   0   0   0   0   0
    TTG   6   5   5   6   5   5 |     TCG   0   0   0   0   0   0 |     TAG   0   0   0   0   0   0 | Trp TGG   0   0   0   0   0   0
--------------------------------------------------------------------------------------------------------------------------------------
Leu CTT   0   0   0   0   0   0 | Pro CCT   0   0   0   0   0   0 | His CAT   2   2   2   2   2   2 | Arg CGT   0   0   0   0   0   0
    CTC   1   1   1   1   1   1 |     CCC   2   2   2   2   2   2 |     CAC   2   2   2   2   2   2 |     CGC   0   0   0   0   0   0
    CTA   0   0   0   0   0   0 |     CCA   0   0   0   0   0   0 | Gln CAA   1   0   0   0   0   1 |     CGA   1   1   1   1   1   1
    CTG   3   4   4   3   4   4 |     CCG   0   0   0   0   0   0 |     CAG   5   6   6   6   6   5 |     CGG   1   1   1   1   1   1
--------------------------------------------------------------------------------------------------------------------------------------
Ile ATT   4   4   4   4   5   4 | Thr ACT   0   0   0   0   0   0 | Asn AAT   4   4   4   4   4   4 | Ser AGT   1   1   1   1   1   1
    ATC   3   3   3   3   2   3 |     ACC   1   1   1   1   1   0 |     AAC   2   2   2   2   2   2 |     AGC   1   1   1   1   1   1
    ATA   1   1   1   1   1   1 |     ACA   1   1   1   1   2   1 | Lys AAA   5   5   5   5   4   4 | Arg AGA   5   5   5   5   5   5
Met ATG   2   2   2   2   2   2 |     ACG   2   2   2   2   1   2 |     AAG   5   4   5   5   6   6 |     AGG   4   5   4   4   4   4
--------------------------------------------------------------------------------------------------------------------------------------
Val GTT   1   1   1   1   1   1 | Ala GCT   1   1   1   1   1   1 | Asp GAT   1   1   1   1   1   1 | Gly GGT   0   0   0   0   0   0
    GTC   1   1   1   1   1   1 |     GCC   3   3   3   3   3   4 |     GAC   1   1   1   1   1   1 |     GGC   1   1   1   1   1   1
    GTA   0   0   0   0   0   0 |     GCA   1   1   1   1   1   1 | Glu GAA   8   8   8   8   8   8 |     GGA   1   1   1   1   1   1
    GTG   1   1   1   1   1   1 |     GCG   0   0   0   0   0   0 |     GAG   2   2   2   2   2   2 |     GGG   0   0   0   0   0   0
--------------------------------------------------------------------------------------------------------------------------------------

--------------------------------------------------------------------------------------------------------------------------------------
Phe TTT   1   1   1   1   1   1 | Ser TCT   3   3   3   3   3   3 | Tyr TAT   1   1   1   1   1   1 | Cys TGT   3   3   3   3   3   3
    TTC   2   2   2   2   2   2 |     TCC   2   2   2   2   2   2 |     TAC   1   1   1   1   1   1 |     TGC   0   0   0   0   0   0
Leu TTA   1   1   1   1   1   1 |     TCA   2   2   2   2   2   2 | *** TAA   0   0   0   0   0   0 | *** TGA   0   0   0   0   0   0
    TTG   5   5   5   6   6   5 |     TCG   0   0   0   0   0   0 |     TAG   0   0   0   0   0   0 | Trp TGG   0   0   0   0   0   0
--------------------------------------------------------------------------------------------------------------------------------------
Leu CTT   0   0   0   0   0   0 | Pro CCT   0   0   0   0   0   0 | His CAT   2   2   2   2   2   2 | Arg CGT   0   0   0   0   0   0
    CTC   1   1   1   1   1   1 |     CCC   2   2   2   2   2   2 |     CAC   2   2   2   2   2   2 |     CGC   0   0   0   0   0   0
    CTA   0   0   0   0   0   0 |     CCA   0   0   0   0   0   0 | Gln CAA   0   0   0   0   0   0 |     CGA   1   1   1   1   2   1
    CTG   4   4   4   3   3   4 |     CCG   0   0   0   0   0   0 |     CAG   6   6   6   6   6   6 |     CGG   1   1   1   1   1   1
--------------------------------------------------------------------------------------------------------------------------------------
Ile ATT   4   4   4   5   4   3 | Thr ACT   0   0   0   0   0   1 | Asn AAT   4   4   4   4   4   4 | Ser AGT   1   1   1   1   1   1
    ATC   3   3   3   3   3   3 |     ACC   1   1   1   1   1   1 |     AAC   2   2   2   2   2   2 |     AGC   1   1   1   1   1   1
    ATA   1   1   1   0   1   1 |     ACA   1   1   1   1   1   1 | Lys AAA   5   5   5   5   5   5 | Arg AGA   5   5   5   5   4   5
Met ATG   2   2   2   2   2   2 |     ACG   2   2   2   2   2   2 |     AAG   5   4   5   5   5   5 |     AGG   4   5   4   4   4   4
--------------------------------------------------------------------------------------------------------------------------------------
Val GTT   1   1   1   1   1   1 | Ala GCT   1   1   1   1   1   1 | Asp GAT   1   1   0   1   1   1 | Gly GGT   0   0   0   0   0   0
    GTC   1   1   1   1   1   1 |     GCC   3   3   3   3   3   3 |     GAC   1   1   2   1   1   1 |     GGC   1   1   1   1   1   1
    GTA   0   0   0   0   0   0 |     GCA   1   1   1   1   1   1 | Glu GAA   8   8   8   8   8   8 |     GGA   1   1   1   1   1   1
    GTG   1   1   1   1   1   1 |     GCG   0   0   0   0   0   0 |     GAG   2   2   2   2   2   2 |     GGG   0   0   0   0   0   0
--------------------------------------------------------------------------------------------------------------------------------------

--------------------------------------------------------------------------------------------------------------------------------------
Phe TTT   1   1   1   1   1   1 | Ser TCT   3   3   3   3   3   3 | Tyr TAT   1   1   1   1   1   1 | Cys TGT   3   3   3   3   3   3
    TTC   2   2   2   2   2   2 |     TCC   2   2   2   2   2   2 |     TAC   1   1   1   1   1   1 |     TGC   0   0   0   0   0   0
Leu TTA   1   1   1   1   1   1 |     TCA   2   2   2   2   2   2 | *** TAA   0   0   0   0   0   0 | *** TGA   0   0   0   0   0   0
    TTG   5   6   5   5   5   6 |     TCG   0   0   0   0   0   0 |     TAG   0   0   0   0   0   0 | Trp TGG   0   0   0   0   0   0
--------------------------------------------------------------------------------------------------------------------------------------
Leu CTT   0   0   0   0   0   0 | Pro CCT   0   0   0   0   0   0 | His CAT   2   2   2   2   2   2 | Arg CGT   0   0   0   0   0   0
    CTC   1   1   1   1   1   1 |     CCC   2   2   2   2   2   2 |     CAC   2   2   2   2   2   2 |     CGC   0   0   0   0   0   0
    CTA   0   0   0   0   0   0 |     CCA   0   0   0   0   0   0 | Gln CAA   0   0   0   0   0   0 |     CGA   1   1   1   1   1   1
    CTG   4   3   4   4   4   3 |     CCG   0   0   0   0   0   0 |     CAG   6   6   6   6   6   6 |     CGG   1   1   1   1   1   1
--------------------------------------------------------------------------------------------------------------------------------------
Ile ATT   4   4   4   4   4   5 | Thr ACT   0   0   0   0   0   0 | Asn AAT   4   4   4   4   4   3 | Ser AGT   1   1   1   1   1   1
    ATC   3   3   3   3   3   3 |     ACC   1   1   1   1   1   1 |     AAC   2   2   2   2   2   3 |     AGC   1   1   1   1   1   1
    ATA   1   1   1   1   1   1 |     ACA   1   1   1   1   1   2 | Lys AAA   5   5   5   5   5   5 | Arg AGA   5   5   5   5   5   5
Met ATG   2   2   2   2   2   2 |     ACG   2   2   2   2   2   1 |     AAG   5   5   5   5   4   5 |     AGG   4   4   4   4   5   4
--------------------------------------------------------------------------------------------------------------------------------------
Val GTT   1   1   1   1   1   0 | Ala GCT   1   1   1   1   1   1 | Asp GAT   1   1   1   1   1   1 | Gly GGT   0   0   0   0   0   0
    GTC   1   1   1   1   1   1 |     GCC   3   3   3   3   3   3 |     GAC   1   1   1   1   1   1 |     GGC   1   1   1   1   1   1
    GTA   0   0   0   0   0   0 |     GCA   1   1   1   1   1   1 | Glu GAA   8   8   8   8   8   8 |     GGA   1   1   1   1   1   1
    GTG   1   1   1   1   1   1 |     GCG   0   0   0   0   0   0 |     GAG   2   2   2   2   2   2 |     GGG   0   0   0   0   0   0
--------------------------------------------------------------------------------------------------------------------------------------

--------------------------------------------------------------------------------------------------------------------------------------
Phe TTT   1   1   1   1   1   1 | Ser TCT   3   3   3   3   3   3 | Tyr TAT   1   1   1   1   1   1 | Cys TGT   2   3   3   3   3   3
    TTC   2   2   2   2   2   2 |     TCC   2   2   2   2   2   2 |     TAC   1   1   1   1   1   1 |     TGC   0   0   0   0   0   0
Leu TTA   1   1   1   1   1   1 |     TCA   2   2   2   2   2   2 | *** TAA   0   0   0   0   0   0 | *** TGA   0   0   0   0   0   0
    TTG   6   5   6   5   5   5 |     TCG   0   0   0   0   0   0 |     TAG   0   0   0   0   0   0 | Trp TGG   0   0   0   0   0   0
--------------------------------------------------------------------------------------------------------------------------------------
Leu CTT   0   0   0   1   0   0 | Pro CCT   0   0   0   0   0   0 | His CAT   2   2   2   2   2   2 | Arg CGT   0   0   0   0   0   0
    CTC   2   1   1   1   1   1 |     CCC   2   2   2   2   2   2 |     CAC   2   2   2   2   2   2 |     CGC   1   0   0   0   0   0
    CTA   0   0   0   0   0   0 |     CCA   0   0   0   0   0   0 | Gln CAA   0   0   0   0   0   0 |     CGA   1   1   1   1   1   1
    CTG   2   4   3   3   4   4 |     CCG   0   0   0   0   0   0 |     CAG   6   6   5   6   6   6 |     CGG   1   1   1   1   1   1
--------------------------------------------------------------------------------------------------------------------------------------
Ile ATT   3   4   4   4   4   4 | Thr ACT   1   0   0   0   0   0 | Asn AAT   4   4   4   4   4   4 | Ser AGT   1   1   1   1   1   1
    ATC   3   3   3   3   3   3 |     ACC   1   1   1   1   1   1 |     AAC   2   2   2   2   2   2 |     AGC   1   1   1   1   1   1
    ATA   1   1   1   1   1   1 |     ACA   1   1   1   1   1   1 | Lys AAA   5   5   5   5   5   5 | Arg AGA   4   6   5   5   5   5
Met ATG   2   2   2   2   2   2 |     ACG   2   2   2   2   2   2 |     AAG   5   5   6   5   4   4 |     AGG   5   3   4   4   5   5
--------------------------------------------------------------------------------------------------------------------------------------
Val GTT   1   1   1   1   1   1 | Ala GCT   1   1   1   1   1   1 | Asp GAT   1   1   1   1   1   1 | Gly GGT   0   0   0   0   0   0
    GTC   1   1   1   1   1   1 |     GCC   3   3   3   3   3   3 |     GAC   1   1   1   1   1   1 |     GGC   1   1   1   1   1   1
    GTA   0   0   0   0   0   0 |     GCA   1   0   1   1   1   1 | Glu GAA   8   8   8   8   8   8 |     GGA   1   1   1   1   1   1
    GTG   1   1   1   1   1   1 |     GCG   0   1   0   0   0   0 |     GAG   2   2   2   2   2   2 |     GGG   0   0   0   0   0   0
--------------------------------------------------------------------------------------------------------------------------------------

Codon position x base (3x4) table for each sequence.

#1: Argali         
position  1:    T:0.20388    C:0.18447    A:0.39806    G:0.21359
position  2:    T:0.26214    C:0.17476    A:0.38835    G:0.17476
position  3:    T:0.21359    C:0.22330    A:0.25243    G:0.31068
Average         T:0.22654    C:0.19417    A:0.34628    G:0.23301

#2: LesserMouseDeer
position  1:    T:0.20388    C:0.18447    A:0.39806    G:0.21359
position  2:    T:0.26214    C:0.17476    A:0.38835    G:0.17476
position  3:    T:0.19417    C:0.24272    A:0.26214    G:0.30097
Average         T:0.22006    C:0.20065    A:0.34951    G:0.22977

#3: LesserKudu     
position  1:    T:0.20388    C:0.18447    A:0.39806    G:0.21359
position  2:    T:0.26214    C:0.17476    A:0.37864    G:0.18447
position  3:    T:0.21359    C:0.22330    A:0.26214    G:0.30097
Average         T:0.22654    C:0.19417    A:0.34628    G:0.23301

#4: ForestMuskDeer2
position  1:    T:0.20388    C:0.18447    A:0.39806    G:0.21359
position  2:    T:0.26214    C:0.17476    A:0.38835    G:0.17476
position  3:    T:0.22330    C:0.22330    A:0.25243    G:0.30097
Average         T:0.22977    C:0.19417    A:0.34628    G:0.22977

#5: Camel          
position  1:    T:0.19417    C:0.18447    A:0.39806    G:0.22330
position  2:    T:0.26214    C:0.17476    A:0.38835    G:0.17476
position  3:    T:0.22330    C:0.21359    A:0.29126    G:0.27184
Average         T:0.22654    C:0.19094    A:0.35922    G:0.22330

#6: KillerWhale    
position  1:    T:0.20388    C:0.18447    A:0.39806    G:0.21359
position  2:    T:0.26214    C:0.17476    A:0.38835    G:0.17476
position  3:    T:0.20388    C:0.23301    A:0.30097    G:0.26214
Average         T:0.22330    C:0.19741    A:0.36246    G:0.21683

#7: DefassaWaterbuck
position  1:    T:0.21359    C:0.17476    A:0.39806    G:0.21359
position  2:    T:0.26214    C:0.17476    A:0.39806    G:0.16505
position  3:    T:0.22330    C:0.22330    A:0.24272    G:0.31068
Average         T:0.23301    C:0.19094    A:0.34628    G:0.22977

#8: Sheep          
position  1:    T:0.20388    C:0.18447    A:0.39806    G:0.21359
position  2:    T:0.26214    C:0.17476    A:0.38835    G:0.17476
position  3:    T:0.21359    C:0.22330    A:0.25243    G:0.31068
Average         T:0.22654    C:0.19417    A:0.34628    G:0.23301

#9: MaxwellsDuiker 
position  1:    T:0.21359    C:0.17476    A:0.39806    G:0.21359
position  2:    T:0.26214    C:0.17476    A:0.38835    G:0.17476
position  3:    T:0.21359    C:0.22330    A:0.26214    G:0.30097
Average         T:0.22977    C:0.19094    A:0.34951    G:0.22977

#10: GazellaPrzewalskyi
position  1:    T:0.21359    C:0.17476    A:0.39806    G:0.21359
position  2:    T:0.26214    C:0.17476    A:0.38835    G:0.17476
position  3:    T:0.20388    C:0.23301    A:0.25243    G:0.31068
Average         T:0.22654    C:0.19417    A:0.34628    G:0.23301

#11: MountainNyala  
position  1:    T:0.20388    C:0.18447    A:0.39806    G:0.21359
position  2:    T:0.26214    C:0.17476    A:0.37864    G:0.18447
position  3:    T:0.21359    C:0.22330    A:0.25243    G:0.31068
Average         T:0.22654    C:0.19417    A:0.34304    G:0.23625

#12: MuntiacusMuntjak
position  1:    T:0.20388    C:0.18447    A:0.39806    G:0.21359
position  2:    T:0.26214    C:0.17476    A:0.38835    G:0.17476
position  3:    T:0.21359    C:0.22330    A:0.25243    G:0.31068
Average         T:0.22654    C:0.19417    A:0.34628    G:0.23301

#13: goat           
position  1:    T:0.20388    C:0.18447    A:0.39806    G:0.21359
position  2:    T:0.26214    C:0.17476    A:0.38835    G:0.17476
position  3:    T:0.21359    C:0.22330    A:0.25243    G:0.31068
Average         T:0.22654    C:0.19417    A:0.34628    G:0.23301

#14: AfricanBuffalo 
position  1:    T:0.20388    C:0.18447    A:0.39806    G:0.21359
position  2:    T:0.26214    C:0.17476    A:0.37864    G:0.18447
position  3:    T:0.21359    C:0.22330    A:0.26214    G:0.30097
Average         T:0.22654    C:0.19417    A:0.34628    G:0.23301

#15: Topi           
position  1:    T:0.20388    C:0.18447    A:0.38835    G:0.22330
position  2:    T:0.26214    C:0.17476    A:0.38835    G:0.17476
position  3:    T:0.20388    C:0.23301    A:0.25243    G:0.31068
Average         T:0.22330    C:0.19741    A:0.34304    G:0.23625

#16: CommonDuiker   
position  1:    T:0.21359    C:0.17476    A:0.39806    G:0.21359
position  2:    T:0.26214    C:0.17476    A:0.38835    G:0.17476
position  3:    T:0.21359    C:0.22330    A:0.25243    G:0.31068
Average         T:0.22977    C:0.19094    A:0.34628    G:0.23301

#17: Suni           
position  1:    T:0.20388    C:0.18447    A:0.39806    G:0.21359
position  2:    T:0.26214    C:0.17476    A:0.38835    G:0.17476
position  3:    T:0.21359    C:0.22330    A:0.26214    G:0.30097
Average         T:0.22654    C:0.19417    A:0.34951    G:0.22977

#18: Springbuck     
position  1:    T:0.21359    C:0.17476    A:0.39806    G:0.21359
position  2:    T:0.26214    C:0.17476    A:0.38835    G:0.17476
position  3:    T:0.21359    C:0.22330    A:0.25243    G:0.31068
Average         T:0.22977    C:0.19094    A:0.34628    G:0.23301

#19: Okapi          
position  1:    T:0.20388    C:0.19417    A:0.38835    G:0.21359
position  2:    T:0.25243    C:0.18447    A:0.38835    G:0.17476
position  3:    T:0.21359    C:0.22330    A:0.24272    G:0.32039
Average         T:0.22330    C:0.20065    A:0.33981    G:0.23625

#20: Giraffe        
position  1:    T:0.20388    C:0.19417    A:0.38835    G:0.21359
position  2:    T:0.26214    C:0.17476    A:0.38835    G:0.17476
position  3:    T:0.21359    C:0.22330    A:0.24272    G:0.32039
Average         T:0.22654    C:0.19741    A:0.33981    G:0.23625

#21: TibetanAntelope
position  1:    T:0.20388    C:0.18447    A:0.39806    G:0.21359
position  2:    T:0.26214    C:0.17476    A:0.38835    G:0.17476
position  3:    T:0.20388    C:0.23301    A:0.25243    G:0.31068
Average         T:0.22330    C:0.19741    A:0.34628    G:0.23301

#22: Sitatunga      
position  1:    T:0.20388    C:0.18447    A:0.39806    G:0.21359
position  2:    T:0.26214    C:0.17476    A:0.37864    G:0.18447
position  3:    T:0.21359    C:0.22330    A:0.25243    G:0.31068
Average         T:0.22654    C:0.19417    A:0.34304    G:0.23625

#23: Oribi          
position  1:    T:0.21359    C:0.17476    A:0.39806    G:0.21359
position  2:    T:0.26214    C:0.17476    A:0.38835    G:0.17476
position  3:    T:0.21359    C:0.22330    A:0.25243    G:0.31068
Average         T:0.22977    C:0.19094    A:0.34628    G:0.23301

#24: BarbarySheep   
position  1:    T:0.20388    C:0.18447    A:0.39806    G:0.21359
position  2:    T:0.26214    C:0.17476    A:0.38835    G:0.17476
position  3:    T:0.21359    C:0.22330    A:0.25243    G:0.31068
Average         T:0.22654    C:0.19417    A:0.34628    G:0.23301

#25: Daviddeer      
position  1:    T:0.20388    C:0.18447    A:0.39806    G:0.21359
position  2:    T:0.26214    C:0.17476    A:0.38835    G:0.17476
position  3:    T:0.21359    C:0.22330    A:0.25243    G:0.31068
Average         T:0.22654    C:0.19417    A:0.34628    G:0.23301

#26: Reindeer       
position  1:    T:0.20388    C:0.18447    A:0.39806    G:0.21359
position  2:    T:0.26214    C:0.17476    A:0.38835    G:0.17476
position  3:    T:0.21359    C:0.22330    A:0.25243    G:0.31068
Average         T:0.22654    C:0.19417    A:0.34628    G:0.23301

#27: Ibex           
position  1:    T:0.20388    C:0.18447    A:0.39806    G:0.21359
position  2:    T:0.26214    C:0.17476    A:0.38835    G:0.17476
position  3:    T:0.21359    C:0.22330    A:0.25243    G:0.31068
Average         T:0.22654    C:0.19417    A:0.34628    G:0.23301

#28: GyrantGazelle  
position  1:    T:0.21359    C:0.17476    A:0.39806    G:0.21359
position  2:    T:0.26214    C:0.17476    A:0.38835    G:0.17476
position  3:    T:0.21359    C:0.22330    A:0.25243    G:0.31068
Average         T:0.22977    C:0.19094    A:0.34628    G:0.23301

#29: Hartebeest     
position  1:    T:0.20388    C:0.18447    A:0.38835    G:0.22330
position  2:    T:0.26214    C:0.17476    A:0.38835    G:0.17476
position  3:    T:0.20388    C:0.23301    A:0.25243    G:0.31068
Average         T:0.22330    C:0.19741    A:0.34304    G:0.23625

#30: Bongo          
position  1:    T:0.20388    C:0.18447    A:0.39806    G:0.21359
position  2:    T:0.26214    C:0.17476    A:0.37864    G:0.18447
position  3:    T:0.21359    C:0.22330    A:0.25243    G:0.31068
Average         T:0.22654    C:0.19417    A:0.34304    G:0.23625

#31: Gerenuk        
position  1:    T:0.21359    C:0.17476    A:0.39806    G:0.21359
position  2:    T:0.26214    C:0.17476    A:0.38835    G:0.17476
position  3:    T:0.21359    C:0.22330    A:0.26214    G:0.30097
Average         T:0.22977    C:0.19094    A:0.34951    G:0.22977

#32: CommonEland    
position  1:    T:0.20388    C:0.18447    A:0.39806    G:0.21359
position  2:    T:0.26214    C:0.17476    A:0.37864    G:0.18447
position  3:    T:0.21359    C:0.22330    A:0.25243    G:0.31068
Average         T:0.22654    C:0.19417    A:0.34304    G:0.23625

#33: MuntiacusReevesi
position  1:    T:0.20388    C:0.18447    A:0.39806    G:0.21359
position  2:    T:0.26214    C:0.17476    A:0.38835    G:0.17476
position  3:    T:0.21359    C:0.22330    A:0.25243    G:0.31068
Average         T:0.22654    C:0.19417    A:0.34628    G:0.23301

#34: HarveysDuiker  
position  1:    T:0.21359    C:0.17476    A:0.39806    G:0.21359
position  2:    T:0.26214    C:0.17476    A:0.38835    G:0.17476
position  3:    T:0.21359    C:0.22330    A:0.25243    G:0.31068
Average         T:0.22977    C:0.19094    A:0.34628    G:0.23301

#35: Pronghorn      
position  1:    T:0.20388    C:0.18447    A:0.39806    G:0.21359
position  2:    T:0.26214    C:0.17476    A:0.38835    G:0.17476
position  3:    T:0.22330    C:0.21359    A:0.25243    G:0.31068
Average         T:0.22977    C:0.19094    A:0.34628    G:0.23301

#36: BlueWildebeest 
position  1:    T:0.20388    C:0.18447    A:0.38835    G:0.22330
position  2:    T:0.26214    C:0.17476    A:0.38835    G:0.17476
position  3:    T:0.21359    C:0.22330    A:0.25243    G:0.31068
Average         T:0.22654    C:0.19417    A:0.34304    G:0.23625

#37: Gemsbok        
position  1:    T:0.20388    C:0.18447    A:0.39806    G:0.21359
position  2:    T:0.26214    C:0.17476    A:0.38835    G:0.17476
position  3:    T:0.21359    C:0.22330    A:0.25243    G:0.31068
Average         T:0.22654    C:0.19417    A:0.34628    G:0.23301

#38: Yak            
position  1:    T:0.20388    C:0.18447    A:0.39806    G:0.21359
position  2:    T:0.26214    C:0.17476    A:0.37864    G:0.18447
position  3:    T:0.21359    C:0.22330    A:0.25243    G:0.31068
Average         T:0.22654    C:0.19417    A:0.34304    G:0.23625

#39: BlueSheep      
position  1:    T:0.20388    C:0.18447    A:0.39806    G:0.21359
position  2:    T:0.26214    C:0.17476    A:0.38835    G:0.17476
position  3:    T:0.20388    C:0.23301    A:0.25243    G:0.31068
Average         T:0.22330    C:0.19741    A:0.34628    G:0.23301

#40: BohorReedbuck  
position  1:    T:0.21359    C:0.17476    A:0.39806    G:0.21359
position  2:    T:0.26214    C:0.17476    A:0.38835    G:0.17476
position  3:    T:0.22330    C:0.22330    A:0.24272    G:0.31068
Average         T:0.23301    C:0.19094    A:0.34304    G:0.23301

#41: KirksDik       
position  1:    T:0.21359    C:0.18447    A:0.38835    G:0.21359
position  2:    T:0.26214    C:0.17476    A:0.38835    G:0.17476
position  3:    T:0.21359    C:0.22330    A:0.25243    G:0.31068
Average         T:0.22977    C:0.19417    A:0.34304    G:0.23301

#42: RoeDeer        
position  1:    T:0.20388    C:0.18447    A:0.39806    G:0.21359
position  2:    T:0.25243    C:0.18447    A:0.38835    G:0.17476
position  3:    T:0.21359    C:0.22330    A:0.25243    G:0.31068
Average         T:0.22330    C:0.19741    A:0.34628    G:0.23301

#43: WhiteLippedDeer
position  1:    T:0.20388    C:0.18447    A:0.39806    G:0.21359
position  2:    T:0.26214    C:0.17476    A:0.38835    G:0.17476
position  3:    T:0.21359    C:0.22330    A:0.25243    G:0.31068
Average         T:0.22654    C:0.19417    A:0.34628    G:0.23301

#44: ThomsonGazelle 
position  1:    T:0.21359    C:0.17476    A:0.39806    G:0.21359
position  2:    T:0.26214    C:0.17476    A:0.38835    G:0.17476
position  3:    T:0.21359    C:0.22330    A:0.25243    G:0.31068
Average         T:0.22977    C:0.19094    A:0.34628    G:0.23301

#45: MuntiacusCrinifrons
position  1:    T:0.20388    C:0.18447    A:0.39806    G:0.21359
position  2:    T:0.26214    C:0.17476    A:0.38835    G:0.17476
position  3:    T:0.21359    C:0.22330    A:0.25243    G:0.31068
Average         T:0.22654    C:0.19417    A:0.34628    G:0.23301

#46: WhiteTailedDeer
position  1:    T:0.20388    C:0.18447    A:0.39806    G:0.21359
position  2:    T:0.26214    C:0.17476    A:0.38835    G:0.17476
position  3:    T:0.21359    C:0.22330    A:0.25243    G:0.31068
Average         T:0.22654    C:0.19417    A:0.34628    G:0.23301

#47: Cattle         
position  1:    T:0.20388    C:0.18447    A:0.39806    G:0.21359
position  2:    T:0.26214    C:0.17476    A:0.37864    G:0.18447
position  3:    T:0.21359    C:0.22330    A:0.25243    G:0.31068
Average         T:0.22654    C:0.19417    A:0.34304    G:0.23625

#48: RoyalAntelope  
position  1:    T:0.21359    C:0.17476    A:0.40777    G:0.20388
position  2:    T:0.26214    C:0.17476    A:0.38835    G:0.17476
position  3:    T:0.20388    C:0.23301    A:0.26214    G:0.30097
Average         T:0.22654    C:0.19417    A:0.35275    G:0.22654

#49: Steenbok       
position  1:    T:0.20388    C:0.18447    A:0.39806    G:0.21359
position  2:    T:0.25243    C:0.18447    A:0.38835    G:0.17476
position  3:    T:0.20388    C:0.24272    A:0.24272    G:0.31068
Average         T:0.22006    C:0.20388    A:0.34304    G:0.23301

#50: Impala         
position  1:    T:0.20388    C:0.18447    A:0.39806    G:0.21359
position  2:    T:0.26214    C:0.17476    A:0.38835    G:0.17476
position  3:    T:0.21359    C:0.22330    A:0.25243    G:0.31068
Average         T:0.22654    C:0.19417    A:0.34628    G:0.23301

#51: Klipspringer   
position  1:    T:0.21359    C:0.16505    A:0.40777    G:0.21359
position  2:    T:0.26214    C:0.17476    A:0.38835    G:0.17476
