1
52 1
Argali 0.000000 0.239300 0.050000 0.230500 0.059300 0.008200 0.085600 0.064600 0.067000 0.114400 0.027500 0.070400 0.050200 0.128400 0.070600 0.067600 0.106500 0.088100 0.050300 0.058700 0.050800 0.033500 0.111400 0.124100 0.027500 0.059000 0.056000 0.064300 0.076200 0.061400 0.111400 0.059200 0.115900 0.053000 0.035700 0.070300 0.033300 0.047600 0.074000 0.132600 0.113800 0.064500 0.114400 0.117900 0.064500 0.062100 0.076400 0.064800 0.074100 0.088600 0.067000 0.064300
LesserMous 0.239300 0.000000 0.225800 0.230200 0.228300 0.246600 0.241900 0.226700 0.238900 0.237100 0.236200 0.222700 0.226600 0.303600 0.237300 0.216800 0.222700 0.228500 0.247400 0.236900 0.226000 0.238700 0.240600 0.230800 0.229200 0.227500 0.233900 0.243300 0.233900 0.239500 0.233700 0.228000 0.216500 0.226400 0.221600 0.215600 0.251700 0.227400 0.232700 0.231600 0.228600 0.226500 0.230100 0.230900 0.208800 0.224300 0.241800 0.241200 0.254000 0.216400 0.238700 0.243200
LesserKudu 0.050000 0.225800 0.000000 0.227100 0.056300 0.052900 0.073700 0.053000 0.016300 0.095600 0.050100 0.044300 0.050100 0.137700 0.064700 0.056000 0.079200 0.061500 0.067400 0.008100 0.044900 0.056300 0.095700 0.105000 0.050100 0.047400 0.055900 0.013600 0.058700 0.016300 0.092700 0.059100 0.097300 0.052900 0.041300 0.044300 0.056100 0.041800 0.062200 0.109800 0.098200 0.052900 0.095700 0.098900 0.038700 0.056300 0.070500 0.053200 0.065100 0.064700 0.016300 0.013600
KillerWhal 0.230500 0.230200 0.227100 0.000000 0.236500 0.237800 0.265500 0.239000 0.247700 0.242700 0.241500 0.238300 0.235200 0.343900 0.249200 0.243100 0.200000 0.213300 0.252700 0.238300 0.238200 0.240300 0.232000 0.236200 0.227400 0.239700 0.242600 0.244800 0.246200 0.248100 0.239300 0.251200 0.197300 0.238300 0.219800 0.224000 0.250100 0.224900 0.248800 0.241000 0.227200 0.245800 0.242800 0.228900 0.217200 0.225900 0.257700 0.243100 0.255500 0.228300 0.240300 0.237500
DefassaWat 0.059300 0.228300 0.056300 0.236500 0.000000 0.062300 0.077400 0.068200 0.070700 0.109400 0.056500 0.068100 0.053600 0.142600 0.068200 0.071300 0.110500 0.091900 0.071200 0.062300 0.051300 0.065800 0.102900 0.112800 0.056500 0.062500 0.059500 0.068000 0.080000 0.070800 0.106400 0.062700 0.123200 0.056400 0.047400 0.068000 0.059700 0.022300 0.074800 0.121300 0.105400 0.068100 0.109400 0.106500 0.062200 0.056900 0.086200 0.068500 0.068800 0.089300 0.070600 0.067900
Sheep 0.008200 0.246600 0.052900 0.237800 0.062300 0.000000 0.088700 0.067600 0.070100 0.120700 0.030400 0.070500 0.053200 0.131800 0.073600 0.064700 0.112700 0.094200 0.053300 0.061700 0.053700 0.036400 0.117700 0.130600 0.030400 0.062000 0.059000 0.067300 0.079300 0.064400 0.117700 0.062200 0.122100 0.056000 0.044200 0.073300 0.036200 0.050500 0.077100 0.139100 0.120200 0.067500 0.120800 0.124300 0.067500 0.065100 0.085500 0.067800 0.077200 0.094700 0.070000 0.067300
MaxwellsDu 0.085600 0.241900 0.073700 0.265500 0.077400 0.088700 0.000000 0.076900 0.091300 0.134400 0.073800 0.082800 0.073900 0.116300 0.079900 0.074100 0.119500 0.091700 0.085800 0.082700 0.068900 0.086600 0.128100 0.131500 0.073800 0.071200 0.079900 0.085500 0.082800 0.091400 0.131300 0.045000 0.132400 0.076700 0.070400 0.082600 0.080100 0.068300 0.083600 0.133600 0.130600 0.076900 0.134400 0.125100 0.076800 0.068400 0.095100 0.077100 0.083400 0.098300 0.091100 0.085500
GazellaPrz 0.064600 0.226700 0.053000 0.239000 0.068200 0.067600 0.076900 0.000000 0.070100 0.114700 0.064700 0.067600 0.053200 0.125400 0.073700 0.036200 0.103700 0.085400 0.067800 0.061800 0.025100 0.065300 0.114900 0.105700 0.064700 0.022100 0.059000 0.067400 0.044600 0.070300 0.118100 0.058500 0.116300 0.056000 0.049900 0.064600 0.070900 0.053400 0.042200 0.120400 0.117400 0.027600 0.121100 0.111900 0.061800 0.067400 0.050500 0.062100 0.071300 0.082700 0.070100 0.067400
MountainNy 0.067000 0.238900 0.016300 0.247700 0.070700 0.070100 0.091300 0.070100 0.000000 0.113700 0.067200 0.058500 0.067200 0.156900 0.082100 0.067300 0.096800 0.078700 0.084800 0.008100 0.062100 0.073700 0.113800 0.123300 0.067200 0.064500 0.073200 0.013500 0.075900 0.016300 0.110800 0.076500 0.103000 0.070100 0.058100 0.061300 0.067400 0.056000 0.076500 0.128100 0.110100 0.070100 0.113800 0.117100 0.055600 0.067700 0.088000 0.070500 0.076700 0.082100 0.016200 0.019000
MuntiacusM 0.114400 0.237100 0.095600 0.242700 0.109400 0.120700 0.134400 0.114700 0.113700 0.000000 0.114600 0.102100 0.105400 0.205900 0.130900 0.118100 0.102100 0.101700 0.133200 0.105000 0.113100 0.125200 0.054600 0.078700 0.108400 0.105800 0.111700 0.111000 0.133600 0.113900 0.014100 0.124900 0.108600 0.108300 0.098400 0.098900 0.121500 0.102800 0.128600 0.081200 0.051300 0.114600 0.011200 0.072700 0.095900 0.121800 0.134300 0.127900 0.131700 0.087100 0.107400 0.110900
goat 0.027500 0.236200 0.050100 0.241500 0.056500 0.030400 0.073800 0.064700 0.067200 0.114600 0.000000 0.058800 0.044600 0.131800 0.076600 0.067800 0.094400 0.082200 0.044600 0.058800 0.050900 0.033500 0.108500 0.121000 0.010900 0.053300 0.050400 0.064500 0.076400 0.061500 0.111600 0.053500 0.112900 0.041700 0.035800 0.058800 0.016500 0.041900 0.065300 0.129600 0.110900 0.064700 0.114600 0.114800 0.053000 0.050500 0.082500 0.059100 0.071200 0.085600 0.067100 0.064400
AfricanBuf 0.070400 0.222700 0.044300 0.238300 0.068100 0.070500 0.082800 0.067600 0.058500 0.102100 0.058800 0.000000 0.058900 0.141400 0.082500 0.062000 0.085400 0.067500 0.076400 0.050100 0.059600 0.071200 0.102100 0.105300 0.064700 0.062000 0.064800 0.052900 0.079300 0.058600 0.099100 0.068000 0.094600 0.055900 0.055600 0.021900 0.070800 0.053300 0.077100 0.107600 0.101500 0.067600 0.102100 0.099200 0.016400 0.065200 0.085500 0.067900 0.071200 0.064900 0.052700 0.055700
Topi 0.050200 0.226600 0.050100 0.235200 0.053600 0.053200 0.073900 0.053200 0.067200 0.105400 0.044600 0.058900 0.000000 0.119100 0.070800 0.062000 0.094600 0.076400 0.056100 0.058900 0.045100 0.050800 0.105500 0.102600 0.044600 0.047600 0.011000 0.064500 0.070600 0.067400 0.108600 0.053500 0.106900 0.013700 0.030200 0.055900 0.050500 0.039100 0.068300 0.111100 0.108000 0.047400 0.111700 0.096500 0.053100 0.056500 0.070800 0.053400 0.062400 0.067900 0.067200 0.064500
CommonDuik 0.128400 0.303600 0.137700 0.343900 0.142600 0.131800 0.116300 0.125400 0.156900 0.205900 0.131800 0.141400 0.119100 0.000000 0.141400 0.135500 0.192100 0.167700 0.131600 0.147800 0.117500 0.139800 0.202400 0.206700 0.131900 0.119600 0.119300 0.150800 0.138400 0.150600 0.209800 0.091300 0.192700 0.115800 0.121100 0.138000 0.139000 0.126000 0.139700 0.211400 0.208500 0.125300 0.213200 0.203100 0.134900 0.139100 0.141200 0.122500 0.126100 0.165100 0.156600 0.150700
Suni 0.070600 0.237300 0.064700 0.249200 0.068200 0.073600 0.079900 0.073700 0.082100 0.130900 0.076600 0.082500 0.070800 0.141400 0.000000 0.079700 0.116200 0.088600 0.091600 0.073600 0.068600 0.080300 0.134100 0.140600 0.076700 0.068000 0.076800 0.076400 0.088500 0.082200 0.131000 0.071000 0.138300 0.073600 0.064400 0.076200 0.083000 0.056300 0.086300 0.149100 0.136600 0.073600 0.134100 0.134200 0.076500 0.068200 0.094800 0.076900 0.071100 0.101000 0.082000 0.076400
Springbuck 0.067600 0.216800 0.056000 0.243100 0.071300 0.064700 0.074100 0.036200 0.067300 0.118100 0.067800 0.062000 0.062000 0.135500 0.079700 0.000000 0.100800 0.082500 0.076700 0.064800 0.028000 0.062500 0.105800 0.109000 0.067800 0.030600 0.067900 0.070500 0.024200 0.073300 0.115100 0.065300 0.107200 0.064800 0.058600 0.064700 0.073900 0.056400 0.045100 0.117400 0.108300 0.036200 0.111900 0.109000 0.059000 0.068300 0.053500 0.065200 0.077400 0.079900 0.067200 0.070500
Okapi 0.106500 0.222700 0.079200 0.200000 0.110500 0.112700 0.119500 0.103700 0.096800 0.102100 0.094400 0.085400 0.094600 0.192100 0.116200 0.100800 0.000000 0.030300 0.118900 0.088200 0.095600 0.113800 0.108100 0.108400 0.082400 0.091900 0.100700 0.094000 0.115900 0.096900 0.099100 0.110400 0.082700 0.097400 0.087900 0.079300 0.100900 0.094900 0.110800 0.110700 0.104400 0.103600 0.102100 0.102300 0.073500 0.101300 0.119500 0.110200 0.117000 0.079700 0.090600 0.094000
Giraffe 0.088100 0.228500 0.061500 0.213300 0.091900 0.094200 0.091700 0.085400 0.078700 0.101700 0.082200 0.067500 0.076400 0.167700 0.088600 0.082500 0.030300 0.000000 0.100200 0.070300 0.077200 0.095100 0.101600 0.104600 0.076300 0.079700 0.082400 0.070100 0.097200 0.078900 0.098800 0.088800 0.085400 0.079300 0.070000 0.061600 0.088500 0.076700 0.092100 0.107300 0.104100 0.085300 0.101700 0.098800 0.055900 0.079900 0.100700 0.088600 0.095200 0.067700 0.072800 0.070100
TibetanAnt 0.050300 0.247400 0.067400 0.252700 0.071200 0.053300 0.085800 0.067800 0.084800 0.133200 0.044600 0.076400 0.056100 0.131600 0.091600 0.076700 0.118900 0.100200 0.000000 0.076400 0.059700 0.050900 0.127000 0.127200 0.044700 0.067900 0.062000 0.082100 0.085400 0.079100 0.130200 0.065200 0.131700 0.058900 0.052800 0.076300 0.050600 0.056300 0.080200 0.126000 0.129400 0.073500 0.133300 0.124100 0.070500 0.071100 0.091600 0.076800 0.077100 0.091700 0.084700 0.082100
Sitatunga 0.058700 0.236900 0.008100 0.238300 0.062300 0.061700 0.082700 0.061800 0.008100 0.105000 0.058800 0.050100 0.058900 0.147800 0.073600 0.064800 0.088200 0.070300 0.076400 0.000000 0.053700 0.065200 0.105100 0.114500 0.058800 0.056100 0.064800 0.005400 0.067500 0.008100 0.102100 0.068000 0.100600 0.061700 0.049800 0.052900 0.059000 0.047600 0.068000 0.119400 0.101400 0.061700 0.105100 0.108400 0.047200 0.059300 0.079500 0.062100 0.068200 0.073700 0.008100 0.010900
Oribi 0.050800 0.226000 0.044900 0.238200 0.051300 0.053700 0.068900 0.025100 0.062100 0.113100 0.050900 0.059600 0.045100 0.117500 0.068600 0.028000 0.095600 0.077200 0.059700 0.053700 0.000000 0.051400 0.100500 0.103900 0.050900 0.019600 0.051000 0.059400 0.036500 0.062200 0.110000 0.048400 0.108300 0.047900 0.041900 0.059500 0.056900 0.039500 0.034000 0.118700 0.103000 0.025100 0.113100 0.103900 0.053700 0.057200 0.042400 0.054000 0.066100 0.080700 0.062100 0.059400
BarbaryShe 0.033500 0.238700 0.056300 0.240300 0.065800 0.036400 0.086600 0.065300 0.073700 0.125200 0.033500 0.071200 0.050800 0.139800 0.080300 0.062500 0.113800 0.095100 0.050900 0.065200 0.051400 0.000000 0.112700 0.128700 0.033500 0.059600 0.056700 0.070900 0.071200 0.067900 0.122200 0.059900 0.120400 0.053600 0.047500 0.071100 0.039400 0.051000 0.074800 0.137300 0.115200 0.065300 0.125300 0.122400 0.065200 0.062800 0.083300 0.065500 0.077900 0.092500 0.073600 0.070900
Daviddeer 0.111400 0.240600 0.095700 0.232000 0.102900 0.117700 0.128100 0.114900 0.113800 0.054600 0.108500 0.102100 0.105500 0.202400 0.134100 0.105800 0.108100 0.101600 0.127000 0.105100 0.100500 0.112700 0.000000 0.072800 0.102300 0.106000 0.111900 0.111000 0.121200 0.114000 0.051700 0.118700 0.108700 0.108400 0.098500 0.102000 0.115300 0.102900 0.122400 0.081200 0.019600 0.114800 0.054600 0.066800 0.095900 0.115600 0.128000 0.121600 0.128600 0.093300 0.107400 0.111000
Reindeer 0.124100 0.230800 0.105000 0.236200 0.112800 0.130600 0.131500 0.105700 0.123300 0.078700 0.121000 0.105300 0.102600 0.206700 0.140600 0.109000 0.108400 0.104600 0.127200 0.114500 0.103900 0.128700 0.072800 0.000000 0.114800 0.106100 0.108900 0.120500 0.124400 0.123500 0.072800 0.115600 0.102500 0.111700 0.107800 0.105100 0.121700 0.102900 0.119400 0.042800 0.069400 0.111800 0.078800 0.022800 0.099100 0.118900 0.122000 0.125000 0.131900 0.096400 0.116800 0.120500
Ibex 0.027500 0.229200 0.050100 0.227400 0.056500 0.030400 0.073800 0.064700 0.067200 0.108400 0.010900 0.064700 0.044600 0.131900 0.076700 0.067800 0.082400 0.076300 0.044700 0.058800 0.050900 0.033500 0.102300 0.114800 0.000000 0.053300 0.050400 0.064500 0.076400 0.061500 0.105400 0.053500 0.100700 0.047400 0.030200 0.064600 0.016500 0.041900 0.071200 0.123300 0.104800 0.064700 0.108400 0.108600 0.058800 0.050500 0.082600 0.059100 0.071200 0.079700 0.067100 0.064500
GyrantGaze 0.059000 0.227500 0.047400 0.239700 0.062500 0.062000 0.071200 0.022100 0.064500 0.105800 0.053300 0.062000 0.047600 0.119600 0.068000 0.030600 0.091900 0.079700 0.067900 0.056100 0.019600 0.059600 0.106000 0.106100 0.053300 0.000000 0.053400 0.061800 0.039000 0.064600 0.109100 0.056600 0.104300 0.050400 0.044300 0.059000 0.059300 0.047800 0.036500 0.120800 0.108400 0.011000 0.112100 0.106100 0.056200 0.053700 0.044900 0.056500 0.065600 0.077000 0.064500 0.061800
Hartebeest 0.056000 0.233900 0.055900 0.242600 0.059500 0.059000 0.079900 0.059000 0.073200 0.111700 0.050400 0.064800 0.011000 0.119300 0.076800 0.067900 0.100700 0.082400 0.062000 0.064800 0.051000 0.056700 0.111900 0.108900 0.050400 0.053400 0.000000 0.070400 0.076500 0.073300 0.115000 0.059400 0.113200 0.013700 0.035800 0.061800 0.056400 0.044800 0.074300 0.117400 0.114300 0.053200 0.118100 0.102800 0.058900 0.062400 0.082700 0.059300 0.068400 0.073900 0.073100 0.070400
Bongo 0.064300 0.243300 0.013600 0.244800 0.068000 0.067300 0.085500 0.067400 0.013500 0.111000 0.064500 0.052900 0.064500 0.150800 0.076400 0.070500 0.094000 0.070100 0.082100 0.005400 0.059400 0.070900 0.111000 0.120500 0.064500 0.061800 0.070400 0.000000 0.073200 0.013600 0.108000 0.070800 0.106400 0.067300 0.055400 0.058500 0.064700 0.053200 0.073800 0.125400 0.107300 0.067400 0.111000 0.114300 0.052800 0.062000 0.085300 0.064800 0.071000 0.079400 0.013500 0.010800
Gerenuk 0.076200 0.233900 0.058700 0.246200 0.080000 0.079300 0.082800 0.044600 0.075900 0.133600 0.076400 0.079300 0.070600 0.138400 0.088500 0.024200 0.115900 0.097200 0.085400 0.067500 0.036500 0.071200 0.121200 0.124400 0.076400 0.039000 0.076500 0.073200 0.000000 0.076100 0.130600 0.074000 0.116200 0.073400 0.067100 0.079200 0.082600 0.065000 0.053700 0.132900 0.117400 0.044600 0.127400 0.124400 0.073400 0.077000 0.062100 0.067900 0.086100 0.094700 0.070100 0.073200
CommonElan 0.061400 0.239500 0.016300 0.248100 0.070800 0.064400 0.091400 0.070300 0.016300 0.113900 0.061500 0.058600 0.067400 0.150600 0.082200 0.073300 0.096900 0.078900 0.079100 0.008100 0.062200 0.067900 0.114000 0.123500 0.061500 0.064600 0.073300 0.013600 0.076100 0.000000 0.111000 0.070800 0.109300 0.070200 0.058200 0.061300 0.061700 0.056100 0.076600 0.128300 0.110200 0.070000 0.114000 0.117300 0.055600 0.067800 0.088200 0.070600 0.076800 0.076300 0.016200 0.019000
MuntiacusR 0.111400 0.233700 0.092700 0.239300 0.106400 0.117700 0.131300 0.118100 0.110800 0.014100 0.111600 0.099100 0.108600 0.209800 0.131000 0.115100 0.099100 0.098800 0.130200 0.102100 0.110000 0.122200 0.051700 0.072800 0.105400 0.109100 0.115000 0.108000 0.130600 0.111000 0.000000 0.121900 0.105600 0.111500 0.101600 0.098900 0.118400 0.099800 0.125600 0.078300 0.048400 0.118000 0.008200 0.069800 0.092900 0.118800 0.131200 0.124800 0.131800 0.090300 0.104400 0.107900
HarveysDui 0.059200 0.228000 0.059100 0.251200 0.062700 0.062200 0.045000 0.058500 0.076500 0.124900 0.053500 0.068000 0.053500 0.091300 0.071000 0.065300 0.110400 0.088800 0.065200 0.068000 0.048400 0.059900 0.118700 0.115600 0.053500 0.056600 0.059400 0.070800 0.074000 0.070800 0.121900 0.000000 0.116800 0.056300 0.050200 0.067900 0.059600 0.047900 0.065800 0.124100 0.121100 0.062200 0.124900 0.115700 0.062100 0.059700 0.080200 0.062400 0.068600 0.089000 0.076400 0.070800
Pronghorn 0.115900 0.216500 0.097300 0.197300 0.123200 0.122100 0.132400 0.116300 0.103000 0.108600 0.112900 0.094600 0.106900 0.192700 0.138300 0.107200 0.082700 0.085400 0.131700 0.100600 0.108300 0.120400 0.108700 0.102500 0.100700 0.104300 0.113200 0.106400 0.116200 0.109300 0.105600 0.116800 0.000000 0.109800 0.100100 0.097500 0.119700 0.107300 0.120500 0.111000 0.098800 0.116100 0.108600 0.096400 0.091500 0.114000 0.129200 0.122900 0.123500 0.094900 0.102900 0.106400
BlueWildeb 0.053000 0.226400 0.052900 0.238300 0.056400 0.056000 0.076700 0.056000 0.070100 0.108300 0.041700 0.055900 0.013700 0.115800 0.073600 0.064800 0.097400 0.079300 0.058900 0.061700 0.047900 0.053600 0.108400 0.111700 0.047400 0.050400 0.013700 0.067300 0.073400 0.070200 0.111500 0.056300 0.109800 0.000000 0.032900 0.053000 0.053300 0.041800 0.071100 0.120100 0.110900 0.050200 0.114600 0.105500 0.050100 0.053400 0.079500 0.056200 0.065200 0.070800 0.070000 0.067300
Gemsbok 0.035700 0.221600 0.041300 0.219800 0.047400 0.044200 0.070400 0.049900 0.058100 0.098400 0.035800 0.055600 0.030200 0.121100 0.064400 0.058600 0.087900 0.070000 0.052800 0.049800 0.041900 0.047500 0.098500 0.107800 0.030200 0.044300 0.035800 0.055400 0.067100 0.058200 0.101600 0.050200 0.100100 0.032900 0.000000 0.052600 0.041600 0.033100 0.064800 0.116300 0.101000 0.049800 0.104600 0.101700 0.049800 0.053100 0.067300 0.055800 0.059000 0.067400 0.058000 0.055400
Yak 0.070300 0.215600 0.044300 0.224000 0.068000 0.073300 0.082600 0.064600 0.061300 0.098900 0.058800 0.021900 0.055900 0.138000 0.076200 0.064700 0.079300 0.061600 0.076300 0.052900 0.059500 0.071100 0.102000 0.105100 0.064600 0.059000 0.061800 0.058500 0.079200 0.061300 0.098900 0.067900 0.097500 0.053000 0.052600 0.000000 0.070700 0.053300 0.077000 0.107500 0.104400 0.064600 0.101900 0.099000 0.005400 0.065100 0.085400 0.067800 0.067900 0.056100 0.055400 0.058500
BlueSheep 0.033300 0.251700 0.056100 0.250100 0.059700 0.036200 0.080100 0.070900 0.067400 0.121500 0.016500 0.070800 0.050500 0.139000 0.083000 0.073900 0.100900 0.088500 0.050600 0.059000 0.056900 0.039400 0.115300 0.121700 0.016500 0.059300 0.056400 0.064700 0.082600 0.061700 0.118400 0.059600 0.119700 0.053300 0.041600 0.070700 0.000000 0.045000 0.074300 0.136600 0.117700 0.070800 0.121500 0.115400 0.064900 0.050700 0.088900 0.065200 0.077500 0.092100 0.067400 0.064700
BohorReedb 0.047600 0.227400 0.041800 0.224900 0.022300 0.050500 0.068300 0.053400 0.056000 0.102800 0.041900 0.053300 0.039100 0.126000 0.056300 0.056400 0.094900 0.076700 0.056300 0.047600 0.039500 0.051000 0.102900 0.102900 0.041900 0.047800 0.044800 0.053200 0.065000 0.056100 0.099800 0.047900 0.107300 0.041800 0.033100 0.053300 0.045000 0.000000 0.059700 0.111400 0.105400 0.053400 0.102800 0.096800 0.047600 0.048000 0.065200 0.053600 0.059700 0.074100 0.055900 0.047500
KirksDik 0.074000 0.232700 0.062200 0.248800 0.074800 0.077100 0.083600 0.042200 0.076500 0.128600 0.065300 0.077100 0.068300 0.139700 0.086300 0.045100 0.110800 0.092100 0.080200 0.068000 0.034000 0.074800 0.122400 0.119400 0.071200 0.036500 0.074300 0.073800 0.053700 0.076600 0.125600 0.065800 0.120500 0.071100 0.064800 0.077000 0.074300 0.059700 0.000000 0.134300 0.124800 0.042100 0.128700 0.119400 0.071100 0.062800 0.053900 0.071500 0.080900 0.092600 0.076400 0.073700
RoeDeer 0.132600 0.231600 0.109800 0.241000 0.121300 0.139100 0.133600 0.120400 0.128100 0.081200 0.129600 0.107600 0.111100 0.211400 0.149100 0.117400 0.110700 0.107300 0.126000 0.119400 0.118700 0.137300 0.081200 0.042800 0.123300 0.120800 0.117400 0.125400 0.132900 0.128300 0.078300 0.124100 0.111000 0.120100 0.116300 0.107500 0.136600 0.111400 0.134300 0.000000 0.077800 0.126600 0.081200 0.042800 0.101500 0.127500 0.139900 0.133500 0.140500 0.092700 0.121700 0.125400
WhiteLippe 0.113800 0.228600 0.098200 0.227200 0.105400 0.120200 0.130600 0.117400 0.110100 0.051300 0.110900 0.101500 0.108000 0.208500 0.136600 0.108300 0.104400 0.104100 0.129400 0.101400 0.103000 0.115200 0.019600 0.069400 0.104800 0.108400 0.114300 0.107300 0.117400 0.110200 0.048400 0.121100 0.098800 0.110900 0.101000 0.104400 0.117700 0.105400 0.124800 0.077800 0.000000 0.117300 0.051300 0.063400 0.098400 0.118100 0.130500 0.124100 0.124600 0.095800 0.103800 0.107300
ThomsonGaz 0.064500 0.226500 0.052900 0.245800 0.068100 0.067500 0.076900 0.027600 0.070100 0.114600 0.064700 0.067600 0.047400 0.125300 0.073600 0.036200 0.103600 0.085300 0.073500 0.061700 0.025100 0.065300 0.114800 0.111800 0.064700 0.011000 0.053200 0.067400 0.044600 0.070000 0.118000 0.062200 0.116100 0.050200 0.049800 0.064600 0.070800 0.053400 0.042100 0.126600 0.117300 0.000000 0.121000 0.111900 0.061700 0.059400 0.050500 0.062100 0.071000 0.082700 0.070000 0.067400
MuntiacusC 0.114400 0.230100 0.095700 0.242800 0.109400 0.120800 0.134400 0.121100 0.113800 0.011200 0.114600 0.102100 0.111700 0.213200 0.134100 0.111900 0.102100 0.101700 0.133300 0.105100 0.113100 0.125300 0.054600 0.078800 0.108400 0.112100 0.118100 0.111000 0.127400 0.114000 0.008200 0.124900 0.108600 0.114600 0.104600 0.101900 0.121500 0.102800 0.128700 0.081200 0.051300 0.121000 0.000000 0.072800 0.095900 0.121900 0.134300 0.127900 0.134900 0.093300 0.107400 0.110900
WhiteTaile 0.117900 0.230900 0.098900 0.228900 0.106500 0.124300 0.125100 0.111900 0.117100 0.072700 0.114800 0.099200 0.096500 0.203100 0.134200 0.109000 0.102300 0.098800 0.124100 0.108400 0.103900 0.122400 0.066800 0.022800 0.108600 0.106100 0.102800 0.114300 0.124400 0.117300 0.069800 0.115700 0.096400 0.105500 0.101700 0.099000 0.115400 0.096800 0.119400 0.042800 0.063400 0.111900 0.072800 0.000000 0.093000 0.112700 0.125100 0.118700 0.125600 0.087400 0.110700 0.114300
Cattle 0.064500 0.208800 0.038700 0.217200 0.062200 0.067500 0.076800 0.061800 0.055600 0.095900 0.053000 0.016400 0.053100 0.134900 0.076500 0.059000 0.073500 0.055900 0.070500 0.047200 0.053700 0.065200 0.095900 0.099100 0.058800 0.056200 0.058900 0.052800 0.073400 0.055600 0.092900 0.062100 0.091500 0.050100 0.049800 0.005400 0.064900 0.047600 0.071100 0.101500 0.098400 0.061700 0.095900 0.093000 0.000000 0.059300 0.079500 0.062000 0.068200 0.053300 0.049800 0.052800
RoyalAntel 0.062100 0.224300 0.056300 0.225900 0.056900 0.065100 0.068400 0.067400 0.067700 0.121800 0.050500 0.065200 0.056500 0.139100 0.068200 0.068300 0.101300 0.079900 0.071100 0.059300 0.057200 0.062800 0.115600 0.118900 0.050500 0.053700 0.062400 0.062000 0.077000 0.067800 0.118800 0.059700 0.114000 0.053400 0.053100 0.065100 0.050700 0.048000 0.062800 0.127500 0.118100 0.059400 0.121900 0.112700 0.059300 0.000000 0.083300 0.053600 0.059900 0.086400 0.061800 0.062000
Steenbok 0.076400 0.241800 0.070500 0.257700 0.086200 0.085500 0.095100 0.050500 0.088000 0.134300 0.082500 0.085500 0.070800 0.141200 0.094800 0.053500 0.119500 0.100700 0.091600 0.079500 0.042400 0.083300 0.128000 0.122000 0.082600 0.044900 0.082700 0.085300 0.062100 0.088200 0.131200 0.080200 0.129200 0.079500 0.067300 0.085400 0.088900 0.065200 0.053900 0.139900 0.130500 0.050500 0.134300 0.125100 0.079500 0.083300 0.000000 0.080000 0.080500 0.098200 0.087900 0.079300
Impala 0.064800 0.241200 0.053200 0.243100 0.068500 0.067800 0.077100 0.062100 0.070500 0.127900 0.059100 0.067900 0.053400 0.122500 0.076900 0.065200 0.110200 0.088600 0.076800 0.062100 0.054000 0.065500 0.121600 0.125000 0.059100 0.056500 0.059300 0.064800 0.067900 0.070600 0.124800 0.062400 0.122900 0.056200 0.055800 0.067800 0.065200 0.053600 0.071500 0.133500 0.124100 0.062100 0.127900 0.118700 0.062000 0.053600 0.080000 0.000000 0.068500 0.089100 0.070400 0.064800
Klipspring 0.074100 0.254000 0.065100 0.255500 0.068800 0.077200 0.083400 0.071300 0.076700 0.131700 0.071200 0.071200 0.062400 0.126100 0.071100 0.077400 0.117000 0.095200 0.077100 0.068200 0.066100 0.077900 0.128600 0.131900 0.071200 0.065600 0.068400 0.071000 0.086100 0.076800 0.131800 0.068600 0.123500 0.065200 0.059000 0.067900 0.077500 0.059700 0.080900 0.140500 0.124600 0.071000 0.134900 0.125600 0.068200 0.059900 0.080500 0.068500 0.000000 0.092600 0.076600 0.071000
ForestMusk 0.088600 0.216400 0.064700 0.228300 0.089300 0.094700 0.098300 0.082700 0.082100 0.087100 0.085600 0.064900 0.067900 0.165100 0.101000 0.079900 0.079700 0.067700 0.091700 0.073700 0.080700 0.092500 0.093300 0.096400 0.079700 0.077000 0.073900 0.079400 0.094700 0.076300 0.090300 0.089000 0.094900 0.070800 0.067400 0.056100 0.092100 0.074100 0.092600 0.092700 0.095800 0.082700 0.093300 0.087400 0.053300 0.086400 0.098200 0.089100 0.092600 0.000000 0.076100 0.079400
Bushbuck 0.067000 0.238700 0.016300 0.240300 0.070600 0.070000 0.091100 0.070100 0.016200 0.107400 0.067100 0.052700 0.067200 0.156600 0.082000 0.067200 0.090600 0.072800 0.084700 0.008100 0.062100 0.073600 0.107400 0.116800 0.067100 0.064500 0.073100 0.013500 0.070100 0.016200 0.104400 0.076400 0.102900 0.070000 0.058000 0.055400 0.067400 0.055900 0.076400 0.121700 0.103800 0.070000 0.107400 0.110700 0.049800 0.061800 0.087900 0.070400 0.076600 0.076100 0.000000 0.019000
GreaterKud 0.064300 0.243200 0.013600 0.237500 0.067900 0.067300 0.085500 0.067400 0.019000 0.110900 0.064400 0.055700 0.064500 0.150700 0.076400 0.070500 0.094000 0.070100 0.082100 0.010900 0.059400 0.070900 0.111000 0.120500 0.064500 0.061800 0.070400 0.010800 0.073200 0.019000 0.107900 0.070800 0.106400 0.067300 0.055400 0.058500 0.064700 0.047500 0.073700 0.125400 0.107300 0.067400 0.110900 0.114300 0.052800 0.062000 0.079300 0.064800 0.071000 0.079400 0.019000 0.000000
