CODONML (in paml version 4.10.7, June 2023)  /home/rachel/ruminants_paml/6406-phy-tree/ENSBTAT00000061447.fasta.phy
Model: free dN/dS Ratios for branches,  kappa = 2.000 fixed

Codon frequency model: F3x4
ns =  54  ls = 231

Codon usage in sequences
--------------------------------------------------------------------------------------------------------------------------------------
Phe TTT   4   3   4   4   4   4 | Ser TCT   2   4   3   3   2   4 | Tyr TAT   5   4   7   6   5   6 | Cys TGT   6   4   6   6   5   5
    TTC   3   4   3   3   3   3 |     TCC   6   4   5   5   4   4 |     TAC   9   9   7   8   9   8 |     TGC   2   4   2   2   3   3
Leu TTA   1   1   1   1   1   1 |     TCA   1   1   1   1   1   1 | *** TAA   0   0   0   0   0   0 | *** TGA   0   0   0   0   0   0
    TTG   1   2   1   1   1   1 |     TCG   0   0   0   0   1   0 |     TAG   0   0   0   0   0   0 | Trp TGG   1   1   1   1   1   1
--------------------------------------------------------------------------------------------------------------------------------------
Leu CTT   5   6   5   5   5   4 | Pro CCT   3   4   3   3   4   4 | His CAT   6   8   7   7   5   8 | Arg CGT   2   2   2   2   2   2
    CTC   4   5   4   4   5   5 |     CCC   4   3   4   4   4   4 |     CAC   4   4   4   4   6   3 |     CGC   3   1   2   2   1   2
    CTA   0   0   0   0   0   0 |     CCA   1   2   1   2   1   2 | Gln CAA   5   3   5   5   6   6 |     CGA   0   0   0   0   1   0
    CTG   7   4   7   7   6   7 |     CCG   2   1   2   1   1   0 |     CAG   3   4   3   3   2   2 |     CGG   1   2   1   1   1   1
--------------------------------------------------------------------------------------------------------------------------------------
Ile ATT   4   4   4   4   6   5 | Thr ACT   2   2   2   2   2   2 | Asn AAT   5   6   5   5   5   5 | Ser AGT   1   1   1   1   1   0
    ATC   3   4   3   3   2   3 |     ACC   1   1   1   1   2   1 |     AAC   3   3   3   3   3   3 |     AGC   1   1   1   1   1   1
    ATA   7   6   7   7   6   7 |     ACA   0   1   0   1   1   0 | Lys AAA   9   8   9  10   7   7 | Arg AGA   4   4   5   4   4   4
Met ATG  10  11  11  11  11  11 |     ACG   2   0   1   0   1   1 |     AAG   5   7   5   4   7   7 |     AGG   1   1   0   1   1   1
--------------------------------------------------------------------------------------------------------------------------------------
Val GTT   4   4   4   4   3   4 | Ala GCT   6   6   6   6   6   6 | Asp GAT   8   7   8   9  10   9 | Gly GGT   5   5   5   5   5   6
    GTC   4   4   4   4   4   3 |     GCC   0   0   0   0   0   0 |     GAC  10  10  10   9   9   9 |     GGC   1   1   1   1   1   2
    GTA   2   1   3   3   2   1 |     GCA   2   2   2   2   1   2 | Glu GAA  11  11  11  11  11  11 |     GGA   9   7   9   9   8   8
    GTG  11  12  10  10  12  12 |     GCG   1   1   1   1   1   1 |     GAG   8   8   8   8   7   8 |     GGG   0   2   0   0   1   0
--------------------------------------------------------------------------------------------------------------------------------------

--------------------------------------------------------------------------------------------------------------------------------------
Phe TTT   4   4   4   4   4   4 | Ser TCT   3   2   3   3   3   3 | Tyr TAT   6   5   6   6   6   6 | Cys TGT   6   6   6   6   6   4
    TTC   3   3   3   3   3   3 |     TCC   5   6   5   5   5   5 |     TAC   8   9   8   8   8   8 |     TGC   2   2   2   2   2   4
Leu TTA   1   1   1   1   1   1 |     TCA   1   1   1   1   1   1 | *** TAA   0   0   0   0   0   0 | *** TGA   0   0   0   0   0   0
    TTG   1   1   1   1   1   1 |     TCG   0   0   0   0   0   0 |     TAG   0   0   0   0   0   0 | Trp TGG   1   1   1   1   1   1
--------------------------------------------------------------------------------------------------------------------------------------
Leu CTT   4   5   5   5   5   4 | Pro CCT   3   3   3   3   3   3 | His CAT   6   6   8   6   7   7 | Arg CGT   2   2   1   2   2   2
    CTC   5   4   4   4   4   4 |     CCC   4   4   4   4   4   4 |     CAC   5   5   3   5   4   4 |     CGC   2   2   2   2   2   2
    CTA   0   0   0   0   0   0 |     CCA   2   1   1   1   2   2 | Gln CAA   5   5   4   5   5   5 |     CGA   0   0   0   0   0   0
    CTG   7   7   7   7   7   8 |     CCG   1   2   2   2   1   1 |     CAG   3   3   5   3   3   3 |     CGG   1   1   1   1   1   1
--------------------------------------------------------------------------------------------------------------------------------------
Ile ATT   4   4   3   4   4   4 | Thr ACT   2   2   2   2   2   2 | Asn AAT   5   5   5   5   5   5 | Ser AGT   1   1   1   1   1   1
    ATC   3   3   4   3   3   4 |     ACC   1   1   1   1   1   1 |     AAC   3   3   2   3   3   3 |     AGC   1   1   1   1   1   1
    ATA   7   7   7   7   7   6 |     ACA   0   0   0   0   1   1 | Lys AAA   8   9   8   9   9   9 | Arg AGA   4   4   4   4   5   4
Met ATG  11  11  11  11  11  11 |     ACG   1   1   1   1   0   0 |     AAG   6   5   7   5   5   5 |     AGG   1   1   1   1   0   1
--------------------------------------------------------------------------------------------------------------------------------------
Val GTT   4   4   4   4   4   5 | Ala GCT   6   6   6   6   6   6 | Asp GAT   9   8   6   7   9   9 | Gly GGT   5   5   5   5   5   5
    GTC   4   4   4   4   4   4 |     GCC   0   0   0   0   0   0 |     GAC   9  10  12  11   9   9 |     GGC   2   1   1   1   1   1
    GTA   3   2   2   3   3   2 |     GCA   2   2   2   2   2   2 | Glu GAA  11  11  11  11  11  11 |     GGA   8   9   8   9   9   9
    GTG  10  11  11  10  10  10 |     GCG   1   1   1   1   1   1 |     GAG   8   8   8   8   8   8 |     GGG   0   0   1   0   0   0
--------------------------------------------------------------------------------------------------------------------------------------

--------------------------------------------------------------------------------------------------------------------------------------
Phe TTT   4   4   4   4   4   4 | Ser TCT   3   3   3   3   3   3 | Tyr TAT   6   6   6   6   6   6 | Cys TGT   6   6   6   6   6   6
    TTC   3   3   3   3   3   3 |     TCC   5   5   5   5   5   5 |     TAC   8   8   8   8   8   8 |     TGC   2   2   2   2   2   2
Leu TTA   1   1   1   1   1   1 |     TCA   1   1   1   1   1   1 | *** TAA   0   0   0   0   0   0 | *** TGA   0   0   0   0   0   0
    TTG   1   2   1   1   1   1 |     TCG   0   0   0   0   0   0 |     TAG   0   0   0   0   0   0 | Trp TGG   1   1   1   1   1   1
--------------------------------------------------------------------------------------------------------------------------------------
Leu CTT   5   5   6   5   6   5 | Pro CCT   3   3   3   3   3   3 | His CAT   6   7   6   7   6   7 | Arg CGT   2   2   2   2   2   2
    CTC   4   4   3   4   4   4 |     CCC   4   4   4   4   4   4 |     CAC   5   4   5   4   5   4 |     CGC   2   2   2   2   2   2
    CTA   0   0   0   0   0   0 |     CCA   2   1   3   2   3   2 | Gln CAA   5   5   5   5   5   5 |     CGA   0   0   0   0   0   0
    CTG   7   6   7   7   6   7 |     CCG   1   2   0   1   0   1 |     CAG   3   3   3   3   3   3 |     CGG   1   1   1   1   1   1
--------------------------------------------------------------------------------------------------------------------------------------
Ile ATT   4   4   4   4   4   4 | Thr ACT   2   2   2   2   2   2 | Asn AAT   5   5   5   5   5   5 | Ser AGT   1   1   1   1   1   1
    ATC   3   3   3   3   3   3 |     ACC   1   1   1   1   1   1 |     AAC   3   3   3   3   3   3 |     AGC   1   1   1   1   1   1
    ATA   7   7   7   7   7   7 |     ACA   0   0   0   0   0   0 | Lys AAA   9   9   9   9   9   9 | Arg AGA   4   4   4   4   4   5
Met ATG  11  11  11  11  11  11 |     ACG   1   1   1   1   1   1 |     AAG   5   5   5   5   5   5 |     AGG   1   1   1   1   1   0
--------------------------------------------------------------------------------------------------------------------------------------
Val GTT   4   4   4   4   4   4 | Ala GCT   6   6   6   6   6   6 | Asp GAT   8   8   9   8   9   8 | Gly GGT   5   5   5   5   4   5
    GTC   4   4   4   4   4   4 |     GCC   0   0   0   0   0   0 |     GAC  10  10   9  10   9  10 |     GGC   1   1   1   1   1   1
    GTA   2   3   3   3   3   3 |     GCA   2   2   2   2   2   2 | Glu GAA  11  11  11  11  11  11 |     GGA   9   9   9   9  10   9
    GTG  11  10  10  10  10  10 |     GCG   1   1   1   1   1   1 |     GAG   8   8   8   8   8   8 |     GGG   0   0   0   0   0   0
--------------------------------------------------------------------------------------------------------------------------------------

--------------------------------------------------------------------------------------------------------------------------------------
Phe TTT   4   4   4   4   4   4 | Ser TCT   4   3   3   3   3   3 | Tyr TAT   6   6   6   6   6   5 | Cys TGT   5   5   6   6   6   6
    TTC   3   3   3   3   3   3 |     TCC   4   5   5   5   5   5 |     TAC   7   8   8   8   8   9 |     TGC   3   3   2   2   2   2
Leu TTA   1   1   1   1   1   1 |     TCA   1   1   1   1   1   1 | *** TAA   0   0   0   0   0   0 | *** TGA   0   0   0   0   0   0
    TTG   1   1   1   1   1   1 |     TCG   0   0   0   0   0   0 |     TAG   0   0   0   0   0   0 | Trp TGG   1   1   1   1   1   1
--------------------------------------------------------------------------------------------------------------------------------------
Leu CTT   5   5   5   5   5   5 | Pro CCT   3   3   3   3   3   3 | His CAT   8   7   6   7   6   6 | Arg CGT   2   2   2   2   2   2
    CTC   4   4   4   4   4   4 |     CCC   4   4   4   4   4   4 |     CAC   4   4   5   4   5   5 |     CGC   2   2   2   2   2   2
    CTA   0   0   0   0   0   0 |     CCA   3   2   1   1   2   2 | Gln CAA   5   5   5   5   5   5 |     CGA   0   0   0   0   0   0
    CTG   7   7   7   7   7   7 |     CCG   0   1   2   2   1   1 |     CAG   3   3   3   3   3   3 |     CGG   1   1   1   1   1   1
--------------------------------------------------------------------------------------------------------------------------------------
Ile ATT   4   5   4   4   4   4 | Thr ACT   2   2   2   2   2   2 | Asn AAT   5   5   4   5   4   5 | Ser AGT   1   1   1   1   1   1
    ATC   3   3   3   3   3   3 |     ACC   1   1   1   1   1   1 |     AAC   3   3   4   3   4   3 |     AGC   1   1   1   1   1   1
    ATA   7   7   7   7   7   7 |     ACA   0   0   0   1   0   0 | Lys AAA   9   9   9   9   9   9 | Arg AGA   4   4   4   5   4   4
Met ATG  11  11  11  11  11  11 |     ACG   1   1   1   0   1   1 |     AAG   5   5   5   5   5   5 |     AGG   1   1   1   0   1   1
--------------------------------------------------------------------------------------------------------------------------------------
Val GTT   4   3   4   4   4   4 | Ala GCT   6   6   6   7   6   6 | Asp GAT   9   9   8   8   9   8 | Gly GGT   5   5   5   5   5   5
    GTC   4   4   4   4   4   4 |     GCC   0   0   0   0   0   0 |     GAC   9   9  10  10   9  10 |     GGC   1   1   1   1   1   1
    GTA   2   3   3   3   4   2 |     GCA   2   2   2   1   2   2 | Glu GAA  11  11  11  11  10  11 |     GGA   9   9   9   9   9   9
    GTG  11  10  10  10   9  11 |     GCG   1   1   1   1   1   1 |     GAG   8   8   8   8   9   8 |     GGG   0   0   0   0   0   0
--------------------------------------------------------------------------------------------------------------------------------------

--------------------------------------------------------------------------------------------------------------------------------------
Phe TTT   4   4   4   4   4   4 | Ser TCT   3   3   3   3   3   3 | Tyr TAT   7   6   5   6   6   6 | Cys TGT   5   5   6   6   6   6
    TTC   3   3   3   3   3   3 |     TCC   5   5   5   5   5   5 |     TAC   7   8   9   8   8   8 |     TGC   3   3   2   2   2   2
Leu TTA   1   1   1   1   1   1 |     TCA   1   1   1   1   1   1 | *** TAA   0   0   0   0   0   0 | *** TGA   0   0   0   0   0   0
    TTG   1   1   1   1   1   2 |     TCG   0   0   0   0   0   0 |     TAG   0   0   0   0   0   0 | Trp TGG   1   1   1   1   1   1
--------------------------------------------------------------------------------------------------------------------------------------
Leu CTT   4   4   5   5   6   5 | Pro CCT   3   3   3   3   3   3 | His CAT   7   7   6   6   6   7 | Arg CGT   2   2   2   2   2   2
    CTC   4   4   4   4   3   4 |     CCC   4   4   4   4   4   4 |     CAC   4   4   5   5   5   4 |     CGC   2   2   2   2   2   2
    CTA   0   0   0   0   0   0 |     CCA   2   2   2   1   2   1 | Gln CAA   5   5   5   5   5   5 |     CGA   0   0   0   0   0   0
    CTG   8   8   7   7   7   6 |     CCG   1   1   1   2   1   2 |     CAG   3   3   3   3   3   3 |     CGG   1   1   1   1   1   1
--------------------------------------------------------------------------------------------------------------------------------------
Ile ATT   4   4   4   4   4   4 | Thr ACT   2   2   2   2   2   2 | Asn AAT   5   5   5   5   5   5 | Ser AGT   1   1   1   1   1   1
    ATC   3   3   3   3   3   3 |     ACC   1   1   1   1   1   1 |     AAC   3   3   3   3   3   3 |     AGC   1   1   1   1   1   1
    ATA   7   7   7   7   7   7 |     ACA   1   1   0   0   0   1 | Lys AAA   9   9   9   9   9   9 | Arg AGA   4   4   4   4   4   5
Met ATG  11  11  11  11  11  11 |     ACG   0   0   1   1   1   0 |     AAG   5   5   5   5   5   5 |     AGG   1   1   1   1   1   0
--------------------------------------------------------------------------------------------------------------------------------------
Val GTT   5   5   4   4   4   4 | Ala GCT   6   6   6   6   6   6 | Asp GAT   9   8   8   7   9   8 | Gly GGT   5   5   5   5   5   5
    GTC   4   4   4   4   4   4 |     GCC   0   0   0   0   0   0 |     GAC   9  10  10  11   9  10 |     GGC   1   1   1   1   1   1
    GTA   2   2   2   3   3   3 |     GCA   2   2   2   2   2   2 | Glu GAA  12  11  11  11  11  11 |     GGA   9   9   9   9   9   9
    GTG  10  10  11  10  10  10 |     GCG   1   1   1   1   1   1 |     GAG   7   8   8   8   8   8 |     GGG   0   0   0   0   0   0
--------------------------------------------------------------------------------------------------------------------------------------

--------------------------------------------------------------------------------------------------------------------------------------
Phe TTT   4   4   4   4   4   4 | Ser TCT   3   3   3   3   3   3 | Tyr TAT   6   6   6   6   6   6 | Cys TGT   6   6   5   6   5   6
    TTC   3   3   3   3   3   3 |     TCC   5   5   5   5   5   5 |     TAC   8   8   8   8   8   8 |     TGC   2   2   3   2   3   2
Leu TTA   1   1   1   1   1   1 |     TCA   1   1   1   1   1   1 | *** TAA   0   0   0   0   0   0 | *** TGA   0   0   0   0   0   0
    TTG   1   1   1   1   1   1 |     TCG   0   0   0   0   0   0 |     TAG   0   0   0   0   0   0 | Trp TGG   1   1   1   1   1   1
--------------------------------------------------------------------------------------------------------------------------------------
Leu CTT   5   5   4   5   5   6 | Pro CCT   3   3   3   3   3   3 | His CAT   6   7   7   7   7   6 | Arg CGT   2   2   2   2   2   2
    CTC   4   4   4   4   4   3 |     CCC   4   4   4   4   4   4 |     CAC   5   4   4   4   4   5 |     CGC   2   2   2   2   2   2
    CTA   0   0   0   0   0   0 |     CCA   1   2   2   1   3   2 | Gln CAA   5   5   5   5   5   5 |     CGA   0   0   0   0   0   0
    CTG   7   7   8   7   7   7 |     CCG   2   1   1   2   0   1 |     CAG   3   3   3   3   3   3 |     CGG   1   1   1   1   1   1
--------------------------------------------------------------------------------------------------------------------------------------
Ile ATT   4   4   4   5   4   4 | Thr ACT   2   2   2   2   2   2 | Asn AAT   5   4   5   5   5   5 | Ser AGT   1   1   1   1   1   1
    ATC   3   3   3   2   3   3 |     ACC   1   1   1   1   1   1 |     AAC   3   3   3   3   3   3 |     AGC   1   1   1   1   1   1
    ATA   7   7   7   7   7   7 |     ACA   0   1   1   0   0   0 | Lys AAA   9   9   9   9   9   9 | Arg AGA   4   5   4   4   4   4
Met ATG  11  11  11  11  11  11 |     ACG   1   0   0   1   1   1 |     AAG   5   6   5   5   5   5 |     AGG   1   0   1   1   1   1
--------------------------------------------------------------------------------------------------------------------------------------
Val GTT   4   4   5   4   4   4 | Ala GCT   6   6   6   6   6   6 | Asp GAT   8   8   9   8   8   9 | Gly GGT   5   5   5   5   5   5
    GTC   4   4   4   4   4   4 |     GCC   0   0   0   0   0   0 |     GAC  10  10   9  10  10   9 |     GGC   1   1   1   1   1   1
    GTA   3   3   2   3   3   3 |     GCA   2   2   2   2   2   2 | Glu GAA  11  11  11  11  11  11 |     GGA   9   9   9   9   9   9
    GTG  10  10  10  10  10  10 |     GCG   1   1   1   1   1   1 |     GAG   8   8   8   8   8   8 |     GGG   0   0   0   0   0   0
--------------------------------------------------------------------------------------------------------------------------------------

--------------------------------------------------------------------------------------------------------------------------------------
Phe TTT   4   4   4   4   4   4 | Ser TCT   3   3   4   3   3   3 | Tyr TAT   6   6   6   6   6   6 | Cys TGT   6   6   6   5   5   4
    TTC   3   3   3   3   3   3 |     TCC   5   5   3   5   5   5 |     TAC   8   8   8   8   8   8 |     TGC   2   2   2   3   3   4
Leu TTA   1   1   1   1   1   1 |     TCA   1   1   1   1   1   1 | *** TAA   0   0   0   0   0   0 | *** TGA   0   0   0   0   0   0
    TTG   1   1   1   1   1   1 |     TCG   0   0   1   0   0   0 |     TAG   0   0   0   0   0   0 | Trp TGG   1   1   1   1   1   1
--------------------------------------------------------------------------------------------------------------------------------------
Leu CTT   5   5   5   4   6   4 | Pro CCT   3   3   3   3   3   3 | His CAT   6   7   6   6   6   7 | Arg CGT   2   2   2   2   2   2
    CTC   4   4   4   5   4   4 |     CCC   4   4   4   4   4   4 |     CAC   5   4   5   5   5   4 |     CGC   2   2   2   2   2   2
    CTA   0   0   0   0   0   0 |     CCA   3   1   2   2   0   1 | Gln CAA   5   5   5   5   5   5 |     CGA   0   0   0   0   0   0
    CTG   7   7   7   7   6   8 |     CCG   0   2   1   1   3   2 |     CAG   3   3   3   3   3   3 |     CGG   1   1   1   1   1   1
--------------------------------------------------------------------------------------------------------------------------------------
Ile ATT   4   4   4   4   4   4 | Thr ACT   2   2   2   2   2   2 | Asn AAT   5   5   5   5   5   5 | Ser AGT   1   1   1   1   1   1
    ATC   3   3   3   3   3   2 |     ACC   1   1   1   1   1   1 |     AAC   3   3   3   3   3   3 |     AGC   1   1   1   1   1   1
    ATA   7   7   7   7   7   7 |     ACA   0   0   0   0   0   1 | Lys AAA   9   9   9   8   9   8 | Arg AGA   4   4   4   4   4   4
Met ATG  11  11  11  11  11  11 |     ACG   1   1   1   1   1   0 |     AAG   5   5   5   6   5   6 |     AGG   1   1   1   1   1   1
--------------------------------------------------------------------------------------------------------------------------------------
Val GTT   4   4   4   4   4   5 | Ala GCT   6   6   6   6   6   6 | Asp GAT   8   9   8   9   8   9 | Gly GGT   5   5   5   5   5   5
    GTC   4   4   4   4   4   5 |     GCC   0   0   0   0   0   0 |     GAC  10   9  10   9  10   9 |     GGC   1   1   1   2   1   1
    GTA   3   3   2   3   3   2 |     GCA   2   2   2   2   2   2 | Glu GAA  11  11  11  11  11  11 |     GGA   8   9   9   8   9   9
    GTG  10  10  11  10  10  10 |     GCG   1   1   1   1   1   1 |     GAG   8   8   8   8   8   8 |     GGG   1   0   0   0   0   0
--------------------------------------------------------------------------------------------------------------------------------------

--------------------------------------------------------------------------------------------------------------------------------------
Phe TTT   4   4   4   4   4   4 | Ser TCT   3   3   3   3   3   3 | Tyr TAT   7   6   6   7   6   7 | Cys TGT   5   6   4   4   6   6
    TTC   3   3   3   3   3   3 |     TCC   5   5   5   5   5   5 |     TAC   7   8   8   8   8   7 |     TGC   3   2   4   3   2   2
Leu TTA   1   1   1   1   1   1 |     TCA   1   1   1   1   1   1 | *** TAA   0   0   0   0   0   0 | *** TGA   0   0   0   0   0   0
    TTG   1   1   1   1   1   1 |     TCG   0   0   0   0   0   0 |     TAG   0   0   0   0   0   0 | Trp TGG   1   1   1   1   1   1
--------------------------------------------------------------------------------------------------------------------------------------
Leu CTT   4   4   4   4   5   5 | Pro CCT   3   3   3   3   3   3 | His CAT   7   6   7   8   7   6 | Arg CGT   2   2   2   2   2   2
    CTC   4   5   4   4   4   4 |     CCC   4   4   4   4   4   4 |     CAC   4   5   4   3   4   5 |     CGC   2   2   2   2   2   2
    CTA   0   0   0   0   0   0 |     CCA   3   1   2   2   2   2 | Gln CAA   5   6   5   5   5   5 |     CGA   0   0   0   0   0   0
    CTG   8   7   8   8   7   7 |     CCG   0   2   1   1   1   1 |     CAG   3   2   3   3   3   3 |     CGG   1   1   1   1   1   1
--------------------------------------------------------------------------------------------------------------------------------------
Ile ATT   3   4   4   4   4   4 | Thr ACT   1   2   2   2   2   2 | Asn AAT   5   5   5   5   5   5 | Ser AGT   1   1   1   1   1   1
    ATC   4   3   4   3   3   3 |     ACC   2   1   1   1   1   1 |     AAC   3   3   3   3   3   3 |     AGC   1   1   1   1   1   1
    ATA   7   7   6   7   7   7 |     ACA   1   0   1   1   1   0 | Lys AAA   9  10   9  10   9   9 | Arg AGA   4   4   4   4   4   4
Met ATG  11  11  11  11  11  11 |     ACG   0   1   0   0   0   1 |     AAG   5   4   5   4   5   5 |     AGG   1   1   1   1   1   1
--------------------------------------------------------------------------------------------------------------------------------------
Val GTT   5   4   5   5   4   4 | Ala GCT   6   6   6   6   6   6 | Asp GAT   8   8  10   8   9  10 | Gly GGT   5   5   5   5   5   5
    GTC   4   4   4   4   4   4 |     GCC   0   0   0   0   0   0 |     GAC  10  10   8  10   9   8 |     GGC   1   2   1   1   1   1
    GTA   2   3   2   2   3   3 |     GCA   2   2   2   2   2   2 | Glu GAA  11  11  11  11  11  11 |     GGA   9   8   9   9   9   9
    GTG  10  10  10  10  10  10 |     GCG   1   1   1   1   1   1 |     GAG   8   8   8   8   8   8 |     GGG   0   0   0   0   0   0
--------------------------------------------------------------------------------------------------------------------------------------

--------------------------------------------------------------------------------------------------------------------------------------
Phe TTT   4   4   4   4   4   4 | Ser TCT   3   3   3   3   3   3 | Tyr TAT   7   6   6   6   6   6 | Cys TGT   6   6   6   6   6   6
    TTC   3   3   3   3   3   3 |     TCC   5   5   5   5   5   5 |     TAC   7   8   8   8   8   8 |     TGC   2   2   2   2   2   2
Leu TTA   1   1   1   1   1   1 |     TCA   1   1   1   1   1   1 | *** TAA   0   0   0   0   0   0 | *** TGA   0   0   0   0   0   0
    TTG   1   1   1   1   1   1 |     TCG   0   0   0   0   0   0 |     TAG   0   0   0   0   0   0 | Trp TGG   1   1   1   1   1   1
--------------------------------------------------------------------------------------------------------------------------------------
Leu CTT   5   5   5   5   5   5 | Pro CCT   3   3   4   3   3   3 | His CAT   6   7   6   7   7   7 | Arg CGT   2   2   2   2   2   2
    CTC   4   4   4   4   4   4 |     CCC   4   4   3   4   4   4 |     CAC   5   4   5   4   4   4 |     CGC   2   2   2   2   2   2
    CTA   0   0   0   0   0   0 |     CCA   2   1   2   2   1   1 | Gln CAA   5   5   5   5   5   5 |     CGA   0   0   0   0   0   0
    CTG   7   7   7   7   7   7 |     CCG   1   2   1   1   2   2 |     CAG   3   3   3   3   3   3 |     CGG   1   1   1   1   1   1
--------------------------------------------------------------------------------------------------------------------------------------
Ile ATT   4   4   4   4   4   4 | Thr ACT   2   2   2   2   2   2 | Asn AAT   4   5   5   5   5   5 | Ser AGT   1   1   1   1   1   1
    ATC   3   3   3   3   3   3 |     ACC   1   1   1   1   1   1 |     AAC   4   3   3   3   3   3 |     AGC   1   1   1   1   1   1
    ATA   7   7   7   7   7   7 |     ACA   0   0   0   1   1   1 | Lys AAA   9   9   9  10   9   9 | Arg AGA   4   4   4   4   5   5
Met ATG  11  11  11  11  11  11 |     ACG   1   1   1   0   0   0 |     AAG   5   5   5   4   5   5 |     AGG   1   1   1   1   0   0
--------------------------------------------------------------------------------------------------------------------------------------
Val GTT   4   4   4   4   4   4 | Ala GCT   6   6   6   6   6   6 | Asp GAT   8   9   9   9   8   8 | Gly GGT   5   5   5   5   5   5
    GTC   4   4   4   4   4   4 |     GCC   0   0   0   0   0   0 |     GAC  10   9   9   9  10  10 |     GGC   1   1   1   1   1   1
    GTA   3   3   2   3   3   3 |     GCA   2   2   2   2   2   2 | Glu GAA  11  11  11  11  12  11 |     GGA   9   9   9   9   9   9
    GTG  10  10  11  10  10  10 |     GCG   1   1   1   1   1   1 |     GAG   8   8   8   8   7   8 |     GGG   0   0   0   0   0   0
--------------------------------------------------------------------------------------------------------------------------------------

Codon position x base (3x4) table for each sequence.

#1: Argali         
position  1:    T:0.17749    C:0.21645    A:0.25108    G:0.35498
position  2:    T:0.30303    C:0.14286    A:0.39394    G:0.16017
position  3:    T:0.29437    C:0.25108    A:0.22511    G:0.22944
Average         T:0.25830    C:0.20346    A:0.29004    G:0.24820

#2: LesserMouseDeer
position  1:    T:0.17749    C:0.21212    A:0.25974    G:0.35065
position  2:    T:0.30736    C:0.13853    A:0.39827    G:0.15584
position  3:    T:0.30303    C:0.25108    A:0.20346    G:0.24242
Average         T:0.26263    C:0.20058    A:0.28716    G:0.24964

#3: LesserKudu     
position  1:    T:0.17749    C:0.21645    A:0.25108    G:0.35498
position  2:    T:0.30736    C:0.13853    A:0.39827    G:0.15584
position  3:    T:0.31169    C:0.23377    A:0.23377    G:0.22078
Average         T:0.26551    C:0.19625    A:0.29437    G:0.24387

#4: ForestMuskDeer2
position  1:    T:0.17749    C:0.21645    A:0.25108    G:0.35498
position  2:    T:0.30736    C:0.13853    A:0.39827    G:0.15584
position  3:    T:0.31169    C:0.23377    A:0.24242    G:0.21212
Average         T:0.26551    C:0.19625    A:0.29726    G:0.24098

#5: Camel          
position  1:    T:0.17316    C:0.21645    A:0.25974    G:0.35065
position  2:    T:0.30736    C:0.13853    A:0.39827    G:0.15584
position  3:    T:0.30303    C:0.24675    A:0.21645    G:0.23377
Average         T:0.26118    C:0.20058    A:0.29149    G:0.24675

#6: KillerWhale    
position  1:    T:0.17749    C:0.21645    A:0.25108    G:0.35498
position  2:    T:0.30736    C:0.13853    A:0.39827    G:0.15584
position  3:    T:0.32035    C:0.23377    A:0.21645    G:0.22944
Average         T:0.26840    C:0.19625    A:0.28860    G:0.24675

#7: DefassaWaterbuck
position  1:    T:0.17749    C:0.21645    A:0.25108    G:0.35498
position  2:    T:0.30736    C:0.13853    A:0.39827    G:0.15584
position  3:    T:0.30303    C:0.24675    A:0.22511    G:0.22511
Average         T:0.26263    C:0.20058    A:0.29149    G:0.24531

#8: Sheep          
position  1:    T:0.17749    C:0.21645    A:0.25108    G:0.35498
position  2:    T:0.30736    C:0.13853    A:0.39827    G:0.15584
position  3:    T:0.29437    C:0.25108    A:0.22511    G:0.22944
Average         T:0.25974    C:0.20202    A:0.29149    G:0.24675

#9: MaxwellsDuiker 
position  1:    T:0.17749    C:0.21645    A:0.25108    G:0.35498
position  2:    T:0.30736    C:0.13853    A:0.40260    G:0.15152
position  3:    T:0.29437    C:0.24242    A:0.21212    G:0.25108
Average         T:0.25974    C:0.19913    A:0.28860    G:0.25253

#10: GazellaPrzewalskyi
position  1:    T:0.17749    C:0.21645    A:0.25108    G:0.35498
position  2:    T:0.30736    C:0.13853    A:0.39827    G:0.15584
position  3:    T:0.29870    C:0.24675    A:0.22944    G:0.22511
Average         T:0.26118    C:0.20058    A:0.29293    G:0.24531

#11: MountainNyala  
position  1:    T:0.17749    C:0.21645    A:0.25108    G:0.35498
position  2:    T:0.30736    C:0.13853    A:0.39827    G:0.15584
position  3:    T:0.31169    C:0.23377    A:0.24242    G:0.21212
Average         T:0.26551    C:0.19625    A:0.29726    G:0.24098

#12: MuntiacusMuntjak
position  1:    T:0.17749    C:0.21645    A:0.25108    G:0.35498
position  2:    T:0.30736    C:0.13853    A:0.39827    G:0.15584
position  3:    T:0.30303    C:0.24675    A:0.22944    G:0.22078
Average         T:0.26263    C:0.20058    A:0.29293    G:0.24387

#13: goat           
position  1:    T:0.17749    C:0.21645    A:0.25108    G:0.35498
position  2:    T:0.30736    C:0.13853    A:0.39827    G:0.15584
position  3:    T:0.30303    C:0.24242    A:0.22944    G:0.22511
Average         T:0.26263    C:0.19913    A:0.29293    G:0.24531

#14: AfricanBuffalo 
position  1:    T:0.18182    C:0.21212    A:0.25108    G:0.35498
position  2:    T:0.30736    C:0.13853    A:0.39827    G:0.15584
position  3:    T:0.30736    C:0.23810    A:0.22944    G:0.22511
Average         T:0.26551    C:0.19625    A:0.29293    G:0.24531

#15: Topi           
position  1:    T:0.17749    C:0.21645    A:0.25108    G:0.35498
position  2:    T:0.30736    C:0.13853    A:0.39827    G:0.15584
position  3:    T:0.31169    C:0.23377    A:0.23810    G:0.21645
Average         T:0.26551    C:0.19625    A:0.29582    G:0.24242

#16: CommonDuiker   
position  1:    T:0.17749    C:0.21645    A:0.25108    G:0.35498
position  2:    T:0.30736    C:0.13853    A:0.39827    G:0.15584
position  3:    T:0.30736    C:0.23810    A:0.23377    G:0.22078
Average         T:0.26407    C:0.19769    A:0.29437    G:0.24387

#17: Suni           
position  1:    T:0.17749    C:0.21645    A:0.25108    G:0.35498
position  2:    T:0.30736    C:0.13853    A:0.39827    G:0.15584
position  3:    T:0.30736    C:0.23810    A:0.24242    G:0.21212
Average         T:0.26407    C:0.19769    A:0.29726    G:0.24098

#18: Springbuck     
position  1:    T:0.17749    C:0.21645    A:0.25108    G:0.35498
position  2:    T:0.30736    C:0.13853    A:0.39827    G:0.15584
position  3:    T:0.30736    C:0.23810    A:0.23810    G:0.21645
Average         T:0.26407    C:0.19769    A:0.29582    G:0.24242

#19: Okapi          
position  1:    T:0.17316    C:0.22078    A:0.25108    G:0.35498
position  2:    T:0.30736    C:0.13853    A:0.39827    G:0.15584
position  3:    T:0.31602    C:0.22944    A:0.23377    G:0.22078
Average         T:0.26551    C:0.19625    A:0.29437    G:0.24387

#20: Giraffe        
position  1:    T:0.17749    C:0.21645    A:0.25541    G:0.35065
position  2:    T:0.30736    C:0.13853    A:0.39827    G:0.15584
position  3:    T:0.30736    C:0.23810    A:0.23377    G:0.22078
Average         T:0.26407    C:0.19769    A:0.29582    G:0.24242

#21: TibetanAntelope
position  1:    T:0.17749    C:0.21645    A:0.25108    G:0.35498
position  2:    T:0.30736    C:0.13853    A:0.39827    G:0.15584
position  3:    T:0.29870    C:0.24675    A:0.22944    G:0.22511
Average         T:0.26118    C:0.20058    A:0.29293    G:0.24531

#22: Sitatunga      
position  1:    T:0.17749    C:0.21645    A:0.25108    G:0.35498
position  2:    T:0.30736    C:0.13853    A:0.39827    G:0.15584
position  3:    T:0.31169    C:0.23810    A:0.23377    G:0.21645
Average         T:0.26551    C:0.19769    A:0.29437    G:0.24242

#23: Oribi          
position  1:    T:0.17749    C:0.21645    A:0.25108    G:0.35498
position  2:    T:0.30736    C:0.13853    A:0.39827    G:0.15584
position  3:    T:0.30303    C:0.24242    A:0.23377    G:0.22078
Average         T:0.26263    C:0.19913    A:0.29437    G:0.24387

#24: BarbarySheep   
position  1:    T:0.17749    C:0.21645    A:0.25108    G:0.35498
position  2:    T:0.30736    C:0.13853    A:0.39827    G:0.15584
position  3:    T:0.29870    C:0.24675    A:0.22944    G:0.22511
Average         T:0.26118    C:0.20058    A:0.29293    G:0.24531

#25: Daviddeer      
position  1:    T:0.17749    C:0.21645    A:0.25108    G:0.35498
position  2:    T:0.30736    C:0.13853    A:0.39827    G:0.15584
position  3:    T:0.31169    C:0.23377    A:0.23810    G:0.21645
Average         T:0.26551    C:0.19625    A:0.29582    G:0.24242

#26: Reindeer       
position  1:    T:0.17749    C:0.21645    A:0.25108    G:0.35498
position  2:    T:0.30736    C:0.13853    A:0.39827    G:0.15584
position  3:    T:0.30303    C:0.24242    A:0.23377    G:0.22078
Average         T:0.26263    C:0.19913    A:0.29437    G:0.24387

#27: Ibex           
position  1:    T:0.17749    C:0.21645    A:0.25108    G:0.35498
position  2:    T:0.30736    C:0.13853    A:0.39827    G:0.15584
position  3:    T:0.29870    C:0.24675    A:0.22944    G:0.22511
Average         T:0.26118    C:0.20058    A:0.29293    G:0.24531

#28: GyrantGazelle  
position  1:    T:0.17749    C:0.21645    A:0.25108    G:0.35498
position  2:    T:0.30736    C:0.13853    A:0.39827    G:0.15584
position  3:    T:0.29870    C:0.24675    A:0.22944    G:0.22511
Average         T:0.26118    C:0.20058    A:0.29293    G:0.24531

#29: Hartebeest     
position  1:    T:0.17749    C:0.21645    A:0.25108    G:0.35498
position  2:    T:0.30736    C:0.13853    A:0.39827    G:0.15584
position  3:    T:0.31169    C:0.23377    A:0.23377    G:0.22078
Average         T:0.26551    C:0.19625    A:0.29437    G:0.24387

#30: Bongo          
position  1:    T:0.18182    C:0.21212    A:0.25108    G:0.35498
position  2:    T:0.30736    C:0.13853    A:0.39827    G:0.15584
position  3:    T:0.30736    C:0.23810    A:0.23810    G:0.21645
Average         T:0.26551    C:0.19625    A:0.29582    G:0.24242

#31: Gerenuk        
position  1:    T:0.17749    C:0.21645    A:0.25108    G:0.35498
position  2:    T:0.30736    C:0.13853    A:0.39827    G:0.15584
position  3:    T:0.30303    C:0.24242    A:0.22944    G:0.22511
Average         T:0.26263    C:0.19913    A:0.29293    G:0.24531

#32: CommonEland    
position  1:    T:0.17749    C:0.21645    A:0.25108    G:0.35498
position  2:    T:0.30736    C:0.13853    A:0.39827    G:0.15584
position  3:    T:0.30303    C:0.23810    A:0.24242    G:0.21645
Average         T:0.26263    C:0.19769    A:0.29726    G:0.24242

#33: MuntiacusReevesi
position  1:    T:0.17749    C:0.21645    A:0.25108    G:0.35498
position  2:    T:0.30736    C:0.13853    A:0.39827    G:0.15584
position  3:    T:0.30736    C:0.23810    A:0.23377    G:0.22078
Average         T:0.26407    C:0.19769    A:0.29437    G:0.24387

#34: HarveysDuiker  
position  1:    T:0.17749    C:0.21645    A:0.25108    G:0.35498
position  2:    T:0.30736    C:0.13853    A:0.39827    G:0.15584
position  3:    T:0.31169    C:0.23377    A:0.22944    G:0.22511
Average         T:0.26551    C:0.19625    A:0.29293    G:0.24531

#35: Pronghorn      
position  1:    T:0.17749    C:0.21645    A:0.25108    G:0.35498
position  2:    T:0.30736    C:0.13853    A:0.39827    G:0.15584
position  3:    T:0.30303    C:0.24242    A:0.23810    G:0.21645
Average         T:0.26263    C:0.19913    A:0.29582    G:0.24242

#36: BlueWildebeest 
position  1:    T:0.17749    C:0.21645    A:0.25108    G:0.35498
position  2:    T:0.30736    C:0.13853    A:0.39827    G:0.15584
position  3:    T:0.31169    C:0.23377    A:0.23377    G:0.22078
Average         T:0.26551    C:0.19625    A:0.29437    G:0.24387

#37: Gemsbok        
position  1:    T:0.17749    C:0.21645    A:0.25108    G:0.35498
position  2:    T:0.30736    C:0.13853    A:0.39827    G:0.15584
position  3:    T:0.30303    C:0.24242    A:0.23377    G:0.22078
Average         T:0.26263    C:0.19913    A:0.29437    G:0.24387

#38: Yak            
position  1:    T:0.17749    C:0.21645    A:0.25108    G:0.35498
position  2:    T:0.30736    C:0.13853    A:0.39827    G:0.15584
position  3:    T:0.31169    C:0.23377    A:0.22944    G:0.22511
Average         T:0.26551    C:0.19625    A:0.29293    G:0.24531

#39: BlueSheep      
position  1:    T:0.17749    C:0.21645    A:0.25108    G:0.35498
position  2:    T:0.30736    C:0.13853    A:0.39827    G:0.15584
position  3:    T:0.30736    C:0.23377    A:0.22944    G:0.22944
Average         T:0.26407    C:0.19625    A:0.29293    G:0.24675

#40: BohorReedbuck  
position  1:    T:0.17749    C:0.21645    A:0.25108    G:0.35498
position  2:    T:0.30736    C:0.13853    A:0.39827    G:0.15584
position  3:    T:0.29870    C:0.25108    A:0.22511    G:0.22511
Average         T:0.26118    C:0.20202    A:0.29149    G:0.24531

#41: KirksDik       
position  1:    T:0.17749    C:0.21645    A:0.25108    G:0.35498
position  2:    T:0.30736    C:0.13853    A:0.39827    G:0.15584
position  3:    T:0.30303    C:0.24675    A:0.22511    G:0.22511
Average         T:0.26263    C:0.20058    A:0.29149    G:0.24531

#42: RoeDeer        
position  1:    T:0.17749    C:0.21645    A:0.24675    G:0.35931
position  2:    T:0.30736    C:0.13853    A:0.39827    G:0.15584
position  3:    T:0.30303    C:0.24242    A:0.22511    G:0.22944
Average         T:0.26263    C:0.19913    A:0.29004    G:0.24820

#43: WhiteLippedDeer
position  1:    T:0.17749    C:0.21645    A:0.25108    G:0.35498
position  2:    T:0.30736    C:0.13853    A:0.39827    G:0.15584
position  3:    T:0.29870    C:0.24675    A:0.23810    G:0.21645
Average         T:0.26118    C:0.20058    A:0.29582    G:0.24242

#44: ThomsonGazelle 
position  1:    T:0.17749    C:0.21645    A:0.25108    G:0.35498
position  2:    T:0.30736    C:0.13853    A:0.39827    G:0.15584
position  3:    T:0.29870    C:0.25108    A:0.23377    G:0.21645
Average         T:0.26118    C:0.20202    A:0.29437    G:0.24242

#45: MuntiacusCrinifrons
position  1:    T:0.17749    C:0.21645    A:0.25108    G:0.35498
position  2:    T:0.30736    C:0.13853    A:0.39827    G:0.15584
position  3:    T:0.30736    C:0.24242    A:0.22944    G:0.22078
Average         T:0.26407    C:0.19913    A:0.29293    G:0.24387

#46: WhiteTailedDeer
position  1:    T:0.17749    C:0.21645    A:0.25108    G:0.35498
position  2:    T:0.30736    C:0.13853    A:0.40260    G:0.15152
position  3:    T:0.30736    C:0.23810    A:0.23810    G:0.21645
Average         T:0.26407    C:0.19769    A:0.29726    G:0.24098

#47: Cattle         
position  1:    T:0.17749    C:0.21645    A:0.25108    G:0.35498
position  2:    T:0.30736    C:0.13853    A:0.39827    G:0.15584
position  3:    T:0.31169    C:0.23377    A:0.23810    G:0.21645
Average         T:0.26551    C:0.19625    A:0.29582    G:0.24242

#48: RoyalAntelope  
position  1:    T:0.17749    C:0.21645    A:0.25108    G:0.35498
position  2:    T:0.30736    C:0.13853    A:0.39827    G:0.15584
position  3:    T:0.31602    C:0.22944    A:0.23377    G:0.22078
Average         T:0.26696    C:0.19481    A:0.29437    G:0.24387

#49: Steenbok       
position  1:    T:0.17749    C:0.21645    A:0.25108    G:0.35498
position  2:    T:0.30736    C:0.13853    A:0.39827    G:0.15584
position  3:    T:0.30303    C:0.24242    A:0.23377    G:0.22078
Average         T:0.26263    C:0.19913    A:0.29437    G:0.24387

#50: Impala         
position  1:    T:0.17749    C:0.21645    A:0.25108    G:0.35498
position  2:    T:0.30736    C:0.13853    A:0.39827    G:0.15584
position  3:    T:0.31169    C:0.23377    A:0.22944    G:0.22511
Average         T:0.26551    C:0.19625    A:0.29293    G:0.24531

#51: Klipspringer   
position  1:    T:0.17749    C:0.21645    A:0.25108    G:0.35498
position  2:    T:0.30736    C:0.13853    A:0.39827    G:0.15584
