1
52 1
Argali 0.000000 0.144400 0.034900 0.219500 0.000200 0.000100 0.000200 0.105600 0.102800 0.104700 0.034000 0.034300 0.035200 0.000500 0.033500 0.139300 0.071800 0.071800 0.000100 0.000300 0.149600 0.033500 0.070200 0.109800 0.000100 0.104900 0.035200 0.000200 0.105900 0.000200 0.070300 0.000300 0.071300 0.000300 0.000300 0.071700 0.000100 0.000100 0.070500 0.116100 0.070200 0.150800 0.104700 0.111600 0.069600 0.000300 0.100600 0.033400 0.000200 0.000600 0.000200 0.000200
LesserMous 0.144400 0.000000 0.183200 0.211600 0.142100 0.144700 0.141200 0.259700 0.255000 0.178200 0.178400 0.179500 0.183600 0.139500 0.175700 0.297000 0.146000 0.146000 0.140200 0.142800 0.257500 0.175400 0.143500 0.187000 0.140200 0.258200 0.183600 0.141400 0.263200 0.141400 0.143100 0.140600 0.145900 0.143000 0.140200 0.224700 0.140200 0.140200 0.221700 0.197700 0.143500 0.320100 0.178200 0.191000 0.218200 0.141700 0.248100 0.174400 0.141000 0.104400 0.141400 0.141400
LesserKudu 0.034900 0.183200 0.000000 0.259200 0.034400 0.034900 0.034300 0.142200 0.138700 0.140600 0.068700 0.068700 0.070800 0.034200 0.068300 0.175800 0.107200 0.107200 0.033900 0.034300 0.188900 0.067600 0.105700 0.145500 0.033900 0.141200 0.070800 0.034200 0.142700 0.034200 0.105700 0.034000 0.106800 0.034400 0.033700 0.108300 0.033900 0.033900 0.106700 0.157000 0.105700 0.188500 0.140600 0.148000 0.105300 0.034200 0.099800 0.067600 0.034200 0.034400 0.034200 0.034200
KillerWhal 0.219500 0.211600 0.259200 0.000000 0.215100 0.220000 0.214600 0.251400 0.246800 0.249600 0.252600 0.254400 0.260000 0.211900 0.248700 0.286900 0.218900 0.218900 0.212700 0.215600 0.305600 0.248700 0.215100 0.260400 0.212700 0.249400 0.260000 0.214800 0.252500 0.214800 0.214500 0.214400 0.218300 0.215500 0.211600 0.303600 0.212700 0.212700 0.215100 0.231100 0.215100 0.307100 0.249600 0.266100 0.294200 0.214700 0.238900 0.247400 0.213900 0.214700 0.214800 0.214800
DefassaWat 0.000200 0.142100 0.034400 0.215100 0.000000 0.000300 0.000200 0.104200 0.101700 0.103100 0.033600 0.033800 0.034700 0.000500 0.033100 0.137500 0.070600 0.070600 0.000100 0.000300 0.147300 0.033100 0.069200 0.107900 0.000100 0.103500 0.034700 0.000200 0.104600 0.000200 0.069100 0.000300 0.070100 0.000300 0.000300 0.070700 0.000100 0.000100 0.069700 0.114100 0.069200 0.148500 0.103100 0.109700 0.068600 0.000300 0.099100 0.033000 0.000200 0.000600 0.000200 0.000200
Sheep 0.000100 0.144700 0.034900 0.220000 0.000300 0.000000 0.000300 0.105700 0.102900 0.104900 0.034000 0.034300 0.035100 0.000600 0.033300 0.139500 0.071900 0.071900 0.000200 0.000500 0.150000 0.033500 0.070300 0.110000 0.000200 0.105100 0.035100 0.000300 0.106100 0.000300 0.070300 0.000500 0.071300 0.000400 0.000500 0.071700 0.000200 0.000200 0.070600 0.116300 0.070300 0.151000 0.104900 0.111900 0.069700 0.000500 0.100900 0.033300 0.000300 0.000700 0.000300 0.000300
MaxwellsDu 0.000200 0.141200 0.034300 0.214600 0.000200 0.000300 0.000000 0.103700 0.101100 0.102600 0.033500 0.033700 0.034500 0.000500 0.032900 0.136700 0.070300 0.070300 0.000100 0.000300 0.146400 0.033000 0.068800 0.107300 0.000100 0.103000 0.034500 0.000200 0.104000 0.000200 0.068800 0.000300 0.069800 0.000300 0.000300 0.070400 0.000100 0.000100 0.069300 0.113200 0.068800 0.147600 0.102600 0.109100 0.068400 0.000300 0.098700 0.032800 0.000200 0.000600 0.000200 0.000200
GazellaPrz 0.105600 0.259700 0.142200 0.251400 0.104200 0.105700 0.103700 0.000000 0.000100 0.213200 0.095300 0.139700 0.143400 0.102900 0.137900 0.031600 0.182300 0.182300 0.102700 0.103900 0.033800 0.136700 0.178100 0.222600 0.102700 0.000100 0.143400 0.103600 0.000100 0.103600 0.178200 0.103000 0.182000 0.104000 0.102100 0.182600 0.102700 0.102700 0.032500 0.235200 0.178100 0.034000 0.213200 0.227200 0.177500 0.103400 0.132300 0.136400 0.103400 0.103900 0.103600 0.103600
MountainNy 0.102800 0.255000 0.138700 0.246800 0.101700 0.102900 0.101100 0.000100 0.000000 0.209300 0.087300 0.136200 0.139600 0.100300 0.134100 0.030800 0.179300 0.179300 0.100100 0.101300 0.033000 0.133200 0.174900 0.219000 0.100100 0.000200 0.139600 0.101000 0.000200 0.101000 0.175100 0.100300 0.179300 0.101200 0.099400 0.177700 0.100100 0.100100 0.032400 0.231300 0.174900 0.033200 0.209300 0.223400 0.172800 0.100800 0.129100 0.132800 0.100800 0.101300 0.101000 0.101000
MuntiacusM 0.104700 0.178200 0.140600 0.249600 0.103100 0.104900 0.102600 0.213200 0.209300 0.000000 0.137200 0.138000 0.142500 0.101800 0.135600 0.249200 0.104100 0.104100 0.101700 0.103000 0.263700 0.135100 0.032900 0.067800 0.101700 0.211600 0.142500 0.102700 0.214400 0.102700 0.032800 0.102200 0.104100 0.103200 0.101200 0.180600 0.101700 0.101700 0.177900 0.071300 0.032900 0.267200 0.000000 0.068900 0.175200 0.102100 0.203800 0.135500 0.102400 0.103100 0.102700 0.102700
goat 0.034000 0.178400 0.068700 0.252600 0.033600 0.034000 0.033500 0.095300 0.087300 0.137200 0.000000 0.067500 0.069100 0.033400 0.066800 0.125800 0.106000 0.106000 0.033000 0.033500 0.144300 0.065500 0.103500 0.143700 0.033000 0.101400 0.069100 0.033400 0.090200 0.033400 0.103500 0.033200 0.105500 0.033500 0.032900 0.105800 0.032700 0.033000 0.100600 0.151600 0.103500 0.146000 0.137200 0.146200 0.102900 0.033400 0.132600 0.066000 0.033400 0.033600 0.033400 0.033400
AfricanBuf 0.034300 0.179500 0.068700 0.254400 0.033800 0.034300 0.033700 0.139700 0.136200 0.138000 0.067500 0.000000 0.069600 0.033600 0.067000 0.172700 0.105100 0.105100 0.033300 0.033700 0.185300 0.066500 0.104000 0.142300 0.033300 0.138800 0.069600 0.033600 0.140200 0.033600 0.104000 0.033400 0.104600 0.033800 0.033200 0.033800 0.033300 0.033300 0.104800 0.153000 0.104000 0.184600 0.138000 0.145000 0.032900 0.033500 0.133500 0.066400 0.033600 0.033700 0.033600 0.033600
Topi 0.035200 0.183600 0.070800 0.260000 0.034700 0.035100 0.034500 0.143400 0.139600 0.142500 0.069100 0.069600 0.000000 0.034200 0.068200 0.139700 0.109800 0.109800 0.034200 0.034400 0.189900 0.068100 0.107500 0.148700 0.034200 0.142300 0.000000 0.034400 0.144000 0.034400 0.107500 0.034100 0.108800 0.033900 0.033800 0.109300 0.034200 0.034200 0.107800 0.157000 0.107500 0.192600 0.142500 0.151400 0.106000 0.034400 0.136900 0.068400 0.034500 0.034000 0.034400 0.034400
CommonDuik 0.000500 0.139500 0.034200 0.211900 0.000500 0.000600 0.000500 0.102900 0.100300 0.101800 0.033400 0.033600 0.034200 0.000000 0.032800 0.135500 0.069800 0.069800 0.000300 0.000600 0.145500 0.032900 0.068200 0.106400 0.000300 0.102400 0.034200 0.000500 0.103200 0.000500 0.068200 0.000600 0.069200 0.000600 0.000600 0.070100 0.000300 0.000300 0.068700 0.112100 0.068200 0.146600 0.101800 0.108300 0.068000 0.000600 0.098100 0.032400 0.000500 0.000800 0.000500 0.000500
Suni 0.033500 0.175700 0.068300 0.248700 0.033100 0.033300 0.032900 0.137900 0.134100 0.135600 0.066800 0.067000 0.068200 0.032800 0.000000 0.169400 0.104700 0.104700 0.032800 0.032700 0.183700 0.065700 0.102000 0.142400 0.032800 0.137100 0.068200 0.032900 0.138300 0.032900 0.102100 0.032400 0.104500 0.032800 0.032200 0.105200 0.032800 0.032800 0.103500 0.150700 0.102000 0.184100 0.135600 0.144700 0.102400 0.032600 0.131300 0.065200 0.032900 0.032300 0.032900 0.032900
Springbuck 0.139300 0.297000 0.175800 0.286900 0.137500 0.139500 0.136700 0.031600 0.030800 0.249200 0.125800 0.172700 0.139700 0.135500 0.169400 0.000000 0.219100 0.219100 0.135400 0.137000 0.066600 0.169000 0.213900 0.260100 0.135400 0.031400 0.139700 0.136600 0.031600 0.136600 0.214000 0.135700 0.218900 0.101100 0.134500 0.216500 0.135400 0.135400 0.065700 0.274600 0.213900 0.067300 0.249200 0.265300 0.210500 0.136400 0.164200 0.169000 0.136300 0.136900 0.136600 0.136600
Okapi 0.071800 0.146000 0.107200 0.218900 0.070600 0.071900 0.070300 0.182300 0.179300 0.104100 0.106000 0.105100 0.109800 0.069800 0.104700 0.219100 0.000000 0.000000 0.069800 0.070700 0.231900 0.104000 0.070300 0.033200 0.069800 0.180900 0.109800 0.070500 0.183300 0.070500 0.069900 0.070100 0.000500 0.070800 0.069400 0.148900 0.069800 0.069800 0.146400 0.034600 0.070300 0.181700 0.104100 0.033800 0.144400 0.070100 0.173500 0.104300 0.070200 0.070600 0.070500 0.070500
Giraffe 0.071800 0.146000 0.107200 0.218900 0.070600 0.071900 0.070300 0.182300 0.179300 0.104100 0.106000 0.105100 0.109800 0.069800 0.104700 0.219100 0.000000 0.000000 0.069800 0.070700 0.231900 0.104000 0.070300 0.033200 0.069800 0.180900 0.109800 0.070500 0.183300 0.070500 0.069900 0.070100 0.000500 0.070800 0.069400 0.148900 0.069800 0.069800 0.146400 0.034600 0.070300 0.181700 0.104100 0.033800 0.144400 0.070100 0.173500 0.104300 0.070200 0.070600 0.070500 0.070500
TibetanAnt 0.000100 0.140200 0.033900 0.212700 0.000100 0.000200 0.000100 0.102700 0.100100 0.101700 0.033000 0.033300 0.034200 0.000300 0.032800 0.135400 0.069800 0.069800 0.000000 0.000200 0.144700 0.032300 0.068300 0.106500 0.000000 0.101700 0.034200 0.000100 0.103000 0.000100 0.068300 0.000200 0.069300 0.000200 0.000200 0.069700 0.000000 0.000000 0.068600 0.112300 0.068300 0.146300 0.101700 0.108200 0.067700 0.000200 0.098000 0.032600 0.000100 0.000500 0.000100 0.000100
Sitatunga 0.000300 0.142800 0.034300 0.215600 0.000300 0.000500 0.000300 0.103900 0.101300 0.103000 0.033500 0.033700 0.034400 0.000600 0.032700 0.137000 0.070700 0.070700 0.000200 0.000000 0.147300 0.032800 0.068900 0.108100 0.000200 0.103300 0.034400 0.000100 0.104400 0.000100 0.069000 0.000500 0.070100 0.000500 0.000200 0.070100 0.000200 0.000200 0.069300 0.113900 0.068900 0.148000 0.103000 0.109900 0.068500 0.000500 0.099000 0.032700 0.000300 0.000500 0.000100 0.000100
Oribi 0.149600 0.257500 0.188900 0.305600 0.147300 0.150000 0.146400 0.033800 0.033000 0.263700 0.144300 0.185300 0.189900 0.145500 0.183700 0.066600 0.231900 0.231900 0.144700 0.147300 0.000000 0.180500 0.226900 0.275500 0.144700 0.033400 0.189900 0.146700 0.033900 0.146700 0.226500 0.145900 0.232100 0.147100 0.144500 0.232900 0.144700 0.144700 0.070400 0.292800 0.226900 0.071800 0.263700 0.281300 0.226200 0.146600 0.174900 0.180900 0.146200 0.147100 0.146700 0.146700
BarbaryShe 0.033500 0.175400 0.067600 0.248700 0.033100 0.033500 0.033000 0.136700 0.133200 0.135100 0.065500 0.066500 0.068100 0.032900 0.065700 0.169000 0.104000 0.104000 0.032300 0.032800 0.180500 0.000000 0.101800 0.140800 0.032500 0.135400 0.068100 0.032800 0.137300 0.032800 0.101800 0.032700 0.103200 0.033000 0.032300 0.103800 0.032300 0.032500 0.102500 0.148500 0.101800 0.182400 0.135100 0.143500 0.101100 0.032900 0.130900 0.065000 0.032900 0.033000 0.032800 0.032800
Daviddeer 0.070200 0.143500 0.105700 0.215100 0.069200 0.070300 0.068800 0.178100 0.174900 0.032900 0.103500 0.104000 0.107500 0.068200 0.102000 0.213900 0.070300 0.070300 0.068300 0.068900 0.226900 0.101800 0.000000 0.034400 0.068300 0.177000 0.107500 0.068800 0.179000 0.068800 0.000200 0.068300 0.070200 0.069300 0.067900 0.145500 0.068300 0.068300 0.143000 0.036100 0.000000 0.230200 0.032900 0.034900 0.141300 0.068400 0.170100 0.102100 0.068700 0.069200 0.068800 0.068800
Reindeer 0.109800 0.187000 0.145500 0.260400 0.107900 0.110000 0.107300 0.222600 0.219000 0.067800 0.143700 0.142300 0.148700 0.106400 0.142400 0.260100 0.033200 0.033200 0.106500 0.108100 0.275500 0.140800 0.034400 0.000000 0.106500 0.220600 0.148700 0.107700 0.224000 0.107700 0.034200 0.107100 0.033200 0.108000 0.106100 0.189400 0.106500 0.106500 0.186500 0.000300 0.034400 0.221500 0.067800 0.000300 0.183500 0.107300 0.211000 0.142300 0.107100 0.107700 0.107700 0.107700
Ibex 0.000100 0.140200 0.033900 0.212700 0.000100 0.000200 0.000100 0.102700 0.100100 0.101700 0.033000 0.033300 0.034200 0.000300 0.032800 0.135400 0.069800 0.069800 0.000000 0.000200 0.144700 0.032500 0.068300 0.106500 0.000000 0.101700 0.034200 0.000100 0.103000 0.000100 0.068300 0.000200 0.069300 0.000200 0.000200 0.069700 0.000000 0.000000 0.068600 0.112300 0.068300 0.146300 0.101700 0.108200 0.067700 0.000200 0.098000 0.032600 0.000100 0.000500 0.000100 0.000100
GyrantGaze 0.104900 0.258200 0.141200 0.249400 0.103500 0.105100 0.103000 0.000100 0.000200 0.211600 0.101400 0.138800 0.142300 0.102400 0.137100 0.031400 0.180900 0.180900 0.101700 0.103300 0.033400 0.135400 0.177000 0.220600 0.101700 0.000000 0.142300 0.103000 0.000200 0.103000 0.176900 0.102500 0.180800 0.103300 0.101500 0.181300 0.101700 0.101700 0.033100 0.233400 0.177000 0.033700 0.211600 0.225200 0.176200 0.102800 0.131500 0.135600 0.102800 0.103300 0.103000 0.103000
Hartebeest 0.035200 0.183600 0.070800 0.260000 0.034700 0.035100 0.034500 0.143400 0.139600 0.142500 0.069100 0.069600 0.000000 0.034200 0.068200 0.139700 0.109800 0.109800 0.034200 0.034400 0.189900 0.068100 0.107500 0.148700 0.034200 0.142300 0.000000 0.034400 0.144000 0.034400 0.107500 0.034100 0.108800 0.033900 0.033800 0.109300 0.034200 0.034200 0.107800 0.157000 0.107500 0.192600 0.142500 0.151400 0.106000 0.034400 0.136900 0.068400 0.034500 0.034000 0.034400 0.034400
Bongo 0.000200 0.141400 0.034200 0.214800 0.000200 0.000300 0.000200 0.103600 0.101000 0.102700 0.033400 0.033600 0.034400 0.000500 0.032900 0.136600 0.070500 0.070500 0.000100 0.000100 0.146700 0.032800 0.068800 0.107700 0.000100 0.103000 0.034400 0.000000 0.103900 0.000000 0.068800 0.000300 0.070000 0.000300 0.000100 0.070000 0.000100 0.000100 0.069200 0.113500 0.068800 0.147500 0.102700 0.109400 0.068300 0.000300 0.098700 0.032800 0.000200 0.000600 0.000000 0.000000
Gerenuk 0.105900 0.263200 0.142700 0.252500 0.104600 0.106100 0.104000 0.000100 0.000200 0.214400 0.090200 0.140200 0.144000 0.103200 0.138300 0.031600 0.183300 0.183300 0.103000 0.104400 0.033900 0.137300 0.179000 0.224000 0.103000 0.000200 0.144000 0.103900 0.000000 0.103900 0.179000 0.103200 0.182700 0.104400 0.102300 0.183200 0.103000 0.103000 0.033300 0.236800 0.179000 0.034100 0.214400 0.228600 0.178200 0.103600 0.132800 0.136900 0.103800 0.104900 0.103900 0.103900
CommonElan 0.000200 0.141400 0.034200 0.214800 0.000200 0.000300 0.000200 0.103600 0.101000 0.102700 0.033400 0.033600 0.034400 0.000500 0.032900 0.136600 0.070500 0.070500 0.000100 0.000100 0.146700 0.032800 0.068800 0.107700 0.000100 0.103000 0.034400 0.000000 0.103900 0.000000 0.068800 0.000300 0.070000 0.000300 0.000100 0.070000 0.000100 0.000100 0.069200 0.113500 0.068800 0.147500 0.102700 0.109400 0.068300 0.000300 0.098700 0.032800 0.000200 0.000600 0.000000 0.000000
MuntiacusR 0.070300 0.143100 0.105700 0.214500 0.069100 0.070300 0.068800 0.178200 0.175100 0.032800 0.103500 0.104000 0.107500 0.068200 0.102100 0.214000 0.069900 0.069900 0.068300 0.069000 0.226500 0.101800 0.000200 0.034200 0.068300 0.176900 0.107500 0.068800 0.179000 0.068800 0.000000 0.068400 0.069800 0.069300 0.067900 0.145500 0.068300 0.068300 0.143100 0.035900 0.000200 0.229600 0.032800 0.034700 0.141000 0.068500 0.169900 0.102100 0.068700 0.069000 0.068800 0.068800
HarveysDui 0.000300 0.140600 0.034000 0.214400 0.000300 0.000500 0.000300 0.103000 0.100300 0.102200 0.033200 0.033400 0.034100 0.000600 0.032400 0.135700 0.070100 0.070100 0.000200 0.000500 0.145900 0.032700 0.068300 0.107100 0.000200 0.102500 0.034100 0.000300 0.103200 0.000300 0.068400 0.000000 0.069200 0.000500 0.000500 0.069900 0.000200 0.000200 0.068800 0.112600 0.068300 0.147200 0.102200 0.108700 0.068000 0.000500 0.098300 0.032500 0.000300 0.000700 0.000300 0.000300
Pronghorn 0.071300 0.145900 0.106800 0.218300 0.070100 0.071300 0.069800 0.182000 0.179300 0.104100 0.105500 0.104600 0.108800 0.069200 0.104500 0.218900 0.000500 0.000500 0.069300 0.070100 0.232100 0.103200 0.070200 0.033200 0.069300 0.180800 0.108800 0.070000 0.182700 0.070000 0.069800 0.069200 0.000000 0.070400 0.069200 0.147500 0.069300 0.069300 0.145800 0.034600 0.070200 0.180800 0.104100 0.033700 0.143900 0.069500 0.173000 0.104400 0.069700 0.070000 0.070000 0.070000
BlueWildeb 0.000300 0.143000 0.034400 0.215500 0.000300 0.000400 0.000300 0.104000 0.101200 0.103200 0.033500 0.033800 0.033900 0.000600 0.032800 0.101100 0.070800 0.070800 0.000200 0.000500 0.147100 0.033000 0.069300 0.108000 0.000200 0.103300 0.033900 0.000300 0.104400 0.000300 0.069300 0.000500 0.070400 0.000000 0.000200 0.070600 0.000200 0.000200 0.069500 0.114100 0.069300 0.148700 0.103200 0.109900 0.068600 0.000500 0.099300 0.032800 0.000300 0.000500 0.000300 0.000300
Gemsbok 0.000300 0.140200 0.033700 0.211600 0.000300 0.000500 0.000300 0.102100 0.099400 0.101200 0.032900 0.033200 0.033800 0.000600 0.032200 0.134500 0.069400 0.069400 0.000200 0.000200 0.144500 0.032300 0.067900 0.106100 0.000200 0.101500 0.033800 0.000100 0.102300 0.000100 0.067900 0.000500 0.069200 0.000200 0.000000 0.068900 0.000200 0.000200 0.068100 0.111900 0.067900 0.145200 0.101200 0.107800 0.067300 0.000500 0.097400 0.032200 0.000300 0.000500 0.000100 0.000100
Yak 0.071700 0.224700 0.108300 0.303600 0.070700 0.071700 0.070400 0.182600 0.177700 0.180600 0.105800 0.033800 0.109300 0.070100 0.105200 0.216500 0.148900 0.148900 0.069700 0.070100 0.232900 0.103800 0.145500 0.189400 0.069700 0.181300 0.109300 0.070000 0.183200 0.070000 0.145500 0.069900 0.147500 0.070600 0.068900 0.000000 0.069700 0.069700 0.146200 0.200200 0.145500 0.235200 0.180600 0.192800 0.000200 0.070100 0.173700 0.104200 0.070200 0.070400 0.070000 0.070000
BlueSheep 0.000100 0.140200 0.033900 0.212700 0.000100 0.000200 0.000100 0.102700 0.100100 0.101700 0.032700 0.033300 0.034200 0.000300 0.032800 0.135400 0.069800 0.069800 0.000000 0.000200 0.144700 0.032300 0.068300 0.106500 0.000000 0.101700 0.034200 0.000100 0.103000 0.000100 0.068300 0.000200 0.069300 0.000200 0.000200 0.069700 0.000000 0.000000 0.068600 0.112300 0.068300 0.146300 0.101700 0.108200 0.067700 0.000200 0.098000 0.032600 0.000100 0.000500 0.000100 0.000100
BohorReedb 0.000100 0.140200 0.033900 0.212700 0.000100 0.000200 0.000100 0.102700 0.100100 0.101700 0.033000 0.033300 0.034200 0.000300 0.032800 0.135400 0.069800 0.069800 0.000000 0.000200 0.144700 0.032500 0.068300 0.106500 0.000000 0.101700 0.034200 0.000100 0.103000 0.000100 0.068300 0.000200 0.069300 0.000200 0.000200 0.069700 0.000000 0.000000 0.068600 0.112300 0.068300 0.146300 0.101700 0.108200 0.067700 0.000200 0.098000 0.032600 0.000100 0.000500 0.000100 0.000100
KirksDik 0.070500 0.221700 0.106700 0.215100 0.069700 0.070600 0.069300 0.032500 0.032400 0.177900 0.100600 0.104800 0.107800 0.068700 0.103500 0.065700 0.146400 0.146400 0.068600 0.069300 0.070400 0.102500 0.143000 0.186500 0.068600 0.033100 0.107800 0.069200 0.033300 0.069200 0.143100 0.068800 0.145800 0.069500 0.068100 0.146200 0.068600 0.068600 0.000000 0.197200 0.143000 0.071000 0.177900 0.189900 0.142100 0.069000 0.099000 0.102500 0.069100 0.069200 0.069200 0.069200
RoeDeer 0.116100 0.197700 0.157000 0.231100 0.114100 0.116300 0.113200 0.235200 0.231300 0.071300 0.151600 0.153000 0.157000 0.112100 0.150700 0.274600 0.034600 0.034600 0.112300 0.113900 0.292800 0.148500 0.036100 0.000300 0.112300 0.233400 0.157000 0.113500 0.236800 0.113500 0.035900 0.112600 0.034600 0.114100 0.111900 0.200200 0.112300 0.112300 0.197200 0.000000 0.036100 0.232800 0.071300 0.000400 0.194000 0.113200 0.222300 0.150500 0.112900 0.113500 0.113500 0.113500
WhiteLippe 0.070200 0.143500 0.105700 0.215100 0.069200 0.070300 0.068800 0.178100 0.174900 0.032900 0.103500 0.104000 0.107500 0.068200 0.102000 0.213900 0.070300 0.070300 0.068300 0.068900 0.226900 0.101800 0.000000 0.034400 0.068300 0.177000 0.107500 0.068800 0.179000 0.068800 0.000200 0.068300 0.070200 0.069300 0.067900 0.145500 0.068300 0.068300 0.143000 0.036100 0.000000 0.230200 0.032900 0.034900 0.141300 0.068400 0.170100 0.102100 0.068700 0.069200 0.068800 0.068800
ThomsonGaz 0.150800 0.320100 0.188500 0.307100 0.148500 0.151000 0.147600 0.034000 0.033200 0.267200 0.146000 0.184600 0.192600 0.146600 0.184100 0.067300 0.181700 0.181700 0.146300 0.148000 0.071800 0.182400 0.230200 0.221500 0.146300 0.033700 0.192600 0.147500 0.034100 0.147500 0.229600 0.147200 0.180800 0.148700 0.145200 0.235200 0.146300 0.146300 0.071000 0.232800 0.230200 0.000000 0.267200 0.226100 0.228000 0.147700 0.175900 0.182800 0.147200 0.148000 0.147500 0.147500
MuntiacusC 0.104700 0.178200 0.140600 0.249600 0.103100 0.104900 0.102600 0.213200 0.209300 0.000000 0.137200 0.138000 0.142500 0.101800 0.135600 0.249200 0.104100 0.104100 0.101700 0.103000 0.263700 0.135100 0.032900 0.067800 0.101700 0.211600 0.142500 0.102700 0.214400 0.102700 0.032800 0.102200 0.104100 0.103200 0.101200 0.180600 0.101700 0.101700 0.177900 0.071300 0.032900 0.267200 0.000000 0.068900 0.175200 0.102100 0.203800 0.135500 0.102400 0.103100 0.102700 0.102700
WhiteTaile 0.111600 0.191000 0.148000 0.266100 0.109700 0.111900 0.109100 0.227200 0.223400 0.068900 0.146200 0.145000 0.151400 0.108300 0.144700 0.265300 0.033800 0.033800 0.108200 0.109900 0.281300 0.143500 0.034900 0.000300 0.108200 0.225200 0.151400 0.109400 0.228600 0.109400 0.034700 0.108700 0.033700 0.109900 0.107800 0.192800 0.108200 0.108200 0.189900 0.000400 0.034900 0.226100 0.068900 0.000000 0.186600 0.109000 0.215300 0.144300 0.108800 0.109800 0.109400 0.109400
Cattle 0.069600 0.218200 0.105300 0.294200 0.068600 0.069700 0.068400 0.177500 0.172800 0.175200 0.102900 0.032900 0.106000 0.068000 0.102400 0.210500 0.144400 0.144400 0.067700 0.068500 0.226200 0.101100 0.141300 0.183500 0.067700 0.176200 0.106000 0.068300 0.178200 0.068300 0.141000 0.068000 0.143900 0.068600 0.067300 0.000200 0.067700 0.067700 0.142100 0.194000 0.141300 0.228000 0.175200 0.186600 0.000000 0.068300 0.169100 0.101600 0.068200 0.068500 0.068300 0.068300
RoyalAntel 0.000300 0.141700 0.034200 0.214700 0.000300 0.000500 0.000300 0.103400 0.100800 0.102100 0.033400 0.033500 0.034400 0.000600 0.032600 0.136400 0.070100 0.070100 0.000200 0.000500 0.146600 0.032900 0.068400 0.107300 0.000200 0.102800 0.034400 0.000300 0.103600 0.000300 0.068500 0.000500 0.069500 0.000500 0.000500 0.070100 0.000200 0.000200 0.069000 0.113200 0.068400 0.147700 0.102100 0.109000 0.068300 0.000000 0.098600 0.032700 0.000300 0.000700 0.000300 0.000300
Steenbok 0.100600 0.248100 0.099800 0.238900 0.099100 0.100900 0.098700 0.132300 0.129100 0.203800 0.132600 0.133500 0.136900 0.098100 0.131300 0.164200 0.173500 0.173500 0.098000 0.099000 0.174900 0.130900 0.170100 0.211000 0.098000 0.131500 0.136900 0.098700 0.132800 0.098700 0.169900 0.098300 0.173000 0.099300 0.097400 0.173700 0.098000 0.098000 0.099000 0.222300 0.170100 0.175900 0.203800 0.215300 0.169100 0.098600 0.000000 0.063200 0.098700 0.098700 0.098700 0.098700
Impala 0.033400 0.174400 0.067600 0.247400 0.033000 0.033300 0.032800 0.136400 0.132800 0.135500 0.066000 0.066400 0.068400 0.032400 0.065200 0.169000 0.104300 0.104300 0.032600 0.032700 0.180900 0.065000 0.102100 0.142300 0.032600 0.135600 0.068400 0.032800 0.136900 0.032800 0.102100 0.032500 0.104400 0.032800 0.032200 0.104200 0.032600 0.032600 0.102500 0.150500 0.102100 0.182800 0.135500 0.144300 0.101600 0.032700 0.063200 0.000000 0.032800 0.032300 0.032800 0.032800
Klipspring 0.000200 0.141000 0.034200 0.213900 0.000200 0.000300 0.000200 0.103400 0.100800 0.102400 0.033400 0.033600 0.034500 0.000500 0.032900 0.136300 0.070200 0.070200 0.000100 0.000300 0.146200 0.032900 0.068700 0.107100 0.000100 0.102800 0.034500 0.000200 0.103800 0.000200 0.068700 0.000300 0.069700 0.000300 0.000300 0.070200 0.000100 0.000100 0.069100 0.112900 0.068700 0.147200 0.102400 0.108800 0.068200 0.000300 0.098700 0.032800 0.000000 0.000600 0.000200 0.000200
ForestMusk 0.000600 0.104400 0.034400 0.214700 0.000600 0.000700 0.000600 0.103900 0.101300 0.103100 0.033600 0.033700 0.034000 0.000800 0.032300 0.136900 0.070600 0.070600 0.000500 0.000500 0.147100 0.033000 0.069200 0.107700 0.000500 0.103300 0.034000 0.000600 0.104900 0.000600 0.069000 0.000700 0.070000 0.000500 0.000500 0.070400 0.000500 0.000500 0.069200 0.113500 0.069200 0.148000 0.103100 0.109800 0.068500 0.000700 0.098700 0.032300 0.000600 0.000000 0.000600 0.000600
Bushbuck 0.000200 0.141400 0.034200 0.214800 0.000200 0.000300 0.000200 0.103600 0.101000 0.102700 0.033400 0.033600 0.034400 0.000500 0.032900 0.136600 0.070500 0.070500 0.000100 0.000100 0.146700 0.032800 0.068800 0.107700 0.000100 0.103000 0.034400 0.000000 0.103900 0.000000 0.068800 0.000300 0.070000 0.000300 0.000100 0.070000 0.000100 0.000100 0.069200 0.113500 0.068800 0.147500 0.102700 0.109400 0.068300 0.000300 0.098700 0.032800 0.000200 0.000600 0.000000 0.000000
GreaterKud 0.000200 0.141400 0.034200 0.214800 0.000200 0.000300 0.000200 0.103600 0.101000 0.102700 0.033400 0.033600 0.034400 0.000500 0.032900 0.136600 0.070500 0.070500 0.000100 0.000100 0.146700 0.032800 0.068800 0.107700 0.000100 0.103000 0.034400 0.000000 0.103900 0.000000 0.068800 0.000300 0.070000 0.000300 0.000100 0.070000 0.000100 0.000100 0.069200 0.113500 0.068800 0.147500 0.102700 0.109400 0.068300 0.000300 0.098700 0.032800 0.000200 0.000600 0.000000 0.000000
