1
52 1
Argali 0.000000 0.311800 0.157300 0.415300 0.183100 0.036800 0.099400 0.115800 0.168000 0.161700 0.037000 0.149000 0.097800 0.132300 0.114900 0.144100 0.137500 0.136900 0.089800 0.166900 0.150300 0.059400 0.218200 0.152100 0.037200 0.112000 0.075700 0.158000 0.152300 0.141500 0.145800 0.117200 0.199800 0.099400 0.099700 0.151400 0.044300 0.143200 0.151200 0.193400 0.137300 0.142800 0.166200 0.153300 0.151900 0.139200 0.138800 0.114600 0.104700 0.154300 0.165000 0.163000
LesserMous 0.311800 0.000000 0.344800 0.488000 0.294600 0.312300 0.256400 0.293300 0.360000 0.289600 0.308600 0.333100 0.279100 0.275800 0.282400 0.334800 0.294100 0.293000 0.298500 0.367500 0.338800 0.295400 0.337100 0.268000 0.309900 0.298600 0.265300 0.345900 0.343200 0.336700 0.272500 0.279400 0.345500 0.264900 0.294800 0.296700 0.315900 0.290900 0.309800 0.303800 0.243900 0.301000 0.277700 0.269600 0.278300 0.236000 0.312800 0.303000 0.278100 0.306800 0.343400 0.346300
LesserKudu 0.157300 0.344800 0.000000 0.413400 0.234300 0.178800 0.133600 0.150000 0.042200 0.161500 0.143600 0.109900 0.154800 0.166300 0.149400 0.179600 0.138000 0.129200 0.131500 0.042100 0.159100 0.150200 0.249300 0.160800 0.144000 0.156200 0.110200 0.027800 0.187300 0.028000 0.162900 0.151700 0.172700 0.133600 0.156000 0.127300 0.150500 0.194800 0.177600 0.191500 0.138300 0.185900 0.165700 0.153400 0.119400 0.149600 0.157500 0.164800 0.148800 0.179100 0.041500 0.028500
KillerWhal 0.415300 0.488000 0.413400 0.000000 0.435000 0.435600 0.375500 0.403000 0.429400 0.423800 0.377800 0.373800 0.380200 0.417700 0.402500 0.426900 0.409200 0.418100 0.369500 0.416800 0.429100 0.385600 0.421800 0.433800 0.379400 0.390900 0.357100 0.414900 0.436500 0.428200 0.429700 0.421900 0.456800 0.365400 0.386800 0.411000 0.365900 0.412500 0.445500 0.388300 0.418600 0.393400 0.459900 0.437300 0.410600 0.384800 0.432300 0.437300 0.412100 0.408600 0.400500 0.427300
DefassaWat 0.183100 0.294600 0.234300 0.435000 0.000000 0.195400 0.149200 0.157600 0.228700 0.195000 0.150800 0.198600 0.154100 0.182500 0.171600 0.204900 0.180600 0.179800 0.170600 0.254100 0.209800 0.141400 0.274600 0.194000 0.151400 0.156100 0.141200 0.235400 0.212600 0.210100 0.196800 0.151100 0.242600 0.133100 0.165800 0.167400 0.157800 0.064900 0.202200 0.208700 0.171400 0.152100 0.200300 0.195300 0.168000 0.165200 0.164600 0.190000 0.157300 0.203100 0.241900 0.242800
Sheep 0.036800 0.312300 0.178800 0.435600 0.195400 0.000000 0.104800 0.129000 0.189800 0.165600 0.058400 0.170000 0.118700 0.137100 0.120000 0.157200 0.159200 0.158600 0.110700 0.188500 0.137800 0.080500 0.221200 0.165300 0.058600 0.133700 0.097000 0.179700 0.165500 0.163100 0.167400 0.130500 0.221300 0.120600 0.121000 0.172600 0.065500 0.156200 0.164100 0.196900 0.158900 0.155800 0.187900 0.174700 0.156300 0.143800 0.127200 0.136000 0.126900 0.158700 0.186500 0.185200
MaxwellsDu 0.099400 0.256400 0.133600 0.375500 0.149200 0.104800 0.000000 0.079600 0.143400 0.112500 0.072700 0.117600 0.063400 0.042500 0.071600 0.096900 0.097900 0.097400 0.078000 0.150900 0.111100 0.079500 0.206800 0.119900 0.072900 0.067100 0.042700 0.134200 0.089000 0.126700 0.113500 0.042900 0.155100 0.071800 0.072000 0.103600 0.064800 0.104000 0.103500 0.110800 0.089900 0.080800 0.115400 0.104800 0.088500 0.071800 0.086500 0.077300 0.067300 0.093000 0.141000 0.138200
GazellaPrz 0.115800 0.293300 0.150000 0.403000 0.157600 0.129000 0.079600 0.000000 0.143900 0.128800 0.088000 0.133600 0.100700 0.102900 0.109600 0.097000 0.114000 0.113700 0.085700 0.151400 0.087800 0.079700 0.205600 0.120200 0.088300 0.067200 0.072100 0.134700 0.104700 0.143000 0.129900 0.073100 0.155700 0.094700 0.094900 0.119500 0.095000 0.120100 0.103800 0.142400 0.105900 0.080700 0.132100 0.121000 0.119900 0.110000 0.079000 0.100900 0.090800 0.138900 0.141400 0.155200
MountainNy 0.168000 0.360000 0.042200 0.429400 0.228700 0.189800 0.143400 0.143900 0.000000 0.172300 0.153700 0.135000 0.164900 0.176800 0.159500 0.190800 0.148200 0.139100 0.141000 0.042600 0.169600 0.144000 0.279200 0.154500 0.154200 0.167000 0.135300 0.028000 0.198700 0.028200 0.173800 0.162000 0.166600 0.159500 0.166800 0.137200 0.160700 0.206300 0.171500 0.185600 0.148500 0.197200 0.176900 0.164000 0.129100 0.176200 0.167900 0.175700 0.159500 0.189800 0.026900 0.028600
MuntiacusM 0.161700 0.289600 0.161500 0.423800 0.195000 0.165600 0.112500 0.128800 0.172300 0.000000 0.130300 0.112500 0.126300 0.128600 0.127800 0.166200 0.076100 0.075800 0.118200 0.180000 0.154800 0.137100 0.177600 0.082800 0.130700 0.134500 0.104600 0.162400 0.174300 0.154600 0.044700 0.113900 0.142500 0.112200 0.112700 0.098100 0.137400 0.155900 0.164100 0.105100 0.037300 0.164700 0.045500 0.075300 0.098400 0.128200 0.112100 0.152200 0.126700 0.118100 0.169200 0.167300
goat 0.037000 0.308600 0.143600 0.377800 0.150800 0.058400 0.072700 0.088000 0.153700 0.130300 0.000000 0.119200 0.079000 0.103400 0.087300 0.113900 0.107300 0.106800 0.064100 0.161400 0.120100 0.021100 0.201600 0.121400 0.000000 0.083400 0.050400 0.144300 0.121700 0.128400 0.115100 0.089000 0.174500 0.072700 0.072900 0.121000 0.007000 0.113100 0.120700 0.160400 0.107200 0.112900 0.133600 0.122300 0.121400 0.103100 0.103100 0.094200 0.076100 0.124700 0.151000 0.148600
AfricanBuf 0.149000 0.333100 0.109900 0.373800 0.198600 0.170000 0.117600 0.133600 0.135000 0.112500 0.119200 0.000000 0.123100 0.149600 0.117000 0.153200 0.105900 0.105600 0.108100 0.142500 0.175900 0.125800 0.215700 0.120000 0.119600 0.139300 0.094600 0.126000 0.161100 0.110600 0.129700 0.135200 0.147500 0.117700 0.117900 0.080400 0.126100 0.160200 0.168300 0.175100 0.105900 0.168800 0.132000 0.121000 0.072900 0.117500 0.132900 0.140500 0.131700 0.107700 0.132700 0.129800
Topi 0.097800 0.279100 0.154800 0.380200 0.154100 0.118700 0.063400 0.100700 0.164900 0.126300 0.079000 0.123100 0.000000 0.108000 0.107400 0.126300 0.119600 0.119100 0.084100 0.172300 0.132300 0.085700 0.195600 0.141500 0.079200 0.096600 0.034800 0.155600 0.118400 0.148100 0.111600 0.094000 0.177300 0.063300 0.063500 0.109200 0.071100 0.117400 0.124900 0.147800 0.111600 0.109900 0.129400 0.126500 0.109600 0.107700 0.107500 0.099000 0.097300 0.113600 0.162200 0.160000
CommonDuik 0.132300 0.275800 0.166300 0.417700 0.182500 0.137100 0.042500 0.102900 0.176800 0.128600 0.103400 0.149600 0.108000 0.000000 0.101900 0.128900 0.113900 0.113400 0.108200 0.184400 0.135400 0.110200 0.216200 0.136100 0.103800 0.098600 0.079600 0.167000 0.136700 0.159300 0.129700 0.042800 0.172100 0.102300 0.102500 0.135500 0.110400 0.136100 0.135600 0.142400 0.105800 0.127800 0.131800 0.120800 0.120000 0.102200 0.117400 0.108500 0.099400 0.123400 0.173800 0.172000
Suni 0.114900 0.282400 0.149400 0.402500 0.171600 0.120000 0.071600 0.109600 0.159500 0.127800 0.087300 0.117000 0.107400 0.101900 0.000000 0.119900 0.105300 0.104900 0.092400 0.150500 0.126000 0.094100 0.189500 0.119200 0.087700 0.089900 0.079000 0.150100 0.111800 0.134300 0.112900 0.103000 0.171100 0.101500 0.092800 0.118700 0.094300 0.134100 0.140700 0.141600 0.105200 0.118900 0.131000 0.104200 0.103500 0.101500 0.116500 0.092500 0.090600 0.107500 0.140700 0.137900
Springbuck 0.144100 0.334800 0.179600 0.426900 0.204900 0.157200 0.096900 0.097000 0.190800 0.166200 0.113900 0.153200 0.126300 0.128900 0.119900 0.000000 0.150800 0.150200 0.126500 0.198700 0.090100 0.120700 0.265200 0.173900 0.114300 0.045400 0.096900 0.180500 0.052000 0.172700 0.167600 0.114200 0.213200 0.120600 0.120800 0.155900 0.121000 0.131600 0.114100 0.197300 0.142300 0.074900 0.170700 0.157900 0.156500 0.136800 0.104000 0.119200 0.093700 0.175200 0.187300 0.168500
Okapi 0.137500 0.294100 0.138000 0.409200 0.180600 0.159200 0.097900 0.114000 0.148200 0.076100 0.107300 0.105900 0.119600 0.113900 0.105300 0.150800 0.000000 0.022400 0.096100 0.156000 0.156800 0.114200 0.213700 0.091800 0.107600 0.102400 0.090000 0.138700 0.158800 0.131400 0.093000 0.099200 0.135200 0.113700 0.098100 0.099400 0.114500 0.158100 0.131900 0.139000 0.053300 0.132700 0.094600 0.084300 0.099700 0.129800 0.129700 0.121000 0.111300 0.096000 0.145600 0.143000
Giraffe 0.136900 0.293000 0.129200 0.418100 0.179800 0.158600 0.097400 0.113700 0.139100 0.075800 0.106800 0.105600 0.119100 0.113400 0.104900 0.150200 0.022400 0.000000 0.095700 0.146800 0.156100 0.113800 0.195600 0.091400 0.107200 0.102000 0.089600 0.129800 0.158200 0.130900 0.092600 0.098700 0.134700 0.113300 0.097700 0.099000 0.114000 0.157400 0.131400 0.138400 0.053100 0.132200 0.094200 0.084000 0.099300 0.129300 0.129200 0.128800 0.110900 0.111200 0.136700 0.133800
TibetanAnt 0.089800 0.298500 0.131500 0.369500 0.170600 0.110700 0.078000 0.085700 0.141000 0.118200 0.064100 0.108100 0.084100 0.108200 0.092400 0.126500 0.096100 0.095700 0.000000 0.148400 0.132400 0.056300 0.195900 0.110100 0.064300 0.096700 0.041900 0.132100 0.134100 0.132300 0.119500 0.094100 0.160700 0.063500 0.078300 0.109600 0.071000 0.133500 0.102100 0.147600 0.095900 0.125400 0.137500 0.126500 0.125400 0.092800 0.107600 0.098800 0.097300 0.128800 0.138800 0.152000
Sitatunga 0.166900 0.367500 0.042100 0.416800 0.254100 0.188500 0.150900 0.151400 0.042600 0.180000 0.161400 0.142500 0.172300 0.184400 0.150500 0.198700 0.156000 0.146800 0.148400 0.000000 0.177200 0.151600 0.268700 0.162200 0.161900 0.174900 0.142800 0.028000 0.188600 0.042600 0.181500 0.169700 0.140400 0.167100 0.174100 0.144800 0.168300 0.214000 0.179400 0.193200 0.156300 0.204900 0.184800 0.154700 0.136600 0.183700 0.175500 0.183200 0.167400 0.197200 0.027700 0.043500
Oribi 0.150300 0.338800 0.159100 0.429100 0.209800 0.137800 0.111100 0.087800 0.169600 0.154800 0.120100 0.175900 0.132300 0.135400 0.126000 0.090100 0.156800 0.156100 0.132400 0.177200 0.000000 0.126800 0.213000 0.171500 0.120500 0.067800 0.103200 0.159900 0.097800 0.152200 0.173400 0.120900 0.219000 0.126700 0.127000 0.161600 0.127100 0.154200 0.128700 0.185100 0.148300 0.097000 0.176500 0.163800 0.162200 0.142700 0.102700 0.133600 0.107300 0.180700 0.166600 0.147800
BarbaryShe 0.059400 0.295400 0.150200 0.385600 0.141400 0.080500 0.079500 0.079700 0.144000 0.137100 0.021100 0.125800 0.085700 0.110200 0.094100 0.120700 0.114200 0.113800 0.056300 0.151600 0.126800 0.000000 0.216400 0.096600 0.020400 0.090400 0.057300 0.134800 0.128500 0.135100 0.122100 0.095900 0.164300 0.079500 0.079800 0.127600 0.028000 0.120000 0.111700 0.150700 0.114100 0.104000 0.140600 0.129200 0.128100 0.109900 0.109700 0.101200 0.083300 0.131300 0.141600 0.155400
Daviddeer 0.218200 0.337100 0.249300 0.421800 0.274600 0.221200 0.206800 0.205600 0.279200 0.177600 0.201600 0.215700 0.195600 0.216200 0.189500 0.265200 0.213700 0.195600 0.195900 0.268700 0.213000 0.216400 0.000000 0.185200 0.202400 0.232900 0.166400 0.268000 0.256000 0.260000 0.146300 0.201300 0.277500 0.160700 0.191200 0.200600 0.208600 0.235600 0.262300 0.199100 0.154600 0.247300 0.181800 0.160900 0.201100 0.209500 0.205600 0.248900 0.211700 0.220000 0.239200 0.275600
Reindeer 0.152100 0.268000 0.160800 0.433800 0.194000 0.165300 0.119900 0.120200 0.154500 0.082800 0.121400 0.120000 0.141500 0.136100 0.119200 0.173900 0.091800 0.091400 0.110100 0.162200 0.171500 0.096600 0.185200 0.000000 0.121800 0.142200 0.112000 0.145000 0.182000 0.145300 0.075400 0.121500 0.141300 0.127400 0.120200 0.113400 0.128500 0.171800 0.154900 0.120300 0.052300 0.155500 0.076700 0.044100 0.113800 0.152200 0.144200 0.143000 0.134500 0.125400 0.151900 0.166400
Ibex 0.037200 0.309900 0.144000 0.379400 0.151400 0.058600 0.072900 0.088300 0.154200 0.130700 0.000000 0.119600 0.079200 0.103800 0.087700 0.114300 0.107600 0.107200 0.064300 0.161900 0.120500 0.020400 0.202400 0.121800 0.000000 0.083700 0.050600 0.144700 0.122100 0.128800 0.115500 0.089300 0.175200 0.073000 0.073200 0.121300 0.007000 0.113500 0.121200 0.161000 0.107600 0.113300 0.134100 0.122700 0.121800 0.103500 0.103400 0.094700 0.076400 0.125100 0.151500 0.149100
GyrantGaze 0.112000 0.298600 0.156200 0.390900 0.156100 0.133700 0.067100 0.067200 0.167000 0.134500 0.083400 0.139300 0.096600 0.098600 0.089900 0.045400 0.102400 0.102000 0.096700 0.174900 0.067800 0.090400 0.232900 0.142200 0.083700 0.000000 0.067100 0.157000 0.053000 0.149200 0.135700 0.083800 0.180300 0.090500 0.090700 0.124700 0.090600 0.100700 0.099900 0.165500 0.110700 0.029800 0.138200 0.126300 0.125200 0.106300 0.090100 0.088600 0.062300 0.144600 0.163900 0.144600
Hartebeest 0.075700 0.265300 0.110200 0.357100 0.141200 0.097000 0.042700 0.072100 0.135300 0.104600 0.050400 0.094600 0.034800 0.079600 0.079000 0.096900 0.090000 0.089600 0.041900 0.142800 0.103200 0.057300 0.166400 0.112000 0.050600 0.067100 0.000000 0.126300 0.097100 0.118800 0.089800 0.065300 0.146800 0.021000 0.035400 0.095800 0.050200 0.104100 0.095800 0.126600 0.082100 0.088700 0.107200 0.097000 0.096100 0.064400 0.079000 0.085300 0.067400 0.108300 0.133100 0.129900
Bongo 0.158000 0.345900 0.027800 0.414900 0.235400 0.179700 0.134200 0.134700 0.028000 0.162400 0.144300 0.126000 0.155600 0.167000 0.150100 0.180500 0.138700 0.129800 0.132100 0.028000 0.159900 0.134800 0.268000 0.145000 0.144700 0.157000 0.126300 0.000000 0.188300 0.028000 0.163800 0.152400 0.156700 0.150100 0.157100 0.128000 0.151200 0.195800 0.161600 0.175700 0.139000 0.186900 0.166700 0.154200 0.120000 0.166500 0.158300 0.165900 0.149600 0.180000 0.027500 0.028700
Gerenuk 0.152300 0.343200 0.187300 0.436500 0.212600 0.165500 0.089000 0.104700 0.198700 0.174300 0.121700 0.161100 0.118400 0.136700 0.111800 0.052000 0.158800 0.158200 0.134100 0.188600 0.097800 0.128500 0.256000 0.182000 0.122100 0.053000 0.097100 0.188300 0.000000 0.180400 0.158500 0.122100 0.203000 0.128400 0.128600 0.163800 0.112900 0.139500 0.121900 0.188200 0.150300 0.067100 0.178900 0.165900 0.164400 0.144600 0.111700 0.127100 0.101700 0.166700 0.195000 0.176400
CommonElan 0.141500 0.336700 0.028000 0.428200 0.210100 0.163100 0.126700 0.143000 0.028200 0.154600 0.128400 0.110600 0.148100 0.159300 0.134300 0.172700 0.131400 0.130900 0.132300 0.042600 0.152200 0.135100 0.260000 0.145300 0.128800 0.149200 0.118800 0.028000 0.180400 0.000000 0.155900 0.144700 0.165800 0.142600 0.149300 0.120400 0.135400 0.187900 0.170600 0.184700 0.131300 0.179100 0.158700 0.146400 0.112500 0.158800 0.150800 0.149700 0.141700 0.164100 0.041900 0.028900
MuntiacusR 0.145800 0.272500 0.162900 0.429700 0.196800 0.167400 0.113500 0.129900 0.173800 0.044700 0.115100 0.129700 0.111600 0.129700 0.112900 0.167600 0.093000 0.092600 0.119500 0.181500 0.173400 0.122100 0.146300 0.075400 0.115500 0.135700 0.089800 0.163800 0.158500 0.155900 0.000000 0.114900 0.151900 0.097400 0.097900 0.098900 0.122300 0.157300 0.165600 0.105900 0.037700 0.166100 0.030300 0.060300 0.099200 0.145800 0.145800 0.153600 0.127900 0.135100 0.170600 0.168800
HarveysDui 0.117200 0.279400 0.151700 0.421900 0.151100 0.130500 0.042900 0.073100 0.162000 0.113900 0.089000 0.135200 0.094000 0.042800 0.103000 0.114200 0.099200 0.098700 0.094100 0.169700 0.120900 0.095900 0.201300 0.121500 0.089300 0.083800 0.065300 0.152400 0.122100 0.144700 0.114900 0.000000 0.157100 0.088000 0.088200 0.121000 0.096100 0.105200 0.121000 0.144000 0.091100 0.097200 0.116900 0.106200 0.121400 0.103300 0.087600 0.094000 0.084400 0.124700 0.159300 0.157000
Pronghorn 0.199800 0.345500 0.172700 0.456800 0.242600 0.221300 0.155100 0.155700 0.166600 0.142500 0.174500 0.147500 0.177300 0.172100 0.171100 0.213200 0.135200 0.134700 0.160700 0.140400 0.219000 0.164300 0.277500 0.141300 0.175200 0.180300 0.146800 0.156700 0.203000 0.165800 0.151900 0.157100 0.000000 0.171900 0.138900 0.140900 0.181800 0.202000 0.192700 0.181800 0.126700 0.211200 0.154700 0.142300 0.141400 0.180800 0.180800 0.197500 0.172600 0.169000 0.163600 0.179100
BlueWildeb 0.099400 0.264900 0.133600 0.365400 0.133100 0.120600 0.071800 0.094700 0.159500 0.112200 0.072700 0.117700 0.063300 0.102300 0.101500 0.120600 0.113700 0.113300 0.063500 0.167100 0.126700 0.079500 0.160700 0.127400 0.073000 0.090500 0.021000 0.150100 0.128400 0.142600 0.097400 0.088000 0.171900 0.000000 0.057200 0.103300 0.079700 0.111700 0.119200 0.126000 0.089700 0.103700 0.115000 0.112300 0.103700 0.071700 0.101700 0.108800 0.091200 0.138700 0.156900 0.154600
Gemsbok 0.099700 0.294800 0.156000 0.386800 0.165800 0.121000 0.072000 0.094900 0.166800 0.112700 0.072900 0.117900 0.063500 0.102500 0.092800 0.120800 0.098100 0.097700 0.078300 0.174100 0.127000 0.079800 0.191200 0.120200 0.073200 0.090700 0.035400 0.157100 0.128600 0.149300 0.097900 0.088200 0.138900 0.057200 0.000000 0.103800 0.079900 0.128100 0.119500 0.142500 0.090100 0.119800 0.115600 0.105100 0.104200 0.102100 0.101900 0.108900 0.091400 0.123500 0.163900 0.161600
Yak 0.151400 0.296700 0.127300 0.411000 0.167400 0.172600 0.103600 0.119500 0.137200 0.098100 0.121000 0.080400 0.109200 0.135500 0.118700 0.155900 0.099400 0.099000 0.109600 0.144800 0.161600 0.127600 0.200600 0.113400 0.121300 0.124700 0.095800 0.128000 0.163800 0.120400 0.098900 0.121000 0.140900 0.103300 0.103800 0.000000 0.128000 0.129300 0.145900 0.144100 0.075400 0.154500 0.100600 0.098200 0.021600 0.135100 0.135000 0.142400 0.117000 0.109300 0.134800 0.131900
BlueSheep 0.044300 0.315900 0.150500 0.365900 0.157800 0.065500 0.064800 0.095000 0.160700 0.137400 0.007000 0.126100 0.071100 0.110400 0.094300 0.121000 0.114500 0.114000 0.071000 0.168300 0.127100 0.028000 0.208600 0.128500 0.007000 0.090600 0.050200 0.151200 0.112900 0.135400 0.122300 0.096100 0.181800 0.079700 0.079900 0.128000 0.000000 0.120200 0.127800 0.151200 0.114400 0.104300 0.140900 0.129400 0.128400 0.110100 0.110000 0.101300 0.083400 0.116200 0.158000 0.155700
BohorReedb 0.143200 0.290900 0.194800 0.412500 0.064900 0.156200 0.104000 0.120100 0.206300 0.155900 0.113100 0.160200 0.117400 0.136100 0.134100 0.131600 0.158100 0.157400 0.133500 0.214000 0.154200 0.120000 0.235600 0.171800 0.113500 0.100700 0.104100 0.195800 0.139500 0.187900 0.157300 0.105200 0.202000 0.111700 0.128100 0.129300 0.120200 0.000000 0.146600 0.186600 0.132400 0.114000 0.160100 0.156100 0.129800 0.143800 0.127200 0.143400 0.101200 0.165300 0.202500 0.202000
KirksDik 0.151200 0.309800 0.177600 0.445500 0.202200 0.164100 0.103500 0.103800 0.171500 0.164100 0.120700 0.168300 0.124900 0.135600 0.140700 0.114100 0.131900 0.131400 0.102100 0.179400 0.128700 0.111700 0.262300 0.154900 0.121200 0.099900 0.095800 0.161600 0.121900 0.170600 0.165600 0.121000 0.192700 0.119200 0.119500 0.145900 0.127800 0.146600 0.000000 0.177800 0.140500 0.129400 0.168600 0.156000 0.146400 0.135100 0.110400 0.141100 0.125600 0.173200 0.168400 0.183900
RoeDeer 0.193400 0.303800 0.191500 0.388300 0.208700 0.196900 0.110800 0.142400 0.185600 0.105100 0.160400 0.175100 0.147800 0.142400 0.141600 0.197300 0.139000 0.138400 0.147600 0.193200 0.185100 0.150700 0.199100 0.120300 0.161000 0.165500 0.126600 0.175700 0.188200 0.184700 0.105900 0.144000 0.181800 0.126000 0.142500 0.144100 0.151200 0.186600 0.177800 0.000000 0.098300 0.178600 0.107700 0.121100 0.128500 0.158300 0.166400 0.182700 0.158000 0.132000 0.182400 0.198300
WhiteLippe 0.137300 0.243900 0.138300 0.418600 0.171400 0.158900 0.089900 0.105900 0.148500 0.037300 0.107200 0.105900 0.111600 0.105800 0.105200 0.142300 0.053300 0.053100 0.095900 0.156300 0.148300 0.114100 0.154600 0.052300 0.107600 0.110700 0.082100 0.139000 0.150300 0.131300 0.037700 0.091100 0.126700 0.089700 0.090100 0.075400 0.114400 0.132400 0.140500 0.098300 0.000000 0.141000 0.038300 0.037400 0.075700 0.121600 0.121600 0.129000 0.102800 0.111500 0.145900 0.143300
ThomsonGaz 0.142800 0.301000 0.185900 0.393400 0.152100 0.155800 0.080800 0.080700 0.197200 0.164700 0.112900 0.168800 0.109900 0.127800 0.118900 0.074900 0.132700 0.132200 0.125400 0.204900 0.097000 0.104000 0.247300 0.155500 0.113300 0.029800 0.088700 0.186900 0.067100 0.179100 0.166100 0.097200 0.211200 0.103700 0.119800 0.154500 0.104300 0.114000 0.129400 0.178600 0.141000 0.000000 0.169100 0.156500 0.155100 0.119400 0.103200 0.118500 0.093000 0.157600 0.193500 0.175100
MuntiacusC 0.166200 0.277700 0.165700 0.459900 0.200300 0.187900 0.115400 0.132100 0.176900 0.045500 0.133600 0.132000 0.129400 0.131800 0.131000 0.170700 0.094600 0.094200 0.137500 0.184800 0.176500 0.140600 0.181800 0.076700 0.134100 0.138200 0.107200 0.166700 0.178900 0.158700 0.030300 0.116900 0.154700 0.115000 0.115600 0.100600 0.140900 0.160100 0.168600 0.107700 0.038300 0.169100 0.000000 0.061300 0.101000 0.148300 0.148300 0.156200 0.130900 0.137300 0.173600 0.171900
WhiteTaile 0.153300 0.269600 0.153400 0.437300 0.195300 0.174700 0.104800 0.121000 0.164000 0.075300 0.122300 0.121000 0.126500 0.120800 0.104200 0.157900 0.084300 0.084000 0.126500 0.154700 0.163800 0.129200 0.160900 0.044100 0.122700 0.126300 0.097000 0.154200 0.165900 0.146400 0.060300 0.106200 0.142300 0.112300 0.105100 0.098200 0.129400 0.156100 0.156000 0.121100 0.037400 0.156500 0.061300 0.000000 0.098600 0.136800 0.136600 0.143900 0.118500 0.126400 0.144400 0.158900
Cattle 0.151900 0.278300 0.119400 0.410600 0.168000 0.156300 0.088500 0.119900 0.129100 0.098400 0.121400 0.072900 0.109600 0.120000 0.103500 0.156500 0.099700 0.099300 0.125400 0.136600 0.162200 0.128100 0.201100 0.113800 0.121800 0.125200 0.096100 0.120000 0.164400 0.112500 0.099200 0.121400 0.141400 0.103700 0.104200 0.021600 0.128400 0.129800 0.146400 0.128500 0.075700 0.155100 0.101000 0.098600 0.000000 0.119700 0.135400 0.143000 0.117400 0.094400 0.126800 0.123700
RoyalAntel 0.139200 0.236000 0.149600 0.384800 0.165200 0.143800 0.071800 0.110000 0.176200 0.128200 0.103100 0.117500 0.107700 0.102200 0.101500 0.136800 0.129800 0.129300 0.092800 0.183700 0.142700 0.109900 0.209500 0.152200 0.103500 0.106300 0.064400 0.166500 0.144600 0.158800 0.145800 0.103300 0.180800 0.071700 0.102100 0.135100 0.110100 0.143800 0.135100 0.158300 0.121600 0.119400 0.148300 0.136800 0.119700 0.000000 0.101500 0.124000 0.107100 0.123000 0.173100 0.171500
Steenbok 0.138800 0.312800 0.157500 0.432300 0.164600 0.127200 0.086500 0.079000 0.167900 0.112100 0.103100 0.132900 0.107500 0.117400 0.116500 0.104000 0.129700 0.129200 0.107600 0.175500 0.102700 0.109700 0.205600 0.144200 0.103400 0.090100 0.079000 0.158300 0.111700 0.150800 0.145800 0.087600 0.180800 0.101700 0.101900 0.135000 0.110000 0.127200 0.110400 0.166400 0.121600 0.103200 0.148300 0.136600 0.135400 0.101500 0.000000 0.123400 0.106800 0.138200 0.164900 0.163100
Impala 0.114600 0.303000 0.164800 0.437300 0.190000 0.136000 0.077300 0.100900 0.175700 0.152200 0.094200 0.140500 0.099000 0.108500 0.092500 0.119200 0.121000 0.128800 0.098800 0.183200 0.133600 0.101200 0.248900 0.143000 0.094700 0.088600 0.085300 0.165900 0.127100 0.149700 0.153600 0.094000 0.197500 0.108800 0.108900 0.142400 0.101300 0.143400 0.141100 0.182700 0.129000 0.118500 0.156200 0.143900 0.143000 0.124000 0.123400 0.000000 0.089400 0.138500 0.172600 0.153500
Klipspring 0.104700 0.278100 0.148800 0.412100 0.157300 0.126900 0.067300 0.090800 0.159500 0.126700 0.076100 0.131700 0.097300 0.099400 0.090600 0.093700 0.111300 0.110900 0.097300 0.167400 0.107300 0.083300 0.211700 0.134500 0.076400 0.062300 0.067400 0.149600 0.101700 0.141700 0.127900 0.084400 0.172600 0.091200 0.091400 0.117000 0.083400 0.101200 0.125600 0.158000 0.102800 0.093000 0.130900 0.118500 0.117400 0.107100 0.106800 0.089400 0.000000 0.137400 0.156700 0.136800
ForestMusk 0.154300 0.306800 0.179100 0.408600 0.203100 0.158700 0.093000 0.138900 0.189800 0.118100 0.124700 0.107700 0.113600 0.123400 0.107500 0.175200 0.096000 0.111200 0.128800 0.197200 0.180700 0.131300 0.220000 0.125400 0.125100 0.144600 0.108300 0.180000 0.166700 0.164100 0.135100 0.124700 0.169000 0.138700 0.123500 0.109300 0.116200 0.165300 0.173200 0.132000 0.111500 0.157600 0.137300 0.126400 0.094400 0.123000 0.138200 0.138500 0.137400 0.000000 0.186600 0.185200
Bushbuck 0.165000 0.343400 0.041500 0.400500 0.241900 0.186500 0.141000 0.141400 0.026900 0.169200 0.151000 0.132700 0.162200 0.173800 0.140700 0.187300 0.145600 0.136700 0.138800 0.027700 0.166600 0.141600 0.239200 0.151900 0.151500 0.163900 0.133100 0.027500 0.195000 0.041900 0.170600 0.159300 0.163600 0.156900 0.163900 0.134800 0.158000 0.202500 0.168400 0.182400 0.145900 0.193500 0.173600 0.144400 0.126800 0.173100 0.164900 0.172600 0.156700 0.186600 0.000000 0.042900
GreaterKud 0.163000 0.346300 0.028500 0.427300 0.242800 0.185200 0.138200 0.155200 0.028600 0.167300 0.148600 0.129800 0.160000 0.172000 0.137900 0.168500 0.143000 0.133800 0.152000 0.043500 0.147800 0.155400 0.275600 0.166400 0.149100 0.144600 0.129900 0.028700 0.176400 0.028900 0.168800 0.157000 0.179100 0.154600 0.161600 0.131900 0.155700 0.202000 0.183900 0.198300 0.143300 0.175100 0.171900 0.158900 0.123700 0.171500 0.163100 0.153500 0.136800 0.185200 0.042900 0.000000
