1
52 1
Argali 0.000000 0.216800 0.076600 0.194200 0.038800 0.000000 0.039700 0.019600 0.076600 0.076900 0.000000 0.038000 0.019400 0.080300 0.078200 0.058600 0.157600 0.156800 0.000000 0.076600 0.039500 0.000000 0.097000 0.096700 0.000000 0.039300 0.019100 0.076600 0.040300 0.096100 0.058100 0.059600 0.058500 0.000000 0.038800 0.038000 0.000000 0.019700 0.060600 0.057800 0.077300 0.059000 0.058100 0.076400 0.038000 0.000000 0.039200 0.038200 0.039500 0.019000 0.145700 0.117700
LesserMous 0.216800 0.000000 0.252500 0.123500 0.264900 0.216800 0.271100 0.244500 0.252500 0.306700 0.216800 0.208900 0.240800 0.321800 0.314800 0.289700 0.244200 0.242900 0.217100 0.252500 0.269200 0.216800 0.329200 0.328800 0.216800 0.268400 0.237300 0.252500 0.276700 0.274800 0.285100 0.294800 0.232900 0.217000 0.216200 0.208900 0.216800 0.246800 0.299400 0.283700 0.305800 0.291400 0.285100 0.301600 0.208900 0.216800 0.268000 0.258200 0.269300 0.235900 0.245200 0.254100
LesserKudu 0.076600 0.252500 0.000000 0.231300 0.116100 0.076600 0.118800 0.097500 0.000000 0.133600 0.076600 0.074700 0.096600 0.160600 0.156300 0.136500 0.196200 0.152000 0.076700 0.000000 0.118500 0.076600 0.113900 0.153900 0.076600 0.117900 0.095700 0.000000 0.120400 0.017800 0.115400 0.139000 0.136600 0.076700 0.116800 0.074700 0.076600 0.098300 0.098300 0.114800 0.094400 0.137500 0.115400 0.093300 0.074700 0.076600 0.117200 0.075200 0.118700 0.095300 0.138800 0.036100
KillerWhal 0.194200 0.123500 0.231300 0.000000 0.241400 0.194200 0.247400 0.221100 0.231300 0.284500 0.194200 0.187700 0.217800 0.297500 0.286700 0.266200 0.202200 0.201400 0.194600 0.231300 0.243100 0.194200 0.307800 0.306700 0.194200 0.244900 0.215600 0.231300 0.252400 0.253700 0.263100 0.271100 0.210700 0.194400 0.169100 0.187700 0.194200 0.223200 0.275500 0.261600 0.284200 0.267700 0.263100 0.280200 0.187700 0.194200 0.244300 0.236000 0.246100 0.214000 0.218100 0.232700
DefassaWat 0.038800 0.264900 0.116100 0.241400 0.000000 0.038800 0.080300 0.059500 0.116100 0.116900 0.038800 0.076800 0.058500 0.122100 0.119100 0.099000 0.199600 0.198000 0.038900 0.116100 0.080000 0.038800 0.137500 0.137200 0.038800 0.079700 0.057800 0.116100 0.081800 0.136000 0.098100 0.100600 0.098700 0.038700 0.079000 0.076800 0.038800 0.019600 0.102400 0.097500 0.117400 0.099600 0.098100 0.115900 0.076800 0.038800 0.079400 0.077200 0.080000 0.057800 0.190600 0.158600
Sheep 0.000000 0.216800 0.076600 0.194200 0.038800 0.000000 0.039700 0.019500 0.076600 0.076900 0.000000 0.038000 0.019400 0.080300 0.078200 0.058600 0.157600 0.156800 0.000000 0.076600 0.039500 0.000000 0.097000 0.096700 0.000000 0.039300 0.019100 0.076600 0.040300 0.096100 0.058100 0.059600 0.058500 0.000000 0.038800 0.038000 0.000000 0.019700 0.060600 0.057800 0.077300 0.059000 0.058100 0.076400 0.038000 0.000000 0.039200 0.038200 0.039300 0.019000 0.145700 0.117700
MaxwellsDu 0.039700 0.271100 0.118800 0.247400 0.080300 0.039700 0.000000 0.019800 0.118800 0.119400 0.039700 0.078600 0.060000 0.039600 0.100100 0.059400 0.204600 0.203000 0.039700 0.118800 0.040000 0.039700 0.119300 0.118900 0.039700 0.039900 0.059300 0.118800 0.040900 0.118000 0.100300 0.019600 0.101000 0.039700 0.080700 0.078600 0.039700 0.061200 0.061500 0.099700 0.120100 0.059800 0.100300 0.118500 0.078600 0.039700 0.039700 0.058600 0.060700 0.059000 0.170500 0.162400
GazellaPrz 0.019600 0.244500 0.097500 0.221100 0.059500 0.019500 0.019800 0.000000 0.097500 0.098000 0.019500 0.058100 0.039500 0.060200 0.099800 0.039100 0.181000 0.179600 0.019600 0.097500 0.019700 0.019500 0.118700 0.118400 0.019500 0.019700 0.039000 0.097500 0.020200 0.117500 0.079000 0.039700 0.079600 0.019600 0.058700 0.058100 0.019500 0.040300 0.040400 0.078500 0.098500 0.039300 0.079000 0.097300 0.058100 0.019500 0.019600 0.058400 0.060200 0.038800 0.147000 0.139900
MountainNy 0.076600 0.252500 0.000000 0.231300 0.116100 0.076600 0.118800 0.097500 0.000000 0.133600 0.076600 0.074700 0.096600 0.160600 0.156300 0.136500 0.196200 0.152000 0.076700 0.000000 0.118500 0.076600 0.113900 0.153900 0.076600 0.117900 0.095700 0.000000 0.120400 0.017800 0.115400 0.139000 0.136600 0.076700 0.116800 0.074700 0.076600 0.098300 0.098300 0.114800 0.094400 0.137500 0.115400 0.093300 0.074700 0.076600 0.117200 0.075200 0.118700 0.095300 0.138800 0.036100
MuntiacusM 0.076900 0.306700 0.133600 0.284500 0.116900 0.076900 0.119400 0.098000 0.133600 0.000000 0.076900 0.074900 0.097000 0.161600 0.115700 0.137500 0.194900 0.194300 0.077000 0.133600 0.077700 0.076900 0.054500 0.054800 0.076900 0.118400 0.056500 0.133600 0.121400 0.153500 0.018100 0.139700 0.137200 0.077000 0.117400 0.074900 0.076900 0.098800 0.120700 0.018200 0.036200 0.136700 0.018100 0.036100 0.074900 0.076900 0.118000 0.115100 0.119000 0.056300 0.207500 0.175900
goat 0.000000 0.216800 0.076600 0.194200 0.038800 0.000000 0.039700 0.019500 0.076600 0.076900 0.000000 0.038000 0.019400 0.080300 0.078200 0.058600 0.157600 0.156800 0.000000 0.076600 0.039500 0.000000 0.097000 0.096700 0.000000 0.039300 0.019100 0.076600 0.040300 0.096100 0.058100 0.059600 0.058500 0.000000 0.038400 0.038000 0.000000 0.019700 0.060600 0.057800 0.077300 0.059000 0.058100 0.076400 0.038000 0.000000 0.039200 0.038200 0.039100 0.019000 0.145700 0.117700
AfricanBuf 0.038000 0.208900 0.074700 0.187700 0.076800 0.038000 0.078600 0.058100 0.074700 0.074900 0.038000 0.000000 0.057500 0.119400 0.116200 0.096700 0.154400 0.153300 0.038000 0.074700 0.038400 0.038000 0.094700 0.094300 0.038000 0.078000 0.018600 0.074700 0.079800 0.093900 0.056600 0.098400 0.096700 0.038000 0.077200 0.000000 0.038000 0.058500 0.100100 0.056300 0.075400 0.097400 0.056600 0.074500 0.000000 0.038000 0.077600 0.075800 0.078400 0.018600 0.141100 0.114600
Topi 0.019400 0.240800 0.096600 0.217800 0.058500 0.019400 0.060000 0.039500 0.096600 0.097000 0.019400 0.057500 0.000000 0.101400 0.098700 0.078800 0.178900 0.177800 0.019400 0.096600 0.059800 0.019400 0.117500 0.117200 0.019400 0.059500 0.038400 0.096600 0.061000 0.116400 0.078200 0.080200 0.078700 0.019400 0.059000 0.057500 0.019400 0.039800 0.081500 0.077700 0.097500 0.079400 0.078200 0.096300 0.057500 0.019400 0.059300 0.057800 0.059800 0.038300 0.168300 0.138500
CommonDuik 0.080300 0.321800 0.160600 0.297500 0.122100 0.080300 0.039600 0.060200 0.160600 0.161600 0.080300 0.119400 0.101400 0.000000 0.142300 0.100300 0.226700 0.224500 0.080500 0.160600 0.081100 0.080300 0.161500 0.160900 0.080300 0.080800 0.100200 0.160600 0.082800 0.159700 0.142500 0.058700 0.143300 0.080400 0.122700 0.119400 0.080300 0.103400 0.103800 0.141500 0.162500 0.101000 0.142500 0.160300 0.119400 0.080300 0.080500 0.098900 0.102500 0.099600 0.215100 0.206100
Suni 0.078200 0.314800 0.156300 0.286700 0.119100 0.078200 0.100100 0.099800 0.156300 0.115700 0.078200 0.116200 0.098700 0.142300 0.000000 0.139900 0.242900 0.240600 0.078300 0.156300 0.120000 0.078200 0.135700 0.135300 0.078200 0.120500 0.097400 0.156300 0.123700 0.134200 0.138700 0.120500 0.139500 0.078200 0.119400 0.116200 0.078200 0.100600 0.144600 0.137700 0.158200 0.140800 0.138700 0.156000 0.116200 0.078200 0.078100 0.076000 0.078700 0.097000 0.234800 0.200400
Springbuck 0.058600 0.289700 0.136500 0.266200 0.099000 0.058600 0.059400 0.039100 0.136500 0.137500 0.058600 0.096700 0.078800 0.100300 0.139900 0.000000 0.222100 0.220200 0.058700 0.136500 0.059100 0.058600 0.158500 0.158100 0.058600 0.038900 0.077900 0.136500 0.060400 0.156800 0.118600 0.079300 0.119400 0.058600 0.099400 0.096700 0.058600 0.080300 0.080500 0.117800 0.138000 0.058100 0.118600 0.136300 0.096700 0.058600 0.058000 0.097200 0.100600 0.077500 0.189300 0.158400
Okapi 0.157600 0.244200 0.196200 0.202200 0.199600 0.157600 0.204600 0.181000 0.196200 0.194900 0.157600 0.154400 0.178900 0.226700 0.242900 0.222100 0.000000 0.052600 0.157600 0.196200 0.203700 0.157600 0.217800 0.216300 0.157600 0.202800 0.177500 0.196200 0.206600 0.217500 0.176600 0.179500 0.132400 0.157400 0.201600 0.154400 0.157600 0.181800 0.228400 0.175500 0.196500 0.223800 0.176600 0.194000 0.154400 0.157600 0.201600 0.197500 0.204800 0.134300 0.225800 0.241400
Giraffe 0.156800 0.242900 0.152000 0.201400 0.198000 0.156800 0.203000 0.179600 0.152000 0.194300 0.156800 0.153300 0.177800 0.224500 0.240600 0.220200 0.052600 0.000000 0.157000 0.152000 0.202400 0.156800 0.174300 0.215600 0.156800 0.201500 0.176500 0.152000 0.205200 0.172200 0.176100 0.224600 0.132200 0.156800 0.199900 0.153300 0.156800 0.181000 0.226900 0.175100 0.153800 0.221800 0.176100 0.151900 0.153300 0.156800 0.200100 0.154100 0.203100 0.134100 0.224600 0.194400
TibetanAnt 0.000000 0.217100 0.076700 0.194600 0.038900 0.000000 0.039700 0.019600 0.076700 0.077000 0.000000 0.038000 0.019400 0.080500 0.078300 0.058700 0.157600 0.157000 0.000000 0.076700 0.039500 0.000000 0.097200 0.096900 0.000000 0.039400 0.019200 0.076700 0.040400 0.096300 0.058200 0.059700 0.058600 0.000100 0.039000 0.038000 0.000000 0.019800 0.060700 0.057800 0.077400 0.059100 0.058200 0.076500 0.038000 0.000000 0.039200 0.038300 0.039600 0.019000 0.146000 0.117900
Sitatunga 0.076600 0.252500 0.000000 0.231300 0.116100 0.076600 0.118800 0.097500 0.000000 0.133600 0.076600 0.074700 0.096600 0.160600 0.156300 0.136500 0.196200 0.152000 0.076700 0.000000 0.118500 0.076600 0.113900 0.153900 0.076600 0.117900 0.095700 0.000000 0.120400 0.017800 0.115400 0.139000 0.136600 0.076700 0.116800 0.074700 0.076600 0.098300 0.098300 0.114800 0.094400 0.137500 0.115400 0.093300 0.074700 0.076600 0.117200 0.075200 0.118700 0.095300 0.138800 0.035800
Oribi 0.039500 0.269200 0.118500 0.243100 0.080000 0.039500 0.040000 0.019700 0.118500 0.077700 0.039500 0.038400 0.059800 0.081100 0.120000 0.059100 0.203700 0.202400 0.039500 0.118500 0.000000 0.039500 0.098100 0.097800 0.039500 0.039700 0.019300 0.118500 0.040700 0.138800 0.058700 0.060100 0.100500 0.039500 0.080300 0.038400 0.039500 0.060900 0.061300 0.058300 0.078100 0.059500 0.058700 0.077100 0.038400 0.039500 0.039500 0.078700 0.081500 0.019200 0.168300 0.161900
BarbaryShe 0.000000 0.216800 0.076600 0.194200 0.038800 0.000000 0.039700 0.019500 0.076600 0.076900 0.000000 0.038000 0.019400 0.080300 0.078200 0.058600 0.157600 0.156800 0.000000 0.076600 0.039500 0.000000 0.097000 0.096700 0.000000 0.039300 0.019100 0.076600 0.040300 0.096100 0.058100 0.059600 0.058500 0.000000 0.038800 0.038000 0.000000 0.019700 0.060600 0.057800 0.077300 0.059000 0.058100 0.076400 0.038000 0.000000 0.039200 0.038200 0.039300 0.019000 0.145700 0.117700
Daviddeer 0.097000 0.329200 0.113900 0.307800 0.137500 0.097000 0.119300 0.118700 0.113900 0.054500 0.097000 0.094700 0.117500 0.161500 0.135700 0.158500 0.217800 0.174300 0.097200 0.113900 0.098100 0.097000 0.000000 0.036200 0.097000 0.139600 0.076200 0.113900 0.142800 0.093400 0.036600 0.139700 0.158400 0.097100 0.138300 0.094700 0.097000 0.119600 0.142000 0.036700 0.018000 0.158100 0.036600 0.017900 0.094700 0.097000 0.138800 0.055900 0.098000 0.075800 0.229900 0.155500
Reindeer 0.096700 0.328800 0.153900 0.306700 0.137200 0.096700 0.118900 0.118400 0.153900 0.054800 0.096700 0.094300 0.117200 0.160900 0.135300 0.158100 0.216300 0.215600 0.096900 0.153900 0.097800 0.096700 0.036200 0.000000 0.096700 0.139200 0.075900 0.153900 0.142500 0.132400 0.036800 0.139200 0.157800 0.096900 0.137900 0.094300 0.096700 0.119300 0.141600 0.036600 0.055200 0.159200 0.036800 0.054300 0.094300 0.096700 0.138500 0.094500 0.097600 0.075500 0.229400 0.197000
Ibex 0.000000 0.216800 0.076600 0.194200 0.038800 0.000000 0.039700 0.019500 0.076600 0.076900 0.000000 0.038000 0.019400 0.080300 0.078200 0.058600 0.157600 0.156800 0.000000 0.076600 0.039500 0.000000 0.097000 0.096700 0.000000 0.039300 0.019100 0.076600 0.040300 0.096100 0.058100 0.059600 0.058500 0.000000 0.038800 0.038000 0.000000 0.019700 0.060600 0.057800 0.077300 0.059000 0.058100 0.076400 0.038000 0.000000 0.039200 0.038200 0.038800 0.019000 0.145700 0.117700
GyrantGaze 0.039300 0.268400 0.117900 0.244900 0.079700 0.039300 0.039900 0.019700 0.117900 0.118400 0.039300 0.078000 0.059500 0.080800 0.120500 0.038900 0.202800 0.201500 0.039400 0.117900 0.039700 0.039300 0.139600 0.139200 0.039300 0.000000 0.058900 0.117900 0.040600 0.138200 0.099500 0.059900 0.100100 0.039400 0.080000 0.078000 0.039300 0.060700 0.060800 0.098900 0.119100 0.019300 0.099500 0.117600 0.078000 0.039300 0.039400 0.078300 0.081200 0.058600 0.169000 0.117900
Hartebeest 0.019100 0.237300 0.095700 0.215600 0.057800 0.019100 0.059300 0.039000 0.095700 0.056500 0.019100 0.018600 0.038400 0.100200 0.097400 0.077900 0.177500 0.176500 0.019200 0.095700 0.019300 0.019100 0.076200 0.075900 0.019100 0.058900 0.000000 0.095700 0.060200 0.115400 0.038000 0.079300 0.077800 0.019100 0.058300 0.018600 0.019100 0.039300 0.080700 0.037700 0.056900 0.078400 0.038000 0.056200 0.018600 0.019100 0.058600 0.057200 0.059200 0.000300 0.166000 0.137200
Bongo 0.076600 0.252500 0.000000 0.231300 0.116100 0.076600 0.118800 0.097500 0.000000 0.133600 0.076600 0.074700 0.096600 0.160600 0.156300 0.136500 0.196200 0.152000 0.076700 0.000000 0.118500 0.076600 0.113900 0.153900 0.076600 0.117900 0.095700 0.000000 0.120400 0.017700 0.115400 0.139000 0.136600 0.076700 0.116800 0.074700 0.076600 0.098300 0.098300 0.114800 0.094400 0.137500 0.115400 0.093300 0.074700 0.076600 0.117200 0.075200 0.118700 0.095300 0.138800 0.035700
Gerenuk 0.040300 0.276700 0.120400 0.252400 0.081800 0.040300 0.040900 0.020200 0.120400 0.121400 0.040300 0.079800 0.061000 0.082800 0.123700 0.060400 0.206600 0.205200 0.040400 0.120400 0.040700 0.040300 0.142800 0.142500 0.040300 0.040600 0.060200 0.120400 0.000000 0.141000 0.102000 0.061400 0.102600 0.040400 0.082100 0.079800 0.040300 0.062300 0.020400 0.101300 0.121900 0.060800 0.102000 0.120300 0.079800 0.040300 0.040400 0.080100 0.083200 0.060000 0.174200 0.164800
CommonElan 0.096100 0.274800 0.017800 0.253700 0.136000 0.096100 0.118000 0.117500 0.017800 0.153500 0.096100 0.093900 0.116400 0.159700 0.134200 0.156800 0.217500 0.172200 0.096300 0.017800 0.138800 0.096100 0.093400 0.132400 0.096100 0.138200 0.115400 0.017700 0.141000 0.000000 0.135300 0.138200 0.156800 0.096200 0.136900 0.093900 0.096100 0.118400 0.118400 0.134600 0.113900 0.157900 0.135300 0.112500 0.093900 0.096100 0.137300 0.055500 0.097200 0.114900 0.159300 0.054300
MuntiacusR 0.058100 0.285100 0.115400 0.263100 0.098100 0.058100 0.100300 0.079000 0.115400 0.018100 0.058100 0.056600 0.078200 0.142500 0.138700 0.118600 0.176600 0.176100 0.058200 0.115400 0.058700 0.058100 0.036600 0.036800 0.058100 0.099500 0.038000 0.115400 0.102000 0.135300 0.000000 0.120700 0.118500 0.058200 0.098500 0.056600 0.058100 0.079600 0.101300 0.000100 0.018200 0.117700 0.000000 0.018200 0.056600 0.058100 0.099100 0.096700 0.100000 0.037800 0.187900 0.157600
HarveysDui 0.059600 0.294800 0.139000 0.271100 0.100600 0.059600 0.019600 0.039700 0.139000 0.139700 0.059600 0.098400 0.080200 0.058700 0.120500 0.079300 0.179500 0.224600 0.059700 0.139000 0.060100 0.059600 0.139700 0.139200 0.059600 0.059900 0.079300 0.139000 0.061400 0.138200 0.120700 0.000000 0.121400 0.059600 0.101100 0.098400 0.059600 0.081700 0.082000 0.119900 0.140500 0.079900 0.120700 0.138700 0.098400 0.059600 0.059700 0.078300 0.081100 0.078800 0.192400 0.183400
Pronghorn 0.058500 0.232900 0.136600 0.210700 0.098700 0.058500 0.101000 0.079600 0.136600 0.137200 0.058500 0.096700 0.078700 0.143300 0.139500 0.119400 0.132400 0.132200 0.058600 0.136600 0.100500 0.058500 0.158400 0.157800 0.058500 0.100100 0.077800 0.136600 0.102600 0.156800 0.118500 0.121400 0.000000 0.058500 0.099100 0.096700 0.058500 0.080200 0.123300 0.117800 0.138000 0.120200 0.118500 0.136200 0.096700 0.058500 0.099700 0.097100 0.100700 0.077500 0.212500 0.179900
BlueWildeb 0.000000 0.217000 0.076700 0.194400 0.038700 0.000000 0.039700 0.019600 0.076700 0.077000 0.000000 0.038000 0.019400 0.080400 0.078200 0.058600 0.157400 0.156800 0.000100 0.076700 0.039500 0.000000 0.097100 0.096900 0.000000 0.039400 0.019100 0.076700 0.040400 0.096200 0.058200 0.059600 0.058500 0.000000 0.039000 0.038000 0.000000 0.019700 0.060700 0.057800 0.077400 0.059000 0.058200 0.076500 0.038000 0.000000 0.039200 0.038200 0.039600 0.019000 0.145900 0.117800
Gemsbok 0.038800 0.216200 0.116800 0.169100 0.079000 0.038800 0.080700 0.058700 0.116800 0.117400 0.038400 0.077200 0.059000 0.122700 0.119400 0.099400 0.201600 0.199900 0.039000 0.116800 0.080300 0.038800 0.138300 0.137900 0.038800 0.080000 0.058300 0.116800 0.082100 0.136900 0.098500 0.101100 0.099100 0.039000 0.000000 0.077200 0.038800 0.060100 0.102700 0.097900 0.118000 0.100100 0.098500 0.116500 0.077200 0.038800 0.079700 0.077600 0.080100 0.057900 0.189000 0.159700
Yak 0.038000 0.208900 0.074700 0.187700 0.076800 0.038000 0.078600 0.058100 0.074700 0.074900 0.038000 0.000000 0.057500 0.119400 0.116200 0.096700 0.154400 0.153300 0.038000 0.074700 0.038400 0.038000 0.094700 0.094300 0.038000 0.078000 0.018600 0.074700 0.079800 0.093900 0.056600 0.098400 0.096700 0.038000 0.077200 0.000000 0.038000 0.058500 0.100100 0.056300 0.075400 0.097400 0.056600 0.074500 0.000000 0.038000 0.077600 0.075800 0.078400 0.018600 0.141100 0.114600
BlueSheep 0.000000 0.216800 0.076600 0.194200 0.038800 0.000000 0.039700 0.019500 0.076600 0.076900 0.000000 0.038000 0.019400 0.080300 0.078200 0.058600 0.157600 0.156800 0.000000 0.076600 0.039500 0.000000 0.097000 0.096700 0.000000 0.039300 0.019100 0.076600 0.040300 0.096100 0.058100 0.059600 0.058500 0.000000 0.038800 0.038000 0.000000 0.019700 0.060600 0.057800 0.077300 0.059000 0.058100 0.076400 0.038000 0.000000 0.039200 0.038200 0.039300 0.019000 0.145700 0.117700
BohorReedb 0.019700 0.246800 0.098300 0.223200 0.019600 0.019700 0.061200 0.040300 0.098300 0.098800 0.019700 0.058500 0.039800 0.103400 0.100600 0.080300 0.181800 0.181000 0.019800 0.098300 0.060900 0.019700 0.119600 0.119300 0.019700 0.060700 0.039300 0.098300 0.062300 0.118400 0.079600 0.081700 0.080200 0.019700 0.060100 0.058500 0.019700 0.000000 0.083200 0.079200 0.099300 0.080900 0.079600 0.098000 0.058500 0.019700 0.060500 0.058800 0.061000 0.039100 0.172000 0.141100
KirksDik 0.060600 0.299400 0.098300 0.275500 0.102400 0.060600 0.061500 0.040400 0.098300 0.120700 0.060600 0.100100 0.081500 0.103800 0.144600 0.080500 0.228400 0.226900 0.060700 0.098300 0.061300 0.060600 0.142000 0.141600 0.060600 0.060800 0.080700 0.098300 0.020400 0.118400 0.101300 0.082000 0.123300 0.060700 0.102700 0.100100 0.060600 0.083200 0.000000 0.100700 0.121200 0.081200 0.101300 0.119600 0.100100 0.060600 0.060700 0.100400 0.104200 0.080300 0.148200 0.140900
RoeDeer 0.057800 0.283700 0.114800 0.261600 0.097500 0.057800 0.099700 0.078500 0.114800 0.018200 0.057800 0.056300 0.077700 0.141500 0.137700 0.117800 0.175500 0.175100 0.057800 0.114800 0.058300 0.057800 0.036700 0.036600 0.057800 0.098900 0.037700 0.114800 0.101300 0.134600 0.000100 0.119900 0.117800 0.057800 0.097900 0.056300 0.057800 0.079200 0.100700 0.000000 0.018300 0.118700 0.000100 0.018100 0.056300 0.057800 0.098400 0.096100 0.099400 0.037600 0.186700 0.156800
WhiteLippe 0.077300 0.305800 0.094400 0.284200 0.117400 0.077300 0.120100 0.098500 0.094400 0.036200 0.077300 0.075400 0.097500 0.162500 0.158200 0.138000 0.196500 0.153800 0.077400 0.094400 0.078100 0.077300 0.018000 0.055200 0.077300 0.119100 0.056900 0.094400 0.121900 0.113900 0.018200 0.140500 0.138000 0.077400 0.118000 0.075400 0.077300 0.099300 0.121200 0.018300 0.000000 0.137400 0.018200 0.000000 0.075400 0.077300 0.118500 0.075800 0.119800 0.056600 0.208100 0.135300
ThomsonGaz 0.059000 0.291400 0.137500 0.267700 0.099600 0.059000 0.059800 0.039300 0.137500 0.136700 0.059000 0.097400 0.079400 0.101000 0.140800 0.058100 0.223800 0.221800 0.059100 0.137500 0.059500 0.059000 0.158100 0.159200 0.059000 0.019300 0.078400 0.137500 0.060800 0.157900 0.117700 0.079900 0.120200 0.059000 0.100100 0.097400 0.059000 0.080900 0.081200 0.118700 0.137400 0.000000 0.117700 0.137300 0.097400 0.059000 0.058800 0.097900 0.101400 0.078100 0.190600 0.137500
MuntiacusC 0.058100 0.285100 0.115400 0.263100 0.098100 0.058100 0.100300 0.079000 0.115400 0.018100 0.058100 0.056600 0.078200 0.142500 0.138700 0.118600 0.176600 0.176100 0.058200 0.115400 0.058700 0.058100 0.036600 0.036800 0.058100 0.099500 0.038000 0.115400 0.102000 0.135300 0.000000 0.120700 0.118500 0.058200 0.098500 0.056600 0.058100 0.079600 0.101300 0.000100 0.018200 0.117700 0.000000 0.018200 0.056600 0.058100 0.099100 0.096700 0.100000 0.037800 0.187900 0.157600
WhiteTaile 0.076400 0.301600 0.093300 0.280200 0.115900 0.076400 0.118500 0.097300 0.093300 0.036100 0.076400 0.074500 0.096300 0.160300 0.156000 0.136300 0.194000 0.151900 0.076500 0.093300 0.077100 0.076400 0.017900 0.054300 0.076400 0.117600 0.056200 0.093300 0.120300 0.112500 0.018200 0.138700 0.136200 0.076500 0.116500 0.074500 0.076400 0.098000 0.119600 0.018100 0.000000 0.137300 0.018200 0.000000 0.074500 0.076400 0.117000 0.074900 0.118300 0.055900 0.205200 0.133600
Cattle 0.038000 0.208900 0.074700 0.187700 0.076800 0.038000 0.078600 0.058100 0.074700 0.074900 0.038000 0.000000 0.057500 0.119400 0.116200 0.096700 0.154400 0.153300 0.038000 0.074700 0.038400 0.038000 0.094700 0.094300 0.038000 0.078000 0.018600 0.074700 0.079800 0.093900 0.056600 0.098400 0.096700 0.038000 0.077200 0.000000 0.038000 0.058500 0.100100 0.056300 0.075400 0.097400 0.056600 0.074500 0.000000 0.038000 0.077600 0.075800 0.078400 0.018600 0.141100 0.114600
RoyalAntel 0.000000 0.216800 0.076600 0.194200 0.038800 0.000000 0.039700 0.019500 0.076600 0.076900 0.000000 0.038000 0.019400 0.080300 0.078200 0.058600 0.157600 0.156800 0.000000 0.076600 0.039500 0.000000 0.097000 0.096700 0.000000 0.039300 0.019100 0.076600 0.040300 0.096100 0.058100 0.059600 0.058500 0.000000 0.038800 0.038000 0.000000 0.019700 0.060600 0.057800 0.077300 0.059000 0.058100 0.076400 0.038000 0.000000 0.039200 0.038200 0.039300 0.019000 0.145700 0.117700
Steenbok 0.039200 0.268000 0.117200 0.244300 0.079400 0.039200 0.039700 0.019600 0.117200 0.118000 0.039200 0.077600 0.059300 0.080500 0.078100 0.058000 0.201600 0.200100 0.039200 0.117200 0.039500 0.039200 0.138800 0.138500 0.039200 0.039400 0.058600 0.117200 0.040400 0.137300 0.099100 0.059700 0.099700 0.039200 0.079700 0.077600 0.039200 0.060500 0.060700 0.098400 0.118500 0.058800 0.099100 0.117000 0.077600 0.039200 0.000000 0.077900 0.080700 0.058300 0.168700 0.160200
Impala 0.038200 0.258200 0.075200 0.236000 0.077200 0.038200 0.058600 0.058400 0.075200 0.115100 0.038200 0.075800 0.057800 0.098900 0.076000 0.097200 0.197500 0.154100 0.038300 0.075200 0.078700 0.038200 0.055900 0.094500 0.038200 0.078300 0.057200 0.075200 0.080100 0.055500 0.096700 0.078300 0.097100 0.038200 0.077600 0.075800 0.038200 0.058800 0.100400 0.096100 0.075800 0.097900 0.096700 0.074900 0.075800 0.038200 0.077900 0.000000 0.038500 0.056900 0.186400 0.115400
Klipspring 0.039500 0.269300 0.118700 0.246100 0.080000 0.039300 0.060700 0.060200 0.118700 0.119000 0.039100 0.078400 0.059800 0.102500 0.078700 0.100600 0.204800 0.203100 0.039600 0.118700 0.081500 0.039300 0.098000 0.097600 0.038800 0.081200 0.059200 0.118700 0.083200 0.097200 0.100000 0.081100 0.100700 0.039600 0.080100 0.078400 0.039300 0.061000 0.104200 0.099400 0.119800 0.101400 0.100000 0.118300 0.078400 0.039300 0.080700 0.038500 0.000000 0.058900 0.193700 0.162200
ForestMusk 0.019000 0.235900 0.095300 0.214000 0.057800 0.019000 0.059000 0.038800 0.095300 0.056300 0.019000 0.018600 0.038300 0.099600 0.097000 0.077500 0.134300 0.134100 0.019000 0.095300 0.019200 0.019000 0.075800 0.075500 0.019000 0.058600 0.000300 0.095300 0.060000 0.114900 0.037800 0.078800 0.077500 0.019000 0.057900 0.018600 0.019000 0.039100 0.080300 0.037600 0.056600 0.078100 0.037800 0.055900 0.018600 0.019000 0.058300 0.056900 0.058900 0.000000 0.165200 0.136500
Bushbuck 0.145700 0.245200 0.138800 0.218100 0.190600 0.145700 0.170500 0.147000 0.138800 0.207500 0.145700 0.141100 0.168300 0.215100 0.234800 0.189300 0.225800 0.224600 0.146000 0.138800 0.168300 0.145700 0.229900 0.229400 0.145700 0.169000 0.166000 0.138800 0.174200 0.159300 0.187900 0.192400 0.212500 0.145900 0.189000 0.141100 0.145700 0.172000 0.148200 0.186700 0.208100 0.190600 0.187900 0.205200 0.141100 0.145700 0.168700 0.186400 0.193700 0.165200 0.000000 0.139500
GreaterKud 0.117700 0.254100 0.036100 0.232700 0.158600 0.117700 0.162400 0.139900 0.036100 0.175900 0.117700 0.114600 0.138500 0.206100 0.200400 0.158400 0.241400 0.194400 0.117900 0.035800 0.161900 0.117700 0.155500 0.197000 0.117700 0.117900 0.137200 0.035700 0.164800 0.054300 0.157600 0.183400 0.179900 0.117800 0.159700 0.114600 0.117700 0.141100 0.140900 0.156800 0.135300 0.137500 0.157600 0.133600 0.114600 0.117700 0.160200 0.115400 0.162200 0.136500 0.139500 0.000000
