1
52 1
Argali 0.000000 0.361600 0.105700 0.390900 0.108000 0.025500 0.173900 0.151100 0.105700 0.172000 0.062000 0.137600 0.107300 0.183000 0.118300 0.100100 0.124200 0.124200 0.051800 0.105700 0.116800 0.052000 0.173200 0.153800 0.043700 0.098800 0.098100 0.114600 0.139000 0.105700 0.155600 0.185000 0.157400 0.088500 0.191400 0.141700 0.034700 0.108000 0.108500 0.192100 0.162800 0.098900 0.162800 0.153800 0.141700 0.100100 0.070300 0.118700 0.130000 0.134000 0.105700 0.123400
LesserMous 0.361600 0.000000 0.355700 0.447800 0.390300 0.373700 0.440100 0.465000 0.355700 0.403600 0.372500 0.405800 0.323400 0.451400 0.354200 0.399000 0.365800 0.339800 0.323400 0.355700 0.374200 0.391600 0.419400 0.380500 0.342500 0.381700 0.337700 0.367700 0.394500 0.355700 0.426100 0.472200 0.352500 0.348200 0.411100 0.415700 0.369300 0.390300 0.393100 0.402100 0.404500 0.379900 0.404500 0.380500 0.415700 0.385400 0.363600 0.369900 0.335600 0.367000 0.355700 0.351900
LesserKudu 0.105700 0.355700 0.000000 0.415800 0.069300 0.114900 0.139500 0.127900 0.000000 0.094600 0.098600 0.060700 0.096300 0.138400 0.060500 0.098100 0.050500 0.050500 0.051500 0.000000 0.078100 0.125600 0.095200 0.095000 0.079300 0.061000 0.087300 0.024900 0.098000 0.000000 0.114800 0.139800 0.088100 0.078000 0.188400 0.084900 0.107100 0.069300 0.069600 0.112500 0.085900 0.060600 0.085900 0.095000 0.085100 0.061300 0.051300 0.070300 0.089400 0.068300 0.000000 0.016400
KillerWhal 0.390900 0.447800 0.415800 0.000000 0.422600 0.390600 0.570100 0.459900 0.415800 0.410600 0.411700 0.450800 0.395500 0.565500 0.386800 0.374700 0.375600 0.387700 0.366500 0.415800 0.368200 0.418900 0.426400 0.427900 0.383400 0.359800 0.409600 0.402000 0.358400 0.415800 0.443000 0.571500 0.422300 0.420800 0.505800 0.423500 0.424300 0.422600 0.425900 0.423400 0.424500 0.358700 0.424500 0.427900 0.423500 0.442400 0.370700 0.376600 0.416700 0.427500 0.415800 0.412800
DefassaWat 0.108000 0.390300 0.069300 0.422600 0.000000 0.117400 0.133000 0.111300 0.069300 0.114700 0.101000 0.081100 0.098400 0.131800 0.062100 0.081400 0.087300 0.087100 0.052600 0.069300 0.061600 0.128600 0.115500 0.096800 0.081200 0.044200 0.089200 0.096200 0.062700 0.069300 0.098200 0.133200 0.128300 0.079700 0.193100 0.123100 0.100100 0.000000 0.034900 0.133200 0.105900 0.043800 0.105900 0.096800 0.123100 0.062900 0.034700 0.071600 0.072700 0.106300 0.069300 0.087100
Sheep 0.025500 0.373700 0.114900 0.390600 0.117400 0.000000 0.184100 0.161000 0.114900 0.161800 0.071000 0.147300 0.116600 0.193300 0.127800 0.109500 0.114600 0.114600 0.060700 0.114900 0.126200 0.060800 0.162900 0.143700 0.052400 0.108200 0.107400 0.123900 0.148800 0.114900 0.145400 0.195400 0.167200 0.097700 0.201700 0.141600 0.043500 0.117400 0.117900 0.181600 0.152700 0.108200 0.152700 0.143700 0.141600 0.109500 0.079300 0.128300 0.139600 0.143400 0.114900 0.132700
MaxwellsDu 0.173900 0.440100 0.139500 0.570100 0.133000 0.184100 0.000000 0.213500 0.139500 0.200700 0.167700 0.175100 0.173400 0.018400 0.154400 0.155900 0.159200 0.159200 0.122700 0.139500 0.132500 0.197400 0.202100 0.180800 0.155900 0.134400 0.163400 0.169100 0.177200 0.139500 0.184100 0.027900 0.164500 0.152400 0.212400 0.198100 0.154600 0.133000 0.133500 0.221100 0.191000 0.133400 0.191000 0.180800 0.198100 0.135200 0.122300 0.165500 0.126400 0.160200 0.139500 0.158100
GazellaPrz 0.151100 0.465000 0.127900 0.459900 0.111300 0.161000 0.213500 0.000000 0.127900 0.197600 0.144700 0.141000 0.140400 0.211300 0.111900 0.103200 0.146900 0.146900 0.111100 0.127900 0.101100 0.152400 0.188800 0.177900 0.123100 0.083200 0.130800 0.136900 0.122800 0.127900 0.181100 0.191400 0.194500 0.140100 0.267600 0.164700 0.153500 0.111300 0.111800 0.217700 0.188000 0.082800 0.188000 0.177900 0.164700 0.123200 0.091600 0.132400 0.135100 0.168100 0.127900 0.126500
MountainNy 0.105700 0.355700 0.000000 0.415800 0.069300 0.114900 0.139500 0.127900 0.000000 0.094600 0.098600 0.060700 0.096300 0.138400 0.060800 0.098100 0.050500 0.050500 0.051500 0.000000 0.078100 0.125600 0.095200 0.095000 0.079300 0.061000 0.087300 0.024900 0.098000 0.000000 0.114800 0.139800 0.088100 0.078000 0.188400 0.084900 0.107100 0.069300 0.069600 0.112500 0.085900 0.060800 0.085900 0.095000 0.084900 0.061200 0.051300 0.069900 0.089400 0.068300 0.000000 0.016400
MuntiacusM 0.172000 0.403600 0.094600 0.410600 0.114700 0.161800 0.200700 0.197600 0.094600 0.000000 0.165700 0.125200 0.162500 0.199000 0.125100 0.165500 0.085200 0.085200 0.114500 0.094600 0.142600 0.193800 0.016400 0.058900 0.144700 0.125200 0.153000 0.121700 0.165300 0.094600 0.033400 0.201000 0.134100 0.142900 0.239800 0.139500 0.165000 0.114700 0.115200 0.075900 0.008100 0.124700 0.008100 0.058900 0.139500 0.126100 0.114400 0.115800 0.155900 0.121800 0.094600 0.112000
goat 0.062000 0.372500 0.098600 0.411700 0.101000 0.071000 0.167700 0.144700 0.098600 0.165700 0.000000 0.130900 0.100200 0.166100 0.111300 0.082900 0.117300 0.117300 0.044000 0.098600 0.109900 0.081200 0.166800 0.147200 0.017500 0.091900 0.090800 0.107600 0.132300 0.098600 0.149200 0.167900 0.161200 0.081100 0.185800 0.154500 0.063300 0.101000 0.101400 0.185900 0.156400 0.091600 0.156400 0.147200 0.154500 0.092800 0.081400 0.101100 0.123200 0.137100 0.098600 0.116500
AfricanBuf 0.137600 0.405800 0.060700 0.450800 0.081100 0.147300 0.175100 0.141000 0.060700 0.125200 0.130900 0.000000 0.127600 0.173600 0.090300 0.130200 0.069600 0.069600 0.080400 0.060700 0.098900 0.139200 0.126000 0.125900 0.110200 0.090600 0.118100 0.087500 0.100900 0.060700 0.147300 0.175400 0.109600 0.108300 0.226500 0.095400 0.139700 0.080600 0.099700 0.144000 0.116200 0.090000 0.116200 0.125900 0.095400 0.091100 0.080100 0.100200 0.121200 0.097600 0.060700 0.078500
Topi 0.107300 0.323400 0.096300 0.395500 0.098400 0.116600 0.173400 0.140400 0.096300 0.162500 0.100200 0.127600 0.000000 0.171900 0.108400 0.109300 0.114700 0.114700 0.052200 0.096300 0.107500 0.108200 0.163600 0.143900 0.080500 0.089900 0.008400 0.123700 0.128800 0.096300 0.146000 0.173700 0.157400 0.016900 0.139600 0.151200 0.108800 0.098400 0.098800 0.181800 0.153300 0.089200 0.153300 0.143900 0.151200 0.090300 0.079400 0.118400 0.120100 0.134400 0.096300 0.113900
CommonDuik 0.183000 0.451400 0.138400 0.565500 0.131800 0.193300 0.018400 0.211300 0.138400 0.199000 0.166100 0.173600 0.171900 0.000000 0.153000 0.154500 0.157900 0.157900 0.121600 0.138400 0.131400 0.206700 0.200400 0.179300 0.154400 0.133200 0.161900 0.167700 0.175600 0.138400 0.182500 0.027600 0.163000 0.151100 0.233200 0.175800 0.163800 0.131800 0.132300 0.219300 0.189400 0.132200 0.189400 0.179300 0.175800 0.133900 0.121200 0.163900 0.125100 0.179600 0.138400 0.156800
Suni 0.118300 0.354200 0.060500 0.386800 0.062100 0.127800 0.154400 0.111900 0.060800 0.125100 0.111300 0.090300 0.108400 0.153000 0.000000 0.091400 0.078600 0.078600 0.062000 0.060800 0.071100 0.139200 0.126000 0.106800 0.091100 0.053500 0.099100 0.087600 0.081400 0.060800 0.127600 0.144000 0.119500 0.089400 0.205300 0.114500 0.120000 0.061600 0.062300 0.143900 0.116100 0.053100 0.116100 0.106800 0.114500 0.062800 0.043800 0.062600 0.082600 0.097600 0.060800 0.078200
Springbuck 0.100100 0.399000 0.098100 0.374700 0.081400 0.109500 0.155900 0.103200 0.098100 0.165500 0.082900 0.130200 0.109300 0.154500 0.091400 0.000000 0.116700 0.116700 0.062500 0.098100 0.071700 0.100900 0.156700 0.146500 0.072900 0.035500 0.100000 0.106800 0.072600 0.098100 0.148800 0.156200 0.160700 0.089800 0.207100 0.134200 0.101500 0.081400 0.081700 0.185000 0.156100 0.035300 0.156100 0.146500 0.134200 0.092200 0.062500 0.101400 0.093100 0.136800 0.098100 0.097100
Okapi 0.124200 0.365800 0.050500 0.375600 0.087300 0.114600 0.159200 0.146900 0.050500 0.085200 0.117300 0.069600 0.114700 0.157900 0.078600 0.116700 0.000000 0.016400 0.069100 0.050400 0.077800 0.144700 0.085700 0.077000 0.097600 0.078900 0.105500 0.076400 0.097600 0.050500 0.104900 0.159500 0.078300 0.096000 0.208900 0.067100 0.125900 0.087300 0.087600 0.093700 0.076600 0.078300 0.076600 0.076600 0.067300 0.079000 0.068900 0.088000 0.107900 0.067900 0.050500 0.067400
Giraffe 0.124200 0.339800 0.050500 0.387700 0.087100 0.114600 0.159200 0.146900 0.050500 0.085200 0.117300 0.069600 0.114700 0.157900 0.078600 0.116700 0.016400 0.000000 0.069100 0.050500 0.077800 0.144700 0.085700 0.076600 0.097600 0.078900 0.105500 0.076400 0.097600 0.050700 0.104900 0.159500 0.078300 0.096000 0.208900 0.084800 0.125900 0.087300 0.087600 0.093800 0.076600 0.078300 0.076600 0.076600 0.084800 0.079200 0.069100 0.088000 0.107900 0.067900 0.050500 0.050000
TibetanAnt 0.051800 0.323400 0.051500 0.366500 0.052600 0.060700 0.122700 0.111100 0.051500 0.114500 0.044000 0.080400 0.052200 0.121600 0.062000 0.062500 0.069100 0.069100 0.000000 0.051500 0.061300 0.070400 0.115200 0.096800 0.026000 0.043900 0.043400 0.077900 0.081100 0.051500 0.097900 0.122900 0.108500 0.034500 0.160600 0.104500 0.052700 0.052600 0.052800 0.133400 0.105600 0.043800 0.105600 0.096800 0.104500 0.044300 0.034600 0.071400 0.072200 0.087400 0.051500 0.068700
Sitatunga 0.105700 0.355700 0.000000 0.415800 0.069300 0.114900 0.139500 0.127900 0.000000 0.094600 0.098600 0.060700 0.096300 0.138400 0.060800 0.098100 0.050400 0.050500 0.051500 0.000000 0.078100 0.125600 0.095200 0.095000 0.079300 0.061000 0.087300 0.025100 0.098000 0.000000 0.114800 0.139800 0.088100 0.078000 0.188400 0.084900 0.107100 0.069300 0.069600 0.112500 0.085900 0.060600 0.085900 0.095000 0.084900 0.061100 0.051300 0.069900 0.089400 0.068300 0.000000 0.016500
Oribi 0.116800 0.374200 0.078100 0.368200 0.061600 0.126200 0.132500 0.101100 0.078100 0.142600 0.109900 0.098900 0.107500 0.131400 0.071100 0.071700 0.077800 0.077800 0.061300 0.078100 0.000000 0.117800 0.134100 0.124700 0.090000 0.034900 0.098300 0.086700 0.035000 0.078100 0.126100 0.132800 0.117600 0.088600 0.202400 0.104200 0.118900 0.061600 0.061800 0.162100 0.133600 0.034800 0.133600 0.124700 0.104200 0.071700 0.043400 0.080600 0.081600 0.115000 0.078100 0.077400
BarbaryShe 0.052000 0.391600 0.125600 0.418900 0.128600 0.060800 0.197400 0.152400 0.125600 0.193800 0.081200 0.139200 0.108200 0.206700 0.139200 0.100900 0.144700 0.144700 0.070400 0.125600 0.117800 0.000000 0.185000 0.175300 0.062100 0.100000 0.098900 0.115500 0.140200 0.125600 0.177400 0.209000 0.179400 0.089200 0.193000 0.142700 0.035100 0.128600 0.109600 0.214500 0.184400 0.099700 0.184400 0.175300 0.142700 0.101100 0.108600 0.139800 0.151600 0.154700 0.125600 0.124300
Daviddeer 0.173200 0.419400 0.095200 0.426400 0.115500 0.162900 0.202100 0.188800 0.095200 0.016400 0.166800 0.126000 0.163600 0.200400 0.126000 0.156700 0.085700 0.085700 0.115200 0.095200 0.134100 0.185000 0.000000 0.059300 0.145700 0.116500 0.154000 0.113200 0.156500 0.095200 0.033500 0.202500 0.134900 0.143900 0.241400 0.131000 0.166100 0.115500 0.116000 0.076400 0.008200 0.116100 0.008200 0.059300 0.131000 0.126900 0.115200 0.116600 0.157000 0.122600 0.095200 0.103600
Reindeer 0.153800 0.380500 0.095000 0.427900 0.096800 0.143700 0.180800 0.177900 0.095000 0.058900 0.147200 0.125900 0.143900 0.179300 0.106800 0.146500 0.077000 0.076600 0.096800 0.095000 0.124700 0.175300 0.059300 0.000000 0.126600 0.107200 0.134400 0.122100 0.146400 0.095000 0.060000 0.181100 0.144700 0.124600 0.220300 0.140000 0.146000 0.096800 0.097200 0.033000 0.050500 0.106400 0.050500 0.000000 0.140000 0.107600 0.096400 0.097600 0.137500 0.113300 0.095000 0.112500
Ibex 0.043700 0.342500 0.079300 0.383400 0.081200 0.052400 0.155900 0.123100 0.079300 0.144700 0.017500 0.110200 0.080500 0.154400 0.091100 0.072900 0.097600 0.097600 0.026000 0.079300 0.090000 0.062100 0.145700 0.126600 0.000000 0.072300 0.071400 0.088200 0.111400 0.079300 0.128200 0.156100 0.139700 0.062000 0.195100 0.134100 0.044500 0.081200 0.081500 0.164400 0.135600 0.072000 0.135600 0.126600 0.134100 0.072900 0.062300 0.081200 0.102400 0.116800 0.079300 0.096900
GyrantGaze 0.098800 0.381700 0.061000 0.359800 0.044200 0.108200 0.134400 0.083200 0.061000 0.125200 0.091900 0.090600 0.089900 0.133200 0.053500 0.035500 0.078900 0.078900 0.043900 0.061000 0.034900 0.100000 0.116500 0.107200 0.072300 0.000000 0.080700 0.069600 0.035500 0.061000 0.108500 0.134600 0.119500 0.071100 0.183600 0.096200 0.101000 0.044200 0.044300 0.144400 0.116100 0.000000 0.116100 0.107200 0.096200 0.054000 0.025600 0.062900 0.054300 0.097600 0.061000 0.060400
Hartebeest 0.098100 0.337700 0.087300 0.409600 0.089200 0.107400 0.163400 0.130800 0.087300 0.153000 0.090800 0.118100 0.008400 0.161900 0.099100 0.100000 0.105500 0.105500 0.043400 0.087300 0.098300 0.098900 0.154000 0.134400 0.071400 0.080700 0.000000 0.114600 0.119300 0.087300 0.136400 0.163700 0.147800 0.008500 0.150300 0.141900 0.099500 0.089200 0.089600 0.172100 0.143800 0.080100 0.143800 0.134400 0.141900 0.081100 0.070400 0.109000 0.110700 0.125000 0.087200 0.104800
Bongo 0.114600 0.367700 0.024900 0.402000 0.096200 0.123900 0.169100 0.136900 0.024900 0.121700 0.107600 0.087500 0.123700 0.167700 0.087600 0.106800 0.076400 0.076400 0.077900 0.025100 0.086700 0.115500 0.113200 0.122100 0.088200 0.069600 0.114600 0.000000 0.106700 0.024900 0.142700 0.169400 0.115700 0.105000 0.219200 0.093300 0.116200 0.096200 0.096900 0.140000 0.112800 0.069100 0.112800 0.122100 0.093300 0.088300 0.077700 0.097100 0.117400 0.094800 0.025000 0.024600
Gerenuk 0.139000 0.394500 0.098000 0.358400 0.062700 0.148800 0.177200 0.122800 0.098000 0.165300 0.132300 0.100900 0.128800 0.175600 0.081400 0.072600 0.097600 0.097600 0.081100 0.098000 0.035000 0.140200 0.156500 0.146400 0.111400 0.035500 0.119300 0.106700 0.000000 0.098000 0.148700 0.177500 0.139900 0.109200 0.229300 0.124500 0.141100 0.062400 0.081600 0.184800 0.156000 0.035200 0.156000 0.146400 0.124500 0.092100 0.062400 0.101200 0.092900 0.136700 0.098000 0.097500
CommonElan 0.105700 0.355700 0.000000 0.415800 0.069300 0.114900 0.139500 0.127900 0.000000 0.094600 0.098600 0.060700 0.096300 0.138400 0.060800 0.098100 0.050500 0.050700 0.051500 0.000000 0.078100 0.125600 0.095200 0.095000 0.079300 0.061000 0.087300 0.024900 0.098000 0.000000 0.114800 0.139800 0.088100 0.078000 0.188400 0.084900 0.107600 0.069300 0.069600 0.112500 0.085900 0.060600 0.085900 0.095000 0.084900 0.061300 0.051300 0.069900 0.089400 0.068300 0.000000 0.016600
MuntiacusR 0.155600 0.426100 0.114800 0.443000 0.098200 0.145400 0.184100 0.181100 0.114800 0.033400 0.149200 0.147300 0.146000 0.182500 0.127600 0.148800 0.104900 0.104900 0.097900 0.114800 0.126100 0.177400 0.033500 0.060000 0.128200 0.108500 0.136400 0.142700 0.148700 0.114800 0.000000 0.184400 0.156300 0.126400 0.201300 0.160900 0.148400 0.098200 0.098600 0.095100 0.025000 0.108100 0.025000 0.060000 0.160900 0.109400 0.097900 0.118200 0.139400 0.143000 0.114800 0.132600
HarveysDui 0.185000 0.472200 0.139800 0.571500 0.133200 0.195400 0.027900 0.191400 0.139800 0.201000 0.167900 0.175400 0.173700 0.027600 0.144000 0.156200 0.159500 0.159500 0.122900 0.139800 0.132800 0.209000 0.202500 0.181100 0.156100 0.134600 0.163700 0.169400 0.177500 0.139800 0.184400 0.000000 0.164800 0.152700 0.236000 0.198500 0.165600 0.133200 0.133700 0.221500 0.191300 0.133600 0.191300 0.181100 0.198500 0.135400 0.122500 0.165700 0.126500 0.181400 0.139800 0.158400
Pronghorn 0.157400 0.352500 0.088100 0.422300 0.128300 0.167200 0.164500 0.194500 0.088100 0.134100 0.161200 0.109600 0.157400 0.163000 0.119500 0.160700 0.078300 0.078300 0.108500 0.088100 0.117600 0.179400 0.134900 0.144700 0.139700 0.119500 0.147800 0.115700 0.139900 0.088100 0.156300 0.164800 0.000000 0.137400 0.204300 0.124100 0.160300 0.128300 0.128900 0.163100 0.125000 0.119000 0.125000 0.144700 0.124100 0.120500 0.108500 0.109700 0.091900 0.115800 0.088100 0.105800
BlueWildeb 0.088500 0.348200 0.078000 0.420800 0.079700 0.097700 0.152400 0.140100 0.078000 0.142900 0.081100 0.108300 0.016900 0.151100 0.089400 0.089800 0.096000 0.096000 0.034500 0.078000 0.088600 0.089200 0.143900 0.124600 0.062000 0.071100 0.008500 0.105000 0.109200 0.078000 0.126400 0.152700 0.137400 0.000000 0.139600 0.132100 0.089700 0.079700 0.080000 0.161900 0.133900 0.070600 0.133900 0.124600 0.132100 0.071500 0.061100 0.099100 0.100500 0.115200 0.078000 0.095400
Gemsbok 0.191400 0.411100 0.188400 0.505800 0.193100 0.201700 0.212400 0.267600 0.188400 0.239800 0.185800 0.226500 0.139600 0.233200 0.205300 0.207100 0.208900 0.208900 0.160600 0.188400 0.202400 0.193000 0.241400 0.220300 0.195100 0.183600 0.150300 0.219200 0.229300 0.188400 0.201300 0.236000 0.204300 0.139600 0.000000 0.227400 0.195200 0.193100 0.194000 0.261800 0.229900 0.183100 0.229900 0.220300 0.227400 0.185500 0.171300 0.184000 0.197800 0.209300 0.188400 0.207500
Yak 0.141700 0.415700 0.084900 0.423500 0.123100 0.141600 0.198100 0.164700 0.084900 0.139500 0.154500 0.095400 0.151200 0.175800 0.114500 0.134200 0.067100 0.084800 0.104500 0.084900 0.104200 0.142700 0.131000 0.140000 0.134100 0.096200 0.141900 0.093300 0.124500 0.084900 0.160900 0.198500 0.124100 0.132100 0.227400 0.000000 0.143500 0.123100 0.123600 0.158000 0.130500 0.095500 0.130500 0.140000 0.000000 0.115300 0.104100 0.114800 0.144900 0.121600 0.085200 0.085000
BlueSheep 0.034700 0.369300 0.107100 0.424300 0.100100 0.043500 0.154600 0.153500 0.107100 0.165000 0.063300 0.139700 0.108800 0.163800 0.120000 0.101500 0.125900 0.125900 0.052700 0.107100 0.118900 0.035100 0.166100 0.146000 0.044500 0.101000 0.099500 0.116200 0.141100 0.107600 0.148400 0.165600 0.160300 0.089700 0.195200 0.143500 0.000000 0.100100 0.081400 0.184500 0.155700 0.100300 0.155700 0.146000 0.143500 0.082300 0.090100 0.120500 0.132500 0.136300 0.107100 0.125000
BohorReedb 0.108000 0.390300 0.069300 0.422600 0.000000 0.117400 0.133000 0.111300 0.069300 0.114700 0.101000 0.080600 0.098400 0.131800 0.061600 0.081400 0.087300 0.087300 0.052600 0.069300 0.061600 0.128600 0.115500 0.096800 0.081200 0.044200 0.089200 0.096200 0.062400 0.069300 0.098200 0.133200 0.128300 0.079700 0.193100 0.123100 0.100100 0.000000 0.034900 0.133200 0.105900 0.043800 0.105900 0.096800 0.123100 0.063100 0.034700 0.071600 0.072700 0.106300 0.069300 0.086700
KirksDik 0.108500 0.393100 0.069600 0.425900 0.034900 0.117900 0.133500 0.111800 0.069600 0.115200 0.101400 0.099700 0.098800 0.132300 0.062300 0.081700 0.087600 0.087600 0.052800 0.069600 0.061800 0.109600 0.116000 0.097200 0.081500 0.044300 0.089600 0.096900 0.081600 0.069600 0.098600 0.133700 0.128900 0.080000 0.194000 0.123600 0.081400 0.034900 0.000000 0.134700 0.106300 0.044000 0.106300 0.097100 0.123600 0.044500 0.034800 0.071800 0.072900 0.097400 0.069600 0.087000
RoeDeer 0.192100 0.402100 0.112500 0.423400 0.133200 0.181600 0.221100 0.217700 0.112500 0.075900 0.185900 0.144000 0.181800 0.219300 0.143900 0.185000 0.093700 0.093800 0.133400 0.112500 0.162100 0.214500 0.076400 0.033000 0.164400 0.144400 0.172100 0.140000 0.184800 0.112500 0.095100 0.221500 0.163100 0.161900 0.261800 0.158000 0.184500 0.133200 0.134700 0.000000 0.067400 0.143300 0.067400 0.033000 0.158000 0.145000 0.132800 0.134400 0.175900 0.131100 0.112500 0.130100
WhiteLippe 0.162800 0.404500 0.085900 0.424500 0.105900 0.152700 0.191000 0.188000 0.085900 0.008100 0.156400 0.116200 0.153300 0.189400 0.116100 0.156100 0.076600 0.076600 0.105600 0.085900 0.133600 0.184400 0.008200 0.050500 0.135600 0.116100 0.143800 0.112800 0.156000 0.085900 0.025000 0.191300 0.125000 0.133900 0.229900 0.130500 0.155700 0.105900 0.106300 0.067400 0.000000 0.115600 0.000000 0.050500 0.130500 0.117000 0.105500 0.106800 0.146600 0.113000 0.085900 0.103200
ThomsonGaz 0.098900 0.379900 0.060600 0.358700 0.043800 0.108200 0.133400 0.082800 0.060800 0.124700 0.091600 0.090000 0.089200 0.132200 0.053100 0.035300 0.078300 0.078300 0.043800 0.060600 0.034800 0.099700 0.116100 0.106400 0.072000 0.000000 0.080100 0.069100 0.035200 0.060600 0.108100 0.133600 0.119000 0.070600 0.183100 0.095500 0.100300 0.043800 0.044000 0.143300 0.115600 0.000000 0.115600 0.106400 0.096000 0.053900 0.026000 0.062500 0.054100 0.097200 0.060600 0.060000
MuntiacusC 0.162800 0.404500 0.085900 0.424500 0.105900 0.152700 0.191000 0.188000 0.085900 0.008100 0.156400 0.116200 0.153300 0.189400 0.116100 0.156100 0.076600 0.076600 0.105600 0.085900 0.133600 0.184400 0.008200 0.050500 0.135600 0.116100 0.143800 0.112800 0.156000 0.085900 0.025000 0.191300 0.125000 0.133900 0.229900 0.130500 0.155700 0.105900 0.106300 0.067400 0.000000 0.115600 0.000000 0.050500 0.130500 0.117000 0.105500 0.106800 0.146600 0.113000 0.085900 0.103200
WhiteTaile 0.153800 0.380500 0.095000 0.427900 0.096800 0.143700 0.180800 0.177900 0.095000 0.058900 0.147200 0.125900 0.143900 0.179300 0.106800 0.146500 0.076600 0.076600 0.096800 0.095000 0.124700 0.175300 0.059300 0.000000 0.126600 0.107200 0.134400 0.122100 0.146400 0.095000 0.060000 0.181100 0.144700 0.124600 0.220300 0.140000 0.146000 0.096800 0.097100 0.033000 0.050500 0.106400 0.050500 0.000000 0.140000 0.107600 0.096400 0.097600 0.137500 0.113300 0.095000 0.112500
Cattle 0.141700 0.415700 0.085100 0.423500 0.123100 0.141600 0.198100 0.164700 0.084900 0.139500 0.154500 0.095400 0.151200 0.175800 0.114500 0.134200 0.067300 0.084800 0.104500 0.084900 0.104200 0.142700 0.131000 0.140000 0.134100 0.096200 0.141900 0.093300 0.124500 0.084900 0.160900 0.198500 0.124100 0.132100 0.227400 0.000000 0.143500 0.123100 0.123600 0.158000 0.130500 0.096000 0.130500 0.140000 0.000000 0.115300 0.104100 0.114800 0.144900 0.121600 0.084900 0.084200
RoyalAntel 0.100100 0.385400 0.061300 0.442400 0.062900 0.109500 0.135200 0.123200 0.061200 0.126100 0.092800 0.091100 0.090300 0.133900 0.062800 0.092200 0.079000 0.079200 0.044300 0.061100 0.071700 0.101100 0.126900 0.107600 0.072900 0.054000 0.081100 0.088300 0.092100 0.061300 0.109400 0.135400 0.120500 0.071500 0.185500 0.115300 0.082300 0.063100 0.044500 0.145000 0.117000 0.053900 0.117000 0.107600 0.115300 0.000000 0.044200 0.082000 0.083400 0.098300 0.061200 0.078700
Steenbok 0.070300 0.363600 0.051300 0.370700 0.034700 0.079300 0.122300 0.091600 0.051300 0.114400 0.081400 0.080100 0.079400 0.121200 0.043800 0.062500 0.068900 0.069100 0.034600 0.051300 0.043400 0.108600 0.115200 0.096400 0.062300 0.025600 0.070400 0.077700 0.062400 0.051300 0.097900 0.122500 0.108500 0.061100 0.171300 0.104100 0.090100 0.034700 0.034800 0.132800 0.105500 0.026000 0.105500 0.096400 0.104100 0.044200 0.000000 0.052900 0.053800 0.087400 0.051300 0.068500
Impala 0.118700 0.369900 0.070300 0.376600 0.071600 0.128300 0.165500 0.132400 0.069900 0.115800 0.101100 0.100200 0.118400 0.163900 0.062600 0.101400 0.088000 0.088000 0.071400 0.069900 0.080600 0.139800 0.116600 0.097600 0.081200 0.062900 0.109000 0.097100 0.101200 0.069900 0.118200 0.165700 0.109700 0.099100 0.184000 0.114800 0.120500 0.071600 0.071800 0.134400 0.106800 0.062500 0.106800 0.097600 0.114800 0.082000 0.052900 0.000000 0.092500 0.107300 0.069900 0.087500
Klipspring 0.130000 0.335600 0.089400 0.416700 0.072700 0.139600 0.126400 0.135100 0.089400 0.155900 0.123200 0.121200 0.120100 0.125100 0.082600 0.093100 0.107900 0.107900 0.072200 0.089400 0.081600 0.151600 0.157000 0.137500 0.102400 0.054300 0.110700 0.117400 0.092900 0.089400 0.139400 0.126500 0.091900 0.100500 0.197800 0.144900 0.132500 0.072700 0.072900 0.175900 0.146600 0.054100 0.146600 0.137500 0.144900 0.083400 0.053800 0.092500 0.000000 0.127500 0.089400 0.107300
ForestMusk 0.134000 0.367000 0.068300 0.427500 0.106300 0.143400 0.160200 0.168100 0.068300 0.121800 0.137100 0.097600 0.134400 0.179600 0.097600 0.136800 0.067900 0.067900 0.087400 0.068300 0.115000 0.154700 0.122600 0.113300 0.116800 0.097600 0.125000 0.094800 0.136700 0.068300 0.143000 0.181400 0.115800 0.115200 0.209300 0.121600 0.136300 0.106300 0.097400 0.131100 0.113000 0.097200 0.113000 0.113300 0.121600 0.098300 0.087400 0.107300 0.127500 0.000000 0.068300 0.085500
Bushbuck 0.105700 0.355700 0.000000 0.415800 0.069300 0.114900 0.139500 0.127900 0.000000 0.094600 0.098600 0.060700 0.096300 0.138400 0.060800 0.098100 0.050500 0.050500 0.051500 0.000000 0.078100 0.125600 0.095200 0.095000 0.079300 0.061000 0.087200 0.025000 0.098000 0.000000 0.114800 0.139800 0.088100 0.078000 0.188400 0.085200 0.107100 0.069300 0.069600 0.112500 0.085900 0.060600 0.085900 0.095000 0.084900 0.061200 0.051300 0.069900 0.089400 0.068300 0.000000 0.016600
GreaterKud 0.123400 0.351900 0.016400 0.412800 0.087100 0.132700 0.158100 0.126500 0.016400 0.112000 0.116500 0.078500 0.113900 0.156800 0.078200 0.097100 0.067400 0.050000 0.068700 0.016500 0.077400 0.124300 0.103600 0.112500 0.096900 0.060400 0.104800 0.024600 0.097500 0.016600 0.132600 0.158400 0.105800 0.095400 0.207500 0.085000 0.125000 0.086700 0.087000 0.130100 0.103200 0.060000 0.103200 0.112500 0.084200 0.078700 0.068500 0.087500 0.107300 0.085500 0.016600 0.000000
