1
52 1
Argali 0.000000 0.126300 0.089800 0.093200 0.016700 0.000000 0.016600 0.016400 0.127900 0.070700 0.016400 0.052000 0.016400 0.050600 0.033600 0.048700 0.033800 0.033700 0.000100 0.069800 0.033100 0.000000 0.051900 0.127300 0.016400 0.032300 0.000000 0.108100 0.016300 0.070100 0.070700 0.016700 0.051200 0.000000 0.016600 0.069600 0.000000 0.000100 0.033600 0.144600 0.052000 0.049000 0.070700 0.072300 0.127900 0.050900 0.016300 0.050800 0.016800 0.087700 0.110300 0.108500
LesserMous 0.126300 0.000000 0.191400 0.074200 0.108100 0.126300 0.147700 0.144900 0.168300 0.162800 0.145700 0.147200 0.145800 0.146500 0.167400 0.180000 0.125400 0.125400 0.125900 0.167000 0.165400 0.126300 0.138800 0.181700 0.145500 0.160900 0.126300 0.211700 0.144300 0.168000 0.162800 0.148500 0.106200 0.126300 0.107700 0.145600 0.126300 0.138900 0.127700 0.244800 0.139800 0.180200 0.162800 0.166300 0.210400 0.164900 0.144300 0.188500 0.148500 0.186700 0.193400 0.212100
LesserKudu 0.089800 0.191400 0.000000 0.159400 0.110800 0.089800 0.110500 0.108400 0.071300 0.130900 0.108900 0.072400 0.108700 0.149200 0.091200 0.143300 0.089700 0.089500 0.089500 0.017100 0.109200 0.089800 0.109300 0.192600 0.108700 0.124900 0.089800 0.053000 0.108000 0.017100 0.130900 0.111200 0.108800 0.089800 0.109600 0.090700 0.089800 0.090900 0.129600 0.211600 0.109700 0.144800 0.130900 0.134300 0.131000 0.149800 0.108000 0.110200 0.110800 0.109000 0.017700 0.053100
KillerWhal 0.093200 0.074200 0.159400 0.000000 0.074700 0.093200 0.114600 0.112300 0.135600 0.136700 0.112900 0.114700 0.113000 0.113500 0.135200 0.148300 0.092700 0.092600 0.092900 0.134900 0.132800 0.093200 0.114100 0.156500 0.112800 0.128800 0.093200 0.180000 0.111700 0.135600 0.136700 0.115300 0.112600 0.093200 0.074200 0.113100 0.093200 0.094400 0.094300 0.219800 0.114400 0.149000 0.136700 0.139800 0.178900 0.132800 0.111700 0.156200 0.115300 0.133100 0.161200 0.180600
DefassaWat 0.016700 0.108100 0.110800 0.074700 0.000000 0.016700 0.034000 0.033500 0.128900 0.090600 0.033600 0.071000 0.033600 0.069000 0.051600 0.066300 0.051900 0.051800 0.016600 0.089500 0.050900 0.016700 0.070800 0.149300 0.033600 0.049500 0.016700 0.129400 0.033300 0.089800 0.090600 0.034300 0.069900 0.016700 0.033900 0.070100 0.016700 0.016900 0.051500 0.167000 0.071000 0.066800 0.090600 0.092800 0.128800 0.051400 0.033300 0.069400 0.034300 0.107800 0.132200 0.129800
Sheep 0.000000 0.126300 0.089800 0.093200 0.016700 0.000000 0.016600 0.016400 0.127800 0.070700 0.016400 0.052000 0.016400 0.050600 0.033600 0.048700 0.033800 0.033700 0.000000 0.069800 0.033200 0.000000 0.051900 0.127300 0.016100 0.032300 0.000000 0.108100 0.016300 0.070100 0.070700 0.016700 0.051200 0.000000 0.016400 0.069600 0.000000 0.003100 0.033600 0.144500 0.052000 0.049000 0.070700 0.072300 0.127800 0.051000 0.016300 0.049800 0.016800 0.087700 0.110300 0.108500
MaxwellsDu 0.016600 0.147700 0.110500 0.114600 0.034000 0.016600 0.000000 0.033400 0.149900 0.090400 0.033500 0.071000 0.033500 0.068900 0.051500 0.066200 0.051800 0.051600 0.016600 0.089300 0.050800 0.016600 0.070700 0.149000 0.033500 0.049400 0.016600 0.129100 0.033200 0.089700 0.090400 0.000000 0.051600 0.016600 0.033800 0.089000 0.016600 0.016800 0.051400 0.166700 0.070900 0.066700 0.090400 0.092500 0.149700 0.069500 0.033200 0.069200 0.034200 0.107600 0.131900 0.129500
GazellaPrz 0.016400 0.144900 0.108400 0.112300 0.033500 0.016400 0.033400 0.000000 0.147100 0.088800 0.033000 0.069500 0.033000 0.033100 0.050500 0.031900 0.050900 0.050800 0.016300 0.087800 0.016300 0.016400 0.069500 0.146000 0.033000 0.015900 0.016400 0.127000 0.000000 0.088200 0.088800 0.033600 0.068700 0.016400 0.033300 0.087300 0.016400 0.016600 0.016500 0.163400 0.069700 0.032100 0.088800 0.090700 0.146600 0.068200 0.000000 0.068100 0.033600 0.105700 0.129500 0.127400
MountainNy 0.127900 0.168300 0.071300 0.135600 0.128900 0.127800 0.149900 0.147100 0.000000 0.171000 0.147600 0.110000 0.147600 0.148300 0.129600 0.182800 0.127300 0.127200 0.127500 0.052000 0.148000 0.127800 0.148000 0.190400 0.147500 0.163300 0.127800 0.089500 0.146500 0.052200 0.171000 0.150700 0.147400 0.127800 0.108900 0.107600 0.127800 0.129600 0.128900 0.254400 0.148400 0.183900 0.171000 0.175000 0.147800 0.166100 0.146500 0.149500 0.150100 0.147600 0.091300 0.089600
MuntiacusM 0.070700 0.162800 0.130900 0.136700 0.090600 0.070700 0.090400 0.088800 0.171000 0.000000 0.089300 0.071700 0.089200 0.128300 0.109700 0.123400 0.070500 0.070400 0.070500 0.108800 0.089300 0.070700 0.017000 0.052400 0.089200 0.105200 0.070700 0.110100 0.088400 0.109300 0.000000 0.091000 0.089100 0.070700 0.089900 0.109100 0.070700 0.071700 0.109700 0.069200 0.017000 0.124300 0.000000 0.035500 0.129000 0.128500 0.088400 0.129100 0.090900 0.128300 0.153300 0.150400
goat 0.016400 0.145700 0.108900 0.112900 0.033600 0.016400 0.033500 0.033000 0.147600 0.089300 0.000000 0.070000 0.033200 0.068000 0.050900 0.065500 0.051100 0.051000 0.016400 0.088200 0.050200 0.016400 0.069800 0.147000 0.000000 0.048900 0.016400 0.127400 0.032900 0.088600 0.089300 0.033800 0.068900 0.016400 0.033400 0.087900 0.016400 0.026400 0.050800 0.164600 0.070000 0.066000 0.089300 0.091200 0.147700 0.068600 0.032900 0.068400 0.030800 0.106300 0.130000 0.127800
AfricanBuf 0.052000 0.147200 0.072400 0.114700 0.071000 0.052000 0.071000 0.069500 0.110000 0.071700 0.070000 0.000000 0.069900 0.107500 0.052800 0.103400 0.051900 0.051800 0.051900 0.052700 0.088300 0.052000 0.052500 0.129000 0.070000 0.085900 0.052000 0.090700 0.069300 0.052900 0.071700 0.071500 0.070100 0.052000 0.070500 0.052500 0.052000 0.062200 0.089300 0.146900 0.052700 0.104400 0.071700 0.073500 0.090700 0.107900 0.069300 0.070900 0.071500 0.107600 0.092600 0.090800
Topi 0.016400 0.145800 0.108700 0.113000 0.033600 0.016400 0.033500 0.033000 0.147600 0.089200 0.033200 0.069900 0.000000 0.068100 0.050800 0.065600 0.051100 0.051000 0.016400 0.088100 0.050200 0.016400 0.069800 0.146900 0.033000 0.048900 0.016200 0.127300 0.032900 0.088400 0.089200 0.033800 0.068900 0.016400 0.033300 0.087800 0.016400 0.029300 0.050900 0.164100 0.070000 0.065900 0.089200 0.091100 0.147500 0.068500 0.032900 0.068200 0.033800 0.106200 0.129800 0.127700
CommonDuik 0.050600 0.146500 0.149200 0.113500 0.069000 0.050600 0.068900 0.033100 0.148300 0.128300 0.068000 0.107500 0.068100 0.000000 0.086900 0.065500 0.087300 0.087200 0.050400 0.126800 0.050300 0.050600 0.107400 0.147200 0.067900 0.049000 0.050600 0.168600 0.032900 0.127400 0.128300 0.069000 0.106200 0.050600 0.033600 0.126100 0.050600 0.051200 0.000100 0.205900 0.107800 0.064800 0.128300 0.130900 0.189200 0.105400 0.032900 0.069000 0.069300 0.145300 0.171900 0.169300
Suni 0.033600 0.167400 0.091200 0.135200 0.051600 0.033600 0.051500 0.050500 0.129600 0.109700 0.050900 0.052800 0.050800 0.086900 0.000000 0.083600 0.069700 0.069700 0.033500 0.070900 0.068400 0.033600 0.089200 0.169500 0.050800 0.066500 0.033600 0.109800 0.050400 0.071200 0.109700 0.051800 0.088100 0.033600 0.051200 0.070600 0.033600 0.042600 0.069200 0.187000 0.089500 0.084300 0.109700 0.112200 0.129700 0.087800 0.050400 0.051500 0.051800 0.126800 0.112000 0.109900
Springbuck 0.048700 0.180000 0.143300 0.148300 0.066300 0.048700 0.066200 0.031900 0.182800 0.123400 0.065500 0.103400 0.065600 0.065500 0.083600 0.000000 0.084000 0.083900 0.048600 0.122000 0.048500 0.048700 0.103500 0.181500 0.065400 0.047300 0.048700 0.161900 0.031700 0.122600 0.123400 0.066400 0.102300 0.048700 0.066000 0.084900 0.048700 0.049300 0.049100 0.198700 0.103800 0.063100 0.123400 0.125900 0.142400 0.101500 0.031700 0.101300 0.066700 0.139900 0.164900 0.162400
Okapi 0.033800 0.125400 0.089700 0.092700 0.051900 0.033800 0.051800 0.050900 0.127300 0.070500 0.051100 0.051900 0.051100 0.087300 0.069700 0.084000 0.000000 0.000100 0.033700 0.069700 0.068800 0.033800 0.051700 0.126800 0.051100 0.067000 0.033800 0.107900 0.050600 0.070000 0.070500 0.052100 0.051000 0.033800 0.051500 0.069300 0.033800 0.034200 0.069600 0.144400 0.051800 0.084800 0.070500 0.072100 0.127300 0.087100 0.050600 0.087800 0.052200 0.086900 0.110100 0.108000
Giraffe 0.033700 0.125400 0.089500 0.092600 0.051800 0.033700 0.051600 0.050800 0.127200 0.070400 0.051000 0.051800 0.051000 0.087200 0.069700 0.083900 0.000100 0.000000 0.033600 0.069500 0.068700 0.033700 0.051600 0.126700 0.051000 0.066800 0.033700 0.107600 0.050500 0.069800 0.070400 0.052000 0.050900 0.033700 0.051400 0.069200 0.033700 0.034100 0.069500 0.144200 0.051700 0.084600 0.070400 0.072000 0.127200 0.087300 0.050500 0.087700 0.052100 0.087200 0.109900 0.107800
TibetanAnt 0.000100 0.125900 0.089500 0.092900 0.016600 0.000000 0.016600 0.016300 0.127500 0.070500 0.016400 0.051900 0.016400 0.050400 0.033500 0.048600 0.033700 0.033600 0.000000 0.069600 0.033100 0.000000 0.051700 0.126900 0.016400 0.032200 0.000000 0.107800 0.016200 0.069900 0.070500 0.016700 0.051000 0.000000 0.016500 0.069400 0.000000 0.000100 0.033500 0.144100 0.051900 0.048900 0.070500 0.072000 0.127700 0.050800 0.016200 0.050700 0.016700 0.087500 0.110000 0.108200
Sitatunga 0.069800 0.167000 0.017100 0.134900 0.089500 0.069800 0.089300 0.087800 0.052000 0.108800 0.088200 0.052700 0.088100 0.126800 0.070900 0.122000 0.069700 0.069500 0.069600 0.000000 0.088400 0.069800 0.088500 0.167900 0.088100 0.104100 0.069800 0.034300 0.087500 0.000100 0.108800 0.089900 0.088000 0.069800 0.088700 0.070500 0.069800 0.070700 0.107900 0.186200 0.088800 0.123200 0.108800 0.111500 0.108900 0.127100 0.087500 0.089200 0.089700 0.088200 0.034200 0.034200
Oribi 0.033100 0.165400 0.109200 0.132800 0.050900 0.033200 0.050800 0.016300 0.148000 0.089300 0.050200 0.088300 0.050200 0.050300 0.068400 0.048500 0.068800 0.068700 0.033100 0.088400 0.000000 0.033200 0.069900 0.146900 0.050100 0.032200 0.033200 0.127900 0.016200 0.088800 0.089300 0.051100 0.087200 0.033200 0.050600 0.106300 0.033200 0.033600 0.033400 0.164500 0.070100 0.048800 0.089300 0.091200 0.167500 0.086500 0.016200 0.086300 0.047400 0.125100 0.130300 0.128200
BarbaryShe 0.000000 0.126300 0.089800 0.093200 0.016700 0.000000 0.016600 0.016400 0.127800 0.070700 0.016400 0.052000 0.016400 0.050600 0.033600 0.048700 0.033800 0.033700 0.000000 0.069800 0.033200 0.000000 0.051900 0.127300 0.016300 0.032300 0.000000 0.108100 0.016300 0.070100 0.070700 0.016700 0.051200 0.000000 0.016500 0.069600 0.000000 0.003100 0.033600 0.144500 0.052000 0.049000 0.070700 0.072300 0.127800 0.051000 0.016300 0.049900 0.016800 0.087700 0.110300 0.108500
Daviddeer 0.051900 0.138800 0.109300 0.114100 0.070800 0.051900 0.070700 0.069500 0.148000 0.017000 0.069800 0.052500 0.069800 0.107400 0.089200 0.103500 0.051700 0.051600 0.051700 0.088500 0.069900 0.051900 0.000000 0.069800 0.069800 0.085700 0.051900 0.128000 0.069100 0.088900 0.017000 0.071100 0.069700 0.051900 0.070300 0.088700 0.051900 0.052600 0.089300 0.086700 0.000100 0.104100 0.017000 0.053100 0.107800 0.107500 0.069100 0.108000 0.071100 0.107400 0.130500 0.128200
Reindeer 0.127300 0.181700 0.192600 0.156500 0.149300 0.127300 0.149000 0.146000 0.190400 0.052400 0.147000 0.129000 0.146900 0.147200 0.169500 0.181500 0.126800 0.126700 0.126900 0.167900 0.146900 0.127300 0.069800 0.000000 0.146800 0.162100 0.127300 0.170000 0.145400 0.168800 0.052400 0.149800 0.146700 0.127300 0.108400 0.168400 0.127300 0.129100 0.128500 0.087000 0.069800 0.182400 0.052400 0.053400 0.189400 0.189100 0.145400 0.189700 0.149100 0.188600 0.217000 0.212700
Ibex 0.016400 0.145500 0.108700 0.112800 0.033600 0.016100 0.033500 0.033000 0.147500 0.089200 0.000000 0.070000 0.033000 0.067900 0.050800 0.065400 0.051100 0.051000 0.016400 0.088100 0.050100 0.016300 0.069800 0.146800 0.000000 0.048800 0.016400 0.127300 0.032800 0.088500 0.089200 0.033700 0.068800 0.016100 0.033000 0.087800 0.016100 0.029200 0.050700 0.164400 0.070000 0.065900 0.089200 0.091200 0.147500 0.068500 0.032800 0.068000 0.031300 0.106100 0.129900 0.127600
GyrantGaze 0.032300 0.160900 0.124900 0.128800 0.049500 0.032300 0.049400 0.015900 0.163300 0.105200 0.048900 0.085900 0.048900 0.049000 0.066500 0.047300 0.067000 0.066800 0.032200 0.104100 0.032200 0.032300 0.085700 0.162100 0.048800 0.000000 0.032300 0.143100 0.015800 0.104600 0.105200 0.049800 0.084800 0.032300 0.049200 0.103400 0.032300 0.032700 0.032500 0.179400 0.086000 0.015600 0.105200 0.107400 0.162700 0.084300 0.015800 0.083900 0.049800 0.121600 0.146400 0.143400
Hartebeest 0.000000 0.126300 0.089800 0.093200 0.016700 0.000000 0.016600 0.016400 0.127800 0.070700 0.016400 0.052000 0.016200 0.050600 0.033600 0.048700 0.033800 0.033700 0.000000 0.069800 0.033200 0.000000 0.051900 0.127300 0.016400 0.032300 0.000000 0.108100 0.016300 0.070100 0.070700 0.016700 0.051200 0.000000 0.016500 0.069600 0.000000 0.003100 0.033600 0.144500 0.052000 0.049000 0.070700 0.072300 0.127800 0.051000 0.016300 0.050700 0.016800 0.087700 0.110300 0.108500
Bongo 0.108100 0.211700 0.053000 0.180000 0.129400 0.108100 0.129100 0.127000 0.089500 0.110100 0.127400 0.090700 0.127300 0.168600 0.109800 0.161900 0.107900 0.107600 0.107800 0.034300 0.127900 0.108100 0.128000 0.170000 0.127300 0.143100 0.108100 0.000000 0.126400 0.034400 0.110100 0.130100 0.127300 0.108100 0.128400 0.109100 0.108100 0.109600 0.148700 0.188200 0.128500 0.163400 0.110100 0.112800 0.150300 0.169100 0.126400 0.128900 0.129700 0.127500 0.072300 0.070900
Gerenuk 0.016300 0.144300 0.108000 0.111700 0.033300 0.016300 0.033200 0.000000 0.146500 0.088400 0.032900 0.069300 0.032900 0.032900 0.050400 0.031700 0.050600 0.050500 0.016200 0.087500 0.016200 0.016300 0.069100 0.145400 0.032800 0.015800 0.016300 0.126400 0.000000 0.087900 0.088400 0.032900 0.068400 0.016300 0.033100 0.086900 0.016300 0.016500 0.016400 0.162700 0.069400 0.031900 0.088400 0.090200 0.145900 0.067900 0.000000 0.067800 0.033500 0.105200 0.128900 0.126800
CommonElan 0.070100 0.168000 0.017100 0.135600 0.089800 0.070100 0.089700 0.088200 0.052200 0.109300 0.088600 0.052900 0.088400 0.127400 0.071200 0.122600 0.070000 0.069800 0.069900 0.000100 0.088800 0.070100 0.088900 0.168800 0.088500 0.104600 0.070100 0.034400 0.087900 0.000000 0.109300 0.090300 0.088400 0.070100 0.089200 0.070800 0.070100 0.071000 0.108500 0.187100 0.089200 0.123700 0.109300 0.112000 0.109400 0.127700 0.087900 0.089600 0.090100 0.088600 0.035200 0.034500
MuntiacusR 0.070700 0.162800 0.130900 0.136700 0.090600 0.070700 0.090400 0.088800 0.171000 0.000000 0.089300 0.071700 0.089200 0.128300 0.109700 0.123400 0.070500 0.070400 0.070500 0.108800 0.089300 0.070700 0.017000 0.052400 0.089200 0.105200 0.070700 0.110100 0.088400 0.109300 0.000000 0.091000 0.089100 0.070700 0.089900 0.109100 0.070700 0.071700 0.109700 0.069200 0.017000 0.124300 0.000000 0.035500 0.129000 0.128500 0.088400 0.129100 0.090900 0.128300 0.153300 0.150400
HarveysDui 0.016700 0.148500 0.111200 0.115300 0.034300 0.016700 0.000000 0.033600 0.150700 0.091000 0.033800 0.071500 0.033800 0.069000 0.051800 0.066400 0.052100 0.052000 0.016700 0.089900 0.051100 0.016700 0.071100 0.149800 0.033700 0.049800 0.016700 0.130100 0.032900 0.090300 0.091000 0.000000 0.051900 0.016700 0.034000 0.089600 0.016700 0.016900 0.051800 0.167700 0.071400 0.066900 0.091000 0.093100 0.150600 0.069900 0.032900 0.069700 0.034500 0.108300 0.132800 0.130400
Pronghorn 0.051200 0.106200 0.108800 0.112600 0.069900 0.051200 0.051600 0.068700 0.147400 0.089100 0.068900 0.070100 0.068900 0.106200 0.088100 0.102300 0.051000 0.050900 0.051000 0.088000 0.087200 0.051200 0.069700 0.146700 0.068800 0.084800 0.051200 0.127300 0.068400 0.088400 0.089100 0.051900 0.000000 0.051200 0.069400 0.087600 0.051200 0.051900 0.087900 0.164300 0.069900 0.103100 0.089100 0.091200 0.147400 0.106200 0.068400 0.106600 0.070300 0.105900 0.129900 0.127500
BlueWildeb 0.000000 0.126300 0.089800 0.093200 0.016700 0.000000 0.016600 0.016400 0.127800 0.070700 0.016400 0.052000 0.016400 0.050600 0.033600 0.048700 0.033800 0.033700 0.000000 0.069800 0.033200 0.000000 0.051900 0.127300 0.016100 0.032300 0.000000 0.108100 0.016300 0.070100 0.070700 0.016700 0.051200 0.000000 0.016400 0.069600 0.000000 0.003100 0.033600 0.144500 0.052000 0.049000 0.070700 0.072300 0.127800 0.051000 0.016300 0.049900 0.016800 0.087700 0.110300 0.108500
Gemsbok 0.016600 0.107700 0.109600 0.074200 0.033900 0.016400 0.033800 0.033300 0.108900 0.089900 0.033400 0.070500 0.033300 0.033600 0.051200 0.066000 0.051500 0.051400 0.016500 0.088700 0.050600 0.016500 0.070300 0.108400 0.033000 0.049200 0.016500 0.128400 0.033100 0.089200 0.089900 0.034000 0.069400 0.016400 0.000000 0.088600 0.016500 0.029400 0.016700 0.165400 0.070600 0.066400 0.089900 0.091900 0.148700 0.069000 0.033100 0.068700 0.034100 0.107000 0.131000 0.128800
Yak 0.069600 0.145600 0.090700 0.113100 0.070100 0.069600 0.089000 0.087300 0.107600 0.109100 0.087900 0.052500 0.087800 0.126100 0.070600 0.084900 0.069300 0.069200 0.069400 0.070500 0.106300 0.069600 0.088700 0.168400 0.087800 0.103400 0.069600 0.109100 0.086900 0.070800 0.109100 0.089600 0.087600 0.069600 0.088600 0.000000 0.069600 0.079800 0.107600 0.186400 0.089000 0.122200 0.109100 0.111700 0.051900 0.086600 0.086900 0.088900 0.089600 0.126000 0.111400 0.109300
BlueSheep 0.000000 0.126300 0.089800 0.093200 0.016700 0.000000 0.016600 0.016400 0.127800 0.070700 0.016400 0.052000 0.016400 0.050600 0.033600 0.048700 0.033800 0.033700 0.000000 0.069800 0.033200 0.000000 0.051900 0.127300 0.016100 0.032300 0.000000 0.108100 0.016300 0.070100 0.070700 0.016700 0.051200 0.000000 0.016500 0.069600 0.000000 0.003100 0.033600 0.144500 0.052000 0.049000 0.070700 0.072300 0.127800 0.051000 0.016300 0.050700 0.016800 0.087700 0.110300 0.108500
BohorReedb 0.000100 0.138900 0.090900 0.094400 0.016900 0.003100 0.016800 0.016600 0.129600 0.071700 0.026400 0.062200 0.029300 0.051200 0.042600 0.049300 0.034200 0.034100 0.000100 0.070700 0.033600 0.003100 0.052600 0.129100 0.029200 0.032700 0.003100 0.109600 0.016500 0.071000 0.071700 0.016900 0.051900 0.003100 0.029400 0.079800 0.003100 0.000000 0.034000 0.146600 0.052800 0.049700 0.071700 0.073200 0.143300 0.051600 0.016500 0.066700 0.017000 0.088900 0.111700 0.109900
KirksDik 0.033600 0.127700 0.129600 0.094300 0.051500 0.033600 0.051400 0.016500 0.128900 0.109700 0.050800 0.089300 0.050900 0.000100 0.069200 0.049100 0.069600 0.069500 0.033500 0.107900 0.033400 0.033600 0.089300 0.128500 0.050700 0.032500 0.033600 0.148700 0.016400 0.108500 0.109700 0.051800 0.087900 0.033600 0.016700 0.107600 0.033600 0.034000 0.000000 0.186700 0.089600 0.049300 0.109700 0.112000 0.169900 0.087500 0.016400 0.069000 0.051800 0.126800 0.151600 0.149400
RoeDeer 0.144600 0.244800 0.211600 0.219800 0.167000 0.144500 0.166700 0.163400 0.254400 0.069200 0.164600 0.146900 0.164100 0.205900 0.187000 0.198700 0.144400 0.144200 0.144100 0.186200 0.164500 0.144500 0.086700 0.087000 0.164400 0.179400 0.144500 0.188200 0.162700 0.187100 0.069200 0.167700 0.164300 0.144500 0.165400 0.186400 0.144500 0.146600 0.186700 0.000000 0.086900 0.200300 0.069200 0.070900 0.207800 0.165500 0.162700 0.207200 0.167700 0.206500 0.236500 0.230800
WhiteLippe 0.052000 0.139800 0.109700 0.114400 0.071000 0.052000 0.070900 0.069700 0.148400 0.017000 0.070000 0.052700 0.070000 0.107800 0.089500 0.103800 0.051800 0.051700 0.051900 0.088800 0.070100 0.052000 0.000100 0.069800 0.070000 0.086000 0.052000 0.128500 0.069400 0.089200 0.017000 0.071400 0.069900 0.052000 0.070600 0.089000 0.052000 0.052800 0.089600 0.086900 0.000000 0.104400 0.017000 0.053300 0.108200 0.107900 0.069400 0.108400 0.071300 0.107800 0.131100 0.128800
ThomsonGaz 0.049000 0.180200 0.144800 0.149000 0.066800 0.049000 0.066700 0.032100 0.183900 0.124300 0.066000 0.104400 0.065900 0.064800 0.084300 0.063100 0.084800 0.084600 0.048900 0.123200 0.048800 0.049000 0.104100 0.182400 0.065900 0.015600 0.049000 0.163400 0.031900 0.123700 0.124300 0.066900 0.103100 0.049000 0.066400 0.122200 0.049000 0.049700 0.049300 0.200300 0.104400 0.000000 0.124300 0.127000 0.183300 0.102500 0.031900 0.101800 0.067200 0.140700 0.166600 0.163400
MuntiacusC 0.070700 0.162800 0.130900 0.136700 0.090600 0.070700 0.090400 0.088800 0.171000 0.000000 0.089300 0.071700 0.089200 0.128300 0.109700 0.123400 0.070500 0.070400 0.070500 0.108800 0.089300 0.070700 0.017000 0.052400 0.089200 0.105200 0.070700 0.110100 0.088400 0.109300 0.000000 0.091000 0.089100 0.070700 0.089900 0.109100 0.070700 0.071700 0.109700 0.069200 0.017000 0.124300 0.000000 0.035500 0.129000 0.128500 0.088400 0.129100 0.090900 0.128300 0.153300 0.150400
WhiteTaile 0.072300 0.166300 0.134300 0.139800 0.092800 0.072300 0.092500 0.090700 0.175000 0.035500 0.091200 0.073500 0.091100 0.130900 0.112200 0.125900 0.072100 0.072000 0.072000 0.111500 0.091200 0.072300 0.053100 0.053400 0.091200 0.107400 0.072300 0.112800 0.090200 0.112000 0.035500 0.093100 0.091200 0.072300 0.091900 0.111700 0.072300 0.073200 0.112000 0.070900 0.053300 0.127000 0.035500 0.000000 0.132000 0.131600 0.090200 0.131900 0.092700 0.131200 0.157200 0.153900
Cattle 0.127900 0.210400 0.131000 0.178900 0.128800 0.127800 0.149700 0.146600 0.147800 0.129000 0.147700 0.090700 0.147500 0.189200 0.129700 0.142400 0.127300 0.127200 0.127700 0.108900 0.167500 0.127800 0.107800 0.189400 0.147500 0.162700 0.127800 0.150300 0.145900 0.109400 0.129000 0.150600 0.147400 0.127800 0.148700 0.051900 0.127800 0.143300 0.169900 0.207800 0.108200 0.183300 0.129000 0.132000 0.000000 0.145300 0.145900 0.149300 0.150900 0.189200 0.153500 0.150300
RoyalAntel 0.050900 0.164900 0.149800 0.132800 0.051400 0.051000 0.069500 0.068200 0.166100 0.128500 0.068600 0.107900 0.068500 0.105400 0.087800 0.101500 0.087100 0.087300 0.050800 0.127100 0.086500 0.051000 0.107500 0.189100 0.068500 0.084300 0.051000 0.169100 0.067900 0.127700 0.128500 0.069900 0.106200 0.051000 0.069000 0.086600 0.051000 0.051600 0.087500 0.165500 0.107900 0.102500 0.128500 0.131600 0.145300 0.000000 0.067900 0.106100 0.070000 0.144700 0.172600 0.168900
Steenbok 0.016300 0.144300 0.108000 0.111700 0.033300 0.016300 0.033200 0.000000 0.146500 0.088400 0.032900 0.069300 0.032900 0.032900 0.050400 0.031700 0.050600 0.050500 0.016200 0.087500 0.016200 0.016300 0.069100 0.145400 0.032800 0.015800 0.016300 0.126400 0.000000 0.087900 0.088400 0.032900 0.068400 0.016300 0.033100 0.086900 0.016300 0.016500 0.016400 0.162700 0.069400 0.031900 0.088400 0.090200 0.145900 0.067900 0.000000 0.067800 0.033500 0.105200 0.128900 0.126800
Impala 0.050800 0.188500 0.110200 0.156200 0.069400 0.049800 0.069200 0.068100 0.149500 0.129100 0.068400 0.070900 0.068200 0.069000 0.051500 0.101300 0.087800 0.087700 0.050700 0.089200 0.086300 0.049900 0.108000 0.189700 0.068000 0.083900 0.050700 0.128900 0.067800 0.089600 0.129100 0.069700 0.106600 0.049900 0.068700 0.088900 0.050700 0.066700 0.069000 0.207200 0.108400 0.101800 0.129100 0.131900 0.149300 0.106100 0.067800 0.000000 0.069700 0.146200 0.131600 0.129500
Klipspring 0.016800 0.148500 0.110800 0.115300 0.034300 0.016800 0.034200 0.033600 0.150100 0.090900 0.030800 0.071500 0.033800 0.069300 0.051800 0.066700 0.052200 0.052100 0.016700 0.089700 0.047400 0.016800 0.071100 0.149100 0.031300 0.049800 0.016800 0.129700 0.033500 0.090100 0.090900 0.034500 0.070300 0.016800 0.034100 0.089600 0.016800 0.017000 0.051800 0.167700 0.071300 0.067200 0.090900 0.092700 0.150900 0.070000 0.033500 0.069700 0.000000 0.108400 0.132400 0.130000
ForestMusk 0.087700 0.186700 0.109000 0.133100 0.107800 0.087700 0.107600 0.105700 0.147600 0.128300 0.106300 0.107600 0.106200 0.145300 0.126800 0.139900 0.086900 0.087200 0.087500 0.088200 0.125100 0.087700 0.107400 0.188600 0.106100 0.121600 0.087700 0.127500 0.105200 0.088600 0.128300 0.108300 0.105900 0.087700 0.107000 0.126000 0.087700 0.088900 0.126800 0.206500 0.107800 0.140700 0.128300 0.131200 0.189200 0.144700 0.105200 0.146200 0.108400 0.000000 0.130100 0.127900
Bushbuck 0.110300 0.193400 0.017700 0.161200 0.132200 0.110300 0.131900 0.129500 0.091300 0.153300 0.130000 0.092600 0.129800 0.171900 0.112000 0.164900 0.110100 0.109900 0.110000 0.034200 0.130300 0.110300 0.130500 0.217000 0.129900 0.146400 0.110300 0.072300 0.128900 0.035200 0.153300 0.132800 0.129900 0.110300 0.131000 0.111400 0.110300 0.111700 0.151600 0.236500 0.131100 0.166600 0.153300 0.157200 0.153500 0.172600 0.128900 0.131600 0.132400 0.130100 0.000000 0.072100
GreaterKud 0.108500 0.212100 0.053100 0.180600 0.129800 0.108500 0.129500 0.127400 0.089600 0.150400 0.127800 0.090800 0.127700 0.169300 0.109900 0.162400 0.108000 0.107800 0.108200 0.034200 0.128200 0.108500 0.128200 0.212700 0.127600 0.143400 0.108500 0.070900 0.126800 0.034500 0.150400 0.130400 0.127500 0.108500 0.128800 0.109300 0.108500 0.109900 0.149400 0.230800 0.128800 0.163400 0.150400 0.153900 0.150300 0.168900 0.126800 0.129500 0.130000 0.127900 0.072100 0.000000
