CODONML (in paml version 4.10.7, June 2023)  /home/rachel/ruminants_paml/6406-phy-tree/ENSBTAT00000036467.fasta.phy
Model: free dN/dS Ratios for branches,  kappa = 2.000 fixed

Codon frequency model: F3x4
ns =  54  ls =  33

Codon usage in sequences
--------------------------------------------------------------------------------------------------------------------------------------
Phe TTT   0   0   0   0   0   0 | Ser TCT   2   2   2   2   3   1 | Tyr TAT   0   0   0   0   0   0 | Cys TGT   0   0   0   0   0   1
    TTC   0   0   0   0   0   0 |     TCC   1   1   2   1   0   1 |     TAC   0   0   0   0   0   0 |     TGC   2   2   2   2   2   2
Leu TTA   0   0   0   0   0   0 |     TCA   1   1   1   1   1   1 | *** TAA   0   0   0   0   0   0 | *** TGA   0   0   0   0   0   0
    TTG   0   0   0   0   0   0 |     TCG   0   0   0   0   0   0 |     TAG   0   0   0   0   0   0 | Trp TGG   1   1   1   1   1   1
--------------------------------------------------------------------------------------------------------------------------------------
Leu CTT   0   0   0   0   0   0 | Pro CCT   0   0   0   0   0   0 | His CAT   0   0   0   0   0   0 | Arg CGT   0   0   0   0   0   0
    CTC   0   1   0   0   0   0 |     CCC   3   2   2   3   3   3 |     CAC   0   0   0   0   0   0 |     CGC   0   1   0   0   0   0
    CTA   0   0   0   0   0   0 |     CCA   1   1   1   1   1   1 | Gln CAA   0   0   0   0   0   0 |     CGA   0   0   0   0   0   0
    CTG   3   2   3   3   3   3 |     CCG   0   0   0   0   0   0 |     CAG   1   1   1   1   1   1 |     CGG   0   0   0   0   0   0
--------------------------------------------------------------------------------------------------------------------------------------
Ile ATT   0   0   0   0   0   0 | Thr ACT   0   0   0   0   0   0 | Asn AAT   0   0   0   0   0   0 | Ser AGT   0   0   0   0   0   0
    ATC   0   0   0   0   0   0 |     ACC   0   0   0   0   0   0 |     AAC   0   0   0   0   0   0 |     AGC   4   4   4   4   4   4
    ATA   0   0   0   0   0   0 |     ACA   0   0   0   0   1   1 | Lys AAA   0   0   0   0   0   0 | Arg AGA   0   0   0   0   0   0
Met ATG   1   1   1   1   1   1 |     ACG   0   0   0   0   0   0 |     AAG   0   0   0   0   0   0 |     AGG   1   1   1   1   1   1
--------------------------------------------------------------------------------------------------------------------------------------
Val GTT   0   0   0   0   0   0 | Ala GCT   1   1   1   1   1   1 | Asp GAT   0   0   0   0   0   0 | Gly GGT   0   0   0   0   0   0
    GTC   1   1   1   1   1   1 |     GCC   4   3   4   4   4   4 |     GAC   0   0   0   0   0   0 |     GGC   1   1   1   1   1   1
    GTA   0   0   0   0   0   0 |     GCA   1   1   1   1   0   0 | Glu GAA   0   0   0   0   0   0 |     GGA   0   0   0   0   0   0
    GTG   3   3   3   3   3   3 |     GCG   0   1   0   0   0   0 |     GAG   0   0   0   0   0   0 |     GGG   1   1   1   1   1   1
--------------------------------------------------------------------------------------------------------------------------------------

--------------------------------------------------------------------------------------------------------------------------------------
Phe TTT   0   0   0   0   0   0 | Ser TCT   2   2   2   2   2   2 | Tyr TAT   0   0   0   0   0   0 | Cys TGT   0   0   0   0   0   0
    TTC   0   0   0   0   0   0 |     TCC   1   1   1   1   2   1 |     TAC   0   0   0   0   0   0 |     TGC   2   2   2   2   2   2
Leu TTA   0   0   0   0   0   0 |     TCA   1   1   1   1   1   1 | *** TAA   0   0   0   0   0   0 | *** TGA   0   0   0   0   0   0
    TTG   0   0   0   0   0   0 |     TCG   0   0   0   0   0   0 |     TAG   0   0   0   0   0   0 | Trp TGG   1   1   1   1   1   1
--------------------------------------------------------------------------------------------------------------------------------------
Leu CTT   0   0   0   0   0   0 | Pro CCT   0   0   0   0   0   0 | His CAT   0   0   0   0   0   0 | Arg CGT   0   0   0   0   0   0
    CTC   0   0   0   0   0   0 |     CCC   3   3   3   3   2   3 |     CAC   0   0   0   0   0   0 |     CGC   0   0   0   0   0   0
    CTA   0   0   0   0   0   0 |     CCA   1   1   1   1   1   1 | Gln CAA   0   0   0   0   0   0 |     CGA   0   0   0   0   0   0
    CTG   3   3   3   3   3   3 |     CCG   0   0   0   0   0   0 |     CAG   1   1   1   1   1   1 |     CGG   0   0   0   0   0   0
--------------------------------------------------------------------------------------------------------------------------------------
Ile ATT   0   0   0   0   0   0 | Thr ACT   0   0   0   0   0   0 | Asn AAT   0   0   0   0   0   0 | Ser AGT   0   0   0   0   0   0
    ATC   0   0   0   0   0   0 |     ACC   0   0   0   0   0   0 |     AAC   0   0   0   0   0   0 |     AGC   4   4   4   4   4   4
    ATA   0   0   0   0   0   0 |     ACA   0   0   0   0   0   0 | Lys AAA   0   0   0   0   0   0 | Arg AGA   0   0   0   0   0   0
Met ATG   1   1   1   1   1   1 |     ACG   0   0   0   0   0   0 |     AAG   0   0   0   0   0   0 |     AGG   1   1   1   1   1   1
--------------------------------------------------------------------------------------------------------------------------------------
Val GTT   0   0   0   0   0   0 | Ala GCT   1   1   1   1   1   1 | Asp GAT   0   0   0   0   0   0 | Gly GGT   1   0   0   0   0   0
    GTC   1   1   1   1   1   1 |     GCC   4   4   4   4   4   4 |     GAC   0   0   0   0   0   0 |     GGC   0   1   1   1   1   1
    GTA   0   0   0   0   0   0 |     GCA   1   1   1   1   1   1 | Glu GAA   0   0   0   0   0   0 |     GGA   0   0   0   0   0   0
    GTG   3   3   3   3   3   3 |     GCG   0   0   0   0   0   0 |     GAG   0   0   0   0   0   0 |     GGG   1   1   1   1   1   1
--------------------------------------------------------------------------------------------------------------------------------------

--------------------------------------------------------------------------------------------------------------------------------------
Phe TTT   0   0   0   0   0   0 | Ser TCT   2   2   2   2   2   2 | Tyr TAT   0   0   0   0   0   0 | Cys TGT   0   0   0   0   0   0
    TTC   0   0   0   0   0   0 |     TCC   1   1   1   1   2   1 |     TAC   0   0   0   0   0   0 |     TGC   2   2   2   2   2   2
Leu TTA   0   0   0   0   0   0 |     TCA   1   1   1   1   0   1 | *** TAA   0   0   0   0   0   0 | *** TGA   0   0   0   0   0   0
    TTG   0   0   0   0   0   0 |     TCG   0   0   0   0   1   0 |     TAG   0   0   0   0   0   0 | Trp TGG   1   1   1   1   1   1
--------------------------------------------------------------------------------------------------------------------------------------
Leu CTT   0   0   0   0   0   0 | Pro CCT   0   0   0   0   0   0 | His CAT   0   0   0   0   0   0 | Arg CGT   0   0   0   0   0   0
    CTC   0   0   0   0   0   0 |     CCC   3   3   3   3   2   3 |     CAC   0   0   0   0   0   0 |     CGC   0   0   0   0   0   0
    CTA   0   0   0   0   0   0 |     CCA   1   1   1   1   1   1 | Gln CAA   0   0   0   0   0   0 |     CGA   0   0   0   0   0   0
    CTG   3   3   3   3   3   3 |     CCG   0   0   0   0   0   0 |     CAG   1   1   1   1   1   1 |     CGG   0   0   0   0   0   0
--------------------------------------------------------------------------------------------------------------------------------------
Ile ATT   0   0   0   0   0   0 | Thr ACT   0   0   0   0   0   0 | Asn AAT   0   0   0   0   0   0 | Ser AGT   0   0   0   0   0   0
    ATC   0   0   0   0   0   0 |     ACC   0   0   0   0   0   0 |     AAC   0   0   0   0   0   0 |     AGC   4   4   4   4   4   4
    ATA   0   0   0   0   0   0 |     ACA   0   0   0   0   0   0 | Lys AAA   0   0   0   0   0   0 | Arg AGA   0   0   0   0   0   0
Met ATG   1   1   1   1   1   1 |     ACG   0   0   0   0   0   0 |     AAG   0   0   0   0   0   0 |     AGG   1   1   1   1   1   1
--------------------------------------------------------------------------------------------------------------------------------------
Val GTT   0   0   0   0   0   0 | Ala GCT   1   1   1   1   1   1 | Asp GAT   0   0   0   0   0   0 | Gly GGT   0   0   0   0   0   0
    GTC   1   1   1   1   1   1 |     GCC   4   4   4   4   4   4 |     GAC   0   0   0   0   0   0 |     GGC   1   1   1   1   1   1
    GTA   0   0   0   0   0   0 |     GCA   1   1   1   1   1   1 | Glu GAA   0   0   0   0   0   0 |     GGA   0   0   0   0   0   0
    GTG   3   3   3   3   3   3 |     GCG   0   0   0   0   0   0 |     GAG   0   0   0   0   0   0 |     GGG   1   1   1   1   1   1
--------------------------------------------------------------------------------------------------------------------------------------

--------------------------------------------------------------------------------------------------------------------------------------
Phe TTT   0   0   0   0   0   0 | Ser TCT   2   2   2   2   2   2 | Tyr TAT   0   0   0   0   0   0 | Cys TGT   0   0   0   0   0   0
    TTC   0   0   0   0   0   0 |     TCC   1   1   1   2   1   1 |     TAC   0   0   0   0   0   0 |     TGC   2   2   2   2   2   2
Leu TTA   0   0   0   0   0   0 |     TCA   1   1   1   1   1   1 | *** TAA   0   0   0   0   0   0 | *** TGA   0   0   0   0   0   0
    TTG   0   0   0   0   0   0 |     TCG   0   0   0   0   0   0 |     TAG   0   0   0   0   0   0 | Trp TGG   1   1   1   1   1   1
--------------------------------------------------------------------------------------------------------------------------------------
Leu CTT   0   0   0   0   0   0 | Pro CCT   0   0   0   0   0   0 | His CAT   0   0   0   0   0   0 | Arg CGT   0   0   0   0   0   0
    CTC   0   0   0   0   0   0 |     CCC   3   3   3   2   3   3 |     CAC   0   0   0   0   0   0 |     CGC   0   0   0   0   0   0
    CTA   0   0   0   0   0   0 |     CCA   1   1   1   1   1   1 | Gln CAA   0   0   0   0   0   0 |     CGA   0   0   0   0   0   0
    CTG   3   3   3   3   3   3 |     CCG   0   0   0   0   0   0 |     CAG   1   1   1   1   1   1 |     CGG   0   0   0   0   0   0
--------------------------------------------------------------------------------------------------------------------------------------
Ile ATT   0   0   0   0   0   0 | Thr ACT   0   0   0   0   0   0 | Asn AAT   0   0   0   0   0   0 | Ser AGT   0   0   0   0   0   0
    ATC   0   0   0   0   0   0 |     ACC   0   0   0   0   0   0 |     AAC   0   0   0   0   0   0 |     AGC   4   4   4   4   4   4
    ATA   0   0   0   0   0   0 |     ACA   0   0   0   0   0   0 | Lys AAA   0   0   0   0   0   0 | Arg AGA   0   0   0   0   0   0
Met ATG   1   1   1   1   1   1 |     ACG   0   0   0   0   0   0 |     AAG   0   0   0   0   0   0 |     AGG   1   1   1   1   1   1
--------------------------------------------------------------------------------------------------------------------------------------
Val GTT   0   0   0   0   0   0 | Ala GCT   1   1   1   1   1   1 | Asp GAT   0   0   0   0   0   0 | Gly GGT   0   0   0   0   0   0
    GTC   1   1   1   1   1   1 |     GCC   4   4   4   4   4   4 |     GAC   0   0   0   0   0   0 |     GGC   1   1   1   1   1   1
    GTA   0   0   0   0   0   0 |     GCA   1   1   1   1   1   1 | Glu GAA   0   0   0   0   0   0 |     GGA   0   0   0   0   0   0
    GTG   3   3   3   3   3   3 |     GCG   0   0   0   0   0   0 |     GAG   0   0   0   0   0   0 |     GGG   1   1   1   1   1   1
--------------------------------------------------------------------------------------------------------------------------------------

--------------------------------------------------------------------------------------------------------------------------------------
Phe TTT   0   0   0   0   0   0 | Ser TCT   2   2   2   2   2   3 | Tyr TAT   0   0   0   0   0   0 | Cys TGT   0   0   0   0   0   0
    TTC   0   0   0   0   0   0 |     TCC   1   1   1   1   1   1 |     TAC   0   0   0   0   0   0 |     TGC   2   2   2   2   2   2
Leu TTA   0   0   0   0   0   0 |     TCA   1   1   1   1   1   1 | *** TAA   0   0   0   0   0   0 | *** TGA   0   0   0   0   0   0
    TTG   0   0   0   0   0   0 |     TCG   0   0   0   0   0   0 |     TAG   0   0   0   0   0   0 | Trp TGG   1   1   1   1   1   1
--------------------------------------------------------------------------------------------------------------------------------------
Leu CTT   0   0   0   0   0   0 | Pro CCT   0   0   0   0   0   0 | His CAT   0   0   0   0   0   0 | Arg CGT   0   0   0   0   0   0
    CTC   0   0   0   0   0   0 |     CCC   3   3   3   3   3   2 |     CAC   0   0   0   0   0   0 |     CGC   0   0   0   0   0   0
    CTA   0   0   0   0   0   0 |     CCA   1   1   1   1   1   1 | Gln CAA   0   0   0   0   0   0 |     CGA   0   0   0   0   0   0
    CTG   3   3   3   3   3   3 |     CCG   0   0   0   0   0   0 |     CAG   1   1   1   1   1   1 |     CGG   0   0   0   0   0   0
--------------------------------------------------------------------------------------------------------------------------------------
Ile ATT   0   0   0   0   0   0 | Thr ACT   0   0   0   0   0   0 | Asn AAT   0   0   0   0   0   0 | Ser AGT   0   0   0   0   0   0
    ATC   0   0   0   0   0   0 |     ACC   0   0   0   0   0   0 |     AAC   0   0   0   0   0   0 |     AGC   4   4   4   4   4   4
    ATA   0   0   0   0   0   0 |     ACA   0   0   0   0   0   0 | Lys AAA   0   0   0   0   0   0 | Arg AGA   0   0   0   0   0   0
Met ATG   1   1   1   1   1   1 |     ACG   0   0   0   0   0   0 |     AAG   0   0   0   0   0   0 |     AGG   1   1   1   1   1   1
--------------------------------------------------------------------------------------------------------------------------------------
Val GTT   0   0   0   0   0   0 | Ala GCT   1   1   1   1   1   1 | Asp GAT   0   0   0   0   0   0 | Gly GGT   0   0   0   0   0   0
    GTC   1   1   1   1   1   1 |     GCC   4   4   4   4   4   4 |     GAC   0   0   0   0   0   0 |     GGC   1   1   1   1   1   1
    GTA   0   0   0   0   0   0 |     GCA   1   1   1   1   1   1 | Glu GAA   0   0   0   0   0   0 |     GGA   0   0   0   0   0   0
    GTG   3   3   3   3   3   3 |     GCG   0   0   0   0   0   0 |     GAG   0   0   0   0   0   0 |     GGG   1   1   1   1   1   1
--------------------------------------------------------------------------------------------------------------------------------------

--------------------------------------------------------------------------------------------------------------------------------------
Phe TTT   0   0   0   0   0   0 | Ser TCT   2   2   2   2   2   2 | Tyr TAT   0   0   0   0   0   0 | Cys TGT   0   0   0   0   0   0
    TTC   0   0   0   0   0   0 |     TCC   1   2   1   1   0   1 |     TAC   0   0   0   0   0   0 |     TGC   2   2   2   2   2   2
Leu TTA   0   0   0   0   0   0 |     TCA   1   1   1   1   1   1 | *** TAA   0   0   0   0   0   0 | *** TGA   0   0   0   0   0   0
    TTG   0   0   0   0   0   0 |     TCG   0   0   0   0   1   0 |     TAG   0   0   0   0   0   0 | Trp TGG   1   1   1   1   1   1
--------------------------------------------------------------------------------------------------------------------------------------
Leu CTT   0   0   0   0   0   0 | Pro CCT   0   0   0   0   0   0 | His CAT   0   0   0   0   0   0 | Arg CGT   0   0   0   0   0   0
    CTC   0   0   0   0   0   0 |     CCC   3   2   3   3   3   3 |     CAC   0   0   0   0   0   0 |     CGC   0   0   0   0   0   0
    CTA   0   0   0   0   0   0 |     CCA   1   1   1   1   1   1 | Gln CAA   0   0   0   0   0   0 |     CGA   0   0   0   0   0   0
    CTG   3   3   3   3   3   3 |     CCG   0   0   0   0   0   0 |     CAG   1   1   1   1   1   1 |     CGG   0   0   0   0   0   0
--------------------------------------------------------------------------------------------------------------------------------------
Ile ATT   0   0   0   0   0   0 | Thr ACT   0   0   0   0   0   0 | Asn AAT   0   0   0   0   0   0 | Ser AGT   0   0   0   1   0   0
    ATC   0   0   0   0   0   0 |     ACC   0   0   0   0   0   0 |     AAC   0   0   0   0   0   0 |     AGC   4   4   4   3   4   4
    ATA   0   0   0   0   0   0 |     ACA   0   0   0   0   0   0 | Lys AAA   0   0   0   0   0   0 | Arg AGA   0   0   0   0   0   0
Met ATG   1   1   1   1   1   1 |     ACG   0   0   0   0   0   0 |     AAG   0   0   0   0   0   0 |     AGG   1   1   1   1   1   1
--------------------------------------------------------------------------------------------------------------------------------------
Val GTT   0   0   0   0   0   0 | Ala GCT   1   1   1   1   1   1 | Asp GAT   0   0   0   0   0   0 | Gly GGT   0   0   0   0   0   0
    GTC   1   1   1   1   1   1 |     GCC   4   4   4   4   4   4 |     GAC   0   0   0   0   0   0 |     GGC   1   1   1   1   1   1
    GTA   0   0   0   0   0   0 |     GCA   1   1   1   1   1   1 | Glu GAA   0   0   0   0   0   0 |     GGA   0   0   0   0   0   0
    GTG   3   3   3   3   3   3 |     GCG   0   0   0   0   0   0 |     GAG   0   0   0   0   0   0 |     GGG   1   1   1   1   1   1
--------------------------------------------------------------------------------------------------------------------------------------

--------------------------------------------------------------------------------------------------------------------------------------
Phe TTT   0   0   0   0   0   0 | Ser TCT   2   2   2   2   2   2 | Tyr TAT   0   0   0   0   0   0 | Cys TGT   0   0   0   0   0   0
    TTC   0   0   0   0   0   0 |     TCC   1   1   1   1   1   1 |     TAC   0   0   0   0   0   0 |     TGC   2   2   2   2   2   2
Leu TTA   0   0   0   0   0   0 |     TCA   1   1   1   1   1   1 | *** TAA   0   0   0   0   0   0 | *** TGA   0   0   0   0   0   0
    TTG   0   0   0   0   0   0 |     TCG   0   0   0   0   0   0 |     TAG   0   0   0   0   0   0 | Trp TGG   1   1   1   1   1   1
--------------------------------------------------------------------------------------------------------------------------------------
Leu CTT   0   0   0   0   0   0 | Pro CCT   0   0   0   0   0   0 | His CAT   0   0   0   0   0   0 | Arg CGT   0   0   0   0   0   0
    CTC   0   0   0   0   0   0 |     CCC   3   3   3   3   3   3 |     CAC   0   0   0   0   0   0 |     CGC   0   0   0   0   0   0
    CTA   0   0   0   0   0   0 |     CCA   1   1   1   1   1   1 | Gln CAA   0   0   0   0   0   0 |     CGA   0   0   0   0   0   0
    CTG   3   3   3   3   3   3 |     CCG   0   0   0   0   0   0 |     CAG   1   1   1   1   1   1 |     CGG   0   0   0   0   0   0
--------------------------------------------------------------------------------------------------------------------------------------
Ile ATT   0   0   0   0   0   0 | Thr ACT   0   0   0   0   0   0 | Asn AAT   0   0   0   0   0   0 | Ser AGT   0   0   0   0   0   0
    ATC   0   0   0   0   0   0 |     ACC   0   0   0   0   0   0 |     AAC   0   0   0   0   0   0 |     AGC   4   4   4   4   4   4
    ATA   0   0   0   0   0   0 |     ACA   0   0   0   0   0   0 | Lys AAA   0   0   0   0   0   0 | Arg AGA   0   0   0   0   0   0
Met ATG   1   1   1   1   1   1 |     ACG   0   0   0   0   0   0 |     AAG   0   0   0   0   0   0 |     AGG   1   1   1   1   1   1
--------------------------------------------------------------------------------------------------------------------------------------
Val GTT   0   0   0   0   0   0 | Ala GCT   1   1   1   1   1   1 | Asp GAT   0   0   0   0   0   0 | Gly GGT   0   0   0   1   0   0
    GTC   1   1   1   1   1   1 |     GCC   4   4   4   4   4   4 |     GAC   0   0   0   0   0   0 |     GGC   1   1   1   0   1   1
    GTA   0   0   0   0   0   0 |     GCA   1   1   1   1   1   1 | Glu GAA   0   0   0   0   0   0 |     GGA   0   0   0   0   0   0
    GTG   3   3   3   3   3   3 |     GCG   0   0   0   0   0   0 |     GAG   0   0   0   0   0   0 |     GGG   1   1   1   1   1   1
--------------------------------------------------------------------------------------------------------------------------------------

--------------------------------------------------------------------------------------------------------------------------------------
Phe TTT   0   0   0   0   0   0 | Ser TCT   2   2   2   2   2   2 | Tyr TAT   0   0   0   0   0   0 | Cys TGT   0   0   0   0   0   0
    TTC   0   0   0   0   0   0 |     TCC   1   1   1   1   1   1 |     TAC   0   0   0   0   0   0 |     TGC   2   2   2   2   2   2
Leu TTA   0   0   0   0   0   0 |     TCA   1   1   1   1   1   1 | *** TAA   0   0   0   0   0   0 | *** TGA   0   0   0   0   0   0
    TTG   0   0   0   0   0   0 |     TCG   0   0   0   0   0   0 |     TAG   0   0   0   0   0   0 | Trp TGG   1   1   1   1   1   1
--------------------------------------------------------------------------------------------------------------------------------------
Leu CTT   0   0   0   0   0   0 | Pro CCT   0   0   0   0   0   0 | His CAT   0   0   0   0   0   0 | Arg CGT   0   0   0   0   0   0
    CTC   0   0   0   0   0   0 |     CCC   3   3   3   3   3   4 |     CAC   0   0   0   0   0   0 |     CGC   0   0   0   0   0   0
    CTA   0   0   0   0   0   0 |     CCA   1   1   1   1   1   1 | Gln CAA   0   0   0   0   0   0 |     CGA   0   0   0   0   0   0
    CTG   3   3   3   3   3   3 |     CCG   0   0   0   0   0   0 |     CAG   1   1   1   1   1   1 |     CGG   0   0   0   0   0   0
--------------------------------------------------------------------------------------------------------------------------------------
Ile ATT   0   0   0   0   0   0 | Thr ACT   0   0   0   0   0   0 | Asn AAT   0   0   0   0   0   0 | Ser AGT   0   0   0   0   0   0
    ATC   0   0   0   0   0   0 |     ACC   0   0   0   0   0   0 |     AAC   0   0   0   0   0   0 |     AGC   4   4   4   4   4   4
    ATA   0   0   0   0   0   0 |     ACA   0   0   0   0   0   0 | Lys AAA   0   0   0   0   0   0 | Arg AGA   0   0   0   0   0   0
Met ATG   1   1   1   1   1   1 |     ACG   0   0   0   0   0   0 |     AAG   0   0   0   0   0   0 |     AGG   1   1   1   1   1   1
--------------------------------------------------------------------------------------------------------------------------------------
Val GTT   0   0   0   0   0   0 | Ala GCT   1   1   1   1   1   1 | Asp GAT   0   0   0   0   0   0 | Gly GGT   0   0   0   0   0   0
    GTC   1   1   1   1   1   1 |     GCC   4   4   4   4   4   3 |     GAC   0   0   0   0   0   0 |     GGC   1   1   1   1   1   1
    GTA   0   0   0   0   0   0 |     GCA   1   1   1   1   1   1 | Glu GAA   0   0   0   0   0   0 |     GGA   0   0   0   0   0   0
    GTG   3   3   3   3   3   3 |     GCG   0   0   0   0   0   0 |     GAG   0   0   0   0   0   0 |     GGG   1   1   1   1   1   1
--------------------------------------------------------------------------------------------------------------------------------------

--------------------------------------------------------------------------------------------------------------------------------------
Phe TTT   0   0   0   0   0   0 | Ser TCT   2   2   2   2   2   2 | Tyr TAT   0   0   0   0   0   0 | Cys TGT   0   0   0   0   0   0
    TTC   0   0   0   0   0   0 |     TCC   1   0   1   1   2   2 |     TAC   0   0   0   0   0   0 |     TGC   2   2   2   2   2   2
Leu TTA   0   0   0   0   0   0 |     TCA   1   0   1   1   1   1 | *** TAA   0   0   0   0   0   0 | *** TGA   0   0   0   0   0   0
    TTG   0   0   0   0   0   0 |     TCG   0   2   0   0   0   0 |     TAG   0   0   0   0   0   0 | Trp TGG   1   1   1   1   1   1
--------------------------------------------------------------------------------------------------------------------------------------
Leu CTT   0   0   0   0   0   0 | Pro CCT   0   0   0   0   0   0 | His CAT   0   0   0   0   0   0 | Arg CGT   0   0   0   0   0   0
    CTC   0   0   0   0   0   0 |     CCC   3   3   3   3   2   2 |     CAC   0   0   0   0   0   0 |     CGC   0   0   0   0   0   0
    CTA   0   0   0   0   0   0 |     CCA   1   1   1   1   1   1 | Gln CAA   0   0   0   0   0   0 |     CGA   0   0   0   0   0   0
    CTG   3   3   3   3   3   3 |     CCG   0   0   0   0   0   0 |     CAG   1   1   1   1   1   1 |     CGG   0   0   0   0   0   0
--------------------------------------------------------------------------------------------------------------------------------------
Ile ATT   0   0   0   0   0   0 | Thr ACT   0   0   0   0   0   0 | Asn AAT   0   0   0   0   0   0 | Ser AGT   0   0   0   0   0   0
    ATC   0   0   0   0   0   0 |     ACC   0   0   0   0   0   0 |     AAC   0   0   0   0   0   0 |     AGC   4   4   4   4   4   4
    ATA   0   0   0   0   0   0 |     ACA   0   0   0   0   0   0 | Lys AAA   0   0   0   0   0   0 | Arg AGA   0   0   0   0   0   0
Met ATG   1   1   1   1   1   1 |     ACG   0   0   0   0   0   0 |     AAG   0   0   0   0   0   0 |     AGG   1   1   1   1   1   1
--------------------------------------------------------------------------------------------------------------------------------------
Val GTT   0   0   0   0   0   0 | Ala GCT   1   1   1   1   1   1 | Asp GAT   0   0   0   0   0   0 | Gly GGT   0   0   0   0   0   0
    GTC   1   1   1   1   1   1 |     GCC   4   4   4   4   4   4 |     GAC   0   0   0   0   0   0 |     GGC   1   1   1   1   1   1
    GTA   0   0   0   0   0   0 |     GCA   1   1   1   1   1   1 | Glu GAA   0   0   0   0   0   0 |     GGA   0   0   0   0   0   0
    GTG   3   3   3   3   3   3 |     GCG   0   0   0   0   0   0 |     GAG   0   0   0   0   0   0 |     GGG   1   1   1   1   1   1
--------------------------------------------------------------------------------------------------------------------------------------

Codon position x base (3x4) table for each sequence.

#1: Argali         
position  1:    T:0.21212    C:0.24242    A:0.18182    G:0.36364
position  2:    T:0.24242    C:0.42424    A:0.03030    G:0.30303
position  3:    T:0.09091    C:0.48485    A:0.09091    G:0.33333
Average         T:0.18182    C:0.38384    A:0.10101    G:0.33333

#2: LesserMouseDeer
position  1:    T:0.21212    C:0.24242    A:0.18182    G:0.36364
position  2:    T:0.24242    C:0.39394    A:0.03030    G:0.33333
position  3:    T:0.09091    C:0.48485    A:0.09091    G:0.33333
Average         T:0.18182    C:0.37374    A:0.10101    G:0.34343

#3: LesserKudu     
position  1:    T:0.24242    C:0.21212    A:0.18182    G:0.36364
position  2:    T:0.24242    C:0.42424    A:0.03030    G:0.30303
position  3:    T:0.09091    C:0.48485    A:0.09091    G:0.33333
Average         T:0.19192    C:0.37374    A:0.10101    G:0.33333

#4: ForestMuskDeer2
position  1:    T:0.21212    C:0.24242    A:0.18182    G:0.36364
position  2:    T:0.24242    C:0.42424    A:0.03030    G:0.30303
position  3:    T:0.09091    C:0.48485    A:0.09091    G:0.33333
Average         T:0.18182    C:0.38384    A:0.10101    G:0.33333

#5: Camel          
position  1:    T:0.21212    C:0.24242    A:0.21212    G:0.33333
position  2:    T:0.24242    C:0.42424    A:0.03030    G:0.30303
position  3:    T:0.12121    C:0.45455    A:0.09091    G:0.33333
Average         T:0.19192    C:0.37374    A:0.11111    G:0.32323

#6: KillerWhale    
position  1:    T:0.21212    C:0.24242    A:0.21212    G:0.33333
position  2:    T:0.24242    C:0.39394    A:0.03030    G:0.33333
position  3:    T:0.09091    C:0.48485    A:0.09091    G:0.33333
Average         T:0.18182    C:0.37374    A:0.11111    G:0.33333

#7: DefassaWaterbuck
position  1:    T:0.21212    C:0.24242    A:0.18182    G:0.36364
position  2:    T:0.24242    C:0.42424    A:0.03030    G:0.30303
position  3:    T:0.12121    C:0.45455    A:0.09091    G:0.33333
Average         T:0.19192    C:0.37374    A:0.10101    G:0.33333

#8: Sheep          
position  1:    T:0.21212    C:0.24242    A:0.18182    G:0.36364
position  2:    T:0.24242    C:0.42424    A:0.03030    G:0.30303
position  3:    T:0.09091    C:0.48485    A:0.09091    G:0.33333
Average         T:0.18182    C:0.38384    A:0.10101    G:0.33333

#9: MaxwellsDuiker 
position  1:    T:0.21212    C:0.24242    A:0.18182    G:0.36364
position  2:    T:0.24242    C:0.42424    A:0.03030    G:0.30303
position  3:    T:0.09091    C:0.48485    A:0.09091    G:0.33333
Average         T:0.18182    C:0.38384    A:0.10101    G:0.33333

#10: GazellaPrzewalskyi
position  1:    T:0.21212    C:0.24242    A:0.18182    G:0.36364
position  2:    T:0.24242    C:0.42424    A:0.03030    G:0.30303
position  3:    T:0.09091    C:0.48485    A:0.09091    G:0.33333
Average         T:0.18182    C:0.38384    A:0.10101    G:0.33333

#11: MountainNyala  
position  1:    T:0.24242    C:0.21212    A:0.18182    G:0.36364
position  2:    T:0.24242    C:0.42424    A:0.03030    G:0.30303
position  3:    T:0.09091    C:0.48485    A:0.09091    G:0.33333
Average         T:0.19192    C:0.37374    A:0.10101    G:0.33333

#12: MuntiacusMuntjak
position  1:    T:0.21212    C:0.24242    A:0.18182    G:0.36364
position  2:    T:0.24242    C:0.42424    A:0.03030    G:0.30303
position  3:    T:0.09091    C:0.48485    A:0.09091    G:0.33333
Average         T:0.18182    C:0.38384    A:0.10101    G:0.33333

#13: goat           
position  1:    T:0.21212    C:0.24242    A:0.18182    G:0.36364
position  2:    T:0.24242    C:0.42424    A:0.03030    G:0.30303
position  3:    T:0.09091    C:0.48485    A:0.09091    G:0.33333
Average         T:0.18182    C:0.38384    A:0.10101    G:0.33333

#14: AfricanBuffalo 
position  1:    T:0.21212    C:0.24242    A:0.18182    G:0.36364
position  2:    T:0.24242    C:0.42424    A:0.03030    G:0.30303
position  3:    T:0.09091    C:0.48485    A:0.09091    G:0.33333
Average         T:0.18182    C:0.38384    A:0.10101    G:0.33333

#15: Topi           
position  1:    T:0.21212    C:0.24242    A:0.18182    G:0.36364
position  2:    T:0.24242    C:0.42424    A:0.03030    G:0.30303
position  3:    T:0.09091    C:0.48485    A:0.09091    G:0.33333
Average         T:0.18182    C:0.38384    A:0.10101    G:0.33333

#16: CommonDuiker   
position  1:    T:0.21212    C:0.24242    A:0.18182    G:0.36364
position  2:    T:0.24242    C:0.42424    A:0.03030    G:0.30303
position  3:    T:0.09091    C:0.48485    A:0.09091    G:0.33333
Average         T:0.18182    C:0.38384    A:0.10101    G:0.33333

#17: Suni           
position  1:    T:0.24242    C:0.21212    A:0.18182    G:0.36364
position  2:    T:0.24242    C:0.42424    A:0.03030    G:0.30303
position  3:    T:0.09091    C:0.48485    A:0.06061    G:0.36364
Average         T:0.19192    C:0.37374    A:0.09091    G:0.34343

#18: Springbuck     
position  1:    T:0.21212    C:0.24242    A:0.18182    G:0.36364
position  2:    T:0.24242    C:0.42424    A:0.03030    G:0.30303
position  3:    T:0.09091    C:0.48485    A:0.09091    G:0.33333
Average         T:0.18182    C:0.38384    A:0.10101    G:0.33333

#19: Okapi          
position  1:    T:0.21212    C:0.24242    A:0.18182    G:0.36364
position  2:    T:0.24242    C:0.42424    A:0.03030    G:0.30303
position  3:    T:0.09091    C:0.48485    A:0.09091    G:0.33333
Average         T:0.18182    C:0.38384    A:0.10101    G:0.33333

#20: Giraffe        
position  1:    T:0.21212    C:0.24242    A:0.18182    G:0.36364
position  2:    T:0.24242    C:0.42424    A:0.03030    G:0.30303
position  3:    T:0.09091    C:0.48485    A:0.09091    G:0.33333
Average         T:0.18182    C:0.38384    A:0.10101    G:0.33333

#21: TibetanAntelope
position  1:    T:0.21212    C:0.24242    A:0.18182    G:0.36364
position  2:    T:0.24242    C:0.42424    A:0.03030    G:0.30303
position  3:    T:0.09091    C:0.48485    A:0.09091    G:0.33333
Average         T:0.18182    C:0.38384    A:0.10101    G:0.33333

#22: Sitatunga      
position  1:    T:0.24242    C:0.21212    A:0.18182    G:0.36364
position  2:    T:0.24242    C:0.42424    A:0.03030    G:0.30303
position  3:    T:0.09091    C:0.48485    A:0.09091    G:0.33333
Average         T:0.19192    C:0.37374    A:0.10101    G:0.33333

#23: Oribi          
position  1:    T:0.21212    C:0.24242    A:0.18182    G:0.36364
position  2:    T:0.24242    C:0.42424    A:0.03030    G:0.30303
position  3:    T:0.09091    C:0.48485    A:0.09091    G:0.33333
Average         T:0.18182    C:0.38384    A:0.10101    G:0.33333

#24: BarbarySheep   
position  1:    T:0.21212    C:0.24242    A:0.18182    G:0.36364
position  2:    T:0.24242    C:0.42424    A:0.03030    G:0.30303
position  3:    T:0.09091    C:0.48485    A:0.09091    G:0.33333
Average         T:0.18182    C:0.38384    A:0.10101    G:0.33333

#25: Daviddeer      
position  1:    T:0.21212    C:0.24242    A:0.18182    G:0.36364
position  2:    T:0.24242    C:0.42424    A:0.03030    G:0.30303
position  3:    T:0.09091    C:0.48485    A:0.09091    G:0.33333
Average         T:0.18182    C:0.38384    A:0.10101    G:0.33333

#26: Reindeer       
position  1:    T:0.21212    C:0.24242    A:0.18182    G:0.36364
position  2:    T:0.24242    C:0.42424    A:0.03030    G:0.30303
position  3:    T:0.09091    C:0.48485    A:0.09091    G:0.33333
Average         T:0.18182    C:0.38384    A:0.10101    G:0.33333

#27: Ibex           
position  1:    T:0.21212    C:0.24242    A:0.18182    G:0.36364
position  2:    T:0.24242    C:0.42424    A:0.03030    G:0.30303
position  3:    T:0.09091    C:0.48485    A:0.09091    G:0.33333
Average         T:0.18182    C:0.38384    A:0.10101    G:0.33333

#28: GyrantGazelle  
position  1:    T:0.21212    C:0.24242    A:0.18182    G:0.36364
position  2:    T:0.24242    C:0.42424    A:0.03030    G:0.30303
position  3:    T:0.09091    C:0.48485    A:0.09091    G:0.33333
Average         T:0.18182    C:0.38384    A:0.10101    G:0.33333

#29: Hartebeest     
position  1:    T:0.21212    C:0.24242    A:0.18182    G:0.36364
position  2:    T:0.24242    C:0.42424    A:0.03030    G:0.30303
position  3:    T:0.09091    C:0.48485    A:0.09091    G:0.33333
Average         T:0.18182    C:0.38384    A:0.10101    G:0.33333

#30: Bongo          
position  1:    T:0.24242    C:0.21212    A:0.18182    G:0.36364
position  2:    T:0.24242    C:0.42424    A:0.03030    G:0.30303
position  3:    T:0.12121    C:0.45455    A:0.09091    G:0.33333
Average         T:0.20202    C:0.36364    A:0.10101    G:0.33333

#31: Gerenuk        
position  1:    T:0.21212    C:0.24242    A:0.18182    G:0.36364
position  2:    T:0.24242    C:0.42424    A:0.03030    G:0.30303
position  3:    T:0.09091    C:0.48485    A:0.09091    G:0.33333
Average         T:0.18182    C:0.38384    A:0.10101    G:0.33333

#32: CommonEland    
position  1:    T:0.24242    C:0.21212    A:0.18182    G:0.36364
position  2:    T:0.24242    C:0.42424    A:0.03030    G:0.30303
position  3:    T:0.09091    C:0.48485    A:0.09091    G:0.33333
Average         T:0.19192    C:0.37374    A:0.10101    G:0.33333

#33: MuntiacusReevesi
position  1:    T:0.21212    C:0.24242    A:0.18182    G:0.36364
position  2:    T:0.24242    C:0.42424    A:0.03030    G:0.30303
position  3:    T:0.09091    C:0.48485    A:0.09091    G:0.33333
Average         T:0.18182    C:0.38384    A:0.10101    G:0.33333

#34: HarveysDuiker  
position  1:    T:0.21212    C:0.24242    A:0.18182    G:0.36364
position  2:    T:0.24242    C:0.42424    A:0.03030    G:0.30303
position  3:    T:0.12121    C:0.45455    A:0.09091    G:0.33333
Average         T:0.19192    C:0.37374    A:0.10101    G:0.33333

#35: Pronghorn      
position  1:    T:0.21212    C:0.24242    A:0.18182    G:0.36364
position  2:    T:0.24242    C:0.42424    A:0.03030    G:0.30303
position  3:    T:0.09091    C:0.45455    A:0.09091    G:0.36364
Average         T:0.18182    C:0.37374    A:0.10101    G:0.34343

#36: BlueWildebeest 
position  1:    T:0.21212    C:0.24242    A:0.18182    G:0.36364
position  2:    T:0.24242    C:0.42424    A:0.03030    G:0.30303
position  3:    T:0.09091    C:0.48485    A:0.09091    G:0.33333
Average         T:0.18182    C:0.38384    A:0.10101    G:0.33333

#37: Gemsbok        
position  1:    T:0.21212    C:0.24242    A:0.18182    G:0.36364
position  2:    T:0.24242    C:0.42424    A:0.03030    G:0.30303
position  3:    T:0.09091    C:0.48485    A:0.09091    G:0.33333
Average         T:0.18182    C:0.38384    A:0.10101    G:0.33333

#38: Yak            
position  1:    T:0.21212    C:0.24242    A:0.18182    G:0.36364
position  2:    T:0.24242    C:0.42424    A:0.03030    G:0.30303
position  3:    T:0.09091    C:0.48485    A:0.09091    G:0.33333
Average         T:0.18182    C:0.38384    A:0.10101    G:0.33333

#39: BlueSheep      
position  1:    T:0.21212    C:0.24242    A:0.18182    G:0.36364
position  2:    T:0.24242    C:0.42424    A:0.03030    G:0.30303
position  3:    T:0.09091    C:0.48485    A:0.09091    G:0.33333
Average         T:0.18182    C:0.38384    A:0.10101    G:0.33333

#40: BohorReedbuck  
position  1:    T:0.21212    C:0.24242    A:0.18182    G:0.36364
position  2:    T:0.24242    C:0.42424    A:0.03030    G:0.30303
position  3:    T:0.12121    C:0.45455    A:0.09091    G:0.33333
Average         T:0.19192    C:0.37374    A:0.10101    G:0.33333

#41: KirksDik       
position  1:    T:0.21212    C:0.24242    A:0.18182    G:0.36364
position  2:    T:0.24242    C:0.42424    A:0.03030    G:0.30303
position  3:    T:0.09091    C:0.48485    A:0.09091    G:0.33333
Average         T:0.18182    C:0.38384    A:0.10101    G:0.33333

#42: RoeDeer        
position  1:    T:0.21212    C:0.24242    A:0.18182    G:0.36364
position  2:    T:0.24242    C:0.42424    A:0.03030    G:0.30303
position  3:    T:0.09091    C:0.48485    A:0.09091    G:0.33333
Average         T:0.18182    C:0.38384    A:0.10101    G:0.33333

#43: WhiteLippedDeer
position  1:    T:0.21212    C:0.24242    A:0.18182    G:0.36364
position  2:    T:0.24242    C:0.42424    A:0.03030    G:0.30303
position  3:    T:0.09091    C:0.48485    A:0.09091    G:0.33333
Average         T:0.18182    C:0.38384    A:0.10101    G:0.33333

#44: ThomsonGazelle 
position  1:    T:0.21212    C:0.24242    A:0.18182    G:0.36364
position  2:    T:0.24242    C:0.42424    A:0.03030    G:0.30303
position  3:    T:0.09091    C:0.48485    A:0.09091    G:0.33333
Average         T:0.18182    C:0.38384    A:0.10101    G:0.33333

#45: MuntiacusCrinifrons
position  1:    T:0.21212    C:0.24242    A:0.18182    G:0.36364
position  2:    T:0.24242    C:0.42424    A:0.03030    G:0.30303
position  3:    T:0.09091    C:0.48485    A:0.09091    G:0.33333
Average         T:0.18182    C:0.38384    A:0.10101    G:0.33333

#46: WhiteTailedDeer
position  1:    T:0.21212    C:0.24242    A:0.18182    G:0.36364
position  2:    T:0.24242    C:0.42424    A:0.03030    G:0.30303
position  3:    T:0.09091    C:0.48485    A:0.09091    G:0.33333
Average         T:0.18182    C:0.38384    A:0.10101    G:0.33333

#47: Cattle         
position  1:    T:0.21212    C:0.24242    A:0.18182    G:0.36364
position  2:    T:0.24242    C:0.42424    A:0.03030    G:0.30303
position  3:    T:0.09091    C:0.48485    A:0.09091    G:0.33333
Average         T:0.18182    C:0.38384    A:0.10101    G:0.33333

#48: RoyalAntelope  
position  1:    T:0.21212    C:0.27273    A:0.18182    G:0.33333
position  2:    T:0.24242    C:0.42424    A:0.03030    G:0.30303
position  3:    T:0.09091    C:0.48485    A:0.09091    G:0.33333
Average         T:0.18182    C:0.39394    A:0.10101    G:0.32323

#49: Steenbok       
position  1:    T:0.21212    C:0.24242    A:0.18182    G:0.36364
position  2:    T:0.24242    C:0.42424    A:0.03030    G:0.30303
position  3:    T:0.09091    C:0.48485    A:0.09091    G:0.33333
Average         T:0.18182    C:0.38384    A:0.10101    G:0.33333

#50: Impala         
position  1:    T:0.21212    C:0.24242    A:0.18182    G:0.36364
position  2:    T:0.24242    C:0.42424    A:0.03030    G:0.30303
position  3:    T:0.09091    C:0.45455    A:0.06061    G:0.39394
Average         T:0.18182    C:0.37374    A:0.09091    G:0.35354

#51: Klipspringer   
position  1:    T:0.21212    C:0.24242    A:0.18182    G:0.36364
position  2:    T:0.24242    C:0.42424    A:0.03030    G:0.30303
