CODONML (in paml version 4.10.7, June 2023)  /home/rachel/ruminants_paml/6406-phy-tree/ENSBTAT00000060989.fasta.phy
Model: free dN/dS Ratios for branches,  kappa = 2.000 fixed

Codon frequency model: F3x4
ns =  54  ls =  52

Codon usage in sequences
--------------------------------------------------------------------------------------------------------------------------------------
Phe TTT   0   0   0   0   0   0 | Ser TCT   0   0   0   0   0   0 | Tyr TAT   1   1   1   1   1   1 | Cys TGT   1   1   1   1   0   1
    TTC   0   0   0   0   0   0 |     TCC   1   1   1   1   1   1 |     TAC   0   0   0   0   0   0 |     TGC   0   0   0   0   1   0
Leu TTA   3   3   3   3   3   3 |     TCA   1   1   1   1   1   1 | *** TAA   0   0   0   0   0   0 | *** TGA   0   0   0   0   0   0
    TTG   0   0   0   0   0   1 |     TCG   0   0   0   0   0   0 |     TAG   0   0   0   0   0   0 | Trp TGG   0   0   0   0   0   0
--------------------------------------------------------------------------------------------------------------------------------------
Leu CTT   0   0   0   0   0   0 | Pro CCT   0   0   0   0   0   0 | His CAT   0   0   0   0   0   0 | Arg CGT   0   0   0   0   0   0
    CTC   0   0   0   0   0   0 |     CCC   1   1   1   1   1   1 |     CAC   0   0   0   0   0   0 |     CGC   0   0   0   0   0   0
    CTA   1   1   1   1   0   0 |     CCA   1   1   1   1   1   1 | Gln CAA   0   0   0   0   0   1 |     CGA   0   0   0   0   0   0
    CTG   2   2   2   2   2   2 |     CCG   0   0   0   0   0   0 |     CAG   2   2   2   2   2   1 |     CGG   0   0   0   0   1   0
--------------------------------------------------------------------------------------------------------------------------------------
Ile ATT   4   3   4   4   4   4 | Thr ACT   1   1   1   1   1   1 | Asn AAT   1   1   1   1   1   1 | Ser AGT   0   0   0   0   0   0
    ATC   2   2   2   2   2   2 |     ACC   0   0   0   0   0   0 |     AAC   0   0   0   0   0   0 |     AGC   1   1   1   1   1   1
    ATA   1   1   1   1   1   1 |     ACA   1   1   1   1   1   1 | Lys AAA   1   1   0   1   0   1 | Arg AGA   2   2   2   2   1   2
Met ATG   3   3   3   3   2   2 |     ACG   0   0   0   0   0   0 |     AAG   2   3   4   3   3   3 |     AGG   2   2   2   2   3   2
--------------------------------------------------------------------------------------------------------------------------------------
Val GTT   1   2   1   1   1   2 | Ala GCT   1   1   1   2   1   1 | Asp GAT   0   0   0   0   0   0 | Gly GGT   1   1   1   1   1   1
    GTC   1   1   1   1   1   1 |     GCC   2   1   2   1   2   1 |     GAC   0   0   0   0   0   0 |     GGC   0   0   0   0   0   0
    GTA   0   0   0   0   0   0 |     GCA   1   1   1   1   1   1 | Glu GAA   3   3   3   3   4   3 |     GGA   2   1   2   2   2   2
    GTG   2   3   2   2   3   3 |     GCG   0   0   0   0   0   0 |     GAG   2   2   1   1   1   1 |     GGG   1   1   1   1   1   1
--------------------------------------------------------------------------------------------------------------------------------------

--------------------------------------------------------------------------------------------------------------------------------------
Phe TTT   0   0   0   0   0   0 | Ser TCT   0   0   0   0   0   0 | Tyr TAT   1   1   1   1   1   1 | Cys TGT   1   1   1   1   1   1
    TTC   0   0   0   0   0   0 |     TCC   1   1   1   1   1   1 |     TAC   0   0   0   0   0   0 |     TGC   0   0   0   0   0   0
Leu TTA   3   3   3   3   3   3 |     TCA   1   1   1   1   1   1 | *** TAA   0   0   0   0   0   0 | *** TGA   0   0   0   0   0   0
    TTG   0   0   0   0   0   0 |     TCG   0   0   0   0   0   0 |     TAG   0   0   0   0   0   0 | Trp TGG   0   0   0   0   0   0
--------------------------------------------------------------------------------------------------------------------------------------
Leu CTT   0   0   0   0   0   0 | Pro CCT   0   0   0   0   0   0 | His CAT   0   0   0   0   0   0 | Arg CGT   0   0   0   0   0   0
    CTC   0   0   0   0   0   0 |     CCC   1   1   1   1   1   1 |     CAC   0   0   0   0   0   0 |     CGC   0   0   0   0   0   0
    CTA   1   1   1   1   1   1 |     CCA   1   1   1   1   1   1 | Gln CAA   0   0   0   0   0   0 |     CGA   0   0   0   0   0   0
    CTG   2   2   2   2   2   2 |     CCG   0   0   0   0   0   0 |     CAG   2   2   2   2   2   2 |     CGG   0   0   0   0   0   0
--------------------------------------------------------------------------------------------------------------------------------------
Ile ATT   4   4   4   4   4   5 | Thr ACT   1   1   1   1   1   0 | Asn AAT   1   1   1   1   1   1 | Ser AGT   0   0   0   0   0   0
    ATC   2   2   2   2   2   2 |     ACC   0   0   0   0   0   0 |     AAC   0   0   0   0   0   0 |     AGC   1   1   1   1   1   1
    ATA   1   1   1   1   1   1 |     ACA   1   1   1   1   1   1 | Lys AAA   1   1   1   1   0   1 | Arg AGA   2   2   2   2   2   2
Met ATG   3   3   3   3   3   3 |     ACG   0   0   0   0   0   0 |     AAG   2   2   3   3   4   3 |     AGG   2   2   2   2   2   2
--------------------------------------------------------------------------------------------------------------------------------------
Val GTT   1   1   1   1   1   1 | Ala GCT   1   2   2   1   1   1 | Asp GAT   0   0   0   0   0   0 | Gly GGT   1   1   1   1   1   1
    GTC   1   1   1   1   1   1 |     GCC   2   1   1   2   2   2 |     GAC   0   0   0   0   0   0 |     GGC   0   0   0   0   0   0
    GTA   0   0   0   0   0   0 |     GCA   1   1   1   1   1   1 | Glu GAA   3   3   3   3   3   3 |     GGA   2   2   2   2   2   2
    GTG   2   2   2   2   2   2 |     GCG   0   0   0   0   0   0 |     GAG   2   2   1   1   1   1 |     GGG   1   1   1   1   1   1
--------------------------------------------------------------------------------------------------------------------------------------

--------------------------------------------------------------------------------------------------------------------------------------
Phe TTT   0   0   0   0   0   0 | Ser TCT   0   0   0   1   0   0 | Tyr TAT   1   1   1   1   1   1 | Cys TGT   1   1   1   1   1   1
    TTC   0   0   0   0   0   0 |     TCC   1   1   1   1   1   1 |     TAC   0   0   0   0   0   0 |     TGC   0   0   0   0   0   0
Leu TTA   3   3   3   3   3   3 |     TCA   1   1   1   1   1   1 | *** TAA   0   0   0   0   0   0 | *** TGA   0   0   0   0   0   0
    TTG   0   0   0   0   0   0 |     TCG   0   0   0   0   0   0 |     TAG   0   0   0   0   0   0 | Trp TGG   0   0   0   0   0   0
--------------------------------------------------------------------------------------------------------------------------------------
Leu CTT   0   0   0   0   0   0 | Pro CCT   0   0   0   0   0   0 | His CAT   0   0   0   0   0   0 | Arg CGT   0   0   0   0   0   0
    CTC   0   0   0   0   0   0 |     CCC   1   1   1   1   1   1 |     CAC   0   0   0   0   0   0 |     CGC   0   0   0   0   0   0
    CTA   1   0   1   1   1   1 |     CCA   1   1   1   1   1   1 | Gln CAA   0   0   0   0   1   0 |     CGA   0   0   0   0   0   0
    CTG   2   3   2   2   2   2 |     CCG   0   0   0   0   0   0 |     CAG   2   2   2   2   1   2 |     CGG   0   0   0   0   0   0
--------------------------------------------------------------------------------------------------------------------------------------
Ile ATT   4   4   4   4   5   5 | Thr ACT   1   1   1   1   1   0 | Asn AAT   1   1   1   1   1   1 | Ser AGT   0   0   0   0   0   0
    ATC   2   2   2   2   2   2 |     ACC   0   0   0   0   0   0 |     AAC   0   0   0   0   0   0 |     AGC   1   1   1   1   1   1
    ATA   1   1   1   1   1   1 |     ACA   1   1   1   1   1   1 | Lys AAA   1   0   1   1   1   1 | Arg AGA   2   2   2   2   2   2
Met ATG   3   3   3   3   3   3 |     ACG   0   0   0   0   0   0 |     AAG   2   4   2   3   3   3 |     AGG   2   2   2   2   2   2
--------------------------------------------------------------------------------------------------------------------------------------
Val GTT   1   1   1   1   0   1 | Ala GCT   1   1   2   0   2   1 | Asp GAT   0   0   0   0   0   0 | Gly GGT   1   1   1   1   1   1
    GTC   1   1   1   1   1   1 |     GCC   2   2   1   2   1   2 |     GAC   0   0   0   0   0   0 |     GGC   0   0   0   0   0   0
    GTA   0   0   0   0   0   0 |     GCA   1   1   1   1   1   1 | Glu GAA   3   4   3   3   3   4 |     GGA   2   1   2   2   2   2
    GTG   2   2   2   2   2   2 |     GCG   0   0   0   0   0   0 |     GAG   2   1   2   1   1   0 |     GGG   1   1   1   1   1   1
--------------------------------------------------------------------------------------------------------------------------------------

--------------------------------------------------------------------------------------------------------------------------------------
Phe TTT   0   0   0   0   0   0 | Ser TCT   0   0   0   0   0   0 | Tyr TAT   1   1   1   1   1   1 | Cys TGT   1   1   1   1   1   1
    TTC   0   0   0   0   0   0 |     TCC   1   1   1   1   1   1 |     TAC   0   0   0   0   0   0 |     TGC   0   0   0   0   0   0
Leu TTA   3   3   3   3   3   3 |     TCA   1   1   1   1   1   1 | *** TAA   0   0   0   0   0   0 | *** TGA   0   0   0   0   0   0
    TTG   0   0   0   0   0   0 |     TCG   0   0   0   0   0   0 |     TAG   0   0   0   0   0   0 | Trp TGG   0   0   0   0   0   0
--------------------------------------------------------------------------------------------------------------------------------------
Leu CTT   0   0   0   0   0   0 | Pro CCT   0   0   0   0   0   0 | His CAT   0   0   0   0   0   0 | Arg CGT   0   0   0   0   0   0
    CTC   0   0   0   0   0   0 |     CCC   1   1   1   1   1   1 |     CAC   0   0   0   0   0   0 |     CGC   0   0   0   0   0   0
    CTA   1   1   1   1   1   1 |     CCA   1   1   1   1   1   1 | Gln CAA   0   0   0   0   0   0 |     CGA   0   0   0   0   0   0
    CTG   2   2   2   2   2   2 |     CCG   0   0   0   0   0   0 |     CAG   2   2   2   2   2   2 |     CGG   0   0   0   0   0   0
--------------------------------------------------------------------------------------------------------------------------------------
Ile ATT   4   4   4   4   4   4 | Thr ACT   1   1   1   1   1   1 | Asn AAT   1   1   1   1   1   1 | Ser AGT   0   0   0   0   0   0
    ATC   2   2   2   2   2   2 |     ACC   0   0   0   0   0   0 |     AAC   0   0   0   0   0   0 |     AGC   1   1   1   1   1   1
    ATA   1   1   1   1   1   1 |     ACA   1   1   1   1   1   1 | Lys AAA   1   1   1   0   1   1 | Arg AGA   2   2   2   2   2   2
Met ATG   3   3   3   3   3   3 |     ACG   0   0   0   0   0   0 |     AAG   3   3   2   4   3   2 |     AGG   2   2   2   2   2   2
--------------------------------------------------------------------------------------------------------------------------------------
Val GTT   1   1   1   1   1   1 | Ala GCT   2   2   1   1   1   1 | Asp GAT   0   0   0   0   0   0 | Gly GGT   1   1   1   1   1   1
    GTC   1   1   1   1   1   1 |     GCC   1   1   2   2   2   2 |     GAC   0   0   0   0   0   0 |     GGC   0   0   0   0   0   0
    GTA   0   0   0   0   0   0 |     GCA   1   1   1   1   1   1 | Glu GAA   3   3   3   3   3   3 |     GGA   2   2   2   2   2   2
    GTG   1   1   2   2   2   2 |     GCG   1   1   0   0   0   0 |     GAG   1   1   2   1   1   2 |     GGG   1   1   1   1   1   1
--------------------------------------------------------------------------------------------------------------------------------------

--------------------------------------------------------------------------------------------------------------------------------------
Phe TTT   0   0   0   0   0   0 | Ser TCT   0   0   0   0   0   0 | Tyr TAT   1   1   1   1   1   1 | Cys TGT   1   1   1   1   1   1
    TTC   0   0   0   0   0   0 |     TCC   1   1   1   1   1   1 |     TAC   0   0   0   0   0   0 |     TGC   0   0   0   0   0   0
Leu TTA   3   3   3   3   3   3 |     TCA   1   1   1   1   1   1 | *** TAA   0   0   0   0   0   0 | *** TGA   0   0   0   0   0   0
    TTG   0   0   0   0   0   0 |     TCG   0   0   0   0   0   0 |     TAG   0   0   0   0   0   0 | Trp TGG   0   0   0   0   0   0
--------------------------------------------------------------------------------------------------------------------------------------
Leu CTT   0   0   0   0   0   0 | Pro CCT   0   0   0   0   0   0 | His CAT   0   0   0   0   0   0 | Arg CGT   0   0   0   0   0   0
    CTC   0   0   0   0   0   0 |     CCC   1   1   1   1   1   1 |     CAC   0   0   0   0   0   0 |     CGC   0   0   0   0   0   0
    CTA   1   1   1   1   1   1 |     CCA   1   1   1   1   1   1 | Gln CAA   0   0   0   0   0   0 |     CGA   0   0   0   0   0   0
    CTG   2   2   2   2   2   2 |     CCG   0   0   0   0   0   0 |     CAG   2   2   2   2   2   2 |     CGG   0   0   0   0   0   0
--------------------------------------------------------------------------------------------------------------------------------------
Ile ATT   5   4   4   4   4   4 | Thr ACT   0   0   1   1   1   1 | Asn AAT   1   1   1   1   1   1 | Ser AGT   0   0   0   0   0   0
    ATC   2   2   2   2   2   2 |     ACC   0   0   0   0   0   0 |     AAC   0   0   0   0   0   0 |     AGC   1   1   1   1   1   1
    ATA   1   1   1   1   1   1 |     ACA   1   1   1   1   1   1 | Lys AAA   1   1   1   1   1   0 | Arg AGA   2   2   2   2   2   2
Met ATG   3   3   3   3   3   3 |     ACG   0   0   0   0   0   0 |     AAG   3   3   2   3   2   4 |     AGG   2   2   2   2   2   2
--------------------------------------------------------------------------------------------------------------------------------------
Val GTT   1   2   1   1   1   1 | Ala GCT   1   2   1   1   2   1 | Asp GAT   0   0   0   0   0   0 | Gly GGT   1   1   1   1   1   1
    GTC   1   1   1   1   1   1 |     GCC   2   1   2   2   1   2 |     GAC   0   0   0   0   0   0 |     GGC   0   0   0   0   0   0
    GTA   0   0   0   0   0   0 |     GCA   1   1   1   1   1   1 | Glu GAA   3   3   3   3   3   3 |     GGA   2   2   2   2   2   2
    GTG   2   2   2   2   2   2 |     GCG   0   0   0   0   0   0 |     GAG   1   1   2   1   2   1 |     GGG   1   1   1   1   1   1
--------------------------------------------------------------------------------------------------------------------------------------

--------------------------------------------------------------------------------------------------------------------------------------
Phe TTT   0   0   0   0   0   0 | Ser TCT   0   0   0   0   0   0 | Tyr TAT   1   1   1   1   1   1 | Cys TGT   1   1   1   1   1   1
    TTC   0   0   0   0   0   0 |     TCC   1   1   1   1   1   1 |     TAC   0   0   0   0   0   0 |     TGC   0   0   0   0   0   0
Leu TTA   3   3   3   3   3   3 |     TCA   1   1   1   1   1   1 | *** TAA   0   0   0   0   0   0 | *** TGA   0   0   0   0   0   0
    TTG   0   0   0   0   0   0 |     TCG   0   0   0   0   0   0 |     TAG   0   0   0   0   0   0 | Trp TGG   0   0   0   0   0   0
--------------------------------------------------------------------------------------------------------------------------------------
Leu CTT   0   0   0   0   0   0 | Pro CCT   0   0   0   0   0   0 | His CAT   0   0   0   0   0   0 | Arg CGT   0   0   0   0   0   0
    CTC   0   0   0   0   0   0 |     CCC   1   1   1   1   1   1 |     CAC   0   0   0   0   0   0 |     CGC   0   0   0   0   0   0
    CTA   1   1   1   1   1   1 |     CCA   1   1   1   1   1   1 | Gln CAA   0   0   0   0   0   0 |     CGA   0   0   0   0   0   0
    CTG   2   2   2   2   2   2 |     CCG   0   0   0   0   0   0 |     CAG   2   2   2   2   2   2 |     CGG   0   0   0   0   0   0
--------------------------------------------------------------------------------------------------------------------------------------
Ile ATT   5   4   5   4   4   4 | Thr ACT   0   1   0   1   1   1 | Asn AAT   1   1   1   1   1   1 | Ser AGT   0   0   0   0   0   0
    ATC   2   2   2   2   2   2 |     ACC   0   0   0   0   0   0 |     AAC   0   0   0   0   0   0 |     AGC   1   1   1   1   1   1
    ATA   1   1   1   1   1   1 |     ACA   1   1   1   1   1   1 | Lys AAA   1   0   1   1   1   1 | Arg AGA   2   2   2   2   1   2
Met ATG   3   3   3   3   3   3 |     ACG   0   0   0   0   0   0 |     AAG   3   4   3   3   3   2 |     AGG   2   2   2   2   3   2
--------------------------------------------------------------------------------------------------------------------------------------
Val GTT   1   1   1   1   1   1 | Ala GCT   1   1   1   1   2   2 | Asp GAT   0   0   0   0   0   0 | Gly GGT   1   1   1   1   1   1
    GTC   1   1   1   1   1   1 |     GCC   2   2   2   2   1   1 |     GAC   0   0   0   0   0   0 |     GGC   0   0   0   0   0   0
    GTA   0   0   0   0   0   0 |     GCA   1   1   1   1   1   1 | Glu GAA   4   4   3   3   3   3 |     GGA   2   3   2   2   2   2
    GTG   2   2   2   2   2   2 |     GCG   0   0   0   0   0   0 |     GAG   0   0   1   1   1   2 |     GGG   1   0   1   1   1   1
--------------------------------------------------------------------------------------------------------------------------------------

--------------------------------------------------------------------------------------------------------------------------------------
Phe TTT   0   0   0   0   0   0 | Ser TCT   0   0   0   0   0   0 | Tyr TAT   1   1   1   1   1   1 | Cys TGT   1   1   1   1   1   1
    TTC   0   0   0   0   0   0 |     TCC   1   1   1   1   1   1 |     TAC   0   0   0   0   0   0 |     TGC   0   0   0   0   0   0
Leu TTA   3   3   3   3   3   3 |     TCA   1   1   1   1   1   1 | *** TAA   0   0   0   0   0   0 | *** TGA   0   0   0   0   0   0
    TTG   0   0   0   0   0   0 |     TCG   0   0   0   0   0   0 |     TAG   0   0   0   0   0   0 | Trp TGG   0   0   0   0   0   0
--------------------------------------------------------------------------------------------------------------------------------------
Leu CTT   0   0   0   0   0   0 | Pro CCT   0   0   0   0   0   0 | His CAT   0   0   0   0   0   0 | Arg CGT   0   0   0   0   0   0
    CTC   0   0   0   0   0   0 |     CCC   1   1   1   1   1   1 |     CAC   0   0   0   0   0   0 |     CGC   0   0   0   0   0   0
    CTA   1   1   1   1   1   1 |     CCA   1   1   1   1   1   1 | Gln CAA   0   0   0   0   0   0 |     CGA   0   0   0   0   0   0
    CTG   2   2   2   2   2   2 |     CCG   0   0   0   0   0   0 |     CAG   2   2   2   2   2   2 |     CGG   0   0   0   0   0   0
--------------------------------------------------------------------------------------------------------------------------------------
Ile ATT   4   4   4   4   4   5 | Thr ACT   1   1   1   1   1   0 | Asn AAT   1   1   1   1   1   1 | Ser AGT   0   0   0   0   0   0
    ATC   2   2   2   2   2   2 |     ACC   0   0   0   0   0   0 |     AAC   0   0   0   0   0   0 |     AGC   1   1   1   1   1   1
    ATA   1   1   1   1   1   1 |     ACA   1   1   1   1   1   1 | Lys AAA   1   0   1   1   2   1 | Arg AGA   2   2   2   2   2   2
Met ATG   3   3   3   3   3   3 |     ACG   0   0   0   0   0   0 |     AAG   2   4   2   2   2   3 |     AGG   2   2   2   2   2   2
--------------------------------------------------------------------------------------------------------------------------------------
Val GTT   1   1   1   1   1   1 | Ala GCT   1   1   1   1   3   1 | Asp GAT   0   0   0   0   0   0 | Gly GGT   1   1   1   1   1   1
    GTC   1   1   1   1   1   1 |     GCC   2   2   2   2   0   2 |     GAC   0   0   0   0   0   0 |     GGC   0   0   0   0   0   0
    GTA   0   0   0   0   0   0 |     GCA   1   1   1   1   1   1 | Glu GAA   3   3   3   3   3   3 |     GGA   2   2   2   2   2   2
    GTG   2   2   2   2   2   2 |     GCG   0   0   0   0   0   0 |     GAG   2   1   2   2   1   1 |     GGG   1   1   1   1   1   1
--------------------------------------------------------------------------------------------------------------------------------------

--------------------------------------------------------------------------------------------------------------------------------------
Phe TTT   0   0   0   0   0   0 | Ser TCT   0   0   0   0   0   0 | Tyr TAT   1   1   1   1   1   1 | Cys TGT   1   1   1   1   1   1
    TTC   0   0   0   0   0   0 |     TCC   1   1   1   1   1   1 |     TAC   0   0   0   0   0   0 |     TGC   0   0   0   0   0   0
Leu TTA   3   3   3   3   3   3 |     TCA   1   1   1   1   1   1 | *** TAA   0   0   0   0   0   0 | *** TGA   0   0   0   0   0   0
    TTG   0   0   0   0   0   0 |     TCG   0   0   0   0   0   0 |     TAG   0   0   0   0   0   0 | Trp TGG   0   0   0   0   0   0
--------------------------------------------------------------------------------------------------------------------------------------
Leu CTT   0   0   0   0   0   0 | Pro CCT   0   0   0   0   0   0 | His CAT   0   0   0   0   0   0 | Arg CGT   0   0   0   0   0   0
    CTC   0   0   0   0   0   0 |     CCC   1   1   1   1   1   1 |     CAC   0   0   0   0   0   0 |     CGC   0   0   0   0   0   0
    CTA   1   1   1   1   1   1 |     CCA   1   1   1   1   1   1 | Gln CAA   0   0   0   0   0   0 |     CGA   0   0   0   0   0   0
    CTG   2   2   2   2   2   2 |     CCG   0   0   0   0   0   0 |     CAG   2   2   2   2   2   2 |     CGG   0   0   0   0   0   0
--------------------------------------------------------------------------------------------------------------------------------------
Ile ATT   5   4   5   5   4   4 | Thr ACT   0   1   0   0   1   1 | Asn AAT   1   1   1   1   1   1 | Ser AGT   0   0   0   0   0   0
    ATC   2   2   2   2   2   2 |     ACC   0   0   0   0   0   0 |     AAC   0   0   0   0   0   0 |     AGC   1   1   1   1   1   1
    ATA   1   1   1   1   1   1 |     ACA   1   1   1   1   1   1 | Lys AAA   1   1   1   1   0   1 | Arg AGA   2   2   2   2   2   3
Met ATG   3   3   3   3   3   3 |     ACG   0   0   0   0   0   0 |     AAG   3   3   3   3   4   3 |     AGG   2   2   2   2   2   2
--------------------------------------------------------------------------------------------------------------------------------------
Val GTT   1   1   1   1   1   1 | Ala GCT   1   1   1   1   1   1 | Asp GAT   0   0   0   0   0   0 | Gly GGT   1   1   1   1   1   1
    GTC   1   1   1   1   1   1 |     GCC   2   2   2   2   2   2 |     GAC   0   0   0   0   0   0 |     GGC   0   0   0   0   0   0
    GTA   0   0   0   0   0   0 |     GCA   1   1   1   1   1   1 | Glu GAA   3   3   3   3   3   3 |     GGA   2   2   2   2   2   1
    GTG   2   2   2   2   2   2 |     GCG   0   0   0   0   0   0 |     GAG   1   1   1   1   1   1 |     GGG   1   1   1   1   1   1
--------------------------------------------------------------------------------------------------------------------------------------

--------------------------------------------------------------------------------------------------------------------------------------
Phe TTT   0   0   0   0   0   0 | Ser TCT   0   0   0   0   0   0 | Tyr TAT   1   1   1   1   1   1 | Cys TGT   1   1   1   1   1   1
    TTC   0   0   0   0   0   0 |     TCC   1   1   1   1   1   1 |     TAC   0   0   0   0   0   0 |     TGC   0   0   0   0   0   0
Leu TTA   3   3   3   3   3   3 |     TCA   1   1   1   1   1   1 | *** TAA   0   0   0   0   0   0 | *** TGA   0   0   0   0   0   0
    TTG   0   0   0   0   0   0 |     TCG   0   0   0   0   0   0 |     TAG   0   0   0   0   0   0 | Trp TGG   0   0   0   0   0   0
--------------------------------------------------------------------------------------------------------------------------------------
Leu CTT   0   0   0   0   0   0 | Pro CCT   0   0   0   0   0   0 | His CAT   0   0   0   0   0   0 | Arg CGT   0   0   0   0   0   0
    CTC   0   0   0   0   0   0 |     CCC   1   1   1   1   1   1 |     CAC   0   0   0   0   0   0 |     CGC   0   0   0   0   0   0
    CTA   1   1   1   1   1   1 |     CCA   1   1   1   1   1   1 | Gln CAA   0   0   0   0   1   0 |     CGA   0   0   0   0   0   0
    CTG   2   2   2   2   2   2 |     CCG   0   0   0   0   0   0 |     CAG   2   2   2   2   1   2 |     CGG   0   0   0   0   0   0
--------------------------------------------------------------------------------------------------------------------------------------
Ile ATT   4   4   4   4   4   4 | Thr ACT   1   1   1   1   1   1 | Asn AAT   1   1   1   1   1   1 | Ser AGT   0   0   0   0   0   0
    ATC   2   2   2   2   2   2 |     ACC   0   0   0   0   0   0 |     AAC   0   0   0   0   0   0 |     AGC   1   1   1   1   1   1
    ATA   1   1   1   1   1   1 |     ACA   1   1   1   1   1   1 | Lys AAA   1   1   1   1   0   0 | Arg AGA   2   2   2   2   2   2
Met ATG   3   2   3   3   3   3 |     ACG   0   1   0   0   0   0 |     AAG   3   3   2   3   4   4 |     AGG   2   2   2   2   2   2
--------------------------------------------------------------------------------------------------------------------------------------
Val GTT   1   1   1   1   1   1 | Ala GCT   1   2   1   2   1   1 | Asp GAT   0   0   0   0   0   0 | Gly GGT   1   1   1   1   1   1
    GTC   1   1   1   1   1   1 |     GCC   2   1   2   1   2   2 |     GAC   0   0   0   0   0   0 |     GGC   0   1   0   0   0   0
    GTA   0   0   0   0   0   0 |     GCA   1   1   1   1   1   1 | Glu GAA   3   3   3   3   3   3 |     GGA   2   1   2   2   2   2
    GTG   2   2   2   2   2   2 |     GCG   0   0   0   0   0   0 |     GAG   1   1   2   1   1   1 |     GGG   1   1   1   1   1   1
--------------------------------------------------------------------------------------------------------------------------------------

Codon position x base (3x4) table for each sequence.

#1: Argali         
position  1:    T:0.13462    C:0.13462    A:0.40385    G:0.32692
position  2:    T:0.38462    C:0.19231    A:0.23077    G:0.19231
position  3:    T:0.21154    C:0.15385    A:0.32692    G:0.30769
Average         T:0.24359    C:0.16026    A:0.32051    G:0.27564

#2: LesserMouseDeer
position  1:    T:0.13462    C:0.13462    A:0.40385    G:0.32692
position  2:    T:0.40385    C:0.17308    A:0.25000    G:0.17308
position  3:    T:0.21154    C:0.13462    A:0.30769    G:0.34615
Average         T:0.25000    C:0.14744    A:0.32051    G:0.28205

#3: LesserKudu     
position  1:    T:0.13462    C:0.13462    A:0.42308    G:0.30769
position  2:    T:0.38462    C:0.19231    A:0.23077    G:0.19231
position  3:    T:0.21154    C:0.15385    A:0.30769    G:0.32692
Average         T:0.24359    C:0.16026    A:0.32051    G:0.27564

#4: ForestMuskDeer2
position  1:    T:0.13462    C:0.13462    A:0.42308    G:0.30769
position  2:    T:0.38462    C:0.19231    A:0.23077    G:0.19231
position  3:    T:0.23077    C:0.13462    A:0.32692    G:0.30769
Average         T:0.25000    C:0.15385    A:0.32692    G:0.26923

#5: Camel          
position  1:    T:0.13462    C:0.13462    A:0.38462    G:0.34615
position  2:    T:0.36538    C:0.19231    A:0.23077    G:0.21154
position  3:    T:0.19231    C:0.17308    A:0.28846    G:0.34615
Average         T:0.23077    C:0.16667    A:0.30128    G:0.30128

#6: KillerWhale    
position  1:    T:0.15385    C:0.11538    A:0.40385    G:0.32692
position  2:    T:0.40385    C:0.17308    A:0.23077    G:0.19231
position  3:    T:0.23077    C:0.13462    A:0.32692    G:0.30769
Average         T:0.26282    C:0.14103    A:0.32051    G:0.27564

#7: DefassaWaterbuck
position  1:    T:0.13462    C:0.13462    A:0.40385    G:0.32692
position  2:    T:0.38462    C:0.19231    A:0.23077    G:0.19231
position  3:    T:0.21154    C:0.15385    A:0.32692    G:0.30769
Average         T:0.24359    C:0.16026    A:0.32051    G:0.27564

#8: Sheep          
position  1:    T:0.13462    C:0.13462    A:0.40385    G:0.32692
position  2:    T:0.38462    C:0.19231    A:0.23077    G:0.19231
position  3:    T:0.23077    C:0.13462    A:0.32692    G:0.30769
Average         T:0.25000    C:0.15385    A:0.32051    G:0.27564

#9: MaxwellsDuiker 
position  1:    T:0.13462    C:0.13462    A:0.42308    G:0.30769
position  2:    T:0.38462    C:0.19231    A:0.23077    G:0.19231
position  3:    T:0.23077    C:0.13462    A:0.32692    G:0.30769
Average         T:0.25000    C:0.15385    A:0.32692    G:0.26923

#10: GazellaPrzewalskyi
position  1:    T:0.13462    C:0.13462    A:0.42308    G:0.30769
position  2:    T:0.38462    C:0.19231    A:0.23077    G:0.19231
position  3:    T:0.21154    C:0.15385    A:0.32692    G:0.30769
Average         T:0.24359    C:0.16026    A:0.32692    G:0.26923

#11: MountainNyala  
position  1:    T:0.13462    C:0.13462    A:0.42308    G:0.30769
position  2:    T:0.38462    C:0.19231    A:0.23077    G:0.19231
position  3:    T:0.21154    C:0.15385    A:0.30769    G:0.32692
Average         T:0.24359    C:0.16026    A:0.32051    G:0.27564

#12: MuntiacusMuntjak
position  1:    T:0.13462    C:0.13462    A:0.42308    G:0.30769
position  2:    T:0.40385    C:0.17308    A:0.23077    G:0.19231
position  3:    T:0.21154    C:0.15385    A:0.32692    G:0.30769
Average         T:0.25000    C:0.15385    A:0.32692    G:0.26923

#13: goat           
position  1:    T:0.13462    C:0.13462    A:0.40385    G:0.32692
position  2:    T:0.38462    C:0.19231    A:0.23077    G:0.19231
position  3:    T:0.21154    C:0.15385    A:0.32692    G:0.30769
Average         T:0.24359    C:0.16026    A:0.32051    G:0.27564

#14: AfricanBuffalo 
position  1:    T:0.13462    C:0.13462    A:0.42308    G:0.30769
position  2:    T:0.38462    C:0.19231    A:0.25000    G:0.17308
position  3:    T:0.21154    C:0.15385    A:0.28846    G:0.34615
Average         T:0.24359    C:0.16026    A:0.32051    G:0.27564

#15: Topi           
position  1:    T:0.13462    C:0.13462    A:0.40385    G:0.32692
position  2:    T:0.38462    C:0.19231    A:0.23077    G:0.19231
position  3:    T:0.23077    C:0.13462    A:0.32692    G:0.30769
Average         T:0.25000    C:0.15385    A:0.32051    G:0.27564

#16: CommonDuiker   
position  1:    T:0.15385    C:0.13462    A:0.42308    G:0.28846
position  2:    T:0.38462    C:0.19231    A:0.23077    G:0.19231
position  3:    T:0.21154    C:0.15385    A:0.32692    G:0.30769
Average         T:0.25000    C:0.16026    A:0.32692    G:0.26282

#17: Suni           
position  1:    T:0.13462    C:0.13462    A:0.44231    G:0.28846
position  2:    T:0.38462    C:0.19231    A:0.23077    G:0.19231
position  3:    T:0.23077    C:0.13462    A:0.34615    G:0.28846
Average         T:0.25000    C:0.15385    A:0.33974    G:0.25641

#18: Springbuck     
position  1:    T:0.13462    C:0.13462    A:0.42308    G:0.30769
position  2:    T:0.40385    C:0.17308    A:0.23077    G:0.19231
position  3:    T:0.21154    C:0.15385    A:0.34615    G:0.28846
Average         T:0.25000    C:0.15385    A:0.33333    G:0.26282

#19: Okapi          
position  1:    T:0.13462    C:0.13462    A:0.42308    G:0.30769
position  2:    T:0.36538    C:0.21154    A:0.23077    G:0.19231
position  3:    T:0.23077    C:0.13462    A:0.32692    G:0.30769
Average         T:0.24359    C:0.16026    A:0.32692    G:0.26923

#20: Giraffe        
position  1:    T:0.13462    C:0.13462    A:0.42308    G:0.30769
position  2:    T:0.36538    C:0.21154    A:0.23077    G:0.19231
position  3:    T:0.23077    C:0.13462    A:0.32692    G:0.30769
Average         T:0.24359    C:0.16026    A:0.32692    G:0.26923

#21: TibetanAntelope
position  1:    T:0.13462    C:0.13462    A:0.40385    G:0.32692
position  2:    T:0.38462    C:0.19231    A:0.23077    G:0.19231
position  3:    T:0.21154    C:0.15385    A:0.32692    G:0.30769
Average         T:0.24359    C:0.16026    A:0.32051    G:0.27564

#22: Sitatunga      
position  1:    T:0.13462    C:0.13462    A:0.42308    G:0.30769
position  2:    T:0.38462    C:0.19231    A:0.23077    G:0.19231
position  3:    T:0.21154    C:0.15385    A:0.30769    G:0.32692
Average         T:0.24359    C:0.16026    A:0.32051    G:0.27564

#23: Oribi          
position  1:    T:0.13462    C:0.13462    A:0.42308    G:0.30769
position  2:    T:0.38462    C:0.19231    A:0.23077    G:0.19231
position  3:    T:0.21154    C:0.15385    A:0.32692    G:0.30769
Average         T:0.24359    C:0.16026    A:0.32692    G:0.26923

#24: BarbarySheep   
position  1:    T:0.13462    C:0.13462    A:0.40385    G:0.32692
position  2:    T:0.38462    C:0.19231    A:0.23077    G:0.19231
position  3:    T:0.21154    C:0.15385    A:0.32692    G:0.30769
Average         T:0.24359    C:0.16026    A:0.32051    G:0.27564

#25: Daviddeer      
position  1:    T:0.13462    C:0.13462    A:0.42308    G:0.30769
position  2:    T:0.40385    C:0.17308    A:0.23077    G:0.19231
position  3:    T:0.21154    C:0.15385    A:0.32692    G:0.30769
Average         T:0.25000    C:0.15385    A:0.32692    G:0.26923

#26: Reindeer       
position  1:    T:0.13462    C:0.13462    A:0.40385    G:0.32692
position  2:    T:0.40385    C:0.17308    A:0.23077    G:0.19231
position  3:    T:0.23077    C:0.13462    A:0.32692    G:0.30769
Average         T:0.25641    C:0.14744    A:0.32051    G:0.27564

#27: Ibex           
position  1:    T:0.13462    C:0.13462    A:0.40385    G:0.32692
position  2:    T:0.38462    C:0.19231    A:0.23077    G:0.19231
position  3:    T:0.21154    C:0.15385    A:0.32692    G:0.30769
Average         T:0.24359    C:0.16026    A:0.32051    G:0.27564

#28: GyrantGazelle  
position  1:    T:0.13462    C:0.13462    A:0.42308    G:0.30769
position  2:    T:0.38462    C:0.19231    A:0.23077    G:0.19231
position  3:    T:0.21154    C:0.15385    A:0.32692    G:0.30769
Average         T:0.24359    C:0.16026    A:0.32692    G:0.26923

#29: Hartebeest     
position  1:    T:0.13462    C:0.13462    A:0.40385    G:0.32692
position  2:    T:0.38462    C:0.19231    A:0.23077    G:0.19231
position  3:    T:0.23077    C:0.13462    A:0.32692    G:0.30769
Average         T:0.25000    C:0.15385    A:0.32051    G:0.27564

#30: Bongo          
position  1:    T:0.13462    C:0.13462    A:0.42308    G:0.30769
position  2:    T:0.38462    C:0.19231    A:0.23077    G:0.19231
position  3:    T:0.21154    C:0.15385    A:0.30769    G:0.32692
Average         T:0.24359    C:0.16026    A:0.32051    G:0.27564

#31: Gerenuk        
position  1:    T:0.13462    C:0.13462    A:0.42308    G:0.30769
position  2:    T:0.40385    C:0.17308    A:0.23077    G:0.19231
position  3:    T:0.21154    C:0.15385    A:0.34615    G:0.28846
Average         T:0.25000    C:0.15385    A:0.33333    G:0.26282

#32: CommonEland    
position  1:    T:0.13462    C:0.13462    A:0.42308    G:0.30769
position  2:    T:0.38462    C:0.19231    A:0.23077    G:0.19231
position  3:    T:0.21154    C:0.15385    A:0.34615    G:0.28846
Average         T:0.24359    C:0.16026    A:0.33333    G:0.26282

#33: MuntiacusReevesi
position  1:    T:0.13462    C:0.13462    A:0.42308    G:0.30769
position  2:    T:0.40385    C:0.17308    A:0.23077    G:0.19231
position  3:    T:0.21154    C:0.15385    A:0.32692    G:0.30769
Average         T:0.25000    C:0.15385    A:0.32692    G:0.26923

#34: HarveysDuiker  
position  1:    T:0.13462    C:0.13462    A:0.42308    G:0.30769
position  2:    T:0.38462    C:0.19231    A:0.23077    G:0.19231
position  3:    T:0.21154    C:0.15385    A:0.32692    G:0.30769
Average         T:0.24359    C:0.16026    A:0.32692    G:0.26923

#35: Pronghorn      
position  1:    T:0.13462    C:0.13462    A:0.42308    G:0.30769
position  2:    T:0.38462    C:0.19231    A:0.23077    G:0.19231
position  3:    T:0.23077    C:0.13462    A:0.30769    G:0.32692
Average         T:0.25000    C:0.15385    A:0.32051    G:0.27564

#36: BlueWildebeest 
position  1:    T:0.13462    C:0.13462    A:0.40385    G:0.32692
position  2:    T:0.38462    C:0.19231    A:0.23077    G:0.19231
position  3:    T:0.23077    C:0.13462    A:0.32692    G:0.30769
Average         T:0.25000    C:0.15385    A:0.32051    G:0.27564

#37: Gemsbok        
position  1:    T:0.13462    C:0.13462    A:0.40385    G:0.32692
position  2:    T:0.38462    C:0.19231    A:0.23077    G:0.19231
position  3:    T:0.21154    C:0.15385    A:0.32692    G:0.30769
Average         T:0.24359    C:0.16026    A:0.32051    G:0.27564

#38: Yak            
position  1:    T:0.13462    C:0.13462    A:0.42308    G:0.30769
position  2:    T:0.38462    C:0.19231    A:0.23077    G:0.19231
position  3:    T:0.21154    C:0.15385    A:0.30769    G:0.32692
Average         T:0.24359    C:0.16026    A:0.32051    G:0.27564

#39: BlueSheep      
position  1:    T:0.13462    C:0.13462    A:0.40385    G:0.32692
position  2:    T:0.38462    C:0.19231    A:0.23077    G:0.19231
position  3:    T:0.21154    C:0.15385    A:0.32692    G:0.30769
Average         T:0.24359    C:0.16026    A:0.32051    G:0.27564

#40: BohorReedbuck  
position  1:    T:0.13462    C:0.13462    A:0.40385    G:0.32692
position  2:    T:0.38462    C:0.19231    A:0.23077    G:0.19231
position  3:    T:0.21154    C:0.15385    A:0.32692    G:0.30769
Average         T:0.24359    C:0.16026    A:0.32051    G:0.27564

#41: KirksDik       
position  1:    T:0.13462    C:0.13462    A:0.42308    G:0.30769
position  2:    T:0.38462    C:0.19231    A:0.23077    G:0.19231
position  3:    T:0.25000    C:0.11538    A:0.34615    G:0.28846
Average         T:0.25641    C:0.14744    A:0.33333    G:0.26282

#42: RoeDeer        
position  1:    T:0.13462    C:0.13462    A:0.42308    G:0.30769
position  2:    T:0.40385    C:0.17308    A:0.23077    G:0.19231
position  3:    T:0.21154    C:0.15385    A:0.32692    G:0.30769
Average         T:0.25000    C:0.15385    A:0.32692    G:0.26923

#43: WhiteLippedDeer
position  1:    T:0.13462    C:0.13462    A:0.42308    G:0.30769
position  2:    T:0.40385    C:0.17308    A:0.23077    G:0.19231
position  3:    T:0.21154    C:0.15385    A:0.32692    G:0.30769
Average         T:0.25000    C:0.15385    A:0.32692    G:0.26923

#44: ThomsonGazelle 
position  1:    T:0.13462    C:0.13462    A:0.42308    G:0.30769
position  2:    T:0.38462    C:0.19231    A:0.23077    G:0.19231
position  3:    T:0.21154    C:0.15385    A:0.32692    G:0.30769
Average         T:0.24359    C:0.16026    A:0.32692    G:0.26923

#45: MuntiacusCrinifrons
position  1:    T:0.13462    C:0.13462    A:0.42308    G:0.30769
position  2:    T:0.40385    C:0.17308    A:0.23077    G:0.19231
position  3:    T:0.21154    C:0.15385    A:0.32692    G:0.30769
Average         T:0.25000    C:0.15385    A:0.32692    G:0.26923

#46: WhiteTailedDeer
position  1:    T:0.13462    C:0.13462    A:0.42308    G:0.30769
position  2:    T:0.40385    C:0.17308    A:0.23077    G:0.19231
position  3:    T:0.21154    C:0.15385    A:0.32692    G:0.30769
Average         T:0.25000    C:0.15385    A:0.32692    G:0.26923

#47: Cattle         
position  1:    T:0.13462    C:0.13462    A:0.42308    G:0.30769
position  2:    T:0.38462    C:0.19231    A:0.23077    G:0.19231
position  3:    T:0.21154    C:0.15385    A:0.30769    G:0.32692
Average         T:0.24359    C:0.16026    A:0.32051    G:0.27564

#48: RoyalAntelope  
position  1:    T:0.13462    C:0.13462    A:0.44231    G:0.28846
position  2:    T:0.38462    C:0.19231    A:0.23077    G:0.19231
position  3:    T:0.21154    C:0.15385    A:0.32692    G:0.30769
Average         T:0.24359    C:0.16026    A:0.33333    G:0.26282

#49: Steenbok       
position  1:    T:0.13462    C:0.13462    A:0.42308    G:0.30769
position  2:    T:0.38462    C:0.19231    A:0.23077    G:0.19231
position  3:    T:0.21154    C:0.15385    A:0.32692    G:0.30769
Average         T:0.24359    C:0.16026    A:0.32692    G:0.26923

#50: Impala         
position  1:    T:0.13462    C:0.13462    A:0.42308    G:0.30769
position  2:    T:0.36538    C:0.21154    A:0.23077    G:0.19231
position  3:    T:0.23077    C:0.15385    A:0.30769    G:0.30769
Average         T:0.24359    C:0.16667    A:0.32051    G:0.26923

#51: Klipspringer   
position  1:    T:0.13462    C:0.13462    A:0.40385    G:0.32692
position  2:    T:0.38462    C:0.19231    A:0.23077    G:0.19231
