CODONML (in paml version 4.10.7, June 2023)  /home/rachel/ruminants_paml/6406-phy-tree/ENSBTAT00000022237.fasta.phy
Model: free dN/dS Ratios for branches,  kappa = 2.000 fixed

Codon frequency model: F3x4
ns =  54  ls = 136

Codon usage in sequences
--------------------------------------------------------------------------------------------------------------------------------------
Phe TTT   3   3   3   3   3   3 | Ser TCT   1   1   1   1   1   0 | Tyr TAT   1   1   1   1   1   1 | Cys TGT   1   2   1   1   2   2
    TTC   0   0   0   0   0   0 |     TCC   0   0   0   0   0   0 |     TAC   1   1   1   1   1   1 |     TGC   2   1   2   2   1   1
Leu TTA   1   1   1   1   2   1 |     TCA   2   2   2   2   2   3 | *** TAA   0   0   0   0   0   0 | *** TGA   0   0   0   0   0   0
    TTG   3   3   3   3   2   3 |     TCG   0   0   0   0   0   0 |     TAG   0   0   0   0   0   0 | Trp TGG   0   0   0   0   0   0
--------------------------------------------------------------------------------------------------------------------------------------
Leu CTT   4   4   4   4   5   4 | Pro CCT   1   1   1   1   2   1 | His CAT   0   0   0   0   0   0 | Arg CGT   0   0   0   0   0   0
    CTC   1   1   0   1   0   1 |     CCC   1   1   1   1   1   1 |     CAC   0   0   0   0   0   0 |     CGC   0   0   0   0   0   0
    CTA   2   2   2   2   2   2 |     CCA   3   3   3   3   2   3 | Gln CAA   0   0   0   0   0   0 |     CGA   2   2   2   2   2   3
    CTG   5   5   6   5   5   5 |     CCG   0   0   0   0   0   0 |     CAG   1   2   1   1   1   1 |     CGG   2   0   3   2   2   1
--------------------------------------------------------------------------------------------------------------------------------------
Ile ATT   2   2   2   2   2   1 | Thr ACT   1   0   1   1   0   1 | Asn AAT   9   8   9   9   7   8 | Ser AGT   4   4   4   4   4   4
    ATC   1   1   1   1   2   2 |     ACC   1   1   1   1   2   1 |     AAC   1   2   1   1   3   2 |     AGC   1   1   1   1   1   1
    ATA   1   2   1   1   0   1 |     ACA   1   2   1   1   1   1 | Lys AAA   7   7   8   8   7   8 | Arg AGA   0   1   0   0   0   0
Met ATG   1   1   1   1   1   1 |     ACG   0   0   0   0   0   0 |     AAG   2   1   1   1   2   1 |     AGG   1   1   0   1   1   1
--------------------------------------------------------------------------------------------------------------------------------------
Val GTT   0   0   0   0   0   0 | Ala GCT   3   3   3   3   3   3 | Asp GAT  13  13  13  13  13  13 | Gly GGT   2   1   2   2   2   2
    GTC   3   3   3   3   3   3 |     GCC   1   2   1   1   0   1 |     GAC   3   4   3   3   3   3 |     GGC   2   3   2   2   2   2
    GTA   1   1   1   1   0   0 |     GCA   2   1   2   2   3   2 | Glu GAA  17  16  17  17  19  19 |     GGA   5   5   5   5   5   5
    GTG   1   1   1   1   2   2 |     GCG   0   0   0   0   0   0 |     GAG  11  11  11  11   9   9 |     GGG   2   2   2   2   2   2
--------------------------------------------------------------------------------------------------------------------------------------

--------------------------------------------------------------------------------------------------------------------------------------
Phe TTT   3   3   3   3   3   3 | Ser TCT   1   1   1   1   1   1 | Tyr TAT   1   1   1   1   1   1 | Cys TGT   1   1   1   1   1   1
    TTC   0   0   0   0   0   0 |     TCC   0   0   0   0   0   0 |     TAC   1   1   1   1   1   1 |     TGC   2   2   2   2   2   2
Leu TTA   1   1   1   1   1   1 |     TCA   2   2   2   2   2   2 | *** TAA   0   0   0   0   0   0 | *** TGA   0   0   0   0   0   0
    TTG   3   3   3   3   3   3 |     TCG   0   0   0   0   0   0 |     TAG   0   0   0   0   0   0 | Trp TGG   0   0   0   0   0   0
--------------------------------------------------------------------------------------------------------------------------------------
Leu CTT   4   4   4   4   4   4 | Pro CCT   1   1   1   1   1   1 | His CAT   0   0   0   0   0   0 | Arg CGT   0   0   0   0   0   0
    CTC   1   1   1   1   1   1 |     CCC   1   1   1   1   1   1 |     CAC   0   0   0   0   0   0 |     CGC   0   0   0   0   0   0
    CTA   2   2   2   2   2   2 |     CCA   3   3   3   3   3   3 | Gln CAA   0   0   0   0   0   0 |     CGA   2   2   2   2   2   2
    CTG   5   5   5   5   5   5 |     CCG   0   0   0   0   0   0 |     CAG   1   1   1   1   1   1 |     CGG   2   2   2   2   2   2
--------------------------------------------------------------------------------------------------------------------------------------
Ile ATT   2   2   2   2   2   2 | Thr ACT   1   1   1   1   1   1 | Asn AAT   9   9   9   9   9   9 | Ser AGT   4   4   4   4   4   4
    ATC   1   1   1   1   1   1 |     ACC   1   1   1   1   1   1 |     AAC   1   1   1   1   1   1 |     AGC   1   1   1   1   1   1
    ATA   1   1   1   1   1   1 |     ACA   1   1   1   1   1   1 | Lys AAA   8   7   8   8   8   8 | Arg AGA   0   0   0   0   0   0
Met ATG   1   1   1   1   1   1 |     ACG   0   0   0   0   0   0 |     AAG   1   2   1   1   1   1 |     AGG   1   1   1   1   1   1
--------------------------------------------------------------------------------------------------------------------------------------
Val GTT   0   0   0   0   0   0 | Ala GCT   3   3   3   3   3   3 | Asp GAT  13  13  12  13  12  14 | Gly GGT   2   2   2   2   2   2
    GTC   3   3   3   3   3   3 |     GCC   1   1   1   1   1   1 |     GAC   3   3   3   3   3   2 |     GGC   2   2   2   2   2   2
    GTA   1   1   1   1   1   1 |     GCA   2   2   2   2   2   2 | Glu GAA  17  17  17  17  17  17 |     GGA   5   5   5   5   5   5
    GTG   1   1   1   1   1   1 |     GCG   0   0   0   0   0   0 |     GAG  11  11  12  11  12  11 |     GGG   2   2   2   2   2   2
--------------------------------------------------------------------------------------------------------------------------------------

--------------------------------------------------------------------------------------------------------------------------------------
Phe TTT   3   3   3   3   3   3 | Ser TCT   1   1   1   1   1   1 | Tyr TAT   1   1   1   1   1   1 | Cys TGT   1   1   1   2   1   1
    TTC   0   0   0   0   0   0 |     TCC   0   0   0   0   0   0 |     TAC   1   1   1   1   1   1 |     TGC   2   2   2   1   2   2
Leu TTA   1   1   1   1   1   1 |     TCA   2   2   2   2   2   2 | *** TAA   0   0   0   0   0   0 | *** TGA   0   0   0   0   0   0
    TTG   3   3   3   3   4   3 |     TCG   0   0   0   0   0   0 |     TAG   0   0   0   0   0   0 | Trp TGG   0   0   0   0   0   0
--------------------------------------------------------------------------------------------------------------------------------------
Leu CTT   4   4   4   3   4   4 | Pro CCT   1   1   1   2   1   1 | His CAT   0   0   0   0   0   0 | Arg CGT   0   0   0   0   0   0
    CTC   1   1   1   1   1   1 |     CCC   1   1   1   1   1   1 |     CAC   0   0   0   0   0   0 |     CGC   0   0   0   0   0   0
    CTA   2   2   2   3   2   2 |     CCA   3   3   3   2   3   3 | Gln CAA   0   0   0   0   0   0 |     CGA   2   2   2   2   2   2
    CTG   5   5   5   5   4   5 |     CCG   0   0   0   0   0   0 |     CAG   1   1   1   1   1   1 |     CGG   2   2   2   2   2   2
--------------------------------------------------------------------------------------------------------------------------------------
Ile ATT   2   2   2   3   2   2 | Thr ACT   1   1   1   1   1   1 | Asn AAT   9   9   9  10   9   9 | Ser AGT   4   4   3   3   4   4
    ATC   1   1   1   1   1   1 |     ACC   1   1   1   0   1   1 |     AAC   1   1   1   1   1   1 |     AGC   1   1   2   1   1   1
    ATA   1   1   1   1   1   1 |     ACA   1   1   1   1   1   1 | Lys AAA   8   8   8   7   8   8 | Arg AGA   0   0   0   0   0   0
Met ATG   1   1   1   1   1   1 |     ACG   0   0   0   0   0   0 |     AAG   1   1   1   1   1   1 |     AGG   1   1   1   1   1   1
--------------------------------------------------------------------------------------------------------------------------------------
Val GTT   0   0   0   0   0   0 | Ala GCT   3   3   3   3   3   3 | Asp GAT  13  13  13  12  13  13 | Gly GGT   2   2   2   2   2   2
    GTC   3   3   3   3   3   3 |     GCC   1   1   1   1   1   1 |     GAC   3   3   3   3   3   3 |     GGC   2   2   2   3   2   2
    GTA   1   1   1   1   1   1 |     GCA   2   2   2   1   2   1 | Glu GAA  17  17  18  19  18  17 |     GGA   5   5   5   5   5   5
    GTG   1   1   1   1   1   1 |     GCG   0   0   0   0   0   1 |     GAG  11  11  10  11  10  11 |     GGG   2   2   2   2   2   2
--------------------------------------------------------------------------------------------------------------------------------------

--------------------------------------------------------------------------------------------------------------------------------------
Phe TTT   3   3   3   3   3   3 | Ser TCT   1   1   1   1   1   1 | Tyr TAT   1   1   1   1   1   1 | Cys TGT   1   1   2   1   1   1
    TTC   0   0   0   0   0   0 |     TCC   0   0   0   0   0   0 |     TAC   1   1   1   1   1   1 |     TGC   2   2   1   2   2   2
Leu TTA   1   2   1   1   1   1 |     TCA   2   2   2   2   2   2 | *** TAA   0   0   0   0   0   0 | *** TGA   0   0   0   0   0   0
    TTG   3   3   3   3   3   3 |     TCG   0   0   0   0   0   0 |     TAG   0   0   0   0   0   0 | Trp TGG   0   0   0   0   0   0
--------------------------------------------------------------------------------------------------------------------------------------
Leu CTT   4   4   4   4   4   4 | Pro CCT   1   1   1   1   0   1 | His CAT   0   0   0   0   0   0 | Arg CGT   0   0   0   0   0   0
    CTC   1   1   1   1   1   1 |     CCC   1   1   1   1   1   1 |     CAC   0   0   0   0   0   0 |     CGC   0   0   0   0   0   0
    CTA   2   1   2   2   2   2 |     CCA   3   3   3   3   3   3 | Gln CAA   0   0   0   0   0   0 |     CGA   3   3   2   2   2   2
    CTG   5   5   5   5   5   5 |     CCG   0   0   0   0   1   0 |     CAG   1   1   1   1   1   1 |     CGG   1   1   2   2   2   2
--------------------------------------------------------------------------------------------------------------------------------------
Ile ATT   2   2   2   2   2   2 | Thr ACT   1   1   1   1   1   1 | Asn AAT   9   9   9   9   9   9 | Ser AGT   4   4   4   4   4   4
    ATC   1   1   1   1   1   1 |     ACC   1   1   1   1   1   1 |     AAC   1   1   1   1   1   1 |     AGC   1   1   1   1   1   1
    ATA   1   1   1   1   1   1 |     ACA   1   1   1   1   1   1 | Lys AAA   8   8   8   8   8   8 | Arg AGA   0   0   0   0   0   0
Met ATG   1   1   1   1   1   1 |     ACG   0   0   0   0   0   0 |     AAG   1   1   1   1   1   1 |     AGG   1   1   1   1   1   1
--------------------------------------------------------------------------------------------------------------------------------------
Val GTT   0   0   0   0   0   0 | Ala GCT   3   3   3   3   3   3 | Asp GAT  13  13  11  13  12  13 | Gly GGT   2   2   2   2   2   2
    GTC   3   3   3   3   3   3 |     GCC   1   1   1   1   1   1 |     GAC   3   3   4   3   3   3 |     GGC   2   2   2   2   2   2
    GTA   1   1   1   1   1   1 |     GCA   2   2   2   2   2   2 | Glu GAA  18  18  15  17  17  17 |     GGA   4   4   5   5   5   5
    GTG   1   1   1   1   1   1 |     GCG   0   0   0   0   0   0 |     GAG  11  11  14  11  12  11 |     GGG   2   2   2   2   2   2
--------------------------------------------------------------------------------------------------------------------------------------

--------------------------------------------------------------------------------------------------------------------------------------
Phe TTT   3   3   3   3   3   3 | Ser TCT   1   1   1   1   1   1 | Tyr TAT   1   1   1   1   1   1 | Cys TGT   1   1   1   2   1   1
    TTC   0   0   0   0   0   0 |     TCC   0   0   0   0   0   0 |     TAC   1   1   1   1   1   1 |     TGC   2   2   2   1   2   2
Leu TTA   1   1   1   1   1   1 |     TCA   2   2   2   2   2   2 | *** TAA   0   0   0   0   0   0 | *** TGA   0   0   0   0   0   0
    TTG   3   3   3   3   3   3 |     TCG   0   0   0   0   0   0 |     TAG   0   0   0   0   0   0 | Trp TGG   0   0   0   0   0   0
--------------------------------------------------------------------------------------------------------------------------------------
Leu CTT   4   4   4   3   3   4 | Pro CCT   1   1   1   2   1   1 | His CAT   0   0   0   0   0   0 | Arg CGT   0   0   0   0   0   0
    CTC   1   1   1   1   2   1 |     CCC   1   1   1   1   1   1 |     CAC   0   0   0   0   0   0 |     CGC   0   0   0   0   0   0
    CTA   2   2   2   3   2   2 |     CCA   3   3   3   2   3   3 | Gln CAA   0   0   0   0   0   0 |     CGA   2   2   2   2   2   2
    CTG   5   5   5   5   5   5 |     CCG   0   0   0   0   0   0 |     CAG   1   1   1   1   1   1 |     CGG   2   2   2   2   2   2
--------------------------------------------------------------------------------------------------------------------------------------
Ile ATT   2   2   2   3   2   2 | Thr ACT   1   1   1   1   1   1 | Asn AAT   9   9   9   9   9   9 | Ser AGT   4   4   4   4   4   4
    ATC   1   1   1   1   1   1 |     ACC   1   1   1   0   1   1 |     AAC   1   1   1   1   1   1 |     AGC   1   1   1   1   1   1
    ATA   1   1   1   1   1   1 |     ACA   1   1   1   1   1   1 | Lys AAA   8   8   8   7   7   8 | Arg AGA   0   0   0   0   0   0
Met ATG   1   1   1   1   1   1 |     ACG   0   0   0   0   0   0 |     AAG   1   1   1   1   2   1 |     AGG   1   1   1   1   1   1
--------------------------------------------------------------------------------------------------------------------------------------
Val GTT   0   0   0   0   0   0 | Ala GCT   3   4   3   3   3   3 | Asp GAT  14  14  13  13  13  13 | Gly GGT   2   2   2   2   2   2
    GTC   3   3   3   3   3   3 |     GCC   1   0   1   1   1   1 |     GAC   2   2   3   3   3   3 |     GGC   2   2   2   2   2   2
    GTA   1   1   1   1   1   1 |     GCA   2   2   2   1   2   2 | Glu GAA  17  17  17  18  17  17 |     GGA   5   5   5   5   5   5
    GTG   1   1   1   1   1   1 |     GCG   0   0   0   1   0   0 |     GAG  11  11  11  11  11  11 |     GGG   2   2   2   2   2   2
--------------------------------------------------------------------------------------------------------------------------------------

--------------------------------------------------------------------------------------------------------------------------------------
Phe TTT   3   3   3   3   3   3 | Ser TCT   1   1   1   1   1   1 | Tyr TAT   1   1   1   1   1   1 | Cys TGT   1   1   1   1   1   1
    TTC   0   0   0   0   0   0 |     TCC   0   0   0   0   0   0 |     TAC   1   1   1   1   1   1 |     TGC   2   2   2   2   2   2
Leu TTA   1   1   1   1   1   1 |     TCA   2   2   2   2   1   2 | *** TAA   0   0   0   0   0   0 | *** TGA   0   0   0   0   0   0
    TTG   3   3   3   3   3   3 |     TCG   0   0   0   0   1   0 |     TAG   0   0   0   0   0   0 | Trp TGG   0   0   0   0   0   0
--------------------------------------------------------------------------------------------------------------------------------------
Leu CTT   4   4   4   4   5   4 | Pro CCT   1   1   1   1   1   1 | His CAT   0   0   0   0   0   0 | Arg CGT   0   0   0   0   0   0
    CTC   1   1   1   1   1   1 |     CCC   1   1   1   1   1   1 |     CAC   0   0   0   0   0   0 |     CGC   0   0   0   0   0   0
    CTA   2   2   2   2   2   2 |     CCA   3   3   3   2   3   3 | Gln CAA   0   0   0   0   0   0 |     CGA   2   2   2   2   3   2
    CTG   5   5   5   5   4   5 |     CCG   0   0   0   1   0   0 |     CAG   1   1   1   1   1   1 |     CGG   2   2   2   2   1   2
--------------------------------------------------------------------------------------------------------------------------------------
Ile ATT   2   2   2   2   2   2 | Thr ACT   1   1   1   1   1   1 | Asn AAT   9   9   9   9   9   9 | Ser AGT   4   5   4   4   4   4
    ATC   1   1   1   1   1   1 |     ACC   1   1   1   1   1   1 |     AAC   1   1   1   1   1   1 |     AGC   1   0   1   1   1   1
    ATA   1   1   1   1   1   1 |     ACA   1   1   1   1   1   1 | Lys AAA   8   8   8   8   8   8 | Arg AGA   0   0   0   0   0   0
Met ATG   1   1   1   1   1   1 |     ACG   0   0   0   0   0   0 |     AAG   1   1   1   1   1   1 |     AGG   1   1   1   1   1   1
--------------------------------------------------------------------------------------------------------------------------------------
Val GTT   0   0   0   0   0   0 | Ala GCT   3   3   3   3   3   3 | Asp GAT  13  13  14  12  13  13 | Gly GGT   2   2   2   2   2   2
    GTC   3   3   3   3   3   3 |     GCC   1   1   1   1   1   1 |     GAC   3   3   2   3   3   3 |     GGC   2   2   2   2   2   2
    GTA   1   1   1   1   1   1 |     GCA   1   2   2   2   2   2 | Glu GAA  17  17  17  17  18  17 |     GGA   5   5   5   5   4   5
    GTG   1   1   1   1   1   1 |     GCG   1   0   0   0   0   0 |     GAG  11  11  11  12  11  11 |     GGG   2   2   2   2   2   2
--------------------------------------------------------------------------------------------------------------------------------------

--------------------------------------------------------------------------------------------------------------------------------------
Phe TTT   3   3   3   3   3   3 | Ser TCT   1   1   1   1   1   1 | Tyr TAT   1   1   1   1   1   1 | Cys TGT   1   1   1   1   1   1
    TTC   0   0   0   0   0   0 |     TCC   0   0   0   0   0   0 |     TAC   1   1   1   1   1   1 |     TGC   2   2   2   2   2   2
Leu TTA   1   1   1   1   1   1 |     TCA   2   2   2   2   2   2 | *** TAA   0   0   0   0   0   0 | *** TGA   0   0   0   0   0   0
    TTG   3   3   3   3   3   3 |     TCG   0   0   0   0   0   0 |     TAG   0   0   0   0   0   0 | Trp TGG   0   0   0   0   0   0
--------------------------------------------------------------------------------------------------------------------------------------
Leu CTT   4   4   4   4   4   4 | Pro CCT   1   1   1   1   1   1 | His CAT   0   0   0   0   0   0 | Arg CGT   0   0   0   0   0   0
    CTC   1   1   1   1   1   1 |     CCC   1   1   1   1   1   1 |     CAC   0   0   0   0   0   0 |     CGC   0   0   0   0   0   0
    CTA   2   2   2   2   2   2 |     CCA   3   3   3   3   3   3 | Gln CAA   0   0   0   0   0   0 |     CGA   2   2   2   2   2   2
    CTG   5   5   5   5   5   5 |     CCG   0   0   0   0   0   0 |     CAG   1   1   1   1   1   1 |     CGG   2   2   2   2   2   2
--------------------------------------------------------------------------------------------------------------------------------------
Ile ATT   2   2   2   2   2   2 | Thr ACT   1   1   1   1   1   1 | Asn AAT   9   9   9   9   8   9 | Ser AGT   4   4   4   4   4   4
    ATC   1   1   1   1   1   1 |     ACC   1   1   1   1   1   1 |     AAC   1   1   1   1   2   1 |     AGC   1   1   1   1   1   1
    ATA   1   1   1   1   1   1 |     ACA   1   1   1   1   1   1 | Lys AAA   8   8   8   8   8   8 | Arg AGA   0   0   0   0   0   0
Met ATG   1   1   1   1   1   1 |     ACG   0   0   0   0   0   0 |     AAG   1   1   1   1   1   1 |     AGG   1   1   1   1   1   1
--------------------------------------------------------------------------------------------------------------------------------------
Val GTT   0   0   0   0   0   0 | Ala GCT   3   3   3   3   3   3 | Asp GAT  13  13  13  13  13  14 | Gly GGT   2   2   2   1   2   2
    GTC   3   3   3   3   3   3 |     GCC   1   1   1   1   1   1 |     GAC   3   3   3   3   3   2 |     GGC   2   2   2   2   2   2
    GTA   1   1   1   1   1   1 |     GCA   2   2   2   2   2   2 | Glu GAA  17  17  17  17  17  16 |     GGA   5   5   5   5   5   5
    GTG   1   1   1   1   1   1 |     GCG   0   0   0   0   0   0 |     GAG  11  11  11  11  11  12 |     GGG   2   2   2   3   2   2
--------------------------------------------------------------------------------------------------------------------------------------

--------------------------------------------------------------------------------------------------------------------------------------
Phe TTT   3   3   3   3   3   3 | Ser TCT   1   1   1   1   1   1 | Tyr TAT   1   1   1   1   1   1 | Cys TGT   1   1   1   1   1   1
    TTC   0   0   0   0   0   0 |     TCC   0   0   0   0   0   0 |     TAC   1   1   1   1   1   1 |     TGC   2   2   2   2   2   2
Leu TTA   1   1   1   1   1   1 |     TCA   2   2   2   2   2   2 | *** TAA   0   0   0   0   0   0 | *** TGA   0   0   0   0   0   0
    TTG   3   3   3   3   3   3 |     TCG   0   0   0   0   0   0 |     TAG   0   0   0   0   0   0 | Trp TGG   0   0   0   0   0   0
--------------------------------------------------------------------------------------------------------------------------------------
Leu CTT   4   4   4   4   4   4 | Pro CCT   1   1   1   1   1   1 | His CAT   0   0   0   0   0   0 | Arg CGT   0   0   0   0   0   0
    CTC   1   2   1   1   1   1 |     CCC   1   1   1   1   1   1 |     CAC   0   0   0   0   0   0 |     CGC   0   0   0   0   0   0
    CTA   2   2   2   2   2   2 |     CCA   3   3   3   3   3   3 | Gln CAA   0   0   0   0   0   0 |     CGA   2   2   2   2   2   2
    CTG   5   4   5   5   5   5 |     CCG   0   0   0   0   0   0 |     CAG   1   1   1   1   1   1 |     CGG   2   2   2   2   2   2
--------------------------------------------------------------------------------------------------------------------------------------
Ile ATT   2   2   2   2   2   2 | Thr ACT   1   1   1   1   1   1 | Asn AAT   9   9   9   9   9   9 | Ser AGT   4   4   4   4   4   4
    ATC   1   1   1   1   1   1 |     ACC   1   1   1   1   1   1 |     AAC   1   1   1   1   1   1 |     AGC   1   1   1   1   1   1
    ATA   1   1   1   1   1   1 |     ACA   1   1   1   1   1   1 | Lys AAA   8   8   8   8   8   8 | Arg AGA   0   0   0   0   0   0
Met ATG   1   1   1   1   1   1 |     ACG   0   0   0   0   0   0 |     AAG   1   1   1   1   1   1 |     AGG   1   1   1   1   1   1
--------------------------------------------------------------------------------------------------------------------------------------
Val GTT   0   0   0   0   0   0 | Ala GCT   3   3   3   3   3   3 | Asp GAT  14  13  14  14  13  13 | Gly GGT   2   2   2   2   2   2
    GTC   3   3   3   3   3   3 |     GCC   1   1   1   1   1   1 |     GAC   2   3   2   2   3   3 |     GGC   2   2   2   2   2   2
    GTA   1   1   1   1   1   1 |     GCA   2   1   2   2   2   2 | Glu GAA  17  17  17  17  17  17 |     GGA   5   5   5   5   5   5
    GTG   1   1   1   1   1   1 |     GCG   0   1   0   0   0   0 |     GAG  11  11  11  11  11  11 |     GGG   2   2   2   2   2   2
--------------------------------------------------------------------------------------------------------------------------------------

--------------------------------------------------------------------------------------------------------------------------------------
Phe TTT   3   2   3   3   3   3 | Ser TCT   1   1   1   1   1   1 | Tyr TAT   1   1   1   1   1   1 | Cys TGT   1   1   1   1   1   1
    TTC   0   1   0   0   0   0 |     TCC   0   0   0   0   0   0 |     TAC   1   1   1   1   1   1 |     TGC   2   2   2   2   2   2
Leu TTA   0   2   1   1   1   1 |     TCA   2   2   2   2   2   2 | *** TAA   0   0   0   0   0   0 | *** TGA   0   0   0   0   0   0
    TTG   4   3   3   3   3   3 |     TCG   0   0   0   0   0   0 |     TAG   0   0   0   0   0   0 | Trp TGG   0   0   0   0   0   0
--------------------------------------------------------------------------------------------------------------------------------------
Leu CTT   4   4   4   4   4   4 | Pro CCT   1   1   1   1   1   1 | His CAT   0   0   0   0   0   0 | Arg CGT   0   0   0   0   0   0
    CTC   1   1   1   1   1   1 |     CCC   1   1   1   1   1   1 |     CAC   0   0   0   0   0   0 |     CGC   0   0   0   0   0   0
    CTA   2   3   2   2   2   2 |     CCA   3   3   3   3   3   3 | Gln CAA   0   0   0   0   0   0 |     CGA   2   3   1   2   2   2
    CTG   5   3   5   5   5   5 |     CCG   0   0   0   0   0   0 |     CAG   1   1   1   1   1   1 |     CGG   2   1   2   2   2   2
--------------------------------------------------------------------------------------------------------------------------------------
Ile ATT   2   2   2   2   2   2 | Thr ACT   1   1   1   1   1   1 | Asn AAT   9   9   9   9   9   9 | Ser AGT   4   4   4   4   4   4
    ATC   1   1   1   1   1   1 |     ACC   1   1   1   1   1   1 |     AAC   1   1   1   1   1   1 |     AGC   1   1   1   1   1   1
    ATA   1   1   1   1   1   1 |     ACA   1   1   1   1   1   1 | Lys AAA   8   7   8   8   8   8 | Arg AGA   0   0   1   0   0   0
Met ATG   1   1   1   1   1   1 |     ACG   0   0   0   0   0   0 |     AAG   1   2   1   1   1   1 |     AGG   1   1   1   1   1   1
--------------------------------------------------------------------------------------------------------------------------------------
Val GTT   0   0   0   0   0   0 | Ala GCT   3   3   4   3   3   3 | Asp GAT  13  13  13  13  13  13 | Gly GGT   2   2   1   2   2   2
    GTC   3   3   3   3   3   3 |     GCC   1   1   1   1   1   1 |     GAC   3   3   3   3   3   3 |     GGC   2   2   2   2   2   2
    GTA   1   1   1   1   1   1 |     GCA   2   2   2   2   2   2 | Glu GAA  17  17  17  17  17  17 |     GGA   6   5   5   5   5   5
    GTG   1   1   1   1   1   1 |     GCG   0   0   0   0   0   0 |     GAG  11  11  11  11  11  11 |     GGG   1   2   2   2   2   2
--------------------------------------------------------------------------------------------------------------------------------------

Codon position x base (3x4) table for each sequence.

#1: Argali         
position  1:    T:0.11029    C:0.16176    A:0.24265    G:0.48529
position  2:    T:0.21324    C:0.12500    A:0.48529    G:0.17647
position  3:    T:0.33088    C:0.13235    A:0.32353    G:0.21324
Average         T:0.21814    C:0.13971    A:0.35049    G:0.29167

#2: LesserMouseDeer
position  1:    T:0.11029    C:0.15441    A:0.25000    G:0.48529
position  2:    T:0.22059    C:0.12500    A:0.48529    G:0.16912
position  3:    T:0.31618    C:0.15441    A:0.33088    G:0.19853
Average         T:0.21569    C:0.14461    A:0.35539    G:0.28431

#3: LesserKudu     
position  1:    T:0.11029    C:0.16912    A:0.23529    G:0.48529
position  2:    T:0.21324    C:0.12500    A:0.48529    G:0.17647
position  3:    T:0.33088    C:0.12500    A:0.33088    G:0.21324
Average         T:0.21814    C:0.13971    A:0.35049    G:0.29167

#4: ForestMuskDeer2
position  1:    T:0.11029    C:0.16176    A:0.24265    G:0.48529
position  2:    T:0.21324    C:0.12500    A:0.48529    G:0.17647
position  3:    T:0.33088    C:0.13235    A:0.33088    G:0.20588
Average         T:0.21814    C:0.13971    A:0.35294    G:0.28922

#5: Camel          
position  1:    T:0.11029    C:0.16176    A:0.24265    G:0.48529
position  2:    T:0.21324    C:0.12500    A:0.48529    G:0.17647
position  3:    T:0.33088    C:0.13971    A:0.33088    G:0.19853
Average         T:0.21814    C:0.14216    A:0.35294    G:0.28676

#6: KillerWhale    
position  1:    T:0.11029    C:0.16176    A:0.24265    G:0.48529
position  2:    T:0.21324    C:0.12500    A:0.48529    G:0.17647
position  3:    T:0.31618    C:0.13971    A:0.35294    G:0.19118
Average         T:0.21324    C:0.14216    A:0.36029    G:0.28431

#7: DefassaWaterbuck
position  1:    T:0.11029    C:0.16176    A:0.24265    G:0.48529
position  2:    T:0.21324    C:0.12500    A:0.48529    G:0.17647
position  3:    T:0.33088    C:0.13235    A:0.33088    G:0.20588
Average         T:0.21814    C:0.13971    A:0.35294    G:0.28922

#8: Sheep          
position  1:    T:0.11029    C:0.16176    A:0.24265    G:0.48529
position  2:    T:0.21324    C:0.12500    A:0.48529    G:0.17647
position  3:    T:0.33088    C:0.13235    A:0.32353    G:0.21324
Average         T:0.21814    C:0.13971    A:0.35049    G:0.29167

#9: MaxwellsDuiker 
position  1:    T:0.11029    C:0.16176    A:0.24265    G:0.48529
position  2:    T:0.21324    C:0.12500    A:0.48529    G:0.17647
position  3:    T:0.32353    C:0.13235    A:0.33088    G:0.21324
Average         T:0.21569    C:0.13971    A:0.35294    G:0.29167

#10: GazellaPrzewalskyi
position  1:    T:0.11029    C:0.16176    A:0.24265    G:0.48529
position  2:    T:0.21324    C:0.12500    A:0.48529    G:0.17647
position  3:    T:0.33088    C:0.13235    A:0.33088    G:0.20588
Average         T:0.21814    C:0.13971    A:0.35294    G:0.28922

#11: MountainNyala  
position  1:    T:0.11029    C:0.16176    A:0.24265    G:0.48529
position  2:    T:0.21324    C:0.12500    A:0.48529    G:0.17647
position  3:    T:0.32353    C:0.13235    A:0.33088    G:0.21324
Average         T:0.21569    C:0.13971    A:0.35294    G:0.29167

#12: MuntiacusMuntjak
position  1:    T:0.11029    C:0.16176    A:0.24265    G:0.48529
position  2:    T:0.21324    C:0.12500    A:0.48529    G:0.17647
position  3:    T:0.33824    C:0.12500    A:0.33088    G:0.20588
Average         T:0.22059    C:0.13725    A:0.35294    G:0.28922

#13: goat           
position  1:    T:0.11029    C:0.16176    A:0.24265    G:0.48529
position  2:    T:0.21324    C:0.12500    A:0.48529    G:0.17647
position  3:    T:0.33088    C:0.13235    A:0.33088    G:0.20588
Average         T:0.21814    C:0.13971    A:0.35294    G:0.28922

#14: AfricanBuffalo 
position  1:    T:0.11029    C:0.16176    A:0.24265    G:0.48529
position  2:    T:0.21324    C:0.12500    A:0.48529    G:0.17647
position  3:    T:0.33088    C:0.13235    A:0.33088    G:0.20588
Average         T:0.21814    C:0.13971    A:0.35294    G:0.28922

#15: Topi           
position  1:    T:0.11029    C:0.16176    A:0.24265    G:0.48529
position  2:    T:0.21324    C:0.12500    A:0.48529    G:0.17647
position  3:    T:0.32353    C:0.13971    A:0.33824    G:0.19853
Average         T:0.21569    C:0.14216    A:0.35539    G:0.28676

#16: CommonDuiker   
position  1:    T:0.11029    C:0.16176    A:0.23529    G:0.49265
position  2:    T:0.22059    C:0.11029    A:0.49265    G:0.17647
position  3:    T:0.33824    C:0.12500    A:0.33088    G:0.20588
Average         T:0.22304    C:0.13235    A:0.35294    G:0.29167

#17: Suni           
position  1:    T:0.11765    C:0.15441    A:0.24265    G:0.48529
position  2:    T:0.21324    C:0.12500    A:0.48529    G:0.17647
position  3:    T:0.33088    C:0.13235    A:0.33824    G:0.19853
Average         T:0.22059    C:0.13725    A:0.35539    G:0.28676

#18: Springbuck     
position  1:    T:0.11029    C:0.16176    A:0.24265    G:0.48529
position  2:    T:0.21324    C:0.12500    A:0.48529    G:0.17647
position  3:    T:0.33088    C:0.13235    A:0.32353    G:0.21324
Average         T:0.21814    C:0.13971    A:0.35049    G:0.29167

#19: Okapi          
position  1:    T:0.11029    C:0.16176    A:0.24265    G:0.48529
position  2:    T:0.21324    C:0.12500    A:0.49265    G:0.16912
position  3:    T:0.33088    C:0.13235    A:0.33824    G:0.19853
Average         T:0.21814    C:0.13971    A:0.35784    G:0.28431

#20: Giraffe        
position  1:    T:0.11765    C:0.15441    A:0.24265    G:0.48529
position  2:    T:0.21324    C:0.12500    A:0.49265    G:0.16912
position  3:    T:0.33088    C:0.13235    A:0.33824    G:0.19853
Average         T:0.22059    C:0.13725    A:0.35784    G:0.28431

#21: TibetanAntelope
position  1:    T:0.11029    C:0.16176    A:0.24265    G:0.48529
position  2:    T:0.21324    C:0.12500    A:0.48529    G:0.17647
position  3:    T:0.32353    C:0.13235    A:0.31618    G:0.22794
Average         T:0.21569    C:0.13971    A:0.34804    G:0.29657

#22: Sitatunga      
position  1:    T:0.11029    C:0.16176    A:0.24265    G:0.48529
position  2:    T:0.21324    C:0.12500    A:0.48529    G:0.17647
position  3:    T:0.33088    C:0.13235    A:0.33088    G:0.20588
Average         T:0.21814    C:0.13971    A:0.35294    G:0.28922

#23: Oribi          
position  1:    T:0.11029    C:0.16176    A:0.24265    G:0.48529
position  2:    T:0.21324    C:0.12500    A:0.48529    G:0.17647
position  3:    T:0.31618    C:0.13235    A:0.33088    G:0.22059
Average         T:0.21324    C:0.13971    A:0.35294    G:0.29412

#24: BarbarySheep   
position  1:    T:0.11029    C:0.16176    A:0.24265    G:0.48529
position  2:    T:0.21324    C:0.12500    A:0.48529    G:0.17647
position  3:    T:0.33088    C:0.13235    A:0.33088    G:0.20588
Average         T:0.21814    C:0.13971    A:0.35294    G:0.28922

#25: Daviddeer      
position  1:    T:0.11029    C:0.16176    A:0.24265    G:0.48529
position  2:    T:0.21324    C:0.12500    A:0.48529    G:0.17647
position  3:    T:0.33824    C:0.12500    A:0.33088    G:0.20588
Average         T:0.22059    C:0.13725    A:0.35294    G:0.28922

#26: Reindeer       
position  1:    T:0.11029    C:0.16176    A:0.24265    G:0.48529
position  2:    T:0.21324    C:0.12500    A:0.48529    G:0.17647
position  3:    T:0.34559    C:0.11765    A:0.33088    G:0.20588
Average         T:0.22304    C:0.13480    A:0.35294    G:0.28922

#27: Ibex           
position  1:    T:0.11029    C:0.16176    A:0.24265    G:0.48529
position  2:    T:0.21324    C:0.12500    A:0.48529    G:0.17647
position  3:    T:0.33088    C:0.13235    A:0.33088    G:0.20588
Average         T:0.21814    C:0.13971    A:0.35294    G:0.28922

#28: GyrantGazelle  
position  1:    T:0.11029    C:0.16176    A:0.23529    G:0.49265
position  2:    T:0.22059    C:0.11765    A:0.48529    G:0.17647
position  3:    T:0.34559    C:0.11765    A:0.32353    G:0.21324
Average         T:0.22549    C:0.13235    A:0.34804    G:0.29412

#29: Hartebeest     
position  1:    T:0.11029    C:0.16176    A:0.24265    G:0.48529
position  2:    T:0.21324    C:0.12500    A:0.48529    G:0.17647
position  3:    T:0.32353    C:0.13971    A:0.32353    G:0.21324
Average         T:0.21569    C:0.14216    A:0.35049    G:0.29167

#30: Bongo          
position  1:    T:0.11029    C:0.16176    A:0.24265    G:0.48529
position  2:    T:0.21324    C:0.12500    A:0.48529    G:0.17647
position  3:    T:0.33088    C:0.13235    A:0.33088    G:0.20588
Average         T:0.21814    C:0.13971    A:0.35294    G:0.28922

#31: Gerenuk        
position  1:    T:0.11029    C:0.16176    A:0.24265    G:0.48529
position  2:    T:0.21324    C:0.12500    A:0.48529    G:0.17647
position  3:    T:0.33088    C:0.13235    A:0.32353    G:0.21324
Average         T:0.21814    C:0.13971    A:0.35049    G:0.29167

#32: CommonEland    
position  1:    T:0.11029    C:0.16176    A:0.24265    G:0.48529
position  2:    T:0.21324    C:0.12500    A:0.48529    G:0.17647
position  3:    T:0.33824    C:0.12500    A:0.33088    G:0.20588
Average         T:0.22059    C:0.13725    A:0.35294    G:0.28922

#33: MuntiacusReevesi
position  1:    T:0.11029    C:0.16176    A:0.24265    G:0.48529
position  2:    T:0.21324    C:0.12500    A:0.48529    G:0.17647
position  3:    T:0.33824    C:0.12500    A:0.33088    G:0.20588
Average         T:0.22059    C:0.13725    A:0.35294    G:0.28922

#34: HarveysDuiker  
position  1:    T:0.11029    C:0.16176    A:0.24265    G:0.48529
position  2:    T:0.21324    C:0.12500    A:0.48529    G:0.17647
position  3:    T:0.32353    C:0.13235    A:0.32353    G:0.22059
Average         T:0.21569    C:0.13971    A:0.35049    G:0.29412

#35: Pronghorn      
position  1:    T:0.11029    C:0.16176    A:0.24265    G:0.48529
position  2:    T:0.21324    C:0.12500    A:0.49265    G:0.16912
position  3:    T:0.33824    C:0.13235    A:0.33088    G:0.19853
Average         T:0.22059    C:0.13971    A:0.35539    G:0.28431

#36: BlueWildebeest 
position  1:    T:0.11029    C:0.16176    A:0.24265    G:0.48529
position  2:    T:0.21324    C:0.12500    A:0.48529    G:0.17647
position  3:    T:0.33088    C:0.13235    A:0.33088    G:0.20588
Average         T:0.21814    C:0.13971    A:0.35294    G:0.28922

#37: Gemsbok        
position  1:    T:0.11029    C:0.16176    A:0.24265    G:0.48529
position  2:    T:0.21324    C:0.12500    A:0.48529    G:0.17647
position  3:    T:0.33088    C:0.13235    A:0.33088    G:0.20588
Average         T:0.21814    C:0.13971    A:0.35294    G:0.28922

#38: Yak            
position  1:    T:0.11029    C:0.16176    A:0.24265    G:0.48529
position  2:    T:0.21324    C:0.12500    A:0.48529    G:0.17647
position  3:    T:0.33088    C:0.13235    A:0.33088    G:0.20588
Average         T:0.21814    C:0.13971    A:0.35294    G:0.28922

#39: BlueSheep      
position  1:    T:0.11029    C:0.16176    A:0.24265    G:0.48529
position  2:    T:0.21324    C:0.12500    A:0.48529    G:0.17647
position  3:    T:0.33088    C:0.13235    A:0.33088    G:0.20588
Average         T:0.21814    C:0.13971    A:0.35294    G:0.28922

#40: BohorReedbuck  
position  1:    T:0.11029    C:0.16176    A:0.24265    G:0.48529
position  2:    T:0.21324    C:0.12500    A:0.48529    G:0.17647
position  3:    T:0.32353    C:0.13235    A:0.33088    G:0.21324
Average         T:0.21569    C:0.13971    A:0.35294    G:0.29167

#41: KirksDik       
position  1:    T:0.11029    C:0.16176    A:0.24265    G:0.48529
position  2:    T:0.21324    C:0.12500    A:0.48529    G:0.17647
position  3:    T:0.32353    C:0.13971    A:0.33088    G:0.20588
Average         T:0.21569    C:0.14216    A:0.35294    G:0.28922

#42: RoeDeer        
position  1:    T:0.11029    C:0.16176    A:0.24265    G:0.48529
position  2:    T:0.21324    C:0.12500    A:0.48529    G:0.17647
position  3:    T:0.33824    C:0.12500    A:0.32353    G:0.21324
Average         T:0.22059    C:0.13725    A:0.35049    G:0.29167

#43: WhiteLippedDeer
position  1:    T:0.11029    C:0.16176    A:0.24265    G:0.48529
position  2:    T:0.21324    C:0.12500    A:0.48529    G:0.17647
position  3:    T:0.33824    C:0.12500    A:0.33088    G:0.20588
Average         T:0.22059    C:0.13725    A:0.35294    G:0.28922

#44: ThomsonGazelle 
position  1:    T:0.11029    C:0.16176    A:0.24265    G:0.48529
position  2:    T:0.21324    C:0.12500    A:0.48529    G:0.17647
position  3:    T:0.33088    C:0.13971    A:0.32353    G:0.20588
Average         T:0.21814    C:0.14216    A:0.35049    G:0.28922

#45: MuntiacusCrinifrons
position  1:    T:0.11029    C:0.16176    A:0.24265    G:0.48529
position  2:    T:0.21324    C:0.12500    A:0.48529    G:0.17647
position  3:    T:0.33824    C:0.12500    A:0.33088    G:0.20588
Average         T:0.22059    C:0.13725    A:0.35294    G:0.28922

#46: WhiteTailedDeer
position  1:    T:0.11029    C:0.16176    A:0.24265    G:0.48529
position  2:    T:0.21324    C:0.12500    A:0.48529    G:0.17647
position  3:    T:0.33824    C:0.12500    A:0.33088    G:0.20588
Average         T:0.22059    C:0.13725    A:0.35294    G:0.28922

#47: Cattle         
position  1:    T:0.11029    C:0.16176    A:0.24265    G:0.48529
position  2:    T:0.21324    C:0.12500    A:0.48529    G:0.17647
position  3:    T:0.33088    C:0.13235    A:0.33088    G:0.20588
Average         T:0.21814    C:0.13971    A:0.35294    G:0.28922

#48: RoyalAntelope  
position  1:    T:0.11029    C:0.16176    A:0.24265    G:0.48529
position  2:    T:0.21324    C:0.12500    A:0.48529    G:0.17647
position  3:    T:0.33088    C:0.13235    A:0.33088    G:0.20588
Average         T:0.21814    C:0.13971    A:0.35294    G:0.28922

#49: Steenbok       
position  1:    T:0.11029    C:0.16176    A:0.24265    G:0.48529
position  2:    T:0.21324    C:0.12500    A:0.48529    G:0.17647
position  3:    T:0.33088    C:0.13235    A:0.33088    G:0.20588
Average         T:0.21814    C:0.13971    A:0.35294    G:0.28922

#50: Impala         
position  1:    T:0.11765    C:0.15441    A:0.24265    G:0.48529
position  2:    T:0.21324    C:0.12500    A:0.48529    G:0.17647
position  3:    T:0.32353    C:0.13971    A:0.34559    G:0.19118
Average         T:0.21814    C:0.13971    A:0.35784    G:0.28431

#51: Klipspringer   
position  1:    T:0.11029    C:0.15441    A:0.25000    G:0.48529
position  2:    T:0.21324    C:0.13235    A:0.48529    G:0.16912
