1
52 1
Argali 0.000000 0.202900 0.048700 0.163800 0.046900 0.001600 0.033400 0.051700 0.038500 0.057500 0.009900 0.048800 0.043500 0.038400 0.055500 0.056900 0.052100 0.060000 0.014800 0.041800 0.055300 0.008200 0.064300 0.066000 0.009800 0.051800 0.038300 0.043500 0.051900 0.043500 0.061000 0.038300 0.064500 0.036700 0.039800 0.052000 0.004900 0.052000 0.060600 0.060600 0.075000 0.056900 0.061000 0.064300 0.054100 0.046500 0.062300 0.055200 0.043600 0.062800 0.044900 0.041900
LesserMous 0.202900 0.000000 0.208200 0.256400 0.198800 0.200900 0.195300 0.223700 0.199500 0.205400 0.212000 0.199800 0.197000 0.205100 0.210900 0.219500 0.194700 0.194200 0.216000 0.195000 0.220000 0.209700 0.212400 0.218900 0.211800 0.213500 0.200900 0.197600 0.223100 0.199100 0.205400 0.204900 0.201400 0.194900 0.195000 0.199100 0.205600 0.200700 0.234900 0.206400 0.221600 0.219700 0.209600 0.200800 0.201700 0.210900 0.230800 0.225800 0.201100 0.215300 0.197100 0.195300
LesserKudu 0.048700 0.208200 0.000000 0.168300 0.052200 0.050500 0.043700 0.067400 0.029900 0.061100 0.048700 0.041900 0.062700 0.050500 0.064300 0.074400 0.057500 0.065200 0.057400 0.019800 0.064000 0.046900 0.069700 0.064300 0.052200 0.060500 0.057300 0.028200 0.065800 0.021400 0.059300 0.050400 0.065800 0.059200 0.052300 0.041700 0.047000 0.057300 0.076500 0.062500 0.076900 0.065700 0.061100 0.067900 0.043700 0.064000 0.074600 0.065700 0.048800 0.066400 0.023200 0.023200
KillerWhal 0.163800 0.256400 0.168300 0.000000 0.167300 0.165900 0.159900 0.171600 0.163800 0.173900 0.168000 0.164000 0.167600 0.167400 0.185500 0.171700 0.154800 0.150800 0.167900 0.155500 0.160200 0.165800 0.173300 0.181400 0.167800 0.160000 0.171300 0.157700 0.164200 0.159500 0.167900 0.167300 0.163700 0.169500 0.162000 0.159400 0.161800 0.173200 0.182600 0.175000 0.180100 0.161900 0.172000 0.179400 0.158600 0.170600 0.174300 0.182300 0.165600 0.175800 0.157400 0.156000
DefassaWat 0.046900 0.198800 0.052200 0.167300 0.000000 0.048700 0.038400 0.068900 0.048600 0.066000 0.050400 0.055600 0.053700 0.045100 0.065800 0.061900 0.062400 0.068900 0.052100 0.045100 0.055100 0.048600 0.072900 0.072800 0.050400 0.058500 0.051900 0.050400 0.060300 0.043400 0.069500 0.045100 0.069700 0.053700 0.053900 0.055400 0.045200 0.004900 0.078000 0.065700 0.085600 0.063700 0.069600 0.071100 0.057500 0.062100 0.065600 0.063700 0.048600 0.059100 0.044800 0.045200
Sheep 0.001600 0.200900 0.050500 0.165900 0.048700 0.000000 0.035100 0.053400 0.040200 0.059200 0.011500 0.047100 0.045300 0.040100 0.057200 0.058600 0.053900 0.061800 0.016500 0.043500 0.057000 0.009800 0.066100 0.067700 0.011500 0.053500 0.040100 0.045200 0.053600 0.045200 0.062800 0.040100 0.066300 0.038400 0.041500 0.053800 0.006600 0.053800 0.062400 0.062400 0.076800 0.058700 0.062800 0.066000 0.055900 0.048200 0.064000 0.056900 0.045300 0.064500 0.046700 0.043600
MaxwellsDu 0.033400 0.195300 0.043700 0.159900 0.038400 0.035100 0.000000 0.051700 0.035100 0.054000 0.038500 0.047100 0.041800 0.019800 0.050300 0.056900 0.050400 0.056700 0.040200 0.033300 0.050100 0.033400 0.060800 0.064200 0.036700 0.046600 0.043500 0.040200 0.048400 0.038400 0.057500 0.016500 0.057500 0.036700 0.038500 0.048600 0.033400 0.043400 0.060600 0.053600 0.073300 0.051800 0.057500 0.059000 0.050700 0.050000 0.057100 0.057000 0.040200 0.052300 0.036400 0.036800
GazellaPrz 0.051700 0.223700 0.067400 0.171600 0.068900 0.053400 0.051700 0.000000 0.061900 0.074400 0.058700 0.070800 0.065400 0.067100 0.067000 0.037700 0.070500 0.078200 0.063800 0.058300 0.031000 0.056900 0.077700 0.084700 0.058600 0.024500 0.063600 0.067200 0.029500 0.063500 0.074400 0.060100 0.079300 0.058500 0.058700 0.074000 0.053400 0.074000 0.039500 0.077500 0.093900 0.029400 0.076200 0.082900 0.076300 0.073800 0.037800 0.073700 0.062000 0.079700 0.061900 0.065400
MountainNy 0.038500 0.199500 0.029900 0.163800 0.048600 0.040200 0.035100 0.061900 0.000000 0.057500 0.038400 0.036700 0.055600 0.043500 0.057200 0.062100 0.048700 0.059100 0.050500 0.009800 0.056900 0.040200 0.060800 0.060700 0.045300 0.051800 0.053800 0.014800 0.057000 0.018000 0.059200 0.046900 0.055400 0.048700 0.045300 0.039900 0.040200 0.053800 0.069200 0.055400 0.071500 0.056900 0.057500 0.060800 0.041900 0.060400 0.067400 0.060400 0.052200 0.059300 0.016000 0.016400
MuntiacusM 0.057500 0.205400 0.061100 0.173900 0.066000 0.059200 0.054000 0.074400 0.057500 0.000000 0.062800 0.066400 0.073200 0.064400 0.074700 0.081500 0.059200 0.065400 0.068100 0.050400 0.071000 0.061000 0.040000 0.050300 0.062700 0.067400 0.071400 0.059300 0.072800 0.055600 0.013100 0.064300 0.073500 0.069700 0.062200 0.063900 0.057500 0.071200 0.083600 0.041600 0.052100 0.072700 0.009800 0.052000 0.066100 0.074400 0.081800 0.069200 0.066100 0.071600 0.053500 0.052200
goat 0.009900 0.212000 0.048700 0.168000 0.050400 0.011500 0.038500 0.058700 0.038400 0.062800 0.000000 0.050600 0.047000 0.041800 0.059000 0.060400 0.057400 0.065300 0.018200 0.041800 0.058800 0.008200 0.069600 0.069600 0.006500 0.055300 0.041800 0.046900 0.055400 0.043500 0.066300 0.041800 0.068100 0.043600 0.040200 0.053800 0.008200 0.055600 0.067600 0.064200 0.080500 0.060500 0.066400 0.067900 0.055900 0.050000 0.065800 0.060400 0.047100 0.066300 0.044900 0.041900
AfricanBuf 0.048800 0.199800 0.041900 0.164000 0.055600 0.047100 0.047100 0.070800 0.036700 0.066400 0.050600 0.000000 0.060900 0.053900 0.069500 0.079600 0.062700 0.068700 0.061000 0.033200 0.064000 0.052300 0.073200 0.071400 0.052200 0.063900 0.057300 0.036700 0.069300 0.033200 0.068200 0.053800 0.066100 0.057400 0.055800 0.023000 0.050500 0.060800 0.080000 0.066000 0.084100 0.069200 0.064500 0.071400 0.024900 0.067500 0.074600 0.072700 0.059200 0.071600 0.033000 0.035000
Topi 0.043500 0.197000 0.062700 0.167600 0.053700 0.045300 0.041800 0.065400 0.055600 0.073200 0.047000 0.060900 0.000000 0.050300 0.062300 0.068900 0.062500 0.072500 0.048700 0.052000 0.058600 0.045200 0.080100 0.081800 0.047000 0.058600 0.008100 0.057400 0.060400 0.053700 0.076800 0.048500 0.075000 0.006500 0.043600 0.060600 0.041800 0.058900 0.074500 0.072800 0.089300 0.063800 0.076900 0.081900 0.062800 0.058700 0.065700 0.074200 0.055600 0.075000 0.051800 0.055600
CommonDuik 0.038400 0.205100 0.050500 0.167400 0.045100 0.040100 0.019800 0.067100 0.043500 0.064400 0.041800 0.053900 0.050300 0.000000 0.064000 0.067100 0.060700 0.067200 0.043500 0.043400 0.060300 0.040100 0.071200 0.074700 0.040000 0.060300 0.048500 0.048700 0.062100 0.041700 0.067900 0.016400 0.069700 0.046800 0.048700 0.053700 0.036700 0.050200 0.076200 0.064000 0.083800 0.065500 0.067900 0.069400 0.055800 0.056900 0.070900 0.065500 0.050400 0.066100 0.046600 0.043500
Suni 0.055500 0.210900 0.064300 0.185500 0.065800 0.057200 0.050300 0.067000 0.057200 0.074700 0.059000 0.069500 0.062300 0.064000 0.000000 0.070300 0.071100 0.076000 0.060700 0.053600 0.063700 0.057200 0.079800 0.083300 0.058900 0.056700 0.060500 0.062500 0.062000 0.058800 0.076600 0.060500 0.078400 0.058800 0.059000 0.069200 0.053700 0.070900 0.076100 0.076100 0.092600 0.061900 0.078300 0.081600 0.067900 0.067300 0.070700 0.061900 0.062400 0.080200 0.055100 0.057200
Springbuck 0.056900 0.219500 0.074400 0.171700 0.061900 0.058600 0.056900 0.037700 0.062100 0.081500 0.060400 0.079600 0.068900 0.067100 0.070300 0.000000 0.077500 0.084000 0.065600 0.061900 0.031100 0.058600 0.084800 0.088200 0.060300 0.026100 0.067100 0.067300 0.021200 0.067100 0.085000 0.067100 0.086700 0.065400 0.063900 0.075800 0.055200 0.067000 0.046300 0.084500 0.093900 0.031100 0.085100 0.086500 0.078100 0.079100 0.037800 0.075400 0.072500 0.076100 0.065100 0.065500
Okapi 0.052100 0.194700 0.057500 0.154800 0.062400 0.053900 0.050400 0.070500 0.048700 0.059200 0.057400 0.062700 0.062500 0.060700 0.071100 0.077500 0.000000 0.036200 0.062600 0.045100 0.067200 0.055600 0.064200 0.062400 0.057300 0.063700 0.060600 0.050400 0.069000 0.050300 0.060900 0.060700 0.065900 0.059000 0.055200 0.062400 0.052200 0.067600 0.079700 0.055400 0.074900 0.068900 0.059200 0.060700 0.061100 0.067300 0.077800 0.069000 0.059100 0.069700 0.048300 0.048700
Giraffe 0.060000 0.194200 0.065200 0.150800 0.068900 0.061800 0.056700 0.078200 0.059100 0.065400 0.065300 0.068700 0.072500 0.067200 0.076000 0.084000 0.036200 0.000000 0.065300 0.055400 0.074700 0.063500 0.068700 0.065200 0.065300 0.069900 0.070600 0.061200 0.073500 0.060700 0.067300 0.067100 0.072400 0.068900 0.061300 0.070100 0.060000 0.074100 0.087400 0.061600 0.077700 0.071600 0.062000 0.063600 0.068900 0.073600 0.085600 0.075500 0.065500 0.076200 0.058500 0.059200
TibetanAnt 0.014800 0.216000 0.057400 0.167900 0.052100 0.016500 0.040200 0.063800 0.050500 0.068100 0.018200 0.061000 0.048700 0.043500 0.060700 0.065600 0.062600 0.065300 0.000000 0.050400 0.064000 0.016500 0.074900 0.076600 0.018100 0.060400 0.046900 0.055600 0.058800 0.052100 0.071600 0.043500 0.073400 0.045300 0.048900 0.060800 0.013200 0.057300 0.065900 0.067700 0.085800 0.065700 0.071700 0.074900 0.062900 0.055200 0.071100 0.065600 0.050500 0.068100 0.053600 0.050500
Sitatunga 0.041800 0.195000 0.019800 0.155500 0.045100 0.043500 0.033300 0.058300 0.009800 0.050400 0.041800 0.033200 0.052000 0.043400 0.053600 0.061900 0.045100 0.055400 0.050400 0.000000 0.053300 0.040000 0.057100 0.057100 0.045200 0.048200 0.050200 0.011400 0.053400 0.008100 0.048600 0.043300 0.055000 0.048500 0.041800 0.033000 0.040100 0.050200 0.069000 0.051800 0.067800 0.053400 0.050400 0.057100 0.035000 0.056800 0.063700 0.056800 0.045200 0.055600 0.006500 0.009800
Oribi 0.055300 0.220000 0.064000 0.160200 0.055100 0.057000 0.050100 0.031000 0.056900 0.071000 0.058800 0.064000 0.058600 0.060300 0.063700 0.031100 0.067200 0.074700 0.064000 0.053300 0.000000 0.057000 0.070800 0.081300 0.058700 0.017900 0.056800 0.062100 0.022900 0.055000 0.074600 0.060300 0.079700 0.058600 0.058800 0.063700 0.053500 0.060300 0.041200 0.074100 0.086900 0.022800 0.072800 0.079600 0.065900 0.070500 0.026200 0.066900 0.062200 0.072800 0.053100 0.056900
BarbaryShe 0.008200 0.209700 0.046900 0.165800 0.048600 0.009800 0.033400 0.056900 0.040200 0.061000 0.008200 0.052300 0.045200 0.040100 0.057200 0.058600 0.055600 0.063500 0.016500 0.040000 0.057000 0.000000 0.067800 0.067700 0.011500 0.053500 0.040000 0.045200 0.053600 0.041700 0.064500 0.040000 0.062700 0.041800 0.038500 0.052000 0.006500 0.053800 0.065800 0.062400 0.078600 0.058700 0.064500 0.066000 0.054100 0.048200 0.064000 0.055200 0.045300 0.061000 0.043200 0.040100
Daviddeer 0.064300 0.212400 0.069700 0.173300 0.072900 0.066100 0.060800 0.077700 0.060800 0.040000 0.069600 0.073200 0.080100 0.071200 0.079800 0.084800 0.064200 0.068700 0.074900 0.057100 0.070800 0.067800 0.000000 0.051800 0.069600 0.070700 0.078200 0.066100 0.076100 0.062400 0.039900 0.071100 0.080300 0.076500 0.065600 0.072500 0.064300 0.078200 0.086900 0.044800 0.023000 0.076000 0.041700 0.053500 0.076300 0.081300 0.085100 0.077500 0.073100 0.073200 0.056800 0.059000
Reindeer 0.066000 0.218900 0.064300 0.181400 0.072800 0.067700 0.064200 0.084700 0.060700 0.050300 0.069600 0.071400 0.081800 0.074700 0.083300 0.088200 0.062400 0.065200 0.076600 0.057100 0.081300 0.067700 0.051800 0.000000 0.071300 0.077700 0.079900 0.066000 0.081300 0.062300 0.052000 0.074600 0.080200 0.078200 0.070800 0.068800 0.066000 0.078100 0.090500 0.036400 0.062200 0.083000 0.046900 0.021300 0.071100 0.084800 0.092200 0.079400 0.076600 0.078400 0.053200 0.058900
Ibex 0.009800 0.211800 0.052200 0.167800 0.050400 0.011500 0.036700 0.058600 0.045300 0.062700 0.006500 0.052200 0.047000 0.040000 0.058900 0.060300 0.057300 0.065300 0.018100 0.045200 0.058700 0.011500 0.069600 0.071300 0.000000 0.055200 0.041700 0.050400 0.055300 0.046900 0.066300 0.040000 0.071600 0.043500 0.043600 0.055500 0.008200 0.055500 0.067600 0.065900 0.080400 0.060400 0.066300 0.069500 0.057600 0.049900 0.065800 0.060400 0.047000 0.066300 0.048400 0.045300
GyrantGaze 0.051800 0.213500 0.060500 0.160000 0.058500 0.053500 0.046600 0.024500 0.051800 0.067400 0.055300 0.063900 0.058600 0.060300 0.056700 0.026100 0.063700 0.069900 0.060400 0.048200 0.017900 0.053500 0.070700 0.077700 0.055200 0.000000 0.056800 0.057000 0.017900 0.053400 0.070900 0.056800 0.076100 0.055100 0.055300 0.063600 0.050100 0.063600 0.036200 0.070500 0.086800 0.008100 0.069200 0.076000 0.065800 0.070400 0.024500 0.061600 0.062100 0.069200 0.051300 0.051800
Hartebeest 0.038300 0.200900 0.057300 0.171300 0.051900 0.040100 0.043500 0.063600 0.053800 0.071400 0.041800 0.057300 0.008100 0.048500 0.060500 0.067100 0.060600 0.070600 0.046900 0.050200 0.056800 0.040000 0.078200 0.079900 0.041700 0.056800 0.000000 0.052000 0.058600 0.048500 0.074900 0.046700 0.080200 0.008100 0.041800 0.057000 0.036600 0.057000 0.072600 0.074500 0.090900 0.061900 0.074900 0.079900 0.059200 0.056800 0.063800 0.068800 0.052000 0.076600 0.050000 0.050300
Bongo 0.043500 0.197600 0.028200 0.157700 0.050400 0.045200 0.040200 0.067200 0.014800 0.059300 0.046900 0.036700 0.057400 0.048700 0.062500 0.067300 0.050400 0.061200 0.055600 0.011400 0.062100 0.045200 0.066100 0.066000 0.050400 0.057000 0.052000 0.000000 0.058800 0.016400 0.061100 0.048600 0.057300 0.050400 0.047100 0.039900 0.045200 0.055500 0.074500 0.060700 0.073300 0.062200 0.059300 0.066100 0.041900 0.058700 0.072600 0.062200 0.054000 0.064500 0.017800 0.014800
Gerenuk 0.051900 0.223100 0.065800 0.164200 0.060300 0.053600 0.048400 0.029500 0.057000 0.072800 0.055400 0.069300 0.060400 0.062100 0.062000 0.021200 0.069000 0.073500 0.058800 0.053400 0.022900 0.053600 0.076100 0.081300 0.055300 0.017900 0.058600 0.058800 0.000000 0.058600 0.076300 0.058600 0.078000 0.056900 0.055400 0.069000 0.050100 0.065500 0.038000 0.075900 0.085100 0.022900 0.074600 0.079600 0.071200 0.070500 0.029600 0.066900 0.064000 0.071100 0.056600 0.057000
CommonElan 0.043500 0.199100 0.021400 0.159500 0.043400 0.045200 0.038400 0.063500 0.018000 0.055600 0.043500 0.033200 0.053700 0.041700 0.058800 0.067100 0.050300 0.060700 0.052100 0.008100 0.055000 0.041700 0.062400 0.062300 0.046900 0.053400 0.048500 0.016400 0.058600 0.000000 0.053800 0.041600 0.060300 0.053700 0.046900 0.029700 0.041800 0.048500 0.072500 0.057000 0.073100 0.058500 0.055600 0.062400 0.031600 0.055000 0.065500 0.058500 0.043500 0.060800 0.008100 0.011400
MuntiacusR 0.061000 0.205400 0.059300 0.167900 0.069500 0.062800 0.057500 0.074400 0.059200 0.013100 0.066300 0.068200 0.076800 0.067900 0.076600 0.085000 0.060900 0.067300 0.071600 0.048600 0.074600 0.064500 0.039900 0.052000 0.066300 0.070900 0.074900 0.061100 0.076300 0.053800 0.000000 0.067800 0.075000 0.073200 0.065800 0.065700 0.061000 0.074800 0.087200 0.045000 0.053800 0.076200 0.014800 0.053700 0.067900 0.078000 0.085300 0.072700 0.066100 0.073400 0.052200 0.053900
HarveysDui 0.038300 0.204900 0.050400 0.167300 0.045100 0.040100 0.016500 0.060100 0.046900 0.064300 0.041800 0.053800 0.048500 0.016400 0.060500 0.067100 0.060700 0.067100 0.043500 0.043300 0.060300 0.040000 0.071100 0.074600 0.040000 0.056800 0.046700 0.048600 0.058600 0.041600 0.067800 0.000000 0.069600 0.045100 0.045200 0.053600 0.036600 0.050200 0.072600 0.063900 0.083700 0.061900 0.067900 0.069300 0.055700 0.053300 0.067300 0.065400 0.046900 0.066100 0.046500 0.043500
Pronghorn 0.064500 0.201400 0.065800 0.163700 0.069700 0.066300 0.057500 0.079300 0.055400 0.073500 0.068100 0.066100 0.075000 0.069700 0.078400 0.086700 0.065900 0.072400 0.073400 0.055000 0.079700 0.062700 0.080300 0.080200 0.071600 0.076100 0.080200 0.057300 0.078000 0.060300 0.075000 0.069600 0.000000 0.071400 0.068100 0.065900 0.066300 0.074900 0.085300 0.069500 0.080500 0.081200 0.073500 0.078500 0.071600 0.079900 0.090500 0.078000 0.073100 0.078800 0.057200 0.059000
BlueWildeb 0.036700 0.194900 0.059200 0.169500 0.053700 0.038400 0.036700 0.058500 0.048700 0.069700 0.043600 0.057400 0.006500 0.046800 0.058800 0.065400 0.059000 0.068900 0.045300 0.048500 0.058600 0.041800 0.076500 0.078200 0.043500 0.055100 0.008100 0.050400 0.056900 0.053700 0.073200 0.045100 0.071400 0.000000 0.040200 0.060600 0.038400 0.058800 0.067500 0.069300 0.089200 0.060300 0.073300 0.078300 0.062800 0.058700 0.065600 0.070700 0.055600 0.071400 0.051800 0.052100
Gemsbok 0.039800 0.195000 0.052300 0.162000 0.053900 0.041500 0.038500 0.058700 0.045300 0.062200 0.040200 0.055800 0.043600 0.048700 0.059000 0.063900 0.055200 0.061300 0.048900 0.041800 0.058800 0.038500 0.065600 0.070800 0.043600 0.055300 0.041800 0.047100 0.055400 0.046900 0.065800 0.045200 0.068100 0.040200 0.000000 0.055600 0.038500 0.059000 0.062400 0.063700 0.081800 0.060500 0.065800 0.069200 0.057700 0.054700 0.065800 0.067100 0.050500 0.066300 0.044900 0.045300
Yak 0.052000 0.199100 0.041700 0.159400 0.055400 0.053800 0.048600 0.074000 0.039900 0.063900 0.053800 0.023000 0.060600 0.053700 0.069200 0.075800 0.062400 0.070100 0.060800 0.033000 0.063700 0.052000 0.072500 0.068800 0.055500 0.063600 0.057000 0.039900 0.069000 0.029700 0.065700 0.053600 0.065900 0.060600 0.055600 0.000000 0.050300 0.060500 0.081400 0.063500 0.083400 0.068900 0.062100 0.072500 0.011500 0.065000 0.074200 0.072400 0.059000 0.071300 0.032800 0.034800
BlueSheep 0.004900 0.205600 0.047000 0.161800 0.045200 0.006600 0.033400 0.053400 0.040200 0.057500 0.008200 0.050500 0.041800 0.036700 0.053700 0.055200 0.052200 0.060000 0.013200 0.040100 0.053500 0.006500 0.064300 0.066000 0.008200 0.050100 0.036600 0.045200 0.050100 0.041800 0.061000 0.036600 0.066300 0.038400 0.038500 0.050300 0.000000 0.050300 0.062300 0.060600 0.075000 0.055200 0.061000 0.064300 0.052400 0.044700 0.060500 0.055200 0.041900 0.061000 0.043200 0.040200
BohorReedb 0.052000 0.200700 0.057300 0.173200 0.004900 0.053800 0.043400 0.074000 0.053800 0.071200 0.055600 0.060800 0.058900 0.050200 0.070900 0.067000 0.067600 0.074100 0.057300 0.050200 0.060300 0.053800 0.078200 0.078100 0.055500 0.063600 0.057000 0.055500 0.065500 0.048500 0.074800 0.050200 0.074900 0.058800 0.059000 0.060500 0.050300 0.000000 0.083200 0.070900 0.090900 0.068800 0.074800 0.076300 0.062700 0.067200 0.070800 0.068900 0.053700 0.064300 0.049900 0.050300
KirksDik 0.060600 0.234900 0.076500 0.182600 0.078000 0.062400 0.060600 0.039500 0.069200 0.083600 0.067600 0.080000 0.074500 0.076200 0.076100 0.046300 0.079700 0.087400 0.065900 0.069000 0.041200 0.065800 0.086900 0.090500 0.067600 0.036200 0.072600 0.074500 0.038000 0.072500 0.087200 0.072600 0.085300 0.067500 0.062400 0.081400 0.062300 0.083200 0.000000 0.083200 0.103400 0.041300 0.085400 0.092300 0.083800 0.081200 0.044700 0.082800 0.074600 0.089000 0.072300 0.072700
RoeDeer 0.060600 0.206400 0.062500 0.175000 0.065700 0.062400 0.053600 0.077500 0.055400 0.041600 0.064200 0.066000 0.072800 0.064000 0.076100 0.084500 0.055400 0.061600 0.067700 0.051800 0.074100 0.062400 0.044800 0.036400 0.065900 0.070500 0.074500 0.060700 0.075900 0.057000 0.045000 0.063900 0.069500 0.069300 0.063700 0.063500 0.060600 0.070900 0.083200 0.000000 0.055200 0.075800 0.043300 0.038100 0.065700 0.077500 0.081300 0.072300 0.067600 0.067600 0.051400 0.053600
WhiteLippe 0.075000 0.221600 0.076900 0.180100 0.085600 0.076800 0.073300 0.093900 0.071500 0.052100 0.080500 0.084100 0.089300 0.083800 0.092600 0.093900 0.074900 0.077700 0.085800 0.067800 0.086900 0.078600 0.023000 0.062200 0.080400 0.086800 0.090900 0.073300 0.085100 0.073100 0.053800 0.083700 0.080500 0.089200 0.081800 0.083400 0.075000 0.090900 0.103400 0.055200 0.000000 0.092200 0.052100 0.064000 0.085700 0.088700 0.101500 0.088600 0.085700 0.080500 0.067500 0.069600
ThomsonGaz 0.056900 0.219700 0.065700 0.161900 0.063700 0.058700 0.051800 0.029400 0.056900 0.072700 0.060500 0.069200 0.063800 0.065500 0.061900 0.031100 0.068900 0.071600 0.065700 0.053400 0.022800 0.058700 0.076000 0.083000 0.060400 0.008100 0.061900 0.062200 0.022900 0.058500 0.076200 0.061900 0.081200 0.060300 0.060500 0.068900 0.055200 0.068800 0.041300 0.075800 0.092200 0.000000 0.074500 0.081300 0.071100 0.075600 0.029500 0.066800 0.067300 0.074500 0.056500 0.056900
MuntiacusC 0.061000 0.209600 0.061100 0.172000 0.069600 0.062800 0.057500 0.076200 0.057500 0.009800 0.066400 0.064500 0.076900 0.067900 0.078300 0.085100 0.059200 0.062000 0.071700 0.050400 0.072800 0.064500 0.041700 0.046900 0.066300 0.069200 0.074900 0.059300 0.074600 0.055600 0.014800 0.067900 0.073500 0.073300 0.065800 0.062100 0.061000 0.074800 0.085400 0.043300 0.052100 0.074500 0.000000 0.048600 0.064200 0.078100 0.083600 0.072700 0.069700 0.071700 0.053600 0.052200
WhiteTaile 0.064300 0.200800 0.067900 0.179400 0.071100 0.066000 0.059000 0.082900 0.060800 0.052000 0.067900 0.071400 0.081900 0.069400 0.081600 0.086500 0.060700 0.063600 0.074900 0.057100 0.079600 0.066000 0.053500 0.021300 0.069500 0.076000 0.079900 0.066100 0.079600 0.062400 0.053700 0.069300 0.078500 0.078300 0.069200 0.072500 0.064300 0.076300 0.092300 0.038100 0.064000 0.081300 0.048600 0.000000 0.071200 0.083100 0.090400 0.077700 0.074800 0.076700 0.053400 0.059000
Cattle 0.054100 0.201700 0.043700 0.158600 0.057500 0.055900 0.050700 0.076300 0.041900 0.066100 0.055900 0.024900 0.062800 0.055800 0.067900 0.078100 0.061100 0.068900 0.062900 0.035000 0.065900 0.054100 0.076300 0.071100 0.057600 0.065800 0.059200 0.041900 0.071200 0.031600 0.067900 0.055700 0.071600 0.062800 0.057700 0.011500 0.052400 0.062700 0.083800 0.065700 0.085700 0.071100 0.064200 0.071200 0.000000 0.063800 0.076500 0.074500 0.057600 0.071800 0.034800 0.031600
RoyalAntel 0.046500 0.210900 0.064000 0.170600 0.062100 0.048200 0.050000 0.073800 0.060400 0.074400 0.050000 0.067500 0.058700 0.056900 0.067300 0.079100 0.067300 0.073600 0.055200 0.056800 0.070500 0.048200 0.081300 0.084800 0.049900 0.070400 0.056800 0.058700 0.070500 0.055000 0.078000 0.053300 0.079900 0.058700 0.054700 0.065000 0.044700 0.067200 0.081200 0.077500 0.088700 0.075600 0.078100 0.083100 0.063800 0.000000 0.081200 0.068600 0.055200 0.074600 0.060000 0.056900
Steenbok 0.062300 0.230800 0.074600 0.174300 0.065600 0.064000 0.057100 0.037800 0.067400 0.081800 0.065800 0.074600 0.065700 0.070900 0.070700 0.037800 0.077800 0.085600 0.071100 0.063700 0.026200 0.064000 0.085100 0.092200 0.065800 0.024500 0.063800 0.072600 0.029600 0.065500 0.085300 0.067300 0.090500 0.065600 0.065800 0.074200 0.060500 0.070800 0.044700 0.081300 0.101500 0.029500 0.083600 0.090400 0.076500 0.081200 0.000000 0.077400 0.069200 0.083500 0.063500 0.067400
Impala 0.055200 0.225800 0.065700 0.182300 0.063700 0.056900 0.057000 0.073700 0.060400 0.069200 0.060400 0.072700 0.074200 0.065500 0.061900 0.075400 0.069000 0.075500 0.065600 0.056800 0.066900 0.055200 0.077500 0.079400 0.060400 0.061600 0.068800 0.062200 0.066900 0.058500 0.072700 0.065400 0.078000 0.070700 0.067100 0.072400 0.055200 0.068900 0.082800 0.072300 0.088600 0.066800 0.072700 0.077700 0.074500 0.068600 0.077400 0.000000 0.063800 0.074500 0.060100 0.057000
Klipspring 0.043600 0.201100 0.048800 0.165600 0.048600 0.045300 0.040200 0.062000 0.052200 0.066100 0.047100 0.059200 0.055600 0.050400 0.062400 0.072500 0.059100 0.065500 0.050500 0.045200 0.062200 0.045300 0.073100 0.076600 0.047000 0.062100 0.052000 0.054000 0.064000 0.043500 0.066100 0.046900 0.073100 0.055600 0.050500 0.059000 0.041900 0.053700 0.074600 0.067600 0.085700 0.067300 0.069700 0.074800 0.057600 0.055200 0.069200 0.063800 0.000000 0.069800 0.045300 0.048700
ForestMusk 0.062800 0.215300 0.066400 0.175800 0.059100 0.064500 0.052300 0.079700 0.059300 0.071600 0.066300 0.071600 0.075000 0.066100 0.080200 0.076100 0.069700 0.076200 0.068100 0.055600 0.072800 0.061000 0.073200 0.078400 0.066300 0.069200 0.076600 0.064500 0.071100 0.060800 0.073400 0.066100 0.078800 0.071400 0.066300 0.071300 0.061000 0.064300 0.089000 0.067600 0.080500 0.074500 0.071700 0.076700 0.071800 0.074600 0.083500 0.074500 0.069800 0.000000 0.058900 0.057500
Bushbuck 0.044900 0.197100 0.023200 0.157400 0.044800 0.046700 0.036400 0.061900 0.016000 0.053500 0.044900 0.033000 0.051800 0.046600 0.055100 0.065100 0.048300 0.058500 0.053600 0.006500 0.053100 0.043200 0.056800 0.053200 0.048400 0.051300 0.050000 0.017800 0.056600 0.008100 0.052200 0.046500 0.057200 0.051800 0.044900 0.032800 0.043200 0.049900 0.072300 0.051400 0.067500 0.056500 0.053600 0.053400 0.034800 0.060000 0.063500 0.060100 0.045300 0.058900 0.000000 0.012700
GreaterKud 0.041900 0.195300 0.023200 0.156000 0.045200 0.043600 0.036800 0.065400 0.016400 0.052200 0.041900 0.035000 0.055600 0.043500 0.057200 0.065500 0.048700 0.059200 0.050500 0.009800 0.056900 0.040100 0.059000 0.058900 0.045300 0.051800 0.050300 0.014800 0.057000 0.011400 0.053900 0.043500 0.059000 0.052100 0.045300 0.034800 0.040200 0.050300 0.072700 0.053600 0.069600 0.056900 0.052200 0.059000 0.031600 0.056900 0.067400 0.057000 0.048700 0.057500 0.012700 0.000000
