1
52 1
Argali 0.000000 0.355300 0.136000 0.267700 0.096000 0.009000 0.128200 0.075900 0.134400 0.172400 0.064600 0.106400 0.075100 0.086500 0.130800 0.076300 0.138000 0.137100 0.027200 0.116500 0.086800 0.064300 0.158000 0.140700 0.064600 0.096800 0.075100 0.126400 0.116900 0.115900 0.171000 0.075400 0.249900 0.085000 0.075600 0.125700 0.055300 0.056200 0.085100 0.149000 0.129000 0.143500 0.172000 0.150300 0.106300 0.162200 0.076300 0.097400 0.116900 0.195100 0.116900 0.125400
LesserMous 0.355300 0.000000 0.387500 0.317900 0.324000 0.371600 0.325300 0.337300 0.371200 0.393900 0.341600 0.352100 0.334500 0.325600 0.330400 0.339400 0.337300 0.311200 0.321300 0.364800 0.328800 0.355300 0.343100 0.347100 0.341600 0.368400 0.334500 0.376700 0.381900 0.389500 0.371600 0.311400 0.425900 0.321800 0.335900 0.311600 0.356500 0.328000 0.349700 0.406400 0.334800 0.364400 0.389000 0.361500 0.340700 0.427800 0.327700 0.343500 0.378700 0.444200 0.366500 0.372900
LesserKudu 0.136000 0.387500 0.000000 0.305100 0.117800 0.126200 0.130500 0.097000 0.074900 0.200400 0.125300 0.115400 0.106000 0.108200 0.163000 0.118200 0.161500 0.139400 0.147700 0.037400 0.129500 0.114900 0.163500 0.155100 0.125300 0.118600 0.106000 0.046800 0.139400 0.056400 0.209100 0.096400 0.255400 0.126400 0.115100 0.125600 0.115500 0.086200 0.106300 0.152100 0.142700 0.166000 0.187600 0.160900 0.126900 0.186100 0.097500 0.119500 0.139600 0.172600 0.037600 0.046600
KillerWhal 0.267700 0.317900 0.305100 0.000000 0.271300 0.281400 0.309400 0.272500 0.289400 0.361900 0.279200 0.286600 0.257400 0.269200 0.283600 0.270700 0.246300 0.248900 0.252400 0.284100 0.264000 0.267400 0.351100 0.328200 0.279200 0.299600 0.257400 0.295300 0.296800 0.282300 0.355400 0.278700 0.410100 0.269600 0.281300 0.284300 0.268300 0.249300 0.282000 0.328100 0.315600 0.350000 0.358400 0.331900 0.288800 0.329600 0.274100 0.278200 0.324200 0.380600 0.285500 0.292700
DefassaWat 0.096000 0.324000 0.117800 0.271300 0.000000 0.086400 0.088900 0.057500 0.126500 0.178500 0.126200 0.097900 0.076400 0.028500 0.113300 0.077900 0.138900 0.140200 0.086600 0.098100 0.088600 0.115700 0.153200 0.133900 0.126200 0.078200 0.076400 0.108000 0.098300 0.118200 0.187200 0.057200 0.231900 0.086500 0.077000 0.107500 0.116400 0.028200 0.066900 0.152600 0.121900 0.125400 0.165900 0.143700 0.108900 0.143300 0.057800 0.078800 0.098400 0.176500 0.098500 0.107200
Sheep 0.009000 0.371600 0.126200 0.281400 0.086400 0.000000 0.118400 0.066400 0.124800 0.162400 0.074500 0.096700 0.065700 0.076900 0.121400 0.086700 0.128200 0.148700 0.036700 0.106800 0.097500 0.074200 0.148100 0.130700 0.074500 0.087100 0.065700 0.116700 0.107100 0.106200 0.183200 0.066000 0.239300 0.075500 0.066100 0.116000 0.065100 0.046800 0.075700 0.139100 0.119100 0.133800 0.162000 0.140400 0.096600 0.152000 0.066800 0.087700 0.107100 0.184900 0.107100 0.115700
MaxwellsDu 0.128200 0.325300 0.130500 0.309400 0.088900 0.118400 0.000000 0.088800 0.139000 0.193200 0.138600 0.110100 0.108000 0.058800 0.156000 0.110300 0.132100 0.153500 0.118900 0.110200 0.121700 0.128000 0.167100 0.147600 0.138600 0.110800 0.108000 0.120400 0.131600 0.130900 0.202000 0.067900 0.199800 0.118400 0.109100 0.119900 0.128700 0.077900 0.098400 0.166600 0.135000 0.158900 0.180100 0.157500 0.121400 0.157000 0.089300 0.090200 0.131700 0.191200 0.110900 0.119700
GazellaPrz 0.075900 0.337300 0.097000 0.272500 0.057500 0.066400 0.088800 0.000000 0.105800 0.155400 0.105500 0.077500 0.056700 0.048000 0.102800 0.037900 0.119200 0.118700 0.086600 0.077600 0.047900 0.095300 0.131000 0.111800 0.105500 0.038100 0.056700 0.087400 0.057400 0.097300 0.164300 0.037700 0.193900 0.066500 0.057100 0.086500 0.095900 0.028100 0.009200 0.130500 0.100300 0.084500 0.143100 0.121500 0.088000 0.078900 0.000100 0.058400 0.077800 0.142400 0.077900 0.086700
MountainNy 0.134400 0.371200 0.074900 0.289400 0.126500 0.124800 0.139000 0.105800 0.000000 0.187400 0.123900 0.103500 0.104400 0.116900 0.150500 0.127000 0.170500 0.169900 0.125100 0.036900 0.138400 0.113600 0.162200 0.153900 0.123900 0.127400 0.104400 0.046300 0.137600 0.074800 0.207200 0.105100 0.263900 0.135100 0.125500 0.134400 0.114200 0.095000 0.115000 0.172300 0.141500 0.174500 0.186000 0.159900 0.125400 0.195300 0.106300 0.128500 0.148200 0.181100 0.056400 0.065200
MuntiacusM 0.172400 0.393900 0.200400 0.361900 0.178500 0.162400 0.193200 0.155400 0.187400 0.000000 0.195500 0.168200 0.175500 0.168100 0.215100 0.179400 0.191400 0.190400 0.174500 0.179100 0.192200 0.172100 0.079500 0.039600 0.195500 0.180200 0.175500 0.190000 0.179000 0.201000 0.089800 0.154500 0.277200 0.175800 0.177000 0.176800 0.185100 0.143200 0.165200 0.078800 0.049500 0.230100 0.029300 0.049300 0.166700 0.231500 0.156300 0.181100 0.166700 0.238900 0.180000 0.177400
goat 0.064600 0.341600 0.125300 0.279200 0.126200 0.074500 0.138600 0.105500 0.123900 0.195500 0.000000 0.116400 0.104400 0.116600 0.140200 0.106000 0.148500 0.147500 0.074600 0.105900 0.117000 0.017600 0.154600 0.151500 0.000000 0.127200 0.104400 0.115700 0.147700 0.105400 0.181600 0.104800 0.233700 0.114500 0.105100 0.135800 0.008800 0.085200 0.114700 0.159500 0.139400 0.153000 0.182900 0.161000 0.116300 0.194800 0.106100 0.128100 0.147700 0.171600 0.106400 0.114900
AfricanBuf 0.106400 0.352100 0.115400 0.286600 0.097900 0.096700 0.110100 0.077500 0.103500 0.168200 0.116400 0.000000 0.096600 0.088300 0.120700 0.077700 0.141200 0.140500 0.117700 0.095600 0.088500 0.106000 0.121300 0.123800 0.116400 0.068200 0.096600 0.084700 0.098200 0.105800 0.177100 0.077000 0.220500 0.106900 0.097300 0.067100 0.106600 0.067000 0.086800 0.139500 0.111900 0.125200 0.155700 0.133600 0.058100 0.165500 0.077900 0.099600 0.119200 0.176200 0.085500 0.083800
Topi 0.075100 0.334500 0.106000 0.257400 0.076400 0.065700 0.108000 0.056700 0.104400 0.175500 0.104400 0.096600 0.000000 0.067000 0.121300 0.076700 0.107500 0.127700 0.085600 0.086700 0.087300 0.094300 0.150600 0.131700 0.104400 0.077100 0.000000 0.096500 0.076700 0.086300 0.184100 0.056300 0.226900 0.027700 0.037300 0.085700 0.094800 0.037300 0.065900 0.139900 0.119900 0.123400 0.163000 0.141300 0.086800 0.130100 0.057000 0.077500 0.096900 0.151500 0.087100 0.095700
CommonDuik 0.086500 0.325600 0.108200 0.269200 0.028500 0.076900 0.058800 0.048000 0.116900 0.168100 0.116600 0.088300 0.067000 0.000000 0.104100 0.068300 0.109600 0.130400 0.077200 0.088500 0.078900 0.106200 0.143100 0.123900 0.116600 0.068600 0.067000 0.098400 0.088600 0.108600 0.176900 0.028300 0.196600 0.076900 0.067500 0.097900 0.106800 0.037900 0.057400 0.142600 0.111900 0.115900 0.155600 0.133600 0.099100 0.133300 0.048300 0.048800 0.088700 0.166400 0.088900 0.097700
Suni 0.130800 0.330400 0.163000 0.283600 0.113300 0.121400 0.156000 0.102800 0.150500 0.215100 0.140200 0.120700 0.121300 0.104100 0.000000 0.121500 0.186600 0.185700 0.142000 0.143600 0.114100 0.150300 0.188900 0.167500 0.140200 0.123800 0.121300 0.153400 0.142200 0.163500 0.222900 0.082900 0.254500 0.131300 0.122100 0.130700 0.151100 0.092400 0.111800 0.188500 0.158100 0.149300 0.202200 0.158600 0.142300 0.168000 0.103300 0.124800 0.123500 0.199600 0.144200 0.152300
Springbuck 0.076300 0.339400 0.118200 0.270700 0.077900 0.086700 0.110300 0.037900 0.127000 0.179400 0.106000 0.077700 0.076700 0.068300 0.121500 0.000000 0.141300 0.119200 0.086900 0.098400 0.025000 0.095700 0.153800 0.134400 0.106000 0.018900 0.076700 0.108400 0.037800 0.118600 0.165200 0.057400 0.219500 0.086800 0.077300 0.087200 0.096200 0.047500 0.047200 0.153100 0.122400 0.065300 0.166500 0.144200 0.088400 0.119700 0.044500 0.079000 0.098800 0.165500 0.098800 0.107600
Okapi 0.138000 0.337300 0.161500 0.246300 0.138900 0.128200 0.132100 0.119200 0.170500 0.191400 0.148500 0.141200 0.107500 0.109600 0.186600 0.141300 0.000000 0.057700 0.150200 0.141200 0.153200 0.138000 0.165600 0.146100 0.148500 0.142000 0.107500 0.151600 0.141600 0.140500 0.200200 0.097600 0.216500 0.097200 0.097800 0.140200 0.138500 0.098000 0.128700 0.154300 0.133700 0.190300 0.178500 0.155900 0.142200 0.188900 0.119800 0.121100 0.163300 0.213200 0.141900 0.150600
Giraffe 0.137100 0.311200 0.139400 0.248900 0.140200 0.148700 0.153500 0.118700 0.169900 0.190400 0.147500 0.140500 0.127700 0.130400 0.185700 0.119200 0.057700 0.000000 0.149300 0.140700 0.130700 0.137100 0.164700 0.145300 0.147500 0.141400 0.127700 0.151000 0.151800 0.161400 0.176000 0.117900 0.243300 0.117200 0.117900 0.139500 0.137500 0.107400 0.128100 0.163900 0.133000 0.189400 0.177500 0.155000 0.141500 0.188000 0.119300 0.142300 0.162500 0.212200 0.141300 0.150000
TibetanAnt 0.027200 0.321300 0.147700 0.252400 0.086600 0.036700 0.118900 0.086600 0.125100 0.174500 0.074600 0.117700 0.085600 0.077200 0.142000 0.086900 0.150200 0.149300 0.000000 0.127900 0.097800 0.074300 0.172600 0.153600 0.074600 0.107800 0.085600 0.138000 0.118100 0.127300 0.184200 0.086100 0.265900 0.095600 0.086300 0.137400 0.065200 0.066500 0.095900 0.161400 0.141300 0.155100 0.185200 0.163000 0.117700 0.174700 0.087000 0.108600 0.128400 0.208800 0.128500 0.137000
Sitatunga 0.116500 0.364800 0.037400 0.284100 0.098100 0.106800 0.110200 0.077600 0.036900 0.179100 0.105900 0.095600 0.086700 0.088500 0.143600 0.098400 0.141200 0.140700 0.127900 0.000000 0.109600 0.095600 0.143000 0.134300 0.105900 0.098700 0.086700 0.009200 0.119300 0.037300 0.187800 0.077100 0.232500 0.106900 0.097300 0.105800 0.096200 0.067000 0.086900 0.153100 0.122200 0.146300 0.166600 0.139800 0.106800 0.165700 0.078000 0.099600 0.119500 0.151800 0.018800 0.027900
Oribi 0.086800 0.328800 0.129500 0.264000 0.088600 0.097500 0.121700 0.047900 0.138400 0.192200 0.117000 0.088500 0.087300 0.078900 0.114100 0.025000 0.153200 0.130700 0.097800 0.109600 0.000000 0.106500 0.166000 0.143700 0.117000 0.048300 0.087300 0.119700 0.066300 0.130000 0.177700 0.067700 0.232900 0.097600 0.088000 0.098000 0.107100 0.057700 0.057300 0.165200 0.134200 0.095300 0.179000 0.156300 0.099300 0.111500 0.048200 0.090000 0.109900 0.177700 0.110000 0.118700
BarbaryShe 0.064300 0.355300 0.114900 0.267400 0.115700 0.074200 0.128000 0.095300 0.113600 0.172100 0.017600 0.106000 0.094300 0.106200 0.150300 0.095700 0.138000 0.137100 0.074300 0.095600 0.106500 0.000000 0.132000 0.129200 0.017700 0.116700 0.094300 0.105400 0.137000 0.095300 0.158800 0.094700 0.247000 0.104200 0.094900 0.125300 0.008800 0.075300 0.104500 0.137400 0.117600 0.163300 0.160000 0.138600 0.115900 0.183300 0.095800 0.117700 0.137000 0.171100 0.096100 0.104700
Daviddeer 0.158000 0.343100 0.163500 0.351100 0.153200 0.148100 0.167100 0.131000 0.162200 0.079500 0.154600 0.121300 0.150600 0.143100 0.188900 0.153800 0.165600 0.164700 0.172600 0.143000 0.166000 0.132000 0.000000 0.039100 0.154600 0.154500 0.150600 0.153400 0.176200 0.153500 0.088700 0.130200 0.234500 0.150900 0.151900 0.151800 0.144300 0.119400 0.140600 0.075900 0.028900 0.203300 0.068700 0.048600 0.141900 0.227000 0.131700 0.155300 0.131200 0.230500 0.128300 0.130300
Reindeer 0.140700 0.347100 0.155100 0.328200 0.133900 0.130700 0.147600 0.111800 0.153900 0.039600 0.151500 0.123800 0.131700 0.123900 0.167500 0.134400 0.146100 0.145300 0.153600 0.134300 0.143700 0.129200 0.039100 0.000000 0.151500 0.135100 0.131700 0.144900 0.156800 0.155700 0.049000 0.111200 0.225600 0.131900 0.132800 0.132700 0.141300 0.100300 0.121600 0.038700 0.009700 0.184500 0.029300 0.009700 0.122800 0.204600 0.112500 0.135900 0.122800 0.189800 0.135000 0.133200
Ibex 0.064600 0.341600 0.125300 0.279200 0.126200 0.074500 0.138600 0.105500 0.123900 0.195500 0.000000 0.116400 0.104400 0.116600 0.140200 0.106000 0.148500 0.147500 0.074600 0.105900 0.117000 0.017700 0.154600 0.151500 0.000000 0.127200 0.104400 0.115700 0.147700 0.105400 0.181600 0.104800 0.233700 0.114500 0.105100 0.135800 0.008800 0.085200 0.114700 0.159500 0.139400 0.153000 0.182900 0.161000 0.116300 0.194800 0.106100 0.128100 0.147700 0.171600 0.106400 0.114900
GyrantGaze 0.096800 0.368400 0.118600 0.299600 0.078200 0.087100 0.110800 0.038100 0.127400 0.180200 0.127200 0.068200 0.077100 0.068600 0.123800 0.018900 0.142000 0.141400 0.107800 0.098700 0.048300 0.116700 0.154500 0.135100 0.127200 0.000000 0.077100 0.108800 0.038200 0.119000 0.188700 0.057700 0.220600 0.067100 0.077600 0.077700 0.117300 0.047700 0.047400 0.153600 0.122900 0.046400 0.167300 0.144900 0.078700 0.100400 0.038200 0.079400 0.099200 0.165400 0.099200 0.107900
Hartebeest 0.075100 0.334500 0.106000 0.257400 0.076400 0.065700 0.108000 0.056700 0.104400 0.175500 0.104400 0.096600 0.000000 0.067000 0.121300 0.076700 0.107500 0.127700 0.085600 0.086700 0.087300 0.094300 0.150600 0.131700 0.104400 0.077100 0.000000 0.096500 0.076700 0.086300 0.184100 0.056300 0.226900 0.027700 0.037300 0.085700 0.094800 0.037300 0.065900 0.139900 0.119900 0.123400 0.163000 0.141300 0.086800 0.130100 0.057000 0.077500 0.096900 0.151500 0.087100 0.095700
Bongo 0.126400 0.376700 0.046800 0.295300 0.108000 0.116700 0.120400 0.087400 0.046300 0.190000 0.115700 0.084700 0.096500 0.098400 0.153400 0.108400 0.151600 0.151000 0.138000 0.009200 0.119700 0.105400 0.153400 0.144900 0.115700 0.108800 0.096500 0.000000 0.129500 0.046800 0.198600 0.086800 0.243800 0.116800 0.107200 0.115900 0.106000 0.076700 0.096700 0.163600 0.132600 0.156400 0.177300 0.150700 0.117100 0.176400 0.087800 0.109700 0.129600 0.162400 0.028200 0.037300
Gerenuk 0.116900 0.381900 0.139400 0.296800 0.098300 0.107100 0.131600 0.057400 0.137600 0.179000 0.147700 0.098200 0.076700 0.088600 0.142200 0.037800 0.141600 0.151800 0.118100 0.119300 0.066300 0.137000 0.176200 0.156800 0.147700 0.038200 0.076700 0.129500 0.000000 0.139700 0.211800 0.077300 0.244500 0.086800 0.097600 0.087100 0.137700 0.067200 0.066700 0.175400 0.144300 0.084800 0.189400 0.166600 0.088300 0.130800 0.065000 0.099800 0.119800 0.165400 0.119800 0.128400
CommonElan 0.115900 0.389500 0.056400 0.282300 0.118200 0.106200 0.130900 0.097300 0.074800 0.201000 0.105400 0.105800 0.086300 0.108600 0.163500 0.118600 0.140500 0.161400 0.127300 0.037300 0.130000 0.095300 0.153500 0.155700 0.105400 0.119000 0.086300 0.046800 0.139700 0.000000 0.209500 0.096700 0.230300 0.106300 0.096900 0.126200 0.095800 0.076800 0.106700 0.164000 0.143200 0.166500 0.188200 0.161600 0.127400 0.187200 0.097900 0.119900 0.140000 0.173100 0.018600 0.037300
MuntiacusR 0.171000 0.371600 0.209100 0.355400 0.187200 0.183200 0.202000 0.164300 0.207200 0.089800 0.181600 0.177100 0.184100 0.176900 0.222900 0.165200 0.200200 0.176000 0.184200 0.187800 0.177700 0.158800 0.088700 0.049000 0.181600 0.188700 0.184100 0.198600 0.211800 0.209500 0.000000 0.163300 0.286000 0.184400 0.185300 0.185500 0.171300 0.152200 0.174000 0.087700 0.058800 0.238600 0.078800 0.058500 0.175600 0.264800 0.165200 0.190000 0.175600 0.210900 0.188600 0.186000
HarveysDui 0.075400 0.311400 0.096400 0.278700 0.057200 0.066000 0.067900 0.037700 0.105100 0.154500 0.104800 0.077000 0.056300 0.028300 0.082900 0.057400 0.097600 0.117900 0.086100 0.077100 0.067700 0.094700 0.130200 0.111200 0.104800 0.057700 0.056300 0.086800 0.077300 0.096700 0.163300 0.000000 0.181400 0.066000 0.056700 0.066600 0.095200 0.027900 0.046900 0.129800 0.099700 0.104300 0.142300 0.120900 0.087500 0.120600 0.044100 0.038300 0.077300 0.152800 0.077400 0.086200
Pronghorn 0.249900 0.425900 0.255400 0.410100 0.231900 0.239300 0.199800 0.193900 0.263900 0.277200 0.233700 0.220500 0.226900 0.196600 0.254500 0.219500 0.216500 0.243300 0.265900 0.232500 0.232900 0.247000 0.234500 0.225600 0.233700 0.220600 0.226900 0.243800 0.244500 0.230300 0.286000 0.181400 0.000000 0.239000 0.217100 0.243200 0.247800 0.192800 0.204100 0.245900 0.211400 0.222500 0.262300 0.237000 0.246500 0.245300 0.195100 0.210300 0.257700 0.252800 0.208600 0.230700
BlueWildeb 0.085000 0.321800 0.126400 0.269600 0.086500 0.075500 0.118400 0.066500 0.135100 0.175800 0.114500 0.106900 0.027700 0.076900 0.131300 0.086800 0.097200 0.117200 0.095600 0.106900 0.097600 0.104200 0.150900 0.131900 0.114500 0.067100 0.027700 0.116800 0.086800 0.106300 0.184400 0.066000 0.239000 0.000000 0.046900 0.095700 0.104800 0.046900 0.075700 0.140000 0.120000 0.113100 0.163200 0.141400 0.097000 0.119200 0.066800 0.087700 0.107200 0.162400 0.107300 0.115800
Gemsbok 0.075600 0.335900 0.115100 0.281300 0.077000 0.066100 0.109100 0.057100 0.125500 0.177000 0.105100 0.097300 0.037300 0.067500 0.122100 0.077300 0.097800 0.117900 0.086300 0.097300 0.088000 0.094900 0.151900 0.132800 0.105100 0.077600 0.037300 0.107200 0.097600 0.096900 0.185300 0.056700 0.217100 0.046900 0.000000 0.106700 0.095500 0.037500 0.066400 0.141100 0.120900 0.124500 0.164500 0.142500 0.108100 0.142100 0.057400 0.078100 0.097600 0.175200 0.097800 0.106500
Yak 0.125700 0.311600 0.125600 0.284300 0.107500 0.116000 0.119900 0.086500 0.134400 0.176800 0.135800 0.067100 0.085700 0.097900 0.130700 0.087200 0.140200 0.139500 0.137400 0.105800 0.098000 0.125300 0.151800 0.132700 0.135800 0.077700 0.085700 0.115900 0.087100 0.126200 0.185500 0.066600 0.243200 0.095700 0.106700 0.000000 0.126000 0.076300 0.096200 0.148800 0.120800 0.134500 0.164200 0.142300 0.018800 0.164300 0.087400 0.109000 0.118100 0.163600 0.106100 0.114800
BlueSheep 0.055300 0.356500 0.115500 0.268300 0.116400 0.065100 0.128700 0.095900 0.114200 0.185100 0.008800 0.106600 0.094800 0.106800 0.151100 0.096200 0.138500 0.137500 0.065200 0.096200 0.107100 0.008800 0.144300 0.141300 0.008800 0.117300 0.094800 0.106000 0.137700 0.095800 0.171300 0.095200 0.247800 0.104800 0.095500 0.126000 0.000000 0.075700 0.105100 0.149500 0.129300 0.164200 0.172600 0.150800 0.106600 0.184300 0.096400 0.118100 0.137700 0.172100 0.096700 0.105200
BohorReedb 0.056200 0.328000 0.086200 0.249300 0.028200 0.046800 0.077900 0.028100 0.095000 0.143200 0.085200 0.067000 0.037300 0.037900 0.092400 0.047500 0.098000 0.107400 0.066500 0.067000 0.057700 0.075300 0.119400 0.100300 0.085200 0.047700 0.037300 0.076700 0.067200 0.076800 0.152200 0.027900 0.192800 0.046900 0.037500 0.076300 0.075700 0.000000 0.037300 0.128400 0.089100 0.094200 0.131200 0.109900 0.077300 0.109900 0.028200 0.048000 0.067200 0.141700 0.067300 0.076100
KirksDik 0.085100 0.349700 0.106300 0.282000 0.066900 0.075700 0.098400 0.009200 0.115000 0.165200 0.114700 0.086800 0.065900 0.057400 0.111800 0.047200 0.128700 0.128100 0.095900 0.086900 0.057300 0.104500 0.140600 0.121600 0.114700 0.047400 0.065900 0.096700 0.066700 0.106700 0.174000 0.046900 0.204100 0.075700 0.066400 0.096200 0.105100 0.037300 0.000000 0.140100 0.109900 0.093500 0.152900 0.131200 0.097400 0.088400 0.015000 0.067800 0.087200 0.152000 0.087300 0.096000
RoeDeer 0.149000 0.406400 0.152100 0.328100 0.152600 0.139100 0.166600 0.130500 0.172300 0.078800 0.159500 0.139500 0.139900 0.142600 0.188500 0.153100 0.154300 0.163900 0.161400 0.153100 0.165200 0.137400 0.075900 0.038700 0.159500 0.153600 0.139900 0.163600 0.175400 0.164000 0.087700 0.129800 0.245900 0.140000 0.141100 0.148800 0.149500 0.128400 0.140100 0.000000 0.048400 0.202500 0.068100 0.048200 0.138500 0.225500 0.131200 0.132600 0.130900 0.207700 0.153800 0.151900
WhiteLippe 0.129000 0.334800 0.142700 0.315600 0.121900 0.119100 0.135000 0.100300 0.141500 0.049500 0.139400 0.111900 0.119900 0.111900 0.158100 0.122400 0.133700 0.133000 0.141300 0.122200 0.134200 0.117600 0.028900 0.009700 0.139400 0.122900 0.119900 0.132600 0.144300 0.143200 0.058800 0.099700 0.211400 0.120000 0.120900 0.120800 0.129300 0.089100 0.109900 0.048400 0.000000 0.171800 0.039100 0.019400 0.110900 0.193500 0.100800 0.123600 0.110800 0.211100 0.122800 0.131500
ThomsonGaz 0.143500 0.364400 0.166000 0.350000 0.125400 0.133800 0.158900 0.084500 0.174500 0.230100 0.153000 0.125200 0.123400 0.115900 0.149300 0.065300 0.190300 0.189400 0.155100 0.146300 0.095300 0.163300 0.203300 0.184500 0.153000 0.046400 0.123400 0.156400 0.084800 0.166500 0.238600 0.104300 0.222500 0.113100 0.124500 0.134500 0.164200 0.094200 0.093500 0.202500 0.171800 0.000000 0.216600 0.193900 0.136200 0.127300 0.084900 0.127200 0.146800 0.204200 0.146900 0.155100
MuntiacusC 0.172000 0.389000 0.187600 0.358400 0.165900 0.162000 0.180100 0.143100 0.186000 0.029300 0.182900 0.155700 0.163000 0.155600 0.202200 0.166500 0.178500 0.177500 0.185200 0.166600 0.179000 0.160000 0.068700 0.029300 0.182900 0.167300 0.163000 0.177300 0.189400 0.188200 0.078800 0.142300 0.262300 0.163200 0.164500 0.164200 0.172600 0.131200 0.152900 0.068100 0.039100 0.216600 0.000000 0.038900 0.154200 0.217300 0.144000 0.168200 0.154200 0.224700 0.167400 0.165100
WhiteTaile 0.150300 0.361500 0.160900 0.331900 0.143700 0.140400 0.157500 0.121500 0.159900 0.049300 0.161000 0.133600 0.141300 0.133600 0.158600 0.144200 0.155900 0.155000 0.163000 0.139800 0.156300 0.138600 0.048600 0.009700 0.161000 0.144900 0.141300 0.150700 0.166600 0.161600 0.058500 0.120900 0.237000 0.141400 0.142500 0.142300 0.150800 0.109900 0.131200 0.048200 0.019400 0.193900 0.038900 0.000000 0.132400 0.217200 0.122200 0.145700 0.132500 0.197100 0.140300 0.138400
Cattle 0.106300 0.340700 0.126900 0.288800 0.108900 0.096600 0.121400 0.088000 0.125400 0.166700 0.116300 0.058100 0.086800 0.099100 0.142300 0.088400 0.142200 0.141500 0.117700 0.106800 0.099300 0.115900 0.141900 0.122800 0.116300 0.078700 0.086800 0.117100 0.088300 0.127400 0.175600 0.087500 0.246500 0.097000 0.108100 0.018800 0.106600 0.077300 0.097400 0.138500 0.110900 0.136200 0.154200 0.132400 0.000000 0.166500 0.088500 0.110600 0.119600 0.165700 0.107100 0.115900
RoyalAntel 0.162200 0.427800 0.186100 0.329600 0.143300 0.152000 0.157000 0.078900 0.195300 0.231500 0.194800 0.165500 0.130100 0.133300 0.168000 0.119700 0.188900 0.188000 0.174700 0.165700 0.111500 0.183300 0.227000 0.204600 0.194800 0.100400 0.130100 0.176400 0.130800 0.187200 0.264800 0.120600 0.245300 0.119200 0.142100 0.164300 0.184300 0.109900 0.088400 0.225500 0.193500 0.127300 0.217300 0.217200 0.166500 0.000000 0.079300 0.145700 0.144200 0.227800 0.166400 0.174900
Steenbok 0.076300 0.327700 0.097500 0.274100 0.057800 0.066800 0.089300 0.000100 0.106300 0.156300 0.106100 0.077900 0.057000 0.048300 0.103300 0.044500 0.119800 0.119300 0.087000 0.078000 0.048200 0.095800 0.131700 0.112500 0.106100 0.038200 0.057000 0.087800 0.065000 0.097900 0.165200 0.044100 0.195100 0.066800 0.057400 0.087400 0.096400 0.028200 0.015000 0.131200 0.100800 0.084900 0.144000 0.122200 0.088500 0.079300 0.000000 0.058600 0.078100 0.143100 0.078300 0.087200
Impala 0.097400 0.343500 0.119500 0.278200 0.078800 0.087700 0.090200 0.058400 0.128500 0.181100 0.128100 0.099600 0.077500 0.048800 0.124800 0.079000 0.121100 0.142300 0.108600 0.099600 0.090000 0.117700 0.155300 0.135900 0.128100 0.079400 0.077500 0.109700 0.099800 0.119900 0.190000 0.038300 0.210300 0.087700 0.078100 0.109000 0.118100 0.048000 0.067800 0.132600 0.123600 0.127200 0.168200 0.145700 0.110600 0.145700 0.058600 0.000000 0.089600 0.179300 0.100000 0.108800
Klipspring 0.116900 0.378700 0.139600 0.324200 0.098400 0.107100 0.131700 0.077800 0.148200 0.166700 0.147700 0.119200 0.096900 0.088700 0.123500 0.098800 0.163300 0.162500 0.128400 0.119500 0.109900 0.137000 0.131200 0.122800 0.147700 0.099200 0.096900 0.129600 0.119800 0.140000 0.175600 0.077300 0.257700 0.107200 0.097600 0.118100 0.137700 0.067200 0.087200 0.130900 0.110800 0.146800 0.154200 0.132500 0.119600 0.144200 0.078100 0.089600 0.000000 0.200300 0.120100 0.128800
ForestMusk 0.195100 0.444200 0.172600 0.380600 0.176500 0.184900 0.191200 0.142400 0.181100 0.238900 0.171600 0.176200 0.151500 0.166400 0.199600 0.165500 0.213200 0.212200 0.208800 0.151800 0.177700 0.171100 0.230500 0.189800 0.171600 0.165400 0.151500 0.162400 0.165400 0.173100 0.210900 0.152800 0.252800 0.162400 0.175200 0.163600 0.172100 0.141700 0.152000 0.207700 0.211100 0.204200 0.224700 0.197100 0.165700 0.227800 0.143100 0.179300 0.200300 0.000000 0.152600 0.150500
Bushbuck 0.116900 0.366500 0.037600 0.285500 0.098500 0.107100 0.110900 0.077900 0.056400 0.180000 0.106400 0.085500 0.087100 0.088900 0.144200 0.098800 0.141900 0.141300 0.128500 0.018800 0.110000 0.096100 0.128300 0.135000 0.106400 0.099200 0.087100 0.028200 0.119800 0.018600 0.188600 0.077400 0.208600 0.107300 0.097800 0.106100 0.096700 0.067300 0.087300 0.153800 0.122800 0.146900 0.167400 0.140300 0.107100 0.166400 0.078300 0.100000 0.120100 0.152600 0.000000 0.018700
GreaterKud 0.125400 0.372900 0.046600 0.292700 0.107200 0.115700 0.119700 0.086700 0.065200 0.177400 0.114900 0.083800 0.095700 0.097700 0.152300 0.107600 0.150600 0.150000 0.137000 0.027900 0.118700 0.104700 0.130300 0.133200 0.114900 0.107900 0.095700 0.037300 0.128400 0.037300 0.186000 0.086200 0.230700 0.115800 0.106500 0.114800 0.105200 0.076100 0.096000 0.151900 0.131500 0.155100 0.165100 0.138400 0.115900 0.174900 0.087200 0.108800 0.128800 0.150500 0.018700 0.000000
