CODONML (in paml version 4.10.7, June 2023)  /home/rachel/ruminants_paml/6406-phy-tree/ENSBTAT00000008851.fasta.phy
Model: free dN/dS Ratios for branches,  kappa = 2.000 fixed

Codon frequency model: F3x4
ns =  54  ls =  18

Codon usage in sequences
--------------------------------------------------------------------------------------------------------------------------------------
Phe TTT   0   0   0   0   0   0 | Ser TCT   0   0   0   0   0   0 | Tyr TAT   0   0   0   0   0   0 | Cys TGT   0   0   0   0   0   0
    TTC   0   0   0   0   0   0 |     TCC   0   0   0   0   0   0 |     TAC   0   0   0   0   0   0 |     TGC   1   1   1   1   1   1
Leu TTA   1   1   1   1   1   1 |     TCA   1   1   1   1   1   1 | *** TAA   0   0   0   0   0   0 | *** TGA   0   0   0   0   0   0
    TTG   0   0   0   0   0   0 |     TCG   0   0   0   0   0   0 |     TAG   0   0   0   0   0   0 | Trp TGG   0   0   0   0   0   0
--------------------------------------------------------------------------------------------------------------------------------------
Leu CTT   0   0   0   0   0   0 | Pro CCT   1   1   1   1   1   1 | His CAT   0   0   0   0   0   0 | Arg CGT   0   0   0   0   0   0
    CTC   0   0   0   0   0   0 |     CCC   0   0   0   0   0   0 |     CAC   0   0   0   0   0   0 |     CGC   0   0   0   0   0   0
    CTA   1   1   1   1   0   1 |     CCA   0   0   0   0   1   0 | Gln CAA   1   1   1   1   1   1 |     CGA   0   0   0   0   0   0
    CTG   0   0   0   0   0   0 |     CCG   0   0   0   1   1   0 |     CAG   1   1   1   0   0   1 |     CGG   0   0   0   0   0   0
--------------------------------------------------------------------------------------------------------------------------------------
Ile ATT   0   0   0   0   0   0 | Thr ACT   0   0   0   0   0   0 | Asn AAT   1   0   1   1   0   0 | Ser AGT   0   0   0   0   0   0
    ATC   0   0   0   0   0   0 |     ACC   0   0   0   0   0   0 |     AAC   0   1   0   0   1   1 |     AGC   0   0   0   0   0   0
    ATA   1   1   1   1   1   1 |     ACA   0   0   0   0   0   0 | Lys AAA   2   2   2   2   2   2 | Arg AGA   1   1   1   1   1   1
Met ATG   0   0   0   0   0   0 |     ACG   0   0   0   0   0   0 |     AAG   1   1   1   1   1   1 |     AGG   0   0   0   0   0   0
--------------------------------------------------------------------------------------------------------------------------------------
Val GTT   1   0   1   1   1   1 | Ala GCT   0   0   0   0   0   0 | Asp GAT   0   0   0   0   0   0 | Gly GGT   0   0   0   0   0   0
    GTC   0   1   0   0   0   0 |     GCC   0   0   0   0   0   0 |     GAC   1   0   1   1   0   0 |     GGC   1   1   1   1   1   1
    GTA   1   1   1   1   1   1 |     GCA   0   0   0   0   0   0 | Glu GAA   1   2   1   1   2   2 |     GGA   0   0   0   0   0   0
    GTG   0   0   0   0   0   0 |     GCG   0   0   0   0   0   0 |     GAG   0   0   0   0   0   0 |     GGG   0   0   0   0   0   0
--------------------------------------------------------------------------------------------------------------------------------------

--------------------------------------------------------------------------------------------------------------------------------------
Phe TTT   0   0   0   0   0   0 | Ser TCT   0   0   0   0   0   0 | Tyr TAT   0   0   0   0   0   0 | Cys TGT   0   0   0   0   0   0
    TTC   0   0   0   0   0   0 |     TCC   0   0   0   0   0   0 |     TAC   0   0   0   0   0   0 |     TGC   1   1   1   1   1   1
Leu TTA   1   1   1   1   1   1 |     TCA   1   1   1   1   1   1 | *** TAA   0   0   0   0   0   0 | *** TGA   0   0   0   0   0   0
    TTG   0   0   0   0   0   0 |     TCG   0   0   0   0   0   0 |     TAG   0   0   0   0   0   0 | Trp TGG   0   0   0   0   0   0
--------------------------------------------------------------------------------------------------------------------------------------
Leu CTT   0   0   0   0   0   0 | Pro CCT   1   1   1   1   1   1 | His CAT   0   0   0   0   0   0 | Arg CGT   0   0   0   0   0   0
    CTC   0   0   0   0   0   0 |     CCC   0   0   0   0   0   0 |     CAC   0   0   0   0   0   0 |     CGC   0   0   0   0   0   0
    CTA   1   1   1   1   1   1 |     CCA   0   0   0   0   0   0 | Gln CAA   1   1   1   1   1   1 |     CGA   0   0   0   0   0   0
    CTG   0   0   0   0   0   0 |     CCG   0   0   0   0   0   0 |     CAG   1   1   1   1   1   1 |     CGG   0   0   0   0   0   0
--------------------------------------------------------------------------------------------------------------------------------------
Ile ATT   0   0   0   0   0   0 | Thr ACT   0   0   0   0   0   0 | Asn AAT   1   1   1   1   1   1 | Ser AGT   0   0   0   0   0   0
    ATC   0   0   0   0   0   0 |     ACC   0   0   0   0   0   0 |     AAC   0   0   0   0   0   0 |     AGC   0   0   0   0   0   0
    ATA   1   1   1   1   1   1 |     ACA   0   0   0   0   0   0 | Lys AAA   2   2   2   2   2   2 | Arg AGA   1   1   1   1   1   1
Met ATG   0   0   0   0   0   0 |     ACG   0   0   0   0   0   0 |     AAG   1   1   1   1   1   1 |     AGG   0   0   0   0   0   0
--------------------------------------------------------------------------------------------------------------------------------------
Val GTT   1   1   1   1   1   1 | Ala GCT   0   0   0   0   0   0 | Asp GAT   0   0   0   0   0   1 | Gly GGT   0   0   0   0   0   0
    GTC   0   0   0   0   0   0 |     GCC   0   0   0   0   0   0 |     GAC   1   1   1   1   1   0 |     GGC   1   1   1   1   1   1
    GTA   1   1   1   1   1   1 |     GCA   0   0   0   0   0   0 | Glu GAA   1   1   1   1   1   1 |     GGA   0   0   0   0   0   0
    GTG   0   0   0   0   0   0 |     GCG   0   0   0   0   0   0 |     GAG   0   0   0   0   0   0 |     GGG   0   0   0   0   0   0
--------------------------------------------------------------------------------------------------------------------------------------

--------------------------------------------------------------------------------------------------------------------------------------
Phe TTT   0   0   0   0   0   0 | Ser TCT   0   0   0   0   0   0 | Tyr TAT   0   0   0   0   0   0 | Cys TGT   0   0   0   0   0   0
    TTC   0   0   0   0   0   0 |     TCC   0   0   0   0   0   0 |     TAC   0   0   0   0   0   0 |     TGC   1   1   1   1   1   1
Leu TTA   1   1   1   1   1   1 |     TCA   1   1   1   1   1   1 | *** TAA   0   0   0   0   0   0 | *** TGA   0   0   0   0   0   0
    TTG   0   0   0   0   0   0 |     TCG   0   0   0   0   0   0 |     TAG   0   0   0   0   0   0 | Trp TGG   0   0   0   0   0   0
--------------------------------------------------------------------------------------------------------------------------------------
Leu CTT   0   0   0   0   0   0 | Pro CCT   1   1   1   1   1   1 | His CAT   0   0   0   0   0   0 | Arg CGT   0   0   0   0   0   0
    CTC   0   0   0   0   0   0 |     CCC   0   0   0   0   0   0 |     CAC   0   0   0   0   0   0 |     CGC   0   0   0   0   0   0
    CTA   1   1   1   1   1   1 |     CCA   0   0   0   0   0   0 | Gln CAA   1   1   1   1   1   1 |     CGA   0   0   0   0   0   0
    CTG   0   0   0   0   0   0 |     CCG   0   0   0   0   0   0 |     CAG   1   1   1   1   1   1 |     CGG   0   0   0   0   0   0
--------------------------------------------------------------------------------------------------------------------------------------
Ile ATT   0   0   0   0   0   0 | Thr ACT   0   0   0   0   0   0 | Asn AAT   1   1   1   1   1   1 | Ser AGT   0   0   0   0   0   0
    ATC   0   0   0   0   0   0 |     ACC   0   0   0   0   0   0 |     AAC   0   0   0   0   0   0 |     AGC   0   0   0   0   0   0
    ATA   1   1   1   1   1   1 |     ACA   0   0   0   0   0   0 | Lys AAA   2   2   2   2   2   2 | Arg AGA   1   1   1   1   1   1
Met ATG   0   0   0   0   0   0 |     ACG   0   0   0   0   0   0 |     AAG   1   1   1   1   1   1 |     AGG   0   0   0   0   0   0
--------------------------------------------------------------------------------------------------------------------------------------
Val GTT   1   1   1   1   1   1 | Ala GCT   0   0   0   0   0   0 | Asp GAT   0   0   0   0   0   0 | Gly GGT   0   0   0   0   0   0
    GTC   0   0   0   0   0   0 |     GCC   0   0   0   0   0   0 |     GAC   1   1   1   1   1   1 |     GGC   1   1   1   1   1   1
    GTA   1   1   1   1   1   1 |     GCA   0   0   0   0   0   0 | Glu GAA   1   1   1   1   1   1 |     GGA   0   0   0   0   0   0
    GTG   0   0   0   0   0   0 |     GCG   0   0   0   0   0   0 |     GAG   0   0   0   0   0   0 |     GGG   0   0   0   0   0   0
--------------------------------------------------------------------------------------------------------------------------------------

--------------------------------------------------------------------------------------------------------------------------------------
Phe TTT   0   0   0   0   0   0 | Ser TCT   0   0   0   0   0   0 | Tyr TAT   0   0   0   0   0   0 | Cys TGT   0   0   0   0   0   0
    TTC   0   0   0   0   0   0 |     TCC   0   0   0   0   0   0 |     TAC   0   0   0   0   0   0 |     TGC   1   1   1   1   1   1
Leu TTA   1   1   1   1   1   1 |     TCA   1   1   1   1   1   1 | *** TAA   0   0   0   0   0   0 | *** TGA   0   0   0   0   0   0
    TTG   0   0   0   0   0   0 |     TCG   0   0   0   0   0   0 |     TAG   0   0   0   0   0   0 | Trp TGG   0   0   0   0   0   0
--------------------------------------------------------------------------------------------------------------------------------------
Leu CTT   0   0   0   0   0   0 | Pro CCT   1   1   1   1   1   1 | His CAT   0   0   0   0   0   0 | Arg CGT   0   0   0   0   0   0
    CTC   0   0   0   0   0   0 |     CCC   0   0   0   0   0   0 |     CAC   0   0   0   0   0   0 |     CGC   0   0   0   0   0   0
    CTA   1   1   1   1   1   1 |     CCA   0   0   0   0   0   0 | Gln CAA   1   1   1   1   1   1 |     CGA   0   0   0   0   0   0
    CTG   0   0   0   0   0   0 |     CCG   0   0   0   0   0   0 |     CAG   1   1   1   1   1   1 |     CGG   0   0   0   0   0   0
--------------------------------------------------------------------------------------------------------------------------------------
Ile ATT   0   1   0   0   0   0 | Thr ACT   0   0   0   0   0   0 | Asn AAT   1   1   1   1   1   1 | Ser AGT   0   0   0   0   0   0
    ATC   0   0   0   0   0   0 |     ACC   0   0   0   0   0   0 |     AAC   0   0   0   0   0   0 |     AGC   0   0   0   0   0   0
    ATA   1   1   1   1   1   1 |     ACA   0   0   0   0   0   0 | Lys AAA   2   2   2   2   2   2 | Arg AGA   1   1   1   1   1   1
Met ATG   0   0   0   0   0   0 |     ACG   0   0   0   0   0   0 |     AAG   1   1   1   1   1   1 |     AGG   0   0   0   0   0   0
--------------------------------------------------------------------------------------------------------------------------------------
Val GTT   1   0   1   1   1   1 | Ala GCT   0   0   0   0   0   0 | Asp GAT   0   0   0   0   0   0 | Gly GGT   0   0   0   0   0   0
    GTC   0   0   0   0   0   0 |     GCC   0   0   0   0   0   0 |     GAC   1   1   1   1   1   1 |     GGC   1   1   1   1   1   1
    GTA   1   1   1   1   1   1 |     GCA   0   0   0   0   0   0 | Glu GAA   1   1   1   1   1   1 |     GGA   0   0   0   0   0   0
    GTG   0   0   0   0   0   0 |     GCG   0   0   0   0   0   0 |     GAG   0   0   0   0   0   0 |     GGG   0   0   0   0   0   0
--------------------------------------------------------------------------------------------------------------------------------------

--------------------------------------------------------------------------------------------------------------------------------------
Phe TTT   0   0   0   0   0   0 | Ser TCT   0   0   0   0   0   0 | Tyr TAT   0   0   0   0   0   0 | Cys TGT   0   0   0   0   0   0
    TTC   0   0   0   0   0   0 |     TCC   0   0   0   0   0   0 |     TAC   0   0   0   0   0   0 |     TGC   1   1   1   1   1   1
Leu TTA   1   1   1   1   1   1 |     TCA   1   1   1   1   1   1 | *** TAA   0   0   0   0   0   0 | *** TGA   0   0   0   0   0   0
    TTG   0   0   0   0   0   0 |     TCG   0   0   0   0   0   0 |     TAG   0   0   0   0   0   0 | Trp TGG   0   0   0   0   0   0
--------------------------------------------------------------------------------------------------------------------------------------
Leu CTT   0   0   0   0   0   0 | Pro CCT   1   1   1   1   1   1 | His CAT   0   0   0   0   0   0 | Arg CGT   0   0   0   0   0   0
    CTC   0   0   0   0   0   0 |     CCC   0   0   0   0   0   0 |     CAC   0   0   0   0   0   0 |     CGC   0   0   0   0   0   0
    CTA   1   1   1   1   1   1 |     CCA   0   0   0   0   0   0 | Gln CAA   1   1   1   1   1   1 |     CGA   0   0   0   0   0   0
    CTG   0   0   0   0   0   0 |     CCG   0   0   0   0   0   0 |     CAG   1   1   1   1   1   1 |     CGG   0   0   0   0   0   0
--------------------------------------------------------------------------------------------------------------------------------------
Ile ATT   0   0   0   0   0   0 | Thr ACT   0   0   0   0   0   0 | Asn AAT   1   1   0   1   1   1 | Ser AGT   0   0   0   0   0   0
    ATC   0   0   0   0   0   0 |     ACC   0   0   0   0   0   0 |     AAC   0   0   1   0   0   0 |     AGC   0   0   0   0   0   0
    ATA   1   1   1   1   1   1 |     ACA   0   0   0   0   0   0 | Lys AAA   2   2   2   2   2   2 | Arg AGA   1   1   1   1   1   1
Met ATG   0   0   0   0   0   0 |     ACG   0   0   0   0   0   0 |     AAG   1   1   1   1   1   1 |     AGG   0   0   0   0   0   0
--------------------------------------------------------------------------------------------------------------------------------------
Val GTT   1   1   1   1   1   1 | Ala GCT   0   0   0   0   0   0 | Asp GAT   0   1   0   0   0   0 | Gly GGT   0   0   0   0   0   0
    GTC   0   0   0   0   0   0 |     GCC   0   0   0   0   0   0 |     GAC   1   0   1   1   1   1 |     GGC   1   1   1   1   1   1
    GTA   1   1   1   1   1   1 |     GCA   0   0   0   0   0   0 | Glu GAA   1   1   1   1   1   1 |     GGA   0   0   0   0   0   0
    GTG   0   0   0   0   0   0 |     GCG   0   0   0   0   0   0 |     GAG   0   0   0   0   0   0 |     GGG   0   0   0   0   0   0
--------------------------------------------------------------------------------------------------------------------------------------

--------------------------------------------------------------------------------------------------------------------------------------
Phe TTT   0   0   0   0   0   0 | Ser TCT   0   0   0   0   0   0 | Tyr TAT   0   0   0   0   0   0 | Cys TGT   0   0   0   0   0   0
    TTC   0   0   0   0   0   0 |     TCC   0   0   0   0   0   0 |     TAC   0   0   0   0   0   0 |     TGC   1   1   1   1   1   1
Leu TTA   1   1   1   1   1   1 |     TCA   1   1   1   1   1   1 | *** TAA   0   0   0   0   0   0 | *** TGA   0   0   0   0   0   0
    TTG   0   0   0   0   0   0 |     TCG   0   0   0   0   0   0 |     TAG   0   0   0   0   0   0 | Trp TGG   0   0   0   0   0   0
--------------------------------------------------------------------------------------------------------------------------------------
Leu CTT   0   0   0   0   0   0 | Pro CCT   1   1   1   1   1   1 | His CAT   0   0   0   0   0   0 | Arg CGT   0   0   0   0   0   0
    CTC   0   0   0   0   0   0 |     CCC   0   0   0   0   0   0 |     CAC   0   0   0   0   0   0 |     CGC   0   0   0   0   0   0
    CTA   1   1   1   1   1   1 |     CCA   0   0   0   0   0   0 | Gln CAA   1   1   1   1   1   1 |     CGA   0   0   0   0   0   0
    CTG   0   0   0   0   0   0 |     CCG   0   0   0   0   0   0 |     CAG   1   1   1   1   1   1 |     CGG   0   0   0   0   0   0
--------------------------------------------------------------------------------------------------------------------------------------
Ile ATT   0   0   0   0   0   0 | Thr ACT   0   0   0   0   0   0 | Asn AAT   1   1   1   1   1   1 | Ser AGT   0   0   0   0   0   0
    ATC   0   0   0   0   0   0 |     ACC   0   0   0   0   0   0 |     AAC   0   0   0   0   0   0 |     AGC   0   0   0   0   0   0
    ATA   1   1   1   1   1   1 |     ACA   0   0   0   0   0   0 | Lys AAA   2   2   2   2   2   2 | Arg AGA   1   1   1   1   1   1
Met ATG   0   0   0   0   0   0 |     ACG   0   0   0   0   0   0 |     AAG   1   1   1   1   1   1 |     AGG   0   0   0   0   0   0
--------------------------------------------------------------------------------------------------------------------------------------
Val GTT   1   1   1   1   1   1 | Ala GCT   0   0   0   0   0   0 | Asp GAT   0   1   0   0   1   0 | Gly GGT   0   0   0   0   0   0
    GTC   0   0   0   0   0   0 |     GCC   0   0   0   0   0   0 |     GAC   1   0   1   1   0   1 |     GGC   1   1   1   1   1   1
    GTA   1   1   1   1   1   1 |     GCA   0   0   0   0   0   0 | Glu GAA   1   1   1   1   1   1 |     GGA   0   0   0   0   0   0
    GTG   0   0   0   0   0   0 |     GCG   0   0   0   0   0   0 |     GAG   0   0   0   0   0   0 |     GGG   0   0   0   0   0   0
--------------------------------------------------------------------------------------------------------------------------------------

--------------------------------------------------------------------------------------------------------------------------------------
Phe TTT   0   0   0   0   0   0 | Ser TCT   0   0   0   0   0   0 | Tyr TAT   0   0   0   0   0   0 | Cys TGT   0   0   0   0   0   0
    TTC   0   0   0   0   0   0 |     TCC   0   0   0   0   0   0 |     TAC   0   0   0   0   0   0 |     TGC   1   1   1   1   1   1
Leu TTA   1   1   1   1   1   1 |     TCA   1   1   1   1   1   1 | *** TAA   0   0   0   0   0   0 | *** TGA   0   0   0   0   0   0
    TTG   0   0   0   0   0   0 |     TCG   0   0   0   0   0   0 |     TAG   0   0   0   0   0   0 | Trp TGG   0   0   0   0   0   0
--------------------------------------------------------------------------------------------------------------------------------------
Leu CTT   0   0   0   0   0   0 | Pro CCT   1   1   1   1   1   1 | His CAT   0   0   0   0   0   0 | Arg CGT   0   0   0   0   0   0
    CTC   0   0   0   0   0   0 |     CCC   0   0   0   0   0   0 |     CAC   0   0   0   0   0   0 |     CGC   0   0   0   0   0   0
    CTA   1   1   1   1   1   1 |     CCA   0   0   0   0   0   0 | Gln CAA   1   1   1   1   1   1 |     CGA   0   0   0   0   0   0
    CTG   0   0   0   0   0   0 |     CCG   0   0   0   0   0   0 |     CAG   1   1   1   1   1   1 |     CGG   0   0   0   0   0   0
--------------------------------------------------------------------------------------------------------------------------------------
Ile ATT   0   0   0   0   0   0 | Thr ACT   0   0   0   0   0   0 | Asn AAT   1   1   1   1   1   1 | Ser AGT   0   0   0   0   0   0
    ATC   0   0   0   0   0   0 |     ACC   0   0   0   0   0   0 |     AAC   0   0   0   0   0   0 |     AGC   0   0   0   0   0   0
    ATA   1   1   1   1   1   1 |     ACA   0   0   0   0   0   0 | Lys AAA   3   2   2   2   2   2 | Arg AGA   0   1   1   1   1   1
Met ATG   0   0   0   0   0   0 |     ACG   0   0   0   0   0   0 |     AAG   1   1   1   1   1   1 |     AGG   0   0   0   0   0   0
--------------------------------------------------------------------------------------------------------------------------------------
Val GTT   1   1   1   1   1   1 | Ala GCT   0   0   0   0   0   0 | Asp GAT   0   0   0   0   0   1 | Gly GGT   0   0   0   0   0   0
    GTC   0   0   0   0   0   0 |     GCC   0   0   0   0   0   0 |     GAC   1   1   1   1   1   0 |     GGC   1   1   1   1   1   1
    GTA   1   1   1   1   1   1 |     GCA   0   0   0   0   0   0 | Glu GAA   1   1   1   1   1   1 |     GGA   0   0   0   0   0   0
    GTG   0   0   0   0   0   0 |     GCG   0   0   0   0   0   0 |     GAG   0   0   0   0   0   0 |     GGG   0   0   0   0   0   0
--------------------------------------------------------------------------------------------------------------------------------------

--------------------------------------------------------------------------------------------------------------------------------------
Phe TTT   0   0   0   0   0   0 | Ser TCT   0   0   0   0   0   0 | Tyr TAT   0   0   0   0   0   0 | Cys TGT   0   0   0   0   0   0
    TTC   0   0   0   0   0   0 |     TCC   0   0   0   0   0   0 |     TAC   0   0   0   0   0   0 |     TGC   1   1   1   1   1   1
Leu TTA   1   1   1   1   1   1 |     TCA   1   1   1   1   1   1 | *** TAA   0   0   0   0   0   0 | *** TGA   0   0   0   0   0   0
    TTG   0   0   0   0   0   0 |     TCG   0   0   0   0   0   0 |     TAG   0   0   0   0   0   0 | Trp TGG   0   0   0   0   0   0
--------------------------------------------------------------------------------------------------------------------------------------
Leu CTT   0   0   0   0   0   0 | Pro CCT   1   1   1   1   1   1 | His CAT   0   0   0   0   0   0 | Arg CGT   0   0   0   0   0   0
    CTC   0   0   0   0   0   0 |     CCC   0   0   0   0   0   0 |     CAC   0   0   0   0   0   0 |     CGC   0   0   0   0   0   0
    CTA   1   1   1   1   1   1 |     CCA   0   0   0   0   0   0 | Gln CAA   1   1   1   1   1   1 |     CGA   0   0   0   0   0   0
    CTG   0   0   0   0   0   0 |     CCG   0   0   0   0   0   0 |     CAG   1   1   1   1   1   1 |     CGG   0   0   0   0   0   0
--------------------------------------------------------------------------------------------------------------------------------------
Ile ATT   0   0   0   0   0   0 | Thr ACT   0   0   0   0   0   0 | Asn AAT   1   1   1   1   1   1 | Ser AGT   0   0   0   0   0   0
    ATC   0   0   0   0   0   0 |     ACC   0   0   0   0   0   0 |     AAC   0   0   0   0   0   0 |     AGC   0   0   0   0   0   0
    ATA   1   1   1   1   1   1 |     ACA   0   0   0   0   0   0 | Lys AAA   2   2   2   2   2   2 | Arg AGA   1   1   1   1   1   1
Met ATG   0   0   0   0   0   0 |     ACG   0   0   0   0   0   0 |     AAG   1   1   1   1   1   1 |     AGG   0   0   0   0   0   0
--------------------------------------------------------------------------------------------------------------------------------------
Val GTT   1   1   1   1   1   1 | Ala GCT   0   0   0   0   0   0 | Asp GAT   0   0   1   0   0   0 | Gly GGT   0   0   0   0   0   0
    GTC   0   0   0   0   0   0 |     GCC   0   0   0   0   0   0 |     GAC   1   1   0   1   1   1 |     GGC   1   1   1   1   1   1
    GTA   1   1   1   1   1   1 |     GCA   0   0   0   0   0   0 | Glu GAA   1   1   1   1   1   1 |     GGA   0   0   0   0   0   0
    GTG   0   0   0   0   0   0 |     GCG   0   0   0   0   0   0 |     GAG   0   0   0   0   0   0 |     GGG   0   0   0   0   0   0
--------------------------------------------------------------------------------------------------------------------------------------

--------------------------------------------------------------------------------------------------------------------------------------
Phe TTT   0   0   0   0   0   0 | Ser TCT   0   0   0   0   0   0 | Tyr TAT   0   0   0   0   0   0 | Cys TGT   0   0   0   0   0   0
    TTC   0   0   0   0   0   0 |     TCC   0   0   0   0   0   0 |     TAC   0   0   0   0   0   0 |     TGC   1   1   1   1   1   1
Leu TTA   1   1   1   1   1   1 |     TCA   1   1   1   1   1   1 | *** TAA   0   0   0   0   0   0 | *** TGA   0   0   0   0   0   0
    TTG   0   0   0   0   0   0 |     TCG   0   0   0   0   0   0 |     TAG   0   0   0   0   0   0 | Trp TGG   0   0   0   0   0   0
--------------------------------------------------------------------------------------------------------------------------------------
Leu CTT   0   0   0   0   0   0 | Pro CCT   1   1   1   1   1   1 | His CAT   0   0   0   0   0   0 | Arg CGT   0   0   0   0   0   0
    CTC   0   0   0   0   0   0 |     CCC   0   0   0   0   0   0 |     CAC   0   0   0   0   0   0 |     CGC   0   0   0   0   0   0
    CTA   1   1   1   1   1   1 |     CCA   0   0   0   0   0   0 | Gln CAA   1   1   1   1   1   1 |     CGA   0   0   0   0   0   0
    CTG   0   0   0   0   0   0 |     CCG   0   0   0   1   0   0 |     CAG   1   1   1   0   1   1 |     CGG   0   0   0   0   0   0
--------------------------------------------------------------------------------------------------------------------------------------
Ile ATT   0   0   0   0   0   0 | Thr ACT   0   0   0   0   0   0 | Asn AAT   1   1   1   1   1   1 | Ser AGT   0   0   0   0   0   0
    ATC   0   0   0   0   0   0 |     ACC   0   0   0   0   0   0 |     AAC   0   0   0   0   0   0 |     AGC   0   0   0   0   0   0
    ATA   1   1   1   1   1   1 |     ACA   0   0   0   0   0   0 | Lys AAA   2   2   2   2   2   2 | Arg AGA   1   1   1   1   1   1
Met ATG   0   0   0   0   0   0 |     ACG   0   0   0   0   0   0 |     AAG   1   1   1   1   1   1 |     AGG   0   0   0   0   0   0
--------------------------------------------------------------------------------------------------------------------------------------
Val GTT   1   0   1   1   1   1 | Ala GCT   0   1   0   0   0   0 | Asp GAT   0   1   0   0   0   0 | Gly GGT   0   0   0   0   0   0
    GTC   0   0   0   0   0   0 |     GCC   0   0   0   0   0   0 |     GAC   1   0   1   1   1   1 |     GGC   1   1   1   1   1   1
    GTA   1   1   1   1   1   1 |     GCA   0   0   0   0   0   0 | Glu GAA   1   1   1   1   1   1 |     GGA   0   0   0   0   0   0
    GTG   0   0   0   0   0   0 |     GCG   0   0   0   0   0   0 |     GAG   0   0   0   0   0   0 |     GGG   0   0   0   0   0   0
--------------------------------------------------------------------------------------------------------------------------------------

Codon position x base (3x4) table for each sequence.

#1: Argali         
position  1:    T:0.16667    C:0.22222    A:0.33333    G:0.27778
position  2:    T:0.27778    C:0.11111    A:0.44444    G:0.16667
position  3:    T:0.16667    C:0.16667    A:0.55556    G:0.11111
Average         T:0.20370    C:0.16667    A:0.44444    G:0.18519

#2: LesserMouseDeer
position  1:    T:0.16667    C:0.22222    A:0.33333    G:0.27778
position  2:    T:0.27778    C:0.11111    A:0.44444    G:0.16667
position  3:    T:0.05556    C:0.22222    A:0.61111    G:0.11111
Average         T:0.16667    C:0.18519    A:0.46296    G:0.18519

#3: LesserKudu     
position  1:    T:0.16667    C:0.22222    A:0.33333    G:0.27778
position  2:    T:0.27778    C:0.11111    A:0.44444    G:0.16667
position  3:    T:0.16667    C:0.16667    A:0.55556    G:0.11111
Average         T:0.20370    C:0.16667    A:0.44444    G:0.18519

#4: ForestMuskDeer2
position  1:    T:0.16667    C:0.22222    A:0.33333    G:0.27778
position  2:    T:0.27778    C:0.16667    A:0.38889    G:0.16667
position  3:    T:0.16667    C:0.16667    A:0.55556    G:0.11111
Average         T:0.20370    C:0.18519    A:0.42593    G:0.18519

#5: Camel          
position  1:    T:0.16667    C:0.22222    A:0.33333    G:0.27778
position  2:    T:0.22222    C:0.22222    A:0.38889    G:0.16667
position  3:    T:0.11111    C:0.16667    A:0.61111    G:0.11111
Average         T:0.16667    C:0.20370    A:0.44444    G:0.18519

#6: KillerWhale    
position  1:    T:0.16667    C:0.22222    A:0.33333    G:0.27778
position  2:    T:0.27778    C:0.11111    A:0.44444    G:0.16667
position  3:    T:0.11111    C:0.16667    A:0.61111    G:0.11111
Average         T:0.18519    C:0.16667    A:0.46296    G:0.18519

#7: DefassaWaterbuck
position  1:    T:0.16667    C:0.22222    A:0.33333    G:0.27778
position  2:    T:0.27778    C:0.11111    A:0.44444    G:0.16667
position  3:    T:0.16667    C:0.16667    A:0.55556    G:0.11111
Average         T:0.20370    C:0.16667    A:0.44444    G:0.18519

#8: Sheep          
position  1:    T:0.16667    C:0.22222    A:0.33333    G:0.27778
position  2:    T:0.27778    C:0.11111    A:0.44444    G:0.16667
position  3:    T:0.16667    C:0.16667    A:0.55556    G:0.11111
Average         T:0.20370    C:0.16667    A:0.44444    G:0.18519

#9: MaxwellsDuiker 
position  1:    T:0.16667    C:0.22222    A:0.33333    G:0.27778
position  2:    T:0.27778    C:0.11111    A:0.44444    G:0.16667
position  3:    T:0.16667    C:0.16667    A:0.55556    G:0.11111
Average         T:0.20370    C:0.16667    A:0.44444    G:0.18519

#10: GazellaPrzewalskyi
position  1:    T:0.16667    C:0.22222    A:0.33333    G:0.27778
position  2:    T:0.27778    C:0.11111    A:0.44444    G:0.16667
position  3:    T:0.16667    C:0.16667    A:0.55556    G:0.11111
Average         T:0.20370    C:0.16667    A:0.44444    G:0.18519

#11: MountainNyala  
position  1:    T:0.16667    C:0.22222    A:0.33333    G:0.27778
position  2:    T:0.27778    C:0.11111    A:0.44444    G:0.16667
position  3:    T:0.16667    C:0.16667    A:0.55556    G:0.11111
Average         T:0.20370    C:0.16667    A:0.44444    G:0.18519

#12: MuntiacusMuntjak
position  1:    T:0.16667    C:0.22222    A:0.33333    G:0.27778
position  2:    T:0.27778    C:0.11111    A:0.44444    G:0.16667
position  3:    T:0.22222    C:0.11111    A:0.55556    G:0.11111
Average         T:0.22222    C:0.14815    A:0.44444    G:0.18519

#13: goat           
position  1:    T:0.16667    C:0.22222    A:0.33333    G:0.27778
position  2:    T:0.27778    C:0.11111    A:0.44444    G:0.16667
position  3:    T:0.16667    C:0.16667    A:0.55556    G:0.11111
Average         T:0.20370    C:0.16667    A:0.44444    G:0.18519

#14: AfricanBuffalo 
position  1:    T:0.16667    C:0.22222    A:0.33333    G:0.27778
position  2:    T:0.27778    C:0.11111    A:0.44444    G:0.16667
position  3:    T:0.16667    C:0.16667    A:0.55556    G:0.11111
Average         T:0.20370    C:0.16667    A:0.44444    G:0.18519

#15: Topi           
position  1:    T:0.16667    C:0.22222    A:0.33333    G:0.27778
position  2:    T:0.27778    C:0.11111    A:0.44444    G:0.16667
position  3:    T:0.16667    C:0.16667    A:0.55556    G:0.11111
Average         T:0.20370    C:0.16667    A:0.44444    G:0.18519

#16: CommonDuiker   
position  1:    T:0.16667    C:0.22222    A:0.33333    G:0.27778
position  2:    T:0.27778    C:0.11111    A:0.44444    G:0.16667
position  3:    T:0.16667    C:0.16667    A:0.55556    G:0.11111
Average         T:0.20370    C:0.16667    A:0.44444    G:0.18519

#17: Suni           
position  1:    T:0.16667    C:0.22222    A:0.33333    G:0.27778
position  2:    T:0.27778    C:0.11111    A:0.44444    G:0.16667
position  3:    T:0.16667    C:0.16667    A:0.55556    G:0.11111
Average         T:0.20370    C:0.16667    A:0.44444    G:0.18519

#18: Springbuck     
position  1:    T:0.16667    C:0.22222    A:0.33333    G:0.27778
position  2:    T:0.27778    C:0.11111    A:0.44444    G:0.16667
position  3:    T:0.16667    C:0.16667    A:0.55556    G:0.11111
Average         T:0.20370    C:0.16667    A:0.44444    G:0.18519

#19: Okapi          
position  1:    T:0.16667    C:0.22222    A:0.33333    G:0.27778
position  2:    T:0.27778    C:0.11111    A:0.44444    G:0.16667
position  3:    T:0.16667    C:0.16667    A:0.55556    G:0.11111
Average         T:0.20370    C:0.16667    A:0.44444    G:0.18519

#20: Giraffe        
position  1:    T:0.16667    C:0.22222    A:0.38889    G:0.22222
position  2:    T:0.27778    C:0.11111    A:0.44444    G:0.16667
position  3:    T:0.16667    C:0.16667    A:0.55556    G:0.11111
Average         T:0.20370    C:0.16667    A:0.46296    G:0.16667

#21: TibetanAntelope
position  1:    T:0.16667    C:0.22222    A:0.33333    G:0.27778
position  2:    T:0.27778    C:0.11111    A:0.44444    G:0.16667
position  3:    T:0.16667    C:0.16667    A:0.55556    G:0.11111
Average         T:0.20370    C:0.16667    A:0.44444    G:0.18519

#22: Sitatunga      
position  1:    T:0.16667    C:0.22222    A:0.33333    G:0.27778
position  2:    T:0.27778    C:0.11111    A:0.44444    G:0.16667
position  3:    T:0.16667    C:0.16667    A:0.55556    G:0.11111
Average         T:0.20370    C:0.16667    A:0.44444    G:0.18519

#23: Oribi          
position  1:    T:0.16667    C:0.22222    A:0.33333    G:0.27778
position  2:    T:0.27778    C:0.11111    A:0.44444    G:0.16667
position  3:    T:0.16667    C:0.16667    A:0.55556    G:0.11111
Average         T:0.20370    C:0.16667    A:0.44444    G:0.18519

#24: BarbarySheep   
position  1:    T:0.16667    C:0.22222    A:0.33333    G:0.27778
position  2:    T:0.27778    C:0.11111    A:0.44444    G:0.16667
position  3:    T:0.16667    C:0.16667    A:0.55556    G:0.11111
Average         T:0.20370    C:0.16667    A:0.44444    G:0.18519

#25: Daviddeer      
position  1:    T:0.16667    C:0.22222    A:0.33333    G:0.27778
position  2:    T:0.27778    C:0.11111    A:0.44444    G:0.16667
position  3:    T:0.16667    C:0.16667    A:0.55556    G:0.11111
Average         T:0.20370    C:0.16667    A:0.44444    G:0.18519

#26: Reindeer       
position  1:    T:0.16667    C:0.22222    A:0.33333    G:0.27778
position  2:    T:0.27778    C:0.11111    A:0.44444    G:0.16667
position  3:    T:0.22222    C:0.11111    A:0.55556    G:0.11111
Average         T:0.22222    C:0.14815    A:0.44444    G:0.18519

#27: Ibex           
position  1:    T:0.16667    C:0.22222    A:0.33333    G:0.27778
position  2:    T:0.27778    C:0.11111    A:0.44444    G:0.16667
position  3:    T:0.11111    C:0.22222    A:0.55556    G:0.11111
Average         T:0.18519    C:0.18519    A:0.44444    G:0.18519

#28: GyrantGazelle  
position  1:    T:0.16667    C:0.22222    A:0.33333    G:0.27778
position  2:    T:0.27778    C:0.11111    A:0.44444    G:0.16667
position  3:    T:0.16667    C:0.16667    A:0.55556    G:0.11111
Average         T:0.20370    C:0.16667    A:0.44444    G:0.18519

#29: Hartebeest     
position  1:    T:0.16667    C:0.22222    A:0.33333    G:0.27778
position  2:    T:0.27778    C:0.11111    A:0.44444    G:0.16667
position  3:    T:0.16667    C:0.16667    A:0.55556    G:0.11111
Average         T:0.20370    C:0.16667    A:0.44444    G:0.18519

#30: Bongo          
position  1:    T:0.16667    C:0.22222    A:0.33333    G:0.27778
position  2:    T:0.27778    C:0.11111    A:0.44444    G:0.16667
position  3:    T:0.16667    C:0.16667    A:0.55556    G:0.11111
Average         T:0.20370    C:0.16667    A:0.44444    G:0.18519

#31: Gerenuk        
position  1:    T:0.16667    C:0.22222    A:0.33333    G:0.27778
position  2:    T:0.27778    C:0.11111    A:0.44444    G:0.16667
position  3:    T:0.16667    C:0.16667    A:0.55556    G:0.11111
Average         T:0.20370    C:0.16667    A:0.44444    G:0.18519

#32: CommonEland    
position  1:    T:0.16667    C:0.22222    A:0.33333    G:0.27778
position  2:    T:0.27778    C:0.11111    A:0.44444    G:0.16667
position  3:    T:0.22222    C:0.11111    A:0.55556    G:0.11111
Average         T:0.22222    C:0.14815    A:0.44444    G:0.18519

#33: MuntiacusReevesi
position  1:    T:0.16667    C:0.22222    A:0.33333    G:0.27778
position  2:    T:0.27778    C:0.11111    A:0.44444    G:0.16667
position  3:    T:0.16667    C:0.16667    A:0.55556    G:0.11111
Average         T:0.20370    C:0.16667    A:0.44444    G:0.18519

#34: HarveysDuiker  
position  1:    T:0.16667    C:0.22222    A:0.33333    G:0.27778
position  2:    T:0.27778    C:0.11111    A:0.44444    G:0.16667
position  3:    T:0.16667    C:0.16667    A:0.55556    G:0.11111
Average         T:0.20370    C:0.16667    A:0.44444    G:0.18519

#35: Pronghorn      
position  1:    T:0.16667    C:0.22222    A:0.33333    G:0.27778
position  2:    T:0.27778    C:0.11111    A:0.44444    G:0.16667
position  3:    T:0.22222    C:0.11111    A:0.55556    G:0.11111
Average         T:0.22222    C:0.14815    A:0.44444    G:0.18519

#36: BlueWildebeest 
position  1:    T:0.16667    C:0.22222    A:0.33333    G:0.27778
position  2:    T:0.27778    C:0.11111    A:0.44444    G:0.16667
position  3:    T:0.16667    C:0.16667    A:0.55556    G:0.11111
Average         T:0.20370    C:0.16667    A:0.44444    G:0.18519

#37: Gemsbok        
position  1:    T:0.16667    C:0.22222    A:0.33333    G:0.27778
position  2:    T:0.27778    C:0.11111    A:0.50000    G:0.11111
position  3:    T:0.16667    C:0.16667    A:0.55556    G:0.11111
Average         T:0.20370    C:0.16667    A:0.46296    G:0.16667

#38: Yak            
position  1:    T:0.16667    C:0.22222    A:0.33333    G:0.27778
position  2:    T:0.27778    C:0.11111    A:0.44444    G:0.16667
position  3:    T:0.16667    C:0.16667    A:0.55556    G:0.11111
Average         T:0.20370    C:0.16667    A:0.44444    G:0.18519

#39: BlueSheep      
position  1:    T:0.16667    C:0.22222    A:0.33333    G:0.27778
position  2:    T:0.27778    C:0.11111    A:0.44444    G:0.16667
position  3:    T:0.16667    C:0.16667    A:0.55556    G:0.11111
Average         T:0.20370    C:0.16667    A:0.44444    G:0.18519

#40: BohorReedbuck  
position  1:    T:0.16667    C:0.22222    A:0.33333    G:0.27778
position  2:    T:0.27778    C:0.11111    A:0.44444    G:0.16667
position  3:    T:0.16667    C:0.16667    A:0.55556    G:0.11111
Average         T:0.20370    C:0.16667    A:0.44444    G:0.18519

#41: KirksDik       
position  1:    T:0.16667    C:0.22222    A:0.33333    G:0.27778
position  2:    T:0.27778    C:0.11111    A:0.44444    G:0.16667
position  3:    T:0.16667    C:0.16667    A:0.55556    G:0.11111
Average         T:0.20370    C:0.16667    A:0.44444    G:0.18519

#42: RoeDeer        
position  1:    T:0.16667    C:0.22222    A:0.33333    G:0.27778
position  2:    T:0.27778    C:0.11111    A:0.44444    G:0.16667
position  3:    T:0.22222    C:0.11111    A:0.55556    G:0.11111
Average         T:0.22222    C:0.14815    A:0.44444    G:0.18519

#43: WhiteLippedDeer
position  1:    T:0.16667    C:0.22222    A:0.33333    G:0.27778
position  2:    T:0.27778    C:0.11111    A:0.44444    G:0.16667
position  3:    T:0.16667    C:0.16667    A:0.55556    G:0.11111
Average         T:0.20370    C:0.16667    A:0.44444    G:0.18519

#44: ThomsonGazelle 
position  1:    T:0.16667    C:0.22222    A:0.33333    G:0.27778
position  2:    T:0.27778    C:0.11111    A:0.44444    G:0.16667
position  3:    T:0.16667    C:0.16667    A:0.55556    G:0.11111
Average         T:0.20370    C:0.16667    A:0.44444    G:0.18519

#45: MuntiacusCrinifrons
position  1:    T:0.16667    C:0.22222    A:0.33333    G:0.27778
position  2:    T:0.27778    C:0.11111    A:0.44444    G:0.16667
position  3:    T:0.22222    C:0.11111    A:0.55556    G:0.11111
Average         T:0.22222    C:0.14815    A:0.44444    G:0.18519

#46: WhiteTailedDeer
position  1:    T:0.16667    C:0.22222    A:0.33333    G:0.27778
position  2:    T:0.27778    C:0.11111    A:0.44444    G:0.16667
position  3:    T:0.16667    C:0.16667    A:0.55556    G:0.11111
Average         T:0.20370    C:0.16667    A:0.44444    G:0.18519

#47: Cattle         
position  1:    T:0.16667    C:0.22222    A:0.33333    G:0.27778
position  2:    T:0.27778    C:0.11111    A:0.44444    G:0.16667
position  3:    T:0.16667    C:0.16667    A:0.55556    G:0.11111
Average         T:0.20370    C:0.16667    A:0.44444    G:0.18519

#48: RoyalAntelope  
position  1:    T:0.16667    C:0.22222    A:0.33333    G:0.27778
position  2:    T:0.27778    C:0.11111    A:0.44444    G:0.16667
position  3:    T:0.16667    C:0.16667    A:0.55556    G:0.11111
Average         T:0.20370    C:0.16667    A:0.44444    G:0.18519

#49: Steenbok       
position  1:    T:0.16667    C:0.22222    A:0.33333    G:0.27778
position  2:    T:0.27778    C:0.11111    A:0.44444    G:0.16667
position  3:    T:0.16667    C:0.16667    A:0.55556    G:0.11111
Average         T:0.20370    C:0.16667    A:0.44444    G:0.18519

#50: Impala         
position  1:    T:0.16667    C:0.22222    A:0.33333    G:0.27778
position  2:    T:0.22222    C:0.16667    A:0.44444    G:0.16667
position  3:    T:0.22222    C:0.11111    A:0.55556    G:0.11111
Average         T:0.20370    C:0.16667    A:0.44444    G:0.18519

#51: Klipspringer   
position  1:    T:0.16667    C:0.22222    A:0.33333    G:0.27778
position  2:    T:0.27778    C:0.11111    A:0.44444    G:0.16667
