CODONML (in paml version 4.10.7, June 2023)  /home/rachel/ruminants_paml/6406-phy-tree/ENSBTAT00000048744.fasta.phy
Model: free dN/dS Ratios for branches,  kappa = 2.000 fixed

Codon frequency model: F3x4
ns =  54  ls =  19

Codon usage in sequences
--------------------------------------------------------------------------------------------------------------------------------------
Phe TTT   0   0   0   0   0   0 | Ser TCT   0   1   1   1   1   1 | Tyr TAT   1   0   1   1   1   1 | Cys TGT   0   0   0   0   0   0
    TTC   1   1   1   1   1   1 |     TCC   0   0   0   0   0   0 |     TAC   0   1   0   0   0   0 |     TGC   0   0   0   0   0   0
Leu TTA   0   0   0   0   0   0 |     TCA   0   0   0   0   0   0 | *** TAA   0   0   0   0   0   0 | *** TGA   0   0   0   0   0   0
    TTG   0   0   0   0   0   0 |     TCG   0   0   0   0   0   0 |     TAG   0   0   0   0   0   0 | Trp TGG   1   1   1   1   1   1
--------------------------------------------------------------------------------------------------------------------------------------
Leu CTT   1   1   1   1   1   1 | Pro CCT   2   1   1   1   1   1 | His CAT   1   0   1   1   1   1 | Arg CGT   0   0   0   0   0   0
    CTC   0   0   0   0   0   0 |     CCC   0   0   0   0   0   0 |     CAC   0   1   0   0   0   0 |     CGC   0   0   0   0   0   0
    CTA   0   0   0   0   0   0 |     CCA   1   1   1   1   1   1 | Gln CAA   0   0   0   0   0   0 |     CGA   0   0   0   0   0   0
    CTG   1   1   1   1   1   1 |     CCG   0   0   0   0   0   0 |     CAG   0   0   0   0   0   0 |     CGG   0   0   0   0   0   0
--------------------------------------------------------------------------------------------------------------------------------------
Ile ATT   0   0   0   0   0   0 | Thr ACT   0   0   0   0   0   0 | Asn AAT   0   0   0   0   0   0 | Ser AGT   0   0   0   0   0   0
    ATC   0   0   0   0   0   1 |     ACC   0   0   0   0   0   0 |     AAC   0   0   0   0   0   0 |     AGC   1   1   1   1   1   1
    ATA   0   0   0   0   0   0 |     ACA   0   0   0   0   0   0 | Lys AAA   1   0   1   0   1   1 | Arg AGA   0   0   0   0   0   0
Met ATG   0   0   0   0   0   0 |     ACG   0   0   0   0   0   0 |     AAG   0   1   0   1   0   0 |     AGG   0   0   0   0   0   0
--------------------------------------------------------------------------------------------------------------------------------------
Val GTT   0   0   0   0   0   0 | Ala GCT   0   0   0   0   0   0 | Asp GAT   0   0   1   1   1   1 | Gly GGT   0   0   0   0   0   0
    GTC   1   1   1   1   1   0 |     GCC   0   0   0   0   0   0 |     GAC   2   2   1   2   1   1 |     GGC   0   0   0   0   0   0
    GTA   0   0   0   0   0   0 |     GCA   0   0   0   0   0   0 | Glu GAA   2   0   2   1   2   2 |     GGA   1   1   1   1   1   1
    GTG   1   1   1   1   1   1 |     GCG   0   0   0   0   0   0 |     GAG   0   2   0   0   0   0 |     GGG   1   1   1   1   1   1
--------------------------------------------------------------------------------------------------------------------------------------

--------------------------------------------------------------------------------------------------------------------------------------
Phe TTT   0   0   0   0   0   0 | Ser TCT   1   0   0   1   1   1 | Tyr TAT   1   1   1   1   1   1 | Cys TGT   0   0   0   0   0   0
    TTC   1   1   1   1   1   1 |     TCC   0   0   0   0   0   0 |     TAC   0   0   0   0   0   0 |     TGC   0   0   0   0   0   0
Leu TTA   0   0   0   0   0   0 |     TCA   0   0   0   0   0   0 | *** TAA   0   0   0   0   0   0 | *** TGA   0   0   0   0   0   0
    TTG   0   0   0   0   0   0 |     TCG   0   0   1   0   0   0 |     TAG   0   0   0   0   0   0 | Trp TGG   1   1   1   1   1   1
--------------------------------------------------------------------------------------------------------------------------------------
Leu CTT   1   1   1   1   1   1 | Pro CCT   1   2   1   1   1   1 | His CAT   0   1   1   1   1   1 | Arg CGT   0   0   0   0   0   0
    CTC   0   0   0   0   0   0 |     CCC   0   0   0   0   0   0 |     CAC   1   0   0   0   0   0 |     CGC   0   0   0   0   0   0
    CTA   0   0   0   0   0   0 |     CCA   1   1   1   1   1   1 | Gln CAA   0   0   0   0   0   0 |     CGA   0   0   0   0   0   0
    CTG   1   1   1   1   1   1 |     CCG   0   0   0   0   0   0 |     CAG   0   0   0   0   0   0 |     CGG   0   0   0   0   0   0
--------------------------------------------------------------------------------------------------------------------------------------
Ile ATT   0   0   0   0   0   0 | Thr ACT   0   0   0   0   0   0 | Asn AAT   0   0   0   0   0   0 | Ser AGT   0   0   0   0   0   0
    ATC   0   0   0   0   0   0 |     ACC   0   0   0   0   0   0 |     AAC   0   0   0   0   0   0 |     AGC   1   1   1   1   1   1
    ATA   0   0   0   0   0   0 |     ACA   0   0   0   0   0   0 | Lys AAA   1   1   1   1   1   1 | Arg AGA   0   0   0   0   0   0
Met ATG   0   0   0   0   0   0 |     ACG   0   0   0   0   0   0 |     AAG   0   0   0   0   0   0 |     AGG   0   0   0   0   0   0
--------------------------------------------------------------------------------------------------------------------------------------
Val GTT   1   0   0   0   0   0 | Ala GCT   0   0   0   0   0   0 | Asp GAT   0   0   0   0   0   0 | Gly GGT   0   0   0   0   0   0
    GTC   0   1   1   1   1   1 |     GCC   0   0   0   0   0   0 |     GAC   2   2   2   2   2   2 |     GGC   0   0   0   0   0   0
    GTA   0   0   0   0   0   0 |     GCA   0   0   0   0   0   0 | Glu GAA   2   2   2   2   2   2 |     GGA   1   1   1   1   1   1
    GTG   1   1   1   1   1   1 |     GCG   0   0   0   0   0   0 |     GAG   0   0   0   0   0   0 |     GGG   1   1   1   1   1   1
--------------------------------------------------------------------------------------------------------------------------------------

--------------------------------------------------------------------------------------------------------------------------------------
Phe TTT   0   0   0   0   0   0 | Ser TCT   1   1   1   0   1   1 | Tyr TAT   1   1   1   1   1   1 | Cys TGT   0   0   0   0   0   0
    TTC   1   1   1   1   1   1 |     TCC   0   0   0   0   0   0 |     TAC   0   0   0   0   0   0 |     TGC   0   0   0   0   0   0
Leu TTA   0   0   0   0   0   0 |     TCA   0   0   0   0   0   0 | *** TAA   0   0   0   0   0   0 | *** TGA   0   0   0   0   0   0
    TTG   0   0   0   0   0   0 |     TCG   0   0   0   1   0   0 |     TAG   0   0   0   0   0   0 | Trp TGG   1   1   1   1   1   1
--------------------------------------------------------------------------------------------------------------------------------------
Leu CTT   1   1   1   1   1   1 | Pro CCT   1   1   1   1   1   1 | His CAT   1   1   1   1   1   1 | Arg CGT   0   0   0   0   0   0
    CTC   0   0   0   0   0   0 |     CCC   0   0   0   0   0   0 |     CAC   0   0   0   0   0   0 |     CGC   0   0   0   0   0   0
    CTA   0   0   0   0   0   0 |     CCA   1   1   1   1   1   1 | Gln CAA   0   0   0   0   0   0 |     CGA   0   0   0   0   0   0
    CTG   1   1   1   1   1   1 |     CCG   0   0   0   0   0   0 |     CAG   0   0   0   0   0   0 |     CGG   0   0   0   0   0   0
--------------------------------------------------------------------------------------------------------------------------------------
Ile ATT   0   0   0   0   0   0 | Thr ACT   0   0   0   0   0   0 | Asn AAT   0   0   0   0   0   0 | Ser AGT   0   0   0   0   0   0
    ATC   0   0   0   0   0   0 |     ACC   0   0   0   0   0   0 |     AAC   0   0   0   0   0   0 |     AGC   1   1   1   1   1   1
    ATA   0   0   0   0   0   0 |     ACA   0   0   0   0   0   0 | Lys AAA   1   1   1   1   1   1 | Arg AGA   0   0   0   0   0   0
Met ATG   0   0   0   0   0   0 |     ACG   0   0   0   0   0   0 |     AAG   0   0   0   0   0   0 |     AGG   0   0   0   0   0   0
--------------------------------------------------------------------------------------------------------------------------------------
Val GTT   0   0   0   0   0   0 | Ala GCT   0   0   0   0   0   0 | Asp GAT   0   0   0   0   0   0 | Gly GGT   0   0   0   0   0   0
    GTC   1   1   1   1   1   0 |     GCC   0   0   0   0   0   0 |     GAC   2   2   2   2   2   2 |     GGC   0   0   0   0   0   0
    GTA   0   0   0   0   0   0 |     GCA   0   0   0   0   0   0 | Glu GAA   2   2   2   2   2   2 |     GGA   1   1   1   1   1   1
    GTG   1   1   1   1   1   2 |     GCG   0   0   0   0   0   0 |     GAG   0   0   0   0   0   0 |     GGG   1   1   1   1   1   1
--------------------------------------------------------------------------------------------------------------------------------------

--------------------------------------------------------------------------------------------------------------------------------------
Phe TTT   0   0   0   0   0   0 | Ser TCT   1   1   1   1   1   1 | Tyr TAT   1   1   1   1   1   1 | Cys TGT   0   0   0   0   0   0
    TTC   1   1   1   1   1   1 |     TCC   0   0   0   0   0   0 |     TAC   0   0   0   0   0   0 |     TGC   0   0   0   0   0   0
Leu TTA   0   0   0   0   0   0 |     TCA   0   0   0   0   0   0 | *** TAA   0   0   0   0   0   0 | *** TGA   0   0   0   0   0   0
    TTG   0   0   0   0   0   0 |     TCG   0   0   0   0   0   0 |     TAG   0   0   0   0   0   0 | Trp TGG   1   1   1   1   1   1
--------------------------------------------------------------------------------------------------------------------------------------
Leu CTT   1   1   1   1   1   1 | Pro CCT   1   1   1   1   1   1 | His CAT   0   1   1   1   1   1 | Arg CGT   0   0   0   0   0   0
    CTC   0   0   0   0   0   0 |     CCC   0   0   0   0   0   0 |     CAC   1   0   0   0   0   0 |     CGC   0   0   0   0   0   0
    CTA   0   0   0   0   0   0 |     CCA   1   1   1   1   1   1 | Gln CAA   0   0   0   0   0   0 |     CGA   0   0   0   0   0   0
    CTG   1   1   1   1   1   1 |     CCG   0   0   0   0   0   0 |     CAG   0   0   0   0   0   0 |     CGG   0   0   0   0   0   0
--------------------------------------------------------------------------------------------------------------------------------------
Ile ATT   0   0   0   0   0   0 | Thr ACT   0   0   0   0   0   0 | Asn AAT   0   0   0   0   0   0 | Ser AGT   0   0   0   0   0   0
    ATC   0   0   0   0   0   0 |     ACC   0   0   0   0   0   0 |     AAC   0   0   0   0   0   0 |     AGC   1   1   1   1   1   1
    ATA   0   0   0   0   0   0 |     ACA   0   0   0   0   0   0 | Lys AAA   1   1   1   1   1   1 | Arg AGA   0   0   0   0   0   0
Met ATG   0   0   0   0   0   0 |     ACG   0   0   0   0   0   0 |     AAG   0   0   0   0   0   0 |     AGG   0   0   0   0   0   0
--------------------------------------------------------------------------------------------------------------------------------------
Val GTT   0   0   0   0   0   0 | Ala GCT   0   0   0   0   0   0 | Asp GAT   0   0   0   0   0   0 | Gly GGT   0   0   0   0   0   0
    GTC   1   1   1   1   1   1 |     GCC   0   0   0   0   0   0 |     GAC   2   2   2   2   2   2 |     GGC   0   0   0   0   0   0
    GTA   0   0   0   0   0   0 |     GCA   0   0   0   0   0   0 | Glu GAA   2   2   2   1   2   2 |     GGA   1   1   1   1   1   1
    GTG   1   1   1   1   1   1 |     GCG   0   0   0   0   0   0 |     GAG   0   0   0   1   0   0 |     GGG   1   1   1   1   1   1
--------------------------------------------------------------------------------------------------------------------------------------

--------------------------------------------------------------------------------------------------------------------------------------
Phe TTT   0   0   0   0   0   0 | Ser TCT   1   1   1   1   1   1 | Tyr TAT   1   1   1   1   1   1 | Cys TGT   0   0   0   0   0   0
    TTC   1   1   1   1   1   1 |     TCC   0   0   0   0   0   0 |     TAC   0   0   0   0   0   0 |     TGC   0   0   0   0   0   0
Leu TTA   0   0   0   0   0   0 |     TCA   0   0   0   0   0   0 | *** TAA   0   0   0   0   0   0 | *** TGA   0   0   0   0   0   0
    TTG   0   0   0   0   0   0 |     TCG   0   0   0   0   0   0 |     TAG   0   0   0   0   0   0 | Trp TGG   1   1   1   1   1   1
--------------------------------------------------------------------------------------------------------------------------------------
Leu CTT   1   1   1   1   1   1 | Pro CCT   1   1   1   1   1   1 | His CAT   1   1   1   1   1   1 | Arg CGT   0   0   0   0   0   0
    CTC   0   0   0   0   0   0 |     CCC   0   0   0   0   0   0 |     CAC   0   0   0   0   0   0 |     CGC   0   0   0   0   0   0
    CTA   0   0   0   0   0   0 |     CCA   1   1   1   1   1   1 | Gln CAA   0   0   0   0   0   0 |     CGA   0   0   0   0   0   0
    CTG   1   1   1   1   1   1 |     CCG   0   0   0   0   0   0 |     CAG   0   0   0   0   0   0 |     CGG   0   0   0   0   0   0
--------------------------------------------------------------------------------------------------------------------------------------
Ile ATT   0   0   0   0   0   0 | Thr ACT   0   0   0   0   0   0 | Asn AAT   0   0   0   0   0   0 | Ser AGT   0   0   0   0   0   0
    ATC   0   0   0   0   0   0 |     ACC   0   0   0   0   0   0 |     AAC   0   0   0   0   0   0 |     AGC   1   1   1   1   1   1
    ATA   0   0   0   0   0   0 |     ACA   0   0   0   0   0   0 | Lys AAA   1   1   1   1   1   1 | Arg AGA   0   0   0   0   0   0
Met ATG   0   0   0   0   0   0 |     ACG   0   0   0   0   0   0 |     AAG   0   0   0   0   0   0 |     AGG   0   0   0   0   0   0
--------------------------------------------------------------------------------------------------------------------------------------
Val GTT   0   0   0   0   0   0 | Ala GCT   0   0   0   0   0   0 | Asp GAT   1   0   0   0   0   0 | Gly GGT   0   0   0   0   0   0
    GTC   1   1   1   1   1   1 |     GCC   0   0   0   0   0   0 |     GAC   1   2   2   2   2   2 |     GGC   0   0   0   0   0   0
    GTA   0   0   0   0   0   0 |     GCA   0   0   0   0   0   0 | Glu GAA   2   2   2   2   2   2 |     GGA   1   1   1   1   1   1
    GTG   1   1   1   1   1   1 |     GCG   0   0   0   0   0   0 |     GAG   0   0   0   0   0   0 |     GGG   1   1   1   1   1   1
--------------------------------------------------------------------------------------------------------------------------------------

--------------------------------------------------------------------------------------------------------------------------------------
Phe TTT   0   0   0   0   0   0 | Ser TCT   1   1   1   0   1   1 | Tyr TAT   1   1   1   1   1   1 | Cys TGT   0   0   0   0   0   0
    TTC   1   1   1   1   1   1 |     TCC   0   0   0   0   0   0 |     TAC   0   0   0   0   0   0 |     TGC   0   0   0   0   0   0
Leu TTA   0   0   0   0   0   0 |     TCA   0   0   0   0   0   0 | *** TAA   0   0   0   0   0   0 | *** TGA   0   0   0   0   0   0
    TTG   0   0   0   0   0   0 |     TCG   0   0   0   1   0   0 |     TAG   0   0   0   0   0   0 | Trp TGG   1   1   1   1   1   1
--------------------------------------------------------------------------------------------------------------------------------------
Leu CTT   1   1   1   1   1   1 | Pro CCT   1   1   1   1   1   1 | His CAT   1   1   1   1   1   1 | Arg CGT   0   0   0   0   0   0
    CTC   0   0   0   0   0   0 |     CCC   0   0   0   0   0   0 |     CAC   0   0   0   0   0   0 |     CGC   0   0   0   0   0   0
    CTA   0   0   0   0   0   0 |     CCA   1   1   1   1   1   1 | Gln CAA   0   0   0   0   0   0 |     CGA   0   0   0   0   0   0
    CTG   1   1   1   1   1   1 |     CCG   0   0   0   0   0   0 |     CAG   0   0   0   0   0   0 |     CGG   0   0   0   0   0   0
--------------------------------------------------------------------------------------------------------------------------------------
Ile ATT   0   0   0   0   0   0 | Thr ACT   0   0   0   0   0   0 | Asn AAT   0   0   0   0   0   0 | Ser AGT   0   0   0   0   0   0
    ATC   0   0   0   0   0   0 |     ACC   0   0   0   0   0   0 |     AAC   0   0   0   0   0   0 |     AGC   1   1   1   1   1   1
    ATA   0   0   0   0   0   0 |     ACA   0   0   0   0   0   0 | Lys AAA   1   1   1   1   1   1 | Arg AGA   0   0   0   0   0   0
Met ATG   0   0   0   0   0   0 |     ACG   0   0   0   0   0   0 |     AAG   0   0   0   0   0   0 |     AGG   0   0   0   0   0   0
--------------------------------------------------------------------------------------------------------------------------------------
Val GTT   0   0   0   0   0   0 | Ala GCT   0   0   0   0   0   0 | Asp GAT   0   0   0   0   0   0 | Gly GGT   0   0   0   0   0   0
    GTC   0   1   1   1   1   1 |     GCC   0   0   0   0   0   0 |     GAC   2   2   2   2   2   2 |     GGC   0   0   0   0   0   0
    GTA   0   0   0   0   0   0 |     GCA   0   0   0   0   0   0 | Glu GAA   2   2   2   2   2   2 |     GGA   1   1   1   1   1   1
    GTG   2   1   1   1   1   1 |     GCG   0   0   0   0   0   0 |     GAG   0   0   0   0   0   0 |     GGG   1   1   1   1   1   1
--------------------------------------------------------------------------------------------------------------------------------------

--------------------------------------------------------------------------------------------------------------------------------------
Phe TTT   0   0   0   0   0   0 | Ser TCT   1   1   1   1   1   1 | Tyr TAT   1   1   1   1   1   1 | Cys TGT   0   0   0   0   0   0
    TTC   1   1   1   1   1   1 |     TCC   0   0   0   0   0   0 |     TAC   0   0   0   0   0   0 |     TGC   0   0   0   0   0   0
Leu TTA   0   0   0   0   0   0 |     TCA   0   0   0   0   0   0 | *** TAA   0   0   0   0   0   0 | *** TGA   0   0   0   0   0   0
    TTG   0   0   0   0   0   0 |     TCG   0   0   0   0   0   0 |     TAG   0   0   0   0   0   0 | Trp TGG   1   1   1   1   1   1
--------------------------------------------------------------------------------------------------------------------------------------
Leu CTT   1   1   1   1   1   1 | Pro CCT   1   1   1   1   1   1 | His CAT   1   1   1   1   1   1 | Arg CGT   0   0   0   0   0   0
    CTC   0   0   0   0   0   1 |     CCC   0   0   0   0   0   0 |     CAC   0   0   0   0   0   0 |     CGC   0   0   0   0   0   0
    CTA   0   0   0   0   0   0 |     CCA   1   1   1   1   1   1 | Gln CAA   0   0   0   0   0   0 |     CGA   0   0   0   0   0   0
    CTG   1   1   1   1   1   0 |     CCG   0   0   0   0   0   0 |     CAG   0   0   0   0   0   0 |     CGG   0   0   0   0   0   0
--------------------------------------------------------------------------------------------------------------------------------------
Ile ATT   0   0   0   0   0   0 | Thr ACT   0   0   0   0   0   0 | Asn AAT   0   0   0   0   0   0 | Ser AGT   0   0   0   0   0   0
    ATC   0   0   0   0   0   0 |     ACC   0   0   0   0   0   0 |     AAC   0   0   0   0   0   0 |     AGC   1   1   1   1   1   1
    ATA   0   0   0   0   0   0 |     ACA   0   0   0   0   0   0 | Lys AAA   1   1   1   1   0   1 | Arg AGA   0   0   0   0   0   0
Met ATG   0   0   0   0   0   0 |     ACG   0   0   0   0   0   0 |     AAG   0   0   0   0   1   0 |     AGG   0   0   0   0   0   0
--------------------------------------------------------------------------------------------------------------------------------------
Val GTT   0   0   0   1   0   0 | Ala GCT   0   0   0   0   0   0 | Asp GAT   1   0   0   1   0   0 | Gly GGT   0   0   0   0   0   0
    GTC   1   1   1   0   1   1 |     GCC   0   0   0   0   0   0 |     GAC   1   2   2   1   2   2 |     GGC   0   0   0   0   0   0
    GTA   0   0   0   0   0   0 |     GCA   0   0   0   0   0   0 | Glu GAA   2   2   2   2   2   2 |     GGA   1   1   1   1   1   1
    GTG   1   1   1   1   1   1 |     GCG   0   0   0   0   0   0 |     GAG   0   0   0   0   0   0 |     GGG   1   1   1   1   1   1
--------------------------------------------------------------------------------------------------------------------------------------

--------------------------------------------------------------------------------------------------------------------------------------
Phe TTT   0   0   0   0   0   0 | Ser TCT   1   1   1   1   1   1 | Tyr TAT   1   1   1   1   1   1 | Cys TGT   0   0   0   0   0   0
    TTC   1   1   1   1   1   1 |     TCC   0   0   0   0   0   0 |     TAC   0   0   0   0   0   0 |     TGC   0   0   0   0   0   0
Leu TTA   0   0   0   0   0   0 |     TCA   0   0   0   0   0   0 | *** TAA   0   0   0   0   0   0 | *** TGA   0   0   0   0   0   0
    TTG   0   0   0   0   0   0 |     TCG   0   0   0   0   0   0 |     TAG   0   0   0   0   0   0 | Trp TGG   1   1   1   1   1   1
--------------------------------------------------------------------------------------------------------------------------------------
Leu CTT   1   1   1   1   1   1 | Pro CCT   1   1   1   1   1   1 | His CAT   1   1   1   1   1   1 | Arg CGT   0   0   0   0   0   0
    CTC   0   0   0   0   0   0 |     CCC   0   0   0   0   0   0 |     CAC   0   0   0   0   0   0 |     CGC   0   0   0   0   0   0
    CTA   0   0   0   0   0   0 |     CCA   1   1   1   1   1   1 | Gln CAA   0   0   0   0   0   0 |     CGA   0   0   0   0   0   0
    CTG   1   1   1   1   1   1 |     CCG   0   0   0   0   0   0 |     CAG   0   0   0   0   0   0 |     CGG   0   0   0   0   0   0
--------------------------------------------------------------------------------------------------------------------------------------
Ile ATT   0   0   0   0   0   0 | Thr ACT   0   0   0   0   0   0 | Asn AAT   0   0   0   0   0   0 | Ser AGT   0   0   0   0   0   0
    ATC   0   0   0   0   0   0 |     ACC   0   0   0   0   0   0 |     AAC   0   0   0   0   0   0 |     AGC   1   1   1   1   1   1
    ATA   0   0   0   0   0   0 |     ACA   0   0   0   0   0   0 | Lys AAA   1   1   1   1   1   1 | Arg AGA   0   0   0   0   0   0
Met ATG   0   0   0   0   0   0 |     ACG   0   0   0   0   0   0 |     AAG   0   0   0   0   0   0 |     AGG   0   0   0   0   0   0
--------------------------------------------------------------------------------------------------------------------------------------
Val GTT   0   0   0   0   0   0 | Ala GCT   0   0   0   0   0   0 | Asp GAT   0   0   0   0   0   0 | Gly GGT   0   0   0   0   0   0
    GTC   1   1   1   1   1   1 |     GCC   0   0   0   0   0   0 |     GAC   2   2   2   2   2   2 |     GGC   0   0   0   0   0   0
    GTA   0   0   0   0   0   0 |     GCA   0   0   0   0   0   0 | Glu GAA   2   2   2   2   2   2 |     GGA   1   1   1   1   1   1
    GTG   1   1   1   1   1   1 |     GCG   0   0   0   0   0   0 |     GAG   0   0   0   0   0   0 |     GGG   1   1   1   1   1   1
--------------------------------------------------------------------------------------------------------------------------------------

--------------------------------------------------------------------------------------------------------------------------------------
Phe TTT   0   0   0   0   0   0 | Ser TCT   1   1   1   1   1   1 | Tyr TAT   1   1   1   1   1   1 | Cys TGT   0   0   0   0   0   0
    TTC   1   1   1   1   1   1 |     TCC   0   0   0   0   0   0 |     TAC   0   0   0   0   0   0 |     TGC   0   0   0   0   0   0
Leu TTA   0   0   0   0   0   0 |     TCA   0   0   0   0   0   0 | *** TAA   0   0   0   0   0   0 | *** TGA   0   0   0   0   0   0
    TTG   0   0   0   0   0   0 |     TCG   0   0   0   0   0   0 |     TAG   0   0   0   0   0   0 | Trp TGG   1   1   1   1   1   1
--------------------------------------------------------------------------------------------------------------------------------------
Leu CTT   1   1   1   1   1   1 | Pro CCT   1   1   1   1   1   1 | His CAT   1   1   1   1   1   1 | Arg CGT   0   0   0   0   0   0
    CTC   0   0   0   0   0   0 |     CCC   0   0   0   0   0   0 |     CAC   0   0   0   0   0   0 |     CGC   0   0   0   0   0   0
    CTA   0   0   0   0   0   0 |     CCA   1   1   1   1   1   1 | Gln CAA   0   0   0   0   0   0 |     CGA   0   0   0   0   0   0
    CTG   1   1   1   1   1   1 |     CCG   0   0   0   0   0   0 |     CAG   0   0   0   0   0   0 |     CGG   0   0   0   0   0   0
--------------------------------------------------------------------------------------------------------------------------------------
Ile ATT   0   0   0   0   0   0 | Thr ACT   0   0   0   0   0   0 | Asn AAT   0   0   0   0   0   0 | Ser AGT   0   0   0   0   0   0
    ATC   0   0   0   0   0   0 |     ACC   0   0   0   0   0   0 |     AAC   0   0   0   0   0   0 |     AGC   1   1   1   1   1   1
    ATA   0   0   0   0   0   0 |     ACA   0   0   0   0   0   0 | Lys AAA   1   0   1   0   1   1 | Arg AGA   0   0   0   0   0   0
Met ATG   0   0   0   0   0   0 |     ACG   0   0   0   0   0   0 |     AAG   0   1   0   1   0   0 |     AGG   0   0   0   0   0   0
--------------------------------------------------------------------------------------------------------------------------------------
Val GTT   0   0   0   0   0   0 | Ala GCT   0   0   0   0   0   0 | Asp GAT   0   0   0   1   0   0 | Gly GGT   0   0   0   0   0   0
    GTC   1   1   0   1   1   1 |     GCC   0   0   0   0   0   0 |     GAC   2   2   2   2   2   2 |     GGC   0   0   0   0   0   0
    GTA   0   0   1   0   0   0 |     GCA   0   0   0   0   0   0 | Glu GAA   2   2   2   1   2   2 |     GGA   1   1   1   1   1   1
    GTG   1   1   1   1   1   1 |     GCG   0   0   0   0   0   0 |     GAG   0   0   0   0   0   0 |     GGG   1   1   1   1   1   1
--------------------------------------------------------------------------------------------------------------------------------------

Codon position x base (3x4) table for each sequence.

#1: Argali         
position  1:    T:0.15789    C:0.31579    A:0.10526    G:0.42105
position  2:    T:0.26316    C:0.15789    A:0.36842    G:0.21053
position  3:    T:0.26316    C:0.26316    A:0.26316    G:0.21053
Average         T:0.22807    C:0.24561    A:0.24561    G:0.28070

#2: LesserMouseDeer
position  1:    T:0.21053    C:0.26316    A:0.10526    G:0.42105
position  2:    T:0.26316    C:0.15789    A:0.36842    G:0.21053
position  3:    T:0.15789    C:0.36842    A:0.10526    G:0.36842
Average         T:0.21053    C:0.26316    A:0.19298    G:0.33333

#3: LesserKudu     
position  1:    T:0.21053    C:0.26316    A:0.10526    G:0.42105
position  2:    T:0.26316    C:0.15789    A:0.36842    G:0.21053
position  3:    T:0.31579    C:0.21053    A:0.26316    G:0.21053
Average         T:0.26316    C:0.21053    A:0.24561    G:0.28070

#4: ForestMuskDeer2
position  1:    T:0.21053    C:0.26316    A:0.10526    G:0.42105
position  2:    T:0.26316    C:0.15789    A:0.36842    G:0.21053
position  3:    T:0.31579    C:0.26316    A:0.15789    G:0.26316
Average         T:0.26316    C:0.22807    A:0.21053    G:0.29825

#5: Camel          
position  1:    T:0.21053    C:0.26316    A:0.10526    G:0.42105
position  2:    T:0.26316    C:0.15789    A:0.36842    G:0.21053
position  3:    T:0.31579    C:0.21053    A:0.26316    G:0.21053
Average         T:0.26316    C:0.21053    A:0.24561    G:0.28070

#6: KillerWhale    
position  1:    T:0.21053    C:0.26316    A:0.15789    G:0.36842
position  2:    T:0.26316    C:0.15789    A:0.36842    G:0.21053
position  3:    T:0.31579    C:0.21053    A:0.26316    G:0.21053
Average         T:0.26316    C:0.21053    A:0.26316    G:0.26316

#7: DefassaWaterbuck
position  1:    T:0.21053    C:0.26316    A:0.10526    G:0.42105
position  2:    T:0.26316    C:0.15789    A:0.36842    G:0.21053
position  3:    T:0.26316    C:0.26316    A:0.26316    G:0.21053
Average         T:0.24561    C:0.22807    A:0.24561    G:0.28070

#8: Sheep          
position  1:    T:0.15789    C:0.31579    A:0.10526    G:0.42105
position  2:    T:0.26316    C:0.15789    A:0.36842    G:0.21053
position  3:    T:0.26316    C:0.26316    A:0.26316    G:0.21053
Average         T:0.22807    C:0.24561    A:0.24561    G:0.28070

#9: MaxwellsDuiker 
position  1:    T:0.21053    C:0.26316    A:0.10526    G:0.42105
position  2:    T:0.26316    C:0.15789    A:0.36842    G:0.21053
position  3:    T:0.21053    C:0.26316    A:0.26316    G:0.26316
Average         T:0.22807    C:0.22807    A:0.24561    G:0.29825

#10: GazellaPrzewalskyi
position  1:    T:0.21053    C:0.26316    A:0.10526    G:0.42105
position  2:    T:0.26316    C:0.15789    A:0.36842    G:0.21053
position  3:    T:0.26316    C:0.26316    A:0.26316    G:0.21053
Average         T:0.24561    C:0.22807    A:0.24561    G:0.28070

#11: MountainNyala  
position  1:    T:0.21053    C:0.26316    A:0.10526    G:0.42105
position  2:    T:0.26316    C:0.15789    A:0.36842    G:0.21053
position  3:    T:0.26316    C:0.26316    A:0.26316    G:0.21053
Average         T:0.24561    C:0.22807    A:0.24561    G:0.28070

#12: MuntiacusMuntjak
position  1:    T:0.21053    C:0.26316    A:0.10526    G:0.42105
position  2:    T:0.26316    C:0.15789    A:0.36842    G:0.21053
position  3:    T:0.26316    C:0.26316    A:0.26316    G:0.21053
Average         T:0.24561    C:0.22807    A:0.24561    G:0.28070

#13: goat           
position  1:    T:0.21053    C:0.26316    A:0.10526    G:0.42105
position  2:    T:0.26316    C:0.15789    A:0.36842    G:0.21053
position  3:    T:0.26316    C:0.26316    A:0.26316    G:0.21053
Average         T:0.24561    C:0.22807    A:0.24561    G:0.28070

#14: AfricanBuffalo 
position  1:    T:0.21053    C:0.26316    A:0.10526    G:0.42105
position  2:    T:0.26316    C:0.15789    A:0.36842    G:0.21053
position  3:    T:0.26316    C:0.26316    A:0.26316    G:0.21053
Average         T:0.24561    C:0.22807    A:0.24561    G:0.28070

#15: Topi           
position  1:    T:0.21053    C:0.26316    A:0.10526    G:0.42105
position  2:    T:0.26316    C:0.15789    A:0.36842    G:0.21053
position  3:    T:0.26316    C:0.26316    A:0.26316    G:0.21053
Average         T:0.24561    C:0.22807    A:0.24561    G:0.28070

#16: CommonDuiker   
position  1:    T:0.21053    C:0.26316    A:0.10526    G:0.42105
position  2:    T:0.26316    C:0.15789    A:0.36842    G:0.21053
position  3:    T:0.21053    C:0.26316    A:0.26316    G:0.26316
Average         T:0.22807    C:0.22807    A:0.24561    G:0.29825

#17: Suni           
position  1:    T:0.21053    C:0.26316    A:0.10526    G:0.42105
position  2:    T:0.26316    C:0.15789    A:0.36842    G:0.21053
position  3:    T:0.26316    C:0.26316    A:0.26316    G:0.21053
Average         T:0.24561    C:0.22807    A:0.24561    G:0.28070

#18: Springbuck     
position  1:    T:0.21053    C:0.26316    A:0.10526    G:0.42105
position  2:    T:0.26316    C:0.15789    A:0.36842    G:0.21053
position  3:    T:0.26316    C:0.21053    A:0.26316    G:0.26316
Average         T:0.24561    C:0.21053    A:0.24561    G:0.29825

#19: Okapi          
position  1:    T:0.21053    C:0.26316    A:0.10526    G:0.42105
position  2:    T:0.26316    C:0.15789    A:0.36842    G:0.21053
position  3:    T:0.21053    C:0.31579    A:0.26316    G:0.21053
Average         T:0.22807    C:0.24561    A:0.24561    G:0.28070

#20: Giraffe        
position  1:    T:0.21053    C:0.26316    A:0.10526    G:0.42105
position  2:    T:0.26316    C:0.15789    A:0.36842    G:0.21053
position  3:    T:0.26316    C:0.26316    A:0.26316    G:0.21053
Average         T:0.24561    C:0.22807    A:0.24561    G:0.28070

#21: TibetanAntelope
position  1:    T:0.21053    C:0.26316    A:0.10526    G:0.42105
position  2:    T:0.26316    C:0.15789    A:0.36842    G:0.21053
position  3:    T:0.26316    C:0.26316    A:0.26316    G:0.21053
Average         T:0.24561    C:0.22807    A:0.24561    G:0.28070

#22: Sitatunga      
position  1:    T:0.21053    C:0.26316    A:0.10526    G:0.42105
position  2:    T:0.26316    C:0.15789    A:0.36842    G:0.21053
position  3:    T:0.26316    C:0.26316    A:0.21053    G:0.26316
Average         T:0.24561    C:0.22807    A:0.22807    G:0.29825

#23: Oribi          
position  1:    T:0.21053    C:0.26316    A:0.10526    G:0.42105
position  2:    T:0.26316    C:0.15789    A:0.36842    G:0.21053
position  3:    T:0.26316    C:0.26316    A:0.26316    G:0.21053
Average         T:0.24561    C:0.22807    A:0.24561    G:0.28070

#24: BarbarySheep   
position  1:    T:0.21053    C:0.26316    A:0.10526    G:0.42105
position  2:    T:0.26316    C:0.15789    A:0.36842    G:0.21053
position  3:    T:0.26316    C:0.26316    A:0.26316    G:0.21053
Average         T:0.24561    C:0.22807    A:0.24561    G:0.28070

#25: Daviddeer      
position  1:    T:0.21053    C:0.26316    A:0.10526    G:0.42105
position  2:    T:0.26316    C:0.15789    A:0.36842    G:0.21053
position  3:    T:0.31579    C:0.21053    A:0.26316    G:0.21053
Average         T:0.26316    C:0.21053    A:0.24561    G:0.28070

#26: Reindeer       
position  1:    T:0.21053    C:0.26316    A:0.10526    G:0.42105
position  2:    T:0.26316    C:0.15789    A:0.36842    G:0.21053
position  3:    T:0.26316    C:0.26316    A:0.26316    G:0.21053
Average         T:0.24561    C:0.22807    A:0.24561    G:0.28070

#27: Ibex           
position  1:    T:0.21053    C:0.26316    A:0.10526    G:0.42105
position  2:    T:0.26316    C:0.15789    A:0.36842    G:0.21053
position  3:    T:0.26316    C:0.26316    A:0.26316    G:0.21053
Average         T:0.24561    C:0.22807    A:0.24561    G:0.28070

#28: GyrantGazelle  
position  1:    T:0.21053    C:0.26316    A:0.10526    G:0.42105
position  2:    T:0.26316    C:0.15789    A:0.36842    G:0.21053
position  3:    T:0.26316    C:0.26316    A:0.26316    G:0.21053
Average         T:0.24561    C:0.22807    A:0.24561    G:0.28070

#29: Hartebeest     
position  1:    T:0.21053    C:0.26316    A:0.10526    G:0.42105
position  2:    T:0.26316    C:0.15789    A:0.36842    G:0.21053
position  3:    T:0.26316    C:0.26316    A:0.26316    G:0.21053
Average         T:0.24561    C:0.22807    A:0.24561    G:0.28070

#30: Bongo          
position  1:    T:0.21053    C:0.26316    A:0.10526    G:0.42105
position  2:    T:0.26316    C:0.15789    A:0.36842    G:0.21053
position  3:    T:0.26316    C:0.26316    A:0.26316    G:0.21053
Average         T:0.24561    C:0.22807    A:0.24561    G:0.28070

#31: Gerenuk        
position  1:    T:0.21053    C:0.26316    A:0.10526    G:0.42105
position  2:    T:0.26316    C:0.15789    A:0.36842    G:0.21053
position  3:    T:0.26316    C:0.21053    A:0.26316    G:0.26316
Average         T:0.24561    C:0.21053    A:0.24561    G:0.29825

#32: CommonEland    
position  1:    T:0.21053    C:0.26316    A:0.10526    G:0.42105
position  2:    T:0.26316    C:0.15789    A:0.36842    G:0.21053
position  3:    T:0.26316    C:0.26316    A:0.26316    G:0.21053
Average         T:0.24561    C:0.22807    A:0.24561    G:0.28070

#33: MuntiacusReevesi
position  1:    T:0.21053    C:0.26316    A:0.10526    G:0.42105
position  2:    T:0.26316    C:0.15789    A:0.36842    G:0.21053
position  3:    T:0.26316    C:0.26316    A:0.26316    G:0.21053
Average         T:0.24561    C:0.22807    A:0.24561    G:0.28070

#34: HarveysDuiker  
position  1:    T:0.21053    C:0.26316    A:0.10526    G:0.42105
position  2:    T:0.26316    C:0.15789    A:0.36842    G:0.21053
position  3:    T:0.21053    C:0.26316    A:0.26316    G:0.26316
Average         T:0.22807    C:0.22807    A:0.24561    G:0.29825

#35: Pronghorn      
position  1:    T:0.21053    C:0.26316    A:0.10526    G:0.42105
position  2:    T:0.26316    C:0.15789    A:0.36842    G:0.21053
position  3:    T:0.26316    C:0.26316    A:0.26316    G:0.21053
Average         T:0.24561    C:0.22807    A:0.24561    G:0.28070

#36: BlueWildebeest 
position  1:    T:0.21053    C:0.26316    A:0.10526    G:0.42105
position  2:    T:0.26316    C:0.15789    A:0.36842    G:0.21053
position  3:    T:0.26316    C:0.26316    A:0.26316    G:0.21053
Average         T:0.24561    C:0.22807    A:0.24561    G:0.28070

#37: Gemsbok        
position  1:    T:0.21053    C:0.26316    A:0.10526    G:0.42105
position  2:    T:0.26316    C:0.15789    A:0.36842    G:0.21053
position  3:    T:0.31579    C:0.21053    A:0.26316    G:0.21053
Average         T:0.26316    C:0.21053    A:0.24561    G:0.28070

#38: Yak            
position  1:    T:0.21053    C:0.26316    A:0.10526    G:0.42105
position  2:    T:0.26316    C:0.15789    A:0.36842    G:0.21053
position  3:    T:0.26316    C:0.26316    A:0.26316    G:0.21053
Average         T:0.24561    C:0.22807    A:0.24561    G:0.28070

#39: BlueSheep      
position  1:    T:0.21053    C:0.26316    A:0.10526    G:0.42105
position  2:    T:0.26316    C:0.15789    A:0.36842    G:0.21053
position  3:    T:0.26316    C:0.26316    A:0.26316    G:0.21053
Average         T:0.24561    C:0.22807    A:0.24561    G:0.28070

#40: BohorReedbuck  
position  1:    T:0.21053    C:0.26316    A:0.10526    G:0.42105
position  2:    T:0.26316    C:0.15789    A:0.36842    G:0.21053
position  3:    T:0.36842    C:0.15789    A:0.26316    G:0.21053
Average         T:0.28070    C:0.19298    A:0.24561    G:0.28070

#41: KirksDik       
position  1:    T:0.21053    C:0.26316    A:0.10526    G:0.42105
position  2:    T:0.26316    C:0.15789    A:0.36842    G:0.21053
position  3:    T:0.26316    C:0.26316    A:0.21053    G:0.26316
Average         T:0.24561    C:0.22807    A:0.22807    G:0.29825

#42: RoeDeer        
position  1:    T:0.21053    C:0.26316    A:0.10526    G:0.42105
position  2:    T:0.26316    C:0.15789    A:0.36842    G:0.21053
position  3:    T:0.26316    C:0.31579    A:0.26316    G:0.15789
Average         T:0.24561    C:0.24561    A:0.24561    G:0.26316

#43: WhiteLippedDeer
position  1:    T:0.21053    C:0.26316    A:0.10526    G:0.42105
position  2:    T:0.26316    C:0.15789    A:0.36842    G:0.21053
position  3:    T:0.26316    C:0.26316    A:0.26316    G:0.21053
Average         T:0.24561    C:0.22807    A:0.24561    G:0.28070

#44: ThomsonGazelle 
position  1:    T:0.21053    C:0.26316    A:0.10526    G:0.42105
position  2:    T:0.26316    C:0.15789    A:0.36842    G:0.21053
position  3:    T:0.26316    C:0.26316    A:0.26316    G:0.21053
Average         T:0.24561    C:0.22807    A:0.24561    G:0.28070

#45: MuntiacusCrinifrons
position  1:    T:0.21053    C:0.26316    A:0.10526    G:0.42105
position  2:    T:0.26316    C:0.15789    A:0.36842    G:0.21053
position  3:    T:0.26316    C:0.26316    A:0.26316    G:0.21053
Average         T:0.24561    C:0.22807    A:0.24561    G:0.28070

#46: WhiteTailedDeer
position  1:    T:0.21053    C:0.26316    A:0.10526    G:0.42105
position  2:    T:0.26316    C:0.15789    A:0.36842    G:0.21053
position  3:    T:0.26316    C:0.26316    A:0.26316    G:0.21053
Average         T:0.24561    C:0.22807    A:0.24561    G:0.28070

#47: Cattle         
position  1:    T:0.21053    C:0.26316    A:0.10526    G:0.42105
position  2:    T:0.26316    C:0.15789    A:0.36842    G:0.21053
position  3:    T:0.26316    C:0.26316    A:0.26316    G:0.21053
Average         T:0.24561    C:0.22807    A:0.24561    G:0.28070

#48: RoyalAntelope  
position  1:    T:0.21053    C:0.26316    A:0.10526    G:0.42105
position  2:    T:0.26316    C:0.15789    A:0.36842    G:0.21053
position  3:    T:0.26316    C:0.26316    A:0.26316    G:0.21053
Average         T:0.24561    C:0.22807    A:0.24561    G:0.28070

#49: Steenbok       
position  1:    T:0.21053    C:0.26316    A:0.10526    G:0.42105
position  2:    T:0.26316    C:0.15789    A:0.36842    G:0.21053
position  3:    T:0.26316    C:0.26316    A:0.26316    G:0.21053
Average         T:0.24561    C:0.22807    A:0.24561    G:0.28070

#50: Impala         
position  1:    T:0.21053    C:0.26316    A:0.10526    G:0.42105
position  2:    T:0.26316    C:0.15789    A:0.36842    G:0.21053
position  3:    T:0.26316    C:0.26316    A:0.21053    G:0.26316
Average         T:0.24561    C:0.22807    A:0.22807    G:0.29825

#51: Klipspringer   
position  1:    T:0.21053    C:0.26316    A:0.10526    G:0.42105
position  2:    T:0.26316    C:0.15789    A:0.36842    G:0.21053
