1
52 1
Argali 0.000000 0.418800 0.102500 0.356500 0.041700 0.000000 0.050100 0.083500 0.069200 0.104900 0.024300 0.042200 0.024500 0.041900 0.102300 0.041200 0.138000 0.159500 0.024500 0.069200 0.041300 0.008300 0.106900 0.169700 0.008300 0.033400 0.024500 0.085200 0.056800 0.060000 0.104900 0.049800 0.186600 0.024500 0.016600 0.042500 0.016500 0.087600 0.074800 0.159900 0.106500 0.024800 0.105300 0.133200 0.033900 0.092300 0.024500 0.066700 0.068200 0.151000 0.067400 0.087400
LesserMous 0.418800 0.000000 0.471200 0.410300 0.433100 0.418800 0.406200 0.522700 0.430600 0.410800 0.451200 0.441100 0.454400 0.424400 0.499600 0.427500 0.432800 0.415600 0.448900 0.430600 0.457600 0.428500 0.391700 0.362500 0.431400 0.460000 0.456300 0.458600 0.429300 0.442200 0.410200 0.457300 0.477800 0.456300 0.442500 0.444500 0.439200 0.416100 0.478700 0.460000 0.390400 0.448100 0.411700 0.424300 0.430700 0.478400 0.400400 0.438500 0.436500 0.439500 0.443400 0.460200
LesserKudu 0.102500 0.471200 0.000000 0.352700 0.076000 0.102500 0.120700 0.109700 0.033600 0.123100 0.101000 0.077000 0.128400 0.112400 0.157100 0.101300 0.136700 0.177000 0.127200 0.033600 0.075300 0.110800 0.106500 0.168800 0.102400 0.093300 0.128900 0.075300 0.117000 0.041900 0.123000 0.119300 0.184600 0.128900 0.119900 0.077600 0.119100 0.123600 0.127600 0.159100 0.106100 0.084900 0.123400 0.151400 0.068600 0.145700 0.092700 0.101300 0.140300 0.149700 0.066500 0.050800
KillerWhal 0.356500 0.410300 0.352700 0.000000 0.344800 0.356500 0.332900 0.371700 0.340800 0.335700 0.385200 0.350000 0.363500 0.347200 0.377500 0.351300 0.301000 0.306700 0.359700 0.340800 0.341800 0.365200 0.295600 0.318800 0.367400 0.367100 0.364900 0.366400 0.367200 0.350700 0.335300 0.375300 0.347900 0.364900 0.353500 0.352500 0.374700 0.329500 0.360400 0.308100 0.295000 0.357000 0.336400 0.324000 0.340900 0.407900 0.364200 0.351600 0.371100 0.307800 0.353800 0.364700
DefassaWat 0.041700 0.433100 0.076000 0.344800 0.000000 0.042100 0.058800 0.092400 0.042700 0.077800 0.049400 0.033700 0.066800 0.050600 0.111300 0.058100 0.110800 0.131400 0.066100 0.042700 0.049800 0.049900 0.097900 0.141100 0.050100 0.050100 0.067000 0.076500 0.073900 0.033900 0.077800 0.058500 0.176900 0.067000 0.058500 0.033900 0.058000 0.078600 0.083600 0.131600 0.097300 0.042300 0.078000 0.123800 0.025300 0.119300 0.049700 0.075400 0.077600 0.122700 0.058800 0.060500
Sheep 0.000000 0.418800 0.102500 0.356500 0.042100 0.000000 0.050100 0.083500 0.069200 0.105000 0.024300 0.042100 0.024800 0.041900 0.102300 0.041200 0.138000 0.159500 0.024600 0.069200 0.041300 0.008300 0.106900 0.169700 0.008300 0.033500 0.024600 0.085200 0.056800 0.060000 0.104900 0.049800 0.186600 0.024500 0.016600 0.042500 0.016200 0.087600 0.074800 0.159900 0.106500 0.025100 0.105300 0.133200 0.034200 0.092300 0.025000 0.066700 0.067900 0.151000 0.067400 0.087400
MaxwellsDu 0.050100 0.406200 0.120700 0.332900 0.058800 0.050100 0.000000 0.083500 0.087300 0.123600 0.074900 0.059600 0.075300 0.008500 0.102200 0.049500 0.119700 0.159200 0.074900 0.087300 0.058300 0.058300 0.125800 0.189300 0.058600 0.059100 0.075600 0.121500 0.073700 0.077700 0.123500 0.032900 0.206300 0.075600 0.067000 0.060600 0.066500 0.087600 0.074800 0.159700 0.125400 0.050200 0.123900 0.152300 0.051200 0.128300 0.058900 0.101800 0.085600 0.151200 0.102900 0.105800
GazellaPrz 0.083500 0.522700 0.109700 0.371700 0.092400 0.083500 0.083500 0.000000 0.122000 0.158800 0.090300 0.093600 0.108700 0.076000 0.154800 0.082500 0.135700 0.194900 0.107600 0.122000 0.057300 0.091600 0.161700 0.195700 0.074300 0.074600 0.109100 0.156100 0.106400 0.112200 0.158700 0.083000 0.222100 0.109100 0.100400 0.094900 0.099700 0.141400 0.090600 0.185800 0.161100 0.066300 0.159200 0.159100 0.085300 0.144100 0.074100 0.109000 0.119800 0.167200 0.137100 0.140900
MountainNy 0.069200 0.430600 0.033600 0.340800 0.042700 0.069200 0.087300 0.122000 0.000000 0.089000 0.076900 0.043300 0.095300 0.078700 0.123600 0.086100 0.122100 0.143400 0.094300 0.000000 0.077500 0.077600 0.090600 0.154400 0.078000 0.077900 0.095600 0.042100 0.102200 0.008500 0.088900 0.086200 0.170700 0.095600 0.086700 0.043700 0.086100 0.089500 0.112800 0.144500 0.090300 0.069300 0.089200 0.136600 0.034800 0.131100 0.077400 0.104300 0.106500 0.115800 0.033500 0.017100
MuntiacusM 0.104900 0.410800 0.123100 0.335700 0.077800 0.105000 0.123600 0.158800 0.089000 0.000000 0.112300 0.097200 0.131500 0.115100 0.160900 0.122000 0.139300 0.142000 0.111700 0.089000 0.113300 0.113400 0.071100 0.105000 0.113900 0.113900 0.132000 0.133200 0.119600 0.097800 0.017200 0.122800 0.149500 0.132000 0.122800 0.097900 0.113000 0.108300 0.149300 0.104700 0.070400 0.105100 0.017100 0.096700 0.088600 0.188600 0.113100 0.140800 0.143800 0.114300 0.104900 0.107900
goat 0.024300 0.451200 0.101000 0.385200 0.049400 0.024300 0.074900 0.090300 0.076900 0.112300 0.000000 0.067300 0.048700 0.066700 0.127400 0.065600 0.144900 0.166400 0.048200 0.076900 0.065800 0.032300 0.133000 0.167100 0.016200 0.057700 0.048900 0.092600 0.080800 0.067700 0.112300 0.074400 0.212600 0.049500 0.040600 0.067700 0.040300 0.113500 0.099300 0.157400 0.132600 0.049400 0.112600 0.149800 0.059000 0.117100 0.048800 0.082700 0.093000 0.157900 0.074900 0.094900
AfricanBuf 0.042200 0.441100 0.077000 0.350000 0.033700 0.042100 0.059600 0.093600 0.043300 0.097200 0.067300 0.000000 0.067700 0.051300 0.113000 0.058900 0.130600 0.152200 0.067000 0.043300 0.050500 0.050500 0.099100 0.162400 0.050800 0.050700 0.068600 0.077500 0.074900 0.034300 0.097200 0.059300 0.179500 0.067900 0.059200 0.017100 0.059200 0.079700 0.084700 0.152500 0.098700 0.042700 0.097500 0.125600 0.008700 0.121000 0.050400 0.076400 0.078000 0.143400 0.059600 0.061300
Topi 0.024500 0.454400 0.128400 0.363500 0.066800 0.024800 0.075300 0.108700 0.095300 0.131500 0.048700 0.067700 0.000000 0.067100 0.128200 0.066000 0.164200 0.186500 0.032100 0.095300 0.066100 0.032900 0.133800 0.177300 0.032700 0.058000 0.008200 0.093000 0.081300 0.085800 0.131400 0.074800 0.213900 0.008200 0.008200 0.068100 0.040900 0.114100 0.099900 0.167500 0.134100 0.050000 0.131800 0.141000 0.059300 0.117800 0.049100 0.091800 0.093500 0.178100 0.075300 0.113800
CommonDuik 0.041900 0.424400 0.112400 0.347200 0.050600 0.041900 0.008500 0.076000 0.078700 0.115100 0.066700 0.051300 0.067100 0.000000 0.112100 0.058400 0.129800 0.170300 0.066500 0.078700 0.050600 0.050100 0.117100 0.180800 0.050300 0.050300 0.067400 0.113100 0.082800 0.069300 0.115000 0.024700 0.197800 0.067400 0.058800 0.051600 0.058400 0.079100 0.066600 0.170800 0.116700 0.041900 0.115400 0.143700 0.042800 0.120000 0.050000 0.093500 0.077600 0.142600 0.094600 0.097200
Suni 0.102300 0.499600 0.157100 0.377500 0.111300 0.102300 0.102200 0.154800 0.123600 0.160900 0.127400 0.113000 0.128200 0.112100 0.000000 0.100900 0.174400 0.197200 0.126900 0.123600 0.110400 0.111100 0.163700 0.228400 0.111000 0.111000 0.128600 0.167400 0.125300 0.132300 0.160700 0.119700 0.235500 0.128600 0.119700 0.113600 0.118800 0.143200 0.145500 0.197700 0.163200 0.102400 0.161300 0.190500 0.104600 0.183500 0.110200 0.155900 0.140000 0.208900 0.138900 0.142700
Springbuck 0.041200 0.427500 0.101300 0.351300 0.058100 0.041200 0.049500 0.082500 0.086100 0.122000 0.065600 0.058900 0.066000 0.058400 0.100900 0.000000 0.118100 0.157200 0.065600 0.086100 0.024300 0.049200 0.124100 0.186800 0.049500 0.041000 0.066200 0.111100 0.031800 0.076700 0.121900 0.049200 0.203600 0.066200 0.057700 0.059300 0.057300 0.104700 0.073900 0.157600 0.123700 0.032800 0.122300 0.150300 0.050600 0.082900 0.032500 0.074600 0.085400 0.168200 0.092900 0.104400
Okapi 0.138000 0.432800 0.136700 0.301000 0.110800 0.138000 0.119700 0.135700 0.122100 0.139300 0.144900 0.130600 0.164200 0.129800 0.174400 0.118100 0.000000 0.050400 0.162500 0.122100 0.127800 0.146200 0.123100 0.184900 0.146900 0.128500 0.164800 0.165400 0.133600 0.130700 0.139200 0.136600 0.199600 0.164800 0.155600 0.131500 0.154500 0.141500 0.144700 0.156100 0.122700 0.119900 0.139700 0.148900 0.122200 0.181600 0.127600 0.136600 0.177200 0.110500 0.155600 0.141000
Giraffe 0.159500 0.415600 0.177000 0.306700 0.131400 0.159500 0.159200 0.194900 0.143400 0.142000 0.166400 0.152200 0.186500 0.170300 0.197200 0.157200 0.050400 0.000000 0.184400 0.143400 0.167700 0.167900 0.125600 0.188500 0.168700 0.168600 0.187200 0.187800 0.172800 0.152300 0.142000 0.176700 0.203400 0.187200 0.177600 0.153300 0.176300 0.163900 0.185100 0.159100 0.125100 0.159700 0.142400 0.151800 0.143500 0.224100 0.167300 0.176900 0.180700 0.149500 0.177600 0.163100
TibetanAnt 0.024500 0.448900 0.127200 0.359700 0.066100 0.024600 0.074900 0.107600 0.094300 0.111700 0.048200 0.067000 0.032100 0.066500 0.126900 0.065600 0.162500 0.184400 0.000000 0.094300 0.065500 0.032200 0.132300 0.175400 0.032300 0.057400 0.032200 0.092100 0.063900 0.084900 0.130000 0.074100 0.211600 0.032200 0.024100 0.067400 0.032400 0.112900 0.098900 0.165800 0.131900 0.049200 0.130500 0.139500 0.059300 0.116600 0.049100 0.090900 0.093200 0.176400 0.074500 0.112600
Sitatunga 0.069200 0.430600 0.033600 0.340800 0.042700 0.069200 0.087300 0.122000 0.000000 0.089000 0.076900 0.043300 0.095300 0.078700 0.123600 0.086100 0.122100 0.143400 0.094300 0.000000 0.077500 0.077600 0.090600 0.154400 0.078000 0.077900 0.095600 0.043000 0.102200 0.008600 0.088900 0.086200 0.170700 0.095600 0.086700 0.043700 0.086100 0.089500 0.112800 0.144500 0.090300 0.069300 0.089200 0.136600 0.034800 0.131100 0.077400 0.104300 0.106500 0.115800 0.033500 0.017200
Oribi 0.041300 0.457600 0.075300 0.341800 0.049800 0.041300 0.058300 0.057300 0.077500 0.113300 0.065800 0.050500 0.066100 0.050600 0.110400 0.024300 0.127800 0.167700 0.065500 0.077500 0.000000 0.049400 0.115300 0.178000 0.049600 0.032800 0.066400 0.111400 0.048200 0.068300 0.113300 0.041100 0.175300 0.066400 0.057900 0.050800 0.057500 0.096100 0.065700 0.168200 0.114900 0.024600 0.113600 0.141500 0.042200 0.083100 0.032600 0.074800 0.076100 0.159400 0.093200 0.095700
BarbaryShe 0.008300 0.428500 0.110800 0.365200 0.049900 0.008300 0.058300 0.091600 0.077600 0.113400 0.032300 0.050500 0.032900 0.050100 0.111100 0.049200 0.146200 0.167900 0.032200 0.077600 0.049400 0.000000 0.115400 0.178100 0.016300 0.041300 0.032600 0.093400 0.064700 0.068300 0.113300 0.058000 0.195000 0.033200 0.024800 0.050900 0.024600 0.096100 0.082900 0.168300 0.115000 0.033400 0.113700 0.141700 0.042600 0.100400 0.032600 0.074800 0.076200 0.159400 0.075600 0.095800
Daviddeer 0.106900 0.391700 0.106500 0.295600 0.097900 0.106900 0.125800 0.161700 0.090600 0.071100 0.133000 0.099100 0.133800 0.117100 0.163700 0.124100 0.123100 0.125600 0.132300 0.090600 0.115300 0.115400 0.000000 0.135000 0.116000 0.115900 0.134300 0.135500 0.140300 0.099700 0.070600 0.125000 0.133200 0.134300 0.125000 0.099800 0.124000 0.110400 0.152000 0.125400 0.017800 0.107000 0.070900 0.098600 0.090200 0.172000 0.115100 0.143300 0.146500 0.116300 0.125600 0.110000
Reindeer 0.169700 0.362500 0.168800 0.318800 0.141100 0.169700 0.189300 0.195700 0.154400 0.105000 0.167100 0.162400 0.177300 0.180800 0.228400 0.186800 0.184900 0.188500 0.175400 0.154400 0.178000 0.178100 0.135000 0.000000 0.169400 0.178900 0.177900 0.179500 0.202600 0.163500 0.105000 0.188200 0.205900 0.177900 0.168400 0.163500 0.186700 0.175100 0.195500 0.112400 0.134500 0.169900 0.105300 0.086200 0.153700 0.257300 0.177600 0.167100 0.170600 0.160000 0.150200 0.174500
Ibex 0.008300 0.431400 0.102400 0.367400 0.050100 0.008300 0.058600 0.074300 0.078000 0.113900 0.016200 0.050800 0.032700 0.050300 0.111000 0.049500 0.146900 0.168700 0.032300 0.078000 0.049600 0.016300 0.116000 0.169400 0.000000 0.041600 0.033100 0.093900 0.065000 0.068600 0.114000 0.058200 0.195900 0.033100 0.024500 0.051500 0.024300 0.096600 0.083200 0.159600 0.115600 0.033200 0.114200 0.133000 0.042400 0.100900 0.032700 0.066600 0.076500 0.160200 0.075900 0.096300
GyrantGaze 0.033400 0.460000 0.093300 0.367100 0.050100 0.033500 0.059100 0.074600 0.077900 0.113900 0.057700 0.050700 0.058000 0.050300 0.111000 0.041000 0.128500 0.168600 0.057400 0.077900 0.032800 0.041300 0.115900 0.178900 0.041600 0.000000 0.058200 0.111900 0.065100 0.068600 0.113800 0.058200 0.195800 0.058200 0.049800 0.051100 0.049400 0.078300 0.049100 0.169500 0.115500 0.008300 0.114200 0.123300 0.042400 0.101000 0.032700 0.075100 0.076500 0.160100 0.093600 0.096200
Hartebeest 0.024500 0.456300 0.128900 0.364900 0.067000 0.024600 0.075600 0.109100 0.095600 0.132000 0.048900 0.068600 0.008200 0.067400 0.128600 0.066200 0.164800 0.187200 0.032200 0.095600 0.066400 0.032600 0.134300 0.177900 0.033100 0.058200 0.000000 0.093400 0.081700 0.086100 0.131900 0.075100 0.214700 0.000000 0.008200 0.068400 0.040700 0.114600 0.100200 0.168100 0.133900 0.049900 0.132300 0.141500 0.059600 0.118200 0.049300 0.093700 0.093900 0.178800 0.075500 0.114200
Bongo 0.085200 0.458600 0.075300 0.366400 0.076500 0.085200 0.121500 0.156100 0.042100 0.133200 0.092600 0.077500 0.093000 0.113100 0.167400 0.111100 0.165400 0.187800 0.092100 0.043000 0.111400 0.093400 0.135500 0.179500 0.093900 0.111900 0.093400 0.000000 0.117600 0.042000 0.133100 0.120100 0.195300 0.093400 0.084600 0.078100 0.101700 0.133800 0.146800 0.169600 0.135100 0.103300 0.133500 0.162000 0.069100 0.146400 0.093200 0.119900 0.141200 0.160000 0.024400 0.059600
Gerenuk 0.056800 0.429300 0.117000 0.367200 0.073900 0.056800 0.073700 0.106400 0.102200 0.119600 0.080800 0.074900 0.081300 0.082800 0.125300 0.031800 0.133600 0.172800 0.063900 0.102200 0.048200 0.064700 0.140300 0.202600 0.065000 0.065100 0.081700 0.117600 0.000000 0.092800 0.137800 0.073300 0.219100 0.081600 0.073200 0.075400 0.064500 0.120800 0.097800 0.173400 0.139800 0.056900 0.138300 0.166200 0.066700 0.098100 0.048100 0.081500 0.109100 0.184100 0.099700 0.120400
CommonElan 0.060000 0.442200 0.041900 0.350700 0.033900 0.060000 0.077700 0.112200 0.008500 0.097800 0.067700 0.034300 0.085800 0.069300 0.132300 0.076700 0.130700 0.152300 0.084900 0.008600 0.068300 0.068300 0.099700 0.163500 0.068600 0.068600 0.086100 0.042000 0.092800 0.000000 0.097800 0.076900 0.179600 0.086100 0.077200 0.034600 0.076700 0.098400 0.103100 0.153600 0.099300 0.060000 0.098100 0.145700 0.025800 0.121100 0.068100 0.094700 0.096700 0.124600 0.041800 0.025600
MuntiacusR 0.104900 0.410200 0.123000 0.335300 0.077800 0.104900 0.123500 0.158700 0.088900 0.017200 0.112300 0.097200 0.131400 0.115000 0.160700 0.121900 0.139200 0.142000 0.130000 0.088900 0.113300 0.113300 0.070600 0.105000 0.114000 0.113800 0.131900 0.133100 0.137800 0.097800 0.000000 0.122700 0.149400 0.131900 0.122700 0.097900 0.121800 0.108300 0.149200 0.104600 0.070400 0.105100 0.016800 0.096700 0.088500 0.188400 0.113000 0.140700 0.143700 0.114200 0.104900 0.107900
HarveysDui 0.049800 0.457300 0.119300 0.375300 0.058500 0.049800 0.032900 0.083000 0.086200 0.122800 0.074400 0.059300 0.074800 0.024700 0.119700 0.049200 0.136600 0.176700 0.074100 0.086200 0.041100 0.058000 0.125000 0.188200 0.058200 0.058200 0.075100 0.120100 0.073300 0.076900 0.122700 0.000000 0.203900 0.075100 0.066600 0.059700 0.066100 0.086500 0.091600 0.178300 0.124600 0.049900 0.123100 0.151400 0.050900 0.109000 0.057800 0.101100 0.085100 0.149400 0.101700 0.104500
Pronghorn 0.186600 0.477800 0.184600 0.347900 0.176900 0.186600 0.206300 0.222100 0.170700 0.149500 0.212600 0.179500 0.213900 0.197800 0.235500 0.203600 0.199600 0.203400 0.211600 0.170700 0.175300 0.195000 0.133200 0.205900 0.195900 0.195800 0.214700 0.195300 0.219100 0.179600 0.149400 0.203900 0.000000 0.214700 0.204900 0.180700 0.203500 0.191400 0.232200 0.205500 0.132700 0.186800 0.149900 0.178600 0.170800 0.252100 0.194400 0.223600 0.228400 0.195400 0.204900 0.190700
BlueWildeb 0.024500 0.456300 0.128900 0.364900 0.067000 0.024500 0.075600 0.109100 0.095600 0.132000 0.049500 0.067900 0.008200 0.067400 0.128600 0.066200 0.164800 0.187200 0.032200 0.095600 0.066400 0.033200 0.134300 0.177900 0.033100 0.058200 0.000000 0.093400 0.081600 0.086100 0.131900 0.075100 0.214700 0.000000 0.008200 0.068400 0.040700 0.114600 0.100200 0.168100 0.133900 0.050400 0.132300 0.141500 0.059600 0.118200 0.049300 0.092100 0.093900 0.178800 0.075500 0.114200
Gemsbok 0.016600 0.442500 0.119900 0.353500 0.058500 0.016600 0.067000 0.100400 0.086700 0.122800 0.040600 0.059200 0.008200 0.058800 0.119700 0.057700 0.155600 0.177600 0.024100 0.086700 0.057900 0.024800 0.125000 0.168400 0.024500 0.049800 0.008200 0.084600 0.073200 0.077200 0.122700 0.066600 0.204900 0.008200 0.000000 0.059700 0.032800 0.105400 0.091600 0.158700 0.124500 0.041500 0.122900 0.132200 0.050900 0.109400 0.040900 0.083500 0.085100 0.169200 0.066900 0.105100
Yak 0.042500 0.444500 0.077600 0.352500 0.033900 0.042500 0.060600 0.094900 0.043700 0.097900 0.067700 0.017100 0.068100 0.051600 0.113600 0.059300 0.131500 0.153300 0.067400 0.043700 0.050800 0.050900 0.099800 0.163500 0.051500 0.051100 0.068400 0.078100 0.075400 0.034600 0.097900 0.059700 0.180700 0.068400 0.059700 0.000000 0.059200 0.080300 0.085300 0.153600 0.099400 0.042600 0.098200 0.126500 0.008700 0.121800 0.050700 0.076900 0.078500 0.144500 0.060000 0.061700
BlueSheep 0.016500 0.439200 0.119100 0.374700 0.058000 0.016200 0.066500 0.099700 0.086100 0.113000 0.040300 0.059200 0.040900 0.058400 0.118800 0.057300 0.154500 0.176300 0.032400 0.086100 0.057500 0.024600 0.124000 0.186700 0.024300 0.049400 0.040700 0.101700 0.064500 0.076700 0.121800 0.066100 0.203500 0.040700 0.032800 0.059200 0.000000 0.104600 0.091000 0.176900 0.123600 0.041400 0.122200 0.150200 0.050500 0.108600 0.040600 0.082900 0.084500 0.168100 0.083800 0.104300
BohorReedb 0.087600 0.416100 0.123600 0.329500 0.078600 0.087600 0.087600 0.141400 0.089500 0.108300 0.113500 0.079700 0.114100 0.079100 0.143200 0.104700 0.141500 0.163900 0.112900 0.089500 0.096100 0.096100 0.110400 0.175100 0.096600 0.078300 0.114600 0.133800 0.120800 0.098400 0.108300 0.086500 0.191400 0.114600 0.105400 0.080300 0.104600 0.000000 0.095000 0.155400 0.109900 0.087800 0.108600 0.118000 0.071000 0.160400 0.095800 0.123400 0.126200 0.163900 0.105400 0.108500
KirksDik 0.074800 0.478700 0.127600 0.360400 0.083600 0.074800 0.074800 0.090600 0.112800 0.149300 0.099300 0.084700 0.099900 0.066600 0.145500 0.073900 0.144700 0.185100 0.098900 0.112800 0.065700 0.082900 0.152000 0.195500 0.083200 0.049100 0.100200 0.146800 0.097800 0.103100 0.149200 0.091600 0.232200 0.100200 0.091600 0.085300 0.091000 0.095000 0.000000 0.185600 0.151400 0.057800 0.149700 0.140000 0.076600 0.135000 0.065600 0.108800 0.110700 0.176700 0.128000 0.131500
RoeDeer 0.159900 0.460000 0.159100 0.308100 0.131600 0.159900 0.159700 0.185800 0.144500 0.104700 0.157400 0.152500 0.167500 0.170800 0.197700 0.157600 0.156100 0.159100 0.165800 0.144500 0.168200 0.168300 0.125400 0.112400 0.159600 0.169500 0.168100 0.169600 0.173400 0.153600 0.104600 0.178300 0.205500 0.168100 0.158700 0.153600 0.176900 0.155400 0.185600 0.000000 0.106000 0.160100 0.105000 0.095400 0.143900 0.225900 0.167800 0.177000 0.201000 0.131300 0.140600 0.144900
WhiteLippe 0.106500 0.390400 0.106100 0.295000 0.097300 0.106500 0.125400 0.161100 0.090300 0.070400 0.132600 0.098700 0.134100 0.116700 0.163200 0.123700 0.122700 0.125100 0.131900 0.090300 0.114900 0.115000 0.017800 0.134500 0.115600 0.115500 0.133900 0.135100 0.139800 0.099300 0.070400 0.124600 0.132700 0.133900 0.124500 0.099400 0.123600 0.109900 0.151400 0.106000 0.000000 0.106700 0.070600 0.098200 0.089900 0.171500 0.114700 0.142800 0.145900 0.097100 0.125200 0.109600
ThomsonGaz 0.024800 0.448100 0.084900 0.357000 0.042300 0.025100 0.050200 0.066300 0.069300 0.105100 0.049400 0.042700 0.050000 0.041900 0.102400 0.032800 0.119900 0.159700 0.049200 0.069300 0.024600 0.033400 0.107000 0.169900 0.033200 0.008300 0.049900 0.103300 0.056900 0.060000 0.105100 0.049900 0.186800 0.050400 0.041500 0.042600 0.041400 0.087800 0.057800 0.160100 0.106700 0.000000 0.105400 0.133400 0.033900 0.092600 0.024600 0.066800 0.068300 0.151200 0.085100 0.087500
MuntiacusC 0.105300 0.411700 0.123400 0.336400 0.078000 0.105300 0.123900 0.159200 0.089200 0.017100 0.112600 0.097500 0.131800 0.115400 0.161300 0.122300 0.139700 0.142400 0.130500 0.089200 0.113600 0.113700 0.070900 0.105300 0.114200 0.114200 0.132300 0.133500 0.138300 0.098100 0.016800 0.123100 0.149900 0.132300 0.122900 0.098200 0.122200 0.108600 0.149700 0.105000 0.070600 0.105400 0.000000 0.097000 0.088800 0.189000 0.113400 0.141100 0.144200 0.114600 0.105200 0.108200
WhiteTaile 0.133200 0.424300 0.151400 0.324000 0.123800 0.133200 0.152300 0.159100 0.136600 0.096700 0.149800 0.125600 0.141000 0.143700 0.190500 0.150300 0.148900 0.151800 0.139500 0.136600 0.141500 0.141700 0.098600 0.086200 0.133000 0.123300 0.141500 0.162000 0.166200 0.145700 0.096700 0.151400 0.178600 0.141500 0.132200 0.126500 0.150200 0.118000 0.140000 0.095400 0.098200 0.133400 0.097000 0.000000 0.116900 0.218900 0.141200 0.150300 0.173400 0.142600 0.132900 0.156600
Cattle 0.033900 0.430700 0.068600 0.340900 0.025300 0.034200 0.051200 0.085300 0.034800 0.088600 0.059000 0.008700 0.059300 0.042800 0.104600 0.050600 0.122200 0.143500 0.059300 0.034800 0.042200 0.042600 0.090200 0.153700 0.042400 0.042400 0.059600 0.069100 0.066700 0.025800 0.088500 0.050900 0.170800 0.059600 0.050900 0.008700 0.050500 0.071000 0.076600 0.143900 0.089900 0.033900 0.088800 0.116900 0.000000 0.112600 0.042100 0.068100 0.069500 0.134800 0.051200 0.052700
RoyalAntel 0.092300 0.478400 0.145700 0.407900 0.119300 0.092300 0.128300 0.144100 0.131100 0.188600 0.117100 0.121000 0.117800 0.120000 0.183500 0.082900 0.181600 0.224100 0.116600 0.131100 0.083100 0.100400 0.172000 0.257300 0.100900 0.101000 0.118200 0.146400 0.098100 0.121100 0.188400 0.109000 0.252100 0.118200 0.109400 0.121800 0.108600 0.160400 0.135000 0.225900 0.171500 0.092600 0.189000 0.218900 0.112600 0.000000 0.082800 0.126900 0.147800 0.216000 0.145900 0.150100
Steenbok 0.024500 0.400400 0.092700 0.364200 0.049700 0.025000 0.058900 0.074100 0.077400 0.113100 0.048800 0.050400 0.049100 0.050000 0.110200 0.032500 0.127600 0.167300 0.049100 0.077400 0.032600 0.032600 0.115100 0.177600 0.032700 0.032700 0.049300 0.093200 0.048100 0.068100 0.113000 0.057800 0.194400 0.049300 0.040900 0.050700 0.040600 0.095800 0.065600 0.167800 0.114700 0.024600 0.113400 0.141200 0.042100 0.082800 0.000000 0.057600 0.076000 0.159000 0.075400 0.095500
Impala 0.066700 0.438500 0.101300 0.351600 0.075400 0.066700 0.101800 0.109000 0.104300 0.140800 0.082700 0.076400 0.091800 0.093500 0.155900 0.074600 0.136600 0.176900 0.090900 0.104300 0.074800 0.074800 0.143300 0.167100 0.066600 0.075100 0.093700 0.119900 0.081500 0.094700 0.140700 0.101100 0.223600 0.092100 0.083500 0.076900 0.082900 0.123400 0.108800 0.177000 0.142800 0.066800 0.141100 0.150300 0.068100 0.126900 0.057600 0.000000 0.102400 0.168500 0.101600 0.123000
Klipspring 0.068200 0.436500 0.140300 0.371100 0.077600 0.067900 0.085600 0.119800 0.106500 0.143800 0.093000 0.078000 0.093500 0.077600 0.140000 0.085400 0.177200 0.180700 0.093200 0.106500 0.076100 0.076200 0.146500 0.170600 0.076500 0.076500 0.093900 0.141200 0.109100 0.096700 0.143700 0.085100 0.228400 0.093900 0.085100 0.078500 0.084500 0.126200 0.110700 0.201000 0.145900 0.068300 0.144200 0.173400 0.069500 0.147800 0.076000 0.102400 0.000000 0.191700 0.122100 0.125600
ForestMusk 0.151000 0.439500 0.149700 0.307800 0.122700 0.151000 0.151200 0.167200 0.115800 0.114300 0.157900 0.143400 0.178100 0.142600 0.208900 0.168200 0.110500 0.149500 0.176400 0.115800 0.159400 0.159400 0.116300 0.160000 0.160200 0.160100 0.178800 0.160000 0.184100 0.124600 0.114200 0.149400 0.195400 0.178800 0.169200 0.144500 0.168100 0.163900 0.176700 0.131300 0.097100 0.151200 0.114600 0.142600 0.134800 0.216000 0.159000 0.168500 0.191700 0.000000 0.150100 0.135000
Bushbuck 0.067400 0.443400 0.066500 0.353800 0.058800 0.067400 0.102900 0.137100 0.033500 0.104900 0.074900 0.059600 0.075300 0.094600 0.138900 0.092900 0.155600 0.177600 0.074500 0.033500 0.093200 0.075600 0.125600 0.150200 0.075900 0.093600 0.075500 0.024400 0.099700 0.041800 0.104900 0.101700 0.204900 0.075500 0.066900 0.060000 0.083800 0.105400 0.128000 0.140600 0.125200 0.085100 0.105200 0.132900 0.051200 0.145900 0.075400 0.101600 0.122100 0.150100 0.000000 0.051200
GreaterKud 0.087400 0.460200 0.050800 0.364700 0.060500 0.087400 0.105800 0.140900 0.017100 0.107900 0.094900 0.061300 0.113800 0.097200 0.142700 0.104400 0.141000 0.163100 0.112600 0.017200 0.095700 0.095800 0.110000 0.174500 0.096300 0.096200 0.114200 0.059600 0.120400 0.025600 0.107900 0.104500 0.190700 0.114200 0.105100 0.061700 0.104300 0.108500 0.131500 0.144900 0.109600 0.087500 0.108200 0.156600 0.052700 0.150100 0.095500 0.123000 0.125600 0.135000 0.051200 0.000000
