1
52 1
Argali 0.000000 0.454700 0.107200 0.307600 0.079800 0.007900 0.088400 0.084300 0.111300 0.097400 0.028300 0.097100 0.079500 0.088500 0.170200 0.075400 0.120500 0.108300 0.049000 0.111400 0.049500 0.028200 0.093200 0.161000 0.020100 0.062300 0.066500 0.116900 0.053500 0.111300 0.089000 0.092600 0.145300 0.066300 0.062300 0.079000 0.036600 0.084500 0.093000 0.121300 0.106700 0.058100 0.093100 0.155000 0.079100 0.066600 0.084200 0.083500 0.111100 0.134800 0.116500 0.102100
LesserMous 0.454700 0.000000 0.486200 0.594500 0.443400 0.452900 0.435600 0.478500 0.491900 0.415700 0.439500 0.492400 0.477100 0.444900 0.503800 0.461800 0.453100 0.443200 0.483700 0.492800 0.439600 0.451100 0.432800 0.532500 0.422700 0.438500 0.446900 0.484800 0.451300 0.493200 0.426700 0.463600 0.434100 0.466900 0.433400 0.495100 0.447800 0.438100 0.480200 0.483400 0.448400 0.430900 0.409600 0.535700 0.496200 0.454900 0.481200 0.493000 0.518000 0.438400 0.457100 0.477600
LesserKudu 0.107200 0.486200 0.000000 0.360400 0.131000 0.107100 0.130400 0.136100 0.028400 0.150100 0.093400 0.093600 0.106800 0.135300 0.176200 0.145500 0.135500 0.145700 0.101900 0.028400 0.107500 0.106800 0.145800 0.220300 0.093200 0.121600 0.102400 0.032900 0.121100 0.024300 0.141300 0.144600 0.213500 0.102100 0.107300 0.083800 0.102400 0.131400 0.143300 0.176300 0.160300 0.112200 0.145500 0.202900 0.083900 0.107200 0.150400 0.153900 0.149700 0.199900 0.037100 0.020200
KillerWhal 0.307600 0.594500 0.360400 0.000000 0.301600 0.319800 0.311100 0.303600 0.351900 0.311800 0.301400 0.341100 0.293200 0.338100 0.408200 0.307500 0.287800 0.298200 0.323800 0.359300 0.290400 0.301300 0.318100 0.370400 0.288200 0.281800 0.287600 0.359500 0.301300 0.360200 0.326900 0.331200 0.358300 0.299300 0.307800 0.308000 0.319700 0.289100 0.288100 0.318500 0.336800 0.263800 0.318400 0.374200 0.307800 0.279400 0.323600 0.303600 0.311700 0.329800 0.352100 0.358800
DefassaWat 0.079800 0.443400 0.131000 0.301600 0.000000 0.079700 0.084000 0.089000 0.125600 0.102200 0.066500 0.111800 0.075200 0.084100 0.176100 0.098000 0.101900 0.093600 0.083700 0.125700 0.071200 0.079600 0.107100 0.187100 0.066400 0.066600 0.062200 0.131400 0.075300 0.125600 0.112200 0.092800 0.150600 0.070800 0.071100 0.106200 0.075200 0.040700 0.102000 0.135800 0.120900 0.062300 0.097800 0.180900 0.106300 0.071000 0.106900 0.106300 0.101900 0.135400 0.131000 0.116200
Sheep 0.007900 0.452900 0.107100 0.319800 0.079700 0.000000 0.088300 0.084300 0.111200 0.097300 0.028300 0.097100 0.079500 0.088400 0.170000 0.075400 0.120400 0.108200 0.048900 0.111300 0.049400 0.028200 0.093200 0.160800 0.020100 0.062300 0.066500 0.116700 0.053500 0.111200 0.089000 0.092600 0.150100 0.066300 0.062300 0.079000 0.036600 0.084400 0.092900 0.121200 0.106600 0.058100 0.093000 0.154800 0.079100 0.066500 0.084100 0.083500 0.111000 0.134700 0.116300 0.102000
MaxwellsDu 0.088400 0.435600 0.130400 0.311100 0.084000 0.088300 0.000000 0.084100 0.134700 0.106400 0.075000 0.097200 0.088100 0.049000 0.185700 0.102100 0.120400 0.111900 0.092300 0.125300 0.070900 0.079200 0.111400 0.179000 0.074800 0.070800 0.075000 0.121900 0.079400 0.134600 0.111800 0.044600 0.135500 0.079200 0.084100 0.096600 0.074800 0.102400 0.106300 0.120900 0.125200 0.066500 0.102100 0.183100 0.096700 0.066300 0.106500 0.114900 0.101600 0.169600 0.121500 0.125200
GazellaPrz 0.084300 0.478500 0.136100 0.303600 0.089000 0.084300 0.084100 0.000000 0.140300 0.088600 0.079800 0.116600 0.088600 0.093300 0.191000 0.079600 0.121000 0.117200 0.097300 0.130800 0.058000 0.075200 0.093500 0.171800 0.070800 0.049200 0.075400 0.146400 0.057700 0.140300 0.098400 0.102100 0.155900 0.084100 0.084500 0.101700 0.088700 0.102900 0.110200 0.112000 0.097900 0.045000 0.084300 0.146200 0.092800 0.066700 0.088600 0.110900 0.102000 0.165200 0.146000 0.130700
MountainNy 0.111300 0.491900 0.028400 0.351900 0.125600 0.111200 0.134700 0.140300 0.000000 0.154400 0.097400 0.097800 0.106200 0.139600 0.180500 0.149700 0.120800 0.140100 0.106000 0.024200 0.102300 0.110900 0.150100 0.202900 0.097300 0.125700 0.101900 0.020300 0.125300 0.024200 0.145600 0.148900 0.218000 0.092600 0.111500 0.092400 0.106500 0.135600 0.137700 0.180600 0.164700 0.121100 0.149800 0.186200 0.092500 0.111400 0.154600 0.158100 0.149300 0.198800 0.024400 0.016100
MuntiacusM 0.097400 0.415700 0.150100 0.311800 0.102200 0.097300 0.106400 0.088600 0.154400 0.000000 0.092800 0.130300 0.092600 0.111300 0.201700 0.106700 0.115400 0.093100 0.101400 0.144700 0.079700 0.088100 0.012000 0.080700 0.083700 0.084100 0.070600 0.155800 0.083900 0.154300 0.016100 0.115400 0.131200 0.088100 0.088600 0.124200 0.083800 0.116300 0.124100 0.045100 0.024200 0.079700 0.004000 0.084800 0.124400 0.079500 0.111100 0.115100 0.134400 0.149900 0.155200 0.134900
goat 0.028300 0.439500 0.093400 0.301400 0.066500 0.028300 0.075000 0.079800 0.097400 0.092800 0.000000 0.075200 0.066300 0.075100 0.159700 0.070900 0.097300 0.084700 0.040500 0.088400 0.045200 0.020000 0.088600 0.155900 0.007900 0.057900 0.053500 0.102800 0.049200 0.097400 0.084400 0.079200 0.149800 0.053300 0.053600 0.070200 0.024100 0.075500 0.088400 0.116500 0.102000 0.053700 0.088500 0.150000 0.070300 0.053600 0.084000 0.070200 0.088200 0.130300 0.102400 0.088400
AfricanBuf 0.097100 0.492400 0.093600 0.341100 0.111800 0.097100 0.097200 0.116600 0.097800 0.130300 0.075200 0.000000 0.111300 0.101900 0.176500 0.107200 0.116000 0.112100 0.101700 0.088800 0.080000 0.088400 0.130300 0.197900 0.075100 0.093500 0.097700 0.103200 0.093200 0.097700 0.121600 0.101300 0.191500 0.097400 0.088100 0.061700 0.093000 0.121500 0.114300 0.155500 0.140100 0.089100 0.125800 0.191400 0.061800 0.088800 0.121100 0.124800 0.125300 0.173200 0.102900 0.088700
Topi 0.079500 0.477100 0.106800 0.293200 0.075200 0.079500 0.088100 0.088600 0.106200 0.092600 0.066300 0.111300 0.000000 0.092800 0.159300 0.093100 0.106100 0.102500 0.083400 0.115700 0.053600 0.079300 0.097400 0.155300 0.066200 0.075300 0.020100 0.121100 0.075000 0.106200 0.102400 0.096900 0.159800 0.020000 0.066500 0.087800 0.074900 0.084200 0.097200 0.116100 0.110900 0.062200 0.088300 0.159400 0.087900 0.053400 0.101800 0.105800 0.097000 0.134700 0.120700 0.106300
CommonDuik 0.088500 0.444900 0.135300 0.338100 0.084100 0.088400 0.049000 0.093300 0.139600 0.111300 0.075100 0.101900 0.092800 0.000000 0.197200 0.102300 0.120400 0.116900 0.095500 0.130200 0.071000 0.079300 0.116300 0.179300 0.074900 0.079800 0.079500 0.136200 0.070600 0.139500 0.111900 0.044600 0.121200 0.079300 0.088700 0.105800 0.079400 0.102500 0.106400 0.135600 0.130200 0.075400 0.106900 0.183400 0.105900 0.079700 0.111300 0.124500 0.115600 0.185500 0.135800 0.130000
Suni 0.170200 0.503800 0.176200 0.408200 0.176100 0.170000 0.185700 0.191000 0.180500 0.201700 0.159700 0.176500 0.159300 0.197200 0.000000 0.180300 0.196800 0.214500 0.149900 0.180600 0.175800 0.173900 0.197500 0.279600 0.159300 0.170100 0.159400 0.187800 0.164400 0.180400 0.203400 0.195700 0.230700 0.174300 0.175700 0.178800 0.159400 0.156600 0.211300 0.219000 0.202800 0.165100 0.196900 0.283600 0.179200 0.159800 0.160800 0.179500 0.206600 0.209300 0.187200 0.160000
Springbuck 0.075400 0.461800 0.145500 0.307500 0.098000 0.075400 0.102100 0.079600 0.149700 0.106700 0.070900 0.107200 0.093100 0.102300 0.180300 0.000000 0.116000 0.107800 0.088200 0.140100 0.058100 0.066500 0.102500 0.166000 0.062100 0.053500 0.084200 0.155700 0.036500 0.149700 0.107600 0.111100 0.145800 0.088600 0.084500 0.092600 0.079700 0.098300 0.088500 0.130900 0.116100 0.049300 0.102300 0.165000 0.092600 0.075500 0.097700 0.110800 0.120600 0.140700 0.155200 0.140000
Okapi 0.120500 0.453100 0.135500 0.287800 0.101900 0.120400 0.120400 0.121000 0.120800 0.115400 0.097300 0.116000 0.106100 0.120400 0.196800 0.116000 0.000000 0.049400 0.124500 0.120900 0.102300 0.110800 0.111000 0.181000 0.097100 0.097500 0.110900 0.131500 0.106600 0.129900 0.116100 0.129600 0.135800 0.101600 0.115100 0.119800 0.115600 0.102200 0.119700 0.130000 0.125000 0.093100 0.110900 0.175300 0.120000 0.102000 0.115000 0.138500 0.120200 0.169800 0.131000 0.120700
Giraffe 0.108300 0.443200 0.145700 0.298200 0.093600 0.108200 0.111900 0.117200 0.140100 0.093100 0.084700 0.112100 0.102500 0.116900 0.214500 0.107800 0.049400 0.000000 0.103100 0.130200 0.080200 0.098200 0.098000 0.173800 0.085000 0.084400 0.098000 0.141400 0.093600 0.140700 0.103100 0.126900 0.132300 0.107100 0.088500 0.126300 0.098800 0.103200 0.126500 0.126800 0.112000 0.079900 0.097900 0.167000 0.126500 0.079600 0.130800 0.135200 0.126300 0.146500 0.140900 0.130100
TibetanAnt 0.049000 0.483700 0.101900 0.323800 0.083700 0.048900 0.092300 0.097300 0.106000 0.101400 0.040500 0.101700 0.083400 0.095500 0.149900 0.088200 0.124500 0.103100 0.000000 0.106100 0.062000 0.044600 0.106300 0.175000 0.040500 0.075000 0.070300 0.111500 0.066000 0.106000 0.102000 0.096500 0.159000 0.070200 0.053300 0.078500 0.048900 0.083900 0.105900 0.134700 0.119900 0.070700 0.106100 0.169000 0.078500 0.070500 0.092400 0.096200 0.115000 0.163600 0.111100 0.096900
Sitatunga 0.111400 0.492800 0.028400 0.359300 0.125700 0.111300 0.125300 0.130800 0.024200 0.144700 0.088400 0.088800 0.115700 0.130200 0.180600 0.140100 0.120900 0.130200 0.106100 0.000000 0.102500 0.092700 0.140400 0.213900 0.097300 0.116500 0.111300 0.020300 0.116100 0.016000 0.135900 0.139400 0.207400 0.110900 0.111600 0.083600 0.106600 0.135700 0.128100 0.170500 0.154800 0.111900 0.140200 0.196900 0.083700 0.102300 0.135200 0.158300 0.149300 0.210000 0.032700 0.016100
Oribi 0.049500 0.439600 0.107500 0.290400 0.071200 0.049400 0.070900 0.058000 0.102300 0.079700 0.045200 0.080000 0.053600 0.071000 0.175800 0.058100 0.102300 0.080200 0.062000 0.102500 0.000000 0.040900 0.075500 0.131600 0.036700 0.036800 0.049400 0.117100 0.036700 0.111600 0.071400 0.075100 0.136100 0.049300 0.053800 0.075000 0.053600 0.080300 0.066500 0.102900 0.088700 0.032600 0.075400 0.126100 0.075100 0.041000 0.079800 0.083800 0.093100 0.121200 0.116700 0.102400
BarbaryShe 0.028200 0.451100 0.106800 0.301300 0.079600 0.028200 0.079200 0.075200 0.110900 0.088100 0.020000 0.088400 0.079300 0.079300 0.173900 0.066500 0.110800 0.098200 0.044600 0.092700 0.040900 0.000000 0.083900 0.150400 0.020000 0.053600 0.066300 0.116300 0.044900 0.110900 0.079800 0.083400 0.134500 0.066100 0.057800 0.065800 0.036400 0.079700 0.083800 0.111500 0.097200 0.049300 0.083800 0.144600 0.065800 0.057700 0.070500 0.083300 0.101600 0.144300 0.115900 0.101700
Daviddeer 0.093200 0.432800 0.145800 0.318100 0.107100 0.093200 0.111400 0.093500 0.150100 0.012000 0.088600 0.130300 0.097400 0.116300 0.197500 0.102500 0.111000 0.098000 0.106300 0.140400 0.075500 0.083900 0.000000 0.076600 0.079500 0.079900 0.075300 0.151500 0.079700 0.150000 0.012100 0.120500 0.136500 0.092900 0.093400 0.119900 0.079600 0.112100 0.119600 0.041100 0.020200 0.075600 0.008000 0.080700 0.120100 0.075400 0.106900 0.110900 0.130100 0.145600 0.151000 0.130600
Reindeer 0.161000 0.532500 0.220300 0.370400 0.187100 0.160800 0.179000 0.171800 0.202900 0.080700 0.155900 0.197900 0.155300 0.179300 0.279600 0.166000 0.181000 0.173800 0.175000 0.213900 0.131600 0.150400 0.076600 0.000000 0.145700 0.156500 0.141100 0.216000 0.155800 0.224600 0.072200 0.183800 0.199200 0.140400 0.171500 0.189800 0.146000 0.192900 0.168700 0.085700 0.090000 0.151600 0.076400 0.020600 0.190200 0.141800 0.186600 0.180000 0.201900 0.198900 0.215300 0.203300
Ibex 0.020100 0.422700 0.093200 0.288200 0.066400 0.020100 0.074800 0.070800 0.097300 0.083700 0.007900 0.075100 0.066200 0.074900 0.159300 0.062100 0.097100 0.085000 0.040500 0.097300 0.036700 0.020000 0.079500 0.145700 0.000000 0.049300 0.053400 0.102600 0.040700 0.097200 0.075400 0.079000 0.139600 0.053300 0.053500 0.070100 0.024000 0.075400 0.079300 0.106900 0.092700 0.045100 0.079400 0.140000 0.070200 0.053400 0.083900 0.061500 0.088000 0.120600 0.102300 0.088200
GyrantGaze 0.062300 0.438500 0.121600 0.281800 0.066600 0.062300 0.070800 0.049200 0.125700 0.084100 0.057900 0.093500 0.075300 0.079800 0.170100 0.053500 0.097500 0.084400 0.075000 0.116500 0.036800 0.053600 0.079900 0.156500 0.049300 0.000000 0.062200 0.131500 0.032400 0.125700 0.084700 0.088400 0.140900 0.070900 0.062400 0.088200 0.066500 0.075600 0.078400 0.098100 0.093200 0.011900 0.079800 0.150600 0.088300 0.045100 0.084200 0.088200 0.088500 0.135400 0.131100 0.116300
Hartebeest 0.066500 0.446900 0.102400 0.287600 0.062200 0.066500 0.075000 0.075400 0.101900 0.070600 0.053500 0.097700 0.020100 0.079500 0.159400 0.084200 0.110900 0.098000 0.070300 0.111300 0.049400 0.066300 0.075300 0.141100 0.053400 0.062200 0.000000 0.116700 0.062100 0.101900 0.080000 0.083600 0.144800 0.016000 0.057900 0.074700 0.062000 0.079900 0.092800 0.102500 0.088400 0.049400 0.066400 0.145000 0.074700 0.049300 0.097500 0.092400 0.083700 0.120800 0.116300 0.101900
Bongo 0.116900 0.484800 0.032900 0.359500 0.131400 0.116700 0.121900 0.146400 0.020300 0.155800 0.102800 0.103200 0.121100 0.136200 0.187800 0.155700 0.131500 0.141400 0.111500 0.020300 0.117100 0.116300 0.151500 0.216000 0.102600 0.131500 0.116700 0.000000 0.131000 0.020300 0.146900 0.145500 0.220000 0.116300 0.117000 0.097700 0.111900 0.141600 0.143300 0.182200 0.166200 0.126800 0.151100 0.198900 0.097800 0.117000 0.160900 0.164300 0.165300 0.211600 0.012200 0.020300
Gerenuk 0.053500 0.451300 0.121100 0.301300 0.075300 0.053500 0.079400 0.057700 0.125300 0.083900 0.049200 0.093200 0.075000 0.070600 0.164400 0.036500 0.106600 0.093600 0.066000 0.116100 0.036700 0.044900 0.079700 0.155800 0.040700 0.032400 0.062100 0.131000 0.000000 0.125300 0.084500 0.088100 0.130700 0.070700 0.062300 0.079100 0.057700 0.084400 0.088100 0.107100 0.092900 0.028300 0.079600 0.150000 0.079100 0.053600 0.083900 0.087900 0.097300 0.144900 0.130600 0.115900
CommonElan 0.111300 0.493200 0.024300 0.360200 0.125600 0.111200 0.134600 0.140300 0.024200 0.154300 0.097400 0.097700 0.106200 0.139500 0.180400 0.149700 0.129900 0.140700 0.106000 0.016000 0.111600 0.110900 0.150000 0.224600 0.097200 0.125700 0.101900 0.020300 0.125300 0.000000 0.145500 0.148900 0.218000 0.101600 0.111400 0.083400 0.106500 0.135600 0.137500 0.180500 0.164500 0.111700 0.149700 0.207200 0.083500 0.111300 0.154600 0.158100 0.149100 0.198800 0.032700 0.016000
MuntiacusR 0.089000 0.426700 0.141300 0.326900 0.112200 0.089000 0.111800 0.098400 0.145600 0.016100 0.084400 0.121600 0.102400 0.111900 0.203400 0.107600 0.116100 0.103100 0.102000 0.135900 0.071400 0.079800 0.012100 0.072200 0.075400 0.084700 0.080000 0.146900 0.084500 0.145500 0.000000 0.116100 0.141900 0.088700 0.098400 0.115700 0.075500 0.117200 0.115300 0.045500 0.024400 0.080300 0.012100 0.076300 0.115900 0.080200 0.111900 0.106600 0.135400 0.151100 0.146400 0.126200
HarveysDui 0.092600 0.463600 0.144600 0.331200 0.092800 0.092600 0.044600 0.102100 0.148900 0.115400 0.079200 0.101300 0.096900 0.044600 0.195700 0.111100 0.129600 0.126900 0.096500 0.139400 0.075100 0.083400 0.120500 0.183800 0.079000 0.088400 0.083600 0.145500 0.088100 0.148900 0.116100 0.000000 0.144900 0.083400 0.092800 0.110000 0.083500 0.111400 0.110600 0.139900 0.134500 0.084000 0.111000 0.187800 0.110100 0.083800 0.115500 0.128700 0.119900 0.189900 0.145100 0.139200
Pronghorn 0.145300 0.434100 0.213500 0.358300 0.150600 0.150100 0.135500 0.155900 0.218000 0.131200 0.149800 0.191500 0.159800 0.121200 0.230700 0.145800 0.135800 0.132300 0.159000 0.207400 0.136100 0.134500 0.136500 0.199200 0.139600 0.140900 0.144800 0.220000 0.130700 0.218000 0.141900 0.144900 0.000000 0.154700 0.135900 0.173700 0.149600 0.151000 0.159800 0.146500 0.150900 0.136200 0.126600 0.203300 0.174000 0.144900 0.150100 0.183500 0.185200 0.202600 0.219300 0.196700
BlueWildeb 0.066300 0.466900 0.102100 0.299300 0.070800 0.066300 0.079200 0.084100 0.092600 0.088100 0.053300 0.097400 0.020000 0.079300 0.174300 0.088600 0.101600 0.107100 0.070200 0.110900 0.049300 0.066100 0.092900 0.140400 0.053300 0.070900 0.016000 0.116300 0.070700 0.101600 0.088700 0.083400 0.154700 0.000000 0.066500 0.074500 0.061800 0.088700 0.083700 0.120800 0.106300 0.057900 0.083800 0.144400 0.074500 0.066300 0.106300 0.101200 0.083600 0.139400 0.115900 0.101600
Gemsbok 0.062300 0.433400 0.107300 0.307800 0.071100 0.062300 0.084100 0.084500 0.111500 0.088600 0.053600 0.088100 0.066500 0.088700 0.175700 0.084500 0.115100 0.088500 0.053300 0.111600 0.053800 0.057800 0.093400 0.171500 0.053500 0.062400 0.057900 0.117000 0.062300 0.111400 0.098400 0.092800 0.135900 0.066500 0.000000 0.074800 0.062200 0.071200 0.102300 0.121500 0.106900 0.058200 0.093300 0.165400 0.074800 0.053700 0.092400 0.101700 0.102100 0.145100 0.116600 0.102200
Yak 0.079000 0.495100 0.083800 0.308000 0.106200 0.079000 0.096600 0.101700 0.092400 0.124200 0.070200 0.061700 0.087800 0.105800 0.178800 0.092600 0.119800 0.126300 0.078500 0.083600 0.075000 0.065800 0.119900 0.189800 0.070100 0.088200 0.074700 0.097700 0.079100 0.083400 0.115700 0.110000 0.173700 0.074500 0.074800 0.000000 0.078900 0.106300 0.108800 0.149000 0.133800 0.075000 0.119800 0.173600 0.007900 0.083600 0.106000 0.118900 0.119400 0.165900 0.097300 0.083500
BlueSheep 0.036600 0.447800 0.102400 0.319700 0.075200 0.036600 0.074800 0.088700 0.106500 0.083800 0.024100 0.093000 0.074900 0.079400 0.159400 0.079700 0.115600 0.098800 0.048900 0.106600 0.053600 0.036400 0.079600 0.146000 0.024000 0.066500 0.062000 0.111900 0.057700 0.106500 0.075500 0.083500 0.149600 0.061800 0.062200 0.078900 0.000000 0.084300 0.097300 0.107100 0.092900 0.062300 0.079500 0.140200 0.079000 0.062100 0.102000 0.078900 0.106300 0.139900 0.111600 0.088300
BohorReedb 0.084500 0.438100 0.131400 0.289100 0.040700 0.084400 0.102400 0.102900 0.135600 0.116300 0.075500 0.121500 0.084200 0.102500 0.156600 0.098300 0.102200 0.103200 0.083900 0.135700 0.080300 0.079700 0.112100 0.192900 0.075400 0.075600 0.079900 0.141600 0.084400 0.135600 0.117200 0.111400 0.151000 0.088700 0.071200 0.106300 0.084300 0.000000 0.102300 0.131200 0.125900 0.071300 0.111900 0.186500 0.106500 0.080100 0.084400 0.106600 0.111400 0.126000 0.141200 0.126100
KirksDik 0.093000 0.480200 0.143300 0.288100 0.102000 0.092900 0.106300 0.110200 0.137700 0.124100 0.088400 0.114300 0.097200 0.106400 0.211300 0.088500 0.119700 0.126500 0.105900 0.128100 0.066500 0.083800 0.119600 0.168700 0.079300 0.078400 0.092800 0.143300 0.088100 0.137500 0.115300 0.110600 0.159800 0.083700 0.102300 0.108800 0.097300 0.102300 0.000000 0.148900 0.133700 0.074000 0.119600 0.173000 0.108800 0.091500 0.115600 0.129200 0.129700 0.159200 0.153000 0.137600
RoeDeer 0.121300 0.483400 0.176300 0.318500 0.135800 0.121200 0.120900 0.112000 0.180600 0.045100 0.116500 0.155500 0.116100 0.135600 0.219000 0.130900 0.130000 0.126800 0.134700 0.170500 0.102900 0.111500 0.041100 0.085700 0.106900 0.098100 0.102500 0.182200 0.107100 0.180500 0.045500 0.139900 0.146500 0.120800 0.121500 0.149000 0.107100 0.131200 0.148900 0.000000 0.053800 0.093700 0.041000 0.098900 0.149100 0.093400 0.125800 0.120300 0.139900 0.176000 0.181500 0.160300
WhiteLippe 0.106700 0.448400 0.160300 0.336800 0.120900 0.106600 0.125200 0.097900 0.164700 0.024200 0.102000 0.140100 0.110900 0.130200 0.202800 0.116100 0.125000 0.112000 0.119900 0.154800 0.088700 0.097200 0.020200 0.090000 0.092700 0.093200 0.088400 0.166200 0.092900 0.164500 0.024400 0.134500 0.150900 0.106300 0.106900 0.133800 0.092900 0.125900 0.133700 0.053800 0.000000 0.088800 0.020100 0.085100 0.134000 0.088600 0.120600 0.124600 0.144200 0.160200 0.165700 0.144900
ThomsonGaz 0.058100 0.430900 0.112200 0.263800 0.062300 0.058100 0.066500 0.045000 0.121100 0.079700 0.053700 0.089100 0.062200 0.075400 0.165100 0.049300 0.093100 0.079900 0.070700 0.111900 0.032600 0.049300 0.075600 0.151600 0.045100 0.011900 0.049400 0.126800 0.028300 0.111700 0.080300 0.084000 0.136200 0.057900 0.058200 0.075000 0.062300 0.071300 0.074000 0.093700 0.088800 0.000000 0.075400 0.145800 0.075100 0.041000 0.079800 0.083800 0.075200 0.121200 0.126400 0.111700
MuntiacusC 0.093100 0.409600 0.145500 0.318400 0.097800 0.093000 0.102100 0.084300 0.149800 0.004000 0.088500 0.125800 0.088300 0.106900 0.196900 0.102300 0.110900 0.097900 0.106100 0.140200 0.075400 0.083800 0.008000 0.076400 0.079400 0.079800 0.066400 0.151100 0.079600 0.149700 0.012100 0.111000 0.126600 0.083800 0.093300 0.119800 0.079500 0.111900 0.119600 0.041000 0.020100 0.075400 0.000000 0.080500 0.119900 0.075300 0.106700 0.110700 0.129900 0.145300 0.150600 0.130400
WhiteTaile 0.155000 0.535700 0.202900 0.374200 0.180900 0.154800 0.183100 0.146200 0.186200 0.084800 0.150000 0.191400 0.159400 0.183400 0.283600 0.165000 0.175300 0.167000 0.169000 0.196900 0.126100 0.144600 0.080700 0.020600 0.140000 0.150600 0.145000 0.198900 0.150000 0.207200 0.076300 0.187800 0.203300 0.144400 0.165400 0.173600 0.140200 0.186500 0.173000 0.098900 0.085100 0.145800 0.080500 0.000000 0.173900 0.145800 0.180300 0.184000 0.195500 0.203100 0.198200 0.186500
Cattle 0.079100 0.496200 0.083900 0.307800 0.106300 0.079100 0.096700 0.092800 0.092500 0.124400 0.070300 0.061800 0.087900 0.105900 0.179200 0.092600 0.120000 0.126500 0.078500 0.083700 0.075100 0.065800 0.120100 0.190200 0.070200 0.088300 0.074700 0.097800 0.079100 0.083500 0.115900 0.110100 0.174000 0.074500 0.074800 0.007900 0.079000 0.106500 0.108800 0.149100 0.134000 0.075100 0.119900 0.173900 0.000000 0.083700 0.106100 0.119000 0.119600 0.166000 0.097500 0.083600
RoyalAntel 0.066600 0.454900 0.107200 0.279400 0.071000 0.066500 0.066300 0.066700 0.111400 0.079500 0.053600 0.088800 0.053400 0.079700 0.159800 0.075500 0.102000 0.079600 0.070500 0.102300 0.041000 0.057700 0.075400 0.141800 0.053400 0.045100 0.049300 0.117000 0.053600 0.111300 0.080200 0.083800 0.144900 0.066300 0.053700 0.083600 0.062100 0.080100 0.091500 0.093400 0.088600 0.041000 0.075300 0.145800 0.083700 0.000000 0.088600 0.083600 0.083800 0.130600 0.116600 0.102200
Steenbok 0.084200 0.481200 0.150400 0.323600 0.106900 0.084100 0.106500 0.088600 0.154600 0.111100 0.084000 0.121100 0.101800 0.111300 0.160800 0.097700 0.115000 0.130800 0.092400 0.135200 0.079800 0.070500 0.106900 0.186600 0.083900 0.084200 0.097500 0.160900 0.083900 0.154600 0.111900 0.115500 0.150100 0.106300 0.092400 0.106000 0.102000 0.084400 0.115600 0.125800 0.120600 0.079800 0.106700 0.180300 0.106100 0.088600 0.000000 0.124500 0.125000 0.160100 0.160400 0.144900
Impala 0.083500 0.493000 0.153900 0.303600 0.106300 0.083500 0.114900 0.110900 0.158100 0.115100 0.070200 0.124800 0.105800 0.124500 0.179500 0.110800 0.138500 0.135200 0.096200 0.158300 0.083800 0.083300 0.110900 0.180000 0.061500 0.088200 0.092400 0.164300 0.087900 0.158100 0.106600 0.128700 0.183500 0.101200 0.101700 0.118900 0.078900 0.106600 0.129200 0.120300 0.124600 0.083800 0.110700 0.184000 0.119000 0.083600 0.124500 0.000000 0.119500 0.148900 0.163700 0.138700
Klipspring 0.111100 0.518000 0.149700 0.311700 0.101900 0.111000 0.101600 0.102000 0.149300 0.134400 0.088200 0.125300 0.097000 0.115600 0.206600 0.120600 0.120200 0.126300 0.115000 0.149300 0.093100 0.101600 0.130100 0.201900 0.088000 0.088500 0.083700 0.165300 0.097300 0.149100 0.135400 0.119900 0.185200 0.083600 0.102100 0.119400 0.106300 0.111400 0.129700 0.139900 0.144200 0.075200 0.129900 0.195500 0.119600 0.083800 0.125000 0.119500 0.000000 0.169100 0.164800 0.149200
ForestMusk 0.134800 0.438400 0.199900 0.329800 0.135400 0.134700 0.169600 0.165200 0.198800 0.149900 0.130300 0.173200 0.134700 0.185500 0.209300 0.140700 0.169800 0.146500 0.163600 0.210000 0.121200 0.144300 0.145600 0.198900 0.120600 0.135400 0.120800 0.211600 0.144900 0.198800 0.151100 0.189900 0.202600 0.139400 0.145100 0.165900 0.139900 0.126000 0.159200 0.176000 0.160200 0.121200 0.145300 0.203100 0.166000 0.130600 0.160100 0.148900 0.169100 0.000000 0.210800 0.188300
Bushbuck 0.116500 0.457100 0.037100 0.352100 0.131000 0.116300 0.121500 0.146000 0.024400 0.155200 0.102400 0.102900 0.120700 0.135800 0.187200 0.155200 0.131000 0.140900 0.111100 0.032700 0.116700 0.115900 0.151000 0.215300 0.102300 0.131100 0.116300 0.012200 0.130600 0.032700 0.146400 0.145100 0.219300 0.115900 0.116600 0.097300 0.111600 0.141200 0.153000 0.181500 0.165700 0.126400 0.150600 0.198200 0.097500 0.116600 0.160400 0.163700 0.164800 0.210800 0.000000 0.024400
GreaterKud 0.102100 0.477600 0.020200 0.358800 0.116200 0.102000 0.125200 0.130700 0.016100 0.134900 0.088400 0.088700 0.106300 0.130000 0.160000 0.140000 0.120700 0.130100 0.096900 0.016100 0.102400 0.101700 0.130600 0.203300 0.088200 0.116300 0.101900 0.020300 0.115900 0.016000 0.126200 0.139200 0.196700 0.101600 0.102200 0.083500 0.088300 0.126100 0.137600 0.160300 0.144900 0.111700 0.130400 0.186500 0.083600 0.102200 0.144900 0.138700 0.149200 0.188300 0.024400 0.000000
