1
52 1
Argali 0.000000 0.332700 0.153200 0.304400 0.157200 0.006400 0.106900 0.093400 0.173300 0.172600 0.052400 0.131300 0.066600 0.098900 0.093100 0.126700 0.124100 0.164700 0.067500 0.171400 0.113600 0.026000 0.166000 0.179600 0.046300 0.124800 0.052600 0.166400 0.125500 0.194600 0.171900 0.132600 0.146500 0.093700 0.113300 0.136700 0.052400 0.141700 0.074900 0.148300 0.150600 0.138400 0.163800 0.145000 0.136200 0.128100 0.140800 0.092500 0.080600 0.150100 0.166000 0.191700
LesserMous 0.332700 0.000000 0.394700 0.350300 0.375500 0.344400 0.379800 0.342200 0.341200 0.347300 0.368400 0.339900 0.337800 0.404600 0.343100 0.349200 0.295100 0.366100 0.410100 0.347300 0.386600 0.352100 0.305800 0.303400 0.360300 0.348700 0.335600 0.361800 0.378800 0.393800 0.336100 0.414000 0.295700 0.352300 0.373600 0.370100 0.345400 0.392400 0.364600 0.335000 0.305300 0.367500 0.335700 0.300400 0.368800 0.368100 0.438100 0.342300 0.312100 0.365000 0.369300 0.395800
LesserKudu 0.153200 0.394700 0.000000 0.319400 0.170600 0.146200 0.187300 0.149700 0.057700 0.202100 0.182900 0.093900 0.136400 0.148300 0.164200 0.185100 0.160600 0.201600 0.200400 0.057100 0.171800 0.168300 0.187600 0.201300 0.191400 0.181300 0.135600 0.038200 0.161600 0.063900 0.208800 0.204900 0.183800 0.149700 0.169600 0.092400 0.165900 0.200400 0.138800 0.192900 0.179800 0.204500 0.184900 0.166400 0.106000 0.162700 0.183500 0.163900 0.122400 0.178900 0.038100 0.062900
KillerWhal 0.304400 0.350300 0.319400 0.000000 0.345400 0.296800 0.349500 0.330500 0.330000 0.325000 0.311500 0.286300 0.318200 0.364700 0.313300 0.353400 0.275500 0.317800 0.350100 0.336000 0.374900 0.304200 0.286600 0.300000 0.321500 0.354800 0.298500 0.332500 0.358900 0.356000 0.314400 0.391800 0.291700 0.324000 0.319700 0.324600 0.316400 0.352200 0.333900 0.333900 0.286100 0.365700 0.315200 0.281100 0.305500 0.337300 0.342700 0.330600 0.309900 0.328400 0.331600 0.357900
DefassaWat 0.157200 0.375500 0.170600 0.345400 0.000000 0.150400 0.146600 0.139400 0.167400 0.212400 0.186400 0.163900 0.134000 0.159500 0.153300 0.173600 0.156600 0.220200 0.188000 0.173400 0.175300 0.157100 0.183000 0.196300 0.179400 0.199300 0.133300 0.168500 0.150800 0.196000 0.218900 0.143000 0.172000 0.132700 0.174400 0.184400 0.154800 0.043600 0.136400 0.195300 0.167700 0.192600 0.195300 0.162300 0.183800 0.159900 0.179900 0.146200 0.126900 0.181800 0.153500 0.186200
Sheep 0.006400 0.344400 0.146200 0.296800 0.150400 0.000000 0.100300 0.086800 0.166300 0.165700 0.046300 0.124400 0.067000 0.092000 0.086400 0.120000 0.117200 0.157900 0.060800 0.164500 0.106100 0.019300 0.159100 0.172700 0.039700 0.118200 0.052900 0.159400 0.118900 0.187600 0.165000 0.126000 0.139500 0.094200 0.113900 0.145100 0.045800 0.135000 0.068100 0.156700 0.143800 0.139200 0.157000 0.138100 0.144600 0.121300 0.134100 0.085900 0.073900 0.143300 0.159000 0.184800
MaxwellsDu 0.106900 0.379800 0.187300 0.349500 0.146600 0.100300 0.000000 0.119100 0.191400 0.198700 0.120500 0.157700 0.072000 0.083300 0.133000 0.152200 0.150400 0.190600 0.136800 0.197500 0.153700 0.092800 0.176900 0.190300 0.113800 0.178800 0.085300 0.192700 0.136600 0.213400 0.197800 0.102400 0.142800 0.098700 0.104100 0.178300 0.105400 0.152900 0.115600 0.189300 0.161600 0.171100 0.189600 0.156100 0.177700 0.153900 0.166200 0.117700 0.120700 0.161200 0.177100 0.202300
GazellaPrz 0.093400 0.342200 0.149700 0.330500 0.139400 0.086800 0.119100 0.000000 0.154600 0.154000 0.107000 0.128300 0.072000 0.111100 0.077600 0.097100 0.121300 0.190800 0.122200 0.152900 0.084400 0.093400 0.162200 0.160700 0.114500 0.122300 0.071600 0.147800 0.096200 0.175100 0.153400 0.129700 0.150800 0.098700 0.118000 0.148500 0.078300 0.138800 0.059600 0.174600 0.147200 0.115800 0.145600 0.141600 0.148100 0.111200 0.123700 0.104600 0.078700 0.125300 0.162200 0.172600
MountainNy 0.173300 0.341200 0.057700 0.330000 0.167400 0.166300 0.191400 0.154600 0.000000 0.183200 0.203100 0.112700 0.141400 0.167800 0.154200 0.174900 0.157400 0.212800 0.204900 0.012200 0.191500 0.173200 0.169200 0.167900 0.196000 0.179000 0.140600 0.018000 0.166300 0.043300 0.189700 0.209100 0.165100 0.154600 0.174300 0.111500 0.170700 0.204800 0.143900 0.189400 0.161600 0.194000 0.166800 0.148500 0.125200 0.152800 0.203000 0.154100 0.142200 0.167900 0.043700 0.055600
MuntiacusM 0.172600 0.347300 0.202100 0.325000 0.212400 0.165700 0.198700 0.154000 0.183200 0.000000 0.186900 0.179500 0.156000 0.204700 0.168300 0.219100 0.156400 0.211600 0.204100 0.189300 0.221300 0.157600 0.070300 0.096500 0.195300 0.245300 0.155100 0.184400 0.209600 0.227700 0.037300 0.223600 0.149200 0.177000 0.189100 0.207900 0.162800 0.234700 0.166500 0.109700 0.070200 0.238300 0.012200 0.064300 0.207200 0.181800 0.209900 0.197700 0.156100 0.145800 0.199300 0.224400
goat 0.052400 0.368400 0.182900 0.311500 0.186400 0.046300 0.120500 0.107000 0.203100 0.186900 0.000000 0.160500 0.087200 0.112300 0.120800 0.147800 0.153200 0.194100 0.053400 0.200900 0.141800 0.038300 0.195700 0.201700 0.006400 0.152400 0.086600 0.196100 0.153300 0.224800 0.186100 0.146100 0.160700 0.114600 0.134200 0.181400 0.063200 0.170400 0.103100 0.208300 0.179800 0.159400 0.177800 0.174300 0.180800 0.134900 0.154500 0.120000 0.122800 0.171800 0.195600 0.221400
AfricanBuf 0.131300 0.339900 0.093900 0.286300 0.163900 0.124400 0.157700 0.128300 0.112700 0.179500 0.160500 0.000000 0.101100 0.148900 0.128000 0.148400 0.116500 0.171600 0.161900 0.111500 0.149900 0.131200 0.143200 0.156600 0.153500 0.145600 0.100500 0.092200 0.140300 0.118800 0.178800 0.167800 0.138600 0.128700 0.134000 0.093100 0.129300 0.163100 0.110300 0.170700 0.142900 0.167700 0.170600 0.122400 0.092800 0.112900 0.176700 0.127800 0.101300 0.135100 0.092000 0.117800
Topi 0.066600 0.337800 0.136400 0.318200 0.134000 0.067000 0.072000 0.072000 0.141400 0.156000 0.087200 0.101100 0.000000 0.064700 0.085500 0.105300 0.108400 0.178100 0.087900 0.139900 0.106300 0.059800 0.134900 0.148100 0.080400 0.130900 0.012800 0.134700 0.104300 0.162100 0.155400 0.083400 0.115600 0.025600 0.044600 0.113500 0.072600 0.133500 0.067300 0.147300 0.127500 0.110300 0.147500 0.114400 0.113100 0.091600 0.132500 0.085300 0.072900 0.119800 0.134400 0.159700
CommonDuik 0.098900 0.404600 0.148300 0.364700 0.159500 0.092000 0.083300 0.111100 0.167800 0.204700 0.112300 0.148900 0.064700 0.000000 0.124800 0.143700 0.156600 0.196600 0.113900 0.166000 0.131000 0.098800 0.183000 0.189000 0.105700 0.141800 0.077800 0.161000 0.128500 0.188500 0.203800 0.081600 0.164000 0.091000 0.110100 0.154600 0.111300 0.158900 0.100200 0.180400 0.167700 0.148400 0.195600 0.162300 0.154100 0.131100 0.172200 0.123700 0.098600 0.167200 0.146100 0.185700
Suni 0.093100 0.343100 0.164200 0.313300 0.153300 0.086400 0.133000 0.077600 0.154200 0.168300 0.120800 0.128000 0.085500 0.124800 0.000000 0.138400 0.121000 0.175200 0.121700 0.152500 0.139700 0.093000 0.161900 0.175100 0.114000 0.149500 0.071400 0.147500 0.137100 0.174800 0.167600 0.143300 0.142700 0.112300 0.131700 0.148200 0.091700 0.138300 0.101000 0.174200 0.146900 0.157300 0.159700 0.141300 0.147700 0.111000 0.165900 0.118300 0.092300 0.132000 0.161800 0.172200
Springbuck 0.126700 0.349200 0.185100 0.353400 0.173600 0.120000 0.152200 0.097100 0.174900 0.219100 0.147800 0.148400 0.105300 0.143700 0.138400 0.000000 0.141400 0.226600 0.157000 0.173000 0.103100 0.125300 0.182400 0.159100 0.141100 0.087200 0.104700 0.182800 0.101300 0.195600 0.218100 0.163100 0.171200 0.132300 0.151600 0.153900 0.110800 0.172900 0.093100 0.194600 0.167200 0.080500 0.209700 0.161700 0.153400 0.130700 0.115500 0.109700 0.098300 0.166700 0.167700 0.192700
Okapi 0.124100 0.295100 0.160600 0.275500 0.156600 0.117200 0.150400 0.121300 0.157400 0.156400 0.153200 0.116500 0.108400 0.156600 0.121000 0.141400 0.000000 0.078200 0.154500 0.163600 0.142800 0.124000 0.120200 0.119100 0.146100 0.152700 0.093600 0.158500 0.140000 0.186600 0.148200 0.175500 0.080500 0.136300 0.156100 0.144200 0.107800 0.156000 0.103200 0.147900 0.119900 0.160600 0.147900 0.100000 0.143800 0.134700 0.184600 0.135300 0.094400 0.134800 0.158100 0.183700
Giraffe 0.164700 0.366100 0.201600 0.317800 0.220200 0.157900 0.190600 0.190800 0.212800 0.211600 0.194100 0.171600 0.178100 0.196600 0.175200 0.226600 0.078200 0.000000 0.227300 0.218800 0.198000 0.179800 0.190100 0.203400 0.202600 0.199700 0.162000 0.214200 0.179300 0.242700 0.201400 0.246200 0.141300 0.206800 0.211000 0.200100 0.177100 0.210900 0.173700 0.202500 0.189700 0.230600 0.201100 0.169300 0.199500 0.189100 0.224600 0.189800 0.148800 0.197100 0.229700 0.224000
TibetanAnt 0.067500 0.410100 0.200400 0.350100 0.188000 0.060800 0.136800 0.122200 0.204900 0.204100 0.053400 0.161900 0.087900 0.113900 0.121700 0.157000 0.154500 0.227300 0.000000 0.202600 0.143900 0.053600 0.197400 0.203500 0.046700 0.153700 0.087300 0.197800 0.155600 0.226800 0.203200 0.146400 0.162100 0.115500 0.135300 0.183000 0.080300 0.171800 0.104000 0.194600 0.181300 0.161700 0.194700 0.175800 0.182400 0.143000 0.170600 0.121700 0.123900 0.165700 0.197400 0.223300
Sitatunga 0.171400 0.347300 0.057100 0.336000 0.173400 0.164500 0.197500 0.152900 0.012200 0.189300 0.200900 0.111500 0.139900 0.166000 0.152500 0.173000 0.163600 0.218800 0.202600 0.000000 0.189500 0.171300 0.175300 0.173900 0.193900 0.177200 0.139200 0.017900 0.164600 0.042900 0.195700 0.207000 0.171300 0.152900 0.172500 0.103600 0.168900 0.202600 0.142400 0.195400 0.167700 0.192000 0.172800 0.154600 0.117100 0.151200 0.200900 0.152500 0.140700 0.174000 0.043300 0.055100
Oribi 0.113600 0.386600 0.171800 0.374900 0.175300 0.106100 0.153700 0.084400 0.191500 0.221300 0.141800 0.149900 0.106300 0.131000 0.139700 0.103100 0.142800 0.198000 0.143900 0.189500 0.000000 0.127900 0.184100 0.182500 0.135000 0.115300 0.105700 0.184600 0.102300 0.212600 0.220300 0.164700 0.173000 0.133600 0.153100 0.155700 0.098200 0.160100 0.080200 0.181600 0.168700 0.121800 0.211800 0.163300 0.155200 0.146300 0.144700 0.124600 0.071800 0.168400 0.169400 0.194700
BarbaryShe 0.026000 0.352100 0.168300 0.304200 0.157100 0.019300 0.092800 0.093400 0.173200 0.157600 0.038300 0.131200 0.059800 0.098800 0.093000 0.125300 0.124000 0.179800 0.053600 0.171300 0.127900 0.000000 0.151000 0.164500 0.032000 0.138800 0.059400 0.166300 0.125400 0.194500 0.157000 0.118300 0.131400 0.086800 0.092400 0.151900 0.052300 0.141600 0.074900 0.163600 0.135900 0.145700 0.149000 0.130200 0.151400 0.128000 0.140700 0.092400 0.094600 0.150000 0.165900 0.191600
Daviddeer 0.166000 0.305800 0.187600 0.286600 0.183000 0.159100 0.176900 0.162200 0.169200 0.070300 0.195700 0.143200 0.134900 0.183000 0.161900 0.182400 0.120200 0.190100 0.197400 0.175300 0.184100 0.151000 0.000000 0.061300 0.188600 0.208300 0.134100 0.170300 0.180600 0.213300 0.070100 0.201700 0.113800 0.162800 0.167700 0.170900 0.163400 0.197400 0.145000 0.063400 0.024700 0.201500 0.063300 0.031000 0.170400 0.160900 0.211000 0.161600 0.120700 0.146400 0.169900 0.210100
Reindeer 0.179600 0.303400 0.201300 0.300000 0.196300 0.172700 0.190300 0.160700 0.167900 0.096500 0.201700 0.156600 0.148100 0.189000 0.175100 0.159100 0.119100 0.203400 0.203500 0.173900 0.182500 0.164500 0.061300 0.000000 0.194700 0.184700 0.147300 0.183800 0.179000 0.211700 0.096200 0.215000 0.120100 0.176100 0.181000 0.184400 0.161900 0.210800 0.158500 0.089100 0.063200 0.178000 0.089100 0.031400 0.183800 0.166900 0.216900 0.146000 0.119600 0.159500 0.183300 0.208500
Ibex 0.046300 0.360300 0.191400 0.321500 0.179400 0.039700 0.113800 0.114500 0.196000 0.195300 0.006400 0.153500 0.080400 0.105700 0.114000 0.141100 0.146100 0.202600 0.046700 0.193900 0.135000 0.032000 0.188600 0.194700 0.000000 0.145800 0.080000 0.189000 0.146600 0.217600 0.194400 0.139400 0.153700 0.107800 0.127500 0.174400 0.059000 0.163500 0.096200 0.201200 0.172800 0.152700 0.186100 0.167300 0.173800 0.128100 0.162400 0.113300 0.116000 0.172200 0.188600 0.214400
GyrantGaze 0.124800 0.348700 0.181300 0.354800 0.199300 0.118200 0.178800 0.122300 0.179000 0.245300 0.152400 0.145600 0.130900 0.141800 0.149500 0.087200 0.152700 0.199700 0.153700 0.177200 0.115300 0.138800 0.208300 0.184700 0.145800 0.000000 0.116200 0.186800 0.113500 0.199500 0.244200 0.188300 0.182300 0.157900 0.162800 0.179900 0.123000 0.183700 0.119000 0.205400 0.192800 0.066900 0.235700 0.187600 0.179400 0.156100 0.175700 0.135600 0.096400 0.185400 0.193500 0.189300
Hartebeest 0.052600 0.335600 0.135600 0.298500 0.133300 0.052900 0.085300 0.071600 0.140600 0.155100 0.086600 0.100500 0.012800 0.077800 0.071400 0.104700 0.093600 0.162000 0.087300 0.139200 0.105700 0.059400 0.134100 0.147300 0.080000 0.116200 0.000000 0.133900 0.103700 0.161100 0.154500 0.096400 0.115000 0.038500 0.057400 0.112900 0.058600 0.118500 0.066900 0.146500 0.126800 0.109700 0.146700 0.113800 0.112500 0.091100 0.131700 0.084800 0.072500 0.119100 0.133600 0.158800
Bongo 0.166400 0.361800 0.038200 0.332500 0.168500 0.159400 0.192700 0.147800 0.018000 0.184400 0.196100 0.092200 0.134700 0.161000 0.147500 0.182800 0.158500 0.214200 0.197800 0.017900 0.184600 0.166300 0.170300 0.183800 0.189000 0.186800 0.133900 0.000000 0.159600 0.036000 0.191000 0.202300 0.166200 0.147800 0.167500 0.091300 0.163800 0.197900 0.137100 0.190600 0.162700 0.202000 0.167900 0.149500 0.104800 0.146200 0.196200 0.161900 0.135400 0.169000 0.024900 0.049400
Gerenuk 0.125500 0.378800 0.161600 0.358900 0.150800 0.118900 0.136600 0.096200 0.166300 0.209600 0.153300 0.140300 0.104300 0.128500 0.137100 0.101300 0.140000 0.179300 0.155600 0.164600 0.102300 0.125400 0.180600 0.179000 0.146600 0.113500 0.103700 0.159600 0.000000 0.165400 0.216000 0.147800 0.154700 0.117100 0.136100 0.146000 0.109900 0.156900 0.092300 0.192800 0.165500 0.106400 0.192700 0.160200 0.145600 0.143500 0.127900 0.108500 0.083900 0.165200 0.159300 0.141600
CommonElan 0.194600 0.393800 0.063900 0.356000 0.196000 0.187600 0.213400 0.175100 0.043300 0.227700 0.224800 0.118800 0.162100 0.188500 0.174800 0.195600 0.186600 0.242700 0.226800 0.042900 0.212600 0.194500 0.213300 0.211700 0.217600 0.199500 0.161100 0.036000 0.165400 0.000000 0.234300 0.230100 0.209900 0.175200 0.194900 0.117500 0.191600 0.225900 0.164900 0.233900 0.205400 0.214700 0.210200 0.192200 0.131200 0.173200 0.224000 0.174700 0.162900 0.196600 0.062600 0.061600
MuntiacusR 0.171900 0.336100 0.208800 0.314400 0.218900 0.165000 0.197800 0.153400 0.189700 0.037300 0.186100 0.178800 0.155400 0.203800 0.167600 0.218100 0.148200 0.201400 0.203200 0.195700 0.220300 0.157000 0.070100 0.096200 0.194400 0.244200 0.154500 0.191000 0.216000 0.234300 0.000000 0.222600 0.141000 0.183500 0.188300 0.207000 0.169300 0.233700 0.165800 0.109200 0.069900 0.237300 0.029700 0.064100 0.206300 0.181200 0.216300 0.196900 0.155500 0.145200 0.205800 0.230800
HarveysDui 0.132600 0.414000 0.204900 0.391800 0.143000 0.126000 0.102400 0.129700 0.209100 0.223600 0.146100 0.167800 0.083400 0.081600 0.143300 0.163100 0.175500 0.246200 0.146400 0.207000 0.164700 0.118300 0.201700 0.215000 0.139400 0.188300 0.096400 0.202300 0.147800 0.230100 0.222600 0.000000 0.183000 0.109600 0.128500 0.188100 0.130700 0.142400 0.126500 0.214000 0.186300 0.181700 0.214200 0.181100 0.187500 0.163800 0.176200 0.142900 0.131300 0.178900 0.186900 0.212000
Pronghorn 0.146500 0.295700 0.183800 0.291700 0.172000 0.139500 0.142800 0.150800 0.165100 0.149200 0.160700 0.138600 0.115600 0.164000 0.142700 0.171200 0.080500 0.141300 0.162100 0.171300 0.173000 0.131400 0.113800 0.120100 0.153700 0.182300 0.115000 0.166200 0.154700 0.209900 0.141000 0.183000 0.000000 0.143600 0.148600 0.166800 0.137000 0.163300 0.140400 0.140800 0.113600 0.190700 0.140800 0.093600 0.166300 0.156600 0.192100 0.142500 0.108800 0.142100 0.165800 0.191200
BlueWildeb 0.093700 0.352300 0.149700 0.324000 0.132700 0.094200 0.098700 0.098700 0.154600 0.177000 0.114600 0.128700 0.025600 0.091000 0.112300 0.132300 0.136300 0.206800 0.115500 0.152900 0.133600 0.086800 0.162800 0.176100 0.107800 0.157900 0.038500 0.147800 0.117100 0.175200 0.183500 0.109600 0.143600 0.000000 0.070400 0.141000 0.099400 0.146500 0.094700 0.175200 0.155300 0.123200 0.160600 0.142100 0.140600 0.118400 0.145400 0.112100 0.100000 0.147200 0.147500 0.172600
Gemsbok 0.113300 0.373600 0.169600 0.319700 0.174400 0.113900 0.104100 0.118000 0.174300 0.189100 0.134200 0.134000 0.044600 0.110100 0.131700 0.151600 0.156100 0.211000 0.135300 0.172500 0.153100 0.092400 0.167700 0.181000 0.127500 0.162800 0.057400 0.167500 0.136100 0.194900 0.188300 0.128500 0.148600 0.070400 0.000000 0.160500 0.118800 0.165800 0.114400 0.179900 0.160300 0.156000 0.180200 0.147300 0.160000 0.123400 0.164500 0.117300 0.119500 0.166700 0.167100 0.177400
Yak 0.136700 0.370100 0.092400 0.324600 0.184400 0.145100 0.178300 0.148500 0.111500 0.207900 0.181400 0.093100 0.113500 0.154600 0.148200 0.153900 0.144200 0.200100 0.183000 0.103600 0.155700 0.151900 0.170900 0.184400 0.174400 0.179900 0.112900 0.091300 0.146000 0.117500 0.207000 0.188100 0.166800 0.141000 0.160500 0.000000 0.149600 0.183600 0.130900 0.175600 0.163300 0.165700 0.198600 0.150100 0.025000 0.146800 0.182000 0.133300 0.107300 0.169700 0.091100 0.102400
BlueSheep 0.052400 0.345400 0.165900 0.316400 0.154800 0.045800 0.105400 0.078300 0.170700 0.162800 0.063200 0.129300 0.072600 0.111300 0.091700 0.110800 0.107800 0.177100 0.080300 0.168900 0.098200 0.052300 0.163400 0.161900 0.059000 0.123000 0.058600 0.163800 0.109900 0.191600 0.169300 0.130700 0.137000 0.099400 0.118800 0.149600 0.000000 0.139600 0.073800 0.175900 0.148300 0.129600 0.161300 0.142700 0.149200 0.126100 0.138700 0.104700 0.079300 0.133600 0.163400 0.188800
BohorReedb 0.141700 0.392400 0.200400 0.352200 0.043600 0.135000 0.152900 0.138800 0.204800 0.234700 0.170400 0.163100 0.133500 0.158900 0.138300 0.172900 0.156000 0.210900 0.171800 0.202600 0.160100 0.141600 0.197400 0.210800 0.163500 0.183700 0.118500 0.197900 0.156900 0.225900 0.233700 0.142400 0.163300 0.146500 0.165800 0.183600 0.139600 0.000000 0.135800 0.209700 0.181900 0.191800 0.225100 0.176600 0.183000 0.159200 0.186000 0.138000 0.126400 0.196200 0.182400 0.207300
KirksDik 0.074900 0.364600 0.138800 0.333900 0.136400 0.068100 0.115600 0.059600 0.143900 0.166500 0.103100 0.110300 0.067300 0.100200 0.101000 0.093100 0.103200 0.173700 0.104000 0.142400 0.080200 0.074900 0.145000 0.158500 0.096200 0.119000 0.066900 0.137100 0.092300 0.164900 0.165800 0.126500 0.140400 0.094700 0.114400 0.130900 0.073800 0.135800 0.000000 0.157600 0.129800 0.112400 0.157700 0.124000 0.130500 0.107600 0.106300 0.086800 0.074300 0.143900 0.136700 0.162400
RoeDeer 0.148300 0.335000 0.192900 0.333900 0.195300 0.156700 0.189300 0.174600 0.189400 0.109700 0.208300 0.170700 0.147300 0.180400 0.174200 0.194600 0.147900 0.202500 0.194600 0.195400 0.181600 0.163600 0.063400 0.089100 0.201200 0.205400 0.146500 0.190600 0.192800 0.233900 0.109200 0.214000 0.140800 0.175200 0.179900 0.175600 0.175900 0.209700 0.157600 0.000000 0.050200 0.205800 0.102100 0.057300 0.175000 0.180800 0.208200 0.173800 0.118900 0.173400 0.190200 0.230500
WhiteLippe 0.150600 0.305300 0.179800 0.286100 0.167700 0.143800 0.161600 0.147200 0.161600 0.070200 0.179800 0.142900 0.127500 0.167700 0.146900 0.167200 0.119900 0.189700 0.181300 0.167700 0.168700 0.135900 0.024700 0.063200 0.172800 0.192800 0.126800 0.162700 0.165500 0.205400 0.069900 0.186300 0.113600 0.155300 0.160300 0.163300 0.148300 0.181900 0.129800 0.050200 0.000000 0.186200 0.063100 0.031600 0.147900 0.153500 0.195300 0.146700 0.106200 0.146100 0.162300 0.202300
ThomsonGaz 0.138400 0.367500 0.204500 0.365700 0.192600 0.139200 0.171100 0.115800 0.194000 0.238300 0.159400 0.167700 0.110300 0.148400 0.157300 0.080500 0.160600 0.230600 0.161700 0.192000 0.121800 0.145700 0.201500 0.178000 0.152700 0.066900 0.109700 0.202000 0.106400 0.214700 0.237300 0.181700 0.190700 0.123200 0.156000 0.165700 0.129600 0.191800 0.112400 0.205800 0.186200 0.000000 0.228800 0.180900 0.165200 0.149500 0.155200 0.128400 0.103600 0.178600 0.201500 0.197100
MuntiacusC 0.163800 0.335700 0.184900 0.315200 0.195300 0.157000 0.189600 0.145600 0.166800 0.012200 0.177800 0.170600 0.147500 0.195600 0.159700 0.209700 0.147900 0.201100 0.194700 0.172800 0.211800 0.149000 0.063300 0.089100 0.186100 0.235700 0.146700 0.167900 0.192700 0.210200 0.029700 0.214200 0.140800 0.160600 0.180200 0.198600 0.161300 0.225100 0.157700 0.102100 0.063100 0.228800 0.000000 0.057300 0.198000 0.173200 0.193000 0.188700 0.147600 0.137600 0.182300 0.207200
WhiteTaile 0.145000 0.300400 0.166400 0.281100 0.162300 0.138100 0.156100 0.141600 0.148500 0.064300 0.174300 0.122400 0.114400 0.162300 0.141300 0.161700 0.100000 0.169300 0.175800 0.154600 0.163300 0.130200 0.031000 0.031400 0.167300 0.187600 0.113800 0.149500 0.160200 0.192200 0.064100 0.181100 0.093600 0.142100 0.147300 0.150100 0.142700 0.176600 0.124000 0.057300 0.031600 0.180900 0.057300 0.000000 0.149600 0.140500 0.190100 0.126800 0.100400 0.126200 0.149200 0.189300
Cattle 0.136200 0.368800 0.106000 0.305500 0.183800 0.144600 0.177700 0.148100 0.125200 0.207200 0.180800 0.092800 0.113100 0.154100 0.147700 0.153400 0.143800 0.199500 0.182400 0.117100 0.155200 0.151400 0.170400 0.183800 0.173800 0.179400 0.112500 0.104800 0.145600 0.131200 0.206300 0.187500 0.166300 0.140600 0.160000 0.025000 0.149200 0.183000 0.130500 0.175000 0.147900 0.165200 0.198000 0.149600 0.000000 0.146300 0.181400 0.132900 0.106900 0.169200 0.104500 0.115700
RoyalAntel 0.128100 0.368100 0.162700 0.337300 0.159900 0.121300 0.153900 0.111200 0.152800 0.181800 0.134900 0.112900 0.091600 0.131100 0.111000 0.130700 0.134700 0.189100 0.143000 0.151200 0.146300 0.128000 0.160900 0.166900 0.128100 0.156100 0.091100 0.146200 0.143500 0.173200 0.181200 0.163800 0.156600 0.118400 0.123400 0.146800 0.126100 0.159200 0.107600 0.180800 0.153500 0.149500 0.173200 0.140500 0.146300 0.000000 0.172400 0.124700 0.098800 0.145300 0.160300 0.170700
Steenbok 0.140800 0.438100 0.183500 0.342700 0.179900 0.134100 0.166200 0.123700 0.203000 0.209900 0.154500 0.176700 0.132500 0.172200 0.165900 0.115500 0.184600 0.224600 0.170600 0.200900 0.144700 0.140700 0.211000 0.216900 0.162400 0.175700 0.131700 0.196200 0.127900 0.224000 0.216300 0.176200 0.192100 0.145400 0.164500 0.182000 0.138700 0.186000 0.106300 0.208200 0.195300 0.155200 0.193000 0.190100 0.181400 0.172400 0.000000 0.137000 0.139600 0.186600 0.181000 0.205600
Impala 0.092500 0.342300 0.163900 0.330600 0.146200 0.085900 0.117700 0.104600 0.154100 0.197700 0.120000 0.127800 0.085300 0.123700 0.118300 0.109700 0.135300 0.189800 0.121700 0.152500 0.124600 0.092400 0.161600 0.146000 0.113300 0.135600 0.084800 0.161900 0.108500 0.174700 0.196900 0.142900 0.142500 0.112100 0.117300 0.133300 0.104700 0.138000 0.086800 0.173800 0.146700 0.128400 0.188700 0.126800 0.132900 0.124700 0.137000 0.000000 0.092200 0.160400 0.161500 0.157500
Klipspring 0.080600 0.312100 0.122400 0.309900 0.126900 0.073900 0.120700 0.078700 0.142200 0.156100 0.122800 0.101300 0.072900 0.098600 0.092300 0.098300 0.094400 0.148800 0.123900 0.140700 0.071800 0.094600 0.120700 0.119600 0.116000 0.096400 0.072500 0.135400 0.083900 0.162900 0.155500 0.131300 0.108800 0.100000 0.119500 0.107300 0.079300 0.126400 0.074300 0.118900 0.106200 0.103600 0.147600 0.100400 0.106900 0.098800 0.139600 0.092200 0.000000 0.119800 0.135100 0.146100
ForestMusk 0.150100 0.365000 0.178900 0.328400 0.181800 0.143300 0.161200 0.125300 0.167900 0.145800 0.171800 0.135100 0.119800 0.167200 0.132000 0.166700 0.134800 0.197100 0.165700 0.174000 0.168400 0.150000 0.146400 0.159500 0.172200 0.185400 0.119100 0.169000 0.165200 0.196600 0.145200 0.178900 0.142100 0.147200 0.166700 0.169700 0.133600 0.196200 0.143900 0.173400 0.146100 0.178600 0.137600 0.126200 0.169200 0.145300 0.186600 0.160400 0.119800 0.000000 0.183600 0.193800
Bushbuck 0.166000 0.369300 0.038100 0.331600 0.153500 0.159000 0.177100 0.162200 0.043700 0.199300 0.195600 0.092000 0.134400 0.146100 0.161800 0.167700 0.158100 0.229700 0.197400 0.043300 0.169400 0.165900 0.169900 0.183300 0.188600 0.193500 0.133600 0.024900 0.159300 0.062600 0.205800 0.186900 0.165800 0.147500 0.167100 0.091100 0.163400 0.182400 0.136700 0.190200 0.162300 0.201500 0.182300 0.149200 0.104500 0.160300 0.181000 0.161500 0.135100 0.183600 0.000000 0.062100
GreaterKud 0.191700 0.395800 0.062900 0.357900 0.186200 0.184800 0.202300 0.172600 0.055600 0.224400 0.221400 0.117800 0.159700 0.185700 0.172200 0.192700 0.183700 0.224000 0.223300 0.055100 0.194700 0.191600 0.210100 0.208500 0.214400 0.189300 0.158800 0.049400 0.141600 0.061600 0.230800 0.212000 0.191200 0.172600 0.177400 0.102400 0.188800 0.207300 0.162400 0.230500 0.202300 0.197100 0.207200 0.189300 0.115700 0.170700 0.205600 0.157500 0.146100 0.193800 0.062100 0.000000
