CODONML (in paml version 4.10.7, June 2023)  /home/rachel/ruminants_paml/6406-phy-tree/ENSBTAT00000011267.fasta.phy
Model: free dN/dS Ratios for branches,  kappa = 2.000 fixed

Codon frequency model: F3x4
ns =  54  ls =  31

Codon usage in sequences
--------------------------------------------------------------------------------------------------------------------------------------
Phe TTT   2   1   2   2   1   1 | Ser TCT   0   0   0   0   0   0 | Tyr TAT   0   0   0   0   0   0 | Cys TGT   0   0   0   0   0   0
    TTC   0   1   0   0   1   0 |     TCC   0   0   0   0   0   0 |     TAC   0   0   0   0   0   0 |     TGC   0   0   0   0   0   0
Leu TTA   0   0   0   0   0   0 |     TCA   0   0   0   0   0   0 | *** TAA   0   0   0   0   0   0 | *** TGA   0   0   0   0   0   0
    TTG   0   0   0   0   0   1 |     TCG   0   0   0   0   0   0 |     TAG   0   0   0   0   0   0 | Trp TGG   0   0   0   0   0   0
--------------------------------------------------------------------------------------------------------------------------------------
Leu CTT   0   0   0   0   0   0 | Pro CCT   0   0   0   0   0   0 | His CAT   0   0   0   1   0   0 | Arg CGT   0   0   0   0   0   0
    CTC   2   2   2   2   2   2 |     CCC   0   1   0   0   0   0 |     CAC   1   0   1   0   1   1 |     CGC   0   1   0   0   0   0
    CTA   0   1   0   0   1   0 |     CCA   1   1   1   1   1   2 | Gln CAA   0   1   0   0   0   0 |     CGA   0   0   0   0   0   0
    CTG   1   0   1   1   1   1 |     CCG   1   0   1   1   0   0 |     CAG   2   1   2   2   2   2 |     CGG   1   1   1   1   1   1
--------------------------------------------------------------------------------------------------------------------------------------
Ile ATT   0   0   0   0   0   0 | Thr ACT   0   0   0   1   1   0 | Asn AAT   0   0   0   0   0   0 | Ser AGT   1   1   1   1   1   1
    ATC   3   3   3   3   3   2 |     ACC   0   0   0   0   0   0 |     AAC   0   0   0   0   0   1 |     AGC   1   1   1   1   1   2
    ATA   0   0   0   0   0   0 |     ACA   1   2   1   1   0   0 | Lys AAA   0   0   0   0   0   0 | Arg AGA   0   0   0   0   0   0
Met ATG   1   1   1   1   1   1 |     ACG   1   1   0   0   1   1 |     AAG   2   2   2   2   2   2 |     AGG   1   1   1   1   1   1
--------------------------------------------------------------------------------------------------------------------------------------
Val GTT   0   0   0   0   0   0 | Ala GCT   1   2   1   0   1   0 | Asp GAT   0   0   0   0   0   0 | Gly GGT   0   0   0   0   0   0
    GTC   0   0   0   0   0   0 |     GCC   1   0   1   2   1   2 |     GAC   2   2   2   2   2   1 |     GGC   0   0   0   0   0   0
    GTA   0   0   0   0   0   0 |     GCA   1   0   2   1   1   2 | Glu GAA   1   2   1   2   2   2 |     GGA   0   0   0   0   0   0
    GTG   1   1   1   1   1   1 |     GCG   0   0   0   0   0   0 |     GAG   1   0   1   0   0   0 |     GGG   1   1   1   1   1   1
--------------------------------------------------------------------------------------------------------------------------------------

--------------------------------------------------------------------------------------------------------------------------------------
Phe TTT   2   2   2   2   2   2 | Ser TCT   0   0   0   0   0   0 | Tyr TAT   0   0   0   0   0   0 | Cys TGT   0   0   0   0   0   0
    TTC   0   0   0   0   0   0 |     TCC   0   0   0   0   0   0 |     TAC   0   0   0   0   0   0 |     TGC   0   0   0   0   0   0
Leu TTA   0   0   0   0   0   0 |     TCA   0   0   0   0   0   0 | *** TAA   0   0   0   0   0   0 | *** TGA   0   0   0   0   0   0
    TTG   0   0   0   0   0   0 |     TCG   0   0   0   0   0   0 |     TAG   0   0   0   0   0   0 | Trp TGG   0   0   0   0   0   0
--------------------------------------------------------------------------------------------------------------------------------------
Leu CTT   0   0   0   0   1   0 | Pro CCT   0   0   0   0   0   0 | His CAT   0   0   0   0   0   1 | Arg CGT   0   0   0   0   0   0
    CTC   2   2   2   2   2   2 |     CCC   0   0   0   0   0   0 |     CAC   1   1   1   1   1   0 |     CGC   0   0   1   0   0   0
    CTA   0   0   0   0   0   0 |     CCA   1   1   1   2   2   1 | Gln CAA   0   0   0   0   0   0 |     CGA   0   0   0   0   0   0
    CTG   1   1   1   1   0   1 |     CCG   1   1   1   0   0   1 |     CAG   2   2   2   2   2   2 |     CGG   1   1   0   1   1   1
--------------------------------------------------------------------------------------------------------------------------------------
Ile ATT   0   0   0   0   0   0 | Thr ACT   0   0   0   0   0   0 | Asn AAT   0   0   0   0   0   0 | Ser AGT   1   1   1   1   1   1
    ATC   3   3   2   3   3   3 |     ACC   0   0   0   0   0   0 |     AAC   0   0   0   0   0   0 |     AGC   1   1   1   1   1   1
    ATA   0   0   1   0   0   0 |     ACA   1   1   1   1   1   1 | Lys AAA   0   0   0   0   0   0 | Arg AGA   0   0   0   0   0   0
Met ATG   1   1   1   1   1   1 |     ACG   1   1   1   1   0   1 |     AAG   2   2   2   2   2   2 |     AGG   1   1   1   1   1   1
--------------------------------------------------------------------------------------------------------------------------------------
Val GTT   0   0   0   0   0   0 | Ala GCT   1   1   1   1   0   0 | Asp GAT   0   0   0   0   0   0 | Gly GGT   0   0   0   0   0   0
    GTC   0   0   0   0   0   0 |     GCC   1   1   1   1   2   2 |     GAC   2   2   2   2   2   2 |     GGC   0   0   0   0   0   0
    GTA   0   0   0   0   0   0 |     GCA   1   1   1   1   1   1 | Glu GAA   1   1   1   1   1   2 |     GGA   0   0   0   0   0   0
    GTG   1   1   1   1   1   1 |     GCG   0   0   0   0   1   0 |     GAG   1   1   1   1   1   0 |     GGG   1   1   1   1   1   1
--------------------------------------------------------------------------------------------------------------------------------------

--------------------------------------------------------------------------------------------------------------------------------------
Phe TTT   2   2   2   2   2   2 | Ser TCT   0   0   0   0   0   0 | Tyr TAT   0   0   0   0   0   0 | Cys TGT   0   0   0   0   0   0
    TTC   0   0   0   0   0   0 |     TCC   0   0   0   0   0   0 |     TAC   0   0   0   0   0   0 |     TGC   0   0   0   0   0   0
Leu TTA   0   0   0   0   0   0 |     TCA   0   0   0   0   0   0 | *** TAA   0   0   0   0   0   0 | *** TGA   0   0   0   0   0   0
    TTG   0   0   0   0   0   0 |     TCG   0   0   0   0   0   0 |     TAG   0   0   0   0   0   0 | Trp TGG   0   0   0   0   0   0
--------------------------------------------------------------------------------------------------------------------------------------
Leu CTT   0   0   0   0   0   0 | Pro CCT   0   0   0   0   0   0 | His CAT   0   0   0   0   0   0 | Arg CGT   0   0   0   0   0   0
    CTC   2   2   2   2   2   2 |     CCC   0   0   0   0   0   0 |     CAC   1   1   1   1   1   1 |     CGC   0   0   0   0   0   0
    CTA   0   0   0   0   0   0 |     CCA   1   2   1   1   1   2 | Gln CAA   0   0   0   0   0   0 |     CGA   0   0   0   0   0   0
    CTG   1   1   1   1   1   1 |     CCG   1   0   1   1   1   0 |     CAG   2   2   2   2   2   2 |     CGG   1   1   1   1   1   1
--------------------------------------------------------------------------------------------------------------------------------------
Ile ATT   0   0   0   0   0   0 | Thr ACT   0   0   0   0   0   0 | Asn AAT   0   0   0   0   0   0 | Ser AGT   1   1   1   1   1   1
    ATC   3   3   3   3   2   3 |     ACC   0   0   0   0   0   0 |     AAC   0   0   0   0   0   0 |     AGC   1   1   1   1   1   1
    ATA   0   0   0   0   0   0 |     ACA   1   1   1   1   1   1 | Lys AAA   0   0   0   0   0   0 | Arg AGA   0   0   0   0   0   0
Met ATG   1   1   1   1   2   1 |     ACG   1   0   1   1   1   1 |     AAG   2   2   2   2   2   2 |     AGG   1   1   1   1   1   1
--------------------------------------------------------------------------------------------------------------------------------------
Val GTT   0   0   0   0   0   0 | Ala GCT   1   0   1   1   1   1 | Asp GAT   0   0   0   0   0   0 | Gly GGT   0   0   0   0   0   0
    GTC   0   0   0   0   0   0 |     GCC   1   2   1   1   1   1 |     GAC   2   2   2   2   2   2 |     GGC   0   0   0   0   0   0
    GTA   0   0   0   0   0   0 |     GCA   1   1   1   1   1   1 | Glu GAA   1   1   1   1   1   1 |     GGA   0   0   0   0   0   0
    GTG   1   1   1   1   1   1 |     GCG   0   1   0   0   0   0 |     GAG   1   1   1   1   1   1 |     GGG   1   1   1   1   1   1
--------------------------------------------------------------------------------------------------------------------------------------

--------------------------------------------------------------------------------------------------------------------------------------
Phe TTT   2   2   2   2   2   2 | Ser TCT   0   0   0   0   0   0 | Tyr TAT   0   0   0   0   0   0 | Cys TGT   0   0   0   0   0   0
    TTC   0   0   0   0   0   0 |     TCC   0   0   0   0   0   0 |     TAC   0   0   0   0   0   0 |     TGC   0   0   0   0   0   0
Leu TTA   0   0   0   0   0   0 |     TCA   0   0   0   0   0   0 | *** TAA   0   0   0   0   0   0 | *** TGA   0   0   0   0   0   0
    TTG   0   0   0   0   0   0 |     TCG   0   0   0   0   0   0 |     TAG   0   0   0   0   0   0 | Trp TGG   0   0   0   0   0   0
--------------------------------------------------------------------------------------------------------------------------------------
Leu CTT   0   0   0   0   0   0 | Pro CCT   0   0   0   0   0   0 | His CAT   0   0   0   0   0   0 | Arg CGT   0   0   0   0   0   0
    CTC   2   2   2   2   2   2 |     CCC   0   0   0   0   0   0 |     CAC   1   1   1   1   1   1 |     CGC   0   0   0   0   0   0
    CTA   0   0   0   0   0   0 |     CCA   1   1   1   1   2   1 | Gln CAA   0   0   0   0   0   0 |     CGA   0   0   0   0   0   0
    CTG   1   1   1   1   1   1 |     CCG   1   1   1   1   0   1 |     CAG   2   2   2   2   2   2 |     CGG   1   1   1   1   1   1
--------------------------------------------------------------------------------------------------------------------------------------
Ile ATT   0   0   0   0   0   0 | Thr ACT   0   0   0   0   0   0 | Asn AAT   0   0   0   0   0   0 | Ser AGT   1   1   1   1   2   1
    ATC   3   3   3   3   3   3 |     ACC   0   0   0   0   0   0 |     AAC   0   0   0   0   0   0 |     AGC   1   1   1   1   0   1
    ATA   0   0   0   0   0   0 |     ACA   1   1   1   1   1   1 | Lys AAA   0   0   0   0   0   0 | Arg AGA   0   0   0   0   0   0
Met ATG   1   1   1   1   1   1 |     ACG   1   1   1   0   1   1 |     AAG   2   2   2   2   2   2 |     AGG   1   1   1   1   1   1
--------------------------------------------------------------------------------------------------------------------------------------
Val GTT   0   0   0   0   0   0 | Ala GCT   1   2   1   0   1   1 | Asp GAT   0   0   0   0   0   0 | Gly GGT   0   0   0   0   0   0
    GTC   0   0   0   0   0   0 |     GCC   1   0   1   2   1   1 |     GAC   2   2   2   2   2   2 |     GGC   0   0   0   0   0   0
    GTA   0   0   0   0   0   0 |     GCA   1   1   1   1   1   1 | Glu GAA   2   2   1   1   1   1 |     GGA   0   0   0   0   0   0
    GTG   1   1   1   1   1   1 |     GCG   0   0   0   1   0   0 |     GAG   0   0   1   1   1   1 |     GGG   1   1   1   1   1   1
--------------------------------------------------------------------------------------------------------------------------------------

--------------------------------------------------------------------------------------------------------------------------------------
Phe TTT   2   2   2   2   2   2 | Ser TCT   0   0   0   0   0   0 | Tyr TAT   0   0   0   0   0   0 | Cys TGT   0   0   0   0   0   0
    TTC   0   0   0   0   0   0 |     TCC   0   0   0   0   0   0 |     TAC   0   0   0   0   0   0 |     TGC   0   0   0   0   0   0
Leu TTA   0   0   0   0   0   0 |     TCA   0   0   0   0   0   0 | *** TAA   0   0   0   0   0   0 | *** TGA   0   0   0   0   0   0
    TTG   0   0   0   0   0   0 |     TCG   0   0   0   0   0   0 |     TAG   0   0   0   0   0   0 | Trp TGG   0   0   0   0   0   0
--------------------------------------------------------------------------------------------------------------------------------------
Leu CTT   0   0   0   0   0   0 | Pro CCT   0   0   0   0   0   0 | His CAT   1   1   0   0   0   0 | Arg CGT   0   0   0   0   0   0
    CTC   2   2   2   2   2   2 |     CCC   0   0   0   0   0   0 |     CAC   0   0   1   1   1   1 |     CGC   0   0   0   0   0   0
    CTA   0   0   0   0   0   0 |     CCA   1   1   1   2   1   2 | Gln CAA   0   0   0   0   0   0 |     CGA   0   0   0   0   0   0
    CTG   1   1   1   1   1   1 |     CCG   1   1   1   0   1   0 |     CAG   2   2   2   2   2   2 |     CGG   1   1   1   1   1   1
--------------------------------------------------------------------------------------------------------------------------------------
Ile ATT   0   0   0   0   0   0 | Thr ACT   0   0   0   0   0   0 | Asn AAT   0   0   0   0   0   0 | Ser AGT   1   1   1   1   1   1
    ATC   3   3   3   3   2   3 |     ACC   0   0   0   0   0   0 |     AAC   0   0   0   0   0   0 |     AGC   1   1   1   1   1   1
    ATA   0   0   0   0   1   0 |     ACA   1   1   1   1   1   1 | Lys AAA   0   0   0   0   0   0 | Arg AGA   0   0   0   0   0   0
Met ATG   1   2   1   1   1   1 |     ACG   0   0   1   1   1   0 |     AAG   2   2   2   2   2   2 |     AGG   1   1   1   1   1   1
--------------------------------------------------------------------------------------------------------------------------------------
Val GTT   0   0   0   0   0   0 | Ala GCT   0   1   1   1   1   0 | Asp GAT   0   0   0   0   0   0 | Gly GGT   0   0   0   0   0   0
    GTC   0   0   0   0   0   0 |     GCC   1   1   1   1   1   2 |     GAC   2   2   2   2   2   2 |     GGC   0   0   0   0   0   0
    GTA   0   0   0   0   0   0 |     GCA   2   1   1   1   1   1 | Glu GAA   2   2   1   1   1   1 |     GGA   0   0   0   0   0   0
    GTG   1   1   1   1   1   1 |     GCG   1   0   0   0   0   1 |     GAG   0   0   1   1   1   1 |     GGG   1   1   1   1   1   1
--------------------------------------------------------------------------------------------------------------------------------------

--------------------------------------------------------------------------------------------------------------------------------------
Phe TTT   2   2   2   2   2   2 | Ser TCT   0   0   0   0   0   0 | Tyr TAT   0   0   0   0   0   0 | Cys TGT   0   0   0   0   0   0
    TTC   0   0   0   0   0   0 |     TCC   0   0   0   0   0   0 |     TAC   0   0   0   0   0   0 |     TGC   0   0   0   0   0   0
Leu TTA   0   0   0   0   0   0 |     TCA   0   0   0   0   0   0 | *** TAA   0   0   0   0   0   0 | *** TGA   0   0   0   0   0   0
    TTG   0   0   0   0   0   0 |     TCG   0   0   0   0   0   0 |     TAG   0   0   0   0   0   0 | Trp TGG   0   0   0   0   0   0
--------------------------------------------------------------------------------------------------------------------------------------
Leu CTT   0   0   0   0   1   0 | Pro CCT   0   0   0   0   0   0 | His CAT   0   0   1   0   0   0 | Arg CGT   0   0   0   0   0   0
    CTC   2   2   2   2   1   2 |     CCC   0   0   0   0   0   0 |     CAC   1   1   0   1   1   1 |     CGC   0   0   0   0   0   0
    CTA   0   0   0   0   0   0 |     CCA   2   1   1   1   2   2 | Gln CAA   0   0   0   0   0   0 |     CGA   0   0   0   0   0   0
    CTG   1   1   1   1   1   1 |     CCG   0   1   1   1   0   0 |     CAG   2   2   2   2   2   2 |     CGG   1   1   1   1   1   0
--------------------------------------------------------------------------------------------------------------------------------------
Ile ATT   0   0   0   0   0   0 | Thr ACT   0   0   0   0   0   0 | Asn AAT   0   0   0   0   0   0 | Ser AGT   1   1   1   1   1   1
    ATC   3   3   3   3   3   3 |     ACC   0   0   0   0   0   0 |     AAC   0   0   0   0   0   0 |     AGC   1   1   1   1   1   1
    ATA   0   0   0   0   0   0 |     ACA   1   1   1   1   1   1 | Lys AAA   0   0   0   0   1   0 | Arg AGA   0   0   0   0   0   0
Met ATG   1   1   1   1   1   1 |     ACG   1   0   1   1   0   1 |     AAG   2   2   2   2   1   2 |     AGG   1   1   1   1   1   2
--------------------------------------------------------------------------------------------------------------------------------------
Val GTT   0   0   0   0   0   0 | Ala GCT   1   0   0   1   0   1 | Asp GAT   0   0   0   0   0   0 | Gly GGT   0   0   0   0   0   0
    GTC   0   0   0   0   0   0 |     GCC   1   2   2   1   2   1 |     GAC   2   2   2   2   2   2 |     GGC   0   0   0   0   0   0
    GTA   0   0   0   0   0   0 |     GCA   1   1   1   1   1   1 | Glu GAA   1   1   2   1   2   1 |     GGA   0   0   0   0   0   0
    GTG   1   1   1   1   1   1 |     GCG   0   1   0   0   1   0 |     GAG   1   1   0   1   0   1 |     GGG   1   1   1   1   1   1
--------------------------------------------------------------------------------------------------------------------------------------

--------------------------------------------------------------------------------------------------------------------------------------
Phe TTT   2   2   2   2   2   2 | Ser TCT   0   0   0   0   0   0 | Tyr TAT   0   0   0   0   0   0 | Cys TGT   0   0   0   0   0   0
    TTC   0   0   0   0   0   0 |     TCC   0   0   0   0   0   0 |     TAC   0   0   0   0   0   0 |     TGC   0   0   0   0   0   0
Leu TTA   0   0   0   0   0   0 |     TCA   0   0   0   0   0   0 | *** TAA   0   0   0   0   0   0 | *** TGA   0   0   0   0   0   0
    TTG   0   0   0   0   0   0 |     TCG   0   0   0   0   0   0 |     TAG   0   0   0   0   0   0 | Trp TGG   0   0   0   0   0   0
--------------------------------------------------------------------------------------------------------------------------------------
Leu CTT   0   0   0   0   0   0 | Pro CCT   0   0   0   0   0   0 | His CAT   0   0   0   0   0   1 | Arg CGT   0   0   0   0   0   0
    CTC   2   2   2   2   2   2 |     CCC   0   0   0   0   0   0 |     CAC   1   1   1   1   1   0 |     CGC   0   0   0   0   0   0
    CTA   0   0   0   0   0   0 |     CCA   1   1   1   0   2   1 | Gln CAA   0   0   0   0   0   0 |     CGA   0   0   0   0   0   0
    CTG   1   1   1   1   1   1 |     CCG   1   1   1   2   0   1 |     CAG   2   2   2   2   2   2 |     CGG   1   1   1   1   1   1
--------------------------------------------------------------------------------------------------------------------------------------
Ile ATT   0   0   0   0   0   0 | Thr ACT   0   0   0   0   1   0 | Asn AAT   0   0   0   0   0   0 | Ser AGT   1   1   1   1   1   1
    ATC   3   3   3   3   3   3 |     ACC   0   0   0   0   0   0 |     AAC   0   0   0   0   0   0 |     AGC   1   1   1   1   1   1
    ATA   0   0   0   0   0   0 |     ACA   1   1   1   1   0   1 | Lys AAA   0   0   0   0   0   0 | Arg AGA   0   0   0   0   0   0
Met ATG   1   1   1   1   1   1 |     ACG   0   0   1   1   1   1 |     AAG   2   2   2   2   2   2 |     AGG   1   1   1   1   1   1
--------------------------------------------------------------------------------------------------------------------------------------
Val GTT   0   0   0   0   0   0 | Ala GCT   0   0   1   1   1   1 | Asp GAT   0   0   0   0   0   0 | Gly GGT   0   0   0   0   0   0
    GTC   0   0   0   0   0   0 |     GCC   2   2   1   1   1   1 |     GAC   2   2   2   2   2   2 |     GGC   0   0   0   0   0   0
    GTA   0   0   0   0   0   0 |     GCA   1   2   1   1   1   1 | Glu GAA   1   1   1   1   1   2 |     GGA   0   0   0   0   0   0
    GTG   1   1   1   1   1   1 |     GCG   1   0   0   0   0   0 |     GAG   1   1   1   1   1   0 |     GGG   1   1   1   1   1   1
--------------------------------------------------------------------------------------------------------------------------------------

--------------------------------------------------------------------------------------------------------------------------------------
Phe TTT   2   2   2   2   2   2 | Ser TCT   0   0   0   0   0   0 | Tyr TAT   0   0   0   0   0   0 | Cys TGT   0   0   0   0   0   0
    TTC   0   0   0   0   0   0 |     TCC   0   0   0   0   0   0 |     TAC   0   0   0   0   0   0 |     TGC   0   0   0   0   0   0
Leu TTA   0   0   0   0   0   0 |     TCA   0   0   0   0   0   0 | *** TAA   0   0   0   0   0   0 | *** TGA   0   0   0   0   0   0
    TTG   0   0   0   0   0   0 |     TCG   0   0   0   0   0   0 |     TAG   0   0   0   0   0   0 | Trp TGG   0   0   0   0   0   0
--------------------------------------------------------------------------------------------------------------------------------------
Leu CTT   0   0   0   0   0   0 | Pro CCT   0   0   0   0   0   0 | His CAT   1   0   0   1   0   0 | Arg CGT   0   0   0   0   0   0
    CTC   2   2   2   2   2   2 |     CCC   0   0   0   0   0   0 |     CAC   0   1   1   0   1   1 |     CGC   0   0   0   0   0   0
    CTA   0   0   0   0   0   0 |     CCA   1   2   1   1   1   2 | Gln CAA   0   0   0   0   0   0 |     CGA   0   0   0   0   0   0
    CTG   1   1   1   1   1   1 |     CCG   1   0   1   1   1   0 |     CAG   2   2   2   2   2   2 |     CGG   1   1   1   1   1   1
--------------------------------------------------------------------------------------------------------------------------------------
Ile ATT   0   0   0   0   0   0 | Thr ACT   0   0   0   0   0   0 | Asn AAT   0   0   0   0   0   0 | Ser AGT   1   1   1   1   1   1
    ATC   3   3   3   3   3   3 |     ACC   0   0   0   0   0   0 |     AAC   0   0   0   0   0   0 |     AGC   1   1   1   1   1   1
    ATA   0   0   0   0   0   0 |     ACA   1   1   1   1   1   1 | Lys AAA   0   0   0   0   0   0 | Arg AGA   0   0   0   0   0   0
Met ATG   1   1   1   1   1   1 |     ACG   0   1   1   1   0   1 |     AAG   2   2   2   2   2   2 |     AGG   1   1   1   1   1   1
--------------------------------------------------------------------------------------------------------------------------------------
Val GTT   0   0   0   0   0   0 | Ala GCT   0   1   0   0   0   1 | Asp GAT   0   0   0   0   0   0 | Gly GGT   0   0   0   0   0   0
    GTC   0   0   0   0   0   0 |     GCC   1   1   2   2   2   1 |     GAC   2   2   2   2   2   2 |     GGC   0   0   0   0   0   0
    GTA   0   0   0   0   0   0 |     GCA   2   1   1   1   1   1 | Glu GAA   2   1   2   2   1   1 |     GGA   0   0   0   0   0   0
    GTG   1   1   1   1   1   1 |     GCG   1   0   0   0   1   0 |     GAG   0   1   0   0   1   1 |     GGG   1   1   1   1   1   1
--------------------------------------------------------------------------------------------------------------------------------------

--------------------------------------------------------------------------------------------------------------------------------------
Phe TTT   2   2   2   2   2   2 | Ser TCT   0   0   0   0   0   0 | Tyr TAT   0   0   0   0   0   0 | Cys TGT   0   0   0   0   0   0
    TTC   0   0   0   0   0   0 |     TCC   0   0   0   0   0   0 |     TAC   0   0   0   0   0   0 |     TGC   0   0   0   0   0   0
Leu TTA   0   0   0   0   0   0 |     TCA   0   0   0   0   0   0 | *** TAA   0   0   0   0   0   0 | *** TGA   0   0   0   0   0   0
    TTG   0   0   0   0   0   0 |     TCG   0   0   0   0   0   0 |     TAG   0   0   0   0   0   0 | Trp TGG   0   0   0   0   0   0
--------------------------------------------------------------------------------------------------------------------------------------
Leu CTT   0   0   0   0   0   0 | Pro CCT   0   0   0   0   0   0 | His CAT   0   0   0   1   0   0 | Arg CGT   0   0   0   0   0   0
    CTC   2   2   2   2   2   2 |     CCC   0   0   0   0   0   0 |     CAC   1   1   1   0   1   1 |     CGC   0   0   0   0   0   0
    CTA   0   0   0   0   0   0 |     CCA   2   1   1   1   1   2 | Gln CAA   0   0   0   0   0   0 |     CGA   0   0   0   0   0   0
    CTG   1   1   1   1   1   1 |     CCG   0   1   1   1   1   0 |     CAG   2   2   2   2   2   2 |     CGG   1   1   1   1   1   1
--------------------------------------------------------------------------------------------------------------------------------------
Ile ATT   0   0   0   0   0   0 | Thr ACT   0   0   0   1   0   0 | Asn AAT   0   0   0   0   0   0 | Ser AGT   0   1   1   1   1   1
    ATC   3   3   3   3   3   3 |     ACC   0   0   0   0   0   0 |     AAC   0   0   0   0   0   0 |     AGC   2   1   1   1   1   1
    ATA   0   0   0   0   0   0 |     ACA   0   1   1   1   1   1 | Lys AAA   0   0   0   0   0   0 | Arg AGA   0   0   0   0   0   0
Met ATG   1   1   1   1   1   1 |     ACG   2   1   1   0   0   0 |     AAG   2   2   2   2   2   2 |     AGG   1   1   1   1   1   1
--------------------------------------------------------------------------------------------------------------------------------------
Val GTT   0   0   0   0   0   0 | Ala GCT   1   1   1   0   0   0 | Asp GAT   0   0   0   0   0   0 | Gly GGT   0   0   0   0   0   0
    GTC   0   0   0   0   0   0 |     GCC   1   1   1   2   2   2 |     GAC   2   2   2   2   2   2 |     GGC   0   0   0   0   0   0
    GTA   0   0   0   0   0   0 |     GCA   1   1   1   1   1   1 | Glu GAA   1   1   1   2   1   1 |     GGA   0   0   0   0   0   0
    GTG   1   1   1   1   1   1 |     GCG   0   0   0   0   1   1 |     GAG   1   1   1   0   1   1 |     GGG   1   1   1   1   1   1
--------------------------------------------------------------------------------------------------------------------------------------

Codon position x base (3x4) table for each sequence.

#1: Argali         
position  1:    T:0.06452    C:0.29032    A:0.35484    G:0.29032
position  2:    T:0.32258    C:0.22581    A:0.29032    G:0.16129
position  3:    T:0.12903    C:0.32258    A:0.12903    G:0.41935
Average         T:0.17204    C:0.27957    A:0.25806    G:0.29032

#2: LesserMouseDeer
position  1:    T:0.06452    C:0.29032    A:0.38710    G:0.25806
position  2:    T:0.32258    C:0.22581    A:0.25806    G:0.19355
position  3:    T:0.12903    C:0.35484    A:0.22581    G:0.29032
Average         T:0.17204    C:0.29032    A:0.29032    G:0.24731

#3: LesserKudu     
position  1:    T:0.06452    C:0.29032    A:0.32258    G:0.32258
position  2:    T:0.32258    C:0.22581    A:0.29032    G:0.16129
position  3:    T:0.12903    C:0.32258    A:0.16129    G:0.38710
Average         T:0.17204    C:0.27957    A:0.25806    G:0.29032

#4: ForestMuskDeer2
position  1:    T:0.06452    C:0.29032    A:0.35484    G:0.29032
position  2:    T:0.32258    C:0.22581    A:0.29032    G:0.16129
position  3:    T:0.16129    C:0.32258    A:0.16129    G:0.35484
Average         T:0.18280    C:0.27957    A:0.26882    G:0.26882

#5: Camel          
position  1:    T:0.06452    C:0.29032    A:0.35484    G:0.29032
position  2:    T:0.35484    C:0.19355    A:0.29032    G:0.16129
position  3:    T:0.12903    C:0.35484    A:0.16129    G:0.35484
Average         T:0.18280    C:0.27957    A:0.26882    G:0.26882

#6: KillerWhale    
position  1:    T:0.06452    C:0.29032    A:0.35484    G:0.29032
position  2:    T:0.29032    C:0.22581    A:0.29032    G:0.19355
position  3:    T:0.06452    C:0.35484    A:0.19355    G:0.38710
Average         T:0.13978    C:0.29032    A:0.27957    G:0.29032

#7: DefassaWaterbuck
position  1:    T:0.06452    C:0.29032    A:0.35484    G:0.29032
position  2:    T:0.32258    C:0.22581    A:0.29032    G:0.16129
position  3:    T:0.12903    C:0.32258    A:0.12903    G:0.41935
Average         T:0.17204    C:0.27957    A:0.25806    G:0.29032

#8: Sheep          
position  1:    T:0.06452    C:0.29032    A:0.35484    G:0.29032
position  2:    T:0.32258    C:0.22581    A:0.29032    G:0.16129
position  3:    T:0.12903    C:0.32258    A:0.12903    G:0.41935
Average         T:0.17204    C:0.27957    A:0.25806    G:0.29032

#9: MaxwellsDuiker 
position  1:    T:0.06452    C:0.29032    A:0.35484    G:0.29032
position  2:    T:0.32258    C:0.22581    A:0.29032    G:0.16129
position  3:    T:0.12903    C:0.32258    A:0.16129    G:0.38710
Average         T:0.17204    C:0.27957    A:0.26882    G:0.27957

#10: GazellaPrzewalskyi
position  1:    T:0.06452    C:0.29032    A:0.35484    G:0.29032
position  2:    T:0.32258    C:0.22581    A:0.29032    G:0.16129
position  3:    T:0.12903    C:0.32258    A:0.16129    G:0.38710
Average         T:0.17204    C:0.27957    A:0.26882    G:0.27957

#11: MountainNyala  
position  1:    T:0.06452    C:0.29032    A:0.32258    G:0.32258
position  2:    T:0.32258    C:0.22581    A:0.29032    G:0.16129
position  3:    T:0.12903    C:0.35484    A:0.16129    G:0.35484
Average         T:0.17204    C:0.29032    A:0.25806    G:0.27957

#12: MuntiacusMuntjak
position  1:    T:0.06452    C:0.29032    A:0.35484    G:0.29032
position  2:    T:0.32258    C:0.22581    A:0.29032    G:0.16129
position  3:    T:0.12903    C:0.32258    A:0.16129    G:0.38710
Average         T:0.17204    C:0.27957    A:0.26882    G:0.27957

#13: goat           
position  1:    T:0.06452    C:0.29032    A:0.35484    G:0.29032
position  2:    T:0.32258    C:0.22581    A:0.29032    G:0.16129
position  3:    T:0.12903    C:0.32258    A:0.12903    G:0.41935
Average         T:0.17204    C:0.27957    A:0.25806    G:0.29032

#14: AfricanBuffalo 
position  1:    T:0.06452    C:0.29032    A:0.32258    G:0.32258
position  2:    T:0.32258    C:0.22581    A:0.29032    G:0.16129
position  3:    T:0.09677    C:0.35484    A:0.16129    G:0.38710
Average         T:0.16129    C:0.29032    A:0.25806    G:0.29032

#15: Topi           
position  1:    T:0.06452    C:0.29032    A:0.35484    G:0.29032
position  2:    T:0.32258    C:0.22581    A:0.29032    G:0.16129
position  3:    T:0.12903    C:0.32258    A:0.12903    G:0.41935
Average         T:0.17204    C:0.27957    A:0.25806    G:0.29032

#16: CommonDuiker   
position  1:    T:0.06452    C:0.29032    A:0.35484    G:0.29032
position  2:    T:0.32258    C:0.22581    A:0.29032    G:0.16129
position  3:    T:0.12903    C:0.32258    A:0.12903    G:0.41935
Average         T:0.17204    C:0.27957    A:0.25806    G:0.29032

#17: Suni           
position  1:    T:0.06452    C:0.29032    A:0.35484    G:0.29032
position  2:    T:0.32258    C:0.22581    A:0.29032    G:0.16129
position  3:    T:0.12903    C:0.29032    A:0.12903    G:0.45161
Average         T:0.17204    C:0.26882    A:0.25806    G:0.30108

#18: Springbuck     
position  1:    T:0.06452    C:0.29032    A:0.35484    G:0.29032
position  2:    T:0.32258    C:0.22581    A:0.29032    G:0.16129
position  3:    T:0.12903    C:0.32258    A:0.16129    G:0.38710
Average         T:0.17204    C:0.27957    A:0.26882    G:0.27957

#19: Okapi          
position  1:    T:0.06452    C:0.29032    A:0.35484    G:0.29032
position  2:    T:0.32258    C:0.22581    A:0.29032    G:0.16129
position  3:    T:0.12903    C:0.32258    A:0.16129    G:0.38710
Average         T:0.17204    C:0.27957    A:0.26882    G:0.27957

#20: Giraffe        
position  1:    T:0.06452    C:0.29032    A:0.35484    G:0.29032
position  2:    T:0.32258    C:0.22581    A:0.29032    G:0.16129
position  3:    T:0.16129    C:0.29032    A:0.16129    G:0.38710
Average         T:0.18280    C:0.26882    A:0.26882    G:0.27957

#21: TibetanAntelope
position  1:    T:0.06452    C:0.29032    A:0.35484    G:0.29032
position  2:    T:0.32258    C:0.22581    A:0.29032    G:0.16129
position  3:    T:0.12903    C:0.32258    A:0.12903    G:0.41935
Average         T:0.17204    C:0.27957    A:0.25806    G:0.29032

#22: Sitatunga      
position  1:    T:0.06452    C:0.29032    A:0.32258    G:0.32258
position  2:    T:0.32258    C:0.22581    A:0.29032    G:0.16129
position  3:    T:0.09677    C:0.35484    A:0.12903    G:0.41935
Average         T:0.16129    C:0.29032    A:0.24731    G:0.30108

#23: Oribi          
position  1:    T:0.06452    C:0.29032    A:0.35484    G:0.29032
position  2:    T:0.32258    C:0.22581    A:0.29032    G:0.16129
position  3:    T:0.16129    C:0.29032    A:0.16129    G:0.38710
Average         T:0.18280    C:0.26882    A:0.26882    G:0.27957

#24: BarbarySheep   
position  1:    T:0.06452    C:0.29032    A:0.35484    G:0.29032
position  2:    T:0.32258    C:0.22581    A:0.29032    G:0.16129
position  3:    T:0.12903    C:0.32258    A:0.12903    G:0.41935
Average         T:0.17204    C:0.27957    A:0.25806    G:0.29032

#25: Daviddeer      
position  1:    T:0.06452    C:0.29032    A:0.32258    G:0.32258
position  2:    T:0.32258    C:0.22581    A:0.29032    G:0.16129
position  3:    T:0.12903    C:0.29032    A:0.19355    G:0.38710
Average         T:0.17204    C:0.26882    A:0.26882    G:0.29032

#26: Reindeer       
position  1:    T:0.06452    C:0.29032    A:0.35484    G:0.29032
position  2:    T:0.35484    C:0.19355    A:0.29032    G:0.16129
position  3:    T:0.16129    C:0.29032    A:0.16129    G:0.38710
Average         T:0.19355    C:0.25806    A:0.26882    G:0.27957

#27: Ibex           
position  1:    T:0.06452    C:0.29032    A:0.35484    G:0.29032
position  2:    T:0.32258    C:0.22581    A:0.29032    G:0.16129
position  3:    T:0.12903    C:0.32258    A:0.12903    G:0.41935
Average         T:0.17204    C:0.27957    A:0.25806    G:0.29032

#28: GyrantGazelle  
position  1:    T:0.06452    C:0.29032    A:0.35484    G:0.29032
position  2:    T:0.32258    C:0.22581    A:0.29032    G:0.16129
position  3:    T:0.12903    C:0.32258    A:0.16129    G:0.38710
Average         T:0.17204    C:0.27957    A:0.26882    G:0.27957

#29: Hartebeest     
position  1:    T:0.06452    C:0.29032    A:0.35484    G:0.29032
position  2:    T:0.32258    C:0.22581    A:0.29032    G:0.16129
position  3:    T:0.12903    C:0.29032    A:0.16129    G:0.41935
Average         T:0.17204    C:0.26882    A:0.26882    G:0.29032

#30: Bongo          
position  1:    T:0.06452    C:0.29032    A:0.32258    G:0.32258
position  2:    T:0.32258    C:0.22581    A:0.29032    G:0.16129
position  3:    T:0.09677    C:0.35484    A:0.16129    G:0.38710
Average         T:0.16129    C:0.29032    A:0.25806    G:0.29032

#31: Gerenuk        
position  1:    T:0.06452    C:0.29032    A:0.35484    G:0.29032
position  2:    T:0.32258    C:0.22581    A:0.29032    G:0.16129
position  3:    T:0.12903    C:0.32258    A:0.16129    G:0.38710
Average         T:0.17204    C:0.27957    A:0.26882    G:0.27957

#32: CommonEland    
position  1:    T:0.06452    C:0.29032    A:0.32258    G:0.32258
position  2:    T:0.32258    C:0.22581    A:0.29032    G:0.16129
position  3:    T:0.09677    C:0.35484    A:0.12903    G:0.41935
Average         T:0.16129    C:0.29032    A:0.24731    G:0.30108

#33: MuntiacusReevesi
position  1:    T:0.06452    C:0.29032    A:0.35484    G:0.29032
position  2:    T:0.32258    C:0.22581    A:0.29032    G:0.16129
position  3:    T:0.12903    C:0.32258    A:0.16129    G:0.38710
Average         T:0.17204    C:0.27957    A:0.26882    G:0.27957

#34: HarveysDuiker  
position  1:    T:0.06452    C:0.29032    A:0.35484    G:0.29032
position  2:    T:0.32258    C:0.22581    A:0.29032    G:0.16129
position  3:    T:0.12903    C:0.32258    A:0.12903    G:0.41935
Average         T:0.17204    C:0.27957    A:0.25806    G:0.29032

#35: Pronghorn      
position  1:    T:0.06452    C:0.29032    A:0.32258    G:0.32258
position  2:    T:0.32258    C:0.22581    A:0.29032    G:0.16129
position  3:    T:0.12903    C:0.32258    A:0.22581    G:0.32258
Average         T:0.17204    C:0.27957    A:0.27957    G:0.26882

#36: BlueWildebeest 
position  1:    T:0.06452    C:0.25806    A:0.38710    G:0.29032
position  2:    T:0.32258    C:0.22581    A:0.29032    G:0.16129
position  3:    T:0.12903    C:0.32258    A:0.16129    G:0.38710
Average         T:0.17204    C:0.26882    A:0.27957    G:0.27957

#37: Gemsbok        
position  1:    T:0.06452    C:0.29032    A:0.32258    G:0.32258
position  2:    T:0.32258    C:0.22581    A:0.29032    G:0.16129
position  3:    T:0.09677    C:0.35484    A:0.12903    G:0.41935
Average         T:0.16129    C:0.29032    A:0.24731    G:0.30108

#38: Yak            
position  1:    T:0.06452    C:0.29032    A:0.32258    G:0.32258
position  2:    T:0.32258    C:0.22581    A:0.29032    G:0.16129
position  3:    T:0.09677    C:0.35484    A:0.16129    G:0.38710
Average         T:0.16129    C:0.29032    A:0.25806    G:0.29032

#39: BlueSheep      
position  1:    T:0.06452    C:0.29032    A:0.35484    G:0.29032
position  2:    T:0.32258    C:0.22581    A:0.29032    G:0.16129
position  3:    T:0.12903    C:0.32258    A:0.12903    G:0.41935
Average         T:0.17204    C:0.27957    A:0.25806    G:0.29032

#40: BohorReedbuck  
position  1:    T:0.06452    C:0.29032    A:0.35484    G:0.29032
position  2:    T:0.32258    C:0.22581    A:0.29032    G:0.16129
position  3:    T:0.12903    C:0.32258    A:0.09677    G:0.45161
Average         T:0.17204    C:0.27957    A:0.24731    G:0.30108

#41: KirksDik       
position  1:    T:0.06452    C:0.29032    A:0.35484    G:0.29032
position  2:    T:0.32258    C:0.22581    A:0.29032    G:0.16129
position  3:    T:0.16129    C:0.32258    A:0.12903    G:0.38710
Average         T:0.18280    C:0.27957    A:0.25806    G:0.27957

#42: RoeDeer        
position  1:    T:0.06452    C:0.29032    A:0.35484    G:0.29032
position  2:    T:0.32258    C:0.22581    A:0.29032    G:0.16129
position  3:    T:0.16129    C:0.29032    A:0.16129    G:0.38710
Average         T:0.18280    C:0.26882    A:0.26882    G:0.27957

#43: WhiteLippedDeer
position  1:    T:0.06452    C:0.29032    A:0.32258    G:0.32258
position  2:    T:0.32258    C:0.22581    A:0.29032    G:0.16129
position  3:    T:0.12903    C:0.29032    A:0.19355    G:0.38710
Average         T:0.17204    C:0.26882    A:0.26882    G:0.29032

#44: ThomsonGazelle 
position  1:    T:0.06452    C:0.29032    A:0.35484    G:0.29032
position  2:    T:0.32258    C:0.22581    A:0.29032    G:0.16129
position  3:    T:0.12903    C:0.32258    A:0.16129    G:0.38710
Average         T:0.17204    C:0.27957    A:0.26882    G:0.27957

#45: MuntiacusCrinifrons
position  1:    T:0.06452    C:0.29032    A:0.35484    G:0.29032
position  2:    T:0.32258    C:0.22581    A:0.29032    G:0.16129
position  3:    T:0.09677    C:0.35484    A:0.16129    G:0.38710
Average         T:0.16129    C:0.29032    A:0.26882    G:0.27957

#46: WhiteTailedDeer
position  1:    T:0.06452    C:0.29032    A:0.35484    G:0.29032
position  2:    T:0.32258    C:0.22581    A:0.29032    G:0.16129
position  3:    T:0.12903    C:0.32258    A:0.16129    G:0.38710
Average         T:0.17204    C:0.27957    A:0.26882    G:0.27957

#47: Cattle         
position  1:    T:0.06452    C:0.29032    A:0.32258    G:0.32258
position  2:    T:0.32258    C:0.22581    A:0.29032    G:0.16129
position  3:    T:0.09677    C:0.35484    A:0.12903    G:0.41935
Average         T:0.16129    C:0.29032    A:0.24731    G:0.30108

#48: RoyalAntelope  
position  1:    T:0.06452    C:0.29032    A:0.35484    G:0.29032
position  2:    T:0.32258    C:0.22581    A:0.29032    G:0.16129
position  3:    T:0.12903    C:0.32258    A:0.16129    G:0.38710
Average         T:0.17204    C:0.27957    A:0.26882    G:0.27957

#49: Steenbok       
position  1:    T:0.06452    C:0.29032    A:0.35484    G:0.29032
position  2:    T:0.32258    C:0.22581    A:0.29032    G:0.16129
position  3:    T:0.09677    C:0.35484    A:0.12903    G:0.41935
Average         T:0.16129    C:0.29032    A:0.25806    G:0.29032

#50: Impala         
position  1:    T:0.06452    C:0.29032    A:0.35484    G:0.29032
position  2:    T:0.32258    C:0.22581    A:0.29032    G:0.16129
position  3:    T:0.12903    C:0.32258    A:0.12903    G:0.41935
Average         T:0.17204    C:0.27957    A:0.25806    G:0.29032

#51: Klipspringer   
position  1:    T:0.06452    C:0.29032    A:0.35484    G:0.29032
position  2:    T:0.32258    C:0.22581    A:0.29032    G:0.16129
