CODONML (in paml version 4.10.7, June 2023)  /home/rachel/ruminants_paml/6406-phy-tree/ENSBTAT00000018461.fasta.phy
Model: free dN/dS Ratios for branches,  kappa = 2.000 fixed

Codon frequency model: F3x4
ns =  54  ls =  65

Codon usage in sequences
--------------------------------------------------------------------------------------------------------------------------------------
Phe TTT   5   4   5   5   4   4 | Ser TCT   1   0   1   1   1   1 | Tyr TAT   2   2   2   2   2   2 | Cys TGT   0   0   0   0   1   1
    TTC   1   2   1   1   2   2 |     TCC   0   1   0   0   0   0 |     TAC   0   0   0   0   0   0 |     TGC   3   3   3   3   2   2
Leu TTA   0   0   0   0   0   0 |     TCA   0   0   0   0   0   0 | *** TAA   0   0   0   0   0   0 | *** TGA   0   0   0   0   0   0
    TTG   0   0   0   0   1   1 |     TCG   0   0   0   0   0   0 |     TAG   0   0   0   0   0   0 | Trp TGG   4   4   4   4   4   4
--------------------------------------------------------------------------------------------------------------------------------------
Leu CTT   3   3   3   3   2   3 | Pro CCT   0   0   0   0   0   0 | His CAT   2   2   2   2   2   3 | Arg CGT   0   0   0   0   0   0
    CTC   2   2   2   2   2   2 |     CCC   0   0   0   0   0   0 |     CAC   1   1   1   1   1   0 |     CGC   0   0   0   0   0   0
    CTA   0   0   0   0   0   0 |     CCA   0   0   0   0   0   0 | Gln CAA   2   1   2   2   2   2 |     CGA   0   0   0   0   0   0
    CTG   3   3   3   3   3   2 |     CCG   0   0   0   0   0   0 |     CAG   0   1   0   0   0   0 |     CGG   0   1   0   0   0   0
--------------------------------------------------------------------------------------------------------------------------------------
Ile ATT   2   1   2   2   1   2 | Thr ACT   0   0   0   0   0   0 | Asn AAT   0   0   0   0   0   0 | Ser AGT   0   0   0   0   0   0
    ATC   3   3   3   3   4   4 |     ACC   2   2   2   2   2   2 |     AAC   1   1   1   1   1   1 |     AGC   1   1   1   1   1   1
    ATA   3   3   3   3   3   2 |     ACA   0   0   0   0   0   0 | Lys AAA   1   1   1   1   1   1 | Arg AGA   0   0   0   0   0   0
Met ATG   1   1   1   1   1   1 |     ACG   0   0   0   0   0   0 |     AAG   2   2   2   2   2   2 |     AGG   1   0   1   1   1   1
--------------------------------------------------------------------------------------------------------------------------------------
Val GTT   1   1   1   1   2   2 | Ala GCT   2   2   2   2   2   3 | Asp GAT   2   1   2   2   2   2 | Gly GGT   0   0   0   0   0   0
    GTC   2   3   2   2   1   1 |     GCC   3   3   3   3   2   2 |     GAC   0   1   0   0   0   0 |     GGC   1   1   1   1   1   1
    GTA   0   1   0   0   0   0 |     GCA   0   0   0   0   1   0 | Glu GAA   1   1   1   1   1   1 |     GGA   2   2   2   2   2   2
    GTG   3   2   3   3   3   3 |     GCG   0   0   0   0   0   0 |     GAG   2   2   2   2   2   2 |     GGG   0   0   0   0   0   0
--------------------------------------------------------------------------------------------------------------------------------------

--------------------------------------------------------------------------------------------------------------------------------------
Phe TTT   4   5   5   5   5   4 | Ser TCT   1   1   1   1   1   1 | Tyr TAT   2   2   2   2   2   2 | Cys TGT   0   0   0   0   0   0
    TTC   2   1   1   1   1   2 |     TCC   0   0   0   0   0   0 |     TAC   0   0   0   0   0   0 |     TGC   3   3   3   3   3   3
Leu TTA   0   0   0   0   0   0 |     TCA   0   0   0   0   0   0 | *** TAA   0   0   0   0   0   0 | *** TGA   0   0   0   0   0   0
    TTG   0   0   1   0   0   1 |     TCG   0   0   0   0   0   0 |     TAG   0   0   0   0   0   0 | Trp TGG   4   4   4   4   4   4
--------------------------------------------------------------------------------------------------------------------------------------
Leu CTT   3   3   3   3   3   3 | Pro CCT   0   0   0   0   0   0 | His CAT   2   2   2   2   2   2 | Arg CGT   0   0   0   0   0   0
    CTC   2   2   2   2   2   2 |     CCC   0   0   0   0   0   0 |     CAC   1   1   1   1   1   1 |     CGC   0   0   0   0   0   0
    CTA   0   0   0   0   0   0 |     CCA   0   0   0   0   0   0 | Gln CAA   2   2   2   1   2   1 |     CGA   0   0   0   0   0   0
    CTG   3   3   2   3   3   2 |     CCG   0   0   0   0   0   0 |     CAG   0   0   0   1   0   1 |     CGG   0   0   0   0   0   0
--------------------------------------------------------------------------------------------------------------------------------------
Ile ATT   2   2   2   2   2   2 | Thr ACT   0   0   0   0   0   0 | Asn AAT   0   0   0   0   0   0 | Ser AGT   0   0   0   0   0   0
    ATC   3   3   3   3   3   3 |     ACC   2   2   2   2   2   2 |     AAC   1   1   1   1   1   1 |     AGC   1   1   1   1   1   1
    ATA   3   3   3   3   3   3 |     ACA   0   0   0   0   0   0 | Lys AAA   1   1   1   1   1   1 | Arg AGA   0   0   0   0   0   0
Met ATG   1   1   1   1   1   1 |     ACG   0   0   0   0   0   0 |     AAG   2   2   2   2   2   2 |     AGG   1   1   1   1   1   1
--------------------------------------------------------------------------------------------------------------------------------------
Val GTT   1   1   1   1   1   1 | Ala GCT   2   2   2   2   3   2 | Asp GAT   2   2   2   2   2   1 | Gly GGT   0   0   0   0   0   0
    GTC   2   2   2   2   2   2 |     GCC   3   3   3   3   2   3 |     GAC   0   0   0   0   0   1 |     GGC   1   1   1   1   1   1
    GTA   0   0   0   0   0   0 |     GCA   0   0   0   0   0   0 | Glu GAA   1   1   1   1   1   1 |     GGA   2   2   2   2   2   2
    GTG   3   3   3   3   3   3 |     GCG   0   0   0   0   0   0 |     GAG   2   2   2   2   2   2 |     GGG   0   0   0   0   0   0
--------------------------------------------------------------------------------------------------------------------------------------

--------------------------------------------------------------------------------------------------------------------------------------
Phe TTT   5   5   5   5   4   5 | Ser TCT   1   1   1   1   1   1 | Tyr TAT   2   2   2   2   1   2 | Cys TGT   0   0   0   0   0   0
    TTC   1   1   1   1   2   1 |     TCC   0   0   0   0   0   0 |     TAC   0   0   0   0   1   0 |     TGC   3   3   3   3   3   3
Leu TTA   0   0   0   0   0   0 |     TCA   0   0   0   0   0   0 | *** TAA   0   0   0   0   0   0 | *** TGA   0   0   0   0   0   0
    TTG   0   0   0   0   0   0 |     TCG   0   0   0   0   0   0 |     TAG   0   0   0   0   0   0 | Trp TGG   4   4   4   4   4   4
--------------------------------------------------------------------------------------------------------------------------------------
Leu CTT   3   3   3   3   3   3 | Pro CCT   0   0   0   0   0   0 | His CAT   2   2   2   2   2   2 | Arg CGT   0   0   0   0   0   0
    CTC   2   2   2   2   2   2 |     CCC   0   0   0   0   0   0 |     CAC   1   1   1   1   1   1 |     CGC   0   0   0   0   0   0
    CTA   0   0   0   0   0   0 |     CCA   0   0   0   0   0   0 | Gln CAA   2   2   2   2   2   2 |     CGA   0   0   0   0   0   0
    CTG   3   3   3   3   3   3 |     CCG   0   0   0   0   0   0 |     CAG   0   0   0   0   0   0 |     CGG   0   0   0   0   0   0
--------------------------------------------------------------------------------------------------------------------------------------
Ile ATT   2   2   2   2   2   2 | Thr ACT   0   0   0   0   0   0 | Asn AAT   0   0   0   0   0   0 | Ser AGT   0   0   0   0   0   0
    ATC   3   3   3   3   3   3 |     ACC   2   2   2   2   2   2 |     AAC   1   1   1   1   1   1 |     AGC   1   1   1   1   1   1
    ATA   3   3   3   3   3   3 |     ACA   0   0   0   0   0   0 | Lys AAA   1   1   1   2   1   1 | Arg AGA   0   0   0   0   0   0
Met ATG   1   1   1   1   1   1 |     ACG   0   0   0   0   0   0 |     AAG   2   2   2   1   2   2 |     AGG   1   1   1   1   1   1
--------------------------------------------------------------------------------------------------------------------------------------
Val GTT   1   1   1   1   1   1 | Ala GCT   2   2   2   2   2   2 | Asp GAT   2   2   2   2   2   2 | Gly GGT   0   0   0   0   0   0
    GTC   2   2   2   2   2   2 |     GCC   3   3   3   3   3   3 |     GAC   0   0   0   0   0   0 |     GGC   1   1   1   1   1   1
    GTA   0   0   0   0   0   0 |     GCA   0   0   0   0   0   0 | Glu GAA   1   1   1   1   0   1 |     GGA   2   2   2   2   2   2
    GTG   3   3   3   3   3   3 |     GCG   0   0   0   0   0   0 |     GAG   2   2   2   2   3   2 |     GGG   0   0   0   0   0   0
--------------------------------------------------------------------------------------------------------------------------------------

--------------------------------------------------------------------------------------------------------------------------------------
Phe TTT   5   5   5   5   5   5 | Ser TCT   0   1   1   1   1   1 | Tyr TAT   2   2   2   2   2   2 | Cys TGT   0   0   0   1   0   0
    TTC   1   1   1   1   1   1 |     TCC   1   0   0   0   0   0 |     TAC   0   0   0   0   0   0 |     TGC   3   3   3   2   3   3
Leu TTA   0   0   0   0   0   0 |     TCA   0   0   0   0   0   0 | *** TAA   0   0   0   0   0   0 | *** TGA   0   0   0   0   0   0
    TTG   0   0   0   0   0   0 |     TCG   0   0   0   0   0   0 |     TAG   0   0   0   0   0   0 | Trp TGG   4   4   4   4   4   4
--------------------------------------------------------------------------------------------------------------------------------------
Leu CTT   2   3   3   3   3   3 | Pro CCT   0   0   0   0   0   0 | His CAT   2   2   2   2   2   2 | Arg CGT   0   0   0   0   0   0
    CTC   3   2   2   2   2   1 |     CCC   0   0   0   0   0   0 |     CAC   1   1   1   1   1   1 |     CGC   0   0   0   0   0   0
    CTA   0   0   0   0   0   0 |     CCA   0   0   0   0   0   0 | Gln CAA   2   2   2   2   2   2 |     CGA   0   0   0   0   0   0
    CTG   3   3   3   3   3   3 |     CCG   0   0   0   0   0   0 |     CAG   0   0   0   0   0   0 |     CGG   0   0   0   0   0   0
--------------------------------------------------------------------------------------------------------------------------------------
Ile ATT   1   1   2   2   2   2 | Thr ACT   0   1   0   0   0   0 | Asn AAT   0   0   0   0   0   0 | Ser AGT   0   0   0   0   0   0
    ATC   4   4   3   3   3   3 |     ACC   2   1   2   2   2   2 |     AAC   1   1   1   1   1   1 |     AGC   1   1   1   1   1   1
    ATA   3   3   3   3   3   3 |     ACA   0   0   0   0   0   0 | Lys AAA   1   1   1   1   1   1 | Arg AGA   0   0   0   0   0   0
Met ATG   1   1   1   1   1   1 |     ACG   0   0   0   0   0   0 |     AAG   2   2   2   2   2   2 |     AGG   1   1   1   1   1   1
--------------------------------------------------------------------------------------------------------------------------------------
Val GTT   1   1   1   1   1   1 | Ala GCT   2   2   2   2   2   2 | Asp GAT   2   2   2   2   2   2 | Gly GGT   0   0   0   0   0   0
    GTC   2   2   2   2   3   3 |     GCC   3   3   3   3   3   3 |     GAC   0   0   0   0   0   0 |     GGC   1   1   1   1   1   1
    GTA   0   0   0   0   0   0 |     GCA   0   0   0   0   0   0 | Glu GAA   1   2   1   1   1   1 |     GGA   2   2   2   2   2   2
    GTG   3   3   3   3   2   3 |     GCG   0   0   0   0   0   0 |     GAG   2   1   2   2   2   2 |     GGG   0   0   0   0   0   0
--------------------------------------------------------------------------------------------------------------------------------------

--------------------------------------------------------------------------------------------------------------------------------------
Phe TTT   4   5   5   5   5   5 | Ser TCT   1   1   1   1   1   1 | Tyr TAT   2   2   2   2   2   2 | Cys TGT   0   1   0   0   0   0
    TTC   2   1   1   1   1   1 |     TCC   0   0   0   0   0   0 |     TAC   0   0   0   0   0   0 |     TGC   3   2   3   3   3   3
Leu TTA   0   0   0   0   0   0 |     TCA   0   0   0   0   0   0 | *** TAA   0   0   0   0   0   0 | *** TGA   0   0   0   0   0   0
    TTG   1   1   0   0   0   0 |     TCG   0   0   0   0   0   0 |     TAG   0   0   0   0   0   0 | Trp TGG   4   4   4   4   4   4
--------------------------------------------------------------------------------------------------------------------------------------
Leu CTT   3   3   3   3   3   3 | Pro CCT   0   0   0   0   0   0 | His CAT   2   2   2   2   2   2 | Arg CGT   0   0   0   0   0   0
    CTC   2   2   2   3   2   2 |     CCC   0   0   0   0   0   0 |     CAC   1   1   1   1   1   1 |     CGC   0   0   0   0   0   0
    CTA   0   0   0   0   0   0 |     CCA   0   0   0   0   0   0 | Gln CAA   1   1   2   2   2   2 |     CGA   0   0   0   0   0   0
    CTG   2   2   3   2   3   3 |     CCG   0   0   0   0   0   0 |     CAG   1   1   0   0   0   0 |     CGG   0   0   0   0   0   0
--------------------------------------------------------------------------------------------------------------------------------------
Ile ATT   2   2   2   2   2   2 | Thr ACT   0   0   0   0   0   0 | Asn AAT   0   0   0   0   0   0 | Ser AGT   0   0   0   0   0   0
    ATC   3   3   3   3   3   3 |     ACC   2   2   2   2   2   2 |     AAC   1   1   1   1   1   1 |     AGC   1   1   1   1   1   1
    ATA   3   3   3   3   3   3 |     ACA   0   0   0   0   0   0 | Lys AAA   1   1   1   1   1   1 | Arg AGA   0   0   0   0   0   0
Met ATG   1   1   1   1   1   1 |     ACG   0   0   0   0   0   0 |     AAG   2   2   2   2   2   2 |     AGG   1   1   1   1   1   1
--------------------------------------------------------------------------------------------------------------------------------------
Val GTT   1   1   1   1   1   1 | Ala GCT   2   2   2   2   2   2 | Asp GAT   2   1   2   2   2   2 | Gly GGT   0   0   0   0   0   0
    GTC   2   2   2   2   2   2 |     GCC   3   3   3   3   3   3 |     GAC   0   1   0   0   0   0 |     GGC   1   1   1   1   1   1
    GTA   0   0   0   0   0   0 |     GCA   0   0   0   0   0   0 | Glu GAA   1   1   1   1   1   1 |     GGA   2   2   2   2   2   2
    GTG   3   3   3   3   3   3 |     GCG   0   0   0   0   0   0 |     GAG   2   2   2   2   2   2 |     GGG   0   0   0   0   0   0
--------------------------------------------------------------------------------------------------------------------------------------

--------------------------------------------------------------------------------------------------------------------------------------
Phe TTT   5   5   4   5   5   5 | Ser TCT   1   1   1   1   1   1 | Tyr TAT   2   2   2   1   2   2 | Cys TGT   0   0   1   1   0   0
    TTC   1   1   2   1   1   1 |     TCC   0   0   0   0   0   0 |     TAC   0   0   0   1   0   0 |     TGC   3   3   2   2   3   3
Leu TTA   0   0   0   0   0   0 |     TCA   0   0   0   0   0   0 | *** TAA   0   0   0   0   0   0 | *** TGA   0   0   0   0   0   0
    TTG   0   0   1   1   0   0 |     TCG   0   0   0   0   0   0 |     TAG   0   0   0   0   0   0 | Trp TGG   4   4   4   4   4   4
--------------------------------------------------------------------------------------------------------------------------------------
Leu CTT   3   3   3   2   3   3 | Pro CCT   0   0   0   0   0   0 | His CAT   2   2   2   2   2   2 | Arg CGT   0   0   0   0   0   0
    CTC   2   2   2   2   2   2 |     CCC   0   0   0   0   0   0 |     CAC   1   1   1   1   1   1 |     CGC   0   0   0   0   0   0
    CTA   0   0   0   1   0   0 |     CCA   0   0   0   0   0   0 | Gln CAA   2   2   1   2   2   2 |     CGA   0   0   0   0   0   0
    CTG   3   3   2   2   3   3 |     CCG   0   0   0   0   0   0 |     CAG   0   0   1   0   0   0 |     CGG   0   0   0   0   0   0
--------------------------------------------------------------------------------------------------------------------------------------
Ile ATT   2   2   2   2   2   2 | Thr ACT   0   0   0   0   0   0 | Asn AAT   0   0   0   0   0   0 | Ser AGT   0   0   0   0   0   0
    ATC   3   3   3   3   3   3 |     ACC   2   2   2   2   2   2 |     AAC   1   1   1   1   1   1 |     AGC   1   1   1   1   1   1
    ATA   3   3   3   3   3   3 |     ACA   0   0   0   0   0   0 | Lys AAA   1   1   1   1   1   1 | Arg AGA   0   0   0   0   0   0
Met ATG   1   1   1   1   1   1 |     ACG   0   0   0   0   0   0 |     AAG   2   2   2   2   2   2 |     AGG   1   1   1   1   1   1
--------------------------------------------------------------------------------------------------------------------------------------
Val GTT   2   1   1   1   1   1 | Ala GCT   2   2   2   2   2   2 | Asp GAT   2   1   1   2   2   2 | Gly GGT   0   0   0   0   0   0
    GTC   1   2   2   2   2   2 |     GCC   3   3   3   3   3   3 |     GAC   0   1   1   0   0   0 |     GGC   1   1   1   1   1   1
    GTA   0   0   0   0   0   0 |     GCA   0   0   0   0   0   0 | Glu GAA   1   1   1   1   1   1 |     GGA   2   2   2   2   2   2
    GTG   3   3   3   3   3   3 |     GCG   0   0   0   0   0   0 |     GAG   2   2   2   2   2   2 |     GGG   0   0   0   0   0   0
--------------------------------------------------------------------------------------------------------------------------------------

--------------------------------------------------------------------------------------------------------------------------------------
Phe TTT   5   5   5   4   5   5 | Ser TCT   1   1   1   1   1   1 | Tyr TAT   2   2   2   2   2   2 | Cys TGT   0   1   0   0   0   1
    TTC   1   1   1   2   1   1 |     TCC   0   0   0   0   0   0 |     TAC   0   0   0   0   0   0 |     TGC   3   2   3   3   3   2
Leu TTA   0   0   0   0   0   0 |     TCA   0   0   0   0   0   0 | *** TAA   0   0   0   0   0   0 | *** TGA   0   0   0   0   0   0
    TTG   0   0   0   0   0   1 |     TCG   0   0   0   0   0   0 |     TAG   0   0   0   0   0   0 | Trp TGG   4   4   4   4   4   4
--------------------------------------------------------------------------------------------------------------------------------------
Leu CTT   3   3   3   3   3   3 | Pro CCT   0   0   0   0   0   0 | His CAT   1   2   2   2   2   2 | Arg CGT   0   0   0   0   0   0
    CTC   3   2   2   2   2   2 |     CCC   0   0   0   0   0   0 |     CAC   2   1   1   1   1   1 |     CGC   0   0   0   0   0   0
    CTA   0   0   0   0   0   0 |     CCA   0   0   0   0   0   0 | Gln CAA   2   2   2   2   2   1 |     CGA   0   0   0   0   0   0
    CTG   3   3   3   3   3   2 |     CCG   0   0   0   0   0   0 |     CAG   0   0   0   0   0   1 |     CGG   0   0   0   0   0   0
--------------------------------------------------------------------------------------------------------------------------------------
Ile ATT   2   2   2   2   2   2 | Thr ACT   0   0   0   0   0   0 | Asn AAT   0   0   0   0   0   0 | Ser AGT   0   0   0   0   0   1
    ATC   3   3   3   3   3   3 |     ACC   2   2   2   2   2   2 |     AAC   1   1   1   1   1   1 |     AGC   1   1   1   1   1   0
    ATA   2   3   3   3   3   3 |     ACA   0   0   0   0   0   0 | Lys AAA   1   1   1   1   0   1 | Arg AGA   0   0   0   0   0   0
Met ATG   1   1   1   1   1   1 |     ACG   0   0   0   0   0   0 |     AAG   2   2   2   2   3   2 |     AGG   1   1   1   1   1   1
--------------------------------------------------------------------------------------------------------------------------------------
Val GTT   1   1   1   1   1   1 | Ala GCT   2   2   2   2   2   2 | Asp GAT   1   2   2   2   2   2 | Gly GGT   0   0   0   0   0   0
    GTC   2   2   2   2   2   2 |     GCC   3   3   3   3   3   3 |     GAC   1   0   0   0   0   0 |     GGC   1   1   1   1   1   1
    GTA   1   0   0   0   0   0 |     GCA   0   0   0   0   0   0 | Glu GAA   1   0   1   1   1   1 |     GGA   1   2   2   2   2   2
    GTG   2   3   3   3   3   3 |     GCG   0   0   0   0   0   0 |     GAG   2   3   2   2   2   2 |     GGG   1   0   0   0   0   0
--------------------------------------------------------------------------------------------------------------------------------------

--------------------------------------------------------------------------------------------------------------------------------------
Phe TTT   4   4   4   5   5   5 | Ser TCT   1   1   1   1   1   1 | Tyr TAT   2   2   2   2   2   1 | Cys TGT   0   0   0   1   1   0
    TTC   2   2   2   1   1   1 |     TCC   0   0   0   0   0   0 |     TAC   0   0   0   0   0   1 |     TGC   3   3   3   2   2   3
Leu TTA   0   0   0   0   0   0 |     TCA   0   0   0   0   0   0 | *** TAA   0   0   0   0   0   0 | *** TGA   0   0   0   0   0   0
    TTG   1   0   1   1   0   0 |     TCG   0   0   0   0   0   0 |     TAG   0   0   0   0   0   0 | Trp TGG   4   4   4   4   4   4
--------------------------------------------------------------------------------------------------------------------------------------
Leu CTT   3   3   3   3   3   3 | Pro CCT   0   0   0   0   0   0 | His CAT   2   2   2   3   2   2 | Arg CGT   0   0   0   0   0   0
    CTC   2   2   2   2   2   2 |     CCC   0   0   0   0   0   0 |     CAC   1   1   1   0   1   1 |     CGC   0   0   0   0   0   0
    CTA   0   0   0   0   0   0 |     CCA   0   0   0   0   0   0 | Gln CAA   1   2   1   1   2   2 |     CGA   0   0   0   0   0   0
    CTG   2   3   2   2   3   3 |     CCG   0   0   0   0   0   0 |     CAG   1   0   1   1   0   0 |     CGG   0   0   0   0   0   0
--------------------------------------------------------------------------------------------------------------------------------------
Ile ATT   2   2   2   2   2   3 | Thr ACT   0   0   0   0   0   0 | Asn AAT   0   0   0   0   0   0 | Ser AGT   0   0   0   0   0   0
    ATC   3   3   3   3   3   3 |     ACC   2   2   2   2   2   2 |     AAC   1   1   1   1   1   1 |     AGC   1   1   1   1   1   1
    ATA   3   3   3   3   3   2 |     ACA   0   0   0   0   0   0 | Lys AAA   1   1   1   1   1   1 | Arg AGA   0   0   0   0   0   0
Met ATG   1   1   1   1   1   1 |     ACG   0   0   0   0   0   0 |     AAG   2   2   2   2   2   2 |     AGG   1   1   1   1   1   1
--------------------------------------------------------------------------------------------------------------------------------------
Val GTT   1   1   1   1   1   1 | Ala GCT   2   2   2   2   2   2 | Asp GAT   2   2   1   2   2   2 | Gly GGT   0   0   0   0   0   0
    GTC   2   2   2   2   2   2 |     GCC   3   3   3   3   3   3 |     GAC   0   0   1   0   0   0 |     GGC   1   1   1   1   1   1
    GTA   0   0   0   0   0   0 |     GCA   0   0   0   0   0   0 | Glu GAA   1   1   1   1   1   1 |     GGA   2   2   2   2   2   2
    GTG   3   3   3   3   3   3 |     GCG   0   0   0   0   0   0 |     GAG   2   2   2   2   2   2 |     GGG   0   0   0   0   0   0
--------------------------------------------------------------------------------------------------------------------------------------

--------------------------------------------------------------------------------------------------------------------------------------
Phe TTT   4   4   4   5   5   5 | Ser TCT   1   1   1   1   1   1 | Tyr TAT   2   2   2   2   2   2 | Cys TGT   0   0   0   0   0   0
    TTC   2   2   2   1   1   1 |     TCC   0   0   0   0   0   0 |     TAC   0   0   0   0   0   0 |     TGC   3   3   3   3   3   3
Leu TTA   0   0   0   0   0   0 |     TCA   0   0   0   0   0   0 | *** TAA   0   0   0   0   0   0 | *** TGA   0   0   0   0   0   0
    TTG   0   0   0   0   0   0 |     TCG   0   0   0   0   0   0 |     TAG   0   0   0   0   0   0 | Trp TGG   4   4   4   4   4   4
--------------------------------------------------------------------------------------------------------------------------------------
Leu CTT   3   3   3   3   3   3 | Pro CCT   0   0   0   0   0   0 | His CAT   2   2   2   2   2   2 | Arg CGT   0   0   0   0   0   0
    CTC   2   2   2   2   2   2 |     CCC   0   0   0   0   0   0 |     CAC   1   1   1   1   1   1 |     CGC   0   0   0   0   0   0
    CTA   0   0   0   0   0   0 |     CCA   0   0   0   0   0   0 | Gln CAA   1   2   2   2   2   2 |     CGA   0   0   0   0   0   0
    CTG   3   3   3   3   3   3 |     CCG   0   0   0   0   0   0 |     CAG   1   0   0   0   0   0 |     CGG   0   0   0   0   0   0
--------------------------------------------------------------------------------------------------------------------------------------
Ile ATT   2   2   2   2   2   2 | Thr ACT   0   0   0   0   0   0 | Asn AAT   0   0   0   0   0   0 | Ser AGT   0   0   0   0   0   0
    ATC   3   3   3   3   3   3 |     ACC   2   2   2   2   2   2 |     AAC   1   1   1   1   1   1 |     AGC   1   1   1   1   1   1
    ATA   3   3   3   3   3   3 |     ACA   0   0   0   0   0   0 | Lys AAA   1   1   1   1   1   1 | Arg AGA   0   0   0   0   0   0
Met ATG   1   1   1   1   1   1 |     ACG   0   0   0   0   0   0 |     AAG   2   2   2   2   2   2 |     AGG   1   1   1   1   1   1
--------------------------------------------------------------------------------------------------------------------------------------
Val GTT   1   1   2   1   1   1 | Ala GCT   2   2   2   2   2   2 | Asp GAT   1   1   2   2   2   2 | Gly GGT   0   0   0   0   0   0
    GTC   2   2   1   2   2   2 |     GCC   3   3   3   3   3   3 |     GAC   1   1   0   0   0   0 |     GGC   1   1   1   1   1   1
    GTA   0   0   0   0   0   0 |     GCA   0   0   0   0   0   0 | Glu GAA   1   1   1   1   1   1 |     GGA   2   2   2   2   2   2
    GTG   3   3   3   3   3   3 |     GCG   0   0   0   0   0   0 |     GAG   2   2   2   2   2   2 |     GGG   0   0   0   0   0   0
--------------------------------------------------------------------------------------------------------------------------------------

Codon position x base (3x4) table for each sequence.

#1: Argali         
position  1:    T:0.24615    C:0.20000    A:0.26154    G:0.29231
position  2:    T:0.44615    C:0.12308    A:0.24615    G:0.18462
position  3:    T:0.30769    C:0.30769    A:0.13846    G:0.24615
Average         T:0.33333    C:0.21026    A:0.21538    G:0.24103

#2: LesserMouseDeer
position  1:    T:0.24615    C:0.21538    A:0.23077    G:0.30769
position  2:    T:0.44615    C:0.12308    A:0.24615    G:0.18462
position  3:    T:0.24615    C:0.36923    A:0.13846    G:0.24615
Average         T:0.31282    C:0.23590    A:0.20513    G:0.24615

#3: LesserKudu     
position  1:    T:0.24615    C:0.20000    A:0.26154    G:0.29231
position  2:    T:0.44615    C:0.12308    A:0.24615    G:0.18462
position  3:    T:0.30769    C:0.30769    A:0.13846    G:0.24615
Average         T:0.33333    C:0.21026    A:0.21538    G:0.24103

#4: ForestMuskDeer2
position  1:    T:0.24615    C:0.20000    A:0.26154    G:0.29231
position  2:    T:0.44615    C:0.12308    A:0.24615    G:0.18462
position  3:    T:0.30769    C:0.30769    A:0.13846    G:0.24615
Average         T:0.33333    C:0.21026    A:0.21538    G:0.24103

#5: Camel          
position  1:    T:0.26154    C:0.18462    A:0.26154    G:0.29231
position  2:    T:0.44615    C:0.12308    A:0.24615    G:0.18462
position  3:    T:0.29231    C:0.29231    A:0.15385    G:0.26154
Average         T:0.33333    C:0.20000    A:0.22051    G:0.24615

#6: KillerWhale    
position  1:    T:0.26154    C:0.18462    A:0.26154    G:0.29231
position  2:    T:0.44615    C:0.12308    A:0.24615    G:0.18462
position  3:    T:0.35385    C:0.27692    A:0.12308    G:0.24615
Average         T:0.35385    C:0.19487    A:0.21026    G:0.24103

#7: DefassaWaterbuck
position  1:    T:0.24615    C:0.20000    A:0.26154    G:0.29231
position  2:    T:0.44615    C:0.12308    A:0.24615    G:0.18462
position  3:    T:0.29231    C:0.32308    A:0.13846    G:0.24615
Average         T:0.32821    C:0.21538    A:0.21538    G:0.24103

#8: Sheep          
position  1:    T:0.24615    C:0.20000    A:0.26154    G:0.29231
position  2:    T:0.44615    C:0.12308    A:0.24615    G:0.18462
position  3:    T:0.30769    C:0.30769    A:0.13846    G:0.24615
Average         T:0.33333    C:0.21026    A:0.21538    G:0.24103

#9: MaxwellsDuiker 
position  1:    T:0.26154    C:0.18462    A:0.26154    G:0.29231
position  2:    T:0.44615    C:0.12308    A:0.24615    G:0.18462
position  3:    T:0.30769    C:0.30769    A:0.13846    G:0.24615
Average         T:0.33846    C:0.20513    A:0.21538    G:0.24103

#10: GazellaPrzewalskyi
position  1:    T:0.24615    C:0.20000    A:0.26154    G:0.29231
position  2:    T:0.44615    C:0.12308    A:0.24615    G:0.18462
position  3:    T:0.30769    C:0.30769    A:0.12308    G:0.26154
Average         T:0.33333    C:0.21026    A:0.21026    G:0.24615

#11: MountainNyala  
position  1:    T:0.24615    C:0.20000    A:0.26154    G:0.29231
position  2:    T:0.44615    C:0.12308    A:0.24615    G:0.18462
position  3:    T:0.32308    C:0.29231    A:0.13846    G:0.24615
Average         T:0.33846    C:0.20513    A:0.21538    G:0.24103

#12: MuntiacusMuntjak
position  1:    T:0.26154    C:0.18462    A:0.26154    G:0.29231
position  2:    T:0.44615    C:0.12308    A:0.24615    G:0.18462
position  3:    T:0.27692    C:0.33846    A:0.12308    G:0.26154
Average         T:0.32821    C:0.21538    A:0.21026    G:0.24615

#13: goat           
position  1:    T:0.24615    C:0.20000    A:0.26154    G:0.29231
position  2:    T:0.44615    C:0.12308    A:0.24615    G:0.18462
position  3:    T:0.30769    C:0.30769    A:0.13846    G:0.24615
Average         T:0.33333    C:0.21026    A:0.21538    G:0.24103

#14: AfricanBuffalo 
position  1:    T:0.24615    C:0.20000    A:0.26154    G:0.29231
position  2:    T:0.44615    C:0.12308    A:0.24615    G:0.18462
position  3:    T:0.30769    C:0.30769    A:0.13846    G:0.24615
Average         T:0.33333    C:0.21026    A:0.21538    G:0.24103

#15: Topi           
position  1:    T:0.24615    C:0.20000    A:0.26154    G:0.29231
position  2:    T:0.44615    C:0.12308    A:0.24615    G:0.18462
position  3:    T:0.30769    C:0.30769    A:0.13846    G:0.24615
Average         T:0.33333    C:0.21026    A:0.21538    G:0.24103

#16: CommonDuiker   
position  1:    T:0.24615    C:0.20000    A:0.26154    G:0.29231
position  2:    T:0.44615    C:0.12308    A:0.24615    G:0.18462
position  3:    T:0.30769    C:0.30769    A:0.15385    G:0.23077
Average         T:0.33333    C:0.21026    A:0.22051    G:0.23590

#17: Suni           
position  1:    T:0.24615    C:0.20000    A:0.26154    G:0.29231
position  2:    T:0.44615    C:0.12308    A:0.24615    G:0.18462
position  3:    T:0.27692    C:0.33846    A:0.12308    G:0.26154
Average         T:0.32308    C:0.22051    A:0.21026    G:0.24615

#18: Springbuck     
position  1:    T:0.24615    C:0.20000    A:0.26154    G:0.29231
position  2:    T:0.44615    C:0.12308    A:0.24615    G:0.18462
position  3:    T:0.30769    C:0.30769    A:0.13846    G:0.24615
Average         T:0.33333    C:0.21026    A:0.21538    G:0.24103

#19: Okapi          
position  1:    T:0.24615    C:0.20000    A:0.26154    G:0.29231
position  2:    T:0.44615    C:0.12308    A:0.24615    G:0.18462
position  3:    T:0.26154    C:0.35385    A:0.13846    G:0.24615
Average         T:0.31795    C:0.22564    A:0.21538    G:0.24103

#20: Giraffe        
position  1:    T:0.24615    C:0.20000    A:0.26154    G:0.29231
position  2:    T:0.44615    C:0.12308    A:0.24615    G:0.18462
position  3:    T:0.30769    C:0.30769    A:0.15385    G:0.23077
Average         T:0.33333    C:0.21026    A:0.22051    G:0.23590

#21: TibetanAntelope
position  1:    T:0.24615    C:0.20000    A:0.26154    G:0.29231
position  2:    T:0.44615    C:0.12308    A:0.24615    G:0.18462
position  3:    T:0.30769    C:0.30769    A:0.13846    G:0.24615
Average         T:0.33333    C:0.21026    A:0.21538    G:0.24103

#22: Sitatunga      
position  1:    T:0.24615    C:0.20000    A:0.26154    G:0.29231
position  2:    T:0.44615    C:0.12308    A:0.24615    G:0.18462
position  3:    T:0.32308    C:0.29231    A:0.13846    G:0.24615
Average         T:0.33846    C:0.20513    A:0.21538    G:0.24103

#23: Oribi          
position  1:    T:0.24615    C:0.20000    A:0.26154    G:0.29231
position  2:    T:0.44615    C:0.12308    A:0.24615    G:0.18462
position  3:    T:0.30769    C:0.32308    A:0.13846    G:0.23077
Average         T:0.33333    C:0.21538    A:0.21538    G:0.23590

#24: BarbarySheep   
position  1:    T:0.24615    C:0.18462    A:0.26154    G:0.30769
position  2:    T:0.44615    C:0.12308    A:0.24615    G:0.18462
position  3:    T:0.30769    C:0.30769    A:0.13846    G:0.24615
Average         T:0.33333    C:0.20513    A:0.21538    G:0.24615

#25: Daviddeer      
position  1:    T:0.26154    C:0.18462    A:0.26154    G:0.29231
position  2:    T:0.44615    C:0.12308    A:0.24615    G:0.18462
position  3:    T:0.29231    C:0.32308    A:0.12308    G:0.26154
Average         T:0.33333    C:0.21026    A:0.21026    G:0.24615

#26: Reindeer       
position  1:    T:0.26154    C:0.18462    A:0.26154    G:0.29231
position  2:    T:0.44615    C:0.12308    A:0.24615    G:0.18462
position  3:    T:0.30769    C:0.30769    A:0.12308    G:0.26154
Average         T:0.33846    C:0.20513    A:0.21026    G:0.24615

#27: Ibex           
position  1:    T:0.24615    C:0.20000    A:0.26154    G:0.29231
position  2:    T:0.44615    C:0.12308    A:0.24615    G:0.18462
position  3:    T:0.30769    C:0.30769    A:0.13846    G:0.24615
Average         T:0.33333    C:0.21026    A:0.21538    G:0.24103

#28: GyrantGazelle  
position  1:    T:0.24615    C:0.20000    A:0.26154    G:0.29231
position  2:    T:0.44615    C:0.12308    A:0.24615    G:0.18462
position  3:    T:0.30769    C:0.32308    A:0.13846    G:0.23077
Average         T:0.33333    C:0.21538    A:0.21538    G:0.23590

#29: Hartebeest     
position  1:    T:0.24615    C:0.20000    A:0.26154    G:0.29231
position  2:    T:0.44615    C:0.12308    A:0.24615    G:0.18462
position  3:    T:0.30769    C:0.30769    A:0.13846    G:0.24615
Average         T:0.33333    C:0.21026    A:0.21538    G:0.24103

#30: Bongo          
position  1:    T:0.24615    C:0.20000    A:0.26154    G:0.29231
position  2:    T:0.44615    C:0.12308    A:0.24615    G:0.18462
position  3:    T:0.30769    C:0.30769    A:0.13846    G:0.24615
Average         T:0.33333    C:0.21026    A:0.21538    G:0.24103

#31: Gerenuk        
position  1:    T:0.24615    C:0.20000    A:0.26154    G:0.29231
position  2:    T:0.44615    C:0.12308    A:0.24615    G:0.18462
position  3:    T:0.32308    C:0.29231    A:0.13846    G:0.24615
Average         T:0.33846    C:0.20513    A:0.21538    G:0.24103

#32: CommonEland    
position  1:    T:0.24615    C:0.20000    A:0.26154    G:0.29231
position  2:    T:0.44615    C:0.12308    A:0.24615    G:0.18462
position  3:    T:0.29231    C:0.32308    A:0.13846    G:0.24615
Average         T:0.32821    C:0.21538    A:0.21538    G:0.24103

#33: MuntiacusReevesi
position  1:    T:0.26154    C:0.18462    A:0.26154    G:0.29231
position  2:    T:0.44615    C:0.12308    A:0.24615    G:0.18462
position  3:    T:0.29231    C:0.32308    A:0.12308    G:0.26154
Average         T:0.33333    C:0.21026    A:0.21026    G:0.24615

#34: HarveysDuiker  
position  1:    T:0.26154    C:0.18462    A:0.26154    G:0.29231
position  2:    T:0.44615    C:0.12308    A:0.24615    G:0.18462
position  3:    T:0.29231    C:0.30769    A:0.15385    G:0.24615
Average         T:0.33333    C:0.20513    A:0.22051    G:0.24103

#35: Pronghorn      
position  1:    T:0.24615    C:0.20000    A:0.26154    G:0.29231
position  2:    T:0.44615    C:0.12308    A:0.24615    G:0.18462
position  3:    T:0.30769    C:0.30769    A:0.13846    G:0.24615
Average         T:0.33333    C:0.21026    A:0.21538    G:0.24103

#36: BlueWildebeest 
position  1:    T:0.24615    C:0.20000    A:0.26154    G:0.29231
position  2:    T:0.44615    C:0.12308    A:0.24615    G:0.18462
position  3:    T:0.30769    C:0.30769    A:0.13846    G:0.24615
Average         T:0.33333    C:0.21026    A:0.21538    G:0.24103

#37: Gemsbok        
position  1:    T:0.24615    C:0.21538    A:0.24615    G:0.29231
position  2:    T:0.44615    C:0.12308    A:0.24615    G:0.18462
position  3:    T:0.27692    C:0.35385    A:0.12308    G:0.24615
Average         T:0.32308    C:0.23077    A:0.20513    G:0.24103

#38: Yak            
position  1:    T:0.24615    C:0.20000    A:0.26154    G:0.29231
position  2:    T:0.44615    C:0.12308    A:0.24615    G:0.18462
position  3:    T:0.32308    C:0.29231    A:0.12308    G:0.26154
Average         T:0.33846    C:0.20513    A:0.21026    G:0.24615

#39: BlueSheep      
position  1:    T:0.24615    C:0.20000    A:0.26154    G:0.29231
position  2:    T:0.44615    C:0.12308    A:0.24615    G:0.18462
position  3:    T:0.30769    C:0.30769    A:0.13846    G:0.24615
Average         T:0.33333    C:0.21026    A:0.21538    G:0.24103

#40: BohorReedbuck  
position  1:    T:0.24615    C:0.20000    A:0.26154    G:0.29231
position  2:    T:0.44615    C:0.12308    A:0.24615    G:0.18462
position  3:    T:0.29231    C:0.32308    A:0.13846    G:0.24615
Average         T:0.32821    C:0.21538    A:0.21538    G:0.24103

#41: KirksDik       
position  1:    T:0.24615    C:0.20000    A:0.26154    G:0.29231
position  2:    T:0.44615    C:0.12308    A:0.24615    G:0.18462
position  3:    T:0.30769    C:0.30769    A:0.12308    G:0.26154
Average         T:0.33333    C:0.21026    A:0.21026    G:0.24615

#42: RoeDeer        
position  1:    T:0.26154    C:0.18462    A:0.26154    G:0.29231
position  2:    T:0.44615    C:0.12308    A:0.24615    G:0.18462
position  3:    T:0.33846    C:0.27692    A:0.12308    G:0.26154
Average         T:0.34872    C:0.19487    A:0.21026    G:0.24615

#43: WhiteLippedDeer
position  1:    T:0.26154    C:0.18462    A:0.26154    G:0.29231
position  2:    T:0.44615    C:0.12308    A:0.24615    G:0.18462
position  3:    T:0.29231    C:0.32308    A:0.12308    G:0.26154
Average         T:0.33333    C:0.21026    A:0.21026    G:0.24615

#44: ThomsonGazelle 
position  1:    T:0.24615    C:0.20000    A:0.26154    G:0.29231
position  2:    T:0.44615    C:0.12308    A:0.24615    G:0.18462
position  3:    T:0.29231    C:0.32308    A:0.13846    G:0.24615
Average         T:0.32821    C:0.21538    A:0.21538    G:0.24103

#45: MuntiacusCrinifrons
position  1:    T:0.26154    C:0.18462    A:0.26154    G:0.29231
position  2:    T:0.44615    C:0.12308    A:0.24615    G:0.18462
position  3:    T:0.27692    C:0.33846    A:0.12308    G:0.26154
Average         T:0.32821    C:0.21538    A:0.21026    G:0.24615

#46: WhiteTailedDeer
position  1:    T:0.26154    C:0.18462    A:0.26154    G:0.29231
position  2:    T:0.44615    C:0.12308    A:0.24615    G:0.18462
position  3:    T:0.33846    C:0.27692    A:0.12308    G:0.26154
Average         T:0.34872    C:0.19487    A:0.21026    G:0.24615

#47: Cattle         
position  1:    T:0.24615    C:0.20000    A:0.26154    G:0.29231
position  2:    T:0.44615    C:0.12308    A:0.24615    G:0.18462
position  3:    T:0.32308    C:0.29231    A:0.13846    G:0.24615
Average         T:0.33846    C:0.20513    A:0.21538    G:0.24103

#48: RoyalAntelope  
position  1:    T:0.24615    C:0.20000    A:0.26154    G:0.29231
position  2:    T:0.44615    C:0.12308    A:0.24615    G:0.18462
position  3:    T:0.30769    C:0.32308    A:0.12308    G:0.24615
Average         T:0.33333    C:0.21538    A:0.21026    G:0.24103

#49: Steenbok       
position  1:    T:0.24615    C:0.20000    A:0.26154    G:0.29231
position  2:    T:0.44615    C:0.12308    A:0.24615    G:0.18462
position  3:    T:0.27692    C:0.33846    A:0.12308    G:0.26154
Average         T:0.32308    C:0.22051    A:0.21026    G:0.24615

#50: Impala         
position  1:    T:0.24615    C:0.20000    A:0.26154    G:0.29231
position  2:    T:0.44615    C:0.12308    A:0.24615    G:0.18462
position  3:    T:0.27692    C:0.33846    A:0.13846    G:0.24615
Average         T:0.32308    C:0.22051    A:0.21538    G:0.24103

#51: Klipspringer   
position  1:    T:0.24615    C:0.20000    A:0.26154    G:0.29231
position  2:    T:0.44615    C:0.12308    A:0.24615    G:0.18462
