1
52 1
Argali 0.000000 0.100400 0.046400 0.071800 0.035100 0.000000 0.022900 0.034900 0.046500 0.047100 0.034900 0.034900 0.035600 0.023200 0.011300 0.047600 0.100100 0.101500 0.095400 0.046500 0.047400 0.023300 0.059700 0.070700 0.022800 0.035000 0.035600 0.046500 0.035000 0.046500 0.046900 0.022600 0.082500 0.047900 0.035500 0.023400 0.022800 0.047000 0.035200 0.069400 0.046900 0.047500 0.047000 0.070700 0.023400 0.048300 0.047500 0.047300 0.048100 0.022600 0.046500 0.046500
LesserMous 0.100400 0.000000 0.100300 0.088100 0.088400 0.100400 0.075300 0.087800 0.100800 0.102200 0.061700 0.087900 0.062900 0.075300 0.087600 0.075900 0.133200 0.135200 0.126900 0.100800 0.102700 0.102100 0.116600 0.127800 0.074000 0.088300 0.062900 0.100800 0.088300 0.100800 0.101500 0.075300 0.086200 0.076200 0.089700 0.075700 0.074000 0.101500 0.088800 0.124700 0.101500 0.075700 0.101400 0.127800 0.075700 0.077200 0.075700 0.102300 0.076600 0.075300 0.100800 0.100800
LesserKudu 0.046400 0.100300 0.000000 0.071700 0.011500 0.046400 0.023200 0.034800 0.000000 0.047200 0.059000 0.034900 0.035600 0.023200 0.034800 0.047700 0.073700 0.074800 0.095000 0.000000 0.047500 0.047200 0.059700 0.058600 0.046300 0.035000 0.035600 0.000000 0.035000 0.000000 0.046900 0.023200 0.082700 0.047900 0.035500 0.023400 0.046300 0.023100 0.035200 0.081300 0.046900 0.047600 0.046900 0.058600 0.023400 0.048400 0.047600 0.047200 0.048000 0.023200 0.000000 0.000000
KillerWhal 0.071800 0.088100 0.071700 0.000000 0.060100 0.071800 0.047900 0.059700 0.072000 0.073000 0.059700 0.059800 0.061100 0.047900 0.059700 0.073600 0.101200 0.102700 0.122800 0.072000 0.073400 0.072900 0.086300 0.097400 0.071600 0.060100 0.061100 0.072000 0.060100 0.072000 0.072500 0.047900 0.083800 0.074000 0.061000 0.048100 0.071600 0.072500 0.060400 0.120700 0.072500 0.048100 0.072500 0.097400 0.048100 0.049000 0.048100 0.073000 0.048600 0.047900 0.072000 0.072000
DefassaWat 0.035100 0.088400 0.011500 0.060100 0.000000 0.035100 0.011700 0.023400 0.011500 0.035600 0.047600 0.023400 0.023900 0.011700 0.023300 0.036000 0.061900 0.062700 0.083500 0.011500 0.035800 0.035600 0.048100 0.047200 0.035000 0.023500 0.023900 0.011500 0.023500 0.011500 0.035400 0.011700 0.071300 0.036200 0.023800 0.011800 0.035000 0.011500 0.023300 0.070100 0.035400 0.035900 0.035400 0.047200 0.011800 0.036600 0.035900 0.035700 0.036300 0.011700 0.011500 0.011500
Sheep 0.000000 0.100400 0.046400 0.071800 0.035100 0.000000 0.022700 0.034900 0.046500 0.047100 0.034900 0.034800 0.035600 0.023200 0.011300 0.047600 0.100100 0.101500 0.095400 0.046500 0.047400 0.023300 0.059700 0.070700 0.022800 0.035000 0.035400 0.046500 0.035000 0.046500 0.046900 0.023200 0.082500 0.047900 0.035500 0.023400 0.022300 0.047000 0.035200 0.069400 0.046900 0.047500 0.047000 0.070700 0.023400 0.048300 0.047500 0.047300 0.048100 0.023200 0.046500 0.046500
MaxwellsDu 0.022900 0.075300 0.023200 0.047900 0.011700 0.022700 0.000000 0.011600 0.023300 0.023600 0.035400 0.011400 0.011700 0.000000 0.011400 0.023300 0.075200 0.076300 0.071100 0.023300 0.023700 0.023600 0.035800 0.047100 0.023200 0.011700 0.011700 0.022800 0.011400 0.022600 0.023400 0.000000 0.059000 0.024000 0.011700 0.000000 0.023200 0.023500 0.011800 0.070200 0.023400 0.022900 0.023500 0.047100 0.000000 0.024200 0.023800 0.023700 0.024100 0.000000 0.022900 0.023300
GazellaPrz 0.034900 0.087800 0.034800 0.059700 0.023400 0.034900 0.011600 0.000000 0.035000 0.011600 0.047200 0.023300 0.023800 0.011600 0.023200 0.011700 0.087600 0.088900 0.083000 0.035000 0.011700 0.035400 0.023500 0.034700 0.034800 0.000000 0.023800 0.035000 0.000000 0.035000 0.011500 0.011600 0.070900 0.036000 0.023700 0.011700 0.034800 0.035200 0.000100 0.057300 0.011500 0.011700 0.011500 0.034700 0.011700 0.036300 0.011700 0.035500 0.036100 0.011600 0.035000 0.035000
MountainNy 0.046500 0.100800 0.000000 0.072000 0.011500 0.046500 0.023300 0.035000 0.000000 0.047300 0.059100 0.034200 0.035700 0.023300 0.034400 0.047800 0.074100 0.075100 0.095600 0.000000 0.047600 0.047400 0.059900 0.058700 0.046400 0.035100 0.035700 0.000000 0.035100 0.000000 0.047000 0.023300 0.082800 0.048000 0.034100 0.023500 0.046400 0.023200 0.035300 0.081700 0.047000 0.047600 0.047100 0.058700 0.023500 0.048500 0.047600 0.047500 0.048300 0.023300 0.000000 0.000000
MuntiacusM 0.047100 0.102200 0.047200 0.073000 0.035600 0.047100 0.023600 0.011600 0.047300 0.000000 0.059900 0.033900 0.036100 0.022900 0.035300 0.023700 0.101900 0.103400 0.097000 0.047300 0.023600 0.048000 0.023600 0.034900 0.047000 0.011400 0.035100 0.047300 0.011600 0.047300 0.011400 0.023600 0.083900 0.048700 0.036000 0.023800 0.047000 0.047800 0.011700 0.057700 0.011300 0.023700 0.011600 0.033300 0.023800 0.049100 0.023700 0.048100 0.048900 0.023000 0.047300 0.047300
goat 0.034900 0.061700 0.059000 0.059700 0.047600 0.034900 0.035400 0.047200 0.059100 0.059900 0.000000 0.047200 0.048200 0.035400 0.022800 0.060600 0.087500 0.088800 0.083600 0.059100 0.060200 0.035600 0.072800 0.083900 0.011500 0.047400 0.048500 0.059100 0.047400 0.059100 0.059500 0.034900 0.070800 0.060900 0.048100 0.035700 0.011300 0.059800 0.047800 0.057900 0.059500 0.035600 0.059700 0.083900 0.035700 0.035500 0.035600 0.060100 0.036100 0.034900 0.059100 0.059100
AfricanBuf 0.034900 0.087900 0.034900 0.059800 0.023400 0.034800 0.011400 0.023300 0.034200 0.033900 0.047200 0.000000 0.023200 0.011400 0.023200 0.034200 0.087700 0.089000 0.083300 0.034000 0.035600 0.035500 0.047800 0.058900 0.034700 0.023300 0.023200 0.033700 0.023300 0.034900 0.035200 0.011400 0.070800 0.035500 0.023700 0.011700 0.034500 0.035300 0.023500 0.082000 0.035200 0.035700 0.035300 0.058900 0.011700 0.034900 0.035200 0.035500 0.036100 0.011500 0.034900 0.034900
Topi 0.035600 0.062900 0.035600 0.061100 0.023900 0.035600 0.011700 0.023800 0.035700 0.036100 0.048200 0.023200 0.000000 0.011600 0.023400 0.011900 0.089800 0.091200 0.085200 0.035700 0.036400 0.036200 0.048800 0.060200 0.035500 0.023800 0.000000 0.035700 0.023800 0.035700 0.035900 0.011900 0.047200 0.012000 0.023600 0.012000 0.035500 0.036000 0.024000 0.083600 0.035900 0.036400 0.036000 0.060200 0.012000 0.037100 0.036400 0.036300 0.037000 0.011600 0.034300 0.035700
CommonDuik 0.023200 0.075300 0.023200 0.047900 0.011700 0.023200 0.000000 0.011600 0.023300 0.022900 0.035400 0.011400 0.011600 0.000000 0.011400 0.023000 0.075200 0.076300 0.071100 0.023300 0.023700 0.023600 0.035800 0.047100 0.023200 0.011400 0.011700 0.022800 0.011500 0.023300 0.022800 0.000000 0.059000 0.023400 0.011700 0.000000 0.023200 0.023500 0.011800 0.070200 0.023000 0.023800 0.023500 0.047100 0.000000 0.024200 0.023800 0.023700 0.024100 0.000000 0.023300 0.023200
Suni 0.011300 0.087600 0.034800 0.059700 0.023300 0.011300 0.011400 0.023200 0.034400 0.035300 0.022800 0.023200 0.023400 0.011400 0.000000 0.035700 0.087500 0.088700 0.083100 0.034800 0.035500 0.011600 0.047700 0.058800 0.011300 0.023300 0.023700 0.034800 0.023300 0.034800 0.035100 0.011600 0.070600 0.035200 0.023600 0.011700 0.011400 0.035200 0.023400 0.057600 0.035100 0.035600 0.035200 0.058800 0.011700 0.036200 0.034900 0.035400 0.036100 0.011500 0.033700 0.034000
Springbuck 0.047600 0.075900 0.047700 0.073600 0.036000 0.047600 0.023300 0.011700 0.047800 0.023700 0.060600 0.034200 0.011900 0.023000 0.035700 0.000000 0.103100 0.104700 0.098000 0.047800 0.023900 0.048500 0.036100 0.047400 0.047500 0.011700 0.011900 0.047800 0.011700 0.047800 0.023600 0.023300 0.059300 0.024100 0.036400 0.024000 0.047500 0.048300 0.011800 0.070600 0.023600 0.023900 0.023700 0.047400 0.024000 0.049700 0.023800 0.048600 0.049500 0.023700 0.047800 0.047800
Okapi 0.100100 0.133200 0.073700 0.101200 0.061900 0.100100 0.075200 0.087600 0.074100 0.101900 0.087500 0.087700 0.089800 0.075200 0.087500 0.103100 0.000000 0.025100 0.126200 0.074100 0.102600 0.101800 0.088700 0.113800 0.099900 0.088100 0.089800 0.074100 0.088100 0.074100 0.101300 0.075200 0.140300 0.103600 0.062700 0.075600 0.099900 0.074600 0.088500 0.137700 0.101300 0.075600 0.101200 0.113800 0.075600 0.077100 0.075600 0.102100 0.050000 0.075200 0.074100 0.074100
Giraffe 0.101500 0.135200 0.074800 0.102700 0.062700 0.101500 0.076300 0.088900 0.075100 0.103400 0.088800 0.089000 0.091200 0.076300 0.088700 0.104700 0.025100 0.000000 0.128300 0.075100 0.104200 0.103300 0.090000 0.115500 0.101300 0.089400 0.091200 0.075100 0.089400 0.075100 0.102800 0.076300 0.142300 0.105100 0.063700 0.076700 0.101300 0.075600 0.089800 0.139500 0.102800 0.076700 0.102700 0.115500 0.076700 0.078300 0.076700 0.103700 0.050800 0.076300 0.075100 0.075100
TibetanAnt 0.095400 0.126900 0.095000 0.122800 0.083500 0.095400 0.071100 0.083000 0.095600 0.097000 0.083600 0.083300 0.085200 0.071100 0.083100 0.098000 0.126200 0.128300 0.000000 0.095600 0.097300 0.096800 0.084200 0.121500 0.070000 0.083600 0.085200 0.095600 0.083600 0.095600 0.096300 0.071100 0.107500 0.085500 0.059100 0.071300 0.070000 0.096100 0.083800 0.118000 0.096300 0.097700 0.096100 0.121500 0.071300 0.099600 0.097700 0.096900 0.072200 0.071100 0.095600 0.095600
Sitatunga 0.046500 0.100800 0.000000 0.072000 0.011500 0.046500 0.023300 0.035000 0.000000 0.047300 0.059100 0.034000 0.035700 0.023300 0.034800 0.047800 0.074100 0.075100 0.095600 0.000000 0.047400 0.047400 0.059900 0.058700 0.046400 0.033700 0.035700 0.000000 0.035100 0.000000 0.047000 0.023300 0.082800 0.048000 0.035600 0.023500 0.046400 0.023200 0.035300 0.081700 0.047000 0.047600 0.047100 0.058700 0.023500 0.048500 0.047600 0.047500 0.048300 0.022900 0.000000 0.000000
Oribi 0.047400 0.102700 0.047500 0.073400 0.035800 0.047400 0.023700 0.011700 0.047600 0.023600 0.060200 0.035600 0.036400 0.023700 0.035500 0.023900 0.102600 0.104200 0.097300 0.047400 0.000000 0.048300 0.035700 0.047300 0.047300 0.011700 0.036400 0.047600 0.011600 0.047600 0.023500 0.023000 0.084400 0.048900 0.036300 0.023900 0.047300 0.048000 0.011800 0.070300 0.023500 0.023800 0.023600 0.047300 0.023900 0.049400 0.023100 0.048400 0.049200 0.023700 0.047600 0.047600
BarbaryShe 0.023300 0.102100 0.047200 0.072900 0.035600 0.023300 0.023600 0.035400 0.047400 0.048000 0.035600 0.035500 0.036200 0.023600 0.011600 0.048500 0.101800 0.103300 0.096800 0.047400 0.048300 0.000000 0.060800 0.072000 0.023300 0.035600 0.036200 0.047400 0.035600 0.047400 0.047700 0.023600 0.084100 0.048800 0.036100 0.023800 0.023300 0.047800 0.035800 0.070400 0.047700 0.048400 0.047700 0.072000 0.023800 0.049300 0.048400 0.048100 0.048900 0.023600 0.047400 0.047400
Daviddeer 0.059700 0.116600 0.059700 0.086300 0.048100 0.059700 0.035800 0.023500 0.059900 0.023600 0.072800 0.047800 0.048800 0.035800 0.047700 0.036100 0.088700 0.090000 0.084200 0.059900 0.035700 0.060800 0.000000 0.035000 0.059500 0.023500 0.048800 0.059900 0.023500 0.059900 0.011400 0.034200 0.097100 0.061600 0.023900 0.036100 0.059500 0.060500 0.023700 0.057900 0.011600 0.036000 0.011600 0.035000 0.036100 0.062300 0.036000 0.060900 0.036500 0.034200 0.059900 0.059900
Reindeer 0.070700 0.127800 0.058600 0.097400 0.047200 0.070700 0.047100 0.034700 0.058700 0.034900 0.083900 0.058900 0.060200 0.047100 0.058800 0.047400 0.113800 0.115500 0.121500 0.058700 0.047300 0.072000 0.035000 0.000000 0.070600 0.034900 0.060200 0.058700 0.034900 0.058700 0.022900 0.047200 0.108100 0.072900 0.060000 0.047600 0.070600 0.059300 0.035100 0.022000 0.022900 0.047300 0.023000 0.000000 0.047600 0.073600 0.047300 0.072100 0.073400 0.047100 0.058700 0.058700
Ibex 0.022800 0.074000 0.046300 0.071600 0.035000 0.022800 0.023200 0.034800 0.046400 0.047000 0.011500 0.034700 0.035500 0.023200 0.011300 0.047500 0.099900 0.101300 0.070000 0.046400 0.047300 0.023300 0.059500 0.070600 0.000000 0.034900 0.035500 0.046400 0.034900 0.046400 0.046800 0.023200 0.058000 0.047800 0.035400 0.023400 0.000000 0.046900 0.035200 0.045500 0.046800 0.047400 0.046900 0.070600 0.023400 0.048200 0.046800 0.047200 0.048000 0.022900 0.046400 0.046400
GyrantGaze 0.035000 0.088300 0.035000 0.060100 0.023500 0.035000 0.011700 0.000000 0.035100 0.011400 0.047400 0.023300 0.023800 0.011400 0.023300 0.011700 0.088100 0.089400 0.083600 0.033700 0.011700 0.035600 0.023500 0.034900 0.034900 0.000000 0.023800 0.035100 0.000000 0.035100 0.011300 0.011700 0.071100 0.036100 0.023800 0.011800 0.034800 0.035400 0.000100 0.057700 0.011300 0.011500 0.011600 0.034900 0.011800 0.036400 0.011700 0.035700 0.036300 0.011400 0.035100 0.035100
Hartebeest 0.035600 0.062900 0.035600 0.061100 0.023900 0.035400 0.011700 0.023800 0.035700 0.035100 0.048500 0.023200 0.000000 0.011700 0.023700 0.011900 0.089800 0.091200 0.085200 0.035700 0.036400 0.036200 0.048800 0.060200 0.035500 0.023800 0.000000 0.035700 0.023100 0.035700 0.034200 0.011700 0.047200 0.011700 0.024000 0.012000 0.035500 0.036000 0.024000 0.083600 0.035900 0.036400 0.036000 0.060200 0.012000 0.037100 0.036400 0.036300 0.037000 0.011900 0.035700 0.035700
Bongo 0.046500 0.100800 0.000000 0.072000 0.011500 0.046500 0.022800 0.035000 0.000000 0.047300 0.059100 0.033700 0.035700 0.022800 0.034800 0.047800 0.074100 0.075100 0.095600 0.000000 0.047600 0.047400 0.059900 0.058700 0.046400 0.035100 0.035700 0.000000 0.035100 0.000000 0.047000 0.022800 0.082800 0.048000 0.035600 0.023500 0.046400 0.023200 0.035300 0.081700 0.047000 0.047600 0.047100 0.058700 0.023500 0.048500 0.047600 0.047500 0.048300 0.022800 0.000000 0.000000
Gerenuk 0.035000 0.088300 0.035000 0.060100 0.023500 0.035000 0.011400 0.000000 0.035100 0.011600 0.047400 0.023300 0.023800 0.011500 0.023300 0.011700 0.088100 0.089400 0.083600 0.035100 0.011600 0.035600 0.023500 0.034900 0.034900 0.000000 0.023100 0.035100 0.000000 0.035100 0.011300 0.011400 0.071100 0.036100 0.023800 0.011800 0.034900 0.035400 0.000100 0.057700 0.011200 0.011700 0.011600 0.034900 0.011800 0.036400 0.011700 0.035700 0.036300 0.011700 0.035100 0.034400
CommonElan 0.046500 0.100800 0.000000 0.072000 0.011500 0.046500 0.022600 0.035000 0.000000 0.047300 0.059100 0.034900 0.035700 0.023300 0.034800 0.047800 0.074100 0.075100 0.095600 0.000000 0.047600 0.047400 0.059900 0.058700 0.046400 0.035100 0.035700 0.000000 0.035100 0.000000 0.047000 0.022800 0.082800 0.048000 0.035300 0.023500 0.046400 0.023200 0.035300 0.081700 0.047000 0.047600 0.047100 0.058700 0.023500 0.048500 0.047600 0.047500 0.048300 0.023200 0.000000 0.000000
MuntiacusR 0.046900 0.101500 0.046900 0.072500 0.035400 0.046900 0.023400 0.011500 0.047000 0.011400 0.059500 0.035200 0.035900 0.022800 0.035100 0.023600 0.101300 0.102800 0.096300 0.047000 0.023500 0.047700 0.011400 0.022900 0.046800 0.011300 0.034200 0.047000 0.011300 0.047000 0.000000 0.022500 0.083400 0.045200 0.035800 0.023600 0.046300 0.047500 0.011600 0.045500 0.000000 0.023500 0.000000 0.022900 0.023600 0.048800 0.023500 0.047800 0.048600 0.022900 0.047000 0.047000
HarveysDui 0.022600 0.075300 0.023200 0.047900 0.011700 0.023200 0.000000 0.011600 0.023300 0.023600 0.034900 0.011400 0.011900 0.000000 0.011600 0.023300 0.075200 0.076300 0.071100 0.023300 0.023000 0.023600 0.034200 0.047200 0.023200 0.011700 0.011700 0.022800 0.011400 0.022800 0.022500 0.000000 0.059000 0.024000 0.011600 0.000000 0.022600 0.023500 0.011800 0.070200 0.023400 0.023800 0.023500 0.047100 0.000000 0.024200 0.023800 0.023700 0.024100 0.000000 0.022700 0.023300
Pronghorn 0.082500 0.086200 0.082700 0.083800 0.071300 0.082500 0.059000 0.070900 0.082800 0.083900 0.070800 0.070800 0.047200 0.059000 0.070600 0.059300 0.140300 0.142300 0.107500 0.082800 0.084400 0.084100 0.097100 0.108100 0.058000 0.071100 0.047200 0.082800 0.071100 0.082800 0.083400 0.059000 0.000000 0.059600 0.072100 0.059500 0.058000 0.083600 0.071600 0.093800 0.083400 0.084500 0.083600 0.108100 0.059500 0.085900 0.084500 0.084200 0.085600 0.058900 0.082800 0.082800
BlueWildeb 0.047900 0.076200 0.047900 0.074000 0.036200 0.047900 0.024000 0.036000 0.048000 0.048700 0.060900 0.035500 0.012000 0.023400 0.035200 0.024100 0.103600 0.105100 0.085500 0.048000 0.048900 0.048800 0.061600 0.072900 0.047800 0.036100 0.011700 0.048000 0.036100 0.048000 0.045200 0.024000 0.059600 0.000000 0.036600 0.024200 0.047800 0.048500 0.036400 0.096700 0.048300 0.049000 0.048500 0.072900 0.024200 0.050000 0.049000 0.048800 0.049700 0.024000 0.048000 0.048000
Gemsbok 0.035500 0.089700 0.035500 0.061000 0.023800 0.035500 0.011700 0.023700 0.034100 0.036000 0.048100 0.023700 0.023600 0.011700 0.023600 0.036400 0.062700 0.063700 0.059100 0.035600 0.036300 0.036100 0.023900 0.060000 0.035400 0.023800 0.024000 0.035600 0.023800 0.035300 0.035800 0.011600 0.072100 0.036600 0.000000 0.011900 0.035400 0.035900 0.023900 0.083400 0.035600 0.036300 0.035900 0.060000 0.011900 0.037000 0.036300 0.036200 0.012100 0.011800 0.035600 0.035600
Yak 0.023400 0.075700 0.023400 0.048100 0.011800 0.023400 0.000000 0.011700 0.023500 0.023800 0.035700 0.011700 0.012000 0.000000 0.011700 0.024000 0.075600 0.076700 0.071300 0.023500 0.023900 0.023800 0.036100 0.047600 0.023400 0.011800 0.012000 0.023500 0.011800 0.023500 0.023600 0.000000 0.059500 0.024200 0.011900 0.000000 0.023400 0.023600 0.011800 0.070600 0.023600 0.024000 0.023600 0.047600 0.000000 0.024400 0.024000 0.023800 0.024200 0.000000 0.023500 0.023500
BlueSheep 0.022800 0.074000 0.046300 0.071600 0.035000 0.022300 0.023200 0.034800 0.046400 0.047000 0.011300 0.034500 0.035500 0.023200 0.011400 0.047500 0.099900 0.101300 0.070000 0.046400 0.047300 0.023300 0.059500 0.070600 0.000000 0.034800 0.035500 0.046400 0.034900 0.046400 0.046300 0.022600 0.058000 0.047800 0.035400 0.023400 0.000000 0.046900 0.035200 0.045500 0.046800 0.047400 0.046900 0.070600 0.023400 0.048200 0.047400 0.047200 0.048000 0.023200 0.046400 0.046400
BohorReedb 0.047000 0.101500 0.023100 0.072500 0.011500 0.047000 0.023500 0.035200 0.023200 0.047800 0.059800 0.035300 0.036000 0.023500 0.035200 0.048300 0.074600 0.075600 0.096100 0.023200 0.048000 0.047800 0.060500 0.059300 0.046900 0.035400 0.036000 0.023200 0.035400 0.023200 0.047500 0.023500 0.083600 0.048500 0.035900 0.023600 0.046900 0.000000 0.035200 0.082300 0.047500 0.048100 0.047500 0.059300 0.023600 0.049000 0.048100 0.047800 0.048700 0.023500 0.023200 0.023200
KirksDik 0.035200 0.088800 0.035200 0.060400 0.023300 0.035200 0.011800 0.000100 0.035300 0.011700 0.047800 0.023500 0.024000 0.011800 0.023400 0.011800 0.088500 0.089800 0.083800 0.035300 0.011800 0.035800 0.023700 0.035100 0.035200 0.000100 0.024000 0.035300 0.000100 0.035300 0.011600 0.011800 0.071600 0.036400 0.023900 0.011800 0.035200 0.035200 0.000000 0.065500 0.011600 0.011800 0.011600 0.035100 0.011800 0.036700 0.011800 0.035800 0.036500 0.011800 0.035300 0.035300
RoeDeer 0.069400 0.124700 0.081300 0.120700 0.070100 0.069400 0.070200 0.057300 0.081700 0.057700 0.057900 0.082000 0.083600 0.070200 0.057600 0.070600 0.137700 0.139500 0.118000 0.081700 0.070300 0.070400 0.057900 0.022000 0.045500 0.057700 0.083600 0.081700 0.057700 0.081700 0.045500 0.070200 0.093800 0.096700 0.083400 0.070600 0.045500 0.082300 0.065500 0.000000 0.045500 0.070500 0.045500 0.022000 0.070600 0.097400 0.070500 0.095200 0.096800 0.070200 0.081700 0.081700
WhiteLippe 0.046900 0.101500 0.046900 0.072500 0.035400 0.046900 0.023400 0.011500 0.047000 0.011300 0.059500 0.035200 0.035900 0.023000 0.035100 0.023600 0.101300 0.102800 0.096300 0.047000 0.023500 0.047700 0.011600 0.022900 0.046800 0.011300 0.035900 0.047000 0.011200 0.047000 0.000000 0.023400 0.083400 0.048300 0.035600 0.023600 0.046800 0.047500 0.011600 0.045500 0.000000 0.023500 0.000000 0.022900 0.023600 0.048800 0.023000 0.047800 0.048600 0.022900 0.047000 0.047000
ThomsonGaz 0.047500 0.075700 0.047600 0.048100 0.035900 0.047500 0.022900 0.011700 0.047600 0.023700 0.035600 0.035700 0.036400 0.023800 0.035600 0.023900 0.075600 0.076700 0.097700 0.047600 0.023800 0.048400 0.036000 0.047300 0.047400 0.011500 0.036400 0.047600 0.011700 0.047600 0.023500 0.023800 0.084500 0.049000 0.036300 0.024000 0.047400 0.048100 0.011800 0.070500 0.023500 0.000000 0.023600 0.047300 0.024000 0.023700 0.000000 0.048500 0.024200 0.023800 0.047600 0.047600
MuntiacusC 0.047000 0.101400 0.046900 0.072500 0.035400 0.047000 0.023500 0.011500 0.047100 0.011600 0.059700 0.035300 0.036000 0.023500 0.035200 0.023700 0.101200 0.102700 0.096100 0.047100 0.023600 0.047700 0.011600 0.023000 0.046900 0.011600 0.036000 0.047100 0.011600 0.047100 0.000000 0.023500 0.083600 0.048500 0.035900 0.023600 0.046900 0.047500 0.011600 0.045500 0.000000 0.023600 0.000000 0.023000 0.023600 0.048900 0.023600 0.047800 0.048600 0.023500 0.047100 0.047100
WhiteTaile 0.070700 0.127800 0.058600 0.097400 0.047200 0.070700 0.047100 0.034700 0.058700 0.033300 0.083900 0.058900 0.060200 0.047100 0.058800 0.047400 0.113800 0.115500 0.121500 0.058700 0.047300 0.072000 0.035000 0.000000 0.070600 0.034900 0.060200 0.058700 0.034900 0.058700 0.022900 0.047100 0.108100 0.072900 0.060000 0.047600 0.070600 0.059300 0.035100 0.022000 0.022900 0.047300 0.023000 0.000000 0.047600 0.073600 0.047300 0.072100 0.073400 0.047100 0.058700 0.058700
Cattle 0.023400 0.075700 0.023400 0.048100 0.011800 0.023400 0.000000 0.011700 0.023500 0.023800 0.035700 0.011700 0.012000 0.000000 0.011700 0.024000 0.075600 0.076700 0.071300 0.023500 0.023900 0.023800 0.036100 0.047600 0.023400 0.011800 0.012000 0.023500 0.011800 0.023500 0.023600 0.000000 0.059500 0.024200 0.011900 0.000000 0.023400 0.023600 0.011800 0.070600 0.023600 0.024000 0.023600 0.047600 0.000000 0.024400 0.024000 0.023800 0.024200 0.000000 0.023500 0.023500
RoyalAntel 0.048300 0.077200 0.048400 0.049000 0.036600 0.048300 0.024200 0.036300 0.048500 0.049100 0.035500 0.034900 0.037100 0.024200 0.036200 0.049700 0.077100 0.078300 0.099600 0.048500 0.049400 0.049300 0.062300 0.073600 0.048200 0.036400 0.037100 0.048500 0.036400 0.048500 0.048800 0.024200 0.085900 0.050000 0.037000 0.024400 0.048200 0.049000 0.036700 0.097400 0.048800 0.023700 0.048900 0.073600 0.024400 0.000000 0.024300 0.024200 0.024700 0.024200 0.048500 0.048500
Steenbok 0.047500 0.075700 0.047600 0.048100 0.035900 0.047500 0.023800 0.011700 0.047600 0.023700 0.035600 0.035200 0.036400 0.023800 0.034900 0.023800 0.075600 0.076700 0.097700 0.047600 0.023100 0.048400 0.036000 0.047300 0.046800 0.011700 0.036400 0.047600 0.011700 0.047600 0.023500 0.023800 0.084500 0.049000 0.036300 0.024000 0.047400 0.048100 0.011800 0.070500 0.023000 0.000000 0.023600 0.047300 0.024000 0.024300 0.000000 0.048500 0.024200 0.023800 0.047600 0.047600
Impala 0.047300 0.102300 0.047200 0.073000 0.035700 0.047300 0.023700 0.035500 0.047500 0.048100 0.060100 0.035500 0.036300 0.023700 0.035400 0.048600 0.102100 0.103700 0.096900 0.047500 0.048400 0.048100 0.060900 0.072100 0.047200 0.035700 0.036300 0.047500 0.035700 0.047500 0.047800 0.023700 0.084200 0.048800 0.036200 0.023800 0.047200 0.047800 0.035800 0.095200 0.047800 0.048500 0.047800 0.072100 0.023800 0.024200 0.048500 0.000000 0.049000 0.023700 0.047500 0.047500
Klipspring 0.048100 0.076600 0.048000 0.048600 0.036300 0.048100 0.024100 0.036100 0.048300 0.048900 0.036100 0.036100 0.037000 0.024100 0.036100 0.049500 0.050000 0.050800 0.072200 0.048300 0.049200 0.048900 0.036500 0.073400 0.048000 0.036300 0.037000 0.048300 0.036300 0.048300 0.048600 0.024100 0.085600 0.049700 0.012100 0.024200 0.048000 0.048700 0.036500 0.096800 0.048600 0.024200 0.048600 0.073400 0.024200 0.024700 0.024200 0.049000 0.000000 0.024100 0.048300 0.048300
ForestMusk 0.022600 0.075300 0.023200 0.047900 0.011700 0.023200 0.000000 0.011600 0.023300 0.023000 0.034900 0.011500 0.011600 0.000000 0.011500 0.023700 0.075200 0.076300 0.071100 0.022900 0.023700 0.023600 0.034200 0.047100 0.022900 0.011400 0.011900 0.022800 0.011700 0.023200 0.022900 0.000000 0.058900 0.024000 0.011800 0.000000 0.023200 0.023500 0.011800 0.070200 0.022900 0.023800 0.023500 0.047100 0.000000 0.024200 0.023800 0.023700 0.024100 0.000000 0.023300 0.023300
Bushbuck 0.046500 0.100800 0.000000 0.072000 0.011500 0.046500 0.022900 0.035000 0.000000 0.047300 0.059100 0.034900 0.034300 0.023300 0.033700 0.047800 0.074100 0.075100 0.095600 0.000000 0.047600 0.047400 0.059900 0.058700 0.046400 0.035100 0.035700 0.000000 0.035100 0.000000 0.047000 0.022700 0.082800 0.048000 0.035600 0.023500 0.046400 0.023200 0.035300 0.081700 0.047000 0.047600 0.047100 0.058700 0.023500 0.048500 0.047600 0.047500 0.048300 0.023300 0.000000 0.000000
GreaterKud 0.046500 0.100800 0.000000 0.072000 0.011500 0.046500 0.023300 0.035000 0.000000 0.047300 0.059100 0.034900 0.035700 0.023200 0.034000 0.047800 0.074100 0.075100 0.095600 0.000000 0.047600 0.047400 0.059900 0.058700 0.046400 0.035100 0.035700 0.000000 0.034400 0.000000 0.047000 0.023300 0.082800 0.048000 0.035600 0.023500 0.046400 0.023200 0.035300 0.081700 0.047000 0.047600 0.047100 0.058700 0.023500 0.048500 0.047600 0.047500 0.048300 0.023300 0.000000 0.000000
