1
52 1
Argali 0.000000 0.425800 0.150200 0.174400 0.060700 0.000000 0.164100 0.082400 0.139500 0.095300 0.030600 0.075600 0.040300 0.128300 0.116200 0.105800 0.095300 0.096300 0.029900 0.138700 0.084300 0.019800 0.096900 0.074600 0.062700 0.073400 0.030200 0.151300 0.094400 0.160500 0.106500 0.104800 0.084700 0.061100 0.061400 0.131400 0.085700 0.072300 0.082100 0.085000 0.096900 0.142500 0.107400 0.062400 0.142700 0.127500 0.062100 0.115000 0.039700 0.166900 0.137700 0.137500
LesserMous 0.425800 0.000000 0.364800 0.295000 0.404800 0.425800 0.392300 0.357300 0.352000 0.354900 0.381600 0.338300 0.358000 0.372900 0.358400 0.330400 0.340800 0.357300 0.403200 0.349500 0.304900 0.419000 0.330000 0.355800 0.365900 0.381300 0.359800 0.352600 0.345800 0.375600 0.369100 0.359900 0.344700 0.371900 0.375400 0.346400 0.409800 0.429400 0.328100 0.403600 0.328400 0.458600 0.373400 0.366800 0.360600 0.362200 0.315900 0.395400 0.400200 0.408600 0.346700 0.346000
LesserKudu 0.150200 0.364800 0.000000 0.207800 0.136900 0.150200 0.238100 0.172800 0.048600 0.160000 0.140300 0.141200 0.103700 0.199200 0.208000 0.150800 0.160700 0.186000 0.137200 0.069000 0.152800 0.148100 0.187400 0.187300 0.177700 0.163800 0.115800 0.048600 0.163000 0.048100 0.160100 0.173600 0.126500 0.149300 0.150400 0.174600 0.204000 0.150600 0.149300 0.197900 0.187400 0.215000 0.173100 0.148300 0.161800 0.222100 0.151600 0.206100 0.136100 0.211200 0.048500 0.048400
KillerWhal 0.174400 0.295000 0.207800 0.000000 0.197100 0.174400 0.225600 0.149000 0.196500 0.173500 0.139300 0.167300 0.127800 0.185900 0.183000 0.137500 0.148700 0.175200 0.160800 0.195300 0.152100 0.171300 0.150100 0.174900 0.177900 0.190500 0.128300 0.209500 0.162700 0.218300 0.185600 0.154600 0.137500 0.162600 0.200200 0.163800 0.205800 0.213400 0.148500 0.200200 0.175200 0.191100 0.174300 0.172700 0.176000 0.174100 0.126500 0.157600 0.158800 0.237400 0.193800 0.193500
DefassaWat 0.060700 0.404800 0.136900 0.197100 0.000000 0.060700 0.150400 0.081400 0.137700 0.072100 0.050900 0.074500 0.060400 0.138500 0.114700 0.103600 0.092900 0.095000 0.049900 0.136800 0.082600 0.059900 0.118600 0.095600 0.083700 0.071400 0.050300 0.125500 0.092600 0.158400 0.082900 0.114800 0.094800 0.081500 0.060700 0.129100 0.107200 0.009800 0.081400 0.106000 0.118600 0.164100 0.083600 0.072200 0.117400 0.125900 0.061200 0.113500 0.059500 0.141000 0.135900 0.135700
Sheep 0.000000 0.425800 0.150200 0.174400 0.060700 0.000000 0.164100 0.082400 0.139500 0.095300 0.030600 0.075600 0.040300 0.128300 0.116200 0.105800 0.095300 0.096300 0.029900 0.138700 0.084300 0.019800 0.096900 0.074600 0.062700 0.073400 0.030200 0.151300 0.094400 0.160500 0.106500 0.104800 0.084700 0.061100 0.061400 0.131400 0.085700 0.072300 0.082100 0.085000 0.096900 0.142500 0.107400 0.062400 0.142700 0.127500 0.062100 0.115000 0.039700 0.166900 0.137700 0.137500
MaxwellsDu 0.164100 0.392300 0.238100 0.225600 0.150400 0.164100 0.000000 0.116500 0.253400 0.203600 0.130600 0.134900 0.139600 0.072000 0.163300 0.136600 0.179000 0.205800 0.150600 0.251700 0.096400 0.161600 0.207900 0.207300 0.168000 0.154700 0.128900 0.253900 0.129500 0.275900 0.216100 0.072000 0.143100 0.138800 0.164300 0.181900 0.195100 0.164900 0.116600 0.218400 0.234400 0.207200 0.218500 0.165600 0.193700 0.164100 0.118300 0.149000 0.160500 0.245000 0.249900 0.249400
GazellaPrz 0.082400 0.357300 0.172800 0.149000 0.081400 0.082400 0.116500 0.000000 0.161900 0.116900 0.051300 0.075000 0.060800 0.105100 0.093200 0.061500 0.094600 0.118100 0.071000 0.160900 0.040900 0.081200 0.119100 0.119000 0.084200 0.072800 0.050700 0.174000 0.050900 0.183000 0.128100 0.082400 0.084200 0.081900 0.104300 0.107300 0.131000 0.093500 0.040000 0.129500 0.142600 0.118500 0.129400 0.105500 0.118300 0.104200 0.040600 0.092300 0.080700 0.165800 0.159800 0.159500
MountainNy 0.139500 0.352000 0.048600 0.196500 0.137700 0.139500 0.253400 0.161900 0.000000 0.149300 0.129500 0.107500 0.115400 0.213400 0.173000 0.140100 0.173700 0.175300 0.126600 0.019200 0.141900 0.137500 0.152200 0.176400 0.166500 0.129600 0.127900 0.009600 0.152100 0.038300 0.149500 0.187100 0.139100 0.161900 0.139600 0.117000 0.193000 0.151500 0.138700 0.187000 0.152200 0.229600 0.162300 0.161300 0.105100 0.186200 0.164400 0.171300 0.125600 0.175500 0.038700 0.036800
MuntiacusM 0.095300 0.354900 0.160000 0.173500 0.072100 0.095300 0.203600 0.116900 0.149300 0.000000 0.085200 0.086000 0.094700 0.190600 0.128300 0.130300 0.040600 0.073300 0.083300 0.148400 0.119700 0.093900 0.040700 0.030400 0.097000 0.108100 0.084100 0.161300 0.118600 0.170000 0.009800 0.164700 0.094700 0.117100 0.106300 0.118500 0.146000 0.084100 0.116900 0.050800 0.040700 0.207100 0.009900 0.050400 0.106400 0.117300 0.095900 0.126900 0.082600 0.177800 0.147300 0.147000
goat 0.030600 0.381600 0.140300 0.139300 0.050900 0.030600 0.130600 0.051300 0.129500 0.085200 0.000000 0.065200 0.030400 0.095700 0.083900 0.073600 0.085200 0.086100 0.020100 0.128700 0.052500 0.030200 0.064300 0.086700 0.031300 0.063300 0.020200 0.141300 0.062600 0.150600 0.096400 0.069000 0.074600 0.051200 0.051600 0.098000 0.075600 0.062400 0.050800 0.097400 0.086800 0.109100 0.097300 0.074000 0.109200 0.095100 0.030900 0.083100 0.029900 0.156600 0.127800 0.127600
AfricanBuf 0.075600 0.338300 0.141200 0.167300 0.074500 0.075600 0.134900 0.075000 0.107500 0.086000 0.065200 0.000000 0.085000 0.122500 0.109000 0.099200 0.086200 0.085600 0.063700 0.106800 0.054200 0.074300 0.110900 0.087700 0.100400 0.065600 0.074300 0.119000 0.087300 0.151000 0.097300 0.098100 0.075400 0.107400 0.075400 0.076000 0.114100 0.087000 0.075000 0.098500 0.110800 0.163100 0.098400 0.074700 0.087000 0.098200 0.076100 0.107700 0.063100 0.134300 0.128500 0.128200
Topi 0.040300 0.358000 0.103700 0.127800 0.060400 0.040300 0.139600 0.060800 0.115400 0.094700 0.030400 0.085000 0.000000 0.105000 0.093000 0.061400 0.072900 0.105300 0.029800 0.114700 0.062200 0.039700 0.096100 0.096400 0.062300 0.072900 0.009500 0.126700 0.072200 0.113700 0.105800 0.082400 0.062400 0.039500 0.061100 0.130600 0.073900 0.072000 0.060800 0.106900 0.096100 0.118400 0.106800 0.083600 0.141800 0.103900 0.040700 0.092100 0.039400 0.141700 0.092200 0.092000
CommonDuik 0.128300 0.372900 0.199200 0.185900 0.138500 0.128300 0.072000 0.105100 0.213400 0.190600 0.095700 0.122500 0.105000 0.000000 0.162200 0.124500 0.166100 0.192500 0.115700 0.212000 0.085100 0.126300 0.167400 0.194000 0.131200 0.142400 0.094500 0.213700 0.117700 0.235400 0.202800 0.040400 0.107600 0.104400 0.128400 0.169000 0.181700 0.152500 0.105100 0.205100 0.192600 0.167800 0.205000 0.153400 0.180700 0.151700 0.106700 0.137300 0.125500 0.245700 0.210600 0.210200
Suni 0.116200 0.358400 0.208000 0.183000 0.114700 0.116200 0.163300 0.093200 0.173000 0.128300 0.083900 0.109000 0.093000 0.162200 0.000000 0.094200 0.128600 0.153200 0.091300 0.171900 0.095300 0.114400 0.130700 0.130600 0.118500 0.116400 0.104900 0.185100 0.105400 0.218200 0.139800 0.138900 0.140900 0.138100 0.139100 0.118600 0.168200 0.127700 0.093300 0.141200 0.154500 0.189800 0.141200 0.116700 0.129700 0.093500 0.083500 0.039700 0.103000 0.174300 0.194400 0.194000
Springbuck 0.105800 0.330400 0.150800 0.137500 0.103600 0.105800 0.136600 0.061500 0.140100 0.130300 0.073600 0.099200 0.061400 0.124500 0.094200 0.000000 0.107600 0.131900 0.093700 0.139200 0.041500 0.104200 0.133000 0.131900 0.108000 0.073700 0.072700 0.151900 0.030500 0.161000 0.142000 0.100200 0.096700 0.105100 0.105200 0.132300 0.157400 0.116800 0.040600 0.155400 0.157200 0.120000 0.143400 0.130100 0.143700 0.094300 0.062400 0.093200 0.103300 0.142500 0.138200 0.137900
Okapi 0.095300 0.340800 0.160700 0.148700 0.092900 0.095300 0.179000 0.094600 0.173700 0.040600 0.085200 0.086200 0.072900 0.166100 0.128600 0.107600 0.000000 0.062000 0.083300 0.172600 0.096800 0.093800 0.062700 0.052100 0.120300 0.108400 0.062400 0.185800 0.107100 0.170700 0.051000 0.140900 0.072800 0.094700 0.117000 0.118600 0.146100 0.105800 0.094600 0.073100 0.062700 0.182100 0.051400 0.072500 0.129700 0.117600 0.073800 0.127200 0.082400 0.177400 0.148000 0.147700
Giraffe 0.096300 0.357300 0.186000 0.175200 0.095000 0.096300 0.205800 0.118100 0.175300 0.073300 0.086100 0.085600 0.105300 0.192500 0.153200 0.131900 0.062000 0.000000 0.084100 0.174100 0.120800 0.094800 0.096900 0.086200 0.121400 0.109600 0.094700 0.187300 0.108100 0.195600 0.084200 0.166200 0.095800 0.127800 0.118900 0.143300 0.135400 0.107700 0.118300 0.108100 0.096900 0.209900 0.085000 0.084300 0.154500 0.141700 0.074200 0.151400 0.083400 0.154700 0.172500 0.172100
TibetanAnt 0.029900 0.403200 0.137200 0.160800 0.049900 0.029900 0.150600 0.071000 0.126600 0.083300 0.020100 0.063700 0.029800 0.115700 0.091300 0.093700 0.083300 0.084100 0.000000 0.125900 0.072700 0.029500 0.084700 0.084800 0.051500 0.061900 0.019800 0.138200 0.082600 0.147400 0.094200 0.092800 0.072900 0.050100 0.050500 0.118500 0.073700 0.061100 0.071100 0.095100 0.084800 0.129300 0.095100 0.072400 0.129600 0.115000 0.050900 0.081300 0.029300 0.164300 0.125100 0.124900
Sitatunga 0.138700 0.349500 0.069000 0.195300 0.136800 0.138700 0.251700 0.160900 0.019200 0.148400 0.128700 0.106800 0.114700 0.212000 0.171900 0.139200 0.172600 0.174100 0.125900 0.000000 0.141000 0.136700 0.151200 0.175300 0.165500 0.128700 0.127100 0.029100 0.151100 0.058200 0.148600 0.186000 0.138200 0.160900 0.138700 0.116200 0.191700 0.150500 0.137800 0.185800 0.151200 0.227900 0.161300 0.160300 0.104500 0.185000 0.163300 0.170300 0.124800 0.174300 0.019000 0.018900
Oribi 0.084300 0.304900 0.152800 0.152100 0.082600 0.084300 0.096400 0.040900 0.141900 0.119700 0.052500 0.054200 0.062200 0.085100 0.095300 0.041500 0.096800 0.120800 0.072700 0.141000 0.000000 0.083100 0.122200 0.121800 0.086300 0.074600 0.051800 0.153900 0.030900 0.163300 0.131200 0.062500 0.086200 0.083800 0.062000 0.110000 0.134400 0.095300 0.020200 0.132600 0.146300 0.121600 0.132600 0.108000 0.121300 0.084200 0.041600 0.094400 0.082400 0.144700 0.140000 0.139800
BarbaryShe 0.019800 0.419000 0.148100 0.171300 0.059900 0.019800 0.161600 0.081200 0.137500 0.093900 0.030200 0.074300 0.039700 0.126300 0.114400 0.104200 0.093800 0.094800 0.029500 0.136700 0.083100 0.000000 0.095500 0.095500 0.061800 0.072200 0.029700 0.149100 0.093000 0.158300 0.104900 0.103200 0.083400 0.060200 0.060500 0.129400 0.084400 0.071300 0.080900 0.105900 0.095500 0.140200 0.105800 0.082900 0.140500 0.125500 0.061100 0.113300 0.039100 0.164300 0.135800 0.135600
Daviddeer 0.096900 0.330000 0.187400 0.150100 0.118600 0.096900 0.207900 0.119100 0.152200 0.040700 0.064300 0.110900 0.096100 0.167400 0.130700 0.133000 0.062700 0.096900 0.084700 0.151200 0.122200 0.095500 0.000000 0.052100 0.075900 0.134100 0.085400 0.164400 0.121000 0.173400 0.051100 0.143500 0.096400 0.118800 0.108200 0.097600 0.148500 0.132300 0.119300 0.073300 0.020400 0.184600 0.051600 0.072600 0.108600 0.119500 0.097800 0.129400 0.084000 0.207000 0.150200 0.149900
Reindeer 0.074600 0.355800 0.187300 0.174900 0.095600 0.074600 0.207300 0.119000 0.176400 0.030400 0.086700 0.087700 0.096400 0.194000 0.130600 0.131900 0.052100 0.086200 0.084800 0.175300 0.121800 0.095500 0.052100 0.000000 0.098700 0.110200 0.085600 0.188900 0.120700 0.197500 0.040800 0.167600 0.108200 0.119200 0.108200 0.120700 0.148800 0.108500 0.119100 0.030700 0.052200 0.211100 0.041100 0.030400 0.131900 0.131500 0.097600 0.129200 0.084000 0.181200 0.173900 0.173500
Ibex 0.062700 0.365900 0.177700 0.177900 0.083700 0.062700 0.168000 0.084200 0.166500 0.097000 0.031300 0.100400 0.062300 0.131200 0.118500 0.108000 0.120300 0.121400 0.051500 0.165500 0.086300 0.061800 0.075900 0.098700 0.000000 0.097500 0.052000 0.179000 0.096500 0.188400 0.108400 0.107100 0.109400 0.084100 0.073600 0.134400 0.110900 0.096200 0.083900 0.109500 0.075700 0.145800 0.109500 0.085700 0.146100 0.130500 0.063400 0.117400 0.061400 0.196000 0.164400 0.164100
GyrantGaze 0.073400 0.381300 0.163800 0.190500 0.071400 0.073400 0.154700 0.072800 0.129600 0.108100 0.063300 0.065600 0.072900 0.142400 0.116400 0.073700 0.108400 0.109600 0.061900 0.128700 0.074600 0.072200 0.134100 0.110200 0.097500 0.000000 0.062500 0.141300 0.062700 0.173900 0.119600 0.117900 0.097500 0.094800 0.094800 0.098100 0.122600 0.083800 0.072900 0.120900 0.134000 0.133200 0.120800 0.096600 0.109100 0.118100 0.073900 0.105400 0.071600 0.167600 0.150800 0.150500
Hartebeest 0.030200 0.359800 0.115800 0.128300 0.050300 0.030200 0.128900 0.050700 0.127900 0.084100 0.020200 0.074300 0.009500 0.094500 0.104900 0.072700 0.062400 0.094700 0.019800 0.127100 0.051800 0.029700 0.085400 0.085600 0.052000 0.062500 0.000000 0.139500 0.061900 0.126000 0.095100 0.072100 0.052000 0.029600 0.050900 0.119700 0.063400 0.061700 0.050700 0.096100 0.085400 0.107700 0.096000 0.073100 0.130900 0.116200 0.030500 0.103900 0.029600 0.155100 0.104000 0.103800
Bongo 0.151300 0.352600 0.048600 0.209500 0.125500 0.151300 0.253900 0.174000 0.009600 0.161300 0.141300 0.119000 0.126700 0.213700 0.185100 0.151900 0.185800 0.187300 0.138200 0.029100 0.153900 0.149100 0.164400 0.188900 0.179000 0.141300 0.139500 0.000000 0.164000 0.048300 0.161500 0.187400 0.139200 0.173900 0.151400 0.128500 0.205800 0.138900 0.150400 0.199700 0.164400 0.243100 0.174600 0.161700 0.116400 0.198800 0.176700 0.183400 0.137000 0.187700 0.048700 0.048600
Gerenuk 0.094400 0.345800 0.163000 0.162700 0.092600 0.094400 0.129500 0.050900 0.152100 0.118600 0.062600 0.087300 0.072200 0.117700 0.105400 0.030500 0.107100 0.108100 0.082600 0.151100 0.030900 0.093000 0.121000 0.120700 0.096500 0.062700 0.061900 0.164000 0.000000 0.173300 0.130000 0.094400 0.096400 0.093800 0.094000 0.120300 0.144700 0.105400 0.030200 0.131400 0.144900 0.108200 0.131300 0.107000 0.131500 0.116900 0.051700 0.104300 0.092200 0.154800 0.150100 0.149800
CommonElan 0.160500 0.375600 0.048100 0.218300 0.158400 0.160500 0.275900 0.183000 0.038300 0.170000 0.150600 0.151000 0.113700 0.235400 0.218200 0.161000 0.170700 0.195600 0.147400 0.058200 0.163300 0.158300 0.173400 0.197500 0.188400 0.173900 0.126000 0.048300 0.173300 0.000000 0.170200 0.208900 0.159900 0.159600 0.160800 0.160900 0.214000 0.172700 0.159400 0.208000 0.173400 0.250900 0.183100 0.182300 0.148600 0.232400 0.161900 0.216400 0.146200 0.221400 0.038400 0.038200
MuntiacusR 0.106500 0.369100 0.160100 0.185600 0.082900 0.106500 0.216100 0.128100 0.149500 0.009800 0.096400 0.097300 0.105800 0.202800 0.139800 0.142000 0.051000 0.084200 0.094200 0.148600 0.131200 0.104900 0.051100 0.040800 0.108400 0.119600 0.095100 0.161500 0.130000 0.170200 0.000000 0.176600 0.105800 0.128400 0.117500 0.129900 0.158000 0.095100 0.128300 0.061300 0.051100 0.219700 0.019900 0.060800 0.117600 0.128400 0.107200 0.138300 0.093400 0.190200 0.147500 0.147200
HarveysDui 0.104800 0.359900 0.173600 0.154600 0.114800 0.104800 0.072000 0.082400 0.187100 0.164700 0.069000 0.098100 0.082400 0.040400 0.138900 0.100200 0.140900 0.166200 0.092800 0.186000 0.062500 0.103200 0.143500 0.167600 0.107100 0.117900 0.072100 0.187400 0.094400 0.208900 0.176600 0.000000 0.084400 0.081900 0.104900 0.155200 0.155600 0.128000 0.082400 0.178400 0.167800 0.142400 0.178400 0.128800 0.166800 0.127400 0.083600 0.137500 0.102600 0.217700 0.184800 0.184500
Pronghorn 0.084700 0.344700 0.126500 0.137500 0.094800 0.084700 0.143100 0.084200 0.139100 0.094700 0.074600 0.075400 0.062400 0.107600 0.140900 0.096700 0.072800 0.095800 0.072900 0.138200 0.086200 0.083400 0.096400 0.108200 0.109400 0.097500 0.052000 0.139200 0.096400 0.159900 0.105800 0.084400 0.000000 0.084100 0.107100 0.131100 0.134700 0.107600 0.083900 0.130300 0.096400 0.145600 0.106800 0.083700 0.142400 0.106400 0.085400 0.139400 0.072200 0.166500 0.137300 0.137000
BlueWildeb 0.061100 0.371900 0.149300 0.162600 0.081500 0.061100 0.138800 0.081900 0.161900 0.117100 0.051200 0.107400 0.039500 0.104400 0.138100 0.105100 0.094700 0.127800 0.050100 0.160900 0.083800 0.060200 0.118800 0.119200 0.084100 0.094800 0.029600 0.173900 0.093800 0.159600 0.128400 0.081900 0.084100 0.000000 0.082400 0.154200 0.096100 0.093600 0.082000 0.129700 0.118800 0.141600 0.129600 0.105700 0.165600 0.126300 0.061700 0.114000 0.059800 0.190900 0.136900 0.136700
Gemsbok 0.061400 0.375400 0.150400 0.200200 0.060700 0.061400 0.164300 0.104300 0.139600 0.106300 0.051600 0.075400 0.061100 0.128400 0.139100 0.105200 0.117000 0.118900 0.050500 0.138700 0.062000 0.060500 0.108200 0.108200 0.073600 0.094800 0.050900 0.151400 0.094000 0.160800 0.117500 0.104900 0.107100 0.082400 0.000000 0.155100 0.108400 0.072300 0.082500 0.118700 0.108200 0.166100 0.118600 0.095000 0.167100 0.127600 0.083700 0.137700 0.060200 0.142900 0.137900 0.137600
Yak 0.131400 0.346400 0.174600 0.163800 0.129100 0.131400 0.181900 0.107300 0.117000 0.118500 0.098000 0.076000 0.130600 0.169000 0.118600 0.132300 0.118600 0.143300 0.118500 0.116200 0.110000 0.129400 0.097600 0.120700 0.134400 0.098100 0.119700 0.128500 0.120300 0.160900 0.129900 0.155200 0.131100 0.154200 0.155100 0.000000 0.160100 0.143200 0.107400 0.131300 0.120800 0.197700 0.131200 0.107000 0.010200 0.131300 0.108900 0.106200 0.117200 0.192600 0.138100 0.137800
BlueSheep 0.085700 0.409800 0.204000 0.205800 0.107200 0.085700 0.195100 0.131000 0.193000 0.146000 0.075600 0.114100 0.073900 0.181700 0.168200 0.157400 0.146100 0.135400 0.073700 0.191700 0.134400 0.084400 0.148500 0.148800 0.110900 0.122600 0.063400 0.205800 0.144700 0.214000 0.158000 0.155600 0.134700 0.096100 0.108400 0.160100 0.000000 0.120500 0.131100 0.160000 0.148500 0.199800 0.159900 0.133600 0.171800 0.156300 0.109600 0.166100 0.083800 0.210700 0.189900 0.189500
BohorReedb 0.072300 0.429400 0.150600 0.213400 0.009800 0.072300 0.164900 0.093500 0.151500 0.084100 0.062400 0.087000 0.072000 0.152500 0.127700 0.116800 0.105800 0.107700 0.061100 0.150500 0.095300 0.071300 0.132300 0.108500 0.096200 0.083800 0.061700 0.138900 0.105400 0.172700 0.095100 0.128000 0.107600 0.093600 0.072300 0.143200 0.120500 0.000000 0.093600 0.119200 0.132200 0.179400 0.096000 0.084300 0.131000 0.139400 0.073000 0.126500 0.070900 0.130700 0.149500 0.149200
KirksDik 0.082100 0.328100 0.149300 0.148500 0.081400 0.082100 0.116600 0.040000 0.138700 0.116900 0.050800 0.075000 0.060800 0.105100 0.093300 0.040600 0.094600 0.118300 0.071100 0.137800 0.020200 0.080900 0.119300 0.119100 0.083900 0.072900 0.050700 0.150400 0.030200 0.159400 0.128300 0.082400 0.083900 0.082000 0.082500 0.107400 0.131100 0.093600 0.000000 0.129600 0.142800 0.118600 0.129500 0.105600 0.118400 0.104300 0.040600 0.092300 0.080700 0.118100 0.136800 0.136600
RoeDeer 0.085000 0.403600 0.197900 0.200200 0.106000 0.085000 0.218400 0.129500 0.187000 0.050800 0.097400 0.098500 0.106900 0.205100 0.141200 0.155400 0.073100 0.108100 0.095100 0.185800 0.132600 0.105900 0.073300 0.030700 0.109500 0.120900 0.096100 0.199700 0.131400 0.208000 0.061300 0.178400 0.130300 0.129700 0.118700 0.131300 0.160000 0.119200 0.129600 0.000000 0.073300 0.222500 0.061900 0.040400 0.142600 0.154000 0.108200 0.139600 0.094300 0.192100 0.184300 0.183900
WhiteLippe 0.096900 0.328400 0.187400 0.175200 0.118600 0.096900 0.234400 0.142600 0.152200 0.040700 0.086800 0.110800 0.096100 0.192600 0.154500 0.157200 0.062700 0.096900 0.084800 0.151200 0.146300 0.095500 0.020400 0.052200 0.075700 0.134000 0.085400 0.164400 0.144900 0.173400 0.051100 0.167800 0.096400 0.118800 0.108200 0.120800 0.148500 0.132200 0.142800 0.073300 0.000000 0.210500 0.051600 0.072700 0.132100 0.143000 0.121100 0.152900 0.084000 0.206900 0.150200 0.149900
ThomsonGaz 0.142500 0.458600 0.215000 0.191100 0.164100 0.142500 0.207200 0.118500 0.229600 0.207100 0.109100 0.163100 0.118400 0.167800 0.189800 0.120000 0.182100 0.209900 0.129300 0.227900 0.121600 0.140200 0.184600 0.211100 0.145800 0.133200 0.107700 0.243100 0.108200 0.250900 0.219700 0.142400 0.145600 0.141600 0.166100 0.197700 0.199800 0.179400 0.118600 0.222500 0.210500 0.000000 0.208500 0.193800 0.209700 0.192400 0.120400 0.176900 0.139000 0.275900 0.225800 0.225400
MuntiacusC 0.107400 0.373400 0.173100 0.174300 0.083600 0.107400 0.218500 0.129400 0.162300 0.009900 0.097300 0.098400 0.106800 0.205000 0.141200 0.143400 0.051400 0.085000 0.095100 0.161300 0.132600 0.105800 0.051600 0.041100 0.109500 0.120800 0.096000 0.174600 0.131300 0.183100 0.019900 0.178400 0.106800 0.129600 0.118600 0.131200 0.159900 0.096000 0.129500 0.061900 0.051600 0.208500 0.000000 0.061300 0.118800 0.130000 0.108200 0.139600 0.094200 0.191900 0.160000 0.159700
WhiteTaile 0.062400 0.366800 0.148300 0.172700 0.072200 0.062400 0.165600 0.105500 0.161300 0.050400 0.074000 0.074700 0.083600 0.153400 0.116700 0.130100 0.072500 0.084300 0.072400 0.160300 0.108000 0.082900 0.072600 0.030400 0.085700 0.096600 0.073100 0.161700 0.107000 0.182300 0.060800 0.128800 0.083700 0.105700 0.095000 0.107000 0.133600 0.084300 0.105600 0.040400 0.072700 0.193800 0.061300 0.000000 0.117900 0.129000 0.084700 0.115600 0.071800 0.165500 0.159300 0.158900
Cattle 0.142700 0.360600 0.161800 0.176000 0.117400 0.142700 0.193700 0.118300 0.105100 0.106400 0.109200 0.087000 0.141800 0.180700 0.129700 0.143700 0.129700 0.154500 0.129600 0.104500 0.121300 0.140500 0.108600 0.131900 0.146100 0.109100 0.130900 0.116400 0.131500 0.148600 0.117600 0.166800 0.142400 0.165600 0.167100 0.010200 0.171800 0.131000 0.118400 0.142600 0.132100 0.209700 0.118800 0.117900 0.000000 0.142600 0.120100 0.117100 0.128400 0.205000 0.126100 0.125800
RoyalAntel 0.127500 0.362200 0.222100 0.174100 0.125900 0.127500 0.164100 0.104200 0.186200 0.117300 0.095100 0.098200 0.103900 0.151700 0.093500 0.094300 0.117600 0.141700 0.115000 0.185000 0.084200 0.125500 0.119500 0.131500 0.130500 0.118100 0.116200 0.198800 0.116900 0.232400 0.128400 0.127400 0.106400 0.126300 0.127600 0.131300 0.156300 0.139400 0.104300 0.154000 0.143000 0.192400 0.130000 0.129000 0.142600 0.000000 0.105800 0.070900 0.124700 0.190600 0.208000 0.207600
Steenbok 0.062100 0.315900 0.151600 0.126500 0.061200 0.062100 0.118300 0.040600 0.164400 0.095900 0.030900 0.076100 0.040700 0.106700 0.083500 0.062400 0.073800 0.074200 0.050900 0.163300 0.041600 0.061100 0.097800 0.097600 0.063400 0.073900 0.030500 0.176700 0.051700 0.161900 0.107200 0.083600 0.085400 0.061700 0.083700 0.108900 0.109600 0.073000 0.040600 0.108200 0.121100 0.120400 0.108200 0.084700 0.120100 0.105800 0.000000 0.093600 0.060700 0.143500 0.138900 0.138600
Impala 0.115000 0.395400 0.206100 0.157600 0.113500 0.115000 0.149000 0.092300 0.171300 0.126900 0.083100 0.107700 0.092100 0.137300 0.039700 0.093200 0.127200 0.151400 0.081300 0.170300 0.094400 0.113300 0.129400 0.129200 0.117400 0.105400 0.103900 0.183400 0.104300 0.216400 0.138300 0.137500 0.139400 0.114000 0.137700 0.106200 0.166100 0.126500 0.092300 0.139600 0.152900 0.176900 0.139600 0.115600 0.117100 0.070900 0.093600 0.000000 0.102000 0.175400 0.192700 0.192400
Klipspring 0.039700 0.400200 0.136100 0.158800 0.059500 0.039700 0.160500 0.080700 0.125600 0.082600 0.029900 0.063100 0.039400 0.125500 0.103000 0.103300 0.082400 0.083400 0.029300 0.124800 0.082400 0.039100 0.084000 0.084000 0.061400 0.071600 0.029600 0.137000 0.092200 0.146200 0.093400 0.102600 0.072200 0.059800 0.060200 0.117200 0.083800 0.070900 0.080700 0.094300 0.084000 0.139000 0.094200 0.071800 0.128400 0.124700 0.060700 0.102000 0.000000 0.152300 0.124100 0.123800
ForestMusk 0.166900 0.408600 0.211200 0.237400 0.141000 0.166900 0.245000 0.165800 0.175500 0.177800 0.156600 0.134300 0.141700 0.245700 0.174300 0.142500 0.177400 0.154700 0.164300 0.174300 0.144700 0.164300 0.207000 0.181200 0.196000 0.167600 0.155100 0.187700 0.154800 0.221400 0.190200 0.217700 0.166500 0.190900 0.142900 0.192600 0.210700 0.130700 0.118100 0.192100 0.206900 0.275900 0.191900 0.165500 0.205000 0.190600 0.143500 0.175400 0.152300 0.000000 0.197200 0.196800
Bushbuck 0.137700 0.346700 0.048500 0.193800 0.135900 0.137700 0.249900 0.159800 0.038700 0.147300 0.127800 0.128500 0.092200 0.210600 0.194400 0.138200 0.148000 0.172500 0.125100 0.019000 0.140000 0.135800 0.150200 0.173900 0.164400 0.150800 0.104000 0.048700 0.150100 0.038400 0.147500 0.184800 0.137300 0.136900 0.137900 0.138100 0.189900 0.149500 0.136800 0.184300 0.150200 0.225800 0.160000 0.159300 0.126100 0.208000 0.138900 0.192700 0.124100 0.197200 0.000000 0.000000
GreaterKud 0.137500 0.346000 0.048400 0.193500 0.135700 0.137500 0.249400 0.159500 0.036800 0.147000 0.127600 0.128200 0.092000 0.210200 0.194000 0.137900 0.147700 0.172100 0.124900 0.018900 0.139800 0.135600 0.149900 0.173500 0.164100 0.150500 0.103800 0.048600 0.149800 0.038200 0.147200 0.184500 0.137000 0.136700 0.137600 0.137800 0.189500 0.149200 0.136600 0.183900 0.149900 0.225400 0.159700 0.158900 0.125800 0.207600 0.138600 0.192400 0.123800 0.196800 0.000000 0.000000
