CODONML (in paml version 4.10.7, June 2023)  /home/rachel/ruminants_paml/6406-phy-tree/ENSBTAT00000001547.fasta.phy
Model: free dN/dS Ratios for branches,  kappa = 2.000 fixed

Codon frequency model: F3x4
ns =  54  ls =  46

Codon usage in sequences
--------------------------------------------------------------------------------------------------------------------------------------
Phe TTT   0   0   0   0   0   0 | Ser TCT   0   0   0   0   0   0 | Tyr TAT   0   0   0   0   0   0 | Cys TGT   0   0   0   0   0   0
    TTC   1   1   1   1   1   1 |     TCC   2   2   2   2   2   2 |     TAC   0   0   0   0   0   0 |     TGC   0   0   0   0   0   0
Leu TTA   0   0   0   0   0   0 |     TCA   1   1   1   1   1   1 | *** TAA   0   0   0   0   0   0 | *** TGA   0   0   0   0   0   0
    TTG   3   3   3   3   3   3 |     TCG   0   0   0   0   0   0 |     TAG   0   0   0   0   0   0 | Trp TGG   0   0   0   0   0   0
--------------------------------------------------------------------------------------------------------------------------------------
Leu CTT   1   1   1   1   1   1 | Pro CCT   2   2   2   2   2   2 | His CAT   0   0   0   0   0   0 | Arg CGT   0   0   0   0   0   0
    CTC   0   0   0   0   0   0 |     CCC   1   1   1   0   1   1 |     CAC   1   1   1   1   1   1 |     CGC   1   1   1   1   1   1
    CTA   0   0   0   0   0   0 |     CCA   0   0   0   0   0   0 | Gln CAA   0   0   0   0   0   0 |     CGA   0   0   0   0   0   0
    CTG   2   2   2   2   2   2 |     CCG   0   0   0   1   0   0 |     CAG   1   1   1   1   1   1 |     CGG   0   0   0   0   0   0
--------------------------------------------------------------------------------------------------------------------------------------
Ile ATT   0   1   0   0   1   1 | Thr ACT   1   1   1   1   1   1 | Asn AAT   1   1   1   1   1   1 | Ser AGT   0   0   0   0   0   0
    ATC   1   0   1   1   0   0 |     ACC   1   1   1   1   1   1 |     AAC   0   0   0   0   0   0 |     AGC   1   1   1   1   1   1
    ATA   0   0   0   0   0   0 |     ACA   1   1   1   1   0   1 | Lys AAA   1   2   1   1   1   2 | Arg AGA   1   1   1   1   1   1
Met ATG   0   0   0   0   0   0 |     ACG   0   0   0   0   1   0 |     AAG   4   3   4   4   4   3 |     AGG   0   0   0   0   0   0
--------------------------------------------------------------------------------------------------------------------------------------
Val GTT   0   0   0   0   1   0 | Ala GCT   2   2   2   2   2   2 | Asp GAT   1   1   1   1   1   1 | Gly GGT   0   0   0   0   0   0
    GTC   0   1   0   0   0   0 |     GCC   1   1   1   1   1   1 |     GAC   1   1   1   1   1   1 |     GGC   2   2   2   2   1   1
    GTA   2   1   2   2   1   2 |     GCA   0   0   0   0   0   0 | Glu GAA   6   6   6   6   6   6 |     GGA   0   1   0   0   1   1
    GTG   0   0   0   0   0   0 |     GCG   0   0   0   0   0   0 |     GAG   1   1   1   1   1   1 |     GGG   2   1   2   2   2   2
--------------------------------------------------------------------------------------------------------------------------------------

--------------------------------------------------------------------------------------------------------------------------------------
Phe TTT   0   0   0   0   0   0 | Ser TCT   0   0   0   0   0   0 | Tyr TAT   0   0   0   0   0   0 | Cys TGT   0   0   0   0   0   0
    TTC   1   1   1   1   1   1 |     TCC   2   2   2   2   2   2 |     TAC   0   0   0   0   0   0 |     TGC   0   0   0   0   0   0
Leu TTA   0   0   0   0   0   0 |     TCA   1   1   1   1   1   1 | *** TAA   0   0   0   0   0   0 | *** TGA   0   0   0   0   0   0
    TTG   3   3   3   3   3   3 |     TCG   0   0   0   0   0   0 |     TAG   0   0   0   0   0   0 | Trp TGG   0   0   0   0   0   0
--------------------------------------------------------------------------------------------------------------------------------------
Leu CTT   1   1   1   1   1   1 | Pro CCT   2   2   2   1   2   2 | His CAT   0   0   0   0   0   0 | Arg CGT   0   0   0   0   0   0
    CTC   0   0   0   0   0   0 |     CCC   1   1   1   1   1   1 |     CAC   1   1   1   1   1   1 |     CGC   1   1   1   1   1   1
    CTA   0   0   0   0   0   0 |     CCA   0   0   0   1   0   0 | Gln CAA   0   0   0   0   0   0 |     CGA   0   0   0   0   0   0
    CTG   2   2   2   2   2   2 |     CCG   0   0   0   0   0   0 |     CAG   1   1   1   1   1   1 |     CGG   0   0   0   0   0   0
--------------------------------------------------------------------------------------------------------------------------------------
Ile ATT   0   0   0   0   0   0 | Thr ACT   1   1   1   1   1   1 | Asn AAT   1   1   1   1   1   1 | Ser AGT   0   0   0   0   0   0
    ATC   1   1   1   1   1   1 |     ACC   1   1   1   1   1   1 |     AAC   0   0   0   0   0   0 |     AGC   1   1   1   1   1   1
    ATA   0   0   0   0   0   0 |     ACA   1   1   1   1   1   1 | Lys AAA   1   1   1   1   1   1 | Arg AGA   1   1   1   1   1   1
Met ATG   0   0   0   0   0   0 |     ACG   0   0   0   0   0   0 |     AAG   4   4   4   4   4   4 |     AGG   0   0   0   0   0   0
--------------------------------------------------------------------------------------------------------------------------------------
Val GTT   0   0   0   0   0   0 | Ala GCT   2   2   2   2   2   2 | Asp GAT   1   1   1   1   1   1 | Gly GGT   0   0   0   0   0   0
    GTC   0   0   0   0   0   0 |     GCC   1   1   1   1   1   1 |     GAC   1   1   1   1   1   1 |     GGC   2   2   2   1   2   2
    GTA   2   2   2   2   2   2 |     GCA   0   0   0   0   0   0 | Glu GAA   6   6   6   6   6   6 |     GGA   0   0   0   1   0   0
    GTG   0   0   0   0   0   0 |     GCG   0   0   0   0   0   0 |     GAG   1   1   1   1   1   1 |     GGG   2   2   2   2   2   2
--------------------------------------------------------------------------------------------------------------------------------------

--------------------------------------------------------------------------------------------------------------------------------------
Phe TTT   0   0   0   0   0   0 | Ser TCT   0   0   0   0   0   0 | Tyr TAT   0   0   0   0   0   0 | Cys TGT   0   0   0   0   0   0
    TTC   1   1   1   1   1   1 |     TCC   2   2   2   2   2   2 |     TAC   0   0   0   0   0   0 |     TGC   0   0   0   0   0   0
Leu TTA   0   0   0   0   0   0 |     TCA   1   1   1   1   1   1 | *** TAA   0   0   0   0   0   0 | *** TGA   0   0   0   0   0   0
    TTG   3   3   3   3   3   3 |     TCG   0   0   0   0   0   0 |     TAG   0   0   0   0   0   0 | Trp TGG   0   0   0   0   0   0
--------------------------------------------------------------------------------------------------------------------------------------
Leu CTT   1   1   1   1   1   1 | Pro CCT   2   2   2   2   2   1 | His CAT   0   0   0   0   0   0 | Arg CGT   0   0   0   0   0   0
    CTC   0   0   0   0   0   0 |     CCC   1   1   1   1   1   1 |     CAC   1   1   1   1   1   1 |     CGC   1   1   1   1   1   1
    CTA   0   0   0   0   0   0 |     CCA   0   0   0   0   0   0 | Gln CAA   0   0   0   0   0   0 |     CGA   0   0   0   0   0   0
    CTG   2   2   2   2   2   2 |     CCG   0   0   0   0   0   1 |     CAG   1   1   1   1   1   1 |     CGG   0   0   0   0   0   0
--------------------------------------------------------------------------------------------------------------------------------------
Ile ATT   0   0   0   0   0   0 | Thr ACT   1   1   1   1   1   1 | Asn AAT   1   1   1   1   1   1 | Ser AGT   0   0   0   0   0   0
    ATC   1   1   1   1   1   1 |     ACC   1   1   1   1   1   1 |     AAC   0   0   0   0   0   0 |     AGC   1   1   1   1   1   1
    ATA   0   0   0   0   0   0 |     ACA   1   1   0   1   1   1 | Lys AAA   1   1   1   1   1   1 | Arg AGA   1   1   1   1   1   1
Met ATG   0   0   0   0   0   0 |     ACG   0   0   1   0   0   0 |     AAG   4   4   4   4   4   4 |     AGG   0   0   0   0   0   0
--------------------------------------------------------------------------------------------------------------------------------------
Val GTT   0   0   0   0   0   0 | Ala GCT   2   2   2   2   2   2 | Asp GAT   1   1   1   1   1   1 | Gly GGT   0   1   0   0   0   0
    GTC   0   0   0   0   0   0 |     GCC   1   1   1   1   1   1 |     GAC   1   1   1   1   1   1 |     GGC   2   1   2   2   2   2
    GTA   2   2   2   2   2   2 |     GCA   0   0   0   0   0   0 | Glu GAA   6   6   6   6   6   6 |     GGA   0   0   0   0   0   0
    GTG   0   0   0   0   0   0 |     GCG   0   0   0   0   0   0 |     GAG   1   1   1   1   1   1 |     GGG   2   2   2   2   2   2
--------------------------------------------------------------------------------------------------------------------------------------

--------------------------------------------------------------------------------------------------------------------------------------
Phe TTT   0   0   0   0   0   0 | Ser TCT   0   0   0   0   0   0 | Tyr TAT   0   0   0   0   0   0 | Cys TGT   0   0   0   0   0   0
    TTC   1   1   1   1   1   1 |     TCC   3   3   2   2   2   2 |     TAC   0   0   0   0   0   0 |     TGC   0   0   0   0   0   0
Leu TTA   0   0   0   0   0   0 |     TCA   0   0   1   1   1   1 | *** TAA   0   0   0   0   0   0 | *** TGA   0   0   0   0   0   0
    TTG   3   3   3   3   3   3 |     TCG   0   0   0   0   0   0 |     TAG   0   0   0   0   0   0 | Trp TGG   0   0   0   0   0   0
--------------------------------------------------------------------------------------------------------------------------------------
Leu CTT   1   1   1   1   1   1 | Pro CCT   2   2   2   2   1   2 | His CAT   0   0   0   0   0   0 | Arg CGT   0   0   0   0   0   0
    CTC   0   0   0   0   0   0 |     CCC   1   1   1   1   1   1 |     CAC   1   1   1   1   1   1 |     CGC   1   1   1   1   1   1
    CTA   0   0   0   0   0   0 |     CCA   0   0   0   0   1   0 | Gln CAA   0   0   0   0   0   0 |     CGA   0   0   0   0   0   0
    CTG   2   2   2   2   2   2 |     CCG   0   0   0   0   0   0 |     CAG   1   1   1   1   1   1 |     CGG   0   0   0   0   0   0
--------------------------------------------------------------------------------------------------------------------------------------
Ile ATT   0   0   0   0   0   0 | Thr ACT   1   1   1   1   1   1 | Asn AAT   1   1   1   1   1   1 | Ser AGT   0   0   0   0   0   0
    ATC   1   1   1   1   1   1 |     ACC   1   1   1   1   1   1 |     AAC   0   0   0   0   0   0 |     AGC   1   1   1   1   1   1
    ATA   0   0   0   0   0   0 |     ACA   1   1   1   1   1   1 | Lys AAA   1   1   1   1   1   1 | Arg AGA   1   1   1   1   1   1
Met ATG   0   0   0   0   0   0 |     ACG   0   0   0   0   0   0 |     AAG   4   4   4   4   4   4 |     AGG   0   0   0   0   0   0
--------------------------------------------------------------------------------------------------------------------------------------
Val GTT   0   0   0   0   0   0 | Ala GCT   2   2   2   2   2   2 | Asp GAT   1   1   1   1   1   1 | Gly GGT   0   0   0   0   0   0
    GTC   0   0   0   0   0   0 |     GCC   1   1   1   1   1   1 |     GAC   1   1   1   1   1   1 |     GGC   2   2   2   2   2   2
    GTA   2   2   2   2   2   2 |     GCA   0   0   0   0   0   0 | Glu GAA   6   6   6   6   6   6 |     GGA   0   0   0   0   0   0
    GTG   0   0   0   0   0   0 |     GCG   0   0   1   0   0   0 |     GAG   1   1   0   1   1   1 |     GGG   2   2   2   2   2   2
--------------------------------------------------------------------------------------------------------------------------------------

--------------------------------------------------------------------------------------------------------------------------------------
Phe TTT   0   0   0   0   0   0 | Ser TCT   0   0   0   0   0   0 | Tyr TAT   0   0   0   0   0   0 | Cys TGT   0   0   0   0   0   0
    TTC   1   1   1   1   1   1 |     TCC   2   2   2   2   2   2 |     TAC   0   0   0   0   0   0 |     TGC   0   0   0   0   0   0
Leu TTA   0   0   0   0   0   0 |     TCA   1   1   1   1   1   1 | *** TAA   0   0   0   0   0   0 | *** TGA   0   0   0   0   0   0
    TTG   3   3   3   3   3   3 |     TCG   0   0   0   0   0   0 |     TAG   0   0   0   0   0   0 | Trp TGG   0   0   0   0   0   0
--------------------------------------------------------------------------------------------------------------------------------------
Leu CTT   1   1   1   1   1   1 | Pro CCT   2   2   2   1   2   2 | His CAT   0   0   0   0   0   0 | Arg CGT   0   0   0   0   0   0
    CTC   0   0   0   0   0   0 |     CCC   1   1   1   1   1   1 |     CAC   1   1   1   1   1   1 |     CGC   1   1   1   1   1   1
    CTA   0   0   0   0   0   0 |     CCA   0   0   0   0   0   0 | Gln CAA   0   0   0   0   0   0 |     CGA   0   0   0   0   0   0
    CTG   2   2   2   2   2   2 |     CCG   0   0   0   1   0   0 |     CAG   1   1   1   1   1   1 |     CGG   0   0   0   0   0   0
--------------------------------------------------------------------------------------------------------------------------------------
Ile ATT   0   0   0   0   0   0 | Thr ACT   1   1   1   1   1   0 | Asn AAT   1   1   1   1   1   1 | Ser AGT   0   0   0   0   0   0
    ATC   1   1   1   1   1   1 |     ACC   1   1   1   1   1   2 |     AAC   0   0   0   0   0   0 |     AGC   1   1   1   1   1   1
    ATA   0   0   0   0   0   0 |     ACA   1   1   1   1   0   1 | Lys AAA   1   1   1   1   1   1 | Arg AGA   1   1   1   1   1   1
Met ATG   0   0   0   0   0   0 |     ACG   0   0   0   0   1   0 |     AAG   4   4   4   4   4   4 |     AGG   0   0   0   0   0   0
--------------------------------------------------------------------------------------------------------------------------------------
Val GTT   0   0   0   0   0   0 | Ala GCT   2   2   2   1   2   2 | Asp GAT   1   2   1   1   1   1 | Gly GGT   0   0   0   0   0   0
    GTC   0   0   0   0   0   0 |     GCC   1   1   1   2   1   1 |     GAC   1   0   1   1   1   1 |     GGC   2   2   2   2   2   2
    GTA   2   2   2   2   2   2 |     GCA   0   0   0   0   0   0 | Glu GAA   6   6   6   6   6   6 |     GGA   0   0   0   0   0   0
    GTG   0   0   0   0   0   0 |     GCG   0   0   0   0   0   0 |     GAG   1   1   1   1   1   1 |     GGG   2   2   2   2   2   2
--------------------------------------------------------------------------------------------------------------------------------------

--------------------------------------------------------------------------------------------------------------------------------------
Phe TTT   0   0   0   0   0   0 | Ser TCT   0   0   0   0   0   0 | Tyr TAT   0   0   0   0   0   0 | Cys TGT   0   0   0   0   0   0
    TTC   1   1   1   1   1   1 |     TCC   2   2   2   2   2   2 |     TAC   0   0   0   0   0   0 |     TGC   0   0   0   0   0   0
Leu TTA   0   0   0   0   0   0 |     TCA   1   1   1   1   1   1 | *** TAA   0   0   0   0   0   0 | *** TGA   0   0   0   0   0   0
    TTG   3   3   3   3   3   3 |     TCG   0   0   0   0   0   0 |     TAG   0   0   0   0   0   0 | Trp TGG   0   0   0   0   0   0
--------------------------------------------------------------------------------------------------------------------------------------
Leu CTT   1   1   1   1   1   1 | Pro CCT   1   2   2   2   2   2 | His CAT   0   0   0   0   0   0 | Arg CGT   0   0   0   0   0   0
    CTC   0   0   0   0   0   0 |     CCC   1   1   1   1   1   1 |     CAC   1   1   1   1   1   1 |     CGC   1   1   1   1   1   1
    CTA   0   0   0   0   0   0 |     CCA   1   0   0   0   0   0 | Gln CAA   0   0   0   0   0   0 |     CGA   0   0   0   0   0   0
    CTG   2   2   2   2   2   2 |     CCG   0   0   0   0   0   0 |     CAG   1   1   1   1   1   1 |     CGG   0   0   0   0   0   0
--------------------------------------------------------------------------------------------------------------------------------------
Ile ATT   0   0   0   0   0   0 | Thr ACT   1   1   1   1   1   1 | Asn AAT   1   1   1   1   1   1 | Ser AGT   0   0   0   0   0   0
    ATC   1   1   1   1   1   1 |     ACC   1   1   1   1   1   1 |     AAC   0   0   0   0   0   0 |     AGC   1   1   0   1   1   1
    ATA   0   0   0   0   0   0 |     ACA   1   1   1   1   1   0 | Lys AAA   1   1   1   1   1   1 | Arg AGA   1   1   1   1   1   1
Met ATG   0   0   0   0   0   0 |     ACG   0   0   0   0   0   1 |     AAG   4   4   4   4   4   4 |     AGG   0   0   0   0   0   0
--------------------------------------------------------------------------------------------------------------------------------------
Val GTT   0   0   0   0   0   0 | Ala GCT   2   2   2   1   2   2 | Asp GAT   1   1   1   1   1   1 | Gly GGT   0   0   0   0   0   0
    GTC   0   0   0   0   0   0 |     GCC   1   1   1   2   1   1 |     GAC   1   1   1   1   1   1 |     GGC   2   2   2   2   2   2
    GTA   2   2   2   2   2   2 |     GCA   0   0   0   0   0   0 | Glu GAA   6   6   6   6   6   6 |     GGA   0   0   1   0   0   0
    GTG   0   0   0   0   0   0 |     GCG   0   0   0   0   0   0 |     GAG   1   1   1   1   1   1 |     GGG   2   2   2   2   2   2
--------------------------------------------------------------------------------------------------------------------------------------

--------------------------------------------------------------------------------------------------------------------------------------
Phe TTT   0   0   0   0   0   0 | Ser TCT   0   0   0   0   0   0 | Tyr TAT   0   0   0   0   0   0 | Cys TGT   0   0   0   0   0   0
    TTC   1   1   1   1   1   1 |     TCC   2   2   2   2   2   2 |     TAC   0   0   0   0   0   0 |     TGC   0   0   0   0   0   0
Leu TTA   0   0   0   0   0   0 |     TCA   1   1   1   1   1   1 | *** TAA   0   0   0   0   0   0 | *** TGA   0   0   0   0   0   0
    TTG   3   3   4   3   3   3 |     TCG   0   0   0   0   0   0 |     TAG   0   0   0   0   0   0 | Trp TGG   0   0   0   0   0   0
--------------------------------------------------------------------------------------------------------------------------------------
Leu CTT   1   1   1   1   1   1 | Pro CCT   2   2   2   2   1   2 | His CAT   0   0   0   0   0   0 | Arg CGT   0   0   0   0   0   0
    CTC   0   0   0   0   0   0 |     CCC   1   1   1   1   1   1 |     CAC   1   1   1   1   1   1 |     CGC   1   1   1   1   1   1
    CTA   0   0   0   0   1   0 |     CCA   0   0   0   0   0   0 | Gln CAA   0   0   0   0   0   0 |     CGA   0   0   0   0   0   0
    CTG   2   2   1   2   1   2 |     CCG   0   0   0   0   1   0 |     CAG   1   1   1   1   1   1 |     CGG   0   0   0   0   0   0
--------------------------------------------------------------------------------------------------------------------------------------
Ile ATT   0   0   0   0   0   0 | Thr ACT   1   1   1   1   1   1 | Asn AAT   1   1   1   1   1   1 | Ser AGT   0   0   0   0   0   0
    ATC   1   1   1   1   1   1 |     ACC   1   1   1   1   1   1 |     AAC   0   0   0   0   0   0 |     AGC   1   1   1   1   1   1
    ATA   0   0   0   0   0   0 |     ACA   0   1   1   1   1   1 | Lys AAA   1   1   1   1   1   1 | Arg AGA   1   1   1   1   1   1
Met ATG   0   0   0   0   0   0 |     ACG   1   0   0   0   0   0 |     AAG   4   4   4   4   4   4 |     AGG   0   0   0   0   0   0
--------------------------------------------------------------------------------------------------------------------------------------
Val GTT   0   0   0   0   0   0 | Ala GCT   2   2   1   2   2   2 | Asp GAT   1   1   1   1   1   1 | Gly GGT   0   0   0   0   0   0
    GTC   0   0   0   0   0   0 |     GCC   1   1   1   1   1   1 |     GAC   1   1   1   1   1   1 |     GGC   2   2   2   2   2   2
    GTA   2   2   2   2   2   2 |     GCA   0   0   0   0   0   0 | Glu GAA   6   6   6   6   6   6 |     GGA   0   0   0   0   0   0
    GTG   0   0   0   0   0   0 |     GCG   0   0   1   0   0   0 |     GAG   1   1   1   1   1   1 |     GGG   2   2   2   2   2   2
--------------------------------------------------------------------------------------------------------------------------------------

--------------------------------------------------------------------------------------------------------------------------------------
Phe TTT   0   0   0   0   0   0 | Ser TCT   0   0   0   0   0   0 | Tyr TAT   0   0   0   0   0   0 | Cys TGT   0   0   0   0   0   0
    TTC   1   1   1   1   1   1 |     TCC   2   2   2   2   2   2 |     TAC   0   0   0   0   0   0 |     TGC   0   0   0   0   0   0
Leu TTA   0   0   0   0   0   0 |     TCA   1   1   1   1   1   1 | *** TAA   0   0   0   0   0   0 | *** TGA   0   0   0   0   0   0
    TTG   3   3   3   3   3   3 |     TCG   0   0   0   0   0   0 |     TAG   0   0   0   0   0   0 | Trp TGG   0   0   0   0   0   0
--------------------------------------------------------------------------------------------------------------------------------------
Leu CTT   1   1   1   1   1   1 | Pro CCT   2   1   2   2   2   2 | His CAT   0   0   0   0   0   0 | Arg CGT   0   0   0   0   0   0
    CTC   0   0   0   0   0   0 |     CCC   1   1   1   1   1   1 |     CAC   1   1   1   1   1   1 |     CGC   1   1   1   1   1   1
    CTA   0   0   0   0   0   0 |     CCA   0   0   0   0   0   0 | Gln CAA   0   0   0   0   0   0 |     CGA   0   0   0   0   0   0
    CTG   2   2   2   2   2   2 |     CCG   0   1   0   0   0   0 |     CAG   1   1   1   1   1   1 |     CGG   0   0   0   0   0   0
--------------------------------------------------------------------------------------------------------------------------------------
Ile ATT   0   0   0   0   0   0 | Thr ACT   1   1   1   1   1   1 | Asn AAT   1   1   1   1   1   1 | Ser AGT   0   0   0   0   0   0
    ATC   1   1   1   1   1   1 |     ACC   1   1   1   1   1   1 |     AAC   0   0   0   0   0   0 |     AGC   1   1   1   1   1   1
    ATA   0   0   0   0   0   0 |     ACA   1   1   1   1   1   1 | Lys AAA   1   1   1   1   1   1 | Arg AGA   1   1   1   1   1   1
Met ATG   0   0   0   0   0   0 |     ACG   0   0   0   0   0   0 |     AAG   4   4   4   4   4   4 |     AGG   0   0   0   0   0   0
--------------------------------------------------------------------------------------------------------------------------------------
Val GTT   0   0   0   0   0   0 | Ala GCT   2   1   2   2   2   2 | Asp GAT   1   1   1   1   1   1 | Gly GGT   0   0   0   0   0   0
    GTC   0   0   0   0   0   0 |     GCC   1   2   1   1   1   1 |     GAC   1   1   1   1   1   1 |     GGC   2   2   1   2   2   2
    GTA   2   2   2   2   2   2 |     GCA   0   0   0   0   0   0 | Glu GAA   6   6   6   6   6   6 |     GGA   0   0   1   0   0   0
    GTG   0   0   0   0   0   0 |     GCG   0   0   0   0   0   0 |     GAG   1   1   1   1   1   1 |     GGG   2   2   2   2   2   2
--------------------------------------------------------------------------------------------------------------------------------------

--------------------------------------------------------------------------------------------------------------------------------------
Phe TTT   0   0   0   0   0   0 | Ser TCT   0   0   0   0   0   0 | Tyr TAT   0   0   0   0   0   0 | Cys TGT   0   0   0   0   0   0
    TTC   1   1   1   1   1   1 |     TCC   2   2   2   2   2   2 |     TAC   0   0   0   0   0   0 |     TGC   0   0   0   0   0   0
Leu TTA   0   0   0   0   0   0 |     TCA   1   1   1   1   1   1 | *** TAA   0   0   0   0   0   0 | *** TGA   0   0   0   0   0   0
    TTG   3   2   3   3   3   3 |     TCG   0   0   0   0   0   0 |     TAG   0   0   0   0   0   0 | Trp TGG   0   0   0   0   0   0
--------------------------------------------------------------------------------------------------------------------------------------
Leu CTT   1   1   1   1   1   1 | Pro CCT   1   1   1   2   2   2 | His CAT   0   0   0   0   0   0 | Arg CGT   0   0   0   0   0   0
    CTC   0   0   0   0   0   0 |     CCC   1   1   1   0   1   1 |     CAC   1   1   1   1   1   1 |     CGC   1   1   1   1   1   1
    CTA   0   0   0   0   0   0 |     CCA   0   0   0   0   0   0 | Gln CAA   0   0   0   0   0   0 |     CGA   0   0   0   0   0   0
    CTG   2   3   2   2   2   2 |     CCG   1   1   1   1   0   0 |     CAG   1   1   1   1   1   1 |     CGG   0   0   0   0   0   0
--------------------------------------------------------------------------------------------------------------------------------------
Ile ATT   0   0   0   0   0   0 | Thr ACT   1   1   1   1   1   1 | Asn AAT   1   1   1   1   1   1 | Ser AGT   0   0   0   0   0   0
    ATC   1   1   1   1   1   1 |     ACC   1   1   1   1   1   1 |     AAC   0   0   0   0   0   0 |     AGC   0   1   1   1   1   1
    ATA   0   0   0   0   0   0 |     ACA   1   1   1   1   1   1 | Lys AAA   1   1   1   1   1   1 | Arg AGA   1   1   1   1   1   1
Met ATG   0   0   0   0   0   0 |     ACG   0   0   0   0   0   0 |     AAG   4   4   4   4   4   4 |     AGG   0   0   0   0   0   0
--------------------------------------------------------------------------------------------------------------------------------------
Val GTT   0   0   0   0   0   0 | Ala GCT   2   2   2   2   2   2 | Asp GAT   1   1   1   1   1   1 | Gly GGT   0   0   0   0   0   0
    GTC   0   0   0   0   0   0 |     GCC   1   1   1   1   1   1 |     GAC   1   1   1   1   1   1 |     GGC   3   2   2   2   2   2
    GTA   2   2   2   2   2   2 |     GCA   0   0   0   0   0   0 | Glu GAA   6   6   6   6   6   6 |     GGA   0   0   0   0   0   0
    GTG   0   0   0   0   0   0 |     GCG   0   0   0   0   0   0 |     GAG   1   1   1   1   1   1 |     GGG   2   2   2   2   2   2
--------------------------------------------------------------------------------------------------------------------------------------

Codon position x base (3x4) table for each sequence.

#1: Argali         
position  1:    T:0.15217    C:0.19565    A:0.26087    G:0.39130
position  2:    T:0.21739    C:0.26087    A:0.36957    G:0.15217
position  3:    T:0.17391    C:0.28261    A:0.26087    G:0.28261
Average         T:0.18116    C:0.24638    A:0.29710    G:0.27536

#2: LesserMouseDeer
position  1:    T:0.15217    C:0.19565    A:0.26087    G:0.39130
position  2:    T:0.21739    C:0.26087    A:0.36957    G:0.15217
position  3:    T:0.19565    C:0.28261    A:0.28261    G:0.23913
Average         T:0.18841    C:0.24638    A:0.30435    G:0.26087

#3: LesserKudu     
position  1:    T:0.15217    C:0.19565    A:0.26087    G:0.39130
position  2:    T:0.21739    C:0.26087    A:0.36957    G:0.15217
position  3:    T:0.17391    C:0.28261    A:0.26087    G:0.28261
Average         T:0.18116    C:0.24638    A:0.29710    G:0.27536

#4: ForestMuskDeer2
position  1:    T:0.15217    C:0.19565    A:0.26087    G:0.39130
position  2:    T:0.21739    C:0.26087    A:0.36957    G:0.15217
position  3:    T:0.17391    C:0.26087    A:0.26087    G:0.30435
Average         T:0.18116    C:0.23913    A:0.29710    G:0.28261

#5: Camel          
position  1:    T:0.15217    C:0.19565    A:0.26087    G:0.39130
position  2:    T:0.21739    C:0.26087    A:0.36957    G:0.15217
position  3:    T:0.21739    C:0.23913    A:0.23913    G:0.30435
Average         T:0.19565    C:0.23188    A:0.28986    G:0.28261

#6: KillerWhale    
position  1:    T:0.15217    C:0.19565    A:0.26087    G:0.39130
position  2:    T:0.21739    C:0.26087    A:0.36957    G:0.15217
position  3:    T:0.19565    C:0.23913    A:0.30435    G:0.26087
Average         T:0.18841    C:0.23188    A:0.31159    G:0.26812

#7: DefassaWaterbuck
position  1:    T:0.15217    C:0.19565    A:0.26087    G:0.39130
position  2:    T:0.21739    C:0.26087    A:0.36957    G:0.15217
position  3:    T:0.17391    C:0.28261    A:0.26087    G:0.28261
Average         T:0.18116    C:0.24638    A:0.29710    G:0.27536

#8: Sheep          
position  1:    T:0.15217    C:0.19565    A:0.26087    G:0.39130
position  2:    T:0.21739    C:0.26087    A:0.36957    G:0.15217
position  3:    T:0.17391    C:0.28261    A:0.26087    G:0.28261
Average         T:0.18116    C:0.24638    A:0.29710    G:0.27536

#9: MaxwellsDuiker 
position  1:    T:0.15217    C:0.19565    A:0.26087    G:0.39130
position  2:    T:0.21739    C:0.26087    A:0.36957    G:0.15217
position  3:    T:0.17391    C:0.28261    A:0.26087    G:0.28261
Average         T:0.18116    C:0.24638    A:0.29710    G:0.27536

#10: GazellaPrzewalskyi
position  1:    T:0.15217    C:0.19565    A:0.26087    G:0.39130
position  2:    T:0.21739    C:0.26087    A:0.36957    G:0.15217
position  3:    T:0.15217    C:0.26087    A:0.30435    G:0.28261
Average         T:0.17391    C:0.23913    A:0.31159    G:0.27536

#11: MountainNyala  
position  1:    T:0.15217    C:0.19565    A:0.26087    G:0.39130
position  2:    T:0.21739    C:0.26087    A:0.36957    G:0.15217
position  3:    T:0.17391    C:0.28261    A:0.26087    G:0.28261
Average         T:0.18116    C:0.24638    A:0.29710    G:0.27536

#12: MuntiacusMuntjak
position  1:    T:0.15217    C:0.19565    A:0.26087    G:0.39130
position  2:    T:0.21739    C:0.26087    A:0.36957    G:0.15217
position  3:    T:0.17391    C:0.28261    A:0.26087    G:0.28261
Average         T:0.18116    C:0.24638    A:0.29710    G:0.27536

#13: goat           
position  1:    T:0.15217    C:0.19565    A:0.26087    G:0.39130
position  2:    T:0.21739    C:0.26087    A:0.36957    G:0.15217
position  3:    T:0.17391    C:0.28261    A:0.26087    G:0.28261
Average         T:0.18116    C:0.24638    A:0.29710    G:0.27536

#14: AfricanBuffalo 
position  1:    T:0.15217    C:0.19565    A:0.26087    G:0.39130
position  2:    T:0.21739    C:0.26087    A:0.36957    G:0.15217
position  3:    T:0.19565    C:0.26087    A:0.26087    G:0.28261
Average         T:0.18841    C:0.23913    A:0.29710    G:0.27536

#15: Topi           
position  1:    T:0.15217    C:0.19565    A:0.26087    G:0.39130
position  2:    T:0.21739    C:0.26087    A:0.36957    G:0.15217
position  3:    T:0.17391    C:0.28261    A:0.23913    G:0.30435
Average         T:0.18116    C:0.24638    A:0.28986    G:0.28261

#16: CommonDuiker   
position  1:    T:0.15217    C:0.19565    A:0.26087    G:0.39130
position  2:    T:0.21739    C:0.26087    A:0.36957    G:0.15217
position  3:    T:0.17391    C:0.28261    A:0.26087    G:0.28261
Average         T:0.18116    C:0.24638    A:0.29710    G:0.27536

#17: Suni           
position  1:    T:0.15217    C:0.19565    A:0.26087    G:0.39130
position  2:    T:0.21739    C:0.26087    A:0.36957    G:0.15217
position  3:    T:0.17391    C:0.28261    A:0.26087    G:0.28261
Average         T:0.18116    C:0.24638    A:0.29710    G:0.27536

#18: Springbuck     
position  1:    T:0.15217    C:0.19565    A:0.26087    G:0.39130
position  2:    T:0.21739    C:0.26087    A:0.36957    G:0.15217
position  3:    T:0.15217    C:0.28261    A:0.26087    G:0.30435
Average         T:0.17391    C:0.24638    A:0.29710    G:0.28261

#19: Okapi          
position  1:    T:0.15217    C:0.19565    A:0.26087    G:0.39130
position  2:    T:0.21739    C:0.26087    A:0.36957    G:0.15217
position  3:    T:0.17391    C:0.30435    A:0.23913    G:0.28261
Average         T:0.18116    C:0.25362    A:0.28986    G:0.27536

#20: Giraffe        
position  1:    T:0.15217    C:0.19565    A:0.26087    G:0.39130
position  2:    T:0.21739    C:0.26087    A:0.36957    G:0.15217
position  3:    T:0.17391    C:0.30435    A:0.23913    G:0.28261
Average         T:0.18116    C:0.25362    A:0.28986    G:0.27536

#21: TibetanAntelope
position  1:    T:0.15217    C:0.19565    A:0.26087    G:0.39130
position  2:    T:0.21739    C:0.28261    A:0.34783    G:0.15217
position  3:    T:0.17391    C:0.28261    A:0.26087    G:0.28261
Average         T:0.18116    C:0.25362    A:0.28986    G:0.27536

#22: Sitatunga      
position  1:    T:0.15217    C:0.19565    A:0.26087    G:0.39130
position  2:    T:0.21739    C:0.26087    A:0.36957    G:0.15217
position  3:    T:0.17391    C:0.28261    A:0.26087    G:0.28261
Average         T:0.18116    C:0.24638    A:0.29710    G:0.27536

#23: Oribi          
position  1:    T:0.15217    C:0.19565    A:0.26087    G:0.39130
position  2:    T:0.21739    C:0.26087    A:0.36957    G:0.15217
position  3:    T:0.15217    C:0.28261    A:0.28261    G:0.28261
Average         T:0.17391    C:0.24638    A:0.30435    G:0.27536

#24: BarbarySheep   
position  1:    T:0.15217    C:0.19565    A:0.26087    G:0.39130
position  2:    T:0.21739    C:0.26087    A:0.36957    G:0.15217
position  3:    T:0.17391    C:0.28261    A:0.26087    G:0.28261
Average         T:0.18116    C:0.24638    A:0.29710    G:0.27536

#25: Daviddeer      
position  1:    T:0.15217    C:0.19565    A:0.26087    G:0.39130
position  2:    T:0.21739    C:0.26087    A:0.36957    G:0.15217
position  3:    T:0.17391    C:0.28261    A:0.26087    G:0.28261
Average         T:0.18116    C:0.24638    A:0.29710    G:0.27536

#26: Reindeer       
position  1:    T:0.15217    C:0.19565    A:0.26087    G:0.39130
position  2:    T:0.21739    C:0.26087    A:0.36957    G:0.15217
position  3:    T:0.19565    C:0.26087    A:0.26087    G:0.28261
Average         T:0.18841    C:0.23913    A:0.29710    G:0.27536

#27: Ibex           
position  1:    T:0.15217    C:0.19565    A:0.26087    G:0.39130
position  2:    T:0.21739    C:0.26087    A:0.36957    G:0.15217
position  3:    T:0.17391    C:0.28261    A:0.26087    G:0.28261
Average         T:0.18116    C:0.24638    A:0.29710    G:0.27536

#28: GyrantGazelle  
position  1:    T:0.15217    C:0.19565    A:0.26087    G:0.39130
position  2:    T:0.21739    C:0.26087    A:0.36957    G:0.15217
position  3:    T:0.13043    C:0.30435    A:0.26087    G:0.30435
Average         T:0.16667    C:0.25362    A:0.29710    G:0.28261

#29: Hartebeest     
position  1:    T:0.15217    C:0.19565    A:0.26087    G:0.39130
position  2:    T:0.21739    C:0.26087    A:0.36957    G:0.15217
position  3:    T:0.17391    C:0.28261    A:0.23913    G:0.30435
Average         T:0.18116    C:0.24638    A:0.28986    G:0.28261

#30: Bongo          
position  1:    T:0.15217    C:0.19565    A:0.26087    G:0.39130
position  2:    T:0.21739    C:0.26087    A:0.36957    G:0.15217
position  3:    T:0.15217    C:0.30435    A:0.26087    G:0.28261
Average         T:0.17391    C:0.25362    A:0.29710    G:0.27536

#31: Gerenuk        
position  1:    T:0.15217    C:0.19565    A:0.26087    G:0.39130
position  2:    T:0.21739    C:0.26087    A:0.36957    G:0.15217
position  3:    T:0.15217    C:0.28261    A:0.28261    G:0.28261
Average         T:0.17391    C:0.24638    A:0.30435    G:0.27536

#32: CommonEland    
position  1:    T:0.15217    C:0.19565    A:0.26087    G:0.39130
position  2:    T:0.21739    C:0.26087    A:0.36957    G:0.15217
position  3:    T:0.17391    C:0.28261    A:0.26087    G:0.28261
Average         T:0.18116    C:0.24638    A:0.29710    G:0.27536

#33: MuntiacusReevesi
position  1:    T:0.15217    C:0.19565    A:0.23913    G:0.41304
position  2:    T:0.21739    C:0.26087    A:0.36957    G:0.15217
position  3:    T:0.17391    C:0.26087    A:0.28261    G:0.28261
Average         T:0.18116    C:0.23913    A:0.29710    G:0.28261

#34: HarveysDuiker  
position  1:    T:0.15217    C:0.19565    A:0.26087    G:0.39130
position  2:    T:0.21739    C:0.26087    A:0.36957    G:0.15217
position  3:    T:0.15217    C:0.30435    A:0.26087    G:0.28261
Average         T:0.17391    C:0.25362    A:0.29710    G:0.27536

#35: Pronghorn      
position  1:    T:0.15217    C:0.19565    A:0.26087    G:0.39130
position  2:    T:0.21739    C:0.26087    A:0.36957    G:0.15217
position  3:    T:0.17391    C:0.28261    A:0.26087    G:0.28261
Average         T:0.18116    C:0.24638    A:0.29710    G:0.27536

#36: BlueWildebeest 
position  1:    T:0.15217    C:0.19565    A:0.26087    G:0.39130
position  2:    T:0.21739    C:0.26087    A:0.36957    G:0.15217
position  3:    T:0.17391    C:0.28261    A:0.23913    G:0.30435
Average         T:0.18116    C:0.24638    A:0.28986    G:0.28261

#37: Gemsbok        
position  1:    T:0.15217    C:0.19565    A:0.26087    G:0.39130
position  2:    T:0.21739    C:0.26087    A:0.36957    G:0.15217
position  3:    T:0.17391    C:0.28261    A:0.23913    G:0.30435
Average         T:0.18116    C:0.24638    A:0.28986    G:0.28261

#38: Yak            
position  1:    T:0.15217    C:0.19565    A:0.26087    G:0.39130
position  2:    T:0.21739    C:0.26087    A:0.36957    G:0.15217
position  3:    T:0.17391    C:0.28261    A:0.26087    G:0.28261
Average         T:0.18116    C:0.24638    A:0.29710    G:0.27536

#39: BlueSheep      
position  1:    T:0.17391    C:0.17391    A:0.26087    G:0.39130
position  2:    T:0.21739    C:0.26087    A:0.36957    G:0.15217
position  3:    T:0.15217    C:0.28261    A:0.26087    G:0.30435
Average         T:0.18116    C:0.23913    A:0.29710    G:0.28261

#40: BohorReedbuck  
position  1:    T:0.15217    C:0.19565    A:0.26087    G:0.39130
position  2:    T:0.21739    C:0.26087    A:0.36957    G:0.15217
position  3:    T:0.17391    C:0.28261    A:0.26087    G:0.28261
Average         T:0.18116    C:0.24638    A:0.29710    G:0.27536

#41: KirksDik       
position  1:    T:0.15217    C:0.19565    A:0.26087    G:0.39130
position  2:    T:0.21739    C:0.26087    A:0.36957    G:0.15217
position  3:    T:0.15217    C:0.28261    A:0.28261    G:0.28261
Average         T:0.17391    C:0.24638    A:0.30435    G:0.27536

#42: RoeDeer        
position  1:    T:0.15217    C:0.19565    A:0.26087    G:0.39130
position  2:    T:0.21739    C:0.26087    A:0.36957    G:0.15217
position  3:    T:0.17391    C:0.28261    A:0.26087    G:0.28261
Average         T:0.18116    C:0.24638    A:0.29710    G:0.27536

#43: WhiteLippedDeer
position  1:    T:0.15217    C:0.19565    A:0.26087    G:0.39130
position  2:    T:0.21739    C:0.26087    A:0.36957    G:0.15217
position  3:    T:0.17391    C:0.28261    A:0.26087    G:0.28261
Average         T:0.18116    C:0.24638    A:0.29710    G:0.27536

#44: ThomsonGazelle 
position  1:    T:0.15217    C:0.19565    A:0.26087    G:0.39130
position  2:    T:0.21739    C:0.26087    A:0.36957    G:0.15217
position  3:    T:0.13043    C:0.30435    A:0.26087    G:0.30435
Average         T:0.16667    C:0.25362    A:0.29710    G:0.28261

#45: MuntiacusCrinifrons
position  1:    T:0.15217    C:0.19565    A:0.26087    G:0.39130
position  2:    T:0.21739    C:0.26087    A:0.36957    G:0.15217
position  3:    T:0.17391    C:0.26087    A:0.28261    G:0.28261
Average         T:0.18116    C:0.23913    A:0.30435    G:0.27536

#46: WhiteTailedDeer
position  1:    T:0.15217    C:0.19565    A:0.26087    G:0.39130
position  2:    T:0.21739    C:0.26087    A:0.36957    G:0.15217
position  3:    T:0.17391    C:0.28261    A:0.26087    G:0.28261
Average         T:0.18116    C:0.24638    A:0.29710    G:0.27536

#47: Cattle         
position  1:    T:0.15217    C:0.19565    A:0.26087    G:0.39130
position  2:    T:0.21739    C:0.26087    A:0.36957    G:0.15217
position  3:    T:0.17391    C:0.28261    A:0.26087    G:0.28261
Average         T:0.18116    C:0.24638    A:0.29710    G:0.27536

#48: RoyalAntelope  
position  1:    T:0.15217    C:0.19565    A:0.26087    G:0.39130
position  2:    T:0.21739    C:0.26087    A:0.36957    G:0.15217
position  3:    T:0.17391    C:0.28261    A:0.26087    G:0.28261
Average         T:0.18116    C:0.24638    A:0.29710    G:0.27536

#49: Steenbok       
position  1:    T:0.15217    C:0.19565    A:0.23913    G:0.41304
position  2:    T:0.21739    C:0.26087    A:0.36957    G:0.15217
position  3:    T:0.15217    C:0.28261    A:0.26087    G:0.30435
Average         T:0.17391    C:0.24638    A:0.28986    G:0.28986

#50: Impala         
position  1:    T:0.13043    C:0.21739    A:0.26087    G:0.39130
position  2:    T:0.21739    C:0.26087    A:0.36957    G:0.15217
position  3:    T:0.15217    C:0.28261    A:0.26087    G:0.30435
Average         T:0.16667    C:0.25362    A:0.29710    G:0.28261

#51: Klipspringer   
position  1:    T:0.15217    C:0.19565    A:0.26087    G:0.39130
position  2:    T:0.21739    C:0.26087    A:0.36957    G:0.15217
