1
52 1
Argali 0.000000 0.217300 0.049300 0.273900 0.000000 0.000000 0.163600 0.104200 0.097900 0.049500 0.049500 0.049500 0.050200 0.107400 0.000200 0.049500 0.210800 0.099500 0.049500 0.049500 0.049500 0.000000 0.049500 0.049500 0.049500 0.049500 0.050200 0.049500 0.049500 0.100200 0.050900 0.107400 0.289400 0.050200 0.151800 0.100700 0.049500 0.048900 0.049500 0.049500 0.106400 0.100200 0.049200 0.000000 0.100700 0.049500 0.050200 0.047900 0.049500 0.104200 0.049500 0.050000
LesserMous 0.217300 0.000000 0.163200 0.211200 0.217300 0.217300 0.302200 0.232100 0.217800 0.163200 0.163200 0.163200 0.165300 0.238300 0.209000 0.163200 0.215800 0.101600 0.163200 0.163200 0.163200 0.217300 0.163200 0.163200 0.163200 0.163200 0.165300 0.163200 0.163200 0.219900 0.168300 0.238300 0.448100 0.165300 0.273000 0.222900 0.163200 0.161600 0.163200 0.163200 0.234600 0.219900 0.163200 0.217300 0.222900 0.163200 0.165000 0.156600 0.163200 0.229400 0.163200 0.164000
LesserKudu 0.049300 0.163200 0.000000 0.219700 0.049500 0.049500 0.111200 0.052600 0.049300 0.000000 0.000000 0.000000 0.000200 0.054800 0.047900 0.000000 0.159100 0.050000 0.000000 0.000000 0.000000 0.049500 0.000000 0.000000 0.000000 0.000000 0.000200 0.000000 0.000000 0.050700 0.000200 0.054800 0.233100 0.000200 0.102600 0.050800 0.000000 0.104200 0.000000 0.000000 0.054000 0.050700 0.000000 0.049500 0.050800 0.000000 0.000200 0.000200 0.000000 0.052900 0.000000 0.000200
KillerWhal 0.273900 0.211200 0.219700 0.000000 0.273900 0.273900 0.362500 0.292700 0.275900 0.219700 0.219700 0.219700 0.222700 0.296200 0.263100 0.219700 0.272600 0.153700 0.219700 0.219700 0.219700 0.273900 0.219700 0.219700 0.219700 0.219700 0.222700 0.219700 0.219700 0.279600 0.226300 0.296200 0.506200 0.222700 0.337100 0.282800 0.219700 0.350800 0.219700 0.219700 0.281300 0.279600 0.219700 0.273900 0.282800 0.219700 0.221800 0.210600 0.219700 0.288200 0.219700 0.220300
DefassaWat 0.000000 0.217300 0.049500 0.273900 0.000000 0.000000 0.163600 0.104200 0.097900 0.049500 0.049500 0.049500 0.050200 0.107400 0.000200 0.049500 0.210800 0.099500 0.049500 0.049500 0.049500 0.000000 0.049500 0.049500 0.049500 0.049500 0.050200 0.049500 0.049500 0.100200 0.050900 0.107400 0.289400 0.050200 0.151800 0.100700 0.049500 0.048900 0.049500 0.049500 0.106400 0.100200 0.049500 0.000000 0.100700 0.049500 0.050200 0.047900 0.049500 0.104200 0.049500 0.050000
Sheep 0.000000 0.217300 0.049500 0.273900 0.000000 0.000000 0.163600 0.104200 0.097900 0.049500 0.049500 0.049500 0.050200 0.107400 0.000200 0.049500 0.210800 0.099500 0.049500 0.049500 0.049500 0.000000 0.049500 0.049500 0.049500 0.049500 0.050200 0.049500 0.049500 0.100200 0.050900 0.107400 0.289400 0.050200 0.151800 0.100700 0.049500 0.048900 0.049500 0.049500 0.106400 0.100200 0.049500 0.000000 0.100700 0.049500 0.050200 0.047900 0.049500 0.104200 0.049500 0.050000
MaxwellsDu 0.163600 0.302200 0.111200 0.362500 0.163600 0.163600 0.000000 0.176500 0.162500 0.111200 0.111200 0.111200 0.101200 0.056700 0.158200 0.111200 0.294600 0.166000 0.111200 0.111200 0.111200 0.163600 0.111200 0.111200 0.111200 0.111200 0.101200 0.111200 0.111200 0.052700 0.114800 0.056700 0.170200 0.101200 0.231100 0.169300 0.111200 0.231100 0.111200 0.111200 0.182300 0.052700 0.111200 0.163600 0.169300 0.111200 0.112900 0.107500 0.111200 0.156900 0.111200 0.112200
GazellaPrz 0.104200 0.232100 0.052600 0.292700 0.104200 0.104200 0.176500 0.000000 0.103700 0.052800 0.052800 0.052800 0.053500 0.115900 0.100700 0.052800 0.224800 0.105600 0.052800 0.052800 0.052800 0.104200 0.052800 0.052800 0.052800 0.052800 0.053500 0.052800 0.052800 0.106700 0.054400 0.115900 0.309800 0.053500 0.160700 0.107300 0.052800 0.165700 0.052800 0.052800 0.113800 0.106700 0.052800 0.104200 0.107300 0.052800 0.053600 0.050900 0.052800 0.111900 0.052800 0.053300
MountainNy 0.097900 0.217800 0.049300 0.275900 0.097900 0.097900 0.162500 0.103700 0.000000 0.049300 0.049300 0.049300 0.049900 0.106800 0.094900 0.049300 0.209500 0.099000 0.049300 0.049300 0.049300 0.097900 0.049300 0.049300 0.048100 0.049300 0.049900 0.049300 0.049300 0.099700 0.050600 0.106800 0.287200 0.049900 0.150900 0.100200 0.049300 0.154800 0.049300 0.049300 0.105800 0.099700 0.049300 0.097900 0.100200 0.049300 0.050000 0.047700 0.049300 0.103500 0.049300 0.050000
MuntiacusM 0.049500 0.163200 0.000000 0.219700 0.049500 0.049500 0.111200 0.052800 0.049300 0.000000 0.000000 0.000000 0.000200 0.054800 0.047900 0.000000 0.159100 0.050000 0.000000 0.000000 0.000000 0.049500 0.000000 0.000000 0.000000 0.000000 0.000200 0.000000 0.000000 0.050700 0.000200 0.054800 0.233100 0.000200 0.102600 0.050800 0.000000 0.104200 0.000000 0.000000 0.054000 0.050700 0.000000 0.049500 0.050800 0.000000 0.000200 0.000200 0.000000 0.052900 0.000000 0.000200
goat 0.049500 0.163200 0.000000 0.219700 0.049500 0.049500 0.111200 0.052800 0.049300 0.000000 0.000000 0.000000 0.000200 0.054800 0.047900 0.000000 0.159100 0.050000 0.000000 0.000000 0.000000 0.049500 0.000000 0.000000 0.000000 0.000000 0.000200 0.000000 0.000000 0.050700 0.000200 0.054800 0.233100 0.000200 0.102600 0.050800 0.000000 0.104200 0.000000 0.000000 0.054000 0.050700 0.000000 0.049500 0.050800 0.000000 0.000200 0.000200 0.000000 0.052900 0.000000 0.000200
AfricanBuf 0.049500 0.163200 0.000000 0.219700 0.049500 0.049500 0.111200 0.052800 0.049300 0.000000 0.000000 0.000000 0.000200 0.054800 0.047900 0.000000 0.159100 0.050000 0.000000 0.000000 0.000000 0.049500 0.000000 0.000000 0.000000 0.000000 0.000200 0.000000 0.000000 0.050700 0.000200 0.054800 0.233100 0.000200 0.102600 0.050800 0.000000 0.104200 0.000000 0.000000 0.054000 0.050700 0.000000 0.049500 0.050800 0.000000 0.000200 0.000200 0.000000 0.052900 0.000000 0.000200
Topi 0.050200 0.165300 0.000200 0.222700 0.050200 0.050200 0.101200 0.053500 0.049900 0.000200 0.000200 0.000200 0.000000 0.055700 0.048300 0.000200 0.161900 0.050800 0.000200 0.000200 0.000200 0.050200 0.000200 0.000200 0.000200 0.000200 0.000000 0.000200 0.000200 0.016500 0.000300 0.055700 0.221000 0.000000 0.104200 0.051300 0.000200 0.105900 0.000200 0.000200 0.054900 0.016500 0.000200 0.050200 0.051300 0.000200 0.000200 0.000300 0.000200 0.053400 0.000200 0.000300
CommonDuik 0.107400 0.238300 0.054800 0.296200 0.107400 0.107400 0.056700 0.115900 0.106800 0.054800 0.054800 0.054800 0.055700 0.000000 0.103900 0.054800 0.231600 0.108900 0.054800 0.054800 0.054800 0.107400 0.054800 0.054800 0.054800 0.054800 0.055700 0.054800 0.054800 0.111200 0.056500 0.000000 0.239800 0.055700 0.168600 0.111100 0.054800 0.170600 0.054800 0.054800 0.119000 0.111200 0.054800 0.107400 0.111100 0.054800 0.055800 0.053000 0.054800 0.117600 0.054800 0.055300
Suni 0.000200 0.209000 0.047900 0.263100 0.000200 0.000200 0.158200 0.100700 0.094900 0.047900 0.047900 0.047900 0.048300 0.103900 0.000000 0.047900 0.203700 0.096300 0.047900 0.047900 0.047900 0.000200 0.047900 0.047900 0.047900 0.047900 0.048300 0.047900 0.047900 0.097100 0.049100 0.103900 0.278100 0.048300 0.147100 0.096600 0.047900 0.047400 0.047900 0.047900 0.103000 0.097100 0.047900 0.000200 0.096600 0.047900 0.048300 0.046100 0.047900 0.100300 0.047900 0.048100
Springbuck 0.049500 0.163200 0.000000 0.219700 0.049500 0.049500 0.111200 0.052800 0.049300 0.000000 0.000000 0.000000 0.000200 0.054800 0.047900 0.000000 0.159100 0.050000 0.000000 0.000000 0.000000 0.049500 0.000000 0.000000 0.000000 0.000000 0.000200 0.000000 0.000000 0.050700 0.000200 0.054800 0.233100 0.000200 0.102600 0.050800 0.000000 0.104200 0.000000 0.000000 0.054000 0.050700 0.000000 0.049500 0.050800 0.000000 0.000200 0.000200 0.000000 0.052900 0.000000 0.000200
Okapi 0.210800 0.215800 0.159100 0.272600 0.210800 0.210800 0.294600 0.224800 0.209500 0.159100 0.159100 0.159100 0.161900 0.231600 0.203700 0.159100 0.000000 0.099100 0.159100 0.159100 0.159100 0.210800 0.159100 0.159100 0.159100 0.159100 0.161900 0.159100 0.159100 0.215300 0.164000 0.231600 0.442100 0.161900 0.153800 0.216900 0.159100 0.279900 0.159100 0.159100 0.229400 0.215300 0.159100 0.210800 0.216900 0.159100 0.161900 0.153600 0.159100 0.225600 0.159100 0.160600
Giraffe 0.099500 0.101600 0.050000 0.153700 0.099500 0.099500 0.166000 0.105600 0.099000 0.050000 0.050000 0.050000 0.050800 0.108900 0.096300 0.050000 0.099100 0.000000 0.050000 0.050000 0.050000 0.099500 0.050000 0.050000 0.050000 0.050000 0.050800 0.050000 0.050000 0.101400 0.051500 0.108900 0.294200 0.050800 0.153800 0.101800 0.050000 0.157600 0.050000 0.050000 0.107800 0.101400 0.050000 0.099500 0.101800 0.050000 0.050900 0.048400 0.050000 0.105900 0.050000 0.050600
TibetanAnt 0.049500 0.163200 0.000000 0.219700 0.049500 0.049500 0.111200 0.052800 0.049300 0.000000 0.000000 0.000000 0.000200 0.054800 0.047900 0.000000 0.159100 0.050000 0.000000 0.000000 0.000000 0.049500 0.000000 0.000000 0.000000 0.000000 0.000200 0.000000 0.000000 0.050700 0.000200 0.054800 0.233100 0.000200 0.102600 0.050800 0.000000 0.104200 0.000000 0.000000 0.054000 0.050700 0.000000 0.049500 0.050800 0.000000 0.000200 0.000200 0.000000 0.052900 0.000000 0.000200
Sitatunga 0.049500 0.163200 0.000000 0.219700 0.049500 0.049500 0.111200 0.052800 0.049300 0.000000 0.000000 0.000000 0.000200 0.054800 0.047900 0.000000 0.159100 0.050000 0.000000 0.000000 0.000000 0.049500 0.000000 0.000000 0.000000 0.000000 0.000200 0.000000 0.000000 0.050700 0.000200 0.054800 0.233100 0.000200 0.102600 0.050800 0.000000 0.103700 0.000000 0.000000 0.054000 0.050700 0.000000 0.049500 0.050800 0.000000 0.000200 0.000200 0.000000 0.052900 0.000000 0.000200
Oribi 0.049500 0.163200 0.000000 0.219700 0.049500 0.049500 0.111200 0.052800 0.049300 0.000000 0.000000 0.000000 0.000200 0.054800 0.047900 0.000000 0.159100 0.050000 0.000000 0.000000 0.000000 0.049500 0.000000 0.000000 0.000000 0.000000 0.000200 0.000000 0.000000 0.050700 0.000200 0.054800 0.233100 0.000200 0.102600 0.050800 0.000000 0.104200 0.000000 0.000000 0.054000 0.050700 0.000000 0.049500 0.050800 0.000000 0.000200 0.000200 0.000000 0.052900 0.000000 0.000200
BarbaryShe 0.000000 0.217300 0.049500 0.273900 0.000000 0.000000 0.163600 0.104200 0.097900 0.049500 0.049500 0.049500 0.050200 0.107400 0.000200 0.049500 0.210800 0.099500 0.049500 0.049500 0.049500 0.000000 0.049500 0.049500 0.049500 0.049500 0.050200 0.049500 0.049500 0.100200 0.050900 0.107400 0.289400 0.050200 0.151800 0.100700 0.049500 0.048900 0.049500 0.049500 0.106400 0.100200 0.049500 0.000000 0.100700 0.049500 0.050200 0.047900 0.049500 0.104200 0.049500 0.050000
Daviddeer 0.049500 0.163200 0.000000 0.219700 0.049500 0.049500 0.111200 0.052800 0.049300 0.000000 0.000000 0.000000 0.000200 0.054800 0.047900 0.000000 0.159100 0.050000 0.000000 0.000000 0.000000 0.049500 0.000000 0.000000 0.000000 0.000000 0.000200 0.000000 0.000000 0.050700 0.000200 0.054800 0.233100 0.000200 0.102600 0.050800 0.000000 0.104200 0.000000 0.000000 0.054000 0.050700 0.000000 0.049500 0.050800 0.000000 0.000200 0.000200 0.000000 0.052900 0.000000 0.000200
Reindeer 0.049500 0.163200 0.000000 0.219700 0.049500 0.049500 0.111200 0.052800 0.049300 0.000000 0.000000 0.000000 0.000200 0.054800 0.047900 0.000000 0.159100 0.050000 0.000000 0.000000 0.000000 0.049500 0.000000 0.000000 0.000000 0.000000 0.000200 0.000000 0.000000 0.050700 0.000200 0.051200 0.233100 0.000200 0.102600 0.050800 0.000000 0.104200 0.000000 0.000000 0.054000 0.050700 0.000000 0.049500 0.050800 0.000000 0.000200 0.000200 0.000000 0.052900 0.000000 0.000200
Ibex 0.049500 0.163200 0.000000 0.219700 0.049500 0.049500 0.111200 0.052800 0.048100 0.000000 0.000000 0.000000 0.000200 0.054800 0.047900 0.000000 0.159100 0.050000 0.000000 0.000000 0.000000 0.049500 0.000000 0.000000 0.000000 0.000000 0.000200 0.000000 0.000000 0.050700 0.000200 0.054800 0.233100 0.000200 0.102600 0.050800 0.000000 0.104200 0.000000 0.000000 0.054000 0.050700 0.000000 0.049500 0.050800 0.000000 0.000200 0.000200 0.000000 0.052900 0.000000 0.000200
GyrantGaze 0.049500 0.163200 0.000000 0.219700 0.049500 0.049500 0.111200 0.052800 0.049300 0.000000 0.000000 0.000000 0.000200 0.054800 0.047900 0.000000 0.159100 0.050000 0.000000 0.000000 0.000000 0.049500 0.000000 0.000000 0.000000 0.000000 0.000200 0.000000 0.000000 0.050700 0.000200 0.054800 0.233100 0.000200 0.102600 0.050800 0.000000 0.104200 0.000000 0.000000 0.054000 0.050700 0.000000 0.049500 0.050800 0.000000 0.000200 0.000200 0.000000 0.052900 0.000000 0.000200
Hartebeest 0.050200 0.165300 0.000200 0.222700 0.050200 0.050200 0.101200 0.053500 0.049900 0.000200 0.000200 0.000200 0.000000 0.055700 0.048300 0.000200 0.161900 0.050800 0.000200 0.000200 0.000200 0.050200 0.000200 0.000200 0.000200 0.000200 0.000000 0.000200 0.000200 0.016500 0.000300 0.055700 0.221000 0.000000 0.104200 0.051300 0.000200 0.105900 0.000200 0.000200 0.054900 0.016500 0.000200 0.050200 0.051300 0.000200 0.000200 0.000300 0.000200 0.053400 0.000200 0.000300
Bongo 0.049500 0.163200 0.000000 0.219700 0.049500 0.049500 0.111200 0.052800 0.049300 0.000000 0.000000 0.000000 0.000200 0.054800 0.047900 0.000000 0.159100 0.050000 0.000000 0.000000 0.000000 0.049500 0.000000 0.000000 0.000000 0.000000 0.000200 0.000000 0.000000 0.050700 0.000200 0.054800 0.233100 0.000200 0.102600 0.050800 0.000000 0.104200 0.000000 0.000000 0.054000 0.050700 0.000000 0.049500 0.050800 0.000000 0.000200 0.000200 0.000000 0.052900 0.000000 0.000200
Gerenuk 0.049500 0.163200 0.000000 0.219700 0.049500 0.049500 0.111200 0.052800 0.049300 0.000000 0.000000 0.000000 0.000200 0.054800 0.047900 0.000000 0.159100 0.050000 0.000000 0.000000 0.000000 0.049500 0.000000 0.000000 0.000000 0.000000 0.000200 0.000000 0.000000 0.050700 0.000200 0.054800 0.233100 0.000200 0.102600 0.050800 0.000000 0.104200 0.000000 0.000000 0.054000 0.050700 0.000000 0.049500 0.050800 0.000000 0.000200 0.000200 0.000000 0.052900 0.000000 0.000200
CommonElan 0.100200 0.219900 0.050700 0.279600 0.100200 0.100200 0.052700 0.106700 0.099700 0.050700 0.050700 0.050700 0.016500 0.111200 0.097100 0.050700 0.215300 0.101400 0.050700 0.050700 0.050700 0.100200 0.050700 0.050700 0.050700 0.050700 0.016500 0.050700 0.050700 0.000000 0.052200 0.111200 0.165500 0.016500 0.157800 0.102900 0.050700 0.158400 0.050700 0.050700 0.109900 0.000000 0.050700 0.100200 0.102900 0.050700 0.051400 0.049100 0.050700 0.077900 0.050700 0.051300
MuntiacusR 0.050900 0.168300 0.000200 0.226300 0.050900 0.050900 0.114800 0.054400 0.050600 0.000200 0.000200 0.000200 0.000300 0.056500 0.049100 0.000200 0.164000 0.051500 0.000200 0.000200 0.000200 0.050900 0.000200 0.000200 0.000200 0.000200 0.000300 0.000200 0.000200 0.052200 0.000000 0.056500 0.240600 0.000300 0.105600 0.052200 0.000200 0.107600 0.000200 0.000200 0.055600 0.052200 0.000200 0.050900 0.052200 0.000200 0.000300 0.000300 0.000200 0.054300 0.000200 0.000300
HarveysDui 0.107400 0.238300 0.054800 0.296200 0.107400 0.107400 0.056700 0.115900 0.106800 0.054800 0.054800 0.054800 0.055700 0.000000 0.103900 0.054800 0.231600 0.108900 0.054800 0.054800 0.054800 0.107400 0.054800 0.051200 0.054800 0.054800 0.055700 0.054800 0.054800 0.111200 0.056500 0.000000 0.239800 0.055700 0.168600 0.111100 0.054800 0.170600 0.054800 0.054800 0.119000 0.111200 0.054800 0.107400 0.111100 0.054800 0.055800 0.053000 0.054800 0.117600 0.054800 0.055300
Pronghorn 0.289400 0.448100 0.233100 0.506200 0.289400 0.289400 0.170200 0.309800 0.287200 0.233100 0.233100 0.233100 0.221000 0.239800 0.278100 0.233100 0.442100 0.294200 0.233100 0.233100 0.233100 0.289400 0.233100 0.233100 0.233100 0.233100 0.221000 0.233100 0.233100 0.165500 0.240600 0.239800 0.000000 0.221000 0.377300 0.296600 0.233100 0.370200 0.233100 0.233100 0.245200 0.165500 0.233100 0.289400 0.296600 0.233100 0.236300 0.224000 0.233100 0.287500 0.233100 0.233900
BlueWildeb 0.050200 0.165300 0.000200 0.222700 0.050200 0.050200 0.101200 0.053500 0.049900 0.000200 0.000200 0.000200 0.000000 0.055700 0.048300 0.000200 0.161900 0.050800 0.000200 0.000200 0.000200 0.050200 0.000200 0.000200 0.000200 0.000200 0.000000 0.000200 0.000200 0.016500 0.000300 0.055700 0.221000 0.000000 0.104200 0.051300 0.000200 0.105900 0.000200 0.000200 0.054900 0.016500 0.000200 0.050200 0.051300 0.000200 0.000200 0.000300 0.000200 0.053400 0.000200 0.000300
Gemsbok 0.151800 0.273000 0.102600 0.337100 0.151800 0.151800 0.231100 0.160700 0.150900 0.102600 0.102600 0.102600 0.104200 0.168600 0.147100 0.102600 0.153800 0.153800 0.102600 0.102600 0.102600 0.151800 0.102600 0.102600 0.102600 0.102600 0.104200 0.102600 0.102600 0.157800 0.105600 0.168600 0.377300 0.104200 0.000000 0.155700 0.102600 0.211700 0.102600 0.102600 0.167700 0.157800 0.102600 0.151800 0.155700 0.102600 0.104300 0.099400 0.102600 0.163300 0.102600 0.103600
Yak 0.100700 0.222900 0.050800 0.282800 0.100700 0.100700 0.169300 0.107300 0.100200 0.050800 0.050800 0.050800 0.051300 0.111100 0.096600 0.050800 0.216900 0.101800 0.050800 0.050800 0.050800 0.100700 0.050800 0.050800 0.050800 0.050800 0.051300 0.050800 0.050800 0.102900 0.052200 0.111100 0.296600 0.051300 0.155700 0.000000 0.050800 0.159800 0.050800 0.050800 0.109700 0.102900 0.050800 0.100700 0.000000 0.050800 0.051400 0.048700 0.050800 0.106500 0.050800 0.051200
BlueSheep 0.049500 0.163200 0.000000 0.219700 0.049500 0.049500 0.111200 0.052800 0.049300 0.000000 0.000000 0.000000 0.000200 0.054800 0.047900 0.000000 0.159100 0.050000 0.000000 0.000000 0.000000 0.049500 0.000000 0.000000 0.000000 0.000000 0.000200 0.000000 0.000000 0.050700 0.000200 0.054800 0.233100 0.000200 0.102600 0.050800 0.000000 0.104200 0.000000 0.000000 0.054000 0.050700 0.000000 0.049500 0.050800 0.000000 0.000200 0.000200 0.000000 0.052900 0.000000 0.000200
BohorReedb 0.048900 0.161600 0.104200 0.350800 0.048900 0.048900 0.231100 0.165700 0.154800 0.104200 0.104200 0.104200 0.105900 0.170600 0.047400 0.104200 0.279900 0.157600 0.104200 0.103700 0.104200 0.048900 0.104200 0.104200 0.104200 0.104200 0.105900 0.104200 0.104200 0.158400 0.107600 0.170600 0.370200 0.105900 0.211700 0.159800 0.104200 0.000000 0.104200 0.104200 0.168400 0.158400 0.104200 0.048900 0.159800 0.104200 0.106000 0.100700 0.104000 0.165500 0.104200 0.105300
KirksDik 0.049500 0.163200 0.000000 0.219700 0.049500 0.049500 0.111200 0.052800 0.049300 0.000000 0.000000 0.000000 0.000200 0.054800 0.047900 0.000000 0.159100 0.050000 0.000000 0.000000 0.000000 0.049500 0.000000 0.000000 0.000000 0.000000 0.000200 0.000000 0.000000 0.050700 0.000200 0.054800 0.233100 0.000200 0.102600 0.050800 0.000000 0.104200 0.000000 0.000000 0.054000 0.050700 0.000000 0.049500 0.050800 0.000000 0.000200 0.000200 0.000000 0.052900 0.000000 0.000200
RoeDeer 0.049500 0.163200 0.000000 0.219700 0.049500 0.049500 0.111200 0.052800 0.049300 0.000000 0.000000 0.000000 0.000200 0.054800 0.047900 0.000000 0.159100 0.050000 0.000000 0.000000 0.000000 0.049500 0.000000 0.000000 0.000000 0.000000 0.000200 0.000000 0.000000 0.050700 0.000200 0.054800 0.233100 0.000200 0.102600 0.050800 0.000000 0.104200 0.000000 0.000000 0.054000 0.050700 0.000000 0.049500 0.050800 0.000000 0.000200 0.000200 0.000000 0.052900 0.000000 0.000200
WhiteLippe 0.106400 0.234600 0.054000 0.281300 0.106400 0.106400 0.182300 0.113800 0.105800 0.054000 0.054000 0.054000 0.054900 0.119000 0.103000 0.054000 0.229400 0.107800 0.054000 0.054000 0.054000 0.106400 0.054000 0.054000 0.054000 0.054000 0.054900 0.054000 0.054000 0.109900 0.055600 0.119000 0.245200 0.054900 0.167700 0.109700 0.054000 0.168400 0.054000 0.054000 0.000000 0.109900 0.054000 0.106400 0.109700 0.054000 0.055000 0.052300 0.054000 0.115300 0.054000 0.054600
ThomsonGaz 0.100200 0.219900 0.050700 0.279600 0.100200 0.100200 0.052700 0.106700 0.099700 0.050700 0.050700 0.050700 0.016500 0.111200 0.097100 0.050700 0.215300 0.101400 0.050700 0.050700 0.050700 0.100200 0.050700 0.050700 0.050700 0.050700 0.016500 0.050700 0.050700 0.000000 0.052200 0.111200 0.165500 0.016500 0.157800 0.102900 0.050700 0.158400 0.050700 0.050700 0.109900 0.000000 0.050700 0.100200 0.102900 0.050700 0.051400 0.049100 0.050700 0.077900 0.050700 0.051300
MuntiacusC 0.049200 0.163200 0.000000 0.219700 0.049500 0.049500 0.111200 0.052800 0.049300 0.000000 0.000000 0.000000 0.000200 0.054800 0.047900 0.000000 0.159100 0.050000 0.000000 0.000000 0.000000 0.049500 0.000000 0.000000 0.000000 0.000000 0.000200 0.000000 0.000000 0.050700 0.000200 0.054800 0.233100 0.000200 0.102600 0.050800 0.000000 0.104200 0.000000 0.000000 0.054000 0.050700 0.000000 0.049500 0.050800 0.000000 0.000200 0.000200 0.000000 0.052900 0.000000 0.000200
WhiteTaile 0.000000 0.217300 0.049500 0.273900 0.000000 0.000000 0.163600 0.104200 0.097900 0.049500 0.049500 0.049500 0.050200 0.107400 0.000200 0.049500 0.210800 0.099500 0.049500 0.049500 0.049500 0.000000 0.049500 0.049500 0.049500 0.049500 0.050200 0.049500 0.049500 0.100200 0.050900 0.107400 0.289400 0.050200 0.151800 0.100700 0.049500 0.048900 0.049500 0.049500 0.106400 0.100200 0.049500 0.000000 0.100700 0.049500 0.050200 0.047900 0.049500 0.104200 0.049100 0.050000
Cattle 0.100700 0.222900 0.050800 0.282800 0.100700 0.100700 0.169300 0.107300 0.100200 0.050800 0.050800 0.050800 0.051300 0.111100 0.096600 0.050800 0.216900 0.101800 0.050800 0.050800 0.050800 0.100700 0.050800 0.050800 0.050800 0.050800 0.051300 0.050800 0.050800 0.102900 0.052200 0.111100 0.296600 0.051300 0.155700 0.000000 0.050800 0.159800 0.050800 0.050800 0.109700 0.102900 0.050800 0.100700 0.000000 0.050800 0.051400 0.048700 0.050800 0.106500 0.050800 0.051200
RoyalAntel 0.049500 0.163200 0.000000 0.219700 0.049500 0.049500 0.111200 0.052800 0.049300 0.000000 0.000000 0.000000 0.000200 0.054800 0.047900 0.000000 0.159100 0.050000 0.000000 0.000000 0.000000 0.049500 0.000000 0.000000 0.000000 0.000000 0.000200 0.000000 0.000000 0.050700 0.000200 0.054800 0.233100 0.000200 0.102600 0.050800 0.000000 0.104200 0.000000 0.000000 0.054000 0.050700 0.000000 0.049500 0.050800 0.000000 0.000200 0.000200 0.000000 0.052900 0.000000 0.000200
Steenbok 0.050200 0.165000 0.000200 0.221800 0.050200 0.050200 0.112900 0.053600 0.050000 0.000200 0.000200 0.000200 0.000200 0.055800 0.048300 0.000200 0.161900 0.050900 0.000200 0.000200 0.000200 0.050200 0.000200 0.000200 0.000200 0.000200 0.000200 0.000200 0.000200 0.051400 0.000300 0.055800 0.236300 0.000200 0.104300 0.051400 0.000200 0.106000 0.000200 0.000200 0.055000 0.051400 0.000200 0.050200 0.051400 0.000200 0.000000 0.000300 0.000200 0.053300 0.000200 0.000300
Impala 0.047900 0.156600 0.000200 0.210600 0.047900 0.047900 0.107500 0.050900 0.047700 0.000200 0.000200 0.000200 0.000300 0.053000 0.046100 0.000200 0.153600 0.048400 0.000200 0.000200 0.000200 0.047900 0.000200 0.000200 0.000200 0.000200 0.000300 0.000200 0.000200 0.049100 0.000300 0.053000 0.224000 0.000300 0.099400 0.048700 0.000200 0.100700 0.000200 0.000200 0.052300 0.049100 0.000200 0.047900 0.048700 0.000200 0.000300 0.000000 0.000200 0.050900 0.000200 0.000300
Klipspring 0.049500 0.163200 0.000000 0.219700 0.049500 0.049500 0.111200 0.052800 0.049300 0.000000 0.000000 0.000000 0.000200 0.054800 0.047900 0.000000 0.159100 0.050000 0.000000 0.000000 0.000000 0.049500 0.000000 0.000000 0.000000 0.000000 0.000200 0.000000 0.000000 0.050700 0.000200 0.054800 0.233100 0.000200 0.102600 0.050800 0.000000 0.104000 0.000000 0.000000 0.054000 0.050700 0.000000 0.049500 0.050800 0.000000 0.000200 0.000200 0.000000 0.052900 0.000000 0.000200
ForestMusk 0.104200 0.229400 0.052900 0.288200 0.104200 0.104200 0.156900 0.111900 0.103500 0.052900 0.052900 0.052900 0.053400 0.117600 0.100300 0.052900 0.225600 0.105900 0.052900 0.052900 0.052900 0.104200 0.052900 0.052900 0.052900 0.052900 0.053400 0.052900 0.052900 0.077900 0.054300 0.117600 0.287500 0.053400 0.163300 0.106500 0.052900 0.165500 0.052900 0.052900 0.115300 0.077900 0.052900 0.104200 0.106500 0.052900 0.053300 0.050900 0.052900 0.000000 0.052900 0.053000
Bushbuck 0.049500 0.163200 0.000000 0.219700 0.049500 0.049500 0.111200 0.052800 0.049300 0.000000 0.000000 0.000000 0.000200 0.054800 0.047900 0.000000 0.159100 0.050000 0.000000 0.000000 0.000000 0.049500 0.000000 0.000000 0.000000 0.000000 0.000200 0.000000 0.000000 0.050700 0.000200 0.054800 0.233100 0.000200 0.102600 0.050800 0.000000 0.104200 0.000000 0.000000 0.054000 0.050700 0.000000 0.049100 0.050800 0.000000 0.000200 0.000200 0.000000 0.052900 0.000000 0.000200
GreaterKud 0.050000 0.164000 0.000200 0.220300 0.050000 0.050000 0.112200 0.053300 0.050000 0.000200 0.000200 0.000200 0.000300 0.055300 0.048100 0.000200 0.160600 0.050600 0.000200 0.000200 0.000200 0.050000 0.000200 0.000200 0.000200 0.000200 0.000300 0.000200 0.000200 0.051300 0.000300 0.055300 0.233900 0.000300 0.103600 0.051200 0.000200 0.105300 0.000200 0.000200 0.054600 0.051300 0.000200 0.050000 0.051200 0.000200 0.000300 0.000300 0.000200 0.053000 0.000200 0.000000
