1
52 1
Argali 0.000000 0.124400 0.057200 0.126600 0.046300 0.017700 0.050400 0.045900 0.052400 0.070100 0.027100 0.047000 0.022500 0.026900 0.057300 0.040800 0.075900 0.065700 0.032700 0.061900 0.050300 0.026900 0.055700 0.080200 0.022500 0.036100 0.022500 0.052400 0.040900 0.061000 0.060500 0.031600 0.076700 0.017900 0.031900 0.047300 0.036300 0.037300 0.060400 0.094800 0.070000 0.036100 0.065400 0.060500 0.046900 0.036200 0.045700 0.056800 0.040700 0.069600 0.061800 0.061100
LesserMous 0.124400 0.000000 0.134800 0.123700 0.133600 0.134300 0.150900 0.130600 0.129600 0.095600 0.151500 0.123000 0.128900 0.118100 0.124000 0.123600 0.117100 0.111900 0.129700 0.140300 0.134800 0.142000 0.095500 0.111100 0.148000 0.118500 0.118700 0.129600 0.123400 0.139500 0.090500 0.123500 0.124900 0.123900 0.123700 0.100900 0.147000 0.123300 0.135400 0.126300 0.090600 0.118500 0.095700 0.090700 0.102000 0.118100 0.139800 0.141100 0.133500 0.120500 0.140300 0.139700
LesserKudu 0.057200 0.134800 0.000000 0.143400 0.055000 0.066900 0.069900 0.060400 0.013400 0.069500 0.069800 0.036400 0.055200 0.050200 0.055300 0.055000 0.065100 0.055300 0.064600 0.004500 0.064700 0.072000 0.055200 0.069700 0.068600 0.050200 0.045700 0.013400 0.055200 0.013400 0.060000 0.045700 0.082000 0.050500 0.065600 0.027000 0.079700 0.045500 0.075200 0.094300 0.069600 0.050200 0.064800 0.069700 0.027000 0.050300 0.060100 0.070100 0.054900 0.069100 0.004500 0.013400
KillerWhal 0.126600 0.123700 0.143400 0.000000 0.137700 0.137100 0.132900 0.134500 0.138100 0.116400 0.132500 0.127100 0.138400 0.122200 0.127200 0.123300 0.127700 0.117200 0.143000 0.149000 0.139500 0.154100 0.111100 0.122000 0.140500 0.122700 0.128200 0.138200 0.122600 0.148000 0.106400 0.122600 0.139700 0.133500 0.143100 0.123000 0.155200 0.132200 0.139800 0.121600 0.106200 0.122700 0.111400 0.101200 0.121500 0.122400 0.144100 0.144000 0.138200 0.125100 0.149100 0.148300
DefassaWat 0.046300 0.133600 0.055000 0.137700 0.000000 0.055900 0.041000 0.041100 0.050400 0.069300 0.050500 0.050400 0.045500 0.031400 0.055000 0.045500 0.074800 0.064900 0.054800 0.060000 0.045400 0.046500 0.055100 0.079100 0.047400 0.040700 0.045500 0.050400 0.045500 0.059600 0.059800 0.027000 0.076200 0.040800 0.055300 0.045400 0.060100 0.008800 0.055600 0.093800 0.069400 0.040700 0.064600 0.069400 0.045400 0.040700 0.050300 0.050600 0.045200 0.078600 0.059900 0.059700
Sheep 0.017700 0.134300 0.066900 0.137100 0.055900 0.000000 0.059800 0.055400 0.062100 0.070100 0.036200 0.046800 0.031600 0.036000 0.067000 0.050100 0.075800 0.065600 0.042100 0.071700 0.054900 0.036100 0.055600 0.080100 0.031600 0.045400 0.031600 0.062100 0.050300 0.070700 0.060400 0.040800 0.079700 0.027000 0.038500 0.047000 0.045600 0.046800 0.070000 0.094800 0.070000 0.045400 0.065300 0.070200 0.046800 0.045400 0.055100 0.066500 0.050000 0.079300 0.071600 0.070800
MaxwellsDu 0.050400 0.150900 0.069900 0.132900 0.041000 0.059800 0.000000 0.046200 0.065100 0.084200 0.047200 0.064900 0.050400 0.036300 0.060000 0.050500 0.084700 0.074700 0.064800 0.074900 0.055500 0.055200 0.069700 0.094400 0.053700 0.045700 0.050500 0.065200 0.050500 0.074500 0.074400 0.022500 0.081800 0.045800 0.060700 0.059900 0.067000 0.041000 0.055700 0.099000 0.084200 0.045700 0.079400 0.084300 0.059900 0.045600 0.050500 0.060600 0.050300 0.093600 0.074900 0.074600
GazellaPrz 0.045900 0.130600 0.060400 0.134500 0.041100 0.055400 0.046200 0.000000 0.055700 0.074700 0.052300 0.055600 0.041200 0.027100 0.050800 0.022600 0.080500 0.070300 0.060200 0.065400 0.027300 0.050800 0.060300 0.084800 0.039100 0.018000 0.041300 0.055700 0.022600 0.065000 0.065100 0.022600 0.077000 0.036600 0.051200 0.050500 0.062500 0.041100 0.032200 0.099800 0.074800 0.018000 0.070000 0.074800 0.050600 0.036400 0.036600 0.046300 0.041000 0.084100 0.065400 0.065100
MountainNy 0.052400 0.129600 0.013400 0.138100 0.050400 0.062100 0.065100 0.055700 0.000000 0.064700 0.065100 0.031800 0.050500 0.045500 0.050600 0.050400 0.060400 0.050600 0.059900 0.008900 0.060000 0.066700 0.050500 0.064900 0.063700 0.045600 0.041100 0.008900 0.050600 0.017900 0.055200 0.041100 0.077100 0.045800 0.060800 0.022500 0.074900 0.040900 0.070400 0.089400 0.064800 0.045600 0.060100 0.064900 0.022500 0.045600 0.055400 0.065300 0.050200 0.064500 0.008900 0.008900
MuntiacusM 0.070100 0.095600 0.069500 0.116400 0.069300 0.070100 0.084200 0.074700 0.064700 0.000000 0.084500 0.059700 0.069100 0.054600 0.064300 0.069200 0.055100 0.045600 0.074000 0.074400 0.079200 0.081400 0.013200 0.026700 0.081300 0.064300 0.059500 0.064800 0.069200 0.074200 0.008800 0.059500 0.069600 0.064300 0.076000 0.046600 0.098000 0.059600 0.084500 0.040300 0.017700 0.064300 0.008700 0.017700 0.050100 0.054600 0.069000 0.074900 0.068900 0.063900 0.074500 0.074300
goat 0.027100 0.151500 0.069800 0.132500 0.050500 0.036200 0.047200 0.052300 0.065100 0.084500 0.000000 0.046000 0.037300 0.032600 0.069900 0.047700 0.090500 0.080200 0.045800 0.075100 0.063300 0.031800 0.069900 0.084600 0.013500 0.052500 0.037600 0.065100 0.047200 0.074600 0.074800 0.037400 0.093700 0.032800 0.043100 0.059900 0.027300 0.050400 0.067000 0.109700 0.084600 0.052500 0.079700 0.074700 0.060000 0.051600 0.061600 0.060700 0.056700 0.093800 0.075000 0.074700
AfricanBuf 0.047000 0.123000 0.036400 0.127100 0.050400 0.046800 0.064900 0.055600 0.031800 0.059700 0.046000 0.000000 0.045500 0.036100 0.055200 0.045700 0.055300 0.045700 0.055100 0.041100 0.055200 0.052800 0.045600 0.050300 0.043100 0.050300 0.036200 0.031800 0.045600 0.040900 0.050300 0.040900 0.075000 0.040800 0.047600 0.017900 0.059500 0.045600 0.070000 0.084000 0.059700 0.050300 0.055100 0.050200 0.017900 0.050100 0.060000 0.065200 0.054900 0.059400 0.041100 0.041000
Topi 0.022500 0.128900 0.055200 0.138400 0.045500 0.031600 0.050400 0.041200 0.050500 0.069100 0.037300 0.045500 0.000000 0.022300 0.054900 0.027000 0.074600 0.064700 0.027000 0.059900 0.036300 0.027000 0.054800 0.078900 0.032400 0.031600 0.008900 0.050500 0.027000 0.059700 0.059500 0.027000 0.071600 0.004400 0.018100 0.045300 0.037500 0.036100 0.055400 0.093700 0.068900 0.031600 0.064400 0.069200 0.045400 0.031500 0.040900 0.060300 0.036000 0.078200 0.060100 0.059800
CommonDuik 0.026900 0.118100 0.050200 0.122200 0.031400 0.036000 0.036300 0.027100 0.045500 0.054600 0.032600 0.036100 0.022300 0.000000 0.040800 0.031500 0.069500 0.059800 0.040600 0.055000 0.036200 0.031500 0.050000 0.064200 0.029100 0.026900 0.022400 0.045500 0.031500 0.054800 0.045300 0.013300 0.066300 0.017800 0.031800 0.040600 0.042400 0.031400 0.041100 0.078600 0.054600 0.026900 0.050000 0.054600 0.040600 0.017800 0.036200 0.036400 0.031300 0.073400 0.055000 0.054800
Suni 0.057300 0.124000 0.055300 0.127200 0.055000 0.067000 0.060000 0.050800 0.050600 0.064300 0.069900 0.055200 0.054900 0.040800 0.000000 0.045600 0.079500 0.069500 0.064600 0.060000 0.055400 0.072000 0.064500 0.069500 0.068600 0.040900 0.055000 0.050600 0.045700 0.059900 0.059700 0.036100 0.092300 0.050300 0.065600 0.045400 0.080300 0.045500 0.065200 0.088900 0.069300 0.040900 0.054900 0.069400 0.045400 0.040800 0.059900 0.050900 0.054900 0.078500 0.060300 0.060000
Springbuck 0.040800 0.123600 0.055000 0.123300 0.045500 0.050100 0.050500 0.022600 0.050400 0.069200 0.047700 0.045700 0.027000 0.031500 0.045600 0.000000 0.074800 0.064800 0.054900 0.060000 0.018000 0.054900 0.054900 0.069300 0.035200 0.013400 0.036300 0.050400 0.000100 0.059700 0.059700 0.027000 0.071700 0.031600 0.041300 0.045400 0.058200 0.036100 0.036600 0.093700 0.069200 0.013400 0.064500 0.059600 0.045500 0.031500 0.031700 0.050700 0.036100 0.078500 0.060000 0.059800
Okapi 0.075900 0.117100 0.065100 0.127700 0.074800 0.075800 0.084700 0.080500 0.060400 0.055100 0.090500 0.055300 0.074600 0.069500 0.079500 0.074800 0.000000 0.009000 0.084700 0.070000 0.085000 0.088400 0.041000 0.065000 0.087400 0.069800 0.064900 0.060400 0.074700 0.069700 0.045700 0.059900 0.072100 0.069800 0.082000 0.047000 0.101000 0.064900 0.090500 0.074500 0.055000 0.069800 0.050500 0.055300 0.045700 0.069500 0.079700 0.090600 0.074400 0.069200 0.070100 0.069800
Giraffe 0.065700 0.111900 0.055300 0.117200 0.064900 0.065600 0.074700 0.070300 0.050600 0.045600 0.080200 0.045700 0.064700 0.059800 0.069500 0.064800 0.009000 0.000000 0.074600 0.060100 0.074800 0.076500 0.031700 0.055200 0.076800 0.059900 0.055200 0.050600 0.064800 0.059800 0.036300 0.050300 0.061800 0.060000 0.071500 0.037200 0.090400 0.055100 0.080200 0.064800 0.045600 0.059900 0.041000 0.045700 0.036200 0.059800 0.069700 0.080300 0.064500 0.059500 0.060100 0.059900
TibetanAnt 0.032700 0.129700 0.064600 0.143000 0.054800 0.042100 0.064800 0.060200 0.059900 0.074000 0.045800 0.055100 0.027000 0.040600 0.064600 0.054900 0.084700 0.074600 0.000000 0.069700 0.064600 0.033800 0.064500 0.089000 0.041100 0.050100 0.027000 0.060000 0.055000 0.069200 0.069300 0.045500 0.091700 0.022400 0.036500 0.045400 0.045900 0.045400 0.074700 0.093800 0.078900 0.050100 0.074200 0.079000 0.054900 0.050000 0.059800 0.060200 0.054500 0.088200 0.069600 0.069300
Sitatunga 0.061900 0.140300 0.004500 0.149000 0.060000 0.071700 0.074900 0.065400 0.008900 0.074400 0.075100 0.041100 0.059900 0.055000 0.060000 0.060000 0.070000 0.060100 0.069700 0.000000 0.070000 0.075700 0.060000 0.074700 0.073300 0.055100 0.050500 0.018000 0.060100 0.017900 0.064800 0.050400 0.087400 0.055200 0.070600 0.031600 0.085200 0.050400 0.080200 0.099400 0.074500 0.055100 0.069700 0.074600 0.031600 0.055100 0.064900 0.075300 0.059800 0.074000 0.000000 0.008900
Oribi 0.050300 0.134800 0.064700 0.139500 0.045400 0.054900 0.055500 0.027300 0.060000 0.079200 0.063300 0.055200 0.036300 0.036200 0.055400 0.018000 0.085000 0.074800 0.064600 0.070000 0.000000 0.059800 0.064800 0.089400 0.051900 0.022500 0.045800 0.060100 0.018000 0.069500 0.069600 0.031700 0.082100 0.041100 0.056000 0.055000 0.074400 0.040700 0.041400 0.104200 0.079200 0.022500 0.074500 0.079400 0.055000 0.040900 0.041200 0.055700 0.045500 0.088600 0.069900 0.069600
BarbaryShe 0.026900 0.142000 0.072000 0.154100 0.046500 0.036100 0.055200 0.050800 0.066700 0.081400 0.031800 0.052800 0.027000 0.031500 0.072000 0.054900 0.088400 0.076500 0.033800 0.075700 0.059800 0.000000 0.066000 0.092700 0.027100 0.050100 0.027100 0.066700 0.055100 0.072300 0.071300 0.036300 0.092000 0.022500 0.036700 0.057500 0.022600 0.048100 0.065400 0.106600 0.081000 0.050100 0.076500 0.081700 0.058800 0.050100 0.059900 0.057700 0.045400 0.089600 0.075500 0.072400
Daviddeer 0.055700 0.095500 0.055200 0.111100 0.055100 0.055600 0.069700 0.060300 0.050500 0.013200 0.069900 0.045600 0.054800 0.050000 0.064500 0.054900 0.041000 0.031700 0.064500 0.060000 0.064800 0.066000 0.000000 0.022200 0.066400 0.050200 0.045500 0.050600 0.054900 0.059900 0.004400 0.045400 0.055200 0.050100 0.061200 0.037100 0.082900 0.045500 0.069900 0.035800 0.013200 0.050200 0.008800 0.013200 0.036200 0.050000 0.054800 0.070000 0.054700 0.049800 0.060100 0.059900
Reindeer 0.080200 0.111100 0.069700 0.122000 0.079100 0.080100 0.094400 0.084800 0.064900 0.026700 0.084600 0.050300 0.078900 0.064200 0.069500 0.069300 0.065000 0.055200 0.089000 0.074700 0.089400 0.092700 0.022200 0.000000 0.081700 0.074100 0.069300 0.065000 0.069300 0.074400 0.017700 0.069300 0.079600 0.074100 0.081300 0.051600 0.094900 0.069200 0.094800 0.049700 0.026700 0.074100 0.022200 0.017700 0.050200 0.064200 0.078800 0.085000 0.078800 0.063900 0.074800 0.074500
Ibex 0.022500 0.148000 0.068600 0.140500 0.047400 0.031600 0.053700 0.039100 0.063700 0.081300 0.013500 0.043100 0.032400 0.029100 0.068600 0.035200 0.087400 0.076800 0.041100 0.073300 0.051900 0.027100 0.066400 0.081700 0.000000 0.040300 0.032600 0.063800 0.034200 0.072200 0.071400 0.033800 0.090000 0.027800 0.037900 0.057500 0.022700 0.048100 0.053600 0.106500 0.081100 0.040300 0.076400 0.071400 0.057300 0.049200 0.049100 0.048200 0.053900 0.090300 0.073300 0.072300
GyrantGaze 0.036100 0.118500 0.050200 0.122700 0.040700 0.045400 0.045700 0.018000 0.045600 0.064300 0.052500 0.050300 0.031600 0.026900 0.040900 0.013400 0.069800 0.059900 0.050100 0.055100 0.022500 0.050100 0.050200 0.074100 0.040300 0.000000 0.031600 0.045600 0.013400 0.054800 0.054800 0.022400 0.066800 0.027000 0.041300 0.040700 0.063000 0.031400 0.031900 0.088600 0.064300 0.000000 0.059600 0.064400 0.040700 0.026900 0.027000 0.045900 0.031400 0.073500 0.055100 0.054900
Hartebeest 0.022500 0.118700 0.045700 0.128200 0.045500 0.031600 0.050500 0.041300 0.041100 0.059500 0.037600 0.036200 0.008900 0.022400 0.055000 0.036300 0.064900 0.055200 0.027000 0.050500 0.045800 0.027100 0.045500 0.069300 0.032600 0.031600 0.000000 0.041100 0.036300 0.050300 0.050100 0.027000 0.061900 0.004400 0.018100 0.036100 0.037800 0.036200 0.055500 0.083800 0.059400 0.031600 0.054900 0.059600 0.036200 0.031500 0.041000 0.060300 0.036100 0.068700 0.050600 0.050400
Bongo 0.052400 0.129600 0.013400 0.138200 0.050400 0.062100 0.065200 0.055700 0.008900 0.064800 0.065100 0.031800 0.050500 0.045500 0.050600 0.050400 0.060400 0.050600 0.060000 0.018000 0.060100 0.066700 0.050600 0.065000 0.063800 0.045600 0.041100 0.000000 0.050600 0.017900 0.055300 0.041100 0.077100 0.045800 0.060800 0.022500 0.075000 0.040900 0.070500 0.089400 0.064800 0.045600 0.060100 0.064900 0.022500 0.045600 0.055400 0.065300 0.050300 0.064500 0.018000 0.017900
Gerenuk 0.040900 0.123400 0.055200 0.122600 0.045500 0.050300 0.050500 0.022600 0.050600 0.069200 0.047200 0.045600 0.027000 0.031500 0.045700 0.000100 0.074700 0.064800 0.055000 0.060100 0.018000 0.055100 0.054900 0.069300 0.034200 0.013400 0.036300 0.050600 0.000000 0.059800 0.059600 0.027000 0.071500 0.031600 0.041300 0.045500 0.057200 0.036200 0.036600 0.093800 0.069100 0.013400 0.064500 0.059700 0.045500 0.031600 0.031700 0.050800 0.036100 0.078500 0.060100 0.059900
CommonElan 0.061000 0.139500 0.013400 0.148000 0.059600 0.070700 0.074500 0.065000 0.017900 0.074200 0.074600 0.040900 0.059700 0.054800 0.059900 0.059700 0.069700 0.059800 0.069200 0.017900 0.069500 0.072300 0.059900 0.074400 0.072200 0.054800 0.050300 0.017900 0.059800 0.000000 0.064600 0.050300 0.086400 0.055000 0.070000 0.031500 0.084500 0.050100 0.079800 0.099100 0.074200 0.054800 0.069500 0.074300 0.031500 0.054900 0.064700 0.074800 0.059400 0.073800 0.017900 0.008900
MuntiacusR 0.060500 0.090500 0.060000 0.106400 0.059800 0.060400 0.074400 0.065100 0.055200 0.008800 0.074800 0.050300 0.059500 0.045300 0.059700 0.059700 0.045700 0.036300 0.069300 0.064800 0.069600 0.071300 0.004400 0.017700 0.071400 0.054800 0.050100 0.055300 0.059600 0.064600 0.000000 0.050100 0.060000 0.054800 0.066200 0.041900 0.088000 0.050200 0.074700 0.031200 0.008800 0.054800 0.004400 0.008800 0.040800 0.045300 0.059500 0.065200 0.059400 0.054400 0.064900 0.064700
HarveysDui 0.031600 0.123500 0.045700 0.122600 0.027000 0.040800 0.022500 0.022600 0.041100 0.059500 0.037400 0.040900 0.027000 0.013300 0.036100 0.027000 0.059900 0.050300 0.045500 0.050400 0.031700 0.036300 0.045400 0.069300 0.033800 0.022400 0.027000 0.041100 0.027000 0.050300 0.050100 0.000000 0.061800 0.022400 0.036600 0.036100 0.047200 0.027000 0.036600 0.078800 0.059500 0.022400 0.054800 0.059500 0.036100 0.022400 0.031700 0.041200 0.026900 0.068800 0.050500 0.050300
Pronghorn 0.076700 0.124900 0.082000 0.139700 0.076200 0.079700 0.081800 0.077000 0.077100 0.069600 0.093700 0.075000 0.071600 0.066300 0.092300 0.071700 0.072100 0.061800 0.091700 0.087400 0.082100 0.092000 0.055200 0.079600 0.090000 0.066800 0.061900 0.077100 0.071500 0.086400 0.060000 0.061800 0.000000 0.066800 0.070700 0.066500 0.104600 0.066500 0.087700 0.094400 0.069500 0.066800 0.064900 0.069600 0.064900 0.066400 0.076600 0.097400 0.071300 0.079000 0.087100 0.088400
BlueWildeb 0.017900 0.123900 0.050500 0.133500 0.040800 0.027000 0.045800 0.036600 0.045800 0.064300 0.032800 0.040800 0.004400 0.017800 0.050300 0.031600 0.069800 0.060000 0.022400 0.055200 0.041100 0.022500 0.050100 0.074100 0.027800 0.027000 0.004400 0.045800 0.031600 0.055000 0.054800 0.022400 0.066800 0.000000 0.013500 0.040700 0.033000 0.031500 0.050700 0.088700 0.064200 0.027000 0.059600 0.064400 0.040800 0.026900 0.036300 0.055500 0.031500 0.073500 0.055300 0.055100
Gemsbok 0.031900 0.123700 0.065600 0.143100 0.055300 0.038500 0.060700 0.051200 0.060800 0.076000 0.043100 0.047600 0.018100 0.031800 0.065600 0.041300 0.082000 0.071500 0.036500 0.070600 0.056000 0.036700 0.061200 0.081300 0.037900 0.041300 0.018100 0.060800 0.041300 0.070000 0.066200 0.036600 0.070700 0.013500 0.000000 0.052200 0.043500 0.045800 0.065900 0.101300 0.075900 0.041300 0.071200 0.071100 0.052100 0.041100 0.050800 0.070800 0.045800 0.085000 0.070500 0.070100
Yak 0.047300 0.100900 0.027000 0.123000 0.045400 0.047000 0.059900 0.050500 0.022500 0.046600 0.059900 0.017900 0.045300 0.040600 0.045400 0.045400 0.047000 0.037200 0.045400 0.031600 0.055000 0.057500 0.037100 0.051600 0.057500 0.040700 0.036100 0.022500 0.045500 0.031500 0.041900 0.036100 0.066500 0.040700 0.052200 0.000000 0.069600 0.036100 0.064900 0.075600 0.051200 0.040700 0.046700 0.051400 0.008900 0.040600 0.050200 0.060100 0.045200 0.051000 0.031600 0.031500
BlueSheep 0.036300 0.147000 0.079700 0.155200 0.060100 0.045600 0.067000 0.062500 0.074900 0.098000 0.027300 0.059500 0.037500 0.042400 0.080300 0.058200 0.101000 0.090400 0.045900 0.085200 0.074400 0.022600 0.082900 0.094900 0.022700 0.063000 0.037800 0.075000 0.057200 0.084500 0.088000 0.047200 0.104600 0.033000 0.043500 0.069600 0.000000 0.060000 0.077300 0.120300 0.098000 0.063000 0.093200 0.084800 0.060000 0.061500 0.071700 0.070700 0.066900 0.104100 0.085100 0.084700
BohorReedb 0.037300 0.123300 0.045500 0.132200 0.008800 0.046800 0.041000 0.041100 0.040900 0.059600 0.050400 0.045600 0.036100 0.031400 0.045500 0.036100 0.064900 0.055100 0.045400 0.050400 0.040700 0.048100 0.045500 0.069200 0.048100 0.031400 0.036200 0.040900 0.036200 0.050100 0.050200 0.027000 0.066500 0.031500 0.045800 0.036100 0.060000 0.000000 0.055400 0.083700 0.059600 0.031400 0.054900 0.059600 0.036100 0.031400 0.040800 0.050500 0.035900 0.068700 0.050300 0.050200
KirksDik 0.060400 0.135400 0.075200 0.139800 0.055600 0.070000 0.055700 0.032200 0.070400 0.084500 0.067000 0.070000 0.055400 0.041100 0.065200 0.036600 0.090500 0.080200 0.074700 0.080200 0.041400 0.065400 0.069900 0.094800 0.053600 0.031900 0.055500 0.070500 0.036600 0.079800 0.074700 0.036600 0.087700 0.050700 0.065900 0.064900 0.077300 0.055400 0.000000 0.099400 0.084400 0.031900 0.079800 0.084600 0.064900 0.050500 0.041200 0.061000 0.055200 0.084100 0.080400 0.080000
RoeDeer 0.094800 0.126300 0.094300 0.121600 0.093800 0.094800 0.099000 0.099800 0.089400 0.040300 0.109700 0.084000 0.093700 0.078600 0.088900 0.093700 0.074500 0.064800 0.093800 0.099400 0.104200 0.106600 0.035800 0.049700 0.106500 0.088600 0.083800 0.089400 0.093800 0.099100 0.031200 0.078800 0.094400 0.088700 0.101300 0.075600 0.120300 0.083700 0.099400 0.000000 0.040400 0.088600 0.035800 0.040400 0.074000 0.078600 0.073700 0.099900 0.095100 0.088000 0.099600 0.099200
WhiteLippe 0.070000 0.090600 0.069600 0.106200 0.069400 0.070000 0.084200 0.074800 0.064800 0.017700 0.084600 0.059700 0.068900 0.054600 0.069300 0.069200 0.055000 0.045600 0.078900 0.074500 0.079200 0.081000 0.013200 0.026700 0.081100 0.064300 0.059400 0.064800 0.069100 0.074200 0.008800 0.059500 0.069500 0.064200 0.075900 0.051200 0.098000 0.059600 0.084400 0.040400 0.000000 0.064300 0.013200 0.017600 0.050000 0.054600 0.069000 0.074900 0.068900 0.063800 0.074600 0.074400
ThomsonGaz 0.036100 0.118500 0.050200 0.122700 0.040700 0.045400 0.045700 0.018000 0.045600 0.064300 0.052500 0.050300 0.031600 0.026900 0.040900 0.013400 0.069800 0.059900 0.050100 0.055100 0.022500 0.050100 0.050200 0.074100 0.040300 0.000000 0.031600 0.045600 0.013400 0.054800 0.054800 0.022400 0.066800 0.027000 0.041300 0.040700 0.063000 0.031400 0.031900 0.088600 0.064300 0.000000 0.059600 0.064400 0.040700 0.026900 0.027000 0.045900 0.031400 0.073500 0.055100 0.054900
MuntiacusC 0.065400 0.095700 0.064800 0.111400 0.064600 0.065300 0.079400 0.070000 0.060100 0.008700 0.079700 0.055100 0.064400 0.050000 0.054900 0.064500 0.050500 0.041000 0.074200 0.069700 0.074500 0.076500 0.008800 0.022200 0.076400 0.059600 0.054900 0.060100 0.064500 0.069500 0.004400 0.054800 0.064900 0.059600 0.071200 0.046700 0.093200 0.054900 0.079800 0.035800 0.013200 0.059600 0.000000 0.013200 0.045500 0.050000 0.064300 0.070100 0.064200 0.059200 0.069800 0.069600
WhiteTaile 0.060500 0.090700 0.069700 0.101200 0.069400 0.070200 0.084300 0.074800 0.064900 0.017700 0.074700 0.050200 0.069200 0.054600 0.069400 0.059600 0.055300 0.045700 0.079000 0.074600 0.079400 0.081700 0.013200 0.017700 0.071400 0.064400 0.059600 0.064900 0.059700 0.074300 0.008800 0.059500 0.069600 0.064400 0.071100 0.051400 0.084800 0.059600 0.084600 0.040400 0.017600 0.064400 0.013200 0.000000 0.050200 0.054700 0.069100 0.074900 0.069000 0.054500 0.074700 0.074400
Cattle 0.046900 0.102000 0.027000 0.121500 0.045400 0.046800 0.059900 0.050600 0.022500 0.050100 0.060000 0.017900 0.045400 0.040600 0.045400 0.045500 0.045700 0.036200 0.054900 0.031600 0.055000 0.058800 0.036200 0.050200 0.057300 0.040700 0.036200 0.022500 0.045500 0.031500 0.040800 0.036100 0.064900 0.040800 0.052100 0.008900 0.060000 0.036100 0.064900 0.074000 0.050000 0.040700 0.045500 0.050200 0.000000 0.040700 0.050200 0.060100 0.045200 0.049800 0.031600 0.031600
RoyalAntel 0.036200 0.118100 0.050300 0.122400 0.040700 0.045400 0.045600 0.036400 0.045600 0.054600 0.051600 0.050100 0.031500 0.017800 0.040800 0.031500 0.069500 0.059800 0.050000 0.055100 0.040900 0.050100 0.050000 0.064200 0.049200 0.026900 0.031500 0.045600 0.031600 0.054900 0.045300 0.022400 0.066400 0.026900 0.041100 0.040600 0.061500 0.031400 0.050500 0.078600 0.054600 0.026900 0.050000 0.054700 0.040700 0.000000 0.036100 0.045800 0.022300 0.073300 0.055200 0.055000
Steenbok 0.045700 0.139800 0.060100 0.144100 0.050300 0.055100 0.050500 0.036600 0.055400 0.069000 0.061600 0.060000 0.040900 0.036200 0.059900 0.031700 0.079700 0.069700 0.059800 0.064900 0.041200 0.059900 0.054800 0.078800 0.049100 0.027000 0.041000 0.055400 0.031700 0.064700 0.059500 0.031700 0.076600 0.036300 0.050800 0.050200 0.071700 0.040800 0.041200 0.073700 0.069000 0.027000 0.064300 0.069100 0.050200 0.036100 0.000000 0.055600 0.042200 0.083300 0.065000 0.064800
Impala 0.056800 0.141100 0.070100 0.144000 0.050600 0.066500 0.060600 0.046300 0.065300 0.074900 0.060700 0.065200 0.060300 0.036400 0.050900 0.050700 0.090600 0.080300 0.060200 0.075300 0.055700 0.057700 0.070000 0.085000 0.048200 0.045900 0.060300 0.065300 0.050800 0.074800 0.065200 0.041200 0.097400 0.055500 0.070800 0.060100 0.070700 0.050500 0.061000 0.099900 0.074900 0.045900 0.070100 0.074900 0.060100 0.045800 0.055600 0.000000 0.060000 0.084300 0.075200 0.074900
Klipspring 0.040700 0.133500 0.054900 0.138200 0.045200 0.050000 0.050300 0.041000 0.050200 0.068900 0.056700 0.054900 0.036000 0.031300 0.054900 0.036100 0.074400 0.064500 0.054500 0.059800 0.045500 0.045400 0.054700 0.078800 0.053900 0.031400 0.036100 0.050300 0.036100 0.059400 0.059400 0.026900 0.071300 0.031500 0.045800 0.045200 0.066900 0.035900 0.055200 0.095100 0.068900 0.031400 0.064200 0.069000 0.045200 0.022300 0.042200 0.060000 0.000000 0.078100 0.059700 0.059500
ForestMusk 0.069600 0.120500 0.069100 0.125100 0.078600 0.079300 0.093600 0.084100 0.064500 0.063900 0.093800 0.059400 0.078200 0.073400 0.078500 0.078500 0.069200 0.059500 0.088200 0.074000 0.088600 0.089600 0.049800 0.063900 0.090300 0.073500 0.068700 0.064500 0.078500 0.073800 0.054400 0.068800 0.079000 0.073500 0.085000 0.051000 0.104100 0.068700 0.084100 0.088000 0.063800 0.073500 0.059200 0.054500 0.049800 0.073300 0.083300 0.084300 0.078100 0.000000 0.074100 0.073900
Bushbuck 0.061800 0.140300 0.004500 0.149100 0.059900 0.071600 0.074900 0.065400 0.008900 0.074500 0.075000 0.041100 0.060100 0.055000 0.060300 0.060000 0.070100 0.060100 0.069600 0.000000 0.069900 0.075500 0.060100 0.074800 0.073300 0.055100 0.050600 0.018000 0.060100 0.017900 0.064900 0.050500 0.087100 0.055300 0.070500 0.031600 0.085100 0.050300 0.080400 0.099600 0.074600 0.055100 0.069800 0.074700 0.031600 0.055200 0.065000 0.075200 0.059700 0.074100 0.000000 0.008900
GreaterKud 0.061100 0.139700 0.013400 0.148300 0.059700 0.070800 0.074600 0.065100 0.008900 0.074300 0.074700 0.041000 0.059800 0.054800 0.060000 0.059800 0.069800 0.059900 0.069300 0.008900 0.069600 0.072400 0.059900 0.074500 0.072300 0.054900 0.050400 0.017900 0.059900 0.008900 0.064700 0.050300 0.088400 0.055100 0.070100 0.031500 0.084700 0.050200 0.080000 0.099200 0.074400 0.054900 0.069600 0.074400 0.031600 0.055000 0.064800 0.074900 0.059500 0.073900 0.008900 0.000000
