1
52 1
Argali 0.000000 0.587500 0.145200 0.606400 0.126900 0.012000 0.121300 0.114000 0.176500 0.187200 0.038900 0.142800 0.088200 0.120200 0.129600 0.142800 0.166400 0.199700 0.094800 0.173600 0.122500 0.048200 0.180100 0.167700 0.039000 0.161500 0.079000 0.173200 0.142200 0.164200 0.173500 0.108000 0.224100 0.087900 0.103800 0.139600 0.042300 0.123900 0.159900 0.180800 0.171100 0.148700 0.185200 0.188500 0.142000 0.134800 0.107000 0.130500 0.115900 0.189800 0.172600 0.175500
LesserMous 0.587500 0.000000 0.550600 0.585700 0.586300 0.559400 0.564900 0.602300 0.574600 0.614900 0.561900 0.543000 0.560400 0.580100 0.541300 0.590500 0.517000 0.555100 0.594200 0.550500 0.609400 0.604600 0.620800 0.574600 0.587500 0.624600 0.547300 0.541000 0.572300 0.545700 0.607600 0.567600 0.641200 0.539800 0.572900 0.578900 0.597900 0.574800 0.576800 0.593500 0.608100 0.642800 0.616100 0.620300 0.590800 0.555700 0.573500 0.589000 0.573200 0.636100 0.558100 0.561300
LesserKudu 0.145200 0.550600 0.000000 0.582100 0.137300 0.144900 0.142400 0.155700 0.046000 0.176200 0.132900 0.092900 0.128900 0.137600 0.144000 0.177500 0.158500 0.192000 0.158400 0.049400 0.136300 0.136000 0.183600 0.156900 0.132800 0.179300 0.119500 0.046000 0.173700 0.036300 0.162700 0.125300 0.223000 0.128400 0.130800 0.082000 0.136700 0.131100 0.167400 0.170000 0.167400 0.173200 0.174200 0.177700 0.084700 0.163400 0.141500 0.137900 0.136900 0.172000 0.042800 0.045800
KillerWhal 0.606400 0.585700 0.582100 0.000000 0.637100 0.592500 0.603200 0.621800 0.592000 0.633300 0.612900 0.588300 0.570000 0.596000 0.609800 0.640900 0.524200 0.533300 0.617800 0.590400 0.598100 0.598000 0.621600 0.615800 0.600100 0.679400 0.569900 0.569000 0.626900 0.573500 0.626300 0.580700 0.635400 0.579500 0.595500 0.584500 0.609000 0.604700 0.588800 0.633800 0.613000 0.634100 0.633600 0.628800 0.597000 0.624200 0.606000 0.619400 0.572300 0.639300 0.584000 0.589200
DefassaWat 0.126900 0.586300 0.137300 0.637100 0.000000 0.126700 0.127400 0.130200 0.154200 0.201100 0.121600 0.148800 0.100800 0.126100 0.122000 0.141800 0.183200 0.217000 0.133500 0.165500 0.118500 0.131500 0.216700 0.188800 0.121600 0.153800 0.098200 0.168400 0.141400 0.156200 0.187300 0.120800 0.248400 0.100500 0.129800 0.145700 0.118700 0.045300 0.165800 0.194600 0.206900 0.161300 0.199200 0.217200 0.148100 0.140900 0.119800 0.126600 0.125300 0.178500 0.164500 0.167400
Sheep 0.012000 0.559400 0.144900 0.592500 0.126700 0.000000 0.114300 0.120500 0.176200 0.186900 0.044900 0.142600 0.088100 0.113200 0.129300 0.142500 0.166000 0.199400 0.094600 0.166100 0.122300 0.048200 0.179800 0.167400 0.045100 0.161200 0.078800 0.165800 0.142000 0.156900 0.173100 0.101100 0.223600 0.087700 0.110200 0.139300 0.042200 0.123700 0.159700 0.180500 0.170800 0.148400 0.184900 0.188200 0.141700 0.134600 0.106800 0.130300 0.115700 0.189500 0.165200 0.168100
MaxwellsDu 0.121300 0.564900 0.142400 0.603200 0.127400 0.114300 0.000000 0.124100 0.173900 0.202600 0.122900 0.163900 0.095200 0.080900 0.123300 0.122700 0.199800 0.220000 0.124900 0.178300 0.109500 0.126100 0.199400 0.175000 0.122800 0.151600 0.085900 0.174000 0.125600 0.161500 0.188700 0.068800 0.251000 0.094800 0.103900 0.147400 0.123100 0.110800 0.133000 0.181800 0.193900 0.138700 0.208000 0.181600 0.149800 0.124400 0.114200 0.140700 0.116400 0.187200 0.170100 0.165900
GazellaPrz 0.114000 0.602300 0.155700 0.621800 0.130200 0.120500 0.124100 0.000000 0.187400 0.223500 0.109000 0.177500 0.101400 0.136600 0.129300 0.099400 0.187900 0.215100 0.147600 0.191900 0.089500 0.125400 0.225000 0.200600 0.108900 0.127600 0.098800 0.187500 0.095600 0.174800 0.209500 0.124300 0.234400 0.107700 0.110200 0.153600 0.106100 0.130600 0.099200 0.206500 0.215100 0.121500 0.221700 0.214300 0.155900 0.148700 0.087200 0.144300 0.129600 0.211400 0.183500 0.186300
MountainNy 0.176500 0.574600 0.046000 0.592000 0.154200 0.176200 0.173900 0.187400 0.000000 0.193900 0.163500 0.109100 0.163500 0.168600 0.168600 0.206400 0.169000 0.202600 0.182300 0.027300 0.167100 0.159600 0.201800 0.181700 0.163300 0.196600 0.154000 0.030400 0.205500 0.020900 0.180200 0.156300 0.237600 0.155900 0.165000 0.098500 0.167400 0.154900 0.199000 0.202200 0.177900 0.190500 0.192000 0.202900 0.107700 0.188200 0.172700 0.168200 0.168600 0.182400 0.033400 0.030100
MuntiacusM 0.187200 0.614900 0.176200 0.633300 0.201100 0.186900 0.202600 0.223500 0.193900 0.000000 0.202600 0.177400 0.192300 0.211700 0.193600 0.225000 0.176300 0.202700 0.218700 0.205700 0.199000 0.198800 0.091800 0.081400 0.195300 0.229200 0.186300 0.201300 0.238700 0.181300 0.018000 0.206600 0.248900 0.180800 0.197400 0.167500 0.196000 0.201600 0.228200 0.106800 0.078000 0.231000 0.015000 0.113900 0.176900 0.232500 0.201200 0.207000 0.205000 0.214500 0.197000 0.200100
goat 0.038900 0.561900 0.132900 0.612900 0.121600 0.044900 0.122900 0.109000 0.163500 0.202600 0.000000 0.137400 0.090200 0.115100 0.124200 0.137400 0.160100 0.193200 0.090300 0.160600 0.117500 0.038500 0.195900 0.183300 0.011700 0.149100 0.081100 0.160300 0.136900 0.151600 0.188900 0.103100 0.224500 0.089900 0.105600 0.134100 0.026600 0.118700 0.147500 0.189100 0.186600 0.136600 0.200700 0.196900 0.136500 0.129500 0.102200 0.125400 0.110800 0.190400 0.159600 0.162600
AfricanBuf 0.142800 0.543000 0.092900 0.588300 0.148800 0.142600 0.163900 0.177500 0.109100 0.177400 0.137400 0.000000 0.130200 0.145100 0.141700 0.175200 0.159500 0.175000 0.155900 0.106200 0.144500 0.133900 0.181100 0.154900 0.137300 0.190300 0.120900 0.109200 0.178000 0.091900 0.167400 0.133000 0.212900 0.129700 0.145600 0.074200 0.141100 0.142600 0.171900 0.181700 0.165100 0.177600 0.175400 0.182300 0.083300 0.160800 0.156100 0.152400 0.141400 0.162700 0.105700 0.108600
Topi 0.088200 0.560400 0.128900 0.570000 0.100800 0.088100 0.095200 0.101400 0.163500 0.192300 0.090200 0.130200 0.000000 0.087800 0.109800 0.116500 0.170800 0.194000 0.108600 0.167800 0.090200 0.093300 0.196600 0.176400 0.090100 0.135200 0.009200 0.163600 0.116100 0.151300 0.171300 0.075500 0.221700 0.018300 0.078100 0.126600 0.080700 0.097800 0.133400 0.182200 0.187100 0.129200 0.190300 0.189900 0.129100 0.115300 0.087900 0.111600 0.092900 0.184000 0.159700 0.162600
CommonDuik 0.120200 0.580100 0.137600 0.596000 0.126100 0.113200 0.080900 0.136600 0.168600 0.211700 0.115100 0.145100 0.087800 0.000000 0.125500 0.128600 0.194000 0.221500 0.133700 0.172900 0.108600 0.111600 0.216200 0.195600 0.121600 0.147100 0.078500 0.168700 0.134800 0.156500 0.197800 0.030300 0.251800 0.081000 0.106100 0.145700 0.118800 0.109800 0.145400 0.198100 0.210400 0.134400 0.209800 0.209400 0.148100 0.130200 0.106600 0.113000 0.115300 0.207000 0.164900 0.167700
Suni 0.129600 0.541300 0.144000 0.609800 0.122000 0.129300 0.123300 0.129300 0.168600 0.193600 0.124200 0.141700 0.109800 0.125500 0.000000 0.152000 0.164900 0.191400 0.136300 0.172900 0.134700 0.124100 0.193800 0.173900 0.124100 0.150200 0.100300 0.175900 0.144400 0.156300 0.179700 0.113200 0.219700 0.102600 0.115500 0.159800 0.128000 0.118900 0.155300 0.186900 0.184500 0.161400 0.191700 0.187600 0.162100 0.137200 0.122400 0.132700 0.128400 0.196500 0.171900 0.174800
Springbuck 0.142800 0.590500 0.177500 0.640900 0.141800 0.142500 0.122700 0.099400 0.206400 0.225000 0.137400 0.175200 0.116500 0.128600 0.152000 0.000000 0.199800 0.219000 0.142200 0.203800 0.088400 0.147200 0.222600 0.186600 0.137200 0.090200 0.107300 0.199400 0.047500 0.193600 0.211100 0.123200 0.280000 0.102900 0.128900 0.169000 0.134500 0.125500 0.101200 0.200100 0.216300 0.090600 0.215700 0.214600 0.171300 0.136400 0.083000 0.142300 0.124400 0.208100 0.202500 0.205300
Okapi 0.166400 0.517000 0.158500 0.524200 0.183200 0.166000 0.199800 0.187900 0.169000 0.176300 0.160100 0.159500 0.170800 0.194000 0.164900 0.199800 0.000000 0.059900 0.201100 0.176700 0.174600 0.170600 0.176000 0.163700 0.167200 0.212100 0.161200 0.165100 0.206500 0.163600 0.162500 0.181400 0.176800 0.163000 0.187200 0.160400 0.171400 0.184000 0.203100 0.191600 0.159800 0.206000 0.174300 0.192100 0.169900 0.199700 0.176300 0.207600 0.168600 0.200400 0.168400 0.178500
Giraffe 0.199700 0.555100 0.192000 0.533300 0.217000 0.199400 0.220000 0.215100 0.202600 0.202700 0.193200 0.175000 0.194000 0.221500 0.191400 0.219000 0.059900 0.000000 0.223800 0.199700 0.189900 0.203800 0.180900 0.179300 0.200400 0.253600 0.184400 0.195300 0.229400 0.189600 0.188800 0.209000 0.205500 0.193300 0.217900 0.194400 0.204800 0.203200 0.219000 0.207200 0.168200 0.240000 0.200900 0.196700 0.196500 0.226600 0.202700 0.226200 0.195400 0.219400 0.198300 0.208700
TibetanAnt 0.094800 0.594200 0.158400 0.617800 0.133500 0.094600 0.124900 0.147600 0.182300 0.218700 0.090300 0.155900 0.108600 0.133700 0.136300 0.142200 0.201100 0.223800 0.000000 0.165500 0.135800 0.093300 0.227200 0.181400 0.090300 0.164200 0.099500 0.172100 0.155300 0.163300 0.204900 0.128400 0.243800 0.101700 0.117400 0.166900 0.093700 0.124000 0.165800 0.190800 0.210000 0.165100 0.209500 0.209100 0.169100 0.144900 0.127200 0.136800 0.136500 0.202600 0.171600 0.174400
Sitatunga 0.173600 0.550500 0.049400 0.590400 0.165500 0.166100 0.178300 0.191900 0.027300 0.205700 0.160600 0.106200 0.167800 0.172900 0.172900 0.203800 0.176700 0.199700 0.165500 0.000000 0.168000 0.156800 0.206600 0.186200 0.160500 0.215500 0.158300 0.015100 0.210100 0.023600 0.191800 0.160500 0.234800 0.167100 0.169300 0.102300 0.164500 0.159200 0.203600 0.206900 0.182400 0.202200 0.203900 0.207600 0.111500 0.192700 0.177100 0.172500 0.172900 0.186500 0.030300 0.020700
Oribi 0.122500 0.609400 0.136300 0.598100 0.118500 0.122300 0.109500 0.089500 0.167100 0.199000 0.117500 0.144500 0.090200 0.108600 0.134700 0.088400 0.174600 0.189900 0.135800 0.168000 0.000000 0.127200 0.199800 0.172700 0.117400 0.116100 0.081100 0.167200 0.084900 0.155100 0.185400 0.103200 0.242700 0.089900 0.112100 0.137800 0.114600 0.102300 0.094600 0.171400 0.183200 0.103700 0.197200 0.200500 0.140200 0.129600 0.089400 0.129000 0.121000 0.198300 0.163300 0.166200
BarbaryShe 0.048200 0.604600 0.136000 0.598000 0.131500 0.048200 0.126100 0.125400 0.159600 0.198800 0.038500 0.133900 0.093300 0.111600 0.124100 0.147200 0.170600 0.203800 0.093300 0.156800 0.127200 0.000000 0.192100 0.179500 0.038500 0.165700 0.084200 0.156400 0.146700 0.141200 0.185200 0.106200 0.234700 0.093000 0.108600 0.137200 0.035600 0.128600 0.157400 0.192500 0.182900 0.139600 0.196900 0.193100 0.139600 0.132600 0.111900 0.130400 0.120700 0.193700 0.156000 0.158800
Daviddeer 0.180100 0.620800 0.183600 0.621600 0.216700 0.179800 0.199400 0.225000 0.201800 0.091800 0.195900 0.181100 0.196600 0.216200 0.193800 0.222600 0.176000 0.180900 0.227200 0.206600 0.199800 0.192100 0.000000 0.092800 0.188500 0.245800 0.186800 0.202000 0.229200 0.181500 0.078800 0.203500 0.243000 0.195900 0.198100 0.178500 0.192800 0.202500 0.230100 0.112400 0.024200 0.232400 0.095900 0.119600 0.188200 0.234700 0.209600 0.214900 0.214100 0.204700 0.197500 0.200800
Reindeer 0.167700 0.574600 0.156900 0.615800 0.188800 0.167400 0.175000 0.200600 0.181700 0.081400 0.183300 0.154900 0.176400 0.195600 0.173900 0.186600 0.163700 0.179300 0.181400 0.186200 0.172700 0.179500 0.092800 0.000000 0.176000 0.209400 0.166700 0.181900 0.189400 0.162200 0.068700 0.190300 0.225700 0.168600 0.167500 0.155300 0.180100 0.175100 0.201600 0.068700 0.072400 0.203600 0.085300 0.049400 0.157700 0.205400 0.182100 0.191500 0.178100 0.170000 0.177600 0.173700
Ibex 0.039000 0.587500 0.132800 0.600100 0.121600 0.045100 0.122800 0.108900 0.163300 0.195300 0.011700 0.137300 0.090100 0.121600 0.124100 0.137200 0.167200 0.200400 0.090300 0.160500 0.117400 0.038500 0.188500 0.176000 0.000000 0.155700 0.081000 0.160100 0.136700 0.151500 0.181700 0.109600 0.224300 0.089800 0.105500 0.127200 0.026600 0.118700 0.147300 0.181800 0.179300 0.143100 0.193300 0.189500 0.129600 0.136100 0.102100 0.131800 0.117400 0.190400 0.159700 0.162500
GyrantGaze 0.161500 0.624600 0.179300 0.679400 0.153800 0.161200 0.151600 0.127600 0.196600 0.229200 0.149100 0.190300 0.135200 0.147100 0.150200 0.090200 0.212100 0.253600 0.164200 0.215500 0.116100 0.165700 0.245800 0.209400 0.155700 0.000000 0.126000 0.211100 0.089900 0.198200 0.222700 0.135100 0.258200 0.128000 0.133700 0.181100 0.153000 0.150800 0.139000 0.223000 0.235600 0.058600 0.220000 0.237600 0.183300 0.162300 0.097900 0.153800 0.150200 0.219700 0.207100 0.209800
Hartebeest 0.079000 0.547300 0.119500 0.569900 0.098200 0.078800 0.085900 0.098800 0.154000 0.186300 0.081100 0.120900 0.009200 0.078500 0.100300 0.107300 0.161200 0.184400 0.099500 0.158300 0.081100 0.084200 0.186800 0.166700 0.081000 0.126000 0.000000 0.154100 0.106900 0.142000 0.172500 0.066300 0.212300 0.009200 0.068900 0.117100 0.078100 0.088600 0.124200 0.172600 0.177500 0.120000 0.184300 0.180300 0.119700 0.105900 0.078700 0.102500 0.083500 0.174600 0.150300 0.153200
Bongo 0.173200 0.541000 0.046000 0.569000 0.168400 0.165800 0.174000 0.187500 0.030400 0.201300 0.160300 0.109200 0.163600 0.168700 0.175900 0.199400 0.165100 0.195300 0.172100 0.015100 0.167200 0.156400 0.202000 0.181900 0.160100 0.211100 0.154100 0.000000 0.205600 0.021000 0.187500 0.156400 0.230300 0.163000 0.165100 0.098500 0.164100 0.162100 0.199300 0.202400 0.178100 0.197900 0.199400 0.203100 0.107700 0.188300 0.172900 0.168400 0.168600 0.189400 0.027200 0.024000
Gerenuk 0.142200 0.572300 0.173700 0.626900 0.141400 0.142000 0.125600 0.095600 0.205500 0.238700 0.136900 0.178000 0.116100 0.134800 0.144400 0.047500 0.206500 0.229400 0.155300 0.210100 0.084900 0.146700 0.229200 0.189400 0.136700 0.089900 0.106900 0.205600 0.000000 0.192700 0.224700 0.122700 0.279100 0.109100 0.128300 0.168400 0.134000 0.131700 0.107300 0.195800 0.215300 0.084000 0.237100 0.206100 0.170700 0.129100 0.089100 0.148500 0.124000 0.204000 0.201600 0.204400
CommonElan 0.164200 0.545700 0.036300 0.573500 0.156200 0.156900 0.161500 0.174800 0.020900 0.181300 0.151600 0.091900 0.151300 0.156500 0.156300 0.193600 0.163600 0.189600 0.163300 0.023600 0.155100 0.141200 0.181500 0.162200 0.151500 0.198200 0.142000 0.021000 0.192700 0.000000 0.167800 0.144300 0.224400 0.150800 0.153000 0.094200 0.155300 0.150000 0.179500 0.182300 0.165500 0.185200 0.179300 0.182900 0.103300 0.175500 0.160500 0.149700 0.156200 0.173600 0.017900 0.026400
MuntiacusR 0.173500 0.607600 0.162700 0.626300 0.187300 0.173100 0.188700 0.209500 0.180200 0.018000 0.188900 0.167400 0.171300 0.197800 0.179700 0.211100 0.162500 0.188800 0.204900 0.191800 0.185400 0.185200 0.078800 0.068700 0.181700 0.222700 0.172500 0.187500 0.224700 0.167800 0.000000 0.192500 0.234800 0.167100 0.183700 0.157400 0.182400 0.187800 0.214300 0.094000 0.065400 0.224400 0.021200 0.100900 0.166800 0.218400 0.194700 0.200700 0.194600 0.200800 0.183200 0.186400
HarveysDui 0.108000 0.567600 0.125300 0.580700 0.120800 0.101100 0.068800 0.124300 0.156300 0.206600 0.103100 0.133000 0.075500 0.030300 0.113200 0.123200 0.181400 0.209000 0.128400 0.160500 0.103200 0.106200 0.203500 0.190300 0.109600 0.135100 0.066300 0.156400 0.122700 0.144300 0.192500 0.000000 0.239600 0.075300 0.094000 0.133400 0.106700 0.111000 0.133300 0.185600 0.197900 0.122400 0.204600 0.196900 0.135800 0.117900 0.101000 0.114200 0.102900 0.194800 0.152600 0.155500
Pronghorn 0.224100 0.641200 0.223000 0.635400 0.248400 0.223600 0.251000 0.234400 0.237600 0.248900 0.224500 0.212900 0.221700 0.251800 0.219700 0.280000 0.176800 0.205500 0.243800 0.234800 0.242700 0.234700 0.243000 0.225700 0.224300 0.258200 0.212300 0.230300 0.279100 0.224400 0.234800 0.239600 0.000000 0.213800 0.215700 0.218200 0.228500 0.249200 0.264800 0.250200 0.232900 0.252100 0.254600 0.243400 0.220300 0.270000 0.229900 0.242300 0.246200 0.261400 0.237000 0.229200
BlueWildeb 0.087900 0.539800 0.128400 0.579500 0.100500 0.087700 0.094800 0.107700 0.155900 0.180800 0.089900 0.129700 0.018300 0.081000 0.102600 0.102900 0.163000 0.193300 0.101700 0.167100 0.089900 0.093000 0.195900 0.168600 0.089800 0.128000 0.009200 0.163000 0.109100 0.150800 0.167100 0.075300 0.213800 0.000000 0.077800 0.126100 0.086900 0.097500 0.126300 0.174400 0.186400 0.128700 0.178800 0.189200 0.128600 0.114800 0.081100 0.104700 0.092500 0.176400 0.159100 0.162000
Gemsbok 0.103800 0.572900 0.130800 0.595500 0.129800 0.110200 0.103900 0.110200 0.165000 0.197400 0.105600 0.145600 0.078100 0.106100 0.115500 0.128900 0.187200 0.217900 0.117400 0.169300 0.112100 0.108600 0.198100 0.167500 0.105500 0.133700 0.068900 0.165100 0.128300 0.153000 0.183700 0.094000 0.215700 0.077800 0.000000 0.142500 0.109200 0.120100 0.128700 0.183800 0.188700 0.134400 0.195500 0.188200 0.144900 0.137400 0.103500 0.126900 0.102000 0.182300 0.161300 0.157200
Yak 0.139600 0.578900 0.082000 0.584500 0.145700 0.139300 0.147400 0.153600 0.098500 0.167500 0.134100 0.074200 0.126600 0.145700 0.159800 0.169000 0.160400 0.194400 0.166900 0.102300 0.137800 0.137200 0.178500 0.155300 0.127200 0.181100 0.117100 0.098500 0.168400 0.094200 0.157400 0.133400 0.218200 0.126100 0.142500 0.000000 0.131100 0.139400 0.176300 0.172100 0.155100 0.167900 0.165400 0.190700 0.015300 0.150700 0.132300 0.156100 0.131200 0.153100 0.101600 0.097900
BlueSheep 0.042300 0.597900 0.136700 0.609000 0.118700 0.042200 0.123100 0.106100 0.167400 0.196000 0.026600 0.141100 0.080700 0.118800 0.128000 0.134500 0.171400 0.204800 0.093700 0.164500 0.114600 0.035600 0.192800 0.180100 0.026600 0.153000 0.078100 0.164100 0.134000 0.155300 0.182400 0.106700 0.228500 0.086900 0.109200 0.131100 0.000000 0.122400 0.151300 0.186000 0.183500 0.140300 0.194100 0.193700 0.133500 0.133300 0.099300 0.129000 0.114600 0.194500 0.163700 0.166500
BohorReedb 0.123900 0.574800 0.131100 0.604700 0.045300 0.123700 0.110800 0.130600 0.154900 0.201600 0.118700 0.142600 0.097800 0.109800 0.118900 0.125500 0.184000 0.203200 0.124000 0.159200 0.102300 0.128600 0.202500 0.175100 0.118700 0.150800 0.088600 0.162100 0.131700 0.150000 0.187800 0.111000 0.249200 0.097500 0.120100 0.139400 0.122400 0.000000 0.142200 0.173600 0.193000 0.158400 0.192300 0.196000 0.135000 0.124300 0.110100 0.123600 0.115400 0.165300 0.158300 0.161100
KirksDik 0.159900 0.576800 0.167400 0.588800 0.165800 0.159700 0.133000 0.099200 0.199000 0.228200 0.147500 0.171900 0.133400 0.145400 0.155300 0.101200 0.203100 0.219000 0.165800 0.203600 0.094600 0.157400 0.230100 0.201600 0.147300 0.139000 0.124200 0.199300 0.107300 0.179500 0.214300 0.133300 0.264800 0.126300 0.128700 0.176300 0.151300 0.142200 0.000000 0.192900 0.223800 0.139700 0.226500 0.215300 0.171500 0.146000 0.112300 0.152400 0.137500 0.204600 0.195100 0.198100
RoeDeer 0.180800 0.593500 0.170000 0.633800 0.194600 0.180500 0.181800 0.206500 0.202200 0.106800 0.189100 0.181700 0.182200 0.198100 0.186900 0.200100 0.191600 0.207200 0.190800 0.206900 0.171400 0.192500 0.112400 0.068700 0.181800 0.223000 0.172600 0.202400 0.195800 0.182300 0.094000 0.185600 0.250200 0.174400 0.183800 0.172100 0.186000 0.173600 0.192900 0.000000 0.091400 0.224700 0.104200 0.084400 0.167300 0.200200 0.195000 0.197100 0.194500 0.197600 0.198000 0.194000
WhiteLippe 0.171100 0.608100 0.167400 0.613000 0.206900 0.170800 0.193900 0.215100 0.177900 0.078000 0.186600 0.165100 0.187100 0.210400 0.184500 0.216300 0.159800 0.168200 0.210000 0.182400 0.183200 0.182900 0.024200 0.072400 0.179300 0.235600 0.177500 0.178100 0.215300 0.165500 0.065400 0.197900 0.232900 0.186400 0.188700 0.155100 0.183500 0.193000 0.223800 0.091400 0.000000 0.222400 0.081900 0.105000 0.164600 0.228100 0.199900 0.208900 0.200300 0.195300 0.181000 0.177000
ThomsonGaz 0.148700 0.642800 0.173200 0.634100 0.161300 0.148400 0.138700 0.121500 0.190500 0.231000 0.136600 0.177600 0.129200 0.134400 0.161400 0.090600 0.206000 0.240000 0.165100 0.202200 0.103700 0.139600 0.232400 0.203600 0.143100 0.058600 0.120000 0.197900 0.084000 0.185200 0.224400 0.122400 0.252100 0.128700 0.134400 0.167900 0.140300 0.158400 0.139700 0.224700 0.222400 0.000000 0.236600 0.231900 0.170200 0.156000 0.092100 0.161300 0.150900 0.221100 0.193900 0.182700
MuntiacusC 0.185200 0.616100 0.174200 0.633600 0.199200 0.184900 0.208000 0.221700 0.192000 0.015000 0.200700 0.175400 0.190300 0.209800 0.191700 0.215700 0.174300 0.200900 0.209500 0.203900 0.197200 0.196900 0.095900 0.085300 0.193300 0.220000 0.184300 0.199400 0.237100 0.179300 0.021200 0.204600 0.254600 0.178800 0.195500 0.165400 0.194100 0.192300 0.226500 0.104200 0.081900 0.236600 0.000000 0.118200 0.174900 0.230800 0.199300 0.205200 0.203200 0.212700 0.195100 0.205400
WhiteTaile 0.188500 0.620300 0.177700 0.628800 0.217200 0.188200 0.181600 0.214300 0.202900 0.113900 0.196900 0.182300 0.189900 0.209400 0.187600 0.214600 0.192100 0.196700 0.209100 0.207600 0.200500 0.193100 0.119600 0.049400 0.189500 0.237600 0.180300 0.203100 0.206100 0.182900 0.100900 0.196900 0.243400 0.189200 0.188200 0.190700 0.193700 0.196000 0.215300 0.084400 0.105000 0.231900 0.118200 0.000000 0.192900 0.219400 0.202800 0.212100 0.191600 0.194100 0.198800 0.194700
Cattle 0.142000 0.590800 0.084700 0.597000 0.148100 0.141700 0.149800 0.155900 0.107700 0.176900 0.136500 0.083300 0.129100 0.148100 0.162100 0.171300 0.169900 0.196500 0.169100 0.111500 0.140200 0.139600 0.188200 0.157700 0.129600 0.183300 0.119700 0.107700 0.170700 0.103300 0.166800 0.135800 0.220300 0.128600 0.144900 0.015300 0.133500 0.135000 0.171500 0.167300 0.164600 0.170200 0.174900 0.192900 0.000000 0.153100 0.134800 0.158300 0.133600 0.155400 0.110800 0.100500
RoyalAntel 0.134800 0.555700 0.163400 0.624200 0.140900 0.134600 0.124400 0.148700 0.188200 0.232500 0.129500 0.160800 0.115300 0.130200 0.137200 0.136400 0.199700 0.226600 0.144900 0.192700 0.129600 0.132600 0.234700 0.205400 0.136100 0.162300 0.105900 0.188300 0.129100 0.175500 0.218400 0.117900 0.270000 0.114800 0.137400 0.150700 0.133300 0.124300 0.146000 0.200200 0.228100 0.156000 0.230800 0.219400 0.153100 0.000000 0.134600 0.137700 0.122700 0.204700 0.184300 0.187200
Steenbok 0.107000 0.573500 0.141500 0.606000 0.119800 0.106800 0.114200 0.087200 0.172700 0.201200 0.102200 0.156100 0.087900 0.106600 0.122400 0.083000 0.176300 0.202700 0.127200 0.177100 0.089400 0.111900 0.209600 0.182100 0.102100 0.097900 0.078700 0.172900 0.089100 0.160500 0.194700 0.101000 0.229900 0.081100 0.103500 0.132300 0.099300 0.110100 0.112300 0.195000 0.199900 0.092100 0.199300 0.202800 0.134800 0.134600 0.000000 0.107500 0.105400 0.189600 0.169000 0.164800
Impala 0.130500 0.589000 0.137900 0.619400 0.126600 0.130300 0.140700 0.144300 0.168200 0.207000 0.125400 0.152400 0.111600 0.113000 0.132700 0.142300 0.207600 0.226200 0.136800 0.172500 0.129000 0.130400 0.214900 0.191500 0.131800 0.153800 0.102500 0.168400 0.148500 0.149700 0.200700 0.114200 0.242300 0.104700 0.126900 0.156100 0.129000 0.123600 0.152400 0.197100 0.208900 0.161300 0.205200 0.212100 0.158300 0.137700 0.107500 0.000000 0.125900 0.212700 0.166700 0.167400
Klipspring 0.115900 0.573200 0.136900 0.572300 0.125300 0.115700 0.116400 0.129600 0.168600 0.205000 0.110800 0.141400 0.092900 0.115300 0.128400 0.124400 0.168600 0.195400 0.136500 0.172900 0.121000 0.120700 0.214100 0.178100 0.117400 0.150200 0.083500 0.168600 0.124000 0.156200 0.194600 0.102900 0.246200 0.092500 0.102000 0.131200 0.114600 0.115400 0.137500 0.194500 0.200300 0.150900 0.203200 0.191600 0.133600 0.122700 0.105400 0.125900 0.000000 0.167300 0.164700 0.167600
ForestMusk 0.189800 0.636100 0.172000 0.639300 0.178500 0.189500 0.187200 0.211400 0.182400 0.214500 0.190400 0.162700 0.184000 0.207000 0.196500 0.208100 0.200400 0.219400 0.202600 0.186500 0.198300 0.193700 0.204700 0.170000 0.190400 0.219700 0.174600 0.189400 0.204000 0.173600 0.200800 0.194800 0.261400 0.176400 0.182300 0.153100 0.194500 0.165300 0.204600 0.197600 0.195300 0.221100 0.212700 0.194100 0.155400 0.204700 0.189600 0.212700 0.167300 0.000000 0.182100 0.181300
Bushbuck 0.172600 0.558100 0.042800 0.584000 0.164500 0.165200 0.170100 0.183500 0.033400 0.197000 0.159600 0.105700 0.159700 0.164900 0.171900 0.202500 0.168400 0.198300 0.171600 0.030300 0.163300 0.156000 0.197500 0.177600 0.159700 0.207100 0.150300 0.027200 0.201600 0.017900 0.183200 0.152600 0.237000 0.159100 0.161300 0.101600 0.163700 0.158300 0.195100 0.198000 0.181000 0.193900 0.195100 0.198800 0.110800 0.184300 0.169000 0.166700 0.164700 0.182100 0.000000 0.033100
GreaterKud 0.175500 0.561300 0.045800 0.589200 0.167400 0.168100 0.165900 0.186300 0.030100 0.200100 0.162600 0.108600 0.162600 0.167700 0.174800 0.205300 0.178500 0.208700 0.174400 0.020700 0.166200 0.158800 0.200800 0.173700 0.162500 0.209800 0.153200 0.024000 0.204400 0.026400 0.186400 0.155500 0.229200 0.162000 0.157200 0.097900 0.166500 0.161100 0.198100 0.194000 0.177000 0.182700 0.205400 0.194700 0.100500 0.187200 0.164800 0.167400 0.167600 0.181300 0.033100 0.000000
