1
52 1
Argali 0.000000 0.384500 0.083600 0.335700 0.031000 0.017100 0.073800 0.049700 0.078200 0.167000 0.031100 0.064200 0.030900 0.072900 0.078300 0.054400 0.129200 0.103800 0.040400 0.078400 0.072700 0.040000 0.172400 0.182800 0.026600 0.063800 0.035400 0.064100 0.054400 0.083000 0.156800 0.059000 0.167400 0.039900 0.031100 0.068800 0.031300 0.022000 0.074000 0.188600 0.194500 0.058800 0.167400 0.182700 0.068600 0.035400 0.054300 0.040300 0.058400 0.088400 0.064000 0.068600
LesserMous 0.384500 0.000000 0.369300 0.345500 0.369900 0.387300 0.440400 0.404600 0.391000 0.363900 0.379700 0.371600 0.392100 0.433500 0.389200 0.404400 0.387600 0.373300 0.395900 0.392300 0.393200 0.370800 0.339200 0.361000 0.372900 0.428300 0.384100 0.400100 0.404800 0.383700 0.351000 0.421800 0.387100 0.407200 0.370200 0.418500 0.388600 0.363900 0.424500 0.362700 0.338700 0.418000 0.358000 0.368200 0.393100 0.360300 0.386700 0.402500 0.425900 0.388500 0.399400 0.391800
LesserKudu 0.083600 0.369300 0.000000 0.345000 0.064200 0.079000 0.110500 0.099400 0.059400 0.201900 0.079200 0.064800 0.078600 0.114100 0.120200 0.104300 0.162800 0.146900 0.079200 0.059200 0.113600 0.088600 0.190100 0.200500 0.074400 0.114800 0.083500 0.045500 0.104400 0.054600 0.179500 0.109300 0.191400 0.088300 0.073900 0.064700 0.079700 0.059500 0.126400 0.200800 0.212600 0.109600 0.190500 0.200500 0.064300 0.093300 0.114700 0.083900 0.103400 0.114500 0.045400 0.059400
KillerWhal 0.335700 0.345500 0.345000 0.000000 0.308000 0.323700 0.355800 0.360000 0.364500 0.358100 0.331300 0.331600 0.334500 0.379800 0.341200 0.354300 0.337200 0.338300 0.331400 0.365800 0.327900 0.323000 0.335000 0.319500 0.325000 0.369300 0.327200 0.359600 0.347100 0.357500 0.345200 0.368300 0.309800 0.348000 0.314300 0.345300 0.325400 0.308300 0.371500 0.356500 0.348900 0.360800 0.352200 0.326200 0.329600 0.333400 0.365900 0.329100 0.335000 0.322100 0.359000 0.364900
DefassaWat 0.031000 0.369900 0.064200 0.308000 0.000000 0.026600 0.064300 0.045100 0.073600 0.167400 0.026600 0.059700 0.026500 0.068400 0.064000 0.039300 0.124000 0.109400 0.026600 0.073000 0.068100 0.035500 0.172700 0.183000 0.022200 0.048200 0.031000 0.059500 0.039500 0.068700 0.156400 0.053400 0.161600 0.035400 0.017600 0.064300 0.026800 0.008700 0.069300 0.183200 0.194900 0.044400 0.167300 0.183000 0.063400 0.039000 0.059100 0.026600 0.049200 0.078800 0.059400 0.064000
Sheep 0.017100 0.387300 0.079000 0.323700 0.026600 0.000000 0.064400 0.049900 0.078600 0.167500 0.031200 0.064500 0.031000 0.073300 0.068900 0.054600 0.129900 0.114700 0.035900 0.078700 0.073000 0.040200 0.172900 0.183200 0.026700 0.064000 0.035500 0.064400 0.054600 0.083400 0.157300 0.059300 0.168300 0.040000 0.026600 0.069200 0.031400 0.022100 0.074300 0.189100 0.195000 0.059100 0.168000 0.183100 0.068900 0.044700 0.063900 0.035800 0.049300 0.078900 0.064300 0.068900
MaxwellsDu 0.073800 0.440400 0.110500 0.355800 0.064300 0.064400 0.000000 0.089300 0.109800 0.209800 0.069400 0.095300 0.068900 0.054900 0.104700 0.094400 0.169800 0.153800 0.074500 0.110000 0.113500 0.078700 0.215400 0.225900 0.064700 0.104500 0.073700 0.095100 0.094400 0.114800 0.199100 0.041000 0.199300 0.078400 0.064400 0.100100 0.065000 0.059500 0.115800 0.232400 0.238700 0.099000 0.210400 0.226000 0.099600 0.083500 0.099300 0.074300 0.083500 0.115500 0.094900 0.099500
GazellaPrz 0.049700 0.404600 0.099400 0.360000 0.045100 0.049900 0.089300 0.000000 0.088800 0.185200 0.045200 0.079500 0.040300 0.083300 0.088900 0.040400 0.135400 0.120100 0.053600 0.094000 0.068100 0.054300 0.202400 0.207200 0.040600 0.049900 0.044900 0.079300 0.040400 0.098600 0.174700 0.069100 0.168700 0.049500 0.040500 0.084200 0.045500 0.035800 0.064400 0.213300 0.213500 0.045100 0.185700 0.207100 0.083900 0.059000 0.069100 0.054600 0.073200 0.104400 0.079100 0.083800
MountainNy 0.078200 0.391000 0.059400 0.364500 0.073600 0.078600 0.109800 0.088800 0.000000 0.189600 0.073800 0.059600 0.073300 0.108400 0.124600 0.093900 0.145400 0.140500 0.078900 0.008800 0.118000 0.083100 0.183400 0.193700 0.069100 0.104100 0.078100 0.013300 0.093900 0.040200 0.179000 0.103900 0.173300 0.082800 0.064000 0.059500 0.074300 0.063900 0.104900 0.205500 0.205600 0.098700 0.190100 0.193700 0.059200 0.087900 0.098600 0.083700 0.092900 0.103600 0.013300 0.017700
MuntiacusM 0.167000 0.363900 0.201900 0.358100 0.167400 0.167500 0.209800 0.185200 0.189600 0.000000 0.173400 0.167800 0.172000 0.213200 0.185300 0.179700 0.162100 0.140900 0.179600 0.178900 0.188800 0.183500 0.049900 0.078300 0.168100 0.209000 0.177400 0.184600 0.179700 0.206400 0.017800 0.191100 0.162600 0.182800 0.167300 0.183500 0.168300 0.161700 0.193200 0.088300 0.068800 0.208400 0.008800 0.078100 0.183200 0.177600 0.195800 0.179100 0.165200 0.167900 0.184300 0.183900
goat 0.031100 0.379700 0.079200 0.331300 0.026600 0.031200 0.069400 0.045200 0.073800 0.173400 0.000000 0.059800 0.026500 0.063700 0.073900 0.050000 0.124800 0.109700 0.036000 0.074000 0.068300 0.026600 0.178700 0.189100 0.004300 0.059200 0.031000 0.059700 0.050000 0.078600 0.163000 0.054600 0.163000 0.035500 0.026700 0.064500 0.017800 0.017600 0.069500 0.183600 0.201000 0.054200 0.173800 0.189000 0.064200 0.040200 0.040500 0.035900 0.054000 0.084000 0.059600 0.064200
AfricanBuf 0.064200 0.371600 0.064800 0.331600 0.059700 0.064500 0.095300 0.079500 0.059600 0.167800 0.059800 0.000000 0.059400 0.104000 0.089600 0.074700 0.129000 0.108600 0.059900 0.059700 0.083500 0.069000 0.167500 0.177600 0.055100 0.094400 0.064100 0.045700 0.074700 0.064300 0.151900 0.089500 0.147200 0.068800 0.059700 0.036200 0.060200 0.050100 0.105600 0.183400 0.189400 0.089000 0.168100 0.177700 0.036000 0.064100 0.094300 0.069500 0.088500 0.094200 0.045600 0.059600
Topi 0.030900 0.392100 0.078600 0.334500 0.026500 0.031000 0.068900 0.040300 0.073300 0.172000 0.026500 0.059400 0.000000 0.068000 0.054300 0.035700 0.118800 0.103800 0.035700 0.073400 0.063100 0.035400 0.177300 0.187600 0.022100 0.044400 0.004300 0.059300 0.035800 0.078000 0.161700 0.054300 0.156300 0.008700 0.017600 0.064000 0.026700 0.017500 0.059400 0.193500 0.199500 0.039600 0.172400 0.187600 0.063700 0.039900 0.049500 0.035600 0.053600 0.083300 0.059100 0.063700
CommonDuik 0.072900 0.433500 0.114100 0.379800 0.068400 0.073300 0.054900 0.083300 0.108400 0.213200 0.063700 0.104000 0.068000 0.000000 0.113500 0.088300 0.173100 0.157200 0.078400 0.108600 0.107200 0.072900 0.230600 0.241400 0.059100 0.098300 0.072800 0.093800 0.088300 0.113400 0.214000 0.040600 0.191100 0.077500 0.068400 0.108800 0.069000 0.058800 0.099100 0.241800 0.254300 0.092900 0.213700 0.241300 0.108400 0.082400 0.098000 0.078300 0.087400 0.129600 0.093600 0.108300
Suni 0.078300 0.389200 0.120200 0.341200 0.064000 0.068900 0.104700 0.088900 0.124600 0.185300 0.073900 0.089600 0.054300 0.113500 0.000000 0.074200 0.152200 0.136600 0.079000 0.124800 0.093100 0.073600 0.190700 0.201100 0.069200 0.088800 0.059000 0.109700 0.074200 0.114200 0.174900 0.099000 0.174900 0.063600 0.068900 0.104600 0.074400 0.059200 0.099800 0.201000 0.213200 0.078700 0.185800 0.201100 0.104000 0.087900 0.098800 0.069100 0.092900 0.114900 0.109500 0.114200
Springbuck 0.054400 0.404400 0.104300 0.354300 0.039300 0.054600 0.094400 0.040400 0.093900 0.179700 0.050000 0.074700 0.035700 0.088300 0.074200 0.000000 0.130300 0.115100 0.057800 0.099200 0.073000 0.059100 0.185100 0.189900 0.045400 0.036000 0.040300 0.084400 0.017700 0.103900 0.169300 0.069300 0.152400 0.044900 0.044300 0.079400 0.050300 0.040500 0.069400 0.195800 0.207600 0.031300 0.180200 0.189800 0.079100 0.063800 0.064400 0.058900 0.068600 0.099400 0.084200 0.088900
Okapi 0.129200 0.387600 0.162800 0.337200 0.124000 0.129900 0.169800 0.135400 0.145400 0.162100 0.124800 0.129000 0.118800 0.173100 0.152200 0.130300 0.000000 0.031600 0.120200 0.135300 0.139200 0.114000 0.156400 0.150300 0.119800 0.146400 0.123900 0.140700 0.141000 0.150600 0.141100 0.157700 0.124800 0.128800 0.124600 0.140700 0.120000 0.113900 0.148200 0.172200 0.167100 0.145900 0.162400 0.150400 0.140100 0.129300 0.151300 0.125200 0.138200 0.140700 0.140500 0.134800
Giraffe 0.103800 0.373300 0.146900 0.338300 0.109400 0.114700 0.153800 0.120100 0.140500 0.140900 0.109700 0.108600 0.103800 0.157200 0.136600 0.115100 0.031600 0.000000 0.110300 0.130400 0.123900 0.109200 0.146100 0.156000 0.104800 0.130800 0.108800 0.125300 0.125600 0.135100 0.130900 0.142000 0.125300 0.113700 0.109500 0.125400 0.104900 0.099000 0.132500 0.145400 0.167400 0.130400 0.141200 0.156100 0.124800 0.103900 0.125100 0.110000 0.123100 0.125400 0.125100 0.129900
TibetanAnt 0.040400 0.395900 0.079200 0.331400 0.026600 0.035900 0.074500 0.053600 0.078900 0.179600 0.036000 0.059900 0.035700 0.078400 0.079000 0.057800 0.120200 0.110300 0.000000 0.078500 0.077100 0.035800 0.179300 0.189600 0.031400 0.065900 0.040300 0.064700 0.058000 0.074100 0.163000 0.063400 0.168300 0.044800 0.026700 0.060000 0.036200 0.026700 0.078600 0.190000 0.201500 0.061600 0.179500 0.189600 0.059000 0.048700 0.069100 0.026800 0.058900 0.074500 0.064600 0.069200
Sitatunga 0.078400 0.392300 0.059200 0.365800 0.073000 0.078700 0.110000 0.094000 0.008800 0.178900 0.074000 0.059700 0.073400 0.108600 0.124800 0.099200 0.135300 0.130400 0.078500 0.000000 0.118200 0.083300 0.172700 0.194300 0.069300 0.109500 0.078200 0.013300 0.099200 0.040500 0.168400 0.104200 0.174000 0.082900 0.073200 0.059600 0.074500 0.064000 0.100100 0.206200 0.194600 0.103900 0.179300 0.194300 0.059400 0.088100 0.109000 0.083500 0.093100 0.093900 0.013300 0.017800
Oribi 0.072700 0.393200 0.113600 0.327900 0.068100 0.073000 0.113500 0.068100 0.118000 0.188800 0.068300 0.083500 0.063100 0.107200 0.093100 0.073000 0.139200 0.123900 0.077100 0.118200 0.000000 0.068000 0.194300 0.204900 0.063600 0.083100 0.067800 0.103300 0.063500 0.112900 0.178400 0.097800 0.155700 0.072500 0.068200 0.108300 0.068700 0.058600 0.098300 0.211000 0.217200 0.078000 0.189200 0.204800 0.107900 0.082200 0.097800 0.077900 0.096700 0.133700 0.103000 0.107900
BarbaryShe 0.040000 0.370800 0.088600 0.323000 0.035500 0.040200 0.078700 0.054300 0.083100 0.183500 0.026600 0.069000 0.035400 0.072900 0.073600 0.059100 0.114000 0.109200 0.035800 0.083300 0.068000 0.000000 0.188900 0.188100 0.022100 0.068300 0.039900 0.068900 0.059100 0.078200 0.178400 0.063800 0.173100 0.044400 0.035600 0.073800 0.035900 0.026400 0.078800 0.193800 0.200000 0.063300 0.183900 0.188100 0.073400 0.049100 0.058900 0.044900 0.063100 0.093500 0.068800 0.073400
Daviddeer 0.172400 0.339200 0.190100 0.335000 0.172700 0.172900 0.215400 0.202400 0.183400 0.049900 0.178700 0.167500 0.177300 0.230600 0.190700 0.185100 0.156400 0.146100 0.179300 0.172700 0.194300 0.188900 0.000000 0.054300 0.173400 0.214700 0.182900 0.178400 0.185200 0.188800 0.040800 0.202500 0.146000 0.188200 0.172700 0.189700 0.173700 0.167000 0.210300 0.078500 0.017700 0.214100 0.045400 0.063700 0.177300 0.183000 0.201300 0.184500 0.181400 0.151100 0.178100 0.172300
Reindeer 0.182800 0.361000 0.200500 0.319500 0.183000 0.183200 0.225900 0.207200 0.193700 0.078300 0.189100 0.177600 0.187600 0.241400 0.201100 0.189900 0.150300 0.156000 0.189600 0.194300 0.204900 0.188100 0.054300 0.000000 0.183700 0.208100 0.187600 0.200100 0.189900 0.210700 0.059400 0.212900 0.140100 0.198600 0.171800 0.200000 0.183900 0.177300 0.215000 0.073300 0.063700 0.207600 0.073600 0.026600 0.187500 0.187600 0.200200 0.194700 0.191700 0.161100 0.199800 0.194000
Ibex 0.026600 0.372900 0.074400 0.325000 0.022200 0.026700 0.064700 0.040600 0.069100 0.168100 0.004300 0.055100 0.022100 0.059100 0.069200 0.045400 0.119800 0.104800 0.031400 0.069300 0.063600 0.022100 0.173400 0.183700 0.000000 0.054500 0.026600 0.055000 0.045400 0.073800 0.157800 0.050000 0.157800 0.031000 0.022200 0.059800 0.013300 0.013200 0.064800 0.178300 0.195500 0.049600 0.168500 0.183700 0.059500 0.035700 0.035900 0.031400 0.049500 0.079200 0.054900 0.059500
GyrantGaze 0.063800 0.428300 0.114800 0.369300 0.048200 0.064000 0.104500 0.049900 0.104100 0.209000 0.059200 0.094400 0.044400 0.098300 0.088800 0.036000 0.146400 0.130800 0.065900 0.109500 0.083100 0.068300 0.214700 0.208100 0.054500 0.000000 0.049100 0.094400 0.036000 0.114200 0.198200 0.088800 0.180300 0.053800 0.053500 0.099300 0.059600 0.049400 0.074500 0.225300 0.238200 0.022400 0.209600 0.208000 0.098900 0.073000 0.083700 0.068500 0.087700 0.119800 0.094200 0.099000
Hartebeest 0.035400 0.384100 0.083500 0.327200 0.031000 0.035500 0.073700 0.044900 0.078100 0.177400 0.031000 0.064100 0.004300 0.072800 0.059000 0.040300 0.123900 0.108800 0.040300 0.078200 0.067800 0.039900 0.182900 0.187600 0.026600 0.049100 0.000000 0.064000 0.040400 0.082800 0.167200 0.058900 0.161700 0.013000 0.022000 0.068700 0.031200 0.021900 0.064200 0.187800 0.205200 0.044300 0.177900 0.193100 0.068400 0.035300 0.054200 0.040200 0.058300 0.088200 0.063800 0.068400
Bongo 0.064100 0.400100 0.045500 0.359600 0.059500 0.064400 0.095100 0.079300 0.013300 0.184600 0.059700 0.045700 0.059300 0.093800 0.109700 0.084400 0.140700 0.125300 0.064700 0.013300 0.103300 0.068900 0.178400 0.200100 0.055000 0.094400 0.064000 0.000000 0.084400 0.035900 0.174000 0.089300 0.168800 0.068700 0.059600 0.045600 0.060100 0.050000 0.095200 0.212100 0.200500 0.089100 0.185100 0.200200 0.045400 0.073700 0.094100 0.069400 0.078600 0.099100 0.000000 0.022300
Gerenuk 0.054400 0.404800 0.104400 0.347100 0.039500 0.054600 0.094400 0.040400 0.093900 0.179700 0.050000 0.074700 0.035800 0.088300 0.074200 0.017700 0.141000 0.125600 0.058000 0.099200 0.063500 0.059100 0.185200 0.189900 0.045400 0.036000 0.040400 0.084400 0.000000 0.103900 0.169400 0.069300 0.152400 0.044900 0.044500 0.089300 0.050300 0.040500 0.069400 0.195900 0.207800 0.031300 0.180200 0.189900 0.089000 0.063800 0.064400 0.059100 0.078100 0.109700 0.084200 0.089000
CommonElan 0.083000 0.383700 0.054600 0.357500 0.068700 0.083400 0.114800 0.098600 0.040200 0.206400 0.078600 0.064300 0.078000 0.113400 0.114200 0.103900 0.150600 0.135100 0.074100 0.040500 0.112900 0.078200 0.188800 0.210700 0.073800 0.114200 0.082800 0.035900 0.103900 0.000000 0.184400 0.108900 0.190100 0.087500 0.078400 0.064200 0.079100 0.059100 0.125300 0.217000 0.211100 0.108700 0.206900 0.210700 0.063900 0.092700 0.113800 0.078800 0.107600 0.108600 0.035800 0.040400
MuntiacusR 0.156800 0.351000 0.179500 0.345200 0.156400 0.157300 0.199100 0.174700 0.179000 0.017800 0.163000 0.151900 0.161700 0.214000 0.174900 0.169300 0.141100 0.130900 0.163000 0.168400 0.178400 0.178400 0.040800 0.059400 0.157800 0.198200 0.167200 0.174000 0.169400 0.184400 0.000000 0.180600 0.141600 0.172400 0.156500 0.161900 0.158000 0.151500 0.193900 0.078900 0.059500 0.202400 0.017900 0.059400 0.161800 0.167400 0.185200 0.168200 0.165600 0.146800 0.173700 0.162400
HarveysDui 0.059000 0.421800 0.109300 0.368300 0.053400 0.059300 0.041000 0.069100 0.103900 0.191100 0.054600 0.089500 0.054300 0.040600 0.099000 0.069300 0.157700 0.142000 0.063400 0.104200 0.097800 0.063800 0.202500 0.212900 0.050000 0.088800 0.058900 0.089300 0.069300 0.108900 0.180600 0.000000 0.175100 0.063600 0.053500 0.094400 0.055000 0.045100 0.099600 0.219200 0.225400 0.083400 0.191600 0.213000 0.093900 0.068500 0.078800 0.063700 0.083000 0.114900 0.089200 0.093900
Pronghorn 0.167400 0.387100 0.191400 0.309800 0.161600 0.168300 0.199300 0.168700 0.173300 0.162600 0.163000 0.147200 0.156300 0.191100 0.174900 0.152400 0.124800 0.125300 0.168300 0.174000 0.155700 0.173100 0.146000 0.140100 0.157800 0.180300 0.161700 0.168800 0.152400 0.190100 0.141600 0.175100 0.000000 0.166900 0.150600 0.168900 0.158000 0.151400 0.160000 0.172700 0.156300 0.168200 0.163000 0.156000 0.156900 0.167500 0.168300 0.173600 0.176500 0.168500 0.168500 0.173500
BlueWildeb 0.039900 0.407200 0.088300 0.348000 0.035400 0.040000 0.078400 0.049500 0.082800 0.182800 0.035500 0.068800 0.008700 0.077500 0.063600 0.044900 0.128800 0.113700 0.044800 0.082900 0.072500 0.044400 0.188200 0.198600 0.031000 0.053800 0.013000 0.068700 0.044900 0.087500 0.172400 0.063600 0.166900 0.000000 0.026500 0.073400 0.035700 0.026400 0.068900 0.204700 0.210700 0.052600 0.183200 0.198500 0.073100 0.048900 0.058800 0.044700 0.062800 0.093000 0.068500 0.073100
Gemsbok 0.031100 0.370200 0.073900 0.314300 0.017600 0.026600 0.064400 0.040500 0.064000 0.167300 0.026700 0.059700 0.017600 0.068400 0.068900 0.044300 0.124600 0.109500 0.026700 0.073200 0.068200 0.035600 0.172700 0.171800 0.022200 0.053500 0.022000 0.059600 0.044500 0.078400 0.156500 0.053500 0.150600 0.026500 0.000000 0.064300 0.026900 0.017600 0.064600 0.177500 0.194700 0.049400 0.167300 0.171700 0.063500 0.039200 0.049800 0.026600 0.049300 0.078900 0.059500 0.064100
Yak 0.068800 0.418500 0.064700 0.345300 0.064300 0.069200 0.100100 0.084200 0.059500 0.183500 0.064500 0.036200 0.064000 0.108800 0.104600 0.079400 0.140700 0.125400 0.060000 0.059600 0.108300 0.073800 0.189700 0.200000 0.059800 0.099300 0.068700 0.045600 0.089300 0.064200 0.161900 0.094400 0.168900 0.073400 0.064300 0.000000 0.064900 0.054700 0.110500 0.200400 0.212100 0.093800 0.183800 0.200100 0.026800 0.078500 0.099200 0.064600 0.093300 0.074400 0.045500 0.054700
BlueSheep 0.031300 0.388600 0.079700 0.325400 0.026800 0.031400 0.065000 0.045500 0.074300 0.168300 0.017800 0.060200 0.026700 0.069000 0.074400 0.050300 0.120000 0.104900 0.036200 0.074500 0.068700 0.035900 0.173700 0.183900 0.013300 0.059600 0.031200 0.060100 0.050300 0.079100 0.158000 0.055000 0.158000 0.035700 0.026900 0.064900 0.000000 0.017700 0.070000 0.189800 0.195800 0.054600 0.168700 0.183900 0.064600 0.040400 0.040700 0.036100 0.044900 0.074400 0.060000 0.064600
BohorReedb 0.022000 0.363900 0.059500 0.308300 0.008700 0.022100 0.059500 0.035800 0.063900 0.161700 0.017600 0.050100 0.017500 0.058800 0.059200 0.040500 0.113900 0.099000 0.026700 0.064000 0.058600 0.026400 0.167000 0.177300 0.013200 0.049400 0.021900 0.050000 0.040500 0.059100 0.151500 0.045100 0.151400 0.026400 0.017600 0.054700 0.017700 0.000000 0.059600 0.177400 0.189000 0.044500 0.162100 0.177200 0.054500 0.030900 0.049700 0.026600 0.044600 0.073800 0.049900 0.054400
KirksDik 0.074000 0.424500 0.126400 0.371500 0.069300 0.074300 0.115800 0.064400 0.104900 0.193200 0.069500 0.105600 0.059400 0.099100 0.099800 0.069400 0.148200 0.132500 0.078600 0.100100 0.098300 0.078800 0.210300 0.215000 0.064800 0.074500 0.064200 0.095200 0.069400 0.125300 0.193900 0.099600 0.160000 0.068900 0.064600 0.110500 0.070000 0.059600 0.000000 0.221400 0.221500 0.064600 0.193700 0.214900 0.110000 0.083700 0.079500 0.079400 0.088700 0.121200 0.095000 0.109900
RoeDeer 0.188600 0.362700 0.200800 0.356500 0.183200 0.189100 0.232400 0.213300 0.205500 0.088300 0.183600 0.183400 0.193500 0.241800 0.201000 0.195800 0.172200 0.145400 0.190000 0.206200 0.211000 0.193800 0.078500 0.073300 0.178300 0.225300 0.187800 0.212100 0.195900 0.217000 0.078900 0.219200 0.172700 0.204700 0.177500 0.200400 0.189800 0.177400 0.221400 0.000000 0.098100 0.224700 0.078700 0.087900 0.187900 0.187800 0.194600 0.200800 0.197500 0.161400 0.211700 0.205800
WhiteLippe 0.194500 0.338700 0.212600 0.348900 0.194900 0.195000 0.238700 0.213500 0.205600 0.068800 0.201000 0.189400 0.199500 0.254300 0.213200 0.207600 0.167100 0.167400 0.201500 0.194600 0.217200 0.200000 0.017700 0.063700 0.195500 0.238200 0.205200 0.200500 0.207800 0.211100 0.059500 0.225400 0.156300 0.210700 0.194700 0.212100 0.195800 0.189000 0.221500 0.098100 0.000000 0.225500 0.064200 0.073200 0.199300 0.205200 0.224200 0.206800 0.203500 0.172500 0.200100 0.194300
ThomsonGaz 0.058800 0.418000 0.109600 0.360800 0.044400 0.059100 0.099000 0.045100 0.098700 0.208400 0.054200 0.089000 0.039600 0.092900 0.078700 0.031300 0.145900 0.130400 0.061600 0.103900 0.078000 0.063300 0.214100 0.207600 0.049600 0.022400 0.044300 0.089100 0.031300 0.108700 0.202400 0.083400 0.168200 0.052600 0.049400 0.093800 0.054600 0.044500 0.064600 0.224700 0.225500 0.000000 0.208900 0.207500 0.093400 0.067900 0.078500 0.054400 0.082500 0.118100 0.088900 0.093700
MuntiacusC 0.167400 0.358000 0.190500 0.352200 0.167300 0.168000 0.210400 0.185700 0.190100 0.008800 0.173800 0.168100 0.172400 0.213700 0.185800 0.180200 0.162400 0.141200 0.179500 0.179300 0.189200 0.183900 0.045400 0.073600 0.168500 0.209600 0.177900 0.185100 0.180200 0.206900 0.017900 0.191600 0.163000 0.183200 0.167300 0.183800 0.168700 0.162100 0.193700 0.078700 0.064200 0.208900 0.000000 0.073700 0.183700 0.178100 0.196300 0.179100 0.165500 0.168400 0.184800 0.184300
WhiteTaile 0.182700 0.368200 0.200500 0.326200 0.183000 0.183100 0.226000 0.207100 0.193700 0.078100 0.189000 0.177700 0.187600 0.241300 0.201100 0.189800 0.150400 0.156100 0.189600 0.194300 0.204800 0.188100 0.063700 0.026600 0.183700 0.208000 0.193100 0.200200 0.189900 0.210700 0.059400 0.213000 0.156000 0.198500 0.171700 0.200100 0.183900 0.177200 0.214900 0.087900 0.073200 0.207500 0.073700 0.000000 0.187600 0.193200 0.200100 0.194800 0.191700 0.172200 0.199800 0.194000
Cattle 0.068600 0.393100 0.064300 0.329600 0.063400 0.068900 0.099600 0.083900 0.059200 0.183200 0.064200 0.036000 0.063700 0.108400 0.104000 0.079100 0.140100 0.124800 0.059000 0.059400 0.107900 0.073400 0.177300 0.187500 0.059500 0.098900 0.068400 0.045400 0.089000 0.063900 0.161800 0.093900 0.156900 0.073100 0.063500 0.026800 0.064600 0.054500 0.110000 0.187900 0.199300 0.093400 0.183700 0.187600 0.000000 0.078100 0.098700 0.073500 0.092800 0.083700 0.045300 0.059200
RoyalAntel 0.035400 0.360300 0.093300 0.333400 0.039000 0.044700 0.083500 0.059000 0.087900 0.177600 0.040200 0.064100 0.039900 0.082400 0.087900 0.063800 0.129300 0.103900 0.048700 0.088100 0.082200 0.049100 0.183000 0.187600 0.035700 0.073000 0.035300 0.073700 0.063800 0.092700 0.167400 0.068500 0.167500 0.048900 0.039200 0.078500 0.040400 0.030900 0.083700 0.187800 0.205200 0.067900 0.178100 0.193200 0.078100 0.000000 0.063600 0.048700 0.067700 0.088300 0.073500 0.081600
Steenbok 0.054300 0.386700 0.114700 0.365900 0.059100 0.063900 0.099300 0.069100 0.098600 0.195800 0.040500 0.094300 0.049500 0.098000 0.098800 0.064400 0.151300 0.125100 0.069100 0.109000 0.097800 0.058900 0.201300 0.200200 0.035900 0.083700 0.054200 0.094100 0.064400 0.113800 0.185200 0.078800 0.168300 0.058800 0.049800 0.099200 0.040700 0.049700 0.079500 0.194600 0.224200 0.078500 0.196300 0.200100 0.098700 0.063600 0.000000 0.068900 0.077700 0.109100 0.094000 0.098700
Impala 0.040300 0.402500 0.083900 0.329100 0.026600 0.035800 0.074300 0.054600 0.083700 0.179100 0.035900 0.069500 0.035600 0.078300 0.069100 0.058900 0.125200 0.110000 0.026800 0.083500 0.077900 0.044900 0.184500 0.194700 0.031400 0.068500 0.040200 0.069400 0.059100 0.078800 0.168200 0.063700 0.173600 0.044700 0.026600 0.064600 0.036100 0.026600 0.079400 0.200800 0.206800 0.054400 0.179100 0.194800 0.073500 0.048700 0.068900 0.000000 0.058800 0.089100 0.069300 0.073900
Klipspring 0.058400 0.425900 0.103400 0.335000 0.049200 0.049300 0.083500 0.073200 0.092900 0.165200 0.054000 0.088500 0.053600 0.087400 0.092900 0.068600 0.138200 0.123100 0.058900 0.093100 0.096700 0.063100 0.181400 0.191700 0.049500 0.087700 0.058300 0.078600 0.078100 0.107600 0.165600 0.083000 0.176500 0.062800 0.049300 0.093300 0.044900 0.044600 0.088700 0.197500 0.203500 0.082500 0.165500 0.191700 0.092800 0.067700 0.077700 0.058800 0.000000 0.091600 0.078400 0.092800
ForestMusk 0.088400 0.388500 0.114500 0.322100 0.078800 0.078900 0.115500 0.104400 0.103600 0.167900 0.084000 0.094200 0.083300 0.129600 0.114900 0.099400 0.140700 0.125400 0.074500 0.093900 0.133700 0.093500 0.151100 0.161100 0.079200 0.119800 0.088200 0.099100 0.109700 0.108600 0.146800 0.114900 0.168500 0.093000 0.078900 0.074400 0.074400 0.073800 0.121200 0.161400 0.172500 0.118100 0.168400 0.172200 0.083700 0.088300 0.109100 0.089100 0.091600 0.000000 0.098900 0.093600
Bushbuck 0.064000 0.399400 0.045400 0.359000 0.059400 0.064300 0.094900 0.079100 0.013300 0.184300 0.059600 0.045600 0.059100 0.093600 0.109500 0.084200 0.140500 0.125100 0.064600 0.013300 0.103000 0.068800 0.178100 0.199800 0.054900 0.094200 0.063800 0.000000 0.084200 0.035800 0.173700 0.089200 0.168500 0.068500 0.059500 0.045500 0.060000 0.049900 0.095000 0.211700 0.200100 0.088900 0.184800 0.199800 0.045300 0.073500 0.094000 0.069300 0.078400 0.098900 0.000000 0.022200
GreaterKud 0.068600 0.391800 0.059400 0.364900 0.064000 0.068900 0.099500 0.083800 0.017700 0.183900 0.064200 0.059600 0.063700 0.108300 0.114200 0.088900 0.134800 0.129900 0.069200 0.017800 0.107900 0.073400 0.172300 0.194000 0.059500 0.099000 0.068400 0.022300 0.089000 0.040400 0.162400 0.093900 0.173500 0.073100 0.064100 0.054700 0.064600 0.054400 0.109900 0.205800 0.194300 0.093700 0.184300 0.194000 0.059200 0.081600 0.098700 0.073900 0.092800 0.093600 0.022200 0.000000
