CODONML (in paml version 4.10.7, June 2023)  /home/rachel/ruminants_paml/6406-phy-tree/ENSBTAT00000035343.fasta.phy
Model: free dN/dS Ratios for branches,  kappa = 2.000 fixed

Codon frequency model: F3x4
ns =  54  ls =  80

Codon usage in sequences
--------------------------------------------------------------------------------------------------------------------------------------
Phe TTT   0   0   0   0   0   0 | Ser TCT   8   8   9   8   6   7 | Tyr TAT   0   0   0   0   0   0 | Cys TGT   0   0   0   0   0   0
    TTC   0   0   0   0   0   0 |     TCC  11  11  12  11  11  12 |     TAC   0   0   0   0   0   0 |     TGC   0   0   0   0   0   0
Leu TTA   0   0   0   0   0   0 |     TCA  11   6   9  11  12   9 | *** TAA   0   0   0   0   0   0 | *** TGA   0   0   0   0   0   0
    TTG   0   0   0   0   0   0 |     TCG   0   5   0   0   1   2 |     TAG   0   0   0   0   0   0 | Trp TGG   0   0   0   0   0   0
--------------------------------------------------------------------------------------------------------------------------------------
Leu CTT   0   0   0   0   0   0 | Pro CCT   0   0   0   0   0   0 | His CAT   0   0   0   0   0   0 | Arg CGT   0   0   0   0   0   0
    CTC   0   0   0   0   0   0 |     CCC   0   0   0   0   0   0 |     CAC   0   0   0   0   0   0 |     CGC   0   0   0   0   0   0
    CTA   0   0   0   0   0   0 |     CCA   0   0   0   0   0   0 | Gln CAA   0   0   0   0   0   0 |     CGA   0   0   0   0   0   0
    CTG   0   0   0   0   0   0 |     CCG   0   0   0   0   0   0 |     CAG   0   0   0   0   0   0 |     CGG   0   0   0   0   0   0
--------------------------------------------------------------------------------------------------------------------------------------
Ile ATT   1   1   1   1   1   1 | Thr ACT   0   1   0   0   2   2 | Asn AAT   2   1   2   2   2   2 | Ser AGT   8   8   8   8   9   9
    ATC   0   0   0   0   0   0 |     ACC   3   3   3   2   3   3 |     AAC   1   0   0   0   0   0 |     AGC   6   6   6   6   5   5
    ATA   0   0   0   0   0   0 |     ACA   2   0   1   1   1   1 | Lys AAA   1   2   1   1   3   2 | Arg AGA   1   1   1   1   1   1
Met ATG   0   0   0   0   0   0 |     ACG   0   1   1   1   0   0 |     AAG   4   3   4   4   2   3 |     AGG   1   1   1   1   1   1
--------------------------------------------------------------------------------------------------------------------------------------
Val GTT   0   0   0   0   1   0 | Ala GCT   1   1   2   2   0   0 | Asp GAT   4   3   4   3   5   4 | Gly GGT   0   0   0   0   0   0
    GTC   0   0   0   0   0   0 |     GCC   2   3   1   2   2   2 |     GAC   3   4   4   4   4   4 |     GGC   0   1   0   0   0   0
    GTA   2   1   2   2   1   2 |     GCA   0   0   0   0   0   0 | Glu GAA   4   4   4   4   4   4 |     GGA   1   0   1   1   1   1
    GTG   0   1   0   0   0   0 |     GCG   0   0   0   0   0   0 |     GAG   3   4   3   4   2   3 |     GGG   0   0   0   0   0   0
--------------------------------------------------------------------------------------------------------------------------------------

--------------------------------------------------------------------------------------------------------------------------------------
Phe TTT   0   0   0   0   0   0 | Ser TCT   9   8   8   7   9   8 | Tyr TAT   0   0   0   0   0   0 | Cys TGT   0   0   0   0   0   0
    TTC   0   0   0   0   0   0 |     TCC  11  11  12  13  12  12 |     TAC   0   0   0   0   0   0 |     TGC   0   0   0   0   0   0
Leu TTA   0   0   0   0   0   0 |     TCA   9  11  10   9   9   8 | *** TAA   0   0   0   0   0   0 | *** TGA   0   0   0   0   0   0
    TTG   0   0   0   0   0   0 |     TCG   1   0   0   1   0   2 |     TAG   0   0   0   0   0   0 | Trp TGG   0   0   0   0   0   0
--------------------------------------------------------------------------------------------------------------------------------------
Leu CTT   0   0   0   0   0   0 | Pro CCT   0   0   0   0   0   0 | His CAT   0   0   0   0   0   0 | Arg CGT   0   0   0   0   0   0
    CTC   0   0   0   0   0   0 |     CCC   0   0   0   0   0   0 |     CAC   0   0   0   0   0   0 |     CGC   0   0   0   0   0   0
    CTA   0   0   0   0   0   0 |     CCA   0   0   0   0   0   0 | Gln CAA   0   0   0   0   0   0 |     CGA   0   0   0   0   0   0
    CTG   0   0   0   0   0   0 |     CCG   0   0   0   0   0   0 |     CAG   0   0   0   0   0   0 |     CGG   0   0   0   0   0   0
--------------------------------------------------------------------------------------------------------------------------------------
Ile ATT   1   1   1   1   1   1 | Thr ACT   0   0   0   0   0   0 | Asn AAT   2   2   2   2   2   2 | Ser AGT   7   8  10   8   8   8
    ATC   0   0   0   0   0   0 |     ACC   4   3   3   3   3   3 |     AAC   0   0   0   0   0   0 |     AGC   7   6   4   6   6   6
    ATA   0   0   0   0   0   0 |     ACA   1   2   2   2   1   2 | Lys AAA   1   1   1   1   1   1 | Arg AGA   1   1   1   1   1   1
Met ATG   0   0   0   0   0   0 |     ACG   0   0   0   0   1   0 |     AAG   3   4   4   4   4   4 |     AGG   2   1   1   1   1   1
--------------------------------------------------------------------------------------------------------------------------------------
Val GTT   0   0   0   0   0   0 | Ala GCT   1   1   1   1   2   2 | Asp GAT   3   4   4   4   4   4 | Gly GGT   0   0   0   0   0   0
    GTC   0   0   0   0   0   0 |     GCC   2   2   2   2   1   1 |     GAC   4   4   4   4   4   4 |     GGC   0   0   0   0   0   0
    GTA   2   2   2   2   2   2 |     GCA   0   0   0   0   0   0 | Glu GAA   4   4   4   4   4   4 |     GGA   1   1   1   1   1   1
    GTG   0   0   0   0   0   0 |     GCG   0   0   0   0   0   0 |     GAG   4   3   3   3   3   3 |     GGG   0   0   0   0   0   0
--------------------------------------------------------------------------------------------------------------------------------------

--------------------------------------------------------------------------------------------------------------------------------------
Phe TTT   0   0   0   0   0   0 | Ser TCT   8   8   8   8   8   8 | Tyr TAT   0   0   0   0   0   0 | Cys TGT   0   0   0   0   0   0
    TTC   0   0   0   0   0   0 |     TCC  11  12  12  12  12  11 |     TAC   0   0   0   0   0   0 |     TGC   0   0   0   0   0   0
Leu TTA   0   0   0   0   0   0 |     TCA  10  10  10  10  10  10 | *** TAA   0   0   0   0   0   0 | *** TGA   0   0   0   0   0   0
    TTG   0   0   0   0   0   0 |     TCG   0   0   0   0   0   1 |     TAG   0   0   0   0   0   0 | Trp TGG   0   0   0   0   0   0
--------------------------------------------------------------------------------------------------------------------------------------
Leu CTT   0   0   0   0   0   0 | Pro CCT   0   0   0   0   0   0 | His CAT   0   0   0   0   0   0 | Arg CGT   0   0   0   0   0   0
    CTC   0   0   0   0   0   0 |     CCC   0   0   0   0   0   0 |     CAC   0   0   0   0   0   0 |     CGC   0   0   0   0   0   0
    CTA   0   0   0   0   0   0 |     CCA   0   0   0   0   0   0 | Gln CAA   0   0   0   0   0   0 |     CGA   0   0   0   0   0   0
    CTG   0   0   0   0   0   0 |     CCG   0   0   0   0   0   0 |     CAG   0   0   0   0   0   0 |     CGG   0   0   0   0   0   0
--------------------------------------------------------------------------------------------------------------------------------------
Ile ATT   1   1   1   1   1   1 | Thr ACT   0   0   0   0   0   0 | Asn AAT   2   2   2   2   2   2 | Ser AGT   8   8   8   9   9   8
    ATC   0   0   0   0   0   0 |     ACC   3   3   3   3   4   3 |     AAC   0   0   0   1   0   0 |     AGC   6   6   6   4   4   6
    ATA   0   0   0   0   0   0 |     ACA   2   1   2   2   2   2 | Lys AAA   1   1   1   1   1   1 | Arg AGA   1   1   1   1   1   1
Met ATG   0   0   0   0   0   0 |     ACG   0   1   0   0   0   0 |     AAG   4   4   4   4   4   4 |     AGG   1   1   1   1   1   1
--------------------------------------------------------------------------------------------------------------------------------------
Val GTT   0   0   0   0   0   0 | Ala GCT   1   2   1   1   1   1 | Asp GAT   4   4   4   4   4   4 | Gly GGT   0   0   0   0   0   0
    GTC   0   0   0   0   0   0 |     GCC   3   1   2   2   2   2 |     GAC   4   4   4   4   4   4 |     GGC   0   0   0   0   0   0
    GTA   2   2   2   2   2   2 |     GCA   0   0   0   0   0   0 | Glu GAA   4   4   4   4   4   4 |     GGA   1   1   1   1   1   1
    GTG   0   0   0   0   0   0 |     GCG   0   0   0   0   0   0 |     GAG   3   3   3   3   3   3 |     GGG   0   0   0   0   0   0
--------------------------------------------------------------------------------------------------------------------------------------

--------------------------------------------------------------------------------------------------------------------------------------
Phe TTT   0   0   0   0   0   0 | Ser TCT   9   8   9   9   8   8 | Tyr TAT   0   0   0   0   0   0 | Cys TGT   0   0   0   0   0   0
    TTC   0   0   0   0   0   0 |     TCC  11  12  11  12  13  12 |     TAC   0   0   0   0   0   0 |     TGC   0   0   0   0   0   0
Leu TTA   0   0   0   0   0   0 |     TCA  10  10  10   9   9  10 | *** TAA   0   0   0   0   0   0 | *** TGA   0   0   0   0   0   0
    TTG   0   0   0   0   0   0 |     TCG   0   0   0   0   0   0 |     TAG   0   0   0   0   0   0 | Trp TGG   0   0   0   0   0   0
--------------------------------------------------------------------------------------------------------------------------------------
Leu CTT   0   0   0   0   0   0 | Pro CCT   0   0   0   0   0   0 | His CAT   0   0   0   0   0   0 | Arg CGT   0   0   0   0   0   0
    CTC   0   0   0   0   0   0 |     CCC   0   0   0   0   0   0 |     CAC   0   0   0   0   0   0 |     CGC   0   0   0   0   0   0
    CTA   0   0   0   0   0   0 |     CCA   0   0   0   0   0   0 | Gln CAA   0   0   0   0   0   0 |     CGA   0   0   0   0   0   0
    CTG   0   0   0   0   0   0 |     CCG   0   0   0   0   0   0 |     CAG   0   0   0   0   0   0 |     CGG   0   0   0   0   0   0
--------------------------------------------------------------------------------------------------------------------------------------
Ile ATT   1   1   1   1   1   1 | Thr ACT   0   0   0   0   0   0 | Asn AAT   2   2   2   2   2   2 | Ser AGT   8   8   8   8   8   8
    ATC   0   0   0   0   0   0 |     ACC   3   3   3   3   3   3 |     AAC   0   0   0   0   0   0 |     AGC   6   6   6   6   6   6
    ATA   0   0   0   0   0   0 |     ACA   2   2   2   1   2   2 | Lys AAA   1   1   1   1   1   1 | Arg AGA   1   1   1   1   1   1
Met ATG   0   0   0   0   0   0 |     ACG   0   0   0   1   0   0 |     AAG   4   4   4   4   4   4 |     AGG   1   1   1   1   1   1
--------------------------------------------------------------------------------------------------------------------------------------
Val GTT   0   0   0   0   0   0 | Ala GCT   2   2   1   2   1   1 | Asp GAT   4   4   4   4   4   4 | Gly GGT   0   0   0   0   0   0
    GTC   0   0   0   0   0   0 |     GCC   1   1   2   1   2   2 |     GAC   4   4   4   4   4   4 |     GGC   0   0   0   0   0   0
    GTA   2   2   2   2   2   2 |     GCA   0   0   0   0   0   0 | Glu GAA   4   4   4   4   4   4 |     GGA   1   1   1   1   1   1
    GTG   0   0   0   0   0   0 |     GCG   0   0   0   0   0   0 |     GAG   3   3   3   3   3   3 |     GGG   0   0   0   0   0   0
--------------------------------------------------------------------------------------------------------------------------------------

--------------------------------------------------------------------------------------------------------------------------------------
Phe TTT   0   0   0   0   0   0 | Ser TCT   9   8   8   8   8   9 | Tyr TAT   0   0   0   0   0   0 | Cys TGT   0   0   0   0   0   0
    TTC   0   0   0   0   0   0 |     TCC  11  12  12  12  12  12 |     TAC   0   0   0   0   0   0 |     TGC   0   0   0   0   0   0
Leu TTA   0   0   0   0   0   0 |     TCA   9   8  10   9  10   9 | *** TAA   0   0   0   0   0   0 | *** TGA   0   0   0   0   0   0
    TTG   0   0   0   0   0   0 |     TCG   1   2   0   1   0   0 |     TAG   0   0   0   0   0   0 | Trp TGG   0   0   0   0   0   0
--------------------------------------------------------------------------------------------------------------------------------------
Leu CTT   0   0   0   0   0   0 | Pro CCT   0   0   0   0   0   0 | His CAT   0   0   0   0   0   0 | Arg CGT   0   0   0   0   0   0
    CTC   0   0   0   0   0   0 |     CCC   0   0   0   0   0   0 |     CAC   0   0   0   0   0   0 |     CGC   0   0   0   0   0   0
    CTA   0   0   0   0   0   0 |     CCA   0   0   0   0   0   0 | Gln CAA   0   0   0   0   0   0 |     CGA   0   0   0   0   0   0
    CTG   0   0   0   0   0   0 |     CCG   0   0   0   0   0   0 |     CAG   0   0   0   0   0   0 |     CGG   0   0   0   0   0   0
--------------------------------------------------------------------------------------------------------------------------------------
Ile ATT   1   1   1   1   1   1 | Thr ACT   0   0   0   0   0   0 | Asn AAT   2   2   2   2   2   2 | Ser AGT   6   8   8   8   8   8
    ATC   0   0   0   0   0   0 |     ACC   3   3   3   3   3   3 |     AAC   0   0   0   0   0   0 |     AGC   8   6   6   6   6   6
    ATA   0   0   0   0   0   0 |     ACA   2   2   2   2   2   1 | Lys AAA   1   1   1   1   1   1 | Arg AGA   1   1   1   1   1   1
Met ATG   0   0   0   0   0   0 |     ACG   0   0   0   0   0   1 |     AAG   4   4   4   4   4   4 |     AGG   1   1   1   1   1   1
--------------------------------------------------------------------------------------------------------------------------------------
Val GTT   0   0   0   0   0   0 | Ala GCT   2   2   1   1   1   2 | Asp GAT   4   4   4   4   4   4 | Gly GGT   0   0   0   0   0   0
    GTC   0   0   0   0   0   0 |     GCC   1   1   2   2   2   1 |     GAC   4   4   4   4   4   4 |     GGC   0   0   0   0   0   0
    GTA   2   1   2   2   2   2 |     GCA   0   1   0   0   0   0 | Glu GAA   4   4   4   4   4   4 |     GGA   1   1   1   1   1   1
    GTG   0   0   0   0   0   0 |     GCG   0   0   0   0   0   0 |     GAG   3   3   3   3   3   3 |     GGG   0   0   0   0   0   0
--------------------------------------------------------------------------------------------------------------------------------------

--------------------------------------------------------------------------------------------------------------------------------------
Phe TTT   0   0   0   0   0   0 | Ser TCT   9   9   8   8   9   8 | Tyr TAT   0   0   0   0   0   0 | Cys TGT   0   0   0   0   0   0
    TTC   0   0   0   0   0   0 |     TCC  11  12  12  12  11  12 |     TAC   0   0   0   0   0   0 |     TGC   0   0   0   0   0   0
Leu TTA   0   0   0   0   0   0 |     TCA  10   9   8  10   9  10 | *** TAA   0   0   0   0   0   0 | *** TGA   0   0   0   0   0   0
    TTG   0   0   0   0   0   0 |     TCG   0   0   2   0   1   0 |     TAG   0   0   0   0   0   0 | Trp TGG   0   0   0   0   0   0
--------------------------------------------------------------------------------------------------------------------------------------
Leu CTT   0   0   0   0   0   0 | Pro CCT   0   0   0   0   0   0 | His CAT   0   0   0   0   0   0 | Arg CGT   0   0   0   0   0   0
    CTC   0   0   0   0   0   0 |     CCC   0   0   0   0   0   0 |     CAC   0   0   0   0   0   0 |     CGC   0   0   0   0   0   0
    CTA   0   0   0   0   0   0 |     CCA   0   0   0   0   0   0 | Gln CAA   0   0   0   0   0   0 |     CGA   0   0   0   0   0   0
    CTG   0   0   0   0   0   0 |     CCG   0   0   0   0   0   0 |     CAG   0   0   0   0   0   0 |     CGG   0   0   0   0   0   0
--------------------------------------------------------------------------------------------------------------------------------------
Ile ATT   1   1   1   1   1   1 | Thr ACT   0   0   0   0   0   0 | Asn AAT   2   2   2   2   2   2 | Ser AGT   8   8   8   9   8   9
    ATC   0   0   0   0   0   0 |     ACC   3   3   3   3   3   3 |     AAC   0   0   0   0   0   0 |     AGC   6   6   6   5   6   5
    ATA   0   1   0   0   0   0 |     ACA   2   1   2   2   2   2 | Lys AAA   1   1   1   1   2   1 | Arg AGA   1   1   1   1   1   1
Met ATG   0   0   0   0   0   0 |     ACG   0   1   0   0   0   0 |     AAG   4   4   4   4   3   4 |     AGG   1   1   1   1   1   1
--------------------------------------------------------------------------------------------------------------------------------------
Val GTT   0   0   0   0   0   0 | Ala GCT   1   2   2   1   2   1 | Asp GAT   4   4   4   4   4   4 | Gly GGT   0   0   0   0   0   0
    GTC   0   0   0   0   0   0 |     GCC   2   1   1   2   1   2 |     GAC   4   4   5   4   4   4 |     GGC   0   0   0   0   0   0
    GTA   2   1   2   2   2   2 |     GCA   0   0   0   0   0   0 | Glu GAA   4   4   3   4   4   4 |     GGA   1   1   1   1   1   1
    GTG   0   0   0   0   0   0 |     GCG   0   0   0   0   0   0 |     GAG   3   3   3   3   3   3 |     GGG   0   0   0   0   0   0
--------------------------------------------------------------------------------------------------------------------------------------

--------------------------------------------------------------------------------------------------------------------------------------
Phe TTT   0   0   0   0   0   0 | Ser TCT   8   8   8   9   8   8 | Tyr TAT   0   0   0   0   0   0 | Cys TGT   0   0   0   0   0   0
    TTC   0   0   0   0   0   0 |     TCC  12  12  12  11  12  12 |     TAC   0   0   0   0   0   0 |     TGC   0   0   0   0   0   0
Leu TTA   0   0   0   0   0   0 |     TCA  10  10  10  10   9  10 | *** TAA   0   0   0   0   0   0 | *** TGA   0   0   0   0   0   0
    TTG   0   0   0   0   0   0 |     TCG   0   0   0   0   1   0 |     TAG   0   0   0   0   0   0 | Trp TGG   0   0   0   0   0   0
--------------------------------------------------------------------------------------------------------------------------------------
Leu CTT   0   0   0   0   0   0 | Pro CCT   0   0   0   0   0   0 | His CAT   0   0   0   0   0   0 | Arg CGT   0   0   0   0   0   0
    CTC   0   0   0   0   0   0 |     CCC   0   0   0   0   0   0 |     CAC   0   0   0   0   0   0 |     CGC   0   0   0   0   0   0
    CTA   0   0   0   0   0   0 |     CCA   0   0   0   0   0   0 | Gln CAA   0   0   0   0   0   0 |     CGA   0   0   0   0   0   0
    CTG   0   0   0   0   0   0 |     CCG   0   0   0   0   0   0 |     CAG   0   0   0   0   0   0 |     CGG   0   0   0   0   0   0
--------------------------------------------------------------------------------------------------------------------------------------
Ile ATT   1   1   1   1   1   1 | Thr ACT   0   0   0   0   0   0 | Asn AAT   2   1   2   2   2   2 | Ser AGT   8   8   8   8   8   8
    ATC   0   0   0   0   0   0 |     ACC   3   3   3   3   3   3 |     AAC   0   1   0   0   0   0 |     AGC   6   6   6   6   6   6
    ATA   0   0   0   0   0   0 |     ACA   2   1   2   2   2   2 | Lys AAA   1   2   1   1   1   1 | Arg AGA   1   1   1   1   1   1
Met ATG   0   0   0   0   0   0 |     ACG   0   1   0   0   0   0 |     AAG   4   3   4   4   4   4 |     AGG   1   1   1   1   1   1
--------------------------------------------------------------------------------------------------------------------------------------
Val GTT   0   0   0   0   0   0 | Ala GCT   1   2   1   1   1   2 | Asp GAT   4   3   4   4   4   3 | Gly GGT   0   0   0   0   0   0
    GTC   0   0   0   0   0   0 |     GCC   2   1   2   2   2   1 |     GAC   4   5   4   4   4   5 |     GGC   0   0   0   0   0   0
    GTA   2   2   2   2   2   1 |     GCA   0   0   0   0   0   1 | Glu GAA   4   4   4   4   4   4 |     GGA   1   1   1   1   1   1
    GTG   0   0   0   0   0   0 |     GCG   0   0   0   0   0   0 |     GAG   3   3   3   3   3   3 |     GGG   0   0   0   0   0   0
--------------------------------------------------------------------------------------------------------------------------------------

--------------------------------------------------------------------------------------------------------------------------------------
Phe TTT   0   0   0   0   0   0 | Ser TCT   9   8   8   8   8   8 | Tyr TAT   0   0   0   0   0   0 | Cys TGT   0   0   0   0   0   0
    TTC   0   0   0   0   0   0 |     TCC  11  12  12  12  12  13 |     TAC   0   0   0   0   0   0 |     TGC   0   0   0   0   0   0
Leu TTA   0   0   0   0   0   0 |     TCA   9   9   8   9  10   9 | *** TAA   0   0   0   0   0   0 | *** TGA   0   0   0   0   0   0
    TTG   0   0   0   0   0   0 |     TCG   1   1   2   1   0   0 |     TAG   0   0   0   0   0   0 | Trp TGG   0   0   0   0   0   0
--------------------------------------------------------------------------------------------------------------------------------------
Leu CTT   0   0   0   0   0   0 | Pro CCT   0   0   0   0   0   0 | His CAT   0   0   0   0   0   0 | Arg CGT   0   0   0   0   0   0
    CTC   0   0   0   0   0   0 |     CCC   0   0   0   0   0   0 |     CAC   0   0   0   0   0   0 |     CGC   0   0   0   0   0   0
    CTA   0   0   0   0   0   0 |     CCA   0   0   0   0   0   0 | Gln CAA   0   0   0   0   0   0 |     CGA   0   0   0   0   0   0
    CTG   0   0   0   0   0   0 |     CCG   0   0   0   0   0   0 |     CAG   0   0   0   0   0   0 |     CGG   0   0   0   0   0   0
--------------------------------------------------------------------------------------------------------------------------------------
Ile ATT   1   1   1   1   1   1 | Thr ACT   0   0   0   0   0   0 | Asn AAT   2   2   2   2   1   1 | Ser AGT   7   8   8   8   8   9
    ATC   0   0   0   0   0   0 |     ACC   3   3   3   3   3   3 |     AAC   0   0   0   0   1   1 |     AGC   7   6   6   6   6   5
    ATA   0   0   0   0   0   0 |     ACA   2   2   2   2   1   1 | Lys AAA   1   1   1   1   2   1 | Arg AGA   1   1   1   1   1   1
Met ATG   0   0   0   0   0   0 |     ACG   0   0   0   0   1   1 |     AAG   4   4   4   4   3   4 |     AGG   1   1   1   1   1   1
--------------------------------------------------------------------------------------------------------------------------------------
Val GTT   0   0   0   0   0   0 | Ala GCT   2   1   2   2   2   1 | Asp GAT   4   4   4   4   3   4 | Gly GGT   0   0   0   0   0   0
    GTC   0   0   0   0   0   0 |     GCC   1   2   1   1   1   2 |     GAC   4   4   4   4   5   4 |     GGC   0   0   0   0   0   0
    GTA   2   2   2   1   2   2 |     GCA   0   0   0   1   0   0 | Glu GAA   4   4   4   4   4   4 |     GGA   1   1   1   1   1   1
    GTG   0   0   0   0   0   0 |     GCG   0   0   0   0   0   0 |     GAG   3   3   3   3   3   3 |     GGG   0   0   0   0   0   0
--------------------------------------------------------------------------------------------------------------------------------------

--------------------------------------------------------------------------------------------------------------------------------------
Phe TTT   0   0   0   0   0   0 | Ser TCT   8   8   9   8   9   9 | Tyr TAT   0   0   0   0   0   0 | Cys TGT   0   0   0   0   0   0
    TTC   0   0   0   0   0   0 |     TCC  12  13  12  11  12  12 |     TAC   0   0   0   0   0   0 |     TGC   0   0   0   0   0   0
Leu TTA   0   0   0   0   0   0 |     TCA  10   9   9  11   9   9 | *** TAA   0   0   0   0   0   0 | *** TGA   0   0   0   0   0   0
    TTG   0   0   0   0   0   0 |     TCG   0   0   0   0   0   0 |     TAG   0   0   0   0   0   0 | Trp TGG   0   0   0   0   0   0
--------------------------------------------------------------------------------------------------------------------------------------
Leu CTT   0   0   0   0   0   0 | Pro CCT   0   0   0   0   0   0 | His CAT   0   0   0   0   0   0 | Arg CGT   0   0   0   0   0   0
    CTC   0   0   0   0   0   0 |     CCC   0   0   0   0   0   0 |     CAC   0   0   0   0   0   0 |     CGC   0   0   0   0   0   0
    CTA   0   0   0   0   0   0 |     CCA   0   0   0   0   0   0 | Gln CAA   0   0   0   0   0   0 |     CGA   0   0   0   0   0   0
    CTG   0   0   0   0   0   0 |     CCG   0   0   0   0   0   0 |     CAG   0   0   0   0   0   0 |     CGG   0   0   0   0   0   0
--------------------------------------------------------------------------------------------------------------------------------------
Ile ATT   1   1   1   1   1   1 | Thr ACT   0   0   0   0   0   0 | Asn AAT   2   2   1   2   2   2 | Ser AGT   8   8   8   8   8   8
    ATC   0   0   0   0   0   0 |     ACC   4   3   3   2   3   3 |     AAC   0   0   1   0   0   0 |     AGC   6   6   6   6   6   6
    ATA   0   0   0   0   0   0 |     ACA   2   2   2   1   1   1 | Lys AAA   1   1   1   1   1   1 | Arg AGA   1   2   1   1   1   1
Met ATG   0   0   0   0   0   0 |     ACG   0   0   0   1   1   1 |     AAG   4   4   4   4   4   4 |     AGG   1   0   1   1   1   1
--------------------------------------------------------------------------------------------------------------------------------------
Val GTT   0   0   0   0   0   0 | Ala GCT   1   1   1   2   2   2 | Asp GAT   5   4   4   3   4   4 | Gly GGT   0   0   0   0   0   0
    GTC   0   0   0   0   0   0 |     GCC   1   2   2   2   1   1 |     GAC   3   4   4   4   4   4 |     GGC   0   0   0   0   0   0
    GTA   2   2   2   2   2   2 |     GCA   0   0   0   0   0   0 | Glu GAA   4   4   4   4   4   4 |     GGA   1   1   1   1   1   1
    GTG   0   0   0   0   0   0 |     GCG   0   0   0   0   0   0 |     GAG   3   3   3   4   3   3 |     GGG   0   0   0   0   0   0
--------------------------------------------------------------------------------------------------------------------------------------

Codon position x base (3x4) table for each sequence.

#1: Argali         
position  1:    T:0.37500    C:0.00000    A:0.37500    G:0.25000
position  2:    T:0.03750    C:0.47500    A:0.27500    G:0.21250
position  3:    T:0.30000    C:0.32500    A:0.27500    G:0.10000
Average         T:0.23750    C:0.26667    A:0.30833    G:0.18750

#2: LesserMouseDeer
position  1:    T:0.37500    C:0.00000    A:0.35000    G:0.27500
position  2:    T:0.03750    C:0.48750    A:0.26250    G:0.21250
position  3:    T:0.28750    C:0.35000    A:0.17500    G:0.18750
Average         T:0.23333    C:0.27917    A:0.26250    G:0.22500

#3: LesserKudu     
position  1:    T:0.37500    C:0.00000    A:0.36250    G:0.26250
position  2:    T:0.03750    C:0.47500    A:0.27500    G:0.21250
position  3:    T:0.32500    C:0.32500    A:0.23750    G:0.11250
Average         T:0.24583    C:0.26667    A:0.29167    G:0.19583

#4: ForestMuskDeer2
position  1:    T:0.37500    C:0.00000    A:0.35000    G:0.27500
position  2:    T:0.03750    C:0.47500    A:0.27500    G:0.21250
position  3:    T:0.30000    C:0.31250    A:0.26250    G:0.12500
Average         T:0.23750    C:0.26250    A:0.29583    G:0.20417

#5: Camel          
position  1:    T:0.37500    C:0.00000    A:0.37500    G:0.25000
position  2:    T:0.03750    C:0.47500    A:0.27500    G:0.21250
position  3:    T:0.32500    C:0.31250    A:0.28750    G:0.07500
Average         T:0.24583    C:0.26250    A:0.31250    G:0.17917

#6: KillerWhale    
position  1:    T:0.37500    C:0.00000    A:0.37500    G:0.25000
position  2:    T:0.03750    C:0.47500    A:0.27500    G:0.21250
position  3:    T:0.31250    C:0.32500    A:0.25000    G:0.11250
Average         T:0.24167    C:0.26667    A:0.30000    G:0.19167

#7: DefassaWaterbuck
position  1:    T:0.37500    C:0.00000    A:0.36250    G:0.26250
position  2:    T:0.03750    C:0.47500    A:0.26250    G:0.22500
position  3:    T:0.28750    C:0.35000    A:0.23750    G:0.12500
Average         T:0.23333    C:0.27500    A:0.28750    G:0.20417

#8: Sheep          
position  1:    T:0.37500    C:0.00000    A:0.36250    G:0.26250
position  2:    T:0.03750    C:0.47500    A:0.27500    G:0.21250
position  3:    T:0.30000    C:0.32500    A:0.27500    G:0.10000
Average         T:0.23750    C:0.26667    A:0.30417    G:0.19167

#9: MaxwellsDuiker 
position  1:    T:0.37500    C:0.00000    A:0.36250    G:0.26250
position  2:    T:0.03750    C:0.47500    A:0.27500    G:0.21250
position  3:    T:0.32500    C:0.31250    A:0.26250    G:0.10000
Average         T:0.24583    C:0.26250    A:0.30000    G:0.19167

#10: GazellaPrzewalskyi
position  1:    T:0.37500    C:0.00000    A:0.36250    G:0.26250
position  2:    T:0.03750    C:0.47500    A:0.27500    G:0.21250
position  3:    T:0.28750    C:0.35000    A:0.25000    G:0.11250
Average         T:0.23333    C:0.27500    A:0.29583    G:0.19583

#11: MountainNyala  
position  1:    T:0.37500    C:0.00000    A:0.36250    G:0.26250
position  2:    T:0.03750    C:0.47500    A:0.27500    G:0.21250
position  3:    T:0.32500    C:0.32500    A:0.23750    G:0.11250
Average         T:0.24583    C:0.26667    A:0.29167    G:0.19583

#12: MuntiacusMuntjak
position  1:    T:0.37500    C:0.00000    A:0.36250    G:0.26250
position  2:    T:0.03750    C:0.47500    A:0.27500    G:0.21250
position  3:    T:0.31250    C:0.32500    A:0.23750    G:0.12500
Average         T:0.24167    C:0.26667    A:0.29167    G:0.20000

#13: goat           
position  1:    T:0.36250    C:0.00000    A:0.36250    G:0.27500
position  2:    T:0.03750    C:0.47500    A:0.27500    G:0.21250
position  3:    T:0.30000    C:0.33750    A:0.26250    G:0.10000
Average         T:0.23333    C:0.27083    A:0.30000    G:0.19583

#14: AfricanBuffalo 
position  1:    T:0.37500    C:0.00000    A:0.36250    G:0.26250
position  2:    T:0.03750    C:0.47500    A:0.27500    G:0.21250
position  3:    T:0.31250    C:0.32500    A:0.25000    G:0.11250
Average         T:0.24167    C:0.26667    A:0.29583    G:0.19583

#15: Topi           
position  1:    T:0.37500    C:0.00000    A:0.36250    G:0.26250
position  2:    T:0.03750    C:0.47500    A:0.27500    G:0.21250
position  3:    T:0.30000    C:0.33750    A:0.26250    G:0.10000
Average         T:0.23750    C:0.27083    A:0.30000    G:0.19167

#16: CommonDuiker   
position  1:    T:0.37500    C:0.00000    A:0.36250    G:0.26250
position  2:    T:0.03750    C:0.47500    A:0.28750    G:0.20000
position  3:    T:0.31250    C:0.32500    A:0.26250    G:0.10000
Average         T:0.24167    C:0.26667    A:0.30417    G:0.18750

#17: Suni           
position  1:    T:0.37500    C:0.00000    A:0.36250    G:0.26250
position  2:    T:0.03750    C:0.48750    A:0.27500    G:0.20000
position  3:    T:0.31250    C:0.32500    A:0.26250    G:0.10000
Average         T:0.24167    C:0.27083    A:0.30000    G:0.18750

#18: Springbuck     
position  1:    T:0.37500    C:0.00000    A:0.36250    G:0.26250
position  2:    T:0.03750    C:0.47500    A:0.27500    G:0.21250
position  3:    T:0.30000    C:0.32500    A:0.26250    G:0.11250
Average         T:0.23750    C:0.26667    A:0.30000    G:0.19583

#19: Okapi          
position  1:    T:0.37500    C:0.00000    A:0.36250    G:0.26250
position  2:    T:0.03750    C:0.47500    A:0.27500    G:0.21250
position  3:    T:0.32500    C:0.31250    A:0.26250    G:0.10000
Average         T:0.24583    C:0.26250    A:0.30000    G:0.19167

#20: Giraffe        
position  1:    T:0.37500    C:0.00000    A:0.36250    G:0.26250
position  2:    T:0.03750    C:0.47500    A:0.27500    G:0.21250
position  3:    T:0.31250    C:0.32500    A:0.26250    G:0.10000
Average         T:0.24167    C:0.26667    A:0.30000    G:0.19167

#21: TibetanAntelope
position  1:    T:0.37500    C:0.00000    A:0.36250    G:0.26250
position  2:    T:0.03750    C:0.47500    A:0.27500    G:0.21250
position  3:    T:0.31250    C:0.32500    A:0.26250    G:0.10000
Average         T:0.24167    C:0.26667    A:0.30000    G:0.19167

#22: Sitatunga      
position  1:    T:0.37500    C:0.00000    A:0.36250    G:0.26250
position  2:    T:0.03750    C:0.47500    A:0.27500    G:0.21250
position  3:    T:0.32500    C:0.32500    A:0.23750    G:0.11250
Average         T:0.24583    C:0.26667    A:0.29167    G:0.19583

#23: Oribi          
position  1:    T:0.37500    C:0.00000    A:0.36250    G:0.26250
position  2:    T:0.03750    C:0.47500    A:0.27500    G:0.21250
position  3:    T:0.30000    C:0.35000    A:0.25000    G:0.10000
Average         T:0.23750    C:0.27500    A:0.29583    G:0.19167

#24: BarbarySheep   
position  1:    T:0.37500    C:0.00000    A:0.36250    G:0.26250
position  2:    T:0.03750    C:0.47500    A:0.27500    G:0.21250
position  3:    T:0.30000    C:0.33750    A:0.26250    G:0.10000
Average         T:0.23750    C:0.27083    A:0.30000    G:0.19167

#25: Daviddeer      
position  1:    T:0.37500    C:0.00000    A:0.36250    G:0.26250
position  2:    T:0.03750    C:0.47500    A:0.27500    G:0.21250
position  3:    T:0.30000    C:0.33750    A:0.25000    G:0.11250
Average         T:0.23750    C:0.27083    A:0.29583    G:0.19583

#26: Reindeer       
position  1:    T:0.37500    C:0.00000    A:0.36250    G:0.26250
position  2:    T:0.02500    C:0.48750    A:0.27500    G:0.21250
position  3:    T:0.31250    C:0.32500    A:0.23750    G:0.12500
Average         T:0.23750    C:0.27083    A:0.29167    G:0.20000

#27: Ibex           
position  1:    T:0.37500    C:0.00000    A:0.36250    G:0.26250
position  2:    T:0.03750    C:0.47500    A:0.27500    G:0.21250
position  3:    T:0.30000    C:0.33750    A:0.26250    G:0.10000
Average         T:0.23750    C:0.27083    A:0.30000    G:0.19167

#28: GyrantGazelle  
position  1:    T:0.37500    C:0.00000    A:0.36250    G:0.26250
position  2:    T:0.03750    C:0.47500    A:0.27500    G:0.21250
position  3:    T:0.30000    C:0.33750    A:0.25000    G:0.11250
Average         T:0.23750    C:0.27083    A:0.29583    G:0.19583

#29: Hartebeest     
position  1:    T:0.37500    C:0.00000    A:0.36250    G:0.26250
position  2:    T:0.03750    C:0.47500    A:0.27500    G:0.21250
position  3:    T:0.30000    C:0.33750    A:0.26250    G:0.10000
Average         T:0.23750    C:0.27083    A:0.30000    G:0.19167

#30: Bongo          
position  1:    T:0.37500    C:0.00000    A:0.36250    G:0.26250
position  2:    T:0.03750    C:0.47500    A:0.27500    G:0.21250
position  3:    T:0.32500    C:0.32500    A:0.23750    G:0.11250
Average         T:0.24583    C:0.26667    A:0.29167    G:0.19583

#31: Gerenuk        
position  1:    T:0.37500    C:0.00000    A:0.36250    G:0.26250
position  2:    T:0.03750    C:0.47500    A:0.27500    G:0.21250
position  3:    T:0.31250    C:0.32500    A:0.26250    G:0.10000
Average         T:0.24167    C:0.26667    A:0.30000    G:0.19167

#32: CommonEland    
position  1:    T:0.37500    C:0.00000    A:0.37500    G:0.25000
position  2:    T:0.03750    C:0.47500    A:0.27500    G:0.21250
position  3:    T:0.32500    C:0.32500    A:0.23750    G:0.11250
Average         T:0.24583    C:0.26667    A:0.29583    G:0.19167

#33: MuntiacusReevesi
position  1:    T:0.37500    C:0.00000    A:0.36250    G:0.26250
position  2:    T:0.03750    C:0.47500    A:0.27500    G:0.21250
position  3:    T:0.31250    C:0.33750    A:0.22500    G:0.12500
Average         T:0.24167    C:0.27083    A:0.28750    G:0.20000

#34: HarveysDuiker  
position  1:    T:0.37500    C:0.00000    A:0.36250    G:0.26250
position  2:    T:0.03750    C:0.47500    A:0.27500    G:0.21250
position  3:    T:0.31250    C:0.32500    A:0.26250    G:0.10000
Average         T:0.24167    C:0.26667    A:0.30000    G:0.19167

#35: Pronghorn      
position  1:    T:0.37500    C:0.00000    A:0.36250    G:0.26250
position  2:    T:0.03750    C:0.47500    A:0.27500    G:0.21250
position  3:    T:0.32500    C:0.31250    A:0.26250    G:0.10000
Average         T:0.24583    C:0.26250    A:0.30000    G:0.19167

#36: BlueWildebeest 
position  1:    T:0.37500    C:0.00000    A:0.36250    G:0.26250
position  2:    T:0.03750    C:0.47500    A:0.27500    G:0.21250
position  3:    T:0.31250    C:0.32500    A:0.26250    G:0.10000
Average         T:0.24167    C:0.26667    A:0.30000    G:0.19167

#37: Gemsbok        
position  1:    T:0.37500    C:0.00000    A:0.36250    G:0.26250
position  2:    T:0.03750    C:0.47500    A:0.27500    G:0.21250
position  3:    T:0.30000    C:0.33750    A:0.26250    G:0.10000
Average         T:0.23750    C:0.27083    A:0.30000    G:0.19167

#38: Yak            
position  1:    T:0.37500    C:0.00000    A:0.36250    G:0.26250
position  2:    T:0.03750    C:0.47500    A:0.27500    G:0.21250
position  3:    T:0.28750    C:0.35000    A:0.26250    G:0.10000
Average         T:0.23333    C:0.27500    A:0.30000    G:0.19167

#39: BlueSheep      
position  1:    T:0.37500    C:0.00000    A:0.36250    G:0.26250
position  2:    T:0.03750    C:0.47500    A:0.27500    G:0.21250
position  3:    T:0.30000    C:0.33750    A:0.26250    G:0.10000
Average         T:0.23750    C:0.27083    A:0.30000    G:0.19167

#40: BohorReedbuck  
position  1:    T:0.37500    C:0.00000    A:0.36250    G:0.26250
position  2:    T:0.03750    C:0.47500    A:0.27500    G:0.21250
position  3:    T:0.31250    C:0.32500    A:0.26250    G:0.10000
Average         T:0.24167    C:0.26667    A:0.30000    G:0.19167

#41: KirksDik       
position  1:    T:0.37500    C:0.00000    A:0.36250    G:0.26250
position  2:    T:0.03750    C:0.47500    A:0.27500    G:0.21250
position  3:    T:0.30000    C:0.33750    A:0.25000    G:0.11250
Average         T:0.23750    C:0.27083    A:0.29583    G:0.19583

#42: RoeDeer        
position  1:    T:0.37500    C:0.00000    A:0.36250    G:0.26250
position  2:    T:0.02500    C:0.48750    A:0.27500    G:0.21250
position  3:    T:0.30000    C:0.33750    A:0.26250    G:0.10000
Average         T:0.23333    C:0.27500    A:0.30000    G:0.19167

#43: WhiteLippedDeer
position  1:    T:0.37500    C:0.00000    A:0.36250    G:0.26250
position  2:    T:0.03750    C:0.47500    A:0.27500    G:0.21250
position  3:    T:0.31250    C:0.32500    A:0.25000    G:0.11250
Average         T:0.24167    C:0.26667    A:0.29583    G:0.19583

#44: ThomsonGazelle 
position  1:    T:0.37500    C:0.00000    A:0.36250    G:0.26250
position  2:    T:0.03750    C:0.47500    A:0.27500    G:0.21250
position  3:    T:0.30000    C:0.33750    A:0.25000    G:0.11250
Average         T:0.23750    C:0.27083    A:0.29583    G:0.19583

#45: MuntiacusCrinifrons
position  1:    T:0.37500    C:0.00000    A:0.36250    G:0.26250
position  2:    T:0.03750    C:0.47500    A:0.27500    G:0.21250
position  3:    T:0.31250    C:0.32500    A:0.23750    G:0.12500
Average         T:0.24167    C:0.26667    A:0.29167    G:0.20000

#46: WhiteTailedDeer
position  1:    T:0.37500    C:0.00000    A:0.36250    G:0.26250
position  2:    T:0.02500    C:0.48750    A:0.27500    G:0.21250
position  3:    T:0.31250    C:0.32500    A:0.25000    G:0.11250
Average         T:0.23750    C:0.27083    A:0.29583    G:0.19583

#47: Cattle         
position  1:    T:0.37500    C:0.00000    A:0.36250    G:0.26250
position  2:    T:0.03750    C:0.47500    A:0.27500    G:0.21250
position  3:    T:0.28750    C:0.35000    A:0.26250    G:0.10000
Average         T:0.23333    C:0.27500    A:0.30000    G:0.19167

#48: RoyalAntelope  
position  1:    T:0.37500    C:0.00000    A:0.36250    G:0.26250
position  2:    T:0.03750    C:0.47500    A:0.27500    G:0.21250
position  3:    T:0.30000    C:0.35000    A:0.23750    G:0.11250
Average         T:0.23750    C:0.27500    A:0.29167    G:0.19583

#49: Steenbok       
position  1:    T:0.37500    C:0.00000    A:0.37500    G:0.25000
position  2:    T:0.03750    C:0.47500    A:0.27500    G:0.21250
position  3:    T:0.31250    C:0.32500    A:0.26250    G:0.10000
Average         T:0.24167    C:0.26667    A:0.30417    G:0.18750

#50: Impala         
position  1:    T:0.37500    C:0.00000    A:0.36250    G:0.26250
position  2:    T:0.03750    C:0.47500    A:0.27500    G:0.21250
position  3:    T:0.30000    C:0.35000    A:0.26250    G:0.08750
Average         T:0.23750    C:0.27500    A:0.30000    G:0.18750

#51: Klipspringer   
position  1:    T:0.37500    C:0.00000    A:0.36250    G:0.26250
position  2:    T:0.03750    C:0.47500    A:0.27500    G:0.21250
