1
52 1
Argali 0.000000 0.509600 0.196100 0.373900 0.146400 0.026500 0.144500 0.130100 0.177300 0.263000 0.013300 0.134200 0.091200 0.127900 0.121600 0.119400 0.246500 0.292400 0.090500 0.196000 0.108400 0.026700 0.219500 0.205900 0.018600 0.141700 0.065400 0.195900 0.146100 0.197100 0.233800 0.128500 0.210000 0.078800 0.092300 0.163400 0.026900 0.120500 0.092300 0.172700 0.232900 0.141500 0.248800 0.210700 0.177500 0.107200 0.124300 0.156400 0.111000 0.225600 0.195900 0.209000
LesserMous 0.509600 0.000000 0.460000 0.469600 0.421400 0.499900 0.451100 0.431700 0.474300 0.560300 0.481300 0.465500 0.395200 0.460000 0.425600 0.384700 0.423700 0.499400 0.396400 0.479000 0.443800 0.499200 0.503400 0.503700 0.509100 0.400900 0.403800 0.478900 0.399200 0.482600 0.571600 0.509000 0.498500 0.402400 0.427600 0.505400 0.500200 0.408300 0.389300 0.479500 0.606300 0.424400 0.565400 0.492900 0.526600 0.444600 0.446600 0.437500 0.437200 0.538800 0.478900 0.494100
LesserKudu 0.196100 0.460000 0.000000 0.409900 0.238000 0.194000 0.190000 0.175900 0.034500 0.255800 0.180900 0.152800 0.193200 0.200000 0.139900 0.138800 0.310200 0.318600 0.191800 0.023100 0.188900 0.197600 0.216000 0.234700 0.197700 0.186600 0.167800 0.000100 0.164000 0.023200 0.229600 0.201400 0.241200 0.181300 0.195700 0.209400 0.197500 0.212400 0.140000 0.266900 0.261100 0.186900 0.242700 0.207700 0.165600 0.153900 0.173000 0.157900 0.159000 0.222600 0.023000 0.034400
KillerWhal 0.373900 0.469600 0.409900 0.000000 0.400600 0.368700 0.345500 0.326700 0.403900 0.384400 0.349000 0.320600 0.312000 0.357000 0.341200 0.356900 0.342800 0.448500 0.308700 0.408100 0.359700 0.370800 0.380600 0.354200 0.374400 0.333000 0.320400 0.408400 0.393800 0.411500 0.351600 0.401300 0.390600 0.339200 0.359800 0.379800 0.378000 0.367900 0.321900 0.422700 0.424900 0.376300 0.368400 0.411100 0.399400 0.319100 0.353600 0.327600 0.332300 0.414100 0.408400 0.423800
DefassaWat 0.146400 0.421400 0.238000 0.400600 0.000000 0.145000 0.133600 0.175000 0.219200 0.307100 0.131800 0.152300 0.110100 0.144100 0.167600 0.165900 0.224400 0.299200 0.123100 0.237700 0.171400 0.146000 0.231500 0.218900 0.147000 0.201200 0.111900 0.237600 0.191400 0.209500 0.280000 0.145300 0.291400 0.124700 0.165900 0.151200 0.147100 0.023600 0.139300 0.217700 0.292900 0.185400 0.293700 0.223500 0.164200 0.126100 0.171900 0.172300 0.145000 0.271200 0.208000 0.220200
Sheep 0.026500 0.499900 0.194000 0.368700 0.145000 0.000000 0.143100 0.129000 0.175700 0.258200 0.013200 0.133200 0.090200 0.126600 0.120700 0.118600 0.243300 0.288100 0.089600 0.194200 0.107700 0.026500 0.216000 0.202800 0.026700 0.140600 0.064700 0.193900 0.145000 0.195200 0.229900 0.127200 0.209100 0.077900 0.091500 0.161900 0.026700 0.119300 0.091800 0.170500 0.229400 0.140500 0.244400 0.207400 0.175700 0.106200 0.123500 0.154800 0.109900 0.223000 0.193900 0.206500
MaxwellsDu 0.144500 0.451100 0.190000 0.345500 0.133600 0.143100 0.000000 0.132200 0.172700 0.219200 0.130200 0.136000 0.120800 0.080300 0.150500 0.122500 0.235400 0.276500 0.120300 0.218200 0.169300 0.144000 0.211100 0.170400 0.145100 0.143400 0.096900 0.189700 0.147000 0.219800 0.193300 0.130300 0.268200 0.109400 0.122700 0.135100 0.145300 0.136400 0.123300 0.198600 0.289900 0.117400 0.206500 0.203500 0.121500 0.137000 0.154300 0.125700 0.128300 0.218400 0.218200 0.230100
GazellaPrz 0.130100 0.431700 0.175900 0.326700 0.175000 0.129000 0.132200 0.000000 0.159600 0.174200 0.116400 0.096900 0.108100 0.142300 0.136700 0.059300 0.252600 0.262200 0.107400 0.175800 0.074600 0.130100 0.196000 0.156300 0.131100 0.080900 0.084400 0.175700 0.083000 0.176900 0.178200 0.169500 0.220400 0.096700 0.109700 0.148800 0.131200 0.150700 0.035400 0.184400 0.239700 0.080800 0.191300 0.188700 0.161600 0.123700 0.061400 0.141600 0.127900 0.173300 0.175700 0.159700
MountainNy 0.177300 0.474300 0.034500 0.403900 0.219200 0.175700 0.172700 0.159600 0.000000 0.234600 0.162800 0.137000 0.176000 0.210800 0.152000 0.150200 0.286300 0.294800 0.174100 0.034400 0.171100 0.179100 0.228100 0.246600 0.178900 0.197400 0.151200 0.034200 0.175200 0.034700 0.209000 0.212200 0.220600 0.164400 0.177600 0.190800 0.178700 0.194200 0.123900 0.245600 0.273100 0.197700 0.221900 0.219700 0.176700 0.165800 0.156000 0.170100 0.171400 0.203200 0.034300 0.045500
MuntiacusM 0.263000 0.560300 0.255800 0.384400 0.307100 0.258200 0.219200 0.174200 0.234600 0.000000 0.243300 0.210000 0.222700 0.230200 0.227700 0.225600 0.224700 0.202600 0.190000 0.254500 0.255000 0.224300 0.086600 0.095400 0.262300 0.246300 0.195400 0.255100 0.221400 0.257200 0.027500 0.263500 0.224500 0.178900 0.226100 0.208700 0.227600 0.279500 0.196300 0.154200 0.113900 0.246200 0.013400 0.068400 0.223700 0.212600 0.216900 0.202600 0.219800 0.173300 0.255100 0.235100
goat 0.013300 0.481300 0.180900 0.349000 0.131800 0.013200 0.130200 0.116400 0.162800 0.243300 0.000000 0.120200 0.077400 0.114000 0.107300 0.105800 0.228200 0.272800 0.076800 0.181000 0.094600 0.013300 0.201100 0.188500 0.013400 0.128200 0.051900 0.180800 0.132100 0.182200 0.214900 0.114600 0.194600 0.065000 0.078600 0.148400 0.013400 0.106100 0.079000 0.156500 0.214400 0.128100 0.229500 0.192900 0.162200 0.093000 0.110200 0.140800 0.096300 0.208600 0.180800 0.193400
AfricanBuf 0.134200 0.465500 0.152800 0.320600 0.152300 0.133200 0.136000 0.096900 0.137000 0.210000 0.120200 0.000000 0.111600 0.146100 0.141100 0.112900 0.228700 0.236700 0.137200 0.152900 0.131500 0.134500 0.201900 0.191000 0.135500 0.134100 0.113500 0.152700 0.137900 0.126400 0.183800 0.147200 0.196100 0.126500 0.140100 0.048200 0.135500 0.127600 0.087200 0.221000 0.247200 0.134000 0.197100 0.194600 0.060300 0.100600 0.117100 0.146200 0.131800 0.149000 0.125500 0.137300
Topi 0.091200 0.395200 0.193200 0.312000 0.110100 0.090200 0.120800 0.108100 0.176000 0.222700 0.077400 0.111600 0.000000 0.106100 0.125900 0.124500 0.177800 0.249300 0.071300 0.193000 0.143700 0.090800 0.152300 0.173100 0.091500 0.145100 0.023600 0.192900 0.149400 0.165700 0.196600 0.107000 0.209100 0.035600 0.098300 0.137600 0.091600 0.086100 0.099000 0.144000 0.227600 0.145300 0.209800 0.176700 0.150500 0.086300 0.129100 0.128800 0.116200 0.222500 0.164800 0.148800
CommonDuik 0.127900 0.460000 0.200000 0.357000 0.144100 0.126600 0.080300 0.142300 0.210800 0.230200 0.114000 0.146100 0.106100 0.000000 0.161100 0.132700 0.245900 0.286900 0.105600 0.228300 0.179800 0.127300 0.207800 0.152700 0.128300 0.127900 0.082800 0.199900 0.157000 0.230000 0.204800 0.056100 0.246100 0.094800 0.133200 0.145600 0.128400 0.147000 0.133700 0.151900 0.234100 0.102700 0.217600 0.184200 0.132100 0.147700 0.164700 0.138200 0.139300 0.228600 0.228400 0.240200
Suni 0.121600 0.425600 0.139900 0.341200 0.167600 0.120700 0.150500 0.136700 0.152000 0.227700 0.107300 0.141100 0.125900 0.161100 0.000000 0.127200 0.247700 0.290800 0.125000 0.140000 0.146900 0.121500 0.187800 0.147400 0.122400 0.175600 0.101100 0.139800 0.152800 0.140500 0.200800 0.161900 0.214300 0.114100 0.127700 0.168800 0.122400 0.142600 0.101100 0.208000 0.233000 0.175500 0.214700 0.180900 0.168700 0.087800 0.132000 0.104600 0.090900 0.195700 0.139800 0.151700
Springbuck 0.119400 0.384700 0.138800 0.356900 0.165900 0.118600 0.122500 0.059300 0.150200 0.225600 0.105800 0.112900 0.124500 0.132700 0.127200 0.000000 0.244100 0.253400 0.123700 0.166500 0.063500 0.119900 0.218100 0.205500 0.120800 0.046400 0.099900 0.138700 0.023500 0.167500 0.231400 0.133800 0.211600 0.112800 0.099700 0.167000 0.120700 0.141000 0.024100 0.204900 0.264000 0.046300 0.245000 0.210000 0.152300 0.113700 0.050200 0.160000 0.117600 0.193500 0.166300 0.178100
Okapi 0.246500 0.423700 0.310200 0.342800 0.224400 0.243300 0.235400 0.252600 0.286300 0.224700 0.228200 0.228700 0.177800 0.245900 0.247700 0.244100 0.000000 0.109600 0.207100 0.309000 0.239300 0.210300 0.182100 0.238000 0.247200 0.297100 0.181000 0.309100 0.239600 0.276800 0.231300 0.248700 0.159900 0.164700 0.244400 0.226500 0.212400 0.197400 0.213800 0.203100 0.266000 0.297000 0.210900 0.209200 0.241400 0.198900 0.235500 0.219500 0.238800 0.241900 0.274600 0.287600
Giraffe 0.292400 0.499400 0.318600 0.448500 0.299200 0.288100 0.276500 0.262200 0.294800 0.202600 0.272800 0.236700 0.249300 0.286900 0.290800 0.253400 0.109600 0.000000 0.247900 0.317400 0.249500 0.253800 0.193800 0.283300 0.292400 0.305800 0.222000 0.317700 0.248800 0.320400 0.242900 0.307900 0.155700 0.204900 0.253700 0.234700 0.256900 0.272000 0.223700 0.246500 0.276500 0.305700 0.221900 0.219900 0.249500 0.273700 0.245300 0.264000 0.283200 0.234500 0.317700 0.330800
TibetanAnt 0.090500 0.396400 0.191800 0.308700 0.123100 0.089600 0.120300 0.107400 0.174100 0.190000 0.076800 0.137200 0.071300 0.105600 0.125000 0.123700 0.207100 0.247900 0.000000 0.190900 0.142700 0.063400 0.182100 0.142900 0.090800 0.118300 0.047800 0.190700 0.122000 0.193000 0.195100 0.106100 0.176600 0.035400 0.097400 0.135700 0.090800 0.125700 0.097900 0.115000 0.211500 0.118300 0.177400 0.117400 0.149000 0.111600 0.128400 0.156900 0.102300 0.221300 0.190700 0.174100
Sitatunga 0.196000 0.479000 0.023100 0.408100 0.237700 0.194200 0.218200 0.175800 0.034400 0.254500 0.181000 0.152900 0.193000 0.228300 0.140000 0.166500 0.309000 0.317400 0.190900 0.000000 0.188800 0.198000 0.214800 0.233800 0.197800 0.186700 0.167600 0.023000 0.192100 0.023200 0.228300 0.229900 0.240700 0.181200 0.194800 0.208300 0.197600 0.212200 0.139500 0.266000 0.260000 0.187000 0.241500 0.206900 0.193800 0.153800 0.173100 0.157700 0.159000 0.222300 0.023000 0.034300
Oribi 0.108400 0.443800 0.188900 0.359700 0.171400 0.107700 0.169300 0.074600 0.171100 0.255000 0.094600 0.131500 0.143700 0.179800 0.146900 0.063500 0.239300 0.249500 0.142700 0.188800 0.000000 0.109000 0.247800 0.232500 0.109700 0.112400 0.118000 0.188700 0.088800 0.190000 0.261800 0.181100 0.205700 0.131600 0.117600 0.188900 0.109900 0.145800 0.037900 0.231500 0.296700 0.112200 0.276300 0.237800 0.202900 0.132700 0.065900 0.182800 0.137300 0.219500 0.188700 0.201100
BarbaryShe 0.026700 0.499200 0.197600 0.370800 0.146000 0.026500 0.144000 0.130100 0.179100 0.224300 0.013300 0.134500 0.090800 0.127300 0.121500 0.119900 0.210300 0.253800 0.063400 0.198000 0.109000 0.000000 0.217200 0.203600 0.026900 0.142000 0.065100 0.197500 0.117900 0.199000 0.230900 0.127900 0.177400 0.051500 0.092200 0.163100 0.026900 0.120100 0.092600 0.171200 0.230600 0.141900 0.210700 0.175300 0.176900 0.106900 0.124700 0.155600 0.110700 0.224700 0.197500 0.209900
Daviddeer 0.219500 0.503400 0.216000 0.380600 0.231500 0.216000 0.211100 0.196000 0.228100 0.086600 0.201100 0.201900 0.152300 0.207800 0.187800 0.218100 0.182100 0.193800 0.182100 0.214800 0.247800 0.217200 0.000000 0.100000 0.219700 0.272000 0.125100 0.215300 0.247100 0.216900 0.058500 0.242100 0.217400 0.139400 0.218200 0.200600 0.185200 0.203800 0.188000 0.130200 0.088300 0.272000 0.072600 0.071900 0.215900 0.172500 0.208900 0.160900 0.178200 0.164300 0.215300 0.196200
Reindeer 0.205900 0.503700 0.234700 0.354200 0.218900 0.202800 0.170400 0.156300 0.246600 0.095400 0.188500 0.191000 0.173100 0.152700 0.147400 0.205500 0.238000 0.283300 0.142900 0.233800 0.232500 0.203600 0.100000 0.000000 0.205900 0.226100 0.147000 0.234100 0.232900 0.236000 0.068600 0.181800 0.238700 0.160800 0.206000 0.159600 0.173400 0.224300 0.177200 0.079000 0.127000 0.195700 0.082300 0.053100 0.173500 0.162500 0.214400 0.152200 0.153600 0.155000 0.234100 0.215100
Ibex 0.018600 0.509100 0.197700 0.374400 0.147000 0.026700 0.145100 0.131100 0.178900 0.262300 0.013400 0.135500 0.091500 0.128300 0.122400 0.120800 0.247200 0.292400 0.090800 0.197800 0.109700 0.026900 0.219700 0.205900 0.000000 0.143000 0.065700 0.197500 0.147500 0.199000 0.233600 0.129000 0.212200 0.079100 0.093000 0.164200 0.027100 0.121000 0.093400 0.173100 0.233100 0.142900 0.248400 0.210700 0.178200 0.107700 0.125700 0.157100 0.111600 0.227000 0.197500 0.210300
GyrantGaze 0.141700 0.400900 0.186600 0.333000 0.201200 0.140600 0.143400 0.080900 0.197400 0.246300 0.128200 0.134100 0.145100 0.127900 0.175600 0.046400 0.297100 0.305800 0.118300 0.186700 0.112400 0.142000 0.272000 0.226100 0.143000 0.000000 0.121400 0.186400 0.069600 0.216200 0.252300 0.154400 0.232000 0.134000 0.121100 0.187400 0.142900 0.176700 0.071100 0.225200 0.303700 0.022100 0.265500 0.262200 0.173000 0.161800 0.098900 0.181000 0.167000 0.214900 0.214400 0.226100
Hartebeest 0.065400 0.403800 0.167800 0.320400 0.111900 0.064700 0.096900 0.084400 0.151200 0.195400 0.051900 0.113500 0.023600 0.082800 0.101100 0.099900 0.181000 0.222000 0.047800 0.167600 0.118000 0.065100 0.125100 0.147000 0.065700 0.121400 0.000000 0.167500 0.124800 0.168800 0.169100 0.108600 0.181700 0.011900 0.074000 0.139900 0.065700 0.087500 0.074500 0.118200 0.199700 0.121300 0.182400 0.150100 0.153000 0.087700 0.103700 0.103400 0.090700 0.195200 0.167500 0.151200
Bongo 0.195900 0.478900 0.000100 0.408400 0.237600 0.193900 0.189700 0.175700 0.034200 0.255100 0.180800 0.152700 0.192900 0.199900 0.139800 0.138700 0.309100 0.317700 0.190700 0.023000 0.188700 0.197500 0.215300 0.234100 0.197500 0.186400 0.167500 0.000000 0.163800 0.023200 0.228900 0.201200 0.240600 0.181100 0.194500 0.208200 0.197500 0.212100 0.139300 0.266200 0.260300 0.186700 0.242000 0.207100 0.165400 0.153700 0.172900 0.157600 0.158800 0.222300 0.023000 0.034300
Gerenuk 0.146100 0.399200 0.164000 0.393800 0.191400 0.145000 0.147000 0.083000 0.175200 0.221400 0.132100 0.137900 0.149400 0.157000 0.152800 0.023500 0.239600 0.248800 0.122000 0.192100 0.088800 0.117900 0.247100 0.232900 0.147500 0.069600 0.124800 0.163800 0.000000 0.193300 0.260300 0.158200 0.207700 0.111100 0.124500 0.192800 0.147400 0.166500 0.048100 0.232200 0.294200 0.069500 0.240400 0.206100 0.177800 0.138900 0.075200 0.186600 0.143600 0.221100 0.191800 0.203600
CommonElan 0.197100 0.482600 0.023200 0.411500 0.209500 0.195200 0.219800 0.176900 0.034700 0.257200 0.182200 0.126400 0.165700 0.230000 0.140500 0.167500 0.276800 0.320400 0.193000 0.023200 0.190000 0.199000 0.216900 0.236000 0.199000 0.216200 0.168800 0.023200 0.193300 0.000000 0.230900 0.202700 0.242400 0.182500 0.196800 0.181500 0.199000 0.184100 0.140900 0.268400 0.262400 0.216400 0.244000 0.208800 0.166500 0.127200 0.174000 0.158800 0.159900 0.223900 0.000100 0.011400
MuntiacusR 0.233800 0.571600 0.229600 0.351600 0.280000 0.229900 0.193300 0.178200 0.209000 0.027500 0.214900 0.183800 0.196600 0.204800 0.200800 0.231400 0.231300 0.242900 0.195100 0.228300 0.261800 0.230900 0.058500 0.068600 0.233600 0.252300 0.169100 0.228900 0.260300 0.230900 0.000000 0.237500 0.231600 0.183800 0.231800 0.182700 0.199100 0.252300 0.201300 0.127400 0.086500 0.252200 0.013800 0.070500 0.197600 0.185900 0.222300 0.175300 0.192300 0.146100 0.228900 0.209400
HarveysDui 0.128500 0.509000 0.201400 0.401300 0.145300 0.127200 0.130300 0.169500 0.212200 0.263500 0.114600 0.147200 0.107000 0.056100 0.161900 0.133800 0.248700 0.307900 0.106100 0.229900 0.181100 0.127900 0.242100 0.181800 0.129000 0.154400 0.108600 0.201200 0.158200 0.202700 0.237500 0.000000 0.248300 0.121100 0.133900 0.146300 0.129100 0.148300 0.134600 0.152900 0.253000 0.128200 0.250500 0.185400 0.132700 0.122100 0.166000 0.195700 0.140000 0.262200 0.201300 0.213100
Pronghorn 0.210000 0.498500 0.241200 0.390600 0.291400 0.209100 0.268200 0.220400 0.220600 0.224500 0.194600 0.196100 0.209100 0.246100 0.214300 0.211600 0.159900 0.155700 0.176600 0.240700 0.205700 0.177400 0.217400 0.238700 0.212200 0.232000 0.181700 0.240600 0.207700 0.242400 0.231600 0.248300 0.000000 0.165300 0.212200 0.259800 0.213500 0.263600 0.182100 0.204100 0.266400 0.231900 0.210800 0.209800 0.275200 0.230700 0.202000 0.255900 0.239000 0.159000 0.240500 0.253300
BlueWildeb 0.078800 0.402400 0.181300 0.339200 0.124700 0.077900 0.109400 0.096700 0.164400 0.178900 0.065000 0.126500 0.035600 0.094800 0.114100 0.112800 0.164700 0.204900 0.035400 0.181200 0.131600 0.051500 0.139400 0.160800 0.079100 0.134000 0.011900 0.181100 0.111100 0.182500 0.183800 0.121100 0.165300 0.000000 0.086600 0.153200 0.079100 0.100300 0.087200 0.131500 0.214800 0.134000 0.166000 0.134600 0.166400 0.100600 0.117100 0.117200 0.104000 0.209800 0.181100 0.164400
Gemsbok 0.092300 0.427600 0.195700 0.359800 0.165900 0.091500 0.122700 0.109700 0.177600 0.226100 0.078600 0.140100 0.098300 0.133200 0.127700 0.099700 0.244400 0.253700 0.097400 0.194800 0.117600 0.092200 0.218200 0.206000 0.093000 0.121100 0.074000 0.194500 0.124500 0.196800 0.231800 0.133900 0.212200 0.086600 0.000000 0.166300 0.092900 0.141100 0.074000 0.175300 0.264600 0.121000 0.245500 0.210400 0.180300 0.113800 0.103400 0.160100 0.117700 0.225300 0.194500 0.206500
Yak 0.163400 0.505400 0.209400 0.379800 0.151200 0.161900 0.135100 0.148800 0.190800 0.208700 0.148400 0.048200 0.137600 0.145600 0.168800 0.167000 0.226500 0.234700 0.135700 0.208300 0.188900 0.163100 0.200600 0.159600 0.164200 0.187400 0.139900 0.208200 0.192800 0.181500 0.182700 0.146300 0.259800 0.153200 0.166300 0.000000 0.134300 0.154500 0.139700 0.188300 0.245400 0.159500 0.195800 0.162600 0.035400 0.127000 0.173400 0.174400 0.146100 0.177400 0.179500 0.191400
BlueSheep 0.026900 0.500200 0.197500 0.378000 0.147100 0.026700 0.145300 0.131200 0.178700 0.227600 0.013400 0.135500 0.091600 0.128400 0.122400 0.120700 0.212400 0.256900 0.090800 0.197600 0.109900 0.026900 0.185200 0.173400 0.027100 0.142900 0.065700 0.197500 0.147400 0.199000 0.199100 0.129100 0.213500 0.079100 0.092900 0.134300 0.000000 0.121100 0.093400 0.141700 0.198500 0.142800 0.213600 0.177400 0.148000 0.107900 0.125800 0.157400 0.111700 0.193100 0.197500 0.210300
BohorReedb 0.120500 0.408300 0.212400 0.367900 0.023600 0.119300 0.136400 0.150700 0.194200 0.279500 0.106100 0.127600 0.086100 0.147000 0.142600 0.141000 0.197400 0.272000 0.125700 0.212200 0.145800 0.120100 0.203800 0.224300 0.121000 0.176700 0.087500 0.212100 0.166500 0.184100 0.252300 0.148300 0.263600 0.100300 0.141100 0.154500 0.121100 0.000000 0.114600 0.223000 0.265100 0.189400 0.266100 0.229300 0.167800 0.101500 0.146200 0.146500 0.132800 0.243900 0.182800 0.195100
KirksDik 0.092300 0.389300 0.140000 0.321900 0.139300 0.091800 0.123300 0.035400 0.123900 0.196300 0.079000 0.087200 0.099000 0.133700 0.101100 0.024100 0.213800 0.223700 0.097900 0.139500 0.037900 0.092600 0.188000 0.177200 0.093400 0.071100 0.074500 0.139300 0.048100 0.140900 0.201300 0.134600 0.182100 0.087200 0.074000 0.139700 0.093400 0.114600 0.000000 0.176600 0.233100 0.071000 0.215000 0.181000 0.153300 0.087900 0.025000 0.132500 0.090900 0.164900 0.139300 0.151100
RoeDeer 0.172700 0.479500 0.266900 0.422700 0.217700 0.170500 0.198600 0.184400 0.245600 0.154200 0.156500 0.221000 0.144000 0.151900 0.208000 0.204900 0.203100 0.246500 0.115000 0.266000 0.231500 0.171200 0.130200 0.079000 0.173100 0.225200 0.118200 0.266200 0.232200 0.268400 0.127400 0.152900 0.204100 0.131500 0.175300 0.188300 0.141700 0.223000 0.176600 0.000000 0.157400 0.195000 0.140900 0.080700 0.202400 0.192600 0.213700 0.214400 0.184200 0.184000 0.266200 0.246200
WhiteLippe 0.232900 0.606300 0.261100 0.424900 0.292900 0.229400 0.289900 0.239700 0.273100 0.113900 0.214400 0.247200 0.227600 0.234100 0.233000 0.264000 0.266000 0.276500 0.211500 0.260000 0.296700 0.230600 0.088300 0.127000 0.233100 0.303700 0.199700 0.260300 0.294200 0.262400 0.086500 0.253000 0.266400 0.214800 0.264600 0.245400 0.198500 0.265100 0.233100 0.157400 0.000000 0.318300 0.100300 0.099300 0.261100 0.201900 0.256000 0.240700 0.224200 0.210800 0.260400 0.239900
ThomsonGaz 0.141500 0.424400 0.186900 0.376300 0.185400 0.140500 0.117400 0.080800 0.197700 0.246200 0.128100 0.134000 0.145300 0.102700 0.175500 0.046300 0.297000 0.305700 0.118300 0.187000 0.112200 0.141900 0.272000 0.195700 0.142900 0.022100 0.121300 0.186700 0.069500 0.216400 0.252200 0.128200 0.231900 0.134000 0.121000 0.159500 0.142800 0.189400 0.071000 0.195000 0.318300 0.000000 0.265500 0.229800 0.145600 0.161700 0.098600 0.180900 0.153700 0.214200 0.214800 0.226400
MuntiacusC 0.248800 0.565400 0.242700 0.368400 0.293700 0.244400 0.206500 0.191300 0.221900 0.013400 0.229500 0.197100 0.209800 0.217600 0.214700 0.245000 0.210900 0.221900 0.177400 0.241500 0.276300 0.210700 0.072600 0.082300 0.248400 0.265500 0.182400 0.242000 0.240400 0.244000 0.013800 0.250500 0.210800 0.166000 0.245500 0.195800 0.213600 0.266100 0.215000 0.140900 0.100300 0.265500 0.000000 0.055100 0.210800 0.199400 0.236600 0.189200 0.206300 0.159800 0.242000 0.222200
WhiteTaile 0.210700 0.492900 0.207700 0.411100 0.223500 0.207400 0.203500 0.188700 0.219700 0.068400 0.192900 0.194600 0.176700 0.184200 0.180900 0.210000 0.209200 0.219900 0.117400 0.206900 0.237800 0.175300 0.071900 0.053100 0.210700 0.262200 0.150100 0.207100 0.206100 0.208800 0.070500 0.185400 0.209800 0.134600 0.210400 0.162600 0.177400 0.229300 0.181000 0.080700 0.099300 0.229800 0.055100 0.000000 0.176700 0.165900 0.219300 0.186700 0.157000 0.190400 0.207100 0.188700
Cattle 0.177500 0.526600 0.165600 0.399400 0.164200 0.175700 0.121500 0.161600 0.176700 0.223700 0.162200 0.060300 0.150500 0.132100 0.168700 0.152300 0.241400 0.249500 0.149000 0.193800 0.202900 0.176900 0.215900 0.173500 0.178200 0.173000 0.153000 0.165400 0.177800 0.166500 0.197600 0.132700 0.275200 0.166400 0.180300 0.035400 0.148000 0.167800 0.153300 0.202400 0.261100 0.145600 0.210800 0.176700 0.000000 0.140000 0.187100 0.188300 0.159600 0.191600 0.165400 0.177300
RoyalAntel 0.107200 0.444600 0.153900 0.319100 0.126100 0.106200 0.137000 0.123700 0.165800 0.212600 0.093000 0.100600 0.086300 0.147700 0.087800 0.113700 0.198900 0.273700 0.111600 0.153800 0.132700 0.106900 0.172500 0.162500 0.107700 0.161800 0.087700 0.153700 0.138900 0.127200 0.185900 0.122100 0.230700 0.100600 0.113800 0.127000 0.107900 0.101500 0.087900 0.192600 0.201900 0.161700 0.199400 0.165900 0.140000 0.000000 0.118000 0.118200 0.077200 0.212100 0.126300 0.138200
Steenbok 0.124300 0.446600 0.173000 0.353600 0.171900 0.123500 0.154300 0.061400 0.156000 0.216900 0.110200 0.117100 0.129100 0.164700 0.132000 0.050200 0.235500 0.245300 0.128400 0.173100 0.065900 0.124700 0.208900 0.214400 0.125700 0.098900 0.103700 0.172900 0.075200 0.174000 0.222300 0.166000 0.202000 0.117100 0.103400 0.173400 0.125800 0.146200 0.025000 0.213700 0.256000 0.098600 0.236600 0.219300 0.187100 0.118000 0.000000 0.166600 0.122100 0.184200 0.172900 0.185100
Impala 0.156400 0.437500 0.157900 0.327600 0.172300 0.154800 0.125700 0.141600 0.170100 0.202600 0.140800 0.146200 0.128800 0.138200 0.104600 0.160000 0.219500 0.264000 0.156900 0.157700 0.182800 0.155600 0.160900 0.152200 0.157100 0.181000 0.103400 0.157600 0.186600 0.158800 0.175300 0.195700 0.255900 0.117200 0.160100 0.174400 0.157400 0.146500 0.132500 0.214400 0.240700 0.180900 0.189200 0.186700 0.188300 0.118200 0.166600 0.000000 0.122300 0.203100 0.157600 0.169800
Klipspring 0.111000 0.437200 0.159000 0.332300 0.145000 0.109900 0.128300 0.127900 0.171400 0.219800 0.096300 0.131800 0.116200 0.139300 0.090900 0.117600 0.238800 0.283200 0.102300 0.159000 0.137300 0.110700 0.178200 0.153600 0.111600 0.167000 0.090700 0.158800 0.143600 0.159900 0.192300 0.140000 0.239000 0.104000 0.117700 0.146100 0.111700 0.132800 0.090900 0.184200 0.224200 0.153700 0.206300 0.157000 0.159600 0.077200 0.122100 0.122300 0.000000 0.219800 0.158800 0.171300
ForestMusk 0.225600 0.538800 0.222600 0.414100 0.271200 0.223000 0.218400 0.173300 0.203200 0.173300 0.208600 0.149000 0.222500 0.228600 0.195700 0.193500 0.241900 0.234500 0.221300 0.222300 0.219500 0.224700 0.164300 0.155000 0.227000 0.214900 0.195200 0.222300 0.221100 0.223900 0.146100 0.262200 0.159000 0.209800 0.225300 0.177400 0.193100 0.243900 0.164900 0.184000 0.210800 0.214200 0.159800 0.190400 0.191600 0.212100 0.184200 0.203100 0.219800 0.000000 0.222300 0.234900
Bushbuck 0.195900 0.478900 0.023000 0.408400 0.208000 0.193900 0.218200 0.175700 0.034300 0.255100 0.180800 0.125500 0.164800 0.228400 0.139800 0.166300 0.274600 0.317700 0.190700 0.023000 0.188700 0.197500 0.215300 0.234100 0.197500 0.214400 0.167500 0.023000 0.191800 0.000100 0.228900 0.201300 0.240500 0.181100 0.194500 0.179500 0.197500 0.182800 0.139300 0.266200 0.260400 0.214800 0.242000 0.207100 0.165400 0.126300 0.172900 0.157600 0.158800 0.222300 0.000000 0.011300
GreaterKud 0.209000 0.494100 0.034400 0.423800 0.220200 0.206500 0.230100 0.159700 0.045500 0.235100 0.193400 0.137300 0.148800 0.240200 0.151700 0.178100 0.287600 0.330800 0.174100 0.034300 0.201100 0.209900 0.196200 0.215100 0.210300 0.226100 0.151200 0.034300 0.203600 0.011400 0.209400 0.213100 0.253300 0.164400 0.206500 0.191400 0.210300 0.195100 0.151100 0.246200 0.239900 0.226400 0.222200 0.188700 0.177300 0.138200 0.185100 0.169800 0.171300 0.234900 0.011300 0.000000
