1
52 1
Argali 0.000000 0.433200 0.116600 0.406000 0.143800 0.010100 0.112700 0.118700 0.072500 0.184300 0.060200 0.104400 0.081000 0.122900 0.163200 0.102600 0.193700 0.201400 0.050100 0.127000 0.117200 0.070500 0.162300 0.215800 0.039900 0.126500 0.071300 0.106600 0.145300 0.116600 0.164100 0.123000 0.262000 0.083000 0.082200 0.140200 0.040300 0.114000 0.143100 0.219800 0.176100 0.104900 0.175800 0.214500 0.150300 0.114900 0.125900 0.125600 0.136600 0.230200 0.116500 0.118400
LesserMous 0.433200 0.000000 0.431000 0.414000 0.488000 0.418300 0.466900 0.428700 0.403100 0.443100 0.458100 0.434200 0.426100 0.480400 0.497100 0.437000 0.418500 0.437500 0.440900 0.457900 0.439200 0.471100 0.428800 0.483300 0.458000 0.448000 0.429100 0.434100 0.454800 0.444800 0.420300 0.480700 0.521900 0.465900 0.428400 0.454000 0.429900 0.437100 0.447200 0.466400 0.418700 0.455400 0.436300 0.466400 0.465100 0.481800 0.463900 0.438500 0.514800 0.463500 0.481000 0.491700
LesserKudu 0.116600 0.431000 0.000000 0.403700 0.155200 0.105800 0.146300 0.108000 0.062200 0.149400 0.137000 0.093700 0.136700 0.112200 0.152300 0.113500 0.158000 0.188000 0.104000 0.030100 0.129200 0.125200 0.105100 0.180500 0.114800 0.138400 0.126900 0.010100 0.135100 0.020400 0.129200 0.112300 0.224100 0.139200 0.138600 0.106200 0.094000 0.125200 0.131400 0.159100 0.117500 0.117000 0.140600 0.179400 0.116200 0.104500 0.115500 0.113200 0.148000 0.193300 0.040500 0.041100
KillerWhal 0.406000 0.414000 0.403700 0.000000 0.473600 0.392600 0.420000 0.382600 0.379300 0.342000 0.428300 0.387700 0.426400 0.360600 0.420700 0.363800 0.319700 0.366000 0.400700 0.428600 0.345100 0.411000 0.301500 0.376800 0.429000 0.400500 0.447500 0.406300 0.390000 0.416600 0.379100 0.361000 0.381600 0.462300 0.466000 0.456600 0.403400 0.425400 0.379400 0.362800 0.347300 0.405900 0.393400 0.346100 0.467500 0.356100 0.414300 0.380900 0.443000 0.436500 0.416400 0.424200
DefassaWat 0.143800 0.488000 0.155200 0.473600 0.000000 0.133300 0.118800 0.136300 0.133500 0.200400 0.163500 0.143700 0.119600 0.107600 0.115400 0.184600 0.208400 0.193000 0.131100 0.154700 0.112200 0.151900 0.178300 0.184700 0.141700 0.143100 0.110200 0.145500 0.161800 0.132900 0.204300 0.107700 0.216200 0.166500 0.121500 0.157100 0.121500 0.028600 0.159300 0.258300 0.192200 0.122400 0.216000 0.183700 0.144400 0.131700 0.099800 0.174000 0.174900 0.245300 0.132800 0.157400
Sheep 0.010100 0.418300 0.105800 0.392600 0.133300 0.000000 0.124300 0.107800 0.062000 0.173000 0.070900 0.093800 0.070700 0.112500 0.152700 0.092200 0.182600 0.190500 0.040000 0.116200 0.106300 0.060200 0.151200 0.204600 0.050400 0.115700 0.061000 0.095700 0.134700 0.105800 0.152800 0.112600 0.250500 0.093800 0.071700 0.129200 0.030200 0.103500 0.131900 0.208400 0.164800 0.095100 0.164500 0.203400 0.139300 0.104200 0.115200 0.114900 0.148700 0.218800 0.105700 0.107400
MaxwellsDu 0.112700 0.466900 0.146300 0.420000 0.118800 0.124300 0.000000 0.126800 0.102700 0.204100 0.132500 0.157100 0.154400 0.067800 0.148500 0.153600 0.211900 0.219400 0.122100 0.145800 0.103000 0.143100 0.158600 0.211100 0.111100 0.156400 0.144900 0.136400 0.153100 0.146200 0.208300 0.067900 0.231000 0.157300 0.156500 0.170900 0.112500 0.100000 0.150000 0.238100 0.195800 0.135300 0.220300 0.186700 0.180800 0.101200 0.111900 0.153700 0.143500 0.274400 0.146100 0.148400
GazellaPrz 0.118700 0.428700 0.108000 0.382600 0.136300 0.107800 0.126800 0.000000 0.063400 0.166000 0.139500 0.096900 0.116600 0.092800 0.144900 0.093200 0.151700 0.183500 0.105800 0.118500 0.063100 0.127400 0.143100 0.173800 0.117400 0.073200 0.106600 0.097700 0.092500 0.107900 0.145200 0.092900 0.219600 0.142200 0.118400 0.108800 0.095700 0.105900 0.064600 0.201200 0.133000 0.052000 0.157100 0.172800 0.107400 0.061900 0.051300 0.116400 0.083200 0.186600 0.107800 0.109600
MountainNy 0.072500 0.403100 0.062200 0.379300 0.133500 0.062000 0.102700 0.063400 0.000000 0.116200 0.092600 0.072300 0.092400 0.070200 0.153000 0.050100 0.148600 0.179800 0.060900 0.072400 0.084200 0.081400 0.094900 0.170300 0.071700 0.072200 0.082600 0.052100 0.070300 0.062100 0.096000 0.070300 0.215000 0.094100 0.093600 0.106700 0.051000 0.103700 0.086100 0.149600 0.107200 0.052000 0.107100 0.169200 0.116700 0.061300 0.071900 0.092500 0.104100 0.184400 0.083800 0.085200
MuntiacusM 0.184300 0.443100 0.149400 0.342000 0.200400 0.173000 0.204100 0.166000 0.116200 0.000000 0.181100 0.114500 0.180800 0.145000 0.173100 0.146100 0.134600 0.165000 0.169800 0.159700 0.163500 0.168600 0.061100 0.111900 0.182300 0.149800 0.171200 0.139400 0.123000 0.149300 0.020200 0.145100 0.176100 0.184400 0.159600 0.105200 0.160000 0.170200 0.192100 0.135500 0.072600 0.150500 0.030400 0.111300 0.137700 0.160300 0.172100 0.168900 0.195800 0.227000 0.172800 0.175600
goat 0.060200 0.458100 0.137000 0.428300 0.163500 0.070900 0.132500 0.139500 0.092600 0.181100 0.000000 0.124500 0.100600 0.121000 0.160700 0.122500 0.190500 0.198200 0.069700 0.147300 0.160400 0.069800 0.159600 0.212300 0.019500 0.124600 0.091100 0.127100 0.143200 0.137000 0.161200 0.121100 0.282600 0.102500 0.102000 0.138000 0.040600 0.134000 0.164100 0.216100 0.173000 0.125200 0.172700 0.211000 0.148000 0.113100 0.146100 0.167300 0.134600 0.250600 0.136900 0.139100
AfricanBuf 0.104400 0.434200 0.093700 0.387700 0.143700 0.093800 0.157100 0.096900 0.072300 0.114500 0.124500 0.000000 0.081100 0.122600 0.140400 0.124100 0.146300 0.177000 0.092100 0.103900 0.116900 0.112900 0.138100 0.144800 0.103300 0.104200 0.092800 0.083700 0.101500 0.093700 0.094600 0.101200 0.211600 0.126900 0.082200 0.072600 0.082300 0.114000 0.096700 0.193900 0.128400 0.083300 0.105500 0.122000 0.104400 0.114600 0.082100 0.101900 0.125800 0.204200 0.093600 0.095100
Topi 0.081000 0.426100 0.136700 0.426400 0.119600 0.070700 0.154400 0.116600 0.092400 0.180800 0.100600 0.081100 0.000000 0.142300 0.139000 0.143900 0.190300 0.197900 0.069500 0.146900 0.137300 0.069000 0.182300 0.212000 0.080100 0.124300 0.009900 0.126700 0.142800 0.136600 0.161000 0.142500 0.257200 0.060200 0.080600 0.115200 0.059900 0.090500 0.117400 0.239800 0.172800 0.103100 0.172400 0.187500 0.125100 0.134600 0.123700 0.166800 0.156800 0.250200 0.136500 0.138700
CommonDuik 0.122900 0.480400 0.112200 0.360600 0.107600 0.112500 0.067800 0.092800 0.070200 0.145000 0.121000 0.122600 0.142300 0.000000 0.096000 0.120000 0.153400 0.183600 0.110600 0.111900 0.081200 0.109900 0.102100 0.152800 0.121100 0.122200 0.132900 0.102500 0.119500 0.112200 0.147800 0.018800 0.194700 0.167700 0.144300 0.135500 0.101000 0.088900 0.115000 0.177300 0.136300 0.101600 0.159000 0.130300 0.145400 0.069200 0.079500 0.120200 0.131600 0.211300 0.112100 0.113800
Suni 0.163200 0.497100 0.152300 0.420700 0.115400 0.152700 0.148500 0.144900 0.153000 0.173100 0.160700 0.140400 0.139000 0.096000 0.000000 0.193600 0.181900 0.167600 0.150200 0.151900 0.143000 0.128000 0.152000 0.180400 0.161600 0.152400 0.129700 0.142800 0.170100 0.130500 0.176500 0.116300 0.222900 0.163600 0.140700 0.131500 0.140700 0.107700 0.168800 0.229300 0.164900 0.131200 0.187600 0.157800 0.119700 0.140300 0.108600 0.181500 0.184100 0.239000 0.130400 0.154400
Springbuck 0.102600 0.437000 0.113500 0.363800 0.184600 0.092200 0.153600 0.093200 0.050100 0.146100 0.122500 0.124100 0.143900 0.120000 0.193600 0.000000 0.177600 0.185400 0.111700 0.123600 0.092000 0.132600 0.125000 0.224400 0.101100 0.079900 0.134400 0.103600 0.057900 0.113400 0.126400 0.120100 0.219800 0.146500 0.145700 0.137500 0.080900 0.155100 0.115600 0.178800 0.137600 0.080700 0.137500 0.223200 0.147400 0.069600 0.100900 0.121800 0.110900 0.214000 0.135700 0.137800
Okapi 0.193700 0.418500 0.158000 0.319700 0.208400 0.182600 0.211900 0.151700 0.148600 0.134600 0.190500 0.146300 0.190300 0.153400 0.181900 0.177600 0.000000 0.047800 0.156500 0.168400 0.172900 0.178100 0.091600 0.142600 0.190800 0.158500 0.180700 0.148200 0.177100 0.157900 0.114900 0.153500 0.140100 0.218300 0.193000 0.160000 0.169600 0.178400 0.175900 0.121900 0.060900 0.160000 0.125800 0.141800 0.170000 0.169400 0.158000 0.177300 0.191300 0.236300 0.157800 0.160400
Giraffe 0.201400 0.437500 0.188000 0.366000 0.193000 0.190500 0.219400 0.183500 0.179800 0.165000 0.198200 0.177000 0.197900 0.183600 0.167600 0.185400 0.047800 0.000000 0.164500 0.199100 0.204600 0.185900 0.121600 0.172600 0.198500 0.166600 0.188500 0.178300 0.207900 0.165100 0.145600 0.183700 0.148100 0.225800 0.177500 0.191300 0.177500 0.186200 0.208100 0.151900 0.090900 0.168100 0.156600 0.171700 0.177900 0.200500 0.166100 0.208000 0.222400 0.268000 0.165000 0.190700
TibetanAnt 0.050100 0.440900 0.104000 0.400700 0.131100 0.040000 0.122100 0.105800 0.060900 0.169800 0.069700 0.092100 0.069500 0.110600 0.150200 0.111700 0.156500 0.164500 0.000000 0.114100 0.126500 0.059200 0.148400 0.201000 0.049600 0.113700 0.061000 0.094000 0.132300 0.103900 0.149900 0.110700 0.246100 0.092100 0.070500 0.126900 0.029600 0.101700 0.129400 0.204600 0.161600 0.092600 0.161300 0.199800 0.136800 0.102400 0.113200 0.134000 0.146000 0.227400 0.103800 0.105500
Sitatunga 0.127000 0.457900 0.030100 0.428600 0.154700 0.116200 0.145800 0.118500 0.072400 0.159700 0.147300 0.103900 0.146900 0.111900 0.151900 0.123600 0.168400 0.199100 0.114100 0.000000 0.139600 0.135400 0.115400 0.179900 0.125000 0.148800 0.137200 0.020200 0.145200 0.030100 0.139600 0.112000 0.223400 0.149600 0.148900 0.116500 0.104200 0.124800 0.142100 0.169300 0.127900 0.127400 0.151000 0.178900 0.126500 0.114700 0.115100 0.123500 0.135700 0.203700 0.050700 0.051500
Oribi 0.117200 0.439200 0.129200 0.345100 0.112200 0.106300 0.103000 0.063100 0.084200 0.163500 0.160400 0.116900 0.137300 0.081200 0.143000 0.092000 0.172900 0.204600 0.126500 0.139600 0.000000 0.148100 0.140900 0.195000 0.138300 0.093800 0.127500 0.119000 0.091400 0.129100 0.167000 0.081300 0.216500 0.163600 0.139200 0.130200 0.116500 0.104200 0.085700 0.223000 0.154600 0.072500 0.178900 0.170300 0.140400 0.061000 0.071600 0.114900 0.103600 0.209100 0.129000 0.131100
BarbaryShe 0.070500 0.471100 0.125200 0.411000 0.151900 0.060200 0.143100 0.127400 0.081400 0.168600 0.069800 0.112900 0.069000 0.109900 0.128000 0.132600 0.178100 0.185900 0.059200 0.135400 0.148100 0.000000 0.147300 0.199600 0.069600 0.134800 0.059500 0.115300 0.153300 0.125100 0.148800 0.110000 0.268200 0.091400 0.090800 0.125900 0.049900 0.122400 0.151500 0.203200 0.160400 0.113500 0.160100 0.198500 0.135800 0.123300 0.134300 0.155200 0.167600 0.223600 0.125000 0.127000
Daviddeer 0.162300 0.428800 0.105100 0.301500 0.178300 0.151200 0.158600 0.143100 0.094900 0.061100 0.159600 0.138100 0.182300 0.102100 0.152000 0.125000 0.091600 0.121600 0.148400 0.115400 0.140900 0.147300 0.000000 0.112600 0.160600 0.151300 0.172700 0.095100 0.123900 0.105100 0.062400 0.102200 0.154300 0.185800 0.184900 0.128800 0.138500 0.148100 0.168500 0.071100 0.031000 0.151700 0.073100 0.091500 0.139200 0.115700 0.149700 0.147500 0.184600 0.204100 0.127600 0.129700
Reindeer 0.215800 0.483300 0.180500 0.376800 0.184700 0.204600 0.211100 0.173800 0.170300 0.111900 0.212300 0.144800 0.212000 0.152800 0.180400 0.224400 0.142600 0.172600 0.201000 0.179900 0.195000 0.199600 0.112600 0.000000 0.213700 0.181400 0.202500 0.170600 0.222700 0.180400 0.113800 0.153000 0.183700 0.240800 0.215000 0.135900 0.191200 0.177700 0.175400 0.144100 0.103000 0.181800 0.125000 0.057900 0.168900 0.191100 0.156700 0.176300 0.179600 0.210700 0.180300 0.160000
Ibex 0.039900 0.458000 0.114800 0.429000 0.141700 0.050400 0.111100 0.117400 0.071700 0.182300 0.019500 0.103300 0.080100 0.121100 0.161600 0.101100 0.190800 0.198500 0.049600 0.125000 0.138300 0.069600 0.160600 0.213700 0.000000 0.102800 0.070500 0.104900 0.122200 0.114800 0.162300 0.121300 0.258000 0.081600 0.081200 0.116200 0.019700 0.112300 0.140800 0.216400 0.174200 0.103800 0.173900 0.212400 0.126200 0.092100 0.124600 0.144900 0.112800 0.252400 0.114700 0.116500
GyrantGaze 0.126500 0.448000 0.138400 0.400500 0.143100 0.115700 0.156400 0.073200 0.072200 0.149800 0.124600 0.104200 0.124300 0.122200 0.152400 0.079900 0.158500 0.166600 0.113700 0.148800 0.093800 0.134800 0.151300 0.181400 0.102800 0.000000 0.114600 0.128400 0.079700 0.115700 0.129600 0.122300 0.225000 0.149600 0.103800 0.095200 0.082300 0.135600 0.095400 0.183600 0.141400 0.040200 0.141000 0.180300 0.083300 0.070900 0.060400 0.146200 0.091500 0.243500 0.115700 0.140500
Hartebeest 0.071300 0.429100 0.126900 0.447500 0.110200 0.061000 0.144900 0.106600 0.082600 0.171200 0.091100 0.092800 0.009900 0.132900 0.129700 0.134400 0.180700 0.188500 0.061000 0.137200 0.127500 0.059500 0.172700 0.202500 0.070500 0.114600 0.000000 0.116900 0.133400 0.126800 0.151200 0.133000 0.247900 0.050500 0.071000 0.105400 0.050200 0.080900 0.130400 0.230200 0.163000 0.093300 0.162700 0.201300 0.115400 0.125000 0.114100 0.157300 0.147300 0.240700 0.126800 0.128800
Bongo 0.106600 0.434100 0.010100 0.406300 0.145500 0.095700 0.136400 0.097700 0.052100 0.139400 0.127100 0.083700 0.126700 0.102500 0.142800 0.103600 0.148200 0.178300 0.094000 0.020200 0.119000 0.115300 0.095100 0.170600 0.104900 0.128400 0.116900 0.000000 0.125300 0.010100 0.119100 0.102600 0.214300 0.129100 0.128500 0.096000 0.084000 0.115300 0.121100 0.149100 0.107400 0.106900 0.130500 0.169600 0.106200 0.094500 0.105500 0.103400 0.138000 0.183400 0.031100 0.031600
Gerenuk 0.145300 0.454800 0.135100 0.390000 0.161800 0.134700 0.153100 0.092500 0.070300 0.123000 0.143200 0.101500 0.142800 0.119500 0.170100 0.057900 0.177100 0.207900 0.132300 0.145200 0.091400 0.153300 0.123900 0.222700 0.122200 0.079700 0.133400 0.125300 0.000000 0.135000 0.125500 0.098700 0.219300 0.145500 0.122600 0.136500 0.101300 0.132600 0.115200 0.201400 0.136600 0.080100 0.136500 0.197900 0.146300 0.069100 0.079300 0.165300 0.110700 0.236100 0.157700 0.160200
CommonElan 0.116600 0.444800 0.020400 0.416600 0.132900 0.105800 0.146200 0.107900 0.062100 0.149300 0.137000 0.093700 0.136600 0.112200 0.130500 0.113400 0.157900 0.165100 0.103900 0.030100 0.129100 0.125100 0.105100 0.180400 0.114800 0.115700 0.126800 0.010100 0.135000 0.000000 0.129200 0.112300 0.224000 0.139100 0.115900 0.106100 0.094000 0.125200 0.131400 0.159100 0.117500 0.094600 0.140500 0.179300 0.094000 0.104400 0.093400 0.113200 0.147900 0.193200 0.020400 0.041000
MuntiacusR 0.164100 0.420300 0.129200 0.379100 0.204300 0.152800 0.208300 0.145200 0.096000 0.020200 0.161200 0.094600 0.161000 0.147800 0.176500 0.126400 0.114900 0.145600 0.149900 0.139600 0.167000 0.148800 0.062400 0.113800 0.162300 0.129600 0.151200 0.119100 0.125500 0.129200 0.000000 0.148000 0.203000 0.164200 0.139600 0.085000 0.139900 0.173700 0.171100 0.115700 0.052400 0.130300 0.010400 0.113500 0.117600 0.163600 0.151900 0.149100 0.175600 0.207100 0.152600 0.155100
HarveysDui 0.123000 0.480700 0.112300 0.361000 0.107700 0.112600 0.067900 0.092900 0.070300 0.145100 0.121100 0.101200 0.142500 0.018800 0.116300 0.120100 0.153500 0.183700 0.110700 0.112000 0.081300 0.110000 0.102200 0.153000 0.121300 0.122300 0.133000 0.102600 0.098700 0.112300 0.148000 0.000000 0.195000 0.167800 0.122400 0.135700 0.101100 0.089000 0.115100 0.177600 0.136400 0.101700 0.159200 0.130400 0.145600 0.069300 0.059100 0.120300 0.131900 0.211600 0.112200 0.113900
Pronghorn 0.262000 0.521900 0.224100 0.381600 0.216200 0.250500 0.231000 0.219600 0.215000 0.176100 0.282600 0.211600 0.257200 0.194700 0.222900 0.219800 0.140100 0.148100 0.246100 0.223400 0.216500 0.268200 0.154300 0.183700 0.258000 0.225000 0.247900 0.214300 0.219300 0.224000 0.203000 0.195000 0.000000 0.263000 0.261100 0.227100 0.236300 0.197500 0.245200 0.208100 0.167500 0.227000 0.214600 0.182600 0.237000 0.212100 0.200600 0.219700 0.259100 0.331000 0.223900 0.227400
BlueWildeb 0.083000 0.465900 0.139200 0.462300 0.166500 0.093800 0.157300 0.142200 0.094100 0.184400 0.102500 0.126900 0.060200 0.167700 0.163600 0.146500 0.218300 0.225800 0.092100 0.149600 0.163600 0.091400 0.185800 0.240800 0.081600 0.149600 0.050500 0.129100 0.145500 0.139100 0.164200 0.167800 0.263000 0.000000 0.103800 0.140600 0.082300 0.136500 0.167400 0.244300 0.176100 0.127600 0.176000 0.239300 0.150600 0.148900 0.148900 0.193800 0.159900 0.254900 0.162600 0.165200
Gemsbok 0.082200 0.428400 0.138600 0.466000 0.121500 0.071700 0.156500 0.118400 0.093600 0.159600 0.102000 0.082200 0.080600 0.144300 0.140700 0.145700 0.193000 0.177500 0.070500 0.148900 0.139200 0.090800 0.184900 0.215000 0.081200 0.103800 0.071000 0.128500 0.122600 0.115900 0.139600 0.122400 0.261100 0.103800 0.000000 0.116600 0.060700 0.113500 0.142400 0.243700 0.175200 0.082600 0.150900 0.213800 0.104800 0.136400 0.081800 0.169100 0.159000 0.242000 0.115800 0.140700
Yak 0.140200 0.454000 0.106200 0.456600 0.157100 0.129200 0.170900 0.108800 0.106700 0.105200 0.138000 0.072600 0.115200 0.135500 0.131500 0.137500 0.160000 0.191300 0.126900 0.116500 0.130200 0.125900 0.128800 0.135900 0.116200 0.095200 0.105400 0.096000 0.136500 0.106100 0.085000 0.135700 0.227100 0.140600 0.116600 0.000000 0.094700 0.126800 0.133200 0.185300 0.118900 0.117900 0.096000 0.135100 0.031000 0.105200 0.116400 0.114300 0.116300 0.219500 0.106000 0.107800
BlueSheep 0.040300 0.429900 0.094000 0.403400 0.121500 0.030200 0.112500 0.095700 0.051000 0.160000 0.040600 0.082300 0.059900 0.101000 0.140700 0.080900 0.169600 0.177500 0.029600 0.104200 0.116500 0.049900 0.138500 0.191200 0.019700 0.082300 0.050200 0.084000 0.101300 0.094000 0.139900 0.101100 0.236300 0.082300 0.060700 0.094700 0.000000 0.091900 0.119200 0.194600 0.151600 0.082700 0.151300 0.190100 0.104700 0.071600 0.103400 0.124200 0.114200 0.228900 0.093900 0.095400
BohorReedb 0.114000 0.437100 0.125200 0.425400 0.028600 0.103500 0.100000 0.105900 0.103700 0.170200 0.134000 0.114000 0.090500 0.088900 0.107700 0.155100 0.178400 0.186200 0.101700 0.124800 0.104200 0.122400 0.148100 0.177700 0.112300 0.135600 0.080900 0.115300 0.132600 0.125200 0.173700 0.089000 0.197500 0.136500 0.113500 0.126800 0.091900 0.000000 0.128600 0.227300 0.161600 0.114600 0.185400 0.154200 0.136700 0.102200 0.091600 0.155300 0.145300 0.239200 0.125100 0.127100
KirksDik 0.143100 0.447200 0.131400 0.379400 0.159300 0.131900 0.150000 0.064600 0.086100 0.192100 0.164100 0.096700 0.117400 0.115000 0.168800 0.115600 0.175900 0.208100 0.129400 0.142100 0.085700 0.151500 0.168500 0.175400 0.140800 0.095400 0.130400 0.121100 0.115200 0.131400 0.171100 0.115100 0.245200 0.167400 0.142400 0.133200 0.119200 0.128600 0.000000 0.202000 0.158400 0.074200 0.183400 0.150700 0.143600 0.084000 0.073200 0.139500 0.083500 0.214000 0.131300 0.110100
RoeDeer 0.219800 0.466400 0.159100 0.362800 0.258300 0.208400 0.238100 0.201200 0.149600 0.135500 0.216100 0.193900 0.239800 0.177300 0.229300 0.178800 0.121900 0.151900 0.204600 0.169300 0.223000 0.203200 0.071100 0.144100 0.216400 0.183600 0.230200 0.149100 0.201400 0.159100 0.115700 0.177600 0.208100 0.244300 0.243700 0.185300 0.194600 0.227300 0.202000 0.000000 0.082500 0.209300 0.126600 0.143300 0.195500 0.194600 0.206700 0.202300 0.216800 0.237800 0.182700 0.162000
WhiteLippe 0.176100 0.418700 0.117500 0.347300 0.192200 0.164800 0.195800 0.133000 0.107200 0.072600 0.173000 0.128400 0.172800 0.136300 0.164900 0.137600 0.060900 0.090900 0.161600 0.127900 0.154600 0.160400 0.031000 0.103000 0.174200 0.141400 0.163000 0.107400 0.136600 0.117500 0.052400 0.136400 0.167500 0.176100 0.175200 0.118900 0.151600 0.161600 0.158400 0.082500 0.000000 0.141900 0.063100 0.102400 0.129000 0.151500 0.140000 0.160700 0.174900 0.194700 0.140600 0.142900
ThomsonGaz 0.104900 0.455400 0.117000 0.405900 0.122400 0.095100 0.135300 0.052000 0.052000 0.150500 0.125200 0.083300 0.103100 0.101600 0.131200 0.080700 0.160000 0.168100 0.092600 0.127400 0.072500 0.113500 0.151700 0.181800 0.103800 0.040200 0.093300 0.106900 0.080100 0.094600 0.130300 0.101700 0.227000 0.127600 0.082600 0.117900 0.082700 0.114600 0.074200 0.209300 0.141900 0.000000 0.141800 0.180700 0.105400 0.071100 0.040100 0.125100 0.092300 0.219600 0.094500 0.118700
MuntiacusC 0.175800 0.436300 0.140600 0.393400 0.216000 0.164500 0.220300 0.157100 0.107100 0.030400 0.172700 0.105500 0.172400 0.159000 0.187600 0.137500 0.125800 0.156600 0.161300 0.151000 0.178900 0.160100 0.073100 0.125000 0.173900 0.141000 0.162700 0.130500 0.136500 0.140500 0.010400 0.159200 0.214600 0.176000 0.150900 0.096000 0.151300 0.185400 0.183400 0.126600 0.063100 0.141800 0.000000 0.124200 0.128800 0.173600 0.163500 0.160500 0.187500 0.219000 0.164200 0.166900
WhiteTaile 0.214500 0.466400 0.179400 0.346100 0.183700 0.203400 0.186700 0.172800 0.169200 0.111300 0.211000 0.122000 0.187500 0.130300 0.157800 0.223200 0.141800 0.171700 0.199800 0.178900 0.170300 0.198500 0.091500 0.057900 0.212400 0.180300 0.201300 0.169600 0.197900 0.179300 0.113500 0.130400 0.182600 0.239300 0.213800 0.135100 0.190100 0.154200 0.150700 0.143300 0.102400 0.180700 0.124200 0.000000 0.167900 0.166900 0.155800 0.175300 0.178500 0.233100 0.179200 0.159000
Cattle 0.150300 0.465100 0.116200 0.467500 0.144400 0.139300 0.180800 0.107400 0.116700 0.137700 0.148000 0.104400 0.125100 0.145400 0.119700 0.147400 0.170000 0.177900 0.136800 0.126500 0.140400 0.135800 0.139200 0.168900 0.126200 0.083300 0.115400 0.106200 0.146300 0.094000 0.117600 0.145600 0.237000 0.150600 0.104800 0.031000 0.104700 0.136700 0.143600 0.195500 0.129000 0.105400 0.128800 0.167900 0.000000 0.115200 0.104100 0.146700 0.137400 0.229600 0.093900 0.118000
RoyalAntel 0.114900 0.481800 0.104500 0.356100 0.131700 0.104200 0.101200 0.061900 0.061300 0.160300 0.113100 0.114600 0.134600 0.069200 0.140300 0.069600 0.169400 0.200500 0.102400 0.114700 0.061000 0.123300 0.115700 0.191100 0.092100 0.070900 0.125000 0.094500 0.069100 0.104400 0.163600 0.069300 0.212100 0.148900 0.136400 0.105200 0.071600 0.102200 0.084000 0.194600 0.151500 0.071100 0.173600 0.166900 0.115200 0.000000 0.070300 0.112700 0.080600 0.228800 0.104300 0.106000
Steenbok 0.125900 0.463900 0.115500 0.414300 0.099800 0.115200 0.111900 0.051300 0.071900 0.172100 0.146100 0.082100 0.123700 0.079500 0.108600 0.100900 0.158000 0.166100 0.113200 0.115100 0.071600 0.134300 0.149700 0.156700 0.124600 0.060400 0.114100 0.105500 0.079300 0.093400 0.151900 0.059100 0.200600 0.148900 0.081800 0.116400 0.103400 0.091600 0.073200 0.206700 0.140000 0.040100 0.163500 0.155800 0.104100 0.070300 0.000000 0.123600 0.091200 0.216800 0.093400 0.117200
Impala 0.125600 0.438500 0.113200 0.380900 0.174000 0.114900 0.153700 0.116400 0.092500 0.168900 0.167300 0.101900 0.166800 0.120200 0.181500 0.121800 0.177300 0.208000 0.134000 0.123500 0.114900 0.155200 0.147500 0.176300 0.144900 0.146200 0.157300 0.103400 0.165300 0.113200 0.149100 0.120300 0.219700 0.193800 0.169100 0.114300 0.124200 0.155300 0.139500 0.202300 0.160700 0.125100 0.160500 0.175300 0.146700 0.112700 0.123600 0.000000 0.144800 0.213500 0.113100 0.114900
Klipspring 0.136600 0.514800 0.148000 0.443000 0.174900 0.148700 0.143500 0.083200 0.104100 0.195800 0.134600 0.125800 0.156800 0.131600 0.184100 0.110900 0.191300 0.222400 0.146000 0.135700 0.103600 0.167600 0.184600 0.179600 0.112800 0.091500 0.147300 0.138000 0.110700 0.147900 0.175600 0.131900 0.259100 0.159900 0.159000 0.116300 0.114200 0.145300 0.083500 0.216800 0.174900 0.092300 0.187500 0.178500 0.137400 0.080600 0.091200 0.144800 0.000000 0.228800 0.147800 0.127400
ForestMusk 0.230200 0.463500 0.193300 0.436500 0.245300 0.218800 0.274400 0.186600 0.184400 0.227000 0.250600 0.204200 0.250200 0.211300 0.239000 0.214000 0.236300 0.268000 0.227400 0.203700 0.209100 0.223600 0.204100 0.210700 0.252400 0.243500 0.240700 0.183400 0.236100 0.193200 0.207100 0.211600 0.331000 0.254900 0.242000 0.219500 0.228900 0.239200 0.214000 0.237800 0.194700 0.219600 0.219000 0.233100 0.229600 0.228800 0.216800 0.213500 0.228800 0.000000 0.217600 0.184100
Bushbuck 0.116500 0.481000 0.040500 0.416400 0.132800 0.105700 0.146100 0.107800 0.083800 0.172800 0.136900 0.093600 0.136500 0.112100 0.130400 0.135700 0.157800 0.165000 0.103800 0.050700 0.129000 0.125000 0.127600 0.180300 0.114700 0.115700 0.126800 0.031100 0.157700 0.020400 0.152600 0.112200 0.223900 0.162600 0.115800 0.106000 0.093900 0.125100 0.131300 0.182700 0.140600 0.094500 0.164200 0.179200 0.093900 0.104300 0.093400 0.113100 0.147800 0.217600 0.000000 0.041600
GreaterKud 0.118400 0.491700 0.041100 0.424200 0.157400 0.107400 0.148400 0.109600 0.085200 0.175600 0.139100 0.095100 0.138700 0.113800 0.154400 0.137800 0.160400 0.190700 0.105500 0.051500 0.131100 0.127000 0.129700 0.160000 0.116500 0.140500 0.128800 0.031600 0.160200 0.041000 0.155100 0.113900 0.227400 0.165200 0.140700 0.107800 0.095400 0.127100 0.110100 0.162000 0.142900 0.118700 0.166900 0.159000 0.118000 0.106000 0.117200 0.114900 0.127400 0.184100 0.041600 0.000000
