CODONML (in paml version 4.10.7, June 2023)  /home/rachel/ruminants_paml/6406-phy-tree/ENSBTAT00000011940.fasta.phy
Model: free dN/dS Ratios for branches,  kappa = 2.000 fixed

Codon frequency model: F3x4
ns =  54  ls = 143

Codon usage in sequences
--------------------------------------------------------------------------------------------------------------------------------------
Phe TTT   0   1   0   1   0   0 | Ser TCT   1   1   1   1   1   1 | Tyr TAT   5   5   5   5   5   5 | Cys TGT   1   1   1   1   1   1
    TTC   3   3   3   2   3   3 |     TCC   3   3   3   3   3   3 |     TAC   2   2   2   2   2   2 |     TGC   1   1   1   1   1   1
Leu TTA   2   2   2   2   2   2 |     TCA   1   1   1   1   1   1 | *** TAA   0   0   0   0   0   0 | *** TGA   0   0   0   0   0   0
    TTG   0   0   0   0   0   0 |     TCG   0   0   0   0   0   0 |     TAG   0   0   0   0   0   0 | Trp TGG   2   2   2   2   2   2
--------------------------------------------------------------------------------------------------------------------------------------
Leu CTT   6   5   6   6   6   6 | Pro CCT   2   2   2   2   3   3 | His CAT   3   3   3   3   3   3 | Arg CGT   1   1   1   1   1   1
    CTC   1   3   1   1   1   1 |     CCC   3   2   3   3   2   2 |     CAC   1   1   1   1   1   1 |     CGC   0   0   0   0   0   0
    CTA   1   2   1   1   1   1 |     CCA   4   5   4   4   4   4 | Gln CAA   1   1   1   1   1   1 |     CGA   3   1   3   3   3   3
    CTG   4   2   4   4   4   4 |     CCG   0   0   0   0   0   0 |     CAG   3   3   3   3   3   3 |     CGG   0   1   0   0   0   0
--------------------------------------------------------------------------------------------------------------------------------------
Ile ATT   5   4   5   5   5   5 | Thr ACT   2   3   2   2   2   2 | Asn AAT   8   8   8   8   8   9 | Ser AGT   1   0   1   1   1   1
    ATC   2   3   2   2   2   2 |     ACC   1   1   1   1   1   1 |     AAC   4   4   4   4   4   3 |     AGC   3   3   3   3   3   3
    ATA   0   0   0   0   0   0 |     ACA   2   2   2   2   3   2 | Lys AAA   1   1   1   2   1   1 | Arg AGA   3   4   3   3   3   3
Met ATG   6   6   6   6   5   6 |     ACG   1   1   1   1   1   1 |     AAG   5   5   5   4   5   5 |     AGG   1   1   1   1   1   1
--------------------------------------------------------------------------------------------------------------------------------------
Val GTT   3   4   3   3   4   4 | Ala GCT   3   3   3   3   3   3 | Asp GAT   7   7   7   7   7   7 | Gly GGT   0   0   0   0   0   0
    GTC   2   1   2   2   2   2 |     GCC   5   5   5   5   5   5 |     GAC   0   0   0   0   0   0 |     GGC   0   1   0   0   1   1
    GTA   7   6   7   7   5   6 |     GCA   6   5   6   6   6   6 | Glu GAA   2   2   2   2   2   2 |     GGA   4   3   4   4   3   3
    GTG   3   3   3   3   4   3 |     GCG   1   2   1   1   1   1 |     GAG   0   0   0   0   0   0 |     GGG   1   1   1   1   1   1
--------------------------------------------------------------------------------------------------------------------------------------

--------------------------------------------------------------------------------------------------------------------------------------
Phe TTT   0   0   0   0   0   0 | Ser TCT   1   1   1   1   1   1 | Tyr TAT   5   5   5   5   5   5 | Cys TGT   1   1   1   1   1   1
    TTC   3   3   3   3   3   2 |     TCC   3   3   3   3   3   3 |     TAC   2   2   2   2   2   2 |     TGC   1   1   1   1   1   1
Leu TTA   2   2   2   2   2   2 |     TCA   1   1   1   1   1   1 | *** TAA   0   0   0   0   0   0 | *** TGA   0   0   0   0   0   0
    TTG   0   0   0   0   0   0 |     TCG   0   0   0   0   0   0 |     TAG   0   0   0   0   0   0 | Trp TGG   2   2   2   2   2   2
--------------------------------------------------------------------------------------------------------------------------------------
Leu CTT   5   6   6   6   6   5 | Pro CCT   2   2   2   2   2   2 | His CAT   3   3   3   3   3   3 | Arg CGT   1   1   1   1   1   1
    CTC   2   1   1   1   1   2 |     CCC   3   3   3   3   3   3 |     CAC   1   1   1   1   1   1 |     CGC   0   0   0   0   0   0
    CTA   1   1   1   2   1   1 |     CCA   4   4   4   4   4   4 | Gln CAA   1   1   1   1   1   2 |     CGA   3   3   3   3   3   2
    CTG   4   4   4   3   4   5 |     CCG   0   0   0   0   0   0 |     CAG   3   3   3   3   3   3 |     CGG   0   0   0   0   0   0
--------------------------------------------------------------------------------------------------------------------------------------
Ile ATT   5   5   5   5   5   5 | Thr ACT   2   2   2   2   2   3 | Asn AAT   8   8   8   8   8   8 | Ser AGT   1   1   1   1   1   1
    ATC   2   2   2   2   2   1 |     ACC   1   1   1   1   1   2 |     AAC   4   4   4   4   4   4 |     AGC   3   3   3   3   3   3
    ATA   0   0   0   0   0   0 |     ACA   2   2   2   2   2   1 | Lys AAA   1   1   1   1   1   1 | Arg AGA   3   3   3   3   3   3
Met ATG   6   6   6   5   6   6 |     ACG   1   1   1   1   1   1 |     AAG   5   5   5   5   5   5 |     AGG   1   1   1   1   1   1
--------------------------------------------------------------------------------------------------------------------------------------
Val GTT   3   3   3   3   3   3 | Ala GCT   3   3   3   3   3   3 | Asp GAT   7   7   7   7   7   7 | Gly GGT   0   0   0   0   0   0
    GTC   2   2   2   2   2   2 |     GCC   5   5   5   5   5   5 |     GAC   0   0   0   0   0   0 |     GGC   0   0   0   0   0   0
    GTA   9   7   7   7   7   6 |     GCA   6   6   7   6   6   6 | Glu GAA   2   2   2   2   2   2 |     GGA   4   4   4   4   4   4
    GTG   1   3   3   4   3   4 |     GCG   1   1   0   1   1   1 |     GAG   0   0   0   0   0   0 |     GGG   1   1   1   1   1   1
--------------------------------------------------------------------------------------------------------------------------------------

--------------------------------------------------------------------------------------------------------------------------------------
Phe TTT   0   0   0   0   0   0 | Ser TCT   1   1   1   1   1   1 | Tyr TAT   5   5   5   5   5   5 | Cys TGT   1   1   1   1   1   1
    TTC   3   3   3   3   3   3 |     TCC   3   3   3   3   3   3 |     TAC   2   2   2   2   2   2 |     TGC   1   1   1   1   1   1
Leu TTA   2   2   2   2   2   2 |     TCA   1   1   1   1   1   1 | *** TAA   0   0   0   0   0   0 | *** TGA   0   0   0   0   0   0
    TTG   0   0   1   0   0   0 |     TCG   0   0   0   0   0   0 |     TAG   0   0   0   0   0   0 | Trp TGG   2   2   2   2   2   2
--------------------------------------------------------------------------------------------------------------------------------------
Leu CTT   6   6   6   6   7   6 | Pro CCT   2   2   2   2   2   2 | His CAT   3   3   3   3   3   3 | Arg CGT   1   1   1   1   1   1
    CTC   1   1   1   1   1   1 |     CCC   3   3   3   3   3   3 |     CAC   1   1   1   1   1   1 |     CGC   0   0   0   0   0   0
    CTA   1   1   1   1   1   1 |     CCA   4   4   4   4   4   4 | Gln CAA   1   1   1   1   1   1 |     CGA   3   3   3   3   3   3
    CTG   4   4   3   4   3   4 |     CCG   0   0   0   0   0   0 |     CAG   3   3   3   3   3   3 |     CGG   0   0   0   0   0   0
--------------------------------------------------------------------------------------------------------------------------------------
Ile ATT   5   5   5   5   5   5 | Thr ACT   2   2   2   2   2   2 | Asn AAT   8   8   8   7   8   8 | Ser AGT   1   1   1   2   1   1
    ATC   2   2   2   2   3   3 |     ACC   1   1   1   1   1   1 |     AAC   4   4   4   4   4   4 |     AGC   3   3   3   3   3   3
    ATA   0   0   0   0   0   0 |     ACA   2   2   2   2   2   2 | Lys AAA   1   1   1   1   1   1 | Arg AGA   3   3   3   3   3   3
Met ATG   6   6   6   6   6   6 |     ACG   1   1   1   1   1   1 |     AAG   5   5   5   5   5   5 |     AGG   1   1   1   1   1   1
--------------------------------------------------------------------------------------------------------------------------------------
Val GTT   3   3   3   3   3   3 | Ala GCT   3   3   3   3   3   3 | Asp GAT   7   7   7   7   7   7 | Gly GGT   0   0   0   0   0   0
    GTC   2   2   2   2   1   1 |     GCC   5   5   5   5   5   5 |     GAC   0   0   0   0   0   0 |     GGC   0   0   0   0   0   0
    GTA   7   7   7   7   7   7 |     GCA   6   6   7   7   6   6 | Glu GAA   2   2   2   2   2   2 |     GGA   4   4   4   4   4   4
    GTG   3   3   3   3   3   3 |     GCG   1   1   0   0   1   1 |     GAG   0   0   0   0   0   0 |     GGG   1   1   1   1   1   1
--------------------------------------------------------------------------------------------------------------------------------------

--------------------------------------------------------------------------------------------------------------------------------------
Phe TTT   0   0   0   0   0   0 | Ser TCT   1   1   1   1   1   1 | Tyr TAT   5   5   5   5   6   5 | Cys TGT   1   1   1   1   1   1
    TTC   3   3   3   3   3   3 |     TCC   3   3   3   3   3   3 |     TAC   2   2   2   2   1   2 |     TGC   1   1   1   1   1   1
Leu TTA   2   2   2   2   2   2 |     TCA   1   1   1   1   1   1 | *** TAA   0   0   0   0   0   0 | *** TGA   0   0   0   0   0   0
    TTG   0   0   0   0   0   0 |     TCG   0   0   0   0   0   0 |     TAG   0   0   0   0   0   0 | Trp TGG   2   2   2   2   2   2
--------------------------------------------------------------------------------------------------------------------------------------
Leu CTT   6   6   6   6   6   6 | Pro CCT   2   2   2   2   2   2 | His CAT   3   3   3   3   3   3 | Arg CGT   1   1   1   1   1   1
    CTC   1   1   1   1   1   1 |     CCC   3   3   3   3   3   3 |     CAC   1   1   1   1   1   1 |     CGC   0   0   0   0   0   0
    CTA   2   2   1   1   1   1 |     CCA   4   4   4   4   4   4 | Gln CAA   1   1   1   1   1   1 |     CGA   3   3   3   3   3   3
    CTG   3   3   4   4   4   4 |     CCG   0   0   0   0   0   0 |     CAG   3   3   3   3   3   3 |     CGG   0   0   0   0   0   0
--------------------------------------------------------------------------------------------------------------------------------------
Ile ATT   5   4   5   5   5   5 | Thr ACT   2   2   2   2   2   2 | Asn AAT   8   8   8   8   9   8 | Ser AGT   1   1   1   1   1   1
    ATC   2   2   2   2   2   2 |     ACC   1   1   1   1   1   1 |     AAC   4   4   4   4   3   4 |     AGC   3   3   3   3   3   3
    ATA   0   0   0   0   0   0 |     ACA   2   2   2   2   2   2 | Lys AAA   1   1   1   1   1   1 | Arg AGA   3   3   3   3   3   3
Met ATG   5   6   6   6   6   6 |     ACG   1   1   1   1   1   1 |     AAG   5   5   5   5   5   5 |     AGG   1   1   1   1   1   1
--------------------------------------------------------------------------------------------------------------------------------------
Val GTT   4   4   3   3   3   3 | Ala GCT   3   3   3   3   3   3 | Asp GAT   7   7   7   7   7   7 | Gly GGT   0   0   0   0   0   0
    GTC   2   2   2   2   2   2 |     GCC   5   5   5   5   5   5 |     GAC   0   0   0   0   0   0 |     GGC   0   0   0   0   0   0
    GTA   7   7   7   7   7   7 |     GCA   5   5   6   6   6   6 | Glu GAA   2   2   2   2   2   2 |     GGA   4   4   4   4   4   4
    GTG   3   3   3   3   3   3 |     GCG   2   2   1   1   1   1 |     GAG   0   0   0   0   0   0 |     GGG   1   1   1   1   1   1
--------------------------------------------------------------------------------------------------------------------------------------

--------------------------------------------------------------------------------------------------------------------------------------
Phe TTT   0   0   0   0   0   0 | Ser TCT   1   1   1   1   1   1 | Tyr TAT   5   5   5   5   5   5 | Cys TGT   1   1   1   1   1   1
    TTC   2   2   3   3   3   3 |     TCC   3   3   3   3   3   3 |     TAC   2   2   2   2   2   2 |     TGC   1   1   1   1   1   1
Leu TTA   2   2   2   2   2   2 |     TCA   1   1   1   1   1   1 | *** TAA   0   0   0   0   0   0 | *** TGA   0   0   0   0   0   0
    TTG   0   0   0   0   1   0 |     TCG   0   0   0   0   0   0 |     TAG   0   0   0   0   0   0 | Trp TGG   2   2   2   2   2   2
--------------------------------------------------------------------------------------------------------------------------------------
Leu CTT   5   5   6   6   6   6 | Pro CCT   2   2   2   2   2   2 | His CAT   3   3   3   3   3   3 | Arg CGT   1   1   1   1   1   1
    CTC   2   2   1   1   1   1 |     CCC   3   3   3   3   3   3 |     CAC   1   1   1   1   1   1 |     CGC   0   0   0   0   0   0
    CTA   1   1   1   1   1   1 |     CCA   4   4   4   4   4   4 | Gln CAA   1   1   1   1   1   0 |     CGA   3   3   3   3   3   3
    CTG   5   5   4   4   3   4 |     CCG   0   0   0   0   0   0 |     CAG   3   3   3   3   3   4 |     CGG   0   0   0   0   0   0
--------------------------------------------------------------------------------------------------------------------------------------
Ile ATT   5   5   5   5   5   5 | Thr ACT   3   3   2   2   2   2 | Asn AAT   8   8   8   7   8   8 | Ser AGT   1   1   1   2   1   1
    ATC   1   1   2   2   2   2 |     ACC   2   2   1   1   1   1 |     AAC   4   4   4   4   4   4 |     AGC   3   3   3   3   3   3
    ATA   0   0   0   0   0   0 |     ACA   1   1   2   2   2   2 | Lys AAA   1   1   1   1   1   1 | Arg AGA   3   3   3   3   3   3
Met ATG   6   6   6   6   6   6 |     ACG   1   1   1   1   1   1 |     AAG   5   5   5   5   5   5 |     AGG   1   1   1   1   1   1
--------------------------------------------------------------------------------------------------------------------------------------
Val GTT   3   3   3   3   3   3 | Ala GCT   4   3   3   2   3   3 | Asp GAT   7   7   7   7   7   7 | Gly GGT   0   0   0   0   0   0
    GTC   2   2   2   2   2   2 |     GCC   5   5   5   5   5   5 |     GAC   0   0   0   0   0   0 |     GGC   0   0   0   0   0   0
    GTA   8   7   7   7   7   7 |     GCA   6   6   6   6   7   6 | Glu GAA   2   2   2   2   2   2 |     GGA   4   4   4   4   4   4
    GTG   2   3   3   3   3   3 |     GCG   0   1   1   2   0   1 |     GAG   0   0   0   0   0   0 |     GGG   1   1   1   1   1   1
--------------------------------------------------------------------------------------------------------------------------------------

--------------------------------------------------------------------------------------------------------------------------------------
Phe TTT   0   0   0   0   0   0 | Ser TCT   1   1   1   1   1   1 | Tyr TAT   5   5   5   5   5   5 | Cys TGT   1   1   1   1   1   1
    TTC   3   3   2   3   3   3 |     TCC   3   3   3   3   3   3 |     TAC   2   2   2   2   2   2 |     TGC   1   1   1   1   1   1
Leu TTA   2   2   2   2   2   2 |     TCA   1   1   1   1   1   1 | *** TAA   0   0   0   0   0   0 | *** TGA   0   0   0   0   0   0
    TTG   0   0   0   0   0   1 |     TCG   0   0   0   0   0   0 |     TAG   0   0   0   0   0   0 | Trp TGG   2   2   2   2   2   2
--------------------------------------------------------------------------------------------------------------------------------------
Leu CTT   6   6   5   6   5   6 | Pro CCT   2   2   2   2   2   2 | His CAT   3   3   3   3   4   3 | Arg CGT   1   1   1   1   1   1
    CTC   1   1   2   1   1   1 |     CCC   3   3   3   3   3   3 |     CAC   1   1   1   1   0   1 |     CGC   0   0   0   0   0   0
    CTA   1   1   1   1   1   1 |     CCA   4   4   4   4   4   4 | Gln CAA   1   1   2   1   1   1 |     CGA   3   3   2   3   3   3
    CTG   4   4   5   4   5   3 |     CCG   0   0   0   0   0   0 |     CAG   3   3   3   3   3   3 |     CGG   0   0   0   0   0   0
--------------------------------------------------------------------------------------------------------------------------------------
Ile ATT   5   5   5   5   5   5 | Thr ACT   2   2   3   2   2   2 | Asn AAT   7   8   8   7   7   8 | Ser AGT   1   1   1   2   1   1
    ATC   2   2   1   2   2   2 |     ACC   1   1   2   1   1   1 |     AAC   5   4   4   4   5   4 |     AGC   3   3   3   3   3   3
    ATA   0   0   0   0   0   0 |     ACA   3   2   1   2   2   2 | Lys AAA   1   1   1   1   1   1 | Arg AGA   3   3   3   3   3   3
Met ATG   6   6   6   6   6   6 |     ACG   0   1   1   1   1   1 |     AAG   5   5   5   5   5   5 |     AGG   1   1   1   1   1   1
--------------------------------------------------------------------------------------------------------------------------------------
Val GTT   3   3   3   3   3   3 | Ala GCT   3   3   3   3   3   3 | Asp GAT   6   7   7   7   7   7 | Gly GGT   0   0   0   0   0   0
    GTC   2   2   2   2   2   2 |     GCC   5   5   5   5   5   5 |     GAC   1   0   0   0   0   0 |     GGC   0   0   0   0   0   0
    GTA   7   7   6   7   6   7 |     GCA   6   6   6   7   6   7 | Glu GAA   2   2   2   2   2   2 |     GGA   4   4   4   4   4   4
    GTG   3   3   4   3   4   3 |     GCG   1   1   1   0   1   0 |     GAG   0   0   0   0   0   0 |     GGG   1   1   1   1   1   1
--------------------------------------------------------------------------------------------------------------------------------------

--------------------------------------------------------------------------------------------------------------------------------------
Phe TTT   0   0   0   0   0   0 | Ser TCT   1   1   1   1   1   1 | Tyr TAT   5   5   5   5   5   5 | Cys TGT   2   1   1   1   1   1
    TTC   3   3   3   3   3   2 |     TCC   3   3   3   3   3   3 |     TAC   2   2   2   2   2   2 |     TGC   0   1   1   1   1   1
Leu TTA   2   2   2   2   2   2 |     TCA   1   1   1   1   1   1 | *** TAA   0   0   0   0   0   0 | *** TGA   0   0   0   0   0   0
    TTG   0   0   0   0   1   0 |     TCG   0   0   0   0   0   0 |     TAG   0   0   0   0   0   0 | Trp TGG   2   2   2   2   2   2
--------------------------------------------------------------------------------------------------------------------------------------
Leu CTT   6   6   6   5   6   5 | Pro CCT   2   2   2   2   2   2 | His CAT   3   3   3   3   3   3 | Arg CGT   1   1   1   1   1   1
    CTC   1   1   1   2   1   2 |     CCC   3   3   3   3   3   3 |     CAC   1   1   1   1   1   1 |     CGC   0   0   0   0   0   0
    CTA   1   1   1   1   1   1 |     CCA   4   4   4   4   4   4 | Gln CAA   1   1   1   1   1   1 |     CGA   3   3   3   3   3   3
    CTG   4   4   4   4   3   5 |     CCG   0   0   0   0   0   0 |     CAG   3   3   3   3   3   3 |     CGG   0   0   0   0   0   0
--------------------------------------------------------------------------------------------------------------------------------------
Ile ATT   5   5   5   5   5   5 | Thr ACT   2   2   2   2   2   3 | Asn AAT   8   8   8   7   8   8 | Ser AGT   1   1   1   2   1   1
    ATC   2   2   2   2   2   1 |     ACC   1   1   1   1   1   2 |     AAC   4   4   4   4   4   4 |     AGC   3   3   3   3   3   3
    ATA   0   0   0   0   0   0 |     ACA   2   2   2   2   3   1 | Lys AAA   1   1   1   1   1   1 | Arg AGA   3   3   3   2   3   3
Met ATG   6   6   6   6   5   6 |     ACG   1   1   1   1   0   1 |     AAG   5   5   5   5   5   5 |     AGG   1   1   1   1   1   1
--------------------------------------------------------------------------------------------------------------------------------------
Val GTT   3   3   3   3   3   3 | Ala GCT   3   3   3   3   3   3 | Asp GAT   7   7   7   7   7   7 | Gly GGT   0   0   0   0   0   0
    GTC   2   2   2   2   2   2 |     GCC   5   5   5   5   5   5 |     GAC   0   0   0   0   0   0 |     GGC   0   0   0   0   0   0
    GTA   7   7   7   8   7   7 |     GCA   6   6   6   6   5   6 | Glu GAA   2   2   2   2   2   2 |     GGA   4   4   4   5   4   4
    GTG   3   3   3   2   4   3 |     GCG   1   1   1   1   2   1 |     GAG   0   0   0   0   0   0 |     GGG   1   1   1   1   1   1
--------------------------------------------------------------------------------------------------------------------------------------

--------------------------------------------------------------------------------------------------------------------------------------
Phe TTT   0   0   0   0   0   0 | Ser TCT   1   1   1   1   1   1 | Tyr TAT   5   5   5   5   5   5 | Cys TGT   1   1   1   1   1   1
    TTC   2   3   2   2   3   3 |     TCC   3   3   3   3   3   3 |     TAC   2   2   2   2   2   2 |     TGC   1   1   1   1   1   1
Leu TTA   2   2   2   2   2   2 |     TCA   1   1   1   1   1   1 | *** TAA   0   0   0   0   0   0 | *** TGA   0   0   0   0   0   0
    TTG   0   0   0   0   0   0 |     TCG   0   0   0   0   0   0 |     TAG   0   0   0   0   0   0 | Trp TGG   2   2   2   2   2   2
--------------------------------------------------------------------------------------------------------------------------------------
Leu CTT   5   6   5   5   6   6 | Pro CCT   2   2   2   2   2   2 | His CAT   3   3   3   3   3   4 | Arg CGT   1   1   1   1   1   1
    CTC   2   1   2   2   1   1 |     CCC   3   3   3   3   3   3 |     CAC   1   1   1   1   1   0 |     CGC   0   0   0   0   0   0
    CTA   1   1   1   1   1   1 |     CCA   4   4   4   4   4   4 | Gln CAA   1   1   2   1   1   1 |     CGA   3   3   2   3   3   3
    CTG   5   4   5   5   4   4 |     CCG   0   0   0   0   0   0 |     CAG   3   3   3   3   3   3 |     CGG   0   0   0   0   0   0
--------------------------------------------------------------------------------------------------------------------------------------
Ile ATT   5   5   5   5   5   5 | Thr ACT   3   2   3   3   2   2 | Asn AAT   8   7   8   8   8   8 | Ser AGT   1   2   1   1   1   1
    ATC   1   2   1   1   2   2 |     ACC   2   1   2   2   1   1 |     AAC   4   4   4   4   4   4 |     AGC   3   3   3   3   3   3
    ATA   0   0   0   0   0   1 |     ACA   1   2   1   1   2   2 | Lys AAA   1   1   1   1   1   1 | Arg AGA   3   3   3   3   3   3
Met ATG   6   6   6   5   6   6 |     ACG   1   1   1   1   1   1 |     AAG   5   5   5   5   5   5 |     AGG   1   1   1   1   1   1
--------------------------------------------------------------------------------------------------------------------------------------
Val GTT   3   3   3   3   3   3 | Ala GCT   4   2   4   3   3   3 | Asp GAT   7   7   6   7   7   7 | Gly GGT   0   0   0   0   0   0
    GTC   2   2   2   2   2   2 |     GCC   5   5   5   5   5   5 |     GAC   0   0   0   0   0   0 |     GGC   0   0   0   0   0   0
    GTA   8   7   6   8   7   6 |     GCA   6   7   6   6   6   6 | Glu GAA   2   2   2   2   2   2 |     GGA   4   4   4   4   4   4
    GTG   2   3   4   3   3   3 |     GCG   0   1   1   1   1   1 |     GAG   0   0   0   0   0   0 |     GGG   1   1   1   1   1   1
--------------------------------------------------------------------------------------------------------------------------------------

--------------------------------------------------------------------------------------------------------------------------------------
Phe TTT   0   0   0   1   0   0 | Ser TCT   1   1   1   1   1   1 | Tyr TAT   5   5   5   5   5   5 | Cys TGT   1   1   1   1   1   1
    TTC   3   3   3   2   3   3 |     TCC   3   3   3   3   3   3 |     TAC   2   2   2   2   2   2 |     TGC   1   1   1   1   1   1
Leu TTA   2   2   2   2   2   2 |     TCA   1   1   1   1   1   1 | *** TAA   0   0   0   0   0   0 | *** TGA   0   0   0   0   0   0
    TTG   1   0   0   0   0   0 |     TCG   0   0   0   0   0   0 |     TAG   0   0   0   0   0   0 | Trp TGG   2   2   2   2   2   2
--------------------------------------------------------------------------------------------------------------------------------------
Leu CTT   6   6   6   6   6   6 | Pro CCT   2   2   2   2   2   2 | His CAT   3   3   2   3   3   3 | Arg CGT   1   1   1   1   1   1
    CTC   1   1   1   1   1   1 |     CCC   3   3   3   3   3   3 |     CAC   1   1   2   1   1   1 |     CGC   0   0   0   0   0   0
    CTA   1   1   1   1   1   1 |     CCA   4   4   4   4   4   4 | Gln CAA   1   1   1   1   0   1 |     CGA   3   3   3   3   3   3
    CTG   3   4   4   4   4   4 |     CCG   0   0   0   0   0   0 |     CAG   3   3   3   3   4   3 |     CGG   0   0   0   0   0   0
--------------------------------------------------------------------------------------------------------------------------------------
Ile ATT   5   5   5   5   5   5 | Thr ACT   2   2   2   2   2   2 | Asn AAT   8   8   8   8   8   8 | Ser AGT   1   1   1   1   1   1
    ATC   2   2   2   2   2   2 |     ACC   2   1   1   1   1   1 |     AAC   4   4   4   4   4   4 |     AGC   2   3   3   3   3   3
    ATA   0   0   0   0   0   0 |     ACA   2   2   2   2   2   2 | Lys AAA   1   2   1   2   1   1 | Arg AGA   3   3   3   3   3   3
Met ATG   6   6   6   6   6   6 |     ACG   1   1   1   1   1   1 |     AAG   5   4   5   4   5   5 |     AGG   1   1   1   1   1   1
--------------------------------------------------------------------------------------------------------------------------------------
Val GTT   3   3   3   3   3   3 | Ala GCT   3   3   3   3   3   3 | Asp GAT   7   7   7   7   7   7 | Gly GGT   0   0   0   0   0   0
    GTC   2   2   2   2   2   2 |     GCC   5   5   5   5   5   5 |     GAC   0   0   0   0   0   0 |     GGC   0   0   0   0   0   0
    GTA   6   7   7   7   7   6 |     GCA   5   6   6   6   6   6 | Glu GAA   2   2   2   2   2   2 |     GGA   4   4   4   4   4   4
    GTG   4   3   3   3   3   4 |     GCG   2   1   1   1   1   1 |     GAG   0   0   0   0   0   0 |     GGG   1   1   1   1   1   1
--------------------------------------------------------------------------------------------------------------------------------------

Codon position x base (3x4) table for each sequence.

#1: Argali         
position  1:    T:0.14685    C:0.23077    A:0.31469    G:0.30769
position  2:    T:0.31469    C:0.24476    A:0.29371    G:0.14685
position  3:    T:0.33566    C:0.21678    A:0.25874    G:0.18881
Average         T:0.26573    C:0.23077    A:0.28904    G:0.21445

#2: LesserMouseDeer
position  1:    T:0.15385    C:0.22378    A:0.32168    G:0.30070
position  2:    T:0.31469    C:0.25175    A:0.29371    G:0.13986
position  3:    T:0.33566    C:0.23077    A:0.24476    G:0.18881
Average         T:0.26807    C:0.23543    A:0.28671    G:0.20979

#3: LesserKudu     
position  1:    T:0.14685    C:0.23077    A:0.31469    G:0.30769
position  2:    T:0.31469    C:0.24476    A:0.29371    G:0.14685
position  3:    T:0.33566    C:0.21678    A:0.25874    G:0.18881
Average         T:0.26573    C:0.23077    A:0.28904    G:0.21445

#4: ForestMuskDeer2
position  1:    T:0.14685    C:0.23077    A:0.31469    G:0.30769
position  2:    T:0.31469    C:0.24476    A:0.29371    G:0.14685
position  3:    T:0.34266    C:0.20979    A:0.26573    G:0.18182
Average         T:0.26807    C:0.22844    A:0.29138    G:0.21212

#5: Camel          
position  1:    T:0.14685    C:0.23077    A:0.31469    G:0.30769
position  2:    T:0.30769    C:0.25175    A:0.29371    G:0.14685
position  3:    T:0.34965    C:0.21678    A:0.24476    G:0.18881
Average         T:0.26807    C:0.23310    A:0.28438    G:0.21445

#6: KillerWhale    
position  1:    T:0.14685    C:0.23077    A:0.31469    G:0.30769
position  2:    T:0.31469    C:0.24476    A:0.29371    G:0.14685
position  3:    T:0.35664    C:0.20979    A:0.24476    G:0.18881
Average         T:0.27273    C:0.22844    A:0.28438    G:0.21445

#7: DefassaWaterbuck
position  1:    T:0.14685    C:0.23077    A:0.31469    G:0.30769
position  2:    T:0.31469    C:0.24476    A:0.29371    G:0.14685
position  3:    T:0.32867    C:0.22378    A:0.27273    G:0.17483
Average         T:0.26340    C:0.23310    A:0.29371    G:0.20979

#8: Sheep          
position  1:    T:0.14685    C:0.23077    A:0.31469    G:0.30769
position  2:    T:0.31469    C:0.24476    A:0.29371    G:0.14685
position  3:    T:0.33566    C:0.21678    A:0.25874    G:0.18881
Average         T:0.26573    C:0.23077    A:0.28904    G:0.21445

#9: MaxwellsDuiker 
position  1:    T:0.14685    C:0.23077    A:0.31469    G:0.30769
position  2:    T:0.31469    C:0.24476    A:0.29371    G:0.14685
position  3:    T:0.33566    C:0.21678    A:0.26573    G:0.18182
Average         T:0.26573    C:0.23077    A:0.29138    G:0.21212

#10: GazellaPrzewalskyi
position  1:    T:0.14685    C:0.23077    A:0.30769    G:0.31469
position  2:    T:0.31469    C:0.24476    A:0.29371    G:0.14685
position  3:    T:0.33566    C:0.21678    A:0.26573    G:0.18182
Average         T:0.26573    C:0.23077    A:0.28904    G:0.21445

#11: MountainNyala  
position  1:    T:0.14685    C:0.23077    A:0.31469    G:0.30769
position  2:    T:0.31469    C:0.24476    A:0.29371    G:0.14685
position  3:    T:0.33566    C:0.21678    A:0.25874    G:0.18881
Average         T:0.26573    C:0.23077    A:0.28904    G:0.21445

#12: MuntiacusMuntjak
position  1:    T:0.13986    C:0.23776    A:0.31469    G:0.30769
position  2:    T:0.30769    C:0.25175    A:0.30070    G:0.13986
position  3:    T:0.33566    C:0.21678    A:0.24476    G:0.20280
Average         T:0.26107    C:0.23543    A:0.28671    G:0.21678

#13: goat           
position  1:    T:0.14685    C:0.23077    A:0.31469    G:0.30769
position  2:    T:0.31469    C:0.24476    A:0.29371    G:0.14685
position  3:    T:0.33566    C:0.21678    A:0.25874    G:0.18881
Average         T:0.26573    C:0.23077    A:0.28904    G:0.21445

#14: AfricanBuffalo 
position  1:    T:0.14685    C:0.23077    A:0.31469    G:0.30769
position  2:    T:0.31469    C:0.24476    A:0.29371    G:0.14685
position  3:    T:0.33566    C:0.21678    A:0.25874    G:0.18881
Average         T:0.26573    C:0.23077    A:0.28904    G:0.21445

#15: Topi           
position  1:    T:0.15385    C:0.22378    A:0.31469    G:0.30769
position  2:    T:0.31469    C:0.24476    A:0.29371    G:0.14685
position  3:    T:0.33566    C:0.21678    A:0.26573    G:0.18182
Average         T:0.26807    C:0.22844    A:0.29138    G:0.21212

#16: CommonDuiker   
position  1:    T:0.14685    C:0.23077    A:0.31469    G:0.30769
position  2:    T:0.31469    C:0.24476    A:0.28671    G:0.15385
position  3:    T:0.33566    C:0.21678    A:0.26573    G:0.18182
Average         T:0.26573    C:0.23077    A:0.28904    G:0.21445

#17: Suni           
position  1:    T:0.14685    C:0.23077    A:0.32168    G:0.30070
position  2:    T:0.31469    C:0.24476    A:0.29371    G:0.14685
position  3:    T:0.34266    C:0.21678    A:0.25874    G:0.18182
Average         T:0.26807    C:0.23077    A:0.29138    G:0.20979

#18: Springbuck     
position  1:    T:0.14685    C:0.23077    A:0.32168    G:0.30070
position  2:    T:0.31469    C:0.24476    A:0.29371    G:0.14685
position  3:    T:0.33566    C:0.21678    A:0.25874    G:0.18881
Average         T:0.26573    C:0.23077    A:0.29138    G:0.21212

#19: Okapi          
position  1:    T:0.14685    C:0.23077    A:0.30769    G:0.31469
position  2:    T:0.31469    C:0.24476    A:0.29371    G:0.14685
position  3:    T:0.34266    C:0.21678    A:0.25874    G:0.18182
Average         T:0.26807    C:0.23077    A:0.28671    G:0.21445

#20: Giraffe        
position  1:    T:0.14685    C:0.23077    A:0.30769    G:0.31469
position  2:    T:0.31469    C:0.24476    A:0.29371    G:0.14685
position  3:    T:0.33566    C:0.21678    A:0.25874    G:0.18881
Average         T:0.26573    C:0.23077    A:0.28671    G:0.21678

#21: TibetanAntelope
position  1:    T:0.14685    C:0.23077    A:0.31469    G:0.30769
position  2:    T:0.31469    C:0.24476    A:0.29371    G:0.14685
position  3:    T:0.33566    C:0.21678    A:0.25874    G:0.18881
Average         T:0.26573    C:0.23077    A:0.28904    G:0.21445

#22: Sitatunga      
position  1:    T:0.14685    C:0.23077    A:0.31469    G:0.30769
position  2:    T:0.31469    C:0.24476    A:0.29371    G:0.14685
position  3:    T:0.33566    C:0.21678    A:0.25874    G:0.18881
Average         T:0.26573    C:0.23077    A:0.28904    G:0.21445

#23: Oribi          
position  1:    T:0.14685    C:0.23077    A:0.31469    G:0.30769
position  2:    T:0.31469    C:0.24476    A:0.29371    G:0.14685
position  3:    T:0.34965    C:0.20280    A:0.25874    G:0.18881
Average         T:0.27040    C:0.22611    A:0.28904    G:0.21445

#24: BarbarySheep   
position  1:    T:0.14685    C:0.23077    A:0.31469    G:0.30769
position  2:    T:0.31469    C:0.24476    A:0.29371    G:0.14685
position  3:    T:0.33566    C:0.21678    A:0.25874    G:0.18881
Average         T:0.26573    C:0.23077    A:0.28904    G:0.21445

#25: Daviddeer      
position  1:    T:0.13986    C:0.23776    A:0.31469    G:0.30769
position  2:    T:0.30769    C:0.25175    A:0.29371    G:0.14685
position  3:    T:0.34266    C:0.21678    A:0.25874    G:0.18182
Average         T:0.26340    C:0.23543    A:0.28904    G:0.21212

#26: Reindeer       
position  1:    T:0.13986    C:0.23776    A:0.31469    G:0.30769
position  2:    T:0.30769    C:0.25175    A:0.29371    G:0.14685
position  3:    T:0.33566    C:0.21678    A:0.25175    G:0.19580
Average         T:0.26107    C:0.23543    A:0.28671    G:0.21678

#27: Ibex           
position  1:    T:0.14685    C:0.23077    A:0.31469    G:0.30769
position  2:    T:0.31469    C:0.24476    A:0.29371    G:0.14685
position  3:    T:0.33566    C:0.21678    A:0.25874    G:0.18881
Average         T:0.26573    C:0.23077    A:0.28904    G:0.21445

#28: GyrantGazelle  
position  1:    T:0.14685    C:0.23077    A:0.31469    G:0.30769
position  2:    T:0.31469    C:0.24476    A:0.28671    G:0.15385
position  3:    T:0.32867    C:0.21678    A:0.25874    G:0.19580
Average         T:0.26340    C:0.23077    A:0.28671    G:0.21911

#29: Hartebeest     
position  1:    T:0.15385    C:0.22378    A:0.31469    G:0.30769
position  2:    T:0.31469    C:0.24476    A:0.29371    G:0.14685
position  3:    T:0.33566    C:0.21678    A:0.26573    G:0.18182
Average         T:0.26807    C:0.22844    A:0.29138    G:0.21212

#30: Bongo          
position  1:    T:0.14685    C:0.23077    A:0.31469    G:0.30769
position  2:    T:0.31469    C:0.24476    A:0.29371    G:0.14685
position  3:    T:0.33566    C:0.21678    A:0.25175    G:0.19580
Average         T:0.26573    C:0.23077    A:0.28671    G:0.21678

#31: Gerenuk        
position  1:    T:0.14685    C:0.23077    A:0.31469    G:0.30769
position  2:    T:0.31469    C:0.24476    A:0.29371    G:0.14685
position  3:    T:0.32168    C:0.23077    A:0.26573    G:0.18182
Average         T:0.26107    C:0.23543    A:0.29138    G:0.21212

#32: CommonEland    
position  1:    T:0.14685    C:0.23077    A:0.31469    G:0.30769
position  2:    T:0.31469    C:0.24476    A:0.29371    G:0.14685
position  3:    T:0.33566    C:0.21678    A:0.25874    G:0.18881
Average         T:0.26573    C:0.23077    A:0.28904    G:0.21445

#33: MuntiacusReevesi
position  1:    T:0.13986    C:0.23776    A:0.31469    G:0.30769
position  2:    T:0.30769    C:0.25175    A:0.30070    G:0.13986
position  3:    T:0.33566    C:0.21678    A:0.24476    G:0.20280
Average         T:0.26107    C:0.23543    A:0.28671    G:0.21678

#34: HarveysDuiker  
position  1:    T:0.14685    C:0.23077    A:0.31469    G:0.30769
position  2:    T:0.31469    C:0.24476    A:0.28671    G:0.15385
position  3:    T:0.33566    C:0.21678    A:0.26573    G:0.18182
Average         T:0.26573    C:0.23077    A:0.28904    G:0.21445

#35: Pronghorn      
position  1:    T:0.14685    C:0.23077    A:0.31469    G:0.30769
position  2:    T:0.31469    C:0.24476    A:0.29371    G:0.14685
position  3:    T:0.32867    C:0.21678    A:0.25175    G:0.20280
Average         T:0.26340    C:0.23077    A:0.28671    G:0.21911

#36: BlueWildebeest 
position  1:    T:0.15385    C:0.22378    A:0.31469    G:0.30769
position  2:    T:0.31469    C:0.24476    A:0.29371    G:0.14685
position  3:    T:0.33566    C:0.21678    A:0.26573    G:0.18182
Average         T:0.26807    C:0.22844    A:0.29138    G:0.21212

#37: Gemsbok        
position  1:    T:0.14685    C:0.23077    A:0.31469    G:0.30769
position  2:    T:0.31469    C:0.24476    A:0.29371    G:0.14685
position  3:    T:0.34266    C:0.20979    A:0.25874    G:0.18881
Average         T:0.26807    C:0.22844    A:0.28904    G:0.21445

#38: Yak            
position  1:    T:0.14685    C:0.23077    A:0.31469    G:0.30769
position  2:    T:0.31469    C:0.24476    A:0.29371    G:0.14685
position  3:    T:0.33566    C:0.21678    A:0.25874    G:0.18881
Average         T:0.26573    C:0.23077    A:0.28904    G:0.21445

#39: BlueSheep      
position  1:    T:0.14685    C:0.23077    A:0.31469    G:0.30769
position  2:    T:0.31469    C:0.24476    A:0.29371    G:0.14685
position  3:    T:0.33566    C:0.21678    A:0.25874    G:0.18881
Average         T:0.26573    C:0.23077    A:0.28904    G:0.21445

#40: BohorReedbuck  
position  1:    T:0.14685    C:0.23077    A:0.30769    G:0.31469
position  2:    T:0.31469    C:0.24476    A:0.28671    G:0.15385
position  3:    T:0.32867    C:0.22378    A:0.26573    G:0.18182
Average         T:0.26340    C:0.23310    A:0.28671    G:0.21678

#41: KirksDik       
position  1:    T:0.15385    C:0.22378    A:0.30769    G:0.31469
position  2:    T:0.31469    C:0.24476    A:0.29371    G:0.14685
position  3:    T:0.33566    C:0.21678    A:0.25874    G:0.18881
Average         T:0.26807    C:0.22844    A:0.28671    G:0.21678

#42: RoeDeer        
position  1:    T:0.13986    C:0.23776    A:0.31469    G:0.30769
position  2:    T:0.30769    C:0.25175    A:0.29371    G:0.14685
position  3:    T:0.33566    C:0.21678    A:0.25175    G:0.19580
Average         T:0.26107    C:0.23543    A:0.28671    G:0.21678

#43: WhiteLippedDeer
position  1:    T:0.13986    C:0.23776    A:0.31469    G:0.30769
position  2:    T:0.30769    C:0.25175    A:0.29371    G:0.14685
position  3:    T:0.34266    C:0.21678    A:0.25874    G:0.18182
Average         T:0.26340    C:0.23543    A:0.28904    G:0.21212

#44: ThomsonGazelle 
position  1:    T:0.14685    C:0.23077    A:0.31469    G:0.30769
position  2:    T:0.31469    C:0.24476    A:0.28671    G:0.15385
position  3:    T:0.32867    C:0.21678    A:0.26573    G:0.18881
Average         T:0.26340    C:0.23077    A:0.28904    G:0.21678

#45: MuntiacusCrinifrons
position  1:    T:0.13986    C:0.23776    A:0.31469    G:0.30769
position  2:    T:0.30769    C:0.25874    A:0.29371    G:0.13986
position  3:    T:0.33566    C:0.21678    A:0.24476    G:0.20280
Average         T:0.26107    C:0.23776    A:0.28438    G:0.21678

#46: WhiteTailedDeer
position  1:    T:0.13986    C:0.23776    A:0.30769    G:0.31469
position  2:    T:0.30769    C:0.25175    A:0.29371    G:0.14685
position  3:    T:0.33566    C:0.21678    A:0.25874    G:0.18881
Average         T:0.26107    C:0.23543    A:0.28671    G:0.21678

#47: Cattle         
position  1:    T:0.14685    C:0.23077    A:0.31469    G:0.30769
position  2:    T:0.31469    C:0.24476    A:0.29371    G:0.14685
position  3:    T:0.33566    C:0.21678    A:0.25874    G:0.18881
Average         T:0.26573    C:0.23077    A:0.28904    G:0.21445

#48: RoyalAntelope  
position  1:    T:0.14685    C:0.23077    A:0.32168    G:0.30070
position  2:    T:0.31469    C:0.24476    A:0.29371    G:0.14685
position  3:    T:0.34266    C:0.20979    A:0.25874    G:0.18881
Average         T:0.26807    C:0.22844    A:0.29138    G:0.21212

#49: Steenbok       
position  1:    T:0.15385    C:0.22378    A:0.31469    G:0.30769
position  2:    T:0.31469    C:0.25175    A:0.29371    G:0.13986
position  3:    T:0.33566    C:0.21678    A:0.24476    G:0.20280
Average         T:0.26807    C:0.23077    A:0.28438    G:0.21678

#50: Impala         
position  1:    T:0.14685    C:0.23077    A:0.31469    G:0.30769
position  2:    T:0.31469    C:0.24476    A:0.29371    G:0.14685
position  3:    T:0.33566    C:0.21678    A:0.26573    G:0.18182
Average         T:0.26573    C:0.23077    A:0.29138    G:0.21212

#51: Klipspringer   
position  1:    T:0.14685    C:0.23077    A:0.31469    G:0.30769
position  2:    T:0.31469    C:0.24476    A:0.29371    G:0.14685
