CODONML (in paml version 4.10.7, June 2023)  /home/rachel/ruminants_paml/6406-phy-tree/ENSBTAT00000014685.fasta.phy
Model: free dN/dS Ratios for branches,  kappa = 2.000 fixed

Codon frequency model: F3x4
ns =  54  ls = 142

Codon usage in sequences
--------------------------------------------------------------------------------------------------------------------------------------
Phe TTT   2   2   2   2   2   2 | Ser TCT   0   0   0   0   0   0 | Tyr TAT   0   0   0   0   0   0 | Cys TGT   0   0   0   0   0   0
    TTC   3   3   3   3   3   3 |     TCC   0   0   0   0   0   0 |     TAC   1   1   1   1   1   1 |     TGC   2   2   2   2   1   2
Leu TTA   1   1   1   1   1   1 |     TCA   0   0   0   0   0   0 | *** TAA   0   0   0   0   0   0 | *** TGA   0   0   0   0   0   0
    TTG   7   7   7   7   8   7 |     TCG   0   0   0   0   1   0 |     TAG   0   0   0   0   0   0 | Trp TGG   0   0   0   0   0   0
--------------------------------------------------------------------------------------------------------------------------------------
Leu CTT   3   3   3   3   3   3 | Pro CCT   0   0   0   0   0   0 | His CAT   3   3   3   3   1   2 | Arg CGT   0   0   0   0   0   0
    CTC   3   2   2   2   2   2 |     CCC   3   3   3   3   2   3 |     CAC   3   3   3   3   5   4 |     CGC   0   0   0   0   0   0
    CTA   3   3   3   3   3   3 |     CCA   0   0   0   0   0   0 | Gln CAA   5   5   5   5   5   5 |     CGA   1   1   1   1   2   1
    CTG   4   5   5   5   5   5 |     CCG   0   0   0   0   1   0 |     CAG   3   3   3   3   3   3 |     CGG   3   3   3   3   3   3
--------------------------------------------------------------------------------------------------------------------------------------
Ile ATT   1   1   1   1   1   1 | Thr ACT   5   5   5   5   5   5 | Asn AAT   7   8   7   7   7   7 | Ser AGT   1   1   1   1   1   1
    ATC   1   1   1   1   1   1 |     ACC   1   1   1   1   1   1 |     AAC   6   5   6   6   6   6 |     AGC   1   1   1   1   2   1
    ATA   0   0   0   0   0   0 |     ACA   0   0   0   0   0   0 | Lys AAA   3   3   3   3   3   3 | Arg AGA   3   3   3   3   2   3
Met ATG   1   1   1   1   0   1 |     ACG   1   1   1   1   1   1 |     AAG   1   1   1   1   1   1 |     AGG   3   3   3   3   3   3
--------------------------------------------------------------------------------------------------------------------------------------
Val GTT   2   2   2   2   2   2 | Ala GCT   6   6   6   6   6   6 | Asp GAT   4   4   4   4   4   4 | Gly GGT   3   3   3   3   3   3
    GTC   3   3   3   3   3   3 |     GCC   6   6   6   6   6   6 |     GAC   5   5   5   5   5   5 |     GGC   1   0   0   0   0   0
    GTA   1   0   1   1   1   1 |     GCA   2   3   2   2   3   3 | Glu GAA   2   2   2   2   2   2 |     GGA   3   4   4   4   4   4
    GTG   4   4   4   4   4   4 |     GCG   4   4   4   4   2   3 |     GAG   7   7   7   7   7   7 |     GGG   4   4   4   4   4   4
--------------------------------------------------------------------------------------------------------------------------------------

--------------------------------------------------------------------------------------------------------------------------------------
Phe TTT   2   2   2   2   2   2 | Ser TCT   0   0   0   0   0   0 | Tyr TAT   0   0   0   0   0   0 | Cys TGT   0   0   0   0   0   0
    TTC   3   3   3   3   3   3 |     TCC   0   0   0   0   0   0 |     TAC   1   1   1   1   1   1 |     TGC   2   2   2   2   2   2
Leu TTA   1   1   1   1   1   1 |     TCA   0   0   0   0   0   0 | *** TAA   0   0   0   0   0   0 | *** TGA   0   0   0   0   0   0
    TTG   7   7   7   7   7   7 |     TCG   0   0   0   0   0   0 |     TAG   0   0   0   0   0   0 | Trp TGG   0   0   0   0   0   0
--------------------------------------------------------------------------------------------------------------------------------------
Leu CTT   3   3   3   3   3   2 | Pro CCT   0   0   0   0   0   0 | His CAT   3   3   3   3   3   2 | Arg CGT   0   0   0   0   0   0
    CTC   2   3   2   2   2   3 |     CCC   3   3   3   3   3   3 |     CAC   4   3   3   3   3   4 |     CGC   0   0   0   0   0   0
    CTA   3   3   3   3   3   3 |     CCA   0   0   0   0   0   0 | Gln CAA   5   5   5   5   5   5 |     CGA   1   1   1   1   1   1
    CTG   5   4   5   5   5   5 |     CCG   0   0   0   0   0   0 |     CAG   3   3   3   3   3   3 |     CGG   3   3   3   3   3   3
--------------------------------------------------------------------------------------------------------------------------------------
Ile ATT   1   1   1   1   1   1 | Thr ACT   5   5   5   5   5   5 | Asn AAT   7   7   7   7   7   7 | Ser AGT   1   1   1   1   1   1
    ATC   1   1   1   1   1   1 |     ACC   1   1   1   1   1   1 |     AAC   5   6   6   6   6   6 |     AGC   1   1   1   1   1   1
    ATA   0   0   0   0   0   0 |     ACA   0   0   0   0   0   0 | Lys AAA   3   3   3   3   3   3 | Arg AGA   3   3   3   3   3   3
Met ATG   1   1   1   1   1   1 |     ACG   1   1   1   1   1   1 |     AAG   1   1   1   1   1   1 |     AGG   3   3   3   3   3   3
--------------------------------------------------------------------------------------------------------------------------------------
Val GTT   2   2   2   2   2   2 | Ala GCT   6   6   6   6   6   6 | Asp GAT   4   4   4   4   4   4 | Gly GGT   3   3   3   3   3   3
    GTC   3   3   3   3   3   3 |     GCC   6   6   6   6   6   6 |     GAC   5   5   5   5   5   5 |     GGC   1   1   1   1   0   0
    GTA   1   1   1   1   1   1 |     GCA   2   2   2   2   2   2 | Glu GAA   2   2   2   2   2   2 |     GGA   3   3   3   3   4   4
    GTG   4   4   4   4   4   4 |     GCG   4   4   4   4   4   4 |     GAG   7   7   7   7   7   7 |     GGG   4   4   4   4   4   4
--------------------------------------------------------------------------------------------------------------------------------------

--------------------------------------------------------------------------------------------------------------------------------------
Phe TTT   2   2   2   2   2   2 | Ser TCT   0   0   0   0   0   0 | Tyr TAT   0   0   0   0   0   0 | Cys TGT   0   0   0   0   0   0
    TTC   3   3   3   3   3   3 |     TCC   0   0   0   0   0   0 |     TAC   1   1   1   1   1   1 |     TGC   2   2   2   2   2   2
Leu TTA   1   1   1   1   1   1 |     TCA   0   0   0   0   0   0 | *** TAA   0   0   0   0   0   0 | *** TGA   0   0   0   0   0   0
    TTG   7   7   7   7   7   7 |     TCG   0   0   0   0   0   0 |     TAG   0   0   0   0   0   0 | Trp TGG   0   0   0   0   0   0
--------------------------------------------------------------------------------------------------------------------------------------
Leu CTT   3   3   3   3   3   3 | Pro CCT   0   0   0   0   0   0 | His CAT   3   2   3   3   3   3 | Arg CGT   0   0   0   0   0   0
    CTC   3   2   2   2   2   2 |     CCC   3   3   3   3   3   3 |     CAC   3   4   3   3   3   3 |     CGC   0   0   0   0   0   0
    CTA   3   3   3   3   3   3 |     CCA   0   0   0   0   0   0 | Gln CAA   5   5   5   5   5   5 |     CGA   1   1   1   1   1   1
    CTG   4   5   5   5   5   5 |     CCG   0   0   0   0   0   0 |     CAG   3   3   3   3   3   3 |     CGG   3   3   3   3   3   3
--------------------------------------------------------------------------------------------------------------------------------------
Ile ATT   1   1   1   1   1   1 | Thr ACT   5   5   5   5   5   5 | Asn AAT   7   7   7   7   7   7 | Ser AGT   1   1   1   1   1   1
    ATC   1   1   1   1   1   1 |     ACC   1   1   1   1   1   1 |     AAC   6   6   6   6   6   6 |     AGC   1   1   1   1   1   1
    ATA   0   0   0   0   0   0 |     ACA   0   0   0   0   0   0 | Lys AAA   3   3   3   3   3   3 | Arg AGA   3   3   3   3   3   3
Met ATG   1   1   1   1   1   1 |     ACG   1   1   1   1   1   1 |     AAG   1   1   1   1   1   1 |     AGG   3   3   3   3   3   3
--------------------------------------------------------------------------------------------------------------------------------------
Val GTT   2   2   2   2   2   2 | Ala GCT   6   6   6   6   6   6 | Asp GAT   4   4   4   4   4   4 | Gly GGT   3   3   3   3   3   3
    GTC   3   3   3   3   3   3 |     GCC   6   6   6   6   6   6 |     GAC   5   5   5   5   5   5 |     GGC   1   0   1   1   1   1
    GTA   1   1   1   1   1   1 |     GCA   2   2   2   3   2   2 | Glu GAA   2   2   2   2   2   3 |     GGA   3   4   3   3   3   3
    GTG   4   4   4   4   4   4 |     GCG   4   4   4   3   4   4 |     GAG   7   7   7   7   7   6 |     GGG   4   4   4   4   4   4
--------------------------------------------------------------------------------------------------------------------------------------

--------------------------------------------------------------------------------------------------------------------------------------
Phe TTT   2   2   2   2   2   2 | Ser TCT   0   0   0   0   0   0 | Tyr TAT   0   0   0   0   0   0 | Cys TGT   0   0   0   0   0   0
    TTC   3   3   3   3   3   3 |     TCC   0   0   0   0   0   0 |     TAC   1   1   2   1   1   1 |     TGC   2   2   2   2   2   2
Leu TTA   1   1   1   1   1   1 |     TCA   0   0   0   0   0   0 | *** TAA   0   0   0   0   0   0 | *** TGA   0   0   0   0   0   0
    TTG   7   7   7   7   7   7 |     TCG   0   0   0   0   0   0 |     TAG   0   0   0   0   0   0 | Trp TGG   0   0   0   0   0   0
--------------------------------------------------------------------------------------------------------------------------------------
Leu CTT   2   3   3   3   3   3 | Pro CCT   0   0   0   0   0   0 | His CAT   3   3   3   3   3   3 | Arg CGT   0   0   0   0   0   0
    CTC   3   2   3   2   2   3 |     CCC   3   3   3   3   3   3 |     CAC   3   3   3   3   3   3 |     CGC   0   0   0   0   0   0
    CTA   3   3   3   3   3   3 |     CCA   0   0   0   0   0   0 | Gln CAA   5   5   5   5   5   5 |     CGA   1   1   1   1   1   1
    CTG   5   5   4   5   5   4 |     CCG   0   0   0   0   0   0 |     CAG   3   3   3   3   3   3 |     CGG   3   3   3   3   3   3
--------------------------------------------------------------------------------------------------------------------------------------
Ile ATT   1   1   1   1   1   1 | Thr ACT   5   5   5   5   5   5 | Asn AAT   7   7   7   7   7   7 | Ser AGT   1   1   1   1   1   1
    ATC   1   1   1   1   1   1 |     ACC   1   1   1   1   1   1 |     AAC   6   6   5   6   6   6 |     AGC   1   1   1   1   1   1
    ATA   0   0   0   0   0   0 |     ACA   0   0   0   0   0   0 | Lys AAA   3   3   3   3   3   3 | Arg AGA   3   3   3   3   3   3
Met ATG   1   1   1   1   1   1 |     ACG   1   1   1   1   1   1 |     AAG   1   1   1   1   1   1 |     AGG   3   3   3   3   3   3
--------------------------------------------------------------------------------------------------------------------------------------
Val GTT   2   2   2   2   2   2 | Ala GCT   6   6   6   6   6   6 | Asp GAT   4   4   4   4   4   4 | Gly GGT   3   3   3   3   3   3
    GTC   3   3   3   3   3   3 |     GCC   6   6   6   6   6   6 |     GAC   5   5   5   5   5   5 |     GGC   0   0   1   0   1   1
    GTA   2   2   1   1   1   1 |     GCA   2   2   2   2   2   2 | Glu GAA   2   2   2   2   2   2 |     GGA   4   4   3   4   3   3
    GTG   3   3   4   4   4   4 |     GCG   4   4   4   4   4   4 |     GAG   7   7   7   7   7   7 |     GGG   4   4   4   4   4   4
--------------------------------------------------------------------------------------------------------------------------------------

--------------------------------------------------------------------------------------------------------------------------------------
Phe TTT   2   2   2   2   2   2 | Ser TCT   0   0   0   0   0   0 | Tyr TAT   0   0   0   0   0   0 | Cys TGT   0   0   0   0   0   0
    TTC   3   3   3   3   3   3 |     TCC   0   0   0   0   0   0 |     TAC   1   1   1   1   1   1 |     TGC   2   2   2   2   2   2
Leu TTA   1   1   1   1   1   1 |     TCA   0   0   0   0   0   0 | *** TAA   0   0   0   0   0   0 | *** TGA   0   0   0   0   0   0
    TTG   7   7   7   7   7   7 |     TCG   0   0   0   0   0   0 |     TAG   0   0   0   0   0   0 | Trp TGG   0   0   0   0   0   0
--------------------------------------------------------------------------------------------------------------------------------------
Leu CTT   3   2   3   3   3   3 | Pro CCT   0   0   0   0   0   0 | His CAT   3   3   3   3   3   3 | Arg CGT   0   0   0   0   0   0
    CTC   2   3   3   2   2   2 |     CCC   3   3   3   3   3   3 |     CAC   3   3   3   3   3   3 |     CGC   0   0   0   0   0   0
    CTA   3   3   3   3   3   3 |     CCA   0   0   0   0   0   0 | Gln CAA   5   5   5   5   5   5 |     CGA   1   1   1   1   1   1
    CTG   5   5   4   5   5   5 |     CCG   0   0   0   0   0   0 |     CAG   3   3   3   3   3   3 |     CGG   3   3   3   3   3   3
--------------------------------------------------------------------------------------------------------------------------------------
Ile ATT   1   1   1   1   1   1 | Thr ACT   5   5   5   5   5   5 | Asn AAT   7   7   7   7   7   7 | Ser AGT   1   1   1   1   1   1
    ATC   1   1   1   1   1   1 |     ACC   1   1   1   1   1   1 |     AAC   6   6   6   6   6   6 |     AGC   1   1   1   1   1   1
    ATA   0   0   0   0   0   0 |     ACA   0   0   0   0   0   0 | Lys AAA   3   3   3   3   3   3 | Arg AGA   3   3   3   3   3   3
Met ATG   1   1   1   1   1   1 |     ACG   1   1   1   1   1   1 |     AAG   1   1   1   1   1   1 |     AGG   3   3   3   3   3   3
--------------------------------------------------------------------------------------------------------------------------------------
Val GTT   2   2   2   2   2   2 | Ala GCT   6   6   6   6   6   6 | Asp GAT   4   4   4   4   4   4 | Gly GGT   3   3   3   3   3   3
    GTC   3   3   3   3   3   3 |     GCC   6   6   6   6   6   6 |     GAC   5   5   5   5   5   5 |     GGC   0   0   1   1   1   0
    GTA   1   1   1   1   1   1 |     GCA   2   2   2   2   2   2 | Glu GAA   2   2   2   2   2   2 |     GGA   4   4   3   3   3   4
    GTG   4   4   4   4   4   4 |     GCG   4   4   4   4   4   4 |     GAG   7   7   7   7   7   7 |     GGG   4   4   4   4   4   4
--------------------------------------------------------------------------------------------------------------------------------------

--------------------------------------------------------------------------------------------------------------------------------------
Phe TTT   2   2   2   2   2   2 | Ser TCT   0   0   0   0   0   0 | Tyr TAT   0   0   0   0   0   0 | Cys TGT   0   0   0   0   0   0
    TTC   3   3   3   3   3   3 |     TCC   0   0   0   0   0   0 |     TAC   1   1   1   1   1   1 |     TGC   2   2   2   2   2   2
Leu TTA   1   1   1   1   1   1 |     TCA   0   0   0   0   0   0 | *** TAA   0   0   0   0   0   0 | *** TGA   0   0   0   0   0   0
    TTG   7   7   7   7   7   7 |     TCG   0   0   0   0   0   0 |     TAG   0   0   0   0   0   0 | Trp TGG   0   0   0   0   0   0
--------------------------------------------------------------------------------------------------------------------------------------
Leu CTT   3   3   2   3   3   3 | Pro CCT   0   0   0   0   0   0 | His CAT   3   3   2   3   3   3 | Arg CGT   0   0   0   0   0   0
    CTC   2   2   3   2   2   2 |     CCC   3   3   3   3   3   3 |     CAC   3   3   4   3   3   3 |     CGC   0   0   0   0   0   0
    CTA   3   3   3   3   3   3 |     CCA   0   0   0   0   0   0 | Gln CAA   5   5   5   5   5   5 |     CGA   1   1   1   1   1   1
    CTG   5   5   5   5   5   5 |     CCG   0   0   0   0   0   0 |     CAG   3   3   3   3   3   3 |     CGG   3   3   3   3   3   3
--------------------------------------------------------------------------------------------------------------------------------------
Ile ATT   1   1   1   1   1   1 | Thr ACT   5   5   5   5   5   5 | Asn AAT   7   7   7   8   7   7 | Ser AGT   1   1   1   1   1   1
    ATC   1   1   1   1   1   1 |     ACC   1   1   1   1   1   1 |     AAC   6   6   6   5   6   6 |     AGC   1   1   1   1   1   1
    ATA   0   0   0   0   0   0 |     ACA   0   0   0   0   0   0 | Lys AAA   3   3   3   3   3   3 | Arg AGA   3   3   3   3   3   3
Met ATG   1   1   1   1   1   1 |     ACG   1   1   1   1   1   1 |     AAG   1   1   1   1   1   1 |     AGG   3   3   3   3   3   3
--------------------------------------------------------------------------------------------------------------------------------------
Val GTT   2   2   2   2   2   2 | Ala GCT   6   6   6   6   6   6 | Asp GAT   4   4   4   4   4   4 | Gly GGT   3   3   3   3   3   3
    GTC   3   3   3   3   3   3 |     GCC   6   6   6   6   6   6 |     GAC   5   5   5   5   5   5 |     GGC   1   0   0   1   0   1
    GTA   1   1   1   1   1   1 |     GCA   2   2   2   2   2   1 | Glu GAA   2   2   2   2   2   2 |     GGA   3   4   4   3   4   3
    GTG   4   4   4   4   4   4 |     GCG   4   4   4   4   4   5 |     GAG   7   7   7   7   7   7 |     GGG   4   4   4   4   4   4
--------------------------------------------------------------------------------------------------------------------------------------

--------------------------------------------------------------------------------------------------------------------------------------
Phe TTT   2   2   2   2   2   2 | Ser TCT   0   0   0   0   0   0 | Tyr TAT   0   0   0   0   0   0 | Cys TGT   0   0   0   0   0   0
    TTC   3   3   3   3   3   3 |     TCC   0   0   0   0   0   0 |     TAC   1   1   1   1   1   1 |     TGC   2   2   2   2   2   2
Leu TTA   1   1   1   1   1   1 |     TCA   0   0   0   0   0   0 | *** TAA   0   0   0   0   0   0 | *** TGA   0   0   0   0   0   0
    TTG   7   7   7   7   7   7 |     TCG   0   0   0   0   0   0 |     TAG   0   0   0   0   0   0 | Trp TGG   0   0   0   0   0   0
--------------------------------------------------------------------------------------------------------------------------------------
Leu CTT   3   3   3   3   3   3 | Pro CCT   0   1   0   0   0   0 | His CAT   3   2   3   3   3   3 | Arg CGT   0   0   0   0   0   0
    CTC   2   2   3   2   2   2 |     CCC   2   2   3   3   3   3 |     CAC   3   4   3   3   3   3 |     CGC   0   0   0   0   0   0
    CTA   3   3   3   3   3   3 |     CCA   0   0   0   0   0   0 | Gln CAA   4   5   5   5   4   5 |     CGA   1   1   1   1   1   1
    CTG   5   5   4   5   5   5 |     CCG   0   0   0   0   0   0 |     CAG   4   3   3   3   4   3 |     CGG   3   3   3   3   3   3
--------------------------------------------------------------------------------------------------------------------------------------
Ile ATT   1   1   1   1   1   1 | Thr ACT   5   5   5   5   5   5 | Asn AAT   7   7   7   7   7   7 | Ser AGT   1   1   1   1   1   1
    ATC   1   1   1   1   1   1 |     ACC   1   1   1   1   1   1 |     AAC   5   6   6   6   6   6 |     AGC   1   1   1   1   1   1
    ATA   0   0   0   0   0   0 |     ACA   0   0   0   0   0   0 | Lys AAA   3   3   3   3   3   3 | Arg AGA   3   3   3   3   3   3
Met ATG   1   1   1   1   1   1 |     ACG   1   1   1   1   1   1 |     AAG   1   1   1   1   1   1 |     AGG   3   3   3   3   3   3
--------------------------------------------------------------------------------------------------------------------------------------
Val GTT   2   2   2   2   2   2 | Ala GCT   6   6   6   6   6   6 | Asp GAT   4   4   4   4   4   4 | Gly GGT   3   3   3   3   3   3
    GTC   3   3   3   3   3   3 |     GCC   7   6   6   6   6   6 |     GAC   6   5   5   5   5   5 |     GGC   1   0   1   1   1   0
    GTA   1   1   1   1   1   1 |     GCA   2   2   2   2   2   2 | Glu GAA   2   2   2   2   2   2 |     GGA   3   4   3   3   3   4
    GTG   4   4   4   4   4   4 |     GCG   4   4   4   4   4   4 |     GAG   7   7   7   7   7   7 |     GGG   4   4   4   4   4   4
--------------------------------------------------------------------------------------------------------------------------------------

--------------------------------------------------------------------------------------------------------------------------------------
Phe TTT   2   2   2   2   2   2 | Ser TCT   0   0   0   0   0   0 | Tyr TAT   0   0   0   0   0   0 | Cys TGT   0   0   0   0   0   0
    TTC   3   3   3   3   3   3 |     TCC   0   0   0   0   0   0 |     TAC   1   1   1   1   1   1 |     TGC   2   2   2   2   2   2
Leu TTA   1   1   1   1   1   1 |     TCA   0   0   0   0   0   0 | *** TAA   0   0   0   0   0   0 | *** TGA   0   0   0   0   0   0
    TTG   7   7   7   7   7   7 |     TCG   0   0   0   0   0   0 |     TAG   0   0   0   0   0   0 | Trp TGG   0   0   0   0   0   0
--------------------------------------------------------------------------------------------------------------------------------------
Leu CTT   3   3   2   2   3   3 | Pro CCT   0   0   0   0   1   0 | His CAT   3   3   2   3   3   3 | Arg CGT   0   0   0   0   0   0
    CTC   2   2   3   3   2   2 |     CCC   3   3   3   3   2   3 |     CAC   3   3   4   3   3   3 |     CGC   0   0   0   0   0   0
    CTA   3   3   3   3   3   3 |     CCA   0   0   0   0   0   0 | Gln CAA   5   5   5   5   5   5 |     CGA   1   1   1   1   1   1
    CTG   5   5   5   5   5   5 |     CCG   0   0   0   0   0   0 |     CAG   3   3   3   3   3   3 |     CGG   3   3   3   3   3   3
--------------------------------------------------------------------------------------------------------------------------------------
Ile ATT   1   1   1   1   1   1 | Thr ACT   5   5   5   5   5   5 | Asn AAT   7   7   7   7   7   8 | Ser AGT   1   1   1   1   1   1
    ATC   1   1   1   1   1   1 |     ACC   1   1   1   1   1   1 |     AAC   6   6   6   6   6   5 |     AGC   1   1   1   1   1   1
    ATA   0   0   0   0   0   0 |     ACA   0   0   0   0   0   0 | Lys AAA   3   3   3   3   3   3 | Arg AGA   3   3   3   3   3   3
Met ATG   1   1   1   1   1   1 |     ACG   1   1   1   1   1   1 |     AAG   1   1   1   1   1   1 |     AGG   3   3   3   3   3   3
--------------------------------------------------------------------------------------------------------------------------------------
Val GTT   2   2   2   2   2   2 | Ala GCT   6   6   6   6   6   6 | Asp GAT   4   4   4   4   4   4 | Gly GGT   3   3   3   3   3   3
    GTC   3   3   3   3   3   3 |     GCC   6   6   6   6   6   6 |     GAC   5   5   5   5   5   5 |     GGC   0   1   0   0   0   1
    GTA   1   1   1   1   1   1 |     GCA   2   2   2   2   2   2 | Glu GAA   2   2   2   2   2   2 |     GGA   4   3   4   4   4   3
    GTG   4   4   4   4   4   4 |     GCG   4   4   4   4   4   4 |     GAG   7   7   7   7   7   7 |     GGG   4   4   4   4   4   4
--------------------------------------------------------------------------------------------------------------------------------------

--------------------------------------------------------------------------------------------------------------------------------------
Phe TTT   2   2   2   2   2   2 | Ser TCT   0   0   0   0   0   0 | Tyr TAT   0   0   0   0   0   0 | Cys TGT   0   0   0   0   0   0
    TTC   3   3   3   3   3   3 |     TCC   0   0   0   0   0   0 |     TAC   1   1   1   1   1   1 |     TGC   2   2   2   2   2   2
Leu TTA   1   1   1   1   1   1 |     TCA   0   0   0   0   0   0 | *** TAA   0   0   0   0   0   0 | *** TGA   0   0   0   0   0   0
    TTG   7   7   7   7   7   7 |     TCG   0   0   0   0   0   0 |     TAG   0   0   0   0   0   0 | Trp TGG   0   0   0   0   0   0
--------------------------------------------------------------------------------------------------------------------------------------
Leu CTT   3   3   3   3   3   3 | Pro CCT   0   0   0   0   0   0 | His CAT   3   3   3   3   3   3 | Arg CGT   0   0   0   0   0   0
    CTC   2   2   2   2   2   2 |     CCC   3   3   3   3   3   3 |     CAC   3   3   3   3   3   3 |     CGC   0   1   0   0   0   0
    CTA   3   3   3   3   3   3 |     CCA   0   0   0   0   0   0 | Gln CAA   5   5   5   5   5   5 |     CGA   1   1   1   1   1   1
    CTG   5   5   5   5   5   5 |     CCG   0   0   0   0   0   0 |     CAG   3   3   3   3   3   3 |     CGG   3   2   3   3   3   3
--------------------------------------------------------------------------------------------------------------------------------------
Ile ATT   1   1   1   1   1   1 | Thr ACT   5   5   4   5   5   5 | Asn AAT   7   7   7   7   7   7 | Ser AGT   1   1   1   1   1   1
    ATC   1   1   1   1   1   1 |     ACC   1   1   2   1   1   1 |     AAC   6   6   6   6   6   6 |     AGC   1   1   1   1   1   1
    ATA   0   0   0   0   0   0 |     ACA   0   0   0   0   0   0 | Lys AAA   3   3   3   3   3   3 | Arg AGA   3   3   3   3   3   3
Met ATG   1   1   1   1   1   1 |     ACG   1   1   1   1   1   1 |     AAG   1   1   1   1   1   1 |     AGG   3   3   3   3   3   3
--------------------------------------------------------------------------------------------------------------------------------------
Val GTT   2   2   2   2   2   2 | Ala GCT   6   6   6   6   6   6 | Asp GAT   4   4   4   4   4   4 | Gly GGT   3   3   3   3   3   3
    GTC   3   3   3   3   3   3 |     GCC   6   6   6   6   6   6 |     GAC   5   5   5   5   5   5 |     GGC   1   1   1   0   0   0
    GTA   1   1   1   1   1   1 |     GCA   3   2   2   2   2   2 | Glu GAA   2   2   2   2   2   2 |     GGA   3   3   3   4   4   4
    GTG   4   4   4   4   4   4 |     GCG   3   4   4   4   4   4 |     GAG   7   7   7   7   7   7 |     GGG   4   4   4   4   4   4
--------------------------------------------------------------------------------------------------------------------------------------

Codon position x base (3x4) table for each sequence.

#1: Argali         
position  1:    T:0.11268    C:0.23944    A:0.24648    G:0.40141
position  2:    T:0.27465    C:0.19718    A:0.35211    G:0.17606
position  3:    T:0.26056    C:0.27465    A:0.16901    G:0.29577
Average         T:0.21596    C:0.23709    A:0.25587    G:0.29108

#2: LesserMouseDeer
position  1:    T:0.11268    C:0.23944    A:0.24648    G:0.40141
position  2:    T:0.26761    C:0.20423    A:0.35211    G:0.17606
position  3:    T:0.26761    C:0.25352    A:0.17606    G:0.30282
Average         T:0.21596    C:0.23239    A:0.25822    G:0.29343

#3: LesserKudu     
position  1:    T:0.11268    C:0.23944    A:0.24648    G:0.40141
position  2:    T:0.27465    C:0.19718    A:0.35211    G:0.17606
position  3:    T:0.26056    C:0.26056    A:0.17606    G:0.30282
Average         T:0.21596    C:0.23239    A:0.25822    G:0.29343

#4: ForestMuskDeer2
position  1:    T:0.11268    C:0.23944    A:0.24648    G:0.40141
position  2:    T:0.27465    C:0.19718    A:0.35211    G:0.17606
position  3:    T:0.26056    C:0.26056    A:0.17606    G:0.30282
Average         T:0.21596    C:0.23239    A:0.25822    G:0.29343

#5: Camel          
position  1:    T:0.11972    C:0.24648    A:0.23944    G:0.39437
position  2:    T:0.27465    C:0.19718    A:0.35211    G:0.17606
position  3:    T:0.24648    C:0.26761    A:0.18310    G:0.30282
Average         T:0.21362    C:0.23709    A:0.25822    G:0.29108

#6: KillerWhale    
position  1:    T:0.11268    C:0.23944    A:0.24648    G:0.40141
position  2:    T:0.27465    C:0.19718    A:0.35211    G:0.17606
position  3:    T:0.25352    C:0.26761    A:0.18310    G:0.29577
Average         T:0.21362    C:0.23474    A:0.26056    G:0.29108

#7: DefassaWaterbuck
position  1:    T:0.11268    C:0.24648    A:0.23944    G:0.40141
position  2:    T:0.27465    C:0.19718    A:0.35211    G:0.17606
position  3:    T:0.26056    C:0.26761    A:0.16901    G:0.30282
Average         T:0.21596    C:0.23709    A:0.25352    G:0.29343

#8: Sheep          
position  1:    T:0.11268    C:0.23944    A:0.24648    G:0.40141
position  2:    T:0.27465    C:0.19718    A:0.35211    G:0.17606
position  3:    T:0.26056    C:0.27465    A:0.16901    G:0.29577
Average         T:0.21596    C:0.23709    A:0.25587    G:0.29108

#9: MaxwellsDuiker 
position  1:    T:0.11268    C:0.23944    A:0.24648    G:0.40141
position  2:    T:0.27465    C:0.19718    A:0.35211    G:0.17606
position  3:    T:0.26056    C:0.26761    A:0.16901    G:0.30282
Average         T:0.21596    C:0.23474    A:0.25587    G:0.29343

#10: GazellaPrzewalskyi
position  1:    T:0.11268    C:0.23944    A:0.24648    G:0.40141
position  2:    T:0.27465    C:0.19718    A:0.35211    G:0.17606
position  3:    T:0.26056    C:0.26761    A:0.16901    G:0.30282
Average         T:0.21596    C:0.23474    A:0.25587    G:0.29343

#11: MountainNyala  
position  1:    T:0.11268    C:0.23944    A:0.24648    G:0.40141
position  2:    T:0.27465    C:0.19718    A:0.35211    G:0.17606
position  3:    T:0.26056    C:0.26056    A:0.17606    G:0.30282
Average         T:0.21596    C:0.23239    A:0.25822    G:0.29343

#12: MuntiacusMuntjak
position  1:    T:0.11268    C:0.23944    A:0.24648    G:0.40141
position  2:    T:0.27465    C:0.19718    A:0.35211    G:0.17606
position  3:    T:0.24648    C:0.27465    A:0.17606    G:0.30282
Average         T:0.21127    C:0.23709    A:0.25822    G:0.29343

#13: goat           
position  1:    T:0.11268    C:0.23944    A:0.24648    G:0.40141
position  2:    T:0.27465    C:0.19718    A:0.35211    G:0.17606
position  3:    T:0.26056    C:0.27465    A:0.16901    G:0.29577
Average         T:0.21596    C:0.23709    A:0.25587    G:0.29108

#14: AfricanBuffalo 
position  1:    T:0.11268    C:0.23944    A:0.24648    G:0.40141
position  2:    T:0.27465    C:0.19718    A:0.35211    G:0.17606
position  3:    T:0.25352    C:0.26761    A:0.17606    G:0.30282
Average         T:0.21362    C:0.23474    A:0.25822    G:0.29343

#15: Topi           
position  1:    T:0.11268    C:0.23944    A:0.24648    G:0.40141
position  2:    T:0.27465    C:0.19718    A:0.35211    G:0.17606
position  3:    T:0.26056    C:0.26761    A:0.16901    G:0.30282
Average         T:0.21596    C:0.23474    A:0.25587    G:0.29343

#16: CommonDuiker   
position  1:    T:0.11268    C:0.23944    A:0.24648    G:0.40141
position  2:    T:0.27465    C:0.19718    A:0.35211    G:0.17606
position  3:    T:0.26056    C:0.26761    A:0.17606    G:0.29577
Average         T:0.21596    C:0.23474    A:0.25822    G:0.29108

#17: Suni           
position  1:    T:0.11268    C:0.23944    A:0.24648    G:0.40141
position  2:    T:0.27465    C:0.19718    A:0.35211    G:0.17606
position  3:    T:0.26056    C:0.26761    A:0.16901    G:0.30282
Average         T:0.21596    C:0.23474    A:0.25587    G:0.29343

#18: Springbuck     
position  1:    T:0.11268    C:0.23944    A:0.24648    G:0.40141
position  2:    T:0.27465    C:0.19718    A:0.35211    G:0.17606
position  3:    T:0.26056    C:0.26761    A:0.17606    G:0.29577
Average         T:0.21596    C:0.23474    A:0.25822    G:0.29108

#19: Okapi          
position  1:    T:0.11268    C:0.23944    A:0.24648    G:0.40141
position  2:    T:0.27465    C:0.19718    A:0.35211    G:0.17606
position  3:    T:0.25352    C:0.26761    A:0.18310    G:0.29577
Average         T:0.21362    C:0.23474    A:0.26056    G:0.29108

#20: Giraffe        
position  1:    T:0.11268    C:0.23944    A:0.24648    G:0.40141
position  2:    T:0.27465    C:0.19718    A:0.35211    G:0.17606
position  3:    T:0.26056    C:0.26056    A:0.18310    G:0.29577
Average         T:0.21596    C:0.23239    A:0.26056    G:0.29108

#21: TibetanAntelope
position  1:    T:0.11972    C:0.23944    A:0.23944    G:0.40141
position  2:    T:0.27465    C:0.19718    A:0.35211    G:0.17606
position  3:    T:0.26056    C:0.27465    A:0.16901    G:0.29577
Average         T:0.21831    C:0.23709    A:0.25352    G:0.29108

#22: Sitatunga      
position  1:    T:0.11268    C:0.23944    A:0.24648    G:0.40141
position  2:    T:0.27465    C:0.19718    A:0.35211    G:0.17606
position  3:    T:0.26056    C:0.26056    A:0.17606    G:0.30282
Average         T:0.21596    C:0.23239    A:0.25822    G:0.29343

#23: Oribi          
position  1:    T:0.11268    C:0.23944    A:0.24648    G:0.40141
position  2:    T:0.27465    C:0.19718    A:0.35211    G:0.17606
position  3:    T:0.26056    C:0.26761    A:0.16901    G:0.30282
Average         T:0.21596    C:0.23474    A:0.25587    G:0.29343

#24: BarbarySheep   
position  1:    T:0.11268    C:0.23944    A:0.24648    G:0.40141
position  2:    T:0.27465    C:0.19718    A:0.35211    G:0.17606
position  3:    T:0.26056    C:0.27465    A:0.16901    G:0.29577
Average         T:0.21596    C:0.23709    A:0.25587    G:0.29108

#25: Daviddeer      
position  1:    T:0.11268    C:0.23944    A:0.24648    G:0.40141
position  2:    T:0.27465    C:0.19718    A:0.35211    G:0.17606
position  3:    T:0.26056    C:0.26056    A:0.17606    G:0.30282
Average         T:0.21596    C:0.23239    A:0.25822    G:0.29343

#26: Reindeer       
position  1:    T:0.11268    C:0.23944    A:0.24648    G:0.40141
position  2:    T:0.27465    C:0.19718    A:0.35211    G:0.17606
position  3:    T:0.25352    C:0.26761    A:0.17606    G:0.30282
Average         T:0.21362    C:0.23474    A:0.25822    G:0.29343

#27: Ibex           
position  1:    T:0.11268    C:0.23944    A:0.24648    G:0.40141
position  2:    T:0.27465    C:0.19718    A:0.35211    G:0.17606
position  3:    T:0.26056    C:0.27465    A:0.16901    G:0.29577
Average         T:0.21596    C:0.23709    A:0.25587    G:0.29108

#28: GyrantGazelle  
position  1:    T:0.11268    C:0.23944    A:0.24648    G:0.40141
position  2:    T:0.27465    C:0.19718    A:0.35211    G:0.17606
position  3:    T:0.26056    C:0.26761    A:0.16901    G:0.30282
Average         T:0.21596    C:0.23474    A:0.25587    G:0.29343

#29: Hartebeest     
position  1:    T:0.11268    C:0.23944    A:0.24648    G:0.40141
position  2:    T:0.27465    C:0.19718    A:0.35211    G:0.17606
position  3:    T:0.26056    C:0.26761    A:0.16901    G:0.30282
Average         T:0.21596    C:0.23474    A:0.25587    G:0.29343

#30: Bongo          
position  1:    T:0.11268    C:0.23944    A:0.24648    G:0.40141
position  2:    T:0.27465    C:0.19718    A:0.35211    G:0.17606
position  3:    T:0.26056    C:0.26056    A:0.17606    G:0.30282
Average         T:0.21596    C:0.23239    A:0.25822    G:0.29343

#31: Gerenuk        
position  1:    T:0.11268    C:0.23944    A:0.24648    G:0.40141
position  2:    T:0.27465    C:0.19718    A:0.35211    G:0.17606
position  3:    T:0.26056    C:0.26761    A:0.16901    G:0.30282
Average         T:0.21596    C:0.23474    A:0.25587    G:0.29343

#32: CommonEland    
position  1:    T:0.11268    C:0.23944    A:0.24648    G:0.40141
position  2:    T:0.27465    C:0.19718    A:0.35211    G:0.17606
position  3:    T:0.26056    C:0.26056    A:0.17606    G:0.30282
Average         T:0.21596    C:0.23239    A:0.25822    G:0.29343

#33: MuntiacusReevesi
position  1:    T:0.11268    C:0.23944    A:0.24648    G:0.40141
position  2:    T:0.27465    C:0.19718    A:0.35211    G:0.17606
position  3:    T:0.24648    C:0.27465    A:0.17606    G:0.30282
Average         T:0.21127    C:0.23709    A:0.25822    G:0.29343

#34: HarveysDuiker  
position  1:    T:0.11268    C:0.23944    A:0.24648    G:0.40141
position  2:    T:0.27465    C:0.19718    A:0.35211    G:0.17606
position  3:    T:0.26761    C:0.26056    A:0.16901    G:0.30282
Average         T:0.21831    C:0.23239    A:0.25587    G:0.29343

#35: Pronghorn      
position  1:    T:0.11268    C:0.23944    A:0.24648    G:0.40141
position  2:    T:0.27465    C:0.19718    A:0.35211    G:0.17606
position  3:    T:0.26056    C:0.26056    A:0.17606    G:0.30282
Average         T:0.21596    C:0.23239    A:0.25822    G:0.29343

#36: BlueWildebeest 
position  1:    T:0.11268    C:0.23944    A:0.24648    G:0.40141
position  2:    T:0.27465    C:0.19718    A:0.35211    G:0.17606
position  3:    T:0.26056    C:0.26761    A:0.16197    G:0.30986
Average         T:0.21596    C:0.23474    A:0.25352    G:0.29577

#37: Gemsbok        
position  1:    T:0.11268    C:0.23239    A:0.23944    G:0.41549
position  2:    T:0.27465    C:0.19718    A:0.35211    G:0.17606
position  3:    T:0.26056    C:0.26761    A:0.16197    G:0.30986
Average         T:0.21596    C:0.23239    A:0.25117    G:0.30047

#38: Yak            
position  1:    T:0.11268    C:0.23944    A:0.24648    G:0.40141
position  2:    T:0.27465    C:0.19718    A:0.35211    G:0.17606
position  3:    T:0.26056    C:0.26056    A:0.17606    G:0.30282
Average         T:0.21596    C:0.23239    A:0.25822    G:0.29343

#39: BlueSheep      
position  1:    T:0.11268    C:0.23944    A:0.24648    G:0.40141
position  2:    T:0.27465    C:0.19718    A:0.35211    G:0.17606
position  3:    T:0.26056    C:0.27465    A:0.16901    G:0.29577
Average         T:0.21596    C:0.23709    A:0.25587    G:0.29108

#40: BohorReedbuck  
position  1:    T:0.11268    C:0.23944    A:0.24648    G:0.40141
position  2:    T:0.27465    C:0.19718    A:0.35211    G:0.17606
position  3:    T:0.26056    C:0.26761    A:0.16901    G:0.30282
Average         T:0.21596    C:0.23474    A:0.25587    G:0.29343

#41: KirksDik       
position  1:    T:0.11268    C:0.23944    A:0.24648    G:0.40141
position  2:    T:0.27465    C:0.19718    A:0.35211    G:0.17606
position  3:    T:0.26056    C:0.26761    A:0.16197    G:0.30986
Average         T:0.21596    C:0.23474    A:0.25352    G:0.29577

#42: RoeDeer        
position  1:    T:0.11268    C:0.23944    A:0.24648    G:0.40141
position  2:    T:0.27465    C:0.19718    A:0.35211    G:0.17606
position  3:    T:0.26056    C:0.26056    A:0.17606    G:0.30282
Average         T:0.21596    C:0.23239    A:0.25822    G:0.29343

#43: WhiteLippedDeer
position  1:    T:0.11268    C:0.23944    A:0.24648    G:0.40141
position  2:    T:0.27465    C:0.19718    A:0.35211    G:0.17606
position  3:    T:0.26056    C:0.26056    A:0.17606    G:0.30282
Average         T:0.21596    C:0.23239    A:0.25822    G:0.29343

#44: ThomsonGazelle 
position  1:    T:0.11268    C:0.23944    A:0.24648    G:0.40141
position  2:    T:0.27465    C:0.19718    A:0.35211    G:0.17606
position  3:    T:0.26056    C:0.26761    A:0.16901    G:0.30282
Average         T:0.21596    C:0.23474    A:0.25587    G:0.29343

#45: MuntiacusCrinifrons
position  1:    T:0.11268    C:0.23944    A:0.24648    G:0.40141
position  2:    T:0.27465    C:0.19718    A:0.35211    G:0.17606
position  3:    T:0.24648    C:0.27465    A:0.17606    G:0.30282
Average         T:0.21127    C:0.23709    A:0.25822    G:0.29343

#46: WhiteTailedDeer
position  1:    T:0.11268    C:0.23944    A:0.24648    G:0.40141
position  2:    T:0.27465    C:0.19718    A:0.35211    G:0.17606
position  3:    T:0.25352    C:0.26761    A:0.17606    G:0.30282
Average         T:0.21362    C:0.23474    A:0.25822    G:0.29343

#47: Cattle         
position  1:    T:0.11268    C:0.23944    A:0.24648    G:0.40141
position  2:    T:0.27465    C:0.19718    A:0.35211    G:0.17606
position  3:    T:0.26761    C:0.25352    A:0.17606    G:0.30282
Average         T:0.21831    C:0.23005    A:0.25822    G:0.29343

#48: RoyalAntelope  
position  1:    T:0.11268    C:0.23944    A:0.24648    G:0.40141
position  2:    T:0.27465    C:0.19718    A:0.35211    G:0.17606
position  3:    T:0.26761    C:0.26056    A:0.16901    G:0.30282
Average         T:0.21831    C:0.23239    A:0.25587    G:0.29343

#49: Steenbok       
position  1:    T:0.11268    C:0.23944    A:0.24648    G:0.40141
position  2:    T:0.27465    C:0.19718    A:0.35211    G:0.17606
position  3:    T:0.26056    C:0.26761    A:0.17606    G:0.29577
Average         T:0.21596    C:0.23474    A:0.25822    G:0.29108

#50: Impala         
position  1:    T:0.11268    C:0.23944    A:0.24648    G:0.40141
position  2:    T:0.27465    C:0.19718    A:0.35211    G:0.17606
position  3:    T:0.26056    C:0.27465    A:0.16901    G:0.29577
Average         T:0.21596    C:0.23709    A:0.25587    G:0.29108

#51: Klipspringer   
position  1:    T:0.11268    C:0.23944    A:0.24648    G:0.40141
position  2:    T:0.27465    C:0.19718    A:0.35211    G:0.17606
