1
52 1
Argali 0.000000 0.232200 0.129200 0.329600 0.082600 0.012400 0.105600 0.100400 0.119900 0.148300 0.033400 0.091800 0.081700 0.096000 0.114400 0.095800 0.082600 0.091600 0.063600 0.114800 0.091400 0.037600 0.148400 0.172700 0.041800 0.133200 0.077100 0.124600 0.096100 0.119900 0.153000 0.096400 0.186200 0.077000 0.086000 0.105400 0.041900 0.082300 0.096100 0.148500 0.163900 0.142900 0.152800 0.152700 0.110200 0.091100 0.105400 0.096000 0.096200 0.110500 0.119800 0.120000
LesserMous 0.232200 0.000000 0.222600 0.303600 0.211700 0.216100 0.228000 0.221100 0.212300 0.216400 0.210600 0.185900 0.199900 0.205800 0.194600 0.210800 0.188500 0.188900 0.215500 0.217100 0.190100 0.226700 0.220800 0.226000 0.220700 0.232800 0.199700 0.217600 0.195800 0.212300 0.205500 0.206900 0.273200 0.194800 0.199600 0.200700 0.221400 0.211100 0.206200 0.210500 0.221800 0.233000 0.215600 0.214400 0.201200 0.195200 0.184600 0.200600 0.201100 0.185100 0.212200 0.212600
LesserKudu 0.129200 0.222600 0.000000 0.291600 0.082400 0.115000 0.100800 0.091100 0.008300 0.129000 0.100900 0.060000 0.082400 0.082200 0.082100 0.086600 0.078000 0.082400 0.105400 0.020800 0.077700 0.114900 0.124200 0.148200 0.110100 0.105200 0.073200 0.012500 0.068900 0.008300 0.128700 0.082600 0.151700 0.073300 0.105300 0.064300 0.110200 0.082200 0.077800 0.143600 0.139200 0.105200 0.128500 0.138000 0.068800 0.073200 0.077800 0.091300 0.082400 0.082600 0.033600 0.016700
KillerWhal 0.329600 0.303600 0.291600 0.000000 0.275400 0.311600 0.293300 0.285200 0.280600 0.327700 0.305300 0.263900 0.292400 0.280600 0.302500 0.274300 0.241500 0.251100 0.287300 0.274000 0.274800 0.323200 0.307900 0.296000 0.304800 0.291200 0.280400 0.286100 0.275000 0.280700 0.327300 0.276100 0.346700 0.280800 0.281400 0.268100 0.317300 0.275300 0.275300 0.296900 0.327200 0.315000 0.326400 0.306500 0.268700 0.269100 0.269100 0.291700 0.275600 0.269500 0.280200 0.280900
DefassaWat 0.082600 0.211700 0.082400 0.275400 0.000000 0.069000 0.060000 0.059700 0.073200 0.100500 0.055700 0.055500 0.046800 0.055400 0.073100 0.046400 0.051200 0.046700 0.060000 0.068800 0.038000 0.069000 0.105200 0.119100 0.064400 0.073100 0.042400 0.077700 0.037900 0.073500 0.109600 0.055700 0.151700 0.046800 0.077900 0.059900 0.064500 0.008300 0.037900 0.124100 0.119700 0.073000 0.100100 0.100100 0.064200 0.042300 0.046700 0.064200 0.046800 0.060100 0.082000 0.082300
Sheep 0.012400 0.216100 0.115000 0.311600 0.069000 0.000000 0.091700 0.086700 0.105800 0.133900 0.020700 0.078100 0.068300 0.082300 0.100500 0.091200 0.069100 0.077900 0.050500 0.100800 0.077800 0.033400 0.133900 0.157800 0.029100 0.119400 0.063800 0.110400 0.082400 0.105800 0.138500 0.082700 0.166900 0.063700 0.072600 0.091600 0.029100 0.068800 0.082400 0.134000 0.149100 0.128900 0.138300 0.138200 0.096300 0.077500 0.091600 0.082300 0.082500 0.096500 0.105700 0.105900
MaxwellsDu 0.105600 0.228000 0.100800 0.293300 0.060000 0.091700 0.000000 0.086600 0.091800 0.124000 0.078000 0.064600 0.073400 0.055400 0.091200 0.073000 0.069000 0.073400 0.082400 0.086900 0.064300 0.091600 0.124000 0.143000 0.077900 0.100500 0.059800 0.096300 0.064400 0.091800 0.123700 0.046900 0.171600 0.064400 0.082400 0.077900 0.087000 0.059800 0.064300 0.138500 0.128900 0.109700 0.123500 0.123600 0.082500 0.059900 0.064400 0.082100 0.073400 0.069000 0.100800 0.101100
GazellaPrz 0.100400 0.221100 0.091100 0.285200 0.059700 0.086700 0.086600 0.000000 0.082100 0.109100 0.082100 0.073200 0.073000 0.072900 0.081600 0.055000 0.068600 0.064100 0.086500 0.086400 0.045400 0.095700 0.113800 0.127700 0.091000 0.077300 0.068400 0.086600 0.046500 0.082200 0.118300 0.073200 0.170700 0.072900 0.104800 0.077400 0.091200 0.059500 0.046500 0.132800 0.128400 0.086200 0.108700 0.117900 0.082100 0.050800 0.046500 0.090800 0.064100 0.068700 0.100300 0.091300
MountainNy 0.119900 0.212300 0.008300 0.280600 0.073200 0.105800 0.091800 0.082100 0.000000 0.119700 0.091800 0.051100 0.073500 0.073300 0.073200 0.077600 0.069100 0.073500 0.096300 0.012500 0.068900 0.105700 0.115000 0.138800 0.100900 0.096100 0.064400 0.004100 0.059900 0.000000 0.119500 0.073700 0.152000 0.064500 0.096200 0.055500 0.101100 0.073300 0.068700 0.134200 0.129800 0.096100 0.119300 0.128700 0.059800 0.064400 0.068900 0.082300 0.073500 0.073600 0.025100 0.008300
MuntiacusM 0.148300 0.216400 0.129000 0.327700 0.100500 0.133900 0.124000 0.109100 0.119700 0.000000 0.119600 0.105400 0.105200 0.105000 0.104800 0.104700 0.100700 0.086500 0.128800 0.114700 0.095700 0.133900 0.050900 0.054800 0.128800 0.123800 0.109700 0.124500 0.095800 0.119800 0.025100 0.105500 0.180600 0.109500 0.138300 0.114400 0.119700 0.100200 0.095700 0.050900 0.051100 0.133400 0.016600 0.050600 0.119300 0.095500 0.105000 0.123600 0.091300 0.110200 0.119600 0.129300
goat 0.033400 0.210600 0.100900 0.305300 0.055700 0.020700 0.078000 0.082100 0.091800 0.119600 0.000000 0.073500 0.055100 0.068800 0.086700 0.077600 0.064500 0.064400 0.037600 0.087000 0.064300 0.012400 0.119600 0.143200 0.008200 0.105300 0.050600 0.096400 0.068900 0.091900 0.124200 0.069100 0.161900 0.050400 0.068100 0.077900 0.008200 0.055500 0.068800 0.129200 0.134500 0.114600 0.124000 0.123900 0.082500 0.063900 0.077900 0.077700 0.068900 0.082700 0.101000 0.101200
AfricanBuf 0.091800 0.185900 0.060000 0.263900 0.055500 0.078100 0.064600 0.073200 0.051100 0.105400 0.073500 0.000000 0.064600 0.055500 0.064300 0.059600 0.042600 0.055700 0.078000 0.046700 0.051200 0.087100 0.100700 0.124100 0.082500 0.077700 0.055500 0.055500 0.042400 0.051300 0.105100 0.047000 0.147100 0.055600 0.078000 0.029500 0.082600 0.055500 0.051000 0.100900 0.105800 0.077700 0.105000 0.114300 0.033700 0.038100 0.060100 0.046700 0.046900 0.064700 0.051000 0.051200
Topi 0.081700 0.199900 0.082400 0.292400 0.046800 0.068300 0.073400 0.073000 0.073500 0.105200 0.055100 0.064600 0.000000 0.051000 0.068700 0.059700 0.055600 0.051100 0.059400 0.068800 0.046700 0.068300 0.109900 0.123800 0.063800 0.086700 0.012400 0.078000 0.051100 0.073500 0.114300 0.051300 0.146900 0.008300 0.037700 0.068800 0.063900 0.046600 0.051100 0.128900 0.124500 0.095700 0.104800 0.114000 0.073400 0.055500 0.051100 0.068700 0.051200 0.073600 0.082400 0.082600
CommonDuik 0.096000 0.205800 0.082200 0.280600 0.055400 0.082300 0.055400 0.072900 0.073300 0.105000 0.068800 0.055500 0.051000 0.000000 0.068400 0.059600 0.046700 0.051000 0.073200 0.068600 0.050900 0.082200 0.100400 0.123700 0.077600 0.086500 0.046600 0.077800 0.051000 0.073400 0.104800 0.025200 0.146600 0.042300 0.073100 0.059800 0.077800 0.055200 0.051000 0.119200 0.114800 0.091000 0.104600 0.113800 0.064300 0.046600 0.051000 0.068500 0.051000 0.064400 0.082200 0.082400
Suni 0.114400 0.194600 0.082100 0.302500 0.073100 0.100500 0.091200 0.081600 0.073200 0.104800 0.086700 0.064300 0.068700 0.068400 0.000000 0.077200 0.055300 0.068600 0.091100 0.077500 0.068500 0.100400 0.104800 0.142400 0.086600 0.095500 0.064100 0.077700 0.059700 0.073300 0.104600 0.068800 0.156100 0.059700 0.091200 0.068600 0.086700 0.072800 0.068500 0.128400 0.119300 0.095500 0.104400 0.132400 0.073200 0.055300 0.068500 0.068400 0.068600 0.073200 0.082100 0.082300
Springbuck 0.095800 0.210800 0.086600 0.274300 0.046400 0.091200 0.073000 0.055000 0.077600 0.104700 0.077600 0.059600 0.059700 0.059600 0.077200 0.000000 0.051000 0.050900 0.073100 0.072900 0.033600 0.082100 0.109400 0.123300 0.086500 0.068400 0.055200 0.081900 0.033500 0.077700 0.113800 0.059800 0.155900 0.059700 0.091100 0.064100 0.086600 0.046400 0.033500 0.128300 0.123900 0.077200 0.104300 0.113500 0.068400 0.037900 0.042200 0.077200 0.050900 0.064300 0.085800 0.086500
Okapi 0.082600 0.188500 0.078000 0.241500 0.051200 0.069100 0.069000 0.068600 0.069100 0.100700 0.064500 0.042600 0.055600 0.046700 0.055300 0.051000 0.000000 0.020900 0.068900 0.064400 0.046700 0.078000 0.086600 0.109500 0.073400 0.082200 0.051100 0.073600 0.046800 0.069100 0.100500 0.046900 0.131300 0.046800 0.068900 0.055600 0.073500 0.051000 0.042400 0.095900 0.100700 0.091300 0.100400 0.099900 0.060100 0.042400 0.055600 0.055400 0.045900 0.051100 0.069000 0.069200
Giraffe 0.091600 0.188900 0.082400 0.251100 0.046700 0.077900 0.073400 0.064100 0.073500 0.086500 0.064400 0.055700 0.051100 0.051000 0.068600 0.050900 0.020900 0.000000 0.068800 0.068800 0.042300 0.077800 0.081700 0.095200 0.073300 0.077600 0.055400 0.078000 0.042400 0.073500 0.095500 0.051300 0.116600 0.051100 0.082300 0.059900 0.073400 0.046600 0.036700 0.100100 0.095700 0.086600 0.086200 0.085900 0.064400 0.038000 0.051100 0.068600 0.041400 0.055500 0.082500 0.082600
TibetanAnt 0.063600 0.215500 0.105400 0.287300 0.060000 0.050500 0.082400 0.086500 0.096300 0.128800 0.037600 0.078000 0.059400 0.073200 0.091100 0.073100 0.068900 0.068800 0.000000 0.091400 0.059900 0.050500 0.124000 0.152600 0.046100 0.100500 0.054900 0.100900 0.064400 0.096400 0.128600 0.073500 0.166600 0.054700 0.063500 0.082300 0.046200 0.059800 0.055500 0.143400 0.139000 0.109800 0.128400 0.128300 0.087000 0.059400 0.073300 0.082100 0.073400 0.087200 0.105400 0.105700
Sitatunga 0.114800 0.217100 0.020800 0.274000 0.068800 0.100800 0.086900 0.086400 0.012500 0.114700 0.087000 0.046700 0.068800 0.068600 0.077500 0.072900 0.064400 0.068800 0.091400 0.000000 0.064200 0.100700 0.110000 0.133600 0.096000 0.091200 0.059700 0.016700 0.055400 0.012500 0.114500 0.069000 0.146600 0.059800 0.091300 0.051000 0.096200 0.068600 0.064200 0.129100 0.124700 0.091300 0.114300 0.123600 0.055400 0.059700 0.073200 0.077500 0.068800 0.078000 0.012500 0.020900
Oribi 0.091400 0.190100 0.077700 0.274800 0.038000 0.077800 0.064300 0.045400 0.068900 0.095700 0.064300 0.051200 0.046700 0.050900 0.068500 0.033600 0.046700 0.042300 0.059900 0.064200 0.000000 0.077700 0.100300 0.114100 0.073100 0.059700 0.042200 0.073300 0.025100 0.068900 0.104800 0.051200 0.146600 0.046600 0.077600 0.055400 0.073200 0.037900 0.025100 0.119200 0.114800 0.068500 0.095400 0.104500 0.059900 0.029400 0.033700 0.068500 0.042300 0.055600 0.077700 0.077900
BarbaryShe 0.037600 0.226700 0.114900 0.323200 0.069000 0.033400 0.091600 0.095700 0.105700 0.133900 0.012400 0.087100 0.068300 0.082200 0.100400 0.082100 0.078000 0.077800 0.050500 0.100700 0.077700 0.000000 0.133900 0.157800 0.020700 0.119300 0.063700 0.110400 0.082300 0.105800 0.138500 0.082600 0.166700 0.063600 0.081400 0.091400 0.020700 0.068700 0.082300 0.143700 0.149100 0.128800 0.138300 0.138100 0.096200 0.077300 0.091500 0.091300 0.082400 0.096400 0.115000 0.115100
Daviddeer 0.148400 0.220800 0.124200 0.307900 0.105200 0.133900 0.124000 0.113800 0.115000 0.050900 0.119600 0.100700 0.109900 0.100400 0.104800 0.109400 0.086600 0.081700 0.124000 0.110000 0.100300 0.133900 0.000000 0.072700 0.128800 0.128600 0.105000 0.119700 0.100500 0.115000 0.050800 0.100900 0.155300 0.100600 0.133400 0.109800 0.119700 0.104900 0.100400 0.059500 0.029300 0.138200 0.042100 0.063500 0.114600 0.086600 0.109700 0.118800 0.095900 0.105000 0.119600 0.124500
Reindeer 0.172700 0.226000 0.148200 0.296000 0.119100 0.157800 0.143000 0.127700 0.138800 0.054800 0.143200 0.124100 0.123800 0.123700 0.142400 0.123300 0.109500 0.095200 0.152600 0.133600 0.114100 0.157800 0.072700 0.000000 0.152500 0.133000 0.128400 0.143700 0.114300 0.138900 0.072700 0.124300 0.189700 0.123900 0.157600 0.133300 0.153000 0.118800 0.114200 0.050800 0.073000 0.152500 0.063700 0.033300 0.138300 0.118900 0.123700 0.142600 0.105000 0.119000 0.148500 0.148600
Ibex 0.041800 0.220700 0.110100 0.304800 0.064400 0.029100 0.077900 0.091000 0.100900 0.128800 0.008200 0.082500 0.063800 0.077600 0.086600 0.086500 0.073400 0.073300 0.046100 0.096000 0.073100 0.020700 0.128800 0.152500 0.000000 0.114400 0.059300 0.105500 0.077700 0.101000 0.133400 0.078000 0.171400 0.059100 0.068000 0.086800 0.016500 0.064200 0.077700 0.138500 0.143800 0.123800 0.133100 0.133100 0.091500 0.072800 0.086800 0.086600 0.077800 0.091700 0.110100 0.110300
GyrantGaze 0.133200 0.232800 0.105200 0.291200 0.073100 0.119400 0.100500 0.077300 0.096100 0.123800 0.105300 0.077700 0.086700 0.086500 0.095500 0.068400 0.082200 0.077600 0.100500 0.091200 0.059700 0.119300 0.128600 0.133000 0.114400 0.000000 0.082000 0.100700 0.059700 0.096200 0.133200 0.086900 0.186300 0.086700 0.119100 0.082000 0.105300 0.072900 0.059700 0.138300 0.133900 0.024800 0.123400 0.142300 0.086700 0.046600 0.068600 0.095500 0.077600 0.091200 0.105300 0.105500
Hartebeest 0.077100 0.199700 0.073200 0.280400 0.042400 0.063800 0.059800 0.068400 0.064400 0.109700 0.050600 0.055500 0.012400 0.046600 0.064100 0.055200 0.051100 0.055400 0.054900 0.059700 0.042200 0.063700 0.105000 0.128400 0.059300 0.082000 0.000000 0.068800 0.046600 0.064400 0.109500 0.046800 0.141800 0.004100 0.033400 0.059800 0.059400 0.042200 0.046600 0.123900 0.119500 0.091000 0.109300 0.118600 0.064300 0.042200 0.046600 0.064100 0.055400 0.060000 0.073200 0.073400
Bongo 0.124600 0.217600 0.012500 0.286100 0.077700 0.110400 0.096300 0.086600 0.004100 0.124500 0.096400 0.055500 0.078000 0.077800 0.077700 0.081900 0.073600 0.078000 0.100900 0.016700 0.073300 0.110400 0.119700 0.143700 0.105500 0.100700 0.068800 0.000000 0.064300 0.004100 0.124200 0.078200 0.147200 0.068900 0.100800 0.059900 0.105700 0.077800 0.073100 0.139100 0.134600 0.100700 0.124000 0.133500 0.064200 0.068800 0.073400 0.086800 0.078000 0.078100 0.020900 0.012500
Gerenuk 0.096100 0.195800 0.068900 0.275000 0.037900 0.082400 0.064400 0.046500 0.059900 0.095800 0.068900 0.042400 0.051100 0.051000 0.059700 0.033500 0.046800 0.042400 0.064400 0.055400 0.025100 0.082300 0.100500 0.114300 0.077700 0.059700 0.046600 0.064300 0.000000 0.060100 0.104900 0.051200 0.137000 0.051100 0.082200 0.046700 0.068800 0.037900 0.025100 0.119300 0.114900 0.059700 0.095500 0.104600 0.051000 0.029400 0.033700 0.059700 0.042400 0.055600 0.068600 0.068800
CommonElan 0.119900 0.212300 0.008300 0.280700 0.073500 0.105800 0.091800 0.082200 0.000000 0.119800 0.091900 0.051300 0.073500 0.073400 0.073300 0.077700 0.069100 0.073500 0.096400 0.012500 0.068900 0.105800 0.115000 0.138900 0.101000 0.096200 0.064400 0.004100 0.060100 0.000000 0.119500 0.073700 0.152000 0.064500 0.096300 0.055600 0.101100 0.073300 0.068900 0.134300 0.129900 0.096200 0.119400 0.128800 0.060000 0.064400 0.068900 0.082300 0.073600 0.073700 0.025200 0.008300
MuntiacusR 0.153000 0.205500 0.128700 0.327300 0.109600 0.138500 0.123700 0.118300 0.119500 0.025100 0.124200 0.105100 0.114300 0.104800 0.104600 0.113800 0.100500 0.095500 0.128600 0.114500 0.104800 0.138500 0.050800 0.072700 0.133400 0.133200 0.109500 0.124200 0.104900 0.119500 0.000000 0.105300 0.170400 0.109400 0.138100 0.114200 0.124200 0.109300 0.104800 0.055200 0.051000 0.142900 0.023800 0.059200 0.119000 0.095400 0.114200 0.123400 0.100300 0.110000 0.119300 0.129000
HarveysDui 0.096400 0.206900 0.082600 0.276100 0.055700 0.082700 0.046900 0.073200 0.073700 0.105500 0.069100 0.047000 0.051300 0.025200 0.068800 0.059800 0.046900 0.051300 0.073500 0.069000 0.051200 0.082600 0.100900 0.124300 0.078000 0.086900 0.046800 0.078200 0.051200 0.073700 0.105300 0.000000 0.147300 0.042500 0.073400 0.060100 0.078100 0.055500 0.051200 0.119800 0.115300 0.096000 0.105100 0.114400 0.064600 0.046800 0.051200 0.068800 0.051300 0.064700 0.082700 0.082800
Pronghorn 0.186200 0.273200 0.151700 0.346700 0.151700 0.166900 0.171600 0.170700 0.152000 0.180600 0.161900 0.147100 0.146900 0.146600 0.156100 0.155900 0.131300 0.116600 0.166600 0.146600 0.146600 0.166700 0.155300 0.189700 0.171400 0.186300 0.141800 0.147200 0.137000 0.152000 0.170400 0.147300 0.000000 0.137200 0.161300 0.156400 0.161800 0.141700 0.146700 0.185100 0.170700 0.196500 0.179900 0.169100 0.151800 0.132200 0.151600 0.156000 0.142100 0.151600 0.151900 0.161800
BlueWildeb 0.077000 0.194800 0.073300 0.280800 0.046800 0.063700 0.064400 0.072900 0.064500 0.109500 0.050400 0.055600 0.008300 0.042300 0.059700 0.059700 0.046800 0.051100 0.054700 0.059800 0.046600 0.063600 0.100600 0.123900 0.059100 0.086700 0.004100 0.068900 0.051100 0.064500 0.109400 0.042500 0.137200 0.000000 0.029200 0.059900 0.059300 0.046600 0.051000 0.119400 0.115000 0.095800 0.109200 0.114000 0.064400 0.046600 0.051100 0.059800 0.051100 0.064500 0.073300 0.073500
Gemsbok 0.086000 0.199600 0.105300 0.281400 0.077900 0.072600 0.082400 0.104800 0.096200 0.138300 0.068100 0.078000 0.037700 0.073100 0.091200 0.091100 0.068900 0.082300 0.063500 0.091300 0.077600 0.081400 0.133400 0.157600 0.068000 0.119100 0.033400 0.100800 0.082200 0.096300 0.138100 0.073400 0.161300 0.029200 0.000000 0.091400 0.076900 0.077600 0.082200 0.143300 0.148500 0.128600 0.137800 0.137700 0.086900 0.077700 0.077700 0.082100 0.082300 0.096300 0.096100 0.096300
Yak 0.105400 0.200700 0.064300 0.268100 0.059900 0.091600 0.077900 0.077400 0.055500 0.114400 0.077900 0.029500 0.068800 0.059800 0.068600 0.064100 0.055600 0.059900 0.082300 0.051000 0.055400 0.091400 0.109800 0.133300 0.086800 0.082000 0.059800 0.059900 0.046700 0.055600 0.114200 0.060100 0.156400 0.059900 0.091400 0.000000 0.086900 0.059700 0.055400 0.119200 0.114900 0.082000 0.114000 0.123400 0.004100 0.042300 0.055500 0.059700 0.059900 0.069000 0.064300 0.064400
BlueSheep 0.041900 0.221400 0.110200 0.317300 0.064500 0.029100 0.087000 0.091200 0.101100 0.119700 0.008200 0.082600 0.063900 0.077800 0.086700 0.086600 0.073500 0.073400 0.046200 0.096200 0.073200 0.020700 0.119700 0.153000 0.016500 0.105300 0.059400 0.105700 0.068800 0.101100 0.124200 0.078100 0.161800 0.059300 0.076900 0.086900 0.000000 0.064300 0.077800 0.129300 0.134600 0.114700 0.124000 0.133400 0.091600 0.064000 0.086900 0.086700 0.077900 0.091800 0.110300 0.110500
BohorReedb 0.082300 0.211100 0.082200 0.275300 0.008300 0.068800 0.059800 0.059500 0.073300 0.100200 0.055500 0.055500 0.046600 0.055200 0.072800 0.046400 0.051000 0.046600 0.059800 0.068600 0.037900 0.068700 0.104900 0.118800 0.064200 0.072900 0.042200 0.077800 0.037900 0.073300 0.109300 0.055500 0.141700 0.046600 0.077600 0.059700 0.064300 0.000000 0.037900 0.123800 0.119400 0.072800 0.099900 0.099900 0.064200 0.042200 0.046600 0.064000 0.046600 0.059900 0.082200 0.082400
KirksDik 0.096100 0.206200 0.077800 0.275300 0.037900 0.082400 0.064300 0.046500 0.068700 0.095700 0.068800 0.051000 0.051100 0.051000 0.068500 0.033500 0.042400 0.036700 0.055500 0.064200 0.025100 0.082300 0.100400 0.114200 0.077700 0.059700 0.046600 0.073100 0.025100 0.068900 0.104800 0.051200 0.146700 0.051000 0.082200 0.055400 0.077800 0.037900 0.000000 0.119200 0.114800 0.068500 0.095400 0.104600 0.059700 0.029400 0.033700 0.059700 0.042400 0.055600 0.077500 0.077700
RoeDeer 0.148500 0.210500 0.143600 0.296900 0.124100 0.134000 0.138500 0.132800 0.134200 0.050900 0.129200 0.100900 0.128900 0.119200 0.128400 0.128300 0.095900 0.100100 0.143400 0.129100 0.119200 0.143700 0.059500 0.050800 0.138500 0.138300 0.123900 0.139100 0.119300 0.134300 0.055200 0.119800 0.185100 0.119400 0.143300 0.119200 0.129300 0.123800 0.119200 0.000000 0.051000 0.148100 0.055200 0.046200 0.124200 0.095800 0.128800 0.119000 0.110000 0.114600 0.134300 0.134400
WhiteLippe 0.163900 0.221800 0.139200 0.327200 0.119700 0.149100 0.128900 0.128400 0.129800 0.051100 0.134500 0.105800 0.124500 0.114800 0.119300 0.123900 0.100700 0.095700 0.139000 0.124700 0.114800 0.149100 0.029300 0.073000 0.143800 0.133900 0.119500 0.134600 0.114900 0.129900 0.051000 0.115300 0.170700 0.115000 0.148500 0.114900 0.134600 0.119400 0.114800 0.051000 0.000000 0.143600 0.042300 0.063800 0.119700 0.091500 0.124300 0.119200 0.110300 0.110200 0.134500 0.139500
ThomsonGaz 0.142900 0.233000 0.105200 0.315000 0.073000 0.128900 0.109700 0.086200 0.096100 0.133400 0.114600 0.077700 0.095700 0.091000 0.095500 0.077200 0.091300 0.086600 0.109800 0.091300 0.068500 0.128800 0.138200 0.152500 0.123800 0.024800 0.091000 0.100700 0.059700 0.096200 0.142900 0.096000 0.196500 0.095800 0.128600 0.082000 0.114700 0.072800 0.068500 0.148100 0.143600 0.000000 0.132900 0.152000 0.086700 0.055200 0.077500 0.095500 0.086600 0.100300 0.105300 0.105500
MuntiacusC 0.152800 0.215600 0.128500 0.326400 0.100100 0.138300 0.123500 0.108700 0.119300 0.016600 0.124000 0.105000 0.104800 0.104600 0.104400 0.104300 0.100400 0.086200 0.128400 0.114300 0.095400 0.138300 0.042100 0.063700 0.133100 0.123400 0.109300 0.124000 0.095500 0.119400 0.023800 0.105100 0.179900 0.109200 0.137800 0.114000 0.124000 0.099900 0.095400 0.055200 0.042300 0.132900 0.000000 0.050400 0.118900 0.095200 0.104700 0.123200 0.091000 0.109800 0.119200 0.128800
WhiteTaile 0.152700 0.214400 0.138000 0.306500 0.100100 0.138200 0.123600 0.117900 0.128700 0.050600 0.123900 0.114300 0.114000 0.113800 0.132400 0.113500 0.099900 0.085900 0.128300 0.123600 0.104500 0.138100 0.063500 0.033300 0.133100 0.142300 0.118600 0.133500 0.104600 0.128800 0.059200 0.114400 0.169100 0.114000 0.137700 0.123400 0.133400 0.099900 0.104600 0.046200 0.063800 0.152000 0.050400 0.000000 0.118800 0.109200 0.109200 0.123100 0.095500 0.109300 0.138200 0.138400
Cattle 0.110200 0.201200 0.068800 0.268700 0.064200 0.096300 0.082500 0.082100 0.059800 0.119300 0.082500 0.033700 0.073400 0.064300 0.073200 0.068400 0.060100 0.064400 0.087000 0.055400 0.059900 0.096200 0.114600 0.138300 0.091500 0.086700 0.064300 0.064200 0.051000 0.060000 0.119000 0.064600 0.151800 0.064400 0.086900 0.004100 0.091600 0.064200 0.059700 0.124200 0.119700 0.086700 0.118900 0.118800 0.000000 0.046700 0.055600 0.064200 0.064500 0.073600 0.068600 0.068800
RoyalAntel 0.091100 0.195200 0.073200 0.269100 0.042300 0.077500 0.059900 0.050800 0.064400 0.095500 0.063900 0.038100 0.055500 0.046600 0.055300 0.037900 0.042400 0.038000 0.059400 0.059700 0.029400 0.077300 0.086600 0.118900 0.072800 0.046600 0.042200 0.068800 0.029400 0.064400 0.095400 0.046800 0.132200 0.046600 0.077700 0.042300 0.064000 0.042200 0.029400 0.095800 0.091500 0.055200 0.095200 0.109200 0.046700 0.000000 0.038000 0.055200 0.046700 0.051200 0.073200 0.073400
Steenbok 0.105400 0.184600 0.077800 0.269100 0.046700 0.091600 0.064400 0.046500 0.068900 0.105000 0.077900 0.060100 0.051100 0.051000 0.068500 0.042200 0.055600 0.051100 0.073300 0.073200 0.033700 0.091500 0.109700 0.123700 0.086800 0.068600 0.046600 0.073400 0.033700 0.068900 0.114200 0.051200 0.151600 0.051100 0.077700 0.055500 0.086900 0.046600 0.033700 0.128800 0.124300 0.077500 0.104700 0.109200 0.055600 0.038000 0.000000 0.077500 0.051100 0.055600 0.086900 0.078000
Impala 0.096000 0.200600 0.091300 0.291700 0.064200 0.082300 0.082100 0.090800 0.082300 0.123600 0.077700 0.046700 0.068700 0.068500 0.068400 0.077200 0.055400 0.068600 0.082100 0.077500 0.068500 0.091300 0.118800 0.142600 0.086600 0.095500 0.064100 0.086800 0.059700 0.082300 0.123400 0.068800 0.156000 0.059800 0.082100 0.059700 0.086700 0.064000 0.059700 0.119000 0.119200 0.095500 0.123200 0.123100 0.064200 0.055200 0.077500 0.000000 0.068600 0.082300 0.082200 0.082400
Klipspring 0.096200 0.201100 0.082400 0.275600 0.046800 0.082500 0.073400 0.064100 0.073500 0.091300 0.068900 0.046900 0.051200 0.051000 0.068600 0.050900 0.045900 0.041400 0.073400 0.068800 0.042300 0.082400 0.095900 0.105000 0.077800 0.077600 0.055400 0.078000 0.042400 0.073600 0.100300 0.051300 0.142100 0.051100 0.082300 0.059900 0.077900 0.046600 0.042400 0.110000 0.110300 0.086600 0.091000 0.095500 0.064500 0.046700 0.051100 0.068600 0.000000 0.064600 0.082400 0.082700
ForestMusk 0.110500 0.185100 0.082600 0.269500 0.060100 0.096500 0.069000 0.068700 0.073600 0.110200 0.082700 0.064700 0.073600 0.064400 0.073200 0.064300 0.051100 0.055500 0.087200 0.078000 0.055600 0.096400 0.105000 0.119000 0.091700 0.091200 0.060000 0.078100 0.055600 0.073700 0.110000 0.064700 0.151600 0.064500 0.096300 0.069000 0.091800 0.059900 0.055600 0.114600 0.110200 0.100300 0.109800 0.109300 0.073600 0.051200 0.055600 0.082300 0.064600 0.000000 0.091800 0.082800
Bushbuck 0.119800 0.212200 0.033600 0.280200 0.082000 0.105700 0.100800 0.100300 0.025100 0.119600 0.101000 0.051000 0.082400 0.082200 0.082100 0.085800 0.069000 0.082500 0.105400 0.012500 0.077700 0.115000 0.119600 0.148500 0.110100 0.105300 0.073200 0.020900 0.068600 0.025200 0.119300 0.082700 0.151900 0.073300 0.096100 0.064300 0.110300 0.082200 0.077500 0.134300 0.134500 0.105300 0.119200 0.138200 0.068600 0.073200 0.086900 0.082200 0.082400 0.091800 0.000000 0.024500
GreaterKud 0.120000 0.212600 0.016700 0.280900 0.082300 0.105900 0.101100 0.091300 0.008300 0.129300 0.101200 0.051200 0.082600 0.082400 0.082300 0.086500 0.069200 0.082600 0.105700 0.020900 0.077900 0.115100 0.124500 0.148600 0.110300 0.105500 0.073400 0.012500 0.068800 0.008300 0.129000 0.082800 0.161800 0.073500 0.096300 0.064400 0.110500 0.082400 0.077700 0.134400 0.139500 0.105500 0.128800 0.138400 0.068800 0.073400 0.078000 0.082400 0.082700 0.082800 0.024500 0.000000
