1
52 1
Argali 0.000000 0.290900 0.095400 0.331200 0.084000 0.010900 0.046400 0.046200 0.094800 0.082300 0.022600 0.109700 0.058900 0.058300 0.096600 0.070400 0.058900 0.058400 0.034400 0.108200 0.054900 0.034400 0.108200 0.095300 0.011200 0.070700 0.058900 0.082100 0.070800 0.082100 0.082300 0.046300 0.120800 0.084200 0.043100 0.096700 0.022700 0.084000 0.046900 0.133500 0.136600 0.058100 0.082300 0.135100 0.096600 0.046600 0.071000 0.070900 0.046400 0.084000 0.082100 0.082100
LesserMous 0.290900 0.000000 0.294800 0.365100 0.245800 0.274400 0.227900 0.229900 0.292500 0.213600 0.256800 0.277000 0.240700 0.272200 0.291300 0.261600 0.229800 0.232300 0.240500 0.277000 0.214100 0.255800 0.240400 0.229300 0.273400 0.293600 0.240700 0.276700 0.231300 0.276700 0.213600 0.257400 0.276900 0.274900 0.228200 0.261200 0.256300 0.245800 0.260700 0.246900 0.244500 0.295400 0.213600 0.278200 0.261300 0.258800 0.293700 0.259100 0.257500 0.275800 0.276700 0.276700
LesserKudu 0.095400 0.294800 0.000000 0.268000 0.098100 0.082300 0.084300 0.083900 0.022900 0.096100 0.095100 0.096700 0.094800 0.096800 0.109500 0.109800 0.072600 0.071900 0.069000 0.034600 0.082000 0.056100 0.122900 0.109400 0.082200 0.110200 0.094800 0.011400 0.097400 0.011400 0.096100 0.084000 0.149900 0.122200 0.078600 0.083900 0.082000 0.098100 0.097200 0.149400 0.151900 0.097000 0.096100 0.151000 0.083800 0.084800 0.110500 0.084800 0.084400 0.098100 0.011400 0.011400
KillerWhal 0.331200 0.365100 0.268000 0.000000 0.294800 0.313600 0.295500 0.265100 0.296300 0.244500 0.295000 0.350300 0.275900 0.309900 0.332500 0.331300 0.251700 0.253600 0.277100 0.314300 0.249200 0.293600 0.277700 0.261100 0.312200 0.332700 0.275900 0.284500 0.299700 0.284500 0.244500 0.293500 0.300200 0.310000 0.292200 0.333700 0.294300 0.294800 0.280600 0.281300 0.315600 0.333500 0.244500 0.289900 0.333500 0.296500 0.331800 0.297300 0.294700 0.281700 0.284500 0.284500
DefassaWat 0.084000 0.245800 0.098100 0.294800 0.000000 0.071500 0.035000 0.058900 0.071900 0.070700 0.083700 0.072300 0.071700 0.071200 0.072100 0.059100 0.070900 0.070300 0.046800 0.059700 0.069200 0.058900 0.096100 0.083500 0.071400 0.093400 0.071700 0.084800 0.059400 0.084800 0.070700 0.059100 0.122300 0.097800 0.055500 0.059600 0.067000 0.000000 0.059900 0.121500 0.123800 0.084200 0.070700 0.096800 0.059600 0.059300 0.084600 0.059300 0.059100 0.072100 0.084800 0.084800
Sheep 0.010900 0.274400 0.082300 0.313600 0.071500 0.000000 0.034600 0.034400 0.081800 0.070000 0.011200 0.096700 0.046800 0.046300 0.083900 0.058300 0.046700 0.046300 0.022800 0.095000 0.042300 0.022800 0.095400 0.082700 0.000100 0.058500 0.046800 0.069200 0.058600 0.069200 0.070000 0.034500 0.107600 0.071700 0.030500 0.083900 0.011300 0.071500 0.034900 0.119800 0.123000 0.046100 0.070000 0.121700 0.083800 0.034700 0.058700 0.058600 0.034600 0.071400 0.069200 0.069200
MaxwellsDu 0.046400 0.227900 0.084300 0.295500 0.035000 0.034600 0.000000 0.022800 0.083700 0.057800 0.046300 0.059100 0.034700 0.034500 0.071400 0.022900 0.047000 0.046600 0.011300 0.071500 0.032400 0.022800 0.082600 0.070300 0.034600 0.046600 0.034700 0.071400 0.023000 0.071400 0.057800 0.022900 0.120900 0.059100 0.017600 0.046900 0.022800 0.035000 0.023200 0.107400 0.109400 0.046500 0.057800 0.108600 0.046700 0.023000 0.046600 0.046600 0.022900 0.059000 0.071400 0.071400
GazellaPrz 0.046200 0.229900 0.083900 0.265100 0.058900 0.034400 0.022800 0.000000 0.083300 0.034000 0.046000 0.083600 0.034500 0.034300 0.071000 0.046100 0.046700 0.046300 0.011300 0.096300 0.034300 0.022700 0.057800 0.045900 0.034400 0.046300 0.034500 0.071100 0.046400 0.071100 0.034000 0.022800 0.120400 0.058700 0.015400 0.071000 0.022700 0.058900 0.023000 0.079900 0.083300 0.046200 0.034000 0.082600 0.070900 0.022900 0.046400 0.046400 0.022800 0.058700 0.071100 0.071100
MountainNy 0.094800 0.292500 0.022900 0.296300 0.071900 0.081800 0.083700 0.083300 0.000000 0.095500 0.094500 0.096000 0.094200 0.096100 0.108800 0.109000 0.072200 0.071500 0.068600 0.011300 0.081500 0.055800 0.122200 0.108800 0.081700 0.109400 0.094200 0.011300 0.096700 0.011300 0.095500 0.083500 0.149100 0.121300 0.078000 0.083300 0.081500 0.071900 0.096600 0.148400 0.151000 0.096300 0.095500 0.122900 0.083300 0.084200 0.109700 0.084200 0.083800 0.097500 0.011300 0.011300
MuntiacusM 0.082300 0.213600 0.096100 0.244500 0.070700 0.070000 0.057800 0.034000 0.095500 0.000000 0.057700 0.095600 0.070000 0.069700 0.082900 0.081800 0.034600 0.034300 0.045800 0.108500 0.067600 0.057600 0.022600 0.011200 0.069900 0.082200 0.070000 0.083200 0.082400 0.083200 0.000000 0.057700 0.107300 0.095300 0.057400 0.083000 0.057700 0.070700 0.058400 0.046300 0.046400 0.082100 0.000000 0.046000 0.082900 0.058100 0.082500 0.058000 0.057800 0.070600 0.083200 0.083200
goat 0.022600 0.256800 0.095100 0.295000 0.083700 0.011200 0.046300 0.046000 0.094500 0.057700 0.000000 0.109300 0.058700 0.058100 0.096200 0.070200 0.034700 0.034400 0.034400 0.107800 0.054700 0.034300 0.082700 0.070200 0.011200 0.070500 0.058700 0.081800 0.070500 0.081800 0.057700 0.046200 0.094800 0.084000 0.043000 0.096400 0.022700 0.083700 0.046800 0.106200 0.109600 0.057900 0.057700 0.108400 0.096300 0.046500 0.070800 0.070700 0.046300 0.083600 0.081800 0.081800
AfricanBuf 0.109700 0.277000 0.096700 0.350300 0.072300 0.096700 0.059100 0.083600 0.096000 0.095600 0.109300 0.000000 0.096900 0.096300 0.110800 0.083700 0.085000 0.084200 0.071200 0.083600 0.094100 0.083600 0.122100 0.108900 0.096700 0.083800 0.096900 0.083600 0.084300 0.083600 0.095600 0.083800 0.162900 0.097200 0.080300 0.034600 0.083700 0.072300 0.096100 0.148400 0.151100 0.083700 0.095600 0.122400 0.034600 0.084300 0.084100 0.084300 0.083900 0.097600 0.083600 0.083600
Topi 0.058900 0.240700 0.094800 0.275900 0.071700 0.046800 0.034700 0.034500 0.094200 0.070000 0.058700 0.096900 0.000000 0.046400 0.084300 0.058400 0.059300 0.058700 0.023000 0.107500 0.039500 0.034700 0.095200 0.082700 0.046700 0.058600 0.000000 0.081500 0.055500 0.081500 0.070000 0.034700 0.134400 0.023200 0.031000 0.083900 0.034800 0.071700 0.035100 0.120100 0.122900 0.058600 0.070000 0.121700 0.083800 0.034700 0.059000 0.058700 0.034600 0.071400 0.081500 0.081500
CommonDuik 0.058300 0.272200 0.096800 0.309900 0.071200 0.046300 0.034500 0.034300 0.096100 0.069700 0.058100 0.096300 0.046400 0.000000 0.083300 0.034400 0.059000 0.058500 0.022700 0.109300 0.043300 0.034300 0.070200 0.082300 0.046300 0.058300 0.046400 0.083700 0.058500 0.083700 0.069700 0.034000 0.133700 0.071000 0.029400 0.083600 0.034400 0.071200 0.034800 0.119500 0.122100 0.058300 0.069700 0.121100 0.083500 0.034600 0.058500 0.034600 0.034500 0.071100 0.083700 0.083700
Suni 0.096600 0.291300 0.109500 0.332500 0.072100 0.083900 0.071400 0.071000 0.108800 0.082900 0.096200 0.110800 0.084300 0.083300 0.000000 0.096400 0.072200 0.071500 0.058700 0.122600 0.079600 0.070900 0.108900 0.095900 0.083800 0.096700 0.084300 0.095800 0.105600 0.095800 0.082900 0.071000 0.148900 0.110900 0.067000 0.097500 0.071100 0.072100 0.083200 0.133300 0.137100 0.096600 0.082900 0.136300 0.097400 0.047100 0.097000 0.046900 0.071300 0.084500 0.095800 0.095800
Springbuck 0.070400 0.261600 0.109800 0.331300 0.059100 0.058300 0.022900 0.046100 0.109000 0.081800 0.070200 0.083700 0.058400 0.034400 0.096400 0.000000 0.071300 0.070700 0.034400 0.096400 0.058100 0.046100 0.107400 0.094700 0.058200 0.046300 0.058400 0.096300 0.022900 0.096300 0.081800 0.046300 0.146900 0.083700 0.041600 0.071100 0.046200 0.059100 0.046800 0.132700 0.135300 0.046300 0.081800 0.134300 0.071000 0.046500 0.070900 0.070700 0.046300 0.083600 0.096300 0.096300
Okapi 0.058900 0.229800 0.072600 0.251700 0.070900 0.046700 0.047000 0.046700 0.072200 0.034600 0.034700 0.085000 0.059300 0.059000 0.072200 0.071300 0.000000 0.000100 0.034800 0.085000 0.053900 0.034800 0.059000 0.046800 0.046700 0.075900 0.059300 0.059800 0.071600 0.059800 0.034600 0.046900 0.071200 0.084800 0.040300 0.072300 0.050200 0.070900 0.047500 0.080700 0.081300 0.046600 0.034600 0.084300 0.072200 0.047200 0.072000 0.047100 0.046900 0.059800 0.059800 0.059800
Giraffe 0.058400 0.232300 0.071900 0.253600 0.070300 0.046300 0.046600 0.046300 0.071500 0.034300 0.034400 0.084200 0.058700 0.058500 0.071500 0.070700 0.000100 0.000000 0.034500 0.084200 0.058400 0.034500 0.058500 0.046400 0.046300 0.076400 0.058700 0.059300 0.071000 0.059300 0.034300 0.046500 0.070600 0.084000 0.040100 0.071600 0.049700 0.070300 0.047000 0.079700 0.084300 0.046300 0.034300 0.083500 0.071500 0.046800 0.071300 0.046700 0.046500 0.059200 0.059300 0.059300
TibetanAnt 0.034400 0.240500 0.069000 0.277100 0.046800 0.022800 0.011300 0.011300 0.068600 0.045800 0.034400 0.071200 0.023000 0.022700 0.058700 0.034400 0.034800 0.034500 0.000000 0.081600 0.016200 0.011300 0.070100 0.057900 0.022800 0.034500 0.023000 0.056100 0.034500 0.056100 0.045800 0.011300 0.107700 0.046900 0.000100 0.058800 0.011300 0.046800 0.011400 0.092900 0.096200 0.034500 0.045800 0.095400 0.058700 0.011300 0.034600 0.034600 0.011300 0.046700 0.056100 0.056100
Sitatunga 0.108200 0.277000 0.034600 0.314300 0.059700 0.095000 0.071500 0.096300 0.011300 0.108500 0.107800 0.083600 0.107500 0.109300 0.122600 0.096400 0.085000 0.084200 0.081600 0.000000 0.094600 0.068600 0.135700 0.122100 0.094900 0.123000 0.107500 0.022800 0.084300 0.022800 0.108500 0.096400 0.163100 0.135300 0.091500 0.071100 0.094700 0.059700 0.110000 0.162700 0.165300 0.109600 0.108500 0.136700 0.071000 0.097200 0.123300 0.097300 0.096800 0.110800 0.022800 0.022800
Oribi 0.054900 0.214100 0.082000 0.249200 0.069200 0.042300 0.032400 0.034300 0.081500 0.067600 0.054700 0.094100 0.039500 0.043300 0.079600 0.058100 0.053900 0.058400 0.016200 0.094600 0.000000 0.029500 0.093100 0.079800 0.042200 0.058300 0.039500 0.069000 0.034500 0.069000 0.067600 0.030900 0.133600 0.066300 0.022100 0.081700 0.029500 0.069200 0.030300 0.117000 0.119600 0.058000 0.067600 0.118000 0.082400 0.030900 0.057200 0.056000 0.030800 0.067500 0.069000 0.069000
BarbaryShe 0.034400 0.255800 0.056100 0.293600 0.058900 0.022800 0.022800 0.022700 0.055800 0.057600 0.034300 0.083600 0.034700 0.034300 0.070900 0.046100 0.034800 0.034500 0.011300 0.068600 0.029500 0.000000 0.082400 0.070000 0.022800 0.046300 0.034700 0.043200 0.046300 0.043200 0.057600 0.022800 0.107600 0.059000 0.017300 0.071000 0.022700 0.058900 0.023000 0.105900 0.109100 0.034400 0.057600 0.108100 0.071000 0.022900 0.046400 0.046400 0.022800 0.058700 0.043200 0.043200
Daviddeer 0.108200 0.240400 0.122900 0.277700 0.096100 0.095400 0.082600 0.057800 0.122200 0.022600 0.082700 0.122100 0.095200 0.070200 0.108900 0.107400 0.059000 0.058500 0.070100 0.135700 0.093100 0.082400 0.000000 0.034300 0.095300 0.107800 0.095200 0.109400 0.108100 0.109400 0.022600 0.082500 0.134300 0.121600 0.079400 0.109100 0.082500 0.096100 0.083400 0.067600 0.071000 0.107800 0.022600 0.070500 0.109000 0.083100 0.108300 0.058400 0.082700 0.096300 0.109400 0.109400
Reindeer 0.095300 0.229300 0.109400 0.261100 0.083500 0.082700 0.070300 0.045900 0.108800 0.011200 0.070200 0.108900 0.082700 0.082300 0.095900 0.094700 0.046800 0.046400 0.057900 0.122100 0.079800 0.070000 0.034300 0.000000 0.082600 0.095000 0.082700 0.096200 0.095300 0.096200 0.011200 0.070100 0.120800 0.108700 0.069700 0.096000 0.070100 0.083500 0.071000 0.058700 0.058700 0.095000 0.011200 0.058200 0.095900 0.070600 0.095600 0.070500 0.070200 0.083400 0.096200 0.096200
Ibex 0.011200 0.273400 0.082200 0.312200 0.071400 0.000100 0.034600 0.034400 0.081700 0.069900 0.011200 0.096700 0.046700 0.046300 0.083800 0.058200 0.046700 0.046300 0.022800 0.094900 0.042200 0.022800 0.095300 0.082600 0.000000 0.058500 0.046700 0.069100 0.058500 0.069100 0.069900 0.034500 0.107500 0.071600 0.030500 0.083900 0.011300 0.071400 0.034900 0.119700 0.122900 0.046100 0.069900 0.121700 0.083800 0.034700 0.058700 0.058600 0.034500 0.071300 0.069100 0.069100
GyrantGaze 0.070700 0.293600 0.110200 0.332700 0.093400 0.058500 0.046600 0.046300 0.109400 0.082200 0.070500 0.083800 0.058600 0.058300 0.096700 0.046300 0.075900 0.076400 0.034500 0.123000 0.058300 0.046300 0.107800 0.095000 0.058500 0.000000 0.058600 0.096800 0.046600 0.096800 0.082200 0.046400 0.147300 0.058800 0.041600 0.096600 0.046400 0.093400 0.047000 0.119700 0.135600 0.022800 0.082200 0.108200 0.096600 0.046700 0.046600 0.071000 0.046500 0.059100 0.096800 0.096800
Hartebeest 0.058900 0.240700 0.094800 0.275900 0.071700 0.046800 0.034700 0.034500 0.094200 0.070000 0.058700 0.096900 0.000000 0.046400 0.084300 0.058400 0.059300 0.058700 0.023000 0.107500 0.039500 0.034700 0.095200 0.082700 0.046700 0.058600 0.000000 0.081500 0.055500 0.081500 0.070000 0.034700 0.134400 0.023200 0.031000 0.083900 0.034800 0.071700 0.035100 0.120100 0.122900 0.058600 0.070000 0.121700 0.083800 0.034700 0.059000 0.058700 0.034600 0.071400 0.081500 0.081500
Bongo 0.082100 0.276700 0.011400 0.284500 0.084800 0.069200 0.071400 0.071100 0.011300 0.083200 0.081800 0.083600 0.081500 0.083700 0.095800 0.096300 0.059800 0.059300 0.056100 0.022800 0.069000 0.043200 0.109400 0.096200 0.069100 0.096800 0.081500 0.000000 0.084200 0.000000 0.083200 0.071200 0.135900 0.108300 0.065000 0.071100 0.068900 0.084800 0.083900 0.135000 0.137600 0.083800 0.083200 0.136700 0.071000 0.071800 0.097000 0.071800 0.071500 0.084900 0.000000 0.000000
Gerenuk 0.070800 0.231300 0.097400 0.299700 0.059400 0.058600 0.023000 0.046400 0.096700 0.082400 0.070500 0.084300 0.055500 0.058500 0.105600 0.022900 0.071600 0.071000 0.034500 0.084300 0.034500 0.046300 0.108100 0.095300 0.058500 0.046600 0.055500 0.084200 0.000000 0.084200 0.082400 0.046500 0.147800 0.081700 0.040400 0.068400 0.046400 0.059400 0.047100 0.132700 0.136100 0.046500 0.082400 0.135300 0.068700 0.046700 0.071300 0.071200 0.046600 0.084100 0.084200 0.084200
CommonElan 0.082100 0.276700 0.011400 0.284500 0.084800 0.069200 0.071400 0.071100 0.011300 0.083200 0.081800 0.083600 0.081500 0.083700 0.095800 0.096300 0.059800 0.059300 0.056100 0.022800 0.069000 0.043200 0.109400 0.096200 0.069100 0.096800 0.081500 0.000000 0.084200 0.000000 0.083200 0.071200 0.135900 0.108300 0.065000 0.071100 0.068900 0.084800 0.083900 0.135000 0.137600 0.083800 0.083200 0.136700 0.071000 0.071800 0.097000 0.071800 0.071500 0.084900 0.000000 0.000000
MuntiacusR 0.082300 0.213600 0.096100 0.244500 0.070700 0.070000 0.057800 0.034000 0.095500 0.000000 0.057700 0.095600 0.070000 0.069700 0.082900 0.081800 0.034600 0.034300 0.045800 0.108500 0.067600 0.057600 0.022600 0.011200 0.069900 0.082200 0.070000 0.083200 0.082400 0.083200 0.000000 0.057700 0.107300 0.095300 0.057400 0.083000 0.057700 0.070700 0.058400 0.046300 0.046400 0.082100 0.000000 0.046000 0.082900 0.058100 0.082500 0.058000 0.057800 0.070600 0.083200 0.083200
HarveysDui 0.046300 0.257400 0.084000 0.293500 0.059100 0.034500 0.022900 0.022800 0.083500 0.057700 0.046200 0.083800 0.034700 0.034000 0.071000 0.046300 0.046900 0.046500 0.011300 0.096400 0.030900 0.022800 0.082500 0.070100 0.034500 0.046400 0.034700 0.071200 0.046500 0.071200 0.057700 0.000000 0.120800 0.059000 0.016300 0.071200 0.022800 0.059100 0.023100 0.106800 0.109300 0.046400 0.057700 0.108300 0.071100 0.022900 0.046600 0.046500 0.022900 0.058900 0.071200 0.071200
Pronghorn 0.120800 0.276900 0.149900 0.300200 0.122300 0.107600 0.120900 0.120400 0.149100 0.107300 0.094800 0.162900 0.134400 0.133700 0.148900 0.146900 0.071200 0.070600 0.107700 0.163100 0.133600 0.107600 0.134300 0.120800 0.107500 0.147300 0.134400 0.135900 0.147800 0.135900 0.107300 0.120800 0.000000 0.162300 0.116800 0.149300 0.120900 0.122300 0.122300 0.160300 0.136600 0.133200 0.107300 0.148000 0.149200 0.121800 0.148500 0.121400 0.121000 0.135900 0.135900 0.135900
BlueWildeb 0.084200 0.274900 0.122200 0.310000 0.097800 0.071700 0.059100 0.058700 0.121300 0.095300 0.084000 0.097200 0.023200 0.071000 0.110900 0.083700 0.084800 0.084000 0.046900 0.135300 0.066300 0.059000 0.121600 0.108700 0.071600 0.058800 0.023200 0.108300 0.081700 0.108300 0.095300 0.059000 0.162300 0.000000 0.056500 0.110300 0.059200 0.097800 0.059800 0.148200 0.150800 0.058800 0.095300 0.122000 0.110200 0.059100 0.059200 0.084000 0.058900 0.097300 0.108300 0.108300
Gemsbok 0.043100 0.228200 0.078600 0.292200 0.055500 0.030500 0.017600 0.015400 0.078000 0.057400 0.043000 0.080300 0.031000 0.029400 0.067000 0.041600 0.040300 0.040100 0.000100 0.091500 0.022100 0.017300 0.079400 0.069700 0.030500 0.041600 0.031000 0.065000 0.040400 0.065000 0.057400 0.016300 0.116800 0.056500 0.000000 0.067900 0.017300 0.055500 0.015700 0.082800 0.105500 0.042400 0.057400 0.107700 0.068600 0.016200 0.043600 0.042300 0.016100 0.053800 0.065000 0.065000
Yak 0.096700 0.261200 0.083900 0.333700 0.059600 0.083900 0.046900 0.071000 0.083300 0.083000 0.096400 0.034600 0.083900 0.083600 0.097500 0.071100 0.072300 0.071600 0.058800 0.071100 0.081700 0.071000 0.109100 0.096000 0.083900 0.096600 0.083900 0.071100 0.068400 0.071100 0.083000 0.071200 0.149300 0.110300 0.067900 0.000000 0.071200 0.059600 0.072100 0.134800 0.137400 0.096500 0.083000 0.136300 0.000000 0.071700 0.097000 0.071600 0.071300 0.084700 0.071100 0.071100
BlueSheep 0.022700 0.256300 0.082000 0.294300 0.067000 0.011300 0.022800 0.022700 0.081500 0.057700 0.022700 0.083700 0.034800 0.034400 0.071100 0.046200 0.050200 0.049700 0.011300 0.094700 0.029500 0.022700 0.082500 0.070100 0.011300 0.046400 0.034800 0.068900 0.046400 0.068900 0.057700 0.022800 0.120900 0.059200 0.017300 0.071200 0.000000 0.067000 0.023100 0.106100 0.109300 0.046300 0.057700 0.108300 0.071100 0.022900 0.046500 0.046500 0.022800 0.058800 0.068900 0.068900
BohorReedb 0.084000 0.245800 0.098100 0.294800 0.000000 0.071500 0.035000 0.058900 0.071900 0.070700 0.083700 0.072300 0.071700 0.071200 0.072100 0.059100 0.070900 0.070300 0.046800 0.059700 0.069200 0.058900 0.096100 0.083500 0.071400 0.093400 0.071700 0.084800 0.059400 0.084800 0.070700 0.059100 0.122300 0.097800 0.055500 0.059600 0.067000 0.000000 0.059900 0.121500 0.123800 0.084200 0.070700 0.096800 0.059600 0.059300 0.084600 0.059300 0.059100 0.072100 0.084800 0.084800
KirksDik 0.046900 0.260700 0.097200 0.280600 0.059900 0.034900 0.023200 0.023000 0.096600 0.058400 0.046800 0.096100 0.035100 0.034800 0.083200 0.046800 0.047500 0.047000 0.011400 0.110000 0.030300 0.023000 0.083400 0.071000 0.034900 0.047000 0.035100 0.083900 0.047100 0.083900 0.058400 0.023100 0.122300 0.059800 0.015700 0.072100 0.023100 0.059900 0.000000 0.107800 0.110600 0.047000 0.058400 0.120400 0.072000 0.023200 0.047200 0.047100 0.023100 0.059600 0.083900 0.083900
RoeDeer 0.133500 0.246900 0.149400 0.281300 0.121500 0.119800 0.107400 0.079900 0.148400 0.046300 0.106200 0.148400 0.120100 0.119500 0.133300 0.132700 0.080700 0.079700 0.092900 0.162700 0.117000 0.105900 0.067600 0.058700 0.119700 0.119700 0.120100 0.135000 0.132700 0.135000 0.046300 0.106800 0.160300 0.148200 0.082800 0.134800 0.106100 0.121500 0.107800 0.000000 0.064100 0.133600 0.046300 0.096500 0.135100 0.107200 0.107800 0.107000 0.106700 0.107000 0.135000 0.135000
WhiteLippe 0.136600 0.244500 0.151900 0.315600 0.123800 0.123000 0.109400 0.083300 0.151000 0.046400 0.109600 0.151100 0.122900 0.122100 0.137100 0.135300 0.081300 0.084300 0.096200 0.165300 0.119600 0.109100 0.071000 0.058700 0.122900 0.135600 0.122900 0.137600 0.136100 0.137600 0.046400 0.109300 0.136600 0.150800 0.105500 0.137400 0.109300 0.123800 0.110600 0.064100 0.000000 0.135900 0.046400 0.096700 0.137300 0.110000 0.109800 0.109700 0.109400 0.124000 0.137600 0.137600
ThomsonGaz 0.058100 0.295400 0.097000 0.333500 0.084200 0.046100 0.046500 0.046200 0.096300 0.082100 0.057900 0.083700 0.058600 0.058300 0.096600 0.046300 0.046600 0.046300 0.034500 0.109600 0.058000 0.034400 0.107800 0.095000 0.046100 0.022800 0.058600 0.083800 0.046500 0.083800 0.082100 0.046400 0.133200 0.058800 0.042400 0.096500 0.046300 0.084200 0.047000 0.133600 0.135900 0.000000 0.082100 0.108100 0.096500 0.046600 0.046500 0.070900 0.046400 0.083800 0.083800 0.083800
MuntiacusC 0.082300 0.213600 0.096100 0.244500 0.070700 0.070000 0.057800 0.034000 0.095500 0.000000 0.057700 0.095600 0.070000 0.069700 0.082900 0.081800 0.034600 0.034300 0.045800 0.108500 0.067600 0.057600 0.022600 0.011200 0.069900 0.082200 0.070000 0.083200 0.082400 0.083200 0.000000 0.057700 0.107300 0.095300 0.057400 0.083000 0.057700 0.070700 0.058400 0.046300 0.046400 0.082100 0.000000 0.046000 0.082900 0.058100 0.082500 0.058000 0.057800 0.070600 0.083200 0.083200
WhiteTaile 0.135100 0.278200 0.151000 0.289900 0.096800 0.121700 0.108600 0.082600 0.122900 0.046000 0.108400 0.122400 0.121700 0.121100 0.136300 0.134300 0.084300 0.083500 0.095400 0.136700 0.118000 0.108100 0.070500 0.058200 0.121700 0.108200 0.121700 0.136700 0.135300 0.136700 0.046000 0.108300 0.148000 0.122000 0.107700 0.136300 0.108300 0.096800 0.120400 0.096500 0.096700 0.108100 0.046000 0.000000 0.136200 0.109100 0.108700 0.109000 0.108500 0.122900 0.136700 0.136700
Cattle 0.096600 0.261300 0.083800 0.333500 0.059600 0.083800 0.046700 0.070900 0.083300 0.082900 0.096300 0.034600 0.083800 0.083500 0.097400 0.071000 0.072200 0.071500 0.058700 0.071000 0.082400 0.071000 0.109000 0.095900 0.083800 0.096600 0.083800 0.071000 0.068700 0.071000 0.082900 0.071100 0.149200 0.110200 0.068600 0.000000 0.071100 0.059600 0.072000 0.135100 0.137300 0.096500 0.082900 0.136200 0.000000 0.071600 0.096600 0.071600 0.071300 0.084600 0.071000 0.071000
RoyalAntel 0.046600 0.258800 0.084800 0.296500 0.059300 0.034700 0.023000 0.022900 0.084200 0.058100 0.046500 0.084300 0.034700 0.034600 0.047100 0.046500 0.047200 0.046800 0.011300 0.097200 0.030900 0.022900 0.083100 0.070600 0.034700 0.046700 0.034700 0.071800 0.046700 0.071800 0.058100 0.022900 0.121800 0.059100 0.016200 0.071700 0.022900 0.059300 0.023200 0.107200 0.110000 0.046600 0.058100 0.109100 0.071600 0.000000 0.046800 0.046800 0.023000 0.059300 0.071800 0.071800
Steenbok 0.071000 0.293700 0.110500 0.331800 0.084600 0.058700 0.046600 0.046400 0.109700 0.082500 0.070800 0.084100 0.059000 0.058500 0.097000 0.070900 0.072000 0.071300 0.034600 0.123300 0.057200 0.046400 0.108300 0.095600 0.058700 0.046600 0.059000 0.097000 0.071300 0.097000 0.082500 0.046600 0.148500 0.059200 0.043600 0.097000 0.046500 0.084600 0.047200 0.107800 0.109800 0.046500 0.082500 0.108700 0.096600 0.046800 0.000000 0.071200 0.046600 0.084200 0.097000 0.097000
Impala 0.070900 0.259100 0.084800 0.297300 0.059300 0.058600 0.046600 0.046400 0.084200 0.058000 0.070700 0.084300 0.058700 0.034600 0.046900 0.070700 0.047100 0.046700 0.034600 0.097300 0.056000 0.046400 0.058400 0.070500 0.058600 0.071000 0.058700 0.071800 0.071200 0.071800 0.058000 0.046500 0.121400 0.084000 0.042300 0.071600 0.046500 0.059300 0.047100 0.107000 0.109700 0.070900 0.058000 0.109000 0.071600 0.046800 0.071200 0.000000 0.046600 0.059200 0.071800 0.071800
Klipspring 0.046400 0.257500 0.084400 0.294700 0.059100 0.034600 0.022900 0.022800 0.083800 0.057800 0.046300 0.083900 0.034600 0.034500 0.071300 0.046300 0.046900 0.046500 0.011300 0.096800 0.030800 0.022800 0.082700 0.070200 0.034500 0.046500 0.034600 0.071500 0.046600 0.071500 0.057800 0.022900 0.121000 0.058900 0.016100 0.071300 0.022800 0.059100 0.023100 0.106700 0.109400 0.046400 0.057800 0.108500 0.071300 0.023000 0.046600 0.046600 0.000000 0.059000 0.071500 0.071500
ForestMusk 0.084000 0.275800 0.098100 0.281700 0.072100 0.071400 0.059000 0.058700 0.097500 0.070600 0.083600 0.097600 0.071400 0.071100 0.084500 0.083600 0.059800 0.059200 0.046700 0.110800 0.067500 0.058700 0.096300 0.083400 0.071300 0.059100 0.071400 0.084900 0.084100 0.084900 0.070600 0.058900 0.135900 0.097300 0.053800 0.084700 0.058800 0.072100 0.059600 0.107000 0.124000 0.083800 0.070600 0.122900 0.084600 0.059300 0.084200 0.059200 0.059000 0.000000 0.084900 0.084900
Bushbuck 0.082100 0.276700 0.011400 0.284500 0.084800 0.069200 0.071400 0.071100 0.011300 0.083200 0.081800 0.083600 0.081500 0.083700 0.095800 0.096300 0.059800 0.059300 0.056100 0.022800 0.069000 0.043200 0.109400 0.096200 0.069100 0.096800 0.081500 0.000000 0.084200 0.000000 0.083200 0.071200 0.135900 0.108300 0.065000 0.071100 0.068900 0.084800 0.083900 0.135000 0.137600 0.083800 0.083200 0.136700 0.071000 0.071800 0.097000 0.071800 0.071500 0.084900 0.000000 0.000000
GreaterKud 0.082100 0.276700 0.011400 0.284500 0.084800 0.069200 0.071400 0.071100 0.011300 0.083200 0.081800 0.083600 0.081500 0.083700 0.095800 0.096300 0.059800 0.059300 0.056100 0.022800 0.069000 0.043200 0.109400 0.096200 0.069100 0.096800 0.081500 0.000000 0.084200 0.000000 0.083200 0.071200 0.135900 0.108300 0.065000 0.071100 0.068900 0.084800 0.083900 0.135000 0.137600 0.083800 0.083200 0.136700 0.071000 0.071800 0.097000 0.071800 0.071500 0.084900 0.000000 0.000000
