CODONML (in paml version 4.10.7, June 2023)  /home/rachel/ruminants_paml/6406-phy-tree/ENSBTAT00000015548.fasta.phy
Model: free dN/dS Ratios for branches,  kappa = 2.000 fixed

Codon frequency model: F3x4
ns =  54  ls =  49

Codon usage in sequences
--------------------------------------------------------------------------------------------------------------------------------------
Phe TTT   0   0   0   0   0   0 | Ser TCT   2   1   2   3   2   3 | Tyr TAT   1   1   1   1   1   1 | Cys TGT   0   0   0   0   0   0
    TTC   0   0   0   0   0   0 |     TCC   1   2   1   0   2   1 |     TAC   0   0   0   0   0   0 |     TGC   0   0   0   0   0   0
Leu TTA   0   0   0   0   0   0 |     TCA   1   2   0   1   0   0 | *** TAA   0   0   0   0   0   0 | *** TGA   0   0   0   0   0   0
    TTG   1   1   1   1   1   1 |     TCG   0   0   0   0   0   0 |     TAG   0   0   0   0   0   0 | Trp TGG   0   0   0   0   0   0
--------------------------------------------------------------------------------------------------------------------------------------
Leu CTT   1   1   1   1   1   1 | Pro CCT   0   0   0   0   0   0 | His CAT   0   0   0   0   0   0 | Arg CGT   1   0   1   1   1   1
    CTC   1   1   1   1   0   0 |     CCC   0   0   0   0   0   0 |     CAC   1   1   1   1   1   1 |     CGC   0   0   0   0   0   0
    CTA   0   0   0   0   1   1 |     CCA   1   1   1   2   2   2 | Gln CAA   2   2   2   2   1   2 |     CGA   0   0   0   0   0   0
    CTG   0   0   0   0   0   0 |     CCG   1   0   1   0   0   0 |     CAG   0   0   0   1   0   0 |     CGG   0   1   0   0   0   0
--------------------------------------------------------------------------------------------------------------------------------------
Ile ATT   1   2   1   1   2   1 | Thr ACT   2   1   2   2   2   2 | Asn AAT   2   1   2   2   2   1 | Ser AGT   1   1   1   1   1   1
    ATC   1   1   1   1   1   2 |     ACC   0   0   0   0   0   0 |     AAC   0   0   0   0   0   1 |     AGC   0   0   0   0   0   0
    ATA   1   1   1   1   1   1 |     ACA   0   0   1   0   0   0 | Lys AAA   3   3   3   3   5   4 | Arg AGA   0   1   0   0   1   1
Met ATG   3   3   3   3   2   4 |     ACG   0   1   0   0   0   0 |     AAG   3   3   3   2   2   2 |     AGG   0   0   0   0   1   0
--------------------------------------------------------------------------------------------------------------------------------------
Val GTT   3   2   3   3   3   2 | Ala GCT   3   3   3   3   3   3 | Asp GAT   1   2   1   1   1   1 | Gly GGT   0   0   0   0   0   0
    GTC   0   0   0   1   0   0 |     GCC   0   0   0   0   0   1 |     GAC   1   1   1   1   1   1 |     GGC   0   0   0   0   0   0
    GTA   1   1   1   1   1   1 |     GCA   0   1   0   0   0   0 | Glu GAA   4   4   4   4   3   4 |     GGA   2   1   2   2   1   1
    GTG   1   1   1   0   1   0 |     GCG   1   0   1   1   0   0 |     GAG   1   1   1   1   2   1 |     GGG   0   0   0   0   0   0
--------------------------------------------------------------------------------------------------------------------------------------

--------------------------------------------------------------------------------------------------------------------------------------
Phe TTT   0   0   0   0   0   0 | Ser TCT   2   2   2   2   2   2 | Tyr TAT   1   1   1   1   1   1 | Cys TGT   0   0   0   0   0   0
    TTC   0   0   0   0   0   0 |     TCC   1   1   1   1   1   1 |     TAC   0   0   0   0   0   0 |     TGC   0   0   0   0   0   0
Leu TTA   0   0   0   0   0   0 |     TCA   1   1   1   1   0   1 | *** TAA   0   0   0   0   0   0 | *** TGA   0   0   0   0   0   0
    TTG   1   1   1   1   1   1 |     TCG   0   0   0   0   0   0 |     TAG   0   0   0   0   0   0 | Trp TGG   0   0   0   0   0   0
--------------------------------------------------------------------------------------------------------------------------------------
Leu CTT   1   1   1   1   1   1 | Pro CCT   0   0   0   0   0   0 | His CAT   0   0   0   0   0   0 | Arg CGT   1   1   1   1   1   1
    CTC   1   1   1   1   1   1 |     CCC   0   0   1   0   0   0 |     CAC   1   1   1   1   1   1 |     CGC   0   0   0   0   0   0
    CTA   0   0   0   0   0   0 |     CCA   1   1   1   1   2   1 | Gln CAA   2   2   2   1   2   2 |     CGA   0   0   0   1   0   0
    CTG   0   0   0   0   0   0 |     CCG   1   1   0   1   0   1 |     CAG   0   0   0   0   0   0 |     CGG   0   0   0   0   0   0
--------------------------------------------------------------------------------------------------------------------------------------
Ile ATT   1   1   1   1   1   1 | Thr ACT   2   2   2   2   2   2 | Asn AAT   2   2   2   2   2   2 | Ser AGT   1   1   1   1   1   1
    ATC   1   1   1   1   1   1 |     ACC   0   0   0   0   0   0 |     AAC   0   0   0   0   0   0 |     AGC   0   0   0   0   0   0
    ATA   1   1   1   1   1   1 |     ACA   0   0   0   0   1   0 | Lys AAA   3   3   3   3   3   4 | Arg AGA   0   0   0   0   0   0
Met ATG   3   3   3   3   3   3 |     ACG   0   0   0   0   0   0 |     AAG   3   3   3   3   3   2 |     AGG   0   0   0   0   0   0
--------------------------------------------------------------------------------------------------------------------------------------
Val GTT   3   3   3   3   3   3 | Ala GCT   3   3   3   3   3   4 | Asp GAT   1   1   1   1   1   1 | Gly GGT   0   0   0   0   0   0
    GTC   0   0   0   0   0   0 |     GCC   1   0   0   0   0   0 |     GAC   1   1   1   1   1   1 |     GGC   0   0   0   0   0   0
    GTA   1   1   1   1   1   1 |     GCA   0   0   0   0   0   0 | Glu GAA   4   4   4   4   4   5 |     GGA   2   2   2   2   2   1
    GTG   1   1   1   1   1   1 |     GCG   0   1   1   1   1   0 |     GAG   1   1   1   1   1   1 |     GGG   0   0   0   0   0   0
--------------------------------------------------------------------------------------------------------------------------------------

--------------------------------------------------------------------------------------------------------------------------------------
Phe TTT   0   0   0   0   0   0 | Ser TCT   2   3   2   2   2   2 | Tyr TAT   1   1   1   1   1   1 | Cys TGT   0   0   0   0   0   0
    TTC   0   0   0   0   0   0 |     TCC   1   0   1   1   1   1 |     TAC   0   0   0   0   0   0 |     TGC   0   0   0   0   0   0
Leu TTA   0   0   0   0   0   0 |     TCA   1   0   1   1   1   1 | *** TAA   0   0   0   0   0   0 | *** TGA   0   0   0   0   0   0
    TTG   1   1   1   1   1   1 |     TCG   0   0   0   0   0   0 |     TAG   0   0   0   0   0   0 | Trp TGG   0   0   0   0   0   0
--------------------------------------------------------------------------------------------------------------------------------------
Leu CTT   1   1   1   1   1   1 | Pro CCT   0   0   0   0   0   0 | His CAT   0   0   0   0   0   0 | Arg CGT   1   1   1   1   1   1
    CTC   1   1   1   1   1   1 |     CCC   0   0   0   0   0   0 |     CAC   1   1   1   1   1   1 |     CGC   0   0   0   0   0   0
    CTA   0   0   0   0   0   0 |     CCA   2   1   1   1   2   1 | Gln CAA   2   2   2   2   2   1 |     CGA   0   0   0   0   0   1
    CTG   0   0   0   0   0   0 |     CCG   0   1   1   1   0   1 |     CAG   0   0   0   0   0   0 |     CGG   0   0   0   0   0   0
--------------------------------------------------------------------------------------------------------------------------------------
Ile ATT   1   1   1   1   1   1 | Thr ACT   2   2   2   2   2   2 | Asn AAT   2   2   2   2   2   2 | Ser AGT   1   1   1   1   1   1
    ATC   1   1   1   1   1   1 |     ACC   0   0   0   0   0   0 |     AAC   0   0   0   0   0   0 |     AGC   0   0   0   0   0   0
    ATA   1   1   1   1   1   1 |     ACA   0   1   0   0   0   0 | Lys AAA   3   3   3   3   3   3 | Arg AGA   0   0   0   0   1   0
Met ATG   3   3   3   3   3   3 |     ACG   0   0   0   0   0   0 |     AAG   3   3   3   3   3   3 |     AGG   0   0   0   0   0   0
--------------------------------------------------------------------------------------------------------------------------------------
Val GTT   3   3   3   3   3   3 | Ala GCT   3   3   3   3   3   3 | Asp GAT   1   1   1   1   1   1 | Gly GGT   0   0   0   0   0   0
    GTC   0   0   0   0   0   0 |     GCC   0   0   0   0   0   0 |     GAC   1   1   1   1   1   1 |     GGC   0   0   0   0   0   0
    GTA   1   1   1   1   1   1 |     GCA   1   0   1   0   1   1 | Glu GAA   4   4   4   4   4   3 |     GGA   2   2   2   2   1   2
    GTG   1   1   1   1   1   1 |     GCG   0   1   0   1   0   0 |     GAG   1   1   1   1   1   2 |     GGG   0   0   0   0   0   0
--------------------------------------------------------------------------------------------------------------------------------------

--------------------------------------------------------------------------------------------------------------------------------------
Phe TTT   0   0   0   0   0   0 | Ser TCT   2   2   2   2   2   2 | Tyr TAT   1   1   1   1   1   1 | Cys TGT   0   0   0   0   0   0
    TTC   0   0   0   0   0   0 |     TCC   1   1   1   1   1   1 |     TAC   0   0   0   0   0   0 |     TGC   0   0   0   0   0   0
Leu TTA   0   0   0   0   0   0 |     TCA   1   1   1   0   1   1 | *** TAA   0   0   0   0   0   0 | *** TGA   0   0   0   0   0   0
    TTG   1   1   1   1   1   1 |     TCG   0   0   0   0   0   0 |     TAG   0   0   0   0   0   0 | Trp TGG   0   1   0   0   0   0
--------------------------------------------------------------------------------------------------------------------------------------
Leu CTT   1   1   1   1   1   1 | Pro CCT   0   0   0   0   0   0 | His CAT   0   0   0   0   0   0 | Arg CGT   1   1   1   1   1   1
    CTC   1   1   1   1   1   1 |     CCC   0   0   0   0   0   0 |     CAC   1   1   1   1   1   1 |     CGC   0   0   0   0   0   0
    CTA   0   0   0   0   0   0 |     CCA   1   1   1   2   2   1 | Gln CAA   2   1   2   2   2   2 |     CGA   0   0   0   0   0   0
    CTG   0   0   0   0   0   0 |     CCG   1   1   1   0   0   1 |     CAG   0   0   0   0   0   0 |     CGG   0   1   0   0   0   0
--------------------------------------------------------------------------------------------------------------------------------------
Ile ATT   2   2   1   1   1   1 | Thr ACT   2   2   2   2   2   2 | Asn AAT   2   2   2   2   2   2 | Ser AGT   1   1   1   1   1   1
    ATC   1   1   1   1   1   1 |     ACC   0   0   0   0   0   0 |     AAC   0   0   0   0   0   0 |     AGC   0   1   0   0   0   0
    ATA   1   1   1   1   1   1 |     ACA   0   1   0   1   0   0 | Lys AAA   3   3   3   3   3   3 | Arg AGA   0   0   0   0   0   0
Met ATG   3   3   3   3   3   3 |     ACG   0   0   0   0   0   0 |     AAG   3   3   4   3   3   3 |     AGG   0   0   0   0   0   0
--------------------------------------------------------------------------------------------------------------------------------------
Val GTT   3   3   3   3   3   3 | Ala GCT   3   2   3   3   3   3 | Asp GAT   1   1   1   1   1   1 | Gly GGT   0   0   0   0   0   0
    GTC   1   0   0   0   0   0 |     GCC   0   0   0   0   0   0 |     GAC   1   1   1   1   1   1 |     GGC   0   0   0   0   0   0
    GTA   1   1   1   1   1   1 |     GCA   0   0   1   0   0   0 | Glu GAA   4   4   4   4   4   4 |     GGA   2   1   2   2   2   2
    GTG   0   1   0   1   1   1 |     GCG   0   0   0   1   1   1 |     GAG   1   0   1   1   1   1 |     GGG   0   0   0   0   0   0
--------------------------------------------------------------------------------------------------------------------------------------

--------------------------------------------------------------------------------------------------------------------------------------
Phe TTT   0   0   0   0   0   0 | Ser TCT   2   2   2   2   2   2 | Tyr TAT   1   1   1   1   1   1 | Cys TGT   0   0   0   0   0   0
    TTC   0   0   0   0   0   0 |     TCC   1   1   1   1   1   1 |     TAC   0   0   0   0   0   0 |     TGC   0   0   0   0   0   0
Leu TTA   0   0   0   0   0   0 |     TCA   1   1   1   1   1   0 | *** TAA   0   0   0   0   0   0 | *** TGA   0   0   0   0   0   0
    TTG   1   1   1   1   1   1 |     TCG   0   0   0   0   0   0 |     TAG   0   0   0   0   0   0 | Trp TGG   0   0   0   0   0   0
--------------------------------------------------------------------------------------------------------------------------------------
Leu CTT   1   1   1   1   1   1 | Pro CCT   0   0   0   0   0   0 | His CAT   0   0   0   0   0   0 | Arg CGT   1   1   1   1   1   1
    CTC   1   1   1   1   1   1 |     CCC   0   0   0   0   0   0 |     CAC   1   1   1   1   1   1 |     CGC   0   0   0   0   0   0
    CTA   0   0   0   0   0   0 |     CCA   1   1   2   1   1   2 | Gln CAA   2   2   2   2   2   2 |     CGA   0   0   0   0   0   0
    CTG   0   0   0   0   0   0 |     CCG   1   1   0   1   1   0 |     CAG   0   0   0   0   0   0 |     CGG   0   0   0   0   0   0
--------------------------------------------------------------------------------------------------------------------------------------
Ile ATT   1   0   1   1   1   1 | Thr ACT   2   2   2   2   2   2 | Asn AAT   2   2   2   2   2   2 | Ser AGT   1   1   1   1   1   1
    ATC   1   1   1   1   1   1 |     ACC   0   0   0   0   0   0 |     AAC   0   0   0   0   0   0 |     AGC   0   0   0   0   0   0
    ATA   1   1   1   1   1   1 |     ACA   0   0   0   0   0   1 | Lys AAA   4   3   3   3   3   3 | Arg AGA   0   0   0   0   0   0
Met ATG   3   3   3   3   3   3 |     ACG   0   0   0   0   0   0 |     AAG   2   3   3   3   3   3 |     AGG   0   0   0   0   0   0
--------------------------------------------------------------------------------------------------------------------------------------
Val GTT   3   4   3   3   3   3 | Ala GCT   4   3   3   3   3   3 | Asp GAT   1   1   1   1   1   1 | Gly GGT   1   0   0   0   0   0
    GTC   0   0   0   0   0   0 |     GCC   0   1   0   0   0   0 |     GAC   1   1   1   1   1   1 |     GGC   0   0   0   0   0   0
    GTA   1   1   1   1   1   1 |     GCA   0   0   0   0   1   0 | Glu GAA   4   4   3   4   4   4 |     GGA   1   2   2   2   2   2
    GTG   1   1   1   1   1   1 |     GCG   0   0   1   1   0   1 |     GAG   1   1   2   1   1   1 |     GGG   0   0   0   0   0   0
--------------------------------------------------------------------------------------------------------------------------------------

--------------------------------------------------------------------------------------------------------------------------------------
Phe TTT   0   0   0   0   0   0 | Ser TCT   2   2   2   2   2   2 | Tyr TAT   1   1   1   1   1   1 | Cys TGT   0   0   0   0   0   0
    TTC   0   0   0   0   0   0 |     TCC   1   1   1   1   1   1 |     TAC   0   0   0   0   0   0 |     TGC   0   0   0   0   0   0
Leu TTA   0   0   0   0   0   0 |     TCA   1   0   1   1   1   1 | *** TAA   0   0   0   0   0   0 | *** TGA   0   0   0   0   0   0
    TTG   1   1   1   1   1   1 |     TCG   0   0   0   0   0   0 |     TAG   0   0   0   0   0   0 | Trp TGG   0   0   0   0   0   0
--------------------------------------------------------------------------------------------------------------------------------------
Leu CTT   1   1   1   1   1   1 | Pro CCT   0   0   0   0   0   0 | His CAT   0   0   0   0   0   0 | Arg CGT   1   1   1   1   1   1
    CTC   1   1   1   1   1   1 |     CCC   0   0   0   0   0   0 |     CAC   1   1   1   1   1   1 |     CGC   0   0   0   0   0   0
    CTA   0   0   0   0   0   0 |     CCA   1   1   1   2   2   2 | Gln CAA   2   2   2   2   2   2 |     CGA   0   0   0   0   0   0
    CTG   0   0   0   0   0   0 |     CCG   1   1   1   0   0   0 |     CAG   0   0   0   0   0   0 |     CGG   0   0   0   0   0   0
--------------------------------------------------------------------------------------------------------------------------------------
Ile ATT   1   1   1   1   0   1 | Thr ACT   2   2   2   2   2   2 | Asn AAT   2   2   2   2   2   2 | Ser AGT   1   1   1   1   1   1
    ATC   1   1   1   1   1   1 |     ACC   0   0   0   0   0   0 |     AAC   0   0   0   0   0   0 |     AGC   0   0   0   0   0   0
    ATA   1   1   1   1   2   1 |     ACA   0   1   0   0   0   0 | Lys AAA   3   3   4   3   3   3 | Arg AGA   0   0   0   0   0   0
Met ATG   3   3   3   3   3   3 |     ACG   0   0   0   0   0   0 |     AAG   3   3   2   3   3   3 |     AGG   0   0   0   0   0   0
--------------------------------------------------------------------------------------------------------------------------------------
Val GTT   3   3   3   3   4   3 | Ala GCT   3   3   4   3   3   3 | Asp GAT   1   1   1   1   1   1 | Gly GGT   0   0   0   0   0   0
    GTC   0   0   0   0   0   0 |     GCC   0   0   0   0   0   0 |     GAC   1   1   1   1   1   1 |     GGC   0   0   0   0   0   0
    GTA   1   1   1   1   1   1 |     GCA   0   1   0   0   0   1 | Glu GAA   4   4   5   4   4   4 |     GGA   2   2   1   2   2   2
    GTG   1   1   1   1   1   1 |     GCG   1   0   0   1   0   0 |     GAG   1   1   1   1   1   1 |     GGG   0   0   0   0   0   0
--------------------------------------------------------------------------------------------------------------------------------------

--------------------------------------------------------------------------------------------------------------------------------------
Phe TTT   0   0   0   0   0   0 | Ser TCT   2   2   2   2   2   2 | Tyr TAT   1   1   1   1   1   1 | Cys TGT   0   0   0   0   0   0
    TTC   0   0   0   0   0   0 |     TCC   1   1   1   1   1   1 |     TAC   0   0   0   0   0   0 |     TGC   0   0   0   0   0   0
Leu TTA   0   0   0   0   0   0 |     TCA   1   0   1   1   1   1 | *** TAA   0   0   0   0   0   0 | *** TGA   0   0   0   0   0   0
    TTG   1   1   1   1   1   1 |     TCG   0   0   0   0   0   0 |     TAG   0   0   0   0   0   0 | Trp TGG   0   0   0   0   0   0
--------------------------------------------------------------------------------------------------------------------------------------
Leu CTT   1   1   1   1   1   1 | Pro CCT   0   0   0   0   0   0 | His CAT   0   0   0   0   0   0 | Arg CGT   1   1   1   1   1   1
    CTC   1   1   1   1   1   1 |     CCC   0   0   0   0   0   0 |     CAC   1   1   1   1   1   1 |     CGC   0   0   0   0   0   0
    CTA   0   0   0   0   0   0 |     CCA   1   1   1   1   1   1 | Gln CAA   2   2   2   2   1   2 |     CGA   0   0   0   0   1   0
    CTG   0   0   0   0   0   0 |     CCG   1   1   1   1   1   1 |     CAG   0   0   0   0   0   0 |     CGG   0   0   0   0   0   0
--------------------------------------------------------------------------------------------------------------------------------------
Ile ATT   1   1   1   1   1   1 | Thr ACT   2   2   2   2   2   2 | Asn AAT   2   2   2   2   1   2 | Ser AGT   1   1   1   1   1   1
    ATC   1   1   1   1   1   1 |     ACC   0   0   0   0   0   0 |     AAC   0   0   0   0   0   0 |     AGC   0   0   0   0   0   0
    ATA   1   1   1   1   1   1 |     ACA   0   1   0   0   0   0 | Lys AAA   4   3   3   3   3   3 | Arg AGA   1   0   0   0   0   0
Met ATG   3   3   3   3   3   3 |     ACG   0   0   0   0   0   0 |     AAG   2   3   3   3   4   3 |     AGG   0   0   0   0   0   0
--------------------------------------------------------------------------------------------------------------------------------------
Val GTT   3   3   3   3   3   3 | Ala GCT   3   3   3   3   3   4 | Asp GAT   1   1   1   1   1   1 | Gly GGT   0   0   0   0   0   0
    GTC   0   0   0   0   0   0 |     GCC   0   0   0   1   0   0 |     GAC   1   1   1   1   1   1 |     GGC   0   0   0   0   0   0
    GTA   1   1   1   1   1   1 |     GCA   0   0   0   0   0   0 | Glu GAA   4   4   4   4   4   4 |     GGA   1   2   2   2   2   2
    GTG   1   1   1   1   1   1 |     GCG   1   1   1   0   1   0 |     GAG   1   1   1   1   1   1 |     GGG   0   0   0   0   0   0
--------------------------------------------------------------------------------------------------------------------------------------

--------------------------------------------------------------------------------------------------------------------------------------
Phe TTT   0   0   0   0   0   0 | Ser TCT   2   2   2   2   2   2 | Tyr TAT   1   1   1   1   1   1 | Cys TGT   0   0   0   0   0   0
    TTC   0   0   0   0   0   0 |     TCC   1   1   1   1   1   1 |     TAC   0   0   0   0   0   0 |     TGC   0   0   0   0   0   0
Leu TTA   0   0   0   0   0   0 |     TCA   1   1   1   1   0   1 | *** TAA   0   0   0   0   0   0 | *** TGA   0   0   0   0   0   0
    TTG   1   1   1   1   1   1 |     TCG   0   0   0   0   0   0 |     TAG   0   0   0   0   0   0 | Trp TGG   0   0   0   0   0   0
--------------------------------------------------------------------------------------------------------------------------------------
Leu CTT   1   1   1   1   1   1 | Pro CCT   0   0   0   0   0   0 | His CAT   0   0   0   0   0   0 | Arg CGT   1   1   1   1   1   1
    CTC   1   1   1   1   1   1 |     CCC   0   0   0   0   0   0 |     CAC   1   1   1   1   1   1 |     CGC   0   0   0   0   0   0
    CTA   0   0   0   0   0   0 |     CCA   1   1   1   1   1   2 | Gln CAA   2   2   2   2   2   2 |     CGA   0   0   0   0   0   0
    CTG   0   0   0   0   0   0 |     CCG   1   1   1   1   1   0 |     CAG   0   0   0   0   0   0 |     CGG   0   0   0   0   0   0
--------------------------------------------------------------------------------------------------------------------------------------
Ile ATT   1   1   1   1   1   1 | Thr ACT   2   2   2   2   2   2 | Asn AAT   2   2   2   2   2   2 | Ser AGT   1   1   1   1   1   1
    ATC   1   1   1   1   1   1 |     ACC   0   0   0   0   0   0 |     AAC   0   0   0   0   0   0 |     AGC   0   0   0   0   0   0
    ATA   1   1   1   1   1   1 |     ACA   0   0   0   0   1   0 | Lys AAA   4   3   4   3   3   2 | Arg AGA   0   0   0   0   0   0
Met ATG   3   3   3   3   3   3 |     ACG   0   0   0   0   0   0 |     AAG   2   3   2   3   3   4 |     AGG   0   0   0   0   0   0
--------------------------------------------------------------------------------------------------------------------------------------
Val GTT   3   3   3   3   3   3 | Ala GCT   4   3   4   4   3   3 | Asp GAT   1   1   2   1   1   2 | Gly GGT   1   0   0   0   0   0
    GTC   0   0   0   0   0   0 |     GCC   0   0   0   0   0   0 |     GAC   1   1   0   1   1   1 |     GGC   0   0   0   0   0   0
    GTA   1   1   1   1   1   1 |     GCA   0   0   0   0   0   1 | Glu GAA   4   4   5   4   4   3 |     GGA   1   2   1   2   2   2
    GTG   1   1   1   1   1   1 |     GCG   0   1   0   0   1   0 |     GAG   1   1   1   1   1   1 |     GGG   0   0   0   0   0   0
--------------------------------------------------------------------------------------------------------------------------------------

--------------------------------------------------------------------------------------------------------------------------------------
Phe TTT   0   0   0   0   0   0 | Ser TCT   2   2   2   3   2   2 | Tyr TAT   1   1   1   1   1   1 | Cys TGT   0   0   0   0   0   0
    TTC   0   0   0   0   0   0 |     TCC   1   1   1   0   1   1 |     TAC   0   0   0   0   0   0 |     TGC   0   0   0   0   0   0
Leu TTA   0   0   0   0   0   0 |     TCA   1   1   1   1   0   0 | *** TAA   0   0   0   0   0   0 | *** TGA   0   0   0   0   0   0
    TTG   1   1   1   1   1   1 |     TCG   0   0   0   0   0   0 |     TAG   0   0   0   0   0   0 | Trp TGG   0   0   0   0   0   0
--------------------------------------------------------------------------------------------------------------------------------------
Leu CTT   1   1   1   1   1   1 | Pro CCT   0   0   0   0   0   0 | His CAT   0   0   0   0   0   0 | Arg CGT   1   1   1   1   1   1
    CTC   1   1   1   1   1   1 |     CCC   0   0   0   0   0   0 |     CAC   1   1   1   1   1   1 |     CGC   0   0   0   0   0   0
    CTA   0   0   0   0   0   0 |     CCA   1   1   1   2   1   0 | Gln CAA   2   2   2   2   2   2 |     CGA   0   0   0   0   0   0
    CTG   0   0   0   0   0   0 |     CCG   1   1   1   0   1   2 |     CAG   0   0   0   1   0   0 |     CGG   0   0   0   0   0   0
--------------------------------------------------------------------------------------------------------------------------------------
Ile ATT   1   1   1   1   1   1 | Thr ACT   2   2   2   2   2   2 | Asn AAT   2   2   2   2   2   2 | Ser AGT   1   1   1   1   1   1
    ATC   1   1   1   1   1   1 |     ACC   0   0   0   0   0   0 |     AAC   0   0   0   0   0   0 |     AGC   0   0   0   0   0   0
    ATA   1   1   1   1   1   1 |     ACA   0   0   0   0   1   1 | Lys AAA   3   3   3   3   3   3 | Arg AGA   0   0   0   0   0   0
Met ATG   3   3   3   3   3   3 |     ACG   0   0   0   0   0   0 |     AAG   3   3   3   2   3   3 |     AGG   0   0   0   0   0   0
--------------------------------------------------------------------------------------------------------------------------------------
Val GTT   3   3   3   3   3   3 | Ala GCT   3   3   3   3   3   3 | Asp GAT   1   1   1   1   1   1 | Gly GGT   0   0   0   0   0   0
    GTC   0   0   0   0   0   0 |     GCC   0   0   0   0   0   0 |     GAC   1   1   1   1   1   1 |     GGC   0   0   0   0   0   0
    GTA   1   1   1   1   1   1 |     GCA   0   1   0   0   0   0 | Glu GAA   4   4   4   4   4   4 |     GGA   2   2   2   2   2   2
    GTG   1   1   1   1   1   1 |     GCG   1   0   1   1   1   1 |     GAG   1   1   1   1   1   1 |     GGG   0   0   0   0   0   0
--------------------------------------------------------------------------------------------------------------------------------------

Codon position x base (3x4) table for each sequence.

#1: Argali         
position  1:    T:0.12245    C:0.16327    A:0.34694    G:0.36735
position  2:    T:0.28571    C:0.24490    A:0.38776    G:0.08163
position  3:    T:0.36735    C:0.10204    A:0.30612    G:0.22449
Average         T:0.25850    C:0.17007    A:0.34694    G:0.22449

#2: LesserMouseDeer
position  1:    T:0.14286    C:0.14286    A:0.36735    G:0.34694
position  2:    T:0.28571    C:0.24490    A:0.38776    G:0.08163
position  3:    T:0.30612    C:0.12245    A:0.34694    G:0.22449
Average         T:0.24490    C:0.17007    A:0.36735    G:0.21769

#3: LesserKudu     
position  1:    T:0.10204    C:0.16327    A:0.36735    G:0.36735
position  2:    T:0.28571    C:0.24490    A:0.38776    G:0.08163
position  3:    T:0.36735    C:0.10204    A:0.30612    G:0.22449
Average         T:0.25170    C:0.17007    A:0.35374    G:0.22449

#4: ForestMuskDeer2
position  1:    T:0.12245    C:0.18367    A:0.32653    G:0.36735
position  2:    T:0.28571    C:0.24490    A:0.38776    G:0.08163
position  3:    T:0.38776    C:0.10204    A:0.32653    G:0.18367
Average         T:0.26531    C:0.17687    A:0.34694    G:0.21088

#5: Camel          
position  1:    T:0.12245    C:0.14286    A:0.40816    G:0.32653
position  2:    T:0.28571    C:0.22449    A:0.38776    G:0.10204
position  3:    T:0.38776    C:0.10204    A:0.32653    G:0.18367
Average         T:0.26531    C:0.15646    A:0.37415    G:0.20408

#6: KillerWhale    
position  1:    T:0.12245    C:0.16327    A:0.40816    G:0.30612
position  2:    T:0.28571    C:0.24490    A:0.38776    G:0.08163
position  3:    T:0.34694    C:0.14286    A:0.34694    G:0.16327
Average         T:0.25170    C:0.18367    A:0.38095    G:0.18367

#7: DefassaWaterbuck
position  1:    T:0.12245    C:0.16327    A:0.34694    G:0.36735
position  2:    T:0.28571    C:0.24490    A:0.38776    G:0.08163
position  3:    T:0.36735    C:0.12245    A:0.30612    G:0.20408
Average         T:0.25850    C:0.17687    A:0.34694    G:0.21769

#8: Sheep          
position  1:    T:0.12245    C:0.16327    A:0.34694    G:0.36735
position  2:    T:0.28571    C:0.24490    A:0.38776    G:0.08163
position  3:    T:0.36735    C:0.10204    A:0.30612    G:0.22449
Average         T:0.25850    C:0.17007    A:0.34694    G:0.22449

#9: MaxwellsDuiker 
position  1:    T:0.12245    C:0.16327    A:0.34694    G:0.36735
position  2:    T:0.28571    C:0.24490    A:0.38776    G:0.08163
position  3:    T:0.36735    C:0.12245    A:0.30612    G:0.20408
Average         T:0.25850    C:0.17687    A:0.34694    G:0.21769

#10: GazellaPrzewalskyi
position  1:    T:0.12245    C:0.16327    A:0.34694    G:0.36735
position  2:    T:0.28571    C:0.24490    A:0.36735    G:0.10204
position  3:    T:0.36735    C:0.10204    A:0.30612    G:0.22449
Average         T:0.25850    C:0.17007    A:0.34014    G:0.23129

#11: MountainNyala  
position  1:    T:0.10204    C:0.16327    A:0.36735    G:0.36735
position  2:    T:0.28571    C:0.24490    A:0.38776    G:0.08163
position  3:    T:0.36735    C:0.10204    A:0.32653    G:0.20408
Average         T:0.25170    C:0.17007    A:0.36054    G:0.21769

#12: MuntiacusMuntjak
position  1:    T:0.12245    C:0.16327    A:0.34694    G:0.36735
position  2:    T:0.28571    C:0.24490    A:0.40816    G:0.06122
position  3:    T:0.38776    C:0.10204    A:0.32653    G:0.18367
Average         T:0.26531    C:0.17007    A:0.36054    G:0.20408

#13: goat           
position  1:    T:0.12245    C:0.16327    A:0.34694    G:0.36735
position  2:    T:0.28571    C:0.24490    A:0.38776    G:0.08163
position  3:    T:0.36735    C:0.10204    A:0.34694    G:0.18367
Average         T:0.25850    C:0.17007    A:0.36054    G:0.21088

#14: AfricanBuffalo 
position  1:    T:0.10204    C:0.16327    A:0.36735    G:0.36735
position  2:    T:0.28571    C:0.24490    A:0.38776    G:0.08163
position  3:    T:0.38776    C:0.08163    A:0.30612    G:0.22449
Average         T:0.25850    C:0.16327    A:0.35374    G:0.22449

#15: Topi           
position  1:    T:0.12245    C:0.16327    A:0.34694    G:0.36735
position  2:    T:0.28571    C:0.24490    A:0.38776    G:0.08163
position  3:    T:0.36735    C:0.10204    A:0.32653    G:0.20408
Average         T:0.25850    C:0.17007    A:0.35374    G:0.21769

#16: CommonDuiker   
position  1:    T:0.12245    C:0.16327    A:0.34694    G:0.36735
position  2:    T:0.28571    C:0.24490    A:0.38776    G:0.08163
position  3:    T:0.36735    C:0.10204    A:0.30612    G:0.22449
Average         T:0.25850    C:0.17007    A:0.34694    G:0.22449

#17: Suni           
position  1:    T:0.12245    C:0.16327    A:0.36735    G:0.34694
position  2:    T:0.28571    C:0.24490    A:0.38776    G:0.08163
position  3:    T:0.36735    C:0.10204    A:0.34694    G:0.18367
Average         T:0.25850    C:0.17007    A:0.36735    G:0.20408

#18: Springbuck     
position  1:    T:0.12245    C:0.16327    A:0.34694    G:0.36735
position  2:    T:0.28571    C:0.24490    A:0.36735    G:0.10204
position  3:    T:0.36735    C:0.10204    A:0.30612    G:0.22449
Average         T:0.25850    C:0.17007    A:0.34014    G:0.23129

#19: Okapi          
position  1:    T:0.12245    C:0.16327    A:0.36735    G:0.34694
position  2:    T:0.30612    C:0.22449    A:0.38776    G:0.08163
position  3:    T:0.38776    C:0.12245    A:0.30612    G:0.18367
Average         T:0.27211    C:0.17007    A:0.35374    G:0.20408

#20: Giraffe        
position  1:    T:0.14286    C:0.16327    A:0.40816    G:0.28571
position  2:    T:0.30612    C:0.22449    A:0.34694    G:0.12245
position  3:    T:0.36735    C:0.12245    A:0.28571    G:0.22449
Average         T:0.27211    C:0.17007    A:0.34694    G:0.21088

#21: TibetanAntelope
position  1:    T:0.12245    C:0.16327    A:0.36735    G:0.34694
position  2:    T:0.26531    C:0.24490    A:0.40816    G:0.08163
position  3:    T:0.36735    C:0.10204    A:0.32653    G:0.20408
Average         T:0.25170    C:0.17007    A:0.36735    G:0.21088

#22: Sitatunga      
position  1:    T:0.10204    C:0.16327    A:0.36735    G:0.36735
position  2:    T:0.28571    C:0.24490    A:0.38776    G:0.08163
position  3:    T:0.36735    C:0.10204    A:0.32653    G:0.20408
Average         T:0.25170    C:0.17007    A:0.36054    G:0.21769

#23: Oribi          
position  1:    T:0.12245    C:0.16327    A:0.34694    G:0.36735
position  2:    T:0.28571    C:0.24490    A:0.38776    G:0.08163
position  3:    T:0.36735    C:0.10204    A:0.32653    G:0.20408
Average         T:0.25850    C:0.17007    A:0.35374    G:0.21769

#24: BarbarySheep   
position  1:    T:0.12245    C:0.16327    A:0.34694    G:0.36735
position  2:    T:0.28571    C:0.24490    A:0.38776    G:0.08163
position  3:    T:0.36735    C:0.10204    A:0.30612    G:0.22449
Average         T:0.25850    C:0.17007    A:0.34694    G:0.22449

#25: Daviddeer      
position  1:    T:0.12245    C:0.16327    A:0.34694    G:0.36735
position  2:    T:0.28571    C:0.24490    A:0.38776    G:0.08163
position  3:    T:0.40816    C:0.10204    A:0.30612    G:0.18367
Average         T:0.27211    C:0.17007    A:0.34694    G:0.21088

#26: Reindeer       
position  1:    T:0.12245    C:0.16327    A:0.32653    G:0.38776
position  2:    T:0.28571    C:0.24490    A:0.38776    G:0.08163
position  3:    T:0.36735    C:0.12245    A:0.30612    G:0.20408
Average         T:0.25850    C:0.17687    A:0.34014    G:0.22449

#27: Ibex           
position  1:    T:0.12245    C:0.16327    A:0.34694    G:0.36735
position  2:    T:0.28571    C:0.24490    A:0.38776    G:0.08163
position  3:    T:0.36735    C:0.10204    A:0.30612    G:0.22449
Average         T:0.25850    C:0.17007    A:0.34694    G:0.22449

#28: GyrantGazelle  
position  1:    T:0.12245    C:0.16327    A:0.34694    G:0.36735
position  2:    T:0.28571    C:0.24490    A:0.38776    G:0.08163
position  3:    T:0.36735    C:0.10204    A:0.30612    G:0.22449
Average         T:0.25850    C:0.17007    A:0.34694    G:0.22449

#29: Hartebeest     
position  1:    T:0.12245    C:0.16327    A:0.34694    G:0.36735
position  2:    T:0.28571    C:0.24490    A:0.38776    G:0.08163
position  3:    T:0.36735    C:0.10204    A:0.32653    G:0.20408
Average         T:0.25850    C:0.17007    A:0.35374    G:0.21769

#30: Bongo          
position  1:    T:0.10204    C:0.16327    A:0.36735    G:0.36735
position  2:    T:0.28571    C:0.24490    A:0.38776    G:0.08163
position  3:    T:0.36735    C:0.10204    A:0.32653    G:0.20408
Average         T:0.25170    C:0.17007    A:0.36054    G:0.21769

#31: Gerenuk        
position  1:    T:0.12245    C:0.16327    A:0.34694    G:0.36735
position  2:    T:0.28571    C:0.24490    A:0.38776    G:0.08163
position  3:    T:0.36735    C:0.10204    A:0.30612    G:0.22449
Average         T:0.25850    C:0.17007    A:0.34694    G:0.22449

#32: CommonEland    
position  1:    T:0.10204    C:0.16327    A:0.36735    G:0.36735
position  2:    T:0.28571    C:0.24490    A:0.38776    G:0.08163
position  3:    T:0.36735    C:0.10204    A:0.32653    G:0.20408
Average         T:0.25170    C:0.17007    A:0.36054    G:0.21769

#33: MuntiacusReevesi
position  1:    T:0.12245    C:0.16327    A:0.34694    G:0.36735
position  2:    T:0.28571    C:0.24490    A:0.40816    G:0.06122
position  3:    T:0.38776    C:0.10204    A:0.32653    G:0.18367
Average         T:0.26531    C:0.17007    A:0.36054    G:0.20408

#34: HarveysDuiker  
position  1:    T:0.12245    C:0.16327    A:0.34694    G:0.36735
position  2:    T:0.28571    C:0.24490    A:0.38776    G:0.08163
position  3:    T:0.36735    C:0.10204    A:0.32653    G:0.20408
Average         T:0.25850    C:0.17007    A:0.35374    G:0.21769

#35: Pronghorn      
position  1:    T:0.12245    C:0.16327    A:0.34694    G:0.36735
position  2:    T:0.30612    C:0.22449    A:0.38776    G:0.08163
position  3:    T:0.36735    C:0.10204    A:0.34694    G:0.18367
Average         T:0.26531    C:0.16327    A:0.36054    G:0.21088

#36: BlueWildebeest 
position  1:    T:0.12245    C:0.16327    A:0.34694    G:0.36735
position  2:    T:0.28571    C:0.24490    A:0.38776    G:0.08163
position  3:    T:0.36735    C:0.10204    A:0.34694    G:0.18367
Average         T:0.25850    C:0.17007    A:0.36054    G:0.21088

#37: Gemsbok        
position  1:    T:0.12245    C:0.16327    A:0.36735    G:0.34694
position  2:    T:0.28571    C:0.24490    A:0.38776    G:0.08163
position  3:    T:0.36735    C:0.10204    A:0.32653    G:0.20408
Average         T:0.25850    C:0.17007    A:0.36054    G:0.21088

#38: Yak            
position  1:    T:0.10204    C:0.16327    A:0.36735    G:0.36735
position  2:    T:0.28571    C:0.24490    A:0.38776    G:0.08163
position  3:    T:0.36735    C:0.10204    A:0.30612    G:0.22449
Average         T:0.25170    C:0.17007    A:0.35374    G:0.22449

#39: BlueSheep      
position  1:    T:0.12245    C:0.16327    A:0.34694    G:0.36735
position  2:    T:0.28571    C:0.24490    A:0.38776    G:0.08163
position  3:    T:0.36735    C:0.10204    A:0.30612    G:0.22449
Average         T:0.25850    C:0.17007    A:0.34694    G:0.22449

#40: BohorReedbuck  
position  1:    T:0.12245    C:0.16327    A:0.34694    G:0.36735
position  2:    T:0.28571    C:0.24490    A:0.38776    G:0.08163
position  3:    T:0.36735    C:0.12245    A:0.30612    G:0.20408
Average         T:0.25850    C:0.17687    A:0.34694    G:0.21769

#41: KirksDik       
position  1:    T:0.12245    C:0.16327    A:0.34694    G:0.36735
position  2:    T:0.28571    C:0.24490    A:0.36735    G:0.10204
position  3:    T:0.34694    C:0.10204    A:0.30612    G:0.24490
Average         T:0.25170    C:0.17007    A:0.34014    G:0.23810

#42: RoeDeer        
position  1:    T:0.12245    C:0.16327    A:0.34694    G:0.36735
position  2:    T:0.28571    C:0.24490    A:0.38776    G:0.08163
position  3:    T:0.38776    C:0.10204    A:0.30612    G:0.20408
Average         T:0.26531    C:0.17007    A:0.34694    G:0.21769

#43: WhiteLippedDeer
position  1:    T:0.12245    C:0.16327    A:0.34694    G:0.36735
position  2:    T:0.28571    C:0.24490    A:0.38776    G:0.08163
position  3:    T:0.40816    C:0.10204    A:0.30612    G:0.18367
Average         T:0.27211    C:0.17007    A:0.34694    G:0.21088

#44: ThomsonGazelle 
position  1:    T:0.12245    C:0.16327    A:0.34694    G:0.36735
position  2:    T:0.28571    C:0.24490    A:0.38776    G:0.08163
position  3:    T:0.36735    C:0.10204    A:0.30612    G:0.22449
Average         T:0.25850    C:0.17007    A:0.34694    G:0.22449

#45: MuntiacusCrinifrons
position  1:    T:0.12245    C:0.16327    A:0.34694    G:0.36735
position  2:    T:0.28571    C:0.24490    A:0.40816    G:0.06122
position  3:    T:0.40816    C:0.08163    A:0.32653    G:0.18367
Average         T:0.27211    C:0.16327    A:0.36054    G:0.20408

#46: WhiteTailedDeer
position  1:    T:0.12245    C:0.16327    A:0.34694    G:0.36735
position  2:    T:0.28571    C:0.24490    A:0.38776    G:0.08163
position  3:    T:0.38776    C:0.10204    A:0.30612    G:0.20408
Average         T:0.26531    C:0.17007    A:0.34694    G:0.21769

#47: Cattle         
position  1:    T:0.10204    C:0.16327    A:0.36735    G:0.36735
position  2:    T:0.28571    C:0.24490    A:0.38776    G:0.08163
position  3:    T:0.36735    C:0.10204    A:0.30612    G:0.22449
Average         T:0.25170    C:0.17007    A:0.35374    G:0.22449

#48: RoyalAntelope  
position  1:    T:0.12245    C:0.16327    A:0.34694    G:0.36735
position  2:    T:0.28571    C:0.24490    A:0.38776    G:0.08163
position  3:    T:0.38776    C:0.10204    A:0.30612    G:0.20408
Average         T:0.26531    C:0.17007    A:0.34694    G:0.21769

#49: Steenbok       
position  1:    T:0.12245    C:0.16327    A:0.34694    G:0.36735
position  2:    T:0.28571    C:0.24490    A:0.38776    G:0.08163
position  3:    T:0.36735    C:0.10204    A:0.30612    G:0.22449
Average         T:0.25850    C:0.17007    A:0.34694    G:0.22449

#50: Impala         
position  1:    T:0.12245    C:0.16327    A:0.34694    G:0.36735
position  2:    T:0.28571    C:0.24490    A:0.38776    G:0.08163
position  3:    T:0.36735    C:0.10204    A:0.32653    G:0.20408
Average         T:0.25850    C:0.17007    A:0.35374    G:0.21769

#51: Klipspringer   
position  1:    T:0.12245    C:0.16327    A:0.34694    G:0.36735
position  2:    T:0.28571    C:0.24490    A:0.38776    G:0.08163
