1
52 1
Argali 0.000000 0.160000 0.076600 0.137800 0.067200 0.026600 0.067900 0.019800 0.069500 0.068600 0.040500 0.062000 0.053800 0.067500 0.054100 0.033600 0.055000 0.062300 0.033800 0.069400 0.019800 0.054000 0.054800 0.047600 0.040500 0.026600 0.061000 0.069400 0.026600 0.076200 0.068600 0.074400 0.088400 0.053800 0.053900 0.061700 0.047600 0.053300 0.053600 0.055100 0.040900 0.033400 0.068600 0.047700 0.061500 0.040300 0.019800 0.020000 0.061400 0.098600 0.069600 0.069400
LesserMous 0.160000 0.000000 0.138100 0.137300 0.173800 0.129100 0.143100 0.134300 0.130100 0.144500 0.145800 0.153900 0.143800 0.142200 0.127500 0.152700 0.113600 0.122600 0.137900 0.130000 0.135600 0.160600 0.129500 0.121500 0.145800 0.144000 0.152400 0.130000 0.144100 0.137200 0.144500 0.149800 0.180900 0.143800 0.144300 0.121100 0.154700 0.173400 0.150100 0.113900 0.146300 0.151900 0.144500 0.121100 0.120700 0.143700 0.135000 0.137300 0.152600 0.162100 0.130500 0.130000
LesserKudu 0.076600 0.138100 0.000000 0.146600 0.090100 0.077100 0.061800 0.054800 0.006700 0.077200 0.062900 0.055800 0.076500 0.075900 0.055100 0.069700 0.062500 0.069800 0.055800 0.006600 0.055000 0.076800 0.048600 0.055600 0.062900 0.062200 0.084200 0.006600 0.062300 0.013300 0.077200 0.083000 0.112100 0.076500 0.076800 0.041300 0.070500 0.089900 0.090500 0.063400 0.063200 0.069500 0.077200 0.055700 0.041100 0.062300 0.054700 0.055600 0.084400 0.108100 0.006700 0.006600
KillerWhal 0.137800 0.137300 0.146600 0.000000 0.151500 0.107700 0.145200 0.113300 0.138800 0.138600 0.123800 0.132200 0.122100 0.136300 0.130400 0.130700 0.091800 0.115400 0.116300 0.138600 0.114400 0.138300 0.123700 0.115800 0.123800 0.122300 0.114700 0.138600 0.122400 0.145800 0.138600 0.143800 0.175100 0.122100 0.122500 0.131500 0.132300 0.151100 0.136400 0.108600 0.124200 0.130200 0.138600 0.115500 0.131000 0.122100 0.113900 0.131200 0.130700 0.140200 0.139000 0.138600
DefassaWat 0.067200 0.173800 0.090100 0.151500 0.000000 0.067700 0.081100 0.046300 0.082900 0.081900 0.053900 0.075300 0.067200 0.080700 0.067200 0.060600 0.068500 0.075700 0.047100 0.082800 0.046400 0.067400 0.068200 0.060900 0.053900 0.053400 0.074400 0.082800 0.053400 0.089600 0.081900 0.087600 0.101500 0.067200 0.067400 0.075000 0.061200 0.012800 0.066600 0.068600 0.068400 0.060400 0.081900 0.061000 0.074700 0.053500 0.046200 0.060800 0.060600 0.112100 0.083000 0.082800
Sheep 0.026600 0.129100 0.077100 0.107700 0.067700 0.000000 0.068300 0.019900 0.069900 0.054800 0.040800 0.062400 0.040300 0.068000 0.054500 0.033800 0.041300 0.048400 0.034100 0.069800 0.020000 0.054300 0.041100 0.033900 0.040800 0.026800 0.047400 0.069800 0.026800 0.076800 0.054800 0.074900 0.074600 0.040300 0.040400 0.047900 0.048000 0.053600 0.040100 0.041300 0.027200 0.033700 0.054800 0.034000 0.047700 0.040600 0.019900 0.020200 0.047700 0.069700 0.070000 0.069800
MaxwellsDu 0.067900 0.143100 0.061800 0.145200 0.081100 0.068300 0.000000 0.046700 0.054800 0.068400 0.054500 0.061700 0.067800 0.039600 0.053900 0.060900 0.054900 0.062000 0.047600 0.054700 0.046900 0.068000 0.054600 0.047400 0.054500 0.053900 0.075200 0.054700 0.053700 0.061500 0.068400 0.046300 0.088100 0.067800 0.068000 0.047300 0.061800 0.080900 0.081400 0.054900 0.069100 0.060900 0.068400 0.047500 0.047200 0.054000 0.046700 0.047400 0.075400 0.098200 0.054900 0.054700
GazellaPrz 0.019800 0.134300 0.054800 0.113300 0.046300 0.019900 0.046700 0.000000 0.047800 0.047300 0.020000 0.040600 0.033200 0.046100 0.033200 0.013200 0.033800 0.040800 0.013300 0.047700 0.000100 0.033300 0.033700 0.026700 0.020000 0.006600 0.040200 0.047700 0.006600 0.054500 0.047300 0.052900 0.066900 0.033200 0.033300 0.040500 0.026900 0.032700 0.033000 0.033900 0.033800 0.013200 0.047300 0.026800 0.040300 0.019800 0.000100 0.013300 0.040200 0.076100 0.047900 0.047700
MountainNy 0.069500 0.130100 0.006700 0.138800 0.082900 0.069900 0.054800 0.047800 0.000000 0.070000 0.055800 0.048700 0.069400 0.068800 0.048100 0.062600 0.055400 0.062600 0.048700 0.000000 0.048000 0.069600 0.041500 0.048500 0.055800 0.055200 0.076900 0.000000 0.055200 0.006600 0.070000 0.075900 0.104700 0.069400 0.069600 0.034300 0.063300 0.082700 0.083300 0.056200 0.056100 0.062300 0.070000 0.048600 0.034200 0.055200 0.047800 0.048500 0.077100 0.100600 0.000000 0.000000
MuntiacusM 0.068600 0.144500 0.077200 0.138600 0.081900 0.054800 0.068400 0.047300 0.070000 0.000000 0.055100 0.062400 0.054400 0.067800 0.054500 0.061800 0.041300 0.048400 0.048200 0.069900 0.047400 0.068800 0.027000 0.020200 0.055100 0.054500 0.061700 0.069900 0.054500 0.076800 0.000000 0.074800 0.089000 0.054400 0.054600 0.062200 0.062500 0.081800 0.068000 0.027300 0.041000 0.061600 0.000000 0.020200 0.061900 0.054600 0.047200 0.047900 0.076200 0.069600 0.070000 0.069900
goat 0.040500 0.145800 0.062900 0.123800 0.053900 0.040800 0.054500 0.020000 0.055800 0.055100 0.000000 0.048400 0.040500 0.054200 0.040700 0.033900 0.041500 0.048600 0.006700 0.055700 0.020100 0.026700 0.041300 0.034100 0.000000 0.026900 0.047600 0.055700 0.026900 0.062600 0.055100 0.061100 0.089300 0.040500 0.040600 0.048200 0.006300 0.053800 0.054200 0.041500 0.041400 0.033800 0.055100 0.034200 0.048000 0.027000 0.020000 0.034100 0.047900 0.084800 0.055800 0.055700
AfricanBuf 0.062000 0.153900 0.055800 0.132200 0.075300 0.062400 0.061700 0.040600 0.048700 0.062400 0.048400 0.000000 0.061900 0.061400 0.047800 0.055100 0.048700 0.055900 0.041400 0.048600 0.040700 0.062100 0.034300 0.041200 0.048400 0.047800 0.069300 0.048600 0.047800 0.055500 0.062400 0.068300 0.096300 0.061900 0.062100 0.041200 0.055700 0.075100 0.075700 0.048700 0.048600 0.054900 0.062400 0.041300 0.041000 0.047900 0.040600 0.041200 0.069500 0.077700 0.048700 0.048600
Topi 0.053800 0.143800 0.076500 0.122100 0.067200 0.040300 0.067800 0.033200 0.069400 0.054400 0.040500 0.061900 0.000000 0.067500 0.054000 0.047300 0.040900 0.048000 0.033800 0.069300 0.033300 0.053900 0.040800 0.033700 0.040500 0.040200 0.006600 0.069300 0.040200 0.076100 0.054400 0.074400 0.088200 0.000000 0.026500 0.061600 0.047600 0.067000 0.053500 0.041000 0.040900 0.047100 0.054400 0.033800 0.061400 0.040300 0.033200 0.047500 0.047300 0.083600 0.069400 0.069300
CommonDuik 0.067500 0.142200 0.075900 0.136300 0.080700 0.068000 0.039600 0.046100 0.068800 0.067800 0.054200 0.061400 0.067500 0.000000 0.053600 0.060600 0.054000 0.061700 0.047300 0.068700 0.046600 0.067700 0.054100 0.047200 0.054200 0.053600 0.074800 0.068700 0.053500 0.075500 0.067800 0.006000 0.087600 0.067500 0.067700 0.061100 0.061500 0.080600 0.081000 0.054200 0.068600 0.060600 0.067800 0.046900 0.060900 0.053600 0.046500 0.047200 0.075000 0.082800 0.068900 0.068700
Suni 0.054100 0.127500 0.055100 0.130400 0.067200 0.054500 0.053900 0.033200 0.048100 0.054500 0.040700 0.047800 0.054000 0.053600 0.000000 0.047400 0.034100 0.041100 0.033900 0.048000 0.033300 0.054200 0.040800 0.033700 0.040700 0.040300 0.061300 0.048000 0.040300 0.054900 0.054500 0.060400 0.088300 0.054000 0.054200 0.047600 0.047900 0.067100 0.060500 0.041000 0.055100 0.047200 0.054500 0.033800 0.047400 0.040300 0.039700 0.033700 0.061400 0.083700 0.048200 0.048000
Springbuck 0.033600 0.152700 0.069700 0.130700 0.060600 0.033800 0.060900 0.013200 0.062600 0.061800 0.033900 0.055100 0.047300 0.060600 0.047400 0.000000 0.048200 0.055400 0.027100 0.062500 0.013200 0.047500 0.048000 0.040800 0.033900 0.006600 0.054500 0.062500 0.006600 0.069400 0.061800 0.067500 0.081700 0.047300 0.047400 0.054900 0.041100 0.046700 0.046900 0.048300 0.048200 0.013200 0.061800 0.040900 0.054700 0.033600 0.013200 0.027000 0.054600 0.076800 0.062700 0.062500
Okapi 0.055000 0.113600 0.062500 0.091800 0.068500 0.041300 0.054900 0.033800 0.055400 0.041300 0.041500 0.048700 0.040900 0.054000 0.034100 0.048200 0.000000 0.020400 0.034500 0.055300 0.034000 0.055200 0.027500 0.020400 0.041500 0.041000 0.048200 0.055300 0.041000 0.062100 0.041300 0.061000 0.075400 0.040900 0.041000 0.048500 0.048800 0.068300 0.054500 0.013700 0.041700 0.048100 0.041300 0.020500 0.048300 0.041100 0.033800 0.034300 0.062500 0.070500 0.055400 0.055300
Giraffe 0.062300 0.122600 0.069800 0.115400 0.075700 0.048400 0.062000 0.040800 0.062600 0.048400 0.048600 0.055900 0.048000 0.061700 0.041100 0.055400 0.020400 0.000000 0.041600 0.062500 0.041000 0.062400 0.034500 0.027400 0.048600 0.048100 0.055300 0.062500 0.048100 0.069400 0.048400 0.068700 0.082700 0.048000 0.048100 0.055700 0.056100 0.075600 0.061700 0.020700 0.049000 0.055200 0.048400 0.027500 0.055500 0.048200 0.040800 0.041400 0.069900 0.078000 0.062700 0.062500
TibetanAnt 0.033800 0.137900 0.055800 0.116300 0.047100 0.034100 0.047600 0.013300 0.048700 0.048200 0.006700 0.041400 0.033800 0.047300 0.033900 0.027100 0.034500 0.041600 0.000000 0.048600 0.013400 0.033900 0.034400 0.027300 0.006700 0.020200 0.040900 0.048600 0.020200 0.055500 0.048200 0.054200 0.082100 0.033800 0.033900 0.041200 0.013600 0.047000 0.047300 0.034500 0.034500 0.027000 0.048200 0.027300 0.041100 0.020200 0.013300 0.027300 0.041000 0.077600 0.048800 0.048600
Sitatunga 0.069400 0.130000 0.006600 0.138600 0.082800 0.069800 0.054700 0.047700 0.000000 0.069900 0.055700 0.048600 0.069300 0.068700 0.048000 0.062500 0.055300 0.062500 0.048600 0.000000 0.047900 0.069500 0.041500 0.048400 0.055700 0.055100 0.076800 0.000000 0.055100 0.006600 0.069900 0.075800 0.104600 0.069300 0.069500 0.034200 0.063200 0.082600 0.083200 0.056100 0.056000 0.062300 0.069900 0.048500 0.034100 0.055200 0.047700 0.048400 0.077000 0.100400 0.000000 0.000000
Oribi 0.019800 0.135600 0.055000 0.114400 0.046400 0.020000 0.046900 0.000100 0.048000 0.047400 0.020100 0.040700 0.033300 0.046600 0.033300 0.013200 0.034000 0.041000 0.013400 0.047900 0.000000 0.033400 0.033800 0.026800 0.020100 0.006600 0.040300 0.047900 0.006600 0.054700 0.047400 0.053400 0.067000 0.033300 0.033400 0.040600 0.027000 0.032800 0.033000 0.034000 0.033900 0.013200 0.047400 0.026900 0.040400 0.019900 0.000000 0.013300 0.040400 0.076400 0.048000 0.047900
BarbaryShe 0.054000 0.160600 0.076800 0.138300 0.067400 0.054300 0.068000 0.033300 0.069600 0.068800 0.026700 0.062100 0.053900 0.067700 0.054200 0.047500 0.055200 0.062400 0.033900 0.069500 0.033400 0.000000 0.055000 0.047700 0.026700 0.040300 0.061100 0.069500 0.040400 0.076400 0.068800 0.074600 0.103100 0.054500 0.054100 0.061800 0.033600 0.067300 0.067700 0.055300 0.055200 0.047300 0.068800 0.047800 0.061600 0.040400 0.033300 0.047700 0.061500 0.098800 0.069700 0.069500
Daviddeer 0.054800 0.129500 0.048600 0.123700 0.068200 0.041100 0.054600 0.033700 0.041500 0.027000 0.041300 0.034300 0.040800 0.054100 0.040800 0.048000 0.027500 0.034500 0.034400 0.041500 0.033800 0.055000 0.000000 0.006700 0.041300 0.040800 0.047900 0.041500 0.040800 0.048300 0.027000 0.061000 0.075100 0.040800 0.040900 0.034200 0.048600 0.068000 0.054300 0.013600 0.013500 0.047900 0.027000 0.006700 0.034100 0.040900 0.033700 0.034200 0.062300 0.055600 0.041600 0.041500
Reindeer 0.047600 0.121500 0.055600 0.115800 0.060900 0.033900 0.047400 0.026700 0.048500 0.020200 0.034100 0.041200 0.033700 0.047200 0.033700 0.040800 0.020400 0.027400 0.027300 0.048400 0.026800 0.047700 0.006700 0.000000 0.034100 0.033700 0.040700 0.048400 0.033800 0.055300 0.020200 0.054000 0.067700 0.033700 0.033800 0.041000 0.041300 0.060700 0.047100 0.006700 0.020400 0.040700 0.020200 0.000000 0.040900 0.033800 0.026700 0.027100 0.054900 0.048200 0.048500 0.048400
Ibex 0.040500 0.145800 0.062900 0.123800 0.053900 0.040800 0.054500 0.020000 0.055800 0.055100 0.000000 0.048400 0.040500 0.054200 0.040700 0.033900 0.041500 0.048600 0.006700 0.055700 0.020100 0.026700 0.041300 0.034100 0.000000 0.026900 0.047600 0.055700 0.026900 0.062600 0.055100 0.061100 0.089300 0.040500 0.040600 0.048200 0.006700 0.053800 0.054200 0.041500 0.041400 0.033800 0.055100 0.034200 0.048000 0.027000 0.020000 0.034100 0.047900 0.084800 0.055800 0.055700
GyrantGaze 0.026600 0.144000 0.062200 0.122300 0.053400 0.026800 0.053900 0.006600 0.055200 0.054500 0.026900 0.047800 0.040200 0.053600 0.040300 0.006600 0.041000 0.048100 0.020200 0.055100 0.006600 0.040300 0.040800 0.033700 0.026900 0.000000 0.047300 0.055100 0.000000 0.061900 0.054500 0.060500 0.074200 0.040200 0.040300 0.047600 0.033900 0.039700 0.039900 0.041000 0.041000 0.006600 0.054500 0.033800 0.047500 0.026700 0.006500 0.020100 0.047400 0.083900 0.055200 0.055100
Hartebeest 0.061000 0.152400 0.084200 0.114700 0.074400 0.047400 0.075200 0.040200 0.076900 0.061700 0.047600 0.069300 0.006600 0.074800 0.061300 0.054500 0.048200 0.055300 0.040900 0.076800 0.040300 0.061100 0.047900 0.040700 0.047600 0.047300 0.000000 0.076800 0.047300 0.083700 0.061700 0.081800 0.095700 0.006600 0.033400 0.069000 0.054900 0.074300 0.060700 0.048200 0.048100 0.054300 0.061700 0.040800 0.068800 0.047400 0.040100 0.054800 0.054500 0.091300 0.077000 0.076800
Bongo 0.069400 0.130000 0.006600 0.138600 0.082800 0.069800 0.054700 0.047700 0.000000 0.069900 0.055700 0.048600 0.069300 0.068700 0.048000 0.062500 0.055300 0.062500 0.048600 0.000000 0.047900 0.069500 0.041500 0.048400 0.055700 0.055100 0.076800 0.000000 0.055100 0.006600 0.069900 0.075800 0.104600 0.069300 0.069500 0.034200 0.063200 0.082600 0.083200 0.056100 0.056000 0.062300 0.069900 0.048500 0.034100 0.055200 0.047700 0.048400 0.077000 0.100400 0.000000 0.000000
Gerenuk 0.026600 0.144100 0.062300 0.122400 0.053400 0.026800 0.053700 0.006600 0.055200 0.054500 0.026900 0.047800 0.040200 0.053500 0.040300 0.006600 0.041000 0.048100 0.020200 0.055100 0.006600 0.040400 0.040800 0.033800 0.026900 0.000000 0.047300 0.055100 0.000000 0.061900 0.054500 0.060300 0.074300 0.040200 0.040300 0.047700 0.033900 0.039700 0.039900 0.041100 0.041000 0.006600 0.054500 0.033800 0.047500 0.026700 0.006500 0.020100 0.047400 0.083900 0.055200 0.055100
CommonElan 0.076200 0.137200 0.013300 0.145800 0.089600 0.076800 0.061500 0.054500 0.006600 0.076800 0.062600 0.055500 0.076100 0.075500 0.054900 0.069400 0.062100 0.069400 0.055500 0.006600 0.054700 0.076400 0.048300 0.055300 0.062600 0.061900 0.083700 0.006600 0.061900 0.000000 0.076800 0.082600 0.111500 0.076100 0.076400 0.041000 0.070100 0.089400 0.090000 0.063100 0.062900 0.069100 0.076800 0.055400 0.040900 0.062000 0.054400 0.055300 0.083900 0.107500 0.006600 0.006600
MuntiacusR 0.068600 0.144500 0.077200 0.138600 0.081900 0.054800 0.068400 0.047300 0.070000 0.000000 0.055100 0.062400 0.054400 0.067800 0.054500 0.061800 0.041300 0.048400 0.048200 0.069900 0.047400 0.068800 0.027000 0.020200 0.055100 0.054500 0.061700 0.069900 0.054500 0.076800 0.000000 0.074800 0.089000 0.054400 0.054600 0.062200 0.062500 0.081800 0.068000 0.027300 0.041000 0.061600 0.000000 0.020200 0.061900 0.054600 0.047200 0.047900 0.076200 0.069600 0.070000 0.069900
HarveysDui 0.074400 0.149800 0.083000 0.143800 0.087600 0.074900 0.046300 0.052900 0.075900 0.074800 0.061100 0.068300 0.074400 0.006000 0.060400 0.067500 0.061000 0.068700 0.054200 0.075800 0.053400 0.074600 0.061000 0.054000 0.061100 0.060500 0.081800 0.075800 0.060300 0.082600 0.074800 0.000000 0.094600 0.074400 0.074600 0.068100 0.068400 0.087500 0.088000 0.061200 0.075600 0.067500 0.074800 0.053800 0.067800 0.060500 0.053200 0.054000 0.082000 0.089900 0.075900 0.075800
Pronghorn 0.088400 0.180900 0.112100 0.175100 0.101500 0.074600 0.088100 0.066900 0.104700 0.089000 0.089300 0.096300 0.088200 0.087600 0.088300 0.081700 0.075400 0.082700 0.082100 0.104600 0.067000 0.103100 0.075100 0.067700 0.089300 0.074200 0.095700 0.104600 0.074300 0.111500 0.089000 0.094600 0.000000 0.088200 0.074200 0.096500 0.097000 0.101400 0.087600 0.075500 0.089800 0.081400 0.089000 0.067900 0.096100 0.088600 0.066800 0.067800 0.110700 0.119200 0.104900 0.104600
BlueWildeb 0.053800 0.143800 0.076500 0.122100 0.067200 0.040300 0.067800 0.033200 0.069400 0.054400 0.040500 0.061900 0.000000 0.067500 0.054000 0.047300 0.040900 0.048000 0.033800 0.069300 0.033300 0.054500 0.040800 0.033700 0.040500 0.040200 0.006600 0.069300 0.040200 0.076100 0.054400 0.074400 0.088200 0.000000 0.026500 0.061600 0.047600 0.067000 0.053500 0.041000 0.040900 0.047100 0.054400 0.033800 0.061400 0.040300 0.033200 0.047500 0.047300 0.083600 0.069400 0.069300
Gemsbok 0.053900 0.144300 0.076800 0.122500 0.067400 0.040400 0.068000 0.033300 0.069600 0.054600 0.040600 0.062100 0.026500 0.067700 0.054200 0.047400 0.041000 0.048100 0.033900 0.069500 0.033400 0.054100 0.040900 0.033800 0.040600 0.040300 0.033400 0.069500 0.040300 0.076400 0.054600 0.074600 0.074200 0.026500 0.000000 0.061800 0.047800 0.067200 0.053700 0.041100 0.041000 0.047300 0.054600 0.033800 0.061600 0.040400 0.033300 0.047700 0.061500 0.083900 0.069700 0.069500
Yak 0.061700 0.121100 0.041300 0.131500 0.075000 0.047900 0.047300 0.040500 0.034300 0.062200 0.048200 0.041200 0.061600 0.061100 0.047600 0.054900 0.048500 0.055700 0.041200 0.034200 0.040600 0.061800 0.034200 0.041000 0.048200 0.047600 0.069000 0.034200 0.047700 0.041000 0.062200 0.068100 0.096500 0.061600 0.061800 0.000000 0.055500 0.074900 0.075400 0.048500 0.048400 0.054700 0.062200 0.041100 0.000000 0.047700 0.040400 0.041000 0.054900 0.077300 0.034300 0.034200
BlueSheep 0.047600 0.154700 0.070500 0.132300 0.061200 0.048000 0.061800 0.026900 0.063300 0.062500 0.006300 0.055700 0.047600 0.061500 0.047900 0.041100 0.048800 0.056100 0.013600 0.063200 0.027000 0.033600 0.048600 0.041300 0.006700 0.033900 0.054900 0.063200 0.033900 0.070100 0.062500 0.068400 0.097000 0.047600 0.047800 0.055500 0.000000 0.061000 0.061400 0.048800 0.048800 0.040900 0.062500 0.041400 0.055300 0.034000 0.026900 0.041300 0.055200 0.092600 0.063300 0.063200
BohorReedb 0.053300 0.173400 0.089900 0.151100 0.012800 0.053600 0.080900 0.032700 0.082700 0.081800 0.053800 0.075100 0.067000 0.080600 0.067100 0.046700 0.068300 0.075600 0.047000 0.082600 0.032800 0.067300 0.068000 0.060700 0.053800 0.039700 0.074300 0.082600 0.039700 0.089400 0.081800 0.087500 0.101400 0.067000 0.067200 0.074900 0.061000 0.000000 0.052800 0.068400 0.068300 0.046500 0.081800 0.060900 0.074600 0.053400 0.032700 0.046900 0.060500 0.111800 0.082800 0.082600
KirksDik 0.053600 0.150100 0.090500 0.136400 0.066600 0.040100 0.081400 0.033000 0.083300 0.068000 0.054200 0.075700 0.053500 0.081000 0.060500 0.046900 0.054500 0.061700 0.047300 0.083200 0.033000 0.067700 0.054300 0.047100 0.054200 0.039900 0.060700 0.083200 0.039900 0.090000 0.068000 0.088000 0.087600 0.053500 0.053700 0.075400 0.061400 0.052800 0.000000 0.054600 0.054500 0.046800 0.068000 0.047200 0.075100 0.053700 0.032900 0.047200 0.075000 0.097500 0.083400 0.083200
RoeDeer 0.055100 0.113900 0.063400 0.108600 0.068600 0.041300 0.054900 0.033900 0.056200 0.027300 0.041500 0.048700 0.041000 0.054200 0.041000 0.048300 0.013700 0.020700 0.034500 0.056100 0.034000 0.055300 0.013600 0.006700 0.041500 0.041000 0.048200 0.056100 0.041100 0.063100 0.027300 0.061200 0.075500 0.041000 0.041100 0.048500 0.048800 0.068400 0.054600 0.000000 0.027600 0.048100 0.027300 0.006700 0.048400 0.041100 0.033900 0.034400 0.062600 0.055900 0.056300 0.056100
WhiteLippe 0.040900 0.146300 0.063200 0.124200 0.068400 0.027200 0.069100 0.033800 0.056100 0.041000 0.041400 0.048600 0.040900 0.068600 0.055100 0.048200 0.041700 0.049000 0.034500 0.056000 0.033900 0.055200 0.013500 0.020400 0.041400 0.041000 0.048100 0.056000 0.041000 0.062900 0.041000 0.075600 0.089800 0.040900 0.041000 0.048400 0.048800 0.068300 0.054500 0.027600 0.000000 0.048000 0.041000 0.020500 0.048300 0.041100 0.033800 0.034300 0.062500 0.070400 0.056100 0.056000
ThomsonGaz 0.033400 0.151900 0.069500 0.130200 0.060400 0.033700 0.060900 0.013200 0.062300 0.061600 0.033800 0.054900 0.047100 0.060600 0.047200 0.013200 0.048100 0.055200 0.027000 0.062300 0.013200 0.047300 0.047900 0.040700 0.033800 0.006600 0.054300 0.062300 0.006600 0.069100 0.061600 0.067500 0.081400 0.047100 0.047300 0.054700 0.040900 0.046500 0.046800 0.048100 0.048000 0.000000 0.061600 0.040800 0.054500 0.033500 0.013100 0.026900 0.054400 0.091300 0.062400 0.062300
MuntiacusC 0.068600 0.144500 0.077200 0.138600 0.081900 0.054800 0.068400 0.047300 0.070000 0.000000 0.055100 0.062400 0.054400 0.067800 0.054500 0.061800 0.041300 0.048400 0.048200 0.069900 0.047400 0.068800 0.027000 0.020200 0.055100 0.054500 0.061700 0.069900 0.054500 0.076800 0.000000 0.074800 0.089000 0.054400 0.054600 0.062200 0.062500 0.081800 0.068000 0.027300 0.041000 0.061600 0.000000 0.020200 0.061900 0.054600 0.047200 0.047900 0.076200 0.069600 0.070000 0.069900
WhiteTaile 0.047700 0.121100 0.055700 0.115500 0.061000 0.034000 0.047500 0.026800 0.048600 0.020200 0.034200 0.041300 0.033800 0.046900 0.033800 0.040900 0.020500 0.027500 0.027300 0.048500 0.026900 0.047800 0.006700 0.000000 0.034200 0.033800 0.040800 0.048500 0.033800 0.055400 0.020200 0.053800 0.067900 0.033800 0.033800 0.041100 0.041400 0.060900 0.047200 0.006700 0.020500 0.040800 0.020200 0.000000 0.041000 0.033900 0.026800 0.027200 0.055000 0.048400 0.048700 0.048500
Cattle 0.061500 0.120700 0.041100 0.131000 0.074700 0.047700 0.047200 0.040300 0.034200 0.061900 0.048000 0.041000 0.061400 0.060900 0.047400 0.054700 0.048300 0.055500 0.041100 0.034100 0.040400 0.061600 0.034100 0.040900 0.048000 0.047500 0.068800 0.034100 0.047500 0.040900 0.061900 0.067800 0.096100 0.061400 0.061600 0.000000 0.055300 0.074600 0.075100 0.048400 0.048300 0.054500 0.061900 0.041000 0.000000 0.047500 0.040300 0.040900 0.054700 0.077000 0.034200 0.034100
RoyalAntel 0.040300 0.143700 0.062300 0.122100 0.053500 0.040600 0.054000 0.019800 0.055200 0.054600 0.027000 0.047900 0.040300 0.053600 0.040300 0.033600 0.041100 0.048200 0.020200 0.055200 0.019900 0.040400 0.040900 0.033800 0.027000 0.026700 0.047400 0.055200 0.026700 0.062000 0.054600 0.060500 0.088600 0.040300 0.040400 0.047700 0.034000 0.053400 0.053700 0.041100 0.041100 0.033500 0.054600 0.033900 0.047500 0.000000 0.019800 0.033800 0.047500 0.084000 0.055300 0.055200
Steenbok 0.019800 0.135000 0.054700 0.113900 0.046200 0.019900 0.046700 0.000100 0.047800 0.047200 0.020000 0.040600 0.033200 0.046500 0.039700 0.013200 0.033800 0.040800 0.013300 0.047700 0.000000 0.033300 0.033700 0.026700 0.020000 0.006500 0.040100 0.047700 0.006500 0.054400 0.047200 0.053200 0.066800 0.033200 0.033300 0.040400 0.026900 0.032700 0.032900 0.033900 0.033800 0.013100 0.047200 0.026800 0.040300 0.019800 0.000000 0.013300 0.040200 0.076100 0.047800 0.047700
Impala 0.020000 0.137300 0.055600 0.131200 0.060800 0.020200 0.047400 0.013300 0.048500 0.047900 0.034100 0.041200 0.047500 0.047200 0.033700 0.027000 0.034300 0.041400 0.027300 0.048400 0.013300 0.047700 0.034200 0.027100 0.034100 0.020100 0.054800 0.048400 0.020100 0.055300 0.047900 0.054000 0.067800 0.047500 0.047700 0.041000 0.041300 0.046900 0.047200 0.034400 0.034300 0.026900 0.047900 0.027200 0.040900 0.033800 0.013300 0.000000 0.054900 0.077200 0.048500 0.048400
Klipspring 0.061400 0.152600 0.084400 0.130700 0.060600 0.047700 0.075400 0.040200 0.077100 0.076200 0.047900 0.069500 0.047300 0.075000 0.061400 0.054600 0.062500 0.069900 0.041000 0.077000 0.040400 0.061500 0.062300 0.054900 0.047900 0.047400 0.054500 0.077000 0.047400 0.083900 0.076200 0.082000 0.110700 0.047300 0.061500 0.054900 0.055200 0.060500 0.075000 0.062600 0.062500 0.054400 0.076200 0.055000 0.054700 0.047500 0.040200 0.054900 0.000000 0.076700 0.077200 0.077000
ForestMusk 0.098600 0.162100 0.108100 0.140200 0.112100 0.069700 0.098200 0.076100 0.100600 0.069600 0.084800 0.077700 0.083600 0.082800 0.083700 0.076800 0.070500 0.078000 0.077600 0.100400 0.076400 0.098800 0.055600 0.048200 0.084800 0.083900 0.091300 0.100400 0.083900 0.107500 0.069600 0.089900 0.119200 0.083600 0.083900 0.077300 0.092600 0.111800 0.097500 0.055900 0.070400 0.091300 0.069600 0.048400 0.077000 0.084000 0.076100 0.077200 0.076700 0.000000 0.100700 0.100400
Bushbuck 0.069600 0.130500 0.006700 0.139000 0.083000 0.070000 0.054900 0.047900 0.000000 0.070000 0.055800 0.048700 0.069400 0.068900 0.048200 0.062700 0.055400 0.062700 0.048800 0.000000 0.048000 0.069700 0.041600 0.048500 0.055800 0.055200 0.077000 0.000000 0.055200 0.006600 0.070000 0.075900 0.104900 0.069400 0.069700 0.034300 0.063300 0.082800 0.083400 0.056300 0.056100 0.062400 0.070000 0.048700 0.034200 0.055300 0.047800 0.048500 0.077200 0.100700 0.000000 0.000000
GreaterKud 0.069400 0.130000 0.006600 0.138600 0.082800 0.069800 0.054700 0.047700 0.000000 0.069900 0.055700 0.048600 0.069300 0.068700 0.048000 0.062500 0.055300 0.062500 0.048600 0.000000 0.047900 0.069500 0.041500 0.048400 0.055700 0.055100 0.076800 0.000000 0.055100 0.006600 0.069900 0.075800 0.104600 0.069300 0.069500 0.034200 0.063200 0.082600 0.083200 0.056100 0.056000 0.062300 0.069900 0.048500 0.034100 0.055200 0.047700 0.048400 0.077000 0.100400 0.000000 0.000000
