1
52 1
Argali 0.000000 0.718800 0.105800 0.333900 0.081700 0.026100 0.111000 0.079400 0.163100 0.219100 0.026300 0.158500 0.084400 0.082100 0.109600 0.103000 0.177100 0.349400 0.053300 0.137300 0.135200 0.052500 0.219100 0.251800 0.026300 0.136500 0.112300 0.105300 0.079200 0.105300 0.217800 0.110900 0.140100 0.112400 0.136500 0.106800 0.026300 0.111000 0.138300 0.181200 0.219100 0.106000 0.180500 0.251800 0.105600 0.193800 0.137600 0.079900 0.053500 0.136800 0.163000 0.136000
LesserMous 0.718800 0.000000 0.546800 0.501200 0.546500 0.660200 0.552500 0.579300 0.541500 0.477500 0.660400 0.574400 0.611900 0.548300 0.540600 0.724500 0.509800 0.591600 0.572600 0.514100 0.620600 0.708400 0.477500 0.412900 0.660400 0.576500 0.603800 0.543700 0.625400 0.543700 0.472800 0.592400 0.592400 0.532800 0.576500 0.558000 0.660400 0.602900 0.593300 0.528000 0.477500 0.625400 0.521300 0.412900 0.550500 0.506900 0.519400 0.637400 0.598600 0.580200 0.543700 0.507300
LesserKudu 0.105800 0.546800 0.000000 0.343500 0.079700 0.079100 0.080100 0.077600 0.048200 0.211900 0.079300 0.096600 0.082100 0.080000 0.106800 0.156200 0.237500 0.338300 0.107500 0.024300 0.132000 0.105700 0.211900 0.174700 0.079300 0.133300 0.109300 0.000100 0.077400 0.000100 0.230800 0.108300 0.263600 0.052600 0.133300 0.048900 0.079300 0.108300 0.135000 0.243000 0.211900 0.160400 0.175100 0.174700 0.048300 0.130000 0.134200 0.133900 0.107600 0.193000 0.048100 0.024100
KillerWhal 0.333900 0.501200 0.343500 0.000000 0.388900 0.383400 0.392000 0.333800 0.432000 0.279400 0.384800 0.378300 0.402700 0.390100 0.385900 0.352100 0.273400 0.437200 0.329100 0.398800 0.456000 0.417900 0.279400 0.234200 0.384800 0.417800 0.398000 0.347300 0.368800 0.347300 0.277500 0.429700 0.261900 0.347200 0.417800 0.350200 0.384800 0.436200 0.428300 0.236400 0.279400 0.366700 0.314100 0.234200 0.349000 0.544200 0.422600 0.372300 0.341000 0.334000 0.435000 0.399500
DefassaWat 0.081700 0.546500 0.079700 0.388900 0.000000 0.054400 0.027200 0.053400 0.079400 0.122200 0.054600 0.191500 0.056700 0.000100 0.026900 0.133100 0.149500 0.246600 0.083100 0.053600 0.052900 0.081600 0.122200 0.153400 0.054600 0.053400 0.084900 0.079300 0.053100 0.079300 0.121500 0.027100 0.242900 0.085000 0.053400 0.080600 0.054600 0.027100 0.054100 0.152900 0.122200 0.080000 0.088200 0.153400 0.079700 0.107400 0.053800 0.053600 0.027000 0.110300 0.079300 0.053100
Sheep 0.026100 0.660200 0.079100 0.383400 0.054400 0.000000 0.083200 0.052900 0.135500 0.187500 0.000100 0.190500 0.056200 0.054700 0.082100 0.132400 0.214300 0.316100 0.026600 0.109600 0.108000 0.026200 0.187500 0.219800 0.000100 0.109100 0.084100 0.078800 0.052700 0.078800 0.186400 0.083100 0.173700 0.084200 0.109100 0.137600 0.000100 0.083200 0.110500 0.219400 0.187500 0.136500 0.150200 0.219800 0.136000 0.165300 0.109900 0.109700 0.082800 0.169400 0.135400 0.108600
MaxwellsDu 0.111000 0.552500 0.080100 0.392000 0.027200 0.083200 0.000000 0.081200 0.079800 0.155100 0.083000 0.193000 0.086500 0.026300 0.054400 0.162500 0.182100 0.284600 0.112500 0.053900 0.080800 0.110400 0.155100 0.153500 0.083000 0.081200 0.114800 0.079800 0.080700 0.079800 0.155000 0.055200 0.278400 0.084900 0.081200 0.081000 0.083000 0.055400 0.082600 0.187200 0.155100 0.108300 0.119300 0.153500 0.080100 0.136200 0.081900 0.081900 0.054900 0.140100 0.079800 0.053400
GazellaPrz 0.079400 0.579300 0.077600 0.333800 0.053400 0.052900 0.081200 0.000000 0.132700 0.182500 0.052800 0.127900 0.054900 0.053400 0.025200 0.074500 0.142200 0.236000 0.049600 0.107400 0.105900 0.079300 0.182500 0.214100 0.052800 0.051200 0.026200 0.077200 0.051400 0.077200 0.182300 0.081400 0.167800 0.082000 0.051200 0.134900 0.052800 0.081600 0.052000 0.215600 0.182500 0.076100 0.146300 0.214100 0.133200 0.160900 0.051600 0.107300 0.081000 0.105600 0.132600 0.106400
MountainNy 0.163100 0.541500 0.048200 0.432000 0.079400 0.135500 0.079800 0.132700 0.000000 0.211300 0.135700 0.148000 0.140700 0.079700 0.106500 0.214300 0.236800 0.337800 0.165900 0.024300 0.131600 0.162900 0.211300 0.174100 0.135700 0.132800 0.168800 0.047800 0.132400 0.047800 0.236000 0.107900 0.333500 0.108100 0.077000 0.048700 0.135700 0.107900 0.134600 0.242400 0.211300 0.159800 0.174500 0.174100 0.048000 0.129600 0.133700 0.133600 0.107300 0.192400 0.047800 0.024000
MuntiacusM 0.219100 0.477500 0.211900 0.279400 0.122200 0.187500 0.155100 0.182500 0.211300 0.000000 0.187000 0.348200 0.196100 0.122200 0.153200 0.273700 0.125300 0.192100 0.222600 0.184100 0.181500 0.217100 0.000000 0.029700 0.187000 0.182400 0.227900 0.211300 0.180800 0.211300 0.000100 0.155200 0.186800 0.228200 0.182400 0.215700 0.187000 0.156300 0.186700 0.029600 0.000000 0.213000 0.029500 0.029700 0.212700 0.244300 0.184300 0.183900 0.154500 0.182600 0.211300 0.182100
goat 0.026300 0.660400 0.079300 0.384800 0.054600 0.000100 0.083000 0.052800 0.135700 0.187000 0.000000 0.190900 0.056200 0.053000 0.082000 0.132200 0.213700 0.317400 0.026600 0.109800 0.108200 0.026100 0.187000 0.219300 0.000000 0.108900 0.083800 0.078900 0.052600 0.078900 0.186900 0.083300 0.173300 0.083900 0.108900 0.137800 0.000000 0.083500 0.110800 0.219900 0.187000 0.135000 0.149900 0.219300 0.136300 0.164900 0.109700 0.109900 0.082900 0.169100 0.135600 0.108800
AfricanBuf 0.158500 0.574400 0.096600 0.378300 0.191500 0.190500 0.193000 0.127900 0.148000 0.348200 0.190900 0.000000 0.197900 0.192400 0.158400 0.150100 0.226500 0.398600 0.192200 0.124700 0.245800 0.218600 0.348200 0.302900 0.190900 0.184700 0.162300 0.095800 0.186200 0.095800 0.382800 0.223600 0.251800 0.162800 0.184700 0.097600 0.190900 0.223700 0.187200 0.306500 0.348200 0.153900 0.303900 0.302900 0.096100 0.182500 0.186000 0.187500 0.161100 0.128100 0.095800 0.123300
Topi 0.084400 0.611900 0.082100 0.402700 0.056700 0.056200 0.086500 0.054900 0.140700 0.196100 0.056200 0.197900 0.000000 0.056900 0.085400 0.137600 0.224000 0.330900 0.085700 0.113800 0.112300 0.084200 0.196100 0.229900 0.056200 0.113400 0.027300 0.081700 0.054700 0.081700 0.194900 0.086500 0.251300 0.027300 0.113400 0.142500 0.056200 0.086800 0.114900 0.229300 0.196100 0.142000 0.156800 0.229900 0.141400 0.172000 0.114300 0.114000 0.086000 0.176500 0.140600 0.112800
CommonDuik 0.082100 0.548300 0.080000 0.390100 0.000100 0.054700 0.026300 0.053400 0.079700 0.122200 0.053000 0.192400 0.056900 0.000000 0.026900 0.133200 0.149400 0.247800 0.083100 0.053900 0.053200 0.081600 0.122200 0.153400 0.054600 0.053400 0.084800 0.079700 0.053100 0.079700 0.122100 0.027300 0.242700 0.084900 0.053400 0.080900 0.054600 0.027300 0.054400 0.153400 0.122200 0.080100 0.088200 0.153400 0.080000 0.107400 0.053900 0.053900 0.027100 0.110300 0.079700 0.053300
Suni 0.109600 0.540600 0.106800 0.385900 0.026900 0.082100 0.054400 0.025200 0.106500 0.153200 0.082000 0.158400 0.085400 0.026900 0.000000 0.102500 0.114600 0.207900 0.082300 0.080900 0.079900 0.108900 0.153200 0.184800 0.082000 0.025800 0.054300 0.106400 0.079700 0.106400 0.153000 0.054500 0.203000 0.113400 0.025300 0.108300 0.082000 0.054700 0.026200 0.185900 0.153200 0.051400 0.117900 0.184800 0.106900 0.134300 0.026000 0.080800 0.054300 0.079600 0.106400 0.080100
Springbuck 0.103000 0.724500 0.156200 0.352100 0.133100 0.132400 0.162500 0.074500 0.214300 0.273700 0.132200 0.150100 0.137600 0.133200 0.102500 0.000000 0.164300 0.325600 0.132900 0.188800 0.128100 0.158900 0.273700 0.306500 0.132200 0.074200 0.104900 0.155500 0.074800 0.155500 0.273200 0.104900 0.189500 0.164600 0.127900 0.157600 0.132200 0.163000 0.129900 0.237400 0.273700 0.048200 0.234100 0.306500 0.155900 0.244200 0.128800 0.130600 0.104700 0.128100 0.214100 0.187200
Okapi 0.177100 0.509800 0.237500 0.273400 0.149500 0.214300 0.182100 0.142200 0.236800 0.125300 0.213700 0.226500 0.224000 0.149400 0.114600 0.164300 0.000000 0.181700 0.214700 0.210300 0.207400 0.243300 0.125300 0.157300 0.213700 0.142200 0.181600 0.236800 0.206700 0.236800 0.125100 0.182300 0.114300 0.255400 0.142200 0.174500 0.213700 0.183400 0.145300 0.091500 0.125300 0.110100 0.123100 0.157300 0.172200 0.269800 0.143600 0.144800 0.116800 0.111700 0.236800 0.208100
Giraffe 0.349400 0.591600 0.338300 0.437200 0.246600 0.316100 0.284600 0.236000 0.337800 0.192100 0.317400 0.398600 0.330900 0.247800 0.207900 0.325600 0.181700 0.000000 0.320000 0.311300 0.306200 0.348300 0.192100 0.225800 0.317400 0.236100 0.283300 0.337800 0.306700 0.337800 0.190900 0.282400 0.241400 0.366800 0.236100 0.346100 0.317400 0.284200 0.240200 0.225500 0.192100 0.266100 0.223700 0.225800 0.340600 0.374300 0.238300 0.240100 0.281400 0.236200 0.337800 0.308100
TibetanAnt 0.053300 0.572600 0.107500 0.329100 0.083100 0.026600 0.112500 0.049600 0.165900 0.222600 0.026600 0.192200 0.085700 0.083100 0.082300 0.132900 0.214700 0.320000 0.000000 0.139700 0.137600 0.053000 0.222600 0.256200 0.026600 0.109300 0.084100 0.107000 0.080100 0.107000 0.222400 0.112800 0.174100 0.113800 0.109300 0.168700 0.025300 0.113100 0.111200 0.258500 0.222600 0.136900 0.183200 0.256200 0.166700 0.195900 0.110100 0.139700 0.112300 0.169900 0.165800 0.138400
Sitatunga 0.137300 0.514100 0.024300 0.398800 0.053600 0.109600 0.053900 0.107400 0.024300 0.184100 0.109800 0.124700 0.113800 0.053900 0.080900 0.188800 0.210300 0.311300 0.139700 0.000000 0.106400 0.137000 0.184100 0.147500 0.109800 0.107500 0.142200 0.024200 0.107000 0.024200 0.201100 0.081900 0.306700 0.082000 0.107500 0.024600 0.109800 0.082000 0.109000 0.215100 0.184100 0.134600 0.147700 0.147500 0.024300 0.104500 0.108300 0.107900 0.081400 0.166800 0.024200 0.000100
Oribi 0.135200 0.620600 0.132000 0.456000 0.052900 0.108000 0.080800 0.105900 0.131600 0.181500 0.108200 0.245800 0.112300 0.053200 0.079900 0.128100 0.207400 0.306200 0.137600 0.106400 0.000000 0.135000 0.181500 0.212900 0.108200 0.051200 0.140300 0.131500 0.051000 0.131500 0.180400 0.025900 0.301600 0.140400 0.106000 0.133400 0.108200 0.080800 0.107400 0.212200 0.181500 0.076900 0.145600 0.212900 0.132100 0.160200 0.106800 0.106400 0.080400 0.164400 0.131500 0.105500
BarbaryShe 0.052500 0.708400 0.105700 0.417900 0.081600 0.026200 0.110400 0.079300 0.162900 0.217100 0.026100 0.218600 0.084200 0.081600 0.108900 0.158900 0.243300 0.348300 0.053000 0.137000 0.135000 0.000000 0.217100 0.249500 0.026100 0.135800 0.111500 0.105200 0.078800 0.105200 0.217000 0.110900 0.201700 0.111700 0.135800 0.165300 0.026100 0.111000 0.138100 0.250400 0.217100 0.163400 0.179100 0.249500 0.163600 0.192500 0.136800 0.137200 0.110300 0.197000 0.162800 0.135800
Daviddeer 0.219100 0.477500 0.211900 0.279400 0.122200 0.187500 0.155100 0.182500 0.211300 0.000000 0.187000 0.348200 0.196100 0.122200 0.153200 0.273700 0.125300 0.192100 0.222600 0.184100 0.181500 0.217100 0.000000 0.028800 0.187000 0.182400 0.227900 0.211300 0.180800 0.211300 0.000100 0.155200 0.186800 0.228200 0.182400 0.215700 0.187000 0.156300 0.186700 0.029600 0.000000 0.213000 0.029500 0.029700 0.212700 0.244300 0.184300 0.183900 0.154500 0.182600 0.211300 0.182100
Reindeer 0.251800 0.412900 0.174700 0.234200 0.153400 0.219800 0.153500 0.214100 0.174100 0.029700 0.219300 0.302900 0.229900 0.153400 0.184800 0.306500 0.157300 0.225800 0.256200 0.147500 0.212900 0.249500 0.028800 0.000000 0.219300 0.214000 0.262200 0.174100 0.211800 0.174100 0.029700 0.187000 0.219200 0.187200 0.214000 0.177700 0.219300 0.188500 0.219200 0.059400 0.029000 0.245000 0.059200 0.000000 0.175200 0.276300 0.216200 0.215500 0.186300 0.214200 0.174100 0.146000
Ibex 0.026300 0.660400 0.079300 0.384800 0.054600 0.000100 0.083000 0.052800 0.135700 0.187000 0.000000 0.190900 0.056200 0.054600 0.082000 0.132200 0.213700 0.317400 0.026600 0.109800 0.108200 0.026100 0.187000 0.219300 0.000000 0.108900 0.083800 0.078900 0.052600 0.078900 0.186900 0.083300 0.173300 0.083900 0.108900 0.137800 0.000000 0.083500 0.110800 0.219900 0.187000 0.136300 0.149900 0.219300 0.136300 0.164900 0.109700 0.109900 0.082900 0.169100 0.135600 0.108800
GyrantGaze 0.136500 0.576500 0.133300 0.417800 0.053400 0.109100 0.081200 0.051200 0.132800 0.182400 0.108900 0.184700 0.113400 0.053400 0.025800 0.074200 0.142200 0.236100 0.109300 0.107500 0.051200 0.135800 0.182400 0.214000 0.108900 0.000000 0.081100 0.132700 0.051200 0.132700 0.182200 0.026300 0.230900 0.141200 0.051300 0.135000 0.108900 0.081600 0.052100 0.215600 0.182400 0.024400 0.146800 0.214000 0.133300 0.161000 0.051700 0.107500 0.081100 0.105600 0.132700 0.106500
Hartebeest 0.112300 0.603800 0.109300 0.398000 0.084900 0.084100 0.114800 0.026200 0.168800 0.227900 0.083800 0.162300 0.027300 0.084800 0.054300 0.104900 0.181600 0.283300 0.084100 0.142200 0.140300 0.111500 0.227900 0.262200 0.083800 0.081100 0.000000 0.108900 0.081600 0.108900 0.227700 0.115000 0.208000 0.054400 0.081100 0.171700 0.083800 0.115500 0.082500 0.264700 0.227900 0.108200 0.187400 0.262200 0.169700 0.199600 0.081700 0.142400 0.114500 0.139800 0.168800 0.140900
Bongo 0.105300 0.543700 0.000100 0.347300 0.079300 0.078800 0.079800 0.077200 0.047800 0.211300 0.078900 0.095800 0.081700 0.079700 0.106400 0.155500 0.236800 0.337800 0.107000 0.024200 0.131500 0.105200 0.211300 0.174100 0.078900 0.132700 0.108900 0.000000 0.077000 0.000000 0.236200 0.107800 0.262800 0.052400 0.132700 0.048600 0.078900 0.107800 0.134500 0.242300 0.211300 0.159700 0.174500 0.174100 0.047900 0.129500 0.133600 0.133500 0.107200 0.192400 0.047700 0.023900
Gerenuk 0.079200 0.625400 0.077400 0.368800 0.053100 0.052700 0.080700 0.051400 0.132400 0.180800 0.052600 0.186200 0.054700 0.053100 0.079700 0.074800 0.206700 0.306700 0.080100 0.107000 0.051000 0.078800 0.180800 0.211800 0.052600 0.051200 0.081600 0.077000 0.000000 0.077000 0.180600 0.026100 0.232600 0.081600 0.106000 0.134200 0.052600 0.081200 0.107700 0.212500 0.180800 0.076900 0.145200 0.211800 0.132800 0.160700 0.106700 0.107100 0.080700 0.164100 0.132200 0.106000
CommonElan 0.105300 0.543700 0.000100 0.347300 0.079300 0.078800 0.079800 0.077200 0.047800 0.211300 0.078900 0.095800 0.081700 0.079700 0.106400 0.155500 0.236800 0.337800 0.107000 0.024200 0.131500 0.105200 0.211300 0.174100 0.078900 0.132700 0.108900 0.000000 0.077000 0.000000 0.236200 0.107800 0.262800 0.052400 0.132700 0.048600 0.078900 0.107800 0.134500 0.242300 0.211300 0.159700 0.174500 0.174100 0.047900 0.129500 0.133600 0.133500 0.107200 0.192400 0.047700 0.023400
MuntiacusR 0.217800 0.472800 0.230800 0.277500 0.121500 0.186400 0.155000 0.182300 0.236000 0.000100 0.186900 0.382800 0.194900 0.122100 0.153000 0.273200 0.125100 0.190900 0.222400 0.201100 0.180400 0.217000 0.000100 0.029700 0.186900 0.182200 0.227700 0.236200 0.180600 0.236200 0.000000 0.154300 0.186700 0.228000 0.182200 0.234700 0.186900 0.155400 0.185500 0.029500 0.000100 0.212700 0.029500 0.029700 0.237900 0.244000 0.184000 0.182800 0.153500 0.182400 0.236200 0.204700
HarveysDui 0.110900 0.592400 0.108300 0.429700 0.027100 0.083100 0.055200 0.081400 0.107900 0.155200 0.083300 0.223600 0.086500 0.027300 0.054500 0.104900 0.182300 0.282400 0.112800 0.081900 0.025900 0.110900 0.155200 0.187000 0.083300 0.026300 0.115000 0.107800 0.026100 0.107800 0.154300 0.000000 0.278700 0.115200 0.081500 0.109500 0.083300 0.055300 0.082500 0.186500 0.155200 0.052500 0.119500 0.187000 0.108300 0.136700 0.082100 0.081900 0.055000 0.140400 0.107800 0.081100
Pronghorn 0.140100 0.592400 0.263600 0.261900 0.242900 0.173700 0.278400 0.167800 0.333500 0.186800 0.173300 0.251800 0.251300 0.242700 0.203000 0.189500 0.114300 0.241400 0.174100 0.306700 0.301600 0.201700 0.186800 0.219200 0.173300 0.230900 0.208000 0.262800 0.232600 0.262800 0.186700 0.278700 0.000000 0.282300 0.230900 0.267300 0.173300 0.279700 0.235900 0.151700 0.186800 0.195600 0.217900 0.219200 0.263800 0.369700 0.233000 0.235700 0.207500 0.167400 0.333600 0.303600
BlueWildeb 0.112400 0.532800 0.052600 0.347200 0.085000 0.084200 0.084900 0.082000 0.108100 0.228200 0.083900 0.162800 0.027300 0.084900 0.113400 0.164600 0.255400 0.366800 0.113800 0.082000 0.140400 0.111700 0.228200 0.187200 0.083900 0.141200 0.054400 0.052400 0.081600 0.052400 0.228000 0.115200 0.282300 0.000000 0.141200 0.109800 0.083900 0.115700 0.143800 0.263200 0.228200 0.169900 0.187600 0.187200 0.108500 0.199800 0.142300 0.142500 0.114600 0.205500 0.108000 0.081300
Gemsbok 0.136500 0.576500 0.133300 0.417800 0.053400 0.109100 0.081200 0.051200 0.077000 0.182400 0.108900 0.184700 0.113400 0.053400 0.025300 0.127900 0.142200 0.236100 0.109300 0.107500 0.106000 0.135800 0.182400 0.214000 0.108900 0.051300 0.081100 0.132700 0.106000 0.132700 0.182200 0.081500 0.230900 0.141200 0.000000 0.135000 0.108900 0.081600 0.052100 0.215600 0.182400 0.076900 0.146300 0.214000 0.133300 0.161000 0.051700 0.107500 0.081100 0.105600 0.132700 0.106500
Yak 0.106800 0.558000 0.048900 0.350200 0.080600 0.137600 0.081000 0.134900 0.048700 0.215700 0.137800 0.097600 0.142500 0.080900 0.108300 0.157600 0.174500 0.346100 0.168700 0.024600 0.133400 0.165300 0.215700 0.177700 0.137800 0.135000 0.171700 0.048600 0.134200 0.048600 0.234700 0.109500 0.267300 0.109800 0.135000 0.000000 0.137800 0.109600 0.137000 0.178300 0.215700 0.104800 0.177900 0.177700 0.000100 0.131300 0.136000 0.078800 0.052800 0.135100 0.048600 0.024400
BlueSheep 0.026300 0.660400 0.079300 0.384800 0.054600 0.000100 0.083000 0.052800 0.135700 0.187000 0.000000 0.190900 0.056200 0.054600 0.082000 0.132200 0.213700 0.317400 0.025300 0.109800 0.108200 0.026100 0.187000 0.219300 0.000000 0.108900 0.083800 0.078900 0.052600 0.078900 0.186900 0.083300 0.173300 0.083900 0.108900 0.137800 0.000000 0.083500 0.110800 0.219900 0.187000 0.136300 0.149900 0.219300 0.136300 0.164900 0.109700 0.109900 0.082900 0.169100 0.135600 0.108800
BohorReedb 0.111000 0.602900 0.108300 0.436200 0.027100 0.083200 0.055400 0.081600 0.107900 0.156300 0.083500 0.223700 0.086800 0.027300 0.054700 0.163000 0.183400 0.284200 0.113100 0.082000 0.080800 0.111000 0.156300 0.188500 0.083500 0.081600 0.115500 0.107800 0.081200 0.107800 0.155400 0.055300 0.279700 0.115700 0.081600 0.109600 0.083500 0.000000 0.082700 0.187800 0.156300 0.108800 0.120200 0.188500 0.108300 0.136800 0.082300 0.082000 0.055100 0.140800 0.107800 0.081200
KirksDik 0.138300 0.593300 0.135000 0.428300 0.054100 0.110500 0.082600 0.052000 0.134600 0.186700 0.110800 0.187200 0.114900 0.054400 0.026200 0.129900 0.145300 0.240200 0.111200 0.109000 0.107400 0.138100 0.186700 0.219200 0.110800 0.052100 0.082500 0.134500 0.107700 0.134500 0.185500 0.082500 0.235900 0.143800 0.052100 0.137000 0.110800 0.082700 0.000000 0.219400 0.186700 0.078100 0.149500 0.219200 0.135100 0.163700 0.052600 0.108800 0.082100 0.107500 0.134500 0.108000
RoeDeer 0.181200 0.528000 0.243000 0.236400 0.152900 0.219400 0.187200 0.215600 0.242400 0.029600 0.219900 0.306500 0.229300 0.153400 0.185900 0.237400 0.091500 0.225500 0.258500 0.215100 0.212200 0.250400 0.029600 0.059400 0.219900 0.215600 0.264700 0.242300 0.212500 0.242300 0.029500 0.186500 0.151700 0.263200 0.215600 0.178300 0.219900 0.187800 0.219400 0.000000 0.029600 0.178100 0.059000 0.059400 0.176000 0.277700 0.217500 0.147900 0.119200 0.148300 0.242300 0.212800
WhiteLippe 0.219100 0.477500 0.211900 0.279400 0.122200 0.187500 0.155100 0.182500 0.211300 0.000000 0.187000 0.348200 0.196100 0.122200 0.153200 0.273700 0.125300 0.192100 0.222600 0.184100 0.181500 0.217100 0.000000 0.029000 0.187000 0.182400 0.227900 0.211300 0.180800 0.211300 0.000100 0.155200 0.186800 0.228200 0.182400 0.215700 0.187000 0.156300 0.186700 0.029600 0.000000 0.213000 0.028800 0.029700 0.212700 0.244300 0.184300 0.183900 0.154500 0.182600 0.211300 0.182100
ThomsonGaz 0.106000 0.625400 0.160400 0.366700 0.080000 0.136500 0.108300 0.076100 0.159800 0.213000 0.135000 0.153900 0.142000 0.080100 0.051400 0.048200 0.110100 0.266100 0.136900 0.134600 0.076900 0.163400 0.213000 0.245000 0.136300 0.024400 0.108200 0.159700 0.076900 0.159700 0.212700 0.052500 0.195600 0.169900 0.076900 0.104800 0.136300 0.108800 0.078100 0.178100 0.213000 0.000000 0.175700 0.245000 0.103600 0.188500 0.077400 0.078300 0.052500 0.076900 0.159700 0.133300
MuntiacusC 0.180500 0.521300 0.175100 0.314100 0.088200 0.150200 0.119300 0.146300 0.174500 0.029500 0.149900 0.303900 0.156800 0.088200 0.117900 0.234100 0.123100 0.223700 0.183200 0.147700 0.145600 0.179100 0.029500 0.059200 0.149900 0.146800 0.187400 0.174500 0.145200 0.174500 0.029500 0.119500 0.217900 0.187600 0.146300 0.177900 0.149900 0.120200 0.149500 0.059000 0.028800 0.175700 0.000000 0.059200 0.175500 0.205900 0.147700 0.147500 0.118900 0.213100 0.174500 0.146100
WhiteTaile 0.251800 0.412900 0.174700 0.234200 0.153400 0.219800 0.153500 0.214100 0.174100 0.029700 0.219300 0.302900 0.229900 0.153400 0.184800 0.306500 0.157300 0.225800 0.256200 0.147500 0.212900 0.249500 0.029700 0.000000 0.219300 0.214000 0.262200 0.174100 0.211800 0.174100 0.029700 0.187000 0.219200 0.187200 0.214000 0.177700 0.219300 0.188500 0.219200 0.059400 0.029700 0.245000 0.059200 0.000000 0.175200 0.276300 0.216200 0.215500 0.186300 0.214200 0.174100 0.146000
Cattle 0.105600 0.550500 0.048300 0.349000 0.079700 0.136000 0.080100 0.133200 0.048000 0.212700 0.136300 0.096100 0.141400 0.080000 0.106900 0.155900 0.172200 0.340600 0.166700 0.024300 0.132100 0.163600 0.212700 0.175200 0.136300 0.133300 0.169700 0.047900 0.132800 0.047900 0.237900 0.108300 0.263800 0.108500 0.133300 0.000100 0.136300 0.108300 0.135100 0.176000 0.212700 0.103600 0.175500 0.175200 0.000000 0.130000 0.134300 0.078000 0.052200 0.133500 0.047900 0.024000
RoyalAntel 0.193800 0.506900 0.130000 0.544200 0.107400 0.165300 0.136200 0.160900 0.129600 0.244300 0.164900 0.182500 0.172000 0.107400 0.134300 0.244200 0.269800 0.374300 0.195900 0.104500 0.160200 0.192500 0.244300 0.276300 0.164900 0.161000 0.199600 0.129500 0.160700 0.129500 0.244000 0.136700 0.369700 0.199800 0.161000 0.131300 0.164900 0.136800 0.163700 0.277700 0.244300 0.188500 0.205900 0.276300 0.130000 0.000000 0.162100 0.162900 0.136100 0.161400 0.075400 0.103600
Steenbok 0.137600 0.519400 0.134200 0.422600 0.053800 0.109900 0.081900 0.051600 0.133700 0.184300 0.109700 0.186000 0.114300 0.053900 0.026000 0.128800 0.143600 0.238300 0.110100 0.108300 0.106800 0.136800 0.184300 0.216200 0.109700 0.051700 0.081700 0.133600 0.106700 0.133600 0.184000 0.082100 0.233000 0.142300 0.051700 0.136000 0.109700 0.082300 0.052600 0.217500 0.184300 0.077400 0.147700 0.216200 0.134300 0.162100 0.000000 0.108200 0.081700 0.106500 0.133600 0.107300
Impala 0.079900 0.637400 0.133900 0.372300 0.053600 0.109700 0.081900 0.107300 0.133600 0.183900 0.109900 0.187500 0.114000 0.053900 0.080800 0.130600 0.144800 0.240100 0.139700 0.107900 0.106400 0.137200 0.183900 0.215500 0.109900 0.107500 0.142400 0.133500 0.107100 0.133500 0.182800 0.081900 0.235700 0.142500 0.107500 0.078800 0.109900 0.082000 0.108800 0.147900 0.183900 0.078300 0.147500 0.215500 0.078000 0.162900 0.108200 0.000000 0.026300 0.107600 0.133500 0.107000
Klipspring 0.053500 0.598600 0.107600 0.341000 0.027000 0.082800 0.054900 0.081000 0.107300 0.154500 0.082900 0.161100 0.086000 0.027100 0.054300 0.104700 0.116800 0.281400 0.112300 0.081400 0.080400 0.110300 0.154500 0.186300 0.082900 0.081100 0.114500 0.107200 0.080700 0.107200 0.153500 0.055000 0.207500 0.114600 0.081100 0.052800 0.082900 0.055100 0.082100 0.119200 0.154500 0.052500 0.118900 0.186300 0.052200 0.136100 0.081700 0.026300 0.000000 0.081100 0.107200 0.080600
ForestMusk 0.136800 0.580200 0.193000 0.334000 0.110300 0.169400 0.140100 0.105600 0.192400 0.182600 0.169100 0.128100 0.176500 0.110300 0.079600 0.128100 0.111700 0.236200 0.169900 0.166800 0.164400 0.197000 0.182600 0.214200 0.169100 0.105600 0.139800 0.192400 0.164100 0.192400 0.182400 0.140400 0.167400 0.205500 0.105600 0.135100 0.169100 0.140800 0.107500 0.148300 0.182600 0.076900 0.213100 0.214200 0.133500 0.161400 0.106500 0.107600 0.081100 0.000000 0.133000 0.165200
Bushbuck 0.163000 0.543700 0.048100 0.435000 0.079300 0.135400 0.079800 0.132600 0.047800 0.211300 0.135600 0.095800 0.140600 0.079700 0.106400 0.214100 0.236800 0.337800 0.165800 0.024200 0.131500 0.162800 0.211300 0.174100 0.135600 0.132700 0.168800 0.047700 0.132200 0.047700 0.236200 0.107800 0.333600 0.108000 0.132700 0.048600 0.135600 0.107800 0.134500 0.242300 0.211300 0.159700 0.174500 0.174100 0.047900 0.075400 0.133600 0.133500 0.107200 0.133000 0.000000 0.023900
GreaterKud 0.136000 0.507300 0.024100 0.399500 0.053100 0.108600 0.053400 0.106400 0.024000 0.182100 0.108800 0.123300 0.112800 0.053300 0.080100 0.187200 0.208100 0.308100 0.138400 0.000100 0.105500 0.135800 0.182100 0.146000 0.108800 0.106500 0.140900 0.023900 0.106000 0.023400 0.204700 0.081100 0.303600 0.081300 0.106500 0.024400 0.108800 0.081200 0.108000 0.212800 0.182100 0.133300 0.146100 0.146000 0.024000 0.103600 0.107300 0.107000 0.080600 0.165200 0.023900 0.000000
