1
52 1
Argali 0.000000 0.126000 0.145500 0.115200 0.062200 0.026100 0.078600 0.063400 0.125200 0.115400 0.032100 0.080800 0.062900 0.109000 0.108900 0.062900 0.080500 0.080500 0.032100 0.129100 0.078400 0.047400 0.115400 0.099800 0.016000 0.063200 0.062900 0.129100 0.062900 0.128400 0.098500 0.114500 0.149500 0.048200 0.063500 0.097000 0.016000 0.047500 0.126600 0.137000 0.115400 0.063500 0.115400 0.099800 0.095900 0.064100 0.126500 0.047700 0.062900 0.095600 0.129100 0.147500
LesserMous 0.126000 0.000000 0.136500 0.044300 0.091000 0.162100 0.105900 0.091500 0.150200 0.075800 0.126700 0.107600 0.090800 0.135100 0.103100 0.090800 0.075500 0.075500 0.093600 0.121000 0.073700 0.140700 0.075800 0.093000 0.110200 0.091500 0.090800 0.121000 0.090800 0.120400 0.091800 0.141500 0.106800 0.076300 0.091600 0.123000 0.110200 0.076300 0.152500 0.127300 0.075800 0.091500 0.075800 0.093000 0.121800 0.060100 0.087900 0.076300 0.090800 0.058700 0.121000 0.138600
LesserKudu 0.145500 0.136500 0.000000 0.126500 0.108600 0.186400 0.091100 0.109300 0.042900 0.126800 0.146100 0.092500 0.108300 0.120500 0.153600 0.108300 0.126400 0.126400 0.112000 0.014400 0.090500 0.160500 0.126800 0.146000 0.129200 0.109400 0.108300 0.014200 0.108300 0.014400 0.144000 0.126500 0.159600 0.093800 0.109500 0.108100 0.129200 0.093800 0.171800 0.183600 0.126800 0.109400 0.126800 0.146000 0.106900 0.077000 0.137400 0.093800 0.108300 0.107300 0.014400 0.014600
KillerWhal 0.115200 0.044300 0.126500 0.000000 0.078900 0.134300 0.094500 0.079400 0.140700 0.063300 0.115700 0.096200 0.078700 0.124900 0.124800 0.078700 0.063000 0.063000 0.081400 0.110400 0.061400 0.130500 0.063300 0.080900 0.098700 0.079500 0.078700 0.110400 0.078700 0.109800 0.079800 0.131300 0.095400 0.063600 0.079600 0.112300 0.098700 0.063600 0.142800 0.081900 0.063300 0.079500 0.063300 0.080900 0.111000 0.047000 0.108600 0.063600 0.078700 0.045800 0.110400 0.128500
DefassaWat 0.062200 0.091000 0.108600 0.078900 0.000000 0.098400 0.045400 0.030500 0.122700 0.079200 0.063400 0.078800 0.030400 0.074900 0.074900 0.030400 0.078800 0.078800 0.030900 0.092900 0.045300 0.078000 0.079200 0.097200 0.047300 0.030100 0.030200 0.092900 0.030300 0.092500 0.095900 0.078500 0.111500 0.015300 0.030100 0.094500 0.047300 0.015100 0.060000 0.133400 0.079200 0.030500 0.079200 0.097200 0.093600 0.030800 0.091300 0.015100 0.030300 0.061200 0.092900 0.110200
Sheep 0.026100 0.162100 0.186400 0.134300 0.098400 0.000000 0.115100 0.099100 0.163100 0.153500 0.064800 0.116500 0.098200 0.147300 0.147200 0.098200 0.114600 0.114600 0.064900 0.168600 0.112800 0.081500 0.153500 0.136800 0.046300 0.099200 0.098200 0.168600 0.098200 0.166500 0.134700 0.155600 0.190700 0.081900 0.099300 0.134100 0.046300 0.081900 0.167000 0.158000 0.153500 0.099200 0.153500 0.136800 0.132500 0.097900 0.166800 0.081900 0.098200 0.130700 0.168600 0.189100
MaxwellsDu 0.078600 0.105900 0.091100 0.094500 0.045400 0.115100 0.000000 0.045600 0.105100 0.094800 0.079000 0.094300 0.045300 0.028600 0.089700 0.045300 0.094300 0.094300 0.046100 0.075700 0.060200 0.093600 0.094800 0.113100 0.062900 0.045700 0.045300 0.075700 0.044600 0.075400 0.111600 0.030200 0.127100 0.030500 0.045700 0.110000 0.062900 0.030200 0.106300 0.149600 0.094800 0.045700 0.094800 0.113100 0.108900 0.046100 0.106300 0.030500 0.044600 0.076400 0.075700 0.092400
GazellaPrz 0.063400 0.091500 0.109300 0.079400 0.030500 0.099100 0.045600 0.000000 0.123500 0.079700 0.063800 0.079300 0.030100 0.075400 0.075300 0.030500 0.079300 0.079300 0.031500 0.093500 0.045600 0.078300 0.079700 0.097900 0.047600 0.030700 0.030000 0.093500 0.030500 0.093000 0.096500 0.079100 0.112200 0.015100 0.030700 0.095200 0.046800 0.015400 0.091900 0.134300 0.079700 0.030800 0.079700 0.097900 0.094200 0.031000 0.091900 0.015400 0.030100 0.061600 0.093500 0.111000
MountainNy 0.125200 0.150200 0.042900 0.140700 0.122700 0.163100 0.105100 0.123500 0.000000 0.141000 0.160400 0.106700 0.090100 0.102400 0.134200 0.122400 0.107100 0.107100 0.126500 0.028500 0.104400 0.174600 0.141000 0.160300 0.143700 0.123600 0.090100 0.028500 0.122400 0.028500 0.158200 0.140600 0.139200 0.108200 0.123700 0.122100 0.143700 0.108200 0.185500 0.197800 0.141000 0.123600 0.141000 0.160300 0.088900 0.091300 0.151100 0.108200 0.122400 0.121300 0.028500 0.043500
MuntiacusM 0.115400 0.075800 0.126800 0.063300 0.079200 0.153500 0.094800 0.079700 0.141000 0.000000 0.116000 0.096400 0.079000 0.125200 0.125100 0.079000 0.031000 0.031000 0.081700 0.110700 0.061600 0.130900 0.000000 0.015700 0.098900 0.079700 0.079000 0.110700 0.079000 0.110100 0.015500 0.131500 0.063100 0.063900 0.079800 0.112600 0.098900 0.063900 0.143200 0.048100 0.000000 0.079700 0.000000 0.015700 0.111300 0.047100 0.108900 0.063900 0.079000 0.045500 0.110700 0.128700
goat 0.032100 0.126700 0.146100 0.115700 0.063400 0.064800 0.079000 0.063800 0.160400 0.116000 0.000000 0.081300 0.063300 0.109500 0.109500 0.063300 0.115400 0.115400 0.032200 0.129600 0.078900 0.047700 0.116000 0.100300 0.016000 0.063800 0.063300 0.129600 0.063300 0.128900 0.098900 0.115000 0.150100 0.047200 0.063900 0.097500 0.016000 0.047900 0.127300 0.137600 0.116000 0.063800 0.116000 0.100300 0.096500 0.064400 0.127200 0.048000 0.063300 0.096100 0.129600 0.148100
AfricanBuf 0.080800 0.107600 0.092500 0.096200 0.078800 0.116500 0.094300 0.079300 0.106700 0.096400 0.081300 0.000000 0.078600 0.124600 0.124500 0.078600 0.096000 0.096000 0.048100 0.076900 0.061200 0.063000 0.096400 0.081000 0.064700 0.079300 0.078600 0.076900 0.078600 0.076800 0.113600 0.130900 0.095300 0.063500 0.079400 0.015100 0.064700 0.063500 0.142600 0.116600 0.096400 0.079300 0.096400 0.081000 0.015000 0.046900 0.108400 0.063500 0.078600 0.077700 0.076900 0.093900
Topi 0.062900 0.090800 0.108300 0.078700 0.030400 0.098200 0.045300 0.030100 0.090100 0.079000 0.063300 0.078600 0.000000 0.044100 0.044100 0.030200 0.078600 0.078600 0.031200 0.092700 0.045200 0.078000 0.079000 0.097000 0.046600 0.030100 0.000000 0.092700 0.029900 0.092200 0.095700 0.078400 0.077900 0.015000 0.030100 0.094300 0.047200 0.015100 0.091200 0.133000 0.079000 0.030500 0.079000 0.097000 0.061100 0.030700 0.091100 0.015300 0.030200 0.061100 0.092700 0.109900
CommonDuik 0.109000 0.135100 0.120500 0.124900 0.074900 0.147300 0.028600 0.075400 0.102400 0.125200 0.109500 0.124600 0.044100 0.000000 0.087400 0.074800 0.124700 0.124700 0.077100 0.105200 0.089600 0.123600 0.125200 0.144000 0.093400 0.075400 0.044100 0.105200 0.074800 0.104600 0.142200 0.059900 0.123600 0.060400 0.075500 0.140200 0.093400 0.060400 0.135600 0.181100 0.125200 0.075400 0.125200 0.144000 0.106000 0.076100 0.135500 0.060400 0.074800 0.106000 0.105200 0.122200
Suni 0.108900 0.103100 0.153600 0.124800 0.074900 0.147200 0.089700 0.075300 0.134200 0.125100 0.109500 0.124500 0.044100 0.087400 0.000000 0.074700 0.124600 0.124600 0.077100 0.137800 0.089500 0.091300 0.125100 0.143900 0.093300 0.044600 0.044100 0.137800 0.074700 0.137100 0.142100 0.124200 0.123500 0.060300 0.075400 0.140200 0.093300 0.060300 0.135500 0.181000 0.125100 0.043900 0.125100 0.143900 0.105900 0.076000 0.103400 0.060300 0.074500 0.106000 0.137800 0.155800
Springbuck 0.062900 0.090800 0.108300 0.078700 0.030400 0.098200 0.045300 0.030500 0.122400 0.079000 0.063300 0.078600 0.030200 0.074800 0.074700 0.000000 0.078600 0.078600 0.031200 0.092700 0.045200 0.078000 0.079000 0.097000 0.047200 0.030000 0.030200 0.092700 0.000000 0.092200 0.095700 0.078400 0.111200 0.015300 0.030400 0.094300 0.047200 0.015300 0.091200 0.133000 0.079000 0.030500 0.079000 0.097000 0.093400 0.030700 0.091100 0.015300 0.030200 0.061100 0.092700 0.109900
Okapi 0.080500 0.075500 0.126400 0.063000 0.078800 0.114600 0.094300 0.079300 0.107100 0.031000 0.115400 0.096000 0.078600 0.124700 0.124600 0.078600 0.000000 0.000000 0.081300 0.110300 0.061300 0.130300 0.031100 0.047600 0.098500 0.079400 0.078600 0.110300 0.078600 0.109700 0.046800 0.131100 0.062000 0.063500 0.079500 0.112100 0.098500 0.063500 0.142500 0.081300 0.030900 0.079400 0.031000 0.047600 0.110800 0.046900 0.108400 0.063500 0.078600 0.045600 0.110300 0.128400
Giraffe 0.080500 0.075500 0.126400 0.063000 0.078800 0.114600 0.094300 0.079300 0.107100 0.031000 0.115400 0.096000 0.078600 0.124700 0.124600 0.078600 0.000000 0.000000 0.081300 0.110300 0.061300 0.130300 0.031000 0.047600 0.098500 0.079400 0.078600 0.110300 0.078600 0.109700 0.046900 0.131100 0.062400 0.063500 0.079500 0.112100 0.098500 0.063500 0.142500 0.081500 0.030900 0.079400 0.030900 0.047600 0.110800 0.046900 0.108400 0.063500 0.078600 0.045600 0.110300 0.128400
TibetanAnt 0.032100 0.093600 0.112000 0.081400 0.030900 0.064900 0.046100 0.031500 0.126500 0.081700 0.032200 0.048100 0.031200 0.077100 0.077100 0.031200 0.081300 0.081300 0.000000 0.095800 0.046700 0.047700 0.081700 0.065900 0.016000 0.031500 0.031200 0.095800 0.031200 0.095300 0.098900 0.080300 0.115000 0.015800 0.031000 0.064100 0.016000 0.015600 0.094100 0.101700 0.081700 0.031500 0.081700 0.065900 0.063400 0.031800 0.094000 0.015700 0.030800 0.063100 0.095800 0.113700
Sitatunga 0.129100 0.121000 0.014400 0.110400 0.092900 0.168600 0.075700 0.093500 0.028500 0.110700 0.129600 0.076900 0.092700 0.105200 0.137800 0.092700 0.110300 0.110300 0.095800 0.000000 0.075300 0.144100 0.110700 0.129400 0.112800 0.093600 0.092700 0.000000 0.092700 0.000000 0.127700 0.110400 0.143300 0.078000 0.093600 0.092000 0.112800 0.078000 0.155800 0.166400 0.110700 0.093600 0.110700 0.129400 0.091400 0.061400 0.121900 0.078000 0.092700 0.091700 0.000000 0.014400
Oribi 0.078400 0.073700 0.090500 0.061400 0.045300 0.112800 0.060200 0.045600 0.104400 0.061600 0.078900 0.061200 0.045200 0.089600 0.089500 0.045200 0.061300 0.061300 0.046700 0.075300 0.000000 0.093400 0.061600 0.078700 0.062800 0.045600 0.045200 0.075300 0.045200 0.074900 0.077700 0.093900 0.092800 0.030400 0.045600 0.076500 0.062800 0.030400 0.074400 0.113200 0.061600 0.045600 0.061600 0.078700 0.075800 0.015000 0.074300 0.030400 0.045200 0.044700 0.075300 0.091800
BarbaryShe 0.047400 0.140700 0.160500 0.130500 0.078000 0.081500 0.093600 0.078300 0.174600 0.130900 0.047700 0.063000 0.078000 0.123600 0.091300 0.078000 0.130300 0.130300 0.047700 0.144100 0.093400 0.000000 0.130900 0.115500 0.031400 0.046600 0.078000 0.144100 0.076900 0.143400 0.113900 0.129800 0.129300 0.063000 0.078800 0.078800 0.031400 0.063000 0.141400 0.152800 0.130900 0.046600 0.130900 0.115500 0.078000 0.079500 0.141300 0.063000 0.078000 0.110600 0.144100 0.162700
Daviddeer 0.115400 0.075800 0.126800 0.063300 0.079200 0.153500 0.094800 0.079700 0.141000 0.000000 0.116000 0.096400 0.079000 0.125200 0.125100 0.079000 0.031100 0.031000 0.081700 0.110700 0.061600 0.130900 0.000000 0.015700 0.098900 0.079700 0.079000 0.110700 0.079000 0.110100 0.015400 0.131500 0.062600 0.063900 0.079800 0.112600 0.098900 0.063900 0.143200 0.048100 0.000000 0.079700 0.000000 0.015700 0.111300 0.047100 0.108900 0.063900 0.079000 0.045800 0.110700 0.128700
Reindeer 0.099800 0.093000 0.146000 0.080900 0.097200 0.136800 0.113100 0.097900 0.160300 0.015700 0.100300 0.081000 0.097000 0.144000 0.143900 0.097000 0.047600 0.047600 0.065900 0.129400 0.078700 0.115500 0.015700 0.000000 0.083200 0.098000 0.097000 0.129400 0.097000 0.128800 0.031500 0.151600 0.080100 0.081700 0.098000 0.097300 0.083200 0.081700 0.162800 0.032300 0.015600 0.098000 0.015600 0.000000 0.096200 0.064300 0.127300 0.081700 0.097000 0.062600 0.129400 0.148300
Ibex 0.016000 0.110200 0.129200 0.098700 0.047300 0.046300 0.062900 0.047600 0.143700 0.098900 0.016000 0.064700 0.046600 0.093400 0.093300 0.047200 0.098500 0.098500 0.016000 0.112800 0.062800 0.031400 0.098900 0.083200 0.000000 0.047600 0.047200 0.112800 0.047200 0.112200 0.082000 0.097400 0.132800 0.031500 0.047300 0.080800 0.000000 0.031800 0.110800 0.119800 0.098900 0.047600 0.098900 0.083200 0.080000 0.048100 0.110700 0.031800 0.046700 0.079600 0.112800 0.131000
GyrantGaze 0.063200 0.091500 0.109400 0.079500 0.030100 0.099200 0.045700 0.030700 0.123600 0.079700 0.063800 0.079300 0.030100 0.075400 0.044600 0.030000 0.079400 0.079400 0.031500 0.093600 0.045600 0.046600 0.079700 0.098000 0.047600 0.000000 0.030500 0.093600 0.030500 0.093100 0.096600 0.079100 0.112300 0.015400 0.030800 0.095200 0.047000 0.015200 0.091900 0.134400 0.079700 0.000000 0.079700 0.098000 0.094300 0.031000 0.091900 0.015400 0.030500 0.061700 0.093600 0.111100
Hartebeest 0.062900 0.090800 0.108300 0.078700 0.030200 0.098200 0.045300 0.030000 0.090100 0.079000 0.063300 0.078600 0.000000 0.044100 0.044100 0.030200 0.078600 0.078600 0.031200 0.092700 0.045200 0.078000 0.079000 0.097000 0.047200 0.030500 0.000000 0.092700 0.030200 0.092200 0.095700 0.078400 0.077900 0.015100 0.030400 0.094300 0.047200 0.015100 0.091200 0.133000 0.079000 0.030200 0.079000 0.097000 0.061100 0.030700 0.091100 0.015300 0.029800 0.061100 0.092700 0.109900
Bongo 0.129100 0.121000 0.014200 0.110400 0.092900 0.168600 0.075700 0.093500 0.028500 0.110700 0.129600 0.076900 0.092700 0.105200 0.137800 0.092700 0.110300 0.110300 0.095800 0.000000 0.075300 0.144100 0.110700 0.129400 0.112800 0.093600 0.092700 0.000000 0.092700 0.000000 0.127700 0.110400 0.143300 0.078000 0.093600 0.092400 0.112800 0.078000 0.155800 0.166500 0.110700 0.093600 0.110700 0.129400 0.091400 0.061400 0.121900 0.078000 0.092700 0.091700 0.000000 0.014600
Gerenuk 0.062900 0.090800 0.108300 0.078700 0.030300 0.098200 0.044600 0.030500 0.122400 0.079000 0.063300 0.078600 0.029900 0.074800 0.074700 0.000000 0.078600 0.078600 0.031200 0.092700 0.045200 0.076900 0.079000 0.097000 0.047200 0.030500 0.030200 0.092700 0.000000 0.092200 0.095700 0.078400 0.111200 0.015300 0.030500 0.094300 0.047200 0.015100 0.091200 0.133000 0.079000 0.030500 0.079000 0.097000 0.093400 0.030700 0.091100 0.015100 0.030200 0.061100 0.092700 0.109900
CommonElan 0.128400 0.120400 0.014400 0.109800 0.092500 0.166500 0.075400 0.093000 0.028500 0.110100 0.128900 0.076800 0.092200 0.104600 0.137100 0.092200 0.109700 0.109700 0.095300 0.000000 0.074900 0.143400 0.110100 0.128800 0.112200 0.093100 0.092200 0.000000 0.092200 0.000000 0.127000 0.109800 0.142500 0.077600 0.093200 0.092300 0.112200 0.077600 0.155200 0.165500 0.110100 0.093100 0.110100 0.128800 0.091300 0.061100 0.121200 0.077600 0.092200 0.091200 0.000000 0.014600
MuntiacusR 0.098500 0.091800 0.144000 0.079800 0.095900 0.134700 0.111600 0.096500 0.158200 0.015500 0.098900 0.113600 0.095700 0.142200 0.142100 0.095700 0.046800 0.046900 0.098900 0.127700 0.077700 0.113900 0.015400 0.031500 0.082000 0.096600 0.095700 0.127700 0.095700 0.127000 0.000000 0.149400 0.079000 0.080600 0.096700 0.129900 0.082000 0.080600 0.160700 0.064700 0.015500 0.096600 0.015400 0.031500 0.128400 0.063400 0.125600 0.080600 0.095700 0.061700 0.127700 0.145800
HarveysDui 0.114500 0.141500 0.126500 0.131300 0.078500 0.155600 0.030200 0.079100 0.140600 0.131500 0.115000 0.130900 0.078400 0.059900 0.124200 0.078400 0.131100 0.131100 0.080300 0.110400 0.093900 0.129800 0.131500 0.151600 0.097400 0.079100 0.078400 0.110400 0.078400 0.109800 0.149400 0.000000 0.165600 0.063400 0.079200 0.147400 0.098200 0.063400 0.108900 0.190700 0.131500 0.079100 0.131500 0.151600 0.145700 0.079900 0.108800 0.063400 0.078400 0.111300 0.110400 0.128400
Pronghorn 0.149500 0.106800 0.159600 0.095400 0.111500 0.190700 0.127100 0.112200 0.139200 0.063100 0.150100 0.095300 0.077900 0.123600 0.123500 0.111200 0.062000 0.062400 0.115000 0.143300 0.092800 0.129300 0.062600 0.080100 0.132800 0.112300 0.077900 0.143300 0.111200 0.142500 0.079000 0.165600 0.000000 0.096300 0.112400 0.111300 0.132800 0.096300 0.176300 0.115200 0.062600 0.112300 0.062600 0.080100 0.077100 0.079000 0.140900 0.096300 0.111200 0.076800 0.143300 0.162100
BlueWildeb 0.048200 0.076300 0.093800 0.063600 0.015300 0.081900 0.030500 0.015100 0.108200 0.063900 0.047200 0.063500 0.015000 0.060400 0.060300 0.015300 0.063500 0.063500 0.015800 0.078000 0.030400 0.063000 0.063900 0.081700 0.031500 0.015400 0.015100 0.078000 0.015300 0.077600 0.080600 0.063400 0.096300 0.000000 0.015400 0.079400 0.031900 0.000000 0.076700 0.117700 0.063900 0.015300 0.063900 0.081700 0.078600 0.015500 0.076600 0.000000 0.015300 0.046300 0.078000 0.095200
Gemsbok 0.063500 0.091600 0.109500 0.079600 0.030100 0.099300 0.045700 0.030700 0.123700 0.079800 0.063900 0.079400 0.030100 0.075500 0.075400 0.030400 0.079500 0.079500 0.031000 0.093600 0.045600 0.078800 0.079800 0.098000 0.047300 0.030800 0.030400 0.093600 0.030500 0.093200 0.096700 0.079200 0.112400 0.015400 0.000000 0.095300 0.047700 0.015400 0.092000 0.134500 0.079800 0.030800 0.079800 0.098000 0.094300 0.031000 0.091900 0.015200 0.030100 0.061700 0.093600 0.111200
Yak 0.097000 0.123000 0.108100 0.112300 0.094500 0.134100 0.110000 0.095200 0.122100 0.112600 0.097500 0.015100 0.094300 0.140200 0.140200 0.094300 0.112100 0.112100 0.064100 0.092000 0.076500 0.078800 0.112600 0.097300 0.080800 0.095200 0.094300 0.092400 0.094300 0.092300 0.129900 0.147400 0.111300 0.079400 0.095300 0.000000 0.080800 0.079400 0.158500 0.133400 0.112600 0.095200 0.112600 0.097300 0.030100 0.062500 0.124000 0.079400 0.094300 0.093300 0.092400 0.109700
BlueSheep 0.016000 0.110200 0.129200 0.098700 0.047300 0.046300 0.062900 0.046800 0.143700 0.098900 0.016000 0.064700 0.047200 0.093400 0.093300 0.047200 0.098500 0.098500 0.016000 0.112800 0.062800 0.031400 0.098900 0.083200 0.000000 0.047000 0.047200 0.112800 0.047200 0.112200 0.082000 0.098200 0.132800 0.031900 0.047700 0.080800 0.000000 0.031800 0.110800 0.119800 0.098900 0.047600 0.098900 0.083200 0.080000 0.048100 0.110700 0.031900 0.047200 0.079600 0.112800 0.131000
BohorReedb 0.047500 0.076300 0.093800 0.063600 0.015100 0.081900 0.030200 0.015400 0.108200 0.063900 0.047900 0.063500 0.015100 0.060400 0.060300 0.015300 0.063500 0.063500 0.015600 0.078000 0.030400 0.063000 0.063900 0.081700 0.031800 0.015200 0.015100 0.078000 0.015100 0.077600 0.080600 0.063400 0.096300 0.000000 0.015400 0.079400 0.031800 0.000000 0.076700 0.117700 0.063900 0.015200 0.063900 0.081700 0.078600 0.015500 0.075700 0.000000 0.015100 0.046300 0.078000 0.095200
KirksDik 0.126600 0.152500 0.171800 0.142800 0.060000 0.167000 0.106300 0.091900 0.185500 0.143200 0.127300 0.142600 0.091200 0.135600 0.135500 0.091200 0.142500 0.142500 0.094100 0.155800 0.074400 0.141400 0.143200 0.162800 0.110800 0.091900 0.091200 0.155800 0.091200 0.155200 0.160700 0.108900 0.176300 0.076700 0.092000 0.158500 0.110800 0.076700 0.000000 0.201200 0.143200 0.091900 0.143200 0.162800 0.157000 0.092800 0.120600 0.076900 0.091200 0.123100 0.155800 0.174400
RoeDeer 0.137000 0.127300 0.183600 0.081900 0.133400 0.158000 0.149600 0.134300 0.197800 0.048100 0.137600 0.116600 0.133000 0.181100 0.181000 0.133000 0.081300 0.081500 0.101700 0.166400 0.113200 0.152800 0.048100 0.032300 0.119800 0.134400 0.133000 0.166500 0.133000 0.165500 0.064700 0.190700 0.115200 0.117700 0.134500 0.133400 0.119800 0.117700 0.201200 0.000000 0.048200 0.134400 0.048100 0.032300 0.131800 0.099200 0.163600 0.117700 0.133000 0.096200 0.166500 0.186500
WhiteLippe 0.115400 0.075800 0.126800 0.063300 0.079200 0.153500 0.094800 0.079700 0.141000 0.000000 0.116000 0.096400 0.079000 0.125200 0.125100 0.079000 0.030900 0.030900 0.081700 0.110700 0.061600 0.130900 0.000000 0.015600 0.098900 0.079700 0.079000 0.110700 0.079000 0.110100 0.015500 0.131500 0.062600 0.063900 0.079800 0.112600 0.098900 0.063900 0.143200 0.048200 0.000000 0.079700 0.000000 0.015600 0.111300 0.047100 0.108900 0.063900 0.079000 0.045800 0.110700 0.128700
ThomsonGaz 0.063500 0.091500 0.109400 0.079500 0.030500 0.099200 0.045700 0.030800 0.123600 0.079700 0.063800 0.079300 0.030500 0.075400 0.043900 0.030500 0.079400 0.079400 0.031500 0.093600 0.045600 0.046600 0.079700 0.098000 0.047600 0.000000 0.030200 0.093600 0.030500 0.093100 0.096600 0.079100 0.112300 0.015300 0.030800 0.095200 0.047600 0.015200 0.091900 0.134400 0.079700 0.000000 0.079700 0.098000 0.094300 0.031000 0.091900 0.015300 0.030100 0.061700 0.093600 0.111100
MuntiacusC 0.115400 0.075800 0.126800 0.063300 0.079200 0.153500 0.094800 0.079700 0.141000 0.000000 0.116000 0.096400 0.079000 0.125200 0.125100 0.079000 0.031000 0.030900 0.081700 0.110700 0.061600 0.130900 0.000000 0.015600 0.098900 0.079700 0.079000 0.110700 0.079000 0.110100 0.015400 0.131500 0.062600 0.063900 0.079800 0.112600 0.098900 0.063900 0.143200 0.048100 0.000000 0.079700 0.000000 0.015600 0.111300 0.047100 0.108900 0.063900 0.079000 0.045800 0.110700 0.128700
WhiteTaile 0.099800 0.093000 0.146000 0.080900 0.097200 0.136800 0.113100 0.097900 0.160300 0.015700 0.100300 0.081000 0.097000 0.144000 0.143900 0.097000 0.047600 0.047600 0.065900 0.129400 0.078700 0.115500 0.015700 0.000000 0.083200 0.098000 0.097000 0.129400 0.097000 0.128800 0.031500 0.151600 0.080100 0.081700 0.098000 0.097300 0.083200 0.081700 0.162800 0.032300 0.015600 0.098000 0.015600 0.000000 0.096200 0.064300 0.127300 0.081700 0.097000 0.062500 0.129400 0.148300
Cattle 0.095900 0.121800 0.106900 0.111000 0.093600 0.132500 0.108900 0.094200 0.088900 0.111300 0.096500 0.015000 0.061100 0.106000 0.105900 0.093400 0.110800 0.110800 0.063400 0.091400 0.075800 0.078000 0.111300 0.096200 0.080000 0.094300 0.061100 0.091400 0.093400 0.091300 0.128400 0.145700 0.077100 0.078600 0.094300 0.030100 0.080000 0.078600 0.157000 0.131800 0.111300 0.094300 0.111300 0.096200 0.000000 0.061900 0.122800 0.078600 0.093400 0.092300 0.091400 0.108400
RoyalAntel 0.064100 0.060100 0.077000 0.047000 0.030800 0.097900 0.046100 0.031000 0.091300 0.047100 0.064400 0.046900 0.030700 0.076100 0.076000 0.030700 0.046900 0.046900 0.031800 0.061400 0.015000 0.079500 0.047100 0.064300 0.048100 0.031000 0.030700 0.061400 0.030700 0.061100 0.063400 0.079900 0.079000 0.015500 0.031000 0.062500 0.048100 0.015500 0.092800 0.099200 0.047100 0.031000 0.047100 0.064300 0.061900 0.000000 0.060600 0.015500 0.030700 0.030400 0.061400 0.078100
Steenbok 0.126500 0.087900 0.137400 0.108600 0.091300 0.166800 0.106300 0.091900 0.151100 0.108900 0.127200 0.108400 0.091100 0.135500 0.103400 0.091100 0.108400 0.108400 0.094000 0.121900 0.074300 0.141300 0.108900 0.127300 0.110700 0.091900 0.091100 0.121900 0.091100 0.121200 0.125600 0.108800 0.140900 0.076600 0.091900 0.124000 0.110700 0.075700 0.120600 0.163600 0.108900 0.091900 0.108900 0.127300 0.122800 0.060600 0.000000 0.076600 0.059700 0.090400 0.121900 0.139500
Impala 0.047700 0.076300 0.093800 0.063600 0.015100 0.081900 0.030500 0.015400 0.108200 0.063900 0.048000 0.063500 0.015300 0.060400 0.060300 0.015300 0.063500 0.063500 0.015700 0.078000 0.030400 0.063000 0.063900 0.081700 0.031800 0.015400 0.015300 0.078000 0.015100 0.077600 0.080600 0.063400 0.096300 0.000000 0.015200 0.079400 0.031900 0.000000 0.076900 0.117700 0.063900 0.015300 0.063900 0.081700 0.078600 0.015500 0.076600 0.000000 0.015300 0.046300 0.078000 0.095200
Klipspring 0.062900 0.090800 0.108300 0.078700 0.030300 0.098200 0.044600 0.030100 0.122400 0.079000 0.063300 0.078600 0.030200 0.074800 0.074500 0.030200 0.078600 0.078600 0.030800 0.092700 0.045200 0.078000 0.079000 0.097000 0.046700 0.030500 0.029800 0.092700 0.030200 0.092200 0.095700 0.078400 0.111200 0.015300 0.030100 0.094300 0.047200 0.015100 0.091200 0.133000 0.079000 0.030100 0.079000 0.097000 0.093400 0.030700 0.059700 0.015300 0.000000 0.061100 0.092700 0.109900
ForestMusk 0.095600 0.058700 0.107300 0.045800 0.061200 0.130700 0.076400 0.061600 0.121300 0.045500 0.096100 0.077700 0.061100 0.106000 0.106000 0.061100 0.045600 0.045600 0.063100 0.091700 0.044700 0.110600 0.045800 0.062600 0.079600 0.061700 0.061100 0.091700 0.061100 0.091200 0.061700 0.111300 0.076800 0.046300 0.061700 0.093300 0.079600 0.046300 0.123100 0.096200 0.045800 0.061700 0.045800 0.062500 0.092300 0.030400 0.090400 0.046300 0.061100 0.000000 0.091700 0.108900
Bushbuck 0.129100 0.121000 0.014400 0.110400 0.092900 0.168600 0.075700 0.093500 0.028500 0.110700 0.129600 0.076900 0.092700 0.105200 0.137800 0.092700 0.110300 0.110300 0.095800 0.000000 0.075300 0.144100 0.110700 0.129400 0.112800 0.093600 0.092700 0.000000 0.092700 0.000000 0.127700 0.110400 0.143300 0.078000 0.093600 0.092400 0.112800 0.078000 0.155800 0.166500 0.110700 0.093600 0.110700 0.129400 0.091400 0.061400 0.121900 0.078000 0.092700 0.091700 0.000000 0.014400
GreaterKud 0.147500 0.138600 0.014600 0.128500 0.110200 0.189100 0.092400 0.111000 0.043500 0.128700 0.148100 0.093900 0.109900 0.122200 0.155800 0.109900 0.128400 0.128400 0.113700 0.014400 0.091800 0.162700 0.128700 0.148300 0.131000 0.111100 0.109900 0.014600 0.109900 0.014600 0.145800 0.128400 0.162100 0.095200 0.111200 0.109700 0.131000 0.095200 0.174400 0.186500 0.128700 0.111100 0.128700 0.148300 0.108400 0.078100 0.139500 0.095200 0.109900 0.108900 0.014400 0.000000
