CODONML (in paml version 4.10.7, June 2023)  /home/rachel/ruminants_paml/6406-phy-tree/ENSBTAT00000054397.fasta.phy
Model: free dN/dS Ratios for branches,  kappa = 2.000 fixed

Codon frequency model: F3x4
ns =  54  ls =  29

Codon usage in sequences
--------------------------------------------------------------------------------------------------------------------------------------
Phe TTT   2   2   2   1   2   2 | Ser TCT   0   0   0   0   0   0 | Tyr TAT   0   0   0   0   0   0 | Cys TGT   0   0   0   0   0   0
    TTC   0   0   0   1   0   0 |     TCC   1   1   1   1   1   1 |     TAC   0   0   0   0   0   0 |     TGC   1   1   1   1   1   1
Leu TTA   0   0   0   0   0   0 |     TCA   0   0   0   0   0   0 | *** TAA   0   0   0   0   0   0 | *** TGA   0   0   0   0   0   0
    TTG   0   0   0   0   0   0 |     TCG   0   0   0   0   0   0 |     TAG   0   0   0   0   0   0 | Trp TGG   0   0   0   0   0   0
--------------------------------------------------------------------------------------------------------------------------------------
Leu CTT   0   0   0   0   0   0 | Pro CCT   0   0   0   0   0   0 | His CAT   0   0   0   0   0   0 | Arg CGT   1   1   1   1   1   1
    CTC   0   0   0   0   0   0 |     CCC   1   1   1   1   1   1 |     CAC   1   1   1   1   1   1 |     CGC   0   0   0   0   0   0
    CTA   1   1   1   0   1   1 |     CCA   0   0   0   0   0   0 | Gln CAA   0   0   0   0   0   0 |     CGA   0   0   0   0   0   0
    CTG   3   3   3   4   3   3 |     CCG   0   0   0   0   0   0 |     CAG   0   0   0   0   0   0 |     CGG   0   0   0   0   0   0
--------------------------------------------------------------------------------------------------------------------------------------
Ile ATT   2   2   2   2   2   2 | Thr ACT   0   0   0   0   0   0 | Asn AAT   1   1   1   1   1   1 | Ser AGT   1   1   1   1   1   1
    ATC   0   0   0   0   0   0 |     ACC   0   0   0   0   0   0 |     AAC   1   1   1   1   1   1 |     AGC   0   0   0   0   0   0
    ATA   0   0   0   0   0   0 |     ACA   1   1   1   1   1   1 | Lys AAA   1   1   1   2   2   2 | Arg AGA   0   0   0   0   0   0
Met ATG   2   2   2   2   2   2 |     ACG   0   0   0   0   0   0 |     AAG   2   2   2   1   1   1 |     AGG   0   0   0   0   0   0
--------------------------------------------------------------------------------------------------------------------------------------
Val GTT   0   0   0   0   0   0 | Ala GCT   1   1   1   1   1   1 | Asp GAT   1   1   1   1   2   2 | Gly GGT   0   0   0   0   0   0
    GTC   0   0   0   0   0   0 |     GCC   0   0   0   0   0   0 |     GAC   2   2   2   2   1   1 |     GGC   1   1   1   1   1   1
    GTA   0   0   0   0   0   0 |     GCA   0   0   0   0   0   0 | Glu GAA   1   1   1   1   1   1 |     GGA   0   0   0   0   0   0
    GTG   0   0   0   0   0   0 |     GCG   0   0   0   0   0   0 |     GAG   1   1   1   1   1   1 |     GGG   0   0   0   0   0   0
--------------------------------------------------------------------------------------------------------------------------------------

--------------------------------------------------------------------------------------------------------------------------------------
Phe TTT   2   2   2   2   2   2 | Ser TCT   0   0   0   0   0   0 | Tyr TAT   0   0   0   0   0   0 | Cys TGT   0   0   0   0   0   0
    TTC   0   0   0   0   0   0 |     TCC   1   1   1   1   1   1 |     TAC   0   0   0   0   0   0 |     TGC   1   1   1   1   1   1
Leu TTA   0   0   0   0   0   0 |     TCA   0   0   0   0   0   0 | *** TAA   0   0   0   0   0   0 | *** TGA   0   0   0   0   0   0
    TTG   0   0   1   1   0   0 |     TCG   0   0   0   0   0   0 |     TAG   0   0   0   0   0   0 | Trp TGG   0   0   0   0   0   0
--------------------------------------------------------------------------------------------------------------------------------------
Leu CTT   1   0   0   0   0   0 | Pro CCT   0   0   0   0   0   0 | His CAT   0   0   0   0   0   0 | Arg CGT   1   1   1   1   1   1
    CTC   0   0   0   0   0   0 |     CCC   1   1   1   1   1   1 |     CAC   1   1   1   1   1   1 |     CGC   0   0   0   0   0   0
    CTA   0   1   1   1   1   1 |     CCA   0   0   0   0   0   0 | Gln CAA   0   0   0   0   0   0 |     CGA   0   0   0   0   0   0
    CTG   3   3   2   2   3   3 |     CCG   0   0   0   0   0   0 |     CAG   0   0   0   0   0   0 |     CGG   0   0   0   0   0   0
--------------------------------------------------------------------------------------------------------------------------------------
Ile ATT   2   2   1   2   2   1 | Thr ACT   0   0   0   0   0   0 | Asn AAT   1   1   0   1   1   1 | Ser AGT   1   1   1   1   1   1
    ATC   0   0   0   0   0   1 |     ACC   0   0   0   0   0   0 |     AAC   1   1   2   1   1   1 |     AGC   0   0   0   0   0   0
    ATA   0   0   0   0   0   0 |     ACA   1   1   1   1   1   1 | Lys AAA   1   1   1   1   1   1 | Arg AGA   0   0   0   0   0   0
Met ATG   2   2   2   2   2   2 |     ACG   0   0   0   0   0   0 |     AAG   2   2   2   2   2   2 |     AGG   0   0   0   0   0   0
--------------------------------------------------------------------------------------------------------------------------------------
Val GTT   0   0   1   0   0   0 | Ala GCT   1   1   1   1   1   1 | Asp GAT   1   1   1   1   1   1 | Gly GGT   0   0   0   0   0   0
    GTC   0   0   0   0   0   0 |     GCC   0   0   0   0   0   0 |     GAC   2   2   2   2   2   2 |     GGC   1   1   1   1   1   1
    GTA   0   0   0   0   0   0 |     GCA   0   0   0   0   0   0 | Glu GAA   1   1   1   1   1   1 |     GGA   0   0   0   0   0   0
    GTG   0   0   0   0   0   0 |     GCG   0   0   0   0   0   0 |     GAG   1   1   1   1   1   1 |     GGG   0   0   0   0   0   0
--------------------------------------------------------------------------------------------------------------------------------------

--------------------------------------------------------------------------------------------------------------------------------------
Phe TTT   2   2   2   2   2   2 | Ser TCT   0   0   0   0   0   0 | Tyr TAT   0   0   0   0   0   0 | Cys TGT   0   0   0   0   0   0
    TTC   0   0   0   0   0   0 |     TCC   1   1   1   1   1   1 |     TAC   0   0   0   0   0   0 |     TGC   1   1   1   1   1   1
Leu TTA   0   0   0   0   0   0 |     TCA   0   0   0   0   0   0 | *** TAA   0   0   0   0   0   0 | *** TGA   0   0   0   0   0   0
    TTG   0   0   0   1   0   1 |     TCG   0   0   0   0   0   0 |     TAG   0   0   0   0   0   0 | Trp TGG   0   0   0   0   0   0
--------------------------------------------------------------------------------------------------------------------------------------
Leu CTT   0   0   0   0   0   0 | Pro CCT   0   0   0   0   0   0 | His CAT   0   0   1   0   0   0 | Arg CGT   1   1   1   1   1   1
    CTC   0   0   0   0   0   0 |     CCC   1   1   1   1   1   1 |     CAC   1   1   0   1   1   1 |     CGC   0   0   0   0   0   0
    CTA   1   1   1   1   1   1 |     CCA   0   0   0   0   0   0 | Gln CAA   0   0   0   0   0   0 |     CGA   0   0   0   0   0   0
    CTG   3   3   3   2   3   2 |     CCG   0   0   0   0   0   0 |     CAG   0   0   0   0   0   0 |     CGG   0   0   0   0   0   0
--------------------------------------------------------------------------------------------------------------------------------------
Ile ATT   2   2   2   2   2   2 | Thr ACT   0   0   0   0   0   0 | Asn AAT   1   1   1   1   1   1 | Ser AGT   1   1   1   1   1   1
    ATC   0   0   0   0   0   0 |     ACC   0   0   0   0   0   0 |     AAC   1   1   1   1   1   1 |     AGC   0   0   0   0   0   0
    ATA   0   0   0   0   0   0 |     ACA   1   1   1   1   1   1 | Lys AAA   1   1   1   1   1   1 | Arg AGA   0   0   0   0   0   0
Met ATG   2   2   2   2   2   2 |     ACG   0   0   0   0   0   0 |     AAG   2   2   2   2   2   2 |     AGG   0   0   0   0   0   0
--------------------------------------------------------------------------------------------------------------------------------------
Val GTT   0   0   0   0   0   0 | Ala GCT   1   1   1   1   1   1 | Asp GAT   1   1   1   1   1   1 | Gly GGT   0   0   0   0   0   0
    GTC   0   0   0   0   0   0 |     GCC   0   0   0   0   0   0 |     GAC   2   2   2   2   2   2 |     GGC   1   1   1   1   1   1
    GTA   0   0   0   0   0   0 |     GCA   0   0   0   0   0   0 | Glu GAA   1   1   1   1   1   1 |     GGA   0   0   0   0   0   0
    GTG   0   0   0   0   0   0 |     GCG   0   0   0   0   0   0 |     GAG   1   1   1   1   1   1 |     GGG   0   0   0   0   0   0
--------------------------------------------------------------------------------------------------------------------------------------

--------------------------------------------------------------------------------------------------------------------------------------
Phe TTT   2   2   2   2   2   2 | Ser TCT   0   0   0   0   0   0 | Tyr TAT   0   0   0   0   0   0 | Cys TGT   0   0   0   0   0   0
    TTC   0   0   0   0   0   0 |     TCC   1   1   1   1   1   1 |     TAC   0   0   0   0   0   0 |     TGC   1   1   1   1   1   1
Leu TTA   0   0   0   0   0   0 |     TCA   0   0   0   0   0   0 | *** TAA   0   0   0   0   0   0 | *** TGA   0   0   0   0   0   0
    TTG   0   0   0   0   1   0 |     TCG   0   0   0   0   0   0 |     TAG   0   0   0   0   0   0 | Trp TGG   0   0   0   0   0   0
--------------------------------------------------------------------------------------------------------------------------------------
Leu CTT   0   0   0   0   0   0 | Pro CCT   0   0   0   0   0   0 | His CAT   0   0   0   0   0   0 | Arg CGT   1   1   1   1   1   1
    CTC   0   0   0   0   0   0 |     CCC   1   1   1   1   1   1 |     CAC   1   1   1   1   1   1 |     CGC   0   0   0   0   0   0
    CTA   1   1   1   1   1   1 |     CCA   0   0   0   0   0   0 | Gln CAA   0   0   0   0   0   0 |     CGA   0   0   0   0   0   0
    CTG   3   3   3   3   2   3 |     CCG   0   0   0   0   0   0 |     CAG   0   0   0   0   0   0 |     CGG   0   0   0   0   0   0
--------------------------------------------------------------------------------------------------------------------------------------
Ile ATT   2   2   2   2   2   2 | Thr ACT   0   0   0   0   0   0 | Asn AAT   1   1   1   1   1   1 | Ser AGT   1   1   1   1   1   1
    ATC   0   0   0   0   0   0 |     ACC   0   0   0   0   0   0 |     AAC   1   1   1   1   1   1 |     AGC   0   0   0   0   0   0
    ATA   0   0   0   0   0   0 |     ACA   1   1   1   1   1   1 | Lys AAA   1   1   1   1   1   1 | Arg AGA   0   0   0   0   0   0
Met ATG   2   2   2   2   2   2 |     ACG   0   0   0   0   0   0 |     AAG   2   2   2   2   2   2 |     AGG   0   0   0   0   0   0
--------------------------------------------------------------------------------------------------------------------------------------
Val GTT   0   0   0   0   0   0 | Ala GCT   1   1   1   1   1   1 | Asp GAT   1   1   1   1   1   1 | Gly GGT   0   0   0   0   0   0
    GTC   0   0   0   0   0   0 |     GCC   0   0   0   0   0   0 |     GAC   2   2   2   2   2   2 |     GGC   1   1   1   1   1   1
    GTA   0   0   0   0   0   0 |     GCA   0   0   0   0   0   0 | Glu GAA   1   1   1   1   1   1 |     GGA   0   0   0   0   0   0
    GTG   0   0   0   0   0   0 |     GCG   0   0   0   0   0   0 |     GAG   1   1   1   1   1   1 |     GGG   0   0   0   0   0   0
--------------------------------------------------------------------------------------------------------------------------------------

--------------------------------------------------------------------------------------------------------------------------------------
Phe TTT   2   2   2   2   2   2 | Ser TCT   0   0   0   0   0   0 | Tyr TAT   0   0   0   0   0   0 | Cys TGT   0   0   0   0   0   0
    TTC   0   0   0   0   0   0 |     TCC   1   1   1   1   1   1 |     TAC   0   0   0   0   0   0 |     TGC   1   1   1   1   1   1
Leu TTA   0   0   0   0   0   0 |     TCA   0   0   0   0   0   0 | *** TAA   0   0   0   0   0   0 | *** TGA   0   0   0   0   0   0
    TTG   0   0   0   1   0   0 |     TCG   0   0   0   0   0   0 |     TAG   0   0   0   0   0   0 | Trp TGG   0   0   0   0   0   0
--------------------------------------------------------------------------------------------------------------------------------------
Leu CTT   0   0   0   0   0   0 | Pro CCT   0   0   0   0   0   0 | His CAT   0   0   0   0   0   0 | Arg CGT   1   1   1   1   1   1
    CTC   0   0   0   0   0   0 |     CCC   1   1   1   1   1   1 |     CAC   1   1   1   1   1   1 |     CGC   0   0   0   0   0   0
    CTA   1   1   1   1   1   1 |     CCA   0   0   0   0   0   0 | Gln CAA   0   0   0   0   0   0 |     CGA   0   0   0   0   0   0
    CTG   3   3   3   2   3   3 |     CCG   0   0   0   0   0   0 |     CAG   0   0   0   0   0   0 |     CGG   0   0   0   0   0   0
--------------------------------------------------------------------------------------------------------------------------------------
Ile ATT   1   1   2   2   2   2 | Thr ACT   0   0   0   0   0   0 | Asn AAT   1   1   1   1   1   1 | Ser AGT   1   1   1   1   1   1
    ATC   1   1   0   0   0   0 |     ACC   0   0   0   0   0   0 |     AAC   1   1   1   1   1   1 |     AGC   0   0   0   0   0   0
    ATA   0   0   0   0   0   0 |     ACA   1   1   1   1   1   1 | Lys AAA   1   1   1   1   1   1 | Arg AGA   0   0   0   0   0   0
Met ATG   2   2   2   2   2   2 |     ACG   0   0   0   0   0   0 |     AAG   2   2   2   2   2   2 |     AGG   0   0   0   0   0   0
--------------------------------------------------------------------------------------------------------------------------------------
Val GTT   0   0   0   0   0   0 | Ala GCT   0   1   1   1   1   1 | Asp GAT   1   1   1   1   1   1 | Gly GGT   0   0   0   0   0   0
    GTC   0   0   0   0   0   0 |     GCC   1   0   0   0   0   0 |     GAC   2   2   2   2   2   2 |     GGC   1   1   1   1   1   1
    GTA   0   0   0   0   0   0 |     GCA   0   0   0   0   0   0 | Glu GAA   1   1   1   1   1   1 |     GGA   0   0   0   0   0   0
    GTG   0   0   0   0   0   0 |     GCG   0   0   0   0   0   0 |     GAG   1   1   1   1   1   1 |     GGG   0   0   0   0   0   0
--------------------------------------------------------------------------------------------------------------------------------------

--------------------------------------------------------------------------------------------------------------------------------------
Phe TTT   2   2   2   2   2   2 | Ser TCT   0   0   0   0   0   0 | Tyr TAT   0   0   0   0   0   0 | Cys TGT   0   0   0   0   0   0
    TTC   0   0   0   0   0   0 |     TCC   1   1   1   1   1   1 |     TAC   0   0   0   0   0   0 |     TGC   1   1   1   1   1   1
Leu TTA   0   0   0   0   0   0 |     TCA   0   0   0   0   0   0 | *** TAA   0   0   0   0   0   0 | *** TGA   0   0   0   0   0   0
    TTG   1   0   0   1   0   0 |     TCG   0   0   0   0   0   0 |     TAG   0   0   0   0   0   0 | Trp TGG   0   0   0   0   0   0
--------------------------------------------------------------------------------------------------------------------------------------
Leu CTT   0   0   0   0   0   0 | Pro CCT   0   0   0   0   0   0 | His CAT   0   0   0   0   0   0 | Arg CGT   1   1   1   1   1   1
    CTC   0   0   0   0   0   0 |     CCC   1   1   1   1   1   1 |     CAC   1   1   1   1   1   1 |     CGC   0   0   0   0   0   0
    CTA   1   1   1   1   1   1 |     CCA   0   0   0   0   0   0 | Gln CAA   0   0   0   0   0   0 |     CGA   0   0   0   0   0   0
    CTG   2   3   3   2   3   3 |     CCG   0   0   0   0   0   0 |     CAG   0   0   0   0   0   0 |     CGG   0   0   0   0   0   0
--------------------------------------------------------------------------------------------------------------------------------------
Ile ATT   2   2   1   2   1   2 | Thr ACT   0   0   0   0   0   0 | Asn AAT   1   1   1   1   1   1 | Ser AGT   1   1   1   1   1   1
    ATC   0   0   1   0   0   0 |     ACC   0   0   0   0   1   0 |     AAC   1   1   1   1   1   1 |     AGC   0   0   0   0   0   0
    ATA   0   0   0   0   1   0 |     ACA   1   1   1   1   0   1 | Lys AAA   1   1   1   1   1   1 | Arg AGA   0   0   0   0   0   0
Met ATG   2   2   2   2   2   2 |     ACG   0   0   0   0   0   0 |     AAG   2   2   2   2   2   2 |     AGG   0   0   0   0   0   0
--------------------------------------------------------------------------------------------------------------------------------------
Val GTT   0   0   0   0   0   0 | Ala GCT   1   1   1   1   1   1 | Asp GAT   1   1   1   1   1   1 | Gly GGT   0   0   0   0   0   0
    GTC   0   0   0   0   0   0 |     GCC   0   0   0   0   0   0 |     GAC   2   2   2   2   2   2 |     GGC   1   1   1   1   1   1
    GTA   0   0   0   0   0   0 |     GCA   0   0   0   0   0   0 | Glu GAA   1   1   1   1   1   1 |     GGA   0   0   0   0   0   0
    GTG   0   0   0   0   0   0 |     GCG   0   0   0   0   0   0 |     GAG   1   1   1   1   1   1 |     GGG   0   0   0   0   0   0
--------------------------------------------------------------------------------------------------------------------------------------

--------------------------------------------------------------------------------------------------------------------------------------
Phe TTT   2   2   2   2   2   2 | Ser TCT   0   0   0   0   0   0 | Tyr TAT   0   0   0   0   0   0 | Cys TGT   0   0   0   0   0   0
    TTC   0   0   0   0   0   0 |     TCC   1   1   1   1   1   1 |     TAC   0   0   0   0   0   0 |     TGC   1   1   1   1   1   1
Leu TTA   0   0   0   0   0   0 |     TCA   0   0   0   0   0   0 | *** TAA   0   0   0   0   0   0 | *** TGA   0   0   0   0   0   0
    TTG   0   0   0   0   1   0 |     TCG   0   0   0   0   0   0 |     TAG   0   0   0   0   0   0 | Trp TGG   0   0   0   0   0   0
--------------------------------------------------------------------------------------------------------------------------------------
Leu CTT   0   0   0   0   0   0 | Pro CCT   0   0   0   0   0   0 | His CAT   0   0   0   0   0   0 | Arg CGT   1   1   0   1   1   1
    CTC   0   0   0   1   0   0 |     CCC   1   1   1   1   1   1 |     CAC   1   1   1   1   1   1 |     CGC   0   0   1   0   0   0
    CTA   1   1   1   0   1   1 |     CCA   0   0   0   0   0   0 | Gln CAA   0   0   0   0   0   0 |     CGA   0   0   0   0   0   0
    CTG   3   3   3   3   2   3 |     CCG   0   0   0   0   0   0 |     CAG   0   0   0   0   0   0 |     CGG   0   0   0   0   0   0
--------------------------------------------------------------------------------------------------------------------------------------
Ile ATT   2   2   2   2   2   1 | Thr ACT   0   0   0   0   0   0 | Asn AAT   1   1   1   1   1   1 | Ser AGT   1   1   1   1   1   1
    ATC   0   0   0   0   0   1 |     ACC   0   0   0   0   0   0 |     AAC   1   1   1   1   1   1 |     AGC   0   0   0   0   0   0
    ATA   0   0   0   0   0   0 |     ACA   1   1   1   1   1   1 | Lys AAA   1   1   0   1   1   1 | Arg AGA   0   0   1   0   0   0
Met ATG   2   2   2   2   2   2 |     ACG   0   0   0   0   0   0 |     AAG   2   2   2   2   2   2 |     AGG   0   0   0   0   0   0
--------------------------------------------------------------------------------------------------------------------------------------
Val GTT   0   0   0   0   0   0 | Ala GCT   1   1   1   1   1   1 | Asp GAT   1   1   1   1   1   1 | Gly GGT   0   0   0   0   0   0
    GTC   0   0   0   0   0   0 |     GCC   0   0   0   0   0   0 |     GAC   2   2   2   2   2   2 |     GGC   1   1   1   1   1   1
    GTA   0   0   0   0   0   0 |     GCA   0   0   0   0   0   0 | Glu GAA   1   1   1   1   1   1 |     GGA   0   0   0   0   0   0
    GTG   0   0   0   0   0   0 |     GCG   0   0   0   0   0   0 |     GAG   1   1   1   1   1   1 |     GGG   0   0   0   0   0   0
--------------------------------------------------------------------------------------------------------------------------------------

--------------------------------------------------------------------------------------------------------------------------------------
Phe TTT   2   2   2   2   2   2 | Ser TCT   1   0   0   0   0   0 | Tyr TAT   0   0   0   0   0   0 | Cys TGT   0   0   0   0   0   0
    TTC   0   0   0   0   0   0 |     TCC   0   1   1   1   1   1 |     TAC   0   0   0   0   0   0 |     TGC   1   1   1   1   1   1
Leu TTA   0   0   0   0   0   0 |     TCA   0   0   0   0   0   0 | *** TAA   0   0   0   0   0   0 | *** TGA   0   0   0   0   0   0
    TTG   0   1   0   0   0   0 |     TCG   0   0   0   0   0   0 |     TAG   0   0   0   0   0   0 | Trp TGG   0   0   0   0   0   0
--------------------------------------------------------------------------------------------------------------------------------------
Leu CTT   0   0   0   0   0   1 | Pro CCT   0   0   0   0   0   0 | His CAT   0   0   0   0   0   0 | Arg CGT   1   1   1   1   1   1
    CTC   0   0   0   0   0   0 |     CCC   1   1   1   1   1   1 |     CAC   1   1   1   1   1   1 |     CGC   0   0   0   0   0   0
    CTA   1   1   1   1   1   1 |     CCA   0   0   0   0   0   0 | Gln CAA   0   0   0   0   0   0 |     CGA   0   0   0   0   0   0
    CTG   3   2   3   3   3   2 |     CCG   0   0   0   0   0   0 |     CAG   0   0   0   0   0   0 |     CGG   0   0   0   0   0   0
--------------------------------------------------------------------------------------------------------------------------------------
Ile ATT   1   2   1   1   2   2 | Thr ACT   0   0   0   0   0   0 | Asn AAT   1   1   1   1   1   1 | Ser AGT   1   1   1   1   1   1
    ATC   1   0   1   1   0   0 |     ACC   0   0   0   0   0   0 |     AAC   1   1   1   1   1   1 |     AGC   0   0   0   0   0   0
    ATA   0   0   0   0   0   0 |     ACA   1   1   1   1   1   1 | Lys AAA   1   1   1   1   1   1 | Arg AGA   0   0   0   0   0   0
Met ATG   2   2   2   2   2   2 |     ACG   0   0   0   0   0   0 |     AAG   2   2   2   2   2   2 |     AGG   0   0   0   0   0   0
--------------------------------------------------------------------------------------------------------------------------------------
Val GTT   0   0   0   0   0   0 | Ala GCT   1   1   1   1   1   1 | Asp GAT   1   1   1   1   1   1 | Gly GGT   0   0   0   0   0   0
    GTC   0   0   0   0   0   0 |     GCC   0   0   0   0   0   0 |     GAC   2   2   2   2   2   2 |     GGC   1   1   1   1   1   1
    GTA   0   0   0   0   0   0 |     GCA   0   0   0   0   0   0 | Glu GAA   1   1   1   1   1   1 |     GGA   0   0   0   0   0   0
    GTG   0   0   0   0   0   0 |     GCG   0   0   0   0   0   0 |     GAG   1   1   1   1   1   1 |     GGG   0   0   0   0   0   0
--------------------------------------------------------------------------------------------------------------------------------------

--------------------------------------------------------------------------------------------------------------------------------------
Phe TTT   2   2   2   2   2   2 | Ser TCT   0   0   0   0   0   0 | Tyr TAT   0   0   0   0   0   0 | Cys TGT   0   0   0   1   0   0
    TTC   0   0   0   0   0   0 |     TCC   1   1   1   1   1   1 |     TAC   0   0   0   0   0   0 |     TGC   1   1   1   1   1   1
Leu TTA   0   0   0   0   0   0 |     TCA   0   0   0   0   0   0 | *** TAA   0   0   0   0   0   0 | *** TGA   0   0   0   0   0   0
    TTG   1   0   0   0   0   0 |     TCG   0   0   0   0   0   0 |     TAG   0   0   0   0   0   0 | Trp TGG   0   0   0   0   0   0
--------------------------------------------------------------------------------------------------------------------------------------
Leu CTT   0   0   0   0   0   0 | Pro CCT   0   0   0   0   0   0 | His CAT   0   0   0   0   0   0 | Arg CGT   1   0   1   0   1   1
    CTC   0   0   0   0   0   0 |     CCC   1   1   1   1   1   1 |     CAC   1   1   1   1   1   1 |     CGC   0   1   0   0   0   0
    CTA   1   0   1   0   1   1 |     CCA   0   0   0   0   0   0 | Gln CAA   0   0   0   0   0   0 |     CGA   0   0   0   0   0   0
    CTG   2   4   3   3   3   3 |     CCG   0   0   0   0   0   0 |     CAG   0   0   0   0   0   0 |     CGG   0   0   0   0   0   0
--------------------------------------------------------------------------------------------------------------------------------------
Ile ATT   2   2   2   2   2   2 | Thr ACT   0   0   0   0   0   0 | Asn AAT   1   1   1   1   1   1 | Ser AGT   1   1   0   1   1   1
    ATC   0   0   0   0   0   0 |     ACC   0   0   0   0   0   0 |     AAC   1   1   1   1   1   1 |     AGC   0   0   1   0   0   0
    ATA   0   0   0   0   0   0 |     ACA   1   1   1   1   1   1 | Lys AAA   1   1   2   1   1   1 | Arg AGA   0   0   0   0   0   0
Met ATG   2   2   2   2   2   2 |     ACG   0   0   0   0   0   0 |     AAG   2   2   1   2   2   2 |     AGG   0   0   0   0   0   0
--------------------------------------------------------------------------------------------------------------------------------------
Val GTT   0   0   0   0   0   0 | Ala GCT   1   1   1   1   1   1 | Asp GAT   1   1   1   1   1   1 | Gly GGT   0   0   0   0   0   0
    GTC   0   0   0   0   0   0 |     GCC   0   0   0   0   0   0 |     GAC   2   2   2   2   2   2 |     GGC   1   1   1   1   1   1
    GTA   0   0   0   0   0   0 |     GCA   0   0   0   0   0   0 | Glu GAA   1   1   1   1   1   1 |     GGA   0   0   0   0   0   0
    GTG   0   0   0   1   0   0 |     GCG   0   0   0   0   0   0 |     GAG   1   1   1   1   1   1 |     GGG   0   0   0   0   0   0
--------------------------------------------------------------------------------------------------------------------------------------

Codon position x base (3x4) table for each sequence.

#1: Argali         
position  1:    T:0.13793    C:0.24138    A:0.37931    G:0.24138
position  2:    T:0.34483    C:0.13793    A:0.37931    G:0.13793
position  3:    T:0.31034    C:0.27586    A:0.13793    G:0.27586
Average         T:0.26437    C:0.21839    A:0.29885    G:0.21839

#2: LesserMouseDeer
position  1:    T:0.13793    C:0.24138    A:0.37931    G:0.24138
position  2:    T:0.34483    C:0.13793    A:0.37931    G:0.13793
position  3:    T:0.31034    C:0.27586    A:0.13793    G:0.27586
Average         T:0.26437    C:0.21839    A:0.29885    G:0.21839

#3: LesserKudu     
position  1:    T:0.13793    C:0.24138    A:0.37931    G:0.24138
position  2:    T:0.34483    C:0.13793    A:0.37931    G:0.13793
position  3:    T:0.31034    C:0.27586    A:0.13793    G:0.27586
Average         T:0.26437    C:0.21839    A:0.29885    G:0.21839

#4: ForestMuskDeer2
position  1:    T:0.13793    C:0.24138    A:0.37931    G:0.24138
position  2:    T:0.34483    C:0.13793    A:0.37931    G:0.13793
position  3:    T:0.27586    C:0.31034    A:0.13793    G:0.27586
Average         T:0.25287    C:0.22989    A:0.29885    G:0.21839

#5: Camel          
position  1:    T:0.13793    C:0.24138    A:0.37931    G:0.24138
position  2:    T:0.34483    C:0.13793    A:0.37931    G:0.13793
position  3:    T:0.34483    C:0.24138    A:0.17241    G:0.24138
Average         T:0.27586    C:0.20690    A:0.31034    G:0.20690

#6: KillerWhale    
position  1:    T:0.13793    C:0.24138    A:0.37931    G:0.24138
position  2:    T:0.34483    C:0.13793    A:0.37931    G:0.13793
position  3:    T:0.34483    C:0.24138    A:0.17241    G:0.24138
Average         T:0.27586    C:0.20690    A:0.31034    G:0.20690

#7: DefassaWaterbuck
position  1:    T:0.13793    C:0.24138    A:0.37931    G:0.24138
position  2:    T:0.34483    C:0.13793    A:0.37931    G:0.13793
position  3:    T:0.34483    C:0.27586    A:0.10345    G:0.27586
Average         T:0.27586    C:0.21839    A:0.28736    G:0.21839

#8: Sheep          
position  1:    T:0.13793    C:0.24138    A:0.37931    G:0.24138
position  2:    T:0.34483    C:0.13793    A:0.37931    G:0.13793
position  3:    T:0.31034    C:0.27586    A:0.13793    G:0.27586
Average         T:0.26437    C:0.21839    A:0.29885    G:0.21839

#9: MaxwellsDuiker 
position  1:    T:0.17241    C:0.20690    A:0.34483    G:0.27586
position  2:    T:0.34483    C:0.13793    A:0.37931    G:0.13793
position  3:    T:0.27586    C:0.31034    A:0.13793    G:0.27586
Average         T:0.26437    C:0.21839    A:0.28736    G:0.22989

#10: GazellaPrzewalskyi
position  1:    T:0.17241    C:0.20690    A:0.37931    G:0.24138
position  2:    T:0.34483    C:0.13793    A:0.37931    G:0.13793
position  3:    T:0.31034    C:0.27586    A:0.13793    G:0.27586
Average         T:0.27586    C:0.20690    A:0.29885    G:0.21839

#11: MountainNyala  
position  1:    T:0.13793    C:0.24138    A:0.37931    G:0.24138
position  2:    T:0.34483    C:0.13793    A:0.37931    G:0.13793
position  3:    T:0.31034    C:0.27586    A:0.13793    G:0.27586
Average         T:0.26437    C:0.21839    A:0.29885    G:0.21839

#12: MuntiacusMuntjak
position  1:    T:0.13793    C:0.24138    A:0.37931    G:0.24138
position  2:    T:0.34483    C:0.13793    A:0.37931    G:0.13793
position  3:    T:0.27586    C:0.31034    A:0.13793    G:0.27586
Average         T:0.25287    C:0.22989    A:0.29885    G:0.21839

#13: goat           
position  1:    T:0.13793    C:0.24138    A:0.37931    G:0.24138
position  2:    T:0.34483    C:0.13793    A:0.37931    G:0.13793
position  3:    T:0.31034    C:0.27586    A:0.13793    G:0.27586
Average         T:0.26437    C:0.21839    A:0.29885    G:0.21839

#14: AfricanBuffalo 
position  1:    T:0.13793    C:0.24138    A:0.37931    G:0.24138
position  2:    T:0.34483    C:0.13793    A:0.37931    G:0.13793
position  3:    T:0.31034    C:0.27586    A:0.13793    G:0.27586
Average         T:0.26437    C:0.21839    A:0.29885    G:0.21839

#15: Topi           
position  1:    T:0.13793    C:0.24138    A:0.37931    G:0.24138
position  2:    T:0.34483    C:0.13793    A:0.37931    G:0.13793
position  3:    T:0.34483    C:0.24138    A:0.13793    G:0.27586
Average         T:0.27586    C:0.20690    A:0.29885    G:0.21839

#16: CommonDuiker   
position  1:    T:0.17241    C:0.20690    A:0.37931    G:0.24138
position  2:    T:0.34483    C:0.13793    A:0.37931    G:0.13793
position  3:    T:0.31034    C:0.27586    A:0.13793    G:0.27586
Average         T:0.27586    C:0.20690    A:0.29885    G:0.21839

#17: Suni           
position  1:    T:0.13793    C:0.24138    A:0.37931    G:0.24138
position  2:    T:0.34483    C:0.13793    A:0.37931    G:0.13793
position  3:    T:0.31034    C:0.27586    A:0.13793    G:0.27586
Average         T:0.26437    C:0.21839    A:0.29885    G:0.21839

#18: Springbuck     
position  1:    T:0.17241    C:0.20690    A:0.37931    G:0.24138
position  2:    T:0.34483    C:0.13793    A:0.37931    G:0.13793
position  3:    T:0.31034    C:0.27586    A:0.13793    G:0.27586
Average         T:0.27586    C:0.20690    A:0.29885    G:0.21839

#19: Okapi          
position  1:    T:0.13793    C:0.24138    A:0.37931    G:0.24138
position  2:    T:0.34483    C:0.13793    A:0.37931    G:0.13793
position  3:    T:0.31034    C:0.27586    A:0.13793    G:0.27586
Average         T:0.26437    C:0.21839    A:0.29885    G:0.21839

#20: Giraffe        
position  1:    T:0.13793    C:0.24138    A:0.37931    G:0.24138
position  2:    T:0.34483    C:0.13793    A:0.37931    G:0.13793
position  3:    T:0.31034    C:0.27586    A:0.13793    G:0.27586
Average         T:0.26437    C:0.21839    A:0.29885    G:0.21839

#21: TibetanAntelope
position  1:    T:0.13793    C:0.24138    A:0.37931    G:0.24138
position  2:    T:0.34483    C:0.13793    A:0.37931    G:0.13793
position  3:    T:0.31034    C:0.27586    A:0.13793    G:0.27586
Average         T:0.26437    C:0.21839    A:0.29885    G:0.21839

#22: Sitatunga      
position  1:    T:0.13793    C:0.24138    A:0.37931    G:0.24138
position  2:    T:0.34483    C:0.13793    A:0.37931    G:0.13793
position  3:    T:0.31034    C:0.27586    A:0.13793    G:0.27586
Average         T:0.26437    C:0.21839    A:0.29885    G:0.21839

#23: Oribi          
position  1:    T:0.17241    C:0.20690    A:0.37931    G:0.24138
position  2:    T:0.34483    C:0.13793    A:0.37931    G:0.13793
position  3:    T:0.31034    C:0.27586    A:0.13793    G:0.27586
Average         T:0.27586    C:0.20690    A:0.29885    G:0.21839

#24: BarbarySheep   
position  1:    T:0.13793    C:0.24138    A:0.37931    G:0.24138
position  2:    T:0.34483    C:0.13793    A:0.37931    G:0.13793
position  3:    T:0.31034    C:0.27586    A:0.13793    G:0.27586
Average         T:0.26437    C:0.21839    A:0.29885    G:0.21839

#25: Daviddeer      
position  1:    T:0.13793    C:0.24138    A:0.37931    G:0.24138
position  2:    T:0.34483    C:0.13793    A:0.37931    G:0.13793
position  3:    T:0.24138    C:0.34483    A:0.13793    G:0.27586
Average         T:0.24138    C:0.24138    A:0.29885    G:0.21839

#26: Reindeer       
position  1:    T:0.13793    C:0.24138    A:0.37931    G:0.24138
position  2:    T:0.34483    C:0.13793    A:0.37931    G:0.13793
position  3:    T:0.27586    C:0.31034    A:0.13793    G:0.27586
Average         T:0.25287    C:0.22989    A:0.29885    G:0.21839

#27: Ibex           
position  1:    T:0.13793    C:0.24138    A:0.37931    G:0.24138
position  2:    T:0.34483    C:0.13793    A:0.37931    G:0.13793
position  3:    T:0.31034    C:0.27586    A:0.13793    G:0.27586
Average         T:0.26437    C:0.21839    A:0.29885    G:0.21839

#28: GyrantGazelle  
position  1:    T:0.17241    C:0.20690    A:0.37931    G:0.24138
position  2:    T:0.34483    C:0.13793    A:0.37931    G:0.13793
position  3:    T:0.31034    C:0.27586    A:0.13793    G:0.27586
Average         T:0.27586    C:0.20690    A:0.29885    G:0.21839

#29: Hartebeest     
position  1:    T:0.13793    C:0.24138    A:0.37931    G:0.24138
position  2:    T:0.34483    C:0.13793    A:0.37931    G:0.13793
position  3:    T:0.31034    C:0.27586    A:0.13793    G:0.27586
Average         T:0.26437    C:0.21839    A:0.29885    G:0.21839

#30: Bongo          
position  1:    T:0.13793    C:0.24138    A:0.37931    G:0.24138
position  2:    T:0.34483    C:0.13793    A:0.37931    G:0.13793
position  3:    T:0.31034    C:0.27586    A:0.13793    G:0.27586
Average         T:0.26437    C:0.21839    A:0.29885    G:0.21839

#31: Gerenuk        
position  1:    T:0.17241    C:0.20690    A:0.37931    G:0.24138
position  2:    T:0.34483    C:0.13793    A:0.37931    G:0.13793
position  3:    T:0.31034    C:0.27586    A:0.13793    G:0.27586
Average         T:0.27586    C:0.20690    A:0.29885    G:0.21839

#32: CommonEland    
position  1:    T:0.13793    C:0.24138    A:0.37931    G:0.24138
position  2:    T:0.34483    C:0.13793    A:0.37931    G:0.13793
position  3:    T:0.31034    C:0.27586    A:0.13793    G:0.27586
Average         T:0.26437    C:0.21839    A:0.29885    G:0.21839

#33: MuntiacusReevesi
position  1:    T:0.13793    C:0.24138    A:0.37931    G:0.24138
position  2:    T:0.34483    C:0.13793    A:0.37931    G:0.13793
position  3:    T:0.27586    C:0.31034    A:0.13793    G:0.27586
Average         T:0.25287    C:0.22989    A:0.29885    G:0.21839

#34: HarveysDuiker  
position  1:    T:0.17241    C:0.20690    A:0.37931    G:0.24138
position  2:    T:0.34483    C:0.13793    A:0.37931    G:0.13793
position  3:    T:0.31034    C:0.27586    A:0.13793    G:0.27586
Average         T:0.27586    C:0.20690    A:0.29885    G:0.21839

#35: Pronghorn      
position  1:    T:0.13793    C:0.24138    A:0.37931    G:0.24138
position  2:    T:0.34483    C:0.13793    A:0.37931    G:0.13793
position  3:    T:0.27586    C:0.31034    A:0.13793    G:0.27586
Average         T:0.25287    C:0.22989    A:0.29885    G:0.21839

#36: BlueWildebeest 
position  1:    T:0.13793    C:0.24138    A:0.37931    G:0.24138
position  2:    T:0.34483    C:0.13793    A:0.37931    G:0.13793
position  3:    T:0.31034    C:0.27586    A:0.13793    G:0.27586
Average         T:0.26437    C:0.21839    A:0.29885    G:0.21839

#37: Gemsbok        
position  1:    T:0.13793    C:0.24138    A:0.37931    G:0.24138
position  2:    T:0.34483    C:0.13793    A:0.37931    G:0.13793
position  3:    T:0.31034    C:0.27586    A:0.13793    G:0.27586
Average         T:0.26437    C:0.21839    A:0.29885    G:0.21839

#38: Yak            
position  1:    T:0.13793    C:0.24138    A:0.37931    G:0.24138
position  2:    T:0.34483    C:0.13793    A:0.37931    G:0.13793
position  3:    T:0.31034    C:0.27586    A:0.13793    G:0.27586
Average         T:0.26437    C:0.21839    A:0.29885    G:0.21839

#39: BlueSheep      
position  1:    T:0.13793    C:0.24138    A:0.37931    G:0.24138
position  2:    T:0.34483    C:0.13793    A:0.34483    G:0.17241
position  3:    T:0.27586    C:0.31034    A:0.13793    G:0.27586
Average         T:0.25287    C:0.22989    A:0.28736    G:0.22989

#40: BohorReedbuck  
position  1:    T:0.13793    C:0.24138    A:0.37931    G:0.24138
position  2:    T:0.34483    C:0.13793    A:0.37931    G:0.13793
position  3:    T:0.31034    C:0.31034    A:0.10345    G:0.27586
Average         T:0.26437    C:0.22989    A:0.28736    G:0.21839

#41: KirksDik       
position  1:    T:0.17241    C:0.20690    A:0.37931    G:0.24138
position  2:    T:0.34483    C:0.13793    A:0.37931    G:0.13793
position  3:    T:0.31034    C:0.27586    A:0.13793    G:0.27586
Average         T:0.27586    C:0.20690    A:0.29885    G:0.21839

#42: RoeDeer        
position  1:    T:0.13793    C:0.24138    A:0.37931    G:0.24138
position  2:    T:0.34483    C:0.13793    A:0.37931    G:0.13793
position  3:    T:0.27586    C:0.31034    A:0.13793    G:0.27586
Average         T:0.25287    C:0.22989    A:0.29885    G:0.21839

#43: WhiteLippedDeer
position  1:    T:0.13793    C:0.24138    A:0.37931    G:0.24138
position  2:    T:0.34483    C:0.13793    A:0.37931    G:0.13793
position  3:    T:0.31034    C:0.27586    A:0.13793    G:0.27586
Average         T:0.26437    C:0.21839    A:0.29885    G:0.21839

#44: ThomsonGazelle 
position  1:    T:0.17241    C:0.20690    A:0.37931    G:0.24138
position  2:    T:0.34483    C:0.13793    A:0.37931    G:0.13793
position  3:    T:0.31034    C:0.27586    A:0.13793    G:0.27586
Average         T:0.27586    C:0.20690    A:0.29885    G:0.21839

#45: MuntiacusCrinifrons
position  1:    T:0.13793    C:0.24138    A:0.37931    G:0.24138
position  2:    T:0.34483    C:0.13793    A:0.37931    G:0.13793
position  3:    T:0.27586    C:0.31034    A:0.13793    G:0.27586
Average         T:0.25287    C:0.22989    A:0.29885    G:0.21839

#46: WhiteTailedDeer
position  1:    T:0.13793    C:0.24138    A:0.37931    G:0.24138
position  2:    T:0.34483    C:0.13793    A:0.37931    G:0.13793
position  3:    T:0.27586    C:0.31034    A:0.13793    G:0.27586
Average         T:0.25287    C:0.22989    A:0.29885    G:0.21839

#47: Cattle         
position  1:    T:0.13793    C:0.24138    A:0.37931    G:0.24138
position  2:    T:0.34483    C:0.13793    A:0.37931    G:0.13793
position  3:    T:0.31034    C:0.27586    A:0.13793    G:0.27586
Average         T:0.26437    C:0.21839    A:0.29885    G:0.21839

#48: RoyalAntelope  
position  1:    T:0.13793    C:0.24138    A:0.37931    G:0.24138
position  2:    T:0.34483    C:0.13793    A:0.37931    G:0.13793
position  3:    T:0.34483    C:0.27586    A:0.13793    G:0.24138
Average         T:0.27586    C:0.21839    A:0.29885    G:0.20690

#49: Steenbok       
position  1:    T:0.17241    C:0.20690    A:0.37931    G:0.24138
position  2:    T:0.34483    C:0.13793    A:0.37931    G:0.13793
position  3:    T:0.31034    C:0.27586    A:0.13793    G:0.27586
Average         T:0.27586    C:0.20690    A:0.29885    G:0.21839

#50: Impala         
position  1:    T:0.13793    C:0.24138    A:0.37931    G:0.24138
position  2:    T:0.34483    C:0.13793    A:0.37931    G:0.13793
position  3:    T:0.27586    C:0.31034    A:0.10345    G:0.31034
Average         T:0.25287    C:0.22989    A:0.28736    G:0.22989

#51: Klipspringer   
position  1:    T:0.13793    C:0.24138    A:0.37931    G:0.24138
position  2:    T:0.34483    C:0.13793    A:0.37931    G:0.13793
