CODONML (in paml version 4.10.7, June 2023)  /home/rachel/ruminants_paml/6406-phy-tree/ENSBTAT00000014579.fasta.phy
Model: free dN/dS Ratios for branches,  kappa = 2.000 fixed

Codon frequency model: F3x4
ns =  54  ls =  34

Codon usage in sequences
--------------------------------------------------------------------------------------------------------------------------------------
Phe TTT   1   0   1   1   1   1 | Ser TCT   0   0   0   0   0   0 | Tyr TAT   0   0   0   0   0   0 | Cys TGT   0   0   0   0   0   0
    TTC   1   1   0   0   0   0 |     TCC   0   0   0   0   0   0 |     TAC   1   1   1   1   1   1 |     TGC   0   0   0   0   0   0
Leu TTA   1   2   2   2   2   2 |     TCA   0   0   0   0   0   0 | *** TAA   0   0   0   0   0   0 | *** TGA   0   0   0   0   0   0
    TTG   0   0   0   0   0   0 |     TCG   0   0   0   0   0   0 |     TAG   0   0   0   0   0   0 | Trp TGG   0   0   0   0   0   0
--------------------------------------------------------------------------------------------------------------------------------------
Leu CTT   1   1   1   1   1   1 | Pro CCT   0   0   0   0   0   0 | His CAT   0   0   0   0   0   0 | Arg CGT   0   0   0   0   0   0
    CTC   0   0   0   0   0   0 |     CCC   0   0   0   0   0   0 |     CAC   0   0   0   0   0   0 |     CGC   0   0   0   0   0   0
    CTA   0   0   0   0   0   0 |     CCA   1   1   1   1   1   1 | Gln CAA   0   0   0   0   0   1 |     CGA   0   0   0   0   0   0
    CTG   1   1   1   1   1   1 |     CCG   0   0   0   0   0   0 |     CAG   1   1   1   1   1   0 |     CGG   0   0   0   0   0   0
--------------------------------------------------------------------------------------------------------------------------------------
Ile ATT   1   1   1   1   1   1 | Thr ACT   1   1   1   1   1   1 | Asn AAT   0   0   0   0   0   0 | Ser AGT   0   1   1   1   1   1
    ATC   0   0   0   0   0   0 |     ACC   1   1   1   1   1   0 |     AAC   1   1   1   1   1   2 |     AGC   0   0   0   0   0   0
    ATA   0   0   0   0   0   0 |     ACA   0   0   0   0   0   0 | Lys AAA   2   2   2   3   2   2 | Arg AGA   1   1   1   1   1   1
Met ATG   3   3   3   3   3   3 |     ACG   0   0   0   0   0   0 |     AAG   2   2   2   2   2   2 |     AGG   0   0   0   0   0   0
--------------------------------------------------------------------------------------------------------------------------------------
Val GTT   0   0   0   0   0   0 | Ala GCT   1   1   1   1   1   1 | Asp GAT   1   0   1   1   1   1 | Gly GGT   1   0   0   0   0   0
    GTC   0   0   0   0   0   0 |     GCC   0   0   0   0   0   0 |     GAC   3   4   3   3   3   3 |     GGC   0   0   0   0   0   0
    GTA   0   0   0   0   0   0 |     GCA   0   0   0   0   0   0 | Glu GAA   5   5   5   4   5   5 |     GGA   0   0   0   0   1   0
    GTG   2   2   2   2   2   2 |     GCG   0   0   0   0   0   0 |     GAG   0   0   0   0   0   0 |     GGG   1   1   1   1   0   1
--------------------------------------------------------------------------------------------------------------------------------------

--------------------------------------------------------------------------------------------------------------------------------------
Phe TTT   1   1   1   1   1   1 | Ser TCT   0   0   0   0   0   0 | Tyr TAT   0   0   0   0   0   0 | Cys TGT   0   0   0   0   0   0
    TTC   0   1   0   0   0   0 |     TCC   0   0   0   0   0   0 |     TAC   1   1   1   1   1   1 |     TGC   0   0   0   0   0   0
Leu TTA   2   1   2   2   2   2 |     TCA   0   0   0   0   0   0 | *** TAA   0   0   0   0   0   0 | *** TGA   0   0   0   0   0   0
    TTG   0   0   0   0   0   0 |     TCG   0   0   0   0   0   0 |     TAG   0   0   0   0   0   0 | Trp TGG   0   0   0   0   0   0
--------------------------------------------------------------------------------------------------------------------------------------
Leu CTT   1   1   1   1   1   1 | Pro CCT   0   0   0   0   0   0 | His CAT   0   0   0   0   0   0 | Arg CGT   0   0   0   0   0   0
    CTC   0   0   0   0   0   0 |     CCC   0   0   0   0   0   0 |     CAC   0   0   0   0   0   0 |     CGC   0   0   0   0   0   0
    CTA   0   0   0   0   0   0 |     CCA   1   1   1   1   1   1 | Gln CAA   0   0   0   0   0   0 |     CGA   0   0   0   0   0   0
    CTG   1   1   1   1   1   1 |     CCG   0   0   0   0   0   0 |     CAG   1   1   1   1   1   1 |     CGG   0   0   0   0   0   0
--------------------------------------------------------------------------------------------------------------------------------------
Ile ATT   1   1   1   1   1   1 | Thr ACT   1   1   1   1   1   1 | Asn AAT   0   0   0   0   0   0 | Ser AGT   1   0   1   1   1   1
    ATC   0   0   0   0   0   0 |     ACC   1   1   1   1   1   1 |     AAC   1   1   1   1   1   1 |     AGC   0   0   0   0   0   0
    ATA   0   0   0   0   0   0 |     ACA   0   0   0   0   0   0 | Lys AAA   2   2   2   2   2   3 | Arg AGA   1   1   1   1   1   1
Met ATG   3   3   3   3   3   3 |     ACG   0   0   0   0   0   0 |     AAG   2   2   2   2   2   2 |     AGG   0   0   0   0   0   0
--------------------------------------------------------------------------------------------------------------------------------------
Val GTT   0   0   0   0   0   0 | Ala GCT   1   1   1   1   1   1 | Asp GAT   1   1   1   1   1   1 | Gly GGT   0   1   0   0   0   0
    GTC   0   0   0   0   0   0 |     GCC   0   0   0   0   0   0 |     GAC   3   3   3   3   3   3 |     GGC   0   0   0   0   0   0
    GTA   0   0   0   0   1   0 |     GCA   0   0   0   0   0   0 | Glu GAA   5   5   5   4   4   4 |     GGA   0   0   0   1   0   0
    GTG   2   2   2   2   2   2 |     GCG   0   0   0   0   0   0 |     GAG   0   0   0   0   0   0 |     GGG   1   1   1   1   1   1
--------------------------------------------------------------------------------------------------------------------------------------

--------------------------------------------------------------------------------------------------------------------------------------
Phe TTT   1   1   1   1   1   1 | Ser TCT   0   0   0   0   0   0 | Tyr TAT   0   0   0   0   0   0 | Cys TGT   0   0   0   0   0   0
    TTC   1   0   0   0   0   0 |     TCC   0   0   0   0   0   0 |     TAC   1   1   1   1   1   1 |     TGC   0   0   0   0   0   0
Leu TTA   1   2   2   2   2   2 |     TCA   0   0   0   0   0   0 | *** TAA   0   0   0   0   0   0 | *** TGA   0   0   0   0   0   0
    TTG   0   0   0   0   0   0 |     TCG   0   0   0   0   0   0 |     TAG   0   0   0   0   0   0 | Trp TGG   0   0   0   0   0   0
--------------------------------------------------------------------------------------------------------------------------------------
Leu CTT   1   1   1   1   1   1 | Pro CCT   0   0   0   0   0   0 | His CAT   0   0   0   0   0   0 | Arg CGT   0   0   0   0   0   0
    CTC   0   0   0   0   0   0 |     CCC   0   0   0   0   0   0 |     CAC   0   0   0   0   0   0 |     CGC   0   0   0   0   0   0
    CTA   0   0   0   0   0   0 |     CCA   1   1   1   1   1   1 | Gln CAA   0   0   0   0   0   0 |     CGA   0   0   0   0   0   0
    CTG   1   1   1   1   1   1 |     CCG   0   0   0   0   0   0 |     CAG   1   1   1   1   1   1 |     CGG   0   0   0   0   0   0
--------------------------------------------------------------------------------------------------------------------------------------
Ile ATT   1   1   1   1   1   1 | Thr ACT   1   1   1   1   1   1 | Asn AAT   0   0   0   0   0   0 | Ser AGT   0   1   0   1   1   1
    ATC   0   0   0   0   0   0 |     ACC   1   1   1   1   1   0 |     AAC   1   1   1   1   1   1 |     AGC   0   0   0   0   0   0
    ATA   0   0   0   0   0   0 |     ACA   0   0   0   0   0   0 | Lys AAA   2   2   2   2   2   3 | Arg AGA   1   1   1   1   1   1
Met ATG   3   3   3   3   3   3 |     ACG   0   0   0   0   0   0 |     AAG   2   2   2   2   2   2 |     AGG   0   0   0   0   0   0
--------------------------------------------------------------------------------------------------------------------------------------
Val GTT   0   0   0   0   0   0 | Ala GCT   1   1   1   1   1   1 | Asp GAT   1   1   1   1   1   1 | Gly GGT   1   0   1   0   0   0
    GTC   0   0   0   0   0   0 |     GCC   0   0   0   0   0   1 |     GAC   3   3   3   3   3   3 |     GGC   0   0   0   0   0   0
    GTA   0   0   0   0   0   0 |     GCA   0   0   0   0   0   0 | Glu GAA   5   4   5   5   5   4 |     GGA   0   1   0   0   1   0
    GTG   2   2   2   2   2   2 |     GCG   0   0   0   0   0   0 |     GAG   0   0   0   0   0   0 |     GGG   1   1   1   1   0   1
--------------------------------------------------------------------------------------------------------------------------------------

--------------------------------------------------------------------------------------------------------------------------------------
Phe TTT   1   1   1   1   1   1 | Ser TCT   0   0   0   0   0   0 | Tyr TAT   0   0   0   0   0   0 | Cys TGT   0   0   0   0   0   0
    TTC   0   0   1   0   0   1 |     TCC   0   0   0   0   0   0 |     TAC   1   1   1   1   1   1 |     TGC   0   0   0   0   0   0
Leu TTA   2   2   1   2   2   1 |     TCA   0   0   0   0   0   0 | *** TAA   0   0   0   0   0   0 | *** TGA   0   0   0   0   0   0
    TTG   0   0   0   0   0   0 |     TCG   0   0   0   0   0   0 |     TAG   0   0   0   0   0   0 | Trp TGG   0   0   0   0   0   0
--------------------------------------------------------------------------------------------------------------------------------------
Leu CTT   1   1   1   1   1   1 | Pro CCT   0   0   0   0   0   0 | His CAT   0   0   0   0   0   0 | Arg CGT   0   0   0   0   0   0
    CTC   0   0   0   0   0   0 |     CCC   0   0   0   0   0   0 |     CAC   0   0   0   0   0   0 |     CGC   0   0   0   0   0   0
    CTA   0   0   0   0   0   0 |     CCA   1   1   1   1   1   1 | Gln CAA   0   0   0   0   0   0 |     CGA   0   0   0   0   0   0
    CTG   1   1   1   1   1   1 |     CCG   0   0   0   0   0   0 |     CAG   1   1   1   1   1   1 |     CGG   0   0   0   0   0   0
--------------------------------------------------------------------------------------------------------------------------------------
Ile ATT   1   1   1   1   1   1 | Thr ACT   1   1   1   1   1   1 | Asn AAT   0   0   0   0   0   0 | Ser AGT   1   1   0   1   1   0
    ATC   0   0   0   0   0   0 |     ACC   1   1   1   1   0   1 |     AAC   1   1   1   1   1   1 |     AGC   0   0   0   0   0   0
    ATA   0   0   0   0   0   0 |     ACA   0   0   0   0   0   0 | Lys AAA   2   2   2   2   3   2 | Arg AGA   1   1   1   1   1   1
Met ATG   3   3   3   3   3   3 |     ACG   0   0   0   0   0   0 |     AAG   2   2   2   2   2   2 |     AGG   0   0   0   0   0   0
--------------------------------------------------------------------------------------------------------------------------------------
Val GTT   0   0   0   0   0   0 | Ala GCT   1   1   1   1   1   1 | Asp GAT   1   1   1   1   1   1 | Gly GGT   0   0   1   0   0   1
    GTC   0   0   0   0   0   0 |     GCC   0   0   0   0   1   0 |     GAC   3   3   3   3   3   3 |     GGC   0   0   0   0   0   0
    GTA   0   0   0   0   0   0 |     GCA   0   0   0   0   0   0 | Glu GAA   5   5   5   5   4   5 |     GGA   0   0   0   0   0   0
    GTG   2   2   2   2   2   2 |     GCG   0   0   0   0   0   0 |     GAG   0   0   0   0   0   0 |     GGG   1   1   1   1   1   1
--------------------------------------------------------------------------------------------------------------------------------------

--------------------------------------------------------------------------------------------------------------------------------------
Phe TTT   1   1   1   1   1   1 | Ser TCT   0   0   0   0   0   0 | Tyr TAT   0   0   0   0   0   0 | Cys TGT   0   0   0   0   0   0
    TTC   0   0   1   0   0   0 |     TCC   0   0   0   0   0   0 |     TAC   1   1   1   1   1   1 |     TGC   0   0   0   0   0   0
Leu TTA   2   2   1   2   2   2 |     TCA   0   0   0   0   0   0 | *** TAA   0   0   0   0   0   0 | *** TGA   0   0   0   0   0   0
    TTG   0   0   0   0   0   0 |     TCG   0   0   0   0   0   0 |     TAG   0   0   0   0   0   0 | Trp TGG   0   0   0   0   0   0
--------------------------------------------------------------------------------------------------------------------------------------
Leu CTT   1   1   1   1   1   1 | Pro CCT   0   0   0   0   0   0 | His CAT   0   0   0   0   0   0 | Arg CGT   0   0   0   0   0   0
    CTC   0   0   0   0   0   0 |     CCC   0   0   0   0   0   0 |     CAC   0   0   0   0   0   0 |     CGC   0   0   0   0   0   0
    CTA   0   0   0   0   0   0 |     CCA   0   1   1   1   1   1 | Gln CAA   0   0   0   0   0   0 |     CGA   0   0   0   0   0   0
    CTG   1   1   1   1   1   1 |     CCG   1   0   0   0   0   0 |     CAG   1   1   1   1   1   1 |     CGG   0   0   0   0   0   0
--------------------------------------------------------------------------------------------------------------------------------------
Ile ATT   1   1   1   1   1   1 | Thr ACT   1   1   1   1   1   1 | Asn AAT   0   0   0   0   0   0 | Ser AGT   1   1   0   1   0   1
    ATC   0   0   0   0   0   0 |     ACC   1   1   1   0   1   1 |     AAC   1   1   1   1   1   1 |     AGC   0   0   0   0   0   0
    ATA   0   0   0   0   0   0 |     ACA   0   0   0   0   0   0 | Lys AAA   2   3   2   3   2   2 | Arg AGA   1   1   1   1   1   1
Met ATG   3   3   3   3   3   3 |     ACG   0   0   0   0   0   0 |     AAG   2   2   2   2   2   2 |     AGG   0   0   0   0   0   0
--------------------------------------------------------------------------------------------------------------------------------------
Val GTT   0   0   0   0   0   0 | Ala GCT   1   1   1   1   1   1 | Asp GAT   2   1   1   1   1   1 | Gly GGT   0   0   1   0   1   0
    GTC   0   0   0   0   0   0 |     GCC   0   0   0   1   0   0 |     GAC   2   3   3   3   3   3 |     GGC   0   0   0   0   0   0
    GTA   0   0   0   0   0   1 |     GCA   0   0   0   0   0   0 | Glu GAA   5   4   5   4   5   5 |     GGA   0   0   0   0   0   0
    GTG   2   2   2   2   2   1 |     GCG   0   0   0   0   0   0 |     GAG   0   0   0   0   0   0 |     GGG   1   1   1   1   1   1
--------------------------------------------------------------------------------------------------------------------------------------

--------------------------------------------------------------------------------------------------------------------------------------
Phe TTT   1   1   1   1   1   1 | Ser TCT   0   0   0   0   0   0 | Tyr TAT   0   0   0   0   0   0 | Cys TGT   0   0   0   0   0   0
    TTC   0   0   0   0   0   0 |     TCC   0   0   0   0   0   0 |     TAC   1   1   1   1   1   1 |     TGC   0   0   0   0   0   0
Leu TTA   2   2   2   2   2   2 |     TCA   0   0   0   0   0   0 | *** TAA   0   0   0   0   0   0 | *** TGA   0   0   0   0   0   0
    TTG   0   0   0   0   0   0 |     TCG   0   0   0   0   0   0 |     TAG   0   0   0   0   0   0 | Trp TGG   0   0   0   0   0   0
--------------------------------------------------------------------------------------------------------------------------------------
Leu CTT   1   1   1   1   1   1 | Pro CCT   0   0   0   0   0   0 | His CAT   0   0   0   0   0   0 | Arg CGT   0   0   0   0   0   0
    CTC   0   0   0   0   0   0 |     CCC   0   0   0   0   0   0 |     CAC   0   0   0   0   0   0 |     CGC   0   0   0   0   0   0
    CTA   0   0   0   0   0   0 |     CCA   1   1   1   1   1   1 | Gln CAA   0   0   0   0   0   0 |     CGA   0   0   0   0   0   0
    CTG   1   1   1   1   1   1 |     CCG   0   0   0   0   0   0 |     CAG   1   1   1   1   1   1 |     CGG   0   0   0   0   0   0
--------------------------------------------------------------------------------------------------------------------------------------
Ile ATT   1   1   1   1   1   1 | Thr ACT   1   1   1   1   1   1 | Asn AAT   0   0   0   0   1   0 | Ser AGT   1   1   1   1   0   0
    ATC   0   0   0   0   0   0 |     ACC   0   1   1   1   1   1 |     AAC   1   1   1   1   1   1 |     AGC   0   0   0   0   0   0
    ATA   0   0   0   0   0   0 |     ACA   0   0   0   0   0   0 | Lys AAA   3   2   2   2   2   2 | Arg AGA   1   1   1   1   1   1
Met ATG   2   3   3   2   3   3 |     ACG   1   0   0   0   0   0 |     AAG   2   2   2   3   2   2 |     AGG   0   0   0   0   0   0
--------------------------------------------------------------------------------------------------------------------------------------
Val GTT   0   0   0   0   0   0 | Ala GCT   1   1   1   1   1   1 | Asp GAT   1   1   1   1   1   1 | Gly GGT   0   0   0   0   0   1
    GTC   0   0   0   0   0   0 |     GCC   1   0   0   0   0   0 |     GAC   3   3   3   3   3   3 |     GGC   0   0   0   0   0   0
    GTA   0   0   0   0   0   0 |     GCA   0   0   0   0   0   0 | Glu GAA   4   5   5   5   5   5 |     GGA   0   0   0   0   0   0
    GTG   2   2   2   2   2   2 |     GCG   0   0   0   0   0   0 |     GAG   0   0   0   0   0   0 |     GGG   1   1   1   1   1   1
--------------------------------------------------------------------------------------------------------------------------------------

--------------------------------------------------------------------------------------------------------------------------------------
Phe TTT   1   1   1   1   1   1 | Ser TCT   0   0   0   0   0   0 | Tyr TAT   0   0   0   0   0   0 | Cys TGT   0   0   0   0   0   0
    TTC   0   0   1   0   0   0 |     TCC   0   0   0   0   0   0 |     TAC   1   1   1   1   1   1 |     TGC   0   0   0   0   0   0
Leu TTA   2   2   1   2   2   2 |     TCA   0   0   0   0   0   0 | *** TAA   0   0   0   0   0   0 | *** TGA   0   0   0   0   0   0
    TTG   0   0   0   0   0   0 |     TCG   0   0   0   0   0   0 |     TAG   0   0   0   0   0   0 | Trp TGG   0   0   0   0   0   0
--------------------------------------------------------------------------------------------------------------------------------------
Leu CTT   1   1   1   1   1   1 | Pro CCT   0   0   0   0   0   0 | His CAT   0   0   0   0   0   0 | Arg CGT   0   0   0   0   0   0
    CTC   0   0   0   0   0   0 |     CCC   0   0   0   0   0   0 |     CAC   0   0   0   0   0   0 |     CGC   0   0   0   0   0   0
    CTA   0   0   0   0   0   0 |     CCA   1   1   1   1   1   1 | Gln CAA   0   0   0   0   0   0 |     CGA   0   0   0   0   0   0
    CTG   1   1   1   1   1   1 |     CCG   0   0   0   0   0   0 |     CAG   1   1   1   1   1   1 |     CGG   0   0   0   0   0   0
--------------------------------------------------------------------------------------------------------------------------------------
Ile ATT   1   1   1   1   1   1 | Thr ACT   1   1   1   1   1   1 | Asn AAT   0   0   0   0   0   0 | Ser AGT   0   1   0   1   1   1
    ATC   0   0   0   0   0   0 |     ACC   1   1   1   1   1   1 |     AAC   1   1   1   1   1   1 |     AGC   0   0   0   0   0   0
    ATA   0   0   0   0   0   0 |     ACA   0   0   0   0   0   0 | Lys AAA   2   2   2   2   2   3 | Arg AGA   1   1   1   1   1   1
Met ATG   3   3   3   3   3   3 |     ACG   0   0   0   0   0   0 |     AAG   2   2   2   2   2   2 |     AGG   0   0   0   0   0   0
--------------------------------------------------------------------------------------------------------------------------------------
Val GTT   0   0   0   0   0   0 | Ala GCT   1   1   1   1   1   1 | Asp GAT   1   1   1   1   1   1 | Gly GGT   1   0   1   0   0   0
    GTC   0   0   0   0   0   0 |     GCC   0   0   0   0   0   0 |     GAC   3   3   3   3   3   3 |     GGC   0   0   0   0   0   0
    GTA   0   0   0   0   0   0 |     GCA   0   0   0   0   0   0 | Glu GAA   5   5   5   5   5   4 |     GGA   0   0   0   0   0   0
    GTG   2   2   2   2   2   2 |     GCG   0   0   0   0   0   0 |     GAG   0   0   0   0   0   0 |     GGG   1   1   1   1   1   1
--------------------------------------------------------------------------------------------------------------------------------------

--------------------------------------------------------------------------------------------------------------------------------------
Phe TTT   1   1   1   1   1   1 | Ser TCT   0   0   0   0   0   0 | Tyr TAT   0   0   0   0   0   0 | Cys TGT   0   0   0   0   0   0
    TTC   0   0   0   0   0   0 |     TCC   0   0   0   0   0   0 |     TAC   1   1   1   1   1   1 |     TGC   0   0   0   0   0   0
Leu TTA   2   2   2   2   2   2 |     TCA   0   0   0   0   0   0 | *** TAA   0   0   0   0   0   0 | *** TGA   0   0   0   0   0   0
    TTG   0   0   0   0   0   0 |     TCG   0   0   0   0   0   0 |     TAG   0   0   0   0   0   0 | Trp TGG   0   0   0   0   0   0
--------------------------------------------------------------------------------------------------------------------------------------
Leu CTT   1   1   1   1   1   1 | Pro CCT   0   0   0   0   0   0 | His CAT   0   0   0   0   0   0 | Arg CGT   0   0   0   0   0   0
    CTC   0   0   0   0   0   0 |     CCC   0   0   0   0   0   0 |     CAC   0   0   0   0   0   0 |     CGC   0   0   0   0   0   0
    CTA   0   0   0   0   0   0 |     CCA   0   1   1   1   1   1 | Gln CAA   0   0   0   0   0   0 |     CGA   0   0   0   0   0   0
    CTG   1   1   1   1   1   1 |     CCG   1   0   0   0   0   0 |     CAG   1   1   1   1   1   1 |     CGG   0   0   0   0   0   0
--------------------------------------------------------------------------------------------------------------------------------------
Ile ATT   1   1   1   1   1   1 | Thr ACT   1   1   1   1   1   1 | Asn AAT   0   0   0   0   0   0 | Ser AGT   1   1   1   1   1   1
    ATC   0   0   0   0   0   0 |     ACC   1   0   1   1   1   1 |     AAC   1   1   1   1   1   1 |     AGC   0   0   0   0   0   0
    ATA   0   0   0   0   0   0 |     ACA   0   0   0   0   0   0 | Lys AAA   2   3   3   3   2   3 | Arg AGA   1   1   1   1   1   1
Met ATG   3   3   3   3   3   3 |     ACG   0   0   0   0   0   0 |     AAG   2   2   2   2   2   1 |     AGG   0   0   0   0   0   0
--------------------------------------------------------------------------------------------------------------------------------------
Val GTT   0   0   0   0   0   0 | Ala GCT   1   1   1   1   1   1 | Asp GAT   1   1   1   1   1   1 | Gly GGT   0   0   0   0   0   0
    GTC   0   0   0   0   0   0 |     GCC   0   1   0   0   0   0 |     GAC   3   3   3   3   3   3 |     GGC   0   0   0   0   0   0
    GTA   0   0   0   0   0   0 |     GCA   0   0   0   0   0   0 | Glu GAA   5   4   4   4   5   5 |     GGA   0   0   0   0   0   0
    GTG   2   2   2   2   2   2 |     GCG   0   0   0   0   0   0 |     GAG   0   0   0   0   0   0 |     GGG   1   1   1   1   1   1
--------------------------------------------------------------------------------------------------------------------------------------

--------------------------------------------------------------------------------------------------------------------------------------
Phe TTT   1   1   1   1   1   1 | Ser TCT   0   0   0   0   0   0 | Tyr TAT   0   0   0   0   0   0 | Cys TGT   0   0   0   0   0   0
    TTC   0   0   0   0   0   0 |     TCC   0   0   0   0   0   0 |     TAC   1   1   1   1   1   1 |     TGC   0   0   0   0   0   0
Leu TTA   2   2   2   2   2   2 |     TCA   0   0   0   0   0   0 | *** TAA   0   0   0   0   0   0 | *** TGA   0   0   0   0   0   0
    TTG   0   0   0   0   0   0 |     TCG   0   0   0   0   0   0 |     TAG   0   0   0   0   0   0 | Trp TGG   0   0   0   0   0   0
--------------------------------------------------------------------------------------------------------------------------------------
Leu CTT   1   1   1   1   1   1 | Pro CCT   0   0   0   0   0   0 | His CAT   0   0   0   0   0   0 | Arg CGT   0   0   0   0   0   0
    CTC   0   0   0   0   0   0 |     CCC   0   0   0   0   0   0 |     CAC   0   0   0   0   0   0 |     CGC   0   0   0   0   0   0
    CTA   0   0   0   0   0   0 |     CCA   1   1   1   1   1   1 | Gln CAA   0   0   0   0   0   0 |     CGA   0   0   0   0   0   0
    CTG   1   1   1   1   1   1 |     CCG   0   0   0   0   0   0 |     CAG   1   1   1   1   1   1 |     CGG   0   0   0   0   0   0
--------------------------------------------------------------------------------------------------------------------------------------
Ile ATT   1   1   1   1   1   1 | Thr ACT   1   1   0   1   1   1 | Asn AAT   0   0   0   0   0   0 | Ser AGT   1   0   1   1   1   1
    ATC   0   0   0   0   0   0 |     ACC   1   1   2   1   1   1 |     AAC   1   1   1   1   1   1 |     AGC   0   0   0   0   0   0
    ATA   0   0   0   0   0   0 |     ACA   0   0   0   0   0   0 | Lys AAA   2   2   2   3   2   2 | Arg AGA   1   1   1   1   1   1
Met ATG   3   3   3   3   3   3 |     ACG   0   0   0   0   0   0 |     AAG   2   2   2   2   2   2 |     AGG   0   0   0   0   0   0
--------------------------------------------------------------------------------------------------------------------------------------
Val GTT   0   0   0   0   0   0 | Ala GCT   1   1   1   1   1   1 | Asp GAT   1   1   1   1   1   1 | Gly GGT   0   1   0   0   0   0
    GTC   0   0   0   0   0   0 |     GCC   0   0   0   0   0   0 |     GAC   3   3   3   3   3   3 |     GGC   0   0   0   0   0   0
    GTA   0   0   0   0   0   0 |     GCA   0   0   0   0   0   0 | Glu GAA   5   5   4   4   5   5 |     GGA   0   1   0   0   0   0
    GTG   2   2   2   2   2   2 |     GCG   0   0   0   0   0   0 |     GAG   0   0   1   0   0   0 |     GGG   1   0   1   1   1   1
--------------------------------------------------------------------------------------------------------------------------------------

Codon position x base (3x4) table for each sequence.

#1: Argali         
position  1:    T:0.11765    C:0.11765    A:0.35294    G:0.41176
position  2:    T:0.32353    C:0.11765    A:0.47059    G:0.08824
position  3:    T:0.20588    C:0.20588    A:0.29412    G:0.29412
Average         T:0.21569    C:0.14706    A:0.37255    G:0.26471

#2: LesserMouseDeer
position  1:    T:0.11765    C:0.11765    A:0.38235    G:0.38235
position  2:    T:0.32353    C:0.11765    A:0.47059    G:0.08824
position  3:    T:0.14706    C:0.23529    A:0.32353    G:0.29412
Average         T:0.19608    C:0.15686    A:0.39216    G:0.25490

#3: LesserKudu     
position  1:    T:0.11765    C:0.11765    A:0.38235    G:0.38235
position  2:    T:0.32353    C:0.11765    A:0.47059    G:0.08824
position  3:    T:0.20588    C:0.17647    A:0.32353    G:0.29412
Average         T:0.21569    C:0.13725    A:0.39216    G:0.25490

#4: ForestMuskDeer2
position  1:    T:0.11765    C:0.11765    A:0.41176    G:0.35294
position  2:    T:0.32353    C:0.11765    A:0.47059    G:0.08824
position  3:    T:0.20588    C:0.17647    A:0.32353    G:0.29412
Average         T:0.21569    C:0.13725    A:0.40196    G:0.24510

#5: Camel          
position  1:    T:0.11765    C:0.11765    A:0.38235    G:0.38235
position  2:    T:0.32353    C:0.11765    A:0.47059    G:0.08824
position  3:    T:0.20588    C:0.17647    A:0.35294    G:0.26471
Average         T:0.21569    C:0.13725    A:0.40196    G:0.24510

#6: KillerWhale    
position  1:    T:0.11765    C:0.11765    A:0.38235    G:0.38235
position  2:    T:0.32353    C:0.08824    A:0.50000    G:0.08824
position  3:    T:0.20588    C:0.17647    A:0.35294    G:0.26471
Average         T:0.21569    C:0.12745    A:0.41176    G:0.24510

#7: DefassaWaterbuck
position  1:    T:0.11765    C:0.11765    A:0.38235    G:0.38235
position  2:    T:0.32353    C:0.11765    A:0.47059    G:0.08824
position  3:    T:0.20588    C:0.17647    A:0.32353    G:0.29412
Average         T:0.21569    C:0.13725    A:0.39216    G:0.25490

#8: Sheep          
position  1:    T:0.11765    C:0.11765    A:0.35294    G:0.41176
position  2:    T:0.32353    C:0.11765    A:0.47059    G:0.08824
position  3:    T:0.20588    C:0.20588    A:0.29412    G:0.29412
Average         T:0.21569    C:0.14706    A:0.37255    G:0.26471

#9: MaxwellsDuiker 
position  1:    T:0.11765    C:0.11765    A:0.38235    G:0.38235
position  2:    T:0.32353    C:0.11765    A:0.47059    G:0.08824
position  3:    T:0.20588    C:0.17647    A:0.32353    G:0.29412
Average         T:0.21569    C:0.13725    A:0.39216    G:0.25490

#10: GazellaPrzewalskyi
position  1:    T:0.11765    C:0.11765    A:0.38235    G:0.38235
position  2:    T:0.32353    C:0.11765    A:0.44118    G:0.11765
position  3:    T:0.20588    C:0.17647    A:0.32353    G:0.29412
Average         T:0.21569    C:0.13725    A:0.38235    G:0.26471

#11: MountainNyala  
position  1:    T:0.11765    C:0.11765    A:0.38235    G:0.38235
position  2:    T:0.35294    C:0.11765    A:0.44118    G:0.08824
position  3:    T:0.20588    C:0.17647    A:0.32353    G:0.29412
Average         T:0.22549    C:0.13725    A:0.38235    G:0.25490

#12: MuntiacusMuntjak
position  1:    T:0.11765    C:0.11765    A:0.41176    G:0.35294
position  2:    T:0.32353    C:0.11765    A:0.47059    G:0.08824
position  3:    T:0.20588    C:0.17647    A:0.32353    G:0.29412
Average         T:0.21569    C:0.13725    A:0.40196    G:0.24510

#13: goat           
position  1:    T:0.11765    C:0.11765    A:0.35294    G:0.41176
position  2:    T:0.32353    C:0.11765    A:0.47059    G:0.08824
position  3:    T:0.20588    C:0.20588    A:0.29412    G:0.29412
Average         T:0.21569    C:0.14706    A:0.37255    G:0.26471

#14: AfricanBuffalo 
position  1:    T:0.11765    C:0.11765    A:0.38235    G:0.38235
position  2:    T:0.32353    C:0.11765    A:0.44118    G:0.11765
position  3:    T:0.20588    C:0.17647    A:0.32353    G:0.29412
Average         T:0.21569    C:0.13725    A:0.38235    G:0.26471

#15: Topi           
position  1:    T:0.11765    C:0.11765    A:0.35294    G:0.41176
position  2:    T:0.32353    C:0.11765    A:0.47059    G:0.08824
position  3:    T:0.20588    C:0.17647    A:0.32353    G:0.29412
Average         T:0.21569    C:0.13725    A:0.38235    G:0.26471

#16: CommonDuiker   
position  1:    T:0.11765    C:0.11765    A:0.38235    G:0.38235
position  2:    T:0.32353    C:0.11765    A:0.47059    G:0.08824
position  3:    T:0.20588    C:0.17647    A:0.32353    G:0.29412
Average         T:0.21569    C:0.13725    A:0.39216    G:0.25490

#17: Suni           
position  1:    T:0.11765    C:0.11765    A:0.38235    G:0.38235
position  2:    T:0.32353    C:0.11765    A:0.47059    G:0.08824
position  3:    T:0.20588    C:0.17647    A:0.35294    G:0.26471
Average         T:0.21569    C:0.13725    A:0.40196    G:0.24510

#18: Springbuck     
position  1:    T:0.11765    C:0.11765    A:0.38235    G:0.38235
position  2:    T:0.32353    C:0.11765    A:0.47059    G:0.08824
position  3:    T:0.20588    C:0.17647    A:0.32353    G:0.29412
Average         T:0.21569    C:0.13725    A:0.39216    G:0.25490

#19: Okapi          
position  1:    T:0.11765    C:0.11765    A:0.38235    G:0.38235
position  2:    T:0.32353    C:0.11765    A:0.47059    G:0.08824
position  3:    T:0.20588    C:0.17647    A:0.32353    G:0.29412
Average         T:0.21569    C:0.13725    A:0.39216    G:0.25490

#20: Giraffe        
position  1:    T:0.11765    C:0.11765    A:0.38235    G:0.38235
position  2:    T:0.32353    C:0.11765    A:0.47059    G:0.08824
position  3:    T:0.20588    C:0.17647    A:0.32353    G:0.29412
Average         T:0.21569    C:0.13725    A:0.39216    G:0.25490

#21: TibetanAntelope
position  1:    T:0.11765    C:0.11765    A:0.35294    G:0.41176
position  2:    T:0.32353    C:0.11765    A:0.47059    G:0.08824
position  3:    T:0.20588    C:0.20588    A:0.29412    G:0.29412
Average         T:0.21569    C:0.14706    A:0.37255    G:0.26471

#22: Sitatunga      
position  1:    T:0.11765    C:0.11765    A:0.38235    G:0.38235
position  2:    T:0.32353    C:0.11765    A:0.47059    G:0.08824
position  3:    T:0.20588    C:0.17647    A:0.32353    G:0.29412
Average         T:0.21569    C:0.13725    A:0.39216    G:0.25490

#23: Oribi          
position  1:    T:0.11765    C:0.11765    A:0.38235    G:0.38235
position  2:    T:0.32353    C:0.11765    A:0.47059    G:0.08824
position  3:    T:0.20588    C:0.17647    A:0.32353    G:0.29412
Average         T:0.21569    C:0.13725    A:0.39216    G:0.25490

#24: BarbarySheep   
position  1:    T:0.11765    C:0.11765    A:0.35294    G:0.41176
position  2:    T:0.32353    C:0.11765    A:0.47059    G:0.08824
position  3:    T:0.20588    C:0.20588    A:0.29412    G:0.29412
Average         T:0.21569    C:0.14706    A:0.37255    G:0.26471

#25: Daviddeer      
position  1:    T:0.11765    C:0.11765    A:0.38235    G:0.38235
position  2:    T:0.32353    C:0.11765    A:0.47059    G:0.08824
position  3:    T:0.23529    C:0.14706    A:0.29412    G:0.32353
Average         T:0.22549    C:0.12745    A:0.38235    G:0.26471

#26: Reindeer       
position  1:    T:0.11765    C:0.11765    A:0.41176    G:0.35294
position  2:    T:0.32353    C:0.11765    A:0.47059    G:0.08824
position  3:    T:0.20588    C:0.17647    A:0.32353    G:0.29412
Average         T:0.21569    C:0.13725    A:0.40196    G:0.24510

#27: Ibex           
position  1:    T:0.11765    C:0.11765    A:0.35294    G:0.41176
position  2:    T:0.32353    C:0.11765    A:0.47059    G:0.08824
position  3:    T:0.20588    C:0.20588    A:0.29412    G:0.29412
Average         T:0.21569    C:0.14706    A:0.37255    G:0.26471

#28: GyrantGazelle  
position  1:    T:0.11765    C:0.11765    A:0.38235    G:0.38235
position  2:    T:0.32353    C:0.11765    A:0.47059    G:0.08824
position  3:    T:0.20588    C:0.17647    A:0.32353    G:0.29412
Average         T:0.21569    C:0.13725    A:0.39216    G:0.25490

#29: Hartebeest     
position  1:    T:0.11765    C:0.11765    A:0.35294    G:0.41176
position  2:    T:0.32353    C:0.11765    A:0.47059    G:0.08824
position  3:    T:0.20588    C:0.17647    A:0.32353    G:0.29412
Average         T:0.21569    C:0.13725    A:0.38235    G:0.26471

#30: Bongo          
position  1:    T:0.11765    C:0.11765    A:0.38235    G:0.38235
position  2:    T:0.32353    C:0.11765    A:0.47059    G:0.08824
position  3:    T:0.20588    C:0.17647    A:0.35294    G:0.26471
Average         T:0.21569    C:0.13725    A:0.40196    G:0.24510

#31: Gerenuk        
position  1:    T:0.11765    C:0.11765    A:0.38235    G:0.38235
position  2:    T:0.29412    C:0.14706    A:0.47059    G:0.08824
position  3:    T:0.20588    C:0.17647    A:0.32353    G:0.29412
Average         T:0.20588    C:0.14706    A:0.39216    G:0.25490

#32: CommonEland    
position  1:    T:0.11765    C:0.11765    A:0.38235    G:0.38235
position  2:    T:0.32353    C:0.11765    A:0.47059    G:0.08824
position  3:    T:0.20588    C:0.17647    A:0.32353    G:0.29412
Average         T:0.21569    C:0.13725    A:0.39216    G:0.25490

#33: MuntiacusReevesi
position  1:    T:0.11765    C:0.11765    A:0.38235    G:0.38235
position  2:    T:0.32353    C:0.11765    A:0.47059    G:0.08824
position  3:    T:0.20588    C:0.17647    A:0.32353    G:0.29412
Average         T:0.21569    C:0.13725    A:0.39216    G:0.25490

#34: HarveysDuiker  
position  1:    T:0.11765    C:0.11765    A:0.38235    G:0.38235
position  2:    T:0.29412    C:0.11765    A:0.50000    G:0.08824
position  3:    T:0.20588    C:0.17647    A:0.32353    G:0.29412
Average         T:0.20588    C:0.13725    A:0.40196    G:0.25490

#35: Pronghorn      
position  1:    T:0.11765    C:0.11765    A:0.38235    G:0.38235
position  2:    T:0.32353    C:0.11765    A:0.50000    G:0.05882
position  3:    T:0.20588    C:0.17647    A:0.32353    G:0.29412
Average         T:0.21569    C:0.13725    A:0.40196    G:0.24510

#36: BlueWildebeest 
position  1:    T:0.11765    C:0.11765    A:0.35294    G:0.41176
position  2:    T:0.32353    C:0.11765    A:0.47059    G:0.08824
position  3:    T:0.20588    C:0.17647    A:0.32353    G:0.29412
Average         T:0.21569    C:0.13725    A:0.38235    G:0.26471

#37: Gemsbok        
position  1:    T:0.11765    C:0.11765    A:0.35294    G:0.41176
position  2:    T:0.32353    C:0.11765    A:0.47059    G:0.08824
position  3:    T:0.20588    C:0.17647    A:0.32353    G:0.29412
Average         T:0.21569    C:0.13725    A:0.38235    G:0.26471

#38: Yak            
position  1:    T:0.11765    C:0.11765    A:0.38235    G:0.38235
position  2:    T:0.32353    C:0.11765    A:0.47059    G:0.08824
position  3:    T:0.20588    C:0.17647    A:0.32353    G:0.29412
Average         T:0.21569    C:0.13725    A:0.39216    G:0.25490

#39: BlueSheep      
position  1:    T:0.11765    C:0.11765    A:0.35294    G:0.41176
position  2:    T:0.32353    C:0.11765    A:0.47059    G:0.08824
position  3:    T:0.20588    C:0.20588    A:0.29412    G:0.29412
Average         T:0.21569    C:0.14706    A:0.37255    G:0.26471

#40: BohorReedbuck  
position  1:    T:0.11765    C:0.11765    A:0.38235    G:0.38235
position  2:    T:0.32353    C:0.11765    A:0.47059    G:0.08824
position  3:    T:0.20588    C:0.17647    A:0.32353    G:0.29412
Average         T:0.21569    C:0.13725    A:0.39216    G:0.25490

#41: KirksDik       
position  1:    T:0.11765    C:0.11765    A:0.38235    G:0.38235
position  2:    T:0.32353    C:0.11765    A:0.47059    G:0.08824
position  3:    T:0.20588    C:0.17647    A:0.32353    G:0.29412
Average         T:0.21569    C:0.13725    A:0.39216    G:0.25490

#42: RoeDeer        
position  1:    T:0.11765    C:0.11765    A:0.41176    G:0.35294
position  2:    T:0.32353    C:0.11765    A:0.47059    G:0.08824
position  3:    T:0.20588    C:0.17647    A:0.32353    G:0.29412
Average         T:0.21569    C:0.13725    A:0.40196    G:0.24510

#43: WhiteLippedDeer
position  1:    T:0.11765    C:0.11765    A:0.38235    G:0.38235
position  2:    T:0.32353    C:0.11765    A:0.47059    G:0.08824
position  3:    T:0.20588    C:0.17647    A:0.29412    G:0.32353
Average         T:0.21569    C:0.13725    A:0.38235    G:0.26471

#44: ThomsonGazelle 
position  1:    T:0.11765    C:0.11765    A:0.38235    G:0.38235
position  2:    T:0.32353    C:0.11765    A:0.47059    G:0.08824
position  3:    T:0.20588    C:0.17647    A:0.32353    G:0.29412
Average         T:0.21569    C:0.13725    A:0.39216    G:0.25490

#45: MuntiacusCrinifrons
position  1:    T:0.11765    C:0.11765    A:0.41176    G:0.35294
position  2:    T:0.32353    C:0.11765    A:0.47059    G:0.08824
position  3:    T:0.20588    C:0.17647    A:0.32353    G:0.29412
Average         T:0.21569    C:0.13725    A:0.40196    G:0.24510

#46: WhiteTailedDeer
position  1:    T:0.11765    C:0.11765    A:0.41176    G:0.35294
position  2:    T:0.32353    C:0.11765    A:0.47059    G:0.08824
position  3:    T:0.20588    C:0.17647    A:0.32353    G:0.29412
Average         T:0.21569    C:0.13725    A:0.40196    G:0.24510

#47: Cattle         
position  1:    T:0.11765    C:0.11765    A:0.38235    G:0.38235
position  2:    T:0.32353    C:0.11765    A:0.47059    G:0.08824
position  3:    T:0.20588    C:0.17647    A:0.32353    G:0.29412
Average         T:0.21569    C:0.13725    A:0.39216    G:0.25490

#48: RoyalAntelope  
position  1:    T:0.11765    C:0.11765    A:0.38235    G:0.38235
position  2:    T:0.32353    C:0.11765    A:0.47059    G:0.08824
position  3:    T:0.20588    C:0.17647    A:0.35294    G:0.26471
Average         T:0.21569    C:0.13725    A:0.40196    G:0.24510

#49: Steenbok       
position  1:    T:0.11765    C:0.11765    A:0.38235    G:0.38235
position  2:    T:0.32353    C:0.11765    A:0.47059    G:0.08824
position  3:    T:0.20588    C:0.17647    A:0.32353    G:0.29412
Average         T:0.21569    C:0.13725    A:0.39216    G:0.25490

#50: Impala         
position  1:    T:0.11765    C:0.11765    A:0.35294    G:0.41176
position  2:    T:0.32353    C:0.11765    A:0.47059    G:0.08824
position  3:    T:0.20588    C:0.17647    A:0.35294    G:0.26471
Average         T:0.21569    C:0.13725    A:0.39216    G:0.25490

#51: Klipspringer   
position  1:    T:0.11765    C:0.11765    A:0.38235    G:0.38235
position  2:    T:0.32353    C:0.11765    A:0.47059    G:0.08824
