CODONML (in paml version 4.10.7, June 2023)  /home/rachel/ruminants_paml/6406-phy-tree/ENSBTAT00000035255.fasta.phy
Model: free dN/dS Ratios for branches,  kappa = 2.000 fixed

Codon frequency model: F3x4
ns =  54  ls = 255

Codon usage in sequences
--------------------------------------------------------------------------------------------------------------------------------------
Phe TTT  10  12  10  11  12  12 | Ser TCT   2   3   2   2   2   2 | Tyr TAT   5   4   5   5   4   5 | Cys TGT   3   3   3   3   3   3
    TTC   6   4   6   5   4   4 |     TCC   0   0   1   1   1   1 |     TAC   5   6   5   5   6   5 |     TGC   0   0   0   0   0   0
Leu TTA   1   2   1   1   1   1 |     TCA   5   4   4   4   4   4 | *** TAA   0   0   0   0   0   0 | *** TGA   0   0   0   0   0   0
    TTG   5   4   5   5   5   5 |     TCG   0   0   0   0   0   0 |     TAG   0   0   0   0   0   0 | Trp TGG   2   2   2   2   2   2
--------------------------------------------------------------------------------------------------------------------------------------
Leu CTT   4   4   4   4   3   4 | Pro CCT   2   3   2   2   3   2 | His CAT   3   3   3   3   3   3 | Arg CGT   0   0   0   0   0   0
    CTC   4   4   4   4   4   3 |     CCC   2   1   2   2   1   2 |     CAC   1   1   1   1   1   1 |     CGC   0   0   0   0   0   0
    CTA   4   3   4   4   4   4 |     CCA   3   4   4   4   4   4 | Gln CAA   5   5   5   5   5   5 |     CGA   3   2   3   3   2   2
    CTG   6   7   6   6   7   7 |     CCG   1   0   0   0   0   0 |     CAG   4   4   4   4   4   4 |     CGG   1   1   1   1   2   2
--------------------------------------------------------------------------------------------------------------------------------------
Ile ATT   8   8   9   9   9   9 | Thr ACT   2   2   1   2   3   3 | Asn AAT   4   5   5   5   5   5 | Ser AGT   2   2   3   2   2   2
    ATC   5   3   4   4   4   3 |     ACC   0   0   1   0   0   0 |     AAC   4   3   3   3   3   3 |     AGC   4   4   3   4   4   4
    ATA   3   5   3   3   3   4 |     ACA   9  10   9  11   9  10 | Lys AAA  10  13  10  10  11  13 | Arg AGA   2   2   2   2   2   2
Met ATG   3   3   3   3   3   3 |     ACG   3   2   3   1   2   1 |     AAG  12   9  12  12  11   9 |     AGG   1   2   1   1   1   1
--------------------------------------------------------------------------------------------------------------------------------------
Val GTT   6   6   6   6   6   6 | Ala GCT   8   9   9   8   9   9 | Asp GAT  13  13  13  13  12  13 | Gly GGT   5   5   5   5   6   5
    GTC   3   3   3   3   2   2 |     GCC   2   1   1   2   1   1 |     GAC  10  10  10  10  11  10 |     GGC   3   3   3   3   2   3
    GTA   4   4   4   4   4   4 |     GCA   2   2   2   2   2   2 | Glu GAA  13  15  13  13  14  13 |     GGA  12  12  12  12  12  12
    GTG   5   5   5   5   6   6 |     GCG   0   0   0   0   0   0 |     GAG   9   7   9   9   8   9 |     GGG   1   1   1   1   1   1
--------------------------------------------------------------------------------------------------------------------------------------

--------------------------------------------------------------------------------------------------------------------------------------
Phe TTT  10  10  10  10  10  10 | Ser TCT   2   2   2   2   2   2 | Tyr TAT   4   5   5   5   4   5 | Cys TGT   3   3   3   3   3   3
    TTC   6   6   6   6   6   6 |     TCC   0   0   0   0   1   1 |     TAC   6   5   5   5   6   5 |     TGC   0   0   0   0   0   0
Leu TTA   1   1   1   1   1   1 |     TCA   5   5   5   5   4   4 | *** TAA   0   0   0   0   0   0 | *** TGA   0   0   0   0   0   0
    TTG   5   5   5   5   5   5 |     TCG   0   0   0   0   0   0 |     TAG   0   0   0   0   0   0 | Trp TGG   2   2   2   2   2   2
--------------------------------------------------------------------------------------------------------------------------------------
Leu CTT   4   4   4   4   4   4 | Pro CCT   2   2   2   2   2   2 | His CAT   3   3   3   3   3   3 | Arg CGT   0   0   0   0   0   0
    CTC   4   4   4   4   4   5 |     CCC   2   2   2   2   2   2 |     CAC   1   1   1   1   1   1 |     CGC   0   0   0   0   0   0
    CTA   4   4   4   4   4   3 |     CCA   4   3   4   4   4   4 | Gln CAA   5   5   5   6   5   5 |     CGA   3   3   3   3   3   3
    CTG   6   6   6   6   6   6 |     CCG   0   1   0   0   0   0 |     CAG   4   4   4   3   4   4 |     CGG   1   1   1   1   1   1
--------------------------------------------------------------------------------------------------------------------------------------
Ile ATT   8   8   8   8   9   9 | Thr ACT   2   2   3   2   1   3 | Asn AAT   4   4   4   4   5   5 | Ser AGT   2   2   2   2   3   2
    ATC   5   5   5   5   4   4 |     ACC   0   0   0   1   1   0 |     AAC   4   4   4   4   3   3 |     AGC   4   4   4   4   3   4
    ATA   3   3   3   3   3   3 |     ACA   9   9   9   8  10  10 | Lys AAA  10  10  10  10  10  10 | Arg AGA   2   2   2   2   2   2
Met ATG   3   3   3   3   3   3 |     ACG   3   3   2   3   2   1 |     AAG  12  12  12  12  12  12 |     AGG   1   1   1   1   1   1
--------------------------------------------------------------------------------------------------------------------------------------
Val GTT   6   6   6   6   6   6 | Ala GCT   8   8   8   8   8   8 | Asp GAT  14  13  12  13  13  13 | Gly GGT   5   5   5   5   5   5
    GTC   3   3   3   3   3   3 |     GCC   2   2   2   2   2   2 |     GAC   9  10  11  10  10  10 |     GGC   3   3   3   3   3   3
    GTA   4   4   4   4   4   4 |     GCA   2   2   2   2   2   2 | Glu GAA  13  13  13  13  13  13 |     GGA  12  12  12  12  12  12
    GTG   5   5   5   5   5   5 |     GCG   0   0   0   0   0   0 |     GAG   9   9   9   9   9   9 |     GGG   1   1   1   1   1   1
--------------------------------------------------------------------------------------------------------------------------------------

--------------------------------------------------------------------------------------------------------------------------------------
Phe TTT  10  10  11  10  11  10 | Ser TCT   2   2   2   3   2   2 | Tyr TAT   5   5   5   5   4   5 | Cys TGT   3   3   3   3   3   3
    TTC   6   6   5   6   5   6 |     TCC   0   1   0   0   1   0 |     TAC   5   5   5   5   6   5 |     TGC   0   0   0   0   0   0
Leu TTA   1   1   1   1   1   1 |     TCA   5   4   5   4   4   5 | *** TAA   0   0   0   0   0   0 | *** TGA   0   0   0   0   0   0
    TTG   5   5   4   5   5   5 |     TCG   0   0   0   0   0   0 |     TAG   0   0   0   0   0   0 | Trp TGG   2   2   2   2   2   2
--------------------------------------------------------------------------------------------------------------------------------------
Leu CTT   4   4   4   4   4   5 | Pro CCT   2   2   2   2   2   2 | His CAT   3   3   3   3   3   3 | Arg CGT   0   0   0   0   0   0
    CTC   4   4   4   4   4   3 |     CCC   2   2   2   2   2   2 |     CAC   1   1   1   1   1   1 |     CGC   0   0   0   0   0   0
    CTA   4   4   4   3   3   4 |     CCA   4   4   4   4   4   4 | Gln CAA   5   5   5   5   5   6 |     CGA   3   3   3   3   3   3
    CTG   6   6   7   7   7   6 |     CCG   0   0   0   0   0   0 |     CAG   4   4   4   4   4   3 |     CGG   1   1   1   1   1   1
--------------------------------------------------------------------------------------------------------------------------------------
Ile ATT   8   8   8   8   8   8 | Thr ACT   2   2   2   3   2   2 | Asn AAT   4   5   4   4   5   4 | Ser AGT   2   2   2   2   2   2
    ATC   5   4   5   6   5   5 |     ACC   0   0   0   1   0   1 |     AAC   4   3   4   4   2   4 |     AGC   4   4   4   3   6   4
    ATA   3   4   3   2   3   3 |     ACA   9   9   9   9  10   8 | Lys AAA  10  10  10  10  10   9 | Arg AGA   2   2   2   2   2   2
Met ATG   3   3   3   3   3   3 |     ACG   3   3   3   2   2   3 |     AAG  12  12  12  12  12  13 |     AGG   1   1   1   1   0   1
--------------------------------------------------------------------------------------------------------------------------------------
Val GTT   6   5   6   5   6   6 | Ala GCT   8   8   8   9   8   8 | Asp GAT  13  14  13  12  13  13 | Gly GGT   5   5   5   5   5   5
    GTC   3   3   3   3   3   3 |     GCC   2   2   2   2   2   2 |     GAC  10   9  10  10  10  10 |     GGC   3   3   3   4   3   3
    GTA   4   4   4   4   4   4 |     GCA   2   2   2   2   2   2 | Glu GAA  13  13  13  13  13  13 |     GGA  12  12  12  12  12  12
    GTG   5   6   5   5   5   5 |     GCG   0   0   0   0   0   0 |     GAG   9   9   9   9   9   9 |     GGG   1   1   1   1   1   1
--------------------------------------------------------------------------------------------------------------------------------------

--------------------------------------------------------------------------------------------------------------------------------------
Phe TTT  10  10  10  10  10  10 | Ser TCT   2   2   2   2   2   2 | Tyr TAT   5   5   6   4   5   5 | Cys TGT   3   3   3   3   3   3
    TTC   6   6   6   6   6   6 |     TCC   1   1   0   1   0   0 |     TAC   5   5   4   6   5   5 |     TGC   0   0   0   0   0   0
Leu TTA   1   1   1   1   1   1 |     TCA   4   4   5   4   5   5 | *** TAA   0   0   0   0   0   0 | *** TGA   0   0   0   0   0   0
    TTG   4   5   5   5   5   5 |     TCG   0   0   0   0   0   0 |     TAG   0   0   0   0   0   0 | Trp TGG   2   2   2   2   2   2
--------------------------------------------------------------------------------------------------------------------------------------
Leu CTT   5   4   4   4   4   4 | Pro CCT   2   2   2   2   2   2 | His CAT   3   3   3   3   3   3 | Arg CGT   0   0   0   0   0   0
    CTC   3   4   4   4   4   4 |     CCC   2   2   2   2   2   2 |     CAC   1   1   1   1   1   1 |     CGC   0   0   0   0   0   0
    CTA   4   4   4   4   4   4 |     CCA   4   4   4   4   4   4 | Gln CAA   5   5   5   5   6   5 |     CGA   3   3   3   3   3   3
    CTG   7   6   6   6   6   6 |     CCG   0   0   0   0   0   0 |     CAG   4   4   4   4   3   4 |     CGG   1   1   1   1   1   1
--------------------------------------------------------------------------------------------------------------------------------------
Ile ATT  10   9   8   9   8   8 | Thr ACT   2   2   2   1   2   2 | Asn AAT   5   5   5   5   4   4 | Ser AGT   2   2   2   3   2   2
    ATC   3   3   5   4   5   5 |     ACC   0   0   0   1   1   0 |     AAC   3   3   3   3   4   4 |     AGC   4   4   4   3   4   4
    ATA   3   4   3   3   3   3 |     ACA   9   9   9  10   8   9 | Lys AAA  10  10  10  10  10  10 | Arg AGA   2   2   2   2   2   2
Met ATG   3   3   3   3   3   3 |     ACG   3   3   3   2   3   3 |     AAG  12  12  12  12  12  12 |     AGG   1   1   1   1   1   1
--------------------------------------------------------------------------------------------------------------------------------------
Val GTT   6   6   6   6   6   7 | Ala GCT   8   8   8   8   8   8 | Asp GAT  13  13  13  13  13  13 | Gly GGT   5   5   5   5   5   5
    GTC   3   3   3   3   3   2 |     GCC   2   2   2   2   2   2 |     GAC  10  10  10  10  10  10 |     GGC   3   3   3   3   3   3
    GTA   4   4   4   4   4   4 |     GCA   2   2   2   2   2   2 | Glu GAA  13  14  13  13  13  13 |     GGA  12  12  12  12  12  12
    GTG   5   5   5   5   5   5 |     GCG   0   0   0   0   0   0 |     GAG   9   8   9   9   9   9 |     GGG   1   1   1   1   1   1
--------------------------------------------------------------------------------------------------------------------------------------

--------------------------------------------------------------------------------------------------------------------------------------
Phe TTT  10  11  10  10  11  10 | Ser TCT   2   2   2   2   2   2 | Tyr TAT   5   5   5   5   5   4 | Cys TGT   3   3   3   3   3   3
    TTC   6   5   6   6   5   6 |     TCC   1   1   0   0   0   1 |     TAC   5   5   5   5   5   6 |     TGC   0   0   0   0   0   0
Leu TTA   1   1   1   1   1   1 |     TCA   4   4   5   5   5   4 | *** TAA   0   0   0   0   0   0 | *** TGA   0   0   0   0   0   0
    TTG   4   6   5   5   4   5 |     TCG   1   0   0   0   0   0 |     TAG   0   0   0   0   0   0 | Trp TGG   2   2   2   2   2   2
--------------------------------------------------------------------------------------------------------------------------------------
Leu CTT   4   4   4   4   4   4 | Pro CCT   2   2   2   2   2   2 | His CAT   3   3   3   3   3   3 | Arg CGT   0   0   0   0   0   0
    CTC   4   4   4   4   4   4 |     CCC   2   2   2   2   2   2 |     CAC   1   1   1   1   1   1 |     CGC   0   0   0   0   0   0
    CTA   4   4   4   4   4   4 |     CCA   4   4   4   4   4   4 | Gln CAA   5   5   5   6   5   5 |     CGA   3   3   3   3   3   3
    CTG   6   5   6   6   7   6 |     CCG   0   0   0   0   0   0 |     CAG   5   4   4   3   4   4 |     CGG   1   1   1   1   1   1
--------------------------------------------------------------------------------------------------------------------------------------
Ile ATT   9   9   8   8   8   9 | Thr ACT   3   3   2   2   2   1 | Asn AAT   5   5   4   4   4   5 | Ser AGT   2   2   2   2   2   3
    ATC   4   4   5   5   5   4 |     ACC   0   0   0   1   0   1 |     AAC   4   3   4   4   4   3 |     AGC   4   4   4   4   4   3
    ATA   3   3   3   3   3   3 |     ACA  10  10   9   8   9  10 | Lys AAA   9  10  10   9  10  10 | Arg AGA   2   2   2   2   2   2
Met ATG   3   3   3   3   3   3 |     ACG   1   1   3   3   3   2 |     AAG  12  12  12  13  12  12 |     AGG   1   1   1   1   1   1
--------------------------------------------------------------------------------------------------------------------------------------
Val GTT   6   6   6   6   6   6 | Ala GCT   8   8   8   8   8   8 | Asp GAT  13  12  13  13  13  13 | Gly GGT   5   5   5   5   5   5
    GTC   3   3   3   3   3   3 |     GCC   2   2   2   2   2   2 |     GAC   9  11  10  10  10  10 |     GGC   3   3   3   3   3   3
    GTA   4   4   4   4   4   4 |     GCA   2   2   2   2   2   2 | Glu GAA  13  13  13  13  13  13 |     GGA  12  12  12  12  12  12
    GTG   5   5   5   5   5   5 |     GCG   0   0   0   0   0   0 |     GAG   9   9   9   9   9   9 |     GGG   1   1   1   1   1   1
--------------------------------------------------------------------------------------------------------------------------------------

--------------------------------------------------------------------------------------------------------------------------------------
Phe TTT  10  10  10  10  11  11 | Ser TCT   2   2   2   2   2   2 | Tyr TAT   5   5   5   4   5   5 | Cys TGT   3   3   3   3   3   3
    TTC   6   6   6   6   5   5 |     TCC   0   1   1   0   1   0 |     TAC   5   5   5   6   5   5 |     TGC   0   0   0   0   0   0
Leu TTA   1   1   1   1   1   1 |     TCA   5   4   4   5   4   5 | *** TAA   0   0   0   0   0   0 | *** TGA   0   0   0   0   0   0
    TTG   5   5   5   5   5   5 |     TCG   0   0   0   0   0   0 |     TAG   0   0   0   0   0   0 | Trp TGG   2   2   2   2   2   2
--------------------------------------------------------------------------------------------------------------------------------------
Leu CTT   4   4   5   4   4   4 | Pro CCT   2   2   2   2   2   2 | His CAT   3   3   3   3   3   3 | Arg CGT   0   0   0   0   0   0
    CTC   4   4   4   4   4   4 |     CCC   2   2   2   2   2   2 |     CAC   1   1   1   1   1   1 |     CGC   0   0   0   0   0   0
    CTA   4   4   3   4   4   4 |     CCA   4   4   4   4   4   4 | Gln CAA   6   5   5   5   5   5 |     CGA   3   3   3   3   3   3
    CTG   6   6   6   6   6   6 |     CCG   0   0   0   0   0   0 |     CAG   3   4   4   4   4   4 |     CGG   1   1   1   1   1   1
--------------------------------------------------------------------------------------------------------------------------------------
Ile ATT   8   9   9   8   9   8 | Thr ACT   2   1   3   3   2   2 | Asn AAT   4   5   5   4   5   4 | Ser AGT   2   3   2   2   2   2
    ATC   5   4   4   5   3   5 |     ACC   1   1   0   0   0   0 |     AAC   4   3   3   4   3   4 |     AGC   4   3   4   4   4   4
    ATA   3   3   3   3   4   3 |     ACA   8   9  10   9   9   9 | Lys AAA   9  10  10  10  10  10 | Arg AGA   2   2   2   2   2   2
Met ATG   3   3   3   3   3   3 |     ACG   3   3   1   2   3   3 |     AAG  13  12  12  12  12  12 |     AGG   1   1   1   1   1   1
--------------------------------------------------------------------------------------------------------------------------------------
Val GTT   6   6   6   6   6   6 | Ala GCT   8   8   8   8   8   8 | Asp GAT  13  13  13  12  13  13 | Gly GGT   5   5   5   5   5   5
    GTC   3   3   3   3   3   3 |     GCC   2   2   2   2   2   2 |     GAC  10  10  10  11  10  10 |     GGC   3   3   3   4   3   3
    GTA   4   4   4   4   4   4 |     GCA   2   2   2   2   2   2 | Glu GAA  13  13  13  13  12  13 |     GGA  12  12  12  11  12  12
    GTG   5   5   5   5   5   5 |     GCG   0   0   0   0   0   0 |     GAG   9   9   9   9  10   9 |     GGG   1   1   1   1   1   1
--------------------------------------------------------------------------------------------------------------------------------------

--------------------------------------------------------------------------------------------------------------------------------------
Phe TTT  10  12  10  10  11  11 | Ser TCT   1   2   2   2   2   2 | Tyr TAT   5   5   5   4   5   5 | Cys TGT   3   3   3   3   3   3
    TTC   6   4   6   6   5   5 |     TCC   1   1   0   0   0   1 |     TAC   5   5   5   6   5   5 |     TGC   0   0   0   0   0   0
Leu TTA   1   1   1   1   1   1 |     TCA   5   4   5   5   5   4 | *** TAA   0   0   0   0   0   0 | *** TGA   0   0   0   0   0   0
    TTG   5   5   5   5   5   6 |     TCG   0   0   0   0   0   0 |     TAG   0   0   0   0   0   0 | Trp TGG   2   2   2   2   2   2
--------------------------------------------------------------------------------------------------------------------------------------
Leu CTT   4   5   4   4   4   4 | Pro CCT   2   2   2   2   2   2 | His CAT   3   3   3   3   3   3 | Arg CGT   0   0   0   0   0   0
    CTC   4   3   4   4   4   4 |     CCC   2   2   2   2   2   2 |     CAC   1   1   1   1   1   1 |     CGC   0   0   0   0   0   0
    CTA   4   4   4   4   4   4 |     CCA   4   4   4   4   4   4 | Gln CAA   5   5   5   5   6   5 |     CGA   3   3   3   3   3   3
    CTG   6   6   6   6   6   5 |     CCG   0   0   0   0   0   0 |     CAG   4   4   4   4   3   4 |     CGG   1   1   1   1   1   1
--------------------------------------------------------------------------------------------------------------------------------------
Ile ATT   8   9   8   8   8   9 | Thr ACT   2   3   2   2   2   3 | Asn AAT   4   5   4   4   4   5 | Ser AGT   2   2   2   2   2   2
    ATC   5   4   5   5   6   4 |     ACC   0   0   0   0   1   0 |     AAC   4   3   4   4   4   3 |     AGC   4   4   4   4   4   4
    ATA   3   3   3   3   2   3 |     ACA   9   8   9   9   9  10 | Lys AAA  10  10  10  10   9  10 | Arg AGA   2   2   2   2   2   2
Met ATG   3   3   3   3   3   3 |     ACG   3   3   3   3   2   1 |     AAG  12  12  12  12  13  12 |     AGG   1   1   1   1   1   1
--------------------------------------------------------------------------------------------------------------------------------------
Val GTT   6   6   6   6   6   6 | Ala GCT   8   7   8   8   8   8 | Asp GAT  13  13  13  13  13  13 | Gly GGT   5   5   5   5   5   5
    GTC   3   3   3   3   3   3 |     GCC   2   2   2   2   2   2 |     GAC  10  10  10  10  10  10 |     GGC   3   3   3   3   3   3
    GTA   4   4   4   4   3   4 |     GCA   2   3   2   2   2   2 | Glu GAA  13  13  13  13  14  13 |     GGA  12  12  12  12  12  12
    GTG   5   5   5   5   6   5 |     GCG   0   0   0   0   0   0 |     GAG   9   9   9   9   8   9 |     GGG   1   1   1   1   1   1
--------------------------------------------------------------------------------------------------------------------------------------

--------------------------------------------------------------------------------------------------------------------------------------
Phe TTT  10  11  10  11  12  10 | Ser TCT   2   2   2   2   2   2 | Tyr TAT   5   5   5   5   5   5 | Cys TGT   3   3   3   3   3   3
    TTC   6   5   6   5   4   6 |     TCC   1   0   1   1   1   0 |     TAC   5   5   5   5   5   5 |     TGC   0   0   0   0   0   0
Leu TTA   1   1   1   1   1   1 |     TCA   4   5   4   4   4   5 | *** TAA   0   0   0   0   0   0 | *** TGA   0   0   0   0   0   0
    TTG   5   5   5   5   5   5 |     TCG   0   0   0   0   0   0 |     TAG   0   0   0   0   0   0 | Trp TGG   2   2   2   2   2   2
--------------------------------------------------------------------------------------------------------------------------------------
Leu CTT   4   4   4   4   4   4 | Pro CCT   2   2   2   2   2   2 | His CAT   3   3   3   3   3   3 | Arg CGT   0   0   0   0   0   0
    CTC   4   4   5   4   4   4 |     CCC   2   2   2   2   2   2 |     CAC   1   1   1   1   1   1 |     CGC   0   0   0   0   0   0
    CTA   4   4   3   4   4   5 |     CCA   4   4   4   4   4   4 | Gln CAA   5   6   5   5   5   5 |     CGA   3   3   3   3   3   3
    CTG   6   6   6   6   6   5 |     CCG   0   0   0   0   0   0 |     CAG   4   3   4   4   4   4 |     CGG   1   1   1   1   1   1
--------------------------------------------------------------------------------------------------------------------------------------
Ile ATT   9   8   9   9   9   8 | Thr ACT   3   2   3   3   2   2 | Asn AAT   5   4   5   5   5   4 | Ser AGT   2   2   2   2   2   1
    ATC   4   5   4   4   4   5 |     ACC   0   1   0   0   0   0 |     AAC   3   4   3   3   3   4 |     AGC   4   4   4   4   4   5
    ATA   3   3   3   3   3   3 |     ACA  10   8  10  10   9   9 | Lys AAA  10   9  10  10  10  10 | Arg AGA   2   2   2   2   2   2
Met ATG   3   3   3   3   3   3 |     ACG   1   3   1   1   3   3 |     AAG  12  13  12  12  12  12 |     AGG   1   1   1   1   1   1
--------------------------------------------------------------------------------------------------------------------------------------
Val GTT   6   6   6   6   6   6 | Ala GCT   8   8   8   8   8   7 | Asp GAT  13  13  13  13  13  14 | Gly GGT   5   5   5   5   5   5
    GTC   3   3   3   3   3   3 |     GCC   2   2   2   2   2   2 |     GAC  10  10  10  10  10   9 |     GGC   3   3   3   3   3   3
    GTA   4   4   4   4   4   4 |     GCA   2   2   2   2   2   2 | Glu GAA  13  13  13  13  13  13 |     GGA  12  12  12  12  12  12
    GTG   5   5   5   5   5   5 |     GCG   0   0   0   0   0   1 |     GAG   9   9   9   9   9   9 |     GGG   1   1   1   1   1   1
--------------------------------------------------------------------------------------------------------------------------------------

--------------------------------------------------------------------------------------------------------------------------------------
Phe TTT  11  10  10  11  11  10 | Ser TCT   2   2   2   2   2   2 | Tyr TAT   4   5   5   5   4   4 | Cys TGT   3   3   3   3   3   3
    TTC   5   6   6   5   5   6 |     TCC   0   1   0   1   1   1 |     TAC   6   5   5   5   6   6 |     TGC   0   0   0   0   0   0
Leu TTA   1   1   1   1   1   1 |     TCA   5   4   5   4   4   4 | *** TAA   0   0   0   0   0   0 | *** TGA   0   0   0   0   0   0
    TTG   6   5   5   5   5   5 |     TCG   0   0   0   0   0   0 |     TAG   0   0   0   0   0   0 | Trp TGG   2   2   2   2   2   2
--------------------------------------------------------------------------------------------------------------------------------------
Leu CTT   4   4   4   4   4   4 | Pro CCT   2   2   2   2   2   2 | His CAT   3   3   3   3   3   3 | Arg CGT   0   0   0   0   0   0
    CTC   4   4   4   4   4   4 |     CCC   2   2   2   2   2   2 |     CAC   1   1   1   1   1   1 |     CGC   0   0   0   0   0   0
    CTA   4   4   4   4   4   4 |     CCA   4   4   4   4   4   4 | Gln CAA   6   5   5   5   5   5 |     CGA   3   3   3   3   3   3
    CTG   5   6   6   6   6   6 |     CCG   0   0   0   0   0   0 |     CAG   3   4   4   4   4   4 |     CGG   1   1   1   1   1   1
--------------------------------------------------------------------------------------------------------------------------------------
Ile ATT   8   8   8   9   9   9 | Thr ACT   2   2   2   2   1   1 | Asn AAT   4   5   4   5   5   5 | Ser AGT   2   2   2   2   3   3
    ATC   5   5   5   4   4   4 |     ACC   1   0   0   0   1   1 |     AAC   4   3   4   3   3   3 |     AGC   4   4   4   4   3   3
    ATA   3   3   3   3   3   3 |     ACA   8   8   9  11  10  10 | Lys AAA  10  10  10  10  10  10 | Arg AGA   2   2   2   2   2   2
Met ATG   3   3   3   3   3   3 |     ACG   3   4   3   1   2   2 |     AAG  12  12  12  12  12  12 |     AGG   1   1   1   1   1   1
--------------------------------------------------------------------------------------------------------------------------------------
Val GTT   6   6   6   6   6   6 | Ala GCT   8   8   8   8   8   8 | Asp GAT  13  14  12  13  13  13 | Gly GGT   5   5   5   5   5   5
    GTC   3   3   3   3   3   3 |     GCC   2   2   2   2   2   2 |     GAC  10   9  11  10  10  10 |     GGC   3   3   3   3   3   3
    GTA   4   4   4   4   4   4 |     GCA   2   2   2   2   2   2 | Glu GAA  13  13  13  13  13  13 |     GGA  12  12  12  12  12  12
    GTG   5   5   5   5   5   5 |     GCG   0   0   0   0   0   0 |     GAG   9   9   9   9   9   9 |     GGG   1   1   1   1   1   1
--------------------------------------------------------------------------------------------------------------------------------------

Codon position x base (3x4) table for each sequence.

#1: Argali         
position  1:    T:0.17255    C:0.16863    A:0.28235    G:0.37647
position  2:    T:0.30196    C:0.16078    A:0.38431    G:0.15294
position  3:    T:0.30196    C:0.19216    A:0.29804    G:0.20784
Average         T:0.25882    C:0.17386    A:0.32157    G:0.24575

#2: LesserMouseDeer
position  1:    T:0.17255    C:0.16471    A:0.28627    G:0.37647
position  2:    T:0.30196    C:0.16078    A:0.38431    G:0.15294
position  3:    T:0.32157    C:0.16863    A:0.32549    G:0.18431
Average         T:0.26536    C:0.16471    A:0.33203    G:0.23791

#3: LesserKudu     
position  1:    T:0.17255    C:0.16863    A:0.28235    G:0.37647
position  2:    T:0.30196    C:0.16078    A:0.38431    G:0.15294
position  3:    T:0.31373    C:0.18431    A:0.29804    G:0.20392
Average         T:0.26275    C:0.17124    A:0.32157    G:0.24444

#4: ForestMuskDeer2
position  1:    T:0.17255    C:0.16863    A:0.28235    G:0.37647
position  2:    T:0.30196    C:0.16078    A:0.38431    G:0.15294
position  3:    T:0.31373    C:0.18431    A:0.30588    G:0.19608
Average         T:0.26275    C:0.17124    A:0.32418    G:0.24183

#5: Camel          
position  1:    T:0.17255    C:0.16863    A:0.28235    G:0.37647
position  2:    T:0.30196    C:0.16078    A:0.38431    G:0.15294
position  3:    T:0.32157    C:0.17255    A:0.30196    G:0.20392
Average         T:0.26536    C:0.16732    A:0.32288    G:0.24444

#6: KillerWhale    
position  1:    T:0.17255    C:0.16863    A:0.28235    G:0.37647
position  2:    T:0.30196    C:0.16078    A:0.38431    G:0.15294
position  3:    T:0.32549    C:0.16471    A:0.31373    G:0.19608
Average         T:0.26667    C:0.16471    A:0.32680    G:0.24183

#7: DefassaWaterbuck
position  1:    T:0.17255    C:0.16863    A:0.28235    G:0.37647
position  2:    T:0.30196    C:0.16078    A:0.38431    G:0.15294
position  3:    T:0.30196    C:0.19216    A:0.30196    G:0.20392
Average         T:0.25882    C:0.17386    A:0.32288    G:0.24444

#8: Sheep          
position  1:    T:0.17255    C:0.16863    A:0.28235    G:0.37647
position  2:    T:0.30196    C:0.16078    A:0.38431    G:0.15294
position  3:    T:0.30196    C:0.19216    A:0.29804    G:0.20784
Average         T:0.25882    C:0.17386    A:0.32157    G:0.24575

#9: MaxwellsDuiker 
position  1:    T:0.17255    C:0.16863    A:0.28235    G:0.37647
position  2:    T:0.30196    C:0.16078    A:0.38431    G:0.15294
position  3:    T:0.30196    C:0.19608    A:0.30196    G:0.20000
Average         T:0.25882    C:0.17516    A:0.32288    G:0.24314

#10: GazellaPrzewalskyi
position  1:    T:0.17255    C:0.16863    A:0.28235    G:0.37647
position  2:    T:0.30196    C:0.16078    A:0.38431    G:0.15294
position  3:    T:0.30196    C:0.19608    A:0.30196    G:0.20000
Average         T:0.25882    C:0.17516    A:0.32288    G:0.24314

#11: MountainNyala  
position  1:    T:0.17255    C:0.16863    A:0.28235    G:0.37647
position  2:    T:0.30196    C:0.16078    A:0.38431    G:0.15294
position  3:    T:0.30588    C:0.19216    A:0.30196    G:0.20000
Average         T:0.26013    C:0.17386    A:0.32288    G:0.24314

#12: MuntiacusMuntjak
position  1:    T:0.17255    C:0.16863    A:0.28235    G:0.37647
position  2:    T:0.30196    C:0.16078    A:0.38431    G:0.15294
position  3:    T:0.31373    C:0.19216    A:0.29804    G:0.19608
Average         T:0.26275    C:0.17386    A:0.32157    G:0.24183

#13: goat           
position  1:    T:0.17255    C:0.16863    A:0.28235    G:0.37647
position  2:    T:0.30196    C:0.16078    A:0.38431    G:0.15294
position  3:    T:0.30196    C:0.19216    A:0.30196    G:0.20392
Average         T:0.25882    C:0.17386    A:0.32288    G:0.24444

#14: AfricanBuffalo 
position  1:    T:0.17255    C:0.16863    A:0.28235    G:0.37647
position  2:    T:0.30196    C:0.16078    A:0.38431    G:0.15294
position  3:    T:0.30588    C:0.18431    A:0.30196    G:0.20784
Average         T:0.26013    C:0.17124    A:0.32288    G:0.24575

#15: Topi           
position  1:    T:0.16863    C:0.17255    A:0.28235    G:0.37647
position  2:    T:0.30196    C:0.16078    A:0.38431    G:0.15294
position  3:    T:0.30588    C:0.18824    A:0.30196    G:0.20392
Average         T:0.25882    C:0.17386    A:0.32288    G:0.24444

#16: CommonDuiker   
position  1:    T:0.17255    C:0.16863    A:0.28235    G:0.37647
position  2:    T:0.29804    C:0.16863    A:0.38039    G:0.15294
position  3:    T:0.30588    C:0.20000    A:0.29020    G:0.20392
Average         T:0.25882    C:0.17908    A:0.31765    G:0.24444

#17: Suni           
position  1:    T:0.17255    C:0.16863    A:0.28235    G:0.37647
position  2:    T:0.30196    C:0.16078    A:0.38039    G:0.15686
position  3:    T:0.30588    C:0.19608    A:0.29804    G:0.20000
Average         T:0.26013    C:0.17516    A:0.32026    G:0.24444

#18: Springbuck     
position  1:    T:0.17255    C:0.16863    A:0.28235    G:0.37647
position  2:    T:0.30196    C:0.16078    A:0.38431    G:0.15294
position  3:    T:0.30588    C:0.19216    A:0.29804    G:0.20392
Average         T:0.26013    C:0.17386    A:0.32157    G:0.24444

#19: Okapi          
position  1:    T:0.16863    C:0.17255    A:0.28235    G:0.37647
position  2:    T:0.30196    C:0.16078    A:0.38431    G:0.15294
position  3:    T:0.31765    C:0.18039    A:0.29804    G:0.20392
Average         T:0.26275    C:0.17124    A:0.32157    G:0.24444

#20: Giraffe        
position  1:    T:0.17255    C:0.16863    A:0.28235    G:0.37647
position  2:    T:0.30196    C:0.16078    A:0.38431    G:0.15294
position  3:    T:0.30980    C:0.18431    A:0.30588    G:0.20000
Average         T:0.26144    C:0.17124    A:0.32418    G:0.24314

#21: TibetanAntelope
position  1:    T:0.17255    C:0.16863    A:0.28235    G:0.37647
position  2:    T:0.30196    C:0.16078    A:0.38431    G:0.15294
position  3:    T:0.30980    C:0.18431    A:0.30196    G:0.20392
Average         T:0.26144    C:0.17124    A:0.32288    G:0.24444

#22: Sitatunga      
position  1:    T:0.17255    C:0.16863    A:0.28235    G:0.37647
position  2:    T:0.30196    C:0.16078    A:0.38431    G:0.15294
position  3:    T:0.30588    C:0.19216    A:0.30196    G:0.20000
Average         T:0.26013    C:0.17386    A:0.32288    G:0.24314

#23: Oribi          
position  1:    T:0.17255    C:0.16863    A:0.28235    G:0.37647
position  2:    T:0.30196    C:0.16078    A:0.38431    G:0.15294
position  3:    T:0.30196    C:0.19608    A:0.30196    G:0.20000
Average         T:0.25882    C:0.17516    A:0.32288    G:0.24314

#24: BarbarySheep   
position  1:    T:0.17255    C:0.16863    A:0.28235    G:0.37647
position  2:    T:0.30196    C:0.16078    A:0.38431    G:0.15294
position  3:    T:0.30588    C:0.18824    A:0.30196    G:0.20392
Average         T:0.26013    C:0.17255    A:0.32288    G:0.24444

#25: Daviddeer      
position  1:    T:0.17255    C:0.17255    A:0.28235    G:0.37255
position  2:    T:0.29804    C:0.16471    A:0.38431    G:0.15294
position  3:    T:0.31373    C:0.18824    A:0.29804    G:0.20000
Average         T:0.26144    C:0.17516    A:0.32157    G:0.24183

#26: Reindeer       
position  1:    T:0.17647    C:0.16471    A:0.28235    G:0.37647
position  2:    T:0.30196    C:0.16078    A:0.38431    G:0.15294
position  3:    T:0.31373    C:0.18824    A:0.30196    G:0.19608
Average         T:0.26405    C:0.17124    A:0.32288    G:0.24183

#27: Ibex           
position  1:    T:0.17255    C:0.16863    A:0.28235    G:0.37647
position  2:    T:0.30196    C:0.16078    A:0.38431    G:0.15294
position  3:    T:0.30196    C:0.19216    A:0.30196    G:0.20392
Average         T:0.25882    C:0.17386    A:0.32288    G:0.24444

#28: GyrantGazelle  
position  1:    T:0.17255    C:0.16863    A:0.28235    G:0.37647
position  2:    T:0.30196    C:0.16078    A:0.38431    G:0.15294
position  3:    T:0.30196    C:0.19608    A:0.29804    G:0.20392
Average         T:0.25882    C:0.17516    A:0.32157    G:0.24444

#29: Hartebeest     
position  1:    T:0.16863    C:0.17255    A:0.28235    G:0.37647
position  2:    T:0.30196    C:0.16078    A:0.38431    G:0.15294
position  3:    T:0.30588    C:0.18824    A:0.30196    G:0.20392
Average         T:0.25882    C:0.17386    A:0.32288    G:0.24444

#30: Bongo          
position  1:    T:0.17255    C:0.16863    A:0.28235    G:0.37647
position  2:    T:0.30196    C:0.16078    A:0.38431    G:0.15294
position  3:    T:0.30588    C:0.19216    A:0.30196    G:0.20000
Average         T:0.26013    C:0.17386    A:0.32288    G:0.24314

#31: Gerenuk        
position  1:    T:0.17255    C:0.16863    A:0.28235    G:0.37647
position  2:    T:0.30196    C:0.16078    A:0.38431    G:0.15294
position  3:    T:0.30196    C:0.19608    A:0.29804    G:0.20392
Average         T:0.25882    C:0.17516    A:0.32157    G:0.24444

#32: CommonEland    
position  1:    T:0.17255    C:0.16863    A:0.28235    G:0.37647
position  2:    T:0.30196    C:0.16078    A:0.38431    G:0.15294
position  3:    T:0.30980    C:0.18824    A:0.29804    G:0.20392
Average         T:0.26144    C:0.17255    A:0.32157    G:0.24444

#33: MuntiacusReevesi
position  1:    T:0.17255    C:0.16863    A:0.28235    G:0.37647
position  2:    T:0.30196    C:0.16078    A:0.38431    G:0.15294
position  3:    T:0.31765    C:0.18824    A:0.29804    G:0.19608
Average         T:0.26405    C:0.17255    A:0.32157    G:0.24183

#34: HarveysDuiker  
position  1:    T:0.17255    C:0.16863    A:0.28235    G:0.37647
position  2:    T:0.30196    C:0.16078    A:0.38431    G:0.15294
position  3:    T:0.29804    C:0.20392    A:0.29804    G:0.20000
Average         T:0.25752    C:0.17778    A:0.32157    G:0.24314

#35: Pronghorn      
position  1:    T:0.17255    C:0.16863    A:0.28235    G:0.37647
position  2:    T:0.30196    C:0.16078    A:0.38431    G:0.15294
position  3:    T:0.31373    C:0.18039    A:0.29804    G:0.20784
Average         T:0.26275    C:0.16993    A:0.32157    G:0.24575

#36: BlueWildebeest 
position  1:    T:0.17255    C:0.16863    A:0.28235    G:0.37647
position  2:    T:0.30196    C:0.16078    A:0.38431    G:0.15294
position  3:    T:0.30588    C:0.18824    A:0.30196    G:0.20392
Average         T:0.26013    C:0.17255    A:0.32288    G:0.24444

#37: Gemsbok        
position  1:    T:0.17255    C:0.16863    A:0.28235    G:0.37647
position  2:    T:0.30196    C:0.16078    A:0.38431    G:0.15294
position  3:    T:0.29804    C:0.19608    A:0.30196    G:0.20392
Average         T:0.25752    C:0.17516    A:0.32288    G:0.24444

#38: Yak            
position  1:    T:0.17255    C:0.16863    A:0.28235    G:0.37647
position  2:    T:0.30196    C:0.16078    A:0.38431    G:0.15294
position  3:    T:0.32157    C:0.17647    A:0.29804    G:0.20392
Average         T:0.26536    C:0.16863    A:0.32157    G:0.24444

#39: BlueSheep      
position  1:    T:0.17255    C:0.16863    A:0.28235    G:0.37647
position  2:    T:0.30196    C:0.16078    A:0.38431    G:0.15294
position  3:    T:0.30196    C:0.19216    A:0.30196    G:0.20392
Average         T:0.25882    C:0.17386    A:0.32288    G:0.24444

#40: BohorReedbuck  
position  1:    T:0.17255    C:0.16863    A:0.28235    G:0.37647
position  2:    T:0.30196    C:0.16078    A:0.38431    G:0.15294
position  3:    T:0.29804    C:0.19608    A:0.30196    G:0.20392
Average         T:0.25752    C:0.17516    A:0.32288    G:0.24444

#41: KirksDik       
position  1:    T:0.17255    C:0.16863    A:0.28235    G:0.37647
position  2:    T:0.30196    C:0.16078    A:0.38431    G:0.15294
position  3:    T:0.30588    C:0.19608    A:0.29804    G:0.20000
Average         T:0.26013    C:0.17516    A:0.32157    G:0.24314

#42: RoeDeer        
position  1:    T:0.17647    C:0.16471    A:0.28235    G:0.37647
position  2:    T:0.30196    C:0.16078    A:0.38431    G:0.15294
position  3:    T:0.31765    C:0.18431    A:0.30196    G:0.19608
Average         T:0.26536    C:0.16993    A:0.32288    G:0.24183

#43: WhiteLippedDeer
position  1:    T:0.17255    C:0.16863    A:0.28235    G:0.37647
position  2:    T:0.30196    C:0.16078    A:0.38431    G:0.15294
position  3:    T:0.31373    C:0.18824    A:0.30196    G:0.19608
Average         T:0.26275    C:0.17255    A:0.32288    G:0.24183

#44: ThomsonGazelle 
position  1:    T:0.17255    C:0.16863    A:0.28235    G:0.37647
position  2:    T:0.30196    C:0.16078    A:0.38431    G:0.15294
position  3:    T:0.30588    C:0.19216    A:0.29804    G:0.20392
Average         T:0.26013    C:0.17386    A:0.32157    G:0.24444

#45: MuntiacusCrinifrons
position  1:    T:0.17255    C:0.16863    A:0.28235    G:0.37647
position  2:    T:0.30196    C:0.16078    A:0.38431    G:0.15294
position  3:    T:0.31373    C:0.19216    A:0.29804    G:0.19608
Average         T:0.26275    C:0.17386    A:0.32157    G:0.24183

#46: WhiteTailedDeer
position  1:    T:0.17255    C:0.16863    A:0.28235    G:0.37647
position  2:    T:0.30196    C:0.16078    A:0.38431    G:0.15294
position  3:    T:0.31765    C:0.18431    A:0.30196    G:0.19608
Average         T:0.26405    C:0.17124    A:0.32288    G:0.24183

#47: Cattle         
position  1:    T:0.17255    C:0.16863    A:0.28235    G:0.37647
position  2:    T:0.30196    C:0.16078    A:0.38431    G:0.15294
position  3:    T:0.31765    C:0.18039    A:0.29804    G:0.20392
Average         T:0.26405    C:0.16993    A:0.32157    G:0.24444

#48: RoyalAntelope  
position  1:    T:0.17255    C:0.16863    A:0.28235    G:0.37647
position  2:    T:0.30196    C:0.16078    A:0.38431    G:0.15294
position  3:    T:0.29804    C:0.19216    A:0.30588    G:0.20392
Average         T:0.25752    C:0.17386    A:0.32418    G:0.24444

#49: Steenbok       
position  1:    T:0.17647    C:0.16471    A:0.28235    G:0.37647
position  2:    T:0.30196    C:0.16078    A:0.38431    G:0.15294
position  3:    T:0.30196    C:0.19608    A:0.30196    G:0.20000
Average         T:0.26013    C:0.17386    A:0.32288    G:0.24314

#50: Impala         
position  1:    T:0.17255    C:0.16863    A:0.28235    G:0.37647
position  2:    T:0.30196    C:0.16078    A:0.38431    G:0.15294
position  3:    T:0.30980    C:0.18824    A:0.29412    G:0.20784
Average         T:0.26144    C:0.17255    A:0.32026    G:0.24575

#51: Klipspringer   
position  1:    T:0.17255    C:0.16863    A:0.28235    G:0.37647
position  2:    T:0.30196    C:0.16078    A:0.38431    G:0.15294
