1
52 1
Argali 0.000000 0.239100 0.079400 0.179600 0.036700 0.007800 0.045100 0.053400 0.070600 0.110500 0.015600 0.057600 0.027300 0.024200 0.049700 0.045000 0.061900 0.070300 0.016100 0.074900 0.062000 0.019600 0.096800 0.074800 0.016100 0.032600 0.024200 0.079200 0.040800 0.079100 0.110600 0.028400 0.092800 0.040600 0.032700 0.070600 0.011700 0.028400 0.049200 0.105800 0.092200 0.040900 0.110700 0.083700 0.061900 0.045000 0.053500 0.049300 0.049500 0.074400 0.070500 0.066200
LesserMous 0.239100 0.000000 0.254400 0.183000 0.243800 0.243500 0.265800 0.253800 0.243400 0.255000 0.232700 0.237800 0.254600 0.237500 0.255800 0.263900 0.216400 0.237500 0.244100 0.248500 0.287900 0.228300 0.247800 0.232300 0.222900 0.259200 0.248100 0.242400 0.271200 0.243000 0.255500 0.242100 0.248800 0.258500 0.260900 0.254700 0.227900 0.243100 0.259200 0.265500 0.243200 0.258700 0.255700 0.232900 0.253800 0.254500 0.276800 0.238700 0.259700 0.247300 0.242800 0.248500
LesserKudu 0.079400 0.254400 0.000000 0.189200 0.066300 0.079200 0.092500 0.083400 0.011700 0.096700 0.070600 0.036600 0.074800 0.070400 0.079900 0.083500 0.049100 0.049000 0.070700 0.011700 0.101200 0.075300 0.087700 0.061700 0.070800 0.079400 0.070300 0.015500 0.079100 0.016100 0.096900 0.074800 0.079300 0.087400 0.079700 0.040800 0.066400 0.066100 0.069900 0.083300 0.083200 0.079200 0.088100 0.061900 0.040700 0.083500 0.083600 0.066300 0.088400 0.053000 0.007800 0.011700
KillerWhal 0.179600 0.183000 0.189200 0.000000 0.179500 0.179200 0.189600 0.188700 0.179000 0.179800 0.169400 0.173900 0.189300 0.174000 0.195800 0.198400 0.169000 0.178500 0.179700 0.183800 0.219700 0.170200 0.178600 0.159200 0.160200 0.184300 0.183600 0.188700 0.194200 0.178800 0.180100 0.178500 0.194000 0.193200 0.185200 0.189200 0.164900 0.179000 0.193800 0.193800 0.173900 0.183900 0.180300 0.159600 0.178700 0.189400 0.199800 0.169700 0.194700 0.182800 0.178600 0.173900
DefassaWat 0.036700 0.243800 0.066300 0.179500 0.000000 0.036700 0.049300 0.030700 0.062000 0.105800 0.028400 0.053300 0.032500 0.028300 0.045400 0.040800 0.057600 0.066000 0.028400 0.061900 0.057700 0.031400 0.096700 0.070300 0.028500 0.036700 0.028300 0.066100 0.045000 0.057500 0.105900 0.032500 0.088200 0.036500 0.036900 0.062000 0.023900 0.008000 0.036600 0.101200 0.092100 0.036700 0.106000 0.070500 0.057500 0.032500 0.049300 0.040800 0.045200 0.070100 0.057600 0.053400
Sheep 0.007800 0.243500 0.079200 0.179200 0.036700 0.000000 0.045000 0.053300 0.070500 0.110300 0.016000 0.057500 0.028300 0.024200 0.049600 0.044900 0.061800 0.070200 0.015600 0.074700 0.061800 0.020200 0.101100 0.074600 0.015600 0.032500 0.024200 0.079000 0.040800 0.079000 0.110400 0.028300 0.092600 0.040500 0.032700 0.070200 0.012000 0.028300 0.049100 0.105600 0.096500 0.040800 0.110500 0.083500 0.061700 0.044900 0.053400 0.053400 0.049400 0.074300 0.070300 0.066100
MaxwellsDu 0.045100 0.265800 0.092500 0.189600 0.049300 0.045000 0.000000 0.066200 0.083600 0.124000 0.045100 0.061900 0.049300 0.019700 0.062500 0.057700 0.074800 0.083300 0.045100 0.088000 0.066300 0.041100 0.114700 0.087800 0.045200 0.053600 0.044900 0.092300 0.062000 0.092300 0.124200 0.024300 0.106100 0.061600 0.053800 0.075000 0.040900 0.040800 0.061900 0.119400 0.110000 0.053500 0.124300 0.096900 0.074700 0.049600 0.066300 0.066300 0.062300 0.087400 0.083500 0.079200
GazellaPrz 0.053400 0.253800 0.083400 0.188700 0.030700 0.053300 0.066200 0.000000 0.079000 0.114500 0.044900 0.070200 0.049100 0.044800 0.062300 0.032400 0.074600 0.083000 0.045000 0.078900 0.049100 0.049300 0.114400 0.087500 0.045100 0.028400 0.044800 0.083300 0.036600 0.083200 0.114600 0.049100 0.105800 0.053000 0.053600 0.079000 0.039400 0.032400 0.028300 0.118900 0.109600 0.028300 0.114700 0.087700 0.070200 0.057500 0.040800 0.049100 0.062100 0.087100 0.074500 0.070300
MountainNy 0.070600 0.243400 0.011700 0.179000 0.062000 0.070500 0.083600 0.079000 0.000000 0.092300 0.061900 0.032500 0.070500 0.061800 0.075500 0.079100 0.044800 0.042300 0.066300 0.007800 0.096700 0.066500 0.083300 0.057500 0.062100 0.075000 0.066000 0.011700 0.074700 0.011600 0.092400 0.066100 0.070600 0.083000 0.075300 0.034300 0.057800 0.061800 0.066100 0.087800 0.078800 0.074900 0.083700 0.057600 0.036500 0.079100 0.079200 0.062000 0.083900 0.048800 0.003900 0.007800
MuntiacusM 0.110500 0.255000 0.096700 0.179800 0.105800 0.110300 0.124000 0.114500 0.092300 0.000000 0.110400 0.083400 0.105700 0.101100 0.097700 0.105600 0.070300 0.078900 0.101500 0.092200 0.123600 0.115400 0.040200 0.048900 0.110600 0.092500 0.100900 0.096500 0.101100 0.096500 0.007700 0.105700 0.106100 0.109700 0.102000 0.087800 0.106000 0.096600 0.109900 0.087600 0.036200 0.088000 0.011900 0.057500 0.087600 0.105700 0.105700 0.088100 0.119900 0.083000 0.087700 0.092100
goat 0.015600 0.232700 0.070600 0.169400 0.028400 0.016000 0.045100 0.044900 0.061900 0.110400 0.000000 0.057600 0.028400 0.024200 0.049600 0.045000 0.061800 0.070300 0.015500 0.066200 0.061900 0.012100 0.101200 0.074700 0.008000 0.032600 0.024200 0.070400 0.040800 0.070400 0.110500 0.028300 0.083800 0.040600 0.032700 0.070600 0.003900 0.028300 0.040700 0.105700 0.096500 0.040800 0.111500 0.074900 0.061800 0.045000 0.053500 0.045000 0.049400 0.074400 0.061800 0.053700
AfricanBuf 0.057600 0.237800 0.036600 0.173900 0.053300 0.057500 0.061900 0.070200 0.032500 0.083400 0.057600 0.000000 0.053300 0.040700 0.058000 0.061700 0.036500 0.036400 0.049200 0.032400 0.078900 0.062100 0.074500 0.049000 0.057700 0.057600 0.048900 0.036500 0.057500 0.036500 0.083500 0.044900 0.074900 0.065700 0.057900 0.028300 0.053400 0.044800 0.057400 0.078900 0.070100 0.057500 0.074900 0.057500 0.028200 0.061700 0.061800 0.053300 0.066300 0.040500 0.028300 0.032400
Topi 0.027300 0.254600 0.074800 0.189300 0.032500 0.028300 0.049300 0.049100 0.070500 0.105700 0.028400 0.053300 0.000000 0.028300 0.045300 0.040700 0.057500 0.065900 0.020200 0.070400 0.049100 0.032600 0.096600 0.070700 0.028400 0.028400 0.011700 0.074700 0.036600 0.074600 0.105900 0.032500 0.097100 0.028200 0.028500 0.066200 0.023000 0.024200 0.044900 0.101100 0.092000 0.036600 0.105900 0.079100 0.057500 0.040800 0.049200 0.049200 0.045200 0.070000 0.066000 0.061800
CommonDuik 0.024200 0.237500 0.070400 0.174000 0.028300 0.024200 0.019700 0.044800 0.061800 0.101100 0.024200 0.040700 0.028300 0.000000 0.041100 0.036500 0.049900 0.061500 0.024300 0.066000 0.053200 0.027300 0.092000 0.065900 0.024300 0.032500 0.024100 0.070300 0.040700 0.070200 0.101300 0.004000 0.083600 0.040500 0.032600 0.061800 0.019400 0.020100 0.040600 0.096500 0.087500 0.032400 0.101300 0.074700 0.053200 0.036500 0.044900 0.044900 0.040900 0.065600 0.061700 0.057500
Suni 0.049700 0.255800 0.079900 0.195800 0.045400 0.049600 0.062500 0.062300 0.075500 0.097700 0.049600 0.058000 0.045300 0.041100 0.000000 0.053600 0.062300 0.070800 0.041200 0.075400 0.071000 0.054100 0.083700 0.075200 0.049800 0.041100 0.041000 0.079700 0.058100 0.079600 0.097800 0.045200 0.092600 0.057800 0.041300 0.071100 0.045500 0.036900 0.058000 0.106500 0.079400 0.041000 0.097900 0.084200 0.070900 0.045300 0.053900 0.045400 0.049600 0.074900 0.070900 0.075300
Springbuck 0.045000 0.263900 0.083500 0.198400 0.040800 0.044900 0.057700 0.032400 0.079100 0.105600 0.045000 0.061700 0.040700 0.036500 0.053600 0.000000 0.066000 0.074400 0.036600 0.079000 0.040700 0.049400 0.105000 0.078900 0.045100 0.020100 0.036500 0.083300 0.020100 0.083300 0.105700 0.040600 0.105600 0.053000 0.045100 0.074700 0.040900 0.032400 0.028300 0.110000 0.100800 0.020100 0.105800 0.087800 0.065900 0.049100 0.032500 0.049200 0.053400 0.078500 0.074600 0.070300
Okapi 0.061900 0.216400 0.049100 0.169000 0.057600 0.061800 0.074800 0.074600 0.044800 0.070300 0.061800 0.036500 0.057500 0.049900 0.062300 0.066000 0.000000 0.024100 0.053400 0.044800 0.083300 0.066400 0.061600 0.036400 0.062000 0.061900 0.053100 0.049000 0.061700 0.048900 0.070400 0.057500 0.053300 0.069900 0.062200 0.040700 0.057700 0.049000 0.069600 0.066000 0.057300 0.061800 0.070500 0.044900 0.040500 0.066000 0.074700 0.057600 0.070700 0.036300 0.040600 0.044800
Giraffe 0.070300 0.237500 0.049000 0.178500 0.066000 0.070200 0.083300 0.083000 0.042300 0.078900 0.070300 0.036400 0.065900 0.061500 0.070800 0.074400 0.024100 0.000000 0.061800 0.044700 0.091800 0.074900 0.070100 0.044700 0.070400 0.070300 0.061400 0.048900 0.070100 0.048800 0.079000 0.065900 0.061700 0.078400 0.070700 0.040600 0.066100 0.057300 0.070100 0.074400 0.065700 0.070200 0.070400 0.053200 0.040500 0.074400 0.074500 0.066000 0.079200 0.036200 0.040500 0.044700
TibetanAnt 0.016100 0.244100 0.070700 0.179700 0.028400 0.015600 0.045100 0.045000 0.066300 0.101500 0.015500 0.049200 0.020200 0.024300 0.041200 0.036600 0.053400 0.061800 0.000000 0.066200 0.053400 0.020200 0.092400 0.066100 0.015700 0.024300 0.015500 0.070500 0.032500 0.070500 0.101600 0.028400 0.092800 0.032300 0.024400 0.062000 0.011700 0.020200 0.040800 0.096900 0.087800 0.032600 0.101700 0.075000 0.053400 0.036700 0.045100 0.045100 0.032600 0.065900 0.061900 0.057700
Sitatunga 0.074900 0.248500 0.011700 0.183800 0.061900 0.074700 0.088000 0.078900 0.007800 0.092200 0.066200 0.032400 0.070400 0.066000 0.075400 0.079000 0.044800 0.044700 0.066200 0.000000 0.096600 0.070800 0.083200 0.057400 0.066400 0.074900 0.065900 0.012000 0.074600 0.012000 0.092300 0.070400 0.074900 0.082900 0.075200 0.036600 0.062000 0.061700 0.066000 0.087700 0.078700 0.074800 0.083600 0.057500 0.036500 0.078900 0.079200 0.061900 0.083800 0.048800 0.004000 0.007800
Oribi 0.062000 0.287900 0.101200 0.219700 0.057700 0.061800 0.066300 0.049100 0.096700 0.123600 0.061900 0.078900 0.049100 0.053200 0.071000 0.040700 0.083300 0.091800 0.053400 0.096600 0.000000 0.066500 0.123500 0.096700 0.062100 0.036700 0.053200 0.100900 0.044900 0.100900 0.123800 0.057500 0.124100 0.070000 0.062200 0.092000 0.057700 0.049000 0.044900 0.128200 0.118000 0.036600 0.123900 0.105600 0.083200 0.066100 0.049200 0.066200 0.070700 0.096000 0.092000 0.087700
BarbaryShe 0.019600 0.228300 0.075300 0.170200 0.031400 0.020200 0.041100 0.049300 0.066500 0.115400 0.012100 0.062100 0.032600 0.027300 0.054100 0.049400 0.066400 0.074900 0.020200 0.070800 0.066500 0.000000 0.106100 0.079400 0.011800 0.036900 0.028400 0.075100 0.045200 0.075000 0.115600 0.032600 0.088600 0.044900 0.037000 0.075200 0.007800 0.032600 0.045100 0.110700 0.101400 0.045200 0.115600 0.079600 0.066400 0.041000 0.058000 0.049400 0.053900 0.079000 0.066400 0.062100
Daviddeer 0.096800 0.247800 0.087700 0.178600 0.096700 0.101100 0.114700 0.114400 0.083300 0.040200 0.101200 0.074500 0.096600 0.092000 0.083700 0.105000 0.061600 0.070100 0.092400 0.083200 0.123500 0.106100 0.000000 0.032000 0.101400 0.092000 0.091900 0.087500 0.100900 0.087500 0.040200 0.096200 0.096500 0.109400 0.092400 0.078900 0.096900 0.087600 0.109800 0.070100 0.003900 0.091900 0.040200 0.040400 0.078700 0.087800 0.105600 0.070400 0.105500 0.074200 0.078800 0.083200
Reindeer 0.074800 0.232300 0.061700 0.159200 0.070300 0.074600 0.087800 0.087500 0.057500 0.048900 0.074700 0.049000 0.070700 0.065900 0.075200 0.078900 0.036400 0.044700 0.066100 0.057400 0.096700 0.079400 0.032000 0.000000 0.074900 0.074700 0.065800 0.061600 0.074500 0.061600 0.049000 0.070300 0.074900 0.082800 0.075100 0.053200 0.069900 0.061600 0.083100 0.040500 0.028100 0.074600 0.049000 0.007700 0.053100 0.070300 0.087700 0.061800 0.083700 0.048700 0.053100 0.057400
Ibex 0.016100 0.222900 0.070800 0.160200 0.028500 0.015600 0.045200 0.045100 0.062100 0.110600 0.008000 0.057700 0.028400 0.024300 0.049800 0.045100 0.062000 0.070400 0.015700 0.066400 0.062100 0.011800 0.101400 0.074900 0.000000 0.032700 0.024300 0.070600 0.040900 0.070600 0.110800 0.028400 0.084000 0.040700 0.032800 0.070800 0.003900 0.028400 0.040800 0.106000 0.096800 0.041000 0.110900 0.075100 0.062000 0.045100 0.053600 0.045100 0.049600 0.074600 0.062000 0.057800
GyrantGaze 0.032600 0.259200 0.079400 0.184300 0.036700 0.032500 0.053600 0.028400 0.075000 0.092500 0.032600 0.057600 0.028400 0.032500 0.041100 0.020100 0.061900 0.070300 0.024300 0.074900 0.036700 0.036900 0.092000 0.074700 0.032700 0.000000 0.024200 0.079200 0.016100 0.079100 0.092700 0.036500 0.101400 0.040600 0.024400 0.070600 0.028500 0.028400 0.024300 0.105800 0.087800 0.007800 0.092800 0.083700 0.061800 0.036700 0.020200 0.036700 0.049300 0.074400 0.070500 0.066200
Hartebeest 0.024200 0.248100 0.070300 0.183600 0.028300 0.024200 0.044900 0.044800 0.066000 0.100900 0.024200 0.048900 0.011700 0.024100 0.041000 0.036500 0.053100 0.061400 0.015500 0.065900 0.053200 0.028400 0.091900 0.065800 0.024300 0.024200 0.000000 0.070100 0.031600 0.070100 0.101100 0.028200 0.092300 0.024000 0.024300 0.061700 0.020100 0.020100 0.040600 0.096400 0.087300 0.032400 0.101100 0.074600 0.053100 0.036500 0.044800 0.044800 0.040800 0.065500 0.061600 0.057400
Bongo 0.079200 0.242400 0.015500 0.188700 0.066100 0.079000 0.092300 0.083300 0.011700 0.096500 0.070400 0.036500 0.074700 0.070300 0.079700 0.083300 0.049000 0.048900 0.070500 0.012000 0.100900 0.075100 0.087500 0.061600 0.070600 0.079200 0.070100 0.000000 0.078900 0.016000 0.096700 0.074600 0.070600 0.087200 0.079600 0.040700 0.066300 0.066000 0.070200 0.092000 0.083000 0.079100 0.087900 0.061700 0.040600 0.083300 0.083500 0.066100 0.088200 0.044600 0.007800 0.011700
Gerenuk 0.040800 0.271200 0.079100 0.194200 0.045000 0.040800 0.062000 0.036600 0.074700 0.101100 0.040800 0.057500 0.036600 0.040700 0.058100 0.020100 0.061700 0.070100 0.032500 0.074600 0.044900 0.045200 0.100900 0.074500 0.040900 0.016100 0.031600 0.078900 0.000000 0.078900 0.101200 0.044900 0.101400 0.048800 0.041000 0.070400 0.036700 0.036500 0.032400 0.105500 0.096300 0.024300 0.101300 0.083400 0.061600 0.052800 0.034800 0.053400 0.057900 0.074200 0.070200 0.066000
CommonElan 0.079100 0.243000 0.016100 0.178800 0.057500 0.079000 0.092300 0.083200 0.011600 0.096500 0.070400 0.036500 0.074600 0.070200 0.079600 0.083300 0.048900 0.048800 0.070500 0.012000 0.100900 0.075000 0.087500 0.061600 0.070600 0.079100 0.070100 0.016000 0.078900 0.000000 0.096700 0.074600 0.079100 0.087200 0.079500 0.040700 0.066200 0.065900 0.070200 0.092000 0.083000 0.079000 0.087900 0.061700 0.040600 0.083300 0.083400 0.066100 0.088100 0.052900 0.008000 0.011700
MuntiacusR 0.110600 0.255500 0.096900 0.180100 0.105900 0.110400 0.124200 0.114600 0.092400 0.007700 0.110500 0.083500 0.105900 0.101300 0.097800 0.105700 0.070400 0.079000 0.101600 0.092300 0.123800 0.115600 0.040200 0.049000 0.110800 0.092700 0.101100 0.096700 0.101200 0.096700 0.000000 0.105900 0.106300 0.109900 0.102200 0.088000 0.106200 0.096700 0.110100 0.087700 0.036200 0.088100 0.011600 0.057600 0.087700 0.105900 0.105900 0.088200 0.120100 0.083200 0.087800 0.092300
HarveysDui 0.028400 0.242100 0.074800 0.178500 0.032500 0.028300 0.024300 0.049100 0.066100 0.105700 0.028300 0.044900 0.032500 0.004000 0.045200 0.040600 0.057500 0.065900 0.028400 0.070400 0.057500 0.032600 0.096200 0.070300 0.028400 0.036500 0.028200 0.074600 0.044900 0.074600 0.105900 0.000000 0.087800 0.044700 0.036700 0.066100 0.024300 0.024200 0.044800 0.096600 0.092000 0.036500 0.105900 0.079100 0.057400 0.040700 0.049200 0.049100 0.045000 0.070000 0.066000 0.061800
Pronghorn 0.092800 0.248800 0.079300 0.194000 0.088200 0.092600 0.106100 0.105800 0.070600 0.106100 0.083800 0.074900 0.097100 0.083600 0.092600 0.105600 0.053300 0.061700 0.092800 0.074900 0.124100 0.088600 0.096500 0.074900 0.084000 0.101400 0.092300 0.070600 0.101400 0.079100 0.106300 0.087800 0.000000 0.109900 0.093000 0.079300 0.079500 0.088000 0.101300 0.105900 0.092300 0.101200 0.106300 0.075000 0.079100 0.105900 0.115100 0.083800 0.110700 0.066000 0.070500 0.074800
BlueWildeb 0.040600 0.258500 0.087400 0.193200 0.036500 0.040500 0.061600 0.053000 0.083000 0.109700 0.040600 0.065700 0.028200 0.040500 0.057800 0.053000 0.069900 0.078400 0.032300 0.082900 0.070000 0.044900 0.109400 0.082800 0.040700 0.040600 0.024000 0.087200 0.048800 0.087200 0.109900 0.044700 0.109900 0.000000 0.040800 0.078700 0.035300 0.028100 0.057200 0.113900 0.104700 0.048900 0.109900 0.091800 0.069900 0.053000 0.061400 0.061500 0.057500 0.082500 0.078500 0.074300
Gemsbok 0.032700 0.260900 0.079700 0.185200 0.036900 0.032700 0.053800 0.053600 0.075300 0.102000 0.032700 0.057900 0.028500 0.032600 0.041300 0.045100 0.062200 0.070700 0.024400 0.075200 0.062200 0.037000 0.092400 0.075100 0.032800 0.024400 0.024300 0.079600 0.041000 0.079500 0.102200 0.036700 0.093000 0.040800 0.000000 0.070900 0.028600 0.028500 0.049400 0.106300 0.088300 0.032600 0.102300 0.084100 0.062100 0.036900 0.045300 0.045300 0.049600 0.074800 0.070800 0.066600
Yak 0.070600 0.254700 0.040800 0.189200 0.062000 0.070200 0.075000 0.079000 0.034300 0.087800 0.070600 0.028300 0.066200 0.061800 0.071100 0.074700 0.040700 0.040600 0.062000 0.036600 0.092000 0.075200 0.078900 0.053200 0.070800 0.070600 0.061700 0.040700 0.070400 0.040700 0.088000 0.066100 0.079300 0.078700 0.070900 0.000000 0.066400 0.053300 0.070400 0.083400 0.074500 0.070500 0.079300 0.061800 0.016000 0.070400 0.074900 0.066300 0.079500 0.044600 0.032400 0.036600
BlueSheep 0.011700 0.227900 0.066400 0.164900 0.023900 0.012000 0.040900 0.039400 0.057800 0.106000 0.003900 0.053400 0.023000 0.019400 0.045500 0.040900 0.057700 0.066100 0.011700 0.062000 0.057700 0.007800 0.096900 0.069900 0.003900 0.028500 0.020100 0.066300 0.036700 0.066200 0.106200 0.024300 0.079500 0.035300 0.028600 0.066400 0.000000 0.024300 0.035600 0.101400 0.092300 0.036700 0.106300 0.070700 0.057600 0.040900 0.049300 0.040900 0.045300 0.070200 0.057700 0.053500
BohorReedb 0.028400 0.243100 0.066100 0.179000 0.008000 0.028300 0.040800 0.032400 0.061800 0.096600 0.028300 0.044800 0.024200 0.020100 0.036900 0.032400 0.049000 0.057300 0.020200 0.061700 0.049000 0.032600 0.087600 0.061600 0.028400 0.028400 0.020100 0.066000 0.036500 0.065900 0.096700 0.024200 0.088000 0.028100 0.028500 0.053300 0.024300 0.000000 0.036500 0.092100 0.083100 0.028300 0.096800 0.070300 0.048900 0.024200 0.040700 0.040700 0.036700 0.061400 0.057400 0.053200
KirksDik 0.049200 0.259200 0.069900 0.193800 0.036600 0.049100 0.061900 0.028300 0.066100 0.109900 0.040700 0.057400 0.044900 0.040600 0.058000 0.028300 0.069600 0.070100 0.040800 0.066000 0.044900 0.045100 0.109800 0.083100 0.040800 0.024300 0.040600 0.070200 0.032400 0.070200 0.110100 0.044800 0.101300 0.057200 0.049400 0.070400 0.035600 0.036500 0.000000 0.114300 0.105100 0.024200 0.101200 0.083300 0.061600 0.053200 0.020200 0.044900 0.057800 0.074100 0.061600 0.057400
RoeDeer 0.105800 0.265500 0.083300 0.193800 0.101200 0.105600 0.119400 0.118900 0.087800 0.087600 0.105700 0.078900 0.101100 0.096500 0.106500 0.110000 0.066000 0.074400 0.096900 0.087700 0.128200 0.110700 0.070100 0.040500 0.106000 0.105800 0.096400 0.092000 0.105500 0.092000 0.087700 0.096600 0.105900 0.113900 0.106300 0.083400 0.101400 0.092100 0.114300 0.000000 0.065400 0.105600 0.087800 0.049000 0.083100 0.101100 0.119200 0.101200 0.115200 0.078500 0.083200 0.087600
WhiteLippe 0.092200 0.243200 0.083200 0.173900 0.092100 0.096500 0.110000 0.109600 0.078800 0.036200 0.096500 0.070100 0.092000 0.087500 0.079400 0.100800 0.057300 0.065700 0.087800 0.078700 0.118000 0.101400 0.003900 0.028100 0.096800 0.087800 0.087300 0.083000 0.096300 0.083000 0.036200 0.092000 0.092300 0.104700 0.088300 0.074500 0.092300 0.083100 0.105100 0.065400 0.000000 0.087700 0.036200 0.036400 0.074300 0.083300 0.100900 0.066000 0.101100 0.069800 0.074300 0.078700
ThomsonGaz 0.040900 0.258700 0.079200 0.183900 0.036700 0.040800 0.053500 0.028300 0.074900 0.088000 0.040800 0.057500 0.036600 0.032400 0.041000 0.020100 0.061800 0.070200 0.032600 0.074800 0.036600 0.045200 0.091900 0.074600 0.041000 0.007800 0.032400 0.079100 0.024300 0.079000 0.088100 0.036500 0.101200 0.048900 0.032600 0.070500 0.036700 0.028300 0.024200 0.105600 0.087700 0.000000 0.088200 0.083500 0.061700 0.036600 0.020200 0.036700 0.049200 0.074300 0.070400 0.066100
MuntiacusC 0.110700 0.255700 0.088100 0.180300 0.106000 0.110500 0.124300 0.114700 0.083700 0.011900 0.111500 0.074900 0.105900 0.101300 0.097900 0.105800 0.070500 0.070400 0.101700 0.083600 0.123900 0.115600 0.040200 0.049000 0.110900 0.092800 0.101100 0.087900 0.101300 0.087900 0.011600 0.105900 0.106300 0.109900 0.102300 0.079300 0.106300 0.096800 0.101200 0.087800 0.036200 0.088200 0.000000 0.057600 0.079100 0.106000 0.097100 0.088300 0.120100 0.074600 0.079100 0.083600
WhiteTaile 0.083700 0.232900 0.061900 0.159600 0.070500 0.083500 0.096900 0.087700 0.057600 0.057500 0.074900 0.057500 0.079100 0.074700 0.084200 0.087800 0.044900 0.053200 0.075000 0.057500 0.105600 0.079600 0.040400 0.007700 0.075100 0.083700 0.074600 0.061700 0.083400 0.061700 0.057600 0.079100 0.075000 0.091800 0.084100 0.061800 0.070700 0.070300 0.083300 0.049000 0.036400 0.083500 0.057600 0.000000 0.061700 0.079100 0.096800 0.062000 0.092700 0.057200 0.053200 0.057500
Cattle 0.061900 0.253800 0.040700 0.178700 0.057500 0.061700 0.074700 0.070200 0.036500 0.087600 0.061800 0.028200 0.057500 0.053200 0.070900 0.065900 0.040500 0.040500 0.053400 0.036500 0.083200 0.066400 0.078700 0.053100 0.062000 0.061800 0.053100 0.040600 0.061600 0.040600 0.087700 0.057400 0.079100 0.069900 0.062100 0.016000 0.057600 0.048900 0.061600 0.083100 0.074300 0.061700 0.079100 0.061700 0.000000 0.066000 0.066000 0.066000 0.070600 0.044500 0.032300 0.028200
RoyalAntel 0.045000 0.254500 0.083500 0.189400 0.032500 0.044900 0.049600 0.057500 0.079100 0.105700 0.045000 0.061700 0.040800 0.036500 0.045300 0.049100 0.066000 0.074400 0.036700 0.078900 0.066100 0.041000 0.087800 0.070300 0.045100 0.036700 0.036500 0.083300 0.052800 0.083300 0.105900 0.040700 0.105900 0.053000 0.036900 0.070400 0.040900 0.024200 0.053200 0.101100 0.083300 0.036600 0.106000 0.079100 0.066000 0.000000 0.049200 0.049200 0.053600 0.078500 0.074600 0.070400
Steenbok 0.053500 0.276800 0.083600 0.199800 0.049300 0.053400 0.066300 0.040800 0.079200 0.105700 0.053500 0.061800 0.049200 0.044900 0.053900 0.032500 0.074700 0.074500 0.045100 0.079200 0.049200 0.058000 0.105600 0.087700 0.053600 0.020200 0.044800 0.083500 0.034800 0.083400 0.105900 0.049200 0.115100 0.061400 0.045300 0.074900 0.049300 0.040700 0.020200 0.119200 0.100900 0.020200 0.097100 0.096800 0.066000 0.049200 0.000000 0.049300 0.053600 0.078700 0.074700 0.070500
Impala 0.049300 0.238700 0.066300 0.169700 0.040800 0.053400 0.066300 0.049100 0.062000 0.088100 0.045000 0.053300 0.049200 0.044900 0.045400 0.049200 0.057600 0.066000 0.045100 0.061900 0.066200 0.049400 0.070400 0.061800 0.045100 0.036700 0.044800 0.066100 0.053400 0.066100 0.088200 0.049100 0.083800 0.061500 0.045300 0.066300 0.040900 0.040700 0.044900 0.101200 0.066000 0.036700 0.088300 0.062000 0.066000 0.049200 0.049300 0.000000 0.062200 0.070100 0.057600 0.061900
Klipspring 0.049500 0.259700 0.088400 0.194700 0.045200 0.049400 0.062300 0.062100 0.083900 0.119900 0.049400 0.066300 0.045200 0.040900 0.049600 0.053400 0.070700 0.079200 0.032600 0.083800 0.070700 0.053900 0.105500 0.083700 0.049600 0.049300 0.040800 0.088200 0.057900 0.088100 0.120100 0.045000 0.110700 0.057500 0.049600 0.079500 0.045300 0.036700 0.057800 0.115200 0.101100 0.049200 0.120100 0.092700 0.070600 0.053600 0.053600 0.062200 0.000000 0.083300 0.079300 0.075100
ForestMusk 0.074400 0.247300 0.053000 0.182800 0.070100 0.074300 0.087400 0.087100 0.048800 0.083000 0.074400 0.040500 0.070000 0.065600 0.074900 0.078500 0.036300 0.036200 0.065900 0.048800 0.096000 0.079000 0.074200 0.048700 0.074600 0.074400 0.065500 0.044600 0.074200 0.052900 0.083200 0.070000 0.066000 0.082500 0.074800 0.044600 0.070200 0.061400 0.074100 0.078500 0.069800 0.074300 0.074600 0.057200 0.044500 0.078500 0.078700 0.070100 0.083300 0.000000 0.044600 0.048700
Bushbuck 0.070500 0.242800 0.007800 0.178600 0.057600 0.070300 0.083500 0.074500 0.003900 0.087700 0.061800 0.028300 0.066000 0.061700 0.070900 0.074600 0.040600 0.040500 0.061900 0.004000 0.092000 0.066400 0.078800 0.053100 0.062000 0.070500 0.061600 0.007800 0.070200 0.008000 0.087800 0.066000 0.070500 0.078500 0.070800 0.032400 0.057700 0.057400 0.061600 0.083200 0.074300 0.070400 0.079100 0.053200 0.032300 0.074600 0.074700 0.057600 0.079300 0.044600 0.000000 0.004000
GreaterKud 0.066200 0.248500 0.011700 0.173900 0.053400 0.066100 0.079200 0.070300 0.007800 0.092100 0.053700 0.032400 0.061800 0.057500 0.075300 0.070300 0.044800 0.044700 0.057700 0.007800 0.087700 0.062100 0.083200 0.057400 0.057800 0.066200 0.057400 0.011700 0.066000 0.011700 0.092300 0.061800 0.074800 0.074300 0.066600 0.036600 0.053500 0.053200 0.057400 0.087600 0.078700 0.066100 0.083600 0.057500 0.028200 0.070400 0.070500 0.061900 0.075100 0.048700 0.004000 0.000000
