CODONML (in paml version 4.10.7, June 2023)  /home/rachel/ruminants_paml/6406-phy-tree/ENSBTAT00000011931.fasta.phy
Model: free dN/dS Ratios for branches,  kappa = 2.000 fixed

Codon frequency model: F3x4
ns =  54  ls = 112

Codon usage in sequences
--------------------------------------------------------------------------------------------------------------------------------------
Phe TTT   2   1   2   2   1   1 | Ser TCT   1   1   1   1   1   1 | Tyr TAT   1   1   1   1   0   1 | Cys TGT   5   5   5   5   4   5
    TTC   0   1   0   0   1   1 |     TCC   0   0   0   0   0   0 |     TAC   2   2   2   2   3   2 |     TGC   8   8   8   8   9   8
Leu TTA   0   0   0   0   0   0 |     TCA   1   1   1   1   0   1 | *** TAA   0   0   0   0   0   0 | *** TGA   0   0   0   0   0   0
    TTG   1   0   1   1   0   1 |     TCG   0   1   0   0   1   0 |     TAG   0   0   0   0   0   0 | Trp TGG   1   1   1   1   1   1
--------------------------------------------------------------------------------------------------------------------------------------
Leu CTT   2   1   2   2   1   0 | Pro CCT   1   2   1   2   1   2 | His CAT   1   1   1   1   1   0 | Arg CGT   0   0   0   0   0   0
    CTC   3   5   3   3   6   6 |     CCC   4   5   4   3   3   4 |     CAC   2   2   2   2   2   3 |     CGC   1   1   1   2   1   1
    CTA   0   0   0   0   0   2 |     CCA   1   1   1   1   2   1 | Gln CAA   0   0   1   0   0   1 |     CGA   1   0   1   0   2   1
    CTG   7   6   7   7   6   4 |     CCG   1   0   1   1   1   0 |     CAG   6   6   5   6   6   5 |     CGG   1   2   1   1   0   1
--------------------------------------------------------------------------------------------------------------------------------------
Ile ATT   2   2   1   2   1   2 | Thr ACT   2   2   3   2   2   2 | Asn AAT   1   1   1   2   0   1 | Ser AGT   0   0   0   1   0   0
    ATC   2   2   3   2   3   2 |     ACC   3   3   3   3   2   2 |     AAC   4   4   4   3   5   4 |     AGC   0   0   0   0   0   0
    ATA   0   0   0   0   0   0 |     ACA   1   2   0   0   2   1 | Lys AAA   2   1   2   2   1   0 | Arg AGA   0   0   0   0   1   1
Met ATG   6   6   6   6   6   6 |     ACG   2   2   3   3   1   2 |     AAG   2   3   2   2   3   3 |     AGG   1   0   1   0   0   1
--------------------------------------------------------------------------------------------------------------------------------------
Val GTT   1   1   1   1   2   1 | Ala GCT   1   2   2   1   2   3 | Asp GAT   0   0   0   2   0   0 | Gly GGT   1   1   1   1   1   1
    GTC   1   1   1   1   1   1 |     GCC   3   2   1   3   3   4 |     GAC   3   3   3   2   3   3 |     GGC   2   2   2   1   2   2
    GTA   0   0   0   0   0   0 |     GCA   2   3   2   2   2   2 | Glu GAA   5   5   5   5   6   6 |     GGA   2   4   2   2   2   2
    GTG   3   2   3   3   2   3 |     GCG   1   0   1   1   1   0 |     GAG   3   3   3   3   2   2 |     GGG   3   1   3   3   3   2
--------------------------------------------------------------------------------------------------------------------------------------

--------------------------------------------------------------------------------------------------------------------------------------
Phe TTT   2   2   2   2   2   2 | Ser TCT   1   1   1   2   1   1 | Tyr TAT   1   1   1   1   1   1 | Cys TGT   5   5   6   4   5   5
    TTC   0   0   0   0   0   0 |     TCC   0   0   0   0   0   0 |     TAC   2   2   2   2   2   2 |     TGC   8   8   7   8   8   8
Leu TTA   0   0   0   0   0   0 |     TCA   1   1   1   1   1   1 | *** TAA   0   0   0   0   0   0 | *** TGA   0   0   0   0   0   0
    TTG   1   1   2   1   1   1 |     TCG   0   0   0   0   0   0 |     TAG   0   0   0   0   0   0 | Trp TGG   1   1   1   1   1   1
--------------------------------------------------------------------------------------------------------------------------------------
Leu CTT   2   2   2   2   2   2 | Pro CCT   1   1   1   1   1   1 | His CAT   1   1   1   1   1   1 | Arg CGT   0   0   0   0   0   0
    CTC   3   3   3   3   3   3 |     CCC   4   4   5   4   4   5 |     CAC   2   2   2   2   2   2 |     CGC   1   1   1   1   1   1
    CTA   0   0   0   0   0   0 |     CCA   1   1   0   1   1   0 | Gln CAA   0   0   1   0   0   1 |     CGA   1   1   1   1   1   1
    CTG   7   7   6   7   7   7 |     CCG   1   1   1   1   1   1 |     CAG   6   6   5   6   6   5 |     CGG   1   1   1   1   1   1
--------------------------------------------------------------------------------------------------------------------------------------
Ile ATT   2   2   2   2   1   2 | Thr ACT   2   2   2   2   2   1 | Asn AAT   2   1   1   1   2   1 | Ser AGT   0   0   0   0   0   0
    ATC   2   2   2   2   3   3 |     ACC   3   3   3   3   3   2 |     AAC   3   4   4   4   3   4 |     AGC   0   0   0   0   0   0
    ATA   0   0   0   0   0   0 |     ACA   1   1   1   2   0   1 | Lys AAA   2   2   2   2   2   2 | Arg AGA   0   0   0   0   0   0
Met ATG   7   6   6   6   6   6 |     ACG   1   2   2   1   3   3 |     AAG   2   2   2   2   2   2 |     AGG   1   1   1   1   1   1
--------------------------------------------------------------------------------------------------------------------------------------
Val GTT   1   1   1   1   1   1 | Ala GCT   2   1   1   2   2   2 | Asp GAT   0   0   0   0   0   0 | Gly GGT   1   1   1   1   1   0
    GTC   1   1   1   2   1   1 |     GCC   2   3   3   2   2   3 |     GAC   3   3   3   3   3   3 |     GGC   2   2   2   2   2   2
    GTA   0   0   0   0   0   1 |     GCA   2   2   2   2   2   2 | Glu GAA   5   5   5   5   5   4 |     GGA   2   2   2   2   2   3
    GTG   3   3   3   2   3   2 |     GCG   1   1   1   1   1   0 |     GAG   3   3   3   3   3   4 |     GGG   3   3   3   3   3   3
--------------------------------------------------------------------------------------------------------------------------------------

--------------------------------------------------------------------------------------------------------------------------------------
Phe TTT   2   2   2   2   2   2 | Ser TCT   1   1   1   1   1   1 | Tyr TAT   1   1   1   1   1   1 | Cys TGT   5   5   5   6   5   5
    TTC   0   0   0   0   0   0 |     TCC   0   0   0   0   0   0 |     TAC   2   2   2   2   2   2 |     TGC   8   8   8   7   8   8
Leu TTA   0   0   0   0   0   0 |     TCA   1   1   1   1   0   1 | *** TAA   0   0   0   0   0   0 | *** TGA   0   0   0   0   0   0
    TTG   1   1   1   1   1   1 |     TCG   0   0   0   0   1   0 |     TAG   0   0   0   0   0   0 | Trp TGG   1   1   1   1   1   1
--------------------------------------------------------------------------------------------------------------------------------------
Leu CTT   2   2   2   2   2   2 | Pro CCT   1   1   2   1   1   1 | His CAT   1   1   1   1   1   1 | Arg CGT   0   0   0   0   0   0
    CTC   3   3   3   3   3   3 |     CCC   4   4   3   4   4   4 |     CAC   2   2   2   2   2   2 |     CGC   1   1   1   1   1   1
    CTA   0   0   0   0   0   0 |     CCA   1   1   1   1   1   0 | Gln CAA   0   0   0   1   0   0 |     CGA   1   1   1   1   1   1
    CTG   7   7   7   7   7   7 |     CCG   1   1   1   1   1   2 |     CAG   6   6   6   5   6   6 |     CGG   1   1   1   1   1   1
--------------------------------------------------------------------------------------------------------------------------------------
Ile ATT   2   1   2   2   2   2 | Thr ACT   2   2   2   2   2   2 | Asn AAT   1   1   1   1   1   1 | Ser AGT   0   0   0   0   1   0
    ATC   2   3   2   2   2   2 |     ACC   3   3   3   3   3   3 |     AAC   4   4   4   4   3   4 |     AGC   0   0   0   0   0   0
    ATA   0   0   0   0   0   0 |     ACA   1   0   2   1   1   2 | Lys AAA   2   3   2   2   2   2 | Arg AGA   0   0   0   0   0   0
Met ATG   6   6   6   6   6   6 |     ACG   2   3   1   2   2   1 |     AAG   2   1   2   2   2   2 |     AGG   1   1   1   1   1   1
--------------------------------------------------------------------------------------------------------------------------------------
Val GTT   1   1   1   1   1   0 | Ala GCT   1   2   1   1   2   1 | Asp GAT   0   0   0   0   0   0 | Gly GGT   1   1   1   1   1   1
    GTC   1   1   1   1   1   1 |     GCC   3   2   3   3   2   3 |     GAC   3   3   3   3   3   3 |     GGC   2   2   2   2   2   2
    GTA   0   0   0   0   0   0 |     GCA   2   2   2   2   2   2 | Glu GAA   5   5   5   5   5   5 |     GGA   2   2   2   2   2   2
    GTG   3   3   3   3   3   4 |     GCG   1   1   1   1   1   1 |     GAG   3   3   3   3   3   3 |     GGG   3   3   3   3   3   3
--------------------------------------------------------------------------------------------------------------------------------------

--------------------------------------------------------------------------------------------------------------------------------------
Phe TTT   1   2   2   2   2   2 | Ser TCT   1   1   1   1   1   1 | Tyr TAT   1   1   1   1   1   1 | Cys TGT   5   5   5   5   5   5
    TTC   1   0   0   0   0   0 |     TCC   0   0   0   0   0   0 |     TAC   2   2   2   2   2   2 |     TGC   8   8   8   8   8   8
Leu TTA   0   0   0   0   0   0 |     TCA   1   1   1   1   1   1 | *** TAA   0   0   0   0   0   0 | *** TGA   0   0   0   0   0   0
    TTG   1   1   1   1   1   1 |     TCG   0   0   0   0   0   0 |     TAG   0   0   0   0   0   0 | Trp TGG   1   1   1   1   1   1
--------------------------------------------------------------------------------------------------------------------------------------
Leu CTT   2   2   3   2   2   2 | Pro CCT   1   1   1   1   1   1 | His CAT   0   0   1   1   1   2 | Arg CGT   1   1   0   0   0   0
    CTC   3   3   3   3   3   3 |     CCC   4   4   4   4   4   4 |     CAC   2   2   2   2   2   1 |     CGC   1   1   1   1   1   1
    CTA   0   0   0   0   0   0 |     CCA   2   1   1   2   1   1 | Gln CAA   0   0   0   0   0   0 |     CGA   1   1   1   1   1   1
    CTG   7   7   6   7   7   7 |     CCG   0   1   1   0   1   1 |     CAG   6   6   6   6   6   6 |     CGG   1   1   1   1   1   1
--------------------------------------------------------------------------------------------------------------------------------------
Ile ATT   2   2   2   1   2   2 | Thr ACT   2   2   2   2   2   2 | Asn AAT   0   0   1   2   2   1 | Ser AGT   0   0   0   0   0   0
    ATC   2   2   2   3   2   2 |     ACC   3   3   3   3   3   3 |     AAC   5   5   4   3   3   4 |     AGC   1   0   0   0   0   0
    ATA   0   1   0   0   0   0 |     ACA   2   2   1   0   1   1 | Lys AAA   2   2   2   2   2   2 | Arg AGA   0   0   0   0   0   0
Met ATG   6   6   6   6   6   6 |     ACG   1   0   2   3   2   2 |     AAG   2   2   2   2   2   2 |     AGG   1   1   1   1   1   1
--------------------------------------------------------------------------------------------------------------------------------------
Val GTT   1   1   1   1   2   1 | Ala GCT   3   3   1   2   2   1 | Asp GAT   0   1   0   0   0   0 | Gly GGT   1   1   1   1   1   1
    GTC   1   1   1   1   0   1 |     GCC   1   1   3   2   2   3 |     GAC   3   2   3   3   3   3 |     GGC   1   2   2   2   2   2
    GTA   0   0   0   0   0   0 |     GCA   3   2   2   2   2   2 | Glu GAA   5   5   5   5   6   5 |     GGA   2   2   2   2   2   2
    GTG   3   3   3   3   3   3 |     GCG   0   1   1   1   1   1 |     GAG   3   3   3   3   2   3 |     GGG   3   3   3   3   3   3
--------------------------------------------------------------------------------------------------------------------------------------

--------------------------------------------------------------------------------------------------------------------------------------
Phe TTT   2   2   2   1   2   2 | Ser TCT   1   1   1   1   0   1 | Tyr TAT   1   1   1   0   1   1 | Cys TGT   4   5   5   6   5   5
    TTC   0   0   0   1   0   0 |     TCC   0   0   0   0   0   0 |     TAC   2   2   2   2   2   2 |     TGC   9   8   8   7   8   8
Leu TTA   0   0   0   0   0   0 |     TCA   1   1   1   1   1   1 | *** TAA   0   0   0   0   0   0 | *** TGA   0   0   0   0   0   0
    TTG   1   1   1   1   1   1 |     TCG   0   0   0   0   1   0 |     TAG   0   0   0   0   0   0 | Trp TGG   1   1   1   1   1   1
--------------------------------------------------------------------------------------------------------------------------------------
Leu CTT   1   1   2   3   2   2 | Pro CCT   1   1   1   1   2   1 | His CAT   1   1   1   2   1   1 | Arg CGT   0   0   0   0   0   0
    CTC   4   4   3   3   3   3 |     CCC   5   5   4   4   3   4 |     CAC   2   2   2   2   2   2 |     CGC   1   1   1   1   1   1
    CTA   0   0   0   0   0   0 |     CCA   0   0   1   0   1   1 | Gln CAA   0   0   0   0   0   0 |     CGA   1   1   1   1   1   1
    CTG   7   7   7   6   7   7 |     CCG   1   1   1   2   1   1 |     CAG   6   6   6   6   6   6 |     CGG   1   1   1   1   1   1
--------------------------------------------------------------------------------------------------------------------------------------
Ile ATT   2   2   2   2   2   1 | Thr ACT   2   2   2   2   2   2 | Asn AAT   1   1   1   1   1   1 | Ser AGT   0   0   0   0   0   0
    ATC   3   3   2   2   2   3 |     ACC   1   1   3   3   3   3 |     AAC   4   4   4   4   4   4 |     AGC   0   0   0   0   0   0
    ATA   0   0   0   0   0   0 |     ACA   0   2   1   1   2   0 | Lys AAA   2   2   2   1   2   2 | Arg AGA   0   0   0   0   0   0
Met ATG   6   6   6   6   6   6 |     ACG   3   2   2   2   1   3 |     AAG   2   2   2   3   2   2 |     AGG   1   1   1   1   1   1
--------------------------------------------------------------------------------------------------------------------------------------
Val GTT   1   1   1   1   1   1 | Ala GCT   2   2   1   1   1   2 | Asp GAT   0   1   0   0   0   0 | Gly GGT   0   1   1   1   1   1
    GTC   1   1   1   1   1   1 |     GCC   2   2   3   3   3   2 |     GAC   3   2   3   3   3   3 |     GGC   2   2   2   2   2   2
    GTA   0   0   0   0   0   0 |     GCA   2   3   2   2   2   2 | Glu GAA   4   5   5   4   5   5 |     GGA   3   2   2   2   2   2
    GTG   3   3   3   3   3   3 |     GCG   2   0   1   1   1   1 |     GAG   4   3   3   4   3   3 |     GGG   3   3   3   3   3   3
--------------------------------------------------------------------------------------------------------------------------------------

--------------------------------------------------------------------------------------------------------------------------------------
Phe TTT   2   2   2   2   1   2 | Ser TCT   1   1   1   1   2   0 | Tyr TAT   1   1   1   1   1   1 | Cys TGT   5   5   5   6   4   5
    TTC   0   0   0   0   1   0 |     TCC   0   0   0   0   0   0 |     TAC   2   2   2   2   2   2 |     TGC   8   8   8   7   8   8
Leu TTA   0   0   0   0   0   0 |     TCA   1   1   1   1   1   1 | *** TAA   0   0   0   0   0   0 | *** TGA   0   0   0   0   0   0
    TTG   1   1   1   1   1   1 |     TCG   0   0   0   0   0   1 |     TAG   0   0   0   0   0   0 | Trp TGG   1   1   1   1   1   1
--------------------------------------------------------------------------------------------------------------------------------------
Leu CTT   2   2   2   2   2   2 | Pro CCT   1   1   1   1   1   2 | His CAT   1   1   1   1   1   1 | Arg CGT   0   0   0   0   0   0
    CTC   3   3   3   3   3   3 |     CCC   4   4   5   4   3   3 |     CAC   2   2   2   2   2   2 |     CGC   1   1   1   1   1   1
    CTA   0   0   0   0   0   0 |     CCA   1   1   0   1   1   1 | Gln CAA   0   0   0   1   0   0 |     CGA   1   1   1   1   1   1
    CTG   7   7   7   7   7   7 |     CCG   1   1   1   1   1   1 |     CAG   6   6   6   5   6   6 |     CGG   1   1   1   1   1   1
--------------------------------------------------------------------------------------------------------------------------------------
Ile ATT   2   1   2   2   2   2 | Thr ACT   2   2   1   2   2   2 | Asn AAT   1   2   1   2   2   1 | Ser AGT   0   0   0   0   0   0
    ATC   2   3   3   2   2   2 |     ACC   3   3   2   3   4   3 |     AAC   4   3   4   3   3   4 |     AGC   0   0   0   0   0   0
    ATA   0   0   0   0   0   0 |     ACA   1   0   1   1   1   2 | Lys AAA   2   2   2   2   2   2 | Arg AGA   0   0   0   0   0   0
Met ATG   6   6   6   6   6   6 |     ACG   2   3   3   2   1   1 |     AAG   2   2   2   2   2   2 |     AGG   1   1   1   1   1   1
--------------------------------------------------------------------------------------------------------------------------------------
Val GTT   1   1   1   1   1   1 | Ala GCT   1   2   2   1   1   1 | Asp GAT   0   0   0   0   0   0 | Gly GGT   1   1   0   1   1   1
    GTC   1   1   1   1   1   1 |     GCC   3   2   3   3   4   3 |     GAC   3   3   3   3   3   3 |     GGC   2   2   2   2   2   2
    GTA   0   0   1   0   0   0 |     GCA   2   2   2   2   3   2 | Glu GAA   5   5   4   5   5   5 |     GGA   2   2   3   2   2   2
    GTG   3   3   2   3   2   3 |     GCG   1   1   0   1   1   1 |     GAG   3   3   4   3   3   3 |     GGG   3   3   3   3   3   3
--------------------------------------------------------------------------------------------------------------------------------------

--------------------------------------------------------------------------------------------------------------------------------------
Phe TTT   1   2   2   2   2   2 | Ser TCT   2   1   1   1   1   1 | Tyr TAT   1   1   1   1   1   1 | Cys TGT   6   5   5   5   5   4
    TTC   0   0   0   0   0   0 |     TCC   0   0   0   0   0   0 |     TAC   2   2   2   2   2   2 |     TGC   7   8   8   8   8   9
Leu TTA   0   0   0   0   0   0 |     TCA   1   1   1   1   1   1 | *** TAA   0   0   0   0   0   0 | *** TGA   0   0   0   0   0   0
    TTG   1   1   1   1   1   1 |     TCG   0   0   0   0   0   0 |     TAG   0   0   0   0   0   0 | Trp TGG   1   1   1   1   1   1
--------------------------------------------------------------------------------------------------------------------------------------
Leu CTT   2   2   2   2   2   1 | Pro CCT   1   2   0   1   1   1 | His CAT   1   1   1   1   2   1 | Arg CGT   0   0   0   0   0   0
    CTC   2   3   3   3   3   4 |     CCC   5   3   5   4   4   6 |     CAC   2   2   2   2   1   2 |     CGC   1   1   1   1   0   1
    CTA   0   0   0   0   0   0 |     CCA   1   1   1   1   1   0 | Gln CAA   0   0   0   0   0   0 |     CGA   1   1   1   1   2   1
    CTG   7   7   7   7   7   7 |     CCG   2   1   1   1   1   1 |     CAG   5   6   6   6   6   6 |     CGG   1   1   1   1   1   1
--------------------------------------------------------------------------------------------------------------------------------------
Ile ATT   2   1   2   2   2   2 | Thr ACT   2   2   2   3   2   2 | Asn AAT   1   1   1   2   1   1 | Ser AGT   0   0   0   0   0   0
    ATC   2   3   2   2   2   3 |     ACC   3   3   3   2   3   1 |     AAC   4   4   4   3   4   4 |     AGC   0   0   0   0   0   0
    ATA   0   0   0   0   0   0 |     ACA   0   0   1   1   2   1 | Lys AAA   2   3   2   2   2   2 | Arg AGA   0   0   0   0   0   0
Met ATG   6   6   6   7   6   6 |     ACG   3   3   2   1   1   2 |     AAG   2   1   2   2   2   2 |     AGG   1   1   1   1   1   1
--------------------------------------------------------------------------------------------------------------------------------------
Val GTT   1   2   1   1   1   0 | Ala GCT   2   2   1   1   1   2 | Asp GAT   0   0   0   0   0   0 | Gly GGT   1   1   1   1   0   1
    GTC   1   0   1   1   1   1 |     GCC   2   2   3   3   3   2 |     GAC   3   3   3   3   3   3 |     GGC   2   2   2   2   3   2
    GTA   0   0   0   0   0   0 |     GCA   2   3   2   2   2   3 | Glu GAA   5   5   5   5   5   4 |     GGA   2   2   2   2   2   2
    GTG   3   3   3   3   3   4 |     GCG   1   0   1   1   1   0 |     GAG   3   3   3   3   3   4 |     GGG   3   3   3   3   3   3
--------------------------------------------------------------------------------------------------------------------------------------

--------------------------------------------------------------------------------------------------------------------------------------
Phe TTT   2   1   2   2   2   2 | Ser TCT   1   1   1   1   1   1 | Tyr TAT   1   1   1   1   1   1 | Cys TGT   4   6   5   6   5   5
    TTC   0   1   0   0   0   0 |     TCC   0   1   0   0   0   0 |     TAC   2   2   2   2   2   2 |     TGC   9   7   8   7   8   8
Leu TTA   0   0   0   0   0   0 |     TCA   1   0   1   1   1   1 | *** TAA   0   0   0   0   0   0 | *** TGA   0   0   0   0   0   0
    TTG   1   1   1   1   1   1 |     TCG   0   0   0   0   0   0 |     TAG   0   0   0   0   0   0 | Trp TGG   1   1   1   1   1   1
--------------------------------------------------------------------------------------------------------------------------------------
Leu CTT   1   2   2   1   2   2 | Pro CCT   1   1   1   1   2   1 | His CAT   1   1   1   1   1   1 | Arg CGT   0   0   0   0   0   0
    CTC   4   3   2   4   3   3 |     CCC   5   5   5   5   3   4 |     CAC   2   2   2   2   2   2 |     CGC   1   1   1   1   1   1
    CTA   0   0   0   0   0   0 |     CCA   0   0   0   0   2   1 | Gln CAA   0   0   0   0   0   0 |     CGA   1   1   1   1   1   1
    CTG   7   7   8   7   7   7 |     CCG   1   2   1   1   0   1 |     CAG   6   6   6   6   6   6 |     CGG   1   1   1   1   1   1
--------------------------------------------------------------------------------------------------------------------------------------
Ile ATT   2   2   2   2   1   2 | Thr ACT   2   2   1   2   2   2 | Asn AAT   1   1   1   1   1   2 | Ser AGT   0   0   0   0   0   0
    ATC   3   2   3   3   3   2 |     ACC   1   2   2   1   3   3 |     AAC   4   4   4   4   4   3 |     AGC   0   0   0   0   0   0
    ATA   0   0   0   0   0   0 |     ACA   0   1   1   1   2   1 | Lys AAA   2   1   2   2   3   2 | Arg AGA   0   0   0   0   0   0
Met ATG   7   6   6   6   6   6 |     ACG   2   2   3   3   2   2 |     AAG   2   3   2   2   1   2 |     AGG   1   1   1   1   1   1
--------------------------------------------------------------------------------------------------------------------------------------
Val GTT   1   1   1   1   2   1 | Ala GCT   2   1   2   2   2   1 | Asp GAT   0   0   0   0   0   1 | Gly GGT   0   1   0   1   1   1
    GTC   1   1   1   1   0   1 |     GCC   2   3   3   2   2   3 |     GAC   3   3   3   3   4   2 |     GGC   2   2   2   2   2   2
    GTA   0   0   1   0   0   0 |     GCA   2   2   2   3   1   2 | Glu GAA   4   4   4   5   4   5 |     GGA   3   2   3   2   2   2
    GTG   3   3   2   3   3   4 |     GCG   2   1   0   0   1   0 |     GAG   4   4   4   3   3   3 |     GGG   3   3   3   3   3   3
--------------------------------------------------------------------------------------------------------------------------------------

--------------------------------------------------------------------------------------------------------------------------------------
Phe TTT   2   1   2   2   2   2 | Ser TCT   1   1   1   1   1   1 | Tyr TAT   0   1   1   1   1   1 | Cys TGT   5   5   5   5   5   5
    TTC   0   0   0   0   0   0 |     TCC   0   0   0   0   0   0 |     TAC   3   2   2   2   2   2 |     TGC   8   8   8   8   8   8
Leu TTA   0   0   0   0   0   0 |     TCA   1   1   1   1   1   1 | *** TAA   0   0   0   0   0   0 | *** TGA   0   0   0   0   0   0
    TTG   1   2   2   1   1   1 |     TCG   0   1   0   0   0   0 |     TAG   0   0   0   0   0   0 | Trp TGG   1   1   1   1   1   1
--------------------------------------------------------------------------------------------------------------------------------------
Leu CTT   2   2   2   2   2   2 | Pro CCT   2   1   0   2   1   1 | His CAT   1   1   1   1   1   1 | Arg CGT   0   0   0   0   0   0
    CTC   3   4   3   3   3   3 |     CCC   3   4   5   3   4   4 |     CAC   2   2   2   2   2   2 |     CGC   1   1   1   2   1   1
    CTA   0   0   0   0   0   0 |     CCA   1   1   1   1   1   1 | Gln CAA   0   0   1   0   0   0 |     CGA   1   1   1   0   1   1
    CTG   7   6   6   7   7   7 |     CCG   1   1   1   1   1   1 |     CAG   6   6   5   6   6   6 |     CGG   1   1   1   1   1   1
--------------------------------------------------------------------------------------------------------------------------------------
Ile ATT   2   2   2   2   1   1 | Thr ACT   2   2   2   2   2   2 | Asn AAT   1   2   1   2   1   1 | Ser AGT   0   0   0   1   0   0
    ATC   2   2   2   2   3   3 |     ACC   3   3   3   3   3   3 |     AAC   4   3   4   3   4   4 |     AGC   0   0   0   0   0   0
    ATA   0   0   0   0   0   0 |     ACA   1   2   1   0   0   0 | Lys AAA   2   2   2   2   1   2 | Arg AGA   0   0   0   0   0   0
Met ATG   6   6   6   6   6   6 |     ACG   2   1   2   3   3   3 |     AAG   2   2   2   2   3   2 |     AGG   1   1   1   0   1   1
--------------------------------------------------------------------------------------------------------------------------------------
Val GTT   1   1   1   1   1   1 | Ala GCT   1   0   2   1   2   2 | Asp GAT   0   0   0   2   0   1 | Gly GGT   0   1   1   1   1   1
    GTC   1   1   1   1   1   1 |     GCC   3   3   2   3   2   2 |     GAC   3   3   2   2   3   2 |     GGC   3   2   3   1   2   2
    GTA   0   0   0   0   0   0 |     GCA   2   2   3   2   2   2 | Glu GAA   5   5   5   5   5   5 |     GGA   2   2   2   2   2   2
    GTG   3   3   3   3   3   3 |     GCG   1   1   0   1   1   1 |     GAG   3   3   3   3   3   3 |     GGG   3   3   3   3   3   3
--------------------------------------------------------------------------------------------------------------------------------------

Codon position x base (3x4) table for each sequence.

#1: Argali         
position  1:    T:0.19643    C:0.27679    A:0.25000    G:0.27679
position  2:    T:0.26786    C:0.21429    A:0.28571    G:0.23214
position  3:    T:0.18750    C:0.33929    A:0.13393    G:0.33929
Average         T:0.21726    C:0.27679    A:0.22321    G:0.28274

#2: LesserMouseDeer
position  1:    T:0.19643    C:0.28571    A:0.25000    G:0.26786
position  2:    T:0.25000    C:0.24107    A:0.28571    G:0.22321
position  3:    T:0.18750    C:0.36607    A:0.15179    G:0.29464
Average         T:0.21131    C:0.29762    A:0.22917    G:0.26190

#3: LesserKudu     
position  1:    T:0.19643    C:0.27679    A:0.25893    G:0.26786
position  2:    T:0.26786    C:0.21429    A:0.28571    G:0.23214
position  3:    T:0.19643    C:0.33036    A:0.13393    G:0.33929
Average         T:0.22024    C:0.27381    A:0.22619    G:0.27976

#4: ForestMuskDeer2
position  1:    T:0.19643    C:0.27679    A:0.25000    G:0.27679
position  2:    T:0.26786    C:0.21429    A:0.29464    G:0.22321
position  3:    T:0.23214    C:0.31250    A:0.11607    G:0.33929
Average         T:0.23214    C:0.26786    A:0.22024    G:0.27976

#5: Camel          
position  1:    T:0.18750    C:0.28571    A:0.24107    G:0.28571
position  2:    T:0.26786    C:0.21429    A:0.28571    G:0.23214
position  3:    T:0.15179    C:0.39286    A:0.16071    G:0.29464
Average         T:0.20238    C:0.29762    A:0.22917    G:0.27083

#6: KillerWhale    
position  1:    T:0.19643    C:0.27679    A:0.24107    G:0.28571
position  2:    T:0.26786    C:0.22321    A:0.27679    G:0.23214
position  3:    T:0.17857    C:0.38393    A:0.16071    G:0.27679
Average         T:0.21429    C:0.29464    A:0.22619    G:0.26488

#7: DefassaWaterbuck
position  1:    T:0.19643    C:0.27679    A:0.25000    G:0.27679
position  2:    T:0.27679    C:0.20536    A:0.28571    G:0.23214
position  3:    T:0.20536    C:0.32143    A:0.13393    G:0.33929
Average         T:0.22619    C:0.26786    A:0.22321    G:0.28274

#8: Sheep          
position  1:    T:0.19643    C:0.27679    A:0.25000    G:0.27679
position  2:    T:0.26786    C:0.21429    A:0.28571    G:0.23214
position  3:    T:0.18750    C:0.33929    A:0.13393    G:0.33929
Average         T:0.21726    C:0.27679    A:0.22321    G:0.28274

#9: MaxwellsDuiker 
position  1:    T:0.20536    C:0.26786    A:0.25000    G:0.27679
position  2:    T:0.26786    C:0.21429    A:0.28571    G:0.23214
position  3:    T:0.19643    C:0.33929    A:0.13393    G:0.33036
Average         T:0.22321    C:0.27381    A:0.22321    G:0.27976

#10: GazellaPrzewalskyi
position  1:    T:0.19643    C:0.27679    A:0.25000    G:0.27679
position  2:    T:0.26786    C:0.22321    A:0.28571    G:0.22321
position  3:    T:0.19643    C:0.33929    A:0.14286    G:0.32143
Average         T:0.22024    C:0.27976    A:0.22619    G:0.27381

#11: MountainNyala  
position  1:    T:0.19643    C:0.27679    A:0.25000    G:0.27679
position  2:    T:0.26786    C:0.21429    A:0.28571    G:0.23214
position  3:    T:0.19643    C:0.33036    A:0.12500    G:0.34821
Average         T:0.22024    C:0.27381    A:0.22024    G:0.28571

#12: MuntiacusMuntjak
position  1:    T:0.19643    C:0.27679    A:0.25000    G:0.27679
position  2:    T:0.27679    C:0.20536    A:0.28571    G:0.23214
position  3:    T:0.17857    C:0.34821    A:0.14286    G:0.33036
Average         T:0.21726    C:0.27679    A:0.22619    G:0.27976

#13: goat           
position  1:    T:0.19643    C:0.27679    A:0.25000    G:0.27679
position  2:    T:0.26786    C:0.21429    A:0.28571    G:0.23214
position  3:    T:0.18750    C:0.33929    A:0.13393    G:0.33929
Average         T:0.21726    C:0.27679    A:0.22321    G:0.28274

#14: AfricanBuffalo 
position  1:    T:0.19643    C:0.27679    A:0.25000    G:0.27679
position  2:    T:0.26786    C:0.21429    A:0.28571    G:0.23214
position  3:    T:0.18750    C:0.33929    A:0.13393    G:0.33929
Average         T:0.21726    C:0.27679    A:0.22321    G:0.28274

#15: Topi           
position  1:    T:0.19643    C:0.27679    A:0.25000    G:0.27679
position  2:    T:0.26786    C:0.21429    A:0.28571    G:0.23214
position  3:    T:0.19643    C:0.33036    A:0.14286    G:0.33036
Average         T:0.22024    C:0.27381    A:0.22619    G:0.27976

#16: CommonDuiker   
position  1:    T:0.19643    C:0.27679    A:0.25000    G:0.27679
position  2:    T:0.26786    C:0.21429    A:0.28571    G:0.23214
position  3:    T:0.19643    C:0.33036    A:0.14286    G:0.33036
Average         T:0.22024    C:0.27381    A:0.22619    G:0.27976

#17: Suni           
position  1:    T:0.19643    C:0.27679    A:0.25000    G:0.27679
position  2:    T:0.26786    C:0.21429    A:0.27679    G:0.24107
position  3:    T:0.20536    C:0.32143    A:0.12500    G:0.34821
Average         T:0.22321    C:0.27083    A:0.21726    G:0.28869

#18: Springbuck     
position  1:    T:0.19643    C:0.27679    A:0.25000    G:0.27679
position  2:    T:0.26786    C:0.21429    A:0.28571    G:0.23214
position  3:    T:0.17857    C:0.33929    A:0.13393    G:0.34821
Average         T:0.21429    C:0.27679    A:0.22321    G:0.28571

#19: Okapi          
position  1:    T:0.19643    C:0.27679    A:0.25893    G:0.26786
position  2:    T:0.26786    C:0.21429    A:0.27679    G:0.24107
position  3:    T:0.18750    C:0.33929    A:0.16071    G:0.31250
Average         T:0.21726    C:0.27679    A:0.23214    G:0.27381

#20: Giraffe        
position  1:    T:0.19643    C:0.27679    A:0.25000    G:0.27679
position  2:    T:0.27679    C:0.20536    A:0.27679    G:0.24107
position  3:    T:0.20536    C:0.32143    A:0.15179    G:0.32143
Average         T:0.22619    C:0.26786    A:0.22619    G:0.27976

#21: TibetanAntelope
position  1:    T:0.19643    C:0.27679    A:0.25000    G:0.27679
position  2:    T:0.26786    C:0.21429    A:0.28571    G:0.23214
position  3:    T:0.19643    C:0.33929    A:0.13393    G:0.33036
Average         T:0.22024    C:0.27679    A:0.22321    G:0.27976

#22: Sitatunga      
position  1:    T:0.19643    C:0.27679    A:0.25000    G:0.27679
position  2:    T:0.26786    C:0.21429    A:0.28571    G:0.23214
position  3:    T:0.19643    C:0.33036    A:0.13393    G:0.33929
Average         T:0.22024    C:0.27381    A:0.22321    G:0.28274

#23: Oribi          
position  1:    T:0.19643    C:0.27679    A:0.25000    G:0.27679
position  2:    T:0.26786    C:0.21429    A:0.28571    G:0.23214
position  3:    T:0.21429    C:0.31250    A:0.14286    G:0.33036
Average         T:0.22619    C:0.26786    A:0.22619    G:0.27976

#24: BarbarySheep   
position  1:    T:0.19643    C:0.27679    A:0.25000    G:0.27679
position  2:    T:0.26786    C:0.21429    A:0.28571    G:0.23214
position  3:    T:0.19643    C:0.33036    A:0.13393    G:0.33929
Average         T:0.22024    C:0.27381    A:0.22321    G:0.28274

#25: Daviddeer      
position  1:    T:0.19643    C:0.27679    A:0.24107    G:0.28571
position  2:    T:0.27679    C:0.20536    A:0.28571    G:0.23214
position  3:    T:0.16964    C:0.34821    A:0.11607    G:0.36607
Average         T:0.21429    C:0.27679    A:0.21429    G:0.29464

#26: Reindeer       
position  1:    T:0.19643    C:0.27679    A:0.25000    G:0.27679
position  2:    T:0.27679    C:0.20536    A:0.28571    G:0.23214
position  3:    T:0.19643    C:0.33036    A:0.14286    G:0.33036
Average         T:0.22321    C:0.27083    A:0.22619    G:0.27976

#27: Ibex           
position  1:    T:0.19643    C:0.27679    A:0.25000    G:0.27679
position  2:    T:0.26786    C:0.21429    A:0.28571    G:0.23214
position  3:    T:0.18750    C:0.33929    A:0.13393    G:0.33929
Average         T:0.21726    C:0.27679    A:0.22321    G:0.28274

#28: GyrantGazelle  
position  1:    T:0.18750    C:0.28571    A:0.25000    G:0.27679
position  2:    T:0.26786    C:0.21429    A:0.28571    G:0.23214
position  3:    T:0.19643    C:0.33929    A:0.10714    G:0.35714
Average         T:0.21726    C:0.27976    A:0.21429    G:0.28869

#29: Hartebeest     
position  1:    T:0.19643    C:0.27679    A:0.25000    G:0.27679
position  2:    T:0.26786    C:0.21429    A:0.28571    G:0.23214
position  3:    T:0.18750    C:0.33036    A:0.14286    G:0.33929
Average         T:0.21726    C:0.27381    A:0.22619    G:0.28274

#30: Bongo          
position  1:    T:0.19643    C:0.27679    A:0.25000    G:0.27679
position  2:    T:0.26786    C:0.21429    A:0.28571    G:0.23214
position  3:    T:0.18750    C:0.33929    A:0.12500    G:0.34821
Average         T:0.21726    C:0.27679    A:0.22024    G:0.28571

#31: Gerenuk        
position  1:    T:0.19643    C:0.27679    A:0.25000    G:0.27679
position  2:    T:0.26786    C:0.21429    A:0.28571    G:0.23214
position  3:    T:0.18750    C:0.33929    A:0.13393    G:0.33929
Average         T:0.21726    C:0.27679    A:0.22321    G:0.28274

#32: CommonEland    
position  1:    T:0.19643    C:0.27679    A:0.25000    G:0.27679
position  2:    T:0.26786    C:0.21429    A:0.28571    G:0.23214
position  3:    T:0.19643    C:0.33036    A:0.12500    G:0.34821
Average         T:0.22024    C:0.27381    A:0.22024    G:0.28571

#33: MuntiacusReevesi
position  1:    T:0.19643    C:0.27679    A:0.25000    G:0.27679
position  2:    T:0.27679    C:0.20536    A:0.28571    G:0.23214
position  3:    T:0.17857    C:0.34821    A:0.13393    G:0.33929
Average         T:0.21726    C:0.27679    A:0.22321    G:0.28274

#34: HarveysDuiker  
position  1:    T:0.19643    C:0.27679    A:0.25000    G:0.27679
position  2:    T:0.26786    C:0.21429    A:0.28571    G:0.23214
position  3:    T:0.20536    C:0.32143    A:0.14286    G:0.33036
Average         T:0.22321    C:0.27083    A:0.22619    G:0.27976

#35: Pronghorn      
position  1:    T:0.19643    C:0.26786    A:0.25000    G:0.28571
position  2:    T:0.25893    C:0.23214    A:0.28571    G:0.22321
position  3:    T:0.18750    C:0.34821    A:0.14286    G:0.32143
Average         T:0.21429    C:0.28274    A:0.22619    G:0.27679

#36: BlueWildebeest 
position  1:    T:0.19643    C:0.27679    A:0.25000    G:0.27679
position  2:    T:0.26786    C:0.21429    A:0.28571    G:0.23214
position  3:    T:0.18750    C:0.33036    A:0.14286    G:0.33929
Average         T:0.21726    C:0.27381    A:0.22619    G:0.28274

#37: Gemsbok        
position  1:    T:0.19643    C:0.27679    A:0.25000    G:0.27679
position  2:    T:0.25000    C:0.24107    A:0.27679    G:0.23214
position  3:    T:0.20536    C:0.32143    A:0.12500    G:0.34821
Average         T:0.21726    C:0.27976    A:0.21726    G:0.28571

#38: Yak            
position  1:    T:0.19643    C:0.27679    A:0.25000    G:0.27679
position  2:    T:0.26786    C:0.21429    A:0.28571    G:0.23214
position  3:    T:0.20536    C:0.32143    A:0.14286    G:0.33036
Average         T:0.22321    C:0.27083    A:0.22619    G:0.27976

#39: BlueSheep      
position  1:    T:0.19643    C:0.27679    A:0.25000    G:0.27679
position  2:    T:0.26786    C:0.21429    A:0.28571    G:0.23214
position  3:    T:0.17857    C:0.34821    A:0.13393    G:0.33929
Average         T:0.21429    C:0.27976    A:0.22321    G:0.28274

#40: BohorReedbuck  
position  1:    T:0.19643    C:0.27679    A:0.25000    G:0.27679
position  2:    T:0.27679    C:0.20536    A:0.28571    G:0.23214
position  3:    T:0.20536    C:0.32143    A:0.13393    G:0.33929
Average         T:0.22619    C:0.26786    A:0.22321    G:0.28274

#41: KirksDik       
position  1:    T:0.19643    C:0.27679    A:0.25000    G:0.27679
position  2:    T:0.26786    C:0.21429    A:0.28571    G:0.23214
position  3:    T:0.18750    C:0.33036    A:0.15179    G:0.33036
Average         T:0.21726    C:0.27381    A:0.22917    G:0.27976

#42: RoeDeer        
position  1:    T:0.19643    C:0.28571    A:0.24107    G:0.27679
position  2:    T:0.27679    C:0.20536    A:0.28571    G:0.23214
position  3:    T:0.16964    C:0.35714    A:0.12500    G:0.34821
Average         T:0.21429    C:0.28274    A:0.21726    G:0.28571

#43: WhiteLippedDeer
position  1:    T:0.19643    C:0.27679    A:0.24107    G:0.28571
position  2:    T:0.28571    C:0.19643    A:0.28571    G:0.23214
position  3:    T:0.16964    C:0.34821    A:0.11607    G:0.36607
Average         T:0.21726    C:0.27381    A:0.21429    G:0.29464

#44: ThomsonGazelle 
position  1:    T:0.19643    C:0.28571    A:0.24107    G:0.27679
position  2:    T:0.26786    C:0.21429    A:0.28571    G:0.23214
position  3:    T:0.18750    C:0.34821    A:0.09821    G:0.36607
Average         T:0.21726    C:0.28274    A:0.20833    G:0.29167

#45: MuntiacusCrinifrons
position  1:    T:0.19643    C:0.27679    A:0.25000    G:0.27679
position  2:    T:0.27679    C:0.20536    A:0.28571    G:0.23214
position  3:    T:0.17857    C:0.33929    A:0.13393    G:0.34821
Average         T:0.21726    C:0.27381    A:0.22321    G:0.28571

#46: WhiteTailedDeer
position  1:    T:0.19643    C:0.27679    A:0.25000    G:0.27679
position  2:    T:0.27679    C:0.20536    A:0.28571    G:0.23214
position  3:    T:0.19643    C:0.33036    A:0.13393    G:0.33929
Average         T:0.22321    C:0.27083    A:0.22321    G:0.28274

#47: Cattle         
position  1:    T:0.19643    C:0.27679    A:0.25893    G:0.26786
position  2:    T:0.26786    C:0.21429    A:0.28571    G:0.23214
position  3:    T:0.20536    C:0.33036    A:0.14286    G:0.32143
Average         T:0.22321    C:0.27381    A:0.22917    G:0.27381

#48: RoyalAntelope  
position  1:    T:0.19643    C:0.27679    A:0.25000    G:0.27679
position  2:    T:0.27679    C:0.20536    A:0.28571    G:0.23214
position  3:    T:0.20536    C:0.32143    A:0.13393    G:0.33929
Average         T:0.22619    C:0.26786    A:0.22321    G:0.28274

#49: Steenbok       
position  1:    T:0.19643    C:0.27679    A:0.25000    G:0.27679
position  2:    T:0.26786    C:0.21429    A:0.28571    G:0.23214
position  3:    T:0.17857    C:0.34821    A:0.13393    G:0.33929
Average         T:0.21429    C:0.27976    A:0.22321    G:0.28274

#50: Impala         
position  1:    T:0.20536    C:0.27679    A:0.25000    G:0.26786
position  2:    T:0.26786    C:0.21429    A:0.28571    G:0.23214
position  3:    T:0.17857    C:0.33929    A:0.14286    G:0.33929
Average         T:0.21726    C:0.27679    A:0.22619    G:0.27976

#51: Klipspringer   
position  1:    T:0.20536    C:0.26786    A:0.25000    G:0.27679
position  2:    T:0.26786    C:0.21429    A:0.27679    G:0.24107
