CODONML (in paml version 4.10.7, June 2023)  /home/rachel/ruminants_paml/6406-phy-tree/ENSBTAT00000009830.fasta.phy
Model: free dN/dS Ratios for branches,  kappa = 2.000 fixed

Codon frequency model: F3x4
ns =  54  ls = 104

Codon usage in sequences
--------------------------------------------------------------------------------------------------------------------------------------
Phe TTT   2   2   2   2   2   2 | Ser TCT   0   0   0   0   0   0 | Tyr TAT   3   2   3   3   3   3 | Cys TGT   3   3   3   3   3   3
    TTC   1   1   1   1   1   1 |     TCC   3   3   3   3   4   3 |     TAC   1   2   1   1   1   1 |     TGC   0   0   0   0   0   0
Leu TTA   1   1   1   1   0   1 |     TCA   5   3   5   4   3   3 | *** TAA   0   0   0   0   0   0 | *** TGA   0   0   0   0   0   0
    TTG   1   1   1   1   2   1 |     TCG   0   2   0   1   1   2 |     TAG   0   0   0   0   0   0 | Trp TGG   1   1   1   1   1   1
--------------------------------------------------------------------------------------------------------------------------------------
Leu CTT   4   3   4   4   4   4 | Pro CCT   2   2   2   2   2   2 | His CAT   3   3   4   3   3   3 | Arg CGT   0   0   0   0   0   0
    CTC   1   1   1   1   1   1 |     CCC   2   2   2   2   2   2 |     CAC   1   1   0   1   1   1 |     CGC   0   1   0   0   0   0
    CTA   0   0   0   0   0   0 |     CCA   2   2   2   2   2   2 | Gln CAA   2   3   3   3   3   3 |     CGA   0   0   0   0   1   0
    CTG   2   3   2   2   2   2 |     CCG   0   0   0   0   0   0 |     CAG   4   3   3   3   3   3 |     CGG   2   0   2   2   1   2
--------------------------------------------------------------------------------------------------------------------------------------
Ile ATT   1   1   1   1   1   1 | Thr ACT   1   2   2   2   2   2 | Asn AAT   5   6   5   5   5   5 | Ser AGT   1   1   1   1   1   1
    ATC   0   0   0   0   0   0 |     ACC   0   1   0   0   0   0 |     AAC   1   0   1   1   1   1 |     AGC   1   1   1   1   1   1
    ATA   5   5   5   5   5   5 |     ACA   1   0   1   1   1   1 | Lys AAA   4   4   4   4   4   3 | Arg AGA   2   2   2   2   2   2
Met ATG   3   3   3   3   3   3 |     ACG   1   1   0   0   0   0 |     AAG   5   5   5   5   5   6 |     AGG   2   3   2   2   2   2
--------------------------------------------------------------------------------------------------------------------------------------
Val GTT   0   0   0   0   0   0 | Ala GCT   2   2   2   2   3   2 | Asp GAT   2   2   2   2   2   2 | Gly GGT   1   1   1   1   1   1
    GTC   1   1   1   1   1   1 |     GCC   1   0   1   1   0   1 |     GAC   1   1   1   1   1   1 |     GGC   2   2   2   2   2   2
    GTA   0   0   0   0   0   0 |     GCA   1   1   1   1   1   1 | Glu GAA   5   7   6   6   6   6 |     GGA   0   0   0   0   0   0
    GTG   3   3   3   3   3   3 |     GCG   0   0   0   0   0   0 |     GAG   5   3   4   4   4   4 |     GGG   1   1   1   1   1   1
--------------------------------------------------------------------------------------------------------------------------------------

--------------------------------------------------------------------------------------------------------------------------------------
Phe TTT   2   2   2   2   2   2 | Ser TCT   0   0   0   0   0   0 | Tyr TAT   3   3   3   3   3   3 | Cys TGT   3   3   3   3   3   3
    TTC   1   1   1   1   1   1 |     TCC   3   3   3   3   3   3 |     TAC   1   1   1   1   1   1 |     TGC   0   0   0   0   0   0
Leu TTA   1   1   1   1   1   1 |     TCA   5   5   5   5   5   4 | *** TAA   0   0   0   0   0   0 | *** TGA   0   0   0   0   0   0
    TTG   1   1   1   1   1   1 |     TCG   0   0   0   0   0   1 |     TAG   0   0   0   0   0   0 | Trp TGG   1   1   1   1   1   1
--------------------------------------------------------------------------------------------------------------------------------------
Leu CTT   4   4   4   4   4   4 | Pro CCT   2   2   2   2   2   2 | His CAT   4   3   3   3   4   3 | Arg CGT   0   0   0   0   0   0
    CTC   1   1   1   1   1   1 |     CCC   2   2   2   2   2   2 |     CAC   0   1   1   1   0   1 |     CGC   0   0   0   0   0   0
    CTA   0   0   0   0   0   0 |     CCA   2   2   2   2   2   2 | Gln CAA   2   2   3   2   3   2 |     CGA   0   0   0   0   0   0
    CTG   2   2   2   2   2   2 |     CCG   0   0   0   0   0   0 |     CAG   4   4   3   4   3   4 |     CGG   2   2   2   2   2   2
--------------------------------------------------------------------------------------------------------------------------------------
Ile ATT   1   1   1   1   1   1 | Thr ACT   1   1   1   1   2   2 | Asn AAT   5   5   5   5   5   5 | Ser AGT   1   1   1   1   1   1
    ATC   0   0   0   0   0   0 |     ACC   0   0   0   0   0   0 |     AAC   1   1   1   1   1   1 |     AGC   1   1   1   1   1   1
    ATA   5   5   5   5   5   5 |     ACA   1   1   2   1   1   1 | Lys AAA   4   4   4   4   4   3 | Arg AGA   2   2   2   2   2   2
Met ATG   3   3   3   3   3   3 |     ACG   1   1   0   1   0   0 |     AAG   5   5   5   5   5   6 |     AGG   2   2   2   2   2   2
--------------------------------------------------------------------------------------------------------------------------------------
Val GTT   0   0   0   0   0   0 | Ala GCT   2   2   2   2   2   2 | Asp GAT   2   2   2   1   2   2 | Gly GGT   1   1   1   1   1   1
    GTC   1   1   1   1   1   1 |     GCC   1   1   1   1   1   1 |     GAC   1   1   1   2   1   1 |     GGC   2   2   2   2   2   2
    GTA   0   0   0   0   0   0 |     GCA   1   1   1   1   1   1 | Glu GAA   5   5   5   4   6   6 |     GGA   0   0   0   1   0   0
    GTG   3   3   3   3   3   3 |     GCG   0   0   0   0   0   0 |     GAG   5   5   5   6   4   4 |     GGG   1   1   1   0   1   1
--------------------------------------------------------------------------------------------------------------------------------------

--------------------------------------------------------------------------------------------------------------------------------------
Phe TTT   2   2   2   2   2   2 | Ser TCT   0   0   1   0   0   0 | Tyr TAT   3   3   3   3   3   3 | Cys TGT   3   3   3   3   3   3
    TTC   1   1   1   1   1   1 |     TCC   3   3   3   3   3   3 |     TAC   1   1   1   1   1   1 |     TGC   0   0   0   0   0   0
Leu TTA   1   1   1   1   1   1 |     TCA   5   5   4   5   5   5 | *** TAA   0   0   0   0   0   0 | *** TGA   0   0   0   0   0   0
    TTG   1   1   1   1   1   1 |     TCG   0   0   0   0   0   0 |     TAG   0   0   0   0   0   0 | Trp TGG   1   1   1   1   1   1
--------------------------------------------------------------------------------------------------------------------------------------
Leu CTT   4   4   4   4   4   4 | Pro CCT   2   2   2   2   2   2 | His CAT   3   3   3   3   3   3 | Arg CGT   0   0   0   0   0   0
    CTC   1   1   1   1   1   1 |     CCC   2   2   2   2   2   2 |     CAC   1   1   1   1   1   1 |     CGC   0   0   0   0   0   0
    CTA   0   0   0   0   0   0 |     CCA   2   2   2   2   2   2 | Gln CAA   2   3   2   3   2   2 |     CGA   0   0   0   0   0   0
    CTG   2   2   2   2   2   2 |     CCG   0   0   0   0   0   0 |     CAG   4   3   4   3   4   4 |     CGG   2   2   2   2   2   2
--------------------------------------------------------------------------------------------------------------------------------------
Ile ATT   1   1   1   1   1   1 | Thr ACT   1   2   1   1   1   1 | Asn AAT   5   5   5   6   5   5 | Ser AGT   1   1   1   1   1   1
    ATC   0   0   0   0   0   0 |     ACC   0   0   0   0   0   0 |     AAC   1   1   1   0   1   1 |     AGC   1   1   1   1   1   1
    ATA   5   5   5   5   5   5 |     ACA   1   1   1   2   2   1 | Lys AAA   4   3   4   4   4   4 | Arg AGA   2   2   2   2   2   2
Met ATG   3   3   3   3   3   3 |     ACG   1   0   1   0   0   1 |     AAG   5   6   5   5   5   5 |     AGG   2   2   2   2   2   2
--------------------------------------------------------------------------------------------------------------------------------------
Val GTT   0   0   0   0   0   0 | Ala GCT   2   2   2   2   2   2 | Asp GAT   2   2   2   2   2   2 | Gly GGT   1   1   1   1   1   1
    GTC   1   1   1   1   1   1 |     GCC   1   1   1   1   1   1 |     GAC   1   1   1   1   1   1 |     GGC   2   2   2   2   2   2
    GTA   0   0   0   0   0   0 |     GCA   1   1   1   1   1   1 | Glu GAA   5   6   5   5   5   4 |     GGA   0   0   0   0   0   0
    GTG   3   3   3   3   3   3 |     GCG   0   0   0   0   0   0 |     GAG   5   4   5   5   5   6 |     GGG   1   1   1   1   1   1
--------------------------------------------------------------------------------------------------------------------------------------

--------------------------------------------------------------------------------------------------------------------------------------
Phe TTT   2   2   2   2   2   2 | Ser TCT   0   0   0   0   0   0 | Tyr TAT   3   3   3   3   3   3 | Cys TGT   3   3   3   3   3   3
    TTC   1   1   1   1   1   1 |     TCC   3   3   3   3   3   3 |     TAC   1   1   1   1   1   1 |     TGC   0   0   0   0   0   0
Leu TTA   1   1   1   1   1   1 |     TCA   4   4   5   5   5   5 | *** TAA   0   0   0   0   0   0 | *** TGA   0   0   0   0   0   0
    TTG   1   1   1   1   1   1 |     TCG   1   1   0   0   0   0 |     TAG   0   0   0   0   0   0 | Trp TGG   1   1   1   1   1   1
--------------------------------------------------------------------------------------------------------------------------------------
Leu CTT   4   4   4   4   4   4 | Pro CCT   2   2   2   2   2   2 | His CAT   3   3   3   4   3   3 | Arg CGT   0   0   0   0   0   0
    CTC   1   1   1   1   1   1 |     CCC   2   2   2   2   2   2 |     CAC   1   1   1   0   1   1 |     CGC   0   0   0   0   0   0
    CTA   0   0   0   0   0   0 |     CCA   2   2   2   2   2   2 | Gln CAA   3   3   2   3   2   2 |     CGA   0   0   0   0   1   0
    CTG   2   2   2   2   2   2 |     CCG   0   0   0   0   0   0 |     CAG   3   3   4   3   4   4 |     CGG   2   2   2   2   2   2
--------------------------------------------------------------------------------------------------------------------------------------
Ile ATT   1   1   1   1   1   1 | Thr ACT   2   2   1   2   1   1 | Asn AAT   5   5   5   5   5   5 | Ser AGT   1   1   1   1   1   1
    ATC   0   0   0   0   0   0 |     ACC   0   0   0   0   0   0 |     AAC   1   1   1   1   1   1 |     AGC   1   1   1   1   1   1
    ATA   5   5   5   5   5   5 |     ACA   1   1   1   1   1   1 | Lys AAA   4   4   4   4   4   4 | Arg AGA   2   2   2   2   1   2
Met ATG   3   3   3   3   3   3 |     ACG   0   0   1   0   1   1 |     AAG   5   5   5   5   5   5 |     AGG   2   2   2   2   2   2
--------------------------------------------------------------------------------------------------------------------------------------
Val GTT   0   0   0   0   0   0 | Ala GCT   2   2   2   2   2   2 | Asp GAT   2   2   2   2   2   2 | Gly GGT   1   1   1   1   1   1
    GTC   1   1   1   1   1   1 |     GCC   1   1   1   1   1   1 |     GAC   1   1   1   1   1   1 |     GGC   2   2   2   2   2   2
    GTA   0   0   0   0   0   0 |     GCA   1   1   1   1   1   1 | Glu GAA   6   5   5   6   4   5 |     GGA   0   0   0   0   0   0
    GTG   3   3   3   3   3   3 |     GCG   0   0   0   0   0   0 |     GAG   4   5   5   4   6   5 |     GGG   1   1   1   1   1   1
--------------------------------------------------------------------------------------------------------------------------------------

--------------------------------------------------------------------------------------------------------------------------------------
Phe TTT   2   2   2   2   2   2 | Ser TCT   0   0   0   0   1   0 | Tyr TAT   3   3   3   3   3   3 | Cys TGT   3   3   3   3   3   3
    TTC   1   1   1   1   1   1 |     TCC   3   3   3   3   3   3 |     TAC   1   1   1   1   1   1 |     TGC   0   0   0   0   0   0
Leu TTA   1   1   1   1   1   1 |     TCA   4   4   5   5   4   5 | *** TAA   0   0   0   0   0   0 | *** TGA   0   0   0   0   0   0
    TTG   1   1   1   1   1   1 |     TCG   1   1   0   0   0   0 |     TAG   0   0   0   0   0   0 | Trp TGG   1   1   1   1   1   1
--------------------------------------------------------------------------------------------------------------------------------------
Leu CTT   4   4   4   4   4   4 | Pro CCT   2   2   2   2   2   2 | His CAT   3   3   3   3   3   4 | Arg CGT   0   0   0   0   0   0
    CTC   1   1   1   1   1   1 |     CCC   2   2   2   2   2   2 |     CAC   1   1   1   1   1   0 |     CGC   0   0   0   0   0   0
    CTA   0   0   0   0   0   0 |     CCA   2   2   2   2   2   2 | Gln CAA   3   2   2   2   2   3 |     CGA   0   0   0   0   0   0
    CTG   2   2   2   2   2   2 |     CCG   0   0   0   0   0   0 |     CAG   3   4   4   4   4   3 |     CGG   2   1   2   2   2   2
--------------------------------------------------------------------------------------------------------------------------------------
Ile ATT   1   1   1   1   1   1 | Thr ACT   2   2   1   1   1   2 | Asn AAT   5   5   5   5   5   5 | Ser AGT   1   1   1   1   1   1
    ATC   0   0   0   0   0   0 |     ACC   0   0   0   0   0   0 |     AAC   1   1   1   1   1   1 |     AGC   1   1   1   1   1   1
    ATA   5   5   5   5   5   5 |     ACA   1   1   1   1   1   1 | Lys AAA   4   4   4   4   4   4 | Arg AGA   2   2   2   2   2   2
Met ATG   3   3   3   3   3   3 |     ACG   0   0   1   1   1   0 |     AAG   5   5   5   5   5   5 |     AGG   2   3   2   2   2   2
--------------------------------------------------------------------------------------------------------------------------------------
Val GTT   0   0   0   0   0   0 | Ala GCT   2   2   2   2   1   2 | Asp GAT   2   2   2   2   2   2 | Gly GGT   1   1   1   1   1   1
    GTC   1   1   1   1   1   1 |     GCC   1   1   1   1   1   1 |     GAC   1   1   1   1   1   1 |     GGC   2   2   2   2   2   2
    GTA   0   0   0   0   0   0 |     GCA   1   1   1   1   1   1 | Glu GAA   6   6   5   4   5   6 |     GGA   0   0   0   0   0   0
    GTG   3   3   3   3   3   3 |     GCG   0   0   0   0   1   0 |     GAG   4   4   5   6   5   4 |     GGG   1   1   1   1   1   1
--------------------------------------------------------------------------------------------------------------------------------------

--------------------------------------------------------------------------------------------------------------------------------------
Phe TTT   2   2   2   2   2   2 | Ser TCT   0   0   0   0   0   1 | Tyr TAT   3   3   3   4   3   3 | Cys TGT   3   3   3   3   3   3
    TTC   1   1   1   1   1   1 |     TCC   3   3   3   3   3   3 |     TAC   1   1   1   0   1   1 |     TGC   0   0   0   0   0   0
Leu TTA   1   1   1   1   1   1 |     TCA   5   5   4   5   4   4 | *** TAA   0   0   0   0   0   0 | *** TGA   0   0   0   0   0   0
    TTG   1   1   1   1   1   1 |     TCG   0   0   1   0   1   0 |     TAG   0   0   0   0   0   0 | Trp TGG   1   1   1   1   1   1
--------------------------------------------------------------------------------------------------------------------------------------
Leu CTT   4   4   4   4   4   4 | Pro CCT   2   2   2   2   2   2 | His CAT   3   4   3   3   3   3 | Arg CGT   0   0   0   0   0   0
    CTC   1   1   0   1   1   1 |     CCC   2   2   2   2   2   2 |     CAC   1   0   1   1   1   1 |     CGC   0   0   0   0   0   0
    CTA   0   0   0   0   0   0 |     CCA   2   2   2   2   2   2 | Gln CAA   2   3   2   3   3   2 |     CGA   0   0   0   0   0   0
    CTG   2   2   3   2   2   2 |     CCG   0   0   0   0   0   0 |     CAG   4   3   4   3   3   4 |     CGG   2   2   2   2   2   2
--------------------------------------------------------------------------------------------------------------------------------------
Ile ATT   1   1   1   1   1   1 | Thr ACT   1   2   2   1   2   1 | Asn AAT   5   5   5   5   5   5 | Ser AGT   1   1   1   1   1   1
    ATC   0   0   0   0   0   0 |     ACC   0   0   0   0   0   0 |     AAC   1   1   1   1   1   1 |     AGC   1   1   1   1   1   1
    ATA   5   5   5   5   5   5 |     ACA   1   1   1   2   1   1 | Lys AAA   4   4   3   4   3   4 | Arg AGA   2   2   2   2   2   2
Met ATG   3   3   3   3   3   3 |     ACG   1   0   0   0   0   1 |     AAG   5   5   6   5   6   5 |     AGG   2   2   2   2   2   2
--------------------------------------------------------------------------------------------------------------------------------------
Val GTT   0   0   0   0   0   0 | Ala GCT   2   2   2   2   2   2 | Asp GAT   2   2   2   2   2   2 | Gly GGT   1   1   1   1   1   1
    GTC   1   1   1   1   1   1 |     GCC   1   1   1   1   1   1 |     GAC   1   1   1   1   1   1 |     GGC   2   2   2   2   2   2
    GTA   0   0   0   0   0   0 |     GCA   1   1   1   1   1   1 | Glu GAA   4   6   6   5   6   5 |     GGA   0   0   0   0   0   0
    GTG   3   3   3   3   3   3 |     GCG   0   0   0   0   0   0 |     GAG   6   4   4   5   4   5 |     GGG   1   1   1   1   1   1
--------------------------------------------------------------------------------------------------------------------------------------

--------------------------------------------------------------------------------------------------------------------------------------
Phe TTT   2   2   2   2   2   2 | Ser TCT   0   0   0   0   0   0 | Tyr TAT   3   3   3   3   3   3 | Cys TGT   3   3   3   3   3   3
    TTC   1   1   1   1   1   1 |     TCC   3   3   3   3   3   3 |     TAC   1   1   1   1   1   1 |     TGC   0   0   0   0   0   0
Leu TTA   1   1   1   1   1   1 |     TCA   5   5   5   5   5   4 | *** TAA   0   0   0   0   0   0 | *** TGA   0   0   0   0   0   0
    TTG   1   1   1   1   1   1 |     TCG   0   0   0   0   0   1 |     TAG   0   0   0   0   0   0 | Trp TGG   1   1   1   1   1   1
--------------------------------------------------------------------------------------------------------------------------------------
Leu CTT   4   4   4   4   4   4 | Pro CCT   2   2   2   2   2   2 | His CAT   3   3   3   3   3   3 | Arg CGT   0   0   0   0   0   0
    CTC   1   1   1   1   1   1 |     CCC   2   2   2   2   2   2 |     CAC   1   1   1   1   1   1 |     CGC   0   0   0   0   0   0
    CTA   0   0   0   0   0   0 |     CCA   2   2   2   2   2   2 | Gln CAA   2   3   2   2   2   3 |     CGA   0   0   0   0   0   0
    CTG   2   2   2   2   2   2 |     CCG   0   0   0   0   0   0 |     CAG   4   3   4   4   4   3 |     CGG   2   2   2   2   2   2
--------------------------------------------------------------------------------------------------------------------------------------
Ile ATT   1   1   1   1   1   1 | Thr ACT   1   2   1   1   1   2 | Asn AAT   5   5   5   5   5   5 | Ser AGT   1   1   1   1   1   1
    ATC   0   0   0   0   0   0 |     ACC   0   0   0   0   0   0 |     AAC   1   1   1   1   1   1 |     AGC   1   1   1   1   1   1
    ATA   5   5   5   5   5   5 |     ACA   1   1   1   1   1   1 | Lys AAA   4   4   4   4   4   4 | Arg AGA   2   2   2   2   3   2
Met ATG   3   3   3   3   3   3 |     ACG   1   0   1   1   1   0 |     AAG   5   5   5   5   5   5 |     AGG   2   2   2   2   1   2
--------------------------------------------------------------------------------------------------------------------------------------
Val GTT   0   0   0   0   0   0 | Ala GCT   2   2   2   2   2   2 | Asp GAT   2   2   2   2   2   2 | Gly GGT   1   1   1   1   1   1
    GTC   1   1   1   1   1   1 |     GCC   1   1   1   1   1   1 |     GAC   1   1   1   1   1   1 |     GGC   2   2   2   2   2   2
    GTA   0   0   0   0   0   0 |     GCA   1   1   1   1   1   1 | Glu GAA   5   6   5   5   4   6 |     GGA   0   0   0   0   0   0
    GTG   3   3   3   3   3   3 |     GCG   0   0   0   0   0   0 |     GAG   5   4   5   5   6   4 |     GGG   1   1   1   1   1   1
--------------------------------------------------------------------------------------------------------------------------------------

--------------------------------------------------------------------------------------------------------------------------------------
Phe TTT   2   2   2   2   2   2 | Ser TCT   0   0   0   0   0   0 | Tyr TAT   3   3   3   3   3   3 | Cys TGT   3   3   3   3   3   3
    TTC   1   1   1   1   1   1 |     TCC   3   3   3   3   3   3 |     TAC   1   1   1   1   1   1 |     TGC   0   0   0   0   0   0
Leu TTA   1   1   1   1   1   1 |     TCA   4   5   4   4   5   5 | *** TAA   0   0   0   0   0   0 | *** TGA   0   0   0   0   0   0
    TTG   1   1   1   1   1   1 |     TCG   1   0   1   1   0   0 |     TAG   0   0   0   0   0   0 | Trp TGG   1   1   1   1   1   1
--------------------------------------------------------------------------------------------------------------------------------------
Leu CTT   4   4   4   4   4   4 | Pro CCT   2   2   2   2   2   2 | His CAT   3   3   3   3   3   3 | Arg CGT   0   0   0   0   0   0
    CTC   1   1   1   1   1   1 |     CCC   2   2   2   2   2   2 |     CAC   1   1   1   1   1   1 |     CGC   0   0   0   0   0   0
    CTA   0   0   0   0   0   0 |     CCA   2   2   2   2   2   2 | Gln CAA   3   2   2   2   3   2 |     CGA   0   0   0   0   0   0
    CTG   2   2   2   2   2   2 |     CCG   0   0   0   0   0   0 |     CAG   3   4   4   4   3   4 |     CGG   2   2   2   2   2   2
--------------------------------------------------------------------------------------------------------------------------------------
Ile ATT   1   1   1   1   1   1 | Thr ACT   2   1   2   2   2   1 | Asn AAT   5   5   5   5   5   5 | Ser AGT   1   1   1   1   1   1
    ATC   0   0   0   0   0   0 |     ACC   0   0   0   0   0   0 |     AAC   1   1   1   1   1   1 |     AGC   1   1   1   1   1   1
    ATA   5   5   5   5   5   5 |     ACA   1   1   1   1   1   2 | Lys AAA   4   4   3   4   4   3 | Arg AGA   2   2   2   2   2   2
Met ATG   3   3   3   3   3   3 |     ACG   0   1   0   0   0   0 |     AAG   5   5   6   5   5   6 |     AGG   2   2   2   2   2   2
--------------------------------------------------------------------------------------------------------------------------------------
Val GTT   0   0   0   0   0   0 | Ala GCT   2   2   2   2   2   2 | Asp GAT   2   2   2   2   2   2 | Gly GGT   1   1   1   1   1   1
    GTC   1   1   1   1   1   1 |     GCC   1   1   1   1   1   1 |     GAC   1   1   1   1   1   1 |     GGC   2   2   2   2   2   2
    GTA   0   0   0   0   0   0 |     GCA   1   1   1   1   1   1 | Glu GAA   6   4   6   6   6   5 |     GGA   0   0   0   0   0   0
    GTG   3   3   3   3   3   3 |     GCG   0   0   0   0   0   0 |     GAG   4   6   4   4   4   5 |     GGG   1   1   1   1   1   1
--------------------------------------------------------------------------------------------------------------------------------------

--------------------------------------------------------------------------------------------------------------------------------------
Phe TTT   2   2   2   2   2   2 | Ser TCT   0   0   0   0   0   0 | Tyr TAT   3   3   3   3   3   3 | Cys TGT   3   3   3   3   3   3
    TTC   1   1   1   1   1   1 |     TCC   3   3   3   3   3   3 |     TAC   1   1   1   1   1   1 |     TGC   0   0   0   0   0   0
Leu TTA   1   1   1   1   1   1 |     TCA   5   5   5   4   5   5 | *** TAA   0   0   0   0   0   0 | *** TGA   0   0   0   0   0   0
    TTG   1   1   1   1   1   1 |     TCG   0   0   0   1   0   0 |     TAG   0   0   0   0   0   0 | Trp TGG   1   1   1   1   1   1
--------------------------------------------------------------------------------------------------------------------------------------
Leu CTT   4   4   4   4   4   4 | Pro CCT   2   2   2   2   2   2 | His CAT   3   3   3   3   4   4 | Arg CGT   0   0   0   0   0   0
    CTC   1   1   1   1   1   1 |     CCC   2   2   2   2   2   2 |     CAC   1   1   1   1   0   0 |     CGC   0   0   0   0   0   0
    CTA   0   0   0   0   0   0 |     CCA   2   2   2   2   2   2 | Gln CAA   2   2   2   3   3   3 |     CGA   0   0   0   0   0   0
    CTG   2   2   2   2   2   2 |     CCG   0   0   0   0   0   0 |     CAG   4   4   4   3   3   3 |     CGG   2   2   2   2   2   2
--------------------------------------------------------------------------------------------------------------------------------------
Ile ATT   1   1   1   1   1   1 | Thr ACT   1   1   1   2   2   2 | Asn AAT   5   5   5   5   5   5 | Ser AGT   1   1   1   1   1   1
    ATC   0   0   0   0   0   0 |     ACC   0   0   0   0   0   0 |     AAC   1   1   1   1   1   1 |     AGC   1   1   1   1   1   1
    ATA   5   5   5   5   5   5 |     ACA   1   1   1   1   1   1 | Lys AAA   4   4   4   4   4   4 | Arg AGA   2   2   2   2   2   2
Met ATG   3   3   3   3   3   3 |     ACG   1   1   1   0   0   0 |     AAG   5   5   5   5   5   5 |     AGG   2   2   2   2   2   2
--------------------------------------------------------------------------------------------------------------------------------------
Val GTT   0   0   0   0   0   0 | Ala GCT   2   2   2   2   2   2 | Asp GAT   2   2   2   2   2   2 | Gly GGT   1   1   1   1   1   1
    GTC   1   1   1   1   1   1 |     GCC   1   1   1   1   1   1 |     GAC   1   1   1   1   1   1 |     GGC   2   2   2   2   2   2
    GTA   0   0   0   0   0   0 |     GCA   1   1   1   1   1   1 | Glu GAA   4   5   5   6   6   6 |     GGA   0   0   0   0   0   0
    GTG   3   3   3   3   3   3 |     GCG   0   0   0   0   0   0 |     GAG   6   5   5   4   4   4 |     GGG   1   1   1   1   1   1
--------------------------------------------------------------------------------------------------------------------------------------

Codon position x base (3x4) table for each sequence.

#1: Argali         
position  1:    T:0.20192    C:0.24038    A:0.31731    G:0.24038
position  2:    T:0.24038    C:0.20192    A:0.40385    G:0.15385
position  3:    T:0.28846    C:0.15385    A:0.26923    G:0.28846
Average         T:0.24359    C:0.19872    A:0.33013    G:0.22756

#2: LesserMouseDeer
position  1:    T:0.20192    C:0.23077    A:0.33654    G:0.23077
position  2:    T:0.24038    C:0.20192    A:0.40385    G:0.15385
position  3:    T:0.28846    C:0.16346    A:0.26923    G:0.27885
Average         T:0.24359    C:0.19872    A:0.33654    G:0.22115

#3: LesserKudu     
position  1:    T:0.20192    C:0.24038    A:0.31731    G:0.24038
position  2:    T:0.24038    C:0.20192    A:0.40385    G:0.15385
position  3:    T:0.30769    C:0.14423    A:0.28846    G:0.25962
Average         T:0.25000    C:0.19551    A:0.33654    G:0.21795

#4: ForestMuskDeer2
position  1:    T:0.20192    C:0.24038    A:0.31731    G:0.24038
position  2:    T:0.24038    C:0.20192    A:0.40385    G:0.15385
position  3:    T:0.29808    C:0.15385    A:0.27885    G:0.26923
Average         T:0.24679    C:0.19872    A:0.33333    G:0.22115

#5: Camel          
position  1:    T:0.20192    C:0.24038    A:0.31731    G:0.24038
position  2:    T:0.24038    C:0.20192    A:0.40385    G:0.15385
position  3:    T:0.30769    C:0.15385    A:0.26923    G:0.26923
Average         T:0.25000    C:0.19872    A:0.33013    G:0.22115

#6: KillerWhale    
position  1:    T:0.20192    C:0.24038    A:0.31731    G:0.24038
position  2:    T:0.24038    C:0.20192    A:0.40385    G:0.15385
position  3:    T:0.29808    C:0.15385    A:0.25962    G:0.28846
Average         T:0.24679    C:0.19872    A:0.32692    G:0.22756

#7: DefassaWaterbuck
position  1:    T:0.20192    C:0.24038    A:0.31731    G:0.24038
position  2:    T:0.24038    C:0.20192    A:0.40385    G:0.15385
position  3:    T:0.29808    C:0.14423    A:0.26923    G:0.28846
Average         T:0.24679    C:0.19551    A:0.33013    G:0.22756

#8: Sheep          
position  1:    T:0.20192    C:0.24038    A:0.31731    G:0.24038
position  2:    T:0.24038    C:0.20192    A:0.40385    G:0.15385
position  3:    T:0.28846    C:0.15385    A:0.26923    G:0.28846
Average         T:0.24359    C:0.19872    A:0.33013    G:0.22756

#9: MaxwellsDuiker 
position  1:    T:0.20192    C:0.24038    A:0.31731    G:0.24038
position  2:    T:0.24038    C:0.20192    A:0.40385    G:0.15385
position  3:    T:0.28846    C:0.15385    A:0.28846    G:0.26923
Average         T:0.24359    C:0.19872    A:0.33654    G:0.22115

#10: GazellaPrzewalskyi
position  1:    T:0.20192    C:0.24038    A:0.31731    G:0.24038
position  2:    T:0.24038    C:0.20192    A:0.40385    G:0.15385
position  3:    T:0.27885    C:0.16346    A:0.26923    G:0.28846
Average         T:0.24038    C:0.20192    A:0.33013    G:0.22756

#11: MountainNyala  
position  1:    T:0.20192    C:0.24038    A:0.31731    G:0.24038
position  2:    T:0.24038    C:0.20192    A:0.40385    G:0.15385
position  3:    T:0.30769    C:0.14423    A:0.28846    G:0.25962
Average         T:0.25000    C:0.19551    A:0.33654    G:0.21795

#12: MuntiacusMuntjak
position  1:    T:0.20192    C:0.24038    A:0.31731    G:0.24038
position  2:    T:0.24038    C:0.20192    A:0.40385    G:0.15385
position  3:    T:0.29808    C:0.15385    A:0.25962    G:0.28846
Average         T:0.24679    C:0.19872    A:0.32692    G:0.22756

#13: goat           
position  1:    T:0.20192    C:0.24038    A:0.31731    G:0.24038
position  2:    T:0.24038    C:0.20192    A:0.40385    G:0.15385
position  3:    T:0.28846    C:0.15385    A:0.26923    G:0.28846
Average         T:0.24359    C:0.19872    A:0.33013    G:0.22756

#14: AfricanBuffalo 
position  1:    T:0.20192    C:0.24038    A:0.31731    G:0.24038
position  2:    T:0.24038    C:0.20192    A:0.40385    G:0.15385
position  3:    T:0.29808    C:0.15385    A:0.27885    G:0.26923
Average         T:0.24679    C:0.19872    A:0.33333    G:0.22115

#15: Topi           
position  1:    T:0.20192    C:0.24038    A:0.31731    G:0.24038
position  2:    T:0.24038    C:0.20192    A:0.40385    G:0.15385
position  3:    T:0.29808    C:0.15385    A:0.25962    G:0.28846
Average         T:0.24679    C:0.19872    A:0.32692    G:0.22756

#16: CommonDuiker   
position  1:    T:0.20192    C:0.24038    A:0.31731    G:0.24038
position  2:    T:0.24038    C:0.20192    A:0.40385    G:0.15385
position  3:    T:0.29808    C:0.14423    A:0.28846    G:0.26923
Average         T:0.24679    C:0.19551    A:0.33654    G:0.22115

#17: Suni           
position  1:    T:0.20192    C:0.24038    A:0.31731    G:0.24038
position  2:    T:0.24038    C:0.20192    A:0.40385    G:0.15385
position  3:    T:0.28846    C:0.15385    A:0.27885    G:0.27885
Average         T:0.24359    C:0.19872    A:0.33333    G:0.22436

#18: Springbuck     
position  1:    T:0.20192    C:0.24038    A:0.31731    G:0.24038
position  2:    T:0.24038    C:0.20192    A:0.40385    G:0.15385
position  3:    T:0.28846    C:0.15385    A:0.25962    G:0.29808
Average         T:0.24359    C:0.19872    A:0.32692    G:0.23077

#19: Okapi          
position  1:    T:0.20192    C:0.24038    A:0.31731    G:0.24038
position  2:    T:0.24038    C:0.20192    A:0.40385    G:0.15385
position  3:    T:0.29808    C:0.15385    A:0.27885    G:0.26923
Average         T:0.24679    C:0.19872    A:0.33333    G:0.22115

#20: Giraffe        
position  1:    T:0.20192    C:0.24038    A:0.31731    G:0.24038
position  2:    T:0.24038    C:0.20192    A:0.40385    G:0.15385
position  3:    T:0.29808    C:0.15385    A:0.26923    G:0.27885
Average         T:0.24679    C:0.19872    A:0.33013    G:0.22436

#21: TibetanAntelope
position  1:    T:0.20192    C:0.24038    A:0.31731    G:0.24038
position  2:    T:0.24038    C:0.20192    A:0.40385    G:0.15385
position  3:    T:0.28846    C:0.15385    A:0.26923    G:0.28846
Average         T:0.24359    C:0.19872    A:0.33013    G:0.22756

#22: Sitatunga      
position  1:    T:0.20192    C:0.24038    A:0.31731    G:0.24038
position  2:    T:0.24038    C:0.20192    A:0.40385    G:0.15385
position  3:    T:0.30769    C:0.14423    A:0.28846    G:0.25962
Average         T:0.25000    C:0.19551    A:0.33654    G:0.21795

#23: Oribi          
position  1:    T:0.20192    C:0.25000    A:0.30769    G:0.24038
position  2:    T:0.24038    C:0.20192    A:0.40385    G:0.15385
position  3:    T:0.28846    C:0.15385    A:0.25962    G:0.29808
Average         T:0.24359    C:0.20192    A:0.32372    G:0.23077

#24: BarbarySheep   
position  1:    T:0.20192    C:0.24038    A:0.31731    G:0.24038
position  2:    T:0.24038    C:0.20192    A:0.40385    G:0.15385
position  3:    T:0.28846    C:0.15385    A:0.26923    G:0.28846
Average         T:0.24359    C:0.19872    A:0.33013    G:0.22756

#25: Daviddeer      
position  1:    T:0.20192    C:0.24038    A:0.31731    G:0.24038
position  2:    T:0.24038    C:0.20192    A:0.40385    G:0.15385
position  3:    T:0.29808    C:0.15385    A:0.27885    G:0.26923
Average         T:0.24679    C:0.19872    A:0.33333    G:0.22115

#26: Reindeer       
position  1:    T:0.20192    C:0.23077    A:0.32692    G:0.24038
position  2:    T:0.24038    C:0.20192    A:0.40385    G:0.15385
position  3:    T:0.29808    C:0.15385    A:0.26923    G:0.27885
Average         T:0.24679    C:0.19551    A:0.33333    G:0.22436

#27: Ibex           
position  1:    T:0.20192    C:0.24038    A:0.31731    G:0.24038
position  2:    T:0.24038    C:0.20192    A:0.40385    G:0.15385
position  3:    T:0.28846    C:0.15385    A:0.26923    G:0.28846
Average         T:0.24359    C:0.19872    A:0.33013    G:0.22756

#28: GyrantGazelle  
position  1:    T:0.20192    C:0.24038    A:0.31731    G:0.24038
position  2:    T:0.24038    C:0.20192    A:0.40385    G:0.15385
position  3:    T:0.28846    C:0.15385    A:0.25962    G:0.29808
Average         T:0.24359    C:0.19872    A:0.32692    G:0.23077

#29: Hartebeest     
position  1:    T:0.20192    C:0.24038    A:0.31731    G:0.24038
position  2:    T:0.24038    C:0.20192    A:0.40385    G:0.15385
position  3:    T:0.28846    C:0.15385    A:0.25962    G:0.29808
Average         T:0.24359    C:0.19872    A:0.32692    G:0.23077

#30: Bongo          
position  1:    T:0.20192    C:0.24038    A:0.31731    G:0.24038
position  2:    T:0.24038    C:0.20192    A:0.40385    G:0.15385
position  3:    T:0.30769    C:0.14423    A:0.28846    G:0.25962
Average         T:0.25000    C:0.19551    A:0.33654    G:0.21795

#31: Gerenuk        
position  1:    T:0.20192    C:0.24038    A:0.31731    G:0.24038
position  2:    T:0.24038    C:0.20192    A:0.40385    G:0.15385
position  3:    T:0.28846    C:0.15385    A:0.25962    G:0.29808
Average         T:0.24359    C:0.19872    A:0.32692    G:0.23077

#32: CommonEland    
position  1:    T:0.20192    C:0.24038    A:0.31731    G:0.24038
position  2:    T:0.24038    C:0.20192    A:0.40385    G:0.15385
position  3:    T:0.30769    C:0.14423    A:0.28846    G:0.25962
Average         T:0.25000    C:0.19551    A:0.33654    G:0.21795

#33: MuntiacusReevesi
position  1:    T:0.20192    C:0.24038    A:0.31731    G:0.24038
position  2:    T:0.24038    C:0.20192    A:0.40385    G:0.15385
position  3:    T:0.29808    C:0.14423    A:0.25962    G:0.29808
Average         T:0.24679    C:0.19551    A:0.32692    G:0.23077

#34: HarveysDuiker  
position  1:    T:0.20192    C:0.24038    A:0.31731    G:0.24038
position  2:    T:0.24038    C:0.20192    A:0.40385    G:0.15385
position  3:    T:0.29808    C:0.14423    A:0.28846    G:0.26923
Average         T:0.24679    C:0.19551    A:0.33654    G:0.22115

#35: Pronghorn      
position  1:    T:0.20192    C:0.24038    A:0.31731    G:0.24038
position  2:    T:0.24038    C:0.20192    A:0.40385    G:0.15385
position  3:    T:0.29808    C:0.15385    A:0.26923    G:0.27885
Average         T:0.24679    C:0.19872    A:0.33013    G:0.22436

#36: BlueWildebeest 
position  1:    T:0.20192    C:0.24038    A:0.31731    G:0.24038
position  2:    T:0.24038    C:0.20192    A:0.40385    G:0.15385
position  3:    T:0.29808    C:0.15385    A:0.25962    G:0.28846
Average         T:0.24679    C:0.19872    A:0.32692    G:0.22756

#37: Gemsbok        
position  1:    T:0.20192    C:0.24038    A:0.31731    G:0.24038
position  2:    T:0.24038    C:0.20192    A:0.40385    G:0.15385
position  3:    T:0.28846    C:0.15385    A:0.26923    G:0.28846
Average         T:0.24359    C:0.19872    A:0.33013    G:0.22756

#38: Yak            
position  1:    T:0.20192    C:0.24038    A:0.31731    G:0.24038
position  2:    T:0.24038    C:0.20192    A:0.40385    G:0.15385
position  3:    T:0.29808    C:0.15385    A:0.28846    G:0.25962
Average         T:0.24679    C:0.19872    A:0.33654    G:0.21795

#39: BlueSheep      
position  1:    T:0.20192    C:0.24038    A:0.31731    G:0.24038
position  2:    T:0.24038    C:0.20192    A:0.40385    G:0.15385
position  3:    T:0.28846    C:0.15385    A:0.26923    G:0.28846
Average         T:0.24359    C:0.19872    A:0.33013    G:0.22756

#40: BohorReedbuck  
position  1:    T:0.20192    C:0.24038    A:0.31731    G:0.24038
position  2:    T:0.24038    C:0.20192    A:0.40385    G:0.15385
position  3:    T:0.28846    C:0.15385    A:0.26923    G:0.28846
Average         T:0.24359    C:0.19872    A:0.33013    G:0.22756

#41: KirksDik       
position  1:    T:0.20192    C:0.24038    A:0.31731    G:0.24038
position  2:    T:0.24038    C:0.20192    A:0.40385    G:0.15385
position  3:    T:0.28846    C:0.15385    A:0.26923    G:0.28846
Average         T:0.24359    C:0.19872    A:0.33013    G:0.22756

#42: RoeDeer        
position  1:    T:0.20192    C:0.24038    A:0.31731    G:0.24038
position  2:    T:0.24038    C:0.20192    A:0.40385    G:0.15385
position  3:    T:0.29808    C:0.15385    A:0.27885    G:0.26923
Average         T:0.24679    C:0.19872    A:0.33333    G:0.22115

#43: WhiteLippedDeer
position  1:    T:0.20192    C:0.24038    A:0.31731    G:0.24038
position  2:    T:0.24038    C:0.20192    A:0.40385    G:0.15385
position  3:    T:0.29808    C:0.15385    A:0.27885    G:0.26923
Average         T:0.24679    C:0.19872    A:0.33333    G:0.22115

#44: ThomsonGazelle 
position  1:    T:0.20192    C:0.24038    A:0.31731    G:0.24038
position  2:    T:0.24038    C:0.20192    A:0.40385    G:0.15385
position  3:    T:0.28846    C:0.15385    A:0.25962    G:0.29808
Average         T:0.24359    C:0.19872    A:0.32692    G:0.23077

#45: MuntiacusCrinifrons
position  1:    T:0.20192    C:0.24038    A:0.31731    G:0.24038
position  2:    T:0.24038    C:0.20192    A:0.40385    G:0.15385
position  3:    T:0.29808    C:0.15385    A:0.25962    G:0.28846
Average         T:0.24679    C:0.19872    A:0.32692    G:0.22756

#46: WhiteTailedDeer
position  1:    T:0.20192    C:0.24038    A:0.31731    G:0.24038
position  2:    T:0.24038    C:0.20192    A:0.40385    G:0.15385
position  3:    T:0.29808    C:0.15385    A:0.26923    G:0.27885
Average         T:0.24679    C:0.19872    A:0.33013    G:0.22436

#47: Cattle         
position  1:    T:0.20192    C:0.24038    A:0.31731    G:0.24038
position  2:    T:0.24038    C:0.20192    A:0.40385    G:0.15385
position  3:    T:0.29808    C:0.15385    A:0.28846    G:0.25962
Average         T:0.24679    C:0.19872    A:0.33654    G:0.21795

#48: RoyalAntelope  
position  1:    T:0.20192    C:0.24038    A:0.31731    G:0.24038
position  2:    T:0.24038    C:0.20192    A:0.40385    G:0.15385
position  3:    T:0.28846    C:0.15385    A:0.26923    G:0.28846
Average         T:0.24359    C:0.19872    A:0.33013    G:0.22756

#49: Steenbok       
position  1:    T:0.20192    C:0.24038    A:0.31731    G:0.24038
position  2:    T:0.24038    C:0.20192    A:0.40385    G:0.15385
position  3:    T:0.28846    C:0.15385    A:0.25962    G:0.29808
Average         T:0.24359    C:0.19872    A:0.32692    G:0.23077

#50: Impala         
position  1:    T:0.20192    C:0.24038    A:0.31731    G:0.24038
position  2:    T:0.24038    C:0.20192    A:0.40385    G:0.15385
position  3:    T:0.28846    C:0.15385    A:0.26923    G:0.28846
Average         T:0.24359    C:0.19872    A:0.33013    G:0.22756

#51: Klipspringer   
position  1:    T:0.20192    C:0.24038    A:0.31731    G:0.24038
position  2:    T:0.24038    C:0.20192    A:0.40385    G:0.15385
