1
52 1
Argali 0.000000 0.132800 0.031200 0.096800 0.016500 0.002300 0.016400 0.033400 0.036300 0.044900 0.007000 0.018800 0.011700 0.018800 0.026000 0.023500 0.042900 0.042700 0.011800 0.036300 0.018700 0.009300 0.045000 0.060200 0.009400 0.025900 0.011700 0.036300 0.028400 0.033900 0.042600 0.021200 0.049000 0.016500 0.021100 0.018800 0.009300 0.021300 0.025800 0.067300 0.045000 0.025900 0.045000 0.062200 0.023500 0.021200 0.018700 0.021000 0.021200 0.035600 0.033800 0.031400
LesserMous 0.132800 0.000000 0.139200 0.114200 0.139400 0.135800 0.138000 0.153300 0.151700 0.147400 0.139000 0.135400 0.141000 0.140900 0.145100 0.146600 0.143200 0.145500 0.136700 0.151300 0.137500 0.144400 0.144900 0.155000 0.142000 0.140800 0.141200 0.151800 0.149800 0.149200 0.145000 0.143600 0.138700 0.146800 0.143300 0.135800 0.138800 0.145300 0.140600 0.164800 0.144700 0.146600 0.147500 0.159600 0.140900 0.132600 0.137600 0.139800 0.140800 0.141100 0.142700 0.145800
LesserKudu 0.031200 0.139200 0.000000 0.085100 0.021600 0.028800 0.023900 0.036400 0.009300 0.043000 0.026500 0.019500 0.021500 0.026600 0.033500 0.028700 0.036100 0.038400 0.029000 0.009300 0.026200 0.041100 0.038200 0.051600 0.029300 0.023900 0.021500 0.009300 0.031200 0.007000 0.040800 0.028800 0.046900 0.026400 0.024300 0.019500 0.024000 0.026400 0.028600 0.060500 0.043100 0.023900 0.043100 0.055400 0.024400 0.023900 0.026300 0.026100 0.021500 0.033700 0.002300 0.004700
KillerWhal 0.096800 0.114200 0.085100 0.000000 0.089200 0.094300 0.088600 0.105500 0.095600 0.088000 0.091900 0.086100 0.086200 0.088700 0.097100 0.096800 0.075700 0.083200 0.097700 0.090100 0.093500 0.107700 0.090700 0.099000 0.092000 0.091400 0.086500 0.095700 0.099600 0.093200 0.090800 0.092600 0.097800 0.091600 0.086000 0.086300 0.091800 0.094700 0.091200 0.109000 0.088000 0.091400 0.093200 0.098200 0.091300 0.083600 0.093500 0.088000 0.086200 0.088900 0.087500 0.090200
DefassaWat 0.016500 0.139400 0.021600 0.089200 0.000000 0.014100 0.009400 0.021300 0.026700 0.037700 0.011800 0.011700 0.011800 0.011700 0.023800 0.018800 0.035800 0.038100 0.019000 0.026600 0.021300 0.026100 0.037800 0.053000 0.014100 0.018800 0.011800 0.026700 0.021200 0.024200 0.035400 0.014100 0.046700 0.016600 0.018900 0.011700 0.014100 0.004700 0.018800 0.060100 0.037800 0.019000 0.037800 0.055100 0.016400 0.014100 0.016400 0.016300 0.014200 0.028500 0.024200 0.021800
Sheep 0.002300 0.135800 0.028800 0.094300 0.014100 0.000000 0.014000 0.031000 0.033900 0.042600 0.004700 0.016400 0.009400 0.016400 0.028500 0.021200 0.040500 0.040300 0.011800 0.033900 0.021100 0.011700 0.042700 0.057800 0.007000 0.023600 0.009400 0.033900 0.026000 0.031500 0.040300 0.018800 0.046500 0.014100 0.018800 0.016500 0.007000 0.019000 0.023500 0.064900 0.042600 0.023600 0.042600 0.059800 0.021200 0.018800 0.016400 0.021000 0.018800 0.033200 0.031400 0.029000
MaxwellsDu 0.016400 0.138000 0.023900 0.088600 0.009400 0.014000 0.000000 0.026100 0.028900 0.037500 0.011700 0.011700 0.011700 0.007000 0.023600 0.018700 0.035400 0.037700 0.018900 0.028800 0.021000 0.025900 0.037600 0.052500 0.014100 0.018700 0.011700 0.028900 0.021100 0.026500 0.035200 0.009300 0.045300 0.016400 0.016300 0.011700 0.014000 0.014100 0.018700 0.059600 0.037600 0.018700 0.037600 0.054600 0.016300 0.014000 0.016300 0.016200 0.009300 0.028300 0.026400 0.024000
GazellaPrz 0.033400 0.153300 0.036400 0.105500 0.021300 0.031000 0.026100 0.000000 0.036700 0.045000 0.028600 0.028500 0.028800 0.028500 0.041000 0.026100 0.048200 0.050400 0.031200 0.041600 0.028700 0.043300 0.040200 0.060400 0.031100 0.026100 0.028700 0.041700 0.028600 0.039200 0.042700 0.030900 0.059300 0.028800 0.036000 0.028500 0.026200 0.026300 0.023600 0.067700 0.045100 0.026400 0.045100 0.062500 0.033300 0.030900 0.018800 0.028300 0.031200 0.040900 0.039100 0.036700
MountainNy 0.036300 0.151700 0.009300 0.095600 0.026700 0.033900 0.028900 0.036700 0.000000 0.053200 0.031500 0.024600 0.026500 0.031500 0.038600 0.031300 0.046200 0.048500 0.034100 0.009300 0.031200 0.046300 0.048300 0.062100 0.034200 0.031400 0.026500 0.009400 0.033800 0.007000 0.050900 0.033900 0.057300 0.031400 0.034100 0.024600 0.029000 0.031500 0.033600 0.070900 0.053200 0.026500 0.053300 0.065700 0.029500 0.033800 0.031300 0.031100 0.028900 0.038900 0.007000 0.004700
MuntiacusM 0.044900 0.147400 0.043000 0.088000 0.037700 0.042600 0.037500 0.045000 0.053200 0.000000 0.040200 0.035200 0.040000 0.035200 0.052700 0.047300 0.025600 0.032600 0.047800 0.048100 0.049500 0.054800 0.004500 0.023000 0.042600 0.042400 0.040000 0.053200 0.049800 0.050800 0.002300 0.036200 0.046100 0.044900 0.042300 0.035200 0.042500 0.042800 0.042300 0.029900 0.004500 0.047300 0.004500 0.020500 0.039900 0.032800 0.044600 0.034900 0.040100 0.035100 0.045700 0.048200
goat 0.007000 0.139000 0.026500 0.091900 0.011800 0.004700 0.011700 0.028600 0.031500 0.040200 0.000000 0.014100 0.007000 0.014100 0.026100 0.018800 0.038100 0.038000 0.007100 0.031500 0.023500 0.016500 0.040300 0.055400 0.002300 0.021200 0.007000 0.031500 0.023700 0.029100 0.037900 0.016500 0.048100 0.011800 0.016400 0.014100 0.002300 0.016600 0.021200 0.062500 0.040300 0.021200 0.040300 0.057400 0.018800 0.016500 0.018700 0.018700 0.016500 0.030800 0.029000 0.026600
AfricanBuf 0.018800 0.135400 0.019500 0.086100 0.011700 0.016400 0.011700 0.028500 0.024600 0.035200 0.014100 0.000000 0.014000 0.014000 0.026000 0.021100 0.033100 0.035300 0.021300 0.024500 0.023400 0.028400 0.035300 0.050100 0.016500 0.021100 0.014000 0.024500 0.023600 0.021900 0.032900 0.016400 0.044200 0.018800 0.021100 0.004700 0.016400 0.016500 0.021100 0.057100 0.035200 0.021100 0.035200 0.052200 0.009300 0.016400 0.018700 0.018600 0.016400 0.025900 0.022100 0.019600
Topi 0.011700 0.141000 0.021500 0.086200 0.011800 0.009400 0.011700 0.028800 0.026500 0.040000 0.007000 0.014000 0.000000 0.014000 0.021200 0.016400 0.033100 0.030600 0.014200 0.026500 0.018700 0.021200 0.040100 0.050200 0.009400 0.021200 0.000000 0.026500 0.023600 0.024100 0.037700 0.016500 0.044000 0.004700 0.011700 0.014100 0.009400 0.016500 0.021100 0.057300 0.040100 0.016400 0.040100 0.052300 0.018700 0.016400 0.018700 0.018600 0.011700 0.025900 0.024100 0.021700
CommonDuik 0.018800 0.140900 0.026600 0.088700 0.011700 0.016400 0.007000 0.028500 0.031500 0.035200 0.014100 0.014000 0.014000 0.000000 0.026000 0.021100 0.033100 0.035400 0.021300 0.031400 0.023400 0.028400 0.035300 0.050200 0.011700 0.021100 0.014000 0.031400 0.023600 0.029000 0.032900 0.007000 0.043700 0.018800 0.014000 0.014000 0.016400 0.016500 0.021100 0.057200 0.035200 0.021100 0.035200 0.052200 0.018700 0.016400 0.018700 0.018600 0.016400 0.025900 0.028900 0.026500
Suni 0.026000 0.145100 0.033500 0.097100 0.023800 0.028500 0.023600 0.041000 0.038600 0.052700 0.026100 0.026000 0.021200 0.026000 0.000000 0.033200 0.045700 0.048100 0.031100 0.038600 0.025800 0.035700 0.052900 0.063200 0.028500 0.033200 0.021200 0.038700 0.035700 0.036300 0.050400 0.028500 0.055800 0.026100 0.028300 0.021200 0.028500 0.028600 0.033100 0.070500 0.050400 0.028400 0.052800 0.065300 0.025900 0.028400 0.030600 0.028200 0.023600 0.038400 0.036100 0.033700
Springbuck 0.023500 0.146600 0.028700 0.096800 0.018800 0.021200 0.018700 0.026100 0.031300 0.047300 0.018800 0.021100 0.016400 0.021100 0.033200 0.000000 0.045300 0.042600 0.021300 0.031300 0.021000 0.033200 0.042500 0.062500 0.021200 0.009300 0.016400 0.031300 0.011700 0.028900 0.045000 0.023500 0.056500 0.021200 0.028200 0.021200 0.016400 0.023700 0.018700 0.069700 0.047400 0.009300 0.047400 0.064600 0.025900 0.023500 0.016300 0.021000 0.023600 0.038000 0.028800 0.026400
Okapi 0.042900 0.143200 0.036100 0.075700 0.035800 0.040500 0.035400 0.048200 0.046200 0.025600 0.038100 0.033100 0.033100 0.033100 0.045700 0.045300 0.000000 0.011600 0.045700 0.041200 0.042600 0.052800 0.030500 0.040300 0.040600 0.040400 0.033100 0.046200 0.047800 0.044100 0.028100 0.034100 0.034400 0.038000 0.035400 0.033100 0.040500 0.040700 0.045000 0.047300 0.030400 0.040400 0.030400 0.037600 0.037800 0.030700 0.042600 0.037600 0.033200 0.025900 0.038700 0.041200
Giraffe 0.042700 0.145500 0.038400 0.083200 0.038100 0.040300 0.037700 0.050400 0.048500 0.032600 0.038000 0.035300 0.030600 0.035400 0.048100 0.042600 0.011600 0.000000 0.045500 0.048400 0.044800 0.052600 0.032700 0.042500 0.040400 0.042600 0.030600 0.048500 0.050100 0.046100 0.030300 0.036400 0.036600 0.035500 0.037700 0.035400 0.040300 0.043000 0.047300 0.049500 0.032700 0.042600 0.032700 0.044600 0.040100 0.037800 0.044800 0.044700 0.035400 0.028200 0.041000 0.043500
TibetanAnt 0.011800 0.136700 0.029000 0.097700 0.019000 0.011800 0.018900 0.031200 0.034100 0.047800 0.007100 0.021300 0.014200 0.021300 0.031100 0.021300 0.045700 0.045500 0.000000 0.034000 0.023600 0.021400 0.043000 0.063200 0.009400 0.023700 0.014200 0.034100 0.026200 0.031600 0.045500 0.023800 0.055800 0.019000 0.023700 0.021400 0.004700 0.023900 0.023700 0.070400 0.047900 0.023700 0.047900 0.065300 0.026100 0.023700 0.021200 0.016400 0.023800 0.033400 0.031600 0.029100
Sitatunga 0.036300 0.151300 0.009300 0.090100 0.026600 0.033900 0.028800 0.041600 0.009300 0.048100 0.031500 0.024500 0.026500 0.031400 0.038600 0.031300 0.041200 0.048400 0.034000 0.000000 0.031200 0.046200 0.048200 0.062000 0.034100 0.031300 0.026400 0.009400 0.033800 0.007000 0.050800 0.033900 0.057200 0.031400 0.034000 0.024600 0.029000 0.031400 0.033600 0.070800 0.053100 0.026500 0.053200 0.060600 0.029500 0.028800 0.031200 0.026200 0.028800 0.038800 0.007000 0.004600
Oribi 0.018700 0.137500 0.026200 0.093500 0.021300 0.021100 0.021000 0.028700 0.031200 0.049500 0.023500 0.023400 0.018700 0.023400 0.025800 0.021000 0.042600 0.044800 0.023600 0.031200 0.000000 0.028200 0.044700 0.059700 0.025900 0.021000 0.018700 0.031200 0.023500 0.028800 0.047200 0.026100 0.048700 0.023500 0.025700 0.023400 0.021100 0.026000 0.021000 0.066800 0.049500 0.016300 0.049500 0.061800 0.028100 0.025800 0.013900 0.020900 0.021100 0.035400 0.028700 0.026300
BarbaryShe 0.009300 0.144400 0.041100 0.107700 0.026100 0.011700 0.025900 0.043300 0.046300 0.054800 0.016500 0.028400 0.021200 0.028400 0.035700 0.033200 0.052800 0.052600 0.021400 0.046200 0.028200 0.000000 0.054900 0.070400 0.018900 0.035600 0.021200 0.046300 0.038100 0.043800 0.052500 0.030800 0.059100 0.026100 0.030700 0.028400 0.018800 0.031000 0.035500 0.077500 0.054800 0.035600 0.054900 0.072300 0.033200 0.030800 0.028300 0.030500 0.030800 0.045400 0.043700 0.041300
Daviddeer 0.045000 0.144900 0.038200 0.090700 0.037800 0.042700 0.037600 0.040200 0.048300 0.004500 0.040300 0.035300 0.040100 0.035300 0.052900 0.042500 0.030500 0.032700 0.043000 0.048200 0.044700 0.054900 0.000000 0.023100 0.042700 0.037700 0.040100 0.048300 0.045000 0.045900 0.002300 0.036200 0.046300 0.045100 0.042400 0.035300 0.037800 0.042800 0.037500 0.029900 0.004500 0.042500 0.004500 0.025200 0.040000 0.037700 0.039900 0.035000 0.040200 0.035200 0.040900 0.043300
Reindeer 0.060200 0.155000 0.051600 0.099000 0.053000 0.057800 0.052500 0.060400 0.062100 0.023000 0.055400 0.050100 0.050200 0.050200 0.063200 0.062500 0.040300 0.042500 0.063200 0.062000 0.059700 0.070400 0.023100 0.000000 0.057900 0.057500 0.050200 0.057000 0.065200 0.059600 0.020800 0.051300 0.051300 0.055200 0.052500 0.050200 0.057700 0.058100 0.059800 0.025400 0.023100 0.057500 0.023100 0.011500 0.055000 0.052600 0.059700 0.054600 0.050200 0.045100 0.054500 0.057000
Ibex 0.009400 0.142000 0.029300 0.092000 0.014100 0.007000 0.014100 0.031100 0.034200 0.042600 0.002300 0.016500 0.009400 0.011700 0.028500 0.021200 0.040600 0.040400 0.009400 0.034100 0.025900 0.018900 0.042700 0.057900 0.000000 0.023600 0.009400 0.034200 0.026100 0.031700 0.040300 0.018800 0.050500 0.014100 0.014100 0.016500 0.004700 0.019000 0.023500 0.065000 0.042700 0.023600 0.042700 0.059900 0.021200 0.018800 0.021100 0.021000 0.018900 0.033300 0.031700 0.029200
GyrantGaze 0.025900 0.140800 0.023900 0.091400 0.018800 0.023600 0.018700 0.026100 0.031400 0.042400 0.021200 0.021100 0.021200 0.021100 0.033200 0.009300 0.040400 0.042600 0.023700 0.031300 0.021000 0.035600 0.037700 0.057500 0.023600 0.000000 0.021200 0.026500 0.011700 0.028900 0.040100 0.023500 0.051400 0.026000 0.023500 0.021200 0.018800 0.023700 0.018700 0.064700 0.042500 0.004600 0.042500 0.059600 0.025900 0.018800 0.016300 0.021000 0.021200 0.038000 0.024000 0.026400
Hartebeest 0.011700 0.141200 0.021500 0.086500 0.011800 0.009400 0.011700 0.028700 0.026500 0.040000 0.007000 0.014000 0.000000 0.014000 0.021200 0.016400 0.033100 0.030600 0.014200 0.026400 0.018700 0.021200 0.040100 0.050200 0.009400 0.021200 0.000000 0.026500 0.023600 0.024100 0.037700 0.016500 0.043900 0.004700 0.011700 0.014100 0.009400 0.016500 0.021100 0.057300 0.040100 0.016400 0.040100 0.052300 0.018700 0.016400 0.018700 0.018600 0.011700 0.025900 0.024000 0.021600
Bongo 0.036300 0.151800 0.009300 0.095700 0.026700 0.033900 0.028900 0.041700 0.009400 0.053200 0.031500 0.024500 0.026500 0.031400 0.038700 0.031300 0.046200 0.048500 0.034100 0.009400 0.031200 0.046300 0.048300 0.057000 0.034200 0.026500 0.026500 0.000000 0.033800 0.007000 0.050900 0.033900 0.057300 0.031400 0.034000 0.024600 0.029000 0.031500 0.033600 0.071000 0.053300 0.021600 0.053300 0.060700 0.029500 0.033800 0.031300 0.031100 0.028900 0.038800 0.007000 0.004700
Gerenuk 0.028400 0.149800 0.031200 0.099600 0.021200 0.026000 0.021100 0.028600 0.033800 0.049800 0.023700 0.023600 0.023600 0.023600 0.035700 0.011700 0.047800 0.050100 0.026200 0.033800 0.023500 0.038100 0.045000 0.065200 0.026100 0.011700 0.023600 0.033800 0.000000 0.031400 0.047500 0.023500 0.059000 0.028400 0.030700 0.023600 0.021200 0.026100 0.021100 0.072300 0.049900 0.011700 0.049900 0.067200 0.028300 0.021100 0.018700 0.018700 0.026500 0.040500 0.031300 0.028900
CommonElan 0.033900 0.149200 0.007000 0.093200 0.024200 0.031500 0.026500 0.039200 0.007000 0.050800 0.029100 0.021900 0.024100 0.029000 0.036300 0.028900 0.044100 0.046100 0.031600 0.007000 0.028800 0.043800 0.045900 0.059600 0.031700 0.028900 0.024100 0.007000 0.031400 0.000000 0.048500 0.031500 0.054700 0.029000 0.031500 0.022000 0.026600 0.029100 0.031200 0.068500 0.050800 0.024100 0.050900 0.063300 0.026900 0.031300 0.028800 0.028700 0.026400 0.036400 0.004700 0.002300
MuntiacusR 0.042600 0.145000 0.040800 0.090800 0.035400 0.040300 0.035200 0.042700 0.050900 0.002300 0.037900 0.032900 0.037700 0.032900 0.050400 0.045000 0.028100 0.030300 0.045500 0.050800 0.047200 0.052500 0.002300 0.020800 0.040300 0.040100 0.037700 0.050900 0.047500 0.048500 0.000000 0.033900 0.043700 0.042600 0.040000 0.032900 0.040200 0.040400 0.040000 0.027600 0.002300 0.045000 0.002300 0.022900 0.037600 0.035300 0.042300 0.037400 0.037700 0.032800 0.043400 0.045900
HarveysDui 0.021200 0.143600 0.028800 0.092600 0.014100 0.018800 0.009300 0.030900 0.033900 0.036200 0.016500 0.016400 0.016500 0.007000 0.028500 0.023500 0.034100 0.036400 0.023800 0.033900 0.026100 0.030800 0.036200 0.051300 0.018800 0.023500 0.016500 0.033900 0.023500 0.031500 0.033900 0.000000 0.046400 0.021400 0.021300 0.016400 0.018800 0.018900 0.023400 0.058600 0.036100 0.023800 0.036200 0.053500 0.021100 0.016400 0.021000 0.021000 0.018900 0.028500 0.031400 0.029000
Pronghorn 0.049000 0.138700 0.046900 0.097800 0.046700 0.046500 0.045300 0.059300 0.057300 0.046100 0.048100 0.044200 0.044000 0.043700 0.055800 0.056500 0.034400 0.036600 0.055800 0.057200 0.048700 0.059100 0.046300 0.051300 0.050500 0.051400 0.043900 0.057300 0.059000 0.054700 0.043700 0.046400 0.000000 0.049000 0.046300 0.043000 0.051600 0.051600 0.056200 0.058600 0.046200 0.051500 0.046100 0.053600 0.044000 0.046300 0.048800 0.054000 0.038900 0.026700 0.049600 0.052200
BlueWildeb 0.016500 0.146800 0.026400 0.091600 0.016600 0.014100 0.016400 0.028800 0.031400 0.044900 0.011800 0.018800 0.004700 0.018800 0.026100 0.021200 0.038000 0.035500 0.019000 0.031400 0.023500 0.026100 0.045100 0.055200 0.014100 0.026000 0.004700 0.031400 0.028400 0.029000 0.042600 0.021400 0.049000 0.000000 0.016400 0.018800 0.014100 0.021400 0.025900 0.062400 0.045000 0.021200 0.045000 0.057300 0.023500 0.021200 0.018700 0.023400 0.016500 0.030800 0.028900 0.026500
Gemsbok 0.021100 0.143300 0.024300 0.086000 0.018900 0.018800 0.016300 0.036000 0.034100 0.042300 0.016400 0.021100 0.011700 0.014000 0.028300 0.028200 0.035400 0.037700 0.023700 0.034000 0.025700 0.030700 0.042400 0.052500 0.014100 0.023500 0.011700 0.034000 0.030700 0.031500 0.040000 0.021300 0.046300 0.016400 0.000000 0.021100 0.018800 0.023700 0.028100 0.059500 0.042400 0.023500 0.042400 0.054500 0.025800 0.018700 0.025700 0.025600 0.016400 0.033000 0.026600 0.029100
Yak 0.018800 0.135800 0.019500 0.086300 0.011700 0.016500 0.011700 0.028500 0.024600 0.035200 0.014100 0.004700 0.014100 0.014000 0.021200 0.021200 0.033100 0.035400 0.021400 0.024600 0.023400 0.028400 0.035300 0.050200 0.016500 0.021200 0.014100 0.024600 0.023600 0.022000 0.032900 0.016400 0.043000 0.018800 0.021100 0.000000 0.016500 0.016600 0.021100 0.057300 0.035300 0.021200 0.035300 0.052300 0.004600 0.016400 0.018700 0.018600 0.016400 0.025900 0.022100 0.019700
BlueSheep 0.009300 0.138800 0.024000 0.091800 0.014100 0.007000 0.014000 0.026200 0.029000 0.042500 0.002300 0.016400 0.009400 0.016400 0.028500 0.016400 0.040500 0.040300 0.004700 0.029000 0.021100 0.018800 0.037800 0.057700 0.004700 0.018800 0.009400 0.029000 0.021200 0.026600 0.040200 0.018800 0.051600 0.014100 0.018800 0.016500 0.000000 0.018900 0.018700 0.064900 0.042600 0.018800 0.042600 0.059800 0.021200 0.018800 0.016300 0.016300 0.018800 0.033200 0.026500 0.024100
BohorReedb 0.021300 0.145300 0.026400 0.094700 0.004700 0.019000 0.014100 0.026300 0.031500 0.042800 0.016600 0.016500 0.016500 0.016500 0.028600 0.023700 0.040700 0.043000 0.023900 0.031400 0.026000 0.031000 0.042800 0.058100 0.019000 0.023700 0.016500 0.031500 0.026100 0.029100 0.040400 0.018900 0.051600 0.021400 0.023700 0.016600 0.018900 0.000000 0.023600 0.065200 0.042800 0.023700 0.042800 0.060100 0.021300 0.018900 0.021200 0.021100 0.018900 0.033400 0.029000 0.026600
KirksDik 0.025800 0.140600 0.028600 0.091200 0.018800 0.023500 0.018700 0.023600 0.033600 0.042300 0.021200 0.021100 0.021100 0.021100 0.033100 0.018700 0.045000 0.047300 0.023700 0.033600 0.021000 0.035500 0.037500 0.059800 0.023500 0.018700 0.021100 0.033600 0.021100 0.031200 0.040000 0.023400 0.056200 0.025900 0.028100 0.021100 0.018700 0.023600 0.000000 0.066900 0.042300 0.018700 0.042300 0.061800 0.025800 0.023400 0.016300 0.020900 0.023500 0.037800 0.031100 0.028700
RoeDeer 0.067300 0.164800 0.060500 0.109000 0.060100 0.064900 0.059600 0.067700 0.070900 0.029900 0.062500 0.057100 0.057300 0.057200 0.070500 0.069700 0.047300 0.049500 0.070400 0.070800 0.066800 0.077500 0.029900 0.025400 0.065000 0.064700 0.057300 0.071000 0.072300 0.068500 0.027600 0.058600 0.058600 0.062400 0.059500 0.057300 0.064900 0.065200 0.066900 0.000000 0.029900 0.064700 0.028700 0.027600 0.062000 0.059700 0.066900 0.061700 0.057300 0.052100 0.063200 0.065800
WhiteLippe 0.045000 0.144700 0.043100 0.088000 0.037800 0.042600 0.037600 0.045100 0.053200 0.004500 0.040300 0.035200 0.040100 0.035200 0.050400 0.047400 0.030400 0.032700 0.047900 0.053100 0.049500 0.054800 0.004500 0.023100 0.042700 0.042500 0.040100 0.053300 0.049900 0.050800 0.002300 0.036100 0.046200 0.045000 0.042400 0.035300 0.042600 0.042800 0.042300 0.029900 0.000000 0.047300 0.004500 0.025200 0.040000 0.037600 0.044700 0.039700 0.040100 0.035100 0.045700 0.048200
ThomsonGaz 0.025900 0.146600 0.023900 0.091400 0.019000 0.023600 0.018700 0.026400 0.026500 0.047300 0.021200 0.021100 0.016400 0.021100 0.028400 0.009300 0.040400 0.042600 0.023700 0.026500 0.016300 0.035600 0.042500 0.057500 0.023600 0.004600 0.016400 0.021600 0.011700 0.024100 0.045000 0.023800 0.051500 0.021200 0.023500 0.021200 0.018800 0.023700 0.018700 0.064700 0.047300 0.000000 0.047300 0.059600 0.025900 0.023500 0.016300 0.021000 0.018800 0.033100 0.024000 0.021600
MuntiacusC 0.045000 0.147500 0.043100 0.093200 0.037800 0.042600 0.037600 0.045100 0.053300 0.004500 0.040300 0.035200 0.040100 0.035200 0.052800 0.047400 0.030400 0.032700 0.047900 0.053200 0.049500 0.054900 0.004500 0.023100 0.042700 0.042500 0.040100 0.053300 0.049900 0.050900 0.002300 0.036200 0.046100 0.045000 0.042400 0.035300 0.042600 0.042800 0.042300 0.028700 0.004500 0.047300 0.000000 0.025200 0.040000 0.037600 0.044700 0.039700 0.040100 0.035200 0.045800 0.048300
WhiteTaile 0.062200 0.159600 0.055400 0.098200 0.055100 0.059800 0.054600 0.062500 0.065700 0.020500 0.057400 0.052200 0.052300 0.052200 0.065300 0.064600 0.037600 0.044600 0.065300 0.060600 0.061800 0.072300 0.025200 0.011500 0.059900 0.059600 0.052300 0.060700 0.067200 0.063300 0.022900 0.053500 0.053600 0.057300 0.054500 0.052300 0.059800 0.060100 0.061800 0.027600 0.025200 0.059600 0.025200 0.000000 0.057000 0.049800 0.061800 0.051800 0.052300 0.047200 0.058100 0.060700
Cattle 0.023500 0.140900 0.024400 0.091300 0.016400 0.021200 0.016300 0.033300 0.029500 0.039900 0.018800 0.009300 0.018700 0.018700 0.025900 0.025900 0.037800 0.040100 0.026100 0.029500 0.028100 0.033200 0.040000 0.055000 0.021200 0.025900 0.018700 0.029500 0.028300 0.026900 0.037600 0.021100 0.044000 0.023500 0.025800 0.004600 0.021200 0.021300 0.025800 0.062000 0.040000 0.025900 0.040000 0.057000 0.000000 0.021100 0.023400 0.023300 0.021100 0.025900 0.027000 0.024600
RoyalAntel 0.021200 0.132600 0.023900 0.083600 0.014100 0.018800 0.014000 0.030900 0.033800 0.032800 0.016500 0.016400 0.016400 0.016400 0.028400 0.023500 0.030700 0.037800 0.023700 0.028800 0.025800 0.030800 0.037700 0.052600 0.018800 0.018800 0.016400 0.033800 0.021100 0.031300 0.035300 0.016400 0.046300 0.021200 0.018700 0.016400 0.018800 0.018900 0.023400 0.059700 0.037600 0.023500 0.037600 0.049800 0.021100 0.000000 0.021000 0.016300 0.016400 0.033100 0.026400 0.028900
Steenbok 0.018700 0.137600 0.026300 0.093500 0.016400 0.016400 0.016300 0.018800 0.031300 0.044600 0.018700 0.018700 0.018700 0.018700 0.030600 0.016300 0.042600 0.044800 0.021200 0.031200 0.013900 0.028300 0.039900 0.059700 0.021100 0.016300 0.018700 0.031300 0.018700 0.028800 0.042300 0.021000 0.048800 0.018700 0.025700 0.018700 0.016300 0.021200 0.016300 0.066900 0.044700 0.016300 0.044700 0.061800 0.023400 0.021000 0.000000 0.018500 0.021100 0.035400 0.028800 0.026400
Impala 0.021000 0.139800 0.026100 0.088000 0.016300 0.021000 0.016200 0.028300 0.031100 0.034900 0.018700 0.018600 0.018600 0.018600 0.028200 0.021000 0.037600 0.044700 0.016400 0.026200 0.020900 0.030500 0.035000 0.054600 0.021000 0.021000 0.018600 0.031100 0.018700 0.028700 0.037400 0.021000 0.054000 0.023400 0.025600 0.018600 0.016300 0.021100 0.020900 0.061700 0.039700 0.021000 0.039700 0.051800 0.023300 0.016300 0.018500 0.000000 0.021000 0.035200 0.028700 0.026300
Klipspring 0.021200 0.140800 0.021500 0.086200 0.014200 0.018800 0.009300 0.031200 0.028900 0.040100 0.016500 0.016400 0.011700 0.016400 0.023600 0.023600 0.033200 0.035400 0.023800 0.028800 0.021100 0.030800 0.040200 0.050200 0.018900 0.021200 0.011700 0.028900 0.026500 0.026400 0.037700 0.018900 0.038900 0.016500 0.016400 0.016400 0.018800 0.018900 0.023500 0.057300 0.040100 0.018800 0.040100 0.052300 0.021100 0.016400 0.021100 0.021000 0.000000 0.028300 0.024000 0.024000
ForestMusk 0.035600 0.141100 0.033700 0.088900 0.028500 0.033200 0.028300 0.040900 0.038900 0.035100 0.030800 0.025900 0.025900 0.025900 0.038400 0.038000 0.025900 0.028200 0.033400 0.038800 0.035400 0.045400 0.035200 0.045100 0.033300 0.038000 0.025900 0.038800 0.040500 0.036400 0.032800 0.028500 0.026700 0.030800 0.033000 0.025900 0.033200 0.033400 0.037800 0.052100 0.035100 0.033100 0.035200 0.047200 0.025900 0.033100 0.035400 0.035200 0.028300 0.000000 0.036400 0.033900
Bushbuck 0.033800 0.142700 0.002300 0.087500 0.024200 0.031400 0.026400 0.039100 0.007000 0.045700 0.029000 0.022100 0.024100 0.028900 0.036100 0.028800 0.038700 0.041000 0.031600 0.007000 0.028700 0.043700 0.040900 0.054500 0.031700 0.024000 0.024000 0.007000 0.031300 0.004700 0.043400 0.031400 0.049600 0.028900 0.026600 0.022100 0.026500 0.029000 0.031100 0.063200 0.045700 0.024000 0.045800 0.058100 0.027000 0.026400 0.028800 0.028700 0.024000 0.036400 0.000000 0.002300
GreaterKud 0.031400 0.145800 0.004700 0.090200 0.021800 0.029000 0.024000 0.036700 0.004700 0.048200 0.026600 0.019600 0.021700 0.026500 0.033700 0.026400 0.041200 0.043500 0.029100 0.004600 0.026300 0.041300 0.043300 0.057000 0.029200 0.026400 0.021600 0.004700 0.028900 0.002300 0.045900 0.029000 0.052200 0.026500 0.029100 0.019700 0.024100 0.026600 0.028700 0.065800 0.048200 0.021600 0.048300 0.060700 0.024600 0.028900 0.026400 0.026300 0.024000 0.033900 0.002300 0.000000
