CODONML (in paml version 4.10.7, June 2023)  /home/rachel/ruminants_paml/6406-phy-tree/ENSBTAT00000025617.fasta.phy
Model: free dN/dS Ratios for branches,  kappa = 2.000 fixed

Codon frequency model: F3x4
ns =  54  ls =  29

Codon usage in sequences
--------------------------------------------------------------------------------------------------------------------------------------
Phe TTT   0   0   0   0   0   0 | Ser TCT   0   0   0   0   0   0 | Tyr TAT   2   0   1   1   0   1 | Cys TGT   0   0   0   0   0   0
    TTC   1   1   1   1   1   1 |     TCC   0   1   0   0   1   0 |     TAC   0   2   1   1   1   0 |     TGC   2   2   2   2   2   2
Leu TTA   0   0   0   0   0   0 |     TCA   1   0   1   1   0   1 | *** TAA   0   0   0   0   0   0 | *** TGA   0   0   0   0   0   0
    TTG   0   0   0   0   0   0 |     TCG   0   0   0   0   0   0 |     TAG   0   0   0   0   0   0 | Trp TGG   1   1   1   1   1   1
--------------------------------------------------------------------------------------------------------------------------------------
Leu CTT   0   0   0   0   0   0 | Pro CCT   1   0   1   1   1   1 | His CAT   0   0   0   0   1   1 | Arg CGT   0   0   0   0   0   0
    CTC   3   3   3   3   3   3 |     CCC   0   1   0   0   0   0 |     CAC   1   1   1   1   2   1 |     CGC   1   0   0   0   1   0
    CTA   0   0   0   0   0   0 |     CCA   0   0   0   0   0   0 | Gln CAA   0   0   0   1   0   0 |     CGA   1   2   2   1   1   2
    CTG   0   0   0   0   0   0 |     CCG   0   0   0   0   0   0 |     CAG   2   2   2   2   2   2 |     CGG   0   0   0   0   0   0
--------------------------------------------------------------------------------------------------------------------------------------
Ile ATT   0   0   0   0   0   0 | Thr ACT   0   0   0   1   1   0 | Asn AAT   0   0   0   0   0   0 | Ser AGT   0   0   0   0   0   0
    ATC   0   0   0   0   0   0 |     ACC   0   0   0   0   0   0 |     AAC   1   1   1   1   0   1 |     AGC   0   0   0   0   0   0
    ATA   0   0   0   0   0   0 |     ACA   0   0   0   0   0   1 | Lys AAA   1   0   1   1   1   1 | Arg AGA   0   0   0   0   0   0
Met ATG   0   0   0   0   0   0 |     ACG   2   2   2   1   1   0 |     AAG   1   2   1   1   1   1 |     AGG   0   0   0   0   0   0
--------------------------------------------------------------------------------------------------------------------------------------
Val GTT   0   1   0   0   1   1 | Ala GCT   0   0   0   0   0   1 | Asp GAT   0   0   1   1   0   0 | Gly GGT   1   0   1   1   1   2
    GTC   1   1   1   1   1   1 |     GCC   0   0   0   0   0   0 |     GAC   2   2   1   1   2   2 |     GGC   1   2   1   1   1   0
    GTA   0   0   0   0   0   0 |     GCA   0   0   0   0   0   0 | Glu GAA   1   0   1   1   0   1 |     GGA   1   1   1   1   1   1
    GTG   1   0   1   1   0   0 |     GCG   0   0   0   0   0   0 |     GAG   0   1   0   0   1   0 |     GGG   0   0   0   0   0   0
--------------------------------------------------------------------------------------------------------------------------------------

--------------------------------------------------------------------------------------------------------------------------------------
Phe TTT   0   0   0   0   0   0 | Ser TCT   0   0   0   0   0   0 | Tyr TAT   2   2   2   2   1   1 | Cys TGT   0   0   0   0   0   0
    TTC   1   1   1   1   1   1 |     TCC   0   0   0   0   0   0 |     TAC   0   0   0   0   1   1 |     TGC   2   2   2   2   2   2
Leu TTA   0   0   0   0   0   0 |     TCA   1   1   0   1   1   1 | *** TAA   0   0   0   0   0   0 | *** TGA   0   0   0   0   0   0
    TTG   0   0   0   0   0   0 |     TCG   0   0   1   0   0   0 |     TAG   0   0   0   0   0   0 | Trp TGG   1   1   1   1   1   1
--------------------------------------------------------------------------------------------------------------------------------------
Leu CTT   0   0   0   0   0   0 | Pro CCT   1   1   0   1   1   0 | His CAT   0   0   0   0   0   0 | Arg CGT   0   0   0   0   0   0
    CTC   3   3   3   3   3   3 |     CCC   0   0   0   0   0   1 |     CAC   1   1   0   1   1   1 |     CGC   0   1   0   0   0   0
    CTA   0   0   0   0   0   0 |     CCA   0   0   0   0   0   0 | Gln CAA   0   0   0   0   0   1 |     CGA   2   1   2   2   2   2
    CTG   0   0   0   0   0   0 |     CCG   0   0   1   0   0   0 |     CAG   2   2   3   2   2   1 |     CGG   0   0   0   0   0   0
--------------------------------------------------------------------------------------------------------------------------------------
Ile ATT   0   0   0   0   0   0 | Thr ACT   0   0   0   0   0   0 | Asn AAT   0   0   0   0   0   0 | Ser AGT   0   0   0   0   0   0
    ATC   0   0   0   0   0   0 |     ACC   0   0   0   0   0   0 |     AAC   1   1   1   1   1   1 |     AGC   0   0   0   0   0   0
    ATA   0   0   0   0   0   0 |     ACA   0   0   1   1   0   0 | Lys AAA   1   1   1   1   1   1 | Arg AGA   0   0   0   0   0   0
Met ATG   0   0   0   0   0   0 |     ACG   2   2   1   1   2   2 |     AAG   1   1   1   1   1   1 |     AGG   0   0   0   0   0   0
--------------------------------------------------------------------------------------------------------------------------------------
Val GTT   0   0   0   0   0   0 | Ala GCT   0   0   0   0   0   0 | Asp GAT   0   0   0   0   1   1 | Gly GGT   1   1   1   1   1   1
    GTC   1   1   1   1   1   1 |     GCC   0   0   0   0   0   0 |     GAC   2   2   2   2   1   1 |     GGC   1   1   1   1   1   1
    GTA   0   0   0   1   0   0 |     GCA   0   0   0   0   0   0 | Glu GAA   1   1   1   1   1   1 |     GGA   1   1   1   1   1   1
    GTG   1   1   1   0   1   1 |     GCG   0   0   0   0   0   0 |     GAG   0   0   0   0   0   0 |     GGG   0   0   0   0   0   0
--------------------------------------------------------------------------------------------------------------------------------------

--------------------------------------------------------------------------------------------------------------------------------------
Phe TTT   0   0   0   0   0   0 | Ser TCT   0   0   0   0   0   0 | Tyr TAT   2   2   2   2   2   2 | Cys TGT   0   0   0   0   0   0
    TTC   1   1   1   1   1   1 |     TCC   0   0   0   0   0   0 |     TAC   0   0   0   0   0   0 |     TGC   2   2   2   2   2   2
Leu TTA   0   0   0   0   0   0 |     TCA   1   1   1   1   0   1 | *** TAA   0   0   0   0   0   0 | *** TGA   0   0   0   0   0   0
    TTG   0   0   0   0   0   0 |     TCG   0   0   0   0   1   0 |     TAG   0   0   0   0   0   0 | Trp TGG   1   1   1   1   1   1
--------------------------------------------------------------------------------------------------------------------------------------
Leu CTT   0   0   0   0   1   0 | Pro CCT   1   1   1   1   0   1 | His CAT   0   0   0   0   0   0 | Arg CGT   0   0   0   0   0   0
    CTC   3   3   3   3   2   3 |     CCC   0   0   0   0   1   0 |     CAC   1   1   1   1   1   1 |     CGC   0   0   0   0   0   0
    CTA   0   0   0   0   0   0 |     CCA   0   0   0   0   0   0 | Gln CAA   0   0   0   0   0   0 |     CGA   2   2   2   2   2   2
    CTG   0   0   0   0   0   0 |     CCG   0   0   0   0   0   0 |     CAG   2   2   2   2   2   2 |     CGG   0   0   0   0   0   0
--------------------------------------------------------------------------------------------------------------------------------------
Ile ATT   0   0   0   0   0   0 | Thr ACT   0   0   0   0   0   0 | Asn AAT   0   0   0   0   0   0 | Ser AGT   0   0   0   0   0   0
    ATC   0   0   0   0   0   0 |     ACC   0   0   0   0   0   0 |     AAC   1   1   1   1   1   1 |     AGC   0   0   0   0   0   0
    ATA   0   0   0   0   0   0 |     ACA   0   0   0   0   1   1 | Lys AAA   1   1   0   1   1   1 | Arg AGA   0   0   1   0   0   0
Met ATG   0   0   0   0   0   0 |     ACG   2   2   2   2   1   1 |     AAG   1   1   1   1   1   1 |     AGG   0   0   0   0   0   0
--------------------------------------------------------------------------------------------------------------------------------------
Val GTT   0   0   0   0   0   0 | Ala GCT   0   0   0   0   0   0 | Asp GAT   0   1   0   0   1   0 | Gly GGT   1   1   1   1   1   1
    GTC   1   1   1   1   1   1 |     GCC   0   0   0   0   0   0 |     GAC   2   1   2   2   1   2 |     GGC   1   1   1   1   1   1
    GTA   0   0   0   0   0   0 |     GCA   0   0   0   0   0   0 | Glu GAA   1   1   1   1   0   1 |     GGA   1   1   1   1   2   1
    GTG   1   1   1   1   1   1 |     GCG   0   0   0   0   0   0 |     GAG   0   0   0   0   0   0 |     GGG   0   0   0   0   0   0
--------------------------------------------------------------------------------------------------------------------------------------

--------------------------------------------------------------------------------------------------------------------------------------
Phe TTT   0   0   0   0   0   0 | Ser TCT   0   0   0   0   0   0 | Tyr TAT   0   1   2   2   2   2 | Cys TGT   0   0   0   0   0   0
    TTC   1   1   1   1   1   1 |     TCC   0   0   0   0   0   0 |     TAC   2   1   0   0   0   0 |     TGC   2   2   2   2   2   2
Leu TTA   0   0   0   0   0   0 |     TCA   1   1   1   1   1   1 | *** TAA   0   0   0   0   0   0 | *** TGA   0   0   0   0   0   0
    TTG   0   0   0   0   0   0 |     TCG   0   0   0   0   0   0 |     TAG   0   0   0   0   0   0 | Trp TGG   1   1   1   1   1   1
--------------------------------------------------------------------------------------------------------------------------------------
Leu CTT   0   0   1   0   0   0 | Pro CCT   1   1   1   1   1   1 | His CAT   0   0   0   0   0   0 | Arg CGT   0   0   0   0   0   0
    CTC   3   3   2   3   3   3 |     CCC   0   0   0   0   0   0 |     CAC   1   1   1   1   1   1 |     CGC   0   0   0   0   0   0
    CTA   0   0   0   0   0   0 |     CCA   0   0   0   0   0   0 | Gln CAA   0   0   0   0   0   0 |     CGA   2   2   2   2   2   2
    CTG   0   0   0   0   0   0 |     CCG   0   0   0   0   0   0 |     CAG   2   2   2   2   2   2 |     CGG   0   0   0   0   0   0
--------------------------------------------------------------------------------------------------------------------------------------
Ile ATT   0   0   0   0   0   0 | Thr ACT   0   0   0   0   0   0 | Asn AAT   0   0   0   0   0   0 | Ser AGT   0   0   0   0   0   0
    ATC   0   0   0   0   0   0 |     ACC   0   0   0   0   0   0 |     AAC   1   1   1   1   1   1 |     AGC   0   0   0   0   0   0
    ATA   0   0   0   0   0   0 |     ACA   0   0   1   1   1   0 | Lys AAA   1   1   1   1   1   1 | Arg AGA   0   0   0   0   0   0
Met ATG   0   0   0   0   0   0 |     ACG   2   2   1   1   1   2 |     AAG   1   1   1   1   1   1 |     AGG   0   0   0   0   0   0
--------------------------------------------------------------------------------------------------------------------------------------
Val GTT   0   0   0   0   0   0 | Ala GCT   0   0   0   0   0   0 | Asp GAT   1   1   0   1   0   0 | Gly GGT   1   1   1   1   1   1
    GTC   1   1   1   1   1   1 |     GCC   0   0   0   0   0   0 |     GAC   1   1   2   1   2   2 |     GGC   1   1   1   1   1   1
    GTA   0   0   0   0   0   0 |     GCA   0   0   0   0   0   0 | Glu GAA   1   1   1   1   1   1 |     GGA   1   1   1   1   1   1
    GTG   1   1   1   1   1   1 |     GCG   0   0   0   0   0   0 |     GAG   0   0   0   0   0   0 |     GGG   0   0   0   0   0   0
--------------------------------------------------------------------------------------------------------------------------------------

--------------------------------------------------------------------------------------------------------------------------------------
Phe TTT   0   0   0   0   0   0 | Ser TCT   0   0   0   0   0   0 | Tyr TAT   1   1   2   2   2   1 | Cys TGT   0   0   0   0   0   0
    TTC   1   1   1   1   1   1 |     TCC   0   0   0   0   0   0 |     TAC   1   1   0   0   0   1 |     TGC   2   2   2   2   2   2
Leu TTA   0   0   0   0   0   0 |     TCA   1   1   1   1   1   1 | *** TAA   0   0   0   0   0   0 | *** TGA   0   0   0   0   0   0
    TTG   0   0   0   0   0   0 |     TCG   0   0   0   0   0   0 |     TAG   0   0   0   0   0   0 | Trp TGG   1   1   1   1   1   1
--------------------------------------------------------------------------------------------------------------------------------------
Leu CTT   0   0   0   0   0   0 | Pro CCT   0   1   1   1   1   1 | His CAT   0   0   0   0   0   0 | Arg CGT   0   0   0   0   0   0
    CTC   3   3   3   3   3   3 |     CCC   1   0   0   0   0   0 |     CAC   1   1   1   1   1   1 |     CGC   0   0   0   0   0   0
    CTA   0   0   0   0   0   0 |     CCA   0   0   0   0   0   0 | Gln CAA   1   1   0   0   0   0 |     CGA   2   2   2   2   2   2
    CTG   0   0   0   0   0   0 |     CCG   0   0   0   0   0   0 |     CAG   1   1   2   2   2   2 |     CGG   0   0   0   0   0   0
--------------------------------------------------------------------------------------------------------------------------------------
Ile ATT   0   0   0   0   0   0 | Thr ACT   0   0   0   0   0   0 | Asn AAT   0   0   0   0   0   0 | Ser AGT   0   0   0   0   0   0
    ATC   0   0   0   0   0   0 |     ACC   0   0   0   0   0   0 |     AAC   1   1   1   1   1   1 |     AGC   0   0   0   0   0   0
    ATA   0   0   0   0   0   0 |     ACA   0   0   0   1   0   0 | Lys AAA   1   1   1   1   1   1 | Arg AGA   0   0   0   0   0   0
Met ATG   0   0   0   0   0   0 |     ACG   2   2   2   1   2   2 |     AAG   1   1   1   1   1   1 |     AGG   0   0   0   0   0   0
--------------------------------------------------------------------------------------------------------------------------------------
Val GTT   0   0   0   0   0   0 | Ala GCT   0   0   0   0   0   0 | Asp GAT   1   1   0   0   0   1 | Gly GGT   1   1   1   1   1   1
    GTC   1   1   1   1   1   1 |     GCC   0   0   0   0   0   0 |     GAC   1   1   2   2   2   1 |     GGC   1   1   1   1   1   1
    GTA   0   0   0   0   0   0 |     GCA   0   0   0   0   0   0 | Glu GAA   1   1   1   1   1   1 |     GGA   1   1   1   1   1   1
    GTG   1   1   1   1   1   1 |     GCG   0   0   0   0   0   0 |     GAG   0   0   0   0   0   0 |     GGG   0   0   0   0   0   0
--------------------------------------------------------------------------------------------------------------------------------------

--------------------------------------------------------------------------------------------------------------------------------------
Phe TTT   0   0   0   0   0   0 | Ser TCT   0   0   0   0   0   0 | Tyr TAT   2   1   1   2   0   2 | Cys TGT   0   0   0   0   0   0
    TTC   1   1   1   1   1   1 |     TCC   0   0   0   0   1   0 |     TAC   0   1   1   0   1   0 |     TGC   2   2   2   2   2   2
Leu TTA   0   0   0   0   0   0 |     TCA   1   1   1   1   0   1 | *** TAA   0   0   0   0   0   0 | *** TGA   0   0   0   0   0   0
    TTG   0   0   0   0   0   0 |     TCG   0   0   0   0   0   0 |     TAG   0   0   0   0   0   0 | Trp TGG   1   1   1   1   1   1
--------------------------------------------------------------------------------------------------------------------------------------
Leu CTT   0   0   0   0   0   0 | Pro CCT   1   1   0   1   1   1 | His CAT   0   0   0   0   0   0 | Arg CGT   0   0   0   0   0   0
    CTC   3   3   3   3   3   3 |     CCC   0   0   1   0   0   0 |     CAC   1   1   1   1   2   1 |     CGC   0   0   0   0   0   0
    CTA   0   0   0   0   0   0 |     CCA   0   0   0   0   0   0 | Gln CAA   0   0   1   0   0   0 |     CGA   2   2   2   2   1   2
    CTG   0   0   0   0   0   0 |     CCG   0   0   0   0   0   0 |     CAG   2   2   1   2   2   2 |     CGG   0   0   0   0   1   0
--------------------------------------------------------------------------------------------------------------------------------------
Ile ATT   0   0   0   0   0   0 | Thr ACT   0   0   0   0   0   0 | Asn AAT   0   0   0   0   0   0 | Ser AGT   0   0   0   0   0   0
    ATC   0   0   0   0   0   0 |     ACC   0   0   0   0   0   0 |     AAC   1   1   1   1   1   1 |     AGC   0   0   0   0   0   0
    ATA   0   0   0   0   0   0 |     ACA   1   0   0   0   0   0 | Lys AAA   1   1   1   1   1   1 | Arg AGA   0   0   0   0   0   0
Met ATG   0   0   0   0   0   0 |     ACG   1   2   2   2   2   2 |     AAG   1   1   1   1   1   1 |     AGG   0   0   0   0   0   0
--------------------------------------------------------------------------------------------------------------------------------------
Val GTT   0   0   0   0   0   0 | Ala GCT   0   0   0   0   0   0 | Asp GAT   1   1   1   0   1   0 | Gly GGT   1   1   1   1   1   1
    GTC   1   1   1   1   1   1 |     GCC   0   0   0   0   0   0 |     GAC   1   1   1   2   1   2 |     GGC   1   1   1   1   1   1
    GTA   0   0   0   0   1   0 |     GCA   0   0   0   0   0   0 | Glu GAA   1   1   1   1   1   1 |     GGA   1   1   1   1   1   1
    GTG   1   1   1   1   0   1 |     GCG   0   0   0   0   0   0 |     GAG   0   0   0   0   0   0 |     GGG   0   0   0   0   0   0
--------------------------------------------------------------------------------------------------------------------------------------

--------------------------------------------------------------------------------------------------------------------------------------
Phe TTT   0   0   0   0   0   0 | Ser TCT   0   0   0   0   0   0 | Tyr TAT   2   2   2   2   2   1 | Cys TGT   0   0   0   0   0   0
    TTC   1   1   1   1   1   1 |     TCC   0   0   0   0   0   0 |     TAC   0   0   0   0   0   0 |     TGC   2   2   2   2   2   2
Leu TTA   0   0   0   0   0   0 |     TCA   1   1   1   1   1   1 | *** TAA   0   0   0   0   0   0 | *** TGA   0   0   0   0   0   0
    TTG   0   0   0   0   0   0 |     TCG   0   0   0   0   0   0 |     TAG   0   0   0   0   0   0 | Trp TGG   1   1   1   1   1   1
--------------------------------------------------------------------------------------------------------------------------------------
Leu CTT   0   0   0   0   0   1 | Pro CCT   1   1   1   1   1   1 | His CAT   0   0   0   0   0   1 | Arg CGT   0   0   0   0   0   0
    CTC   3   3   3   3   3   2 |     CCC   0   0   0   0   0   0 |     CAC   1   1   1   1   1   1 |     CGC   0   0   0   0   0   0
    CTA   0   0   0   0   0   0 |     CCA   0   0   0   0   0   0 | Gln CAA   0   0   1   0   0   1 |     CGA   2   2   2   2   2   2
    CTG   0   0   0   0   0   0 |     CCG   0   0   0   0   0   0 |     CAG   2   2   1   2   2   1 |     CGG   0   0   0   0   0   0
--------------------------------------------------------------------------------------------------------------------------------------
Ile ATT   0   0   0   0   0   0 | Thr ACT   0   0   0   0   0   0 | Asn AAT   0   0   0   0   0   0 | Ser AGT   0   0   0   0   0   0
    ATC   0   0   0   0   0   0 |     ACC   0   0   0   0   0   0 |     AAC   1   1   1   1   1   1 |     AGC   0   0   0   0   0   0
    ATA   0   0   0   0   0   0 |     ACA   1   0   0   0   1   0 | Lys AAA   1   1   1   1   1   1 | Arg AGA   0   0   0   0   0   0
Met ATG   0   0   0   0   0   0 |     ACG   1   2   2   2   1   2 |     AAG   1   1   1   1   1   1 |     AGG   0   0   0   0   0   0
--------------------------------------------------------------------------------------------------------------------------------------
Val GTT   0   0   0   0   0   0 | Ala GCT   0   0   0   0   0   0 | Asp GAT   0   1   0   0   0   1 | Gly GGT   1   1   1   1   1   1
    GTC   1   1   1   1   1   1 |     GCC   0   0   0   0   0   0 |     GAC   2   1   2   2   2   1 |     GGC   1   1   1   1   1   1
    GTA   0   0   0   0   0   0 |     GCA   0   0   0   0   0   0 | Glu GAA   1   1   1   1   1   1 |     GGA   1   1   1   1   1   1
    GTG   1   1   1   1   1   1 |     GCG   0   0   0   0   0   0 |     GAG   0   0   0   0   0   0 |     GGG   0   0   0   0   0   0
--------------------------------------------------------------------------------------------------------------------------------------

--------------------------------------------------------------------------------------------------------------------------------------
Phe TTT   0   0   0   0   0   0 | Ser TCT   0   0   0   0   0   0 | Tyr TAT   1   2   1   1   2   2 | Cys TGT   0   0   0   0   0   0
    TTC   1   1   1   1   1   1 |     TCC   0   0   0   0   0   0 |     TAC   1   0   1   1   0   0 |     TGC   2   2   2   2   2   2
Leu TTA   0   0   0   0   0   0 |     TCA   1   1   1   1   1   1 | *** TAA   0   0   0   0   0   0 | *** TGA   0   0   0   0   0   0
    TTG   0   0   0   0   0   0 |     TCG   0   0   0   0   0   0 |     TAG   0   0   0   0   0   0 | Trp TGG   1   1   1   1   1   1
--------------------------------------------------------------------------------------------------------------------------------------
Leu CTT   0   0   0   0   0   0 | Pro CCT   0   1   0   1   1   1 | His CAT   0   0   0   1   0   0 | Arg CGT   0   0   0   0   0   0
    CTC   3   3   3   3   3   3 |     CCC   1   0   1   0   0   0 |     CAC   1   1   1   0   1   1 |     CGC   0   0   0   0   0   0
    CTA   0   0   0   0   0   0 |     CCA   0   0   0   0   0   0 | Gln CAA   1   0   1   1   0   0 |     CGA   2   2   2   2   2   2
    CTG   0   0   0   0   0   0 |     CCG   0   0   0   0   0   0 |     CAG   1   2   1   1   2   2 |     CGG   0   0   0   0   0   0
--------------------------------------------------------------------------------------------------------------------------------------
Ile ATT   0   0   0   0   0   0 | Thr ACT   0   0   0   0   0   0 | Asn AAT   0   0   0   0   0   0 | Ser AGT   0   0   0   0   0   0
    ATC   0   0   0   0   0   0 |     ACC   0   0   0   0   0   0 |     AAC   1   1   1   1   1   1 |     AGC   0   0   0   0   0   0
    ATA   0   0   0   0   0   0 |     ACA   0   1   0   0   0   0 | Lys AAA   1   1   1   1   1   0 | Arg AGA   0   0   0   0   0   0
Met ATG   0   0   0   0   0   0 |     ACG   2   1   2   2   2   2 |     AAG   1   1   1   1   1   2 |     AGG   0   0   0   0   0   0
--------------------------------------------------------------------------------------------------------------------------------------
Val GTT   0   0   0   0   0   0 | Ala GCT   0   0   0   0   0   0 | Asp GAT   1   0   1   1   1   0 | Gly GGT   1   1   1   1   1   1
    GTC   1   1   1   1   1   1 |     GCC   0   0   0   0   0   0 |     GAC   1   2   1   1   1   2 |     GGC   1   1   1   1   1   1
    GTA   0   0   0   0   0   0 |     GCA   0   0   0   0   0   0 | Glu GAA   1   1   1   1   1   1 |     GGA   1   1   1   1   1   1
    GTG   1   1   1   1   1   1 |     GCG   0   0   0   0   0   0 |     GAG   0   0   0   0   0   0 |     GGG   0   0   0   0   0   0
--------------------------------------------------------------------------------------------------------------------------------------

--------------------------------------------------------------------------------------------------------------------------------------
Phe TTT   0   0   0   0   0   0 | Ser TCT   0   0   0   0   0   0 | Tyr TAT   2   2   2   1   1   1 | Cys TGT   0   0   0   0   0   0
    TTC   1   1   1   1   1   1 |     TCC   0   0   0   0   0   0 |     TAC   0   0   0   1   1   1 |     TGC   2   2   2   2   2   2
Leu TTA   0   0   0   0   0   0 |     TCA   1   1   1   1   1   1 | *** TAA   0   0   0   0   0   0 | *** TGA   0   0   0   0   0   0
    TTG   0   0   0   0   0   0 |     TCG   0   0   0   0   0   0 |     TAG   0   0   0   0   0   0 | Trp TGG   1   1   1   1   1   1
--------------------------------------------------------------------------------------------------------------------------------------
Leu CTT   0   1   0   0   0   0 | Pro CCT   1   0   1   1   1   1 | His CAT   0   0   0   0   0   0 | Arg CGT   0   0   0   0   0   0
    CTC   3   2   3   3   3   3 |     CCC   0   1   0   0   0   0 |     CAC   1   1   1   1   1   1 |     CGC   0   0   0   0   0   0
    CTA   0   0   0   0   0   0 |     CCA   0   0   0   0   0   0 | Gln CAA   0   0   0   1   0   0 |     CGA   2   2   2   1   2   2
    CTG   0   0   0   0   0   0 |     CCG   0   0   0   0   0   0 |     CAG   2   2   2   2   2   2 |     CGG   0   0   0   0   0   0
--------------------------------------------------------------------------------------------------------------------------------------
Ile ATT   0   0   0   0   0   0 | Thr ACT   0   0   0   1   0   0 | Asn AAT   0   0   0   0   0   0 | Ser AGT   0   0   0   0   0   0
    ATC   0   0   0   0   0   0 |     ACC   0   0   0   0   0   0 |     AAC   1   1   1   1   1   1 |     AGC   0   0   0   0   0   0
    ATA   0   0   0   0   0   0 |     ACA   1   0   0   0   1   0 | Lys AAA   1   1   1   1   1   1 | Arg AGA   0   0   0   0   0   0
Met ATG   0   0   0   0   0   0 |     ACG   1   2   2   1   1   2 |     AAG   1   1   1   1   1   1 |     AGG   0   0   0   0   0   0
--------------------------------------------------------------------------------------------------------------------------------------
Val GTT   0   0   0   0   0   0 | Ala GCT   0   0   0   0   0   0 | Asp GAT   0   0   0   1   1   1 | Gly GGT   1   1   1   1   1   1
    GTC   1   1   1   1   1   1 |     GCC   0   0   0   0   0   0 |     GAC   2   2   2   1   1   1 |     GGC   1   1   1   1   1   1
    GTA   0   0   0   0   0   0 |     GCA   0   0   0   0   0   0 | Glu GAA   1   0   1   1   1   1 |     GGA   1   2   1   1   1   1
    GTG   1   1   1   1   1   1 |     GCG   0   0   0   0   0   0 |     GAG   0   0   0   0   0   0 |     GGG   0   0   0   0   0   0
--------------------------------------------------------------------------------------------------------------------------------------

Codon position x base (3x4) table for each sequence.

#1: Argali         
position  1:    T:0.24138    C:0.31034    A:0.17241    G:0.27586
position  2:    T:0.20690    C:0.13793    A:0.37931    G:0.27586
position  3:    T:0.13793    C:0.44828    A:0.17241    G:0.24138
Average         T:0.19540    C:0.29885    A:0.24138    G:0.26437

#2: LesserMouseDeer
position  1:    T:0.24138    C:0.31034    A:0.17241    G:0.27586
position  2:    T:0.20690    C:0.13793    A:0.37931    G:0.27586
position  3:    T:0.03448    C:0.58621    A:0.10345    G:0.27586
Average         T:0.16092    C:0.34483    A:0.21839    G:0.27586

#3: LesserKudu     
position  1:    T:0.24138    C:0.31034    A:0.17241    G:0.27586
position  2:    T:0.20690    C:0.13793    A:0.37931    G:0.27586
position  3:    T:0.13793    C:0.41379    A:0.20690    G:0.24138
Average         T:0.19540    C:0.28736    A:0.25287    G:0.26437

#4: ForestMuskDeer2
position  1:    T:0.24138    C:0.31034    A:0.17241    G:0.27586
position  2:    T:0.20690    C:0.13793    A:0.41379    G:0.24138
position  3:    T:0.17241    C:0.41379    A:0.20690    G:0.20690
Average         T:0.20690    C:0.28736    A:0.26437    G:0.24138

#5: Camel          
position  1:    T:0.20690    C:0.37931    A:0.13793    G:0.27586
position  2:    T:0.20690    C:0.13793    A:0.37931    G:0.27586
position  3:    T:0.17241    C:0.51724    A:0.10345    G:0.20690
Average         T:0.19540    C:0.34483    A:0.20690    G:0.25287

#6: KillerWhale    
position  1:    T:0.20690    C:0.34483    A:0.13793    G:0.31034
position  2:    T:0.20690    C:0.13793    A:0.37931    G:0.27586
position  3:    T:0.24138    C:0.37931    A:0.24138    G:0.13793
Average         T:0.21839    C:0.28736    A:0.25287    G:0.24138

#7: DefassaWaterbuck
position  1:    T:0.24138    C:0.31034    A:0.17241    G:0.27586
position  2:    T:0.20690    C:0.13793    A:0.37931    G:0.27586
position  3:    T:0.13793    C:0.41379    A:0.20690    G:0.24138
Average         T:0.19540    C:0.28736    A:0.25287    G:0.26437

#8: Sheep          
position  1:    T:0.24138    C:0.31034    A:0.17241    G:0.27586
position  2:    T:0.20690    C:0.13793    A:0.37931    G:0.27586
position  3:    T:0.13793    C:0.44828    A:0.17241    G:0.24138
Average         T:0.19540    C:0.29885    A:0.24138    G:0.26437

#9: MaxwellsDuiker 
position  1:    T:0.24138    C:0.31034    A:0.17241    G:0.27586
position  2:    T:0.20690    C:0.13793    A:0.37931    G:0.27586
position  3:    T:0.10345    C:0.37931    A:0.20690    G:0.31034
Average         T:0.18391    C:0.27586    A:0.25287    G:0.28736

#10: GazellaPrzewalskyi
position  1:    T:0.24138    C:0.31034    A:0.17241    G:0.27586
position  2:    T:0.20690    C:0.13793    A:0.37931    G:0.27586
position  3:    T:0.13793    C:0.41379    A:0.27586    G:0.17241
Average         T:0.19540    C:0.28736    A:0.27586    G:0.24138

#11: MountainNyala  
position  1:    T:0.24138    C:0.31034    A:0.17241    G:0.27586
position  2:    T:0.20690    C:0.13793    A:0.37931    G:0.27586
position  3:    T:0.13793    C:0.41379    A:0.20690    G:0.24138
Average         T:0.19540    C:0.28736    A:0.25287    G:0.26437

#12: MuntiacusMuntjak
position  1:    T:0.24138    C:0.31034    A:0.17241    G:0.27586
position  2:    T:0.20690    C:0.13793    A:0.37931    G:0.27586
position  3:    T:0.10345    C:0.44828    A:0.24138    G:0.20690
Average         T:0.18391    C:0.29885    A:0.26437    G:0.25287

#13: goat           
position  1:    T:0.24138    C:0.31034    A:0.17241    G:0.27586
position  2:    T:0.20690    C:0.13793    A:0.37931    G:0.27586
position  3:    T:0.13793    C:0.41379    A:0.20690    G:0.24138
Average         T:0.19540    C:0.28736    A:0.25287    G:0.26437

#14: AfricanBuffalo 
position  1:    T:0.24138    C:0.31034    A:0.17241    G:0.27586
position  2:    T:0.20690    C:0.13793    A:0.37931    G:0.27586
position  3:    T:0.17241    C:0.37931    A:0.20690    G:0.24138
Average         T:0.20690    C:0.27586    A:0.25287    G:0.26437

#15: Topi           
position  1:    T:0.24138    C:0.31034    A:0.17241    G:0.27586
position  2:    T:0.20690    C:0.13793    A:0.34483    G:0.31034
position  3:    T:0.13793    C:0.41379    A:0.20690    G:0.24138
Average         T:0.19540    C:0.28736    A:0.24138    G:0.27586

#16: CommonDuiker   
position  1:    T:0.24138    C:0.31034    A:0.17241    G:0.27586
position  2:    T:0.20690    C:0.13793    A:0.37931    G:0.27586
position  3:    T:0.13793    C:0.41379    A:0.20690    G:0.24138
Average         T:0.19540    C:0.28736    A:0.25287    G:0.26437

#17: Suni           
position  1:    T:0.24138    C:0.31034    A:0.17241    G:0.27586
position  2:    T:0.20690    C:0.13793    A:0.34483    G:0.31034
position  3:    T:0.17241    C:0.37931    A:0.20690    G:0.24138
Average         T:0.20690    C:0.27586    A:0.24138    G:0.27586

#18: Springbuck     
position  1:    T:0.24138    C:0.31034    A:0.17241    G:0.27586
position  2:    T:0.20690    C:0.13793    A:0.37931    G:0.27586
position  3:    T:0.13793    C:0.41379    A:0.24138    G:0.20690
Average         T:0.19540    C:0.28736    A:0.26437    G:0.25287

#19: Okapi          
position  1:    T:0.24138    C:0.31034    A:0.17241    G:0.27586
position  2:    T:0.20690    C:0.13793    A:0.37931    G:0.27586
position  3:    T:0.10345    C:0.44828    A:0.20690    G:0.24138
Average         T:0.18391    C:0.29885    A:0.25287    G:0.26437

#20: Giraffe        
position  1:    T:0.24138    C:0.31034    A:0.17241    G:0.27586
position  2:    T:0.20690    C:0.13793    A:0.37931    G:0.27586
position  3:    T:0.13793    C:0.41379    A:0.20690    G:0.24138
Average         T:0.19540    C:0.28736    A:0.25287    G:0.26437

#21: TibetanAntelope
position  1:    T:0.24138    C:0.31034    A:0.17241    G:0.27586
position  2:    T:0.20690    C:0.13793    A:0.37931    G:0.27586
position  3:    T:0.17241    C:0.37931    A:0.24138    G:0.20690
Average         T:0.20690    C:0.27586    A:0.26437    G:0.25287

#22: Sitatunga      
position  1:    T:0.24138    C:0.31034    A:0.17241    G:0.27586
position  2:    T:0.20690    C:0.13793    A:0.37931    G:0.27586
position  3:    T:0.17241    C:0.37931    A:0.24138    G:0.20690
Average         T:0.20690    C:0.27586    A:0.26437    G:0.25287

#23: Oribi          
position  1:    T:0.24138    C:0.31034    A:0.17241    G:0.27586
position  2:    T:0.20690    C:0.13793    A:0.37931    G:0.27586
position  3:    T:0.13793    C:0.41379    A:0.24138    G:0.20690
Average         T:0.19540    C:0.28736    A:0.26437    G:0.25287

#24: BarbarySheep   
position  1:    T:0.24138    C:0.31034    A:0.17241    G:0.27586
position  2:    T:0.20690    C:0.13793    A:0.37931    G:0.27586
position  3:    T:0.13793    C:0.41379    A:0.20690    G:0.24138
Average         T:0.19540    C:0.28736    A:0.25287    G:0.26437

#25: Daviddeer      
position  1:    T:0.24138    C:0.31034    A:0.17241    G:0.27586
position  2:    T:0.20690    C:0.13793    A:0.37931    G:0.27586
position  3:    T:0.10345    C:0.44828    A:0.24138    G:0.20690
Average         T:0.18391    C:0.29885    A:0.26437    G:0.25287

#26: Reindeer       
position  1:    T:0.24138    C:0.31034    A:0.17241    G:0.27586
position  2:    T:0.20690    C:0.13793    A:0.37931    G:0.27586
position  3:    T:0.13793    C:0.41379    A:0.24138    G:0.20690
Average         T:0.19540    C:0.28736    A:0.26437    G:0.25287

#27: Ibex           
position  1:    T:0.24138    C:0.31034    A:0.17241    G:0.27586
position  2:    T:0.20690    C:0.13793    A:0.37931    G:0.27586
position  3:    T:0.13793    C:0.41379    A:0.20690    G:0.24138
Average         T:0.19540    C:0.28736    A:0.25287    G:0.26437

#28: GyrantGazelle  
position  1:    T:0.24138    C:0.31034    A:0.17241    G:0.27586
position  2:    T:0.20690    C:0.13793    A:0.37931    G:0.27586
position  3:    T:0.13793    C:0.41379    A:0.24138    G:0.20690
Average         T:0.19540    C:0.28736    A:0.26437    G:0.25287

#29: Hartebeest     
position  1:    T:0.24138    C:0.31034    A:0.17241    G:0.27586
position  2:    T:0.20690    C:0.13793    A:0.37931    G:0.27586
position  3:    T:0.13793    C:0.41379    A:0.20690    G:0.24138
Average         T:0.19540    C:0.28736    A:0.25287    G:0.26437

#30: Bongo          
position  1:    T:0.24138    C:0.31034    A:0.17241    G:0.27586
position  2:    T:0.20690    C:0.13793    A:0.37931    G:0.27586
position  3:    T:0.13793    C:0.41379    A:0.20690    G:0.24138
Average         T:0.19540    C:0.28736    A:0.25287    G:0.26437

#31: Gerenuk        
position  1:    T:0.24138    C:0.31034    A:0.17241    G:0.27586
position  2:    T:0.20690    C:0.13793    A:0.37931    G:0.27586
position  3:    T:0.17241    C:0.37931    A:0.24138    G:0.20690
Average         T:0.20690    C:0.27586    A:0.26437    G:0.25287

#32: CommonEland    
position  1:    T:0.24138    C:0.31034    A:0.17241    G:0.27586
position  2:    T:0.20690    C:0.13793    A:0.37931    G:0.27586
position  3:    T:0.13793    C:0.41379    A:0.20690    G:0.24138
Average         T:0.19540    C:0.28736    A:0.25287    G:0.26437

#33: MuntiacusReevesi
position  1:    T:0.24138    C:0.31034    A:0.17241    G:0.27586
position  2:    T:0.20690    C:0.13793    A:0.37931    G:0.27586
position  3:    T:0.10345    C:0.44828    A:0.24138    G:0.20690
Average         T:0.18391    C:0.29885    A:0.26437    G:0.25287

#34: HarveysDuiker  
position  1:    T:0.24138    C:0.31034    A:0.17241    G:0.27586
position  2:    T:0.20690    C:0.13793    A:0.37931    G:0.27586
position  3:    T:0.13793    C:0.41379    A:0.20690    G:0.24138
Average         T:0.19540    C:0.28736    A:0.25287    G:0.26437

#35: Pronghorn      
position  1:    T:0.20690    C:0.34483    A:0.17241    G:0.27586
position  2:    T:0.20690    C:0.13793    A:0.37931    G:0.27586
position  3:    T:0.10345    C:0.48276    A:0.17241    G:0.24138
Average         T:0.17241    C:0.32184    A:0.24138    G:0.26437

#36: BlueWildebeest 
position  1:    T:0.24138    C:0.31034    A:0.17241    G:0.27586
position  2:    T:0.20690    C:0.13793    A:0.37931    G:0.27586
position  3:    T:0.13793    C:0.41379    A:0.20690    G:0.24138
Average         T:0.19540    C:0.28736    A:0.25287    G:0.26437

#37: Gemsbok        
position  1:    T:0.24138    C:0.31034    A:0.17241    G:0.27586
position  2:    T:0.20690    C:0.13793    A:0.37931    G:0.27586
position  3:    T:0.13793    C:0.41379    A:0.24138    G:0.20690
Average         T:0.19540    C:0.28736    A:0.26437    G:0.25287

#38: Yak            
position  1:    T:0.24138    C:0.31034    A:0.17241    G:0.27586
position  2:    T:0.20690    C:0.13793    A:0.37931    G:0.27586
position  3:    T:0.17241    C:0.37931    A:0.20690    G:0.24138
Average         T:0.20690    C:0.27586    A:0.25287    G:0.26437

#39: BlueSheep      
position  1:    T:0.24138    C:0.31034    A:0.17241    G:0.27586
position  2:    T:0.20690    C:0.13793    A:0.37931    G:0.27586
position  3:    T:0.13793    C:0.41379    A:0.24138    G:0.20690
Average         T:0.19540    C:0.28736    A:0.26437    G:0.25287

#40: BohorReedbuck  
position  1:    T:0.24138    C:0.31034    A:0.17241    G:0.27586
position  2:    T:0.20690    C:0.13793    A:0.37931    G:0.27586
position  3:    T:0.13793    C:0.41379    A:0.20690    G:0.24138
Average         T:0.19540    C:0.28736    A:0.25287    G:0.26437

#41: KirksDik       
position  1:    T:0.24138    C:0.31034    A:0.17241    G:0.27586
position  2:    T:0.20690    C:0.13793    A:0.37931    G:0.27586
position  3:    T:0.13793    C:0.41379    A:0.24138    G:0.20690
Average         T:0.19540    C:0.28736    A:0.26437    G:0.25287

#42: RoeDeer        
position  1:    T:0.20690    C:0.34483    A:0.17241    G:0.27586
position  2:    T:0.20690    C:0.13793    A:0.37931    G:0.27586
position  3:    T:0.20690    C:0.34483    A:0.24138    G:0.20690
Average         T:0.20690    C:0.27586    A:0.26437    G:0.25287

#43: WhiteLippedDeer
position  1:    T:0.24138    C:0.31034    A:0.17241    G:0.27586
position  2:    T:0.20690    C:0.13793    A:0.37931    G:0.27586
position  3:    T:0.10345    C:0.44828    A:0.24138    G:0.20690
Average         T:0.18391    C:0.29885    A:0.26437    G:0.25287

#44: ThomsonGazelle 
position  1:    T:0.24138    C:0.31034    A:0.17241    G:0.27586
position  2:    T:0.20690    C:0.13793    A:0.37931    G:0.27586
position  3:    T:0.13793    C:0.41379    A:0.24138    G:0.20690
Average         T:0.19540    C:0.28736    A:0.26437    G:0.25287

#45: MuntiacusCrinifrons
position  1:    T:0.24138    C:0.31034    A:0.17241    G:0.27586
position  2:    T:0.20690    C:0.13793    A:0.37931    G:0.27586
position  3:    T:0.10345    C:0.44828    A:0.24138    G:0.20690
Average         T:0.18391    C:0.29885    A:0.26437    G:0.25287

#46: WhiteTailedDeer
position  1:    T:0.24138    C:0.31034    A:0.17241    G:0.27586
position  2:    T:0.20690    C:0.13793    A:0.37931    G:0.27586
position  3:    T:0.17241    C:0.37931    A:0.24138    G:0.20690
Average         T:0.20690    C:0.27586    A:0.26437    G:0.25287

#47: Cattle         
position  1:    T:0.24138    C:0.31034    A:0.17241    G:0.27586
position  2:    T:0.20690    C:0.13793    A:0.37931    G:0.27586
position  3:    T:0.17241    C:0.37931    A:0.20690    G:0.24138
Average         T:0.20690    C:0.27586    A:0.25287    G:0.26437

#48: RoyalAntelope  
position  1:    T:0.24138    C:0.31034    A:0.17241    G:0.27586
position  2:    T:0.20690    C:0.13793    A:0.37931    G:0.27586
position  3:    T:0.13793    C:0.41379    A:0.17241    G:0.27586
Average         T:0.19540    C:0.28736    A:0.24138    G:0.27586

#49: Steenbok       
position  1:    T:0.24138    C:0.31034    A:0.17241    G:0.27586
position  2:    T:0.20690    C:0.13793    A:0.37931    G:0.27586
position  3:    T:0.13793    C:0.41379    A:0.24138    G:0.20690
Average         T:0.19540    C:0.28736    A:0.26437    G:0.25287

#50: Impala         
position  1:    T:0.24138    C:0.31034    A:0.17241    G:0.27586
position  2:    T:0.20690    C:0.13793    A:0.34483    G:0.31034
position  3:    T:0.13793    C:0.41379    A:0.20690    G:0.24138
Average         T:0.19540    C:0.28736    A:0.24138    G:0.27586

#51: Klipspringer   
position  1:    T:0.24138    C:0.31034    A:0.17241    G:0.27586
position  2:    T:0.20690    C:0.13793    A:0.37931    G:0.27586
