CODONML (in paml version 4.10.7, June 2023)  /home/rachel/ruminants_paml/6406-phy-tree/ENSBTAT00000031486.fasta.phy
Model: free dN/dS Ratios for branches,  kappa = 2.000 fixed

Codon frequency model: F3x4
ns =  54  ls =  29

Codon usage in sequences
--------------------------------------------------------------------------------------------------------------------------------------
Phe TTT   1   1   1   1   1   1 | Ser TCT   1   1   1   1   1   1 | Tyr TAT   0   0   0   0   0   0 | Cys TGT   0   0   0   0   0   0
    TTC   1   1   1   1   1   1 |     TCC   1   1   1   1   0   1 |     TAC   1   1   1   1   1   1 |     TGC   0   0   0   0   0   0
Leu TTA   0   0   0   0   0   0 |     TCA   0   0   0   0   0   0 | *** TAA   0   0   0   0   0   0 | *** TGA   0   0   0   0   0   0
    TTG   0   0   0   0   0   0 |     TCG   0   0   0   0   1   0 |     TAG   0   0   0   0   0   0 | Trp TGG   0   0   0   0   0   0
--------------------------------------------------------------------------------------------------------------------------------------
Leu CTT   0   0   0   0   0   0 | Pro CCT   0   0   0   0   0   0 | His CAT   0   0   0   0   0   0 | Arg CGT   0   0   0   0   0   0
    CTC   0   0   0   0   1   0 |     CCC   0   0   0   0   0   0 |     CAC   0   0   0   0   0   0 |     CGC   0   0   0   0   0   0
    CTA   0   0   0   0   1   0 |     CCA   0   0   0   0   0   0 | Gln CAA   0   0   0   0   0   0 |     CGA   0   0   0   0   0   0
    CTG   3   3   3   3   1   3 |     CCG   0   0   0   0   0   0 |     CAG   1   1   1   1   1   1 |     CGG   1   2   1   1   1   1
--------------------------------------------------------------------------------------------------------------------------------------
Ile ATT   0   0   0   0   0   0 | Thr ACT   0   0   0   0   0   0 | Asn AAT   1   0   1   1   0   0 | Ser AGT   0   0   0   0   0   0
    ATC   0   2   0   0   1   0 |     ACC   3   3   3   3   2   3 |     AAC   1   2   1   1   1   2 |     AGC   1   1   1   1   2   1
    ATA   3   1   3   3   2   3 |     ACA   0   0   0   0   1   0 | Lys AAA   0   0   0   0   0   0 | Arg AGA   0   0   0   0   0   0
Met ATG   1   1   1   1   1   1 |     ACG   0   0   0   0   0   0 |     AAG   0   0   0   0   0   0 |     AGG   2   1   2   2   2   2
--------------------------------------------------------------------------------------------------------------------------------------
Val GTT   0   0   0   0   0   0 | Ala GCT   0   0   0   0   0   0 | Asp GAT   2   0   2   1   1   2 | Gly GGT   0   0   0   0   0   0
    GTC   0   0   0   0   0   0 |     GCC   0   0   0   0   0   0 |     GAC   1   2   1   2   2   1 |     GGC   0   0   0   0   0   0
    GTA   0   0   0   0   0   0 |     GCA   0   0   0   0   0   0 | Glu GAA   2   1   2   2   1   2 |     GGA   0   0   0   0   0   0
    GTG   2   2   2   2   2   2 |     GCG   0   0   0   0   1   0 |     GAG   0   2   0   0   0   0 |     GGG   0   0   0   0   0   0
--------------------------------------------------------------------------------------------------------------------------------------

--------------------------------------------------------------------------------------------------------------------------------------
Phe TTT   1   1   1   1   1   1 | Ser TCT   1   1   1   1   1   1 | Tyr TAT   0   0   0   0   0   0 | Cys TGT   0   0   0   0   0   0
    TTC   1   1   1   1   1   1 |     TCC   1   1   1   1   1   1 |     TAC   1   1   1   1   1   1 |     TGC   0   0   0   0   0   0
Leu TTA   0   0   0   0   0   0 |     TCA   0   0   0   0   0   0 | *** TAA   0   0   0   0   0   0 | *** TGA   0   0   0   0   0   0
    TTG   0   0   1   0   0   0 |     TCG   0   0   0   0   0   0 |     TAG   0   0   0   0   0   0 | Trp TGG   0   0   0   0   0   0
--------------------------------------------------------------------------------------------------------------------------------------
Leu CTT   0   0   0   0   0   0 | Pro CCT   0   0   0   0   0   0 | His CAT   0   0   0   0   0   0 | Arg CGT   0   0   0   0   0   0
    CTC   0   0   0   0   0   0 |     CCC   0   0   0   0   0   0 |     CAC   0   0   0   0   0   0 |     CGC   0   0   0   0   0   0
    CTA   0   0   0   0   0   0 |     CCA   0   0   0   0   0   0 | Gln CAA   0   0   0   0   0   0 |     CGA   0   0   0   0   0   0
    CTG   3   3   2   3   3   3 |     CCG   0   0   0   0   0   0 |     CAG   1   1   1   1   1   1 |     CGG   1   1   1   1   1   1
--------------------------------------------------------------------------------------------------------------------------------------
Ile ATT   0   0   0   0   0   0 | Thr ACT   0   0   0   1   0   0 | Asn AAT   1   1   1   1   1   1 | Ser AGT   0   0   0   0   0   0
    ATC   0   0   0   0   0   0 |     ACC   3   3   3   2   3   3 |     AAC   1   1   1   1   1   1 |     AGC   1   1   1   1   1   1
    ATA   3   3   3   3   3   3 |     ACA   0   0   0   0   0   0 | Lys AAA   0   0   0   0   0   0 | Arg AGA   0   0   0   0   0   0
Met ATG   1   1   1   1   1   1 |     ACG   0   0   0   0   0   0 |     AAG   0   0   0   0   0   0 |     AGG   2   2   2   2   2   2
--------------------------------------------------------------------------------------------------------------------------------------
Val GTT   0   0   0   0   0   0 | Ala GCT   0   0   0   0   0   0 | Asp GAT   2   2   2   2   2   2 | Gly GGT   0   0   0   0   0   0
    GTC   0   0   0   0   0   0 |     GCC   0   0   0   0   0   0 |     GAC   1   1   1   1   1   1 |     GGC   0   0   0   0   0   0
    GTA   0   0   0   0   0   0 |     GCA   0   0   0   0   0   0 | Glu GAA   2   2   2   2   2   2 |     GGA   0   0   0   0   0   0
    GTG   2   2   2   2   2   2 |     GCG   0   0   0   0   0   0 |     GAG   0   0   0   0   0   0 |     GGG   0   0   0   0   0   0
--------------------------------------------------------------------------------------------------------------------------------------

--------------------------------------------------------------------------------------------------------------------------------------
Phe TTT   1   1   1   1   1   1 | Ser TCT   1   1   1   1   1   1 | Tyr TAT   0   0   0   0   1   0 | Cys TGT   0   0   0   0   0   0
    TTC   1   1   1   1   1   1 |     TCC   1   1   1   1   1   1 |     TAC   1   1   1   1   0   1 |     TGC   0   0   0   0   0   0
Leu TTA   0   0   0   0   0   0 |     TCA   0   0   0   0   0   0 | *** TAA   0   0   0   0   0   0 | *** TGA   0   0   0   0   0   0
    TTG   0   0   0   0   0   0 |     TCG   0   0   0   0   0   0 |     TAG   0   0   0   0   0   0 | Trp TGG   0   0   0   0   0   0
--------------------------------------------------------------------------------------------------------------------------------------
Leu CTT   0   0   0   0   0   0 | Pro CCT   0   0   0   0   0   0 | His CAT   0   0   0   0   0   0 | Arg CGT   0   0   0   0   0   0
    CTC   0   0   0   0   0   0 |     CCC   0   0   0   0   0   0 |     CAC   0   0   0   0   0   0 |     CGC   0   0   0   0   0   0
    CTA   0   0   0   0   0   0 |     CCA   0   0   0   0   0   0 | Gln CAA   0   0   0   0   0   0 |     CGA   0   0   0   0   0   0
    CTG   3   3   3   3   3   3 |     CCG   0   0   0   0   0   0 |     CAG   1   1   1   1   1   1 |     CGG   1   1   1   1   1   1
--------------------------------------------------------------------------------------------------------------------------------------
Ile ATT   0   0   0   0   0   0 | Thr ACT   0   0   0   0   0   0 | Asn AAT   1   1   1   1   1   1 | Ser AGT   0   0   0   0   0   0
    ATC   0   0   0   0   0   0 |     ACC   3   3   3   3   3   3 |     AAC   1   1   1   1   1   1 |     AGC   1   1   1   1   1   1
    ATA   3   3   3   3   3   3 |     ACA   0   0   0   0   0   0 | Lys AAA   0   0   0   0   0   0 | Arg AGA   0   0   0   0   0   0
Met ATG   1   1   1   1   1   1 |     ACG   0   0   0   0   0   0 |     AAG   0   0   0   0   0   0 |     AGG   2   2   2   2   2   2
--------------------------------------------------------------------------------------------------------------------------------------
Val GTT   0   0   0   0   0   0 | Ala GCT   0   0   0   0   0   0 | Asp GAT   2   2   2   2   2   2 | Gly GGT   0   0   0   0   0   0
    GTC   0   0   0   0   0   0 |     GCC   0   0   0   0   0   0 |     GAC   1   1   1   1   1   1 |     GGC   0   0   0   0   0   0
    GTA   0   0   0   0   0   0 |     GCA   0   0   0   0   0   0 | Glu GAA   2   2   2   2   2   2 |     GGA   0   0   0   0   0   0
    GTG   2   2   2   2   2   2 |     GCG   0   0   0   0   0   0 |     GAG   0   0   0   0   0   0 |     GGG   0   0   0   0   0   0
--------------------------------------------------------------------------------------------------------------------------------------

--------------------------------------------------------------------------------------------------------------------------------------
Phe TTT   1   1   1   1   1   1 | Ser TCT   1   1   1   1   1   1 | Tyr TAT   0   0   0   0   0   0 | Cys TGT   0   0   0   0   0   0
    TTC   1   1   1   1   1   1 |     TCC   1   1   1   1   1   1 |     TAC   1   1   1   1   1   1 |     TGC   0   0   0   0   0   0
Leu TTA   0   0   0   0   0   0 |     TCA   0   0   0   0   0   0 | *** TAA   0   0   0   0   0   0 | *** TGA   0   0   0   0   0   0
    TTG   0   1   0   0   0   0 |     TCG   0   0   0   0   0   0 |     TAG   0   0   0   0   0   0 | Trp TGG   0   0   0   0   0   0
--------------------------------------------------------------------------------------------------------------------------------------
Leu CTT   0   0   0   0   0   0 | Pro CCT   0   0   0   0   0   0 | His CAT   0   0   0   0   0   0 | Arg CGT   0   0   0   0   0   0
    CTC   0   0   0   0   0   0 |     CCC   0   0   0   0   0   0 |     CAC   0   0   0   0   0   0 |     CGC   0   0   0   0   0   0
    CTA   0   0   0   0   0   0 |     CCA   0   0   0   0   0   0 | Gln CAA   0   0   0   0   0   0 |     CGA   0   0   0   0   0   0
    CTG   3   2   3   3   3   3 |     CCG   0   0   0   0   0   0 |     CAG   1   1   1   1   1   1 |     CGG   1   1   1   1   1   1
--------------------------------------------------------------------------------------------------------------------------------------
Ile ATT   0   0   0   0   0   0 | Thr ACT   0   0   0   0   0   0 | Asn AAT   0   0   1   1   1   1 | Ser AGT   0   0   0   0   0   0
    ATC   0   0   0   0   0   0 |     ACC   3   3   3   3   3   3 |     AAC   2   2   1   1   1   1 |     AGC   1   1   1   1   1   1
    ATA   3   3   3   3   3   3 |     ACA   0   0   0   0   0   0 | Lys AAA   0   0   0   0   0   0 | Arg AGA   0   0   0   0   0   0
Met ATG   1   1   1   1   1   1 |     ACG   0   0   0   0   0   0 |     AAG   0   0   0   0   0   0 |     AGG   2   2   2   2   2   2
--------------------------------------------------------------------------------------------------------------------------------------
Val GTT   0   0   0   0   0   0 | Ala GCT   0   0   0   0   0   0 | Asp GAT   2   2   2   2   2   2 | Gly GGT   0   0   0   0   0   0
    GTC   0   0   0   0   0   0 |     GCC   0   0   0   0   0   0 |     GAC   1   1   1   1   1   1 |     GGC   0   0   0   0   0   0
    GTA   0   0   0   0   0   0 |     GCA   0   0   0   0   0   0 | Glu GAA   2   2   2   2   2   2 |     GGA   0   0   0   0   0   0
    GTG   2   2   2   2   2   2 |     GCG   0   0   0   0   0   0 |     GAG   0   0   0   0   0   0 |     GGG   0   0   0   0   0   0
--------------------------------------------------------------------------------------------------------------------------------------

--------------------------------------------------------------------------------------------------------------------------------------
Phe TTT   1   1   1   1   1   1 | Ser TCT   1   1   1   1   1   1 | Tyr TAT   0   0   0   0   0   0 | Cys TGT   0   0   0   0   0   0
    TTC   1   1   1   1   1   1 |     TCC   1   1   1   1   1   1 |     TAC   1   1   1   1   1   1 |     TGC   0   0   0   0   0   0
Leu TTA   0   0   0   0   0   0 |     TCA   0   0   0   0   0   0 | *** TAA   0   0   0   0   0   0 | *** TGA   0   0   0   0   0   0
    TTG   0   0   0   0   0   0 |     TCG   0   0   0   0   0   0 |     TAG   0   0   0   0   0   0 | Trp TGG   0   0   0   0   0   0
--------------------------------------------------------------------------------------------------------------------------------------
Leu CTT   0   0   0   0   0   0 | Pro CCT   0   0   0   0   0   0 | His CAT   0   0   0   0   0   0 | Arg CGT   0   0   0   0   0   0
    CTC   0   0   0   0   0   0 |     CCC   0   0   0   0   0   0 |     CAC   0   0   0   0   0   0 |     CGC   0   0   0   0   0   0
    CTA   0   0   0   0   0   0 |     CCA   0   0   0   0   0   0 | Gln CAA   0   0   0   0   0   0 |     CGA   0   0   0   0   0   0
    CTG   3   3   3   3   3   3 |     CCG   0   0   0   0   0   0 |     CAG   1   1   1   1   1   1 |     CGG   1   1   1   1   1   1
--------------------------------------------------------------------------------------------------------------------------------------
Ile ATT   0   0   0   0   0   0 | Thr ACT   0   0   0   0   0   0 | Asn AAT   1   1   1   2   1   1 | Ser AGT   0   0   0   0   0   0
    ATC   0   0   0   0   0   0 |     ACC   3   3   3   3   3   3 |     AAC   1   1   1   0   1   1 |     AGC   1   1   1   1   1   1
    ATA   3   3   3   3   3   3 |     ACA   0   0   0   0   0   0 | Lys AAA   0   0   0   0   0   0 | Arg AGA   0   0   0   0   0   0
Met ATG   1   1   1   1   1   1 |     ACG   0   0   0   0   0   0 |     AAG   0   0   0   0   0   0 |     AGG   2   2   2   2   2   2
--------------------------------------------------------------------------------------------------------------------------------------
Val GTT   0   0   0   0   0   0 | Ala GCT   0   0   0   0   0   0 | Asp GAT   2   2   2   2   2   2 | Gly GGT   0   0   0   0   0   0
    GTC   0   1   0   0   0   0 |     GCC   0   0   0   0   0   0 |     GAC   1   1   1   1   1   1 |     GGC   0   0   0   0   0   0
    GTA   0   0   0   0   0   0 |     GCA   0   0   0   0   0   0 | Glu GAA   2   2   2   2   2   2 |     GGA   0   0   0   0   0   0
    GTG   2   1   2   2   2   2 |     GCG   0   0   0   0   0   0 |     GAG   0   0   0   0   0   0 |     GGG   0   0   0   0   0   0
--------------------------------------------------------------------------------------------------------------------------------------

--------------------------------------------------------------------------------------------------------------------------------------
Phe TTT   1   1   1   1   1   1 | Ser TCT   1   1   1   1   1   1 | Tyr TAT   0   0   0   0   0   0 | Cys TGT   0   0   0   0   0   0
    TTC   1   1   1   1   1   1 |     TCC   1   1   1   1   1   1 |     TAC   1   1   1   1   1   1 |     TGC   0   0   0   0   0   0
Leu TTA   0   0   0   0   0   0 |     TCA   0   0   0   0   0   0 | *** TAA   0   0   0   0   0   0 | *** TGA   0   0   0   0   0   0
    TTG   0   0   0   0   0   0 |     TCG   0   0   0   0   0   0 |     TAG   0   0   0   0   0   0 | Trp TGG   0   0   0   0   0   0
--------------------------------------------------------------------------------------------------------------------------------------
Leu CTT   0   0   0   0   0   0 | Pro CCT   0   0   0   0   0   0 | His CAT   0   0   0   0   0   0 | Arg CGT   0   0   0   0   0   0
    CTC   0   0   0   0   1   0 |     CCC   0   0   0   0   0   0 |     CAC   0   0   0   0   0   0 |     CGC   0   0   0   0   0   0
    CTA   0   0   0   0   0   0 |     CCA   0   0   0   0   0   0 | Gln CAA   0   0   0   0   0   0 |     CGA   0   0   0   0   0   0
    CTG   3   3   3   3   2   3 |     CCG   0   0   0   0   0   0 |     CAG   1   1   1   1   1   1 |     CGG   1   1   1   1   2   1
--------------------------------------------------------------------------------------------------------------------------------------
Ile ATT   0   0   0   0   0   0 | Thr ACT   0   0   0   0   0   0 | Asn AAT   1   1   1   1   0   1 | Ser AGT   0   0   0   0   0   0
    ATC   0   0   0   0   0   0 |     ACC   3   3   3   3   3   3 |     AAC   1   1   1   1   2   1 |     AGC   1   1   1   1   1   1
    ATA   3   3   3   3   3   3 |     ACA   0   0   0   0   0   0 | Lys AAA   0   0   0   0   0   0 | Arg AGA   0   0   0   0   0   0
Met ATG   1   1   1   1   1   1 |     ACG   0   0   0   0   0   0 |     AAG   0   0   0   0   0   0 |     AGG   2   2   2   2   1   2
--------------------------------------------------------------------------------------------------------------------------------------
Val GTT   0   0   0   0   0   0 | Ala GCT   0   0   0   0   0   0 | Asp GAT   2   2   2   2   2   2 | Gly GGT   0   0   0   0   0   0
    GTC   0   0   0   0   0   0 |     GCC   0   0   0   0   0   0 |     GAC   1   1   1   1   1   1 |     GGC   0   0   0   0   0   0
    GTA   0   0   0   0   0   0 |     GCA   0   0   0   0   0   0 | Glu GAA   2   2   2   2   2   2 |     GGA   0   0   0   0   0   0
    GTG   2   2   2   2   2   2 |     GCG   0   0   0   0   0   0 |     GAG   0   0   0   0   0   0 |     GGG   0   0   0   0   0   0
--------------------------------------------------------------------------------------------------------------------------------------

--------------------------------------------------------------------------------------------------------------------------------------
Phe TTT   1   1   1   1   1   1 | Ser TCT   1   1   1   1   1   1 | Tyr TAT   0   0   0   0   0   0 | Cys TGT   0   0   0   0   0   0
    TTC   1   1   1   1   1   1 |     TCC   1   1   1   1   1   1 |     TAC   1   1   1   1   1   1 |     TGC   0   0   0   0   0   0
Leu TTA   0   0   0   0   0   0 |     TCA   0   0   0   0   0   0 | *** TAA   0   0   0   0   0   0 | *** TGA   0   0   0   0   0   0
    TTG   0   0   0   0   0   0 |     TCG   0   0   0   0   0   0 |     TAG   0   0   0   0   0   0 | Trp TGG   0   0   0   0   0   0
--------------------------------------------------------------------------------------------------------------------------------------
Leu CTT   0   0   0   0   0   0 | Pro CCT   0   0   0   0   0   0 | His CAT   0   0   0   0   0   0 | Arg CGT   0   0   0   0   0   0
    CTC   0   0   0   0   0   0 |     CCC   0   0   0   0   0   0 |     CAC   0   0   0   0   0   0 |     CGC   0   0   0   0   0   0
    CTA   0   0   0   0   0   1 |     CCA   0   0   0   0   0   0 | Gln CAA   0   0   0   0   0   0 |     CGA   0   0   0   0   0   0
    CTG   3   3   3   3   3   2 |     CCG   0   0   0   0   0   0 |     CAG   1   1   1   1   1   1 |     CGG   1   1   1   1   1   1
--------------------------------------------------------------------------------------------------------------------------------------
Ile ATT   0   0   0   0   0   0 | Thr ACT   0   0   0   1   0   0 | Asn AAT   1   1   1   1   1   1 | Ser AGT   0   0   0   0   0   0
    ATC   0   0   0   0   1   0 |     ACC   3   3   3   2   3   3 |     AAC   1   1   1   1   1   1 |     AGC   1   1   1   1   1   1
    ATA   3   3   3   3   2   3 |     ACA   0   0   0   0   0   0 | Lys AAA   0   0   0   0   0   0 | Arg AGA   0   0   0   0   0   0
Met ATG   1   1   1   1   1   1 |     ACG   0   0   0   0   0   0 |     AAG   0   0   0   0   0   0 |     AGG   2   2   2   2   2   2
--------------------------------------------------------------------------------------------------------------------------------------
Val GTT   0   0   0   0   0   0 | Ala GCT   0   0   0   0   0   0 | Asp GAT   2   2   2   2   2   2 | Gly GGT   0   0   0   0   0   0
    GTC   0   0   0   0   0   0 |     GCC   0   0   0   0   0   0 |     GAC   1   1   1   1   1   1 |     GGC   0   0   0   0   0   0
    GTA   0   0   0   0   0   0 |     GCA   0   0   0   0   0   0 | Glu GAA   2   2   2   2   2   2 |     GGA   0   0   0   0   0   0
    GTG   2   2   2   2   2   2 |     GCG   0   0   0   0   0   0 |     GAG   0   0   0   0   0   0 |     GGG   0   0   0   0   0   0
--------------------------------------------------------------------------------------------------------------------------------------

--------------------------------------------------------------------------------------------------------------------------------------
Phe TTT   1   1   1   1   1   1 | Ser TCT   1   1   1   1   1   1 | Tyr TAT   0   0   0   0   0   0 | Cys TGT   0   0   0   0   0   0
    TTC   1   1   1   1   1   1 |     TCC   1   1   1   1   1   1 |     TAC   1   1   1   1   1   1 |     TGC   0   0   0   0   0   0
Leu TTA   0   0   0   0   0   0 |     TCA   0   0   0   0   0   0 | *** TAA   0   0   0   0   0   0 | *** TGA   0   0   0   0   0   0
    TTG   0   0   0   0   0   0 |     TCG   0   0   0   0   0   0 |     TAG   0   0   0   0   0   0 | Trp TGG   0   0   0   0   0   0
--------------------------------------------------------------------------------------------------------------------------------------
Leu CTT   0   0   0   0   0   0 | Pro CCT   0   0   0   0   0   0 | His CAT   0   0   0   0   0   0 | Arg CGT   0   0   0   0   0   0
    CTC   0   0   0   0   0   0 |     CCC   0   0   0   0   0   0 |     CAC   0   0   0   0   0   0 |     CGC   0   0   0   0   0   0
    CTA   0   0   0   0   0   0 |     CCA   0   0   0   0   0   0 | Gln CAA   0   0   0   0   0   0 |     CGA   0   0   0   0   0   0
    CTG   3   3   3   3   3   3 |     CCG   0   0   0   0   0   0 |     CAG   1   1   1   1   1   1 |     CGG   1   1   1   1   1   1
--------------------------------------------------------------------------------------------------------------------------------------
Ile ATT   0   0   0   0   0   0 | Thr ACT   0   0   0   0   0   0 | Asn AAT   1   2   1   0   1   1 | Ser AGT   0   0   0   0   0   0
    ATC   0   0   0   0   0   0 |     ACC   3   3   3   3   3   3 |     AAC   1   0   1   2   1   1 |     AGC   1   1   1   1   1   1
    ATA   3   3   3   3   3   3 |     ACA   0   0   0   0   0   0 | Lys AAA   0   0   0   0   0   0 | Arg AGA   0   0   0   0   0   0
Met ATG   1   1   1   1   1   1 |     ACG   0   0   0   0   0   0 |     AAG   0   0   0   0   0   0 |     AGG   2   2   2   2   2   2
--------------------------------------------------------------------------------------------------------------------------------------
Val GTT   0   0   0   0   0   0 | Ala GCT   0   0   0   0   0   0 | Asp GAT   2   2   2   2   2   2 | Gly GGT   0   0   0   0   0   0
    GTC   0   0   0   0   0   0 |     GCC   0   0   0   0   0   0 |     GAC   1   1   1   1   1   1 |     GGC   0   0   0   0   0   0
    GTA   0   0   0   0   0   0 |     GCA   0   0   0   0   0   0 | Glu GAA   2   2   2   2   2   1 |     GGA   0   0   0   0   0   0
    GTG   2   2   2   2   2   2 |     GCG   0   0   0   0   0   0 |     GAG   0   0   0   0   0   1 |     GGG   0   0   0   0   0   0
--------------------------------------------------------------------------------------------------------------------------------------

--------------------------------------------------------------------------------------------------------------------------------------
Phe TTT   1   1   1   1   1   1 | Ser TCT   1   1   1   1   1   1 | Tyr TAT   0   0   0   0   0   0 | Cys TGT   0   0   0   0   0   0
    TTC   1   1   1   1   1   1 |     TCC   1   1   1   1   1   1 |     TAC   1   1   1   1   1   1 |     TGC   0   0   0   0   0   0
Leu TTA   0   0   0   0   0   0 |     TCA   0   0   0   0   0   0 | *** TAA   0   0   0   0   0   0 | *** TGA   0   0   0   0   0   0
    TTG   0   0   0   0   0   0 |     TCG   0   0   0   0   0   0 |     TAG   0   0   0   0   0   0 | Trp TGG   0   0   0   0   0   0
--------------------------------------------------------------------------------------------------------------------------------------
Leu CTT   0   0   0   0   0   0 | Pro CCT   0   0   0   0   0   0 | His CAT   0   0   0   0   0   0 | Arg CGT   0   0   0   0   0   0
    CTC   0   0   0   0   0   0 |     CCC   0   0   0   0   0   0 |     CAC   0   0   0   0   0   0 |     CGC   0   0   0   0   0   0
    CTA   0   0   0   0   0   0 |     CCA   0   0   0   0   0   0 | Gln CAA   0   0   0   0   0   0 |     CGA   0   0   0   0   0   0
    CTG   3   3   3   3   3   3 |     CCG   0   0   0   0   0   0 |     CAG   1   1   1   1   1   1 |     CGG   1   1   1   1   1   1
--------------------------------------------------------------------------------------------------------------------------------------
Ile ATT   0   0   0   0   0   0 | Thr ACT   0   0   0   0   0   0 | Asn AAT   1   1   1   1   1   1 | Ser AGT   0   0   0   0   0   0
    ATC   0   0   0   0   0   0 |     ACC   3   3   3   3   3   3 |     AAC   1   1   1   1   1   1 |     AGC   1   1   1   1   1   1
    ATA   3   3   3   3   3   3 |     ACA   0   0   0   0   0   0 | Lys AAA   0   0   0   0   0   0 | Arg AGA   0   0   0   0   0   0
Met ATG   1   1   1   1   1   1 |     ACG   0   0   0   0   0   0 |     AAG   0   0   0   0   0   0 |     AGG   2   2   2   2   2   2
--------------------------------------------------------------------------------------------------------------------------------------
Val GTT   0   0   0   0   0   0 | Ala GCT   0   0   0   0   0   0 | Asp GAT   2   2   2   1   2   2 | Gly GGT   0   0   0   0   0   0
    GTC   0   0   0   0   0   0 |     GCC   0   0   0   0   0   0 |     GAC   1   1   1   2   1   1 |     GGC   0   0   0   0   0   0
    GTA   0   0   0   0   0   0 |     GCA   0   0   0   0   0   0 | Glu GAA   2   2   1   2   2   2 |     GGA   0   0   0   0   0   0
    GTG   2   2   2   2   2   2 |     GCG   0   0   0   0   0   0 |     GAG   0   0   1   0   0   0 |     GGG   0   0   0   0   0   0
--------------------------------------------------------------------------------------------------------------------------------------

Codon position x base (3x4) table for each sequence.

#1: Argali         
position  1:    T:0.17241    C:0.17241    A:0.41379    G:0.24138
position  2:    T:0.37931    C:0.17241    A:0.31034    G:0.13793
position  3:    T:0.17241    C:0.31034    A:0.17241    G:0.34483
Average         T:0.24138    C:0.21839    A:0.29885    G:0.24138

#2: LesserMouseDeer
position  1:    T:0.17241    C:0.20690    A:0.37931    G:0.24138
position  2:    T:0.37931    C:0.17241    A:0.31034    G:0.13793
position  3:    T:0.06897    C:0.44828    A:0.06897    G:0.41379
Average         T:0.20690    C:0.27586    A:0.25287    G:0.26437

#3: LesserKudu     
position  1:    T:0.17241    C:0.17241    A:0.41379    G:0.24138
position  2:    T:0.37931    C:0.17241    A:0.31034    G:0.13793
position  3:    T:0.17241    C:0.31034    A:0.17241    G:0.34483
Average         T:0.24138    C:0.21839    A:0.29885    G:0.24138

#4: ForestMuskDeer2
position  1:    T:0.17241    C:0.17241    A:0.41379    G:0.24138
position  2:    T:0.37931    C:0.17241    A:0.31034    G:0.13793
position  3:    T:0.13793    C:0.34483    A:0.17241    G:0.34483
Average         T:0.22989    C:0.22989    A:0.29885    G:0.24138

#5: Camel          
position  1:    T:0.17241    C:0.17241    A:0.41379    G:0.24138
position  2:    T:0.37931    C:0.20690    A:0.24138    G:0.17241
position  3:    T:0.10345    C:0.37931    A:0.17241    G:0.34483
Average         T:0.21839    C:0.25287    A:0.27586    G:0.25287

#6: KillerWhale    
position  1:    T:0.17241    C:0.17241    A:0.41379    G:0.24138
position  2:    T:0.37931    C:0.17241    A:0.31034    G:0.13793
position  3:    T:0.13793    C:0.34483    A:0.17241    G:0.34483
Average         T:0.22989    C:0.22989    A:0.29885    G:0.24138

#7: DefassaWaterbuck
position  1:    T:0.17241    C:0.17241    A:0.41379    G:0.24138
position  2:    T:0.37931    C:0.17241    A:0.31034    G:0.13793
position  3:    T:0.17241    C:0.31034    A:0.17241    G:0.34483
Average         T:0.24138    C:0.21839    A:0.29885    G:0.24138

#8: Sheep          
position  1:    T:0.17241    C:0.17241    A:0.41379    G:0.24138
position  2:    T:0.37931    C:0.17241    A:0.31034    G:0.13793
position  3:    T:0.17241    C:0.31034    A:0.17241    G:0.34483
Average         T:0.24138    C:0.21839    A:0.29885    G:0.24138

#9: MaxwellsDuiker 
position  1:    T:0.20690    C:0.13793    A:0.41379    G:0.24138
position  2:    T:0.37931    C:0.17241    A:0.31034    G:0.13793
position  3:    T:0.17241    C:0.31034    A:0.17241    G:0.34483
Average         T:0.25287    C:0.20690    A:0.29885    G:0.24138

#10: GazellaPrzewalskyi
position  1:    T:0.17241    C:0.17241    A:0.41379    G:0.24138
position  2:    T:0.37931    C:0.17241    A:0.31034    G:0.13793
position  3:    T:0.20690    C:0.27586    A:0.17241    G:0.34483
Average         T:0.25287    C:0.20690    A:0.29885    G:0.24138

#11: MountainNyala  
position  1:    T:0.17241    C:0.17241    A:0.41379    G:0.24138
position  2:    T:0.37931    C:0.17241    A:0.31034    G:0.13793
position  3:    T:0.17241    C:0.31034    A:0.17241    G:0.34483
Average         T:0.24138    C:0.21839    A:0.29885    G:0.24138

#12: MuntiacusMuntjak
position  1:    T:0.17241    C:0.17241    A:0.41379    G:0.24138
position  2:    T:0.37931    C:0.17241    A:0.31034    G:0.13793
position  3:    T:0.17241    C:0.31034    A:0.17241    G:0.34483
Average         T:0.24138    C:0.21839    A:0.29885    G:0.24138

#13: goat           
position  1:    T:0.17241    C:0.17241    A:0.41379    G:0.24138
position  2:    T:0.37931    C:0.17241    A:0.31034    G:0.13793
position  3:    T:0.17241    C:0.31034    A:0.17241    G:0.34483
Average         T:0.24138    C:0.21839    A:0.29885    G:0.24138

#14: AfricanBuffalo 
position  1:    T:0.17241    C:0.17241    A:0.41379    G:0.24138
position  2:    T:0.37931    C:0.17241    A:0.31034    G:0.13793
position  3:    T:0.17241    C:0.31034    A:0.17241    G:0.34483
Average         T:0.24138    C:0.21839    A:0.29885    G:0.24138

#15: Topi           
position  1:    T:0.17241    C:0.17241    A:0.41379    G:0.24138
position  2:    T:0.37931    C:0.17241    A:0.31034    G:0.13793
position  3:    T:0.17241    C:0.31034    A:0.17241    G:0.34483
Average         T:0.24138    C:0.21839    A:0.29885    G:0.24138

#16: CommonDuiker   
position  1:    T:0.17241    C:0.17241    A:0.41379    G:0.24138
position  2:    T:0.37931    C:0.17241    A:0.31034    G:0.13793
position  3:    T:0.17241    C:0.31034    A:0.17241    G:0.34483
Average         T:0.24138    C:0.21839    A:0.29885    G:0.24138

#17: Suni           
position  1:    T:0.17241    C:0.17241    A:0.41379    G:0.24138
position  2:    T:0.37931    C:0.17241    A:0.31034    G:0.13793
position  3:    T:0.20690    C:0.27586    A:0.17241    G:0.34483
Average         T:0.25287    C:0.20690    A:0.29885    G:0.24138

#18: Springbuck     
position  1:    T:0.17241    C:0.17241    A:0.41379    G:0.24138
position  2:    T:0.37931    C:0.17241    A:0.31034    G:0.13793
position  3:    T:0.17241    C:0.31034    A:0.17241    G:0.34483
Average         T:0.24138    C:0.21839    A:0.29885    G:0.24138

#19: Okapi          
position  1:    T:0.17241    C:0.17241    A:0.41379    G:0.24138
position  2:    T:0.37931    C:0.17241    A:0.31034    G:0.13793
position  3:    T:0.13793    C:0.34483    A:0.17241    G:0.34483
Average         T:0.22989    C:0.22989    A:0.29885    G:0.24138

#20: Giraffe        
position  1:    T:0.20690    C:0.13793    A:0.41379    G:0.24138
position  2:    T:0.37931    C:0.17241    A:0.31034    G:0.13793
position  3:    T:0.13793    C:0.34483    A:0.17241    G:0.34483
Average         T:0.24138    C:0.21839    A:0.29885    G:0.24138

#21: TibetanAntelope
position  1:    T:0.17241    C:0.17241    A:0.41379    G:0.24138
position  2:    T:0.37931    C:0.17241    A:0.31034    G:0.13793
position  3:    T:0.17241    C:0.31034    A:0.17241    G:0.34483
Average         T:0.24138    C:0.21839    A:0.29885    G:0.24138

#22: Sitatunga      
position  1:    T:0.17241    C:0.17241    A:0.41379    G:0.24138
position  2:    T:0.37931    C:0.17241    A:0.31034    G:0.13793
position  3:    T:0.17241    C:0.31034    A:0.17241    G:0.34483
Average         T:0.24138    C:0.21839    A:0.29885    G:0.24138

#23: Oribi          
position  1:    T:0.17241    C:0.17241    A:0.41379    G:0.24138
position  2:    T:0.37931    C:0.17241    A:0.31034    G:0.13793
position  3:    T:0.17241    C:0.31034    A:0.17241    G:0.34483
Average         T:0.24138    C:0.21839    A:0.29885    G:0.24138

#24: BarbarySheep   
position  1:    T:0.17241    C:0.17241    A:0.41379    G:0.24138
position  2:    T:0.37931    C:0.17241    A:0.31034    G:0.13793
position  3:    T:0.17241    C:0.31034    A:0.17241    G:0.34483
Average         T:0.24138    C:0.21839    A:0.29885    G:0.24138

#25: Daviddeer      
position  1:    T:0.17241    C:0.17241    A:0.41379    G:0.24138
position  2:    T:0.37931    C:0.17241    A:0.31034    G:0.13793
position  3:    T:0.17241    C:0.31034    A:0.17241    G:0.34483
Average         T:0.24138    C:0.21839    A:0.29885    G:0.24138

#26: Reindeer       
position  1:    T:0.17241    C:0.17241    A:0.41379    G:0.24138
position  2:    T:0.37931    C:0.17241    A:0.31034    G:0.13793
position  3:    T:0.17241    C:0.34483    A:0.17241    G:0.31034
Average         T:0.24138    C:0.22989    A:0.29885    G:0.22989

#27: Ibex           
position  1:    T:0.17241    C:0.17241    A:0.41379    G:0.24138
position  2:    T:0.37931    C:0.17241    A:0.31034    G:0.13793
position  3:    T:0.17241    C:0.31034    A:0.17241    G:0.34483
Average         T:0.24138    C:0.21839    A:0.29885    G:0.24138

#28: GyrantGazelle  
position  1:    T:0.17241    C:0.17241    A:0.41379    G:0.24138
position  2:    T:0.37931    C:0.17241    A:0.31034    G:0.13793
position  3:    T:0.20690    C:0.27586    A:0.17241    G:0.34483
Average         T:0.25287    C:0.20690    A:0.29885    G:0.24138

#29: Hartebeest     
position  1:    T:0.17241    C:0.17241    A:0.41379    G:0.24138
position  2:    T:0.37931    C:0.17241    A:0.31034    G:0.13793
position  3:    T:0.17241    C:0.31034    A:0.17241    G:0.34483
Average         T:0.24138    C:0.21839    A:0.29885    G:0.24138

#30: Bongo          
position  1:    T:0.17241    C:0.17241    A:0.41379    G:0.24138
position  2:    T:0.37931    C:0.17241    A:0.31034    G:0.13793
position  3:    T:0.17241    C:0.31034    A:0.17241    G:0.34483
Average         T:0.24138    C:0.21839    A:0.29885    G:0.24138

#31: Gerenuk        
position  1:    T:0.17241    C:0.17241    A:0.41379    G:0.24138
position  2:    T:0.37931    C:0.17241    A:0.31034    G:0.13793
position  3:    T:0.17241    C:0.31034    A:0.17241    G:0.34483
Average         T:0.24138    C:0.21839    A:0.29885    G:0.24138

#32: CommonEland    
position  1:    T:0.17241    C:0.17241    A:0.41379    G:0.24138
position  2:    T:0.37931    C:0.17241    A:0.31034    G:0.13793
position  3:    T:0.17241    C:0.31034    A:0.17241    G:0.34483
Average         T:0.24138    C:0.21839    A:0.29885    G:0.24138

#33: MuntiacusReevesi
position  1:    T:0.17241    C:0.17241    A:0.41379    G:0.24138
position  2:    T:0.37931    C:0.17241    A:0.31034    G:0.13793
position  3:    T:0.17241    C:0.31034    A:0.17241    G:0.34483
Average         T:0.24138    C:0.21839    A:0.29885    G:0.24138

#34: HarveysDuiker  
position  1:    T:0.17241    C:0.17241    A:0.41379    G:0.24138
position  2:    T:0.37931    C:0.17241    A:0.31034    G:0.13793
position  3:    T:0.17241    C:0.31034    A:0.17241    G:0.34483
Average         T:0.24138    C:0.21839    A:0.29885    G:0.24138

#35: Pronghorn      
position  1:    T:0.17241    C:0.20690    A:0.37931    G:0.24138
position  2:    T:0.37931    C:0.17241    A:0.31034    G:0.13793
position  3:    T:0.13793    C:0.37931    A:0.17241    G:0.31034
Average         T:0.22989    C:0.25287    A:0.28736    G:0.22989

#36: BlueWildebeest 
position  1:    T:0.17241    C:0.17241    A:0.41379    G:0.24138
position  2:    T:0.37931    C:0.17241    A:0.31034    G:0.13793
position  3:    T:0.17241    C:0.31034    A:0.17241    G:0.34483
Average         T:0.24138    C:0.21839    A:0.29885    G:0.24138

#37: Gemsbok        
position  1:    T:0.17241    C:0.17241    A:0.41379    G:0.24138
position  2:    T:0.37931    C:0.17241    A:0.31034    G:0.13793
position  3:    T:0.17241    C:0.31034    A:0.17241    G:0.34483
Average         T:0.24138    C:0.21839    A:0.29885    G:0.24138

#38: Yak            
position  1:    T:0.17241    C:0.17241    A:0.41379    G:0.24138
position  2:    T:0.37931    C:0.17241    A:0.31034    G:0.13793
position  3:    T:0.17241    C:0.31034    A:0.17241    G:0.34483
Average         T:0.24138    C:0.21839    A:0.29885    G:0.24138

#39: BlueSheep      
position  1:    T:0.17241    C:0.17241    A:0.41379    G:0.24138
position  2:    T:0.37931    C:0.17241    A:0.31034    G:0.13793
position  3:    T:0.17241    C:0.31034    A:0.17241    G:0.34483
Average         T:0.24138    C:0.21839    A:0.29885    G:0.24138

#40: BohorReedbuck  
position  1:    T:0.17241    C:0.17241    A:0.41379    G:0.24138
position  2:    T:0.37931    C:0.17241    A:0.31034    G:0.13793
position  3:    T:0.20690    C:0.27586    A:0.17241    G:0.34483
Average         T:0.25287    C:0.20690    A:0.29885    G:0.24138

#41: KirksDik       
position  1:    T:0.17241    C:0.17241    A:0.41379    G:0.24138
position  2:    T:0.37931    C:0.17241    A:0.31034    G:0.13793
position  3:    T:0.17241    C:0.34483    A:0.13793    G:0.34483
Average         T:0.24138    C:0.22989    A:0.28736    G:0.24138

#42: RoeDeer        
position  1:    T:0.17241    C:0.17241    A:0.41379    G:0.24138
position  2:    T:0.37931    C:0.17241    A:0.31034    G:0.13793
position  3:    T:0.17241    C:0.31034    A:0.20690    G:0.31034
Average         T:0.24138    C:0.21839    A:0.31034    G:0.22989

#43: WhiteLippedDeer
position  1:    T:0.17241    C:0.17241    A:0.41379    G:0.24138
position  2:    T:0.37931    C:0.17241    A:0.31034    G:0.13793
position  3:    T:0.17241    C:0.31034    A:0.17241    G:0.34483
Average         T:0.24138    C:0.21839    A:0.29885    G:0.24138

#44: ThomsonGazelle 
position  1:    T:0.17241    C:0.17241    A:0.41379    G:0.24138
position  2:    T:0.37931    C:0.17241    A:0.31034    G:0.13793
position  3:    T:0.20690    C:0.27586    A:0.17241    G:0.34483
Average         T:0.25287    C:0.20690    A:0.29885    G:0.24138

#45: MuntiacusCrinifrons
position  1:    T:0.17241    C:0.17241    A:0.41379    G:0.24138
position  2:    T:0.37931    C:0.17241    A:0.31034    G:0.13793
position  3:    T:0.17241    C:0.31034    A:0.17241    G:0.34483
Average         T:0.24138    C:0.21839    A:0.29885    G:0.24138

#46: WhiteTailedDeer
position  1:    T:0.17241    C:0.17241    A:0.41379    G:0.24138
position  2:    T:0.37931    C:0.17241    A:0.31034    G:0.13793
position  3:    T:0.13793    C:0.34483    A:0.17241    G:0.34483
Average         T:0.22989    C:0.22989    A:0.29885    G:0.24138

#47: Cattle         
position  1:    T:0.17241    C:0.17241    A:0.41379    G:0.24138
position  2:    T:0.37931    C:0.17241    A:0.31034    G:0.13793
position  3:    T:0.17241    C:0.31034    A:0.17241    G:0.34483
Average         T:0.24138    C:0.21839    A:0.29885    G:0.24138

#48: RoyalAntelope  
position  1:    T:0.17241    C:0.17241    A:0.41379    G:0.24138
position  2:    T:0.37931    C:0.17241    A:0.31034    G:0.13793
position  3:    T:0.17241    C:0.31034    A:0.13793    G:0.37931
Average         T:0.24138    C:0.21839    A:0.28736    G:0.25287

#49: Steenbok       
position  1:    T:0.17241    C:0.17241    A:0.41379    G:0.24138
position  2:    T:0.37931    C:0.17241    A:0.31034    G:0.13793
position  3:    T:0.17241    C:0.31034    A:0.17241    G:0.34483
Average         T:0.24138    C:0.21839    A:0.29885    G:0.24138

#50: Impala         
position  1:    T:0.17241    C:0.17241    A:0.41379    G:0.24138
position  2:    T:0.37931    C:0.17241    A:0.31034    G:0.13793
position  3:    T:0.17241    C:0.31034    A:0.17241    G:0.34483
Average         T:0.24138    C:0.21839    A:0.29885    G:0.24138

#51: Klipspringer   
position  1:    T:0.17241    C:0.17241    A:0.41379    G:0.24138
position  2:    T:0.37931    C:0.17241    A:0.31034    G:0.13793
