1
52 1
Argali 0.000000 0.586800 0.117800 0.396700 0.100900 0.000000 0.100500 0.085100 0.082500 0.253600 0.015900 0.150500 0.049400 0.100100 0.130600 0.167300 0.179200 0.196300 0.049200 0.082500 0.066600 0.031800 0.154700 0.222800 0.015900 0.131700 0.049000 0.098500 0.121000 0.082500 0.251900 0.080900 0.279600 0.083900 0.065600 0.100200 0.016200 0.100900 0.101400 0.238800 0.154700 0.135300 0.235900 0.188200 0.135100 0.125800 0.085200 0.141400 0.133500 0.234300 0.082500 0.133100
LesserMous 0.586800 0.000000 0.638300 0.316600 0.592700 0.584000 0.587600 0.496600 0.606700 0.754600 0.607000 0.655600 0.556100 0.583700 0.681400 0.628300 0.537000 0.561200 0.563300 0.606700 0.544300 0.637100 0.620100 0.712900 0.607000 0.622300 0.556100 0.628800 0.567700 0.606700 0.748400 0.612200 0.674500 0.589100 0.579700 0.585200 0.624700 0.592700 0.591500 0.395300 0.620100 0.638800 0.724500 0.660300 0.639900 0.673100 0.568300 0.573600 0.640700 0.699900 0.606700 0.627400
LesserKudu 0.117800 0.638300 0.000000 0.433000 0.154500 0.112700 0.153700 0.142200 0.031200 0.266400 0.133600 0.166200 0.100600 0.153200 0.200700 0.222200 0.193800 0.210600 0.101400 0.031700 0.121100 0.150500 0.211100 0.198800 0.133600 0.148900 0.100600 0.047300 0.174900 0.031700 0.264600 0.170400 0.292400 0.136900 0.116900 0.082700 0.136200 0.154500 0.117900 0.277000 0.211100 0.151600 0.248800 0.165500 0.116100 0.145400 0.101800 0.176300 0.187500 0.251700 0.031700 0.078300
KillerWhal 0.396700 0.316600 0.433000 0.000000 0.400000 0.388500 0.397100 0.340300 0.407800 0.534800 0.415300 0.402300 0.372000 0.394900 0.477900 0.487100 0.298400 0.318500 0.376200 0.407800 0.358000 0.439300 0.424200 0.498600 0.415300 0.431100 0.372000 0.427100 0.378600 0.407800 0.530600 0.418300 0.415100 0.398200 0.392500 0.395600 0.425900 0.400000 0.397500 0.252400 0.424200 0.441400 0.510600 0.454100 0.441600 0.473600 0.378800 0.382400 0.441500 0.425800 0.407800 0.426100
DefassaWat 0.100900 0.592700 0.154500 0.400000 0.000000 0.101600 0.066200 0.087600 0.117800 0.217000 0.116900 0.151300 0.083900 0.064800 0.131300 0.168200 0.180200 0.197500 0.049300 0.117800 0.068800 0.133700 0.155600 0.224100 0.116900 0.132400 0.083900 0.134000 0.121700 0.117800 0.215500 0.080700 0.281300 0.119800 0.065800 0.101100 0.119200 0.000000 0.102000 0.240500 0.155600 0.136000 0.199600 0.189300 0.135800 0.164300 0.085700 0.160600 0.097100 0.235700 0.117800 0.133500
Sheep 0.000000 0.584000 0.112700 0.388500 0.101600 0.000000 0.101000 0.087600 0.081400 0.249800 0.016000 0.149800 0.049700 0.100700 0.130200 0.168400 0.176400 0.193200 0.050000 0.081400 0.068300 0.032000 0.155900 0.219500 0.016000 0.132500 0.049700 0.097200 0.120700 0.081400 0.248200 0.082600 0.275300 0.084400 0.065900 0.100800 0.016300 0.101600 0.101100 0.237100 0.155900 0.134900 0.232400 0.185400 0.134700 0.129500 0.085000 0.141000 0.134300 0.233900 0.081400 0.131200
MaxwellsDu 0.100500 0.587600 0.153700 0.397100 0.066200 0.101000 0.000000 0.087100 0.117200 0.215900 0.116300 0.115400 0.082800 0.032400 0.166000 0.097600 0.141200 0.121200 0.049600 0.117200 0.067900 0.133100 0.154800 0.222900 0.116300 0.131700 0.083500 0.133300 0.085300 0.117200 0.214400 0.048600 0.240800 0.084000 0.099700 0.065900 0.118600 0.066200 0.101500 0.195600 0.154800 0.135300 0.198600 0.188300 0.099900 0.163500 0.085300 0.159700 0.133500 0.195100 0.117200 0.168800
GazellaPrz 0.085100 0.496600 0.142200 0.340300 0.087600 0.087600 0.087100 0.000000 0.104500 0.246200 0.103700 0.139100 0.068600 0.085200 0.155300 0.156500 0.128800 0.146600 0.070000 0.104500 0.053000 0.121100 0.143300 0.214300 0.103700 0.119700 0.068600 0.121200 0.071000 0.104500 0.244500 0.104300 0.232700 0.106300 0.086400 0.085300 0.102800 0.085300 0.088100 0.184600 0.143300 0.123200 0.227800 0.178300 0.123000 0.152800 0.071100 0.148100 0.121500 0.225400 0.104500 0.158000
MountainNy 0.082500 0.606700 0.031200 0.407800 0.117800 0.081400 0.117200 0.104500 0.000000 0.228400 0.098300 0.130500 0.065800 0.116800 0.181100 0.184200 0.154500 0.171900 0.066300 0.000000 0.084800 0.114800 0.172200 0.198300 0.098300 0.113700 0.065800 0.015400 0.137100 0.000000 0.226900 0.133600 0.252600 0.100700 0.082000 0.048700 0.100200 0.117800 0.082600 0.255200 0.172200 0.115600 0.211300 0.165000 0.081300 0.145200 0.066600 0.175800 0.150300 0.211200 0.000000 0.047000
MuntiacusM 0.253600 0.754600 0.266400 0.534800 0.217000 0.249800 0.215900 0.246200 0.228400 0.000000 0.268700 0.263500 0.235600 0.215100 0.317300 0.303000 0.256500 0.272800 0.199900 0.228400 0.222500 0.286200 0.093800 0.154400 0.268700 0.245700 0.235600 0.243600 0.276800 0.228400 0.027700 0.232100 0.351900 0.275400 0.251700 0.215800 0.274000 0.217000 0.216300 0.325000 0.093800 0.250100 0.014000 0.123300 0.249900 0.240600 0.201100 0.320700 0.287400 0.259500 0.228400 0.279900
goat 0.015900 0.607000 0.133600 0.415300 0.116900 0.016000 0.116300 0.103700 0.098300 0.268700 0.000000 0.166100 0.065300 0.080900 0.145900 0.182700 0.195600 0.212600 0.066100 0.098300 0.084200 0.046600 0.170600 0.238100 0.000000 0.147100 0.064700 0.114200 0.137300 0.098300 0.266900 0.097900 0.295000 0.100000 0.080200 0.116100 0.032000 0.116900 0.117500 0.256500 0.170600 0.151100 0.251000 0.203800 0.150800 0.110300 0.101500 0.157900 0.114300 0.250600 0.098300 0.148700
AfricanBuf 0.150500 0.655600 0.166200 0.402300 0.151300 0.149800 0.115400 0.139100 0.130500 0.263500 0.166100 0.000000 0.098600 0.115100 0.214100 0.181200 0.118000 0.134300 0.134300 0.130500 0.118600 0.183000 0.206600 0.233600 0.166100 0.146000 0.098600 0.146100 0.171200 0.130500 0.261800 0.131600 0.213600 0.134100 0.114600 0.081100 0.133500 0.151300 0.115500 0.250500 0.206600 0.148500 0.246200 0.199800 0.113800 0.143000 0.099800 0.210800 0.183600 0.207100 0.130500 0.180800
Topi 0.049400 0.556100 0.100600 0.372000 0.083900 0.049700 0.082800 0.068600 0.065800 0.235600 0.065300 0.098600 0.000000 0.083200 0.148800 0.150000 0.160600 0.177700 0.033100 0.065800 0.050600 0.081800 0.137000 0.204700 0.064500 0.114800 0.000000 0.081900 0.103400 0.065800 0.234000 0.099800 0.222400 0.032900 0.016200 0.082000 0.066600 0.083900 0.084300 0.217800 0.137000 0.118000 0.218000 0.170400 0.117800 0.112500 0.068000 0.141400 0.116400 0.215300 0.065800 0.116100
CommonDuik 0.100100 0.583700 0.153200 0.394900 0.064800 0.100700 0.032400 0.085200 0.116800 0.215100 0.080900 0.115100 0.083200 0.000000 0.165500 0.131500 0.140700 0.157600 0.049500 0.116800 0.066500 0.132600 0.154200 0.222000 0.081700 0.131300 0.082600 0.132900 0.120700 0.116800 0.213700 0.048200 0.278600 0.118800 0.099400 0.065700 0.118200 0.065200 0.101100 0.194800 0.154200 0.134800 0.197900 0.187600 0.099600 0.128600 0.085000 0.159100 0.096600 0.233500 0.116800 0.168300
Suni 0.130600 0.681400 0.200700 0.477900 0.131300 0.130200 0.166000 0.155300 0.181100 0.317300 0.145900 0.214100 0.148800 0.165500 0.000000 0.216400 0.246700 0.263500 0.150000 0.181100 0.134500 0.162400 0.222000 0.269000 0.145900 0.180000 0.148800 0.196800 0.170100 0.181100 0.315200 0.146700 0.345200 0.185700 0.129700 0.165600 0.148700 0.131300 0.166200 0.313000 0.222000 0.183200 0.299400 0.234800 0.199300 0.175200 0.150700 0.170900 0.128200 0.301800 0.181100 0.196100
Springbuck 0.167300 0.628300 0.222200 0.487100 0.168200 0.168400 0.097600 0.156500 0.184200 0.303000 0.182700 0.181200 0.150000 0.131500 0.216400 0.000000 0.211700 0.190300 0.151100 0.184200 0.135600 0.199700 0.205000 0.272700 0.182700 0.127800 0.150000 0.200100 0.082600 0.184200 0.301000 0.148100 0.310200 0.150900 0.166100 0.131700 0.186000 0.168200 0.169000 0.252100 0.205000 0.131100 0.285100 0.238200 0.166400 0.211500 0.153300 0.230700 0.200300 0.246900 0.184200 0.236700
Okapi 0.179200 0.537000 0.193800 0.298400 0.180200 0.176400 0.141200 0.128800 0.154500 0.256500 0.195600 0.118000 0.160600 0.140700 0.246700 0.211700 0.000000 0.016700 0.162000 0.155300 0.145400 0.175300 0.199000 0.225500 0.195600 0.173200 0.160600 0.171700 0.162700 0.155300 0.254800 0.158500 0.132300 0.179800 0.177700 0.104000 0.199600 0.180200 0.141300 0.157300 0.199000 0.176500 0.238600 0.190500 0.139000 0.206700 0.124700 0.204000 0.214700 0.199400 0.155300 0.208800
Giraffe 0.196300 0.561200 0.210600 0.318500 0.197500 0.193200 0.121200 0.146600 0.171900 0.272800 0.212600 0.134300 0.177700 0.157600 0.263500 0.190300 0.016700 0.000000 0.179200 0.172100 0.162800 0.192200 0.216200 0.241900 0.212600 0.189800 0.177700 0.188200 0.141900 0.171900 0.270900 0.175300 0.113700 0.158700 0.194800 0.120900 0.217000 0.197500 0.158300 0.176100 0.216300 0.193400 0.254800 0.207000 0.155700 0.223100 0.141900 0.221600 0.231700 0.177700 0.170400 0.225500
TibetanAnt 0.049200 0.563300 0.101400 0.376200 0.049300 0.050000 0.049600 0.070000 0.066300 0.199900 0.066100 0.134300 0.033100 0.049500 0.150000 0.151100 0.162000 0.179200 0.000000 0.066300 0.050600 0.082400 0.138200 0.206500 0.065800 0.115700 0.033100 0.082500 0.104200 0.066300 0.198600 0.065500 0.263100 0.067500 0.049400 0.083900 0.066500 0.049300 0.084900 0.220000 0.138200 0.118900 0.182700 0.171800 0.118700 0.147700 0.068500 0.142600 0.117300 0.217100 0.066300 0.116900
Sitatunga 0.082500 0.606700 0.031700 0.407800 0.117800 0.081400 0.117200 0.104500 0.000000 0.228400 0.098300 0.130500 0.065800 0.116800 0.181100 0.184200 0.155300 0.172100 0.066300 0.000000 0.084800 0.114800 0.172200 0.198300 0.098300 0.113700 0.065800 0.015300 0.137100 0.000000 0.226900 0.133600 0.252600 0.100700 0.082000 0.048700 0.100200 0.117800 0.082600 0.255200 0.172200 0.115600 0.211300 0.165000 0.081300 0.145200 0.066600 0.175800 0.150300 0.211200 0.000000 0.047000
Oribi 0.066600 0.544300 0.121100 0.358000 0.068800 0.068300 0.067900 0.053000 0.084800 0.222500 0.084200 0.118600 0.050600 0.066500 0.134500 0.135600 0.145400 0.162800 0.050600 0.084800 0.000000 0.101100 0.122000 0.191000 0.084200 0.100100 0.050800 0.101300 0.087700 0.084800 0.183800 0.083300 0.247700 0.086300 0.067400 0.067800 0.085900 0.066700 0.068600 0.202100 0.118400 0.102800 0.204700 0.156000 0.102700 0.132500 0.051900 0.126000 0.101500 0.200900 0.084800 0.136800
BarbaryShe 0.031800 0.637100 0.150500 0.439300 0.133700 0.032000 0.133100 0.121100 0.114800 0.286200 0.046600 0.183000 0.081800 0.132600 0.162400 0.199700 0.175300 0.192200 0.082400 0.114800 0.101100 0.000000 0.188000 0.255800 0.047400 0.163700 0.081800 0.130600 0.154700 0.114800 0.284300 0.114300 0.273900 0.116700 0.095800 0.132800 0.047500 0.133700 0.134400 0.277100 0.188000 0.168100 0.268400 0.221200 0.167800 0.159200 0.118600 0.175700 0.130700 0.269000 0.114800 0.165400
Daviddeer 0.154700 0.620100 0.211100 0.424200 0.155600 0.155900 0.154800 0.143300 0.172200 0.093800 0.170600 0.206600 0.137000 0.154200 0.222000 0.205000 0.199000 0.216200 0.138200 0.172200 0.122000 0.188000 0.000000 0.097600 0.170600 0.185800 0.135300 0.188500 0.177800 0.172200 0.093200 0.171600 0.300100 0.174900 0.153500 0.153700 0.174100 0.155600 0.156400 0.217300 0.000000 0.191200 0.078000 0.065000 0.191000 0.181800 0.140200 0.219400 0.188700 0.215200 0.172200 0.225800
Reindeer 0.222800 0.712900 0.198800 0.498600 0.224100 0.219500 0.222900 0.214300 0.198300 0.154400 0.238100 0.233600 0.204700 0.222000 0.269000 0.272700 0.225500 0.241900 0.206500 0.198300 0.191000 0.255800 0.097600 0.000000 0.238100 0.215600 0.204700 0.216200 0.245700 0.198300 0.153500 0.239800 0.322300 0.244000 0.220900 0.185100 0.243000 0.224100 0.186000 0.291400 0.097600 0.182700 0.138700 0.030400 0.219600 0.175700 0.170300 0.248100 0.257000 0.242900 0.198300 0.249900
Ibex 0.015900 0.607000 0.133600 0.415300 0.116900 0.016000 0.116300 0.103700 0.098300 0.268700 0.000000 0.166100 0.064500 0.081700 0.145900 0.182700 0.195600 0.212600 0.065800 0.098300 0.084200 0.047400 0.170600 0.238100 0.000000 0.147100 0.065400 0.114200 0.137300 0.098300 0.266900 0.097900 0.295000 0.098900 0.081400 0.116100 0.032200 0.116900 0.117500 0.256500 0.170600 0.151100 0.251000 0.203800 0.150800 0.110400 0.101500 0.157900 0.114100 0.250500 0.098300 0.148700
GyrantGaze 0.131700 0.622300 0.148900 0.431100 0.132400 0.132500 0.131700 0.119700 0.113700 0.245700 0.147100 0.146000 0.114800 0.131300 0.180000 0.127800 0.173200 0.189800 0.115700 0.113700 0.100100 0.163700 0.185800 0.215600 0.147100 0.000000 0.114900 0.129300 0.082400 0.113700 0.244100 0.147700 0.270500 0.150700 0.130800 0.097200 0.149900 0.132400 0.098300 0.272700 0.185800 0.047100 0.228500 0.182200 0.130900 0.158700 0.082600 0.154500 0.164100 0.226600 0.113700 0.129100
Hartebeest 0.049000 0.556100 0.100600 0.372000 0.083900 0.049700 0.083500 0.068600 0.065800 0.235600 0.064700 0.098600 0.000000 0.082600 0.148800 0.150000 0.160600 0.177700 0.033100 0.065800 0.050800 0.081800 0.135300 0.204700 0.065400 0.114900 0.000000 0.081900 0.103400 0.065800 0.234000 0.099800 0.222400 0.033000 0.016200 0.083300 0.066600 0.083900 0.084300 0.217800 0.137000 0.118000 0.218000 0.170400 0.117800 0.112200 0.068000 0.141400 0.116400 0.215300 0.065800 0.116100
Bongo 0.098500 0.628800 0.047300 0.427100 0.134000 0.097200 0.133300 0.121200 0.015400 0.243600 0.114200 0.146100 0.081900 0.132900 0.196800 0.200100 0.171700 0.188200 0.082500 0.015300 0.101300 0.130600 0.188500 0.216200 0.114200 0.129300 0.081900 0.000000 0.153500 0.015300 0.242100 0.149500 0.268200 0.116900 0.097900 0.064700 0.116300 0.134000 0.098600 0.273300 0.188500 0.131500 0.226600 0.180600 0.097100 0.160600 0.082800 0.192400 0.166200 0.227700 0.015400 0.061100
Gerenuk 0.121000 0.567700 0.174900 0.378600 0.121700 0.120700 0.085300 0.071000 0.137100 0.276800 0.137300 0.171200 0.103400 0.120700 0.170100 0.082600 0.162700 0.141900 0.104200 0.137100 0.087700 0.154700 0.177800 0.245700 0.137300 0.082400 0.103400 0.153500 0.000000 0.137100 0.275200 0.137900 0.225400 0.104100 0.120200 0.120800 0.140000 0.121700 0.120000 0.221100 0.177800 0.083900 0.258800 0.210300 0.155500 0.185800 0.103800 0.181800 0.155200 0.215500 0.137100 0.190200
CommonElan 0.082500 0.606700 0.031700 0.407800 0.117800 0.081400 0.117200 0.104500 0.000000 0.228400 0.098300 0.130500 0.065800 0.116800 0.181100 0.184200 0.155300 0.171900 0.066300 0.000000 0.084800 0.114800 0.172200 0.198300 0.098300 0.113700 0.065800 0.015300 0.137100 0.000000 0.226900 0.133600 0.252600 0.100700 0.082000 0.048700 0.100200 0.117800 0.082600 0.255200 0.172200 0.115600 0.211300 0.165000 0.081300 0.145200 0.066600 0.175800 0.150300 0.211200 0.000000 0.046000
MuntiacusR 0.251900 0.748400 0.264600 0.530600 0.215500 0.248200 0.214400 0.244500 0.226900 0.027700 0.266900 0.261800 0.234000 0.213700 0.315200 0.301000 0.254800 0.270900 0.198600 0.226900 0.183800 0.284300 0.093200 0.153500 0.266900 0.244100 0.234000 0.242100 0.275200 0.226900 0.000000 0.230500 0.349600 0.273500 0.250000 0.214400 0.272200 0.215500 0.215200 0.322500 0.093200 0.248600 0.013900 0.122500 0.248300 0.239100 0.200100 0.318400 0.285500 0.272200 0.226900 0.278100
HarveysDui 0.080900 0.612200 0.170400 0.418300 0.080700 0.082600 0.048600 0.104300 0.133600 0.232100 0.097900 0.131600 0.099800 0.048200 0.146700 0.148100 0.158500 0.175300 0.065500 0.133600 0.083300 0.114300 0.171600 0.239800 0.097900 0.147700 0.099800 0.149500 0.137900 0.133600 0.230500 0.000000 0.296800 0.135800 0.116000 0.082200 0.099300 0.082500 0.118100 0.214800 0.171600 0.151800 0.214800 0.205100 0.116300 0.144500 0.102000 0.177100 0.149900 0.251700 0.133600 0.185200
Pronghorn 0.279600 0.674500 0.292400 0.415100 0.281300 0.275300 0.240800 0.232700 0.252600 0.351900 0.295000 0.213600 0.222400 0.278600 0.345200 0.310200 0.132300 0.113700 0.263100 0.252600 0.247700 0.273900 0.300100 0.322300 0.295000 0.270500 0.222400 0.268200 0.225400 0.252600 0.349600 0.296800 0.000000 0.203700 0.238800 0.240000 0.301000 0.281300 0.203100 0.311400 0.300100 0.275600 0.333800 0.287700 0.275300 0.265100 0.187600 0.307300 0.275000 0.260900 0.252600 0.306100
BlueWildeb 0.083900 0.589100 0.136900 0.398200 0.119800 0.084400 0.084000 0.106300 0.100700 0.275400 0.100000 0.134100 0.032900 0.118800 0.185700 0.150900 0.179800 0.158700 0.067500 0.100700 0.086300 0.116700 0.174900 0.244000 0.098900 0.150700 0.033000 0.116900 0.104100 0.100700 0.273500 0.135800 0.203700 0.000000 0.049300 0.119000 0.101900 0.119800 0.120400 0.239600 0.174900 0.154800 0.257200 0.208900 0.154600 0.147500 0.104100 0.160200 0.152700 0.216900 0.100700 0.152300
Gemsbok 0.065600 0.579700 0.116900 0.392500 0.065800 0.065900 0.099700 0.086400 0.082000 0.251700 0.080200 0.114600 0.016200 0.099400 0.129700 0.166100 0.177700 0.194800 0.049400 0.082000 0.067400 0.095800 0.153500 0.220900 0.081400 0.130800 0.016200 0.097900 0.120200 0.082000 0.250000 0.116000 0.238800 0.049300 0.000000 0.099500 0.082900 0.065300 0.100700 0.236500 0.153500 0.134300 0.234000 0.186700 0.134100 0.128100 0.084600 0.158400 0.095400 0.232500 0.082000 0.097600
Yak 0.100200 0.585200 0.082700 0.395600 0.101100 0.100800 0.065900 0.085300 0.048700 0.215800 0.116100 0.081100 0.082000 0.065700 0.165600 0.131700 0.104000 0.120900 0.083900 0.048700 0.067800 0.132800 0.153700 0.185100 0.116100 0.097200 0.083300 0.064700 0.120800 0.048700 0.214400 0.082200 0.240000 0.119000 0.099500 0.000000 0.118300 0.100800 0.066500 0.195100 0.154400 0.099800 0.198600 0.151300 0.032300 0.128700 0.050300 0.159300 0.133200 0.194500 0.048700 0.098200
BlueSheep 0.016200 0.624700 0.136200 0.425900 0.119200 0.016300 0.118600 0.102800 0.100200 0.274000 0.032000 0.133500 0.066600 0.118200 0.148700 0.186000 0.199600 0.217000 0.066500 0.100200 0.085900 0.047500 0.174100 0.243000 0.032200 0.149900 0.066600 0.116300 0.140000 0.100200 0.272200 0.099300 0.301000 0.101900 0.082900 0.118300 0.000000 0.119200 0.119800 0.262500 0.174100 0.154000 0.255900 0.207900 0.153800 0.147700 0.103500 0.161100 0.152000 0.255800 0.100200 0.151500
BohorReedb 0.100900 0.592700 0.154500 0.400000 0.000000 0.101600 0.066200 0.085300 0.117800 0.217000 0.116900 0.151300 0.083900 0.065200 0.131300 0.168200 0.180200 0.197500 0.049300 0.117800 0.066700 0.133700 0.155600 0.224100 0.116900 0.132400 0.083900 0.134000 0.121700 0.117800 0.215500 0.082500 0.281300 0.119800 0.065300 0.100800 0.119200 0.000000 0.102000 0.240500 0.155600 0.136000 0.199600 0.189300 0.135800 0.164300 0.085700 0.160600 0.099100 0.235700 0.117800 0.133500
KirksDik 0.101400 0.591500 0.117900 0.397500 0.102000 0.101100 0.101500 0.088100 0.082600 0.216300 0.117500 0.115500 0.084300 0.101100 0.166200 0.169000 0.141300 0.158300 0.084900 0.082600 0.068600 0.134400 0.156400 0.186000 0.117500 0.098300 0.084300 0.098600 0.120000 0.082600 0.215200 0.118100 0.203100 0.120400 0.100700 0.066500 0.119800 0.102000 0.000000 0.239400 0.156400 0.100100 0.199400 0.151900 0.100000 0.130200 0.016400 0.159900 0.134900 0.192700 0.082600 0.133100
RoeDeer 0.238800 0.395300 0.277000 0.252400 0.240500 0.237100 0.195600 0.184600 0.255200 0.325000 0.256500 0.250500 0.217800 0.194800 0.313000 0.252100 0.157300 0.176100 0.220000 0.255200 0.202100 0.277100 0.217300 0.291400 0.256500 0.272700 0.217800 0.273300 0.221100 0.255200 0.322500 0.214800 0.311400 0.239600 0.236500 0.195100 0.262500 0.240500 0.239400 0.000000 0.217300 0.278800 0.304700 0.252000 0.234800 0.266500 0.221300 0.223500 0.278400 0.309000 0.255200 0.272800
WhiteLippe 0.154700 0.620100 0.211100 0.424200 0.155600 0.155900 0.154800 0.143300 0.172200 0.093800 0.170600 0.206600 0.137000 0.154200 0.222000 0.205000 0.199000 0.216300 0.138200 0.172200 0.118400 0.188000 0.000000 0.097600 0.170600 0.185800 0.137000 0.188500 0.177800 0.172200 0.093200 0.171600 0.300100 0.174900 0.153500 0.154400 0.174100 0.155600 0.156400 0.217300 0.000000 0.191200 0.078000 0.065000 0.191000 0.181800 0.140200 0.219400 0.188700 0.215200 0.172200 0.225800
ThomsonGaz 0.135300 0.638800 0.151600 0.441400 0.136000 0.134900 0.135300 0.123200 0.115600 0.250100 0.151100 0.148500 0.118000 0.134800 0.183200 0.131100 0.176500 0.193400 0.118900 0.115600 0.102800 0.168100 0.191200 0.182700 0.151100 0.047100 0.118000 0.131500 0.083900 0.115600 0.248600 0.151800 0.275600 0.154800 0.134300 0.099800 0.154000 0.136000 0.100100 0.278800 0.191200 0.000000 0.232700 0.149300 0.133300 0.162900 0.084100 0.195400 0.168700 0.230900 0.115600 0.166500
MuntiacusC 0.235900 0.724500 0.248800 0.510600 0.199600 0.232400 0.198600 0.227800 0.211300 0.014000 0.251000 0.246200 0.218000 0.197900 0.299400 0.285100 0.238600 0.254800 0.182700 0.211300 0.204700 0.268400 0.078000 0.138700 0.251000 0.228500 0.218000 0.226600 0.258800 0.211300 0.013900 0.214800 0.333800 0.257200 0.234000 0.198600 0.255900 0.199600 0.199400 0.304700 0.078000 0.232700 0.000000 0.104800 0.232500 0.223800 0.184100 0.301700 0.269500 0.256000 0.211300 0.262400
WhiteTaile 0.188200 0.660300 0.165500 0.454100 0.189300 0.185400 0.188300 0.178300 0.165000 0.123300 0.203800 0.199800 0.170400 0.187600 0.234800 0.238200 0.190500 0.207000 0.171800 0.165000 0.156000 0.221200 0.065000 0.030400 0.203800 0.182200 0.170400 0.180600 0.210300 0.165000 0.122500 0.205100 0.287700 0.208900 0.186700 0.151300 0.207900 0.189300 0.151900 0.252000 0.065000 0.149300 0.104800 0.000000 0.185500 0.143500 0.136100 0.212200 0.222300 0.207900 0.165000 0.215000
Cattle 0.135100 0.639900 0.116100 0.441600 0.135800 0.134700 0.099900 0.123000 0.081300 0.249900 0.150800 0.113800 0.117800 0.099600 0.199300 0.166400 0.139000 0.155700 0.118700 0.081300 0.102700 0.167800 0.191000 0.219600 0.150800 0.130900 0.117800 0.097100 0.155500 0.081300 0.248300 0.116300 0.275300 0.154600 0.134100 0.032300 0.153800 0.135800 0.100000 0.234800 0.191000 0.133300 0.232500 0.185500 0.000000 0.162600 0.084000 0.195200 0.168500 0.192000 0.081300 0.131100
RoyalAntel 0.125800 0.673100 0.145400 0.473600 0.164300 0.129500 0.163500 0.152800 0.145200 0.240600 0.110300 0.143000 0.112500 0.128600 0.175200 0.211500 0.206700 0.223100 0.147700 0.145200 0.132500 0.159200 0.181800 0.175700 0.110400 0.158700 0.112200 0.160600 0.185800 0.145200 0.239100 0.144500 0.265100 0.147500 0.128100 0.128700 0.147700 0.164300 0.130200 0.266500 0.181800 0.162900 0.223800 0.143500 0.162600 0.000000 0.114800 0.187400 0.160800 0.221500 0.145200 0.195300
Steenbok 0.085200 0.568300 0.101800 0.378800 0.085700 0.085000 0.085300 0.071100 0.066600 0.201100 0.101500 0.099800 0.068000 0.085000 0.150700 0.153300 0.124700 0.141900 0.068500 0.066600 0.051900 0.118600 0.140200 0.170300 0.101500 0.082600 0.068000 0.082800 0.103800 0.066600 0.200100 0.102000 0.187600 0.104100 0.084600 0.050300 0.103500 0.085700 0.016400 0.221300 0.140200 0.084100 0.184100 0.136100 0.084000 0.114800 0.000000 0.143300 0.119000 0.176700 0.066600 0.117400
Impala 0.141400 0.573600 0.176300 0.382400 0.160600 0.141000 0.159700 0.148100 0.175800 0.320700 0.157900 0.210800 0.141400 0.159100 0.170900 0.230700 0.204000 0.221600 0.142600 0.175800 0.126000 0.175700 0.219400 0.248100 0.157900 0.154500 0.141400 0.192400 0.181800 0.175800 0.318400 0.177100 0.307300 0.160200 0.158400 0.159300 0.161100 0.160600 0.159900 0.223500 0.219400 0.195400 0.301700 0.212200 0.195200 0.187400 0.143300 0.000000 0.194800 0.304500 0.175800 0.192100
Klipspring 0.133500 0.640700 0.187500 0.441500 0.097100 0.134300 0.133500 0.121500 0.150300 0.287400 0.114300 0.183600 0.116400 0.096600 0.128200 0.200300 0.214700 0.231700 0.117300 0.150300 0.101500 0.130700 0.188700 0.257000 0.114100 0.164100 0.116400 0.166200 0.155200 0.150300 0.285500 0.149900 0.275000 0.152700 0.095400 0.133200 0.152000 0.099100 0.134900 0.278400 0.188700 0.168700 0.269500 0.222300 0.168500 0.160800 0.119000 0.194800 0.000000 0.270000 0.150300 0.165600
ForestMusk 0.234300 0.699900 0.251700 0.425800 0.235700 0.233900 0.195100 0.225400 0.211200 0.259500 0.250600 0.207100 0.215300 0.233500 0.301800 0.246900 0.199400 0.177700 0.217100 0.211200 0.200900 0.269000 0.215200 0.242900 0.250500 0.226600 0.215300 0.227700 0.215500 0.211200 0.272200 0.251700 0.260900 0.216900 0.232500 0.194500 0.255800 0.235700 0.192700 0.309000 0.215200 0.230900 0.256000 0.207900 0.192000 0.221500 0.176700 0.304500 0.270000 0.000000 0.211200 0.266600
Bushbuck 0.082500 0.606700 0.031700 0.407800 0.117800 0.081400 0.117200 0.104500 0.000000 0.228400 0.098300 0.130500 0.065800 0.116800 0.181100 0.184200 0.155300 0.170400 0.066300 0.000000 0.084800 0.114800 0.172200 0.198300 0.098300 0.113700 0.065800 0.015400 0.137100 0.000000 0.226900 0.133600 0.252600 0.100700 0.082000 0.048700 0.100200 0.117800 0.082600 0.255200 0.172200 0.115600 0.211300 0.165000 0.081300 0.145200 0.066600 0.175800 0.150300 0.211200 0.000000 0.047000
GreaterKud 0.133100 0.627400 0.078300 0.426100 0.133500 0.131200 0.168800 0.158000 0.047000 0.279900 0.148700 0.180800 0.116100 0.168300 0.196100 0.236700 0.208800 0.225500 0.116900 0.047000 0.136800 0.165400 0.225800 0.249900 0.148700 0.129100 0.116100 0.061100 0.190200 0.046000 0.278100 0.185200 0.306100 0.152300 0.097600 0.098200 0.151500 0.133500 0.133100 0.272800 0.225800 0.166500 0.262400 0.215000 0.131100 0.195300 0.117400 0.192100 0.165600 0.266600 0.047000 0.000000
