CODONML (in paml version 4.10.7, June 2023)  /home/rachel/ruminants_paml/6406-phy-tree/ENSBTAT00000025006.fasta.phy
Model: free dN/dS Ratios for branches,  kappa = 2.000 fixed

Codon frequency model: F3x4
ns =  54  ls =  50

Codon usage in sequences
--------------------------------------------------------------------------------------------------------------------------------------
Phe TTT   2   2   2   2   2   2 | Ser TCT   3   2   3   3   2   2 | Tyr TAT   0   0   0   0   0   0 | Cys TGT   0   0   0   0   0   0
    TTC   0   0   0   0   0   0 |     TCC   1   2   1   1   2   2 |     TAC   1   1   1   1   1   1 |     TGC   1   1   1   1   1   1
Leu TTA   0   0   0   0   0   0 |     TCA   0   0   0   0   0   0 | *** TAA   0   0   0   0   0   0 | *** TGA   0   0   0   0   0   0
    TTG   1   1   1   1   1   1 |     TCG   0   0   0   0   0   0 |     TAG   0   0   0   0   0   0 | Trp TGG   0   0   0   0   0   0
--------------------------------------------------------------------------------------------------------------------------------------
Leu CTT   2   2   2   2   2   2 | Pro CCT   1   0   0   1   1   0 | His CAT   0   0   0   0   0   0 | Arg CGT   1   1   1   1   1   1
    CTC   2   2   2   2   1   2 |     CCC   0   1   1   0   0   1 |     CAC   0   0   0   0   0   0 |     CGC   0   0   0   0   0   0
    CTA   1   1   1   1   1   1 |     CCA   0   0   0   0   0   0 | Gln CAA   1   1   1   1   1   1 |     CGA   0   0   0   0   0   0
    CTG   1   1   1   1   2   1 |     CCG   0   0   0   0   0   0 |     CAG   2   2   2   2   2   2 |     CGG   0   0   0   0   0   0
--------------------------------------------------------------------------------------------------------------------------------------
Ile ATT   2   2   2   2   1   1 | Thr ACT   1   0   1   1   0   0 | Asn AAT   1   1   1   1   1   1 | Ser AGT   1   0   1   1   1   0
    ATC   1   1   1   1   1   2 |     ACC   1   2   1   1   2   2 |     AAC   1   1   1   1   1   1 |     AGC   0   1   0   0   0   1
    ATA   0   0   0   0   1   0 |     ACA   2   0   2   2   2   0 | Lys AAA   1   1   1   1   1   1 | Arg AGA   1   1   1   1   1   1
Met ATG   0   0   0   0   0   0 |     ACG   0   2   0   0   0   2 |     AAG   0   0   0   0   0   0 |     AGG   0   0   0   0   0   0
--------------------------------------------------------------------------------------------------------------------------------------
Val GTT   0   0   0   0   0   0 | Ala GCT   1   1   1   1   1   1 | Asp GAT   1   1   1   1   1   0 | Gly GGT   0   0   0   0   0   0
    GTC   0   0   0   0   0   0 |     GCC   1   1   1   1   1   1 |     GAC   1   1   1   1   1   2 |     GGC   0   0   0   0   0   1
    GTA   0   0   1   0   1   0 |     GCA   1   1   1   1   1   1 | Glu GAA   3   4   3   3   3   3 |     GGA   3   3   3   3   3   1
    GTG   3   3   2   3   2   3 |     GCG   0   0   0   0   0   0 |     GAG   3   2   3   3   3   3 |     GGG   1   1   1   1   1   2
--------------------------------------------------------------------------------------------------------------------------------------

--------------------------------------------------------------------------------------------------------------------------------------
Phe TTT   2   2   2   2   2   2 | Ser TCT   3   3   3   3   2   2 | Tyr TAT   0   0   0   0   0   0 | Cys TGT   0   0   0   0   0   0
    TTC   0   0   0   0   0   0 |     TCC   1   1   1   1   2   2 |     TAC   1   1   1   1   1   1 |     TGC   1   1   1   1   1   1
Leu TTA   0   0   0   0   0   0 |     TCA   0   0   0   0   0   0 | *** TAA   0   0   0   0   0   0 | *** TGA   0   0   0   0   0   0
    TTG   1   1   1   1   1   1 |     TCG   0   0   0   0   0   0 |     TAG   0   0   0   0   0   0 | Trp TGG   0   0   0   0   0   0
--------------------------------------------------------------------------------------------------------------------------------------
Leu CTT   2   2   2   2   2   2 | Pro CCT   0   1   1   1   0   0 | His CAT   0   0   0   0   0   0 | Arg CGT   1   1   1   1   1   1
    CTC   2   2   2   2   2   2 |     CCC   1   0   0   0   1   1 |     CAC   0   0   0   0   0   0 |     CGC   0   0   0   0   0   0
    CTA   1   1   1   1   1   1 |     CCA   0   0   0   0   0   0 | Gln CAA   0   1   1   1   1   1 |     CGA   0   0   0   0   0   0
    CTG   1   1   1   1   1   1 |     CCG   0   0   0   0   0   0 |     CAG   3   2   2   2   2   2 |     CGG   0   0   0   0   0   0
--------------------------------------------------------------------------------------------------------------------------------------
Ile ATT   2   2   2   2   2   2 | Thr ACT   1   1   1   1   1   1 | Asn AAT   1   1   1   1   1   1 | Ser AGT   1   1   1   1   1   1
    ATC   1   1   1   1   1   1 |     ACC   1   1   1   1   1   0 |     AAC   1   1   1   1   1   1 |     AGC   0   0   0   0   0   0
    ATA   0   0   0   0   0   0 |     ACA   2   2   2   2   2   2 | Lys AAA   1   1   1   1   1   1 | Arg AGA   1   1   1   0   1   1
Met ATG   0   0   0   0   0   0 |     ACG   0   0   0   0   0   1 |     AAG   0   0   0   0   0   0 |     AGG   0   0   0   1   0   0
--------------------------------------------------------------------------------------------------------------------------------------
Val GTT   0   0   0   0   0   0 | Ala GCT   1   1   1   1   1   1 | Asp GAT   1   1   1   1   2   1 | Gly GGT   0   0   0   0   0   0
    GTC   0   0   0   0   0   0 |     GCC   1   1   1   1   1   1 |     GAC   1   1   1   1   0   1 |     GGC   0   0   0   0   0   0
    GTA   0   0   0   0   1   0 |     GCA   1   1   1   1   1   1 | Glu GAA   3   3   3   3   3   3 |     GGA   3   3   3   3   3   3
    GTG   3   3   3   3   2   3 |     GCG   0   0   0   0   0   0 |     GAG   3   3   3   3   3   3 |     GGG   1   1   1   1   1   1
--------------------------------------------------------------------------------------------------------------------------------------

--------------------------------------------------------------------------------------------------------------------------------------
Phe TTT   2   2   2   2   2   2 | Ser TCT   3   3   3   3   3   3 | Tyr TAT   0   0   0   0   0   0 | Cys TGT   0   0   0   0   0   0
    TTC   0   0   0   0   0   0 |     TCC   1   1   1   1   1   1 |     TAC   1   1   1   1   1   1 |     TGC   1   1   1   1   1   1
Leu TTA   0   0   0   0   0   0 |     TCA   0   0   0   0   0   0 | *** TAA   0   0   0   0   0   0 | *** TGA   0   0   0   0   0   0
    TTG   1   1   1   1   1   1 |     TCG   0   0   0   0   0   0 |     TAG   0   0   0   0   0   0 | Trp TGG   0   0   0   0   0   0
--------------------------------------------------------------------------------------------------------------------------------------
Leu CTT   2   2   2   2   2   2 | Pro CCT   1   0   1   1   0   1 | His CAT   0   0   0   0   0   0 | Arg CGT   1   1   1   1   1   1
    CTC   2   2   2   2   2   2 |     CCC   0   1   0   0   1   0 |     CAC   0   0   0   0   0   0 |     CGC   0   0   0   0   0   0
    CTA   1   1   1   1   1   1 |     CCA   0   0   0   0   0   0 | Gln CAA   1   1   1   1   1   1 |     CGA   0   0   0   0   0   0
    CTG   1   1   1   1   1   1 |     CCG   0   0   0   0   0   0 |     CAG   2   2   2   2   2   2 |     CGG   0   0   0   0   0   0
--------------------------------------------------------------------------------------------------------------------------------------
Ile ATT   2   2   1   2   2   2 | Thr ACT   1   1   1   1   1   1 | Asn AAT   1   1   1   1   1   1 | Ser AGT   1   1   1   1   1   1
    ATC   1   1   2   1   1   1 |     ACC   1   2   1   1   1   1 |     AAC   1   1   1   1   1   1 |     AGC   0   0   0   0   0   0
    ATA   0   0   0   0   0   0 |     ACA   2   1   2   2   2   1 | Lys AAA   1   1   1   1   1   1 | Arg AGA   1   1   1   1   0   0
Met ATG   0   0   0   0   0   0 |     ACG   0   0   0   0   0   1 |     AAG   0   0   0   0   0   0 |     AGG   0   0   0   0   1   1
--------------------------------------------------------------------------------------------------------------------------------------
Val GTT   0   0   0   0   0   0 | Ala GCT   1   1   1   1   1   1 | Asp GAT   1   1   1   2   1   1 | Gly GGT   0   0   0   0   0   0
    GTC   0   0   0   0   0   0 |     GCC   1   1   1   1   1   1 |     GAC   1   1   1   0   1   1 |     GGC   0   0   0   0   0   0
    GTA   0   0   0   0   1   0 |     GCA   1   1   1   1   1   1 | Glu GAA   3   3   3   3   3   3 |     GGA   3   3   3   3   3   3
    GTG   3   3   3   3   2   3 |     GCG   0   0   0   0   0   0 |     GAG   3   3   3   3   3   3 |     GGG   1   1   1   1   1   1
--------------------------------------------------------------------------------------------------------------------------------------

--------------------------------------------------------------------------------------------------------------------------------------
Phe TTT   2   2   2   2   2   2 | Ser TCT   2   2   3   3   3   3 | Tyr TAT   0   0   0   0   0   0 | Cys TGT   1   0   0   0   0   0
    TTC   0   0   0   0   0   0 |     TCC   2   2   1   1   1   1 |     TAC   1   1   1   1   1   1 |     TGC   0   1   1   1   1   1
Leu TTA   0   0   0   0   0   0 |     TCA   0   0   0   0   0   0 | *** TAA   0   0   0   0   0   0 | *** TGA   0   0   0   0   0   0
    TTG   1   1   1   1   1   1 |     TCG   0   0   0   0   0   0 |     TAG   0   0   0   0   0   0 | Trp TGG   0   0   0   0   0   0
--------------------------------------------------------------------------------------------------------------------------------------
Leu CTT   2   2   2   2   2   2 | Pro CCT   0   0   1   0   1   1 | His CAT   0   0   0   0   0   0 | Arg CGT   1   1   1   1   1   1
    CTC   2   2   2   2   2   2 |     CCC   1   1   0   1   0   0 |     CAC   0   0   0   0   0   0 |     CGC   0   0   0   0   0   0
    CTA   1   1   1   1   1   1 |     CCA   0   0   0   0   0   0 | Gln CAA   1   0   1   1   1   1 |     CGA   0   0   0   0   0   0
    CTG   1   1   1   1   1   1 |     CCG   0   0   0   0   0   0 |     CAG   2   3   2   2   2   2 |     CGG   0   0   0   0   0   0
--------------------------------------------------------------------------------------------------------------------------------------
Ile ATT   2   2   2   2   2   2 | Thr ACT   0   0   1   1   1   1 | Asn AAT   1   1   1   1   1   1 | Ser AGT   1   1   1   1   1   1
    ATC   1   1   1   1   1   1 |     ACC   2   2   1   1   1   1 |     AAC   1   1   1   1   1   1 |     AGC   0   0   0   0   0   0
    ATA   0   0   0   0   0   0 |     ACA   2   2   2   2   2   2 | Lys AAA   1   1   1   1   1   1 | Arg AGA   1   1   1   1   0   1
Met ATG   0   0   0   0   0   0 |     ACG   0   0   0   0   0   0 |     AAG   0   0   0   0   0   0 |     AGG   0   0   0   0   1   0
--------------------------------------------------------------------------------------------------------------------------------------
Val GTT   0   0   0   0   0   0 | Ala GCT   1   1   1   1   1   1 | Asp GAT   2   2   1   2   1   1 | Gly GGT   0   0   0   0   0   0
    GTC   0   0   0   0   0   0 |     GCC   1   0   1   1   1   1 |     GAC   0   0   1   0   1   1 |     GGC   0   0   0   0   0   0
    GTA   0   0   0   1   0   0 |     GCA   1   1   1   1   1   1 | Glu GAA   3   3   3   3   4   3 |     GGA   3   3   3   3   3   3
    GTG   3   3   3   2   3   3 |     GCG   0   1   0   0   0   0 |     GAG   3   3   3   3   2   3 |     GGG   1   1   1   1   1   1
--------------------------------------------------------------------------------------------------------------------------------------

--------------------------------------------------------------------------------------------------------------------------------------
Phe TTT   2   2   2   2   2   2 | Ser TCT   2   2   3   3   3   3 | Tyr TAT   0   0   0   0   0   0 | Cys TGT   0   0   0   0   0   0
    TTC   0   0   0   0   0   0 |     TCC   2   2   1   1   1   1 |     TAC   1   1   1   1   1   1 |     TGC   1   1   1   1   1   1
Leu TTA   1   0   0   0   0   0 |     TCA   0   0   0   0   0   0 | *** TAA   0   0   0   0   0   0 | *** TGA   0   0   0   0   0   0
    TTG   0   1   1   1   1   1 |     TCG   0   0   0   0   0   0 |     TAG   0   0   0   0   0   0 | Trp TGG   0   0   0   0   0   0
--------------------------------------------------------------------------------------------------------------------------------------
Leu CTT   2   2   2   2   2   2 | Pro CCT   0   1   1   1   1   0 | His CAT   0   0   0   0   0   0 | Arg CGT   1   1   1   1   1   1
    CTC   2   2   2   2   2   2 |     CCC   1   0   0   0   0   1 |     CAC   0   0   0   0   0   0 |     CGC   0   0   0   0   0   0
    CTA   1   1   1   1   1   1 |     CCA   0   0   0   0   0   0 | Gln CAA   1   1   1   1   1   1 |     CGA   0   0   0   0   0   0
    CTG   1   1   1   1   1   1 |     CCG   0   0   0   0   0   0 |     CAG   2   2   2   2   2   2 |     CGG   0   0   0   0   0   0
--------------------------------------------------------------------------------------------------------------------------------------
Ile ATT   2   2   2   2   2   2 | Thr ACT   1   1   1   1   1   1 | Asn AAT   1   1   1   1   1   1 | Ser AGT   1   1   1   1   1   1
    ATC   1   1   1   1   1   1 |     ACC   0   0   1   1   1   1 |     AAC   1   1   1   1   1   1 |     AGC   0   0   0   0   0   0
    ATA   0   0   0   0   0   0 |     ACA   3   2   2   2   2   2 | Lys AAA   1   1   1   1   1   1 | Arg AGA   1   1   1   0   1   1
Met ATG   0   0   0   0   0   0 |     ACG   0   1   0   0   0   0 |     AAG   0   0   0   0   0   0 |     AGG   0   0   0   1   0   0
--------------------------------------------------------------------------------------------------------------------------------------
Val GTT   0   0   0   0   0   0 | Ala GCT   1   1   1   1   1   1 | Asp GAT   1   2   1   1   1   2 | Gly GGT   0   0   0   0   0   0
    GTC   0   0   0   0   0   0 |     GCC   1   1   1   1   1   1 |     GAC   1   0   1   1   1   0 |     GGC   0   0   0   0   0   0
    GTA   0   0   0   0   0   1 |     GCA   1   1   1   1   1   1 | Glu GAA   3   3   3   3   3   3 |     GGA   3   3   3   3   3   3
    GTG   3   3   3   3   3   2 |     GCG   0   0   0   0   0   0 |     GAG   3   3   3   3   3   3 |     GGG   1   1   1   1   1   1
--------------------------------------------------------------------------------------------------------------------------------------

--------------------------------------------------------------------------------------------------------------------------------------
Phe TTT   2   2   2   2   2   2 | Ser TCT   3   3   2   3   2   3 | Tyr TAT   0   0   0   0   0   0 | Cys TGT   0   0   0   0   0   0
    TTC   0   0   0   0   0   0 |     TCC   1   1   2   1   2   1 |     TAC   1   1   1   1   1   1 |     TGC   1   1   1   1   1   1
Leu TTA   0   0   0   0   0   0 |     TCA   0   0   0   0   0   0 | *** TAA   0   0   0   0   0   0 | *** TGA   0   0   0   0   0   0
    TTG   1   1   1   1   1   1 |     TCG   0   0   0   0   0   0 |     TAG   0   0   0   0   0   0 | Trp TGG   0   0   0   0   0   0
--------------------------------------------------------------------------------------------------------------------------------------
Leu CTT   1   2   2   2   2   2 | Pro CCT   1   0   0   1   1   1 | His CAT   0   0   0   0   0   0 | Arg CGT   1   1   1   1   1   1
    CTC   3   2   2   2   2   2 |     CCC   0   1   1   0   0   0 |     CAC   0   0   0   0   0   0 |     CGC   0   0   0   0   0   0
    CTA   1   1   0   1   1   1 |     CCA   0   0   0   0   0   0 | Gln CAA   1   1   1   1   1   1 |     CGA   0   0   0   0   0   0
    CTG   1   1   2   1   1   1 |     CCG   0   0   0   0   0   0 |     CAG   2   2   2   2   2   2 |     CGG   0   0   0   0   0   0
--------------------------------------------------------------------------------------------------------------------------------------
Ile ATT   2   2   2   2   2   2 | Thr ACT   1   1   1   1   0   1 | Asn AAT   1   1   1   1   0   1 | Ser AGT   1   1   1   1   1   1
    ATC   1   1   1   1   1   1 |     ACC   1   1   0   1   2   1 |     AAC   1   1   1   1   2   1 |     AGC   0   0   0   0   0   0
    ATA   0   0   0   0   0   0 |     ACA   2   2   2   2   2   2 | Lys AAA   1   1   1   1   1   1 | Arg AGA   0   1   1   1   1   1
Met ATG   0   0   0   0   0   0 |     ACG   0   0   1   0   0   0 |     AAG   0   0   0   0   0   0 |     AGG   1   0   0   0   0   0
--------------------------------------------------------------------------------------------------------------------------------------
Val GTT   0   0   0   0   0   0 | Ala GCT   2   1   1   1   1   1 | Asp GAT   1   2   1   1   2   1 | Gly GGT   0   0   0   0   0   0
    GTC   0   0   0   0   0   0 |     GCC   1   1   1   1   1   1 |     GAC   1   0   1   1   0   1 |     GGC   0   0   0   0   0   0
    GTA   0   1   0   0   0   0 |     GCA   0   1   1   1   1   1 | Glu GAA   3   3   2   3   3   3 |     GGA   3   3   3   3   3   3
    GTG   3   2   3   3   3   3 |     GCG   0   0   0   0   0   0 |     GAG   3   3   4   3   3   3 |     GGG   1   1   1   1   1   1
--------------------------------------------------------------------------------------------------------------------------------------

--------------------------------------------------------------------------------------------------------------------------------------
Phe TTT   2   2   2   2   2   2 | Ser TCT   3   3   3   3   3   2 | Tyr TAT   0   0   0   0   0   0 | Cys TGT   0   0   0   0   0   0
    TTC   0   0   0   0   0   0 |     TCC   1   1   1   1   1   2 |     TAC   1   1   1   1   1   1 |     TGC   1   1   1   1   1   1
Leu TTA   0   0   0   0   0   0 |     TCA   0   0   0   0   0   0 | *** TAA   0   0   0   0   0   0 | *** TGA   0   0   0   0   0   0
    TTG   1   1   1   1   1   1 |     TCG   0   0   0   0   0   0 |     TAG   0   0   0   0   0   0 | Trp TGG   0   0   0   0   0   0
--------------------------------------------------------------------------------------------------------------------------------------
Leu CTT   2   2   2   2   2   2 | Pro CCT   1   0   1   0   1   0 | His CAT   0   0   0   0   0   0 | Arg CGT   1   1   1   1   1   1
    CTC   2   2   2   2   2   2 |     CCC   0   1   0   1   0   1 |     CAC   0   0   0   0   0   0 |     CGC   0   0   0   0   0   0
    CTA   2   1   1   1   1   1 |     CCA   0   0   0   0   0   0 | Gln CAA   1   1   1   0   1   1 |     CGA   0   0   0   0   0   0
    CTG   0   1   1   1   1   1 |     CCG   0   0   0   0   0   0 |     CAG   2   2   2   3   2   2 |     CGG   0   0   0   0   0   0
--------------------------------------------------------------------------------------------------------------------------------------
Ile ATT   2   2   2   2   2   2 | Thr ACT   1   1   1   1   1   1 | Asn AAT   1   1   1   1   1   1 | Ser AGT   1   1   1   1   1   1
    ATC   1   1   1   1   1   1 |     ACC   1   2   1   1   1   0 |     AAC   1   1   1   1   1   1 |     AGC   0   0   0   0   0   0
    ATA   0   0   0   0   0   0 |     ACA   2   1   2   2   2   2 | Lys AAA   1   1   1   1   1   1 | Arg AGA   1   1   1   1   0   1
Met ATG   0   0   0   0   0   0 |     ACG   0   0   0   0   0   1 |     AAG   0   0   0   0   0   0 |     AGG   0   0   0   0   1   0
--------------------------------------------------------------------------------------------------------------------------------------
Val GTT   0   0   0   0   0   0 | Ala GCT   1   1   1   1   1   1 | Asp GAT   1   1   1   1   1   1 | Gly GGT   0   0   0   0   0   0
    GTC   0   0   0   0   0   0 |     GCC   1   1   1   1   1   1 |     GAC   1   1   1   1   1   1 |     GGC   0   0   0   0   0   0
    GTA   0   0   0   0   0   0 |     GCA   1   1   1   1   1   1 | Glu GAA   3   3   3   3   3   3 |     GGA   3   3   3   3   3   2
    GTG   3   3   3   3   3   3 |     GCG   0   0   0   0   0   0 |     GAG   3   3   3   3   3   3 |     GGG   1   1   1   1   1   2
--------------------------------------------------------------------------------------------------------------------------------------

--------------------------------------------------------------------------------------------------------------------------------------
Phe TTT   2   2   2   2   2   2 | Ser TCT   2   3   2   2   3   3 | Tyr TAT   0   0   0   0   0   0 | Cys TGT   0   0   0   0   0   0
    TTC   0   0   0   0   0   0 |     TCC   2   1   2   2   1   1 |     TAC   1   1   1   1   1   1 |     TGC   1   1   1   1   1   1
Leu TTA   1   0   0   0   0   0 |     TCA   0   0   0   0   0   0 | *** TAA   0   0   0   0   0   0 | *** TGA   0   0   0   0   0   0
    TTG   0   1   1   1   1   1 |     TCG   0   0   0   0   0   0 |     TAG   0   0   0   0   0   0 | Trp TGG   0   0   0   0   0   0
--------------------------------------------------------------------------------------------------------------------------------------
Leu CTT   2   2   2   2   2   2 | Pro CCT   0   1   0   1   0   1 | His CAT   0   0   0   0   0   0 | Arg CGT   1   1   1   1   1   1
    CTC   2   2   2   2   2   2 |     CCC   1   0   1   0   1   0 |     CAC   0   0   0   0   0   0 |     CGC   0   0   0   0   0   0
    CTA   1   1   1   1   1   1 |     CCA   0   0   0   0   0   0 | Gln CAA   1   1   1   1   1   1 |     CGA   0   0   0   0   0   0
    CTG   1   1   1   1   1   1 |     CCG   0   0   0   0   0   0 |     CAG   2   2   2   2   2   2 |     CGG   0   0   0   0   0   0
--------------------------------------------------------------------------------------------------------------------------------------
Ile ATT   2   2   2   2   2   2 | Thr ACT   1   1   1   1   1   1 | Asn AAT   1   1   1   1   1   1 | Ser AGT   1   1   1   1   1   1
    ATC   1   1   1   1   1   1 |     ACC   0   1   0   0   2   1 |     AAC   1   1   1   1   1   1 |     AGC   0   0   0   0   0   0
    ATA   0   0   0   0   0   0 |     ACA   3   2   2   2   1   2 | Lys AAA   1   1   1   1   1   1 | Arg AGA   1   0   1   1   1   1
Met ATG   0   0   0   0   0   0 |     ACG   0   0   1   1   0   0 |     AAG   0   0   0   0   0   0 |     AGG   0   1   0   0   0   0
--------------------------------------------------------------------------------------------------------------------------------------
Val GTT   0   0   0   0   0   0 | Ala GCT   1   1   1   1   1   1 | Asp GAT   1   1   1   2   1   1 | Gly GGT   0   0   0   0   0   0
    GTC   0   0   0   0   0   0 |     GCC   1   1   1   1   1   1 |     GAC   1   1   1   0   1   1 |     GGC   0   0   0   0   0   0
    GTA   0   0   0   0   0   1 |     GCA   1   1   1   1   1   1 | Glu GAA   3   3   3   3   3   3 |     GGA   3   3   3   3   3   3
    GTG   3   3   3   3   3   2 |     GCG   0   0   0   0   0   0 |     GAG   3   3   3   3   3   3 |     GGG   1   1   1   1   1   1
--------------------------------------------------------------------------------------------------------------------------------------

--------------------------------------------------------------------------------------------------------------------------------------
Phe TTT   1   2   2   2   2   2 | Ser TCT   3   3   3   3   3   3 | Tyr TAT   0   0   0   0   0   0 | Cys TGT   0   1   0   0   0   0
    TTC   1   0   0   0   0   0 |     TCC   0   1   1   1   1   1 |     TAC   1   1   1   1   1   1 |     TGC   1   0   1   1   1   1
Leu TTA   0   0   0   0   0   0 |     TCA   0   0   0   0   0   0 | *** TAA   0   0   0   0   0   0 | *** TGA   0   0   0   0   0   0
    TTG   1   1   1   1   1   1 |     TCG   0   0   0   0   0   0 |     TAG   0   0   0   0   0   0 | Trp TGG   0   0   0   0   0   0
--------------------------------------------------------------------------------------------------------------------------------------
Leu CTT   1   2   2   2   2   2 | Pro CCT   1   0   1   1   1   0 | His CAT   0   0   0   0   0   0 | Arg CGT   0   1   1   1   1   1
    CTC   2   2   2   2   2   2 |     CCC   0   1   0   0   0   1 |     CAC   0   0   0   0   0   0 |     CGC   0   0   0   0   0   0
    CTA   1   1   1   1   1   1 |     CCA   0   0   0   0   0   0 | Gln CAA   1   1   1   1   1   1 |     CGA   0   0   0   0   0   0
    CTG   2   1   1   1   1   1 |     CCG   0   0   0   0   0   0 |     CAG   3   2   2   2   2   2 |     CGG   0   0   0   0   0   0
--------------------------------------------------------------------------------------------------------------------------------------
Ile ATT   2   2   2   2   2   2 | Thr ACT   1   1   1   1   1   1 | Asn AAT   1   1   1   1   1   1 | Ser AGT   0   1   1   1   1   1
    ATC   1   1   1   1   1   1 |     ACC   1   1   1   1   1   1 |     AAC   2   1   1   1   1   1 |     AGC   0   0   0   0   0   0
    ATA   0   0   0   0   0   0 |     ACA   0   2   2   2   2   2 | Lys AAA   0   1   1   1   1   1 | Arg AGA   1   0   1   1   1   1
Met ATG   0   0   0   0   0   0 |     ACG   0   0   0   0   0   0 |     AAG   0   0   0   0   0   0 |     AGG   1   1   0   0   0   0
--------------------------------------------------------------------------------------------------------------------------------------
Val GTT   1   0   0   0   0   0 | Ala GCT   1   1   1   1   1   1 | Asp GAT   2   1   1   1   2   2 | Gly GGT   1   0   0   0   0   0
    GTC   0   0   0   0   0   0 |     GCC   2   1   1   1   1   1 |     GAC   0   1   1   1   0   0 |     GGC   1   0   0   0   0   0
    GTA   0   0   0   0   1   1 |     GCA   3   0   1   1   1   1 | Glu GAA   3   3   3   3   3   3 |     GGA   3   3   3   3   3   3
    GTG   3   3   3   3   2   2 |     GCG   0   1   0   0   0   0 |     GAG   1   3   3   3   3   3 |     GGG   0   1   1   1   1   1
--------------------------------------------------------------------------------------------------------------------------------------

Codon position x base (3x4) table for each sequence.

#1: Argali         
position  1:    T:0.18000    C:0.22000    A:0.24000    G:0.36000
position  2:    T:0.30000    C:0.24000    A:0.30000    G:0.16000
position  3:    T:0.32000    C:0.20000    A:0.26000    G:0.22000
Average         T:0.26667    C:0.22000    A:0.26667    G:0.24667

#2: LesserMouseDeer
position  1:    T:0.18000    C:0.22000    A:0.24000    G:0.36000
position  2:    T:0.30000    C:0.24000    A:0.30000    G:0.16000
position  3:    T:0.24000    C:0.28000    A:0.24000    G:0.24000
Average         T:0.24000    C:0.24667    A:0.26000    G:0.25333

#3: LesserKudu     
position  1:    T:0.18000    C:0.22000    A:0.24000    G:0.36000
position  2:    T:0.30000    C:0.24000    A:0.30000    G:0.16000
position  3:    T:0.30000    C:0.22000    A:0.28000    G:0.20000
Average         T:0.26000    C:0.22667    A:0.27333    G:0.24000

#4: ForestMuskDeer2
position  1:    T:0.18000    C:0.22000    A:0.24000    G:0.36000
position  2:    T:0.30000    C:0.24000    A:0.30000    G:0.16000
position  3:    T:0.32000    C:0.20000    A:0.26000    G:0.22000
Average         T:0.26667    C:0.22000    A:0.26667    G:0.24667

#5: Camel          
position  1:    T:0.18000    C:0.22000    A:0.24000    G:0.36000
position  2:    T:0.30000    C:0.24000    A:0.30000    G:0.16000
position  3:    T:0.26000    C:0.22000    A:0.30000    G:0.22000
Average         T:0.24667    C:0.22667    A:0.28000    G:0.24667

#6: KillerWhale    
position  1:    T:0.18000    C:0.22000    A:0.24000    G:0.36000
position  2:    T:0.30000    C:0.24000    A:0.30000    G:0.16000
position  3:    T:0.20000    C:0.34000    A:0.18000    G:0.28000
Average         T:0.22667    C:0.26667    A:0.24000    G:0.26667

#7: DefassaWaterbuck
position  1:    T:0.18000    C:0.22000    A:0.24000    G:0.36000
position  2:    T:0.30000    C:0.24000    A:0.30000    G:0.16000
position  3:    T:0.30000    C:0.22000    A:0.24000    G:0.24000
Average         T:0.26000    C:0.22667    A:0.26000    G:0.25333

#8: Sheep          
position  1:    T:0.18000    C:0.22000    A:0.24000    G:0.36000
position  2:    T:0.30000    C:0.24000    A:0.30000    G:0.16000
position  3:    T:0.32000    C:0.20000    A:0.26000    G:0.22000
Average         T:0.26667    C:0.22000    A:0.26667    G:0.24667

#9: MaxwellsDuiker 
position  1:    T:0.18000    C:0.22000    A:0.24000    G:0.36000
position  2:    T:0.30000    C:0.24000    A:0.30000    G:0.16000
position  3:    T:0.32000    C:0.20000    A:0.26000    G:0.22000
Average         T:0.26667    C:0.22000    A:0.26667    G:0.24667

#10: GazellaPrzewalskyi
position  1:    T:0.18000    C:0.22000    A:0.24000    G:0.36000
position  2:    T:0.30000    C:0.24000    A:0.30000    G:0.16000
position  3:    T:0.32000    C:0.20000    A:0.24000    G:0.24000
Average         T:0.26667    C:0.22000    A:0.26000    G:0.25333

#11: MountainNyala  
position  1:    T:0.18000    C:0.22000    A:0.24000    G:0.36000
position  2:    T:0.30000    C:0.24000    A:0.30000    G:0.16000
position  3:    T:0.30000    C:0.22000    A:0.28000    G:0.20000
Average         T:0.26000    C:0.22667    A:0.27333    G:0.24000

#12: MuntiacusMuntjak
position  1:    T:0.18000    C:0.22000    A:0.24000    G:0.36000
position  2:    T:0.30000    C:0.24000    A:0.30000    G:0.16000
position  3:    T:0.28000    C:0.22000    A:0.26000    G:0.24000
Average         T:0.25333    C:0.22667    A:0.26667    G:0.25333

#13: goat           
position  1:    T:0.18000    C:0.22000    A:0.24000    G:0.36000
position  2:    T:0.30000    C:0.24000    A:0.30000    G:0.16000
position  3:    T:0.32000    C:0.20000    A:0.26000    G:0.22000
Average         T:0.26667    C:0.22000    A:0.26667    G:0.24667

#14: AfricanBuffalo 
position  1:    T:0.18000    C:0.22000    A:0.24000    G:0.36000
position  2:    T:0.30000    C:0.24000    A:0.30000    G:0.16000
position  3:    T:0.30000    C:0.24000    A:0.24000    G:0.22000
Average         T:0.26000    C:0.23333    A:0.26000    G:0.24667

#15: Topi           
position  1:    T:0.18000    C:0.22000    A:0.24000    G:0.36000
position  2:    T:0.30000    C:0.24000    A:0.30000    G:0.16000
position  3:    T:0.30000    C:0.22000    A:0.26000    G:0.22000
Average         T:0.26000    C:0.22667    A:0.26667    G:0.24667

#16: CommonDuiker   
position  1:    T:0.18000    C:0.22000    A:0.24000    G:0.36000
position  2:    T:0.30000    C:0.24000    A:0.30000    G:0.16000
position  3:    T:0.34000    C:0.18000    A:0.26000    G:0.22000
Average         T:0.27333    C:0.21333    A:0.26667    G:0.24667

#17: Suni           
position  1:    T:0.18000    C:0.22000    A:0.24000    G:0.36000
position  2:    T:0.30000    C:0.24000    A:0.30000    G:0.16000
position  3:    T:0.30000    C:0.22000    A:0.26000    G:0.22000
Average         T:0.26000    C:0.22667    A:0.26667    G:0.24667

#18: Springbuck     
position  1:    T:0.18000    C:0.22000    A:0.24000    G:0.36000
position  2:    T:0.30000    C:0.24000    A:0.30000    G:0.16000
position  3:    T:0.32000    C:0.20000    A:0.22000    G:0.26000
Average         T:0.26667    C:0.22000    A:0.25333    G:0.26000

#19: Okapi          
position  1:    T:0.18000    C:0.22000    A:0.24000    G:0.36000
position  2:    T:0.30000    C:0.24000    A:0.30000    G:0.16000
position  3:    T:0.30000    C:0.22000    A:0.26000    G:0.22000
Average         T:0.26000    C:0.22667    A:0.26667    G:0.24667

#20: Giraffe        
position  1:    T:0.18000    C:0.22000    A:0.24000    G:0.36000
position  2:    T:0.30000    C:0.24000    A:0.30000    G:0.16000
position  3:    T:0.28000    C:0.22000    A:0.24000    G:0.26000
Average         T:0.25333    C:0.22667    A:0.26000    G:0.26000

#21: TibetanAntelope
position  1:    T:0.18000    C:0.22000    A:0.24000    G:0.36000
position  2:    T:0.30000    C:0.24000    A:0.30000    G:0.16000
position  3:    T:0.32000    C:0.20000    A:0.26000    G:0.22000
Average         T:0.26667    C:0.22000    A:0.26667    G:0.24667

#22: Sitatunga      
position  1:    T:0.18000    C:0.22000    A:0.24000    G:0.36000
position  2:    T:0.30000    C:0.24000    A:0.30000    G:0.16000
position  3:    T:0.32000    C:0.20000    A:0.28000    G:0.20000
Average         T:0.26667    C:0.22000    A:0.27333    G:0.24000

#23: Oribi          
position  1:    T:0.18000    C:0.22000    A:0.24000    G:0.36000
position  2:    T:0.30000    C:0.24000    A:0.30000    G:0.16000
position  3:    T:0.32000    C:0.20000    A:0.26000    G:0.22000
Average         T:0.26667    C:0.22000    A:0.26667    G:0.24667

#24: BarbarySheep   
position  1:    T:0.18000    C:0.22000    A:0.24000    G:0.36000
position  2:    T:0.30000    C:0.24000    A:0.30000    G:0.16000
position  3:    T:0.32000    C:0.20000    A:0.26000    G:0.22000
Average         T:0.26667    C:0.22000    A:0.26667    G:0.24667

#25: Daviddeer      
position  1:    T:0.18000    C:0.22000    A:0.24000    G:0.36000
position  2:    T:0.30000    C:0.24000    A:0.30000    G:0.16000
position  3:    T:0.28000    C:0.22000    A:0.30000    G:0.20000
Average         T:0.25333    C:0.22667    A:0.28000    G:0.24000

#26: Reindeer       
position  1:    T:0.18000    C:0.22000    A:0.24000    G:0.36000
position  2:    T:0.30000    C:0.24000    A:0.30000    G:0.16000
position  3:    T:0.32000    C:0.18000    A:0.26000    G:0.24000
Average         T:0.26667    C:0.21333    A:0.26667    G:0.25333

#27: Ibex           
position  1:    T:0.18000    C:0.22000    A:0.24000    G:0.36000
position  2:    T:0.30000    C:0.24000    A:0.30000    G:0.16000
position  3:    T:0.32000    C:0.20000    A:0.26000    G:0.22000
Average         T:0.26667    C:0.22000    A:0.26667    G:0.24667

#28: GyrantGazelle  
position  1:    T:0.18000    C:0.22000    A:0.24000    G:0.36000
position  2:    T:0.30000    C:0.24000    A:0.30000    G:0.16000
position  3:    T:0.32000    C:0.20000    A:0.24000    G:0.24000
Average         T:0.26667    C:0.22000    A:0.26000    G:0.25333

#29: Hartebeest     
position  1:    T:0.18000    C:0.22000    A:0.24000    G:0.36000
position  2:    T:0.30000    C:0.24000    A:0.30000    G:0.16000
position  3:    T:0.32000    C:0.20000    A:0.26000    G:0.22000
Average         T:0.26667    C:0.22000    A:0.26667    G:0.24667

#30: Bongo          
position  1:    T:0.18000    C:0.22000    A:0.24000    G:0.36000
position  2:    T:0.30000    C:0.24000    A:0.30000    G:0.16000
position  3:    T:0.32000    C:0.20000    A:0.28000    G:0.20000
Average         T:0.26667    C:0.22000    A:0.27333    G:0.24000

#31: Gerenuk        
position  1:    T:0.18000    C:0.22000    A:0.24000    G:0.36000
position  2:    T:0.30000    C:0.24000    A:0.30000    G:0.16000
position  3:    T:0.32000    C:0.22000    A:0.22000    G:0.24000
Average         T:0.26667    C:0.22667    A:0.25333    G:0.25333

#32: CommonEland    
position  1:    T:0.18000    C:0.22000    A:0.24000    G:0.36000
position  2:    T:0.30000    C:0.24000    A:0.30000    G:0.16000
position  3:    T:0.32000    C:0.20000    A:0.28000    G:0.20000
Average         T:0.26667    C:0.22000    A:0.27333    G:0.24000

#33: MuntiacusReevesi
position  1:    T:0.18000    C:0.22000    A:0.24000    G:0.36000
position  2:    T:0.30000    C:0.24000    A:0.30000    G:0.16000
position  3:    T:0.28000    C:0.22000    A:0.22000    G:0.28000
Average         T:0.25333    C:0.22667    A:0.25333    G:0.26667

#34: HarveysDuiker  
position  1:    T:0.18000    C:0.22000    A:0.24000    G:0.36000
position  2:    T:0.30000    C:0.24000    A:0.30000    G:0.16000
position  3:    T:0.32000    C:0.20000    A:0.26000    G:0.22000
Average         T:0.26667    C:0.22000    A:0.26667    G:0.24667

#35: Pronghorn      
position  1:    T:0.18000    C:0.22000    A:0.24000    G:0.36000
position  2:    T:0.30000    C:0.24000    A:0.30000    G:0.16000
position  3:    T:0.28000    C:0.24000    A:0.26000    G:0.22000
Average         T:0.25333    C:0.23333    A:0.26667    G:0.24667

#36: BlueWildebeest 
position  1:    T:0.18000    C:0.22000    A:0.24000    G:0.36000
position  2:    T:0.30000    C:0.24000    A:0.30000    G:0.16000
position  3:    T:0.32000    C:0.20000    A:0.26000    G:0.22000
Average         T:0.26667    C:0.22000    A:0.26667    G:0.24667

#37: Gemsbok        
position  1:    T:0.18000    C:0.22000    A:0.24000    G:0.36000
position  2:    T:0.30000    C:0.24000    A:0.30000    G:0.16000
position  3:    T:0.32000    C:0.20000    A:0.28000    G:0.20000
Average         T:0.26667    C:0.22000    A:0.27333    G:0.24000

#38: Yak            
position  1:    T:0.18000    C:0.22000    A:0.24000    G:0.36000
position  2:    T:0.30000    C:0.24000    A:0.30000    G:0.16000
position  3:    T:0.30000    C:0.24000    A:0.24000    G:0.22000
Average         T:0.26000    C:0.23333    A:0.26000    G:0.24667

#39: BlueSheep      
position  1:    T:0.18000    C:0.22000    A:0.24000    G:0.36000
position  2:    T:0.30000    C:0.24000    A:0.30000    G:0.16000
position  3:    T:0.32000    C:0.20000    A:0.26000    G:0.22000
Average         T:0.26667    C:0.22000    A:0.26667    G:0.24667

#40: BohorReedbuck  
position  1:    T:0.18000    C:0.22000    A:0.24000    G:0.36000
position  2:    T:0.30000    C:0.24000    A:0.30000    G:0.16000
position  3:    T:0.30000    C:0.22000    A:0.24000    G:0.24000
Average         T:0.26000    C:0.22667    A:0.26000    G:0.25333

#41: KirksDik       
position  1:    T:0.18000    C:0.22000    A:0.24000    G:0.36000
position  2:    T:0.30000    C:0.24000    A:0.30000    G:0.16000
position  3:    T:0.32000    C:0.20000    A:0.24000    G:0.24000
Average         T:0.26667    C:0.22000    A:0.26000    G:0.25333

#42: RoeDeer        
position  1:    T:0.18000    C:0.22000    A:0.24000    G:0.36000
position  2:    T:0.30000    C:0.24000    A:0.30000    G:0.16000
position  3:    T:0.28000    C:0.22000    A:0.24000    G:0.26000
Average         T:0.25333    C:0.22667    A:0.26000    G:0.26000

#43: WhiteLippedDeer
position  1:    T:0.18000    C:0.22000    A:0.24000    G:0.36000
position  2:    T:0.30000    C:0.24000    A:0.30000    G:0.16000
position  3:    T:0.28000    C:0.22000    A:0.30000    G:0.20000
Average         T:0.25333    C:0.22667    A:0.28000    G:0.24000

#44: ThomsonGazelle 
position  1:    T:0.18000    C:0.22000    A:0.24000    G:0.36000
position  2:    T:0.30000    C:0.24000    A:0.30000    G:0.16000
position  3:    T:0.32000    C:0.20000    A:0.24000    G:0.24000
Average         T:0.26667    C:0.22000    A:0.26000    G:0.25333

#45: MuntiacusCrinifrons
position  1:    T:0.18000    C:0.22000    A:0.24000    G:0.36000
position  2:    T:0.30000    C:0.24000    A:0.30000    G:0.16000
position  3:    T:0.28000    C:0.22000    A:0.26000    G:0.24000
Average         T:0.25333    C:0.22667    A:0.26667    G:0.25333

#46: WhiteTailedDeer
position  1:    T:0.18000    C:0.22000    A:0.24000    G:0.36000
position  2:    T:0.30000    C:0.24000    A:0.30000    G:0.16000
position  3:    T:0.32000    C:0.18000    A:0.26000    G:0.24000
Average         T:0.26667    C:0.21333    A:0.26667    G:0.25333

#47: Cattle         
position  1:    T:0.18000    C:0.22000    A:0.24000    G:0.36000
position  2:    T:0.30000    C:0.24000    A:0.30000    G:0.16000
position  3:    T:0.30000    C:0.24000    A:0.24000    G:0.22000
Average         T:0.26000    C:0.23333    A:0.26000    G:0.24667

#48: RoyalAntelope  
position  1:    T:0.18000    C:0.22000    A:0.24000    G:0.36000
position  2:    T:0.30000    C:0.24000    A:0.30000    G:0.16000
position  3:    T:0.32000    C:0.20000    A:0.28000    G:0.20000
Average         T:0.26667    C:0.22000    A:0.27333    G:0.24000

#49: Steenbok       
position  1:    T:0.16000    C:0.22000    A:0.20000    G:0.42000
position  2:    T:0.32000    C:0.24000    A:0.28000    G:0.16000
position  3:    T:0.30000    C:0.24000    A:0.24000    G:0.22000
Average         T:0.26000    C:0.23333    A:0.24000    G:0.26667

#50: Impala         
position  1:    T:0.18000    C:0.22000    A:0.24000    G:0.36000
position  2:    T:0.30000    C:0.24000    A:0.30000    G:0.16000
position  3:    T:0.32000    C:0.20000    A:0.22000    G:0.26000
Average         T:0.26667    C:0.22000    A:0.25333    G:0.26000

#51: Klipspringer   
position  1:    T:0.18000    C:0.22000    A:0.24000    G:0.36000
position  2:    T:0.30000    C:0.24000    A:0.30000    G:0.16000
