CODONML (in paml version 4.10.7, June 2023)  /home/rachel/ruminants_paml/6406-phy-tree/ENSBTAT00000003949.fasta.phy
Model: free dN/dS Ratios for branches,  kappa = 2.000 fixed

Codon frequency model: F3x4
ns =  54  ls =  49

Codon usage in sequences
--------------------------------------------------------------------------------------------------------------------------------------
Phe TTT   0   0   0   0   0   0 | Ser TCT   0   1   0   0   0   1 | Tyr TAT   0   0   0   0   0   0 | Cys TGT   0   0   0   0   0   0
    TTC   0   0   0   0   0   0 |     TCC   4   3   4   4   3   2 |     TAC   0   0   0   0   0   0 |     TGC   0   0   0   0   0   0
Leu TTA   1   1   1   1   1   1 |     TCA   1   0   1   1   1   1 | *** TAA   0   0   0   0   0   0 | *** TGA   0   0   0   0   0   0
    TTG   0   0   0   0   0   0 |     TCG   0   0   0   0   1   1 |     TAG   0   0   0   0   0   0 | Trp TGG   0   0   0   0   0   0
--------------------------------------------------------------------------------------------------------------------------------------
Leu CTT   0   0   0   0   0   0 | Pro CCT   3   3   4   4   3   2 | His CAT   0   0   0   0   0   0 | Arg CGT   1   1   1   0   1   1
    CTC   0   0   0   0   0   0 |     CCC   3   3   2   2   3   3 |     CAC   0   0   0   0   0   0 |     CGC   0   0   0   1   0   0
    CTA   0   0   0   0   0   0 |     CCA   2   1   2   1   2   3 | Gln CAA   0   0   0   0   0   0 |     CGA   0   0   0   0   0   0
    CTG   1   1   1   1   1   1 |     CCG   1   2   1   2   1   1 |     CAG   5   5   5   5   5   5 |     CGG   1   1   1   1   1   1
--------------------------------------------------------------------------------------------------------------------------------------
Ile ATT   0   0   0   0   0   0 | Thr ACT   1   1   1   1   1   1 | Asn AAT   0   0   0   0   0   0 | Ser AGT   1   1   1   1   1   1
    ATC   1   1   1   1   1   1 |     ACC   3   3   3   3   3   3 |     AAC   1   1   1   1   1   1 |     AGC   2   2   2   2   2   2
    ATA   0   0   0   0   0   0 |     ACA   0   0   0   0   2   0 | Lys AAA   0   1   0   0   0   0 | Arg AGA   0   0   0   0   0   0
Met ATG   1   1   1   1   1   1 |     ACG   1   1   1   1   1   1 |     AAG   1   0   1   1   1   1 |     AGG   0   0   0   0   0   0
--------------------------------------------------------------------------------------------------------------------------------------
Val GTT   0   0   0   0   0   0 | Ala GCT   0   0   0   0   0   0 | Asp GAT   0   0   0   0   0   0 | Gly GGT   0   0   0   0   0   0
    GTC   3   3   3   3   3   3 |     GCC   0   1   0   0   0   0 |     GAC   0   0   0   0   0   0 |     GGC   4   4   4   4   4   4
    GTA   1   1   1   1   1   1 |     GCA   1   1   1   1   0   1 | Glu GAA   0   0   0   0   0   0 |     GGA   0   0   0   0   0   0
    GTG   1   1   1   1   1   1 |     GCG   1   1   1   1   0   1 |     GAG   0   0   0   0   0   0 |     GGG   3   3   3   3   3   3
--------------------------------------------------------------------------------------------------------------------------------------

--------------------------------------------------------------------------------------------------------------------------------------
Phe TTT   0   0   0   0   0   0 | Ser TCT   0   0   0   0   0   1 | Tyr TAT   0   0   0   0   0   0 | Cys TGT   0   0   0   0   0   0
    TTC   0   0   0   0   0   0 |     TCC   4   4   4   4   4   4 |     TAC   0   0   0   0   0   0 |     TGC   0   0   0   0   0   0
Leu TTA   1   1   1   1   1   0 |     TCA   1   1   1   1   1   0 | *** TAA   0   0   0   0   0   0 | *** TGA   0   0   0   0   0   0
    TTG   0   0   0   0   0   0 |     TCG   0   0   0   0   0   0 |     TAG   0   0   0   0   0   0 | Trp TGG   0   0   0   0   0   0
--------------------------------------------------------------------------------------------------------------------------------------
Leu CTT   0   0   0   0   0   0 | Pro CCT   3   3   3   3   4   4 | His CAT   0   0   0   0   0   0 | Arg CGT   1   1   1   1   1   1
    CTC   0   0   0   0   0   0 |     CCC   3   3   3   3   2   2 |     CAC   0   0   0   0   0   0 |     CGC   0   0   0   0   0   0
    CTA   0   0   0   0   0   0 |     CCA   2   2   2   2   2   1 | Gln CAA   0   0   0   0   0   0 |     CGA   0   0   0   0   0   0
    CTG   1   1   1   1   1   2 |     CCG   1   1   1   1   1   2 |     CAG   5   5   5   5   5   5 |     CGG   1   1   1   1   1   1
--------------------------------------------------------------------------------------------------------------------------------------
Ile ATT   0   0   0   0   0   0 | Thr ACT   1   1   1   1   1   1 | Asn AAT   0   0   0   0   0   0 | Ser AGT   1   1   1   1   1   1
    ATC   1   1   1   1   1   1 |     ACC   3   3   3   3   3   3 |     AAC   1   1   1   1   1   1 |     AGC   2   2   2   2   2   2
    ATA   0   0   0   0   0   0 |     ACA   0   0   0   0   0   0 | Lys AAA   0   0   0   0   0   0 | Arg AGA   0   0   0   0   0   0
Met ATG   1   1   1   1   1   1 |     ACG   1   1   1   1   1   1 |     AAG   1   1   1   1   1   1 |     AGG   0   0   0   0   0   0
--------------------------------------------------------------------------------------------------------------------------------------
Val GTT   0   0   0   0   0   0 | Ala GCT   0   0   0   0   0   0 | Asp GAT   0   0   0   0   0   0 | Gly GGT   0   0   0   0   0   0
    GTC   3   3   3   3   3   3 |     GCC   0   0   0   0   0   0 |     GAC   0   0   0   0   0   0 |     GGC   4   4   4   4   4   4
    GTA   1   1   1   1   1   1 |     GCA   1   1   1   1   1   1 | Glu GAA   0   0   0   0   0   0 |     GGA   0   0   0   0   0   0
    GTG   1   1   1   1   1   1 |     GCG   1   1   1   1   1   1 |     GAG   0   0   0   0   0   0 |     GGG   3   3   3   3   3   3
--------------------------------------------------------------------------------------------------------------------------------------

--------------------------------------------------------------------------------------------------------------------------------------
Phe TTT   0   0   0   0   0   0 | Ser TCT   0   0   0   0   0   0 | Tyr TAT   0   0   0   0   0   0 | Cys TGT   0   0   0   0   0   0
    TTC   0   0   0   0   0   0 |     TCC   4   4   4   4   4   4 |     TAC   0   0   0   0   0   0 |     TGC   0   0   0   0   0   0
Leu TTA   1   1   1   1   1   1 |     TCA   1   1   1   1   1   1 | *** TAA   0   0   0   0   0   0 | *** TGA   0   0   0   0   0   0
    TTG   0   0   0   0   0   0 |     TCG   0   0   0   0   0   0 |     TAG   0   0   0   0   0   0 | Trp TGG   0   0   0   0   0   0
--------------------------------------------------------------------------------------------------------------------------------------
Leu CTT   0   0   0   0   0   0 | Pro CCT   3   3   3   3   3   3 | His CAT   0   0   0   0   0   0 | Arg CGT   1   1   1   1   1   1
    CTC   0   0   0   0   0   0 |     CCC   3   3   3   3   3   3 |     CAC   0   0   0   0   0   0 |     CGC   0   0   0   0   0   0
    CTA   0   0   0   0   0   0 |     CCA   2   2   2   2   2   2 | Gln CAA   0   0   0   0   0   0 |     CGA   0   0   0   0   0   0
    CTG   1   1   1   1   1   1 |     CCG   1   1   1   1   1   1 |     CAG   5   5   5   5   5   5 |     CGG   1   1   1   1   1   1
--------------------------------------------------------------------------------------------------------------------------------------
Ile ATT   0   0   0   0   0   0 | Thr ACT   1   1   1   1   1   1 | Asn AAT   0   0   0   0   0   0 | Ser AGT   1   1   1   1   1   1
    ATC   1   1   1   1   1   1 |     ACC   3   3   3   3   3   3 |     AAC   1   1   1   1   1   1 |     AGC   2   2   2   2   2   2
    ATA   0   0   0   0   0   0 |     ACA   0   0   0   0   0   0 | Lys AAA   0   0   0   0   0   0 | Arg AGA   0   0   0   0   0   0
Met ATG   1   1   1   1   1   1 |     ACG   1   1   1   1   1   1 |     AAG   1   1   1   1   1   1 |     AGG   0   0   0   0   0   0
--------------------------------------------------------------------------------------------------------------------------------------
Val GTT   0   0   0   0   0   0 | Ala GCT   0   0   0   0   0   0 | Asp GAT   0   0   0   0   0   0 | Gly GGT   0   0   0   0   0   0
    GTC   3   3   3   3   3   3 |     GCC   0   0   0   0   0   0 |     GAC   0   0   0   0   0   0 |     GGC   4   4   4   4   4   4
    GTA   1   1   1   1   1   1 |     GCA   1   2   1   1   1   1 | Glu GAA   0   0   0   0   0   0 |     GGA   0   0   0   0   0   0
    GTG   1   1   1   1   1   1 |     GCG   1   0   1   1   1   1 |     GAG   0   0   0   0   0   0 |     GGG   3   3   3   3   3   3
--------------------------------------------------------------------------------------------------------------------------------------

--------------------------------------------------------------------------------------------------------------------------------------
Phe TTT   0   0   0   0   0   0 | Ser TCT   0   0   0   0   0   0 | Tyr TAT   0   0   0   0   0   0 | Cys TGT   0   0   0   0   0   0
    TTC   0   0   0   0   0   0 |     TCC   4   4   4   4   4   4 |     TAC   0   0   0   0   0   0 |     TGC   0   0   0   0   0   0
Leu TTA   1   1   1   1   1   1 |     TCA   1   1   1   1   1   1 | *** TAA   0   0   0   0   0   0 | *** TGA   0   0   0   0   0   0
    TTG   0   0   0   0   0   0 |     TCG   0   0   0   0   0   0 |     TAG   0   0   0   0   0   0 | Trp TGG   0   0   0   0   0   0
--------------------------------------------------------------------------------------------------------------------------------------
Leu CTT   0   0   0   0   0   0 | Pro CCT   3   3   3   4   3   3 | His CAT   0   0   0   0   0   0 | Arg CGT   1   1   1   1   1   1
    CTC   0   0   0   0   0   0 |     CCC   3   3   3   2   3   3 |     CAC   0   0   0   0   0   0 |     CGC   0   0   0   0   0   0
    CTA   0   0   0   0   0   0 |     CCA   2   2   2   2   2   2 | Gln CAA   0   0   0   0   0   0 |     CGA   0   0   0   0   0   0
    CTG   1   1   1   1   1   1 |     CCG   1   1   1   1   1   1 |     CAG   5   5   5   5   5   5 |     CGG   1   1   1   1   1   1
--------------------------------------------------------------------------------------------------------------------------------------
Ile ATT   0   0   0   0   0   0 | Thr ACT   1   2   1   1   1   1 | Asn AAT   0   0   0   0   0   0 | Ser AGT   1   1   1   1   1   1
    ATC   1   1   1   1   1   1 |     ACC   3   2   3   3   3   3 |     AAC   2   2   1   1   1   1 |     AGC   1   1   2   2   2   2
    ATA   0   0   0   0   0   0 |     ACA   0   1   0   0   0   0 | Lys AAA   0   0   0   0   0   0 | Arg AGA   0   0   0   0   0   0
Met ATG   1   1   1   1   1   1 |     ACG   1   1   1   1   1   1 |     AAG   1   1   1   1   1   1 |     AGG   0   0   0   0   0   0
--------------------------------------------------------------------------------------------------------------------------------------
Val GTT   0   0   0   0   0   0 | Ala GCT   0   0   0   0   0   0 | Asp GAT   0   0   0   0   0   0 | Gly GGT   0   0   0   0   0   0
    GTC   3   3   3   3   3   3 |     GCC   0   0   0   0   0   0 |     GAC   0   0   0   0   0   0 |     GGC   4   4   4   4   4   4
    GTA   1   1   1   1   1   1 |     GCA   1   1   1   1   1   1 | Glu GAA   0   0   0   0   0   0 |     GGA   0   0   0   0   0   0
    GTG   1   1   1   1   1   1 |     GCG   1   0   1   1   1   1 |     GAG   0   0   0   0   0   0 |     GGG   3   3   3   3   3   3
--------------------------------------------------------------------------------------------------------------------------------------

--------------------------------------------------------------------------------------------------------------------------------------
Phe TTT   0   0   0   0   0   0 | Ser TCT   0   0   0   0   0   0 | Tyr TAT   0   0   0   0   0   0 | Cys TGT   0   0   0   0   0   0
    TTC   0   0   0   0   0   0 |     TCC   4   4   4   4   4   4 |     TAC   0   0   0   0   0   0 |     TGC   0   0   0   0   0   0
Leu TTA   1   1   1   1   1   1 |     TCA   1   1   1   1   1   1 | *** TAA   0   0   0   0   0   0 | *** TGA   0   0   0   0   0   0
    TTG   0   0   0   0   0   0 |     TCG   0   0   0   0   0   0 |     TAG   0   0   0   0   0   0 | Trp TGG   0   0   0   0   0   0
--------------------------------------------------------------------------------------------------------------------------------------
Leu CTT   0   0   0   0   0   0 | Pro CCT   3   3   3   3   3   4 | His CAT   0   0   0   0   0   0 | Arg CGT   1   1   1   1   1   1
    CTC   0   0   0   0   0   0 |     CCC   3   3   3   3   3   2 |     CAC   0   0   0   0   0   0 |     CGC   0   0   0   0   0   0
    CTA   0   0   0   0   0   0 |     CCA   2   2   2   2   2   2 | Gln CAA   0   0   0   0   0   0 |     CGA   0   0   0   0   0   0
    CTG   1   1   1   1   1   1 |     CCG   1   1   1   1   1   1 |     CAG   5   5   5   5   5   5 |     CGG   1   1   1   1   1   1
--------------------------------------------------------------------------------------------------------------------------------------
Ile ATT   0   0   0   0   0   0 | Thr ACT   1   1   1   1   1   1 | Asn AAT   0   0   0   0   0   0 | Ser AGT   1   1   1   1   1   1
    ATC   1   1   1   1   1   1 |     ACC   3   3   3   3   3   3 |     AAC   1   1   1   1   1   1 |     AGC   2   2   2   2   2   2
    ATA   0   0   0   0   0   0 |     ACA   0   0   0   0   0   0 | Lys AAA   0   0   0   0   0   0 | Arg AGA   0   0   0   0   0   0
Met ATG   1   1   1   1   1   1 |     ACG   1   1   1   1   1   1 |     AAG   1   1   1   1   1   1 |     AGG   0   0   0   0   0   0
--------------------------------------------------------------------------------------------------------------------------------------
Val GTT   0   0   0   0   0   0 | Ala GCT   0   0   0   0   0   0 | Asp GAT   0   0   0   0   0   0 | Gly GGT   0   0   0   0   0   0
    GTC   3   3   3   3   3   3 |     GCC   0   0   0   0   0   0 |     GAC   0   0   0   0   0   0 |     GGC   4   4   4   4   4   4
    GTA   1   1   1   1   1   1 |     GCA   1   1   1   1   1   1 | Glu GAA   0   0   0   0   0   0 |     GGA   0   0   0   0   0   0
    GTG   1   1   1   1   1   1 |     GCG   1   1   1   1   1   1 |     GAG   0   0   0   0   0   0 |     GGG   3   3   3   3   3   3
--------------------------------------------------------------------------------------------------------------------------------------

--------------------------------------------------------------------------------------------------------------------------------------
Phe TTT   0   0   0   0   0   0 | Ser TCT   0   0   1   0   0   0 | Tyr TAT   0   0   0   0   0   0 | Cys TGT   0   0   0   0   0   0
    TTC   0   0   0   0   0   0 |     TCC   4   4   4   4   4   4 |     TAC   0   0   0   0   0   0 |     TGC   0   0   0   0   0   0
Leu TTA   1   1   0   1   1   1 |     TCA   1   1   0   1   1   1 | *** TAA   0   0   0   0   0   0 | *** TGA   0   0   0   0   0   0
    TTG   0   0   0   0   0   0 |     TCG   0   0   0   0   0   0 |     TAG   0   0   0   0   0   0 | Trp TGG   0   0   0   0   0   0
--------------------------------------------------------------------------------------------------------------------------------------
Leu CTT   0   0   0   0   0   0 | Pro CCT   3   4   3   3   3   3 | His CAT   0   0   0   0   0   0 | Arg CGT   0   1   1   1   1   1
    CTC   0   0   0   0   0   0 |     CCC   3   2   2   3   3   3 |     CAC   0   0   0   0   0   0 |     CGC   1   0   0   0   0   0
    CTA   0   0   1   0   0   0 |     CCA   2   2   1   2   2   2 | Gln CAA   0   0   0   0   0   0 |     CGA   0   0   0   0   0   0
    CTG   1   1   1   1   1   1 |     CCG   1   1   3   1   1   1 |     CAG   5   5   5   5   5   5 |     CGG   1   1   1   1   1   1
--------------------------------------------------------------------------------------------------------------------------------------
Ile ATT   0   0   0   0   0   0 | Thr ACT   1   1   1   1   1   1 | Asn AAT   0   0   0   0   0   0 | Ser AGT   1   1   1   1   1   1
    ATC   1   1   1   1   1   1 |     ACC   3   3   3   3   3   3 |     AAC   1   1   1   1   1   1 |     AGC   2   2   2   2   2   2
    ATA   0   0   0   0   0   0 |     ACA   1   1   0   0   0   0 | Lys AAA   0   0   0   0   0   0 | Arg AGA   0   0   0   0   0   0
Met ATG   1   1   1   1   1   1 |     ACG   0   0   1   1   1   1 |     AAG   1   1   1   1   1   1 |     AGG   0   0   0   0   0   0
--------------------------------------------------------------------------------------------------------------------------------------
Val GTT   0   0   0   0   0   0 | Ala GCT   0   0   0   0   0   0 | Asp GAT   0   0   0   0   0   0 | Gly GGT   0   0   0   0   0   0
    GTC   3   3   3   3   3   3 |     GCC   0   0   0   0   0   0 |     GAC   0   0   0   0   0   0 |     GGC   4   4   4   4   4   4
    GTA   1   1   1   1   1   1 |     GCA   1   1   1   1   1   1 | Glu GAA   0   0   0   0   0   0 |     GGA   0   0   0   0   0   0
    GTG   1   1   1   1   1   1 |     GCG   1   1   1   1   1   1 |     GAG   0   0   0   0   0   0 |     GGG   3   3   3   3   3   3
--------------------------------------------------------------------------------------------------------------------------------------

--------------------------------------------------------------------------------------------------------------------------------------
Phe TTT   0   0   0   0   0   0 | Ser TCT   0   0   0   0   0   0 | Tyr TAT   0   0   0   0   0   0 | Cys TGT   0   0   0   0   0   0
    TTC   0   0   0   0   0   0 |     TCC   4   4   4   4   4   4 |     TAC   0   0   0   0   0   0 |     TGC   0   0   0   0   0   0
Leu TTA   1   1   1   1   1   1 |     TCA   1   1   1   1   1   1 | *** TAA   0   0   0   0   0   0 | *** TGA   0   0   0   0   0   0
    TTG   0   0   0   0   0   0 |     TCG   0   0   0   0   0   0 |     TAG   0   0   0   0   0   0 | Trp TGG   0   0   0   0   0   0
--------------------------------------------------------------------------------------------------------------------------------------
Leu CTT   0   0   0   0   0   0 | Pro CCT   4   4   3   3   4   3 | His CAT   0   0   0   0   0   0 | Arg CGT   1   1   1   1   1   1
    CTC   0   0   0   0   0   0 |     CCC   2   2   3   3   2   3 |     CAC   0   0   0   0   0   0 |     CGC   0   0   0   0   0   0
    CTA   0   0   0   0   0   0 |     CCA   2   2   2   2   2   2 | Gln CAA   0   0   0   0   0   0 |     CGA   0   0   0   0   0   0
    CTG   1   1   1   1   1   1 |     CCG   1   1   1   1   1   1 |     CAG   5   5   5   5   5   5 |     CGG   1   1   1   1   1   1
--------------------------------------------------------------------------------------------------------------------------------------
Ile ATT   0   0   0   0   0   0 | Thr ACT   1   1   1   1   1   1 | Asn AAT   0   0   0   0   0   0 | Ser AGT   2   1   1   1   1   1
    ATC   1   1   1   1   1   1 |     ACC   3   3   3   3   3   3 |     AAC   1   2   1   1   1   1 |     AGC   1   1   2   2   2   2
    ATA   0   0   0   0   0   0 |     ACA   0   0   0   0   0   1 | Lys AAA   0   0   0   0   0   0 | Arg AGA   0   0   0   0   0   0
Met ATG   1   1   1   1   1   1 |     ACG   1   1   1   1   1   1 |     AAG   1   1   1   1   1   1 |     AGG   0   0   0   0   0   0
--------------------------------------------------------------------------------------------------------------------------------------
Val GTT   0   0   0   0   0   0 | Ala GCT   0   0   0   0   0   0 | Asp GAT   0   0   0   0   0   0 | Gly GGT   1   0   0   0   0   0
    GTC   3   3   3   3   3   3 |     GCC   0   0   0   0   0   0 |     GAC   0   0   0   0   0   0 |     GGC   3   4   4   4   4   4
    GTA   1   1   1   1   1   1 |     GCA   1   1   1   1   1   1 | Glu GAA   0   0   0   0   0   0 |     GGA   0   0   0   0   0   0
    GTG   1   1   1   1   1   1 |     GCG   1   1   1   1   1   0 |     GAG   0   0   0   0   0   0 |     GGG   3   3   3   3   3   3
--------------------------------------------------------------------------------------------------------------------------------------

--------------------------------------------------------------------------------------------------------------------------------------
Phe TTT   0   0   0   0   0   0 | Ser TCT   0   0   1   0   0   0 | Tyr TAT   0   0   0   0   0   0 | Cys TGT   0   0   0   0   0   0
    TTC   0   0   0   0   0   0 |     TCC   4   4   4   4   4   4 |     TAC   0   0   0   0   0   0 |     TGC   0   0   0   0   0   0
Leu TTA   1   1   0   1   1   1 |     TCA   1   1   0   1   1   1 | *** TAA   0   0   0   0   0   0 | *** TGA   0   0   0   0   0   0
    TTG   0   0   0   0   0   0 |     TCG   0   0   0   0   0   0 |     TAG   0   0   0   0   0   0 | Trp TGG   0   0   0   0   0   0
--------------------------------------------------------------------------------------------------------------------------------------
Leu CTT   0   0   0   0   0   0 | Pro CCT   3   3   4   3   3   3 | His CAT   0   0   0   0   0   0 | Arg CGT   1   1   1   1   1   1
    CTC   0   0   0   0   0   0 |     CCC   3   3   2   3   3   3 |     CAC   0   0   0   0   0   0 |     CGC   0   0   0   0   0   0
    CTA   0   0   1   0   0   0 |     CCA   2   2   1   2   2   2 | Gln CAA   0   0   0   0   0   0 |     CGA   0   0   0   0   0   0
    CTG   1   1   1   1   1   1 |     CCG   1   1   2   1   1   1 |     CAG   5   5   5   5   5   5 |     CGG   1   1   1   1   1   1
--------------------------------------------------------------------------------------------------------------------------------------
Ile ATT   0   0   0   0   0   0 | Thr ACT   1   1   1   1   1   1 | Asn AAT   0   0   0   0   0   0 | Ser AGT   1   1   1   1   1   1
    ATC   1   1   1   1   1   1 |     ACC   3   3   3   3   3   3 |     AAC   1   1   1   1   2   1 |     AGC   2   2   2   2   1   2
    ATA   0   0   0   1   0   0 |     ACA   0   0   0   0   0   0 | Lys AAA   0   0   0   0   0   0 | Arg AGA   0   0   0   0   0   0
Met ATG   1   1   1   0   1   1 |     ACG   1   1   1   1   1   1 |     AAG   1   1   1   1   1   1 |     AGG   0   0   0   0   0   0
--------------------------------------------------------------------------------------------------------------------------------------
Val GTT   0   0   0   0   0   0 | Ala GCT   0   0   0   0   0   0 | Asp GAT   0   0   0   0   0   0 | Gly GGT   0   0   0   0   0   0
    GTC   3   3   3   3   3   3 |     GCC   0   0   0   0   0   0 |     GAC   0   0   0   0   0   0 |     GGC   4   4   4   4   4   4
    GTA   1   1   1   1   1   1 |     GCA   1   1   1   1   1   1 | Glu GAA   0   0   0   0   0   0 |     GGA   0   0   0   0   0   0
    GTG   1   1   1   1   1   1 |     GCG   1   1   1   1   1   1 |     GAG   0   0   0   0   0   0 |     GGG   3   3   3   3   3   3
--------------------------------------------------------------------------------------------------------------------------------------

--------------------------------------------------------------------------------------------------------------------------------------
Phe TTT   0   0   0   0   0   0 | Ser TCT   0   0   0   0   0   0 | Tyr TAT   0   0   0   0   0   0 | Cys TGT   0   0   0   0   0   0
    TTC   0   0   0   0   0   0 |     TCC   4   4   4   4   4   4 |     TAC   0   0   0   0   0   0 |     TGC   0   0   0   0   0   0
Leu TTA   1   1   1   1   1   1 |     TCA   1   1   1   1   1   1 | *** TAA   0   0   0   0   0   0 | *** TGA   0   0   0   0   0   0
    TTG   0   0   0   0   0   0 |     TCG   0   0   0   0   0   0 |     TAG   0   0   0   0   0   0 | Trp TGG   0   0   0   0   0   0
--------------------------------------------------------------------------------------------------------------------------------------
Leu CTT   0   0   0   0   0   0 | Pro CCT   3   3   3   4   3   5 | His CAT   0   0   0   0   0   0 | Arg CGT   1   1   1   0   1   1
    CTC   0   0   0   0   0   0 |     CCC   3   3   3   2   3   1 |     CAC   0   0   0   0   0   0 |     CGC   0   0   0   1   0   0
    CTA   0   0   0   0   0   0 |     CCA   2   2   2   1   2   2 | Gln CAA   0   0   0   0   0   0 |     CGA   0   0   0   0   0   0
    CTG   1   1   1   1   1   1 |     CCG   1   1   1   2   1   1 |     CAG   5   5   5   5   5   5 |     CGG   1   1   1   1   1   1
--------------------------------------------------------------------------------------------------------------------------------------
Ile ATT   0   0   0   0   0   0 | Thr ACT   1   1   1   1   1   1 | Asn AAT   0   0   0   0   0   0 | Ser AGT   1   1   1   1   1   1
    ATC   1   1   1   1   1   1 |     ACC   3   3   3   3   3   3 |     AAC   1   1   1   1   1   1 |     AGC   2   2   2   2   2   2
    ATA   0   0   0   0   0   0 |     ACA   0   0   0   0   0   0 | Lys AAA   0   0   0   0   0   0 | Arg AGA   0   0   0   0   0   0
Met ATG   1   1   1   1   1   1 |     ACG   1   1   1   1   1   1 |     AAG   1   1   1   1   0   1 |     AGG   0   0   0   0   0   0
--------------------------------------------------------------------------------------------------------------------------------------
Val GTT   0   0   0   0   0   0 | Ala GCT   0   0   0   0   0   0 | Asp GAT   0   0   0   0   0   0 | Gly GGT   0   0   0   0   0   0
    GTC   3   3   3   3   3   3 |     GCC   0   0   0   0   0   0 |     GAC   0   0   0   0   0   0 |     GGC   4   4   4   4   4   4
    GTA   1   1   1   1   1   1 |     GCA   1   1   1   1   2   1 | Glu GAA   0   0   0   0   0   0 |     GGA   0   0   0   0   0   0
    GTG   1   1   1   1   1   1 |     GCG   1   1   1   1   0   1 |     GAG   0   0   0   0   1   0 |     GGG   3   3   3   3   3   3
--------------------------------------------------------------------------------------------------------------------------------------

Codon position x base (3x4) table for each sequence.

#1: Argali         
position  1:    T:0.12245    C:0.34694    A:0.24490    G:0.28571
position  2:    T:0.18367    C:0.42857    A:0.14286    G:0.24490
position  3:    T:0.12245    C:0.42857    A:0.12245    G:0.32653
Average         T:0.14286    C:0.40136    A:0.17007    G:0.28571

#2: LesserMouseDeer
position  1:    T:0.10204    C:0.34694    A:0.24490    G:0.30612
position  2:    T:0.18367    C:0.42857    A:0.14286    G:0.24490
position  3:    T:0.14286    C:0.42857    A:0.10204    G:0.32653
Average         T:0.14286    C:0.40136    A:0.16327    G:0.29252

#3: LesserKudu     
position  1:    T:0.12245    C:0.34694    A:0.24490    G:0.28571
position  2:    T:0.18367    C:0.42857    A:0.14286    G:0.24490
position  3:    T:0.14286    C:0.40816    A:0.12245    G:0.32653
Average         T:0.14966    C:0.39456    A:0.17007    G:0.28571

#4: ForestMuskDeer2
position  1:    T:0.12245    C:0.34694    A:0.24490    G:0.28571
position  2:    T:0.18367    C:0.42857    A:0.14286    G:0.24490
position  3:    T:0.12245    C:0.42857    A:0.10204    G:0.34694
Average         T:0.14286    C:0.40136    A:0.16327    G:0.29252

#5: Camel          
position  1:    T:0.12245    C:0.34694    A:0.28571    G:0.24490
position  2:    T:0.18367    C:0.42857    A:0.14286    G:0.24490
position  3:    T:0.12245    C:0.40816    A:0.14286    G:0.32653
Average         T:0.14286    C:0.39456    A:0.19048    G:0.27211

#6: KillerWhale    
position  1:    T:0.12245    C:0.34694    A:0.24490    G:0.28571
position  2:    T:0.18367    C:0.42857    A:0.14286    G:0.24490
position  3:    T:0.12245    C:0.38776    A:0.14286    G:0.34694
Average         T:0.14286    C:0.38776    A:0.17687    G:0.29252

#7: DefassaWaterbuck
position  1:    T:0.12245    C:0.34694    A:0.24490    G:0.28571
position  2:    T:0.18367    C:0.42857    A:0.14286    G:0.24490
position  3:    T:0.12245    C:0.42857    A:0.12245    G:0.32653
Average         T:0.14286    C:0.40136    A:0.17007    G:0.28571

#8: Sheep          
position  1:    T:0.12245    C:0.34694    A:0.24490    G:0.28571
position  2:    T:0.18367    C:0.42857    A:0.14286    G:0.24490
position  3:    T:0.12245    C:0.42857    A:0.12245    G:0.32653
Average         T:0.14286    C:0.40136    A:0.17007    G:0.28571

#9: MaxwellsDuiker 
position  1:    T:0.12245    C:0.34694    A:0.24490    G:0.28571
position  2:    T:0.18367    C:0.42857    A:0.14286    G:0.24490
position  3:    T:0.12245    C:0.42857    A:0.12245    G:0.32653
Average         T:0.14286    C:0.40136    A:0.17007    G:0.28571

#10: GazellaPrzewalskyi
position  1:    T:0.12245    C:0.34694    A:0.24490    G:0.28571
position  2:    T:0.18367    C:0.42857    A:0.14286    G:0.24490
position  3:    T:0.12245    C:0.42857    A:0.12245    G:0.32653
Average         T:0.14286    C:0.40136    A:0.17007    G:0.28571

#11: MountainNyala  
position  1:    T:0.12245    C:0.34694    A:0.24490    G:0.28571
position  2:    T:0.18367    C:0.42857    A:0.14286    G:0.24490
position  3:    T:0.14286    C:0.40816    A:0.12245    G:0.32653
Average         T:0.14966    C:0.39456    A:0.17007    G:0.28571

#12: MuntiacusMuntjak
position  1:    T:0.10204    C:0.36735    A:0.24490    G:0.28571
position  2:    T:0.18367    C:0.42857    A:0.14286    G:0.24490
position  3:    T:0.16327    C:0.40816    A:0.06122    G:0.36735
Average         T:0.14966    C:0.40136    A:0.14966    G:0.29932

#13: goat           
position  1:    T:0.12245    C:0.34694    A:0.24490    G:0.28571
position  2:    T:0.18367    C:0.42857    A:0.14286    G:0.24490
position  3:    T:0.12245    C:0.42857    A:0.12245    G:0.32653
Average         T:0.14286    C:0.40136    A:0.17007    G:0.28571

#14: AfricanBuffalo 
position  1:    T:0.12245    C:0.34694    A:0.24490    G:0.28571
position  2:    T:0.18367    C:0.42857    A:0.14286    G:0.24490
position  3:    T:0.12245    C:0.42857    A:0.14286    G:0.30612
Average         T:0.14286    C:0.40136    A:0.17687    G:0.27891

#15: Topi           
position  1:    T:0.12245    C:0.34694    A:0.24490    G:0.28571
position  2:    T:0.18367    C:0.42857    A:0.14286    G:0.24490
position  3:    T:0.12245    C:0.42857    A:0.12245    G:0.32653
Average         T:0.14286    C:0.40136    A:0.17007    G:0.28571

#16: CommonDuiker   
position  1:    T:0.12245    C:0.34694    A:0.24490    G:0.28571
position  2:    T:0.18367    C:0.42857    A:0.14286    G:0.24490
position  3:    T:0.12245    C:0.42857    A:0.12245    G:0.32653
Average         T:0.14286    C:0.40136    A:0.17007    G:0.28571

#17: Suni           
position  1:    T:0.12245    C:0.34694    A:0.24490    G:0.28571
position  2:    T:0.18367    C:0.42857    A:0.14286    G:0.24490
position  3:    T:0.12245    C:0.42857    A:0.12245    G:0.32653
Average         T:0.14286    C:0.40136    A:0.17007    G:0.28571

#18: Springbuck     
position  1:    T:0.12245    C:0.34694    A:0.24490    G:0.28571
position  2:    T:0.18367    C:0.42857    A:0.14286    G:0.24490
position  3:    T:0.12245    C:0.42857    A:0.12245    G:0.32653
Average         T:0.14286    C:0.40136    A:0.17007    G:0.28571

#19: Okapi          
position  1:    T:0.12245    C:0.34694    A:0.24490    G:0.28571
position  2:    T:0.18367    C:0.42857    A:0.16327    G:0.22449
position  3:    T:0.12245    C:0.42857    A:0.12245    G:0.32653
Average         T:0.14286    C:0.40136    A:0.17687    G:0.27891

#20: Giraffe        
position  1:    T:0.12245    C:0.34694    A:0.26531    G:0.26531
position  2:    T:0.18367    C:0.42857    A:0.16327    G:0.22449
position  3:    T:0.14286    C:0.40816    A:0.14286    G:0.30612
Average         T:0.14966    C:0.39456    A:0.19048    G:0.26531

#21: TibetanAntelope
position  1:    T:0.12245    C:0.34694    A:0.24490    G:0.28571
position  2:    T:0.18367    C:0.42857    A:0.14286    G:0.24490
position  3:    T:0.12245    C:0.42857    A:0.12245    G:0.32653
Average         T:0.14286    C:0.40136    A:0.17007    G:0.28571

#22: Sitatunga      
position  1:    T:0.12245    C:0.34694    A:0.24490    G:0.28571
position  2:    T:0.18367    C:0.42857    A:0.14286    G:0.24490
position  3:    T:0.14286    C:0.40816    A:0.12245    G:0.32653
Average         T:0.14966    C:0.39456    A:0.17007    G:0.28571

#23: Oribi          
position  1:    T:0.12245    C:0.34694    A:0.24490    G:0.28571
position  2:    T:0.18367    C:0.42857    A:0.14286    G:0.24490
position  3:    T:0.12245    C:0.42857    A:0.12245    G:0.32653
Average         T:0.14286    C:0.40136    A:0.17007    G:0.28571

#24: BarbarySheep   
position  1:    T:0.12245    C:0.34694    A:0.24490    G:0.28571
position  2:    T:0.18367    C:0.42857    A:0.14286    G:0.24490
position  3:    T:0.12245    C:0.42857    A:0.12245    G:0.32653
Average         T:0.14286    C:0.40136    A:0.17007    G:0.28571

#25: Daviddeer      
position  1:    T:0.12245    C:0.34694    A:0.24490    G:0.28571
position  2:    T:0.18367    C:0.42857    A:0.14286    G:0.24490
position  3:    T:0.12245    C:0.42857    A:0.12245    G:0.32653
Average         T:0.14286    C:0.40136    A:0.17007    G:0.28571

#26: Reindeer       
position  1:    T:0.12245    C:0.34694    A:0.24490    G:0.28571
position  2:    T:0.18367    C:0.42857    A:0.14286    G:0.24490
position  3:    T:0.12245    C:0.42857    A:0.12245    G:0.32653
Average         T:0.14286    C:0.40136    A:0.17007    G:0.28571

#27: Ibex           
position  1:    T:0.12245    C:0.34694    A:0.24490    G:0.28571
position  2:    T:0.18367    C:0.42857    A:0.14286    G:0.24490
position  3:    T:0.12245    C:0.42857    A:0.12245    G:0.32653
Average         T:0.14286    C:0.40136    A:0.17007    G:0.28571

#28: GyrantGazelle  
position  1:    T:0.12245    C:0.34694    A:0.24490    G:0.28571
position  2:    T:0.18367    C:0.42857    A:0.14286    G:0.24490
position  3:    T:0.12245    C:0.42857    A:0.12245    G:0.32653
Average         T:0.14286    C:0.40136    A:0.17007    G:0.28571

#29: Hartebeest     
position  1:    T:0.12245    C:0.34694    A:0.24490    G:0.28571
position  2:    T:0.18367    C:0.42857    A:0.14286    G:0.24490
position  3:    T:0.12245    C:0.42857    A:0.12245    G:0.32653
Average         T:0.14286    C:0.40136    A:0.17007    G:0.28571

#30: Bongo          
position  1:    T:0.12245    C:0.34694    A:0.24490    G:0.28571
position  2:    T:0.18367    C:0.42857    A:0.14286    G:0.24490
position  3:    T:0.14286    C:0.40816    A:0.12245    G:0.32653
Average         T:0.14966    C:0.39456    A:0.17007    G:0.28571

#31: Gerenuk        
position  1:    T:0.12245    C:0.34694    A:0.24490    G:0.28571
position  2:    T:0.18367    C:0.42857    A:0.14286    G:0.24490
position  3:    T:0.10204    C:0.44898    A:0.14286    G:0.30612
Average         T:0.13605    C:0.40816    A:0.17687    G:0.27891

#32: CommonEland    
position  1:    T:0.12245    C:0.34694    A:0.24490    G:0.28571
position  2:    T:0.18367    C:0.42857    A:0.14286    G:0.24490
position  3:    T:0.14286    C:0.40816    A:0.14286    G:0.30612
Average         T:0.14966    C:0.39456    A:0.17687    G:0.27891

#33: MuntiacusReevesi
position  1:    T:0.10204    C:0.36735    A:0.24490    G:0.28571
position  2:    T:0.18367    C:0.42857    A:0.14286    G:0.24490
position  3:    T:0.14286    C:0.40816    A:0.08163    G:0.36735
Average         T:0.14286    C:0.40136    A:0.15646    G:0.29932

#34: HarveysDuiker  
position  1:    T:0.12245    C:0.34694    A:0.24490    G:0.28571
position  2:    T:0.18367    C:0.42857    A:0.14286    G:0.24490
position  3:    T:0.12245    C:0.42857    A:0.12245    G:0.32653
Average         T:0.14286    C:0.40136    A:0.17007    G:0.28571

#35: Pronghorn      
position  1:    T:0.12245    C:0.34694    A:0.24490    G:0.28571
position  2:    T:0.18367    C:0.42857    A:0.14286    G:0.24490
position  3:    T:0.12245    C:0.42857    A:0.12245    G:0.32653
Average         T:0.14286    C:0.40136    A:0.17007    G:0.28571

#36: BlueWildebeest 
position  1:    T:0.12245    C:0.34694    A:0.24490    G:0.28571
position  2:    T:0.18367    C:0.42857    A:0.14286    G:0.24490
position  3:    T:0.12245    C:0.42857    A:0.12245    G:0.32653
Average         T:0.14286    C:0.40136    A:0.17007    G:0.28571

#37: Gemsbok        
position  1:    T:0.12245    C:0.34694    A:0.24490    G:0.28571
position  2:    T:0.18367    C:0.42857    A:0.14286    G:0.24490
position  3:    T:0.18367    C:0.36735    A:0.12245    G:0.32653
Average         T:0.16327    C:0.38095    A:0.17007    G:0.28571

#38: Yak            
position  1:    T:0.12245    C:0.34694    A:0.24490    G:0.28571
position  2:    T:0.18367    C:0.42857    A:0.16327    G:0.22449
position  3:    T:0.14286    C:0.40816    A:0.12245    G:0.32653
Average         T:0.14966    C:0.39456    A:0.17687    G:0.27891

#39: BlueSheep      
position  1:    T:0.12245    C:0.34694    A:0.24490    G:0.28571
position  2:    T:0.18367    C:0.42857    A:0.14286    G:0.24490
position  3:    T:0.12245    C:0.42857    A:0.12245    G:0.32653
Average         T:0.14286    C:0.40136    A:0.17007    G:0.28571

#40: BohorReedbuck  
position  1:    T:0.12245    C:0.34694    A:0.24490    G:0.28571
position  2:    T:0.18367    C:0.42857    A:0.14286    G:0.24490
position  3:    T:0.12245    C:0.42857    A:0.12245    G:0.32653
Average         T:0.14286    C:0.40136    A:0.17007    G:0.28571

#41: KirksDik       
position  1:    T:0.12245    C:0.34694    A:0.24490    G:0.28571
position  2:    T:0.18367    C:0.42857    A:0.14286    G:0.24490
position  3:    T:0.14286    C:0.40816    A:0.12245    G:0.32653
Average         T:0.14966    C:0.39456    A:0.17007    G:0.28571

#42: RoeDeer        
position  1:    T:0.12245    C:0.34694    A:0.26531    G:0.26531
position  2:    T:0.18367    C:0.42857    A:0.14286    G:0.24490
position  3:    T:0.12245    C:0.42857    A:0.14286    G:0.30612
Average         T:0.14286    C:0.40136    A:0.18367    G:0.27211

#43: WhiteLippedDeer
position  1:    T:0.12245    C:0.34694    A:0.24490    G:0.28571
position  2:    T:0.18367    C:0.42857    A:0.14286    G:0.24490
position  3:    T:0.12245    C:0.42857    A:0.12245    G:0.32653
Average         T:0.14286    C:0.40136    A:0.17007    G:0.28571

#44: ThomsonGazelle 
position  1:    T:0.12245    C:0.34694    A:0.24490    G:0.28571
position  2:    T:0.18367    C:0.42857    A:0.14286    G:0.24490
position  3:    T:0.12245    C:0.42857    A:0.12245    G:0.32653
Average         T:0.14286    C:0.40136    A:0.17007    G:0.28571

#45: MuntiacusCrinifrons
position  1:    T:0.10204    C:0.36735    A:0.24490    G:0.28571
position  2:    T:0.18367    C:0.42857    A:0.14286    G:0.24490
position  3:    T:0.16327    C:0.40816    A:0.08163    G:0.34694
Average         T:0.14966    C:0.40136    A:0.15646    G:0.29252

#46: WhiteTailedDeer
position  1:    T:0.12245    C:0.34694    A:0.24490    G:0.28571
position  2:    T:0.18367    C:0.42857    A:0.14286    G:0.24490
position  3:    T:0.12245    C:0.42857    A:0.14286    G:0.30612
Average         T:0.14286    C:0.40136    A:0.17687    G:0.27891

#47: Cattle         
position  1:    T:0.12245    C:0.34694    A:0.24490    G:0.28571
position  2:    T:0.18367    C:0.42857    A:0.16327    G:0.22449
position  3:    T:0.12245    C:0.42857    A:0.12245    G:0.32653
Average         T:0.14286    C:0.40136    A:0.17687    G:0.27891

#48: RoyalAntelope  
position  1:    T:0.12245    C:0.34694    A:0.24490    G:0.28571
position  2:    T:0.18367    C:0.42857    A:0.14286    G:0.24490
position  3:    T:0.12245    C:0.42857    A:0.12245    G:0.32653
Average         T:0.14286    C:0.40136    A:0.17007    G:0.28571

#49: Steenbok       
position  1:    T:0.12245    C:0.34694    A:0.24490    G:0.28571
position  2:    T:0.18367    C:0.42857    A:0.14286    G:0.24490
position  3:    T:0.12245    C:0.42857    A:0.12245    G:0.32653
Average         T:0.14286    C:0.40136    A:0.17007    G:0.28571

#50: Impala         
position  1:    T:0.12245    C:0.34694    A:0.24490    G:0.28571
position  2:    T:0.18367    C:0.42857    A:0.14286    G:0.24490
position  3:    T:0.12245    C:0.42857    A:0.12245    G:0.32653
Average         T:0.14286    C:0.40136    A:0.17007    G:0.28571

#51: Klipspringer   
position  1:    T:0.12245    C:0.34694    A:0.24490    G:0.28571
position  2:    T:0.18367    C:0.42857    A:0.14286    G:0.24490
