1
52 1
Argali 0.000000 0.234700 0.050100 0.147500 0.012400 0.000000 0.065700 0.077200 0.037100 0.104400 0.000000 0.050200 0.025100 0.051200 0.037800 0.064200 0.062900 0.087900 0.012400 0.050100 0.064900 0.023600 0.103500 0.117800 0.012400 0.037700 0.025100 0.050100 0.064200 0.050500 0.118600 0.064700 0.134300 0.038000 0.025100 0.075600 0.000000 0.025000 0.066100 0.075700 0.103500 0.037700 0.117000 0.185100 0.062700 0.037500 0.064000 0.079000 0.024100 0.079400 0.050100 0.050100
LesserMous 0.234700 0.000000 0.230700 0.141700 0.217400 0.234700 0.224100 0.264700 0.246200 0.201700 0.234700 0.231300 0.204300 0.205000 0.217600 0.251700 0.213300 0.240400 0.219900 0.230700 0.252900 0.262600 0.200000 0.232200 0.251500 0.217500 0.204300 0.230700 0.251700 0.231500 0.217700 0.221700 0.234500 0.220100 0.204300 0.227900 0.234700 0.233000 0.225000 0.213000 0.200000 0.217500 0.214900 0.256800 0.212800 0.217400 0.219000 0.177200 0.232900 0.207100 0.230700 0.230700
LesserKudu 0.050100 0.230700 0.000000 0.117400 0.037400 0.050100 0.064900 0.076200 0.011700 0.076200 0.050100 0.024500 0.050300 0.050500 0.063200 0.063400 0.036800 0.061200 0.063200 0.000000 0.064100 0.074800 0.075500 0.102600 0.063600 0.037300 0.050300 0.000000 0.063400 0.000000 0.089800 0.063900 0.104600 0.063500 0.047300 0.049100 0.050100 0.050000 0.065100 0.061900 0.075500 0.037300 0.088600 0.168300 0.036700 0.062600 0.063300 0.077900 0.049900 0.051400 0.000000 0.000000
KillerWhal 0.147500 0.141700 0.117400 0.000000 0.132700 0.147500 0.136800 0.176000 0.131000 0.118400 0.147500 0.117600 0.119600 0.120400 0.161000 0.163200 0.102900 0.128400 0.133600 0.117400 0.135000 0.173900 0.145300 0.146400 0.163000 0.132900 0.119600 0.117400 0.163200 0.117900 0.133000 0.135200 0.148100 0.133900 0.119600 0.115900 0.147500 0.146700 0.136400 0.130000 0.145300 0.132900 0.131200 0.185100 0.102600 0.132400 0.162800 0.121800 0.146800 0.120600 0.117400 0.117400
DefassaWat 0.012400 0.217400 0.037400 0.132700 0.000000 0.012400 0.051900 0.063700 0.024600 0.090400 0.012400 0.037400 0.012500 0.038200 0.025000 0.051100 0.049900 0.074700 0.025100 0.037400 0.051400 0.037100 0.089700 0.103700 0.025100 0.025000 0.012500 0.037400 0.051100 0.037500 0.104400 0.051500 0.119600 0.025100 0.012500 0.062500 0.012400 0.012300 0.052400 0.062600 0.089700 0.025000 0.103000 0.170100 0.049800 0.024900 0.051000 0.065400 0.012400 0.065500 0.037400 0.037400
Sheep 0.000000 0.234700 0.050100 0.147500 0.012400 0.000000 0.065700 0.077200 0.035000 0.104400 0.000000 0.050200 0.025100 0.051200 0.037800 0.064200 0.062900 0.087900 0.012100 0.050100 0.064900 0.023700 0.103500 0.117800 0.012400 0.037700 0.025100 0.050100 0.064200 0.050500 0.118600 0.064700 0.134300 0.038000 0.025100 0.075600 0.000000 0.025000 0.066100 0.075700 0.103500 0.036400 0.117000 0.185100 0.062700 0.037500 0.064000 0.079000 0.023900 0.079400 0.050100 0.050100
MaxwellsDu 0.065700 0.224100 0.064900 0.136800 0.051900 0.065700 0.000000 0.065400 0.078200 0.078200 0.065700 0.065000 0.039200 0.013000 0.079300 0.052700 0.078000 0.103700 0.079700 0.064900 0.053000 0.091600 0.091200 0.121100 0.079900 0.025800 0.039200 0.064900 0.052700 0.065200 0.092200 0.026200 0.123400 0.052500 0.039200 0.091100 0.065700 0.065200 0.054000 0.105100 0.091200 0.025800 0.090900 0.190100 0.077700 0.052000 0.052500 0.067500 0.038800 0.067600 0.064900 0.064900
GazellaPrz 0.077200 0.264700 0.076200 0.176000 0.063700 0.077200 0.065400 0.000000 0.089300 0.131800 0.077200 0.076300 0.077500 0.051300 0.090500 0.064300 0.089100 0.114400 0.091000 0.076200 0.050700 0.102600 0.130500 0.160000 0.091100 0.037800 0.077500 0.076200 0.064300 0.076500 0.146500 0.064800 0.162700 0.091000 0.077500 0.102000 0.077200 0.076900 0.064500 0.115800 0.130500 0.037800 0.144600 0.229300 0.088800 0.090000 0.037300 0.106700 0.050600 0.106800 0.076200 0.076200
MountainNy 0.037100 0.246200 0.011700 0.131000 0.024600 0.035000 0.078200 0.089300 0.000000 0.089200 0.037100 0.036800 0.037300 0.063900 0.050000 0.076400 0.049300 0.073800 0.050000 0.012100 0.077200 0.061700 0.088500 0.102300 0.050300 0.049900 0.037300 0.011700 0.076400 0.012200 0.103100 0.077000 0.118100 0.050200 0.037300 0.061600 0.037100 0.037100 0.078500 0.061800 0.088500 0.049900 0.101700 0.167800 0.049100 0.049600 0.076300 0.091200 0.037000 0.064600 0.012100 0.011700
MuntiacusM 0.104400 0.201700 0.076200 0.118400 0.090400 0.104400 0.078200 0.131800 0.089200 0.000000 0.104400 0.076300 0.077600 0.078100 0.118000 0.119100 0.062700 0.087600 0.118700 0.076200 0.119900 0.130000 0.036800 0.050500 0.118900 0.090500 0.077600 0.076200 0.119100 0.076500 0.012200 0.092000 0.105500 0.091100 0.077600 0.075300 0.104400 0.103800 0.093500 0.037000 0.036800 0.090500 0.012000 0.114300 0.062500 0.090200 0.118800 0.106900 0.103900 0.079100 0.076200 0.076200
goat 0.000000 0.234700 0.050100 0.147500 0.012400 0.000000 0.065700 0.077200 0.037100 0.104400 0.000000 0.050200 0.025100 0.051200 0.037800 0.064200 0.062900 0.087900 0.012400 0.050100 0.064900 0.024400 0.103500 0.117800 0.012400 0.035400 0.025100 0.046700 0.064200 0.050500 0.118600 0.064700 0.134300 0.038000 0.025100 0.075600 0.000000 0.025000 0.066100 0.075700 0.103500 0.037700 0.117000 0.185100 0.062700 0.037500 0.064000 0.079000 0.024900 0.079400 0.050100 0.050100
AfricanBuf 0.050200 0.231300 0.024500 0.117600 0.037400 0.050200 0.065000 0.076300 0.036800 0.076300 0.050200 0.000000 0.050400 0.050700 0.063300 0.063600 0.036900 0.061300 0.063300 0.024500 0.064200 0.075000 0.075600 0.102800 0.063700 0.037300 0.050400 0.024500 0.063600 0.024700 0.090000 0.064000 0.104800 0.063600 0.050400 0.049200 0.050200 0.050100 0.065300 0.062100 0.075600 0.037300 0.088800 0.168600 0.036800 0.062700 0.063400 0.078000 0.050000 0.051500 0.024500 0.024500
Topi 0.025100 0.204300 0.050300 0.119600 0.012500 0.025100 0.039200 0.077500 0.037300 0.077600 0.025100 0.050400 0.000000 0.025500 0.038000 0.064600 0.063200 0.088300 0.038000 0.050300 0.065200 0.050000 0.103900 0.090900 0.038200 0.037900 0.000000 0.050300 0.064600 0.050700 0.091500 0.038500 0.106600 0.012600 0.000000 0.075900 0.025100 0.025100 0.039400 0.076100 0.103900 0.037900 0.090300 0.157100 0.063000 0.012400 0.064400 0.052300 0.025000 0.052600 0.050300 0.050300
CommonDuik 0.051200 0.205000 0.050500 0.120400 0.038200 0.051200 0.013000 0.051300 0.063900 0.078100 0.051200 0.050700 0.025500 0.000000 0.064600 0.038500 0.063600 0.088800 0.064700 0.050600 0.038900 0.076500 0.104500 0.105300 0.065100 0.012600 0.025500 0.050600 0.038500 0.051100 0.092100 0.012800 0.107400 0.038500 0.025500 0.076400 0.051200 0.051200 0.039600 0.089900 0.104500 0.012600 0.090800 0.172500 0.063400 0.038000 0.038400 0.052000 0.025200 0.052800 0.050600 0.050600
Suni 0.037800 0.217600 0.063200 0.161000 0.025000 0.037800 0.079300 0.090500 0.050000 0.118000 0.037800 0.063300 0.038000 0.064600 0.000000 0.077800 0.075900 0.101100 0.050900 0.063200 0.078300 0.062800 0.089800 0.131600 0.051000 0.050700 0.038000 0.063200 0.077800 0.063400 0.132500 0.078300 0.148500 0.051000 0.038000 0.088700 0.037800 0.037700 0.079700 0.088900 0.089800 0.050700 0.130700 0.198800 0.075700 0.050400 0.077600 0.065600 0.037600 0.093100 0.063200 0.063200
Springbuck 0.064200 0.251700 0.063400 0.163200 0.051100 0.064200 0.052700 0.064300 0.076400 0.119100 0.064200 0.063600 0.064600 0.038500 0.077800 0.000000 0.076600 0.101800 0.077900 0.063400 0.052000 0.089600 0.118000 0.147200 0.078300 0.025200 0.064600 0.063400 0.000000 0.064000 0.133800 0.051800 0.134800 0.078300 0.064600 0.062800 0.064200 0.064200 0.080400 0.103100 0.118000 0.025200 0.131800 0.216400 0.076300 0.077100 0.051300 0.093400 0.037900 0.094000 0.063400 0.063400
Okapi 0.062900 0.213300 0.036800 0.102900 0.049900 0.062900 0.078000 0.089100 0.049300 0.062700 0.062900 0.036900 0.063200 0.063600 0.075900 0.076600 0.000000 0.023800 0.076300 0.036800 0.076800 0.087800 0.062100 0.088300 0.076200 0.050000 0.063200 0.036800 0.076600 0.037000 0.076000 0.077100 0.090300 0.076300 0.063200 0.036400 0.062900 0.062700 0.078300 0.048800 0.062100 0.050000 0.075000 0.153200 0.024200 0.075600 0.076400 0.091300 0.062700 0.064400 0.036800 0.036800
Giraffe 0.087900 0.240400 0.061200 0.128400 0.074700 0.087900 0.103700 0.114400 0.073800 0.087600 0.087900 0.061300 0.088300 0.088800 0.101100 0.101800 0.023800 0.000000 0.101500 0.061200 0.102500 0.112800 0.086900 0.113800 0.101700 0.074800 0.088300 0.061200 0.101800 0.061500 0.101200 0.102500 0.115800 0.101600 0.088300 0.060600 0.087900 0.087600 0.090500 0.073300 0.086900 0.074800 0.099900 0.178800 0.048300 0.100600 0.101700 0.117100 0.087600 0.089900 0.061200 0.061200
TibetanAnt 0.012400 0.219900 0.063200 0.133600 0.025100 0.012100 0.079700 0.091000 0.050000 0.118700 0.012400 0.063300 0.038000 0.064700 0.050900 0.077900 0.076300 0.101500 0.000000 0.063200 0.078600 0.037000 0.117600 0.132300 0.025100 0.050800 0.038000 0.063200 0.077900 0.063700 0.133200 0.078400 0.149300 0.051200 0.038000 0.089100 0.012100 0.037800 0.080100 0.089300 0.117600 0.050800 0.131400 0.200600 0.076000 0.050500 0.077600 0.093100 0.037700 0.093600 0.063200 0.063200
Sitatunga 0.050100 0.230700 0.000000 0.117400 0.037400 0.050100 0.064900 0.076200 0.012100 0.076200 0.050100 0.024500 0.050300 0.050600 0.063200 0.063400 0.036800 0.061200 0.063200 0.000000 0.064100 0.074800 0.075500 0.102600 0.063600 0.037300 0.047000 0.000000 0.063400 0.000000 0.089800 0.063900 0.104600 0.063500 0.050300 0.049100 0.050100 0.050000 0.065100 0.061900 0.075500 0.037300 0.088600 0.168300 0.036700 0.062600 0.063300 0.077900 0.049900 0.051400 0.000000 0.000000
Oribi 0.064900 0.252900 0.064100 0.135000 0.051400 0.064900 0.053000 0.050700 0.077200 0.119900 0.064900 0.064200 0.065200 0.038900 0.078300 0.052000 0.076800 0.102500 0.078600 0.064100 0.000000 0.090400 0.118800 0.147700 0.078500 0.025400 0.065200 0.064100 0.052000 0.064400 0.134700 0.052300 0.151100 0.078700 0.065200 0.090000 0.064900 0.064600 0.066000 0.103500 0.118800 0.025400 0.132800 0.217600 0.076800 0.077900 0.038100 0.094300 0.038300 0.094500 0.064100 0.064100
BarbaryShe 0.023600 0.262600 0.074800 0.173900 0.037100 0.023700 0.091600 0.102600 0.061700 0.130000 0.024400 0.075000 0.050000 0.076500 0.062800 0.089600 0.087800 0.112800 0.037000 0.074800 0.090400 0.000000 0.128900 0.143500 0.037100 0.062600 0.050000 0.074800 0.089600 0.075500 0.144500 0.090200 0.160500 0.063100 0.050000 0.100500 0.024400 0.049800 0.092100 0.100700 0.128900 0.062600 0.142600 0.181900 0.087600 0.062200 0.089300 0.104700 0.049500 0.105300 0.074800 0.074800
Daviddeer 0.103500 0.200000 0.075500 0.145300 0.089700 0.103500 0.091200 0.130500 0.088500 0.036800 0.103500 0.075600 0.103900 0.104500 0.089800 0.118000 0.062100 0.086900 0.117600 0.075500 0.118800 0.128900 0.000000 0.076000 0.117800 0.089700 0.103900 0.075500 0.118000 0.075800 0.049500 0.118800 0.132300 0.117700 0.103900 0.074700 0.103500 0.103000 0.120800 0.036700 0.000000 0.089700 0.048900 0.140400 0.061900 0.116500 0.117700 0.105900 0.103000 0.105900 0.075500 0.075500
Reindeer 0.117800 0.232200 0.102600 0.146400 0.103700 0.117800 0.121100 0.160000 0.102300 0.050500 0.117800 0.102800 0.090900 0.105300 0.131600 0.147200 0.088300 0.113800 0.132300 0.102600 0.147700 0.143500 0.076000 0.000000 0.132100 0.117700 0.090900 0.102600 0.147200 0.103100 0.063700 0.119700 0.133500 0.104500 0.090900 0.101300 0.117800 0.117200 0.121600 0.036400 0.076000 0.117700 0.062900 0.086200 0.088300 0.103500 0.146800 0.135200 0.117300 0.106700 0.102600 0.102600
Ibex 0.012400 0.251500 0.063600 0.163000 0.025100 0.012400 0.079900 0.091100 0.050300 0.118900 0.012400 0.063700 0.038200 0.065100 0.051000 0.078300 0.076200 0.101700 0.025100 0.063600 0.078500 0.037100 0.117800 0.132100 0.000000 0.051000 0.038200 0.063600 0.078300 0.063900 0.105400 0.078900 0.149800 0.051300 0.038200 0.089300 0.012400 0.037900 0.080300 0.089100 0.117800 0.051000 0.131700 0.200700 0.076200 0.050700 0.078100 0.093600 0.037900 0.093800 0.063600 0.063600
GyrantGaze 0.037700 0.217500 0.037300 0.132900 0.025000 0.037700 0.025800 0.037800 0.049900 0.090500 0.035400 0.037300 0.037900 0.012600 0.050700 0.025200 0.050000 0.074800 0.050800 0.037300 0.025400 0.062600 0.089700 0.117700 0.051000 0.000000 0.037900 0.037300 0.024500 0.037600 0.104600 0.025400 0.120000 0.051000 0.037900 0.062500 0.037700 0.037700 0.052400 0.075700 0.089700 0.000000 0.103100 0.184700 0.049800 0.050300 0.025100 0.065200 0.012000 0.065600 0.037300 0.037300
Hartebeest 0.025100 0.204300 0.050300 0.119600 0.012500 0.025100 0.039200 0.077500 0.037300 0.077600 0.025100 0.050400 0.000000 0.025500 0.038000 0.064600 0.063200 0.088300 0.038000 0.047000 0.065200 0.050000 0.103900 0.090900 0.038200 0.037900 0.000000 0.050300 0.064600 0.050700 0.091500 0.038500 0.106600 0.012600 0.000000 0.075900 0.025100 0.025100 0.039400 0.076100 0.103900 0.037900 0.090300 0.157100 0.063000 0.012400 0.064400 0.052300 0.025000 0.052600 0.050300 0.050300
Bongo 0.050100 0.230700 0.000000 0.117400 0.037400 0.050100 0.064900 0.076200 0.011700 0.076200 0.046700 0.024500 0.050300 0.050600 0.063200 0.063400 0.036800 0.061200 0.063200 0.000000 0.064100 0.074800 0.075500 0.102600 0.063600 0.037300 0.050300 0.000000 0.063400 0.000000 0.089800 0.063900 0.104600 0.063500 0.050300 0.049100 0.050100 0.050000 0.065100 0.061900 0.075500 0.037300 0.088600 0.168300 0.036700 0.062600 0.063300 0.077900 0.049900 0.051400 0.000000 0.000000
Gerenuk 0.064200 0.251700 0.063400 0.163200 0.051100 0.064200 0.052700 0.064300 0.076400 0.119100 0.064200 0.063600 0.064600 0.038500 0.077800 0.000000 0.076600 0.101800 0.077900 0.063400 0.052000 0.089600 0.118000 0.147200 0.078300 0.024500 0.064600 0.063400 0.000000 0.064000 0.133800 0.051800 0.134800 0.078300 0.064600 0.062800 0.064200 0.064200 0.080400 0.103100 0.118000 0.025200 0.131800 0.216400 0.076300 0.077100 0.051300 0.093400 0.037900 0.094000 0.063400 0.063400
CommonElan 0.050500 0.231500 0.000000 0.117900 0.037500 0.050500 0.065200 0.076500 0.012200 0.076500 0.050500 0.024700 0.050700 0.051100 0.063400 0.064000 0.037000 0.061500 0.063700 0.000000 0.064400 0.075500 0.075800 0.103100 0.063900 0.037600 0.050700 0.000000 0.064000 0.000000 0.090200 0.064400 0.105000 0.063800 0.050700 0.049400 0.050500 0.050300 0.065500 0.062200 0.075800 0.037600 0.089000 0.169100 0.036900 0.063200 0.063900 0.078600 0.050300 0.051700 0.000000 0.000000
MuntiacusR 0.118600 0.217700 0.089800 0.133000 0.104400 0.118600 0.092200 0.146500 0.103100 0.012200 0.118600 0.090000 0.091500 0.092100 0.132500 0.133800 0.076000 0.101200 0.133200 0.089800 0.134700 0.144500 0.049500 0.063700 0.105400 0.104600 0.091500 0.089800 0.133800 0.090200 0.000000 0.106300 0.120000 0.105200 0.091500 0.088700 0.118600 0.118000 0.108000 0.049900 0.049500 0.104600 0.024300 0.128400 0.075700 0.104200 0.133500 0.121600 0.118200 0.093300 0.089800 0.089800
HarveysDui 0.064700 0.221700 0.063900 0.135200 0.051500 0.064700 0.026200 0.064800 0.077000 0.092000 0.064700 0.064000 0.038500 0.012800 0.078300 0.051800 0.077100 0.102500 0.078400 0.063900 0.052300 0.090200 0.118800 0.119700 0.078900 0.025400 0.038500 0.063900 0.051800 0.064400 0.106300 0.000000 0.121900 0.051900 0.038500 0.090000 0.064700 0.064600 0.053300 0.103800 0.118800 0.025400 0.104800 0.187900 0.076800 0.051200 0.051700 0.066400 0.038200 0.066700 0.063900 0.063900
Pronghorn 0.134300 0.234500 0.104600 0.148100 0.119600 0.134300 0.123400 0.162700 0.118100 0.105500 0.134300 0.104800 0.106600 0.107400 0.148500 0.134800 0.090300 0.115800 0.149300 0.104600 0.151100 0.160500 0.132300 0.133500 0.149800 0.120000 0.106600 0.104600 0.134800 0.105000 0.120000 0.121900 0.000000 0.120700 0.106600 0.103200 0.134300 0.133500 0.123800 0.117200 0.132300 0.120000 0.118300 0.171500 0.089900 0.119400 0.120700 0.137900 0.133800 0.108700 0.104600 0.104600
BlueWildeb 0.038000 0.220100 0.063500 0.133900 0.025100 0.038000 0.052500 0.091000 0.050200 0.091100 0.038000 0.063600 0.012600 0.038500 0.051000 0.078300 0.076300 0.101600 0.051200 0.063500 0.078700 0.063100 0.117700 0.104500 0.051300 0.051000 0.012600 0.063500 0.078300 0.063800 0.105200 0.051900 0.120700 0.000000 0.012600 0.089100 0.038000 0.037900 0.052800 0.089300 0.117700 0.051000 0.103800 0.171500 0.076100 0.025100 0.078000 0.066000 0.037800 0.066100 0.063500 0.063500
Gemsbok 0.025100 0.204300 0.047300 0.119600 0.012500 0.025100 0.039200 0.077500 0.037300 0.077600 0.025100 0.050400 0.000000 0.025500 0.038000 0.064600 0.063200 0.088300 0.038000 0.050300 0.065200 0.050000 0.103900 0.090900 0.038200 0.037900 0.000000 0.050300 0.064600 0.050700 0.091500 0.038500 0.106600 0.012600 0.000000 0.075900 0.024200 0.025100 0.039400 0.076100 0.103900 0.037900 0.090300 0.157100 0.063000 0.012400 0.064400 0.052300 0.025000 0.052600 0.047300 0.050300
Yak 0.075600 0.227900 0.049100 0.115900 0.062500 0.075600 0.091100 0.102000 0.061600 0.075300 0.075600 0.049200 0.075900 0.076400 0.088700 0.062800 0.036400 0.060600 0.089100 0.049100 0.090000 0.100500 0.074700 0.101300 0.089300 0.062500 0.075900 0.049100 0.062800 0.049400 0.088700 0.090000 0.103200 0.089100 0.075900 0.000000 0.075600 0.075300 0.091500 0.061200 0.074700 0.062500 0.087600 0.166400 0.011900 0.088300 0.089200 0.104500 0.075300 0.077400 0.049100 0.049100
BlueSheep 0.000000 0.234700 0.050100 0.147500 0.012400 0.000000 0.065700 0.077200 0.037100 0.104400 0.000000 0.050200 0.025100 0.051200 0.037800 0.064200 0.062900 0.087900 0.012100 0.050100 0.064900 0.024400 0.103500 0.117800 0.012400 0.037700 0.025100 0.050100 0.064200 0.050500 0.118600 0.064700 0.134300 0.038000 0.024200 0.075600 0.000000 0.025000 0.066100 0.075700 0.103500 0.037700 0.117000 0.185100 0.062700 0.036600 0.058900 0.079000 0.024900 0.079400 0.050100 0.050100
BohorReedb 0.025000 0.233000 0.050000 0.146700 0.012300 0.025000 0.065200 0.076900 0.037100 0.103800 0.025000 0.050100 0.025100 0.051200 0.037700 0.064200 0.062700 0.087600 0.037800 0.050000 0.064600 0.049800 0.103000 0.117200 0.037900 0.037700 0.025100 0.050000 0.064200 0.050300 0.118000 0.064600 0.133500 0.037900 0.025100 0.075300 0.025000 0.000000 0.065800 0.075400 0.103000 0.037700 0.116500 0.155000 0.062500 0.037500 0.064000 0.078900 0.024900 0.079000 0.050000 0.050000
KirksDik 0.066100 0.225000 0.065100 0.136400 0.052400 0.066100 0.054000 0.064500 0.078500 0.093500 0.066100 0.065300 0.039400 0.039600 0.079700 0.080400 0.078300 0.090500 0.080100 0.065100 0.066000 0.092100 0.120800 0.121600 0.080300 0.052400 0.039400 0.065100 0.080400 0.065500 0.108000 0.053300 0.123800 0.052800 0.039400 0.091500 0.066100 0.065800 0.000000 0.105500 0.120800 0.052400 0.106500 0.190300 0.078100 0.052200 0.051600 0.067800 0.065700 0.067900 0.065100 0.065100
RoeDeer 0.075700 0.213000 0.061900 0.130000 0.062600 0.075700 0.105100 0.115800 0.061800 0.037000 0.075700 0.062100 0.076100 0.089900 0.088900 0.103100 0.048800 0.073300 0.089300 0.061900 0.103500 0.100700 0.036700 0.036400 0.089100 0.075700 0.076100 0.061900 0.103100 0.062200 0.049900 0.103800 0.117200 0.089300 0.076100 0.061200 0.075700 0.075400 0.105500 0.000000 0.036700 0.075700 0.049200 0.098000 0.048800 0.088400 0.102900 0.118600 0.075400 0.091100 0.061900 0.061900
WhiteLippe 0.103500 0.200000 0.075500 0.145300 0.089700 0.103500 0.091200 0.130500 0.088500 0.036800 0.103500 0.075600 0.103900 0.104500 0.089800 0.118000 0.062100 0.086900 0.117600 0.075500 0.118800 0.128900 0.000000 0.076000 0.117800 0.089700 0.103900 0.075500 0.118000 0.075800 0.049500 0.118800 0.132300 0.117700 0.103900 0.074700 0.103500 0.103000 0.120800 0.036700 0.000000 0.089700 0.048900 0.140400 0.061900 0.116500 0.117700 0.105900 0.103000 0.105900 0.075500 0.075500
ThomsonGaz 0.037700 0.217500 0.037300 0.132900 0.025000 0.036400 0.025800 0.037800 0.049900 0.090500 0.037700 0.037300 0.037900 0.012600 0.050700 0.025200 0.050000 0.074800 0.050800 0.037300 0.025400 0.062600 0.089700 0.117700 0.051000 0.000000 0.037900 0.037300 0.025200 0.037600 0.104600 0.025400 0.120000 0.051000 0.037900 0.062500 0.037700 0.037700 0.052400 0.075700 0.089700 0.000000 0.103100 0.184700 0.049800 0.050300 0.025100 0.065200 0.012400 0.065600 0.037300 0.037300
MuntiacusC 0.117000 0.214900 0.088600 0.131200 0.103000 0.117000 0.090900 0.144600 0.101700 0.012000 0.117000 0.088800 0.090300 0.090800 0.130700 0.131800 0.075000 0.099900 0.131400 0.088600 0.132800 0.142600 0.048900 0.062900 0.131700 0.103100 0.090300 0.088600 0.131800 0.089000 0.024300 0.104800 0.118300 0.103800 0.090300 0.087600 0.117000 0.116500 0.106500 0.049200 0.048900 0.103100 0.000000 0.126800 0.074800 0.102800 0.131600 0.119800 0.116500 0.091900 0.088600 0.088600
WhiteTaile 0.185100 0.256800 0.168300 0.185100 0.170100 0.185100 0.190100 0.229300 0.167800 0.114300 0.185100 0.168600 0.157100 0.172500 0.198800 0.216400 0.153200 0.178800 0.200600 0.168300 0.217600 0.181900 0.140400 0.086200 0.200700 0.184700 0.157100 0.168300 0.216400 0.169100 0.128400 0.187900 0.171500 0.171500 0.157100 0.166400 0.185100 0.155000 0.190300 0.098000 0.140400 0.184700 0.126800 0.000000 0.152800 0.169800 0.185900 0.204900 0.184200 0.174100 0.168300 0.168300
Cattle 0.062700 0.212800 0.036700 0.102600 0.049800 0.062700 0.077700 0.088800 0.049100 0.062500 0.062700 0.036800 0.063000 0.063400 0.075700 0.076300 0.024200 0.048300 0.076000 0.036700 0.076800 0.087600 0.061900 0.088300 0.076200 0.049800 0.063000 0.036700 0.076300 0.036900 0.075700 0.076800 0.089900 0.076100 0.063000 0.011900 0.062700 0.062500 0.078100 0.048800 0.061900 0.049800 0.074800 0.152800 0.000000 0.075300 0.076200 0.091000 0.062500 0.064200 0.036700 0.036700
RoyalAntel 0.037500 0.217400 0.062600 0.132400 0.024900 0.037500 0.052000 0.090000 0.049600 0.090200 0.037500 0.062700 0.012400 0.038000 0.050400 0.077100 0.075600 0.100600 0.050500 0.062600 0.077900 0.062200 0.116500 0.103500 0.050700 0.050300 0.012400 0.062600 0.077100 0.063200 0.104200 0.051200 0.119400 0.025100 0.012400 0.088300 0.036600 0.037500 0.052200 0.088400 0.116500 0.050300 0.102800 0.169800 0.075300 0.000000 0.076900 0.065000 0.037300 0.065400 0.062600 0.062600
Steenbok 0.064000 0.219000 0.063300 0.162800 0.051000 0.064000 0.052500 0.037300 0.076300 0.118800 0.064000 0.063400 0.064400 0.038400 0.077600 0.051300 0.076400 0.101700 0.077600 0.063300 0.038100 0.089300 0.117700 0.146800 0.078100 0.025100 0.064400 0.063300 0.051300 0.063900 0.133500 0.051700 0.120700 0.078000 0.064400 0.089200 0.058900 0.064000 0.051600 0.102900 0.117700 0.025100 0.131600 0.185900 0.076200 0.076900 0.000000 0.093100 0.037800 0.093600 0.063300 0.063300
Impala 0.079000 0.177200 0.077900 0.121800 0.065400 0.079000 0.067500 0.106700 0.091200 0.106900 0.079000 0.078000 0.052300 0.052000 0.065600 0.093400 0.091300 0.117100 0.093100 0.077900 0.094300 0.104700 0.105900 0.135200 0.093600 0.065200 0.052300 0.077900 0.093400 0.078600 0.121600 0.066400 0.137900 0.066000 0.052300 0.104500 0.079000 0.078900 0.067800 0.118600 0.105900 0.065200 0.119800 0.204900 0.091000 0.065000 0.093100 0.000000 0.078600 0.081600 0.077900 0.077900
Klipspring 0.024100 0.232900 0.049900 0.146800 0.012400 0.023900 0.038800 0.050600 0.037000 0.103900 0.024900 0.050000 0.025000 0.025200 0.037600 0.037900 0.062700 0.087600 0.037700 0.049900 0.038300 0.049500 0.103000 0.117300 0.037900 0.012000 0.025000 0.049900 0.037900 0.050300 0.118200 0.038200 0.133800 0.037800 0.025000 0.075300 0.024900 0.024900 0.065700 0.075400 0.103000 0.012400 0.116500 0.184200 0.062500 0.037300 0.037800 0.078600 0.000000 0.079000 0.049900 0.049900
ForestMusk 0.079400 0.207100 0.051400 0.120600 0.065500 0.079400 0.067600 0.106800 0.064600 0.079100 0.079400 0.051500 0.052600 0.052800 0.093100 0.094000 0.064400 0.089900 0.093600 0.051400 0.094500 0.105300 0.105900 0.106700 0.093800 0.065600 0.052600 0.051400 0.094000 0.051700 0.093300 0.066700 0.108700 0.066100 0.052600 0.077400 0.079400 0.079000 0.067900 0.091100 0.105900 0.065600 0.091900 0.174100 0.064200 0.065400 0.093600 0.081600 0.079000 0.000000 0.051400 0.051400
Bushbuck 0.050100 0.230700 0.000000 0.117400 0.037400 0.050100 0.064900 0.076200 0.012100 0.076200 0.050100 0.024500 0.050300 0.050600 0.063200 0.063400 0.036800 0.061200 0.063200 0.000000 0.064100 0.074800 0.075500 0.102600 0.063600 0.037300 0.050300 0.000000 0.063400 0.000000 0.089800 0.063900 0.104600 0.063500 0.047300 0.049100 0.050100 0.050000 0.065100 0.061900 0.075500 0.037300 0.088600 0.168300 0.036700 0.062600 0.063300 0.077900 0.049900 0.051400 0.000000 0.000000
GreaterKud 0.050100 0.230700 0.000000 0.117400 0.037400 0.050100 0.064900 0.076200 0.011700 0.076200 0.050100 0.024500 0.050300 0.050600 0.063200 0.063400 0.036800 0.061200 0.063200 0.000000 0.064100 0.074800 0.075500 0.102600 0.063600 0.037300 0.050300 0.000000 0.063400 0.000000 0.089800 0.063900 0.104600 0.063500 0.050300 0.049100 0.050100 0.050000 0.065100 0.061900 0.075500 0.037300 0.088600 0.168300 0.036700 0.062600 0.063300 0.077900 0.049900 0.051400 0.000000 0.000000
