1
52 1
Argali 0.000000 0.325600 0.118100 0.286600 0.066100 0.021500 0.139300 0.090700 0.092500 0.091700 0.043600 0.044500 0.043000 0.114400 0.066200 0.114100 0.198900 0.142500 0.065600 0.117500 0.066200 0.043700 0.142800 0.091700 0.021500 0.066200 0.043500 0.117500 0.114600 0.092500 0.091700 0.166100 0.143200 0.066300 0.043500 0.067800 0.021500 0.066100 0.092800 0.116300 0.116700 0.066200 0.091700 0.091700 0.067800 0.113900 0.088300 0.043500 0.092300 0.067600 0.092500 0.092500
LesserMous 0.325600 0.000000 0.331700 0.234900 0.262300 0.291700 0.329800 0.299900 0.294700 0.199900 0.326400 0.260100 0.262200 0.297400 0.295700 0.296400 0.266000 0.201500 0.296400 0.262900 0.231800 0.260400 0.261900 0.199900 0.291700 0.231800 0.262200 0.262900 0.299300 0.294700 0.199900 0.299400 0.201700 0.296800 0.262200 0.289100 0.291700 0.262300 0.343200 0.171500 0.230600 0.231800 0.199900 0.199900 0.289100 0.295400 0.323300 0.262200 0.343000 0.229300 0.294700 0.294700
LesserKudu 0.118100 0.331700 0.000000 0.291600 0.093300 0.092800 0.145000 0.092700 0.021200 0.092400 0.118000 0.067700 0.068700 0.118800 0.093100 0.145100 0.201900 0.144900 0.093500 0.044400 0.093100 0.117900 0.144200 0.092400 0.092800 0.093100 0.068700 0.044400 0.146500 0.021900 0.092400 0.174000 0.093500 0.093300 0.068700 0.091300 0.092800 0.093300 0.122600 0.116700 0.117900 0.093100 0.092400 0.092400 0.091300 0.144700 0.117200 0.068700 0.121800 0.092200 0.021900 0.021300
KillerWhal 0.286600 0.234900 0.291600 0.000000 0.258700 0.255300 0.290500 0.262600 0.257800 0.170300 0.287600 0.226000 0.227700 0.260300 0.259100 0.259500 0.173300 0.172000 0.198900 0.228200 0.199200 0.226200 0.170900 0.170300 0.255300 0.199200 0.227700 0.228200 0.200900 0.257800 0.170300 0.329000 0.171900 0.259700 0.227700 0.253200 0.255300 0.258700 0.267300 0.143000 0.143900 0.199200 0.170300 0.170300 0.253200 0.258600 0.224500 0.227700 0.301300 0.198000 0.257800 0.257800
DefassaWat 0.066100 0.262300 0.093300 0.258700 0.000000 0.043000 0.114200 0.067000 0.068500 0.068000 0.064800 0.021900 0.021400 0.090000 0.043400 0.089800 0.173100 0.118300 0.043500 0.092900 0.042900 0.065900 0.117900 0.068000 0.043300 0.043200 0.021400 0.092900 0.090300 0.068500 0.068000 0.140700 0.118400 0.043500 0.021400 0.044400 0.043300 0.000000 0.068300 0.091600 0.092500 0.043400 0.068000 0.068000 0.044400 0.089500 0.065600 0.021400 0.068000 0.044400 0.068500 0.068500
Sheep 0.021500 0.291700 0.092800 0.255300 0.043000 0.000000 0.113900 0.066800 0.068200 0.067600 0.021400 0.021800 0.021400 0.089800 0.043400 0.089500 0.171000 0.116900 0.042700 0.092300 0.043300 0.021400 0.116900 0.067600 0.000000 0.042900 0.021400 0.092300 0.090000 0.068200 0.067600 0.139700 0.117300 0.043400 0.021400 0.044400 0.000000 0.043000 0.068200 0.091300 0.091800 0.043300 0.067600 0.067600 0.044400 0.089300 0.065200 0.021400 0.067900 0.044300 0.068200 0.068200
MaxwellsDu 0.139300 0.329800 0.145000 0.290500 0.114200 0.113900 0.000000 0.115500 0.118100 0.092000 0.139100 0.092000 0.089800 0.021400 0.114100 0.166200 0.144500 0.144100 0.114400 0.144200 0.114200 0.138900 0.143800 0.092000 0.113900 0.114200 0.089800 0.144200 0.167400 0.118100 0.092000 0.066400 0.144300 0.114400 0.089800 0.116500 0.113900 0.114200 0.144600 0.116300 0.117400 0.114200 0.092000 0.092000 0.116500 0.114400 0.137900 0.089800 0.143900 0.116900 0.118100 0.118100
GazellaPrz 0.090700 0.299900 0.092700 0.262600 0.067000 0.066800 0.115500 0.000000 0.068100 0.068900 0.090600 0.045000 0.042900 0.091200 0.021300 0.115700 0.175200 0.119800 0.067200 0.092300 0.067100 0.090600 0.119300 0.068900 0.066800 0.067100 0.044000 0.092300 0.116500 0.068100 0.068900 0.142400 0.119900 0.067200 0.044000 0.068300 0.066800 0.067000 0.094000 0.092800 0.093700 0.067100 0.068900 0.068900 0.068300 0.115500 0.090000 0.044000 0.093600 0.068800 0.068100 0.068100
MountainNy 0.092500 0.294700 0.021200 0.257800 0.068500 0.068200 0.118100 0.068100 0.000000 0.067800 0.092600 0.044300 0.044900 0.093000 0.068400 0.118200 0.172300 0.118000 0.068700 0.021400 0.068400 0.092300 0.117500 0.067800 0.068200 0.068400 0.044900 0.021800 0.119200 0.000000 0.067800 0.145600 0.118100 0.068500 0.044900 0.067200 0.068200 0.068500 0.095900 0.091400 0.092300 0.068400 0.067800 0.067800 0.066900 0.117900 0.091800 0.044900 0.095200 0.067700 0.000000 0.000000
MuntiacusM 0.091700 0.199900 0.092400 0.170300 0.068000 0.067600 0.092000 0.068900 0.067800 0.000000 0.091800 0.044200 0.044500 0.068100 0.068000 0.068100 0.093200 0.044700 0.068100 0.044600 0.022000 0.044500 0.044400 0.000000 0.067600 0.022000 0.044500 0.044600 0.068700 0.067800 0.000000 0.118300 0.044700 0.068100 0.044500 0.067000 0.067600 0.068000 0.095000 0.021700 0.021900 0.022000 0.000000 0.000000 0.067000 0.068000 0.091200 0.044500 0.094600 0.067200 0.067800 0.067800
goat 0.043600 0.326400 0.118000 0.287600 0.064800 0.021400 0.139100 0.090600 0.092600 0.091800 0.000000 0.044500 0.043000 0.114200 0.066100 0.113800 0.199900 0.143300 0.066100 0.117600 0.066100 0.043500 0.143200 0.091800 0.021400 0.066000 0.042700 0.117600 0.114500 0.092600 0.091800 0.166200 0.143500 0.066100 0.043400 0.067600 0.021400 0.066000 0.092500 0.116100 0.117000 0.066000 0.091800 0.091800 0.067600 0.113600 0.088400 0.042700 0.092100 0.067500 0.092600 0.092600
AfricanBuf 0.044500 0.260100 0.067700 0.226000 0.021900 0.021800 0.092000 0.045000 0.044300 0.044200 0.044500 0.000000 0.000100 0.068100 0.021900 0.068000 0.143900 0.092100 0.022000 0.067500 0.021900 0.044400 0.091700 0.044200 0.021800 0.021900 0.000100 0.067500 0.068500 0.044300 0.044200 0.118100 0.092100 0.022000 0.000100 0.021600 0.021800 0.021900 0.045900 0.067000 0.067600 0.021900 0.044200 0.044200 0.021600 0.067800 0.044000 0.000100 0.045700 0.021700 0.044300 0.044300
Topi 0.043000 0.262200 0.068700 0.227700 0.021400 0.021400 0.089800 0.042900 0.044900 0.044500 0.043000 0.000100 0.000000 0.066400 0.021400 0.066200 0.145200 0.092800 0.021400 0.068400 0.021400 0.043300 0.092500 0.044500 0.021400 0.021400 0.000000 0.068400 0.066600 0.044900 0.044500 0.115000 0.092900 0.021400 0.000000 0.021800 0.021400 0.021200 0.044800 0.067600 0.068100 0.021400 0.044500 0.044500 0.021800 0.066100 0.043000 0.000000 0.044600 0.021900 0.044900 0.044900
CommonDuik 0.114400 0.297400 0.118800 0.260300 0.090000 0.089800 0.021400 0.091200 0.093000 0.068100 0.114200 0.068100 0.066400 0.000000 0.090200 0.140200 0.118900 0.118400 0.090200 0.118400 0.089500 0.114200 0.118000 0.068100 0.089800 0.090100 0.066400 0.118400 0.141100 0.093000 0.068100 0.043700 0.118500 0.090300 0.065300 0.091900 0.089800 0.090000 0.118600 0.091800 0.092600 0.090100 0.068100 0.068100 0.091900 0.139800 0.113300 0.066400 0.118100 0.092300 0.093000 0.093000
Suni 0.066200 0.295700 0.093100 0.259100 0.043400 0.043400 0.114100 0.021300 0.068400 0.068000 0.066100 0.021900 0.021400 0.090200 0.000000 0.089800 0.172900 0.118200 0.043500 0.092800 0.043500 0.066100 0.117800 0.068000 0.043400 0.043500 0.021400 0.092800 0.090400 0.068400 0.068000 0.140600 0.118300 0.043500 0.021400 0.044400 0.043400 0.043400 0.068300 0.091800 0.092500 0.043400 0.068000 0.068000 0.044400 0.089600 0.065500 0.021400 0.068100 0.044500 0.068400 0.068400
Springbuck 0.114100 0.296400 0.145100 0.259500 0.089800 0.089500 0.166200 0.115700 0.118200 0.068100 0.113800 0.068000 0.066200 0.140200 0.089800 0.000000 0.173700 0.118500 0.089900 0.093000 0.043500 0.066200 0.118200 0.068100 0.089500 0.043500 0.066800 0.093000 0.043200 0.118200 0.068100 0.195100 0.118600 0.089900 0.066200 0.091800 0.089500 0.090100 0.118200 0.091900 0.092700 0.043500 0.068100 0.068100 0.091800 0.089800 0.113000 0.065300 0.117800 0.091900 0.118200 0.118200
Okapi 0.198900 0.266000 0.201900 0.173300 0.173100 0.171000 0.144500 0.175200 0.172300 0.093200 0.199900 0.143900 0.145200 0.118900 0.172900 0.173700 0.000000 0.094300 0.119200 0.145400 0.119100 0.144300 0.093600 0.093200 0.171000 0.119100 0.145200 0.145400 0.175400 0.172300 0.093200 0.174400 0.094000 0.173300 0.145200 0.169300 0.171000 0.173100 0.178700 0.117300 0.069100 0.119100 0.093200 0.093200 0.169300 0.172800 0.143900 0.145200 0.208100 0.171300 0.172300 0.172300
Giraffe 0.142500 0.201500 0.144900 0.172000 0.118300 0.116900 0.144100 0.119800 0.118000 0.044700 0.143300 0.092100 0.092800 0.118400 0.118200 0.118500 0.094300 0.000000 0.118600 0.093100 0.068600 0.092200 0.092900 0.044700 0.116900 0.068600 0.092800 0.093100 0.119700 0.118000 0.044700 0.173900 0.045100 0.118300 0.092800 0.116000 0.116900 0.118300 0.149100 0.067500 0.068600 0.068600 0.044700 0.044700 0.116000 0.118100 0.143200 0.092800 0.148400 0.116700 0.118000 0.118000
TibetanAnt 0.065600 0.296400 0.093500 0.198900 0.043500 0.042700 0.114400 0.067200 0.068700 0.068100 0.066100 0.022000 0.021400 0.090200 0.043500 0.089900 0.119200 0.118600 0.000000 0.093000 0.043400 0.066000 0.068400 0.068100 0.042800 0.043400 0.021400 0.093000 0.090500 0.068700 0.068100 0.140900 0.118700 0.043500 0.021400 0.044400 0.043300 0.043500 0.044900 0.091800 0.044800 0.042800 0.068100 0.068100 0.044400 0.089700 0.021200 0.021200 0.068100 0.044500 0.068700 0.068700
Sitatunga 0.117500 0.262900 0.044400 0.228200 0.092900 0.092300 0.144200 0.092300 0.021400 0.044600 0.117600 0.067500 0.068400 0.118400 0.092800 0.093000 0.145400 0.093100 0.093000 0.000000 0.045000 0.068200 0.092600 0.044600 0.092300 0.045000 0.068400 0.000000 0.093800 0.021800 0.044600 0.173200 0.093100 0.092900 0.068400 0.091000 0.092300 0.092900 0.122000 0.067600 0.068300 0.045000 0.044600 0.044600 0.091000 0.092800 0.116600 0.068400 0.121300 0.091900 0.021800 0.021800
Oribi 0.066200 0.231800 0.093100 0.199200 0.042900 0.043300 0.114200 0.067100 0.068400 0.022000 0.066100 0.021900 0.021400 0.089500 0.043500 0.043500 0.119100 0.068600 0.043400 0.045000 0.000000 0.021400 0.068300 0.022000 0.043300 0.000000 0.021400 0.045000 0.043800 0.068400 0.022000 0.140600 0.068600 0.043100 0.021300 0.044400 0.043800 0.043400 0.068300 0.044500 0.044800 0.000000 0.022000 0.022000 0.044400 0.042900 0.065500 0.021400 0.068100 0.044400 0.068400 0.068400
BarbaryShe 0.043700 0.260400 0.117900 0.226200 0.065900 0.021400 0.138900 0.090600 0.092300 0.044500 0.043500 0.044400 0.043300 0.114200 0.066100 0.066200 0.144300 0.092200 0.066000 0.068200 0.021400 0.000000 0.092100 0.044500 0.021400 0.021400 0.043400 0.068200 0.066500 0.092300 0.044500 0.166000 0.092500 0.066200 0.043300 0.067600 0.021400 0.065900 0.092400 0.067600 0.067900 0.021400 0.044500 0.044500 0.067600 0.066100 0.088200 0.043300 0.092100 0.067500 0.092300 0.092300
Daviddeer 0.142800 0.261900 0.144200 0.170900 0.117900 0.116900 0.143800 0.119300 0.117500 0.044400 0.143200 0.091700 0.092500 0.118000 0.117800 0.118200 0.093600 0.092900 0.068400 0.092600 0.068300 0.092100 0.000000 0.044400 0.116900 0.068300 0.092500 0.092600 0.119200 0.117500 0.044400 0.172900 0.092700 0.117900 0.092500 0.115700 0.116900 0.117900 0.121400 0.067200 0.021400 0.068300 0.044400 0.044400 0.115700 0.117700 0.091600 0.092500 0.148100 0.116200 0.117500 0.117500
Reindeer 0.091700 0.199900 0.092400 0.170300 0.068000 0.067600 0.092000 0.068900 0.067800 0.000000 0.091800 0.044200 0.044500 0.068100 0.068000 0.068100 0.093200 0.044700 0.068100 0.044600 0.022000 0.044500 0.044400 0.000000 0.067600 0.022000 0.044500 0.044600 0.068700 0.067800 0.000000 0.118300 0.044700 0.068100 0.044500 0.067000 0.067600 0.068000 0.095000 0.021700 0.021900 0.022000 0.000000 0.000000 0.067000 0.068000 0.091200 0.044500 0.094600 0.067200 0.067800 0.067800
Ibex 0.021500 0.291700 0.092800 0.255300 0.043300 0.000000 0.113900 0.066800 0.068200 0.067600 0.021400 0.021800 0.021400 0.089800 0.043400 0.089500 0.171000 0.116900 0.042800 0.092300 0.043300 0.021400 0.116900 0.067600 0.000000 0.043300 0.021400 0.092300 0.090000 0.068200 0.067600 0.139700 0.117300 0.043400 0.021400 0.044400 0.000000 0.043300 0.068200 0.091300 0.091800 0.042900 0.067600 0.067600 0.044400 0.089300 0.065200 0.021400 0.067900 0.044300 0.068200 0.068200
GyrantGaze 0.066200 0.231800 0.093100 0.199200 0.043200 0.042900 0.114200 0.067100 0.068400 0.022000 0.066000 0.021900 0.021400 0.090100 0.043500 0.043500 0.119100 0.068600 0.043400 0.045000 0.000000 0.021400 0.068300 0.022000 0.043300 0.000000 0.021400 0.045000 0.042100 0.068400 0.022000 0.140600 0.068600 0.042900 0.021300 0.044400 0.043300 0.043400 0.068300 0.044500 0.044800 0.000000 0.022000 0.022000 0.044400 0.043400 0.065500 0.021400 0.068100 0.044400 0.068400 0.068400
Hartebeest 0.043500 0.262200 0.068700 0.227700 0.021400 0.021400 0.089800 0.044000 0.044900 0.044500 0.042700 0.000100 0.000000 0.066400 0.021400 0.066800 0.145200 0.092800 0.021400 0.068400 0.021400 0.043400 0.092500 0.044500 0.021400 0.021400 0.000000 0.068400 0.065900 0.044900 0.044500 0.115000 0.092900 0.021200 0.000000 0.021800 0.021400 0.021200 0.044800 0.067600 0.068100 0.021400 0.044500 0.044500 0.021800 0.066100 0.043000 0.000000 0.044600 0.021900 0.044900 0.044900
Bongo 0.117500 0.262900 0.044400 0.228200 0.092900 0.092300 0.144200 0.092300 0.021800 0.044600 0.117600 0.067500 0.068400 0.118400 0.092800 0.093000 0.145400 0.093100 0.093000 0.000000 0.045000 0.068200 0.092600 0.044600 0.092300 0.045000 0.068400 0.000000 0.093800 0.021800 0.044600 0.173200 0.093100 0.092900 0.068400 0.091000 0.092300 0.092900 0.122000 0.067600 0.068300 0.045000 0.044600 0.044600 0.091000 0.092800 0.116600 0.068400 0.121300 0.091900 0.021200 0.021200
Gerenuk 0.114600 0.299300 0.146500 0.200900 0.090300 0.090000 0.167400 0.116500 0.119200 0.068700 0.114500 0.068500 0.066600 0.141100 0.090400 0.043200 0.175400 0.119700 0.090500 0.093800 0.043800 0.066500 0.119200 0.068700 0.090000 0.042100 0.065900 0.093800 0.000000 0.119200 0.068700 0.196600 0.119700 0.090800 0.066600 0.092400 0.090000 0.090300 0.119000 0.092500 0.093500 0.043800 0.068700 0.068700 0.092400 0.090400 0.113900 0.066600 0.118500 0.092600 0.119200 0.119200
CommonElan 0.092500 0.294700 0.021900 0.257800 0.068500 0.068200 0.118100 0.068100 0.000000 0.067800 0.092600 0.044300 0.044900 0.093000 0.068400 0.118200 0.172300 0.118000 0.068700 0.021800 0.068400 0.092300 0.117500 0.067800 0.068200 0.068400 0.044900 0.021800 0.119200 0.000000 0.067800 0.145600 0.118100 0.068500 0.044900 0.067200 0.068200 0.068500 0.095900 0.091400 0.092300 0.068400 0.067800 0.067800 0.067200 0.117900 0.091800 0.044900 0.095200 0.067700 0.000000 0.000000
MuntiacusR 0.091700 0.199900 0.092400 0.170300 0.068000 0.067600 0.092000 0.068900 0.067800 0.000000 0.091800 0.044200 0.044500 0.068100 0.068000 0.068100 0.093200 0.044700 0.068100 0.044600 0.022000 0.044500 0.044400 0.000000 0.067600 0.022000 0.044500 0.044600 0.068700 0.067800 0.000000 0.118300 0.044700 0.068100 0.044500 0.067000 0.067600 0.068000 0.095000 0.021600 0.021900 0.022000 0.000000 0.000000 0.067000 0.068000 0.091200 0.044500 0.094600 0.067200 0.067800 0.067800
HarveysDui 0.166100 0.299400 0.174000 0.329000 0.140700 0.139700 0.066400 0.142400 0.145600 0.118300 0.166200 0.118100 0.115000 0.043700 0.140600 0.195100 0.174400 0.173900 0.140900 0.173200 0.140600 0.166000 0.172900 0.118300 0.139700 0.140600 0.115000 0.173200 0.196600 0.145600 0.118300 0.000000 0.173900 0.140900 0.115000 0.143300 0.139700 0.140700 0.173200 0.143300 0.145300 0.140600 0.118300 0.118300 0.143300 0.194400 0.165400 0.115000 0.172600 0.144300 0.145600 0.145600
Pronghorn 0.143200 0.201700 0.093500 0.171900 0.118400 0.117300 0.144300 0.119900 0.118100 0.044700 0.143500 0.092100 0.092900 0.118500 0.118300 0.118600 0.094000 0.045100 0.118700 0.093100 0.068600 0.092500 0.092700 0.044700 0.117300 0.068600 0.092900 0.093100 0.119700 0.118100 0.044700 0.173900 0.000000 0.118500 0.092900 0.116200 0.117300 0.118400 0.149300 0.067500 0.068400 0.068600 0.044700 0.044700 0.116200 0.118200 0.143100 0.092900 0.148700 0.116900 0.118100 0.118100
BlueWildeb 0.066300 0.296800 0.093300 0.259700 0.043500 0.043400 0.114400 0.067200 0.068500 0.068100 0.066100 0.022000 0.021400 0.090300 0.043500 0.089900 0.173300 0.118300 0.043500 0.092900 0.043100 0.066200 0.117900 0.068100 0.043400 0.042900 0.021200 0.092900 0.090800 0.068500 0.068100 0.140900 0.118500 0.000000 0.021400 0.044500 0.043400 0.043500 0.044800 0.091800 0.092600 0.043300 0.068100 0.068100 0.044500 0.042900 0.065600 0.021400 0.022000 0.044500 0.068500 0.068500
Gemsbok 0.043500 0.262200 0.068700 0.227700 0.021400 0.021400 0.089800 0.044000 0.044900 0.044500 0.043400 0.000100 0.000000 0.065300 0.021400 0.066200 0.145200 0.092800 0.021400 0.068400 0.021300 0.043300 0.092500 0.044500 0.021400 0.021300 0.000000 0.068400 0.066600 0.044900 0.044500 0.115000 0.092900 0.021400 0.000000 0.021800 0.021400 0.021400 0.044800 0.067600 0.068100 0.021400 0.044500 0.044500 0.021800 0.066100 0.043000 0.000000 0.044600 0.021900 0.044900 0.044900
Yak 0.067800 0.289100 0.091300 0.253200 0.044400 0.044400 0.116500 0.068300 0.067200 0.067000 0.067600 0.021600 0.021800 0.091900 0.044400 0.091800 0.169300 0.116000 0.044400 0.091000 0.044400 0.067600 0.115700 0.067000 0.044400 0.044400 0.021800 0.091000 0.092400 0.067200 0.067000 0.143300 0.116200 0.044500 0.021800 0.000000 0.044400 0.044400 0.069800 0.090400 0.091000 0.044400 0.067000 0.067000 0.000000 0.091600 0.066700 0.021800 0.069400 0.044000 0.067200 0.067200
BlueSheep 0.021500 0.291700 0.092800 0.255300 0.043300 0.000000 0.113900 0.066800 0.068200 0.067600 0.021400 0.021800 0.021400 0.089800 0.043400 0.089500 0.171000 0.116900 0.043300 0.092300 0.043800 0.021400 0.116900 0.067600 0.000000 0.043300 0.021400 0.092300 0.090000 0.068200 0.067600 0.139700 0.117300 0.043400 0.021400 0.044400 0.000000 0.043300 0.068200 0.091300 0.091800 0.043300 0.067600 0.067600 0.044400 0.089300 0.065200 0.021400 0.067900 0.044300 0.068200 0.068200
BohorReedb 0.066100 0.262300 0.093300 0.258700 0.000000 0.043000 0.114200 0.067000 0.068500 0.068000 0.066000 0.021900 0.021200 0.090000 0.043400 0.090100 0.173100 0.118300 0.043500 0.092900 0.043400 0.065900 0.117900 0.068000 0.043300 0.043400 0.021200 0.092900 0.090300 0.068500 0.068000 0.140700 0.118400 0.043500 0.021400 0.044400 0.043300 0.000000 0.068300 0.091600 0.092500 0.043400 0.068000 0.068000 0.044400 0.089500 0.065600 0.021400 0.068000 0.044400 0.068500 0.068500
KirksDik 0.092800 0.343200 0.122600 0.267300 0.068300 0.068200 0.144600 0.094000 0.095900 0.095000 0.092500 0.045900 0.044800 0.118600 0.068300 0.118200 0.178700 0.149100 0.044900 0.122000 0.068300 0.092400 0.121400 0.095000 0.068200 0.068300 0.044800 0.122000 0.119000 0.095900 0.095000 0.173200 0.149300 0.044800 0.044800 0.069800 0.068200 0.068300 0.000000 0.120200 0.095200 0.068300 0.095000 0.095000 0.069800 0.092500 0.067400 0.044800 0.070100 0.069800 0.095900 0.095900
RoeDeer 0.116300 0.171500 0.116700 0.143000 0.091600 0.091300 0.116300 0.092800 0.091400 0.021700 0.116100 0.067000 0.067600 0.091800 0.091800 0.091900 0.117300 0.067500 0.091800 0.067600 0.044500 0.067600 0.067200 0.021700 0.091300 0.044500 0.067600 0.067600 0.092500 0.091400 0.021600 0.143300 0.067500 0.091800 0.067600 0.090400 0.091300 0.091600 0.120200 0.000000 0.043200 0.044500 0.021400 0.021400 0.090400 0.091700 0.114900 0.067600 0.119700 0.090600 0.091400 0.091400
WhiteLippe 0.116700 0.230600 0.117900 0.143900 0.092500 0.091800 0.117400 0.093700 0.092300 0.021900 0.117000 0.067600 0.068100 0.092600 0.092500 0.092700 0.069100 0.068600 0.044800 0.068300 0.044800 0.067900 0.021400 0.021900 0.091800 0.044800 0.068100 0.068300 0.093500 0.092300 0.021900 0.145300 0.068400 0.092600 0.068100 0.091000 0.091800 0.092500 0.095200 0.043200 0.000000 0.044800 0.021900 0.021300 0.091000 0.092400 0.067600 0.068100 0.120900 0.091400 0.092300 0.092300
ThomsonGaz 0.066200 0.231800 0.093100 0.199200 0.043400 0.043300 0.114200 0.067100 0.068400 0.022000 0.066000 0.021900 0.021400 0.090100 0.043400 0.043500 0.119100 0.068600 0.042800 0.045000 0.000000 0.021400 0.068300 0.022000 0.042900 0.000000 0.021400 0.045000 0.043800 0.068400 0.022000 0.140600 0.068600 0.043300 0.021400 0.044400 0.043300 0.043400 0.068300 0.044500 0.044800 0.000000 0.022000 0.022000 0.044400 0.043400 0.065500 0.021400 0.068100 0.044400 0.068400 0.068400
MuntiacusC 0.091700 0.199900 0.092400 0.170300 0.068000 0.067600 0.092000 0.068900 0.067800 0.000000 0.091800 0.044200 0.044500 0.068100 0.068000 0.068100 0.093200 0.044700 0.068100 0.044600 0.022000 0.044500 0.044400 0.000000 0.067600 0.022000 0.044500 0.044600 0.068700 0.067800 0.000000 0.118300 0.044700 0.068100 0.044500 0.067000 0.067600 0.068000 0.095000 0.021400 0.021900 0.022000 0.000000 0.000000 0.067000 0.068000 0.091200 0.044500 0.094600 0.067200 0.067800 0.067800
WhiteTaile 0.091700 0.199900 0.092400 0.170300 0.068000 0.067600 0.092000 0.068900 0.067800 0.000000 0.091800 0.044200 0.044500 0.068100 0.068000 0.068100 0.093200 0.044700 0.068100 0.044600 0.022000 0.044500 0.044400 0.000000 0.067600 0.022000 0.044500 0.044600 0.068700 0.067800 0.000000 0.118300 0.044700 0.068100 0.044500 0.067000 0.067600 0.068000 0.095000 0.021400 0.021300 0.022000 0.000000 0.000000 0.067000 0.068000 0.091200 0.044500 0.094600 0.067200 0.067800 0.067800
Cattle 0.067800 0.289100 0.091300 0.253200 0.044400 0.044400 0.116500 0.068300 0.066900 0.067000 0.067600 0.021600 0.021800 0.091900 0.044400 0.091800 0.169300 0.116000 0.044400 0.091000 0.044400 0.067600 0.115700 0.067000 0.044400 0.044400 0.021800 0.091000 0.092400 0.067200 0.067000 0.143300 0.116200 0.044500 0.021800 0.000000 0.044400 0.044400 0.069800 0.090400 0.091000 0.044400 0.067000 0.067000 0.000000 0.091600 0.066700 0.021800 0.069400 0.044000 0.067200 0.067200
RoyalAntel 0.113900 0.295400 0.144700 0.258600 0.089500 0.089300 0.114400 0.115500 0.117900 0.068000 0.113600 0.067800 0.066100 0.139800 0.089600 0.089800 0.172800 0.118100 0.089700 0.092800 0.042900 0.066100 0.117700 0.068000 0.089300 0.043400 0.066100 0.092800 0.090400 0.117900 0.068000 0.194400 0.118200 0.042900 0.066100 0.091600 0.089300 0.089500 0.092500 0.091700 0.092400 0.043400 0.068000 0.068000 0.091600 0.000000 0.112600 0.066100 0.067900 0.091700 0.117900 0.117900
Steenbok 0.088300 0.323300 0.117200 0.224500 0.065600 0.065200 0.137900 0.090000 0.091800 0.091200 0.088400 0.044000 0.043000 0.113300 0.065500 0.113000 0.143900 0.143200 0.021200 0.116600 0.065500 0.088200 0.091600 0.091200 0.065200 0.065500 0.043000 0.116600 0.113900 0.091800 0.091200 0.165400 0.143100 0.065600 0.043000 0.066700 0.065200 0.065600 0.067400 0.114900 0.067600 0.065500 0.091200 0.091200 0.066700 0.112600 0.000000 0.043000 0.091000 0.066900 0.091800 0.091800
Impala 0.043500 0.262200 0.068700 0.227700 0.021400 0.021400 0.089800 0.044000 0.044900 0.044500 0.042700 0.000100 0.000000 0.066400 0.021400 0.065300 0.145200 0.092800 0.021200 0.068400 0.021400 0.043300 0.092500 0.044500 0.021400 0.021400 0.000000 0.068400 0.066600 0.044900 0.044500 0.115000 0.092900 0.021400 0.000000 0.021800 0.021400 0.021400 0.044800 0.067600 0.068100 0.021400 0.044500 0.044500 0.021800 0.066100 0.043000 0.000000 0.044600 0.021900 0.044900 0.044900
Klipspring 0.092300 0.343000 0.121800 0.301300 0.068000 0.067900 0.143900 0.093600 0.095200 0.094600 0.092100 0.045700 0.044600 0.118100 0.068100 0.117800 0.208100 0.148400 0.068100 0.121300 0.068100 0.092100 0.148100 0.094600 0.067900 0.068100 0.044600 0.121300 0.118500 0.095200 0.094600 0.172600 0.148700 0.022000 0.044600 0.069400 0.067900 0.068000 0.070100 0.119700 0.120900 0.068100 0.094600 0.094600 0.069400 0.067900 0.091000 0.044600 0.000000 0.069500 0.095200 0.095200
ForestMusk 0.067600 0.229300 0.092200 0.198000 0.044400 0.044300 0.116900 0.068800 0.067700 0.067200 0.067500 0.021700 0.021900 0.092300 0.044500 0.091900 0.171300 0.116700 0.044500 0.091900 0.044400 0.067500 0.116200 0.067200 0.044300 0.044400 0.021900 0.091900 0.092600 0.067700 0.067200 0.144300 0.116900 0.044500 0.021900 0.044000 0.044300 0.044400 0.069800 0.090600 0.091400 0.044400 0.067200 0.067200 0.044000 0.091700 0.066900 0.021900 0.069500 0.000000 0.067700 0.067700
Bushbuck 0.092500 0.294700 0.021900 0.257800 0.068500 0.068200 0.118100 0.068100 0.000000 0.067800 0.092600 0.044300 0.044900 0.093000 0.068400 0.118200 0.172300 0.118000 0.068700 0.021800 0.068400 0.092300 0.117500 0.067800 0.068200 0.068400 0.044900 0.021200 0.119200 0.000000 0.067800 0.145600 0.118100 0.068500 0.044900 0.067200 0.068200 0.068500 0.095900 0.091400 0.092300 0.068400 0.067800 0.067800 0.067200 0.117900 0.091800 0.044900 0.095200 0.067700 0.000000 0.000000
GreaterKud 0.092500 0.294700 0.021300 0.257800 0.068500 0.068200 0.118100 0.068100 0.000000 0.067800 0.092600 0.044300 0.044900 0.093000 0.068400 0.118200 0.172300 0.118000 0.068700 0.021800 0.068400 0.092300 0.117500 0.067800 0.068200 0.068400 0.044900 0.021200 0.119200 0.000000 0.067800 0.145600 0.118100 0.068500 0.044900 0.067200 0.068200 0.068500 0.095900 0.091400 0.092300 0.068400 0.067800 0.067800 0.067200 0.117900 0.091800 0.044900 0.095200 0.067700 0.000000 0.000000
