1
52 1
Argali 0.000000 0.140600 0.024500 0.111200 0.008200 0.008200 0.016400 0.024700 0.016300 0.050200 0.016300 0.008200 0.024700 0.041800 0.059900 0.059700 0.041700 0.050100 0.024800 0.024700 0.033500 0.016400 0.050200 0.066800 0.016400 0.086200 0.008200 0.016300 0.016400 0.016400 0.041400 0.024900 0.076100 0.033200 0.016600 0.024600 0.000000 0.008200 0.033400 0.074900 0.050200 0.087400 0.058600 0.058900 0.016400 0.024700 0.041500 0.041800 0.041000 0.049800 0.016300 0.016300
LesserMous 0.140600 0.000000 0.130300 0.109600 0.130800 0.149600 0.159600 0.169000 0.121300 0.160200 0.149800 0.149800 0.150400 0.150900 0.202900 0.192300 0.169800 0.179300 0.170300 0.130900 0.170500 0.159600 0.160200 0.177900 0.159700 0.244000 0.150800 0.121300 0.159700 0.121300 0.149800 0.170900 0.160800 0.180400 0.160800 0.149400 0.140600 0.130800 0.160800 0.157700 0.160200 0.245800 0.169400 0.160300 0.140600 0.149700 0.167900 0.190400 0.158000 0.169000 0.121300 0.121300
LesserKudu 0.024500 0.130300 0.000000 0.083700 0.016300 0.032700 0.041200 0.049600 0.008100 0.041300 0.016200 0.032700 0.032900 0.067200 0.085800 0.085600 0.032900 0.041100 0.049400 0.016200 0.058400 0.041200 0.041100 0.074800 0.024500 0.094400 0.033000 0.008100 0.041200 0.008100 0.032700 0.033100 0.067300 0.058700 0.041500 0.032700 0.024500 0.016200 0.041500 0.065900 0.041300 0.095500 0.049600 0.067100 0.024500 0.032800 0.066200 0.050000 0.032400 0.041100 0.008100 0.008100
KillerWhal 0.111200 0.109600 0.083700 0.000000 0.101900 0.120000 0.129300 0.138500 0.092700 0.093300 0.102000 0.120000 0.120500 0.120900 0.180000 0.169700 0.120600 0.129500 0.139400 0.101900 0.149700 0.129600 0.093300 0.128500 0.111300 0.189200 0.121000 0.092700 0.129500 0.092700 0.084100 0.121200 0.130400 0.149300 0.130400 0.119800 0.110400 0.101900 0.130400 0.092100 0.093300 0.191200 0.102000 0.120800 0.111200 0.120000 0.156400 0.130200 0.109900 0.119800 0.092800 0.092700
DefassaWat 0.008200 0.130800 0.016300 0.101900 0.000000 0.016300 0.024600 0.033000 0.008100 0.058300 0.024600 0.016300 0.016400 0.050300 0.068500 0.069200 0.050400 0.058500 0.033200 0.016300 0.041900 0.024700 0.058600 0.076100 0.024700 0.095000 0.016400 0.008100 0.024700 0.008100 0.049800 0.033200 0.085200 0.041900 0.024900 0.016300 0.008200 0.000000 0.024900 0.083500 0.058600 0.096200 0.067100 0.067000 0.008200 0.016300 0.049400 0.050300 0.032600 0.058400 0.008100 0.008100
Sheep 0.008200 0.149600 0.032700 0.120000 0.016300 0.000000 0.024600 0.033000 0.024500 0.058600 0.024500 0.016300 0.033100 0.050200 0.068500 0.068800 0.050100 0.058500 0.033100 0.032900 0.041900 0.024700 0.058600 0.075100 0.024700 0.094900 0.016500 0.024500 0.024700 0.024500 0.050100 0.033200 0.085200 0.041800 0.024900 0.032900 0.008200 0.016300 0.041800 0.083400 0.058600 0.096200 0.067000 0.068000 0.024700 0.033000 0.049500 0.050300 0.049300 0.058100 0.024500 0.024500
MaxwellsDu 0.016400 0.159600 0.041200 0.129300 0.024600 0.024600 0.000000 0.041400 0.032900 0.067300 0.032900 0.024600 0.041300 0.041300 0.059100 0.077300 0.058700 0.067200 0.041700 0.041200 0.050500 0.033100 0.067300 0.084100 0.033300 0.104200 0.024700 0.032900 0.033100 0.032900 0.059200 0.024800 0.094300 0.050400 0.033400 0.041400 0.016400 0.024700 0.050400 0.092300 0.066900 0.105500 0.075800 0.076300 0.033100 0.041400 0.058100 0.059000 0.057900 0.067300 0.032900 0.032900
GazellaPrz 0.024700 0.169000 0.049600 0.138500 0.033000 0.033000 0.041400 0.000000 0.041100 0.076000 0.041300 0.033000 0.050100 0.067100 0.086500 0.068400 0.067400 0.075900 0.050200 0.049800 0.041800 0.041500 0.076000 0.092900 0.041200 0.095000 0.033200 0.041200 0.024700 0.041200 0.067000 0.050300 0.103300 0.059100 0.041800 0.049800 0.024700 0.033100 0.041900 0.101000 0.075500 0.096400 0.084600 0.085100 0.041300 0.049900 0.049600 0.067700 0.066300 0.075700 0.041400 0.041000
MountainNy 0.016300 0.121300 0.008100 0.092700 0.008100 0.024500 0.032900 0.041100 0.000000 0.049900 0.024500 0.024600 0.024600 0.058700 0.077200 0.077300 0.041400 0.049800 0.041500 0.008100 0.050300 0.032900 0.049900 0.066400 0.033000 0.103800 0.024700 0.000000 0.032900 0.000000 0.041200 0.041600 0.076200 0.050200 0.033200 0.024500 0.016300 0.008100 0.033200 0.074600 0.049900 0.105000 0.058300 0.058500 0.016300 0.024500 0.057900 0.058700 0.040800 0.049600 0.000000 0.000000
MuntiacusM 0.050200 0.160200 0.041300 0.093300 0.058300 0.058600 0.067300 0.076000 0.049900 0.000000 0.041600 0.058600 0.076400 0.076700 0.114300 0.114000 0.058900 0.067500 0.076500 0.058600 0.085900 0.067500 0.000000 0.049700 0.050200 0.123100 0.058600 0.049900 0.067500 0.049900 0.008200 0.059200 0.076800 0.084900 0.068200 0.075900 0.050100 0.058600 0.085800 0.041300 0.000000 0.124700 0.008200 0.041800 0.067500 0.076100 0.093200 0.050400 0.075300 0.067100 0.049800 0.049900
goat 0.016300 0.149800 0.016200 0.102000 0.024600 0.024500 0.032900 0.041300 0.024500 0.041600 0.000000 0.024600 0.041500 0.058300 0.077200 0.076200 0.033100 0.041400 0.041600 0.032900 0.050400 0.033000 0.041500 0.075200 0.016400 0.085800 0.024800 0.024600 0.033000 0.024500 0.032900 0.024800 0.067600 0.050300 0.033200 0.041300 0.016300 0.024600 0.050300 0.066200 0.041500 0.086900 0.049900 0.067400 0.032900 0.041300 0.058000 0.041700 0.040900 0.041200 0.024500 0.024500
AfricanBuf 0.008200 0.149800 0.032700 0.120000 0.016300 0.016300 0.024600 0.033000 0.024600 0.058600 0.024600 0.000000 0.033100 0.050300 0.068500 0.068500 0.050200 0.058300 0.033200 0.032900 0.041800 0.024700 0.058600 0.075300 0.024700 0.095000 0.016500 0.024500 0.024700 0.024500 0.049800 0.033500 0.085300 0.041600 0.024900 0.033000 0.008200 0.016300 0.041800 0.083500 0.058600 0.096200 0.067100 0.067500 0.024700 0.033000 0.049600 0.050000 0.049300 0.058200 0.024500 0.024500
Topi 0.024700 0.150400 0.032900 0.120500 0.016400 0.033100 0.041300 0.050100 0.024600 0.076400 0.041500 0.033100 0.000000 0.067600 0.087000 0.086600 0.068200 0.076300 0.050400 0.033100 0.059400 0.041700 0.076400 0.093300 0.041500 0.113900 0.016300 0.024600 0.041700 0.024500 0.067300 0.050200 0.103800 0.041500 0.041700 0.033000 0.024800 0.016400 0.041700 0.101500 0.076400 0.105700 0.085000 0.085200 0.024800 0.033100 0.067000 0.068000 0.049500 0.075900 0.024600 0.024600
CommonDuik 0.041800 0.150900 0.067200 0.120900 0.050300 0.050200 0.041300 0.067100 0.058700 0.076700 0.058300 0.050300 0.067600 0.000000 0.105600 0.105300 0.085700 0.094400 0.059200 0.067600 0.060200 0.059100 0.076700 0.075900 0.059000 0.132800 0.050700 0.058400 0.059100 0.058700 0.067500 0.033200 0.094800 0.077300 0.059500 0.067500 0.041800 0.050300 0.077300 0.101900 0.075800 0.134900 0.085300 0.085800 0.059400 0.067900 0.084700 0.086000 0.085100 0.093900 0.058700 0.058700
Suni 0.059900 0.202900 0.085800 0.180000 0.068500 0.068500 0.059100 0.086500 0.077200 0.114300 0.077200 0.068500 0.087000 0.105600 0.000000 0.125900 0.105200 0.114200 0.087100 0.086400 0.096800 0.077700 0.114300 0.131700 0.077600 0.154700 0.069100 0.077200 0.077700 0.077200 0.104500 0.087300 0.143600 0.096700 0.078300 0.087100 0.059700 0.068500 0.096700 0.140100 0.114300 0.156900 0.123300 0.124000 0.077700 0.086500 0.104000 0.105700 0.103400 0.113200 0.077200 0.077200
Springbuck 0.059700 0.192300 0.085600 0.169700 0.069200 0.068800 0.077300 0.068400 0.077300 0.114000 0.076200 0.068500 0.086600 0.105300 0.125900 0.000000 0.104900 0.113900 0.086800 0.086100 0.078300 0.077500 0.114000 0.131300 0.077400 0.134800 0.068900 0.076900 0.059800 0.076900 0.104200 0.087000 0.143200 0.096400 0.078100 0.086100 0.059700 0.068300 0.078200 0.139700 0.114000 0.136900 0.122900 0.123700 0.077500 0.086200 0.085700 0.105400 0.103100 0.113100 0.076900 0.076900
Okapi 0.041700 0.169800 0.032900 0.120600 0.050400 0.050100 0.058700 0.067400 0.041400 0.058900 0.033100 0.050200 0.068200 0.085700 0.105200 0.104900 0.000000 0.008200 0.067800 0.050100 0.077100 0.058900 0.058900 0.093200 0.041700 0.113900 0.050500 0.041400 0.059500 0.041400 0.050100 0.050600 0.067700 0.059400 0.042200 0.067200 0.041700 0.050000 0.077000 0.083800 0.058900 0.115500 0.067400 0.085500 0.058900 0.067400 0.084400 0.067900 0.066600 0.058500 0.041500 0.041600
Giraffe 0.050100 0.179300 0.041100 0.129500 0.058500 0.058500 0.067200 0.075900 0.049800 0.067500 0.041400 0.058300 0.076300 0.094400 0.114200 0.113900 0.008200 0.000000 0.076400 0.058500 0.085800 0.067400 0.067500 0.101900 0.050100 0.122900 0.059400 0.049800 0.067400 0.049900 0.058500 0.059100 0.076300 0.068000 0.050500 0.075800 0.050100 0.058500 0.085400 0.092400 0.067500 0.124500 0.076000 0.094200 0.067400 0.076000 0.093000 0.076700 0.075100 0.067000 0.049500 0.049800
TibetanAnt 0.024800 0.170300 0.049400 0.139400 0.033200 0.033100 0.041700 0.050200 0.041500 0.076500 0.041600 0.033200 0.050400 0.059200 0.087100 0.086800 0.067800 0.076400 0.000000 0.050200 0.059600 0.041800 0.076500 0.093400 0.041700 0.104100 0.033500 0.041300 0.041700 0.041200 0.067400 0.041900 0.085700 0.059500 0.042100 0.050400 0.024800 0.033100 0.059500 0.101700 0.076500 0.105400 0.085100 0.085700 0.041800 0.050200 0.067100 0.068100 0.066800 0.076000 0.041200 0.041600
Sitatunga 0.024700 0.130900 0.016200 0.101900 0.016300 0.032900 0.041200 0.049800 0.008100 0.058600 0.032900 0.032900 0.033100 0.067600 0.086400 0.086100 0.050100 0.058500 0.050200 0.000000 0.059400 0.041600 0.058500 0.075300 0.041500 0.095000 0.033200 0.008100 0.041500 0.008100 0.049800 0.050300 0.085300 0.059000 0.041800 0.032900 0.024700 0.016300 0.041600 0.083500 0.058300 0.114600 0.067200 0.067400 0.024700 0.032900 0.066600 0.067600 0.049300 0.058200 0.008100 0.008100
Oribi 0.033500 0.170500 0.058400 0.149700 0.041900 0.041900 0.050500 0.041800 0.050300 0.085900 0.050400 0.041800 0.059400 0.060200 0.096800 0.078300 0.077100 0.085800 0.059600 0.059400 0.000000 0.050700 0.085900 0.085100 0.050600 0.105600 0.042300 0.050300 0.033500 0.050300 0.076600 0.059700 0.113900 0.051200 0.050900 0.059100 0.033500 0.041900 0.051200 0.111200 0.085900 0.107300 0.094600 0.095300 0.050700 0.059500 0.058900 0.077500 0.075800 0.085200 0.050300 0.050300
BarbaryShe 0.016400 0.159600 0.041200 0.129600 0.024700 0.024700 0.033100 0.041500 0.032900 0.067500 0.033000 0.024700 0.041700 0.059100 0.077700 0.077500 0.058900 0.067400 0.041800 0.041600 0.050700 0.000000 0.067500 0.084300 0.024700 0.104400 0.024900 0.032900 0.033200 0.032900 0.058500 0.042100 0.094500 0.050600 0.033400 0.041400 0.016400 0.024700 0.050400 0.092400 0.067500 0.105900 0.076000 0.059600 0.033100 0.041500 0.041200 0.041900 0.057900 0.067000 0.032900 0.032900
Daviddeer 0.050200 0.160200 0.041100 0.093300 0.058600 0.058600 0.067300 0.076000 0.049900 0.000000 0.041500 0.058600 0.076400 0.076700 0.114300 0.114000 0.058900 0.067500 0.076500 0.058500 0.085900 0.067500 0.000000 0.049700 0.049800 0.123100 0.059100 0.049900 0.067500 0.049900 0.008200 0.059200 0.076800 0.085800 0.068000 0.075900 0.050200 0.058600 0.085800 0.041000 0.000000 0.124700 0.008200 0.041500 0.067500 0.076000 0.093200 0.050400 0.075300 0.067100 0.049900 0.049900
Reindeer 0.066800 0.177900 0.074800 0.128500 0.076100 0.075100 0.084100 0.092900 0.066400 0.049700 0.075200 0.075300 0.093300 0.075900 0.131700 0.131300 0.093200 0.101900 0.093400 0.075300 0.085100 0.084300 0.049700 0.000000 0.084200 0.159500 0.075100 0.066400 0.084200 0.066400 0.041100 0.093700 0.111700 0.102800 0.084900 0.092700 0.066600 0.075300 0.084800 0.074400 0.049700 0.161400 0.058100 0.058400 0.084300 0.092900 0.110000 0.102500 0.109500 0.101400 0.066400 0.066400
Ibex 0.016400 0.159700 0.024500 0.111300 0.024700 0.024700 0.033300 0.041200 0.033000 0.050200 0.016400 0.024700 0.041500 0.059000 0.077600 0.077400 0.041700 0.050100 0.041700 0.041500 0.050600 0.024700 0.049800 0.084200 0.000000 0.086200 0.024900 0.032900 0.033100 0.032900 0.041500 0.024900 0.076700 0.050300 0.033200 0.041400 0.016400 0.024800 0.050500 0.075000 0.050200 0.087400 0.058600 0.076400 0.033100 0.041500 0.058200 0.033200 0.041000 0.049800 0.032900 0.033000
GyrantGaze 0.086200 0.244000 0.094400 0.189200 0.095000 0.094900 0.104200 0.095000 0.103800 0.123100 0.085800 0.095000 0.113900 0.132800 0.154700 0.134800 0.113900 0.122900 0.104100 0.095000 0.105600 0.104400 0.123100 0.159500 0.086200 0.000000 0.095800 0.103800 0.086300 0.103800 0.113200 0.096000 0.152600 0.124000 0.105300 0.113100 0.086200 0.095000 0.105400 0.148900 0.123100 0.069900 0.132100 0.152000 0.104500 0.113400 0.112600 0.114500 0.112100 0.122300 0.103800 0.103800
Hartebeest 0.008200 0.150800 0.033000 0.121000 0.016400 0.016500 0.024700 0.033200 0.024700 0.058600 0.024800 0.016500 0.016300 0.050700 0.069100 0.068900 0.050500 0.059400 0.033500 0.033200 0.042300 0.024900 0.059100 0.075100 0.024900 0.095800 0.000000 0.024700 0.024900 0.024700 0.050200 0.033200 0.086000 0.024700 0.024900 0.033000 0.008200 0.016500 0.042200 0.083200 0.059100 0.087700 0.067600 0.067700 0.024800 0.033200 0.049600 0.050700 0.049700 0.058400 0.024600 0.024700
Bongo 0.016300 0.121300 0.008100 0.092700 0.008100 0.024500 0.032900 0.041200 0.000000 0.049900 0.024600 0.024500 0.024600 0.058400 0.077200 0.076900 0.041400 0.049800 0.041300 0.008100 0.050300 0.032900 0.049900 0.066400 0.032900 0.103800 0.024700 0.000000 0.032900 0.000000 0.041200 0.041600 0.076200 0.050400 0.033200 0.024500 0.016300 0.008100 0.033200 0.074600 0.049900 0.105000 0.058300 0.058600 0.016400 0.024500 0.057900 0.058300 0.040700 0.049600 0.000000 0.000000
Gerenuk 0.016400 0.159700 0.041200 0.129500 0.024700 0.024700 0.033100 0.024700 0.032900 0.067500 0.033000 0.024700 0.041700 0.059100 0.077700 0.059800 0.059500 0.067400 0.041700 0.041500 0.033500 0.033200 0.067500 0.084200 0.033100 0.086300 0.024900 0.032900 0.000000 0.032900 0.058500 0.042000 0.094500 0.050600 0.033400 0.041400 0.016500 0.024800 0.033400 0.092400 0.067500 0.087500 0.076000 0.076500 0.033200 0.041500 0.041300 0.059100 0.057800 0.067000 0.032900 0.032900
CommonElan 0.016400 0.121300 0.008100 0.092700 0.008100 0.024500 0.032900 0.041200 0.000000 0.049900 0.024500 0.024500 0.024500 0.058700 0.077200 0.076900 0.041400 0.049900 0.041200 0.008100 0.050300 0.032900 0.049900 0.066400 0.032900 0.103800 0.024700 0.000000 0.032900 0.000000 0.041100 0.041600 0.076200 0.050200 0.033200 0.024600 0.016300 0.008100 0.033200 0.074600 0.050200 0.105200 0.058300 0.058600 0.016300 0.024500 0.057900 0.058700 0.040800 0.049600 0.000000 0.000000
MuntiacusR 0.041400 0.149800 0.032700 0.084100 0.049800 0.050100 0.059200 0.067000 0.041200 0.008200 0.032900 0.049800 0.067300 0.067500 0.104500 0.104200 0.050100 0.058500 0.067400 0.049800 0.076600 0.058500 0.008200 0.041100 0.041500 0.113200 0.050200 0.041200 0.058500 0.041100 0.000000 0.050300 0.067600 0.076500 0.059000 0.066900 0.041400 0.049800 0.076500 0.032500 0.008200 0.114600 0.016300 0.033100 0.058500 0.067000 0.083900 0.058300 0.066300 0.058200 0.041200 0.041200
HarveysDui 0.024900 0.170900 0.033100 0.121200 0.033200 0.033200 0.024800 0.050300 0.041600 0.059200 0.024800 0.033500 0.050200 0.033200 0.087300 0.087000 0.050600 0.059100 0.041900 0.050300 0.059700 0.042100 0.059200 0.093700 0.024900 0.096000 0.033200 0.041600 0.042000 0.041600 0.050300 0.000000 0.077000 0.059600 0.042100 0.050200 0.024900 0.033200 0.059700 0.084100 0.059200 0.097200 0.067700 0.085900 0.041800 0.050300 0.067200 0.050800 0.049400 0.058800 0.041500 0.041600
Pronghorn 0.076100 0.160800 0.067300 0.130400 0.085200 0.085200 0.094300 0.103300 0.076200 0.076800 0.067600 0.085300 0.103800 0.094800 0.143600 0.143200 0.067700 0.076300 0.085700 0.085300 0.113900 0.094500 0.076800 0.111700 0.076700 0.152600 0.086000 0.076200 0.094500 0.076200 0.067600 0.077000 0.000000 0.113700 0.095300 0.103100 0.076600 0.085300 0.113700 0.066700 0.076800 0.154600 0.085400 0.104100 0.094600 0.103300 0.102600 0.104300 0.084300 0.076200 0.076200 0.076200
BlueWildeb 0.033200 0.180400 0.058700 0.149300 0.041900 0.041800 0.050400 0.059100 0.050200 0.084900 0.050300 0.041600 0.041500 0.077300 0.096700 0.096400 0.059400 0.068000 0.059500 0.059000 0.051200 0.050600 0.085800 0.102800 0.050300 0.124000 0.024700 0.050400 0.050600 0.050200 0.076500 0.059600 0.113700 0.000000 0.051000 0.059000 0.033400 0.041800 0.068600 0.111000 0.085800 0.116100 0.094400 0.095100 0.050600 0.041800 0.076200 0.077400 0.075700 0.085100 0.050200 0.050200
Gemsbok 0.016600 0.160800 0.041500 0.130400 0.024900 0.024900 0.033400 0.041800 0.033200 0.068200 0.033200 0.024900 0.041700 0.059500 0.078300 0.078100 0.042200 0.050500 0.042100 0.041800 0.050900 0.033400 0.068000 0.084900 0.033200 0.105300 0.024900 0.033200 0.033400 0.033200 0.059000 0.042100 0.095300 0.051000 0.000000 0.033200 0.016600 0.024900 0.050800 0.093100 0.068000 0.106900 0.076500 0.077000 0.024900 0.041800 0.058400 0.059600 0.058300 0.068300 0.033200 0.033200
Yak 0.024600 0.149400 0.032700 0.119800 0.016300 0.032900 0.041400 0.049800 0.024500 0.075900 0.041300 0.033000 0.033000 0.067500 0.087100 0.086100 0.067200 0.075800 0.050400 0.032900 0.059100 0.041400 0.075900 0.092700 0.041400 0.113100 0.033000 0.024500 0.041400 0.024600 0.066900 0.050200 0.103100 0.059000 0.033200 0.000000 0.024600 0.016300 0.041700 0.100900 0.075900 0.114700 0.084400 0.085000 0.008200 0.032900 0.066600 0.067600 0.049200 0.075400 0.024500 0.024500
BlueSheep 0.000000 0.140600 0.024500 0.110400 0.008200 0.008200 0.016400 0.024700 0.016300 0.050100 0.016300 0.008200 0.024800 0.041800 0.059700 0.059700 0.041700 0.050100 0.024800 0.024700 0.033500 0.016400 0.050200 0.066600 0.016400 0.086200 0.008200 0.016300 0.016500 0.016300 0.041400 0.024900 0.076600 0.033400 0.016600 0.024600 0.000000 0.008200 0.033400 0.074900 0.049800 0.087400 0.058600 0.058900 0.016400 0.024700 0.041300 0.041600 0.041000 0.049800 0.016400 0.016400
BohorReedb 0.008200 0.130800 0.016200 0.101900 0.000000 0.016300 0.024700 0.033100 0.008100 0.058600 0.024600 0.016300 0.016400 0.050300 0.068500 0.068300 0.050000 0.058500 0.033100 0.016300 0.041900 0.024700 0.058600 0.075300 0.024800 0.095000 0.016500 0.008100 0.024800 0.008100 0.049800 0.033200 0.085300 0.041800 0.024900 0.016300 0.008200 0.000000 0.024900 0.083500 0.058400 0.096200 0.067100 0.067500 0.008200 0.016300 0.049600 0.050300 0.032600 0.058200 0.008100 0.008100
KirksDik 0.033400 0.160800 0.041500 0.130400 0.024900 0.041800 0.050400 0.041900 0.033200 0.085800 0.050300 0.041800 0.041700 0.077300 0.096700 0.078200 0.077000 0.085400 0.059500 0.041600 0.051200 0.050400 0.085800 0.084800 0.050500 0.105400 0.042200 0.033200 0.033400 0.033200 0.076500 0.059700 0.113700 0.068600 0.050800 0.041700 0.033400 0.024900 0.000000 0.111400 0.085800 0.107000 0.094500 0.095100 0.033400 0.025000 0.058800 0.077400 0.058300 0.085100 0.033200 0.033200
RoeDeer 0.074900 0.157700 0.065900 0.092100 0.083500 0.083400 0.092300 0.101000 0.074600 0.041300 0.066200 0.083500 0.101500 0.101900 0.140100 0.139700 0.083800 0.092400 0.101700 0.083500 0.111200 0.092400 0.041000 0.074400 0.075000 0.148900 0.083200 0.074600 0.092400 0.074600 0.032500 0.084100 0.066700 0.111000 0.093100 0.100900 0.074900 0.083500 0.111400 0.000000 0.041000 0.150400 0.049300 0.066600 0.092500 0.101100 0.100400 0.092900 0.082700 0.057600 0.075200 0.074600
WhiteLippe 0.050200 0.160200 0.041300 0.093300 0.058600 0.058600 0.066900 0.075500 0.049900 0.000000 0.041500 0.058600 0.076400 0.075800 0.114300 0.114000 0.058900 0.067500 0.076500 0.058300 0.085900 0.067500 0.000000 0.049700 0.050200 0.123100 0.059100 0.049900 0.067500 0.050200 0.008200 0.059200 0.076800 0.085800 0.068000 0.075900 0.049800 0.058400 0.085800 0.041000 0.000000 0.124700 0.008200 0.041600 0.067500 0.076100 0.093200 0.050400 0.075300 0.067400 0.049900 0.049900
ThomsonGaz 0.087400 0.245800 0.095500 0.191200 0.096200 0.096200 0.105500 0.096400 0.105000 0.124700 0.086900 0.096200 0.105700 0.134900 0.156900 0.136900 0.115500 0.124500 0.105400 0.114600 0.107300 0.105900 0.124700 0.161400 0.087400 0.069900 0.087700 0.105000 0.087500 0.105200 0.114600 0.097200 0.154600 0.116100 0.106900 0.114700 0.087400 0.096200 0.107000 0.150400 0.124700 0.000000 0.133600 0.153900 0.105900 0.114800 0.114100 0.116100 0.113200 0.123500 0.105000 0.105000
MuntiacusC 0.058600 0.169400 0.049600 0.102000 0.067100 0.067000 0.075800 0.084600 0.058300 0.008200 0.049900 0.067100 0.085000 0.085300 0.123300 0.122900 0.067400 0.076000 0.085100 0.067200 0.094600 0.076000 0.008200 0.058100 0.058600 0.132100 0.067600 0.058300 0.076000 0.058300 0.016300 0.067700 0.085400 0.094400 0.076500 0.084400 0.058600 0.067100 0.094500 0.049300 0.008200 0.133600 0.000000 0.050300 0.076000 0.084600 0.101700 0.059100 0.083500 0.075600 0.058300 0.058300
WhiteTaile 0.058900 0.160300 0.067100 0.120800 0.067000 0.068000 0.076300 0.085100 0.058500 0.041800 0.067400 0.067500 0.085200 0.085800 0.124000 0.123700 0.085500 0.094200 0.085700 0.067400 0.095300 0.059600 0.041500 0.058400 0.076400 0.152000 0.067700 0.058600 0.076500 0.058600 0.033100 0.085900 0.104100 0.095100 0.077000 0.085000 0.058900 0.067500 0.095100 0.066600 0.041600 0.153900 0.050300 0.000000 0.076500 0.085100 0.084100 0.094200 0.101900 0.093700 0.058600 0.058600
Cattle 0.016400 0.140600 0.024500 0.111200 0.008200 0.024700 0.033100 0.041300 0.016300 0.067500 0.032900 0.024700 0.024800 0.059400 0.077700 0.077500 0.058900 0.067400 0.041800 0.024700 0.050700 0.033100 0.067500 0.084300 0.033100 0.104500 0.024800 0.016400 0.033200 0.016300 0.058500 0.041800 0.094600 0.050600 0.024900 0.008200 0.016400 0.008200 0.033400 0.092500 0.067500 0.105900 0.076000 0.076500 0.000000 0.024700 0.058300 0.059100 0.041400 0.067000 0.016300 0.016400
RoyalAntel 0.024700 0.149700 0.032800 0.120000 0.016300 0.033000 0.041400 0.049900 0.024500 0.076100 0.041300 0.033000 0.033100 0.067900 0.086500 0.086200 0.067400 0.076000 0.050200 0.032900 0.059500 0.041500 0.076000 0.092900 0.041500 0.113400 0.033200 0.024500 0.041500 0.024500 0.067000 0.050300 0.103300 0.041800 0.041800 0.032900 0.024700 0.016300 0.025000 0.101100 0.076100 0.114800 0.084600 0.085100 0.024700 0.000000 0.066600 0.067400 0.049300 0.075600 0.024500 0.024500
Steenbok 0.041500 0.167900 0.066200 0.156400 0.049400 0.049500 0.058100 0.049600 0.057900 0.093200 0.058000 0.049600 0.067000 0.084700 0.104000 0.085700 0.084400 0.093000 0.067100 0.066600 0.058900 0.041200 0.093200 0.110000 0.058200 0.112600 0.049600 0.057900 0.041300 0.057900 0.083900 0.067200 0.102600 0.076200 0.058400 0.066600 0.041300 0.049600 0.058800 0.100400 0.093200 0.114100 0.101700 0.084100 0.058300 0.066600 0.000000 0.084800 0.083200 0.092500 0.058000 0.057900
Impala 0.041800 0.190400 0.050000 0.130200 0.050300 0.050300 0.059000 0.067700 0.058700 0.050400 0.041700 0.050000 0.068000 0.086000 0.105700 0.105400 0.067900 0.076700 0.068100 0.067600 0.077500 0.041900 0.050400 0.102500 0.033200 0.114500 0.050700 0.058300 0.059100 0.058700 0.058300 0.050800 0.104300 0.077400 0.059600 0.067600 0.041600 0.050300 0.077400 0.092900 0.050400 0.116100 0.059100 0.094200 0.059100 0.067400 0.084800 0.000000 0.066900 0.076200 0.058700 0.058700
Klipspring 0.041000 0.158000 0.032400 0.109900 0.032600 0.049300 0.057900 0.066300 0.040800 0.075300 0.040900 0.049300 0.049500 0.085100 0.103400 0.103100 0.066600 0.075100 0.066800 0.049300 0.075800 0.057900 0.075300 0.109500 0.041000 0.112100 0.049700 0.040700 0.057800 0.040800 0.066300 0.049400 0.084300 0.075700 0.058300 0.049200 0.041000 0.032600 0.058300 0.082700 0.075300 0.113200 0.083500 0.101900 0.041400 0.049300 0.083200 0.066900 0.000000 0.057600 0.040800 0.040800
ForestMusk 0.049800 0.169000 0.041100 0.119800 0.058400 0.058100 0.067300 0.075700 0.049600 0.067100 0.041200 0.058200 0.075900 0.093900 0.113200 0.113100 0.058500 0.067000 0.076000 0.058200 0.085200 0.067000 0.067100 0.101400 0.049800 0.122300 0.058400 0.049600 0.067000 0.049600 0.058200 0.058800 0.076200 0.085100 0.068300 0.075400 0.049800 0.058200 0.085100 0.057600 0.067400 0.123500 0.075600 0.093700 0.067000 0.075600 0.092500 0.076200 0.057600 0.000000 0.049400 0.049600
Bushbuck 0.016300 0.121300 0.008100 0.092800 0.008100 0.024500 0.032900 0.041400 0.000000 0.049800 0.024500 0.024500 0.024600 0.058700 0.077200 0.076900 0.041500 0.049500 0.041200 0.008100 0.050300 0.032900 0.049900 0.066400 0.032900 0.103800 0.024600 0.000000 0.032900 0.000000 0.041200 0.041500 0.076200 0.050200 0.033200 0.024500 0.016400 0.008100 0.033200 0.075200 0.049900 0.105000 0.058300 0.058600 0.016300 0.024500 0.058000 0.058700 0.040800 0.049400 0.000000 0.000000
GreaterKud 0.016300 0.121300 0.008100 0.092700 0.008100 0.024500 0.032900 0.041000 0.000000 0.049900 0.024500 0.024500 0.024600 0.058700 0.077200 0.076900 0.041600 0.049800 0.041600 0.008100 0.050300 0.032900 0.049900 0.066400 0.033000 0.103800 0.024700 0.000000 0.032900 0.000000 0.041200 0.041600 0.076200 0.050200 0.033200 0.024500 0.016400 0.008100 0.033200 0.074600 0.049900 0.105000 0.058300 0.058600 0.016400 0.024500 0.057900 0.058700 0.040800 0.049600 0.000000 0.000000
