1
52 1
Argali 0.000000 0.212200 0.021500 0.121700 0.043200 0.007100 0.036100 0.057600 0.014200 0.028600 0.028000 0.050400 0.028600 0.043400 0.035900 0.043100 0.035900 0.028400 0.021300 0.014200 0.057800 0.014200 0.176600 0.065900 0.013800 0.050300 0.020800 0.020900 0.050000 0.013900 0.028700 0.028000 0.050300 0.013800 0.021300 0.028800 0.013900 0.035700 0.057700 0.163300 0.186400 0.050300 0.028600 0.065500 0.021300 0.035600 0.050300 0.035700 0.050100 0.043200 0.013800 0.014200
LesserMous 0.212200 0.000000 0.203900 0.228000 0.210500 0.202900 0.203400 0.237300 0.194000 0.202500 0.211600 0.211200 0.194000 0.211700 0.211400 0.219800 0.220500 0.201500 0.201800 0.194000 0.237800 0.194000 0.284300 0.238700 0.194000 0.228100 0.184400 0.203700 0.246100 0.194000 0.211800 0.193500 0.210000 0.194000 0.202200 0.203000 0.194000 0.219400 0.218800 0.327800 0.285600 0.228100 0.202500 0.238200 0.201800 0.219300 0.228100 0.210900 0.215800 0.202100 0.194000 0.194000
LesserKudu 0.021500 0.203900 0.000000 0.114000 0.036000 0.013900 0.028900 0.050400 0.007100 0.021500 0.021000 0.043200 0.021500 0.036200 0.028800 0.035900 0.028800 0.021300 0.014200 0.007000 0.050600 0.007100 0.185700 0.058600 0.006900 0.043100 0.013800 0.013900 0.057700 0.007100 0.021500 0.020700 0.043100 0.007000 0.013900 0.021000 0.006900 0.028600 0.065600 0.155600 0.195800 0.043100 0.021500 0.058200 0.013800 0.027600 0.043100 0.028600 0.043000 0.036000 0.007000 0.007100
KillerWhal 0.121700 0.228000 0.114000 0.000000 0.137200 0.113300 0.113600 0.152800 0.105300 0.121100 0.121300 0.128300 0.105000 0.104800 0.121100 0.137000 0.112700 0.112400 0.096500 0.105300 0.153300 0.105300 0.256200 0.145800 0.105300 0.144700 0.112800 0.113900 0.144100 0.105300 0.121400 0.105000 0.136700 0.105300 0.097000 0.097000 0.105300 0.128500 0.152700 0.271300 0.267700 0.144700 0.121100 0.145000 0.096500 0.128500 0.144700 0.128900 0.144700 0.104400 0.105300 0.105300
DefassaWat 0.043200 0.210500 0.036000 0.137200 0.000000 0.035700 0.050800 0.057200 0.028500 0.043000 0.043000 0.065000 0.028500 0.058100 0.050500 0.042800 0.035700 0.042700 0.035600 0.028500 0.057400 0.028500 0.209500 0.080700 0.028500 0.049900 0.021200 0.035900 0.064500 0.028500 0.043000 0.043100 0.064800 0.028500 0.035700 0.043300 0.028500 0.020500 0.072300 0.178900 0.220000 0.049900 0.043000 0.050200 0.035600 0.050100 0.049900 0.050200 0.064700 0.057700 0.028500 0.028500
Sheep 0.007100 0.202900 0.013900 0.113300 0.035700 0.000000 0.028700 0.050100 0.006900 0.021300 0.021300 0.042900 0.021400 0.035900 0.028600 0.035700 0.028600 0.021200 0.014100 0.007100 0.050300 0.006900 0.168200 0.058200 0.007100 0.042800 0.013900 0.014200 0.042600 0.006900 0.021400 0.021400 0.042900 0.007100 0.013700 0.020600 0.007100 0.028400 0.050200 0.154800 0.177800 0.042800 0.021300 0.057900 0.014100 0.028300 0.042800 0.028400 0.042700 0.035800 0.006900 0.006900
MaxwellsDu 0.036100 0.203400 0.028900 0.113600 0.050800 0.028700 0.000000 0.050400 0.021500 0.036100 0.021400 0.058100 0.036100 0.021400 0.028700 0.050700 0.043500 0.035900 0.027400 0.021500 0.050600 0.021500 0.203200 0.073800 0.021500 0.043100 0.027900 0.028900 0.057700 0.021500 0.036100 0.006900 0.058000 0.020700 0.028600 0.036300 0.021500 0.043200 0.050300 0.155700 0.213500 0.043100 0.036100 0.073400 0.028600 0.028500 0.043100 0.028600 0.057800 0.050800 0.021500 0.021500
GazellaPrz 0.057600 0.237300 0.050400 0.152800 0.057200 0.050100 0.050400 0.000000 0.042800 0.057400 0.042700 0.079700 0.057600 0.057700 0.050200 0.013700 0.064900 0.057100 0.049900 0.042800 0.013700 0.042800 0.226800 0.087700 0.042800 0.006800 0.049900 0.050400 0.020500 0.042800 0.057500 0.042800 0.071900 0.042800 0.050000 0.057800 0.042800 0.049700 0.027600 0.169800 0.237500 0.006800 0.057400 0.072100 0.049900 0.049700 0.006700 0.049800 0.071800 0.072200 0.042800 0.042800
MountainNy 0.014200 0.194000 0.007100 0.105300 0.028500 0.006900 0.021500 0.042800 0.000000 0.014200 0.014200 0.035600 0.014200 0.028700 0.021400 0.028500 0.021400 0.014100 0.007000 0.000000 0.042900 0.000000 0.176600 0.050700 0.000000 0.035600 0.006900 0.006900 0.050000 0.000000 0.014200 0.014200 0.035600 0.000000 0.006900 0.014300 0.000000 0.021200 0.057700 0.146800 0.186400 0.035600 0.014200 0.050500 0.007000 0.021200 0.035600 0.020700 0.035500 0.028500 0.000000 0.000000
MuntiacusM 0.028600 0.202500 0.021500 0.121100 0.043000 0.021300 0.036100 0.057400 0.014200 0.000000 0.028500 0.050300 0.028600 0.043300 0.035900 0.042900 0.035800 0.028300 0.021200 0.014200 0.057500 0.014200 0.176200 0.050600 0.014200 0.050000 0.021200 0.021400 0.064700 0.014200 0.014100 0.028600 0.035500 0.014200 0.021300 0.028700 0.014200 0.035500 0.072500 0.146400 0.186000 0.050000 0.000000 0.050300 0.021200 0.035500 0.050000 0.035600 0.042700 0.042900 0.014200 0.014200
goat 0.028000 0.211600 0.021000 0.121300 0.043000 0.021300 0.021400 0.042700 0.014200 0.028500 0.000000 0.050200 0.028600 0.028600 0.021300 0.043000 0.035800 0.028400 0.021200 0.013700 0.042900 0.013800 0.193300 0.065700 0.014200 0.035500 0.021200 0.021400 0.049900 0.013800 0.028600 0.014200 0.050200 0.013900 0.021200 0.028700 0.014200 0.035600 0.057600 0.146500 0.203400 0.035500 0.028500 0.065300 0.021200 0.021100 0.035500 0.020600 0.050300 0.043100 0.013800 0.014200
AfricanBuf 0.050400 0.211200 0.043200 0.128300 0.065000 0.042900 0.058100 0.079700 0.035600 0.050300 0.050200 0.000000 0.050300 0.065400 0.057800 0.065000 0.057800 0.050000 0.027600 0.035600 0.079900 0.035600 0.184200 0.088300 0.035600 0.072200 0.042700 0.043100 0.087200 0.035600 0.050400 0.050300 0.072300 0.035600 0.042800 0.035700 0.035600 0.057400 0.095300 0.179000 0.194100 0.072200 0.050300 0.087900 0.028200 0.053200 0.072200 0.057400 0.072100 0.065100 0.035600 0.035600
Topi 0.028600 0.194000 0.021500 0.105000 0.028500 0.021400 0.036100 0.057600 0.014200 0.028600 0.028600 0.050300 0.000000 0.028600 0.035900 0.043100 0.021300 0.028400 0.021300 0.013800 0.057800 0.014000 0.193500 0.065800 0.014200 0.050300 0.007000 0.020700 0.064900 0.013800 0.028600 0.028700 0.050300 0.014200 0.020900 0.028800 0.014200 0.035700 0.072800 0.163300 0.203700 0.050300 0.028600 0.065500 0.021300 0.035600 0.050300 0.035600 0.050100 0.028400 0.014200 0.013800
CommonDuik 0.043400 0.211700 0.036200 0.104800 0.058100 0.035900 0.021400 0.057700 0.028700 0.043300 0.028600 0.065400 0.028600 0.000000 0.036000 0.058000 0.035900 0.043100 0.034500 0.028700 0.057900 0.028700 0.211100 0.081300 0.028700 0.050300 0.035800 0.036100 0.065000 0.028700 0.043400 0.014200 0.065300 0.028200 0.035800 0.043600 0.028700 0.050400 0.057600 0.163500 0.221600 0.050300 0.043300 0.080800 0.035800 0.035600 0.050300 0.035800 0.065100 0.043100 0.028000 0.028700
Suni 0.035900 0.211400 0.028800 0.121100 0.050500 0.028600 0.028700 0.050200 0.021400 0.035900 0.021300 0.057800 0.035900 0.036000 0.000000 0.050500 0.043300 0.035700 0.027500 0.020600 0.050300 0.021400 0.202400 0.058200 0.020700 0.042900 0.028500 0.028700 0.057400 0.021400 0.036000 0.021400 0.057800 0.021400 0.028500 0.020600 0.020800 0.043000 0.065200 0.138800 0.212800 0.042900 0.035900 0.073100 0.026900 0.028300 0.042900 0.028400 0.057500 0.050600 0.021400 0.021400
Springbuck 0.043100 0.219800 0.035900 0.137000 0.042800 0.035700 0.050700 0.013700 0.028500 0.042900 0.043000 0.065000 0.043100 0.058000 0.050500 0.000000 0.050300 0.042700 0.035500 0.028500 0.013400 0.028500 0.209900 0.072900 0.028500 0.006700 0.035600 0.035900 0.020100 0.028500 0.043000 0.043100 0.064800 0.028500 0.035600 0.043300 0.028500 0.035400 0.027800 0.170500 0.220300 0.006900 0.042900 0.057500 0.035500 0.050000 0.006900 0.050100 0.064700 0.057600 0.028500 0.028500
Okapi 0.035900 0.220500 0.028800 0.112700 0.035700 0.028600 0.043500 0.064900 0.021400 0.035800 0.035800 0.057800 0.021300 0.035900 0.043300 0.050300 0.000000 0.020600 0.028500 0.021400 0.065100 0.021400 0.201700 0.073200 0.021400 0.057500 0.028500 0.028700 0.072200 0.021400 0.035800 0.035900 0.057400 0.021400 0.028500 0.036100 0.021400 0.028300 0.080200 0.171100 0.212000 0.057500 0.035800 0.057800 0.028500 0.042900 0.057500 0.043000 0.057500 0.035600 0.021400 0.021400
Giraffe 0.028400 0.201500 0.021300 0.112400 0.042700 0.021200 0.035900 0.057100 0.014100 0.028300 0.028400 0.050000 0.028400 0.043100 0.035700 0.042700 0.020600 0.000000 0.021100 0.014100 0.057300 0.014100 0.192300 0.065200 0.014100 0.049800 0.021100 0.021300 0.064300 0.014100 0.028400 0.028400 0.035100 0.014100 0.021200 0.028600 0.014100 0.035300 0.072200 0.162100 0.202400 0.049800 0.028300 0.064900 0.021100 0.035400 0.049800 0.035500 0.049800 0.042800 0.014100 0.014100
TibetanAnt 0.021300 0.201800 0.014200 0.096500 0.035600 0.014100 0.027400 0.049900 0.007000 0.021200 0.021200 0.027600 0.021300 0.034500 0.027500 0.035500 0.028500 0.021100 0.000000 0.007000 0.050100 0.007000 0.184100 0.057900 0.006900 0.042600 0.014000 0.013800 0.057100 0.006800 0.021300 0.021300 0.042700 0.007000 0.014100 0.006900 0.006900 0.028300 0.064900 0.154200 0.194000 0.042600 0.021200 0.057600 0.000000 0.028200 0.042600 0.028300 0.042500 0.035600 0.006900 0.006900
Sitatunga 0.014200 0.194000 0.007000 0.105300 0.028500 0.007100 0.021500 0.042800 0.000000 0.014200 0.013700 0.035600 0.013800 0.028700 0.020600 0.028500 0.021400 0.014100 0.007000 0.000000 0.042900 0.000000 0.176600 0.050700 0.000000 0.035600 0.006900 0.007100 0.050000 0.000000 0.014200 0.014200 0.035600 0.000000 0.006900 0.014300 0.000000 0.021200 0.057700 0.146800 0.186400 0.035600 0.014200 0.050500 0.007000 0.021200 0.035600 0.021200 0.035500 0.028500 0.000000 0.000000
Oribi 0.057800 0.237800 0.050600 0.153300 0.057400 0.050300 0.050600 0.013700 0.042900 0.057500 0.042900 0.079900 0.057800 0.057900 0.050300 0.013400 0.065100 0.057300 0.050100 0.042900 0.000000 0.042900 0.218700 0.088000 0.042900 0.006800 0.050100 0.050500 0.020600 0.042900 0.057700 0.043000 0.079700 0.042900 0.050100 0.058000 0.042900 0.049800 0.027700 0.170300 0.229300 0.006800 0.057500 0.072300 0.050100 0.049900 0.006600 0.050000 0.079600 0.072500 0.042900 0.042900
BarbaryShe 0.014200 0.194000 0.007100 0.105300 0.028500 0.006900 0.021500 0.042800 0.000000 0.014200 0.013800 0.035600 0.014000 0.028700 0.021400 0.028500 0.021400 0.014100 0.007000 0.000000 0.042900 0.000000 0.176600 0.050700 0.000000 0.035600 0.006900 0.007100 0.050000 0.000000 0.014200 0.013800 0.035600 0.000000 0.006900 0.014300 0.000000 0.021200 0.057700 0.146800 0.186400 0.035600 0.014200 0.050500 0.006900 0.020300 0.035600 0.021200 0.035500 0.028500 0.000000 0.000000
Daviddeer 0.176600 0.284300 0.185700 0.256200 0.209500 0.168200 0.203200 0.226800 0.176600 0.176200 0.193300 0.184200 0.193500 0.211100 0.202400 0.209900 0.201700 0.192300 0.184100 0.176600 0.218700 0.176600 0.000000 0.219200 0.176600 0.217900 0.184300 0.185600 0.200200 0.176600 0.176500 0.193500 0.201000 0.176600 0.168000 0.194300 0.176600 0.200700 0.209500 0.335100 0.006200 0.217900 0.176200 0.219100 0.184100 0.200900 0.217900 0.201300 0.201300 0.176200 0.176600 0.176600
Reindeer 0.065900 0.238700 0.058600 0.145800 0.080700 0.058200 0.073800 0.087700 0.050700 0.050600 0.065700 0.088300 0.065800 0.081300 0.058200 0.072900 0.073200 0.065200 0.057900 0.050700 0.088000 0.050700 0.219200 0.000000 0.050700 0.080100 0.057900 0.058500 0.095300 0.050700 0.050600 0.065800 0.057600 0.050700 0.058100 0.066100 0.050700 0.072800 0.103600 0.122000 0.230000 0.080100 0.050600 0.028200 0.057900 0.072700 0.080100 0.073000 0.087900 0.080700 0.050700 0.050700
Ibex 0.013800 0.194000 0.006900 0.105300 0.028500 0.007100 0.021500 0.042800 0.000000 0.014200 0.014200 0.035600 0.014200 0.028700 0.020700 0.028500 0.021400 0.014100 0.006900 0.000000 0.042900 0.000000 0.176600 0.050700 0.000000 0.035600 0.007000 0.006900 0.050000 0.000000 0.014200 0.013700 0.035600 0.000000 0.007000 0.014300 0.000000 0.021200 0.057700 0.146800 0.186400 0.035600 0.014200 0.050500 0.006900 0.021200 0.035600 0.021200 0.035500 0.028500 0.000000 0.000000
GyrantGaze 0.050300 0.228100 0.043100 0.144700 0.049900 0.042800 0.043100 0.006800 0.035600 0.050000 0.035500 0.072200 0.050300 0.050300 0.042900 0.006700 0.057500 0.049800 0.042600 0.035600 0.006800 0.035600 0.217900 0.080100 0.035600 0.000000 0.042700 0.043000 0.013300 0.035600 0.050100 0.035600 0.072000 0.035600 0.042700 0.050500 0.035600 0.042400 0.020700 0.161600 0.228500 0.000000 0.050000 0.064600 0.042600 0.042500 0.000000 0.042600 0.071900 0.064800 0.035600 0.035600
Hartebeest 0.020800 0.184400 0.013800 0.112800 0.021200 0.013900 0.027900 0.049900 0.006900 0.021200 0.021200 0.042700 0.007000 0.035800 0.028500 0.035600 0.028500 0.021100 0.014000 0.006900 0.050100 0.006900 0.184300 0.057900 0.007000 0.042700 0.000000 0.014200 0.057200 0.007000 0.021300 0.021300 0.042700 0.006900 0.014100 0.021400 0.006800 0.028300 0.064900 0.154300 0.194300 0.042700 0.021200 0.057600 0.014000 0.028200 0.042700 0.028300 0.042600 0.035600 0.006900 0.006900
Bongo 0.020900 0.203700 0.013900 0.113900 0.035900 0.014200 0.028900 0.050400 0.006900 0.021400 0.021400 0.043100 0.020700 0.036100 0.028700 0.035900 0.028700 0.021300 0.013800 0.007100 0.050500 0.007100 0.185600 0.058500 0.006900 0.043000 0.014200 0.000000 0.057700 0.007100 0.021500 0.021500 0.043100 0.007000 0.013800 0.020800 0.006900 0.028500 0.065500 0.155500 0.195700 0.043000 0.021400 0.058200 0.014200 0.027500 0.043000 0.028500 0.042900 0.036000 0.006900 0.007000
Gerenuk 0.050000 0.246100 0.057700 0.144100 0.064500 0.042600 0.057700 0.020500 0.050000 0.064700 0.049900 0.087200 0.064900 0.065000 0.057400 0.020100 0.072200 0.064300 0.057100 0.050000 0.020600 0.050000 0.200200 0.095300 0.050000 0.013300 0.057200 0.057700 0.000000 0.050000 0.064800 0.050000 0.086900 0.050000 0.042600 0.065200 0.050000 0.056900 0.020600 0.177700 0.210400 0.013400 0.064700 0.079500 0.057100 0.056900 0.013700 0.057100 0.086800 0.064600 0.050000 0.050000
CommonElan 0.013900 0.194000 0.007100 0.105300 0.028500 0.006900 0.021500 0.042800 0.000000 0.014200 0.013800 0.035600 0.013800 0.028700 0.021400 0.028500 0.021400 0.014100 0.006800 0.000000 0.042900 0.000000 0.176600 0.050700 0.000000 0.035600 0.007000 0.007100 0.050000 0.000000 0.014200 0.014200 0.035600 0.000000 0.007000 0.014300 0.000000 0.021200 0.057700 0.146800 0.186400 0.035600 0.014200 0.050500 0.006900 0.021200 0.035600 0.020600 0.035500 0.028500 0.000000 0.000000
MuntiacusR 0.028700 0.211800 0.021500 0.121400 0.043000 0.021400 0.036100 0.057500 0.014200 0.014100 0.028600 0.050400 0.028600 0.043400 0.036000 0.043000 0.035800 0.028400 0.021300 0.014200 0.057700 0.014200 0.176500 0.050600 0.014200 0.050100 0.021300 0.021500 0.064800 0.014200 0.000000 0.028600 0.035500 0.014200 0.021300 0.028800 0.014200 0.035600 0.072700 0.146600 0.186400 0.050100 0.014100 0.050400 0.021300 0.028400 0.050100 0.035700 0.042900 0.043000 0.014200 0.014200
HarveysDui 0.028000 0.193500 0.020700 0.105000 0.043100 0.021400 0.006900 0.042800 0.014200 0.028600 0.014200 0.050300 0.028700 0.014200 0.021400 0.043100 0.035900 0.028400 0.021300 0.014200 0.043000 0.013800 0.193500 0.065800 0.013700 0.035600 0.021300 0.021500 0.050000 0.014200 0.028600 0.000000 0.050300 0.014200 0.021300 0.028800 0.014200 0.035700 0.042800 0.146800 0.203700 0.035600 0.028600 0.065500 0.021300 0.021200 0.035600 0.021200 0.050100 0.043200 0.014200 0.014200
Pronghorn 0.050300 0.210000 0.043100 0.136700 0.064800 0.042900 0.058000 0.071900 0.035600 0.035500 0.050200 0.072300 0.050300 0.065300 0.057800 0.064800 0.057400 0.035100 0.042700 0.035600 0.079700 0.035600 0.201000 0.057600 0.035600 0.072000 0.042700 0.043100 0.086900 0.035600 0.035500 0.050300 0.000000 0.035600 0.042800 0.050500 0.035600 0.057200 0.095000 0.153700 0.211300 0.072000 0.035500 0.057300 0.042700 0.057200 0.072000 0.057400 0.056700 0.064900 0.035600 0.035600
BlueWildeb 0.013800 0.194000 0.007000 0.105300 0.028500 0.007100 0.020700 0.042800 0.000000 0.014200 0.013900 0.035600 0.014200 0.028200 0.021400 0.028500 0.021400 0.014100 0.007000 0.000000 0.042900 0.000000 0.176600 0.050700 0.000000 0.035600 0.006900 0.007000 0.050000 0.000000 0.014200 0.014200 0.035600 0.000000 0.006900 0.014300 0.000000 0.021200 0.057700 0.146800 0.186400 0.035600 0.014200 0.050500 0.006900 0.020500 0.035600 0.021200 0.035500 0.028500 0.000000 0.000000
Gemsbok 0.021300 0.202200 0.013900 0.097000 0.035700 0.013700 0.028600 0.050000 0.006900 0.021300 0.021200 0.042800 0.020900 0.035800 0.028500 0.035600 0.028500 0.021200 0.014100 0.006900 0.050100 0.006900 0.168000 0.058100 0.007000 0.042700 0.014100 0.013800 0.042600 0.007000 0.021300 0.021300 0.042800 0.006900 0.000000 0.021400 0.007000 0.028300 0.065000 0.154500 0.177700 0.042700 0.021300 0.057800 0.014100 0.028200 0.042700 0.028300 0.042600 0.021200 0.007000 0.006800
Yak 0.028800 0.203000 0.021000 0.097000 0.043300 0.020600 0.036300 0.057800 0.014300 0.028700 0.028700 0.035700 0.028800 0.043600 0.020600 0.043300 0.036100 0.028600 0.006900 0.014300 0.058000 0.014300 0.194300 0.066100 0.014300 0.050500 0.021400 0.020800 0.065200 0.014300 0.028800 0.028800 0.050500 0.014300 0.021400 0.000000 0.014300 0.035800 0.073100 0.163900 0.204500 0.050500 0.028700 0.065800 0.007000 0.035700 0.050500 0.035800 0.050300 0.043400 0.014300 0.014300
BlueSheep 0.013900 0.194000 0.006900 0.105300 0.028500 0.007100 0.021500 0.042800 0.000000 0.014200 0.014200 0.035600 0.014200 0.028700 0.020800 0.028500 0.021400 0.014100 0.006900 0.000000 0.042900 0.000000 0.176600 0.050700 0.000000 0.035600 0.006800 0.006900 0.050000 0.000000 0.014200 0.014200 0.035600 0.000000 0.007000 0.014300 0.000000 0.021200 0.057700 0.146800 0.186400 0.035600 0.014200 0.050500 0.007000 0.021200 0.035600 0.021200 0.035500 0.028500 0.000000 0.000000
BohorReedb 0.035700 0.219400 0.028600 0.128500 0.020500 0.028400 0.043200 0.049700 0.021200 0.035500 0.035600 0.057400 0.035700 0.050400 0.043000 0.035400 0.028300 0.035300 0.028300 0.021200 0.049800 0.021200 0.200700 0.072800 0.021200 0.042400 0.028300 0.028500 0.056900 0.021200 0.035600 0.035700 0.057200 0.021200 0.028300 0.035800 0.021200 0.000000 0.064600 0.170200 0.211000 0.042400 0.035500 0.042700 0.028300 0.042700 0.042400 0.042700 0.057100 0.050100 0.021200 0.021200
KirksDik 0.057700 0.218800 0.065600 0.152700 0.072300 0.050200 0.050300 0.027600 0.057700 0.072500 0.057600 0.095300 0.072800 0.057600 0.065200 0.027800 0.080200 0.072200 0.064900 0.057700 0.027700 0.057700 0.209500 0.103600 0.057700 0.020700 0.064900 0.065500 0.020600 0.057700 0.072700 0.042800 0.095000 0.057700 0.065000 0.073100 0.057700 0.064600 0.000000 0.186900 0.219900 0.019900 0.072500 0.087500 0.064900 0.064600 0.020700 0.064800 0.094900 0.087700 0.057700 0.057700
RoeDeer 0.163300 0.327800 0.155600 0.271300 0.178900 0.154800 0.155700 0.169800 0.146800 0.146400 0.146500 0.179000 0.163300 0.163500 0.138800 0.170500 0.171100 0.162100 0.154200 0.146800 0.170300 0.146800 0.335100 0.122000 0.146800 0.161600 0.154300 0.155500 0.177700 0.146800 0.146600 0.146800 0.153700 0.146800 0.154500 0.163900 0.146800 0.170200 0.186900 0.000000 0.347800 0.161600 0.146400 0.137400 0.154200 0.153800 0.161600 0.137800 0.169800 0.162200 0.146800 0.146800
WhiteLippe 0.186400 0.285600 0.195800 0.267700 0.220000 0.177800 0.213500 0.237500 0.186400 0.186000 0.203400 0.194100 0.203700 0.221600 0.212800 0.220300 0.212000 0.202400 0.194000 0.186400 0.229300 0.186400 0.006200 0.230000 0.186400 0.228500 0.194300 0.195700 0.210400 0.186400 0.186400 0.203700 0.211300 0.186400 0.177700 0.204500 0.186400 0.211000 0.219900 0.347800 0.000000 0.228500 0.186000 0.229800 0.194000 0.211100 0.228500 0.211500 0.211400 0.185900 0.186400 0.186400
ThomsonGaz 0.050300 0.228100 0.043100 0.144700 0.049900 0.042800 0.043100 0.006800 0.035600 0.050000 0.035500 0.072200 0.050300 0.050300 0.042900 0.006900 0.057500 0.049800 0.042600 0.035600 0.006800 0.035600 0.217900 0.080100 0.035600 0.000000 0.042700 0.043000 0.013400 0.035600 0.050100 0.035600 0.072000 0.035600 0.042700 0.050500 0.035600 0.042400 0.019900 0.161600 0.228500 0.000000 0.050000 0.064600 0.042600 0.042500 0.000000 0.042600 0.071900 0.064800 0.035600 0.035600
MuntiacusC 0.028600 0.202500 0.021500 0.121100 0.043000 0.021300 0.036100 0.057400 0.014200 0.000000 0.028500 0.050300 0.028600 0.043300 0.035900 0.042900 0.035800 0.028300 0.021200 0.014200 0.057500 0.014200 0.176200 0.050600 0.014200 0.050000 0.021200 0.021400 0.064700 0.014200 0.014100 0.028600 0.035500 0.014200 0.021300 0.028700 0.014200 0.035500 0.072500 0.146400 0.186000 0.050000 0.000000 0.050300 0.021200 0.035500 0.050000 0.035600 0.042700 0.040500 0.014200 0.014200
WhiteTaile 0.065500 0.238200 0.058200 0.145000 0.050200 0.057900 0.073400 0.072100 0.050500 0.050300 0.065300 0.087900 0.065500 0.080800 0.073100 0.057500 0.057800 0.064900 0.057600 0.050500 0.072300 0.050500 0.219100 0.028200 0.050500 0.064600 0.057600 0.058200 0.079500 0.050500 0.050400 0.065500 0.057300 0.050500 0.057800 0.065800 0.050500 0.042700 0.087500 0.137400 0.229800 0.064600 0.050300 0.000000 0.057600 0.072400 0.064600 0.072600 0.087500 0.080300 0.050500 0.050500
Cattle 0.021300 0.201800 0.013800 0.096500 0.035600 0.014100 0.028600 0.049900 0.007000 0.021200 0.021200 0.028200 0.021300 0.035800 0.026900 0.035500 0.028500 0.021100 0.000000 0.007000 0.050100 0.006900 0.184100 0.057900 0.006900 0.042600 0.014000 0.014200 0.057100 0.006900 0.021300 0.021300 0.042700 0.006900 0.014100 0.007000 0.007000 0.028300 0.064900 0.154200 0.194000 0.042600 0.021200 0.057600 0.000000 0.028200 0.042600 0.028300 0.042500 0.035600 0.007000 0.006900
RoyalAntel 0.035600 0.219300 0.027600 0.128500 0.050100 0.028300 0.028500 0.049700 0.021200 0.035500 0.021100 0.053200 0.035600 0.035600 0.028300 0.050000 0.042900 0.035400 0.028200 0.021200 0.049900 0.020300 0.200900 0.072700 0.021200 0.042500 0.028200 0.027500 0.056900 0.021200 0.028400 0.021200 0.057200 0.020500 0.028200 0.035700 0.021200 0.042700 0.064600 0.153800 0.211100 0.042500 0.035500 0.072400 0.028200 0.000000 0.042500 0.028200 0.042300 0.050100 0.021200 0.021200
Steenbok 0.050300 0.228100 0.043100 0.144700 0.049900 0.042800 0.043100 0.006700 0.035600 0.050000 0.035500 0.072200 0.050300 0.050300 0.042900 0.006900 0.057500 0.049800 0.042600 0.035600 0.006600 0.035600 0.217900 0.080100 0.035600 0.000000 0.042700 0.043000 0.013700 0.035600 0.050100 0.035600 0.072000 0.035600 0.042700 0.050500 0.035600 0.042400 0.020700 0.161600 0.228500 0.000000 0.050000 0.064600 0.042600 0.042500 0.000000 0.042600 0.071900 0.064800 0.035600 0.035600
Impala 0.035700 0.210900 0.028600 0.128900 0.050200 0.028400 0.028600 0.049800 0.020700 0.035600 0.020600 0.057400 0.035600 0.035800 0.028400 0.050100 0.043000 0.035500 0.028300 0.021200 0.050000 0.021200 0.201300 0.073000 0.021200 0.042600 0.028300 0.028500 0.057100 0.020600 0.035700 0.021200 0.057400 0.021200 0.028300 0.035800 0.021200 0.042700 0.064800 0.137800 0.211500 0.042600 0.035600 0.072600 0.028300 0.028200 0.042600 0.000000 0.056500 0.035500 0.021200 0.021200
Klipspring 0.050100 0.215800 0.043000 0.144700 0.064700 0.042700 0.057800 0.071800 0.035500 0.042700 0.050300 0.072100 0.050100 0.065100 0.057500 0.064700 0.057500 0.049800 0.042500 0.035500 0.079600 0.035500 0.201300 0.087900 0.035500 0.071900 0.042600 0.042900 0.086800 0.035500 0.042900 0.050100 0.056700 0.035500 0.042600 0.050300 0.035500 0.057100 0.094900 0.169800 0.211400 0.071900 0.042700 0.087500 0.042500 0.042300 0.071900 0.056500 0.000000 0.064800 0.035500 0.035500
ForestMusk 0.043200 0.202100 0.036000 0.104400 0.057700 0.035800 0.050800 0.072200 0.028500 0.042900 0.043100 0.065100 0.028400 0.043100 0.050600 0.057600 0.035600 0.042800 0.035600 0.028500 0.072500 0.028500 0.176200 0.080700 0.028500 0.064800 0.035600 0.036000 0.064600 0.028500 0.043000 0.043200 0.064900 0.028500 0.021200 0.043400 0.028500 0.050100 0.087700 0.162200 0.185900 0.064800 0.040500 0.080300 0.035600 0.050100 0.064800 0.035500 0.064800 0.000000 0.028500 0.028500
Bushbuck 0.013800 0.194000 0.007000 0.105300 0.028500 0.006900 0.021500 0.042800 0.000000 0.014200 0.013800 0.035600 0.014200 0.028000 0.021400 0.028500 0.021400 0.014100 0.006900 0.000000 0.042900 0.000000 0.176600 0.050700 0.000000 0.035600 0.006900 0.006900 0.050000 0.000000 0.014200 0.014200 0.035600 0.000000 0.007000 0.014300 0.000000 0.021200 0.057700 0.146800 0.186400 0.035600 0.014200 0.050500 0.007000 0.021200 0.035600 0.021200 0.035500 0.028500 0.000000 0.000000
GreaterKud 0.014200 0.194000 0.007100 0.105300 0.028500 0.006900 0.021500 0.042800 0.000000 0.014200 0.014200 0.035600 0.013800 0.028700 0.021400 0.028500 0.021400 0.014100 0.006900 0.000000 0.042900 0.000000 0.176600 0.050700 0.000000 0.035600 0.006900 0.007000 0.050000 0.000000 0.014200 0.014200 0.035600 0.000000 0.006800 0.014300 0.000000 0.021200 0.057700 0.146800 0.186400 0.035600 0.014200 0.050500 0.006900 0.021200 0.035600 0.021200 0.035500 0.028500 0.000000 0.000000
