CODONML (in paml version 4.10.7, June 2023)  /home/rachel/ruminants_paml/6406-phy-tree/ENSBTAT00000026265.fasta.phy
Model: free dN/dS Ratios for branches,  kappa = 2.000 fixed

Codon frequency model: F3x4
ns =  54  ls =  36

Codon usage in sequences
--------------------------------------------------------------------------------------------------------------------------------------
Phe TTT   0   0   0   0   0   0 | Ser TCT   0   0   0   0   0   0 | Tyr TAT   0   0   0   0   1   0 | Cys TGT   0   0   0   0   1   0
    TTC   0   0   0   0   0   0 |     TCC   0   0   0   0   0   0 |     TAC   2   2   2   2   1   2 |     TGC   3   3   3   3   2   3
Leu TTA   0   0   0   0   0   0 |     TCA   0   0   0   0   0   0 | *** TAA   0   0   0   0   0   0 | *** TGA   0   0   0   0   0   0
    TTG   0   0   0   0   0   0 |     TCG   0   0   0   0   0   0 |     TAG   0   0   0   0   0   0 | Trp TGG   1   1   1   1   1   1
--------------------------------------------------------------------------------------------------------------------------------------
Leu CTT   0   0   0   0   0   0 | Pro CCT   1   1   1   1   1   1 | His CAT   0   0   0   0   0   0 | Arg CGT   0   0   0   0   0   0
    CTC   2   2   2   2   3   3 |     CCC   2   1   1   1   1   2 |     CAC   1   1   1   1   1   1 |     CGC   0   0   0   0   0   0
    CTA   0   0   0   0   0   0 |     CCA   0   1   0   0   0   0 | Gln CAA   0   0   0   0   0   0 |     CGA   0   1   0   1   1   0
    CTG   2   2   2   2   1   1 |     CCG   0   0   1   1   1   0 |     CAG   1   1   1   1   1   1 |     CGG   4   2   4   3   3   4
--------------------------------------------------------------------------------------------------------------------------------------
Ile ATT   0   0   0   0   0   0 | Thr ACT   0   0   0   0   0   0 | Asn AAT   0   1   0   1   0   0 | Ser AGT   0   0   0   0   0   0
    ATC   1   1   1   1   1   1 |     ACC   1   1   1   1   1   1 |     AAC   3   2   3   2   3   3 |     AGC   0   0   0   0   0   0
    ATA   0   0   0   0   0   0 |     ACA   0   0   0   0   1   0 | Lys AAA   0   0   0   0   0   1 | Arg AGA   0   0   0   0   1   1
Met ATG   1   1   1   1   1   1 |     ACG   1   1   1   1   0   1 |     AAG   3   3   3   3   3   2 |     AGG   1   2   1   1   0   0
--------------------------------------------------------------------------------------------------------------------------------------
Val GTT   0   0   0   0   0   0 | Ala GCT   0   0   0   0   0   1 | Asp GAT   0   0   0   0   0   0 | Gly GGT   0   0   0   0   0   0
    GTC   0   0   0   0   0   0 |     GCC   2   2   2   2   2   1 |     GAC   1   1   1   1   1   1 |     GGC   1   0   1   1   0   1
    GTA   0   0   0   0   0   0 |     GCA   0   0   0   0   0   0 | Glu GAA   0   0   0   0   0   0 |     GGA   0   1   0   1   0   0
    GTG   0   0   0   0   0   0 |     GCG   0   0   0   0   0   0 |     GAG   0   0   0   0   0   0 |     GGG   2   2   2   1   3   2
--------------------------------------------------------------------------------------------------------------------------------------

--------------------------------------------------------------------------------------------------------------------------------------
Phe TTT   0   0   0   0   0   0 | Ser TCT   0   0   0   0   0   0 | Tyr TAT   0   0   0   0   0   0 | Cys TGT   0   0   0   0   0   0
    TTC   0   0   0   0   0   0 |     TCC   0   1   0   0   0   0 |     TAC   2   2   2   2   2   2 |     TGC   3   3   3   3   3   3
Leu TTA   0   0   0   0   0   0 |     TCA   0   0   0   0   0   0 | *** TAA   0   0   0   0   0   0 | *** TGA   0   0   0   0   0   0
    TTG   0   0   0   0   0   0 |     TCG   0   0   0   0   0   0 |     TAG   0   0   0   0   0   0 | Trp TGG   1   1   1   1   1   1
--------------------------------------------------------------------------------------------------------------------------------------
Leu CTT   0   0   0   0   0   0 | Pro CCT   2   1   1   1   1   1 | His CAT   0   0   0   0   0   0 | Arg CGT   0   0   0   0   0   0
    CTC   2   2   2   2   2   2 |     CCC   1   2   1   1   1   1 |     CAC   1   1   1   1   1   1 |     CGC   0   0   0   0   0   0
    CTA   0   0   0   0   0   0 |     CCA   0   0   0   0   0   0 | Gln CAA   0   0   0   0   0   0 |     CGA   0   0   0   0   0   1
    CTG   2   2   2   2   2   2 |     CCG   0   0   1   1   1   1 |     CAG   1   1   1   1   1   1 |     CGG   4   4   4   4   4   3
--------------------------------------------------------------------------------------------------------------------------------------
Ile ATT   0   0   0   0   0   0 | Thr ACT   0   0   0   0   0   0 | Asn AAT   0   0   0   0   0   0 | Ser AGT   0   0   0   0   0   0
    ATC   1   1   1   1   1   1 |     ACC   1   1   1   1   1   1 |     AAC   3   3   3   3   3   3 |     AGC   0   0   0   0   0   0
    ATA   0   0   0   0   0   0 |     ACA   0   0   0   0   0   1 | Lys AAA   0   0   0   0   0   0 | Arg AGA   0   0   0   0   0   0
Met ATG   1   2   1   1   1   1 |     ACG   1   0   1   1   1   0 |     AAG   3   3   3   3   3   3 |     AGG   1   1   1   1   1   1
--------------------------------------------------------------------------------------------------------------------------------------
Val GTT   0   0   0   0   0   0 | Ala GCT   0   0   0   0   0   0 | Asp GAT   0   0   0   0   0   0 | Gly GGT   0   0   0   1   0   0
    GTC   0   0   0   0   0   0 |     GCC   2   1   2   2   2   2 |     GAC   1   1   1   1   1   1 |     GGC   1   1   1   1   1   1
    GTA   0   0   0   0   0   0 |     GCA   0   0   0   0   0   0 | Glu GAA   0   0   0   0   0   0 |     GGA   0   1   0   0   0   0
    GTG   0   0   0   0   0   0 |     GCG   0   0   0   0   0   0 |     GAG   0   0   0   0   0   0 |     GGG   2   1   2   1   2   2
--------------------------------------------------------------------------------------------------------------------------------------

--------------------------------------------------------------------------------------------------------------------------------------
Phe TTT   0   0   0   0   0   0 | Ser TCT   0   0   0   0   0   0 | Tyr TAT   0   0   0   0   0   0 | Cys TGT   0   0   0   1   0   0
    TTC   0   0   0   0   0   0 |     TCC   0   0   0   0   0   0 |     TAC   2   2   2   2   2   2 |     TGC   3   3   3   2   3   3
Leu TTA   0   0   0   0   0   0 |     TCA   0   0   0   0   0   0 | *** TAA   0   0   0   0   0   0 | *** TGA   0   0   0   0   0   0
    TTG   0   0   0   0   0   0 |     TCG   0   0   0   0   0   0 |     TAG   0   0   0   0   0   0 | Trp TGG   1   1   1   1   1   1
--------------------------------------------------------------------------------------------------------------------------------------
Leu CTT   0   0   0   1   0   0 | Pro CCT   1   1   1   1   1   0 | His CAT   0   0   0   0   0   0 | Arg CGT   0   0   0   0   0   0
    CTC   2   2   2   1   2   2 |     CCC   2   1   1   1   1   2 |     CAC   1   1   1   1   1   1 |     CGC   0   0   0   0   0   0
    CTA   0   0   0   0   0   0 |     CCA   0   0   0   0   0   0 | Gln CAA   0   0   0   0   0   0 |     CGA   0   0   0   0   0   0
    CTG   2   2   2   2   2   2 |     CCG   0   1   1   1   1   1 |     CAG   1   1   1   1   1   1 |     CGG   4   4   4   4   4   4
--------------------------------------------------------------------------------------------------------------------------------------
Ile ATT   0   0   0   0   0   0 | Thr ACT   0   0   0   0   0   0 | Asn AAT   0   0   0   0   0   0 | Ser AGT   0   0   0   0   0   0
    ATC   1   1   1   1   1   1 |     ACC   1   1   1   1   1   1 |     AAC   3   3   3   3   3   3 |     AGC   0   0   0   0   0   0
    ATA   0   0   0   0   0   0 |     ACA   0   1   0   0   0   0 | Lys AAA   1   0   0   0   0   0 | Arg AGA   0   0   0   0   0   0
Met ATG   1   1   1   1   1   1 |     ACG   1   0   1   1   1   1 |     AAG   2   3   3   3   3   3 |     AGG   1   1   1   1   1   1
--------------------------------------------------------------------------------------------------------------------------------------
Val GTT   0   0   0   0   0   0 | Ala GCT   0   0   0   0   0   0 | Asp GAT   0   0   0   0   0   0 | Gly GGT   0   0   0   0   0   0
    GTC   0   0   0   0   0   0 |     GCC   2   2   2   2   2   2 |     GAC   1   1   1   1   1   1 |     GGC   1   1   1   1   1   2
    GTA   0   0   0   0   0   0 |     GCA   0   0   0   0   0   0 | Glu GAA   0   0   0   0   0   0 |     GGA   0   0   0   0   0   0
    GTG   0   0   0   0   0   0 |     GCG   0   0   0   0   0   0 |     GAG   0   0   0   0   0   0 |     GGG   2   2   2   2   2   1
--------------------------------------------------------------------------------------------------------------------------------------

--------------------------------------------------------------------------------------------------------------------------------------
Phe TTT   0   0   0   0   0   0 | Ser TCT   0   0   0   0   0   0 | Tyr TAT   0   0   0   0   0   0 | Cys TGT   0   0   2   0   0   0
    TTC   0   0   0   0   0   0 |     TCC   0   0   0   0   0   0 |     TAC   2   2   2   2   2   2 |     TGC   3   3   1   3   3   3
Leu TTA   0   0   0   0   0   0 |     TCA   0   0   0   0   0   0 | *** TAA   0   0   0   0   0   0 | *** TGA   0   0   0   0   0   0
    TTG   0   0   0   0   0   0 |     TCG   0   0   0   0   0   0 |     TAG   0   0   0   0   0   0 | Trp TGG   1   1   1   1   1   1
--------------------------------------------------------------------------------------------------------------------------------------
Leu CTT   0   0   0   0   0   0 | Pro CCT   1   0   1   1   1   1 | His CAT   0   0   0   0   0   0 | Arg CGT   0   0   0   0   0   0
    CTC   2   2   2   2   2   2 |     CCC   1   1   1   1   1   1 |     CAC   1   1   1   1   1   1 |     CGC   0   0   0   0   0   0
    CTA   0   0   0   0   0   0 |     CCA   0   1   0   0   0   1 | Gln CAA   0   0   0   0   0   0 |     CGA   0   0   0   0   0   0
    CTG   2   2   2   2   2   2 |     CCG   1   1   1   1   1   0 |     CAG   1   1   1   1   1   1 |     CGG   4   4   4   4   4   4
--------------------------------------------------------------------------------------------------------------------------------------
Ile ATT   0   0   0   0   0   0 | Thr ACT   0   0   0   0   0   0 | Asn AAT   0   1   0   0   0   0 | Ser AGT   0   0   0   0   0   0
    ATC   1   1   1   1   1   1 |     ACC   1   1   1   1   1   1 |     AAC   3   2   3   3   3   3 |     AGC   0   0   0   0   0   0
    ATA   0   0   0   0   0   0 |     ACA   0   0   0   0   0   0 | Lys AAA   0   0   0   0   0   1 | Arg AGA   0   0   0   0   0   0
Met ATG   1   1   1   1   1   1 |     ACG   1   1   1   1   1   1 |     AAG   3   3   3   3   3   2 |     AGG   1   1   1   1   1   1
--------------------------------------------------------------------------------------------------------------------------------------
Val GTT   0   0   0   0   0   0 | Ala GCT   0   0   0   0   0   0 | Asp GAT   0   0   0   0   0   0 | Gly GGT   0   0   0   0   1   0
    GTC   0   0   0   0   0   0 |     GCC   2   2   2   2   2   2 |     GAC   1   1   1   1   1   1 |     GGC   1   1   1   1   1   1
    GTA   0   0   0   0   0   0 |     GCA   0   0   0   0   0   0 | Glu GAA   0   0   0   0   0   0 |     GGA   0   0   0   0   1   0
    GTG   0   0   0   0   0   0 |     GCG   0   0   0   0   0   0 |     GAG   0   0   0   0   0   0 |     GGG   2   2   2   2   0   2
--------------------------------------------------------------------------------------------------------------------------------------

--------------------------------------------------------------------------------------------------------------------------------------
Phe TTT   0   0   0   0   0   0 | Ser TCT   0   0   0   0   0   0 | Tyr TAT   0   0   0   0   0   0 | Cys TGT   0   0   0   0   0   0
    TTC   0   0   0   0   0   0 |     TCC   0   0   0   0   0   0 |     TAC   2   2   2   2   2   2 |     TGC   3   3   3   3   3   3
Leu TTA   0   0   0   0   0   0 |     TCA   0   0   0   0   0   0 | *** TAA   0   0   0   0   0   0 | *** TGA   0   0   0   0   0   0
    TTG   0   0   0   0   0   0 |     TCG   0   0   0   0   0   0 |     TAG   0   0   0   0   0   0 | Trp TGG   1   1   1   1   1   1
--------------------------------------------------------------------------------------------------------------------------------------
Leu CTT   0   0   0   0   0   0 | Pro CCT   1   1   0   1   1   1 | His CAT   0   0   0   0   0   0 | Arg CGT   0   0   0   0   0   0
    CTC   2   2   2   2   2   2 |     CCC   3   1   3   1   1   1 |     CAC   1   1   1   1   1   1 |     CGC   1   0   0   0   0   0
    CTA   0   1   0   0   0   0 |     CCA   0   0   0   0   0   0 | Gln CAA   0   0   0   0   0   0 |     CGA   0   1   0   0   0   0
    CTG   1   1   2   2   2   2 |     CCG   1   1   0   1   1   1 |     CAG   1   1   1   1   1   1 |     CGG   4   3   4   4   4   4
--------------------------------------------------------------------------------------------------------------------------------------
Ile ATT   0   0   0   0   0   0 | Thr ACT   0   0   0   0   0   0 | Asn AAT   1   0   0   1   0   1 | Ser AGT   0   0   0   0   0   0
    ATC   1   1   1   1   1   1 |     ACC   0   1   1   1   1   1 |     AAC   2   3   3   2   3   2 |     AGC   0   0   0   0   0   0
    ATA   0   0   0   0   0   0 |     ACA   0   0   0   0   0   0 | Lys AAA   0   0   1   0   0   0 | Arg AGA   0   0   0   0   0   0
Met ATG   1   1   1   1   1   1 |     ACG   1   1   1   1   1   1 |     AAG   3   3   2   3   3   3 |     AGG   1   1   1   1   1   1
--------------------------------------------------------------------------------------------------------------------------------------
Val GTT   0   0   0   0   0   0 | Ala GCT   0   0   0   0   0   0 | Asp GAT   0   0   0   0   0   0 | Gly GGT   0   0   0   0   0   0
    GTC   0   0   0   0   0   0 |     GCC   2   2   2   2   2   2 |     GAC   0   1   1   1   1   1 |     GGC   1   1   1   2   1   1
    GTA   0   0   0   0   0   0 |     GCA   0   0   0   0   0   0 | Glu GAA   0   0   0   0   0   0 |     GGA   0   0   0   0   0   0
    GTG   0   0   0   0   0   0 |     GCG   0   0   0   0   0   0 |     GAG   0   0   0   0   0   0 |     GGG   2   2   2   1   2   2
--------------------------------------------------------------------------------------------------------------------------------------

--------------------------------------------------------------------------------------------------------------------------------------
Phe TTT   0   0   0   0   0   0 | Ser TCT   0   0   0   0   0   0 | Tyr TAT   0   0   0   0   0   0 | Cys TGT   0   0   0   0   0   0
    TTC   0   0   0   0   0   0 |     TCC   0   0   0   0   0   0 |     TAC   2   2   2   2   2   2 |     TGC   3   3   3   3   3   3
Leu TTA   0   0   0   0   0   0 |     TCA   0   0   0   0   0   0 | *** TAA   0   0   0   0   0   0 | *** TGA   0   0   0   0   0   0
    TTG   0   0   0   0   0   0 |     TCG   0   0   0   0   0   0 |     TAG   0   0   0   0   0   0 | Trp TGG   1   1   1   1   1   1
--------------------------------------------------------------------------------------------------------------------------------------
Leu CTT   0   0   0   0   0   0 | Pro CCT   1   1   1   1   0   1 | His CAT   0   0   0   0   0   0 | Arg CGT   0   0   0   0   0   0
    CTC   2   2   2   3   3   2 |     CCC   1   1   1   1   2   1 |     CAC   1   1   1   1   1   1 |     CGC   0   0   0   1   1   0
    CTA   0   0   0   0   0   0 |     CCA   0   0   0   0   0   0 | Gln CAA   0   0   0   0   0   0 |     CGA   0   0   1   0   0   0
    CTG   2   2   2   1   1   2 |     CCG   1   1   1   1   1   1 |     CAG   1   1   1   1   1   1 |     CGG   4   4   3   3   3   4
--------------------------------------------------------------------------------------------------------------------------------------
Ile ATT   0   0   0   0   0   0 | Thr ACT   0   0   0   0   0   0 | Asn AAT   0   0   0   0   1   0 | Ser AGT   0   0   0   0   0   0
    ATC   1   1   1   1   1   1 |     ACC   1   1   1   1   1   1 |     AAC   3   3   3   3   2   3 |     AGC   0   0   0   0   0   0
    ATA   0   0   0   0   0   0 |     ACA   0   0   0   0   0   0 | Lys AAA   0   0   0   0   0   0 | Arg AGA   0   0   0   0   0   0
Met ATG   1   1   1   1   1   1 |     ACG   1   1   1   1   1   1 |     AAG   3   3   3   3   3   3 |     AGG   1   1   1   1   1   1
--------------------------------------------------------------------------------------------------------------------------------------
Val GTT   0   0   0   0   0   0 | Ala GCT   0   0   0   0   0   0 | Asp GAT   0   0   0   0   0   0 | Gly GGT   0   0   0   0   0   0
    GTC   0   0   0   0   0   0 |     GCC   2   2   2   2   2   2 |     GAC   1   1   1   1   1   1 |     GGC   2   1   1   1   1   1
    GTA   0   0   0   0   0   0 |     GCA   0   0   0   0   0   0 | Glu GAA   0   0   0   0   0   0 |     GGA   0   0   0   0   0   0
    GTG   0   0   0   0   0   0 |     GCG   0   0   0   0   0   0 |     GAG   0   0   0   0   0   0 |     GGG   1   2   2   2   2   2
--------------------------------------------------------------------------------------------------------------------------------------

--------------------------------------------------------------------------------------------------------------------------------------
Phe TTT   0   0   0   0   0   0 | Ser TCT   0   0   0   0   0   0 | Tyr TAT   0   0   0   0   0   0 | Cys TGT   0   0   0   0   0   0
    TTC   0   0   0   0   0   0 |     TCC   0   0   0   0   0   0 |     TAC   2   2   2   2   2   2 |     TGC   3   3   3   3   3   3
Leu TTA   0   0   0   0   0   0 |     TCA   0   0   0   0   0   0 | *** TAA   0   0   0   0   0   0 | *** TGA   0   0   0   0   0   0
    TTG   0   0   0   0   0   0 |     TCG   0   0   0   0   0   0 |     TAG   0   0   0   0   0   0 | Trp TGG   1   1   1   1   1   1
--------------------------------------------------------------------------------------------------------------------------------------
Leu CTT   0   0   0   0   0   0 | Pro CCT   1   1   1   2   1   1 | His CAT   0   0   0   0   0   0 | Arg CGT   0   0   0   0   0   0
    CTC   2   2   2   2   2   2 |     CCC   1   1   1   1   1   1 |     CAC   1   1   1   1   1   1 |     CGC   0   0   0   0   0   0
    CTA   0   0   0   0   0   0 |     CCA   0   0   1   0   0   0 | Gln CAA   0   0   0   0   0   0 |     CGA   0   0   0   0   0   1
    CTG   2   2   2   2   2   2 |     CCG   1   1   0   0   1   1 |     CAG   1   1   1   1   1   1 |     CGG   4   4   4   4   4   3
--------------------------------------------------------------------------------------------------------------------------------------
Ile ATT   0   0   0   0   0   0 | Thr ACT   0   0   0   0   0   0 | Asn AAT   0   0   0   0   0   0 | Ser AGT   0   0   0   0   0   0
    ATC   1   1   1   1   1   1 |     ACC   1   1   1   1   1   1 |     AAC   3   3   3   3   3   3 |     AGC   0   0   0   0   0   0
    ATA   0   0   0   0   0   0 |     ACA   0   1   0   0   0   0 | Lys AAA   0   0   1   0   0   0 | Arg AGA   0   0   0   0   0   0
Met ATG   1   1   1   1   1   1 |     ACG   1   0   1   1   1   1 |     AAG   3   3   2   3   3   3 |     AGG   1   1   1   1   1   1
--------------------------------------------------------------------------------------------------------------------------------------
Val GTT   0   0   0   0   0   0 | Ala GCT   0   0   0   0   0   0 | Asp GAT   0   0   0   0   0   0 | Gly GGT   0   0   0   0   0   0
    GTC   0   0   0   0   0   0 |     GCC   2   2   2   2   2   2 |     GAC   1   1   1   1   1   1 |     GGC   1   1   1   1   2   1
    GTA   0   0   0   0   0   0 |     GCA   0   0   0   0   0   0 | Glu GAA   0   0   0   0   0   0 |     GGA   0   0   0   0   0   0
    GTG   0   0   0   0   0   0 |     GCG   0   0   0   0   0   0 |     GAG   0   0   0   0   0   0 |     GGG   2   2   2   2   1   2
--------------------------------------------------------------------------------------------------------------------------------------

--------------------------------------------------------------------------------------------------------------------------------------
Phe TTT   0   0   0   0   0   0 | Ser TCT   0   0   0   0   0   0 | Tyr TAT   0   0   0   0   0   0 | Cys TGT   0   0   0   0   0   0
    TTC   0   0   0   0   0   0 |     TCC   0   0   0   0   0   0 |     TAC   2   2   2   2   2   2 |     TGC   3   3   3   3   3   3
Leu TTA   0   0   0   0   0   0 |     TCA   0   0   0   0   0   0 | *** TAA   0   0   0   0   0   0 | *** TGA   0   0   0   0   0   0
    TTG   0   0   0   0   0   0 |     TCG   0   0   0   0   0   0 |     TAG   0   0   0   0   0   0 | Trp TGG   1   1   1   1   1   1
--------------------------------------------------------------------------------------------------------------------------------------
Leu CTT   0   0   0   0   0   0 | Pro CCT   1   1   1   1   1   1 | His CAT   0   0   0   0   0   0 | Arg CGT   0   0   0   0   0   0
    CTC   2   2   2   2   2   2 |     CCC   1   1   1   1   1   1 |     CAC   1   1   1   1   1   1 |     CGC   0   0   0   0   0   0
    CTA   1   0   0   1   0   0 |     CCA   0   0   0   0   0   0 | Gln CAA   0   0   0   0   0   0 |     CGA   0   0   1   1   0   0
    CTG   1   2   2   1   2   2 |     CCG   1   1   1   1   1   1 |     CAG   1   1   1   1   1   1 |     CGG   4   4   3   3   4   4
--------------------------------------------------------------------------------------------------------------------------------------
Ile ATT   0   0   0   0   0   0 | Thr ACT   0   0   0   0   0   0 | Asn AAT   0   0   0   0   0   0 | Ser AGT   0   0   0   0   0   0
    ATC   1   1   1   1   1   1 |     ACC   1   1   1   1   1   1 |     AAC   3   3   3   3   3   3 |     AGC   0   0   0   0   0   0
    ATA   0   0   0   0   0   0 |     ACA   0   0   0   0   1   0 | Lys AAA   0   0   0   0   0   0 | Arg AGA   0   0   0   0   0   0
Met ATG   1   1   1   1   1   1 |     ACG   1   1   1   1   0   1 |     AAG   3   3   3   3   3   3 |     AGG   1   1   1   1   1   1
--------------------------------------------------------------------------------------------------------------------------------------
Val GTT   0   0   0   0   0   0 | Ala GCT   0   0   0   0   0   0 | Asp GAT   0   0   0   0   0   0 | Gly GGT   0   0   0   0   0   0
    GTC   0   0   0   0   0   0 |     GCC   2   2   2   2   2   2 |     GAC   1   1   1   1   1   1 |     GGC   1   2   1   1   1   1
    GTA   0   0   0   0   0   0 |     GCA   0   0   0   0   0   0 | Glu GAA   0   0   0   0   0   0 |     GGA   0   0   0   0   0   0
    GTG   0   0   0   0   0   0 |     GCG   0   0   0   0   0   0 |     GAG   0   0   0   0   0   0 |     GGG   2   1   2   2   2   2
--------------------------------------------------------------------------------------------------------------------------------------

--------------------------------------------------------------------------------------------------------------------------------------
Phe TTT   0   0   0   0   0   0 | Ser TCT   0   0   0   0   0   0 | Tyr TAT   0   0   0   0   0   0 | Cys TGT   1   1   0   0   0   0
    TTC   0   0   0   0   0   0 |     TCC   1   0   0   0   0   0 |     TAC   2   2   2   2   2   2 |     TGC   2   2   3   3   3   3
Leu TTA   0   0   0   0   0   0 |     TCA   0   0   0   0   0   0 | *** TAA   0   0   0   0   0   0 | *** TGA   0   0   0   0   0   0
    TTG   0   0   0   0   0   0 |     TCG   0   0   0   0   0   0 |     TAG   0   0   0   0   0   0 | Trp TGG   1   1   1   1   1   1
--------------------------------------------------------------------------------------------------------------------------------------
Leu CTT   0   0   0   0   0   0 | Pro CCT   1   1   1   1   1   1 | His CAT   0   0   0   0   0   0 | Arg CGT   0   0   0   0   0   0
    CTC   3   2   2   2   2   2 |     CCC   2   1   1   1   1   1 |     CAC   1   1   1   1   1   1 |     CGC   0   0   0   0   0   0
    CTA   0   0   0   0   0   0 |     CCA   0   0   1   0   0   0 | Gln CAA   0   0   0   0   0   0 |     CGA   3   0   0   1   0   0
    CTG   1   2   2   2   2   2 |     CCG   0   1   0   1   1   1 |     CAG   1   1   1   1   1   1 |     CGG   1   4   4   3   4   4
--------------------------------------------------------------------------------------------------------------------------------------
Ile ATT   0   0   0   0   0   0 | Thr ACT   0   0   0   0   0   0 | Asn AAT   1   0   0   1   0   1 | Ser AGT   0   0   0   0   0   0
    ATC   1   1   1   1   1   1 |     ACC   1   1   1   1   1   1 |     AAC   2   3   3   2   3   2 |     AGC   0   0   0   0   0   0
    ATA   0   0   0   0   0   0 |     ACA   1   0   0   0   0   0 | Lys AAA   0   0   0   0   0   1 | Arg AGA   0   0   0   0   0   0
Met ATG   1   1   1   1   1   1 |     ACG   0   1   1   1   1   1 |     AAG   3   3   3   3   3   2 |     AGG   1   1   1   1   1   1
--------------------------------------------------------------------------------------------------------------------------------------
Val GTT   0   0   0   0   0   0 | Ala GCT   0   0   0   0   0   0 | Asp GAT   1   0   1   0   0   0 | Gly GGT   0   0   0   0   0   0
    GTC   0   0   0   0   0   0 |     GCC   1   2   2   2   2   2 |     GAC   0   1   0   1   1   1 |     GGC   0   1   1   1   1   1
    GTA   0   0   0   0   0   0 |     GCA   0   0   0   0   0   0 | Glu GAA   0   0   0   0   0   0 |     GGA   1   0   0   1   0   0
    GTG   0   0   0   0   0   0 |     GCG   0   0   0   0   0   0 |     GAG   0   0   0   0   0   0 |     GGG   2   2   2   1   2   2
--------------------------------------------------------------------------------------------------------------------------------------

Codon position x base (3x4) table for each sequence.

#1: Argali         
position  1:    T:0.16667    C:0.36111    A:0.30556    G:0.16667
position  2:    T:0.16667    C:0.19444    A:0.30556    G:0.33333
position  3:    T:0.02778    C:0.52778    A:0.00000    G:0.44444
Average         T:0.12037    C:0.36111    A:0.20370    G:0.31481

#2: LesserMouseDeer
position  1:    T:0.16667    C:0.33333    A:0.33333    G:0.16667
position  2:    T:0.16667    C:0.19444    A:0.30556    G:0.33333
position  3:    T:0.05556    C:0.44444    A:0.08333    G:0.41667
Average         T:0.12963    C:0.32407    A:0.24074    G:0.30556

#3: LesserKudu     
position  1:    T:0.16667    C:0.36111    A:0.30556    G:0.16667
position  2:    T:0.16667    C:0.19444    A:0.30556    G:0.33333
position  3:    T:0.02778    C:0.50000    A:0.00000    G:0.47222
Average         T:0.12037    C:0.35185    A:0.20370    G:0.32407

#4: ForestMuskDeer2
position  1:    T:0.16667    C:0.36111    A:0.30556    G:0.16667
position  2:    T:0.16667    C:0.19444    A:0.30556    G:0.33333
position  3:    T:0.05556    C:0.47222    A:0.05556    G:0.41667
Average         T:0.12963    C:0.34259    A:0.22222    G:0.30556

#5: Camel          
position  1:    T:0.16667    C:0.36111    A:0.30556    G:0.16667
position  2:    T:0.16667    C:0.19444    A:0.30556    G:0.33333
position  3:    T:0.08333    C:0.44444    A:0.08333    G:0.38889
Average         T:0.13889    C:0.33333    A:0.23148    G:0.29630

#6: KillerWhale    
position  1:    T:0.16667    C:0.36111    A:0.30556    G:0.16667
position  2:    T:0.16667    C:0.19444    A:0.30556    G:0.33333
position  3:    T:0.05556    C:0.52778    A:0.05556    G:0.36111
Average         T:0.12963    C:0.36111    A:0.22222    G:0.28704

#7: DefassaWaterbuck
position  1:    T:0.16667    C:0.36111    A:0.30556    G:0.16667
position  2:    T:0.16667    C:0.19444    A:0.30556    G:0.33333
position  3:    T:0.05556    C:0.50000    A:0.00000    G:0.44444
Average         T:0.12963    C:0.35185    A:0.20370    G:0.31481

#8: Sheep          
position  1:    T:0.19444    C:0.36111    A:0.30556    G:0.13889
position  2:    T:0.19444    C:0.16667    A:0.30556    G:0.33333
position  3:    T:0.02778    C:0.52778    A:0.02778    G:0.41667
Average         T:0.13889    C:0.35185    A:0.21296    G:0.29630

#9: MaxwellsDuiker 
position  1:    T:0.16667    C:0.36111    A:0.30556    G:0.16667
position  2:    T:0.16667    C:0.19444    A:0.30556    G:0.33333
position  3:    T:0.02778    C:0.50000    A:0.00000    G:0.47222
Average         T:0.12037    C:0.35185    A:0.20370    G:0.32407

#10: GazellaPrzewalskyi
position  1:    T:0.16667    C:0.36111    A:0.30556    G:0.16667
position  2:    T:0.16667    C:0.19444    A:0.30556    G:0.33333
position  3:    T:0.05556    C:0.50000    A:0.00000    G:0.44444
Average         T:0.12963    C:0.35185    A:0.20370    G:0.31481

#11: MountainNyala  
position  1:    T:0.16667    C:0.36111    A:0.30556    G:0.16667
position  2:    T:0.16667    C:0.19444    A:0.30556    G:0.33333
position  3:    T:0.02778    C:0.50000    A:0.00000    G:0.47222
Average         T:0.12037    C:0.35185    A:0.20370    G:0.32407

#12: MuntiacusMuntjak
position  1:    T:0.16667    C:0.36111    A:0.30556    G:0.16667
position  2:    T:0.16667    C:0.19444    A:0.30556    G:0.33333
position  3:    T:0.02778    C:0.50000    A:0.05556    G:0.41667
Average         T:0.12037    C:0.35185    A:0.22222    G:0.30556

#13: goat           
position  1:    T:0.16667    C:0.36111    A:0.30556    G:0.16667
position  2:    T:0.16667    C:0.19444    A:0.30556    G:0.33333
position  3:    T:0.02778    C:0.52778    A:0.02778    G:0.41667
Average         T:0.12037    C:0.36111    A:0.21296    G:0.30556

#14: AfricanBuffalo 
position  1:    T:0.16667    C:0.36111    A:0.30556    G:0.16667
position  2:    T:0.16667    C:0.19444    A:0.30556    G:0.33333
position  3:    T:0.02778    C:0.50000    A:0.02778    G:0.44444
Average         T:0.12037    C:0.35185    A:0.21296    G:0.31481

#15: Topi           
position  1:    T:0.16667    C:0.36111    A:0.30556    G:0.16667
position  2:    T:0.16667    C:0.19444    A:0.30556    G:0.33333
position  3:    T:0.02778    C:0.50000    A:0.00000    G:0.47222
Average         T:0.12037    C:0.35185    A:0.20370    G:0.32407

#16: CommonDuiker   
position  1:    T:0.16667    C:0.36111    A:0.30556    G:0.16667
position  2:    T:0.16667    C:0.19444    A:0.30556    G:0.33333
position  3:    T:0.08333    C:0.44444    A:0.00000    G:0.47222
Average         T:0.13889    C:0.33333    A:0.20370    G:0.32407

#17: Suni           
position  1:    T:0.16667    C:0.36111    A:0.30556    G:0.16667
position  2:    T:0.16667    C:0.19444    A:0.30556    G:0.33333
position  3:    T:0.02778    C:0.50000    A:0.00000    G:0.47222
Average         T:0.12037    C:0.35185    A:0.20370    G:0.32407

#18: Springbuck     
position  1:    T:0.16667    C:0.36111    A:0.30556    G:0.16667
position  2:    T:0.16667    C:0.19444    A:0.30556    G:0.33333
position  3:    T:0.00000    C:0.55556    A:0.00000    G:0.44444
Average         T:0.11111    C:0.37037    A:0.20370    G:0.31481

#19: Okapi          
position  1:    T:0.16667    C:0.36111    A:0.30556    G:0.16667
position  2:    T:0.16667    C:0.19444    A:0.30556    G:0.33333
position  3:    T:0.02778    C:0.50000    A:0.00000    G:0.47222
Average         T:0.12037    C:0.35185    A:0.20370    G:0.32407

#20: Giraffe        
position  1:    T:0.16667    C:0.36111    A:0.30556    G:0.16667
position  2:    T:0.16667    C:0.19444    A:0.30556    G:0.33333
position  3:    T:0.02778    C:0.47222    A:0.02778    G:0.47222
Average         T:0.12037    C:0.34259    A:0.21296    G:0.32407

#21: TibetanAntelope
position  1:    T:0.16667    C:0.36111    A:0.30556    G:0.16667
position  2:    T:0.16667    C:0.19444    A:0.30556    G:0.33333
position  3:    T:0.08333    C:0.44444    A:0.00000    G:0.47222
Average         T:0.13889    C:0.33333    A:0.20370    G:0.32407

#22: Sitatunga      
position  1:    T:0.16667    C:0.36111    A:0.30556    G:0.16667
position  2:    T:0.16667    C:0.19444    A:0.30556    G:0.33333
position  3:    T:0.02778    C:0.50000    A:0.00000    G:0.47222
Average         T:0.12037    C:0.35185    A:0.20370    G:0.32407

#23: Oribi          
position  1:    T:0.16667    C:0.36111    A:0.30556    G:0.16667
position  2:    T:0.16667    C:0.19444    A:0.30556    G:0.33333
position  3:    T:0.05556    C:0.50000    A:0.02778    G:0.41667
Average         T:0.12963    C:0.35185    A:0.21296    G:0.30556

#24: BarbarySheep   
position  1:    T:0.16667    C:0.36111    A:0.30556    G:0.16667
position  2:    T:0.16667    C:0.19444    A:0.30556    G:0.33333
position  3:    T:0.02778    C:0.50000    A:0.05556    G:0.41667
Average         T:0.12037    C:0.35185    A:0.22222    G:0.30556

#25: Daviddeer      
position  1:    T:0.16667    C:0.41667    A:0.27778    G:0.13889
position  2:    T:0.13889    C:0.22222    A:0.27778    G:0.36111
position  3:    T:0.05556    C:0.50000    A:0.00000    G:0.44444
Average         T:0.12037    C:0.37963    A:0.18519    G:0.31481

#26: Reindeer       
position  1:    T:0.16667    C:0.36111    A:0.30556    G:0.16667
position  2:    T:0.16667    C:0.19444    A:0.30556    G:0.33333
position  3:    T:0.02778    C:0.50000    A:0.05556    G:0.41667
Average         T:0.12037    C:0.35185    A:0.22222    G:0.30556

#27: Ibex           
position  1:    T:0.16667    C:0.36111    A:0.30556    G:0.16667
position  2:    T:0.16667    C:0.19444    A:0.30556    G:0.33333
position  3:    T:0.00000    C:0.55556    A:0.02778    G:0.41667
Average         T:0.11111    C:0.37037    A:0.21296    G:0.30556

#28: GyrantGazelle  
position  1:    T:0.16667    C:0.36111    A:0.30556    G:0.16667
position  2:    T:0.16667    C:0.19444    A:0.30556    G:0.33333
position  3:    T:0.05556    C:0.50000    A:0.00000    G:0.44444
Average         T:0.12963    C:0.35185    A:0.20370    G:0.31481

#29: Hartebeest     
position  1:    T:0.16667    C:0.36111    A:0.30556    G:0.16667
position  2:    T:0.16667    C:0.19444    A:0.30556    G:0.33333
position  3:    T:0.02778    C:0.50000    A:0.00000    G:0.47222
Average         T:0.12037    C:0.35185    A:0.20370    G:0.32407

#30: Bongo          
position  1:    T:0.16667    C:0.36111    A:0.30556    G:0.16667
position  2:    T:0.16667    C:0.19444    A:0.30556    G:0.33333
position  3:    T:0.05556    C:0.47222    A:0.00000    G:0.47222
Average         T:0.12963    C:0.34259    A:0.20370    G:0.32407

#31: Gerenuk        
position  1:    T:0.16667    C:0.36111    A:0.30556    G:0.16667
position  2:    T:0.16667    C:0.19444    A:0.30556    G:0.33333
position  3:    T:0.02778    C:0.52778    A:0.00000    G:0.44444
Average         T:0.12037    C:0.36111    A:0.20370    G:0.31481

#32: CommonEland    
position  1:    T:0.16667    C:0.36111    A:0.30556    G:0.16667
position  2:    T:0.16667    C:0.19444    A:0.30556    G:0.33333
position  3:    T:0.02778    C:0.50000    A:0.00000    G:0.47222
Average         T:0.12037    C:0.35185    A:0.20370    G:0.32407

#33: MuntiacusReevesi
position  1:    T:0.16667    C:0.36111    A:0.30556    G:0.16667
position  2:    T:0.16667    C:0.19444    A:0.30556    G:0.33333
position  3:    T:0.02778    C:0.50000    A:0.02778    G:0.44444
Average         T:0.12037    C:0.35185    A:0.21296    G:0.31481

#34: HarveysDuiker  
position  1:    T:0.16667    C:0.36111    A:0.30556    G:0.16667
position  2:    T:0.16667    C:0.19444    A:0.30556    G:0.33333
position  3:    T:0.02778    C:0.55556    A:0.00000    G:0.41667
Average         T:0.12037    C:0.37037    A:0.20370    G:0.30556

#35: Pronghorn      
position  1:    T:0.16667    C:0.36111    A:0.30556    G:0.16667
position  2:    T:0.16667    C:0.19444    A:0.30556    G:0.33333
position  3:    T:0.02778    C:0.55556    A:0.00000    G:0.41667
Average         T:0.12037    C:0.37037    A:0.20370    G:0.30556

#36: BlueWildebeest 
position  1:    T:0.16667    C:0.36111    A:0.30556    G:0.16667
position  2:    T:0.16667    C:0.19444    A:0.30556    G:0.33333
position  3:    T:0.02778    C:0.50000    A:0.00000    G:0.47222
Average         T:0.12037    C:0.35185    A:0.20370    G:0.32407

#37: Gemsbok        
position  1:    T:0.16667    C:0.36111    A:0.30556    G:0.16667
position  2:    T:0.16667    C:0.19444    A:0.30556    G:0.33333
position  3:    T:0.02778    C:0.50000    A:0.00000    G:0.47222
Average         T:0.12037    C:0.35185    A:0.20370    G:0.32407

#38: Yak            
position  1:    T:0.16667    C:0.36111    A:0.30556    G:0.16667
position  2:    T:0.16667    C:0.19444    A:0.30556    G:0.33333
position  3:    T:0.02778    C:0.50000    A:0.02778    G:0.44444
Average         T:0.12037    C:0.35185    A:0.21296    G:0.31481

#39: BlueSheep      
position  1:    T:0.16667    C:0.36111    A:0.30556    G:0.16667
position  2:    T:0.16667    C:0.19444    A:0.30556    G:0.33333
position  3:    T:0.02778    C:0.50000    A:0.05556    G:0.41667
Average         T:0.12037    C:0.35185    A:0.22222    G:0.30556

#40: BohorReedbuck  
position  1:    T:0.16667    C:0.36111    A:0.30556    G:0.16667
position  2:    T:0.16667    C:0.19444    A:0.30556    G:0.33333
position  3:    T:0.05556    C:0.50000    A:0.00000    G:0.44444
Average         T:0.12963    C:0.35185    A:0.20370    G:0.31481

#41: KirksDik       
position  1:    T:0.16667    C:0.36111    A:0.30556    G:0.16667
position  2:    T:0.16667    C:0.19444    A:0.30556    G:0.33333
position  3:    T:0.02778    C:0.52778    A:0.00000    G:0.44444
Average         T:0.12037    C:0.36111    A:0.20370    G:0.31481

#42: RoeDeer        
position  1:    T:0.16667    C:0.36111    A:0.30556    G:0.16667
position  2:    T:0.16667    C:0.19444    A:0.30556    G:0.33333
position  3:    T:0.02778    C:0.50000    A:0.02778    G:0.44444
Average         T:0.12037    C:0.35185    A:0.21296    G:0.31481

#43: WhiteLippedDeer
position  1:    T:0.16667    C:0.36111    A:0.30556    G:0.16667
position  2:    T:0.16667    C:0.19444    A:0.30556    G:0.33333
position  3:    T:0.02778    C:0.50000    A:0.02778    G:0.44444
Average         T:0.12037    C:0.35185    A:0.21296    G:0.31481

#44: ThomsonGazelle 
position  1:    T:0.16667    C:0.36111    A:0.30556    G:0.16667
position  2:    T:0.16667    C:0.19444    A:0.30556    G:0.33333
position  3:    T:0.02778    C:0.52778    A:0.00000    G:0.44444
Average         T:0.12037    C:0.36111    A:0.20370    G:0.31481

#45: MuntiacusCrinifrons
position  1:    T:0.16667    C:0.36111    A:0.30556    G:0.16667
position  2:    T:0.16667    C:0.19444    A:0.30556    G:0.33333
position  3:    T:0.02778    C:0.50000    A:0.02778    G:0.44444
Average         T:0.12037    C:0.35185    A:0.21296    G:0.31481

#46: WhiteTailedDeer
position  1:    T:0.16667    C:0.36111    A:0.30556    G:0.16667
position  2:    T:0.16667    C:0.19444    A:0.30556    G:0.33333
position  3:    T:0.02778    C:0.50000    A:0.05556    G:0.41667
Average         T:0.12037    C:0.35185    A:0.22222    G:0.30556

#47: Cattle         
position  1:    T:0.16667    C:0.36111    A:0.30556    G:0.16667
position  2:    T:0.16667    C:0.19444    A:0.30556    G:0.33333
position  3:    T:0.02778    C:0.50000    A:0.02778    G:0.44444
Average         T:0.12037    C:0.35185    A:0.21296    G:0.31481

#48: RoyalAntelope  
position  1:    T:0.16667    C:0.36111    A:0.30556    G:0.16667
position  2:    T:0.16667    C:0.19444    A:0.30556    G:0.33333
position  3:    T:0.02778    C:0.50000    A:0.00000    G:0.47222
Average         T:0.12037    C:0.35185    A:0.20370    G:0.32407

#49: Steenbok       
position  1:    T:0.19444    C:0.36111    A:0.30556    G:0.13889
position  2:    T:0.16667    C:0.19444    A:0.30556    G:0.33333
position  3:    T:0.11111    C:0.44444    A:0.13889    G:0.30556
Average         T:0.15741    C:0.33333    A:0.25000    G:0.25926

#50: Impala         
position  1:    T:0.16667    C:0.36111    A:0.30556    G:0.16667
position  2:    T:0.16667    C:0.19444    A:0.30556    G:0.33333
position  3:    T:0.05556    C:0.47222    A:0.00000    G:0.47222
Average         T:0.12963    C:0.34259    A:0.20370    G:0.32407

#51: Klipspringer   
position  1:    T:0.16667    C:0.36111    A:0.30556    G:0.16667
position  2:    T:0.16667    C:0.19444    A:0.30556    G:0.33333
