1
52 1
Argali 0.000000 0.289600 0.057200 0.165200 0.056900 0.007400 0.056100 0.071300 0.064800 0.118500 0.055800 0.064500 0.023700 0.055800 0.096800 0.055400 0.106400 0.107800 0.023700 0.056600 0.047900 0.047600 0.100700 0.092000 0.047900 0.095800 0.023700 0.056700 0.047100 0.073500 0.118500 0.047700 0.091900 0.023700 0.031500 0.080900 0.039900 0.057000 0.087700 0.118600 0.111400 0.071000 0.110100 0.082900 0.081800 0.056000 0.055400 0.088100 0.055400 0.072600 0.064600 0.048100
LesserMous 0.289600 0.000000 0.279100 0.340600 0.287100 0.288400 0.318100 0.299300 0.285800 0.267300 0.292600 0.293800 0.272100 0.293100 0.277300 0.279900 0.270700 0.286000 0.272800 0.275200 0.283800 0.272100 0.278500 0.279000 0.282800 0.344300 0.272100 0.275800 0.299700 0.277000 0.267300 0.283000 0.255400 0.272100 0.282100 0.283900 0.273100 0.287900 0.356800 0.267900 0.236700 0.298600 0.257400 0.288800 0.298600 0.271200 0.313600 0.301200 0.290600 0.270700 0.275100 0.285900
LesserKudu 0.057200 0.279100 0.000000 0.179200 0.050100 0.065300 0.066200 0.065000 0.008100 0.076900 0.049000 0.041100 0.032600 0.049100 0.073600 0.048700 0.101000 0.084500 0.032700 0.000100 0.032700 0.057800 0.095100 0.068300 0.040900 0.090200 0.032600 0.000000 0.040100 0.016400 0.076900 0.040800 0.068200 0.032600 0.040800 0.040900 0.049600 0.050200 0.098900 0.095100 0.087600 0.064800 0.086400 0.076800 0.041400 0.049300 0.065500 0.048400 0.032100 0.049300 0.008100 0.008100
KillerWhal 0.165200 0.340600 0.179200 0.000000 0.168400 0.155300 0.194200 0.199800 0.186100 0.188600 0.184500 0.185300 0.157500 0.193200 0.181500 0.173300 0.174400 0.158300 0.157900 0.177200 0.185000 0.157000 0.198900 0.170100 0.176100 0.236400 0.157500 0.177500 0.163800 0.178100 0.188600 0.184500 0.179400 0.157500 0.166000 0.175300 0.167700 0.187200 0.199700 0.161300 0.182100 0.199100 0.180000 0.160100 0.186200 0.193700 0.192100 0.200500 0.191700 0.147100 0.167500 0.167800
DefassaWat 0.056900 0.287100 0.050100 0.168400 0.000000 0.064900 0.065800 0.064600 0.057600 0.102500 0.065600 0.074700 0.032300 0.048800 0.090000 0.048400 0.108300 0.092000 0.032500 0.049500 0.040700 0.057400 0.084800 0.076400 0.057400 0.089500 0.032300 0.049400 0.040000 0.067000 0.102500 0.040600 0.075900 0.032300 0.040600 0.074400 0.049300 0.016100 0.081200 0.103100 0.095300 0.064300 0.094000 0.084700 0.075200 0.049000 0.065100 0.081300 0.048200 0.065500 0.057900 0.057900
Sheep 0.007400 0.288400 0.065300 0.155300 0.064900 0.000000 0.064100 0.079100 0.072800 0.108800 0.063700 0.072500 0.031500 0.063700 0.087900 0.047000 0.097200 0.098400 0.031600 0.064600 0.055800 0.055500 0.109000 0.100300 0.055800 0.103800 0.031500 0.064700 0.054900 0.064700 0.108800 0.055700 0.100100 0.031500 0.039300 0.088900 0.047900 0.065000 0.095700 0.127000 0.119800 0.078800 0.100500 0.091100 0.089900 0.063900 0.063200 0.096000 0.063200 0.080500 0.055900 0.056000
MaxwellsDu 0.056100 0.318100 0.066200 0.194200 0.065800 0.064100 0.000000 0.063700 0.073800 0.128600 0.064600 0.073500 0.031900 0.031600 0.089200 0.047700 0.134000 0.117600 0.032000 0.065500 0.040100 0.056500 0.110600 0.084100 0.056600 0.071100 0.031900 0.065600 0.039400 0.083100 0.128600 0.023700 0.101600 0.031900 0.040000 0.090200 0.048500 0.066000 0.063600 0.128900 0.121600 0.063400 0.120100 0.075000 0.091200 0.048200 0.064200 0.080500 0.047700 0.081600 0.073900 0.073900
GazellaPrz 0.071300 0.299300 0.065000 0.199800 0.064600 0.079100 0.063700 0.000000 0.055800 0.126200 0.079900 0.055400 0.047400 0.047200 0.079300 0.046800 0.113700 0.115400 0.047500 0.064300 0.039400 0.071900 0.108500 0.082500 0.071900 0.070100 0.047400 0.064400 0.054600 0.081500 0.126200 0.039200 0.099600 0.047400 0.055300 0.039000 0.064000 0.064700 0.078500 0.126300 0.119300 0.046200 0.117800 0.090700 0.055800 0.047300 0.063000 0.079000 0.046800 0.080200 0.072500 0.072500
MountainNy 0.064800 0.285800 0.008100 0.186100 0.057600 0.072800 0.073800 0.055800 0.000000 0.084200 0.056600 0.032200 0.040200 0.056700 0.080700 0.056300 0.106800 0.091600 0.040500 0.008000 0.040500 0.065400 0.102300 0.076100 0.048600 0.097400 0.040200 0.007700 0.047700 0.024400 0.084200 0.048500 0.075600 0.040200 0.048500 0.032100 0.057300 0.057700 0.088800 0.102700 0.095000 0.072200 0.093700 0.084400 0.032400 0.056900 0.073000 0.055700 0.039700 0.056700 0.016100 0.016100
MuntiacusM 0.118500 0.267300 0.076900 0.188600 0.102500 0.108800 0.128600 0.126200 0.084200 0.000000 0.109900 0.120200 0.092500 0.110000 0.117000 0.091500 0.100300 0.092900 0.093200 0.076000 0.093000 0.110700 0.049800 0.050000 0.101500 0.152800 0.092500 0.075800 0.099500 0.076400 0.000000 0.101400 0.094700 0.092500 0.101400 0.119700 0.111200 0.102800 0.143400 0.050000 0.038700 0.125700 0.007800 0.058300 0.121000 0.101300 0.127200 0.108000 0.091100 0.083500 0.067000 0.084600
goat 0.055800 0.292600 0.049000 0.184500 0.065600 0.063700 0.064600 0.079900 0.056600 0.109900 0.000000 0.073200 0.031800 0.064300 0.088500 0.063900 0.133500 0.117200 0.031800 0.048400 0.048200 0.039800 0.092300 0.101400 0.007800 0.104700 0.031800 0.048500 0.039100 0.057000 0.109900 0.056200 0.101200 0.031800 0.039800 0.089900 0.015800 0.065700 0.096500 0.110100 0.111700 0.079600 0.119700 0.092100 0.090800 0.064600 0.080500 0.079900 0.047400 0.081400 0.056700 0.056600
AfricanBuf 0.064500 0.293800 0.041100 0.185300 0.074700 0.072500 0.073500 0.055400 0.032200 0.120200 0.073200 0.000000 0.040200 0.073100 0.115200 0.072600 0.125500 0.109200 0.040300 0.040600 0.065200 0.065100 0.120300 0.093300 0.065100 0.096800 0.040200 0.040700 0.064000 0.057700 0.120200 0.064900 0.083900 0.040200 0.048300 0.031900 0.057000 0.074800 0.088500 0.120300 0.113100 0.088600 0.111600 0.084000 0.032200 0.073500 0.089600 0.089100 0.072700 0.073500 0.048900 0.048800
Topi 0.023700 0.272100 0.032600 0.157500 0.032300 0.031500 0.031900 0.047400 0.040200 0.092500 0.031800 0.040200 0.000000 0.031800 0.072100 0.031600 0.098400 0.082300 0.000000 0.032300 0.023900 0.023800 0.075100 0.066800 0.023900 0.071600 0.000000 0.032200 0.023500 0.049100 0.092500 0.023800 0.066400 0.000000 0.007900 0.056500 0.015900 0.032400 0.063500 0.092900 0.085100 0.047200 0.084100 0.057900 0.057100 0.031900 0.047700 0.063600 0.031400 0.048100 0.040400 0.040400
CommonDuik 0.055800 0.293100 0.049100 0.193200 0.048800 0.063700 0.031600 0.047200 0.056700 0.110000 0.064300 0.073100 0.031800 0.000000 0.072000 0.031400 0.115700 0.099500 0.031900 0.048500 0.023800 0.056200 0.092400 0.066400 0.056300 0.071300 0.031800 0.048600 0.039200 0.065600 0.110000 0.007800 0.083500 0.031800 0.039800 0.072900 0.048300 0.048800 0.079700 0.110200 0.102800 0.047000 0.101600 0.074600 0.073700 0.031800 0.047500 0.063500 0.031400 0.064500 0.056700 0.056700
Suni 0.096800 0.277300 0.073600 0.181500 0.090000 0.087900 0.089200 0.079300 0.080700 0.117000 0.088500 0.115200 0.072100 0.072000 0.000000 0.055100 0.131700 0.124200 0.072600 0.072800 0.055900 0.097600 0.135500 0.109300 0.080500 0.112300 0.065400 0.072700 0.062800 0.073200 0.117000 0.063900 0.126300 0.072100 0.080500 0.106200 0.089600 0.090200 0.121200 0.136100 0.147000 0.079000 0.126800 0.117600 0.115900 0.072300 0.071600 0.087200 0.054800 0.105700 0.064300 0.081100
Springbuck 0.055400 0.279900 0.048700 0.173300 0.048400 0.047000 0.047700 0.046800 0.056300 0.091500 0.063900 0.072600 0.031600 0.031400 0.055100 0.000000 0.097500 0.081500 0.031700 0.048200 0.023500 0.055800 0.091700 0.065900 0.055900 0.070500 0.031600 0.048300 0.039000 0.048400 0.091500 0.023500 0.082900 0.031600 0.039500 0.072300 0.048000 0.032000 0.071000 0.109300 0.102000 0.046500 0.083200 0.074100 0.073100 0.031500 0.039200 0.063100 0.031200 0.064000 0.039900 0.056300
Okapi 0.106400 0.270700 0.101000 0.174400 0.108300 0.097200 0.134000 0.113700 0.106800 0.100300 0.133500 0.125500 0.098400 0.115700 0.131700 0.097500 0.000000 0.048200 0.099200 0.099800 0.107600 0.116300 0.118200 0.100900 0.125200 0.157500 0.098400 0.099600 0.122900 0.100300 0.100300 0.107200 0.100600 0.098400 0.107200 0.107100 0.116900 0.108600 0.166900 0.118800 0.111100 0.113300 0.092000 0.109200 0.126400 0.098600 0.097600 0.113900 0.114400 0.098100 0.090800 0.108400
Giraffe 0.107800 0.286000 0.084500 0.158300 0.092000 0.098400 0.117600 0.115400 0.091600 0.092900 0.117200 0.109200 0.082300 0.099500 0.124200 0.081500 0.048200 0.000000 0.082900 0.083500 0.091400 0.100000 0.111000 0.093500 0.108800 0.141400 0.082300 0.083300 0.106900 0.083900 0.092900 0.091000 0.084200 0.082300 0.082500 0.108700 0.100500 0.092200 0.150700 0.111500 0.103700 0.106400 0.084500 0.101900 0.109900 0.099900 0.098900 0.105900 0.098400 0.082000 0.074600 0.092100
TibetanAnt 0.023700 0.272800 0.032700 0.157900 0.032500 0.031600 0.032000 0.047500 0.040500 0.093200 0.031800 0.040300 0.000000 0.031900 0.072600 0.031700 0.099200 0.082900 0.000000 0.032400 0.024000 0.023900 0.075600 0.067000 0.023900 0.071800 0.000000 0.032400 0.023500 0.049300 0.093200 0.023900 0.066900 0.000000 0.007900 0.056700 0.015900 0.032600 0.063700 0.093200 0.085800 0.047300 0.084700 0.058100 0.057300 0.032000 0.047900 0.064100 0.031700 0.048400 0.040600 0.040500
Sitatunga 0.056600 0.275200 0.000100 0.177200 0.049500 0.064600 0.065500 0.064300 0.008000 0.076000 0.048400 0.040600 0.032300 0.048500 0.072800 0.048200 0.099800 0.083500 0.032400 0.000000 0.032300 0.057100 0.094000 0.067500 0.040400 0.089100 0.032300 0.000000 0.039700 0.016200 0.076000 0.040400 0.067400 0.032300 0.040400 0.040500 0.049000 0.049600 0.097700 0.094000 0.086500 0.064000 0.085400 0.075800 0.040900 0.048700 0.064800 0.047800 0.031800 0.048700 0.008000 0.008000
Oribi 0.047900 0.283800 0.032700 0.185000 0.040700 0.055800 0.040100 0.039400 0.040500 0.093000 0.048200 0.065200 0.023900 0.023800 0.055900 0.023500 0.107600 0.091400 0.024000 0.032300 0.000000 0.048300 0.084200 0.058300 0.040200 0.063200 0.023900 0.032400 0.023500 0.049200 0.093000 0.015800 0.075400 0.023900 0.031900 0.064900 0.040300 0.040800 0.071900 0.101900 0.094600 0.039100 0.093400 0.066500 0.065600 0.023900 0.039700 0.047600 0.015700 0.056600 0.040500 0.040500
BarbaryShe 0.047600 0.272100 0.057800 0.157000 0.057400 0.055500 0.056500 0.071900 0.065400 0.110700 0.039800 0.065100 0.023800 0.056200 0.097600 0.055800 0.116300 0.100000 0.023900 0.057100 0.048300 0.000000 0.092900 0.084200 0.031900 0.096600 0.023800 0.057200 0.047400 0.060000 0.110700 0.048100 0.075400 0.023800 0.031700 0.081700 0.023900 0.057500 0.088400 0.110800 0.094300 0.071600 0.102300 0.075100 0.082600 0.056500 0.072400 0.088800 0.055800 0.048100 0.065200 0.065200
Daviddeer 0.100700 0.278500 0.095100 0.198900 0.084800 0.109000 0.110600 0.108500 0.102300 0.049800 0.092300 0.120300 0.075100 0.092400 0.135500 0.091700 0.118200 0.111000 0.075600 0.094000 0.084200 0.092900 0.000000 0.050100 0.084000 0.134700 0.075100 0.093800 0.099800 0.112800 0.049800 0.083800 0.094700 0.075100 0.083800 0.119800 0.075700 0.084900 0.125500 0.033100 0.042100 0.108100 0.041600 0.058300 0.121100 0.083700 0.109300 0.126100 0.091400 0.083600 0.102700 0.102700
Reindeer 0.092000 0.279000 0.068300 0.170100 0.076400 0.100300 0.084100 0.082500 0.076100 0.050000 0.101400 0.093300 0.066800 0.066400 0.109300 0.065900 0.100900 0.093500 0.067000 0.067500 0.058300 0.084200 0.050100 0.000000 0.093000 0.108200 0.066800 0.067600 0.074000 0.085700 0.050000 0.058000 0.077100 0.066800 0.075200 0.093000 0.084600 0.076500 0.099200 0.050100 0.042300 0.082200 0.041700 0.008100 0.094000 0.058000 0.083100 0.082800 0.066000 0.066500 0.076100 0.076100
Ibex 0.047900 0.282800 0.040900 0.176100 0.057400 0.055800 0.056600 0.071900 0.048600 0.101500 0.007800 0.065100 0.023900 0.056300 0.080500 0.055900 0.125200 0.108800 0.023900 0.040400 0.040200 0.031900 0.084000 0.093000 0.000000 0.096700 0.023900 0.040500 0.031300 0.048900 0.101500 0.048200 0.092800 0.023900 0.031900 0.081800 0.007600 0.057500 0.088400 0.101700 0.103300 0.071600 0.111200 0.083800 0.082700 0.056500 0.072500 0.072000 0.039500 0.073300 0.048600 0.048600
GyrantGaze 0.095800 0.344300 0.090200 0.236400 0.089500 0.103800 0.071100 0.070100 0.097400 0.152800 0.104700 0.096800 0.071600 0.071300 0.112300 0.070500 0.157500 0.141400 0.071800 0.089100 0.063200 0.096600 0.134700 0.108200 0.096700 0.000000 0.071600 0.089300 0.078600 0.106900 0.152800 0.063200 0.125600 0.071600 0.079700 0.096400 0.088700 0.089700 0.119900 0.153000 0.146200 0.069600 0.144400 0.116400 0.097400 0.055100 0.087300 0.103600 0.070800 0.088000 0.097500 0.097400
Hartebeest 0.023700 0.272100 0.032600 0.157500 0.032300 0.031500 0.031900 0.047400 0.040200 0.092500 0.031800 0.040200 0.000000 0.031800 0.065400 0.031600 0.098400 0.082300 0.000000 0.032300 0.023900 0.023800 0.075100 0.066800 0.023900 0.071600 0.000000 0.032200 0.023500 0.049100 0.092500 0.023800 0.066400 0.000000 0.007900 0.056500 0.015900 0.032400 0.063500 0.092900 0.085100 0.047200 0.084100 0.057900 0.057100 0.031900 0.047700 0.063600 0.031400 0.048100 0.040400 0.040400
Bongo 0.056700 0.275800 0.000000 0.177500 0.049400 0.064700 0.065600 0.064400 0.007700 0.075800 0.048500 0.040700 0.032200 0.048600 0.072700 0.048300 0.099600 0.083300 0.032400 0.000000 0.032400 0.057200 0.093800 0.067600 0.040500 0.089300 0.032200 0.000000 0.039700 0.016300 0.075800 0.040400 0.067200 0.032200 0.040400 0.040500 0.049100 0.049500 0.097900 0.094100 0.086400 0.064200 0.085200 0.076000 0.041000 0.048800 0.064900 0.047800 0.031700 0.048600 0.008000 0.008000
Gerenuk 0.047100 0.299700 0.040100 0.163800 0.040000 0.054900 0.039400 0.054600 0.047700 0.099500 0.039100 0.064000 0.023500 0.039200 0.062800 0.039000 0.122900 0.106900 0.023500 0.039700 0.023500 0.047400 0.099800 0.074000 0.031300 0.078600 0.023500 0.039700 0.000000 0.056300 0.099500 0.031300 0.091000 0.023500 0.031300 0.080300 0.039600 0.056500 0.054500 0.117500 0.110400 0.054300 0.109100 0.065200 0.081100 0.039300 0.055000 0.054600 0.023100 0.071900 0.047700 0.047700
CommonElan 0.073500 0.277000 0.016400 0.178100 0.067000 0.064700 0.083100 0.081500 0.024400 0.076400 0.057000 0.057700 0.049100 0.065600 0.073200 0.048400 0.100300 0.083900 0.049300 0.016200 0.049200 0.060000 0.112800 0.085700 0.048900 0.106900 0.049100 0.016300 0.056300 0.000000 0.076400 0.057300 0.085500 0.049100 0.057100 0.057500 0.057700 0.067200 0.115800 0.112800 0.095400 0.081200 0.085800 0.094100 0.058100 0.065900 0.082200 0.064700 0.048400 0.065900 0.008000 0.024300
MuntiacusR 0.118500 0.267300 0.076900 0.188600 0.102500 0.108800 0.128600 0.126200 0.084200 0.000000 0.109900 0.120200 0.092500 0.110000 0.117000 0.091500 0.100300 0.092900 0.093200 0.076000 0.093000 0.110700 0.049800 0.050000 0.101500 0.152800 0.092500 0.075800 0.099500 0.076400 0.000000 0.101400 0.094700 0.092500 0.101400 0.119700 0.111200 0.103000 0.143400 0.050000 0.042100 0.125700 0.007900 0.058300 0.121000 0.101300 0.127200 0.108000 0.091100 0.083500 0.067000 0.084600
HarveysDui 0.047700 0.283000 0.040800 0.184500 0.040600 0.055700 0.023700 0.039200 0.048500 0.101400 0.056200 0.064900 0.023800 0.007800 0.063900 0.023500 0.107200 0.091000 0.023900 0.040400 0.015800 0.048100 0.083800 0.058000 0.048200 0.063200 0.023800 0.040400 0.031300 0.057300 0.101400 0.000000 0.075100 0.023800 0.031800 0.064700 0.040200 0.040600 0.071600 0.101500 0.094200 0.039100 0.093000 0.066200 0.065400 0.023800 0.039500 0.055500 0.023500 0.056300 0.048600 0.048500
Pronghorn 0.091900 0.255400 0.068200 0.179400 0.075900 0.100100 0.101600 0.099600 0.075600 0.094700 0.101200 0.083900 0.066400 0.083500 0.126300 0.082900 0.100600 0.084200 0.066900 0.067400 0.075400 0.075400 0.094700 0.077100 0.092800 0.125600 0.066400 0.067200 0.091000 0.085500 0.094700 0.075100 0.000000 0.066400 0.075000 0.092800 0.084400 0.076100 0.134800 0.095100 0.087300 0.099200 0.086100 0.085600 0.076100 0.083900 0.100400 0.099500 0.082600 0.057700 0.076000 0.075900
BlueWildeb 0.023700 0.272100 0.032600 0.157500 0.032300 0.031500 0.031900 0.047400 0.040200 0.092500 0.031800 0.040200 0.000000 0.031800 0.072100 0.031600 0.098400 0.082300 0.000000 0.032300 0.023900 0.023800 0.075100 0.066800 0.023900 0.071600 0.000000 0.032200 0.023500 0.049100 0.092500 0.023800 0.066400 0.000000 0.007900 0.056500 0.015900 0.032400 0.063500 0.092900 0.085100 0.047200 0.084100 0.057900 0.057100 0.031900 0.047700 0.063600 0.029400 0.048100 0.040400 0.040400
Gemsbok 0.031500 0.282100 0.040800 0.166000 0.040600 0.039300 0.040000 0.055300 0.048500 0.101400 0.039800 0.048300 0.007900 0.039800 0.080500 0.039500 0.107200 0.082500 0.007900 0.040400 0.031900 0.031700 0.083800 0.075200 0.031900 0.079700 0.007900 0.040400 0.031300 0.057100 0.101400 0.031800 0.075000 0.007900 0.000000 0.064600 0.023900 0.040600 0.071600 0.101500 0.094100 0.039000 0.093000 0.066200 0.065400 0.039900 0.055800 0.071900 0.039500 0.056300 0.048400 0.048400
Yak 0.080900 0.283900 0.040900 0.175300 0.074400 0.088900 0.090200 0.039000 0.032100 0.119700 0.089900 0.031900 0.056500 0.072900 0.106200 0.072300 0.107100 0.108700 0.056700 0.040500 0.064900 0.081700 0.119800 0.093000 0.081800 0.096400 0.056500 0.040500 0.080300 0.057500 0.119700 0.064700 0.092800 0.056500 0.064600 0.000000 0.073600 0.074500 0.105000 0.101600 0.112700 0.071500 0.111200 0.101300 0.015900 0.073200 0.089200 0.088800 0.072400 0.073200 0.048700 0.048700
BlueSheep 0.039900 0.273100 0.049600 0.167700 0.049300 0.047900 0.048500 0.064000 0.057300 0.111200 0.015800 0.057000 0.015900 0.048300 0.089600 0.048000 0.116900 0.100500 0.015900 0.049000 0.040300 0.023900 0.075700 0.084600 0.007600 0.088700 0.015900 0.049100 0.039600 0.057700 0.111200 0.040200 0.084400 0.015900 0.023900 0.073600 0.000000 0.049400 0.080500 0.093300 0.094700 0.063700 0.102700 0.075400 0.074400 0.048500 0.064500 0.080800 0.047900 0.065200 0.057300 0.057300
BohorReedb 0.057000 0.287900 0.050200 0.187200 0.016100 0.065000 0.066000 0.064700 0.057700 0.102800 0.065700 0.074800 0.032400 0.048800 0.090200 0.032000 0.108600 0.092200 0.032600 0.049600 0.040800 0.057500 0.084900 0.076500 0.057500 0.089700 0.032400 0.049500 0.056500 0.067200 0.103000 0.040600 0.076100 0.032400 0.040600 0.074500 0.049400 0.000000 0.089900 0.103300 0.095500 0.064400 0.094200 0.084900 0.075300 0.049000 0.056900 0.081400 0.048300 0.065700 0.058000 0.058000
KirksDik 0.087700 0.356800 0.098900 0.199700 0.081200 0.095700 0.063600 0.078500 0.088800 0.143400 0.096500 0.088500 0.063500 0.079700 0.121200 0.071000 0.166900 0.150700 0.063700 0.097700 0.071900 0.088400 0.125500 0.099200 0.088400 0.119900 0.063500 0.097900 0.054500 0.115800 0.143400 0.071600 0.134800 0.063500 0.071600 0.105000 0.080500 0.089900 0.000000 0.143500 0.136600 0.094700 0.135000 0.090100 0.106100 0.080000 0.078800 0.112200 0.079100 0.105300 0.106200 0.106200
RoeDeer 0.118600 0.267900 0.095100 0.161300 0.103100 0.127000 0.128900 0.126300 0.102700 0.050000 0.110100 0.120300 0.092900 0.110200 0.136100 0.109300 0.118800 0.111500 0.093200 0.094000 0.101900 0.110800 0.033100 0.050100 0.101700 0.153000 0.092900 0.094100 0.117500 0.112800 0.050000 0.101500 0.095100 0.092900 0.101500 0.101600 0.093300 0.103300 0.143500 0.000000 0.042300 0.125800 0.041700 0.058300 0.102700 0.101400 0.109400 0.126700 0.109400 0.083900 0.102700 0.102700
WhiteLippe 0.111400 0.236700 0.087600 0.182100 0.095300 0.119800 0.121600 0.119300 0.095000 0.038700 0.111700 0.113100 0.085100 0.102800 0.147000 0.102000 0.111100 0.103700 0.085800 0.086500 0.094600 0.094300 0.042100 0.042300 0.103300 0.146200 0.085100 0.086400 0.110400 0.095400 0.042100 0.094200 0.087300 0.085100 0.094100 0.112700 0.094700 0.095500 0.136600 0.042300 0.000000 0.118800 0.033700 0.050600 0.113900 0.094000 0.120100 0.119100 0.101800 0.076200 0.095400 0.095400
ThomsonGaz 0.071000 0.298600 0.064800 0.199100 0.064300 0.078800 0.063400 0.046200 0.072200 0.125700 0.079600 0.088600 0.047200 0.047000 0.079000 0.046500 0.113300 0.106400 0.047300 0.064000 0.039100 0.071600 0.108100 0.082200 0.071600 0.069600 0.047200 0.064200 0.054300 0.081200 0.125700 0.039100 0.099200 0.047200 0.039000 0.071500 0.063700 0.064400 0.094700 0.125800 0.118800 0.000000 0.117400 0.090300 0.089200 0.047100 0.062700 0.078700 0.046700 0.079800 0.072200 0.072200
MuntiacusC 0.110100 0.257400 0.086400 0.180000 0.094000 0.100500 0.120100 0.117800 0.093700 0.007800 0.119700 0.111600 0.084100 0.101600 0.126800 0.083200 0.092000 0.084500 0.084700 0.085400 0.093400 0.102300 0.041600 0.041700 0.111200 0.144400 0.084100 0.085200 0.109100 0.085800 0.007900 0.093000 0.086100 0.084100 0.093000 0.111200 0.102700 0.094200 0.135000 0.041700 0.033700 0.117400 0.000000 0.050000 0.112400 0.092900 0.118800 0.117700 0.100500 0.075200 0.076300 0.094100
WhiteTaile 0.082900 0.288800 0.076800 0.160100 0.084700 0.091100 0.075000 0.090700 0.084400 0.058300 0.092100 0.084000 0.057900 0.074600 0.117600 0.074100 0.109200 0.101900 0.058100 0.075800 0.066500 0.075100 0.058300 0.008100 0.083800 0.116400 0.057900 0.076000 0.065200 0.094100 0.058300 0.066200 0.085600 0.057900 0.066200 0.101300 0.075400 0.084900 0.090100 0.058300 0.050600 0.090300 0.050000 0.000000 0.102400 0.066200 0.091400 0.091000 0.074100 0.074800 0.084500 0.084500
Cattle 0.081800 0.298600 0.041400 0.186200 0.075200 0.089900 0.091200 0.055800 0.032400 0.121000 0.090800 0.032200 0.057100 0.073700 0.115900 0.073100 0.126400 0.109900 0.057300 0.040900 0.065600 0.082600 0.121100 0.094000 0.082700 0.097400 0.057100 0.041000 0.081100 0.058100 0.121000 0.065400 0.076100 0.057100 0.065400 0.015900 0.074400 0.075300 0.106100 0.102700 0.113900 0.089200 0.112400 0.102400 0.000000 0.074000 0.090200 0.089700 0.073100 0.074000 0.049200 0.049200
RoyalAntel 0.056000 0.271200 0.049300 0.193700 0.049000 0.063900 0.048200 0.047300 0.056900 0.101300 0.064600 0.073500 0.031900 0.031800 0.072300 0.031500 0.098600 0.099900 0.032000 0.048700 0.023900 0.056500 0.083700 0.058000 0.056500 0.055100 0.031900 0.048800 0.039300 0.065900 0.101300 0.023800 0.083900 0.031900 0.039900 0.073200 0.048500 0.049000 0.080000 0.101400 0.094000 0.047100 0.092900 0.066200 0.074000 0.000000 0.047700 0.063800 0.031500 0.048100 0.057000 0.057000
Steenbok 0.055400 0.313600 0.065500 0.192100 0.065100 0.063200 0.064200 0.063000 0.073000 0.127200 0.080500 0.089600 0.047700 0.047500 0.071600 0.039200 0.097600 0.098900 0.047900 0.064800 0.039700 0.072400 0.109300 0.083100 0.072500 0.087300 0.047700 0.064900 0.055000 0.082200 0.127200 0.039500 0.100400 0.047700 0.055800 0.089200 0.064500 0.056900 0.078800 0.109400 0.120100 0.062700 0.118800 0.091400 0.090200 0.047700 0.000000 0.079600 0.047200 0.080700 0.073100 0.073000
Impala 0.088100 0.301200 0.048400 0.200500 0.081300 0.096000 0.080500 0.079000 0.055700 0.108000 0.079900 0.089100 0.063600 0.063500 0.087200 0.063100 0.113900 0.105900 0.064100 0.047800 0.047600 0.088800 0.126100 0.082800 0.072000 0.103600 0.063600 0.047800 0.054600 0.064700 0.108000 0.055500 0.099500 0.063600 0.071900 0.088800 0.080800 0.081400 0.112200 0.126700 0.119100 0.078700 0.117700 0.091000 0.089700 0.063800 0.079600 0.000000 0.046700 0.080100 0.056000 0.055900
Klipspring 0.055400 0.290600 0.032100 0.191700 0.048200 0.063200 0.047700 0.046800 0.039700 0.091100 0.047400 0.072700 0.031400 0.031400 0.054800 0.031200 0.114400 0.098400 0.031700 0.031800 0.015700 0.055800 0.091400 0.066000 0.039500 0.070800 0.031400 0.031700 0.023100 0.048400 0.091100 0.023500 0.082600 0.029400 0.039500 0.072400 0.047900 0.048300 0.079100 0.109400 0.101800 0.046700 0.100500 0.074100 0.073100 0.031500 0.047200 0.046700 0.000000 0.063800 0.039800 0.039800
ForestMusk 0.072600 0.270700 0.049300 0.147100 0.065500 0.080500 0.081600 0.080200 0.056700 0.083500 0.081400 0.073500 0.048100 0.064500 0.105700 0.064000 0.098100 0.082000 0.048400 0.048700 0.056600 0.048100 0.083600 0.066500 0.073300 0.088000 0.048100 0.048600 0.071900 0.065900 0.083500 0.056300 0.057700 0.048100 0.056300 0.073200 0.065200 0.065700 0.105300 0.083900 0.076200 0.079800 0.075200 0.074800 0.074000 0.048100 0.080700 0.080100 0.063800 0.000000 0.057000 0.057000
Bushbuck 0.064600 0.275100 0.008100 0.167500 0.057900 0.055900 0.073900 0.072500 0.016100 0.067000 0.056700 0.048900 0.040400 0.056700 0.064300 0.039900 0.090800 0.074600 0.040600 0.008000 0.040500 0.065200 0.102700 0.076100 0.048600 0.097500 0.040400 0.008000 0.047700 0.008000 0.067000 0.048600 0.076000 0.040400 0.048400 0.048700 0.057300 0.058000 0.106200 0.102700 0.095400 0.072200 0.076300 0.084500 0.049200 0.057000 0.073100 0.056000 0.039800 0.057000 0.000000 0.016000
GreaterKud 0.048100 0.285900 0.008100 0.167800 0.057900 0.056000 0.073900 0.072500 0.016100 0.084600 0.056600 0.048800 0.040400 0.056700 0.081100 0.056300 0.108400 0.092100 0.040500 0.008000 0.040500 0.065200 0.102700 0.076100 0.048600 0.097400 0.040400 0.008000 0.047700 0.024300 0.084600 0.048500 0.075900 0.040400 0.048400 0.048700 0.057300 0.058000 0.106200 0.102700 0.095400 0.072200 0.094100 0.084500 0.049200 0.057000 0.073000 0.055900 0.039800 0.057000 0.016000 0.000000
