1
52 1
Argali 0.000000 0.106400 0.030800 0.153500 0.031100 0.000000 0.015200 0.030700 0.030800 0.063600 0.007800 0.048200 0.023400 0.022900 0.079800 0.030800 0.031600 0.030800 0.015200 0.038700 0.015300 0.015300 0.054800 0.055300 0.007800 0.022900 0.022900 0.046700 0.023300 0.055800 0.055200 0.046500 0.055500 0.030700 0.030900 0.046500 0.007800 0.030800 0.015300 0.063800 0.046900 0.030900 0.055000 0.031100 0.063000 0.046500 0.030800 0.023500 0.046500 0.055000 0.070800 0.038500
LesserMous 0.106400 0.000000 0.124400 0.225400 0.125100 0.106400 0.124600 0.106600 0.124600 0.124900 0.115500 0.124100 0.115400 0.133400 0.162000 0.124600 0.089000 0.106300 0.123700 0.133400 0.106400 0.124700 0.114600 0.133700 0.115500 0.115500 0.115400 0.124700 0.115800 0.151800 0.133600 0.142400 0.115700 0.123900 0.143300 0.142300 0.115500 0.124700 0.124600 0.124700 0.106100 0.125300 0.133000 0.106200 0.142900 0.160800 0.124700 0.098000 0.142300 0.115000 0.151400 0.132900
LesserKudu 0.030800 0.124400 0.000000 0.192800 0.031000 0.030800 0.032000 0.062800 0.015600 0.063700 0.038700 0.030800 0.038700 0.038700 0.080000 0.063000 0.047000 0.047900 0.046500 0.023000 0.046900 0.047800 0.054900 0.056400 0.038700 0.054700 0.038700 0.015300 0.054900 0.023400 0.055300 0.062800 0.055600 0.046500 0.046900 0.030800 0.038700 0.030900 0.046900 0.080700 0.046900 0.063300 0.071600 0.047000 0.046900 0.062800 0.063000 0.038800 0.062800 0.055100 0.039600 0.007800
KillerWhal 0.153500 0.225400 0.192800 0.000000 0.174200 0.153500 0.154100 0.153900 0.173300 0.173500 0.144500 0.192300 0.163300 0.163300 0.193900 0.153800 0.134800 0.153400 0.172000 0.182600 0.155000 0.154100 0.181400 0.163600 0.144500 0.163600 0.163300 0.173400 0.163600 0.202600 0.163600 0.153400 0.164100 0.153400 0.173900 0.192300 0.144500 0.154400 0.154800 0.155100 0.172300 0.174500 0.162700 0.153300 0.213700 0.191700 0.173500 0.144700 0.172400 0.182100 0.182000 0.202000
DefassaWat 0.031100 0.125100 0.031000 0.174200 0.000000 0.030900 0.031100 0.063100 0.047000 0.047500 0.039000 0.047700 0.038900 0.038900 0.080400 0.063300 0.048500 0.047300 0.046700 0.055100 0.047200 0.048300 0.055200 0.039400 0.039000 0.056200 0.038900 0.047000 0.056600 0.055100 0.039300 0.063100 0.055900 0.047900 0.047200 0.046900 0.039000 0.015400 0.047200 0.081200 0.047200 0.063600 0.055400 0.047200 0.063500 0.063100 0.063300 0.039000 0.063100 0.055400 0.071300 0.040100
Sheep 0.000000 0.106400 0.030800 0.153500 0.030900 0.000000 0.015400 0.030700 0.030900 0.063600 0.007800 0.046500 0.023600 0.022900 0.079800 0.030800 0.031000 0.030900 0.015200 0.038700 0.015300 0.015300 0.054800 0.055300 0.007600 0.022900 0.022900 0.046700 0.023000 0.054600 0.056500 0.046500 0.055500 0.031200 0.030900 0.046500 0.007600 0.030900 0.015300 0.063800 0.046900 0.031600 0.055000 0.031000 0.063000 0.047800 0.030800 0.023000 0.046500 0.055000 0.070800 0.038500
MaxwellsDu 0.015200 0.124600 0.032000 0.154100 0.031100 0.015400 0.000000 0.047500 0.030900 0.047300 0.007600 0.031600 0.007600 0.007800 0.063400 0.046800 0.031100 0.031600 0.030800 0.038800 0.031000 0.015700 0.038900 0.039200 0.007800 0.038800 0.007800 0.030900 0.038800 0.038600 0.039200 0.032000 0.047400 0.015200 0.015300 0.030800 0.007800 0.030900 0.031000 0.064000 0.031000 0.048300 0.055200 0.031000 0.048600 0.030800 0.046800 0.023100 0.030800 0.039000 0.054600 0.038700
GazellaPrz 0.030700 0.106600 0.062800 0.153900 0.063100 0.030700 0.047500 0.000000 0.062900 0.097400 0.038700 0.079200 0.054600 0.054600 0.080000 0.030700 0.047000 0.063200 0.046400 0.071000 0.015300 0.047800 0.088000 0.088700 0.038700 0.007600 0.054600 0.064400 0.023200 0.087700 0.088600 0.062700 0.072100 0.062500 0.046800 0.079200 0.039600 0.062900 0.030800 0.097800 0.079700 0.030900 0.088300 0.063200 0.096500 0.062700 0.030800 0.038700 0.038600 0.071500 0.087500 0.070800
MountainNy 0.030800 0.124600 0.015600 0.173300 0.047000 0.030900 0.030900 0.062900 0.000000 0.063700 0.023100 0.030900 0.038700 0.039500 0.080200 0.063100 0.031600 0.031100 0.046600 0.007600 0.047000 0.030900 0.055000 0.055500 0.023100 0.054800 0.039600 0.015300 0.055000 0.023000 0.055400 0.062900 0.063900 0.046600 0.046900 0.030800 0.023100 0.046900 0.047000 0.064000 0.047000 0.063400 0.055200 0.031100 0.047000 0.062900 0.063200 0.023100 0.062900 0.055100 0.039900 0.023800
MuntiacusM 0.063600 0.124900 0.063700 0.173500 0.047500 0.063600 0.047300 0.097400 0.063700 0.000000 0.055400 0.063500 0.055400 0.055400 0.097900 0.097700 0.047100 0.047100 0.080000 0.071900 0.080900 0.063800 0.038900 0.023300 0.055400 0.089000 0.055400 0.063700 0.089100 0.072000 0.007700 0.080200 0.064000 0.064800 0.063900 0.063500 0.056400 0.047400 0.080800 0.064000 0.031000 0.098200 0.023200 0.031700 0.080600 0.080200 0.097800 0.055500 0.080200 0.055200 0.088600 0.071800
goat 0.007800 0.115500 0.038700 0.144500 0.039000 0.007800 0.007600 0.038700 0.023100 0.055400 0.000000 0.038600 0.015200 0.015200 0.071600 0.038700 0.023200 0.023200 0.022900 0.030800 0.023100 0.007800 0.046800 0.047200 0.000000 0.030800 0.015200 0.038800 0.030900 0.046700 0.047200 0.038600 0.055600 0.022900 0.023100 0.038600 0.000000 0.039700 0.023100 0.055600 0.038900 0.039900 0.047000 0.023600 0.054900 0.038600 0.039700 0.015300 0.038600 0.047000 0.062700 0.046600
AfricanBuf 0.048200 0.124100 0.030800 0.192300 0.047700 0.046500 0.031600 0.079200 0.030900 0.063500 0.038600 0.000000 0.022900 0.023000 0.079800 0.079400 0.046900 0.046900 0.062500 0.038700 0.063100 0.046700 0.038700 0.055300 0.038600 0.071000 0.023400 0.030800 0.071100 0.038700 0.055200 0.046500 0.063700 0.030600 0.046800 0.015200 0.038600 0.046700 0.063100 0.080500 0.030900 0.079800 0.071400 0.046900 0.030900 0.062600 0.079400 0.038700 0.062600 0.038800 0.054500 0.038600
Topi 0.023400 0.115400 0.038700 0.163300 0.038900 0.023600 0.007600 0.054600 0.038700 0.055400 0.015200 0.022900 0.000000 0.015200 0.071500 0.054700 0.038900 0.038900 0.038500 0.047700 0.038900 0.023000 0.030900 0.048000 0.015200 0.046600 0.000000 0.039500 0.046700 0.047600 0.047100 0.038600 0.055500 0.007600 0.023400 0.038600 0.015200 0.038800 0.038900 0.072200 0.023100 0.055100 0.063200 0.038900 0.054800 0.038600 0.054800 0.030800 0.038600 0.031000 0.062600 0.046500
CommonDuik 0.022900 0.133400 0.038700 0.163300 0.038900 0.022900 0.007800 0.054600 0.039500 0.055400 0.015200 0.023000 0.015200 0.000000 0.071500 0.054700 0.038900 0.038900 0.038500 0.046700 0.038900 0.023000 0.046800 0.047200 0.015800 0.046600 0.015200 0.038700 0.046700 0.046700 0.047200 0.023100 0.055500 0.022900 0.023200 0.023000 0.015200 0.038800 0.038900 0.072200 0.038900 0.055100 0.063300 0.038900 0.038800 0.038600 0.054800 0.030800 0.038600 0.048100 0.062600 0.046500
Suni 0.079800 0.162000 0.080000 0.193900 0.080400 0.079800 0.063400 0.080000 0.080200 0.097900 0.071600 0.079800 0.071500 0.071500 0.000000 0.097100 0.063800 0.080500 0.096500 0.071800 0.097500 0.080100 0.071900 0.089400 0.071600 0.088500 0.071500 0.063500 0.105800 0.088300 0.089300 0.079800 0.081200 0.079600 0.063600 0.079800 0.071600 0.063500 0.097500 0.098500 0.080300 0.115000 0.106200 0.080400 0.097300 0.079900 0.105800 0.055200 0.063300 0.072000 0.071500 0.088200
Springbuck 0.030800 0.124600 0.063000 0.153800 0.063300 0.030800 0.046800 0.030700 0.063100 0.097700 0.038700 0.079400 0.054700 0.054700 0.097100 0.000000 0.063400 0.063400 0.046500 0.071200 0.015300 0.046800 0.088200 0.089000 0.038700 0.023000 0.054700 0.079700 0.007800 0.087900 0.088900 0.079300 0.089100 0.062700 0.063200 0.079400 0.038700 0.046900 0.030900 0.098000 0.079900 0.031000 0.088500 0.063300 0.096700 0.079300 0.030800 0.054900 0.071000 0.088500 0.087800 0.071000
Okapi 0.031600 0.089000 0.047000 0.134800 0.048500 0.031000 0.031100 0.047000 0.031600 0.047100 0.023200 0.046900 0.038900 0.038900 0.063800 0.063400 0.000000 0.015600 0.046800 0.039900 0.047300 0.031100 0.038700 0.039000 0.023200 0.055100 0.038900 0.031200 0.055200 0.055100 0.039000 0.046900 0.031200 0.046800 0.047200 0.046900 0.023200 0.047100 0.047300 0.047300 0.030900 0.063700 0.038800 0.015300 0.063500 0.063200 0.063500 0.007800 0.046900 0.038800 0.055000 0.055000
Giraffe 0.030800 0.106300 0.047900 0.153400 0.047300 0.030900 0.031600 0.063200 0.031100 0.047100 0.023200 0.046900 0.038900 0.038900 0.080500 0.063400 0.015600 0.000000 0.046800 0.039000 0.047300 0.031200 0.038700 0.039000 0.023200 0.055100 0.039500 0.047100 0.055200 0.056000 0.039000 0.063200 0.047200 0.046800 0.047200 0.046900 0.023200 0.047100 0.047200 0.047300 0.030900 0.063700 0.038800 0.015300 0.063500 0.063200 0.063500 0.023400 0.063200 0.039600 0.071400 0.055000
TibetanAnt 0.015200 0.123700 0.046500 0.172000 0.046700 0.015200 0.030800 0.046400 0.046600 0.080000 0.022900 0.062500 0.038500 0.038500 0.096500 0.046500 0.046800 0.046800 0.000000 0.054500 0.030800 0.030700 0.071100 0.071600 0.022900 0.038500 0.038500 0.062700 0.038600 0.070800 0.071500 0.062500 0.071900 0.047300 0.046600 0.062500 0.022900 0.046600 0.030800 0.080300 0.062900 0.047800 0.071300 0.047700 0.079300 0.062400 0.048100 0.038600 0.062400 0.071200 0.087200 0.054300
Sitatunga 0.038700 0.133400 0.023000 0.182600 0.055100 0.038700 0.038800 0.071000 0.007600 0.071900 0.030800 0.038700 0.047700 0.046700 0.071800 0.071200 0.039900 0.039000 0.054500 0.000000 0.055100 0.038900 0.046900 0.063600 0.030800 0.062900 0.046600 0.023000 0.063100 0.030800 0.063500 0.071000 0.072200 0.054500 0.054900 0.038700 0.030700 0.054900 0.055100 0.072200 0.055000 0.071600 0.063300 0.039000 0.056200 0.071000 0.071300 0.030900 0.071000 0.063200 0.046600 0.030700
Oribi 0.015300 0.106400 0.046900 0.155000 0.047200 0.015300 0.031000 0.015300 0.047000 0.080900 0.023100 0.063100 0.038900 0.038900 0.097500 0.015300 0.047300 0.047300 0.030800 0.055100 0.000000 0.031000 0.071700 0.072400 0.023100 0.007600 0.038900 0.063300 0.007600 0.071500 0.072300 0.063100 0.072400 0.046800 0.047100 0.063100 0.023100 0.047000 0.015300 0.081000 0.063600 0.015400 0.072000 0.047200 0.080100 0.063100 0.015300 0.039000 0.054900 0.071900 0.088100 0.054900
BarbaryShe 0.015300 0.124700 0.047800 0.154100 0.048300 0.015300 0.015700 0.047800 0.030900 0.063800 0.007800 0.046700 0.023000 0.023000 0.080100 0.046800 0.031100 0.031200 0.030700 0.038900 0.031000 0.000000 0.055000 0.055500 0.007600 0.038800 0.023000 0.046900 0.038900 0.054800 0.055400 0.046700 0.064000 0.031700 0.031000 0.046700 0.007800 0.046900 0.031000 0.064000 0.047000 0.047100 0.055200 0.031100 0.063200 0.046700 0.046900 0.023100 0.046600 0.055200 0.071100 0.054700
Daviddeer 0.054800 0.114600 0.054900 0.181400 0.055200 0.054800 0.038900 0.088000 0.055000 0.038900 0.046800 0.038700 0.030900 0.046800 0.071900 0.088200 0.038700 0.038700 0.071100 0.046900 0.071700 0.055000 0.000000 0.030900 0.046800 0.079700 0.030900 0.055000 0.079900 0.063000 0.031100 0.071200 0.055200 0.038700 0.055100 0.054800 0.047900 0.055100 0.071700 0.055200 0.007700 0.088700 0.046600 0.023000 0.071500 0.071200 0.088300 0.046900 0.071200 0.030800 0.079500 0.062900
Reindeer 0.055300 0.133700 0.056400 0.163600 0.039400 0.055300 0.039200 0.088700 0.055500 0.023300 0.047200 0.055300 0.048000 0.047200 0.089400 0.089000 0.039000 0.039000 0.071600 0.063600 0.072400 0.055500 0.030900 0.000000 0.047200 0.080400 0.047200 0.055500 0.080600 0.063600 0.015400 0.071800 0.055700 0.055200 0.055600 0.055300 0.047200 0.039200 0.072300 0.055700 0.023200 0.089500 0.031000 0.023200 0.072100 0.071800 0.089100 0.048000 0.071800 0.047800 0.080100 0.063400
Ibex 0.007800 0.115500 0.038700 0.144500 0.039000 0.007600 0.007800 0.038700 0.023100 0.055400 0.000000 0.038600 0.015200 0.015800 0.071600 0.038700 0.023200 0.023200 0.022900 0.030800 0.023100 0.007600 0.046800 0.047200 0.000000 0.031500 0.015700 0.038800 0.030800 0.046700 0.047200 0.038600 0.055600 0.022900 0.023100 0.039400 0.000000 0.039600 0.023100 0.055600 0.040000 0.039800 0.047000 0.023600 0.054900 0.039500 0.039700 0.015300 0.038600 0.047000 0.062700 0.046600
GyrantGaze 0.022900 0.115500 0.054700 0.163600 0.056200 0.022900 0.038800 0.007600 0.054800 0.089000 0.030800 0.071000 0.046600 0.046600 0.088500 0.023000 0.055100 0.055100 0.038500 0.062900 0.007600 0.038800 0.079700 0.080400 0.031500 0.000000 0.046600 0.071200 0.015300 0.079400 0.080300 0.070900 0.080600 0.054500 0.038900 0.071000 0.030800 0.054900 0.023000 0.089300 0.071500 0.023100 0.080000 0.055100 0.088100 0.054600 0.023000 0.046700 0.047900 0.063300 0.096000 0.062700
Hartebeest 0.022900 0.115400 0.038700 0.163300 0.038900 0.022900 0.007800 0.054600 0.039600 0.055400 0.015200 0.023400 0.000000 0.015200 0.071500 0.054700 0.038900 0.039500 0.038500 0.046600 0.038900 0.023000 0.030900 0.047200 0.015700 0.046600 0.000000 0.038700 0.046700 0.046600 0.047100 0.038600 0.055500 0.007800 0.023300 0.038600 0.015600 0.038800 0.038900 0.072200 0.023100 0.055100 0.063200 0.038900 0.054800 0.038600 0.054800 0.030800 0.038600 0.031600 0.062600 0.046500
Bongo 0.046700 0.124700 0.015300 0.173400 0.047000 0.046700 0.030900 0.064400 0.015300 0.063700 0.038800 0.030800 0.039500 0.038700 0.063500 0.079700 0.031200 0.047100 0.062700 0.023000 0.063300 0.046900 0.055000 0.055500 0.038800 0.071200 0.038700 0.000000 0.071400 0.023400 0.055400 0.046700 0.047500 0.046600 0.046900 0.030800 0.038800 0.046900 0.063300 0.080800 0.047000 0.080000 0.073000 0.047000 0.047000 0.062900 0.079800 0.023100 0.046700 0.055100 0.023000 0.023600
Gerenuk 0.023300 0.115800 0.054900 0.163600 0.056600 0.023000 0.038800 0.023200 0.055000 0.089100 0.030900 0.071100 0.046700 0.046700 0.105800 0.007800 0.055200 0.055200 0.038600 0.063100 0.007600 0.038900 0.079900 0.080600 0.030800 0.015300 0.046700 0.071400 0.000000 0.079600 0.080500 0.071100 0.080700 0.054600 0.055100 0.071100 0.030900 0.055000 0.023100 0.089500 0.071600 0.023300 0.080100 0.055200 0.088300 0.071100 0.023000 0.046900 0.064000 0.080100 0.096300 0.062800
CommonElan 0.055800 0.151800 0.023400 0.202600 0.055100 0.054600 0.038600 0.087700 0.023000 0.072000 0.046700 0.038700 0.047600 0.046700 0.088300 0.087900 0.055100 0.056000 0.070800 0.030800 0.071500 0.054800 0.063000 0.063600 0.046700 0.079400 0.046600 0.023400 0.079600 0.000000 0.063500 0.070900 0.072100 0.054500 0.055000 0.038700 0.046700 0.056000 0.071400 0.089200 0.056100 0.088400 0.079900 0.055000 0.054900 0.070900 0.088000 0.046700 0.070900 0.063200 0.030700 0.015200
MuntiacusR 0.055200 0.133600 0.055300 0.163600 0.039300 0.056500 0.039200 0.088600 0.055400 0.007700 0.047200 0.055200 0.047100 0.047200 0.089300 0.088900 0.039000 0.039000 0.071500 0.063500 0.072300 0.055400 0.031100 0.015400 0.047200 0.080300 0.047100 0.055400 0.080500 0.063500 0.000000 0.072800 0.055600 0.055100 0.055600 0.055200 0.047200 0.039200 0.072200 0.055600 0.023100 0.089400 0.015400 0.023100 0.072100 0.071700 0.089000 0.047200 0.071700 0.047000 0.079900 0.063400
HarveysDui 0.046500 0.142400 0.062800 0.153400 0.063100 0.046500 0.032000 0.062700 0.062900 0.080200 0.038600 0.046500 0.038600 0.023100 0.079800 0.079300 0.046900 0.063200 0.062500 0.071000 0.063100 0.046700 0.071200 0.071800 0.038600 0.070900 0.038600 0.046700 0.071100 0.070900 0.072800 0.000000 0.063700 0.046400 0.046700 0.047600 0.038600 0.064700 0.063000 0.097700 0.063100 0.079700 0.088200 0.063100 0.063000 0.062600 0.079400 0.040000 0.046500 0.071400 0.070800 0.070800
Pronghorn 0.055500 0.115700 0.055600 0.164100 0.055900 0.055500 0.047400 0.072100 0.063900 0.064000 0.055600 0.063700 0.055500 0.055500 0.081200 0.089100 0.031200 0.047200 0.071900 0.072200 0.072400 0.064000 0.055200 0.055700 0.055600 0.080600 0.055500 0.047500 0.080700 0.072100 0.055600 0.063700 0.000000 0.063600 0.064100 0.063700 0.055600 0.055700 0.072300 0.080900 0.047200 0.089800 0.071900 0.047200 0.080800 0.080400 0.089400 0.039300 0.063700 0.055300 0.072000 0.063600
BlueWildeb 0.030700 0.123900 0.046500 0.153400 0.047900 0.031200 0.015200 0.062500 0.046600 0.064800 0.022900 0.030600 0.007600 0.022900 0.079600 0.062700 0.046800 0.046800 0.047300 0.054500 0.046800 0.031700 0.038700 0.055200 0.022900 0.054500 0.007800 0.046600 0.054600 0.054500 0.055100 0.046400 0.063600 0.000000 0.030800 0.046400 0.022900 0.046700 0.046700 0.080400 0.030800 0.063100 0.071300 0.046800 0.062800 0.046400 0.062700 0.038600 0.046400 0.038800 0.070600 0.054400
Gemsbok 0.030900 0.143300 0.046900 0.173900 0.047200 0.030900 0.015300 0.046800 0.046900 0.063900 0.023100 0.046800 0.023400 0.023200 0.063600 0.063200 0.047200 0.047200 0.046600 0.054900 0.047100 0.031000 0.055100 0.055600 0.023100 0.038900 0.023300 0.046900 0.055100 0.055000 0.055600 0.046700 0.064100 0.030800 0.000000 0.046800 0.023100 0.047000 0.047100 0.081100 0.047100 0.063500 0.071900 0.047100 0.063300 0.031700 0.063200 0.038900 0.030900 0.039100 0.071100 0.054800
Yak 0.046500 0.142300 0.030800 0.192300 0.046900 0.046500 0.030800 0.079200 0.030800 0.063500 0.038600 0.015200 0.038600 0.023000 0.079800 0.079400 0.046900 0.046900 0.062500 0.038700 0.063100 0.046700 0.054800 0.055300 0.039400 0.071000 0.038600 0.030800 0.071100 0.038700 0.055200 0.047600 0.063700 0.046400 0.046800 0.000000 0.038700 0.046700 0.063100 0.080500 0.046800 0.079800 0.071400 0.046900 0.015700 0.062600 0.079500 0.038700 0.062600 0.054900 0.054500 0.038600
BlueSheep 0.007800 0.115500 0.038700 0.144500 0.039000 0.007600 0.007800 0.039600 0.023100 0.056400 0.000000 0.038600 0.015200 0.015200 0.071600 0.038700 0.023200 0.023200 0.022900 0.030700 0.023100 0.007800 0.047900 0.047200 0.000000 0.030800 0.015600 0.038800 0.030900 0.046700 0.047200 0.038600 0.055600 0.022900 0.023100 0.038700 0.000000 0.038800 0.023100 0.055600 0.038900 0.039000 0.047000 0.023100 0.054900 0.039700 0.038800 0.015300 0.038600 0.047000 0.062700 0.046600
BohorReedb 0.030800 0.124700 0.030900 0.154400 0.015400 0.030900 0.030900 0.062900 0.046900 0.047400 0.039700 0.046700 0.038800 0.038800 0.063500 0.046900 0.047100 0.047100 0.046600 0.054900 0.047000 0.046900 0.055100 0.039200 0.039600 0.054900 0.038800 0.046900 0.055000 0.056000 0.039200 0.064700 0.055700 0.046700 0.047000 0.046700 0.038800 0.000000 0.047000 0.081000 0.048300 0.063400 0.055200 0.047100 0.063300 0.063000 0.064300 0.038900 0.064300 0.055200 0.054800 0.039500
KirksDik 0.015300 0.124600 0.046900 0.154800 0.047200 0.015300 0.031000 0.030800 0.047000 0.080800 0.023100 0.063100 0.038900 0.038900 0.097500 0.030900 0.047300 0.047200 0.030800 0.055100 0.015300 0.031000 0.071700 0.072300 0.023100 0.023000 0.038900 0.063300 0.023100 0.071400 0.072200 0.063000 0.072300 0.046700 0.047100 0.063100 0.023100 0.047000 0.000000 0.080900 0.063500 0.031100 0.071900 0.047200 0.080000 0.063000 0.030900 0.039000 0.054900 0.071900 0.088000 0.054800
RoeDeer 0.063800 0.124700 0.080700 0.155100 0.081200 0.063800 0.064000 0.097800 0.064000 0.064000 0.055600 0.080500 0.072200 0.072200 0.098500 0.098000 0.047300 0.047300 0.080300 0.072200 0.081000 0.064000 0.055200 0.055700 0.055600 0.089300 0.072200 0.080800 0.089500 0.089200 0.055600 0.097700 0.080900 0.080400 0.081100 0.080500 0.055600 0.081000 0.080900 0.000000 0.047100 0.098600 0.055400 0.031200 0.080900 0.097600 0.089400 0.055700 0.097600 0.072000 0.106200 0.089000
WhiteLippe 0.046900 0.106100 0.046900 0.172300 0.047200 0.046900 0.031000 0.079700 0.047000 0.031000 0.038900 0.030900 0.023100 0.038900 0.080300 0.079900 0.030900 0.030900 0.062900 0.055000 0.063600 0.047000 0.007700 0.023200 0.040000 0.071500 0.023100 0.047000 0.071600 0.056100 0.023100 0.063100 0.047200 0.030800 0.047100 0.046800 0.038900 0.048300 0.063500 0.047100 0.000000 0.080400 0.038700 0.015300 0.063300 0.063100 0.080000 0.039900 0.063000 0.023000 0.071200 0.054900
ThomsonGaz 0.030900 0.125300 0.063300 0.174500 0.063600 0.031600 0.048300 0.030900 0.063400 0.098200 0.039900 0.079800 0.055100 0.055100 0.115000 0.031000 0.063700 0.063700 0.047800 0.071600 0.015400 0.047100 0.088700 0.089500 0.039800 0.023100 0.055100 0.080000 0.023300 0.088400 0.089400 0.079700 0.089800 0.063100 0.063500 0.079800 0.039000 0.063400 0.031100 0.098600 0.080400 0.000000 0.089000 0.063700 0.097200 0.079700 0.030900 0.056200 0.071300 0.089000 0.105200 0.071300
MuntiacusC 0.055000 0.133000 0.071600 0.162700 0.055400 0.055000 0.055200 0.088300 0.055200 0.023200 0.047000 0.071400 0.063200 0.063300 0.106200 0.088500 0.038800 0.038800 0.071300 0.063300 0.072000 0.055200 0.046600 0.031000 0.047000 0.080000 0.063200 0.073000 0.080100 0.079900 0.015400 0.088200 0.071900 0.071300 0.071900 0.071400 0.047000 0.055200 0.071900 0.055400 0.038700 0.089000 0.000000 0.023500 0.088600 0.088200 0.088600 0.047000 0.088100 0.063000 0.096600 0.079700
WhiteTaile 0.031100 0.106200 0.047000 0.153300 0.047200 0.031000 0.031000 0.063200 0.031100 0.031700 0.023600 0.046900 0.038900 0.038900 0.080400 0.063300 0.015300 0.015300 0.047700 0.039000 0.047200 0.031100 0.023000 0.023200 0.023600 0.055100 0.038900 0.047000 0.055200 0.055000 0.023100 0.063100 0.047200 0.046800 0.047100 0.046900 0.023100 0.047100 0.047200 0.031200 0.015300 0.063700 0.023500 0.000000 0.063400 0.063100 0.063400 0.023200 0.063100 0.038800 0.071300 0.054900
Cattle 0.063000 0.142900 0.046900 0.213700 0.063500 0.063000 0.048600 0.096500 0.047000 0.080600 0.054900 0.030900 0.054800 0.038800 0.097300 0.096700 0.063500 0.063500 0.079300 0.056200 0.080100 0.063200 0.071500 0.072100 0.054900 0.088100 0.054800 0.047000 0.088300 0.054900 0.072100 0.063000 0.080800 0.062800 0.063300 0.015700 0.054900 0.063300 0.080000 0.080900 0.063300 0.097200 0.088600 0.063400 0.000000 0.079500 0.096800 0.055000 0.079500 0.071700 0.071200 0.054800
RoyalAntel 0.046500 0.160800 0.062800 0.191700 0.063100 0.047800 0.030800 0.062700 0.062900 0.080200 0.038600 0.062600 0.038600 0.038600 0.079900 0.079300 0.063200 0.063200 0.062400 0.071000 0.063100 0.046700 0.071200 0.071800 0.039500 0.054600 0.038600 0.062900 0.071100 0.070900 0.071700 0.062600 0.080400 0.046400 0.031700 0.062600 0.039700 0.063000 0.063000 0.097600 0.063100 0.079700 0.088200 0.063100 0.079500 0.000000 0.063000 0.054700 0.030800 0.055000 0.087500 0.070800
Steenbok 0.030800 0.124700 0.063000 0.173500 0.063300 0.030800 0.046800 0.030800 0.063200 0.097800 0.039700 0.079400 0.054800 0.054800 0.105800 0.030800 0.063500 0.063500 0.048100 0.071300 0.015300 0.046900 0.088300 0.089100 0.039700 0.023000 0.054800 0.079800 0.023000 0.088000 0.089000 0.079400 0.089400 0.062700 0.063200 0.079500 0.038800 0.064300 0.030900 0.089400 0.080000 0.030900 0.088600 0.063400 0.096800 0.063000 0.000000 0.054900 0.054800 0.088500 0.104900 0.071000
Impala 0.023500 0.098000 0.038800 0.144700 0.039000 0.023000 0.023100 0.038700 0.023100 0.055500 0.015300 0.038700 0.030800 0.030800 0.055200 0.054900 0.007800 0.023400 0.038600 0.030900 0.039000 0.023100 0.046900 0.048000 0.015300 0.046700 0.030800 0.023100 0.046900 0.046700 0.047200 0.040000 0.039300 0.038600 0.038900 0.038700 0.015300 0.038900 0.039000 0.055700 0.039900 0.056200 0.047000 0.023200 0.055000 0.054700 0.054900 0.000000 0.038700 0.047000 0.046700 0.046600
Klipspring 0.046500 0.142300 0.062800 0.172400 0.063100 0.046500 0.030800 0.038600 0.062900 0.080200 0.038600 0.062600 0.038600 0.038600 0.063300 0.071000 0.046900 0.063200 0.062400 0.071000 0.054900 0.046600 0.071200 0.071800 0.038600 0.047900 0.038600 0.046700 0.064000 0.070900 0.071700 0.046500 0.063700 0.046400 0.030900 0.062600 0.038600 0.064300 0.054900 0.097600 0.063000 0.071300 0.088100 0.063100 0.079500 0.030800 0.054800 0.038700 0.000000 0.055800 0.070800 0.070800
ForestMusk 0.055000 0.115000 0.055100 0.182100 0.055400 0.055000 0.039000 0.071500 0.055100 0.055200 0.047000 0.038800 0.031000 0.048100 0.072000 0.088500 0.038800 0.039600 0.071200 0.063200 0.071900 0.055200 0.030800 0.047800 0.047000 0.063300 0.031600 0.055100 0.080100 0.063200 0.047000 0.071400 0.055300 0.038800 0.039100 0.054900 0.047000 0.055200 0.071900 0.072000 0.023000 0.089000 0.063000 0.038800 0.071700 0.055000 0.088500 0.047000 0.055800 0.000000 0.079600 0.064300
Bushbuck 0.070800 0.151400 0.039600 0.182000 0.071300 0.070800 0.054600 0.087500 0.039900 0.088600 0.062700 0.054500 0.062600 0.062600 0.071500 0.087800 0.055000 0.071400 0.087200 0.046600 0.088100 0.071100 0.079500 0.080100 0.062700 0.096000 0.062600 0.023000 0.096300 0.030700 0.079900 0.070800 0.072000 0.070600 0.071100 0.054500 0.062700 0.054800 0.088000 0.106200 0.071200 0.105200 0.096600 0.071300 0.071200 0.087500 0.104900 0.046700 0.070800 0.079600 0.000000 0.031400
GreaterKud 0.038500 0.132900 0.007800 0.202000 0.040100 0.038500 0.038700 0.070800 0.023800 0.071800 0.046600 0.038600 0.046500 0.046500 0.088200 0.071000 0.055000 0.055000 0.054300 0.030700 0.054900 0.054700 0.062900 0.063400 0.046600 0.062700 0.046500 0.023600 0.062800 0.015200 0.063400 0.070800 0.063600 0.054400 0.054800 0.038600 0.046600 0.039500 0.054800 0.089000 0.054900 0.071300 0.079700 0.054900 0.054800 0.070800 0.071000 0.046600 0.070800 0.064300 0.031400 0.000000
