CODONML (in paml version 4.10.7, June 2023)  /home/rachel/ruminants_paml/6406-phy-tree/ENSBTAT00000000490.fasta.phy
Model: free dN/dS Ratios for branches,  kappa = 2.000 fixed

Codon frequency model: F3x4
ns =  54  ls = 111

Codon usage in sequences
--------------------------------------------------------------------------------------------------------------------------------------
Phe TTT  12  12  12  12  11  12 | Ser TCT   0   0   0   0   0   0 | Tyr TAT   1   1   1   1   1   1 | Cys TGT   0   0   0   0   0   0
    TTC  11  11  11  11  12  11 |     TCC   1   0   0   0   1   0 |     TAC   0   0   0   0   0   0 |     TGC   0   0   0   0   0   0
Leu TTA   4   3   4   4   4   4 |     TCA   0   1   1   1   1   1 | *** TAA   0   0   0   0   0   0 | *** TGA   0   0   0   0   0   0
    TTG   4   4   4   4   3   4 |     TCG   1   1   1   1   0   1 |     TAG   0   0   0   0   0   0 | Trp TGG   0   0   0   0   0   0
--------------------------------------------------------------------------------------------------------------------------------------
Leu CTT   1   1   1   2   0   1 | Pro CCT   3   2   3   3   3   3 | His CAT   1   1   1   1   1   1 | Arg CGT   0   0   0   0   0   0
    CTC   3   3   3   3   4   3 |     CCC   0   1   0   0   0   0 |     CAC   0   0   0   0   0   0 |     CGC   0   0   0   0   0   0
    CTA   2   2   2   2   1   1 |     CCA   1   1   1   1   1   1 | Gln CAA   1   1   1   1   1   1 |     CGA   0   0   0   0   0   0
    CTG   3   4   3   2   5   4 |     CCG   0   0   0   0   0   0 |     CAG   0   0   0   0   0   0 |     CGG   0   0   0   0   0   0
--------------------------------------------------------------------------------------------------------------------------------------
Ile ATT   7   5   7   7   6   9 | Thr ACT   0   0   0   0   0   0 | Asn AAT   1   0   1   1   2   2 | Ser AGT   0   0   0   0   0   0
    ATC   2   4   2   2   3   0 |     ACC   0   1   0   0   0   0 |     AAC   1   2   1   1   0   0 |     AGC   0   0   0   0   0   0
    ATA   1   1   1   1   1   1 |     ACA   3   1   3   2   1   3 | Lys AAA   3   3   3   3   3   3 | Arg AGA   5   5   5   5   5   5
Met ATG   3   3   3   3   3   3 |     ACG   0   1   0   1   2   0 |     AAG   0   0   0   0   0   0 |     AGG   0   0   0   0   0   0
--------------------------------------------------------------------------------------------------------------------------------------
Val GTT   2   1   1   2   1   2 | Ala GCT   4   4   4   4   3   4 | Asp GAT   0   0   0   0   0   0 | Gly GGT   3   4   3   3   2   3
    GTC   2   3   3   2   3   2 |     GCC   0   0   0   0   0   0 |     GAC   1   1   1   1   1   1 |     GGC   4   3   4   4   5   3
    GTA   1   2   1   1   3   3 |     GCA   1   1   1   1   1   1 | Glu GAA   2   2   2   2   2   2 |     GGA  10  10  10  10   7  11
    GTG   6   5   6   6   4   4 |     GCG   0   0   0   0   1   0 |     GAG   0   0   0   0   0   0 |     GGG   0   0   0   0   3   0
--------------------------------------------------------------------------------------------------------------------------------------

--------------------------------------------------------------------------------------------------------------------------------------
Phe TTT  12  12  12  12  12  12 | Ser TCT   0   0   0   0   0   0 | Tyr TAT   1   1   1   1   1   1 | Cys TGT   0   0   0   0   0   0
    TTC  11  11  11  11  11  11 |     TCC   0   1   0   0   0   0 |     TAC   0   0   0   0   0   0 |     TGC   0   0   0   0   0   0
Leu TTA   4   4   4   4   4   4 |     TCA   1   0   1   2   1   1 | *** TAA   0   0   0   0   0   0 | *** TGA   0   0   0   0   0   0
    TTG   4   4   5   4   4   4 |     TCG   1   1   1   0   1   1 |     TAG   0   0   0   0   0   0 | Trp TGG   0   0   0   0   0   0
--------------------------------------------------------------------------------------------------------------------------------------
Leu CTT   1   1   1   1   1   1 | Pro CCT   3   3   3   3   3   3 | His CAT   1   1   1   1   1   1 | Arg CGT   0   0   0   0   0   0
    CTC   3   3   3   3   3   3 |     CCC   0   0   0   0   0   0 |     CAC   0   0   0   0   0   0 |     CGC   0   0   0   0   0   0
    CTA   2   2   2   2   2   2 |     CCA   1   1   1   1   1   1 | Gln CAA   1   1   1   1   1   1 |     CGA   0   0   0   0   0   0
    CTG   3   3   2   3   3   3 |     CCG   0   0   0   0   0   0 |     CAG   0   0   0   0   0   0 |     CGG   0   0   0   0   0   0
--------------------------------------------------------------------------------------------------------------------------------------
Ile ATT   7   7   7   7   6   7 | Thr ACT   0   0   0   0   0   0 | Asn AAT   1   1   1   1   1   1 | Ser AGT   0   0   0   0   0   0
    ATC   2   2   2   3   3   2 |     ACC   0   0   0   0   0   0 |     AAC   1   1   1   1   1   1 |     AGC   0   0   0   0   0   0
    ATA   1   1   1   1   1   1 |     ACA   3   3   3   3   3   3 | Lys AAA   3   3   3   3   3   2 | Arg AGA   5   5   5   5   5   5
Met ATG   3   3   3   3   3   3 |     ACG   0   0   0   0   0   0 |     AAG   0   0   0   0   0   1 |     AGG   0   0   0   0   0   0
--------------------------------------------------------------------------------------------------------------------------------------
Val GTT   2   2   2   1   1   2 | Ala GCT   3   4   4   3   4   4 | Asp GAT   0   0   0   0   0   0 | Gly GGT   3   3   3   3   3   4
    GTC   2   2   2   3   3   2 |     GCC   1   0   0   1   0   0 |     GAC   1   1   1   1   1   1 |     GGC   4   4   4   4   4   3
    GTA   1   1   1   1   1   2 |     GCA   1   1   1   1   1   1 | Glu GAA   2   2   2   2   2   2 |     GGA  10  10  10  10  10  10
    GTG   6   6   6   5   6   5 |     GCG   0   0   0   0   0   0 |     GAG   0   0   0   0   0   0 |     GGG   0   0   0   0   0   0
--------------------------------------------------------------------------------------------------------------------------------------

--------------------------------------------------------------------------------------------------------------------------------------
Phe TTT  12  12  12  12  12  12 | Ser TCT   0   0   0   0   0   0 | Tyr TAT   1   1   1   1   1   1 | Cys TGT   0   0   0   0   0   0
    TTC  11  11  11  11  11  11 |     TCC   1   0   1   0   0   0 |     TAC   0   0   0   0   0   0 |     TGC   0   0   0   0   0   0
Leu TTA   4   4   4   4   4   4 |     TCA   0   1   0   1   1   2 | *** TAA   0   0   0   0   0   0 | *** TGA   0   0   0   0   0   0
    TTG   4   4   4   4   4   4 |     TCG   1   1   1   1   1   0 |     TAG   0   0   0   0   0   0 | Trp TGG   0   0   0   0   0   0
--------------------------------------------------------------------------------------------------------------------------------------
Leu CTT   1   1   1   1   1   1 | Pro CCT   3   3   3   3   3   3 | His CAT   1   1   1   1   1   1 | Arg CGT   0   0   0   0   0   0
    CTC   3   3   3   3   3   3 |     CCC   0   0   0   0   0   0 |     CAC   0   0   0   0   0   0 |     CGC   0   0   0   0   0   0
    CTA   2   2   2   2   1   2 |     CCA   1   1   1   1   1   1 | Gln CAA   1   1   1   1   1   1 |     CGA   0   0   0   0   0   0
    CTG   3   3   3   3   4   3 |     CCG   0   0   0   0   0   0 |     CAG   0   0   0   0   0   0 |     CGG   0   0   0   0   0   0
--------------------------------------------------------------------------------------------------------------------------------------
Ile ATT   7   7   7   7   7   7 | Thr ACT   0   0   0   0   0   0 | Asn AAT   1   1   1   1   1   1 | Ser AGT   0   0   0   0   0   0
    ATC   2   2   2   2   2   2 |     ACC   0   0   0   0   0   0 |     AAC   1   1   1   1   1   1 |     AGC   0   0   0   0   0   0
    ATA   1   1   1   1   1   1 |     ACA   3   3   3   3   3   3 | Lys AAA   3   3   3   3   3   3 | Arg AGA   5   5   5   4   5   5
Met ATG   3   3   3   3   3   3 |     ACG   0   0   0   0   0   0 |     AAG   0   0   0   0   0   0 |     AGG   0   0   0   1   0   0
--------------------------------------------------------------------------------------------------------------------------------------
Val GTT   2   2   1   2   2   2 | Ala GCT   4   4   4   4   3   3 | Asp GAT   0   0   0   0   0   0 | Gly GGT   3   3   3   3   3   3
    GTC   2   2   2   2   2   3 |     GCC   0   0   0   0   0   1 |     GAC   1   1   1   1   1   1 |     GGC   4   4   3   4   4   4
    GTA   1   1   1   1   2   1 |     GCA   0   1   1   1   1   1 | Glu GAA   2   2   2   2   2   2 |     GGA  10  10  10  10  10  10
    GTG   6   6   7   6   5   5 |     GCG   1   0   0   0   1   0 |     GAG   0   0   0   0   0   0 |     GGG   0   0   1   0   0   0
--------------------------------------------------------------------------------------------------------------------------------------

--------------------------------------------------------------------------------------------------------------------------------------
Phe TTT  12  12  12  12  12  12 | Ser TCT   0   0   0   0   0   0 | Tyr TAT   1   1   1   1   1   1 | Cys TGT   0   0   0   0   0   0
    TTC  11  11  11  11  11  11 |     TCC   0   0   1   0   0   1 |     TAC   0   0   0   0   0   0 |     TGC   0   0   0   1   0   0
Leu TTA   4   4   4   4   3   4 |     TCA   2   2   1   1   2   0 | *** TAA   0   0   0   0   0   0 | *** TGA   0   0   0   0   0   0
    TTG   4   4   4   4   5   4 |     TCG   0   0   0   1   0   1 |     TAG   0   0   0   0   0   0 | Trp TGG   0   0   0   0   0   0
--------------------------------------------------------------------------------------------------------------------------------------
Leu CTT   1   2   1   1   1   1 | Pro CCT   3   3   3   3   2   3 | His CAT   1   1   1   1   1   1 | Arg CGT   0   0   0   0   0   0
    CTC   3   2   3   3   3   3 |     CCC   0   0   0   0   1   0 |     CAC   0   0   0   0   0   0 |     CGC   0   0   0   0   0   0
    CTA   2   2   2   2   2   2 |     CCA   1   1   1   1   1   1 | Gln CAA   1   1   1   1   1   1 |     CGA   0   0   0   0   0   0
    CTG   3   3   3   3   3   3 |     CCG   0   0   0   0   0   0 |     CAG   0   0   0   0   0   0 |     CGG   0   0   0   0   0   0
--------------------------------------------------------------------------------------------------------------------------------------
Ile ATT   7   7   7   7   7   7 | Thr ACT   0   0   0   0   0   0 | Asn AAT   1   1   1   1   2   1 | Ser AGT   0   0   0   0   0   0
    ATC   3   3   2   2   2   2 |     ACC   0   0   0   0   0   0 |     AAC   1   1   1   1   0   1 |     AGC   0   0   0   0   0   0
    ATA   1   1   1   1   1   1 |     ACA   3   3   3   3   3   3 | Lys AAA   3   3   3   3   3   3 | Arg AGA   5   5   5   5   5   5
Met ATG   3   3   3   3   3   3 |     ACG   0   0   0   0   0   0 |     AAG   0   0   0   0   0   0 |     AGG   0   0   0   0   0   0
--------------------------------------------------------------------------------------------------------------------------------------
Val GTT   2   2   2   1   3   2 | Ala GCT   4   4   4   4   3   4 | Asp GAT   0   0   0   0   0   0 | Gly GGT   3   3   3   3   3   3
    GTC   1   1   2   3   3   2 |     GCC   0   0   0   0   1   0 |     GAC   1   1   1   1   1   1 |     GGC   4   4   4   3   4   4
    GTA   1   1   1   1   0   1 |     GCA   1   1   1   1   1   1 | Glu GAA   2   2   2   2   2   2 |     GGA  10  10  10  10  10  10
    GTG   6   6   6   6   5   6 |     GCG   0   0   0   0   0   0 |     GAG   0   0   0   0   0   0 |     GGG   0   0   0   0   0   0
--------------------------------------------------------------------------------------------------------------------------------------

--------------------------------------------------------------------------------------------------------------------------------------
Phe TTT  12  12  12  12  12  12 | Ser TCT   0   0   0   0   0   0 | Tyr TAT   1   1   1   1   1   1 | Cys TGT   0   0   0   0   0   0
    TTC  11  11  11  11  11  11 |     TCC   0   0   1   0   1   0 |     TAC   0   0   0   0   0   0 |     TGC   0   0   0   0   0   0
Leu TTA   4   4   4   4   4   4 |     TCA   1   1   0   2   0   1 | *** TAA   0   0   0   0   0   0 | *** TGA   0   0   0   0   0   0
    TTG   4   4   4   4   4   4 |     TCG   1   1   1   0   1   1 |     TAG   0   0   0   0   0   0 | Trp TGG   0   0   0   0   0   0
--------------------------------------------------------------------------------------------------------------------------------------
Leu CTT   1   1   1   1   1   1 | Pro CCT   3   3   3   3   3   3 | His CAT   1   1   1   1   1   1 | Arg CGT   0   0   0   0   0   0
    CTC   3   3   3   3   3   3 |     CCC   0   0   0   0   0   0 |     CAC   0   0   0   0   0   0 |     CGC   0   0   0   0   0   0
    CTA   2   2   2   2   2   2 |     CCA   1   1   1   1   1   1 | Gln CAA   1   1   1   1   1   1 |     CGA   0   0   0   0   0   0
    CTG   3   3   3   3   3   3 |     CCG   0   0   0   0   0   0 |     CAG   0   0   0   0   0   0 |     CGG   0   0   0   0   0   0
--------------------------------------------------------------------------------------------------------------------------------------
Ile ATT   7   7   7   7   7   7 | Thr ACT   0   0   0   0   0   0 | Asn AAT   1   1   1   1   1   1 | Ser AGT   0   0   0   0   0   0
    ATC   2   2   2   2   2   2 |     ACC   0   0   0   0   0   0 |     AAC   1   1   1   1   1   1 |     AGC   0   0   0   0   0   0
    ATA   1   1   1   1   1   1 |     ACA   3   3   3   3   3   3 | Lys AAA   3   3   3   3   3   3 | Arg AGA   5   5   5   5   5   5
Met ATG   3   3   3   3   3   3 |     ACG   0   0   0   0   0   0 |     AAG   0   0   0   0   0   0 |     AGG   0   0   0   0   0   0
--------------------------------------------------------------------------------------------------------------------------------------
Val GTT   3   2   2   2   1   1 | Ala GCT   3   4   4   3   4   4 | Asp GAT   0   0   0   0   0   0 | Gly GGT   3   3   3   3   3   3
    GTC   2   2   2   3   2   3 |     GCC   0   0   0   1   0   0 |     GAC   1   1   1   1   1   1 |     GGC   5   4   4   4   4   4
    GTA   1   1   1   0   1   1 |     GCA   1   1   1   1   1   1 | Glu GAA   2   2   2   2   2   2 |     GGA   9  10  10  10  10  10
    GTG   5   6   6   6   7   6 |     GCG   1   0   0   0   0   0 |     GAG   0   0   0   0   0   0 |     GGG   0   0   0   0   0   0
--------------------------------------------------------------------------------------------------------------------------------------

--------------------------------------------------------------------------------------------------------------------------------------
Phe TTT  12  12  12  12  12  12 | Ser TCT   0   0   0   0   0   0 | Tyr TAT   1   1   1   1   1   1 | Cys TGT   0   0   0   0   0   0
    TTC  11  11  11  11  11  11 |     TCC   0   0   0   0   0   1 |     TAC   0   0   0   0   0   0 |     TGC   0   0   0   0   0   0
Leu TTA   4   4   5   4   4   4 |     TCA   2   1   1   1   1   0 | *** TAA   0   0   0   0   0   0 | *** TGA   0   0   0   0   0   0
    TTG   4   4   3   4   4   4 |     TCG   0   1   1   1   1   1 |     TAG   0   0   0   0   0   0 | Trp TGG   0   0   0   0   0   0
--------------------------------------------------------------------------------------------------------------------------------------
Leu CTT   1   1   1   1   0   1 | Pro CCT   3   3   3   3   3   3 | His CAT   1   1   1   1   1   1 | Arg CGT   0   0   0   0   0   0
    CTC   2   3   3   3   3   3 |     CCC   0   0   0   0   0   0 |     CAC   0   0   0   0   0   0 |     CGC   0   0   0   0   0   0
    CTA   2   2   2   2   2   2 |     CCA   1   1   1   1   1   1 | Gln CAA   1   1   1   1   1   1 |     CGA   0   0   0   0   0   0
    CTG   4   3   3   3   4   3 |     CCG   0   0   0   0   0   0 |     CAG   0   0   0   0   0   0 |     CGG   0   0   0   0   0   0
--------------------------------------------------------------------------------------------------------------------------------------
Ile ATT   7   7   7   7   6   7 | Thr ACT   0   0   0   0   0   0 | Asn AAT   1   1   1   1   1   1 | Ser AGT   0   0   0   0   0   0
    ATC   2   2   2   2   3   2 |     ACC   0   0   0   0   0   0 |     AAC   1   1   1   1   1   1 |     AGC   0   0   0   0   0   0
    ATA   1   1   1   1   1   1 |     ACA   3   3   3   3   3   3 | Lys AAA   3   3   2   3   3   3 | Arg AGA   5   5   5   5   5   5
Met ATG   3   3   3   3   3   3 |     ACG   0   0   0   0   0   0 |     AAG   0   0   1   0   0   0 |     AGG   0   0   0   0   0   0
--------------------------------------------------------------------------------------------------------------------------------------
Val GTT   2   1   2   2   2   1 | Ala GCT   3   4   4   4   4   4 | Asp GAT   0   0   0   0   0   0 | Gly GGT   3   3   4   3   3   3
    GTC   4   3   1   2   2   2 |     GCC   1   0   0   0   0   0 |     GAC   1   1   1   1   1   1 |     GGC   4   4   3   4   4   4
    GTA   0   1   3   1   1   1 |     GCA   1   1   1   1   1   1 | Glu GAA   2   2   2   2   2   2 |     GGA  10  10  10  10  10  10
    GTG   5   6   5   6   6   7 |     GCG   0   0   0   0   0   0 |     GAG   0   0   0   0   0   0 |     GGG   0   0   0   0   0   0
--------------------------------------------------------------------------------------------------------------------------------------

--------------------------------------------------------------------------------------------------------------------------------------
Phe TTT  12  12  12  12  12  13 | Ser TCT   0   0   0   0   0   0 | Tyr TAT   1   1   1   1   1   1 | Cys TGT   0   0   0   0   0   0
    TTC  11  11  11  11  11  10 |     TCC   0   0   1   0   0   0 |     TAC   0   0   0   0   0   0 |     TGC   0   0   0   0   0   0
Leu TTA   4   5   4   4   4   4 |     TCA   1   1   0   1   2   1 | *** TAA   0   0   0   0   0   0 | *** TGA   0   0   0   0   0   0
    TTG   4   4   4   4   4   4 |     TCG   1   1   1   1   0   1 |     TAG   0   0   0   0   0   0 | Trp TGG   0   0   0   0   0   0
--------------------------------------------------------------------------------------------------------------------------------------
Leu CTT   1   1   1   1   1   1 | Pro CCT   3   3   3   3   3   3 | His CAT   1   1   1   1   1   1 | Arg CGT   0   0   0   0   0   0
    CTC   3   3   3   4   3   2 |     CCC   0   0   0   0   0   0 |     CAC   0   0   0   0   0   0 |     CGC   0   0   0   0   0   0
    CTA   2   1   2   2   2   2 |     CCA   1   1   1   1   1   1 | Gln CAA   1   1   1   1   1   1 |     CGA   0   1   0   0   0   0
    CTG   3   3   3   2   3   4 |     CCG   0   0   0   0   0   0 |     CAG   0   0   0   0   0   0 |     CGG   0   0   0   0   0   0
--------------------------------------------------------------------------------------------------------------------------------------
Ile ATT   7   7   7   7   7   7 | Thr ACT   0   0   0   0   0   0 | Asn AAT   1   1   1   1   1   1 | Ser AGT   0   0   0   0   0   0
    ATC   2   2   2   2   2   2 |     ACC   0   0   0   0   0   0 |     AAC   1   1   1   1   1   1 |     AGC   0   0   0   0   0   0
    ATA   1   1   1   1   1   1 |     ACA   3   3   3   3   3   3 | Lys AAA   3   2   3   3   3   3 | Arg AGA   5   4   5   5   5   5
Met ATG   3   3   3   3   3   3 |     ACG   0   0   0   0   0   0 |     AAG   0   1   0   0   0   0 |     AGG   0   0   0   0   0   0
--------------------------------------------------------------------------------------------------------------------------------------
Val GTT   2   2   2   2   1   2 | Ala GCT   4   4   4   3   3   4 | Asp GAT   0   0   0   0   0   0 | Gly GGT   3   3   3   3   3   4
    GTC   2   2   2   2   4   2 |     GCC   0   0   0   1   1   0 |     GAC   1   1   1   1   1   1 |     GGC   4   4   4   4   4   3
    GTA   1   1   1   1   0   1 |     GCA   1   1   1   1   1   1 | Glu GAA   2   2   2   2   2   2 |     GGA  10  10  10  10  10  10
    GTG   6   6   6   6   6   6 |     GCG   0   0   0   0   0   0 |     GAG   0   0   0   0   0   0 |     GGG   0   0   0   0   0   0
--------------------------------------------------------------------------------------------------------------------------------------

--------------------------------------------------------------------------------------------------------------------------------------
Phe TTT  12  12  12  12  12  12 | Ser TCT   0   0   0   0   0   0 | Tyr TAT   1   1   1   1   1   1 | Cys TGT   0   0   0   0   0   0
    TTC  11  11  11  11  11  11 |     TCC   0   0   0   0   0   0 |     TAC   0   0   0   0   0   0 |     TGC   0   0   0   0   0   0
Leu TTA   4   4   4   4   5   5 |     TCA   1   2   1   1   1   1 | *** TAA   0   0   0   0   0   0 | *** TGA   0   0   0   0   0   0
    TTG   4   4   4   4   4   3 |     TCG   1   0   1   1   1   1 |     TAG   0   0   0   0   0   0 | Trp TGG   0   0   0   0   0   0
--------------------------------------------------------------------------------------------------------------------------------------
Leu CTT   2   1   1   1   1   1 | Pro CCT   3   3   3   3   3   3 | His CAT   1   1   1   1   1   1 | Arg CGT   0   0   0   0   0   0
    CTC   2   3   3   3   3   3 |     CCC   0   0   0   0   0   0 |     CAC   0   0   0   0   0   0 |     CGC   0   0   0   0   0   0
    CTA   2   2   2   2   1   2 |     CCA   1   1   1   1   1   1 | Gln CAA   1   1   1   1   1   1 |     CGA   0   0   0   0   0   0
    CTG   3   3   3   3   3   3 |     CCG   0   0   0   0   0   0 |     CAG   0   0   0   0   0   0 |     CGG   0   0   0   0   0   0
--------------------------------------------------------------------------------------------------------------------------------------
Ile ATT   7   7   7   7   7   6 | Thr ACT   0   0   0   0   0   0 | Asn AAT   1   1   1   1   1   1 | Ser AGT   0   0   0   0   0   0
    ATC   2   2   2   2   2   2 |     ACC   0   0   0   0   0   0 |     AAC   1   1   1   1   1   1 |     AGC   0   0   0   0   0   0
    ATA   1   1   1   1   1   2 |     ACA   3   3   3   2   3   3 | Lys AAA   3   3   2   3   2   3 | Arg AGA   5   5   5   5   5   5
Met ATG   3   3   3   3   3   3 |     ACG   0   0   0   1   0   0 |     AAG   0   0   1   0   1   0 |     AGG   0   0   0   0   0   0
--------------------------------------------------------------------------------------------------------------------------------------
Val GTT   2   2   2   2   2   2 | Ala GCT   3   3   4   4   4   4 | Asp GAT   0   0   0   0   0   0 | Gly GGT   3   3   4   3   3   3
    GTC   2   3   2   2   2   2 |     GCC   0   1   0   0   0   0 |     GAC   1   1   1   1   1   1 |     GGC   5   4   3   4   4   4
    GTA   1   0   2   1   1   1 |     GCA   1   1   1   1   1   1 | Glu GAA   2   2   2   2   2   2 |     GGA   9  10  10  10  10  10
    GTG   6   6   5   6   6   6 |     GCG   1   0   0   0   0   0 |     GAG   0   0   0   0   0   0 |     GGG   0   0   0   0   0   0
--------------------------------------------------------------------------------------------------------------------------------------

--------------------------------------------------------------------------------------------------------------------------------------
Phe TTT  12  12  12  12  12  12 | Ser TCT   0   0   0   0   0   0 | Tyr TAT   1   1   1   1   1   1 | Cys TGT   0   0   0   0   0   0
    TTC  11  11  11  11  11  11 |     TCC   0   0   0   0   0   0 |     TAC   0   0   0   0   0   0 |     TGC   0   0   0   0   0   0
Leu TTA   4   4   4   4   5   4 |     TCA   2   1   1   1   1   1 | *** TAA   0   0   0   0   0   0 | *** TGA   0   0   0   0   0   0
    TTG   4   4   4   4   3   4 |     TCG   0   1   1   1   1   1 |     TAG   0   0   0   0   0   0 | Trp TGG   0   0   0   0   0   0
--------------------------------------------------------------------------------------------------------------------------------------
Leu CTT   1   1   1   1   1   1 | Pro CCT   3   3   3   3   3   3 | His CAT   1   1   1   1   1   1 | Arg CGT   0   0   0   0   0   0
    CTC   3   3   3   3   3   3 |     CCC   0   0   0   0   0   0 |     CAC   0   0   0   0   0   0 |     CGC   0   0   0   0   0   0
    CTA   2   1   2   2   2   2 |     CCA   1   1   1   1   1   1 | Gln CAA   1   1   1   1   0   1 |     CGA   0   0   0   0   0   0
    CTG   3   4   4   3   3   3 |     CCG   0   0   0   0   0   0 |     CAG   0   0   0   0   1   0 |     CGG   0   0   0   0   0   0
--------------------------------------------------------------------------------------------------------------------------------------
Ile ATT   7   7   7   7   7   7 | Thr ACT   0   0   0   0   0   0 | Asn AAT   1   1   1   1   1   1 | Ser AGT   0   0   0   0   0   0
    ATC   2   2   2   2   2   2 |     ACC   0   0   0   0   0   0 |     AAC   1   1   1   1   1   1 |     AGC   0   0   0   0   0   0
    ATA   1   1   1   1   1   1 |     ACA   3   3   3   2   3   3 | Lys AAA   3   3   3   3   3   3 | Arg AGA   5   5   5   5   5   5
Met ATG   3   3   3   3   3   3 |     ACG   0   0   0   1   0   0 |     AAG   0   0   0   0   0   0 |     AGG   0   0   0   0   0   0
--------------------------------------------------------------------------------------------------------------------------------------
Val GTT   2   2   2   2   1   1 | Ala GCT   3   4   4   4   4   4 | Asp GAT   0   0   0   0   0   0 | Gly GGT   3   3   3   3   3   3
    GTC   3   2   2   2   3   3 |     GCC   1   0   0   0   0   0 |     GAC   1   1   1   1   1   1 |     GGC   4   4   4   4   4   4
    GTA   0   1   1   1   1   1 |     GCA   1   1   1   1   1   1 | Glu GAA   2   2   2   2   2   2 |     GGA  10  10  10  10  10  10
    GTG   6   6   5   6   6   6 |     GCG   0   0   0   0   0   0 |     GAG   0   0   0   0   0   0 |     GGG   0   0   0   0   0   0
--------------------------------------------------------------------------------------------------------------------------------------

Codon position x base (3x4) table for each sequence.

#1: Argali         
position  1:    T:0.30631    C:0.13514    A:0.23423    G:0.32432
position  2:    T:0.57658    C:0.12613    A:0.09910    G:0.19820
position  3:    T:0.31532    C:0.22523    A:0.30631    G:0.15315
Average         T:0.39940    C:0.16216    A:0.21321    G:0.22523

#2: LesserMouseDeer
position  1:    T:0.29730    C:0.14414    A:0.23423    G:0.32432
position  2:    T:0.57658    C:0.12613    A:0.09910    G:0.19820
position  3:    T:0.27928    C:0.26126    A:0.29730    G:0.16216
Average         T:0.38438    C:0.17718    A:0.21021    G:0.22823

#3: LesserKudu     
position  1:    T:0.30631    C:0.13514    A:0.23423    G:0.32432
position  2:    T:0.57658    C:0.12613    A:0.09910    G:0.19820
position  3:    T:0.30631    C:0.22523    A:0.31532    G:0.15315
Average         T:0.39640    C:0.16216    A:0.21622    G:0.22523

#4: ForestMuskDeer2
position  1:    T:0.30631    C:0.13514    A:0.23423    G:0.32432
position  2:    T:0.57658    C:0.12613    A:0.09910    G:0.19820
position  3:    T:0.32432    C:0.21622    A:0.30631    G:0.15315
Average         T:0.40240    C:0.15916    A:0.21321    G:0.22523

#5: Camel          
position  1:    T:0.29730    C:0.14414    A:0.23423    G:0.32432
position  2:    T:0.57658    C:0.12613    A:0.09910    G:0.19820
position  3:    T:0.27027    C:0.26126    A:0.27928    G:0.18919
Average         T:0.38138    C:0.17718    A:0.20420    G:0.23724

#6: KillerWhale    
position  1:    T:0.30631    C:0.13514    A:0.23423    G:0.32432
position  2:    T:0.57658    C:0.12613    A:0.09910    G:0.19820
position  3:    T:0.34234    C:0.18018    A:0.33333    G:0.14414
Average         T:0.40841    C:0.14715    A:0.22222    G:0.22222

#7: DefassaWaterbuck
position  1:    T:0.30631    C:0.13514    A:0.23423    G:0.32432
position  2:    T:0.57658    C:0.12613    A:0.09910    G:0.19820
position  3:    T:0.30631    C:0.22523    A:0.31532    G:0.15315
Average         T:0.39640    C:0.16216    A:0.21622    G:0.22523

#8: Sheep          
position  1:    T:0.30631    C:0.13514    A:0.23423    G:0.32432
position  2:    T:0.57658    C:0.12613    A:0.09910    G:0.19820
position  3:    T:0.31532    C:0.22523    A:0.30631    G:0.15315
Average         T:0.39940    C:0.16216    A:0.21321    G:0.22523

#9: MaxwellsDuiker 
position  1:    T:0.31532    C:0.12613    A:0.23423    G:0.32432
position  2:    T:0.57658    C:0.12613    A:0.09910    G:0.19820
position  3:    T:0.31532    C:0.21622    A:0.31532    G:0.15315
Average         T:0.40240    C:0.15616    A:0.21622    G:0.22523

#10: GazellaPrzewalskyi
position  1:    T:0.30631    C:0.13514    A:0.24324    G:0.31532
position  2:    T:0.57658    C:0.12613    A:0.09910    G:0.19820
position  3:    T:0.29730    C:0.24324    A:0.32432    G:0.13514
Average         T:0.39339    C:0.16817    A:0.22222    G:0.21622

#11: MountainNyala  
position  1:    T:0.30631    C:0.13514    A:0.23423    G:0.32432
position  2:    T:0.57658    C:0.12613    A:0.09910    G:0.19820
position  3:    T:0.29730    C:0.23423    A:0.31532    G:0.15315
Average         T:0.39339    C:0.16517    A:0.21622    G:0.22523

#12: MuntiacusMuntjak
position  1:    T:0.30631    C:0.13514    A:0.23423    G:0.32432
position  2:    T:0.57658    C:0.12613    A:0.09910    G:0.19820
position  3:    T:0.32432    C:0.20721    A:0.31532    G:0.15315
Average         T:0.40240    C:0.15616    A:0.21622    G:0.22523

#13: goat           
position  1:    T:0.30631    C:0.13514    A:0.23423    G:0.32432
position  2:    T:0.57658    C:0.12613    A:0.09910    G:0.19820
position  3:    T:0.31532    C:0.22523    A:0.29730    G:0.16216
Average         T:0.39940    C:0.16216    A:0.21021    G:0.22823

#14: AfricanBuffalo 
position  1:    T:0.30631    C:0.13514    A:0.23423    G:0.32432
position  2:    T:0.57658    C:0.12613    A:0.09910    G:0.19820
position  3:    T:0.31532    C:0.21622    A:0.31532    G:0.15315
Average         T:0.39940    C:0.15916    A:0.21622    G:0.22523

#15: Topi           
position  1:    T:0.30631    C:0.13514    A:0.23423    G:0.32432
position  2:    T:0.57658    C:0.12613    A:0.09910    G:0.19820
position  3:    T:0.30631    C:0.21622    A:0.30631    G:0.17117
Average         T:0.39640    C:0.15916    A:0.21321    G:0.23123

#16: CommonDuiker   
position  1:    T:0.30631    C:0.13514    A:0.23423    G:0.32432
position  2:    T:0.57658    C:0.12613    A:0.09910    G:0.19820
position  3:    T:0.31532    C:0.21622    A:0.30631    G:0.16216
Average         T:0.39940    C:0.15916    A:0.21321    G:0.22823

#17: Suni           
position  1:    T:0.30631    C:0.13514    A:0.23423    G:0.32432
position  2:    T:0.57658    C:0.12613    A:0.09910    G:0.19820
position  3:    T:0.30631    C:0.21622    A:0.31532    G:0.16216
Average         T:0.39640    C:0.15916    A:0.21622    G:0.22823

#18: Springbuck     
position  1:    T:0.30631    C:0.13514    A:0.23423    G:0.32432
position  2:    T:0.57658    C:0.12613    A:0.09910    G:0.19820
position  3:    T:0.30631    C:0.23423    A:0.32432    G:0.13514
Average         T:0.39640    C:0.16517    A:0.21922    G:0.21922

#19: Okapi          
position  1:    T:0.30631    C:0.13514    A:0.24324    G:0.31532
position  2:    T:0.57658    C:0.12613    A:0.09910    G:0.19820
position  3:    T:0.31532    C:0.21622    A:0.32432    G:0.14414
Average         T:0.39940    C:0.15916    A:0.22222    G:0.21922

#20: Giraffe        
position  1:    T:0.30631    C:0.13514    A:0.24324    G:0.31532
position  2:    T:0.57658    C:0.12613    A:0.09910    G:0.19820
position  3:    T:0.32432    C:0.20721    A:0.32432    G:0.14414
Average         T:0.40240    C:0.15616    A:0.22222    G:0.21922

#21: TibetanAntelope
position  1:    T:0.30631    C:0.13514    A:0.23423    G:0.32432
position  2:    T:0.57658    C:0.12613    A:0.09910    G:0.19820
position  3:    T:0.31532    C:0.22523    A:0.31532    G:0.14414
Average         T:0.39940    C:0.16216    A:0.21622    G:0.22222

#22: Sitatunga      
position  1:    T:0.31532    C:0.13514    A:0.23423    G:0.31532
position  2:    T:0.57658    C:0.12613    A:0.09910    G:0.19820
position  3:    T:0.30631    C:0.22523    A:0.31532    G:0.15315
Average         T:0.39940    C:0.16216    A:0.21622    G:0.22222

#23: Oribi          
position  1:    T:0.30631    C:0.13514    A:0.23423    G:0.32432
position  2:    T:0.57658    C:0.12613    A:0.09910    G:0.19820
position  3:    T:0.31532    C:0.23423    A:0.30631    G:0.14414
Average         T:0.39940    C:0.16517    A:0.21321    G:0.22222

#24: BarbarySheep   
position  1:    T:0.30631    C:0.13514    A:0.23423    G:0.32432
position  2:    T:0.57658    C:0.12613    A:0.09910    G:0.19820
position  3:    T:0.31532    C:0.22523    A:0.30631    G:0.15315
Average         T:0.39940    C:0.16216    A:0.21321    G:0.22523

#25: Daviddeer      
position  1:    T:0.30631    C:0.13514    A:0.23423    G:0.32432
position  2:    T:0.57658    C:0.12613    A:0.09910    G:0.19820
position  3:    T:0.31532    C:0.22523    A:0.30631    G:0.15315
Average         T:0.39940    C:0.16216    A:0.21321    G:0.22523

#26: Reindeer       
position  1:    T:0.30631    C:0.13514    A:0.23423    G:0.32432
position  2:    T:0.57658    C:0.12613    A:0.09910    G:0.19820
position  3:    T:0.31532    C:0.21622    A:0.31532    G:0.15315
Average         T:0.39940    C:0.15916    A:0.21622    G:0.22523

#27: Ibex           
position  1:    T:0.30631    C:0.13514    A:0.23423    G:0.32432
position  2:    T:0.57658    C:0.12613    A:0.09910    G:0.19820
position  3:    T:0.31532    C:0.22523    A:0.30631    G:0.15315
Average         T:0.39940    C:0.16216    A:0.21321    G:0.22523

#28: GyrantGazelle  
position  1:    T:0.30631    C:0.13514    A:0.23423    G:0.32432
position  2:    T:0.57658    C:0.12613    A:0.09910    G:0.19820
position  3:    T:0.30631    C:0.23423    A:0.31532    G:0.14414
Average         T:0.39640    C:0.16517    A:0.21622    G:0.22222

#29: Hartebeest     
position  1:    T:0.30631    C:0.13514    A:0.23423    G:0.32432
position  2:    T:0.57658    C:0.12613    A:0.09910    G:0.19820
position  3:    T:0.30631    C:0.22523    A:0.30631    G:0.16216
Average         T:0.39640    C:0.16216    A:0.21321    G:0.22823

#30: Bongo          
position  1:    T:0.30631    C:0.13514    A:0.23423    G:0.32432
position  2:    T:0.57658    C:0.12613    A:0.09910    G:0.19820
position  3:    T:0.30631    C:0.22523    A:0.31532    G:0.15315
Average         T:0.39640    C:0.16216    A:0.21622    G:0.22523

#31: Gerenuk        
position  1:    T:0.30631    C:0.13514    A:0.23423    G:0.32432
position  2:    T:0.57658    C:0.12613    A:0.09910    G:0.19820
position  3:    T:0.30631    C:0.23423    A:0.31532    G:0.14414
Average         T:0.39640    C:0.16517    A:0.21622    G:0.22222

#32: CommonEland    
position  1:    T:0.30631    C:0.13514    A:0.23423    G:0.32432
position  2:    T:0.57658    C:0.12613    A:0.09910    G:0.19820
position  3:    T:0.30631    C:0.22523    A:0.31532    G:0.15315
Average         T:0.39640    C:0.16216    A:0.21622    G:0.22523

#33: MuntiacusReevesi
position  1:    T:0.30631    C:0.13514    A:0.23423    G:0.32432
position  2:    T:0.57658    C:0.12613    A:0.09910    G:0.19820
position  3:    T:0.32432    C:0.19820    A:0.33333    G:0.14414
Average         T:0.40240    C:0.15315    A:0.22222    G:0.22222

#34: HarveysDuiker  
position  1:    T:0.30631    C:0.13514    A:0.23423    G:0.32432
position  2:    T:0.57658    C:0.12613    A:0.09910    G:0.19820
position  3:    T:0.31532    C:0.21622    A:0.31532    G:0.15315
Average         T:0.39940    C:0.15916    A:0.21622    G:0.22523

#35: Pronghorn      
position  1:    T:0.30631    C:0.13514    A:0.23423    G:0.32432
position  2:    T:0.57658    C:0.12613    A:0.09910    G:0.19820
position  3:    T:0.29730    C:0.22523    A:0.31532    G:0.16216
Average         T:0.39339    C:0.16216    A:0.21622    G:0.22823

#36: BlueWildebeest 
position  1:    T:0.30631    C:0.13514    A:0.23423    G:0.32432
position  2:    T:0.57658    C:0.12613    A:0.09910    G:0.19820
position  3:    T:0.30631    C:0.22523    A:0.30631    G:0.16216
Average         T:0.39640    C:0.16216    A:0.21321    G:0.22823

#37: Gemsbok        
position  1:    T:0.30631    C:0.13514    A:0.23423    G:0.32432
position  2:    T:0.57658    C:0.12613    A:0.09910    G:0.19820
position  3:    T:0.31532    C:0.21622    A:0.31532    G:0.15315
Average         T:0.39940    C:0.15916    A:0.21622    G:0.22523

#38: Yak            
position  1:    T:0.31532    C:0.13514    A:0.22523    G:0.32432
position  2:    T:0.57658    C:0.12613    A:0.09910    G:0.19820
position  3:    T:0.31532    C:0.21622    A:0.30631    G:0.16216
Average         T:0.40240    C:0.15916    A:0.21021    G:0.22823

#39: BlueSheep      
position  1:    T:0.30631    C:0.13514    A:0.23423    G:0.32432
position  2:    T:0.57658    C:0.12613    A:0.09910    G:0.19820
position  3:    T:0.31532    C:0.22523    A:0.30631    G:0.15315
Average         T:0.39940    C:0.16216    A:0.21321    G:0.22523

#40: BohorReedbuck  
position  1:    T:0.30631    C:0.13514    A:0.23423    G:0.32432
position  2:    T:0.57658    C:0.12613    A:0.09910    G:0.19820
position  3:    T:0.30631    C:0.23423    A:0.31532    G:0.14414
Average         T:0.39640    C:0.16517    A:0.21622    G:0.22222

#41: KirksDik       
position  1:    T:0.30631    C:0.13514    A:0.23423    G:0.32432
position  2:    T:0.57658    C:0.12613    A:0.09910    G:0.19820
position  3:    T:0.29730    C:0.24324    A:0.31532    G:0.14414
Average         T:0.39339    C:0.16817    A:0.21622    G:0.22222

#42: RoeDeer        
position  1:    T:0.30631    C:0.13514    A:0.23423    G:0.32432
position  2:    T:0.57658    C:0.12613    A:0.09910    G:0.19820
position  3:    T:0.33333    C:0.18919    A:0.31532    G:0.16216
Average         T:0.40541    C:0.15015    A:0.21622    G:0.22823

#43: WhiteLippedDeer
position  1:    T:0.30631    C:0.13514    A:0.23423    G:0.32432
position  2:    T:0.57658    C:0.12613    A:0.09910    G:0.19820
position  3:    T:0.31532    C:0.21622    A:0.30631    G:0.16216
Average         T:0.39940    C:0.15916    A:0.21321    G:0.22823

#44: ThomsonGazelle 
position  1:    T:0.30631    C:0.13514    A:0.23423    G:0.32432
position  2:    T:0.57658    C:0.12613    A:0.09910    G:0.19820
position  3:    T:0.30631    C:0.23423    A:0.31532    G:0.14414
Average         T:0.39640    C:0.16517    A:0.21622    G:0.22222

#45: MuntiacusCrinifrons
position  1:    T:0.30631    C:0.13514    A:0.23423    G:0.32432
position  2:    T:0.57658    C:0.12613    A:0.09910    G:0.19820
position  3:    T:0.32432    C:0.20721    A:0.31532    G:0.15315
Average         T:0.40240    C:0.15616    A:0.21622    G:0.22523

#46: WhiteTailedDeer
position  1:    T:0.30631    C:0.13514    A:0.23423    G:0.32432
position  2:    T:0.57658    C:0.12613    A:0.09910    G:0.19820
position  3:    T:0.31532    C:0.21622    A:0.30631    G:0.16216
Average         T:0.39940    C:0.15916    A:0.21321    G:0.22823

#47: Cattle         
position  1:    T:0.31532    C:0.12613    A:0.23423    G:0.32432
position  2:    T:0.57658    C:0.12613    A:0.09910    G:0.19820
position  3:    T:0.31532    C:0.21622    A:0.30631    G:0.16216
Average         T:0.40240    C:0.15616    A:0.21321    G:0.22823

#48: RoyalAntelope  
position  1:    T:0.30631    C:0.13514    A:0.23423    G:0.32432
position  2:    T:0.57658    C:0.12613    A:0.09910    G:0.19820
position  3:    T:0.30631    C:0.21622    A:0.33333    G:0.14414
Average         T:0.39640    C:0.15916    A:0.22222    G:0.22222

#49: Steenbok       
position  1:    T:0.30631    C:0.13514    A:0.23423    G:0.32432
position  2:    T:0.57658    C:0.12613    A:0.09910    G:0.19820
position  3:    T:0.30631    C:0.23423    A:0.31532    G:0.14414
Average         T:0.39640    C:0.16517    A:0.21622    G:0.22222

#50: Impala         
position  1:    T:0.30631    C:0.13514    A:0.23423    G:0.32432
position  2:    T:0.57658    C:0.12613    A:0.09910    G:0.19820
position  3:    T:0.31532    C:0.21622    A:0.30631    G:0.16216
Average         T:0.39940    C:0.15916    A:0.21321    G:0.22823

#51: Klipspringer   
position  1:    T:0.30631    C:0.14414    A:0.23423    G:0.31532
position  2:    T:0.57658    C:0.12613    A:0.09910    G:0.19820
