1
52 1
Argali 0.000000 0.267200 0.058900 0.310500 0.074400 0.000000 0.074300 0.058900 0.074200 0.108600 0.013500 0.058900 0.105400 0.089100 0.073700 0.073600 0.106400 0.106400 0.014100 0.074200 0.073900 0.014100 0.091300 0.142400 0.014100 0.074500 0.072800 0.058900 0.058900 0.074200 0.146000 0.089100 0.140400 0.072700 0.042800 0.091000 0.014100 0.074400 0.090300 0.091300 0.091300 0.058900 0.108600 0.139600 0.091000 0.107400 0.074900 0.073700 0.090900 0.108200 0.058900 0.075000
LesserMous 0.267200 0.000000 0.190200 0.188500 0.208300 0.267200 0.208200 0.190200 0.207800 0.173200 0.247000 0.190200 0.250300 0.224400 0.206300 0.205900 0.169500 0.169500 0.246800 0.207800 0.207100 0.247000 0.154300 0.208900 0.246800 0.208700 0.265500 0.190200 0.190200 0.207800 0.193800 0.224400 0.206000 0.265300 0.245300 0.192600 0.247000 0.208300 0.227500 0.154300 0.154300 0.190200 0.173200 0.204800 0.192600 0.249300 0.210000 0.206300 0.209400 0.209000 0.190200 0.210200
LesserKudu 0.058900 0.190200 0.000000 0.229900 0.014100 0.058900 0.013800 0.000000 0.013800 0.044700 0.043700 0.000000 0.075300 0.027000 0.013700 0.014100 0.043700 0.043700 0.043700 0.014200 0.014200 0.043700 0.029200 0.075800 0.043700 0.014300 0.073800 0.000000 0.000000 0.013800 0.077600 0.028500 0.074700 0.073700 0.043400 0.028100 0.043700 0.014300 0.028800 0.029200 0.029200 0.000000 0.044700 0.074200 0.029100 0.044200 0.013900 0.014100 0.029100 0.044700 0.000000 0.014400
KillerWhal 0.310500 0.188500 0.229900 0.000000 0.249100 0.310500 0.248900 0.229900 0.248500 0.211900 0.288900 0.229900 0.315300 0.265600 0.246400 0.246300 0.207200 0.207200 0.288500 0.248500 0.247500 0.288900 0.191400 0.212300 0.288500 0.249700 0.330500 0.229900 0.229900 0.248500 0.256500 0.265600 0.245800 0.330000 0.286700 0.233200 0.288900 0.249100 0.269400 0.191400 0.191400 0.229900 0.211900 0.244300 0.233200 0.293500 0.251300 0.246400 0.250400 0.174700 0.229900 0.251600
DefassaWat 0.074400 0.208300 0.014100 0.249100 0.000000 0.074400 0.028800 0.014300 0.028700 0.060100 0.058800 0.014300 0.091300 0.043100 0.028500 0.028500 0.058800 0.058800 0.058700 0.028700 0.027600 0.058800 0.044200 0.091800 0.058700 0.028800 0.089400 0.013800 0.014300 0.028700 0.094000 0.043200 0.090500 0.089300 0.058300 0.041500 0.058800 0.000000 0.043600 0.044200 0.044200 0.014300 0.060100 0.089900 0.044000 0.059400 0.029000 0.028500 0.044000 0.060200 0.013800 0.029000
Sheep 0.000000 0.267200 0.058900 0.310500 0.074400 0.000000 0.074300 0.058900 0.074200 0.108600 0.014100 0.058900 0.105400 0.089100 0.073700 0.073600 0.106400 0.106400 0.014100 0.074200 0.073900 0.014100 0.091300 0.142400 0.014100 0.074500 0.072800 0.058900 0.058900 0.074200 0.146000 0.089100 0.140400 0.072700 0.042800 0.091000 0.013700 0.074400 0.090300 0.091300 0.091300 0.058900 0.108600 0.139600 0.091000 0.107400 0.074900 0.073700 0.090900 0.108200 0.058900 0.075000
MaxwellsDu 0.074300 0.208200 0.013800 0.248900 0.028800 0.074300 0.000000 0.013800 0.028700 0.060100 0.058800 0.014300 0.091100 0.013700 0.028500 0.027200 0.058700 0.058700 0.058700 0.027200 0.028600 0.058800 0.044200 0.091800 0.058700 0.027100 0.089300 0.013800 0.014300 0.028700 0.093900 0.014100 0.090500 0.089200 0.058300 0.044000 0.058800 0.028800 0.043600 0.044200 0.044200 0.014300 0.055400 0.089900 0.044000 0.059500 0.029000 0.028500 0.044000 0.060100 0.014300 0.029000
GazellaPrz 0.058900 0.190200 0.000000 0.229900 0.014300 0.058900 0.013800 0.000000 0.014200 0.044700 0.043700 0.000000 0.075300 0.028500 0.014100 0.014100 0.043700 0.043700 0.043700 0.014200 0.014200 0.043700 0.027700 0.075800 0.043700 0.014300 0.073800 0.000000 0.000000 0.014200 0.077600 0.027300 0.074700 0.073700 0.043400 0.029100 0.043700 0.013800 0.028800 0.029200 0.029200 0.000000 0.044700 0.074200 0.029100 0.044200 0.014400 0.014100 0.029100 0.044700 0.000000 0.013900
MountainNy 0.074200 0.207800 0.013800 0.248500 0.028700 0.074200 0.028700 0.014200 0.000000 0.060000 0.058700 0.014200 0.091000 0.043000 0.028400 0.028400 0.058600 0.058600 0.058600 0.000000 0.028500 0.058700 0.044100 0.091500 0.058600 0.028700 0.089200 0.014200 0.013700 0.000000 0.093700 0.043000 0.090300 0.089100 0.058200 0.043900 0.058700 0.028700 0.043500 0.044100 0.044100 0.014200 0.060000 0.089600 0.043900 0.059300 0.028900 0.028400 0.043900 0.060000 0.014200 0.029000
MuntiacusM 0.108600 0.173200 0.044700 0.211900 0.060100 0.108600 0.060100 0.044700 0.060000 0.000000 0.092100 0.044700 0.109900 0.075000 0.059500 0.059400 0.029100 0.028500 0.091900 0.060000 0.059700 0.092100 0.014100 0.060600 0.091900 0.060200 0.124500 0.044700 0.044700 0.060000 0.030400 0.075000 0.059700 0.124400 0.091400 0.076800 0.092100 0.060100 0.076100 0.014600 0.014600 0.044700 0.000000 0.059200 0.076800 0.093400 0.060700 0.059500 0.060500 0.060600 0.044700 0.060800
goat 0.013500 0.247000 0.043700 0.288900 0.058800 0.014100 0.058800 0.043700 0.058700 0.092100 0.000000 0.043700 0.089300 0.073500 0.058300 0.058200 0.090200 0.090200 0.000000 0.058700 0.058500 0.000000 0.075200 0.125100 0.000000 0.058900 0.057600 0.043700 0.043700 0.058700 0.128200 0.073500 0.123400 0.057500 0.028200 0.075000 0.000000 0.058800 0.074400 0.075200 0.075200 0.043700 0.092100 0.122700 0.075000 0.091100 0.059300 0.058300 0.074900 0.091700 0.043700 0.059300
AfricanBuf 0.058900 0.190200 0.000000 0.229900 0.014300 0.058900 0.014300 0.000000 0.014200 0.044700 0.043700 0.000000 0.075300 0.028500 0.013700 0.013700 0.043700 0.043700 0.043700 0.014200 0.014200 0.043700 0.029200 0.075800 0.043700 0.014300 0.073800 0.000000 0.000000 0.013700 0.077600 0.028500 0.074700 0.073700 0.043400 0.029100 0.043700 0.013800 0.028800 0.027900 0.029200 0.000000 0.044700 0.074200 0.029100 0.044200 0.013900 0.013800 0.027400 0.044700 0.000000 0.014400
Topi 0.105400 0.250300 0.075300 0.315300 0.091300 0.105400 0.091100 0.075300 0.091000 0.109900 0.089300 0.075300 0.000000 0.106300 0.090300 0.090200 0.107400 0.107400 0.089300 0.091000 0.090600 0.089300 0.092200 0.144000 0.089300 0.091400 0.028200 0.075300 0.075300 0.091000 0.129800 0.106300 0.141900 0.042700 0.088300 0.108700 0.089300 0.091300 0.107800 0.092200 0.092200 0.075300 0.109900 0.141000 0.108700 0.125900 0.092100 0.090300 0.075900 0.109500 0.075300 0.092100
CommonDuik 0.089100 0.224400 0.027000 0.265600 0.043100 0.089100 0.013700 0.028500 0.043000 0.075000 0.073500 0.028500 0.106300 0.000000 0.042700 0.042700 0.073400 0.073400 0.073400 0.043000 0.042800 0.073500 0.058800 0.106900 0.073400 0.043100 0.104200 0.028500 0.028500 0.043000 0.109400 0.000000 0.105500 0.104200 0.072900 0.058600 0.073500 0.043100 0.058100 0.058800 0.058800 0.028500 0.075000 0.104800 0.058600 0.074300 0.041000 0.042700 0.058600 0.075000 0.027500 0.043500
Suni 0.073700 0.206300 0.013700 0.246400 0.028500 0.073700 0.028500 0.014100 0.028400 0.059500 0.058300 0.013700 0.090300 0.042700 0.000000 0.027000 0.058200 0.058200 0.058200 0.027200 0.028300 0.058300 0.041100 0.090800 0.058200 0.028500 0.088600 0.013700 0.014100 0.028400 0.093000 0.042700 0.089600 0.088500 0.057800 0.043600 0.058300 0.028500 0.043200 0.043700 0.043700 0.014100 0.059500 0.089000 0.043600 0.058900 0.028700 0.000000 0.043600 0.059500 0.014100 0.028800
Springbuck 0.073600 0.205900 0.014100 0.246300 0.028500 0.073600 0.027200 0.014100 0.028400 0.059400 0.058200 0.013700 0.090200 0.042700 0.027000 0.000000 0.028600 0.028600 0.058200 0.028400 0.028300 0.058200 0.043700 0.090700 0.058200 0.028500 0.088500 0.013700 0.013700 0.027700 0.092800 0.040300 0.089500 0.088400 0.057800 0.043500 0.058200 0.028500 0.043200 0.043700 0.043700 0.014100 0.059400 0.088900 0.043500 0.058800 0.027700 0.028200 0.043500 0.059500 0.014100 0.027200
Okapi 0.106400 0.169500 0.043700 0.207200 0.058800 0.106400 0.058700 0.043700 0.058600 0.029100 0.090200 0.043700 0.107400 0.073400 0.058200 0.028600 0.000000 0.000000 0.090000 0.058600 0.058400 0.090200 0.013800 0.059100 0.090000 0.058800 0.121900 0.041000 0.043700 0.058600 0.060400 0.073400 0.058300 0.121800 0.089500 0.074900 0.090200 0.058800 0.074300 0.014300 0.014300 0.043700 0.029100 0.057900 0.074900 0.091100 0.059300 0.058200 0.059100 0.059100 0.043700 0.059300
Giraffe 0.106400 0.169500 0.043700 0.207200 0.058800 0.106400 0.058700 0.043700 0.058600 0.028500 0.090200 0.043700 0.107400 0.073400 0.058200 0.028600 0.000000 0.000000 0.090000 0.058600 0.058400 0.090200 0.014300 0.059100 0.090000 0.058800 0.121900 0.043700 0.043700 0.058600 0.060400 0.073400 0.058300 0.121800 0.089500 0.074900 0.090200 0.058800 0.074300 0.014300 0.014300 0.043700 0.029100 0.057800 0.074900 0.091100 0.059300 0.053800 0.059100 0.059100 0.043700 0.059300
TibetanAnt 0.014100 0.246800 0.043700 0.288500 0.058700 0.014100 0.058700 0.043700 0.058600 0.091900 0.000000 0.043700 0.089300 0.073400 0.058200 0.058200 0.090000 0.090000 0.000000 0.058600 0.058400 0.000000 0.075100 0.124900 0.000000 0.058800 0.057500 0.043700 0.043700 0.058600 0.127900 0.073400 0.123200 0.057500 0.028200 0.074800 0.000000 0.058700 0.074300 0.075100 0.075100 0.043700 0.091900 0.122500 0.074800 0.090900 0.059200 0.058200 0.074800 0.091600 0.043700 0.059200
Sitatunga 0.074200 0.207800 0.014200 0.248500 0.028700 0.074200 0.027200 0.014200 0.000000 0.060000 0.058700 0.014200 0.091000 0.043000 0.027200 0.028400 0.058600 0.058600 0.058600 0.000000 0.028500 0.058700 0.044100 0.091500 0.058600 0.028700 0.089200 0.014200 0.013900 0.000000 0.093700 0.043000 0.090300 0.089100 0.058200 0.043900 0.058700 0.028700 0.043500 0.044100 0.044100 0.014200 0.060000 0.089600 0.043900 0.059300 0.028900 0.028400 0.043900 0.060000 0.014200 0.029000
Oribi 0.073900 0.207100 0.014200 0.247500 0.027600 0.073900 0.028600 0.014200 0.028500 0.059700 0.058500 0.014200 0.090600 0.042800 0.028300 0.028300 0.058400 0.058400 0.058400 0.028500 0.000000 0.058500 0.043900 0.091100 0.058400 0.028600 0.088800 0.014200 0.014200 0.028500 0.093300 0.042800 0.089900 0.088800 0.058000 0.043700 0.058500 0.028600 0.043300 0.043900 0.043900 0.014200 0.059700 0.089300 0.043700 0.059000 0.028800 0.028300 0.043700 0.059700 0.014200 0.028800
BarbaryShe 0.014100 0.247000 0.043700 0.288900 0.058800 0.014100 0.058800 0.043700 0.058700 0.092100 0.000000 0.043700 0.089300 0.073500 0.058300 0.058200 0.090200 0.090200 0.000000 0.058700 0.058500 0.000000 0.075200 0.125100 0.000000 0.058900 0.057600 0.043700 0.043700 0.058700 0.128200 0.073500 0.123400 0.057500 0.028200 0.075000 0.000000 0.058800 0.074400 0.075200 0.075200 0.043700 0.092100 0.122700 0.075000 0.091100 0.059300 0.058300 0.074900 0.091700 0.043700 0.059300
Daviddeer 0.091300 0.154300 0.029200 0.191400 0.044200 0.091300 0.044200 0.027700 0.044100 0.014100 0.075200 0.029200 0.092200 0.058800 0.041100 0.043700 0.013800 0.014300 0.075100 0.044100 0.043900 0.075200 0.000000 0.044400 0.075100 0.044200 0.106800 0.029200 0.029200 0.044100 0.045500 0.058800 0.043900 0.106700 0.074600 0.060100 0.075200 0.044200 0.059600 0.000000 0.000000 0.029200 0.014100 0.043500 0.060100 0.076100 0.044600 0.043700 0.041300 0.044500 0.029200 0.044600
Reindeer 0.142400 0.208900 0.075800 0.212300 0.091800 0.142400 0.091800 0.075800 0.091500 0.060600 0.125100 0.075800 0.144000 0.106900 0.090800 0.090700 0.059100 0.059100 0.124900 0.091500 0.091100 0.125100 0.044400 0.000000 0.124900 0.091900 0.158700 0.075800 0.075800 0.091500 0.078000 0.106900 0.091100 0.158600 0.124100 0.109400 0.125100 0.091800 0.108400 0.044400 0.044400 0.075800 0.060600 0.027900 0.109400 0.126800 0.092700 0.090800 0.060500 0.060600 0.075800 0.092700
Ibex 0.014100 0.246800 0.043700 0.288500 0.058700 0.014100 0.058700 0.043700 0.058600 0.091900 0.000000 0.043700 0.089300 0.073400 0.058200 0.058200 0.090000 0.090000 0.000000 0.058600 0.058400 0.000000 0.075100 0.124900 0.000000 0.058800 0.057500 0.043700 0.043700 0.058600 0.127900 0.073400 0.123200 0.057500 0.028200 0.074800 0.000000 0.058700 0.074300 0.075100 0.075100 0.043700 0.091900 0.122500 0.074800 0.090900 0.059200 0.058200 0.074800 0.091600 0.043700 0.059200
GyrantGaze 0.074500 0.208700 0.014300 0.249700 0.028800 0.074500 0.027100 0.014300 0.028700 0.060200 0.058900 0.014300 0.091400 0.043100 0.028500 0.028500 0.058800 0.058800 0.058800 0.028700 0.028600 0.058900 0.044200 0.091900 0.058800 0.000000 0.089500 0.013800 0.013800 0.028700 0.094200 0.040400 0.090600 0.089400 0.058400 0.044100 0.058900 0.028800 0.043700 0.044200 0.044200 0.014300 0.060200 0.090000 0.044100 0.059500 0.029100 0.028500 0.044000 0.060300 0.014300 0.029100
Hartebeest 0.072800 0.265500 0.073800 0.330500 0.089400 0.072800 0.089300 0.073800 0.089200 0.124500 0.057600 0.073800 0.028200 0.104200 0.088600 0.088500 0.121900 0.121900 0.057500 0.089200 0.088800 0.057600 0.106800 0.158700 0.057500 0.089500 0.000000 0.073800 0.073800 0.089200 0.144700 0.104200 0.156500 0.013800 0.056900 0.106400 0.057600 0.089400 0.105500 0.106800 0.106800 0.073800 0.124500 0.155700 0.106400 0.123000 0.090000 0.088600 0.106200 0.124100 0.073800 0.090100
Bongo 0.058900 0.190200 0.000000 0.229900 0.013800 0.058900 0.013800 0.000000 0.014200 0.044700 0.043700 0.000000 0.075300 0.028500 0.013700 0.013700 0.041000 0.043700 0.043700 0.014200 0.014200 0.043700 0.029200 0.075800 0.043700 0.013800 0.073800 0.000000 0.000000 0.014200 0.077600 0.028500 0.074700 0.073700 0.043400 0.029100 0.043700 0.014300 0.028800 0.029200 0.029200 0.000000 0.044700 0.074200 0.029100 0.044200 0.014400 0.014100 0.029100 0.044700 0.000000 0.013900
Gerenuk 0.058900 0.190200 0.000000 0.229900 0.014300 0.058900 0.014300 0.000000 0.013700 0.044700 0.043700 0.000000 0.075300 0.028500 0.014100 0.013700 0.043700 0.043700 0.043700 0.013900 0.014200 0.043700 0.029200 0.075800 0.043700 0.013800 0.073800 0.000000 0.000000 0.013800 0.077600 0.028500 0.074700 0.073700 0.043400 0.029100 0.043700 0.013800 0.028800 0.029200 0.029200 0.000000 0.044700 0.074200 0.029100 0.044200 0.014400 0.014100 0.029100 0.044700 0.000000 0.014000
CommonElan 0.074200 0.207800 0.013800 0.248500 0.028700 0.074200 0.028700 0.014200 0.000000 0.060000 0.058700 0.013700 0.091000 0.043000 0.028400 0.027700 0.058600 0.058600 0.058600 0.000000 0.028500 0.058700 0.044100 0.091500 0.058600 0.028700 0.089200 0.014200 0.013800 0.000000 0.093700 0.043000 0.090300 0.089100 0.058200 0.043900 0.058700 0.028700 0.043500 0.044100 0.044100 0.014200 0.060000 0.089600 0.043900 0.059300 0.028900 0.028400 0.043900 0.060000 0.014200 0.029000
MuntiacusR 0.146000 0.193800 0.077600 0.256500 0.094000 0.146000 0.093900 0.077600 0.093700 0.030400 0.128200 0.077600 0.129800 0.109400 0.093000 0.092800 0.060400 0.060400 0.127900 0.093700 0.093300 0.128200 0.045500 0.078000 0.127900 0.094200 0.144700 0.077600 0.077600 0.093700 0.000000 0.109400 0.093200 0.144600 0.127100 0.112200 0.128200 0.094000 0.111100 0.045500 0.045500 0.077600 0.030400 0.076200 0.112200 0.130000 0.095000 0.093000 0.094600 0.094700 0.077600 0.095000
HarveysDui 0.089100 0.224400 0.028500 0.265600 0.043200 0.089100 0.014100 0.027300 0.043000 0.075000 0.073500 0.028500 0.106300 0.000000 0.042700 0.040300 0.073400 0.073400 0.073400 0.043000 0.042800 0.073500 0.058800 0.106900 0.073400 0.040400 0.104200 0.028500 0.028500 0.043000 0.109400 0.000000 0.105500 0.104200 0.072900 0.058600 0.073500 0.043100 0.058100 0.058800 0.058800 0.028500 0.075000 0.104800 0.058600 0.074300 0.043500 0.040200 0.058600 0.075000 0.028500 0.043500
Pronghorn 0.140400 0.206000 0.074700 0.245800 0.090500 0.140400 0.090500 0.074700 0.090300 0.059700 0.123400 0.074700 0.141900 0.105500 0.089600 0.089500 0.058300 0.058300 0.123200 0.090300 0.089900 0.123400 0.043900 0.091100 0.123200 0.090600 0.156500 0.074700 0.074700 0.090300 0.093200 0.105500 0.000000 0.156400 0.122500 0.107800 0.123400 0.090500 0.106900 0.043900 0.043900 0.074700 0.059700 0.089200 0.107800 0.125000 0.091400 0.089600 0.091100 0.091100 0.074700 0.091400
BlueWildeb 0.072700 0.265300 0.073700 0.330000 0.089300 0.072700 0.089200 0.073700 0.089100 0.124400 0.057500 0.073700 0.042700 0.104200 0.088500 0.088400 0.121800 0.121800 0.057500 0.089100 0.088800 0.057500 0.106700 0.158600 0.057500 0.089400 0.013800 0.073700 0.073700 0.089100 0.144600 0.104200 0.156400 0.000000 0.056900 0.106300 0.057500 0.089300 0.105400 0.106700 0.106700 0.073700 0.124400 0.155600 0.106300 0.123000 0.090000 0.088500 0.106100 0.124000 0.073700 0.090000
Gemsbok 0.042800 0.245300 0.043400 0.286700 0.058300 0.042800 0.058300 0.043400 0.058200 0.091400 0.028200 0.043400 0.088300 0.072900 0.057800 0.057800 0.089500 0.089500 0.028200 0.058200 0.058000 0.028200 0.074600 0.124100 0.028200 0.058400 0.056900 0.043400 0.043400 0.058200 0.127100 0.072900 0.122500 0.056900 0.000000 0.074300 0.028200 0.058300 0.073800 0.074600 0.074600 0.043400 0.091400 0.121700 0.074300 0.090300 0.058800 0.057800 0.074300 0.091000 0.043400 0.058800
Yak 0.091000 0.192600 0.028100 0.233200 0.041500 0.091000 0.044000 0.029100 0.043900 0.076800 0.075000 0.029100 0.108700 0.058600 0.043600 0.043500 0.074900 0.074900 0.074800 0.043900 0.043700 0.075000 0.060100 0.109400 0.074800 0.044100 0.106400 0.029100 0.029100 0.043900 0.112200 0.058600 0.107800 0.106300 0.074300 0.000000 0.075000 0.044000 0.059400 0.060100 0.060100 0.029100 0.076800 0.107000 0.000000 0.075800 0.044400 0.043600 0.059800 0.076800 0.029100 0.041700
BlueSheep 0.014100 0.247000 0.043700 0.288900 0.058800 0.013700 0.058800 0.043700 0.058700 0.092100 0.000000 0.043700 0.089300 0.073500 0.058300 0.058200 0.090200 0.090200 0.000000 0.058700 0.058500 0.000000 0.075200 0.125100 0.000000 0.058900 0.057600 0.043700 0.043700 0.058700 0.128200 0.073500 0.123400 0.057500 0.028200 0.075000 0.000000 0.058800 0.074400 0.075200 0.075200 0.043700 0.092100 0.122700 0.075000 0.091100 0.059300 0.058300 0.074900 0.091700 0.043700 0.059300
BohorReedb 0.074400 0.208300 0.014300 0.249100 0.000000 0.074400 0.028800 0.013800 0.028700 0.060100 0.058800 0.013800 0.091300 0.043100 0.028500 0.028500 0.058800 0.058800 0.058700 0.028700 0.028600 0.058800 0.044200 0.091800 0.058700 0.028800 0.089400 0.014300 0.013800 0.028700 0.094000 0.043100 0.090500 0.089300 0.058300 0.044000 0.058800 0.000000 0.043600 0.044200 0.044200 0.014300 0.060100 0.089900 0.044000 0.059400 0.028100 0.028500 0.044000 0.060200 0.014300 0.028600
KirksDik 0.090300 0.227500 0.028800 0.269400 0.043600 0.090300 0.043600 0.028800 0.043500 0.076100 0.074400 0.028800 0.107800 0.058100 0.043200 0.043200 0.074300 0.074300 0.074300 0.043500 0.043300 0.074400 0.059600 0.108400 0.074300 0.043700 0.105500 0.028800 0.028800 0.043500 0.111100 0.058100 0.106900 0.105400 0.073800 0.059400 0.074400 0.043600 0.000000 0.059600 0.059600 0.028800 0.076100 0.106100 0.059400 0.075200 0.044000 0.043200 0.059300 0.076100 0.028800 0.044100
RoeDeer 0.091300 0.154300 0.029200 0.191400 0.044200 0.091300 0.044200 0.029200 0.044100 0.014600 0.075200 0.027900 0.092200 0.058800 0.043700 0.043700 0.014300 0.014300 0.075100 0.044100 0.043900 0.075200 0.000000 0.044400 0.075100 0.044200 0.106800 0.029200 0.029200 0.044100 0.045500 0.058800 0.043900 0.106700 0.074600 0.060100 0.075200 0.044200 0.059600 0.000000 0.000000 0.029200 0.014100 0.043500 0.060100 0.076100 0.041300 0.043700 0.041600 0.044500 0.029200 0.044600
WhiteLippe 0.091300 0.154300 0.029200 0.191400 0.044200 0.091300 0.044200 0.029200 0.044100 0.014600 0.075200 0.029200 0.092200 0.058800 0.043700 0.043700 0.014300 0.014300 0.075100 0.044100 0.043900 0.075200 0.000000 0.044400 0.075100 0.044200 0.106800 0.029200 0.029200 0.044100 0.045500 0.058800 0.043900 0.106700 0.074600 0.060100 0.075200 0.044200 0.059600 0.000000 0.000000 0.029200 0.014100 0.043500 0.060100 0.076100 0.044600 0.043700 0.044500 0.044500 0.029200 0.044600
ThomsonGaz 0.058900 0.190200 0.000000 0.229900 0.014300 0.058900 0.014300 0.000000 0.014200 0.044700 0.043700 0.000000 0.075300 0.028500 0.014100 0.014100 0.043700 0.043700 0.043700 0.014200 0.014200 0.043700 0.029200 0.075800 0.043700 0.014300 0.073800 0.000000 0.000000 0.014200 0.077600 0.028500 0.074700 0.073700 0.043400 0.029100 0.043700 0.014300 0.028800 0.029200 0.029200 0.000000 0.044700 0.074200 0.029100 0.044200 0.014400 0.013700 0.029100 0.044700 0.000000 0.014400
MuntiacusC 0.108600 0.173200 0.044700 0.211900 0.060100 0.108600 0.055400 0.044700 0.060000 0.000000 0.092100 0.044700 0.109900 0.075000 0.059500 0.059400 0.029100 0.029100 0.091900 0.060000 0.059700 0.092100 0.014100 0.060600 0.091900 0.060200 0.124500 0.044700 0.044700 0.060000 0.030400 0.075000 0.059700 0.124400 0.091400 0.076800 0.092100 0.060100 0.076100 0.014100 0.014100 0.044700 0.000000 0.055000 0.076800 0.093400 0.060700 0.059500 0.060500 0.060600 0.044700 0.060800
WhiteTaile 0.139600 0.204800 0.074200 0.244300 0.089900 0.139600 0.089900 0.074200 0.089600 0.059200 0.122700 0.074200 0.141000 0.104800 0.089000 0.088900 0.057900 0.057800 0.122500 0.089600 0.089300 0.122700 0.043500 0.027900 0.122500 0.090000 0.155700 0.074200 0.074200 0.089600 0.076200 0.104800 0.089200 0.155600 0.121700 0.107000 0.122700 0.089900 0.106100 0.043500 0.043500 0.074200 0.055000 0.000000 0.107000 0.124000 0.090700 0.089000 0.059200 0.090400 0.074200 0.090000
Cattle 0.091000 0.192600 0.029100 0.233200 0.044000 0.091000 0.044000 0.029100 0.043900 0.076800 0.075000 0.029100 0.108700 0.058600 0.043600 0.043500 0.074900 0.074900 0.074800 0.043900 0.043700 0.075000 0.060100 0.109400 0.074800 0.044100 0.106400 0.029100 0.029100 0.043900 0.112200 0.058600 0.107800 0.106300 0.074300 0.000000 0.075000 0.044000 0.059400 0.060100 0.060100 0.029100 0.076800 0.107000 0.000000 0.075800 0.044400 0.043600 0.059800 0.076800 0.029100 0.044400
RoyalAntel 0.107400 0.249300 0.044200 0.293500 0.059400 0.107400 0.059500 0.044200 0.059300 0.093400 0.091100 0.044200 0.125900 0.074300 0.058900 0.058800 0.091100 0.091100 0.090900 0.059300 0.059000 0.091100 0.076100 0.126800 0.090900 0.059500 0.123000 0.044200 0.044200 0.059300 0.130000 0.074300 0.125000 0.123000 0.090300 0.075800 0.091100 0.059400 0.075200 0.076100 0.076100 0.044200 0.093400 0.124000 0.075800 0.000000 0.060000 0.058900 0.075900 0.093400 0.044200 0.060100
Steenbok 0.074900 0.210000 0.013900 0.251300 0.029000 0.074900 0.029000 0.014400 0.028900 0.060700 0.059300 0.013900 0.092100 0.041000 0.028700 0.027700 0.059300 0.059300 0.059200 0.028900 0.028800 0.059300 0.044600 0.092700 0.059200 0.029100 0.090000 0.014400 0.014400 0.028900 0.095000 0.043500 0.091400 0.090000 0.058800 0.044400 0.059300 0.028100 0.044000 0.041300 0.044600 0.014400 0.060700 0.090700 0.044400 0.060000 0.000000 0.028700 0.044400 0.060800 0.014400 0.029300
Impala 0.073700 0.206300 0.014100 0.246400 0.028500 0.073700 0.028500 0.014100 0.028400 0.059500 0.058300 0.013800 0.090300 0.042700 0.000000 0.028200 0.058200 0.053800 0.058200 0.028400 0.028300 0.058300 0.043700 0.090800 0.058200 0.028500 0.088600 0.014100 0.014100 0.028400 0.093000 0.040200 0.089600 0.088500 0.057800 0.043600 0.058300 0.028500 0.043200 0.043700 0.043700 0.013700 0.059500 0.089000 0.043600 0.058900 0.028700 0.000000 0.043600 0.059500 0.013700 0.028800
Klipspring 0.090900 0.209400 0.029100 0.250400 0.044000 0.090900 0.044000 0.029100 0.043900 0.060500 0.074900 0.027400 0.075900 0.058600 0.043600 0.043500 0.059100 0.059100 0.074800 0.043900 0.043700 0.074900 0.041300 0.060500 0.074800 0.044000 0.106200 0.029100 0.029100 0.043900 0.094600 0.058600 0.091100 0.106100 0.074300 0.059800 0.074900 0.044000 0.059300 0.041600 0.044500 0.029100 0.060500 0.059200 0.059800 0.075900 0.044400 0.043600 0.000000 0.060500 0.029100 0.044400
ForestMusk 0.108200 0.209000 0.044700 0.174700 0.060200 0.108200 0.060100 0.044700 0.060000 0.060600 0.091700 0.044700 0.109500 0.075000 0.059500 0.059500 0.059100 0.059100 0.091600 0.060000 0.059700 0.091700 0.044500 0.060600 0.091600 0.060300 0.124100 0.044700 0.044700 0.060000 0.094700 0.075000 0.091100 0.124000 0.091000 0.076800 0.091700 0.060200 0.076100 0.044500 0.044500 0.044700 0.060600 0.090400 0.076800 0.093400 0.060800 0.059500 0.060500 0.000000 0.044700 0.060800
Bushbuck 0.058900 0.190200 0.000000 0.229900 0.013800 0.058900 0.014300 0.000000 0.014200 0.044700 0.043700 0.000000 0.075300 0.027500 0.014100 0.014100 0.043700 0.043700 0.043700 0.014200 0.014200 0.043700 0.029200 0.075800 0.043700 0.014300 0.073800 0.000000 0.000000 0.014200 0.077600 0.028500 0.074700 0.073700 0.043400 0.029100 0.043700 0.014300 0.028800 0.029200 0.029200 0.000000 0.044700 0.074200 0.029100 0.044200 0.014400 0.013700 0.029100 0.044700 0.000000 0.013900
GreaterKud 0.075000 0.210200 0.014400 0.251600 0.029000 0.075000 0.029000 0.013900 0.029000 0.060800 0.059300 0.014400 0.092100 0.043500 0.028800 0.027200 0.059300 0.059300 0.059200 0.029000 0.028800 0.059300 0.044600 0.092700 0.059200 0.029100 0.090100 0.013900 0.014000 0.029000 0.095000 0.043500 0.091400 0.090000 0.058800 0.041700 0.059300 0.028600 0.044100 0.044600 0.044600 0.014400 0.060800 0.090000 0.044400 0.060100 0.029300 0.028800 0.044400 0.060800 0.013900 0.000000
