CODONML (in paml version 4.10.7, June 2023)  /home/rachel/ruminants_paml/6406-phy-tree/ENSBTAT00000016153.fasta.phy
Model: free dN/dS Ratios for branches,  kappa = 2.000 fixed

Codon frequency model: F3x4
ns =  54  ls = 114

Codon usage in sequences
--------------------------------------------------------------------------------------------------------------------------------------
Phe TTT   1   1   1   1   1   2 | Ser TCT   1   0   1   1   1   0 | Tyr TAT   0   0   0   0   0   0 | Cys TGT   0   0   0   0   0   0
    TTC   2   2   2   2   2   1 |     TCC   3   3   3   3   2   2 |     TAC   1   1   1   1   1   1 |     TGC   2   2   2   2   2   2
Leu TTA   0   0   0   0   0   0 |     TCA   1   1   1   1   0   2 | *** TAA   0   0   0   0   0   0 | *** TGA   0   0   0   0   0   0
    TTG   0   0   0   0   0   1 |     TCG   0   1   0   0   2   1 |     TAG   0   0   0   0   0   0 | Trp TGG   1   1   1   1   1   1
--------------------------------------------------------------------------------------------------------------------------------------
Leu CTT   0   1   1   0   0   0 | Pro CCT   0   0   0   0   0   0 | His CAT   0   1   0   0   0   0 | Arg CGT   1   1   1   1   0   1
    CTC   7   5   6   7   7   7 |     CCC   2   4   2   2   2   2 |     CAC   1   0   1   1   1   1 |     CGC   3   3   3   3   3   3
    CTA   0   0   0   0   0   0 |     CCA   2   1   2   3   3   2 | Gln CAA   1   1   1   1   1   1 |     CGA   0   0   0   0   0   0
    CTG   5   6   5   5   5   4 |     CCG   1   0   1   0   0   1 |     CAG   2   2   2   2   2   2 |     CGG   1   2   1   1   3   2
--------------------------------------------------------------------------------------------------------------------------------------
Ile ATT   0   1   1   0   1   1 | Thr ACT   1   1   1   0   1   0 | Asn AAT   0   0   0   0   1   0 | Ser AGT   2   2   2   2   2   2
    ATC   4   3   3   4   3   3 |     ACC   1   2   1   1   2   3 |     AAC  10  10  10  10   9  10 |     AGC   1   1   1   1   1   1
    ATA   0   0   0   0   0   0 |     ACA   0   0   0   0   1   1 | Lys AAA   1   0   1   1   0   1 | Arg AGA   0   0   0   0   0   0
Met ATG   4   4   4   4   4   4 |     ACG   3   2   3   4   1   1 |     AAG  16  17  16  16  17  16 |     AGG   2   1   2   2   1   1
--------------------------------------------------------------------------------------------------------------------------------------
Val GTT   0   0   0   0   0   0 | Ala GCT   1   1   1   1   1   1 | Asp GAT   0   0   0   0   0   0 | Gly GGT   0   0   0   0   1   0
    GTC   5   6   5   5   5   5 |     GCC   1   1   1   1   1   1 |     GAC   3   3   3   3   3   3 |     GGC   3   3   3   3   3   3
    GTA   0   1   0   0   0   0 |     GCA   0   0   0   0   0   0 | Glu GAA   1   1   1   1   1   1 |     GGA   0   0   0   0   0   0
    GTG   6   4   6   6   6   6 |     GCG   0   0   0   0   0   0 |     GAG   9   9   9   9   9   9 |     GGG   2   2   2   2   1   2
--------------------------------------------------------------------------------------------------------------------------------------

--------------------------------------------------------------------------------------------------------------------------------------
Phe TTT   1   1   1   1   1   1 | Ser TCT   1   1   1   1   1   1 | Tyr TAT   0   0   0   0   0   0 | Cys TGT   0   0   0   0   0   0
    TTC   2   2   2   2   2   2 |     TCC   3   3   3   3   3   3 |     TAC   1   1   1   1   1   1 |     TGC   2   2   2   2   2   2
Leu TTA   0   0   0   0   0   0 |     TCA   1   1   1   1   1   1 | *** TAA   0   0   0   0   0   0 | *** TGA   0   0   0   0   0   0
    TTG   0   0   0   0   0   0 |     TCG   0   0   0   0   0   0 |     TAG   0   0   0   0   0   0 | Trp TGG   1   1   1   1   1   1
--------------------------------------------------------------------------------------------------------------------------------------
Leu CTT   0   0   0   0   1   0 | Pro CCT   0   0   0   0   0   0 | His CAT   0   0   0   0   0   0 | Arg CGT   1   1   1   1   2   1
    CTC   7   7   7   7   5   7 |     CCC   2   2   2   2   2   2 |     CAC   1   1   1   1   1   1 |     CGC   3   3   3   3   2   4
    CTA   0   0   0   0   0   0 |     CCA   2   2   2   2   2   3 | Gln CAA   1   1   1   1   1   1 |     CGA   0   0   0   0   0   0
    CTG   5   5   5   5   6   5 |     CCG   1   1   1   1   1   0 |     CAG   2   2   2   2   2   2 |     CGG   1   1   1   1   1   0
--------------------------------------------------------------------------------------------------------------------------------------
Ile ATT   0   0   0   0   0   0 | Thr ACT   1   1   1   1   1   1 | Asn AAT   0   0   0   0   0   0 | Ser AGT   2   2   2   2   2   2
    ATC   4   4   4   4   4   4 |     ACC   1   1   1   1   1   1 |     AAC  10  10  10  10  10  10 |     AGC   1   1   1   1   1   1
    ATA   0   0   0   0   0   0 |     ACA   1   0   0   1   0   1 | Lys AAA   1   1   1   1   1   4 | Arg AGA   0   0   0   0   0   0
Met ATG   4   4   4   4   4   4 |     ACG   2   3   3   2   3   2 |     AAG  16  16  16  16  16  13 |     AGG   2   2   2   2   2   2
--------------------------------------------------------------------------------------------------------------------------------------
Val GTT   0   0   0   0   0   0 | Ala GCT   1   1   1   1   1   1 | Asp GAT   0   0   0   0   0   0 | Gly GGT   0   0   0   0   0   0
    GTC   5   5   5   5   5   6 |     GCC   1   1   1   1   1   1 |     GAC   3   3   3   3   3   3 |     GGC   3   3   3   3   3   3
    GTA   0   0   0   0   0   0 |     GCA   0   0   0   0   0   0 | Glu GAA   1   1   1   1   1   1 |     GGA   0   0   0   0   0   0
    GTG   6   6   6   6   6   5 |     GCG   0   0   0   0   0   0 |     GAG   9   9   9   9   9   9 |     GGG   2   2   2   2   2   2
--------------------------------------------------------------------------------------------------------------------------------------

--------------------------------------------------------------------------------------------------------------------------------------
Phe TTT   1   1   1   1   1   1 | Ser TCT   1   1   2   1   1   1 | Tyr TAT   0   0   0   0   0   0 | Cys TGT   0   0   0   0   0   0
    TTC   2   2   2   2   2   2 |     TCC   3   3   2   3   3   3 |     TAC   1   1   1   1   1   1 |     TGC   2   2   2   2   2   2
Leu TTA   0   0   0   0   0   0 |     TCA   1   1   1   1   1   1 | *** TAA   0   0   0   0   0   0 | *** TGA   0   0   0   0   0   0
    TTG   0   0   0   0   0   0 |     TCG   0   0   0   0   0   0 |     TAG   0   0   0   0   0   0 | Trp TGG   1   1   1   1   1   1
--------------------------------------------------------------------------------------------------------------------------------------
Leu CTT   0   0   0   0   0   0 | Pro CCT   0   1   0   0   0   0 | His CAT   0   0   0   0   0   0 | Arg CGT   1   1   1   1   2   1
    CTC   7   7   7   7   7   7 |     CCC   2   2   2   2   2   2 |     CAC   1   1   1   1   1   1 |     CGC   3   3   3   3   2   3
    CTA   0   0   0   0   0   0 |     CCA   2   2   2   2   2   2 | Gln CAA   1   1   1   1   1   1 |     CGA   0   0   0   0   0   0
    CTG   5   5   5   5   5   5 |     CCG   1   0   1   1   1   1 |     CAG   2   2   2   2   2   2 |     CGG   1   1   1   1   1   1
--------------------------------------------------------------------------------------------------------------------------------------
Ile ATT   1   0   1   0   1   0 | Thr ACT   1   1   1   1   1   1 | Asn AAT   0   1   0   0   0   0 | Ser AGT   2   2   2   2   2   2
    ATC   3   4   3   4   3   4 |     ACC   1   1   1   1   1   1 |     AAC  10   9  10  10  10  10 |     AGC   1   1   1   1   1   1
    ATA   0   0   0   0   0   0 |     ACA   0   1   0   0   0   0 | Lys AAA   1   1   1   2   1   1 | Arg AGA   0   0   0   0   0   0
Met ATG   4   4   4   4   4   4 |     ACG   3   2   3   3   3   3 |     AAG  16  16  16  15  16  16 |     AGG   2   2   2   2   2   2
--------------------------------------------------------------------------------------------------------------------------------------
Val GTT   0   0   1   0   0   0 | Ala GCT   1   1   1   1   1   1 | Asp GAT   0   0   0   0   0   0 | Gly GGT   0   0   0   0   0   0
    GTC   5   5   5   5   4   5 |     GCC   1   1   1   1   1   1 |     GAC   3   3   3   3   3   3 |     GGC   3   3   3   3   3   3
    GTA   0   0   0   0   0   0 |     GCA   0   0   0   0   0   0 | Glu GAA   1   1   1   1   1   1 |     GGA   0   0   0   0   0   0
    GTG   6   6   5   6   7   6 |     GCG   0   0   0   0   0   0 |     GAG   9   9   9   9   9   9 |     GGG   2   2   2   2   2   2
--------------------------------------------------------------------------------------------------------------------------------------

--------------------------------------------------------------------------------------------------------------------------------------
Phe TTT   1   1   1   1   1   1 | Ser TCT   1   2   1   1   1   1 | Tyr TAT   0   0   0   0   0   0 | Cys TGT   0   0   0   0   0   0
    TTC   2   2   2   2   2   2 |     TCC   2   2   3   3   3   3 |     TAC   1   1   1   1   1   1 |     TGC   2   2   2   2   2   2
Leu TTA   0   0   0   0   0   0 |     TCA   1   1   1   1   1   1 | *** TAA   0   0   0   0   0   0 | *** TGA   0   0   0   0   0   0
    TTG   0   0   0   0   0   0 |     TCG   1   0   0   0   0   0 |     TAG   0   0   0   0   0   0 | Trp TGG   1   1   1   1   1   1
--------------------------------------------------------------------------------------------------------------------------------------
Leu CTT   0   0   0   2   0   0 | Pro CCT   0   0   0   0   0   0 | His CAT   0   0   0   0   0   0 | Arg CGT   1   1   1   2   1   1
    CTC   7   7   7   5   7   7 |     CCC   2   2   2   2   2   2 |     CAC   1   1   1   1   1   1 |     CGC   3   3   3   2   3   3
    CTA   0   0   0   0   0   0 |     CCA   3   3   2   2   2   2 | Gln CAA   2   2   1   1   1   1 |     CGA   0   0   0   0   0   0
    CTG   5   5   5   5   5   5 |     CCG   0   0   1   1   1   1 |     CAG   1   1   2   2   2   2 |     CGG   1   1   1   1   1   1
--------------------------------------------------------------------------------------------------------------------------------------
Ile ATT   0   0   0   0   0   0 | Thr ACT   1   1   1   1   1   1 | Asn AAT   0   0   0   0   0   0 | Ser AGT   2   2   2   2   2   2
    ATC   4   4   4   4   4   4 |     ACC   2   1   1   1   1   1 |     AAC  10  10  10  10  10  10 |     AGC   1   1   1   1   1   1
    ATA   0   0   0   0   0   0 |     ACA   0   1   0   1   0   1 | Lys AAA   1   1   1   1   2   1 | Arg AGA   0   0   0   0   0   0
Met ATG   4   4   4   4   4   4 |     ACG   2   2   3   2   3   2 |     AAG  16  16  16  16  15  16 |     AGG   2   2   2   2   2   2
--------------------------------------------------------------------------------------------------------------------------------------
Val GTT   0   0   0   0   0   0 | Ala GCT   1   1   1   1   1   1 | Asp GAT   0   0   0   0   0   0 | Gly GGT   0   0   0   0   0   0
    GTC   5   5   5   5   5   5 |     GCC   1   1   1   1   1   1 |     GAC   3   3   3   3   3   3 |     GGC   3   3   3   3   3   3
    GTA   0   0   0   0   0   0 |     GCA   0   0   0   0   0   0 | Glu GAA   0   1   1   1   1   1 |     GGA   0   0   0   0   0   0
    GTG   6   6   6   6   6   6 |     GCG   0   0   0   0   0   0 |     GAG  10   9   9   9   9   9 |     GGG   2   2   2   2   2   2
--------------------------------------------------------------------------------------------------------------------------------------

--------------------------------------------------------------------------------------------------------------------------------------
Phe TTT   1   1   1   1   1   1 | Ser TCT   1   1   1   1   2   1 | Tyr TAT   0   0   0   0   0   0 | Cys TGT   0   0   0   0   0   0
    TTC   2   2   2   2   2   2 |     TCC   3   3   3   3   2   3 |     TAC   1   1   1   1   1   1 |     TGC   2   2   2   2   2   2
Leu TTA   0   0   0   0   0   0 |     TCA   1   1   1   1   1   1 | *** TAA   0   0   0   0   0   0 | *** TGA   0   0   0   0   0   0
    TTG   0   0   0   0   0   0 |     TCG   0   0   0   0   0   0 |     TAG   0   0   0   0   0   0 | Trp TGG   1   1   1   1   1   1
--------------------------------------------------------------------------------------------------------------------------------------
Leu CTT   0   0   0   0   0   2 | Pro CCT   0   0   0   0   0   0 | His CAT   0   0   0   0   0   0 | Arg CGT   1   2   1   1   1   1
    CTC   7   7   7   7   7   5 |     CCC   2   2   2   2   2   2 |     CAC   1   1   1   1   1   1 |     CGC   3   2   3   3   3   3
    CTA   0   0   0   0   0   0 |     CCA   3   3   2   2   2   2 | Gln CAA   1   1   1   1   1   1 |     CGA   0   0   0   0   0   0
    CTG   5   5   5   5   5   5 |     CCG   0   0   1   1   1   1 |     CAG   2   2   2   2   2   2 |     CGG   1   1   1   1   1   1
--------------------------------------------------------------------------------------------------------------------------------------
Ile ATT   0   1   0   0   1   0 | Thr ACT   1   1   1   1   1   1 | Asn AAT   0   0   0   0   0   0 | Ser AGT   2   2   2   2   2   2
    ATC   4   3   4   4   3   4 |     ACC   1   1   1   1   1   1 |     AAC  10  10  10  10  10  10 |     AGC   1   1   1   1   1   1
    ATA   0   0   0   0   0   0 |     ACA   0   0   0   0   0   0 | Lys AAA   3   3   1   1   1   1 | Arg AGA   0   0   0   0   0   0
Met ATG   4   4   4   4   4   4 |     ACG   3   3   3   3   3   3 |     AAG  14  14  16  16  16  16 |     AGG   2   2   2   2   2   2
--------------------------------------------------------------------------------------------------------------------------------------
Val GTT   0   0   0   0   1   0 | Ala GCT   1   1   1   1   1   1 | Asp GAT   0   0   0   0   0   0 | Gly GGT   0   0   0   0   0   0
    GTC   5   5   5   5   5   5 |     GCC   1   1   1   1   1   1 |     GAC   3   3   3   3   3   3 |     GGC   3   3   3   3   3   3
    GTA   1   0   0   0   0   0 |     GCA   0   0   0   0   0   0 | Glu GAA   1   1   1   1   1   1 |     GGA   0   0   0   0   0   0
    GTG   5   6   6   6   5   6 |     GCG   0   0   0   0   0   0 |     GAG   9   9   9   9   9   9 |     GGG   2   2   2   2   2   2
--------------------------------------------------------------------------------------------------------------------------------------

--------------------------------------------------------------------------------------------------------------------------------------
Phe TTT   1   1   1   1   1   1 | Ser TCT   2   1   1   1   1   2 | Tyr TAT   0   0   0   0   0   1 | Cys TGT   0   0   0   0   0   0
    TTC   2   2   2   2   2   2 |     TCC   2   3   3   3   3   2 |     TAC   1   1   1   1   1   0 |     TGC   2   2   2   2   2   2
Leu TTA   0   0   0   0   0   0 |     TCA   1   1   1   1   1   1 | *** TAA   0   0   0   0   0   0 | *** TGA   0   0   0   0   0   0
    TTG   0   0   0   0   0   0 |     TCG   0   0   0   0   0   0 |     TAG   0   0   0   0   0   0 | Trp TGG   1   1   1   1   1   1
--------------------------------------------------------------------------------------------------------------------------------------
Leu CTT   0   1   1   0   0   0 | Pro CCT   0   0   0   0   0   0 | His CAT   0   0   0   0   0   0 | Arg CGT   2   1   2   1   1   1
    CTC   7   6   6   7   7   7 |     CCC   2   3   2   2   2   2 |     CAC   1   1   1   1   1   1 |     CGC   2   3   3   3   3   3
    CTA   0   0   0   0   0   0 |     CCA   2   2   3   3   3   2 | Gln CAA   1   1   1   1   0   1 |     CGA   0   0   0   0   0   0
    CTG   5   5   5   5   5   5 |     CCG   1   0   0   0   0   1 |     CAG   2   2   2   2   3   2 |     CGG   1   1   0   1   1   1
--------------------------------------------------------------------------------------------------------------------------------------
Ile ATT   0   0   0   0   1   1 | Thr ACT   1   1   1   1   1   1 | Asn AAT   0   0   0   0   0   0 | Ser AGT   3   2   2   2   2   2
    ATC   4   4   4   4   3   3 |     ACC   1   1   1   1   1   1 |     AAC  10  10  10  10  10  10 |     AGC   0   1   1   1   1   1
    ATA   0   0   0   0   0   0 |     ACA   1   0   1   0   1   0 | Lys AAA   1   1   4   1   1   1 | Arg AGA   0   0   1   0   0   0
Met ATG   4   4   4   4   4   4 |     ACG   2   3   2   3   2   3 |     AAG  16  16  13  16  16  16 |     AGG   2   2   1   2   2   2
--------------------------------------------------------------------------------------------------------------------------------------
Val GTT   0   0   0   0   0   1 | Ala GCT   1   1   1   1   1   1 | Asp GAT   0   0   0   0   0   0 | Gly GGT   0   0   0   0   0   0
    GTC   5   5   6   5   5   5 |     GCC   1   1   1   1   1   1 |     GAC   3   3   3   3   3   3 |     GGC   3   3   3   3   3   3
    GTA   0   0   0   0   0   0 |     GCA   0   0   0   0   0   0 | Glu GAA   1   1   1   1   1   1 |     GGA   0   0   0   0   0   0
    GTG   6   6   5   6   6   5 |     GCG   0   0   0   0   0   0 |     GAG   9   9   9   9   9   9 |     GGG   2   2   2   2   2   2
--------------------------------------------------------------------------------------------------------------------------------------

--------------------------------------------------------------------------------------------------------------------------------------
Phe TTT   1   2   1   1   1   1 | Ser TCT   1   1   1   2   1   1 | Tyr TAT   0   0   0   0   0   0 | Cys TGT   0   0   0   0   0   0
    TTC   2   1   2   2   2   2 |     TCC   3   3   3   2   3   3 |     TAC   1   1   1   1   1   1 |     TGC   2   2   2   2   2   2
Leu TTA   0   0   0   0   0   0 |     TCA   1   1   1   1   1   1 | *** TAA   0   0   0   0   0   0 | *** TGA   0   0   0   0   0   0
    TTG   0   0   0   0   0   1 |     TCG   0   0   0   0   0   0 |     TAG   0   0   0   0   0   0 | Trp TGG   1   1   1   1   1   1
--------------------------------------------------------------------------------------------------------------------------------------
Leu CTT   1   0   0   0   0   0 | Pro CCT   0   0   0   0   0   0 | His CAT   0   0   0   0   0   0 | Arg CGT   1   1   1   2   1   1
    CTC   6   7   7   7   7   7 |     CCC   2   3   2   2   2   3 |     CAC   1   1   1   1   1   1 |     CGC   3   3   3   2   3   3
    CTA   0   0   0   0   0   0 |     CCA   2   2   2   2   2   2 | Gln CAA   1   1   1   1   1   1 |     CGA   0   0   0   0   0   0
    CTG   5   5   5   5   5   4 |     CCG   1   0   1   1   1   0 |     CAG   2   2   2   2   2   2 |     CGG   1   1   1   1   1   1
--------------------------------------------------------------------------------------------------------------------------------------
Ile ATT   0   0   0   0   0   1 | Thr ACT   0   1   1   1   1   1 | Asn AAT   0   0   0   0   0   0 | Ser AGT   2   2   2   2   2   2
    ATC   4   4   4   4   4   3 |     ACC   2   1   1   1   1   1 |     AAC  10  10  10  10  10  10 |     AGC   1   1   1   1   1   1
    ATA   0   0   0   0   0   0 |     ACA   0   0   0   1   0   0 | Lys AAA   1   1   1   1   2   3 | Arg AGA   0   0   0   0   0   0
Met ATG   4   4   4   4   4   4 |     ACG   3   3   3   2   3   3 |     AAG  16  16  16  16  15  14 |     AGG   2   2   2   2   2   2
--------------------------------------------------------------------------------------------------------------------------------------
Val GTT   1   0   0   0   0   0 | Ala GCT   1   1   1   1   1   1 | Asp GAT   0   0   0   0   0   0 | Gly GGT   0   0   0   0   0   0
    GTC   5   5   5   5   4   4 |     GCC   1   1   1   1   1   1 |     GAC   3   3   3   3   3   3 |     GGC   3   3   3   3   3   3
    GTA   0   0   0   0   0   1 |     GCA   0   0   0   0   0   0 | Glu GAA   1   1   1   1   1   1 |     GGA   0   0   0   0   0   0
    GTG   5   6   6   6   7   6 |     GCG   0   0   0   0   0   0 |     GAG   9   9   9   9   9   9 |     GGG   2   2   2   2   2   2
--------------------------------------------------------------------------------------------------------------------------------------

--------------------------------------------------------------------------------------------------------------------------------------
Phe TTT   1   1   1   1   2   1 | Ser TCT   1   1   1   2   1   1 | Tyr TAT   0   0   0   0   0   0 | Cys TGT   0   0   0   0   0   0
    TTC   2   2   2   2   1   2 |     TCC   3   3   3   3   3   3 |     TAC   1   1   1   1   1   1 |     TGC   2   2   2   2   2   2
Leu TTA   0   0   0   0   0   0 |     TCA   1   1   1   0   1   1 | *** TAA   0   0   0   0   0   0 | *** TGA   0   0   0   0   0   0
    TTG   0   0   0   0   0   0 |     TCG   0   0   0   0   0   0 |     TAG   0   0   0   0   0   0 | Trp TGG   1   1   1   1   1   1
--------------------------------------------------------------------------------------------------------------------------------------
Leu CTT   0   0   0   0   0   0 | Pro CCT   0   0   0   0   0   0 | His CAT   0   0   0   0   0   0 | Arg CGT   1   2   1   2   1   1
    CTC   7   7   7   7   7   7 |     CCC   2   2   2   2   3   2 |     CAC   1   1   1   1   1   1 |     CGC   3   2   4   2   3   3
    CTA   0   0   0   0   0   0 |     CCA   3   2   3   3   2   2 | Gln CAA   1   1   1   1   1   1 |     CGA   0   0   0   0   0   0
    CTG   5   5   5   5   5   5 |     CCG   0   1   0   0   0   1 |     CAG   2   2   2   2   2   2 |     CGG   1   1   0   1   1   1
--------------------------------------------------------------------------------------------------------------------------------------
Ile ATT   0   0   0   1   0   0 | Thr ACT   1   1   1   1   1   1 | Asn AAT   0   0   0   0   0   0 | Ser AGT   2   2   2   2   2   2
    ATC   4   4   4   3   4   4 |     ACC   1   1   1   1   1   1 |     AAC  10  10  10  10  10  10 |     AGC   1   1   1   1   1   1
    ATA   0   0   0   0   0   0 |     ACA   0   0   1   0   0   0 | Lys AAA   3   1   4   3   1   1 | Arg AGA   0   0   0   0   0   0
Met ATG   4   4   4   4   4   4 |     ACG   3   3   2   3   3   3 |     AAG  14  16  13  14  16  16 |     AGG   2   2   2   2   2   2
--------------------------------------------------------------------------------------------------------------------------------------
Val GTT   0   0   0   0   0   1 | Ala GCT   1   1   1   1   1   1 | Asp GAT   0   0   0   0   0   0 | Gly GGT   0   0   0   0   0   0
    GTC   5   5   6   5   5   4 |     GCC   1   1   1   1   1   1 |     GAC   3   3   3   3   3   3 |     GGC   3   3   3   3   3   3
    GTA   0   0   0   0   0   0 |     GCA   0   0   0   0   0   0 | Glu GAA   1   1   1   1   1   1 |     GGA   0   0   0   0   0   1
    GTG   6   6   5   6   6   6 |     GCG   0   0   0   0   0   0 |     GAG   9   9   9   9   9   9 |     GGG   2   2   2   2   2   1
--------------------------------------------------------------------------------------------------------------------------------------

--------------------------------------------------------------------------------------------------------------------------------------
Phe TTT   2   1   1   2   1   1 | Ser TCT   1   2   1   1   1   1 | Tyr TAT   0   1   0   0   0   0 | Cys TGT   0   0   0   0   0   0
    TTC   1   2   2   1   2   2 |     TCC   3   2   3   3   3   3 |     TAC   1   0   1   1   1   1 |     TGC   2   2   2   2   2   2
Leu TTA   0   0   0   0   0   0 |     TCA   1   1   1   1   1   1 | *** TAA   0   0   0   0   0   0 | *** TGA   0   0   0   0   0   0
    TTG   0   0   0   0   0   0 |     TCG   0   0   0   0   0   0 |     TAG   0   0   0   0   0   0 | Trp TGG   1   1   1   1   1   1
--------------------------------------------------------------------------------------------------------------------------------------
Leu CTT   0   0   0   0   2   1 | Pro CCT   0   0   1   0   0   0 | His CAT   0   0   0   0   0   0 | Arg CGT   1   1   1   1   1   1
    CTC   7   6   7   7   5   6 |     CCC   2   2   1   2   2   2 |     CAC   1   1   1   1   1   1 |     CGC   3   3   3   3   3   3
    CTA   0   0   0   0   0   0 |     CCA   2   2   2   3   2   2 | Gln CAA   1   1   0   1   1   1 |     CGA   0   0   0   0   0   0
    CTG   5   6   5   5   5   5 |     CCG   1   1   1   0   1   1 |     CAG   2   2   3   2   2   2 |     CGG   1   1   1   1   1   1
--------------------------------------------------------------------------------------------------------------------------------------
Ile ATT   0   0   0   0   1   0 | Thr ACT   1   1   1   0   1   1 | Asn AAT   0   1   0   0   0   0 | Ser AGT   2   2   2   2   2   2
    ATC   4   4   4   4   3   4 |     ACC   1   0   1   1   1   2 |     AAC  10   9  10  10  10  10 |     AGC   1   1   1   1   1   1
    ATA   0   0   0   0   0   0 |     ACA   0   1   0   0   0   0 | Lys AAA   1   1   2   1   1   1 | Arg AGA   0   0   0   0   0   0
Met ATG   4   4   4   4   4   4 |     ACG   3   3   3   4   3   2 |     AAG  16  16  15  16  16  16 |     AGG   2   2   2   2   2   2
--------------------------------------------------------------------------------------------------------------------------------------
Val GTT   0   0   0   0   0   0 | Ala GCT   1   1   1   1   1   2 | Asp GAT   0   0   0   0   0   0 | Gly GGT   0   0   0   0   0   0
    GTC   5   5   5   5   5   5 |     GCC   1   1   1   1   1   0 |     GAC   3   3   3   3   3   3 |     GGC   3   3   3   3   3   3
    GTA   0   0   0   0   0   0 |     GCA   0   0   0   0   0   0 | Glu GAA   1   1   1   2   1   1 |     GGA   0   0   0   0   0   0
    GTG   6   6   6   6   6   6 |     GCG   0   0   0   0   0   0 |     GAG   9   9   9   8   9   9 |     GGG   2   2   2   2   2   2
--------------------------------------------------------------------------------------------------------------------------------------

Codon position x base (3x4) table for each sequence.

#1: Argali         
position  1:    T:0.10526    C:0.22807    A:0.39474    G:0.27193
position  2:    T:0.29825    C:0.14912    A:0.39474    G:0.15789
position  3:    T:0.06140    C:0.42982    A:0.05263    G:0.45614
Average         T:0.15497    C:0.26901    A:0.28070    G:0.29532

#2: LesserMouseDeer
position  1:    T:0.10526    C:0.23684    A:0.38596    G:0.27193
position  2:    T:0.29825    C:0.14912    A:0.39474    G:0.15789
position  3:    T:0.07895    C:0.42982    A:0.04386    G:0.44737
Average         T:0.16082    C:0.27193    A:0.27485    G:0.29240

#3: LesserKudu     
position  1:    T:0.10526    C:0.22807    A:0.39474    G:0.27193
position  2:    T:0.29825    C:0.14912    A:0.39474    G:0.15789
position  3:    T:0.07895    C:0.41228    A:0.05263    G:0.45614
Average         T:0.16082    C:0.26316    A:0.28070    G:0.29532

#4: ForestMuskDeer2
position  1:    T:0.10526    C:0.22807    A:0.39474    G:0.27193
position  2:    T:0.29825    C:0.14912    A:0.39474    G:0.15789
position  3:    T:0.05263    C:0.42982    A:0.06140    G:0.45614
Average         T:0.15205    C:0.26901    A:0.28363    G:0.29532

#5: Camel          
position  1:    T:0.10526    C:0.23684    A:0.38596    G:0.27193
position  2:    T:0.29825    C:0.14912    A:0.39474    G:0.15789
position  3:    T:0.07895    C:0.41228    A:0.05263    G:0.45614
Average         T:0.16082    C:0.26608    A:0.27778    G:0.29532

#6: KillerWhale    
position  1:    T:0.11404    C:0.22807    A:0.38596    G:0.27193
position  2:    T:0.29825    C:0.14912    A:0.39474    G:0.15789
position  3:    T:0.06140    C:0.42105    A:0.07018    G:0.44737
Average         T:0.15789    C:0.26608    A:0.28363    G:0.29240

#7: DefassaWaterbuck
position  1:    T:0.10526    C:0.22807    A:0.39474    G:0.27193
position  2:    T:0.29825    C:0.14912    A:0.39474    G:0.15789
position  3:    T:0.06140    C:0.42982    A:0.06140    G:0.44737
Average         T:0.15497    C:0.26901    A:0.28363    G:0.29240

#8: Sheep          
position  1:    T:0.10526    C:0.22807    A:0.39474    G:0.27193
position  2:    T:0.29825    C:0.14912    A:0.39474    G:0.15789
position  3:    T:0.06140    C:0.42982    A:0.05263    G:0.45614
Average         T:0.15497    C:0.26901    A:0.28070    G:0.29532

#9: MaxwellsDuiker 
position  1:    T:0.10526    C:0.22807    A:0.39474    G:0.27193
position  2:    T:0.29825    C:0.14912    A:0.39474    G:0.15789
position  3:    T:0.06140    C:0.42982    A:0.05263    G:0.45614
Average         T:0.15497    C:0.26901    A:0.28070    G:0.29532

#10: GazellaPrzewalskyi
position  1:    T:0.10526    C:0.22807    A:0.39474    G:0.27193
position  2:    T:0.29825    C:0.14912    A:0.39474    G:0.15789
position  3:    T:0.06140    C:0.42982    A:0.06140    G:0.44737
Average         T:0.15497    C:0.26901    A:0.28363    G:0.29240

#11: MountainNyala  
position  1:    T:0.10526    C:0.22807    A:0.39474    G:0.27193
position  2:    T:0.29825    C:0.14912    A:0.39474    G:0.15789
position  3:    T:0.07895    C:0.40351    A:0.05263    G:0.46491
Average         T:0.16082    C:0.26023    A:0.28070    G:0.29825

#12: MuntiacusMuntjak
position  1:    T:0.10526    C:0.22807    A:0.39474    G:0.27193
position  2:    T:0.29825    C:0.14912    A:0.39474    G:0.15789
position  3:    T:0.06140    C:0.44737    A:0.09649    G:0.39474
Average         T:0.15497    C:0.27485    A:0.29532    G:0.27485

#13: goat           
position  1:    T:0.10526    C:0.22807    A:0.39474    G:0.27193
position  2:    T:0.29825    C:0.14912    A:0.39474    G:0.15789
position  3:    T:0.07018    C:0.42105    A:0.05263    G:0.45614
Average         T:0.15789    C:0.26608    A:0.28070    G:0.29532

#14: AfricanBuffalo 
position  1:    T:0.10526    C:0.22807    A:0.39474    G:0.27193
position  2:    T:0.29825    C:0.14912    A:0.39474    G:0.15789
position  3:    T:0.07895    C:0.42105    A:0.06140    G:0.43860
Average         T:0.16082    C:0.26608    A:0.28363    G:0.28947

#15: Topi           
position  1:    T:0.10526    C:0.22807    A:0.39474    G:0.27193
position  2:    T:0.29825    C:0.14912    A:0.39474    G:0.15789
position  3:    T:0.08772    C:0.41228    A:0.05263    G:0.44737
Average         T:0.16374    C:0.26316    A:0.28070    G:0.29240

#16: CommonDuiker   
position  1:    T:0.10526    C:0.22807    A:0.39474    G:0.27193
position  2:    T:0.29825    C:0.14912    A:0.39474    G:0.15789
position  3:    T:0.06140    C:0.42982    A:0.06140    G:0.44737
Average         T:0.15497    C:0.26901    A:0.28363    G:0.29240

#17: Suni           
position  1:    T:0.10526    C:0.22807    A:0.39474    G:0.27193
position  2:    T:0.29825    C:0.14912    A:0.39474    G:0.15789
position  3:    T:0.07895    C:0.40351    A:0.05263    G:0.46491
Average         T:0.16082    C:0.26023    A:0.28070    G:0.29825

#18: Springbuck     
position  1:    T:0.10526    C:0.22807    A:0.39474    G:0.27193
position  2:    T:0.29825    C:0.14912    A:0.39474    G:0.15789
position  3:    T:0.06140    C:0.42982    A:0.05263    G:0.45614
Average         T:0.15497    C:0.26901    A:0.28070    G:0.29532

#19: Okapi          
position  1:    T:0.10526    C:0.22807    A:0.39474    G:0.27193
position  2:    T:0.29825    C:0.14912    A:0.39474    G:0.15789
position  3:    T:0.06140    C:0.42982    A:0.06140    G:0.44737
Average         T:0.15497    C:0.26901    A:0.28363    G:0.29240

#20: Giraffe        
position  1:    T:0.10526    C:0.22807    A:0.39474    G:0.27193
position  2:    T:0.29825    C:0.14912    A:0.39474    G:0.15789
position  3:    T:0.07018    C:0.42105    A:0.07895    G:0.42982
Average         T:0.15789    C:0.26608    A:0.28947    G:0.28655

#21: TibetanAntelope
position  1:    T:0.10526    C:0.22807    A:0.39474    G:0.27193
position  2:    T:0.29825    C:0.14912    A:0.39474    G:0.15789
position  3:    T:0.06140    C:0.42982    A:0.05263    G:0.45614
Average         T:0.15497    C:0.26901    A:0.28070    G:0.29532

#22: Sitatunga      
position  1:    T:0.10526    C:0.22807    A:0.39474    G:0.27193
position  2:    T:0.29825    C:0.14912    A:0.39474    G:0.15789
position  3:    T:0.08772    C:0.40351    A:0.06140    G:0.44737
Average         T:0.16374    C:0.26023    A:0.28363    G:0.29240

#23: Oribi          
position  1:    T:0.10526    C:0.22807    A:0.39474    G:0.27193
position  2:    T:0.29825    C:0.14912    A:0.39474    G:0.15789
position  3:    T:0.06140    C:0.42982    A:0.06140    G:0.44737
Average         T:0.15497    C:0.26901    A:0.28363    G:0.29240

#24: BarbarySheep   
position  1:    T:0.10526    C:0.22807    A:0.39474    G:0.27193
position  2:    T:0.29825    C:0.14912    A:0.39474    G:0.15789
position  3:    T:0.06140    C:0.42982    A:0.06140    G:0.44737
Average         T:0.15497    C:0.26901    A:0.28363    G:0.29240

#25: Daviddeer      
position  1:    T:0.10526    C:0.22807    A:0.39474    G:0.27193
position  2:    T:0.29825    C:0.14912    A:0.39474    G:0.15789
position  3:    T:0.06140    C:0.42982    A:0.08772    G:0.42105
Average         T:0.15497    C:0.26901    A:0.29240    G:0.28363

#26: Reindeer       
position  1:    T:0.10526    C:0.22807    A:0.39474    G:0.27193
position  2:    T:0.29825    C:0.14912    A:0.39474    G:0.15789
position  3:    T:0.07895    C:0.41228    A:0.07895    G:0.42982
Average         T:0.16082    C:0.26316    A:0.28947    G:0.28655

#27: Ibex           
position  1:    T:0.10526    C:0.22807    A:0.39474    G:0.27193
position  2:    T:0.29825    C:0.14912    A:0.39474    G:0.15789
position  3:    T:0.06140    C:0.42982    A:0.05263    G:0.45614
Average         T:0.15497    C:0.26901    A:0.28070    G:0.29532

#28: GyrantGazelle  
position  1:    T:0.10526    C:0.22807    A:0.39474    G:0.27193
position  2:    T:0.29825    C:0.14912    A:0.39474    G:0.15789
position  3:    T:0.06140    C:0.42982    A:0.05263    G:0.45614
Average         T:0.15497    C:0.26901    A:0.28070    G:0.29532

#29: Hartebeest     
position  1:    T:0.10526    C:0.22807    A:0.39474    G:0.27193
position  2:    T:0.29825    C:0.14912    A:0.39474    G:0.15789
position  3:    T:0.08772    C:0.41228    A:0.05263    G:0.44737
Average         T:0.16374    C:0.26316    A:0.28070    G:0.29240

#30: Bongo          
position  1:    T:0.10526    C:0.22807    A:0.39474    G:0.27193
position  2:    T:0.29825    C:0.14912    A:0.39474    G:0.15789
position  3:    T:0.07895    C:0.41228    A:0.05263    G:0.45614
Average         T:0.16082    C:0.26316    A:0.28070    G:0.29532

#31: Gerenuk        
position  1:    T:0.10526    C:0.22807    A:0.39474    G:0.27193
position  2:    T:0.29825    C:0.14912    A:0.39474    G:0.15789
position  3:    T:0.08772    C:0.40351    A:0.06140    G:0.44737
Average         T:0.16374    C:0.26023    A:0.28363    G:0.29240

#32: CommonEland    
position  1:    T:0.10526    C:0.22807    A:0.39474    G:0.27193
position  2:    T:0.29825    C:0.14912    A:0.39474    G:0.15789
position  3:    T:0.07018    C:0.42982    A:0.05263    G:0.44737
Average         T:0.15789    C:0.26901    A:0.28070    G:0.29240

#33: MuntiacusReevesi
position  1:    T:0.10526    C:0.22807    A:0.39474    G:0.27193
position  2:    T:0.29825    C:0.14912    A:0.39474    G:0.15789
position  3:    T:0.07895    C:0.42982    A:0.10526    G:0.38596
Average         T:0.16082    C:0.26901    A:0.29825    G:0.27193

#34: HarveysDuiker  
position  1:    T:0.10526    C:0.22807    A:0.39474    G:0.27193
position  2:    T:0.29825    C:0.14912    A:0.39474    G:0.15789
position  3:    T:0.06140    C:0.42982    A:0.06140    G:0.44737
Average         T:0.15497    C:0.26901    A:0.28363    G:0.29240

#35: Pronghorn      
position  1:    T:0.10526    C:0.22807    A:0.39474    G:0.27193
position  2:    T:0.29825    C:0.14912    A:0.39474    G:0.15789
position  3:    T:0.07018    C:0.42105    A:0.06140    G:0.44737
Average         T:0.15789    C:0.26608    A:0.28363    G:0.29240

#36: BlueWildebeest 
position  1:    T:0.10526    C:0.22807    A:0.39474    G:0.27193
position  2:    T:0.29825    C:0.14912    A:0.39474    G:0.15789
position  3:    T:0.09649    C:0.40351    A:0.05263    G:0.44737
Average         T:0.16667    C:0.26023    A:0.28070    G:0.29240

#37: Gemsbok        
position  1:    T:0.10526    C:0.22807    A:0.39474    G:0.27193
position  2:    T:0.29825    C:0.14912    A:0.39474    G:0.15789
position  3:    T:0.07018    C:0.42982    A:0.05263    G:0.44737
Average         T:0.15789    C:0.26901    A:0.28070    G:0.29240

#38: Yak            
position  1:    T:0.10526    C:0.22807    A:0.39474    G:0.27193
position  2:    T:0.29825    C:0.14912    A:0.39474    G:0.15789
position  3:    T:0.07018    C:0.42982    A:0.05263    G:0.44737
Average         T:0.15789    C:0.26901    A:0.28070    G:0.29240

#39: BlueSheep      
position  1:    T:0.10526    C:0.22807    A:0.39474    G:0.27193
position  2:    T:0.29825    C:0.14912    A:0.39474    G:0.15789
position  3:    T:0.06140    C:0.42982    A:0.05263    G:0.45614
Average         T:0.15497    C:0.26901    A:0.28070    G:0.29532

#40: BohorReedbuck  
position  1:    T:0.10526    C:0.22807    A:0.39474    G:0.27193
position  2:    T:0.29825    C:0.14912    A:0.39474    G:0.15789
position  3:    T:0.07895    C:0.41228    A:0.06140    G:0.44737
Average         T:0.16082    C:0.26316    A:0.28363    G:0.29240

#41: KirksDik       
position  1:    T:0.10526    C:0.22807    A:0.39474    G:0.27193
position  2:    T:0.29825    C:0.14912    A:0.39474    G:0.15789
position  3:    T:0.06140    C:0.42105    A:0.06140    G:0.45614
Average         T:0.15497    C:0.26608    A:0.28363    G:0.29532

#42: RoeDeer        
position  1:    T:0.11404    C:0.21930    A:0.39474    G:0.27193
position  2:    T:0.29825    C:0.14912    A:0.39474    G:0.15789
position  3:    T:0.07018    C:0.42105    A:0.07895    G:0.42982
Average         T:0.16082    C:0.26316    A:0.28947    G:0.28655

#43: WhiteLippedDeer
position  1:    T:0.10526    C:0.22807    A:0.39474    G:0.27193
position  2:    T:0.29825    C:0.14912    A:0.39474    G:0.15789
position  3:    T:0.06140    C:0.42982    A:0.07895    G:0.42982
Average         T:0.15497    C:0.26901    A:0.28947    G:0.28655

#44: ThomsonGazelle 
position  1:    T:0.10526    C:0.22807    A:0.39474    G:0.27193
position  2:    T:0.29825    C:0.14912    A:0.39474    G:0.15789
position  3:    T:0.07018    C:0.42105    A:0.05263    G:0.45614
Average         T:0.15789    C:0.26608    A:0.28070    G:0.29532

#45: MuntiacusCrinifrons
position  1:    T:0.10526    C:0.22807    A:0.39474    G:0.27193
position  2:    T:0.29825    C:0.14912    A:0.39474    G:0.15789
position  3:    T:0.06140    C:0.44737    A:0.09649    G:0.39474
Average         T:0.15497    C:0.27485    A:0.29532    G:0.27485

#46: WhiteTailedDeer
position  1:    T:0.10526    C:0.22807    A:0.39474    G:0.27193
position  2:    T:0.29825    C:0.14912    A:0.39474    G:0.15789
position  3:    T:0.08772    C:0.41228    A:0.07018    G:0.42982
Average         T:0.16374    C:0.26316    A:0.28655    G:0.28655

#47: Cattle         
position  1:    T:0.10526    C:0.22807    A:0.39474    G:0.27193
position  2:    T:0.29825    C:0.14912    A:0.39474    G:0.15789
position  3:    T:0.07018    C:0.42982    A:0.05263    G:0.44737
Average         T:0.15789    C:0.26901    A:0.28070    G:0.29240

#48: RoyalAntelope  
position  1:    T:0.10526    C:0.22807    A:0.39474    G:0.27193
position  2:    T:0.29825    C:0.14912    A:0.39474    G:0.15789
position  3:    T:0.07018    C:0.42105    A:0.06140    G:0.44737
Average         T:0.15789    C:0.26608    A:0.28363    G:0.29240

#49: Steenbok       
position  1:    T:0.10526    C:0.22807    A:0.39474    G:0.27193
position  2:    T:0.29825    C:0.14912    A:0.39474    G:0.15789
position  3:    T:0.07018    C:0.42105    A:0.05263    G:0.45614
Average         T:0.15789    C:0.26608    A:0.28070    G:0.29532

#50: Impala         
position  1:    T:0.10526    C:0.22807    A:0.39474    G:0.27193
position  2:    T:0.29825    C:0.14912    A:0.39474    G:0.15789
position  3:    T:0.08772    C:0.38596    A:0.06140    G:0.46491
Average         T:0.16374    C:0.25439    A:0.28363    G:0.29825

#51: Klipspringer   
position  1:    T:0.10526    C:0.22807    A:0.39474    G:0.27193
position  2:    T:0.29825    C:0.14912    A:0.39474    G:0.15789
