1
52 1
Argali 0.000000 0.170900 0.039100 0.182900 0.056200 0.016500 0.033300 0.050800 0.039100 0.056800 0.022000 0.027700 0.044700 0.039100 0.050600 0.045400 0.050600 0.056700 0.033300 0.044600 0.058100 0.022000 0.056700 0.062000 0.022100 0.063000 0.039000 0.044800 0.063400 0.044700 0.062700 0.050200 0.050200 0.056600 0.038900 0.044600 0.022100 0.061800 0.050700 0.039400 0.050900 0.081200 0.062600 0.062200 0.044500 0.069700 0.050900 0.051400 0.049900 0.070100 0.044900 0.050800
LesserMous 0.170900 0.000000 0.193100 0.198000 0.199000 0.150500 0.185000 0.192600 0.178500 0.208900 0.184700 0.178000 0.199400 0.178400 0.192600 0.202800 0.178800 0.186600 0.170000 0.184900 0.221500 0.156400 0.198200 0.199100 0.185500 0.199900 0.192500 0.199700 0.203800 0.171200 0.213100 0.205900 0.183900 0.192300 0.177500 0.170300 0.185800 0.205700 0.192600 0.194100 0.208300 0.216100 0.216100 0.192400 0.169700 0.203800 0.193600 0.196000 0.175700 0.196600 0.200300 0.207700
LesserKudu 0.039100 0.193100 0.000000 0.189900 0.050500 0.045000 0.016500 0.045100 0.011000 0.039300 0.039100 0.022100 0.039000 0.022100 0.044900 0.039600 0.044900 0.039200 0.038900 0.016500 0.052200 0.050500 0.050900 0.067900 0.039200 0.069000 0.033400 0.016500 0.069500 0.016500 0.045100 0.022000 0.044600 0.050700 0.033300 0.038900 0.039300 0.056100 0.033500 0.033600 0.045100 0.075100 0.045000 0.056400 0.038800 0.063600 0.033600 0.045600 0.044300 0.064000 0.016500 0.022200
KillerWhal 0.182900 0.198000 0.189900 0.000000 0.182300 0.176900 0.175500 0.197800 0.176100 0.205300 0.196500 0.175800 0.196300 0.189500 0.175700 0.199400 0.176200 0.183700 0.181700 0.182500 0.217300 0.168400 0.197800 0.216700 0.197200 0.199600 0.189500 0.196600 0.207900 0.169000 0.219300 0.188700 0.174800 0.182400 0.161800 0.168400 0.197400 0.188600 0.189900 0.191300 0.190700 0.228300 0.205300 0.189600 0.167900 0.213400 0.190900 0.191400 0.167100 0.208600 0.183100 0.204600
DefassaWat 0.056200 0.199000 0.050500 0.182300 0.000000 0.062200 0.044500 0.074100 0.050300 0.062500 0.056100 0.038900 0.044600 0.050400 0.062100 0.056900 0.062000 0.068200 0.055900 0.044500 0.069900 0.067800 0.068300 0.085300 0.056300 0.086900 0.050300 0.056100 0.075100 0.056000 0.074300 0.061600 0.061600 0.056300 0.050200 0.055900 0.056400 0.005400 0.062100 0.050800 0.062300 0.093000 0.068300 0.061900 0.055800 0.081600 0.062400 0.063000 0.061200 0.069800 0.056300 0.062200
Sheep 0.016500 0.150500 0.045000 0.176900 0.062200 0.000000 0.039100 0.056800 0.033500 0.062900 0.027700 0.033400 0.050700 0.044900 0.056700 0.051400 0.045000 0.051000 0.039000 0.050600 0.064300 0.027700 0.062800 0.068100 0.027800 0.067500 0.044900 0.050700 0.069600 0.039100 0.068900 0.056200 0.056200 0.062600 0.044800 0.050500 0.027800 0.067900 0.056700 0.045300 0.056900 0.086000 0.068800 0.056500 0.050400 0.076000 0.056900 0.056700 0.044400 0.076400 0.050900 0.056800
MaxwellsDu 0.033300 0.185000 0.016500 0.175500 0.044500 0.039100 0.000000 0.044000 0.016500 0.044900 0.033200 0.016400 0.033200 0.016500 0.039000 0.038600 0.039000 0.044900 0.033100 0.022000 0.050700 0.044600 0.044900 0.061700 0.033400 0.067900 0.027600 0.022000 0.068700 0.022000 0.050700 0.027500 0.038700 0.044800 0.021900 0.033100 0.033400 0.050100 0.027700 0.027800 0.039100 0.074000 0.050700 0.050300 0.033000 0.057400 0.027800 0.039600 0.038400 0.057700 0.022100 0.027800
GazellaPrz 0.050800 0.192600 0.045100 0.197800 0.074100 0.056800 0.044000 0.000000 0.045000 0.074900 0.062500 0.044900 0.062400 0.045000 0.068500 0.063400 0.068500 0.074800 0.062200 0.050600 0.076700 0.056500 0.074800 0.092100 0.062700 0.069100 0.056600 0.039200 0.081900 0.050600 0.081000 0.056200 0.068000 0.074600 0.050600 0.050600 0.062800 0.079900 0.056700 0.045400 0.068800 0.093500 0.080900 0.080300 0.050400 0.082300 0.049900 0.068400 0.067500 0.082600 0.050900 0.056900
MountainNy 0.039100 0.178500 0.011000 0.176100 0.050300 0.033500 0.016500 0.045000 0.000000 0.039200 0.039000 0.022000 0.039000 0.022100 0.044800 0.039600 0.033400 0.027800 0.038800 0.016400 0.052100 0.050400 0.050800 0.067700 0.039200 0.069000 0.033300 0.016500 0.069400 0.005400 0.045000 0.033100 0.044500 0.050700 0.033200 0.038900 0.039200 0.055900 0.033400 0.033600 0.045000 0.075000 0.044900 0.044700 0.038700 0.063600 0.033500 0.045500 0.032900 0.063900 0.016500 0.022100
MuntiacusM 0.056800 0.208900 0.039300 0.205300 0.062500 0.062900 0.044900 0.074900 0.039200 0.000000 0.056700 0.039300 0.056700 0.050800 0.062600 0.057600 0.050800 0.045200 0.056500 0.039100 0.070200 0.068400 0.045200 0.062100 0.057000 0.087800 0.050900 0.045000 0.082200 0.044800 0.027800 0.062200 0.050600 0.062900 0.050800 0.056500 0.057000 0.068200 0.062700 0.039500 0.039400 0.094000 0.005400 0.044900 0.056300 0.070200 0.063000 0.063700 0.061800 0.082900 0.045100 0.039400
goat 0.022000 0.184700 0.039100 0.196500 0.056100 0.027700 0.033200 0.062500 0.039000 0.056700 0.000000 0.027700 0.044700 0.039000 0.050600 0.045400 0.050600 0.056600 0.033200 0.044600 0.058000 0.033200 0.056700 0.061900 0.011000 0.074900 0.039000 0.044700 0.075400 0.044600 0.062600 0.050200 0.050200 0.056500 0.038900 0.044600 0.011000 0.061800 0.050600 0.039400 0.050800 0.069000 0.062500 0.062100 0.044400 0.069600 0.050800 0.051400 0.049900 0.070000 0.044900 0.050800
AfricanBuf 0.027700 0.178000 0.022100 0.175800 0.038900 0.033400 0.016400 0.044900 0.022000 0.039300 0.027700 0.000000 0.027600 0.022100 0.033300 0.028000 0.033300 0.039200 0.027500 0.027600 0.040200 0.038900 0.039200 0.056000 0.027800 0.057000 0.022000 0.027700 0.057300 0.027600 0.045000 0.033100 0.033100 0.039100 0.022000 0.027500 0.027800 0.044400 0.033400 0.022200 0.033500 0.063000 0.045000 0.044600 0.027500 0.051600 0.033500 0.033900 0.032900 0.051900 0.027700 0.033500
Topi 0.044700 0.199400 0.039000 0.196300 0.044600 0.050700 0.033200 0.062400 0.039000 0.056700 0.044700 0.027600 0.000000 0.039000 0.039000 0.045300 0.050500 0.045000 0.044500 0.044600 0.046000 0.056200 0.056600 0.073600 0.044900 0.062900 0.005500 0.044700 0.075300 0.044600 0.062600 0.050100 0.050200 0.022100 0.027600 0.044500 0.044900 0.050100 0.050500 0.039300 0.050800 0.068900 0.062500 0.062000 0.044400 0.057600 0.050800 0.053900 0.049800 0.069900 0.044800 0.050700
CommonDuik 0.039100 0.178400 0.022100 0.189500 0.050400 0.044900 0.016500 0.045000 0.022100 0.050800 0.039000 0.022100 0.039000 0.000000 0.044700 0.039600 0.044700 0.050800 0.033200 0.027600 0.052100 0.050400 0.050800 0.067700 0.039200 0.069000 0.033300 0.027700 0.069400 0.027600 0.056800 0.033100 0.044500 0.050700 0.033300 0.038900 0.039200 0.056000 0.033400 0.033600 0.045000 0.075000 0.056500 0.056300 0.038700 0.051700 0.033600 0.045500 0.044200 0.063900 0.027800 0.033500
Suni 0.050600 0.192600 0.044900 0.175700 0.062100 0.056700 0.039000 0.068500 0.044800 0.062600 0.050600 0.033300 0.039000 0.044700 0.000000 0.051300 0.056300 0.062600 0.038900 0.050400 0.064200 0.050500 0.062600 0.079700 0.050800 0.069000 0.033400 0.050600 0.081600 0.050400 0.068700 0.056000 0.056100 0.050700 0.044700 0.038900 0.050900 0.067700 0.044900 0.045200 0.056800 0.075100 0.068400 0.068100 0.038800 0.069700 0.056800 0.057400 0.044200 0.064000 0.050700 0.056700
Springbuck 0.045400 0.202800 0.039600 0.199400 0.056900 0.051400 0.038600 0.063400 0.039600 0.057600 0.045400 0.028000 0.045300 0.039600 0.051300 0.000000 0.051300 0.057400 0.045200 0.045200 0.040500 0.057000 0.057500 0.074700 0.045500 0.069500 0.039600 0.045400 0.045900 0.045300 0.063600 0.050900 0.050900 0.057300 0.039500 0.045200 0.045600 0.062600 0.039300 0.039900 0.051600 0.069500 0.063400 0.063000 0.045100 0.070600 0.045400 0.049800 0.050600 0.058800 0.045500 0.051500
Okapi 0.050600 0.178800 0.044900 0.176200 0.062000 0.045000 0.039000 0.068500 0.033400 0.050800 0.050600 0.033300 0.050500 0.044700 0.056300 0.051300 0.000000 0.027900 0.050400 0.050400 0.064200 0.062100 0.062600 0.079700 0.050800 0.081100 0.044800 0.050600 0.081600 0.039000 0.068700 0.056000 0.044500 0.062500 0.044700 0.050400 0.050800 0.067700 0.056500 0.045200 0.056700 0.087300 0.056600 0.056300 0.050200 0.075800 0.056700 0.057400 0.044200 0.076200 0.050700 0.056700
Giraffe 0.056700 0.186600 0.039200 0.183700 0.068200 0.051000 0.044900 0.074800 0.027800 0.045200 0.056600 0.039200 0.045000 0.050800 0.062600 0.057400 0.027900 0.000000 0.056400 0.044700 0.070600 0.068300 0.068800 0.086000 0.056800 0.087600 0.039200 0.044900 0.088100 0.033300 0.062800 0.062000 0.050500 0.056800 0.050700 0.056400 0.056900 0.073900 0.062600 0.051200 0.062900 0.093800 0.051000 0.062400 0.056200 0.070100 0.062900 0.063600 0.050100 0.082700 0.045000 0.050900
TibetanAnt 0.033300 0.170000 0.038900 0.181700 0.055900 0.039000 0.033100 0.062200 0.038800 0.056500 0.033200 0.027500 0.044500 0.033200 0.038900 0.045200 0.050400 0.056400 0.000000 0.044400 0.057800 0.033200 0.056400 0.061700 0.033300 0.074700 0.038900 0.044600 0.075100 0.044400 0.062400 0.050000 0.050000 0.056300 0.038800 0.033000 0.033400 0.061500 0.038900 0.039200 0.050600 0.080700 0.062300 0.061800 0.032900 0.069400 0.050600 0.051200 0.038300 0.057600 0.044700 0.050500
Sitatunga 0.044600 0.184900 0.016500 0.182500 0.044500 0.050600 0.022000 0.050600 0.016400 0.039100 0.044600 0.027600 0.044600 0.027600 0.050400 0.045200 0.050400 0.044700 0.044400 0.000000 0.057900 0.056100 0.056500 0.073400 0.044800 0.074800 0.038900 0.022000 0.063200 0.021900 0.050600 0.038700 0.050100 0.044800 0.038800 0.044400 0.044800 0.050000 0.039000 0.039200 0.050700 0.080800 0.044800 0.050300 0.044300 0.069400 0.027800 0.051200 0.049700 0.069800 0.022000 0.027700
Oribi 0.058100 0.221500 0.052200 0.217300 0.069900 0.064300 0.050700 0.076700 0.052100 0.070200 0.058000 0.040200 0.046000 0.052100 0.064200 0.040500 0.064200 0.070600 0.057800 0.057900 0.000000 0.070000 0.070600 0.088200 0.052200 0.076700 0.040200 0.058100 0.064900 0.057900 0.076500 0.063600 0.063700 0.058200 0.040100 0.057700 0.058400 0.075800 0.057700 0.052500 0.064600 0.076800 0.076300 0.076200 0.057600 0.084300 0.051900 0.052700 0.063300 0.072200 0.058200 0.064400
BarbaryShe 0.022000 0.156400 0.050500 0.168400 0.067800 0.027700 0.044600 0.056500 0.050400 0.068400 0.033200 0.038900 0.056200 0.050400 0.050500 0.057000 0.062100 0.068300 0.033200 0.056100 0.070000 0.000000 0.068400 0.073600 0.033300 0.062800 0.050400 0.056200 0.075300 0.056100 0.074400 0.061700 0.061700 0.068200 0.038800 0.044500 0.033300 0.073400 0.050500 0.050900 0.062500 0.093200 0.074300 0.073800 0.044300 0.069500 0.050700 0.063100 0.049800 0.069800 0.056400 0.062400
Daviddeer 0.056700 0.198200 0.050900 0.197800 0.068300 0.062800 0.044900 0.074800 0.050800 0.045200 0.056700 0.039200 0.056600 0.050800 0.062600 0.057500 0.062600 0.068800 0.056400 0.056500 0.070600 0.068400 0.000000 0.062000 0.056900 0.087700 0.050800 0.056700 0.088200 0.056500 0.051000 0.062100 0.062200 0.068700 0.050700 0.056400 0.057000 0.074000 0.062700 0.039400 0.027900 0.094000 0.050900 0.050600 0.056300 0.070100 0.063000 0.063600 0.061800 0.082800 0.045100 0.051100
Reindeer 0.062000 0.199100 0.067900 0.216700 0.085300 0.068100 0.061700 0.092100 0.067700 0.062100 0.061900 0.056000 0.073600 0.067700 0.079700 0.074700 0.079700 0.086000 0.061700 0.073400 0.088200 0.073600 0.062000 0.000000 0.062100 0.092900 0.067700 0.073600 0.105800 0.073400 0.067900 0.079100 0.079200 0.085900 0.067600 0.073400 0.062200 0.091100 0.079800 0.044700 0.044600 0.086700 0.067900 0.033000 0.073100 0.087700 0.080200 0.081000 0.078600 0.100500 0.073900 0.068100
Ibex 0.022100 0.185500 0.039200 0.197200 0.056300 0.027800 0.033400 0.062700 0.039200 0.057000 0.011000 0.027800 0.044900 0.039200 0.050800 0.045500 0.050800 0.056800 0.033300 0.044800 0.052200 0.033300 0.056900 0.062100 0.000000 0.075200 0.039200 0.044900 0.075700 0.044800 0.062900 0.050300 0.050400 0.056700 0.039100 0.044700 0.010900 0.062000 0.050800 0.039500 0.051000 0.075300 0.062800 0.062300 0.044600 0.070000 0.051000 0.051600 0.050100 0.070300 0.045000 0.050900
GyrantGaze 0.063000 0.199900 0.069000 0.199600 0.086900 0.067500 0.067900 0.069100 0.069000 0.087800 0.074900 0.057000 0.062900 0.069000 0.069000 0.069500 0.081100 0.087600 0.074700 0.074800 0.076700 0.062800 0.087700 0.092900 0.075200 0.000000 0.057000 0.075000 0.082200 0.074800 0.094000 0.080500 0.080500 0.075200 0.056800 0.074700 0.075300 0.092700 0.074600 0.057500 0.069400 0.045000 0.093900 0.081000 0.074500 0.087800 0.057100 0.074100 0.067900 0.095900 0.075200 0.081400
Hartebeest 0.039000 0.192500 0.033400 0.189500 0.050300 0.044900 0.027600 0.056600 0.033300 0.050900 0.039000 0.022000 0.005500 0.033300 0.033400 0.039600 0.044800 0.039200 0.038900 0.038900 0.040200 0.050400 0.050800 0.067700 0.039200 0.057000 0.000000 0.039000 0.069300 0.038900 0.056800 0.044400 0.044500 0.016500 0.022000 0.038900 0.039200 0.055900 0.044800 0.033600 0.045000 0.063000 0.056700 0.056200 0.038700 0.051700 0.045000 0.043600 0.044200 0.063900 0.039100 0.045000
Bongo 0.044800 0.199700 0.016500 0.196600 0.056100 0.050700 0.022000 0.039200 0.016500 0.045000 0.044700 0.027700 0.044700 0.027700 0.050600 0.045400 0.050600 0.044900 0.044600 0.022000 0.058100 0.056200 0.056700 0.073600 0.044900 0.075000 0.039000 0.000000 0.075400 0.022000 0.050800 0.038800 0.050200 0.056500 0.038900 0.033200 0.045000 0.061800 0.039100 0.027900 0.050800 0.081100 0.050700 0.062100 0.033100 0.069700 0.039300 0.051400 0.049900 0.070000 0.022100 0.027800
Gerenuk 0.063400 0.203800 0.069500 0.207900 0.075100 0.069600 0.068700 0.081900 0.069400 0.082200 0.075400 0.057300 0.075300 0.069400 0.081600 0.045900 0.081600 0.088100 0.075100 0.063200 0.064900 0.075300 0.088200 0.105800 0.075700 0.082200 0.069300 0.075400 0.000000 0.075300 0.094600 0.081000 0.081000 0.075700 0.069200 0.075100 0.075800 0.080900 0.075000 0.070000 0.082000 0.107200 0.088300 0.081400 0.074900 0.102300 0.069400 0.081200 0.080500 0.090200 0.075600 0.081900
CommonElan 0.044700 0.171200 0.016500 0.169000 0.056000 0.039100 0.022000 0.050600 0.005400 0.044800 0.044600 0.027600 0.044600 0.027600 0.050400 0.045300 0.039000 0.033300 0.044400 0.021900 0.057900 0.056100 0.056500 0.073400 0.044800 0.074800 0.038900 0.022000 0.075300 0.000000 0.050600 0.038700 0.038700 0.056400 0.038800 0.033100 0.044800 0.061600 0.039000 0.039200 0.050700 0.080900 0.050500 0.050300 0.033000 0.069400 0.039200 0.039600 0.038400 0.069800 0.022000 0.027700
MuntiacusR 0.062700 0.213100 0.045100 0.219300 0.074300 0.068900 0.050700 0.081000 0.045000 0.027800 0.062600 0.045000 0.062600 0.056800 0.068700 0.063600 0.068700 0.062800 0.062400 0.050600 0.076500 0.074400 0.051000 0.067900 0.062900 0.094000 0.056800 0.050800 0.094600 0.050600 0.000000 0.068100 0.068100 0.074800 0.056600 0.062400 0.063000 0.080000 0.068700 0.045300 0.045200 0.100300 0.033500 0.056400 0.062200 0.076400 0.069000 0.063800 0.067700 0.089200 0.050900 0.045300
HarveysDui 0.050200 0.205900 0.022000 0.188700 0.061600 0.056200 0.027500 0.056200 0.033100 0.062200 0.050200 0.033100 0.050100 0.033100 0.056000 0.050900 0.056000 0.062000 0.050000 0.038700 0.063600 0.061700 0.062100 0.079100 0.050300 0.080500 0.044400 0.038800 0.081000 0.038700 0.068100 0.000000 0.055600 0.062000 0.044300 0.050000 0.050400 0.067200 0.044600 0.044800 0.056300 0.086600 0.062200 0.067500 0.049800 0.075100 0.044800 0.056900 0.055300 0.075500 0.038900 0.044700
Pronghorn 0.050200 0.183900 0.044600 0.174800 0.061600 0.056200 0.038700 0.068000 0.044500 0.050600 0.050200 0.033100 0.050200 0.044500 0.056100 0.050900 0.044500 0.050500 0.050000 0.050100 0.063700 0.061700 0.062200 0.079200 0.050400 0.080500 0.044500 0.050200 0.081000 0.038700 0.068100 0.055600 0.000000 0.062000 0.044400 0.038700 0.050400 0.067200 0.056100 0.044900 0.056300 0.086600 0.056300 0.067600 0.038600 0.075300 0.056400 0.045300 0.055300 0.075600 0.050300 0.056200
BlueWildeb 0.056600 0.192300 0.050700 0.182400 0.056300 0.062600 0.044800 0.074600 0.050700 0.062900 0.056500 0.039100 0.022100 0.050700 0.050700 0.057300 0.062500 0.056800 0.056300 0.044800 0.058200 0.068200 0.068700 0.085900 0.056700 0.075200 0.016500 0.056500 0.075700 0.056400 0.074800 0.062000 0.062000 0.000000 0.039100 0.056300 0.056800 0.062000 0.062500 0.051100 0.062800 0.081300 0.068800 0.062300 0.056100 0.069900 0.062800 0.061900 0.061600 0.082500 0.056700 0.062700
Gemsbok 0.038900 0.177500 0.033300 0.161800 0.050200 0.044800 0.021900 0.050600 0.033200 0.050800 0.038900 0.022000 0.027600 0.033300 0.044700 0.039500 0.044700 0.050700 0.038800 0.038800 0.040100 0.038800 0.050700 0.067600 0.039100 0.056800 0.022000 0.038900 0.069200 0.038800 0.056600 0.044300 0.044400 0.039100 0.000000 0.038800 0.039100 0.055800 0.044700 0.033500 0.044900 0.074800 0.056500 0.056100 0.038600 0.051500 0.033400 0.043200 0.044100 0.063800 0.039000 0.044800
Yak 0.044600 0.170300 0.038900 0.168400 0.055900 0.050500 0.033100 0.050600 0.038900 0.056500 0.044600 0.027500 0.044500 0.038900 0.038900 0.045200 0.050400 0.056400 0.033000 0.044400 0.057700 0.044500 0.056400 0.073400 0.044700 0.074700 0.038900 0.033200 0.075100 0.033100 0.062400 0.050000 0.038700 0.056300 0.038800 0.000000 0.044800 0.061500 0.038900 0.027800 0.050600 0.080800 0.062300 0.061800 0.000000 0.069400 0.050600 0.037000 0.038300 0.057600 0.044700 0.050600
BlueSheep 0.022100 0.185800 0.039300 0.197400 0.056400 0.027800 0.033400 0.062800 0.039200 0.057000 0.011000 0.027800 0.044900 0.039200 0.050900 0.045600 0.050800 0.056900 0.033400 0.044800 0.058400 0.033300 0.057000 0.062200 0.010900 0.075300 0.039200 0.045000 0.075800 0.044800 0.063000 0.050400 0.050400 0.056800 0.039100 0.044800 0.000000 0.062100 0.050800 0.039600 0.051100 0.081500 0.062900 0.062400 0.044700 0.070100 0.051100 0.051700 0.050100 0.070400 0.045100 0.051000
BohorReedb 0.061800 0.205700 0.056100 0.188600 0.005400 0.067900 0.050100 0.079900 0.055900 0.068200 0.061800 0.044400 0.050100 0.056000 0.067700 0.062600 0.067700 0.073900 0.061500 0.050000 0.075800 0.073400 0.074000 0.091100 0.062000 0.092700 0.055900 0.061800 0.080900 0.061600 0.080000 0.067200 0.067200 0.062000 0.055800 0.061500 0.062100 0.000000 0.067800 0.056400 0.068000 0.098900 0.074000 0.067600 0.061400 0.087400 0.068100 0.068800 0.066800 0.075600 0.061900 0.067900
KirksDik 0.050700 0.192600 0.033500 0.189900 0.062100 0.056700 0.027700 0.056700 0.033400 0.062700 0.050600 0.033400 0.050500 0.033400 0.044900 0.039300 0.056500 0.062600 0.038900 0.039000 0.057700 0.050500 0.062700 0.079800 0.050800 0.074600 0.044800 0.039100 0.075000 0.039000 0.068700 0.044600 0.056100 0.062500 0.044700 0.038900 0.050800 0.067800 0.000000 0.045200 0.056800 0.074600 0.068600 0.068100 0.038800 0.075800 0.027800 0.057400 0.044300 0.063900 0.033500 0.045000
RoeDeer 0.039400 0.194100 0.033600 0.191300 0.050800 0.045300 0.027800 0.045400 0.033600 0.039500 0.039400 0.022200 0.039300 0.033600 0.045200 0.039900 0.045200 0.051200 0.039200 0.039200 0.052500 0.050900 0.039400 0.044700 0.039500 0.057500 0.033600 0.027900 0.070000 0.039200 0.045300 0.044800 0.044900 0.051100 0.033500 0.027800 0.039600 0.056400 0.045200 0.000000 0.022300 0.063600 0.045200 0.033400 0.027700 0.064200 0.045400 0.043500 0.044600 0.064500 0.039500 0.045400
WhiteLippe 0.050900 0.208300 0.045100 0.190700 0.062300 0.056900 0.039100 0.068800 0.045000 0.039400 0.050800 0.033500 0.050800 0.045000 0.056800 0.051600 0.056700 0.062900 0.050600 0.050700 0.064600 0.062500 0.027900 0.044600 0.051000 0.069400 0.045000 0.050800 0.082000 0.050700 0.045200 0.056300 0.056300 0.062800 0.044900 0.050600 0.051100 0.068000 0.056800 0.022300 0.000000 0.075500 0.045100 0.033400 0.050500 0.064100 0.057000 0.057700 0.055900 0.076600 0.039300 0.045300
ThomsonGaz 0.081200 0.216100 0.075100 0.228300 0.093000 0.086000 0.074000 0.093500 0.075000 0.094000 0.069000 0.063000 0.068900 0.075000 0.075100 0.069500 0.087300 0.093800 0.080700 0.080800 0.076800 0.093200 0.094000 0.086700 0.075300 0.045000 0.063000 0.081100 0.107200 0.080900 0.100300 0.086600 0.086600 0.081300 0.074800 0.080800 0.081500 0.098900 0.074600 0.063600 0.075500 0.000000 0.100100 0.087100 0.080500 0.107000 0.081200 0.080300 0.086100 0.089700 0.081300 0.087600
MuntiacusC 0.062600 0.216100 0.045000 0.205300 0.068300 0.068800 0.050700 0.080900 0.044900 0.005400 0.062500 0.045000 0.062500 0.056500 0.068400 0.063400 0.056600 0.051000 0.062300 0.044800 0.076300 0.074300 0.050900 0.067900 0.062800 0.093900 0.056700 0.050700 0.088300 0.050500 0.033500 0.062200 0.056300 0.068800 0.056500 0.062300 0.062900 0.074000 0.068600 0.045200 0.045100 0.100100 0.000000 0.050600 0.062100 0.076300 0.068900 0.069700 0.067600 0.089000 0.050800 0.045200
WhiteTaile 0.062200 0.192400 0.056400 0.189600 0.061900 0.056500 0.050300 0.080300 0.044700 0.044900 0.062100 0.044600 0.062000 0.056300 0.068100 0.063000 0.056300 0.062400 0.061800 0.050300 0.076200 0.073800 0.050600 0.033000 0.062300 0.081000 0.056200 0.062100 0.081400 0.050300 0.056400 0.067500 0.067600 0.062300 0.056100 0.061800 0.062400 0.067600 0.068100 0.033400 0.033400 0.087100 0.050600 0.000000 0.061700 0.075700 0.068500 0.069200 0.055600 0.088300 0.062300 0.056600
Cattle 0.044500 0.169700 0.038800 0.167900 0.055800 0.050400 0.033000 0.050400 0.038700 0.056300 0.044400 0.027500 0.044400 0.038700 0.038800 0.045100 0.050200 0.056200 0.032900 0.044300 0.057600 0.044300 0.056300 0.073100 0.044600 0.074500 0.038700 0.033100 0.074900 0.033000 0.062200 0.049800 0.038600 0.056100 0.038600 0.000000 0.044700 0.061400 0.038800 0.027700 0.050500 0.080500 0.062100 0.061700 0.000000 0.069200 0.050500 0.036700 0.038200 0.057400 0.044600 0.050400
RoyalAntel 0.069700 0.203800 0.063600 0.213400 0.081600 0.076000 0.057400 0.082300 0.063600 0.070200 0.069600 0.051600 0.057600 0.051700 0.069700 0.070600 0.075800 0.070100 0.069400 0.069400 0.084300 0.069500 0.070100 0.087700 0.070000 0.087800 0.051700 0.069700 0.102300 0.069400 0.076400 0.075100 0.075300 0.069900 0.051500 0.069400 0.070100 0.087400 0.075800 0.064200 0.064100 0.107000 0.076300 0.075700 0.069200 0.000000 0.064000 0.074700 0.074800 0.097100 0.069800 0.064000
Steenbok 0.050900 0.193600 0.033600 0.190900 0.062400 0.056900 0.027800 0.049900 0.033500 0.063000 0.050800 0.033500 0.050800 0.033600 0.056800 0.045400 0.056700 0.062900 0.050600 0.027800 0.051900 0.050700 0.063000 0.080200 0.051000 0.057100 0.045000 0.039300 0.069400 0.039200 0.069000 0.044800 0.056400 0.062800 0.033400 0.050600 0.051100 0.068100 0.027800 0.045400 0.057000 0.081200 0.068900 0.068500 0.050500 0.064000 0.000000 0.055800 0.056000 0.076600 0.033700 0.045300
Impala 0.051400 0.196000 0.045600 0.191400 0.063000 0.056700 0.039600 0.068400 0.045500 0.063700 0.051400 0.033900 0.053900 0.045500 0.057400 0.049800 0.057400 0.063600 0.051200 0.051200 0.052700 0.063100 0.063600 0.081000 0.051600 0.074100 0.043600 0.051400 0.081200 0.039600 0.063800 0.056900 0.045300 0.061900 0.043200 0.037000 0.051700 0.068800 0.057400 0.043500 0.057700 0.080300 0.069700 0.069200 0.036700 0.074700 0.055800 0.000000 0.056600 0.075500 0.051500 0.057600
Klipspring 0.049900 0.175700 0.044300 0.167100 0.061200 0.044400 0.038400 0.067500 0.032900 0.061800 0.049900 0.032900 0.049800 0.044200 0.044200 0.050600 0.044200 0.050100 0.038300 0.049700 0.063300 0.049800 0.061800 0.078600 0.050100 0.067900 0.044200 0.049900 0.080500 0.038400 0.067700 0.055300 0.055300 0.061600 0.044100 0.038300 0.050100 0.066800 0.044300 0.044600 0.055900 0.086100 0.067600 0.055600 0.038200 0.074800 0.056000 0.056600 0.000000 0.063000 0.050000 0.055900
ForestMusk 0.070100 0.196600 0.064000 0.208600 0.069800 0.076400 0.057700 0.082600 0.063900 0.082900 0.070000 0.051900 0.069900 0.063900 0.064000 0.058800 0.076200 0.082700 0.057600 0.069800 0.072200 0.069800 0.082800 0.100500 0.070300 0.095900 0.063900 0.070000 0.090200 0.069800 0.089200 0.075500 0.075600 0.082500 0.063800 0.057600 0.070400 0.075600 0.063900 0.064500 0.076600 0.089700 0.089000 0.088300 0.057400 0.097100 0.076600 0.075500 0.063000 0.000000 0.070200 0.076500
Bushbuck 0.044900 0.200300 0.016500 0.183100 0.056300 0.050900 0.022100 0.050900 0.016500 0.045100 0.044900 0.027700 0.044800 0.027800 0.050700 0.045500 0.050700 0.045000 0.044700 0.022000 0.058200 0.056400 0.045100 0.073900 0.045000 0.075200 0.039100 0.022100 0.075600 0.022000 0.050900 0.038900 0.050300 0.056700 0.039000 0.044700 0.045100 0.061900 0.033500 0.039500 0.039300 0.081300 0.050800 0.062300 0.044600 0.069800 0.033700 0.051500 0.050000 0.070200 0.000000 0.027800
GreaterKud 0.050800 0.207700 0.022200 0.204600 0.062200 0.056800 0.027800 0.056900 0.022100 0.039400 0.050800 0.033500 0.050700 0.033500 0.056700 0.051500 0.056700 0.050900 0.050500 0.027700 0.064400 0.062400 0.051100 0.068100 0.050900 0.081400 0.045000 0.027800 0.081900 0.027700 0.045300 0.044700 0.056200 0.062700 0.044800 0.050600 0.051000 0.067900 0.045000 0.045400 0.045300 0.087600 0.045200 0.056600 0.050400 0.064000 0.045300 0.057600 0.055900 0.076500 0.027800 0.000000
