1
52 1
Argali 0.000000 0.224000 0.036900 0.210600 0.073800 0.000000 0.114000 0.075300 0.036900 0.073200 0.000000 0.057900 0.211100 0.055100 0.076700 0.055200 0.055000 0.096100 0.092300 0.055500 0.114600 0.000000 0.073500 0.055400 0.000000 0.116500 0.188300 0.036900 0.075300 0.036900 0.093500 0.146500 0.117900 0.188300 0.116000 0.036900 0.000000 0.093000 0.073900 0.093400 0.093600 0.138400 0.093500 0.055000 0.036900 0.073700 0.094600 0.112800 0.036000 0.054400 0.036900 0.036900
LesserMous 0.224000 0.000000 0.230200 0.278800 0.222800 0.224000 0.328500 0.277200 0.230200 0.276100 0.224000 0.259200 0.475300 0.248200 0.283100 0.250400 0.201100 0.256600 0.246300 0.254300 0.330200 0.224000 0.177300 0.201100 0.224000 0.277000 0.438200 0.230200 0.277200 0.230200 0.250600 0.383500 0.230000 0.438200 0.227100 0.227300 0.224000 0.246400 0.225200 0.155100 0.200800 0.305500 0.250600 0.201100 0.227300 0.272400 0.251100 0.272300 0.222700 0.200300 0.230200 0.230200
LesserKudu 0.036900 0.230200 0.000000 0.239700 0.116300 0.036900 0.137300 0.118700 0.000000 0.074800 0.036900 0.101000 0.239500 0.075700 0.119500 0.096400 0.056300 0.098200 0.135500 0.018100 0.160800 0.036900 0.075300 0.056300 0.036900 0.163800 0.215800 0.000000 0.118700 0.000000 0.095500 0.171500 0.120800 0.215800 0.163200 0.076900 0.036900 0.136900 0.075800 0.095900 0.096100 0.188100 0.095500 0.056300 0.076900 0.116300 0.097200 0.115800 0.075400 0.055800 0.000000 0.000000
KillerWhal 0.210600 0.278800 0.239700 0.000000 0.316600 0.210600 0.314500 0.320700 0.239700 0.257500 0.210600 0.309200 0.368900 0.235800 0.329900 0.288900 0.236300 0.298000 0.283500 0.263000 0.375000 0.210600 0.208900 0.236300 0.210600 0.385200 0.339300 0.239700 0.320700 0.239700 0.287700 0.383800 0.273800 0.339300 0.324900 0.269300 0.210600 0.342400 0.312500 0.234900 0.209600 0.421100 0.287700 0.236300 0.269300 0.285700 0.345300 0.368300 0.260400 0.287100 0.239700 0.239700
DefassaWat 0.073800 0.222800 0.116300 0.316600 0.000000 0.073800 0.113900 0.075200 0.116300 0.154500 0.073800 0.098500 0.210600 0.055000 0.076300 0.055100 0.093700 0.137800 0.092200 0.136300 0.114500 0.073800 0.112700 0.093700 0.073800 0.075600 0.187800 0.116300 0.075200 0.116300 0.133900 0.146200 0.161100 0.187800 0.075200 0.075200 0.073800 0.017700 0.073900 0.093100 0.134100 0.096100 0.133900 0.093700 0.075200 0.073600 0.094500 0.112700 0.036000 0.092900 0.116300 0.116300
Sheep 0.000000 0.224000 0.036900 0.210600 0.073800 0.000000 0.114000 0.075300 0.036900 0.073200 0.000000 0.057900 0.211100 0.055100 0.076400 0.055300 0.055000 0.096100 0.092300 0.055500 0.114600 0.000000 0.073500 0.055000 0.000000 0.116500 0.188300 0.036900 0.075300 0.036900 0.093500 0.146500 0.117900 0.188300 0.116000 0.036900 0.000000 0.093000 0.073900 0.093400 0.093600 0.138400 0.093400 0.055000 0.036900 0.073700 0.094600 0.112800 0.036000 0.055100 0.036900 0.036900
MaxwellsDu 0.114000 0.328500 0.137300 0.314500 0.113900 0.114000 0.000000 0.095600 0.137300 0.154400 0.114000 0.142100 0.209900 0.055000 0.117800 0.074700 0.135000 0.182800 0.093100 0.157700 0.094300 0.114000 0.154900 0.135000 0.114000 0.138300 0.187300 0.137300 0.095600 0.137300 0.133900 0.101400 0.208000 0.187300 0.159500 0.075500 0.114000 0.134200 0.093800 0.177500 0.177900 0.161100 0.133900 0.135000 0.075500 0.113800 0.115300 0.155100 0.073900 0.133900 0.137300 0.137300
GazellaPrz 0.075300 0.277200 0.118700 0.320700 0.075200 0.075300 0.095600 0.000000 0.118700 0.157100 0.075800 0.100600 0.165700 0.055700 0.077700 0.017700 0.095500 0.140100 0.093900 0.138900 0.035600 0.075300 0.115000 0.095900 0.075300 0.036200 0.144000 0.118700 0.000000 0.118700 0.136100 0.148800 0.164100 0.144000 0.118500 0.076600 0.075300 0.094900 0.035600 0.136600 0.136900 0.055200 0.136100 0.095500 0.076600 0.075300 0.017800 0.115200 0.036700 0.094600 0.118700 0.118700
MountainNy 0.036900 0.230200 0.000000 0.239700 0.116300 0.036900 0.137300 0.118700 0.000000 0.074800 0.036900 0.101000 0.239500 0.075700 0.119500 0.096400 0.056300 0.098200 0.135500 0.018200 0.160800 0.036900 0.075300 0.056300 0.036900 0.163800 0.215800 0.000000 0.118700 0.000000 0.095500 0.171500 0.120800 0.215800 0.163200 0.076900 0.036900 0.136900 0.075800 0.095900 0.096100 0.188100 0.095500 0.056300 0.076900 0.116300 0.097200 0.115800 0.075400 0.055800 0.000000 0.000000
MuntiacusM 0.073200 0.276100 0.074800 0.257500 0.154500 0.073200 0.154400 0.157100 0.074800 0.000000 0.073200 0.140100 0.232000 0.133800 0.159600 0.134500 0.054500 0.095400 0.174200 0.094200 0.155200 0.073200 0.072900 0.054500 0.073100 0.203100 0.258900 0.074800 0.157100 0.074800 0.017700 0.241200 0.116800 0.258900 0.202200 0.115100 0.073200 0.175500 0.113100 0.092600 0.092700 0.228200 0.017700 0.054500 0.115100 0.153900 0.134800 0.153700 0.112500 0.092600 0.074800 0.074800
goat 0.000000 0.224000 0.036900 0.210600 0.073800 0.000000 0.114000 0.075800 0.036900 0.073200 0.000000 0.057900 0.211100 0.055100 0.076400 0.055200 0.055000 0.096200 0.092300 0.055500 0.114600 0.000000 0.073500 0.055000 0.000000 0.116500 0.188300 0.036900 0.075300 0.036900 0.093500 0.146500 0.117900 0.188300 0.116000 0.036900 0.000000 0.093000 0.073900 0.093400 0.093600 0.138400 0.093500 0.055000 0.036900 0.073700 0.094600 0.112800 0.036000 0.054500 0.036900 0.036900
AfricanBuf 0.057900 0.259200 0.101000 0.309200 0.098500 0.057900 0.142100 0.100600 0.101000 0.140100 0.057900 0.000000 0.252000 0.078600 0.101500 0.078300 0.078300 0.123100 0.117700 0.121400 0.142200 0.057900 0.097900 0.078300 0.057900 0.145800 0.227600 0.101000 0.100600 0.101000 0.119300 0.154200 0.147800 0.227600 0.097300 0.058800 0.057900 0.119000 0.098100 0.119900 0.120200 0.169800 0.119300 0.078300 0.058800 0.098500 0.121000 0.140100 0.057600 0.077400 0.101000 0.101000
Topi 0.211100 0.475300 0.239500 0.368900 0.210600 0.211100 0.209900 0.165700 0.239500 0.232000 0.211100 0.252000 0.000000 0.141500 0.219100 0.187300 0.211100 0.269800 0.230600 0.262300 0.210000 0.211100 0.232300 0.211100 0.211100 0.215700 0.019600 0.239500 0.165700 0.239500 0.209200 0.205800 0.247000 0.019600 0.267800 0.216200 0.211100 0.233300 0.208700 0.259400 0.260000 0.242600 0.209200 0.211100 0.216200 0.210100 0.186900 0.257000 0.163000 0.233700 0.239500 0.239500
CommonDuik 0.055100 0.248200 0.075700 0.235800 0.055000 0.055100 0.055000 0.055700 0.075700 0.133800 0.055100 0.078600 0.141500 0.000000 0.056800 0.036600 0.074500 0.117100 0.073200 0.094900 0.094800 0.055100 0.093400 0.074500 0.055100 0.096600 0.120600 0.075700 0.056200 0.075700 0.113700 0.080600 0.139900 0.120600 0.096200 0.056100 0.055100 0.073900 0.055100 0.114000 0.114300 0.118000 0.113700 0.075400 0.056100 0.055000 0.075300 0.093400 0.017900 0.073800 0.075700 0.075700
Suni 0.076700 0.283100 0.119500 0.329900 0.076300 0.076400 0.117800 0.077700 0.119500 0.159600 0.076400 0.101500 0.219100 0.056800 0.000000 0.056900 0.096900 0.142600 0.095900 0.140100 0.118200 0.076400 0.116500 0.096900 0.076400 0.120300 0.195400 0.119500 0.077700 0.119500 0.138500 0.151000 0.167000 0.195400 0.120000 0.077400 0.076400 0.096000 0.076200 0.138400 0.138700 0.142900 0.138500 0.096900 0.077400 0.076100 0.097500 0.116300 0.037200 0.096000 0.119500 0.119500
Springbuck 0.055200 0.250400 0.096400 0.288900 0.055100 0.055300 0.074700 0.017700 0.096400 0.134500 0.055200 0.078300 0.187300 0.036600 0.056900 0.000000 0.074600 0.117400 0.073600 0.116300 0.053800 0.055200 0.093600 0.074600 0.055200 0.054600 0.165200 0.096400 0.017800 0.096400 0.114200 0.124000 0.140000 0.165200 0.096200 0.056100 0.055500 0.073700 0.017400 0.114200 0.114400 0.074000 0.114200 0.074600 0.056100 0.055100 0.035600 0.093800 0.017900 0.074000 0.096400 0.096400
Okapi 0.055000 0.201100 0.056300 0.236300 0.093700 0.055000 0.135000 0.095500 0.056300 0.054500 0.055000 0.078300 0.211100 0.074500 0.096900 0.074600 0.000000 0.037200 0.112300 0.075400 0.135500 0.055000 0.017800 0.000000 0.055000 0.137900 0.188300 0.056300 0.095700 0.056300 0.036200 0.170400 0.057000 0.188300 0.137300 0.056100 0.055000 0.113200 0.054900 0.036200 0.036200 0.160500 0.036200 0.000000 0.056100 0.093500 0.074900 0.093100 0.054800 0.036100 0.056300 0.056300
Giraffe 0.096100 0.256600 0.098200 0.298000 0.137800 0.096100 0.182800 0.140100 0.098200 0.095400 0.096200 0.123100 0.269800 0.117100 0.142600 0.117400 0.037200 0.000000 0.157600 0.118600 0.183000 0.096100 0.055800 0.037000 0.096100 0.186300 0.244300 0.098200 0.140100 0.098200 0.075900 0.197200 0.099900 0.244300 0.185300 0.098200 0.096100 0.158600 0.095800 0.075900 0.075700 0.211200 0.075900 0.037200 0.098200 0.137100 0.117500 0.114600 0.095600 0.075500 0.098200 0.098200
TibetanAnt 0.092300 0.246300 0.135500 0.283500 0.092200 0.092300 0.093100 0.093900 0.135500 0.174200 0.092300 0.117700 0.230600 0.073200 0.095900 0.073600 0.112300 0.157600 0.000000 0.114100 0.133600 0.092300 0.091800 0.112300 0.092300 0.135500 0.207500 0.135500 0.093900 0.135500 0.153400 0.121300 0.181000 0.207500 0.094100 0.055000 0.092300 0.111600 0.092400 0.111900 0.112100 0.157700 0.153400 0.112300 0.055000 0.092000 0.113300 0.131600 0.053900 0.111500 0.135500 0.135500
Sitatunga 0.055500 0.254300 0.018100 0.263000 0.136300 0.055500 0.157700 0.138900 0.018200 0.094200 0.055500 0.121400 0.262300 0.094900 0.140100 0.116300 0.075400 0.118600 0.114100 0.000000 0.181700 0.055500 0.094600 0.075400 0.055500 0.184700 0.237900 0.018100 0.138900 0.018100 0.115500 0.193400 0.141500 0.237900 0.184100 0.096500 0.055500 0.157300 0.095200 0.115500 0.115700 0.209500 0.115500 0.075400 0.096500 0.136100 0.116900 0.135700 0.094600 0.074800 0.018100 0.018100
Oribi 0.114600 0.330200 0.160800 0.375000 0.114500 0.114600 0.094300 0.035600 0.160800 0.155200 0.114600 0.142200 0.210000 0.094800 0.118200 0.053800 0.135500 0.183000 0.133600 0.181700 0.000000 0.114600 0.155700 0.135500 0.114600 0.073300 0.187300 0.160800 0.035600 0.160800 0.134300 0.193300 0.208200 0.187300 0.160400 0.116200 0.114600 0.135100 0.072200 0.178500 0.178800 0.093300 0.134300 0.135500 0.116200 0.114600 0.053800 0.156400 0.074300 0.134500 0.160800 0.160800
BarbaryShe 0.000000 0.224000 0.036900 0.210600 0.073800 0.000000 0.114000 0.075300 0.036900 0.073200 0.000000 0.057900 0.211100 0.055100 0.076400 0.055200 0.055000 0.096100 0.092300 0.055500 0.114600 0.000000 0.073500 0.055400 0.000000 0.116500 0.188300 0.036900 0.075300 0.036900 0.093500 0.146500 0.117900 0.188300 0.116000 0.036900 0.000000 0.093000 0.073900 0.093400 0.093600 0.138400 0.093500 0.055400 0.036900 0.073900 0.094600 0.112800 0.036000 0.054500 0.036900 0.036900
Daviddeer 0.073500 0.177300 0.075300 0.208900 0.112700 0.073500 0.154900 0.115000 0.075300 0.072900 0.073500 0.097900 0.232300 0.093400 0.116500 0.093600 0.017800 0.055800 0.091800 0.094600 0.155700 0.073500 0.000000 0.017800 0.073500 0.158300 0.209200 0.075300 0.115000 0.075300 0.054300 0.191500 0.076000 0.209200 0.115300 0.074800 0.073500 0.132700 0.073600 0.017700 0.017800 0.181600 0.054300 0.017800 0.074800 0.112600 0.095000 0.112300 0.073200 0.054500 0.075300 0.075300
Reindeer 0.055400 0.201100 0.056300 0.236300 0.093700 0.055000 0.135000 0.095900 0.056300 0.054500 0.055000 0.078300 0.211100 0.074500 0.096900 0.074600 0.000000 0.037000 0.112300 0.075400 0.135500 0.055400 0.017800 0.000000 0.055000 0.137900 0.188300 0.056300 0.095500 0.056300 0.036200 0.170400 0.057000 0.188300 0.137300 0.056100 0.055000 0.113200 0.054900 0.036200 0.036200 0.160500 0.036200 0.000000 0.056100 0.094400 0.074900 0.093100 0.054800 0.036400 0.056300 0.056300
Ibex 0.000000 0.224000 0.036900 0.210600 0.073800 0.000000 0.114000 0.075300 0.036900 0.073100 0.000000 0.057900 0.211100 0.055100 0.076400 0.055200 0.055000 0.096100 0.092300 0.055500 0.114600 0.000000 0.073500 0.055000 0.000000 0.116500 0.188300 0.036900 0.075300 0.036900 0.093500 0.146500 0.117900 0.188300 0.116200 0.036900 0.000000 0.093000 0.073900 0.093400 0.093600 0.138400 0.093500 0.055300 0.036900 0.073700 0.094600 0.112800 0.036000 0.054500 0.036900 0.036900
GyrantGaze 0.116500 0.277000 0.163800 0.385200 0.075600 0.116500 0.138300 0.036200 0.163800 0.203100 0.116500 0.145800 0.215700 0.096600 0.120300 0.054600 0.137900 0.186300 0.135500 0.184700 0.073300 0.116500 0.158300 0.137900 0.116500 0.000000 0.192700 0.163800 0.036200 0.163800 0.180700 0.198800 0.212600 0.192700 0.077600 0.118600 0.116500 0.095300 0.073100 0.137300 0.182100 0.018100 0.180700 0.137900 0.118600 0.116600 0.054600 0.158700 0.075600 0.136600 0.163800 0.163800
Hartebeest 0.188300 0.438200 0.215800 0.339300 0.187800 0.188300 0.187300 0.144000 0.215800 0.258900 0.188300 0.227600 0.019600 0.120600 0.195400 0.165200 0.188300 0.244300 0.207500 0.237900 0.187300 0.188300 0.209200 0.188300 0.188300 0.192700 0.000000 0.215800 0.144000 0.215800 0.235200 0.181900 0.222300 0.000000 0.243400 0.192900 0.188300 0.210000 0.186100 0.235600 0.236100 0.218700 0.235200 0.188300 0.192900 0.187600 0.164900 0.233200 0.141600 0.210300 0.215800 0.215800
Bongo 0.036900 0.230200 0.000000 0.239700 0.116300 0.036900 0.137300 0.118700 0.000000 0.074800 0.036900 0.101000 0.239500 0.075700 0.119500 0.096400 0.056300 0.098200 0.135500 0.018100 0.160800 0.036900 0.075300 0.056300 0.036900 0.163800 0.215800 0.000000 0.118700 0.000000 0.095500 0.171500 0.120800 0.215800 0.163200 0.076900 0.036900 0.136900 0.075800 0.095900 0.096100 0.188100 0.095500 0.056300 0.076900 0.116300 0.097200 0.115800 0.075400 0.055800 0.000000 0.000000
Gerenuk 0.075300 0.277200 0.118700 0.320700 0.075200 0.075300 0.095600 0.000000 0.118700 0.157100 0.075300 0.100600 0.165700 0.056200 0.077700 0.017800 0.095700 0.140100 0.093900 0.138900 0.035600 0.075300 0.115000 0.095500 0.075300 0.036200 0.144000 0.118700 0.000000 0.118700 0.136100 0.148800 0.164100 0.144000 0.118500 0.076600 0.075300 0.094900 0.035600 0.136600 0.136900 0.055200 0.136100 0.095500 0.076600 0.075300 0.017700 0.115200 0.036700 0.094600 0.118700 0.118700
CommonElan 0.036900 0.230200 0.000000 0.239700 0.116300 0.036900 0.137300 0.118700 0.000000 0.074800 0.036900 0.101000 0.239500 0.075700 0.119500 0.096400 0.056300 0.098200 0.135500 0.018100 0.160800 0.036900 0.075300 0.056300 0.036900 0.163800 0.215800 0.000000 0.118700 0.000000 0.095500 0.171500 0.120800 0.215800 0.163200 0.076900 0.036900 0.136900 0.075800 0.095900 0.096100 0.188100 0.095500 0.056300 0.076900 0.116300 0.097200 0.115800 0.075400 0.055800 0.000000 0.000000
MuntiacusR 0.093500 0.250600 0.095500 0.287700 0.133900 0.093500 0.133900 0.136100 0.095500 0.017700 0.093500 0.119300 0.209200 0.113700 0.138500 0.114200 0.036200 0.075900 0.153400 0.115500 0.134300 0.093500 0.054300 0.036200 0.093500 0.180700 0.235200 0.095500 0.136100 0.095500 0.000000 0.217600 0.096800 0.235200 0.180000 0.095300 0.093500 0.154300 0.093300 0.073500 0.073500 0.204800 0.000000 0.036200 0.095300 0.133400 0.114400 0.133000 0.093000 0.073500 0.095500 0.095500
HarveysDui 0.146500 0.383500 0.171500 0.383800 0.146200 0.146500 0.101400 0.148800 0.171500 0.241200 0.146500 0.154200 0.205800 0.080600 0.151000 0.124000 0.170400 0.197200 0.121300 0.193400 0.193300 0.146500 0.191500 0.170400 0.146500 0.198800 0.181900 0.171500 0.148800 0.171500 0.217600 0.000000 0.256200 0.181900 0.198200 0.104200 0.146500 0.167800 0.144800 0.217600 0.218200 0.225300 0.217600 0.170400 0.104200 0.145800 0.170300 0.142800 0.101400 0.168100 0.171500 0.171500
Pronghorn 0.117900 0.230000 0.120800 0.273800 0.161100 0.117900 0.208000 0.164100 0.120800 0.116800 0.117900 0.147800 0.247000 0.139900 0.167000 0.140000 0.057000 0.099900 0.181000 0.141500 0.208200 0.117900 0.076000 0.057000 0.117900 0.212600 0.222300 0.120800 0.164100 0.120800 0.096800 0.256200 0.000000 0.222300 0.211400 0.120700 0.117900 0.182500 0.117400 0.096600 0.096800 0.238800 0.096800 0.057000 0.120700 0.160500 0.140400 0.159500 0.117300 0.096500 0.120800 0.120800
BlueWildeb 0.188300 0.438200 0.215800 0.339300 0.187800 0.188300 0.187300 0.144000 0.215800 0.258900 0.188300 0.227600 0.019600 0.120600 0.195400 0.165200 0.188300 0.244300 0.207500 0.237900 0.187300 0.188300 0.209200 0.188300 0.188300 0.192700 0.000000 0.215800 0.144000 0.215800 0.235200 0.181900 0.222300 0.000000 0.243400 0.192900 0.188300 0.210000 0.186100 0.235600 0.236100 0.218700 0.235200 0.188300 0.192900 0.187600 0.164900 0.233200 0.141600 0.210300 0.215800 0.215800
Gemsbok 0.116000 0.227100 0.163200 0.324900 0.075200 0.116000 0.159500 0.118500 0.163200 0.202200 0.116000 0.097300 0.267800 0.096200 0.120000 0.096200 0.137300 0.185300 0.094100 0.184100 0.160400 0.116000 0.115300 0.137300 0.116200 0.077600 0.243400 0.163200 0.118500 0.163200 0.180000 0.198200 0.211400 0.243400 0.000000 0.118100 0.116000 0.094900 0.116100 0.095400 0.137500 0.098900 0.180000 0.137300 0.118100 0.116100 0.139200 0.157800 0.075200 0.136000 0.163200 0.163200
Yak 0.036900 0.227300 0.076900 0.269300 0.075200 0.036900 0.075500 0.076600 0.076900 0.115100 0.036900 0.058800 0.216200 0.056100 0.077400 0.056100 0.056100 0.098200 0.055000 0.096500 0.116200 0.036900 0.074800 0.056100 0.036900 0.118600 0.192900 0.076900 0.076600 0.076900 0.095300 0.104200 0.120700 0.192900 0.118100 0.000000 0.036900 0.094600 0.075000 0.095100 0.095300 0.140700 0.095300 0.056100 0.000000 0.075000 0.096000 0.114500 0.036700 0.055500 0.076900 0.076900
BlueSheep 0.000000 0.224000 0.036900 0.210600 0.073800 0.000000 0.114000 0.075300 0.036900 0.073200 0.000000 0.057900 0.211100 0.055100 0.076400 0.055500 0.055000 0.096100 0.092300 0.055500 0.114600 0.000000 0.073500 0.055000 0.000000 0.116500 0.188300 0.036900 0.075300 0.036900 0.093500 0.146500 0.117900 0.188300 0.116000 0.036900 0.000000 0.093000 0.073900 0.093400 0.093600 0.138400 0.093500 0.055000 0.036900 0.073700 0.094600 0.112800 0.036000 0.054500 0.036900 0.036900
BohorReedb 0.093000 0.246400 0.136900 0.342400 0.017700 0.093000 0.134200 0.094900 0.136900 0.175500 0.093000 0.119000 0.233300 0.073900 0.096000 0.073700 0.113200 0.158600 0.111600 0.157300 0.135100 0.093000 0.132700 0.113200 0.093000 0.095300 0.210000 0.136900 0.094900 0.136900 0.154300 0.167800 0.182500 0.210000 0.094900 0.094600 0.093000 0.000000 0.093300 0.112600 0.154700 0.116500 0.154300 0.113200 0.094600 0.092900 0.114700 0.133000 0.054300 0.112400 0.136900 0.136900
KirksDik 0.073900 0.225200 0.075800 0.312500 0.073900 0.073900 0.093800 0.035600 0.075800 0.113100 0.073900 0.098100 0.208700 0.055100 0.076200 0.017400 0.054900 0.095800 0.092400 0.095200 0.072200 0.073900 0.073600 0.054900 0.073900 0.073100 0.186100 0.075800 0.035600 0.075800 0.093300 0.144800 0.117400 0.186100 0.116100 0.075000 0.073900 0.093300 0.000000 0.093500 0.094200 0.093100 0.093300 0.054900 0.075000 0.073900 0.017500 0.073700 0.036000 0.054600 0.075800 0.075800
RoeDeer 0.093400 0.155100 0.095900 0.234900 0.093100 0.093400 0.177500 0.136600 0.095900 0.092600 0.093400 0.119900 0.259400 0.114000 0.138400 0.114200 0.036200 0.075900 0.111900 0.115500 0.178500 0.093400 0.017700 0.036200 0.093400 0.137300 0.235600 0.095900 0.136600 0.095900 0.073500 0.217600 0.096600 0.235600 0.095400 0.095100 0.093400 0.112600 0.093500 0.000000 0.036100 0.159900 0.073500 0.036200 0.095100 0.133800 0.115000 0.133300 0.093000 0.073500 0.095900 0.095900
WhiteLippe 0.093600 0.200800 0.096100 0.209600 0.134100 0.093600 0.177900 0.136900 0.096100 0.092700 0.093600 0.120200 0.260000 0.114300 0.138700 0.114400 0.036200 0.075700 0.112100 0.115700 0.178800 0.093600 0.017800 0.036200 0.093600 0.182100 0.236100 0.096100 0.136900 0.096100 0.073500 0.218200 0.096800 0.236100 0.137500 0.095300 0.093600 0.154700 0.094200 0.036100 0.000000 0.206600 0.073600 0.036200 0.095300 0.093100 0.115200 0.133500 0.093200 0.073600 0.096100 0.096100
ThomsonGaz 0.138400 0.305500 0.188100 0.421100 0.096100 0.138400 0.161100 0.055200 0.188100 0.228200 0.138400 0.169800 0.242600 0.118000 0.142900 0.074000 0.160500 0.211200 0.157700 0.209500 0.093300 0.138400 0.181600 0.160500 0.138400 0.018100 0.218700 0.188100 0.055200 0.188100 0.204800 0.225300 0.238800 0.218700 0.098900 0.140700 0.138400 0.116500 0.093100 0.159900 0.206600 0.000000 0.204800 0.160500 0.140700 0.138700 0.074100 0.182300 0.096100 0.159100 0.188100 0.188100
MuntiacusC 0.093500 0.250600 0.095500 0.287700 0.133900 0.093400 0.133900 0.136100 0.095500 0.017700 0.093500 0.119300 0.209200 0.113700 0.138500 0.114200 0.036200 0.075900 0.153400 0.115500 0.134300 0.093500 0.054300 0.036200 0.093500 0.180700 0.235200 0.095500 0.136100 0.095500 0.000000 0.217600 0.096800 0.235200 0.180000 0.095300 0.093500 0.154300 0.093300 0.073500 0.073600 0.204800 0.000000 0.036200 0.095300 0.133400 0.114400 0.133000 0.093000 0.073500 0.095500 0.095500
WhiteTaile 0.055000 0.201100 0.056300 0.236300 0.093700 0.055000 0.135000 0.095500 0.056300 0.054500 0.055000 0.078300 0.211100 0.075400 0.096900 0.074600 0.000000 0.037200 0.112300 0.075400 0.135500 0.055400 0.017800 0.000000 0.055300 0.137900 0.188300 0.056300 0.095500 0.056300 0.036200 0.170400 0.057000 0.188300 0.137300 0.056100 0.055000 0.113200 0.054900 0.036200 0.036200 0.160500 0.036200 0.000000 0.056100 0.093500 0.074900 0.093100 0.054800 0.036100 0.056300 0.056300
Cattle 0.036900 0.227300 0.076900 0.269300 0.075200 0.036900 0.075500 0.076600 0.076900 0.115100 0.036900 0.058800 0.216200 0.056100 0.077400 0.056100 0.056100 0.098200 0.055000 0.096500 0.116200 0.036900 0.074800 0.056100 0.036900 0.118600 0.192900 0.076900 0.076600 0.076900 0.095300 0.104200 0.120700 0.192900 0.118100 0.000000 0.036900 0.094600 0.075000 0.095100 0.095300 0.140700 0.095300 0.056100 0.000000 0.075000 0.096000 0.114500 0.036700 0.055500 0.076900 0.076900
RoyalAntel 0.073700 0.272400 0.116300 0.285700 0.073600 0.073700 0.113800 0.075300 0.116300 0.153900 0.073700 0.098500 0.210100 0.055000 0.076100 0.055100 0.093500 0.137100 0.092000 0.136100 0.114600 0.073900 0.112600 0.094400 0.073700 0.116600 0.187600 0.116300 0.075300 0.116300 0.133400 0.145800 0.160500 0.187600 0.116100 0.075000 0.073700 0.092900 0.073900 0.133800 0.093100 0.138700 0.133400 0.093500 0.075000 0.000000 0.094700 0.112800 0.035900 0.092700 0.116300 0.116300
Steenbok 0.094600 0.251100 0.097200 0.345300 0.094500 0.094600 0.115300 0.017800 0.097200 0.134800 0.094600 0.121000 0.186900 0.075300 0.097500 0.035600 0.074900 0.117500 0.113300 0.116900 0.053800 0.094600 0.095000 0.074900 0.094600 0.054600 0.164900 0.097200 0.017700 0.097200 0.114400 0.170300 0.140400 0.164900 0.139200 0.096000 0.094600 0.114700 0.017500 0.115000 0.115200 0.074100 0.114400 0.074900 0.096000 0.094700 0.000000 0.094000 0.055300 0.074400 0.097200 0.097200
Impala 0.112800 0.272300 0.115800 0.368300 0.112700 0.112800 0.155100 0.115200 0.115800 0.153700 0.112800 0.140100 0.257000 0.093400 0.116300 0.093800 0.093100 0.114600 0.131600 0.135700 0.156400 0.112800 0.112300 0.093100 0.112800 0.158700 0.233200 0.115800 0.115200 0.115800 0.133000 0.142800 0.159500 0.233200 0.157800 0.114500 0.112800 0.133000 0.073700 0.133300 0.133500 0.182300 0.133000 0.093100 0.114500 0.112800 0.094000 0.000000 0.073200 0.092400 0.115800 0.115800
Klipspring 0.036000 0.222700 0.075400 0.260400 0.036000 0.036000 0.073900 0.036700 0.075400 0.112500 0.036000 0.057600 0.163000 0.017900 0.037200 0.017900 0.054800 0.095600 0.053900 0.094600 0.074300 0.036000 0.073200 0.054800 0.036000 0.075600 0.141600 0.075400 0.036700 0.075400 0.093000 0.101400 0.117300 0.141600 0.075200 0.036700 0.036000 0.054300 0.036000 0.093000 0.093200 0.096100 0.093000 0.054800 0.036700 0.035900 0.055300 0.073200 0.000000 0.054300 0.075400 0.075400
ForestMusk 0.054400 0.200300 0.055800 0.287100 0.092900 0.055100 0.133900 0.094600 0.055800 0.092600 0.054500 0.077400 0.233700 0.073800 0.096000 0.074000 0.036100 0.075500 0.111500 0.074800 0.134500 0.054500 0.054500 0.036400 0.054500 0.136600 0.210300 0.055800 0.094600 0.055800 0.073500 0.168100 0.096500 0.210300 0.136000 0.055500 0.054500 0.112400 0.054600 0.073500 0.073600 0.159100 0.073500 0.036100 0.055500 0.092700 0.074400 0.092400 0.054300 0.000000 0.055800 0.055800
Bushbuck 0.036900 0.230200 0.000000 0.239700 0.116300 0.036900 0.137300 0.118700 0.000000 0.074800 0.036900 0.101000 0.239500 0.075700 0.119500 0.096400 0.056300 0.098200 0.135500 0.018100 0.160800 0.036900 0.075300 0.056300 0.036900 0.163800 0.215800 0.000000 0.118700 0.000000 0.095500 0.171500 0.120800 0.215800 0.163200 0.076900 0.036900 0.136900 0.075800 0.095900 0.096100 0.188100 0.095500 0.056300 0.076900 0.116300 0.097200 0.115800 0.075400 0.055800 0.000000 0.000000
GreaterKud 0.036900 0.230200 0.000000 0.239700 0.116300 0.036900 0.137300 0.118700 0.000000 0.074800 0.036900 0.101000 0.239500 0.075700 0.119500 0.096400 0.056300 0.098200 0.135500 0.018100 0.160800 0.036900 0.075300 0.056300 0.036900 0.163800 0.215800 0.000000 0.118700 0.000000 0.095500 0.171500 0.120800 0.215800 0.163200 0.076900 0.036900 0.136900 0.075800 0.095900 0.096100 0.188100 0.095500 0.056300 0.076900 0.116300 0.097200 0.115800 0.075400 0.055800 0.000000 0.000000
