1
52 1
Argali 0.000000 0.425800 0.183500 0.372100 0.100600 0.015400 0.148900 0.130600 0.180000 0.244600 0.056600 0.156800 0.104200 0.118100 0.146800 0.124800 0.239600 0.223300 0.079500 0.191900 0.132800 0.049800 0.227300 0.255600 0.064400 0.135000 0.098900 0.186100 0.130600 0.171000 0.234100 0.114800 0.260900 0.092700 0.116600 0.150000 0.036200 0.100500 0.144100 0.269400 0.219300 0.127700 0.234000 0.247300 0.147000 0.120600 0.137000 0.141700 0.112100 0.221200 0.189800 0.177200
LesserMous 0.425800 0.000000 0.375300 0.438800 0.407400 0.420600 0.428100 0.408200 0.379200 0.389600 0.407300 0.374200 0.438700 0.431000 0.440900 0.408600 0.403500 0.420200 0.428700 0.386300 0.415800 0.427800 0.404100 0.428900 0.408800 0.449300 0.428700 0.400900 0.416700 0.368100 0.393000 0.423700 0.443700 0.433900 0.425500 0.395200 0.406600 0.405800 0.423100 0.459000 0.379500 0.424300 0.393000 0.423700 0.390700 0.433400 0.437400 0.413000 0.392600 0.396800 0.376700 0.382800
LesserKudu 0.183500 0.375300 0.000000 0.347900 0.164000 0.185100 0.193800 0.177500 0.048100 0.204900 0.193300 0.119000 0.176900 0.168200 0.174500 0.168200 0.251600 0.245000 0.193300 0.060300 0.177100 0.197500 0.202600 0.226700 0.195800 0.193200 0.171400 0.063600 0.174400 0.037800 0.201200 0.183300 0.296800 0.164400 0.186400 0.117900 0.184100 0.163800 0.188900 0.246100 0.194500 0.186100 0.195000 0.231400 0.114900 0.158900 0.217200 0.187900 0.161800 0.201000 0.057800 0.055900
KillerWhal 0.372100 0.438800 0.347900 0.000000 0.346300 0.379000 0.379500 0.347600 0.365600 0.354700 0.359400 0.334400 0.373600 0.380300 0.380300 0.343800 0.358400 0.351500 0.368800 0.358000 0.355400 0.390400 0.339100 0.354200 0.383200 0.368900 0.360100 0.376600 0.340200 0.359500 0.343800 0.379300 0.403300 0.338800 0.390300 0.365900 0.358400 0.370500 0.373500 0.364000 0.344500 0.355000 0.358000 0.351900 0.369100 0.407900 0.377000 0.381800 0.350600 0.348900 0.368400 0.358300
DefassaWat 0.100600 0.407400 0.164000 0.346300 0.000000 0.101400 0.141400 0.123500 0.166000 0.231300 0.110300 0.141100 0.105800 0.111000 0.122700 0.112400 0.238000 0.222100 0.105800 0.159800 0.114200 0.115700 0.215500 0.232900 0.123900 0.130700 0.100500 0.172000 0.118000 0.151700 0.227500 0.107700 0.251600 0.099800 0.115300 0.157400 0.100800 0.050800 0.133400 0.243000 0.207300 0.123500 0.221000 0.231600 0.154400 0.110400 0.140800 0.128200 0.110900 0.218900 0.175900 0.163500
Sheep 0.015400 0.420600 0.185100 0.379000 0.101400 0.000000 0.150200 0.131700 0.181700 0.253500 0.057100 0.158200 0.105100 0.119100 0.148000 0.125900 0.248600 0.232000 0.085500 0.193700 0.134000 0.050300 0.236000 0.267500 0.070300 0.136200 0.099800 0.187800 0.131700 0.172500 0.242800 0.115800 0.270600 0.099000 0.117600 0.151300 0.036500 0.101400 0.145400 0.274400 0.227600 0.128800 0.242700 0.255800 0.142400 0.121700 0.144000 0.139700 0.118800 0.223200 0.191500 0.178800
MaxwellsDu 0.148900 0.428100 0.193800 0.379500 0.141400 0.150200 0.000000 0.165800 0.190300 0.251600 0.152800 0.172500 0.136900 0.100800 0.169300 0.143000 0.251500 0.251500 0.176600 0.187000 0.142800 0.165600 0.234600 0.266300 0.167200 0.162100 0.131500 0.209000 0.137600 0.181300 0.240900 0.115200 0.304900 0.139200 0.155100 0.184000 0.143300 0.147000 0.163300 0.277500 0.222900 0.154600 0.247600 0.278000 0.178000 0.151200 0.173000 0.173900 0.156800 0.248200 0.193900 0.187400
GazellaPrz 0.130600 0.408200 0.177500 0.347600 0.123500 0.131700 0.165800 0.000000 0.176700 0.248700 0.137200 0.168500 0.130300 0.129100 0.144300 0.097800 0.260900 0.263800 0.152100 0.194400 0.091300 0.146300 0.235500 0.259400 0.156800 0.109900 0.130600 0.194700 0.097900 0.165200 0.244800 0.143200 0.296200 0.118500 0.133500 0.176400 0.130800 0.106700 0.126400 0.276400 0.217500 0.102900 0.244800 0.250900 0.173400 0.150100 0.148500 0.153900 0.132600 0.204600 0.180100 0.179700
MountainNy 0.180000 0.379200 0.048100 0.365600 0.166000 0.181700 0.190300 0.176700 0.000000 0.204500 0.189800 0.118000 0.179400 0.161800 0.185700 0.164600 0.241300 0.241200 0.201700 0.022700 0.179400 0.188300 0.189600 0.207000 0.192300 0.195700 0.180000 0.030400 0.176700 0.030400 0.200800 0.170700 0.299700 0.178800 0.179500 0.116500 0.180500 0.166000 0.178900 0.245800 0.181500 0.194500 0.194500 0.212100 0.113700 0.155200 0.207200 0.181100 0.169800 0.200400 0.035100 0.038100
MuntiacusM 0.244600 0.389600 0.204900 0.354700 0.231300 0.253500 0.251600 0.248700 0.204500 0.000000 0.254200 0.208000 0.223000 0.227700 0.243000 0.245000 0.226300 0.229900 0.249600 0.210600 0.239400 0.256600 0.061800 0.095100 0.256800 0.265000 0.223900 0.210900 0.245200 0.198600 0.018800 0.221100 0.271000 0.229000 0.242000 0.204100 0.234900 0.237600 0.254900 0.125600 0.070400 0.257700 0.013400 0.100100 0.200800 0.224500 0.266900 0.212400 0.206000 0.242300 0.205100 0.195100
goat 0.056600 0.407300 0.193300 0.359400 0.110300 0.057100 0.152800 0.137200 0.189800 0.254200 0.000000 0.154800 0.113900 0.128000 0.142200 0.140100 0.246100 0.242700 0.083700 0.201700 0.151300 0.065100 0.230800 0.268600 0.027400 0.150200 0.108600 0.195800 0.140200 0.180800 0.243600 0.124600 0.284600 0.107800 0.126200 0.153900 0.030500 0.107300 0.156800 0.279100 0.216000 0.143000 0.243600 0.257000 0.156800 0.139200 0.160800 0.151700 0.138900 0.224200 0.193300 0.180800
AfricanBuf 0.156800 0.374200 0.119000 0.334400 0.141100 0.158200 0.172500 0.168500 0.118000 0.208000 0.154800 0.000000 0.153400 0.150500 0.156200 0.171300 0.215700 0.209600 0.169700 0.129000 0.162400 0.170500 0.180900 0.223200 0.168900 0.166900 0.148100 0.129200 0.171500 0.109800 0.204300 0.161700 0.267900 0.150000 0.148400 0.079400 0.151300 0.146500 0.164900 0.227400 0.178900 0.165500 0.198100 0.215400 0.076700 0.129400 0.192600 0.166300 0.130200 0.188000 0.108300 0.120800
Topi 0.104200 0.438700 0.176900 0.373600 0.105800 0.105100 0.136900 0.130300 0.179400 0.223000 0.113900 0.153400 0.000000 0.106200 0.149600 0.124400 0.226800 0.223700 0.123300 0.194600 0.100900 0.119500 0.213800 0.244600 0.127700 0.134600 0.015200 0.191700 0.130100 0.176500 0.219200 0.108700 0.287400 0.051600 0.094000 0.155500 0.098800 0.111300 0.146500 0.252200 0.211700 0.127300 0.219200 0.233600 0.152500 0.122900 0.159600 0.123100 0.114700 0.213800 0.189100 0.170400
CommonDuik 0.118100 0.431000 0.168200 0.380300 0.111000 0.119100 0.100800 0.129100 0.161800 0.227700 0.128000 0.150500 0.106200 0.000000 0.128700 0.129800 0.237900 0.240800 0.145900 0.167100 0.120500 0.134100 0.224600 0.259200 0.142200 0.137300 0.109200 0.183100 0.129900 0.155700 0.223700 0.034500 0.276100 0.117200 0.112700 0.161700 0.112500 0.116500 0.134500 0.273700 0.215900 0.135500 0.217100 0.251300 0.158600 0.125800 0.162600 0.132600 0.108100 0.228100 0.171700 0.158900
Suni 0.146800 0.440900 0.174500 0.380300 0.122700 0.148000 0.169300 0.144300 0.185700 0.243000 0.142200 0.156200 0.149600 0.128700 0.000000 0.132900 0.216800 0.225800 0.151600 0.191600 0.132100 0.154500 0.236100 0.253900 0.168100 0.145800 0.144100 0.198100 0.138800 0.173900 0.242200 0.154800 0.272200 0.143300 0.153100 0.167300 0.144500 0.128200 0.145900 0.271000 0.221100 0.138600 0.235600 0.245700 0.164200 0.145800 0.180300 0.153400 0.128800 0.216800 0.180400 0.182900
Springbuck 0.124800 0.408600 0.168200 0.343800 0.112400 0.125900 0.143000 0.097800 0.164600 0.245000 0.140100 0.171300 0.124400 0.129800 0.132900 0.000000 0.247800 0.234900 0.143400 0.176100 0.088200 0.146200 0.225400 0.246500 0.148200 0.078100 0.119100 0.176400 0.045000 0.150200 0.234700 0.143900 0.281900 0.118300 0.133700 0.152700 0.130800 0.117800 0.117600 0.263300 0.213900 0.073600 0.241200 0.235400 0.149800 0.132200 0.142300 0.153800 0.115300 0.204200 0.168400 0.167700
Okapi 0.239600 0.403500 0.251600 0.358400 0.238000 0.248600 0.251500 0.260900 0.241300 0.226300 0.246100 0.215700 0.226800 0.237900 0.216800 0.247800 0.000000 0.068800 0.239200 0.244300 0.232900 0.262400 0.216800 0.217900 0.251100 0.264300 0.227500 0.260800 0.250700 0.232500 0.209500 0.236500 0.247000 0.238600 0.238400 0.224500 0.240400 0.243900 0.273300 0.226200 0.211700 0.257200 0.222500 0.210100 0.221200 0.244200 0.270900 0.240400 0.219400 0.240500 0.235000 0.231900
Giraffe 0.223300 0.420200 0.245000 0.351500 0.222100 0.232000 0.251500 0.263800 0.241200 0.229900 0.242700 0.209600 0.223700 0.240800 0.225800 0.234900 0.068800 0.000000 0.223400 0.247300 0.226400 0.245600 0.220300 0.227700 0.245200 0.251400 0.218100 0.254100 0.244200 0.226000 0.219500 0.236200 0.253600 0.225500 0.235200 0.211900 0.230500 0.234500 0.263000 0.232800 0.212000 0.250600 0.219500 0.213500 0.208600 0.227600 0.261400 0.250600 0.194300 0.234000 0.235000 0.231800
TibetanAnt 0.079500 0.428700 0.193300 0.368800 0.105800 0.085500 0.176600 0.152100 0.201700 0.249600 0.083700 0.169700 0.123300 0.145900 0.151600 0.143400 0.239200 0.223400 0.000000 0.207500 0.140300 0.096300 0.233400 0.257500 0.086100 0.159100 0.118000 0.204800 0.154800 0.186800 0.239300 0.142500 0.259600 0.114400 0.124000 0.162900 0.068800 0.116600 0.154200 0.274600 0.225100 0.146000 0.239200 0.240000 0.165800 0.145500 0.181600 0.167400 0.133900 0.233500 0.199200 0.198900
Sitatunga 0.191900 0.386300 0.060300 0.358000 0.159800 0.193700 0.187000 0.194400 0.022700 0.210600 0.201700 0.129000 0.194600 0.167100 0.191600 0.176100 0.244300 0.247300 0.207500 0.000000 0.191300 0.200400 0.189400 0.210200 0.204200 0.201300 0.191900 0.040600 0.182300 0.046000 0.200500 0.176100 0.296000 0.190600 0.191200 0.127600 0.192500 0.177500 0.178700 0.238900 0.178200 0.200200 0.200600 0.221500 0.119100 0.167000 0.200700 0.190600 0.181600 0.206100 0.053100 0.051200
Oribi 0.132800 0.415800 0.177100 0.355400 0.114200 0.134000 0.142800 0.091300 0.179400 0.239400 0.151300 0.162400 0.100900 0.120500 0.132100 0.088200 0.232900 0.226400 0.140300 0.191300 0.000000 0.148900 0.206900 0.237100 0.165500 0.095500 0.101500 0.185600 0.082900 0.170800 0.228800 0.134700 0.258900 0.100800 0.124700 0.155400 0.133100 0.125400 0.104600 0.248200 0.208200 0.077400 0.235500 0.226300 0.152400 0.126000 0.127600 0.138300 0.106100 0.217000 0.183100 0.170600
BarbaryShe 0.049800 0.427800 0.197500 0.390400 0.115700 0.050300 0.165600 0.146300 0.188300 0.256600 0.065100 0.170500 0.119500 0.134100 0.154500 0.146200 0.262400 0.245600 0.096300 0.200400 0.148900 0.000000 0.236000 0.274800 0.078400 0.156500 0.114100 0.194500 0.152100 0.185300 0.245700 0.130600 0.288100 0.113300 0.120600 0.163700 0.044500 0.115600 0.166800 0.292500 0.227600 0.149100 0.245700 0.262800 0.160500 0.136600 0.158900 0.158100 0.139300 0.236300 0.198100 0.191600
Daviddeer 0.227300 0.404100 0.202600 0.339100 0.215500 0.236000 0.234600 0.235500 0.189600 0.061800 0.230800 0.180900 0.213800 0.224600 0.236100 0.225400 0.216800 0.220300 0.233400 0.189400 0.206900 0.236000 0.000000 0.073400 0.233400 0.245000 0.214700 0.195900 0.229100 0.190100 0.058800 0.218200 0.256600 0.219300 0.235300 0.189000 0.218400 0.227900 0.226700 0.114000 0.044300 0.237700 0.058900 0.083800 0.185900 0.208200 0.252400 0.192900 0.197200 0.213300 0.190500 0.186700
Reindeer 0.255600 0.428900 0.226700 0.354200 0.232900 0.267500 0.266300 0.259400 0.207000 0.095100 0.268600 0.223200 0.244600 0.259200 0.253900 0.246500 0.217900 0.227700 0.257500 0.210200 0.237100 0.274800 0.073400 0.000000 0.271200 0.266000 0.245500 0.219700 0.250300 0.214100 0.086400 0.259100 0.262900 0.250400 0.259500 0.231900 0.262800 0.258700 0.258200 0.107400 0.076500 0.265500 0.092000 0.037800 0.228700 0.239300 0.280600 0.234600 0.216600 0.230400 0.214100 0.204400
Ibex 0.064400 0.408800 0.195800 0.383200 0.123900 0.070300 0.167200 0.156800 0.192300 0.256800 0.027400 0.168900 0.127700 0.142200 0.168100 0.148200 0.251100 0.245200 0.086100 0.204200 0.165500 0.078400 0.233400 0.271200 0.000000 0.164100 0.122400 0.198300 0.154100 0.183300 0.246200 0.135800 0.280000 0.115900 0.134200 0.150200 0.043300 0.126600 0.171300 0.281600 0.225100 0.156900 0.246200 0.259700 0.153100 0.141700 0.163300 0.166500 0.147200 0.229900 0.195800 0.183300
GyrantGaze 0.135000 0.449300 0.193200 0.368900 0.130700 0.136200 0.162100 0.109900 0.195700 0.265000 0.150200 0.166900 0.134600 0.137300 0.145800 0.078100 0.264300 0.251400 0.159100 0.201300 0.095500 0.156500 0.245000 0.266000 0.164100 0.000000 0.129300 0.201700 0.072900 0.186900 0.254600 0.151300 0.302500 0.128400 0.132600 0.160000 0.141000 0.141700 0.130700 0.276300 0.233500 0.034500 0.254500 0.254700 0.157100 0.145300 0.146500 0.158100 0.117100 0.210700 0.193100 0.192700
Hartebeest 0.098900 0.428700 0.171400 0.360100 0.100500 0.099800 0.131500 0.130600 0.180000 0.223900 0.108600 0.148100 0.015200 0.109200 0.144100 0.119100 0.227500 0.218100 0.118000 0.191900 0.101500 0.114100 0.214700 0.245500 0.122400 0.129300 0.000000 0.186200 0.124800 0.171000 0.213500 0.111700 0.288400 0.035900 0.088800 0.150100 0.093400 0.100300 0.141000 0.246500 0.206100 0.122000 0.220100 0.237400 0.147100 0.117500 0.154300 0.129500 0.112100 0.208200 0.189700 0.171000
Bongo 0.186100 0.400900 0.063600 0.376600 0.172000 0.187800 0.209000 0.194700 0.030400 0.210900 0.195800 0.129200 0.191700 0.183100 0.198100 0.176400 0.260800 0.254100 0.204800 0.040600 0.185600 0.194500 0.195900 0.219700 0.198300 0.201700 0.186200 0.000000 0.182600 0.051200 0.207200 0.192100 0.303700 0.184900 0.191600 0.116400 0.186600 0.178000 0.191200 0.252300 0.181500 0.200500 0.200800 0.221600 0.113600 0.167300 0.213300 0.200300 0.181900 0.219100 0.055800 0.059100
Gerenuk 0.130600 0.416700 0.174400 0.340200 0.118000 0.131700 0.137600 0.097900 0.176700 0.245200 0.140200 0.171500 0.130100 0.129900 0.138800 0.045000 0.250700 0.244200 0.154800 0.182300 0.082900 0.152100 0.229100 0.250300 0.154100 0.072900 0.124800 0.182600 0.000000 0.162100 0.241500 0.144100 0.285600 0.124000 0.133900 0.152800 0.136600 0.123400 0.109200 0.263400 0.217600 0.068400 0.248000 0.248500 0.149800 0.135500 0.125500 0.147900 0.121100 0.213800 0.180300 0.173800
CommonElan 0.171000 0.368100 0.037800 0.359500 0.151700 0.172500 0.181300 0.165200 0.030400 0.198600 0.180800 0.109800 0.176500 0.155700 0.173900 0.150200 0.232500 0.226000 0.186800 0.046000 0.170800 0.185300 0.190100 0.214100 0.183300 0.186900 0.171000 0.051200 0.162100 0.000000 0.194900 0.164600 0.280300 0.169900 0.174000 0.113900 0.171500 0.151500 0.182500 0.227200 0.181900 0.185700 0.188600 0.212400 0.111100 0.152500 0.210800 0.175200 0.155300 0.194800 0.045500 0.038200
MuntiacusR 0.234100 0.393000 0.201200 0.343800 0.227500 0.242800 0.240900 0.244800 0.200800 0.018800 0.243600 0.204300 0.219200 0.223700 0.242200 0.234700 0.209500 0.219500 0.239300 0.200500 0.228800 0.245700 0.058800 0.086400 0.246200 0.254600 0.213500 0.207200 0.241500 0.194900 0.000000 0.217200 0.270600 0.218500 0.238100 0.206800 0.224400 0.227200 0.243900 0.114100 0.061900 0.247100 0.016100 0.091400 0.203500 0.214000 0.256100 0.215300 0.196000 0.238400 0.201400 0.191400
HarveysDui 0.114800 0.423700 0.183300 0.379300 0.107700 0.115800 0.115200 0.143200 0.170700 0.221100 0.124600 0.161700 0.108700 0.034500 0.154800 0.143900 0.236500 0.236200 0.142500 0.176100 0.134700 0.130600 0.218200 0.259100 0.135800 0.151300 0.111700 0.192100 0.144100 0.164600 0.217200 0.000000 0.274100 0.119700 0.109500 0.179300 0.103500 0.119000 0.155300 0.259900 0.216000 0.143800 0.210600 0.251200 0.176100 0.134300 0.162500 0.134400 0.116700 0.239400 0.180600 0.167900
Pronghorn 0.260900 0.443700 0.296800 0.403300 0.251600 0.270600 0.304900 0.296200 0.299700 0.271000 0.284600 0.267900 0.287400 0.276100 0.272200 0.281900 0.247000 0.253600 0.259600 0.296000 0.258900 0.288100 0.256600 0.262900 0.280000 0.302500 0.288400 0.303700 0.285600 0.280300 0.270600 0.274100 0.000000 0.279000 0.281700 0.274200 0.268600 0.271400 0.280100 0.274700 0.258000 0.274700 0.266900 0.267900 0.270500 0.300100 0.299700 0.297500 0.245100 0.298400 0.285500 0.289600
BlueWildeb 0.092700 0.433900 0.164400 0.338800 0.099800 0.099000 0.139200 0.118500 0.178800 0.229000 0.107800 0.150000 0.051600 0.117200 0.143300 0.118300 0.238600 0.225500 0.114400 0.190600 0.100800 0.113300 0.219300 0.250400 0.115900 0.128400 0.035900 0.184900 0.124000 0.169900 0.218500 0.119700 0.279000 0.000000 0.099100 0.149100 0.092800 0.099700 0.134200 0.261000 0.204600 0.115600 0.225100 0.242300 0.146100 0.119700 0.156000 0.137800 0.105700 0.206900 0.188500 0.169900
Gemsbok 0.116600 0.425500 0.186400 0.390300 0.115300 0.117600 0.155100 0.133500 0.179500 0.242000 0.126200 0.148400 0.094000 0.112700 0.153100 0.133700 0.238400 0.235200 0.124000 0.191200 0.124700 0.120600 0.235300 0.259500 0.134200 0.132600 0.088800 0.191600 0.133900 0.174000 0.238100 0.109500 0.281700 0.099100 0.000000 0.161600 0.111200 0.115200 0.152700 0.250500 0.220500 0.122500 0.238100 0.251500 0.158700 0.132700 0.165700 0.145000 0.115800 0.222800 0.183200 0.176700
Yak 0.150000 0.395200 0.117900 0.365900 0.157400 0.151300 0.184000 0.176400 0.116500 0.204100 0.153900 0.079400 0.155500 0.161700 0.167300 0.152700 0.224500 0.211900 0.162900 0.127600 0.155400 0.163700 0.189000 0.231900 0.150200 0.160000 0.150100 0.116400 0.152800 0.113900 0.206800 0.179300 0.274200 0.149100 0.161600 0.000000 0.144500 0.157200 0.166700 0.242600 0.187100 0.152600 0.200500 0.221000 0.017500 0.146200 0.189000 0.168400 0.134700 0.187200 0.117900 0.119400
BlueSheep 0.036200 0.406600 0.184100 0.358400 0.100800 0.036500 0.143300 0.130800 0.180500 0.234900 0.030500 0.151300 0.098800 0.112500 0.144500 0.130800 0.240400 0.230500 0.068800 0.192500 0.133100 0.044500 0.218400 0.262800 0.043300 0.141000 0.093400 0.186600 0.136600 0.171500 0.224400 0.103500 0.268600 0.092800 0.111200 0.144500 0.000000 0.100700 0.144200 0.273500 0.216400 0.133600 0.224400 0.251200 0.147400 0.120900 0.143000 0.135900 0.123700 0.215000 0.184200 0.171500
BohorReedb 0.100500 0.405800 0.163800 0.370500 0.050800 0.101400 0.147000 0.106700 0.166000 0.237600 0.107300 0.146500 0.111300 0.116500 0.128200 0.117800 0.243900 0.234500 0.116600 0.177500 0.125400 0.115600 0.227900 0.258700 0.126600 0.141700 0.100300 0.178000 0.123400 0.151500 0.227200 0.119000 0.271400 0.099700 0.115200 0.157200 0.100700 0.000000 0.151000 0.262100 0.206900 0.140200 0.227200 0.244100 0.154200 0.116000 0.152400 0.139900 0.116300 0.209300 0.169900 0.163200
KirksDik 0.144100 0.423100 0.188900 0.373500 0.133400 0.145400 0.163300 0.126400 0.178900 0.254900 0.156800 0.164900 0.146500 0.134500 0.145900 0.117600 0.273300 0.263000 0.154200 0.178700 0.104600 0.166800 0.226700 0.258200 0.171300 0.130700 0.141000 0.191200 0.109200 0.182500 0.243900 0.155300 0.280100 0.134200 0.152700 0.166700 0.144200 0.151000 0.000000 0.271800 0.218600 0.117700 0.250800 0.270200 0.163600 0.140000 0.117700 0.152800 0.136900 0.224200 0.195100 0.188600
RoeDeer 0.269400 0.459000 0.246100 0.364000 0.243000 0.274400 0.277500 0.276400 0.245800 0.125600 0.279100 0.227400 0.252200 0.273700 0.271000 0.263300 0.226200 0.232800 0.274600 0.238900 0.248200 0.292500 0.114000 0.107400 0.281600 0.276300 0.246500 0.252300 0.263400 0.227200 0.114100 0.259900 0.274700 0.261000 0.250500 0.242600 0.273500 0.262100 0.271800 0.000000 0.108900 0.275800 0.122500 0.117700 0.239400 0.253300 0.273800 0.242200 0.237800 0.254900 0.246100 0.230100
WhiteLippe 0.219300 0.379500 0.194500 0.344500 0.207300 0.227600 0.222900 0.217500 0.181500 0.070400 0.216000 0.178900 0.211700 0.215900 0.221100 0.213900 0.211700 0.212000 0.225100 0.178200 0.208200 0.227600 0.044300 0.076500 0.225100 0.233500 0.206100 0.181500 0.217600 0.181900 0.061900 0.216000 0.258000 0.204600 0.220500 0.187100 0.216400 0.206900 0.218600 0.108900 0.000000 0.226200 0.067400 0.086900 0.184000 0.209500 0.234400 0.210800 0.195100 0.211300 0.182400 0.184600
ThomsonGaz 0.127700 0.424300 0.186100 0.355000 0.123500 0.128800 0.154600 0.102900 0.194500 0.257700 0.143000 0.165500 0.127300 0.135500 0.138600 0.073600 0.257200 0.250600 0.146000 0.200200 0.077400 0.149100 0.237700 0.265500 0.156900 0.034500 0.122000 0.200500 0.068400 0.185700 0.247100 0.143800 0.274700 0.115600 0.122500 0.152600 0.133600 0.140200 0.117700 0.275800 0.226200 0.000000 0.253800 0.254100 0.155600 0.143800 0.145000 0.150600 0.109800 0.212500 0.191900 0.191600
MuntiacusC 0.234000 0.393000 0.195000 0.358000 0.221000 0.242700 0.247600 0.244800 0.194500 0.013400 0.243600 0.198100 0.219200 0.217100 0.235600 0.241200 0.222500 0.219500 0.239200 0.200600 0.235500 0.245700 0.058900 0.092000 0.246200 0.254500 0.220100 0.200800 0.248000 0.188600 0.016100 0.210600 0.266900 0.225100 0.238100 0.200500 0.224400 0.227200 0.250800 0.122500 0.067400 0.253800 0.000000 0.097000 0.197200 0.214000 0.256200 0.215300 0.195900 0.232000 0.195200 0.185200
WhiteTaile 0.247300 0.423700 0.231400 0.351900 0.231600 0.255800 0.278000 0.250900 0.212100 0.100100 0.257000 0.215400 0.233600 0.251300 0.245700 0.235400 0.210100 0.213500 0.240000 0.221500 0.226300 0.262800 0.083800 0.037800 0.259700 0.254700 0.237400 0.221600 0.248500 0.212400 0.091400 0.251200 0.267900 0.242300 0.251500 0.221000 0.251200 0.244100 0.270200 0.117700 0.086900 0.254100 0.097000 0.000000 0.217800 0.231400 0.282500 0.226300 0.197400 0.232000 0.218900 0.203000
Cattle 0.147000 0.390700 0.114900 0.369100 0.154400 0.142400 0.178000 0.173400 0.113700 0.200800 0.156800 0.076700 0.152500 0.158600 0.164200 0.149800 0.221200 0.208600 0.165800 0.119100 0.152400 0.160500 0.185900 0.228700 0.153100 0.157100 0.147100 0.113600 0.149800 0.111100 0.203500 0.176100 0.270500 0.146100 0.158700 0.017500 0.147400 0.154200 0.163600 0.239400 0.184000 0.155600 0.197200 0.217800 0.000000 0.143200 0.185900 0.165200 0.131700 0.181200 0.115100 0.116500
RoyalAntel 0.120600 0.433400 0.158900 0.407900 0.110400 0.121700 0.151200 0.150100 0.155200 0.224500 0.139200 0.129400 0.122900 0.125800 0.145800 0.132200 0.244200 0.227600 0.145500 0.167000 0.126000 0.136600 0.208200 0.239300 0.141700 0.145300 0.117500 0.167300 0.135500 0.152500 0.214000 0.134300 0.300100 0.119700 0.132700 0.146200 0.120900 0.116000 0.140000 0.253300 0.209500 0.143800 0.214000 0.231400 0.143200 0.000000 0.159100 0.137500 0.125400 0.215000 0.165100 0.158600
Steenbok 0.137000 0.437400 0.217200 0.377000 0.140800 0.144000 0.173000 0.148500 0.207200 0.266900 0.160800 0.192600 0.159600 0.162600 0.180300 0.142300 0.270900 0.261400 0.181600 0.200700 0.127600 0.158900 0.252400 0.280600 0.163300 0.146500 0.154300 0.213300 0.125500 0.210800 0.256100 0.162500 0.299700 0.156000 0.165700 0.189000 0.143000 0.152400 0.117700 0.273800 0.234400 0.145000 0.256200 0.282500 0.185900 0.159100 0.000000 0.194500 0.156000 0.265700 0.223100 0.210600
Impala 0.141700 0.413000 0.187900 0.381800 0.128200 0.139700 0.173900 0.153900 0.181100 0.212400 0.151700 0.166300 0.123100 0.132600 0.153400 0.153800 0.240400 0.250600 0.167400 0.190600 0.138300 0.158100 0.192900 0.234600 0.166500 0.158100 0.129500 0.200300 0.147900 0.175200 0.215300 0.134400 0.297500 0.137800 0.145000 0.168400 0.135900 0.139900 0.152800 0.242200 0.210800 0.150600 0.215300 0.226300 0.165200 0.137500 0.194500 0.000000 0.125700 0.239900 0.188200 0.178100
Klipspring 0.112100 0.392600 0.161800 0.350600 0.110900 0.118800 0.156800 0.132600 0.169800 0.206000 0.138900 0.130200 0.114700 0.108100 0.128800 0.115300 0.219400 0.194300 0.133900 0.181600 0.106100 0.139300 0.197200 0.216600 0.147200 0.117100 0.112100 0.181900 0.121100 0.155300 0.196000 0.116700 0.245100 0.105700 0.115800 0.134700 0.123700 0.116300 0.136900 0.237800 0.195100 0.109800 0.195900 0.197400 0.131700 0.125400 0.156000 0.125700 0.000000 0.194700 0.167900 0.173100
ForestMusk 0.221200 0.396800 0.201000 0.348900 0.218900 0.223200 0.248200 0.204600 0.200400 0.242300 0.224200 0.188000 0.213800 0.228100 0.216800 0.204200 0.240500 0.234000 0.233500 0.206100 0.217000 0.236300 0.213300 0.230400 0.229900 0.210700 0.208200 0.219100 0.213800 0.194800 0.238400 0.239400 0.298400 0.206900 0.222800 0.187200 0.215000 0.209300 0.224200 0.254900 0.211300 0.212500 0.232000 0.232000 0.181200 0.215000 0.265700 0.239900 0.194700 0.000000 0.204000 0.194100
Bushbuck 0.189800 0.376700 0.057800 0.368400 0.175900 0.191500 0.193900 0.180100 0.035100 0.205100 0.193300 0.108300 0.189100 0.171700 0.180400 0.168400 0.235000 0.235000 0.199200 0.053100 0.183100 0.198100 0.190500 0.214100 0.195800 0.193100 0.189700 0.055800 0.180300 0.045500 0.201400 0.180600 0.285500 0.188500 0.183200 0.117900 0.184200 0.169900 0.195100 0.246100 0.182400 0.191900 0.195200 0.218900 0.115100 0.165100 0.223100 0.188200 0.167900 0.204000 0.000000 0.058300
GreaterKud 0.177200 0.382800 0.055900 0.358300 0.163500 0.178800 0.187400 0.179700 0.038100 0.195100 0.180800 0.120800 0.170400 0.158900 0.182900 0.167700 0.231900 0.231800 0.198900 0.051200 0.170600 0.191600 0.186700 0.204400 0.183300 0.192700 0.171000 0.059100 0.173800 0.038200 0.191400 0.167900 0.289600 0.169900 0.176700 0.119400 0.171500 0.163200 0.188600 0.230100 0.184600 0.191600 0.185200 0.203000 0.116500 0.158600 0.210600 0.178100 0.173100 0.194100 0.058300 0.000000
