1
52 1
Argali 0.000000 0.217100 0.089200 0.124300 0.044500 0.021600 0.044000 0.066200 0.051500 0.086800 0.036500 0.051700 0.029000 0.051500 0.081700 0.052300 0.066800 0.081900 0.028700 0.051600 0.051100 0.028900 0.043600 0.074800 0.029000 0.068500 0.036600 0.051500 0.059900 0.051500 0.087400 0.051800 0.105000 0.036400 0.051800 0.066200 0.028800 0.059900 0.043900 0.107600 0.067800 0.068400 0.071900 0.083600 0.066200 0.067900 0.043700 0.067000 0.043300 0.073500 0.051500 0.051500
LesserMous 0.217100 0.000000 0.235500 0.146100 0.183600 0.189400 0.181900 0.195600 0.209100 0.202000 0.189700 0.201300 0.199200 0.190700 0.228700 0.191800 0.181400 0.188600 0.197100 0.209800 0.187100 0.181200 0.187000 0.192000 0.198800 0.187300 0.209400 0.209100 0.200400 0.206900 0.200800 0.192200 0.234900 0.199600 0.191700 0.198100 0.198100 0.202600 0.197000 0.231900 0.202400 0.168200 0.216800 0.199000 0.198100 0.201000 0.195900 0.190900 0.196200 0.205900 0.206900 0.209100
LesserKudu 0.089200 0.235500 0.000000 0.140700 0.090700 0.066100 0.074300 0.112600 0.051300 0.118300 0.081700 0.059400 0.074000 0.082000 0.111900 0.099100 0.097800 0.113200 0.073300 0.051500 0.096800 0.074000 0.073700 0.106200 0.073800 0.108300 0.082000 0.051300 0.106900 0.051400 0.117700 0.082500 0.120600 0.074100 0.098000 0.073900 0.073600 0.106900 0.089300 0.140200 0.099300 0.108100 0.101900 0.115600 0.073900 0.095200 0.089100 0.098100 0.073100 0.104300 0.051400 0.051300
KillerWhal 0.124300 0.146100 0.140700 0.000000 0.085100 0.099800 0.092500 0.107500 0.116700 0.113000 0.099900 0.109300 0.108200 0.100400 0.131600 0.118700 0.108500 0.124400 0.107100 0.117100 0.115900 0.108200 0.096500 0.109300 0.108000 0.127500 0.117000 0.116700 0.126900 0.116800 0.112400 0.101100 0.140600 0.108400 0.100900 0.124300 0.107700 0.101700 0.108100 0.127100 0.125200 0.101400 0.125500 0.117200 0.124300 0.127100 0.107700 0.116200 0.090800 0.123300 0.116800 0.116700
DefassaWat 0.044500 0.183600 0.090700 0.085100 0.000000 0.022000 0.029700 0.052000 0.052300 0.057300 0.037100 0.045000 0.029500 0.037200 0.082100 0.037800 0.052500 0.067800 0.029200 0.052500 0.036900 0.029500 0.044400 0.060400 0.029500 0.044600 0.037200 0.052300 0.045400 0.052400 0.056900 0.037400 0.106800 0.029600 0.037400 0.059800 0.029400 0.014800 0.029500 0.069100 0.069000 0.044500 0.073100 0.075100 0.059800 0.053300 0.029400 0.060500 0.044000 0.051800 0.052400 0.052300
Sheep 0.021600 0.189400 0.066100 0.099800 0.022000 0.000000 0.021800 0.043700 0.029100 0.064400 0.014400 0.028800 0.007200 0.029100 0.057400 0.029600 0.044100 0.058900 0.007100 0.029200 0.028900 0.007200 0.021600 0.051800 0.007200 0.044900 0.014500 0.029100 0.037000 0.029100 0.063900 0.029300 0.081500 0.014000 0.029200 0.043400 0.007100 0.037000 0.021700 0.083500 0.044700 0.044800 0.049800 0.060100 0.043400 0.044700 0.021600 0.044200 0.021400 0.050900 0.029100 0.029100
MaxwellsDu 0.044000 0.181900 0.074300 0.092500 0.029700 0.021800 0.000000 0.051500 0.036700 0.057400 0.036700 0.029500 0.029200 0.006800 0.066100 0.037300 0.051900 0.066900 0.028900 0.036900 0.036500 0.029200 0.029100 0.059800 0.029200 0.045300 0.036800 0.036700 0.044900 0.036800 0.056900 0.007300 0.089800 0.029300 0.036900 0.044100 0.029100 0.044900 0.029200 0.076200 0.052700 0.045200 0.057500 0.068300 0.044100 0.037400 0.029100 0.052100 0.014300 0.058700 0.036800 0.036700
GazellaPrz 0.066200 0.195600 0.112600 0.107500 0.052000 0.043700 0.051500 0.000000 0.074200 0.095700 0.058900 0.067000 0.051300 0.059000 0.105300 0.044700 0.089900 0.105200 0.050800 0.074400 0.043600 0.051300 0.066100 0.098100 0.051200 0.053000 0.059100 0.074200 0.052200 0.074300 0.095100 0.059400 0.128600 0.051400 0.059300 0.081500 0.051000 0.067500 0.051300 0.115500 0.091300 0.052900 0.094300 0.107400 0.081500 0.091400 0.051100 0.090200 0.050600 0.096400 0.074300 0.074200
MountainNy 0.051500 0.209100 0.051300 0.116700 0.052300 0.029100 0.036700 0.074200 0.000000 0.080400 0.044100 0.022000 0.036600 0.044200 0.073700 0.060300 0.059500 0.074600 0.036200 0.000000 0.058900 0.036600 0.036400 0.067500 0.036500 0.068900 0.044200 0.000000 0.068000 0.000000 0.079900 0.044500 0.082000 0.036700 0.059600 0.036600 0.036400 0.060100 0.051500 0.100100 0.060400 0.068700 0.064800 0.076200 0.036600 0.060500 0.051400 0.059700 0.036100 0.066200 0.000000 0.000000
MuntiacusM 0.086800 0.202000 0.118300 0.113000 0.057300 0.064400 0.057400 0.095700 0.080400 0.000000 0.064600 0.073000 0.072700 0.065100 0.094700 0.081700 0.080200 0.095900 0.071900 0.080600 0.080300 0.072600 0.042700 0.071200 0.072200 0.083000 0.080800 0.080400 0.090700 0.080700 0.000100 0.065400 0.134300 0.072700 0.064900 0.087700 0.072200 0.057500 0.072800 0.088300 0.058800 0.066700 0.027600 0.081600 0.087700 0.081800 0.072300 0.081000 0.071200 0.101900 0.080700 0.080400
goat 0.036500 0.189700 0.081700 0.099900 0.037100 0.014400 0.036700 0.058900 0.044100 0.064600 0.000000 0.044100 0.021800 0.044100 0.057500 0.044800 0.059400 0.074400 0.021600 0.044200 0.043800 0.021800 0.021600 0.051900 0.007200 0.060800 0.014500 0.044100 0.052400 0.044200 0.064100 0.044400 0.097500 0.029000 0.029300 0.058700 0.007200 0.052400 0.036500 0.083700 0.044800 0.044900 0.049900 0.060200 0.058700 0.060300 0.036400 0.044300 0.036100 0.066100 0.044200 0.044100
AfricanBuf 0.051700 0.201300 0.059400 0.109300 0.045000 0.028800 0.029500 0.067000 0.022000 0.073000 0.044100 0.000000 0.029400 0.037000 0.065900 0.052900 0.051800 0.067400 0.036200 0.022100 0.051700 0.036600 0.035800 0.059700 0.036300 0.061400 0.037000 0.022000 0.060600 0.022100 0.072500 0.037200 0.082000 0.029400 0.052400 0.029300 0.036400 0.060600 0.044300 0.092700 0.045200 0.061200 0.057800 0.068800 0.029300 0.053100 0.044200 0.052400 0.029000 0.066400 0.022100 0.022000
Topi 0.029000 0.199200 0.074000 0.108200 0.029500 0.007200 0.029200 0.051300 0.036600 0.072700 0.021800 0.029400 0.000000 0.036600 0.066200 0.037200 0.051700 0.066700 0.014300 0.036700 0.036400 0.014500 0.029000 0.059600 0.014400 0.053000 0.007200 0.036600 0.044700 0.036600 0.072200 0.036800 0.089500 0.000000 0.021700 0.043900 0.014400 0.044700 0.029100 0.091800 0.052500 0.052900 0.057300 0.068100 0.043900 0.052500 0.029000 0.051600 0.028700 0.058500 0.036600 0.036600
CommonDuik 0.051500 0.190700 0.082000 0.100400 0.037200 0.029100 0.006800 0.059000 0.044200 0.065100 0.044100 0.037000 0.036600 0.000000 0.074000 0.044900 0.059500 0.074600 0.036300 0.044300 0.043900 0.036600 0.036400 0.067400 0.036500 0.053100 0.044300 0.044200 0.052500 0.044300 0.064500 0.014600 0.081800 0.036700 0.044400 0.051500 0.036400 0.052500 0.036600 0.084000 0.060400 0.053000 0.064800 0.076100 0.051500 0.043000 0.036500 0.059700 0.021500 0.066200 0.044300 0.044200
Suni 0.081700 0.228700 0.111900 0.131600 0.082100 0.057400 0.066100 0.105300 0.073700 0.094700 0.057500 0.065900 0.066200 0.074000 0.000000 0.083700 0.089700 0.105400 0.065200 0.073700 0.089500 0.065900 0.047900 0.080800 0.065100 0.093200 0.074200 0.073700 0.091300 0.073600 0.093700 0.074300 0.128900 0.066000 0.073800 0.081000 0.065500 0.099100 0.081800 0.115800 0.073400 0.076400 0.069300 0.090000 0.081000 0.084000 0.081100 0.074600 0.064200 0.096200 0.073600 0.073700
Springbuck 0.052300 0.191800 0.099100 0.118700 0.037800 0.029600 0.037300 0.044700 0.060300 0.081700 0.044800 0.052900 0.037200 0.044900 0.083700 0.000000 0.076100 0.091600 0.036800 0.060500 0.029600 0.037200 0.052200 0.084300 0.037100 0.007600 0.045000 0.060300 0.007500 0.060400 0.081100 0.045200 0.115300 0.037300 0.045200 0.067800 0.037000 0.053400 0.037200 0.101700 0.077300 0.007600 0.081000 0.093500 0.067800 0.061500 0.037100 0.076300 0.051700 0.082800 0.060400 0.060300
Okapi 0.066800 0.181400 0.097800 0.108500 0.052500 0.044100 0.051900 0.089900 0.059500 0.080200 0.059400 0.051800 0.051700 0.059500 0.089700 0.076100 0.000000 0.044200 0.051300 0.059700 0.074400 0.051800 0.050700 0.066400 0.051700 0.085000 0.059600 0.059500 0.083900 0.059600 0.079500 0.059900 0.081900 0.051800 0.075300 0.051700 0.051500 0.068200 0.066900 0.116200 0.075600 0.084800 0.079100 0.075600 0.051700 0.045200 0.066700 0.075300 0.051100 0.066400 0.059600 0.059500
Giraffe 0.081900 0.188600 0.113200 0.124400 0.067800 0.058900 0.066900 0.105200 0.074600 0.095900 0.074400 0.067400 0.066700 0.074600 0.105400 0.091600 0.044200 0.000000 0.066100 0.074800 0.089500 0.066700 0.066400 0.098700 0.066600 0.100700 0.074700 0.074600 0.098900 0.074700 0.095300 0.075100 0.113000 0.066800 0.090600 0.082000 0.066400 0.083600 0.082000 0.132600 0.091800 0.100600 0.094800 0.099300 0.082000 0.076000 0.081800 0.074800 0.065800 0.096900 0.074700 0.074600
TibetanAnt 0.028700 0.197100 0.073300 0.107100 0.029200 0.007100 0.028900 0.050800 0.036200 0.071900 0.021600 0.036200 0.014300 0.036300 0.065200 0.036800 0.051300 0.066100 0.000000 0.036400 0.036000 0.014300 0.028700 0.059000 0.014300 0.052400 0.021600 0.036200 0.044300 0.036300 0.071300 0.036500 0.088700 0.021400 0.036500 0.050700 0.014200 0.044300 0.028800 0.090900 0.052000 0.052300 0.056700 0.067400 0.050700 0.052100 0.028700 0.051400 0.028500 0.058000 0.036300 0.036200
Sitatunga 0.051600 0.209800 0.051500 0.117100 0.052500 0.029200 0.036900 0.074400 0.000000 0.080600 0.044200 0.022100 0.036700 0.044300 0.073700 0.060500 0.059700 0.074800 0.036400 0.000000 0.059100 0.036700 0.036600 0.067700 0.036600 0.069100 0.044400 0.000000 0.068200 0.000000 0.080000 0.044600 0.082300 0.036800 0.059800 0.036700 0.036500 0.060300 0.051700 0.100400 0.060600 0.068900 0.065000 0.076400 0.036700 0.060700 0.051600 0.059900 0.036200 0.066500 0.000000 0.000000
Oribi 0.051100 0.187100 0.096800 0.115900 0.036900 0.028900 0.036500 0.043600 0.058900 0.080300 0.043800 0.051700 0.036400 0.043900 0.089500 0.029600 0.074400 0.089500 0.036000 0.059100 0.000000 0.036400 0.051000 0.082400 0.036300 0.037600 0.044000 0.058900 0.037000 0.059000 0.079700 0.044200 0.112600 0.036400 0.044100 0.066200 0.036200 0.052100 0.036200 0.099300 0.075500 0.037500 0.079200 0.091300 0.066200 0.075600 0.036200 0.074600 0.050600 0.080900 0.059000 0.058900
BarbaryShe 0.028900 0.181200 0.074000 0.108200 0.029500 0.007200 0.029200 0.051300 0.036600 0.072600 0.021800 0.036600 0.014500 0.036600 0.065900 0.037200 0.051800 0.066700 0.014300 0.036700 0.036400 0.000000 0.029000 0.059600 0.014400 0.053000 0.021900 0.036600 0.044700 0.036700 0.072100 0.036900 0.089600 0.021700 0.036800 0.051200 0.014300 0.044800 0.029100 0.091800 0.052500 0.052900 0.057300 0.068100 0.051200 0.052600 0.029000 0.051900 0.028700 0.058500 0.036700 0.036600
Daviddeer 0.043600 0.187000 0.073700 0.096500 0.044400 0.021600 0.029100 0.066100 0.036400 0.042700 0.021600 0.035800 0.029000 0.036400 0.047900 0.052200 0.050700 0.066400 0.028700 0.036600 0.051000 0.029000 0.000000 0.028700 0.028900 0.060100 0.036500 0.036400 0.059700 0.036500 0.042500 0.036700 0.088400 0.035600 0.036500 0.050400 0.028800 0.059800 0.043700 0.058900 0.021700 0.044100 0.027600 0.036400 0.050400 0.052300 0.043600 0.036600 0.028600 0.057400 0.036500 0.036400
Reindeer 0.074800 0.192000 0.106200 0.109300 0.060400 0.051800 0.059800 0.098100 0.067500 0.071200 0.051900 0.059700 0.059600 0.067400 0.080800 0.084300 0.066400 0.098700 0.059000 0.067700 0.082400 0.059600 0.028700 0.000000 0.059500 0.084100 0.067600 0.067500 0.092200 0.067500 0.070700 0.067900 0.105300 0.059700 0.052200 0.059000 0.059300 0.076200 0.074900 0.075100 0.052000 0.067500 0.056800 0.036900 0.059000 0.068600 0.074600 0.067700 0.058800 0.057900 0.067500 0.067500
Ibex 0.029000 0.198800 0.073800 0.108000 0.029500 0.007200 0.029200 0.051200 0.036500 0.072200 0.007200 0.036300 0.014400 0.036500 0.065100 0.037100 0.051700 0.066600 0.014300 0.036600 0.036300 0.014400 0.028900 0.059500 0.000000 0.052700 0.007200 0.036500 0.044600 0.036600 0.071600 0.036800 0.089400 0.021300 0.036700 0.050900 0.000000 0.044600 0.029000 0.091600 0.052400 0.052600 0.057100 0.068000 0.050900 0.052500 0.029000 0.051800 0.028700 0.058400 0.036600 0.036500
GyrantGaze 0.068500 0.187300 0.108300 0.127500 0.044600 0.044900 0.045300 0.053000 0.068900 0.083000 0.060800 0.061400 0.053000 0.053100 0.093200 0.007600 0.085000 0.100700 0.052400 0.069100 0.037600 0.053000 0.060100 0.084100 0.052700 0.000000 0.061100 0.068900 0.015200 0.061400 0.082500 0.053400 0.124900 0.053100 0.061200 0.076400 0.052700 0.061000 0.045400 0.102300 0.086100 0.015300 0.089300 0.077000 0.076400 0.062400 0.045300 0.085400 0.059800 0.083000 0.061400 0.068900
Hartebeest 0.036600 0.209400 0.082000 0.117000 0.037200 0.014500 0.036800 0.059100 0.044200 0.080800 0.014500 0.037000 0.007200 0.044300 0.074200 0.045000 0.059600 0.074700 0.021600 0.044400 0.044000 0.021900 0.036500 0.067600 0.007200 0.061100 0.000000 0.044200 0.052600 0.044300 0.080200 0.044600 0.097700 0.007200 0.029200 0.051600 0.007200 0.052600 0.036600 0.100300 0.060500 0.060900 0.064900 0.076300 0.051600 0.060600 0.036500 0.059800 0.036200 0.066400 0.044300 0.044200
Bongo 0.051500 0.209100 0.051300 0.116700 0.052300 0.029100 0.036700 0.074200 0.000000 0.080400 0.044100 0.022000 0.036600 0.044200 0.073700 0.060300 0.059500 0.074600 0.036200 0.000000 0.058900 0.036600 0.036400 0.067500 0.036500 0.068900 0.044200 0.000000 0.068000 0.000000 0.079900 0.044500 0.082000 0.036700 0.059600 0.036600 0.036400 0.060100 0.051500 0.100100 0.060400 0.068700 0.064800 0.076200 0.036600 0.060500 0.051400 0.059700 0.036100 0.066200 0.000000 0.000000
Gerenuk 0.059900 0.200400 0.106900 0.126900 0.045400 0.037000 0.044900 0.052200 0.068000 0.090700 0.052400 0.060600 0.044700 0.052500 0.091300 0.007500 0.083900 0.098900 0.044300 0.068200 0.037000 0.044700 0.059700 0.092200 0.044600 0.015200 0.052600 0.068000 0.000000 0.068100 0.090400 0.052900 0.123300 0.044800 0.052800 0.075400 0.044500 0.061100 0.037200 0.109800 0.085200 0.015200 0.088500 0.101500 0.075400 0.069300 0.044600 0.084200 0.059200 0.090500 0.068100 0.068000
CommonElan 0.051500 0.206900 0.051400 0.116800 0.052400 0.029100 0.036800 0.074300 0.000000 0.080700 0.044200 0.022100 0.036600 0.044300 0.073600 0.060400 0.059600 0.074700 0.036300 0.000000 0.059000 0.036700 0.036500 0.067500 0.036600 0.061400 0.044300 0.000000 0.068100 0.000000 0.080100 0.044600 0.082100 0.036700 0.059700 0.036600 0.036500 0.060100 0.051600 0.100100 0.060500 0.061200 0.064900 0.076200 0.036600 0.060600 0.051500 0.059800 0.036200 0.066300 0.000000 0.000000
MuntiacusR 0.087400 0.200800 0.117700 0.112400 0.056900 0.063900 0.056900 0.095100 0.079900 0.000100 0.064100 0.072500 0.072200 0.064500 0.093700 0.081100 0.079500 0.095300 0.071300 0.080000 0.079700 0.072100 0.042500 0.070700 0.071600 0.082500 0.080200 0.079900 0.090400 0.080100 0.000000 0.064800 0.133600 0.072200 0.064400 0.087100 0.071700 0.057100 0.072300 0.087700 0.061800 0.066100 0.027500 0.081300 0.087100 0.081300 0.071800 0.080400 0.070700 0.101200 0.080100 0.079900
HarveysDui 0.051800 0.192200 0.082500 0.101100 0.037400 0.029300 0.007300 0.059400 0.044500 0.065400 0.044400 0.037200 0.036800 0.014600 0.074300 0.045200 0.059900 0.075100 0.036500 0.044600 0.044200 0.036900 0.036700 0.067900 0.036800 0.053400 0.044600 0.044500 0.052900 0.044600 0.064800 0.000000 0.098200 0.036900 0.044700 0.051900 0.036700 0.052900 0.036800 0.084600 0.060800 0.053300 0.065200 0.076700 0.051900 0.045200 0.036700 0.060100 0.021600 0.066700 0.044600 0.044500
Pronghorn 0.105000 0.234900 0.120600 0.140600 0.106800 0.081500 0.089800 0.128600 0.082000 0.134300 0.097500 0.082000 0.089500 0.081800 0.128900 0.115300 0.081900 0.113000 0.088700 0.082300 0.112600 0.089600 0.088400 0.105300 0.089400 0.124900 0.097700 0.082000 0.123300 0.082100 0.133600 0.098200 0.000000 0.097100 0.114100 0.065600 0.089100 0.123300 0.089400 0.156500 0.114200 0.124700 0.116400 0.114700 0.065600 0.097200 0.089100 0.114000 0.088400 0.104200 0.082100 0.082000
BlueWildeb 0.036400 0.199600 0.074100 0.108400 0.029600 0.014000 0.029300 0.051400 0.036700 0.072700 0.029000 0.029400 0.000000 0.036700 0.066000 0.037300 0.051800 0.066800 0.021400 0.036800 0.036400 0.021700 0.035600 0.059700 0.021300 0.053100 0.007200 0.036700 0.044800 0.036700 0.072200 0.036900 0.097100 0.000000 0.021800 0.043900 0.021500 0.044800 0.029100 0.091900 0.052600 0.052900 0.057400 0.068200 0.043900 0.052700 0.029100 0.052000 0.028800 0.065900 0.036700 0.036700
Gemsbok 0.051800 0.191700 0.098000 0.100900 0.037400 0.029200 0.036900 0.059300 0.059600 0.064900 0.029300 0.052400 0.021700 0.044400 0.073800 0.045200 0.075300 0.090600 0.036500 0.059800 0.044100 0.036800 0.036500 0.052200 0.036700 0.061200 0.029200 0.059600 0.052800 0.059700 0.064400 0.044700 0.114100 0.021800 0.000000 0.067100 0.036600 0.052800 0.036800 0.083500 0.060600 0.045200 0.065000 0.076400 0.067100 0.076500 0.036700 0.059900 0.051200 0.082000 0.059700 0.059600
Yak 0.066200 0.198100 0.073900 0.124300 0.059800 0.043400 0.044100 0.081500 0.036600 0.087700 0.058700 0.029300 0.043900 0.051500 0.081000 0.067800 0.051700 0.082000 0.050700 0.036700 0.066200 0.051200 0.050400 0.059000 0.050900 0.076400 0.051600 0.036600 0.075400 0.036600 0.087100 0.051900 0.065600 0.043900 0.067100 0.000000 0.050900 0.075500 0.043800 0.107700 0.067900 0.076300 0.072000 0.068000 0.000000 0.052500 0.043700 0.067100 0.043300 0.065600 0.036600 0.036600
BlueSheep 0.028800 0.198100 0.073600 0.107700 0.029400 0.007100 0.029100 0.051000 0.036400 0.072200 0.007200 0.036400 0.014400 0.036400 0.065500 0.037000 0.051500 0.066400 0.014200 0.036500 0.036200 0.014300 0.028800 0.059300 0.000000 0.052700 0.007200 0.036400 0.044500 0.036500 0.071700 0.036700 0.089100 0.021500 0.036600 0.050900 0.000000 0.044500 0.028900 0.091300 0.052200 0.052600 0.057000 0.067700 0.050900 0.052300 0.028900 0.051600 0.028600 0.058200 0.036500 0.036400
BohorReedb 0.059900 0.202600 0.106900 0.101700 0.014800 0.037000 0.044900 0.067500 0.060100 0.057500 0.052400 0.060600 0.044700 0.052500 0.099100 0.053400 0.068200 0.083600 0.044300 0.060300 0.052100 0.044800 0.059800 0.076200 0.044600 0.061000 0.052600 0.060100 0.061100 0.060100 0.057100 0.052900 0.123300 0.044800 0.052800 0.075500 0.044500 0.000000 0.044700 0.085300 0.085200 0.060900 0.073200 0.085200 0.075500 0.069200 0.044500 0.076400 0.059200 0.067200 0.060100 0.060100
KirksDik 0.043900 0.197000 0.089300 0.108100 0.029500 0.021700 0.029200 0.051300 0.051500 0.072800 0.036500 0.044300 0.029100 0.036600 0.081800 0.037200 0.066900 0.082000 0.028800 0.051700 0.036200 0.029100 0.043700 0.074900 0.029000 0.045400 0.036600 0.051500 0.037200 0.051600 0.072300 0.036800 0.089400 0.029100 0.036800 0.043800 0.028900 0.044700 0.000000 0.091700 0.067900 0.045300 0.072000 0.083700 0.043800 0.068000 0.014400 0.067100 0.043300 0.073500 0.051600 0.051500
RoeDeer 0.107600 0.231900 0.140200 0.127100 0.069100 0.083500 0.076200 0.115500 0.100100 0.088300 0.083700 0.092700 0.091800 0.084000 0.115800 0.101700 0.116200 0.132600 0.090900 0.100400 0.099300 0.091800 0.058900 0.075100 0.091600 0.102300 0.100300 0.100100 0.109800 0.100100 0.087700 0.084600 0.156500 0.091900 0.083500 0.107700 0.091300 0.085300 0.091700 0.000000 0.083900 0.085300 0.087300 0.084000 0.107700 0.118400 0.091400 0.084300 0.090500 0.090300 0.100100 0.100100
WhiteLippe 0.067800 0.202400 0.099300 0.125200 0.069000 0.044700 0.052700 0.091300 0.060400 0.058800 0.044800 0.045200 0.052500 0.060400 0.073400 0.077300 0.075600 0.091800 0.052000 0.060600 0.075500 0.052500 0.021700 0.052000 0.052400 0.086100 0.060500 0.060400 0.085200 0.060500 0.061800 0.060800 0.114200 0.052600 0.060600 0.067900 0.052200 0.085200 0.067900 0.083900 0.000000 0.069400 0.044900 0.044900 0.067900 0.077500 0.060000 0.060600 0.051800 0.082200 0.060500 0.060400
ThomsonGaz 0.068400 0.168200 0.108100 0.101400 0.044500 0.044800 0.045200 0.052900 0.068700 0.066700 0.044900 0.061200 0.052900 0.053000 0.076400 0.007600 0.084800 0.100600 0.052300 0.068900 0.037500 0.052900 0.044100 0.067500 0.052600 0.015300 0.060900 0.068700 0.015200 0.061200 0.066100 0.053300 0.124700 0.052900 0.045200 0.076300 0.052600 0.060900 0.045300 0.085300 0.069400 0.000000 0.073300 0.076600 0.076300 0.062300 0.045200 0.069100 0.059700 0.082800 0.061200 0.068700
MuntiacusC 0.071900 0.216800 0.101900 0.125500 0.073100 0.049800 0.057500 0.094300 0.064800 0.027600 0.049900 0.057800 0.057300 0.064800 0.069300 0.081000 0.079100 0.094800 0.056700 0.065000 0.079200 0.057300 0.027600 0.056800 0.057100 0.089300 0.064900 0.064800 0.088500 0.064900 0.027500 0.065200 0.116400 0.057400 0.065000 0.072000 0.057000 0.073200 0.072000 0.087300 0.044900 0.073300 0.000000 0.064800 0.072000 0.081200 0.071800 0.065000 0.056500 0.085400 0.064900 0.064800
WhiteTaile 0.083600 0.199000 0.115600 0.117200 0.075100 0.060100 0.068300 0.107400 0.076200 0.081600 0.060200 0.068800 0.068100 0.076100 0.090000 0.093500 0.075600 0.099300 0.067400 0.076400 0.091300 0.068100 0.036400 0.036900 0.068000 0.077000 0.076300 0.076200 0.101500 0.076200 0.081300 0.076700 0.114700 0.068200 0.076400 0.068000 0.067700 0.085200 0.083700 0.084000 0.044900 0.076600 0.064800 0.000000 0.068000 0.077500 0.083400 0.060700 0.067200 0.066500 0.076200 0.076200
Cattle 0.066200 0.198100 0.073900 0.124300 0.059800 0.043400 0.044100 0.081500 0.036600 0.087700 0.058700 0.029300 0.043900 0.051500 0.081000 0.067800 0.051700 0.082000 0.050700 0.036700 0.066200 0.051200 0.050400 0.059000 0.050900 0.076400 0.051600 0.036600 0.075400 0.036600 0.087100 0.051900 0.065600 0.043900 0.067100 0.000000 0.050900 0.075500 0.043800 0.107700 0.067900 0.076300 0.072000 0.068000 0.000000 0.052500 0.043700 0.067100 0.043300 0.065600 0.036600 0.036600
RoyalAntel 0.067900 0.201000 0.095200 0.127100 0.053300 0.044700 0.037400 0.091400 0.060500 0.081800 0.060300 0.053100 0.052500 0.043000 0.084000 0.061500 0.045200 0.076000 0.052100 0.060700 0.075600 0.052600 0.052300 0.068600 0.052500 0.062400 0.060600 0.060500 0.069300 0.060600 0.081300 0.045200 0.097200 0.052700 0.076500 0.052500 0.052300 0.069200 0.068000 0.118400 0.077500 0.062300 0.081200 0.077500 0.052500 0.000000 0.067800 0.076500 0.036700 0.067400 0.060600 0.060500
Steenbok 0.043700 0.195900 0.089100 0.107700 0.029400 0.021600 0.029100 0.051100 0.051400 0.072300 0.036400 0.044200 0.029000 0.036500 0.081100 0.037100 0.066700 0.081800 0.028700 0.051600 0.036200 0.029000 0.043600 0.074600 0.029000 0.045300 0.036500 0.051400 0.044600 0.051500 0.071800 0.036700 0.089100 0.029100 0.036700 0.043700 0.028900 0.044500 0.014400 0.091400 0.060000 0.045200 0.071800 0.083400 0.043700 0.067800 0.000000 0.066900 0.043200 0.073400 0.051500 0.051400
Impala 0.067000 0.190900 0.098100 0.116200 0.060500 0.044200 0.052100 0.090200 0.059700 0.081000 0.044300 0.052400 0.051600 0.059700 0.074600 0.076300 0.075300 0.074800 0.051400 0.059900 0.074600 0.051900 0.036600 0.067700 0.051800 0.085400 0.059800 0.059700 0.084200 0.059800 0.080400 0.060100 0.114000 0.052000 0.059900 0.067100 0.051600 0.076400 0.067100 0.084300 0.060600 0.069100 0.065000 0.060700 0.067100 0.076500 0.066900 0.000000 0.051200 0.066600 0.059800 0.059700
Klipspring 0.043300 0.196200 0.073100 0.090800 0.044000 0.021400 0.014300 0.050600 0.036100 0.071200 0.036100 0.029000 0.028700 0.021500 0.064200 0.051700 0.051100 0.065800 0.028500 0.036200 0.050600 0.028700 0.028600 0.058800 0.028700 0.059800 0.036200 0.036100 0.059200 0.036200 0.070700 0.021600 0.088400 0.028800 0.051200 0.043300 0.028600 0.059200 0.043300 0.090500 0.051800 0.059700 0.056500 0.067200 0.043300 0.036700 0.043200 0.051200 0.000000 0.057800 0.036200 0.036100
ForestMusk 0.073500 0.205900 0.104300 0.123300 0.051800 0.050900 0.058700 0.096400 0.066200 0.101900 0.066100 0.066400 0.058500 0.066200 0.096200 0.082800 0.066400 0.096900 0.058000 0.066500 0.080900 0.058500 0.057400 0.057900 0.058400 0.083000 0.066400 0.066200 0.090500 0.066300 0.101200 0.066700 0.104200 0.065900 0.082000 0.065600 0.058200 0.067200 0.073500 0.090300 0.082200 0.082800 0.085400 0.066500 0.065600 0.067400 0.073400 0.066600 0.057800 0.000000 0.066300 0.066200
Bushbuck 0.051500 0.206900 0.051400 0.116800 0.052400 0.029100 0.036800 0.074300 0.000000 0.080700 0.044200 0.022100 0.036600 0.044300 0.073600 0.060400 0.059600 0.074700 0.036300 0.000000 0.059000 0.036700 0.036500 0.067500 0.036600 0.061400 0.044300 0.000000 0.068100 0.000000 0.080100 0.044600 0.082100 0.036700 0.059700 0.036600 0.036500 0.060100 0.051600 0.100100 0.060500 0.061200 0.064900 0.076200 0.036600 0.060600 0.051500 0.059800 0.036200 0.066300 0.000000 0.000000
GreaterKud 0.051500 0.209100 0.051300 0.116700 0.052300 0.029100 0.036700 0.074200 0.000000 0.080400 0.044100 0.022000 0.036600 0.044200 0.073700 0.060300 0.059500 0.074600 0.036200 0.000000 0.058900 0.036600 0.036400 0.067500 0.036500 0.068900 0.044200 0.000000 0.068000 0.000000 0.079900 0.044500 0.082000 0.036700 0.059600 0.036600 0.036400 0.060100 0.051500 0.100100 0.060400 0.068700 0.064800 0.076200 0.036600 0.060500 0.051400 0.059700 0.036100 0.066200 0.000000 0.000000
