CODONML (in paml version 4.10.7, June 2023)  /home/rachel/ruminants_paml/6406-phy-tree/ENSBTAT00000008907.fasta.phy
Model: free dN/dS Ratios for branches,  kappa = 2.000 fixed

Codon frequency model: F3x4
ns =  54  ls =  27

Codon usage in sequences
--------------------------------------------------------------------------------------------------------------------------------------
Phe TTT   0   0   0   0   0   0 | Ser TCT   0   0   0   0   0   0 | Tyr TAT   0   0   0   0   0   0 | Cys TGT   0   0   0   0   0   0
    TTC   0   0   0   0   0   0 |     TCC   0   0   0   0   0   0 |     TAC   0   0   0   0   0   0 |     TGC   1   1   1   1   1   1
Leu TTA   0   0   0   0   0   0 |     TCA   0   0   0   0   0   0 | *** TAA   0   0   0   0   0   0 | *** TGA   0   0   0   0   0   0
    TTG   1   1   1   1   1   1 |     TCG   0   0   0   0   0   0 |     TAG   0   0   0   0   0   0 | Trp TGG   0   0   0   0   0   0
--------------------------------------------------------------------------------------------------------------------------------------
Leu CTT   0   0   0   0   0   0 | Pro CCT   0   1   0   0   0   0 | His CAT   1   0   1   1   0   0 | Arg CGT   0   0   0   0   0   0
    CTC   0   0   0   0   0   0 |     CCC   2   1   2   2   1   2 |     CAC   1   2   1   1   2   2 |     CGC   0   0   0   0   0   0
    CTA   0   0   0   0   0   0 |     CCA   1   1   1   1   1   1 | Gln CAA   0   0   0   0   0   0 |     CGA   0   0   0   0   0   0
    CTG   1   1   1   1   1   1 |     CCG   0   0   0   0   1   0 |     CAG   1   2   1   1   1   1 |     CGG   2   2   2   2   2   2
--------------------------------------------------------------------------------------------------------------------------------------
Ile ATT   0   0   0   0   0   0 | Thr ACT   0   0   0   0   0   0 | Asn AAT   1   0   1   1   0   0 | Ser AGT   0   0   0   0   0   1
    ATC   1   1   1   1   1   1 |     ACC   1   1   1   1   1   1 |     AAC   0   1   1   0   1   1 |     AGC   2   2   2   2   2   1
    ATA   0   0   0   0   0   0 |     ACA   0   0   0   0   0   0 | Lys AAA   0   0   0   0   0   0 | Arg AGA   0   0   0   0   0   0
Met ATG   0   0   0   0   0   0 |     ACG   0   0   0   0   0   0 |     AAG   1   0   1   1   1   1 |     AGG   0   0   0   0   0   0
--------------------------------------------------------------------------------------------------------------------------------------
Val GTT   0   0   0   0   0   0 | Ala GCT   0   0   0   0   0   0 | Asp GAT   0   0   0   0   0   0 | Gly GGT   0   0   0   0   0   0
    GTC   1   1   1   1   1   1 |     GCC   3   2   3   3   2   3 |     GAC   2   2   1   2   1   2 |     GGC   1   1   1   1   0   1
    GTA   0   0   0   0   0   0 |     GCA   0   1   0   0   0   0 | Glu GAA   0   0   0   0   0   0 |     GGA   0   0   0   0   1   0
    GTG   1   1   1   1   1   1 |     GCG   0   0   0   0   1   0 |     GAG   2   2   2   2   3   2 |     GGG   0   0   0   0   0   0
--------------------------------------------------------------------------------------------------------------------------------------

--------------------------------------------------------------------------------------------------------------------------------------
Phe TTT   0   0   0   0   0   0 | Ser TCT   0   0   0   0   0   0 | Tyr TAT   0   0   0   0   0   0 | Cys TGT   0   0   0   0   0   0
    TTC   0   0   0   0   0   0 |     TCC   0   0   0   0   0   0 |     TAC   0   0   0   0   0   0 |     TGC   1   1   1   1   1   1
Leu TTA   0   0   0   0   0   0 |     TCA   0   0   0   0   0   0 | *** TAA   0   0   0   0   0   0 | *** TGA   0   0   0   0   0   0
    TTG   1   1   1   1   1   1 |     TCG   0   0   0   0   0   0 |     TAG   0   0   0   0   0   0 | Trp TGG   0   0   0   0   0   0
--------------------------------------------------------------------------------------------------------------------------------------
Leu CTT   0   0   0   0   0   0 | Pro CCT   0   0   0   0   0   0 | His CAT   1   1   1   1   1   1 | Arg CGT   0   0   0   0   0   0
    CTC   0   0   0   0   0   0 |     CCC   2   2   2   2   2   2 |     CAC   1   1   1   1   1   1 |     CGC   0   0   0   0   0   0
    CTA   0   0   0   0   0   0 |     CCA   1   1   1   1   1   1 | Gln CAA   0   0   0   0   0   0 |     CGA   0   0   0   0   0   0
    CTG   1   1   1   1   1   1 |     CCG   0   0   0   0   0   0 |     CAG   1   1   1   1   1   1 |     CGG   2   2   2   2   2   2
--------------------------------------------------------------------------------------------------------------------------------------
Ile ATT   0   0   0   0   0   0 | Thr ACT   0   0   0   0   0   0 | Asn AAT   1   1   1   1   1   0 | Ser AGT   0   0   0   0   0   0
    ATC   1   1   1   1   1   1 |     ACC   1   1   1   1   1   1 |     AAC   0   0   1   0   0   0 |     AGC   2   2   2   2   2   2
    ATA   0   0   0   0   0   0 |     ACA   0   0   0   0   0   0 | Lys AAA   0   0   0   0   0   1 | Arg AGA   0   0   0   0   0   0
Met ATG   0   0   0   0   0   0 |     ACG   0   0   0   0   0   0 |     AAG   1   1   1   1   1   1 |     AGG   0   0   0   0   0   0
--------------------------------------------------------------------------------------------------------------------------------------
Val GTT   0   0   0   0   0   0 | Ala GCT   1   0   0   0   0   0 | Asp GAT   0   0   0   0   0   0 | Gly GGT   0   0   0   0   0   0
    GTC   1   1   1   1   1   1 |     GCC   2   3   3   3   3   3 |     GAC   2   2   1   2   2   2 |     GGC   1   1   1   1   1   1
    GTA   0   0   0   0   0   0 |     GCA   0   0   0   0   0   0 | Glu GAA   0   0   0   0   0   0 |     GGA   0   0   0   0   0   0
    GTG   1   1   1   1   1   1 |     GCG   0   0   0   0   0   0 |     GAG   2   2   2   2   2   2 |     GGG   0   0   0   0   0   0
--------------------------------------------------------------------------------------------------------------------------------------

--------------------------------------------------------------------------------------------------------------------------------------
Phe TTT   0   0   0   0   0   0 | Ser TCT   0   0   0   0   0   0 | Tyr TAT   0   0   0   0   0   0 | Cys TGT   0   0   0   0   0   0
    TTC   0   0   0   0   0   0 |     TCC   0   0   0   0   0   0 |     TAC   0   0   0   0   0   0 |     TGC   1   1   1   1   1   1
Leu TTA   0   0   0   0   0   0 |     TCA   0   0   0   0   0   0 | *** TAA   0   0   0   0   0   0 | *** TGA   0   0   0   0   0   0
    TTG   1   1   1   1   1   1 |     TCG   0   0   0   0   0   0 |     TAG   0   0   0   0   0   0 | Trp TGG   0   0   0   0   0   0
--------------------------------------------------------------------------------------------------------------------------------------
Leu CTT   0   0   0   0   0   0 | Pro CCT   0   0   0   0   0   0 | His CAT   1   1   1   1   1   1 | Arg CGT   0   0   0   0   0   0
    CTC   0   0   0   0   0   0 |     CCC   2   2   2   2   2   2 |     CAC   1   1   1   1   1   1 |     CGC   0   0   0   0   0   0
    CTA   0   0   0   0   0   0 |     CCA   1   1   0   1   1   1 | Gln CAA   0   0   0   0   0   0 |     CGA   0   0   0   0   0   0
    CTG   1   1   1   1   1   1 |     CCG   0   0   1   0   0   0 |     CAG   1   1   1   1   1   1 |     CGG   2   2   2   2   2   2
--------------------------------------------------------------------------------------------------------------------------------------
Ile ATT   0   0   0   0   0   0 | Thr ACT   0   0   0   0   0   0 | Asn AAT   1   1   1   1   1   1 | Ser AGT   0   0   0   0   0   0
    ATC   1   1   1   1   1   1 |     ACC   1   1   1   1   1   1 |     AAC   0   0   0   1   0   0 |     AGC   2   2   2   2   2   2
    ATA   0   0   0   0   0   0 |     ACA   0   0   0   0   0   0 | Lys AAA   0   0   0   0   0   0 | Arg AGA   0   0   0   0   0   0
Met ATG   0   0   0   0   0   0 |     ACG   0   0   0   0   0   0 |     AAG   1   1   1   1   1   1 |     AGG   0   0   0   0   0   0
--------------------------------------------------------------------------------------------------------------------------------------
Val GTT   0   0   0   0   0   0 | Ala GCT   0   0   0   0   0   0 | Asp GAT   0   0   0   0   0   0 | Gly GGT   0   0   0   0   0   0
    GTC   1   1   1   1   1   1 |     GCC   3   3   3   3   3   3 |     GAC   2   2   2   1   2   2 |     GGC   1   1   1   1   1   1
    GTA   0   0   0   0   0   0 |     GCA   0   0   0   0   0   0 | Glu GAA   0   0   0   0   0   0 |     GGA   0   0   0   0   0   0
    GTG   1   1   1   1   1   1 |     GCG   0   0   0   0   0   0 |     GAG   2   2   2   2   2   2 |     GGG   0   0   0   0   0   0
--------------------------------------------------------------------------------------------------------------------------------------

--------------------------------------------------------------------------------------------------------------------------------------
Phe TTT   0   0   0   0   0   0 | Ser TCT   0   0   0   0   0   0 | Tyr TAT   0   0   0   0   0   0 | Cys TGT   0   0   0   0   0   0
    TTC   0   0   0   0   0   0 |     TCC   0   0   0   0   0   0 |     TAC   0   0   0   0   0   0 |     TGC   1   1   1   1   1   1
Leu TTA   0   0   0   0   0   0 |     TCA   0   0   0   0   0   0 | *** TAA   0   0   0   0   0   0 | *** TGA   0   0   0   0   0   0
    TTG   1   1   1   1   1   1 |     TCG   0   0   0   0   0   0 |     TAG   0   0   0   0   0   0 | Trp TGG   0   0   0   0   0   0
--------------------------------------------------------------------------------------------------------------------------------------
Leu CTT   0   0   0   0   0   0 | Pro CCT   0   0   0   0   0   0 | His CAT   1   1   1   1   1   1 | Arg CGT   0   0   0   0   0   0
    CTC   0   0   0   0   0   0 |     CCC   2   2   2   2   2   2 |     CAC   2   2   1   1   1   1 |     CGC   0   0   0   0   0   0
    CTA   0   0   0   0   0   0 |     CCA   1   1   1   1   1   1 | Gln CAA   0   0   0   0   0   0 |     CGA   0   0   0   0   0   0
    CTG   1   1   1   1   1   1 |     CCG   0   0   0   0   0   0 |     CAG   1   1   1   1   1   1 |     CGG   2   2   2   2   2   2
--------------------------------------------------------------------------------------------------------------------------------------
Ile ATT   0   0   0   0   0   0 | Thr ACT   0   1   0   0   0   0 | Asn AAT   1   1   1   1   1   1 | Ser AGT   0   0   0   0   0   0
    ATC   1   1   1   1   1   1 |     ACC   1   0   1   1   1   1 |     AAC   0   0   0   0   0   0 |     AGC   2   2   2   2   2   2
    ATA   0   0   0   0   0   0 |     ACA   0   0   0   0   0   0 | Lys AAA   0   0   0   1   0   0 | Arg AGA   0   0   0   0   0   0
Met ATG   0   0   0   0   0   0 |     ACG   0   0   0   0   0   0 |     AAG   1   1   1   0   1   1 |     AGG   0   0   0   0   0   0
--------------------------------------------------------------------------------------------------------------------------------------
Val GTT   0   0   0   0   0   0 | Ala GCT   0   0   0   0   0   0 | Asp GAT   0   0   0   0   0   0 | Gly GGT   0   0   1   0   0   0
    GTC   1   1   1   1   1   1 |     GCC   3   3   3   3   3   3 |     GAC   1   1   2   2   2   2 |     GGC   1   1   0   1   1   1
    GTA   0   0   0   0   0   0 |     GCA   0   0   0   0   0   0 | Glu GAA   0   0   0   0   0   0 |     GGA   0   0   0   0   0   0
    GTG   1   1   1   1   1   1 |     GCG   0   0   0   0   0   0 |     GAG   2   2   2   2   2   2 |     GGG   0   0   0   0   0   0
--------------------------------------------------------------------------------------------------------------------------------------

--------------------------------------------------------------------------------------------------------------------------------------
Phe TTT   0   0   0   0   0   0 | Ser TCT   0   0   0   0   0   0 | Tyr TAT   0   0   0   0   0   0 | Cys TGT   0   0   0   0   0   0
    TTC   0   0   0   0   0   0 |     TCC   0   0   0   0   0   0 |     TAC   0   0   0   0   0   0 |     TGC   1   1   1   1   1   1
Leu TTA   0   0   0   0   0   0 |     TCA   0   0   0   0   0   0 | *** TAA   0   0   0   0   0   0 | *** TGA   0   0   0   0   0   0
    TTG   1   1   1   1   1   1 |     TCG   0   0   0   0   0   0 |     TAG   0   0   0   0   0   0 | Trp TGG   0   0   0   0   0   0
--------------------------------------------------------------------------------------------------------------------------------------
Leu CTT   0   0   0   0   0   0 | Pro CCT   0   0   0   0   0   0 | His CAT   1   1   1   1   1   1 | Arg CGT   0   0   0   0   0   0
    CTC   0   0   0   0   0   0 |     CCC   2   2   2   2   2   2 |     CAC   1   1   1   1   1   1 |     CGC   0   0   0   0   0   0
    CTA   0   0   0   0   0   0 |     CCA   1   1   1   1   1   1 | Gln CAA   0   0   0   0   0   0 |     CGA   0   0   0   0   0   0
    CTG   1   1   1   1   1   1 |     CCG   0   0   0   0   0   0 |     CAG   1   1   1   1   1   1 |     CGG   2   2   2   2   2   2
--------------------------------------------------------------------------------------------------------------------------------------
Ile ATT   0   0   0   0   0   0 | Thr ACT   0   0   0   0   0   0 | Asn AAT   1   1   1   1   1   1 | Ser AGT   0   0   0   0   0   0
    ATC   1   1   1   1   1   1 |     ACC   1   1   1   1   1   1 |     AAC   0   0   0   0   0   0 |     AGC   2   2   2   2   2   2
    ATA   0   0   0   0   0   0 |     ACA   0   0   0   0   0   0 | Lys AAA   0   0   0   0   0   0 | Arg AGA   0   0   0   0   0   0
Met ATG   0   0   0   0   0   0 |     ACG   0   0   0   0   0   0 |     AAG   1   1   1   1   1   1 |     AGG   0   0   0   0   0   0
--------------------------------------------------------------------------------------------------------------------------------------
Val GTT   0   0   0   0   0   0 | Ala GCT   0   0   0   0   0   0 | Asp GAT   0   0   0   0   0   0 | Gly GGT   0   0   0   0   0   0
    GTC   1   1   1   1   1   1 |     GCC   3   3   3   3   3   3 |     GAC   2   2   2   2   2   2 |     GGC   1   1   1   1   1   1
    GTA   0   0   0   0   0   0 |     GCA   0   0   0   0   0   0 | Glu GAA   0   0   0   0   0   0 |     GGA   0   0   0   0   0   0
    GTG   1   1   1   1   1   1 |     GCG   0   0   0   0   0   0 |     GAG   2   2   2   2   2   2 |     GGG   0   0   0   0   0   0
--------------------------------------------------------------------------------------------------------------------------------------

--------------------------------------------------------------------------------------------------------------------------------------
Phe TTT   0   0   0   0   0   0 | Ser TCT   0   0   0   0   0   0 | Tyr TAT   0   0   0   0   0   0 | Cys TGT   0   0   0   0   0   0
    TTC   0   0   0   0   0   0 |     TCC   0   0   0   0   0   0 |     TAC   0   0   0   0   0   0 |     TGC   1   1   1   1   1   1
Leu TTA   0   0   0   0   0   0 |     TCA   0   0   0   0   0   0 | *** TAA   0   0   0   0   0   0 | *** TGA   0   0   0   0   0   0
    TTG   1   1   1   1   1   1 |     TCG   0   0   0   0   0   0 |     TAG   0   0   0   0   0   0 | Trp TGG   0   0   0   0   0   0
--------------------------------------------------------------------------------------------------------------------------------------
Leu CTT   0   0   0   0   0   0 | Pro CCT   0   0   0   0   1   0 | His CAT   1   1   1   1   1   1 | Arg CGT   0   0   0   0   0   0
    CTC   0   0   0   0   0   0 |     CCC   2   2   2   2   1   2 |     CAC   1   1   1   1   1   1 |     CGC   0   0   0   0   0   0
    CTA   0   1   0   0   0   0 |     CCA   1   1   1   1   1   1 | Gln CAA   0   0   0   0   0   0 |     CGA   0   0   0   0   0   0
    CTG   1   0   1   1   1   1 |     CCG   0   0   0   0   0   0 |     CAG   1   1   1   1   1   1 |     CGG   2   2   2   2   2   2
--------------------------------------------------------------------------------------------------------------------------------------
Ile ATT   0   0   0   0   0   0 | Thr ACT   0   0   0   0   0   0 | Asn AAT   1   1   0   1   0   1 | Ser AGT   0   0   0   0   0   0
    ATC   1   1   1   1   1   1 |     ACC   1   1   1   1   1   1 |     AAC   0   0   1   1   0   0 |     AGC   2   2   2   2   2   2
    ATA   0   0   0   0   0   0 |     ACA   0   0   0   0   0   0 | Lys AAA   0   0   1   0   0   0 | Arg AGA   0   0   0   0   0   0
Met ATG   0   0   0   0   0   0 |     ACG   0   0   0   0   0   0 |     AAG   1   1   1   1   2   1 |     AGG   0   0   0   0   0   0
--------------------------------------------------------------------------------------------------------------------------------------
Val GTT   0   0   0   0   0   0 | Ala GCT   0   0   0   0   1   0 | Asp GAT   0   0   0   0   0   0 | Gly GGT   0   0   0   0   0   0
    GTC   1   1   1   1   1   1 |     GCC   3   3   3   3   2   3 |     GAC   2   2   1   1   2   2 |     GGC   1   1   1   1   1   1
    GTA   0   0   0   0   0   0 |     GCA   0   0   0   0   0   0 | Glu GAA   0   0   0   0   0   0 |     GGA   0   0   0   0   0   0
    GTG   1   1   1   1   1   1 |     GCG   0   0   0   0   0   0 |     GAG   2   2   2   2   2   2 |     GGG   0   0   0   0   0   0
--------------------------------------------------------------------------------------------------------------------------------------

--------------------------------------------------------------------------------------------------------------------------------------
Phe TTT   0   0   0   0   0   0 | Ser TCT   0   0   0   0   0   0 | Tyr TAT   0   0   0   0   0   0 | Cys TGT   0   0   0   0   0   0
    TTC   0   0   0   0   0   0 |     TCC   0   0   0   0   0   0 |     TAC   0   0   0   0   0   0 |     TGC   1   1   1   1   1   1
Leu TTA   0   0   0   0   0   0 |     TCA   0   0   0   0   0   0 | *** TAA   0   0   0   0   0   0 | *** TGA   0   0   0   0   0   0
    TTG   1   1   1   1   1   1 |     TCG   0   0   0   0   0   0 |     TAG   0   0   0   0   0   0 | Trp TGG   0   0   1   0   0   0
--------------------------------------------------------------------------------------------------------------------------------------
Leu CTT   0   0   0   0   0   0 | Pro CCT   0   0   0   0   0   0 | His CAT   1   1   1   1   1   1 | Arg CGT   0   0   0   0   0   0
    CTC   0   0   0   0   0   0 |     CCC   2   2   2   2   2   2 |     CAC   1   1   1   1   1   1 |     CGC   0   0   0   0   0   0
    CTA   0   0   0   0   0   0 |     CCA   0   1   1   1   1   1 | Gln CAA   0   0   0   0   0   0 |     CGA   0   0   0   0   0   0
    CTG   1   1   1   1   1   1 |     CCG   1   0   0   0   0   0 |     CAG   1   1   1   1   1   1 |     CGG   2   2   1   2   2   2
--------------------------------------------------------------------------------------------------------------------------------------
Ile ATT   0   0   0   0   0   0 | Thr ACT   0   0   0   0   0   0 | Asn AAT   1   1   1   1   1   1 | Ser AGT   0   0   0   0   0   0
    ATC   1   1   1   1   1   1 |     ACC   1   1   1   1   1   1 |     AAC   0   0   0   0   0   0 |     AGC   2   2   2   2   2   2
    ATA   0   0   0   0   0   0 |     ACA   0   0   0   0   0   0 | Lys AAA   0   0   0   0   0   0 | Arg AGA   0   0   0   0   0   0
Met ATG   0   0   0   0   0   0 |     ACG   0   0   0   0   0   0 |     AAG   1   1   1   1   1   1 |     AGG   0   0   0   0   0   0
--------------------------------------------------------------------------------------------------------------------------------------
Val GTT   0   0   0   0   0   0 | Ala GCT   0   1   0   1   0   0 | Asp GAT   0   0   0   0   0   0 | Gly GGT   0   0   0   0   0   0
    GTC   1   1   1   1   1   1 |     GCC   3   2   3   2   3   3 |     GAC   2   2   2   2   2   1 |     GGC   1   1   1   1   1   1
    GTA   0   0   0   0   0   0 |     GCA   0   0   0   0   0   0 | Glu GAA   0   0   0   0   0   0 |     GGA   0   0   0   0   0   0
    GTG   1   1   1   1   1   1 |     GCG   0   0   0   0   0   0 |     GAG   2   2   2   2   2   3 |     GGG   0   0   0   0   0   0
--------------------------------------------------------------------------------------------------------------------------------------

--------------------------------------------------------------------------------------------------------------------------------------
Phe TTT   0   0   0   0   0   0 | Ser TCT   0   0   0   0   0   0 | Tyr TAT   0   0   0   0   0   0 | Cys TGT   0   0   0   0   0   0
    TTC   0   0   0   0   0   0 |     TCC   0   0   0   0   0   0 |     TAC   0   0   0   0   0   0 |     TGC   1   1   1   1   1   1
Leu TTA   0   0   0   0   0   0 |     TCA   0   0   0   0   0   0 | *** TAA   0   0   0   0   0   0 | *** TGA   0   0   0   0   0   0
    TTG   1   1   1   1   1   1 |     TCG   0   0   0   0   0   0 |     TAG   0   0   0   0   0   0 | Trp TGG   0   0   0   0   0   0
--------------------------------------------------------------------------------------------------------------------------------------
Leu CTT   0   0   0   0   0   0 | Pro CCT   0   1   0   0   0   0 | His CAT   1   1   1   1   1   1 | Arg CGT   0   0   0   0   0   0
    CTC   0   0   0   0   0   0 |     CCC   2   1   2   2   2   2 |     CAC   1   1   1   1   1   1 |     CGC   0   0   0   0   0   0
    CTA   0   0   0   0   0   0 |     CCA   1   1   1   1   1   0 | Gln CAA   0   0   0   0   0   0 |     CGA   0   0   0   0   0   0
    CTG   1   1   1   1   1   1 |     CCG   0   0   0   0   0   1 |     CAG   1   1   1   1   1   1 |     CGG   2   2   2   2   2   2
--------------------------------------------------------------------------------------------------------------------------------------
Ile ATT   0   0   0   0   0   0 | Thr ACT   0   0   0   0   0   0 | Asn AAT   1   1   0   1   1   1 | Ser AGT   0   0   0   0   0   0
    ATC   1   1   1   1   1   1 |     ACC   1   1   1   1   1   1 |     AAC   0   0   0   0   1   0 |     AGC   2   2   2   2   2   2
    ATA   0   0   0   0   0   0 |     ACA   0   0   0   0   0   0 | Lys AAA   0   0   1   0   0   0 | Arg AGA   0   0   0   0   0   0
Met ATG   0   0   0   0   0   0 |     ACG   0   0   0   0   0   0 |     AAG   1   1   1   1   1   1 |     AGG   0   0   0   0   0   0
--------------------------------------------------------------------------------------------------------------------------------------
Val GTT   0   0   0   0   0   0 | Ala GCT   0   0   0   0   1   0 | Asp GAT   0   0   0   0   0   0 | Gly GGT   0   0   0   0   0   0
    GTC   1   1   1   1   1   1 |     GCC   3   3   3   3   2   3 |     GAC   2   2   2   2   1   2 |     GGC   1   1   1   1   1   1
    GTA   0   0   0   0   0   0 |     GCA   0   0   0   0   0   0 | Glu GAA   0   0   0   0   0   0 |     GGA   0   0   0   0   0   0
    GTG   1   1   1   1   1   1 |     GCG   0   0   0   0   0   0 |     GAG   2   2   2   2   2   2 |     GGG   0   0   0   0   0   0
--------------------------------------------------------------------------------------------------------------------------------------

--------------------------------------------------------------------------------------------------------------------------------------
Phe TTT   0   0   0   0   0   0 | Ser TCT   0   0   0   0   0   0 | Tyr TAT   0   0   0   0   0   0 | Cys TGT   0   0   0   0   0   0
    TTC   0   0   0   0   0   0 |     TCC   0   0   0   0   0   0 |     TAC   0   0   0   0   0   0 |     TGC   1   1   1   1   1   1
Leu TTA   0   0   0   0   0   0 |     TCA   0   0   0   0   0   0 | *** TAA   0   0   0   0   0   0 | *** TGA   0   0   0   0   0   0
    TTG   1   1   1   1   1   1 |     TCG   0   0   0   0   0   0 |     TAG   0   0   0   0   0   0 | Trp TGG   0   0   0   0   0   0
--------------------------------------------------------------------------------------------------------------------------------------
Leu CTT   0   0   0   0   0   0 | Pro CCT   0   0   0   0   0   0 | His CAT   1   1   1   1   1   1 | Arg CGT   0   0   0   0   0   0
    CTC   0   0   0   0   0   0 |     CCC   2   2   2   2   2   2 |     CAC   1   1   1   1   1   1 |     CGC   0   0   0   0   0   0
    CTA   0   0   0   0   0   0 |     CCA   1   1   1   1   1   1 | Gln CAA   0   0   0   0   0   0 |     CGA   0   0   0   0   0   0
    CTG   1   1   1   1   1   1 |     CCG   0   0   0   0   0   0 |     CAG   1   1   1   1   1   1 |     CGG   2   2   2   2   2   2
--------------------------------------------------------------------------------------------------------------------------------------
Ile ATT   0   0   0   0   0   0 | Thr ACT   0   0   0   0   0   0 | Asn AAT   1   1   1   1   1   1 | Ser AGT   0   0   0   0   0   0
    ATC   1   1   1   1   1   1 |     ACC   1   1   1   1   1   1 |     AAC   0   0   0   0   0   1 |     AGC   2   2   2   2   2   2
    ATA   0   0   0   0   0   0 |     ACA   0   0   0   0   0   0 | Lys AAA   0   0   0   0   0   0 | Arg AGA   0   0   0   0   0   0
Met ATG   0   0   0   0   0   0 |     ACG   0   0   0   0   0   0 |     AAG   1   1   1   1   1   1 |     AGG   0   0   0   0   0   0
--------------------------------------------------------------------------------------------------------------------------------------
Val GTT   0   0   0   0   0   0 | Ala GCT   0   0   0   0   0   0 | Asp GAT   0   0   0   0   0   0 | Gly GGT   0   0   0   0   0   0
    GTC   1   1   1   1   1   1 |     GCC   3   3   3   3   3   3 |     GAC   2   2   2   2   2   1 |     GGC   1   1   1   1   1   1
    GTA   0   0   0   0   0   0 |     GCA   0   0   0   0   0   0 | Glu GAA   0   0   0   0   0   0 |     GGA   0   0   0   0   0   0
    GTG   1   1   1   1   1   1 |     GCG   0   0   0   0   0   0 |     GAG   2   2   2   2   2   2 |     GGG   0   0   0   0   0   0
--------------------------------------------------------------------------------------------------------------------------------------

Codon position x base (3x4) table for each sequence.

#1: Argali         
position  1:    T:0.07407    C:0.33333    A:0.22222    G:0.37037
position  2:    T:0.18519    C:0.25926    A:0.33333    G:0.22222
position  3:    T:0.07407    C:0.55556    A:0.03704    G:0.33333
Average         T:0.11111    C:0.38272    A:0.19753    G:0.30864

#2: LesserMouseDeer
position  1:    T:0.07407    C:0.37037    A:0.18519    G:0.37037
position  2:    T:0.18519    C:0.25926    A:0.33333    G:0.22222
position  3:    T:0.03704    C:0.55556    A:0.07407    G:0.33333
Average         T:0.09877    C:0.39506    A:0.19753    G:0.30864

#3: LesserKudu     
position  1:    T:0.07407    C:0.33333    A:0.25926    G:0.33333
position  2:    T:0.18519    C:0.25926    A:0.33333    G:0.22222
position  3:    T:0.07407    C:0.55556    A:0.03704    G:0.33333
Average         T:0.11111    C:0.38272    A:0.20988    G:0.29630

#4: ForestMuskDeer2
position  1:    T:0.07407    C:0.33333    A:0.22222    G:0.37037
position  2:    T:0.18519    C:0.25926    A:0.33333    G:0.22222
position  3:    T:0.07407    C:0.55556    A:0.03704    G:0.33333
Average         T:0.11111    C:0.38272    A:0.19753    G:0.30864

#5: Camel          
position  1:    T:0.07407    C:0.33333    A:0.22222    G:0.37037
position  2:    T:0.18519    C:0.25926    A:0.33333    G:0.22222
position  3:    T:0.00000    C:0.48148    A:0.07407    G:0.44444
Average         T:0.08642    C:0.35802    A:0.20988    G:0.34568

#6: KillerWhale    
position  1:    T:0.07407    C:0.33333    A:0.22222    G:0.37037
position  2:    T:0.18519    C:0.25926    A:0.33333    G:0.22222
position  3:    T:0.03704    C:0.59259    A:0.03704    G:0.33333
Average         T:0.09877    C:0.39506    A:0.19753    G:0.30864

#7: DefassaWaterbuck
position  1:    T:0.07407    C:0.33333    A:0.22222    G:0.37037
position  2:    T:0.18519    C:0.25926    A:0.33333    G:0.22222
position  3:    T:0.11111    C:0.51852    A:0.03704    G:0.33333
Average         T:0.12346    C:0.37037    A:0.19753    G:0.30864

#8: Sheep          
position  1:    T:0.07407    C:0.33333    A:0.22222    G:0.37037
position  2:    T:0.18519    C:0.25926    A:0.33333    G:0.22222
position  3:    T:0.07407    C:0.55556    A:0.03704    G:0.33333
Average         T:0.11111    C:0.38272    A:0.19753    G:0.30864

#9: MaxwellsDuiker 
position  1:    T:0.07407    C:0.33333    A:0.25926    G:0.33333
position  2:    T:0.18519    C:0.25926    A:0.33333    G:0.22222
position  3:    T:0.07407    C:0.55556    A:0.03704    G:0.33333
Average         T:0.11111    C:0.38272    A:0.20988    G:0.29630

#10: GazellaPrzewalskyi
position  1:    T:0.07407    C:0.33333    A:0.22222    G:0.37037
position  2:    T:0.18519    C:0.25926    A:0.33333    G:0.22222
position  3:    T:0.07407    C:0.55556    A:0.03704    G:0.33333
Average         T:0.11111    C:0.38272    A:0.19753    G:0.30864

#11: MountainNyala  
position  1:    T:0.07407    C:0.33333    A:0.22222    G:0.37037
position  2:    T:0.18519    C:0.25926    A:0.33333    G:0.22222
position  3:    T:0.07407    C:0.55556    A:0.03704    G:0.33333
Average         T:0.11111    C:0.38272    A:0.19753    G:0.30864

#12: MuntiacusMuntjak
position  1:    T:0.07407    C:0.33333    A:0.22222    G:0.37037
position  2:    T:0.18519    C:0.25926    A:0.33333    G:0.22222
position  3:    T:0.03704    C:0.55556    A:0.07407    G:0.33333
Average         T:0.09877    C:0.38272    A:0.20988    G:0.30864

#13: goat           
position  1:    T:0.07407    C:0.33333    A:0.22222    G:0.37037
position  2:    T:0.18519    C:0.25926    A:0.33333    G:0.22222
position  3:    T:0.07407    C:0.55556    A:0.03704    G:0.33333
Average         T:0.11111    C:0.38272    A:0.19753    G:0.30864

#14: AfricanBuffalo 
position  1:    T:0.07407    C:0.33333    A:0.22222    G:0.37037
position  2:    T:0.18519    C:0.25926    A:0.33333    G:0.22222
position  3:    T:0.07407    C:0.55556    A:0.03704    G:0.33333
Average         T:0.11111    C:0.38272    A:0.19753    G:0.30864

#15: Topi           
position  1:    T:0.07407    C:0.33333    A:0.22222    G:0.37037
position  2:    T:0.18519    C:0.25926    A:0.33333    G:0.22222
position  3:    T:0.07407    C:0.55556    A:0.00000    G:0.37037
Average         T:0.11111    C:0.38272    A:0.18519    G:0.32099

#16: CommonDuiker   
position  1:    T:0.07407    C:0.33333    A:0.25926    G:0.33333
position  2:    T:0.18519    C:0.25926    A:0.33333    G:0.22222
position  3:    T:0.07407    C:0.55556    A:0.03704    G:0.33333
Average         T:0.11111    C:0.38272    A:0.20988    G:0.29630

#17: Suni           
position  1:    T:0.07407    C:0.33333    A:0.22222    G:0.37037
position  2:    T:0.18519    C:0.25926    A:0.33333    G:0.22222
position  3:    T:0.07407    C:0.55556    A:0.03704    G:0.33333
Average         T:0.11111    C:0.38272    A:0.19753    G:0.30864

#18: Springbuck     
position  1:    T:0.07407    C:0.33333    A:0.22222    G:0.37037
position  2:    T:0.18519    C:0.25926    A:0.33333    G:0.22222
position  3:    T:0.07407    C:0.55556    A:0.03704    G:0.33333
Average         T:0.11111    C:0.38272    A:0.19753    G:0.30864

#19: Okapi          
position  1:    T:0.07407    C:0.37037    A:0.22222    G:0.33333
position  2:    T:0.18519    C:0.25926    A:0.33333    G:0.22222
position  3:    T:0.07407    C:0.55556    A:0.03704    G:0.33333
Average         T:0.11111    C:0.39506    A:0.19753    G:0.29630

#20: Giraffe        
position  1:    T:0.07407    C:0.37037    A:0.22222    G:0.33333
position  2:    T:0.18519    C:0.25926    A:0.33333    G:0.22222
position  3:    T:0.11111    C:0.51852    A:0.03704    G:0.33333
Average         T:0.12346    C:0.38272    A:0.19753    G:0.29630

#21: TibetanAntelope
position  1:    T:0.07407    C:0.33333    A:0.22222    G:0.37037
position  2:    T:0.18519    C:0.25926    A:0.33333    G:0.22222
position  3:    T:0.11111    C:0.51852    A:0.03704    G:0.33333
Average         T:0.12346    C:0.37037    A:0.19753    G:0.30864

#22: Sitatunga      
position  1:    T:0.07407    C:0.33333    A:0.22222    G:0.37037
position  2:    T:0.18519    C:0.25926    A:0.33333    G:0.22222
position  3:    T:0.07407    C:0.55556    A:0.07407    G:0.29630
Average         T:0.11111    C:0.38272    A:0.20988    G:0.29630

#23: Oribi          
position  1:    T:0.07407    C:0.33333    A:0.22222    G:0.37037
position  2:    T:0.18519    C:0.25926    A:0.33333    G:0.22222
position  3:    T:0.07407    C:0.55556    A:0.03704    G:0.33333
Average         T:0.11111    C:0.38272    A:0.19753    G:0.30864

#24: BarbarySheep   
position  1:    T:0.07407    C:0.33333    A:0.22222    G:0.37037
position  2:    T:0.18519    C:0.25926    A:0.33333    G:0.22222
position  3:    T:0.07407    C:0.55556    A:0.03704    G:0.33333
Average         T:0.11111    C:0.38272    A:0.19753    G:0.30864

#25: Daviddeer      
position  1:    T:0.07407    C:0.33333    A:0.22222    G:0.37037
position  2:    T:0.18519    C:0.25926    A:0.33333    G:0.22222
position  3:    T:0.07407    C:0.55556    A:0.03704    G:0.33333
Average         T:0.11111    C:0.38272    A:0.19753    G:0.30864

#26: Reindeer       
position  1:    T:0.07407    C:0.33333    A:0.22222    G:0.37037
position  2:    T:0.18519    C:0.25926    A:0.33333    G:0.22222
position  3:    T:0.07407    C:0.55556    A:0.03704    G:0.33333
Average         T:0.11111    C:0.38272    A:0.19753    G:0.30864

#27: Ibex           
position  1:    T:0.07407    C:0.33333    A:0.22222    G:0.37037
position  2:    T:0.18519    C:0.25926    A:0.33333    G:0.22222
position  3:    T:0.07407    C:0.55556    A:0.03704    G:0.33333
Average         T:0.11111    C:0.38272    A:0.19753    G:0.30864

#28: GyrantGazelle  
position  1:    T:0.07407    C:0.33333    A:0.22222    G:0.37037
position  2:    T:0.18519    C:0.25926    A:0.33333    G:0.22222
position  3:    T:0.07407    C:0.55556    A:0.03704    G:0.33333
Average         T:0.11111    C:0.38272    A:0.19753    G:0.30864

#29: Hartebeest     
position  1:    T:0.07407    C:0.33333    A:0.22222    G:0.37037
position  2:    T:0.18519    C:0.25926    A:0.33333    G:0.22222
position  3:    T:0.07407    C:0.55556    A:0.03704    G:0.33333
Average         T:0.11111    C:0.38272    A:0.19753    G:0.30864

#30: Bongo          
position  1:    T:0.07407    C:0.33333    A:0.22222    G:0.37037
position  2:    T:0.18519    C:0.25926    A:0.33333    G:0.22222
position  3:    T:0.07407    C:0.55556    A:0.03704    G:0.33333
Average         T:0.11111    C:0.38272    A:0.19753    G:0.30864

#31: Gerenuk        
position  1:    T:0.07407    C:0.33333    A:0.22222    G:0.37037
position  2:    T:0.18519    C:0.25926    A:0.33333    G:0.22222
position  3:    T:0.07407    C:0.55556    A:0.03704    G:0.33333
Average         T:0.11111    C:0.38272    A:0.19753    G:0.30864

#32: CommonEland    
position  1:    T:0.07407    C:0.33333    A:0.22222    G:0.37037
position  2:    T:0.18519    C:0.25926    A:0.33333    G:0.22222
position  3:    T:0.07407    C:0.55556    A:0.07407    G:0.29630
Average         T:0.11111    C:0.38272    A:0.20988    G:0.29630

#33: MuntiacusReevesi
position  1:    T:0.07407    C:0.33333    A:0.25926    G:0.33333
position  2:    T:0.18519    C:0.25926    A:0.33333    G:0.22222
position  3:    T:0.03704    C:0.55556    A:0.07407    G:0.33333
Average         T:0.09877    C:0.38272    A:0.22222    G:0.29630

#34: HarveysDuiker  
position  1:    T:0.07407    C:0.33333    A:0.25926    G:0.33333
position  2:    T:0.18519    C:0.25926    A:0.33333    G:0.22222
position  3:    T:0.07407    C:0.55556    A:0.03704    G:0.33333
Average         T:0.11111    C:0.38272    A:0.20988    G:0.29630

#35: Pronghorn      
position  1:    T:0.07407    C:0.33333    A:0.22222    G:0.37037
position  2:    T:0.18519    C:0.25926    A:0.33333    G:0.22222
position  3:    T:0.11111    C:0.48148    A:0.03704    G:0.37037
Average         T:0.12346    C:0.35802    A:0.19753    G:0.32099

#36: BlueWildebeest 
position  1:    T:0.07407    C:0.33333    A:0.22222    G:0.37037
position  2:    T:0.18519    C:0.25926    A:0.33333    G:0.22222
position  3:    T:0.07407    C:0.55556    A:0.03704    G:0.33333
Average         T:0.11111    C:0.38272    A:0.19753    G:0.30864

#37: Gemsbok        
position  1:    T:0.07407    C:0.33333    A:0.22222    G:0.37037
position  2:    T:0.18519    C:0.25926    A:0.33333    G:0.22222
position  3:    T:0.07407    C:0.55556    A:0.00000    G:0.37037
Average         T:0.11111    C:0.38272    A:0.18519    G:0.32099

#38: Yak            
position  1:    T:0.07407    C:0.33333    A:0.22222    G:0.37037
position  2:    T:0.18519    C:0.25926    A:0.33333    G:0.22222
position  3:    T:0.11111    C:0.51852    A:0.03704    G:0.33333
Average         T:0.12346    C:0.37037    A:0.19753    G:0.30864

#39: BlueSheep      
position  1:    T:0.11111    C:0.29630    A:0.22222    G:0.37037
position  2:    T:0.18519    C:0.25926    A:0.33333    G:0.22222
position  3:    T:0.07407    C:0.55556    A:0.03704    G:0.33333
Average         T:0.12346    C:0.37037    A:0.19753    G:0.30864

#40: BohorReedbuck  
position  1:    T:0.07407    C:0.33333    A:0.22222    G:0.37037
position  2:    T:0.18519    C:0.25926    A:0.33333    G:0.22222
position  3:    T:0.11111    C:0.51852    A:0.03704    G:0.33333
Average         T:0.12346    C:0.37037    A:0.19753    G:0.30864

#41: KirksDik       
position  1:    T:0.07407    C:0.33333    A:0.22222    G:0.37037
position  2:    T:0.18519    C:0.25926    A:0.33333    G:0.22222
position  3:    T:0.07407    C:0.55556    A:0.03704    G:0.33333
Average         T:0.11111    C:0.38272    A:0.19753    G:0.30864

#42: RoeDeer        
position  1:    T:0.07407    C:0.33333    A:0.22222    G:0.37037
position  2:    T:0.18519    C:0.25926    A:0.33333    G:0.22222
position  3:    T:0.07407    C:0.51852    A:0.03704    G:0.37037
Average         T:0.11111    C:0.37037    A:0.19753    G:0.32099

#43: WhiteLippedDeer
position  1:    T:0.07407    C:0.33333    A:0.22222    G:0.37037
position  2:    T:0.18519    C:0.25926    A:0.33333    G:0.22222
position  3:    T:0.07407    C:0.55556    A:0.03704    G:0.33333
Average         T:0.11111    C:0.38272    A:0.19753    G:0.30864

#44: ThomsonGazelle 
position  1:    T:0.07407    C:0.33333    A:0.22222    G:0.37037
position  2:    T:0.18519    C:0.25926    A:0.33333    G:0.22222
position  3:    T:0.11111    C:0.51852    A:0.03704    G:0.33333
Average         T:0.12346    C:0.37037    A:0.19753    G:0.30864

#45: MuntiacusCrinifrons
position  1:    T:0.07407    C:0.33333    A:0.22222    G:0.37037
position  2:    T:0.18519    C:0.25926    A:0.33333    G:0.22222
position  3:    T:0.03704    C:0.55556    A:0.07407    G:0.33333
Average         T:0.09877    C:0.38272    A:0.20988    G:0.30864

#46: WhiteTailedDeer
position  1:    T:0.07407    C:0.33333    A:0.22222    G:0.37037
position  2:    T:0.18519    C:0.25926    A:0.33333    G:0.22222
position  3:    T:0.07407    C:0.55556    A:0.03704    G:0.33333
Average         T:0.11111    C:0.38272    A:0.19753    G:0.30864

#47: Cattle         
position  1:    T:0.07407    C:0.33333    A:0.25926    G:0.33333
position  2:    T:0.18519    C:0.25926    A:0.33333    G:0.22222
position  3:    T:0.11111    C:0.51852    A:0.03704    G:0.33333
Average         T:0.12346    C:0.37037    A:0.20988    G:0.29630

#48: RoyalAntelope  
position  1:    T:0.07407    C:0.33333    A:0.22222    G:0.37037
position  2:    T:0.18519    C:0.25926    A:0.33333    G:0.22222
position  3:    T:0.07407    C:0.55556    A:0.00000    G:0.37037
Average         T:0.11111    C:0.38272    A:0.18519    G:0.32099

#49: Steenbok       
position  1:    T:0.07407    C:0.33333    A:0.22222    G:0.37037
position  2:    T:0.18519    C:0.25926    A:0.33333    G:0.22222
position  3:    T:0.07407    C:0.55556    A:0.03704    G:0.33333
Average         T:0.11111    C:0.38272    A:0.19753    G:0.30864

#50: Impala         
position  1:    T:0.07407    C:0.33333    A:0.22222    G:0.37037
position  2:    T:0.18519    C:0.25926    A:0.33333    G:0.22222
position  3:    T:0.07407    C:0.55556    A:0.03704    G:0.33333
Average         T:0.11111    C:0.38272    A:0.19753    G:0.30864

#51: Klipspringer   
position  1:    T:0.07407    C:0.33333    A:0.22222    G:0.37037
position  2:    T:0.18519    C:0.25926    A:0.33333    G:0.22222
