CODONML (in paml version 4.10.7, June 2023)  /home/rachel/ruminants_paml/6406-phy-tree/ENSBTAT00000052449.fasta.phy
Model: free dN/dS Ratios for branches,  kappa = 2.000 fixed

Codon frequency model: F3x4
ns =  54  ls =  61

Codon usage in sequences
--------------------------------------------------------------------------------------------------------------------------------------
Phe TTT   3   3   3   3   3   3 | Ser TCT   1   0   1   1   0   1 | Tyr TAT   1   2   1   1   1   1 | Cys TGT   0   0   0   0   0   0
    TTC   0   0   0   0   0   0 |     TCC   0   0   0   0   0   0 |     TAC   3   2   3   3   3   3 |     TGC   2   2   2   2   1   1
Leu TTA   0   0   0   0   0   0 |     TCA   0   0   0   0   0   0 | *** TAA   0   0   0   0   0   0 | *** TGA   0   0   0   0   0   0
    TTG   1   1   1   1   1   1 |     TCG   0   1   0   0   1   0 |     TAG   0   0   0   0   0   0 | Trp TGG   3   3   3   3   3   3
--------------------------------------------------------------------------------------------------------------------------------------
Leu CTT   0   0   0   0   0   0 | Pro CCT   1   2   1   2   1   1 | His CAT   1   1   1   1   1   1 | Arg CGT   0   0   1   0   0   0
    CTC   1   1   1   1   1   1 |     CCC   1   0   1   1   2   1 |     CAC   1   1   1   1   1   1 |     CGC   1   1   1   1   1   1
    CTA   1   1   1   1   1   1 |     CCA   2   2   2   2   1   2 | Gln CAA   1   1   1   1   1   1 |     CGA   0   0   0   0   0   0
    CTG   1   1   1   1   1   1 |     CCG   0   1   0   0   1   1 |     CAG   2   2   2   1   2   2 |     CGG   0   0   0   1   0   0
--------------------------------------------------------------------------------------------------------------------------------------
Ile ATT   0   0   0   0   0   1 | Thr ACT   0   0   0   0   1   0 | Asn AAT   1   3   2   2   2   2 | Ser AGT   0   0   0   0   1   1
    ATC   1   1   1   1   1   1 |     ACC   1   2   1   1   1   2 |     AAC   2   0   2   2   4   3 |     AGC   2   2   2   2   1   2
    ATA   1   0   1   2   1   0 |     ACA   1   3   1   1   2   1 | Lys AAA   4   5   4   4   6   4 | Arg AGA   0   0   0   0   0   0
Met ATG   2   1   2   1   2   2 |     ACG   2   0   2   2   0   2 |     AAG   2   0   2   2   0   2 |     AGG   0   1   0   0   0   0
--------------------------------------------------------------------------------------------------------------------------------------
Val GTT   1   1   1   1   2   1 | Ala GCT   2   0   1   0   0   0 | Asp GAT   1   1   0   0   1   1 | Gly GGT   1   1   1   1   2   1
    GTC   0   0   0   0   0   0 |     GCC   1   1   1   2   1   0 |     GAC   1   1   1   1   0   0 |     GGC   0   0   0   0   1   0
    GTA   0   0   0   0   0   0 |     GCA   1   1   1   1   1   1 | Glu GAA   1   2   1   1   2   2 |     GGA   3   3   3   4   2   3
    GTG   1   3   1   1   0   1 |     GCG   0   0   0   0   0   0 |     GAG   1   0   1   1   0   0 |     GGG   1   1   1   0   0   1
--------------------------------------------------------------------------------------------------------------------------------------

--------------------------------------------------------------------------------------------------------------------------------------
Phe TTT   3   3   3   3   3   3 | Ser TCT   1   1   1   1   1   1 | Tyr TAT   1   1   1   1   1   1 | Cys TGT   1   0   0   0   1   0
    TTC   0   0   0   0   0   0 |     TCC   0   0   0   0   0   0 |     TAC   3   3   3   3   3   3 |     TGC   1   2   2   2   2   2
Leu TTA   0   0   0   0   0   0 |     TCA   0   0   0   1   0   0 | *** TAA   0   0   0   0   0   0 | *** TGA   0   0   0   0   0   0
    TTG   1   1   1   1   1   1 |     TCG   0   0   0   0   0   0 |     TAG   0   0   0   0   0   0 | Trp TGG   3   3   3   3   3   3
--------------------------------------------------------------------------------------------------------------------------------------
Leu CTT   0   0   0   0   0   0 | Pro CCT   2   1   2   2   1   2 | His CAT   1   1   1   1   1   2 | Arg CGT   0   0   0   0   0   0
    CTC   1   1   1   1   1   1 |     CCC   1   1   1   1   1   1 |     CAC   1   1   1   1   1   1 |     CGC   1   1   1   1   1   1
    CTA   1   1   1   1   1   1 |     CCA   2   2   2   2   2   2 | Gln CAA   1   1   1   1   1   0 |     CGA   0   0   0   0   0   0
    CTG   1   1   1   1   1   1 |     CCG   0   0   0   0   0   0 |     CAG   2   2   2   2   2   1 |     CGG   0   0   0   0   0   1
--------------------------------------------------------------------------------------------------------------------------------------
Ile ATT   0   0   0   0   0   0 | Thr ACT   0   0   0   0   0   0 | Asn AAT   2   1   2   2   3   2 | Ser AGT   0   0   0   0   0   0
    ATC   1   1   1   1   1   1 |     ACC   1   1   1   1   1   1 |     AAC   2   2   2   2   2   2 |     AGC   2   2   2   2   2   2
    ATA   1   1   1   1   1   2 |     ACA   1   1   1   1   1   1 | Lys AAA   4   4   4   4   4   4 | Arg AGA   0   0   0   0   0   0
Met ATG   2   2   2   2   2   1 |     ACG   2   2   2   1   2   2 |     AAG   2   2   2   2   2   2 |     AGG   0   0   0   0   0   0
--------------------------------------------------------------------------------------------------------------------------------------
Val GTT   1   1   1   1   1   1 | Ala GCT   1   2   1   1   1   0 | Asp GAT   0   1   0   0   0   0 | Gly GGT   1   1   1   1   1   1
    GTC   0   0   0   0   0   0 |     GCC   1   1   1   1   1   1 |     GAC   1   1   1   1   0   2 |     GGC   0   0   0   0   0   0
    GTA   0   0   0   0   0   0 |     GCA   1   1   1   1   1   1 | Glu GAA   1   1   1   1   1   1 |     GGA   3   3   3   3   3   3
    GTG   1   1   1   1   1   1 |     GCG   0   0   0   0   0   0 |     GAG   1   1   1   1   1   1 |     GGG   1   1   1   1   1   1
--------------------------------------------------------------------------------------------------------------------------------------

--------------------------------------------------------------------------------------------------------------------------------------
Phe TTT   3   3   3   3   3   3 | Ser TCT   1   1   1   1   1   1 | Tyr TAT   1   2   1   1   1   1 | Cys TGT   0   0   0   0   0   0
    TTC   0   0   0   0   0   0 |     TCC   0   0   0   0   0   0 |     TAC   3   2   3   3   3   3 |     TGC   2   2   2   2   2   2
Leu TTA   0   0   0   0   0   0 |     TCA   0   0   0   0   0   1 | *** TAA   0   0   0   0   0   0 | *** TGA   0   0   0   0   0   0
    TTG   1   1   1   1   1   1 |     TCG   0   0   0   0   0   0 |     TAG   0   0   0   0   0   0 | Trp TGG   3   3   3   3   3   3
--------------------------------------------------------------------------------------------------------------------------------------
Leu CTT   0   0   0   0   1   0 | Pro CCT   1   2   1   2   2   2 | His CAT   1   1   1   1   0   0 | Arg CGT   0   0   0   0   0   1
    CTC   1   1   1   1   1   1 |     CCC   1   1   1   1   0   1 |     CAC   1   1   1   1   1   1 |     CGC   1   1   1   1   0   1
    CTA   1   1   1   1   1   1 |     CCA   2   2   2   2   2   2 | Gln CAA   1   1   1   1   1   1 |     CGA   0   0   0   0   1   0
    CTG   1   1   1   1   1   1 |     CCG   0   0   0   0   1   0 |     CAG   2   2   2   2   2   2 |     CGG   0   0   0   0   0   0
--------------------------------------------------------------------------------------------------------------------------------------
Ile ATT   0   0   0   0   0   0 | Thr ACT   0   0   0   0   0   0 | Asn AAT   1   2   2   1   2   2 | Ser AGT   0   0   0   1   0   0
    ATC   1   1   1   1   1   1 |     ACC   1   1   1   1   1   1 |     AAC   2   2   2   2   2   2 |     AGC   2   2   2   2   2   2
    ATA   1   1   1   1   1   1 |     ACA   1   1   1   1   2   1 | Lys AAA   4   4   4   4   5   4 | Arg AGA   0   0   0   0   0   0
Met ATG   2   2   2   2   2   2 |     ACG   2   2   2   2   1   1 |     AAG   2   2   2   2   1   2 |     AGG   0   0   0   0   0   0
--------------------------------------------------------------------------------------------------------------------------------------
Val GTT   1   1   1   1   1   1 | Ala GCT   2   1   2   1   1   1 | Asp GAT   1   0   0   0   0   1 | Gly GGT   1   1   1   1   1   1
    GTC   0   0   0   0   0   0 |     GCC   1   1   1   1   1   1 |     GAC   1   1   1   1   1   0 |     GGC   0   0   0   0   0   0
    GTA   0   0   0   0   0   0 |     GCA   1   1   1   1   1   1 | Glu GAA   1   1   1   1   1   1 |     GGA   3   3   3   3   3   3
    GTG   1   1   1   1   1   1 |     GCG   0   0   0   0   0   0 |     GAG   1   1   1   1   1   1 |     GGG   1   1   1   1   1   1
--------------------------------------------------------------------------------------------------------------------------------------

--------------------------------------------------------------------------------------------------------------------------------------
Phe TTT   3   3   3   3   3   3 | Ser TCT   1   1   1   1   1   1 | Tyr TAT   2   2   2   1   1   1 | Cys TGT   1   0   0   0   0   0
    TTC   0   0   0   0   0   0 |     TCC   0   0   0   0   0   0 |     TAC   2   3   2   3   3   3 |     TGC   3   2   3   2   2   2
Leu TTA   0   0   0   0   0   0 |     TCA   0   0   0   0   1   0 | *** TAA   0   0   0   0   0   0 | *** TGA   0   0   0   0   0   0
    TTG   1   1   1   1   1   1 |     TCG   0   0   0   0   0   0 |     TAG   0   0   0   0   0   0 | Trp TGG   3   3   3   3   3   3
--------------------------------------------------------------------------------------------------------------------------------------
Leu CTT   0   0   0   0   0   0 | Pro CCT   2   2   1   1   2   1 | His CAT   0   0   1   1   1   1 | Arg CGT   0   0   0   1   0   0
    CTC   1   1   1   1   1   1 |     CCC   1   1   1   1   1   1 |     CAC   1   1   1   1   1   1 |     CGC   0   1   0   1   1   1
    CTA   1   1   1   1   1   1 |     CCA   2   2   2   2   2   2 | Gln CAA   2   1   1   1   1   1 |     CGA   0   0   0   0   0   0
    CTG   1   1   1   1   1   1 |     CCG   0   0   0   0   0   0 |     CAG   1   2   2   2   2   2 |     CGG   0   0   0   0   0   0
--------------------------------------------------------------------------------------------------------------------------------------
Ile ATT   0   0   0   0   0   0 | Thr ACT   0   0   0   0   0   0 | Asn AAT   2   2   2   3   2   1 | Ser AGT   0   0   0   0   0   0
    ATC   1   1   1   1   1   1 |     ACC   2   1   1   1   1   1 |     AAC   2   2   2   1   2   2 |     AGC   2   2   2   2   2   2
    ATA   1   1   1   1   1   1 |     ACA   1   1   1   1   1   1 | Lys AAA   4   4   4   4   4   4 | Arg AGA   0   0   0   0   0   0
Met ATG   2   2   2   2   2   2 |     ACG   1   2   2   2   1   2 |     AAG   2   2   2   2   2   2 |     AGG   0   0   0   0   0   0
--------------------------------------------------------------------------------------------------------------------------------------
Val GTT   1   1   1   1   1   1 | Ala GCT   0   0   2   1   1   2 | Asp GAT   0   0   0   0   0   1 | Gly GGT   1   1   1   1   1   1
    GTC   0   0   0   0   0   0 |     GCC   2   2   1   1   1   1 |     GAC   1   1   1   1   1   1 |     GGC   0   0   0   0   0   0
    GTA   0   0   0   0   0   0 |     GCA   1   1   1   1   1   1 | Glu GAA   1   1   1   1   1   1 |     GGA   3   3   3   3   3   3
    GTG   1   1   1   1   1   1 |     GCG   0   0   0   0   0   0 |     GAG   1   1   1   1   1   1 |     GGG   1   1   1   1   1   1
--------------------------------------------------------------------------------------------------------------------------------------

--------------------------------------------------------------------------------------------------------------------------------------
Phe TTT   3   3   3   3   3   3 | Ser TCT   1   1   1   1   1   1 | Tyr TAT   1   2   1   1   1   1 | Cys TGT   0   0   0   0   0   0
    TTC   0   0   0   0   0   0 |     TCC   0   0   0   0   0   0 |     TAC   3   2   3   3   3   3 |     TGC   2   2   2   2   2   2
Leu TTA   0   0   0   0   0   0 |     TCA   0   0   0   1   0   0 | *** TAA   0   0   0   0   0   0 | *** TGA   0   0   0   0   0   0
    TTG   1   1   1   1   1   1 |     TCG   0   0   0   0   0   0 |     TAG   0   0   0   0   0   0 | Trp TGG   3   3   3   3   3   3
--------------------------------------------------------------------------------------------------------------------------------------
Leu CTT   0   0   0   0   0   0 | Pro CCT   2   2   1   2   1   1 | His CAT   2   1   1   1   1   1 | Arg CGT   0   0   0   0   0   1
    CTC   1   1   1   1   1   1 |     CCC   1   1   1   1   1   1 |     CAC   1   1   1   1   1   1 |     CGC   1   1   1   1   1   1
    CTA   1   1   1   1   1   1 |     CCA   2   2   2   2   2   2 | Gln CAA   0   1   1   1   1   1 |     CGA   0   0   0   0   0   0
    CTG   1   1   1   1   1   1 |     CCG   0   0   0   0   0   0 |     CAG   1   1   2   2   2   2 |     CGG   1   1   0   0   0   0
--------------------------------------------------------------------------------------------------------------------------------------
Ile ATT   0   0   0   0   0   0 | Thr ACT   0   0   0   0   0   0 | Asn AAT   2   2   1   1   2   3 | Ser AGT   0   0   0   0   0   0
    ATC   1   1   1   1   1   1 |     ACC   1   1   1   1   1   1 |     AAC   2   2   2   2   2   1 |     AGC   2   2   2   2   2   2
    ATA   1   1   1   1   1   1 |     ACA   1   1   1   1   1   1 | Lys AAA   4   5   4   4   4   4 | Arg AGA   0   0   0   0   0   0
Met ATG   2   2   2   2   2   2 |     ACG   2   2   2   1   2   2 |     AAG   2   1   2   2   2   2 |     AGG   0   0   0   0   0   0
--------------------------------------------------------------------------------------------------------------------------------------
Val GTT   1   1   1   1   1   1 | Ala GCT   0   0   2   1   2   1 | Asp GAT   0   1   1   1   1   0 | Gly GGT   1   1   1   1   1   1
    GTC   0   0   0   0   0   0 |     GCC   1   1   1   1   1   1 |     GAC   2   1   1   1   0   1 |     GGC   0   0   0   0   0   0
    GTA   0   0   0   0   0   0 |     GCA   1   1   1   1   1   1 | Glu GAA   1   1   1   1   1   1 |     GGA   3   3   3   3   3   3
    GTG   1   1   1   1   1   1 |     GCG   0   0   0   0   0   0 |     GAG   1   1   1   1   1   1 |     GGG   1   1   1   1   1   1
--------------------------------------------------------------------------------------------------------------------------------------

--------------------------------------------------------------------------------------------------------------------------------------
Phe TTT   3   3   3   3   3   3 | Ser TCT   1   1   1   1   1   1 | Tyr TAT   1   1   1   1   1   1 | Cys TGT   0   0   0   0   0   0
    TTC   0   0   0   0   0   0 |     TCC   0   0   0   0   0   0 |     TAC   3   3   3   3   3   3 |     TGC   2   2   2   2   2   2
Leu TTA   0   0   0   0   0   0 |     TCA   1   0   0   0   0   0 | *** TAA   0   0   0   0   0   0 | *** TGA   0   0   0   0   0   0
    TTG   1   1   1   1   1   0 |     TCG   0   0   0   0   0   0 |     TAG   0   0   0   0   0   0 | Trp TGG   3   3   3   3   3   3
--------------------------------------------------------------------------------------------------------------------------------------
Leu CTT   0   0   0   0   0   0 | Pro CCT   2   1   2   2   2   1 | His CAT   1   1   2   1   1   1 | Arg CGT   0   1   0   0   0   0
    CTC   1   1   1   1   1   1 |     CCC   1   1   1   1   1   1 |     CAC   1   1   1   1   1   1 |     CGC   1   1   1   1   1   1
    CTA   1   1   1   1   1   1 |     CCA   2   2   2   2   1   2 | Gln CAA   1   1   0   1   1   1 |     CGA   0   0   0   0   0   0
    CTG   1   1   1   1   1   2 |     CCG   0   0   0   0   1   0 |     CAG   2   2   1   2   1   2 |     CGG   0   0   1   0   1   0
--------------------------------------------------------------------------------------------------------------------------------------
Ile ATT   0   0   0   0   0   0 | Thr ACT   0   0   0   0   0   0 | Asn AAT   2   2   2   1   2   2 | Ser AGT   0   0   0   1   0   0
    ATC   1   1   1   1   1   1 |     ACC   1   1   1   1   2   1 |     AAC   2   2   2   2   2   2 |     AGC   2   2   2   2   2   2
    ATA   1   1   1   1   1   1 |     ACA   1   1   1   1   1   1 | Lys AAA   4   4   4   4   4   4 | Arg AGA   0   0   0   0   1   0
Met ATG   2   2   2   2   2   2 |     ACG   1   2   2   2   1   2 |     AAG   2   2   2   2   2   2 |     AGG   0   0   0   0   0   0
--------------------------------------------------------------------------------------------------------------------------------------
Val GTT   1   1   0   1   1   1 | Ala GCT   1   1   0   1   0   2 | Asp GAT   1   0   0   0   0   1 | Gly GGT   1   1   1   1   1   1
    GTC   0   0   0   0   0   0 |     GCC   1   1   1   1   1   1 |     GAC   0   1   2   1   1   0 |     GGC   0   0   0   0   0   0
    GTA   0   0   0   0   0   0 |     GCA   1   1   1   1   1   1 | Glu GAA   1   1   1   1   1   1 |     GGA   3   3   3   3   2   3
    GTG   1   1   2   1   2   1 |     GCG   0   0   0   0   0   0 |     GAG   1   1   1   1   1   1 |     GGG   1   1   1   1   1   1
--------------------------------------------------------------------------------------------------------------------------------------

--------------------------------------------------------------------------------------------------------------------------------------
Phe TTT   3   3   3   3   3   3 | Ser TCT   1   1   1   1   1   1 | Tyr TAT   1   1   1   1   1   1 | Cys TGT   0   0   0   1   0   0
    TTC   0   0   0   0   0   0 |     TCC   0   0   0   0   0   0 |     TAC   3   3   3   3   3   3 |     TGC   2   2   2   1   2   2
Leu TTA   0   0   0   0   0   0 |     TCA   0   0   0   0   1   0 | *** TAA   0   0   0   0   0   0 | *** TGA   0   0   0   0   0   0
    TTG   1   1   1   1   1   1 |     TCG   0   0   0   0   0   0 |     TAG   0   0   0   0   0   0 | Trp TGG   3   3   3   3   3   3
--------------------------------------------------------------------------------------------------------------------------------------
Leu CTT   0   0   0   0   0   0 | Pro CCT   1   2   1   2   2   2 | His CAT   1   1   1   1   2   1 | Arg CGT   0   0   0   0   0   0
    CTC   1   1   1   1   1   1 |     CCC   1   1   1   1   1   1 |     CAC   1   1   1   1   0   1 |     CGC   1   1   1   1   1   1
    CTA   1   1   1   1   1   1 |     CCA   2   1   2   2   2   2 | Gln CAA   1   1   1   1   1   1 |     CGA   0   0   0   0   0   0
    CTG   1   1   1   1   1   1 |     CCG   0   0   0   0   0   0 |     CAG   1   2   1   2   2   2 |     CGG   0   0   0   0   0   0
--------------------------------------------------------------------------------------------------------------------------------------
Ile ATT   0   0   0   0   0   0 | Thr ACT   1   0   0   0   0   1 | Asn AAT   2   2   1   2   2   2 | Ser AGT   0   0   0   0   0   0
    ATC   1   1   1   1   1   1 |     ACC   1   1   1   1   1   1 |     AAC   2   2   2   2   2   2 |     AGC   2   2   2   2   2   2
    ATA   1   1   1   1   1   1 |     ACA   1   2   1   1   1   1 | Lys AAA   4   4   4   4   4   3 | Arg AGA   0   0   0   0   0   0
Met ATG   2   2   2   2   2   2 |     ACG   2   2   2   2   1   1 |     AAG   3   2   2   2   2   3 |     AGG   0   0   0   0   0   0
--------------------------------------------------------------------------------------------------------------------------------------
Val GTT   1   1   1   1   1   1 | Ala GCT   1   1   2   1   1   0 | Asp GAT   1   0   1   0   0   0 | Gly GGT   1   1   1   1   1   1
    GTC   0   0   0   0   0   0 |     GCC   1   1   1   1   1   1 |     GAC   0   0   1   1   1   2 |     GGC   0   0   0   0   0   0
    GTA   0   0   0   0   0   0 |     GCA   1   1   1   1   1   1 | Glu GAA   1   2   1   1   1   1 |     GGA   3   3   3   3   3   3
    GTG   1   1   1   1   1   1 |     GCG   0   0   0   0   0   0 |     GAG   1   1   2   1   1   1 |     GGG   1   1   1   1   1   1
--------------------------------------------------------------------------------------------------------------------------------------

--------------------------------------------------------------------------------------------------------------------------------------
Phe TTT   3   3   3   3   3   3 | Ser TCT   1   1   1   1   1   1 | Tyr TAT   1   1   1   1   1   1 | Cys TGT   0   0   0   0   0   0
    TTC   0   0   0   0   0   0 |     TCC   0   0   0   0   0   0 |     TAC   3   3   3   3   3   3 |     TGC   2   2   2   2   2   2
Leu TTA   0   0   0   0   0   0 |     TCA   0   1   0   0   0   0 | *** TAA   0   0   0   0   0   0 | *** TGA   0   0   0   0   0   0
    TTG   1   1   1   1   1   1 |     TCG   0   0   0   0   0   0 |     TAG   0   0   0   0   0   0 | Trp TGG   3   3   3   3   3   3
--------------------------------------------------------------------------------------------------------------------------------------
Leu CTT   0   0   0   0   0   0 | Pro CCT   2   2   2   2   2   2 | His CAT   2   1   2   1   1   1 | Arg CGT   0   0   0   0   0   0
    CTC   1   1   1   1   1   1 |     CCC   1   1   1   1   1   1 |     CAC   1   1   1   1   1   1 |     CGC   1   1   1   1   1   1
    CTA   1   1   1   1   1   1 |     CCA   2   2   2   2   2   2 | Gln CAA   0   1   0   1   1   2 |     CGA   0   0   0   0   0   0
    CTG   1   1   2   1   1   1 |     CCG   0   0   0   0   0   0 |     CAG   1   2   0   1   2   1 |     CGG   1   0   1   1   0   0
--------------------------------------------------------------------------------------------------------------------------------------
Ile ATT   0   0   0   0   0   1 | Thr ACT   0   0   0   0   0   0 | Asn AAT   3   2   2   2   2   2 | Ser AGT   0   0   0   0   0   1
    ATC   1   1   1   1   1   1 |     ACC   1   1   1   1   1   1 |     AAC   2   2   2   2   2   2 |     AGC   2   2   2   2   2   2
    ATA   1   1   1   1   1   1 |     ACA   1   1   1   1   1   1 | Lys AAA   4   4   4   4   4   4 | Arg AGA   0   0   0   0   0   0
Met ATG   2   2   2   2   2   2 |     ACG   2   1   2   2   2   2 |     AAG   2   2   2   2   2   2 |     AGG   0   0   0   0   0   0
--------------------------------------------------------------------------------------------------------------------------------------
Val GTT   1   1   1   1   1   0 | Ala GCT   0   1   0   0   1   1 | Asp GAT   0   0   0   0   0   0 | Gly GGT   1   1   1   1   1   1
    GTC   0   0   0   0   0   0 |     GCC   1   1   1   1   1   1 |     GAC   1   1   2   2   0   0 |     GGC   0   0   0   0   0   0
    GTA   0   0   0   0   0   0 |     GCA   1   1   1   1   1   1 | Glu GAA   1   1   1   1   2   1 |     GGA   3   3   3   3   3   3
    GTG   1   1   1   1   1   1 |     GCG   0   0   0   0   0   0 |     GAG   1   1   1   1   1   1 |     GGG   1   1   1   1   1   1
--------------------------------------------------------------------------------------------------------------------------------------

--------------------------------------------------------------------------------------------------------------------------------------
Phe TTT   3   3   3   3   3   3 | Ser TCT   1   1   1   1   1   1 | Tyr TAT   1   2   1   1   1   1 | Cys TGT   0   0   0   0   0   0
    TTC   0   0   0   0   0   0 |     TCC   0   0   0   0   0   0 |     TAC   3   2   3   3   3   3 |     TGC   2   2   2   2   2   2
Leu TTA   0   0   0   0   0   0 |     TCA   1   0   0   0   0   0 | *** TAA   0   0   0   0   0   0 | *** TGA   0   0   0   0   0   0
    TTG   1   1   1   1   1   1 |     TCG   0   0   0   0   0   0 |     TAG   0   0   0   0   0   0 | Trp TGG   3   3   3   3   3   3
--------------------------------------------------------------------------------------------------------------------------------------
Leu CTT   0   0   0   0   0   0 | Pro CCT   2   2   2   2   1   1 | His CAT   1   1   1   1   1   2 | Arg CGT   0   0   0   0   1   0
    CTC   1   1   2   1   1   1 |     CCC   1   1   1   1   1   1 |     CAC   1   1   1   1   1   1 |     CGC   1   1   1   1   1   1
    CTA   1   1   0   1   1   1 |     CCA   2   2   2   2   2   2 | Gln CAA   1   1   1   1   1   1 |     CGA   0   0   0   0   0   0
    CTG   1   1   1   1   1   1 |     CCG   0   0   0   0   0   0 |     CAG   2   2   2   1   2   2 |     CGG   0   0   0   1   0   0
--------------------------------------------------------------------------------------------------------------------------------------
Ile ATT   0   0   0   0   0   0 | Thr ACT   0   0   0   0   0   0 | Asn AAT   2   2   2   2   2   2 | Ser AGT   0   0   1   0   0   0
    ATC   1   1   1   1   1   1 |     ACC   1   1   1   1   1   1 |     AAC   2   2   2   2   2   2 |     AGC   2   2   2   2   2   2
    ATA   1   1   1   2   2   1 |     ACA   2   1   1   1   2   1 | Lys AAA   4   4   4   4   4   4 | Arg AGA   0   0   0   0   0   0
Met ATG   2   2   2   1   1   2 |     ACG   0   2   1   2   1   2 |     AAG   2   2   2   2   2   2 |     AGG   0   0   0   0   0   0
--------------------------------------------------------------------------------------------------------------------------------------
Val GTT   1   1   1   1   1   1 | Ala GCT   1   1   1   0   1   1 | Asp GAT   0   0   0   0   0   0 | Gly GGT   1   1   1   1   1   1
    GTC   0   0   0   0   0   0 |     GCC   1   1   1   2   1   1 |     GAC   1   1   0   1   1   1 |     GGC   0   0   0   0   0   0
    GTA   0   0   0   0   0   0 |     GCA   1   1   1   1   1   1 | Glu GAA   1   1   1   1   1   1 |     GGA   3   3   3   4   3   3
    GTG   1   1   1   1   1   1 |     GCG   0   0   1   0   0   0 |     GAG   1   1   1   1   1   1 |     GGG   1   1   1   0   1   1
--------------------------------------------------------------------------------------------------------------------------------------

Codon position x base (3x4) table for each sequence.

#1: Argali         
position  1:    T:0.22951    C:0.21311    A:0.31148    G:0.24590
position  2:    T:0.21311    C:0.21311    A:0.36066    G:0.21311
position  3:    T:0.21311    C:0.27869    A:0.24590    G:0.26230
Average         T:0.21858    C:0.23497    A:0.30601    G:0.24044

#2: LesserMouseDeer
position  1:    T:0.22951    C:0.22951    A:0.29508    G:0.24590
position  2:    T:0.21311    C:0.21311    A:0.34426    G:0.22951
position  3:    T:0.22951    C:0.22951    A:0.29508    G:0.24590
Average         T:0.22404    C:0.22404    A:0.31148    G:0.24044

#3: LesserKudu     
position  1:    T:0.22951    C:0.22951    A:0.32787    G:0.21311
position  2:    T:0.21311    C:0.19672    A:0.36066    G:0.22951
position  3:    T:0.21311    C:0.27869    A:0.24590    G:0.26230
Average         T:0.21858    C:0.23497    A:0.31148    G:0.23497

#4: ForestMuskDeer2
position  1:    T:0.22951    C:0.22951    A:0.32787    G:0.21311
position  2:    T:0.21311    C:0.21311    A:0.34426    G:0.22951
position  3:    T:0.19672    C:0.29508    A:0.27869    G:0.22951
Average         T:0.21311    C:0.24590    A:0.31694    G:0.22404

#5: Camel          
position  1:    T:0.21311    C:0.22951    A:0.36066    G:0.19672
position  2:    T:0.21311    C:0.19672    A:0.39344    G:0.19672
position  3:    T:0.24590    C:0.29508    A:0.27869    G:0.18033
Average         T:0.22404    C:0.24044    A:0.34426    G:0.19126

#6: KillerWhale    
position  1:    T:0.21311    C:0.22951    A:0.37705    G:0.18033
position  2:    T:0.21311    C:0.19672    A:0.37705    G:0.21311
position  3:    T:0.22951    C:0.26230    A:0.24590    G:0.26230
Average         T:0.21858    C:0.22951    A:0.33333    G:0.21858

#7: DefassaWaterbuck
position  1:    T:0.22951    C:0.22951    A:0.32787    G:0.21311
position  2:    T:0.21311    C:0.21311    A:0.36066    G:0.21311
position  3:    T:0.22951    C:0.26230    A:0.24590    G:0.26230
Average         T:0.22404    C:0.23497    A:0.31148    G:0.22951

#8: Sheep          
position  1:    T:0.22951    C:0.21311    A:0.31148    G:0.24590
position  2:    T:0.21311    C:0.21311    A:0.36066    G:0.21311
position  3:    T:0.21311    C:0.27869    A:0.24590    G:0.26230
Average         T:0.21858    C:0.23497    A:0.30601    G:0.24044

#9: MaxwellsDuiker 
position  1:    T:0.22951    C:0.22951    A:0.32787    G:0.21311
position  2:    T:0.21311    C:0.21311    A:0.36066    G:0.21311
position  3:    T:0.21311    C:0.27869    A:0.24590    G:0.26230
Average         T:0.21858    C:0.24044    A:0.31148    G:0.22951

#10: GazellaPrzewalskyi
position  1:    T:0.24590    C:0.22951    A:0.31148    G:0.21311
position  2:    T:0.21311    C:0.21311    A:0.36066    G:0.21311
position  3:    T:0.21311    C:0.27869    A:0.26230    G:0.24590
Average         T:0.22404    C:0.24044    A:0.31148    G:0.22404

#11: MountainNyala  
position  1:    T:0.24590    C:0.21311    A:0.34426    G:0.19672
position  2:    T:0.21311    C:0.19672    A:0.36066    G:0.22951
position  3:    T:0.22951    C:0.26230    A:0.24590    G:0.26230
Average         T:0.22951    C:0.22404    A:0.31694    G:0.22951

#12: MuntiacusMuntjak
position  1:    T:0.22951    C:0.22951    A:0.32787    G:0.21311
position  2:    T:0.21311    C:0.19672    A:0.36066    G:0.22951
position  3:    T:0.21311    C:0.29508    A:0.24590    G:0.24590
Average         T:0.21858    C:0.24044    A:0.31148    G:0.22951

#13: goat           
position  1:    T:0.22951    C:0.21311    A:0.31148    G:0.24590
position  2:    T:0.21311    C:0.21311    A:0.36066    G:0.21311
position  3:    T:0.21311    C:0.27869    A:0.24590    G:0.26230
Average         T:0.21858    C:0.23497    A:0.30601    G:0.24044

#14: AfricanBuffalo 
position  1:    T:0.22951    C:0.22951    A:0.32787    G:0.21311
position  2:    T:0.21311    C:0.21311    A:0.36066    G:0.21311
position  3:    T:0.22951    C:0.26230    A:0.24590    G:0.26230
Average         T:0.22404    C:0.23497    A:0.31148    G:0.22951

#15: Topi           
position  1:    T:0.22951    C:0.21311    A:0.32787    G:0.22951
position  2:    T:0.21311    C:0.21311    A:0.36066    G:0.21311
position  3:    T:0.21311    C:0.27869    A:0.24590    G:0.26230
Average         T:0.21858    C:0.23497    A:0.31148    G:0.23497

#16: CommonDuiker   
position  1:    T:0.22951    C:0.22951    A:0.32787    G:0.21311
position  2:    T:0.21311    C:0.21311    A:0.34426    G:0.22951
position  3:    T:0.21311    C:0.27869    A:0.24590    G:0.26230
Average         T:0.21858    C:0.24044    A:0.30601    G:0.23497

#17: Suni           
position  1:    T:0.22951    C:0.22951    A:0.32787    G:0.21311
position  2:    T:0.22951    C:0.21311    A:0.34426    G:0.21311
position  3:    T:0.21311    C:0.24590    A:0.29508    G:0.24590
Average         T:0.22404    C:0.22951    A:0.32240    G:0.22404

#18: Springbuck     
position  1:    T:0.24590    C:0.22951    A:0.31148    G:0.21311
position  2:    T:0.21311    C:0.21311    A:0.34426    G:0.22951
position  3:    T:0.22951    C:0.26230    A:0.26230    G:0.24590
Average         T:0.22951    C:0.23497    A:0.30601    G:0.22951

#19: Okapi          
position  1:    T:0.26230    C:0.19672    A:0.32787    G:0.21311
position  2:    T:0.21311    C:0.21311    A:0.34426    G:0.22951
position  3:    T:0.21311    C:0.29508    A:0.26230    G:0.22951
Average         T:0.22951    C:0.23497    A:0.31148    G:0.22404

#20: Giraffe        
position  1:    T:0.24590    C:0.21311    A:0.32787    G:0.21311
position  2:    T:0.21311    C:0.21311    A:0.36066    G:0.21311
position  3:    T:0.19672    C:0.29508    A:0.24590    G:0.26230
Average         T:0.21858    C:0.24044    A:0.31148    G:0.22951

#21: TibetanAntelope
position  1:    T:0.24590    C:0.19672    A:0.32787    G:0.22951
position  2:    T:0.21311    C:0.21311    A:0.36066    G:0.21311
position  3:    T:0.22951    C:0.26230    A:0.24590    G:0.26230
Average         T:0.22951    C:0.22404    A:0.31148    G:0.23497

#22: Sitatunga      
position  1:    T:0.22951    C:0.22951    A:0.32787    G:0.21311
position  2:    T:0.21311    C:0.19672    A:0.36066    G:0.22951
position  3:    T:0.22951    C:0.26230    A:0.24590    G:0.26230
Average         T:0.22404    C:0.22951    A:0.31148    G:0.23497

#23: Oribi          
position  1:    T:0.24590    C:0.22951    A:0.31148    G:0.21311
position  2:    T:0.21311    C:0.21311    A:0.36066    G:0.21311
position  3:    T:0.21311    C:0.27869    A:0.26230    G:0.24590
Average         T:0.22404    C:0.24044    A:0.31148    G:0.22404

#24: BarbarySheep   
position  1:    T:0.22951    C:0.21311    A:0.31148    G:0.24590
position  2:    T:0.21311    C:0.21311    A:0.36066    G:0.21311
position  3:    T:0.21311    C:0.27869    A:0.24590    G:0.26230
Average         T:0.21858    C:0.23497    A:0.30601    G:0.24044

#25: Daviddeer      
position  1:    T:0.22951    C:0.22951    A:0.32787    G:0.21311
position  2:    T:0.21311    C:0.19672    A:0.36066    G:0.22951
position  3:    T:0.21311    C:0.29508    A:0.22951    G:0.26230
Average         T:0.21858    C:0.24044    A:0.30601    G:0.23497

#26: Reindeer       
position  1:    T:0.22951    C:0.22951    A:0.32787    G:0.21311
position  2:    T:0.21311    C:0.19672    A:0.36066    G:0.22951
position  3:    T:0.22951    C:0.26230    A:0.26230    G:0.24590
Average         T:0.22404    C:0.22951    A:0.31694    G:0.22951

#27: Ibex           
position  1:    T:0.22951    C:0.21311    A:0.31148    G:0.24590
position  2:    T:0.21311    C:0.21311    A:0.36066    G:0.21311
position  3:    T:0.21311    C:0.27869    A:0.24590    G:0.26230
Average         T:0.21858    C:0.23497    A:0.30601    G:0.24044

#28: GyrantGazelle  
position  1:    T:0.24590    C:0.22951    A:0.29508    G:0.22951
position  2:    T:0.21311    C:0.21311    A:0.36066    G:0.21311
position  3:    T:0.21311    C:0.27869    A:0.26230    G:0.24590
Average         T:0.22404    C:0.24044    A:0.30601    G:0.22951

#29: Hartebeest     
position  1:    T:0.22951    C:0.21311    A:0.32787    G:0.22951
position  2:    T:0.21311    C:0.21311    A:0.36066    G:0.21311
position  3:    T:0.22951    C:0.26230    A:0.24590    G:0.26230
Average         T:0.22404    C:0.22951    A:0.31148    G:0.23497

#30: Bongo          
position  1:    T:0.22951    C:0.22951    A:0.32787    G:0.21311
position  2:    T:0.21311    C:0.19672    A:0.36066    G:0.22951
position  3:    T:0.22951    C:0.26230    A:0.24590    G:0.26230
Average         T:0.22404    C:0.22951    A:0.31148    G:0.23497

#31: Gerenuk        
position  1:    T:0.24590    C:0.22951    A:0.31148    G:0.21311
position  2:    T:0.21311    C:0.21311    A:0.36066    G:0.21311
position  3:    T:0.22951    C:0.26230    A:0.26230    G:0.24590
Average         T:0.22951    C:0.23497    A:0.31148    G:0.22404

#32: CommonEland    
position  1:    T:0.22951    C:0.22951    A:0.32787    G:0.21311
position  2:    T:0.21311    C:0.19672    A:0.36066    G:0.22951
position  3:    T:0.21311    C:0.27869    A:0.24590    G:0.26230
Average         T:0.21858    C:0.23497    A:0.31148    G:0.23497

#33: MuntiacusReevesi
position  1:    T:0.22951    C:0.22951    A:0.32787    G:0.21311
position  2:    T:0.21311    C:0.19672    A:0.36066    G:0.22951
position  3:    T:0.19672    C:0.29508    A:0.22951    G:0.27869
Average         T:0.21311    C:0.24044    A:0.30601    G:0.24044

#34: HarveysDuiker  
position  1:    T:0.22951    C:0.22951    A:0.32787    G:0.21311
position  2:    T:0.21311    C:0.21311    A:0.34426    G:0.22951
position  3:    T:0.21311    C:0.27869    A:0.24590    G:0.26230
Average         T:0.21858    C:0.24044    A:0.30601    G:0.23497

#35: Pronghorn      
position  1:    T:0.22951    C:0.22951    A:0.34426    G:0.19672
position  2:    T:0.22951    C:0.19672    A:0.34426    G:0.22951
position  3:    T:0.19672    C:0.29508    A:0.22951    G:0.27869
Average         T:0.21858    C:0.24044    A:0.30601    G:0.23497

#36: BlueWildebeest 
position  1:    T:0.21311    C:0.22951    A:0.32787    G:0.22951
position  2:    T:0.21311    C:0.21311    A:0.36066    G:0.21311
position  3:    T:0.22951    C:0.26230    A:0.24590    G:0.26230
Average         T:0.21858    C:0.23497    A:0.31148    G:0.23497

#37: Gemsbok        
position  1:    T:0.22951    C:0.19672    A:0.36066    G:0.21311
position  2:    T:0.21311    C:0.21311    A:0.36066    G:0.21311
position  3:    T:0.22951    C:0.26230    A:0.24590    G:0.26230
Average         T:0.22404    C:0.22404    A:0.32240    G:0.22951

#38: Yak            
position  1:    T:0.22951    C:0.21311    A:0.34426    G:0.21311
position  2:    T:0.21311    C:0.21311    A:0.36066    G:0.21311
position  3:    T:0.21311    C:0.26230    A:0.26230    G:0.26230
Average         T:0.21858    C:0.22951    A:0.32240    G:0.22951

#39: BlueSheep      
position  1:    T:0.22951    C:0.19672    A:0.31148    G:0.26230
position  2:    T:0.21311    C:0.21311    A:0.36066    G:0.21311
position  3:    T:0.21311    C:0.27869    A:0.24590    G:0.26230
Average         T:0.21858    C:0.22951    A:0.30601    G:0.24590

#40: BohorReedbuck  
position  1:    T:0.22951    C:0.22951    A:0.32787    G:0.21311
position  2:    T:0.21311    C:0.21311    A:0.36066    G:0.21311
position  3:    T:0.22951    C:0.26230    A:0.24590    G:0.26230
Average         T:0.22404    C:0.23497    A:0.31148    G:0.22951

#41: KirksDik       
position  1:    T:0.24590    C:0.22951    A:0.31148    G:0.21311
position  2:    T:0.21311    C:0.21311    A:0.36066    G:0.21311
position  3:    T:0.22951    C:0.26230    A:0.26230    G:0.24590
Average         T:0.22951    C:0.23497    A:0.31148    G:0.22404

#42: RoeDeer        
position  1:    T:0.22951    C:0.22951    A:0.32787    G:0.21311
position  2:    T:0.21311    C:0.19672    A:0.37705    G:0.21311
position  3:    T:0.21311    C:0.29508    A:0.22951    G:0.26230
Average         T:0.21858    C:0.24044    A:0.31148    G:0.22951

#43: WhiteLippedDeer
position  1:    T:0.22951    C:0.22951    A:0.34426    G:0.19672
position  2:    T:0.21311    C:0.19672    A:0.36066    G:0.22951
position  3:    T:0.22951    C:0.27869    A:0.22951    G:0.26230
Average         T:0.22404    C:0.23497    A:0.31148    G:0.22951

#44: ThomsonGazelle 
position  1:    T:0.24590    C:0.22951    A:0.31148    G:0.21311
position  2:    T:0.21311    C:0.21311    A:0.36066    G:0.21311
position  3:    T:0.21311    C:0.27869    A:0.26230    G:0.24590
Average         T:0.22404    C:0.24044    A:0.31148    G:0.22404

#45: MuntiacusCrinifrons
position  1:    T:0.22951    C:0.22951    A:0.32787    G:0.21311
position  2:    T:0.22951    C:0.19672    A:0.34426    G:0.22951
position  3:    T:0.21311    C:0.29508    A:0.22951    G:0.26230
Average         T:0.22404    C:0.24044    A:0.30055    G:0.23497

#46: WhiteTailedDeer
position  1:    T:0.22951    C:0.22951    A:0.32787    G:0.21311
position  2:    T:0.21311    C:0.19672    A:0.36066    G:0.22951
position  3:    T:0.19672    C:0.29508    A:0.24590    G:0.26230
Average         T:0.21311    C:0.24044    A:0.31148    G:0.23497

#47: Cattle         
position  1:    T:0.22951    C:0.22951    A:0.32787    G:0.21311
position  2:    T:0.21311    C:0.21311    A:0.36066    G:0.21311
position  3:    T:0.21311    C:0.26230    A:0.26230    G:0.26230
Average         T:0.21858    C:0.23497    A:0.31694    G:0.22951

#48: RoyalAntelope  
position  1:    T:0.22951    C:0.22951    A:0.36066    G:0.18033
position  2:    T:0.21311    C:0.21311    A:0.34426    G:0.22951
position  3:    T:0.22951    C:0.26230    A:0.26230    G:0.24590
Average         T:0.22404    C:0.23497    A:0.32240    G:0.21858

#49: Steenbok       
position  1:    T:0.24590    C:0.22951    A:0.31148    G:0.21311
position  2:    T:0.21311    C:0.21311    A:0.36066    G:0.21311
position  3:    T:0.21311    C:0.27869    A:0.27869    G:0.22951
Average         T:0.22404    C:0.24044    A:0.31694    G:0.21858

#50: Impala         
position  1:    T:0.22951    C:0.22951    A:0.32787    G:0.21311
position  2:    T:0.21311    C:0.21311    A:0.36066    G:0.21311
position  3:    T:0.22951    C:0.26230    A:0.24590    G:0.26230
Average         T:0.22404    C:0.23497    A:0.31148    G:0.22951

#51: Klipspringer   
position  1:    T:0.22951    C:0.22951    A:0.32787    G:0.21311
position  2:    T:0.21311    C:0.21311    A:0.34426    G:0.22951
