CODONML (in paml version 4.10.7, June 2023)  /home/rachel/ruminants_paml/6406-phy-tree/ENSBTAT00000007448.fasta.phy
Model: free dN/dS Ratios for branches,  kappa = 2.000 fixed

Codon frequency model: F3x4
ns =  54  ls =  48

Codon usage in sequences
--------------------------------------------------------------------------------------------------------------------------------------
Phe TTT   1   1   1   1   1   1 | Ser TCT   0   0   0   0   0   0 | Tyr TAT   1   1   1   1   1   1 | Cys TGT   0   0   0   0   0   0
    TTC   4   4   4   4   4   4 |     TCC   0   0   0   0   0   0 |     TAC   0   0   0   0   0   0 |     TGC   0   0   0   0   0   0
Leu TTA   1   1   1   0   0   1 |     TCA   0   0   0   0   0   0 | *** TAA   0   0   0   0   0   0 | *** TGA   0   0   0   0   0   0
    TTG   2   2   2   2   2   2 |     TCG   0   0   0   0   0   0 |     TAG   0   0   0   0   0   0 | Trp TGG   0   0   0   0   0   0
--------------------------------------------------------------------------------------------------------------------------------------
Leu CTT   1   0   0   0   0   0 | Pro CCT   0   0   0   0   0   0 | His CAT   0   0   0   0   0   0 | Arg CGT   0   0   0   0   0   0
    CTC   0   1   1   1   1   1 |     CCC   0   0   0   0   0   0 |     CAC   0   0   0   0   0   0 |     CGC   0   0   0   0   0   0
    CTA   0   0   0   1   0   0 |     CCA   1   1   1   1   1   1 | Gln CAA   0   0   0   0   0   0 |     CGA   0   0   0   0   0   0
    CTG   2   2   2   2   3   2 |     CCG   0   0   0   0   0   0 |     CAG   1   1   1   1   1   1 |     CGG   0   0   0   0   0   0
--------------------------------------------------------------------------------------------------------------------------------------
Ile ATT   2   3   3   3   3   4 | Thr ACT   2   2   2   2   2   2 | Asn AAT   0   1   0   0   2   2 | Ser AGT   0   0   0   0   0   0
    ATC   2   1   1   1   1   0 |     ACC   2   2   2   1   2   2 |     AAC   2   1   2   2   0   0 |     AGC   0   0   0   0   0   0
    ATA   0   0   0   0   0   0 |     ACA   1   0   1   1   1   1 | Lys AAA   1   1   1   1   1   1 | Arg AGA   2   2   2   2   2   2
Met ATG   4   4   4   4   4   3 |     ACG   0   1   0   1   0   0 |     AAG   1   1   1   1   1   1 |     AGG   0   0   0   0   0   0
--------------------------------------------------------------------------------------------------------------------------------------
Val GTT   0   0   0   0   0   0 | Ala GCT   1   0   1   1   1   1 | Asp GAT   2   2   2   2   0   2 | Gly GGT   0   0   0   0   0   0
    GTC   0   0   0   0   0   0 |     GCC   1   1   1   1   1   1 |     GAC   0   0   0   0   2   0 |     GGC   0   1   0   0   1   0
    GTA   1   1   1   1   1   2 |     GCA   1   2   0   0   1   1 | Glu GAA   3   3   3   3   2   3 |     GGA   3   3   3   3   3   3
    GTG   0   0   0   0   0   0 |     GCG   0   0   1   1   0   0 |     GAG   2   2   2   2   3   2 |     GGG   1   0   1   1   0   1
--------------------------------------------------------------------------------------------------------------------------------------

--------------------------------------------------------------------------------------------------------------------------------------
Phe TTT   1   1   1   1   1   1 | Ser TCT   0   0   0   0   0   0 | Tyr TAT   1   1   1   1   1   1 | Cys TGT   0   0   0   0   0   0
    TTC   4   4   4   4   4   4 |     TCC   0   0   0   0   0   0 |     TAC   0   0   0   0   0   0 |     TGC   0   0   0   0   0   0
Leu TTA   1   1   1   1   1   1 |     TCA   0   0   0   0   0   0 | *** TAA   0   0   0   0   0   0 | *** TGA   0   0   0   0   0   0
    TTG   2   2   2   1   2   2 |     TCG   0   0   0   0   0   0 |     TAG   0   0   0   0   0   0 | Trp TGG   0   0   0   0   0   0
--------------------------------------------------------------------------------------------------------------------------------------
Leu CTT   0   0   0   0   0   0 | Pro CCT   0   0   0   0   0   0 | His CAT   0   0   0   0   0   0 | Arg CGT   0   0   0   0   0   0
    CTC   1   1   1   1   1   1 |     CCC   0   0   0   0   0   0 |     CAC   0   0   0   0   0   0 |     CGC   0   0   0   0   0   0
    CTA   0   0   0   0   0   0 |     CCA   1   1   1   1   1   1 | Gln CAA   0   0   0   0   0   0 |     CGA   0   0   0   0   0   0
    CTG   2   2   2   3   2   2 |     CCG   0   0   0   0   0   0 |     CAG   1   1   1   1   1   1 |     CGG   0   0   0   0   0   0
--------------------------------------------------------------------------------------------------------------------------------------
Ile ATT   3   2   3   4   3   2 | Thr ACT   3   2   2   3   2   2 | Asn AAT   0   0   0   0   0   1 | Ser AGT   0   0   0   0   0   0
    ATC   1   2   1   0   1   2 |     ACC   1   2   2   2   2   2 |     AAC   2   2   2   2   2   1 |     AGC   0   0   0   0   0   0
    ATA   0   0   0   0   0   0 |     ACA   1   1   1   0   1   1 | Lys AAA   1   1   1   1   1   1 | Arg AGA   2   2   2   2   2   2
Met ATG   4   4   4   4   4   4 |     ACG   0   0   0   0   0   0 |     AAG   1   1   1   1   1   1 |     AGG   0   0   0   0   0   0
--------------------------------------------------------------------------------------------------------------------------------------
Val GTT   0   0   0   0   0   0 | Ala GCT   1   1   1   1   1   1 | Asp GAT   2   2   2   2   2   2 | Gly GGT   0   0   0   0   0   0
    GTC   0   0   0   0   0   0 |     GCC   1   1   1   1   1   1 |     GAC   0   0   0   0   0   0 |     GGC   0   0   1   1   0   0
    GTA   1   1   1   1   1   1 |     GCA   0   0   0   0   0   0 | Glu GAA   3   3   3   3   3   3 |     GGA   3   3   3   3   3   3
    GTG   0   0   0   0   0   0 |     GCG   1   1   1   1   1   1 |     GAG   2   2   2   2   2   2 |     GGG   1   1   0   0   1   1
--------------------------------------------------------------------------------------------------------------------------------------

--------------------------------------------------------------------------------------------------------------------------------------
Phe TTT   1   1   1   1   1   1 | Ser TCT   0   0   0   0   0   0 | Tyr TAT   1   1   1   1   1   1 | Cys TGT   0   0   0   0   0   0
    TTC   4   4   4   4   4   4 |     TCC   0   0   0   0   0   0 |     TAC   0   0   0   0   0   0 |     TGC   0   0   0   0   0   0
Leu TTA   1   1   1   1   1   1 |     TCA   0   0   0   0   0   0 | *** TAA   0   0   0   0   0   0 | *** TGA   0   0   0   0   0   0
    TTG   2   2   2   2   1   2 |     TCG   0   0   0   0   0   0 |     TAG   0   0   0   0   0   0 | Trp TGG   0   0   0   0   0   0
--------------------------------------------------------------------------------------------------------------------------------------
Leu CTT   0   1   0   0   0   0 | Pro CCT   0   0   0   0   0   0 | His CAT   0   0   0   0   0   0 | Arg CGT   0   0   0   0   0   0
    CTC   1   1   1   1   1   1 |     CCC   0   0   0   0   0   0 |     CAC   0   0   0   0   0   0 |     CGC   0   0   0   0   0   0
    CTA   0   0   0   0   0   0 |     CCA   1   1   1   1   1   1 | Gln CAA   0   0   0   0   0   0 |     CGA   0   0   0   0   0   0
    CTG   2   1   2   2   3   2 |     CCG   0   0   0   0   0   0 |     CAG   1   1   1   1   1   1 |     CGG   0   0   0   0   0   0
--------------------------------------------------------------------------------------------------------------------------------------
Ile ATT   2   3   3   3   4   4 | Thr ACT   2   2   2   3   2   2 | Asn AAT   0   0   0   0   0   0 | Ser AGT   0   0   0   0   0   0
    ATC   2   1   1   1   0   0 |     ACC   2   2   2   1   2   2 |     AAC   2   2   2   2   2   2 |     AGC   0   0   0   0   0   0
    ATA   0   0   0   0   0   0 |     ACA   1   1   1   0   1   1 | Lys AAA   1   1   1   1   1   1 | Arg AGA   2   2   2   2   2   2
Met ATG   4   4   4   4   4   4 |     ACG   0   0   0   1   0   0 |     AAG   1   1   1   1   1   1 |     AGG   0   0   0   0   0   0
--------------------------------------------------------------------------------------------------------------------------------------
Val GTT   0   0   0   0   0   0 | Ala GCT   1   0   1   1   1   1 | Asp GAT   2   2   2   2   2   2 | Gly GGT   0   0   0   0   0   0
    GTC   0   0   0   0   0   0 |     GCC   1   1   1   1   1   1 |     GAC   0   0   0   0   0   0 |     GGC   0   0   0   1   1   1
    GTA   1   1   1   1   1   1 |     GCA   0   1   0   0   0   0 | Glu GAA   3   3   3   3   3   3 |     GGA   3   3   3   3   3   3
    GTG   0   0   0   0   0   0 |     GCG   1   1   1   1   1   1 |     GAG   2   2   2   2   2   2 |     GGG   1   1   1   0   0   0
--------------------------------------------------------------------------------------------------------------------------------------

--------------------------------------------------------------------------------------------------------------------------------------
Phe TTT   1   1   1   1   2   1 | Ser TCT   0   0   0   0   0   0 | Tyr TAT   1   1   1   1   1   1 | Cys TGT   0   0   0   0   0   0
    TTC   4   4   4   4   3   4 |     TCC   0   0   0   0   0   0 |     TAC   0   0   0   0   0   0 |     TGC   0   0   0   0   0   0
Leu TTA   2   2   1   1   1   1 |     TCA   0   0   0   0   0   0 | *** TAA   0   0   0   0   0   0 | *** TGA   0   0   0   0   0   0
    TTG   1   1   2   2   2   2 |     TCG   0   0   0   0   0   0 |     TAG   0   0   0   0   0   0 | Trp TGG   0   0   0   0   0   0
--------------------------------------------------------------------------------------------------------------------------------------
Leu CTT   0   0   0   1   0   0 | Pro CCT   0   0   0   0   0   0 | His CAT   0   0   0   0   0   0 | Arg CGT   0   0   0   0   0   0
    CTC   1   1   1   0   1   1 |     CCC   0   0   0   0   0   0 |     CAC   0   0   0   0   0   0 |     CGC   0   0   0   0   0   0
    CTA   0   0   0   0   0   0 |     CCA   1   1   1   1   1   1 | Gln CAA   0   0   0   0   0   0 |     CGA   0   0   0   0   0   0
    CTG   2   2   2   2   2   2 |     CCG   0   0   0   0   0   0 |     CAG   1   1   1   1   1   1 |     CGG   0   0   0   0   0   0
--------------------------------------------------------------------------------------------------------------------------------------
Ile ATT   3   3   2   3   4   2 | Thr ACT   2   2   2   2   2   2 | Asn AAT   0   0   0   0   0   1 | Ser AGT   0   0   0   0   0   0
    ATC   1   1   2   1   0   2 |     ACC   2   2   2   2   2   2 |     AAC   2   2   2   2   2   1 |     AGC   0   0   0   0   0   0
    ATA   0   0   0   0   0   0 |     ACA   1   1   1   1   1   1 | Lys AAA   1   1   1   1   1   1 | Arg AGA   2   2   2   2   2   2
Met ATG   4   4   4   4   4   4 |     ACG   0   0   0   0   0   0 |     AAG   1   1   1   1   1   1 |     AGG   0   0   0   0   0   0
--------------------------------------------------------------------------------------------------------------------------------------
Val GTT   0   0   0   0   0   0 | Ala GCT   1   1   1   1   1   1 | Asp GAT   2   2   1   2   2   2 | Gly GGT   0   0   0   0   0   0
    GTC   0   0   0   0   0   0 |     GCC   1   1   1   1   1   1 |     GAC   0   0   1   0   0   0 |     GGC   0   0   0   0   1   0
    GTA   1   1   1   1   1   1 |     GCA   1   1   0   0   0   0 | Glu GAA   3   3   3   3   3   3 |     GGA   2   3   3   3   3   3
    GTG   0   0   0   0   0   0 |     GCG   0   0   1   1   1   1 |     GAG   2   2   2   2   2   2 |     GGG   2   1   1   1   0   1
--------------------------------------------------------------------------------------------------------------------------------------

--------------------------------------------------------------------------------------------------------------------------------------
Phe TTT   1   1   1   1   1   1 | Ser TCT   0   0   0   0   0   0 | Tyr TAT   1   1   1   1   1   1 | Cys TGT   0   0   0   0   0   0
    TTC   4   4   4   4   4   4 |     TCC   0   0   0   0   0   0 |     TAC   0   0   0   0   0   0 |     TGC   0   0   0   0   0   0
Leu TTA   1   1   1   1   1   1 |     TCA   0   0   0   0   0   0 | *** TAA   0   0   0   0   0   0 | *** TGA   0   0   0   0   0   0
    TTG   2   2   2   2   2   2 |     TCG   0   0   0   0   0   0 |     TAG   0   0   0   0   0   0 | Trp TGG   0   0   0   0   0   0
--------------------------------------------------------------------------------------------------------------------------------------
Leu CTT   0   0   0   0   0   0 | Pro CCT   0   0   0   0   0   0 | His CAT   0   0   0   0   0   0 | Arg CGT   0   0   0   0   0   0
    CTC   1   1   1   1   1   1 |     CCC   0   0   0   0   0   0 |     CAC   0   0   0   0   0   0 |     CGC   0   0   0   0   0   0
    CTA   0   0   0   0   0   0 |     CCA   1   1   1   1   1   1 | Gln CAA   0   0   0   0   0   0 |     CGA   0   0   0   0   0   0
    CTG   2   2   2   2   2   2 |     CCG   0   0   0   0   0   0 |     CAG   1   1   1   1   1   1 |     CGG   0   0   0   0   0   0
--------------------------------------------------------------------------------------------------------------------------------------
Ile ATT   2   2   2   4   3   3 | Thr ACT   2   2   2   2   2   2 | Asn AAT   2   1   0   1   0   0 | Ser AGT   0   0   0   0   0   0
    ATC   2   2   2   0   1   1 |     ACC   2   2   2   2   2   2 |     AAC   0   1   2   1   2   2 |     AGC   0   0   0   0   0   0
    ATA   0   0   0   0   0   0 |     ACA   1   1   1   1   1   1 | Lys AAA   1   1   1   1   1   1 | Arg AGA   2   2   2   2   2   2
Met ATG   4   4   4   4   4   4 |     ACG   0   0   0   0   0   0 |     AAG   1   1   1   1   1   1 |     AGG   0   0   0   0   0   0
--------------------------------------------------------------------------------------------------------------------------------------
Val GTT   0   0   0   0   0   0 | Ala GCT   1   1   1   1   1   1 | Asp GAT   2   1   2   2   2   2 | Gly GGT   0   0   0   0   0   0
    GTC   0   0   0   0   0   0 |     GCC   1   1   1   1   1   1 |     GAC   0   1   0   0   0   0 |     GGC   0   0   0   1   0   0
    GTA   1   1   1   1   1   1 |     GCA   1   0   0   0   0   0 | Glu GAA   3   3   3   3   3   3 |     GGA   3   3   3   3   3   3
    GTG   0   0   0   0   0   0 |     GCG   0   1   1   1   1   1 |     GAG   2   2   2   2   2   2 |     GGG   1   1   1   0   1   1
--------------------------------------------------------------------------------------------------------------------------------------

--------------------------------------------------------------------------------------------------------------------------------------
Phe TTT   1   1   1   1   1   1 | Ser TCT   0   0   0   0   0   0 | Tyr TAT   1   1   1   1   1   1 | Cys TGT   0   0   0   0   0   0
    TTC   4   4   4   4   4   4 |     TCC   0   0   0   0   0   0 |     TAC   0   0   0   0   0   0 |     TGC   0   0   0   0   0   0
Leu TTA   0   1   1   1   1   1 |     TCA   0   0   0   0   0   0 | *** TAA   0   0   0   0   0   0 | *** TGA   0   0   0   0   0   0
    TTG   3   2   2   2   2   2 |     TCG   0   0   0   0   0   0 |     TAG   0   0   0   0   0   0 | Trp TGG   0   0   0   0   0   0
--------------------------------------------------------------------------------------------------------------------------------------
Leu CTT   0   0   0   0   0   0 | Pro CCT   0   0   0   0   0   0 | His CAT   0   0   0   0   0   0 | Arg CGT   0   0   0   0   0   0
    CTC   1   1   1   1   1   1 |     CCC   0   0   0   0   0   0 |     CAC   0   0   0   0   0   0 |     CGC   0   0   0   0   0   0
    CTA   0   0   0   0   0   0 |     CCA   1   1   1   1   1   1 | Gln CAA   0   0   0   0   0   0 |     CGA   0   0   0   0   0   0
    CTG   2   2   2   2   2   2 |     CCG   0   0   0   0   0   0 |     CAG   1   1   1   1   1   1 |     CGG   0   0   0   0   0   0
--------------------------------------------------------------------------------------------------------------------------------------
Ile ATT   4   3   2   3   3   3 | Thr ACT   2   2   2   2   2   2 | Asn AAT   0   0   1   0   0   0 | Ser AGT   0   0   0   0   0   0
    ATC   0   1   2   1   1   1 |     ACC   2   2   2   2   2   2 |     AAC   2   2   1   2   2   2 |     AGC   0   0   0   0   0   0
    ATA   0   0   0   0   0   0 |     ACA   1   1   1   1   1   1 | Lys AAA   1   1   1   1   1   1 | Arg AGA   2   2   2   2   2   2
Met ATG   4   4   4   4   4   4 |     ACG   0   0   0   0   0   0 |     AAG   1   1   1   1   1   1 |     AGG   0   0   0   0   0   0
--------------------------------------------------------------------------------------------------------------------------------------
Val GTT   0   0   0   0   0   0 | Ala GCT   2   1   1   1   1   1 | Asp GAT   2   2   2   2   1   2 | Gly GGT   0   0   0   0   0   0
    GTC   0   0   0   0   0   0 |     GCC   1   1   1   1   1   1 |     GAC   0   0   0   0   1   0 |     GGC   1   0   0   1   0   0
    GTA   1   1   1   1   1   1 |     GCA   0   0   0   0   1   0 | Glu GAA   3   3   3   3   3   3 |     GGA   3   3   3   3   3   3
    GTG   0   0   0   0   0   0 |     GCG   0   1   1   1   0   1 |     GAG   2   2   2   2   2   2 |     GGG   0   1   1   0   1   1
--------------------------------------------------------------------------------------------------------------------------------------

--------------------------------------------------------------------------------------------------------------------------------------
Phe TTT   1   1   1   1   1   1 | Ser TCT   0   0   0   0   0   0 | Tyr TAT   1   1   1   1   1   0 | Cys TGT   0   0   0   0   0   0
    TTC   4   4   4   4   4   4 |     TCC   0   0   0   0   0   0 |     TAC   0   0   0   0   0   1 |     TGC   0   0   0   0   0   0
Leu TTA   1   0   1   1   0   1 |     TCA   0   0   0   0   0   0 | *** TAA   0   0   0   0   0   0 | *** TGA   0   0   0   0   0   0
    TTG   2   2   2   2   2   2 |     TCG   0   0   0   0   0   0 |     TAG   0   0   0   0   0   0 | Trp TGG   0   0   0   0   0   0
--------------------------------------------------------------------------------------------------------------------------------------
Leu CTT   0   1   0   0   1   0 | Pro CCT   0   0   0   0   0   0 | His CAT   0   0   0   0   0   0 | Arg CGT   0   0   0   0   0   0
    CTC   1   1   1   1   1   1 |     CCC   0   0   0   0   0   0 |     CAC   0   0   0   0   0   0 |     CGC   0   0   0   0   0   0
    CTA   0   1   0   0   1   0 |     CCA   1   1   1   1   1   1 | Gln CAA   0   0   0   0   0   0 |     CGA   0   0   0   0   0   0
    CTG   2   1   2   2   1   2 |     CCG   0   0   0   0   0   0 |     CAG   1   1   1   1   1   1 |     CGG   0   0   0   0   0   0
--------------------------------------------------------------------------------------------------------------------------------------
Ile ATT   3   2   2   3   3   3 | Thr ACT   2   2   2   3   1   2 | Asn AAT   1   0   0   0   0   1 | Ser AGT   0   0   0   0   0   0
    ATC   1   2   2   1   1   1 |     ACC   2   2   2   1   3   2 |     AAC   1   2   2   2   2   1 |     AGC   0   0   0   0   0   0
    ATA   0   0   0   0   0   0 |     ACA   1   1   1   1   1   1 | Lys AAA   1   1   1   1   1   1 | Arg AGA   2   2   2   2   2   2
Met ATG   4   4   4   4   4   4 |     ACG   0   0   0   0   0   0 |     AAG   1   1   1   1   1   1 |     AGG   0   0   0   0   0   0
--------------------------------------------------------------------------------------------------------------------------------------
Val GTT   0   0   0   0   0   0 | Ala GCT   1   0   1   1   1   1 | Asp GAT   2   2   2   2   1   2 | Gly GGT   0   0   0   0   0   0
    GTC   0   0   0   0   0   0 |     GCC   1   1   1   1   1   1 |     GAC   0   0   0   0   1   0 |     GGC   0   0   0   0   1   0
    GTA   1   1   1   1   1   1 |     GCA   0   1   0   1   0   1 | Glu GAA   3   3   3   3   2   3 |     GGA   3   3   3   3   3   3
    GTG   0   0   0   0   0   0 |     GCG   1   1   1   0   1   0 |     GAG   2   2   2   2   3   2 |     GGG   1   1   1   1   0   1
--------------------------------------------------------------------------------------------------------------------------------------

--------------------------------------------------------------------------------------------------------------------------------------
Phe TTT   1   1   1   1   1   1 | Ser TCT   0   0   0   0   0   0 | Tyr TAT   1   1   1   1   1   1 | Cys TGT   0   0   0   0   0   0
    TTC   4   4   4   4   4   4 |     TCC   0   0   0   0   0   0 |     TAC   0   0   0   0   0   0 |     TGC   0   0   0   0   0   0
Leu TTA   1   1   1   1   1   1 |     TCA   0   0   0   0   0   0 | *** TAA   0   0   0   0   0   0 | *** TGA   0   0   0   0   0   0
    TTG   2   2   2   2   2   2 |     TCG   0   0   0   0   0   0 |     TAG   0   0   0   0   0   0 | Trp TGG   0   0   0   0   0   0
--------------------------------------------------------------------------------------------------------------------------------------
Leu CTT   0   0   0   0   1   0 | Pro CCT   0   0   0   0   0   0 | His CAT   0   0   0   0   0   0 | Arg CGT   0   0   0   0   0   0
    CTC   1   1   1   1   1   1 |     CCC   0   0   0   0   0   0 |     CAC   0   0   0   0   0   0 |     CGC   0   0   0   0   0   0
    CTA   0   1   0   0   0   0 |     CCA   1   1   1   1   1   1 | Gln CAA   0   0   0   0   0   0 |     CGA   0   0   0   0   0   0
    CTG   2   1   2   2   1   2 |     CCG   0   0   0   0   0   0 |     CAG   1   1   1   1   1   1 |     CGG   0   0   0   0   0   0
--------------------------------------------------------------------------------------------------------------------------------------
Ile ATT   2   4   2   2   3   3 | Thr ACT   2   2   2   2   2   2 | Asn AAT   2   1   2   1   0   1 | Ser AGT   0   0   0   0   0   0
    ATC   2   0   2   2   1   1 |     ACC   2   2   2   2   2   2 |     AAC   0   1   0   1   2   1 |     AGC   0   0   0   0   0   0
    ATA   0   0   0   0   0   0 |     ACA   1   1   1   1   1   1 | Lys AAA   1   1   1   1   1   1 | Arg AGA   2   2   2   2   2   2
Met ATG   4   4   4   4   4   4 |     ACG   0   0   0   0   0   0 |     AAG   1   1   1   1   1   1 |     AGG   0   0   0   0   0   0
--------------------------------------------------------------------------------------------------------------------------------------
Val GTT   0   0   0   0   0   0 | Ala GCT   1   1   1   1   0   1 | Asp GAT   2   2   2   2   2   2 | Gly GGT   0   0   0   0   0   0
    GTC   0   0   0   0   0   0 |     GCC   1   1   1   1   1   1 |     GAC   0   0   0   0   0   0 |     GGC   0   1   0   0   0   1
    GTA   1   1   1   1   1   1 |     GCA   0   0   0   1   1   0 | Glu GAA   3   3   3   3   3   3 |     GGA   3   3   3   3   3   3
    GTG   0   0   0   0   0   0 |     GCG   1   1   1   0   1   1 |     GAG   2   2   2   2   2   2 |     GGG   1   0   1   1   1   0
--------------------------------------------------------------------------------------------------------------------------------------

--------------------------------------------------------------------------------------------------------------------------------------
Phe TTT   1   1   1   1   1   1 | Ser TCT   0   0   0   0   0   0 | Tyr TAT   1   1   1   1   1   1 | Cys TGT   0   0   0   0   0   0
    TTC   4   4   4   4   4   4 |     TCC   0   0   0   0   0   0 |     TAC   0   0   0   0   0   0 |     TGC   0   0   0   0   0   0
Leu TTA   1   1   1   0   1   1 |     TCA   0   1   0   0   0   0 | *** TAA   0   0   0   0   0   0 | *** TGA   0   0   0   0   0   0
    TTG   2   2   2   2   2   2 |     TCG   0   0   0   0   0   0 |     TAG   0   0   0   0   0   0 | Trp TGG   0   0   0   0   0   0
--------------------------------------------------------------------------------------------------------------------------------------
Leu CTT   0   0   0   0   0   0 | Pro CCT   0   0   0   0   0   0 | His CAT   0   0   0   0   0   0 | Arg CGT   0   0   0   0   0   0
    CTC   1   1   1   1   1   1 |     CCC   0   0   0   0   0   0 |     CAC   0   0   0   0   0   0 |     CGC   0   0   0   0   0   0
    CTA   0   0   0   1   0   0 |     CCA   1   1   1   1   1   1 | Gln CAA   0   0   0   0   0   0 |     CGA   0   0   0   0   0   0
    CTG   2   2   2   2   2   2 |     CCG   0   0   0   0   0   0 |     CAG   1   1   1   1   1   1 |     CGG   0   0   0   0   0   0
--------------------------------------------------------------------------------------------------------------------------------------
Ile ATT   4   4   3   3   3   3 | Thr ACT   2   2   2   2   2   2 | Asn AAT   0   1   0   0   0   1 | Ser AGT   0   0   0   0   0   0
    ATC   0   0   1   1   1   1 |     ACC   2   2   2   1   1   2 |     AAC   2   1   2   2   2   1 |     AGC   0   0   0   0   0   0
    ATA   0   0   0   0   0   0 |     ACA   1   0   1   1   1   1 | Lys AAA   1   1   1   1   1   1 | Arg AGA   2   2   2   2   2   2
Met ATG   4   4   4   4   4   4 |     ACG   0   0   0   1   1   0 |     AAG   1   1   1   1   1   1 |     AGG   0   0   0   0   0   0
--------------------------------------------------------------------------------------------------------------------------------------
Val GTT   0   0   0   0   0   0 | Ala GCT   1   1   1   1   1   1 | Asp GAT   2   2   2   2   2   2 | Gly GGT   0   0   0   0   0   0
    GTC   0   0   0   0   0   0 |     GCC   1   1   1   1   1   1 |     GAC   0   0   0   0   0   0 |     GGC   1   1   1   0   0   0
    GTA   1   1   1   1   1   1 |     GCA   0   0   0   0   0   0 | Glu GAA   3   3   3   3   3   3 |     GGA   3   3   3   3   3   3
    GTG   0   0   0   0   0   0 |     GCG   1   1   1   1   1   1 |     GAG   2   2   2   2   2   2 |     GGG   0   0   0   1   1   1
--------------------------------------------------------------------------------------------------------------------------------------

Codon position x base (3x4) table for each sequence.

#1: Argali         
position  1:    T:0.18750    C:0.10417    A:0.39583    G:0.31250
position  2:    T:0.41667    C:0.18750    A:0.27083    G:0.12500
position  3:    T:0.20833    C:0.22917    A:0.29167    G:0.27083
Average         T:0.27083    C:0.17361    A:0.31944    G:0.23611

#2: LesserMouseDeer
position  1:    T:0.18750    C:0.10417    A:0.39583    G:0.31250
position  2:    T:0.41667    C:0.18750    A:0.27083    G:0.12500
position  3:    T:0.20833    C:0.22917    A:0.29167    G:0.27083
Average         T:0.27083    C:0.17361    A:0.31944    G:0.23611

#3: LesserKudu     
position  1:    T:0.18750    C:0.10417    A:0.39583    G:0.31250
position  2:    T:0.41667    C:0.18750    A:0.27083    G:0.12500
position  3:    T:0.20833    C:0.22917    A:0.27083    G:0.29167
Average         T:0.27083    C:0.17361    A:0.31250    G:0.24306

#4: ForestMuskDeer2
position  1:    T:0.16667    C:0.12500    A:0.39583    G:0.31250
position  2:    T:0.41667    C:0.18750    A:0.27083    G:0.12500
position  3:    T:0.20833    C:0.20833    A:0.27083    G:0.31250
Average         T:0.26389    C:0.17361    A:0.31250    G:0.25000

#5: Camel          
position  1:    T:0.16667    C:0.12500    A:0.39583    G:0.31250
position  2:    T:0.41667    C:0.18750    A:0.27083    G:0.12500
position  3:    T:0.20833    C:0.25000    A:0.25000    G:0.29167
Average         T:0.26389    C:0.18750    A:0.30556    G:0.24306

#6: KillerWhale    
position  1:    T:0.18750    C:0.10417    A:0.37500    G:0.33333
position  2:    T:0.41667    C:0.18750    A:0.27083    G:0.12500
position  3:    T:0.27083    C:0.16667    A:0.31250    G:0.25000
Average         T:0.29167    C:0.15278    A:0.31944    G:0.23611

#7: DefassaWaterbuck
position  1:    T:0.18750    C:0.10417    A:0.39583    G:0.31250
position  2:    T:0.41667    C:0.18750    A:0.27083    G:0.12500
position  3:    T:0.22917    C:0.20833    A:0.27083    G:0.29167
Average         T:0.27778    C:0.16667    A:0.31250    G:0.24306

#8: Sheep          
position  1:    T:0.18750    C:0.10417    A:0.39583    G:0.31250
position  2:    T:0.41667    C:0.18750    A:0.27083    G:0.12500
position  3:    T:0.18750    C:0.25000    A:0.27083    G:0.29167
Average         T:0.26389    C:0.18056    A:0.31250    G:0.24306

#9: MaxwellsDuiker 
position  1:    T:0.18750    C:0.10417    A:0.39583    G:0.31250
position  2:    T:0.41667    C:0.18750    A:0.27083    G:0.12500
position  3:    T:0.20833    C:0.25000    A:0.27083    G:0.27083
Average         T:0.27083    C:0.18056    A:0.31250    G:0.23611

#10: GazellaPrzewalskyi
position  1:    T:0.16667    C:0.12500    A:0.39583    G:0.31250
position  2:    T:0.41667    C:0.18750    A:0.27083    G:0.12500
position  3:    T:0.25000    C:0.22917    A:0.25000    G:0.27083
Average         T:0.27778    C:0.18056    A:0.30556    G:0.23611

#11: MountainNyala  
position  1:    T:0.18750    C:0.10417    A:0.39583    G:0.31250
position  2:    T:0.41667    C:0.18750    A:0.27083    G:0.12500
position  3:    T:0.20833    C:0.22917    A:0.27083    G:0.29167
Average         T:0.27083    C:0.17361    A:0.31250    G:0.24306

#12: MuntiacusMuntjak
position  1:    T:0.18750    C:0.10417    A:0.39583    G:0.31250
position  2:    T:0.41667    C:0.18750    A:0.27083    G:0.12500
position  3:    T:0.20833    C:0.22917    A:0.27083    G:0.29167
Average         T:0.27083    C:0.17361    A:0.31250    G:0.24306

#13: goat           
position  1:    T:0.18750    C:0.10417    A:0.39583    G:0.31250
position  2:    T:0.41667    C:0.18750    A:0.27083    G:0.12500
position  3:    T:0.18750    C:0.25000    A:0.27083    G:0.29167
Average         T:0.26389    C:0.18056    A:0.31250    G:0.24306

#14: AfricanBuffalo 
position  1:    T:0.18750    C:0.10417    A:0.39583    G:0.31250
position  2:    T:0.41667    C:0.18750    A:0.27083    G:0.12500
position  3:    T:0.20833    C:0.22917    A:0.29167    G:0.27083
Average         T:0.27083    C:0.17361    A:0.31944    G:0.23611

#15: Topi           
position  1:    T:0.18750    C:0.10417    A:0.39583    G:0.31250
position  2:    T:0.41667    C:0.18750    A:0.27083    G:0.12500
position  3:    T:0.20833    C:0.22917    A:0.27083    G:0.29167
Average         T:0.27083    C:0.17361    A:0.31250    G:0.24306

#16: CommonDuiker   
position  1:    T:0.18750    C:0.10417    A:0.39583    G:0.31250
position  2:    T:0.41667    C:0.18750    A:0.27083    G:0.12500
position  3:    T:0.22917    C:0.22917    A:0.25000    G:0.29167
Average         T:0.27778    C:0.17361    A:0.30556    G:0.24306

#17: Suni           
position  1:    T:0.16667    C:0.12500    A:0.39583    G:0.31250
position  2:    T:0.41667    C:0.18750    A:0.27083    G:0.12500
position  3:    T:0.22917    C:0.22917    A:0.27083    G:0.27083
Average         T:0.27083    C:0.18056    A:0.31250    G:0.23611

#18: Springbuck     
position  1:    T:0.18750    C:0.10417    A:0.39583    G:0.31250
position  2:    T:0.41667    C:0.18750    A:0.27083    G:0.12500
position  3:    T:0.22917    C:0.22917    A:0.27083    G:0.27083
Average         T:0.27778    C:0.17361    A:0.31250    G:0.23611

#19: Okapi          
position  1:    T:0.18750    C:0.10417    A:0.39583    G:0.31250
position  2:    T:0.41667    C:0.18750    A:0.27083    G:0.12500
position  3:    T:0.20833    C:0.22917    A:0.29167    G:0.27083
Average         T:0.27083    C:0.17361    A:0.31944    G:0.23611

#20: Giraffe        
position  1:    T:0.18750    C:0.10417    A:0.39583    G:0.31250
position  2:    T:0.41667    C:0.18750    A:0.27083    G:0.12500
position  3:    T:0.20833    C:0.22917    A:0.31250    G:0.25000
Average         T:0.27083    C:0.17361    A:0.32639    G:0.22917

#21: TibetanAntelope
position  1:    T:0.18750    C:0.10417    A:0.39583    G:0.31250
position  2:    T:0.41667    C:0.18750    A:0.27083    G:0.12500
position  3:    T:0.16667    C:0.27083    A:0.27083    G:0.29167
Average         T:0.25694    C:0.18750    A:0.31250    G:0.24306

#22: Sitatunga      
position  1:    T:0.18750    C:0.10417    A:0.39583    G:0.31250
position  2:    T:0.41667    C:0.18750    A:0.27083    G:0.12500
position  3:    T:0.22917    C:0.20833    A:0.27083    G:0.29167
Average         T:0.27778    C:0.16667    A:0.31250    G:0.24306

#23: Oribi          
position  1:    T:0.18750    C:0.10417    A:0.39583    G:0.31250
position  2:    T:0.41667    C:0.18750    A:0.27083    G:0.12500
position  3:    T:0.25000    C:0.20833    A:0.27083    G:0.27083
Average         T:0.28472    C:0.16667    A:0.31250    G:0.23611

#24: BarbarySheep   
position  1:    T:0.18750    C:0.10417    A:0.39583    G:0.31250
position  2:    T:0.41667    C:0.18750    A:0.27083    G:0.12500
position  3:    T:0.20833    C:0.22917    A:0.27083    G:0.29167
Average         T:0.27083    C:0.17361    A:0.31250    G:0.24306

#25: Daviddeer      
position  1:    T:0.18750    C:0.10417    A:0.39583    G:0.31250
position  2:    T:0.41667    C:0.18750    A:0.27083    G:0.12500
position  3:    T:0.22917    C:0.20833    A:0.29167    G:0.27083
Average         T:0.27778    C:0.16667    A:0.31944    G:0.23611

#26: Reindeer       
position  1:    T:0.18750    C:0.10417    A:0.39583    G:0.31250
position  2:    T:0.41667    C:0.18750    A:0.27083    G:0.12500
position  3:    T:0.18750    C:0.25000    A:0.27083    G:0.29167
Average         T:0.26389    C:0.18056    A:0.31250    G:0.24306

#27: Ibex           
position  1:    T:0.18750    C:0.10417    A:0.39583    G:0.31250
position  2:    T:0.41667    C:0.18750    A:0.27083    G:0.12500
position  3:    T:0.18750    C:0.25000    A:0.27083    G:0.29167
Average         T:0.26389    C:0.18056    A:0.31250    G:0.24306

#28: GyrantGazelle  
position  1:    T:0.18750    C:0.10417    A:0.39583    G:0.31250
position  2:    T:0.41667    C:0.18750    A:0.27083    G:0.12500
position  3:    T:0.25000    C:0.20833    A:0.27083    G:0.27083
Average         T:0.28472    C:0.16667    A:0.31250    G:0.23611

#29: Hartebeest     
position  1:    T:0.18750    C:0.10417    A:0.39583    G:0.31250
position  2:    T:0.41667    C:0.18750    A:0.27083    G:0.12500
position  3:    T:0.20833    C:0.22917    A:0.27083    G:0.29167
Average         T:0.27083    C:0.17361    A:0.31250    G:0.24306

#30: Bongo          
position  1:    T:0.18750    C:0.10417    A:0.39583    G:0.31250
position  2:    T:0.41667    C:0.18750    A:0.27083    G:0.12500
position  3:    T:0.20833    C:0.22917    A:0.27083    G:0.29167
Average         T:0.27083    C:0.17361    A:0.31250    G:0.24306

#31: Gerenuk        
position  1:    T:0.18750    C:0.10417    A:0.39583    G:0.31250
position  2:    T:0.41667    C:0.18750    A:0.27083    G:0.12500
position  3:    T:0.25000    C:0.22917    A:0.25000    G:0.27083
Average         T:0.28472    C:0.17361    A:0.30556    G:0.23611

#32: CommonEland    
position  1:    T:0.18750    C:0.10417    A:0.39583    G:0.31250
position  2:    T:0.41667    C:0.18750    A:0.27083    G:0.12500
position  3:    T:0.20833    C:0.22917    A:0.27083    G:0.29167
Average         T:0.27083    C:0.17361    A:0.31250    G:0.24306

#33: MuntiacusReevesi
position  1:    T:0.18750    C:0.10417    A:0.39583    G:0.31250
position  2:    T:0.41667    C:0.18750    A:0.27083    G:0.12500
position  3:    T:0.20833    C:0.22917    A:0.27083    G:0.29167
Average         T:0.27083    C:0.17361    A:0.31250    G:0.24306

#34: HarveysDuiker  
position  1:    T:0.18750    C:0.10417    A:0.39583    G:0.31250
position  2:    T:0.41667    C:0.18750    A:0.27083    G:0.12500
position  3:    T:0.20833    C:0.25000    A:0.27083    G:0.27083
Average         T:0.27083    C:0.18056    A:0.31250    G:0.23611

#35: Pronghorn      
position  1:    T:0.18750    C:0.10417    A:0.39583    G:0.31250
position  2:    T:0.41667    C:0.18750    A:0.27083    G:0.12500
position  3:    T:0.18750    C:0.25000    A:0.29167    G:0.27083
Average         T:0.26389    C:0.18056    A:0.31944    G:0.23611

#36: BlueWildebeest 
position  1:    T:0.18750    C:0.10417    A:0.39583    G:0.31250
position  2:    T:0.41667    C:0.18750    A:0.27083    G:0.12500
position  3:    T:0.20833    C:0.22917    A:0.27083    G:0.29167
Average         T:0.27083    C:0.17361    A:0.31250    G:0.24306

#37: Gemsbok        
position  1:    T:0.18750    C:0.10417    A:0.39583    G:0.31250
position  2:    T:0.41667    C:0.18750    A:0.27083    G:0.12500
position  3:    T:0.22917    C:0.20833    A:0.27083    G:0.29167
Average         T:0.27778    C:0.16667    A:0.31250    G:0.24306

#38: Yak            
position  1:    T:0.16667    C:0.12500    A:0.39583    G:0.31250
position  2:    T:0.41667    C:0.18750    A:0.27083    G:0.12500
position  3:    T:0.18750    C:0.25000    A:0.29167    G:0.27083
Average         T:0.25694    C:0.18750    A:0.31944    G:0.23611

#39: BlueSheep      
position  1:    T:0.18750    C:0.10417    A:0.39583    G:0.31250
position  2:    T:0.41667    C:0.18750    A:0.27083    G:0.12500
position  3:    T:0.18750    C:0.25000    A:0.27083    G:0.29167
Average         T:0.26389    C:0.18056    A:0.31250    G:0.24306

#40: BohorReedbuck  
position  1:    T:0.18750    C:0.10417    A:0.39583    G:0.31250
position  2:    T:0.41667    C:0.18750    A:0.27083    G:0.12500
position  3:    T:0.22917    C:0.20833    A:0.29167    G:0.27083
Average         T:0.27778    C:0.16667    A:0.31944    G:0.23611

#41: KirksDik       
position  1:    T:0.16667    C:0.12500    A:0.39583    G:0.31250
position  2:    T:0.41667    C:0.18750    A:0.27083    G:0.12500
position  3:    T:0.18750    C:0.29167    A:0.25000    G:0.27083
Average         T:0.25694    C:0.20139    A:0.30556    G:0.23611

#42: RoeDeer        
position  1:    T:0.18750    C:0.10417    A:0.39583    G:0.31250
position  2:    T:0.41667    C:0.18750    A:0.27083    G:0.12500
position  3:    T:0.20833    C:0.22917    A:0.29167    G:0.27083
Average         T:0.27083    C:0.17361    A:0.31944    G:0.23611

#43: WhiteLippedDeer
position  1:    T:0.18750    C:0.10417    A:0.39583    G:0.31250
position  2:    T:0.41667    C:0.18750    A:0.27083    G:0.12500
position  3:    T:0.22917    C:0.20833    A:0.27083    G:0.29167
Average         T:0.27778    C:0.16667    A:0.31250    G:0.24306

#44: ThomsonGazelle 
position  1:    T:0.18750    C:0.10417    A:0.39583    G:0.31250
position  2:    T:0.41667    C:0.18750    A:0.27083    G:0.12500
position  3:    T:0.25000    C:0.20833    A:0.29167    G:0.25000
Average         T:0.28472    C:0.16667    A:0.31944    G:0.22917

#45: MuntiacusCrinifrons
position  1:    T:0.18750    C:0.10417    A:0.39583    G:0.31250
position  2:    T:0.41667    C:0.18750    A:0.27083    G:0.12500
position  3:    T:0.22917    C:0.20833    A:0.27083    G:0.29167
Average         T:0.27778    C:0.16667    A:0.31250    G:0.24306

#46: WhiteTailedDeer
position  1:    T:0.18750    C:0.10417    A:0.39583    G:0.31250
position  2:    T:0.41667    C:0.18750    A:0.27083    G:0.12500
position  3:    T:0.20833    C:0.22917    A:0.29167    G:0.27083
Average         T:0.27083    C:0.17361    A:0.31944    G:0.23611

#47: Cattle         
position  1:    T:0.18750    C:0.10417    A:0.39583    G:0.31250
position  2:    T:0.41667    C:0.18750    A:0.27083    G:0.12500
position  3:    T:0.20833    C:0.22917    A:0.29167    G:0.27083
Average         T:0.27083    C:0.17361    A:0.31944    G:0.23611

#48: RoyalAntelope  
position  1:    T:0.18750    C:0.10417    A:0.39583    G:0.31250
position  2:    T:0.41667    C:0.18750    A:0.27083    G:0.12500
position  3:    T:0.22917    C:0.22917    A:0.27083    G:0.27083
Average         T:0.27778    C:0.17361    A:0.31250    G:0.23611

#49: Steenbok       
position  1:    T:0.18750    C:0.10417    A:0.39583    G:0.31250
position  2:    T:0.41667    C:0.18750    A:0.27083    G:0.12500
position  3:    T:0.22917    C:0.22917    A:0.27083    G:0.27083
Average         T:0.27778    C:0.17361    A:0.31250    G:0.23611

#50: Impala         
position  1:    T:0.20833    C:0.10417    A:0.37500    G:0.31250
position  2:    T:0.41667    C:0.18750    A:0.27083    G:0.12500
position  3:    T:0.25000    C:0.20833    A:0.27083    G:0.27083
Average         T:0.29167    C:0.16667    A:0.30556    G:0.23611

#51: Klipspringer   
position  1:    T:0.18750    C:0.10417    A:0.39583    G:0.31250
position  2:    T:0.41667    C:0.18750    A:0.27083    G:0.12500
