CODONML (in paml version 4.10.7, June 2023)  /home/rachel/ruminants_paml/6406-phy-tree/ENSBTAT00000061405.fasta.phy
Model: free dN/dS Ratios for branches,  kappa = 2.000 fixed

Codon frequency model: F3x4
ns =  54  ls =  79

Codon usage in sequences
--------------------------------------------------------------------------------------------------------------------------------------
Phe TTT   1   1   1   1   1   1 | Ser TCT   3   3   3   3   2   3 | Tyr TAT   0   0   0   0   0   0 | Cys TGT   0   0   0   0   0   0
    TTC   0   0   0   0   0   0 |     TCC   3   3   3   3   2   2 |     TAC   1   1   1   1   1   1 |     TGC   0   0   0   0   0   0
Leu TTA   0   0   0   0   0   0 |     TCA   2   1   2   2   5   3 | *** TAA   0   0   0   0   0   0 | *** TGA   0   0   0   0   0   0
    TTG   1   1   1   2   1   1 |     TCG   1   2   1   0   0   1 |     TAG   0   0   0   0   0   0 | Trp TGG   0   0   0   0   0   0
--------------------------------------------------------------------------------------------------------------------------------------
Leu CTT   0   0   0   0   0   0 | Pro CCT   0   0   0   0   0   0 | His CAT   0   0   0   0   0   0 | Arg CGT   0   0   0   0   0   0
    CTC   1   0   1   1   0   1 |     CCC   0   0   0   0   0   0 |     CAC   0   0   0   0   0   0 |     CGC   0   0   0   0   0   0
    CTA   1   1   1   1   1   1 |     CCA   4   4   3   4   3   3 | Gln CAA   0   0   0   0   0   0 |     CGA   0   0   0   0   1   0
    CTG   1   2   1   1   2   1 |     CCG   0   0   1   0   0   0 |     CAG   1   1   1   1   2   2 |     CGG   1   1   1   1   0   1
--------------------------------------------------------------------------------------------------------------------------------------
Ile ATT   3   2   3   3   2   2 | Thr ACT   3   1   3   4   2   2 | Asn AAT   2   2   2   2   3   2 | Ser AGT   1   1   2   1   1   1
    ATC   2   2   3   2   2   2 |     ACC   2   3   2   1   1   3 |     AAC   0   0   0   0   0   1 |     AGC   1   2   0   1   1   1
    ATA   1   1   0   0   2   1 |     ACA   2   2   3   3   3   2 | Lys AAA   1   0   1   1   0   2 | Arg AGA   1   1   1   1   1   1
Met ATG   1   2   1   1   1   1 |     ACG   1   0   1   0   1   0 |     AAG   9  10   9   9  10   8 |     AGG   0   0   0   0   0   0
--------------------------------------------------------------------------------------------------------------------------------------
Val GTT   0   0   0   0   1   0 | Ala GCT   3   3   3   3   3   4 | Asp GAT   1   0   1   1   0   1 | Gly GGT   0   0   0   0   0   1
    GTC   3   4   3   3   1   1 |     GCC   2   2   2   2   1   0 |     GAC   0   1   0   0   1   0 |     GGC   2   3   2   2   3   1
    GTA   1   1   1   2   2   2 |     GCA   3   2   2   3   3   4 | Glu GAA   5   4   3   4   4   6 |     GGA   3   2   3   3   3   3
    GTG   1   1   1   1   1   3 |     GCG   0   1   0   0   1   0 |     GAG   3   5   5   4   4   2 |     GGG   1   0   1   1   0   1
--------------------------------------------------------------------------------------------------------------------------------------

--------------------------------------------------------------------------------------------------------------------------------------
Phe TTT   1   1   1   1   1   1 | Ser TCT   3   3   3   3   3   3 | Tyr TAT   0   0   0   0   0   0 | Cys TGT   0   0   0   0   0   0
    TTC   0   0   0   0   0   0 |     TCC   3   3   3   3   3   3 |     TAC   1   1   1   1   1   1 |     TGC   0   0   0   0   0   0
Leu TTA   0   0   0   0   0   0 |     TCA   3   2   2   2   2   2 | *** TAA   0   0   0   0   0   0 | *** TGA   0   0   0   0   0   0
    TTG   1   1   1   1   1   1 |     TCG   0   1   1   1   1   1 |     TAG   0   0   0   0   0   0 | Trp TGG   0   0   0   0   0   0
--------------------------------------------------------------------------------------------------------------------------------------
Leu CTT   1   0   0   0   0   0 | Pro CCT   0   0   0   0   0   0 | His CAT   0   0   0   0   0   0 | Arg CGT   0   0   0   0   0   0
    CTC   0   1   1   1   1   1 |     CCC   0   0   0   0   0   0 |     CAC   0   0   0   0   0   0 |     CGC   0   0   0   0   0   0
    CTA   1   1   1   1   1   1 |     CCA   3   4   3   3   4   3 | Gln CAA   0   0   0   0   0   0 |     CGA   0   0   0   0   0   0
    CTG   1   1   1   1   1   1 |     CCG   1   0   1   0   0   1 |     CAG   1   1   1   1   1   1 |     CGG   1   1   1   1   1   1
--------------------------------------------------------------------------------------------------------------------------------------
Ile ATT   3   3   3   3   3   3 | Thr ACT   4   3   3   3   3   3 | Asn AAT   2   2   2   2   2   2 | Ser AGT   1   1   1   1   2   1
    ATC   2   2   2   2   3   2 |     ACC   1   2   2   2   2   2 |     AAC   0   0   0   0   0   0 |     AGC   1   1   1   1   0   1
    ATA   1   1   1   1   0   1 |     ACA   2   3   2   2   2   2 | Lys AAA   1   1   1   1   1   1 | Arg AGA   1   1   1   1   1   1
Met ATG   1   1   1   1   1   1 |     ACG   1   1   1   1   1   1 |     AAG   9   9   9   9   9   9 |     AGG   0   0   0   0   0   0
--------------------------------------------------------------------------------------------------------------------------------------
Val GTT   0   0   1   0   0   0 | Ala GCT   3   3   3   3   3   3 | Asp GAT   1   1   1   1   1   1 | Gly GGT   0   0   0   0   0   0
    GTC   3   3   2   3   3   3 |     GCC   2   2   2   2   2   2 |     GAC   0   0   0   0   0   0 |     GGC   2   2   2   2   2   2
    GTA   1   1   1   1   1   1 |     GCA   3   2   2   2   2   2 | Glu GAA   5   4   4   4   3   4 |     GGA   3   3   3   3   3   3
    GTG   1   1   1   2   1   1 |     GCG   0   0   1   1   1   1 |     GAG   3   4   4   4   5   4 |     GGG   1   1   1   1   1   1
--------------------------------------------------------------------------------------------------------------------------------------

--------------------------------------------------------------------------------------------------------------------------------------
Phe TTT   1   1   1   1   1   1 | Ser TCT   3   3   3   3   3   3 | Tyr TAT   0   0   0   0   0   0 | Cys TGT   0   0   0   0   0   0
    TTC   0   0   0   0   0   0 |     TCC   3   3   3   3   3   3 |     TAC   1   1   1   1   1   1 |     TGC   0   0   0   0   0   0
Leu TTA   0   0   0   0   0   0 |     TCA   3   2   2   2   3   2 | *** TAA   0   0   0   0   0   0 | *** TGA   0   0   0   0   0   0
    TTG   1   1   1   1   1   1 |     TCG   0   1   1   1   0   1 |     TAG   0   0   0   0   0   0 | Trp TGG   0   0   0   0   0   0
--------------------------------------------------------------------------------------------------------------------------------------
Leu CTT   0   0   0   0   0   0 | Pro CCT   0   0   0   0   0   0 | His CAT   0   0   0   0   0   0 | Arg CGT   0   0   0   0   0   0
    CTC   1   1   1   1   2   1 |     CCC   0   1   0   0   0   0 |     CAC   0   0   0   0   0   0 |     CGC   0   0   0   0   0   0
    CTA   1   1   1   1   1   1 |     CCA   3   2   3   3   3   3 | Gln CAA   0   0   0   0   0   0 |     CGA   0   0   0   0   0   0
    CTG   1   1   1   1   1   2 |     CCG   1   1   1   1   0   0 |     CAG   1   1   1   1   1   1 |     CGG   1   1   1   1   1   1
--------------------------------------------------------------------------------------------------------------------------------------
Ile ATT   3   3   3   3   3   3 | Thr ACT   3   3   3   3   3   3 | Asn AAT   2   2   2   2   2   2 | Ser AGT   1   1   1   1   1   1
    ATC   2   2   2   2   2   2 |     ACC   2   2   2   2   2   2 |     AAC   0   0   0   0   0   0 |     AGC   1   1   1   1   1   1
    ATA   1   1   1   1   1   1 |     ACA   3   2   2   2   3   2 | Lys AAA   1   1   1   1   1   1 | Arg AGA   1   1   1   1   1   1
Met ATG   1   1   1   1   1   1 |     ACG   1   1   1   1   0   1 |     AAG   9   9   9   9   9   9 |     AGG   0   0   0   0   0   0
--------------------------------------------------------------------------------------------------------------------------------------
Val GTT   1   0   0   0   0   0 | Ala GCT   3   3   3   3   3   3 | Asp GAT   0   1   1   1   1   1 | Gly GGT   0   0   0   0   0   0
    GTC   2   3   3   3   3   3 |     GCC   2   2   2   2   2   2 |     GAC   1   0   0   0   0   0 |     GGC   2   2   2   2   2   2
    GTA   1   1   1   1   1   1 |     GCA   2   2   2   3   2   2 | Glu GAA   5   4   4   4   4   4 |     GGA   3   3   3   3   3   3
    GTG   1   1   1   1   2   1 |     GCG   0   1   1   0   0   1 |     GAG   3   4   4   4   4   4 |     GGG   1   1   1   1   1   1
--------------------------------------------------------------------------------------------------------------------------------------

--------------------------------------------------------------------------------------------------------------------------------------
Phe TTT   1   1   1   1   1   1 | Ser TCT   3   3   3   3   3   3 | Tyr TAT   0   0   0   0   1   0 | Cys TGT   0   0   0   0   0   0
    TTC   0   0   0   0   0   0 |     TCC   3   3   3   3   3   3 |     TAC   1   1   1   1   0   1 |     TGC   0   0   0   0   0   0
Leu TTA   0   0   0   0   0   0 |     TCA   1   3   2   2   2   3 | *** TAA   0   0   0   0   0   0 | *** TGA   0   0   0   0   0   0
    TTG   1   1   1   1   1   1 |     TCG   1   0   1   1   1   1 |     TAG   0   0   0   0   0   0 | Trp TGG   0   0   0   0   0   0
--------------------------------------------------------------------------------------------------------------------------------------
Leu CTT   0   0   0   0   0   0 | Pro CCT   0   0   0   0   0   0 | His CAT   0   0   0   0   0   0 | Arg CGT   0   0   0   0   0   0
    CTC   1   1   1   1   1   1 |     CCC   0   0   0   0   0   0 |     CAC   0   0   0   0   0   0 |     CGC   0   0   0   0   0   0
    CTA   1   1   1   1   1   1 |     CCA   5   3   4   4   3   3 | Gln CAA   0   0   0   0   0   0 |     CGA   0   0   0   0   0   0
    CTG   1   1   1   1   2   1 |     CCG   0   1   0   0   0   0 |     CAG   1   1   1   1   1   1 |     CGG   1   1   1   1   1   1
--------------------------------------------------------------------------------------------------------------------------------------
Ile ATT   2   2   3   3   3   3 | Thr ACT   3   4   3   3   3   3 | Asn AAT   2   1   2   2   2   2 | Ser AGT   2   1   1   2   1   1
    ATC   4   3   2   3   2   2 |     ACC   1   1   2   2   2   2 |     AAC   0   1   0   0   0   0 |     AGC   0   1   1   0   1   1
    ATA   1   1   1   0   0   1 |     ACA   2   3   2   3   2   2 | Lys AAA   1   1   1   1   1   1 | Arg AGA   1   1   1   1   1   1
Met ATG   1   1   1   1   1   1 |     ACG   1   1   1   1   1   1 |     AAG   9   9   9   9   9   9 |     AGG   0   0   0   0   0   0
--------------------------------------------------------------------------------------------------------------------------------------
Val GTT   0   0   0   0   0   0 | Ala GCT   3   3   3   3   3   3 | Asp GAT   1   1   1   1   1   1 | Gly GGT   1   1   0   0   0   0
    GTC   3   3   3   3   3   3 |     GCC   2   2   2   2   2   2 |     GAC   0   0   0   0   0   0 |     GGC   2   2   2   2   2   2
    GTA   1   1   1   1   2   1 |     GCA   2   2   2   2   2   3 | Glu GAA   4   4   5   3   4   5 |     GGA   3   3   3   3   3   3
    GTG   1   1   1   1   1   1 |     GCG   1   0   1   0   1   0 |     GAG   4   4   3   5   4   3 |     GGG   0   0   1   1   1   1
--------------------------------------------------------------------------------------------------------------------------------------

--------------------------------------------------------------------------------------------------------------------------------------
Phe TTT   1   1   1   1   1   1 | Ser TCT   3   3   3   4   3   3 | Tyr TAT   0   0   0   0   0   0 | Cys TGT   0   0   0   0   0   0
    TTC   0   0   0   0   0   0 |     TCC   3   3   3   2   3   3 |     TAC   1   1   1   1   1   1 |     TGC   0   0   0   0   0   0
Leu TTA   0   0   0   0   0   0 |     TCA   2   3   2   2   2   2 | *** TAA   0   0   0   0   0   0 | *** TGA   0   0   0   0   0   0
    TTG   1   1   1   1   1   1 |     TCG   1   0   1   1   1   1 |     TAG   0   0   0   0   0   0 | Trp TGG   0   0   0   0   0   0
--------------------------------------------------------------------------------------------------------------------------------------
Leu CTT   0   1   0   0   0   0 | Pro CCT   0   0   0   0   0   0 | His CAT   0   0   0   0   0   0 | Arg CGT   0   0   0   0   0   0
    CTC   1   0   1   1   1   1 |     CCC   0   0   0   0   0   0 |     CAC   0   0   0   0   0   0 |     CGC   0   0   0   0   0   0
    CTA   1   1   1   1   1   1 |     CCA   3   3   4   3   3   4 | Gln CAA   0   0   0   0   0   0 |     CGA   0   0   0   0   0   0
    CTG   1   1   1   2   1   1 |     CCG   1   1   0   0   1   0 |     CAG   1   1   1   1   1   1 |     CGG   1   1   1   1   1   1
--------------------------------------------------------------------------------------------------------------------------------------
Ile ATT   3   3   3   3   3   3 | Thr ACT   3   4   3   3   3   3 | Asn AAT   2   2   2   2   2   2 | Ser AGT   1   1   1   1   1   2
    ATC   2   2   2   2   2   3 |     ACC   2   2   2   2   2   2 |     AAC   1   0   0   0   0   0 |     AGC   1   1   1   1   1   0
    ATA   1   1   1   1   1   0 |     ACA   2   2   2   2   2   2 | Lys AAA   1   1   1   1   1   1 | Arg AGA   1   1   1   1   1   1
Met ATG   1   1   1   1   1   1 |     ACG   1   1   1   1   1   1 |     AAG   8   9   9   9   9   9 |     AGG   0   0   0   0   0   0
--------------------------------------------------------------------------------------------------------------------------------------
Val GTT   0   0   0   0   0   0 | Ala GCT   3   3   3   3   3   3 | Asp GAT   1   1   0   1   1   1 | Gly GGT   0   0   0   0   0   0
    GTC   3   3   3   3   3   3 |     GCC   2   2   2   2   2   2 |     GAC   0   0   1   0   0   0 |     GGC   2   2   2   2   2   2
    GTA   1   1   1   1   1   1 |     GCA   2   2   3   2   3   2 | Glu GAA   4   4   5   5   4   3 |     GGA   3   3   4   3   3   3
    GTG   1   1   1   1   1   1 |     GCG   1   0   0   1   0   1 |     GAG   4   4   3   3   4   5 |     GGG   1   1   0   1   1   1
--------------------------------------------------------------------------------------------------------------------------------------

--------------------------------------------------------------------------------------------------------------------------------------
Phe TTT   1   1   1   1   1   1 | Ser TCT   3   3   3   3   2   3 | Tyr TAT   0   0   0   0   0   1 | Cys TGT   0   0   0   0   0   0
    TTC   0   0   0   0   0   0 |     TCC   3   3   3   3   4   3 |     TAC   1   1   1   1   1   0 |     TGC   0   0   0   0   0   0
Leu TTA   0   0   0   0   0   0 |     TCA   2   2   2   2   2   2 | *** TAA   0   0   0   0   0   0 | *** TGA   0   0   0   0   0   0
    TTG   1   1   1   1   1   1 |     TCG   1   1   1   1   1   1 |     TAG   0   0   0   0   0   0 | Trp TGG   0   0   0   0   0   0
--------------------------------------------------------------------------------------------------------------------------------------
Leu CTT   0   0   0   0   0   0 | Pro CCT   0   0   0   0   0   0 | His CAT   0   0   0   0   0   0 | Arg CGT   0   0   0   0   0   0
    CTC   1   1   1   1   1   1 |     CCC   0   0   0   0   0   0 |     CAC   0   0   0   0   0   0 |     CGC   0   0   0   0   0   0
    CTA   1   1   1   1   1   1 |     CCA   3   4   3   3   4   3 | Gln CAA   0   0   0   0   0   0 |     CGA   0   0   0   0   0   0
    CTG   2   1   1   1   1   1 |     CCG   0   0   1   1   0   1 |     CAG   1   1   1   1   1   1 |     CGG   1   1   1   1   1   1
--------------------------------------------------------------------------------------------------------------------------------------
Ile ATT   3   3   3   3   2   3 | Thr ACT   3   3   3   3   4   3 | Asn AAT   2   2   2   2   2   2 | Ser AGT   1   2   1   1   1   1
    ATC   2   3   2   2   2   2 |     ACC   2   2   2   2   2   2 |     AAC   0   0   0   0   0   0 |     AGC   1   0   1   1   1   1
    ATA   1   0   1   1   1   1 |     ACA   2   2   2   2   2   2 | Lys AAA   1   1   1   1   1   1 | Arg AGA   1   1   1   1   1   1
Met ATG   1   1   1   1   1   1 |     ACG   1   1   1   1   1   1 |     AAG   9   9   9   9   9   9 |     AGG   0   0   0   0   0   0
--------------------------------------------------------------------------------------------------------------------------------------
Val GTT   0   0   0   1   0   0 | Ala GCT   3   3   3   3   2   3 | Asp GAT   1   1   1   1   1   1 | Gly GGT   0   0   0   0   0   0
    GTC   3   3   3   2   3   3 |     GCC   2   2   2   2   3   2 |     GAC   0   0   0   0   0   0 |     GGC   2   2   2   2   2   2
    GTA   1   1   1   1   1   1 |     GCA   2   2   2   3   2   2 | Glu GAA   4   3   4   3   3   4 |     GGA   3   3   3   3   3   3
    GTG   2   1   1   1   1   1 |     GCG   0   1   1   0   1   1 |     GAG   4   5   4   5   5   4 |     GGG   1   1   1   1   1   1
--------------------------------------------------------------------------------------------------------------------------------------

--------------------------------------------------------------------------------------------------------------------------------------
Phe TTT   1   1   1   1   1   1 | Ser TCT   3   3   3   3   3   3 | Tyr TAT   0   0   0   0   0   0 | Cys TGT   0   0   0   0   0   0
    TTC   0   0   0   0   0   0 |     TCC   3   3   3   3   3   3 |     TAC   1   1   1   1   1   1 |     TGC   0   0   0   0   0   0
Leu TTA   0   0   0   0   0   0 |     TCA   2   2   2   3   1   2 | *** TAA   0   0   0   0   0   0 | *** TGA   0   0   0   0   0   0
    TTG   1   1   1   1   1   1 |     TCG   1   1   1   0   2   1 |     TAG   0   0   0   0   0   0 | Trp TGG   0   0   0   0   0   0
--------------------------------------------------------------------------------------------------------------------------------------
Leu CTT   0   0   0   1   0   0 | Pro CCT   0   0   0   0   0   0 | His CAT   0   0   0   0   0   0 | Arg CGT   0   0   0   0   0   0
    CTC   1   1   1   0   1   1 |     CCC   0   0   0   0   0   0 |     CAC   0   0   0   0   0   0 |     CGC   0   0   0   0   0   0
    CTA   1   1   1   1   1   1 |     CCA   3   3   4   3   3   3 | Gln CAA   0   0   0   0   0   0 |     CGA   0   0   0   0   0   0
    CTG   2   1   1   1   1   2 |     CCG   0   1   0   1   0   0 |     CAG   1   1   1   1   1   1 |     CGG   1   1   1   1   1   1
--------------------------------------------------------------------------------------------------------------------------------------
Ile ATT   3   3   3   3   3   3 | Thr ACT   3   3   3   4   3   3 | Asn AAT   2   2   2   2   2   2 | Ser AGT   1   1   1   1   1   1
    ATC   2   2   2   2   2   2 |     ACC   2   2   2   1   2   2 |     AAC   0   0   0   0   0   0 |     AGC   1   1   1   1   1   1
    ATA   1   1   1   1   1   1 |     ACA   2   2   2   2   2   2 | Lys AAA   1   1   1   1   2   1 | Arg AGA   1   1   1   1   1   1
Met ATG   1   1   1   1   1   1 |     ACG   1   1   1   1   1   2 |     AAG   9   9   9   9   8   9 |     AGG   0   0   0   0   0   0
--------------------------------------------------------------------------------------------------------------------------------------
Val GTT   0   0   0   0   0   0 | Ala GCT   4   3   3   3   3   2 | Asp GAT   1   1   1   1   1   1 | Gly GGT   0   0   0   0   0   1
    GTC   3   3   3   3   3   3 |     GCC   2   2   2   2   2   3 |     GAC   0   0   0   0   0   0 |     GGC   2   2   2   2   2   1
    GTA   1   1   1   1   1   1 |     GCA   1   2   3   2   3   2 | Glu GAA   4   4   5   5   4   4 |     GGA   3   3   3   3   3   3
    GTG   1   2   1   1   1   1 |     GCG   1   0   0   1   1   0 |     GAG   4   4   3   3   4   4 |     GGG   1   1   1   1   1   1
--------------------------------------------------------------------------------------------------------------------------------------

--------------------------------------------------------------------------------------------------------------------------------------
Phe TTT   1   1   1   2   1   1 | Ser TCT   3   3   4   2   3   3 | Tyr TAT   0   0   0   0   0   0 | Cys TGT   0   0   0   0   0   0
    TTC   0   0   0   0   0   0 |     TCC   3   3   2   3   3   2 |     TAC   1   1   1   1   1   1 |     TGC   0   0   0   0   0   0
Leu TTA   0   0   0   0   0   0 |     TCA   2   2   2   3   2   2 | *** TAA   0   0   0   0   0   0 | *** TGA   0   0   0   0   0   0
    TTG   1   1   1   1   1   1 |     TCG   1   1   1   0   1   1 |     TAG   0   0   0   0   0   0 | Trp TGG   0   0   0   0   0   0
--------------------------------------------------------------------------------------------------------------------------------------
Leu CTT   0   0   0   0   0   0 | Pro CCT   0   0   0   0   0   0 | His CAT   0   0   0   0   0   0 | Arg CGT   0   0   0   0   0   0
    CTC   1   1   1   1   1   1 |     CCC   0   0   0   0   0   0 |     CAC   0   0   0   0   0   0 |     CGC   0   0   0   0   0   0
    CTA   1   1   1   1   1   1 |     CCA   3   3   3   3   3   4 | Gln CAA   0   0   0   0   0   0 |     CGA   0   0   0   0   0   0
    CTG   1   2   1   1   1   1 |     CCG   1   0   1   1   1   0 |     CAG   1   1   1   1   1   1 |     CGG   1   1   1   1   1   1
--------------------------------------------------------------------------------------------------------------------------------------
Ile ATT   3   3   3   3   3   3 | Thr ACT   3   3   3   3   3   3 | Asn AAT   2   2   2   2   2   2 | Ser AGT   1   1   1   1   1   1
    ATC   2   2   2   2   2   2 |     ACC   2   2   2   2   2   2 |     AAC   1   0   0   0   0   0 |     AGC   1   1   1   1   1   1
    ATA   1   1   1   1   1   1 |     ACA   2   2   2   2   2   2 | Lys AAA   1   1   1   1   1   2 | Arg AGA   1   1   1   1   1   1
Met ATG   1   1   1   1   1   1 |     ACG   1   1   1   2   1   1 |     AAG   8   9   9   9   9   8 |     AGG   0   0   0   0   0   0
--------------------------------------------------------------------------------------------------------------------------------------
Val GTT   0   0   0   0   0   0 | Ala GCT   3   3   3   3   3   3 | Asp GAT   1   1   1   1   1   1 | Gly GGT   0   0   0   0   0   0
    GTC   3   3   3   3   3   3 |     GCC   2   2   2   2   2   3 |     GAC   0   0   0   0   0   0 |     GGC   2   2   2   2   2   2
    GTA   1   1   1   1   1   1 |     GCA   2   3   2   2   2   3 | Glu GAA   4   4   4   4   4   4 |     GGA   3   3   3   3   3   3
    GTG   1   1   1   1   2   1 |     GCG   1   0   1   0   0   0 |     GAG   4   4   4   4   4   4 |     GGG   1   1   1   1   1   1
--------------------------------------------------------------------------------------------------------------------------------------

--------------------------------------------------------------------------------------------------------------------------------------
Phe TTT   1   1   1   1   1   1 | Ser TCT   3   3   3   3   3   3 | Tyr TAT   0   0   0   0   0   0 | Cys TGT   0   0   0   0   0   0
    TTC   0   0   0   0   0   0 |     TCC   3   3   3   3   3   3 |     TAC   1   1   1   1   1   1 |     TGC   0   0   0   0   0   0
Leu TTA   0   1   0   0   0   0 |     TCA   2   2   2   2   2   2 | *** TAA   0   0   0   0   0   0 | *** TGA   0   0   0   0   0   0
    TTG   1   0   1   2   1   1 |     TCG   2   1   1   0   1   1 |     TAG   0   0   0   0   0   0 | Trp TGG   0   0   0   0   0   0
--------------------------------------------------------------------------------------------------------------------------------------
Leu CTT   0   0   0   0   0   0 | Pro CCT   0   0   0   0   0   0 | His CAT   0   0   0   0   0   0 | Arg CGT   0   0   0   0   0   0
    CTC   1   1   1   1   1   1 |     CCC   0   0   0   0   0   0 |     CAC   0   0   0   0   0   0 |     CGC   0   0   0   0   0   0
    CTA   1   1   1   1   1   1 |     CCA   3   3   3   4   4   4 | Gln CAA   0   0   0   0   0   0 |     CGA   0   0   0   0   0   0
    CTG   1   1   2   1   1   1 |     CCG   0   1   0   0   0   0 |     CAG   1   1   1   1   1   1 |     CGG   1   1   1   1   1   1
--------------------------------------------------------------------------------------------------------------------------------------
Ile ATT   3   3   2   3   3   3 | Thr ACT   3   3   3   4   3   3 | Asn AAT   2   2   2   2   2   2 | Ser AGT   1   1   1   1   2   2
    ATC   2   2   3   2   3   3 |     ACC   2   2   2   1   2   2 |     AAC   0   0   0   0   0   0 |     AGC   1   1   1   1   0   0
    ATA   1   1   1   0   0   0 |     ACA   2   2   2   3   2   2 | Lys AAA   1   2   1   1   1   1 | Arg AGA   1   1   1   1   1   1
Met ATG   1   1   1   1   1   1 |     ACG   1   1   1   0   1   1 |     AAG   9   8   9   9   9   9 |     AGG   0   0   0   0   0   0
--------------------------------------------------------------------------------------------------------------------------------------
Val GTT   0   0   0   0   0   0 | Ala GCT   3   3   3   3   3   3 | Asp GAT   1   1   1   1   1   1 | Gly GGT   0   0   0   0   0   0
    GTC   3   3   3   3   3   3 |     GCC   2   2   2   2   2   2 |     GAC   0   0   0   0   0   0 |     GGC   2   2   2   2   2   2
    GTA   1   1   1   2   1   1 |     GCA   2   2   2   3   2   2 | Glu GAA   4   4   4   4   3   3 |     GGA   3   3   3   3   3   3
    GTG   1   1   1   1   1   1 |     GCG   1   1   1   0   1   1 |     GAG   4   4   4   4   5   5 |     GGG   1   1   1   1   1   1
--------------------------------------------------------------------------------------------------------------------------------------

Codon position x base (3x4) table for each sequence.

#1: Argali         
position  1:    T:0.15190    C:0.11392    A:0.37975    G:0.35443
position  2:    T:0.21519    C:0.36709    A:0.29114    G:0.12658
position  3:    T:0.21519    C:0.21519    A:0.30380    G:0.26582
Average         T:0.19409    C:0.23207    A:0.32489    G:0.24895

#2: LesserMouseDeer
position  1:    T:0.15190    C:0.11392    A:0.36709    G:0.36709
position  2:    T:0.22785    C:0.34177    A:0.30380    G:0.12658
position  3:    T:0.16456    C:0.26582    A:0.24051    G:0.32911
Average         T:0.18143    C:0.24051    A:0.30380    G:0.27426

#3: LesserKudu     
position  1:    T:0.15190    C:0.11392    A:0.39241    G:0.34177
position  2:    T:0.21519    C:0.36709    A:0.29114    G:0.12658
position  3:    T:0.22785    C:0.21519    A:0.25316    G:0.30380
Average         T:0.19831    C:0.23207    A:0.31224    G:0.25738

#4: ForestMuskDeer2
position  1:    T:0.15190    C:0.11392    A:0.36709    G:0.36709
position  2:    T:0.22785    C:0.35443    A:0.29114    G:0.12658
position  3:    T:0.22785    C:0.20253    A:0.30380    G:0.26582
Average         T:0.20253    C:0.22363    A:0.32068    G:0.25316

#5: Camel          
position  1:    T:0.15190    C:0.11392    A:0.37975    G:0.35443
position  2:    T:0.21519    C:0.34177    A:0.31646    G:0.12658
position  3:    T:0.18987    C:0.16456    A:0.35443    G:0.29114
Average         T:0.18565    C:0.20675    A:0.35021    G:0.25738

#6: KillerWhale    
position  1:    T:0.15190    C:0.11392    A:0.36709    G:0.36709
position  2:    T:0.21519    C:0.34177    A:0.31646    G:0.12658
position  3:    T:0.21519    C:0.16456    A:0.35443    G:0.26582
Average         T:0.19409    C:0.20675    A:0.34599    G:0.25316

#7: DefassaWaterbuck
position  1:    T:0.15190    C:0.11392    A:0.37975    G:0.35443
position  2:    T:0.21519    C:0.36709    A:0.29114    G:0.12658
position  3:    T:0.24051    C:0.18987    A:0.30380    G:0.26582
Average         T:0.20253    C:0.22363    A:0.32489    G:0.24895

#8: Sheep          
position  1:    T:0.15190    C:0.11392    A:0.39241    G:0.34177
position  2:    T:0.21519    C:0.36709    A:0.29114    G:0.12658
position  3:    T:0.21519    C:0.21519    A:0.29114    G:0.27848
Average         T:0.19409    C:0.23207    A:0.32489    G:0.24895

#9: MaxwellsDuiker 
position  1:    T:0.15190    C:0.11392    A:0.37975    G:0.35443
position  2:    T:0.21519    C:0.36709    A:0.29114    G:0.12658
position  3:    T:0.22785    C:0.20253    A:0.26582    G:0.30380
Average         T:0.19831    C:0.22785    A:0.31224    G:0.26160

#10: GazellaPrzewalskyi
position  1:    T:0.15190    C:0.10127    A:0.37975    G:0.36709
position  2:    T:0.22785    C:0.35443    A:0.29114    G:0.12658
position  3:    T:0.21519    C:0.21519    A:0.26582    G:0.30380
Average         T:0.19831    C:0.22363    A:0.31224    G:0.26582

#11: MountainNyala  
position  1:    T:0.15190    C:0.11392    A:0.37975    G:0.35443
position  2:    T:0.21519    C:0.36709    A:0.29114    G:0.12658
position  3:    T:0.22785    C:0.21519    A:0.25316    G:0.30380
Average         T:0.19831    C:0.23207    A:0.30802    G:0.26160

#12: MuntiacusMuntjak
position  1:    T:0.15190    C:0.11392    A:0.37975    G:0.35443
position  2:    T:0.21519    C:0.36709    A:0.29114    G:0.12658
position  3:    T:0.21519    C:0.21519    A:0.26582    G:0.30380
Average         T:0.19409    C:0.23207    A:0.31224    G:0.26160

#13: goat           
position  1:    T:0.15190    C:0.11392    A:0.39241    G:0.34177
position  2:    T:0.21519    C:0.36709    A:0.29114    G:0.12658
position  3:    T:0.21519    C:0.21519    A:0.30380    G:0.26582
Average         T:0.19409    C:0.23207    A:0.32911    G:0.24473

#14: AfricanBuffalo 
position  1:    T:0.15190    C:0.11392    A:0.37975    G:0.35443
position  2:    T:0.21519    C:0.36709    A:0.29114    G:0.12658
position  3:    T:0.21519    C:0.22785    A:0.25316    G:0.30380
Average         T:0.19409    C:0.23629    A:0.30802    G:0.26160

#15: Topi           
position  1:    T:0.15190    C:0.11392    A:0.37975    G:0.35443
position  2:    T:0.21519    C:0.36709    A:0.29114    G:0.12658
position  3:    T:0.21519    C:0.21519    A:0.26582    G:0.30380
Average         T:0.19409    C:0.23207    A:0.31224    G:0.26160

#16: CommonDuiker   
position  1:    T:0.15190    C:0.11392    A:0.37975    G:0.35443
position  2:    T:0.21519    C:0.36709    A:0.29114    G:0.12658
position  3:    T:0.21519    C:0.21519    A:0.27848    G:0.29114
Average         T:0.19409    C:0.23207    A:0.31646    G:0.25738

#17: Suni           
position  1:    T:0.15190    C:0.11392    A:0.37975    G:0.35443
position  2:    T:0.24051    C:0.34177    A:0.29114    G:0.12658
position  3:    T:0.21519    C:0.22785    A:0.29114    G:0.26582
Average         T:0.20253    C:0.22785    A:0.32068    G:0.24895

#18: Springbuck     
position  1:    T:0.15190    C:0.11392    A:0.37975    G:0.35443
position  2:    T:0.22785    C:0.35443    A:0.29114    G:0.12658
position  3:    T:0.21519    C:0.21519    A:0.26582    G:0.30380
Average         T:0.19831    C:0.22785    A:0.31224    G:0.26160

#19: Okapi          
position  1:    T:0.13924    C:0.12658    A:0.37975    G:0.35443
position  2:    T:0.22785    C:0.35443    A:0.29114    G:0.12658
position  3:    T:0.22785    C:0.21519    A:0.27848    G:0.27848
Average         T:0.19831    C:0.23207    A:0.31646    G:0.25316

#20: Giraffe        
position  1:    T:0.15190    C:0.11392    A:0.39241    G:0.34177
position  2:    T:0.21519    C:0.36709    A:0.29114    G:0.12658
position  3:    T:0.21519    C:0.22785    A:0.29114    G:0.26582
Average         T:0.19409    C:0.23629    A:0.32489    G:0.24473

#21: TibetanAntelope
position  1:    T:0.15190    C:0.11392    A:0.37975    G:0.35443
position  2:    T:0.21519    C:0.36709    A:0.29114    G:0.12658
position  3:    T:0.21519    C:0.21519    A:0.29114    G:0.27848
Average         T:0.19409    C:0.23207    A:0.32068    G:0.25316

#22: Sitatunga      
position  1:    T:0.15190    C:0.11392    A:0.39241    G:0.34177
position  2:    T:0.21519    C:0.36709    A:0.29114    G:0.12658
position  3:    T:0.22785    C:0.21519    A:0.26582    G:0.29114
Average         T:0.19831    C:0.23207    A:0.31646    G:0.25316

#23: Oribi          
position  1:    T:0.15190    C:0.11392    A:0.36709    G:0.36709
position  2:    T:0.22785    C:0.35443    A:0.29114    G:0.12658
position  3:    T:0.22785    C:0.20253    A:0.26582    G:0.30380
Average         T:0.20253    C:0.22363    A:0.30802    G:0.26582

#24: BarbarySheep   
position  1:    T:0.16456    C:0.10127    A:0.37975    G:0.35443
position  2:    T:0.21519    C:0.36709    A:0.29114    G:0.12658
position  3:    T:0.21519    C:0.21519    A:0.30380    G:0.26582
Average         T:0.19831    C:0.22785    A:0.32489    G:0.24895

#25: Daviddeer      
position  1:    T:0.15190    C:0.11392    A:0.37975    G:0.35443
position  2:    T:0.21519    C:0.36709    A:0.29114    G:0.12658
position  3:    T:0.21519    C:0.22785    A:0.26582    G:0.29114
Average         T:0.19409    C:0.23629    A:0.31224    G:0.25738

#26: Reindeer       
position  1:    T:0.15190    C:0.11392    A:0.39241    G:0.34177
position  2:    T:0.21519    C:0.36709    A:0.29114    G:0.12658
position  3:    T:0.24051    C:0.20253    A:0.27848    G:0.27848
Average         T:0.20253    C:0.22785    A:0.32068    G:0.24895

#27: Ibex           
position  1:    T:0.15190    C:0.11392    A:0.37975    G:0.35443
position  2:    T:0.21519    C:0.36709    A:0.29114    G:0.12658
position  3:    T:0.20253    C:0.22785    A:0.31646    G:0.25316
Average         T:0.18987    C:0.23629    A:0.32911    G:0.24473

#28: GyrantGazelle  
position  1:    T:0.15190    C:0.11392    A:0.37975    G:0.35443
position  2:    T:0.22785    C:0.35443    A:0.29114    G:0.12658
position  3:    T:0.22785    C:0.20253    A:0.27848    G:0.29114
Average         T:0.20253    C:0.22363    A:0.31646    G:0.25738

#29: Hartebeest     
position  1:    T:0.15190    C:0.11392    A:0.37975    G:0.35443
position  2:    T:0.21519    C:0.36709    A:0.29114    G:0.12658
position  3:    T:0.21519    C:0.21519    A:0.27848    G:0.29114
Average         T:0.19409    C:0.23207    A:0.31646    G:0.25738

#30: Bongo          
position  1:    T:0.15190    C:0.11392    A:0.37975    G:0.35443
position  2:    T:0.21519    C:0.36709    A:0.29114    G:0.12658
position  3:    T:0.22785    C:0.21519    A:0.25316    G:0.30380
Average         T:0.19831    C:0.23207    A:0.30802    G:0.26160

#31: Gerenuk        
position  1:    T:0.15190    C:0.11392    A:0.37975    G:0.35443
position  2:    T:0.24051    C:0.34177    A:0.29114    G:0.12658
position  3:    T:0.21519    C:0.21519    A:0.26582    G:0.30380
Average         T:0.20253    C:0.22363    A:0.31224    G:0.26160

#32: CommonEland    
position  1:    T:0.15190    C:0.11392    A:0.37975    G:0.35443
position  2:    T:0.21519    C:0.36709    A:0.29114    G:0.12658
position  3:    T:0.22785    C:0.21519    A:0.25316    G:0.30380
Average         T:0.19831    C:0.23207    A:0.30802    G:0.26160

#33: MuntiacusReevesi
position  1:    T:0.15190    C:0.11392    A:0.37975    G:0.35443
position  2:    T:0.21519    C:0.36709    A:0.29114    G:0.12658
position  3:    T:0.21519    C:0.21519    A:0.26582    G:0.30380
Average         T:0.19409    C:0.23207    A:0.31224    G:0.26160

#34: HarveysDuiker  
position  1:    T:0.15190    C:0.11392    A:0.37975    G:0.35443
position  2:    T:0.21519    C:0.36709    A:0.29114    G:0.12658
position  3:    T:0.22785    C:0.20253    A:0.26582    G:0.30380
Average         T:0.19831    C:0.22785    A:0.31224    G:0.26160

#35: Pronghorn      
position  1:    T:0.15190    C:0.11392    A:0.37975    G:0.35443
position  2:    T:0.20253    C:0.37975    A:0.29114    G:0.12658
position  3:    T:0.18987    C:0.24051    A:0.26582    G:0.30380
Average         T:0.18143    C:0.24473    A:0.31224    G:0.26160

#36: BlueWildebeest 
position  1:    T:0.15190    C:0.11392    A:0.37975    G:0.35443
position  2:    T:0.21519    C:0.36709    A:0.29114    G:0.12658
position  3:    T:0.22785    C:0.20253    A:0.26582    G:0.30380
Average         T:0.19831    C:0.22785    A:0.31224    G:0.26160

#37: Gemsbok        
position  1:    T:0.15190    C:0.11392    A:0.37975    G:0.35443
position  2:    T:0.22785    C:0.35443    A:0.29114    G:0.12658
position  3:    T:0.22785    C:0.21519    A:0.25316    G:0.30380
Average         T:0.20253    C:0.22785    A:0.30802    G:0.26160

#38: Yak            
position  1:    T:0.15190    C:0.11392    A:0.37975    G:0.35443
position  2:    T:0.22785    C:0.35443    A:0.29114    G:0.12658
position  3:    T:0.21519    C:0.21519    A:0.26582    G:0.30380
Average         T:0.19831    C:0.22785    A:0.31224    G:0.26160

#39: BlueSheep      
position  1:    T:0.15190    C:0.11392    A:0.37975    G:0.35443
position  2:    T:0.21519    C:0.36709    A:0.29114    G:0.12658
position  3:    T:0.21519    C:0.21519    A:0.30380    G:0.26582
Average         T:0.19409    C:0.23207    A:0.32489    G:0.24895

#40: BohorReedbuck  
position  1:    T:0.15190    C:0.11392    A:0.37975    G:0.35443
position  2:    T:0.21519    C:0.36709    A:0.29114    G:0.12658
position  3:    T:0.24051    C:0.18987    A:0.29114    G:0.27848
Average         T:0.20253    C:0.22363    A:0.32068    G:0.25316

#41: KirksDik       
position  1:    T:0.15190    C:0.10127    A:0.37975    G:0.36709
position  2:    T:0.21519    C:0.36709    A:0.29114    G:0.12658
position  3:    T:0.21519    C:0.21519    A:0.27848    G:0.29114
Average         T:0.19409    C:0.22785    A:0.31646    G:0.26160

#42: RoeDeer        
position  1:    T:0.15190    C:0.11392    A:0.39241    G:0.34177
position  2:    T:0.22785    C:0.35443    A:0.29114    G:0.12658
position  3:    T:0.21519    C:0.21519    A:0.26582    G:0.30380
Average         T:0.19831    C:0.22785    A:0.31646    G:0.25738

#43: WhiteLippedDeer
position  1:    T:0.15190    C:0.11392    A:0.37975    G:0.35443
position  2:    T:0.21519    C:0.36709    A:0.29114    G:0.12658
position  3:    T:0.21519    C:0.22785    A:0.26582    G:0.29114
Average         T:0.19409    C:0.23629    A:0.31224    G:0.25738

#44: ThomsonGazelle 
position  1:    T:0.15190    C:0.11392    A:0.37975    G:0.35443
position  2:    T:0.22785    C:0.35443    A:0.29114    G:0.12658
position  3:    T:0.21519    C:0.21519    A:0.27848    G:0.29114
Average         T:0.19831    C:0.22785    A:0.31646    G:0.25738

#45: MuntiacusCrinifrons
position  1:    T:0.15190    C:0.11392    A:0.37975    G:0.35443
position  2:    T:0.21519    C:0.36709    A:0.29114    G:0.12658
position  3:    T:0.22785    C:0.20253    A:0.26582    G:0.30380
Average         T:0.19831    C:0.22785    A:0.31224    G:0.26160

#46: WhiteTailedDeer
position  1:    T:0.15190    C:0.11392    A:0.39241    G:0.34177
position  2:    T:0.22785    C:0.35443    A:0.29114    G:0.12658
position  3:    T:0.21519    C:0.21519    A:0.27848    G:0.29114
Average         T:0.19831    C:0.22785    A:0.32068    G:0.25316

#47: Cattle         
position  1:    T:0.15190    C:0.11392    A:0.37975    G:0.35443
position  2:    T:0.22785    C:0.35443    A:0.29114    G:0.12658
position  3:    T:0.21519    C:0.21519    A:0.26582    G:0.30380
Average         T:0.19831    C:0.22785    A:0.31224    G:0.26160

#48: RoyalAntelope  
position  1:    T:0.13924    C:0.11392    A:0.37975    G:0.36709
position  2:    T:0.21519    C:0.36709    A:0.29114    G:0.12658
position  3:    T:0.21519    C:0.21519    A:0.30380    G:0.26582
Average         T:0.18987    C:0.23207    A:0.32489    G:0.25316

#49: Steenbok       
position  1:    T:0.16456    C:0.10127    A:0.37975    G:0.35443
position  2:    T:0.21519    C:0.36709    A:0.29114    G:0.12658
position  3:    T:0.21519    C:0.21519    A:0.26582    G:0.30380
Average         T:0.19831    C:0.22785    A:0.31224    G:0.26160

#50: Impala         
position  1:    T:0.15190    C:0.11392    A:0.37975    G:0.35443
position  2:    T:0.21519    C:0.36709    A:0.29114    G:0.12658
position  3:    T:0.21519    C:0.21519    A:0.29114    G:0.27848
Average         T:0.19409    C:0.23207    A:0.32068    G:0.25316

#51: Klipspringer   
position  1:    T:0.15190    C:0.11392    A:0.37975    G:0.35443
position  2:    T:0.22785    C:0.35443    A:0.29114    G:0.12658
