1
52 1
Argali 0.000000 0.372100 0.000000 0.250700 0.000000 0.000000 0.000000 0.000100 0.000000 0.365400 0.000000 0.000000 0.000000 0.000000 0.000000 0.000000 0.263900 0.167400 0.000000 0.000000 0.076500 0.069800 0.512600 0.279800 0.070900 0.000000 0.000000 0.065700 0.075800 0.000100 0.506900 0.075800 0.164600 0.000000 0.000000 0.000000 0.000000 0.000000 0.076500 0.385900 0.366600 0.000000 0.365400 0.279800 0.000000 0.150300 0.169900 0.379600 0.075300 0.164600 0.000000 0.000000
LesserMous 0.372100 0.000000 0.372100 0.267700 0.372100 0.372100 0.372100 0.374600 0.372100 0.395200 0.372100 0.372100 0.372100 0.372100 0.372100 0.372100 0.286100 0.176300 0.372100 0.372100 0.553900 0.485300 0.567400 0.301700 0.479400 0.372100 0.372100 0.441500 0.273700 0.379700 0.561200 0.273700 0.174900 0.372100 0.372100 0.372100 0.372100 0.372100 0.553900 0.419400 0.391900 0.372100 0.395200 0.301700 0.372100 0.364500 0.427900 0.647100 0.267000 0.174900 0.372100 0.372100
LesserKudu 0.000000 0.372100 0.000000 0.250700 0.000000 0.000000 0.000000 0.000100 0.000000 0.365400 0.000000 0.000000 0.000000 0.000000 0.000000 0.000000 0.263900 0.167400 0.000000 0.000000 0.076500 0.069800 0.512600 0.279800 0.070900 0.000000 0.000000 0.065700 0.075800 0.000100 0.506900 0.075800 0.164600 0.000000 0.000000 0.000000 0.000000 0.000000 0.076500 0.385900 0.366600 0.000000 0.365400 0.279800 0.000000 0.150300 0.169900 0.379600 0.075300 0.164600 0.000000 0.000000
KillerWhal 0.250700 0.267700 0.250700 0.000000 0.250700 0.250700 0.250700 0.255400 0.250700 0.264900 0.250700 0.250700 0.250700 0.250700 0.250700 0.250700 0.172400 0.081800 0.250700 0.250700 0.382200 0.343400 0.393400 0.180400 0.343500 0.250700 0.250700 0.316800 0.165600 0.258300 0.273600 0.165600 0.080400 0.250700 0.250700 0.250700 0.250700 0.250700 0.382200 0.279500 0.264800 0.250700 0.264900 0.180400 0.250700 0.246700 0.281800 0.495700 0.163900 0.080400 0.250700 0.250700
DefassaWat 0.000000 0.372100 0.000000 0.250700 0.000000 0.000000 0.000000 0.000100 0.000000 0.365400 0.000000 0.000000 0.000000 0.000000 0.000000 0.000000 0.263900 0.167400 0.000000 0.000000 0.076500 0.069800 0.512600 0.279800 0.070900 0.000000 0.000000 0.065700 0.075800 0.000100 0.506900 0.075800 0.164600 0.000000 0.000000 0.000000 0.000000 0.000000 0.076500 0.385900 0.366600 0.000000 0.365400 0.279800 0.000000 0.150300 0.169900 0.379600 0.075300 0.164600 0.000000 0.000000
Sheep 0.000000 0.372100 0.000000 0.250700 0.000000 0.000000 0.000000 0.000100 0.000000 0.365400 0.000000 0.000000 0.000000 0.000000 0.000000 0.000000 0.263900 0.167400 0.000000 0.000000 0.076500 0.069800 0.512600 0.279800 0.070900 0.000000 0.000000 0.065700 0.075800 0.000100 0.506900 0.075800 0.164600 0.000000 0.000000 0.000000 0.000000 0.000000 0.076500 0.385900 0.366600 0.000000 0.365400 0.279800 0.000000 0.150300 0.169900 0.379600 0.075300 0.164600 0.000000 0.000000
MaxwellsDu 0.000000 0.372100 0.000000 0.250700 0.000000 0.000000 0.000000 0.000100 0.000000 0.365400 0.000000 0.000000 0.000000 0.000000 0.000000 0.000000 0.263900 0.167400 0.000000 0.000000 0.076500 0.069800 0.512600 0.279800 0.070900 0.000000 0.000000 0.065700 0.075800 0.000100 0.506900 0.075800 0.164600 0.000000 0.000000 0.000000 0.000000 0.000000 0.076500 0.385900 0.366600 0.000000 0.365400 0.279800 0.000000 0.150300 0.169900 0.379600 0.075300 0.164600 0.000000 0.000000
GazellaPrz 0.000100 0.374600 0.000100 0.255400 0.000100 0.000100 0.000100 0.000000 0.000100 0.372400 0.000100 0.000100 0.000100 0.000100 0.000100 0.000100 0.269600 0.169200 0.000100 0.000100 0.078000 0.071100 0.523300 0.286000 0.072300 0.000100 0.000100 0.066900 0.077400 0.000200 0.516000 0.077400 0.168100 0.000100 0.000100 0.000100 0.000100 0.000100 0.078000 0.394100 0.369600 0.000100 0.372400 0.286000 0.000100 0.153100 0.173500 0.379900 0.076100 0.168100 0.000100 0.000100
MountainNy 0.000000 0.372100 0.000000 0.250700 0.000000 0.000000 0.000000 0.000100 0.000000 0.365400 0.000000 0.000000 0.000000 0.000000 0.000000 0.000000 0.263900 0.167400 0.000000 0.000000 0.076500 0.069800 0.512600 0.279800 0.070900 0.000000 0.000000 0.065700 0.075800 0.000100 0.506900 0.075800 0.164600 0.000000 0.000000 0.000000 0.000000 0.000000 0.076500 0.385900 0.366600 0.000000 0.365400 0.279800 0.000000 0.150300 0.169900 0.379600 0.075300 0.164600 0.000000 0.000000
MuntiacusM 0.365400 0.395200 0.365400 0.264900 0.365400 0.365400 0.365400 0.372400 0.365400 0.000000 0.365400 0.365400 0.365400 0.365400 0.365400 0.365400 0.280800 0.176700 0.365400 0.365400 0.272100 0.472900 0.280500 0.087100 0.467400 0.365400 0.365400 0.430700 0.270000 0.379900 0.082200 0.270000 0.173700 0.365400 0.365400 0.365400 0.365400 0.365400 0.272100 0.179000 0.168900 0.365400 0.000000 0.087100 0.365400 0.359200 0.179700 0.657800 0.267300 0.173700 0.365400 0.365400
goat 0.000000 0.372100 0.000000 0.250700 0.000000 0.000000 0.000000 0.000100 0.000000 0.365400 0.000000 0.000000 0.000000 0.000000 0.000000 0.000000 0.263900 0.167400 0.000000 0.000000 0.076500 0.069800 0.512600 0.279800 0.070900 0.000000 0.000000 0.065700 0.075800 0.000100 0.506900 0.075800 0.164600 0.000000 0.000000 0.000000 0.000000 0.000000 0.076500 0.385900 0.366600 0.000000 0.365400 0.279800 0.000000 0.150300 0.169900 0.379600 0.075300 0.164600 0.000000 0.000000
AfricanBuf 0.000000 0.372100 0.000000 0.250700 0.000000 0.000000 0.000000 0.000100 0.000000 0.365400 0.000000 0.000000 0.000000 0.000000 0.000000 0.000000 0.263900 0.167400 0.000000 0.000000 0.076500 0.069800 0.512600 0.279800 0.070900 0.000000 0.000000 0.065700 0.075800 0.000100 0.506900 0.075800 0.164600 0.000000 0.000000 0.000000 0.000000 0.000000 0.076500 0.385900 0.366600 0.000000 0.365400 0.279800 0.000000 0.150300 0.169900 0.379600 0.075300 0.164600 0.000000 0.000000
Topi 0.000000 0.372100 0.000000 0.250700 0.000000 0.000000 0.000000 0.000100 0.000000 0.365400 0.000000 0.000000 0.000000 0.000000 0.000000 0.000000 0.263900 0.167400 0.000000 0.000000 0.076500 0.069800 0.512600 0.279800 0.070900 0.000000 0.000000 0.065700 0.075800 0.000100 0.506900 0.075800 0.164600 0.000000 0.000000 0.000000 0.000000 0.000000 0.076500 0.385900 0.366600 0.000000 0.365400 0.279800 0.000000 0.150300 0.169900 0.379600 0.075300 0.164600 0.000000 0.000000
CommonDuik 0.000000 0.372100 0.000000 0.250700 0.000000 0.000000 0.000000 0.000100 0.000000 0.365400 0.000000 0.000000 0.000000 0.000000 0.000000 0.000000 0.263900 0.167400 0.000000 0.000000 0.076500 0.069800 0.512600 0.279800 0.070900 0.000000 0.000000 0.065700 0.075800 0.000100 0.506900 0.075800 0.164600 0.000000 0.000000 0.000000 0.000000 0.000000 0.076500 0.385900 0.366600 0.000000 0.365400 0.279800 0.000000 0.150300 0.169900 0.379600 0.075300 0.164600 0.000000 0.000000
Suni 0.000000 0.372100 0.000000 0.250700 0.000000 0.000000 0.000000 0.000100 0.000000 0.365400 0.000000 0.000000 0.000000 0.000000 0.000000 0.000000 0.263900 0.167400 0.000000 0.000000 0.076500 0.069800 0.512600 0.279800 0.070900 0.000000 0.000000 0.065700 0.075800 0.000100 0.506900 0.075800 0.164600 0.000000 0.000000 0.000000 0.000000 0.000000 0.076500 0.385900 0.366600 0.000000 0.365400 0.279800 0.000000 0.150300 0.169900 0.379600 0.075300 0.164600 0.000000 0.000000
Springbuck 0.000000 0.372100 0.000000 0.250700 0.000000 0.000000 0.000000 0.000100 0.000000 0.365400 0.000000 0.000000 0.000000 0.000000 0.000000 0.000000 0.263900 0.167400 0.000000 0.000000 0.076500 0.069800 0.512600 0.279800 0.070900 0.000000 0.000000 0.065700 0.075800 0.000100 0.506900 0.075800 0.164600 0.000000 0.000000 0.000000 0.000000 0.000000 0.076500 0.385900 0.366600 0.000000 0.365400 0.279800 0.000000 0.150300 0.169900 0.379600 0.075300 0.164600 0.000000 0.000000
Okapi 0.263900 0.286100 0.263900 0.172400 0.263900 0.263900 0.263900 0.269600 0.263900 0.280800 0.263900 0.263900 0.263900 0.263900 0.263900 0.263900 0.000000 0.087000 0.263900 0.263900 0.405000 0.361300 0.417600 0.192800 0.360500 0.263900 0.263900 0.332100 0.174200 0.272800 0.410400 0.174200 0.085500 0.263900 0.263900 0.263900 0.263900 0.263900 0.405000 0.297300 0.281900 0.263900 0.280800 0.192800 0.263900 0.261400 0.298100 0.519200 0.174300 0.085500 0.263900 0.263900
Giraffe 0.167400 0.176300 0.167400 0.081800 0.167400 0.167400 0.167400 0.169200 0.167400 0.176700 0.167400 0.167400 0.167400 0.167400 0.167400 0.167400 0.087000 0.000000 0.167400 0.167400 0.285600 0.256700 0.296800 0.090900 0.259000 0.167400 0.167400 0.237600 0.083400 0.170500 0.287900 0.083400 0.000100 0.167400 0.167400 0.167400 0.167400 0.167400 0.285600 0.187900 0.175800 0.167400 0.176700 0.090900 0.167400 0.164400 0.188500 0.406900 0.081500 0.000100 0.167400 0.167400
TibetanAnt 0.000000 0.372100 0.000000 0.250700 0.000000 0.000000 0.000000 0.000100 0.000000 0.365400 0.000000 0.000000 0.000000 0.000000 0.000000 0.000000 0.263900 0.167400 0.000000 0.000000 0.076500 0.069800 0.512600 0.279800 0.070900 0.000000 0.000000 0.065700 0.075800 0.000100 0.506900 0.075800 0.164600 0.000000 0.000000 0.000000 0.000000 0.000000 0.076500 0.385900 0.366600 0.000000 0.365400 0.279800 0.000000 0.150300 0.169900 0.379600 0.075300 0.164600 0.000000 0.000000
Sitatunga 0.000000 0.372100 0.000000 0.250700 0.000000 0.000000 0.000000 0.000100 0.000000 0.365400 0.000000 0.000000 0.000000 0.000000 0.000000 0.000000 0.263900 0.167400 0.000000 0.000000 0.076500 0.069800 0.512600 0.279800 0.070900 0.000000 0.000000 0.065700 0.075800 0.000100 0.506900 0.075800 0.164600 0.000000 0.000000 0.000000 0.000000 0.000000 0.076500 0.385900 0.366600 0.000000 0.365400 0.279800 0.000000 0.150300 0.169900 0.379600 0.075300 0.164600 0.000000 0.000000
Oribi 0.076500 0.553900 0.076500 0.382200 0.076500 0.076500 0.076500 0.078000 0.076500 0.272100 0.076500 0.076500 0.076500 0.076500 0.076500 0.076500 0.405000 0.285600 0.076500 0.076500 0.000000 0.155300 0.404100 0.185700 0.156600 0.076500 0.076500 0.144700 0.169900 0.078300 0.397900 0.169900 0.279800 0.076500 0.076500 0.076500 0.076500 0.076500 0.000000 0.287300 0.271600 0.076500 0.272100 0.185700 0.076500 0.252900 0.085200 0.515600 0.168200 0.279800 0.076500 0.076500
BarbaryShe 0.069800 0.485300 0.069800 0.343400 0.069800 0.069800 0.069800 0.071100 0.069800 0.472900 0.069800 0.069800 0.069800 0.069800 0.069800 0.069800 0.361300 0.256700 0.069800 0.069800 0.155300 0.000000 0.639200 0.384200 0.143000 0.069800 0.069800 0.132800 0.153700 0.071200 0.641000 0.153700 0.251700 0.069800 0.069800 0.069800 0.069800 0.069800 0.155300 0.496600 0.472400 0.069800 0.472900 0.384200 0.069800 0.230100 0.260200 0.405600 0.152800 0.251700 0.069800 0.069800
Daviddeer 0.512600 0.567400 0.512600 0.393400 0.512600 0.512600 0.512600 0.523300 0.512600 0.280500 0.512600 0.512600 0.512600 0.512600 0.512600 0.512600 0.417600 0.296800 0.512600 0.512600 0.404100 0.639200 0.000000 0.192800 0.645600 0.512600 0.512600 0.577900 0.403900 0.538000 0.406300 0.403900 0.289900 0.512600 0.512600 0.512600 0.512600 0.512600 0.404100 0.297100 0.281300 0.512600 0.280500 0.192800 0.512600 0.500600 0.300400 0.723100 0.397700 0.289900 0.512600 0.512600
Reindeer 0.279800 0.301700 0.279800 0.180400 0.279800 0.279800 0.279800 0.286000 0.279800 0.087100 0.279800 0.279800 0.279800 0.279800 0.279800 0.279800 0.192800 0.090900 0.279800 0.279800 0.185700 0.384200 0.192800 0.000000 0.383400 0.279800 0.279800 0.351700 0.184700 0.290000 0.187200 0.184700 0.089200 0.279800 0.279800 0.279800 0.279800 0.279800 0.185700 0.092500 0.087100 0.279800 0.087100 0.000000 0.279800 0.273800 0.092500 0.559300 0.182100 0.089200 0.279800 0.279800
Ibex 0.070900 0.479400 0.070900 0.343500 0.070900 0.070900 0.070900 0.072300 0.070900 0.467400 0.070900 0.070900 0.070900 0.070900 0.070900 0.070900 0.360500 0.259000 0.070900 0.070900 0.156600 0.143000 0.645600 0.383400 0.000000 0.070900 0.070900 0.134700 0.156000 0.072400 0.618900 0.156000 0.254200 0.070900 0.070900 0.070900 0.070900 0.070900 0.156600 0.492600 0.470400 0.070900 0.467400 0.383400 0.070900 0.231000 0.261700 0.469100 0.154500 0.254200 0.070900 0.070900
GyrantGaze 0.000000 0.372100 0.000000 0.250700 0.000000 0.000000 0.000000 0.000100 0.000000 0.365400 0.000000 0.000000 0.000000 0.000000 0.000000 0.000000 0.263900 0.167400 0.000000 0.000000 0.076500 0.069800 0.512600 0.279800 0.070900 0.000000 0.000000 0.065700 0.075800 0.000100 0.506900 0.075800 0.164600 0.000000 0.000000 0.000000 0.000000 0.000000 0.076500 0.385900 0.366600 0.000000 0.365400 0.279800 0.000000 0.150300 0.169900 0.379600 0.075300 0.164600 0.000000 0.000000
Hartebeest 0.000000 0.372100 0.000000 0.250700 0.000000 0.000000 0.000000 0.000100 0.000000 0.365400 0.000000 0.000000 0.000000 0.000000 0.000000 0.000000 0.263900 0.167400 0.000000 0.000000 0.076500 0.069800 0.512600 0.279800 0.070900 0.000000 0.000000 0.065700 0.075800 0.000100 0.506900 0.075800 0.164600 0.000000 0.000000 0.000000 0.000000 0.000000 0.076500 0.385900 0.366600 0.000000 0.365400 0.279800 0.000000 0.150300 0.169900 0.379600 0.075300 0.164600 0.000000 0.000000
Bongo 0.065700 0.441500 0.065700 0.316800 0.065700 0.065700 0.065700 0.066900 0.065700 0.430700 0.065700 0.065700 0.065700 0.065700 0.065700 0.065700 0.332100 0.237600 0.065700 0.065700 0.144700 0.132800 0.577900 0.351700 0.134700 0.065700 0.065700 0.000000 0.144000 0.067100 0.571700 0.144000 0.233900 0.065700 0.065700 0.065700 0.065700 0.065700 0.144700 0.454000 0.435100 0.065700 0.430700 0.351700 0.065700 0.213900 0.240800 0.438400 0.142700 0.233900 0.065700 0.065700
Gerenuk 0.075800 0.273700 0.075800 0.165600 0.075800 0.075800 0.075800 0.077400 0.075800 0.270000 0.075800 0.075800 0.075800 0.075800 0.075800 0.075800 0.174200 0.083400 0.075800 0.075800 0.169900 0.153700 0.403900 0.184700 0.156000 0.075800 0.075800 0.144000 0.000000 0.077600 0.394700 0.000000 0.082000 0.075800 0.075800 0.075800 0.075800 0.075800 0.169900 0.286900 0.272300 0.075800 0.270000 0.184700 0.075800 0.250700 0.084600 0.299500 0.167000 0.082000 0.075800 0.075800
CommonElan 0.000100 0.379700 0.000100 0.258300 0.000100 0.000100 0.000100 0.000200 0.000100 0.379900 0.000100 0.000100 0.000100 0.000100 0.000100 0.000100 0.272800 0.170500 0.000100 0.000100 0.078300 0.071200 0.538000 0.290000 0.072400 0.000100 0.000100 0.067100 0.077600 0.000000 0.533200 0.077600 0.169200 0.000100 0.000100 0.000100 0.000100 0.000100 0.078300 0.401900 0.376200 0.000100 0.379900 0.290000 0.000100 0.153800 0.174900 0.384500 0.076300 0.169200 0.000100 0.000100
MuntiacusR 0.506900 0.561200 0.506900 0.273600 0.506900 0.506900 0.506900 0.516000 0.506900 0.082200 0.506900 0.506900 0.506900 0.506900 0.506900 0.506900 0.410400 0.287900 0.506900 0.506900 0.397900 0.641000 0.406300 0.187200 0.618900 0.506900 0.506900 0.571700 0.394700 0.533200 0.000000 0.394700 0.282200 0.506900 0.506900 0.506900 0.506900 0.506900 0.397900 0.288800 0.272100 0.506900 0.082200 0.187200 0.506900 0.498800 0.292500 0.859100 0.391200 0.282200 0.506900 0.506900
HarveysDui 0.075800 0.273700 0.075800 0.165600 0.075800 0.075800 0.075800 0.077400 0.075800 0.270000 0.075800 0.075800 0.075800 0.075800 0.075800 0.075800 0.174200 0.083400 0.075800 0.075800 0.169900 0.153700 0.403900 0.184700 0.156000 0.075800 0.075800 0.144000 0.000000 0.077600 0.394700 0.000000 0.082000 0.075800 0.075800 0.075800 0.075800 0.075800 0.169900 0.286900 0.272300 0.075800 0.270000 0.184700 0.075800 0.250700 0.084600 0.299500 0.167000 0.082000 0.075800 0.075800
Pronghorn 0.164600 0.174900 0.164600 0.080400 0.164600 0.164600 0.164600 0.168100 0.164600 0.173700 0.164600 0.164600 0.164600 0.164600 0.164600 0.164600 0.085500 0.000100 0.164600 0.164600 0.279800 0.251700 0.289900 0.089200 0.254200 0.164600 0.164600 0.233900 0.082000 0.169200 0.282200 0.082000 0.000000 0.164600 0.164600 0.164600 0.164600 0.164600 0.279800 0.184300 0.174500 0.164600 0.173700 0.089200 0.164600 0.161600 0.184700 0.407300 0.081000 0.000000 0.164600 0.164600
BlueWildeb 0.000000 0.372100 0.000000 0.250700 0.000000 0.000000 0.000000 0.000100 0.000000 0.365400 0.000000 0.000000 0.000000 0.000000 0.000000 0.000000 0.263900 0.167400 0.000000 0.000000 0.076500 0.069800 0.512600 0.279800 0.070900 0.000000 0.000000 0.065700 0.075800 0.000100 0.506900 0.075800 0.164600 0.000000 0.000000 0.000000 0.000000 0.000000 0.076500 0.385900 0.366600 0.000000 0.365400 0.279800 0.000000 0.150300 0.169900 0.379600 0.075300 0.164600 0.000000 0.000000
Gemsbok 0.000000 0.372100 0.000000 0.250700 0.000000 0.000000 0.000000 0.000100 0.000000 0.365400 0.000000 0.000000 0.000000 0.000000 0.000000 0.000000 0.263900 0.167400 0.000000 0.000000 0.076500 0.069800 0.512600 0.279800 0.070900 0.000000 0.000000 0.065700 0.075800 0.000100 0.506900 0.075800 0.164600 0.000000 0.000000 0.000000 0.000000 0.000000 0.076500 0.385900 0.366600 0.000000 0.365400 0.279800 0.000000 0.150300 0.169900 0.379600 0.075300 0.164600 0.000000 0.000000
Yak 0.000000 0.372100 0.000000 0.250700 0.000000 0.000000 0.000000 0.000100 0.000000 0.365400 0.000000 0.000000 0.000000 0.000000 0.000000 0.000000 0.263900 0.167400 0.000000 0.000000 0.076500 0.069800 0.512600 0.279800 0.070900 0.000000 0.000000 0.065700 0.075800 0.000100 0.506900 0.075800 0.164600 0.000000 0.000000 0.000000 0.000000 0.000000 0.076500 0.385900 0.366600 0.000000 0.365400 0.279800 0.000000 0.150300 0.169900 0.379600 0.075300 0.164600 0.000000 0.000000
BlueSheep 0.000000 0.372100 0.000000 0.250700 0.000000 0.000000 0.000000 0.000100 0.000000 0.365400 0.000000 0.000000 0.000000 0.000000 0.000000 0.000000 0.263900 0.167400 0.000000 0.000000 0.076500 0.069800 0.512600 0.279800 0.070900 0.000000 0.000000 0.065700 0.075800 0.000100 0.506900 0.075800 0.164600 0.000000 0.000000 0.000000 0.000000 0.000000 0.076500 0.385900 0.366600 0.000000 0.365400 0.279800 0.000000 0.150300 0.169900 0.379600 0.075300 0.164600 0.000000 0.000000
BohorReedb 0.000000 0.372100 0.000000 0.250700 0.000000 0.000000 0.000000 0.000100 0.000000 0.365400 0.000000 0.000000 0.000000 0.000000 0.000000 0.000000 0.263900 0.167400 0.000000 0.000000 0.076500 0.069800 0.512600 0.279800 0.070900 0.000000 0.000000 0.065700 0.075800 0.000100 0.506900 0.075800 0.164600 0.000000 0.000000 0.000000 0.000000 0.000000 0.076500 0.385900 0.366600 0.000000 0.365400 0.279800 0.000000 0.150300 0.169900 0.379600 0.075300 0.164600 0.000000 0.000000
KirksDik 0.076500 0.553900 0.076500 0.382200 0.076500 0.076500 0.076500 0.078000 0.076500 0.272100 0.076500 0.076500 0.076500 0.076500 0.076500 0.076500 0.405000 0.285600 0.076500 0.076500 0.000000 0.155300 0.404100 0.185700 0.156600 0.076500 0.076500 0.144700 0.169900 0.078300 0.397900 0.169900 0.279800 0.076500 0.076500 0.076500 0.076500 0.076500 0.000000 0.287300 0.271600 0.076500 0.272100 0.185700 0.076500 0.252900 0.085200 0.515600 0.168200 0.279800 0.076500 0.076500
RoeDeer 0.385900 0.419400 0.385900 0.279500 0.385900 0.385900 0.385900 0.394100 0.385900 0.179000 0.385900 0.385900 0.385900 0.385900 0.385900 0.385900 0.297300 0.187900 0.385900 0.385900 0.287300 0.496600 0.297100 0.092500 0.492600 0.385900 0.385900 0.454000 0.286900 0.401900 0.288800 0.286900 0.184300 0.385900 0.385900 0.385900 0.385900 0.385900 0.287300 0.000000 0.179700 0.385900 0.179000 0.092500 0.385900 0.376900 0.190900 0.566100 0.282300 0.184300 0.385900 0.385900
WhiteLippe 0.366600 0.391900 0.366600 0.264800 0.366600 0.366600 0.366600 0.369600 0.366600 0.168900 0.366600 0.366600 0.366600 0.366600 0.366600 0.366600 0.281900 0.175800 0.366600 0.366600 0.271600 0.472400 0.281300 0.087100 0.470400 0.366600 0.366600 0.435100 0.272300 0.376200 0.272100 0.272300 0.174500 0.366600 0.366600 0.366600 0.366600 0.366600 0.271600 0.179700 0.000000 0.366600 0.168900 0.087100 0.366600 0.357200 0.180300 0.638600 0.264400 0.174500 0.366600 0.366600
ThomsonGaz 0.000000 0.372100 0.000000 0.250700 0.000000 0.000000 0.000000 0.000100 0.000000 0.365400 0.000000 0.000000 0.000000 0.000000 0.000000 0.000000 0.263900 0.167400 0.000000 0.000000 0.076500 0.069800 0.512600 0.279800 0.070900 0.000000 0.000000 0.065700 0.075800 0.000100 0.506900 0.075800 0.164600 0.000000 0.000000 0.000000 0.000000 0.000000 0.076500 0.385900 0.366600 0.000000 0.365400 0.279800 0.000000 0.150300 0.169900 0.379600 0.075300 0.164600 0.000000 0.000000
MuntiacusC 0.365400 0.395200 0.365400 0.264900 0.365400 0.365400 0.365400 0.372400 0.365400 0.000000 0.365400 0.365400 0.365400 0.365400 0.365400 0.365400 0.280800 0.176700 0.365400 0.365400 0.272100 0.472900 0.280500 0.087100 0.467400 0.365400 0.365400 0.430700 0.270000 0.379900 0.082200 0.270000 0.173700 0.365400 0.365400 0.365400 0.365400 0.365400 0.272100 0.179000 0.168900 0.365400 0.000000 0.087100 0.365400 0.359200 0.179700 0.657800 0.267300 0.173700 0.365400 0.365400
WhiteTaile 0.279800 0.301700 0.279800 0.180400 0.279800 0.279800 0.279800 0.286000 0.279800 0.087100 0.279800 0.279800 0.279800 0.279800 0.279800 0.279800 0.192800 0.090900 0.279800 0.279800 0.185700 0.384200 0.192800 0.000000 0.383400 0.279800 0.279800 0.351700 0.184700 0.290000 0.187200 0.184700 0.089200 0.279800 0.279800 0.279800 0.279800 0.279800 0.185700 0.092500 0.087100 0.279800 0.087100 0.000000 0.279800 0.273800 0.092500 0.559300 0.182100 0.089200 0.279800 0.279800
Cattle 0.000000 0.372100 0.000000 0.250700 0.000000 0.000000 0.000000 0.000100 0.000000 0.365400 0.000000 0.000000 0.000000 0.000000 0.000000 0.000000 0.263900 0.167400 0.000000 0.000000 0.076500 0.069800 0.512600 0.279800 0.070900 0.000000 0.000000 0.065700 0.075800 0.000100 0.506900 0.075800 0.164600 0.000000 0.000000 0.000000 0.000000 0.000000 0.076500 0.385900 0.366600 0.000000 0.365400 0.279800 0.000000 0.150300 0.169900 0.379600 0.075300 0.164600 0.000000 0.000000
RoyalAntel 0.150300 0.364500 0.150300 0.246700 0.150300 0.150300 0.150300 0.153100 0.150300 0.359200 0.150300 0.150300 0.150300 0.150300 0.150300 0.150300 0.261400 0.164400 0.150300 0.150300 0.252900 0.230100 0.500600 0.273800 0.231000 0.150300 0.150300 0.213900 0.250700 0.153800 0.498800 0.250700 0.161600 0.150300 0.150300 0.150300 0.150300 0.150300 0.252900 0.376900 0.357200 0.150300 0.359200 0.273800 0.150300 0.000000 0.382200 0.605100 0.074300 0.161600 0.150300 0.150300
Steenbok 0.169900 0.427900 0.169900 0.281800 0.169900 0.169900 0.169900 0.173500 0.169900 0.179700 0.169900 0.169900 0.169900 0.169900 0.169900 0.169900 0.298100 0.188500 0.169900 0.169900 0.085200 0.260200 0.300400 0.092500 0.261700 0.169900 0.169900 0.240800 0.084600 0.174900 0.292500 0.084600 0.184700 0.169900 0.169900 0.169900 0.169900 0.169900 0.085200 0.190900 0.180300 0.169900 0.179700 0.092500 0.169900 0.382200 0.000000 0.418800 0.284700 0.184700 0.169900 0.169900
Impala 0.379600 0.647100 0.379600 0.495700 0.379600 0.379600 0.379600 0.379900 0.379600 0.657800 0.379600 0.379600 0.379600 0.379600 0.379600 0.379600 0.519200 0.406900 0.379600 0.379600 0.515600 0.405600 0.723100 0.559300 0.469100 0.379600 0.379600 0.438400 0.299500 0.384500 0.859100 0.299500 0.407300 0.379600 0.379600 0.379600 0.379600 0.379600 0.515600 0.566100 0.638600 0.379600 0.657800 0.559300 0.379600 0.605100 0.418800 0.000000 0.498800 0.407300 0.379600 0.379600
Klipspring 0.075300 0.267000 0.075300 0.163900 0.075300 0.075300 0.075300 0.076100 0.075300 0.267300 0.075300 0.075300 0.075300 0.075300 0.075300 0.075300 0.174300 0.081500 0.075300 0.075300 0.168200 0.152800 0.397700 0.182100 0.154500 0.075300 0.075300 0.142700 0.167000 0.076300 0.391200 0.167000 0.081000 0.075300 0.075300 0.075300 0.075300 0.075300 0.168200 0.282300 0.264400 0.075300 0.267300 0.182100 0.075300 0.074300 0.284700 0.498800 0.000000 0.081000 0.075300 0.075300
ForestMusk 0.164600 0.174900 0.164600 0.080400 0.164600 0.164600 0.164600 0.168100 0.164600 0.173700 0.164600 0.164600 0.164600 0.164600 0.164600 0.164600 0.085500 0.000100 0.164600 0.164600 0.279800 0.251700 0.289900 0.089200 0.254200 0.164600 0.164600 0.233900 0.082000 0.169200 0.282200 0.082000 0.000000 0.164600 0.164600 0.164600 0.164600 0.164600 0.279800 0.184300 0.174500 0.164600 0.173700 0.089200 0.164600 0.161600 0.184700 0.407300 0.081000 0.000000 0.164600 0.164600
Bushbuck 0.000000 0.372100 0.000000 0.250700 0.000000 0.000000 0.000000 0.000100 0.000000 0.365400 0.000000 0.000000 0.000000 0.000000 0.000000 0.000000 0.263900 0.167400 0.000000 0.000000 0.076500 0.069800 0.512600 0.279800 0.070900 0.000000 0.000000 0.065700 0.075800 0.000100 0.506900 0.075800 0.164600 0.000000 0.000000 0.000000 0.000000 0.000000 0.076500 0.385900 0.366600 0.000000 0.365400 0.279800 0.000000 0.150300 0.169900 0.379600 0.075300 0.164600 0.000000 0.000000
GreaterKud 0.000000 0.372100 0.000000 0.250700 0.000000 0.000000 0.000000 0.000100 0.000000 0.365400 0.000000 0.000000 0.000000 0.000000 0.000000 0.000000 0.263900 0.167400 0.000000 0.000000 0.076500 0.069800 0.512600 0.279800 0.070900 0.000000 0.000000 0.065700 0.075800 0.000100 0.506900 0.075800 0.164600 0.000000 0.000000 0.000000 0.000000 0.000000 0.076500 0.385900 0.366600 0.000000 0.365400 0.279800 0.000000 0.150300 0.169900 0.379600 0.075300 0.164600 0.000000 0.000000
