1
52 1
Argali 0.000000 0.428200 0.129700 0.377700 0.116900 0.010000 0.150900 0.115700 0.140300 0.158300 0.039600 0.130100 0.124500 0.106200 0.131700 0.147700 0.154500 0.154200 0.082800 0.129700 0.137400 0.029900 0.125500 0.171600 0.029800 0.158000 0.104100 0.128800 0.136600 0.150600 0.158300 0.094600 0.160900 0.104100 0.104800 0.116600 0.050400 0.137200 0.159800 0.149600 0.138900 0.168700 0.147800 0.188500 0.106500 0.129300 0.160800 0.105400 0.150500 0.164800 0.129700 0.128800
LesserMous 0.428200 0.000000 0.413800 0.413600 0.461500 0.415700 0.447000 0.422900 0.395200 0.356300 0.389700 0.374500 0.429200 0.368800 0.376100 0.388300 0.424600 0.439700 0.433000 0.413800 0.392000 0.409900 0.360600 0.317900 0.377700 0.370600 0.405400 0.427500 0.370400 0.455000 0.356300 0.414500 0.360700 0.405400 0.407900 0.369600 0.379700 0.372400 0.420000 0.394900 0.367300 0.369600 0.344200 0.348800 0.358400 0.401700 0.406800 0.444700 0.412900 0.357800 0.413800 0.427500
LesserKudu 0.129700 0.413800 0.000000 0.321300 0.130100 0.119100 0.153700 0.139900 0.009500 0.149000 0.127300 0.108600 0.137300 0.119400 0.121900 0.115600 0.144800 0.144600 0.130600 0.000000 0.116900 0.117600 0.138900 0.138900 0.117000 0.148800 0.116700 0.020400 0.126300 0.040900 0.149000 0.107400 0.163900 0.116700 0.117500 0.118400 0.117900 0.150700 0.139200 0.163900 0.130000 0.159500 0.138400 0.179700 0.096900 0.143300 0.151500 0.141400 0.129700 0.192600 0.000000 0.020400
KillerWhal 0.377700 0.413600 0.321300 0.000000 0.378900 0.365600 0.394100 0.373100 0.333300 0.323800 0.370300 0.339400 0.309400 0.364400 0.313400 0.339400 0.389000 0.418600 0.366800 0.321300 0.372500 0.360300 0.370300 0.314600 0.358400 0.380200 0.287200 0.347600 0.368200 0.373000 0.323800 0.363800 0.388000 0.287200 0.317000 0.364100 0.332200 0.369700 0.399500 0.316400 0.363400 0.364100 0.312200 0.358000 0.353400 0.382700 0.387500 0.321300 0.348600 0.338000 0.321300 0.347600
DefassaWat 0.116900 0.461500 0.130100 0.378900 0.000000 0.106400 0.140400 0.116000 0.140800 0.147400 0.114800 0.119200 0.113900 0.095800 0.120600 0.114800 0.143200 0.143100 0.140600 0.130100 0.104600 0.105200 0.137500 0.160400 0.104600 0.125000 0.093600 0.152800 0.126300 0.175000 0.147400 0.084300 0.173800 0.093600 0.094300 0.140100 0.127900 0.082700 0.104100 0.162200 0.128700 0.135500 0.137000 0.201100 0.129900 0.118700 0.116200 0.128600 0.117000 0.202700 0.130100 0.152800
Sheep 0.010000 0.415700 0.119100 0.365600 0.106400 0.000000 0.140300 0.105300 0.129700 0.147900 0.029700 0.119400 0.114200 0.095700 0.120900 0.137300 0.143600 0.143400 0.072500 0.119100 0.127000 0.020000 0.115200 0.161000 0.019900 0.147600 0.093800 0.118200 0.126200 0.140000 0.147900 0.084200 0.150400 0.093800 0.094500 0.106200 0.040400 0.126800 0.149300 0.139100 0.128400 0.158300 0.137400 0.178200 0.096000 0.118700 0.150300 0.094900 0.139900 0.154000 0.119100 0.118200
MaxwellsDu 0.150900 0.447000 0.153700 0.394100 0.140400 0.140300 0.000000 0.150000 0.164500 0.182100 0.148200 0.165900 0.124900 0.106700 0.156000 0.148400 0.167500 0.179100 0.152000 0.153700 0.115400 0.138600 0.148500 0.172000 0.137900 0.158800 0.104400 0.152700 0.126200 0.174900 0.182100 0.095100 0.161300 0.104400 0.105200 0.151400 0.139000 0.160800 0.137500 0.173600 0.163600 0.169500 0.171400 0.189000 0.141100 0.129900 0.161600 0.151200 0.128000 0.214700 0.153700 0.152700
GazellaPrz 0.115700 0.422900 0.139900 0.373100 0.116000 0.105300 0.150000 0.000000 0.127500 0.134200 0.113600 0.117200 0.080500 0.083500 0.130500 0.060100 0.129400 0.106500 0.105000 0.139900 0.050200 0.082300 0.147400 0.169800 0.103500 0.070000 0.081800 0.162500 0.091900 0.173000 0.134200 0.094100 0.183300 0.081800 0.082400 0.104300 0.104400 0.092000 0.070800 0.171600 0.138400 0.080000 0.146400 0.210300 0.116700 0.128500 0.071200 0.126800 0.126400 0.212200 0.139900 0.162500
MountainNy 0.140300 0.395200 0.009500 0.333300 0.140800 0.129700 0.164500 0.127500 0.000000 0.159500 0.137700 0.119300 0.147700 0.130100 0.132700 0.103800 0.155700 0.155500 0.141300 0.010100 0.104900 0.128100 0.149400 0.149400 0.127400 0.136400 0.127100 0.030600 0.114300 0.051000 0.159500 0.118000 0.174600 0.127100 0.128000 0.129000 0.128500 0.138100 0.126900 0.174600 0.140700 0.147000 0.148900 0.190200 0.107400 0.154000 0.138900 0.152100 0.140300 0.203700 0.010100 0.030600
MuntiacusM 0.158300 0.356300 0.149000 0.323800 0.147400 0.147900 0.182100 0.134200 0.159500 0.000000 0.133400 0.104600 0.154300 0.137000 0.139900 0.132900 0.139200 0.138900 0.159400 0.149000 0.122900 0.146100 0.049500 0.070000 0.123400 0.142800 0.134100 0.171300 0.144400 0.193100 0.019300 0.125200 0.168800 0.134100 0.135000 0.113900 0.146500 0.144600 0.144300 0.091700 0.040100 0.131500 0.009700 0.108900 0.104100 0.160600 0.145300 0.158900 0.124900 0.196800 0.149000 0.171300
goat 0.039600 0.389700 0.127300 0.370300 0.114800 0.029700 0.148200 0.113600 0.137700 0.133400 0.000000 0.127700 0.122300 0.104200 0.129300 0.145100 0.151600 0.151300 0.081300 0.127300 0.135000 0.029400 0.101700 0.145900 0.009000 0.155200 0.102300 0.126500 0.134200 0.147900 0.133400 0.092900 0.135600 0.102300 0.103000 0.114500 0.049500 0.134800 0.156900 0.146900 0.114300 0.165700 0.123200 0.163000 0.104500 0.126900 0.157900 0.103500 0.147800 0.161700 0.127300 0.126500
AfricanBuf 0.130100 0.374500 0.108600 0.339400 0.119200 0.119400 0.165900 0.117200 0.119300 0.104600 0.127700 0.000000 0.137800 0.096800 0.122300 0.116000 0.121600 0.098100 0.131000 0.108600 0.105700 0.118000 0.116700 0.116800 0.117300 0.126300 0.117000 0.131100 0.150800 0.153200 0.104600 0.107800 0.176100 0.117000 0.117900 0.063000 0.118300 0.151100 0.127800 0.118100 0.107600 0.114700 0.094200 0.157600 0.042000 0.143700 0.106000 0.118700 0.118500 0.168600 0.108600 0.131100
Topi 0.124500 0.429200 0.137300 0.309400 0.113900 0.114200 0.124900 0.080500 0.147700 0.154300 0.122300 0.137800 0.000000 0.103700 0.128100 0.122100 0.127200 0.127000 0.103100 0.137300 0.112200 0.091200 0.144500 0.144500 0.112300 0.132100 0.019500 0.159400 0.133500 0.169800 0.132000 0.092400 0.179900 0.019500 0.060100 0.124400 0.113200 0.133700 0.133600 0.145800 0.136000 0.142400 0.144000 0.184000 0.137100 0.126200 0.134400 0.124800 0.124400 0.183900 0.137300 0.159400
CommonDuik 0.106200 0.368800 0.119400 0.364400 0.095800 0.095700 0.106700 0.083500 0.130100 0.137000 0.104200 0.096800 0.103700 0.000000 0.109700 0.082600 0.132300 0.108800 0.106900 0.119400 0.072400 0.094600 0.104500 0.149800 0.094100 0.092700 0.083300 0.118600 0.093700 0.140500 0.137000 0.052100 0.094200 0.083300 0.074600 0.084200 0.072900 0.093800 0.093900 0.128100 0.118100 0.103100 0.126500 0.167300 0.074000 0.085400 0.072500 0.106300 0.106400 0.166700 0.119400 0.118600
Suni 0.131700 0.376100 0.121900 0.313400 0.120600 0.120900 0.156000 0.130500 0.132700 0.139900 0.129300 0.122300 0.128100 0.109700 0.000000 0.129100 0.135200 0.135000 0.132700 0.121900 0.118600 0.119400 0.129700 0.153200 0.118800 0.139600 0.107200 0.144900 0.141100 0.167400 0.139900 0.097700 0.166300 0.107200 0.108000 0.132000 0.119700 0.118100 0.141200 0.154700 0.120600 0.150400 0.129300 0.194700 0.121600 0.133700 0.142200 0.075100 0.131600 0.146000 0.121900 0.144900
Springbuck 0.147700 0.388300 0.115600 0.339400 0.114800 0.137300 0.148400 0.060100 0.103800 0.132900 0.145100 0.116000 0.122100 0.082600 0.129100 0.000000 0.128300 0.127900 0.148700 0.115600 0.029500 0.135700 0.145400 0.168100 0.135000 0.029100 0.102100 0.137500 0.049500 0.159000 0.155200 0.093000 0.158300 0.102100 0.102800 0.114500 0.136000 0.070100 0.070000 0.169900 0.136800 0.038800 0.144900 0.208200 0.104500 0.127100 0.070400 0.148000 0.125300 0.185300 0.115600 0.137500
Okapi 0.154500 0.424600 0.144800 0.389000 0.143200 0.143600 0.167500 0.129400 0.155700 0.139200 0.151600 0.121600 0.127200 0.132300 0.135200 0.128300 0.000000 0.064700 0.131600 0.144800 0.140800 0.118400 0.129000 0.152400 0.141100 0.138800 0.129300 0.168000 0.140300 0.178800 0.116300 0.120000 0.165400 0.129300 0.130200 0.108000 0.142200 0.140600 0.163700 0.153900 0.119900 0.149600 0.128600 0.193800 0.120900 0.132600 0.141100 0.155000 0.154300 0.194700 0.144800 0.168000
Giraffe 0.154200 0.439700 0.144600 0.418600 0.143100 0.143400 0.179100 0.106500 0.155500 0.138900 0.151300 0.098100 0.127000 0.108800 0.135000 0.127900 0.064700 0.000000 0.131400 0.144600 0.117600 0.118300 0.128700 0.151900 0.140900 0.138400 0.129100 0.167900 0.163500 0.178700 0.116000 0.119900 0.188900 0.129100 0.130100 0.085300 0.142000 0.163800 0.140100 0.153600 0.119700 0.149200 0.128300 0.193200 0.097600 0.156600 0.117800 0.154600 0.154100 0.194300 0.144600 0.167900
TibetanAnt 0.082800 0.433000 0.130600 0.366800 0.140600 0.072500 0.152000 0.105000 0.141300 0.159400 0.081300 0.131000 0.103100 0.106900 0.132700 0.148700 0.131600 0.131400 0.000000 0.130600 0.138400 0.050600 0.126300 0.172700 0.071300 0.159100 0.104800 0.129700 0.137600 0.140300 0.136300 0.095200 0.162100 0.104800 0.105500 0.094900 0.061400 0.161200 0.161000 0.150700 0.139800 0.169900 0.148800 0.189800 0.107200 0.130200 0.162000 0.106000 0.151600 0.166000 0.130600 0.129700
Sitatunga 0.129700 0.413800 0.000000 0.321300 0.130100 0.119100 0.153700 0.139900 0.010100 0.149000 0.127300 0.108600 0.137300 0.119400 0.121900 0.115600 0.144800 0.144600 0.130600 0.000000 0.116900 0.117600 0.138900 0.138900 0.117000 0.148800 0.116700 0.020400 0.126300 0.040900 0.149000 0.107400 0.163900 0.116700 0.117500 0.118400 0.117900 0.150700 0.139200 0.163900 0.130000 0.159500 0.138400 0.179700 0.096900 0.143300 0.151500 0.141400 0.129700 0.192600 0.000000 0.020400
Oribi 0.137400 0.392000 0.116900 0.372500 0.104600 0.127000 0.115400 0.050200 0.104900 0.122900 0.135000 0.105700 0.112200 0.072400 0.118600 0.029500 0.140800 0.117600 0.138400 0.116900 0.000000 0.125500 0.135300 0.157900 0.124800 0.039200 0.092100 0.139000 0.049900 0.160800 0.145200 0.082900 0.147600 0.080900 0.092800 0.115200 0.125900 0.081100 0.039700 0.159600 0.126600 0.049100 0.134800 0.198100 0.105200 0.116800 0.060500 0.137700 0.093000 0.174800 0.116900 0.139000
BarbaryShe 0.029900 0.409900 0.117600 0.360300 0.105200 0.020000 0.138600 0.082300 0.128100 0.146100 0.029400 0.118000 0.091200 0.094600 0.119400 0.135700 0.118400 0.118300 0.050600 0.117600 0.125500 0.000000 0.113800 0.158900 0.019600 0.145900 0.092700 0.116900 0.124800 0.127300 0.123600 0.083200 0.148600 0.092700 0.093400 0.082900 0.039900 0.125300 0.147700 0.137400 0.126700 0.156500 0.135700 0.176000 0.094800 0.117200 0.148500 0.093700 0.138300 0.152000 0.117600 0.116900
Daviddeer 0.125500 0.360600 0.138900 0.370300 0.137500 0.115200 0.148500 0.147400 0.149400 0.049500 0.101700 0.116700 0.144500 0.104500 0.129700 0.145400 0.129000 0.128700 0.126300 0.138900 0.135300 0.113800 0.000000 0.060200 0.091800 0.155600 0.124300 0.137900 0.134500 0.159400 0.049500 0.093100 0.135900 0.124300 0.125100 0.103700 0.114100 0.157500 0.157200 0.060600 0.030200 0.166100 0.039600 0.078400 0.093800 0.127300 0.158300 0.125900 0.137200 0.162400 0.138900 0.137900
Reindeer 0.171600 0.317900 0.138900 0.314600 0.160400 0.161000 0.172000 0.169800 0.149400 0.070000 0.145900 0.116800 0.144500 0.149800 0.153200 0.168100 0.152400 0.151900 0.172700 0.138900 0.157900 0.158900 0.060200 0.000000 0.135700 0.178300 0.124300 0.161200 0.180300 0.183000 0.070000 0.137800 0.182200 0.124300 0.125100 0.126100 0.159300 0.180700 0.180100 0.081800 0.071900 0.166000 0.060100 0.038600 0.116200 0.150700 0.181500 0.172400 0.137300 0.186900 0.138900 0.161200
Ibex 0.029800 0.377700 0.117000 0.358400 0.104600 0.019900 0.137900 0.103500 0.127400 0.123400 0.009000 0.117300 0.112300 0.094100 0.118800 0.135000 0.141100 0.140900 0.071300 0.117000 0.124800 0.019600 0.091800 0.135700 0.000000 0.145100 0.092200 0.116200 0.124100 0.137600 0.123400 0.082800 0.125400 0.092200 0.092900 0.104300 0.039700 0.124700 0.146800 0.136700 0.104100 0.155700 0.113200 0.153000 0.094300 0.116600 0.147700 0.093300 0.137500 0.151300 0.117000 0.116200
GyrantGaze 0.158000 0.370600 0.148800 0.380200 0.125000 0.147600 0.158800 0.070000 0.136400 0.142800 0.155200 0.126300 0.132100 0.092700 0.139600 0.029100 0.138800 0.138400 0.159100 0.148800 0.039200 0.145900 0.155600 0.178300 0.145100 0.000000 0.112100 0.171100 0.059300 0.193100 0.165300 0.103200 0.168600 0.112100 0.112900 0.135700 0.146300 0.080100 0.080000 0.180200 0.147100 0.028700 0.155000 0.218300 0.125700 0.137500 0.080300 0.158300 0.135500 0.172300 0.148800 0.171100
Hartebeest 0.104100 0.405400 0.116700 0.287200 0.093600 0.093800 0.104400 0.081800 0.127100 0.134100 0.102300 0.117000 0.019500 0.083300 0.107200 0.102100 0.129300 0.129100 0.104800 0.116700 0.092100 0.092700 0.124300 0.124300 0.092200 0.112100 0.000000 0.138700 0.113300 0.160400 0.134100 0.072200 0.159300 0.000000 0.040200 0.126500 0.092900 0.113500 0.113400 0.125400 0.115500 0.122400 0.123900 0.164000 0.116400 0.105600 0.114100 0.104300 0.104100 0.162900 0.116700 0.138700
Bongo 0.128800 0.427500 0.020400 0.347600 0.152800 0.118200 0.152700 0.162500 0.030600 0.171300 0.126500 0.131100 0.159400 0.118600 0.144900 0.137500 0.168000 0.167900 0.129700 0.020400 0.139000 0.116900 0.137900 0.161200 0.116200 0.171100 0.138700 0.000000 0.125500 0.020200 0.171300 0.106700 0.139700 0.138700 0.117100 0.117600 0.117200 0.173300 0.161700 0.162700 0.152600 0.182000 0.160600 0.178400 0.096200 0.142200 0.174300 0.140400 0.152300 0.191100 0.020400 0.000000
Gerenuk 0.136600 0.370400 0.126300 0.368200 0.126300 0.126200 0.126200 0.091900 0.114300 0.144400 0.134200 0.150800 0.133500 0.093700 0.141100 0.049500 0.140300 0.163500 0.137600 0.126300 0.049900 0.124800 0.134500 0.180300 0.124100 0.059300 0.113300 0.125500 0.000000 0.146700 0.167100 0.082400 0.136100 0.113300 0.114100 0.137000 0.125100 0.080900 0.091500 0.158600 0.148700 0.069200 0.156700 0.196900 0.127000 0.116100 0.102600 0.136900 0.125900 0.173700 0.126300 0.125500
CommonElan 0.150600 0.455000 0.040900 0.373000 0.175000 0.140000 0.174900 0.173000 0.051000 0.193100 0.147900 0.153200 0.169800 0.140500 0.167400 0.159000 0.178800 0.178700 0.140300 0.040900 0.160800 0.127300 0.159400 0.183000 0.137600 0.193100 0.160400 0.020200 0.146700 0.000000 0.181600 0.128300 0.161600 0.160400 0.138700 0.128100 0.138800 0.195500 0.183900 0.184700 0.174700 0.204000 0.182300 0.199900 0.117800 0.164400 0.196600 0.162200 0.174400 0.214100 0.040900 0.020200
MuntiacusR 0.158300 0.356300 0.149000 0.323800 0.147400 0.147900 0.182100 0.134200 0.159500 0.019300 0.133400 0.104600 0.132000 0.137000 0.139900 0.155200 0.116300 0.116000 0.136300 0.149000 0.145200 0.123600 0.049500 0.070000 0.123400 0.165300 0.134100 0.171300 0.167100 0.181600 0.000000 0.125200 0.168800 0.134100 0.135000 0.092100 0.146500 0.167400 0.167000 0.091700 0.040100 0.153600 0.009700 0.108900 0.104100 0.160600 0.168200 0.158900 0.124900 0.196800 0.149000 0.171300
HarveysDui 0.094600 0.414500 0.107400 0.363800 0.084300 0.084200 0.095100 0.094100 0.118000 0.125200 0.092900 0.107800 0.092400 0.052100 0.097700 0.093000 0.120000 0.119900 0.095200 0.107400 0.082900 0.083200 0.093100 0.137800 0.082800 0.103200 0.072200 0.106700 0.082400 0.128300 0.125200 0.000000 0.105100 0.072200 0.072700 0.094900 0.083400 0.104500 0.104500 0.116300 0.106300 0.113600 0.114900 0.155200 0.084700 0.074000 0.105100 0.094700 0.094800 0.153900 0.107400 0.106700
Pronghorn 0.160900 0.360700 0.163900 0.388000 0.173800 0.150400 0.161300 0.183300 0.174600 0.168800 0.135600 0.176100 0.179900 0.094200 0.166300 0.158300 0.165400 0.188900 0.162100 0.163900 0.147600 0.148600 0.135900 0.182200 0.125400 0.168600 0.159300 0.139700 0.136100 0.161600 0.168800 0.105100 0.000000 0.159300 0.137700 0.161400 0.126100 0.147400 0.170100 0.183600 0.150300 0.179300 0.158300 0.199000 0.151300 0.163300 0.171100 0.161300 0.160900 0.224900 0.163900 0.139700
BlueWildeb 0.104100 0.405400 0.116700 0.287200 0.093600 0.093800 0.104400 0.081800 0.127100 0.134100 0.102300 0.117000 0.019500 0.083300 0.107200 0.102100 0.129300 0.129100 0.104800 0.116700 0.080900 0.092700 0.124300 0.124300 0.092200 0.112100 0.000000 0.138700 0.113300 0.160400 0.134100 0.072200 0.159300 0.000000 0.040200 0.126500 0.092900 0.113500 0.113400 0.125400 0.115500 0.122400 0.123900 0.164000 0.116400 0.105600 0.114100 0.104300 0.104100 0.162900 0.116700 0.138700
Gemsbok 0.104800 0.407900 0.117500 0.317000 0.094300 0.094500 0.105200 0.082400 0.128000 0.135000 0.103000 0.117900 0.060100 0.074600 0.108000 0.102800 0.130200 0.130100 0.105500 0.117500 0.092800 0.093400 0.125100 0.125100 0.092900 0.112900 0.040200 0.117100 0.114100 0.138700 0.135000 0.072700 0.137700 0.040200 0.000000 0.127400 0.093600 0.114300 0.114300 0.149200 0.116300 0.123300 0.124700 0.165100 0.117300 0.106400 0.114900 0.105100 0.104800 0.188400 0.117500 0.117100
Yak 0.116600 0.369600 0.118400 0.364100 0.140100 0.106200 0.151400 0.104300 0.129000 0.113900 0.114500 0.063000 0.124400 0.084200 0.132000 0.114500 0.108000 0.085300 0.094900 0.118400 0.115200 0.082900 0.103700 0.126100 0.104300 0.135700 0.126500 0.117600 0.137000 0.128100 0.092100 0.094900 0.161400 0.126500 0.127400 0.000000 0.105200 0.160500 0.137300 0.104900 0.117200 0.124000 0.103600 0.143800 0.020300 0.129600 0.138100 0.127900 0.128100 0.153700 0.118400 0.117600
BlueSheep 0.050400 0.379700 0.117900 0.332200 0.127900 0.040400 0.139000 0.104400 0.128500 0.146500 0.049500 0.118300 0.113200 0.072900 0.119700 0.136000 0.142200 0.142000 0.061400 0.117900 0.125900 0.039900 0.114100 0.159300 0.039700 0.146300 0.092900 0.117200 0.125100 0.138800 0.146500 0.083400 0.126100 0.092900 0.093600 0.105200 0.000000 0.125300 0.148100 0.137800 0.127100 0.156900 0.136100 0.176500 0.095100 0.117600 0.126000 0.094000 0.138600 0.152500 0.117900 0.117200
BohorReedb 0.137200 0.372400 0.150700 0.369700 0.082700 0.126800 0.160800 0.092000 0.138100 0.144600 0.134800 0.151100 0.133700 0.093800 0.118100 0.070100 0.140600 0.163800 0.161200 0.150700 0.081100 0.125300 0.157500 0.180700 0.124700 0.080100 0.113500 0.173300 0.080900 0.195500 0.167400 0.104500 0.147400 0.113500 0.114300 0.160500 0.125300 0.000000 0.102200 0.182600 0.149000 0.090100 0.157000 0.221100 0.150400 0.139200 0.081200 0.160400 0.137200 0.198500 0.150700 0.173300
KirksDik 0.159800 0.420000 0.139200 0.399500 0.104100 0.149300 0.137500 0.070800 0.126900 0.144300 0.156900 0.127800 0.133600 0.093900 0.141200 0.070000 0.163700 0.140100 0.161000 0.139200 0.039700 0.147700 0.157200 0.180100 0.146800 0.080000 0.113400 0.161700 0.091500 0.183900 0.167000 0.104500 0.170100 0.113400 0.114300 0.137300 0.148100 0.102200 0.000000 0.182100 0.148800 0.090000 0.156600 0.197400 0.127200 0.139100 0.081300 0.159900 0.114400 0.223100 0.139200 0.161700
RoeDeer 0.149600 0.394900 0.163900 0.316400 0.162200 0.139100 0.173600 0.171600 0.174600 0.091700 0.146900 0.118100 0.145800 0.128100 0.154700 0.169900 0.153900 0.153600 0.150700 0.163900 0.159600 0.137400 0.060600 0.081800 0.136700 0.180200 0.125400 0.162700 0.158600 0.184700 0.091700 0.116300 0.183600 0.125400 0.149200 0.104900 0.137800 0.182600 0.182100 0.000000 0.094200 0.168000 0.081600 0.099900 0.094900 0.151800 0.183500 0.150100 0.138800 0.163900 0.163900 0.162700
WhiteLippe 0.138900 0.367300 0.130000 0.363400 0.128700 0.128400 0.163600 0.138400 0.140700 0.040100 0.114300 0.107600 0.136000 0.118100 0.120600 0.136800 0.119900 0.119700 0.139800 0.130000 0.126600 0.126700 0.030200 0.071900 0.104100 0.147100 0.115500 0.152600 0.148700 0.174700 0.040100 0.106300 0.150300 0.115500 0.116300 0.117200 0.127100 0.149000 0.148800 0.094200 0.000000 0.157800 0.030100 0.111600 0.107000 0.141800 0.149900 0.140200 0.128500 0.178200 0.130000 0.152600
ThomsonGaz 0.168700 0.369600 0.159500 0.364100 0.135500 0.158300 0.169500 0.080000 0.147000 0.131500 0.165700 0.114700 0.142400 0.103100 0.150400 0.038800 0.149600 0.149200 0.169900 0.159500 0.049100 0.156500 0.166100 0.166000 0.155700 0.028700 0.122400 0.182000 0.069200 0.204000 0.153600 0.113600 0.179300 0.122400 0.123300 0.124000 0.156900 0.090100 0.090000 0.168000 0.157800 0.000000 0.143400 0.206000 0.114200 0.148200 0.090400 0.169000 0.124000 0.207100 0.159500 0.182000
MuntiacusC 0.147800 0.344200 0.138400 0.312200 0.137000 0.137400 0.171400 0.146400 0.148900 0.009700 0.123200 0.094200 0.144000 0.126500 0.129300 0.144900 0.128600 0.128300 0.148800 0.138400 0.134800 0.135700 0.039600 0.060100 0.113200 0.155000 0.123900 0.160600 0.156700 0.182300 0.009700 0.114900 0.158300 0.123900 0.124700 0.103600 0.136100 0.157000 0.156600 0.081600 0.030100 0.143400 0.000000 0.099000 0.093700 0.150000 0.157800 0.148400 0.114500 0.185900 0.138400 0.160600
WhiteTaile 0.188500 0.348800 0.179700 0.358000 0.201100 0.178200 0.189000 0.210300 0.190200 0.108900 0.163000 0.157600 0.184000 0.167300 0.194700 0.208200 0.193800 0.193200 0.189800 0.179700 0.198100 0.176000 0.078400 0.038600 0.153000 0.218300 0.164000 0.178400 0.196900 0.199900 0.108900 0.155200 0.199000 0.164000 0.165100 0.143800 0.176500 0.221100 0.197400 0.099900 0.111600 0.206000 0.099000 0.000000 0.134100 0.168100 0.222100 0.189200 0.177700 0.203800 0.179700 0.178400
Cattle 0.106500 0.358400 0.096900 0.353400 0.129900 0.096000 0.141100 0.116700 0.107400 0.104100 0.104500 0.042000 0.137100 0.074000 0.121600 0.104500 0.120900 0.097600 0.107200 0.096900 0.105200 0.094800 0.093800 0.116200 0.094300 0.125700 0.116400 0.096200 0.127000 0.117800 0.104100 0.084700 0.151300 0.116400 0.117300 0.020300 0.095100 0.150400 0.127200 0.094900 0.107000 0.114200 0.093700 0.134100 0.000000 0.119400 0.128000 0.117800 0.117900 0.143300 0.096900 0.096200
RoyalAntel 0.129300 0.401700 0.143300 0.382700 0.118700 0.118700 0.129900 0.128500 0.154000 0.160600 0.126900 0.143700 0.126200 0.085400 0.133700 0.127100 0.132600 0.156600 0.130200 0.143300 0.116800 0.117200 0.127300 0.150700 0.116600 0.137500 0.105600 0.142200 0.116100 0.164400 0.160600 0.074000 0.163300 0.105600 0.106400 0.129600 0.117600 0.139200 0.139100 0.151800 0.141800 0.148200 0.150000 0.168100 0.119400 0.000000 0.140000 0.129600 0.129600 0.167500 0.143300 0.142200
Steenbok 0.160800 0.406800 0.151500 0.387500 0.116200 0.150300 0.161600 0.071200 0.138900 0.145300 0.157900 0.106000 0.134400 0.072500 0.142200 0.070400 0.141100 0.117800 0.162000 0.151500 0.060500 0.148500 0.158300 0.181500 0.147700 0.080300 0.114100 0.174300 0.102600 0.196600 0.168200 0.105100 0.171100 0.114100 0.114900 0.138100 0.126000 0.081200 0.081300 0.183500 0.149900 0.090400 0.157800 0.222100 0.128000 0.140000 0.000000 0.138000 0.137900 0.224800 0.151500 0.174300
Impala 0.105400 0.444700 0.141400 0.321300 0.128600 0.094900 0.151200 0.126800 0.152100 0.158900 0.103500 0.118700 0.124800 0.106300 0.075100 0.148000 0.155000 0.154600 0.106000 0.141400 0.137700 0.093700 0.125900 0.172400 0.093300 0.158300 0.104300 0.140400 0.136900 0.162200 0.158900 0.094700 0.161300 0.104300 0.105100 0.127900 0.094000 0.160400 0.159900 0.150100 0.140200 0.169000 0.148400 0.189200 0.117800 0.129600 0.138000 0.000000 0.150800 0.165400 0.141400 0.140400
Klipspring 0.150500 0.412900 0.129700 0.348600 0.117000 0.139900 0.128000 0.126400 0.140300 0.124900 0.147800 0.118500 0.124400 0.106400 0.131600 0.125300 0.154300 0.154100 0.151600 0.129700 0.093000 0.138300 0.137200 0.137300 0.137500 0.135500 0.104100 0.152300 0.125900 0.174400 0.124900 0.094800 0.160900 0.104100 0.104800 0.128100 0.138600 0.137200 0.114400 0.138800 0.128500 0.124000 0.114500 0.177700 0.117900 0.129600 0.137900 0.150800 0.000000 0.214000 0.129700 0.152300
ForestMusk 0.164800 0.357800 0.192600 0.338000 0.202700 0.154000 0.214700 0.212200 0.203700 0.196800 0.161700 0.168600 0.183900 0.166700 0.146000 0.185300 0.194700 0.194300 0.166000 0.192600 0.174800 0.152000 0.162400 0.186900 0.151300 0.172300 0.162900 0.191100 0.173700 0.214100 0.196800 0.153900 0.224900 0.162900 0.188400 0.153700 0.152500 0.198500 0.223100 0.163900 0.178200 0.207100 0.185900 0.203800 0.143300 0.167500 0.224800 0.165400 0.214000 0.000000 0.192600 0.191100
Bushbuck 0.129700 0.413800 0.000000 0.321300 0.130100 0.119100 0.153700 0.139900 0.010100 0.149000 0.127300 0.108600 0.137300 0.119400 0.121900 0.115600 0.144800 0.144600 0.130600 0.000000 0.116900 0.117600 0.138900 0.138900 0.117000 0.148800 0.116700 0.020400 0.126300 0.040900 0.149000 0.107400 0.163900 0.116700 0.117500 0.118400 0.117900 0.150700 0.139200 0.163900 0.130000 0.159500 0.138400 0.179700 0.096900 0.143300 0.151500 0.141400 0.129700 0.192600 0.000000 0.020400
GreaterKud 0.128800 0.427500 0.020400 0.347600 0.152800 0.118200 0.152700 0.162500 0.030600 0.171300 0.126500 0.131100 0.159400 0.118600 0.144900 0.137500 0.168000 0.167900 0.129700 0.020400 0.139000 0.116900 0.137900 0.161200 0.116200 0.171100 0.138700 0.000000 0.125500 0.020200 0.171300 0.106700 0.139700 0.138700 0.117100 0.117600 0.117200 0.173300 0.161700 0.162700 0.152600 0.182000 0.160600 0.178400 0.096200 0.142200 0.174300 0.140400 0.152300 0.191100 0.020400 0.000000
