1
52 1
Argali 0.000000 0.245300 0.072900 0.244400 0.056600 0.012300 0.075900 0.067500 0.081000 0.096000 0.030500 0.084400 0.048700 0.064800 0.053900 0.051600 0.088800 0.078100 0.043400 0.078400 0.054300 0.027900 0.102800 0.134800 0.030500 0.046300 0.051300 0.078300 0.056500 0.078500 0.090600 0.072700 0.088800 0.040800 0.048700 0.089200 0.030400 0.046100 0.062000 0.137900 0.102800 0.048700 0.096000 0.117000 0.094900 0.064400 0.056900 0.075700 0.067000 0.087200 0.078100 0.064800
LesserMous 0.245300 0.000000 0.263700 0.242400 0.252100 0.242100 0.260700 0.260000 0.252700 0.264100 0.253800 0.255500 0.239400 0.253200 0.232200 0.254200 0.220600 0.227900 0.242400 0.263900 0.250900 0.236300 0.271000 0.299500 0.246700 0.243200 0.242400 0.256400 0.265100 0.264700 0.247100 0.262500 0.242200 0.232500 0.245500 0.266100 0.252500 0.246000 0.262700 0.296800 0.271200 0.238500 0.264200 0.259800 0.266500 0.253900 0.256700 0.256900 0.253900 0.247600 0.260300 0.252900
LesserKudu 0.072900 0.263700 0.000000 0.244800 0.083900 0.064900 0.092800 0.081100 0.025200 0.102000 0.067900 0.062800 0.067400 0.081400 0.075700 0.065000 0.097500 0.094900 0.075700 0.017600 0.067700 0.070500 0.117700 0.135400 0.067800 0.070300 0.070000 0.017600 0.070100 0.020200 0.105200 0.078500 0.103200 0.059100 0.078500 0.057000 0.073000 0.073100 0.075500 0.132300 0.111900 0.067300 0.102100 0.117500 0.062500 0.083600 0.059600 0.092600 0.089000 0.098800 0.022200 0.020100
KillerWhal 0.244400 0.242400 0.244800 0.000000 0.251200 0.234500 0.253700 0.249100 0.237800 0.269300 0.235700 0.260900 0.231900 0.258800 0.237900 0.236400 0.245900 0.246300 0.241000 0.237800 0.243400 0.228800 0.258100 0.304000 0.232200 0.246000 0.238200 0.234700 0.250600 0.238500 0.251800 0.255000 0.264900 0.230600 0.237800 0.255200 0.244600 0.234800 0.248300 0.297200 0.260600 0.235000 0.268600 0.288600 0.262200 0.253100 0.239200 0.244500 0.253800 0.264400 0.248300 0.231300
DefassaWat 0.056600 0.252100 0.083900 0.251200 0.000000 0.054000 0.078700 0.075700 0.083800 0.104500 0.056900 0.090000 0.051400 0.067500 0.056600 0.059600 0.091600 0.094700 0.054000 0.086700 0.062400 0.054200 0.111500 0.138000 0.056900 0.054300 0.059300 0.083900 0.059200 0.087000 0.101900 0.070100 0.105800 0.054000 0.051400 0.097700 0.062000 0.025300 0.070200 0.141200 0.105800 0.062000 0.104600 0.125900 0.103400 0.059100 0.056900 0.070300 0.075100 0.095700 0.086400 0.072900
Sheep 0.012300 0.242100 0.064900 0.234500 0.054000 0.000000 0.067800 0.059500 0.075600 0.082000 0.017700 0.081700 0.040900 0.056800 0.051300 0.043700 0.080600 0.080900 0.040800 0.073000 0.046400 0.020200 0.094300 0.126000 0.017700 0.043700 0.043500 0.072900 0.048600 0.073100 0.082300 0.064700 0.091700 0.038300 0.040900 0.086600 0.017600 0.043500 0.054100 0.135100 0.094300 0.040900 0.082100 0.108400 0.092200 0.051200 0.049000 0.067600 0.064400 0.084500 0.072600 0.059500
MaxwellsDu 0.075900 0.260700 0.092800 0.253700 0.078700 0.067800 0.000000 0.078700 0.098200 0.105300 0.070900 0.096300 0.062500 0.025500 0.067700 0.070900 0.109000 0.115000 0.067800 0.095700 0.068300 0.068000 0.112300 0.145000 0.070800 0.076300 0.065100 0.095500 0.075700 0.098700 0.108500 0.043700 0.111400 0.059700 0.070500 0.104000 0.076000 0.067900 0.076100 0.142300 0.112500 0.073300 0.105300 0.126800 0.109800 0.070200 0.060100 0.090100 0.075600 0.113400 0.089700 0.081600
GazellaPrz 0.067500 0.260000 0.081100 0.249100 0.075700 0.059500 0.078700 0.000000 0.080900 0.107700 0.062500 0.098700 0.059600 0.070300 0.059500 0.046300 0.094800 0.100600 0.059500 0.083900 0.049000 0.059700 0.117700 0.147100 0.062400 0.051600 0.062200 0.078300 0.051400 0.086900 0.116700 0.078500 0.117600 0.051500 0.056900 0.092400 0.067600 0.065000 0.056700 0.156300 0.117700 0.048700 0.107800 0.134900 0.098100 0.072700 0.051400 0.087000 0.078100 0.096000 0.083600 0.064700
MountainNy 0.081000 0.252700 0.025200 0.237800 0.083800 0.075600 0.098200 0.080900 0.000000 0.107600 0.078700 0.068100 0.067600 0.086700 0.072800 0.067600 0.094500 0.094700 0.075500 0.012500 0.073000 0.075800 0.120400 0.140800 0.078600 0.072900 0.070200 0.007500 0.075400 0.020100 0.110700 0.083900 0.103100 0.062100 0.081100 0.059600 0.083800 0.078400 0.080800 0.138100 0.117500 0.072600 0.107600 0.122900 0.065100 0.088900 0.064600 0.092400 0.094400 0.095800 0.017000 0.015000
MuntiacusM 0.096000 0.264100 0.102000 0.269300 0.104500 0.082000 0.105300 0.107700 0.107600 0.000000 0.082400 0.111200 0.084900 0.087900 0.087600 0.090900 0.098200 0.098600 0.093300 0.104900 0.093800 0.088000 0.042200 0.078000 0.079600 0.096500 0.087600 0.104800 0.095700 0.105200 0.018000 0.090400 0.098400 0.084900 0.093300 0.107300 0.084900 0.087700 0.101800 0.086500 0.036800 0.093300 0.000000 0.061100 0.113200 0.101200 0.090900 0.116500 0.106800 0.111400 0.103500 0.101900
goat 0.030500 0.253800 0.067900 0.235700 0.056900 0.017700 0.070900 0.062500 0.078700 0.082400 0.000000 0.084900 0.043700 0.059800 0.054200 0.046600 0.083700 0.089600 0.038400 0.076100 0.049300 0.017800 0.094800 0.126800 0.010100 0.051900 0.046300 0.076000 0.051500 0.076200 0.088300 0.067700 0.094900 0.041100 0.043700 0.087000 0.020300 0.043700 0.057000 0.138900 0.094700 0.049000 0.082500 0.111900 0.092700 0.054000 0.051900 0.070700 0.067400 0.082200 0.075700 0.062400
AfricanBuf 0.084400 0.255500 0.062800 0.260900 0.090000 0.081700 0.096300 0.098700 0.068100 0.111200 0.084900 0.000000 0.070800 0.084700 0.084400 0.082100 0.114900 0.109600 0.078900 0.065600 0.085000 0.082000 0.130500 0.157800 0.084800 0.084800 0.073500 0.065500 0.081500 0.065700 0.102700 0.084500 0.112600 0.065300 0.081700 0.044000 0.090100 0.079000 0.081800 0.148900 0.124600 0.084500 0.111500 0.133300 0.049300 0.092400 0.076600 0.107300 0.097900 0.108000 0.060100 0.062700
Topi 0.048700 0.239400 0.067400 0.231900 0.051400 0.040900 0.062500 0.059600 0.067600 0.084900 0.043700 0.070800 0.000000 0.051600 0.046100 0.043700 0.086200 0.086500 0.046100 0.065000 0.046500 0.041000 0.088800 0.120400 0.043700 0.054300 0.007500 0.064900 0.053900 0.070600 0.088000 0.064700 0.091900 0.012600 0.038300 0.070300 0.048800 0.046200 0.059500 0.129400 0.094500 0.051400 0.085000 0.102900 0.075900 0.059100 0.054300 0.067700 0.064400 0.079100 0.064600 0.059500
CommonDuik 0.064800 0.253200 0.081400 0.258800 0.067500 0.056800 0.025500 0.070300 0.086700 0.087900 0.059800 0.084700 0.051600 0.000000 0.056800 0.059800 0.091900 0.097700 0.056900 0.084200 0.062600 0.057000 0.100400 0.126500 0.059700 0.065200 0.054200 0.084100 0.064700 0.087200 0.091000 0.033100 0.100000 0.048900 0.059600 0.092300 0.059600 0.056900 0.065000 0.129700 0.094700 0.062200 0.088000 0.108800 0.098100 0.064600 0.054500 0.078700 0.070000 0.095900 0.078100 0.075900
Suni 0.053900 0.232200 0.075700 0.237900 0.056600 0.051300 0.067700 0.059500 0.072800 0.087600 0.054200 0.084400 0.046100 0.056800 0.000000 0.054200 0.080600 0.086400 0.046100 0.075700 0.057000 0.046200 0.094300 0.120000 0.054200 0.054200 0.048700 0.070200 0.053800 0.078700 0.090700 0.064600 0.091800 0.043500 0.054000 0.081000 0.059300 0.046100 0.059300 0.134800 0.094300 0.056600 0.087700 0.108100 0.086600 0.064400 0.059400 0.073000 0.069700 0.090000 0.075400 0.062100
Springbuck 0.051600 0.254200 0.065000 0.236400 0.059600 0.043700 0.070900 0.046300 0.067600 0.090900 0.046600 0.082100 0.043700 0.059800 0.054200 0.000000 0.083900 0.089600 0.049000 0.065000 0.028000 0.049200 0.094800 0.132700 0.046500 0.030500 0.046300 0.064900 0.025400 0.070600 0.099700 0.062400 0.094600 0.041100 0.051700 0.073300 0.051700 0.049100 0.040800 0.138800 0.100600 0.027900 0.091000 0.119800 0.078900 0.056700 0.035700 0.070700 0.062000 0.082200 0.064400 0.054200
Okapi 0.088800 0.220600 0.097500 0.245900 0.091600 0.080600 0.109000 0.094800 0.094500 0.098200 0.083700 0.114900 0.086200 0.091900 0.080600 0.083900 0.000000 0.035200 0.097200 0.097500 0.086000 0.086400 0.110700 0.136900 0.078200 0.078300 0.088800 0.097400 0.085900 0.100600 0.101300 0.094400 0.088500 0.078000 0.083400 0.111300 0.083400 0.086200 0.094500 0.146000 0.105000 0.080700 0.098300 0.116300 0.117100 0.094000 0.078300 0.102600 0.099500 0.098100 0.091600 0.094600
Giraffe 0.078100 0.227900 0.094900 0.246300 0.094700 0.080900 0.115000 0.100600 0.094700 0.098600 0.089600 0.109600 0.086500 0.097700 0.086400 0.089600 0.035200 0.000000 0.091900 0.097700 0.091900 0.086700 0.111200 0.137400 0.084000 0.084000 0.089100 0.092000 0.091600 0.100800 0.096000 0.105800 0.094300 0.078200 0.083700 0.111600 0.089200 0.089300 0.100300 0.140500 0.105400 0.080900 0.098700 0.116700 0.117400 0.105400 0.084000 0.103000 0.099700 0.092800 0.103100 0.100400
TibetanAnt 0.043400 0.242400 0.075700 0.241000 0.054000 0.040800 0.067800 0.059500 0.075500 0.093300 0.038400 0.078900 0.046100 0.056900 0.046100 0.049000 0.097200 0.091900 0.000000 0.078500 0.051700 0.030500 0.100100 0.125900 0.038300 0.054300 0.048700 0.072900 0.053800 0.078500 0.093500 0.059400 0.097200 0.038200 0.046100 0.086600 0.043400 0.048800 0.059400 0.134800 0.094400 0.051400 0.093300 0.102500 0.092200 0.061800 0.054000 0.073100 0.064400 0.084500 0.078000 0.059400
Sitatunga 0.078400 0.263900 0.017600 0.237800 0.086700 0.073000 0.095700 0.083900 0.012500 0.104900 0.076100 0.065600 0.065000 0.084200 0.075700 0.065000 0.097500 0.097700 0.078500 0.000000 0.070500 0.078800 0.117800 0.138500 0.076000 0.070400 0.067700 0.010000 0.072800 0.007400 0.108100 0.081300 0.100500 0.059600 0.081300 0.057000 0.081300 0.075900 0.078300 0.135400 0.114800 0.070100 0.105000 0.120500 0.062500 0.086300 0.067700 0.095400 0.091800 0.098800 0.014600 0.017200
Oribi 0.054300 0.250900 0.067700 0.243400 0.062400 0.046400 0.068300 0.049000 0.073000 0.093800 0.049300 0.085000 0.046500 0.062600 0.057000 0.028000 0.086000 0.091900 0.051700 0.070500 0.000000 0.051900 0.103600 0.135900 0.049200 0.028000 0.049100 0.070400 0.033200 0.073400 0.102700 0.065100 0.103300 0.038500 0.049100 0.081600 0.054400 0.051800 0.042700 0.142000 0.103600 0.025400 0.093900 0.123000 0.087300 0.059500 0.038400 0.073500 0.062100 0.085100 0.069400 0.056900
BarbaryShe 0.027900 0.236300 0.070500 0.228800 0.054200 0.020200 0.068000 0.059700 0.075800 0.088000 0.017800 0.082000 0.041000 0.057000 0.046200 0.049200 0.086400 0.086700 0.030500 0.078800 0.051900 0.000000 0.094700 0.120300 0.017700 0.054500 0.043600 0.073200 0.054000 0.078800 0.088200 0.064900 0.091900 0.038400 0.041000 0.086900 0.022800 0.043700 0.059600 0.135400 0.094800 0.051600 0.088000 0.102700 0.092600 0.051300 0.054200 0.062400 0.059200 0.076500 0.078300 0.059700
Daviddeer 0.102800 0.271000 0.117700 0.258100 0.111500 0.094300 0.112300 0.117700 0.120400 0.042200 0.094800 0.130500 0.088800 0.100400 0.094300 0.094800 0.110700 0.111200 0.100100 0.117800 0.103600 0.094700 0.000000 0.086900 0.091900 0.106300 0.091500 0.117600 0.108300 0.121000 0.039500 0.102900 0.105500 0.093600 0.100100 0.114600 0.097200 0.094400 0.111400 0.093000 0.026100 0.097100 0.042100 0.067300 0.120600 0.113900 0.100500 0.117900 0.113800 0.112700 0.117400 0.111700
Reindeer 0.134800 0.299500 0.135400 0.304000 0.138000 0.126000 0.145000 0.147100 0.140800 0.078000 0.126800 0.157800 0.120400 0.126500 0.120000 0.132700 0.136900 0.137400 0.125900 0.138500 0.135900 0.120300 0.086900 0.000000 0.120800 0.132600 0.123200 0.137900 0.134600 0.138900 0.075100 0.126100 0.134500 0.119300 0.126200 0.153200 0.129100 0.132200 0.146500 0.105200 0.081200 0.138000 0.077800 0.039700 0.159600 0.140100 0.132700 0.150500 0.134100 0.142400 0.138100 0.134900
Ibex 0.030500 0.246700 0.067800 0.232200 0.056900 0.017700 0.070800 0.062400 0.078600 0.079600 0.010100 0.084800 0.043700 0.059700 0.054200 0.046500 0.078200 0.084000 0.038300 0.076000 0.049200 0.017700 0.091900 0.120800 0.000000 0.051800 0.046300 0.075900 0.051400 0.076100 0.085400 0.067600 0.089200 0.041000 0.043700 0.089700 0.020200 0.046300 0.057000 0.132700 0.091800 0.048900 0.079700 0.106000 0.095400 0.054000 0.051800 0.070600 0.067300 0.076600 0.075600 0.062400
GyrantGaze 0.046300 0.243200 0.070300 0.246000 0.054300 0.043700 0.076300 0.051600 0.072900 0.096500 0.051900 0.084800 0.054300 0.065200 0.054200 0.030500 0.078300 0.084000 0.054300 0.070400 0.028000 0.054500 0.106300 0.132600 0.051800 0.000000 0.056900 0.070300 0.035700 0.073300 0.099600 0.067700 0.100200 0.046300 0.057000 0.084300 0.057000 0.043700 0.046000 0.138800 0.106300 0.017600 0.096600 0.119800 0.089900 0.062000 0.040900 0.076200 0.067400 0.093300 0.069800 0.056800
Hartebeest 0.051300 0.242400 0.070000 0.238200 0.059300 0.043500 0.065100 0.062200 0.070200 0.087600 0.046300 0.073500 0.007500 0.054200 0.048700 0.046300 0.088800 0.089100 0.048700 0.067700 0.049100 0.043600 0.091500 0.123200 0.046300 0.056900 0.000000 0.067600 0.056500 0.073300 0.090700 0.067300 0.094600 0.015100 0.040900 0.073000 0.051400 0.048800 0.062100 0.134900 0.097200 0.054000 0.087700 0.105600 0.078500 0.061700 0.056900 0.070300 0.067000 0.081800 0.067200 0.062100
Bongo 0.078300 0.256400 0.017600 0.234700 0.083900 0.072900 0.095500 0.078300 0.007500 0.104800 0.076000 0.065500 0.064900 0.084100 0.070200 0.064900 0.097400 0.092000 0.072900 0.010000 0.070400 0.073200 0.117600 0.137900 0.075900 0.070300 0.067600 0.000000 0.072700 0.017600 0.108000 0.081200 0.100300 0.059500 0.081200 0.057000 0.081200 0.073100 0.078200 0.135200 0.114700 0.070000 0.104900 0.120000 0.062400 0.086200 0.061900 0.095300 0.091700 0.098700 0.014300 0.012500
Gerenuk 0.056500 0.265100 0.070100 0.250600 0.059200 0.048600 0.075700 0.051400 0.075400 0.095700 0.051500 0.081500 0.053900 0.064700 0.053800 0.025400 0.085900 0.091600 0.053800 0.072800 0.033200 0.054000 0.108300 0.134600 0.051400 0.035700 0.056500 0.072700 0.000000 0.075700 0.104500 0.067200 0.105500 0.046000 0.056600 0.078200 0.056500 0.053900 0.046000 0.137700 0.108300 0.033000 0.095800 0.119300 0.083700 0.061600 0.040900 0.075600 0.066800 0.092600 0.072300 0.059300
CommonElan 0.078500 0.264700 0.020200 0.238500 0.087000 0.073100 0.098700 0.086900 0.020100 0.105200 0.076200 0.065700 0.070600 0.087200 0.078700 0.070600 0.100600 0.100800 0.078500 0.007400 0.073400 0.078800 0.121000 0.138900 0.076100 0.073300 0.073300 0.017600 0.075700 0.000000 0.105500 0.084300 0.103400 0.062400 0.081500 0.059900 0.081300 0.076100 0.081200 0.135800 0.115200 0.073000 0.105300 0.120900 0.065400 0.086600 0.070600 0.098500 0.094800 0.101900 0.022500 0.020100
MuntiacusR 0.090600 0.247100 0.105200 0.251800 0.101900 0.082300 0.108500 0.116700 0.110700 0.018000 0.088300 0.102700 0.088000 0.091000 0.090700 0.099700 0.101300 0.096000 0.093500 0.108100 0.102700 0.088200 0.039500 0.075100 0.085400 0.099600 0.090700 0.108000 0.104500 0.105500 0.000000 0.093500 0.092900 0.089700 0.090700 0.104700 0.090700 0.085100 0.110700 0.083900 0.034100 0.096300 0.018000 0.058400 0.110600 0.104300 0.099600 0.119700 0.109900 0.108800 0.106600 0.105100
HarveysDui 0.072700 0.262500 0.078500 0.255000 0.070100 0.064700 0.043700 0.078500 0.083900 0.090400 0.067700 0.084500 0.064700 0.033100 0.064600 0.062400 0.094400 0.105800 0.059400 0.081300 0.065100 0.064900 0.102900 0.126100 0.067600 0.067700 0.067300 0.081200 0.067200 0.084300 0.093500 0.000000 0.097100 0.062000 0.067400 0.086600 0.072800 0.064800 0.062100 0.126300 0.091500 0.064800 0.090500 0.111300 0.092300 0.072500 0.051700 0.086800 0.077900 0.104100 0.075400 0.073000
Pronghorn 0.088800 0.242200 0.103200 0.264900 0.105800 0.091700 0.111400 0.117600 0.103100 0.098400 0.094900 0.112600 0.091900 0.100000 0.091800 0.094600 0.088500 0.094300 0.097200 0.100500 0.103300 0.091900 0.105500 0.134500 0.089200 0.100200 0.094600 0.100300 0.105500 0.103400 0.092900 0.097100 0.000000 0.094500 0.097400 0.106100 0.094500 0.094700 0.105400 0.134800 0.105400 0.103000 0.098500 0.113400 0.111900 0.113900 0.100300 0.120700 0.108100 0.109700 0.100000 0.100300
BlueWildeb 0.040800 0.232500 0.059100 0.230600 0.054000 0.038300 0.059700 0.051500 0.062100 0.084900 0.041100 0.065300 0.012600 0.048900 0.043500 0.041100 0.078000 0.078200 0.038200 0.059600 0.038500 0.038400 0.093600 0.119300 0.041000 0.046300 0.015100 0.059500 0.046000 0.062400 0.089700 0.062000 0.094500 0.000000 0.035700 0.067500 0.046100 0.043500 0.051400 0.120400 0.093500 0.043500 0.086800 0.101800 0.073000 0.056400 0.046300 0.064900 0.056400 0.076200 0.059000 0.051500
Gemsbok 0.048700 0.245500 0.078500 0.237800 0.051400 0.040900 0.070500 0.056900 0.081100 0.093300 0.043700 0.081700 0.038300 0.059600 0.054000 0.051700 0.083400 0.083700 0.046100 0.081300 0.049100 0.041000 0.100100 0.126200 0.043700 0.057000 0.040900 0.081200 0.056600 0.081500 0.090700 0.067400 0.097400 0.035700 0.000000 0.089400 0.048800 0.043500 0.062100 0.138300 0.100200 0.054100 0.093400 0.114300 0.095100 0.056500 0.054300 0.065000 0.067100 0.090200 0.080900 0.067600
Yak 0.089200 0.266100 0.057000 0.255200 0.097700 0.086600 0.104000 0.092400 0.059600 0.107300 0.087000 0.044000 0.070300 0.092300 0.081000 0.073300 0.111300 0.111600 0.086600 0.057000 0.081600 0.086900 0.114600 0.153200 0.089700 0.084300 0.073000 0.057000 0.078200 0.059900 0.104700 0.086600 0.106100 0.067500 0.089400 0.000000 0.095000 0.081200 0.089500 0.144500 0.114600 0.081200 0.107700 0.129100 0.005000 0.100000 0.078800 0.103700 0.094300 0.098600 0.051600 0.056900
BlueSheep 0.030400 0.252500 0.073000 0.244600 0.062000 0.017600 0.076000 0.067600 0.083800 0.084900 0.020300 0.090100 0.048800 0.059600 0.059300 0.051700 0.083400 0.089200 0.043400 0.081300 0.054400 0.022800 0.097200 0.129100 0.020200 0.057000 0.051400 0.081200 0.056500 0.081300 0.090700 0.072800 0.094500 0.046100 0.048800 0.095000 0.000000 0.051500 0.062100 0.138200 0.097300 0.054100 0.084900 0.111400 0.100700 0.059100 0.057000 0.075800 0.067100 0.087400 0.080900 0.067600
BohorReedb 0.046100 0.246000 0.073100 0.234800 0.025300 0.043500 0.067900 0.065000 0.078400 0.087700 0.043700 0.079000 0.046200 0.056900 0.046100 0.049100 0.086200 0.089300 0.048800 0.075900 0.051800 0.043700 0.094400 0.132200 0.046300 0.043700 0.048800 0.073100 0.053900 0.076100 0.085100 0.064800 0.094700 0.043500 0.043500 0.081200 0.051500 0.000000 0.059500 0.141300 0.094500 0.051500 0.087800 0.114400 0.086800 0.053800 0.051700 0.065000 0.064500 0.090200 0.075500 0.062200
KirksDik 0.062000 0.262700 0.075500 0.248300 0.070200 0.054100 0.076100 0.056700 0.080800 0.101800 0.057000 0.081800 0.059500 0.065000 0.059300 0.040800 0.094500 0.100300 0.059400 0.078300 0.042700 0.059600 0.111400 0.146500 0.057000 0.046000 0.062100 0.078200 0.046000 0.081200 0.110700 0.062100 0.105400 0.051400 0.062100 0.089500 0.062100 0.059500 0.000000 0.144200 0.111500 0.043400 0.101900 0.128400 0.095100 0.067200 0.040800 0.078600 0.072500 0.098600 0.077800 0.064600
RoeDeer 0.137900 0.296800 0.132300 0.297200 0.141200 0.135100 0.142300 0.156300 0.138100 0.086500 0.138900 0.148900 0.129400 0.129700 0.134800 0.138800 0.146000 0.140500 0.134800 0.135400 0.142000 0.135400 0.093000 0.105200 0.132700 0.138800 0.134900 0.135200 0.137700 0.135800 0.083900 0.126300 0.134800 0.120400 0.138300 0.144500 0.138200 0.141300 0.144200 0.000000 0.087300 0.141100 0.086500 0.090400 0.150700 0.149400 0.132900 0.166100 0.149100 0.142600 0.135300 0.132200
WhiteLippe 0.102800 0.271200 0.111900 0.260600 0.105800 0.094300 0.112500 0.117700 0.117500 0.036800 0.094700 0.124600 0.094500 0.094700 0.094300 0.100600 0.105000 0.105400 0.094400 0.114800 0.103600 0.094800 0.026100 0.081200 0.091800 0.106300 0.097200 0.114700 0.108300 0.115200 0.034100 0.091500 0.105400 0.093500 0.100200 0.114600 0.097300 0.094500 0.111500 0.087300 0.000000 0.103000 0.036700 0.058900 0.120600 0.113900 0.100500 0.123800 0.113800 0.112800 0.114500 0.111700
ThomsonGaz 0.048700 0.238500 0.067300 0.235000 0.062000 0.040900 0.073300 0.048700 0.072600 0.093300 0.049000 0.084500 0.051400 0.062200 0.056600 0.027900 0.080700 0.080900 0.051400 0.070100 0.025400 0.051600 0.097100 0.138000 0.048900 0.017600 0.054000 0.070000 0.033000 0.073000 0.096300 0.064800 0.103000 0.043500 0.054100 0.081200 0.054100 0.051500 0.043400 0.141100 0.103000 0.000000 0.093300 0.122700 0.086800 0.059100 0.038300 0.073100 0.064400 0.090100 0.069600 0.056600
MuntiacusC 0.096000 0.264200 0.102100 0.268600 0.104600 0.082100 0.105300 0.107800 0.107600 0.000000 0.082500 0.111500 0.085000 0.088000 0.087700 0.091000 0.098300 0.098700 0.093300 0.105000 0.093900 0.088000 0.042100 0.077800 0.079700 0.096600 0.087700 0.104900 0.095800 0.105300 0.018000 0.090500 0.098500 0.086800 0.093400 0.107700 0.084900 0.087800 0.101900 0.086500 0.036700 0.093300 0.000000 0.061000 0.113600 0.101300 0.090900 0.116500 0.106900 0.111500 0.104600 0.102000
WhiteTaile 0.117000 0.259800 0.117500 0.288600 0.125900 0.108400 0.126800 0.134900 0.122900 0.061100 0.111900 0.133300 0.102900 0.108800 0.108100 0.119800 0.116300 0.116700 0.102500 0.120500 0.123000 0.102700 0.067300 0.039700 0.106000 0.119800 0.105600 0.120000 0.119300 0.120900 0.058400 0.111300 0.113400 0.101800 0.114300 0.129100 0.111400 0.114400 0.128400 0.090400 0.058900 0.122700 0.061000 0.000000 0.135200 0.122300 0.117200 0.132300 0.116400 0.124200 0.120100 0.117100
Cattle 0.094900 0.266500 0.062500 0.262200 0.103400 0.092200 0.109800 0.098100 0.065100 0.113200 0.092700 0.049300 0.075900 0.098100 0.086600 0.078900 0.117100 0.117400 0.092200 0.062500 0.087300 0.092600 0.120600 0.159600 0.095400 0.089900 0.078500 0.062400 0.083700 0.065400 0.110600 0.092300 0.111900 0.073000 0.095100 0.005000 0.100700 0.086800 0.095100 0.150700 0.120600 0.086800 0.113600 0.135200 0.000000 0.105700 0.084400 0.109400 0.100000 0.104400 0.057000 0.062400
RoyalAntel 0.064400 0.253900 0.083600 0.253100 0.059100 0.051200 0.070200 0.072700 0.088900 0.101200 0.054000 0.092400 0.059100 0.064600 0.064400 0.056700 0.094000 0.105400 0.061800 0.086300 0.059500 0.051300 0.113900 0.140100 0.054000 0.062000 0.061700 0.086200 0.061600 0.086600 0.104300 0.072500 0.113900 0.056400 0.056500 0.100000 0.059100 0.053800 0.067200 0.149400 0.113900 0.059100 0.101300 0.122300 0.105700 0.000000 0.056700 0.075400 0.056200 0.095300 0.080500 0.072600
Steenbok 0.056900 0.256700 0.059600 0.239200 0.056900 0.049000 0.060100 0.051400 0.064600 0.090900 0.051900 0.076600 0.054300 0.054500 0.059400 0.035700 0.078300 0.084000 0.054000 0.067700 0.038400 0.054200 0.100500 0.132700 0.051800 0.040900 0.056900 0.061900 0.040900 0.070600 0.099600 0.051700 0.100300 0.046300 0.054300 0.078800 0.057000 0.051700 0.040800 0.132900 0.100500 0.038300 0.090900 0.117200 0.084400 0.056700 0.000000 0.070700 0.062000 0.087700 0.061800 0.053900
Impala 0.075700 0.256900 0.092600 0.244500 0.070300 0.067600 0.090100 0.087000 0.092400 0.116500 0.070700 0.107300 0.067700 0.078700 0.073000 0.070700 0.102600 0.103000 0.073100 0.095400 0.073500 0.062400 0.117900 0.150500 0.070600 0.076200 0.070300 0.095300 0.075600 0.098500 0.119700 0.086800 0.120700 0.064900 0.065000 0.103700 0.075800 0.065000 0.078600 0.166100 0.123800 0.073100 0.116500 0.132300 0.109400 0.075400 0.070700 0.000000 0.080800 0.099100 0.095200 0.081400
Klipspring 0.067000 0.253900 0.089000 0.253800 0.075100 0.064400 0.075600 0.078100 0.094400 0.106800 0.067400 0.097900 0.064400 0.070000 0.069700 0.062000 0.099500 0.099700 0.064400 0.091800 0.062100 0.059200 0.113800 0.134100 0.067300 0.067400 0.067000 0.091700 0.066800 0.094800 0.109900 0.077900 0.108100 0.056400 0.067100 0.094300 0.067100 0.064500 0.072500 0.149100 0.113800 0.064400 0.106900 0.116400 0.100000 0.056200 0.062000 0.080800 0.000000 0.095200 0.086000 0.078000
ForestMusk 0.087200 0.247600 0.098800 0.264400 0.095700 0.084500 0.113400 0.096000 0.095800 0.111400 0.082200 0.108000 0.079100 0.095900 0.090000 0.082200 0.098100 0.092800 0.084500 0.098800 0.085100 0.076500 0.112700 0.142400 0.076600 0.093300 0.081800 0.098700 0.092600 0.101900 0.108800 0.104100 0.109700 0.076200 0.090200 0.098600 0.087400 0.090200 0.098600 0.142600 0.112800 0.090100 0.111500 0.124200 0.104400 0.095300 0.087700 0.099100 0.095200 0.000000 0.098400 0.098700
Bushbuck 0.078100 0.260300 0.022200 0.248300 0.086400 0.072600 0.089700 0.083600 0.017000 0.103500 0.075700 0.060100 0.064600 0.078100 0.075400 0.064400 0.091600 0.103100 0.078000 0.014600 0.069400 0.078300 0.117400 0.138100 0.075600 0.069800 0.067200 0.014300 0.072300 0.022500 0.106600 0.075400 0.100000 0.059000 0.080900 0.051600 0.080900 0.075500 0.077800 0.135300 0.114500 0.069600 0.104600 0.120100 0.057000 0.080500 0.061800 0.095200 0.086000 0.098400 0.000000 0.017200
GreaterKud 0.064800 0.252900 0.020100 0.231300 0.072900 0.059500 0.081600 0.064700 0.015000 0.101900 0.062400 0.062700 0.059500 0.075900 0.062100 0.054200 0.094600 0.100400 0.059400 0.017200 0.056900 0.059700 0.111700 0.134900 0.062400 0.056800 0.062100 0.012500 0.059300 0.020100 0.105100 0.073000 0.100300 0.051500 0.067600 0.056900 0.067600 0.062200 0.064600 0.132200 0.111700 0.056600 0.102000 0.117100 0.062400 0.072600 0.053900 0.081400 0.078000 0.098700 0.017200 0.000000
