CODONML (in paml version 4.10.7, June 2023)  /home/rachel/ruminants_paml/6406-phy-tree/ENSBTAT00000007465.fasta.phy
Model: free dN/dS Ratios for branches,  kappa = 2.000 fixed

Codon frequency model: F3x4
ns =  54  ls =  53

Codon usage in sequences
--------------------------------------------------------------------------------------------------------------------------------------
Phe TTT   1   1   1   1   1   1 | Ser TCT   0   1   0   0   1   0 | Tyr TAT   4   4   4   4   4   4 | Cys TGT   1   0   1   1   1   1
    TTC   0   0   0   0   0   0 |     TCC   0   0   0   0   0   1 |     TAC   1   1   1   1   2   2 |     TGC   0   1   0   0   0   0
Leu TTA   0   0   0   0   0   0 |     TCA   0   0   0   0   0   0 | *** TAA   0   0   0   0   0   0 | *** TGA   0   0   0   0   0   0
    TTG   0   0   0   0   0   0 |     TCG   0   0   0   0   0   0 |     TAG   0   0   0   0   0   0 | Trp TGG   1   1   1   1   1   1
--------------------------------------------------------------------------------------------------------------------------------------
Leu CTT   2   1   1   0   1   1 | Pro CCT   3   3   4   4   3   2 | His CAT   0   0   0   0   0   0 | Arg CGT   0   0   0   1   0   0
    CTC   0   0   0   0   0   0 |     CCC   1   1   1   1   1   2 |     CAC   0   0   0   0   0   0 |     CGC   1   1   1   1   0   0
    CTA   0   1   1   0   1   1 |     CCA   1   1   1   1   0   0 | Gln CAA   1   0   1   1   3   2 |     CGA   0   0   0   0   0   0
    CTG   0   0   0   1   0   0 |     CCG   1   0   0   0   0   0 |     CAG   4   5   4   4   3   4 |     CGG   0   0   0   0   0   0
--------------------------------------------------------------------------------------------------------------------------------------
Ile ATT   1   1   1   1   1   1 | Thr ACT   0   1   1   1   1   1 | Asn AAT   0   0   0   0   0   0 | Ser AGT   1   0   0   0   0   0
    ATC   0   0   0   0   0   0 |     ACC   1   1   1   1   1   1 |     AAC   1   1   1   1   1   1 |     AGC   0   1   1   1   1   1
    ATA   1   1   1   1   1   1 |     ACA   2   2   2   2   2   2 | Lys AAA   4   3   4   4   3   3 | Arg AGA   0   0   0   0   0   0
Met ATG   1   1   1   1   1   1 |     ACG   0   0   0   0   0   0 |     AAG   2   2   2   2   1   2 |     AGG   0   0   0   0   1   0
--------------------------------------------------------------------------------------------------------------------------------------
Val GTT   1   1   1   1   1   1 | Ala GCT   1   0   0   0   0   0 | Asp GAT   2   3   2   2   3   2 | Gly GGT   0   0   0   0   0   0
    GTC   1   1   1   1   1   1 |     GCC   2   2   2   2   3   2 |     GAC   3   2   3   3   2   2 |     GGC   0   0   0   0   0   0
    GTA   0   0   0   0   0   0 |     GCA   2   2   2   2   1   2 | Glu GAA   3   4   3   3   2   4 |     GGA   0   0   0   0   0   0
    GTG   1   1   1   1   1   1 |     GCG   0   0   0   0   0   0 |     GAG   1   1   1   1   3   2 |     GGG   0   0   0   0   0   0
--------------------------------------------------------------------------------------------------------------------------------------

--------------------------------------------------------------------------------------------------------------------------------------
Phe TTT   1   1   1   1   1   1 | Ser TCT   0   0   0   0   0   0 | Tyr TAT   4   4   4   4   4   4 | Cys TGT   1   1   1   1   1   1
    TTC   0   0   0   0   0   0 |     TCC   0   0   0   0   0   0 |     TAC   1   1   1   1   1   1 |     TGC   0   0   0   0   0   0
Leu TTA   0   0   0   1   0   0 |     TCA   0   0   0   0   0   0 | *** TAA   0   0   0   0   0   0 | *** TGA   0   0   0   0   0   0
    TTG   0   0   0   0   0   0 |     TCG   0   0   0   0   0   0 |     TAG   0   0   0   0   0   0 | Trp TGG   1   1   1   1   1   1
--------------------------------------------------------------------------------------------------------------------------------------
Leu CTT   1   2   1   1   1   1 | Pro CCT   4   3   4   4   4   4 | His CAT   0   0   0   0   0   0 | Arg CGT   0   0   0   0   0   0
    CTC   0   0   0   0   1   0 |     CCC   1   1   1   1   1   1 |     CAC   0   0   0   0   0   0 |     CGC   1   1   1   1   0   1
    CTA   1   0   1   0   1   1 |     CCA   1   1   1   1   1   1 | Gln CAA   1   1   0   1   1   1 |     CGA   0   0   0   0   0   0
    CTG   0   0   0   0   0   0 |     CCG   0   1   0   0   0   0 |     CAG   4   4   5   4   4   4 |     CGG   0   0   0   0   0   0
--------------------------------------------------------------------------------------------------------------------------------------
Ile ATT   1   1   0   1   1   1 | Thr ACT   0   0   0   0   1   1 | Asn AAT   0   0   0   0   0   0 | Ser AGT   0   1   0   0   0   0
    ATC   0   0   0   0   0   0 |     ACC   1   1   1   1   1   1 |     AAC   1   1   1   1   1   1 |     AGC   1   0   1   1   1   1
    ATA   1   1   1   1   1   1 |     ACA   2   2   2   2   2   2 | Lys AAA   4   4   2   4   4   4 | Arg AGA   0   0   0   0   0   0
Met ATG   1   1   2   1   1   1 |     ACG   0   0   0   0   0   0 |     AAG   2   2   3   2   2   2 |     AGG   0   0   0   0   0   0
--------------------------------------------------------------------------------------------------------------------------------------
Val GTT   1   1   1   1   1   1 | Ala GCT   1   1   1   1   0   0 | Asp GAT   1   2   2   2   2   2 | Gly GGT   0   0   0   0   0   0
    GTC   1   1   1   1   1   1 |     GCC   2   2   2   2   2   2 |     GAC   4   3   3   3   3   3 |     GGC   0   0   0   0   0   0
    GTA   0   0   0   0   0   0 |     GCA   2   2   2   1   2   2 | Glu GAA   2   3   3   3   3   3 |     GGA   0   0   0   0   0   0
    GTG   1   1   1   1   1   1 |     GCG   0   0   0   1   0   0 |     GAG   2   1   2   1   1   1 |     GGG   0   0   0   0   0   0
--------------------------------------------------------------------------------------------------------------------------------------

--------------------------------------------------------------------------------------------------------------------------------------
Phe TTT   1   1   1   1   1   1 | Ser TCT   0   0   0   0   0   0 | Tyr TAT   4   4   3   4   4   3 | Cys TGT   1   1   1   1   1   1
    TTC   0   0   0   0   0   0 |     TCC   0   0   0   0   0   0 |     TAC   1   1   2   1   1   2 |     TGC   0   0   0   0   0   0
Leu TTA   0   0   0   0   0   0 |     TCA   0   0   0   0   0   0 | *** TAA   0   0   0   0   0   0 | *** TGA   0   0   0   0   0   0
    TTG   0   0   0   0   0   0 |     TCG   0   0   0   0   0   0 |     TAG   0   0   0   0   0   0 | Trp TGG   1   1   1   1   1   1
--------------------------------------------------------------------------------------------------------------------------------------
Leu CTT   2   1   1   1   1   1 | Pro CCT   3   4   3   4   4   4 | His CAT   0   0   0   0   0   0 | Arg CGT   0   0   0   0   0   0
    CTC   0   0   0   0   0   0 |     CCC   1   1   1   1   1   1 |     CAC   0   0   0   0   0   0 |     CGC   1   1   1   1   1   1
    CTA   0   1   1   1   1   0 |     CCA   1   1   1   1   1   1 | Gln CAA   1   1   1   1   0   1 |     CGA   0   0   0   0   0   0
    CTG   0   0   0   0   0   1 |     CCG   1   0   1   0   0   0 |     CAG   4   4   4   4   5   4 |     CGG   0   0   0   0   0   0
--------------------------------------------------------------------------------------------------------------------------------------
Ile ATT   1   1   1   1   1   1 | Thr ACT   0   1   0   0   0   0 | Asn AAT   0   0   0   0   0   0 | Ser AGT   1   0   1   0   0   0
    ATC   0   0   0   0   0   0 |     ACC   1   1   1   1   1   1 |     AAC   1   1   1   1   1   1 |     AGC   0   1   0   1   1   1
    ATA   1   1   1   1   1   1 |     ACA   2   2   2   2   2   2 | Lys AAA   4   4   4   3   3   4 | Arg AGA   0   0   0   0   0   0
Met ATG   1   1   1   1   1   1 |     ACG   0   0   0   0   0   0 |     AAG   2   2   2   2   2   2 |     AGG   0   0   0   0   0   0
--------------------------------------------------------------------------------------------------------------------------------------
Val GTT   1   1   1   1   1   1 | Ala GCT   1   0   1   1   1   1 | Asp GAT   2   2   2   2   1   2 | Gly GGT   0   0   0   0   0   0
    GTC   1   1   1   1   1   1 |     GCC   2   2   2   2   2   2 |     GAC   3   3   3   3   4   3 |     GGC   0   0   0   0   0   0
    GTA   0   0   0   0   0   0 |     GCA   2   2   1   2   1   1 | Glu GAA   3   3   3   4   4   3 |     GGA   0   0   0   0   0   0
    GTG   1   1   1   1   1   1 |     GCG   0   0   1   0   1   1 |     GAG   1   1   1   1   1   1 |     GGG   0   0   0   0   0   0
--------------------------------------------------------------------------------------------------------------------------------------

--------------------------------------------------------------------------------------------------------------------------------------
Phe TTT   1   1   1   1   2   1 | Ser TCT   0   0   0   0   0   0 | Tyr TAT   4   4   5   4   3   4 | Cys TGT   1   1   1   1   1   1
    TTC   0   0   0   0   0   0 |     TCC   0   0   0   0   0   0 |     TAC   1   1   0   1   1   1 |     TGC   0   0   0   0   0   0
Leu TTA   0   0   0   0   0   0 |     TCA   0   0   0   0   0   0 | *** TAA   0   0   0   0   0   0 | *** TGA   0   0   0   0   0   0
    TTG   0   0   0   0   0   0 |     TCG   0   0   0   0   0   0 |     TAG   0   0   0   0   0   0 | Trp TGG   1   1   1   1   1   1
--------------------------------------------------------------------------------------------------------------------------------------
Leu CTT   1   1   1   1   1   2 | Pro CCT   4   4   3   4   4   3 | His CAT   0   0   0   0   0   0 | Arg CGT   0   0   0   0   0   0
    CTC   1   0   0   1   0   0 |     CCC   1   1   1   1   1   1 |     CAC   0   0   0   0   0   0 |     CGC   0   1   1   0   1   1
    CTA   2   1   1   1   1   0 |     CCA   0   1   2   1   1   1 | Gln CAA   1   2   1   1   1   1 |     CGA   0   0   0   0   0   0
    CTG   0   0   0   0   0   0 |     CCG   0   0   0   0   0   1 |     CAG   4   4   4   4   4   4 |     CGG   0   0   0   0   0   0
--------------------------------------------------------------------------------------------------------------------------------------
Ile ATT   0   0   1   1   1   1 | Thr ACT   1   1   0   1   0   0 | Asn AAT   0   0   0   0   0   0 | Ser AGT   0   0   1   0   0   1
    ATC   1   1   0   0   0   0 |     ACC   1   1   1   1   1   1 |     AAC   1   1   1   1   1   1 |     AGC   1   1   0   0   1   0
    ATA   1   1   1   1   1   1 |     ACA   2   2   2   2   2   2 | Lys AAA   3   2   4   4   4   4 | Arg AGA   0   0   0   0   0   0
Met ATG   1   1   1   1   1   1 |     ACG   0   0   0   0   0   0 |     AAG   2   2   2   2   2   2 |     AGG   0   0   0   0   0   0
--------------------------------------------------------------------------------------------------------------------------------------
Val GTT   1   1   1   1   1   1 | Ala GCT   0   0   1   0   1   1 | Asp GAT   2   2   2   2   2   2 | Gly GGT   0   0   0   0   0   0
    GTC   1   1   1   1   1   1 |     GCC   2   2   2   2   2   2 |     GAC   3   3   3   3   3   3 |     GGC   0   0   0   1   0   0
    GTA   0   0   0   0   0   0 |     GCA   2   2   1   2   2   1 | Glu GAA   4   4   3   3   3   3 |     GGA   0   0   0   0   0   0
    GTG   1   1   1   1   1   1 |     GCG   0   0   1   0   0   1 |     GAG   1   1   1   1   1   1 |     GGG   0   0   0   0   0   0
--------------------------------------------------------------------------------------------------------------------------------------

--------------------------------------------------------------------------------------------------------------------------------------
Phe TTT   1   1   1   1   1   1 | Ser TCT   0   0   0   0   0   0 | Tyr TAT   4   4   4   4   3   4 | Cys TGT   1   1   1   1   1   1
    TTC   0   0   0   0   0   0 |     TCC   0   0   0   0   0   0 |     TAC   1   1   1   1   2   1 |     TGC   0   0   0   0   0   0
Leu TTA   0   0   0   0   0   0 |     TCA   0   0   0   0   0   0 | *** TAA   0   0   0   0   0   0 | *** TGA   0   0   0   0   0   0
    TTG   0   0   0   0   0   0 |     TCG   0   0   0   0   0   0 |     TAG   0   0   0   0   0   0 | Trp TGG   1   1   1   1   1   1
--------------------------------------------------------------------------------------------------------------------------------------
Leu CTT   1   1   2   1   1   1 | Pro CCT   4   4   3   4   3   4 | His CAT   0   0   0   0   0   0 | Arg CGT   0   0   0   0   0   0
    CTC   0   0   0   0   0   1 |     CCC   1   1   1   1   1   1 |     CAC   0   0   0   0   0   0 |     CGC   1   1   1   1   1   0
    CTA   1   1   0   1   1   1 |     CCA   1   1   1   1   2   1 | Gln CAA   1   1   1   1   1   1 |     CGA   0   0   0   0   0   0
    CTG   0   0   0   0   0   0 |     CCG   0   0   1   0   0   0 |     CAG   4   4   4   4   4   4 |     CGG   0   0   0   0   0   0
--------------------------------------------------------------------------------------------------------------------------------------
Ile ATT   1   1   1   1   1   1 | Thr ACT   1   1   0   0   0   1 | Asn AAT   0   0   0   1   0   0 | Ser AGT   0   0   1   0   1   0
    ATC   0   0   0   0   0   0 |     ACC   1   1   1   1   1   1 |     AAC   1   1   1   0   1   1 |     AGC   1   1   0   1   0   1
    ATA   1   1   1   1   1   1 |     ACA   2   2   2   2   2   2 | Lys AAA   4   4   4   4   4   4 | Arg AGA   0   0   0   0   0   0
Met ATG   1   1   1   1   1   1 |     ACG   0   0   0   0   0   0 |     AAG   2   2   2   2   2   2 |     AGG   0   0   0   0   0   0
--------------------------------------------------------------------------------------------------------------------------------------
Val GTT   1   1   1   1   1   1 | Ala GCT   0   0   1   1   1   0 | Asp GAT   2   2   2   2   2   3 | Gly GGT   0   0   0   0   0   0
    GTC   1   1   1   1   1   1 |     GCC   2   2   2   2   2   2 |     GAC   3   3   3   3   3   2 |     GGC   0   0   0   0   0   0
    GTA   0   0   0   0   0   0 |     GCA   2   2   2   1   1   2 | Glu GAA   3   3   3   3   3   3 |     GGA   0   0   0   0   0   0
    GTG   1   1   1   1   1   1 |     GCG   0   0   0   1   1   0 |     GAG   1   1   1   1   1   1 |     GGG   0   0   0   0   0   0
--------------------------------------------------------------------------------------------------------------------------------------

--------------------------------------------------------------------------------------------------------------------------------------
Phe TTT   1   1   1   1   1   1 | Ser TCT   0   0   0   0   0   0 | Tyr TAT   4   4   4   4   4   3 | Cys TGT   1   1   1   1   1   1
    TTC   0   0   0   0   0   0 |     TCC   0   0   0   0   0   0 |     TAC   1   1   1   1   1   2 |     TGC   0   0   0   1   0   0
Leu TTA   0   0   0   0   0   0 |     TCA   0   0   0   0   0   0 | *** TAA   0   0   0   0   0   0 | *** TGA   0   0   0   0   0   0
    TTG   0   0   0   0   0   0 |     TCG   0   0   0   0   0   0 |     TAG   0   0   0   0   0   0 | Trp TGG   1   1   1   1   1   1
--------------------------------------------------------------------------------------------------------------------------------------
Leu CTT   1   1   1   1   1   1 | Pro CCT   4   4   4   4   4   3 | His CAT   0   0   0   0   0   0 | Arg CGT   0   0   0   0   0   0
    CTC   0   1   0   0   0   0 |     CCC   1   1   1   1   1   1 |     CAC   0   0   0   0   0   0 |     CGC   1   0   1   0   1   1
    CTA   1   1   1   1   1   1 |     CCA   1   1   1   1   1   1 | Gln CAA   1   1   1   1   1   1 |     CGA   0   0   0   0   0   0
    CTG   0   0   0   0   0   0 |     CCG   0   0   0   0   0   1 |     CAG   4   4   4   4   4   4 |     CGG   0   0   0   0   0   0
--------------------------------------------------------------------------------------------------------------------------------------
Ile ATT   1   1   1   1   0   1 | Thr ACT   0   1   1   0   1   0 | Asn AAT   0   0   0   0   0   0 | Ser AGT   0   0   0   0   0   1
    ATC   0   0   0   0   1   0 |     ACC   1   1   1   1   1   1 |     AAC   1   1   1   1   1   1 |     AGC   1   1   1   1   1   0
    ATA   1   1   1   1   1   1 |     ACA   2   2   2   2   2   2 | Lys AAA   4   4   4   3   3   4 | Arg AGA   0   0   0   0   0   0
Met ATG   1   1   1   1   1   1 |     ACG   0   0   0   0   0   0 |     AAG   2   2   2   2   2   2 |     AGG   0   0   0   0   0   0
--------------------------------------------------------------------------------------------------------------------------------------
Val GTT   1   1   1   1   1   1 | Ala GCT   1   0   0   1   0   1 | Asp GAT   2   2   2   2   3   2 | Gly GGT   0   0   0   0   0   0
    GTC   1   1   1   1   1   1 |     GCC   2   2   2   2   2   2 |     GAC   3   3   3   3   2   3 |     GGC   0   0   0   0   0   0
    GTA   0   0   0   0   0   0 |     GCA   2   2   2   2   2   1 | Glu GAA   3   3   3   4   4   3 |     GGA   0   0   0   0   0   0
    GTG   1   1   1   1   1   1 |     GCG   0   0   0   0   0   1 |     GAG   1   1   1   1   1   1 |     GGG   0   0   0   0   0   0
--------------------------------------------------------------------------------------------------------------------------------------

--------------------------------------------------------------------------------------------------------------------------------------
Phe TTT   1   1   1   1   1   1 | Ser TCT   0   0   0   0   0   0 | Tyr TAT   4   4   4   4   4   4 | Cys TGT   1   1   1   1   1   1
    TTC   0   0   0   0   0   0 |     TCC   0   0   0   0   0   0 |     TAC   1   1   1   1   1   1 |     TGC   0   0   0   0   0   0
Leu TTA   0   0   0   0   0   0 |     TCA   0   0   0   0   0   0 | *** TAA   0   0   0   0   0   0 | *** TGA   0   0   0   0   0   0
    TTG   0   0   0   0   0   0 |     TCG   0   0   0   0   0   0 |     TAG   0   0   0   0   0   0 | Trp TGG   1   1   1   1   1   1
--------------------------------------------------------------------------------------------------------------------------------------
Leu CTT   1   1   2   1   1   1 | Pro CCT   3   4   3   4   4   4 | His CAT   0   0   0   0   0   0 | Arg CGT   0   0   0   0   0   0
    CTC   0   0   0   0   0   0 |     CCC   1   1   1   1   1   1 |     CAC   0   0   0   0   0   0 |     CGC   1   1   1   1   1   1
    CTA   1   1   0   1   1   1 |     CCA   1   1   1   1   1   1 | Gln CAA   1   1   1   1   1   0 |     CGA   0   0   0   0   0   0
    CTG   0   0   0   0   0   0 |     CCG   1   0   1   0   0   0 |     CAG   4   4   4   4   4   4 |     CGG   0   0   0   0   0   0
--------------------------------------------------------------------------------------------------------------------------------------
Ile ATT   1   1   1   1   1   1 | Thr ACT   0   1   0   0   0   1 | Asn AAT   0   0   0   0   0   0 | Ser AGT   0   0   1   0   0   0
    ATC   0   0   0   0   0   0 |     ACC   1   1   1   1   1   1 |     AAC   1   1   1   1   1   1 |     AGC   1   1   0   1   1   1
    ATA   1   1   1   1   1   1 |     ACA   2   2   2   2   2   2 | Lys AAA   4   4   4   4   4   4 | Arg AGA   0   0   0   0   0   0
Met ATG   1   1   1   1   1   1 |     ACG   0   0   0   0   0   0 |     AAG   2   2   2   2   2   2 |     AGG   0   0   0   0   0   0
--------------------------------------------------------------------------------------------------------------------------------------
Val GTT   1   1   1   1   1   1 | Ala GCT   1   0   1   1   1   0 | Asp GAT   2   2   2   1   3   2 | Gly GGT   0   0   0   0   0   0
    GTC   1   1   1   1   1   1 |     GCC   2   2   2   2   2   2 |     GAC   3   3   3   4   2   3 |     GGC   0   0   0   0   0   0
    GTA   0   0   0   0   0   0 |     GCA   1   2   1   2   1   2 | Glu GAA   3   3   3   2   3   4 |     GGA   0   0   0   0   0   0
    GTG   1   1   1   1   1   1 |     GCG   1   0   1   0   1   0 |     GAG   1   1   1   2   1   1 |     GGG   0   0   0   0   0   0
--------------------------------------------------------------------------------------------------------------------------------------

--------------------------------------------------------------------------------------------------------------------------------------
Phe TTT   1   1   1   1   1   1 | Ser TCT   0   0   0   0   0   0 | Tyr TAT   4   4   4   4   4   2 | Cys TGT   1   1   1   1   1   1
    TTC   0   0   0   0   0   0 |     TCC   0   0   0   0   0   0 |     TAC   1   1   1   1   1   3 |     TGC   0   0   0   0   0   1
Leu TTA   0   0   0   0   0   0 |     TCA   0   0   0   0   0   0 | *** TAA   0   0   0   0   0   0 | *** TGA   0   0   0   0   0   0
    TTG   0   0   0   0   0   0 |     TCG   0   0   0   0   0   0 |     TAG   0   0   0   0   0   0 | Trp TGG   1   1   1   1   1   1
--------------------------------------------------------------------------------------------------------------------------------------
Leu CTT   1   1   1   1   1   1 | Pro CCT   4   4   4   4   4   4 | His CAT   0   0   0   0   0   0 | Arg CGT   0   0   0   0   0   0
    CTC   0   0   0   0   0   0 |     CCC   1   1   1   1   1   1 |     CAC   0   0   0   0   0   0 |     CGC   1   1   1   1   1   0
    CTA   1   1   1   1   1   1 |     CCA   1   1   1   1   1   1 | Gln CAA   2   1   1   1   1   1 |     CGA   0   0   0   0   0   0
    CTG   0   0   0   0   0   0 |     CCG   0   0   0   0   0   0 |     CAG   4   4   4   4   4   4 |     CGG   0   0   0   0   0   0
--------------------------------------------------------------------------------------------------------------------------------------
Ile ATT   1   1   1   1   1   1 | Thr ACT   1   1   1   1   1   1 | Asn AAT   0   0   0   0   0   0 | Ser AGT   0   0   0   0   0   0
    ATC   0   0   0   0   0   0 |     ACC   1   1   1   1   1   1 |     AAC   1   1   1   1   1   1 |     AGC   1   1   1   1   1   1
    ATA   1   1   1   1   1   1 |     ACA   2   2   2   2   2   2 | Lys AAA   3   4   4   4   4   4 | Arg AGA   0   0   0   0   0   0
Met ATG   1   1   1   1   1   1 |     ACG   0   0   0   0   0   0 |     AAG   2   2   2   2   2   2 |     AGG   0   0   0   0   0   0
--------------------------------------------------------------------------------------------------------------------------------------
Val GTT   1   1   1   1   1   1 | Ala GCT   0   0   0   0   0   0 | Asp GAT   2   2   2   2   2   2 | Gly GGT   0   0   0   0   0   0
    GTC   1   1   1   1   1   1 |     GCC   2   2   2   2   2   2 |     GAC   3   3   3   3   3   3 |     GGC   0   0   0   0   0   0
    GTA   0   0   0   0   0   0 |     GCA   2   1   2   2   2   2 | Glu GAA   3   3   3   3   3   3 |     GGA   0   0   0   0   0   0
    GTG   1   1   1   1   1   1 |     GCG   0   1   0   0   0   0 |     GAG   1   1   1   1   1   1 |     GGG   0   0   0   0   0   0
--------------------------------------------------------------------------------------------------------------------------------------

--------------------------------------------------------------------------------------------------------------------------------------
Phe TTT   1   1   1   1   1   1 | Ser TCT   0   1   0   0   0   0 | Tyr TAT   4   3   4   4   4   4 | Cys TGT   1   1   1   1   1   1
    TTC   0   0   0   0   0   0 |     TCC   0   0   0   0   0   0 |     TAC   1   2   1   1   1   1 |     TGC   0   0   0   0   0   0
Leu TTA   0   0   0   0   0   0 |     TCA   0   0   0   0   0   0 | *** TAA   0   0   0   0   0   0 | *** TGA   0   0   0   0   0   0
    TTG   0   0   0   0   0   0 |     TCG   0   0   0   0   0   0 |     TAG   0   0   0   0   0   0 | Trp TGG   1   1   1   1   1   1
--------------------------------------------------------------------------------------------------------------------------------------
Leu CTT   1   1   1   0   1   1 | Pro CCT   4   3   3   4   4   4 | His CAT   0   0   0   0   0   0 | Arg CGT   0   0   0   1   0   0
    CTC   0   0   0   0   1   1 |     CCC   1   1   1   1   1   1 |     CAC   0   0   0   0   0   0 |     CGC   1   1   1   1   0   0
    CTA   1   1   1   0   1   1 |     CCA   1   1   1   1   1   1 | Gln CAA   1   1   1   1   1   1 |     CGA   0   0   0   0   0   0
    CTG   0   0   0   1   0   0 |     CCG   0   0   1   0   0   0 |     CAG   4   4   4   4   4   4 |     CGG   0   0   0   0   0   0
--------------------------------------------------------------------------------------------------------------------------------------
Ile ATT   1   1   1   1   1   1 | Thr ACT   0   0   0   1   1   1 | Asn AAT   0   0   0   0   0   0 | Ser AGT   0   1   0   0   0   0
    ATC   0   0   0   0   0   0 |     ACC   1   1   1   1   1   1 |     AAC   1   0   2   1   1   1 |     AGC   1   0   1   1   1   1
    ATA   1   1   1   1   1   1 |     ACA   2   2   2   2   2   2 | Lys AAA   4   3   2   4   4   4 | Arg AGA   0   0   0   0   0   0
Met ATG   1   1   1   1   1   1 |     ACG   0   0   0   0   0   0 |     AAG   2   2   2   2   2   2 |     AGG   0   0   0   0   0   0
--------------------------------------------------------------------------------------------------------------------------------------
Val GTT   1   1   1   1   1   1 | Ala GCT   1   1   1   0   0   0 | Asp GAT   2   3   2   2   2   2 | Gly GGT   0   0   0   0   0   0
    GTC   1   1   1   1   1   1 |     GCC   2   2   2   2   2   2 |     GAC   3   3   3   3   3   3 |     GGC   0   0   0   0   0   0
    GTA   0   0   0   0   0   0 |     GCA   2   2   2   2   2   2 | Glu GAA   3   4   4   3   3   3 |     GGA   0   0   0   0   0   0
    GTG   1   1   1   1   1   1 |     GCG   0   0   0   0   0   0 |     GAG   1   1   1   1   1   1 |     GGG   0   0   0   0   0   0
--------------------------------------------------------------------------------------------------------------------------------------

Codon position x base (3x4) table for each sequence.

#1: Argali         
position  1:    T:0.15094    C:0.26415    A:0.26415    G:0.32075
position  2:    T:0.16981    C:0.26415    A:0.49057    G:0.07547
position  3:    T:0.32075    C:0.20755    A:0.26415    G:0.20755
Average         T:0.21384    C:0.24528    A:0.33962    G:0.20126

#2: LesserMouseDeer
position  1:    T:0.16981    C:0.24528    A:0.26415    G:0.32075
position  2:    T:0.16981    C:0.26415    A:0.49057    G:0.07547
position  3:    T:0.30189    C:0.22642    A:0.26415    G:0.20755
Average         T:0.21384    C:0.24528    A:0.33962    G:0.20126

#3: LesserKudu     
position  1:    T:0.15094    C:0.26415    A:0.28302    G:0.30189
position  2:    T:0.16981    C:0.26415    A:0.49057    G:0.07547
position  3:    T:0.30189    C:0.22642    A:0.28302    G:0.18868
Average         T:0.20755    C:0.25157    A:0.35220    G:0.18868

#4: ForestMuskDeer2
position  1:    T:0.15094    C:0.26415    A:0.28302    G:0.30189
position  2:    T:0.15094    C:0.26415    A:0.49057    G:0.09434
position  3:    T:0.30189    C:0.22642    A:0.26415    G:0.20755
Average         T:0.20126    C:0.25157    A:0.34591    G:0.20126

#5: Camel          
position  1:    T:0.18868    C:0.22642    A:0.26415    G:0.32075
position  2:    T:0.16981    C:0.24528    A:0.50943    G:0.07547
position  3:    T:0.32075    C:0.22642    A:0.24528    G:0.20755
Average         T:0.22642    C:0.23270    A:0.33962    G:0.20126

#6: KillerWhale    
position  1:    T:0.18868    C:0.22642    A:0.26415    G:0.32075
position  2:    T:0.16981    C:0.24528    A:0.52830    G:0.05660
position  3:    T:0.26415    C:0.24528    A:0.28302    G:0.20755
Average         T:0.20755    C:0.23899    A:0.35849    G:0.19497

#7: DefassaWaterbuck
position  1:    T:0.15094    C:0.26415    A:0.26415    G:0.32075
position  2:    T:0.16981    C:0.26415    A:0.49057    G:0.07547
position  3:    T:0.28302    C:0.24528    A:0.26415    G:0.20755
Average         T:0.20126    C:0.25786    A:0.33962    G:0.20126

#8: Sheep          
position  1:    T:0.15094    C:0.26415    A:0.26415    G:0.32075
position  2:    T:0.16981    C:0.26415    A:0.49057    G:0.07547
position  3:    T:0.32075    C:0.20755    A:0.26415    G:0.20755
Average         T:0.21384    C:0.24528    A:0.33962    G:0.20126

#9: MaxwellsDuiker 
position  1:    T:0.15094    C:0.26415    A:0.24528    G:0.33962
position  2:    T:0.16981    C:0.26415    A:0.49057    G:0.07547
position  3:    T:0.28302    C:0.22642    A:0.22642    G:0.26415
Average         T:0.20126    C:0.25157    A:0.32075    G:0.22642

#10: GazellaPrzewalskyi
position  1:    T:0.16981    C:0.24528    A:0.26415    G:0.32075
position  2:    T:0.16981    C:0.26415    A:0.49057    G:0.07547
position  3:    T:0.30189    C:0.22642    A:0.26415    G:0.20755
Average         T:0.21384    C:0.24528    A:0.33962    G:0.20126

#11: MountainNyala  
position  1:    T:0.15094    C:0.26415    A:0.28302    G:0.30189
position  2:    T:0.18868    C:0.26415    A:0.49057    G:0.05660
position  3:    T:0.30189    C:0.22642    A:0.28302    G:0.18868
Average         T:0.21384    C:0.25157    A:0.35220    G:0.18239

#12: MuntiacusMuntjak
position  1:    T:0.15094    C:0.26415    A:0.28302    G:0.30189
position  2:    T:0.16981    C:0.26415    A:0.49057    G:0.07547
position  3:    T:0.30189    C:0.22642    A:0.28302    G:0.18868
Average         T:0.20755    C:0.25157    A:0.35220    G:0.18868

#13: goat           
position  1:    T:0.15094    C:0.26415    A:0.26415    G:0.32075
position  2:    T:0.16981    C:0.26415    A:0.49057    G:0.07547
position  3:    T:0.32075    C:0.20755    A:0.26415    G:0.20755
Average         T:0.21384    C:0.24528    A:0.33962    G:0.20126

#14: AfricanBuffalo 
position  1:    T:0.15094    C:0.26415    A:0.28302    G:0.30189
position  2:    T:0.16981    C:0.26415    A:0.49057    G:0.07547
position  3:    T:0.30189    C:0.22642    A:0.28302    G:0.18868
Average         T:0.20755    C:0.25157    A:0.35220    G:0.18868

#15: Topi           
position  1:    T:0.15094    C:0.26415    A:0.26415    G:0.32075
position  2:    T:0.16981    C:0.26415    A:0.49057    G:0.07547
position  3:    T:0.28302    C:0.22642    A:0.26415    G:0.22642
Average         T:0.20126    C:0.25157    A:0.33962    G:0.20755

#16: CommonDuiker   
position  1:    T:0.15094    C:0.26415    A:0.24528    G:0.33962
position  2:    T:0.16981    C:0.26415    A:0.49057    G:0.07547
position  3:    T:0.30189    C:0.22642    A:0.28302    G:0.18868
Average         T:0.20755    C:0.25157    A:0.33962    G:0.20126

#17: Suni           
position  1:    T:0.15094    C:0.26415    A:0.24528    G:0.33962
position  2:    T:0.16981    C:0.26415    A:0.49057    G:0.07547
position  3:    T:0.28302    C:0.24528    A:0.24528    G:0.22642
Average         T:0.20126    C:0.25786    A:0.32704    G:0.21384

#18: Springbuck     
position  1:    T:0.15094    C:0.26415    A:0.26415    G:0.32075
position  2:    T:0.16981    C:0.26415    A:0.49057    G:0.07547
position  3:    T:0.28302    C:0.24528    A:0.24528    G:0.22642
Average         T:0.20126    C:0.25786    A:0.33333    G:0.20755

#19: Okapi          
position  1:    T:0.15094    C:0.26415    A:0.26415    G:0.32075
position  2:    T:0.20755    C:0.24528    A:0.49057    G:0.05660
position  3:    T:0.28302    C:0.24528    A:0.28302    G:0.18868
Average         T:0.21384    C:0.25157    A:0.34591    G:0.18868

#20: Giraffe        
position  1:    T:0.15094    C:0.28302    A:0.24528    G:0.32075
position  2:    T:0.16981    C:0.26415    A:0.49057    G:0.07547
position  3:    T:0.28302    C:0.24528    A:0.28302    G:0.18868
Average         T:0.20126    C:0.26415    A:0.33962    G:0.19497

#21: TibetanAntelope
position  1:    T:0.15094    C:0.26415    A:0.26415    G:0.32075
position  2:    T:0.16981    C:0.26415    A:0.49057    G:0.07547
position  3:    T:0.32075    C:0.18868    A:0.28302    G:0.20755
Average         T:0.21384    C:0.23899    A:0.34591    G:0.20126

#22: Sitatunga      
position  1:    T:0.15094    C:0.26415    A:0.26415    G:0.32075
position  2:    T:0.18868    C:0.26415    A:0.49057    G:0.05660
position  3:    T:0.30189    C:0.22642    A:0.28302    G:0.18868
Average         T:0.21384    C:0.25157    A:0.34591    G:0.18868

#23: Oribi          
position  1:    T:0.15094    C:0.26415    A:0.26415    G:0.32075
position  2:    T:0.18868    C:0.26415    A:0.47170    G:0.07547
position  3:    T:0.30189    C:0.22642    A:0.28302    G:0.18868
Average         T:0.21384    C:0.25157    A:0.33962    G:0.19497

#24: BarbarySheep   
position  1:    T:0.15094    C:0.26415    A:0.26415    G:0.32075
position  2:    T:0.16981    C:0.26415    A:0.49057    G:0.07547
position  3:    T:0.32075    C:0.20755    A:0.24528    G:0.22642
Average         T:0.21384    C:0.24528    A:0.33333    G:0.20755

#25: Daviddeer      
position  1:    T:0.15094    C:0.26415    A:0.28302    G:0.30189
position  2:    T:0.16981    C:0.26415    A:0.49057    G:0.07547
position  3:    T:0.30189    C:0.22642    A:0.28302    G:0.18868
Average         T:0.20755    C:0.25157    A:0.35220    G:0.18868

#26: Reindeer       
position  1:    T:0.15094    C:0.26415    A:0.28302    G:0.30189
position  2:    T:0.16981    C:0.26415    A:0.49057    G:0.07547
position  3:    T:0.30189    C:0.22642    A:0.28302    G:0.18868
Average         T:0.20755    C:0.25157    A:0.35220    G:0.18868

#27: Ibex           
position  1:    T:0.15094    C:0.26415    A:0.26415    G:0.32075
position  2:    T:0.16981    C:0.26415    A:0.49057    G:0.07547
position  3:    T:0.32075    C:0.20755    A:0.26415    G:0.20755
Average         T:0.21384    C:0.24528    A:0.33962    G:0.20126

#28: GyrantGazelle  
position  1:    T:0.15094    C:0.26415    A:0.26415    G:0.32075
position  2:    T:0.16981    C:0.26415    A:0.49057    G:0.07547
position  3:    T:0.32075    C:0.20755    A:0.26415    G:0.20755
Average         T:0.21384    C:0.24528    A:0.33962    G:0.20126

#29: Hartebeest     
position  1:    T:0.15094    C:0.26415    A:0.26415    G:0.32075
position  2:    T:0.16981    C:0.26415    A:0.49057    G:0.07547
position  3:    T:0.28302    C:0.22642    A:0.28302    G:0.20755
Average         T:0.20126    C:0.25157    A:0.34591    G:0.20126

#30: Bongo          
position  1:    T:0.15094    C:0.26415    A:0.28302    G:0.30189
position  2:    T:0.18868    C:0.26415    A:0.49057    G:0.05660
position  3:    T:0.32075    C:0.20755    A:0.28302    G:0.18868
Average         T:0.22013    C:0.24528    A:0.35220    G:0.18239

#31: Gerenuk        
position  1:    T:0.15094    C:0.26415    A:0.26415    G:0.32075
position  2:    T:0.16981    C:0.26415    A:0.49057    G:0.07547
position  3:    T:0.30189    C:0.22642    A:0.28302    G:0.18868
Average         T:0.20755    C:0.25157    A:0.34591    G:0.19497

#32: CommonEland    
position  1:    T:0.15094    C:0.26415    A:0.28302    G:0.30189
position  2:    T:0.18868    C:0.26415    A:0.49057    G:0.05660
position  3:    T:0.30189    C:0.22642    A:0.28302    G:0.18868
Average         T:0.21384    C:0.25157    A:0.35220    G:0.18239

#33: MuntiacusReevesi
position  1:    T:0.15094    C:0.26415    A:0.28302    G:0.30189
position  2:    T:0.16981    C:0.26415    A:0.49057    G:0.07547
position  3:    T:0.30189    C:0.22642    A:0.28302    G:0.18868
Average         T:0.20755    C:0.25157    A:0.35220    G:0.18868

#34: HarveysDuiker  
position  1:    T:0.16981    C:0.24528    A:0.24528    G:0.33962
position  2:    T:0.16981    C:0.26415    A:0.49057    G:0.07547
position  3:    T:0.30189    C:0.22642    A:0.28302    G:0.18868
Average         T:0.21384    C:0.24528    A:0.33962    G:0.20126

#35: Pronghorn      
position  1:    T:0.15094    C:0.26415    A:0.26415    G:0.32075
position  2:    T:0.16981    C:0.26415    A:0.49057    G:0.07547
position  3:    T:0.30189    C:0.22642    A:0.28302    G:0.18868
Average         T:0.20755    C:0.25157    A:0.34591    G:0.19497

#36: BlueWildebeest 
position  1:    T:0.15094    C:0.26415    A:0.26415    G:0.32075
position  2:    T:0.16981    C:0.26415    A:0.49057    G:0.07547
position  3:    T:0.28302    C:0.22642    A:0.26415    G:0.22642
Average         T:0.20126    C:0.25157    A:0.33962    G:0.20755

#37: Gemsbok        
position  1:    T:0.15094    C:0.26415    A:0.26415    G:0.32075
position  2:    T:0.16981    C:0.26415    A:0.49057    G:0.07547
position  3:    T:0.28302    C:0.22642    A:0.26415    G:0.22642
Average         T:0.20126    C:0.25157    A:0.33962    G:0.20755

#38: Yak            
position  1:    T:0.15094    C:0.26415    A:0.28302    G:0.30189
position  2:    T:0.16981    C:0.26415    A:0.49057    G:0.07547
position  3:    T:0.30189    C:0.22642    A:0.28302    G:0.18868
Average         T:0.20755    C:0.25157    A:0.35220    G:0.18868

#39: BlueSheep      
position  1:    T:0.15094    C:0.26415    A:0.26415    G:0.32075
position  2:    T:0.16981    C:0.26415    A:0.49057    G:0.07547
position  3:    T:0.32075    C:0.20755    A:0.24528    G:0.22642
Average         T:0.21384    C:0.24528    A:0.33333    G:0.20755

#40: BohorReedbuck  
position  1:    T:0.15094    C:0.26415    A:0.26415    G:0.32075
position  2:    T:0.16981    C:0.26415    A:0.49057    G:0.07547
position  3:    T:0.28302    C:0.24528    A:0.26415    G:0.20755
Average         T:0.20126    C:0.25786    A:0.33962    G:0.20126

#41: KirksDik       
position  1:    T:0.15094    C:0.26415    A:0.26415    G:0.32075
position  2:    T:0.16981    C:0.26415    A:0.49057    G:0.07547
position  3:    T:0.32075    C:0.20755    A:0.26415    G:0.20755
Average         T:0.21384    C:0.24528    A:0.33962    G:0.20126

#42: RoeDeer        
position  1:    T:0.15094    C:0.24528    A:0.28302    G:0.32075
position  2:    T:0.16981    C:0.26415    A:0.49057    G:0.07547
position  3:    T:0.30189    C:0.22642    A:0.28302    G:0.18868
Average         T:0.20755    C:0.24528    A:0.35220    G:0.19497

#43: WhiteLippedDeer
position  1:    T:0.15094    C:0.28302    A:0.26415    G:0.30189
position  2:    T:0.16981    C:0.26415    A:0.49057    G:0.07547
position  3:    T:0.30189    C:0.22642    A:0.28302    G:0.18868
Average         T:0.20755    C:0.25786    A:0.34591    G:0.18868

#44: ThomsonGazelle 
position  1:    T:0.15094    C:0.26415    A:0.28302    G:0.30189
position  2:    T:0.16981    C:0.26415    A:0.49057    G:0.07547
position  3:    T:0.30189    C:0.22642    A:0.26415    G:0.20755
Average         T:0.20755    C:0.25157    A:0.34591    G:0.19497

#45: MuntiacusCrinifrons
position  1:    T:0.15094    C:0.26415    A:0.28302    G:0.30189
position  2:    T:0.16981    C:0.26415    A:0.49057    G:0.07547
position  3:    T:0.30189    C:0.22642    A:0.28302    G:0.18868
Average         T:0.20755    C:0.25157    A:0.35220    G:0.18868

#46: WhiteTailedDeer
position  1:    T:0.15094    C:0.26415    A:0.28302    G:0.30189
position  2:    T:0.16981    C:0.26415    A:0.49057    G:0.07547
position  3:    T:0.30189    C:0.22642    A:0.28302    G:0.18868
Average         T:0.20755    C:0.25157    A:0.35220    G:0.18868

#47: Cattle         
position  1:    T:0.15094    C:0.26415    A:0.28302    G:0.30189
position  2:    T:0.16981    C:0.26415    A:0.49057    G:0.07547
position  3:    T:0.30189    C:0.22642    A:0.28302    G:0.18868
Average         T:0.20755    C:0.25157    A:0.35220    G:0.18868

#48: RoyalAntelope  
position  1:    T:0.16981    C:0.24528    A:0.28302    G:0.30189
position  2:    T:0.16981    C:0.26415    A:0.49057    G:0.07547
position  3:    T:0.26415    C:0.26415    A:0.28302    G:0.18868
Average         T:0.20126    C:0.25786    A:0.35220    G:0.18868

#49: Steenbok       
position  1:    T:0.15094    C:0.26415    A:0.26415    G:0.32075
position  2:    T:0.16981    C:0.26415    A:0.49057    G:0.07547
position  3:    T:0.30189    C:0.22642    A:0.28302    G:0.18868
Average         T:0.20755    C:0.25157    A:0.34591    G:0.19497

#50: Impala         
position  1:    T:0.16981    C:0.24528    A:0.22642    G:0.35849
position  2:    T:0.16981    C:0.26415    A:0.49057    G:0.07547
position  3:    T:0.32075    C:0.20755    A:0.28302    G:0.18868
Average         T:0.22013    C:0.23899    A:0.33333    G:0.20755

#51: Klipspringer   
position  1:    T:0.15094    C:0.26415    A:0.24528    G:0.33962
position  2:    T:0.16981    C:0.26415    A:0.49057    G:0.07547
