CODONML (in paml version 4.10.7, June 2023)  /home/rachel/ruminants_paml/6406-phy-tree/ENSBTAT00000003464.fasta.phy
Model: free dN/dS Ratios for branches,  kappa = 2.000 fixed

Codon frequency model: F3x4
ns =  54  ls =  22

Codon usage in sequences
--------------------------------------------------------------------------------------------------------------------------------------
Phe TTT   0   0   0   0   0   0 | Ser TCT   0   0   0   0   0   0 | Tyr TAT   0   0   0   0   0   0 | Cys TGT   0   0   0   0   0   0
    TTC   0   0   0   0   0   0 |     TCC   0   0   0   0   0   0 |     TAC   0   1   1   1   0   0 |     TGC   1   0   0   0   0   0
Leu TTA   2   1   2   2   0   0 |     TCA   1   1   1   1   1   1 | *** TAA   0   0   0   0   0   0 | *** TGA   0   0   0   0   0   0
    TTG   1   2   1   1   2   2 |     TCG   0   0   0   0   1   0 |     TAG   0   0   0   0   0   0 | Trp TGG   0   0   0   0   0   0
--------------------------------------------------------------------------------------------------------------------------------------
Leu CTT   0   0   0   0   1   0 | Pro CCT   0   0   0   0   0   0 | His CAT   0   0   0   0   0   0 | Arg CGT   0   0   0   0   0   0
    CTC   1   1   1   1   0   1 |     CCC   0   0   0   0   0   0 |     CAC   0   0   0   0   0   0 |     CGC   0   0   0   0   0   0
    CTA   0   0   0   0   0   0 |     CCA   0   0   0   0   0   0 | Gln CAA   2   0   2   2   2   2 |     CGA   0   0   0   0   0   0
    CTG   0   0   0   0   1   1 |     CCG   0   0   0   0   0   0 |     CAG   1   3   1   1   0   1 |     CGG   0   0   0   0   0   0
--------------------------------------------------------------------------------------------------------------------------------------
Ile ATT   1   1   1   1   1   1 | Thr ACT   0   0   0   0   0   0 | Asn AAT   0   1   0   0   1   1 | Ser AGT   2   1   2   1   1   2
    ATC   0   0   0   0   0   0 |     ACC   0   0   0   0   0   0 |     AAC   0   0   0   1   1   0 |     AGC   0   0   0   0   0   0
    ATA   0   0   0   0   0   0 |     ACA   2   1   2   1   1   2 | Lys AAA   3   2   3   2   2   2 | Arg AGA   0   0   0   0   0   0
Met ATG   1   1   1   1   0   1 |     ACG   0   0   0   0   1   0 |     AAG   0   1   0   0   2   1 |     AGG   0   0   0   0   0   0
--------------------------------------------------------------------------------------------------------------------------------------
Val GTT   0   0   0   0   0   0 | Ala GCT   0   0   0   0   0   0 | Asp GAT   1   1   1   1   1   0 | Gly GGT   0   0   0   1   0   0
    GTC   0   0   0   0   0   0 |     GCC   0   0   0   0   0   0 |     GAC   0   0   0   0   0   1 |     GGC   0   0   0   0   0   0
    GTA   0   0   0   0   0   0 |     GCA   0   1   0   1   0   0 | Glu GAA   0   1   0   0   0   0 |     GGA   0   0   0   0   0   0
    GTG   0   0   0   0   0   0 |     GCG   0   0   0   0   0   0 |     GAG   3   2   3   3   3   3 |     GGG   0   0   0   0   0   0
--------------------------------------------------------------------------------------------------------------------------------------

--------------------------------------------------------------------------------------------------------------------------------------
Phe TTT   0   0   0   0   0   0 | Ser TCT   0   0   0   0   0   0 | Tyr TAT   0   0   0   0   0   0 | Cys TGT   0   0   0   0   0   0
    TTC   0   0   0   0   0   0 |     TCC   0   0   0   0   0   0 |     TAC   0   0   0   0   1   1 |     TGC   1   1   1   1   0   0
Leu TTA   2   2   2   2   2   1 |     TCA   1   1   1   1   1   1 | *** TAA   0   0   0   0   0   0 | *** TGA   0   0   0   0   0   0
    TTG   1   1   0   1   1   1 |     TCG   0   0   0   0   0   0 |     TAG   0   0   0   0   0   0 | Trp TGG   0   0   0   0   0   0
--------------------------------------------------------------------------------------------------------------------------------------
Leu CTT   0   0   0   0   0   0 | Pro CCT   0   0   0   0   0   0 | His CAT   0   0   0   0   0   0 | Arg CGT   0   0   0   0   0   0
    CTC   1   1   1   1   1   1 |     CCC   0   0   0   0   0   0 |     CAC   0   0   0   0   0   0 |     CGC   0   0   0   0   0   0
    CTA   0   0   0   0   0   1 |     CCA   0   0   0   0   0   0 | Gln CAA   2   2   1   2   2   2 |     CGA   0   0   0   0   0   0
    CTG   0   0   0   0   0   0 |     CCG   0   0   0   0   0   0 |     CAG   1   1   2   1   1   1 |     CGG   0   0   0   0   0   0
--------------------------------------------------------------------------------------------------------------------------------------
Ile ATT   1   1   1   1   1   1 | Thr ACT   0   0   0   0   0   0 | Asn AAT   0   0   0   0   0   1 | Ser AGT   2   2   2   2   2   2
    ATC   0   0   0   0   0   0 |     ACC   0   0   0   0   0   0 |     AAC   0   0   0   0   0   0 |     AGC   0   0   0   0   0   0
    ATA   0   0   0   0   0   0 |     ACA   2   2   2   2   2   2 | Lys AAA   3   3   3   3   3   3 | Arg AGA   0   0   0   0   0   0
Met ATG   1   1   1   1   1   1 |     ACG   0   0   0   0   0   0 |     AAG   0   0   0   0   0   0 |     AGG   0   0   0   0   0   0
--------------------------------------------------------------------------------------------------------------------------------------
Val GTT   0   0   0   0   0   0 | Ala GCT   0   0   0   0   0   0 | Asp GAT   1   1   1   1   1   0 | Gly GGT   0   0   0   0   0   0
    GTC   0   0   0   0   0   0 |     GCC   0   0   0   0   0   0 |     GAC   0   0   0   0   0   0 |     GGC   0   0   0   0   0   0
    GTA   0   0   0   0   0   0 |     GCA   0   0   0   0   0   0 | Glu GAA   0   0   0   0   0   0 |     GGA   0   0   0   0   0   0
    GTG   0   0   1   0   0   0 |     GCG   0   0   0   0   0   0 |     GAG   3   3   3   3   3   3 |     GGG   0   0   0   0   0   0
--------------------------------------------------------------------------------------------------------------------------------------

--------------------------------------------------------------------------------------------------------------------------------------
Phe TTT   0   0   0   0   0   0 | Ser TCT   0   0   0   0   0   0 | Tyr TAT   0   0   0   0   0   0 | Cys TGT   0   0   0   0   1   0
    TTC   0   0   0   0   0   0 |     TCC   0   0   0   0   0   0 |     TAC   0   1   0   0   0   0 |     TGC   1   0   1   1   0   1
Leu TTA   2   2   3   2   2   2 |     TCA   1   1   0   1   1   1 | *** TAA   0   0   0   0   0   0 | *** TGA   0   0   0   0   0   0
    TTG   1   1   1   1   1   1 |     TCG   0   0   0   0   0   0 |     TAG   0   0   0   0   0   0 | Trp TGG   0   0   0   0   0   0
--------------------------------------------------------------------------------------------------------------------------------------
Leu CTT   0   0   0   0   0   0 | Pro CCT   0   0   0   0   0   0 | His CAT   0   0   0   0   0   0 | Arg CGT   0   0   0   0   0   0
    CTC   1   1   1   1   1   1 |     CCC   0   0   0   0   0   0 |     CAC   0   0   0   0   0   0 |     CGC   0   0   0   0   0   0
    CTA   0   0   0   0   0   0 |     CCA   0   0   0   0   0   0 | Gln CAA   2   2   2   2   2   2 |     CGA   0   0   0   0   0   0
    CTG   0   0   0   0   0   0 |     CCG   0   0   0   0   0   0 |     CAG   1   1   1   1   1   1 |     CGG   0   0   0   0   0   0
--------------------------------------------------------------------------------------------------------------------------------------
Ile ATT   1   1   1   1   1   1 | Thr ACT   0   0   0   0   0   0 | Asn AAT   0   0   0   0   0   0 | Ser AGT   2   2   2   2   2   2
    ATC   0   0   0   0   0   0 |     ACC   0   0   0   0   0   0 |     AAC   0   0   0   0   0   0 |     AGC   0   0   0   0   0   0
    ATA   0   0   0   0   0   0 |     ACA   2   2   2   2   1   2 | Lys AAA   3   3   3   3   3   3 | Arg AGA   0   0   0   0   0   0
Met ATG   1   1   1   1   1   1 |     ACG   0   0   0   0   0   0 |     AAG   0   0   0   0   0   0 |     AGG   0   0   0   0   0   0
--------------------------------------------------------------------------------------------------------------------------------------
Val GTT   0   0   0   0   0   0 | Ala GCT   0   0   0   0   0   0 | Asp GAT   1   1   1   1   1   1 | Gly GGT   0   0   0   0   0   0
    GTC   0   0   0   0   0   0 |     GCC   0   0   0   0   0   0 |     GAC   0   0   0   0   0   0 |     GGC   0   0   0   0   0   0
    GTA   0   0   0   0   0   0 |     GCA   0   0   0   0   1   0 | Glu GAA   0   0   0   0   0   0 |     GGA   0   0   0   0   0   0
    GTG   0   0   0   0   0   0 |     GCG   0   0   0   0   0   0 |     GAG   3   3   3   3   3   3 |     GGG   0   0   0   0   0   0
--------------------------------------------------------------------------------------------------------------------------------------

--------------------------------------------------------------------------------------------------------------------------------------
Phe TTT   0   0   0   0   0   0 | Ser TCT   0   0   0   0   0   0 | Tyr TAT   0   0   0   0   0   0 | Cys TGT   0   0   0   0   0   0
    TTC   0   0   0   0   0   0 |     TCC   0   0   0   0   0   0 |     TAC   1   1   0   1   0   0 |     TGC   0   0   1   0   1   1
Leu TTA   2   2   2   2   2   2 |     TCA   1   1   1   1   1   1 | *** TAA   0   0   0   0   0   0 | *** TGA   0   0   0   0   0   0
    TTG   1   1   1   1   1   1 |     TCG   0   0   0   0   0   0 |     TAG   0   0   0   0   0   0 | Trp TGG   0   0   0   0   0   0
--------------------------------------------------------------------------------------------------------------------------------------
Leu CTT   0   0   0   0   0   0 | Pro CCT   0   0   0   0   0   0 | His CAT   0   0   0   0   0   0 | Arg CGT   0   0   0   0   0   0
    CTC   1   1   1   1   1   1 |     CCC   0   0   0   0   0   0 |     CAC   0   0   0   0   0   0 |     CGC   0   0   0   0   0   0
    CTA   0   0   0   0   0   0 |     CCA   0   0   0   0   0   0 | Gln CAA   1   2   2   2   2   2 |     CGA   0   0   0   0   0   0
    CTG   0   0   0   0   0   0 |     CCG   0   0   0   0   0   0 |     CAG   2   1   1   1   1   1 |     CGG   0   0   0   0   0   0
--------------------------------------------------------------------------------------------------------------------------------------
Ile ATT   1   1   1   1   1   1 | Thr ACT   0   0   0   0   0   0 | Asn AAT   0   0   0   0   0   0 | Ser AGT   2   2   2   2   1   2
    ATC   0   0   0   0   0   0 |     ACC   0   0   0   0   0   0 |     AAC   0   0   0   0   0   0 |     AGC   0   0   0   0   1   0
    ATA   0   0   0   0   0   0 |     ACA   2   2   2   2   2   2 | Lys AAA   2   2   3   3   3   3 | Arg AGA   0   0   0   0   0   0
Met ATG   1   1   1   1   1   1 |     ACG   0   0   0   0   0   0 |     AAG   2   1   0   0   0   0 |     AGG   0   0   0   0   0   0
--------------------------------------------------------------------------------------------------------------------------------------
Val GTT   0   0   0   0   0   0 | Ala GCT   0   0   0   0   0   0 | Asp GAT   1   1   1   1   1   1 | Gly GGT   0   0   0   0   0   0
    GTC   0   0   0   0   0   0 |     GCC   0   0   0   0   0   0 |     GAC   0   0   0   0   0   0 |     GGC   0   0   0   0   0   0
    GTA   0   0   0   0   0   0 |     GCA   0   0   0   0   0   0 | Glu GAA   0   0   0   0   0   0 |     GGA   0   0   0   0   0   0
    GTG   0   0   0   0   0   0 |     GCG   0   0   0   0   0   0 |     GAG   2   3   3   3   3   3 |     GGG   0   0   0   0   0   0
--------------------------------------------------------------------------------------------------------------------------------------

--------------------------------------------------------------------------------------------------------------------------------------
Phe TTT   0   0   0   0   0   0 | Ser TCT   0   0   0   0   0   0 | Tyr TAT   0   0   0   0   0   0 | Cys TGT   0   0   0   0   0   0
    TTC   0   0   0   0   0   0 |     TCC   0   0   0   0   0   0 |     TAC   1   1   0   0   0   1 |     TGC   0   0   1   1   1   0
Leu TTA   2   2   2   2   3   2 |     TCA   1   1   1   1   0   1 | *** TAA   0   0   0   0   0   0 | *** TGA   0   0   0   0   0   0
    TTG   1   1   1   1   1   1 |     TCG   0   0   0   0   0   0 |     TAG   0   0   0   0   0   0 | Trp TGG   0   0   0   0   0   0
--------------------------------------------------------------------------------------------------------------------------------------
Leu CTT   0   0   0   0   0   0 | Pro CCT   0   0   0   0   0   0 | His CAT   0   0   0   0   0   0 | Arg CGT   0   0   0   0   0   0
    CTC   1   1   1   1   1   1 |     CCC   0   0   0   0   0   0 |     CAC   0   0   0   0   0   0 |     CGC   0   0   0   0   0   0
    CTA   0   0   0   0   0   0 |     CCA   0   0   0   0   0   0 | Gln CAA   2   2   2   2   2   2 |     CGA   0   0   0   0   0   0
    CTG   0   0   0   0   0   0 |     CCG   0   0   0   0   0   0 |     CAG   1   1   1   1   1   1 |     CGG   0   0   0   0   0   0
--------------------------------------------------------------------------------------------------------------------------------------
Ile ATT   1   1   1   1   1   1 | Thr ACT   0   0   0   0   0   0 | Asn AAT   1   1   0   0   0   0 | Ser AGT   2   2   2   2   2   2
    ATC   0   0   0   0   0   0 |     ACC   0   0   0   0   0   0 |     AAC   0   0   0   0   0   0 |     AGC   0   0   0   0   0   0
    ATA   0   0   0   0   0   0 |     ACA   2   2   2   2   2   2 | Lys AAA   2   3   3   3   3   3 | Arg AGA   0   0   0   0   0   0
Met ATG   1   1   1   1   1   1 |     ACG   0   0   0   0   0   0 |     AAG   1   0   0   0   0   0 |     AGG   0   0   0   0   0   0
--------------------------------------------------------------------------------------------------------------------------------------
Val GTT   0   0   0   0   0   0 | Ala GCT   0   0   0   0   0   0 | Asp GAT   0   0   1   1   1   1 | Gly GGT   0   0   0   0   0   0
    GTC   0   0   0   0   0   0 |     GCC   0   0   0   0   0   0 |     GAC   0   0   0   0   0   0 |     GGC   0   0   0   0   0   0
    GTA   0   0   0   0   0   0 |     GCA   0   0   0   0   0   0 | Glu GAA   0   0   0   0   0   0 |     GGA   0   0   0   0   0   0
    GTG   0   0   0   0   0   0 |     GCG   0   0   0   0   0   0 |     GAG   3   3   3   3   3   3 |     GGG   0   0   0   0   0   0
--------------------------------------------------------------------------------------------------------------------------------------

--------------------------------------------------------------------------------------------------------------------------------------
Phe TTT   0   0   0   0   0   0 | Ser TCT   0   0   0   0   0   0 | Tyr TAT   0   0   0   0   0   0 | Cys TGT   0   0   0   0   0   0
    TTC   0   0   0   0   0   0 |     TCC   0   0   0   0   0   0 |     TAC   0   1   1   0   1   0 |     TGC   1   0   0   1   0   1
Leu TTA   2   2   1   1   2   2 |     TCA   1   1   1   1   1   1 | *** TAA   0   0   0   0   0   0 | *** TGA   0   0   0   0   0   0
    TTG   0   1   1   1   1   1 |     TCG   0   0   0   0   0   0 |     TAG   0   0   0   0   0   0 | Trp TGG   0   0   0   0   0   0
--------------------------------------------------------------------------------------------------------------------------------------
Leu CTT   0   0   0   0   1   0 | Pro CCT   0   0   0   0   0   0 | His CAT   0   0   0   0   0   0 | Arg CGT   0   0   0   0   0   0
    CTC   1   1   1   1   0   1 |     CCC   0   0   0   0   0   0 |     CAC   0   0   0   0   0   0 |     CGC   0   0   0   0   0   0
    CTA   0   0   1   1   0   0 |     CCA   0   0   0   0   0   0 | Gln CAA   2   2   2   2   2   2 |     CGA   0   0   0   0   0   0
    CTG   1   0   0   0   0   0 |     CCG   0   0   0   0   0   0 |     CAG   1   1   1   1   1   1 |     CGG   0   0   0   0   0   0
--------------------------------------------------------------------------------------------------------------------------------------
Ile ATT   1   1   1   1   1   1 | Thr ACT   0   0   0   0   0   0 | Asn AAT   0   0   1   0   1   0 | Ser AGT   2   2   2   2   1   2
    ATC   0   0   0   0   0   0 |     ACC   0   0   0   0   0   0 |     AAC   0   0   0   0   0   0 |     AGC   0   0   0   0   0   0
    ATA   0   0   0   0   0   0 |     ACA   2   2   2   2   2   2 | Lys AAA   3   3   3   3   2   3 | Arg AGA   0   0   0   0   0   0
Met ATG   1   1   1   1   1   1 |     ACG   0   0   0   0   0   0 |     AAG   0   0   0   0   1   0 |     AGG   0   0   0   0   0   0
--------------------------------------------------------------------------------------------------------------------------------------
Val GTT   0   0   0   0   0   0 | Ala GCT   0   0   0   0   0   0 | Asp GAT   1   1   0   1   1   1 | Gly GGT   0   0   0   0   0   0
    GTC   0   0   0   0   0   0 |     GCC   0   0   0   0   0   0 |     GAC   0   0   0   0   0   0 |     GGC   0   0   0   0   0   0
    GTA   0   0   0   0   0   0 |     GCA   0   0   0   0   0   0 | Glu GAA   0   0   0   0   0   0 |     GGA   0   0   0   0   0   0
    GTG   0   0   0   0   0   0 |     GCG   0   0   0   0   0   0 |     GAG   3   3   3   3   3   3 |     GGG   0   0   0   0   0   0
--------------------------------------------------------------------------------------------------------------------------------------

--------------------------------------------------------------------------------------------------------------------------------------
Phe TTT   0   0   1   0   0   0 | Ser TCT   0   0   0   0   0   0 | Tyr TAT   0   0   0   0   0   0 | Cys TGT   0   0   0   0   0   0
    TTC   0   0   0   0   0   0 |     TCC   0   0   0   0   0   0 |     TAC   0   1   0   0   1   1 |     TGC   1   0   1   1   0   0
Leu TTA   2   2   2   2   2   2 |     TCA   1   1   1   1   1   1 | *** TAA   0   0   0   0   0   0 | *** TGA   0   0   0   0   0   0
    TTG   1   1   1   1   0   1 |     TCG   0   0   0   0   0   0 |     TAG   0   0   0   0   0   0 | Trp TGG   0   0   0   0   0   0
--------------------------------------------------------------------------------------------------------------------------------------
Leu CTT   0   0   0   0   0   0 | Pro CCT   0   0   0   0   0   0 | His CAT   0   0   0   0   0   0 | Arg CGT   0   0   0   0   0   0
    CTC   1   1   1   1   1   1 |     CCC   0   0   0   0   0   0 |     CAC   0   0   0   0   0   0 |     CGC   0   0   0   0   0   0
    CTA   0   0   0   0   0   0 |     CCA   0   0   0   0   0   0 | Gln CAA   2   2   2   2   2   2 |     CGA   0   0   0   0   0   0
    CTG   0   0   0   0   0   0 |     CCG   0   0   0   0   0   0 |     CAG   1   1   1   1   1   1 |     CGG   0   0   0   0   0   0
--------------------------------------------------------------------------------------------------------------------------------------
Ile ATT   1   1   0   1   1   1 | Thr ACT   0   0   0   0   0   0 | Asn AAT   0   0   0   0   0   1 | Ser AGT   2   2   2   2   2   2
    ATC   0   0   0   0   0   0 |     ACC   0   0   0   0   0   0 |     AAC   0   0   0   0   0   0 |     AGC   0   0   0   0   0   0
    ATA   1   0   0   0   0   0 |     ACA   1   2   2   2   2   2 | Lys AAA   3   3   3   3   3   3 | Arg AGA   0   0   0   0   0   0
Met ATG   1   1   1   1   2   1 |     ACG   0   0   0   0   0   0 |     AAG   0   0   0   0   0   0 |     AGG   0   0   0   0   0   0
--------------------------------------------------------------------------------------------------------------------------------------
Val GTT   0   0   0   0   0   0 | Ala GCT   0   0   0   0   0   0 | Asp GAT   1   1   1   1   1   0 | Gly GGT   0   0   0   0   0   0
    GTC   0   0   0   0   0   0 |     GCC   0   0   0   0   0   0 |     GAC   0   0   0   0   0   0 |     GGC   0   0   0   0   0   0
    GTA   0   0   0   0   0   0 |     GCA   0   0   0   0   0   0 | Glu GAA   0   0   0   0   0   0 |     GGA   0   0   0   0   0   0
    GTG   0   0   0   0   0   0 |     GCG   0   0   0   0   0   0 |     GAG   3   3   3   3   3   3 |     GGG   0   0   0   0   0   0
--------------------------------------------------------------------------------------------------------------------------------------

--------------------------------------------------------------------------------------------------------------------------------------
Phe TTT   0   0   0   0   0   1 | Ser TCT   0   0   0   0   0   0 | Tyr TAT   1   0   0   0   0   0 | Cys TGT   0   0   0   0   0   0
    TTC   0   0   0   0   0   0 |     TCC   0   0   0   0   0   0 |     TAC   0   0   1   1   1   0 |     TGC   0   1   0   0   0   1
Leu TTA   2   2   1   2   2   2 |     TCA   1   1   1   1   1   1 | *** TAA   0   0   0   0   0   0 | *** TGA   0   0   0   0   0   0
    TTG   1   1   1   1   1   1 |     TCG   0   0   0   0   0   0 |     TAG   0   0   0   0   0   0 | Trp TGG   0   0   0   0   0   0
--------------------------------------------------------------------------------------------------------------------------------------
Leu CTT   0   0   0   0   0   0 | Pro CCT   0   0   0   0   0   0 | His CAT   0   0   0   0   0   0 | Arg CGT   0   0   0   0   0   0
    CTC   1   1   1   1   1   1 |     CCC   0   0   0   0   0   0 |     CAC   0   0   0   0   0   0 |     CGC   0   0   0   0   0   0
    CTA   0   0   1   0   0   0 |     CCA   0   0   0   0   0   0 | Gln CAA   2   2   2   2   2   2 |     CGA   0   0   0   0   0   0
    CTG   0   0   0   0   0   0 |     CCG   0   0   0   0   0   0 |     CAG   1   1   1   1   1   1 |     CGG   0   0   0   0   0   0
--------------------------------------------------------------------------------------------------------------------------------------
Ile ATT   1   1   1   1   1   0 | Thr ACT   0   0   0   0   0   0 | Asn AAT   1   0   1   1   0   0 | Ser AGT   2   2   2   2   2   2
    ATC   0   0   0   0   0   0 |     ACC   0   0   0   0   0   0 |     AAC   0   0   0   0   0   0 |     AGC   0   0   0   0   0   0
    ATA   0   0   0   0   0   0 |     ACA   2   2   2   2   2   1 | Lys AAA   3   3   3   3   3   3 | Arg AGA   0   0   0   0   0   0
Met ATG   1   1   1   1   1   1 |     ACG   0   0   0   0   0   0 |     AAG   0   0   0   0   0   0 |     AGG   0   0   0   0   0   0
--------------------------------------------------------------------------------------------------------------------------------------
Val GTT   0   0   0   0   0   0 | Ala GCT   0   0   0   0   0   0 | Asp GAT   0   1   0   0   1   1 | Gly GGT   0   0   0   0   0   0
    GTC   0   0   0   0   0   0 |     GCC   0   0   0   0   0   0 |     GAC   0   0   0   0   0   0 |     GGC   0   0   0   0   0   0
    GTA   0   0   0   0   0   0 |     GCA   0   0   0   0   0   1 | Glu GAA   0   0   0   0   0   0 |     GGA   0   0   0   0   0   0
    GTG   0   0   0   0   0   0 |     GCG   0   0   0   0   0   0 |     GAG   3   3   3   3   3   3 |     GGG   0   0   0   0   0   0
--------------------------------------------------------------------------------------------------------------------------------------

--------------------------------------------------------------------------------------------------------------------------------------
Phe TTT   0   0   0   0   0   0 | Ser TCT   0   0   0   0   0   0 | Tyr TAT   0   0   0   0   0   0 | Cys TGT   0   0   1   0   0   0
    TTC   0   0   0   0   0   0 |     TCC   0   0   0   0   0   0 |     TAC   0   0   0   1   1   1 |     TGC   1   1   0   0   0   0
Leu TTA   2   2   2   2   2   2 |     TCA   1   1   1   1   1   1 | *** TAA   0   0   0   0   0   0 | *** TGA   0   0   0   0   0   0
    TTG   1   1   1   1   1   1 |     TCG   0   0   0   0   0   0 |     TAG   0   0   0   0   0   0 | Trp TGG   0   0   0   0   0   0
--------------------------------------------------------------------------------------------------------------------------------------
Leu CTT   1   0   0   0   0   0 | Pro CCT   0   0   0   0   0   0 | His CAT   0   0   0   0   0   0 | Arg CGT   0   0   0   0   0   0
    CTC   0   1   1   1   1   1 |     CCC   0   0   0   0   0   0 |     CAC   0   0   0   0   0   0 |     CGC   0   0   0   0   0   0
    CTA   0   0   0   0   0   0 |     CCA   0   0   0   0   0   0 | Gln CAA   2   2   1   2   2   2 |     CGA   0   0   0   0   0   0
    CTG   0   0   0   0   0   0 |     CCG   0   0   0   0   0   0 |     CAG   1   1   2   1   1   1 |     CGG   0   0   0   0   0   0
--------------------------------------------------------------------------------------------------------------------------------------
Ile ATT   1   1   1   1   1   1 | Thr ACT   0   0   0   0   0   0 | Asn AAT   0   0   0   0   0   0 | Ser AGT   2   2   2   1   2   2
    ATC   0   0   0   0   0   0 |     ACC   0   0   0   0   0   0 |     AAC   0   0   0   1   0   0 |     AGC   0   0   0   0   0   0
    ATA   0   0   0   0   0   0 |     ACA   2   1   1   1   2   2 | Lys AAA   3   2   3   2   3   3 | Arg AGA   0   1   0   0   0   0
Met ATG   1   1   1   1   1   1 |     ACG   0   0   0   0   0   0 |     AAG   0   0   0   0   0   0 |     AGG   0   0   0   0   0   0
--------------------------------------------------------------------------------------------------------------------------------------
Val GTT   0   0   0   0   0   0 | Ala GCT   0   0   0   0   0   0 | Asp GAT   1   1   1   1   1   1 | Gly GGT   0   0   0   1   0   0
    GTC   0   0   0   0   0   0 |     GCC   0   0   0   0   0   0 |     GAC   0   0   0   0   0   0 |     GGC   0   0   0   0   0   0
    GTA   0   0   0   0   0   0 |     GCA   0   1   1   1   0   0 | Glu GAA   0   0   0   0   0   0 |     GGA   0   0   0   0   0   0
    GTG   0   0   0   0   0   0 |     GCG   0   0   0   0   0   0 |     GAG   3   3   3   3   3   3 |     GGG   0   0   0   0   0   0
--------------------------------------------------------------------------------------------------------------------------------------

Codon position x base (3x4) table for each sequence.

#1: Argali         
position  1:    T:0.22727    C:0.18182    A:0.40909    G:0.18182
position  2:    T:0.27273    C:0.13636    A:0.45455    G:0.13636
position  3:    T:0.18182    C:0.09091    A:0.45455    G:0.27273
Average         T:0.22727    C:0.13636    A:0.43939    G:0.19697

#2: LesserMouseDeer
position  1:    T:0.22727    C:0.18182    A:0.36364    G:0.22727
position  2:    T:0.27273    C:0.13636    A:0.54545    G:0.04545
position  3:    T:0.18182    C:0.09091    A:0.31818    G:0.40909
Average         T:0.22727    C:0.13636    A:0.40909    G:0.22727

#3: LesserKudu     
position  1:    T:0.22727    C:0.18182    A:0.40909    G:0.18182
position  2:    T:0.27273    C:0.13636    A:0.50000    G:0.09091
position  3:    T:0.18182    C:0.09091    A:0.45455    G:0.27273
Average         T:0.22727    C:0.13636    A:0.45455    G:0.18182

#4: ForestMuskDeer2
position  1:    T:0.22727    C:0.18182    A:0.31818    G:0.27273
position  2:    T:0.27273    C:0.13636    A:0.50000    G:0.09091
position  3:    T:0.18182    C:0.13636    A:0.40909    G:0.27273
Average         T:0.22727    C:0.15152    A:0.40909    G:0.21212

#5: Camel          
position  1:    T:0.18182    C:0.18182    A:0.45455    G:0.18182
position  2:    T:0.22727    C:0.18182    A:0.54545    G:0.04545
position  3:    T:0.22727    C:0.04545    A:0.27273    G:0.45455
Average         T:0.21212    C:0.13636    A:0.42424    G:0.22727

#6: KillerWhale    
position  1:    T:0.13636    C:0.22727    A:0.45455    G:0.18182
position  2:    T:0.27273    C:0.13636    A:0.50000    G:0.09091
position  3:    T:0.18182    C:0.09091    A:0.31818    G:0.40909
Average         T:0.19697    C:0.15152    A:0.42424    G:0.22727

#7: DefassaWaterbuck
position  1:    T:0.22727    C:0.18182    A:0.40909    G:0.18182
position  2:    T:0.27273    C:0.13636    A:0.45455    G:0.13636
position  3:    T:0.18182    C:0.09091    A:0.45455    G:0.27273
Average         T:0.22727    C:0.13636    A:0.43939    G:0.19697

#8: Sheep          
position  1:    T:0.22727    C:0.18182    A:0.40909    G:0.18182
position  2:    T:0.27273    C:0.13636    A:0.45455    G:0.13636
position  3:    T:0.18182    C:0.09091    A:0.45455    G:0.27273
Average         T:0.22727    C:0.13636    A:0.43939    G:0.19697

#9: MaxwellsDuiker 
position  1:    T:0.18182    C:0.18182    A:0.40909    G:0.22727
position  2:    T:0.27273    C:0.13636    A:0.45455    G:0.13636
position  3:    T:0.18182    C:0.09091    A:0.40909    G:0.31818
Average         T:0.21212    C:0.13636    A:0.42424    G:0.22727

#10: GazellaPrzewalskyi
position  1:    T:0.22727    C:0.18182    A:0.40909    G:0.18182
position  2:    T:0.27273    C:0.13636    A:0.45455    G:0.13636
position  3:    T:0.18182    C:0.09091    A:0.45455    G:0.27273
Average         T:0.22727    C:0.13636    A:0.43939    G:0.19697

#11: MountainNyala  
position  1:    T:0.22727    C:0.18182    A:0.40909    G:0.18182
position  2:    T:0.27273    C:0.13636    A:0.50000    G:0.09091
position  3:    T:0.18182    C:0.09091    A:0.45455    G:0.27273
Average         T:0.22727    C:0.13636    A:0.45455    G:0.18182

#12: MuntiacusMuntjak
position  1:    T:0.18182    C:0.22727    A:0.45455    G:0.13636
position  2:    T:0.27273    C:0.13636    A:0.50000    G:0.09091
position  3:    T:0.18182    C:0.09091    A:0.45455    G:0.27273
Average         T:0.21212    C:0.15152    A:0.46970    G:0.16667

#13: goat           
position  1:    T:0.22727    C:0.18182    A:0.40909    G:0.18182
position  2:    T:0.27273    C:0.13636    A:0.45455    G:0.13636
position  3:    T:0.18182    C:0.09091    A:0.45455    G:0.27273
Average         T:0.22727    C:0.13636    A:0.43939    G:0.19697

#14: AfricanBuffalo 
position  1:    T:0.22727    C:0.18182    A:0.40909    G:0.18182
position  2:    T:0.27273    C:0.13636    A:0.50000    G:0.09091
position  3:    T:0.18182    C:0.09091    A:0.45455    G:0.27273
Average         T:0.22727    C:0.13636    A:0.45455    G:0.18182

#15: Topi           
position  1:    T:0.22727    C:0.18182    A:0.40909    G:0.18182
position  2:    T:0.31818    C:0.09091    A:0.45455    G:0.13636
position  3:    T:0.18182    C:0.09091    A:0.45455    G:0.27273
Average         T:0.24242    C:0.12121    A:0.43939    G:0.19697

#16: CommonDuiker   
position  1:    T:0.22727    C:0.18182    A:0.40909    G:0.18182
position  2:    T:0.27273    C:0.13636    A:0.45455    G:0.13636
position  3:    T:0.18182    C:0.09091    A:0.45455    G:0.27273
Average         T:0.22727    C:0.13636    A:0.43939    G:0.19697

#17: Suni           
position  1:    T:0.22727    C:0.18182    A:0.36364    G:0.22727
position  2:    T:0.27273    C:0.13636    A:0.45455    G:0.13636
position  3:    T:0.22727    C:0.04545    A:0.45455    G:0.27273
Average         T:0.24242    C:0.12121    A:0.42424    G:0.21212

#18: Springbuck     
position  1:    T:0.22727    C:0.18182    A:0.40909    G:0.18182
position  2:    T:0.27273    C:0.13636    A:0.45455    G:0.13636
position  3:    T:0.18182    C:0.09091    A:0.45455    G:0.27273
Average         T:0.22727    C:0.13636    A:0.43939    G:0.19697

#19: Okapi          
position  1:    T:0.22727    C:0.18182    A:0.45455    G:0.13636
position  2:    T:0.27273    C:0.13636    A:0.50000    G:0.09091
position  3:    T:0.18182    C:0.09091    A:0.36364    G:0.36364
Average         T:0.22727    C:0.13636    A:0.43939    G:0.19697

#20: Giraffe        
position  1:    T:0.22727    C:0.18182    A:0.40909    G:0.18182
position  2:    T:0.27273    C:0.13636    A:0.50000    G:0.09091
position  3:    T:0.18182    C:0.09091    A:0.40909    G:0.31818
Average         T:0.22727    C:0.13636    A:0.43939    G:0.19697

#21: TibetanAntelope
position  1:    T:0.22727    C:0.18182    A:0.40909    G:0.18182
position  2:    T:0.27273    C:0.13636    A:0.45455    G:0.13636
position  3:    T:0.18182    C:0.09091    A:0.45455    G:0.27273
Average         T:0.22727    C:0.13636    A:0.43939    G:0.19697

#22: Sitatunga      
position  1:    T:0.22727    C:0.18182    A:0.40909    G:0.18182
position  2:    T:0.27273    C:0.13636    A:0.50000    G:0.09091
position  3:    T:0.18182    C:0.09091    A:0.45455    G:0.27273
Average         T:0.22727    C:0.13636    A:0.45455    G:0.18182

#23: Oribi          
position  1:    T:0.22727    C:0.18182    A:0.40909    G:0.18182
position  2:    T:0.27273    C:0.13636    A:0.45455    G:0.13636
position  3:    T:0.13636    C:0.13636    A:0.45455    G:0.27273
Average         T:0.21212    C:0.15152    A:0.43939    G:0.19697

#24: BarbarySheep   
position  1:    T:0.22727    C:0.18182    A:0.40909    G:0.18182
position  2:    T:0.27273    C:0.13636    A:0.45455    G:0.13636
position  3:    T:0.18182    C:0.09091    A:0.45455    G:0.27273
Average         T:0.22727    C:0.13636    A:0.43939    G:0.19697

#25: Daviddeer      
position  1:    T:0.22727    C:0.18182    A:0.45455    G:0.13636
position  2:    T:0.27273    C:0.13636    A:0.50000    G:0.09091
position  3:    T:0.18182    C:0.09091    A:0.40909    G:0.31818
Average         T:0.22727    C:0.13636    A:0.45455    G:0.18182

#26: Reindeer       
position  1:    T:0.22727    C:0.18182    A:0.45455    G:0.13636
position  2:    T:0.27273    C:0.13636    A:0.50000    G:0.09091
position  3:    T:0.18182    C:0.09091    A:0.45455    G:0.27273
Average         T:0.22727    C:0.13636    A:0.46970    G:0.16667

#27: Ibex           
position  1:    T:0.22727    C:0.18182    A:0.40909    G:0.18182
position  2:    T:0.27273    C:0.13636    A:0.45455    G:0.13636
position  3:    T:0.18182    C:0.09091    A:0.45455    G:0.27273
Average         T:0.22727    C:0.13636    A:0.43939    G:0.19697

#28: GyrantGazelle  
position  1:    T:0.22727    C:0.18182    A:0.40909    G:0.18182
position  2:    T:0.27273    C:0.13636    A:0.45455    G:0.13636
position  3:    T:0.18182    C:0.09091    A:0.45455    G:0.27273
Average         T:0.22727    C:0.13636    A:0.43939    G:0.19697

#29: Hartebeest     
position  1:    T:0.22727    C:0.18182    A:0.40909    G:0.18182
position  2:    T:0.31818    C:0.09091    A:0.45455    G:0.13636
position  3:    T:0.18182    C:0.09091    A:0.45455    G:0.27273
Average         T:0.24242    C:0.12121    A:0.43939    G:0.19697

#30: Bongo          
position  1:    T:0.22727    C:0.18182    A:0.40909    G:0.18182
position  2:    T:0.27273    C:0.13636    A:0.50000    G:0.09091
position  3:    T:0.18182    C:0.09091    A:0.45455    G:0.27273
Average         T:0.22727    C:0.13636    A:0.45455    G:0.18182

#31: Gerenuk        
position  1:    T:0.18182    C:0.22727    A:0.40909    G:0.18182
position  2:    T:0.27273    C:0.13636    A:0.45455    G:0.13636
position  3:    T:0.18182    C:0.09091    A:0.45455    G:0.27273
Average         T:0.21212    C:0.15152    A:0.43939    G:0.19697

#32: CommonEland    
position  1:    T:0.22727    C:0.18182    A:0.40909    G:0.18182
position  2:    T:0.27273    C:0.13636    A:0.50000    G:0.09091
position  3:    T:0.18182    C:0.09091    A:0.45455    G:0.27273
Average         T:0.22727    C:0.13636    A:0.45455    G:0.18182

#33: MuntiacusReevesi
position  1:    T:0.18182    C:0.22727    A:0.45455    G:0.13636
position  2:    T:0.27273    C:0.13636    A:0.50000    G:0.09091
position  3:    T:0.18182    C:0.09091    A:0.45455    G:0.27273
Average         T:0.21212    C:0.15152    A:0.46970    G:0.16667

#34: HarveysDuiker  
position  1:    T:0.18182    C:0.22727    A:0.40909    G:0.18182
position  2:    T:0.27273    C:0.13636    A:0.45455    G:0.13636
position  3:    T:0.18182    C:0.09091    A:0.45455    G:0.27273
Average         T:0.21212    C:0.15152    A:0.43939    G:0.19697

#35: Pronghorn      
position  1:    T:0.22727    C:0.18182    A:0.40909    G:0.18182
position  2:    T:0.27273    C:0.13636    A:0.54545    G:0.04545
position  3:    T:0.22727    C:0.04545    A:0.40909    G:0.31818
Average         T:0.24242    C:0.12121    A:0.45455    G:0.18182

#36: BlueWildebeest 
position  1:    T:0.22727    C:0.18182    A:0.40909    G:0.18182
position  2:    T:0.27273    C:0.13636    A:0.45455    G:0.13636
position  3:    T:0.18182    C:0.09091    A:0.45455    G:0.27273
Average         T:0.22727    C:0.13636    A:0.43939    G:0.19697

#37: Gemsbok        
position  1:    T:0.22727    C:0.18182    A:0.40909    G:0.18182
position  2:    T:0.31818    C:0.09091    A:0.45455    G:0.13636
position  3:    T:0.18182    C:0.09091    A:0.45455    G:0.27273
Average         T:0.24242    C:0.12121    A:0.43939    G:0.19697

#38: Yak            
position  1:    T:0.22727    C:0.18182    A:0.40909    G:0.18182
position  2:    T:0.27273    C:0.13636    A:0.50000    G:0.09091
position  3:    T:0.18182    C:0.09091    A:0.45455    G:0.27273
Average         T:0.22727    C:0.13636    A:0.45455    G:0.18182

#39: BlueSheep      
position  1:    T:0.27273    C:0.18182    A:0.36364    G:0.18182
position  2:    T:0.27273    C:0.13636    A:0.45455    G:0.13636
position  3:    T:0.18182    C:0.09091    A:0.45455    G:0.27273
Average         T:0.24242    C:0.13636    A:0.42424    G:0.19697

#40: BohorReedbuck  
position  1:    T:0.22727    C:0.18182    A:0.40909    G:0.18182
position  2:    T:0.27273    C:0.13636    A:0.45455    G:0.13636
position  3:    T:0.18182    C:0.09091    A:0.45455    G:0.27273
Average         T:0.22727    C:0.13636    A:0.43939    G:0.19697

#41: KirksDik       
position  1:    T:0.18182    C:0.18182    A:0.45455    G:0.18182
position  2:    T:0.27273    C:0.13636    A:0.50000    G:0.09091
position  3:    T:0.18182    C:0.09091    A:0.45455    G:0.27273
Average         T:0.21212    C:0.13636    A:0.46970    G:0.18182

#42: RoeDeer        
position  1:    T:0.22727    C:0.18182    A:0.45455    G:0.13636
position  2:    T:0.27273    C:0.13636    A:0.50000    G:0.09091
position  3:    T:0.18182    C:0.09091    A:0.45455    G:0.27273
Average         T:0.22727    C:0.13636    A:0.46970    G:0.16667

#43: WhiteLippedDeer
position  1:    T:0.22727    C:0.18182    A:0.45455    G:0.13636
position  2:    T:0.27273    C:0.13636    A:0.50000    G:0.09091
position  3:    T:0.22727    C:0.04545    A:0.45455    G:0.27273
Average         T:0.24242    C:0.12121    A:0.46970    G:0.16667

#44: ThomsonGazelle 
position  1:    T:0.22727    C:0.18182    A:0.40909    G:0.18182
position  2:    T:0.27273    C:0.13636    A:0.45455    G:0.13636
position  3:    T:0.18182    C:0.09091    A:0.45455    G:0.27273
Average         T:0.22727    C:0.13636    A:0.43939    G:0.19697

#45: MuntiacusCrinifrons
position  1:    T:0.18182    C:0.22727    A:0.45455    G:0.13636
position  2:    T:0.27273    C:0.13636    A:0.50000    G:0.09091
position  3:    T:0.18182    C:0.09091    A:0.45455    G:0.27273
Average         T:0.21212    C:0.15152    A:0.46970    G:0.16667

#46: WhiteTailedDeer
position  1:    T:0.22727    C:0.18182    A:0.45455    G:0.13636
position  2:    T:0.27273    C:0.13636    A:0.50000    G:0.09091
position  3:    T:0.18182    C:0.09091    A:0.45455    G:0.27273
Average         T:0.22727    C:0.13636    A:0.46970    G:0.16667

#47: Cattle         
position  1:    T:0.22727    C:0.18182    A:0.40909    G:0.18182
position  2:    T:0.27273    C:0.13636    A:0.50000    G:0.09091
position  3:    T:0.18182    C:0.09091    A:0.45455    G:0.27273
Average         T:0.22727    C:0.13636    A:0.45455    G:0.18182

#48: RoyalAntelope  
position  1:    T:0.27273    C:0.18182    A:0.31818    G:0.22727
position  2:    T:0.27273    C:0.13636    A:0.45455    G:0.13636
position  3:    T:0.18182    C:0.09091    A:0.45455    G:0.27273
Average         T:0.24242    C:0.13636    A:0.40909    G:0.21212

#49: Steenbok       
position  1:    T:0.22727    C:0.18182    A:0.40909    G:0.18182
position  2:    T:0.27273    C:0.13636    A:0.45455    G:0.13636
position  3:    T:0.22727    C:0.04545    A:0.45455    G:0.27273
Average         T:0.24242    C:0.12121    A:0.43939    G:0.19697

#50: Impala         
position  1:    T:0.22727    C:0.18182    A:0.36364    G:0.22727
position  2:    T:0.27273    C:0.13636    A:0.40909    G:0.18182
position  3:    T:0.18182    C:0.09091    A:0.45455    G:0.27273
Average         T:0.22727    C:0.13636    A:0.40909    G:0.22727

#51: Klipspringer   
position  1:    T:0.22727    C:0.18182    A:0.36364    G:0.22727
position  2:    T:0.27273    C:0.13636    A:0.45455    G:0.13636
