CODONML (in paml version 4.10.7, June 2023)  /home/rachel/ruminants_paml/6406-phy-tree/ENSBTAT00000026345.fasta.phy
Model: free dN/dS Ratios for branches,  kappa = 2.000 fixed

Codon frequency model: F3x4
ns =  54  ls =  21

Codon usage in sequences
--------------------------------------------------------------------------------------------------------------------------------------
Phe TTT   0   0   0   0   0   0 | Ser TCT   0   0   0   0   0   0 | Tyr TAT   0   0   0   0   0   0 | Cys TGT   0   0   0   0   0   0
    TTC   0   0   0   0   0   0 |     TCC   0   1   0   0   1   0 |     TAC   0   0   0   0   0   0 |     TGC   0   0   0   0   0   0
Leu TTA   0   0   0   0   0   0 |     TCA   0   0   0   0   0   0 | *** TAA   0   0   0   0   0   0 | *** TGA   0   0   0   0   0   0
    TTG   0   0   1   0   0   0 |     TCG   1   1   1   1   0   1 |     TAG   0   0   0   0   0   0 | Trp TGG   0   0   0   0   0   0
--------------------------------------------------------------------------------------------------------------------------------------
Leu CTT   0   0   0   0   0   0 | Pro CCT   0   0   0   0   0   0 | His CAT   0   0   0   0   0   0 | Arg CGT   0   0   0   0   0   0
    CTC   0   0   0   0   0   0 |     CCC   1   1   1   1   1   1 |     CAC   0   0   0   0   0   0 |     CGC   0   0   0   0   0   1
    CTA   0   0   0   0   0   0 |     CCA   0   0   0   0   0   0 | Gln CAA   0   0   0   0   0   0 |     CGA   0   0   0   0   0   0
    CTG   3   3   3   4   3   3 |     CCG   0   0   0   0   0   0 |     CAG   1   1   1   1   1   1 |     CGG   1   1   1   1   1   1
--------------------------------------------------------------------------------------------------------------------------------------
Ile ATT   0   0   0   0   0   0 | Thr ACT   0   0   0   0   0   0 | Asn AAT   0   0   0   0   0   0 | Ser AGT   0   0   0   0   0   0
    ATC   1   1   1   1   1   0 |     ACC   0   0   0   0   0   0 |     AAC   0   0   0   0   1   0 |     AGC   0   0   0   0   0   0
    ATA   0   0   0   0   0   0 |     ACA   0   0   0   0   0   0 | Lys AAA   1   1   1   0   0   0 | Arg AGA   0   0   0   1   0   0
Met ATG   0   0   0   0   0   0 |     ACG   0   0   0   0   0   0 |     AAG   4   4   4   4   5   5 |     AGG   0   0   0   0   0   0
--------------------------------------------------------------------------------------------------------------------------------------
Val GTT   0   0   0   0   0   0 | Ala GCT   0   0   0   0   0   0 | Asp GAT   0   0   0   0   0   0 | Gly GGT   0   0   0   0   0   0
    GTC   0   0   0   0   0   1 |     GCC   3   2   3   3   3   2 |     GAC   0   0   0   0   0   0 |     GGC   0   0   0   0   0   0
    GTA   0   0   0   0   0   0 |     GCA   0   0   0   0   0   0 | Glu GAA   0   0   0   0   0   0 |     GGA   0   0   0   0   0   0
    GTG   2   2   1   1   1   1 |     GCG   0   0   0   0   1   1 |     GAG   2   2   2   2   2   3 |     GGG   1   1   1   1   0   0
--------------------------------------------------------------------------------------------------------------------------------------

--------------------------------------------------------------------------------------------------------------------------------------
Phe TTT   0   0   0   0   0   0 | Ser TCT   0   0   0   0   0   0 | Tyr TAT   0   0   0   0   0   0 | Cys TGT   0   0   0   0   0   0
    TTC   0   0   0   0   0   0 |     TCC   0   0   0   0   0   0 |     TAC   0   0   0   0   0   0 |     TGC   0   0   0   0   0   0
Leu TTA   0   0   0   0   0   0 |     TCA   0   0   0   0   0   0 | *** TAA   0   0   0   0   0   0 | *** TGA   0   0   0   0   0   0
    TTG   0   0   0   1   1   0 |     TCG   1   1   1   0   1   1 |     TAG   0   0   0   0   0   0 | Trp TGG   0   0   0   0   0   0
--------------------------------------------------------------------------------------------------------------------------------------
Leu CTT   0   0   0   0   0   0 | Pro CCT   0   0   0   0   0   0 | His CAT   0   0   0   0   0   0 | Arg CGT   0   0   0   0   0   0
    CTC   0   0   0   0   0   0 |     CCC   1   1   1   1   1   1 |     CAC   0   0   0   0   0   0 |     CGC   0   0   0   0   0   0
    CTA   0   0   0   1   0   0 |     CCA   0   0   0   0   0   0 | Gln CAA   0   0   0   0   0   0 |     CGA   0   0   0   0   0   0
    CTG   3   3   3   2   3   3 |     CCG   0   0   0   0   0   0 |     CAG   1   1   1   1   1   1 |     CGG   1   1   1   1   1   1
--------------------------------------------------------------------------------------------------------------------------------------
Ile ATT   0   0   0   0   0   0 | Thr ACT   0   0   0   0   0   0 | Asn AAT   0   0   0   0   0   0 | Ser AGT   0   0   0   0   0   0
    ATC   1   1   1   1   1   1 |     ACC   0   0   0   0   0   0 |     AAC   0   0   0   0   0   0 |     AGC   0   0   0   0   0   0
    ATA   0   0   0   0   0   0 |     ACA   0   0   0   0   0   0 | Lys AAA   1   1   1   1   1   1 | Arg AGA   0   0   0   0   0   0
Met ATG   0   0   0   0   0   0 |     ACG   0   0   0   0   0   0 |     AAG   4   4   4   4   4   4 |     AGG   0   0   0   0   0   1
--------------------------------------------------------------------------------------------------------------------------------------
Val GTT   0   0   0   0   0   0 | Ala GCT   0   0   0   0   0   0 | Asp GAT   0   0   0   0   0   0 | Gly GGT   0   0   0   0   0   0
    GTC   0   0   0   0   0   0 |     GCC   3   3   3   3   3   3 |     GAC   0   0   0   0   0   0 |     GGC   0   0   0   0   0   0
    GTA   0   0   0   0   0   0 |     GCA   0   0   0   0   0   0 | Glu GAA   0   0   0   0   0   0 |     GGA   0   0   0   0   0   0
    GTG   2   2   1   2   1   2 |     GCG   0   0   0   0   0   0 |     GAG   2   2   3   2   2   2 |     GGG   1   1   1   1   1   0
--------------------------------------------------------------------------------------------------------------------------------------

--------------------------------------------------------------------------------------------------------------------------------------
Phe TTT   0   0   0   0   0   0 | Ser TCT   0   0   0   0   0   0 | Tyr TAT   0   0   0   0   0   0 | Cys TGT   0   0   0   0   0   0
    TTC   0   0   0   0   0   0 |     TCC   0   0   0   0   0   0 |     TAC   0   0   0   0   0   0 |     TGC   0   0   0   0   0   0
Leu TTA   0   0   0   0   0   0 |     TCA   0   1   0   0   0   0 | *** TAA   0   0   0   0   0   0 | *** TGA   0   0   0   0   0   0
    TTG   0   0   0   0   1   0 |     TCG   1   0   1   1   1   1 |     TAG   0   0   0   0   0   0 | Trp TGG   0   0   0   0   0   0
--------------------------------------------------------------------------------------------------------------------------------------
Leu CTT   0   0   0   0   0   0 | Pro CCT   0   0   0   0   0   0 | His CAT   0   0   0   0   0   0 | Arg CGT   0   0   0   0   0   0
    CTC   0   0   0   0   0   0 |     CCC   1   1   1   1   1   1 |     CAC   0   0   0   0   0   0 |     CGC   0   0   0   0   0   0
    CTA   0   0   0   0   0   0 |     CCA   0   0   0   0   0   0 | Gln CAA   0   0   0   0   0   0 |     CGA   0   0   0   0   0   0
    CTG   3   4   3   3   2   3 |     CCG   0   0   0   0   0   0 |     CAG   1   1   1   1   1   1 |     CGG   1   1   1   1   1   1
--------------------------------------------------------------------------------------------------------------------------------------
Ile ATT   0   0   0   0   0   0 | Thr ACT   0   0   0   0   0   0 | Asn AAT   0   0   0   0   0   0 | Ser AGT   0   0   0   0   0   0
    ATC   1   1   1   1   1   1 |     ACC   0   0   0   0   0   0 |     AAC   0   0   0   0   0   0 |     AGC   0   0   0   0   0   0
    ATA   0   0   0   0   0   0 |     ACA   0   0   0   0   0   0 | Lys AAA   1   1   1   1   1   1 | Arg AGA   0   0   0   0   0   0
Met ATG   0   0   0   0   0   0 |     ACG   0   0   0   0   0   0 |     AAG   4   4   4   4   4   4 |     AGG   0   0   0   0   0   0
--------------------------------------------------------------------------------------------------------------------------------------
Val GTT   0   0   0   0   0   0 | Ala GCT   0   0   0   0   0   0 | Asp GAT   0   0   0   0   0   0 | Gly GGT   0   0   0   0   0   0
    GTC   0   0   0   0   0   0 |     GCC   3   3   3   3   3   3 |     GAC   0   0   0   0   0   0 |     GGC   0   0   0   0   0   0
    GTA   0   0   0   0   0   0 |     GCA   0   0   0   0   0   0 | Glu GAA   0   0   0   0   0   0 |     GGA   0   0   0   0   0   0
    GTG   2   1   2   2   2   2 |     GCG   0   0   0   0   0   0 |     GAG   2   2   2   2   2   2 |     GGG   1   1   1   1   1   1
--------------------------------------------------------------------------------------------------------------------------------------

--------------------------------------------------------------------------------------------------------------------------------------
Phe TTT   0   0   0   0   0   0 | Ser TCT   0   0   0   0   0   0 | Tyr TAT   0   0   0   0   0   0 | Cys TGT   0   0   0   0   0   0
    TTC   0   0   0   0   0   0 |     TCC   0   0   0   0   0   0 |     TAC   0   0   0   0   0   0 |     TGC   0   0   0   0   0   0
Leu TTA   0   0   0   0   0   0 |     TCA   0   0   0   0   0   0 | *** TAA   0   0   0   0   0   0 | *** TGA   0   0   0   0   0   0
    TTG   0   0   0   1   0   0 |     TCG   1   1   1   1   1   1 |     TAG   0   0   0   0   0   0 | Trp TGG   0   0   0   0   0   0
--------------------------------------------------------------------------------------------------------------------------------------
Leu CTT   0   0   0   0   0   0 | Pro CCT   0   0   0   0   0   0 | His CAT   0   0   0   0   0   0 | Arg CGT   0   0   0   0   0   0
    CTC   0   0   0   0   0   0 |     CCC   1   1   1   1   1   1 |     CAC   0   0   0   0   0   0 |     CGC   0   1   0   0   0   0
    CTA   0   0   0   0   0   0 |     CCA   0   0   0   0   0   0 | Gln CAA   0   0   0   0   0   0 |     CGA   0   0   0   0   0   0
    CTG   3   3   3   3   3   3 |     CCG   0   0   0   0   0   0 |     CAG   1   1   1   1   1   1 |     CGG   1   0   1   1   1   1
--------------------------------------------------------------------------------------------------------------------------------------
Ile ATT   0   0   0   0   0   0 | Thr ACT   0   0   0   0   0   0 | Asn AAT   0   0   0   0   0   0 | Ser AGT   0   0   0   0   0   0
    ATC   1   1   1   1   1   1 |     ACC   0   0   0   0   0   0 |     AAC   0   0   0   0   0   0 |     AGC   0   0   0   0   0   0
    ATA   0   0   0   0   0   0 |     ACA   0   0   0   0   0   0 | Lys AAA   1   1   1   1   1   1 | Arg AGA   0   0   0   0   0   0
Met ATG   0   1   0   0   0   0 |     ACG   0   0   0   0   0   0 |     AAG   5   5   4   4   4   4 |     AGG   1   1   0   0   0   0
--------------------------------------------------------------------------------------------------------------------------------------
Val GTT   0   0   0   0   0   0 | Ala GCT   0   0   0   0   0   0 | Asp GAT   0   0   0   0   0   0 | Gly GGT   0   0   0   0   0   0
    GTC   0   0   0   0   0   0 |     GCC   3   3   3   3   3   3 |     GAC   0   0   0   0   0   0 |     GGC   0   0   0   0   0   0
    GTA   0   0   0   0   0   0 |     GCA   0   0   0   0   0   0 | Glu GAA   0   0   0   0   0   0 |     GGA   0   0   0   0   0   0
    GTG   2   1   2   1   2   2 |     GCG   0   0   0   0   0   0 |     GAG   1   1   2   2   2   2 |     GGG   0   0   1   1   1   1
--------------------------------------------------------------------------------------------------------------------------------------

--------------------------------------------------------------------------------------------------------------------------------------
Phe TTT   0   0   0   0   0   0 | Ser TCT   0   0   0   0   0   0 | Tyr TAT   0   0   0   0   0   0 | Cys TGT   0   0   0   0   0   0
    TTC   0   0   0   0   0   0 |     TCC   0   0   0   0   0   0 |     TAC   0   0   0   0   0   0 |     TGC   0   0   0   0   0   0
Leu TTA   0   0   0   0   0   0 |     TCA   0   0   0   0   0   0 | *** TAA   0   0   0   0   0   0 | *** TGA   0   0   0   0   0   0
    TTG   0   0   0   0   0   1 |     TCG   1   1   1   1   1   1 |     TAG   0   0   0   0   0   0 | Trp TGG   0   0   0   0   0   0
--------------------------------------------------------------------------------------------------------------------------------------
Leu CTT   0   0   0   0   0   0 | Pro CCT   0   0   0   0   0   0 | His CAT   0   0   0   0   0   0 | Arg CGT   0   0   0   0   0   0
    CTC   0   0   0   0   0   0 |     CCC   1   1   1   1   1   1 |     CAC   0   0   0   0   0   0 |     CGC   0   0   0   0   0   0
    CTA   0   0   0   0   0   0 |     CCA   0   0   0   0   0   0 | Gln CAA   0   0   0   0   0   0 |     CGA   0   0   0   0   0   0
    CTG   3   3   3   3   3   3 |     CCG   0   0   0   0   0   0 |     CAG   1   1   1   1   1   1 |     CGG   1   1   1   1   1   1
--------------------------------------------------------------------------------------------------------------------------------------
Ile ATT   0   0   0   0   0   0 | Thr ACT   0   0   0   0   0   0 | Asn AAT   0   0   0   0   0   0 | Ser AGT   0   0   0   0   0   0
    ATC   1   1   1   1   1   1 |     ACC   0   0   0   0   0   0 |     AAC   0   0   0   0   0   0 |     AGC   0   0   0   0   0   0
    ATA   0   0   0   0   0   0 |     ACA   0   0   0   0   0   0 | Lys AAA   1   1   1   1   1   1 | Arg AGA   0   0   0   0   0   0
Met ATG   0   0   0   0   0   0 |     ACG   0   0   0   0   0   0 |     AAG   4   4   4   4   4   4 |     AGG   1   1   0   0   0   0
--------------------------------------------------------------------------------------------------------------------------------------
Val GTT   1   0   0   0   0   0 | Ala GCT   0   0   0   0   0   0 | Asp GAT   0   0   0   0   0   0 | Gly GGT   0   0   0   0   0   0
    GTC   0   0   0   0   0   0 |     GCC   3   3   3   3   3   3 |     GAC   0   0   0   0   0   0 |     GGC   0   0   0   0   0   0
    GTA   0   0   0   0   0   0 |     GCA   0   0   0   0   0   0 | Glu GAA   0   0   0   1   0   0 |     GGA   0   0   0   0   0   0
    GTG   1   2   2   2   2   1 |     GCG   0   0   0   0   0   0 |     GAG   2   2   2   1   2   2 |     GGG   0   0   1   1   1   1
--------------------------------------------------------------------------------------------------------------------------------------

--------------------------------------------------------------------------------------------------------------------------------------
Phe TTT   0   0   0   0   0   0 | Ser TCT   0   0   0   0   0   0 | Tyr TAT   0   0   0   0   0   0 | Cys TGT   0   0   0   0   0   0
    TTC   0   0   0   0   0   0 |     TCC   0   0   0   0   0   0 |     TAC   0   0   0   0   0   0 |     TGC   0   0   0   0   0   0
Leu TTA   0   0   0   0   0   0 |     TCA   0   0   0   0   0   0 | *** TAA   0   0   0   0   0   0 | *** TGA   0   0   0   0   0   0
    TTG   0   1   0   0   0   0 |     TCG   1   1   1   1   1   1 |     TAG   0   0   0   0   0   0 | Trp TGG   0   0   0   0   0   0
--------------------------------------------------------------------------------------------------------------------------------------
Leu CTT   0   0   0   0   0   0 | Pro CCT   0   0   0   0   0   0 | His CAT   0   0   0   0   0   0 | Arg CGT   0   0   0   0   0   0
    CTC   0   0   0   0   0   0 |     CCC   1   1   1   1   1   1 |     CAC   0   0   0   0   0   0 |     CGC   0   0   0   0   0   0
    CTA   0   0   0   0   0   0 |     CCA   0   0   0   0   0   0 | Gln CAA   0   0   0   0   0   0 |     CGA   0   0   0   0   0   0
    CTG   3   3   3   3   3   3 |     CCG   0   0   0   0   0   0 |     CAG   1   1   1   1   1   1 |     CGG   1   1   1   1   1   1
--------------------------------------------------------------------------------------------------------------------------------------
Ile ATT   1   0   0   0   0   0 | Thr ACT   0   0   0   0   0   0 | Asn AAT   0   0   0   0   0   0 | Ser AGT   0   0   0   0   0   0
    ATC   0   1   1   1   1   1 |     ACC   0   0   0   0   0   0 |     AAC   0   0   0   0   0   0 |     AGC   0   0   0   0   0   0
    ATA   0   0   0   0   0   0 |     ACA   0   0   0   0   0   0 | Lys AAA   1   1   1   1   1   1 | Arg AGA   0   0   0   0   0   0
Met ATG   0   0   0   0   0   0 |     ACG   0   0   0   0   0   0 |     AAG   4   4   4   4   4   4 |     AGG   0   0   1   0   1   0
--------------------------------------------------------------------------------------------------------------------------------------
Val GTT   0   0   0   0   0   0 | Ala GCT   0   0   0   0   0   0 | Asp GAT   0   0   0   0   0   0 | Gly GGT   0   0   0   0   0   0
    GTC   0   0   0   0   0   0 |     GCC   3   3   3   3   3   3 |     GAC   0   0   0   0   0   0 |     GGC   0   0   0   0   0   0
    GTA   0   0   0   0   0   0 |     GCA   0   0   0   0   0   0 | Glu GAA   0   0   0   0   0   0 |     GGA   0   0   0   0   0   0
    GTG   2   1   2   2   1   2 |     GCG   0   0   0   0   1   0 |     GAG   2   2   2   2   2   2 |     GGG   1   1   0   1   0   1
--------------------------------------------------------------------------------------------------------------------------------------

--------------------------------------------------------------------------------------------------------------------------------------
Phe TTT   0   0   0   0   0   0 | Ser TCT   0   0   0   0   0   0 | Tyr TAT   0   0   0   0   0   0 | Cys TGT   0   0   0   0   0   0
    TTC   0   0   0   0   0   0 |     TCC   0   0   0   0   0   0 |     TAC   0   0   0   0   0   0 |     TGC   0   0   0   0   0   0
Leu TTA   0   0   0   0   0   0 |     TCA   0   1   0   0   0   0 | *** TAA   0   0   0   0   0   0 | *** TGA   0   0   0   0   0   0
    TTG   0   0   0   0   0   0 |     TCG   1   0   1   1   1   1 |     TAG   0   0   0   0   0   0 | Trp TGG   0   0   0   0   0   0
--------------------------------------------------------------------------------------------------------------------------------------
Leu CTT   0   0   0   0   0   0 | Pro CCT   0   0   0   0   0   0 | His CAT   0   0   0   0   0   0 | Arg CGT   0   0   0   0   0   0
    CTC   0   0   0   0   0   0 |     CCC   1   1   1   1   0   1 |     CAC   0   0   0   0   0   0 |     CGC   0   0   0   0   0   0
    CTA   0   1   0   0   0   0 |     CCA   0   0   0   0   0   0 | Gln CAA   0   0   0   0   0   0 |     CGA   0   0   0   0   0   0
    CTG   3   3   3   3   3   3 |     CCG   0   0   0   0   1   0 |     CAG   1   1   1   1   1   1 |     CGG   1   1   1   1   1   1
--------------------------------------------------------------------------------------------------------------------------------------
Ile ATT   0   0   0   0   0   0 | Thr ACT   0   0   0   0   0   0 | Asn AAT   0   0   0   0   0   0 | Ser AGT   0   0   0   0   0   0
    ATC   1   1   1   1   1   1 |     ACC   0   0   0   0   0   0 |     AAC   0   0   0   0   0   0 |     AGC   0   0   0   0   0   0
    ATA   0   0   0   0   0   0 |     ACA   0   0   0   0   0   0 | Lys AAA   1   1   1   1   1   1 | Arg AGA   0   0   0   0   0   0
Met ATG   0   0   0   0   0   0 |     ACG   0   0   0   0   0   0 |     AAG   4   4   4   4   4   4 |     AGG   0   0   0   0   0   1
--------------------------------------------------------------------------------------------------------------------------------------
Val GTT   0   0   0   0   0   0 | Ala GCT   0   0   0   0   0   0 | Asp GAT   0   0   0   0   0   0 | Gly GGT   0   0   0   0   0   0
    GTC   0   0   0   0   0   0 |     GCC   3   3   3   3   3   3 |     GAC   0   0   0   0   0   0 |     GGC   0   0   0   0   0   0
    GTA   0   0   0   0   0   0 |     GCA   0   0   0   0   0   0 | Glu GAA   0   0   0   0   0   0 |     GGA   0   0   0   0   0   0
    GTG   2   1   2   2   2   2 |     GCG   0   0   0   0   0   0 |     GAG   2   2   2   2   2   2 |     GGG   1   1   1   1   1   0
--------------------------------------------------------------------------------------------------------------------------------------

--------------------------------------------------------------------------------------------------------------------------------------
Phe TTT   0   0   0   0   0   0 | Ser TCT   0   0   0   0   0   0 | Tyr TAT   0   0   0   0   0   0 | Cys TGT   0   0   0   0   0   0
    TTC   0   0   0   0   0   0 |     TCC   0   0   0   0   0   0 |     TAC   0   0   0   0   0   0 |     TGC   0   0   0   0   0   0
Leu TTA   0   0   0   0   0   0 |     TCA   0   0   0   0   1   0 | *** TAA   0   0   0   0   0   0 | *** TGA   0   0   0   0   0   0
    TTG   0   0   0   0   0   0 |     TCG   1   1   1   1   0   1 |     TAG   0   0   0   0   0   0 | Trp TGG   0   0   0   0   0   0
--------------------------------------------------------------------------------------------------------------------------------------
Leu CTT   0   0   0   0   0   0 | Pro CCT   0   0   0   0   0   0 | His CAT   0   0   0   0   0   0 | Arg CGT   0   0   0   0   0   0
    CTC   0   0   0   0   0   0 |     CCC   1   1   1   1   1   1 |     CAC   0   0   0   0   0   0 |     CGC   0   0   0   0   0   0
    CTA   0   0   0   0   1   0 |     CCA   0   0   0   0   0   0 | Gln CAA   0   0   0   0   0   0 |     CGA   0   0   0   0   0   0
    CTG   3   3   3   3   3   3 |     CCG   0   0   0   0   0   0 |     CAG   1   1   1   1   1   1 |     CGG   1   1   1   1   1   1
--------------------------------------------------------------------------------------------------------------------------------------
Ile ATT   0   0   0   0   0   0 | Thr ACT   0   0   0   0   0   0 | Asn AAT   0   0   0   0   0   0 | Ser AGT   0   0   0   0   0   0
    ATC   1   1   1   1   1   1 |     ACC   0   0   0   0   0   0 |     AAC   0   0   0   0   0   0 |     AGC   0   0   0   0   0   0
    ATA   0   0   0   0   0   0 |     ACA   0   0   0   0   0   0 | Lys AAA   1   1   1   1   1   1 | Arg AGA   0   0   0   0   0   0
Met ATG   0   0   0   0   0   1 |     ACG   0   0   0   0   0   0 |     AAG   4   4   4   4   4   4 |     AGG   1   0   1   1   0   0
--------------------------------------------------------------------------------------------------------------------------------------
Val GTT   1   0   0   0   0   0 | Ala GCT   0   0   0   0   0   0 | Asp GAT   0   0   0   0   0   0 | Gly GGT   0   0   0   0   0   0
    GTC   0   0   0   0   0   0 |     GCC   3   3   3   3   3   3 |     GAC   0   0   0   0   0   0 |     GGC   0   0   0   0   0   0
    GTA   0   0   0   0   0   0 |     GCA   0   0   0   0   0   0 | Glu GAA   0   0   0   0   0   0 |     GGA   0   0   0   0   0   0
    GTG   1   2   2   2   1   1 |     GCG   0   0   0   0   0   0 |     GAG   2   2   2   2   2   3 |     GGG   0   1   0   0   1   0
--------------------------------------------------------------------------------------------------------------------------------------

--------------------------------------------------------------------------------------------------------------------------------------
Phe TTT   0   0   0   0   0   0 | Ser TCT   0   0   0   0   0   0 | Tyr TAT   0   0   0   0   0   0 | Cys TGT   0   0   0   0   0   0
    TTC   0   0   0   0   0   0 |     TCC   0   0   0   0   0   0 |     TAC   0   0   0   0   0   0 |     TGC   0   0   0   0   0   0
Leu TTA   0   0   0   0   0   0 |     TCA   0   0   0   0   0   0 | *** TAA   0   0   0   0   0   0 | *** TGA   0   0   0   0   0   0
    TTG   0   0   0   0   1   1 |     TCG   1   1   1   1   1   1 |     TAG   0   0   0   0   0   0 | Trp TGG   0   0   0   0   0   0
--------------------------------------------------------------------------------------------------------------------------------------
Leu CTT   0   0   0   0   0   0 | Pro CCT   0   0   0   0   0   0 | His CAT   0   0   0   0   0   0 | Arg CGT   0   0   0   0   0   0
    CTC   0   0   0   0   0   0 |     CCC   1   1   1   1   1   1 |     CAC   0   0   0   0   0   0 |     CGC   0   0   0   0   0   0
    CTA   0   0   0   0   0   0 |     CCA   0   0   0   0   0   0 | Gln CAA   0   0   0   0   0   0 |     CGA   0   0   0   0   0   0
    CTG   3   3   3   4   3   3 |     CCG   0   0   0   0   0   0 |     CAG   1   1   1   1   1   1 |     CGG   1   1   1   1   1   1
--------------------------------------------------------------------------------------------------------------------------------------
Ile ATT   0   0   0   0   0   0 | Thr ACT   0   0   0   0   0   0 | Asn AAT   0   0   0   0   0   0 | Ser AGT   0   0   0   0   0   0
    ATC   1   1   1   1   1   1 |     ACC   0   0   0   0   0   0 |     AAC   0   0   0   0   0   0 |     AGC   0   0   0   0   0   0
    ATA   0   0   0   0   0   0 |     ACA   0   0   0   0   0   0 | Lys AAA   1   1   1   0   1   1 | Arg AGA   0   0   0   1   0   0
Met ATG   0   0   0   0   0   0 |     ACG   0   0   0   0   0   0 |     AAG   4   4   4   4   4   4 |     AGG   0   0   0   0   0   0
--------------------------------------------------------------------------------------------------------------------------------------
Val GTT   0   0   0   0   0   0 | Ala GCT   0   0   0   0   0   0 | Asp GAT   0   0   0   0   0   0 | Gly GGT   0   0   0   0   0   0
    GTC   0   0   0   0   0   0 |     GCC   3   3   3   3   3   3 |     GAC   0   0   0   0   0   0 |     GGC   0   0   0   0   0   0
    GTA   0   0   0   0   0   0 |     GCA   0   0   0   0   0   0 | Glu GAA   0   0   0   0   0   0 |     GGA   0   0   0   0   0   0
    GTG   2   1   2   1   1   1 |     GCG   0   0   0   0   0   0 |     GAG   2   4   2   2   2   2 |     GGG   1   0   1   1   1   1
--------------------------------------------------------------------------------------------------------------------------------------

Codon position x base (3x4) table for each sequence.

#1: Argali         
position  1:    T:0.04762    C:0.28571    A:0.28571    G:0.38095
position  2:    T:0.28571    C:0.23810    A:0.38095    G:0.09524
position  3:    T:0.00000    C:0.23810    A:0.04762    G:0.71429
Average         T:0.11111    C:0.25397    A:0.23810    G:0.39683

#2: LesserMouseDeer
position  1:    T:0.09524    C:0.28571    A:0.28571    G:0.33333
position  2:    T:0.28571    C:0.23810    A:0.38095    G:0.09524
position  3:    T:0.00000    C:0.23810    A:0.04762    G:0.71429
Average         T:0.12698    C:0.25397    A:0.23810    G:0.38095

#3: LesserKudu     
position  1:    T:0.09524    C:0.28571    A:0.28571    G:0.33333
position  2:    T:0.28571    C:0.23810    A:0.38095    G:0.09524
position  3:    T:0.00000    C:0.23810    A:0.04762    G:0.71429
Average         T:0.12698    C:0.25397    A:0.23810    G:0.38095

#4: ForestMuskDeer2
position  1:    T:0.04762    C:0.33333    A:0.28571    G:0.33333
position  2:    T:0.28571    C:0.23810    A:0.33333    G:0.14286
position  3:    T:0.00000    C:0.23810    A:0.04762    G:0.71429
Average         T:0.11111    C:0.26984    A:0.22222    G:0.39683

#5: Camel          
position  1:    T:0.04762    C:0.28571    A:0.33333    G:0.33333
position  2:    T:0.23810    C:0.28571    A:0.42857    G:0.04762
position  3:    T:0.00000    C:0.33333    A:0.00000    G:0.66667
Average         T:0.09524    C:0.30159    A:0.25397    G:0.34921

#6: KillerWhale    
position  1:    T:0.04762    C:0.33333    A:0.23810    G:0.38095
position  2:    T:0.23810    C:0.23810    A:0.42857    G:0.09524
position  3:    T:0.00000    C:0.23810    A:0.00000    G:0.76190
Average         T:0.09524    C:0.26984    A:0.22222    G:0.41270

#7: DefassaWaterbuck
position  1:    T:0.04762    C:0.28571    A:0.28571    G:0.38095
position  2:    T:0.28571    C:0.23810    A:0.38095    G:0.09524
position  3:    T:0.00000    C:0.23810    A:0.04762    G:0.71429
Average         T:0.11111    C:0.25397    A:0.23810    G:0.39683

#8: Sheep          
position  1:    T:0.04762    C:0.28571    A:0.28571    G:0.38095
position  2:    T:0.28571    C:0.23810    A:0.38095    G:0.09524
position  3:    T:0.00000    C:0.23810    A:0.04762    G:0.71429
Average         T:0.11111    C:0.25397    A:0.23810    G:0.39683

#9: MaxwellsDuiker 
position  1:    T:0.04762    C:0.28571    A:0.28571    G:0.38095
position  2:    T:0.23810    C:0.23810    A:0.42857    G:0.09524
position  3:    T:0.00000    C:0.23810    A:0.04762    G:0.71429
Average         T:0.09524    C:0.25397    A:0.25397    G:0.39683

#10: GazellaPrzewalskyi
position  1:    T:0.04762    C:0.28571    A:0.28571    G:0.38095
position  2:    T:0.33333    C:0.19048    A:0.38095    G:0.09524
position  3:    T:0.00000    C:0.23810    A:0.09524    G:0.66667
Average         T:0.12698    C:0.23810    A:0.25397    G:0.38095

#11: MountainNyala  
position  1:    T:0.09524    C:0.28571    A:0.28571    G:0.33333
position  2:    T:0.28571    C:0.23810    A:0.38095    G:0.09524
position  3:    T:0.00000    C:0.23810    A:0.04762    G:0.71429
Average         T:0.12698    C:0.25397    A:0.23810    G:0.38095

#12: MuntiacusMuntjak
position  1:    T:0.04762    C:0.28571    A:0.33333    G:0.33333
position  2:    T:0.28571    C:0.23810    A:0.38095    G:0.09524
position  3:    T:0.00000    C:0.23810    A:0.04762    G:0.71429
Average         T:0.11111    C:0.25397    A:0.25397    G:0.38095

#13: goat           
position  1:    T:0.04762    C:0.28571    A:0.28571    G:0.38095
position  2:    T:0.28571    C:0.23810    A:0.38095    G:0.09524
position  3:    T:0.00000    C:0.23810    A:0.04762    G:0.71429
Average         T:0.11111    C:0.25397    A:0.23810    G:0.39683

#14: AfricanBuffalo 
position  1:    T:0.04762    C:0.33333    A:0.28571    G:0.33333
position  2:    T:0.28571    C:0.23810    A:0.38095    G:0.09524
position  3:    T:0.00000    C:0.23810    A:0.09524    G:0.66667
Average         T:0.11111    C:0.26984    A:0.25397    G:0.36508

#15: Topi           
position  1:    T:0.04762    C:0.28571    A:0.28571    G:0.38095
position  2:    T:0.28571    C:0.23810    A:0.38095    G:0.09524
position  3:    T:0.00000    C:0.23810    A:0.04762    G:0.71429
Average         T:0.11111    C:0.25397    A:0.23810    G:0.39683

#16: CommonDuiker   
position  1:    T:0.04762    C:0.28571    A:0.28571    G:0.38095
position  2:    T:0.28571    C:0.23810    A:0.38095    G:0.09524
position  3:    T:0.00000    C:0.23810    A:0.04762    G:0.71429
Average         T:0.11111    C:0.25397    A:0.23810    G:0.39683

#17: Suni           
position  1:    T:0.09524    C:0.23810    A:0.28571    G:0.38095
position  2:    T:0.28571    C:0.23810    A:0.38095    G:0.09524
position  3:    T:0.00000    C:0.23810    A:0.04762    G:0.71429
Average         T:0.12698    C:0.23810    A:0.23810    G:0.39683

#18: Springbuck     
position  1:    T:0.04762    C:0.28571    A:0.28571    G:0.38095
position  2:    T:0.28571    C:0.23810    A:0.38095    G:0.09524
position  3:    T:0.00000    C:0.23810    A:0.04762    G:0.71429
Average         T:0.11111    C:0.25397    A:0.23810    G:0.39683

#19: Okapi          
position  1:    T:0.04762    C:0.28571    A:0.38095    G:0.28571
position  2:    T:0.28571    C:0.23810    A:0.38095    G:0.09524
position  3:    T:0.00000    C:0.23810    A:0.04762    G:0.71429
Average         T:0.11111    C:0.25397    A:0.26984    G:0.36508

#20: Giraffe        
position  1:    T:0.04762    C:0.28571    A:0.42857    G:0.23810
position  2:    T:0.28571    C:0.23810    A:0.38095    G:0.09524
position  3:    T:0.00000    C:0.28571    A:0.04762    G:0.66667
Average         T:0.11111    C:0.26984    A:0.28571    G:0.33333

#21: TibetanAntelope
position  1:    T:0.04762    C:0.28571    A:0.28571    G:0.38095
position  2:    T:0.28571    C:0.23810    A:0.38095    G:0.09524
position  3:    T:0.00000    C:0.23810    A:0.04762    G:0.71429
Average         T:0.11111    C:0.25397    A:0.23810    G:0.39683

#22: Sitatunga      
position  1:    T:0.09524    C:0.28571    A:0.28571    G:0.33333
position  2:    T:0.28571    C:0.23810    A:0.38095    G:0.09524
position  3:    T:0.00000    C:0.23810    A:0.04762    G:0.71429
Average         T:0.12698    C:0.25397    A:0.23810    G:0.38095

#23: Oribi          
position  1:    T:0.04762    C:0.28571    A:0.28571    G:0.38095
position  2:    T:0.28571    C:0.23810    A:0.38095    G:0.09524
position  3:    T:0.00000    C:0.23810    A:0.04762    G:0.71429
Average         T:0.11111    C:0.25397    A:0.23810    G:0.39683

#24: BarbarySheep   
position  1:    T:0.04762    C:0.28571    A:0.28571    G:0.38095
position  2:    T:0.28571    C:0.23810    A:0.38095    G:0.09524
position  3:    T:0.00000    C:0.23810    A:0.04762    G:0.71429
Average         T:0.11111    C:0.25397    A:0.23810    G:0.39683

#25: Daviddeer      
position  1:    T:0.04762    C:0.28571    A:0.33333    G:0.33333
position  2:    T:0.28571    C:0.23810    A:0.38095    G:0.09524
position  3:    T:0.04762    C:0.23810    A:0.04762    G:0.66667
Average         T:0.12698    C:0.25397    A:0.25397    G:0.36508

#26: Reindeer       
position  1:    T:0.04762    C:0.28571    A:0.33333    G:0.33333
position  2:    T:0.28571    C:0.23810    A:0.38095    G:0.09524
position  3:    T:0.00000    C:0.23810    A:0.04762    G:0.71429
Average         T:0.11111    C:0.25397    A:0.25397    G:0.38095

#27: Ibex           
position  1:    T:0.04762    C:0.28571    A:0.28571    G:0.38095
position  2:    T:0.28571    C:0.23810    A:0.38095    G:0.09524
position  3:    T:0.00000    C:0.23810    A:0.04762    G:0.71429
Average         T:0.11111    C:0.25397    A:0.23810    G:0.39683

#28: GyrantGazelle  
position  1:    T:0.04762    C:0.28571    A:0.28571    G:0.38095
position  2:    T:0.28571    C:0.23810    A:0.38095    G:0.09524
position  3:    T:0.00000    C:0.23810    A:0.09524    G:0.66667
Average         T:0.11111    C:0.25397    A:0.25397    G:0.38095

#29: Hartebeest     
position  1:    T:0.04762    C:0.28571    A:0.28571    G:0.38095
position  2:    T:0.28571    C:0.23810    A:0.38095    G:0.09524
position  3:    T:0.00000    C:0.23810    A:0.04762    G:0.71429
Average         T:0.11111    C:0.25397    A:0.23810    G:0.39683

#30: Bongo          
position  1:    T:0.09524    C:0.28571    A:0.28571    G:0.33333
position  2:    T:0.28571    C:0.23810    A:0.38095    G:0.09524
position  3:    T:0.00000    C:0.23810    A:0.04762    G:0.71429
Average         T:0.12698    C:0.25397    A:0.23810    G:0.38095

#31: Gerenuk        
position  1:    T:0.04762    C:0.28571    A:0.28571    G:0.38095
position  2:    T:0.28571    C:0.23810    A:0.38095    G:0.09524
position  3:    T:0.04762    C:0.19048    A:0.04762    G:0.71429
Average         T:0.12698    C:0.23810    A:0.23810    G:0.39683

#32: CommonEland    
position  1:    T:0.09524    C:0.28571    A:0.28571    G:0.33333
position  2:    T:0.28571    C:0.23810    A:0.38095    G:0.09524
position  3:    T:0.00000    C:0.23810    A:0.04762    G:0.71429
Average         T:0.12698    C:0.25397    A:0.23810    G:0.38095

#33: MuntiacusReevesi
position  1:    T:0.04762    C:0.28571    A:0.33333    G:0.33333
position  2:    T:0.28571    C:0.23810    A:0.38095    G:0.09524
position  3:    T:0.00000    C:0.23810    A:0.04762    G:0.71429
Average         T:0.11111    C:0.25397    A:0.25397    G:0.38095

#34: HarveysDuiker  
position  1:    T:0.04762    C:0.28571    A:0.28571    G:0.38095
position  2:    T:0.28571    C:0.23810    A:0.38095    G:0.09524
position  3:    T:0.00000    C:0.23810    A:0.04762    G:0.71429
Average         T:0.11111    C:0.25397    A:0.23810    G:0.39683

#35: Pronghorn      
position  1:    T:0.04762    C:0.28571    A:0.33333    G:0.33333
position  2:    T:0.23810    C:0.28571    A:0.38095    G:0.09524
position  3:    T:0.00000    C:0.23810    A:0.04762    G:0.71429
Average         T:0.09524    C:0.26984    A:0.25397    G:0.38095

#36: BlueWildebeest 
position  1:    T:0.04762    C:0.28571    A:0.28571    G:0.38095
position  2:    T:0.28571    C:0.23810    A:0.38095    G:0.09524
position  3:    T:0.00000    C:0.23810    A:0.04762    G:0.71429
Average         T:0.11111    C:0.25397    A:0.23810    G:0.39683

#37: Gemsbok        
position  1:    T:0.04762    C:0.28571    A:0.28571    G:0.38095
position  2:    T:0.28571    C:0.23810    A:0.38095    G:0.09524
position  3:    T:0.00000    C:0.23810    A:0.04762    G:0.71429
Average         T:0.11111    C:0.25397    A:0.23810    G:0.39683

#38: Yak            
position  1:    T:0.04762    C:0.33333    A:0.28571    G:0.33333
position  2:    T:0.28571    C:0.23810    A:0.38095    G:0.09524
position  3:    T:0.00000    C:0.23810    A:0.14286    G:0.61905
Average         T:0.11111    C:0.26984    A:0.26984    G:0.34921

#39: BlueSheep      
position  1:    T:0.04762    C:0.28571    A:0.28571    G:0.38095
position  2:    T:0.28571    C:0.23810    A:0.38095    G:0.09524
position  3:    T:0.00000    C:0.23810    A:0.04762    G:0.71429
Average         T:0.11111    C:0.25397    A:0.23810    G:0.39683

#40: BohorReedbuck  
position  1:    T:0.04762    C:0.28571    A:0.28571    G:0.38095
position  2:    T:0.28571    C:0.23810    A:0.38095    G:0.09524
position  3:    T:0.00000    C:0.23810    A:0.04762    G:0.71429
Average         T:0.11111    C:0.25397    A:0.23810    G:0.39683

#41: KirksDik       
position  1:    T:0.04762    C:0.28571    A:0.28571    G:0.38095
position  2:    T:0.28571    C:0.23810    A:0.38095    G:0.09524
position  3:    T:0.00000    C:0.19048    A:0.04762    G:0.76190
Average         T:0.11111    C:0.23810    A:0.23810    G:0.41270

#42: RoeDeer        
position  1:    T:0.04762    C:0.28571    A:0.33333    G:0.33333
position  2:    T:0.28571    C:0.23810    A:0.38095    G:0.09524
position  3:    T:0.00000    C:0.23810    A:0.04762    G:0.71429
Average         T:0.11111    C:0.25397    A:0.25397    G:0.38095

#43: WhiteLippedDeer
position  1:    T:0.04762    C:0.28571    A:0.33333    G:0.33333
position  2:    T:0.28571    C:0.23810    A:0.38095    G:0.09524
position  3:    T:0.04762    C:0.23810    A:0.04762    G:0.66667
Average         T:0.12698    C:0.25397    A:0.25397    G:0.36508

#44: ThomsonGazelle 
position  1:    T:0.04762    C:0.28571    A:0.28571    G:0.38095
position  2:    T:0.28571    C:0.23810    A:0.38095    G:0.09524
position  3:    T:0.00000    C:0.23810    A:0.04762    G:0.71429
Average         T:0.11111    C:0.25397    A:0.23810    G:0.39683

#45: MuntiacusCrinifrons
position  1:    T:0.04762    C:0.28571    A:0.33333    G:0.33333
position  2:    T:0.28571    C:0.23810    A:0.38095    G:0.09524
position  3:    T:0.00000    C:0.23810    A:0.04762    G:0.71429
Average         T:0.11111    C:0.25397    A:0.25397    G:0.38095

#46: WhiteTailedDeer
position  1:    T:0.04762    C:0.28571    A:0.33333    G:0.33333
position  2:    T:0.28571    C:0.23810    A:0.38095    G:0.09524
position  3:    T:0.00000    C:0.23810    A:0.04762    G:0.71429
Average         T:0.11111    C:0.25397    A:0.25397    G:0.38095

#47: Cattle         
position  1:    T:0.04762    C:0.33333    A:0.28571    G:0.33333
position  2:    T:0.28571    C:0.23810    A:0.38095    G:0.09524
position  3:    T:0.00000    C:0.23810    A:0.14286    G:0.61905
Average         T:0.11111    C:0.26984    A:0.26984    G:0.34921

#48: RoyalAntelope  
position  1:    T:0.04762    C:0.28571    A:0.33333    G:0.33333
position  2:    T:0.28571    C:0.23810    A:0.42857    G:0.04762
position  3:    T:0.00000    C:0.23810    A:0.04762    G:0.71429
Average         T:0.11111    C:0.25397    A:0.26984    G:0.36508

#49: Steenbok       
position  1:    T:0.04762    C:0.28571    A:0.28571    G:0.38095
position  2:    T:0.28571    C:0.23810    A:0.38095    G:0.09524
position  3:    T:0.00000    C:0.23810    A:0.04762    G:0.71429
Average         T:0.11111    C:0.25397    A:0.23810    G:0.39683

#50: Impala         
position  1:    T:0.04762    C:0.28571    A:0.28571    G:0.38095
position  2:    T:0.23810    C:0.23810    A:0.47619    G:0.04762
position  3:    T:0.00000    C:0.23810    A:0.04762    G:0.71429
Average         T:0.09524    C:0.25397    A:0.26984    G:0.38095

#51: Klipspringer   
position  1:    T:0.04762    C:0.28571    A:0.28571    G:0.38095
position  2:    T:0.28571    C:0.23810    A:0.38095    G:0.09524
