CODONML (in paml version 4.10.7, June 2023)  /home/rachel/ruminants_paml/6406-phy-tree/ENSBTAT00000061250.fasta.phy
Model: free dN/dS Ratios for branches,  kappa = 2.000 fixed

Codon frequency model: F3x4
ns =  54  ls = 136

Codon usage in sequences
--------------------------------------------------------------------------------------------------------------------------------------
Phe TTT   2   2   2   2   2   2 | Ser TCT   1   2   3   2   1   2 | Tyr TAT   1   1   1   1   1   1 | Cys TGT   3   2   3   4   3   3
    TTC   0   0   0   0   0   1 |     TCC   2   1   0   1   2   0 |     TAC   2   2   2   2   2   2 |     TGC   2   3   2   1   2   2
Leu TTA   2   2   2   2   2   2 |     TCA   1   1   1   1   1   1 | *** TAA   0   0   0   0   0   0 | *** TGA   0   0   0   0   0   0
    TTG   3   4   3   3   2   2 |     TCG   0   0   0   0   0   0 |     TAG   0   0   0   0   0   0 | Trp TGG   2   2   2   2   2   2
--------------------------------------------------------------------------------------------------------------------------------------
Leu CTT   0   0   0   0   0   0 | Pro CCT   5   5   5   5   4   6 | His CAT   4   4   4   4   4   4 | Arg CGT   0   0   0   0   0   0
    CTC   1   1   1   1   1   1 |     CCC   1   1   1   1   2   0 |     CAC   1   1   1   1   1   1 |     CGC   0   0   0   0   0   0
    CTA   0   0   0   0   1   0 |     CCA   3   3   3   3   2   3 | Gln CAA   3   3   3   3   3   3 |     CGA   1   1   1   1   1   1
    CTG   3   2   3   3   3   4 |     CCG   0   0   0   0   1   0 |     CAG   2   2   2   2   2   2 |     CGG   0   0   0   0   0   0
--------------------------------------------------------------------------------------------------------------------------------------
Ile ATT   2   2   2   2   2   4 | Thr ACT   0   0   0   0   1   0 | Asn AAT   4   5   4   4   2   4 | Ser AGT   1   1   2   1   1   1
    ATC   3   3   3   2   3   2 |     ACC   2   3   2   2   0   0 |     AAC   6   5   6   6   8   6 |     AGC   1   1   1   1   1   1
    ATA   1   1   1   2   1   1 |     ACA   4   3   4   4   5   5 | Lys AAA  11   9   9  11  10  10 | Arg AGA   2   2   2   2   3   2
Met ATG   4   3   4   4   4   4 |     ACG   0   0   0   0   0   0 |     AAG   7   9   9   7   8   9 |     AGG   2   2   2   2   1   1
--------------------------------------------------------------------------------------------------------------------------------------
Val GTT   0   0   0   0   0   0 | Ala GCT   1   1   1   1   1   1 | Asp GAT   2   2   2   2   2   2 | Gly GGT   4   4   3   4   3   4
    GTC   1   2   1   1   1   1 |     GCC   2   1   2   2   2   2 |     GAC   8   8   8   8   8   8 |     GGC   0   0   0   0   2   0
    GTA   1   0   1   1   0   1 |     GCA   1   2   0   1   1   1 | Glu GAA   9   9   9   9   9   9 |     GGA   3   4   4   4   3   4
    GTG   5   6   5   5   6   5 |     GCG   0   0   1   0   0   0 |     GAG   2   2   2   2   2   2 |     GGG   2   1   1   1   1   1
--------------------------------------------------------------------------------------------------------------------------------------

--------------------------------------------------------------------------------------------------------------------------------------
Phe TTT   2   2   2   2   2   2 | Ser TCT   1   1   1   1   2   2 | Tyr TAT   0   1   1   1   1   1 | Cys TGT   3   3   3   3   3   3
    TTC   0   0   0   0   0   0 |     TCC   2   2   2   2   1   1 |     TAC   3   2   2   2   2   2 |     TGC   2   2   2   2   2   2
Leu TTA   2   2   2   2   2   1 |     TCA   1   1   1   1   0   1 | *** TAA   0   0   0   0   0   0 | *** TGA   0   0   0   0   0   0
    TTG   3   3   3   3   3   4 |     TCG   0   0   0   0   1   0 |     TAG   0   0   0   0   0   0 | Trp TGG   2   2   2   2   2   2
--------------------------------------------------------------------------------------------------------------------------------------
Leu CTT   0   0   0   0   0   0 | Pro CCT   5   5   5   5   5   5 | His CAT   4   4   4   3   4   4 | Arg CGT   0   0   0   0   0   0
    CTC   1   1   1   1   1   1 |     CCC   1   1   1   1   1   1 |     CAC   1   1   1   2   1   1 |     CGC   0   0   0   0   0   0
    CTA   0   0   0   0   0   0 |     CCA   3   3   3   3   3   3 | Gln CAA   3   3   3   3   3   3 |     CGA   1   1   1   1   1   1
    CTG   3   3   3   3   3   3 |     CCG   0   0   0   0   0   0 |     CAG   2   2   2   2   2   2 |     CGG   0   0   0   0   0   0
--------------------------------------------------------------------------------------------------------------------------------------
Ile ATT   2   2   2   2   2   2 | Thr ACT   0   0   0   0   0   0 | Asn AAT   4   4   4   4   4   4 | Ser AGT   1   1   1   1   2   1
    ATC   3   3   3   3   3   3 |     ACC   2   2   2   1   2   2 |     AAC   6   6   6   6   6   6 |     AGC   1   1   1   1   1   1
    ATA   1   1   1   1   1   1 |     ACA   4   4   4   4   4   4 | Lys AAA  10  11  10  10  10  10 | Arg AGA   2   2   2   2   2   2
Met ATG   4   4   4   4   4   4 |     ACG   0   0   0   1   0   0 |     AAG   8   7   8   8   8   8 |     AGG   2   2   2   2   2   2
--------------------------------------------------------------------------------------------------------------------------------------
Val GTT   0   0   0   0   0   0 | Ala GCT   1   1   1   1   1   1 | Asp GAT   2   2   2   2   2   2 | Gly GGT   4   4   4   4   3   4
    GTC   1   1   1   1   1   1 |     GCC   2   2   2   2   2   2 |     GAC   8   8   8   8   8   8 |     GGC   0   0   0   0   0   0
    GTA   1   1   1   1   1   1 |     GCA   1   1   0   1   0   1 | Glu GAA   9   9   9   8   9   9 |     GGA   4   3   4   4   4   4
    GTG   5   5   5   5   5   5 |     GCG   0   0   1   0   1   0 |     GAG   2   2   2   3   2   2 |     GGG   1   2   1   1   1   1
--------------------------------------------------------------------------------------------------------------------------------------

--------------------------------------------------------------------------------------------------------------------------------------
Phe TTT   2   2   2   2   2   2 | Ser TCT   1   1   1   1   1   2 | Tyr TAT   1   1   1   1   1   1 | Cys TGT   3   3   3   3   3   3
    TTC   0   0   0   0   0   0 |     TCC   2   2   2   2   2   1 |     TAC   2   2   2   2   2   2 |     TGC   2   2   2   2   2   2
Leu TTA   2   2   2   2   2   2 |     TCA   1   1   1   1   1   1 | *** TAA   0   0   0   0   0   0 | *** TGA   0   0   0   0   0   0
    TTG   3   3   3   3   3   3 |     TCG   0   0   0   0   0   0 |     TAG   0   0   0   0   0   0 | Trp TGG   2   2   2   2   2   2
--------------------------------------------------------------------------------------------------------------------------------------
Leu CTT   0   0   0   0   0   0 | Pro CCT   5   5   5   5   5   5 | His CAT   4   4   4   4   4   4 | Arg CGT   0   0   0   0   0   0
    CTC   1   1   1   1   1   1 |     CCC   1   1   2   1   1   1 |     CAC   1   1   1   1   1   1 |     CGC   0   0   0   0   0   0
    CTA   0   0   0   0   0   0 |     CCA   3   3   2   3   3   3 | Gln CAA   3   3   3   3   3   3 |     CGA   1   1   1   1   1   1
    CTG   3   3   3   3   3   3 |     CCG   0   0   0   0   0   0 |     CAG   2   2   2   2   2   2 |     CGG   0   0   0   0   0   0
--------------------------------------------------------------------------------------------------------------------------------------
Ile ATT   2   2   2   2   2   2 | Thr ACT   0   0   0   1   0   0 | Asn AAT   4   4   4   4   4   4 | Ser AGT   1   2   1   1   1   1
    ATC   3   3   3   3   3   3 |     ACC   2   2   2   1   2   2 |     AAC   6   6   6   6   6   6 |     AGC   1   1   1   1   1   1
    ATA   1   1   1   1   1   1 |     ACA   4   4   4   4   4   4 | Lys AAA  10  10  10  10  10  10 | Arg AGA   2   2   2   2   2   2
Met ATG   4   4   4   4   4   4 |     ACG   0   0   0   0   0   0 |     AAG   8   8   8   8   8   9 |     AGG   2   2   2   2   2   1
--------------------------------------------------------------------------------------------------------------------------------------
Val GTT   0   0   0   0   0   0 | Ala GCT   1   1   1   1   1   1 | Asp GAT   2   2   3   2   2   2 | Gly GGT   4   3   4   4   4   4
    GTC   1   1   1   1   1   1 |     GCC   2   2   2   2   2   2 |     GAC   8   8   7   8   8   8 |     GGC   0   0   0   0   0   0
    GTA   1   1   1   1   1   1 |     GCA   0   0   1   0   1   1 | Glu GAA   9   9   9   9   9   9 |     GGA   3   4   4   4   4   4
    GTG   5   5   5   5   5   5 |     GCG   1   1   0   1   0   0 |     GAG   2   2   2   2   2   2 |     GGG   2   1   1   1   1   1
--------------------------------------------------------------------------------------------------------------------------------------

--------------------------------------------------------------------------------------------------------------------------------------
Phe TTT   2   2   2   2   2   2 | Ser TCT   2   1   2   2   2   1 | Tyr TAT   1   1   1   1   1   1 | Cys TGT   3   3   3   3   4   3
    TTC   0   0   0   0   0   0 |     TCC   1   2   1   1   1   2 |     TAC   2   2   2   2   2   2 |     TGC   2   2   2   2   1   2
Leu TTA   2   2   2   2   2   2 |     TCA   1   1   1   1   1   1 | *** TAA   0   0   0   0   0   0 | *** TGA   0   0   0   0   0   0
    TTG   3   3   3   3   3   3 |     TCG   0   0   0   0   0   0 |     TAG   0   0   0   0   0   0 | Trp TGG   2   2   2   2   2   2
--------------------------------------------------------------------------------------------------------------------------------------
Leu CTT   0   0   0   0   0   0 | Pro CCT   5   5   5   5   5   5 | His CAT   4   4   4   4   4   4 | Arg CGT   0   0   0   0   0   0
    CTC   1   1   1   1   1   1 |     CCC   1   1   1   1   1   1 |     CAC   1   1   1   1   1   1 |     CGC   0   0   0   0   0   0
    CTA   0   0   0   0   0   0 |     CCA   3   3   3   3   3   3 | Gln CAA   2   2   3   3   3   3 |     CGA   1   1   1   1   1   1
    CTG   3   3   3   3   3   3 |     CCG   0   0   0   0   0   0 |     CAG   3   3   2   2   2   2 |     CGG   0   0   0   0   0   0
--------------------------------------------------------------------------------------------------------------------------------------
Ile ATT   2   2   2   2   2   2 | Thr ACT   0   0   0   0   0   0 | Asn AAT   4   4   4   4   4   4 | Ser AGT   1   1   1   2   1   1
    ATC   3   3   3   3   3   3 |     ACC   2   2   2   2   2   2 |     AAC   6   6   6   6   6   6 |     AGC   1   1   1   1   1   1
    ATA   1   1   1   1   1   1 |     ACA   4   4   4   4   4   4 | Lys AAA  10  10   9  10  11  10 | Arg AGA   2   2   2   2   2   2
Met ATG   4   4   4   4   4   4 |     ACG   0   0   0   0   0   0 |     AAG   8   8   9   8   7   8 |     AGG   2   2   2   2   2   2
--------------------------------------------------------------------------------------------------------------------------------------
Val GTT   0   0   0   0   0   0 | Ala GCT   2   1   1   1   1   1 | Asp GAT   2   2   2   2   2   2 | Gly GGT   4   4   4   3   4   4
    GTC   1   1   1   1   1   1 |     GCC   1   2   2   2   2   2 |     GAC   8   8   8   8   8   8 |     GGC   0   0   0   0   0   0
    GTA   1   1   1   1   1   1 |     GCA   1   1   0   0   1   0 | Glu GAA   9   9   9   9   9   9 |     GGA   4   4   4   4   4   3
    GTG   5   5   5   5   5   5 |     GCG   0   0   1   1   0   1 |     GAG   2   2   2   2   2   2 |     GGG   1   1   1   1   1   2
--------------------------------------------------------------------------------------------------------------------------------------

--------------------------------------------------------------------------------------------------------------------------------------
Phe TTT   2   2   2   2   2   2 | Ser TCT   2   2   1   1   1   2 | Tyr TAT   1   1   1   1   1   1 | Cys TGT   3   3   3   3   3   3
    TTC   0   0   0   0   0   0 |     TCC   1   1   2   2   2   1 |     TAC   2   2   2   2   2   2 |     TGC   2   2   2   2   2   2
Leu TTA   1   2   2   2   2   2 |     TCA   1   1   1   1   1   1 | *** TAA   0   0   0   0   0   0 | *** TGA   0   0   0   0   0   0
    TTG   4   3   3   3   3   3 |     TCG   0   0   0   0   0   0 |     TAG   0   0   0   0   0   0 | Trp TGG   2   2   2   2   2   2
--------------------------------------------------------------------------------------------------------------------------------------
Leu CTT   0   0   0   0   0   0 | Pro CCT   5   5   5   5   5   5 | His CAT   4   4   4   4   4   4 | Arg CGT   0   0   0   0   0   0
    CTC   1   1   1   1   1   1 |     CCC   1   1   1   1   1   1 |     CAC   1   1   1   1   1   1 |     CGC   0   0   0   0   0   0
    CTA   0   0   0   0   0   0 |     CCA   3   3   3   3   3   3 | Gln CAA   3   3   3   3   3   3 |     CGA   1   1   1   1   1   1
    CTG   3   3   3   3   3   3 |     CCG   0   0   0   0   0   0 |     CAG   2   2   2   2   2   2 |     CGG   0   0   0   0   0   0
--------------------------------------------------------------------------------------------------------------------------------------
Ile ATT   2   2   2   2   2   2 | Thr ACT   0   0   0   0   0   1 | Asn AAT   3   4   4   4   4   4 | Ser AGT   1   1   1   1   1   2
    ATC   3   3   3   3   3   3 |     ACC   2   2   2   2   2   1 |     AAC   7   6   6   6   6   6 |     AGC   1   1   1   1   1   1
    ATA   1   1   1   1   1   1 |     ACA   4   4   4   4   4   4 | Lys AAA  10  10  10  10  10   9 | Arg AGA   2   2   2   2   2   2
Met ATG   4   4   4   4   4   4 |     ACG   0   0   0   0   0   0 |     AAG   8   8   8   8   8   9 |     AGG   2   2   2   2   2   2
--------------------------------------------------------------------------------------------------------------------------------------
Val GTT   0   0   0   0   0   0 | Ala GCT   1   1   1   1   1   1 | Asp GAT   2   2   2   2   2   2 | Gly GGT   4   4   4   4   4   3
    GTC   1   1   1   1   1   1 |     GCC   2   2   2   2   2   2 |     GAC   8   8   8   8   8   8 |     GGC   0   0   0   0   0   0
    GTA   1   1   1   1   1   1 |     GCA   1   1   0   1   0   0 | Glu GAA   9   9   9   9   9   9 |     GGA   4   4   3   4   4   4
    GTG   5   5   5   5   5   5 |     GCG   0   0   1   0   1   1 |     GAG   2   2   2   2   2   2 |     GGG   1   1   2   1   1   1
--------------------------------------------------------------------------------------------------------------------------------------

--------------------------------------------------------------------------------------------------------------------------------------
Phe TTT   2   2   2   2   2   2 | Ser TCT   1   2   2   1   1   1 | Tyr TAT   1   1   1   1   1   1 | Cys TGT   3   3   3   2   3   3
    TTC   0   0   0   0   0   0 |     TCC   2   1   1   2   2   2 |     TAC   2   2   2   2   2   2 |     TGC   2   2   2   3   2   2
Leu TTA   2   2   1   2   2   2 |     TCA   1   1   1   1   1   1 | *** TAA   0   0   0   0   0   0 | *** TGA   0   0   0   0   0   0
    TTG   3   2   4   3   3   3 |     TCG   0   0   0   0   0   0 |     TAG   0   0   0   0   0   0 | Trp TGG   2   2   2   2   2   2
--------------------------------------------------------------------------------------------------------------------------------------
Leu CTT   0   0   0   0   0   0 | Pro CCT   5   5   5   5   4   5 | His CAT   4   4   4   4   4   4 | Arg CGT   0   0   0   0   0   0
    CTC   1   1   1   1   1   1 |     CCC   1   1   1   1   1   1 |     CAC   1   1   1   1   1   1 |     CGC   0   0   0   0   0   0
    CTA   0   1   0   0   0   0 |     CCA   3   3   3   3   3   3 | Gln CAA   3   4   3   3   3   3 |     CGA   1   1   1   1   1   1
    CTG   3   3   3   3   3   3 |     CCG   0   0   0   0   1   0 |     CAG   2   1   2   2   2   2 |     CGG   0   0   0   0   0   0
--------------------------------------------------------------------------------------------------------------------------------------
Ile ATT   2   2   2   2   2   2 | Thr ACT   0   1   0   0   0   0 | Asn AAT   4   4   4   4   4   4 | Ser AGT   1   2   1   1   1   1
    ATC   3   3   3   3   3   3 |     ACC   2   1   2   2   2   2 |     AAC   6   6   6   6   6   6 |     AGC   1   1   1   1   1   1
    ATA   1   1   1   1   1   1 |     ACA   4   4   4   4   3   4 | Lys AAA  10  10  10   9   9  10 | Arg AGA   2   2   2   3   2   2
Met ATG   4   4   4   4   4   4 |     ACG   0   0   0   0   0   0 |     AAG   8   8   8   8   9   8 |     AGG   2   2   2   2   2   2
--------------------------------------------------------------------------------------------------------------------------------------
Val GTT   0   0   0   0   0   0 | Ala GCT   1   1   1   1   1   1 | Asp GAT   2   2   2   2   2   2 | Gly GGT   4   3   4   4   4   4
    GTC   1   1   1   1   1   1 |     GCC   2   2   2   2   2   2 |     GAC   8   8   8   8   8   8 |     GGC   0   0   0   0   0   0
    GTA   1   1   1   1   1   1 |     GCA   1   0   1   0   2   0 | Glu GAA   9   9   9   9   7   9 |     GGA   4   4   4   4   3   4
    GTG   5   5   5   5   5   5 |     GCG   0   1   0   1   0   1 |     GAG   2   2   2   2   4   2 |     GGG   1   1   1   1   2   1
--------------------------------------------------------------------------------------------------------------------------------------

--------------------------------------------------------------------------------------------------------------------------------------
Phe TTT   2   2   2   2   2   2 | Ser TCT   1   2   1   2   1   2 | Tyr TAT   1   1   1   1   1   1 | Cys TGT   3   3   3   3   3   3
    TTC   0   0   0   0   0   0 |     TCC   2   1   2   1   2   1 |     TAC   2   2   2   2   2   2 |     TGC   2   2   2   2   2   2
Leu TTA   2   2   2   2   2   2 |     TCA   1   1   1   1   1   1 | *** TAA   0   0   0   0   0   0 | *** TGA   0   0   0   0   0   0
    TTG   3   3   3   3   3   3 |     TCG   0   0   0   0   0   0 |     TAG   0   0   0   0   0   0 | Trp TGG   2   2   2   2   2   2
--------------------------------------------------------------------------------------------------------------------------------------
Leu CTT   0   0   0   0   0   0 | Pro CCT   5   5   5   5   5   4 | His CAT   4   4   4   4   4   4 | Arg CGT   0   0   0   0   0   0
    CTC   1   1   1   1   1   1 |     CCC   1   1   1   1   2   1 |     CAC   1   1   1   1   1   1 |     CGC   0   0   0   0   0   0
    CTA   0   0   0   0   0   0 |     CCA   3   3   3   3   2   3 | Gln CAA   3   3   3   3   3   3 |     CGA   1   1   1   1   0   1
    CTG   3   3   3   3   3   3 |     CCG   0   0   0   0   0   1 |     CAG   2   2   2   2   2   2 |     CGG   0   0   0   0   1   0
--------------------------------------------------------------------------------------------------------------------------------------
Ile ATT   2   2   2   2   2   2 | Thr ACT   0   0   0   0   0   0 | Asn AAT   5   4   4   4   4   4 | Ser AGT   1   2   1   1   1   1
    ATC   3   3   3   3   3   3 |     ACC   2   2   2   2   2   2 |     AAC   5   6   6   6   6   6 |     AGC   1   1   1   1   1   1
    ATA   1   1   1   1   1   1 |     ACA   4   4   4   4   4   4 | Lys AAA  10  10  10  10  10  10 | Arg AGA   2   2   2   2   2   2
Met ATG   4   4   4   4   4   4 |     ACG   0   0   0   0   0   0 |     AAG   8   8   8   8   8   8 |     AGG   2   2   2   2   2   2
--------------------------------------------------------------------------------------------------------------------------------------
Val GTT   0   0   0   0   0   0 | Ala GCT   1   2   1   1   1   1 | Asp GAT   2   2   2   2   2   2 | Gly GGT   4   3   4   4   4   4
    GTC   1   1   1   1   2   2 |     GCC   2   0   2   2   2   2 |     GAC   8   8   8   8   8   8 |     GGC   0   0   0   0   0   0
    GTA   1   1   1   1   0   0 |     GCA   0   0   1   1   0   1 | Glu GAA   9   9   9   9   9   9 |     GGA   4   4   3   4   4   4
    GTG   5   5   5   5   5   5 |     GCG   1   2   0   0   1   0 |     GAG   2   2   2   2   2   2 |     GGG   1   1   2   1   1   1
--------------------------------------------------------------------------------------------------------------------------------------

--------------------------------------------------------------------------------------------------------------------------------------
Phe TTT   2   2   2   2   2   2 | Ser TCT   2   1   2   2   2   1 | Tyr TAT   1   1   1   1   1   0 | Cys TGT   3   3   3   3   3   3
    TTC   0   0   0   0   0   0 |     TCC   1   2   1   1   1   2 |     TAC   2   2   2   2   2   3 |     TGC   2   2   2   2   2   2
Leu TTA   1   2   1   2   2   2 |     TCA   1   1   1   1   1   1 | *** TAA   0   0   0   0   0   0 | *** TGA   0   0   0   0   0   0
    TTG   4   3   4   3   3   3 |     TCG   0   0   0   0   0   0 |     TAG   0   0   0   0   0   0 | Trp TGG   2   2   2   2   2   2
--------------------------------------------------------------------------------------------------------------------------------------
Leu CTT   0   0   0   0   0   0 | Pro CCT   5   5   5   5   5   5 | His CAT   4   4   4   4   4   4 | Arg CGT   0   0   0   0   0   0
    CTC   1   0   1   1   1   1 |     CCC   1   1   1   1   1   1 |     CAC   1   1   1   1   1   1 |     CGC   0   0   0   0   0   0
    CTA   0   0   0   0   0   0 |     CCA   3   3   3   3   3   3 | Gln CAA   3   3   3   3   3   3 |     CGA   1   1   1   1   1   1
    CTG   3   4   3   3   3   3 |     CCG   0   0   0   0   0   0 |     CAG   2   2   2   2   2   2 |     CGG   0   0   0   0   0   0
--------------------------------------------------------------------------------------------------------------------------------------
Ile ATT   2   2   2   2   2   2 | Thr ACT   0   1   0   0   0   0 | Asn AAT   3   4   3   4   4   4 | Ser AGT   1   1   1   1   2   1
    ATC   3   3   3   3   3   3 |     ACC   2   1   2   2   2   2 |     AAC   7   6   7   6   6   6 |     AGC   1   1   1   1   1   1
    ATA   1   1   1   1   1   1 |     ACA   4   4   4   4   4   4 | Lys AAA  10  10  11  10  10  11 | Arg AGA   2   2   2   2   2   2
Met ATG   4   4   4   4   4   4 |     ACG   0   0   0   0   0   0 |     AAG   8   8   7   8   8   7 |     AGG   2   2   2   2   2   2
--------------------------------------------------------------------------------------------------------------------------------------
Val GTT   0   0   0   0   0   0 | Ala GCT   1   1   1   1   2   1 | Asp GAT   3   2   2   2   2   2 | Gly GGT   4   4   4   4   3   4
    GTC   1   1   1   1   1   1 |     GCC   2   2   2   2   1   2 |     GAC   7   8   8   8   8   8 |     GGC   0   0   0   0   0   0
    GTA   1   1   1   1   1   1 |     GCA   1   1   1   1   0   0 | Glu GAA   9   9   9   9   9   9 |     GGA   4   4   4   4   4   4
    GTG   5   5   5   5   5   5 |     GCG   0   0   0   0   1   1 |     GAG   2   2   2   2   2   2 |     GGG   1   1   1   1   1   1
--------------------------------------------------------------------------------------------------------------------------------------

--------------------------------------------------------------------------------------------------------------------------------------
Phe TTT   2   2   2   2   2   2 | Ser TCT   1   2   1   2   2   2 | Tyr TAT   1   1   1   1   1   1 | Cys TGT   3   3   3   4   4   2
    TTC   0   0   0   0   0   0 |     TCC   2   1   2   1   1   2 |     TAC   2   2   2   2   2   2 |     TGC   2   2   2   1   1   3
Leu TTA   2   2   2   2   2   2 |     TCA   1   1   1   1   1   0 | *** TAA   0   0   0   0   0   0 | *** TGA   0   0   0   0   0   0
    TTG   3   3   3   3   3   3 |     TCG   0   0   0   0   0   0 |     TAG   0   0   0   0   0   0 | Trp TGG   2   2   2   2   2   2
--------------------------------------------------------------------------------------------------------------------------------------
Leu CTT   0   0   0   0   0   0 | Pro CCT   5   5   5   5   5   5 | His CAT   4   4   4   4   4   4 | Arg CGT   0   0   0   0   0   0
    CTC   1   1   1   1   1   1 |     CCC   1   1   1   1   1   1 |     CAC   1   1   1   1   1   1 |     CGC   0   0   0   0   0   0
    CTA   0   0   0   0   0   0 |     CCA   3   3   3   3   3   3 | Gln CAA   3   3   3   3   3   3 |     CGA   0   1   1   1   1   1
    CTG   3   3   3   3   3   3 |     CCG   0   0   0   0   0   0 |     CAG   2   2   2   2   2   2 |     CGG   1   0   0   0   0   0
--------------------------------------------------------------------------------------------------------------------------------------
Ile ATT   2   2   2   2   2   2 | Thr ACT   0   0   0   0   1   0 | Asn AAT   4   4   4   4   4   4 | Ser AGT   1   1   1   1   2   2
    ATC   3   3   3   2   3   3 |     ACC   2   2   2   2   1   2 |     AAC   6   6   6   6   6   6 |     AGC   1   1   1   1   1   1
    ATA   1   1   1   2   1   1 |     ACA   4   4   4   4   4   4 | Lys AAA  10  10  10  11  10  10 | Arg AGA   2   2   2   2   2   2
Met ATG   4   4   4   4   4   4 |     ACG   0   0   0   0   0   0 |     AAG   8   8   8   7   8   8 |     AGG   2   2   2   2   2   2
--------------------------------------------------------------------------------------------------------------------------------------
Val GTT   0   0   0   0   0   0 | Ala GCT   1   1   1   1   1   1 | Asp GAT   2   2   2   2   2   2 | Gly GGT   4   4   4   4   3   3
    GTC   1   1   1   1   1   1 |     GCC   2   2   2   2   2   2 |     GAC   8   8   8   8   8   8 |     GGC   0   0   0   0   0   0
    GTA   1   1   1   1   1   1 |     GCA   1   0   0   1   0   0 | Glu GAA   9   9   9   9   9   9 |     GGA   4   4   4   4   4   4
    GTG   5   5   5   5   5   5 |     GCG   0   1   1   0   1   1 |     GAG   2   2   2   2   2   2 |     GGG   1   1   1   1   1   1
--------------------------------------------------------------------------------------------------------------------------------------

Codon position x base (3x4) table for each sequence.

#1: Argali         
position  1:    T:0.15441    C:0.17647    A:0.36765    G:0.30147
position  2:    T:0.20588    C:0.16912    A:0.45588    G:0.16912
position  3:    T:0.22059    C:0.23529    A:0.30882    G:0.23529
Average         T:0.19363    C:0.19363    A:0.37745    G:0.23529

#2: LesserMouseDeer
position  1:    T:0.16176    C:0.16912    A:0.36029    G:0.30882
position  2:    T:0.20588    C:0.16912    A:0.45588    G:0.16912
position  3:    T:0.22794    C:0.23529    A:0.29412    G:0.24265
Average         T:0.19853    C:0.19118    A:0.37010    G:0.24020

#3: LesserKudu     
position  1:    T:0.15441    C:0.17647    A:0.37500    G:0.29412
position  2:    T:0.20588    C:0.16912    A:0.45588    G:0.16912
position  3:    T:0.23529    C:0.22059    A:0.29412    G:0.25000
Average         T:0.19853    C:0.18873    A:0.37500    G:0.23775

#4: ForestMuskDeer2
position  1:    T:0.15441    C:0.17647    A:0.36765    G:0.30147
position  2:    T:0.20588    C:0.16912    A:0.45588    G:0.16912
position  3:    T:0.23529    C:0.21324    A:0.32353    G:0.22794
Average         T:0.19853    C:0.18627    A:0.38235    G:0.23284

#5: Camel          
position  1:    T:0.14706    C:0.18382    A:0.36765    G:0.30147
position  2:    T:0.20588    C:0.16912    A:0.45588    G:0.16912
position  3:    T:0.19853    C:0.25735    A:0.30882    G:0.23529
Average         T:0.18382    C:0.20343    A:0.37745    G:0.23529

#6: KillerWhale    
position  1:    T:0.14706    C:0.18382    A:0.36765    G:0.30147
position  2:    T:0.22059    C:0.15441    A:0.46324    G:0.16176
position  3:    T:0.25000    C:0.19853    A:0.31618    G:0.23529
Average         T:0.20588    C:0.17892    A:0.38235    G:0.23284

#7: DefassaWaterbuck
position  1:    T:0.15441    C:0.17647    A:0.36765    G:0.30147
position  2:    T:0.20588    C:0.16912    A:0.45588    G:0.16912
position  3:    T:0.21324    C:0.24265    A:0.30882    G:0.23529
Average         T:0.19118    C:0.19608    A:0.37745    G:0.23529

#8: Sheep          
position  1:    T:0.15441    C:0.17647    A:0.36765    G:0.30147
position  2:    T:0.20588    C:0.16912    A:0.45588    G:0.16912
position  3:    T:0.22059    C:0.23529    A:0.30882    G:0.23529
Average         T:0.19363    C:0.19363    A:0.37745    G:0.23529

#9: MaxwellsDuiker 
position  1:    T:0.15441    C:0.17647    A:0.36765    G:0.30147
position  2:    T:0.20588    C:0.16912    A:0.45588    G:0.16912
position  3:    T:0.22059    C:0.23529    A:0.30147    G:0.24265
Average         T:0.19363    C:0.19363    A:0.37500    G:0.23775

#10: GazellaPrzewalskyi
position  1:    T:0.15441    C:0.17647    A:0.36765    G:0.30147
position  2:    T:0.20588    C:0.16912    A:0.45588    G:0.16912
position  3:    T:0.21324    C:0.23529    A:0.30147    G:0.25000
Average         T:0.19118    C:0.19363    A:0.37500    G:0.24020

#11: MountainNyala  
position  1:    T:0.15441    C:0.17647    A:0.37500    G:0.29412
position  2:    T:0.20588    C:0.16912    A:0.45588    G:0.16912
position  3:    T:0.22794    C:0.22794    A:0.29412    G:0.25000
Average         T:0.19608    C:0.19118    A:0.37500    G:0.23775

#12: MuntiacusMuntjak
position  1:    T:0.15441    C:0.17647    A:0.36765    G:0.30147
position  2:    T:0.20588    C:0.16912    A:0.45588    G:0.16912
position  3:    T:0.22794    C:0.22794    A:0.30147    G:0.24265
Average         T:0.19608    C:0.19118    A:0.37500    G:0.23775

#13: goat           
position  1:    T:0.15441    C:0.17647    A:0.36765    G:0.30147
position  2:    T:0.20588    C:0.16912    A:0.45588    G:0.16912
position  3:    T:0.22059    C:0.23529    A:0.29412    G:0.25000
Average         T:0.19363    C:0.19363    A:0.37255    G:0.24020

#14: AfricanBuffalo 
position  1:    T:0.15441    C:0.17647    A:0.37500    G:0.29412
position  2:    T:0.20588    C:0.16912    A:0.45588    G:0.16912
position  3:    T:0.22059    C:0.23529    A:0.30147    G:0.24265
Average         T:0.19363    C:0.19363    A:0.37745    G:0.23529

#15: Topi           
position  1:    T:0.15441    C:0.17647    A:0.36765    G:0.30147
position  2:    T:0.20588    C:0.16912    A:0.45588    G:0.16912
position  3:    T:0.22794    C:0.23529    A:0.30147    G:0.23529
Average         T:0.19608    C:0.19363    A:0.37500    G:0.23529

#16: CommonDuiker   
position  1:    T:0.15441    C:0.17647    A:0.36765    G:0.30147
position  2:    T:0.20588    C:0.16912    A:0.45588    G:0.16912
position  3:    T:0.22794    C:0.22794    A:0.30147    G:0.24265
Average         T:0.19608    C:0.19118    A:0.37500    G:0.23775

#17: Suni           
position  1:    T:0.15441    C:0.17647    A:0.36765    G:0.30147
position  2:    T:0.20588    C:0.16912    A:0.45588    G:0.16912
position  3:    T:0.22059    C:0.23529    A:0.30882    G:0.23529
Average         T:0.19363    C:0.19363    A:0.37745    G:0.23529

#18: Springbuck     
position  1:    T:0.15441    C:0.17647    A:0.36765    G:0.30147
position  2:    T:0.20588    C:0.16912    A:0.46324    G:0.16176
position  3:    T:0.22794    C:0.22794    A:0.30882    G:0.23529
Average         T:0.19608    C:0.19118    A:0.37990    G:0.23284

#19: Okapi          
position  1:    T:0.15441    C:0.17647    A:0.36765    G:0.30147
position  2:    T:0.20588    C:0.16912    A:0.45588    G:0.16912
position  3:    T:0.23529    C:0.22059    A:0.30147    G:0.24265
Average         T:0.19853    C:0.18873    A:0.37500    G:0.23775

#20: Giraffe        
position  1:    T:0.15441    C:0.17647    A:0.36765    G:0.30147
position  2:    T:0.20588    C:0.16912    A:0.45588    G:0.16912
position  3:    T:0.22059    C:0.23529    A:0.30147    G:0.24265
Average         T:0.19363    C:0.19363    A:0.37500    G:0.23775

#21: TibetanAntelope
position  1:    T:0.15441    C:0.17647    A:0.36765    G:0.30147
position  2:    T:0.20588    C:0.16912    A:0.45588    G:0.16912
position  3:    T:0.22794    C:0.22794    A:0.29412    G:0.25000
Average         T:0.19608    C:0.19118    A:0.37255    G:0.24020

#22: Sitatunga      
position  1:    T:0.15441    C:0.17647    A:0.37500    G:0.29412
position  2:    T:0.20588    C:0.16912    A:0.45588    G:0.16912
position  3:    T:0.22794    C:0.22794    A:0.30147    G:0.24265
Average         T:0.19608    C:0.19118    A:0.37745    G:0.23529

#23: Oribi          
position  1:    T:0.15441    C:0.17647    A:0.36765    G:0.30147
position  2:    T:0.20588    C:0.16912    A:0.45588    G:0.16912
position  3:    T:0.23529    C:0.22059    A:0.31618    G:0.22794
Average         T:0.19853    C:0.18873    A:0.37990    G:0.23284

#24: BarbarySheep   
position  1:    T:0.15441    C:0.17647    A:0.36765    G:0.30147
position  2:    T:0.20588    C:0.16912    A:0.45588    G:0.16912
position  3:    T:0.22059    C:0.23529    A:0.29412    G:0.25000
Average         T:0.19363    C:0.19363    A:0.37255    G:0.24020

#25: Daviddeer      
position  1:    T:0.15441    C:0.17647    A:0.36765    G:0.30147
position  2:    T:0.20588    C:0.16912    A:0.45588    G:0.16912
position  3:    T:0.22059    C:0.23529    A:0.30147    G:0.24265
Average         T:0.19363    C:0.19363    A:0.37500    G:0.23775

#26: Reindeer       
position  1:    T:0.15441    C:0.17647    A:0.36765    G:0.30147
position  2:    T:0.20588    C:0.16912    A:0.45588    G:0.16912
position  3:    T:0.22794    C:0.22794    A:0.30882    G:0.23529
Average         T:0.19608    C:0.19118    A:0.37745    G:0.23529

#27: Ibex           
position  1:    T:0.15441    C:0.17647    A:0.36765    G:0.30147
position  2:    T:0.20588    C:0.16912    A:0.45588    G:0.16912
position  3:    T:0.22059    C:0.23529    A:0.29412    G:0.25000
Average         T:0.19363    C:0.19363    A:0.37255    G:0.24020

#28: GyrantGazelle  
position  1:    T:0.15441    C:0.17647    A:0.36765    G:0.30147
position  2:    T:0.20588    C:0.16912    A:0.45588    G:0.16912
position  3:    T:0.22059    C:0.23529    A:0.30882    G:0.23529
Average         T:0.19363    C:0.19363    A:0.37745    G:0.23529

#29: Hartebeest     
position  1:    T:0.15441    C:0.17647    A:0.36765    G:0.30147
position  2:    T:0.20588    C:0.16912    A:0.45588    G:0.16912
position  3:    T:0.22059    C:0.23529    A:0.30147    G:0.24265
Average         T:0.19363    C:0.19363    A:0.37500    G:0.23775

#30: Bongo          
position  1:    T:0.15441    C:0.17647    A:0.37500    G:0.29412
position  2:    T:0.20588    C:0.16912    A:0.45588    G:0.16912
position  3:    T:0.23529    C:0.22059    A:0.29412    G:0.25000
Average         T:0.19853    C:0.18873    A:0.37500    G:0.23775

#31: Gerenuk        
position  1:    T:0.15441    C:0.17647    A:0.36765    G:0.30147
position  2:    T:0.20588    C:0.16912    A:0.45588    G:0.16912
position  3:    T:0.22059    C:0.23529    A:0.30882    G:0.23529
Average         T:0.19363    C:0.19363    A:0.37745    G:0.23529

#32: CommonEland    
position  1:    T:0.14706    C:0.18382    A:0.37500    G:0.29412
position  2:    T:0.20588    C:0.16912    A:0.45588    G:0.16912
position  3:    T:0.23529    C:0.22059    A:0.31618    G:0.22794
Average         T:0.19608    C:0.19118    A:0.38235    G:0.23039

#33: MuntiacusReevesi
position  1:    T:0.15441    C:0.17647    A:0.36765    G:0.30147
position  2:    T:0.20588    C:0.16912    A:0.45588    G:0.16912
position  3:    T:0.22794    C:0.22794    A:0.30147    G:0.24265
Average         T:0.19608    C:0.19118    A:0.37500    G:0.23775

#34: HarveysDuiker  
position  1:    T:0.15441    C:0.17647    A:0.36765    G:0.30147
position  2:    T:0.20588    C:0.16912    A:0.44853    G:0.17647
position  3:    T:0.21324    C:0.24265    A:0.30147    G:0.24265
Average         T:0.19118    C:0.19608    A:0.37255    G:0.24020

#35: Pronghorn      
position  1:    T:0.15441    C:0.17647    A:0.36029    G:0.30882
position  2:    T:0.20588    C:0.16912    A:0.45588    G:0.16912
position  3:    T:0.21324    C:0.23529    A:0.27941    G:0.27206
Average         T:0.19118    C:0.19363    A:0.36520    G:0.25000

#36: BlueWildebeest 
position  1:    T:0.15441    C:0.17647    A:0.36765    G:0.30147
position  2:    T:0.20588    C:0.16912    A:0.45588    G:0.16912
position  3:    T:0.22059    C:0.23529    A:0.30147    G:0.24265
Average         T:0.19363    C:0.19363    A:0.37500    G:0.23775

#37: Gemsbok        
position  1:    T:0.15441    C:0.17647    A:0.36765    G:0.30147
position  2:    T:0.20588    C:0.16912    A:0.45588    G:0.16912
position  3:    T:0.22794    C:0.22794    A:0.30147    G:0.24265
Average         T:0.19608    C:0.19118    A:0.37500    G:0.23775

#38: Yak            
position  1:    T:0.15441    C:0.17647    A:0.37500    G:0.29412
position  2:    T:0.20588    C:0.16912    A:0.45588    G:0.16912
position  3:    T:0.23529    C:0.21324    A:0.30147    G:0.25000
Average         T:0.19853    C:0.18627    A:0.37745    G:0.23775

#39: BlueSheep      
position  1:    T:0.15441    C:0.17647    A:0.36765    G:0.30147
position  2:    T:0.20588    C:0.16912    A:0.45588    G:0.16912
position  3:    T:0.22059    C:0.23529    A:0.30147    G:0.24265
Average         T:0.19363    C:0.19363    A:0.37500    G:0.23775

#40: BohorReedbuck  
position  1:    T:0.15441    C:0.17647    A:0.36765    G:0.30147
position  2:    T:0.20588    C:0.16912    A:0.45588    G:0.16912
position  3:    T:0.22794    C:0.22794    A:0.30882    G:0.23529
Average         T:0.19608    C:0.19118    A:0.37745    G:0.23529

#41: KirksDik       
position  1:    T:0.15441    C:0.17647    A:0.36765    G:0.30147
position  2:    T:0.20588    C:0.16912    A:0.45588    G:0.16912
position  3:    T:0.22059    C:0.25000    A:0.27941    G:0.25000
Average         T:0.19363    C:0.19853    A:0.36765    G:0.24020

#42: RoeDeer        
position  1:    T:0.15441    C:0.17647    A:0.36765    G:0.30147
position  2:    T:0.20588    C:0.16912    A:0.45588    G:0.16912
position  3:    T:0.22059    C:0.23529    A:0.30147    G:0.24265
Average         T:0.19363    C:0.19363    A:0.37500    G:0.23775

#43: WhiteLippedDeer
position  1:    T:0.15441    C:0.17647    A:0.36765    G:0.30147
position  2:    T:0.20588    C:0.16912    A:0.45588    G:0.16912
position  3:    T:0.22794    C:0.22794    A:0.30147    G:0.24265
Average         T:0.19608    C:0.19118    A:0.37500    G:0.23775

#44: ThomsonGazelle 
position  1:    T:0.15441    C:0.17647    A:0.36765    G:0.30147
position  2:    T:0.20588    C:0.16912    A:0.45588    G:0.16912
position  3:    T:0.22794    C:0.22059    A:0.30882    G:0.24265
Average         T:0.19608    C:0.18873    A:0.37745    G:0.23775

#45: MuntiacusCrinifrons
position  1:    T:0.15441    C:0.17647    A:0.36765    G:0.30147
position  2:    T:0.20588    C:0.16912    A:0.45588    G:0.16912
position  3:    T:0.22059    C:0.23529    A:0.30882    G:0.23529
Average         T:0.19363    C:0.19363    A:0.37745    G:0.23529

#46: WhiteTailedDeer
position  1:    T:0.15441    C:0.17647    A:0.36765    G:0.30147
position  2:    T:0.20588    C:0.16912    A:0.45588    G:0.16912
position  3:    T:0.22794    C:0.22794    A:0.30882    G:0.23529
Average         T:0.19608    C:0.19118    A:0.37745    G:0.23529

#47: Cattle         
position  1:    T:0.15441    C:0.17647    A:0.37500    G:0.29412
position  2:    T:0.20588    C:0.16912    A:0.45588    G:0.16912
position  3:    T:0.23529    C:0.22059    A:0.30147    G:0.24265
Average         T:0.19853    C:0.18873    A:0.37745    G:0.23529

#48: RoyalAntelope  
position  1:    T:0.15441    C:0.17647    A:0.36765    G:0.30147
position  2:    T:0.20588    C:0.16912    A:0.45588    G:0.16912
position  3:    T:0.21324    C:0.24265    A:0.30882    G:0.23529
Average         T:0.19118    C:0.19608    A:0.37745    G:0.23529

#49: Steenbok       
position  1:    T:0.15441    C:0.17647    A:0.36765    G:0.30147
position  2:    T:0.20588    C:0.16912    A:0.45588    G:0.16912
position  3:    T:0.22059    C:0.23529    A:0.30147    G:0.24265
Average         T:0.19363    C:0.19363    A:0.37500    G:0.23775

#50: Impala         
position  1:    T:0.15441    C:0.17647    A:0.36765    G:0.30147
position  2:    T:0.20588    C:0.16912    A:0.45588    G:0.16912
position  3:    T:0.22794    C:0.22794    A:0.30147    G:0.24265
Average         T:0.19608    C:0.19118    A:0.37500    G:0.23775

#51: Klipspringer   
position  1:    T:0.15441    C:0.17647    A:0.36765    G:0.30147
position  2:    T:0.20588    C:0.16912    A:0.45588    G:0.16912
