1
52 1
Argali 0.000000 0.603900 0.132000 0.391500 0.101300 0.016900 0.110800 0.117000 0.121100 0.108800 0.027300 0.142500 0.094500 0.092100 0.126400 0.112600 0.103400 0.099600 0.061700 0.113700 0.103200 0.030800 0.113200 0.110100 0.034200 0.102600 0.087600 0.120600 0.109100 0.120300 0.108100 0.116400 0.137300 0.094600 0.079100 0.105100 0.030700 0.093500 0.129000 0.147100 0.127500 0.106800 0.108600 0.106900 0.101600 0.090900 0.127600 0.073600 0.084100 0.134200 0.113600 0.125900
LesserMous 0.603900 0.000000 0.599100 0.786500 0.587900 0.586900 0.595700 0.598900 0.585000 0.608200 0.572500 0.635100 0.615100 0.588900 0.577600 0.641500 0.599100 0.601500 0.578200 0.599900 0.637600 0.586600 0.623400 0.643800 0.586300 0.628700 0.621400 0.608500 0.633700 0.605800 0.596200 0.572000 0.614800 0.609700 0.585400 0.569200 0.578000 0.590300 0.626800 0.615800 0.599700 0.594600 0.614800 0.644600 0.564100 0.619600 0.632400 0.571500 0.589700 0.608800 0.584400 0.578400
LesserKudu 0.132000 0.599100 0.000000 0.385500 0.133900 0.120600 0.151400 0.157900 0.033400 0.122800 0.109600 0.110600 0.146000 0.113000 0.147300 0.122200 0.124200 0.124500 0.115500 0.026600 0.124200 0.113400 0.126400 0.131000 0.109600 0.116000 0.131200 0.040000 0.118600 0.033100 0.122200 0.153300 0.169800 0.146100 0.125700 0.096200 0.109300 0.121900 0.150200 0.144800 0.140600 0.120300 0.122700 0.127800 0.092700 0.115400 0.144900 0.094300 0.123600 0.129200 0.026600 0.023400
KillerWhal 0.391500 0.786500 0.385500 0.000000 0.369100 0.375900 0.408700 0.425700 0.372100 0.375100 0.364400 0.358300 0.381300 0.377800 0.358700 0.399200 0.396600 0.400400 0.358200 0.371700 0.405400 0.361300 0.394800 0.401000 0.364200 0.386900 0.377400 0.374800 0.389500 0.374600 0.373700 0.445700 0.392800 0.376800 0.338400 0.344900 0.355100 0.340200 0.406700 0.418900 0.387500 0.386400 0.385200 0.409000 0.350600 0.356000 0.402900 0.334700 0.378200 0.358000 0.362300 0.379900
DefassaWat 0.101300 0.587900 0.133900 0.369100 0.000000 0.090800 0.112300 0.123200 0.119400 0.133700 0.087300 0.128800 0.089900 0.090100 0.121200 0.096300 0.101900 0.094500 0.093500 0.112100 0.105400 0.090700 0.130300 0.135000 0.094600 0.097400 0.090300 0.119000 0.092900 0.118700 0.133000 0.121500 0.135400 0.097300 0.078300 0.099900 0.083400 0.033000 0.115600 0.156500 0.137100 0.101500 0.133500 0.131800 0.096500 0.097000 0.114700 0.087200 0.090200 0.136600 0.112000 0.116100
Sheep 0.016900 0.586900 0.120600 0.375900 0.090800 0.000000 0.092000 0.117100 0.109700 0.097600 0.023800 0.131000 0.090800 0.081000 0.115400 0.101400 0.092100 0.088400 0.058200 0.102500 0.092100 0.027300 0.101900 0.098800 0.030700 0.091500 0.083900 0.109400 0.098000 0.109100 0.097000 0.108900 0.126000 0.090800 0.075500 0.094000 0.027200 0.083000 0.117600 0.135400 0.116100 0.095600 0.097500 0.095500 0.090500 0.080000 0.116300 0.062700 0.076900 0.123300 0.102400 0.114500
MaxwellsDu 0.110800 0.595700 0.151400 0.408700 0.112300 0.092000 0.000000 0.136600 0.136500 0.151400 0.088600 0.150200 0.117300 0.048100 0.134000 0.120000 0.138100 0.122400 0.098500 0.129100 0.110700 0.099800 0.143800 0.148700 0.096000 0.102400 0.117900 0.136100 0.112700 0.135700 0.150400 0.063200 0.168400 0.125100 0.108800 0.127600 0.092000 0.101100 0.113200 0.174600 0.158500 0.106800 0.151200 0.145500 0.124100 0.094700 0.120000 0.092300 0.084000 0.134400 0.129000 0.141600
GazellaPrz 0.117000 0.598900 0.157900 0.425700 0.123200 0.117100 0.136600 0.000000 0.147100 0.154300 0.106100 0.168600 0.138800 0.121100 0.148500 0.096100 0.148300 0.152300 0.119700 0.151000 0.079600 0.117400 0.150400 0.163200 0.113600 0.075500 0.131700 0.158100 0.085500 0.142300 0.145700 0.150500 0.171000 0.139000 0.126100 0.141600 0.109500 0.122600 0.097000 0.173000 0.157300 0.079500 0.154100 0.160100 0.138100 0.116200 0.111000 0.125500 0.097800 0.141000 0.135500 0.148000
MountainNy 0.121100 0.585000 0.033400 0.372100 0.119400 0.109700 0.136500 0.147100 0.000000 0.126200 0.098800 0.103700 0.123500 0.098500 0.132800 0.111700 0.109400 0.109800 0.097400 0.020000 0.106000 0.102600 0.119400 0.124000 0.098700 0.098000 0.109000 0.019800 0.100700 0.033300 0.125500 0.138300 0.151300 0.123600 0.111400 0.074900 0.098500 0.107600 0.131700 0.145400 0.133700 0.102100 0.126100 0.120800 0.071500 0.101100 0.130300 0.083600 0.109100 0.114700 0.013300 0.025400
MuntiacusM 0.108800 0.608200 0.122800 0.375100 0.133700 0.097600 0.151400 0.154300 0.126200 0.000000 0.101500 0.156300 0.138200 0.128100 0.147400 0.133100 0.098100 0.098100 0.115100 0.126600 0.131900 0.105300 0.036400 0.047000 0.109100 0.126900 0.123500 0.135500 0.129800 0.122800 0.013000 0.161700 0.131900 0.134500 0.114200 0.122400 0.105000 0.121600 0.157900 0.081200 0.042900 0.131700 0.013000 0.043700 0.118900 0.126400 0.148700 0.116200 0.111800 0.125400 0.118900 0.124600
goat 0.027300 0.572500 0.109600 0.364400 0.087300 0.023800 0.088600 0.106100 0.098800 0.101500 0.000000 0.120000 0.072900 0.070200 0.104600 0.090600 0.088700 0.084900 0.040800 0.091700 0.088600 0.017000 0.091100 0.102900 0.006800 0.080600 0.066000 0.098500 0.087200 0.090900 0.100900 0.093800 0.114000 0.073000 0.058000 0.076200 0.010100 0.079600 0.099200 0.124300 0.105300 0.084700 0.101300 0.099600 0.072700 0.076600 0.105500 0.052100 0.055400 0.104900 0.091600 0.103400
AfricanBuf 0.142500 0.635100 0.110600 0.358300 0.128800 0.131000 0.150200 0.168600 0.103700 0.156300 0.120000 0.000000 0.145100 0.119500 0.131400 0.132400 0.123000 0.131000 0.133400 0.089300 0.146200 0.123800 0.152000 0.156900 0.119900 0.137800 0.130400 0.096100 0.140300 0.110300 0.147900 0.159900 0.141900 0.145200 0.128600 0.106300 0.115900 0.124600 0.141200 0.170400 0.166500 0.142200 0.156100 0.153700 0.102900 0.114400 0.163200 0.108600 0.130300 0.117100 0.096500 0.100800
Topi 0.094500 0.615100 0.146000 0.381300 0.089900 0.090800 0.117300 0.138800 0.123500 0.138200 0.072900 0.145100 0.000000 0.102300 0.121800 0.122700 0.121100 0.109700 0.071900 0.123900 0.113500 0.083800 0.138500 0.131600 0.080100 0.112900 0.013300 0.123200 0.097000 0.130500 0.145100 0.126800 0.155300 0.013300 0.057300 0.114900 0.076300 0.075000 0.124000 0.157200 0.141500 0.117200 0.145800 0.136200 0.111500 0.108600 0.138000 0.091300 0.090600 0.137200 0.123800 0.136200
CommonDuik 0.092100 0.588900 0.113000 0.377800 0.090100 0.081000 0.048100 0.121100 0.098500 0.128100 0.070200 0.119500 0.102300 0.000000 0.119100 0.083000 0.107100 0.092000 0.083800 0.091400 0.080800 0.073900 0.120600 0.125200 0.070200 0.080300 0.102800 0.098200 0.090500 0.097900 0.127300 0.045200 0.137200 0.109900 0.086600 0.097600 0.073700 0.072100 0.098300 0.150600 0.135000 0.077100 0.127900 0.122100 0.094100 0.072800 0.112400 0.070100 0.062200 0.111700 0.091300 0.103100
Suni 0.126400 0.577600 0.147300 0.358700 0.121200 0.115400 0.134000 0.148500 0.132800 0.147400 0.104600 0.131400 0.121800 0.119100 0.000000 0.135600 0.119100 0.141900 0.106800 0.125600 0.137900 0.115800 0.143900 0.140900 0.111900 0.125700 0.122300 0.132400 0.139700 0.132100 0.139000 0.154800 0.159900 0.118200 0.095100 0.109500 0.111000 0.113200 0.136900 0.154900 0.146700 0.134000 0.147200 0.137800 0.106100 0.095800 0.154700 0.108200 0.114800 0.131400 0.125500 0.137700
Springbuck 0.112600 0.641500 0.122200 0.399200 0.096300 0.101400 0.120000 0.096100 0.111700 0.133100 0.090600 0.132400 0.122700 0.083000 0.135600 0.000000 0.105100 0.105200 0.104100 0.115500 0.064500 0.094400 0.125700 0.126800 0.090600 0.043400 0.115700 0.122300 0.053200 0.107300 0.132200 0.133400 0.153800 0.122800 0.110500 0.117800 0.086700 0.095500 0.067500 0.136600 0.140100 0.054000 0.125300 0.116100 0.114300 0.093100 0.088100 0.090600 0.085800 0.128300 0.108000 0.120000
Okapi 0.103400 0.599100 0.124200 0.396600 0.101900 0.092100 0.138100 0.148300 0.109400 0.098100 0.088700 0.123000 0.121100 0.107100 0.119100 0.105100 0.000000 0.048300 0.102200 0.102200 0.118400 0.092400 0.094300 0.106400 0.096100 0.110100 0.106500 0.109100 0.112700 0.116300 0.097500 0.132100 0.103600 0.117500 0.101500 0.104700 0.084700 0.108700 0.140600 0.127500 0.104600 0.114400 0.098000 0.095400 0.101200 0.113300 0.150900 0.092200 0.110300 0.119200 0.102100 0.114200
Giraffe 0.099600 0.601500 0.124500 0.400400 0.094500 0.088400 0.122400 0.152300 0.109800 0.098100 0.084900 0.131000 0.109700 0.092000 0.141900 0.105200 0.048300 0.000000 0.091000 0.102600 0.110800 0.081300 0.098000 0.102500 0.084900 0.102600 0.102700 0.109500 0.112900 0.116700 0.105000 0.132100 0.111100 0.117300 0.101300 0.120000 0.081000 0.086600 0.132900 0.131300 0.108400 0.106900 0.105500 0.099100 0.116500 0.105800 0.135300 0.084800 0.095200 0.127100 0.102500 0.114600
TibetanAnt 0.061700 0.578200 0.115500 0.358200 0.093500 0.058200 0.098500 0.119700 0.097400 0.115100 0.040800 0.133400 0.071900 0.083800 0.106800 0.104100 0.102200 0.091000 0.000000 0.097700 0.097900 0.051300 0.111900 0.116300 0.047800 0.086800 0.065000 0.097100 0.078800 0.104200 0.114400 0.107800 0.123900 0.071900 0.064200 0.089300 0.046700 0.085800 0.120200 0.137700 0.126100 0.090900 0.114900 0.116000 0.085900 0.090100 0.118900 0.058500 0.068900 0.114500 0.097600 0.109400
Sitatunga 0.113700 0.599900 0.026600 0.371700 0.112100 0.102500 0.129100 0.151000 0.020000 0.126600 0.091700 0.089300 0.123900 0.091400 0.125600 0.115500 0.102200 0.102600 0.097700 0.000000 0.109800 0.095400 0.119600 0.124200 0.091600 0.101700 0.109300 0.013200 0.111900 0.026600 0.125700 0.130800 0.147500 0.124000 0.104200 0.075100 0.091400 0.100400 0.135600 0.153500 0.133900 0.105100 0.126400 0.121000 0.071700 0.093900 0.134100 0.076500 0.101900 0.107600 0.013300 0.016800
Oribi 0.103200 0.637600 0.124200 0.405400 0.105400 0.092100 0.110700 0.079600 0.106000 0.131900 0.088600 0.146200 0.113500 0.080800 0.137900 0.064500 0.118400 0.110800 0.097900 0.109800 0.000000 0.084900 0.124500 0.121500 0.088500 0.040700 0.114100 0.116700 0.057700 0.109000 0.131000 0.120000 0.156500 0.121200 0.108700 0.123500 0.092000 0.090100 0.065100 0.154500 0.138900 0.044400 0.131700 0.118300 0.120000 0.091000 0.086000 0.088500 0.083700 0.134300 0.102300 0.114400
BarbaryShe 0.030800 0.586600 0.113400 0.361300 0.090700 0.027300 0.099800 0.117400 0.102600 0.105300 0.017000 0.123800 0.083800 0.073900 0.115800 0.094400 0.092400 0.081300 0.051300 0.095400 0.084900 0.000000 0.102200 0.106600 0.017000 0.084300 0.076900 0.102300 0.090900 0.102000 0.104600 0.105300 0.126300 0.083800 0.068600 0.087100 0.020400 0.075700 0.110500 0.135800 0.116500 0.088400 0.105200 0.103400 0.083600 0.080300 0.124300 0.055800 0.073400 0.123700 0.095300 0.107200
Daviddeer 0.113200 0.623400 0.126400 0.394800 0.130300 0.101900 0.143800 0.150400 0.119400 0.036400 0.091100 0.152000 0.138500 0.120600 0.143900 0.125700 0.094300 0.098000 0.111900 0.119600 0.124500 0.102200 0.000000 0.053800 0.098400 0.119700 0.123800 0.128500 0.126300 0.111300 0.036200 0.153900 0.124100 0.134500 0.118400 0.111000 0.101900 0.122100 0.142400 0.063500 0.016300 0.124400 0.036400 0.043600 0.107500 0.126900 0.149000 0.112900 0.105200 0.110500 0.112100 0.124200
Reindeer 0.110100 0.643800 0.131000 0.401000 0.135000 0.098800 0.148700 0.163200 0.124000 0.047000 0.102900 0.156900 0.131600 0.125200 0.140900 0.126800 0.106400 0.102500 0.116300 0.124200 0.121500 0.106600 0.053800 0.000000 0.110300 0.124500 0.116900 0.133000 0.130900 0.130800 0.053700 0.158800 0.132600 0.123700 0.115400 0.122900 0.106300 0.119100 0.151400 0.085200 0.064000 0.132800 0.053900 0.016600 0.119300 0.123800 0.145900 0.114000 0.113200 0.122200 0.116600 0.128900
Ibex 0.034200 0.586300 0.109600 0.364200 0.094600 0.030700 0.096000 0.113600 0.098700 0.109100 0.006800 0.119900 0.080100 0.070200 0.111900 0.090600 0.096100 0.084900 0.047800 0.091600 0.088500 0.017000 0.098400 0.110300 0.000000 0.080600 0.073200 0.098500 0.087200 0.090900 0.108300 0.101400 0.121500 0.080200 0.065000 0.083300 0.017000 0.079600 0.099100 0.131900 0.112700 0.084700 0.108900 0.107100 0.079800 0.076600 0.112900 0.052100 0.062600 0.112300 0.091500 0.103400
GyrantGaze 0.102600 0.628700 0.116000 0.386900 0.097400 0.091500 0.102400 0.075500 0.098000 0.126900 0.080600 0.137800 0.112900 0.080300 0.125700 0.043400 0.110100 0.102600 0.086800 0.101700 0.040700 0.084300 0.119700 0.124500 0.080600 0.000000 0.105800 0.108600 0.043500 0.097400 0.126000 0.123300 0.151700 0.112900 0.100700 0.115400 0.084100 0.089200 0.057600 0.149800 0.134100 0.016700 0.126700 0.121300 0.111900 0.083200 0.071200 0.073300 0.072300 0.118600 0.094300 0.106100
Hartebeest 0.087600 0.621400 0.131200 0.377400 0.090300 0.083900 0.117900 0.131700 0.109000 0.123500 0.066000 0.130400 0.013300 0.102800 0.122300 0.115700 0.106500 0.102700 0.065000 0.109300 0.114100 0.076900 0.123800 0.116900 0.073200 0.105800 0.000000 0.108700 0.090100 0.123500 0.130400 0.127500 0.140500 0.013300 0.050600 0.100700 0.069400 0.075300 0.116900 0.150000 0.134400 0.110100 0.131000 0.121400 0.097200 0.101600 0.130900 0.084400 0.083600 0.130100 0.109300 0.121400
Bongo 0.120600 0.608500 0.040000 0.374800 0.119000 0.109400 0.136100 0.158100 0.019800 0.135500 0.098500 0.096100 0.123200 0.098200 0.132400 0.122300 0.109100 0.109500 0.097100 0.013200 0.116700 0.102300 0.128500 0.133000 0.098500 0.108600 0.108700 0.000000 0.111200 0.039900 0.134500 0.137800 0.147000 0.123300 0.111000 0.067700 0.098300 0.107200 0.142600 0.154700 0.142900 0.112800 0.135200 0.129800 0.064300 0.097200 0.141000 0.076100 0.108800 0.107100 0.019900 0.030200
Gerenuk 0.109100 0.633700 0.118600 0.389500 0.092900 0.098000 0.112700 0.085500 0.100700 0.129800 0.087200 0.140300 0.097000 0.090500 0.139700 0.053200 0.112700 0.112900 0.078800 0.111900 0.057700 0.090900 0.126300 0.130900 0.087200 0.043500 0.090100 0.111200 0.000000 0.111100 0.129000 0.125800 0.142700 0.089800 0.107100 0.118000 0.090600 0.092400 0.074700 0.140600 0.140600 0.047200 0.129600 0.127700 0.114500 0.100600 0.088300 0.083400 0.086000 0.128600 0.104400 0.108800
CommonElan 0.120300 0.605800 0.033100 0.374600 0.118700 0.109100 0.135700 0.142300 0.033300 0.122800 0.090900 0.110300 0.130500 0.097900 0.132100 0.107300 0.116300 0.116700 0.104200 0.026600 0.109000 0.102000 0.111300 0.130800 0.090900 0.097400 0.123500 0.039900 0.111100 0.000000 0.122100 0.137300 0.154200 0.130600 0.110700 0.088700 0.098000 0.107000 0.119600 0.144800 0.125500 0.101500 0.115200 0.120100 0.085300 0.093200 0.125800 0.083200 0.097500 0.114100 0.026600 0.023300
MuntiacusR 0.108100 0.596200 0.122200 0.373700 0.133000 0.097000 0.150400 0.145700 0.125500 0.013000 0.100900 0.147900 0.145100 0.127300 0.139000 0.132200 0.097500 0.105000 0.114400 0.125700 0.131000 0.104600 0.036200 0.053700 0.108300 0.126000 0.130400 0.134500 0.129000 0.122100 0.000000 0.160700 0.123800 0.141400 0.121000 0.121700 0.104300 0.128500 0.156900 0.080800 0.046100 0.130800 0.013000 0.043500 0.118200 0.125600 0.148000 0.115400 0.118800 0.117500 0.118200 0.123900
HarveysDui 0.116400 0.572000 0.153300 0.445700 0.121500 0.108900 0.063200 0.150500 0.138300 0.161700 0.093800 0.159900 0.126800 0.045200 0.154800 0.133400 0.132100 0.132100 0.107800 0.130800 0.120000 0.105300 0.153900 0.158800 0.101400 0.123300 0.127500 0.137800 0.125800 0.137300 0.160700 0.000000 0.170600 0.134800 0.110300 0.137000 0.097400 0.110100 0.138200 0.185200 0.168800 0.120000 0.161500 0.155800 0.133300 0.114500 0.144900 0.093600 0.099800 0.155800 0.130700 0.139500
Pronghorn 0.137300 0.614800 0.169800 0.392800 0.135400 0.126000 0.168400 0.171000 0.151300 0.131900 0.114000 0.141900 0.155300 0.137200 0.159900 0.153800 0.103600 0.111100 0.123900 0.147500 0.156500 0.126300 0.124100 0.132600 0.121500 0.151700 0.140500 0.147000 0.142700 0.154200 0.123800 0.170600 0.000000 0.155400 0.138600 0.123700 0.125000 0.134600 0.163000 0.142700 0.138200 0.160200 0.131700 0.129400 0.120200 0.143500 0.173600 0.115000 0.132900 0.116100 0.147500 0.152300
BlueWildeb 0.094600 0.609700 0.146100 0.376800 0.097300 0.090800 0.125100 0.139000 0.123600 0.134500 0.073000 0.145200 0.013300 0.109900 0.118200 0.122800 0.117500 0.117300 0.071900 0.124000 0.121200 0.083800 0.134500 0.123700 0.080200 0.112900 0.013300 0.123300 0.089800 0.130600 0.141400 0.134800 0.155400 0.000000 0.053900 0.115000 0.076300 0.082200 0.124000 0.145400 0.137800 0.117300 0.142100 0.128200 0.111500 0.108700 0.138000 0.091400 0.090600 0.137300 0.123900 0.136300
Gemsbok 0.079100 0.585400 0.125700 0.338400 0.078300 0.075500 0.108800 0.126100 0.111400 0.114200 0.058000 0.128600 0.057300 0.086600 0.095100 0.110500 0.101500 0.101300 0.064200 0.104200 0.108700 0.068600 0.118400 0.115400 0.065000 0.100700 0.050600 0.111000 0.107100 0.110700 0.121000 0.110300 0.138600 0.053900 0.000000 0.095800 0.061300 0.056900 0.119000 0.152000 0.125000 0.104900 0.121600 0.119800 0.092400 0.089300 0.114100 0.065200 0.071800 0.136000 0.104100 0.116000
Yak 0.105100 0.569200 0.096200 0.344900 0.099900 0.094000 0.127600 0.141600 0.074900 0.122400 0.076200 0.106300 0.114900 0.097600 0.109500 0.117800 0.104700 0.120000 0.089300 0.075100 0.123500 0.087100 0.111000 0.122900 0.083300 0.115400 0.100700 0.067700 0.118000 0.088700 0.121700 0.137000 0.123700 0.115000 0.095800 0.000000 0.086700 0.092200 0.126500 0.136600 0.117700 0.119600 0.122300 0.119700 0.003200 0.096600 0.140400 0.090500 0.093500 0.088400 0.075100 0.086400
BlueSheep 0.030700 0.578000 0.109300 0.355100 0.083400 0.027200 0.092000 0.109500 0.098500 0.105000 0.010100 0.115900 0.076300 0.073700 0.111000 0.086700 0.084700 0.081000 0.046700 0.091400 0.092000 0.020400 0.101900 0.106300 0.017000 0.084100 0.069400 0.098300 0.090600 0.098000 0.104300 0.097400 0.125000 0.076300 0.061300 0.086700 0.000000 0.083000 0.110100 0.135400 0.116100 0.088100 0.104800 0.103100 0.083300 0.080000 0.116300 0.055500 0.066000 0.115700 0.091300 0.103100
BohorReedb 0.093500 0.590300 0.121900 0.340200 0.033000 0.083000 0.101100 0.122600 0.107600 0.121600 0.079600 0.124600 0.075000 0.072100 0.113200 0.095500 0.108700 0.086600 0.085800 0.100400 0.090100 0.075700 0.122100 0.119100 0.079600 0.089200 0.075300 0.107200 0.092400 0.107000 0.128500 0.110100 0.134600 0.082200 0.056900 0.092200 0.083000 0.000000 0.099800 0.147900 0.125100 0.093600 0.129000 0.123500 0.088800 0.082000 0.110300 0.071800 0.075200 0.128400 0.100400 0.111800
KirksDik 0.129000 0.626800 0.150200 0.406700 0.115600 0.117600 0.113200 0.097000 0.131700 0.157900 0.099200 0.141200 0.124000 0.098300 0.136900 0.067500 0.140600 0.132900 0.120200 0.135600 0.065100 0.110500 0.142400 0.151400 0.099100 0.057600 0.116900 0.142600 0.074700 0.119600 0.156900 0.138200 0.163000 0.124000 0.119000 0.126500 0.110100 0.099800 0.000000 0.161400 0.157000 0.068500 0.149900 0.140500 0.122900 0.093800 0.096200 0.098800 0.083100 0.137100 0.127900 0.140400
RoeDeer 0.147100 0.615800 0.144800 0.418900 0.156500 0.135400 0.174600 0.173000 0.145400 0.081200 0.124300 0.170400 0.157200 0.150600 0.154900 0.136600 0.127500 0.131300 0.137700 0.153500 0.154500 0.135800 0.063500 0.085200 0.131900 0.149800 0.150000 0.154700 0.140600 0.144800 0.080800 0.185200 0.142700 0.145400 0.152000 0.136600 0.135400 0.147900 0.161400 0.000000 0.073600 0.158300 0.074100 0.067700 0.133000 0.149300 0.167700 0.143400 0.138400 0.132100 0.145700 0.160900
WhiteLippe 0.127500 0.599700 0.140600 0.387500 0.137100 0.116100 0.158500 0.157300 0.133700 0.042900 0.105300 0.166500 0.141500 0.135000 0.146700 0.140100 0.104600 0.108400 0.126100 0.133900 0.138900 0.116500 0.016300 0.064000 0.112700 0.134100 0.134400 0.142900 0.140600 0.125500 0.046100 0.168800 0.138200 0.137800 0.125000 0.117700 0.116100 0.125100 0.157000 0.073600 0.000000 0.138800 0.046300 0.057200 0.114200 0.141200 0.159800 0.127300 0.115700 0.109900 0.126300 0.138600
ThomsonGaz 0.106800 0.594600 0.120300 0.386400 0.101500 0.095600 0.106800 0.079500 0.102100 0.131700 0.084700 0.142200 0.117200 0.077100 0.134000 0.054000 0.114400 0.106900 0.090900 0.105100 0.044400 0.088400 0.124400 0.132800 0.084700 0.016700 0.110100 0.112800 0.047200 0.101500 0.130800 0.120000 0.160200 0.117300 0.104900 0.119600 0.088100 0.093600 0.068500 0.158300 0.138800 0.000000 0.131500 0.129600 0.116100 0.087200 0.082300 0.084700 0.076200 0.126700 0.097600 0.110400
MuntiacusC 0.108600 0.614800 0.122700 0.385200 0.133500 0.097500 0.151200 0.154100 0.126100 0.013000 0.101300 0.156100 0.145800 0.127900 0.147200 0.125300 0.098000 0.105500 0.114900 0.126400 0.131700 0.105200 0.036400 0.053900 0.108900 0.126700 0.131000 0.135200 0.129600 0.115200 0.013000 0.161500 0.131700 0.142100 0.121600 0.122300 0.104800 0.129000 0.149900 0.074100 0.046300 0.131500 0.000000 0.036800 0.118700 0.118600 0.156300 0.116000 0.119300 0.125300 0.118800 0.124400
WhiteTaile 0.106900 0.644600 0.127800 0.409000 0.131800 0.095500 0.145500 0.160100 0.120800 0.043700 0.099600 0.153700 0.136200 0.122100 0.137800 0.116100 0.095400 0.099100 0.116000 0.121000 0.118300 0.103400 0.043600 0.016600 0.107100 0.121300 0.121400 0.129800 0.127700 0.120100 0.043500 0.155800 0.129400 0.128200 0.119800 0.119700 0.103100 0.123500 0.140500 0.067700 0.057200 0.129600 0.036800 0.000000 0.116200 0.113100 0.150600 0.110800 0.117700 0.119100 0.113400 0.125700
Cattle 0.101600 0.564100 0.092700 0.350600 0.096500 0.090500 0.124100 0.138100 0.071500 0.118900 0.072700 0.102900 0.111500 0.094100 0.106100 0.114300 0.101200 0.116500 0.085900 0.071700 0.120000 0.083600 0.107500 0.119300 0.079800 0.111900 0.097200 0.064300 0.114500 0.085300 0.118200 0.133300 0.120200 0.111500 0.092400 0.003200 0.083300 0.088800 0.122900 0.133000 0.114200 0.116100 0.118700 0.116200 0.000000 0.093100 0.136900 0.087000 0.090000 0.085000 0.071700 0.082900
RoyalAntel 0.090900 0.619600 0.115400 0.356000 0.097000 0.080000 0.094700 0.116200 0.101100 0.126400 0.076600 0.114400 0.108600 0.072800 0.095800 0.093100 0.113300 0.105800 0.090100 0.093900 0.091000 0.080300 0.126900 0.123800 0.076600 0.083200 0.101600 0.097200 0.100600 0.093200 0.125600 0.114500 0.143500 0.108700 0.089300 0.096600 0.080000 0.082000 0.093800 0.149300 0.141200 0.087200 0.118600 0.113100 0.093100 0.000000 0.122600 0.073000 0.083200 0.133400 0.093900 0.105600
Steenbok 0.127600 0.632400 0.144900 0.402900 0.114700 0.116300 0.120000 0.111000 0.130300 0.148700 0.105500 0.163200 0.138000 0.112400 0.154700 0.088100 0.150900 0.135300 0.118900 0.134100 0.086000 0.124300 0.149000 0.145900 0.112900 0.071200 0.130900 0.141000 0.088300 0.125800 0.148000 0.144900 0.173600 0.138000 0.114100 0.140400 0.116300 0.110300 0.096200 0.167700 0.159800 0.082300 0.156300 0.150600 0.136900 0.122600 0.000000 0.105300 0.085800 0.143700 0.126500 0.138900
Impala 0.073600 0.571500 0.094300 0.334700 0.087200 0.062700 0.092300 0.125500 0.083600 0.116200 0.052100 0.108600 0.091300 0.070100 0.108200 0.090600 0.092200 0.084800 0.058500 0.076500 0.088500 0.055800 0.112900 0.114000 0.052100 0.073300 0.084400 0.076100 0.083400 0.083200 0.115400 0.093600 0.115000 0.091400 0.065200 0.090500 0.055500 0.071800 0.098800 0.143400 0.127300 0.084700 0.116000 0.110800 0.087000 0.073000 0.105300 0.000000 0.073400 0.105000 0.076500 0.088000
Klipspring 0.084100 0.589700 0.123600 0.378200 0.090200 0.076900 0.084000 0.097800 0.109100 0.111800 0.055400 0.130300 0.090600 0.062200 0.114800 0.085800 0.110300 0.095200 0.068900 0.101900 0.083700 0.073400 0.105200 0.113200 0.062600 0.072300 0.083600 0.108800 0.086000 0.097500 0.118800 0.099800 0.132900 0.090600 0.071800 0.093500 0.066000 0.075200 0.083100 0.138400 0.115700 0.076200 0.119300 0.117700 0.090000 0.083200 0.085800 0.073400 0.000000 0.103900 0.101800 0.113800
ForestMusk 0.134200 0.608800 0.129200 0.358000 0.136600 0.123300 0.134400 0.141000 0.114700 0.125400 0.104900 0.117100 0.137200 0.111700 0.131400 0.128300 0.119200 0.127100 0.114500 0.107600 0.134300 0.123700 0.110500 0.122200 0.112300 0.118600 0.130100 0.107100 0.128600 0.114100 0.117500 0.155800 0.116100 0.137300 0.136000 0.088400 0.115700 0.128400 0.137100 0.132100 0.109900 0.126700 0.125300 0.119100 0.085000 0.133400 0.143700 0.105000 0.103900 0.000000 0.107500 0.119400
Bushbuck 0.113600 0.584400 0.026600 0.362300 0.112000 0.102400 0.129000 0.135500 0.013300 0.118900 0.091600 0.096500 0.123800 0.091300 0.125500 0.108000 0.102100 0.102500 0.097600 0.013300 0.102300 0.095300 0.112100 0.116600 0.091500 0.094300 0.109300 0.019900 0.104400 0.026600 0.118200 0.130700 0.147500 0.123900 0.104100 0.075100 0.091300 0.100400 0.127900 0.145700 0.126300 0.097600 0.118800 0.113400 0.071700 0.093900 0.126500 0.076500 0.101800 0.107500 0.000000 0.016700
GreaterKud 0.125900 0.578400 0.023400 0.379900 0.116100 0.114500 0.141600 0.148000 0.025400 0.124600 0.103400 0.100800 0.136200 0.103100 0.137700 0.120000 0.114200 0.114600 0.109400 0.016800 0.114400 0.107200 0.124200 0.128900 0.103400 0.106100 0.121400 0.030200 0.108800 0.023300 0.123900 0.139500 0.152300 0.136300 0.116000 0.086400 0.103100 0.111800 0.140400 0.160900 0.138600 0.110400 0.124400 0.125700 0.082900 0.105600 0.138900 0.088000 0.113800 0.119400 0.016700 0.000000
