1
52 1
Argali 0.000000 0.302900 0.054800 0.288100 0.046800 0.000000 0.031400 0.063600 0.046800 0.088900 0.000100 0.056200 0.039000 0.015700 0.031700 0.039900 0.063900 0.088300 0.015800 0.046800 0.057200 0.007900 0.039600 0.081200 0.015800 0.047900 0.031400 0.047000 0.065000 0.070900 0.064400 0.023700 0.057000 0.046800 0.047100 0.056100 0.015900 0.069700 0.031400 0.048500 0.047900 0.048600 0.073200 0.092600 0.072800 0.063700 0.039500 0.031700 0.070700 0.090200 0.054500 0.046800
LesserMous 0.302900 0.000000 0.294300 0.317800 0.313900 0.302900 0.296800 0.318000 0.305100 0.296600 0.304000 0.290800 0.293700 0.278500 0.299400 0.311000 0.299300 0.330300 0.298900 0.304500 0.340500 0.314200 0.265900 0.279000 0.323000 0.321800 0.307300 0.285200 0.325600 0.315600 0.257200 0.288800 0.295500 0.324400 0.315400 0.312300 0.313500 0.329200 0.296200 0.260300 0.256400 0.327200 0.269200 0.322400 0.313400 0.341000 0.308400 0.278500 0.323200 0.315400 0.313800 0.283600
LesserKudu 0.054800 0.294300 0.000000 0.309300 0.084900 0.054800 0.069800 0.102200 0.037700 0.111200 0.055000 0.078400 0.077100 0.054400 0.070400 0.062500 0.070100 0.094000 0.062700 0.037500 0.080100 0.062900 0.078300 0.103600 0.070700 0.070400 0.069700 0.022500 0.071200 0.029900 0.086800 0.062300 0.079700 0.068900 0.069300 0.094700 0.071400 0.091200 0.053900 0.071300 0.054300 0.071400 0.095700 0.115400 0.095200 0.086000 0.061900 0.070400 0.108800 0.112600 0.045100 0.037500
KillerWhal 0.288100 0.317800 0.309300 0.000000 0.319200 0.288100 0.282700 0.323800 0.310700 0.302100 0.289500 0.274200 0.290200 0.285300 0.305400 0.316700 0.291000 0.320000 0.284800 0.310100 0.298600 0.298900 0.294200 0.305800 0.285900 0.326800 0.302800 0.300600 0.352600 0.329900 0.315800 0.295400 0.307300 0.319300 0.280100 0.306400 0.311200 0.334100 0.261800 0.298600 0.284600 0.332000 0.306600 0.302900 0.316400 0.345400 0.272600 0.285200 0.286900 0.328600 0.318900 0.310600
DefassaWat 0.046800 0.313900 0.084900 0.319200 0.000000 0.046800 0.046000 0.077800 0.076900 0.094600 0.047000 0.070500 0.069200 0.030800 0.046400 0.054500 0.078100 0.094000 0.062600 0.076900 0.071800 0.054800 0.054200 0.095200 0.046600 0.062400 0.061800 0.077300 0.079300 0.101000 0.070600 0.038500 0.071500 0.076800 0.077300 0.070500 0.063200 0.037100 0.061800 0.063200 0.062400 0.063200 0.079200 0.106700 0.086900 0.077900 0.069900 0.046200 0.084600 0.104100 0.084500 0.076900
Sheep 0.000000 0.302900 0.054800 0.288100 0.046800 0.000000 0.031400 0.063600 0.046800 0.088900 0.000100 0.056200 0.039000 0.015700 0.031700 0.039900 0.063900 0.088300 0.015800 0.046800 0.057200 0.007900 0.039600 0.081200 0.015800 0.047900 0.031400 0.047000 0.065000 0.070900 0.064400 0.023700 0.057000 0.046800 0.047100 0.056100 0.015900 0.069700 0.031400 0.048500 0.047900 0.048600 0.073200 0.092600 0.072800 0.063700 0.039500 0.031700 0.070700 0.090200 0.054500 0.046800
MaxwellsDu 0.031400 0.296800 0.069800 0.282700 0.046000 0.031400 0.000000 0.062500 0.061800 0.071000 0.031500 0.055200 0.054100 0.015400 0.031100 0.039200 0.046800 0.070500 0.047100 0.061800 0.056200 0.039300 0.039000 0.079800 0.047300 0.047000 0.046600 0.062100 0.063800 0.085900 0.047100 0.023300 0.055900 0.061800 0.046300 0.055200 0.047100 0.068500 0.046600 0.047600 0.047000 0.047700 0.071900 0.090900 0.055200 0.062600 0.054800 0.031100 0.053700 0.088600 0.069400 0.061800
GazellaPrz 0.063600 0.318000 0.102200 0.323800 0.077800 0.063600 0.062500 0.000000 0.094100 0.120800 0.063900 0.087900 0.086200 0.047000 0.047000 0.055200 0.095600 0.120100 0.079800 0.094000 0.072700 0.071900 0.071100 0.096400 0.079800 0.063200 0.078700 0.094500 0.080400 0.118800 0.096100 0.055000 0.089100 0.094000 0.094600 0.087900 0.080700 0.100400 0.078800 0.080500 0.079500 0.064000 0.105300 0.125800 0.104800 0.095300 0.087200 0.047000 0.085500 0.122600 0.101700 0.094100
MountainNy 0.046800 0.305100 0.037700 0.310700 0.076900 0.046800 0.061800 0.094100 0.000000 0.119600 0.047000 0.086900 0.069200 0.046500 0.062400 0.070600 0.078200 0.102200 0.054700 0.000000 0.088400 0.054900 0.070300 0.112100 0.062600 0.078600 0.061800 0.015000 0.079400 0.022400 0.095100 0.054400 0.088000 0.076900 0.077400 0.086900 0.063300 0.083400 0.061900 0.079600 0.062300 0.079700 0.104100 0.124200 0.103500 0.094300 0.054000 0.062400 0.100700 0.121200 0.007400 0.014900
MuntiacusM 0.088900 0.296600 0.111200 0.302100 0.094600 0.088900 0.071000 0.120800 0.119600 0.000000 0.089300 0.063400 0.094900 0.071700 0.095400 0.096800 0.087800 0.095200 0.105500 0.119400 0.115900 0.097500 0.054300 0.095900 0.105600 0.105100 0.104000 0.103400 0.123400 0.128000 0.030900 0.079900 0.098100 0.119500 0.094200 0.094700 0.106600 0.117500 0.087200 0.063600 0.054600 0.106500 0.022900 0.090000 0.077600 0.121100 0.095800 0.088200 0.094000 0.114500 0.127300 0.119500
goat 0.000100 0.304000 0.055000 0.289500 0.047000 0.000100 0.031500 0.063900 0.047000 0.089300 0.000000 0.056400 0.039200 0.015800 0.031800 0.040000 0.064200 0.088700 0.015800 0.047000 0.057500 0.007900 0.039800 0.081500 0.015600 0.048100 0.031500 0.047200 0.065300 0.071200 0.064600 0.023800 0.057200 0.047000 0.047300 0.056400 0.016000 0.069900 0.031500 0.048700 0.048100 0.048800 0.073500 0.093000 0.073100 0.064000 0.039600 0.031800 0.071000 0.090600 0.054700 0.047000
AfricanBuf 0.056200 0.290800 0.078400 0.274200 0.070500 0.056200 0.055200 0.087900 0.086900 0.063400 0.056400 0.000000 0.062700 0.039500 0.055700 0.064100 0.071800 0.096100 0.072500 0.086500 0.082100 0.064500 0.047400 0.072400 0.072500 0.072200 0.071400 0.070900 0.089800 0.094700 0.055800 0.047600 0.064900 0.086800 0.070800 0.030600 0.073200 0.093400 0.055100 0.040000 0.039500 0.064700 0.064400 0.065900 0.031200 0.088100 0.063300 0.055700 0.078100 0.081200 0.094600 0.086500
Topi 0.039000 0.293700 0.077100 0.290200 0.069200 0.039000 0.054100 0.086200 0.069200 0.094900 0.039200 0.062700 0.000000 0.038700 0.054600 0.062800 0.086600 0.110800 0.038800 0.069100 0.080400 0.047000 0.046500 0.087300 0.054800 0.070700 0.015000 0.069500 0.088000 0.093200 0.070800 0.046600 0.080100 0.029500 0.053600 0.079000 0.055400 0.091700 0.054100 0.055300 0.054600 0.071700 0.079500 0.098600 0.095600 0.086300 0.062200 0.054600 0.092900 0.096100 0.076800 0.069200
CommonDuik 0.015700 0.278500 0.054400 0.285300 0.030800 0.015700 0.015400 0.047000 0.046500 0.071700 0.015800 0.039500 0.038700 0.000000 0.015600 0.023600 0.047300 0.071200 0.031500 0.046400 0.040200 0.023600 0.023400 0.064000 0.031600 0.031500 0.031100 0.046700 0.048000 0.070400 0.047600 0.007800 0.040100 0.046400 0.046800 0.039500 0.031800 0.053400 0.031200 0.031900 0.031500 0.031900 0.056100 0.074600 0.055800 0.047100 0.039200 0.015600 0.054200 0.072700 0.054100 0.046500
Suni 0.031700 0.299400 0.070400 0.305400 0.046400 0.031700 0.031100 0.047000 0.062400 0.095400 0.031800 0.055700 0.054600 0.015600 0.000000 0.039600 0.063400 0.087600 0.047700 0.062300 0.056700 0.039800 0.039300 0.080500 0.047700 0.047500 0.047000 0.062700 0.064500 0.086700 0.063800 0.023500 0.056500 0.062300 0.068900 0.055700 0.048200 0.069100 0.047100 0.048100 0.047500 0.048200 0.079600 0.074600 0.072200 0.047100 0.055200 0.031400 0.054200 0.089500 0.070100 0.062400
Springbuck 0.039900 0.311000 0.062500 0.316700 0.054500 0.039900 0.039200 0.055200 0.070600 0.096800 0.040000 0.064100 0.062800 0.023600 0.039600 0.000000 0.071800 0.096100 0.056000 0.070500 0.016000 0.048100 0.055400 0.089100 0.056000 0.007800 0.055200 0.070900 0.023800 0.078700 0.072200 0.031500 0.065000 0.054500 0.054800 0.064000 0.056600 0.077200 0.039200 0.056500 0.055700 0.007900 0.081100 0.100800 0.080700 0.055300 0.063500 0.039500 0.078400 0.098300 0.078300 0.070600
Okapi 0.063900 0.299300 0.070100 0.291000 0.078100 0.063900 0.046800 0.095600 0.078200 0.087800 0.064200 0.071800 0.086600 0.047300 0.063400 0.071800 0.000000 0.038500 0.080200 0.078100 0.072600 0.072300 0.071400 0.096900 0.080200 0.079900 0.079100 0.062400 0.080700 0.086200 0.063500 0.055300 0.055800 0.094400 0.078600 0.088300 0.081000 0.100900 0.079200 0.064300 0.063500 0.081000 0.088900 0.108700 0.071800 0.095800 0.071200 0.063400 0.069800 0.106000 0.085800 0.078200
Giraffe 0.088300 0.330300 0.094000 0.320000 0.094000 0.088300 0.070500 0.120100 0.102200 0.095200 0.088700 0.096100 0.110800 0.071200 0.087600 0.096100 0.038500 0.000000 0.104700 0.102100 0.097200 0.096800 0.095700 0.121800 0.104700 0.104300 0.103300 0.086200 0.105400 0.110400 0.071000 0.079300 0.080000 0.118700 0.102800 0.113000 0.105800 0.100500 0.103400 0.088800 0.087700 0.105800 0.096400 0.134400 0.096200 0.120400 0.095300 0.087600 0.093600 0.131100 0.109900 0.102200
TibetanAnt 0.015800 0.298900 0.062700 0.284800 0.062600 0.015800 0.047100 0.079800 0.054700 0.105500 0.015800 0.072500 0.038800 0.031500 0.047700 0.056000 0.080200 0.104700 0.000000 0.054600 0.073800 0.023300 0.055700 0.097800 0.031600 0.064100 0.031100 0.055000 0.081600 0.078900 0.080700 0.039600 0.073500 0.046500 0.046800 0.072400 0.031300 0.077500 0.047300 0.064900 0.055900 0.065000 0.089800 0.109800 0.089300 0.079900 0.055400 0.047700 0.086700 0.107000 0.062400 0.054700
Sitatunga 0.046800 0.304500 0.037500 0.310100 0.076900 0.046800 0.061800 0.094000 0.000000 0.119400 0.047000 0.086500 0.069100 0.046400 0.062300 0.070500 0.078100 0.102100 0.054600 0.000000 0.088300 0.054800 0.070200 0.111900 0.062600 0.078500 0.061700 0.015000 0.079300 0.022300 0.095000 0.054300 0.087900 0.076800 0.077300 0.086500 0.063200 0.083300 0.061800 0.079500 0.062300 0.079600 0.104000 0.124000 0.103400 0.094200 0.053900 0.062300 0.100600 0.121000 0.007400 0.014700
Oribi 0.057200 0.340500 0.080100 0.298600 0.071800 0.057200 0.056200 0.072700 0.088400 0.115900 0.057500 0.082100 0.080400 0.040200 0.056700 0.016000 0.072600 0.097200 0.073800 0.088300 0.000000 0.065700 0.064900 0.108100 0.073800 0.024000 0.072700 0.088900 0.040700 0.096800 0.090600 0.048400 0.065700 0.071700 0.072300 0.082100 0.074600 0.094900 0.056200 0.074400 0.073500 0.024300 0.099800 0.120700 0.099300 0.072800 0.081300 0.056700 0.096400 0.117600 0.096300 0.088400
BarbaryShe 0.007900 0.314200 0.062900 0.298900 0.054800 0.007900 0.039300 0.071900 0.054900 0.097500 0.007900 0.064500 0.047000 0.023600 0.039800 0.048100 0.072300 0.096800 0.023300 0.054800 0.065700 0.000000 0.047800 0.089800 0.023800 0.056100 0.039400 0.055100 0.073500 0.079200 0.072700 0.031700 0.065400 0.054800 0.055200 0.064500 0.023600 0.077700 0.039400 0.056900 0.056100 0.056900 0.081700 0.101500 0.081300 0.072000 0.047600 0.039800 0.078900 0.098900 0.062600 0.054900
Daviddeer 0.039600 0.265900 0.078300 0.294200 0.054200 0.039600 0.039000 0.071100 0.070300 0.054300 0.039800 0.047400 0.046500 0.023400 0.039300 0.055400 0.071400 0.095700 0.055700 0.070200 0.064900 0.047800 0.000000 0.055100 0.055700 0.055400 0.054900 0.070600 0.072600 0.094700 0.039000 0.031300 0.064600 0.070200 0.070700 0.063700 0.056300 0.076900 0.055000 0.023500 0.031000 0.056200 0.031200 0.065200 0.080200 0.071200 0.063100 0.039300 0.078000 0.080800 0.077900 0.070300
Reindeer 0.081200 0.279000 0.103600 0.305800 0.095200 0.081200 0.079800 0.096400 0.112100 0.095900 0.081500 0.072400 0.087300 0.064000 0.080500 0.089100 0.096900 0.121800 0.097800 0.111900 0.108100 0.089800 0.055100 0.000000 0.097800 0.097400 0.096400 0.095800 0.115800 0.103400 0.063500 0.072200 0.081800 0.111900 0.112700 0.104300 0.098800 0.118200 0.096600 0.047800 0.055200 0.098800 0.072200 0.056400 0.104100 0.113600 0.105100 0.063900 0.111500 0.106900 0.119900 0.112100
Ibex 0.015800 0.323000 0.070700 0.285900 0.046600 0.015800 0.047300 0.079800 0.062600 0.105600 0.015600 0.072500 0.054800 0.031600 0.047700 0.056000 0.080200 0.104700 0.031600 0.062600 0.073800 0.023800 0.055700 0.097800 0.000000 0.064100 0.047200 0.062900 0.081600 0.087000 0.080800 0.039600 0.073500 0.062600 0.063000 0.072500 0.032000 0.069400 0.047300 0.064900 0.064100 0.065000 0.089800 0.109800 0.089300 0.080000 0.055400 0.047700 0.086700 0.107000 0.070300 0.062600
GyrantGaze 0.047900 0.321800 0.070400 0.326800 0.062400 0.047900 0.047000 0.063200 0.078600 0.105100 0.048100 0.072200 0.070700 0.031500 0.047500 0.007800 0.079900 0.104300 0.064100 0.078500 0.024000 0.056100 0.055400 0.097400 0.064100 0.000000 0.063100 0.078900 0.031800 0.086700 0.080400 0.039400 0.073200 0.062300 0.062800 0.072100 0.064800 0.085100 0.046900 0.064600 0.063800 0.015600 0.089400 0.109300 0.088900 0.047100 0.071500 0.047500 0.086000 0.106600 0.086300 0.078600
Hartebeest 0.031400 0.307300 0.069700 0.302800 0.061800 0.031400 0.046600 0.078700 0.061800 0.104000 0.031500 0.071400 0.015000 0.031100 0.047000 0.055200 0.079100 0.103300 0.031100 0.061700 0.072700 0.039400 0.054900 0.096400 0.047200 0.063100 0.000000 0.062100 0.080300 0.085800 0.079600 0.039000 0.072400 0.014800 0.046100 0.071400 0.047700 0.084300 0.046600 0.063900 0.063100 0.064000 0.088400 0.108100 0.088000 0.078800 0.054600 0.047000 0.085500 0.105400 0.069400 0.061800
Bongo 0.047000 0.285200 0.022500 0.300600 0.077300 0.047000 0.062100 0.094500 0.015000 0.103400 0.047200 0.070900 0.069500 0.046700 0.062700 0.070900 0.062400 0.086200 0.055000 0.015000 0.088900 0.055100 0.070600 0.095800 0.062900 0.078900 0.062100 0.000000 0.079800 0.022500 0.079000 0.054600 0.071800 0.077200 0.077700 0.087300 0.063600 0.083700 0.062100 0.063500 0.046600 0.080100 0.087900 0.107400 0.087400 0.094700 0.054200 0.062700 0.101200 0.104700 0.022400 0.030200
Gerenuk 0.065000 0.325600 0.071200 0.352600 0.079300 0.065000 0.063800 0.080400 0.079400 0.123400 0.065300 0.089800 0.088000 0.048000 0.064500 0.023800 0.080700 0.105400 0.081600 0.079300 0.040700 0.073500 0.072600 0.115800 0.081600 0.031800 0.080300 0.079800 0.000000 0.087600 0.098200 0.056200 0.091100 0.079300 0.079800 0.089800 0.082500 0.102300 0.063900 0.082300 0.081200 0.032200 0.107600 0.128600 0.107000 0.080500 0.072300 0.064400 0.103900 0.125400 0.087200 0.079400
CommonElan 0.070900 0.315600 0.029900 0.329900 0.101000 0.070900 0.085900 0.118800 0.022400 0.128000 0.071200 0.094700 0.093200 0.070400 0.086700 0.078700 0.086200 0.110400 0.078900 0.022300 0.096800 0.079200 0.094700 0.103400 0.087000 0.086700 0.085800 0.022500 0.087600 0.000000 0.103300 0.078500 0.087900 0.084800 0.085300 0.111300 0.087900 0.107200 0.069800 0.087800 0.070300 0.087900 0.112500 0.115200 0.111800 0.102400 0.077900 0.086600 0.116900 0.129600 0.029900 0.037500
MuntiacusR 0.064400 0.257200 0.086800 0.315800 0.070600 0.064400 0.047100 0.096100 0.095100 0.030900 0.064600 0.055800 0.070800 0.047600 0.063800 0.072200 0.063500 0.071000 0.080700 0.095000 0.090600 0.072700 0.039000 0.063500 0.080800 0.080400 0.079600 0.079000 0.098200 0.103300 0.000000 0.055700 0.073200 0.095000 0.079200 0.087300 0.081600 0.093400 0.079700 0.031600 0.039100 0.081500 0.023400 0.074000 0.070100 0.096400 0.088200 0.063800 0.086500 0.089500 0.102800 0.095100
HarveysDui 0.023700 0.288800 0.062300 0.295400 0.038500 0.023700 0.023300 0.055000 0.054400 0.079900 0.023800 0.047600 0.046600 0.007800 0.023500 0.031500 0.055300 0.079300 0.039600 0.054300 0.048400 0.031700 0.031300 0.072200 0.039600 0.039400 0.039000 0.054600 0.056200 0.078500 0.055700 0.000000 0.048200 0.054300 0.054700 0.047600 0.040000 0.061200 0.039100 0.039900 0.039400 0.040000 0.064300 0.083100 0.063900 0.055100 0.047100 0.023500 0.062100 0.081000 0.062000 0.054400
Pronghorn 0.057000 0.295500 0.079700 0.307300 0.071500 0.057000 0.055900 0.089100 0.088000 0.098100 0.057200 0.064900 0.080100 0.040100 0.056500 0.065000 0.055800 0.080000 0.073500 0.087900 0.065700 0.065400 0.064600 0.081800 0.073500 0.073200 0.072400 0.071800 0.091100 0.087900 0.073200 0.048200 0.000000 0.088000 0.088600 0.081700 0.074300 0.078100 0.072500 0.057200 0.056500 0.074200 0.082200 0.093200 0.081800 0.089300 0.081000 0.056400 0.087300 0.082200 0.095800 0.088000
BlueWildeb 0.046800 0.324400 0.068900 0.319300 0.076800 0.046800 0.061800 0.094000 0.076900 0.119500 0.047000 0.086800 0.029500 0.046400 0.062300 0.054500 0.094400 0.118700 0.046500 0.076800 0.071700 0.054800 0.070200 0.111900 0.062600 0.062300 0.014800 0.077200 0.079300 0.084800 0.095000 0.054300 0.088000 0.000000 0.045600 0.086800 0.063200 0.099300 0.046000 0.079500 0.078500 0.063200 0.104000 0.124000 0.103500 0.077900 0.069900 0.062300 0.100600 0.120900 0.084400 0.076900
Gemsbok 0.047100 0.315400 0.069300 0.280100 0.077300 0.047100 0.046300 0.094600 0.077400 0.094200 0.047300 0.070800 0.053600 0.046800 0.068900 0.054800 0.078600 0.102800 0.046800 0.077300 0.072300 0.055200 0.070700 0.112700 0.063000 0.062800 0.046100 0.077700 0.079800 0.085300 0.079200 0.054700 0.088600 0.045600 0.000000 0.070800 0.063700 0.099900 0.015200 0.080100 0.079100 0.063600 0.112400 0.107200 0.070900 0.078400 0.054300 0.062700 0.068900 0.121800 0.084900 0.077400
Yak 0.056100 0.312300 0.094700 0.306400 0.070500 0.056100 0.055200 0.087900 0.086900 0.094700 0.056400 0.030600 0.079000 0.039500 0.055700 0.064000 0.088300 0.113000 0.072400 0.086500 0.082100 0.064500 0.063700 0.104300 0.072500 0.072100 0.071400 0.087300 0.089800 0.111300 0.087300 0.047600 0.081700 0.086800 0.070800 0.000000 0.073200 0.093400 0.055100 0.071300 0.069600 0.064700 0.096200 0.098400 0.015400 0.088100 0.063300 0.055700 0.078100 0.115400 0.094600 0.070300
BlueSheep 0.015900 0.313500 0.071400 0.311200 0.063200 0.015900 0.047100 0.080700 0.063300 0.106600 0.016000 0.073200 0.055400 0.031800 0.048200 0.056600 0.081000 0.105800 0.031300 0.063200 0.074600 0.023600 0.056300 0.098800 0.032000 0.064800 0.047700 0.063600 0.082500 0.087900 0.081600 0.040000 0.074300 0.063200 0.063700 0.073200 0.000000 0.086200 0.047800 0.065600 0.064700 0.065700 0.090700 0.111100 0.090200 0.080800 0.056000 0.048200 0.087500 0.108200 0.071000 0.063300
BohorReedb 0.069700 0.329200 0.091200 0.334100 0.037100 0.069700 0.068500 0.100400 0.083400 0.117500 0.069900 0.093400 0.091700 0.053400 0.069100 0.077200 0.100900 0.100500 0.077500 0.083300 0.094900 0.077700 0.076900 0.118200 0.069400 0.085100 0.084300 0.083700 0.102300 0.107200 0.093400 0.061200 0.078100 0.099300 0.099900 0.093400 0.086200 0.000000 0.084400 0.086200 0.069100 0.086200 0.102200 0.130200 0.109800 0.100600 0.092600 0.069100 0.107000 0.110200 0.090800 0.083400
KirksDik 0.031400 0.296200 0.053900 0.261800 0.061800 0.031400 0.046600 0.078800 0.061900 0.087200 0.031500 0.055100 0.054100 0.031200 0.047100 0.039200 0.079200 0.103400 0.047300 0.061800 0.056200 0.039400 0.055000 0.096600 0.047300 0.046900 0.046600 0.062100 0.063900 0.069800 0.079700 0.039100 0.072500 0.046000 0.015200 0.055100 0.047800 0.084400 0.000000 0.064000 0.063200 0.047600 0.088600 0.090700 0.071400 0.062700 0.038700 0.047000 0.069100 0.105600 0.069500 0.061900
RoeDeer 0.048500 0.260300 0.071300 0.298600 0.063200 0.048500 0.047600 0.080500 0.079600 0.063600 0.048700 0.040000 0.055300 0.031900 0.048100 0.056500 0.064300 0.088800 0.064900 0.079500 0.074400 0.056900 0.023500 0.047800 0.064900 0.064600 0.063900 0.063500 0.082300 0.087800 0.031600 0.039900 0.057200 0.079500 0.080100 0.071300 0.065600 0.086200 0.064000 0.000000 0.023600 0.065600 0.039900 0.057800 0.071000 0.080700 0.072400 0.048100 0.087400 0.073600 0.087400 0.079600
WhiteLippe 0.047900 0.256400 0.054300 0.284600 0.062400 0.047900 0.047000 0.079500 0.062300 0.054600 0.048100 0.039500 0.054600 0.031500 0.047500 0.055700 0.063500 0.087700 0.055900 0.062300 0.073500 0.056100 0.031000 0.055200 0.064100 0.063800 0.063100 0.046600 0.081200 0.070300 0.039100 0.039400 0.056500 0.078500 0.079100 0.069600 0.064700 0.069100 0.063200 0.023600 0.000000 0.064700 0.047400 0.065300 0.069400 0.079700 0.071500 0.047500 0.086400 0.072700 0.070000 0.062300
ThomsonGaz 0.048600 0.327200 0.071400 0.332000 0.063200 0.048600 0.047700 0.064000 0.079700 0.106500 0.048800 0.064700 0.071700 0.031900 0.048200 0.007900 0.081000 0.105800 0.065000 0.079600 0.024300 0.056900 0.056200 0.098800 0.065000 0.015600 0.064000 0.080100 0.032200 0.087900 0.081500 0.040000 0.074200 0.063200 0.063600 0.064700 0.065700 0.086200 0.047600 0.065600 0.064700 0.000000 0.090700 0.111000 0.081500 0.064100 0.072500 0.048100 0.087200 0.108200 0.087500 0.079700
MuntiacusC 0.073200 0.269200 0.095700 0.306600 0.079200 0.073200 0.071900 0.105300 0.104100 0.022900 0.073500 0.064400 0.079500 0.056100 0.079600 0.081100 0.088900 0.096400 0.089800 0.104000 0.099800 0.081700 0.031200 0.072200 0.089800 0.089400 0.088400 0.087900 0.107600 0.112500 0.023400 0.064300 0.082200 0.104000 0.112400 0.096200 0.090700 0.102200 0.088600 0.039900 0.047400 0.090700 0.000000 0.083100 0.096000 0.105500 0.097200 0.072500 0.112000 0.098700 0.111900 0.104100
WhiteTaile 0.092600 0.322400 0.115400 0.302900 0.106700 0.092600 0.090900 0.125800 0.124200 0.090000 0.093000 0.065900 0.098600 0.074600 0.074600 0.100800 0.108700 0.134400 0.109800 0.124000 0.120700 0.101500 0.065200 0.056400 0.109800 0.109300 0.108100 0.107400 0.128600 0.115200 0.074000 0.083100 0.093200 0.124000 0.107200 0.098400 0.111100 0.130200 0.090700 0.057800 0.065300 0.111000 0.083100 0.000000 0.098200 0.108300 0.099500 0.091700 0.106000 0.119300 0.132100 0.124100
Cattle 0.072800 0.313400 0.095200 0.316400 0.086900 0.072800 0.055200 0.104800 0.103500 0.077600 0.073100 0.031200 0.095600 0.055800 0.072200 0.080700 0.071800 0.096200 0.089300 0.103400 0.099300 0.081300 0.080200 0.104100 0.089300 0.088900 0.088000 0.087400 0.107000 0.111800 0.070100 0.063900 0.081800 0.103500 0.070900 0.015400 0.090200 0.109800 0.071400 0.071000 0.069400 0.081500 0.096000 0.098200 0.000000 0.104900 0.079800 0.072100 0.078200 0.115500 0.111300 0.086900
RoyalAntel 0.063700 0.341000 0.086000 0.345400 0.077900 0.063700 0.062600 0.095300 0.094300 0.121100 0.064000 0.088100 0.086300 0.047100 0.047100 0.055300 0.095800 0.120400 0.079900 0.094200 0.072800 0.072000 0.071200 0.113600 0.080000 0.047100 0.078800 0.094700 0.080500 0.102400 0.096400 0.055100 0.089300 0.077900 0.078400 0.088100 0.080800 0.100600 0.062700 0.080700 0.079700 0.064100 0.105500 0.108300 0.104900 0.000000 0.087300 0.063200 0.102000 0.122900 0.102000 0.094300
Steenbok 0.039500 0.308400 0.061900 0.272600 0.069900 0.039500 0.054800 0.087200 0.054000 0.095800 0.039600 0.063300 0.062200 0.039200 0.055200 0.063500 0.071200 0.095300 0.055400 0.053900 0.081300 0.047600 0.063100 0.105100 0.055400 0.071500 0.054600 0.054200 0.072300 0.077900 0.088200 0.047100 0.081000 0.069900 0.054300 0.063300 0.056000 0.092600 0.038700 0.072400 0.071500 0.072500 0.097200 0.099500 0.079800 0.087300 0.000000 0.055200 0.077600 0.114300 0.061600 0.054000
Impala 0.031700 0.278500 0.070400 0.285200 0.046200 0.031700 0.031100 0.047000 0.062400 0.088200 0.031800 0.055700 0.054600 0.015600 0.031400 0.039500 0.063400 0.087600 0.047700 0.062300 0.056700 0.039800 0.039300 0.063900 0.047700 0.047500 0.047000 0.062700 0.064400 0.086600 0.063800 0.023500 0.056400 0.062300 0.062700 0.055700 0.048200 0.069100 0.047000 0.048100 0.047500 0.048100 0.072500 0.091700 0.072100 0.063200 0.055200 0.000000 0.070100 0.089400 0.070100 0.062400
Klipspring 0.070700 0.323200 0.108800 0.286900 0.084600 0.070700 0.053700 0.085500 0.100700 0.094000 0.071000 0.078100 0.092900 0.054200 0.054200 0.078400 0.069800 0.093600 0.086700 0.100600 0.096400 0.078900 0.078000 0.111500 0.086700 0.086000 0.085500 0.101200 0.103900 0.116900 0.086500 0.062100 0.087300 0.100600 0.068900 0.078100 0.087500 0.107000 0.069100 0.087400 0.086400 0.087200 0.112000 0.106000 0.078200 0.102000 0.077600 0.070100 0.000000 0.129000 0.108300 0.100700
ForestMusk 0.090200 0.315400 0.112600 0.328600 0.104100 0.090200 0.088600 0.122600 0.121200 0.114500 0.090600 0.081200 0.096100 0.072700 0.089500 0.098300 0.106000 0.131100 0.107000 0.121000 0.117600 0.098900 0.080800 0.106900 0.107000 0.106600 0.105400 0.104700 0.125400 0.129600 0.089500 0.081000 0.082200 0.120900 0.121800 0.115400 0.108200 0.110200 0.105600 0.073600 0.072700 0.108200 0.098700 0.119300 0.115500 0.122900 0.114300 0.089400 0.129000 0.000000 0.129000 0.121200
Bushbuck 0.054500 0.313800 0.045100 0.318900 0.084500 0.054500 0.069400 0.101700 0.007400 0.127300 0.054700 0.094600 0.076800 0.054100 0.070100 0.078300 0.085800 0.109900 0.062400 0.007400 0.096300 0.062600 0.077900 0.119900 0.070300 0.086300 0.069400 0.022400 0.087200 0.029900 0.102800 0.062000 0.095800 0.084400 0.084900 0.094600 0.071000 0.090800 0.069500 0.087400 0.070000 0.087500 0.111900 0.132100 0.111300 0.102000 0.061600 0.070100 0.108300 0.129000 0.000000 0.022300
GreaterKud 0.046800 0.283600 0.037500 0.310600 0.076900 0.046800 0.061800 0.094100 0.014900 0.119500 0.047000 0.086500 0.069200 0.046500 0.062400 0.070600 0.078200 0.102200 0.054700 0.014700 0.088400 0.054900 0.070300 0.112100 0.062600 0.078600 0.061800 0.030200 0.079400 0.037500 0.095100 0.054400 0.088000 0.076900 0.077400 0.070300 0.063300 0.083400 0.061900 0.079600 0.062300 0.079700 0.104100 0.124100 0.086900 0.094300 0.054000 0.062400 0.100700 0.121200 0.022300 0.000000
