1
52 1
Argali 0.000000 0.246600 0.064400 0.427700 0.069400 0.000000 0.034700 0.070500 0.032400 0.103700 0.099700 0.034400 0.000000 0.069500 0.112700 0.107300 0.177500 0.103800 0.000000 0.032400 0.070500 0.000000 0.068900 0.101700 0.033500 0.107900 0.031900 0.032400 0.107300 0.065000 0.139500 0.069500 0.143000 0.000000 0.032100 0.067900 0.033500 0.103100 0.141000 0.068900 0.068900 0.107900 0.103700 0.103700 0.034400 0.110100 0.070500 0.114600 0.034400 0.068900 0.065100 0.032400
LesserMous 0.246600 0.000000 0.233700 0.458200 0.255800 0.246600 0.212800 0.260900 0.195900 0.200800 0.284800 0.210700 0.246600 0.256500 0.330100 0.312200 0.292200 0.200800 0.246600 0.195900 0.260900 0.246600 0.159300 0.154700 0.304400 0.313700 0.286700 0.195900 0.312200 0.236900 0.244300 0.256500 0.199500 0.246600 0.194300 0.247800 0.304400 0.296000 0.348200 0.159300 0.159300 0.313700 0.200800 0.200800 0.210700 0.162500 0.260900 0.336100 0.210700 0.254400 0.236700 0.195900
LesserKudu 0.064400 0.233700 0.000000 0.471400 0.138900 0.064400 0.103900 0.141000 0.030900 0.098700 0.030600 0.102800 0.064400 0.138900 0.187900 0.179400 0.169700 0.099100 0.064400 0.030900 0.141000 0.064400 0.065400 0.097100 0.100700 0.180100 0.030800 0.030900 0.179400 0.062200 0.133000 0.138900 0.136300 0.064400 0.030800 0.135400 0.100700 0.172500 0.212100 0.065400 0.065400 0.180100 0.098700 0.098700 0.102800 0.183700 0.141000 0.190300 0.102800 0.138200 0.062200 0.030900
KillerWhal 0.427700 0.458200 0.471400 0.000000 0.432900 0.427700 0.389400 0.449900 0.421300 0.425300 0.417600 0.385400 0.427700 0.437300 0.473500 0.521000 0.539100 0.427800 0.427700 0.421300 0.449900 0.427700 0.377800 0.417400 0.376900 0.519100 0.479000 0.421300 0.521000 0.470600 0.477200 0.437300 0.424600 0.427700 0.419200 0.427400 0.376900 0.488200 0.556600 0.377800 0.377800 0.519100 0.425300 0.425300 0.385400 0.373500 0.449900 0.489600 0.385400 0.436100 0.465500 0.421300
DefassaWat 0.069400 0.255800 0.138900 0.432900 0.000000 0.069400 0.035500 0.072100 0.104700 0.106400 0.168900 0.035300 0.069400 0.071100 0.115600 0.109900 0.181400 0.106600 0.069400 0.104700 0.072100 0.069400 0.070700 0.104400 0.090100 0.110500 0.103700 0.104700 0.109900 0.140200 0.143100 0.071100 0.147000 0.069400 0.104200 0.069700 0.090100 0.033600 0.144500 0.070700 0.070700 0.110500 0.106400 0.106400 0.035300 0.113200 0.072100 0.117400 0.035300 0.070800 0.140100 0.104700
Sheep 0.000000 0.246600 0.064400 0.427700 0.069400 0.000000 0.034700 0.070500 0.032400 0.103700 0.099700 0.034400 0.000000 0.069500 0.112700 0.107300 0.177500 0.103800 0.000000 0.032400 0.070500 0.000000 0.068900 0.101700 0.033500 0.107900 0.031900 0.032400 0.107300 0.065000 0.139500 0.069500 0.143000 0.000000 0.032100 0.067900 0.033500 0.103100 0.141000 0.068900 0.068900 0.107900 0.103700 0.103700 0.034400 0.110100 0.070500 0.114600 0.034400 0.068900 0.065100 0.032400
MaxwellsDu 0.034700 0.212800 0.103900 0.389400 0.035500 0.034700 0.000000 0.035900 0.069800 0.071100 0.144200 0.000100 0.034700 0.035400 0.077100 0.072900 0.144600 0.071300 0.034700 0.069800 0.035900 0.034700 0.035400 0.069600 0.072700 0.073600 0.068900 0.069800 0.072900 0.105200 0.107600 0.035400 0.110200 0.034700 0.069500 0.034800 0.072700 0.070500 0.107600 0.035400 0.035400 0.073600 0.071100 0.071100 0.000100 0.075400 0.035900 0.078200 0.000100 0.035500 0.105100 0.069800
GazellaPrz 0.070500 0.260900 0.141000 0.449900 0.072100 0.070500 0.035900 0.000000 0.106500 0.071300 0.183400 0.035900 0.070500 0.035500 0.117700 0.033600 0.145300 0.071300 0.070500 0.106500 0.000000 0.070500 0.072100 0.106200 0.110600 0.033900 0.105000 0.106500 0.033600 0.105400 0.108000 0.035500 0.110400 0.070500 0.106000 0.070700 0.110600 0.070500 0.066500 0.072100 0.072100 0.033900 0.071300 0.071300 0.035900 0.114900 0.000000 0.119000 0.035900 0.035500 0.142800 0.106500
MountainNy 0.032400 0.195900 0.030900 0.421300 0.104700 0.032400 0.069800 0.106500 0.000000 0.066400 0.064000 0.069100 0.032400 0.105000 0.151400 0.144400 0.136800 0.066600 0.032400 0.000000 0.106500 0.032400 0.033000 0.065100 0.067500 0.145000 0.064400 0.000000 0.144400 0.031300 0.100600 0.105000 0.102900 0.032400 0.000100 0.102200 0.067500 0.138700 0.177600 0.033000 0.033000 0.145000 0.066400 0.066400 0.069100 0.147600 0.106500 0.153000 0.069100 0.104400 0.031300 0.000000
MuntiacusM 0.103700 0.200800 0.098700 0.425300 0.106400 0.103700 0.071100 0.071300 0.066400 0.000000 0.136300 0.070400 0.103700 0.034000 0.154300 0.108700 0.067000 0.000100 0.103700 0.066400 0.071300 0.103700 0.033700 0.066400 0.144100 0.109100 0.137300 0.066400 0.108700 0.032000 0.032900 0.034000 0.033300 0.103700 0.066200 0.103800 0.144100 0.067200 0.142400 0.033700 0.033700 0.109100 0.000000 0.000000 0.070400 0.149900 0.071300 0.155100 0.070400 0.033800 0.099800 0.066400
goat 0.099700 0.284800 0.030600 0.417600 0.168900 0.099700 0.144200 0.183400 0.064000 0.136300 0.000000 0.143000 0.099700 0.180500 0.236400 0.224600 0.210400 0.136600 0.099700 0.064000 0.183400 0.099700 0.101800 0.134000 0.066300 0.225300 0.063400 0.064000 0.224600 0.096300 0.172100 0.180500 0.176600 0.099700 0.063400 0.176600 0.066300 0.215400 0.257600 0.101800 0.101800 0.225300 0.136300 0.136300 0.143000 0.230500 0.183400 0.240200 0.143000 0.179400 0.096300 0.064000
AfricanBuf 0.034400 0.210700 0.102800 0.385400 0.035300 0.034400 0.000100 0.035900 0.069100 0.070400 0.143000 0.000000 0.034400 0.035400 0.076700 0.072900 0.144800 0.070700 0.034400 0.069100 0.035900 0.034400 0.035100 0.069100 0.072000 0.073300 0.068300 0.069100 0.072900 0.104400 0.106500 0.035400 0.109400 0.034400 0.068900 0.034500 0.072000 0.070000 0.107600 0.035100 0.035100 0.073300 0.070400 0.070400 0.000000 0.074900 0.035900 0.077900 0.000000 0.035200 0.104100 0.069100
Topi 0.000000 0.246600 0.064400 0.427700 0.069400 0.000000 0.034700 0.070500 0.032400 0.103700 0.099700 0.034400 0.000000 0.069500 0.112700 0.107300 0.177500 0.103800 0.000000 0.032400 0.070500 0.000000 0.068900 0.101700 0.033500 0.107900 0.031900 0.032400 0.107300 0.065000 0.139500 0.069500 0.143000 0.000000 0.032100 0.067900 0.033500 0.103100 0.141000 0.068900 0.068900 0.107900 0.103700 0.103700 0.034400 0.110100 0.070500 0.114600 0.034400 0.068900 0.065100 0.032400
CommonDuik 0.069500 0.256500 0.138900 0.437300 0.071100 0.069500 0.035400 0.035500 0.105000 0.034000 0.180500 0.035400 0.069500 0.000000 0.115900 0.072000 0.104100 0.034100 0.069500 0.105000 0.035500 0.069500 0.071100 0.104800 0.108900 0.072600 0.103400 0.105000 0.072000 0.067100 0.068800 0.000000 0.070000 0.069500 0.104500 0.069700 0.108900 0.033600 0.106300 0.071100 0.071100 0.072600 0.034000 0.034000 0.035400 0.113000 0.035500 0.117000 0.035400 0.000200 0.140900 0.105000
Suni 0.112700 0.330100 0.187900 0.473500 0.115600 0.112700 0.077100 0.117700 0.151400 0.154300 0.236400 0.076700 0.112700 0.115900 0.000000 0.076100 0.237700 0.154700 0.112700 0.151400 0.117700 0.112700 0.115200 0.150700 0.158300 0.076500 0.149300 0.151400 0.076100 0.190500 0.194900 0.115900 0.200100 0.112700 0.150500 0.113000 0.158300 0.153000 0.196300 0.115200 0.115200 0.076500 0.154300 0.154300 0.076700 0.164700 0.117700 0.172200 0.076700 0.115400 0.190100 0.151400
Springbuck 0.107300 0.312200 0.179400 0.521000 0.109900 0.107300 0.072900 0.033600 0.144400 0.108700 0.224600 0.072900 0.107300 0.072000 0.076100 0.000000 0.185100 0.108800 0.107300 0.144400 0.033600 0.107300 0.109900 0.144000 0.150000 0.000200 0.142300 0.144400 0.000000 0.143000 0.146600 0.072000 0.149700 0.107300 0.143800 0.107600 0.150000 0.107500 0.100800 0.109900 0.109900 0.000200 0.108700 0.108700 0.072900 0.155800 0.033600 0.161600 0.072900 0.072100 0.181900 0.144400
Okapi 0.177500 0.292200 0.169700 0.539100 0.181400 0.177500 0.144600 0.145300 0.136800 0.067000 0.210400 0.144800 0.177500 0.104100 0.237700 0.185100 0.000000 0.067100 0.177500 0.136800 0.145300 0.177500 0.104200 0.136300 0.221700 0.186300 0.211600 0.136800 0.185100 0.099000 0.102400 0.104100 0.102800 0.177500 0.136300 0.177700 0.221700 0.138100 0.218200 0.104200 0.104200 0.186300 0.067000 0.067000 0.144800 0.230000 0.145300 0.237100 0.144800 0.104400 0.173500 0.136800
Giraffe 0.103800 0.200800 0.099100 0.427800 0.106600 0.103800 0.071300 0.071300 0.066600 0.000100 0.136600 0.070700 0.103800 0.034100 0.154700 0.108800 0.067100 0.000000 0.103800 0.066600 0.071300 0.103800 0.033800 0.066000 0.144400 0.109300 0.137400 0.066600 0.108800 0.031900 0.033000 0.034100 0.033300 0.103800 0.066200 0.104300 0.144400 0.067100 0.142700 0.033800 0.033800 0.109300 0.000100 0.000100 0.070700 0.149900 0.071300 0.155500 0.070700 0.033700 0.100800 0.066600
TibetanAnt 0.000000 0.246600 0.064400 0.427700 0.069400 0.000000 0.034700 0.070500 0.032400 0.103700 0.099700 0.034400 0.000000 0.069500 0.112700 0.107300 0.177500 0.103800 0.000000 0.032400 0.070500 0.000000 0.068900 0.101700 0.033500 0.107900 0.031900 0.032400 0.107300 0.065000 0.139500 0.069500 0.143000 0.000000 0.032100 0.067900 0.033500 0.103100 0.141000 0.068900 0.068900 0.107900 0.103700 0.103700 0.034400 0.110100 0.070500 0.114600 0.034400 0.068900 0.065100 0.032400
Sitatunga 0.032400 0.195900 0.030900 0.421300 0.104700 0.032400 0.069800 0.106500 0.000000 0.066400 0.064000 0.069100 0.032400 0.105000 0.151400 0.144400 0.136800 0.066600 0.032400 0.000000 0.106500 0.032400 0.033000 0.065100 0.067500 0.145000 0.064400 0.000000 0.144400 0.031300 0.100600 0.105000 0.102900 0.032400 0.000100 0.102200 0.067500 0.138700 0.177600 0.033000 0.033000 0.145000 0.066400 0.066400 0.069100 0.147600 0.106500 0.153000 0.069100 0.104400 0.031300 0.000000
Oribi 0.070500 0.260900 0.141000 0.449900 0.072100 0.070500 0.035900 0.000000 0.106500 0.071300 0.183400 0.035900 0.070500 0.035500 0.117700 0.033600 0.145300 0.071300 0.070500 0.106500 0.000000 0.070500 0.072100 0.106200 0.110600 0.033900 0.105000 0.106500 0.033600 0.105400 0.108000 0.035500 0.110400 0.070500 0.106000 0.070700 0.110600 0.070500 0.066500 0.072100 0.072100 0.033900 0.071300 0.071300 0.035900 0.114900 0.000000 0.119000 0.035900 0.035500 0.142800 0.106500
BarbaryShe 0.000000 0.246600 0.064400 0.427700 0.069400 0.000000 0.034700 0.070500 0.032400 0.103700 0.099700 0.034400 0.000000 0.069500 0.112700 0.107300 0.177500 0.103800 0.000000 0.032400 0.070500 0.000000 0.068900 0.101700 0.033500 0.107900 0.031900 0.032400 0.107300 0.065000 0.139500 0.069500 0.143000 0.000000 0.032100 0.067900 0.033500 0.103100 0.141000 0.068900 0.068900 0.107900 0.103700 0.103700 0.034400 0.110100 0.070500 0.114600 0.034400 0.068900 0.065100 0.032400
Daviddeer 0.068900 0.159300 0.065400 0.377800 0.070700 0.068900 0.035400 0.072100 0.033000 0.033700 0.101800 0.035100 0.068900 0.071100 0.115200 0.109900 0.104200 0.033800 0.068900 0.033000 0.072100 0.068900 0.000000 0.033000 0.107900 0.110400 0.102600 0.033000 0.109900 0.066600 0.068200 0.071100 0.069600 0.068900 0.032900 0.069000 0.107900 0.105400 0.143900 0.000000 0.000000 0.110400 0.033700 0.033700 0.035100 0.112300 0.072100 0.116400 0.035100 0.070700 0.066400 0.033000
Reindeer 0.101700 0.154700 0.097100 0.417400 0.104400 0.101700 0.069600 0.106200 0.065100 0.066400 0.134000 0.069100 0.101700 0.104800 0.150700 0.144000 0.136300 0.066000 0.101700 0.065100 0.106200 0.101700 0.033000 0.000000 0.141700 0.144800 0.134900 0.065100 0.144000 0.097700 0.100500 0.104800 0.102500 0.101700 0.064800 0.102200 0.141700 0.137900 0.177200 0.033000 0.033000 0.144800 0.066400 0.066400 0.069100 0.069400 0.106200 0.152500 0.069100 0.103400 0.098200 0.065100
Ibex 0.033500 0.304400 0.100700 0.376900 0.090100 0.033500 0.072700 0.110600 0.067500 0.144100 0.066300 0.072000 0.033500 0.108900 0.158300 0.150000 0.221700 0.144400 0.033500 0.067500 0.110600 0.033500 0.107900 0.141700 0.000000 0.150800 0.066600 0.067500 0.150000 0.101400 0.181500 0.108900 0.187200 0.033500 0.066800 0.106600 0.000000 0.143800 0.184500 0.107900 0.107900 0.150800 0.144100 0.144100 0.072000 0.154500 0.110600 0.161500 0.072000 0.108100 0.101400 0.067500
GyrantGaze 0.107900 0.313700 0.180100 0.519100 0.110500 0.107900 0.073600 0.033900 0.145000 0.109100 0.225300 0.073300 0.107900 0.072600 0.076500 0.000200 0.186300 0.109300 0.107900 0.145000 0.033900 0.107900 0.110400 0.144800 0.150800 0.000000 0.143000 0.145000 0.000200 0.143600 0.147100 0.072600 0.150400 0.107900 0.144400 0.108100 0.150800 0.108000 0.101400 0.110400 0.110400 0.000000 0.109100 0.109100 0.073300 0.157100 0.033900 0.162200 0.073300 0.072500 0.182600 0.145000
Hartebeest 0.031900 0.286700 0.030800 0.479000 0.103700 0.031900 0.068900 0.105000 0.064400 0.137300 0.063400 0.068300 0.031900 0.103400 0.149300 0.142300 0.211600 0.137400 0.031900 0.064400 0.105000 0.031900 0.102600 0.134900 0.066600 0.143000 0.000000 0.064400 0.142300 0.096900 0.173100 0.103400 0.177900 0.031900 0.063800 0.101300 0.066600 0.136800 0.175400 0.102600 0.102600 0.143000 0.137300 0.137300 0.068300 0.146100 0.105000 0.152000 0.068300 0.102700 0.097000 0.064400
Bongo 0.032400 0.195900 0.030900 0.421300 0.104700 0.032400 0.069800 0.106500 0.000000 0.066400 0.064000 0.069100 0.032400 0.105000 0.151400 0.144400 0.136800 0.066600 0.032400 0.000000 0.106500 0.032400 0.033000 0.065100 0.067500 0.145000 0.064400 0.000000 0.144400 0.031300 0.100600 0.105000 0.102900 0.032400 0.000100 0.102200 0.067500 0.138700 0.177600 0.033000 0.033000 0.145000 0.066400 0.066400 0.069100 0.147600 0.106500 0.153000 0.069100 0.104400 0.031300 0.000000
Gerenuk 0.107300 0.312200 0.179400 0.521000 0.109900 0.107300 0.072900 0.033600 0.144400 0.108700 0.224600 0.072900 0.107300 0.072000 0.076100 0.000000 0.185100 0.108800 0.107300 0.144400 0.033600 0.107300 0.109900 0.144000 0.150000 0.000200 0.142300 0.144400 0.000000 0.143000 0.146600 0.072000 0.149700 0.107300 0.143800 0.107600 0.150000 0.107500 0.101000 0.109900 0.109900 0.000200 0.108700 0.108700 0.072900 0.155800 0.033600 0.161600 0.072900 0.072100 0.181900 0.144400
CommonElan 0.065000 0.236900 0.062200 0.470600 0.140200 0.065000 0.105200 0.105400 0.031300 0.032000 0.096300 0.104400 0.065000 0.067100 0.190500 0.143000 0.099000 0.031900 0.065000 0.031300 0.105400 0.065000 0.066600 0.097700 0.101400 0.143600 0.096900 0.031300 0.143000 0.000000 0.064800 0.067100 0.065700 0.065000 0.031200 0.137200 0.101400 0.099200 0.176100 0.066600 0.066600 0.143600 0.032000 0.032000 0.104400 0.184700 0.105400 0.191500 0.104400 0.066300 0.063200 0.031300
MuntiacusR 0.139500 0.244300 0.133000 0.477200 0.143100 0.139500 0.107600 0.108000 0.100600 0.032900 0.172100 0.106500 0.139500 0.068800 0.194900 0.146600 0.102400 0.033000 0.139500 0.100600 0.108000 0.139500 0.068200 0.100500 0.181500 0.147100 0.173100 0.100600 0.146600 0.064800 0.000000 0.068800 0.067400 0.139500 0.100400 0.139500 0.181500 0.101800 0.180000 0.068200 0.068200 0.147100 0.032900 0.032900 0.106500 0.188700 0.108000 0.195100 0.106500 0.068400 0.135700 0.100600
HarveysDui 0.069500 0.256500 0.138900 0.437300 0.071100 0.069500 0.035400 0.035500 0.105000 0.034000 0.180500 0.035400 0.069500 0.000000 0.115900 0.072000 0.104100 0.034100 0.069500 0.105000 0.035500 0.069500 0.071100 0.104800 0.108900 0.072600 0.103400 0.105000 0.072000 0.067100 0.068800 0.000000 0.070000 0.069500 0.104500 0.069700 0.108900 0.033600 0.106300 0.071100 0.071100 0.072600 0.034000 0.034000 0.035400 0.113000 0.035500 0.117000 0.035400 0.000200 0.140900 0.105000
Pronghorn 0.143000 0.199500 0.136300 0.424600 0.147000 0.143000 0.110200 0.110400 0.102900 0.033300 0.176600 0.109400 0.143000 0.070000 0.200100 0.149700 0.102800 0.033300 0.143000 0.102900 0.110400 0.143000 0.069600 0.102500 0.187200 0.150400 0.177900 0.102900 0.149700 0.065700 0.067400 0.070000 0.000000 0.143000 0.102300 0.143600 0.187200 0.103800 0.184100 0.069600 0.069600 0.150400 0.033300 0.033300 0.109400 0.149500 0.110400 0.202300 0.109400 0.069600 0.138100 0.102900
BlueWildeb 0.000000 0.246600 0.064400 0.427700 0.069400 0.000000 0.034700 0.070500 0.032400 0.103700 0.099700 0.034400 0.000000 0.069500 0.112700 0.107300 0.177500 0.103800 0.000000 0.032400 0.070500 0.000000 0.068900 0.101700 0.033500 0.107900 0.031900 0.032400 0.107300 0.065000 0.139500 0.069500 0.143000 0.000000 0.032100 0.067900 0.033500 0.103100 0.141000 0.068900 0.068900 0.107900 0.103700 0.103700 0.034400 0.110100 0.070500 0.114600 0.034400 0.068900 0.065100 0.032400
Gemsbok 0.032100 0.194300 0.030800 0.419200 0.104200 0.032100 0.069500 0.106000 0.000100 0.066200 0.063400 0.068900 0.032100 0.104500 0.150500 0.143800 0.136300 0.066200 0.032100 0.000100 0.106000 0.032100 0.032900 0.064800 0.066800 0.144400 0.063800 0.000100 0.143800 0.031200 0.100400 0.104500 0.102300 0.032100 0.000000 0.101900 0.066800 0.137900 0.176800 0.032900 0.032900 0.144400 0.066200 0.066200 0.068900 0.146600 0.106000 0.152300 0.068900 0.103800 0.031200 0.000100
Yak 0.067900 0.247800 0.135400 0.427400 0.069700 0.067900 0.034800 0.070700 0.102200 0.103800 0.176600 0.034500 0.067900 0.069700 0.113000 0.107600 0.177700 0.104300 0.067900 0.102200 0.070700 0.067900 0.069000 0.102200 0.106600 0.108100 0.101300 0.102200 0.107600 0.137200 0.139500 0.069700 0.143600 0.067900 0.101900 0.000000 0.106600 0.103500 0.141400 0.069000 0.069000 0.108100 0.103800 0.103800 0.034500 0.110700 0.070700 0.114900 0.034500 0.069300 0.136600 0.102200
BlueSheep 0.033500 0.304400 0.100700 0.376900 0.090100 0.033500 0.072700 0.110600 0.067500 0.144100 0.066300 0.072000 0.033500 0.108900 0.158300 0.150000 0.221700 0.144400 0.033500 0.067500 0.110600 0.033500 0.107900 0.141700 0.000000 0.150800 0.066600 0.067500 0.150000 0.101400 0.181500 0.108900 0.187200 0.033500 0.066800 0.106600 0.000000 0.143800 0.184500 0.107900 0.107900 0.150800 0.144100 0.144100 0.072000 0.154500 0.110600 0.161500 0.072000 0.108100 0.101400 0.067500
BohorReedb 0.103100 0.296000 0.172500 0.488200 0.033600 0.103100 0.070500 0.070500 0.138700 0.067200 0.215400 0.070000 0.103100 0.033600 0.153000 0.107500 0.138100 0.067100 0.103100 0.138700 0.070500 0.103100 0.105400 0.137900 0.143800 0.108000 0.136800 0.138700 0.107500 0.099200 0.101800 0.033600 0.103800 0.103100 0.137900 0.103500 0.143800 0.000000 0.141400 0.105400 0.105400 0.108000 0.067200 0.067200 0.070000 0.149100 0.070500 0.154600 0.070000 0.033300 0.174300 0.138700
KirksDik 0.141000 0.348200 0.212100 0.556600 0.144500 0.141000 0.107600 0.066500 0.177600 0.142400 0.257600 0.107600 0.141000 0.106300 0.196300 0.100800 0.218200 0.142700 0.141000 0.177600 0.066500 0.141000 0.143900 0.177200 0.184500 0.101400 0.175400 0.177600 0.101000 0.176100 0.180000 0.106300 0.184100 0.141000 0.176800 0.141400 0.184500 0.141400 0.000000 0.143900 0.143900 0.101400 0.142400 0.142400 0.107600 0.191700 0.066500 0.198200 0.107600 0.106400 0.214300 0.177600
RoeDeer 0.068900 0.159300 0.065400 0.377800 0.070700 0.068900 0.035400 0.072100 0.033000 0.033700 0.101800 0.035100 0.068900 0.071100 0.115200 0.109900 0.104200 0.033800 0.068900 0.033000 0.072100 0.068900 0.000000 0.033000 0.107900 0.110400 0.102600 0.033000 0.109900 0.066600 0.068200 0.071100 0.069600 0.068900 0.032900 0.069000 0.107900 0.105400 0.143900 0.000000 0.000000 0.110400 0.033700 0.033700 0.035100 0.112300 0.072100 0.116400 0.035100 0.070700 0.066400 0.033000
WhiteLippe 0.068900 0.159300 0.065400 0.377800 0.070700 0.068900 0.035400 0.072100 0.033000 0.033700 0.101800 0.035100 0.068900 0.071100 0.115200 0.109900 0.104200 0.033800 0.068900 0.033000 0.072100 0.068900 0.000000 0.033000 0.107900 0.110400 0.102600 0.033000 0.109900 0.066600 0.068200 0.071100 0.069600 0.068900 0.032900 0.069000 0.107900 0.105400 0.143900 0.000000 0.000000 0.110400 0.033700 0.033700 0.035100 0.112300 0.072100 0.116400 0.035100 0.070700 0.066400 0.033000
ThomsonGaz 0.107900 0.313700 0.180100 0.519100 0.110500 0.107900 0.073600 0.033900 0.145000 0.109100 0.225300 0.073300 0.107900 0.072600 0.076500 0.000200 0.186300 0.109300 0.107900 0.145000 0.033900 0.107900 0.110400 0.144800 0.150800 0.000000 0.143000 0.145000 0.000200 0.143600 0.147100 0.072600 0.150400 0.107900 0.144400 0.108100 0.150800 0.108000 0.101400 0.110400 0.110400 0.000000 0.109100 0.109100 0.073300 0.157100 0.033900 0.162200 0.073300 0.072500 0.182600 0.145000
MuntiacusC 0.103700 0.200800 0.098700 0.425300 0.106400 0.103700 0.071100 0.071300 0.066400 0.000000 0.136300 0.070400 0.103700 0.034000 0.154300 0.108700 0.067000 0.000100 0.103700 0.066400 0.071300 0.103700 0.033700 0.066400 0.144100 0.109100 0.137300 0.066400 0.108700 0.032000 0.032900 0.034000 0.033300 0.103700 0.066200 0.103800 0.144100 0.067200 0.142400 0.033700 0.033700 0.109100 0.000000 0.000000 0.070400 0.149900 0.071300 0.155100 0.070400 0.033800 0.100500 0.066400
WhiteTaile 0.103700 0.200800 0.098700 0.425300 0.106400 0.103700 0.071100 0.071300 0.066400 0.000000 0.136300 0.070400 0.103700 0.034000 0.154300 0.108700 0.067000 0.000100 0.103700 0.066400 0.071300 0.103700 0.033700 0.066400 0.144100 0.109100 0.137300 0.066400 0.108700 0.032000 0.032900 0.034000 0.033300 0.103700 0.066200 0.103800 0.144100 0.067200 0.142400 0.033700 0.033700 0.109100 0.000000 0.000000 0.070400 0.149900 0.071300 0.155100 0.070400 0.033800 0.100500 0.066400
Cattle 0.034400 0.210700 0.102800 0.385400 0.035300 0.034400 0.000100 0.035900 0.069100 0.070400 0.143000 0.000000 0.034400 0.035400 0.076700 0.072900 0.144800 0.070700 0.034400 0.069100 0.035900 0.034400 0.035100 0.069100 0.072000 0.073300 0.068300 0.069100 0.072900 0.104400 0.106500 0.035400 0.109400 0.034400 0.068900 0.034500 0.072000 0.070000 0.107600 0.035100 0.035100 0.073300 0.070400 0.070400 0.000000 0.074900 0.035900 0.077900 0.000000 0.035200 0.104100 0.069100
RoyalAntel 0.110100 0.162500 0.183700 0.373500 0.113200 0.110100 0.075400 0.114900 0.147600 0.149900 0.230500 0.074900 0.110100 0.113000 0.164700 0.155800 0.230000 0.149900 0.110100 0.147600 0.114900 0.110100 0.112300 0.069400 0.154500 0.157100 0.146100 0.147600 0.155800 0.184700 0.188700 0.113000 0.149500 0.110100 0.146600 0.110700 0.154500 0.149100 0.191700 0.112300 0.112300 0.157100 0.149900 0.149900 0.074900 0.000000 0.114900 0.168400 0.074900 0.112100 0.184700 0.147600
Steenbok 0.070500 0.260900 0.141000 0.449900 0.072100 0.070500 0.035900 0.000000 0.106500 0.071300 0.183400 0.035900 0.070500 0.035500 0.117700 0.033600 0.145300 0.071300 0.070500 0.106500 0.000000 0.070500 0.072100 0.106200 0.110600 0.033900 0.105000 0.106500 0.033600 0.105400 0.108000 0.035500 0.110400 0.070500 0.106000 0.070700 0.110600 0.070500 0.066500 0.072100 0.072100 0.033900 0.071300 0.071300 0.035900 0.114900 0.000000 0.119000 0.035900 0.035500 0.142800 0.106500
Impala 0.114600 0.336100 0.190300 0.489600 0.117400 0.114600 0.078200 0.119000 0.153000 0.155100 0.240200 0.077900 0.114600 0.117000 0.172200 0.161600 0.237100 0.155500 0.114600 0.153000 0.119000 0.114600 0.116400 0.152500 0.161500 0.162200 0.152000 0.153000 0.161600 0.191500 0.195100 0.117000 0.202300 0.114600 0.152300 0.114900 0.161500 0.154600 0.198200 0.116400 0.116400 0.162200 0.155100 0.155100 0.077900 0.168400 0.119000 0.000000 0.077900 0.116600 0.191100 0.153000
Klipspring 0.034400 0.210700 0.102800 0.385400 0.035300 0.034400 0.000100 0.035900 0.069100 0.070400 0.143000 0.000000 0.034400 0.035400 0.076700 0.072900 0.144800 0.070700 0.034400 0.069100 0.035900 0.034400 0.035100 0.069100 0.072000 0.073300 0.068300 0.069100 0.072900 0.104400 0.106500 0.035400 0.109400 0.034400 0.068900 0.034500 0.072000 0.070000 0.107600 0.035100 0.035100 0.073300 0.070400 0.070400 0.000000 0.074900 0.035900 0.077900 0.000000 0.035200 0.104100 0.069100
ForestMusk 0.068900 0.254400 0.138200 0.436100 0.070800 0.068900 0.035500 0.035500 0.104400 0.033800 0.179400 0.035200 0.068900 0.000200 0.115400 0.072100 0.104400 0.033700 0.068900 0.104400 0.035500 0.068900 0.070700 0.103400 0.108100 0.072500 0.102700 0.104400 0.072100 0.066300 0.068400 0.000200 0.069600 0.068900 0.103800 0.069300 0.108100 0.033300 0.106400 0.070700 0.070700 0.072500 0.033800 0.033800 0.035200 0.112100 0.035500 0.116600 0.035200 0.000000 0.140100 0.104400
Bushbuck 0.065100 0.236700 0.062200 0.465500 0.140100 0.065100 0.105100 0.142800 0.031300 0.099800 0.096300 0.104100 0.065100 0.140900 0.190100 0.181900 0.173500 0.100800 0.065100 0.031300 0.142800 0.065100 0.066400 0.098200 0.101400 0.182600 0.097000 0.031300 0.181900 0.063200 0.135700 0.140900 0.138100 0.065100 0.031200 0.136600 0.101400 0.174300 0.214300 0.066400 0.066400 0.182600 0.100500 0.100500 0.104100 0.184700 0.142800 0.191100 0.104100 0.140100 0.000000 0.031300
GreaterKud 0.032400 0.195900 0.030900 0.421300 0.104700 0.032400 0.069800 0.106500 0.000000 0.066400 0.064000 0.069100 0.032400 0.105000 0.151400 0.144400 0.136800 0.066600 0.032400 0.000000 0.106500 0.032400 0.033000 0.065100 0.067500 0.145000 0.064400 0.000000 0.144400 0.031300 0.100600 0.105000 0.102900 0.032400 0.000100 0.102200 0.067500 0.138700 0.177600 0.033000 0.033000 0.145000 0.066400 0.066400 0.069100 0.147600 0.106500 0.153000 0.069100 0.104400 0.031300 0.000000
