1
52 1
Argali 0.000000 0.293200 0.067300 0.213000 0.070500 0.000000 0.127900 0.022200 0.022500 0.117400 0.021600 0.022000 0.044700 0.095200 0.044300 0.022000 0.174300 0.118300 0.000000 0.022500 0.022800 0.000000 0.145400 0.119500 0.000000 0.090000 0.044700 0.044800 0.043900 0.022700 0.118000 0.123300 0.180600 0.044700 0.045400 0.021400 0.000000 0.093800 0.022400 0.117900 0.145400 0.022000 0.095400 0.117900 0.000000 0.074000 0.022200 0.000000 0.045800 0.090400 0.021600 0.021700
LesserMous 0.293200 0.000000 0.353700 0.353600 0.409700 0.293200 0.532900 0.323900 0.328400 0.362200 0.254900 0.254900 0.354000 0.450700 0.318100 0.289400 0.367600 0.362700 0.293200 0.328400 0.331100 0.293200 0.325600 0.341100 0.293200 0.244200 0.354000 0.356400 0.313900 0.330700 0.362000 0.508000 0.385600 0.354000 0.362600 0.321700 0.293200 0.361400 0.324500 0.288000 0.325600 0.318100 0.371100 0.288000 0.293200 0.313100 0.324000 0.293200 0.365600 0.313700 0.328400 0.328400
LesserKudu 0.067300 0.353700 0.000000 0.302400 0.143800 0.067300 0.209600 0.090300 0.044200 0.114400 0.089600 0.089600 0.113700 0.170300 0.043300 0.043400 0.169800 0.115400 0.067300 0.043700 0.092800 0.067300 0.167400 0.141500 0.067300 0.160500 0.113700 0.066000 0.064800 0.044600 0.115000 0.201900 0.175700 0.113700 0.044200 0.089700 0.067300 0.167900 0.091100 0.139600 0.167400 0.089300 0.117500 0.139600 0.067300 0.151100 0.090300 0.067300 0.116400 0.111800 0.044200 0.043200
KillerWhal 0.213000 0.353600 0.302400 0.000000 0.319600 0.213000 0.426600 0.242100 0.245500 0.308900 0.212300 0.212300 0.270400 0.356700 0.266100 0.239900 0.312600 0.309600 0.213000 0.245500 0.248000 0.213000 0.348800 0.312100 0.213000 0.301400 0.270400 0.272300 0.265100 0.246500 0.307500 0.406900 0.247200 0.270400 0.273900 0.240400 0.213000 0.319000 0.242800 0.307000 0.348800 0.238300 0.315300 0.307000 0.213000 0.264500 0.242200 0.213000 0.276800 0.264800 0.245500 0.245500
DefassaWat 0.070500 0.409700 0.143800 0.319600 0.000000 0.070500 0.103400 0.094500 0.095800 0.202900 0.093800 0.093800 0.118800 0.123800 0.117800 0.093900 0.270100 0.203600 0.070500 0.095800 0.047300 0.070500 0.177200 0.206500 0.070500 0.167300 0.118800 0.119200 0.116500 0.096800 0.203700 0.099400 0.280800 0.118800 0.121100 0.093900 0.070500 0.022500 0.095400 0.203500 0.175400 0.093300 0.179800 0.203500 0.070500 0.103400 0.094500 0.070500 0.071100 0.169300 0.095800 0.095800
Sheep 0.000000 0.293200 0.067300 0.213000 0.070500 0.000000 0.127900 0.021300 0.022500 0.117400 0.021600 0.022000 0.044700 0.095200 0.044300 0.021500 0.174300 0.118300 0.000000 0.022500 0.022800 0.000000 0.145400 0.119500 0.000000 0.090000 0.044700 0.044800 0.043900 0.022700 0.118000 0.123300 0.180600 0.044700 0.045400 0.022100 0.000000 0.093800 0.022400 0.117900 0.145400 0.022000 0.095400 0.117900 0.000000 0.074000 0.022200 0.000000 0.045800 0.090400 0.021700 0.022500
MaxwellsDu 0.127900 0.532900 0.209600 0.426600 0.103400 0.127900 0.000000 0.154400 0.156700 0.215100 0.153300 0.153300 0.181800 0.075500 0.180000 0.153400 0.364300 0.282300 0.127900 0.156700 0.102900 0.127900 0.187600 0.219000 0.127900 0.235400 0.181800 0.182100 0.177700 0.158500 0.216000 0.050500 0.300100 0.181800 0.185400 0.153500 0.127900 0.129200 0.156100 0.215700 0.187600 0.152400 0.190900 0.215700 0.127900 0.169600 0.154500 0.127900 0.129100 0.239300 0.156700 0.156700
GazellaPrz 0.022200 0.323900 0.090300 0.242100 0.094500 0.021300 0.154400 0.000000 0.045200 0.142000 0.044300 0.044300 0.067400 0.119700 0.066700 0.041800 0.200800 0.142900 0.021300 0.045200 0.045900 0.021300 0.170900 0.144500 0.022200 0.113200 0.067400 0.067500 0.066100 0.045600 0.142600 0.148900 0.208300 0.067400 0.068500 0.044400 0.021500 0.118000 0.045000 0.142500 0.170900 0.044200 0.120100 0.142500 0.022200 0.099300 0.044600 0.021600 0.069000 0.113800 0.045200 0.045200
MountainNy 0.022500 0.328400 0.044200 0.245500 0.095800 0.022500 0.156700 0.045200 0.000000 0.118400 0.044800 0.044800 0.068200 0.121300 0.067600 0.044900 0.203600 0.144800 0.022500 0.000000 0.046500 0.022500 0.173400 0.146500 0.022500 0.114400 0.068200 0.021400 0.066900 0.000100 0.119000 0.150900 0.211100 0.068200 0.022300 0.044900 0.022500 0.119700 0.045600 0.144500 0.173400 0.044700 0.121700 0.144500 0.022500 0.100700 0.045200 0.022000 0.069900 0.115200 0.000000 0.000000
MuntiacusM 0.117400 0.362200 0.114400 0.308900 0.202900 0.117400 0.215100 0.142000 0.118400 0.000000 0.141400 0.141400 0.114500 0.173900 0.113800 0.090700 0.143000 0.091200 0.117400 0.118400 0.145600 0.117400 0.068400 0.044000 0.117400 0.217400 0.114500 0.141600 0.112700 0.119000 0.000100 0.206600 0.095700 0.114500 0.143600 0.141100 0.117400 0.229600 0.142600 0.043400 0.068400 0.140200 0.044000 0.043400 0.117400 0.153600 0.142000 0.117400 0.171300 0.065200 0.118400 0.118400
goat 0.021600 0.254900 0.089600 0.212300 0.093800 0.021600 0.153300 0.044300 0.044800 0.141400 0.000000 0.000000 0.066900 0.118800 0.066300 0.044000 0.199200 0.141800 0.022000 0.044800 0.045500 0.021600 0.169700 0.143400 0.022000 0.065200 0.066900 0.067000 0.065600 0.045300 0.141600 0.147700 0.206400 0.066900 0.068000 0.044000 0.022000 0.068000 0.044700 0.141500 0.169700 0.043900 0.119200 0.141500 0.021400 0.098600 0.044300 0.022000 0.068500 0.112900 0.043700 0.044800
AfricanBuf 0.022000 0.254900 0.089600 0.212300 0.093800 0.022000 0.153300 0.044300 0.044800 0.141400 0.000000 0.000000 0.066900 0.118800 0.066300 0.044000 0.199200 0.141800 0.022000 0.044800 0.045500 0.022000 0.169700 0.143400 0.022000 0.064800 0.066900 0.067000 0.065600 0.045300 0.141600 0.147700 0.206400 0.066900 0.068000 0.044000 0.022000 0.068000 0.044700 0.141500 0.169700 0.043900 0.119200 0.141500 0.022000 0.098500 0.044300 0.021400 0.068500 0.112900 0.044800 0.044800
Topi 0.044700 0.354000 0.113700 0.270400 0.118800 0.044700 0.181800 0.067400 0.068200 0.114500 0.066900 0.066900 0.000000 0.144900 0.089300 0.066900 0.169700 0.115900 0.044700 0.068200 0.068800 0.044700 0.142100 0.116400 0.044700 0.137400 0.000000 0.090700 0.088900 0.068600 0.114900 0.121100 0.176400 0.000000 0.091500 0.021800 0.044700 0.142400 0.067700 0.114800 0.142100 0.066900 0.093000 0.114800 0.044700 0.125000 0.067400 0.044700 0.092300 0.088400 0.068200 0.068200
CommonDuik 0.095200 0.450700 0.170300 0.356700 0.123800 0.095200 0.075500 0.119700 0.121300 0.173900 0.118800 0.118800 0.144900 0.000000 0.143500 0.118900 0.304200 0.233600 0.095200 0.121300 0.123400 0.095200 0.205400 0.176900 0.095200 0.194700 0.144900 0.145100 0.141900 0.122600 0.174600 0.072600 0.247000 0.144900 0.147500 0.119100 0.095200 0.148600 0.120900 0.174400 0.205400 0.118300 0.151200 0.174400 0.095200 0.189200 0.119700 0.095500 0.148800 0.196900 0.121300 0.121300
Suni 0.044300 0.318100 0.043300 0.266100 0.117800 0.044300 0.180000 0.066700 0.067600 0.113800 0.066300 0.066300 0.089300 0.143500 0.000000 0.021400 0.116000 0.066800 0.044300 0.067600 0.068400 0.044300 0.140900 0.115300 0.044300 0.135900 0.089300 0.089800 0.042700 0.067900 0.113900 0.173600 0.120300 0.089300 0.044000 0.066400 0.044300 0.141500 0.067100 0.113800 0.140900 0.066100 0.092100 0.113800 0.044300 0.123800 0.066800 0.044300 0.091000 0.087600 0.067600 0.067600
Springbuck 0.022000 0.289400 0.043400 0.239900 0.093900 0.021500 0.153400 0.041800 0.044900 0.090700 0.044000 0.044000 0.066900 0.118900 0.021400 0.000000 0.143600 0.091200 0.021400 0.044900 0.045500 0.021100 0.116900 0.092300 0.022000 0.112200 0.066900 0.067000 0.021200 0.045300 0.091100 0.147800 0.148500 0.066900 0.068000 0.044000 0.021600 0.117200 0.044700 0.091100 0.116900 0.043900 0.069000 0.091100 0.021200 0.098500 0.044300 0.022000 0.068500 0.065600 0.044900 0.044900
Okapi 0.174300 0.367600 0.169800 0.312600 0.270100 0.174300 0.364300 0.200800 0.203600 0.143000 0.199200 0.199200 0.169700 0.304200 0.116000 0.143600 0.000000 0.043900 0.174300 0.203600 0.206300 0.174300 0.173000 0.145400 0.174300 0.283000 0.169700 0.228700 0.166800 0.204700 0.143600 0.348300 0.097900 0.169700 0.172800 0.199800 0.174300 0.298000 0.201400 0.143400 0.173000 0.198400 0.146900 0.143400 0.174300 0.218300 0.200900 0.174300 0.233400 0.114700 0.203600 0.203600
Giraffe 0.118300 0.362700 0.115400 0.309600 0.203600 0.118300 0.282300 0.142900 0.144800 0.091200 0.141800 0.141800 0.115900 0.233600 0.066800 0.091200 0.043900 0.000000 0.118300 0.144800 0.147200 0.118300 0.117500 0.092700 0.118300 0.218900 0.115900 0.168600 0.113500 0.146300 0.091600 0.270900 0.096300 0.115900 0.118100 0.142200 0.118300 0.229400 0.144200 0.091500 0.117500 0.141400 0.093600 0.091500 0.118300 0.154500 0.142900 0.118300 0.172600 0.065900 0.144800 0.144800
TibetanAnt 0.000000 0.293200 0.067300 0.213000 0.070500 0.000000 0.127900 0.021300 0.022500 0.117400 0.022000 0.022000 0.044700 0.095200 0.044300 0.021400 0.174300 0.118300 0.000000 0.022500 0.022800 0.000000 0.145400 0.119500 0.000000 0.090000 0.044700 0.044800 0.043900 0.022700 0.118000 0.123300 0.180600 0.044700 0.045400 0.022100 0.000000 0.093800 0.022400 0.117900 0.145400 0.021300 0.095400 0.117900 0.000000 0.074000 0.022200 0.000000 0.045800 0.090400 0.022500 0.021900
Sitatunga 0.022500 0.328400 0.043700 0.245500 0.095800 0.022500 0.156700 0.045200 0.000000 0.118400 0.044800 0.044800 0.068200 0.121300 0.067600 0.044900 0.203600 0.144800 0.022500 0.000000 0.046500 0.022500 0.173400 0.146500 0.021900 0.114400 0.068200 0.022000 0.066900 0.000100 0.119000 0.150900 0.211100 0.068200 0.022300 0.044700 0.021900 0.119700 0.045600 0.144500 0.173400 0.044700 0.121700 0.144500 0.022500 0.100700 0.045200 0.022500 0.069900 0.115200 0.000000 0.000000
Oribi 0.022800 0.331100 0.092800 0.248000 0.047300 0.022800 0.102900 0.045900 0.046500 0.145600 0.045500 0.045500 0.068800 0.123400 0.068400 0.045500 0.206300 0.147200 0.022800 0.046500 0.000000 0.022800 0.121800 0.148200 0.022800 0.116200 0.068800 0.069400 0.067900 0.046700 0.146200 0.099100 0.214900 0.068800 0.070200 0.045600 0.022800 0.070800 0.046100 0.146100 0.121800 0.045400 0.123200 0.146100 0.022800 0.049700 0.045900 0.022800 0.022900 0.116400 0.046500 0.046500
BarbaryShe 0.000000 0.293200 0.067300 0.213000 0.070500 0.000000 0.127900 0.021300 0.022500 0.117400 0.021600 0.022000 0.044700 0.095200 0.044300 0.021100 0.174300 0.118300 0.000000 0.022500 0.022800 0.000000 0.145400 0.119500 0.000000 0.090000 0.044700 0.044800 0.043900 0.022700 0.118000 0.123300 0.180600 0.044700 0.045400 0.021400 0.000000 0.093800 0.022400 0.117900 0.145400 0.022000 0.095400 0.117900 0.000000 0.074000 0.022200 0.000000 0.045800 0.090400 0.022100 0.021800
Daviddeer 0.145400 0.325600 0.167400 0.348800 0.177200 0.145400 0.187600 0.170900 0.173400 0.068400 0.169700 0.169700 0.142100 0.205400 0.140900 0.116900 0.173000 0.117500 0.145400 0.173400 0.121800 0.145400 0.000000 0.047100 0.145400 0.248100 0.142100 0.197400 0.139300 0.175100 0.068800 0.180000 0.123700 0.142100 0.200800 0.169800 0.145400 0.202800 0.172600 0.022000 0.000000 0.168600 0.070100 0.022000 0.145400 0.128000 0.171000 0.145400 0.146800 0.089900 0.173400 0.172900
Reindeer 0.119500 0.341100 0.141500 0.312100 0.206500 0.119500 0.219000 0.144500 0.146500 0.044000 0.143400 0.143400 0.116400 0.176900 0.115300 0.092300 0.145400 0.092700 0.119500 0.146500 0.148200 0.119500 0.047100 0.000000 0.119500 0.220600 0.116400 0.170400 0.114600 0.147100 0.044000 0.210100 0.097500 0.116400 0.172200 0.143600 0.119500 0.232800 0.145100 0.022000 0.047100 0.142600 0.045000 0.021200 0.119500 0.156600 0.144500 0.119500 0.173700 0.066300 0.146500 0.146500
Ibex 0.000000 0.293200 0.067300 0.213000 0.070500 0.000000 0.127900 0.022200 0.022500 0.117400 0.022000 0.022000 0.044700 0.095200 0.044300 0.022000 0.174300 0.118300 0.000000 0.021900 0.022800 0.000000 0.145400 0.119500 0.000000 0.090000 0.044700 0.044800 0.043900 0.022700 0.118000 0.123300 0.180600 0.044700 0.045400 0.021400 0.000000 0.093800 0.022400 0.117900 0.145400 0.021500 0.095400 0.117900 0.000000 0.074000 0.022200 0.000000 0.045800 0.090400 0.021900 0.022500
GyrantGaze 0.090000 0.244200 0.160500 0.301400 0.167300 0.090000 0.235400 0.113200 0.114400 0.217400 0.065200 0.064800 0.137400 0.194700 0.135900 0.112200 0.283000 0.218900 0.090000 0.114400 0.116200 0.090000 0.248100 0.220600 0.090000 0.000000 0.137400 0.137200 0.086600 0.115600 0.217700 0.227500 0.293500 0.137400 0.139400 0.112700 0.090000 0.138100 0.113900 0.217400 0.248100 0.065100 0.195600 0.217400 0.090000 0.145200 0.113200 0.090000 0.140400 0.185400 0.114400 0.114400
Hartebeest 0.044700 0.354000 0.113700 0.270400 0.118800 0.044700 0.181800 0.067400 0.068200 0.114500 0.066900 0.066900 0.000000 0.144900 0.089300 0.066900 0.169700 0.115900 0.044700 0.068200 0.068800 0.044700 0.142100 0.116400 0.044700 0.137400 0.000000 0.090700 0.088900 0.068600 0.114900 0.121100 0.176400 0.000000 0.091500 0.021800 0.044700 0.142400 0.067700 0.114800 0.142100 0.066900 0.093000 0.114800 0.044700 0.125000 0.067400 0.044700 0.092300 0.088400 0.068200 0.068200
Bongo 0.044800 0.356400 0.066000 0.272300 0.119200 0.044800 0.182100 0.067500 0.021400 0.141600 0.067000 0.067000 0.090700 0.145100 0.089800 0.067000 0.228700 0.168600 0.044800 0.022000 0.069400 0.044800 0.197400 0.170400 0.044800 0.137200 0.090700 0.000000 0.089000 0.022200 0.142300 0.175500 0.237300 0.090700 0.044500 0.067100 0.044800 0.142900 0.068100 0.168100 0.197400 0.066900 0.145600 0.168100 0.044800 0.125300 0.067500 0.044800 0.045100 0.138000 0.021600 0.022000
Gerenuk 0.043900 0.313900 0.064800 0.265100 0.116500 0.043900 0.177700 0.066100 0.066900 0.112700 0.065600 0.065600 0.088900 0.141900 0.042700 0.021200 0.166800 0.113500 0.043900 0.066900 0.067900 0.043900 0.139300 0.114600 0.043900 0.086600 0.088900 0.089000 0.000000 0.067500 0.113200 0.171500 0.172300 0.088900 0.090200 0.064900 0.042700 0.139700 0.066700 0.113100 0.139300 0.020600 0.091600 0.113100 0.043900 0.122400 0.066100 0.043900 0.090900 0.087000 0.065500 0.066900
CommonElan 0.022700 0.330700 0.044600 0.246500 0.096800 0.022700 0.158500 0.045600 0.000100 0.119000 0.045300 0.045300 0.068600 0.122600 0.067900 0.045300 0.204700 0.146300 0.022700 0.000100 0.046700 0.022700 0.175100 0.147100 0.022700 0.115600 0.068600 0.022200 0.067500 0.000000 0.119500 0.152600 0.213100 0.068600 0.022400 0.045300 0.022700 0.120900 0.045800 0.145100 0.175100 0.045100 0.122200 0.145100 0.022700 0.101800 0.045600 0.022700 0.070200 0.115800 0.000100 0.000100
MuntiacusR 0.118000 0.362000 0.115000 0.307500 0.203700 0.118000 0.216000 0.142600 0.119000 0.000100 0.141600 0.141600 0.114900 0.174600 0.113900 0.091100 0.143600 0.091600 0.118000 0.119000 0.146200 0.118000 0.068800 0.044000 0.118000 0.217700 0.114900 0.142300 0.113200 0.119500 0.000000 0.207400 0.096100 0.114900 0.143800 0.141700 0.118000 0.229700 0.143300 0.043000 0.068800 0.140800 0.044200 0.043400 0.118000 0.154400 0.142700 0.118000 0.171500 0.065500 0.119000 0.119000
HarveysDui 0.123300 0.508000 0.201900 0.406900 0.099400 0.123300 0.050500 0.148900 0.150900 0.206600 0.147700 0.147700 0.121100 0.072600 0.173600 0.147800 0.348300 0.270900 0.123300 0.150900 0.099100 0.123300 0.180000 0.210100 0.123300 0.227500 0.121100 0.175500 0.171500 0.152600 0.207400 0.000000 0.287400 0.121100 0.178500 0.095600 0.123300 0.124100 0.150300 0.207100 0.180000 0.147100 0.183400 0.207100 0.123300 0.162600 0.148900 0.123300 0.124400 0.230400 0.150900 0.150600
Pronghorn 0.180600 0.385600 0.175700 0.247200 0.280800 0.180600 0.300100 0.208300 0.211100 0.095700 0.206400 0.206400 0.176400 0.247000 0.120300 0.148500 0.097900 0.096300 0.180600 0.211100 0.214900 0.180600 0.123700 0.097500 0.180600 0.293500 0.176400 0.237300 0.172300 0.213100 0.096100 0.287400 0.000000 0.176400 0.180100 0.207100 0.180600 0.309800 0.209700 0.096100 0.123700 0.205400 0.098300 0.096100 0.180600 0.227200 0.208300 0.180600 0.243600 0.118900 0.211100 0.211100
BlueWildeb 0.044700 0.354000 0.113700 0.270400 0.118800 0.044700 0.181800 0.067400 0.068200 0.114500 0.066900 0.066900 0.000000 0.144900 0.089300 0.066900 0.169700 0.115900 0.044700 0.068200 0.068800 0.044700 0.142100 0.116400 0.044700 0.137400 0.000000 0.090700 0.088900 0.068600 0.114900 0.121100 0.176400 0.000000 0.091500 0.021800 0.044700 0.142400 0.067700 0.114800 0.142100 0.066900 0.093000 0.114800 0.044700 0.125000 0.067400 0.044700 0.092300 0.088400 0.068200 0.068200
Gemsbok 0.045400 0.362600 0.044200 0.273900 0.121100 0.045400 0.185400 0.068500 0.022300 0.143600 0.068000 0.068000 0.091500 0.147500 0.044000 0.068000 0.172800 0.118100 0.045400 0.022300 0.070200 0.045400 0.200800 0.172200 0.045400 0.139400 0.091500 0.044500 0.090200 0.022400 0.143800 0.178500 0.180100 0.091500 0.000000 0.068100 0.045400 0.145500 0.068800 0.169900 0.200800 0.067800 0.147100 0.169900 0.045400 0.127300 0.068500 0.045400 0.093600 0.139700 0.022300 0.022300
Yak 0.021400 0.321700 0.089700 0.240400 0.093900 0.022100 0.153500 0.044400 0.044900 0.141100 0.044000 0.044000 0.021800 0.119100 0.066400 0.044000 0.199800 0.142200 0.022100 0.044700 0.045600 0.021400 0.169800 0.143600 0.021400 0.112700 0.021800 0.067100 0.064900 0.045300 0.141700 0.095600 0.207100 0.021800 0.068100 0.000000 0.022100 0.117200 0.044800 0.141600 0.169800 0.044000 0.119400 0.141600 0.021100 0.098700 0.044400 0.022100 0.068600 0.113200 0.044900 0.044900
BlueSheep 0.000000 0.293200 0.067300 0.213000 0.070500 0.000000 0.127900 0.021500 0.022500 0.117400 0.022000 0.022000 0.044700 0.095200 0.044300 0.021600 0.174300 0.118300 0.000000 0.021900 0.022800 0.000000 0.145400 0.119500 0.000000 0.090000 0.044700 0.044800 0.042700 0.022700 0.118000 0.123300 0.180600 0.044700 0.045400 0.022100 0.000000 0.093800 0.022400 0.117900 0.145100 0.021700 0.095400 0.117900 0.000000 0.074000 0.022200 0.000000 0.045800 0.090400 0.022000 0.022500
BohorReedb 0.093800 0.361400 0.167900 0.319000 0.022500 0.093800 0.129200 0.118000 0.119700 0.229600 0.068000 0.068000 0.142400 0.148600 0.141500 0.117200 0.298000 0.229400 0.093800 0.119700 0.070800 0.093800 0.202800 0.232800 0.093800 0.138100 0.142400 0.142900 0.139700 0.120900 0.229700 0.124100 0.309800 0.142400 0.145500 0.117200 0.093800 0.000000 0.119200 0.229500 0.202800 0.116500 0.205700 0.229500 0.093800 0.128400 0.118000 0.093800 0.094800 0.193700 0.119700 0.119700
KirksDik 0.022400 0.324500 0.091100 0.242800 0.095400 0.022400 0.156100 0.045000 0.045600 0.142600 0.044700 0.044700 0.067700 0.120900 0.067100 0.044700 0.201400 0.144200 0.022400 0.045600 0.046100 0.022400 0.172600 0.145100 0.022400 0.113900 0.067700 0.068100 0.066700 0.045800 0.143300 0.150300 0.209700 0.067700 0.068800 0.044800 0.022400 0.119200 0.000000 0.143100 0.172600 0.044600 0.120600 0.143100 0.022400 0.100200 0.045000 0.022400 0.069300 0.114300 0.045600 0.045600
RoeDeer 0.117900 0.288000 0.139600 0.307000 0.203500 0.117900 0.215700 0.142500 0.144500 0.043400 0.141500 0.141500 0.114800 0.174400 0.113800 0.091100 0.143400 0.091500 0.117900 0.144500 0.146100 0.117900 0.022000 0.022000 0.117900 0.217400 0.114800 0.168100 0.113100 0.145100 0.043000 0.207100 0.096100 0.114800 0.169900 0.141600 0.117900 0.229500 0.143100 0.000000 0.022000 0.140700 0.044400 0.000000 0.117900 0.154300 0.142600 0.117900 0.171300 0.065500 0.144500 0.144500
WhiteLippe 0.145400 0.325600 0.167400 0.348800 0.175400 0.145400 0.187600 0.170900 0.173400 0.068400 0.169700 0.169700 0.142100 0.205400 0.140900 0.116900 0.173000 0.117500 0.145400 0.173400 0.121800 0.145400 0.000000 0.047100 0.145400 0.248100 0.142100 0.197400 0.139300 0.175100 0.068800 0.180000 0.123700 0.142100 0.200800 0.169800 0.145100 0.202800 0.172600 0.022000 0.000000 0.168600 0.070100 0.022000 0.145400 0.128000 0.171000 0.145400 0.146800 0.089900 0.173400 0.173400
ThomsonGaz 0.022000 0.318100 0.089300 0.238300 0.093300 0.022000 0.152400 0.044200 0.044700 0.140200 0.043900 0.043900 0.066900 0.118300 0.066100 0.043900 0.198400 0.141400 0.021300 0.044700 0.045400 0.022000 0.168600 0.142600 0.021500 0.065100 0.066900 0.066900 0.020600 0.045100 0.140800 0.147100 0.205400 0.066900 0.067800 0.044000 0.021700 0.116500 0.044600 0.140700 0.168600 0.000000 0.118700 0.140700 0.022000 0.098100 0.044200 0.022000 0.068300 0.112600 0.044700 0.044700
MuntiacusC 0.095400 0.371100 0.117500 0.315300 0.179800 0.095400 0.190900 0.120100 0.121700 0.044000 0.119200 0.119200 0.093000 0.151200 0.092100 0.069000 0.146900 0.093600 0.095400 0.121700 0.123200 0.095400 0.070100 0.045000 0.095400 0.195600 0.093000 0.145600 0.091600 0.122200 0.044200 0.183400 0.098300 0.093000 0.147100 0.119400 0.095400 0.205700 0.120600 0.044400 0.070100 0.118700 0.000000 0.044400 0.095400 0.157900 0.120100 0.095400 0.148500 0.066800 0.121700 0.121700
WhiteTaile 0.117900 0.288000 0.139600 0.307000 0.203500 0.117900 0.215700 0.142500 0.144500 0.043400 0.141500 0.141500 0.114800 0.174400 0.113800 0.091100 0.143400 0.091500 0.117900 0.144500 0.146100 0.117900 0.022000 0.021200 0.117900 0.217400 0.114800 0.168100 0.113100 0.145100 0.043400 0.207100 0.096100 0.114800 0.169900 0.141600 0.117900 0.229500 0.143100 0.000000 0.022000 0.140700 0.044400 0.000000 0.117900 0.154300 0.142600 0.117900 0.171300 0.065500 0.144500 0.144500
Cattle 0.000000 0.293200 0.067300 0.213000 0.070500 0.000000 0.127900 0.022200 0.022500 0.117400 0.021400 0.022000 0.044700 0.095200 0.044300 0.021200 0.174300 0.118300 0.000000 0.022500 0.022800 0.000000 0.145400 0.119500 0.000000 0.090000 0.044700 0.044800 0.043900 0.022700 0.118000 0.123300 0.180600 0.044700 0.045400 0.021100 0.000000 0.093800 0.022400 0.117900 0.145400 0.022000 0.095400 0.117900 0.000000 0.074000 0.021300 0.000000 0.045800 0.090400 0.022500 0.022500
RoyalAntel 0.074000 0.313100 0.151100 0.264500 0.103400 0.074000 0.169600 0.099300 0.100700 0.153600 0.098600 0.098500 0.125000 0.189200 0.123800 0.098500 0.218300 0.154500 0.074000 0.100700 0.049700 0.074000 0.128000 0.156600 0.074000 0.145200 0.125000 0.125300 0.122400 0.101800 0.154400 0.162600 0.227200 0.125000 0.127300 0.098700 0.074000 0.128400 0.100200 0.154300 0.128000 0.098100 0.157900 0.154300 0.074000 0.000000 0.099300 0.074000 0.074700 0.122500 0.100700 0.100700
Steenbok 0.022200 0.324000 0.090300 0.242200 0.094500 0.022200 0.154500 0.044600 0.045200 0.142000 0.044300 0.044300 0.067400 0.119700 0.066800 0.044300 0.200900 0.142900 0.022200 0.045200 0.045900 0.022200 0.171000 0.144500 0.022200 0.113200 0.067400 0.067500 0.066100 0.045600 0.142700 0.148900 0.208300 0.067400 0.068500 0.044400 0.022200 0.118000 0.045000 0.142600 0.171000 0.044200 0.120100 0.142600 0.021300 0.099300 0.000000 0.021400 0.069000 0.113800 0.045200 0.045200
Impala 0.000000 0.293200 0.067300 0.213000 0.070500 0.000000 0.127900 0.021600 0.022000 0.117400 0.022000 0.021400 0.044700 0.095500 0.044300 0.022000 0.174300 0.118300 0.000000 0.022500 0.022800 0.000000 0.145400 0.119500 0.000000 0.090000 0.044700 0.044800 0.043900 0.022700 0.118000 0.123300 0.180600 0.044700 0.045400 0.022100 0.000000 0.093800 0.022400 0.117900 0.145400 0.022000 0.095400 0.117900 0.000000 0.074000 0.021400 0.000000 0.045800 0.090400 0.021600 0.022500
Klipspring 0.045800 0.365600 0.116400 0.276800 0.071100 0.045800 0.129100 0.069000 0.069900 0.171300 0.068500 0.068500 0.092300 0.148800 0.091000 0.068500 0.233400 0.172600 0.045800 0.069900 0.022900 0.045800 0.146800 0.173700 0.045800 0.140400 0.092300 0.045100 0.090900 0.070200 0.171500 0.124400 0.243600 0.092300 0.093600 0.068600 0.045800 0.094800 0.069300 0.171300 0.146800 0.068300 0.148500 0.171300 0.045800 0.074700 0.069000 0.045800 0.000000 0.140500 0.069900 0.069900
ForestMusk 0.090400 0.313700 0.111800 0.264800 0.169300 0.090400 0.239300 0.113800 0.115200 0.065200 0.112900 0.112900 0.088400 0.196900 0.087600 0.065600 0.114700 0.065900 0.090400 0.115200 0.116400 0.090400 0.089900 0.066300 0.090400 0.185400 0.088400 0.138000 0.087000 0.115800 0.065500 0.230400 0.118900 0.088400 0.139700 0.113200 0.090400 0.193700 0.114300 0.065500 0.089900 0.112600 0.066800 0.065500 0.090400 0.122500 0.113800 0.090400 0.140500 0.000000 0.115200 0.115200
Bushbuck 0.021600 0.328400 0.044200 0.245500 0.095800 0.021700 0.156700 0.045200 0.000000 0.118400 0.043700 0.044800 0.068200 0.121300 0.067600 0.044900 0.203600 0.144800 0.022500 0.000000 0.046500 0.022100 0.173400 0.146500 0.021900 0.114400 0.068200 0.021600 0.065500 0.000100 0.119000 0.150900 0.211100 0.068200 0.022300 0.044900 0.022000 0.119700 0.045600 0.144500 0.173400 0.044700 0.121700 0.144500 0.022500 0.100700 0.045200 0.021600 0.069900 0.115200 0.000000 0.000000
GreaterKud 0.021700 0.328400 0.043200 0.245500 0.095800 0.022500 0.156700 0.045200 0.000000 0.118400 0.044800 0.044800 0.068200 0.121300 0.067600 0.044900 0.203600 0.144800 0.021900 0.000000 0.046500 0.021800 0.172900 0.146500 0.022500 0.114400 0.068200 0.022000 0.066900 0.000100 0.119000 0.150600 0.211100 0.068200 0.022300 0.044900 0.022500 0.119700 0.045600 0.144500 0.173400 0.044700 0.121700 0.144500 0.022500 0.100700 0.045200 0.022500 0.069900 0.115200 0.000000 0.000000
