CODONML (in paml version 4.10.7, June 2023)  /home/rachel/ruminants_paml/6406-phy-tree/ENSBTAT00000020904.fasta.phy
Model: free dN/dS Ratios for branches,  kappa = 2.000 fixed

Codon frequency model: F3x4
ns =  54  ls =  37

Codon usage in sequences
--------------------------------------------------------------------------------------------------------------------------------------
Phe TTT   1   0   0   0   0   0 | Ser TCT   1   2   1   1   1   1 | Tyr TAT   0   0   0   0   0   0 | Cys TGT   0   0   0   0   0   0
    TTC   0   1   1   1   1   1 |     TCC   0   0   0   0   1   0 |     TAC   0   0   0   0   0   0 |     TGC   0   0   0   0   0   0
Leu TTA   0   0   0   0   0   0 |     TCA   0   0   0   0   0   1 | *** TAA   0   0   0   0   0   0 | *** TGA   0   0   0   0   0   0
    TTG   0   0   0   0   0   0 |     TCG   0   0   0   0   0   0 |     TAG   0   0   0   0   0   0 | Trp TGG   0   0   0   0   0   0
--------------------------------------------------------------------------------------------------------------------------------------
Leu CTT   2   2   2   2   2   2 | Pro CCT   1   0   1   0   0   0 | His CAT   0   0   0   0   0   0 | Arg CGT   0   0   0   0   0   0
    CTC   0   0   0   0   0   0 |     CCC   0   0   0   0   0   0 |     CAC   0   0   0   0   0   0 |     CGC   0   0   0   0   0   0
    CTA   0   0   0   0   0   0 |     CCA   1   1   1   1   1   1 | Gln CAA   0   0   0   0   0   0 |     CGA   0   0   0   0   0   0
    CTG   0   0   0   0   0   0 |     CCG   0   0   0   0   0   0 |     CAG   0   0   0   0   0   0 |     CGG   0   0   0   0   0   0
--------------------------------------------------------------------------------------------------------------------------------------
Ile ATT   1   1   1   1   1   1 | Thr ACT   0   0   0   2   0   0 | Asn AAT   0   1   0   0   0   0 | Ser AGT   0   0   0   0   0   0
    ATC   2   1   2   2   2   1 |     ACC   1   0   1   0   1   1 |     AAC   2   1   2   2   2   2 |     AGC   1   1   1   1   1   1
    ATA   0   1   0   0   0   1 |     ACA   0   1   0   0   0   0 | Lys AAA   1   1   1   1   1   1 | Arg AGA   0   0   0   0   0   0
Met ATG   1   1   1   1   1   2 |     ACG   1   1   1   1   1   1 |     AAG   1   1   1   1   1   1 |     AGG   0   0   0   0   0   0
--------------------------------------------------------------------------------------------------------------------------------------
Val GTT   1   1   1   1   1   1 | Ala GCT   0   0   0   0   0   0 | Asp GAT   1   1   1   1   1   1 | Gly GGT   0   0   0   0   0   0
    GTC   0   0   0   0   0   0 |     GCC   1   1   1   1   1   1 |     GAC   0   0   0   0   0   0 |     GGC   1   2   1   1   1   2
    GTA   0   1   0   1   0   0 |     GCA   2   2   2   2   2   2 | Glu GAA   1   2   1   1   1   1 |     GGA   4   3   4   4   4   3
    GTG   5   4   5   4   5   4 |     GCG   0   0   0   0   0   0 |     GAG   3   2   3   3   3   3 |     GGG   1   1   1   1   1   1
--------------------------------------------------------------------------------------------------------------------------------------

--------------------------------------------------------------------------------------------------------------------------------------
Phe TTT   0   1   0   0   0   0 | Ser TCT   1   1   1   1   1   2 | Tyr TAT   0   0   0   0   0   0 | Cys TGT   0   0   0   0   0   0
    TTC   1   0   1   1   1   1 |     TCC   0   0   0   0   0   0 |     TAC   0   0   0   0   0   0 |     TGC   0   0   0   0   0   0
Leu TTA   0   0   0   0   0   0 |     TCA   0   0   0   0   0   0 | *** TAA   0   0   0   0   0   0 | *** TGA   0   0   0   0   0   0
    TTG   0   0   0   0   0   0 |     TCG   0   0   0   0   0   0 |     TAG   0   0   0   0   0   0 | Trp TGG   0   0   0   0   0   0
--------------------------------------------------------------------------------------------------------------------------------------
Leu CTT   2   2   2   2   2   2 | Pro CCT   1   1   1   1   1   0 | His CAT   0   0   0   0   0   0 | Arg CGT   0   0   0   0   0   0
    CTC   0   0   0   0   0   0 |     CCC   0   0   0   0   0   0 |     CAC   0   0   0   0   0   0 |     CGC   0   0   0   0   0   0
    CTA   0   0   0   0   0   0 |     CCA   1   1   1   1   1   1 | Gln CAA   0   0   0   0   0   0 |     CGA   0   0   0   0   0   0
    CTG   0   0   0   0   0   0 |     CCG   0   0   0   0   0   0 |     CAG   0   0   0   0   0   0 |     CGG   0   0   0   0   0   0
--------------------------------------------------------------------------------------------------------------------------------------
Ile ATT   1   1   1   1   1   1 | Thr ACT   1   0   0   0   1   0 | Asn AAT   0   0   0   1   0   0 | Ser AGT   0   0   0   0   0   0
    ATC   2   2   2   2   2   2 |     ACC   0   1   1   1   0   1 |     AAC   2   2   2   1   2   2 |     AGC   1   1   1   1   1   1
    ATA   0   0   0   0   0   0 |     ACA   0   0   0   1   0   0 | Lys AAA   1   1   1   1   1   1 | Arg AGA   0   0   0   0   0   0
Met ATG   1   1   1   1   1   1 |     ACG   1   1   1   0   1   1 |     AAG   1   1   1   1   1   1 |     AGG   0   0   0   0   0   0
--------------------------------------------------------------------------------------------------------------------------------------
Val GTT   1   1   1   1   1   1 | Ala GCT   0   0   0   0   0   0 | Asp GAT   1   1   1   1   1   1 | Gly GGT   0   0   0   0   0   0
    GTC   0   0   0   0   0   0 |     GCC   1   1   1   1   1   1 |     GAC   0   0   0   0   0   0 |     GGC   1   1   1   1   1   1
    GTA   0   0   0   0   0   1 |     GCA   2   2   2   2   2   2 | Glu GAA   1   1   1   1   1   1 |     GGA   4   4   4   4   5   4
    GTG   5   5   5   5   5   4 |     GCG   0   0   0   0   0   0 |     GAG   3   3   3   3   3   3 |     GGG   1   1   1   1   0   1
--------------------------------------------------------------------------------------------------------------------------------------

--------------------------------------------------------------------------------------------------------------------------------------
Phe TTT   0   0   0   0   0   0 | Ser TCT   1   2   1   1   1   1 | Tyr TAT   0   0   0   0   0   0 | Cys TGT   0   0   0   0   0   0
    TTC   1   1   1   1   1   1 |     TCC   0   0   0   0   0   0 |     TAC   0   0   0   0   0   0 |     TGC   0   0   0   0   0   0
Leu TTA   0   0   0   0   0   0 |     TCA   0   0   0   0   0   0 | *** TAA   0   0   0   0   0   0 | *** TGA   0   0   0   0   0   0
    TTG   0   0   0   0   0   0 |     TCG   0   0   0   0   0   0 |     TAG   0   0   0   0   0   0 | Trp TGG   0   0   0   0   0   0
--------------------------------------------------------------------------------------------------------------------------------------
Leu CTT   2   2   2   2   2   2 | Pro CCT   1   0   1   1   1   1 | His CAT   0   0   0   0   0   0 | Arg CGT   0   0   0   0   0   0
    CTC   0   0   0   0   0   0 |     CCC   0   0   0   0   0   0 |     CAC   0   0   0   0   0   0 |     CGC   0   0   0   0   0   0
    CTA   0   0   0   0   0   0 |     CCA   1   1   1   1   1   1 | Gln CAA   0   0   0   0   0   0 |     CGA   0   0   0   0   0   0
    CTG   0   0   0   0   0   0 |     CCG   0   0   0   0   0   0 |     CAG   0   0   0   0   0   0 |     CGG   0   0   0   0   0   0
--------------------------------------------------------------------------------------------------------------------------------------
Ile ATT   1   1   1   1   1   1 | Thr ACT   0   0   0   0   1   0 | Asn AAT   0   0   0   0   1   0 | Ser AGT   0   0   0   0   0   0
    ATC   2   2   2   2   2   2 |     ACC   1   1   1   1   0   1 |     AAC   2   2   2   2   1   2 |     AGC   1   1   1   1   1   1
    ATA   0   0   0   0   0   0 |     ACA   0   0   0   0   0   1 | Lys AAA   1   1   1   1   1   1 | Arg AGA   0   0   0   0   0   0
Met ATG   1   1   1   1   1   1 |     ACG   1   1   1   1   1   0 |     AAG   1   1   1   1   1   1 |     AGG   0   0   0   0   0   0
--------------------------------------------------------------------------------------------------------------------------------------
Val GTT   1   1   1   1   1   1 | Ala GCT   0   0   0   0   0   0 | Asp GAT   1   1   1   1   1   1 | Gly GGT   0   0   0   0   0   0
    GTC   0   0   0   0   0   0 |     GCC   1   1   1   1   1   1 |     GAC   0   0   0   0   0   0 |     GGC   1   1   1   1   1   1
    GTA   0   1   0   0   0   0 |     GCA   2   2   2   2   2   2 | Glu GAA   1   1   1   1   1   1 |     GGA   4   4   4   4   4   3
    GTG   5   4   5   5   5   5 |     GCG   0   0   0   0   0   0 |     GAG   3   3   3   3   3   3 |     GGG   1   1   1   1   1   2
--------------------------------------------------------------------------------------------------------------------------------------

--------------------------------------------------------------------------------------------------------------------------------------
Phe TTT   0   0   0   0   0   0 | Ser TCT   1   1   1   1   2   1 | Tyr TAT   0   0   0   0   0   0 | Cys TGT   0   0   0   0   0   0
    TTC   1   1   1   1   1   1 |     TCC   0   0   0   0   0   0 |     TAC   0   0   0   0   0   0 |     TGC   0   0   0   0   0   0
Leu TTA   0   0   0   0   0   0 |     TCA   0   0   0   0   0   0 | *** TAA   0   0   0   0   0   0 | *** TGA   0   0   0   0   0   0
    TTG   0   0   0   0   0   0 |     TCG   0   0   0   0   0   0 |     TAG   0   0   0   0   0   0 | Trp TGG   0   0   0   0   0   0
--------------------------------------------------------------------------------------------------------------------------------------
Leu CTT   2   2   2   2   2   2 | Pro CCT   1   1   1   1   0   1 | His CAT   0   0   0   0   0   0 | Arg CGT   0   0   0   0   0   0
    CTC   0   0   0   0   0   0 |     CCC   0   0   0   0   0   0 |     CAC   0   0   0   0   0   0 |     CGC   0   0   0   0   0   0
    CTA   0   0   0   0   0   0 |     CCA   1   1   1   1   1   1 | Gln CAA   0   0   0   0   0   0 |     CGA   0   0   0   0   0   0
    CTG   0   0   0   0   0   0 |     CCG   0   0   0   0   0   0 |     CAG   0   0   0   0   0   0 |     CGG   0   0   0   0   0   0
--------------------------------------------------------------------------------------------------------------------------------------
Ile ATT   1   1   1   1   1   1 | Thr ACT   0   0   0   1   0   0 | Asn AAT   0   0   0   0   0   0 | Ser AGT   0   0   0   0   0   0
    ATC   2   1   2   2   2   2 |     ACC   1   0   1   0   1   1 |     AAC   2   2   2   2   2   2 |     AGC   1   1   1   1   1   1
    ATA   0   0   0   0   0   0 |     ACA   0   0   0   0   0   0 | Lys AAA   1   1   1   1   1   1 | Arg AGA   0   0   0   0   0   0
Met ATG   1   1   1   1   1   1 |     ACG   1   1   1   1   1   1 |     AAG   1   1   1   1   1   1 |     AGG   0   0   0   0   0   0
--------------------------------------------------------------------------------------------------------------------------------------
Val GTT   2   2   1   1   1   1 | Ala GCT   0   0   0   0   0   0 | Asp GAT   1   1   1   1   1   1 | Gly GGT   0   0   0   0   0   0
    GTC   0   1   0   0   0   0 |     GCC   1   2   1   1   1   1 |     GAC   0   0   0   0   0   0 |     GGC   1   1   1   1   1   1
    GTA   0   0   1   0   0   0 |     GCA   2   2   2   2   2   2 | Glu GAA   1   1   1   1   1   1 |     GGA   4   4   4   5   4   4
    GTG   4   4   4   5   5   5 |     GCG   0   0   0   0   0   0 |     GAG   3   3   3   3   3   3 |     GGG   1   1   1   0   1   1
--------------------------------------------------------------------------------------------------------------------------------------

--------------------------------------------------------------------------------------------------------------------------------------
Phe TTT   0   0   0   0   0   0 | Ser TCT   2   2   1   1   1   1 | Tyr TAT   0   0   0   0   0   0 | Cys TGT   0   0   0   0   0   0
    TTC   1   1   1   1   1   1 |     TCC   0   0   0   0   0   0 |     TAC   0   0   0   0   0   0 |     TGC   0   0   0   0   0   0
Leu TTA   0   0   0   0   0   0 |     TCA   0   0   0   0   0   0 | *** TAA   0   0   0   0   0   0 | *** TGA   0   0   0   0   0   0
    TTG   0   0   0   0   0   0 |     TCG   0   0   0   0   0   0 |     TAG   0   0   0   0   0   0 | Trp TGG   0   0   0   0   0   0
--------------------------------------------------------------------------------------------------------------------------------------
Leu CTT   2   2   2   2   2   2 | Pro CCT   0   0   1   1   1   1 | His CAT   0   0   0   0   0   0 | Arg CGT   0   0   0   0   0   0
    CTC   0   0   0   0   0   0 |     CCC   0   0   0   0   0   0 |     CAC   0   0   0   0   0   0 |     CGC   0   0   0   0   0   0
    CTA   0   0   0   0   0   0 |     CCA   1   1   1   0   1   1 | Gln CAA   0   0   0   0   0   0 |     CGA   0   0   0   0   0   0
    CTG   0   0   0   0   0   0 |     CCG   0   0   0   1   0   0 |     CAG   0   0   0   0   0   0 |     CGG   0   0   0   0   0   0
--------------------------------------------------------------------------------------------------------------------------------------
Ile ATT   1   1   1   1   1   1 | Thr ACT   0   0   1   0   0   0 | Asn AAT   0   0   0   0   0   0 | Ser AGT   0   0   0   0   0   0
    ATC   2   2   2   2   2   2 |     ACC   1   1   0   1   1   1 |     AAC   2   2   2   2   2   2 |     AGC   1   1   1   1   1   1
    ATA   0   0   0   0   0   0 |     ACA   0   0   0   1   0   0 | Lys AAA   1   1   1   1   1   1 | Arg AGA   0   0   0   0   0   0
Met ATG   1   1   1   1   1   1 |     ACG   1   1   1   0   1   1 |     AAG   1   1   1   1   1   1 |     AGG   0   0   0   0   0   0
--------------------------------------------------------------------------------------------------------------------------------------
Val GTT   1   1   1   1   1   1 | Ala GCT   0   0   0   0   0   0 | Asp GAT   1   1   1   1   1   1 | Gly GGT   0   0   0   0   0   0
    GTC   0   0   0   0   0   0 |     GCC   1   1   1   1   1   1 |     GAC   0   0   0   0   0   0 |     GGC   1   1   1   1   1   1
    GTA   1   1   0   0   0   0 |     GCA   2   2   2   2   2   2 | Glu GAA   1   1   1   1   1   1 |     GGA   4   4   4   4   4   5
    GTG   4   4   5   5   5   5 |     GCG   0   0   0   0   0   0 |     GAG   3   3   3   3   3   3 |     GGG   1   1   1   1   1   0
--------------------------------------------------------------------------------------------------------------------------------------

--------------------------------------------------------------------------------------------------------------------------------------
Phe TTT   0   0   0   0   0   0 | Ser TCT   1   1   2   1   1   1 | Tyr TAT   0   0   0   0   0   0 | Cys TGT   0   0   0   0   1   0
    TTC   1   1   1   1   1   1 |     TCC   0   0   0   0   0   0 |     TAC   0   0   0   0   0   0 |     TGC   0   0   0   0   0   0
Leu TTA   0   0   0   0   0   0 |     TCA   0   0   0   0   0   0 | *** TAA   0   0   0   0   0   0 | *** TGA   0   0   0   0   0   0
    TTG   0   0   0   0   0   0 |     TCG   0   0   0   0   0   0 |     TAG   0   0   0   0   0   0 | Trp TGG   0   0   0   0   0   0
--------------------------------------------------------------------------------------------------------------------------------------
Leu CTT   2   2   2   2   3   2 | Pro CCT   1   1   0   1   0   1 | His CAT   0   0   0   0   0   0 | Arg CGT   0   0   0   0   0   0
    CTC   0   0   0   0   0   0 |     CCC   0   0   0   0   0   0 |     CAC   0   0   0   0   0   0 |     CGC   0   0   0   0   0   0
    CTA   0   0   0   0   0   0 |     CCA   1   1   1   1   1   1 | Gln CAA   0   0   0   0   0   0 |     CGA   0   0   0   0   0   0
    CTG   0   0   0   0   1   0 |     CCG   0   0   0   0   0   0 |     CAG   0   0   0   0   0   0 |     CGG   0   0   0   0   0   0
--------------------------------------------------------------------------------------------------------------------------------------
Ile ATT   1   1   1   1   1   1 | Thr ACT   0   0   1   0   0   0 | Asn AAT   0   0   0   0   0   0 | Ser AGT   0   0   0   0   0   0
    ATC   2   2   2   2   2   2 |     ACC   1   1   1   1   2   1 |     AAC   2   2   2   2   2   2 |     AGC   1   1   1   1   1   1
    ATA   0   0   0   0   0   0 |     ACA   1   0   0   0   0   0 | Lys AAA   1   1   1   1   1   1 | Arg AGA   0   0   0   0   0   0
Met ATG   1   1   1   1   1   1 |     ACG   0   1   0   1   1   1 |     AAG   1   1   1   1   1   1 |     AGG   0   0   0   0   0   0
--------------------------------------------------------------------------------------------------------------------------------------
Val GTT   1   1   1   1   1   1 | Ala GCT   0   0   0   0   0   0 | Asp GAT   1   1   1   1   1   1 | Gly GGT   1   0   0   0   0   0
    GTC   0   0   0   0   0   0 |     GCC   1   1   1   1   0   1 |     GAC   0   0   0   0   0   0 |     GGC   0   1   1   1   1   1
    GTA   0   0   1   0   0   0 |     GCA   2   2   2   2   2   2 | Glu GAA   1   1   1   1   1   1 |     GGA   4   4   4   4   4   4
    GTG   5   5   4   5   3   5 |     GCG   0   0   0   0   0   0 |     GAG   3   3   3   3   3   3 |     GGG   1   1   1   1   1   1
--------------------------------------------------------------------------------------------------------------------------------------

--------------------------------------------------------------------------------------------------------------------------------------
Phe TTT   0   0   0   0   0   0 | Ser TCT   1   1   1   1   1   2 | Tyr TAT   0   0   0   0   0   0 | Cys TGT   0   0   0   0   0   0
    TTC   1   1   1   1   1   1 |     TCC   0   0   0   0   0   0 |     TAC   0   0   0   0   0   0 |     TGC   0   0   0   0   0   0
Leu TTA   0   0   0   0   0   0 |     TCA   0   0   0   0   0   0 | *** TAA   0   0   0   0   0   0 | *** TGA   0   0   0   0   0   0
    TTG   0   0   0   0   0   0 |     TCG   0   0   0   0   0   0 |     TAG   0   0   0   0   0   0 | Trp TGG   0   0   0   0   0   0
--------------------------------------------------------------------------------------------------------------------------------------
Leu CTT   2   2   2   2   2   2 | Pro CCT   1   1   1   1   1   0 | His CAT   0   0   0   0   0   0 | Arg CGT   0   0   0   0   0   0
    CTC   0   0   0   0   0   0 |     CCC   0   0   0   0   0   0 |     CAC   0   0   0   0   0   0 |     CGC   0   0   0   0   0   0
    CTA   0   0   0   0   0   0 |     CCA   1   1   1   1   1   1 | Gln CAA   0   0   0   0   0   0 |     CGA   0   0   0   0   0   0
    CTG   0   0   0   0   0   0 |     CCG   0   0   0   0   0   0 |     CAG   0   0   0   0   0   0 |     CGG   0   0   0   0   0   0
--------------------------------------------------------------------------------------------------------------------------------------
Ile ATT   1   1   1   1   1   1 | Thr ACT   0   0   0   1   0   0 | Asn AAT   0   0   0   0   0   0 | Ser AGT   0   0   0   0   0   0
    ATC   2   2   2   2   2   2 |     ACC   1   1   1   0   1   1 |     AAC   2   2   2   2   2   2 |     AGC   1   1   1   1   1   1
    ATA   0   0   0   0   0   0 |     ACA   0   0   0   0   0   0 | Lys AAA   1   1   1   1   1   1 | Arg AGA   0   0   0   0   0   0
Met ATG   1   1   1   1   1   1 |     ACG   1   1   1   1   1   1 |     AAG   1   1   1   1   1   1 |     AGG   0   0   0   0   0   0
--------------------------------------------------------------------------------------------------------------------------------------
Val GTT   1   1   1   1   1   1 | Ala GCT   0   0   0   0   0   0 | Asp GAT   1   1   1   1   1   1 | Gly GGT   0   0   0   0   0   0
    GTC   0   0   0   0   0   0 |     GCC   1   1   1   1   1   1 |     GAC   0   0   0   0   0   0 |     GGC   1   1   1   1   1   1
    GTA   0   1   0   0   0   2 |     GCA   2   2   2   2   2   2 | Glu GAA   1   1   1   1   1   1 |     GGA   4   4   4   4   4   4
    GTG   5   4   5   5   5   3 |     GCG   0   0   0   0   0   0 |     GAG   3   3   3   3   3   3 |     GGG   1   1   1   1   1   1
--------------------------------------------------------------------------------------------------------------------------------------

--------------------------------------------------------------------------------------------------------------------------------------
Phe TTT   0   0   0   0   0   0 | Ser TCT   2   1   2   2   1   1 | Tyr TAT   0   0   0   0   0   0 | Cys TGT   0   0   0   0   0   0
    TTC   1   1   1   1   1   1 |     TCC   0   0   0   0   0   0 |     TAC   0   0   0   0   0   0 |     TGC   0   0   0   0   0   0
Leu TTA   0   0   0   0   0   0 |     TCA   0   0   0   0   0   0 | *** TAA   0   0   0   0   0   0 | *** TGA   0   0   0   0   0   0
    TTG   0   0   0   0   0   0 |     TCG   0   0   0   0   0   0 |     TAG   0   0   0   0   0   0 | Trp TGG   0   0   0   0   0   0
--------------------------------------------------------------------------------------------------------------------------------------
Leu CTT   2   2   2   2   2   2 | Pro CCT   0   1   0   0   1   1 | His CAT   0   0   0   0   0   0 | Arg CGT   0   0   0   0   0   0
    CTC   0   0   0   0   0   0 |     CCC   0   0   0   0   0   0 |     CAC   0   0   0   0   0   0 |     CGC   0   0   0   0   0   0
    CTA   0   0   0   0   0   0 |     CCA   1   1   1   1   1   1 | Gln CAA   0   0   0   0   0   0 |     CGA   0   0   0   0   0   0
    CTG   0   0   0   0   0   0 |     CCG   0   0   0   0   0   0 |     CAG   0   0   0   0   0   0 |     CGG   0   0   0   0   0   0
--------------------------------------------------------------------------------------------------------------------------------------
Ile ATT   1   1   1   2   1   1 | Thr ACT   0   0   1   0   0   0 | Asn AAT   0   0   0   0   0   0 | Ser AGT   0   0   0   0   0   0
    ATC   2   2   2   1   2   2 |     ACC   1   1   1   1   1   1 |     AAC   2   2   2   2   2   2 |     AGC   1   1   1   1   1   1
    ATA   0   0   0   0   0   0 |     ACA   0   1   0   0   0   0 | Lys AAA   1   1   1   1   1   1 | Arg AGA   0   0   0   0   0   0
Met ATG   1   1   1   1   1   1 |     ACG   1   0   0   1   1   1 |     AAG   1   1   1   1   1   1 |     AGG   0   0   0   0   0   0
--------------------------------------------------------------------------------------------------------------------------------------
Val GTT   1   1   1   1   1   1 | Ala GCT   0   0   0   0   0   0 | Asp GAT   1   1   1   1   1   1 | Gly GGT   0   0   0   0   0   0
    GTC   0   0   0   0   0   0 |     GCC   1   1   1   1   1   1 |     GAC   0   0   0   0   0   0 |     GGC   1   1   1   1   1   1
    GTA   1   0   1   1   1   0 |     GCA   2   2   2   2   2   2 | Glu GAA   1   1   1   1   1   1 |     GGA   4   4   4   4   4   4
    GTG   4   5   4   4   4   5 |     GCG   0   0   0   0   0   0 |     GAG   3   3   3   3   3   3 |     GGG   1   1   1   1   1   1
--------------------------------------------------------------------------------------------------------------------------------------

--------------------------------------------------------------------------------------------------------------------------------------
Phe TTT   0   0   0   0   0   0 | Ser TCT   1   1   1   1   1   1 | Tyr TAT   0   0   0   0   0   0 | Cys TGT   0   0   0   0   0   0
    TTC   1   1   1   1   1   1 |     TCC   0   0   0   0   0   0 |     TAC   0   0   0   0   0   0 |     TGC   0   0   0   0   0   0
Leu TTA   0   0   0   0   0   0 |     TCA   0   0   0   0   0   0 | *** TAA   0   0   0   0   0   0 | *** TGA   0   0   0   0   0   0
    TTG   0   0   0   0   0   0 |     TCG   0   0   0   0   0   0 |     TAG   0   0   0   0   0   0 | Trp TGG   0   0   0   0   0   0
--------------------------------------------------------------------------------------------------------------------------------------
Leu CTT   2   2   2   2   2   2 | Pro CCT   1   1   1   0   1   1 | His CAT   0   0   0   0   0   0 | Arg CGT   0   0   0   0   0   0
    CTC   0   0   0   0   0   0 |     CCC   0   0   0   0   0   0 |     CAC   0   0   0   0   0   0 |     CGC   0   0   0   0   0   0
    CTA   0   0   0   0   0   0 |     CCA   1   1   1   1   1   1 | Gln CAA   0   0   0   0   0   0 |     CGA   0   0   0   0   0   0
    CTG   0   0   0   0   0   0 |     CCG   0   0   0   0   0   0 |     CAG   0   0   0   0   0   0 |     CGG   0   0   0   0   0   0
--------------------------------------------------------------------------------------------------------------------------------------
Ile ATT   1   1   1   1   1   1 | Thr ACT   0   0   0   2   0   1 | Asn AAT   0   0   0   0   0   0 | Ser AGT   0   0   1   0   0   0
    ATC   2   1   2   2   2   2 |     ACC   1   1   1   0   1   0 |     AAC   2   2   2   2   2   2 |     AGC   1   1   0   1   1   1
    ATA   0   1   0   0   0   0 |     ACA   0   1   1   0   0   0 | Lys AAA   1   1   1   1   1   1 | Arg AGA   0   0   0   0   0   0
Met ATG   1   1   1   1   1   1 |     ACG   1   0   0   1   1   1 |     AAG   1   1   1   1   1   1 |     AGG   0   0   0   0   0   0
--------------------------------------------------------------------------------------------------------------------------------------
Val GTT   1   1   1   1   1   1 | Ala GCT   0   0   0   0   0   0 | Asp GAT   1   1   1   1   1   1 | Gly GGT   0   0   0   0   0   0
    GTC   0   0   0   0   0   0 |     GCC   1   1   1   1   1   1 |     GAC   0   0   0   0   0   0 |     GGC   1   1   1   1   1   1
    GTA   0   0   0   1   0   0 |     GCA   2   2   2   2   2   2 | Glu GAA   1   1   1   1   1   1 |     GGA   4   4   4   4   5   5
    GTG   5   5   5   4   5   5 |     GCG   0   0   0   0   0   0 |     GAG   3   3   3   3   3   3 |     GGG   1   1   1   1   0   0
--------------------------------------------------------------------------------------------------------------------------------------

Codon position x base (3x4) table for each sequence.

#1: Argali         
position  1:    T:0.05405    C:0.10811    A:0.29730    G:0.54054
position  2:    T:0.35135    C:0.21622    A:0.24324    G:0.18919
position  3:    T:0.21622    C:0.21622    A:0.24324    G:0.32432
Average         T:0.20721    C:0.18018    A:0.26126    G:0.35135

#2: LesserMouseDeer
position  1:    T:0.08108    C:0.08108    A:0.29730    G:0.54054
position  2:    T:0.35135    C:0.21622    A:0.24324    G:0.18919
position  3:    T:0.21622    C:0.18919    A:0.32432    G:0.27027
Average         T:0.21622    C:0.16216    A:0.28829    G:0.33333

#3: LesserKudu     
position  1:    T:0.05405    C:0.10811    A:0.29730    G:0.54054
position  2:    T:0.35135    C:0.21622    A:0.24324    G:0.18919
position  3:    T:0.18919    C:0.24324    A:0.24324    G:0.32432
Average         T:0.19820    C:0.18919    A:0.26126    G:0.35135

#4: ForestMuskDeer2
position  1:    T:0.05405    C:0.08108    A:0.32432    G:0.54054
position  2:    T:0.35135    C:0.21622    A:0.24324    G:0.18919
position  3:    T:0.21622    C:0.21622    A:0.27027    G:0.29730
Average         T:0.20721    C:0.17117    A:0.27928    G:0.34234

#5: Camel          
position  1:    T:0.08108    C:0.08108    A:0.29730    G:0.54054
position  2:    T:0.35135    C:0.21622    A:0.24324    G:0.18919
position  3:    T:0.16216    C:0.27027    A:0.24324    G:0.32432
Average         T:0.19820    C:0.18919    A:0.26126    G:0.35135

#6: KillerWhale    
position  1:    T:0.08108    C:0.08108    A:0.32432    G:0.51351
position  2:    T:0.35135    C:0.21622    A:0.24324    G:0.18919
position  3:    T:0.16216    C:0.24324    A:0.27027    G:0.32432
Average         T:0.19820    C:0.18018    A:0.27928    G:0.34234

#7: DefassaWaterbuck
position  1:    T:0.05405    C:0.10811    A:0.29730    G:0.54054
position  2:    T:0.35135    C:0.21622    A:0.24324    G:0.18919
position  3:    T:0.21622    C:0.21622    A:0.24324    G:0.32432
Average         T:0.20721    C:0.18018    A:0.26126    G:0.35135

#8: Sheep          
position  1:    T:0.05405    C:0.10811    A:0.29730    G:0.54054
position  2:    T:0.35135    C:0.21622    A:0.24324    G:0.18919
position  3:    T:0.21622    C:0.21622    A:0.24324    G:0.32432
Average         T:0.20721    C:0.18018    A:0.26126    G:0.35135

#9: MaxwellsDuiker 
position  1:    T:0.05405    C:0.10811    A:0.29730    G:0.54054
position  2:    T:0.35135    C:0.21622    A:0.24324    G:0.18919
position  3:    T:0.18919    C:0.24324    A:0.24324    G:0.32432
Average         T:0.19820    C:0.18919    A:0.26126    G:0.35135

#10: GazellaPrzewalskyi
position  1:    T:0.05405    C:0.10811    A:0.29730    G:0.54054
position  2:    T:0.35135    C:0.21622    A:0.24324    G:0.18919
position  3:    T:0.21622    C:0.21622    A:0.27027    G:0.29730
Average         T:0.20721    C:0.18018    A:0.27027    G:0.34234

#11: MountainNyala  
position  1:    T:0.05405    C:0.10811    A:0.29730    G:0.54054
position  2:    T:0.35135    C:0.21622    A:0.24324    G:0.18919
position  3:    T:0.21622    C:0.21622    A:0.27027    G:0.29730
Average         T:0.20721    C:0.18018    A:0.27027    G:0.34234

#12: MuntiacusMuntjak
position  1:    T:0.08108    C:0.08108    A:0.29730    G:0.54054
position  2:    T:0.35135    C:0.21622    A:0.24324    G:0.18919
position  3:    T:0.18919    C:0.24324    A:0.27027    G:0.29730
Average         T:0.20721    C:0.18018    A:0.27027    G:0.34234

#13: goat           
position  1:    T:0.05405    C:0.10811    A:0.29730    G:0.54054
position  2:    T:0.35135    C:0.21622    A:0.24324    G:0.18919
position  3:    T:0.18919    C:0.24324    A:0.24324    G:0.32432
Average         T:0.19820    C:0.18919    A:0.26126    G:0.35135

#14: AfricanBuffalo 
position  1:    T:0.08108    C:0.08108    A:0.29730    G:0.54054
position  2:    T:0.35135    C:0.21622    A:0.24324    G:0.18919
position  3:    T:0.18919    C:0.24324    A:0.27027    G:0.29730
Average         T:0.20721    C:0.18018    A:0.27027    G:0.34234

#15: Topi           
position  1:    T:0.05405    C:0.10811    A:0.29730    G:0.54054
position  2:    T:0.35135    C:0.21622    A:0.24324    G:0.18919
position  3:    T:0.18919    C:0.24324    A:0.24324    G:0.32432
Average         T:0.19820    C:0.18919    A:0.26126    G:0.35135

#16: CommonDuiker   
position  1:    T:0.05405    C:0.10811    A:0.29730    G:0.54054
position  2:    T:0.35135    C:0.21622    A:0.24324    G:0.18919
position  3:    T:0.18919    C:0.24324    A:0.24324    G:0.32432
Average         T:0.19820    C:0.18919    A:0.26126    G:0.35135

#17: Suni           
position  1:    T:0.05405    C:0.10811    A:0.29730    G:0.54054
position  2:    T:0.35135    C:0.21622    A:0.24324    G:0.18919
position  3:    T:0.24324    C:0.18919    A:0.24324    G:0.32432
Average         T:0.21622    C:0.17117    A:0.26126    G:0.35135

#18: Springbuck     
position  1:    T:0.05405    C:0.10811    A:0.29730    G:0.54054
position  2:    T:0.35135    C:0.21622    A:0.24324    G:0.18919
position  3:    T:0.18919    C:0.24324    A:0.24324    G:0.32432
Average         T:0.19820    C:0.18919    A:0.26126    G:0.35135

#19: Okapi          
position  1:    T:0.05405    C:0.10811    A:0.29730    G:0.54054
position  2:    T:0.35135    C:0.21622    A:0.24324    G:0.18919
position  3:    T:0.21622    C:0.24324    A:0.24324    G:0.29730
Average         T:0.20721    C:0.18919    A:0.26126    G:0.34234

#20: Giraffe        
position  1:    T:0.05405    C:0.10811    A:0.24324    G:0.59459
position  2:    T:0.35135    C:0.21622    A:0.24324    G:0.18919
position  3:    T:0.21622    C:0.24324    A:0.24324    G:0.29730
Average         T:0.20721    C:0.18919    A:0.24324    G:0.36036

#21: TibetanAntelope
position  1:    T:0.05405    C:0.10811    A:0.29730    G:0.54054
position  2:    T:0.35135    C:0.21622    A:0.24324    G:0.18919
position  3:    T:0.18919    C:0.24324    A:0.27027    G:0.29730
Average         T:0.19820    C:0.18919    A:0.27027    G:0.34234

#22: Sitatunga      
position  1:    T:0.05405    C:0.10811    A:0.29730    G:0.54054
position  2:    T:0.35135    C:0.21622    A:0.24324    G:0.18919
position  3:    T:0.21622    C:0.21622    A:0.27027    G:0.29730
Average         T:0.20721    C:0.18018    A:0.27027    G:0.34234

#23: Oribi          
position  1:    T:0.08108    C:0.08108    A:0.29730    G:0.54054
position  2:    T:0.35135    C:0.21622    A:0.24324    G:0.18919
position  3:    T:0.18919    C:0.24324    A:0.24324    G:0.32432
Average         T:0.20721    C:0.18018    A:0.26126    G:0.35135

#24: BarbarySheep   
position  1:    T:0.05405    C:0.10811    A:0.29730    G:0.54054
position  2:    T:0.35135    C:0.21622    A:0.24324    G:0.18919
position  3:    T:0.18919    C:0.24324    A:0.24324    G:0.32432
Average         T:0.19820    C:0.18919    A:0.26126    G:0.35135

#25: Daviddeer      
position  1:    T:0.08108    C:0.08108    A:0.29730    G:0.54054
position  2:    T:0.35135    C:0.21622    A:0.24324    G:0.18919
position  3:    T:0.18919    C:0.24324    A:0.27027    G:0.29730
Average         T:0.20721    C:0.18018    A:0.27027    G:0.34234

#26: Reindeer       
position  1:    T:0.08108    C:0.08108    A:0.29730    G:0.54054
position  2:    T:0.35135    C:0.21622    A:0.24324    G:0.18919
position  3:    T:0.18919    C:0.24324    A:0.27027    G:0.29730
Average         T:0.20721    C:0.18018    A:0.27027    G:0.34234

#27: Ibex           
position  1:    T:0.05405    C:0.10811    A:0.29730    G:0.54054
position  2:    T:0.35135    C:0.21622    A:0.24324    G:0.18919
position  3:    T:0.21622    C:0.21622    A:0.24324    G:0.32432
Average         T:0.20721    C:0.18018    A:0.26126    G:0.35135

#28: GyrantGazelle  
position  1:    T:0.05405    C:0.10811    A:0.29730    G:0.54054
position  2:    T:0.35135    C:0.21622    A:0.24324    G:0.18919
position  3:    T:0.18919    C:0.24324    A:0.24324    G:0.32432
Average         T:0.19820    C:0.18919    A:0.26126    G:0.35135

#29: Hartebeest     
position  1:    T:0.05405    C:0.10811    A:0.29730    G:0.54054
position  2:    T:0.35135    C:0.21622    A:0.24324    G:0.18919
position  3:    T:0.18919    C:0.24324    A:0.24324    G:0.32432
Average         T:0.19820    C:0.18919    A:0.26126    G:0.35135

#30: Bongo          
position  1:    T:0.05405    C:0.10811    A:0.29730    G:0.54054
position  2:    T:0.35135    C:0.21622    A:0.24324    G:0.18919
position  3:    T:0.18919    C:0.24324    A:0.27027    G:0.29730
Average         T:0.19820    C:0.18919    A:0.27027    G:0.34234

#31: Gerenuk        
position  1:    T:0.05405    C:0.10811    A:0.29730    G:0.54054
position  2:    T:0.35135    C:0.21622    A:0.24324    G:0.18919
position  3:    T:0.21622    C:0.21622    A:0.27027    G:0.29730
Average         T:0.20721    C:0.18018    A:0.27027    G:0.34234

#32: CommonEland    
position  1:    T:0.05405    C:0.10811    A:0.29730    G:0.54054
position  2:    T:0.35135    C:0.21622    A:0.24324    G:0.18919
position  3:    T:0.18919    C:0.24324    A:0.24324    G:0.32432
Average         T:0.19820    C:0.18919    A:0.26126    G:0.35135

#33: MuntiacusReevesi
position  1:    T:0.08108    C:0.08108    A:0.29730    G:0.54054
position  2:    T:0.35135    C:0.21622    A:0.24324    G:0.18919
position  3:    T:0.21622    C:0.24324    A:0.27027    G:0.27027
Average         T:0.21622    C:0.18018    A:0.27027    G:0.33333

#34: HarveysDuiker  
position  1:    T:0.05405    C:0.10811    A:0.29730    G:0.54054
position  2:    T:0.35135    C:0.21622    A:0.24324    G:0.18919
position  3:    T:0.18919    C:0.24324    A:0.24324    G:0.32432
Average         T:0.19820    C:0.18919    A:0.26126    G:0.35135

#35: Pronghorn      
position  1:    T:0.08108    C:0.13514    A:0.32432    G:0.45946
position  2:    T:0.35135    C:0.18919    A:0.24324    G:0.21622
position  3:    T:0.21622    C:0.24324    A:0.24324    G:0.29730
Average         T:0.21622    C:0.18919    A:0.27027    G:0.32432

#36: BlueWildebeest 
position  1:    T:0.05405    C:0.10811    A:0.29730    G:0.54054
position  2:    T:0.35135    C:0.21622    A:0.24324    G:0.18919
position  3:    T:0.18919    C:0.24324    A:0.24324    G:0.32432
Average         T:0.19820    C:0.18919    A:0.26126    G:0.35135

#37: Gemsbok        
position  1:    T:0.05405    C:0.10811    A:0.29730    G:0.54054
position  2:    T:0.35135    C:0.21622    A:0.24324    G:0.18919
position  3:    T:0.18919    C:0.24324    A:0.24324    G:0.32432
Average         T:0.19820    C:0.18919    A:0.26126    G:0.35135

#38: Yak            
position  1:    T:0.05405    C:0.10811    A:0.29730    G:0.54054
position  2:    T:0.35135    C:0.21622    A:0.24324    G:0.18919
position  3:    T:0.18919    C:0.24324    A:0.27027    G:0.29730
Average         T:0.19820    C:0.18919    A:0.27027    G:0.34234

#39: BlueSheep      
position  1:    T:0.05405    C:0.10811    A:0.29730    G:0.54054
position  2:    T:0.35135    C:0.21622    A:0.24324    G:0.18919
position  3:    T:0.18919    C:0.24324    A:0.24324    G:0.32432
Average         T:0.19820    C:0.18919    A:0.26126    G:0.35135

#40: BohorReedbuck  
position  1:    T:0.05405    C:0.10811    A:0.29730    G:0.54054
position  2:    T:0.35135    C:0.21622    A:0.24324    G:0.18919
position  3:    T:0.21622    C:0.21622    A:0.24324    G:0.32432
Average         T:0.20721    C:0.18018    A:0.26126    G:0.35135

#41: KirksDik       
position  1:    T:0.05405    C:0.10811    A:0.29730    G:0.54054
position  2:    T:0.35135    C:0.21622    A:0.24324    G:0.18919
position  3:    T:0.18919    C:0.24324    A:0.24324    G:0.32432
Average         T:0.19820    C:0.18919    A:0.26126    G:0.35135

#42: RoeDeer        
position  1:    T:0.08108    C:0.08108    A:0.29730    G:0.54054
position  2:    T:0.35135    C:0.21622    A:0.24324    G:0.18919
position  3:    T:0.18919    C:0.24324    A:0.29730    G:0.27027
Average         T:0.20721    C:0.18018    A:0.27928    G:0.33333

#43: WhiteLippedDeer
position  1:    T:0.08108    C:0.08108    A:0.29730    G:0.54054
position  2:    T:0.35135    C:0.21622    A:0.24324    G:0.18919
position  3:    T:0.18919    C:0.24324    A:0.27027    G:0.29730
Average         T:0.20721    C:0.18018    A:0.27027    G:0.34234

#44: ThomsonGazelle 
position  1:    T:0.05405    C:0.10811    A:0.29730    G:0.54054
position  2:    T:0.35135    C:0.21622    A:0.24324    G:0.18919
position  3:    T:0.18919    C:0.24324    A:0.27027    G:0.29730
Average         T:0.19820    C:0.18919    A:0.27027    G:0.34234

#45: MuntiacusCrinifrons
position  1:    T:0.08108    C:0.08108    A:0.29730    G:0.54054
position  2:    T:0.35135    C:0.21622    A:0.24324    G:0.18919
position  3:    T:0.21622    C:0.24324    A:0.27027    G:0.27027
Average         T:0.21622    C:0.18018    A:0.27027    G:0.33333

#46: WhiteTailedDeer
position  1:    T:0.08108    C:0.08108    A:0.29730    G:0.54054
position  2:    T:0.35135    C:0.21622    A:0.24324    G:0.18919
position  3:    T:0.21622    C:0.21622    A:0.27027    G:0.29730
Average         T:0.21622    C:0.17117    A:0.27027    G:0.34234

#47: Cattle         
position  1:    T:0.05405    C:0.10811    A:0.29730    G:0.54054
position  2:    T:0.35135    C:0.21622    A:0.24324    G:0.18919
position  3:    T:0.18919    C:0.24324    A:0.27027    G:0.29730
Average         T:0.19820    C:0.18919    A:0.27027    G:0.34234

#48: RoyalAntelope  
position  1:    T:0.05405    C:0.10811    A:0.29730    G:0.54054
position  2:    T:0.35135    C:0.21622    A:0.24324    G:0.18919
position  3:    T:0.18919    C:0.24324    A:0.24324    G:0.32432
Average         T:0.19820    C:0.18919    A:0.26126    G:0.35135

#49: Steenbok       
position  1:    T:0.05405    C:0.10811    A:0.29730    G:0.54054
position  2:    T:0.35135    C:0.21622    A:0.24324    G:0.18919
position  3:    T:0.18919    C:0.24324    A:0.24324    G:0.32432
Average         T:0.19820    C:0.18919    A:0.26126    G:0.35135

#50: Impala         
position  1:    T:0.05405    C:0.10811    A:0.29730    G:0.54054
position  2:    T:0.35135    C:0.21622    A:0.24324    G:0.18919
position  3:    T:0.18919    C:0.21622    A:0.29730    G:0.29730
Average         T:0.19820    C:0.18018    A:0.27928    G:0.34234

#51: Klipspringer   
position  1:    T:0.05405    C:0.10811    A:0.29730    G:0.54054
position  2:    T:0.35135    C:0.21622    A:0.24324    G:0.18919
