1
52 1
Argali 0.000000 0.200200 0.077200 0.204800 0.062100 0.018400 0.052600 0.087700 0.067300 0.135800 0.032900 0.124300 0.047500 0.067900 0.077400 0.052400 0.114200 0.114300 0.032900 0.072400 0.082700 0.033000 0.142900 0.194400 0.032900 0.052500 0.042600 0.062400 0.067200 0.072400 0.136400 0.052600 0.193800 0.042600 0.057200 0.082300 0.047800 0.062300 0.047100 0.159400 0.125800 0.067300 0.130500 0.153200 0.087400 0.047400 0.052200 0.067600 0.082800 0.105800 0.082200 0.067200
LesserMous 0.200200 0.000000 0.217700 0.184500 0.182100 0.200500 0.195000 0.206600 0.206200 0.190200 0.176400 0.194000 0.177300 0.208200 0.182900 0.188600 0.150200 0.139500 0.194900 0.212600 0.211700 0.182700 0.198700 0.228500 0.176400 0.182700 0.171300 0.200500 0.205900 0.212600 0.185100 0.189000 0.239500 0.171700 0.211200 0.211700 0.213200 0.176300 0.176700 0.190700 0.179800 0.188900 0.190400 0.179200 0.206000 0.188200 0.182100 0.195300 0.226300 0.237300 0.205800 0.206000
LesserKudu 0.077200 0.217700 0.000000 0.192100 0.067100 0.067300 0.062300 0.103200 0.009300 0.124600 0.057200 0.072300 0.062200 0.072700 0.082500 0.062200 0.113700 0.113900 0.067500 0.013700 0.098100 0.057300 0.131500 0.176000 0.057200 0.067200 0.057200 0.013700 0.077100 0.013900 0.125100 0.067300 0.204500 0.057300 0.092000 0.032800 0.082800 0.067300 0.062100 0.147700 0.114700 0.082300 0.119400 0.130600 0.037600 0.071900 0.067100 0.062300 0.093200 0.116100 0.023300 0.009200
KillerWhal 0.204800 0.184500 0.192100 0.000000 0.164100 0.193400 0.181800 0.205500 0.180900 0.194500 0.175400 0.204400 0.170100 0.182800 0.170400 0.181600 0.154100 0.154400 0.182300 0.187000 0.211600 0.175900 0.191100 0.251800 0.175400 0.175800 0.175600 0.175400 0.186800 0.187000 0.183600 0.176000 0.213500 0.175900 0.215500 0.186200 0.194500 0.169500 0.169800 0.178200 0.184000 0.193200 0.188800 0.201600 0.180600 0.192500 0.175300 0.175900 0.206600 0.191200 0.174600 0.180700
DefassaWat 0.062100 0.182100 0.067100 0.164100 0.000000 0.052300 0.052500 0.082500 0.057300 0.114200 0.037600 0.092800 0.042500 0.062800 0.062300 0.052400 0.098300 0.098400 0.052200 0.062300 0.077500 0.037800 0.110300 0.170700 0.037300 0.047500 0.037700 0.052400 0.067100 0.062300 0.114700 0.047600 0.176100 0.037500 0.071900 0.072100 0.057700 0.027400 0.042500 0.131400 0.104300 0.062300 0.109000 0.130900 0.077200 0.052200 0.047300 0.052600 0.082800 0.100400 0.072000 0.057200
Sheep 0.018400 0.200500 0.067300 0.193400 0.052300 0.000000 0.042800 0.077500 0.057400 0.125200 0.023400 0.113800 0.037800 0.057900 0.067400 0.042700 0.103800 0.104000 0.023400 0.062400 0.071800 0.023500 0.132100 0.182800 0.023200 0.042700 0.032400 0.052500 0.057300 0.062500 0.125700 0.042800 0.182200 0.031900 0.057200 0.072300 0.038100 0.042400 0.037700 0.148500 0.115300 0.057500 0.119900 0.142300 0.077400 0.047400 0.042500 0.057700 0.072700 0.084700 0.072200 0.057400
MaxwellsDu 0.052600 0.195000 0.062300 0.181800 0.052500 0.042800 0.000000 0.077800 0.052500 0.125300 0.033000 0.098100 0.047700 0.028400 0.067700 0.037900 0.093400 0.093600 0.042900 0.057600 0.072800 0.033100 0.132300 0.182900 0.033000 0.033100 0.042800 0.047700 0.052400 0.057600 0.125900 0.014000 0.182100 0.042800 0.067100 0.067300 0.047700 0.052600 0.037900 0.148700 0.115400 0.047600 0.120100 0.142400 0.072400 0.037700 0.042700 0.047800 0.057900 0.100700 0.057300 0.052500
GazellaPrz 0.087700 0.206600 0.103200 0.205500 0.082500 0.077500 0.077800 0.000000 0.093000 0.153000 0.062300 0.141100 0.077500 0.088600 0.077700 0.057500 0.119900 0.125300 0.077900 0.098300 0.083000 0.062700 0.149100 0.207400 0.062300 0.052600 0.072400 0.088000 0.062400 0.098300 0.142400 0.072800 0.182800 0.072500 0.097800 0.108500 0.088600 0.082700 0.047500 0.154400 0.131800 0.067500 0.147500 0.159700 0.103300 0.077300 0.052400 0.088300 0.093400 0.133800 0.097900 0.092900
MountainNy 0.067300 0.206200 0.009300 0.180900 0.057300 0.057400 0.052500 0.093000 0.000000 0.124700 0.047400 0.062400 0.052500 0.062800 0.072500 0.052400 0.103300 0.103600 0.057600 0.004600 0.087900 0.047600 0.131600 0.170400 0.047400 0.057400 0.047500 0.004600 0.067100 0.004600 0.125200 0.057500 0.192800 0.047600 0.082000 0.023400 0.072700 0.057400 0.052400 0.147800 0.114800 0.072400 0.119400 0.130700 0.028200 0.062000 0.057300 0.052500 0.083000 0.105500 0.013900 0.000000
MuntiacusM 0.135800 0.190200 0.124600 0.194500 0.114200 0.125200 0.125300 0.153000 0.124700 0.000000 0.108800 0.141000 0.114400 0.131500 0.119900 0.125100 0.109400 0.099100 0.125600 0.130300 0.147400 0.109100 0.038000 0.084100 0.108800 0.119800 0.109000 0.119500 0.141100 0.130300 0.018900 0.114600 0.165600 0.109200 0.135200 0.108500 0.136700 0.114500 0.114200 0.063600 0.023800 0.125200 0.004600 0.048300 0.113900 0.124600 0.119400 0.119900 0.159300 0.128300 0.140600 0.124600
goat 0.032900 0.176400 0.057200 0.175400 0.037600 0.023400 0.033000 0.062300 0.047400 0.108800 0.000000 0.103000 0.032900 0.042900 0.052400 0.032900 0.087900 0.088000 0.023400 0.052400 0.057400 0.009300 0.115400 0.165000 0.000000 0.028200 0.028100 0.042600 0.047400 0.052400 0.109300 0.028200 0.164300 0.028100 0.052100 0.062100 0.033200 0.036300 0.023300 0.131400 0.099000 0.042600 0.103600 0.125400 0.067100 0.032800 0.027600 0.042800 0.062500 0.089800 0.062000 0.047400
AfricanBuf 0.124300 0.194000 0.072300 0.204400 0.092800 0.113800 0.098100 0.141100 0.062400 0.141000 0.103000 0.000000 0.108500 0.119800 0.119200 0.098000 0.124800 0.125000 0.114200 0.067500 0.130300 0.103300 0.142900 0.182200 0.103000 0.103300 0.103200 0.067400 0.113400 0.067500 0.152800 0.103300 0.187100 0.103300 0.139800 0.067300 0.125100 0.103300 0.097900 0.164000 0.136600 0.119100 0.146700 0.136400 0.062300 0.118500 0.103000 0.098100 0.130700 0.160900 0.057300 0.062400
Topi 0.047500 0.177300 0.062200 0.170100 0.042500 0.037800 0.047700 0.077500 0.052500 0.114400 0.032900 0.108500 0.000000 0.057900 0.057400 0.047600 0.093300 0.093500 0.047700 0.057500 0.072500 0.033100 0.121200 0.171000 0.032900 0.042700 0.004600 0.047600 0.052400 0.057500 0.114900 0.042800 0.170300 0.014000 0.047400 0.067200 0.057800 0.042600 0.037700 0.126300 0.104600 0.057500 0.109200 0.131100 0.072300 0.047400 0.042500 0.047800 0.066800 0.095300 0.067200 0.052400
CommonDuik 0.067900 0.208200 0.072700 0.182800 0.062800 0.057900 0.028400 0.088600 0.062800 0.131500 0.042900 0.119800 0.057900 0.000000 0.078200 0.057800 0.104500 0.104700 0.058100 0.067900 0.083500 0.043000 0.138600 0.189900 0.042900 0.043000 0.052900 0.057900 0.072800 0.067900 0.132100 0.013800 0.189100 0.052900 0.077600 0.088100 0.057900 0.062900 0.047800 0.155200 0.121500 0.057800 0.126100 0.148800 0.093300 0.047700 0.052800 0.058000 0.078600 0.112200 0.067600 0.062700
Suni 0.077400 0.182900 0.082500 0.170400 0.062300 0.067400 0.067700 0.077700 0.072500 0.119900 0.052400 0.119200 0.057400 0.078200 0.000000 0.067500 0.114500 0.114700 0.067200 0.077600 0.093200 0.052700 0.121200 0.171600 0.052400 0.062600 0.052400 0.067600 0.082600 0.077700 0.109800 0.062700 0.188100 0.052500 0.077200 0.077400 0.078200 0.062400 0.057300 0.132000 0.110000 0.077700 0.114700 0.137000 0.082500 0.067200 0.062200 0.067800 0.098700 0.111600 0.087500 0.072400
Springbuck 0.052400 0.188600 0.062200 0.181600 0.052400 0.042700 0.037900 0.057500 0.052400 0.125100 0.032900 0.098000 0.047600 0.057800 0.067500 0.000000 0.093300 0.093500 0.042800 0.052500 0.052600 0.033000 0.121100 0.170700 0.032900 0.014000 0.042700 0.047600 0.013700 0.057400 0.125600 0.042800 0.181900 0.042700 0.067000 0.067200 0.057700 0.052500 0.009300 0.137200 0.104500 0.028200 0.119800 0.125500 0.062300 0.037700 0.023400 0.057600 0.057800 0.105900 0.057200 0.052400
Okapi 0.114200 0.150200 0.113700 0.154100 0.098300 0.103800 0.093400 0.119900 0.103300 0.109400 0.087900 0.124800 0.093300 0.104500 0.114500 0.093300 0.000000 0.018600 0.104100 0.108800 0.119900 0.088100 0.110700 0.160200 0.087900 0.077800 0.088100 0.098300 0.108700 0.108900 0.109900 0.088200 0.142100 0.088200 0.124200 0.108400 0.114800 0.098500 0.082800 0.131900 0.094300 0.093300 0.104200 0.115500 0.103300 0.092900 0.087900 0.098700 0.115100 0.111300 0.108400 0.103300
Giraffe 0.114300 0.139500 0.113900 0.154400 0.098400 0.104000 0.093600 0.125300 0.103600 0.099100 0.088000 0.125000 0.093500 0.104700 0.114700 0.093500 0.018600 0.000000 0.104200 0.109000 0.120000 0.088300 0.100400 0.149200 0.088000 0.078000 0.088200 0.098500 0.108900 0.109100 0.099600 0.088300 0.154200 0.088400 0.124400 0.108600 0.114900 0.098700 0.083000 0.121400 0.084200 0.073100 0.094000 0.105000 0.103500 0.093000 0.088000 0.088500 0.115300 0.122700 0.108700 0.103500
TibetanAnt 0.032900 0.194900 0.067500 0.182300 0.052200 0.023400 0.042900 0.077900 0.057600 0.125600 0.023400 0.114200 0.047700 0.058100 0.067200 0.042800 0.104100 0.104200 0.000000 0.062600 0.072900 0.023600 0.132500 0.183700 0.023400 0.042900 0.040700 0.052700 0.057500 0.062600 0.126100 0.043000 0.182900 0.042800 0.067300 0.072500 0.038200 0.052600 0.038000 0.149000 0.115600 0.057600 0.120300 0.142900 0.077600 0.047600 0.042700 0.057900 0.073000 0.095700 0.072400 0.057500
Sitatunga 0.072400 0.212600 0.013700 0.187000 0.062300 0.062400 0.057600 0.098300 0.004600 0.130300 0.052400 0.067500 0.057500 0.067900 0.077600 0.052500 0.108800 0.109000 0.062600 0.000000 0.093200 0.052500 0.137300 0.176400 0.052400 0.062400 0.052500 0.009200 0.067300 0.009200 0.130800 0.062500 0.199200 0.052600 0.087200 0.027600 0.077900 0.062500 0.052400 0.153700 0.120400 0.077500 0.125000 0.136400 0.032900 0.062100 0.062300 0.057500 0.088300 0.111100 0.018600 0.004600
Oribi 0.082700 0.211700 0.098100 0.211600 0.077500 0.071800 0.072800 0.083000 0.087900 0.147400 0.057400 0.130300 0.072500 0.083500 0.093200 0.052600 0.119900 0.120000 0.072900 0.093200 0.000000 0.057700 0.149000 0.189400 0.057400 0.047800 0.067400 0.082900 0.067400 0.093200 0.153600 0.067800 0.205900 0.068100 0.092700 0.103300 0.083500 0.077600 0.042600 0.165800 0.131700 0.062600 0.147500 0.154000 0.098200 0.072400 0.042700 0.083200 0.093500 0.133900 0.092800 0.087800
BarbaryShe 0.033000 0.182700 0.057300 0.175900 0.037800 0.023500 0.033100 0.062700 0.047600 0.109100 0.009300 0.103300 0.033100 0.043000 0.052700 0.033000 0.088100 0.088300 0.023600 0.052500 0.057700 0.000000 0.115800 0.165500 0.009300 0.028300 0.028200 0.042800 0.047500 0.052600 0.109600 0.028300 0.164700 0.028300 0.052300 0.062300 0.033300 0.037900 0.023400 0.131800 0.099300 0.042700 0.103900 0.125800 0.067300 0.032900 0.028200 0.042900 0.062900 0.090100 0.062200 0.047500
Daviddeer 0.142900 0.198700 0.131500 0.191100 0.110300 0.132100 0.132300 0.149100 0.131600 0.038000 0.115400 0.142900 0.121200 0.138600 0.121200 0.121100 0.110700 0.100400 0.132500 0.137300 0.149000 0.115800 0.000000 0.101000 0.115400 0.115700 0.115600 0.126300 0.137200 0.137400 0.038700 0.121300 0.166400 0.115800 0.136600 0.115100 0.143800 0.121200 0.110100 0.054200 0.014300 0.121300 0.033700 0.059000 0.109900 0.131500 0.115400 0.126800 0.155600 0.146800 0.136800 0.131500
Reindeer 0.194400 0.228500 0.176000 0.251800 0.170700 0.182800 0.182900 0.207400 0.170400 0.084100 0.165000 0.182200 0.171000 0.189900 0.171600 0.170700 0.160200 0.149200 0.183700 0.176400 0.189400 0.165500 0.101000 0.000000 0.165000 0.165100 0.165100 0.165000 0.187700 0.176500 0.095100 0.171300 0.221200 0.165300 0.193300 0.153500 0.196000 0.171200 0.164900 0.128400 0.084600 0.170800 0.089400 0.058800 0.153600 0.181700 0.170600 0.165400 0.214100 0.199600 0.181300 0.170200
Ibex 0.032900 0.176400 0.057200 0.175400 0.037300 0.023200 0.033000 0.062300 0.047400 0.108800 0.000000 0.103000 0.032900 0.042900 0.052400 0.032900 0.087900 0.088000 0.023400 0.052400 0.057400 0.009300 0.115400 0.165000 0.000000 0.028200 0.028100 0.042600 0.047400 0.052400 0.109300 0.028200 0.164300 0.028100 0.052100 0.062100 0.033200 0.036400 0.023100 0.131400 0.099000 0.042600 0.103600 0.125400 0.067100 0.032800 0.028000 0.042800 0.062500 0.089800 0.062000 0.047400
GyrantGaze 0.052500 0.182700 0.067200 0.175800 0.047500 0.042700 0.033100 0.052600 0.057400 0.119800 0.028200 0.103300 0.042700 0.043000 0.062600 0.014000 0.077800 0.078000 0.042900 0.062400 0.047800 0.028300 0.115700 0.165100 0.028200 0.000000 0.037900 0.052500 0.028100 0.062400 0.120300 0.028300 0.176200 0.037900 0.062100 0.072300 0.052800 0.047600 0.014000 0.131800 0.099300 0.014000 0.114500 0.120100 0.067300 0.032900 0.018700 0.052700 0.052800 0.100600 0.062200 0.057300
Hartebeest 0.042600 0.171300 0.057200 0.175600 0.037700 0.032400 0.042800 0.072400 0.047500 0.109000 0.028100 0.103200 0.004600 0.052900 0.052400 0.042700 0.088100 0.088200 0.040700 0.052500 0.067400 0.028200 0.115600 0.165100 0.028100 0.037900 0.000000 0.042700 0.057300 0.052500 0.109500 0.037900 0.176000 0.009300 0.042500 0.062200 0.052800 0.036400 0.032900 0.131600 0.099200 0.052500 0.103800 0.125500 0.067200 0.042500 0.037700 0.042800 0.072700 0.089900 0.062100 0.047500
Bongo 0.062400 0.200500 0.013700 0.175400 0.052400 0.052500 0.047700 0.088000 0.004600 0.119500 0.042600 0.067400 0.047600 0.057900 0.067600 0.047600 0.098300 0.098500 0.052700 0.009200 0.082900 0.042800 0.126300 0.165000 0.042600 0.052500 0.042700 0.000000 0.062300 0.009200 0.120000 0.052600 0.187400 0.042800 0.077100 0.027400 0.067800 0.052500 0.047500 0.142500 0.109700 0.067400 0.114300 0.125500 0.032900 0.057200 0.052400 0.047700 0.078000 0.100400 0.018300 0.004600
Gerenuk 0.067200 0.205900 0.077100 0.186800 0.067100 0.057300 0.052400 0.062400 0.067100 0.141100 0.047400 0.113400 0.052400 0.072800 0.082600 0.013700 0.108700 0.108900 0.057500 0.067300 0.067400 0.047500 0.137200 0.187700 0.047400 0.028100 0.057300 0.062300 0.000000 0.072300 0.141700 0.057400 0.175700 0.057300 0.081900 0.082100 0.072600 0.067300 0.023300 0.142400 0.120300 0.042500 0.135700 0.141600 0.077100 0.052100 0.028100 0.072500 0.062700 0.121900 0.072000 0.067100
CommonElan 0.072400 0.212600 0.013900 0.187000 0.062300 0.062500 0.057600 0.098300 0.004600 0.130300 0.052400 0.067500 0.057500 0.067900 0.077700 0.057400 0.108900 0.109100 0.062600 0.009200 0.093200 0.052600 0.137400 0.176500 0.052400 0.062400 0.052500 0.009200 0.072300 0.000000 0.130900 0.062500 0.199200 0.052600 0.087200 0.028100 0.077900 0.062500 0.057400 0.153700 0.120400 0.077500 0.125000 0.136400 0.032900 0.067100 0.062300 0.057600 0.088300 0.111100 0.018300 0.004600
MuntiacusR 0.136400 0.185100 0.125100 0.183600 0.114700 0.125700 0.125900 0.142400 0.125200 0.018900 0.109300 0.152800 0.114900 0.132100 0.109800 0.125600 0.109900 0.099600 0.126100 0.130800 0.153600 0.109600 0.038700 0.095100 0.109300 0.120300 0.109500 0.120000 0.141700 0.130900 0.000000 0.115000 0.172100 0.109700 0.135800 0.109000 0.137300 0.115000 0.114700 0.053700 0.023400 0.125800 0.014100 0.058600 0.114400 0.125100 0.119900 0.120400 0.160100 0.129000 0.141200 0.125100
HarveysDui 0.052600 0.189000 0.067300 0.176000 0.047600 0.042800 0.014000 0.072800 0.057500 0.114600 0.028200 0.103300 0.042800 0.013800 0.062700 0.042800 0.088200 0.088300 0.043000 0.062500 0.067800 0.028300 0.121300 0.171300 0.028200 0.028300 0.037900 0.052600 0.057400 0.062500 0.115000 0.000000 0.170500 0.038000 0.062200 0.072400 0.042700 0.047700 0.033000 0.137400 0.104700 0.042700 0.109300 0.131300 0.077500 0.032900 0.037800 0.042900 0.062900 0.095400 0.062200 0.057400
Pronghorn 0.193800 0.239500 0.204500 0.213500 0.176100 0.182200 0.182100 0.182800 0.192800 0.165600 0.164300 0.187100 0.170300 0.189100 0.188100 0.181900 0.142100 0.154200 0.182900 0.199200 0.205900 0.164700 0.166400 0.221200 0.164300 0.176200 0.176000 0.187400 0.175700 0.199200 0.172100 0.170500 0.000000 0.176200 0.204300 0.186600 0.183400 0.188100 0.170100 0.172400 0.155100 0.187700 0.165700 0.172200 0.180800 0.193000 0.175900 0.176200 0.195100 0.197600 0.186400 0.192800
BlueWildeb 0.042600 0.171700 0.057300 0.175900 0.037500 0.031900 0.042800 0.072500 0.047600 0.109200 0.028100 0.103300 0.014000 0.052900 0.052500 0.042700 0.088200 0.088400 0.042800 0.052600 0.068100 0.028300 0.115800 0.165300 0.028100 0.037900 0.009300 0.042800 0.057300 0.052600 0.109700 0.038000 0.176200 0.000000 0.042600 0.062300 0.052800 0.037300 0.032900 0.131900 0.099400 0.052600 0.104000 0.125700 0.067300 0.042600 0.037700 0.042900 0.067700 0.090000 0.062200 0.047500
Gemsbok 0.057200 0.211200 0.092000 0.215500 0.071900 0.057200 0.067100 0.097800 0.082000 0.135200 0.052100 0.139800 0.047400 0.077600 0.077200 0.067000 0.124200 0.124400 0.067300 0.087200 0.092700 0.052300 0.136600 0.193300 0.052100 0.062100 0.042500 0.077100 0.081900 0.087200 0.135800 0.062200 0.204300 0.042600 0.000000 0.097200 0.077500 0.072100 0.057000 0.158700 0.125300 0.067100 0.129900 0.152500 0.102400 0.066700 0.061900 0.077300 0.098100 0.116200 0.097100 0.081900
Yak 0.082300 0.211700 0.032800 0.186200 0.072100 0.072300 0.067300 0.108500 0.023400 0.108500 0.062100 0.067300 0.067200 0.088100 0.077400 0.067200 0.108400 0.108600 0.072500 0.027600 0.103300 0.062300 0.115100 0.153500 0.062100 0.072300 0.062200 0.027400 0.082100 0.028100 0.109000 0.072400 0.186600 0.062300 0.097200 0.000000 0.087900 0.072300 0.067100 0.131100 0.098800 0.087500 0.103400 0.114700 0.004600 0.076900 0.072100 0.067300 0.098400 0.105300 0.037100 0.023300
BlueSheep 0.047800 0.213200 0.082800 0.194500 0.057700 0.038100 0.047700 0.088600 0.072700 0.136700 0.033200 0.125100 0.057800 0.057900 0.078200 0.057700 0.114800 0.114900 0.038200 0.077900 0.083500 0.033300 0.143800 0.196000 0.033200 0.052800 0.052800 0.067800 0.072600 0.077900 0.137300 0.042700 0.183400 0.052800 0.077500 0.087900 0.000000 0.057800 0.047800 0.160600 0.126600 0.067800 0.131300 0.154400 0.093100 0.057500 0.052700 0.068000 0.088900 0.101200 0.087800 0.072700
BohorReedb 0.062300 0.176300 0.067300 0.169500 0.027400 0.042400 0.052600 0.082700 0.057400 0.114500 0.036300 0.103300 0.042600 0.062900 0.062400 0.052500 0.098500 0.098700 0.052600 0.062500 0.077600 0.037900 0.121200 0.171200 0.036400 0.047600 0.036400 0.052500 0.067300 0.062500 0.115000 0.047700 0.188100 0.037300 0.072100 0.072300 0.057800 0.000000 0.042600 0.126400 0.104600 0.062500 0.109300 0.131200 0.077400 0.052300 0.047400 0.052700 0.083000 0.090000 0.072200 0.057400
KirksDik 0.047100 0.176700 0.062100 0.169800 0.042500 0.037700 0.037900 0.047500 0.052400 0.114200 0.023300 0.097900 0.037700 0.047800 0.057300 0.009300 0.082800 0.083000 0.038000 0.052400 0.042600 0.023400 0.110100 0.164900 0.023100 0.014000 0.032900 0.047500 0.023300 0.057400 0.114700 0.033000 0.170100 0.032900 0.057000 0.067100 0.047800 0.042600 0.000000 0.126000 0.093800 0.028200 0.109000 0.120000 0.062200 0.028100 0.013700 0.047700 0.057600 0.095100 0.057100 0.052300
RoeDeer 0.159400 0.190700 0.147700 0.178200 0.131400 0.148500 0.148700 0.154400 0.147800 0.063600 0.131400 0.164000 0.126300 0.155200 0.132000 0.137200 0.131900 0.121400 0.149000 0.153700 0.165800 0.131800 0.054200 0.128400 0.131400 0.131800 0.131600 0.142500 0.142400 0.153700 0.053700 0.137400 0.172400 0.131900 0.158700 0.131100 0.160600 0.126400 0.126000 0.000000 0.048800 0.137400 0.058600 0.085000 0.125700 0.147700 0.131400 0.143000 0.160900 0.163700 0.153000 0.147700
WhiteLippe 0.125800 0.179800 0.114700 0.184000 0.104300 0.115300 0.115400 0.131800 0.114800 0.023800 0.099000 0.136600 0.104600 0.121500 0.110000 0.104500 0.094300 0.084200 0.115600 0.120400 0.131700 0.099300 0.014300 0.084600 0.099000 0.099300 0.099200 0.109700 0.120300 0.120400 0.023400 0.104700 0.155100 0.099400 0.125300 0.098800 0.126600 0.104600 0.093800 0.048800 0.000000 0.104700 0.018600 0.043700 0.093600 0.114700 0.099000 0.110000 0.138000 0.129100 0.119900 0.114700
ThomsonGaz 0.067300 0.188900 0.082300 0.193200 0.062300 0.057500 0.047600 0.067500 0.072400 0.125200 0.042600 0.119100 0.057500 0.057800 0.077700 0.028200 0.093300 0.073100 0.057600 0.077500 0.062600 0.042700 0.121300 0.170800 0.042600 0.014000 0.052500 0.067400 0.042500 0.077500 0.125800 0.042700 0.187700 0.052600 0.067100 0.087500 0.067800 0.062500 0.028200 0.137400 0.104700 0.000000 0.120000 0.125600 0.082400 0.047400 0.032900 0.057700 0.067800 0.116600 0.077200 0.072300
MuntiacusC 0.130500 0.190400 0.119400 0.188800 0.109000 0.119900 0.120100 0.147500 0.119400 0.004600 0.103600 0.146700 0.109200 0.126100 0.114700 0.119800 0.104200 0.094000 0.120300 0.125000 0.147500 0.103900 0.033700 0.089400 0.103600 0.114500 0.103800 0.114300 0.135700 0.125000 0.014100 0.109300 0.165700 0.104000 0.129900 0.103400 0.131300 0.109300 0.109000 0.058600 0.018600 0.120000 0.000000 0.053300 0.108700 0.119300 0.114200 0.114700 0.153800 0.122900 0.135300 0.119300
WhiteTaile 0.153200 0.179200 0.130600 0.201600 0.130900 0.142300 0.142400 0.159700 0.130700 0.048300 0.125400 0.136400 0.131100 0.148800 0.137000 0.125500 0.115500 0.105000 0.142900 0.136400 0.154000 0.125800 0.059000 0.058800 0.125400 0.120100 0.125500 0.125500 0.141600 0.136400 0.058600 0.131300 0.172200 0.125700 0.152500 0.114700 0.154400 0.131200 0.120000 0.085000 0.043700 0.125600 0.053300 0.000000 0.109500 0.141500 0.125400 0.136700 0.166000 0.157400 0.135800 0.130600
Cattle 0.087400 0.206000 0.037600 0.180600 0.077200 0.077400 0.072400 0.103300 0.028200 0.113900 0.067100 0.062300 0.072300 0.093300 0.082500 0.062300 0.103300 0.103500 0.077600 0.032900 0.098200 0.067300 0.109900 0.153600 0.067100 0.067300 0.067200 0.032900 0.077100 0.032900 0.114400 0.077500 0.180800 0.067300 0.102400 0.004600 0.093100 0.077400 0.062200 0.125700 0.093600 0.082400 0.108700 0.109500 0.000000 0.082000 0.067100 0.072400 0.093300 0.110700 0.032800 0.027200
RoyalAntel 0.047400 0.188200 0.071900 0.192500 0.052200 0.047400 0.037700 0.077300 0.062000 0.124600 0.032800 0.118500 0.047400 0.047700 0.067200 0.037700 0.092900 0.093000 0.047600 0.062100 0.072400 0.032900 0.131500 0.181700 0.032800 0.032900 0.042500 0.057200 0.052100 0.067100 0.125100 0.032900 0.193000 0.042600 0.066700 0.076900 0.057500 0.052300 0.028100 0.147700 0.114700 0.047400 0.119300 0.141500 0.082000 0.000000 0.042400 0.057400 0.067500 0.105400 0.066900 0.062000
Steenbok 0.052200 0.182100 0.067100 0.175300 0.047300 0.042500 0.042700 0.052400 0.057300 0.119400 0.027600 0.103000 0.042500 0.052800 0.062200 0.023400 0.087900 0.088000 0.042700 0.062300 0.042700 0.028200 0.115400 0.170600 0.028000 0.018700 0.037700 0.052400 0.028100 0.062300 0.119900 0.037800 0.175900 0.037700 0.061900 0.072100 0.052700 0.047400 0.013700 0.131400 0.099000 0.032900 0.114200 0.125400 0.067100 0.042400 0.000000 0.052600 0.062500 0.100400 0.062000 0.057200
Impala 0.067600 0.195300 0.062300 0.175900 0.052600 0.057700 0.047800 0.088300 0.052500 0.119900 0.042800 0.098100 0.047800 0.058000 0.067800 0.057600 0.098700 0.088500 0.057900 0.057500 0.083200 0.042900 0.126800 0.165400 0.042800 0.052700 0.042800 0.047700 0.072500 0.057600 0.120400 0.042900 0.176200 0.042900 0.077300 0.067300 0.068000 0.052700 0.047700 0.143000 0.110000 0.057700 0.114700 0.136700 0.072400 0.057400 0.052600 0.000000 0.088700 0.100600 0.057300 0.052500
Klipspring 0.082800 0.226300 0.093200 0.206600 0.082800 0.072700 0.057900 0.093400 0.083000 0.159300 0.062500 0.130700 0.066800 0.078600 0.098700 0.057800 0.115100 0.115300 0.073000 0.088300 0.093500 0.062900 0.155600 0.214100 0.062500 0.052800 0.072700 0.078000 0.062700 0.088300 0.160100 0.062900 0.195100 0.067700 0.098100 0.098400 0.088900 0.083000 0.057600 0.160900 0.138000 0.067800 0.153800 0.166000 0.093300 0.067500 0.062500 0.088700 0.000000 0.128700 0.087900 0.083000
ForestMusk 0.105800 0.237300 0.116100 0.191200 0.100400 0.084700 0.100700 0.133800 0.105500 0.128300 0.089800 0.160900 0.095300 0.112200 0.111600 0.105900 0.111300 0.122700 0.095700 0.111100 0.133900 0.090100 0.146800 0.199600 0.089800 0.100600 0.089900 0.100400 0.121900 0.111100 0.129000 0.095400 0.197600 0.090000 0.116200 0.105300 0.101200 0.090000 0.095100 0.163700 0.129100 0.116600 0.122900 0.157400 0.110700 0.105400 0.100400 0.100600 0.128700 0.000000 0.121400 0.105500
Bushbuck 0.082200 0.205800 0.023300 0.174600 0.072000 0.072200 0.057300 0.097900 0.013900 0.140600 0.062000 0.057300 0.067200 0.067600 0.087500 0.057200 0.108400 0.108700 0.072400 0.018600 0.092800 0.062200 0.136800 0.181300 0.062000 0.062200 0.062100 0.018300 0.072000 0.018300 0.141200 0.062200 0.186400 0.062200 0.097100 0.037100 0.087800 0.072200 0.057100 0.153000 0.119900 0.077200 0.135300 0.135800 0.032800 0.066900 0.062000 0.057300 0.087900 0.121400 0.000000 0.013900
GreaterKud 0.067200 0.206000 0.009200 0.180700 0.057200 0.057400 0.052500 0.092900 0.000000 0.124600 0.047400 0.062400 0.052400 0.062700 0.072400 0.052400 0.103300 0.103500 0.057500 0.004600 0.087800 0.047500 0.131500 0.170200 0.047400 0.057300 0.047500 0.004600 0.067100 0.004600 0.125100 0.057400 0.192800 0.047500 0.081900 0.023300 0.072700 0.057400 0.052300 0.147700 0.114700 0.072300 0.119300 0.130600 0.027200 0.062000 0.057200 0.052500 0.083000 0.105500 0.013900 0.000000
