CODONML (in paml version 4.10.7, June 2023)  /home/rachel/ruminants_paml/6406-phy-tree/ENSBTAT00000039526.fasta.phy
Model: free dN/dS Ratios for branches,  kappa = 2.000 fixed

Codon frequency model: F3x4
ns =  54  ls =  77

Codon usage in sequences
--------------------------------------------------------------------------------------------------------------------------------------
Phe TTT   3   3   3   3   3   3 | Ser TCT   0   0   0   0   0   0 | Tyr TAT   2   3   2   2   2   2 | Cys TGT   0   0   0   0   0   0
    TTC   3   3   3   3   3   3 |     TCC   2   2   2   2   2   2 |     TAC   1   0   1   1   1   1 |     TGC   0   0   0   0   0   0
Leu TTA   1   2   2   2   4   3 |     TCA   0   0   0   0   0   0 | *** TAA   0   0   0   0   0   0 | *** TGA   0   0   0   0   0   0
    TTG   1   1   1   1   0   1 |     TCG   0   0   0   0   0   0 |     TAG   0   0   0   0   0   0 | Trp TGG   0   0   0   0   0   0
--------------------------------------------------------------------------------------------------------------------------------------
Leu CTT   1   0   1   0   1   1 | Pro CCT   4   4   4   4   4   4 | His CAT   2   2   2   2   3   2 | Arg CGT   1   1   1   1   1   1
    CTC   0   1   0   1   0   0 |     CCC   0   0   0   0   0   0 |     CAC   0   0   0   0   0   0 |     CGC   0   0   0   0   0   0
    CTA   1   1   0   0   0   0 |     CCA   2   3   3   2   3   3 | Gln CAA   1   0   0   0   1   0 |     CGA   0   0   0   0   0   0
    CTG   1   0   1   1   0   0 |     CCG   1   0   0   1   0   0 |     CAG   1   2   2   2   1   2 |     CGG   0   0   0   0   0   0
--------------------------------------------------------------------------------------------------------------------------------------
Ile ATT   1   2   1   1   1   1 | Thr ACT   1   1   1   1   2   1 | Asn AAT   4   4   4   4   3   4 | Ser AGT   0   0   0   0   0   0
    ATC   2   1   2   2   2   2 |     ACC   1   1   1   1   0   1 |     AAC   1   1   1   2   3   1 |     AGC   0   0   0   0   0   0
    ATA   0   0   0   0   0   0 |     ACA   1   1   1   1   1   1 | Lys AAA   3   2   3   2   2   2 | Arg AGA   0   0   0   0   0   0
Met ATG   3   3   3   3   3   3 |     ACG   0   0   0   0   0   0 |     AAG   3   4   3   3   3   4 |     AGG   2   2   2   2   3   2
--------------------------------------------------------------------------------------------------------------------------------------
Val GTT   2   1   1   1   2   1 | Ala GCT   5   4   4   4   4   4 | Asp GAT   3   3   3   3   2   3 | Gly GGT   1   1   1   1   1   1
    GTC   0   1   1   1   0   1 |     GCC   2   3   3   3   3   3 |     GAC   2   2   2   1   1   2 |     GGC   0   0   0   1   1   0
    GTA   2   2   2   2   2   2 |     GCA   0   0   0   0   0   0 | Glu GAA   4   4   4   4   4   4 |     GGA   3   4   3   3   1   3
    GTG   0   0   0   0   0   0 |     GCG   0   0   0   0   0   0 |     GAG   2   2   2   2   2   2 |     GGG   1   0   1   1   2   1
--------------------------------------------------------------------------------------------------------------------------------------

--------------------------------------------------------------------------------------------------------------------------------------
Phe TTT   3   3   4   3   3   3 | Ser TCT   0   0   0   0   0   0 | Tyr TAT   2   2   2   3   2   2 | Cys TGT   0   0   0   0   0   0
    TTC   3   3   2   3   3   3 |     TCC   2   2   2   2   2   2 |     TAC   1   1   1   0   1   1 |     TGC   0   0   0   0   0   0
Leu TTA   1   1   0   1   2   2 |     TCA   0   0   0   0   0   0 | *** TAA   0   0   0   0   0   0 | *** TGA   0   0   0   0   0   0
    TTG   1   1   2   1   1   1 |     TCG   0   0   0   0   0   0 |     TAG   0   0   0   0   0   0 | Trp TGG   0   0   0   0   0   0
--------------------------------------------------------------------------------------------------------------------------------------
Leu CTT   1   1   1   1   1   1 | Pro CCT   4   4   4   4   4   4 | His CAT   2   2   2   2   2   2 | Arg CGT   1   1   1   1   1   1
    CTC   0   0   0   0   0   0 |     CCC   0   0   0   0   0   0 |     CAC   0   0   0   0   0   0 |     CGC   0   0   0   0   0   0
    CTA   1   1   0   1   0   0 |     CCA   3   2   2   3   2   2 | Gln CAA   0   1   0   0   0   0 |     CGA   0   0   0   0   0   0
    CTG   1   1   2   1   1   1 |     CCG   0   1   1   0   1   1 |     CAG   2   1   2   2   2   2 |     CGG   0   0   1   0   0   0
--------------------------------------------------------------------------------------------------------------------------------------
Ile ATT   1   1   1   1   1   1 | Thr ACT   1   1   1   1   1   1 | Asn AAT   5   4   4   4   4   4 | Ser AGT   0   0   0   0   0   0
    ATC   2   2   2   2   2   2 |     ACC   1   1   1   1   1   1 |     AAC   0   1   1   1   1   1 |     AGC   0   0   0   0   0   0
    ATA   0   0   0   0   0   0 |     ACA   1   1   1   1   1   1 | Lys AAA   3   3   3   3   3   3 | Arg AGA   1   0   0   0   0   0
Met ATG   3   3   3   3   3   3 |     ACG   0   0   0   0   0   0 |     AAG   3   3   3   3   3   3 |     AGG   1   2   1   2   2   2
--------------------------------------------------------------------------------------------------------------------------------------
Val GTT   2   2   1   1   1   1 | Ala GCT   5   5   5   5   4   4 | Asp GAT   3   3   3   3   3   3 | Gly GGT   1   1   1   1   1   1
    GTC   0   0   1   1   1   1 |     GCC   2   2   2   2   3   3 |     GAC   2   2   2   2   2   2 |     GGC   0   0   0   0   0   0
    GTA   2   2   2   2   2   2 |     GCA   0   0   0   0   0   0 | Glu GAA   4   4   4   4   4   4 |     GGA   3   3   3   3   3   2
    GTG   0   0   0   0   0   0 |     GCG   0   0   0   0   0   0 |     GAG   2   2   2   2   2   2 |     GGG   1   1   1   1   1   2
--------------------------------------------------------------------------------------------------------------------------------------

--------------------------------------------------------------------------------------------------------------------------------------
Phe TTT   3   3   3   3   3   3 | Ser TCT   0   0   0   0   0   0 | Tyr TAT   2   2   2   2   2   2 | Cys TGT   0   0   0   0   0   0
    TTC   3   3   3   3   3   3 |     TCC   2   2   2   2   2   2 |     TAC   1   1   1   1   1   1 |     TGC   0   0   0   0   0   0
Leu TTA   1   2   1   1   0   1 |     TCA   0   0   0   0   0   0 | *** TAA   0   0   0   0   0   0 | *** TGA   0   0   0   0   0   0
    TTG   1   1   1   1   2   1 |     TCG   0   0   0   0   0   0 |     TAG   0   0   0   0   0   0 | Trp TGG   0   0   0   0   0   0
--------------------------------------------------------------------------------------------------------------------------------------
Leu CTT   1   1   1   1   1   1 | Pro CCT   4   4   4   4   4   4 | His CAT   2   2   2   2   2   2 | Arg CGT   1   1   1   1   1   1
    CTC   0   0   0   0   0   0 |     CCC   0   0   0   0   0   0 |     CAC   0   0   0   0   0   0 |     CGC   0   0   0   0   0   0
    CTA   1   0   1   1   0   1 |     CCA   2   2   2   2   2   3 | Gln CAA   0   0   0   0   0   0 |     CGA   0   0   0   0   0   0
    CTG   1   1   1   1   2   1 |     CCG   1   1   1   1   1   0 |     CAG   2   2   2   2   2   2 |     CGG   0   0   0   0   0   0
--------------------------------------------------------------------------------------------------------------------------------------
Ile ATT   1   1   1   1   1   1 | Thr ACT   1   1   1   1   1   1 | Asn AAT   4   4   4   4   4   4 | Ser AGT   0   0   0   0   0   0
    ATC   2   2   2   2   2   2 |     ACC   1   1   1   1   1   1 |     AAC   1   1   1   1   1   1 |     AGC   0   0   0   0   0   0
    ATA   0   0   0   0   0   0 |     ACA   1   1   1   1   0   1 | Lys AAA   3   3   3   3   3   3 | Arg AGA   0   0   0   0   0   0
Met ATG   3   3   3   3   3   3 |     ACG   0   0   0   0   1   0 |     AAG   3   3   3   3   3   3 |     AGG   2   2   2   2   2   2
--------------------------------------------------------------------------------------------------------------------------------------
Val GTT   2   1   2   1   1   1 | Ala GCT   5   4   5   5   5   5 | Asp GAT   3   3   3   3   3   3 | Gly GGT   1   1   1   1   1   1
    GTC   0   1   0   1   1   1 |     GCC   2   3   2   2   2   2 |     GAC   2   2   2   2   2   2 |     GGC   0   0   0   0   0   0
    GTA   2   2   2   2   2   2 |     GCA   0   0   0   0   0   0 | Glu GAA   4   4   4   4   4   4 |     GGA   3   3   3   3   3   3
    GTG   0   0   0   0   0   0 |     GCG   0   0   0   0   0   0 |     GAG   2   2   2   2   2   2 |     GGG   1   1   1   1   1   1
--------------------------------------------------------------------------------------------------------------------------------------

--------------------------------------------------------------------------------------------------------------------------------------
Phe TTT   3   3   3   3   3   3 | Ser TCT   0   0   0   0   0   0 | Tyr TAT   2   2   2   2   2   2 | Cys TGT   0   0   0   0   0   0
    TTC   3   3   3   3   3   3 |     TCC   2   2   2   2   2   2 |     TAC   1   1   1   1   1   1 |     TGC   0   0   0   0   0   0
Leu TTA   2   2   1   2   1   1 |     TCA   0   0   0   0   0   0 | *** TAA   0   0   0   0   0   0 | *** TGA   0   0   0   0   0   0
    TTG   1   1   1   1   1   1 |     TCG   0   0   0   0   0   0 |     TAG   0   0   0   0   0   0 | Trp TGG   0   0   0   0   0   0
--------------------------------------------------------------------------------------------------------------------------------------
Leu CTT   1   1   1   1   1   1 | Pro CCT   4   4   4   4   4   4 | His CAT   2   2   2   2   2   2 | Arg CGT   1   1   1   1   1   1
    CTC   0   0   0   0   0   0 |     CCC   0   0   0   0   0   0 |     CAC   0   0   0   0   0   0 |     CGC   0   0   0   0   0   0
    CTA   0   0   1   0   1   1 |     CCA   3   3   2   2   3   2 | Gln CAA   0   0   0   0   0   0 |     CGA   0   0   0   0   0   0
    CTG   1   1   1   1   1   1 |     CCG   0   0   1   1   0   1 |     CAG   2   2   2   2   2   2 |     CGG   0   0   0   0   0   0
--------------------------------------------------------------------------------------------------------------------------------------
Ile ATT   1   1   2   1   1   1 | Thr ACT   1   1   1   1   1   1 | Asn AAT   4   4   4   4   4   4 | Ser AGT   0   0   0   0   0   0
    ATC   2   2   1   2   2   2 |     ACC   1   1   1   1   1   1 |     AAC   1   1   1   1   1   1 |     AGC   0   0   0   0   0   0
    ATA   0   0   0   0   0   0 |     ACA   1   1   1   1   1   1 | Lys AAA   3   4   3   3   3   3 | Arg AGA   0   0   0   0   0   0
Met ATG   3   3   3   3   3   3 |     ACG   0   0   0   0   0   0 |     AAG   3   2   3   3   3   3 |     AGG   2   2   2   2   2   2
--------------------------------------------------------------------------------------------------------------------------------------
Val GTT   1   1   2   1   1   2 | Ala GCT   4   4   4   4   5   5 | Asp GAT   3   3   3   3   3   3 | Gly GGT   1   1   1   1   1   1
    GTC   1   1   0   1   1   0 |     GCC   3   3   2   3   2   2 |     GAC   2   2   2   2   2   2 |     GGC   0   0   0   0   0   0
    GTA   1   2   2   2   2   2 |     GCA   0   0   1   0   0   0 | Glu GAA   4   4   5   4   4   4 |     GGA   3   3   3   3   3   3
    GTG   1   0   0   0   0   0 |     GCG   0   0   0   0   0   0 |     GAG   2   2   1   2   2   2 |     GGG   1   1   1   1   1   1
--------------------------------------------------------------------------------------------------------------------------------------

--------------------------------------------------------------------------------------------------------------------------------------
Phe TTT   3   3   3   3   3   3 | Ser TCT   0   0   0   0   0   0 | Tyr TAT   2   2   2   2   2   2 | Cys TGT   0   0   0   0   0   0
    TTC   3   3   3   3   3   3 |     TCC   2   2   2   2   2   2 |     TAC   1   1   1   1   1   1 |     TGC   0   0   0   0   0   0
Leu TTA   2   2   1   1   1   2 |     TCA   0   0   0   0   0   0 | *** TAA   0   0   0   0   0   0 | *** TGA   0   0   0   0   0   0
    TTG   1   1   1   1   1   1 |     TCG   0   0   0   0   0   0 |     TAG   0   0   0   0   0   0 | Trp TGG   0   0   0   0   0   0
--------------------------------------------------------------------------------------------------------------------------------------
Leu CTT   1   1   1   1   1   1 | Pro CCT   4   4   4   4   4   4 | His CAT   2   2   2   2   2   2 | Arg CGT   1   1   1   1   1   1
    CTC   0   0   0   0   0   0 |     CCC   0   0   0   0   0   0 |     CAC   0   0   0   0   0   0 |     CGC   0   0   0   0   0   0
    CTA   0   0   1   1   1   0 |     CCA   2   2   2   3   2   2 | Gln CAA   0   0   0   0   0   0 |     CGA   0   0   0   0   0   0
    CTG   1   1   1   1   1   1 |     CCG   1   1   1   0   1   1 |     CAG   2   2   2   2   2   2 |     CGG   0   0   0   0   0   0
--------------------------------------------------------------------------------------------------------------------------------------
Ile ATT   1   1   1   1   1   1 | Thr ACT   1   1   1   1   1   1 | Asn AAT   4   4   4   4   4   4 | Ser AGT   0   0   0   0   0   0
    ATC   2   2   2   2   2   2 |     ACC   1   1   1   1   1   1 |     AAC   1   1   1   1   1   1 |     AGC   0   0   0   0   0   0
    ATA   0   0   0   0   0   0 |     ACA   1   1   1   1   1   1 | Lys AAA   3   3   3   3   3   3 | Arg AGA   0   0   0   0   0   0
Met ATG   3   3   3   3   3   3 |     ACG   0   0   0   0   0   0 |     AAG   3   3   3   3   3   3 |     AGG   2   2   2   2   2   2
--------------------------------------------------------------------------------------------------------------------------------------
Val GTT   1   1   2   1   2   1 | Ala GCT   4   4   5   5   5   4 | Asp GAT   3   4   3   3   3   3 | Gly GGT   1   0   1   1   1   1
    GTC   1   1   0   1   0   1 |     GCC   3   3   2   2   2   3 |     GAC   2   1   2   2   2   2 |     GGC   0   1   0   0   0   0
    GTA   2   2   2   2   2   2 |     GCA   0   0   0   0   0   0 | Glu GAA   4   4   4   4   4   4 |     GGA   3   3   3   2   3   3
    GTG   0   0   0   0   0   0 |     GCG   0   0   0   0   0   0 |     GAG   2   2   2   2   2   2 |     GGG   1   1   1   2   1   1
--------------------------------------------------------------------------------------------------------------------------------------

--------------------------------------------------------------------------------------------------------------------------------------
Phe TTT   3   3   3   3   3   3 | Ser TCT   0   0   0   0   0   0 | Tyr TAT   2   2   2   2   3   2 | Cys TGT   0   0   0   0   0   0
    TTC   3   3   3   3   3   3 |     TCC   2   2   2   2   2   2 |     TAC   1   1   1   1   0   1 |     TGC   0   0   0   0   0   0
Leu TTA   1   2   2   1   2   1 |     TCA   0   0   0   0   0   0 | *** TAA   0   0   0   0   0   0 | *** TGA   0   0   0   0   0   0
    TTG   1   1   1   1   1   1 |     TCG   0   0   0   0   0   0 |     TAG   0   0   0   0   0   0 | Trp TGG   0   0   0   0   0   0
--------------------------------------------------------------------------------------------------------------------------------------
Leu CTT   1   1   1   1   1   1 | Pro CCT   4   4   4   4   4   4 | His CAT   2   2   2   2   2   2 | Arg CGT   1   1   1   1   1   1
    CTC   0   0   0   0   0   0 |     CCC   0   0   0   0   0   0 |     CAC   0   0   0   0   0   0 |     CGC   0   0   0   0   0   0
    CTA   1   0   0   1   0   1 |     CCA   3   2   2   3   2   2 | Gln CAA   0   0   0   0   0   0 |     CGA   0   0   0   0   0   0
    CTG   1   1   1   1   1   1 |     CCG   0   1   1   0   1   1 |     CAG   2   2   2   2   2   2 |     CGG   0   0   0   0   0   0
--------------------------------------------------------------------------------------------------------------------------------------
Ile ATT   1   1   1   1   1   1 | Thr ACT   1   1   1   1   1   1 | Asn AAT   4   4   4   4   3   4 | Ser AGT   0   0   0   0   0   0
    ATC   2   2   2   2   2   2 |     ACC   1   1   1   1   1   1 |     AAC   1   1   1   1   2   1 |     AGC   0   0   0   0   0   0
    ATA   0   0   0   0   0   0 |     ACA   1   1   1   1   2   1 | Lys AAA   3   3   3   3   3   3 | Arg AGA   1   0   0   0   0   0
Met ATG   3   3   3   3   3   3 |     ACG   0   0   0   0   0   0 |     AAG   3   3   3   3   3   3 |     AGG   1   2   2   2   2   2
--------------------------------------------------------------------------------------------------------------------------------------
Val GTT   1   1   1   1   1   2 | Ala GCT   5   4   4   5   3   5 | Asp GAT   3   3   3   3   3   3 | Gly GGT   1   1   1   1   1   1
    GTC   1   1   1   1   1   0 |     GCC   2   3   3   2   3   2 |     GAC   2   2   2   2   2   2 |     GGC   0   0   0   0   0   1
    GTA   2   2   2   2   2   2 |     GCA   0   0   0   0   0   0 | Glu GAA   4   4   4   4   4   4 |     GGA   3   3   2   3   3   2
    GTG   0   0   0   0   0   0 |     GCG   0   0   0   0   0   0 |     GAG   2   2   2   2   2   2 |     GGG   1   1   2   1   1   1
--------------------------------------------------------------------------------------------------------------------------------------

--------------------------------------------------------------------------------------------------------------------------------------
Phe TTT   3   3   3   3   3   3 | Ser TCT   0   0   0   0   0   0 | Tyr TAT   2   2   2   2   2   2 | Cys TGT   0   0   0   0   0   0
    TTC   3   3   3   3   3   3 |     TCC   2   2   2   2   2   2 |     TAC   1   1   1   1   1   1 |     TGC   0   0   0   0   0   0
Leu TTA   1   2   1   1   1   2 |     TCA   0   0   0   0   0   0 | *** TAA   0   0   0   0   0   0 | *** TGA   0   0   0   0   0   0
    TTG   1   0   1   1   1   1 |     TCG   0   0   0   0   0   0 |     TAG   0   0   0   0   0   0 | Trp TGG   0   0   0   0   0   0
--------------------------------------------------------------------------------------------------------------------------------------
Leu CTT   1   1   1   1   1   1 | Pro CCT   4   4   4   4   4   4 | His CAT   2   2   2   2   2   2 | Arg CGT   1   1   1   1   1   1
    CTC   0   0   0   0   0   0 |     CCC   0   0   0   0   0   0 |     CAC   0   0   0   0   0   0 |     CGC   0   0   0   0   0   0
    CTA   1   0   1   1   2   0 |     CCA   2   2   2   3   3   2 | Gln CAA   0   0   0   0   0   0 |     CGA   0   0   0   0   0   0
    CTG   1   2   1   1   0   1 |     CCG   1   1   1   0   0   1 |     CAG   2   2   2   2   2   2 |     CGG   0   0   0   0   0   0
--------------------------------------------------------------------------------------------------------------------------------------
Ile ATT   1   1   1   1   1   1 | Thr ACT   1   1   1   1   1   1 | Asn AAT   3   4   4   4   4   4 | Ser AGT   0   0   0   0   0   0
    ATC   2   2   2   2   2   2 |     ACC   1   1   1   1   1   1 |     AAC   2   1   1   1   1   1 |     AGC   0   0   0   0   0   0
    ATA   0   0   0   0   0   0 |     ACA   0   1   1   1   1   1 | Lys AAA   3   3   3   3   3   3 | Arg AGA   0   0   0   0   0   0
Met ATG   3   3   3   3   3   3 |     ACG   1   0   0   0   0   0 |     AAG   3   3   3   3   3   3 |     AGG   2   2   2   2   2   2
--------------------------------------------------------------------------------------------------------------------------------------
Val GTT   2   1   2   2   1   1 | Ala GCT   4   4   5   5   5   4 | Asp GAT   3   2   3   3   4   3 | Gly GGT   1   1   1   1   1   1
    GTC   0   1   0   0   1   1 |     GCC   2   3   2   2   2   3 |     GAC   2   3   2   2   1   2 |     GGC   0   0   0   0   0   0
    GTA   1   1   2   2   2   2 |     GCA   1   0   0   0   0   0 | Glu GAA   4   4   4   4   3   4 |     GGA   3   2   3   3   3   3
    GTG   1   1   0   0   0   0 |     GCG   0   0   0   0   0   0 |     GAG   2   2   2   2   3   2 |     GGG   1   2   1   1   1   1
--------------------------------------------------------------------------------------------------------------------------------------

--------------------------------------------------------------------------------------------------------------------------------------
Phe TTT   3   3   3   3   3   3 | Ser TCT   0   0   0   0   0   0 | Tyr TAT   2   2   2   2   2   2 | Cys TGT   0   0   0   0   0   0
    TTC   3   3   3   3   3   3 |     TCC   2   2   2   2   2   2 |     TAC   1   1   1   1   1   1 |     TGC   0   0   0   0   0   0
Leu TTA   2   1   2   2   2   0 |     TCA   0   0   0   0   0   0 | *** TAA   0   0   0   0   0   0 | *** TGA   0   0   0   0   0   0
    TTG   1   1   1   1   0   2 |     TCG   0   0   0   0   0   0 |     TAG   0   0   0   0   0   0 | Trp TGG   0   0   0   0   0   0
--------------------------------------------------------------------------------------------------------------------------------------
Leu CTT   1   1   1   1   1   1 | Pro CCT   4   4   4   4   4   4 | His CAT   2   2   2   2   2   2 | Arg CGT   1   1   1   1   1   1
    CTC   0   0   0   0   0   0 |     CCC   0   0   0   0   0   0 |     CAC   0   0   0   0   0   0 |     CGC   0   0   0   0   0   0
    CTA   0   1   0   0   0   1 |     CCA   2   3   2   2   2   1 | Gln CAA   0   0   0   0   0   0 |     CGA   0   0   0   0   0   0
    CTG   1   1   1   1   2   1 |     CCG   1   0   1   1   1   2 |     CAG   2   2   2   2   2   2 |     CGG   0   0   0   0   0   0
--------------------------------------------------------------------------------------------------------------------------------------
Ile ATT   1   1   1   1   1   1 | Thr ACT   1   1   1   1   1   1 | Asn AAT   4   4   4   4   4   4 | Ser AGT   0   0   0   0   0   0
    ATC   2   2   2   2   2   2 |     ACC   1   1   1   1   1   1 |     AAC   1   1   1   1   1   1 |     AGC   0   0   0   0   0   0
    ATA   0   0   0   0   0   0 |     ACA   1   1   1   1   1   1 | Lys AAA   3   3   3   3   3   3 | Arg AGA   0   0   0   0   0   0
Met ATG   3   3   3   3   3   3 |     ACG   0   0   0   0   0   0 |     AAG   3   3   3   3   3   3 |     AGG   2   2   2   2   2   2
--------------------------------------------------------------------------------------------------------------------------------------
Val GTT   1   1   1   1   1   1 | Ala GCT   4   5   3   4   4   5 | Asp GAT   3   3   3   3   2   4 | Gly GGT   1   1   1   1   1   1
    GTC   1   1   1   1   1   1 |     GCC   3   2   4   3   3   2 |     GAC   2   2   2   2   3   1 |     GGC   0   0   0   0   0   0
    GTA   2   2   2   2   1   2 |     GCA   0   0   0   0   0   0 | Glu GAA   4   4   4   4   4   4 |     GGA   3   3   2   3   2   3
    GTG   0   0   0   0   1   0 |     GCG   0   0   0   0   0   0 |     GAG   2   2   2   2   2   2 |     GGG   1   1   2   1   2   1
--------------------------------------------------------------------------------------------------------------------------------------

--------------------------------------------------------------------------------------------------------------------------------------
Phe TTT   3   3   3   3   3   3 | Ser TCT   0   0   0   0   0   0 | Tyr TAT   2   2   2   2   2   2 | Cys TGT   0   0   0   0   0   0
    TTC   3   3   3   3   3   3 |     TCC   2   2   2   2   2   2 |     TAC   1   1   1   1   1   1 |     TGC   0   0   0   0   0   0
Leu TTA   1   0   0   2   2   2 |     TCA   0   0   0   0   0   0 | *** TAA   0   0   0   0   0   0 | *** TGA   0   0   0   0   0   0
    TTG   1   2   2   1   1   1 |     TCG   0   0   0   0   0   0 |     TAG   0   0   0   0   0   0 | Trp TGG   0   0   0   0   0   0
--------------------------------------------------------------------------------------------------------------------------------------
Leu CTT   1   1   1   0   1   1 | Pro CCT   4   4   4   4   4   4 | His CAT   2   2   2   2   2   2 | Arg CGT   1   1   1   1   1   1
    CTC   0   0   0   1   0   0 |     CCC   0   0   0   0   0   0 |     CAC   0   0   0   0   0   0 |     CGC   0   0   0   0   0   0
    CTA   1   1   1   0   0   0 |     CCA   2   1   2   2   2   2 | Gln CAA   0   0   0   0   0   0 |     CGA   0   0   0   0   0   0
    CTG   1   1   1   1   1   1 |     CCG   1   2   1   1   1   1 |     CAG   2   2   2   2   2   2 |     CGG   0   0   0   0   0   0
--------------------------------------------------------------------------------------------------------------------------------------
Ile ATT   1   1   1   1   1   1 | Thr ACT   1   1   1   1   1   1 | Asn AAT   4   4   4   4   4   4 | Ser AGT   0   0   0   0   0   0
    ATC   2   2   2   2   2   2 |     ACC   1   1   1   1   1   1 |     AAC   1   1   1   1   1   1 |     AGC   0   0   0   0   0   0
    ATA   0   0   0   0   0   0 |     ACA   1   1   1   1   1   1 | Lys AAA   3   3   3   3   3   3 | Arg AGA   0   0   0   0   0   0
Met ATG   3   3   3   3   3   3 |     ACG   0   0   0   0   0   0 |     AAG   3   3   3   3   3   3 |     AGG   2   2   2   2   2   2
--------------------------------------------------------------------------------------------------------------------------------------
Val GTT   1   1   1   1   1   1 | Ala GCT   5   5   5   4   4   4 | Asp GAT   3   3   3   3   3   3 | Gly GGT   1   1   1   1   1   1
    GTC   1   1   1   1   1   1 |     GCC   2   2   2   3   3   3 |     GAC   2   2   2   2   2   2 |     GGC   0   0   0   0   0   0
    GTA   2   2   2   2   2   2 |     GCA   0   0   0   0   0   0 | Glu GAA   4   4   4   4   4   4 |     GGA   3   3   3   3   3   3
    GTG   0   0   0   0   0   0 |     GCG   0   0   0   0   0   0 |     GAG   2   2   2   2   2   2 |     GGG   1   1   1   1   1   1
--------------------------------------------------------------------------------------------------------------------------------------

Codon position x base (3x4) table for each sequence.

#1: Argali         
position  1:    T:0.16883    C:0.19481    A:0.28571    G:0.35065
position  2:    T:0.27273    C:0.24675    A:0.37662    G:0.10390
position  3:    T:0.38961    C:0.18182    A:0.23377    G:0.19481
Average         T:0.27706    C:0.20779    A:0.29870    G:0.21645

#2: LesserMouseDeer
position  1:    T:0.18182    C:0.18182    A:0.28571    G:0.35065
position  2:    T:0.27273    C:0.24675    A:0.37662    G:0.10390
position  3:    T:0.37662    C:0.19481    A:0.24675    G:0.18182
Average         T:0.27706    C:0.20779    A:0.30303    G:0.21212

#3: LesserKudu     
position  1:    T:0.18182    C:0.18182    A:0.28571    G:0.35065
position  2:    T:0.27273    C:0.24675    A:0.37662    G:0.10390
position  3:    T:0.36364    C:0.20779    A:0.23377    G:0.19481
Average         T:0.27273    C:0.21212    A:0.29870    G:0.21645

#4: ForestMuskDeer2
position  1:    T:0.18182    C:0.18182    A:0.28571    G:0.35065
position  2:    T:0.27273    C:0.24675    A:0.36364    G:0.11688
position  3:    T:0.35065    C:0.23377    A:0.20779    G:0.20779
Average         T:0.26840    C:0.22078    A:0.28571    G:0.22511

#5: Camel          
position  1:    T:0.19481    C:0.18182    A:0.29870    G:0.32468
position  2:    T:0.27273    C:0.24675    A:0.36364    G:0.11688
position  3:    T:0.37662    C:0.20779    A:0.23377    G:0.18182
Average         T:0.28139    C:0.21212    A:0.29870    G:0.20779

#6: KillerWhale    
position  1:    T:0.19481    C:0.16883    A:0.28571    G:0.35065
position  2:    T:0.27273    C:0.24675    A:0.37662    G:0.10390
position  3:    T:0.36364    C:0.20779    A:0.23377    G:0.19481
Average         T:0.27706    C:0.20779    A:0.29870    G:0.21645

#7: DefassaWaterbuck
position  1:    T:0.16883    C:0.19481    A:0.28571    G:0.35065
position  2:    T:0.27273    C:0.24675    A:0.37662    G:0.10390
position  3:    T:0.40260    C:0.16883    A:0.24675    G:0.18182
Average         T:0.28139    C:0.20346    A:0.30303    G:0.21212

#8: Sheep          
position  1:    T:0.16883    C:0.19481    A:0.28571    G:0.35065
position  2:    T:0.27273    C:0.24675    A:0.37662    G:0.10390
position  3:    T:0.38961    C:0.18182    A:0.23377    G:0.19481
Average         T:0.27706    C:0.20779    A:0.29870    G:0.21645

#9: MaxwellsDuiker 
position  1:    T:0.16883    C:0.20779    A:0.27273    G:0.35065
position  2:    T:0.27273    C:0.24675    A:0.37662    G:0.10390
position  3:    T:0.38961    C:0.18182    A:0.19481    G:0.23377
Average         T:0.27706    C:0.21212    A:0.28139    G:0.22944

#10: GazellaPrzewalskyi
position  1:    T:0.16883    C:0.19481    A:0.28571    G:0.35065
position  2:    T:0.27273    C:0.24675    A:0.37662    G:0.10390
position  3:    T:0.38961    C:0.18182    A:0.23377    G:0.19481
Average         T:0.27706    C:0.20779    A:0.29870    G:0.21645

#11: MountainNyala  
position  1:    T:0.18182    C:0.18182    A:0.28571    G:0.35065
position  2:    T:0.27273    C:0.24675    A:0.37662    G:0.10390
position  3:    T:0.36364    C:0.20779    A:0.22078    G:0.20779
Average         T:0.27273    C:0.21212    A:0.29437    G:0.22078

#12: MuntiacusMuntjak
position  1:    T:0.18182    C:0.18182    A:0.28571    G:0.35065
position  2:    T:0.27273    C:0.24675    A:0.37662    G:0.10390
position  3:    T:0.36364    C:0.20779    A:0.20779    G:0.22078
Average         T:0.27273    C:0.21212    A:0.29004    G:0.22511

#13: goat           
position  1:    T:0.16883    C:0.19481    A:0.28571    G:0.35065
position  2:    T:0.27273    C:0.24675    A:0.37662    G:0.10390
position  3:    T:0.38961    C:0.18182    A:0.22078    G:0.20779
Average         T:0.27706    C:0.20779    A:0.29437    G:0.22078

#14: AfricanBuffalo 
position  1:    T:0.18182    C:0.18182    A:0.28571    G:0.35065
position  2:    T:0.27273    C:0.24675    A:0.37662    G:0.10390
position  3:    T:0.36364    C:0.20779    A:0.22078    G:0.20779
Average         T:0.27273    C:0.21212    A:0.29437    G:0.22078

#15: Topi           
position  1:    T:0.16883    C:0.19481    A:0.28571    G:0.35065
position  2:    T:0.27273    C:0.24675    A:0.37662    G:0.10390
position  3:    T:0.38961    C:0.18182    A:0.22078    G:0.20779
Average         T:0.27706    C:0.20779    A:0.29437    G:0.22078

#16: CommonDuiker   
position  1:    T:0.16883    C:0.19481    A:0.28571    G:0.35065
position  2:    T:0.27273    C:0.24675    A:0.37662    G:0.10390
position  3:    T:0.37662    C:0.19481    A:0.22078    G:0.20779
Average         T:0.27273    C:0.21212    A:0.29437    G:0.22078

#17: Suni           
position  1:    T:0.16883    C:0.19481    A:0.28571    G:0.35065
position  2:    T:0.27273    C:0.24675    A:0.37662    G:0.10390
position  3:    T:0.37662    C:0.19481    A:0.18182    G:0.24675
Average         T:0.27273    C:0.21212    A:0.28139    G:0.23377

#18: Springbuck     
position  1:    T:0.16883    C:0.19481    A:0.28571    G:0.35065
position  2:    T:0.27273    C:0.24675    A:0.37662    G:0.10390
position  3:    T:0.37662    C:0.19481    A:0.23377    G:0.19481
Average         T:0.27273    C:0.21212    A:0.29870    G:0.21645

#19: Okapi          
position  1:    T:0.18182    C:0.18182    A:0.28571    G:0.35065
position  2:    T:0.27273    C:0.24675    A:0.37662    G:0.10390
position  3:    T:0.36364    C:0.20779    A:0.22078    G:0.20779
Average         T:0.27273    C:0.21212    A:0.29437    G:0.22078

#20: Giraffe        
position  1:    T:0.18182    C:0.18182    A:0.28571    G:0.35065
position  2:    T:0.27273    C:0.24675    A:0.37662    G:0.10390
position  3:    T:0.36364    C:0.20779    A:0.24675    G:0.18182
Average         T:0.27273    C:0.21212    A:0.30303    G:0.21212

#21: TibetanAntelope
position  1:    T:0.16883    C:0.19481    A:0.28571    G:0.35065
position  2:    T:0.27273    C:0.24675    A:0.37662    G:0.10390
position  3:    T:0.38961    C:0.16883    A:0.24675    G:0.19481
Average         T:0.27706    C:0.20346    A:0.30303    G:0.21645

#22: Sitatunga      
position  1:    T:0.18182    C:0.18182    A:0.28571    G:0.35065
position  2:    T:0.27273    C:0.24675    A:0.37662    G:0.10390
position  3:    T:0.36364    C:0.20779    A:0.22078    G:0.20779
Average         T:0.27273    C:0.21212    A:0.29437    G:0.22078

#23: Oribi          
position  1:    T:0.16883    C:0.19481    A:0.28571    G:0.35065
position  2:    T:0.27273    C:0.24675    A:0.37662    G:0.10390
position  3:    T:0.37662    C:0.19481    A:0.23377    G:0.19481
Average         T:0.27273    C:0.21212    A:0.29870    G:0.21645

#24: BarbarySheep   
position  1:    T:0.16883    C:0.19481    A:0.28571    G:0.35065
position  2:    T:0.27273    C:0.24675    A:0.37662    G:0.10390
position  3:    T:0.38961    C:0.18182    A:0.22078    G:0.20779
Average         T:0.27706    C:0.20779    A:0.29437    G:0.22078

#25: Daviddeer      
position  1:    T:0.18182    C:0.18182    A:0.28571    G:0.35065
position  2:    T:0.27273    C:0.24675    A:0.37662    G:0.10390
position  3:    T:0.36364    C:0.20779    A:0.22078    G:0.20779
Average         T:0.27273    C:0.21212    A:0.29437    G:0.22078

#26: Reindeer       
position  1:    T:0.18182    C:0.18182    A:0.28571    G:0.35065
position  2:    T:0.27273    C:0.24675    A:0.37662    G:0.10390
position  3:    T:0.36364    C:0.20779    A:0.22078    G:0.20779
Average         T:0.27273    C:0.21212    A:0.29437    G:0.22078

#27: Ibex           
position  1:    T:0.16883    C:0.19481    A:0.28571    G:0.35065
position  2:    T:0.27273    C:0.24675    A:0.37662    G:0.10390
position  3:    T:0.38961    C:0.18182    A:0.22078    G:0.20779
Average         T:0.27706    C:0.20779    A:0.29437    G:0.22078

#28: GyrantGazelle  
position  1:    T:0.16883    C:0.19481    A:0.28571    G:0.35065
position  2:    T:0.27273    C:0.24675    A:0.37662    G:0.10390
position  3:    T:0.37662    C:0.19481    A:0.22078    G:0.20779
Average         T:0.27273    C:0.21212    A:0.29437    G:0.22078

#29: Hartebeest     
position  1:    T:0.16883    C:0.19481    A:0.28571    G:0.35065
position  2:    T:0.27273    C:0.24675    A:0.37662    G:0.10390
position  3:    T:0.38961    C:0.18182    A:0.22078    G:0.20779
Average         T:0.27706    C:0.20779    A:0.29437    G:0.22078

#30: Bongo          
position  1:    T:0.18182    C:0.18182    A:0.28571    G:0.35065
position  2:    T:0.27273    C:0.24675    A:0.37662    G:0.10390
position  3:    T:0.36364    C:0.20779    A:0.22078    G:0.20779
Average         T:0.27273    C:0.21212    A:0.29437    G:0.22078

#31: Gerenuk        
position  1:    T:0.16883    C:0.19481    A:0.28571    G:0.35065
position  2:    T:0.27273    C:0.24675    A:0.37662    G:0.10390
position  3:    T:0.37662    C:0.19481    A:0.24675    G:0.18182
Average         T:0.27273    C:0.21212    A:0.30303    G:0.21212

#32: CommonEland    
position  1:    T:0.18182    C:0.18182    A:0.28571    G:0.35065
position  2:    T:0.27273    C:0.24675    A:0.37662    G:0.10390
position  3:    T:0.36364    C:0.20779    A:0.22078    G:0.20779
Average         T:0.27273    C:0.21212    A:0.29437    G:0.22078

#33: MuntiacusReevesi
position  1:    T:0.18182    C:0.18182    A:0.28571    G:0.35065
position  2:    T:0.27273    C:0.24675    A:0.37662    G:0.10390
position  3:    T:0.36364    C:0.20779    A:0.20779    G:0.22078
Average         T:0.27273    C:0.21212    A:0.29004    G:0.22511

#34: HarveysDuiker  
position  1:    T:0.16883    C:0.19481    A:0.28571    G:0.35065
position  2:    T:0.27273    C:0.24675    A:0.37662    G:0.10390
position  3:    T:0.37662    C:0.19481    A:0.23377    G:0.19481
Average         T:0.27273    C:0.21212    A:0.29870    G:0.21645

#35: Pronghorn      
position  1:    T:0.18182    C:0.18182    A:0.29870    G:0.33766
position  2:    T:0.27273    C:0.24675    A:0.37662    G:0.10390
position  3:    T:0.35065    C:0.20779    A:0.23377    G:0.20779
Average         T:0.26840    C:0.21212    A:0.30303    G:0.21645

#36: BlueWildebeest 
position  1:    T:0.16883    C:0.19481    A:0.28571    G:0.35065
position  2:    T:0.27273    C:0.24675    A:0.37662    G:0.10390
position  3:    T:0.38961    C:0.19481    A:0.20779    G:0.20779
Average         T:0.27706    C:0.21212    A:0.29004    G:0.22078

#37: Gemsbok        
position  1:    T:0.16883    C:0.19481    A:0.28571    G:0.35065
position  2:    T:0.27273    C:0.24675    A:0.37662    G:0.10390
position  3:    T:0.36364    C:0.19481    A:0.20779    G:0.23377
Average         T:0.26840    C:0.21212    A:0.29004    G:0.22944

#38: Yak            
position  1:    T:0.16883    C:0.19481    A:0.28571    G:0.35065
position  2:    T:0.27273    C:0.24675    A:0.37662    G:0.10390
position  3:    T:0.35065    C:0.22078    A:0.19481    G:0.23377
Average         T:0.26407    C:0.22078    A:0.28571    G:0.22944

#39: BlueSheep      
position  1:    T:0.16883    C:0.19481    A:0.28571    G:0.35065
position  2:    T:0.27273    C:0.24675    A:0.37662    G:0.10390
position  3:    T:0.38961    C:0.18182    A:0.22078    G:0.20779
Average         T:0.27706    C:0.20779    A:0.29437    G:0.22078

#40: BohorReedbuck  
position  1:    T:0.16883    C:0.19481    A:0.28571    G:0.35065
position  2:    T:0.27273    C:0.24675    A:0.37662    G:0.10390
position  3:    T:0.38961    C:0.18182    A:0.23377    G:0.19481
Average         T:0.27706    C:0.20779    A:0.29870    G:0.21645

#41: KirksDik       
position  1:    T:0.16883    C:0.19481    A:0.28571    G:0.35065
position  2:    T:0.27273    C:0.24675    A:0.37662    G:0.10390
position  3:    T:0.38961    C:0.18182    A:0.23377    G:0.19481
Average         T:0.27706    C:0.20779    A:0.29870    G:0.21645

#42: RoeDeer        
position  1:    T:0.18182    C:0.18182    A:0.28571    G:0.35065
position  2:    T:0.27273    C:0.24675    A:0.37662    G:0.10390
position  3:    T:0.36364    C:0.20779    A:0.22078    G:0.20779
Average         T:0.27273    C:0.21212    A:0.29437    G:0.22078

#43: WhiteLippedDeer
position  1:    T:0.18182    C:0.18182    A:0.28571    G:0.35065
position  2:    T:0.27273    C:0.24675    A:0.37662    G:0.10390
position  3:    T:0.36364    C:0.20779    A:0.22078    G:0.20779
Average         T:0.27273    C:0.21212    A:0.29437    G:0.22078

#44: ThomsonGazelle 
position  1:    T:0.16883    C:0.19481    A:0.28571    G:0.35065
position  2:    T:0.27273    C:0.24675    A:0.37662    G:0.10390
position  3:    T:0.37662    C:0.19481    A:0.23377    G:0.19481
Average         T:0.27273    C:0.21212    A:0.29870    G:0.21645

#45: MuntiacusCrinifrons
position  1:    T:0.18182    C:0.18182    A:0.28571    G:0.35065
position  2:    T:0.27273    C:0.24675    A:0.37662    G:0.10390
position  3:    T:0.35065    C:0.22078    A:0.20779    G:0.22078
Average         T:0.26840    C:0.21645    A:0.29004    G:0.22511

#46: WhiteTailedDeer
position  1:    T:0.18182    C:0.18182    A:0.28571    G:0.35065
position  2:    T:0.27273    C:0.24675    A:0.37662    G:0.10390
position  3:    T:0.36364    C:0.20779    A:0.22078    G:0.20779
Average         T:0.27273    C:0.21212    A:0.29437    G:0.22078

#47: Cattle         
position  1:    T:0.16883    C:0.19481    A:0.28571    G:0.35065
position  2:    T:0.27273    C:0.24675    A:0.37662    G:0.10390
position  3:    T:0.35065    C:0.22078    A:0.19481    G:0.23377
Average         T:0.26407    C:0.22078    A:0.28571    G:0.22944

#48: RoyalAntelope  
position  1:    T:0.16883    C:0.19481    A:0.28571    G:0.35065
position  2:    T:0.27273    C:0.24675    A:0.37662    G:0.10390
position  3:    T:0.38961    C:0.18182    A:0.19481    G:0.23377
Average         T:0.27706    C:0.20779    A:0.28571    G:0.22944

#49: Steenbok       
position  1:    T:0.16883    C:0.19481    A:0.28571    G:0.35065
position  2:    T:0.27273    C:0.24675    A:0.37662    G:0.10390
position  3:    T:0.37662    C:0.19481    A:0.22078    G:0.20779
Average         T:0.27273    C:0.21212    A:0.29437    G:0.22078

#50: Impala         
position  1:    T:0.16883    C:0.19481    A:0.28571    G:0.35065
position  2:    T:0.27273    C:0.24675    A:0.37662    G:0.10390
position  3:    T:0.37662    C:0.19481    A:0.19481    G:0.23377
Average         T:0.27273    C:0.21212    A:0.28571    G:0.22944

#51: Klipspringer   
position  1:    T:0.16883    C:0.19481    A:0.28571    G:0.35065
position  2:    T:0.27273    C:0.24675    A:0.37662    G:0.10390
