CODONML (in paml version 4.10.7, June 2023)  /home/rachel/ruminants_paml/6406-phy-tree/ENSBTAT00000028227.fasta.phy
Model: free dN/dS Ratios for branches,  kappa = 2.000 fixed

Codon frequency model: F3x4
ns =  54  ls =  88

Codon usage in sequences
--------------------------------------------------------------------------------------------------------------------------------------
Phe TTT   2   2   2   2   2   1 | Ser TCT   2   2   2   2   2   1 | Tyr TAT   1   1   1   3   1   3 | Cys TGT   0   0   0   0   0   0
    TTC   0   0   0   0   0   1 |     TCC   2   2   2   2   1   3 |     TAC   3   3   3   1   3   1 |     TGC   1   1   1   1   1   1
Leu TTA   0   0   0   0   1   1 |     TCA   0   0   0   0   0   0 | *** TAA   0   0   0   0   0   0 | *** TGA   0   0   0   0   0   0
    TTG   2   2   2   2   0   2 |     TCG   0   0   0   0   1   0 |     TAG   0   0   0   0   0   0 | Trp TGG   4   4   4   4   4   4
--------------------------------------------------------------------------------------------------------------------------------------
Leu CTT   0   1   0   0   1   1 | Pro CCT   1   1   1   1   2   2 | His CAT   0   0   0   0   0   0 | Arg CGT   1   1   1   1   0   1
    CTC   3   3   3   3   3   3 |     CCC   3   3   3   3   4   2 |     CAC   1   1   1   1   1   1 |     CGC   0   0   0   0   0   0
    CTA   0   0   0   0   0   0 |     CCA   1   2   1   2   0   0 | Gln CAA   0   0   0   0   0   0 |     CGA   0   1   0   0   0   0
    CTG   4   3   4   4   4   2 |     CCG   1   0   1   0   0   2 |     CAG   0   0   0   0   0   0 |     CGG   0   0   0   0   1   0
--------------------------------------------------------------------------------------------------------------------------------------
Ile ATT   1   2   1   1   0   2 | Thr ACT   2   1   2   1   1   1 | Asn AAT   0   0   0   0   0   1 | Ser AGT   0   0   1   1   1   0
    ATC   3   2   3   3   3   2 |     ACC   2   2   2   3   4   4 |     AAC   1   1   1   1   1   0 |     AGC   3   3   2   2   2   3
    ATA   0   0   0   0   0   0 |     ACA   0   2   1   0   0   0 | Lys AAA   1   1   1   1   1   1 | Arg AGA   2   0   2   1   1   1
Met ATG   3   3   3   3   3   3 |     ACG   2   1   1   2   1   1 |     AAG   4   4   4   4   4   4 |     AGG   1   2   1   2   2   2
--------------------------------------------------------------------------------------------------------------------------------------
Val GTT   1   0   0   1   2   0 | Ala GCT   1   1   1   1   2   1 | Asp GAT   0   1   1   0   1   0 | Gly GGT   0   0   0   0   1   1
    GTC   1   3   1   1   2   3 |     GCC   4   4   4   4   4   4 |     GAC   2   1   1   2   1   2 |     GGC   4   2   4   5   3   2
    GTA   0   0   0   1   0   0 |     GCA   2   2   1   2   1   4 | Glu GAA   2   2   2   2   2   2 |     GGA   3   3   3   2   3   3
    GTG   5   4   6   4   4   4 |     GCG   2   2   3   2   2   0 |     GAG   3   3   3   3   3   3 |     GGG   1   3   1   1   1   2
--------------------------------------------------------------------------------------------------------------------------------------

--------------------------------------------------------------------------------------------------------------------------------------
Phe TTT   2   2   2   2   2   2 | Ser TCT   2   2   2   1   2   1 | Tyr TAT   2   1   0   1   1   2 | Cys TGT   0   0   0   0   0   0
    TTC   0   0   0   0   0   0 |     TCC   2   2   2   2   2   3 |     TAC   2   3   4   3   3   2 |     TGC   1   1   1   1   1   1
Leu TTA   0   0   0   0   0   0 |     TCA   0   0   0   0   0   0 | *** TAA   0   0   0   0   0   0 | *** TGA   0   0   0   0   0   0
    TTG   2   2   2   2   2   2 |     TCG   0   0   0   1   0   0 |     TAG   0   0   0   0   0   0 | Trp TGG   4   4   4   4   4   4
--------------------------------------------------------------------------------------------------------------------------------------
Leu CTT   0   0   0   0   0   0 | Pro CCT   1   1   1   1   1   0 | His CAT   0   0   0   0   0   0 | Arg CGT   1   1   1   1   1   1
    CTC   3   3   3   3   3   3 |     CCC   3   2   3   3   3   4 |     CAC   1   1   1   1   1   1 |     CGC   0   0   0   0   0   0
    CTA   0   0   0   0   0   0 |     CCA   1   1   1   1   1   0 | Gln CAA   0   0   0   0   0   0 |     CGA   0   0   0   0   0   0
    CTG   4   4   4   4   4   4 |     CCG   1   2   1   1   1   2 |     CAG   0   0   0   0   0   0 |     CGG   0   0   0   0   0   0
--------------------------------------------------------------------------------------------------------------------------------------
Ile ATT   1   1   1   1   1   0 | Thr ACT   2   2   1   2   2   0 | Asn AAT   0   0   0   0   0   0 | Ser AGT   0   0   0   0   0   0
    ATC   3   3   3   3   3   4 |     ACC   2   2   3   2   2   5 |     AAC   1   1   1   1   1   1 |     AGC   3   3   3   3   3   3
    ATA   0   0   0   0   0   0 |     ACA   0   0   0   0   1   0 | Lys AAA   1   1   1   1   1   1 | Arg AGA   1   2   1   1   1   1
Met ATG   3   3   3   3   3   3 |     ACG   2   2   2   2   1   1 |     AAG   4   4   4   4   4   3 |     AGG   2   1   2   2   2   3
--------------------------------------------------------------------------------------------------------------------------------------
Val GTT   1   1   1   1   0   0 | Ala GCT   1   1   1   1   1   1 | Asp GAT   1   0   0   0   1   0 | Gly GGT   0   0   0   0   0   0
    GTC   1   1   1   1   1   2 |     GCC   4   4   4   4   4   4 |     GAC   1   2   2   2   1   2 |     GGC   4   4   4   4   4   4
    GTA   0   1   0   0   0   0 |     GCA   3   2   2   2   2   1 | Glu GAA   2   2   2   2   2   2 |     GGA   3   3   3   3   3   3
    GTG   5   4   5   5   6   5 |     GCG   1   2   2   2   2   3 |     GAG   3   3   3   3   3   3 |     GGG   1   1   1   1   1   1
--------------------------------------------------------------------------------------------------------------------------------------

--------------------------------------------------------------------------------------------------------------------------------------
Phe TTT   2   2   2   2   2   2 | Ser TCT   2   2   2   2   2   1 | Tyr TAT   1   2   1   1   1   1 | Cys TGT   0   0   0   0   0   0
    TTC   0   0   0   0   0   0 |     TCC   2   2   2   2   2   2 |     TAC   3   2   3   3   3   3 |     TGC   1   1   1   1   1   1
Leu TTA   0   0   0   0   0   0 |     TCA   0   0   0   0   0   0 | *** TAA   0   0   0   0   0   0 | *** TGA   0   0   0   0   0   0
    TTG   2   2   2   2   2   2 |     TCG   0   0   0   0   0   1 |     TAG   0   0   0   0   0   0 | Trp TGG   4   4   4   4   4   4
--------------------------------------------------------------------------------------------------------------------------------------
Leu CTT   0   0   0   0   0   0 | Pro CCT   1   1   1   1   1   1 | His CAT   0   0   0   0   0   0 | Arg CGT   1   1   1   1   1   1
    CTC   3   3   3   3   3   3 |     CCC   3   3   3   3   3   4 |     CAC   1   1   1   1   1   1 |     CGC   0   0   0   0   0   0
    CTA   0   0   0   0   0   0 |     CCA   1   1   1   1   2   0 | Gln CAA   0   0   0   0   0   0 |     CGA   0   0   0   0   0   0
    CTG   4   4   4   4   4   4 |     CCG   1   1   1   1   0   1 |     CAG   0   0   0   0   0   0 |     CGG   0   0   0   0   1   0
--------------------------------------------------------------------------------------------------------------------------------------
Ile ATT   1   1   1   1   1   1 | Thr ACT   2   2   2   1   2   2 | Asn AAT   0   0   0   0   0   0 | Ser AGT   0   0   1   0   0   0
    ATC   3   3   3   3   3   3 |     ACC   2   2   2   3   2   2 |     AAC   1   1   1   1   1   1 |     AGC   3   3   2   3   3   3
    ATA   0   0   0   0   0   0 |     ACA   0   0   0   0   0   0 | Lys AAA   1   1   1   1   1   1 | Arg AGA   1   1   1   1   1   1
Met ATG   3   3   3   3   3   3 |     ACG   2   2   2   2   2   2 |     AAG   4   4   4   4   4   4 |     AGG   2   2   2   2   1   2
--------------------------------------------------------------------------------------------------------------------------------------
Val GTT   1   1   1   1   1   1 | Ala GCT   1   1   1   1   1   1 | Asp GAT   0   1   0   0   0   0 | Gly GGT   0   0   0   0   0   0
    GTC   1   1   1   1   1   1 |     GCC   4   4   4   4   5   4 |     GAC   2   1   2   2   2   2 |     GGC   4   4   4   4   4   4
    GTA   0   0   0   0   0   0 |     GCA   2   2   2   2   3   2 | Glu GAA   2   2   2   2   2   2 |     GGA   3   3   3   3   3   3
    GTG   5   5   5   5   5   5 |     GCG   2   2   2   2   0   2 |     GAG   3   3   3   3   3   3 |     GGG   1   1   1   1   1   1
--------------------------------------------------------------------------------------------------------------------------------------

--------------------------------------------------------------------------------------------------------------------------------------
Phe TTT   2   2   2   2   2   2 | Ser TCT   2   2   2   2   1   2 | Tyr TAT   3   3   2   1   1   1 | Cys TGT   0   0   0   0   0   0
    TTC   0   0   0   0   0   0 |     TCC   2   2   2   2   2   2 |     TAC   1   1   2   3   3   3 |     TGC   1   1   1   1   1   1
Leu TTA   0   0   0   0   0   0 |     TCA   0   0   0   0   0   0 | *** TAA   0   0   0   0   0   0 | *** TGA   0   0   0   0   0   0
    TTG   2   2   2   2   2   2 |     TCG   0   0   0   0   1   0 |     TAG   0   0   0   0   0   0 | Trp TGG   4   4   4   4   4   4
--------------------------------------------------------------------------------------------------------------------------------------
Leu CTT   0   0   0   0   0   0 | Pro CCT   1   1   1   2   1   1 | His CAT   0   0   0   0   0   0 | Arg CGT   1   1   1   1   1   1
    CTC   3   3   3   3   3   3 |     CCC   1   1   3   2   3   3 |     CAC   1   1   1   1   1   1 |     CGC   0   0   0   0   0   0
    CTA   0   0   0   0   1   0 |     CCA   1   1   1   1   1   1 | Gln CAA   0   0   0   0   0   0 |     CGA   0   0   0   0   0   0
    CTG   4   4   4   4   3   4 |     CCG   3   3   1   1   1   1 |     CAG   0   0   0   0   0   0 |     CGG   0   0   0   0   0   0
--------------------------------------------------------------------------------------------------------------------------------------
Ile ATT   1   1   1   1   1   1 | Thr ACT   2   2   2   2   2   2 | Asn AAT   0   0   0   0   0   0 | Ser AGT   0   0   1   0   0   0
    ATC   3   3   3   3   3   3 |     ACC   2   2   2   2   2   2 |     AAC   1   1   1   1   1   1 |     AGC   3   3   2   3   3   3
    ATA   0   0   0   0   0   0 |     ACA   1   2   0   1   0   0 | Lys AAA   1   1   1   1   1   1 | Arg AGA   1   1   1   1   1   1
Met ATG   3   3   3   3   3   3 |     ACG   1   1   2   1   2   2 |     AAG   4   4   3   4   4   4 |     AGG   2   2   3   2   2   2
--------------------------------------------------------------------------------------------------------------------------------------
Val GTT   1   1   1   0   1   1 | Ala GCT   2   1   1   1   1   1 | Asp GAT   1   1   0   1   0   0 | Gly GGT   0   0   0   0   0   0
    GTC   1   1   1   1   1   1 |     GCC   4   4   4   4   4   4 |     GAC   1   1   2   1   2   2 |     GGC   4   4   4   4   4   4
    GTA   2   1   0   0   0   0 |     GCA   2   1   3   1   3   2 | Glu GAA   2   2   2   2   2   2 |     GGA   3   3   3   3   3   3
    GTG   3   4   5   6   5   5 |     GCG   1   2   1   3   1   2 |     GAG   3   3   3   3   3   3 |     GGG   1   1   1   1   1   1
--------------------------------------------------------------------------------------------------------------------------------------

--------------------------------------------------------------------------------------------------------------------------------------
Phe TTT   2   2   2   2   2   2 | Ser TCT   1   1   1   1   2   2 | Tyr TAT   2   2   1   1   2   1 | Cys TGT   0   0   0   0   0   0
    TTC   0   0   0   0   0   0 |     TCC   3   3   2   2   2   2 |     TAC   2   2   3   3   2   3 |     TGC   1   1   1   1   1   1
Leu TTA   0   0   0   0   0   0 |     TCA   0   0   0   0   0   0 | *** TAA   0   0   0   0   0   0 | *** TGA   0   0   0   0   0   0
    TTG   2   2   2   2   2   2 |     TCG   0   0   1   1   0   0 |     TAG   0   0   0   0   0   0 | Trp TGG   4   4   4   4   4   4
--------------------------------------------------------------------------------------------------------------------------------------
Leu CTT   0   0   0   0   0   0 | Pro CCT   0   0   1   0   1   1 | His CAT   0   0   0   0   0   0 | Arg CGT   1   1   1   1   1   1
    CTC   3   3   3   3   3   3 |     CCC   4   4   3   4   3   3 |     CAC   1   1   1   1   1   1 |     CGC   0   0   0   0   0   0
    CTA   0   0   0   0   0   0 |     CCA   0   0   1   1   1   1 | Gln CAA   0   0   0   0   0   0 |     CGA   0   0   0   0   0   0
    CTG   4   4   4   4   4   4 |     CCG   2   2   1   1   1   1 |     CAG   0   0   0   0   0   0 |     CGG   0   0   0   0   0   0
--------------------------------------------------------------------------------------------------------------------------------------
Ile ATT   0   0   1   1   1   1 | Thr ACT   0   1   2   2   2   2 | Asn AAT   0   0   0   0   0   0 | Ser AGT   0   0   0   2   1   0
    ATC   4   4   3   3   3   3 |     ACC   6   4   2   2   2   2 |     AAC   1   1   1   1   1   1 |     AGC   3   3   3   1   2   3
    ATA   0   0   0   0   0   0 |     ACA   0   0   1   0   0   1 | Lys AAA   1   1   1   1   1   1 | Arg AGA   1   1   1   1   1   1
Met ATG   3   3   3   3   3   3 |     ACG   0   1   1   2   2   1 |     AAG   3   3   4   4   4   4 |     AGG   3   3   2   2   2   2
--------------------------------------------------------------------------------------------------------------------------------------
Val GTT   0   1   1   1   1   0 | Ala GCT   1   1   1   1   1   1 | Asp GAT   0   0   0   0   0   1 | Gly GGT   0   0   0   0   0   0
    GTC   2   2   1   1   1   1 |     GCC   4   4   4   4   4   4 |     GAC   2   2   2   2   2   1 |     GGC   4   4   4   4   4   4
    GTA   0   0   0   0   0   0 |     GCA   1   1   2   2   2   1 | Glu GAA   2   2   2   2   2   2 |     GGA   3   3   3   3   3   3
    GTG   5   4   5   5   5   6 |     GCG   3   3   2   2   2   3 |     GAG   3   3   3   3   3   3 |     GGG   1   1   1   1   1   1
--------------------------------------------------------------------------------------------------------------------------------------

--------------------------------------------------------------------------------------------------------------------------------------
Phe TTT   2   2   2   2   2   2 | Ser TCT   1   2   1   2   2   2 | Tyr TAT   2   1   2   1   3   2 | Cys TGT   0   0   0   0   0   0
    TTC   0   0   0   0   0   0 |     TCC   2   2   3   2   2   2 |     TAC   2   3   2   3   1   2 |     TGC   1   1   1   1   1   1
Leu TTA   0   0   0   0   0   0 |     TCA   0   0   0   0   0   0 | *** TAA   0   0   0   0   0   0 | *** TGA   0   0   0   0   0   0
    TTG   2   2   2   2   3   2 |     TCG   1   0   0   0   0   0 |     TAG   0   0   0   0   0   0 | Trp TGG   4   4   4   4   4   4
--------------------------------------------------------------------------------------------------------------------------------------
Leu CTT   0   1   0   0   0   0 | Pro CCT   0   1   0   1   1   1 | His CAT   0   0   0   0   0   0 | Arg CGT   1   1   1   1   0   1
    CTC   3   2   3   4   3   3 |     CCC   4   3   4   3   3   3 |     CAC   1   1   1   1   1   1 |     CGC   0   0   0   0   1   0
    CTA   0   0   0   0   0   0 |     CCA   0   1   0   1   1   2 | Gln CAA   0   0   0   0   0   0 |     CGA   0   0   0   0   0   0
    CTG   4   4   4   3   3   4 |     CCG   2   1   2   1   1   0 |     CAG   1   0   0   0   0   0 |     CGG   0   0   0   0   0   0
--------------------------------------------------------------------------------------------------------------------------------------
Ile ATT   0   1   0   1   2   1 | Thr ACT   2   2   0   1   2   2 | Asn AAT   0   0   0   0   0   0 | Ser AGT   0   0   0   0   0   0
    ATC   4   3   4   3   2   3 |     ACC   2   2   5   3   2   2 |     AAC   0   1   1   1   1   1 |     AGC   4   3   3   3   3   3
    ATA   0   0   0   0   0   0 |     ACA   0   2   0   0   0   0 | Lys AAA   1   1   1   1   1   1 | Arg AGA   1   1   1   1   1   1
Met ATG   3   3   3   3   3   3 |     ACG   2   0   1   2   2   2 |     AAG   4   4   3   4   4   4 |     AGG   2   2   3   2   2   2
--------------------------------------------------------------------------------------------------------------------------------------
Val GTT   1   0   0   1   1   1 | Ala GCT   1   1   1   1   1   1 | Asp GAT   0   1   0   0   1   0 | Gly GGT   0   0   0   0   0   0
    GTC   1   1   2   1   1   1 |     GCC   4   4   4   4   4   4 |     GAC   2   1   2   2   1   2 |     GGC   4   4   4   4   4   4
    GTA   0   0   0   0   1   0 |     GCA   3   2   1   2   3   3 | Glu GAA   2   2   2   2   3   2 |     GGA   3   3   3   3   3   3
    GTG   5   6   5   5   4   5 |     GCG   1   2   3   2   1   1 |     GAG   2   3   3   3   2   3 |     GGG   1   1   1   1   1   1
--------------------------------------------------------------------------------------------------------------------------------------

--------------------------------------------------------------------------------------------------------------------------------------
Phe TTT   2   2   2   2   2   2 | Ser TCT   2   2   2   2   1   1 | Tyr TAT   1   0   1   2   0   1 | Cys TGT   0   0   0   0   0   0
    TTC   0   0   0   0   0   0 |     TCC   2   2   2   2   2   3 |     TAC   3   4   3   2   4   3 |     TGC   1   1   1   1   1   1
Leu TTA   0   0   0   0   0   0 |     TCA   0   0   0   0   1   0 | *** TAA   0   0   0   0   0   0 | *** TGA   0   0   0   0   0   0
    TTG   2   3   2   2   2   2 |     TCG   0   0   0   0   0   0 |     TAG   0   0   0   0   0   0 | Trp TGG   4   4   4   4   4   4
--------------------------------------------------------------------------------------------------------------------------------------
Leu CTT   0   0   0   0   0   0 | Pro CCT   1   1   1   1   0   0 | His CAT   0   0   0   0   0   0 | Arg CGT   1   1   1   1   1   1
    CTC   3   3   3   3   3   3 |     CCC   3   3   3   3   4   4 |     CAC   1   1   1   1   1   1 |     CGC   0   0   0   0   0   0
    CTA   0   0   1   0   0   1 |     CCA   1   1   1   1   1   0 | Gln CAA   0   0   0   0   0   0 |     CGA   0   0   0   0   0   0
    CTG   4   3   3   4   4   3 |     CCG   1   1   1   1   1   2 |     CAG   0   0   0   0   0   0 |     CGG   0   0   0   0   0   0
--------------------------------------------------------------------------------------------------------------------------------------
Ile ATT   1   1   1   1   1   0 | Thr ACT   2   2   2   2   2   0 | Asn AAT   0   0   0   0   0   0 | Ser AGT   0   0   1   0   1   1
    ATC   3   3   3   3   3   4 |     ACC   2   2   2   2   2   5 |     AAC   1   1   1   1   1   1 |     AGC   3   3   2   3   2   2
    ATA   0   0   0   0   0   0 |     ACA   0   0   0   0   0   0 | Lys AAA   1   1   1   1   1   1 | Arg AGA   0   1   1   1   1   1
Met ATG   3   3   3   3   3   3 |     ACG   2   2   2   2   2   1 |     AAG   4   4   4   4   4   4 |     AGG   3   2   2   2   2   2
--------------------------------------------------------------------------------------------------------------------------------------
Val GTT   1   1   1   1   1   1 | Ala GCT   1   1   1   1   1   1 | Asp GAT   0   1   0   1   0   0 | Gly GGT   0   0   0   0   0   0
    GTC   1   1   1   1   1   2 |     GCC   4   4   4   4   4   4 |     GAC   2   1   2   1   2   2 |     GGC   4   4   4   4   4   4
    GTA   0   0   0   0   0   0 |     GCA   2   1   2   3   2   2 | Glu GAA   2   3   2   2   2   2 |     GGA   3   3   3   3   3   3
    GTG   5   5   5   5   5   4 |     GCG   2   3   2   1   2   2 |     GAG   3   2   3   3   3   3 |     GGG   1   1   1   1   1   1
--------------------------------------------------------------------------------------------------------------------------------------

--------------------------------------------------------------------------------------------------------------------------------------
Phe TTT   2   2   2   2   2   2 | Ser TCT   1   1   1   1   2   1 | Tyr TAT   2   1   2   2   0   1 | Cys TGT   0   0   0   0   0   0
    TTC   0   0   0   0   0   0 |     TCC   3   2   3   3   2   2 |     TAC   2   3   2   2   4   3 |     TGC   1   1   1   1   1   1
Leu TTA   0   0   0   0   0   0 |     TCA   0   0   0   0   0   0 | *** TAA   0   0   0   0   0   0 | *** TGA   0   0   0   0   0   0
    TTG   2   2   2   2   3   2 |     TCG   0   1   0   0   0   0 |     TAG   0   0   0   0   0   0 | Trp TGG   4   4   4   4   4   4
--------------------------------------------------------------------------------------------------------------------------------------
Leu CTT   0   0   0   0   0   0 | Pro CCT   0   0   0   1   1   1 | His CAT   0   0   0   0   0   0 | Arg CGT   1   1   1   1   1   1
    CTC   3   3   3   3   3   3 |     CCC   4   4   4   3   3   4 |     CAC   1   1   1   1   1   1 |     CGC   0   0   0   0   0   0
    CTA   0   0   0   0   0   0 |     CCA   1   1   0   0   1   1 | Gln CAA   0   0   0   0   0   0 |     CGA   0   0   0   0   0   0
    CTG   4   4   4   4   3   4 |     CCG   1   1   2   2   1   0 |     CAG   0   0   0   0   0   0 |     CGG   0   0   0   0   0   1
--------------------------------------------------------------------------------------------------------------------------------------
Ile ATT   0   1   0   0   1   1 | Thr ACT   0   2   0   1   2   2 | Asn AAT   0   0   0   0   0   0 | Ser AGT   0   2   0   1   1   0
    ATC   4   3   4   4   3   3 |     ACC   6   2   5   4   2   2 |     AAC   1   1   1   1   1   1 |     AGC   3   1   3   2   2   3
    ATA   0   0   0   0   0   0 |     ACA   0   0   0   0   0   0 | Lys AAA   1   1   1   1   1   1 | Arg AGA   1   1   1   1   1   1
Met ATG   3   3   3   3   3   3 |     ACG   0   2   1   1   2   2 |     AAG   3   4   3   3   4   4 |     AGG   3   2   3   3   2   1
--------------------------------------------------------------------------------------------------------------------------------------
Val GTT   0   1   0   1   1   0 | Ala GCT   1   1   1   1   1   2 | Asp GAT   0   0   0   0   1   0 | Gly GGT   0   0   0   0   0   1
    GTC   2   1   2   2   1   2 |     GCC   4   4   4   4   4   4 |     GAC   2   2   2   2   1   2 |     GGC   4   4   4   4   4   4
    GTA   0   0   0   0   0   1 |     GCA   1   2   1   2   2   2 | Glu GAA   2   2   2   2   3   2 |     GGA   3   3   3   3   3   2
    GTG   5   5   5   4   5   4 |     GCG   3   2   3   2   2   2 |     GAG   3   3   3   3   2   3 |     GGG   1   1   1   1   1   1
--------------------------------------------------------------------------------------------------------------------------------------

--------------------------------------------------------------------------------------------------------------------------------------
Phe TTT   2   2   2   2   2   2 | Ser TCT   1   2   2   2   2   2 | Tyr TAT   1   1   1   3   1   2 | Cys TGT   0   0   0   0   0   0
    TTC   0   0   0   0   0   0 |     TCC   2   2   2   2   2   2 |     TAC   3   3   3   1   3   2 |     TGC   1   1   1   1   1   1
Leu TTA   0   0   0   0   0   0 |     TCA   0   0   0   0   0   0 | *** TAA   0   0   0   0   0   0 | *** TGA   0   0   0   0   0   0
    TTG   2   2   2   1   2   2 |     TCG   1   0   0   0   0   0 |     TAG   0   0   0   0   0   0 | Trp TGG   4   4   4   4   4   4
--------------------------------------------------------------------------------------------------------------------------------------
Leu CTT   0   0   0   0   0   1 | Pro CCT   2   1   1   1   1   1 | His CAT   0   0   0   0   0   0 | Arg CGT   1   1   1   1   0   1
    CTC   3   3   3   3   3   2 |     CCC   2   3   3   3   3   3 |     CAC   1   1   1   1   1   1 |     CGC   0   0   0   0   1   0
    CTA   0   0   0   0   0   1 |     CCA   1   1   1   1   2   1 | Gln CAA   0   0   0   0   0   0 |     CGA   0   0   0   0   0   0
    CTG   4   4   4   5   4   3 |     CCG   1   1   1   1   0   1 |     CAG   0   0   0   0   0   0 |     CGG   0   0   0   0   0   0
--------------------------------------------------------------------------------------------------------------------------------------
Ile ATT   1   1   2   1   1   1 | Thr ACT   2   1   2   1   2   2 | Asn AAT   0   0   0   0   0   0 | Ser AGT   0   0   0   1   0   0
    ATC   3   3   2   3   3   3 |     ACC   2   3   2   3   2   2 |     AAC   1   1   1   1   1   1 |     AGC   3   3   3   2   3   3
    ATA   0   0   0   0   0   0 |     ACA   0   0   0   0   1   1 | Lys AAA   1   1   1   1   1   1 | Arg AGA   1   1   1   1   2   1
Met ATG   3   3   3   3   3   3 |     ACG   2   2   2   2   1   1 |     AAG   4   3   4   4   4   4 |     AGG   2   3   2   2   1   2
--------------------------------------------------------------------------------------------------------------------------------------
Val GTT   1   1   0   1   0   0 | Ala GCT   1   1   1   1   1   1 | Asp GAT   0   0   0   0   1   1 | Gly GGT   0   0   0   0   0   0
    GTC   1   1   1   1   1   1 |     GCC   4   4   4   4   4   4 |     GAC   2   2   2   2   1   1 |     GGC   4   4   4   5   4   4
    GTA   0   0   1   1   0   0 |     GCA   3   2   2   2   1   1 | Glu GAA   2   1   2   2   2   2 |     GGA   3   3   3   2   3   3
    GTG   5   5   5   4   6   6 |     GCG   1   2   2   2   3   3 |     GAG   3   4   3   3   3   3 |     GGG   1   1   1   1   1   1
--------------------------------------------------------------------------------------------------------------------------------------

Codon position x base (3x4) table for each sequence.

#1: Argali         
position  1:    T:0.19318    C:0.17045    A:0.28409    G:0.35227
position  2:    T:0.28409    C:0.28409    A:0.20455    G:0.22727
position  3:    T:0.13636    C:0.37500    A:0.12500    G:0.36364
Average         T:0.20455    C:0.27652    A:0.20455    G:0.31439

#2: LesserMouseDeer
position  1:    T:0.19318    C:0.18182    A:0.27273    G:0.35227
position  2:    T:0.28409    C:0.28409    A:0.20455    G:0.22727
position  3:    T:0.14773    C:0.35227    A:0.14773    G:0.35227
Average         T:0.20833    C:0.27273    A:0.20833    G:0.31061

#3: LesserKudu     
position  1:    T:0.19318    C:0.17045    A:0.28409    G:0.35227
position  2:    T:0.28409    C:0.28409    A:0.20455    G:0.22727
position  3:    T:0.14773    C:0.35227    A:0.12500    G:0.37500
Average         T:0.20833    C:0.26894    A:0.20455    G:0.31818

#4: ForestMuskDeer2
position  1:    T:0.19318    C:0.17045    A:0.28409    G:0.35227
position  2:    T:0.28409    C:0.28409    A:0.20455    G:0.22727
position  3:    T:0.15909    C:0.36364    A:0.12500    G:0.35227
Average         T:0.21212    C:0.27273    A:0.20455    G:0.31061

#5: Camel          
position  1:    T:0.18182    C:0.18182    A:0.27273    G:0.36364
position  2:    T:0.28409    C:0.28409    A:0.20455    G:0.22727
position  3:    T:0.18182    C:0.37500    A:0.10227    G:0.34091
Average         T:0.21591    C:0.28030    A:0.19318    G:0.31061

#6: KillerWhale    
position  1:    T:0.20455    C:0.15909    A:0.28409    G:0.35227
position  2:    T:0.28409    C:0.28409    A:0.20455    G:0.22727
position  3:    T:0.17045    C:0.36364    A:0.13636    G:0.32955
Average         T:0.21970    C:0.26894    A:0.20833    G:0.30303

#7: DefassaWaterbuck
position  1:    T:0.19318    C:0.17045    A:0.28409    G:0.35227
position  2:    T:0.28409    C:0.28409    A:0.20455    G:0.22727
position  3:    T:0.15909    C:0.35227    A:0.12500    G:0.36364
Average         T:0.21212    C:0.26894    A:0.20455    G:0.31439

#8: Sheep          
position  1:    T:0.19318    C:0.17045    A:0.28409    G:0.35227
position  2:    T:0.28409    C:0.28409    A:0.20455    G:0.22727
position  3:    T:0.13636    C:0.36364    A:0.13636    G:0.36364
Average         T:0.20455    C:0.27273    A:0.20833    G:0.31439

#9: MaxwellsDuiker 
position  1:    T:0.19318    C:0.17045    A:0.28409    G:0.35227
position  2:    T:0.28409    C:0.28409    A:0.20455    G:0.22727
position  3:    T:0.11364    C:0.39773    A:0.11364    G:0.37500
Average         T:0.19697    C:0.28409    A:0.20076    G:0.31818

#10: GazellaPrzewalskyi
position  1:    T:0.19318    C:0.17045    A:0.28409    G:0.35227
position  2:    T:0.28409    C:0.28409    A:0.20455    G:0.22727
position  3:    T:0.12500    C:0.37500    A:0.11364    G:0.38636
Average         T:0.20076    C:0.27652    A:0.20076    G:0.32197

#11: MountainNyala  
position  1:    T:0.19318    C:0.17045    A:0.28409    G:0.35227
position  2:    T:0.28409    C:0.28409    A:0.20455    G:0.22727
position  3:    T:0.13636    C:0.36364    A:0.12500    G:0.37500
Average         T:0.20455    C:0.27273    A:0.20455    G:0.31818

#12: MuntiacusMuntjak
position  1:    T:0.19318    C:0.17045    A:0.28409    G:0.35227
position  2:    T:0.28409    C:0.28409    A:0.19318    G:0.23864
position  3:    T:0.07955    C:0.44318    A:0.09091    G:0.38636
Average         T:0.18561    C:0.29924    A:0.18939    G:0.32576

#13: goat           
position  1:    T:0.19318    C:0.17045    A:0.28409    G:0.35227
position  2:    T:0.28409    C:0.28409    A:0.20455    G:0.22727
position  3:    T:0.13636    C:0.37500    A:0.11364    G:0.37500
Average         T:0.20455    C:0.27652    A:0.20076    G:0.31818

#14: AfricanBuffalo 
position  1:    T:0.19318    C:0.17045    A:0.28409    G:0.35227
position  2:    T:0.28409    C:0.28409    A:0.20455    G:0.22727
position  3:    T:0.15909    C:0.35227    A:0.11364    G:0.37500
Average         T:0.21212    C:0.26894    A:0.20076    G:0.31818

#15: Topi           
position  1:    T:0.19318    C:0.17045    A:0.28409    G:0.35227
position  2:    T:0.28409    C:0.28409    A:0.20455    G:0.22727
position  3:    T:0.14773    C:0.36364    A:0.11364    G:0.37500
Average         T:0.20833    C:0.27273    A:0.20076    G:0.31818

#16: CommonDuiker   
position  1:    T:0.19318    C:0.17045    A:0.28409    G:0.35227
position  2:    T:0.28409    C:0.28409    A:0.20455    G:0.22727
position  3:    T:0.12500    C:0.38636    A:0.11364    G:0.37500
Average         T:0.20076    C:0.28030    A:0.20076    G:0.31818

#17: Suni           
position  1:    T:0.19318    C:0.18182    A:0.27273    G:0.35227
position  2:    T:0.28409    C:0.28409    A:0.20455    G:0.22727
position  3:    T:0.13636    C:0.38636    A:0.13636    G:0.34091
Average         T:0.20455    C:0.28409    A:0.20455    G:0.30682

#18: Springbuck     
position  1:    T:0.19318    C:0.17045    A:0.28409    G:0.35227
position  2:    T:0.28409    C:0.28409    A:0.20455    G:0.22727
position  3:    T:0.12500    C:0.38636    A:0.10227    G:0.38636
Average         T:0.20076    C:0.28030    A:0.19697    G:0.32197

#19: Okapi          
position  1:    T:0.19318    C:0.17045    A:0.28409    G:0.35227
position  2:    T:0.28409    C:0.28409    A:0.20455    G:0.22727
position  3:    T:0.18182    C:0.31818    A:0.14773    G:0.35227
Average         T:0.21970    C:0.25758    A:0.21212    G:0.31061

#20: Giraffe        
position  1:    T:0.19318    C:0.17045    A:0.29545    G:0.34091
position  2:    T:0.28409    C:0.28409    A:0.20455    G:0.22727
position  3:    T:0.17045    C:0.31818    A:0.13636    G:0.37500
Average         T:0.21591    C:0.25758    A:0.21212    G:0.31439

#21: TibetanAntelope
position  1:    T:0.19318    C:0.17045    A:0.28409    G:0.35227
position  2:    T:0.28409    C:0.28409    A:0.19318    G:0.23864
position  3:    T:0.15909    C:0.35227    A:0.12500    G:0.36364
Average         T:0.21212    C:0.26894    A:0.20076    G:0.31818

#22: Sitatunga      
position  1:    T:0.19318    C:0.17045    A:0.28409    G:0.35227
position  2:    T:0.28409    C:0.28409    A:0.20455    G:0.22727
position  3:    T:0.14773    C:0.35227    A:0.11364    G:0.38636
Average         T:0.20833    C:0.26894    A:0.20076    G:0.32197

#23: Oribi          
position  1:    T:0.19318    C:0.17045    A:0.28409    G:0.35227
position  2:    T:0.28409    C:0.28409    A:0.20455    G:0.22727
position  3:    T:0.12500    C:0.37500    A:0.13636    G:0.36364
Average         T:0.20076    C:0.27652    A:0.20833    G:0.31439

#24: BarbarySheep   
position  1:    T:0.19318    C:0.17045    A:0.28409    G:0.35227
position  2:    T:0.28409    C:0.28409    A:0.20455    G:0.22727
position  3:    T:0.13636    C:0.37500    A:0.11364    G:0.37500
Average         T:0.20455    C:0.27652    A:0.20076    G:0.31818

#25: Daviddeer      
position  1:    T:0.19318    C:0.17045    A:0.28409    G:0.35227
position  2:    T:0.28409    C:0.28409    A:0.19318    G:0.23864
position  3:    T:0.07955    C:0.45455    A:0.09091    G:0.37500
Average         T:0.18561    C:0.30303    A:0.18939    G:0.32197

#26: Reindeer       
position  1:    T:0.19318    C:0.17045    A:0.28409    G:0.35227
position  2:    T:0.28409    C:0.28409    A:0.19318    G:0.23864
position  3:    T:0.10227    C:0.43182    A:0.09091    G:0.37500
Average         T:0.19318    C:0.29545    A:0.18939    G:0.32197

#27: Ibex           
position  1:    T:0.19318    C:0.17045    A:0.28409    G:0.35227
position  2:    T:0.28409    C:0.28409    A:0.20455    G:0.22727
position  3:    T:0.12500    C:0.37500    A:0.12500    G:0.37500
Average         T:0.20076    C:0.27652    A:0.20455    G:0.31818

#28: GyrantGazelle  
position  1:    T:0.19318    C:0.17045    A:0.28409    G:0.35227
position  2:    T:0.28409    C:0.28409    A:0.20455    G:0.22727
position  3:    T:0.13636    C:0.36364    A:0.11364    G:0.38636
Average         T:0.20455    C:0.27273    A:0.20076    G:0.32197

#29: Hartebeest     
position  1:    T:0.19318    C:0.17045    A:0.28409    G:0.35227
position  2:    T:0.28409    C:0.28409    A:0.20455    G:0.22727
position  3:    T:0.15909    C:0.35227    A:0.11364    G:0.37500
Average         T:0.21212    C:0.26894    A:0.20076    G:0.31818

#30: Bongo          
position  1:    T:0.19318    C:0.17045    A:0.28409    G:0.35227
position  2:    T:0.28409    C:0.28409    A:0.20455    G:0.22727
position  3:    T:0.13636    C:0.36364    A:0.11364    G:0.38636
Average         T:0.20455    C:0.27273    A:0.20076    G:0.32197

#31: Gerenuk        
position  1:    T:0.19318    C:0.18182    A:0.28409    G:0.34091
position  2:    T:0.28409    C:0.28409    A:0.19318    G:0.23864
position  3:    T:0.11364    C:0.38636    A:0.11364    G:0.38636
Average         T:0.19697    C:0.28409    A:0.19697    G:0.32197

#32: CommonEland    
position  1:    T:0.19318    C:0.17045    A:0.28409    G:0.35227
position  2:    T:0.28409    C:0.28409    A:0.20455    G:0.22727
position  3:    T:0.14773    C:0.35227    A:0.13636    G:0.36364
Average         T:0.20833    C:0.26894    A:0.20833    G:0.31439

#33: MuntiacusReevesi
position  1:    T:0.19318    C:0.17045    A:0.28409    G:0.35227
position  2:    T:0.28409    C:0.28409    A:0.19318    G:0.23864
position  3:    T:0.07955    C:0.44318    A:0.09091    G:0.38636
Average         T:0.18561    C:0.29924    A:0.18939    G:0.32576

#34: HarveysDuiker  
position  1:    T:0.19318    C:0.17045    A:0.28409    G:0.35227
position  2:    T:0.28409    C:0.28409    A:0.20455    G:0.22727
position  3:    T:0.12500    C:0.39773    A:0.11364    G:0.36364
Average         T:0.20076    C:0.28409    A:0.20076    G:0.31439

#35: Pronghorn      
position  1:    T:0.20455    C:0.15909    A:0.28409    G:0.35227
position  2:    T:0.28409    C:0.28409    A:0.20455    G:0.22727
position  3:    T:0.17045    C:0.34091    A:0.14773    G:0.34091
Average         T:0.21970    C:0.26136    A:0.21212    G:0.30682

#36: BlueWildebeest 
position  1:    T:0.19318    C:0.17045    A:0.28409    G:0.35227
position  2:    T:0.28409    C:0.28409    A:0.20455    G:0.22727
position  3:    T:0.14773    C:0.36364    A:0.13636    G:0.35227
Average         T:0.20833    C:0.27273    A:0.20833    G:0.31061

#37: Gemsbok        
position  1:    T:0.19318    C:0.17045    A:0.28409    G:0.35227
position  2:    T:0.28409    C:0.28409    A:0.20455    G:0.22727
position  3:    T:0.13636    C:0.37500    A:0.10227    G:0.38636
Average         T:0.20455    C:0.27652    A:0.19697    G:0.32197

#38: Yak            
position  1:    T:0.20455    C:0.15909    A:0.28409    G:0.35227
position  2:    T:0.28409    C:0.28409    A:0.20455    G:0.22727
position  3:    T:0.13636    C:0.37500    A:0.11364    G:0.37500
Average         T:0.20833    C:0.27273    A:0.20076    G:0.31818

#39: BlueSheep      
position  1:    T:0.19318    C:0.17045    A:0.28409    G:0.35227
position  2:    T:0.28409    C:0.28409    A:0.20455    G:0.22727
position  3:    T:0.14773    C:0.36364    A:0.12500    G:0.36364
Average         T:0.20833    C:0.27273    A:0.20455    G:0.31439

#40: BohorReedbuck  
position  1:    T:0.19318    C:0.17045    A:0.28409    G:0.35227
position  2:    T:0.28409    C:0.28409    A:0.20455    G:0.22727
position  3:    T:0.15909    C:0.35227    A:0.12500    G:0.36364
Average         T:0.21212    C:0.26894    A:0.20455    G:0.31439

#41: KirksDik       
position  1:    T:0.19318    C:0.17045    A:0.28409    G:0.35227
position  2:    T:0.28409    C:0.28409    A:0.20455    G:0.22727
position  3:    T:0.11364    C:0.38636    A:0.12500    G:0.37500
Average         T:0.19697    C:0.28030    A:0.20455    G:0.31818

#42: RoeDeer        
position  1:    T:0.19318    C:0.17045    A:0.28409    G:0.35227
position  2:    T:0.28409    C:0.28409    A:0.20455    G:0.22727
position  3:    T:0.09091    C:0.44318    A:0.11364    G:0.35227
Average         T:0.18939    C:0.29924    A:0.20076    G:0.31061

#43: WhiteLippedDeer
position  1:    T:0.19318    C:0.17045    A:0.28409    G:0.35227
position  2:    T:0.28409    C:0.28409    A:0.19318    G:0.23864
position  3:    T:0.07955    C:0.45455    A:0.10227    G:0.36364
Average         T:0.18561    C:0.30303    A:0.19318    G:0.31818

#44: ThomsonGazelle 
position  1:    T:0.19318    C:0.17045    A:0.28409    G:0.35227
position  2:    T:0.28409    C:0.28409    A:0.20455    G:0.22727
position  3:    T:0.13636    C:0.36364    A:0.11364    G:0.38636
Average         T:0.20455    C:0.27273    A:0.20076    G:0.32197

#45: MuntiacusCrinifrons
position  1:    T:0.19318    C:0.17045    A:0.28409    G:0.35227
position  2:    T:0.28409    C:0.28409    A:0.19318    G:0.23864
position  3:    T:0.07955    C:0.44318    A:0.09091    G:0.38636
Average         T:0.18561    C:0.29924    A:0.18939    G:0.32576

#46: WhiteTailedDeer
position  1:    T:0.19318    C:0.17045    A:0.28409    G:0.35227
position  2:    T:0.28409    C:0.28409    A:0.19318    G:0.23864
position  3:    T:0.12500    C:0.40909    A:0.10227    G:0.36364
Average         T:0.20076    C:0.28788    A:0.19318    G:0.31818

#47: Cattle         
position  1:    T:0.20455    C:0.15909    A:0.28409    G:0.35227
position  2:    T:0.28409    C:0.28409    A:0.20455    G:0.22727
position  3:    T:0.14773    C:0.36364    A:0.12500    G:0.36364
Average         T:0.21212    C:0.26894    A:0.20455    G:0.31439

#48: RoyalAntelope  
position  1:    T:0.18182    C:0.18182    A:0.27273    G:0.36364
position  2:    T:0.28409    C:0.28409    A:0.20455    G:0.22727
position  3:    T:0.13636    C:0.39773    A:0.11364    G:0.35227
Average         T:0.20076    C:0.28788    A:0.19697    G:0.31439

#49: Steenbok       
position  1:    T:0.19318    C:0.17045    A:0.28409    G:0.35227
position  2:    T:0.28409    C:0.28409    A:0.20455    G:0.22727
position  3:    T:0.13636    C:0.36364    A:0.12500    G:0.37500
Average         T:0.20455    C:0.27273    A:0.20455    G:0.31818

#50: Impala         
position  1:    T:0.19318    C:0.17045    A:0.28409    G:0.35227
position  2:    T:0.28409    C:0.28409    A:0.19318    G:0.23864
position  3:    T:0.12500    C:0.38636    A:0.10227    G:0.38636
Average         T:0.20076    C:0.28030    A:0.19318    G:0.32576

#51: Klipspringer   
position  1:    T:0.19318    C:0.17045    A:0.28409    G:0.35227
position  2:    T:0.28409    C:0.28409    A:0.20455    G:0.22727
