CODONML (in paml version 4.10.7, June 2023)  /home/rachel/ruminants_paml/6406-phy-tree/ENSBTAT00000053205.fasta.phy
Model: free dN/dS Ratios for branches,  kappa = 2.000 fixed

Codon frequency model: F3x4
ns =  54  ls = 127

Codon usage in sequences
--------------------------------------------------------------------------------------------------------------------------------------
Phe TTT   1   1   1   1   1   1 | Ser TCT   4   3   3   3   4   4 | Tyr TAT   1   1   1   1   0   1 | Cys TGT   1   1   1   2   1   1
    TTC   1   1   1   1   1   1 |     TCC   5   6   5   4   5   5 |     TAC   0   0   0   0   1   0 |     TGC   1   1   1   1   2   1
Leu TTA   1   2   1   1   0   1 |     TCA   2   2   2   2   1   2 | *** TAA   0   0   0   0   0   0 | *** TGA   0   0   0   0   0   0
    TTG   2   1   2   2   1   2 |     TCG   0   0   0   1   0   0 |     TAG   0   0   0   0   0   0 | Trp TGG   3   3   3   3   3   3
--------------------------------------------------------------------------------------------------------------------------------------
Leu CTT   3   2   3   3   2   1 | Pro CCT   4   4   5   4   4   4 | His CAT   2   2   2   2   1   2 | Arg CGT   0   0   0   0   0   0
    CTC   1   3   1   1   3   2 |     CCC   1   1   1   1   1   1 |     CAC   0   0   0   0   1   0 |     CGC   0   0   0   0   0   0
    CTA   1   1   1   1   4   2 |     CCA   2   2   2   2   2   1 | Gln CAA   2   2   1   3   3   3 |     CGA   1   1   1   1   1   1
    CTG   5   5   5   5   3   5 |     CCG   0   1   0   0   0   1 |     CAG   9   8  10   8   8   8 |     CGG   0   0   0   0   0   0
--------------------------------------------------------------------------------------------------------------------------------------
Ile ATT   2   2   2   2   2   2 | Thr ACT   3   3   3   2   3   3 | Asn AAT   2   1   2   2   2   2 | Ser AGT   1   0   1   1   0   1
    ATC   5   4   5   5   4   4 |     ACC   2   1   2   3   3   4 |     AAC   1   2   1   1   1   1 |     AGC   1   2   1   1   2   1
    ATA   1   2   1   1   1   1 |     ACA   1   3   3   2   3   2 | Lys AAA   6   6   6   6   4   7 | Arg AGA   1   1   1   1   2   1
Met ATG   0   0   0   0   0   0 |     ACG   1   0   0   0   1   1 |     AAG   4   3   4   4   6   3 |     AGG   2   3   3   2   1   2
--------------------------------------------------------------------------------------------------------------------------------------
Val GTT   2   2   2   2   1   3 | Ala GCT   6   5   6   6   5   5 | Asp GAT   3   2   3   4   2   4 | Gly GGT   1   1   1   1   1   1
    GTC   1   1   1   1   1   1 |     GCC   3   4   3   3   2   2 |     GAC   3   4   3   2   4   2 |     GGC   2   2   2   2   1   2
    GTA   0   0   0   0   1   2 |     GCA   5   3   4   5   3   3 | Glu GAA   4   4   4   4   3   3 |     GGA   1   1   1   1   2   1
    GTG   3   3   3   3   5   2 |     GCG   0   1   0   0   0   0 |     GAG   3   3   4   3   4   4 |     GGG   4   4   2   4   4   4
--------------------------------------------------------------------------------------------------------------------------------------

--------------------------------------------------------------------------------------------------------------------------------------
Phe TTT   1   1   1   1   1   1 | Ser TCT   4   4   4   4   3   4 | Tyr TAT   1   1   1   1   1   1 | Cys TGT   1   1   1   1   1   1
    TTC   1   1   1   1   1   1 |     TCC   5   5   5   5   5   5 |     TAC   0   0   0   0   0   0 |     TGC   1   1   1   1   1   1
Leu TTA   1   1   1   1   1   0 |     TCA   2   2   1   2   2   2 | *** TAA   0   0   0   0   0   0 | *** TGA   0   0   0   0   0   0
    TTG   2   2   2   2   2   2 |     TCG   0   0   1   0   0   0 |     TAG   0   0   0   0   0   0 | Trp TGG   3   3   3   3   3   3
--------------------------------------------------------------------------------------------------------------------------------------
Leu CTT   3   3   3   3   3   2 | Pro CCT   4   4   4   4   5   4 | His CAT   2   2   2   2   2   2 | Arg CGT   0   0   0   0   0   0
    CTC   1   1   2   1   1   2 |     CCC   1   1   1   1   1   1 |     CAC   0   0   0   0   0   0 |     CGC   0   0   0   0   0   0
    CTA   1   1   1   1   1   1 |     CCA   2   2   2   2   2   2 | Gln CAA   2   2   2   2   2   2 |     CGA   1   1   1   1   1   1
    CTG   5   5   5   5   5   6 |     CCG   0   0   0   0   0   0 |     CAG   9   9   9   9   9  10 |     CGG   0   0   0   0   0   0
--------------------------------------------------------------------------------------------------------------------------------------
Ile ATT   2   2   2   2   2   2 | Thr ACT   3   3   2   3   3   2 | Asn AAT   2   2   2   2   2   2 | Ser AGT   1   1   1   1   1   1
    ATC   5   5   4   5   5   5 |     ACC   1   2   1   2   1   1 |     AAC   1   1   1   1   1   1 |     AGC   1   1   1   1   1   1
    ATA   1   1   1   1   1   1 |     ACA   1   1   2   2   2   2 | Lys AAA   6   6   6   6   6   4 | Arg AGA   1   1   1   1   1   1
Met ATG   0   0   0   0   0   0 |     ACG   1   1   1   0   0   0 |     AAG   4   4   4   4   4   5 |     AGG   2   2   2   2   3   2
--------------------------------------------------------------------------------------------------------------------------------------
Val GTT   2   2   2   2   2   2 | Ala GCT   6   6   6   6   6   6 | Asp GAT   4   3   4   4   3   2 | Gly GGT   1   1   1   1   1   1
    GTC   1   1   1   1   1   1 |     GCC   4   3   4   3   4   5 |     GAC   2   3   2   2   3   4 |     GGC   2   2   2   2   2   2
    GTA   0   0   0   0   0   0 |     GCA   5   5   5   4   5   5 | Glu GAA   4   4   4   4   4   4 |     GGA   1   1   1   1   1   1
    GTG   3   3   3   3   3   3 |     GCG   0   0   0   1   0   0 |     GAG   3   3   3   3   4   3 |     GGG   4   4   4   4   2   4
--------------------------------------------------------------------------------------------------------------------------------------

--------------------------------------------------------------------------------------------------------------------------------------
Phe TTT   1   1   0   1   1   1 | Ser TCT   4   4   4   4   4   4 | Tyr TAT   1   1   1   1   1   1 | Cys TGT   1   1   1   1   1   1
    TTC   1   1   2   1   1   1 |     TCC   5   5   5   5   5   5 |     TAC   0   0   0   0   0   0 |     TGC   1   1   1   1   1   1
Leu TTA   1   1   2   1   1   1 |     TCA   2   2   2   2   1   2 | *** TAA   0   0   0   0   0   0 | *** TGA   0   0   0   0   0   0
    TTG   2   2   1   2   2   2 |     TCG   0   0   0   0   1   0 |     TAG   0   0   0   0   0   0 | Trp TGG   3   3   3   3   3   3
--------------------------------------------------------------------------------------------------------------------------------------
Leu CTT   3   3   3   3   3   3 | Pro CCT   4   4   4   4   5   3 | His CAT   2   2   2   2   2   2 | Arg CGT   0   0   0   0   0   0
    CTC   1   1   1   1   1   1 |     CCC   1   1   1   1   1   2 |     CAC   0   0   0   0   0   0 |     CGC   0   0   0   0   0   0
    CTA   1   1   0   1   1   1 |     CCA   2   2   1   2   1   2 | Gln CAA   2   3   2   2   2   2 |     CGA   1   1   1   1   1   1
    CTG   5   4   6   5   5   5 |     CCG   0   0   1   0   0   0 |     CAG   9   8   9   9   9   9 |     CGG   0   0   0   0   0   0
--------------------------------------------------------------------------------------------------------------------------------------
Ile ATT   2   2   2   2   2   2 | Thr ACT   3   3   3   3   3   2 | Asn AAT   2   2   2   2   2   2 | Ser AGT   1   1   1   1   1   1
    ATC   5   5   5   5   5   5 |     ACC   2   1   2   1   1   2 |     AAC   1   1   1   1   1   1 |     AGC   1   1   1   1   1   1
    ATA   1   1   1   1   1   1 |     ACA   1   2   1   2   2   2 | Lys AAA   6   6   6   6   6   6 | Arg AGA   1   1   1   1   1   1
Met ATG   0   1   0   0   0   0 |     ACG   1   0   1   0   0   0 |     AAG   4   4   4   4   4   4 |     AGG   2   2   2   2   2   2
--------------------------------------------------------------------------------------------------------------------------------------
Val GTT   2   2   1   2   2   2 | Ala GCT   5   6   6   6   6   7 | Asp GAT   4   3   4   4   4   4 | Gly GGT   1   1   1   1   1   1
    GTC   1   1   2   1   1   1 |     GCC   3   4   3   4   4   3 |     GAC   2   3   2   2   2   2 |     GGC   2   3   2   2   2   2
    GTA   0   0   0   0   0   0 |     GCA   5   5   5   5   5   5 | Glu GAA   4   4   4   4   4   5 |     GGA   1   3   1   1   1   1
    GTG   3   3   3   3   3   3 |     GCG   1   0   0   0   0   0 |     GAG   3   3   3   3   3   2 |     GGG   4   1   4   4   4   4
--------------------------------------------------------------------------------------------------------------------------------------

--------------------------------------------------------------------------------------------------------------------------------------
Phe TTT   1   1   1   1   1   1 | Ser TCT   4   4   4   3   5   4 | Tyr TAT   1   1   1   1   1   1 | Cys TGT   1   1   1   1   1   1
    TTC   1   1   1   1   1   1 |     TCC   5   5   5   5   4   5 |     TAC   0   0   0   0   0   0 |     TGC   1   1   1   1   1   1
Leu TTA   1   1   1   1   1   1 |     TCA   2   2   2   2   2   2 | *** TAA   0   0   0   0   0   0 | *** TGA   0   0   0   0   0   0
    TTG   2   2   2   2   2   2 |     TCG   0   0   0   0   0   0 |     TAG   0   0   0   0   0   0 | Trp TGG   3   3   3   3   3   3
--------------------------------------------------------------------------------------------------------------------------------------
Leu CTT   2   2   3   3   3   3 | Pro CCT   4   4   4   5   4   4 | His CAT   2   2   2   2   2   2 | Arg CGT   0   0   0   0   0   0
    CTC   2   2   2   1   1   1 |     CCC   1   1   1   1   1   1 |     CAC   0   0   0   0   0   0 |     CGC   0   0   0   0   0   0
    CTA   1   1   1   1   0   1 |     CCA   2   2   2   2   2   2 | Gln CAA   3   3   2   2   2   2 |     CGA   1   1   1   1   1   1
    CTG   5   5   4   5   6   5 |     CCG   0   0   0   0   0   0 |     CAG   8   8   9   9   9   9 |     CGG   0   0   0   0   0   0
--------------------------------------------------------------------------------------------------------------------------------------
Ile ATT   2   2   2   2   2   2 | Thr ACT   3   3   3   3   3   3 | Asn AAT   2   2   2   2   2   2 | Ser AGT   1   1   1   1   1   1
    ATC   5   5   4   5   5   5 |     ACC   2   2   2   1   2   2 |     AAC   1   1   1   1   1   1 |     AGC   1   1   1   1   1   1
    ATA   1   1   1   1   1   1 |     ACA   1   1   2   2   2   1 | Lys AAA   6   6   6   6   6   6 | Arg AGA   1   1   1   1   1   1
Met ATG   0   0   0   0   0   0 |     ACG   0   0   0   0   0   1 |     AAG   4   4   4   4   4   4 |     AGG   2   2   2   3   2   2
--------------------------------------------------------------------------------------------------------------------------------------
Val GTT   2   2   2   2   2   2 | Ala GCT   6   6   6   6   6   6 | Asp GAT   3   4   4   3   4   4 | Gly GGT   1   1   1   1   1   1
    GTC   1   1   2   1   1   1 |     GCC   3   3   3   4   4   3 |     GAC   3   2   2   3   2   2 |     GGC   2   2   2   2   2   2
    GTA   0   0   0   0   0   0 |     GCA   6   6   5   5   4   5 | Glu GAA   4   4   4   4   4   4 |     GGA   1   1   1   1   1   1
    GTG   3   3   3   3   3   3 |     GCG   0   0   0   0   0   0 |     GAG   3   3   3   4   3   3 |     GGG   4   4   4   2   4   4
--------------------------------------------------------------------------------------------------------------------------------------

--------------------------------------------------------------------------------------------------------------------------------------
Phe TTT   1   1   1   1   0   1 | Ser TCT   4   3   4   4   4   3 | Tyr TAT   1   1   1   1   1   1 | Cys TGT   1   1   1   1   1   1
    TTC   1   1   1   1   2   1 |     TCC   5   6   5   5   5   5 |     TAC   0   0   0   0   0   0 |     TGC   1   1   1   1   1   1
Leu TTA   0   0   1   1   2   1 |     TCA   2   2   2   2   2   2 | *** TAA   0   0   0   0   0   0 | *** TGA   0   0   0   0   0   0
    TTG   2   3   2   2   1   2 |     TCG   0   0   0   0   0   0 |     TAG   0   0   0   0   0   0 | Trp TGG   3   3   3   3   3   3
--------------------------------------------------------------------------------------------------------------------------------------
Leu CTT   2   2   3   3   3   3 | Pro CCT   4   4   4   4   4   5 | His CAT   2   2   2   2   2   2 | Arg CGT   0   0   0   0   0   0
    CTC   2   2   1   1   1   1 |     CCC   1   1   1   1   1   1 |     CAC   0   0   0   0   0   0 |     CGC   0   0   0   0   0   0
    CTA   1   1   1   1   0   1 |     CCA   2   2   2   2   1   2 | Gln CAA   2   3   2   2   2   2 |     CGA   1   1   1   1   1   1
    CTG   6   5   5   5   6   5 |     CCG   0   0   0   0   1   0 |     CAG  10   8   9   9   9   9 |     CGG   0   0   0   0   0   0
--------------------------------------------------------------------------------------------------------------------------------------
Ile ATT   2   2   2   2   2   2 | Thr ACT   2   1   3   3   3   3 | Asn AAT   2   2   2   2   2   2 | Ser AGT   1   1   1   1   1   1
    ATC   5   5   5   5   5   5 |     ACC   1   2   2   2   2   1 |     AAC   1   1   1   1   1   1 |     AGC   1   1   1   1   1   1
    ATA   1   1   1   1   1   1 |     ACA   1   2   1   2   1   2 | Lys AAA   4   5   6   6   6   6 | Arg AGA   1   1   1   1   1   1
Met ATG   0   0   0   0   0   0 |     ACG   1   2   1   0   1   0 |     AAG   5   5   4   4   4   4 |     AGG   2   2   2   2   2   3
--------------------------------------------------------------------------------------------------------------------------------------
Val GTT   2   2   2   2   1   2 | Ala GCT   6   6   6   5   6   6 | Asp GAT   3   3   4   4   4   3 | Gly GGT   1   1   1   1   1   1
    GTC   1   1   1   1   2   1 |     GCC   5   4   3   4   3   4 |     GAC   3   3   2   2   2   3 |     GGC   2   2   2   3   2   2
    GTA   0   0   0   0   0   0 |     GCA   5   4   5   5   5   5 | Glu GAA   4   4   4   4   4   4 |     GGA   1   1   1   1   1   1
    GTG   3   3   3   3   3   3 |     GCG   0   0   0   0   0   0 |     GAG   3   3   3   3   3   4 |     GGG   4   4   4   3   4   2
--------------------------------------------------------------------------------------------------------------------------------------

--------------------------------------------------------------------------------------------------------------------------------------
Phe TTT   1   1   1   1   1   0 | Ser TCT   4   3   4   4   4   4 | Tyr TAT   1   1   1   1   1   1 | Cys TGT   1   1   1   1   1   1
    TTC   1   1   1   1   1   2 |     TCC   5   5   5   6   5   5 |     TAC   0   0   0   0   0   0 |     TGC   1   1   1   1   1   1
Leu TTA   1   1   0   1   1   2 |     TCA   2   2   2   2   2   2 | *** TAA   0   0   0   0   0   0 | *** TGA   0   0   0   0   0   0
    TTG   1   2   2   2   3   1 |     TCG   0   0   0   0   0   0 |     TAG   0   0   0   0   0   0 | Trp TGG   3   3   3   3   3   3
--------------------------------------------------------------------------------------------------------------------------------------
Leu CTT   3   3   2   3   3   3 | Pro CCT   4   5   4   4   5   4 | His CAT   2   2   2   2   2   2 | Arg CGT   0   0   0   0   0   0
    CTC   1   1   2   1   1   1 |     CCC   1   1   1   0   0   1 |     CAC   0   0   0   0   0   0 |     CGC   0   0   0   0   0   0
    CTA   1   1   1   1   1   1 |     CCA   2   2   2   2   2   1 | Gln CAA   1   2   2   2   3   2 |     CGA   1   1   1   1   1   1
    CTG   6   5   6   5   4   5 |     CCG   0   0   0   0   0   1 |     CAG  10   9  10   9   8   9 |     CGG   0   0   0   0   0   0
--------------------------------------------------------------------------------------------------------------------------------------
Ile ATT   2   2   2   2   2   2 | Thr ACT   3   3   2   3   3   3 | Asn AAT   2   2   2   2   2   2 | Ser AGT   1   1   1   1   1   1
    ATC   5   5   5   5   5   5 |     ACC   2   1   1   1   1   2 |     AAC   1   1   1   1   1   1 |     AGC   1   1   1   1   1   1
    ATA   1   1   1   1   1   1 |     ACA   2   2   1   2   2   1 | Lys AAA   6   6   4   6   6   6 | Arg AGA   1   1   1   1   0   1
Met ATG   0   0   0   0   0   0 |     ACG   0   0   1   0   0   1 |     AAG   4   4   5   4   4   4 |     AGG   2   3   2   2   3   2
--------------------------------------------------------------------------------------------------------------------------------------
Val GTT   2   2   2   2   2   1 | Ala GCT   6   6   6   6   5   6 | Asp GAT   4   3   2   4   4   4 | Gly GGT   1   1   1   1   1   1
    GTC   1   1   1   1   1   2 |     GCC   3   4   5   4   4   3 |     GAC   2   3   4   2   3   2 |     GGC   3   2   2   2   2   2
    GTA   0   0   0   0   0   0 |     GCA   5   5   5   5   5   5 | Glu GAA   4   4   4   4   3   4 |     GGA   1   1   1   1   2   1
    GTG   3   3   3   3   3   3 |     GCG   0   0   0   0   0   0 |     GAG   3   4   3   3   3   3 |     GGG   3   2   4   4   4   4
--------------------------------------------------------------------------------------------------------------------------------------

--------------------------------------------------------------------------------------------------------------------------------------
Phe TTT   1   1   1   1   1   1 | Ser TCT   3   4   4   4   4   4 | Tyr TAT   1   1   1   1   1   1 | Cys TGT   1   1   1   1   1   1
    TTC   1   1   1   1   1   1 |     TCC   6   5   5   4   5   5 |     TAC   0   0   0   0   0   0 |     TGC   1   1   1   1   1   1
Leu TTA   1   1   1   1   1   0 |     TCA   2   2   2   1   2   2 | *** TAA   0   0   0   0   0   0 | *** TGA   0   0   0   0   0   0
    TTG   2   2   2   2   2   3 |     TCG   0   0   0   1   0   0 |     TAG   0   0   0   0   0   0 | Trp TGG   3   3   3   3   3   3
--------------------------------------------------------------------------------------------------------------------------------------
Leu CTT   3   3   3   3   3   3 | Pro CCT   4   4   4   4   4   4 | His CAT   2   2   2   2   2   2 | Arg CGT   0   0   0   0   0   0
    CTC   1   1   1   1   1   1 |     CCC   2   1   1   2   1   1 |     CAC   0   0   0   0   0   0 |     CGC   0   0   0   0   0   0
    CTA   2   1   1   1   1   1 |     CCA   1   2   2   2   2   2 | Gln CAA   2   3   2   2   2   3 |     CGA   1   1   1   1   1   1
    CTG   4   5   5   5   5   5 |     CCG   0   0   0   0   0   0 |     CAG   9   8   9   8   9   8 |     CGG   0   0   0   1   0   0
--------------------------------------------------------------------------------------------------------------------------------------
Ile ATT   2   2   2   2   2   2 | Thr ACT   3   3   3   3   3   3 | Asn AAT   2   2   2   2   2   2 | Ser AGT   1   1   1   1   1   1
    ATC   5   5   5   5   4   5 |     ACC   2   1   2   1   2   1 |     AAC   1   1   1   1   1   1 |     AGC   1   1   1   1   1   1
    ATA   1   1   1   1   1   1 |     ACA   3   2   1   1   2   2 | Lys AAA   5   6   6   6   6   5 | Arg AGA   2   1   1   1   1   1
Met ATG   0   0   0   0   0   0 |     ACG   0   0   1   1   0   0 |     AAG   4   4   4   4   4   5 |     AGG   2   2   2   2   2   2
--------------------------------------------------------------------------------------------------------------------------------------
Val GTT   2   2   2   2   2   2 | Ala GCT   6   6   6   6   7   6 | Asp GAT   3   3   4   4   4   3 | Gly GGT   0   1   1   1   1   1
    GTC   1   1   1   1   2   1 |     GCC   3   4   3   4   3   4 |     GAC   3   3   2   2   2   3 |     GGC   3   2   2   2   2   2
    GTA   1   0   0   0   0   0 |     GCA   3   5   5   5   4   5 | Glu GAA   4   4   4   4   4   4 |     GGA   1   1   1   1   1   1
    GTG   3   3   3   3   3   3 |     GCG   0   0   0   0   0   0 |     GAG   3   3   3   4   3   3 |     GGG   4   4   4   3   4   4
--------------------------------------------------------------------------------------------------------------------------------------

--------------------------------------------------------------------------------------------------------------------------------------
Phe TTT   1   1   1   1   1   1 | Ser TCT   4   4   4   4   4   5 | Tyr TAT   1   1   1   1   1   1 | Cys TGT   1   1   1   1   1   1
    TTC   1   1   1   1   1   1 |     TCC   5   5   5   5   5   4 |     TAC   0   0   0   0   0   0 |     TGC   1   1   1   1   1   1
Leu TTA   0   1   0   0   1   1 |     TCA   2   2   2   2   2   2 | *** TAA   0   0   0   0   0   0 | *** TGA   0   0   0   0   0   0
    TTG   2   2   2   3   2   2 |     TCG   0   0   0   0   0   0 |     TAG   0   0   0   0   0   0 | Trp TGG   3   3   3   3   3   3
--------------------------------------------------------------------------------------------------------------------------------------
Leu CTT   2   3   2   2   3   3 | Pro CCT   4   4   4   4   4   4 | His CAT   2   2   2   2   2   2 | Arg CGT   0   0   0   0   0   0
    CTC   2   1   2   2   1   1 |     CCC   1   1   1   1   1   1 |     CAC   0   0   0   0   0   0 |     CGC   0   0   0   0   0   0
    CTA   1   2   1   1   1   1 |     CCA   2   2   2   2   2   2 | Gln CAA   2   2   2   3   3   2 |     CGA   1   1   1   1   1   1
    CTG   6   4   6   5   5   5 |     CCG   0   0   0   0   0   0 |     CAG  10   9  10   8   8   9 |     CGG   0   0   0   0   0   0
--------------------------------------------------------------------------------------------------------------------------------------
Ile ATT   2   2   2   2   2   2 | Thr ACT   2   3   2   1   3   3 | Asn AAT   2   2   2   2   2   2 | Ser AGT   1   1   1   1   1   1
    ATC   5   5   5   5   5   5 |     ACC   1   2   1   2   1   1 |     AAC   1   1   1   1   1   1 |     AGC   1   1   1   1   1   1
    ATA   1   1   1   1   1   1 |     ACA   1   2   1   1   2   2 | Lys AAA   4   6   4   5   6   6 | Arg AGA   1   1   1   1   1   1
Met ATG   0   0   0   0   0   0 |     ACG   1   0   1   2   0   0 |     AAG   5   4   5   5   4   3 |     AGG   2   2   2   2   2   3
--------------------------------------------------------------------------------------------------------------------------------------
Val GTT   2   2   2   2   2   2 | Ala GCT   6   7   6   6   6   6 | Asp GAT   3   4   2   3   3   4 | Gly GGT   1   1   1   1   1   1
    GTC   1   1   1   1   1   1 |     GCC   5   2   5   4   4   4 |     GAC   3   2   4   3   3   2 |     GGC   2   3   2   2   2   2
    GTA   0   0   0   0   0   0 |     GCA   5   5   5   5   5   5 | Glu GAA   4   4   4   4   4   4 |     GGA   1   1   1   1   1   1
    GTG   3   3   3   3   3   3 |     GCG   0   0   0   0   0   0 |     GAG   3   3   3   3   3   3 |     GGG   4   3   4   4   4   4
--------------------------------------------------------------------------------------------------------------------------------------

--------------------------------------------------------------------------------------------------------------------------------------
Phe TTT   1   1   1   1   1   1 | Ser TCT   4   4   4   3   2   3 | Tyr TAT   1   1   1   1   1   1 | Cys TGT   1   1   1   2   1   1
    TTC   1   1   1   1   1   1 |     TCC   5   5   5   4   5   5 |     TAC   0   0   0   0   0   0 |     TGC   1   1   1   1   1   1
Leu TTA   1   1   1   1   1   1 |     TCA   2   2   2   2   2   2 | *** TAA   0   0   0   0   0   0 | *** TGA   0   0   0   0   0   0
    TTG   2   2   2   2   2   2 |     TCG   0   0   0   1   0   0 |     TAG   0   0   0   0   0   0 | Trp TGG   3   3   3   3   3   3
--------------------------------------------------------------------------------------------------------------------------------------
Leu CTT   3   3   3   3   3   3 | Pro CCT   5   4   4   4   6   5 | His CAT   2   2   2   2   2   2 | Arg CGT   0   0   0   0   0   0
    CTC   1   1   1   1   1   1 |     CCC   1   1   1   1   1   1 |     CAC   0   0   0   0   0   0 |     CGC   0   0   0   0   0   0
    CTA   1   1   1   1   1   1 |     CCA   2   2   2   2   2   2 | Gln CAA   1   2   2   3   2   1 |     CGA   1   1   1   1   1   1
    CTG   5   5   5   5   5   5 |     CCG   1   0   0   0   0   0 |     CAG   8   9   9   8   9  10 |     CGG   0   0   0   0   0   0
--------------------------------------------------------------------------------------------------------------------------------------
Ile ATT   2   2   2   2   2   2 | Thr ACT   3   3   3   2   3   3 | Asn AAT   2   2   2   2   2   2 | Ser AGT   1   1   1   1   1   1
    ATC   4   5   5   5   5   5 |     ACC   1   1   1   3   1   1 |     AAC   1   1   1   1   1   1 |     AGC   1   1   1   1   1   1
    ATA   1   1   1   1   2   1 |     ACA   2   2   2   2   1   2 | Lys AAA   6   6   6   6   6   6 | Arg AGA   1   1   1   1   1   1
Met ATG   0   0   0   0   0   0 |     ACG   0   0   0   0   0   0 |     AAG   4   4   4   4   4   4 |     AGG   2   2   2   2   3   3
--------------------------------------------------------------------------------------------------------------------------------------
Val GTT   2   2   2   2   2   2 | Ala GCT   6   6   6   6   6   6 | Asp GAT   4   4   4   4   3   3 | Gly GGT   1   1   1   1   1   1
    GTC   1   1   1   1   1   1 |     GCC   4   4   4   3   4   4 |     GAC   2   2   2   2   3   3 |     GGC   3   2   2   2   2   2
    GTA   0   0   0   0   0   0 |     GCA   4   5   4   5   5   5 | Glu GAA   4   4   3   4   4   4 |     GGA   1   1   1   1   1   1
    GTG   2   3   3   3   3   3 |     GCG   2   0   1   0   0   0 |     GAG   3   3   4   3   4   4 |     GGG   4   4   4   4   2   2
--------------------------------------------------------------------------------------------------------------------------------------

Codon position x base (3x4) table for each sequence.

#1: Argali         
position  1:    T:0.17323    C:0.24409    A:0.25984    G:0.32283
position  2:    T:0.22835    C:0.30709    A:0.31496    G:0.14961
position  3:    T:0.28346    C:0.21260    A:0.22047    G:0.28346
Average         T:0.22835    C:0.25459    A:0.26509    G:0.25197

#2: LesserMouseDeer
position  1:    T:0.17323    C:0.25197    A:0.25984    G:0.31496
position  2:    T:0.23622    C:0.30709    A:0.29921    G:0.15748
position  3:    T:0.23622    C:0.25197    A:0.23622    G:0.27559
Average         T:0.21522    C:0.27034    A:0.26509    G:0.24934

#3: LesserKudu     
position  1:    T:0.16535    C:0.25197    A:0.27559    G:0.30709
position  2:    T:0.22835    C:0.30709    A:0.32283    G:0.14173
position  3:    T:0.28346    C:0.21260    A:0.22047    G:0.28346
Average         T:0.22572    C:0.25722    A:0.27297    G:0.24409

#4: ForestMuskDeer2
position  1:    T:0.17323    C:0.24409    A:0.25984    G:0.32283
position  2:    T:0.22835    C:0.29921    A:0.31496    G:0.15748
position  3:    T:0.28346    C:0.20472    A:0.23622    G:0.27559
Average         T:0.22835    C:0.24934    A:0.27034    G:0.25197

#5: Camel          
position  1:    T:0.15748    C:0.25984    A:0.27559    G:0.30709
position  2:    T:0.23622    C:0.29134    A:0.31496    G:0.15748
position  3:    T:0.22835    C:0.25197    A:0.23622    G:0.28346
Average         T:0.20735    C:0.26772    A:0.27559    G:0.24934

#6: KillerWhale    
position  1:    T:0.17323    C:0.24409    A:0.27559    G:0.30709
position  2:    T:0.23622    C:0.29921    A:0.31496    G:0.14961
position  3:    T:0.27559    C:0.21260    A:0.23622    G:0.27559
Average         T:0.22835    C:0.25197    A:0.27559    G:0.24409

#7: DefassaWaterbuck
position  1:    T:0.17323    C:0.24409    A:0.25197    G:0.33071
position  2:    T:0.22835    C:0.30709    A:0.31496    G:0.14961
position  3:    T:0.29134    C:0.20472    A:0.22047    G:0.28346
Average         T:0.23097    C:0.25197    A:0.26247    G:0.25459

#8: Sheep          
position  1:    T:0.17323    C:0.24409    A:0.25984    G:0.32283
position  2:    T:0.22835    C:0.30709    A:0.31496    G:0.14961
position  3:    T:0.28346    C:0.21260    A:0.22047    G:0.28346
Average         T:0.22835    C:0.25459    A:0.26509    G:0.25197

#9: MaxwellsDuiker 
position  1:    T:0.17323    C:0.25197    A:0.24409    G:0.33071
position  2:    T:0.22835    C:0.30709    A:0.31496    G:0.14961
position  3:    T:0.28346    C:0.20472    A:0.22047    G:0.29134
Average         T:0.22835    C:0.25459    A:0.25984    G:0.25722

#10: GazellaPrzewalskyi
position  1:    T:0.17323    C:0.24409    A:0.25984    G:0.32283
position  2:    T:0.22835    C:0.30709    A:0.31496    G:0.14961
position  3:    T:0.29134    C:0.20472    A:0.22047    G:0.28346
Average         T:0.23097    C:0.25197    A:0.26509    G:0.25197

#11: MountainNyala  
position  1:    T:0.16535    C:0.25197    A:0.25984    G:0.32283
position  2:    T:0.22835    C:0.30709    A:0.32283    G:0.14173
position  3:    T:0.28346    C:0.21260    A:0.22835    G:0.27559
Average         T:0.22572    C:0.25722    A:0.27034    G:0.24672

#12: MuntiacusMuntjak
position  1:    T:0.16535    C:0.25984    A:0.23622    G:0.33858
position  2:    T:0.22835    C:0.30709    A:0.31496    G:0.14961
position  3:    T:0.25984    C:0.23622    A:0.20472    G:0.29921
Average         T:0.21785    C:0.26772    A:0.25197    G:0.26247

#13: goat           
position  1:    T:0.17323    C:0.24409    A:0.25984    G:0.32283
position  2:    T:0.22835    C:0.30709    A:0.31496    G:0.14961
position  3:    T:0.28346    C:0.20472    A:0.22047    G:0.29134
Average         T:0.22835    C:0.25197    A:0.26509    G:0.25459

#14: AfricanBuffalo 
position  1:    T:0.17323    C:0.23622    A:0.25984    G:0.33071
position  2:    T:0.22835    C:0.30709    A:0.31496    G:0.14961
position  3:    T:0.28346    C:0.22047    A:0.25197    G:0.24409
Average         T:0.22835    C:0.25459    A:0.27559    G:0.24147

#15: Topi           
position  1:    T:0.17323    C:0.24409    A:0.25984    G:0.32283
position  2:    T:0.22835    C:0.30709    A:0.31496    G:0.14961
position  3:    T:0.27559    C:0.22047    A:0.21260    G:0.29134
Average         T:0.22572    C:0.25722    A:0.26247    G:0.25459

#16: CommonDuiker   
position  1:    T:0.17323    C:0.24409    A:0.25197    G:0.33071
position  2:    T:0.22835    C:0.30709    A:0.31496    G:0.14961
position  3:    T:0.29134    C:0.20472    A:0.22835    G:0.27559
Average         T:0.23097    C:0.25197    A:0.26509    G:0.25197

#17: Suni           
position  1:    T:0.17323    C:0.24409    A:0.25197    G:0.33071
position  2:    T:0.22835    C:0.30709    A:0.31496    G:0.14961
position  3:    T:0.29921    C:0.20472    A:0.21260    G:0.28346
Average         T:0.23360    C:0.25197    A:0.25984    G:0.25459

#18: Springbuck     
position  1:    T:0.17323    C:0.24409    A:0.25197    G:0.33071
position  2:    T:0.22835    C:0.30709    A:0.31496    G:0.14961
position  3:    T:0.28346    C:0.21260    A:0.23622    G:0.26772
Average         T:0.22835    C:0.25459    A:0.26772    G:0.24934

#19: Okapi          
position  1:    T:0.17323    C:0.24409    A:0.25197    G:0.33071
position  2:    T:0.22835    C:0.30709    A:0.31496    G:0.14961
position  3:    T:0.27559    C:0.22047    A:0.23622    G:0.26772
Average         T:0.22572    C:0.25722    A:0.26772    G:0.24934

#20: Giraffe        
position  1:    T:0.17323    C:0.24409    A:0.25197    G:0.33071
position  2:    T:0.22835    C:0.30709    A:0.31496    G:0.14961
position  3:    T:0.28346    C:0.21260    A:0.23622    G:0.26772
Average         T:0.22835    C:0.25459    A:0.26772    G:0.24934

#21: TibetanAntelope
position  1:    T:0.17323    C:0.24409    A:0.25197    G:0.33071
position  2:    T:0.22835    C:0.30709    A:0.31496    G:0.14961
position  3:    T:0.29134    C:0.21260    A:0.22835    G:0.26772
Average         T:0.23097    C:0.25459    A:0.26509    G:0.24934

#22: Sitatunga      
position  1:    T:0.16535    C:0.25197    A:0.25984    G:0.32283
position  2:    T:0.22835    C:0.30709    A:0.32283    G:0.14173
position  3:    T:0.28346    C:0.21260    A:0.22835    G:0.27559
Average         T:0.22572    C:0.25722    A:0.27034    G:0.24672

#23: Oribi          
position  1:    T:0.17323    C:0.24409    A:0.25984    G:0.32283
position  2:    T:0.22835    C:0.30709    A:0.31496    G:0.14961
position  3:    T:0.29921    C:0.20472    A:0.21260    G:0.28346
Average         T:0.23360    C:0.25197    A:0.26247    G:0.25197

#24: BarbarySheep   
position  1:    T:0.17323    C:0.24409    A:0.25984    G:0.32283
position  2:    T:0.22835    C:0.30709    A:0.31496    G:0.14961
position  3:    T:0.29134    C:0.20472    A:0.22047    G:0.28346
Average         T:0.23097    C:0.25197    A:0.26509    G:0.25197

#25: Daviddeer      
position  1:    T:0.16535    C:0.25984    A:0.23622    G:0.33858
position  2:    T:0.22835    C:0.30709    A:0.31496    G:0.14961
position  3:    T:0.26772    C:0.22835    A:0.19685    G:0.30709
Average         T:0.22047    C:0.26509    A:0.24934    G:0.26509

#26: Reindeer       
position  1:    T:0.17323    C:0.24409    A:0.25984    G:0.32283
position  2:    T:0.22835    C:0.30709    A:0.31496    G:0.14961
position  3:    T:0.25197    C:0.23622    A:0.21260    G:0.29921
Average         T:0.21785    C:0.26247    A:0.26247    G:0.25722

#27: Ibex           
position  1:    T:0.17323    C:0.24409    A:0.25984    G:0.32283
position  2:    T:0.22835    C:0.30709    A:0.31496    G:0.14961
position  3:    T:0.29134    C:0.20472    A:0.22047    G:0.28346
Average         T:0.23097    C:0.25197    A:0.26509    G:0.25197

#28: GyrantGazelle  
position  1:    T:0.17323    C:0.24409    A:0.25984    G:0.32283
position  2:    T:0.22835    C:0.30709    A:0.31496    G:0.14961
position  3:    T:0.28346    C:0.22047    A:0.22835    G:0.26772
Average         T:0.22835    C:0.25722    A:0.26772    G:0.24672

#29: Hartebeest     
position  1:    T:0.17323    C:0.24409    A:0.25984    G:0.32283
position  2:    T:0.22835    C:0.30709    A:0.31496    G:0.14961
position  3:    T:0.27559    C:0.22047    A:0.21260    G:0.29134
Average         T:0.22572    C:0.25722    A:0.26247    G:0.25459

#30: Bongo          
position  1:    T:0.16535    C:0.25197    A:0.25984    G:0.32283
position  2:    T:0.22835    C:0.30709    A:0.32283    G:0.14173
position  3:    T:0.28346    C:0.21260    A:0.22835    G:0.27559
Average         T:0.22572    C:0.25722    A:0.27034    G:0.24672

#31: Gerenuk        
position  1:    T:0.16535    C:0.25197    A:0.25984    G:0.32283
position  2:    T:0.22835    C:0.30709    A:0.31496    G:0.14961
position  3:    T:0.29134    C:0.21260    A:0.22047    G:0.27559
Average         T:0.22835    C:0.25722    A:0.26509    G:0.24934

#32: CommonEland    
position  1:    T:0.16535    C:0.25197    A:0.25984    G:0.32283
position  2:    T:0.22835    C:0.30709    A:0.32283    G:0.14173
position  3:    T:0.28346    C:0.21260    A:0.22835    G:0.27559
Average         T:0.22572    C:0.25722    A:0.27034    G:0.24672

#33: MuntiacusReevesi
position  1:    T:0.16535    C:0.25984    A:0.23622    G:0.33858
position  2:    T:0.22835    C:0.30709    A:0.31496    G:0.14961
position  3:    T:0.25984    C:0.23622    A:0.19685    G:0.30709
Average         T:0.21785    C:0.26772    A:0.24934    G:0.26509

#34: HarveysDuiker  
position  1:    T:0.18110    C:0.23622    A:0.25197    G:0.33071
position  2:    T:0.22835    C:0.30709    A:0.31496    G:0.14961
position  3:    T:0.29134    C:0.20472    A:0.22835    G:0.27559
Average         T:0.23360    C:0.24934    A:0.26509    G:0.25197

#35: Pronghorn      
position  1:    T:0.18110    C:0.23622    A:0.25197    G:0.33071
position  2:    T:0.22835    C:0.29921    A:0.31496    G:0.15748
position  3:    T:0.29134    C:0.20472    A:0.22835    G:0.27559
Average         T:0.23360    C:0.24672    A:0.26509    G:0.25459

#36: BlueWildebeest 
position  1:    T:0.17323    C:0.24409    A:0.25984    G:0.32283
position  2:    T:0.22835    C:0.30709    A:0.31496    G:0.14961
position  3:    T:0.27559    C:0.22047    A:0.22047    G:0.28346
Average         T:0.22572    C:0.25722    A:0.26509    G:0.25197

#37: Gemsbok        
position  1:    T:0.17323    C:0.24409    A:0.26772    G:0.31496
position  2:    T:0.23622    C:0.29921    A:0.30709    G:0.15748
position  3:    T:0.26772    C:0.23622    A:0.22835    G:0.26772
Average         T:0.22572    C:0.25984    A:0.26772    G:0.24672

#38: Yak            
position  1:    T:0.17323    C:0.24409    A:0.25197    G:0.33071
position  2:    T:0.22835    C:0.30709    A:0.31496    G:0.14961
position  3:    T:0.28346    C:0.21260    A:0.23622    G:0.26772
Average         T:0.22835    C:0.25459    A:0.26772    G:0.24934

#39: BlueSheep      
position  1:    T:0.17323    C:0.24409    A:0.25984    G:0.32283
position  2:    T:0.22835    C:0.30709    A:0.31496    G:0.14961
position  3:    T:0.29134    C:0.20472    A:0.22047    G:0.28346
Average         T:0.23097    C:0.25197    A:0.26509    G:0.25197

#40: BohorReedbuck  
position  1:    T:0.16535    C:0.25197    A:0.25197    G:0.33071
position  2:    T:0.22835    C:0.30709    A:0.31496    G:0.14961
position  3:    T:0.29134    C:0.20472    A:0.21260    G:0.29134
Average         T:0.22835    C:0.25459    A:0.25984    G:0.25722

#41: KirksDik       
position  1:    T:0.17323    C:0.24409    A:0.25197    G:0.33071
position  2:    T:0.22835    C:0.30709    A:0.31496    G:0.14961
position  3:    T:0.29921    C:0.20472    A:0.22047    G:0.27559
Average         T:0.23360    C:0.25197    A:0.26247    G:0.25197

#42: RoeDeer        
position  1:    T:0.17323    C:0.24409    A:0.25197    G:0.33071
position  2:    T:0.22835    C:0.30709    A:0.31496    G:0.14961
position  3:    T:0.28346    C:0.21260    A:0.22047    G:0.28346
Average         T:0.22835    C:0.25459    A:0.26247    G:0.25459

#43: WhiteLippedDeer
position  1:    T:0.16535    C:0.25984    A:0.23622    G:0.33858
position  2:    T:0.22835    C:0.30709    A:0.31496    G:0.14961
position  3:    T:0.26772    C:0.22835    A:0.19685    G:0.30709
Average         T:0.22047    C:0.26509    A:0.24934    G:0.26509

#44: ThomsonGazelle 
position  1:    T:0.17323    C:0.24409    A:0.25984    G:0.32283
position  2:    T:0.22835    C:0.30709    A:0.31496    G:0.14961
position  3:    T:0.29921    C:0.20472    A:0.23622    G:0.25984
Average         T:0.23360    C:0.25197    A:0.27034    G:0.24409

#45: MuntiacusCrinifrons
position  1:    T:0.16535    C:0.25984    A:0.23622    G:0.33858
position  2:    T:0.22835    C:0.30709    A:0.31496    G:0.14961
position  3:    T:0.25984    C:0.23622    A:0.19685    G:0.30709
Average         T:0.21785    C:0.26772    A:0.24934    G:0.26509

#46: WhiteTailedDeer
position  1:    T:0.17323    C:0.24409    A:0.25197    G:0.33071
position  2:    T:0.22835    C:0.30709    A:0.31496    G:0.14961
position  3:    T:0.25984    C:0.22835    A:0.21260    G:0.29921
Average         T:0.22047    C:0.25984    A:0.25984    G:0.25984

#47: Cattle         
position  1:    T:0.17323    C:0.24409    A:0.25197    G:0.33071
position  2:    T:0.22835    C:0.30709    A:0.31496    G:0.14961
position  3:    T:0.28346    C:0.21260    A:0.23622    G:0.26772
Average         T:0.22835    C:0.25459    A:0.26772    G:0.24934

#48: RoyalAntelope  
position  1:    T:0.17323    C:0.24409    A:0.25197    G:0.33071
position  2:    T:0.22835    C:0.30709    A:0.30709    G:0.15748
position  3:    T:0.29921    C:0.19685    A:0.22835    G:0.27559
Average         T:0.23360    C:0.24934    A:0.26247    G:0.25459

#49: Steenbok       
position  1:    T:0.17323    C:0.24409    A:0.24409    G:0.33858
position  2:    T:0.21260    C:0.33071    A:0.29921    G:0.15748
position  3:    T:0.29921    C:0.20472    A:0.21260    G:0.28346
Average         T:0.22835    C:0.25984    A:0.25197    G:0.25984

#50: Impala         
position  1:    T:0.17323    C:0.24409    A:0.25197    G:0.33071
position  2:    T:0.22835    C:0.30709    A:0.31496    G:0.14961
position  3:    T:0.29134    C:0.20472    A:0.22835    G:0.27559
Average         T:0.23097    C:0.25197    A:0.26509    G:0.25197

#51: Klipspringer   
position  1:    T:0.17323    C:0.24409    A:0.25197    G:0.33071
position  2:    T:0.22835    C:0.30709    A:0.31496    G:0.14961
