CODONML (in paml version 4.10.7, June 2023)  /home/rachel/ruminants_paml/6406-phy-tree/ENSBTAT00000028887.fasta.phy
Model: free dN/dS Ratios for branches,  kappa = 2.000 fixed

Codon frequency model: F3x4
ns =  54  ls =  24

Codon usage in sequences
--------------------------------------------------------------------------------------------------------------------------------------
Phe TTT   3   3   3   2   3   2 | Ser TCT   0   1   1   1   1   1 | Tyr TAT   0   0   0   0   0   0 | Cys TGT   0   0   0   0   0   0
    TTC   1   1   1   2   1   2 |     TCC   0   0   0   0   0   0 |     TAC   1   1   1   1   1   1 |     TGC   0   0   0   0   0   0
Leu TTA   0   0   0   0   0   0 |     TCA   1   0   0   0   0   0 | *** TAA   0   0   0   0   0   0 | *** TGA   0   0   0   0   0   0
    TTG   2   2   2   2   2   2 |     TCG   0   0   0   0   0   0 |     TAG   0   0   0   0   0   0 | Trp TGG   0   0   0   0   0   0
--------------------------------------------------------------------------------------------------------------------------------------
Leu CTT   0   0   0   0   0   0 | Pro CCT   1   1   1   1   0   1 | His CAT   0   0   0   0   0   0 | Arg CGT   0   0   0   0   0   0
    CTC   0   0   0   0   1   0 |     CCC   0   0   0   0   1   0 |     CAC   0   0   0   0   0   0 |     CGC   0   0   0   0   0   0
    CTA   1   1   1   1   0   1 |     CCA   0   0   0   0   0   0 | Gln CAA   0   0   0   0   0   0 |     CGA   0   0   0   0   0   0
    CTG   0   0   0   0   0   0 |     CCG   0   0   0   0   0   0 |     CAG   0   0   0   0   0   0 |     CGG   0   0   0   0   0   0
--------------------------------------------------------------------------------------------------------------------------------------
Ile ATT   0   0   0   0   0   0 | Thr ACT   0   0   0   1   0   0 | Asn AAT   1   1   1   1   2   2 | Ser AGT   1   0   0   0   0   0
    ATC   1   1   1   1   1   1 |     ACC   1   1   1   0   1   1 |     AAC   1   1   1   1   0   0 |     AGC   0   0   0   0   0   0
    ATA   0   0   0   0   0   0 |     ACA   0   1   0   1   1   1 | Lys AAA   0   0   0   0   0   1 | Arg AGA   0   0   0   0   0   0
Met ATG   1   1   1   1   1   1 |     ACG   1   0   1   0   0   0 |     AAG   1   1   1   1   1   0 |     AGG   0   0   0   0   0   0
--------------------------------------------------------------------------------------------------------------------------------------
Val GTT   0   0   0   0   0   0 | Ala GCT   1   1   1   1   1   1 | Asp GAT   0   0   0   0   0   0 | Gly GGT   0   1   1   1   1   1
    GTC   0   0   0   0   0   0 |     GCC   0   0   0   0   0   0 |     GAC   0   1   0   0   0   0 |     GGC   1   0   1   1   1   1
    GTA   0   0   0   0   0   0 |     GCA   0   0   0   0   0   0 | Glu GAA   1   1   1   0   1   1 |     GGA   1   1   1   1   1   1
    GTG   2   2   2   2   2   2 |     GCG   0   0   0   0   0   0 |     GAG   0   0   0   1   0   0 |     GGG   0   0   0   0   0   0
--------------------------------------------------------------------------------------------------------------------------------------

--------------------------------------------------------------------------------------------------------------------------------------
Phe TTT   2   3   3   3   3   3 | Ser TCT   1   0   1   1   1   1 | Tyr TAT   0   0   0   0   0   0 | Cys TGT   0   0   0   0   0   0
    TTC   2   1   1   1   1   1 |     TCC   0   1   0   0   0   0 |     TAC   1   1   1   1   1   1 |     TGC   0   0   0   0   0   0
Leu TTA   0   0   0   0   0   0 |     TCA   0   0   0   0   0   0 | *** TAA   0   0   0   0   0   0 | *** TGA   0   0   0   0   0   0
    TTG   2   2   1   2   2   2 |     TCG   1   0   0   0   0   0 |     TAG   0   0   0   0   0   0 | Trp TGG   0   0   0   0   0   0
--------------------------------------------------------------------------------------------------------------------------------------
Leu CTT   0   0   0   0   0   0 | Pro CCT   1   1   1   1   1   1 | His CAT   0   0   0   0   0   0 | Arg CGT   0   0   0   0   0   0
    CTC   0   0   0   0   0   0 |     CCC   0   0   0   0   0   0 |     CAC   0   0   0   0   0   0 |     CGC   0   0   0   0   0   0
    CTA   1   1   1   1   1   1 |     CCA   0   0   0   0   0   0 | Gln CAA   0   0   0   0   0   0 |     CGA   0   0   0   0   0   0
    CTG   0   0   1   0   0   0 |     CCG   0   0   0   0   0   0 |     CAG   0   0   0   0   0   0 |     CGG   0   0   0   0   0   0
--------------------------------------------------------------------------------------------------------------------------------------
Ile ATT   0   0   0   0   0   1 | Thr ACT   0   0   0   0   0   0 | Asn AAT   1   1   1   1   1   1 | Ser AGT   0   1   1   1   0   0
    ATC   1   1   1   1   1   0 |     ACC   1   1   1   1   1   1 |     AAC   1   1   1   1   1   0 |     AGC   0   0   0   0   0   0
    ATA   0   0   0   0   0   0 |     ACA   0   0   0   0   0   1 | Lys AAA   0   0   0   0   0   0 | Arg AGA   0   0   0   0   0   0
Met ATG   1   1   1   1   1   1 |     ACG   0   1   1   1   1   0 |     AAG   1   1   1   1   1   1 |     AGG   0   0   0   0   0   0
--------------------------------------------------------------------------------------------------------------------------------------
Val GTT   0   0   0   0   0   0 | Ala GCT   1   1   1   1   1   1 | Asp GAT   0   0   0   0   0   0 | Gly GGT   1   0   0   0   1   1
    GTC   0   0   0   0   0   0 |     GCC   0   0   0   0   0   0 |     GAC   0   0   0   0   0   1 |     GGC   1   1   1   1   1   1
    GTA   0   0   0   0   0   0 |     GCA   0   0   0   0   0   0 | Glu GAA   1   1   1   1   1   1 |     GGA   1   1   1   1   1   1
    GTG   2   2   2   2   2   2 |     GCG   0   0   0   0   0   0 |     GAG   0   0   0   0   0   0 |     GGG   0   0   0   0   0   0
--------------------------------------------------------------------------------------------------------------------------------------

--------------------------------------------------------------------------------------------------------------------------------------
Phe TTT   3   3   3   3   3   3 | Ser TCT   0   1   1   1   1   1 | Tyr TAT   0   0   0   0   0   0 | Cys TGT   0   0   0   0   0   0
    TTC   1   1   1   1   1   1 |     TCC   1   0   0   0   0   0 |     TAC   1   1   1   1   1   1 |     TGC   0   0   0   0   0   0
Leu TTA   0   0   0   0   0   0 |     TCA   0   0   0   0   0   0 | *** TAA   0   0   0   0   0   0 | *** TGA   0   0   0   0   0   0
    TTG   2   2   2   1   2   2 |     TCG   0   0   0   0   0   0 |     TAG   0   0   0   0   0   0 | Trp TGG   0   0   0   0   0   0
--------------------------------------------------------------------------------------------------------------------------------------
Leu CTT   0   0   0   0   0   0 | Pro CCT   1   1   1   1   1   1 | His CAT   0   0   0   0   0   0 | Arg CGT   0   0   0   0   0   0
    CTC   0   0   0   0   0   0 |     CCC   0   0   0   0   0   0 |     CAC   0   0   0   0   0   0 |     CGC   0   0   0   0   0   0
    CTA   1   1   1   1   1   1 |     CCA   0   0   0   0   0   0 | Gln CAA   0   0   0   0   0   0 |     CGA   0   0   0   0   0   0
    CTG   0   0   0   1   0   0 |     CCG   0   0   0   0   0   0 |     CAG   0   0   0   0   0   0 |     CGG   0   0   0   0   0   0
--------------------------------------------------------------------------------------------------------------------------------------
Ile ATT   0   0   0   0   0   0 | Thr ACT   0   0   0   0   0   0 | Asn AAT   2   1   1   1   1   2 | Ser AGT   0   0   1   1   1   1
    ATC   1   1   1   1   1   1 |     ACC   1   1   1   1   1   1 |     AAC   1   1   1   1   1   0 |     AGC   0   0   0   0   0   0
    ATA   0   0   0   0   0   0 |     ACA   0   0   0   0   0   0 | Lys AAA   0   0   0   0   0   0 | Arg AGA   0   0   0   0   0   0
Met ATG   1   1   1   1   1   1 |     ACG   1   1   1   1   1   1 |     AAG   1   1   1   1   1   1 |     AGG   0   0   0   0   0   0
--------------------------------------------------------------------------------------------------------------------------------------
Val GTT   0   0   0   0   0   0 | Ala GCT   1   1   1   1   1   1 | Asp GAT   0   0   0   0   0   0 | Gly GGT   0   1   0   0   0   0
    GTC   0   0   0   0   0   0 |     GCC   0   0   0   0   0   0 |     GAC   0   0   0   0   0   0 |     GGC   1   1   1   1   1   1
    GTA   0   0   0   0   0   0 |     GCA   0   0   0   0   0   0 | Glu GAA   1   1   1   1   1   1 |     GGA   1   1   1   1   1   1
    GTG   2   2   2   2   2   2 |     GCG   0   0   0   0   0   0 |     GAG   0   0   0   0   0   0 |     GGG   0   0   0   0   0   0
--------------------------------------------------------------------------------------------------------------------------------------

--------------------------------------------------------------------------------------------------------------------------------------
Phe TTT   3   3   3   3   3   3 | Ser TCT   0   0   1   1   1   0 | Tyr TAT   0   0   0   0   0   0 | Cys TGT   0   0   0   0   0   0
    TTC   1   1   1   1   1   1 |     TCC   0   0   0   0   0   1 |     TAC   1   1   1   1   1   1 |     TGC   0   0   0   0   0   0
Leu TTA   0   0   0   0   0   0 |     TCA   0   0   0   0   0   0 | *** TAA   0   0   0   0   0   0 | *** TGA   0   0   0   0   0   0
    TTG   2   2   2   2   2   2 |     TCG   0   0   0   0   0   0 |     TAG   0   0   0   0   0   0 | Trp TGG   0   0   0   0   0   0
--------------------------------------------------------------------------------------------------------------------------------------
Leu CTT   0   0   0   0   0   0 | Pro CCT   1   1   1   1   1   1 | His CAT   0   0   0   0   0   0 | Arg CGT   0   0   0   0   0   0
    CTC   0   0   0   0   0   0 |     CCC   0   0   0   0   0   0 |     CAC   0   0   0   0   0   0 |     CGC   0   0   0   0   0   0
    CTA   0   0   1   1   1   1 |     CCA   0   0   0   0   0   0 | Gln CAA   0   0   0   0   0   0 |     CGA   0   0   0   0   0   0
    CTG   1   1   0   0   0   0 |     CCG   0   0   0   0   0   0 |     CAG   0   0   0   0   0   0 |     CGG   0   0   0   0   0   0
--------------------------------------------------------------------------------------------------------------------------------------
Ile ATT   0   0   0   0   0   0 | Thr ACT   0   0   0   0   0   0 | Asn AAT   1   1   1   1   1   1 | Ser AGT   0   0   1   0   1   1
    ATC   1   1   1   1   1   1 |     ACC   1   1   1   1   1   1 |     AAC   1   1   1   1   1   1 |     AGC   0   0   0   0   0   0
    ATA   0   0   0   0   0   0 |     ACA   1   1   1   0   0   0 | Lys AAA   0   0   0   0   0   0 | Arg AGA   0   0   0   0   0   0
Met ATG   1   1   1   1   1   1 |     ACG   0   0   0   1   1   1 |     AAG   1   1   1   1   1   1 |     AGG   0   0   0   0   0   0
--------------------------------------------------------------------------------------------------------------------------------------
Val GTT   0   0   0   0   0   0 | Ala GCT   1   0   1   1   1   1 | Asp GAT   0   0   0   0   0   0 | Gly GGT   1   1   0   1   0   0
    GTC   0   0   0   0   0   0 |     GCC   1   2   0   0   0   0 |     GAC   0   0   0   0   0   0 |     GGC   1   1   1   1   1   1
    GTA   0   0   0   0   0   0 |     GCA   0   0   0   0   0   0 | Glu GAA   1   1   1   1   1   1 |     GGA   1   1   1   1   1   1
    GTG   2   2   2   2   2   2 |     GCG   0   0   0   0   0   0 |     GAG   0   0   0   0   0   0 |     GGG   0   0   0   0   0   0
--------------------------------------------------------------------------------------------------------------------------------------

--------------------------------------------------------------------------------------------------------------------------------------
Phe TTT   3   3   3   3   3   3 | Ser TCT   1   1   0   1   1   1 | Tyr TAT   0   0   0   0   0   0 | Cys TGT   0   0   0   0   0   0
    TTC   1   1   1   1   1   1 |     TCC   0   0   1   0   0   0 |     TAC   1   1   1   1   1   1 |     TGC   0   0   0   0   0   0
Leu TTA   0   0   0   0   0   0 |     TCA   0   0   0   0   0   0 | *** TAA   0   0   0   0   0   0 | *** TGA   0   0   0   0   0   0
    TTG   2   2   2   2   2   2 |     TCG   0   0   0   0   0   0 |     TAG   0   0   0   0   0   0 | Trp TGG   0   0   0   0   0   0
--------------------------------------------------------------------------------------------------------------------------------------
Leu CTT   0   0   0   0   0   0 | Pro CCT   1   1   1   1   1   1 | His CAT   0   0   0   0   0   0 | Arg CGT   0   0   0   0   0   0
    CTC   0   0   0   0   0   0 |     CCC   0   0   0   0   0   0 |     CAC   0   0   0   0   0   0 |     CGC   0   0   0   0   0   0
    CTA   1   1   1   0   1   1 |     CCA   0   0   0   0   0   0 | Gln CAA   0   0   0   0   0   0 |     CGA   0   0   0   0   0   0
    CTG   0   0   0   1   0   0 |     CCG   0   0   0   0   0   0 |     CAG   0   0   0   0   0   0 |     CGG   0   0   0   0   0   0
--------------------------------------------------------------------------------------------------------------------------------------
Ile ATT   1   0   0   0   0   0 | Thr ACT   0   0   0   0   0   0 | Asn AAT   1   1   1   1   1   1 | Ser AGT   0   0   1   1   1   0
    ATC   0   1   1   1   1   1 |     ACC   1   1   1   1   1   1 |     AAC   0   0   1   1   1   1 |     AGC   0   0   0   0   0   0
    ATA   0   0   0   0   0   0 |     ACA   1   1   0   0   0   0 | Lys AAA   0   0   0   0   0   0 | Arg AGA   0   0   0   0   0   0
Met ATG   1   1   1   1   1   1 |     ACG   0   0   1   1   1   1 |     AAG   1   1   1   1   1   1 |     AGG   0   0   0   0   0   0
--------------------------------------------------------------------------------------------------------------------------------------
Val GTT   0   0   0   0   0   0 | Ala GCT   1   1   1   1   1   1 | Asp GAT   0   0   0   0   0   0 | Gly GGT   1   1   0   0   0   1
    GTC   0   0   0   0   0   0 |     GCC   0   0   0   0   0   0 |     GAC   1   1   0   0   0   0 |     GGC   1   1   1   1   1   1
    GTA   0   0   0   0   0   0 |     GCA   0   0   0   0   0   0 | Glu GAA   1   1   1   1   1   1 |     GGA   1   1   1   1   1   1
    GTG   2   2   2   2   2   2 |     GCG   0   0   0   0   0   0 |     GAG   0   0   0   0   0   0 |     GGG   0   0   0   0   0   0
--------------------------------------------------------------------------------------------------------------------------------------

--------------------------------------------------------------------------------------------------------------------------------------
Phe TTT   3   3   3   3   3   3 | Ser TCT   1   1   1   1   1   1 | Tyr TAT   0   0   0   0   0   0 | Cys TGT   0   0   0   0   0   0
    TTC   1   1   1   1   1   1 |     TCC   0   0   0   0   0   0 |     TAC   1   1   1   1   1   1 |     TGC   0   0   0   0   0   0
Leu TTA   0   0   0   0   0   0 |     TCA   0   0   0   0   0   0 | *** TAA   0   0   0   0   0   0 | *** TGA   0   0   0   0   0   0
    TTG   2   2   2   1   2   2 |     TCG   0   0   0   0   0   0 |     TAG   0   0   0   0   0   0 | Trp TGG   0   0   0   0   0   0
--------------------------------------------------------------------------------------------------------------------------------------
Leu CTT   0   0   0   0   0   0 | Pro CCT   1   1   1   1   1   1 | His CAT   0   0   0   0   0   0 | Arg CGT   0   0   0   0   0   0
    CTC   0   0   0   0   0   0 |     CCC   0   0   0   0   0   0 |     CAC   0   0   0   0   0   0 |     CGC   0   0   0   0   0   0
    CTA   1   1   1   1   0   1 |     CCA   0   0   0   0   0   0 | Gln CAA   0   0   0   0   0   0 |     CGA   0   0   0   0   0   0
    CTG   0   0   0   1   0   0 |     CCG   0   0   0   0   0   0 |     CAG   0   0   0   0   0   0 |     CGG   0   0   0   0   0   0
--------------------------------------------------------------------------------------------------------------------------------------
Ile ATT   0   0   1   0   0   0 | Thr ACT   0   0   0   0   0   0 | Asn AAT   1   1   1   1   2   1 | Ser AGT   1   0   0   1   0   1
    ATC   1   1   0   1   1   1 |     ACC   1   1   1   1   1   1 |     AAC   1   1   0   1   0   1 |     AGC   0   0   0   0   0   0
    ATA   0   0   0   0   0   0 |     ACA   0   0   1   0   1   0 | Lys AAA   0   0   0   0   0   0 | Arg AGA   0   0   0   0   0   0
Met ATG   1   1   1   1   1   1 |     ACG   1   1   0   1   0   1 |     AAG   1   1   1   1   1   1 |     AGG   0   0   0   0   0   0
--------------------------------------------------------------------------------------------------------------------------------------
Val GTT   0   0   0   0   0   0 | Ala GCT   1   1   1   1   1   1 | Asp GAT   0   0   0   0   0   0 | Gly GGT   0   1   1   0   1   0
    GTC   0   0   0   0   0   0 |     GCC   0   0   0   0   0   0 |     GAC   0   0   1   0   0   0 |     GGC   1   1   1   1   1   1
    GTA   0   0   0   0   1   0 |     GCA   0   0   0   0   0   0 | Glu GAA   1   1   1   1   1   1 |     GGA   1   1   1   1   1   1
    GTG   2   2   2   2   2   2 |     GCG   0   0   0   0   0   0 |     GAG   0   0   0   0   0   0 |     GGG   0   0   0   0   0   0
--------------------------------------------------------------------------------------------------------------------------------------

--------------------------------------------------------------------------------------------------------------------------------------
Phe TTT   3   3   3   2   3   3 | Ser TCT   1   1   0   1   1   1 | Tyr TAT   0   0   0   0   0   0 | Cys TGT   0   0   0   0   0   0
    TTC   1   1   1   2   1   1 |     TCC   0   0   1   0   0   0 |     TAC   1   1   1   1   1   1 |     TGC   0   0   0   0   0   0
Leu TTA   0   0   0   0   0   0 |     TCA   0   0   0   0   0   0 | *** TAA   0   0   0   0   0   0 | *** TGA   0   0   0   0   0   0
    TTG   2   2   2   2   2   2 |     TCG   0   0   0   1   0   0 |     TAG   0   0   0   0   0   0 | Trp TGG   0   0   0   0   0   0
--------------------------------------------------------------------------------------------------------------------------------------
Leu CTT   0   0   0   0   0   0 | Pro CCT   1   1   1   1   1   1 | His CAT   0   0   0   0   0   0 | Arg CGT   0   0   0   0   0   0
    CTC   0   0   0   0   0   0 |     CCC   0   0   0   0   0   0 |     CAC   0   0   0   0   0   0 |     CGC   0   0   0   0   0   0
    CTA   1   1   1   1   1   1 |     CCA   0   0   0   0   0   0 | Gln CAA   0   0   0   0   0   0 |     CGA   0   0   0   0   0   0
    CTG   0   0   0   0   0   0 |     CCG   0   0   0   0   0   0 |     CAG   0   0   0   0   0   0 |     CGG   0   0   0   0   0   0
--------------------------------------------------------------------------------------------------------------------------------------
Ile ATT   0   0   0   0   0   0 | Thr ACT   0   0   0   0   0   0 | Asn AAT   1   1   1   1   1   1 | Ser AGT   1   0   1   1   1   0
    ATC   1   1   1   1   1   1 |     ACC   1   1   1   1   1   1 |     AAC   1   1   1   1   1   0 |     AGC   0   0   0   0   0   0
    ATA   0   0   0   0   0   0 |     ACA   0   0   0   0   0   1 | Lys AAA   0   0   0   0   0   0 | Arg AGA   0   0   0   0   0   0
Met ATG   1   1   1   1   1   1 |     ACG   1   1   1   0   1   0 |     AAG   1   1   1   1   1   2 |     AGG   0   0   0   0   0   0
--------------------------------------------------------------------------------------------------------------------------------------
Val GTT   0   0   0   0   0   0 | Ala GCT   1   1   1   1   1   1 | Asp GAT   0   0   0   0   0   0 | Gly GGT   0   1   0   0   0   1
    GTC   0   0   0   0   0   0 |     GCC   0   0   0   0   0   0 |     GAC   0   0   0   0   0   0 |     GGC   1   1   1   1   1   1
    GTA   0   0   0   0   0   0 |     GCA   0   0   0   0   0   0 | Glu GAA   1   1   1   1   1   1 |     GGA   1   1   1   1   1   1
    GTG   2   2   2   2   2   2 |     GCG   0   0   0   0   0   0 |     GAG   0   0   0   0   0   0 |     GGG   0   0   0   0   0   0
--------------------------------------------------------------------------------------------------------------------------------------

--------------------------------------------------------------------------------------------------------------------------------------
Phe TTT   3   3   3   3   3   3 | Ser TCT   1   1   1   1   1   1 | Tyr TAT   0   0   0   0   0   0 | Cys TGT   0   0   0   0   0   0
    TTC   1   1   1   1   1   1 |     TCC   0   0   0   0   0   0 |     TAC   1   1   1   1   1   1 |     TGC   0   0   0   0   0   0
Leu TTA   0   0   0   0   0   0 |     TCA   0   0   0   0   0   0 | *** TAA   0   0   0   0   0   0 | *** TGA   0   0   0   0   0   0
    TTG   2   2   2   2   2   2 |     TCG   0   0   0   0   0   0 |     TAG   0   0   0   0   0   0 | Trp TGG   0   0   0   0   0   0
--------------------------------------------------------------------------------------------------------------------------------------
Leu CTT   0   0   0   0   0   0 | Pro CCT   1   1   1   1   1   1 | His CAT   0   0   0   0   0   0 | Arg CGT   0   0   0   0   0   0
    CTC   0   0   0   0   0   0 |     CCC   0   0   0   0   0   0 |     CAC   0   0   0   0   0   0 |     CGC   0   0   0   0   0   0
    CTA   1   0   1   1   1   1 |     CCA   0   0   0   0   0   0 | Gln CAA   0   0   0   0   0   0 |     CGA   0   0   0   0   0   0
    CTG   0   1   0   0   0   0 |     CCG   0   0   0   0   0   0 |     CAG   0   0   0   0   0   0 |     CGG   0   0   0   0   0   0
--------------------------------------------------------------------------------------------------------------------------------------
Ile ATT   1   0   1   0   0   0 | Thr ACT   0   0   0   0   0   0 | Asn AAT   1   1   1   1   1   1 | Ser AGT   0   1   0   0   0   1
    ATC   0   1   0   1   1   1 |     ACC   1   1   1   1   1   1 |     AAC   0   1   0   0   1   1 |     AGC   0   0   0   0   0   0
    ATA   0   0   0   0   0   0 |     ACA   1   0   1   1   0   1 | Lys AAA   0   1   0   0   0   0 | Arg AGA   0   0   0   0   0   0
Met ATG   1   1   1   1   1   1 |     ACG   0   1   0   0   1   0 |     AAG   1   0   1   1   1   1 |     AGG   0   0   0   0   0   0
--------------------------------------------------------------------------------------------------------------------------------------
Val GTT   0   0   0   0   0   0 | Ala GCT   1   1   1   1   1   1 | Asp GAT   0   0   0   0   0   0 | Gly GGT   1   0   1   1   1   0
    GTC   0   0   0   0   0   0 |     GCC   0   0   0   0   0   0 |     GAC   1   0   1   1   0   0 |     GGC   1   1   1   1   1   1
    GTA   0   0   0   0   0   0 |     GCA   0   0   0   0   0   0 | Glu GAA   1   1   1   1   1   1 |     GGA   1   1   1   1   1   1
    GTG   2   2   2   2   2   2 |     GCG   0   0   0   0   0   0 |     GAG   0   0   0   0   0   0 |     GGG   0   0   0   0   0   0
--------------------------------------------------------------------------------------------------------------------------------------

--------------------------------------------------------------------------------------------------------------------------------------
Phe TTT   3   3   3   2   3   3 | Ser TCT   1   0   0   1   1   1 | Tyr TAT   0   0   0   0   0   0 | Cys TGT   0   0   0   0   0   0
    TTC   1   1   1   2   1   1 |     TCC   0   1   1   0   0   0 |     TAC   1   1   1   1   1   1 |     TGC   0   0   0   0   0   0
Leu TTA   0   0   0   0   0   0 |     TCA   0   0   0   0   0   0 | *** TAA   0   0   0   0   0   0 | *** TGA   0   0   0   0   0   0
    TTG   2   2   2   2   2   2 |     TCG   0   0   0   0   0   0 |     TAG   0   0   0   0   0   0 | Trp TGG   0   0   0   0   0   0
--------------------------------------------------------------------------------------------------------------------------------------
Leu CTT   0   0   0   0   0   0 | Pro CCT   1   1   1   1   1   1 | His CAT   0   0   0   0   0   0 | Arg CGT   0   0   0   0   0   0
    CTC   0   0   0   0   0   0 |     CCC   0   0   0   0   0   0 |     CAC   0   0   0   0   0   0 |     CGC   0   0   0   0   0   0
    CTA   1   1   1   1   1   1 |     CCA   0   0   0   0   0   0 | Gln CAA   0   0   0   0   0   0 |     CGA   0   0   0   0   0   0
    CTG   0   0   0   0   0   0 |     CCG   0   0   0   0   0   0 |     CAG   0   0   0   0   0   0 |     CGG   0   0   0   0   0   0
--------------------------------------------------------------------------------------------------------------------------------------
Ile ATT   0   0   0   0   0   0 | Thr ACT   0   0   0   1   0   0 | Asn AAT   1   1   2   1   1   1 | Ser AGT   1   1   0   0   0   0
    ATC   1   1   1   1   1   1 |     ACC   1   1   1   0   1   1 |     AAC   1   1   1   1   1   1 |     AGC   0   0   0   0   0   0
    ATA   0   0   0   0   0   0 |     ACA   0   0   0   1   0   0 | Lys AAA   0   0   0   0   0   0 | Arg AGA   0   0   0   0   0   0
Met ATG   1   1   1   1   1   1 |     ACG   1   1   1   0   1   1 |     AAG   1   1   1   1   1   1 |     AGG   0   0   0   0   0   0
--------------------------------------------------------------------------------------------------------------------------------------
Val GTT   0   0   0   0   0   0 | Ala GCT   1   1   1   1   1   1 | Asp GAT   0   0   0   0   0   0 | Gly GGT   0   0   0   1   1   1
    GTC   0   0   0   0   0   0 |     GCC   0   0   0   0   0   0 |     GAC   0   0   0   0   0   0 |     GGC   1   1   1   1   1   1
    GTA   0   0   0   0   0   0 |     GCA   0   0   0   0   0   0 | Glu GAA   1   1   1   0   1   1 |     GGA   1   1   1   1   1   1
    GTG   2   2   2   2   2   2 |     GCG   0   0   0   0   0   0 |     GAG   0   0   0   1   0   0 |     GGG   0   0   0   0   0   0
--------------------------------------------------------------------------------------------------------------------------------------

Codon position x base (3x4) table for each sequence.

#1: Argali         
position  1:    T:0.33333    C:0.08333    A:0.33333    G:0.25000
position  2:    T:0.45833    C:0.20833    A:0.20833    G:0.12500
position  3:    T:0.29167    C:0.25000    A:0.16667    G:0.29167
Average         T:0.36111    C:0.18056    A:0.23611    G:0.22222

#2: LesserMouseDeer
position  1:    T:0.33333    C:0.08333    A:0.29167    G:0.29167
position  2:    T:0.45833    C:0.20833    A:0.25000    G:0.08333
position  3:    T:0.33333    C:0.25000    A:0.16667    G:0.25000
Average         T:0.37500    C:0.18056    A:0.23611    G:0.20833

#3: LesserKudu     
position  1:    T:0.33333    C:0.08333    A:0.29167    G:0.29167
position  2:    T:0.45833    C:0.20833    A:0.20833    G:0.12500
position  3:    T:0.33333    C:0.25000    A:0.12500    G:0.29167
Average         T:0.37500    C:0.18056    A:0.20833    G:0.23611

#4: ForestMuskDeer2
position  1:    T:0.33333    C:0.08333    A:0.29167    G:0.29167
position  2:    T:0.45833    C:0.20833    A:0.20833    G:0.12500
position  3:    T:0.33333    C:0.25000    A:0.12500    G:0.29167
Average         T:0.37500    C:0.18056    A:0.20833    G:0.23611

#5: Camel          
position  1:    T:0.33333    C:0.08333    A:0.29167    G:0.29167
position  2:    T:0.45833    C:0.20833    A:0.20833    G:0.12500
position  3:    T:0.33333    C:0.29167    A:0.12500    G:0.25000
Average         T:0.37500    C:0.19444    A:0.20833    G:0.22222

#6: KillerWhale    
position  1:    T:0.33333    C:0.08333    A:0.29167    G:0.29167
position  2:    T:0.45833    C:0.20833    A:0.20833    G:0.12500
position  3:    T:0.33333    C:0.25000    A:0.20833    G:0.20833
Average         T:0.37500    C:0.18056    A:0.23611    G:0.20833

#7: DefassaWaterbuck
position  1:    T:0.37500    C:0.08333    A:0.25000    G:0.29167
position  2:    T:0.45833    C:0.20833    A:0.20833    G:0.12500
position  3:    T:0.29167    C:0.29167    A:0.12500    G:0.29167
Average         T:0.37500    C:0.19444    A:0.19444    G:0.23611

#8: Sheep          
position  1:    T:0.33333    C:0.08333    A:0.33333    G:0.25000
position  2:    T:0.45833    C:0.20833    A:0.20833    G:0.12500
position  3:    T:0.29167    C:0.29167    A:0.12500    G:0.29167
Average         T:0.36111    C:0.19444    A:0.22222    G:0.22222

#9: MaxwellsDuiker 
position  1:    T:0.29167    C:0.12500    A:0.33333    G:0.25000
position  2:    T:0.45833    C:0.20833    A:0.20833    G:0.12500
position  3:    T:0.33333    C:0.25000    A:0.12500    G:0.29167
Average         T:0.36111    C:0.19444    A:0.22222    G:0.22222

#10: GazellaPrzewalskyi
position  1:    T:0.33333    C:0.08333    A:0.33333    G:0.25000
position  2:    T:0.45833    C:0.20833    A:0.20833    G:0.12500
position  3:    T:0.33333    C:0.25000    A:0.12500    G:0.29167
Average         T:0.37500    C:0.18056    A:0.22222    G:0.22222

#11: MountainNyala  
position  1:    T:0.33333    C:0.08333    A:0.29167    G:0.29167
position  2:    T:0.45833    C:0.20833    A:0.20833    G:0.12500
position  3:    T:0.33333    C:0.25000    A:0.12500    G:0.29167
Average         T:0.37500    C:0.18056    A:0.20833    G:0.23611

#12: MuntiacusMuntjak
position  1:    T:0.33333    C:0.08333    A:0.25000    G:0.33333
position  2:    T:0.45833    C:0.20833    A:0.20833    G:0.12500
position  3:    T:0.37500    C:0.20833    A:0.16667    G:0.25000
Average         T:0.38889    C:0.16667    A:0.20833    G:0.23611

#13: goat           
position  1:    T:0.33333    C:0.08333    A:0.33333    G:0.25000
position  2:    T:0.45833    C:0.20833    A:0.25000    G:0.08333
position  3:    T:0.29167    C:0.29167    A:0.12500    G:0.29167
Average         T:0.36111    C:0.19444    A:0.23611    G:0.20833

#14: AfricanBuffalo 
position  1:    T:0.33333    C:0.08333    A:0.29167    G:0.29167
position  2:    T:0.45833    C:0.20833    A:0.20833    G:0.12500
position  3:    T:0.33333    C:0.25000    A:0.12500    G:0.29167
Average         T:0.37500    C:0.18056    A:0.20833    G:0.23611

#15: Topi           
position  1:    T:0.33333    C:0.08333    A:0.33333    G:0.25000
position  2:    T:0.45833    C:0.20833    A:0.20833    G:0.12500
position  3:    T:0.33333    C:0.25000    A:0.12500    G:0.29167
Average         T:0.37500    C:0.18056    A:0.22222    G:0.22222

#16: CommonDuiker   
position  1:    T:0.29167    C:0.12500    A:0.33333    G:0.25000
position  2:    T:0.45833    C:0.20833    A:0.20833    G:0.12500
position  3:    T:0.33333    C:0.25000    A:0.12500    G:0.29167
Average         T:0.36111    C:0.19444    A:0.22222    G:0.22222

#17: Suni           
position  1:    T:0.33333    C:0.08333    A:0.33333    G:0.25000
position  2:    T:0.45833    C:0.20833    A:0.20833    G:0.12500
position  3:    T:0.33333    C:0.25000    A:0.12500    G:0.29167
Average         T:0.37500    C:0.18056    A:0.22222    G:0.22222

#18: Springbuck     
position  1:    T:0.33333    C:0.08333    A:0.33333    G:0.25000
position  2:    T:0.45833    C:0.20833    A:0.20833    G:0.12500
position  3:    T:0.37500    C:0.20833    A:0.12500    G:0.29167
Average         T:0.38889    C:0.16667    A:0.22222    G:0.22222

#19: Okapi          
position  1:    T:0.29167    C:0.08333    A:0.29167    G:0.33333
position  2:    T:0.45833    C:0.20833    A:0.20833    G:0.12500
position  3:    T:0.29167    C:0.29167    A:0.12500    G:0.29167
Average         T:0.34722    C:0.19444    A:0.20833    G:0.25000

#20: Giraffe        
position  1:    T:0.29167    C:0.08333    A:0.29167    G:0.33333
position  2:    T:0.45833    C:0.20833    A:0.20833    G:0.12500
position  3:    T:0.25000    C:0.33333    A:0.12500    G:0.29167
Average         T:0.33333    C:0.20833    A:0.20833    G:0.25000

#21: TibetanAntelope
position  1:    T:0.33333    C:0.08333    A:0.33333    G:0.25000
position  2:    T:0.45833    C:0.20833    A:0.20833    G:0.12500
position  3:    T:0.33333    C:0.25000    A:0.16667    G:0.25000
Average         T:0.37500    C:0.18056    A:0.23611    G:0.20833

#22: Sitatunga      
position  1:    T:0.33333    C:0.08333    A:0.29167    G:0.29167
position  2:    T:0.45833    C:0.20833    A:0.20833    G:0.12500
position  3:    T:0.33333    C:0.25000    A:0.12500    G:0.29167
Average         T:0.37500    C:0.18056    A:0.20833    G:0.23611

#23: Oribi          
position  1:    T:0.33333    C:0.08333    A:0.33333    G:0.25000
position  2:    T:0.45833    C:0.20833    A:0.20833    G:0.12500
position  3:    T:0.33333    C:0.25000    A:0.12500    G:0.29167
Average         T:0.37500    C:0.18056    A:0.22222    G:0.22222

#24: BarbarySheep   
position  1:    T:0.33333    C:0.08333    A:0.33333    G:0.25000
position  2:    T:0.45833    C:0.20833    A:0.20833    G:0.12500
position  3:    T:0.29167    C:0.29167    A:0.12500    G:0.29167
Average         T:0.36111    C:0.19444    A:0.22222    G:0.22222

#25: Daviddeer      
position  1:    T:0.33333    C:0.08333    A:0.25000    G:0.33333
position  2:    T:0.45833    C:0.20833    A:0.20833    G:0.12500
position  3:    T:0.37500    C:0.20833    A:0.16667    G:0.25000
Average         T:0.38889    C:0.16667    A:0.20833    G:0.23611

#26: Reindeer       
position  1:    T:0.33333    C:0.08333    A:0.25000    G:0.33333
position  2:    T:0.45833    C:0.20833    A:0.20833    G:0.12500
position  3:    T:0.33333    C:0.25000    A:0.16667    G:0.25000
Average         T:0.37500    C:0.18056    A:0.20833    G:0.23611

#27: Ibex           
position  1:    T:0.33333    C:0.08333    A:0.33333    G:0.25000
position  2:    T:0.45833    C:0.20833    A:0.20833    G:0.12500
position  3:    T:0.29167    C:0.29167    A:0.12500    G:0.29167
Average         T:0.36111    C:0.19444    A:0.22222    G:0.22222

#28: GyrantGazelle  
position  1:    T:0.33333    C:0.08333    A:0.33333    G:0.25000
position  2:    T:0.45833    C:0.20833    A:0.20833    G:0.12500
position  3:    T:0.33333    C:0.25000    A:0.08333    G:0.33333
Average         T:0.37500    C:0.18056    A:0.20833    G:0.23611

#29: Hartebeest     
position  1:    T:0.33333    C:0.08333    A:0.33333    G:0.25000
position  2:    T:0.45833    C:0.20833    A:0.20833    G:0.12500
position  3:    T:0.33333    C:0.25000    A:0.12500    G:0.29167
Average         T:0.37500    C:0.18056    A:0.22222    G:0.22222

#30: Bongo          
position  1:    T:0.33333    C:0.08333    A:0.29167    G:0.29167
position  2:    T:0.45833    C:0.20833    A:0.20833    G:0.12500
position  3:    T:0.33333    C:0.25000    A:0.12500    G:0.29167
Average         T:0.37500    C:0.18056    A:0.20833    G:0.23611

#31: Gerenuk        
position  1:    T:0.33333    C:0.08333    A:0.33333    G:0.25000
position  2:    T:0.45833    C:0.20833    A:0.20833    G:0.12500
position  3:    T:0.33333    C:0.25000    A:0.12500    G:0.29167
Average         T:0.37500    C:0.18056    A:0.22222    G:0.22222

#32: CommonEland    
position  1:    T:0.33333    C:0.08333    A:0.29167    G:0.29167
position  2:    T:0.45833    C:0.20833    A:0.20833    G:0.12500
position  3:    T:0.33333    C:0.25000    A:0.12500    G:0.29167
Average         T:0.37500    C:0.18056    A:0.20833    G:0.23611

#33: MuntiacusReevesi
position  1:    T:0.33333    C:0.08333    A:0.25000    G:0.33333
position  2:    T:0.45833    C:0.20833    A:0.20833    G:0.12500
position  3:    T:0.37500    C:0.20833    A:0.16667    G:0.25000
Average         T:0.38889    C:0.16667    A:0.20833    G:0.23611

#34: HarveysDuiker  
position  1:    T:0.29167    C:0.12500    A:0.33333    G:0.25000
position  2:    T:0.45833    C:0.20833    A:0.20833    G:0.12500
position  3:    T:0.33333    C:0.25000    A:0.12500    G:0.29167
Average         T:0.36111    C:0.19444    A:0.22222    G:0.22222

#35: Pronghorn      
position  1:    T:0.33333    C:0.04167    A:0.29167    G:0.33333
position  2:    T:0.45833    C:0.20833    A:0.20833    G:0.12500
position  3:    T:0.37500    C:0.20833    A:0.16667    G:0.25000
Average         T:0.38889    C:0.15278    A:0.22222    G:0.23611

#36: BlueWildebeest 
position  1:    T:0.33333    C:0.08333    A:0.33333    G:0.25000
position  2:    T:0.45833    C:0.20833    A:0.20833    G:0.12500
position  3:    T:0.33333    C:0.25000    A:0.12500    G:0.29167
Average         T:0.37500    C:0.18056    A:0.22222    G:0.22222

#37: Gemsbok        
position  1:    T:0.33333    C:0.08333    A:0.33333    G:0.25000
position  2:    T:0.45833    C:0.20833    A:0.20833    G:0.12500
position  3:    T:0.33333    C:0.25000    A:0.12500    G:0.29167
Average         T:0.37500    C:0.18056    A:0.22222    G:0.22222

#38: Yak            
position  1:    T:0.33333    C:0.08333    A:0.29167    G:0.29167
position  2:    T:0.45833    C:0.20833    A:0.20833    G:0.12500
position  3:    T:0.33333    C:0.25000    A:0.12500    G:0.29167
Average         T:0.37500    C:0.18056    A:0.20833    G:0.23611

#39: BlueSheep      
position  1:    T:0.33333    C:0.08333    A:0.33333    G:0.25000
position  2:    T:0.45833    C:0.20833    A:0.20833    G:0.12500
position  3:    T:0.29167    C:0.29167    A:0.12500    G:0.29167
Average         T:0.36111    C:0.19444    A:0.22222    G:0.22222

#40: BohorReedbuck  
position  1:    T:0.37500    C:0.08333    A:0.29167    G:0.25000
position  2:    T:0.45833    C:0.20833    A:0.20833    G:0.12500
position  3:    T:0.29167    C:0.29167    A:0.12500    G:0.29167
Average         T:0.37500    C:0.19444    A:0.20833    G:0.22222

#41: KirksDik       
position  1:    T:0.33333    C:0.08333    A:0.33333    G:0.25000
position  2:    T:0.45833    C:0.20833    A:0.20833    G:0.12500
position  3:    T:0.33333    C:0.25000    A:0.12500    G:0.29167
Average         T:0.37500    C:0.18056    A:0.22222    G:0.22222

#42: RoeDeer        
position  1:    T:0.33333    C:0.08333    A:0.29167    G:0.29167
position  2:    T:0.45833    C:0.20833    A:0.20833    G:0.12500
position  3:    T:0.33333    C:0.20833    A:0.16667    G:0.29167
Average         T:0.37500    C:0.16667    A:0.22222    G:0.23611

#43: WhiteLippedDeer
position  1:    T:0.33333    C:0.08333    A:0.25000    G:0.33333
position  2:    T:0.45833    C:0.20833    A:0.20833    G:0.12500
position  3:    T:0.37500    C:0.20833    A:0.16667    G:0.25000
Average         T:0.38889    C:0.16667    A:0.20833    G:0.23611

#44: ThomsonGazelle 
position  1:    T:0.33333    C:0.08333    A:0.33333    G:0.25000
position  2:    T:0.45833    C:0.20833    A:0.20833    G:0.12500
position  3:    T:0.33333    C:0.25000    A:0.12500    G:0.29167
Average         T:0.37500    C:0.18056    A:0.22222    G:0.22222

#45: MuntiacusCrinifrons
position  1:    T:0.33333    C:0.08333    A:0.25000    G:0.33333
position  2:    T:0.45833    C:0.20833    A:0.20833    G:0.12500
position  3:    T:0.37500    C:0.20833    A:0.16667    G:0.25000
Average         T:0.38889    C:0.16667    A:0.20833    G:0.23611

#46: WhiteTailedDeer
position  1:    T:0.33333    C:0.08333    A:0.25000    G:0.33333
position  2:    T:0.45833    C:0.20833    A:0.20833    G:0.12500
position  3:    T:0.33333    C:0.25000    A:0.16667    G:0.25000
Average         T:0.37500    C:0.18056    A:0.20833    G:0.23611

#47: Cattle         
position  1:    T:0.33333    C:0.08333    A:0.29167    G:0.29167
position  2:    T:0.45833    C:0.20833    A:0.20833    G:0.12500
position  3:    T:0.33333    C:0.25000    A:0.12500    G:0.29167
Average         T:0.37500    C:0.18056    A:0.20833    G:0.23611

#48: RoyalAntelope  
position  1:    T:0.33333    C:0.08333    A:0.33333    G:0.25000
position  2:    T:0.45833    C:0.20833    A:0.20833    G:0.12500
position  3:    T:0.33333    C:0.25000    A:0.16667    G:0.25000
Average         T:0.37500    C:0.18056    A:0.23611    G:0.20833

#49: Steenbok       
position  1:    T:0.33333    C:0.08333    A:0.33333    G:0.25000
position  2:    T:0.45833    C:0.20833    A:0.20833    G:0.12500
position  3:    T:0.33333    C:0.25000    A:0.12500    G:0.29167
Average         T:0.37500    C:0.18056    A:0.22222    G:0.22222

#50: Impala         
position  1:    T:0.33333    C:0.08333    A:0.33333    G:0.25000
position  2:    T:0.45833    C:0.20833    A:0.20833    G:0.12500
position  3:    T:0.29167    C:0.29167    A:0.12500    G:0.29167
Average         T:0.36111    C:0.19444    A:0.22222    G:0.22222

#51: Klipspringer   
position  1:    T:0.33333    C:0.08333    A:0.33333    G:0.25000
position  2:    T:0.45833    C:0.20833    A:0.25000    G:0.08333
