1
52 1
Argali 0.000000 0.159100 0.175700 0.157400 0.078700 0.000000 0.094000 0.121100 0.153100 0.167600 0.019000 0.120600 0.124100 0.072600 0.101800 0.114000 0.126000 0.149200 0.025400 0.153100 0.093100 0.012600 0.143700 0.159600 0.006300 0.119700 0.117100 0.168600 0.084500 0.168300 0.159400 0.100500 0.180200 0.103000 0.072900 0.111900 0.025500 0.146600 0.140700 0.248800 0.151800 0.144500 0.167600 0.168000 0.118500 0.102000 0.064600 0.137700 0.093400 0.134300 0.161300 0.161300
LesserMous 0.159100 0.000000 0.170600 0.092300 0.144800 0.159100 0.147700 0.152300 0.163300 0.129500 0.175700 0.144600 0.186200 0.139100 0.181700 0.123000 0.096500 0.119000 0.167000 0.163300 0.115900 0.167200 0.114300 0.122600 0.159300 0.128900 0.123900 0.179200 0.106700 0.178900 0.120100 0.146600 0.189800 0.140400 0.154800 0.135300 0.175500 0.196400 0.199200 0.207500 0.122100 0.154500 0.129500 0.145600 0.142100 0.147600 0.093100 0.227600 0.170400 0.136500 0.171800 0.171800
LesserKudu 0.175700 0.170600 0.000000 0.168000 0.168100 0.175700 0.171700 0.168200 0.032200 0.161400 0.184400 0.092900 0.211100 0.146900 0.197400 0.153100 0.120500 0.166900 0.191400 0.032200 0.138600 0.175700 0.138100 0.146600 0.167800 0.159200 0.162200 0.030300 0.136000 0.032200 0.154600 0.170800 0.241800 0.180400 0.195500 0.106200 0.176500 0.213900 0.150000 0.267100 0.146200 0.169800 0.161400 0.185800 0.112900 0.164900 0.129600 0.193500 0.146800 0.128800 0.025700 0.025700
KillerWhal 0.157400 0.092300 0.168000 0.000000 0.143500 0.157400 0.161400 0.150900 0.145500 0.122600 0.173800 0.142700 0.208100 0.137800 0.194900 0.136300 0.091100 0.113000 0.180600 0.145500 0.129300 0.165300 0.114700 0.130300 0.157500 0.156700 0.168300 0.160800 0.119800 0.160600 0.113400 0.145100 0.163700 0.169700 0.184000 0.119100 0.173600 0.194500 0.213000 0.214700 0.122400 0.176000 0.122600 0.153000 0.125800 0.162300 0.106300 0.207800 0.130700 0.127600 0.153600 0.153600
DefassaWat 0.078700 0.144800 0.168100 0.143500 0.000000 0.078700 0.108900 0.071900 0.145700 0.160200 0.086000 0.092200 0.123900 0.080000 0.095700 0.085800 0.119100 0.142100 0.092500 0.145700 0.086200 0.078700 0.144700 0.145600 0.071800 0.084700 0.114300 0.161000 0.057600 0.160800 0.152300 0.108300 0.165300 0.101700 0.101600 0.097900 0.093100 0.066600 0.148700 0.241400 0.152800 0.093500 0.160200 0.169100 0.104500 0.095000 0.058000 0.137700 0.087100 0.113100 0.153800 0.153800
Sheep 0.000000 0.159100 0.175700 0.157400 0.078700 0.000000 0.094000 0.121100 0.153100 0.167600 0.019000 0.120600 0.124100 0.072600 0.101800 0.114000 0.126000 0.149200 0.025400 0.153100 0.093100 0.012600 0.143700 0.159600 0.006300 0.119700 0.117100 0.168600 0.084500 0.168300 0.159400 0.100500 0.180200 0.103000 0.072900 0.111900 0.025500 0.146600 0.140700 0.248700 0.151800 0.144500 0.167600 0.168000 0.118500 0.102000 0.064600 0.137700 0.093400 0.134300 0.161300 0.161300
MaxwellsDu 0.094000 0.147700 0.171700 0.161400 0.108900 0.094000 0.000000 0.073300 0.156800 0.155600 0.116900 0.123200 0.157600 0.039500 0.142000 0.102100 0.143400 0.167800 0.123700 0.156800 0.053000 0.109100 0.147500 0.147600 0.101800 0.107600 0.147600 0.172700 0.086400 0.172400 0.146400 0.046300 0.200800 0.134300 0.118100 0.128900 0.109700 0.127200 0.144100 0.220600 0.155900 0.102600 0.155600 0.156000 0.135800 0.127200 0.066000 0.148700 0.102700 0.144700 0.165300 0.165300
GazellaPrz 0.121100 0.152300 0.168200 0.150900 0.071900 0.121100 0.073300 0.000000 0.145800 0.168100 0.128900 0.106300 0.131700 0.072800 0.117800 0.099600 0.133700 0.157200 0.135500 0.145800 0.058600 0.121100 0.144800 0.138200 0.113800 0.091500 0.107200 0.161100 0.070800 0.160800 0.160000 0.072900 0.181400 0.094800 0.116400 0.098000 0.121600 0.074000 0.148600 0.199600 0.153000 0.072700 0.168100 0.177000 0.104600 0.124500 0.057900 0.122800 0.087000 0.127600 0.153900 0.153900
MountainNy 0.153100 0.163300 0.032200 0.145500 0.145700 0.153100 0.156800 0.145800 0.000000 0.170800 0.161500 0.100800 0.196300 0.140500 0.173900 0.131000 0.113700 0.144600 0.168400 0.000000 0.124200 0.153200 0.139300 0.155700 0.145400 0.137000 0.155700 0.012800 0.114500 0.012700 0.162500 0.156000 0.217000 0.173900 0.172200 0.085500 0.153900 0.198400 0.150900 0.269900 0.147500 0.155000 0.170800 0.179000 0.092100 0.142100 0.108100 0.170500 0.124600 0.122400 0.006400 0.006400
MuntiacusM 0.167600 0.129500 0.161400 0.122600 0.160200 0.167600 0.155600 0.168100 0.170800 0.000000 0.184500 0.129400 0.186400 0.124000 0.206100 0.168800 0.099400 0.114600 0.191400 0.170800 0.130900 0.175700 0.045400 0.059100 0.167800 0.166600 0.153600 0.163200 0.150900 0.170400 0.006300 0.147000 0.215700 0.170600 0.179200 0.150600 0.176600 0.221800 0.176400 0.163500 0.052300 0.185900 0.000000 0.094400 0.157600 0.188900 0.122000 0.219300 0.162700 0.151300 0.163300 0.163300
goat 0.019000 0.175700 0.184400 0.173800 0.086000 0.019000 0.116900 0.128900 0.161500 0.184500 0.000000 0.128400 0.132100 0.094600 0.125100 0.121700 0.141400 0.165300 0.032000 0.161500 0.108000 0.019000 0.159900 0.185000 0.012600 0.127400 0.124200 0.177200 0.091700 0.177000 0.176200 0.123500 0.197800 0.110800 0.094900 0.119500 0.032100 0.154900 0.149000 0.268200 0.168200 0.152700 0.184500 0.193900 0.126200 0.109800 0.078600 0.145800 0.116100 0.149900 0.169900 0.169900
AfricanBuf 0.120600 0.144600 0.092900 0.142700 0.092200 0.120600 0.123200 0.106300 0.100800 0.129400 0.128400 0.000000 0.168000 0.100500 0.131400 0.099600 0.063700 0.105600 0.135200 0.100800 0.093000 0.120700 0.107300 0.129800 0.113300 0.105500 0.128100 0.100700 0.084400 0.100600 0.122800 0.122500 0.204000 0.145000 0.145100 0.031300 0.135900 0.146100 0.125300 0.221400 0.114900 0.121900 0.129400 0.167600 0.037600 0.116300 0.071300 0.144100 0.101000 0.084500 0.093900 0.093900
Topi 0.124100 0.186200 0.211100 0.208100 0.123900 0.124100 0.157600 0.131700 0.196300 0.186400 0.132100 0.168000 0.000000 0.140700 0.106000 0.146700 0.197800 0.207900 0.138300 0.196300 0.155000 0.124000 0.193100 0.155800 0.116600 0.159800 0.075300 0.212900 0.144100 0.212500 0.179600 0.164600 0.219200 0.076200 0.104500 0.174000 0.139900 0.097000 0.184300 0.195600 0.202000 0.148200 0.186400 0.141300 0.181100 0.142300 0.130300 0.134000 0.148900 0.175200 0.205300 0.205300
CommonDuik 0.072600 0.139100 0.146900 0.137800 0.080000 0.072600 0.039500 0.072800 0.140500 0.124000 0.094600 0.100500 0.140700 0.000000 0.133900 0.094300 0.120700 0.144100 0.101200 0.140500 0.052700 0.087100 0.116300 0.131200 0.080000 0.099900 0.115800 0.156000 0.078900 0.155700 0.117300 0.032500 0.183600 0.103100 0.095500 0.106600 0.087500 0.118900 0.135500 0.218100 0.124200 0.101900 0.124000 0.139200 0.113300 0.111400 0.058800 0.155200 0.102300 0.114200 0.148700 0.148700
Suni 0.101800 0.181700 0.197400 0.194900 0.095700 0.101800 0.142000 0.117800 0.173900 0.206100 0.125100 0.131400 0.106000 0.133900 0.000000 0.140400 0.144300 0.145500 0.131900 0.173900 0.133300 0.117200 0.180400 0.165300 0.109700 0.138500 0.111200 0.181800 0.123100 0.181400 0.197800 0.164800 0.179200 0.113700 0.097300 0.137100 0.133000 0.113900 0.178300 0.204600 0.189300 0.134400 0.206100 0.181900 0.144100 0.136500 0.101900 0.142300 0.118700 0.146000 0.174200 0.174200
Springbuck 0.114000 0.123000 0.153100 0.136300 0.085800 0.114000 0.102100 0.099600 0.131000 0.168800 0.121700 0.099600 0.146700 0.094300 0.140400 0.000000 0.126700 0.150000 0.128400 0.131000 0.065400 0.114000 0.152800 0.169200 0.106800 0.057800 0.137400 0.146100 0.025100 0.145900 0.160700 0.108700 0.214000 0.124600 0.080400 0.077600 0.129200 0.132200 0.125900 0.269200 0.161100 0.086700 0.168800 0.193400 0.084100 0.117200 0.051300 0.175500 0.094000 0.135000 0.138900 0.138900
Okapi 0.126000 0.096500 0.120500 0.091100 0.119100 0.126000 0.143400 0.133700 0.113700 0.099400 0.141400 0.063700 0.197800 0.120700 0.144300 0.126700 0.000000 0.037500 0.148100 0.113700 0.098800 0.133500 0.064700 0.106600 0.126200 0.118300 0.157500 0.113700 0.097000 0.113500 0.091000 0.135200 0.169000 0.174800 0.150500 0.069600 0.148900 0.182900 0.161600 0.185900 0.071700 0.142500 0.099400 0.142900 0.075900 0.137000 0.070400 0.165000 0.128200 0.083700 0.106800 0.106800
Giraffe 0.149200 0.119000 0.166900 0.113000 0.142100 0.149200 0.167800 0.157200 0.144600 0.114600 0.165300 0.105600 0.207900 0.144100 0.145500 0.150000 0.037500 0.000000 0.172000 0.144600 0.121200 0.157000 0.065200 0.122000 0.149400 0.126600 0.183100 0.152000 0.118900 0.151800 0.106400 0.159200 0.178800 0.201200 0.175200 0.104400 0.173100 0.209000 0.195300 0.204700 0.072200 0.151600 0.114600 0.151700 0.111000 0.145900 0.091500 0.174300 0.151900 0.105300 0.144900 0.144900
TibetanAnt 0.025400 0.167000 0.191400 0.180600 0.092500 0.025400 0.123700 0.135500 0.168400 0.191400 0.032000 0.135200 0.138300 0.101200 0.131900 0.128400 0.148100 0.172000 0.000000 0.168400 0.114600 0.025400 0.166800 0.191900 0.019000 0.134100 0.131900 0.184200 0.098300 0.183900 0.183100 0.130200 0.204600 0.117500 0.101500 0.126200 0.038600 0.161700 0.156000 0.275100 0.175100 0.159400 0.191400 0.200800 0.132900 0.116500 0.085100 0.152500 0.122800 0.141900 0.176800 0.176800
Sitatunga 0.153100 0.163300 0.032200 0.145500 0.145700 0.153100 0.156800 0.145800 0.000000 0.170800 0.161500 0.100800 0.196300 0.140500 0.173900 0.131000 0.113700 0.144600 0.168400 0.000000 0.124200 0.153200 0.139300 0.155700 0.145400 0.137000 0.155700 0.012800 0.114500 0.012700 0.162500 0.156000 0.217000 0.173900 0.172200 0.085500 0.153900 0.198400 0.150900 0.269900 0.147500 0.155000 0.170800 0.179000 0.092100 0.142100 0.108100 0.170500 0.124600 0.122400 0.006100 0.006100
Oribi 0.093100 0.115900 0.138600 0.129300 0.086200 0.093100 0.053000 0.058600 0.124200 0.130900 0.108000 0.093000 0.155000 0.052700 0.133300 0.065400 0.098800 0.121200 0.114600 0.124200 0.000000 0.100400 0.101300 0.123800 0.093200 0.071600 0.115100 0.139300 0.038100 0.139100 0.122000 0.059600 0.165700 0.102600 0.102200 0.091800 0.100900 0.103200 0.096600 0.208500 0.108900 0.066200 0.130900 0.162000 0.098400 0.088600 0.025400 0.130600 0.094300 0.099500 0.132100 0.132100
BarbaryShe 0.012600 0.167200 0.175700 0.165300 0.078700 0.012600 0.109100 0.121100 0.153200 0.175700 0.019000 0.120700 0.124000 0.087100 0.117200 0.114000 0.133500 0.157000 0.025400 0.153200 0.100400 0.000000 0.151500 0.176300 0.006300 0.119700 0.117100 0.168600 0.084500 0.168400 0.167500 0.115700 0.188600 0.103000 0.087400 0.112000 0.025500 0.146600 0.140700 0.258000 0.159700 0.144500 0.175700 0.185000 0.118600 0.102100 0.071500 0.137700 0.108400 0.141900 0.161400 0.161400
Daviddeer 0.143700 0.114300 0.138100 0.114700 0.144700 0.143700 0.147500 0.144800 0.139300 0.045400 0.159900 0.107300 0.193100 0.116300 0.180400 0.152800 0.064700 0.065200 0.166800 0.139300 0.101300 0.151500 0.000000 0.052200 0.143800 0.143600 0.132500 0.146800 0.121000 0.146600 0.039000 0.139100 0.165100 0.148200 0.169900 0.120800 0.152300 0.203800 0.149900 0.165200 0.006000 0.161800 0.045400 0.101200 0.127600 0.155900 0.093100 0.186000 0.131600 0.107000 0.139600 0.139600
Reindeer 0.159600 0.122600 0.146600 0.130300 0.145600 0.159600 0.147600 0.138200 0.155700 0.059100 0.185000 0.129800 0.155800 0.131200 0.165300 0.169200 0.106600 0.122000 0.191900 0.155700 0.123800 0.176300 0.052200 0.000000 0.168300 0.151800 0.123200 0.155600 0.136300 0.155300 0.052600 0.154400 0.207900 0.140400 0.170900 0.150900 0.177200 0.173600 0.158900 0.150800 0.059200 0.155100 0.059100 0.059500 0.157900 0.173500 0.115000 0.203700 0.139400 0.144200 0.148300 0.148300
Ibex 0.006300 0.159300 0.167800 0.157500 0.071800 0.006300 0.101800 0.113800 0.145400 0.167800 0.012600 0.113300 0.116600 0.080000 0.109700 0.106800 0.126200 0.149400 0.019000 0.145400 0.093200 0.006300 0.143800 0.168300 0.000000 0.112500 0.109700 0.160700 0.077600 0.160500 0.159500 0.108300 0.172600 0.095600 0.080300 0.104900 0.019100 0.138800 0.132900 0.248900 0.151900 0.136900 0.167800 0.176900 0.111500 0.094700 0.064700 0.130200 0.101100 0.134400 0.153500 0.153500
GyrantGaze 0.119700 0.128900 0.159200 0.156700 0.084700 0.119700 0.107600 0.091500 0.137000 0.166600 0.127400 0.105500 0.159800 0.099900 0.138500 0.057800 0.118300 0.126600 0.134100 0.137000 0.071600 0.119700 0.143600 0.151800 0.112500 0.000000 0.135400 0.152100 0.031200 0.151900 0.158600 0.114100 0.203100 0.137300 0.129400 0.083500 0.134900 0.145200 0.131800 0.247800 0.151600 0.051400 0.166600 0.175200 0.090000 0.123000 0.057500 0.151300 0.114600 0.126300 0.145000 0.145000
Hartebeest 0.117100 0.123900 0.162200 0.168300 0.114300 0.117100 0.147600 0.107200 0.155700 0.153600 0.124200 0.128100 0.075300 0.115800 0.111200 0.137400 0.157500 0.183100 0.131900 0.155700 0.115100 0.117100 0.132500 0.123200 0.109700 0.135400 0.000000 0.171800 0.120100 0.171500 0.146700 0.131300 0.161300 0.013400 0.097500 0.134600 0.117900 0.090700 0.150400 0.201800 0.140700 0.138500 0.153600 0.147000 0.141600 0.120200 0.106200 0.155300 0.147300 0.150700 0.164200 0.164200
Bongo 0.168600 0.179200 0.030300 0.160800 0.161000 0.168600 0.172700 0.161100 0.012800 0.163200 0.177200 0.100700 0.212900 0.156000 0.181800 0.146100 0.113700 0.152000 0.184200 0.012800 0.139300 0.168600 0.146800 0.155600 0.160700 0.152100 0.171800 0.000000 0.129100 0.012700 0.162400 0.171800 0.234400 0.190400 0.188400 0.099500 0.169400 0.215200 0.150800 0.269600 0.155100 0.170700 0.163200 0.178900 0.106200 0.157800 0.122600 0.186400 0.139800 0.137200 0.006200 0.006400
Gerenuk 0.084500 0.106700 0.136000 0.119800 0.057600 0.084500 0.086400 0.070800 0.114500 0.150900 0.091700 0.084400 0.144100 0.078900 0.123100 0.025100 0.097000 0.118900 0.098300 0.114500 0.038100 0.084500 0.121000 0.136300 0.077600 0.031200 0.120100 0.129100 0.000000 0.129000 0.142800 0.092800 0.177800 0.107700 0.093100 0.063300 0.098800 0.115300 0.109100 0.246200 0.128700 0.058100 0.150900 0.174300 0.069700 0.086700 0.024900 0.142100 0.078700 0.104700 0.122100 0.122100
CommonElan 0.168300 0.178900 0.032200 0.160600 0.160800 0.168300 0.172400 0.160800 0.012700 0.170400 0.177000 0.100600 0.212500 0.155700 0.181400 0.145900 0.113500 0.151800 0.183900 0.012700 0.139100 0.168400 0.146600 0.155300 0.160500 0.151900 0.171500 0.012700 0.129000 0.000000 0.162200 0.171500 0.233800 0.190000 0.188000 0.099400 0.169200 0.214800 0.150600 0.269400 0.154900 0.170400 0.170400 0.178600 0.106000 0.157500 0.122500 0.186000 0.139500 0.137100 0.006200 0.006100
MuntiacusR 0.159400 0.120100 0.154600 0.113400 0.152300 0.159400 0.146400 0.160000 0.162500 0.006300 0.176200 0.122800 0.179600 0.117300 0.197800 0.160700 0.091000 0.106400 0.183100 0.162500 0.122000 0.167500 0.039000 0.052600 0.159500 0.158600 0.146700 0.162400 0.142800 0.162200 0.000000 0.138000 0.206200 0.163700 0.170800 0.142500 0.168400 0.212600 0.167100 0.156700 0.045800 0.177000 0.006300 0.087800 0.149500 0.180000 0.113900 0.210500 0.154500 0.144600 0.155000 0.155000
HarveysDui 0.100500 0.146600 0.170800 0.145100 0.108300 0.100500 0.046300 0.072900 0.156000 0.147000 0.123500 0.122500 0.164600 0.032500 0.164800 0.108700 0.135200 0.159200 0.130200 0.156000 0.059600 0.115700 0.139100 0.154400 0.108300 0.114100 0.131300 0.171800 0.092800 0.171500 0.138000 0.000000 0.199800 0.118400 0.124800 0.120900 0.116300 0.126600 0.159000 0.219000 0.147200 0.109300 0.147000 0.178400 0.127700 0.119000 0.072500 0.147900 0.116900 0.136400 0.164400 0.164400
Pronghorn 0.180200 0.189800 0.241800 0.163700 0.165300 0.180200 0.200800 0.181400 0.217000 0.215700 0.197800 0.204000 0.219200 0.183600 0.179200 0.214000 0.169000 0.178800 0.204600 0.217000 0.165700 0.188600 0.165100 0.207900 0.172600 0.203100 0.161300 0.234400 0.177800 0.233800 0.206200 0.199800 0.000000 0.162400 0.192900 0.193000 0.189800 0.203400 0.249700 0.243700 0.173900 0.208600 0.215700 0.208800 0.184400 0.177500 0.163400 0.200700 0.167300 0.187200 0.226400 0.226400
BlueWildeb 0.103000 0.140400 0.180400 0.169700 0.101700 0.103000 0.134300 0.094800 0.173900 0.170600 0.110800 0.145000 0.076200 0.103100 0.113700 0.124600 0.174800 0.201200 0.117500 0.173900 0.102600 0.103000 0.148200 0.140400 0.095600 0.137300 0.013400 0.190400 0.107700 0.190000 0.163700 0.118400 0.162400 0.000000 0.083400 0.151600 0.103600 0.076500 0.152800 0.221700 0.156700 0.140600 0.170600 0.164900 0.158600 0.105800 0.093900 0.157700 0.134200 0.168200 0.182700 0.182700
Gemsbok 0.072900 0.154800 0.195500 0.184000 0.101600 0.072900 0.118100 0.116400 0.172200 0.179200 0.094900 0.145100 0.104500 0.095500 0.097300 0.080400 0.150500 0.175200 0.101500 0.172200 0.102200 0.087400 0.169900 0.170900 0.080300 0.129400 0.097500 0.188400 0.093100 0.188000 0.170800 0.124800 0.192900 0.083400 0.000000 0.135700 0.102300 0.127000 0.159900 0.273000 0.178500 0.140100 0.179200 0.179600 0.142600 0.111600 0.072700 0.163900 0.102600 0.159400 0.180800 0.180800
Yak 0.111900 0.135300 0.106200 0.119100 0.097900 0.111900 0.128900 0.098000 0.085500 0.150600 0.119500 0.031300 0.174000 0.106600 0.137100 0.077600 0.069600 0.104400 0.126200 0.085500 0.091800 0.112000 0.120800 0.150900 0.104900 0.083500 0.134600 0.099500 0.063300 0.099400 0.142500 0.120900 0.193000 0.151600 0.135700 0.000000 0.126800 0.159400 0.138700 0.244700 0.128500 0.113300 0.150600 0.189400 0.005800 0.114900 0.063800 0.142300 0.092600 0.090500 0.092700 0.092700
BlueSheep 0.025500 0.175500 0.176500 0.173600 0.093100 0.025500 0.109700 0.121600 0.153900 0.176600 0.032100 0.135900 0.139900 0.087500 0.133000 0.129200 0.148900 0.173100 0.038600 0.153900 0.100900 0.025500 0.152300 0.177200 0.019100 0.134900 0.117900 0.169400 0.098800 0.169200 0.168400 0.116300 0.189800 0.103600 0.102300 0.126800 0.000000 0.163100 0.141400 0.259800 0.160600 0.160600 0.176600 0.186100 0.133500 0.102700 0.085600 0.153700 0.123700 0.157600 0.162100 0.162100
BohorReedb 0.146600 0.196400 0.213900 0.194500 0.066600 0.146600 0.127200 0.074000 0.198400 0.221800 0.154900 0.146100 0.097000 0.118900 0.113900 0.132200 0.182900 0.209000 0.161700 0.198400 0.103200 0.146600 0.203800 0.173600 0.138800 0.145200 0.090700 0.215200 0.115300 0.214800 0.212600 0.126600 0.203400 0.076500 0.127000 0.159400 0.163100 0.000000 0.185700 0.240800 0.213000 0.110900 0.221800 0.198900 0.166400 0.127700 0.101700 0.142100 0.134500 0.168800 0.207400 0.207400
KirksDik 0.140700 0.199200 0.150000 0.213000 0.148700 0.140700 0.144100 0.148600 0.150900 0.176400 0.149000 0.125300 0.184300 0.135500 0.178300 0.125900 0.161600 0.195300 0.156000 0.150900 0.096600 0.140700 0.149900 0.158900 0.132900 0.131800 0.150400 0.150800 0.109100 0.150600 0.167100 0.159000 0.249700 0.152800 0.159900 0.138700 0.141400 0.185700 0.000000 0.278200 0.158300 0.142400 0.176400 0.183800 0.145700 0.172100 0.110100 0.182500 0.119800 0.178900 0.143500 0.143500
RoeDeer 0.248800 0.207500 0.267100 0.214700 0.241400 0.248700 0.220600 0.199600 0.269900 0.163500 0.268200 0.221400 0.195600 0.218100 0.204600 0.269200 0.185900 0.204700 0.275100 0.269900 0.208500 0.258000 0.165200 0.150800 0.248900 0.247800 0.201800 0.269600 0.246200 0.269400 0.156700 0.219000 0.243700 0.221700 0.273000 0.244700 0.259800 0.240800 0.278200 0.000000 0.173900 0.218900 0.163500 0.136700 0.252300 0.258100 0.213800 0.195300 0.264100 0.247200 0.261400 0.261400
WhiteLippe 0.151800 0.122100 0.146200 0.122400 0.152800 0.151800 0.155900 0.153000 0.147500 0.052300 0.168200 0.114900 0.202000 0.124200 0.189300 0.161100 0.071700 0.072200 0.175100 0.147500 0.108900 0.159700 0.006000 0.059200 0.151900 0.151600 0.140700 0.155100 0.128700 0.154900 0.045800 0.147200 0.173900 0.156700 0.178500 0.128500 0.160600 0.213000 0.158300 0.173900 0.000000 0.170300 0.052300 0.108800 0.135300 0.164400 0.100500 0.194800 0.139700 0.114500 0.147800 0.147800
ThomsonGaz 0.144500 0.154500 0.169800 0.176000 0.093500 0.144500 0.102600 0.072700 0.155000 0.185900 0.152700 0.121900 0.148200 0.101900 0.134400 0.086700 0.142500 0.151600 0.159400 0.155000 0.066200 0.144500 0.161800 0.155100 0.136900 0.051400 0.138500 0.170700 0.058100 0.170400 0.177000 0.109300 0.208600 0.140600 0.140100 0.113300 0.160600 0.110900 0.142400 0.218900 0.170300 0.000000 0.185900 0.195200 0.120000 0.118300 0.079100 0.117200 0.102400 0.128900 0.163400 0.163400
MuntiacusC 0.167600 0.129500 0.161400 0.122600 0.160200 0.167600 0.155600 0.168100 0.170800 0.000000 0.184500 0.129400 0.186400 0.124000 0.206100 0.168800 0.099400 0.114600 0.191400 0.170800 0.130900 0.175700 0.045400 0.059100 0.167800 0.166600 0.153600 0.163200 0.150900 0.170400 0.006300 0.147000 0.215700 0.170600 0.179200 0.150600 0.176600 0.221800 0.176400 0.163500 0.052300 0.185900 0.000000 0.094400 0.157600 0.188900 0.122000 0.219300 0.162700 0.151300 0.163300 0.163300
WhiteTaile 0.168000 0.145600 0.185800 0.153000 0.169100 0.168000 0.156000 0.177000 0.179000 0.094400 0.193900 0.167600 0.141300 0.139200 0.181900 0.193400 0.142900 0.151700 0.200800 0.179000 0.162000 0.185000 0.101200 0.059500 0.176900 0.175200 0.147000 0.178900 0.174300 0.178600 0.087800 0.178400 0.208800 0.164900 0.179600 0.189400 0.186100 0.198900 0.183800 0.136700 0.108800 0.195200 0.094400 0.000000 0.196600 0.206600 0.152200 0.204700 0.178600 0.182500 0.171500 0.171500
Cattle 0.118500 0.142100 0.112900 0.125800 0.104500 0.118500 0.135800 0.104600 0.092100 0.157600 0.126200 0.037600 0.181100 0.113300 0.144100 0.084100 0.075900 0.111000 0.132900 0.092100 0.098400 0.118600 0.127600 0.157900 0.111500 0.090000 0.141600 0.106200 0.069700 0.106000 0.149500 0.127700 0.184400 0.158600 0.142600 0.005800 0.133500 0.166400 0.145700 0.252300 0.135300 0.120000 0.157600 0.196600 0.000000 0.121700 0.070200 0.149200 0.099300 0.097000 0.099400 0.099400
RoyalAntel 0.102000 0.147600 0.164900 0.162300 0.095000 0.102000 0.127200 0.124500 0.142100 0.188900 0.109800 0.116300 0.142300 0.111400 0.136500 0.117200 0.137000 0.145900 0.116500 0.142100 0.088600 0.102100 0.155900 0.173500 0.094700 0.123000 0.120200 0.157800 0.086700 0.157500 0.180000 0.119000 0.177500 0.105800 0.111600 0.114900 0.102700 0.127700 0.172100 0.258100 0.164400 0.118300 0.188900 0.206600 0.121700 0.000000 0.073300 0.126400 0.126500 0.138100 0.150400 0.150400
Steenbok 0.064600 0.093100 0.129600 0.106300 0.058000 0.064600 0.066000 0.057900 0.108100 0.122000 0.078600 0.071300 0.130300 0.058800 0.101900 0.051300 0.070400 0.091500 0.085100 0.108100 0.025400 0.071500 0.093100 0.115000 0.064700 0.057500 0.106200 0.122600 0.024900 0.122500 0.113900 0.072500 0.163400 0.093900 0.072700 0.063800 0.085600 0.101700 0.110100 0.213800 0.100500 0.079100 0.122000 0.152200 0.070200 0.073300 0.000000 0.128800 0.065400 0.077700 0.115700 0.115700
Impala 0.137700 0.227600 0.193500 0.207800 0.137700 0.137700 0.148700 0.122800 0.170500 0.219300 0.145800 0.144100 0.134000 0.155200 0.142300 0.175500 0.165000 0.174300 0.152500 0.170500 0.130600 0.137700 0.186000 0.203700 0.130200 0.151300 0.155300 0.186400 0.142100 0.186000 0.210500 0.147900 0.200700 0.157700 0.163900 0.142300 0.153700 0.142100 0.182500 0.195300 0.194800 0.117200 0.219300 0.204700 0.149200 0.126400 0.128800 0.000000 0.124200 0.151300 0.179000 0.179000
Klipspring 0.093400 0.170400 0.146800 0.130700 0.087100 0.093400 0.102700 0.087000 0.124600 0.162700 0.116100 0.101000 0.148900 0.102300 0.118700 0.094000 0.128200 0.151900 0.122800 0.124600 0.094300 0.108400 0.131600 0.139400 0.101100 0.114600 0.147300 0.139800 0.078700 0.139500 0.154500 0.116900 0.167300 0.134200 0.102600 0.092600 0.123700 0.134500 0.119800 0.264100 0.139700 0.102400 0.162700 0.178600 0.099300 0.126500 0.065400 0.124200 0.000000 0.122100 0.132600 0.132600
ForestMusk 0.134300 0.136500 0.128800 0.127600 0.113100 0.134300 0.144700 0.127600 0.122400 0.151300 0.149900 0.084500 0.175200 0.114200 0.146000 0.135000 0.083700 0.105300 0.141900 0.122400 0.099500 0.141900 0.107000 0.144200 0.134400 0.126300 0.150700 0.137200 0.104700 0.137100 0.144600 0.136400 0.187200 0.168200 0.159400 0.090500 0.157600 0.168800 0.178900 0.247200 0.114500 0.128900 0.151300 0.182500 0.097000 0.138100 0.077700 0.151300 0.122100 0.000000 0.130200 0.130200
Bushbuck 0.161300 0.171800 0.025700 0.153600 0.153800 0.161300 0.165300 0.153900 0.006400 0.163300 0.169900 0.093900 0.205300 0.148700 0.174200 0.138900 0.106800 0.144900 0.176800 0.006100 0.132100 0.161400 0.139600 0.148300 0.153500 0.145000 0.164200 0.006200 0.122100 0.006200 0.155000 0.164400 0.226400 0.182700 0.180800 0.092700 0.162100 0.207400 0.143500 0.261400 0.147800 0.163400 0.163300 0.171500 0.099400 0.150400 0.115700 0.179000 0.132600 0.130200 0.000000 0.000000
GreaterKud 0.161300 0.171800 0.025700 0.153600 0.153800 0.161300 0.165300 0.153900 0.006400 0.163300 0.169900 0.093900 0.205300 0.148700 0.174200 0.138900 0.106800 0.144900 0.176800 0.006100 0.132100 0.161400 0.139600 0.148300 0.153500 0.145000 0.164200 0.006400 0.122100 0.006100 0.155000 0.164400 0.226400 0.182700 0.180800 0.092700 0.162100 0.207400 0.143500 0.261400 0.147800 0.163400 0.163300 0.171500 0.099400 0.150400 0.115700 0.179000 0.132600 0.130200 0.000000 0.000000
