CODONML (in paml version 4.10.7, June 2023)  /home/rachel/ruminants_paml/6406-phy-tree/ENSBTAT00000006543.fasta.phy
Model: free dN/dS Ratios for branches,  kappa = 2.000 fixed

Codon frequency model: F3x4
ns =  54  ls =  42

Codon usage in sequences
--------------------------------------------------------------------------------------------------------------------------------------
Phe TTT   0   0   0   0   0   0 | Ser TCT   0   0   0   0   0   0 | Tyr TAT   0   0   0   0   0   0 | Cys TGT   3   2   3   3   3   3
    TTC   0   0   0   0   0   0 |     TCC   1   1   1   1   1   1 |     TAC   0   0   0   0   0   0 |     TGC   0   1   0   0   0   0
Leu TTA   0   0   0   0   0   0 |     TCA   0   0   0   0   0   0 | *** TAA   0   0   0   0   0   0 | *** TGA   0   0   0   0   0   0
    TTG   0   0   1   0   0   1 |     TCG   0   0   0   0   0   0 |     TAG   0   0   0   0   0   0 | Trp TGG   3   3   3   3   3   3
--------------------------------------------------------------------------------------------------------------------------------------
Leu CTT   1   1   1   1   1   1 | Pro CCT   0   0   0   0   1   0 | His CAT   0   0   0   0   0   0 | Arg CGT   0   0   0   0   0   0
    CTC   1   1   1   1   1   1 |     CCC   1   1   1   1   1   2 |     CAC   1   1   1   1   1   1 |     CGC   3   1   2   2   2   2
    CTA   0   0   1   1   0   0 |     CCA   1   0   1   1   1   1 | Gln CAA   0   0   0   0   0   0 |     CGA   0   0   1   0   0   1
    CTG   5   4   3   4   4   3 |     CCG   1   2   1   1   0   0 |     CAG   2   2   2   2   2   2 |     CGG   0   2   0   1   1   0
--------------------------------------------------------------------------------------------------------------------------------------
Ile ATT   0   0   0   0   0   0 | Thr ACT   0   0   0   0   0   0 | Asn AAT   0   0   0   0   0   0 | Ser AGT   1   1   1   1   1   1
    ATC   2   2   2   2   2   2 |     ACC   0   0   0   0   0   1 |     AAC   1   1   1   1   1   1 |     AGC   1   1   1   1   1   1
    ATA   0   0   0   0   0   0 |     ACA   0   0   0   0   0   0 | Lys AAA   0   0   0   0   1   1 | Arg AGA   1   0   0   0   0   1
Met ATG   0   0   0   0   1   0 |     ACG   0   1   0   0   0   1 |     AAG   3   3   3   3   1   2 |     AGG   0   1   1   1   2   0
--------------------------------------------------------------------------------------------------------------------------------------
Val GTT   0   0   0   0   0   0 | Ala GCT   0   0   0   1   0   0 | Asp GAT   0   0   0   0   0   0 | Gly GGT   0   1   0   0   0   0
    GTC   0   0   0   0   0   0 |     GCC   2   2   2   1   2   1 |     GAC   2   2   2   2   2   2 |     GGC   1   1   1   1   1   1
    GTA   0   0   0   0   0   0 |     GCA   2   1   2   1   2   2 | Glu GAA   0   0   0   0   0   1 |     GGA   1   0   1   1   1   1
    GTG   0   0   0   0   0   0 |     GCG   0   1   0   1   0   0 |     GAG   2   2   2   2   2   1 |     GGG   0   0   0   0   0   0
--------------------------------------------------------------------------------------------------------------------------------------

--------------------------------------------------------------------------------------------------------------------------------------
Phe TTT   0   0   0   0   0   0 | Ser TCT   0   0   0   0   0   0 | Tyr TAT   0   0   0   0   0   0 | Cys TGT   3   3   3   3   3   3
    TTC   0   0   0   0   0   0 |     TCC   1   1   1   1   1   1 |     TAC   0   0   0   0   0   0 |     TGC   0   0   0   0   0   0
Leu TTA   0   0   0   0   0   0 |     TCA   0   0   0   0   0   0 | *** TAA   0   0   0   0   0   0 | *** TGA   0   0   0   0   0   0
    TTG   0   0   0   0   1   0 |     TCG   0   0   0   0   0   0 |     TAG   0   0   0   0   0   0 | Trp TGG   3   3   3   3   3   3
--------------------------------------------------------------------------------------------------------------------------------------
Leu CTT   1   1   1   1   1   1 | Pro CCT   0   0   0   0   0   0 | His CAT   0   0   0   0   0   0 | Arg CGT   0   0   0   0   0   0
    CTC   1   1   1   1   1   1 |     CCC   1   1   1   1   1   1 |     CAC   1   1   1   1   1   1 |     CGC   2   3   2   2   2   2
    CTA   0   0   0   0   1   0 |     CCA   1   1   1   1   1   1 | Gln CAA   0   0   0   0   0   0 |     CGA   1   0   1   1   1   1
    CTG   5   5   5   5   3   5 |     CCG   1   1   1   1   1   1 |     CAG   2   2   2   2   2   2 |     CGG   0   0   0   0   0   0
--------------------------------------------------------------------------------------------------------------------------------------
Ile ATT   0   0   0   0   0   0 | Thr ACT   0   0   0   0   0   0 | Asn AAT   0   0   0   0   0   0 | Ser AGT   1   1   1   1   1   1
    ATC   2   2   2   2   2   2 |     ACC   0   0   0   0   0   0 |     AAC   1   1   1   1   1   1 |     AGC   1   1   1   1   1   1
    ATA   0   0   0   0   0   0 |     ACA   0   0   0   0   0   0 | Lys AAA   0   0   0   0   0   0 | Arg AGA   0   1   0   0   0   0
Met ATG   0   0   0   0   0   0 |     ACG   0   0   0   0   0   0 |     AAG   3   3   3   3   3   3 |     AGG   1   0   1   1   1   1
--------------------------------------------------------------------------------------------------------------------------------------
Val GTT   0   0   0   0   0   0 | Ala GCT   0   0   0   0   0   0 | Asp GAT   0   0   0   0   0   0 | Gly GGT   0   0   0   0   0   0
    GTC   0   0   0   0   0   0 |     GCC   2   2   2   2   2   2 |     GAC   2   2   2   2   2   2 |     GGC   1   1   1   1   1   1
    GTA   0   0   0   0   0   0 |     GCA   2   2   2   2   2   2 | Glu GAA   0   0   0   0   0   1 |     GGA   1   1   1   1   1   1
    GTG   0   0   0   0   0   0 |     GCG   0   0   0   0   0   0 |     GAG   2   2   2   2   2   1 |     GGG   0   0   0   0   0   0
--------------------------------------------------------------------------------------------------------------------------------------

--------------------------------------------------------------------------------------------------------------------------------------
Phe TTT   0   0   0   0   0   0 | Ser TCT   0   0   0   0   0   0 | Tyr TAT   0   0   0   0   0   0 | Cys TGT   3   3   3   3   3   3
    TTC   0   0   0   0   0   0 |     TCC   1   1   1   1   1   1 |     TAC   0   0   0   0   0   0 |     TGC   0   0   0   0   0   0
Leu TTA   0   0   0   0   0   0 |     TCA   0   0   0   0   0   0 | *** TAA   0   0   0   0   0   0 | *** TGA   0   0   0   0   0   0
    TTG   0   0   0   0   0   0 |     TCG   0   0   0   0   0   0 |     TAG   0   0   0   0   0   0 | Trp TGG   3   3   3   3   3   3
--------------------------------------------------------------------------------------------------------------------------------------
Leu CTT   1   1   1   1   1   1 | Pro CCT   0   0   0   0   0   0 | His CAT   0   0   0   0   0   0 | Arg CGT   0   0   0   0   0   0
    CTC   1   1   1   1   1   1 |     CCC   1   1   1   1   1   1 |     CAC   1   1   1   1   1   1 |     CGC   3   2   2   2   2   2
    CTA   0   0   0   0   0   0 |     CCA   1   1   1   2   1   1 | Gln CAA   0   0   0   0   0   0 |     CGA   0   1   1   1   1   1
    CTG   5   5   5   5   5   5 |     CCG   1   1   1   0   1   1 |     CAG   2   2   2   2   2   2 |     CGG   0   0   0   0   0   0
--------------------------------------------------------------------------------------------------------------------------------------
Ile ATT   0   0   0   0   0   0 | Thr ACT   0   0   0   0   0   0 | Asn AAT   0   0   0   0   0   0 | Ser AGT   1   1   1   1   1   1
    ATC   2   2   2   2   2   2 |     ACC   0   0   0   0   0   0 |     AAC   1   1   1   1   1   1 |     AGC   1   1   1   1   1   1
    ATA   0   0   0   0   0   0 |     ACA   0   0   0   0   0   0 | Lys AAA   0   0   0   0   0   0 | Arg AGA   0   0   0   0   0   0
Met ATG   0   0   0   0   0   0 |     ACG   0   0   0   0   0   0 |     AAG   3   3   3   3   3   3 |     AGG   1   1   1   1   1   1
--------------------------------------------------------------------------------------------------------------------------------------
Val GTT   0   0   0   0   0   0 | Ala GCT   0   1   0   0   0   0 | Asp GAT   0   0   0   0   0   0 | Gly GGT   0   0   0   0   0   0
    GTC   0   0   0   0   0   0 |     GCC   2   1   2   2   2   2 |     GAC   2   2   2   2   2   2 |     GGC   1   1   1   1   1   1
    GTA   0   0   0   0   0   0 |     GCA   2   2   2   2   2   2 | Glu GAA   0   0   0   0   0   0 |     GGA   1   1   1   1   1   1
    GTG   0   0   0   0   0   0 |     GCG   0   0   0   0   0   0 |     GAG   2   2   2   2   2   2 |     GGG   0   0   0   0   0   0
--------------------------------------------------------------------------------------------------------------------------------------

--------------------------------------------------------------------------------------------------------------------------------------
Phe TTT   0   0   0   0   0   0 | Ser TCT   0   0   0   0   0   0 | Tyr TAT   0   0   0   0   0   0 | Cys TGT   3   3   3   3   3   3
    TTC   0   0   0   0   0   0 |     TCC   1   1   1   1   1   1 |     TAC   0   0   0   0   0   0 |     TGC   0   0   0   0   0   0
Leu TTA   0   0   0   0   0   0 |     TCA   0   0   0   0   0   0 | *** TAA   0   0   0   0   0   0 | *** TGA   0   0   0   0   0   0
    TTG   0   0   0   1   0   0 |     TCG   0   0   0   0   0   0 |     TAG   0   0   0   0   0   0 | Trp TGG   3   3   3   3   3   3
--------------------------------------------------------------------------------------------------------------------------------------
Leu CTT   1   1   1   1   1   1 | Pro CCT   0   0   0   0   0   0 | His CAT   0   0   0   0   0   0 | Arg CGT   0   0   0   0   0   0
    CTC   1   1   1   1   1   1 |     CCC   1   1   1   1   1   1 |     CAC   1   1   1   1   1   1 |     CGC   2   2   2   2   2   3
    CTA   1   1   0   1   0   0 |     CCA   1   1   1   1   1   1 | Gln CAA   0   0   0   0   0   0 |     CGA   1   1   1   1   1   0
    CTG   4   4   5   3   5   5 |     CCG   1   1   1   1   1   1 |     CAG   2   2   2   2   2   2 |     CGG   0   0   0   0   0   0
--------------------------------------------------------------------------------------------------------------------------------------
Ile ATT   0   0   0   0   0   0 | Thr ACT   0   0   0   0   0   0 | Asn AAT   0   0   0   0   0   0 | Ser AGT   1   1   1   1   1   1
    ATC   2   2   2   2   2   2 |     ACC   0   0   0   0   0   0 |     AAC   1   1   1   1   1   1 |     AGC   1   1   1   1   1   1
    ATA   0   0   0   0   0   0 |     ACA   0   0   0   0   0   0 | Lys AAA   0   0   0   0   0   0 | Arg AGA   0   0   0   0   0   0
Met ATG   0   0   0   0   0   0 |     ACG   0   0   0   0   0   0 |     AAG   3   3   3   3   3   3 |     AGG   1   1   1   1   1   1
--------------------------------------------------------------------------------------------------------------------------------------
Val GTT   0   0   0   0   0   0 | Ala GCT   0   0   0   0   0   0 | Asp GAT   0   0   0   0   0   0 | Gly GGT   0   0   0   0   0   0
    GTC   0   0   0   0   0   0 |     GCC   2   2   2   2   2   2 |     GAC   2   2   2   2   2   2 |     GGC   1   1   1   1   1   1
    GTA   0   0   0   0   0   0 |     GCA   2   2   2   2   2   2 | Glu GAA   0   0   0   0   0   0 |     GGA   1   1   1   1   1   1
    GTG   0   0   0   0   0   0 |     GCG   0   0   0   0   0   0 |     GAG   2   2   2   2   2   2 |     GGG   0   0   0   0   0   0
--------------------------------------------------------------------------------------------------------------------------------------

--------------------------------------------------------------------------------------------------------------------------------------
Phe TTT   0   0   0   0   0   0 | Ser TCT   0   0   0   0   0   0 | Tyr TAT   0   0   0   0   0   0 | Cys TGT   3   3   3   3   3   3
    TTC   0   0   0   0   0   0 |     TCC   1   1   1   1   1   1 |     TAC   0   0   0   0   0   0 |     TGC   0   0   0   0   0   0
Leu TTA   0   0   0   0   0   0 |     TCA   0   0   0   0   0   0 | *** TAA   0   0   0   0   0   0 | *** TGA   0   0   0   0   0   0
    TTG   0   0   0   1   0   1 |     TCG   0   0   0   0   0   0 |     TAG   0   0   0   0   0   0 | Trp TGG   3   3   3   3   3   3
--------------------------------------------------------------------------------------------------------------------------------------
Leu CTT   1   1   1   1   1   1 | Pro CCT   0   0   0   0   0   0 | His CAT   0   0   0   0   0   0 | Arg CGT   0   0   0   0   0   0
    CTC   1   1   1   2   1   1 |     CCC   1   1   1   1   1   1 |     CAC   1   1   1   1   1   1 |     CGC   2   2   3   2   2   2
    CTA   0   0   0   0   0   1 |     CCA   1   1   1   1   1   1 | Gln CAA   0   0   0   0   0   0 |     CGA   1   1   0   1   1   1
    CTG   5   5   5   3   5   3 |     CCG   1   1   1   1   1   1 |     CAG   2   2   2   2   2   2 |     CGG   0   0   0   0   0   0
--------------------------------------------------------------------------------------------------------------------------------------
Ile ATT   0   0   0   0   0   0 | Thr ACT   0   0   0   0   0   0 | Asn AAT   0   0   0   0   0   0 | Ser AGT   1   1   1   1   1   1
    ATC   2   2   2   2   2   2 |     ACC   0   0   0   0   0   0 |     AAC   1   1   1   1   1   1 |     AGC   1   1   1   1   1   1
    ATA   0   0   0   0   0   0 |     ACA   0   0   0   0   0   0 | Lys AAA   1   0   0   0   0   1 | Arg AGA   0   0   0   0   0   0
Met ATG   0   0   0   0   0   0 |     ACG   0   0   0   0   0   0 |     AAG   2   3   3   3   3   2 |     AGG   1   1   1   1   1   1
--------------------------------------------------------------------------------------------------------------------------------------
Val GTT   0   0   0   0   0   0 | Ala GCT   0   0   0   0   0   0 | Asp GAT   0   0   0   0   0   0 | Gly GGT   0   0   0   0   0   0
    GTC   0   0   0   0   0   0 |     GCC   2   2   2   2   2   2 |     GAC   2   2   2   2   2   2 |     GGC   1   1   1   1   1   1
    GTA   0   0   0   0   0   0 |     GCA   2   2   2   2   2   2 | Glu GAA   1   1   0   1   0   0 |     GGA   1   1   1   1   1   1
    GTG   0   0   0   0   0   0 |     GCG   0   0   0   0   0   0 |     GAG   1   1   2   1   2   2 |     GGG   0   0   0   0   0   0
--------------------------------------------------------------------------------------------------------------------------------------

--------------------------------------------------------------------------------------------------------------------------------------
Phe TTT   0   0   0   0   0   0 | Ser TCT   0   0   0   0   0   0 | Tyr TAT   0   0   0   0   0   0 | Cys TGT   3   3   3   3   3   3
    TTC   0   0   0   0   0   0 |     TCC   1   1   1   1   1   1 |     TAC   0   0   0   0   0   0 |     TGC   0   0   0   0   0   0
Leu TTA   0   0   0   0   0   0 |     TCA   0   0   0   0   0   0 | *** TAA   0   0   0   0   0   0 | *** TGA   0   0   0   0   0   0
    TTG   0   1   0   0   2   0 |     TCG   0   0   0   0   0   0 |     TAG   0   0   0   0   0   0 | Trp TGG   3   3   3   3   3   3
--------------------------------------------------------------------------------------------------------------------------------------
Leu CTT   1   1   1   1   1   1 | Pro CCT   0   0   0   0   0   0 | His CAT   0   0   0   0   0   0 | Arg CGT   0   0   0   0   0   0
    CTC   1   1   1   1   1   1 |     CCC   1   1   1   1   1   1 |     CAC   1   1   1   1   1   1 |     CGC   2   2   2   2   2   2
    CTA   0   1   1   0   0   0 |     CCA   1   1   1   1   0   1 | Gln CAA   0   0   0   0   0   0 |     CGA   1   1   1   1   1   1
    CTG   5   3   4   5   3   5 |     CCG   1   1   1   1   2   1 |     CAG   2   2   2   2   2   2 |     CGG   0   0   0   0   0   0
--------------------------------------------------------------------------------------------------------------------------------------
Ile ATT   0   0   0   0   0   0 | Thr ACT   0   0   0   0   0   0 | Asn AAT   0   0   0   0   0   0 | Ser AGT   1   1   1   1   1   1
    ATC   2   2   2   2   2   2 |     ACC   1   0   0   0   0   0 |     AAC   1   1   1   1   1   1 |     AGC   1   1   1   1   1   1
    ATA   0   0   0   0   0   0 |     ACA   0   0   0   0   0   0 | Lys AAA   1   0   0   0   0   0 | Arg AGA   0   0   0   0   0   0
Met ATG   0   0   0   0   0   0 |     ACG   0   0   0   0   0   0 |     AAG   2   3   3   3   3   3 |     AGG   1   1   1   1   1   1
--------------------------------------------------------------------------------------------------------------------------------------
Val GTT   0   0   0   0   0   0 | Ala GCT   0   0   0   0   0   0 | Asp GAT   0   0   0   0   0   0 | Gly GGT   0   0   0   0   0   0
    GTC   0   0   0   0   0   0 |     GCC   1   2   2   2   2   2 |     GAC   2   2   2   2   2   2 |     GGC   1   1   1   1   1   1
    GTA   0   0   0   0   0   0 |     GCA   2   2   2   2   2   2 | Glu GAA   1   0   1   0   0   0 |     GGA   1   1   1   1   1   1
    GTG   0   0   0   0   0   0 |     GCG   0   0   0   0   0   0 |     GAG   1   2   1   2   2   2 |     GGG   0   0   0   0   0   0
--------------------------------------------------------------------------------------------------------------------------------------

--------------------------------------------------------------------------------------------------------------------------------------
Phe TTT   0   0   0   0   0   0 | Ser TCT   0   0   0   0   0   0 | Tyr TAT   0   0   0   0   0   0 | Cys TGT   3   3   3   3   3   3
    TTC   0   0   0   0   0   0 |     TCC   1   1   1   1   1   1 |     TAC   0   0   0   0   0   0 |     TGC   0   0   0   0   0   0
Leu TTA   0   0   0   0   0   0 |     TCA   0   0   0   0   0   0 | *** TAA   0   0   0   0   0   0 | *** TGA   0   0   0   0   0   0
    TTG   0   0   0   0   0   0 |     TCG   0   0   0   0   0   0 |     TAG   0   0   0   0   0   0 | Trp TGG   3   3   3   3   3   3
--------------------------------------------------------------------------------------------------------------------------------------
Leu CTT   1   1   1   1   1   1 | Pro CCT   0   0   0   0   0   0 | His CAT   0   0   0   0   0   0 | Arg CGT   0   0   0   0   0   0
    CTC   1   1   1   1   1   1 |     CCC   1   1   1   1   1   1 |     CAC   1   1   1   1   1   1 |     CGC   2   2   3   2   2   2
    CTA   0   0   0   0   0   0 |     CCA   1   1   1   2   1   1 | Gln CAA   0   0   0   0   0   0 |     CGA   1   1   0   1   1   1
    CTG   5   5   5   5   5   5 |     CCG   1   1   1   0   1   1 |     CAG   2   2   2   2   2   2 |     CGG   0   0   0   0   0   0
--------------------------------------------------------------------------------------------------------------------------------------
Ile ATT   0   0   0   0   0   0 | Thr ACT   0   0   0   0   0   0 | Asn AAT   0   0   0   0   0   0 | Ser AGT   1   1   1   1   1   1
    ATC   2   2   2   2   2   2 |     ACC   0   0   0   0   0   0 |     AAC   1   1   1   1   1   1 |     AGC   1   1   1   1   1   1
    ATA   0   0   0   0   0   0 |     ACA   0   0   0   0   0   0 | Lys AAA   0   0   0   0   0   0 | Arg AGA   0   0   0   0   0   0
Met ATG   0   0   0   0   0   0 |     ACG   0   0   0   0   0   0 |     AAG   3   3   3   3   3   3 |     AGG   1   1   1   1   1   1
--------------------------------------------------------------------------------------------------------------------------------------
Val GTT   0   0   0   0   0   0 | Ala GCT   0   0   0   0   0   0 | Asp GAT   0   0   0   0   0   0 | Gly GGT   0   0   0   0   0   0
    GTC   0   0   0   0   0   0 |     GCC   2   2   2   2   2   2 |     GAC   2   2   2   2   2   2 |     GGC   1   1   1   1   1   1
    GTA   0   0   0   0   0   0 |     GCA   2   2   2   2   2   2 | Glu GAA   0   0   0   0   0   1 |     GGA   1   1   1   1   1   1
    GTG   0   0   0   0   0   0 |     GCG   0   0   0   0   0   0 |     GAG   2   2   2   2   2   1 |     GGG   0   0   0   0   0   0
--------------------------------------------------------------------------------------------------------------------------------------

--------------------------------------------------------------------------------------------------------------------------------------
Phe TTT   0   0   0   0   0   0 | Ser TCT   0   0   0   0   0   0 | Tyr TAT   0   0   0   0   0   0 | Cys TGT   3   3   3   3   3   2
    TTC   0   0   0   0   0   0 |     TCC   1   1   1   1   1   1 |     TAC   0   0   0   0   0   0 |     TGC   0   0   0   0   0   1
Leu TTA   0   0   0   0   0   0 |     TCA   0   0   0   0   0   0 | *** TAA   0   0   0   0   0   0 | *** TGA   0   0   0   0   0   0
    TTG   0   0   0   0   0   0 |     TCG   0   0   0   0   0   0 |     TAG   0   0   0   0   0   0 | Trp TGG   3   3   3   3   3   3
--------------------------------------------------------------------------------------------------------------------------------------
Leu CTT   1   1   1   1   1   1 | Pro CCT   0   0   0   0   0   0 | His CAT   0   0   0   0   0   0 | Arg CGT   0   0   0   0   0   0
    CTC   1   1   1   1   1   1 |     CCC   1   1   1   1   1   1 |     CAC   1   1   1   1   1   1 |     CGC   2   2   2   2   2   2
    CTA   0   0   0   0   0   0 |     CCA   1   1   1   1   1   1 | Gln CAA   0   0   0   0   0   0 |     CGA   1   1   1   1   1   1
    CTG   5   5   5   5   5   5 |     CCG   1   1   1   1   1   1 |     CAG   2   2   2   2   2   2 |     CGG   0   0   0   0   0   0
--------------------------------------------------------------------------------------------------------------------------------------
Ile ATT   0   0   0   0   0   0 | Thr ACT   0   0   0   0   0   0 | Asn AAT   0   0   0   0   0   0 | Ser AGT   1   1   1   1   1   1
    ATC   2   2   2   2   2   2 |     ACC   0   0   0   0   0   0 |     AAC   1   1   1   1   1   1 |     AGC   1   1   1   1   1   1
    ATA   0   0   0   0   0   0 |     ACA   0   0   0   0   0   0 | Lys AAA   1   0   0   0   0   0 | Arg AGA   0   0   0   0   0   0
Met ATG   0   0   0   0   0   0 |     ACG   0   0   0   0   0   0 |     AAG   2   3   3   3   3   3 |     AGG   1   1   1   1   1   1
--------------------------------------------------------------------------------------------------------------------------------------
Val GTT   0   0   0   0   0   0 | Ala GCT   0   0   0   0   0   0 | Asp GAT   0   0   0   0   0   0 | Gly GGT   0   0   0   0   0   0
    GTC   0   0   0   0   0   0 |     GCC   2   2   2   2   2   2 |     GAC   2   2   2   2   2   2 |     GGC   1   1   1   1   1   1
    GTA   0   0   0   0   0   0 |     GCA   2   2   2   2   2   2 | Glu GAA   1   1   1   1   0   0 |     GGA   1   1   1   1   1   1
    GTG   0   0   0   0   0   0 |     GCG   0   0   0   0   0   0 |     GAG   1   1   1   1   2   2 |     GGG   0   0   0   0   0   0
--------------------------------------------------------------------------------------------------------------------------------------

--------------------------------------------------------------------------------------------------------------------------------------
Phe TTT   0   0   0   0   0   0 | Ser TCT   0   0   0   0   0   0 | Tyr TAT   0   0   0   0   0   0 | Cys TGT   3   3   2   3   3   3
    TTC   0   0   0   0   0   0 |     TCC   1   1   1   1   1   1 |     TAC   0   0   0   0   0   0 |     TGC   0   0   1   0   0   0
Leu TTA   0   0   0   0   0   0 |     TCA   0   0   0   0   0   0 | *** TAA   0   0   0   0   0   0 | *** TGA   0   0   0   0   0   0
    TTG   0   0   1   0   1   1 |     TCG   0   0   0   0   0   0 |     TAG   0   0   0   0   0   0 | Trp TGG   3   3   3   3   3   3
--------------------------------------------------------------------------------------------------------------------------------------
Leu CTT   1   1   1   1   1   1 | Pro CCT   0   0   0   0   0   0 | His CAT   0   0   0   0   0   0 | Arg CGT   0   0   0   0   0   0
    CTC   1   1   1   1   1   1 |     CCC   1   1   1   1   1   1 |     CAC   1   1   1   1   1   1 |     CGC   2   2   2   2   2   2
    CTA   0   0   0   1   1   1 |     CCA   1   1   1   1   1   1 | Gln CAA   0   0   0   0   0   0 |     CGA   1   1   1   0   1   1
    CTG   5   5   4   4   3   3 |     CCG   1   1   1   1   1   1 |     CAG   2   2   2   2   2   2 |     CGG   0   0   0   1   0   0
--------------------------------------------------------------------------------------------------------------------------------------
Ile ATT   0   0   0   0   0   0 | Thr ACT   0   0   0   0   0   0 | Asn AAT   0   0   0   0   0   0 | Ser AGT   2   1   1   1   1   1
    ATC   2   2   1   2   2   2 |     ACC   0   0   1   0   0   0 |     AAC   1   1   1   1   1   1 |     AGC   0   1   1   1   1   1
    ATA   0   0   0   0   0   0 |     ACA   0   0   0   0   0   0 | Lys AAA   0   0   0   0   0   0 | Arg AGA   0   0   0   0   0   0
Met ATG   0   0   0   0   0   0 |     ACG   0   0   0   0   0   0 |     AAG   3   3   3   3   3   3 |     AGG   1   1   1   1   1   1
--------------------------------------------------------------------------------------------------------------------------------------
Val GTT   0   0   0   0   0   0 | Ala GCT   0   0   0   1   0   0 | Asp GAT   0   0   0   0   0   0 | Gly GGT   1   0   0   0   0   0
    GTC   0   0   1   0   0   0 |     GCC   2   2   1   1   2   2 |     GAC   2   2   2   2   2   2 |     GGC   0   1   1   1   1   1
    GTA   0   0   0   0   0   0 |     GCA   2   2   2   1   2   2 | Glu GAA   0   0   0   0   0   0 |     GGA   1   1   1   1   1   1
    GTG   0   0   0   0   0   0 |     GCG   0   0   0   1   0   0 |     GAG   2   2   2   2   2   2 |     GGG   0   0   0   0   0   0
--------------------------------------------------------------------------------------------------------------------------------------

Codon position x base (3x4) table for each sequence.

#1: Argali         
position  1:    T:0.16667    C:0.38095    A:0.21429    G:0.23810
position  2:    T:0.21429    C:0.19048    A:0.26190    G:0.33333
position  3:    T:0.11905    C:0.38095    A:0.11905    G:0.38095
Average         T:0.16667    C:0.31746    A:0.19841    G:0.31746

#2: LesserMouseDeer
position  1:    T:0.16667    C:0.35714    A:0.23810    G:0.23810
position  2:    T:0.19048    C:0.21429    A:0.26190    G:0.33333
position  3:    T:0.11905    C:0.35714    A:0.02381    G:0.50000
Average         T:0.15873    C:0.30952    A:0.17460    G:0.35714

#3: LesserKudu     
position  1:    T:0.19048    C:0.35714    A:0.21429    G:0.23810
position  2:    T:0.21429    C:0.19048    A:0.26190    G:0.33333
position  3:    T:0.11905    C:0.35714    A:0.14286    G:0.38095
Average         T:0.17460    C:0.30159    A:0.20635    G:0.31746

#4: ForestMuskDeer2
position  1:    T:0.16667    C:0.38095    A:0.21429    G:0.23810
position  2:    T:0.21429    C:0.19048    A:0.26190    G:0.33333
position  3:    T:0.14286    C:0.33333    A:0.09524    G:0.42857
Average         T:0.17460    C:0.30159    A:0.19048    G:0.33333

#5: Camel          
position  1:    T:0.16667    C:0.35714    A:0.23810    G:0.23810
position  2:    T:0.21429    C:0.19048    A:0.23810    G:0.35714
position  3:    T:0.14286    C:0.35714    A:0.11905    G:0.38095
Average         T:0.17460    C:0.30159    A:0.19841    G:0.32540

#6: KillerWhale    
position  1:    T:0.19048    C:0.33333    A:0.26190    G:0.21429
position  2:    T:0.19048    C:0.21429    A:0.26190    G:0.33333
position  3:    T:0.11905    C:0.38095    A:0.19048    G:0.30952
Average         T:0.16667    C:0.30952    A:0.23810    G:0.28571

#7: DefassaWaterbuck
position  1:    T:0.16667    C:0.38095    A:0.21429    G:0.23810
position  2:    T:0.21429    C:0.19048    A:0.26190    G:0.33333
position  3:    T:0.11905    C:0.35714    A:0.11905    G:0.40476
Average         T:0.16667    C:0.30952    A:0.19841    G:0.32540

#8: Sheep          
position  1:    T:0.16667    C:0.38095    A:0.21429    G:0.23810
position  2:    T:0.21429    C:0.19048    A:0.26190    G:0.33333
position  3:    T:0.11905    C:0.38095    A:0.11905    G:0.38095
Average         T:0.16667    C:0.31746    A:0.19841    G:0.31746

#9: MaxwellsDuiker 
position  1:    T:0.16667    C:0.38095    A:0.21429    G:0.23810
position  2:    T:0.21429    C:0.19048    A:0.26190    G:0.33333
position  3:    T:0.11905    C:0.35714    A:0.11905    G:0.40476
Average         T:0.16667    C:0.30952    A:0.19841    G:0.32540

#10: GazellaPrzewalskyi
position  1:    T:0.16667    C:0.38095    A:0.21429    G:0.23810
position  2:    T:0.21429    C:0.19048    A:0.26190    G:0.33333
position  3:    T:0.11905    C:0.35714    A:0.11905    G:0.40476
Average         T:0.16667    C:0.30952    A:0.19841    G:0.32540

#11: MountainNyala  
position  1:    T:0.19048    C:0.35714    A:0.21429    G:0.23810
position  2:    T:0.21429    C:0.19048    A:0.26190    G:0.33333
position  3:    T:0.11905    C:0.35714    A:0.14286    G:0.38095
Average         T:0.17460    C:0.30159    A:0.20635    G:0.31746

#12: MuntiacusMuntjak
position  1:    T:0.16667    C:0.38095    A:0.21429    G:0.23810
position  2:    T:0.21429    C:0.19048    A:0.26190    G:0.33333
position  3:    T:0.11905    C:0.35714    A:0.14286    G:0.38095
Average         T:0.16667    C:0.30952    A:0.20635    G:0.31746

#13: goat           
position  1:    T:0.16667    C:0.38095    A:0.21429    G:0.23810
position  2:    T:0.21429    C:0.19048    A:0.26190    G:0.33333
position  3:    T:0.11905    C:0.38095    A:0.09524    G:0.40476
Average         T:0.16667    C:0.31746    A:0.19048    G:0.32540

#14: AfricanBuffalo 
position  1:    T:0.16667    C:0.38095    A:0.21429    G:0.23810
position  2:    T:0.21429    C:0.19048    A:0.26190    G:0.33333
position  3:    T:0.14286    C:0.33333    A:0.11905    G:0.40476
Average         T:0.17460    C:0.30159    A:0.19841    G:0.32540

#15: Topi           
position  1:    T:0.16667    C:0.38095    A:0.21429    G:0.23810
position  2:    T:0.21429    C:0.19048    A:0.26190    G:0.33333
position  3:    T:0.11905    C:0.35714    A:0.11905    G:0.40476
Average         T:0.16667    C:0.30952    A:0.19841    G:0.32540

#16: CommonDuiker   
position  1:    T:0.16667    C:0.38095    A:0.21429    G:0.23810
position  2:    T:0.21429    C:0.19048    A:0.26190    G:0.33333
position  3:    T:0.11905    C:0.35714    A:0.14286    G:0.38095
Average         T:0.16667    C:0.30952    A:0.20635    G:0.31746

#17: Suni           
position  1:    T:0.16667    C:0.38095    A:0.21429    G:0.23810
position  2:    T:0.21429    C:0.19048    A:0.26190    G:0.33333
position  3:    T:0.11905    C:0.35714    A:0.11905    G:0.40476
Average         T:0.16667    C:0.30952    A:0.19841    G:0.32540

#18: Springbuck     
position  1:    T:0.16667    C:0.38095    A:0.21429    G:0.23810
position  2:    T:0.21429    C:0.19048    A:0.26190    G:0.33333
position  3:    T:0.11905    C:0.35714    A:0.11905    G:0.40476
Average         T:0.16667    C:0.30952    A:0.19841    G:0.32540

#19: Okapi          
position  1:    T:0.16667    C:0.38095    A:0.21429    G:0.23810
position  2:    T:0.21429    C:0.19048    A:0.26190    G:0.33333
position  3:    T:0.11905    C:0.35714    A:0.14286    G:0.38095
Average         T:0.16667    C:0.30952    A:0.20635    G:0.31746

#20: Giraffe        
position  1:    T:0.16667    C:0.38095    A:0.21429    G:0.23810
position  2:    T:0.21429    C:0.19048    A:0.26190    G:0.33333
position  3:    T:0.11905    C:0.35714    A:0.14286    G:0.38095
Average         T:0.16667    C:0.30952    A:0.20635    G:0.31746

#21: TibetanAntelope
position  1:    T:0.16667    C:0.38095    A:0.21429    G:0.23810
position  2:    T:0.21429    C:0.19048    A:0.26190    G:0.33333
position  3:    T:0.11905    C:0.35714    A:0.11905    G:0.40476
Average         T:0.16667    C:0.30952    A:0.19841    G:0.32540

#22: Sitatunga      
position  1:    T:0.19048    C:0.35714    A:0.21429    G:0.23810
position  2:    T:0.21429    C:0.19048    A:0.26190    G:0.33333
position  3:    T:0.11905    C:0.35714    A:0.14286    G:0.38095
Average         T:0.17460    C:0.30159    A:0.20635    G:0.31746

#23: Oribi          
position  1:    T:0.16667    C:0.38095    A:0.21429    G:0.23810
position  2:    T:0.21429    C:0.19048    A:0.26190    G:0.33333
position  3:    T:0.11905    C:0.35714    A:0.11905    G:0.40476
Average         T:0.16667    C:0.30952    A:0.19841    G:0.32540

#24: BarbarySheep   
position  1:    T:0.16667    C:0.38095    A:0.21429    G:0.23810
position  2:    T:0.21429    C:0.19048    A:0.26190    G:0.33333
position  3:    T:0.11905    C:0.38095    A:0.09524    G:0.40476
Average         T:0.16667    C:0.31746    A:0.19048    G:0.32540

#25: Daviddeer      
position  1:    T:0.16667    C:0.38095    A:0.21429    G:0.23810
position  2:    T:0.21429    C:0.19048    A:0.26190    G:0.33333
position  3:    T:0.11905    C:0.35714    A:0.16667    G:0.35714
Average         T:0.16667    C:0.30952    A:0.21429    G:0.30952

#26: Reindeer       
position  1:    T:0.16667    C:0.38095    A:0.21429    G:0.23810
position  2:    T:0.21429    C:0.19048    A:0.26190    G:0.33333
position  3:    T:0.11905    C:0.35714    A:0.14286    G:0.38095
Average         T:0.16667    C:0.30952    A:0.20635    G:0.31746

#27: Ibex           
position  1:    T:0.16667    C:0.38095    A:0.21429    G:0.23810
position  2:    T:0.21429    C:0.19048    A:0.26190    G:0.33333
position  3:    T:0.11905    C:0.38095    A:0.09524    G:0.40476
Average         T:0.16667    C:0.31746    A:0.19048    G:0.32540

#28: GyrantGazelle  
position  1:    T:0.19048    C:0.35714    A:0.21429    G:0.23810
position  2:    T:0.21429    C:0.19048    A:0.26190    G:0.33333
position  3:    T:0.11905    C:0.38095    A:0.14286    G:0.35714
Average         T:0.17460    C:0.30952    A:0.20635    G:0.30952

#29: Hartebeest     
position  1:    T:0.16667    C:0.38095    A:0.21429    G:0.23810
position  2:    T:0.21429    C:0.19048    A:0.26190    G:0.33333
position  3:    T:0.11905    C:0.35714    A:0.11905    G:0.40476
Average         T:0.16667    C:0.30952    A:0.19841    G:0.32540

#30: Bongo          
position  1:    T:0.19048    C:0.35714    A:0.21429    G:0.23810
position  2:    T:0.21429    C:0.19048    A:0.26190    G:0.33333
position  3:    T:0.11905    C:0.35714    A:0.16667    G:0.35714
Average         T:0.17460    C:0.30159    A:0.21429    G:0.30952

#31: Gerenuk        
position  1:    T:0.16667    C:0.38095    A:0.23810    G:0.21429
position  2:    T:0.21429    C:0.19048    A:0.26190    G:0.33333
position  3:    T:0.11905    C:0.35714    A:0.16667    G:0.35714
Average         T:0.16667    C:0.30952    A:0.22222    G:0.30159

#32: CommonEland    
position  1:    T:0.19048    C:0.35714    A:0.21429    G:0.23810
position  2:    T:0.21429    C:0.19048    A:0.26190    G:0.33333
position  3:    T:0.11905    C:0.35714    A:0.14286    G:0.38095
Average         T:0.17460    C:0.30159    A:0.20635    G:0.31746

#33: MuntiacusReevesi
position  1:    T:0.16667    C:0.38095    A:0.21429    G:0.23810
position  2:    T:0.21429    C:0.19048    A:0.26190    G:0.33333
position  3:    T:0.11905    C:0.35714    A:0.16667    G:0.35714
Average         T:0.16667    C:0.30952    A:0.21429    G:0.30952

#34: HarveysDuiker  
position  1:    T:0.16667    C:0.38095    A:0.21429    G:0.23810
position  2:    T:0.21429    C:0.19048    A:0.26190    G:0.33333
position  3:    T:0.11905    C:0.35714    A:0.11905    G:0.40476
Average         T:0.16667    C:0.30952    A:0.19841    G:0.32540

#35: Pronghorn      
position  1:    T:0.21429    C:0.33333    A:0.21429    G:0.23810
position  2:    T:0.21429    C:0.19048    A:0.26190    G:0.33333
position  3:    T:0.11905    C:0.35714    A:0.09524    G:0.42857
Average         T:0.18254    C:0.29365    A:0.19048    G:0.33333

#36: BlueWildebeest 
position  1:    T:0.16667    C:0.38095    A:0.21429    G:0.23810
position  2:    T:0.21429    C:0.19048    A:0.26190    G:0.33333
position  3:    T:0.11905    C:0.35714    A:0.11905    G:0.40476
Average         T:0.16667    C:0.30952    A:0.19841    G:0.32540

#37: Gemsbok        
position  1:    T:0.16667    C:0.38095    A:0.21429    G:0.23810
position  2:    T:0.21429    C:0.19048    A:0.26190    G:0.33333
position  3:    T:0.11905    C:0.35714    A:0.11905    G:0.40476
Average         T:0.16667    C:0.30952    A:0.19841    G:0.32540

#38: Yak            
position  1:    T:0.16667    C:0.38095    A:0.21429    G:0.23810
position  2:    T:0.21429    C:0.19048    A:0.26190    G:0.33333
position  3:    T:0.11905    C:0.35714    A:0.11905    G:0.40476
Average         T:0.16667    C:0.30952    A:0.19841    G:0.32540

#39: BlueSheep      
position  1:    T:0.16667    C:0.38095    A:0.21429    G:0.23810
position  2:    T:0.21429    C:0.19048    A:0.26190    G:0.33333
position  3:    T:0.11905    C:0.38095    A:0.09524    G:0.40476
Average         T:0.16667    C:0.31746    A:0.19048    G:0.32540

#40: BohorReedbuck  
position  1:    T:0.16667    C:0.38095    A:0.21429    G:0.23810
position  2:    T:0.21429    C:0.19048    A:0.26190    G:0.33333
position  3:    T:0.11905    C:0.35714    A:0.14286    G:0.38095
Average         T:0.16667    C:0.30952    A:0.20635    G:0.31746

#41: KirksDik       
position  1:    T:0.16667    C:0.38095    A:0.21429    G:0.23810
position  2:    T:0.21429    C:0.19048    A:0.26190    G:0.33333
position  3:    T:0.11905    C:0.35714    A:0.11905    G:0.40476
Average         T:0.16667    C:0.30952    A:0.19841    G:0.32540

#42: RoeDeer        
position  1:    T:0.16667    C:0.38095    A:0.21429    G:0.23810
position  2:    T:0.21429    C:0.19048    A:0.26190    G:0.33333
position  3:    T:0.11905    C:0.35714    A:0.14286    G:0.38095
Average         T:0.16667    C:0.30952    A:0.20635    G:0.31746

#43: WhiteLippedDeer
position  1:    T:0.16667    C:0.38095    A:0.21429    G:0.23810
position  2:    T:0.21429    C:0.19048    A:0.26190    G:0.33333
position  3:    T:0.11905    C:0.35714    A:0.16667    G:0.35714
Average         T:0.16667    C:0.30952    A:0.21429    G:0.30952

#44: ThomsonGazelle 
position  1:    T:0.16667    C:0.38095    A:0.21429    G:0.23810
position  2:    T:0.21429    C:0.19048    A:0.26190    G:0.33333
position  3:    T:0.11905    C:0.35714    A:0.14286    G:0.38095
Average         T:0.16667    C:0.30952    A:0.20635    G:0.31746

#45: MuntiacusCrinifrons
position  1:    T:0.16667    C:0.38095    A:0.21429    G:0.23810
position  2:    T:0.21429    C:0.19048    A:0.26190    G:0.33333
position  3:    T:0.11905    C:0.35714    A:0.14286    G:0.38095
Average         T:0.16667    C:0.30952    A:0.20635    G:0.31746

#46: WhiteTailedDeer
position  1:    T:0.16667    C:0.38095    A:0.21429    G:0.23810
position  2:    T:0.21429    C:0.19048    A:0.26190    G:0.33333
position  3:    T:0.11905    C:0.35714    A:0.14286    G:0.38095
Average         T:0.16667    C:0.30952    A:0.20635    G:0.31746

#47: Cattle         
position  1:    T:0.16667    C:0.38095    A:0.21429    G:0.23810
position  2:    T:0.21429    C:0.19048    A:0.26190    G:0.33333
position  3:    T:0.11905    C:0.35714    A:0.11905    G:0.40476
Average         T:0.16667    C:0.30952    A:0.19841    G:0.32540

#48: RoyalAntelope  
position  1:    T:0.16667    C:0.38095    A:0.21429    G:0.23810
position  2:    T:0.21429    C:0.19048    A:0.26190    G:0.33333
position  3:    T:0.09524    C:0.38095    A:0.11905    G:0.40476
Average         T:0.15873    C:0.31746    A:0.19841    G:0.32540

#49: Steenbok       
position  1:    T:0.16667    C:0.38095    A:0.21429    G:0.23810
position  2:    T:0.21429    C:0.19048    A:0.26190    G:0.33333
position  3:    T:0.16667    C:0.30952    A:0.11905    G:0.40476
Average         T:0.18254    C:0.29365    A:0.19841    G:0.32540

#50: Impala         
position  1:    T:0.16667    C:0.38095    A:0.21429    G:0.23810
position  2:    T:0.21429    C:0.19048    A:0.26190    G:0.33333
position  3:    T:0.11905    C:0.35714    A:0.11905    G:0.40476
Average         T:0.16667    C:0.30952    A:0.19841    G:0.32540

#51: Klipspringer   
position  1:    T:0.19048    C:0.35714    A:0.21429    G:0.23810
position  2:    T:0.21429    C:0.19048    A:0.26190    G:0.33333
