CODONML (in paml version 4.10.7, June 2023)  /home/rachel/ruminants_paml/6406-phy-tree/ENSBTAT00000025895.fasta.phy
Model: free dN/dS Ratios for branches,  kappa = 2.000 fixed

Codon frequency model: F3x4
ns =  54  ls =  93

Codon usage in sequences
--------------------------------------------------------------------------------------------------------------------------------------
Phe TTT   2   3   2   2   3   3 | Ser TCT   3   3   2   3   3   3 | Tyr TAT   1   1   1   0   1   1 | Cys TGT   2   2   2   2   3   3
    TTC   2   1   2   2   1   1 |     TCC   1   1   2   1   1   1 |     TAC   1   1   1   2   1   1 |     TGC   1   1   1   1   0   0
Leu TTA   1   1   1   1   1   1 |     TCA   0   0   0   0   0   0 | *** TAA   0   0   0   0   0   0 | *** TGA   0   0   0   0   0   0
    TTG   1   1   1   1   1   1 |     TCG   0   0   0   0   0   0 |     TAG   0   0   0   0   0   0 | Trp TGG   0   0   0   0   0   0
--------------------------------------------------------------------------------------------------------------------------------------
Leu CTT   0   1   1   1   0   0 | Pro CCT   2   2   1   2   2   2 | His CAT   0   0   0   0   0   0 | Arg CGT   0   0   0   0   0   0
    CTC   1   0   0   1   1   1 |     CCC   0   1   1   0   0   0 |     CAC   1   1   1   1   1   1 |     CGC   0   0   0   0   0   0
    CTA   1   1   1   1   2   2 |     CCA   2   1   2   2   3   2 | Gln CAA   4   2   3   4   3   3 |     CGA   1   1   1   1   1   1
    CTG   3   3   3   3   2   2 |     CCG   1   1   1   1   0   1 |     CAG   9  11  10   9  10  10 |     CGG   0   0   0   0   0   0
--------------------------------------------------------------------------------------------------------------------------------------
Ile ATT   2   3   2   2   1   2 | Thr ACT   1   1   1   1   1   1 | Asn AAT   2   2   1   2   2   2 | Ser AGT   1   1   1   1   1   1
    ATC   5   4   4   4   6   5 |     ACC   1   1   1   1   1   1 |     AAC   1   1   2   1   1   1 |     AGC   0   0   0   0   0   0
    ATA   0   0   0   0   0   0 |     ACA   2   2   2   2   2   2 | Lys AAA   4   5   5   5   5   5 | Arg AGA   2   2   2   1   1   2
Met ATG   2   2   2   2   0   2 |     ACG   0   0   0   0   0   0 |     AAG   3   2   2   2   2   2 |     AGG   0   0   0   1   1   0
--------------------------------------------------------------------------------------------------------------------------------------
Val GTT   2   2   2   2   2   2 | Ala GCT   2   2   2   2   2   2 | Asp GAT   4   4   3   3   3   4 | Gly GGT   2   2   2   2   2   3
    GTC   2   2   2   2   2   2 |     GCC   2   2   2   2   2   2 |     GAC   2   1   2   2   1   1 |     GGC   1   1   1   1   0   0
    GTA   0   0   0   0   0   0 |     GCA   3   4   2   3   3   3 | Glu GAA   3   3   3   3   3   3 |     GGA   0   0   0   0   1   0
    GTG   1   1   2   1   3   1 |     GCG   1   0   2   1   1   1 |     GAG   2   3   3   3   4   3 |     GGG   0   0   0   0   0   0
--------------------------------------------------------------------------------------------------------------------------------------

--------------------------------------------------------------------------------------------------------------------------------------
Phe TTT   2   2   2   2   2   2 | Ser TCT   3   3   2   3   3   3 | Tyr TAT   1   1   1   1   1   1 | Cys TGT   2   2   2   2   2   2
    TTC   2   2   2   2   2   2 |     TCC   1   1   1   1   1   1 |     TAC   1   1   1   1   1   1 |     TGC   1   1   1   1   1   1
Leu TTA   1   0   1   1   1   1 |     TCA   0   0   1   0   0   0 | *** TAA   0   0   0   0   0   0 | *** TGA   0   0   0   0   0   0
    TTG   1   2   1   1   1   1 |     TCG   0   0   0   0   0   0 |     TAG   0   0   0   0   0   0 | Trp TGG   0   0   0   0   0   0
--------------------------------------------------------------------------------------------------------------------------------------
Leu CTT   1   0   1   1   0   1 | Pro CCT   2   2   2   2   1   2 | His CAT   0   0   0   0   0   0 | Arg CGT   0   0   0   0   0   0
    CTC   0   1   0   0   1   0 |     CCC   0   0   0   0   1   0 |     CAC   1   1   1   1   1   1 |     CGC   0   0   0   0   0   0
    CTA   1   1   1   1   1   1 |     CCA   2   2   2   2   2   2 | Gln CAA   4   3   4   5   4   4 |     CGA   1   1   1   1   1   1
    CTG   3   3   3   3   3   3 |     CCG   1   1   1   1   1   1 |     CAG   9  10   9   8   9   9 |     CGG   0   0   0   0   0   0
--------------------------------------------------------------------------------------------------------------------------------------
Ile ATT   2   2   2   2   2   2 | Thr ACT   1   1   1   1   1   1 | Asn AAT   2   2   1   2   2   2 | Ser AGT   1   1   2   1   1   1
    ATC   5   5   5   5   4   5 |     ACC   1   1   1   1   1   1 |     AAC   1   1   1   0   1   1 |     AGC   0   0   0   1   0   0
    ATA   0   0   0   0   0   0 |     ACA   2   2   2   2   2   2 | Lys AAA   4   4   4   5   5   5 | Arg AGA   2   2   2   2   2   1
Met ATG   2   2   2   2   3   2 |     ACG   0   0   0   0   0   0 |     AAG   3   3   3   2   2   2 |     AGG   0   0   0   0   0   1
--------------------------------------------------------------------------------------------------------------------------------------
Val GTT   2   2   2   2   2   2 | Ala GCT   2   2   2   2   2   2 | Asp GAT   3   4   3   2   3   3 | Gly GGT   2   2   2   2   2   2
    GTC   2   2   2   2   2   2 |     GCC   2   2   2   2   2   2 |     GAC   2   2   2   3   2   2 |     GGC   1   1   1   1   1   1
    GTA   0   0   0   0   0   0 |     GCA   3   3   3   3   3   4 | Glu GAA   3   3   3   3   3   3 |     GGA   0   0   0   0   0   0
    GTG   1   1   1   1   1   1 |     GCG   1   1   1   1   1   0 |     GAG   3   2   3   3   3   3 |     GGG   0   0   0   0   0   0
--------------------------------------------------------------------------------------------------------------------------------------

--------------------------------------------------------------------------------------------------------------------------------------
Phe TTT   2   2   2   2   2   2 | Ser TCT   3   3   2   2   3   3 | Tyr TAT   1   1   1   1   1   1 | Cys TGT   2   2   2   2   2   2
    TTC   2   2   2   2   2   2 |     TCC   1   1   2   1   1   1 |     TAC   1   1   1   1   1   1 |     TGC   1   1   1   1   1   1
Leu TTA   1   1   1   1   1   1 |     TCA   0   0   0   1   0   0 | *** TAA   0   0   0   0   0   0 | *** TGA   0   0   0   0   0   0
    TTG   1   1   1   1   2   1 |     TCG   0   0   0   0   0   0 |     TAG   0   0   0   0   0   0 | Trp TGG   0   0   0   0   0   0
--------------------------------------------------------------------------------------------------------------------------------------
Leu CTT   0   1   0   1   1   1 | Pro CCT   2   1   1   2   1   2 | His CAT   0   0   0   0   0   0 | Arg CGT   0   0   0   0   0   0
    CTC   1   0   1   0   0   0 |     CCC   0   1   0   0   1   0 |     CAC   1   1   1   1   1   1 |     CGC   0   0   0   0   0   0
    CTA   1   1   1   1   1   1 |     CCA   2   2   2   2   2   2 | Gln CAA   4   4   4   4   4   5 |     CGA   1   1   1   1   1   1
    CTG   3   3   3   3   2   3 |     CCG   1   1   2   1   1   1 |     CAG   9   9   9   9   9   8 |     CGG   0   0   0   0   0   0
--------------------------------------------------------------------------------------------------------------------------------------
Ile ATT   2   2   2   2   2   2 | Thr ACT   1   1   1   1   1   1 | Asn AAT   2   2   2   1   2   1 | Ser AGT   1   1   1   2   1   2
    ATC   5   5   5   5   5   5 |     ACC   1   1   0   1   1   1 |     AAC   1   1   1   1   1   0 |     AGC   0   0   0   0   0   1
    ATA   0   0   0   1   0   0 |     ACA   2   2   2   2   2   2 | Lys AAA   4   5   4   4   4   4 | Arg AGA   2   2   2   2   2   2
Met ATG   2   2   2   1   2   2 |     ACG   0   0   0   0   0   0 |     AAG   3   2   3   3   3   3 |     AGG   0   0   0   0   0   0
--------------------------------------------------------------------------------------------------------------------------------------
Val GTT   2   2   2   2   2   2 | Ala GCT   2   2   2   2   2   2 | Asp GAT   4   3   3   3   3   3 | Gly GGT   2   2   2   2   2   2
    GTC   2   2   2   2   2   2 |     GCC   2   2   3   2   2   2 |     GAC   2   2   2   2   2   2 |     GGC   1   1   1   1   1   1
    GTA   0   0   0   0   0   0 |     GCA   3   3   3   3   3   4 | Glu GAA   3   3   3   3   3   3 |     GGA   0   0   0   0   0   0
    GTG   1   1   1   1   1   1 |     GCG   1   1   1   1   1   0 |     GAG   2   3   3   3   3   3 |     GGG   0   0   0   0   0   0
--------------------------------------------------------------------------------------------------------------------------------------

--------------------------------------------------------------------------------------------------------------------------------------
Phe TTT   2   2   2   2   2   1 | Ser TCT   3   3   3   3   3   3 | Tyr TAT   1   1   1   1   1   1 | Cys TGT   2   2   2   2   2   2
    TTC   2   2   2   2   2   3 |     TCC   1   1   1   1   1   1 |     TAC   1   1   1   1   1   1 |     TGC   1   1   1   1   1   1
Leu TTA   1   1   1   1   1   1 |     TCA   0   0   0   0   0   0 | *** TAA   0   0   0   0   0   0 | *** TGA   0   0   0   0   0   0
    TTG   1   1   1   1   1   0 |     TCG   0   0   0   0   0   0 |     TAG   0   0   0   0   0   0 | Trp TGG   0   0   0   0   0   0
--------------------------------------------------------------------------------------------------------------------------------------
Leu CTT   1   1   0   0   1   0 | Pro CCT   2   2   2   1   2   2 | His CAT   0   0   0   0   0   0 | Arg CGT   0   0   0   0   0   0
    CTC   0   0   1   1   0   1 |     CCC   0   0   0   1   0   0 |     CAC   1   1   1   1   1   1 |     CGC   0   0   0   0   0   0
    CTA   1   1   1   1   1   1 |     CCA   2   2   2   2   2   2 | Gln CAA   4   4   4   4   4   4 |     CGA   1   1   1   1   1   1
    CTG   3   3   3   3   3   4 |     CCG   1   1   1   1   1   1 |     CAG   9   9   9   9   9   9 |     CGG   0   0   0   0   0   0
--------------------------------------------------------------------------------------------------------------------------------------
Ile ATT   2   2   2   2   2   2 | Thr ACT   1   1   1   1   1   1 | Asn AAT   2   2   2   2   2   2 | Ser AGT   1   1   1   1   1   1
    ATC   5   5   5   4   5   5 |     ACC   1   2   1   1   1   1 |     AAC   1   1   1   1   0   1 |     AGC   0   0   0   0   1   0
    ATA   0   0   0   0   0   0 |     ACA   2   1   2   2   2   2 | Lys AAA   5   5   4   5   4   4 | Arg AGA   2   2   2   2   2   2
Met ATG   2   2   2   3   1   2 |     ACG   0   0   0   0   1   0 |     AAG   2   2   3   2   3   3 |     AGG   0   0   0   0   0   0
--------------------------------------------------------------------------------------------------------------------------------------
Val GTT   2   2   2   2   2   2 | Ala GCT   2   2   2   2   2   2 | Asp GAT   3   3   4   3   3   4 | Gly GGT   2   2   2   2   2   2
    GTC   2   2   2   2   2   2 |     GCC   2   2   2   2   2   2 |     GAC   2   2   2   2   2   2 |     GGC   1   1   1   1   1   1
    GTA   0   0   0   0   0   0 |     GCA   3   4   3   3   3   3 | Glu GAA   3   3   3   3   3   3 |     GGA   0   0   0   0   0   0
    GTG   1   1   1   1   1   1 |     GCG   1   0   1   1   1   1 |     GAG   3   3   2   3   3   2 |     GGG   0   0   0   0   0   0
--------------------------------------------------------------------------------------------------------------------------------------

--------------------------------------------------------------------------------------------------------------------------------------
Phe TTT   2   2   2   2   2   2 | Ser TCT   3   3   3   3   2   3 | Tyr TAT   1   1   1   1   1   1 | Cys TGT   2   2   2   2   2   2
    TTC   2   2   2   2   2   2 |     TCC   1   1   1   1   2   1 |     TAC   1   1   1   1   1   1 |     TGC   1   1   1   1   1   1
Leu TTA   2   1   1   1   1   1 |     TCA   0   0   0   0   0   0 | *** TAA   0   0   0   0   0   0 | *** TGA   0   0   0   0   0   0
    TTG   1   1   1   1   1   1 |     TCG   0   0   0   0   0   0 |     TAG   0   0   0   0   0   0 | Trp TGG   0   0   0   0   0   0
--------------------------------------------------------------------------------------------------------------------------------------
Leu CTT   1   1   0   1   0   0 | Pro CCT   2   2   2   2   2   1 | His CAT   0   0   0   0   0   0 | Arg CGT   0   0   0   0   0   0
    CTC   0   0   1   0   1   1 |     CCC   0   0   0   0   0   1 |     CAC   1   1   1   1   1   1 |     CGC   0   0   0   0   0   0
    CTA   0   1   1   1   1   1 |     CCA   2   2   2   2   2   2 | Gln CAA   4   4   4   5   4   4 |     CGA   1   1   1   1   1   1
    CTG   3   3   3   3   3   3 |     CCG   1   1   1   1   1   1 |     CAG   9   9   9   8   9   9 |     CGG   0   0   0   0   0   0
--------------------------------------------------------------------------------------------------------------------------------------
Ile ATT   2   2   2   2   2   2 | Thr ACT   1   1   1   1   1   1 | Asn AAT   2   2   2   2   2   2 | Ser AGT   1   1   1   1   1   1
    ATC   5   5   5   5   5   4 |     ACC   1   1   1   1   0   1 |     AAC   1   1   1   0   1   1 |     AGC   0   0   0   1   0   0
    ATA   0   0   0   0   0   0 |     ACA   2   2   2   2   2   2 | Lys AAA   5   5   4   4   4   5 | Arg AGA   2   2   2   2   2   2
Met ATG   2   2   2   2   2   3 |     ACG   0   0   0   0   0   0 |     AAG   2   2   3   3   3   2 |     AGG   0   0   0   0   0   0
--------------------------------------------------------------------------------------------------------------------------------------
Val GTT   2   2   2   2   2   2 | Ala GCT   2   2   3   2   2   2 | Asp GAT   3   3   4   3   3   3 | Gly GGT   2   2   2   2   2   2
    GTC   2   2   2   2   2   2 |     GCC   2   2   1   2   3   2 |     GAC   2   2   2   2   2   2 |     GGC   1   1   1   1   1   1
    GTA   0   0   0   0   0   0 |     GCA   3   3   3   3   3   3 | Glu GAA   3   3   3   3   3   3 |     GGA   0   0   0   0   0   0
    GTG   1   1   1   1   1   1 |     GCG   1   1   1   1   1   1 |     GAG   3   3   2   3   3   3 |     GGG   0   0   0   0   0   0
--------------------------------------------------------------------------------------------------------------------------------------

--------------------------------------------------------------------------------------------------------------------------------------
Phe TTT   2   2   2   2   2   2 | Ser TCT   3   3   3   2   3   2 | Tyr TAT   1   1   1   1   1   1 | Cys TGT   2   2   2   2   2   2
    TTC   2   2   2   2   2   2 |     TCC   1   1   1   1   1   2 |     TAC   1   1   1   1   1   1 |     TGC   1   1   1   1   1   1
Leu TTA   1   1   1   1   1   1 |     TCA   0   0   0   1   0   0 | *** TAA   0   0   0   0   0   0 | *** TGA   0   0   0   0   0   0
    TTG   1   1   1   1   2   1 |     TCG   0   0   0   0   0   0 |     TAG   0   0   0   0   0   0 | Trp TGG   0   0   0   0   0   0
--------------------------------------------------------------------------------------------------------------------------------------
Leu CTT   1   0   1   1   1   0 | Pro CCT   2   1   2   3   2   2 | His CAT   0   0   0   0   0   0 | Arg CGT   0   0   0   0   0   0
    CTC   0   1   0   0   0   1 |     CCC   0   1   0   0   0   0 |     CAC   1   1   1   1   1   1 |     CGC   0   0   0   0   0   0
    CTA   1   1   1   1   1   1 |     CCA   2   2   2   2   2   2 | Gln CAA   5   4   4   4   4   4 |     CGA   1   1   1   1   1   1
    CTG   3   3   3   3   2   3 |     CCG   1   1   1   0   1   1 |     CAG   8   9   9   9   9   9 |     CGG   0   0   0   0   0   0
--------------------------------------------------------------------------------------------------------------------------------------
Ile ATT   2   2   2   2   2   2 | Thr ACT   1   1   1   1   1   1 | Asn AAT   2   2   2   2   2   2 | Ser AGT   1   1   1   1   1   1
    ATC   5   4   5   5   5   5 |     ACC   1   1   1   1   1   0 |     AAC   0   1   1   1   1   1 |     AGC   1   0   0   0   0   0
    ATA   0   0   0   0   0   0 |     ACA   2   2   2   2   2   2 | Lys AAA   4   5   5   4   5   4 | Arg AGA   2   2   2   2   2   2
Met ATG   2   3   2   2   2   2 |     ACG   0   0   0   0   0   0 |     AAG   3   2   2   3   2   3 |     AGG   0   0   0   0   0   0
--------------------------------------------------------------------------------------------------------------------------------------
Val GTT   2   2   2   2   2   2 | Ala GCT   2   2   2   2   3   2 | Asp GAT   3   3   3   3   3   3 | Gly GGT   2   2   2   2   0   2
    GTC   2   2   2   2   2   2 |     GCC   2   2   2   2   1   3 |     GAC   2   2   2   2   2   2 |     GGC   1   1   1   1   2   1
    GTA   0   0   0   0   0   0 |     GCA   4   3   4   3   3   3 | Glu GAA   3   3   3   3   3   3 |     GGA   0   0   0   0   1   0
    GTG   1   1   1   1   1   1 |     GCG   0   1   0   1   1   1 |     GAG   3   3   3   3   3   3 |     GGG   0   0   0   0   0   0
--------------------------------------------------------------------------------------------------------------------------------------

--------------------------------------------------------------------------------------------------------------------------------------
Phe TTT   2   2   2   2   2   2 | Ser TCT   3   3   3   3   3   3 | Tyr TAT   1   1   1   1   1   1 | Cys TGT   2   2   2   2   2   2
    TTC   2   2   2   2   2   2 |     TCC   1   1   1   1   1   1 |     TAC   1   1   1   1   1   1 |     TGC   1   1   1   1   1   1
Leu TTA   1   1   1   1   1   1 |     TCA   0   0   0   0   0   0 | *** TAA   0   0   0   0   0   0 | *** TGA   0   0   0   0   0   0
    TTG   1   1   1   1   1   1 |     TCG   0   0   0   0   0   0 |     TAG   0   0   0   0   0   0 | Trp TGG   0   0   0   0   0   0
--------------------------------------------------------------------------------------------------------------------------------------
Leu CTT   0   1   0   1   1   1 | Pro CCT   2   1   2   2   2   2 | His CAT   0   0   0   0   0   0 | Arg CGT   0   0   0   0   0   0
    CTC   1   0   1   0   0   0 |     CCC   0   1   0   0   0   0 |     CAC   1   1   1   1   1   1 |     CGC   0   0   0   0   0   0
    CTA   1   1   1   1   0   1 |     CCA   2   3   2   2   2   2 | Gln CAA   4   4   4   4   4   4 |     CGA   1   1   1   1   0   1
    CTG   3   3   3   3   4   3 |     CCG   1   0   1   1   1   1 |     CAG   9   9   9   9   9   9 |     CGG   0   0   0   0   0   0
--------------------------------------------------------------------------------------------------------------------------------------
Ile ATT   2   2   2   2   1   2 | Thr ACT   1   1   1   1   1   1 | Asn AAT   2   2   2   2   2   2 | Ser AGT   1   1   1   1   1   1
    ATC   5   5   5   5   5   5 |     ACC   1   1   1   1   1   1 |     AAC   0   1   1   1   0   1 |     AGC   1   0   0   0   1   0
    ATA   0   0   0   0   1   0 |     ACA   2   2   2   2   2   2 | Lys AAA   4   5   4   4   4   5 | Arg AGA   2   2   2   2   3   2
Met ATG   2   2   2   2   2   2 |     ACG   0   0   0   0   0   0 |     AAG   3   2   3   3   3   2 |     AGG   0   0   0   0   0   0
--------------------------------------------------------------------------------------------------------------------------------------
Val GTT   2   2   2   2   2   2 | Ala GCT   2   2   2   2   2   2 | Asp GAT   3   3   4   3   3   3 | Gly GGT   2   2   2   2   2   2
    GTC   2   2   2   2   2   2 |     GCC   2   2   2   2   2   1 |     GAC   2   2   2   2   2   2 |     GGC   1   1   1   1   1   1
    GTA   0   0   0   0   0   0 |     GCA   3   3   3   3   3   3 | Glu GAA   3   3   3   3   3   3 |     GGA   0   0   0   0   0   0
    GTG   1   1   1   1   1   1 |     GCG   1   1   1   1   1   2 |     GAG   3   3   2   3   3   3 |     GGG   0   0   0   0   0   0
--------------------------------------------------------------------------------------------------------------------------------------

--------------------------------------------------------------------------------------------------------------------------------------
Phe TTT   2   2   2   2   2   2 | Ser TCT   3   3   3   3   3   3 | Tyr TAT   1   1   1   1   1   1 | Cys TGT   2   2   2   2   2   2
    TTC   2   2   2   2   2   2 |     TCC   1   1   1   1   1   1 |     TAC   1   1   1   1   1   1 |     TGC   1   1   1   1   1   1
Leu TTA   1   1   1   1   1   1 |     TCA   0   0   0   0   0   0 | *** TAA   0   0   0   0   0   0 | *** TGA   0   0   0   0   0   0
    TTG   1   1   1   1   1   2 |     TCG   0   0   0   0   0   0 |     TAG   0   0   0   0   0   0 | Trp TGG   0   0   0   0   0   0
--------------------------------------------------------------------------------------------------------------------------------------
Leu CTT   1   1   1   1   1   1 | Pro CCT   2   2   2   2   1   2 | His CAT   0   0   0   0   0   0 | Arg CGT   0   0   0   0   0   0
    CTC   0   0   0   0   0   0 |     CCC   0   0   0   0   1   0 |     CAC   1   1   1   1   1   1 |     CGC   0   0   0   0   0   0
    CTA   1   1   1   2   1   1 |     CCA   2   2   2   2   3   2 | Gln CAA   4   5   4   4   4   4 |     CGA   1   1   1   1   1   1
    CTG   3   3   3   2   3   2 |     CCG   1   1   1   1   0   1 |     CAG   9   8   9   9   9   9 |     CGG   0   0   0   0   0   0
--------------------------------------------------------------------------------------------------------------------------------------
Ile ATT   2   2   2   2   2   2 | Thr ACT   1   1   1   1   1   1 | Asn AAT   2   2   2   2   2   2 | Ser AGT   1   1   1   1   1   1
    ATC   5   5   5   5   5   5 |     ACC   1   1   1   1   1   1 |     AAC   1   0   1   1   1   1 |     AGC   0   1   0   0   0   0
    ATA   0   0   0   0   0   0 |     ACA   2   2   2   2   2   2 | Lys AAA   5   4   5   5   5   4 | Arg AGA   2   2   1   2   2   2
Met ATG   2   2   2   2   2   2 |     ACG   0   0   0   0   0   0 |     AAG   2   3   2   2   2   3 |     AGG   0   0   1   0   0   0
--------------------------------------------------------------------------------------------------------------------------------------
Val GTT   2   2   2   2   2   2 | Ala GCT   2   3   2   2   2   2 | Asp GAT   3   3   3   3   3   3 | Gly GGT   2   2   2   2   2   2
    GTC   2   2   2   1   2   2 |     GCC   1   1   2   2   2   2 |     GAC   2   2   2   2   2   2 |     GGC   1   1   1   1   1   1
    GTA   0   0   0   1   0   0 |     GCA   3   3   4   3   3   3 | Glu GAA   3   3   3   3   3   3 |     GGA   0   0   0   0   0   0
    GTG   1   1   1   1   1   1 |     GCG   2   1   0   1   1   1 |     GAG   3   3   3   3   3   3 |     GGG   0   0   0   0   0   0
--------------------------------------------------------------------------------------------------------------------------------------

--------------------------------------------------------------------------------------------------------------------------------------
Phe TTT   2   2   2   2   2   2 | Ser TCT   4   3   3   3   3   3 | Tyr TAT   1   1   1   0   1   1 | Cys TGT   2   2   2   2   2   2
    TTC   2   2   2   2   2   2 |     TCC   0   1   1   1   1   1 |     TAC   1   1   1   2   1   1 |     TGC   1   1   1   1   1   1
Leu TTA   1   1   1   1   1   1 |     TCA   0   0   0   0   0   0 | *** TAA   0   0   0   0   0   0 | *** TGA   0   0   0   0   0   0
    TTG   1   1   1   1   1   1 |     TCG   0   0   0   0   0   0 |     TAG   0   0   0   0   0   0 | Trp TGG   0   0   0   0   0   0
--------------------------------------------------------------------------------------------------------------------------------------
Leu CTT   1   0   0   1   0   0 | Pro CCT   2   2   2   2   1   1 | His CAT   0   0   0   0   0   0 | Arg CGT   0   0   0   0   0   0
    CTC   0   0   1   1   1   1 |     CCC   0   0   0   0   1   1 |     CAC   1   1   1   1   1   1 |     CGC   0   0   0   0   0   0
    CTA   1   1   1   1   1   1 |     CCA   2   2   2   2   2   2 | Gln CAA   4   4   3   4   4   4 |     CGA   0   1   1   1   1   1
    CTG   3   4   3   3   3   3 |     CCG   1   1   1   1   1   1 |     CAG   9   9  10   9   9   9 |     CGG   0   0   0   0   0   0
--------------------------------------------------------------------------------------------------------------------------------------
Ile ATT   2   2   2   2   2   2 | Thr ACT   1   1   1   1   1   1 | Asn AAT   1   2   1   2   2   2 | Ser AGT   1   1   1   1   1   1
    ATC   5   5   4   4   4   4 |     ACC   1   1   0   1   1   1 |     AAC   1   1   2   1   1   1 |     AGC   1   0   0   0   0   0
    ATA   0   0   0   0   0   0 |     ACA   2   2   2   2   2   2 | Lys AAA   4   5   4   5   5   5 | Arg AGA   3   2   2   1   2   2
Met ATG   2   2   0   2   3   3 |     ACG   0   0   1   0   0   0 |     AAG   3   2   3   2   2   2 |     AGG   0   0   0   1   0   0
--------------------------------------------------------------------------------------------------------------------------------------
Val GTT   2   2   2   2   2   2 | Ala GCT   3   2   2   2   2   2 | Asp GAT   3   3   3   3   3   3 | Gly GGT   2   2   2   2   2   2
    GTC   2   2   3   2   2   2 |     GCC   1   2   3   2   2   2 |     GAC   2   2   2   2   2   2 |     GGC   1   1   1   1   1   1
    GTA   0   0   0   0   0   0 |     GCA   3   3   2   3   3   3 | Glu GAA   3   3   3   3   3   3 |     GGA   0   0   0   0   0   0
    GTG   1   1   2   1   1   1 |     GCG   1   1   2   1   1   1 |     GAG   3   3   3   3   3   3 |     GGG   0   0   0   0   0   0
--------------------------------------------------------------------------------------------------------------------------------------

Codon position x base (3x4) table for each sequence.

#1: Argali         
position  1:    T:0.16129    C:0.26882    A:0.27957    G:0.29032
position  2:    T:0.26882    C:0.22581    A:0.39785    G:0.10753
position  3:    T:0.27957    C:0.22581    A:0.24731    G:0.24731
Average         T:0.23656    C:0.24014    A:0.30824    G:0.21505

#2: LesserMouseDeer
position  1:    T:0.16129    C:0.26882    A:0.27957    G:0.29032
position  2:    T:0.26882    C:0.22581    A:0.39785    G:0.10753
position  3:    T:0.31183    C:0.19355    A:0.23656    G:0.25806
Average         T:0.24731    C:0.22939    A:0.30466    G:0.21864

#3: LesserKudu     
position  1:    T:0.16129    C:0.26882    A:0.26882    G:0.30108
position  2:    T:0.26882    C:0.22581    A:0.39785    G:0.10753
position  3:    T:0.24731    C:0.23656    A:0.23656    G:0.27957
Average         T:0.22581    C:0.24373    A:0.30108    G:0.22939

#4: ForestMuskDeer2
position  1:    T:0.16129    C:0.27957    A:0.26882    G:0.29032
position  2:    T:0.26882    C:0.22581    A:0.39785    G:0.10753
position  3:    T:0.26882    C:0.22581    A:0.24731    G:0.25806
Average         T:0.23297    C:0.24373    A:0.30466    G:0.21864

#5: Camel          
position  1:    T:0.16129    C:0.26882    A:0.25806    G:0.31183
position  2:    T:0.26882    C:0.22581    A:0.39785    G:0.10753
position  3:    T:0.27957    C:0.19355    A:0.26882    G:0.25806
Average         T:0.23656    C:0.22939    A:0.30824    G:0.22581

#6: KillerWhale    
position  1:    T:0.16129    C:0.26882    A:0.27957    G:0.29032
position  2:    T:0.26882    C:0.22581    A:0.39785    G:0.10753
position  3:    T:0.31183    C:0.18280    A:0.25806    G:0.24731
Average         T:0.24731    C:0.22581    A:0.31183    G:0.21505

#7: DefassaWaterbuck
position  1:    T:0.16129    C:0.26882    A:0.27957    G:0.29032
position  2:    T:0.26882    C:0.22581    A:0.39785    G:0.10753
position  3:    T:0.27957    C:0.21505    A:0.24731    G:0.25806
Average         T:0.23656    C:0.23656    A:0.30824    G:0.21864

#8: Sheep          
position  1:    T:0.16129    C:0.26882    A:0.27957    G:0.29032
position  2:    T:0.26882    C:0.22581    A:0.39785    G:0.10753
position  3:    T:0.27957    C:0.22581    A:0.22581    G:0.26882
Average         T:0.23656    C:0.24014    A:0.30108    G:0.22222

#9: MaxwellsDuiker 
position  1:    T:0.16129    C:0.26882    A:0.27957    G:0.29032
position  2:    T:0.26882    C:0.22581    A:0.38710    G:0.11828
position  3:    T:0.26882    C:0.21505    A:0.25806    G:0.25806
Average         T:0.23297    C:0.23656    A:0.30824    G:0.22222

#10: GazellaPrzewalskyi
position  1:    T:0.16129    C:0.26882    A:0.27957    G:0.29032
position  2:    T:0.26882    C:0.22581    A:0.38710    G:0.11828
position  3:    T:0.26882    C:0.22581    A:0.26882    G:0.23656
Average         T:0.23297    C:0.24014    A:0.31183    G:0.21505

#11: MountainNyala  
position  1:    T:0.16129    C:0.26882    A:0.27957    G:0.29032
position  2:    T:0.26882    C:0.22581    A:0.39785    G:0.10753
position  3:    T:0.25806    C:0.22581    A:0.25806    G:0.25806
Average         T:0.22939    C:0.24014    A:0.31183    G:0.21864

#12: MuntiacusMuntjak
position  1:    T:0.16129    C:0.26882    A:0.27957    G:0.29032
position  2:    T:0.26882    C:0.22581    A:0.39785    G:0.10753
position  3:    T:0.27957    C:0.21505    A:0.25806    G:0.24731
Average         T:0.23656    C:0.23656    A:0.31183    G:0.21505

#13: goat           
position  1:    T:0.16129    C:0.26882    A:0.27957    G:0.29032
position  2:    T:0.26882    C:0.22581    A:0.39785    G:0.10753
position  3:    T:0.27957    C:0.22581    A:0.24731    G:0.24731
Average         T:0.23656    C:0.24014    A:0.30824    G:0.21505

#14: AfricanBuffalo 
position  1:    T:0.16129    C:0.26882    A:0.27957    G:0.29032
position  2:    T:0.26882    C:0.22581    A:0.39785    G:0.10753
position  3:    T:0.26882    C:0.22581    A:0.25806    G:0.24731
Average         T:0.23297    C:0.24014    A:0.31183    G:0.21505

#15: Topi           
position  1:    T:0.16129    C:0.26882    A:0.26882    G:0.30108
position  2:    T:0.26882    C:0.22581    A:0.39785    G:0.10753
position  3:    T:0.24731    C:0.23656    A:0.24731    G:0.26882
Average         T:0.22581    C:0.24373    A:0.30466    G:0.22581

#16: CommonDuiker   
position  1:    T:0.16129    C:0.26882    A:0.27957    G:0.29032
position  2:    T:0.26882    C:0.22581    A:0.38710    G:0.11828
position  3:    T:0.26882    C:0.21505    A:0.26882    G:0.24731
Average         T:0.23297    C:0.23656    A:0.31183    G:0.21864

#17: Suni           
position  1:    T:0.17204    C:0.25806    A:0.27957    G:0.29032
position  2:    T:0.26882    C:0.22581    A:0.39785    G:0.10753
position  3:    T:0.26882    C:0.22581    A:0.24731    G:0.25806
Average         T:0.23656    C:0.23656    A:0.30824    G:0.21864

#18: Springbuck     
position  1:    T:0.16129    C:0.26882    A:0.27957    G:0.29032
position  2:    T:0.26882    C:0.22581    A:0.37634    G:0.12903
position  3:    T:0.27957    C:0.21505    A:0.26882    G:0.23656
Average         T:0.23656    C:0.23656    A:0.30824    G:0.21864

#19: Okapi          
position  1:    T:0.16129    C:0.26882    A:0.27957    G:0.29032
position  2:    T:0.26882    C:0.22581    A:0.39785    G:0.10753
position  3:    T:0.27957    C:0.21505    A:0.25806    G:0.24731
Average         T:0.23656    C:0.23656    A:0.31183    G:0.21505

#20: Giraffe        
position  1:    T:0.16129    C:0.26882    A:0.27957    G:0.29032
position  2:    T:0.26882    C:0.22581    A:0.39785    G:0.10753
position  3:    T:0.27957    C:0.22581    A:0.25806    G:0.23656
Average         T:0.23656    C:0.24014    A:0.31183    G:0.21147

#21: TibetanAntelope
position  1:    T:0.16129    C:0.26882    A:0.27957    G:0.29032
position  2:    T:0.26882    C:0.22581    A:0.39785    G:0.10753
position  3:    T:0.27957    C:0.22581    A:0.24731    G:0.24731
Average         T:0.23656    C:0.24014    A:0.30824    G:0.21505

#22: Sitatunga      
position  1:    T:0.16129    C:0.26882    A:0.27957    G:0.29032
position  2:    T:0.26882    C:0.22581    A:0.39785    G:0.10753
position  3:    T:0.25806    C:0.22581    A:0.25806    G:0.25806
Average         T:0.22939    C:0.24014    A:0.31183    G:0.21864

#23: Oribi          
position  1:    T:0.16129    C:0.26882    A:0.27957    G:0.29032
position  2:    T:0.25806    C:0.23656    A:0.38710    G:0.11828
position  3:    T:0.27957    C:0.21505    A:0.24731    G:0.25806
Average         T:0.23297    C:0.24014    A:0.30466    G:0.22222

#24: BarbarySheep   
position  1:    T:0.15054    C:0.27957    A:0.27957    G:0.29032
position  2:    T:0.26882    C:0.22581    A:0.39785    G:0.10753
position  3:    T:0.26882    C:0.23656    A:0.24731    G:0.24731
Average         T:0.22939    C:0.24731    A:0.30824    G:0.21505

#25: Daviddeer      
position  1:    T:0.17204    C:0.25806    A:0.27957    G:0.29032
position  2:    T:0.26882    C:0.22581    A:0.39785    G:0.10753
position  3:    T:0.27957    C:0.21505    A:0.25806    G:0.24731
Average         T:0.24014    C:0.23297    A:0.31183    G:0.21505

#26: Reindeer       
position  1:    T:0.16129    C:0.26882    A:0.27957    G:0.29032
position  2:    T:0.26882    C:0.22581    A:0.39785    G:0.10753
position  3:    T:0.27957    C:0.21505    A:0.25806    G:0.24731
Average         T:0.23656    C:0.23656    A:0.31183    G:0.21505

#27: Ibex           
position  1:    T:0.16129    C:0.26882    A:0.27957    G:0.29032
position  2:    T:0.26882    C:0.22581    A:0.39785    G:0.10753
position  3:    T:0.29032    C:0.21505    A:0.24731    G:0.24731
Average         T:0.24014    C:0.23656    A:0.30824    G:0.21505

#28: GyrantGazelle  
position  1:    T:0.16129    C:0.26882    A:0.27957    G:0.29032
position  2:    T:0.26882    C:0.22581    A:0.38710    G:0.11828
position  3:    T:0.27957    C:0.21505    A:0.25806    G:0.24731
Average         T:0.23656    C:0.23656    A:0.30824    G:0.21864

#29: Hartebeest     
position  1:    T:0.16129    C:0.26882    A:0.26882    G:0.30108
position  2:    T:0.26882    C:0.22581    A:0.39785    G:0.10753
position  3:    T:0.25806    C:0.23656    A:0.24731    G:0.25806
Average         T:0.22939    C:0.24373    A:0.30466    G:0.22222

#30: Bongo          
position  1:    T:0.16129    C:0.26882    A:0.27957    G:0.29032
position  2:    T:0.26882    C:0.22581    A:0.39785    G:0.10753
position  3:    T:0.25806    C:0.22581    A:0.25806    G:0.25806
Average         T:0.22939    C:0.24014    A:0.31183    G:0.21864

#31: Gerenuk        
position  1:    T:0.16129    C:0.26882    A:0.27957    G:0.29032
position  2:    T:0.26882    C:0.22581    A:0.38710    G:0.11828
position  3:    T:0.27957    C:0.21505    A:0.26882    G:0.23656
Average         T:0.23656    C:0.23656    A:0.31183    G:0.21505

#32: CommonEland    
position  1:    T:0.16129    C:0.26882    A:0.27957    G:0.29032
position  2:    T:0.26882    C:0.22581    A:0.39785    G:0.10753
position  3:    T:0.25806    C:0.22581    A:0.25806    G:0.25806
Average         T:0.22939    C:0.24014    A:0.31183    G:0.21864

#33: MuntiacusReevesi
position  1:    T:0.16129    C:0.26882    A:0.27957    G:0.29032
position  2:    T:0.26882    C:0.22581    A:0.39785    G:0.10753
position  3:    T:0.27957    C:0.21505    A:0.26882    G:0.23656
Average         T:0.23656    C:0.23656    A:0.31541    G:0.21147

#34: HarveysDuiker  
position  1:    T:0.16129    C:0.26882    A:0.27957    G:0.29032
position  2:    T:0.26882    C:0.22581    A:0.39785    G:0.10753
position  3:    T:0.27957    C:0.21505    A:0.25806    G:0.24731
Average         T:0.23656    C:0.23656    A:0.31183    G:0.21505

#35: Pronghorn      
position  1:    T:0.17204    C:0.25806    A:0.27957    G:0.29032
position  2:    T:0.26882    C:0.22581    A:0.39785    G:0.10753
position  3:    T:0.26882    C:0.21505    A:0.26882    G:0.24731
Average         T:0.23656    C:0.23297    A:0.31541    G:0.21505

#36: BlueWildebeest 
position  1:    T:0.16129    C:0.26882    A:0.26882    G:0.30108
position  2:    T:0.26882    C:0.22581    A:0.39785    G:0.10753
position  3:    T:0.25806    C:0.23656    A:0.24731    G:0.25806
Average         T:0.22939    C:0.24373    A:0.30466    G:0.22222

#37: Gemsbok        
position  1:    T:0.16129    C:0.26882    A:0.27957    G:0.29032
position  2:    T:0.26882    C:0.22581    A:0.38710    G:0.11828
position  3:    T:0.26882    C:0.22581    A:0.24731    G:0.25806
Average         T:0.23297    C:0.24014    A:0.30466    G:0.22222

#38: Yak            
position  1:    T:0.16129    C:0.26882    A:0.27957    G:0.29032
position  2:    T:0.26882    C:0.22581    A:0.39785    G:0.10753
position  3:    T:0.26882    C:0.22581    A:0.26882    G:0.23656
Average         T:0.23297    C:0.24014    A:0.31541    G:0.21147

#39: BlueSheep      
position  1:    T:0.16129    C:0.26882    A:0.27957    G:0.29032
position  2:    T:0.26882    C:0.22581    A:0.39785    G:0.10753
position  3:    T:0.27957    C:0.22581    A:0.24731    G:0.24731
Average         T:0.23656    C:0.24014    A:0.30824    G:0.21505

#40: BohorReedbuck  
position  1:    T:0.16129    C:0.26882    A:0.27957    G:0.29032
position  2:    T:0.26882    C:0.22581    A:0.39785    G:0.10753
position  3:    T:0.27957    C:0.21505    A:0.24731    G:0.25806
Average         T:0.23656    C:0.23656    A:0.30824    G:0.21864

#41: KirksDik       
position  1:    T:0.16129    C:0.25806    A:0.29032    G:0.29032
position  2:    T:0.26882    C:0.22581    A:0.38710    G:0.11828
position  3:    T:0.26882    C:0.21505    A:0.24731    G:0.26882
Average         T:0.23297    C:0.23297    A:0.30824    G:0.22581

#42: RoeDeer        
position  1:    T:0.16129    C:0.26882    A:0.27957    G:0.29032
position  2:    T:0.26882    C:0.22581    A:0.39785    G:0.10753
position  3:    T:0.27957    C:0.20430    A:0.25806    G:0.25806
Average         T:0.23656    C:0.23297    A:0.31183    G:0.21864

#43: WhiteLippedDeer
position  1:    T:0.16129    C:0.26882    A:0.27957    G:0.29032
position  2:    T:0.26882    C:0.22581    A:0.39785    G:0.10753
position  3:    T:0.27957    C:0.20430    A:0.25806    G:0.25806
Average         T:0.23656    C:0.23297    A:0.31183    G:0.21864

#44: ThomsonGazelle 
position  1:    T:0.16129    C:0.26882    A:0.27957    G:0.29032
position  2:    T:0.26882    C:0.22581    A:0.38710    G:0.11828
position  3:    T:0.29032    C:0.20430    A:0.25806    G:0.24731
Average         T:0.24014    C:0.23297    A:0.30824    G:0.21864

#45: MuntiacusCrinifrons
position  1:    T:0.16129    C:0.26882    A:0.27957    G:0.29032
position  2:    T:0.26882    C:0.22581    A:0.39785    G:0.10753
position  3:    T:0.27957    C:0.21505    A:0.25806    G:0.24731
Average         T:0.23656    C:0.23656    A:0.31183    G:0.21505

#46: WhiteTailedDeer
position  1:    T:0.16129    C:0.26882    A:0.27957    G:0.29032
position  2:    T:0.26882    C:0.22581    A:0.39785    G:0.10753
position  3:    T:0.27957    C:0.20430    A:0.27957    G:0.23656
Average         T:0.23656    C:0.23297    A:0.31900    G:0.21147

#47: Cattle         
position  1:    T:0.16129    C:0.26882    A:0.27957    G:0.29032
position  2:    T:0.26882    C:0.22581    A:0.39785    G:0.10753
position  3:    T:0.26882    C:0.22581    A:0.26882    G:0.23656
Average         T:0.23297    C:0.24014    A:0.31541    G:0.21147

#48: RoyalAntelope  
position  1:    T:0.17204    C:0.25806    A:0.27957    G:0.29032
position  2:    T:0.26882    C:0.22581    A:0.39785    G:0.10753
position  3:    T:0.27957    C:0.21505    A:0.24731    G:0.25806
Average         T:0.24014    C:0.23297    A:0.30824    G:0.21864

#49: Steenbok       
position  1:    T:0.16129    C:0.25806    A:0.29032    G:0.29032
position  2:    T:0.26882    C:0.22581    A:0.38710    G:0.11828
position  3:    T:0.29032    C:0.20430    A:0.24731    G:0.25806
Average         T:0.24014    C:0.22939    A:0.30824    G:0.22222

#50: Impala         
position  1:    T:0.16129    C:0.26882    A:0.27957    G:0.29032
position  2:    T:0.26882    C:0.22581    A:0.39785    G:0.10753
position  3:    T:0.26882    C:0.21505    A:0.25806    G:0.25806
Average         T:0.23297    C:0.23656    A:0.31183    G:0.21864

#51: Klipspringer   
position  1:    T:0.16129    C:0.26882    A:0.24731    G:0.32258
position  2:    T:0.25806    C:0.23656    A:0.39785    G:0.10753
