CODONML (in paml version 4.10.7, June 2023)  /home/rachel/ruminants_paml/6406-phy-tree/ENSBTAT00000028701.fasta.phy
Model: free dN/dS Ratios for branches,  kappa = 2.000 fixed

Codon frequency model: F3x4
ns =  54  ls =  20

Codon usage in sequences
--------------------------------------------------------------------------------------------------------------------------------------
Phe TTT   0   0   0   0   0   0 | Ser TCT   0   0   0   0   0   0 | Tyr TAT   0   0   0   0   0   0 | Cys TGT   0   0   0   0   0   0
    TTC   1   1   1   1   1   1 |     TCC   0   0   0   0   1   0 |     TAC   1   1   1   1   1   1 |     TGC   1   1   1   1   0   1
Leu TTA   0   0   0   0   0   0 |     TCA   0   0   0   0   0   0 | *** TAA   0   0   0   0   0   0 | *** TGA   0   0   0   0   0   0
    TTG   0   0   0   0   0   0 |     TCG   0   0   0   0   0   0 |     TAG   0   0   0   0   0   0 | Trp TGG   0   0   0   0   0   0
--------------------------------------------------------------------------------------------------------------------------------------
Leu CTT   1   1   1   1   1   1 | Pro CCT   0   0   0   0   0   0 | His CAT   0   0   0   0   0   0 | Arg CGT   0   0   0   0   0   0
    CTC   1   1   1   1   1   1 |     CCC   0   0   0   0   0   0 |     CAC   0   0   0   0   0   0 |     CGC   0   0   0   0   0   0
    CTA   0   0   0   0   0   0 |     CCA   0   0   0   0   0   0 | Gln CAA   0   0   0   0   0   0 |     CGA   0   0   0   0   0   0
    CTG   1   1   1   1   1   1 |     CCG   0   0   0   0   0   0 |     CAG   1   1   1   1   1   1 |     CGG   0   0   0   0   0   0
--------------------------------------------------------------------------------------------------------------------------------------
Ile ATT   2   2   2   1   2   2 | Thr ACT   0   0   1   0   1   1 | Asn AAT   0   0   0   0   0   0 | Ser AGT   0   0   0   0   0   0
    ATC   0   0   0   0   0   0 |     ACC   1   1   0   1   1   1 |     AAC   0   0   0   0   0   0 |     AGC   0   0   0   0   0   0
    ATA   0   0   0   1   0   0 |     ACA   1   1   1   1   1   1 | Lys AAA   2   2   2   2   2   2 | Arg AGA   1   1   1   1   1   1
Met ATG   1   0   0   0   0   0 |     ACG   0   0   0   0   0   0 |     AAG   0   0   0   0   0   0 |     AGG   0   0   0   0   0   0
--------------------------------------------------------------------------------------------------------------------------------------
Val GTT   0   0   0   0   0   0 | Ala GCT   1   1   1   1   0   0 | Asp GAT   1   2   2   2   2   2 | Gly GGT   0   0   0   0   0   0
    GTC   0   0   0   0   0   0 |     GCC   0   0   0   0   0   0 |     GAC   1   0   0   0   0   0 |     GGC   0   0   0   0   0   0
    GTA   0   0   0   0   1   1 |     GCA   0   0   0   0   0   0 | Glu GAA   0   0   0   0   0   0 |     GGA   0   0   0   0   0   0
    GTG   1   2   2   2   1   1 |     GCG   0   0   0   0   0   0 |     GAG   1   1   1   1   1   1 |     GGG   0   0   0   0   0   0
--------------------------------------------------------------------------------------------------------------------------------------

--------------------------------------------------------------------------------------------------------------------------------------
Phe TTT   0   0   0   0   0   0 | Ser TCT   0   0   0   0   0   0 | Tyr TAT   0   0   0   0   0   0 | Cys TGT   0   0   0   0   0   0
    TTC   1   1   1   1   1   1 |     TCC   0   0   0   0   0   0 |     TAC   1   1   1   1   1   1 |     TGC   1   1   1   1   1   1
Leu TTA   0   0   0   0   0   0 |     TCA   0   0   0   0   0   0 | *** TAA   0   0   0   0   0   0 | *** TGA   0   0   0   0   0   0
    TTG   0   0   0   0   0   0 |     TCG   0   0   0   0   0   0 |     TAG   0   0   0   0   0   0 | Trp TGG   0   0   0   0   0   0
--------------------------------------------------------------------------------------------------------------------------------------
Leu CTT   1   1   1   1   1   1 | Pro CCT   0   0   0   0   0   0 | His CAT   0   0   0   0   0   0 | Arg CGT   0   0   0   0   0   0
    CTC   1   1   1   1   1   1 |     CCC   0   0   0   0   0   0 |     CAC   0   0   0   0   0   0 |     CGC   0   0   0   0   0   0
    CTA   0   0   0   0   0   0 |     CCA   0   0   0   0   0   0 | Gln CAA   0   0   0   0   0   0 |     CGA   0   0   0   0   0   0
    CTG   1   1   1   1   1   1 |     CCG   0   0   0   0   0   0 |     CAG   1   1   1   1   1   1 |     CGG   0   0   0   0   0   0
--------------------------------------------------------------------------------------------------------------------------------------
Ile ATT   2   2   2   2   2   2 | Thr ACT   0   0   0   0   1   0 | Asn AAT   0   0   0   0   0   0 | Ser AGT   0   0   0   0   0   0
    ATC   0   0   0   0   0   0 |     ACC   1   1   1   1   0   1 |     AAC   1   0   0   0   0   0 |     AGC   0   0   0   0   0   0
    ATA   0   0   0   0   0   0 |     ACA   1   1   1   1   1   1 | Lys AAA   2   2   2   2   2   2 | Arg AGA   1   1   1   1   1   1
Met ATG   1   1   1   1   0   0 |     ACG   0   0   0   0   0   0 |     AAG   0   0   0   0   0   0 |     AGG   0   0   0   0   0   0
--------------------------------------------------------------------------------------------------------------------------------------
Val GTT   0   0   0   0   0   0 | Ala GCT   1   1   1   1   1   1 | Asp GAT   1   1   1   1   2   2 | Gly GGT   0   0   0   0   0   0
    GTC   0   0   0   0   0   0 |     GCC   0   0   0   0   0   0 |     GAC   0   1   1   1   0   0 |     GGC   0   0   0   0   0   0
    GTA   0   0   0   0   0   0 |     GCA   0   0   0   0   0   0 | Glu GAA   0   0   0   0   0   0 |     GGA   0   0   0   0   0   0
    GTG   1   1   1   1   2   2 |     GCG   0   0   0   0   0   0 |     GAG   1   1   1   1   1   1 |     GGG   0   0   0   0   0   0
--------------------------------------------------------------------------------------------------------------------------------------

--------------------------------------------------------------------------------------------------------------------------------------
Phe TTT   0   0   0   0   0   0 | Ser TCT   0   0   0   0   0   0 | Tyr TAT   0   0   0   0   0   0 | Cys TGT   0   0   0   0   0   0
    TTC   1   1   1   1   1   1 |     TCC   0   0   0   0   0   0 |     TAC   1   1   1   1   1   1 |     TGC   1   1   1   1   1   1
Leu TTA   0   0   0   0   0   0 |     TCA   0   0   0   0   0   0 | *** TAA   0   0   0   0   0   0 | *** TGA   0   0   0   0   0   0
    TTG   0   0   0   0   0   0 |     TCG   0   0   0   0   0   0 |     TAG   0   0   0   0   0   0 | Trp TGG   0   0   0   0   0   0
--------------------------------------------------------------------------------------------------------------------------------------
Leu CTT   1   1   1   1   1   1 | Pro CCT   0   0   0   0   0   0 | His CAT   0   0   0   0   0   0 | Arg CGT   0   0   0   0   0   0
    CTC   1   1   1   1   1   1 |     CCC   0   0   0   0   0   0 |     CAC   0   0   0   0   0   0 |     CGC   0   0   0   0   0   0
    CTA   0   0   0   0   0   0 |     CCA   0   0   0   0   0   0 | Gln CAA   0   0   0   0   0   0 |     CGA   0   0   0   0   0   0
    CTG   1   1   1   1   1   1 |     CCG   0   0   0   0   0   0 |     CAG   1   1   1   1   1   1 |     CGG   0   0   0   0   0   0
--------------------------------------------------------------------------------------------------------------------------------------
Ile ATT   2   2   2   2   2   2 | Thr ACT   0   1   0   0   0   0 | Asn AAT   0   0   0   0   0   0 | Ser AGT   0   0   0   0   0   0
    ATC   0   0   0   0   0   0 |     ACC   1   0   1   1   1   1 |     AAC   0   0   0   0   0   0 |     AGC   0   0   0   0   0   0
    ATA   0   0   0   0   0   0 |     ACA   1   1   1   1   1   1 | Lys AAA   2   2   2   2   2   2 | Arg AGA   1   1   1   1   1   1
Met ATG   1   0   1   1   0   1 |     ACG   0   0   0   0   0   0 |     AAG   0   0   0   0   0   0 |     AGG   0   0   0   0   0   0
--------------------------------------------------------------------------------------------------------------------------------------
Val GTT   0   0   0   0   0   0 | Ala GCT   1   1   1   1   1   1 | Asp GAT   1   2   1   1   2   1 | Gly GGT   0   0   0   0   0   0
    GTC   0   0   0   0   0   0 |     GCC   0   0   0   0   0   0 |     GAC   1   0   1   1   0   1 |     GGC   0   0   0   0   0   0
    GTA   0   0   0   0   0   0 |     GCA   0   0   0   0   0   0 | Glu GAA   0   0   0   0   0   0 |     GGA   0   0   0   0   0   0
    GTG   1   2   1   1   2   1 |     GCG   0   0   0   0   0   0 |     GAG   1   1   1   1   1   1 |     GGG   0   0   0   0   0   0
--------------------------------------------------------------------------------------------------------------------------------------

--------------------------------------------------------------------------------------------------------------------------------------
Phe TTT   0   0   0   0   0   0 | Ser TCT   0   0   0   0   0   0 | Tyr TAT   0   0   0   0   0   0 | Cys TGT   0   0   0   0   0   0
    TTC   1   1   1   1   1   1 |     TCC   0   0   0   0   0   0 |     TAC   1   1   1   1   1   1 |     TGC   1   1   1   1   1   1
Leu TTA   0   0   0   0   0   0 |     TCA   0   0   0   0   0   0 | *** TAA   0   0   0   0   0   0 | *** TGA   0   0   0   0   0   0
    TTG   0   0   0   0   0   0 |     TCG   0   0   0   0   0   0 |     TAG   0   0   0   0   0   0 | Trp TGG   0   0   0   0   0   0
--------------------------------------------------------------------------------------------------------------------------------------
Leu CTT   1   1   1   1   1   1 | Pro CCT   0   0   0   0   0   0 | His CAT   0   0   0   0   0   0 | Arg CGT   0   0   0   0   0   0
    CTC   1   1   1   1   1   1 |     CCC   0   0   0   0   0   0 |     CAC   0   0   0   0   0   0 |     CGC   0   0   0   0   0   0
    CTA   0   0   0   0   0   0 |     CCA   0   0   0   0   0   0 | Gln CAA   0   0   0   0   0   0 |     CGA   0   0   0   0   0   0
    CTG   1   1   1   1   1   1 |     CCG   0   0   0   0   0   0 |     CAG   1   1   1   1   1   1 |     CGG   0   0   0   0   0   0
--------------------------------------------------------------------------------------------------------------------------------------
Ile ATT   1   1   2   2   2   2 | Thr ACT   1   1   0   1   0   0 | Asn AAT   0   0   0   0   0   0 | Ser AGT   0   0   0   0   0   0
    ATC   0   0   0   0   0   0 |     ACC   1   1   1   0   1   1 |     AAC   0   0   0   0   0   0 |     AGC   0   0   0   0   0   0
    ATA   0   0   0   0   0   0 |     ACA   1   1   1   1   1   1 | Lys AAA   2   2   2   2   2   2 | Arg AGA   1   1   1   1   1   1
Met ATG   0   0   1   0   0   1 |     ACG   0   0   0   0   1   0 |     AAG   0   0   0   0   0   0 |     AGG   0   0   0   0   0   0
--------------------------------------------------------------------------------------------------------------------------------------
Val GTT   0   0   0   0   0   0 | Ala GCT   1   1   1   1   1   1 | Asp GAT   3   3   1   2   1   1 | Gly GGT   0   0   0   0   0   0
    GTC   0   0   0   0   0   0 |     GCC   0   0   0   0   0   0 |     GAC   0   0   1   0   1   1 |     GGC   0   0   0   0   0   0
    GTA   0   0   0   0   0   0 |     GCA   0   0   0   0   0   0 | Glu GAA   0   0   0   0   0   0 |     GGA   0   0   0   0   0   0
    GTG   2   2   1   2   1   1 |     GCG   0   0   0   0   0   0 |     GAG   0   0   1   1   1   1 |     GGG   0   0   0   0   0   0
--------------------------------------------------------------------------------------------------------------------------------------

--------------------------------------------------------------------------------------------------------------------------------------
Phe TTT   0   0   0   0   0   0 | Ser TCT   0   0   0   0   0   0 | Tyr TAT   0   0   0   0   0   0 | Cys TGT   0   0   0   0   0   0
    TTC   1   1   1   1   1   1 |     TCC   0   0   0   0   0   0 |     TAC   1   1   1   1   1   1 |     TGC   1   1   1   1   1   1
Leu TTA   0   0   0   0   0   0 |     TCA   0   0   0   0   0   0 | *** TAA   0   0   0   0   0   0 | *** TGA   0   0   0   0   0   0
    TTG   0   0   0   0   0   0 |     TCG   0   0   0   0   0   0 |     TAG   0   0   0   0   0   0 | Trp TGG   0   0   0   0   0   0
--------------------------------------------------------------------------------------------------------------------------------------
Leu CTT   1   1   1   1   1   1 | Pro CCT   0   0   0   0   0   0 | His CAT   0   0   0   0   0   0 | Arg CGT   0   0   0   0   0   0
    CTC   1   1   1   1   1   1 |     CCC   0   0   0   0   0   0 |     CAC   0   0   0   0   0   0 |     CGC   0   0   0   0   0   0
    CTA   0   0   0   0   0   0 |     CCA   0   0   0   0   0   0 | Gln CAA   0   0   0   0   0   0 |     CGA   0   0   0   0   0   0
    CTG   1   1   1   1   1   1 |     CCG   0   0   0   0   0   0 |     CAG   1   1   1   1   1   1 |     CGG   0   0   0   0   0   0
--------------------------------------------------------------------------------------------------------------------------------------
Ile ATT   2   2   2   2   2   2 | Thr ACT   0   0   0   0   0   1 | Asn AAT   0   0   0   0   0   0 | Ser AGT   0   0   0   0   0   0
    ATC   0   0   0   0   0   0 |     ACC   1   1   1   1   1   0 |     AAC   0   0   0   0   0   0 |     AGC   0   0   0   0   0   0
    ATA   0   0   0   0   0   0 |     ACA   1   1   1   1   1   1 | Lys AAA   2   2   2   2   2   2 | Arg AGA   1   1   1   1   1   1
Met ATG   0   0   1   1   1   0 |     ACG   0   0   0   0   0   0 |     AAG   0   0   0   0   0   0 |     AGG   0   0   0   0   0   0
--------------------------------------------------------------------------------------------------------------------------------------
Val GTT   0   0   0   0   0   0 | Ala GCT   1   1   1   1   1   1 | Asp GAT   2   2   1   1   1   2 | Gly GGT   0   0   0   0   0   0
    GTC   0   0   0   0   0   0 |     GCC   0   0   0   0   0   0 |     GAC   0   0   1   1   1   0 |     GGC   0   0   0   0   0   0
    GTA   0   0   1   0   0   0 |     GCA   0   0   0   0   0   0 | Glu GAA   0   0   0   0   0   0 |     GGA   0   0   0   0   0   0
    GTG   2   2   0   1   1   2 |     GCG   0   0   0   0   0   0 |     GAG   1   1   1   1   1   1 |     GGG   0   0   0   0   0   0
--------------------------------------------------------------------------------------------------------------------------------------

--------------------------------------------------------------------------------------------------------------------------------------
Phe TTT   0   0   0   0   0   0 | Ser TCT   0   0   0   0   0   0 | Tyr TAT   0   0   0   0   0   0 | Cys TGT   0   0   0   0   0   0
    TTC   1   1   1   1   1   1 |     TCC   0   0   0   0   0   0 |     TAC   1   1   1   1   1   1 |     TGC   1   1   1   1   1   1
Leu TTA   0   0   0   0   0   0 |     TCA   0   0   0   0   0   0 | *** TAA   0   0   0   0   0   0 | *** TGA   0   0   0   0   0   0
    TTG   0   0   0   0   0   0 |     TCG   0   0   0   0   0   0 |     TAG   0   0   0   0   0   0 | Trp TGG   0   0   0   0   0   0
--------------------------------------------------------------------------------------------------------------------------------------
Leu CTT   1   1   1   1   1   1 | Pro CCT   0   0   0   0   0   0 | His CAT   0   0   0   0   0   0 | Arg CGT   0   0   0   0   0   0
    CTC   1   1   1   1   1   1 |     CCC   0   0   0   0   0   0 |     CAC   0   0   0   0   0   0 |     CGC   0   0   0   0   0   0
    CTA   0   0   0   0   0   0 |     CCA   0   0   0   0   0   0 | Gln CAA   0   0   0   0   0   0 |     CGA   0   0   0   0   0   0
    CTG   1   1   1   1   1   1 |     CCG   0   0   0   0   0   0 |     CAG   1   1   1   1   1   1 |     CGG   0   0   0   0   0   0
--------------------------------------------------------------------------------------------------------------------------------------
Ile ATT   2   2   2   2   2   2 | Thr ACT   0   1   0   0   0   0 | Asn AAT   0   0   0   0   0   0 | Ser AGT   0   0   0   0   0   0
    ATC   0   0   0   0   0   0 |     ACC   1   0   1   1   1   1 |     AAC   0   0   0   0   0   0 |     AGC   0   0   0   0   0   0
    ATA   0   0   0   0   0   0 |     ACA   1   1   1   1   1   1 | Lys AAA   2   2   2   2   2   2 | Arg AGA   1   1   1   1   1   1
Met ATG   1   0   0   1   0   1 |     ACG   0   0   0   0   0   0 |     AAG   0   0   0   0   0   0 |     AGG   0   0   0   0   0   0
--------------------------------------------------------------------------------------------------------------------------------------
Val GTT   0   0   0   0   0   0 | Ala GCT   1   1   1   1   0   1 | Asp GAT   1   2   2   1   2   1 | Gly GGT   0   0   0   0   0   0
    GTC   0   0   0   0   0   0 |     GCC   0   0   0   0   1   0 |     GAC   1   0   0   1   0   1 |     GGC   0   0   0   0   0   0
    GTA   0   0   0   0   0   0 |     GCA   0   0   0   0   0   0 | Glu GAA   0   0   0   0   0   0 |     GGA   0   0   0   0   0   0
    GTG   1   2   2   1   2   1 |     GCG   0   0   0   0   0   0 |     GAG   1   1   1   1   1   1 |     GGG   0   0   0   0   0   0
--------------------------------------------------------------------------------------------------------------------------------------

--------------------------------------------------------------------------------------------------------------------------------------
Phe TTT   0   0   0   1   0   0 | Ser TCT   0   0   0   0   0   0 | Tyr TAT   0   0   0   0   0   0 | Cys TGT   0   0   0   0   0   0
    TTC   1   1   1   1   1   1 |     TCC   0   0   0   0   0   0 |     TAC   1   1   1   1   1   1 |     TGC   1   1   1   1   1   1
Leu TTA   0   0   0   0   0   0 |     TCA   0   0   0   0   0   0 | *** TAA   0   0   0   0   0   0 | *** TGA   0   0   0   0   0   0
    TTG   0   0   0   0   0   0 |     TCG   0   0   0   0   0   0 |     TAG   0   0   0   0   0   0 | Trp TGG   0   0   0   0   0   0
--------------------------------------------------------------------------------------------------------------------------------------
Leu CTT   1   1   1   0   1   1 | Pro CCT   0   0   0   0   0   0 | His CAT   0   0   0   0   0   0 | Arg CGT   0   0   0   0   0   0
    CTC   1   1   1   1   1   1 |     CCC   0   0   0   0   0   0 |     CAC   0   0   0   0   0   0 |     CGC   0   0   0   0   0   0
    CTA   0   0   0   0   0   0 |     CCA   0   0   0   0   0   0 | Gln CAA   0   0   0   0   0   0 |     CGA   0   0   0   0   0   0
    CTG   1   1   1   1   1   1 |     CCG   0   0   0   0   0   0 |     CAG   1   1   1   1   1   1 |     CGG   0   0   0   0   0   0
--------------------------------------------------------------------------------------------------------------------------------------
Ile ATT   2   2   2   2   2   2 | Thr ACT   0   1   0   0   0   0 | Asn AAT   0   0   0   0   0   0 | Ser AGT   0   0   0   0   0   0
    ATC   0   0   0   0   0   0 |     ACC   1   0   1   1   1   1 |     AAC   0   0   0   0   0   0 |     AGC   0   0   0   0   0   0
    ATA   0   0   0   0   0   0 |     ACA   1   1   1   1   1   1 | Lys AAA   2   2   2   2   2   2 | Arg AGA   1   1   1   1   1   1
Met ATG   1   0   1   1   1   0 |     ACG   0   0   0   0   0   0 |     AAG   0   0   0   0   0   0 |     AGG   0   0   0   0   0   0
--------------------------------------------------------------------------------------------------------------------------------------
Val GTT   0   0   0   0   0   0 | Ala GCT   1   1   1   1   1   1 | Asp GAT   2   2   1   1   1   2 | Gly GGT   0   0   0   0   0   0
    GTC   0   0   0   0   0   0 |     GCC   0   0   0   0   0   0 |     GAC   0   0   1   1   1   0 |     GGC   0   0   0   0   0   0
    GTA   0   0   0   0   0   0 |     GCA   0   0   0   0   0   0 | Glu GAA   0   0   0   0   0   0 |     GGA   0   0   0   0   0   0
    GTG   1   2   1   1   1   2 |     GCG   0   0   0   0   0   0 |     GAG   1   1   1   1   1   1 |     GGG   0   0   0   0   0   0
--------------------------------------------------------------------------------------------------------------------------------------

--------------------------------------------------------------------------------------------------------------------------------------
Phe TTT   0   0   0   0   0   0 | Ser TCT   0   0   0   0   0   0 | Tyr TAT   0   0   0   0   0   0 | Cys TGT   0   0   0   0   0   0
    TTC   1   1   1   1   1   1 |     TCC   0   0   0   0   0   0 |     TAC   1   1   1   1   1   1 |     TGC   1   1   1   1   1   1
Leu TTA   0   0   0   0   0   0 |     TCA   0   0   0   0   0   0 | *** TAA   0   0   0   0   0   0 | *** TGA   0   0   0   0   0   0
    TTG   0   0   0   0   0   0 |     TCG   0   0   0   0   0   0 |     TAG   0   0   0   0   0   0 | Trp TGG   0   0   0   0   0   0
--------------------------------------------------------------------------------------------------------------------------------------
Leu CTT   1   1   1   1   1   1 | Pro CCT   0   0   0   0   0   0 | His CAT   0   0   0   0   0   0 | Arg CGT   0   0   0   0   0   0
    CTC   1   1   1   1   1   1 |     CCC   0   0   0   0   0   0 |     CAC   0   0   0   0   0   0 |     CGC   0   0   0   0   0   0
    CTA   0   0   0   0   0   0 |     CCA   0   0   0   0   0   0 | Gln CAA   0   0   0   0   0   0 |     CGA   0   0   0   0   0   0
    CTG   1   1   1   1   1   1 |     CCG   0   0   0   0   0   0 |     CAG   1   1   1   1   1   1 |     CGG   0   0   0   0   0   0
--------------------------------------------------------------------------------------------------------------------------------------
Ile ATT   2   2   2   2   2   2 | Thr ACT   0   0   0   0   1   0 | Asn AAT   0   0   0   0   0   0 | Ser AGT   0   0   0   0   0   0
    ATC   0   0   0   0   0   0 |     ACC   1   1   1   1   0   1 |     AAC   0   0   0   0   0   0 |     AGC   0   0   0   0   0   0
    ATA   0   0   0   0   0   0 |     ACA   1   1   1   1   1   1 | Lys AAA   2   2   2   2   2   2 | Arg AGA   1   1   1   1   1   1
Met ATG   0   1   0   0   0   1 |     ACG   0   0   0   0   0   0 |     AAG   0   0   0   0   0   0 |     AGG   0   0   0   0   0   0
--------------------------------------------------------------------------------------------------------------------------------------
Val GTT   0   0   0   0   0   0 | Ala GCT   1   1   1   1   1   1 | Asp GAT   2   1   2   2   2   1 | Gly GGT   0   0   0   0   0   0
    GTC   0   0   0   0   0   0 |     GCC   0   0   0   0   0   0 |     GAC   0   1   0   0   0   1 |     GGC   0   0   0   0   0   0
    GTA   0   0   0   0   0   0 |     GCA   0   0   0   0   0   0 | Glu GAA   0   0   0   0   0   0 |     GGA   0   0   0   0   0   0
    GTG   2   1   2   2   2   1 |     GCG   0   0   0   0   0   0 |     GAG   1   1   1   1   1   1 |     GGG   0   0   0   0   0   0
--------------------------------------------------------------------------------------------------------------------------------------

--------------------------------------------------------------------------------------------------------------------------------------
Phe TTT   0   0   0   0   0   0 | Ser TCT   0   0   0   0   0   0 | Tyr TAT   0   0   0   0   0   0 | Cys TGT   0   0   0   0   0   0
    TTC   1   1   1   1   1   1 |     TCC   0   0   0   0   0   0 |     TAC   1   1   1   1   1   1 |     TGC   1   1   1   1   1   1
Leu TTA   0   0   0   0   0   0 |     TCA   0   0   0   0   0   0 | *** TAA   0   0   0   0   0   0 | *** TGA   0   0   0   0   0   0
    TTG   0   0   0   0   0   0 |     TCG   0   0   0   0   0   0 |     TAG   0   0   0   0   0   0 | Trp TGG   0   0   0   0   0   0
--------------------------------------------------------------------------------------------------------------------------------------
Leu CTT   1   1   1   1   1   1 | Pro CCT   0   0   0   0   0   0 | His CAT   0   0   0   0   0   0 | Arg CGT   0   0   0   0   0   0
    CTC   1   1   1   1   1   1 |     CCC   0   0   0   0   0   0 |     CAC   0   0   0   0   0   0 |     CGC   0   0   0   0   0   0
    CTA   0   0   0   0   0   0 |     CCA   0   0   0   0   0   0 | Gln CAA   0   0   0   0   0   0 |     CGA   0   0   0   0   0   0
    CTG   1   1   1   1   1   1 |     CCG   0   0   0   0   0   0 |     CAG   1   1   1   1   1   1 |     CGG   0   0   0   0   0   0
--------------------------------------------------------------------------------------------------------------------------------------
Ile ATT   2   2   2   2   2   2 | Thr ACT   0   0   0   0   1   1 | Asn AAT   0   0   0   0   0   0 | Ser AGT   0   0   0   0   0   0
    ATC   0   0   0   0   0   0 |     ACC   1   1   1   1   0   0 |     AAC   0   1   0   0   0   0 |     AGC   0   0   0   0   0   0
    ATA   0   0   0   0   0   0 |     ACA   1   1   1   1   1   1 | Lys AAA   2   2   2   2   2   2 | Arg AGA   1   1   1   1   1   1
Met ATG   1   1   1   0   0   0 |     ACG   0   0   0   0   0   0 |     AAG   0   0   0   0   0   0 |     AGG   0   0   0   0   0   0
--------------------------------------------------------------------------------------------------------------------------------------
Val GTT   0   0   0   0   0   0 | Ala GCT   1   1   1   1   1   1 | Asp GAT   1   1   2   2   2   2 | Gly GGT   0   0   0   0   0   0
    GTC   0   0   0   0   0   0 |     GCC   0   0   0   0   0   0 |     GAC   1   0   0   0   0   0 |     GGC   0   0   0   0   0   0
    GTA   0   0   0   0   0   0 |     GCA   0   0   0   0   0   0 | Glu GAA   0   1   0   0   0   0 |     GGA   0   0   0   0   0   0
    GTG   1   1   1   2   2   2 |     GCG   0   0   0   0   0   0 |     GAG   1   0   1   1   1   1 |     GGG   0   0   0   0   0   0
--------------------------------------------------------------------------------------------------------------------------------------

Codon position x base (3x4) table for each sequence.

#1: Argali         
position  1:    T:0.15000    C:0.20000    A:0.40000    G:0.25000
position  2:    T:0.40000    C:0.15000    A:0.35000    G:0.10000
position  3:    T:0.25000    C:0.30000    A:0.20000    G:0.25000
Average         T:0.26667    C:0.21667    A:0.31667    G:0.20000

#2: LesserMouseDeer
position  1:    T:0.15000    C:0.20000    A:0.35000    G:0.30000
position  2:    T:0.40000    C:0.15000    A:0.35000    G:0.10000
position  3:    T:0.30000    C:0.25000    A:0.20000    G:0.25000
Average         T:0.28333    C:0.20000    A:0.30000    G:0.21667

#3: LesserKudu     
position  1:    T:0.15000    C:0.20000    A:0.35000    G:0.30000
position  2:    T:0.40000    C:0.15000    A:0.35000    G:0.10000
position  3:    T:0.35000    C:0.20000    A:0.20000    G:0.25000
Average         T:0.30000    C:0.18333    A:0.30000    G:0.21667

#4: ForestMuskDeer2
position  1:    T:0.15000    C:0.20000    A:0.35000    G:0.30000
position  2:    T:0.40000    C:0.15000    A:0.35000    G:0.10000
position  3:    T:0.25000    C:0.25000    A:0.25000    G:0.25000
Average         T:0.26667    C:0.20000    A:0.31667    G:0.21667

#5: Camel          
position  1:    T:0.15000    C:0.20000    A:0.40000    G:0.25000
position  2:    T:0.40000    C:0.20000    A:0.35000    G:0.05000
position  3:    T:0.30000    C:0.25000    A:0.25000    G:0.20000
Average         T:0.28333    C:0.21667    A:0.33333    G:0.16667

#6: KillerWhale    
position  1:    T:0.15000    C:0.20000    A:0.40000    G:0.25000
position  2:    T:0.40000    C:0.15000    A:0.35000    G:0.10000
position  3:    T:0.30000    C:0.25000    A:0.25000    G:0.20000
Average         T:0.28333    C:0.20000    A:0.33333    G:0.18333

#7: DefassaWaterbuck
position  1:    T:0.15000    C:0.20000    A:0.45000    G:0.20000
position  2:    T:0.40000    C:0.15000    A:0.35000    G:0.10000
position  3:    T:0.25000    C:0.30000    A:0.20000    G:0.25000
Average         T:0.26667    C:0.21667    A:0.33333    G:0.18333

#8: Sheep          
position  1:    T:0.15000    C:0.20000    A:0.40000    G:0.25000
position  2:    T:0.40000    C:0.15000    A:0.35000    G:0.10000
position  3:    T:0.25000    C:0.30000    A:0.20000    G:0.25000
Average         T:0.26667    C:0.21667    A:0.31667    G:0.20000

#9: MaxwellsDuiker 
position  1:    T:0.15000    C:0.20000    A:0.40000    G:0.25000
position  2:    T:0.40000    C:0.15000    A:0.35000    G:0.10000
position  3:    T:0.25000    C:0.30000    A:0.20000    G:0.25000
Average         T:0.26667    C:0.21667    A:0.31667    G:0.20000

#10: GazellaPrzewalskyi
position  1:    T:0.15000    C:0.20000    A:0.40000    G:0.25000
position  2:    T:0.40000    C:0.15000    A:0.35000    G:0.10000
position  3:    T:0.25000    C:0.30000    A:0.20000    G:0.25000
Average         T:0.26667    C:0.21667    A:0.31667    G:0.20000

#11: MountainNyala  
position  1:    T:0.15000    C:0.20000    A:0.35000    G:0.30000
position  2:    T:0.40000    C:0.15000    A:0.35000    G:0.10000
position  3:    T:0.35000    C:0.20000    A:0.20000    G:0.25000
Average         T:0.30000    C:0.18333    A:0.30000    G:0.21667

#12: MuntiacusMuntjak
position  1:    T:0.15000    C:0.20000    A:0.35000    G:0.30000
position  2:    T:0.40000    C:0.15000    A:0.35000    G:0.10000
position  3:    T:0.30000    C:0.25000    A:0.20000    G:0.25000
Average         T:0.28333    C:0.20000    A:0.30000    G:0.21667

#13: goat           
position  1:    T:0.15000    C:0.20000    A:0.40000    G:0.25000
position  2:    T:0.40000    C:0.15000    A:0.35000    G:0.10000
position  3:    T:0.25000    C:0.30000    A:0.20000    G:0.25000
Average         T:0.26667    C:0.21667    A:0.31667    G:0.20000

#14: AfricanBuffalo 
position  1:    T:0.15000    C:0.20000    A:0.35000    G:0.30000
position  2:    T:0.40000    C:0.15000    A:0.35000    G:0.10000
position  3:    T:0.35000    C:0.20000    A:0.20000    G:0.25000
Average         T:0.30000    C:0.18333    A:0.30000    G:0.21667

#15: Topi           
position  1:    T:0.15000    C:0.20000    A:0.40000    G:0.25000
position  2:    T:0.40000    C:0.15000    A:0.35000    G:0.10000
position  3:    T:0.25000    C:0.30000    A:0.20000    G:0.25000
Average         T:0.26667    C:0.21667    A:0.31667    G:0.20000

#16: CommonDuiker   
position  1:    T:0.15000    C:0.20000    A:0.40000    G:0.25000
position  2:    T:0.40000    C:0.15000    A:0.35000    G:0.10000
position  3:    T:0.25000    C:0.30000    A:0.20000    G:0.25000
Average         T:0.26667    C:0.21667    A:0.31667    G:0.20000

#17: Suni           
position  1:    T:0.15000    C:0.20000    A:0.35000    G:0.30000
position  2:    T:0.40000    C:0.15000    A:0.35000    G:0.10000
position  3:    T:0.30000    C:0.25000    A:0.20000    G:0.25000
Average         T:0.28333    C:0.20000    A:0.30000    G:0.21667

#18: Springbuck     
position  1:    T:0.15000    C:0.20000    A:0.40000    G:0.25000
position  2:    T:0.40000    C:0.15000    A:0.35000    G:0.10000
position  3:    T:0.25000    C:0.30000    A:0.20000    G:0.25000
Average         T:0.26667    C:0.21667    A:0.31667    G:0.20000

#19: Okapi          
position  1:    T:0.15000    C:0.20000    A:0.35000    G:0.30000
position  2:    T:0.35000    C:0.20000    A:0.35000    G:0.10000
position  3:    T:0.35000    C:0.25000    A:0.20000    G:0.20000
Average         T:0.28333    C:0.21667    A:0.30000    G:0.20000

#20: Giraffe        
position  1:    T:0.15000    C:0.20000    A:0.35000    G:0.30000
position  2:    T:0.35000    C:0.20000    A:0.35000    G:0.10000
position  3:    T:0.35000    C:0.25000    A:0.20000    G:0.20000
Average         T:0.28333    C:0.21667    A:0.30000    G:0.20000

#21: TibetanAntelope
position  1:    T:0.15000    C:0.20000    A:0.40000    G:0.25000
position  2:    T:0.40000    C:0.15000    A:0.35000    G:0.10000
position  3:    T:0.25000    C:0.30000    A:0.20000    G:0.25000
Average         T:0.26667    C:0.21667    A:0.31667    G:0.20000

#22: Sitatunga      
position  1:    T:0.15000    C:0.20000    A:0.35000    G:0.30000
position  2:    T:0.40000    C:0.15000    A:0.35000    G:0.10000
position  3:    T:0.35000    C:0.20000    A:0.20000    G:0.25000
Average         T:0.30000    C:0.18333    A:0.30000    G:0.21667

#23: Oribi          
position  1:    T:0.15000    C:0.20000    A:0.40000    G:0.25000
position  2:    T:0.35000    C:0.20000    A:0.35000    G:0.10000
position  3:    T:0.25000    C:0.30000    A:0.20000    G:0.25000
Average         T:0.25000    C:0.23333    A:0.31667    G:0.20000

#24: BarbarySheep   
position  1:    T:0.15000    C:0.20000    A:0.40000    G:0.25000
position  2:    T:0.40000    C:0.15000    A:0.35000    G:0.10000
position  3:    T:0.25000    C:0.30000    A:0.20000    G:0.25000
Average         T:0.26667    C:0.21667    A:0.31667    G:0.20000

#25: Daviddeer      
position  1:    T:0.15000    C:0.20000    A:0.35000    G:0.30000
position  2:    T:0.40000    C:0.15000    A:0.35000    G:0.10000
position  3:    T:0.30000    C:0.25000    A:0.20000    G:0.25000
Average         T:0.28333    C:0.20000    A:0.30000    G:0.21667

#26: Reindeer       
position  1:    T:0.15000    C:0.20000    A:0.35000    G:0.30000
position  2:    T:0.40000    C:0.15000    A:0.35000    G:0.10000
position  3:    T:0.30000    C:0.25000    A:0.20000    G:0.25000
Average         T:0.28333    C:0.20000    A:0.30000    G:0.21667

#27: Ibex           
position  1:    T:0.15000    C:0.20000    A:0.40000    G:0.25000
position  2:    T:0.40000    C:0.15000    A:0.35000    G:0.10000
position  3:    T:0.25000    C:0.30000    A:0.25000    G:0.20000
Average         T:0.26667    C:0.21667    A:0.33333    G:0.18333

#28: GyrantGazelle  
position  1:    T:0.15000    C:0.20000    A:0.40000    G:0.25000
position  2:    T:0.40000    C:0.15000    A:0.35000    G:0.10000
position  3:    T:0.25000    C:0.30000    A:0.20000    G:0.25000
Average         T:0.26667    C:0.21667    A:0.31667    G:0.20000

#29: Hartebeest     
position  1:    T:0.15000    C:0.20000    A:0.40000    G:0.25000
position  2:    T:0.40000    C:0.15000    A:0.35000    G:0.10000
position  3:    T:0.25000    C:0.30000    A:0.20000    G:0.25000
Average         T:0.26667    C:0.21667    A:0.31667    G:0.20000

#30: Bongo          
position  1:    T:0.15000    C:0.20000    A:0.35000    G:0.30000
position  2:    T:0.40000    C:0.15000    A:0.35000    G:0.10000
position  3:    T:0.35000    C:0.20000    A:0.20000    G:0.25000
Average         T:0.30000    C:0.18333    A:0.30000    G:0.21667

#31: Gerenuk        
position  1:    T:0.15000    C:0.20000    A:0.40000    G:0.25000
position  2:    T:0.40000    C:0.15000    A:0.35000    G:0.10000
position  3:    T:0.25000    C:0.30000    A:0.20000    G:0.25000
Average         T:0.26667    C:0.21667    A:0.31667    G:0.20000

#32: CommonEland    
position  1:    T:0.15000    C:0.20000    A:0.35000    G:0.30000
position  2:    T:0.40000    C:0.15000    A:0.35000    G:0.10000
position  3:    T:0.35000    C:0.20000    A:0.20000    G:0.25000
Average         T:0.30000    C:0.18333    A:0.30000    G:0.21667

#33: MuntiacusReevesi
position  1:    T:0.15000    C:0.20000    A:0.35000    G:0.30000
position  2:    T:0.40000    C:0.15000    A:0.35000    G:0.10000
position  3:    T:0.30000    C:0.25000    A:0.20000    G:0.25000
Average         T:0.28333    C:0.20000    A:0.30000    G:0.21667

#34: HarveysDuiker  
position  1:    T:0.15000    C:0.20000    A:0.40000    G:0.25000
position  2:    T:0.40000    C:0.15000    A:0.35000    G:0.10000
position  3:    T:0.25000    C:0.30000    A:0.20000    G:0.25000
Average         T:0.26667    C:0.21667    A:0.31667    G:0.20000

#35: Pronghorn      
position  1:    T:0.15000    C:0.20000    A:0.35000    G:0.30000
position  2:    T:0.40000    C:0.15000    A:0.35000    G:0.10000
position  3:    T:0.25000    C:0.30000    A:0.20000    G:0.25000
Average         T:0.26667    C:0.21667    A:0.30000    G:0.21667

#36: BlueWildebeest 
position  1:    T:0.15000    C:0.20000    A:0.40000    G:0.25000
position  2:    T:0.40000    C:0.15000    A:0.35000    G:0.10000
position  3:    T:0.25000    C:0.30000    A:0.20000    G:0.25000
Average         T:0.26667    C:0.21667    A:0.31667    G:0.20000

#37: Gemsbok        
position  1:    T:0.15000    C:0.20000    A:0.40000    G:0.25000
position  2:    T:0.40000    C:0.15000    A:0.35000    G:0.10000
position  3:    T:0.30000    C:0.25000    A:0.20000    G:0.25000
Average         T:0.28333    C:0.20000    A:0.31667    G:0.20000

#38: Yak            
position  1:    T:0.15000    C:0.20000    A:0.35000    G:0.30000
position  2:    T:0.40000    C:0.15000    A:0.35000    G:0.10000
position  3:    T:0.35000    C:0.20000    A:0.20000    G:0.25000
Average         T:0.30000    C:0.18333    A:0.30000    G:0.21667

#39: BlueSheep      
position  1:    T:0.15000    C:0.20000    A:0.40000    G:0.25000
position  2:    T:0.40000    C:0.15000    A:0.35000    G:0.10000
position  3:    T:0.25000    C:0.30000    A:0.20000    G:0.25000
Average         T:0.26667    C:0.21667    A:0.31667    G:0.20000

#40: BohorReedbuck  
position  1:    T:0.20000    C:0.15000    A:0.40000    G:0.25000
position  2:    T:0.40000    C:0.15000    A:0.35000    G:0.10000
position  3:    T:0.25000    C:0.30000    A:0.20000    G:0.25000
Average         T:0.28333    C:0.20000    A:0.31667    G:0.20000

#41: KirksDik       
position  1:    T:0.15000    C:0.20000    A:0.40000    G:0.25000
position  2:    T:0.40000    C:0.15000    A:0.35000    G:0.10000
position  3:    T:0.25000    C:0.30000    A:0.20000    G:0.25000
Average         T:0.26667    C:0.21667    A:0.31667    G:0.20000

#42: RoeDeer        
position  1:    T:0.15000    C:0.20000    A:0.35000    G:0.30000
position  2:    T:0.40000    C:0.15000    A:0.35000    G:0.10000
position  3:    T:0.30000    C:0.25000    A:0.20000    G:0.25000
Average         T:0.28333    C:0.20000    A:0.30000    G:0.21667

#43: WhiteLippedDeer
position  1:    T:0.15000    C:0.20000    A:0.35000    G:0.30000
position  2:    T:0.40000    C:0.15000    A:0.35000    G:0.10000
position  3:    T:0.30000    C:0.25000    A:0.20000    G:0.25000
Average         T:0.28333    C:0.20000    A:0.30000    G:0.21667

#44: ThomsonGazelle 
position  1:    T:0.15000    C:0.20000    A:0.40000    G:0.25000
position  2:    T:0.40000    C:0.15000    A:0.35000    G:0.10000
position  3:    T:0.25000    C:0.30000    A:0.20000    G:0.25000
Average         T:0.26667    C:0.21667    A:0.31667    G:0.20000

#45: MuntiacusCrinifrons
position  1:    T:0.15000    C:0.20000    A:0.35000    G:0.30000
position  2:    T:0.40000    C:0.15000    A:0.35000    G:0.10000
position  3:    T:0.30000    C:0.25000    A:0.20000    G:0.25000
Average         T:0.28333    C:0.20000    A:0.30000    G:0.21667

#46: WhiteTailedDeer
position  1:    T:0.15000    C:0.20000    A:0.35000    G:0.30000
position  2:    T:0.40000    C:0.15000    A:0.35000    G:0.10000
position  3:    T:0.30000    C:0.25000    A:0.20000    G:0.25000
Average         T:0.28333    C:0.20000    A:0.30000    G:0.21667

#47: Cattle         
position  1:    T:0.15000    C:0.20000    A:0.35000    G:0.30000
position  2:    T:0.40000    C:0.15000    A:0.35000    G:0.10000
position  3:    T:0.35000    C:0.20000    A:0.20000    G:0.25000
Average         T:0.30000    C:0.18333    A:0.30000    G:0.21667

#48: RoyalAntelope  
position  1:    T:0.15000    C:0.20000    A:0.40000    G:0.25000
position  2:    T:0.40000    C:0.15000    A:0.35000    G:0.10000
position  3:    T:0.25000    C:0.30000    A:0.20000    G:0.25000
Average         T:0.26667    C:0.21667    A:0.31667    G:0.20000

#49: Steenbok       
position  1:    T:0.15000    C:0.20000    A:0.40000    G:0.25000
position  2:    T:0.40000    C:0.15000    A:0.35000    G:0.10000
position  3:    T:0.25000    C:0.30000    A:0.20000    G:0.25000
Average         T:0.26667    C:0.21667    A:0.31667    G:0.20000

#50: Impala         
position  1:    T:0.15000    C:0.20000    A:0.45000    G:0.20000
position  2:    T:0.40000    C:0.15000    A:0.35000    G:0.10000
position  3:    T:0.25000    C:0.30000    A:0.25000    G:0.20000
Average         T:0.26667    C:0.21667    A:0.35000    G:0.16667

#51: Klipspringer   
position  1:    T:0.15000    C:0.20000    A:0.40000    G:0.25000
position  2:    T:0.40000    C:0.15000    A:0.35000    G:0.10000
