1
52 1
Argali 0.000000 0.078800 0.033000 0.039700 0.082200 0.003900 0.015800 0.050400 0.033000 0.031700 0.003900 0.028100 0.011800 0.015800 0.015900 0.028200 0.052800 0.052300 0.041500 0.041300 0.015700 0.020100 0.027800 0.032600 0.003900 0.036200 0.011800 0.037300 0.023600 0.033000 0.027700 0.007900 0.049300 0.024000 0.015900 0.027600 0.007900 0.081800 0.040700 0.031700 0.039900 0.036400 0.031700 0.040900 0.027600 0.032500 0.049200 0.032300 0.015800 0.027700 0.037300 0.033000
LesserMous 0.078800 0.000000 0.065400 0.061000 0.146300 0.083600 0.070400 0.109200 0.060900 0.061200 0.074700 0.066300 0.074400 0.070100 0.088000 0.102000 0.075900 0.066700 0.118300 0.069600 0.078800 0.084400 0.057100 0.060800 0.074500 0.085400 0.074400 0.065500 0.087100 0.060900 0.057000 0.070300 0.082500 0.088300 0.079200 0.056800 0.079100 0.135800 0.094000 0.061200 0.070000 0.085400 0.061400 0.069400 0.056800 0.116600 0.099600 0.106200 0.078900 0.061400 0.065500 0.060900
LesserKudu 0.033000 0.065400 0.000000 0.035400 0.090800 0.037300 0.040100 0.058700 0.007700 0.031500 0.037400 0.040100 0.035700 0.039900 0.040100 0.044500 0.056500 0.052000 0.068400 0.015500 0.039800 0.037300 0.027600 0.023300 0.037400 0.052600 0.035700 0.011600 0.039600 0.007700 0.027500 0.031800 0.031200 0.048500 0.040100 0.027400 0.041600 0.099500 0.065800 0.031500 0.039700 0.052800 0.031500 0.031200 0.027400 0.057700 0.074700 0.057000 0.048100 0.027300 0.011600 0.007700
KillerWhal 0.039700 0.061000 0.035400 0.000000 0.109000 0.044000 0.031700 0.062700 0.027300 0.023400 0.035800 0.031700 0.035600 0.031600 0.048100 0.056700 0.039700 0.035500 0.075400 0.035300 0.039600 0.044500 0.019500 0.019300 0.035700 0.056400 0.035600 0.031400 0.043500 0.027300 0.019500 0.031700 0.035100 0.048200 0.039900 0.019400 0.039800 0.108500 0.065300 0.023400 0.031500 0.056700 0.023400 0.027200 0.019400 0.066000 0.074200 0.065000 0.039600 0.027300 0.031400 0.027300
DefassaWat 0.082200 0.146300 0.090800 0.109000 0.000000 0.086900 0.091300 0.107700 0.090400 0.095200 0.086800 0.097100 0.086400 0.091100 0.091900 0.091800 0.124000 0.123400 0.098100 0.099500 0.086400 0.087600 0.090700 0.094700 0.086600 0.110400 0.086400 0.095200 0.095300 0.090400 0.090600 0.082100 0.108400 0.086900 0.082200 0.095000 0.091400 0.036300 0.097800 0.096200 0.095200 0.110900 0.095100 0.104900 0.095000 0.083900 0.115900 0.102300 0.100500 0.094500 0.095200 0.090400
Sheep 0.003900 0.083600 0.037300 0.044000 0.086900 0.000000 0.020000 0.054900 0.037200 0.035900 0.007900 0.032300 0.015800 0.019900 0.020000 0.032400 0.057300 0.056800 0.045900 0.037400 0.019800 0.024300 0.032000 0.036800 0.007900 0.040500 0.015800 0.041700 0.027800 0.037200 0.031900 0.011900 0.055200 0.028200 0.020000 0.031800 0.011900 0.086600 0.045000 0.035900 0.044300 0.040800 0.035900 0.045200 0.031800 0.036900 0.053700 0.036600 0.019900 0.031900 0.041700 0.037200
MaxwellsDu 0.015800 0.070400 0.040100 0.031700 0.091300 0.020000 0.000000 0.041800 0.031700 0.023800 0.011900 0.020000 0.011800 0.007900 0.032200 0.036600 0.044500 0.044300 0.050100 0.040000 0.015800 0.020200 0.019800 0.023600 0.011900 0.036400 0.011800 0.036000 0.023700 0.031700 0.019800 0.007900 0.048000 0.024100 0.015900 0.019700 0.015900 0.091000 0.040800 0.023800 0.031900 0.036500 0.023800 0.031700 0.019700 0.049500 0.049400 0.049100 0.015800 0.027600 0.036000 0.031700
GazellaPrz 0.050400 0.109200 0.058700 0.062700 0.107700 0.054900 0.041800 0.000000 0.049800 0.050000 0.046100 0.054900 0.045900 0.041700 0.068300 0.037700 0.076800 0.080900 0.060500 0.058500 0.041600 0.046600 0.045900 0.041200 0.046000 0.054900 0.045900 0.054300 0.041500 0.049800 0.045700 0.041800 0.067000 0.050400 0.041800 0.054200 0.050500 0.102900 0.068600 0.050100 0.058800 0.055200 0.050000 0.050200 0.054200 0.068600 0.077600 0.077300 0.050300 0.062700 0.054300 0.049800
MountainNy 0.033000 0.060900 0.007700 0.027300 0.090400 0.037200 0.031700 0.049800 0.000000 0.023400 0.029000 0.031800 0.027500 0.031600 0.040000 0.044300 0.047900 0.043500 0.068100 0.007700 0.031500 0.028800 0.019500 0.015400 0.029100 0.044100 0.027500 0.003800 0.031400 0.000000 0.019400 0.023600 0.031100 0.040000 0.031800 0.019400 0.033200 0.099100 0.057000 0.023400 0.031400 0.044300 0.023400 0.023200 0.019400 0.057500 0.065700 0.056800 0.039700 0.019300 0.003800 0.000000
MuntiacusM 0.031700 0.061200 0.031500 0.023400 0.095200 0.035900 0.023800 0.050000 0.023400 0.000000 0.027800 0.023800 0.027600 0.023700 0.040100 0.044500 0.044100 0.035700 0.058300 0.031400 0.023600 0.036400 0.003900 0.007700 0.027700 0.044200 0.027600 0.027500 0.031500 0.023400 0.003900 0.023700 0.039300 0.040200 0.031900 0.011600 0.031800 0.090200 0.048800 0.007800 0.015600 0.044400 0.007800 0.015500 0.011600 0.066000 0.057400 0.057000 0.031700 0.019400 0.027500 0.023400
goat 0.003900 0.074700 0.037400 0.035800 0.086800 0.007900 0.011900 0.046100 0.029000 0.027800 0.000000 0.024100 0.007900 0.011900 0.020000 0.032400 0.048800 0.048400 0.045800 0.037500 0.011800 0.016100 0.023800 0.028600 0.000000 0.032200 0.007900 0.033500 0.019700 0.029000 0.023800 0.003900 0.054100 0.020000 0.011900 0.023700 0.004000 0.086500 0.036600 0.027800 0.036000 0.032400 0.027800 0.036900 0.023700 0.036900 0.045100 0.036500 0.011800 0.023800 0.033500 0.029000
AfricanBuf 0.028100 0.066300 0.040100 0.031700 0.097100 0.032300 0.020000 0.054900 0.031800 0.023800 0.024100 0.000000 0.023900 0.019900 0.032300 0.042300 0.048900 0.044300 0.063300 0.040000 0.024400 0.032700 0.019900 0.023600 0.024000 0.038900 0.023900 0.036000 0.032700 0.031800 0.019800 0.020000 0.048000 0.034700 0.028200 0.019700 0.028200 0.096500 0.053700 0.023800 0.032000 0.041400 0.023800 0.031700 0.019700 0.062500 0.062400 0.053400 0.028000 0.027700 0.036000 0.031800
Topi 0.011800 0.074400 0.035700 0.035600 0.086400 0.015800 0.011800 0.045900 0.027500 0.027600 0.007900 0.023900 0.000000 0.011800 0.028000 0.032200 0.048400 0.048100 0.046300 0.035600 0.011700 0.016000 0.023700 0.027400 0.007800 0.032000 0.000000 0.031700 0.019600 0.027500 0.023600 0.003900 0.051700 0.011900 0.011800 0.023500 0.011800 0.086000 0.036400 0.027600 0.035800 0.032200 0.027600 0.035500 0.023500 0.045000 0.044900 0.044600 0.019700 0.023500 0.031700 0.027500
CommonDuik 0.015800 0.070100 0.039900 0.031600 0.091100 0.019900 0.007900 0.041700 0.031600 0.023700 0.011900 0.019900 0.011800 0.000000 0.032100 0.036400 0.044300 0.044000 0.049900 0.039800 0.015700 0.020100 0.019700 0.023500 0.011800 0.036200 0.011800 0.035800 0.023600 0.031600 0.019700 0.007900 0.047700 0.024000 0.015900 0.019600 0.015800 0.090700 0.040600 0.023700 0.031800 0.036400 0.023700 0.031500 0.019600 0.049300 0.049200 0.048900 0.015800 0.027500 0.035800 0.031600
Suni 0.015900 0.088000 0.040100 0.048100 0.091900 0.020000 0.032200 0.068300 0.040000 0.040100 0.020000 0.032300 0.028000 0.032100 0.000000 0.045100 0.061500 0.052700 0.050400 0.048300 0.032100 0.036800 0.036100 0.039800 0.020000 0.051200 0.028000 0.044300 0.040100 0.040000 0.036000 0.024000 0.056300 0.038300 0.032300 0.035900 0.024100 0.091600 0.058000 0.040100 0.048500 0.053600 0.040100 0.048100 0.035900 0.049800 0.058200 0.032500 0.032100 0.035700 0.044300 0.040000
Springbuck 0.028200 0.102000 0.044500 0.056700 0.091800 0.032400 0.036600 0.037700 0.044300 0.044500 0.032400 0.042300 0.032200 0.036400 0.045100 0.000000 0.070500 0.074400 0.046100 0.052700 0.020000 0.041200 0.040400 0.035900 0.032300 0.032500 0.032200 0.048600 0.019900 0.044300 0.040300 0.028200 0.060900 0.036600 0.028300 0.048500 0.036500 0.086900 0.053900 0.044500 0.052900 0.032700 0.044500 0.044700 0.048500 0.054100 0.062700 0.053700 0.044700 0.048300 0.048600 0.044300
Okapi 0.052800 0.075900 0.056500 0.039700 0.124000 0.057300 0.044500 0.076800 0.047900 0.044100 0.048800 0.048900 0.048400 0.044300 0.061500 0.070500 0.000000 0.023800 0.089800 0.056400 0.052600 0.057900 0.040100 0.039700 0.048700 0.063100 0.048400 0.052300 0.056500 0.047900 0.040000 0.044400 0.056000 0.061600 0.052900 0.039800 0.053000 0.123500 0.070700 0.044100 0.052500 0.062800 0.044100 0.047900 0.039800 0.080200 0.072300 0.079000 0.052600 0.048000 0.052300 0.047900
Giraffe 0.052300 0.066700 0.052000 0.035500 0.123400 0.056800 0.044300 0.080900 0.043500 0.035700 0.048400 0.044300 0.048100 0.044000 0.052700 0.074400 0.023800 0.000000 0.080300 0.051900 0.052200 0.057400 0.031700 0.035400 0.048200 0.067500 0.048100 0.047900 0.060300 0.043500 0.031600 0.044200 0.051500 0.061300 0.052600 0.031500 0.052600 0.122900 0.070400 0.035700 0.043900 0.067000 0.035600 0.043500 0.031500 0.079200 0.063300 0.078600 0.052300 0.039500 0.047900 0.043500
TibetanAnt 0.041500 0.118300 0.068400 0.075400 0.098100 0.045900 0.050100 0.060500 0.068100 0.058300 0.045800 0.063300 0.046300 0.049900 0.050400 0.046100 0.089800 0.080300 0.000000 0.077000 0.041300 0.055000 0.054200 0.059000 0.045700 0.063300 0.046300 0.072700 0.049700 0.068100 0.054000 0.041500 0.085600 0.050800 0.041500 0.062400 0.050100 0.083800 0.059400 0.058300 0.058400 0.063600 0.049700 0.067800 0.062400 0.055300 0.068300 0.068000 0.058600 0.062200 0.072700 0.068100
Sitatunga 0.041300 0.069600 0.015500 0.035300 0.099500 0.037400 0.040000 0.058500 0.007700 0.031400 0.037500 0.040000 0.035600 0.039800 0.048300 0.052700 0.056400 0.051900 0.077000 0.000000 0.039700 0.037400 0.027500 0.023200 0.037600 0.052400 0.035600 0.003800 0.039500 0.007700 0.027400 0.031700 0.036400 0.048400 0.040000 0.027300 0.041700 0.108400 0.065600 0.031400 0.039600 0.052700 0.031400 0.031200 0.027300 0.066200 0.074400 0.065400 0.048000 0.027300 0.003800 0.007700
Oribi 0.015700 0.078800 0.039800 0.039600 0.086400 0.019800 0.015800 0.041600 0.031500 0.023600 0.011800 0.024400 0.011700 0.015700 0.032100 0.020000 0.052600 0.052200 0.041300 0.039700 0.000000 0.020000 0.019700 0.023400 0.011800 0.019900 0.011700 0.035700 0.007800 0.031500 0.019600 0.007800 0.055900 0.023900 0.015800 0.027500 0.015800 0.081500 0.032200 0.023600 0.031700 0.020000 0.023600 0.031900 0.027500 0.049200 0.040700 0.048800 0.023700 0.027400 0.035700 0.031500
BarbaryShe 0.020100 0.084400 0.037300 0.044500 0.087600 0.024300 0.020200 0.046600 0.028800 0.036400 0.016100 0.032700 0.016000 0.020100 0.036800 0.041200 0.057900 0.057400 0.055000 0.037400 0.020000 0.000000 0.032300 0.037100 0.016100 0.041000 0.016000 0.033200 0.028100 0.028800 0.032200 0.012000 0.054100 0.028500 0.012000 0.024000 0.020200 0.096700 0.045600 0.036400 0.044800 0.041200 0.036400 0.045600 0.024000 0.045600 0.054200 0.054000 0.028300 0.032200 0.033200 0.028800
Daviddeer 0.027800 0.057100 0.027600 0.019500 0.090700 0.032000 0.019800 0.045900 0.019500 0.003900 0.023800 0.019900 0.023700 0.019700 0.036100 0.040400 0.040100 0.031700 0.054200 0.027500 0.019700 0.032300 0.000000 0.003900 0.023800 0.040200 0.023700 0.023600 0.027600 0.019500 0.000000 0.019800 0.035400 0.036200 0.027900 0.007800 0.027900 0.085900 0.044700 0.003900 0.011700 0.040400 0.003900 0.011600 0.007800 0.061900 0.053300 0.053000 0.027800 0.015600 0.023600 0.019500
Reindeer 0.032600 0.060800 0.023300 0.019300 0.094700 0.036800 0.023600 0.041200 0.015400 0.007700 0.028600 0.023600 0.027400 0.023500 0.039800 0.035900 0.039700 0.035400 0.059000 0.023200 0.023400 0.037100 0.003900 0.000000 0.028700 0.035700 0.027400 0.019400 0.023300 0.015400 0.003800 0.023600 0.031000 0.039900 0.031700 0.011500 0.032800 0.089700 0.048400 0.007700 0.015500 0.035900 0.007700 0.007600 0.011500 0.066100 0.057000 0.056600 0.031500 0.019300 0.019400 0.015400
Ibex 0.003900 0.074500 0.037400 0.035700 0.086600 0.007900 0.011900 0.046000 0.029100 0.027700 0.000000 0.024000 0.007800 0.011800 0.020000 0.032300 0.048700 0.048200 0.045700 0.037600 0.011800 0.016100 0.023800 0.028700 0.000000 0.032100 0.007800 0.033600 0.019700 0.029100 0.023700 0.003900 0.054200 0.020000 0.011900 0.023600 0.003900 0.086300 0.036500 0.027700 0.035900 0.032300 0.027700 0.037000 0.023600 0.036800 0.045000 0.036400 0.011800 0.023700 0.033600 0.029100
GyrantGaze 0.036200 0.085400 0.052600 0.056400 0.110400 0.040500 0.036400 0.054900 0.044100 0.044200 0.032200 0.038900 0.032000 0.036200 0.051200 0.032500 0.063100 0.067500 0.063300 0.052400 0.019900 0.041000 0.040200 0.035700 0.032100 0.000000 0.032000 0.048400 0.019800 0.044100 0.040100 0.028100 0.069000 0.036500 0.036400 0.048300 0.028100 0.105300 0.045100 0.044200 0.051900 0.008000 0.044200 0.044600 0.048300 0.062500 0.045100 0.061000 0.036200 0.048100 0.048400 0.044100
Hartebeest 0.011800 0.074400 0.035700 0.035600 0.086400 0.015800 0.011800 0.045900 0.027500 0.027600 0.007900 0.023900 0.000000 0.011800 0.028000 0.032200 0.048400 0.048100 0.046300 0.035600 0.011700 0.016000 0.023700 0.027400 0.007800 0.032000 0.000000 0.031700 0.019600 0.027500 0.023600 0.003900 0.051700 0.011900 0.011800 0.023500 0.011800 0.086000 0.036400 0.027600 0.035800 0.032200 0.027600 0.035500 0.023500 0.045000 0.044900 0.044600 0.019700 0.023500 0.031700 0.027500
Bongo 0.037300 0.065500 0.011600 0.031400 0.095200 0.041700 0.036000 0.054300 0.003800 0.027500 0.033500 0.036000 0.031700 0.035800 0.044300 0.048600 0.052300 0.047900 0.072700 0.003800 0.035700 0.033200 0.023600 0.019400 0.033600 0.048400 0.031700 0.000000 0.035500 0.003800 0.023500 0.027800 0.031200 0.044400 0.036000 0.023400 0.037700 0.104000 0.061500 0.027500 0.035600 0.048600 0.027500 0.027300 0.023400 0.062100 0.070300 0.061300 0.044000 0.023400 0.000000 0.003800
Gerenuk 0.023600 0.087100 0.039600 0.043500 0.095300 0.027800 0.023700 0.041500 0.031400 0.031500 0.019700 0.032700 0.019600 0.023600 0.040100 0.019900 0.056500 0.060300 0.049700 0.039500 0.007800 0.028100 0.027600 0.023300 0.019700 0.019800 0.019600 0.035500 0.000000 0.031400 0.027500 0.015700 0.055600 0.032000 0.023800 0.035400 0.023700 0.090400 0.040400 0.031500 0.039700 0.019900 0.031500 0.031800 0.035400 0.057500 0.040500 0.048600 0.031700 0.035300 0.035500 0.031400
CommonElan 0.033000 0.060900 0.007700 0.027300 0.090400 0.037200 0.031700 0.049800 0.000000 0.023400 0.029000 0.031800 0.027500 0.031600 0.040000 0.044300 0.047900 0.043500 0.068100 0.007700 0.031500 0.028800 0.019500 0.015400 0.029100 0.044100 0.027500 0.003800 0.031400 0.000000 0.019400 0.023600 0.031100 0.040000 0.031800 0.019400 0.033200 0.099100 0.057000 0.023400 0.031400 0.044300 0.023400 0.023200 0.019400 0.057500 0.065700 0.056800 0.039700 0.019300 0.003800 0.000000
MuntiacusR 0.027700 0.057000 0.027500 0.019500 0.090600 0.031900 0.019800 0.045700 0.019400 0.003900 0.023800 0.019800 0.023600 0.019700 0.036000 0.040300 0.040000 0.031600 0.054000 0.027400 0.019600 0.032200 0.000000 0.003800 0.023700 0.040100 0.023600 0.023500 0.027500 0.019400 0.000000 0.019700 0.035300 0.036100 0.027800 0.007700 0.027800 0.085600 0.044600 0.003900 0.011700 0.040300 0.003900 0.011600 0.007700 0.061700 0.053100 0.052800 0.027700 0.015500 0.023500 0.019400
HarveysDui 0.007900 0.070300 0.031800 0.031700 0.082100 0.011900 0.007900 0.041800 0.023600 0.023700 0.003900 0.020000 0.003900 0.007900 0.024000 0.028200 0.044400 0.044200 0.041500 0.031700 0.007800 0.012000 0.019800 0.023600 0.003900 0.028100 0.003900 0.027800 0.015700 0.023600 0.019700 0.000000 0.047900 0.015900 0.007900 0.019700 0.007900 0.081800 0.032400 0.023700 0.031900 0.028200 0.023700 0.031600 0.019700 0.040900 0.040800 0.040600 0.015800 0.019600 0.027800 0.023600
Pronghorn 0.049300 0.082500 0.031200 0.035100 0.108400 0.055200 0.048000 0.067000 0.031100 0.039300 0.054100 0.048000 0.051700 0.047700 0.056300 0.060900 0.056000 0.051500 0.085600 0.036400 0.055900 0.054100 0.035400 0.031000 0.054200 0.069000 0.051700 0.031200 0.055600 0.031100 0.035300 0.047900 0.000000 0.064900 0.056300 0.035100 0.058400 0.117300 0.082900 0.039300 0.047500 0.069400 0.039300 0.039000 0.035100 0.057200 0.091900 0.073600 0.056000 0.035000 0.031200 0.031100
BlueWildeb 0.024000 0.088300 0.048500 0.048200 0.086900 0.028200 0.024100 0.050400 0.040000 0.040200 0.020000 0.034700 0.011900 0.024000 0.038300 0.036600 0.061600 0.061300 0.050800 0.048400 0.023900 0.028500 0.036200 0.039900 0.020000 0.036500 0.011900 0.044400 0.032000 0.040000 0.036100 0.015900 0.064900 0.000000 0.016000 0.036000 0.024100 0.086500 0.049400 0.040200 0.048600 0.045000 0.040200 0.048200 0.036000 0.049600 0.058100 0.049200 0.032100 0.035900 0.044400 0.040000
Gemsbok 0.015900 0.079200 0.040100 0.039900 0.082200 0.020000 0.015900 0.041800 0.031800 0.031900 0.011900 0.028200 0.011800 0.015900 0.032300 0.028300 0.052900 0.052600 0.041500 0.040000 0.015800 0.012000 0.027900 0.031700 0.011900 0.036400 0.011800 0.036000 0.023800 0.031800 0.027800 0.007900 0.056300 0.016000 0.000000 0.027700 0.015900 0.081900 0.040900 0.031900 0.040200 0.036600 0.031900 0.039900 0.027700 0.041000 0.049400 0.040700 0.023900 0.027700 0.036000 0.031800
Yak 0.027600 0.056800 0.027400 0.019400 0.095000 0.031800 0.019700 0.054200 0.019400 0.011600 0.023700 0.019700 0.023500 0.019600 0.035900 0.048500 0.039800 0.031500 0.062400 0.027300 0.027500 0.024000 0.007800 0.011500 0.023600 0.048300 0.023500 0.023400 0.035400 0.019400 0.007700 0.019700 0.035100 0.036000 0.027700 0.000000 0.027700 0.094500 0.052800 0.011600 0.019500 0.048500 0.011600 0.019300 0.000000 0.061500 0.061500 0.052600 0.027600 0.015400 0.023400 0.019400
BlueSheep 0.007900 0.079100 0.041600 0.039800 0.091400 0.011900 0.015900 0.050500 0.033200 0.031800 0.004000 0.028200 0.011800 0.015800 0.024100 0.036500 0.053000 0.052600 0.050100 0.041700 0.015800 0.020200 0.027900 0.032800 0.003900 0.028100 0.011800 0.037700 0.023700 0.033200 0.027800 0.007900 0.058400 0.024100 0.015900 0.027700 0.000000 0.091100 0.032400 0.031800 0.040100 0.028200 0.031800 0.041200 0.027700 0.032600 0.040900 0.032400 0.007900 0.027800 0.037700 0.033200
BohorReedb 0.081800 0.135800 0.099500 0.108500 0.036300 0.086600 0.091000 0.102900 0.099100 0.090200 0.086500 0.096500 0.086000 0.090700 0.091600 0.086900 0.123500 0.122900 0.083800 0.108400 0.081500 0.096700 0.085900 0.089700 0.086300 0.105300 0.086000 0.104000 0.090400 0.099100 0.085600 0.081800 0.117300 0.086500 0.081900 0.094500 0.091100 0.000000 0.088900 0.091200 0.090300 0.105900 0.090100 0.099800 0.094500 0.093200 0.110800 0.101900 0.099900 0.094100 0.104000 0.099100
KirksDik 0.040700 0.094000 0.065800 0.065300 0.097800 0.045000 0.040800 0.068600 0.057000 0.048800 0.036600 0.053700 0.036400 0.040600 0.058000 0.053900 0.070700 0.070400 0.059400 0.065600 0.032200 0.045600 0.044700 0.048400 0.036500 0.045100 0.036400 0.061500 0.040400 0.057000 0.044600 0.032400 0.082900 0.049400 0.040900 0.052800 0.032400 0.088900 0.000000 0.048800 0.057400 0.045300 0.048800 0.057500 0.052800 0.049900 0.041300 0.066800 0.040600 0.053000 0.061500 0.057000
RoeDeer 0.031700 0.061200 0.031500 0.023400 0.096200 0.035900 0.023800 0.050100 0.023400 0.007800 0.027800 0.023800 0.027600 0.023700 0.040100 0.044500 0.044100 0.035700 0.058300 0.031400 0.023600 0.036400 0.003900 0.007700 0.027700 0.044200 0.027600 0.027500 0.031500 0.023400 0.003900 0.023700 0.039300 0.040200 0.031900 0.011600 0.031800 0.091200 0.048800 0.000000 0.015600 0.044400 0.007800 0.015500 0.011600 0.066100 0.057400 0.057000 0.031700 0.019400 0.027500 0.023400
WhiteLippe 0.039900 0.070000 0.039700 0.031500 0.095200 0.044300 0.031900 0.058800 0.031400 0.015600 0.036000 0.032000 0.035800 0.031800 0.048500 0.052900 0.052500 0.043900 0.058400 0.039600 0.031700 0.044800 0.011700 0.015500 0.035900 0.051900 0.035800 0.035600 0.039700 0.031400 0.011700 0.031900 0.047500 0.048600 0.040200 0.019500 0.040100 0.090300 0.057400 0.015600 0.000000 0.052000 0.007800 0.023400 0.019500 0.074900 0.066100 0.057200 0.039900 0.027400 0.035600 0.031400
ThomsonGaz 0.036400 0.085400 0.052800 0.056700 0.110900 0.040800 0.036500 0.055200 0.044300 0.044400 0.032400 0.041400 0.032200 0.036400 0.053600 0.032700 0.062800 0.067000 0.063600 0.052700 0.020000 0.041200 0.040400 0.035900 0.032300 0.008000 0.032200 0.048600 0.019900 0.044300 0.040300 0.028200 0.069400 0.045000 0.036600 0.048500 0.028200 0.105900 0.045300 0.044400 0.052000 0.000000 0.044400 0.044700 0.048500 0.062800 0.045300 0.052500 0.036400 0.048300 0.048600 0.044300
MuntiacusC 0.031700 0.061400 0.031500 0.023400 0.095100 0.035900 0.023800 0.050000 0.023400 0.007800 0.027800 0.023800 0.027600 0.023700 0.040100 0.044500 0.044100 0.035600 0.049700 0.031400 0.023600 0.036400 0.003900 0.007700 0.027700 0.044200 0.027600 0.027500 0.031500 0.023400 0.003900 0.023700 0.039300 0.040200 0.031900 0.011600 0.031800 0.090100 0.048800 0.007800 0.007800 0.044400 0.000000 0.015500 0.011600 0.066000 0.057400 0.057000 0.031700 0.019400 0.027500 0.023400
WhiteTaile 0.040900 0.069400 0.031200 0.027200 0.104900 0.045200 0.031700 0.050200 0.023200 0.015500 0.036900 0.031700 0.035500 0.031500 0.048100 0.044700 0.047900 0.043500 0.067800 0.031200 0.031900 0.045600 0.011600 0.007600 0.037000 0.044600 0.035500 0.027300 0.031800 0.023200 0.011600 0.031600 0.039000 0.048200 0.039900 0.019300 0.041200 0.099800 0.057500 0.015500 0.023400 0.044700 0.015500 0.000000 0.019300 0.075400 0.066500 0.065100 0.040500 0.027100 0.027300 0.023200
Cattle 0.027600 0.056800 0.027400 0.019400 0.095000 0.031800 0.019700 0.054200 0.019400 0.011600 0.023700 0.019700 0.023500 0.019600 0.035900 0.048500 0.039800 0.031500 0.062400 0.027300 0.027500 0.024000 0.007800 0.011500 0.023600 0.048300 0.023500 0.023400 0.035400 0.019400 0.007700 0.019700 0.035100 0.036000 0.027700 0.000000 0.027700 0.094500 0.052800 0.011600 0.019500 0.048500 0.011600 0.019300 0.000000 0.061500 0.061500 0.052600 0.027600 0.015400 0.023400 0.019400
RoyalAntel 0.032500 0.116600 0.057700 0.066000 0.083900 0.036900 0.049500 0.068600 0.057500 0.066000 0.036900 0.062500 0.045000 0.049300 0.049800 0.054100 0.080200 0.079200 0.055300 0.066200 0.049200 0.045600 0.061900 0.066100 0.036800 0.062500 0.045000 0.062100 0.057500 0.057500 0.061700 0.040900 0.057200 0.049600 0.041000 0.061500 0.032600 0.093200 0.049900 0.066100 0.074900 0.062800 0.066000 0.075400 0.061500 0.000000 0.069300 0.049700 0.040800 0.061300 0.062100 0.057500
Steenbok 0.049200 0.099600 0.074700 0.074200 0.115900 0.053700 0.049400 0.077600 0.065700 0.057400 0.045100 0.062400 0.044900 0.049200 0.058200 0.062700 0.072300 0.063300 0.068300 0.074400 0.040700 0.054200 0.053300 0.057000 0.045000 0.045100 0.044900 0.070300 0.040500 0.065700 0.053100 0.040800 0.091900 0.058100 0.049400 0.061500 0.040900 0.110800 0.041300 0.057400 0.066100 0.045300 0.057400 0.066500 0.061500 0.069300 0.000000 0.066900 0.049100 0.061700 0.070300 0.065700
Impala 0.032300 0.106200 0.057000 0.065000 0.102300 0.036600 0.049100 0.077300 0.056800 0.057000 0.036500 0.053400 0.044600 0.048900 0.032500 0.053700 0.079000 0.078600 0.068000 0.065400 0.048800 0.054000 0.053000 0.056600 0.036400 0.061000 0.044600 0.061300 0.048600 0.056800 0.052800 0.040600 0.073600 0.049200 0.040700 0.052600 0.032400 0.101900 0.066800 0.057000 0.057200 0.052500 0.057000 0.065100 0.052600 0.049700 0.066900 0.000000 0.040500 0.052400 0.061300 0.056800
Klipspring 0.015800 0.078900 0.048100 0.039600 0.100500 0.019900 0.015800 0.050300 0.039700 0.031700 0.011800 0.028000 0.019700 0.015800 0.032100 0.044700 0.052600 0.052300 0.058600 0.048000 0.023700 0.028300 0.027800 0.031500 0.011800 0.036200 0.019700 0.044000 0.031700 0.039700 0.027700 0.015800 0.056000 0.032100 0.023900 0.027600 0.007900 0.099900 0.040600 0.031700 0.039900 0.036400 0.031700 0.040500 0.027600 0.040800 0.049100 0.040500 0.000000 0.035500 0.044000 0.039700
ForestMusk 0.027700 0.061400 0.027300 0.027300 0.094500 0.031900 0.027600 0.062700 0.019300 0.019400 0.023800 0.027700 0.023500 0.027500 0.035700 0.048300 0.048000 0.039500 0.062200 0.027300 0.027400 0.032200 0.015600 0.019300 0.023700 0.048100 0.023500 0.023400 0.035300 0.019300 0.015500 0.019600 0.035000 0.035900 0.027700 0.015400 0.027800 0.094100 0.053000 0.019400 0.027400 0.048300 0.019400 0.027100 0.015400 0.061300 0.061700 0.052400 0.035500 0.000000 0.023400 0.019300
Bushbuck 0.037300 0.065500 0.011600 0.031400 0.095200 0.041700 0.036000 0.054300 0.003800 0.027500 0.033500 0.036000 0.031700 0.035800 0.044300 0.048600 0.052300 0.047900 0.072700 0.003800 0.035700 0.033200 0.023600 0.019400 0.033600 0.048400 0.031700 0.000000 0.035500 0.003800 0.023500 0.027800 0.031200 0.044400 0.036000 0.023400 0.037700 0.104000 0.061500 0.027500 0.035600 0.048600 0.027500 0.027300 0.023400 0.062100 0.070300 0.061300 0.044000 0.023400 0.000000 0.003800
GreaterKud 0.033000 0.060900 0.007700 0.027300 0.090400 0.037200 0.031700 0.049800 0.000000 0.023400 0.029000 0.031800 0.027500 0.031600 0.040000 0.044300 0.047900 0.043500 0.068100 0.007700 0.031500 0.028800 0.019500 0.015400 0.029100 0.044100 0.027500 0.003800 0.031400 0.000000 0.019400 0.023600 0.031100 0.040000 0.031800 0.019400 0.033200 0.099100 0.057000 0.023400 0.031400 0.044300 0.023400 0.023200 0.019400 0.057500 0.065700 0.056800 0.039700 0.019300 0.003800 0.000000
