1
52 1
Argali 0.000000 0.225300 0.064900 0.191400 0.045000 0.008000 0.044300 0.057000 0.060900 0.098200 0.015800 0.049000 0.045300 0.060500 0.068900 0.056700 0.079400 0.083600 0.024100 0.064300 0.044400 0.019800 0.098700 0.106900 0.015900 0.043800 0.041200 0.064600 0.048600 0.060000 0.143100 0.053100 0.097000 0.049400 0.044700 0.048800 0.011900 0.045000 0.040600 0.106200 0.101600 0.051700 0.098200 0.097700 0.044900 0.028300 0.040200 0.078200 0.065500 0.066200 0.069200 0.065000
LesserMous 0.225300 0.000000 0.227200 0.217800 0.231000 0.231400 0.210400 0.235800 0.222900 0.241800 0.239300 0.220300 0.239900 0.248700 0.260000 0.250300 0.216900 0.222500 0.231100 0.227700 0.229800 0.212300 0.236800 0.236000 0.234000 0.243900 0.233400 0.228200 0.240600 0.222900 0.264100 0.230600 0.233300 0.236600 0.235100 0.219600 0.234800 0.242100 0.226100 0.245100 0.228600 0.243300 0.241800 0.246400 0.214400 0.226900 0.229500 0.257300 0.252500 0.228400 0.232700 0.227400
LesserKudu 0.064900 0.227200 0.000000 0.214200 0.061200 0.064300 0.052500 0.073100 0.011700 0.096800 0.064400 0.031900 0.070100 0.068100 0.076600 0.064100 0.086800 0.073800 0.065000 0.015600 0.056300 0.068100 0.088400 0.105400 0.068700 0.063800 0.065600 0.015700 0.064700 0.011700 0.141100 0.052500 0.091300 0.073700 0.052100 0.031800 0.068000 0.061200 0.056700 0.104700 0.091500 0.060000 0.096800 0.096300 0.027900 0.044300 0.056200 0.103200 0.081800 0.082600 0.019600 0.015600
KillerWhal 0.191400 0.217800 0.214200 0.000000 0.223500 0.202400 0.181900 0.196000 0.209900 0.195900 0.205300 0.196900 0.215500 0.198600 0.229500 0.220500 0.194100 0.219700 0.212300 0.214700 0.211400 0.204600 0.196100 0.206000 0.205700 0.220100 0.209400 0.215100 0.206600 0.209900 0.227000 0.201500 0.230500 0.213500 0.221700 0.206700 0.205900 0.223700 0.207600 0.204300 0.198800 0.219600 0.195900 0.205300 0.201700 0.203200 0.205900 0.232800 0.233300 0.194000 0.219500 0.214400
DefassaWat 0.045000 0.231000 0.061200 0.223500 0.000000 0.045100 0.040900 0.061800 0.057200 0.094500 0.044600 0.053600 0.058500 0.060900 0.073800 0.061500 0.093300 0.071100 0.045000 0.061300 0.049000 0.057100 0.103700 0.112500 0.048900 0.057000 0.054000 0.061500 0.053300 0.057200 0.138800 0.049100 0.102400 0.062300 0.049000 0.053500 0.049000 0.008000 0.045100 0.111700 0.107100 0.056900 0.094500 0.103100 0.049300 0.032700 0.036400 0.091900 0.070400 0.071100 0.065500 0.061300
Sheep 0.008000 0.231400 0.064300 0.202400 0.045100 0.000000 0.044900 0.057200 0.061200 0.098600 0.015900 0.049100 0.045200 0.060700 0.069100 0.056900 0.075300 0.079600 0.024200 0.064400 0.044600 0.019800 0.099000 0.107300 0.019900 0.040200 0.040600 0.065400 0.048800 0.060300 0.143700 0.053300 0.097300 0.049200 0.044600 0.049000 0.011900 0.045100 0.040700 0.106800 0.100200 0.047900 0.098600 0.098000 0.045000 0.028400 0.040400 0.077700 0.061500 0.061900 0.069400 0.065200
MaxwellsDu 0.044300 0.210400 0.052500 0.181900 0.040900 0.044900 0.000000 0.044600 0.040000 0.085100 0.044400 0.044800 0.058100 0.031800 0.064900 0.053000 0.075300 0.070700 0.044800 0.044300 0.040300 0.048400 0.085500 0.093700 0.048600 0.048400 0.053700 0.044000 0.044000 0.040300 0.119600 0.016100 0.082600 0.057800 0.048300 0.044500 0.040100 0.040900 0.036600 0.093100 0.088600 0.048300 0.085100 0.084000 0.040800 0.032500 0.028100 0.091500 0.065800 0.053600 0.048400 0.044300
GazellaPrz 0.057000 0.235800 0.073100 0.196000 0.061800 0.057200 0.044600 0.000000 0.060800 0.097900 0.056500 0.065800 0.062200 0.068700 0.077200 0.056600 0.087900 0.092200 0.057100 0.064900 0.044300 0.060300 0.098400 0.111400 0.060900 0.056100 0.057700 0.064800 0.048500 0.061600 0.133000 0.053000 0.105700 0.061400 0.052200 0.065600 0.061000 0.061800 0.040500 0.110600 0.101300 0.052200 0.097900 0.102100 0.061600 0.044800 0.048400 0.104100 0.078200 0.074600 0.068900 0.064800
MountainNy 0.060900 0.222900 0.011700 0.209900 0.057200 0.061200 0.040000 0.060800 0.000000 0.092900 0.060500 0.028000 0.066200 0.055900 0.072700 0.052300 0.074300 0.069900 0.061100 0.003900 0.044600 0.056200 0.084400 0.101500 0.064800 0.052000 0.061700 0.003900 0.052500 0.000000 0.127500 0.040300 0.078700 0.069800 0.048300 0.027900 0.064900 0.057300 0.044400 0.100800 0.086500 0.047900 0.092900 0.092400 0.024000 0.040400 0.044100 0.099300 0.073600 0.078600 0.007800 0.003900
MuntiacusM 0.098200 0.241800 0.096800 0.195900 0.094500 0.098600 0.085100 0.097900 0.092900 0.000000 0.097500 0.089400 0.104500 0.110200 0.114800 0.106600 0.103000 0.099100 0.089500 0.097100 0.102400 0.110700 0.025200 0.050400 0.102100 0.110700 0.099500 0.097300 0.107000 0.092900 0.047600 0.094000 0.108500 0.103600 0.101600 0.080300 0.102300 0.094500 0.098500 0.050400 0.029000 0.110500 0.000000 0.042000 0.076300 0.085400 0.097800 0.148700 0.116400 0.072400 0.101400 0.097000
goat 0.015800 0.239300 0.064400 0.205300 0.044600 0.015900 0.044400 0.056500 0.060500 0.097500 0.000000 0.048600 0.053300 0.059800 0.068400 0.056500 0.078800 0.083000 0.032200 0.064600 0.044100 0.019700 0.097900 0.106000 0.003900 0.043600 0.048300 0.064700 0.048800 0.060500 0.142000 0.052700 0.095700 0.057100 0.044100 0.048500 0.011800 0.044600 0.040300 0.105400 0.100900 0.051400 0.097500 0.097000 0.044500 0.028100 0.039600 0.077600 0.065000 0.065700 0.068700 0.064500
AfricanBuf 0.049000 0.220300 0.031900 0.196900 0.053600 0.049100 0.044800 0.065800 0.028000 0.089400 0.048600 0.000000 0.058300 0.060800 0.069300 0.057000 0.079600 0.075000 0.049100 0.032000 0.048900 0.052700 0.080900 0.098100 0.052800 0.052700 0.053800 0.031900 0.057000 0.028000 0.133700 0.045000 0.083900 0.062100 0.044600 0.024200 0.053000 0.053700 0.049100 0.097000 0.082900 0.052600 0.089400 0.088900 0.020200 0.028500 0.048800 0.087200 0.064900 0.066500 0.036100 0.032000
Topi 0.045300 0.239900 0.070100 0.215500 0.058500 0.045200 0.058100 0.062200 0.066200 0.104500 0.053300 0.058300 0.000000 0.082800 0.082900 0.062400 0.085100 0.080500 0.045500 0.070300 0.049200 0.057500 0.105000 0.113400 0.057600 0.061300 0.004100 0.070500 0.053600 0.066200 0.150600 0.066900 0.103200 0.012100 0.049300 0.062100 0.048800 0.058500 0.045400 0.112600 0.107900 0.057300 0.104500 0.103900 0.058400 0.041300 0.053500 0.101500 0.070900 0.070500 0.074300 0.069800
CommonDuik 0.060500 0.248700 0.068100 0.198600 0.060900 0.060700 0.031800 0.068700 0.055900 0.110200 0.059800 0.060800 0.082800 0.000000 0.080600 0.076800 0.091200 0.091000 0.069000 0.060000 0.064100 0.064100 0.110700 0.118800 0.064300 0.063600 0.078200 0.060600 0.068300 0.056000 0.145600 0.031900 0.100000 0.082200 0.072800 0.060600 0.056200 0.061000 0.060600 0.118000 0.113500 0.064000 0.110200 0.109600 0.056700 0.048400 0.052400 0.107300 0.090500 0.078000 0.064100 0.059900
Suni 0.068900 0.260000 0.076600 0.229500 0.073800 0.069100 0.064900 0.077200 0.072700 0.114800 0.068400 0.069300 0.082900 0.080600 0.000000 0.085400 0.117800 0.104400 0.069100 0.076800 0.072900 0.081100 0.115400 0.128000 0.072700 0.064200 0.077600 0.077000 0.077200 0.071900 0.141000 0.056600 0.109000 0.082300 0.072900 0.069100 0.072800 0.073800 0.069100 0.127200 0.118100 0.063900 0.114800 0.118700 0.065200 0.048400 0.068600 0.098500 0.094500 0.086700 0.081400 0.076700
Springbuck 0.056700 0.250300 0.064100 0.220500 0.061500 0.056900 0.053000 0.056600 0.052300 0.106600 0.056500 0.057000 0.062400 0.076800 0.085400 0.000000 0.087300 0.091800 0.048500 0.056000 0.044100 0.059700 0.116200 0.124400 0.060600 0.048000 0.057400 0.056400 0.032000 0.051500 0.132400 0.061200 0.105200 0.065500 0.044100 0.065400 0.060700 0.061500 0.039900 0.123500 0.118900 0.043800 0.106600 0.115000 0.061300 0.044600 0.047700 0.094900 0.069400 0.074400 0.060300 0.055900
Okapi 0.079400 0.216900 0.086800 0.194100 0.093300 0.075300 0.075300 0.087900 0.074300 0.103000 0.078800 0.079600 0.085100 0.091200 0.117800 0.087300 0.000000 0.045500 0.088300 0.078400 0.070400 0.082900 0.104400 0.112700 0.083200 0.078600 0.080300 0.078600 0.079200 0.074300 0.139800 0.084000 0.093600 0.088400 0.074600 0.079300 0.083400 0.093400 0.070900 0.106400 0.107300 0.074100 0.103800 0.103300 0.075300 0.074500 0.079000 0.128300 0.092500 0.062700 0.082400 0.077100
Giraffe 0.083600 0.222500 0.073800 0.219700 0.071100 0.079600 0.070700 0.092200 0.069900 0.099100 0.083000 0.075000 0.080500 0.091000 0.104400 0.091800 0.045500 0.000000 0.083800 0.074000 0.079000 0.095900 0.099700 0.108000 0.087400 0.082800 0.075800 0.074200 0.083400 0.069900 0.144600 0.079500 0.102400 0.084200 0.078900 0.074800 0.087600 0.071200 0.075100 0.107200 0.102600 0.078300 0.099100 0.098600 0.070900 0.071000 0.074500 0.132600 0.092400 0.067000 0.077800 0.073600
TibetanAnt 0.024100 0.231100 0.065000 0.212300 0.045000 0.024200 0.044800 0.057100 0.061100 0.089500 0.032200 0.049100 0.045500 0.069000 0.069100 0.048500 0.088300 0.083800 0.000000 0.065200 0.044500 0.036100 0.098900 0.107100 0.036200 0.043800 0.040800 0.065000 0.048400 0.061100 0.133900 0.053200 0.097200 0.049100 0.044500 0.049200 0.028100 0.045100 0.040500 0.106400 0.101800 0.052400 0.088500 0.097400 0.045000 0.028400 0.040000 0.086900 0.065600 0.057800 0.069300 0.065100
Sitatunga 0.064300 0.227700 0.015600 0.214700 0.061300 0.064400 0.044300 0.064900 0.003900 0.097100 0.064600 0.032000 0.070300 0.060000 0.076800 0.056000 0.078400 0.074000 0.065200 0.000000 0.048200 0.060300 0.088700 0.105800 0.068900 0.056200 0.065800 0.007800 0.056500 0.003900 0.132000 0.044400 0.082800 0.074000 0.052300 0.032000 0.068700 0.061400 0.048500 0.105100 0.091700 0.051500 0.097100 0.096600 0.028000 0.045000 0.048100 0.103500 0.077800 0.082800 0.011700 0.007800
Oribi 0.044400 0.229800 0.056300 0.211400 0.049000 0.044600 0.040300 0.044300 0.044600 0.102400 0.044100 0.048900 0.049200 0.064100 0.072900 0.044100 0.070400 0.079000 0.044500 0.048200 0.000000 0.044000 0.098400 0.111200 0.048000 0.043600 0.045000 0.048300 0.036100 0.044200 0.137800 0.048800 0.092300 0.053100 0.040100 0.048700 0.048400 0.049000 0.028100 0.106000 0.101300 0.040000 0.102400 0.101900 0.044800 0.032200 0.036200 0.086600 0.065400 0.070200 0.051800 0.048100
BarbaryShe 0.019800 0.212300 0.068100 0.204600 0.057100 0.019800 0.048400 0.060300 0.056200 0.110700 0.019700 0.052700 0.057500 0.064100 0.081100 0.059700 0.082900 0.095900 0.036100 0.060300 0.044000 0.000000 0.102200 0.119500 0.023700 0.047800 0.053000 0.060400 0.052300 0.056200 0.146400 0.056800 0.100500 0.061100 0.048100 0.052200 0.015700 0.057100 0.044300 0.118800 0.096300 0.056400 0.110700 0.110200 0.048600 0.040300 0.044000 0.081700 0.073400 0.078400 0.064300 0.060200
Daviddeer 0.098700 0.236800 0.088400 0.196100 0.103700 0.099000 0.085500 0.098400 0.084400 0.025200 0.097900 0.080900 0.105000 0.110700 0.115400 0.116200 0.104400 0.099700 0.098900 0.088700 0.098400 0.102200 0.000000 0.042400 0.102600 0.111200 0.100000 0.088900 0.107600 0.084400 0.074700 0.094100 0.109100 0.104100 0.102800 0.071900 0.102800 0.103700 0.099000 0.042100 0.012400 0.111000 0.025200 0.033600 0.067500 0.085800 0.098200 0.139900 0.117000 0.081600 0.093000 0.088600
Reindeer 0.106900 0.236000 0.105400 0.206000 0.112500 0.107300 0.093700 0.111400 0.101500 0.050400 0.106000 0.098100 0.113400 0.118800 0.128000 0.124400 0.112700 0.108000 0.107100 0.105800 0.111200 0.119500 0.042400 0.000000 0.110100 0.119400 0.108300 0.106000 0.115800 0.101500 0.102300 0.102800 0.108200 0.112400 0.111000 0.088900 0.111000 0.103500 0.107300 0.042100 0.046000 0.119600 0.050300 0.024900 0.084900 0.092800 0.106400 0.148300 0.125200 0.089900 0.110100 0.105600
Ibex 0.015900 0.234000 0.068700 0.205700 0.048900 0.019900 0.048600 0.060900 0.064800 0.102100 0.003900 0.052800 0.057600 0.064300 0.072700 0.060600 0.083200 0.087400 0.036200 0.068900 0.048000 0.023700 0.102600 0.110100 0.000000 0.048000 0.053200 0.069000 0.052500 0.064800 0.147000 0.057000 0.100800 0.061300 0.048000 0.052700 0.015800 0.048900 0.044100 0.110000 0.105400 0.056100 0.102100 0.101500 0.048800 0.032200 0.043700 0.082000 0.069300 0.070000 0.073000 0.068800
GyrantGaze 0.043800 0.243900 0.063800 0.220100 0.057000 0.040200 0.048400 0.056100 0.052000 0.110700 0.043600 0.052700 0.061300 0.063600 0.064200 0.048000 0.078600 0.082800 0.043800 0.056200 0.043600 0.047800 0.111200 0.119400 0.048000 0.000000 0.056400 0.056300 0.031900 0.052100 0.146300 0.040200 0.091700 0.065400 0.051600 0.052500 0.048100 0.057100 0.031800 0.118600 0.114000 0.011700 0.110700 0.110100 0.048600 0.032000 0.039900 0.090300 0.064900 0.060200 0.059600 0.056100
Hartebeest 0.041200 0.233400 0.065600 0.209400 0.054000 0.040600 0.053700 0.057700 0.061700 0.099500 0.048300 0.053800 0.004100 0.078200 0.077600 0.057400 0.080300 0.075800 0.040800 0.065800 0.045000 0.053000 0.100000 0.108300 0.053200 0.056400 0.000000 0.065900 0.049400 0.061700 0.145100 0.062300 0.098300 0.008000 0.044900 0.057500 0.044800 0.054000 0.041000 0.105900 0.102900 0.052900 0.099500 0.099000 0.053900 0.037000 0.049100 0.096600 0.066300 0.067000 0.070000 0.065700
Bongo 0.064600 0.228200 0.015700 0.215100 0.061500 0.065400 0.044000 0.064800 0.003900 0.097300 0.064700 0.031900 0.070500 0.060600 0.077000 0.056400 0.078600 0.074200 0.065000 0.007800 0.048300 0.060400 0.088900 0.106000 0.069000 0.056300 0.065900 0.000000 0.056700 0.003900 0.132100 0.044500 0.083000 0.073500 0.052400 0.032000 0.069100 0.061500 0.048600 0.104600 0.091900 0.051600 0.097800 0.096900 0.028100 0.044600 0.048200 0.103700 0.078000 0.083000 0.011700 0.007800
Gerenuk 0.048600 0.240600 0.064700 0.206600 0.053300 0.048800 0.044000 0.048500 0.052500 0.107000 0.048800 0.057000 0.053600 0.068300 0.077200 0.032000 0.079200 0.083400 0.048400 0.056500 0.036100 0.052300 0.107600 0.115800 0.052500 0.031900 0.049400 0.056700 0.000000 0.052500 0.142700 0.053000 0.096800 0.056700 0.044300 0.057300 0.052600 0.053300 0.024100 0.115000 0.110400 0.027800 0.107000 0.106500 0.053200 0.036500 0.036100 0.086700 0.069700 0.066100 0.060600 0.055800
CommonElan 0.060000 0.222900 0.011700 0.209900 0.057200 0.060300 0.040300 0.061600 0.000000 0.092900 0.060500 0.028000 0.066200 0.056000 0.071900 0.051500 0.074300 0.069900 0.061100 0.003900 0.044200 0.056200 0.084400 0.101500 0.064800 0.052100 0.061700 0.003900 0.052500 0.000000 0.127500 0.040300 0.078700 0.069800 0.048300 0.027900 0.064900 0.057300 0.044400 0.100800 0.087500 0.047700 0.092400 0.092400 0.024000 0.040400 0.044100 0.099300 0.073600 0.078600 0.007800 0.003900
MuntiacusR 0.143100 0.264100 0.141100 0.227000 0.138800 0.143700 0.119600 0.133000 0.127500 0.047600 0.142000 0.133700 0.150600 0.145600 0.141000 0.132400 0.139800 0.144600 0.133900 0.132000 0.137800 0.146400 0.074700 0.102300 0.147000 0.146300 0.145100 0.132100 0.142700 0.127500 0.000000 0.123300 0.135000 0.149300 0.147400 0.123900 0.147300 0.138800 0.133900 0.101500 0.078300 0.146000 0.047600 0.092700 0.119200 0.129600 0.132800 0.177000 0.157800 0.115900 0.136500 0.131800
HarveysDui 0.053100 0.230600 0.052500 0.201500 0.049100 0.053300 0.016100 0.053000 0.040300 0.094000 0.052700 0.045000 0.066900 0.031900 0.056600 0.061200 0.084000 0.079500 0.053200 0.044400 0.048800 0.056800 0.094100 0.102800 0.057000 0.040200 0.062300 0.044500 0.053000 0.040300 0.123300 0.000000 0.084100 0.066300 0.057100 0.044800 0.048700 0.049100 0.044900 0.102100 0.097500 0.040200 0.094000 0.093600 0.040700 0.032600 0.036300 0.100300 0.074400 0.062100 0.048400 0.044300
Pronghorn 0.097000 0.233300 0.091300 0.230500 0.102400 0.097300 0.082600 0.105700 0.078700 0.108500 0.095700 0.083900 0.103200 0.100000 0.109000 0.105200 0.093600 0.102400 0.097200 0.082800 0.092300 0.100500 0.109100 0.108200 0.100800 0.091700 0.098300 0.083000 0.096800 0.078700 0.135000 0.084100 0.000000 0.106700 0.096700 0.075000 0.101000 0.102400 0.088400 0.117300 0.111900 0.082900 0.108500 0.107900 0.071000 0.076300 0.086100 0.137500 0.110500 0.085200 0.087100 0.082700
BlueWildeb 0.049400 0.236600 0.073700 0.213500 0.062300 0.049200 0.057800 0.061400 0.069800 0.103600 0.057100 0.062100 0.012100 0.082200 0.082300 0.065500 0.088400 0.084200 0.049100 0.074000 0.053100 0.061100 0.104100 0.112400 0.061300 0.065400 0.008000 0.073500 0.056700 0.069800 0.149300 0.066300 0.106700 0.000000 0.052900 0.066100 0.053000 0.062300 0.049200 0.111600 0.107000 0.061000 0.103600 0.103000 0.062200 0.045100 0.057200 0.104900 0.074600 0.069800 0.078100 0.073900
Gemsbok 0.044700 0.235100 0.052100 0.221700 0.049000 0.044600 0.048300 0.052200 0.048300 0.101600 0.044100 0.044600 0.049300 0.072800 0.072900 0.044100 0.074600 0.078900 0.044500 0.052300 0.040100 0.048100 0.102800 0.111000 0.048000 0.051600 0.044900 0.052400 0.044300 0.048300 0.147400 0.057100 0.096700 0.052900 0.000000 0.052900 0.048400 0.049000 0.036300 0.110300 0.096700 0.047600 0.102300 0.101800 0.048900 0.032300 0.044100 0.090800 0.061100 0.057400 0.056400 0.052200
Yak 0.048800 0.219600 0.031800 0.206700 0.053500 0.049000 0.044500 0.065600 0.027900 0.080300 0.048500 0.024200 0.062100 0.060600 0.069100 0.065400 0.079300 0.074800 0.049200 0.032000 0.048700 0.052200 0.071900 0.088900 0.052700 0.052500 0.057500 0.032000 0.057300 0.027900 0.123900 0.044800 0.075000 0.066100 0.052900 0.000000 0.052800 0.053500 0.049000 0.087900 0.075100 0.052400 0.080300 0.080200 0.004000 0.028400 0.048600 0.087000 0.074200 0.066300 0.036100 0.031900
BlueSheep 0.011900 0.234800 0.068000 0.205900 0.049000 0.011900 0.040100 0.061000 0.064900 0.102300 0.011800 0.053000 0.048800 0.056200 0.072800 0.060700 0.083400 0.087600 0.028100 0.068700 0.048400 0.015700 0.102800 0.111000 0.015800 0.048100 0.044800 0.069100 0.052600 0.064900 0.147300 0.048700 0.101000 0.053000 0.048400 0.052800 0.000000 0.049000 0.044500 0.110200 0.105700 0.056200 0.102300 0.101700 0.048900 0.032300 0.044200 0.082500 0.069500 0.070000 0.073100 0.068900
BohorReedb 0.045000 0.242100 0.061200 0.223700 0.008000 0.045100 0.040900 0.061800 0.057300 0.094500 0.044600 0.053700 0.058500 0.061000 0.073800 0.061500 0.093400 0.071200 0.045100 0.061400 0.049000 0.057100 0.103700 0.103500 0.048900 0.057100 0.054000 0.061500 0.053300 0.057300 0.138800 0.049100 0.102400 0.062300 0.049000 0.053500 0.049000 0.000000 0.045100 0.111800 0.107100 0.057000 0.094500 0.103200 0.049300 0.032700 0.036500 0.092000 0.070400 0.071100 0.065500 0.061300
KirksDik 0.040600 0.226100 0.056700 0.207600 0.045100 0.040700 0.036600 0.040500 0.044400 0.098500 0.040300 0.049100 0.045400 0.060600 0.069100 0.039900 0.070900 0.075100 0.040500 0.048500 0.028100 0.044300 0.099000 0.107300 0.044100 0.031800 0.041000 0.048600 0.024100 0.044400 0.133900 0.044900 0.088400 0.049200 0.036300 0.049000 0.044500 0.045100 0.000000 0.106500 0.102000 0.027900 0.098500 0.098000 0.045000 0.028400 0.028200 0.087100 0.060800 0.057800 0.052600 0.048400
RoeDeer 0.106200 0.245100 0.104700 0.204300 0.111700 0.106800 0.093100 0.110600 0.100800 0.050400 0.105400 0.097000 0.112600 0.118000 0.127200 0.123500 0.106400 0.107200 0.106400 0.105100 0.106000 0.118800 0.042100 0.042100 0.110000 0.118600 0.105900 0.104600 0.115000 0.100800 0.101500 0.102100 0.117300 0.111600 0.110300 0.087900 0.110200 0.111800 0.106500 0.000000 0.045700 0.118300 0.050400 0.033200 0.084300 0.093400 0.105700 0.156600 0.124400 0.089500 0.109300 0.104900
WhiteLippe 0.101600 0.228600 0.091500 0.198800 0.107100 0.100200 0.088600 0.101300 0.086500 0.029000 0.100900 0.082900 0.107900 0.113500 0.118100 0.118900 0.107300 0.102600 0.101800 0.091700 0.101300 0.096300 0.012400 0.046000 0.105400 0.114000 0.102900 0.091900 0.110400 0.087500 0.078300 0.097500 0.111900 0.107000 0.096700 0.075100 0.105700 0.107100 0.102000 0.045700 0.000000 0.113800 0.029000 0.037400 0.071100 0.088900 0.101200 0.142400 0.119700 0.084800 0.096000 0.091600
ThomsonGaz 0.051700 0.243300 0.060000 0.219600 0.056900 0.047900 0.048300 0.052200 0.047900 0.110500 0.051400 0.052600 0.057300 0.064000 0.063900 0.043800 0.074100 0.078300 0.052400 0.051500 0.040000 0.056400 0.111000 0.119600 0.056100 0.011700 0.052900 0.051600 0.027800 0.047700 0.146000 0.040200 0.082900 0.061000 0.047600 0.052400 0.056200 0.057000 0.027900 0.118300 0.113800 0.000000 0.110500 0.110800 0.048500 0.032100 0.039800 0.090100 0.064800 0.061200 0.055900 0.051800
MuntiacusC 0.098200 0.241800 0.096800 0.195900 0.094500 0.098600 0.085100 0.097900 0.092900 0.000000 0.097500 0.089400 0.104500 0.110200 0.114800 0.106600 0.103800 0.099100 0.088500 0.097100 0.102400 0.110700 0.025200 0.050300 0.102100 0.110700 0.099500 0.097800 0.107000 0.092400 0.047600 0.094000 0.108500 0.103600 0.102300 0.080300 0.102300 0.094500 0.098500 0.050400 0.029000 0.110500 0.000000 0.042000 0.076300 0.085400 0.097800 0.148700 0.116400 0.072400 0.101400 0.097000
WhiteTaile 0.097700 0.246400 0.096300 0.205300 0.103100 0.098000 0.084000 0.102100 0.092400 0.042000 0.097000 0.088900 0.103900 0.109600 0.118700 0.115000 0.103300 0.098600 0.097400 0.096600 0.101900 0.110200 0.033600 0.024900 0.101500 0.110100 0.099000 0.096900 0.106500 0.092400 0.092700 0.093600 0.107900 0.103000 0.101800 0.080200 0.101700 0.103200 0.098000 0.033200 0.037400 0.110800 0.042000 0.000000 0.075900 0.084800 0.096300 0.147900 0.115800 0.080800 0.100900 0.096500
Cattle 0.044900 0.214400 0.027900 0.201700 0.049300 0.045000 0.040800 0.061600 0.024000 0.076300 0.044500 0.020200 0.058400 0.056700 0.065200 0.061300 0.075300 0.070900 0.045000 0.028000 0.044800 0.048600 0.067500 0.084900 0.048800 0.048600 0.053900 0.028100 0.053200 0.024000 0.119200 0.040700 0.071000 0.062200 0.048900 0.004000 0.048900 0.049300 0.045000 0.084300 0.071100 0.048500 0.076300 0.075900 0.000000 0.024400 0.044700 0.083000 0.070300 0.062300 0.032000 0.028000
RoyalAntel 0.028300 0.226900 0.044300 0.203200 0.032700 0.028400 0.032500 0.044800 0.040400 0.085400 0.028100 0.028500 0.041300 0.048400 0.048400 0.044600 0.074500 0.071000 0.028400 0.045000 0.032200 0.040300 0.085800 0.092800 0.032200 0.032000 0.037000 0.044600 0.036500 0.040400 0.129600 0.032600 0.076300 0.045100 0.032300 0.028400 0.032300 0.032700 0.028400 0.093400 0.088900 0.032100 0.085400 0.084800 0.024400 0.000000 0.028200 0.074300 0.052900 0.054400 0.048100 0.044500
Steenbok 0.040200 0.229500 0.056200 0.205900 0.036400 0.040400 0.028100 0.048400 0.044100 0.097800 0.039600 0.048800 0.053500 0.052400 0.068600 0.047700 0.079000 0.074500 0.040000 0.048100 0.036200 0.044000 0.098200 0.106400 0.043700 0.039900 0.049100 0.048200 0.036100 0.044100 0.132800 0.036300 0.086100 0.057200 0.044100 0.048600 0.044200 0.036500 0.028200 0.105700 0.101200 0.039800 0.097800 0.096300 0.044700 0.028200 0.000000 0.086400 0.061100 0.061700 0.052200 0.048100
Impala 0.078200 0.257300 0.103200 0.232800 0.091900 0.077700 0.091500 0.104100 0.099300 0.148700 0.077600 0.087200 0.101500 0.107300 0.098500 0.094900 0.128300 0.132600 0.086900 0.103500 0.086600 0.081700 0.139900 0.148300 0.082000 0.090300 0.096600 0.103700 0.086700 0.099300 0.177000 0.100300 0.137500 0.104900 0.090800 0.087000 0.082500 0.092000 0.087100 0.156600 0.142400 0.090100 0.148700 0.147900 0.083000 0.074300 0.086400 0.000000 0.113100 0.114200 0.107700 0.103300
Klipspring 0.065500 0.252500 0.081800 0.233300 0.070400 0.061500 0.065800 0.078200 0.073600 0.116400 0.065000 0.064900 0.070900 0.090500 0.094500 0.069400 0.092500 0.092400 0.065600 0.077800 0.065400 0.073400 0.117000 0.125200 0.069300 0.064900 0.066300 0.078000 0.069700 0.073600 0.157800 0.074400 0.110500 0.074600 0.061100 0.074200 0.069500 0.070400 0.060800 0.124400 0.119700 0.064800 0.116400 0.115800 0.070300 0.052900 0.061100 0.113100 0.000000 0.074800 0.081900 0.076600
ForestMusk 0.066200 0.228400 0.082600 0.194000 0.071100 0.061900 0.053600 0.074600 0.078600 0.072400 0.065700 0.066500 0.070500 0.078000 0.086700 0.074400 0.062700 0.067000 0.057800 0.082800 0.070200 0.078400 0.081600 0.089900 0.070000 0.060200 0.067000 0.083000 0.066100 0.078600 0.115900 0.062100 0.085200 0.069800 0.057400 0.066300 0.070000 0.071100 0.057800 0.089500 0.084800 0.061200 0.072400 0.080800 0.062300 0.054400 0.061700 0.114200 0.074800 0.000000 0.087000 0.082700
Bushbuck 0.069200 0.232700 0.019600 0.219500 0.065500 0.069400 0.048400 0.068900 0.007800 0.101400 0.068700 0.036100 0.074300 0.064100 0.081400 0.060300 0.082400 0.077800 0.069300 0.011700 0.051800 0.064300 0.093000 0.110100 0.073000 0.059600 0.070000 0.011700 0.060600 0.007800 0.136500 0.048400 0.087100 0.078100 0.056400 0.036100 0.073100 0.065500 0.052600 0.109300 0.096000 0.055900 0.101400 0.100900 0.032000 0.048100 0.052200 0.107700 0.081900 0.087000 0.000000 0.011700
GreaterKud 0.065000 0.227400 0.015600 0.214400 0.061300 0.065200 0.044300 0.064800 0.003900 0.097000 0.064500 0.032000 0.069800 0.059900 0.076700 0.055900 0.077100 0.073600 0.065100 0.007800 0.048100 0.060200 0.088600 0.105600 0.068800 0.056100 0.065700 0.007800 0.055800 0.003900 0.131800 0.044300 0.082700 0.073900 0.052200 0.031900 0.068900 0.061300 0.048400 0.104900 0.091600 0.051800 0.097000 0.096500 0.028000 0.044500 0.048100 0.103300 0.076600 0.082700 0.011700 0.000000
