CODONML (in paml version 4.10.7, June 2023)  /home/rachel/ruminants_paml/6406-phy-tree/ENSBTAT00000007254.fasta.phy
Model: free dN/dS Ratios for branches,  kappa = 2.000 fixed

Codon frequency model: F3x4
ns =  54  ls =  17

Codon usage in sequences
--------------------------------------------------------------------------------------------------------------------------------------
Phe TTT   0   0   0   0   0   0 | Ser TCT   0   0   0   0   0   0 | Tyr TAT   0   0   0   0   0   0 | Cys TGT   0   0   0   0   0   0
    TTC   0   0   0   0   0   0 |     TCC   0   0   0   0   0   0 |     TAC   0   0   0   0   0   0 |     TGC   0   0   0   0   0   0
Leu TTA   0   0   0   0   0   0 |     TCA   0   0   0   0   0   0 | *** TAA   0   0   0   0   0   0 | *** TGA   0   0   0   0   0   0
    TTG   0   0   0   0   0   0 |     TCG   0   0   0   0   0   0 |     TAG   0   0   0   0   0   0 | Trp TGG   0   0   0   0   0   0
--------------------------------------------------------------------------------------------------------------------------------------
Leu CTT   0   0   0   0   0   0 | Pro CCT   0   0   0   0   0   0 | His CAT   0   0   0   0   0   0 | Arg CGT   0   0   0   0   0   0
    CTC   0   0   0   0   0   0 |     CCC   0   0   0   0   0   0 |     CAC   0   0   0   0   0   0 |     CGC   0   0   0   0   0   0
    CTA   0   0   0   0   0   0 |     CCA   0   0   0   0   0   0 | Gln CAA   0   0   0   0   0   0 |     CGA   0   0   0   0   0   0
    CTG   0   0   0   0   0   0 |     CCG   0   0   0   0   0   0 |     CAG   0   0   0   0   0   0 |     CGG   0   0   0   0   0   0
--------------------------------------------------------------------------------------------------------------------------------------
Ile ATT   1   2   2   2   2   1 | Thr ACT   1   0   0   0   0   0 | Asn AAT   0   0   0   0   0   0 | Ser AGT   0   0   0   0   0   0
    ATC   0   0   0   0   0   0 |     ACC   0   0   0   0   0   0 |     AAC   0   0   0   0   0   0 |     AGC   0   0   0   0   0   0
    ATA   0   0   0   0   0   0 |     ACA   0   0   0   0   0   0 | Lys AAA   3   3   2   3   3   4 | Arg AGA   0   0   0   0   0   0
Met ATG   0   0   0   0   0   0 |     ACG   0   0   0   0   0   0 |     AAG   4   4   4   4   4   3 |     AGG   0   0   0   0   0   0
--------------------------------------------------------------------------------------------------------------------------------------
Val GTT   2   2   2   2   2   2 | Ala GCT   0   0   0   0   1   0 | Asp GAT   1   1   1   1   1   1 | Gly GGT   0   0   0   0   0   0
    GTC   0   0   0   0   0   0 |     GCC   2   2   2   2   1   2 |     GAC   0   0   0   0   0   0 |     GGC   0   0   0   0   0   0
    GTA   0   0   0   0   0   0 |     GCA   0   0   0   0   0   0 | Glu GAA   2   2   3   2   3   2 |     GGA   0   0   0   0   0   0
    GTG   0   0   0   0   0   1 |     GCG   0   0   0   0   0   0 |     GAG   1   1   1   1   0   1 |     GGG   0   0   0   0   0   0
--------------------------------------------------------------------------------------------------------------------------------------

--------------------------------------------------------------------------------------------------------------------------------------
Phe TTT   0   0   0   0   0   0 | Ser TCT   0   0   0   0   0   0 | Tyr TAT   0   0   0   0   0   0 | Cys TGT   0   0   0   0   0   0
    TTC   0   0   0   0   0   0 |     TCC   0   0   0   0   0   0 |     TAC   0   0   0   0   0   0 |     TGC   0   0   0   0   0   0
Leu TTA   0   0   0   0   0   0 |     TCA   0   0   0   0   0   0 | *** TAA   0   0   0   0   0   0 | *** TGA   0   0   0   0   0   0
    TTG   0   0   0   0   0   0 |     TCG   0   0   0   0   0   0 |     TAG   0   0   0   0   0   0 | Trp TGG   0   0   0   0   0   0
--------------------------------------------------------------------------------------------------------------------------------------
Leu CTT   0   0   0   0   0   0 | Pro CCT   0   0   0   0   0   0 | His CAT   0   0   0   0   0   0 | Arg CGT   0   0   0   0   0   0
    CTC   0   0   0   0   0   0 |     CCC   0   0   0   0   0   0 |     CAC   0   0   0   0   0   0 |     CGC   0   0   0   0   0   0
    CTA   0   0   0   0   0   0 |     CCA   0   0   0   0   0   0 | Gln CAA   0   0   0   0   0   0 |     CGA   0   0   0   0   0   0
    CTG   0   0   0   0   0   0 |     CCG   0   0   0   0   0   0 |     CAG   0   0   0   0   0   0 |     CGG   0   0   0   0   0   0
--------------------------------------------------------------------------------------------------------------------------------------
Ile ATT   2   1   2   2   2   2 | Thr ACT   0   1   0   0   0   0 | Asn AAT   0   0   0   0   0   0 | Ser AGT   0   0   0   0   0   0
    ATC   0   0   0   0   0   0 |     ACC   0   0   0   0   0   0 |     AAC   0   0   0   0   0   0 |     AGC   0   0   0   0   0   0
    ATA   0   0   0   0   0   0 |     ACA   0   0   0   0   0   0 | Lys AAA   4   3   4   4   3   3 | Arg AGA   0   0   0   0   0   0
Met ATG   0   0   0   0   0   0 |     ACG   0   0   0   0   0   0 |     AAG   3   4   3   3   4   3 |     AGG   0   0   0   0   0   1
--------------------------------------------------------------------------------------------------------------------------------------
Val GTT   2   2   2   2   2   1 | Ala GCT   0   0   0   0   0   1 | Asp GAT   1   1   1   1   1   1 | Gly GGT   0   0   0   0   0   0
    GTC   0   0   0   0   0   0 |     GCC   2   2   2   2   2   2 |     GAC   0   0   0   0   0   0 |     GGC   0   0   0   0   0   0
    GTA   0   0   0   0   0   0 |     GCA   0   0   0   0   0   0 | Glu GAA   2   2   2   2   2   2 |     GGA   0   0   0   0   0   0
    GTG   0   0   0   0   0   0 |     GCG   0   0   0   0   0   0 |     GAG   1   1   1   1   1   1 |     GGG   0   0   0   0   0   0
--------------------------------------------------------------------------------------------------------------------------------------

--------------------------------------------------------------------------------------------------------------------------------------
Phe TTT   0   0   0   0   0   0 | Ser TCT   0   0   0   0   0   0 | Tyr TAT   0   0   0   0   0   0 | Cys TGT   0   0   0   0   0   0
    TTC   0   0   0   0   0   0 |     TCC   0   0   0   0   0   0 |     TAC   0   0   0   0   0   0 |     TGC   0   0   0   0   0   0
Leu TTA   0   0   0   0   0   0 |     TCA   0   0   0   0   0   0 | *** TAA   0   0   0   0   0   0 | *** TGA   0   0   0   0   0   0
    TTG   0   0   0   0   0   0 |     TCG   0   0   0   0   0   0 |     TAG   0   0   0   0   0   0 | Trp TGG   0   0   0   0   0   0
--------------------------------------------------------------------------------------------------------------------------------------
Leu CTT   0   0   0   0   0   0 | Pro CCT   0   0   0   0   0   0 | His CAT   0   0   0   0   0   0 | Arg CGT   0   0   0   0   0   0
    CTC   0   0   0   0   0   0 |     CCC   0   0   0   0   0   0 |     CAC   0   0   0   0   0   0 |     CGC   0   0   0   0   0   0
    CTA   0   0   0   0   0   0 |     CCA   0   0   0   0   0   0 | Gln CAA   0   0   0   0   0   0 |     CGA   0   0   0   0   0   0
    CTG   0   0   0   0   0   0 |     CCG   0   0   0   0   0   0 |     CAG   0   0   0   0   0   0 |     CGG   0   0   0   0   0   0
--------------------------------------------------------------------------------------------------------------------------------------
Ile ATT   2   2   2   2   2   1 | Thr ACT   0   0   0   0   0   0 | Asn AAT   0   0   0   0   0   0 | Ser AGT   0   0   0   0   0   0
    ATC   0   0   0   0   0   0 |     ACC   0   0   0   0   0   0 |     AAC   0   0   0   0   0   0 |     AGC   0   0   0   0   0   0
    ATA   0   0   0   0   0   0 |     ACA   0   0   0   0   0   0 | Lys AAA   3   3   3   4   3   4 | Arg AGA   0   0   0   0   0   0
Met ATG   0   0   0   0   0   0 |     ACG   0   0   0   0   0   0 |     AAG   4   4   4   3   4   3 |     AGG   0   0   0   0   0   0
--------------------------------------------------------------------------------------------------------------------------------------
Val GTT   2   2   2   2   2   3 | Ala GCT   0   0   0   0   0   0 | Asp GAT   1   1   1   1   1   1 | Gly GGT   0   0   0   0   0   0
    GTC   0   0   0   0   0   0 |     GCC   2   2   2   2   2   2 |     GAC   0   0   0   0   0   0 |     GGC   0   0   0   0   0   0
    GTA   0   0   0   0   0   0 |     GCA   0   0   0   0   0   0 | Glu GAA   2   2   2   2   2   2 |     GGA   0   0   0   0   0   0
    GTG   0   0   0   0   0   0 |     GCG   0   0   0   0   0   0 |     GAG   1   1   1   1   1   1 |     GGG   0   0   0   0   0   0
--------------------------------------------------------------------------------------------------------------------------------------

--------------------------------------------------------------------------------------------------------------------------------------
Phe TTT   0   0   0   0   0   0 | Ser TCT   0   0   0   0   0   0 | Tyr TAT   0   0   0   0   0   0 | Cys TGT   0   0   0   0   0   0
    TTC   0   0   0   0   0   0 |     TCC   0   0   0   0   0   0 |     TAC   0   0   0   0   0   0 |     TGC   0   0   0   0   0   0
Leu TTA   0   0   0   0   0   0 |     TCA   0   0   0   0   0   0 | *** TAA   0   0   0   0   0   0 | *** TGA   0   0   0   0   0   0
    TTG   0   0   0   0   0   0 |     TCG   0   0   0   0   0   0 |     TAG   0   0   0   0   0   0 | Trp TGG   0   0   0   0   0   0
--------------------------------------------------------------------------------------------------------------------------------------
Leu CTT   0   0   0   0   0   0 | Pro CCT   0   0   0   0   0   0 | His CAT   0   0   0   0   0   0 | Arg CGT   0   0   0   0   0   0
    CTC   0   0   0   0   0   0 |     CCC   0   0   0   0   0   0 |     CAC   0   0   0   0   0   0 |     CGC   0   0   0   0   0   0
    CTA   0   0   0   0   0   0 |     CCA   0   0   0   0   0   0 | Gln CAA   0   1   0   0   0   0 |     CGA   0   0   0   0   0   0
    CTG   0   0   0   0   0   0 |     CCG   0   0   0   0   0   0 |     CAG   0   0   0   0   0   0 |     CGG   0   0   0   0   0   0
--------------------------------------------------------------------------------------------------------------------------------------
Ile ATT   2   2   1   2   2   2 | Thr ACT   0   0   1   0   0   0 | Asn AAT   0   0   0   0   0   0 | Ser AGT   0   0   0   0   0   0
    ATC   0   0   0   0   0   0 |     ACC   0   0   0   0   0   0 |     AAC   0   0   0   0   0   0 |     AGC   0   0   0   0   0   0
    ATA   0   0   0   0   0   0 |     ACA   0   0   0   0   0   0 | Lys AAA   3   2   3   3   4   3 | Arg AGA   0   0   0   0   0   0
Met ATG   0   0   0   0   0   0 |     ACG   0   0   0   0   0   0 |     AAG   4   4   4   4   3   4 |     AGG   0   0   0   0   0   0
--------------------------------------------------------------------------------------------------------------------------------------
Val GTT   2   2   2   2   2   2 | Ala GCT   0   0   0   0   0   0 | Asp GAT   1   1   1   1   1   1 | Gly GGT   0   0   0   0   0   0
    GTC   0   0   0   0   0   0 |     GCC   2   2   2   2   2   2 |     GAC   0   0   0   0   0   0 |     GGC   0   0   0   0   0   0
    GTA   0   0   0   0   0   0 |     GCA   0   0   0   0   0   0 | Glu GAA   2   2   2   2   2   2 |     GGA   0   0   0   0   0   0
    GTG   0   0   0   0   0   0 |     GCG   0   0   0   0   0   0 |     GAG   1   1   1   1   1   1 |     GGG   0   0   0   0   0   0
--------------------------------------------------------------------------------------------------------------------------------------

--------------------------------------------------------------------------------------------------------------------------------------
Phe TTT   0   0   0   0   0   0 | Ser TCT   0   0   0   0   0   0 | Tyr TAT   0   0   0   0   0   0 | Cys TGT   0   0   0   0   0   0
    TTC   0   0   0   0   0   0 |     TCC   0   0   0   0   0   0 |     TAC   0   0   0   0   0   0 |     TGC   0   0   0   0   0   0
Leu TTA   0   0   0   0   0   0 |     TCA   0   0   0   0   0   0 | *** TAA   0   0   0   0   0   0 | *** TGA   0   0   0   0   0   0
    TTG   0   0   0   0   0   0 |     TCG   0   0   0   0   0   0 |     TAG   0   0   0   0   0   0 | Trp TGG   0   0   0   0   0   0
--------------------------------------------------------------------------------------------------------------------------------------
Leu CTT   0   0   0   0   0   0 | Pro CCT   0   0   0   0   0   0 | His CAT   0   0   0   0   0   0 | Arg CGT   0   0   0   0   0   0
    CTC   0   0   0   0   0   0 |     CCC   0   0   0   0   0   0 |     CAC   0   0   0   0   0   0 |     CGC   0   0   0   0   0   0
    CTA   0   0   0   0   0   0 |     CCA   0   0   0   0   0   0 | Gln CAA   0   0   0   0   0   0 |     CGA   0   0   0   0   0   0
    CTG   0   0   0   0   0   0 |     CCG   0   0   0   0   0   0 |     CAG   0   0   0   0   0   0 |     CGG   0   0   0   0   0   0
--------------------------------------------------------------------------------------------------------------------------------------
Ile ATT   2   2   2   1   2   2 | Thr ACT   0   0   0   1   0   0 | Asn AAT   0   0   0   0   0   0 | Ser AGT   0   0   0   0   0   0
    ATC   0   0   0   0   0   0 |     ACC   0   0   0   0   0   0 |     AAC   0   0   0   0   0   0 |     AGC   0   0   0   0   0   0
    ATA   0   0   0   0   0   0 |     ACA   0   0   0   0   0   0 | Lys AAA   3   3   3   4   3   3 | Arg AGA   0   0   0   0   0   0
Met ATG   0   0   0   0   0   0 |     ACG   0   0   0   0   0   0 |     AAG   3   3   4   3   4   4 |     AGG   1   1   0   0   0   0
--------------------------------------------------------------------------------------------------------------------------------------
Val GTT   2   2   2   2   2   2 | Ala GCT   0   0   0   0   0   0 | Asp GAT   1   1   1   1   1   1 | Gly GGT   0   0   0   0   0   0
    GTC   0   0   0   0   0   0 |     GCC   2   2   2   2   2   2 |     GAC   0   0   0   0   0   0 |     GGC   0   0   0   0   0   0
    GTA   0   0   0   0   0   0 |     GCA   0   0   0   0   0   0 | Glu GAA   2   2   2   2   2   2 |     GGA   0   0   0   0   0   0
    GTG   0   0   0   0   0   0 |     GCG   0   0   0   0   0   0 |     GAG   1   1   1   1   1   1 |     GGG   0   0   0   0   0   0
--------------------------------------------------------------------------------------------------------------------------------------

--------------------------------------------------------------------------------------------------------------------------------------
Phe TTT   0   0   0   0   0   0 | Ser TCT   0   0   0   0   0   0 | Tyr TAT   0   0   0   0   0   0 | Cys TGT   0   0   0   0   0   0
    TTC   0   0   0   0   0   0 |     TCC   0   0   0   0   0   0 |     TAC   0   0   0   0   0   0 |     TGC   0   0   0   0   0   0
Leu TTA   0   0   0   0   0   0 |     TCA   0   0   0   0   0   0 | *** TAA   0   0   0   0   0   0 | *** TGA   0   0   0   0   0   0
    TTG   0   0   0   0   0   0 |     TCG   0   0   0   0   0   0 |     TAG   0   0   0   0   0   0 | Trp TGG   0   0   0   0   0   0
--------------------------------------------------------------------------------------------------------------------------------------
Leu CTT   0   0   0   0   0   0 | Pro CCT   0   0   0   0   0   0 | His CAT   0   0   0   0   0   0 | Arg CGT   0   0   0   0   0   0
    CTC   0   0   0   0   0   0 |     CCC   0   0   0   0   0   0 |     CAC   0   0   0   0   0   0 |     CGC   0   0   0   0   0   0
    CTA   0   0   0   0   0   0 |     CCA   0   0   0   0   0   0 | Gln CAA   0   0   0   0   0   0 |     CGA   0   0   0   0   0   0
    CTG   0   0   0   0   0   0 |     CCG   0   0   0   0   0   0 |     CAG   0   0   0   0   0   0 |     CGG   0   0   0   0   0   0
--------------------------------------------------------------------------------------------------------------------------------------
Ile ATT   2   2   2   2   2   2 | Thr ACT   0   0   0   0   0   0 | Asn AAT   0   0   0   0   0   0 | Ser AGT   0   0   0   0   0   0
    ATC   0   0   0   0   0   0 |     ACC   0   0   0   0   0   0 |     AAC   0   0   0   0   0   0 |     AGC   0   0   0   0   0   0
    ATA   0   0   0   0   0   0 |     ACA   0   0   0   0   0   0 | Lys AAA   4   3   3   4   3   3 | Arg AGA   0   0   0   0   0   0
Met ATG   0   0   0   0   0   0 |     ACG   0   0   0   0   0   0 |     AAG   3   4   3   3   4   4 |     AGG   0   0   1   0   0   0
--------------------------------------------------------------------------------------------------------------------------------------
Val GTT   2   2   1   2   2   2 | Ala GCT   0   0   1   0   0   0 | Asp GAT   1   1   1   1   1   1 | Gly GGT   0   0   0   0   0   0
    GTC   0   0   0   0   0   0 |     GCC   2   2   2   1   2   2 |     GAC   0   0   0   0   0   0 |     GGC   0   0   0   0   0   0
    GTA   0   0   0   0   0   0 |     GCA   0   0   0   1   0   0 | Glu GAA   2   2   2   2   2   2 |     GGA   0   0   0   0   0   0
    GTG   0   0   0   0   0   0 |     GCG   0   0   0   0   0   0 |     GAG   1   1   1   1   1   1 |     GGG   0   0   0   0   0   0
--------------------------------------------------------------------------------------------------------------------------------------

--------------------------------------------------------------------------------------------------------------------------------------
Phe TTT   0   0   0   0   0   0 | Ser TCT   0   0   0   0   0   0 | Tyr TAT   0   0   0   0   0   0 | Cys TGT   0   0   0   0   0   0
    TTC   0   0   0   0   0   0 |     TCC   0   0   0   0   0   0 |     TAC   0   0   0   0   0   0 |     TGC   0   0   0   0   0   0
Leu TTA   0   0   0   0   0   0 |     TCA   0   0   0   0   0   0 | *** TAA   0   0   0   0   0   0 | *** TGA   0   0   0   0   0   0
    TTG   0   0   0   0   0   0 |     TCG   0   0   0   0   0   0 |     TAG   0   0   0   0   0   0 | Trp TGG   0   0   0   0   0   0
--------------------------------------------------------------------------------------------------------------------------------------
Leu CTT   0   0   0   0   0   0 | Pro CCT   0   0   0   0   0   0 | His CAT   0   0   0   0   0   0 | Arg CGT   0   0   0   0   0   0
    CTC   0   0   0   0   0   0 |     CCC   0   0   0   0   0   0 |     CAC   0   0   0   0   0   0 |     CGC   0   0   0   0   0   0
    CTA   0   0   0   0   0   0 |     CCA   0   0   0   0   0   0 | Gln CAA   0   0   0   0   0   0 |     CGA   0   0   0   0   0   0
    CTG   0   0   0   0   0   0 |     CCG   0   0   0   0   0   0 |     CAG   0   0   0   0   0   0 |     CGG   0   0   0   0   0   0
--------------------------------------------------------------------------------------------------------------------------------------
Ile ATT   2   2   2   2   2   1 | Thr ACT   0   0   0   0   0   1 | Asn AAT   0   0   0   0   0   0 | Ser AGT   0   0   0   0   0   0
    ATC   0   0   0   0   0   0 |     ACC   0   0   0   0   0   0 |     AAC   0   0   0   0   0   0 |     AGC   0   0   0   0   0   0
    ATA   0   0   0   0   0   0 |     ACA   0   0   0   0   0   0 | Lys AAA   3   3   3   4   4   2 | Arg AGA   0   0   0   0   0   0
Met ATG   0   0   0   0   0   0 |     ACG   0   0   0   0   0   0 |     AAG   4   4   4   3   3   4 |     AGG   0   0   0   0   0   1
--------------------------------------------------------------------------------------------------------------------------------------
Val GTT   2   2   2   2   2   2 | Ala GCT   0   0   0   0   0   0 | Asp GAT   1   1   1   1   1   1 | Gly GGT   0   0   0   0   0   0
    GTC   0   0   0   0   0   0 |     GCC   2   2   2   2   2   2 |     GAC   0   0   0   0   0   0 |     GGC   0   0   0   0   0   0
    GTA   0   0   0   0   0   0 |     GCA   0   0   0   0   0   0 | Glu GAA   2   2   2   2   2   2 |     GGA   0   0   0   0   0   0
    GTG   0   0   0   0   0   0 |     GCG   0   0   0   0   0   0 |     GAG   1   1   1   1   1   1 |     GGG   0   0   0   0   0   0
--------------------------------------------------------------------------------------------------------------------------------------

--------------------------------------------------------------------------------------------------------------------------------------
Phe TTT   0   0   0   0   0   0 | Ser TCT   0   0   0   0   0   0 | Tyr TAT   0   0   0   0   0   0 | Cys TGT   0   0   0   0   0   0
    TTC   0   0   0   0   0   0 |     TCC   0   0   0   0   0   0 |     TAC   0   0   0   0   0   0 |     TGC   0   0   0   0   0   0
Leu TTA   0   0   0   0   0   0 |     TCA   0   0   0   0   0   0 | *** TAA   0   0   0   0   0   0 | *** TGA   0   0   0   0   0   0
    TTG   0   0   0   0   0   0 |     TCG   0   0   0   0   0   0 |     TAG   0   0   0   0   0   0 | Trp TGG   0   0   0   0   0   0
--------------------------------------------------------------------------------------------------------------------------------------
Leu CTT   0   0   0   0   0   0 | Pro CCT   0   0   0   0   0   0 | His CAT   0   0   0   0   0   0 | Arg CGT   0   0   0   0   0   0
    CTC   0   0   0   0   0   0 |     CCC   0   0   0   0   0   0 |     CAC   0   0   0   0   0   0 |     CGC   0   0   0   0   0   0
    CTA   0   0   0   0   0   0 |     CCA   0   0   0   0   0   0 | Gln CAA   0   0   0   0   0   0 |     CGA   0   0   0   0   0   0
    CTG   0   0   0   0   0   0 |     CCG   0   0   0   0   0   0 |     CAG   0   0   0   0   0   0 |     CGG   0   0   0   0   0   0
--------------------------------------------------------------------------------------------------------------------------------------
Ile ATT   2   2   2   2   2   2 | Thr ACT   0   0   0   0   0   0 | Asn AAT   0   0   0   0   0   0 | Ser AGT   0   0   0   0   0   0
    ATC   0   0   0   0   0   0 |     ACC   0   0   0   0   0   0 |     AAC   0   0   0   0   0   0 |     AGC   0   0   0   0   0   0
    ATA   0   0   0   0   0   0 |     ACA   0   0   0   0   0   0 | Lys AAA   3   4   3   3   3   3 | Arg AGA   0   0   0   0   0   0
Met ATG   0   0   0   0   0   0 |     ACG   0   0   0   0   0   0 |     AAG   3   3   3   3   4   4 |     AGG   1   0   1   1   0   0
--------------------------------------------------------------------------------------------------------------------------------------
Val GTT   2   2   1   2   2   2 | Ala GCT   0   0   1   0   0   0 | Asp GAT   1   1   1   1   1   1 | Gly GGT   0   0   0   0   0   0
    GTC   0   0   0   0   0   0 |     GCC   2   1   2   2   2   2 |     GAC   0   0   0   0   0   0 |     GGC   0   0   0   0   0   0
    GTA   0   0   0   0   0   0 |     GCA   0   1   0   0   0   0 | Glu GAA   2   2   2   2   2   1 |     GGA   0   0   0   0   0   0
    GTG   0   0   0   0   0   0 |     GCG   0   0   0   0   0   0 |     GAG   1   1   1   1   1   2 |     GGG   0   0   0   0   0   0
--------------------------------------------------------------------------------------------------------------------------------------

--------------------------------------------------------------------------------------------------------------------------------------
Phe TTT   0   0   0   0   0   0 | Ser TCT   0   0   0   0   0   0 | Tyr TAT   0   0   0   0   0   0 | Cys TGT   0   0   0   0   0   0
    TTC   0   0   0   0   0   0 |     TCC   0   0   0   0   0   0 |     TAC   0   0   0   0   0   0 |     TGC   0   0   0   0   0   0
Leu TTA   0   0   0   0   0   0 |     TCA   0   0   0   0   0   0 | *** TAA   0   0   0   0   0   0 | *** TGA   0   0   0   0   0   0
    TTG   0   0   0   0   0   0 |     TCG   0   0   0   0   0   0 |     TAG   0   0   0   0   0   0 | Trp TGG   0   0   0   0   0   0
--------------------------------------------------------------------------------------------------------------------------------------
Leu CTT   0   0   0   0   0   0 | Pro CCT   0   0   0   0   0   0 | His CAT   0   0   0   0   0   0 | Arg CGT   0   0   0   0   0   0
    CTC   0   0   0   0   0   0 |     CCC   0   0   0   0   0   0 |     CAC   0   0   0   0   0   0 |     CGC   0   0   0   0   0   0
    CTA   0   0   0   0   0   0 |     CCA   0   0   0   0   0   0 | Gln CAA   0   0   0   0   0   0 |     CGA   0   0   0   0   0   0
    CTG   0   0   0   0   0   0 |     CCG   0   0   0   0   0   0 |     CAG   0   0   0   0   0   0 |     CGG   0   0   0   0   0   0
--------------------------------------------------------------------------------------------------------------------------------------
Ile ATT   2   2   2   2   2   2 | Thr ACT   0   0   0   0   0   0 | Asn AAT   0   0   0   0   0   0 | Ser AGT   0   0   0   0   0   0
    ATC   0   0   0   0   0   0 |     ACC   0   0   0   0   0   0 |     AAC   0   0   0   0   0   0 |     AGC   0   0   0   0   0   0
    ATA   0   0   0   0   0   0 |     ACA   0   0   0   0   0   0 | Lys AAA   4   3   3   3   3   3 | Arg AGA   0   0   0   0   0   0
Met ATG   0   0   0   0   0   0 |     ACG   0   0   0   0   0   0 |     AAG   3   4   4   4   4   4 |     AGG   0   0   0   0   0   0
--------------------------------------------------------------------------------------------------------------------------------------
Val GTT   2   2   2   2   2   2 | Ala GCT   0   0   0   0   0   0 | Asp GAT   1   1   1   1   1   1 | Gly GGT   0   0   0   0   0   0
    GTC   0   0   0   0   0   0 |     GCC   2   2   2   2   2   2 |     GAC   0   0   0   0   0   0 |     GGC   0   0   0   0   0   0
    GTA   0   0   0   0   0   0 |     GCA   0   0   0   0   0   0 | Glu GAA   2   3   2   2   2   2 |     GGA   0   0   0   0   0   0
    GTG   0   0   0   0   0   0 |     GCG   0   0   0   0   0   0 |     GAG   1   0   1   1   1   1 |     GGG   0   0   0   0   0   0
--------------------------------------------------------------------------------------------------------------------------------------

Codon position x base (3x4) table for each sequence.

#1: Argali         
position  1:    T:0.00000    C:0.00000    A:0.52941    G:0.47059
position  2:    T:0.17647    C:0.17647    A:0.64706    G:0.00000
position  3:    T:0.29412    C:0.11765    A:0.29412    G:0.29412
Average         T:0.15686    C:0.09804    A:0.49020    G:0.25490

#2: LesserMouseDeer
position  1:    T:0.00000    C:0.00000    A:0.52941    G:0.47059
position  2:    T:0.23529    C:0.11765    A:0.64706    G:0.00000
position  3:    T:0.29412    C:0.11765    A:0.29412    G:0.29412
Average         T:0.17647    C:0.07843    A:0.49020    G:0.25490

#3: LesserKudu     
position  1:    T:0.00000    C:0.00000    A:0.47059    G:0.52941
position  2:    T:0.23529    C:0.11765    A:0.64706    G:0.00000
position  3:    T:0.29412    C:0.11765    A:0.29412    G:0.29412
Average         T:0.17647    C:0.07843    A:0.47059    G:0.27451

#4: ForestMuskDeer2
position  1:    T:0.00000    C:0.00000    A:0.52941    G:0.47059
position  2:    T:0.23529    C:0.11765    A:0.64706    G:0.00000
position  3:    T:0.29412    C:0.11765    A:0.29412    G:0.29412
Average         T:0.17647    C:0.07843    A:0.49020    G:0.25490

#5: Camel          
position  1:    T:0.00000    C:0.00000    A:0.52941    G:0.47059
position  2:    T:0.23529    C:0.11765    A:0.64706    G:0.00000
position  3:    T:0.35294    C:0.05882    A:0.35294    G:0.23529
Average         T:0.19608    C:0.05882    A:0.50980    G:0.23529

#6: KillerWhale    
position  1:    T:0.00000    C:0.00000    A:0.47059    G:0.52941
position  2:    T:0.23529    C:0.11765    A:0.64706    G:0.00000
position  3:    T:0.23529    C:0.11765    A:0.35294    G:0.29412
Average         T:0.15686    C:0.07843    A:0.49020    G:0.27451

#7: DefassaWaterbuck
position  1:    T:0.00000    C:0.00000    A:0.52941    G:0.47059
position  2:    T:0.23529    C:0.11765    A:0.64706    G:0.00000
position  3:    T:0.29412    C:0.11765    A:0.35294    G:0.23529
Average         T:0.17647    C:0.07843    A:0.50980    G:0.23529

#8: Sheep          
position  1:    T:0.00000    C:0.00000    A:0.52941    G:0.47059
position  2:    T:0.17647    C:0.17647    A:0.64706    G:0.00000
position  3:    T:0.29412    C:0.11765    A:0.29412    G:0.29412
Average         T:0.15686    C:0.09804    A:0.49020    G:0.25490

#9: MaxwellsDuiker 
position  1:    T:0.00000    C:0.00000    A:0.52941    G:0.47059
position  2:    T:0.23529    C:0.11765    A:0.64706    G:0.00000
position  3:    T:0.29412    C:0.11765    A:0.35294    G:0.23529
Average         T:0.17647    C:0.07843    A:0.50980    G:0.23529

#10: GazellaPrzewalskyi
position  1:    T:0.00000    C:0.00000    A:0.52941    G:0.47059
position  2:    T:0.23529    C:0.11765    A:0.64706    G:0.00000
position  3:    T:0.29412    C:0.11765    A:0.35294    G:0.23529
Average         T:0.17647    C:0.07843    A:0.50980    G:0.23529

#11: MountainNyala  
position  1:    T:0.00000    C:0.00000    A:0.52941    G:0.47059
position  2:    T:0.23529    C:0.11765    A:0.64706    G:0.00000
position  3:    T:0.29412    C:0.11765    A:0.29412    G:0.29412
Average         T:0.17647    C:0.07843    A:0.49020    G:0.25490

#12: MuntiacusMuntjak
position  1:    T:0.00000    C:0.00000    A:0.52941    G:0.47059
position  2:    T:0.17647    C:0.17647    A:0.58824    G:0.05882
position  3:    T:0.29412    C:0.11765    A:0.29412    G:0.29412
Average         T:0.15686    C:0.09804    A:0.47059    G:0.27451

#13: goat           
position  1:    T:0.00000    C:0.00000    A:0.52941    G:0.47059
position  2:    T:0.23529    C:0.11765    A:0.64706    G:0.00000
position  3:    T:0.29412    C:0.11765    A:0.29412    G:0.29412
Average         T:0.17647    C:0.07843    A:0.49020    G:0.25490

#14: AfricanBuffalo 
position  1:    T:0.00000    C:0.00000    A:0.52941    G:0.47059
position  2:    T:0.23529    C:0.11765    A:0.64706    G:0.00000
position  3:    T:0.29412    C:0.11765    A:0.29412    G:0.29412
Average         T:0.17647    C:0.07843    A:0.49020    G:0.25490

#15: Topi           
position  1:    T:0.00000    C:0.00000    A:0.52941    G:0.47059
position  2:    T:0.23529    C:0.11765    A:0.64706    G:0.00000
position  3:    T:0.29412    C:0.11765    A:0.29412    G:0.29412
Average         T:0.17647    C:0.07843    A:0.49020    G:0.25490

#16: CommonDuiker   
position  1:    T:0.00000    C:0.00000    A:0.52941    G:0.47059
position  2:    T:0.23529    C:0.11765    A:0.64706    G:0.00000
position  3:    T:0.29412    C:0.11765    A:0.35294    G:0.23529
Average         T:0.17647    C:0.07843    A:0.50980    G:0.23529

#17: Suni           
position  1:    T:0.00000    C:0.00000    A:0.52941    G:0.47059
position  2:    T:0.23529    C:0.11765    A:0.64706    G:0.00000
position  3:    T:0.29412    C:0.11765    A:0.29412    G:0.29412
Average         T:0.17647    C:0.07843    A:0.49020    G:0.25490

#18: Springbuck     
position  1:    T:0.00000    C:0.00000    A:0.47059    G:0.52941
position  2:    T:0.23529    C:0.11765    A:0.64706    G:0.00000
position  3:    T:0.29412    C:0.11765    A:0.35294    G:0.23529
Average         T:0.17647    C:0.07843    A:0.49020    G:0.25490

#19: Okapi          
position  1:    T:0.00000    C:0.00000    A:0.52941    G:0.47059
position  2:    T:0.23529    C:0.11765    A:0.64706    G:0.00000
position  3:    T:0.29412    C:0.11765    A:0.29412    G:0.29412
Average         T:0.17647    C:0.07843    A:0.49020    G:0.25490

#20: Giraffe        
position  1:    T:0.00000    C:0.05882    A:0.47059    G:0.47059
position  2:    T:0.23529    C:0.11765    A:0.64706    G:0.00000
position  3:    T:0.29412    C:0.11765    A:0.29412    G:0.29412
Average         T:0.17647    C:0.09804    A:0.47059    G:0.25490

#21: TibetanAntelope
position  1:    T:0.00000    C:0.00000    A:0.52941    G:0.47059
position  2:    T:0.17647    C:0.17647    A:0.64706    G:0.00000
position  3:    T:0.29412    C:0.11765    A:0.29412    G:0.29412
Average         T:0.15686    C:0.09804    A:0.49020    G:0.25490

#22: Sitatunga      
position  1:    T:0.00000    C:0.00000    A:0.52941    G:0.47059
position  2:    T:0.23529    C:0.11765    A:0.64706    G:0.00000
position  3:    T:0.29412    C:0.11765    A:0.29412    G:0.29412
Average         T:0.17647    C:0.07843    A:0.49020    G:0.25490

#23: Oribi          
position  1:    T:0.00000    C:0.00000    A:0.52941    G:0.47059
position  2:    T:0.23529    C:0.11765    A:0.64706    G:0.00000
position  3:    T:0.29412    C:0.11765    A:0.35294    G:0.23529
Average         T:0.17647    C:0.07843    A:0.50980    G:0.23529

#24: BarbarySheep   
position  1:    T:0.00000    C:0.00000    A:0.52941    G:0.47059
position  2:    T:0.23529    C:0.11765    A:0.64706    G:0.00000
position  3:    T:0.29412    C:0.11765    A:0.29412    G:0.29412
Average         T:0.17647    C:0.07843    A:0.49020    G:0.25490

#25: Daviddeer      
position  1:    T:0.00000    C:0.00000    A:0.52941    G:0.47059
position  2:    T:0.23529    C:0.11765    A:0.58824    G:0.05882
position  3:    T:0.29412    C:0.11765    A:0.29412    G:0.29412
Average         T:0.17647    C:0.07843    A:0.47059    G:0.27451

#26: Reindeer       
position  1:    T:0.00000    C:0.00000    A:0.52941    G:0.47059
position  2:    T:0.23529    C:0.11765    A:0.58824    G:0.05882
position  3:    T:0.29412    C:0.11765    A:0.29412    G:0.29412
Average         T:0.17647    C:0.07843    A:0.47059    G:0.27451

#27: Ibex           
position  1:    T:0.00000    C:0.00000    A:0.52941    G:0.47059
position  2:    T:0.23529    C:0.11765    A:0.64706    G:0.00000
position  3:    T:0.29412    C:0.11765    A:0.29412    G:0.29412
Average         T:0.17647    C:0.07843    A:0.49020    G:0.25490

#28: GyrantGazelle  
position  1:    T:0.00000    C:0.00000    A:0.52941    G:0.47059
position  2:    T:0.17647    C:0.17647    A:0.64706    G:0.00000
position  3:    T:0.29412    C:0.11765    A:0.35294    G:0.23529
Average         T:0.15686    C:0.09804    A:0.50980    G:0.23529

#29: Hartebeest     
position  1:    T:0.00000    C:0.00000    A:0.52941    G:0.47059
position  2:    T:0.23529    C:0.11765    A:0.64706    G:0.00000
position  3:    T:0.29412    C:0.11765    A:0.29412    G:0.29412
Average         T:0.17647    C:0.07843    A:0.49020    G:0.25490

#30: Bongo          
position  1:    T:0.00000    C:0.00000    A:0.52941    G:0.47059
position  2:    T:0.23529    C:0.11765    A:0.64706    G:0.00000
position  3:    T:0.29412    C:0.11765    A:0.29412    G:0.29412
Average         T:0.17647    C:0.07843    A:0.49020    G:0.25490

#31: Gerenuk        
position  1:    T:0.00000    C:0.00000    A:0.52941    G:0.47059
position  2:    T:0.23529    C:0.11765    A:0.64706    G:0.00000
position  3:    T:0.29412    C:0.11765    A:0.35294    G:0.23529
Average         T:0.17647    C:0.07843    A:0.50980    G:0.23529

#32: CommonEland    
position  1:    T:0.00000    C:0.00000    A:0.52941    G:0.47059
position  2:    T:0.23529    C:0.11765    A:0.64706    G:0.00000
position  3:    T:0.29412    C:0.11765    A:0.29412    G:0.29412
Average         T:0.17647    C:0.07843    A:0.49020    G:0.25490

#33: MuntiacusReevesi
position  1:    T:0.00000    C:0.00000    A:0.52941    G:0.47059
position  2:    T:0.17647    C:0.17647    A:0.58824    G:0.05882
position  3:    T:0.29412    C:0.11765    A:0.29412    G:0.29412
Average         T:0.15686    C:0.09804    A:0.47059    G:0.27451

#34: HarveysDuiker  
position  1:    T:0.00000    C:0.00000    A:0.52941    G:0.47059
position  2:    T:0.23529    C:0.11765    A:0.64706    G:0.00000
position  3:    T:0.29412    C:0.05882    A:0.41176    G:0.23529
Average         T:0.17647    C:0.05882    A:0.52941    G:0.23529

#35: Pronghorn      
position  1:    T:0.00000    C:0.00000    A:0.52941    G:0.47059
position  2:    T:0.23529    C:0.11765    A:0.64706    G:0.00000
position  3:    T:0.29412    C:0.11765    A:0.29412    G:0.29412
Average         T:0.17647    C:0.07843    A:0.49020    G:0.25490

#36: BlueWildebeest 
position  1:    T:0.00000    C:0.00000    A:0.52941    G:0.47059
position  2:    T:0.23529    C:0.11765    A:0.64706    G:0.00000
position  3:    T:0.29412    C:0.11765    A:0.29412    G:0.29412
Average         T:0.17647    C:0.07843    A:0.49020    G:0.25490

#37: Gemsbok        
position  1:    T:0.00000    C:0.00000    A:0.52941    G:0.47059
position  2:    T:0.23529    C:0.11765    A:0.64706    G:0.00000
position  3:    T:0.29412    C:0.11765    A:0.29412    G:0.29412
Average         T:0.17647    C:0.07843    A:0.49020    G:0.25490

#38: Yak            
position  1:    T:0.00000    C:0.00000    A:0.52941    G:0.47059
position  2:    T:0.23529    C:0.11765    A:0.64706    G:0.00000
position  3:    T:0.29412    C:0.11765    A:0.29412    G:0.29412
Average         T:0.17647    C:0.07843    A:0.49020    G:0.25490

#39: BlueSheep      
position  1:    T:0.00000    C:0.00000    A:0.52941    G:0.47059
position  2:    T:0.23529    C:0.11765    A:0.64706    G:0.00000
position  3:    T:0.29412    C:0.11765    A:0.29412    G:0.29412
Average         T:0.17647    C:0.07843    A:0.49020    G:0.25490

#40: BohorReedbuck  
position  1:    T:0.00000    C:0.00000    A:0.52941    G:0.47059
position  2:    T:0.23529    C:0.11765    A:0.64706    G:0.00000
position  3:    T:0.29412    C:0.11765    A:0.35294    G:0.23529
Average         T:0.17647    C:0.07843    A:0.50980    G:0.23529

#41: KirksDik       
position  1:    T:0.00000    C:0.00000    A:0.52941    G:0.47059
position  2:    T:0.23529    C:0.11765    A:0.64706    G:0.00000
position  3:    T:0.29412    C:0.11765    A:0.35294    G:0.23529
Average         T:0.17647    C:0.07843    A:0.50980    G:0.23529

#42: RoeDeer        
position  1:    T:0.00000    C:0.00000    A:0.52941    G:0.47059
position  2:    T:0.17647    C:0.17647    A:0.58824    G:0.05882
position  3:    T:0.29412    C:0.11765    A:0.23529    G:0.35294
Average         T:0.15686    C:0.09804    A:0.45098    G:0.29412

#43: WhiteLippedDeer
position  1:    T:0.00000    C:0.00000    A:0.52941    G:0.47059
position  2:    T:0.23529    C:0.11765    A:0.58824    G:0.05882
position  3:    T:0.29412    C:0.11765    A:0.29412    G:0.29412
Average         T:0.17647    C:0.07843    A:0.47059    G:0.27451

#44: ThomsonGazelle 
position  1:    T:0.00000    C:0.00000    A:0.52941    G:0.47059
position  2:    T:0.23529    C:0.11765    A:0.64706    G:0.00000
position  3:    T:0.29412    C:0.05882    A:0.41176    G:0.23529
Average         T:0.17647    C:0.05882    A:0.52941    G:0.23529

#45: MuntiacusCrinifrons
position  1:    T:0.00000    C:0.00000    A:0.52941    G:0.47059
position  2:    T:0.17647    C:0.17647    A:0.58824    G:0.05882
position  3:    T:0.29412    C:0.11765    A:0.29412    G:0.29412
Average         T:0.15686    C:0.09804    A:0.47059    G:0.27451

#46: WhiteTailedDeer
position  1:    T:0.00000    C:0.00000    A:0.52941    G:0.47059
position  2:    T:0.23529    C:0.11765    A:0.58824    G:0.05882
position  3:    T:0.29412    C:0.11765    A:0.29412    G:0.29412
Average         T:0.17647    C:0.07843    A:0.47059    G:0.27451

#47: Cattle         
position  1:    T:0.00000    C:0.00000    A:0.52941    G:0.47059
position  2:    T:0.23529    C:0.11765    A:0.64706    G:0.00000
position  3:    T:0.29412    C:0.11765    A:0.29412    G:0.29412
Average         T:0.17647    C:0.07843    A:0.49020    G:0.25490

#48: RoyalAntelope  
position  1:    T:0.00000    C:0.00000    A:0.52941    G:0.47059
position  2:    T:0.23529    C:0.11765    A:0.64706    G:0.00000
position  3:    T:0.29412    C:0.11765    A:0.23529    G:0.35294
Average         T:0.17647    C:0.07843    A:0.47059    G:0.27451

#49: Steenbok       
position  1:    T:0.00000    C:0.00000    A:0.52941    G:0.47059
position  2:    T:0.23529    C:0.11765    A:0.64706    G:0.00000
position  3:    T:0.29412    C:0.11765    A:0.35294    G:0.23529
Average         T:0.17647    C:0.07843    A:0.50980    G:0.23529

#50: Impala         
position  1:    T:0.00000    C:0.00000    A:0.52941    G:0.47059
position  2:    T:0.23529    C:0.11765    A:0.64706    G:0.00000
position  3:    T:0.29412    C:0.11765    A:0.35294    G:0.23529
Average         T:0.17647    C:0.07843    A:0.50980    G:0.23529

#51: Klipspringer   
position  1:    T:0.00000    C:0.00000    A:0.52941    G:0.47059
position  2:    T:0.23529    C:0.11765    A:0.64706    G:0.00000
