1
52 1
Argali 0.000000 0.575300 0.093200 0.273300 0.059400 0.028900 0.139500 0.107200 0.091800 0.212400 0.059900 0.110400 0.075300 0.141700 0.044400 0.099900 0.179700 0.198700 0.059000 0.091600 0.140200 0.073900 0.210000 0.250200 0.075200 0.089400 0.075300 0.075100 0.090000 0.075100 0.190600 0.123200 0.178800 0.075300 0.091000 0.092200 0.074800 0.059400 0.104800 0.265000 0.248400 0.104900 0.231000 0.250200 0.092200 0.091600 0.106300 0.101500 0.107600 0.158000 0.059700 0.075800
LesserMous 0.575300 0.000000 0.500700 0.450800 0.458400 0.516400 0.536100 0.482800 0.490000 0.575200 0.509200 0.440500 0.487800 0.513400 0.493900 0.447100 0.431600 0.404900 0.604900 0.523400 0.537700 0.529100 0.563200 0.558000 0.538200 0.445300 0.467700 0.487500 0.449600 0.487500 0.605200 0.509300 0.515100 0.487700 0.588700 0.466300 0.577000 0.458400 0.467900 0.639700 0.552000 0.413400 0.601800 0.558000 0.466300 0.458600 0.482200 0.466100 0.426100 0.396600 0.524700 0.495600
LesserKudu 0.093200 0.500700 0.000000 0.218800 0.029900 0.094500 0.109000 0.077100 0.030100 0.222300 0.077300 0.096200 0.045600 0.110800 0.045900 0.060200 0.185400 0.167100 0.109700 0.061300 0.092500 0.108300 0.219500 0.216700 0.093200 0.060000 0.045700 0.045300 0.060200 0.045300 0.199400 0.092800 0.147100 0.045600 0.093600 0.061700 0.110300 0.029000 0.075400 0.277300 0.259600 0.075500 0.242000 0.260300 0.061700 0.061600 0.076100 0.075100 0.077500 0.127600 0.061400 0.045900
KillerWhal 0.273300 0.450800 0.218800 0.000000 0.195300 0.235500 0.291300 0.252900 0.215400 0.321000 0.251700 0.257900 0.214800 0.296100 0.216100 0.230500 0.276400 0.256400 0.292900 0.235100 0.292700 0.289000 0.316500 0.314700 0.270700 0.229000 0.215100 0.214200 0.230700 0.214200 0.295400 0.271700 0.256200 0.214900 0.274700 0.197600 0.293300 0.195300 0.246900 0.402800 0.359400 0.247600 0.341700 0.363000 0.197600 0.235100 0.251200 0.246700 0.254100 0.175400 0.235300 0.216700
DefassaWat 0.059400 0.458400 0.029900 0.195300 0.000000 0.060200 0.074400 0.044200 0.028800 0.175100 0.059900 0.077500 0.014600 0.075500 0.014600 0.028800 0.144300 0.127300 0.074900 0.028700 0.074700 0.074000 0.173200 0.171000 0.075200 0.028700 0.014600 0.014200 0.028800 0.014300 0.154400 0.059100 0.109000 0.014600 0.059600 0.028500 0.075200 0.000000 0.043300 0.227200 0.210300 0.043300 0.193400 0.210900 0.029500 0.029400 0.043700 0.043200 0.044400 0.091400 0.029400 0.014600
Sheep 0.028900 0.516400 0.094500 0.235500 0.060200 0.000000 0.141500 0.108800 0.093100 0.175300 0.060600 0.112000 0.076300 0.143700 0.045000 0.101200 0.145300 0.163600 0.059800 0.092800 0.142100 0.074800 0.173500 0.212200 0.076100 0.090500 0.076400 0.076100 0.091200 0.076100 0.154600 0.124900 0.144600 0.076400 0.092200 0.093400 0.075800 0.060200 0.106100 0.227000 0.210600 0.106300 0.193500 0.212200 0.093400 0.093000 0.107700 0.102900 0.109200 0.125100 0.060500 0.076900
MaxwellsDu 0.139500 0.536100 0.109000 0.291300 0.074400 0.141500 0.000000 0.090100 0.107400 0.234700 0.140700 0.162100 0.075000 0.029000 0.091300 0.073400 0.196800 0.178900 0.156700 0.106900 0.122100 0.154600 0.231700 0.229100 0.157300 0.073200 0.075100 0.090200 0.073200 0.090200 0.212100 0.014200 0.159900 0.075100 0.140100 0.107500 0.157100 0.074400 0.088200 0.289700 0.271500 0.088400 0.254300 0.272500 0.107500 0.044200 0.089100 0.088000 0.059300 0.175300 0.107000 0.091500
GazellaPrz 0.107200 0.482800 0.077100 0.252900 0.044200 0.108800 0.090100 0.000000 0.075900 0.236600 0.108200 0.128200 0.060000 0.091500 0.060300 0.014300 0.161900 0.144500 0.123800 0.075600 0.059200 0.122200 0.233600 0.230900 0.124300 0.014200 0.060100 0.059500 0.013900 0.059500 0.213900 0.074600 0.161400 0.060100 0.107700 0.076000 0.091500 0.044200 0.028500 0.291100 0.273300 0.028600 0.256200 0.274300 0.076000 0.044600 0.028800 0.058000 0.059800 0.141600 0.075600 0.060400
MountainNy 0.091800 0.490000 0.030100 0.215400 0.028800 0.093100 0.107400 0.075900 0.000000 0.218000 0.076200 0.094600 0.044900 0.109100 0.045200 0.059300 0.182300 0.164400 0.108100 0.029600 0.107800 0.106700 0.215300 0.212600 0.091800 0.059100 0.045000 0.014600 0.059300 0.014600 0.195600 0.091400 0.144800 0.045000 0.092100 0.060700 0.108600 0.028800 0.074200 0.272100 0.254600 0.074400 0.237200 0.255300 0.060700 0.060600 0.075000 0.074100 0.076300 0.125600 0.029700 0.045200
MuntiacusM 0.212400 0.575200 0.222300 0.321000 0.175100 0.175300 0.234700 0.236600 0.218000 0.000000 0.258600 0.202200 0.195700 0.239300 0.156900 0.210900 0.240100 0.219600 0.212400 0.217000 0.277600 0.272900 0.000100 0.034400 0.279100 0.210300 0.196100 0.194900 0.212200 0.194900 0.017100 0.214900 0.239800 0.195800 0.215500 0.177400 0.278400 0.175100 0.228900 0.086400 0.034100 0.229700 0.017100 0.034400 0.177400 0.177700 0.233600 0.227800 0.197000 0.173600 0.176000 0.196800
goat 0.059900 0.509200 0.077300 0.251700 0.059900 0.060600 0.140700 0.108200 0.076200 0.258600 0.000000 0.110700 0.075900 0.143000 0.076400 0.090300 0.145000 0.163300 0.075300 0.092400 0.141400 0.043600 0.255400 0.253400 0.014400 0.090000 0.076000 0.075700 0.090700 0.075700 0.234800 0.124200 0.180500 0.075900 0.125300 0.093000 0.044400 0.059900 0.105600 0.313500 0.296300 0.105700 0.278300 0.298600 0.093000 0.092500 0.107100 0.105300 0.108600 0.159400 0.092500 0.076500
AfricanBuf 0.110400 0.440500 0.096200 0.257900 0.077500 0.112000 0.162100 0.128200 0.094600 0.202200 0.110700 0.000000 0.094800 0.146100 0.062100 0.109400 0.206300 0.187500 0.110100 0.111600 0.162800 0.161200 0.199700 0.239600 0.127100 0.109100 0.094900 0.094000 0.109500 0.094000 0.179900 0.144900 0.166500 0.094900 0.110800 0.078400 0.128300 0.077500 0.125300 0.256400 0.239000 0.125600 0.221500 0.239600 0.078400 0.111900 0.126700 0.124900 0.128800 0.111100 0.077900 0.095500
Topi 0.075300 0.487800 0.045600 0.214800 0.014600 0.076300 0.075000 0.060000 0.044900 0.195700 0.075900 0.094800 0.000000 0.092300 0.029600 0.043800 0.162800 0.145300 0.091200 0.044800 0.091400 0.090000 0.193400 0.192100 0.091500 0.043700 0.000000 0.029400 0.044000 0.029400 0.174300 0.075300 0.127200 0.000000 0.075900 0.045000 0.091600 0.014600 0.058500 0.248900 0.231600 0.058600 0.214500 0.233600 0.045000 0.045000 0.059300 0.058300 0.060300 0.108100 0.044800 0.029700
CommonDuik 0.141700 0.513400 0.110800 0.296100 0.075500 0.143700 0.029000 0.091500 0.109100 0.239300 0.143000 0.146100 0.092300 0.000000 0.092800 0.074500 0.200000 0.181800 0.159000 0.108600 0.124000 0.156900 0.236200 0.233400 0.159800 0.074200 0.092500 0.091600 0.074500 0.091600 0.216200 0.014400 0.162400 0.092400 0.142300 0.109200 0.159600 0.075500 0.089500 0.295000 0.276800 0.089700 0.259300 0.277800 0.109200 0.044800 0.090400 0.089300 0.060200 0.178100 0.108700 0.092900
Suni 0.044400 0.493900 0.045900 0.216100 0.014600 0.045000 0.091300 0.060300 0.045200 0.156900 0.076400 0.062100 0.029600 0.092800 0.000000 0.044000 0.163800 0.146200 0.075300 0.045000 0.091800 0.090500 0.155200 0.193300 0.092100 0.043900 0.029700 0.029500 0.044200 0.029500 0.136700 0.075600 0.127600 0.029700 0.044700 0.045300 0.092000 0.014600 0.058800 0.208400 0.191800 0.058800 0.175000 0.193300 0.045300 0.045100 0.059600 0.058600 0.060600 0.108600 0.014700 0.029800
Springbuck 0.099900 0.447100 0.060200 0.230500 0.028800 0.101200 0.073400 0.014300 0.059300 0.210900 0.090300 0.109400 0.043800 0.074500 0.044000 0.000000 0.141500 0.124800 0.105400 0.059100 0.043400 0.104100 0.208300 0.207100 0.105900 0.000100 0.043900 0.043700 0.000000 0.043700 0.189400 0.058400 0.141700 0.043900 0.090200 0.059500 0.105800 0.028800 0.021800 0.263600 0.246300 0.014000 0.229600 0.248500 0.059500 0.029000 0.014100 0.042400 0.043800 0.122400 0.059200 0.044100
Okapi 0.179700 0.431600 0.185400 0.276400 0.144300 0.145300 0.196800 0.161900 0.182300 0.240100 0.145000 0.206300 0.162800 0.200000 0.163800 0.141500 0.000000 0.014900 0.212500 0.181700 0.197600 0.159000 0.237200 0.235500 0.162100 0.141100 0.163100 0.162200 0.142200 0.162200 0.216900 0.179000 0.201800 0.162900 0.219400 0.146100 0.161800 0.144300 0.157500 0.296500 0.277400 0.158000 0.259800 0.279900 0.146100 0.145300 0.160200 0.157000 0.162600 0.143300 0.181900 0.164000
Giraffe 0.198700 0.404900 0.167100 0.256400 0.127300 0.163600 0.178900 0.144500 0.164400 0.219600 0.163300 0.187500 0.145300 0.181800 0.146200 0.124800 0.014900 0.000000 0.217500 0.163800 0.179600 0.177400 0.217000 0.215400 0.180800 0.124400 0.145500 0.144800 0.125400 0.144800 0.197100 0.161400 0.183300 0.145400 0.200700 0.128800 0.180500 0.127300 0.140600 0.275000 0.256500 0.141000 0.239000 0.258800 0.128800 0.128200 0.143000 0.140200 0.145200 0.126400 0.164000 0.146400
TibetanAnt 0.059000 0.604900 0.109700 0.292900 0.074900 0.059800 0.156700 0.123800 0.108100 0.212400 0.075300 0.110100 0.091200 0.159000 0.075300 0.105400 0.212500 0.217500 0.000000 0.107700 0.157400 0.089300 0.209800 0.229600 0.090800 0.105100 0.091300 0.090800 0.105900 0.090800 0.190800 0.139900 0.160700 0.091200 0.123400 0.108300 0.059100 0.074900 0.120700 0.224300 0.248200 0.121000 0.231200 0.250400 0.108300 0.108000 0.122500 0.120300 0.124400 0.140500 0.091200 0.091700
Sitatunga 0.091600 0.523400 0.061300 0.235100 0.028700 0.092800 0.106900 0.075600 0.029600 0.217000 0.092400 0.111600 0.044800 0.108600 0.045000 0.059100 0.181700 0.163800 0.107700 0.000000 0.107400 0.106400 0.214400 0.211500 0.108300 0.058900 0.044800 0.014500 0.059100 0.014300 0.194700 0.091100 0.144100 0.044800 0.091800 0.058400 0.108200 0.029300 0.074000 0.270700 0.253400 0.074100 0.236100 0.254000 0.060600 0.060400 0.059100 0.073800 0.075900 0.125100 0.029600 0.045100
Oribi 0.140200 0.537700 0.092500 0.292700 0.074700 0.142100 0.122100 0.059200 0.107800 0.277600 0.141400 0.162800 0.091400 0.124000 0.091800 0.043400 0.197600 0.179600 0.157400 0.107400 0.000000 0.155300 0.273800 0.270900 0.158100 0.043300 0.091500 0.090600 0.043400 0.090600 0.253600 0.106000 0.197200 0.091400 0.140000 0.108000 0.157900 0.074700 0.058000 0.334200 0.315400 0.058100 0.298000 0.316500 0.108000 0.075300 0.058500 0.088400 0.091000 0.176000 0.107500 0.091900
BarbaryShe 0.073900 0.529100 0.108300 0.289000 0.074000 0.074800 0.154600 0.122200 0.106700 0.272900 0.043600 0.161200 0.090000 0.156900 0.090500 0.104100 0.159000 0.177400 0.089300 0.106400 0.155300 0.000000 0.269500 0.267600 0.058400 0.103800 0.090100 0.089700 0.104500 0.089700 0.249200 0.138100 0.194700 0.090000 0.139300 0.107000 0.058400 0.074000 0.119200 0.282400 0.265500 0.087500 0.292600 0.267600 0.107000 0.106600 0.121000 0.118900 0.089900 0.173300 0.106500 0.090600
Daviddeer 0.210000 0.563200 0.219500 0.316500 0.173200 0.173500 0.231700 0.233600 0.215300 0.000100 0.255400 0.199700 0.193400 0.236200 0.155200 0.208300 0.237200 0.217000 0.209800 0.214400 0.273800 0.269500 0.000000 0.034000 0.275500 0.207900 0.193900 0.192700 0.209700 0.192700 0.017000 0.212200 0.236800 0.193600 0.212900 0.175400 0.274800 0.173200 0.226100 0.085600 0.033600 0.226900 0.017000 0.034000 0.175400 0.175700 0.230700 0.225900 0.194600 0.171700 0.174100 0.195200
Reindeer 0.250200 0.558000 0.216700 0.314700 0.171000 0.212200 0.229100 0.230900 0.212600 0.034400 0.253400 0.239600 0.192100 0.233400 0.193300 0.207100 0.235500 0.215400 0.229600 0.211500 0.270900 0.267600 0.034000 0.000000 0.273500 0.206500 0.192600 0.190300 0.207200 0.190300 0.051800 0.209700 0.234100 0.192200 0.252400 0.173100 0.272900 0.171000 0.224700 0.085000 0.068600 0.225600 0.051700 0.033600 0.173100 0.173600 0.227900 0.223700 0.192500 0.170600 0.211800 0.193600
Ibex 0.075200 0.538200 0.093200 0.270700 0.075200 0.076100 0.157300 0.124300 0.091800 0.279100 0.014400 0.127100 0.091500 0.159800 0.092100 0.105900 0.162100 0.180800 0.090800 0.108300 0.158100 0.058400 0.275500 0.273500 0.000000 0.105600 0.091600 0.091300 0.106300 0.091300 0.254600 0.140600 0.198400 0.091600 0.141800 0.109000 0.059400 0.075200 0.121400 0.335100 0.317400 0.121500 0.299200 0.320000 0.109000 0.108500 0.123100 0.121000 0.124800 0.176500 0.108400 0.092200
GyrantGaze 0.089400 0.445300 0.060000 0.229000 0.028700 0.090500 0.073200 0.014200 0.059100 0.210300 0.090000 0.109100 0.043700 0.074200 0.043900 0.000100 0.141100 0.124400 0.105100 0.058900 0.043300 0.103800 0.207900 0.206500 0.105600 0.000000 0.043700 0.043500 0.000000 0.043500 0.188900 0.058100 0.141300 0.043700 0.089900 0.059200 0.105500 0.028700 0.013900 0.263200 0.245900 0.013500 0.229100 0.248100 0.059200 0.028900 0.014100 0.042300 0.043700 0.122100 0.059000 0.043900
Hartebeest 0.075300 0.467700 0.045700 0.215100 0.014600 0.076400 0.075100 0.060100 0.045000 0.196100 0.076000 0.094900 0.000000 0.092500 0.029700 0.043900 0.163100 0.145500 0.091300 0.044800 0.091500 0.090100 0.193900 0.192600 0.091600 0.043700 0.000000 0.029400 0.044000 0.029400 0.174600 0.075400 0.127300 0.000100 0.076000 0.045100 0.091600 0.014600 0.058500 0.249500 0.232200 0.058600 0.215000 0.234200 0.045100 0.045000 0.059300 0.058400 0.060400 0.108300 0.044800 0.029700
Bongo 0.075100 0.487500 0.045300 0.214200 0.014200 0.076100 0.090200 0.059500 0.014600 0.194900 0.075700 0.094000 0.029400 0.091600 0.029500 0.043700 0.162200 0.144800 0.090800 0.014500 0.090600 0.089700 0.192700 0.190300 0.091300 0.043500 0.029400 0.000000 0.043700 0.000000 0.173600 0.074700 0.126000 0.029400 0.075300 0.044700 0.091200 0.014400 0.058300 0.247800 0.230600 0.058400 0.213600 0.231200 0.044700 0.043600 0.058800 0.058200 0.059800 0.107700 0.014600 0.029600
Gerenuk 0.090000 0.449600 0.060200 0.230700 0.028800 0.091200 0.073200 0.013900 0.059300 0.212200 0.090700 0.109500 0.044000 0.074500 0.044200 0.000000 0.142200 0.125400 0.105900 0.059100 0.043400 0.104500 0.209700 0.207200 0.106300 0.000000 0.044000 0.043700 0.000000 0.043700 0.190600 0.058300 0.141700 0.044000 0.090200 0.059400 0.106300 0.028800 0.014000 0.265500 0.248100 0.014000 0.231100 0.248800 0.059400 0.028300 0.013800 0.042600 0.043500 0.123000 0.057100 0.044200
CommonElan 0.075100 0.487500 0.045300 0.214200 0.014300 0.076100 0.090200 0.059500 0.014600 0.194900 0.075700 0.094000 0.029400 0.091600 0.029500 0.043700 0.162200 0.144800 0.090800 0.014300 0.090600 0.089700 0.192700 0.190300 0.091300 0.043500 0.029400 0.000000 0.043700 0.000000 0.173600 0.074700 0.126000 0.029400 0.075300 0.044500 0.091200 0.014400 0.058300 0.247800 0.230600 0.058400 0.213600 0.231200 0.044700 0.043200 0.058800 0.058200 0.059800 0.107700 0.014300 0.029600
MuntiacusR 0.190600 0.605200 0.199400 0.295400 0.154400 0.154600 0.212100 0.213900 0.195600 0.017100 0.234800 0.179900 0.174300 0.216200 0.136700 0.189400 0.216900 0.197100 0.190800 0.194700 0.253600 0.249200 0.017000 0.051800 0.254600 0.188900 0.174600 0.173600 0.190600 0.173600 0.000000 0.192800 0.216700 0.174500 0.193400 0.156400 0.254200 0.154400 0.206900 0.104300 0.051400 0.207700 0.032400 0.051800 0.156400 0.156700 0.211000 0.206000 0.175500 0.153300 0.155200 0.175100
HarveysDui 0.123200 0.509300 0.092800 0.271700 0.059100 0.124900 0.014200 0.074600 0.091400 0.214900 0.124200 0.144900 0.075300 0.014400 0.075600 0.058400 0.179000 0.161400 0.139900 0.091100 0.106000 0.138100 0.212200 0.209700 0.140600 0.058100 0.075400 0.074700 0.058300 0.074700 0.192800 0.000000 0.142700 0.075300 0.123600 0.091600 0.140400 0.059100 0.073000 0.268800 0.251200 0.073200 0.234100 0.252000 0.091600 0.029200 0.073700 0.072800 0.044200 0.158100 0.091100 0.075700
Pronghorn 0.178800 0.515100 0.147100 0.256200 0.109000 0.144600 0.159900 0.161400 0.144800 0.239800 0.180500 0.166500 0.127200 0.162400 0.127600 0.141700 0.201800 0.183300 0.160700 0.144100 0.197200 0.194700 0.236800 0.234100 0.198400 0.141300 0.127300 0.126000 0.141700 0.126000 0.216700 0.142700 0.000000 0.127200 0.179900 0.144900 0.161200 0.109000 0.157700 0.251600 0.277500 0.158300 0.259800 0.278400 0.144900 0.144900 0.159500 0.157200 0.162300 0.109000 0.144300 0.127800
BlueWildeb 0.075300 0.487700 0.045600 0.214900 0.014600 0.076400 0.075100 0.060100 0.045000 0.195800 0.075900 0.094900 0.000000 0.092400 0.029700 0.043900 0.162900 0.145400 0.091200 0.044800 0.091400 0.090000 0.193600 0.192200 0.091600 0.043700 0.000100 0.029400 0.044000 0.029400 0.174500 0.075300 0.127200 0.000000 0.076000 0.045000 0.091600 0.014600 0.058500 0.249100 0.231800 0.058600 0.214700 0.233800 0.045000 0.045000 0.059300 0.058400 0.060400 0.108200 0.044900 0.029700
Gemsbok 0.091000 0.588700 0.093600 0.274700 0.059600 0.092200 0.140100 0.107700 0.092100 0.215500 0.125300 0.110800 0.075900 0.142300 0.044700 0.090200 0.219400 0.200700 0.123400 0.091800 0.140000 0.139300 0.212900 0.252400 0.141800 0.089900 0.076000 0.075300 0.090200 0.075300 0.193400 0.123600 0.179900 0.076000 0.000000 0.092300 0.141700 0.057400 0.105400 0.269100 0.251700 0.105600 0.234600 0.252400 0.092300 0.092100 0.106500 0.105100 0.108200 0.159400 0.059900 0.076400
Yak 0.092200 0.466300 0.061700 0.197600 0.028500 0.093400 0.107500 0.076000 0.060700 0.177400 0.093000 0.078400 0.045000 0.109200 0.045300 0.059500 0.146100 0.128800 0.108300 0.058400 0.108000 0.107000 0.175400 0.173100 0.109000 0.059200 0.045100 0.044700 0.059400 0.044500 0.156400 0.091600 0.144900 0.045000 0.092300 0.000000 0.108900 0.028700 0.074400 0.272500 0.213000 0.074500 0.195900 0.213500 0.000000 0.060700 0.075200 0.074200 0.076300 0.092400 0.060600 0.045300
BlueSheep 0.074800 0.577000 0.110300 0.293300 0.075200 0.075800 0.157100 0.091500 0.108600 0.278400 0.044400 0.128300 0.091600 0.159600 0.092000 0.105800 0.161800 0.180500 0.059100 0.108200 0.157900 0.058400 0.274800 0.272900 0.059400 0.105500 0.091600 0.091200 0.106300 0.091200 0.254200 0.140400 0.161200 0.091600 0.141700 0.108900 0.000000 0.075200 0.121100 0.288500 0.316000 0.121400 0.298400 0.318800 0.108900 0.108500 0.123000 0.120800 0.124900 0.140400 0.108300 0.092100
BohorReedb 0.059400 0.458400 0.029000 0.195300 0.000000 0.060200 0.074400 0.044200 0.028800 0.175100 0.059900 0.077500 0.014600 0.075500 0.014600 0.028800 0.144300 0.127300 0.074900 0.029300 0.074700 0.074000 0.173200 0.171000 0.075200 0.028700 0.014600 0.014400 0.028800 0.014400 0.154400 0.059100 0.109000 0.014600 0.057400 0.028700 0.075200 0.000000 0.043300 0.227200 0.210300 0.043300 0.193400 0.210900 0.029500 0.029400 0.043700 0.043200 0.044400 0.091400 0.029400 0.014600
KirksDik 0.104800 0.467900 0.075400 0.246900 0.043300 0.106100 0.088200 0.028500 0.074200 0.228900 0.105600 0.125300 0.058500 0.089500 0.058800 0.021800 0.157500 0.140600 0.120700 0.074000 0.058000 0.119200 0.226100 0.224700 0.121400 0.013900 0.058500 0.058300 0.014000 0.058300 0.206900 0.073000 0.157700 0.058500 0.105400 0.074400 0.121100 0.043300 0.000000 0.282000 0.264700 0.027900 0.247800 0.267000 0.074400 0.043600 0.028200 0.068300 0.058500 0.137900 0.074100 0.058800
RoeDeer 0.265000 0.639700 0.277300 0.402800 0.227200 0.227000 0.289700 0.291100 0.272100 0.086400 0.313500 0.256400 0.248900 0.295000 0.208400 0.263600 0.296500 0.275000 0.224300 0.270700 0.334200 0.282400 0.085600 0.085000 0.335100 0.263200 0.249500 0.247800 0.265500 0.247800 0.104300 0.268800 0.251600 0.249100 0.269100 0.272500 0.288500 0.227200 0.282000 0.000000 0.084200 0.240900 0.104100 0.049800 0.272500 0.230800 0.287900 0.280600 0.209000 0.225200 0.228100 0.250700
WhiteLippe 0.248400 0.552000 0.259600 0.359400 0.210300 0.210600 0.271500 0.273300 0.254600 0.034100 0.296300 0.239000 0.231600 0.276800 0.191800 0.246300 0.277400 0.256500 0.248200 0.253400 0.315400 0.265500 0.033600 0.068600 0.317400 0.245900 0.232200 0.230600 0.248100 0.230600 0.051400 0.251200 0.277500 0.231800 0.251700 0.213000 0.316000 0.210300 0.264700 0.084200 0.000000 0.223700 0.051300 0.033500 0.213000 0.213500 0.270200 0.264300 0.191800 0.208500 0.211300 0.233600
ThomsonGaz 0.104900 0.413400 0.075500 0.247600 0.043300 0.106300 0.088400 0.028600 0.074400 0.229700 0.105700 0.125600 0.058600 0.089700 0.058800 0.014000 0.158000 0.141000 0.121000 0.074100 0.058100 0.087500 0.226900 0.225600 0.121500 0.013500 0.058600 0.058400 0.014000 0.058400 0.207700 0.073200 0.158300 0.058600 0.105600 0.074500 0.121400 0.043300 0.027900 0.240900 0.223700 0.000000 0.248900 0.225600 0.074500 0.043700 0.028300 0.056800 0.028700 0.138400 0.074200 0.058900
MuntiacusC 0.231000 0.601800 0.242000 0.341700 0.193400 0.193500 0.254300 0.256200 0.237200 0.017100 0.278300 0.221500 0.214500 0.259300 0.175000 0.229600 0.259800 0.239000 0.231200 0.236100 0.298000 0.292600 0.017000 0.051700 0.299200 0.229100 0.215000 0.213600 0.231100 0.213600 0.032400 0.234100 0.259800 0.214700 0.234600 0.195900 0.298400 0.193400 0.247800 0.104100 0.051300 0.248900 0.000000 0.051700 0.195900 0.196500 0.252900 0.246600 0.216100 0.191800 0.194400 0.215500
WhiteTaile 0.250200 0.558000 0.260300 0.363000 0.210900 0.212200 0.272500 0.274300 0.255300 0.034400 0.298600 0.239600 0.233600 0.277800 0.193300 0.248500 0.279900 0.258800 0.250400 0.254000 0.316500 0.267600 0.034000 0.033600 0.320000 0.248100 0.234200 0.231200 0.248800 0.231200 0.051800 0.252000 0.278400 0.233800 0.252400 0.213500 0.318800 0.210900 0.267000 0.049800 0.033500 0.225600 0.051700 0.000000 0.213500 0.214200 0.270900 0.265600 0.192500 0.210200 0.211800 0.235500
Cattle 0.092200 0.466300 0.061700 0.197600 0.029500 0.093400 0.107500 0.076000 0.060700 0.177400 0.093000 0.078400 0.045000 0.109200 0.045300 0.059500 0.146100 0.128800 0.108300 0.060600 0.108000 0.107000 0.175400 0.173100 0.109000 0.059200 0.045100 0.044700 0.059400 0.044700 0.156400 0.091600 0.144900 0.045000 0.092300 0.000000 0.108900 0.029500 0.074400 0.272500 0.213000 0.074500 0.195900 0.213500 0.000000 0.060700 0.075200 0.074200 0.076200 0.092400 0.060600 0.045300
RoyalAntel 0.091600 0.458600 0.061600 0.235100 0.029400 0.093000 0.044200 0.044600 0.060600 0.177700 0.092500 0.111900 0.045000 0.044800 0.045100 0.029000 0.145300 0.128200 0.108000 0.060400 0.075300 0.106600 0.175700 0.173600 0.108500 0.028900 0.045000 0.043600 0.028300 0.043200 0.156700 0.029200 0.144900 0.045000 0.092100 0.060700 0.108500 0.029400 0.043600 0.230800 0.213500 0.043700 0.196500 0.214200 0.060700 0.000000 0.044000 0.043500 0.014700 0.125600 0.060400 0.045200
Steenbok 0.106300 0.482200 0.076100 0.251200 0.043700 0.107700 0.089100 0.028800 0.075000 0.233600 0.107100 0.126700 0.059300 0.090400 0.059600 0.014100 0.160200 0.143000 0.122500 0.059100 0.058500 0.121000 0.230700 0.227900 0.123100 0.014100 0.059300 0.058800 0.013800 0.058800 0.211000 0.073700 0.159500 0.059300 0.106500 0.075200 0.123000 0.043700 0.028200 0.287900 0.270200 0.028300 0.252900 0.270900 0.075200 0.044000 0.000000 0.057400 0.059000 0.140100 0.074800 0.059700
Impala 0.101500 0.466100 0.075100 0.246700 0.043200 0.102900 0.088000 0.058000 0.074100 0.227800 0.105300 0.124900 0.058300 0.089300 0.058600 0.042400 0.157000 0.140200 0.120300 0.073800 0.088400 0.118900 0.225900 0.223700 0.121000 0.042300 0.058400 0.058200 0.042600 0.058200 0.206000 0.072800 0.157200 0.058400 0.105100 0.074200 0.120800 0.043200 0.068300 0.280600 0.264300 0.056800 0.246600 0.265600 0.074200 0.043500 0.057400 0.000000 0.058300 0.137500 0.073900 0.058700
Klipspring 0.107600 0.426100 0.077500 0.254100 0.044400 0.109200 0.059300 0.059800 0.076300 0.197000 0.108600 0.128800 0.060300 0.060200 0.060600 0.043800 0.162600 0.145200 0.124400 0.075900 0.091000 0.089900 0.194600 0.192500 0.124800 0.043700 0.060400 0.059800 0.043500 0.059800 0.175500 0.044200 0.162300 0.060400 0.108200 0.076300 0.124900 0.044400 0.058500 0.209000 0.191800 0.028700 0.216100 0.192500 0.076200 0.014700 0.059000 0.058300 0.000000 0.142400 0.076000 0.060600
ForestMusk 0.158000 0.396600 0.127600 0.175400 0.091400 0.125100 0.175300 0.141600 0.125600 0.173600 0.159400 0.111100 0.108100 0.178100 0.108600 0.122400 0.143300 0.126400 0.140500 0.125100 0.176000 0.173300 0.171700 0.170600 0.176500 0.122100 0.108300 0.107700 0.123000 0.107700 0.153300 0.158100 0.109000 0.108200 0.159400 0.092400 0.140400 0.091400 0.137900 0.225200 0.208500 0.138400 0.191800 0.210200 0.092400 0.125600 0.140100 0.137500 0.142400 0.000000 0.125200 0.108800
Bushbuck 0.059700 0.524700 0.061400 0.235300 0.029400 0.060500 0.107000 0.075600 0.029700 0.176000 0.092500 0.077900 0.044800 0.108700 0.014700 0.059200 0.181900 0.164000 0.091200 0.029600 0.107500 0.106500 0.174100 0.211800 0.108400 0.059000 0.044800 0.014600 0.057100 0.014300 0.155200 0.091100 0.144300 0.044900 0.059900 0.060600 0.108300 0.029400 0.074100 0.228100 0.211300 0.074200 0.194400 0.211800 0.060600 0.060400 0.074800 0.073900 0.076000 0.125200 0.000000 0.045100
GreaterKud 0.075800 0.495600 0.045900 0.216700 0.014600 0.076900 0.091500 0.060400 0.045200 0.196800 0.076500 0.095500 0.029700 0.092900 0.029800 0.044100 0.164000 0.146400 0.091700 0.045100 0.091900 0.090600 0.195200 0.193600 0.092200 0.043900 0.029700 0.029600 0.044200 0.029600 0.175100 0.075700 0.127800 0.029700 0.076400 0.045300 0.092100 0.014600 0.058800 0.250700 0.233600 0.058900 0.215500 0.235500 0.045300 0.045200 0.059700 0.058700 0.060600 0.108800 0.045100 0.000000
