CODONML (in paml version 4.10.7, June 2023)  /home/rachel/ruminants_paml/6406-phy-tree/ENSBTAT00000017827.fasta.phy
Model: free dN/dS Ratios for branches,  kappa = 2.000 fixed

Codon frequency model: F3x4
ns =  54  ls =  34

Codon usage in sequences
--------------------------------------------------------------------------------------------------------------------------------------
Phe TTT   0   0   0   0   0   0 | Ser TCT   0   0   0   0   0   0 | Tyr TAT   0   0   0   0   0   1 | Cys TGT   0   0   0   0   0   0
    TTC   1   1   1   1   1   1 |     TCC   0   0   0   0   0   0 |     TAC   2   2   2   2   2   1 |     TGC   0   0   0   0   0   0
Leu TTA   0   0   0   0   0   0 |     TCA   2   1   2   2   1   2 | *** TAA   0   0   0   0   0   0 | *** TGA   0   0   0   0   0   0
    TTG   1   1   1   1   1   1 |     TCG   0   1   0   0   1   0 |     TAG   0   0   0   0   0   0 | Trp TGG   0   0   0   0   0   0
--------------------------------------------------------------------------------------------------------------------------------------
Leu CTT   1   1   1   1   1   1 | Pro CCT   0   0   0   0   0   0 | His CAT   0   0   0   0   1   0 | Arg CGT   0   0   0   0   0   0
    CTC   0   0   0   0   0   0 |     CCC   0   0   0   0   0   0 |     CAC   1   1   1   1   1   1 |     CGC   2   2   2   2   2   2
    CTA   0   0   0   0   0   0 |     CCA   0   0   0   0   0   0 | Gln CAA   1   1   1   1   1   1 |     CGA   1   0   1   1   1   1
    CTG   0   0   0   0   0   0 |     CCG   0   0   0   0   0   0 |     CAG   1   1   1   1   1   1 |     CGG   0   1   0   0   0   0
--------------------------------------------------------------------------------------------------------------------------------------
Ile ATT   0   0   0   1   0   0 | Thr ACT   1   1   2   1   1   1 | Asn AAT   1   1   1   2   0   1 | Ser AGT   0   0   0   0   0   0
    ATC   2   1   2   1   2   2 |     ACC   0   1   0   0   1   1 |     AAC   1   2   1   0   1   1 |     AGC   1   0   1   1   1   1
    ATA   0   0   0   0   0   0 |     ACA   1   1   0   1   0   0 | Lys AAA   3   3   3   3   3   3 | Arg AGA   0   1   0   0   0   0
Met ATG   1   1   1   1   1   1 |     ACG   0   0   0   0   0   0 |     AAG   1   1   1   1   1   1 |     AGG   0   0   0   0   0   0
--------------------------------------------------------------------------------------------------------------------------------------
Val GTT   0   0   0   0   0   0 | Ala GCT   2   1   1   2   1   1 | Asp GAT   1   1   1   1   1   1 | Gly GGT   0   0   0   0   0   0
    GTC   1   1   1   1   1   1 |     GCC   0   0   1   0   0   0 |     GAC   2   2   2   2   2   2 |     GGC   0   0   0   0   0   0
    GTA   0   1   0   0   1   1 |     GCA   0   1   0   0   0   1 | Glu GAA   1   1   1   1   1   1 |     GGA   1   0   1   1   0   1
    GTG   1   0   1   1   0   0 |     GCG   0   0   0   0   1   0 |     GAG   0   0   0   0   0   0 |     GGG   0   0   0   0   1   0
--------------------------------------------------------------------------------------------------------------------------------------

--------------------------------------------------------------------------------------------------------------------------------------
Phe TTT   0   0   0   0   0   0 | Ser TCT   0   0   0   0   0   0 | Tyr TAT   0   0   0   0   0   0 | Cys TGT   0   0   0   0   0   0
    TTC   1   1   1   1   1   1 |     TCC   0   0   0   0   0   0 |     TAC   2   2   2   2   2   2 |     TGC   0   0   0   0   0   0
Leu TTA   0   0   0   0   0   0 |     TCA   2   2   2   2   2   2 | *** TAA   0   0   0   0   0   0 | *** TGA   0   0   0   0   0   0
    TTG   1   1   1   1   1   1 |     TCG   0   0   0   0   0   0 |     TAG   0   0   0   0   0   0 | Trp TGG   0   0   0   0   0   0
--------------------------------------------------------------------------------------------------------------------------------------
Leu CTT   1   1   1   1   1   1 | Pro CCT   0   0   0   0   0   0 | His CAT   0   0   0   0   0   0 | Arg CGT   0   0   0   0   0   0
    CTC   0   0   0   0   0   0 |     CCC   0   0   0   0   0   0 |     CAC   1   1   1   1   1   1 |     CGC   2   2   2   2   2   2
    CTA   0   0   0   0   0   0 |     CCA   0   0   0   0   0   0 | Gln CAA   1   1   1   1   1   1 |     CGA   1   1   1   1   1   1
    CTG   0   0   0   0   0   0 |     CCG   0   0   0   0   0   0 |     CAG   1   1   1   1   1   1 |     CGG   0   0   0   0   0   0
--------------------------------------------------------------------------------------------------------------------------------------
Ile ATT   0   0   0   0   0   2 | Thr ACT   1   1   1   1   2   1 | Asn AAT   1   1   0   1   1   1 | Ser AGT   0   0   1   0   0   0
    ATC   2   1   2   2   2   0 |     ACC   0   0   0   0   0   0 |     AAC   1   1   1   1   1   1 |     AGC   1   1   1   1   1   1
    ATA   0   1   0   0   0   0 |     ACA   1   1   1   1   0   1 | Lys AAA   3   3   3   3   3   3 | Arg AGA   0   0   0   0   0   0
Met ATG   1   1   1   1   1   1 |     ACG   0   0   0   0   0   0 |     AAG   1   1   1   1   1   1 |     AGG   0   0   0   0   0   0
--------------------------------------------------------------------------------------------------------------------------------------
Val GTT   0   0   0   0   0   0 | Ala GCT   2   2   1   2   1   2 | Asp GAT   1   1   1   1   1   1 | Gly GGT   0   0   0   0   0   0
    GTC   1   1   1   1   1   1 |     GCC   0   0   0   0   1   0 |     GAC   2   2   2   2   2   2 |     GGC   0   0   0   0   0   0
    GTA   0   0   0   0   0   0 |     GCA   0   0   1   0   0   0 | Glu GAA   1   1   1   1   1   1 |     GGA   1   1   1   1   1   1
    GTG   1   1   1   1   1   1 |     GCG   0   0   0   0   0   0 |     GAG   0   0   0   0   0   0 |     GGG   0   0   0   0   0   0
--------------------------------------------------------------------------------------------------------------------------------------

--------------------------------------------------------------------------------------------------------------------------------------
Phe TTT   0   0   0   0   0   0 | Ser TCT   0   0   0   0   0   0 | Tyr TAT   0   0   0   0   0   0 | Cys TGT   0   0   0   0   0   0
    TTC   1   1   1   1   1   1 |     TCC   0   0   0   0   0   0 |     TAC   2   2   2   2   2   2 |     TGC   0   0   0   0   0   0
Leu TTA   0   0   0   0   0   0 |     TCA   2   2   2   2   2   2 | *** TAA   0   0   0   0   0   0 | *** TGA   0   0   0   0   0   0
    TTG   1   1   1   1   1   1 |     TCG   0   0   0   0   0   0 |     TAG   0   0   0   0   0   0 | Trp TGG   0   0   0   0   0   0
--------------------------------------------------------------------------------------------------------------------------------------
Leu CTT   1   1   1   1   1   1 | Pro CCT   0   0   0   0   0   0 | His CAT   0   0   0   0   0   1 | Arg CGT   0   0   0   0   0   0
    CTC   0   0   0   0   0   0 |     CCC   0   0   0   0   0   0 |     CAC   1   1   1   1   1   0 |     CGC   2   2   2   2   2   1
    CTA   0   0   0   0   0   0 |     CCA   0   0   0   0   0   0 | Gln CAA   1   1   1   1   1   1 |     CGA   1   1   1   1   1   1
    CTG   0   0   0   0   0   0 |     CCG   0   0   0   0   0   0 |     CAG   1   1   1   1   1   1 |     CGG   0   0   0   0   0   1
--------------------------------------------------------------------------------------------------------------------------------------
Ile ATT   0   0   0   0   0   0 | Thr ACT   1   1   1   1   1   1 | Asn AAT   1   1   1   1   1   1 | Ser AGT   0   0   0   0   0   0
    ATC   2   2   2   2   2   1 |     ACC   0   0   0   0   0   0 |     AAC   1   1   1   1   1   1 |     AGC   1   1   1   1   1   1
    ATA   0   0   0   0   0   0 |     ACA   1   1   1   1   1   1 | Lys AAA   3   2   3   3   3   3 | Arg AGA   0   0   0   0   0   0
Met ATG   1   1   1   1   1   1 |     ACG   0   0   0   0   0   0 |     AAG   1   2   1   1   1   1 |     AGG   0   0   0   0   0   0
--------------------------------------------------------------------------------------------------------------------------------------
Val GTT   0   0   0   0   0   0 | Ala GCT   2   2   2   2   2   2 | Asp GAT   1   1   1   1   1   1 | Gly GGT   0   0   0   0   0   0
    GTC   1   1   1   1   1   2 |     GCC   0   0   0   0   0   0 |     GAC   2   2   2   2   2   2 |     GGC   0   0   0   0   0   0
    GTA   0   0   0   0   0   0 |     GCA   0   0   0   0   0   0 | Glu GAA   1   1   1   1   1   1 |     GGA   1   1   1   1   1   1
    GTG   1   1   1   1   1   1 |     GCG   0   0   0   0   0   0 |     GAG   0   0   0   0   0   0 |     GGG   0   0   0   0   0   0
--------------------------------------------------------------------------------------------------------------------------------------

--------------------------------------------------------------------------------------------------------------------------------------
Phe TTT   0   0   0   0   0   0 | Ser TCT   0   0   0   0   0   0 | Tyr TAT   0   0   0   0   0   0 | Cys TGT   0   0   0   0   0   0
    TTC   1   1   1   1   1   1 |     TCC   0   0   0   0   0   0 |     TAC   2   2   2   2   2   2 |     TGC   0   0   0   0   0   0
Leu TTA   0   0   0   0   0   0 |     TCA   1   1   2   2   2   2 | *** TAA   0   0   0   0   0   0 | *** TGA   0   0   0   0   0   0
    TTG   1   1   1   1   1   1 |     TCG   1   1   0   0   0   0 |     TAG   0   0   0   0   0   0 | Trp TGG   0   0   0   0   0   0
--------------------------------------------------------------------------------------------------------------------------------------
Leu CTT   1   1   1   1   1   1 | Pro CCT   0   0   0   0   0   0 | His CAT   0   0   0   0   0   0 | Arg CGT   0   0   0   0   0   0
    CTC   0   0   0   0   0   0 |     CCC   0   0   0   0   0   0 |     CAC   1   1   1   1   1   1 |     CGC   2   2   2   2   2   2
    CTA   0   0   0   0   0   0 |     CCA   0   0   0   0   0   0 | Gln CAA   1   1   1   1   1   1 |     CGA   1   1   1   1   1   1
    CTG   0   0   0   0   0   0 |     CCG   0   0   0   0   0   0 |     CAG   1   1   1   1   1   1 |     CGG   0   0   0   0   0   0
--------------------------------------------------------------------------------------------------------------------------------------
Ile ATT   0   0   0   0   0   0 | Thr ACT   1   1   1   2   1   1 | Asn AAT   1   1   1   1   1   1 | Ser AGT   0   0   0   0   0   0
    ATC   2   2   2   2   2   2 |     ACC   0   0   0   0   0   0 |     AAC   1   1   1   1   1   1 |     AGC   1   1   1   1   1   1
    ATA   0   0   0   0   0   0 |     ACA   1   1   1   0   1   1 | Lys AAA   3   3   3   3   3   3 | Arg AGA   0   0   0   0   0   0
Met ATG   1   1   1   1   1   1 |     ACG   0   0   0   0   0   0 |     AAG   1   1   1   1   1   1 |     AGG   0   0   0   0   0   0
--------------------------------------------------------------------------------------------------------------------------------------
Val GTT   0   0   0   0   0   0 | Ala GCT   1   1   2   1   1   2 | Asp GAT   1   1   1   1   1   1 | Gly GGT   0   0   0   0   0   0
    GTC   1   1   1   1   1   1 |     GCC   0   0   0   1   0   0 |     GAC   2   2   2   2   2   2 |     GGC   0   0   0   0   0   0
    GTA   0   0   0   0   0   0 |     GCA   1   1   0   0   0   0 | Glu GAA   1   1   1   1   1   1 |     GGA   1   1   1   1   1   1
    GTG   1   1   1   1   1   1 |     GCG   0   0   0   0   1   0 |     GAG   0   0   0   0   0   0 |     GGG   0   0   0   0   0   0
--------------------------------------------------------------------------------------------------------------------------------------

--------------------------------------------------------------------------------------------------------------------------------------
Phe TTT   0   0   0   0   0   0 | Ser TCT   0   0   0   0   0   0 | Tyr TAT   0   0   0   0   0   0 | Cys TGT   0   0   0   0   0   0
    TTC   1   1   1   1   1   1 |     TCC   0   0   0   0   0   0 |     TAC   2   2   2   2   2   2 |     TGC   0   0   0   0   0   0
Leu TTA   0   0   0   0   0   0 |     TCA   2   2   2   2   2   2 | *** TAA   0   0   0   0   0   0 | *** TGA   0   0   0   0   0   0
    TTG   1   0   1   1   1   1 |     TCG   0   0   0   0   0   0 |     TAG   0   0   0   0   0   0 | Trp TGG   0   0   0   0   0   0
--------------------------------------------------------------------------------------------------------------------------------------
Leu CTT   1   1   1   1   1   1 | Pro CCT   0   0   0   0   0   0 | His CAT   0   0   0   1   0   0 | Arg CGT   0   0   0   0   0   0
    CTC   0   0   0   0   0   0 |     CCC   0   0   0   0   0   0 |     CAC   1   1   1   0   1   1 |     CGC   2   2   2   1   2   2
    CTA   0   0   0   0   0   0 |     CCA   0   0   0   0   0   0 | Gln CAA   1   1   1   1   1   1 |     CGA   1   0   1   1   1   1
    CTG   0   1   0   0   0   0 |     CCG   0   0   0   0   0   0 |     CAG   1   1   1   1   1   1 |     CGG   0   1   0   1   0   0
--------------------------------------------------------------------------------------------------------------------------------------
Ile ATT   1   1   0   0   0   0 | Thr ACT   1   1   1   1   1   2 | Asn AAT   1   1   1   1   1   1 | Ser AGT   0   0   0   0   0   0
    ATC   1   1   2   2   2   2 |     ACC   0   0   0   0   0   0 |     AAC   1   1   1   1   1   1 |     AGC   1   1   1   1   1   1
    ATA   0   0   0   0   0   0 |     ACA   1   1   1   1   1   0 | Lys AAA   3   3   3   3   3   3 | Arg AGA   0   0   0   0   0   0
Met ATG   1   1   1   1   1   1 |     ACG   0   0   0   0   0   0 |     AAG   1   1   1   1   1   1 |     AGG   0   0   0   0   0   0
--------------------------------------------------------------------------------------------------------------------------------------
Val GTT   0   0   0   0   0   0 | Ala GCT   2   2   2   2   2   1 | Asp GAT   1   1   1   1   1   1 | Gly GGT   0   0   0   0   0   0
    GTC   1   1   1   1   1   1 |     GCC   0   0   0   0   0   1 |     GAC   2   2   2   2   2   2 |     GGC   0   0   0   0   0   0
    GTA   0   0   0   0   0   0 |     GCA   0   0   0   0   0   0 | Glu GAA   1   1   1   1   1   1 |     GGA   1   1   1   1   1   1
    GTG   1   1   1   1   1   1 |     GCG   0   0   0   0   0   0 |     GAG   0   0   0   0   0   0 |     GGG   0   0   0   0   0   0
--------------------------------------------------------------------------------------------------------------------------------------

--------------------------------------------------------------------------------------------------------------------------------------
Phe TTT   0   0   0   0   0   0 | Ser TCT   0   0   0   0   0   0 | Tyr TAT   0   0   0   0   0   0 | Cys TGT   0   0   0   0   0   0
    TTC   1   1   1   1   1   1 |     TCC   0   0   0   0   0   0 |     TAC   2   2   2   2   2   2 |     TGC   0   0   0   0   0   0
Leu TTA   0   0   0   0   0   0 |     TCA   2   2   2   2   1   2 | *** TAA   0   0   0   0   0   0 | *** TGA   0   0   0   0   0   0
    TTG   1   1   1   0   1   1 |     TCG   0   0   0   0   1   0 |     TAG   0   0   0   0   0   0 | Trp TGG   0   0   0   0   0   0
--------------------------------------------------------------------------------------------------------------------------------------
Leu CTT   1   1   1   1   1   1 | Pro CCT   0   0   0   0   0   0 | His CAT   1   0   0   0   0   0 | Arg CGT   0   0   0   0   1   0
    CTC   0   0   0   0   0   0 |     CCC   0   0   0   0   0   0 |     CAC   0   1   1   1   1   1 |     CGC   1   2   2   2   1   2
    CTA   0   0   0   0   0   0 |     CCA   0   0   0   0   0   0 | Gln CAA   1   1   1   1   1   1 |     CGA   1   1   1   1   1   1
    CTG   0   0   0   1   0   0 |     CCG   0   0   0   0   0   0 |     CAG   1   1   1   1   1   1 |     CGG   1   0   0   0   0   0
--------------------------------------------------------------------------------------------------------------------------------------
Ile ATT   0   0   2   0   0   0 | Thr ACT   1   2   1   1   0   1 | Asn AAT   1   1   1   1   1   1 | Ser AGT   0   0   0   0   0   0
    ATC   2   2   0   2   2   2 |     ACC   0   0   0   0   1   0 |     AAC   1   1   1   1   1   1 |     AGC   1   1   1   1   1   1
    ATA   0   0   0   0   0   0 |     ACA   1   0   1   1   1   1 | Lys AAA   3   3   3   3   3   3 | Arg AGA   0   0   0   0   0   0
Met ATG   1   1   1   1   1   1 |     ACG   0   0   0   0   0   0 |     AAG   1   1   1   1   1   1 |     AGG   0   0   0   0   0   0
--------------------------------------------------------------------------------------------------------------------------------------
Val GTT   0   0   0   0   0   0 | Ala GCT   2   1   2   2   1   2 | Asp GAT   1   1   1   1   1   1 | Gly GGT   0   0   0   0   0   0
    GTC   1   1   1   1   1   1 |     GCC   0   1   0   0   0   0 |     GAC   2   2   2   2   2   2 |     GGC   0   0   0   0   0   0
    GTA   0   0   0   0   0   0 |     GCA   0   0   0   0   1   0 | Glu GAA   1   1   1   1   1   1 |     GGA   1   1   1   1   1   1
    GTG   1   1   1   1   1   1 |     GCG   0   0   0   0   0   0 |     GAG   0   0   0   0   0   0 |     GGG   0   0   0   0   0   0
--------------------------------------------------------------------------------------------------------------------------------------

--------------------------------------------------------------------------------------------------------------------------------------
Phe TTT   0   0   0   0   0   0 | Ser TCT   0   0   0   0   0   0 | Tyr TAT   0   0   0   0   0   0 | Cys TGT   0   0   0   0   0   0
    TTC   1   1   1   1   1   1 |     TCC   0   0   0   0   0   0 |     TAC   2   2   2   2   2   2 |     TGC   0   0   0   0   0   0
Leu TTA   0   0   0   0   1   0 |     TCA   2   2   2   2   2   2 | *** TAA   0   0   0   0   0   0 | *** TGA   0   0   0   0   0   0
    TTG   1   0   1   1   0   1 |     TCG   0   0   0   0   0   0 |     TAG   0   0   0   0   0   0 | Trp TGG   0   0   0   0   0   0
--------------------------------------------------------------------------------------------------------------------------------------
Leu CTT   1   1   1   1   1   1 | Pro CCT   0   0   0   0   0   0 | His CAT   0   0   0   0   0   0 | Arg CGT   0   0   0   0   0   0
    CTC   0   0   0   0   0   0 |     CCC   0   0   0   0   0   0 |     CAC   1   1   1   1   1   1 |     CGC   2   2   2   2   2   2
    CTA   0   0   0   0   0   0 |     CCA   0   0   0   0   0   0 | Gln CAA   1   1   1   1   1   1 |     CGA   1   1   1   1   1   1
    CTG   0   1   0   0   0   0 |     CCG   0   0   0   0   0   0 |     CAG   1   1   1   1   1   1 |     CGG   0   0   0   0   0   0
--------------------------------------------------------------------------------------------------------------------------------------
Ile ATT   0   0   0   0   0   2 | Thr ACT   1   1   1   1   1   1 | Asn AAT   1   1   1   1   1   1 | Ser AGT   0   0   0   0   0   0
    ATC   2   2   2   2   2   0 |     ACC   0   0   0   0   0   0 |     AAC   1   1   1   1   1   1 |     AGC   1   1   1   1   1   1
    ATA   0   0   0   0   0   0 |     ACA   1   1   1   1   1   1 | Lys AAA   3   3   3   3   3   3 | Arg AGA   0   0   0   0   0   0
Met ATG   1   1   1   1   1   1 |     ACG   0   0   0   0   0   0 |     AAG   1   1   1   1   1   1 |     AGG   0   0   0   0   0   0
--------------------------------------------------------------------------------------------------------------------------------------
Val GTT   0   0   0   0   0   0 | Ala GCT   2   2   2   2   2   2 | Asp GAT   1   1   1   1   1   2 | Gly GGT   0   0   0   0   0   0
    GTC   1   1   1   1   1   1 |     GCC   0   0   0   0   0   0 |     GAC   2   2   2   2   2   1 |     GGC   0   0   0   0   0   0
    GTA   0   0   0   0   0   0 |     GCA   0   0   0   0   0   0 | Glu GAA   1   1   1   1   1   1 |     GGA   1   1   1   1   1   1
    GTG   1   1   1   1   1   1 |     GCG   0   0   0   0   0   0 |     GAG   0   0   0   0   0   0 |     GGG   0   0   0   0   0   0
--------------------------------------------------------------------------------------------------------------------------------------

--------------------------------------------------------------------------------------------------------------------------------------
Phe TTT   0   0   0   0   0   0 | Ser TCT   0   0   0   0   0   0 | Tyr TAT   0   0   0   0   0   0 | Cys TGT   0   0   0   0   0   0
    TTC   1   1   1   1   1   1 |     TCC   0   0   0   0   0   0 |     TAC   2   2   2   2   2   2 |     TGC   0   0   0   0   0   0
Leu TTA   0   0   0   0   0   0 |     TCA   2   2   2   2   2   2 | *** TAA   0   0   0   0   0   0 | *** TGA   0   0   0   0   0   0
    TTG   1   1   1   0   0   1 |     TCG   0   0   0   0   0   0 |     TAG   0   0   0   0   0   0 | Trp TGG   0   0   0   0   0   0
--------------------------------------------------------------------------------------------------------------------------------------
Leu CTT   1   1   1   1   1   1 | Pro CCT   0   0   0   0   0   0 | His CAT   0   1   0   0   0   0 | Arg CGT   0   0   0   0   0   0
    CTC   0   0   0   0   0   0 |     CCC   0   0   0   0   0   0 |     CAC   1   0   1   1   1   1 |     CGC   2   1   2   2   2   2
    CTA   0   0   0   0   0   0 |     CCA   0   0   0   0   0   0 | Gln CAA   1   1   1   1   1   1 |     CGA   1   1   1   1   1   1
    CTG   0   0   0   1   1   0 |     CCG   0   0   0   0   0   0 |     CAG   1   1   1   1   1   1 |     CGG   0   1   0   0   0   0
--------------------------------------------------------------------------------------------------------------------------------------
Ile ATT   1   0   2   1   0   0 | Thr ACT   1   1   1   1   1   1 | Asn AAT   1   1   1   1   1   1 | Ser AGT   0   0   0   0   0   0
    ATC   1   2   0   1   2   2 |     ACC   0   0   0   0   0   0 |     AAC   1   1   1   1   1   1 |     AGC   1   1   1   1   1   1
    ATA   0   0   0   0   0   0 |     ACA   1   1   1   1   1   1 | Lys AAA   3   3   3   3   3   3 | Arg AGA   0   0   0   0   0   0
Met ATG   1   1   1   1   1   1 |     ACG   0   0   0   0   0   0 |     AAG   1   1   1   1   1   1 |     AGG   0   0   0   0   0   0
--------------------------------------------------------------------------------------------------------------------------------------
Val GTT   0   0   0   0   0   0 | Ala GCT   2   2   2   2   2   2 | Asp GAT   1   1   1   1   1   1 | Gly GGT   0   0   0   0   0   0
    GTC   1   1   1   1   1   1 |     GCC   0   0   0   0   0   0 |     GAC   2   2   2   2   2   2 |     GGC   0   0   0   0   0   0
    GTA   0   0   0   0   0   0 |     GCA   0   0   0   0   0   0 | Glu GAA   1   1   1   1   1   1 |     GGA   1   1   1   1   1   1
    GTG   1   1   1   1   1   1 |     GCG   0   0   0   0   0   0 |     GAG   0   0   0   0   0   0 |     GGG   0   0   0   0   0   0
--------------------------------------------------------------------------------------------------------------------------------------

--------------------------------------------------------------------------------------------------------------------------------------
Phe TTT   0   0   0   0   0   0 | Ser TCT   0   0   0   0   0   0 | Tyr TAT   0   0   0   0   0   0 | Cys TGT   0   0   0   0   0   0
    TTC   1   1   1   1   1   1 |     TCC   0   0   0   0   0   0 |     TAC   2   2   2   2   2   2 |     TGC   0   0   0   0   0   0
Leu TTA   0   0   0   0   0   0 |     TCA   2   2   2   2   2   2 | *** TAA   0   0   0   0   0   0 | *** TGA   0   0   0   0   0   0
    TTG   1   1   1   1   1   1 |     TCG   0   0   0   0   0   0 |     TAG   0   0   0   0   0   0 | Trp TGG   0   0   0   0   0   0
--------------------------------------------------------------------------------------------------------------------------------------
Leu CTT   1   1   1   1   1   1 | Pro CCT   0   0   0   0   0   0 | His CAT   0   0   0   0   0   0 | Arg CGT   0   0   0   0   0   0
    CTC   0   0   0   0   0   0 |     CCC   0   0   0   0   0   0 |     CAC   1   1   1   1   1   1 |     CGC   2   2   2   2   2   2
    CTA   0   0   0   0   0   0 |     CCA   0   0   0   0   0   0 | Gln CAA   1   1   1   1   1   1 |     CGA   1   1   1   1   1   1
    CTG   0   0   0   0   0   0 |     CCG   0   0   0   0   0   0 |     CAG   1   1   1   1   1   1 |     CGG   0   0   0   0   0   0
--------------------------------------------------------------------------------------------------------------------------------------
Ile ATT   0   0   0   1   0   0 | Thr ACT   1   1   0   1   2   2 | Asn AAT   1   1   1   2   1   1 | Ser AGT   0   0   0   0   0   0
    ATC   2   2   1   1   2   2 |     ACC   0   0   1   0   0   0 |     AAC   1   1   1   0   1   1 |     AGC   1   1   1   1   1   1
    ATA   0   0   0   0   0   0 |     ACA   1   1   1   1   0   0 | Lys AAA   2   3   3   3   3   3 | Arg AGA   0   0   0   0   0   0
Met ATG   1   1   1   1   1   1 |     ACG   0   0   0   0   0   0 |     AAG   2   1   1   1   1   1 |     AGG   0   0   0   0   0   0
--------------------------------------------------------------------------------------------------------------------------------------
Val GTT   0   0   0   0   0   0 | Ala GCT   2   2   1   2   1   1 | Asp GAT   1   1   1   1   1   1 | Gly GGT   0   0   0   0   0   0
    GTC   1   1   2   1   1   1 |     GCC   0   0   0   0   1   1 |     GAC   2   2   2   2   2   2 |     GGC   0   0   0   0   0   0
    GTA   0   0   0   0   0   0 |     GCA   0   0   0   0   0   0 | Glu GAA   1   1   1   1   1   1 |     GGA   1   1   1   1   1   1
    GTG   1   1   1   1   1   1 |     GCG   0   0   1   0   0   0 |     GAG   0   0   0   0   0   0 |     GGG   0   0   0   0   0   0
--------------------------------------------------------------------------------------------------------------------------------------

Codon position x base (3x4) table for each sequence.

#1: Argali         
position  1:    T:0.17647    C:0.20588    A:0.35294    G:0.26471
position  2:    T:0.23529    C:0.17647    A:0.44118    G:0.14706
position  3:    T:0.17647    C:0.38235    A:0.29412    G:0.14706
Average         T:0.19608    C:0.25490    A:0.36275    G:0.18627

#2: LesserMouseDeer
position  1:    T:0.17647    C:0.20588    A:0.38235    G:0.23529
position  2:    T:0.20588    C:0.20588    A:0.47059    G:0.11765
position  3:    T:0.14706    C:0.38235    A:0.29412    G:0.17647
Average         T:0.17647    C:0.26471    A:0.38235    G:0.17647

#3: LesserKudu     
position  1:    T:0.17647    C:0.20588    A:0.35294    G:0.26471
position  2:    T:0.23529    C:0.17647    A:0.44118    G:0.14706
position  3:    T:0.17647    C:0.41176    A:0.26471    G:0.14706
Average         T:0.19608    C:0.26471    A:0.35294    G:0.18627

#4: ForestMuskDeer2
position  1:    T:0.17647    C:0.20588    A:0.35294    G:0.26471
position  2:    T:0.23529    C:0.17647    A:0.44118    G:0.14706
position  3:    T:0.23529    C:0.32353    A:0.29412    G:0.14706
Average         T:0.21569    C:0.23529    A:0.36275    G:0.18627

#5: Camel          
position  1:    T:0.17647    C:0.23529    A:0.32353    G:0.26471
position  2:    T:0.23529    C:0.17647    A:0.44118    G:0.14706
position  3:    T:0.14706    C:0.41176    A:0.23529    G:0.20588
Average         T:0.18627    C:0.27451    A:0.33333    G:0.20588

#6: KillerWhale    
position  1:    T:0.17647    C:0.20588    A:0.35294    G:0.26471
position  2:    T:0.23529    C:0.17647    A:0.44118    G:0.14706
position  3:    T:0.17647    C:0.38235    A:0.32353    G:0.11765
Average         T:0.19608    C:0.25490    A:0.37255    G:0.17647

#7: DefassaWaterbuck
position  1:    T:0.17647    C:0.20588    A:0.35294    G:0.26471
position  2:    T:0.23529    C:0.17647    A:0.44118    G:0.14706
position  3:    T:0.17647    C:0.38235    A:0.29412    G:0.14706
Average         T:0.19608    C:0.25490    A:0.36275    G:0.18627

#8: Sheep          
position  1:    T:0.17647    C:0.20588    A:0.35294    G:0.26471
position  2:    T:0.23529    C:0.17647    A:0.44118    G:0.14706
position  3:    T:0.17647    C:0.35294    A:0.32353    G:0.14706
Average         T:0.19608    C:0.24510    A:0.37255    G:0.18627

#9: MaxwellsDuiker 
position  1:    T:0.17647    C:0.20588    A:0.35294    G:0.26471
position  2:    T:0.23529    C:0.17647    A:0.41176    G:0.17647
position  3:    T:0.14706    C:0.38235    A:0.32353    G:0.14706
Average         T:0.18627    C:0.25490    A:0.36275    G:0.19608

#10: GazellaPrzewalskyi
position  1:    T:0.17647    C:0.20588    A:0.35294    G:0.26471
position  2:    T:0.23529    C:0.17647    A:0.44118    G:0.14706
position  3:    T:0.17647    C:0.38235    A:0.29412    G:0.14706
Average         T:0.19608    C:0.25490    A:0.36275    G:0.18627

#11: MountainNyala  
position  1:    T:0.17647    C:0.20588    A:0.35294    G:0.26471
position  2:    T:0.23529    C:0.17647    A:0.44118    G:0.14706
position  3:    T:0.17647    C:0.41176    A:0.26471    G:0.14706
Average         T:0.19608    C:0.26471    A:0.35294    G:0.18627

#12: MuntiacusMuntjak
position  1:    T:0.17647    C:0.20588    A:0.35294    G:0.26471
position  2:    T:0.23529    C:0.17647    A:0.44118    G:0.14706
position  3:    T:0.23529    C:0.32353    A:0.29412    G:0.14706
Average         T:0.21569    C:0.23529    A:0.36275    G:0.18627

#13: goat           
position  1:    T:0.17647    C:0.20588    A:0.35294    G:0.26471
position  2:    T:0.23529    C:0.17647    A:0.44118    G:0.14706
position  3:    T:0.17647    C:0.38235    A:0.29412    G:0.14706
Average         T:0.19608    C:0.25490    A:0.36275    G:0.18627

#14: AfricanBuffalo 
position  1:    T:0.17647    C:0.20588    A:0.35294    G:0.26471
position  2:    T:0.23529    C:0.17647    A:0.44118    G:0.14706
position  3:    T:0.17647    C:0.38235    A:0.26471    G:0.17647
Average         T:0.19608    C:0.25490    A:0.35294    G:0.19608

#15: Topi           
position  1:    T:0.17647    C:0.20588    A:0.35294    G:0.26471
position  2:    T:0.23529    C:0.17647    A:0.44118    G:0.14706
position  3:    T:0.17647    C:0.38235    A:0.29412    G:0.14706
Average         T:0.19608    C:0.25490    A:0.36275    G:0.18627

#16: CommonDuiker   
position  1:    T:0.17647    C:0.20588    A:0.35294    G:0.26471
position  2:    T:0.23529    C:0.17647    A:0.44118    G:0.14706
position  3:    T:0.17647    C:0.38235    A:0.29412    G:0.14706
Average         T:0.19608    C:0.25490    A:0.36275    G:0.18627

#17: Suni           
position  1:    T:0.17647    C:0.20588    A:0.35294    G:0.26471
position  2:    T:0.23529    C:0.17647    A:0.44118    G:0.14706
position  3:    T:0.17647    C:0.38235    A:0.29412    G:0.14706
Average         T:0.19608    C:0.25490    A:0.36275    G:0.18627

#18: Springbuck     
position  1:    T:0.17647    C:0.20588    A:0.32353    G:0.29412
position  2:    T:0.23529    C:0.17647    A:0.44118    G:0.14706
position  3:    T:0.20588    C:0.32353    A:0.29412    G:0.17647
Average         T:0.20588    C:0.23529    A:0.35294    G:0.20588

#19: Okapi          
position  1:    T:0.17647    C:0.20588    A:0.35294    G:0.26471
position  2:    T:0.23529    C:0.17647    A:0.44118    G:0.14706
position  3:    T:0.14706    C:0.38235    A:0.29412    G:0.17647
Average         T:0.18627    C:0.25490    A:0.36275    G:0.19608

#20: Giraffe        
position  1:    T:0.17647    C:0.20588    A:0.35294    G:0.26471
position  2:    T:0.23529    C:0.17647    A:0.44118    G:0.14706
position  3:    T:0.14706    C:0.38235    A:0.29412    G:0.17647
Average         T:0.18627    C:0.25490    A:0.36275    G:0.19608

#21: TibetanAntelope
position  1:    T:0.17647    C:0.20588    A:0.35294    G:0.26471
position  2:    T:0.23529    C:0.17647    A:0.44118    G:0.14706
position  3:    T:0.17647    C:0.38235    A:0.29412    G:0.14706
Average         T:0.19608    C:0.25490    A:0.36275    G:0.18627

#22: Sitatunga      
position  1:    T:0.17647    C:0.20588    A:0.35294    G:0.26471
position  2:    T:0.23529    C:0.17647    A:0.44118    G:0.14706
position  3:    T:0.17647    C:0.41176    A:0.26471    G:0.14706
Average         T:0.19608    C:0.26471    A:0.35294    G:0.18627

#23: Oribi          
position  1:    T:0.17647    C:0.20588    A:0.35294    G:0.26471
position  2:    T:0.23529    C:0.17647    A:0.44118    G:0.14706
position  3:    T:0.14706    C:0.38235    A:0.29412    G:0.17647
Average         T:0.18627    C:0.25490    A:0.36275    G:0.19608

#24: BarbarySheep   
position  1:    T:0.17647    C:0.20588    A:0.35294    G:0.26471
position  2:    T:0.23529    C:0.17647    A:0.44118    G:0.14706
position  3:    T:0.17647    C:0.38235    A:0.29412    G:0.14706
Average         T:0.19608    C:0.25490    A:0.36275    G:0.18627

#25: Daviddeer      
position  1:    T:0.17647    C:0.20588    A:0.35294    G:0.26471
position  2:    T:0.23529    C:0.17647    A:0.44118    G:0.14706
position  3:    T:0.20588    C:0.35294    A:0.29412    G:0.14706
Average         T:0.20588    C:0.24510    A:0.36275    G:0.18627

#26: Reindeer       
position  1:    T:0.14706    C:0.23529    A:0.35294    G:0.26471
position  2:    T:0.23529    C:0.17647    A:0.44118    G:0.14706
position  3:    T:0.20588    C:0.35294    A:0.26471    G:0.17647
Average         T:0.19608    C:0.25490    A:0.35294    G:0.19608

#27: Ibex           
position  1:    T:0.17647    C:0.20588    A:0.35294    G:0.26471
position  2:    T:0.23529    C:0.17647    A:0.44118    G:0.14706
position  3:    T:0.17647    C:0.38235    A:0.29412    G:0.14706
Average         T:0.19608    C:0.25490    A:0.36275    G:0.18627

#28: GyrantGazelle  
position  1:    T:0.17647    C:0.20588    A:0.35294    G:0.26471
position  2:    T:0.23529    C:0.17647    A:0.44118    G:0.14706
position  3:    T:0.20588    C:0.32353    A:0.29412    G:0.17647
Average         T:0.20588    C:0.23529    A:0.36275    G:0.19608

#29: Hartebeest     
position  1:    T:0.17647    C:0.20588    A:0.35294    G:0.26471
position  2:    T:0.23529    C:0.17647    A:0.44118    G:0.14706
position  3:    T:0.17647    C:0.38235    A:0.29412    G:0.14706
Average         T:0.19608    C:0.25490    A:0.36275    G:0.18627

#30: Bongo          
position  1:    T:0.17647    C:0.20588    A:0.35294    G:0.26471
position  2:    T:0.23529    C:0.17647    A:0.44118    G:0.14706
position  3:    T:0.17647    C:0.41176    A:0.26471    G:0.14706
Average         T:0.19608    C:0.26471    A:0.35294    G:0.18627

#31: Gerenuk        
position  1:    T:0.17647    C:0.20588    A:0.35294    G:0.26471
position  2:    T:0.23529    C:0.17647    A:0.44118    G:0.14706
position  3:    T:0.20588    C:0.32353    A:0.29412    G:0.17647
Average         T:0.20588    C:0.23529    A:0.36275    G:0.19608

#32: CommonEland    
position  1:    T:0.17647    C:0.20588    A:0.35294    G:0.26471
position  2:    T:0.23529    C:0.17647    A:0.44118    G:0.14706
position  3:    T:0.17647    C:0.41176    A:0.26471    G:0.14706
Average         T:0.19608    C:0.26471    A:0.35294    G:0.18627

#33: MuntiacusReevesi
position  1:    T:0.17647    C:0.20588    A:0.35294    G:0.26471
position  2:    T:0.23529    C:0.17647    A:0.44118    G:0.14706
position  3:    T:0.23529    C:0.32353    A:0.29412    G:0.14706
Average         T:0.21569    C:0.23529    A:0.36275    G:0.18627

#34: HarveysDuiker  
position  1:    T:0.14706    C:0.23529    A:0.35294    G:0.26471
position  2:    T:0.23529    C:0.17647    A:0.44118    G:0.14706
position  3:    T:0.17647    C:0.38235    A:0.29412    G:0.14706
Average         T:0.18627    C:0.26471    A:0.36275    G:0.18627

#35: Pronghorn      
position  1:    T:0.17647    C:0.20588    A:0.35294    G:0.26471
position  2:    T:0.23529    C:0.17647    A:0.44118    G:0.14706
position  3:    T:0.14706    C:0.38235    A:0.29412    G:0.17647
Average         T:0.18627    C:0.25490    A:0.36275    G:0.19608

#36: BlueWildebeest 
position  1:    T:0.17647    C:0.20588    A:0.35294    G:0.26471
position  2:    T:0.23529    C:0.17647    A:0.44118    G:0.14706
position  3:    T:0.17647    C:0.38235    A:0.29412    G:0.14706
Average         T:0.19608    C:0.25490    A:0.36275    G:0.18627

#37: Gemsbok        
position  1:    T:0.17647    C:0.20588    A:0.35294    G:0.26471
position  2:    T:0.23529    C:0.17647    A:0.44118    G:0.14706
position  3:    T:0.17647    C:0.38235    A:0.29412    G:0.14706
Average         T:0.19608    C:0.25490    A:0.36275    G:0.18627

#38: Yak            
position  1:    T:0.14706    C:0.23529    A:0.35294    G:0.26471
position  2:    T:0.23529    C:0.17647    A:0.44118    G:0.14706
position  3:    T:0.17647    C:0.38235    A:0.29412    G:0.14706
Average         T:0.18627    C:0.26471    A:0.36275    G:0.18627

#39: BlueSheep      
position  1:    T:0.17647    C:0.20588    A:0.35294    G:0.26471
position  2:    T:0.23529    C:0.17647    A:0.44118    G:0.14706
position  3:    T:0.17647    C:0.38235    A:0.29412    G:0.14706
Average         T:0.19608    C:0.25490    A:0.36275    G:0.18627

#40: BohorReedbuck  
position  1:    T:0.17647    C:0.20588    A:0.35294    G:0.26471
position  2:    T:0.23529    C:0.17647    A:0.44118    G:0.14706
position  3:    T:0.17647    C:0.38235    A:0.29412    G:0.14706
Average         T:0.19608    C:0.25490    A:0.36275    G:0.18627

#41: KirksDik       
position  1:    T:0.17647    C:0.20588    A:0.35294    G:0.26471
position  2:    T:0.23529    C:0.17647    A:0.44118    G:0.14706
position  3:    T:0.17647    C:0.38235    A:0.32353    G:0.11765
Average         T:0.19608    C:0.25490    A:0.37255    G:0.17647

#42: RoeDeer        
position  1:    T:0.17647    C:0.20588    A:0.35294    G:0.26471
position  2:    T:0.23529    C:0.17647    A:0.44118    G:0.14706
position  3:    T:0.26471    C:0.29412    A:0.29412    G:0.14706
Average         T:0.22549    C:0.22549    A:0.36275    G:0.18627

#43: WhiteLippedDeer
position  1:    T:0.17647    C:0.20588    A:0.35294    G:0.26471
position  2:    T:0.23529    C:0.17647    A:0.44118    G:0.14706
position  3:    T:0.20588    C:0.35294    A:0.29412    G:0.14706
Average         T:0.20588    C:0.24510    A:0.36275    G:0.18627

#44: ThomsonGazelle 
position  1:    T:0.17647    C:0.20588    A:0.35294    G:0.26471
position  2:    T:0.23529    C:0.17647    A:0.44118    G:0.14706
position  3:    T:0.20588    C:0.32353    A:0.29412    G:0.17647
Average         T:0.20588    C:0.23529    A:0.36275    G:0.19608

#45: MuntiacusCrinifrons
position  1:    T:0.17647    C:0.20588    A:0.35294    G:0.26471
position  2:    T:0.23529    C:0.17647    A:0.44118    G:0.14706
position  3:    T:0.23529    C:0.32353    A:0.29412    G:0.14706
Average         T:0.21569    C:0.23529    A:0.36275    G:0.18627

#46: WhiteTailedDeer
position  1:    T:0.14706    C:0.23529    A:0.35294    G:0.26471
position  2:    T:0.23529    C:0.17647    A:0.44118    G:0.14706
position  3:    T:0.20588    C:0.35294    A:0.29412    G:0.14706
Average         T:0.19608    C:0.25490    A:0.36275    G:0.18627

#47: Cattle         
position  1:    T:0.14706    C:0.23529    A:0.35294    G:0.26471
position  2:    T:0.23529    C:0.17647    A:0.44118    G:0.14706
position  3:    T:0.17647    C:0.38235    A:0.29412    G:0.14706
Average         T:0.18627    C:0.26471    A:0.36275    G:0.18627

#48: RoyalAntelope  
position  1:    T:0.17647    C:0.20588    A:0.35294    G:0.26471
position  2:    T:0.23529    C:0.17647    A:0.44118    G:0.14706
position  3:    T:0.17647    C:0.38235    A:0.29412    G:0.14706
Average         T:0.19608    C:0.25490    A:0.36275    G:0.18627

#49: Steenbok       
position  1:    T:0.17647    C:0.20588    A:0.35294    G:0.26471
position  2:    T:0.23529    C:0.17647    A:0.44118    G:0.14706
position  3:    T:0.17647    C:0.38235    A:0.26471    G:0.17647
Average         T:0.19608    C:0.25490    A:0.35294    G:0.19608

#50: Impala         
position  1:    T:0.17647    C:0.20588    A:0.35294    G:0.26471
position  2:    T:0.23529    C:0.17647    A:0.44118    G:0.14706
position  3:    T:0.17647    C:0.38235    A:0.29412    G:0.14706
Average         T:0.19608    C:0.25490    A:0.36275    G:0.18627

#51: Klipspringer   
position  1:    T:0.17647    C:0.20588    A:0.32353    G:0.29412
position  2:    T:0.23529    C:0.17647    A:0.44118    G:0.14706
