1
52 1
Argali 0.000000 0.172000 0.073400 0.322600 0.070100 0.000000 0.070300 0.110000 0.151000 0.153300 0.105800 0.114800 0.034600 0.111000 0.108300 0.072200 0.097300 0.074600 0.106300 0.154800 0.034300 0.105800 0.115200 0.075200 0.105800 0.069800 0.034400 0.154800 0.034600 0.113600 0.154000 0.152900 0.081700 0.104200 0.071400 0.073700 0.069200 0.070300 0.070800 0.115400 0.075000 0.069900 0.155800 0.075200 0.073700 0.069000 0.069500 0.111000 0.109100 0.072300 0.151000 0.113600
LesserMous 0.172000 0.000000 0.116300 0.250600 0.167200 0.172000 0.168900 0.183900 0.172100 0.175000 0.211900 0.131600 0.124900 0.224000 0.216000 0.175700 0.084500 0.085800 0.213600 0.178500 0.124600 0.211900 0.134400 0.087900 0.211900 0.167100 0.124400 0.178500 0.126200 0.131000 0.175600 0.277700 0.082600 0.207200 0.172700 0.084700 0.166400 0.167700 0.169700 0.134500 0.087900 0.167100 0.178200 0.087900 0.084700 0.164400 0.185900 0.221300 0.217400 0.083900 0.172100 0.131000
LesserKudu 0.073400 0.116300 0.000000 0.363400 0.071500 0.073400 0.072400 0.112900 0.074100 0.190100 0.109400 0.037400 0.035600 0.114700 0.110800 0.074700 0.114800 0.109700 0.110000 0.076200 0.035600 0.109400 0.149800 0.104900 0.109400 0.071800 0.035500 0.076200 0.036000 0.037200 0.192200 0.157500 0.108000 0.107400 0.073600 0.000200 0.071600 0.071900 0.072800 0.150000 0.103300 0.071800 0.191400 0.104900 0.000200 0.070800 0.071500 0.113300 0.111800 0.106900 0.074100 0.037200
KillerWhal 0.322600 0.250600 0.363400 0.000000 0.306800 0.322600 0.309800 0.299900 0.430300 0.297600 0.370900 0.382800 0.257400 0.390200 0.373700 0.289600 0.200600 0.206100 0.371400 0.447500 0.254100 0.370900 0.250700 0.196300 0.370900 0.281700 0.253900 0.447500 0.234900 0.379900 0.296600 0.467000 0.178700 0.351400 0.320200 0.318900 0.312000 0.312300 0.283400 0.251200 0.196800 0.311600 0.302100 0.196300 0.318900 0.304000 0.302200 0.379100 0.251000 0.204600 0.430300 0.379900
DefassaWat 0.070100 0.167200 0.071500 0.306800 0.000000 0.070100 0.069100 0.108500 0.148300 0.150500 0.032900 0.112000 0.034000 0.109400 0.033400 0.071500 0.093600 0.072600 0.033200 0.151700 0.033900 0.032900 0.113300 0.074200 0.032900 0.000500 0.033800 0.151700 0.034300 0.111100 0.151300 0.150800 0.083400 0.103000 0.000300 0.072000 0.000300 0.000100 0.069500 0.113500 0.074100 0.000400 0.153300 0.074200 0.072000 0.068000 0.068600 0.108200 0.107700 0.071000 0.148300 0.111100
Sheep 0.000000 0.172000 0.073400 0.322600 0.070100 0.000000 0.070300 0.110000 0.151000 0.153300 0.105800 0.114800 0.034600 0.111000 0.108300 0.072200 0.097300 0.074600 0.106300 0.154800 0.034300 0.105800 0.115200 0.075200 0.105800 0.069800 0.034400 0.154800 0.034600 0.113600 0.154000 0.152900 0.081700 0.104200 0.071400 0.073700 0.069200 0.070300 0.070800 0.115400 0.075000 0.069900 0.155800 0.075200 0.073700 0.069000 0.069500 0.111000 0.109100 0.072300 0.151000 0.113600
MaxwellsDu 0.070300 0.168900 0.072400 0.309800 0.069100 0.070300 0.000000 0.108600 0.149200 0.151000 0.105300 0.112800 0.034200 0.034600 0.106200 0.071900 0.098800 0.073400 0.105700 0.153400 0.034000 0.105300 0.114200 0.074600 0.105300 0.069100 0.033900 0.153400 0.034400 0.112200 0.151700 0.071700 0.082900 0.102800 0.070500 0.072700 0.068700 0.069300 0.070000 0.114700 0.074500 0.069100 0.154100 0.074600 0.072700 0.068000 0.068700 0.109400 0.107700 0.071300 0.149200 0.112200
GazellaPrz 0.110000 0.183900 0.112900 0.299900 0.108500 0.110000 0.108600 0.000000 0.110600 0.163300 0.146500 0.113800 0.071100 0.152900 0.108000 0.090100 0.140300 0.114600 0.147400 0.199300 0.070700 0.146500 0.122800 0.080000 0.146500 0.108000 0.070700 0.199300 0.049400 0.155500 0.163600 0.197800 0.127300 0.143400 0.110700 0.113200 0.107500 0.108700 0.084100 0.123000 0.080500 0.107600 0.167600 0.080000 0.113200 0.106700 0.107700 0.110700 0.150000 0.111800 0.110600 0.155500
MountainNy 0.151000 0.172100 0.074100 0.430300 0.148300 0.151000 0.149200 0.110600 0.000000 0.242400 0.188900 0.115500 0.109700 0.197500 0.191400 0.072400 0.189500 0.156600 0.106900 0.073600 0.109600 0.188900 0.204700 0.160000 0.188900 0.147900 0.109400 0.073600 0.110700 0.036000 0.243700 0.244900 0.176100 0.185400 0.152200 0.074300 0.147600 0.148800 0.150200 0.204800 0.160200 0.147900 0.247500 0.160000 0.074300 0.146400 0.147400 0.195800 0.193800 0.153500 0.000000 0.036000
MuntiacusM 0.153300 0.175000 0.190100 0.297600 0.150500 0.153300 0.151000 0.163300 0.242400 0.000000 0.191100 0.203600 0.111200 0.161000 0.194300 0.156700 0.074300 0.075500 0.192800 0.250100 0.110900 0.191100 0.116600 0.076200 0.191100 0.149800 0.110800 0.250100 0.112000 0.203100 0.000100 0.207600 0.072800 0.186200 0.154800 0.157200 0.149700 0.150800 0.152600 0.116900 0.076400 0.150100 0.000200 0.076200 0.157200 0.148300 0.149600 0.197700 0.196700 0.073500 0.242400 0.203100
goat 0.105800 0.211900 0.109400 0.370900 0.032900 0.105800 0.105300 0.146500 0.188900 0.191100 0.000000 0.151500 0.068900 0.148300 0.067700 0.109300 0.138600 0.110800 0.067100 0.194200 0.068600 0.000000 0.153700 0.112300 0.000000 0.032700 0.068500 0.194200 0.069400 0.151100 0.191700 0.192400 0.123600 0.139700 0.033700 0.109700 0.032700 0.033100 0.106200 0.153800 0.111900 0.032800 0.195100 0.112300 0.109700 0.103500 0.104300 0.148000 0.145800 0.107800 0.188900 0.151100
AfricanBuf 0.114800 0.131600 0.037400 0.382800 0.112000 0.114800 0.112800 0.113800 0.115500 0.203600 0.151500 0.000000 0.073900 0.158800 0.072500 0.116000 0.150100 0.119300 0.152400 0.118700 0.073800 0.151500 0.165400 0.121800 0.151500 0.111800 0.073700 0.118700 0.074400 0.077300 0.204600 0.204700 0.135400 0.148700 0.114900 0.037400 0.111500 0.112400 0.113100 0.165600 0.122000 0.111800 0.207500 0.121800 0.037400 0.110500 0.111300 0.074100 0.155500 0.116700 0.115500 0.077300
Topi 0.034600 0.124900 0.035600 0.257400 0.034000 0.034600 0.034200 0.071100 0.109700 0.111200 0.068900 0.073900 0.000000 0.072000 0.069800 0.035300 0.053000 0.036100 0.069200 0.112500 0.000200 0.068900 0.074600 0.036900 0.068900 0.034000 0.000100 0.112500 0.000200 0.073400 0.112000 0.110800 0.043000 0.067700 0.034700 0.035800 0.033800 0.034100 0.034500 0.074700 0.036900 0.034000 0.113400 0.036900 0.035800 0.033500 0.033800 0.071700 0.070400 0.035200 0.109700 0.073400
CommonDuik 0.111000 0.224000 0.114700 0.390200 0.109400 0.111000 0.034600 0.152900 0.197500 0.161000 0.148300 0.158800 0.072000 0.000000 0.149400 0.114200 0.147400 0.116200 0.149000 0.203600 0.071500 0.148300 0.078700 0.079300 0.148300 0.109100 0.071200 0.203600 0.072500 0.158300 0.161300 0.035200 0.092800 0.144300 0.111600 0.114800 0.108500 0.109700 0.110800 0.121900 0.079300 0.109200 0.163800 0.079300 0.114800 0.107200 0.108500 0.154700 0.151900 0.112800 0.197500 0.158300
Suni 0.108300 0.216000 0.110800 0.373700 0.033400 0.108300 0.106200 0.108000 0.191400 0.194300 0.067700 0.072500 0.069800 0.149400 0.000000 0.110000 0.141100 0.112600 0.068000 0.195900 0.069500 0.067700 0.155800 0.114400 0.067700 0.033400 0.069100 0.195900 0.070200 0.152800 0.195000 0.194400 0.126100 0.140300 0.034100 0.111200 0.033200 0.033500 0.107600 0.156000 0.114100 0.033400 0.198000 0.114400 0.111200 0.104500 0.105700 0.070200 0.148200 0.109400 0.191400 0.152800
Springbuck 0.072200 0.175700 0.074700 0.289600 0.071500 0.072200 0.071900 0.090100 0.072400 0.156700 0.109300 0.116000 0.035300 0.114200 0.110000 0.000000 0.096700 0.075800 0.034300 0.036300 0.035100 0.109300 0.118500 0.077200 0.109300 0.071500 0.035000 0.036300 0.035600 0.036400 0.157500 0.114500 0.089500 0.107100 0.108700 0.075000 0.071000 0.071700 0.072500 0.077000 0.077200 0.071400 0.153000 0.077200 0.075000 0.070400 0.071100 0.113300 0.110800 0.073800 0.072400 0.036400
Okapi 0.097300 0.084500 0.114800 0.200600 0.093600 0.097300 0.098800 0.140300 0.189500 0.074300 0.138600 0.150100 0.053000 0.147400 0.141100 0.096700 0.000000 0.000100 0.139600 0.196100 0.053000 0.138600 0.037300 0.000700 0.138600 0.092500 0.055300 0.196100 0.050100 0.149300 0.074700 0.193100 0.001400 0.136700 0.099000 0.103900 0.095400 0.095900 0.095500 0.037400 0.000800 0.093700 0.075300 0.000700 0.103900 0.096400 0.093300 0.141300 0.140700 0.000500 0.189500 0.149300
Giraffe 0.074600 0.085800 0.109700 0.206100 0.072600 0.074600 0.073400 0.114600 0.156600 0.075500 0.110800 0.119300 0.036100 0.116200 0.112600 0.075800 0.000100 0.000000 0.111600 0.161200 0.036100 0.110800 0.038100 0.000600 0.110800 0.072700 0.036000 0.161200 0.036500 0.118400 0.075800 0.159400 0.001500 0.108200 0.074800 0.076800 0.072600 0.072900 0.074000 0.038100 0.000700 0.072700 0.076600 0.000600 0.076800 0.071800 0.072500 0.114800 0.113200 0.000400 0.156600 0.118400
TibetanAnt 0.106300 0.213600 0.110000 0.371400 0.033200 0.106300 0.105700 0.147400 0.106900 0.192800 0.067100 0.152400 0.069200 0.149000 0.068000 0.034300 0.139600 0.111600 0.000000 0.109600 0.068800 0.067100 0.155000 0.113600 0.067100 0.033200 0.068800 0.109600 0.069800 0.071400 0.193600 0.193200 0.126800 0.140200 0.033900 0.110200 0.032800 0.033300 0.106800 0.155100 0.113100 0.033100 0.197000 0.113600 0.110200 0.103900 0.104800 0.148800 0.146600 0.108400 0.106900 0.071400
Sitatunga 0.154800 0.178500 0.076200 0.447500 0.151700 0.154800 0.153400 0.199300 0.073600 0.250100 0.194200 0.118700 0.112500 0.203600 0.195900 0.036300 0.196100 0.161200 0.109600 0.000000 0.112500 0.194200 0.212500 0.165700 0.194200 0.151600 0.112200 0.000000 0.113800 0.037000 0.251300 0.157900 0.183800 0.190100 0.113700 0.076400 0.151200 0.152400 0.154200 0.120600 0.166100 0.151600 0.206500 0.165700 0.076400 0.149800 0.151000 0.201600 0.198300 0.157900 0.073600 0.037000
Oribi 0.034300 0.124600 0.035600 0.254100 0.033900 0.034300 0.034000 0.070700 0.109600 0.110900 0.068600 0.073800 0.000200 0.071500 0.069500 0.035100 0.053000 0.036100 0.068800 0.112500 0.000000 0.068600 0.074200 0.036700 0.068600 0.033800 0.000100 0.112500 0.000200 0.073400 0.111600 0.110800 0.042700 0.067400 0.034600 0.035700 0.033600 0.034000 0.034300 0.074300 0.036500 0.033800 0.112900 0.036700 0.035700 0.033400 0.033600 0.071400 0.069700 0.034900 0.109600 0.073400
BarbaryShe 0.105800 0.211900 0.109400 0.370900 0.032900 0.105800 0.105300 0.146500 0.188900 0.191100 0.000000 0.151500 0.068900 0.148300 0.067700 0.109300 0.138600 0.110800 0.067100 0.194200 0.068600 0.000000 0.153700 0.112300 0.000000 0.032700 0.068500 0.194200 0.069400 0.151100 0.191700 0.192400 0.123600 0.139700 0.033700 0.109700 0.032700 0.033100 0.106200 0.153800 0.111900 0.032800 0.195100 0.112300 0.109700 0.103500 0.104300 0.148000 0.145800 0.107800 0.188900 0.151100
Daviddeer 0.115200 0.134400 0.149800 0.250700 0.113300 0.115200 0.114200 0.122800 0.204700 0.116600 0.153700 0.165400 0.074600 0.078700 0.155800 0.118500 0.037300 0.038100 0.155000 0.212500 0.074200 0.153700 0.000000 0.038700 0.153700 0.112800 0.074300 0.212500 0.075000 0.165500 0.117600 0.122100 0.032800 0.149900 0.116800 0.119900 0.112600 0.113600 0.115200 0.079200 0.038700 0.113100 0.119700 0.038700 0.119900 0.111600 0.112600 0.159800 0.157400 0.036500 0.204700 0.165500
Reindeer 0.075200 0.087900 0.104900 0.196300 0.074200 0.075200 0.074600 0.080000 0.160000 0.076200 0.112300 0.121800 0.036900 0.079300 0.114400 0.077200 0.000700 0.000600 0.113600 0.165700 0.036700 0.112300 0.038700 0.000000 0.112300 0.074000 0.036600 0.165700 0.037000 0.121500 0.076900 0.122500 0.001500 0.109900 0.076300 0.078600 0.073800 0.074400 0.075300 0.038800 0.000100 0.074200 0.078000 0.000000 0.078600 0.072900 0.073800 0.116800 0.115100 0.000800 0.160000 0.121500
Ibex 0.105800 0.211900 0.109400 0.370900 0.032900 0.105800 0.105300 0.146500 0.188900 0.191100 0.000000 0.151500 0.068900 0.148300 0.067700 0.109300 0.138600 0.110800 0.067100 0.194200 0.068600 0.000000 0.153700 0.112300 0.000000 0.032700 0.068500 0.194200 0.069400 0.151100 0.191700 0.192400 0.123600 0.139700 0.033700 0.109700 0.032700 0.033100 0.106200 0.153800 0.111900 0.032800 0.195100 0.112300 0.109700 0.103500 0.104300 0.148000 0.145800 0.107800 0.188900 0.151100
GyrantGaze 0.069800 0.167100 0.071800 0.281700 0.000500 0.069800 0.069100 0.108000 0.147900 0.149800 0.032700 0.111800 0.034000 0.109100 0.033400 0.071500 0.092500 0.072700 0.033200 0.151600 0.033800 0.032700 0.112800 0.074000 0.032700 0.000000 0.033800 0.151600 0.034300 0.111100 0.150500 0.150300 0.084600 0.102900 0.000400 0.072000 0.000400 0.000400 0.069800 0.112900 0.074100 0.000100 0.153100 0.074000 0.072000 0.067900 0.068500 0.108900 0.106800 0.071000 0.147900 0.111100
Hartebeest 0.034400 0.124400 0.035500 0.253900 0.033800 0.034400 0.033900 0.070700 0.109400 0.110800 0.068500 0.073700 0.000100 0.071200 0.069100 0.035000 0.055300 0.036000 0.068800 0.112200 0.000100 0.068500 0.074300 0.036600 0.068500 0.033800 0.000000 0.112200 0.000300 0.073200 0.111500 0.110700 0.042400 0.067100 0.034500 0.035600 0.033600 0.033900 0.034300 0.074400 0.036500 0.033800 0.112800 0.036600 0.035600 0.033200 0.033600 0.071300 0.070000 0.034800 0.109400 0.073200
Bongo 0.154800 0.178500 0.076200 0.447500 0.151700 0.154800 0.153400 0.199300 0.073600 0.250100 0.194200 0.118700 0.112500 0.203600 0.195900 0.036300 0.196100 0.161200 0.109600 0.000000 0.112500 0.194200 0.212500 0.165700 0.194200 0.151600 0.112200 0.000000 0.113800 0.037000 0.251300 0.157900 0.183800 0.190100 0.113700 0.076400 0.151200 0.152400 0.154200 0.120600 0.166100 0.151600 0.206500 0.165700 0.076400 0.149800 0.151000 0.201600 0.198300 0.157900 0.073600 0.037000
Gerenuk 0.034600 0.126200 0.036000 0.234900 0.034300 0.034600 0.034400 0.049400 0.110700 0.112000 0.069400 0.074400 0.000200 0.072500 0.070200 0.035600 0.050100 0.036500 0.069800 0.113800 0.000200 0.069400 0.075000 0.037000 0.069400 0.034300 0.000300 0.113800 0.000000 0.074200 0.112700 0.112400 0.043800 0.068200 0.035000 0.036100 0.034000 0.034400 0.034700 0.075200 0.037100 0.034200 0.114500 0.037000 0.036100 0.033700 0.034100 0.072200 0.070400 0.035500 0.110700 0.074200
CommonElan 0.113600 0.131000 0.037200 0.379900 0.111100 0.113600 0.112200 0.155500 0.036000 0.203100 0.151100 0.077300 0.073400 0.158300 0.152800 0.036400 0.149300 0.118400 0.071400 0.037000 0.073400 0.151100 0.165500 0.121500 0.151100 0.111100 0.073200 0.037000 0.074200 0.000000 0.204200 0.204400 0.136900 0.148200 0.114200 0.037300 0.110700 0.111600 0.112800 0.165700 0.121700 0.111100 0.207200 0.121500 0.037300 0.109700 0.110600 0.157000 0.154500 0.115700 0.036000 0.000000
MuntiacusR 0.154000 0.175600 0.192200 0.296600 0.151300 0.154000 0.151700 0.163600 0.243700 0.000100 0.191700 0.204600 0.112000 0.161300 0.195000 0.157500 0.074700 0.075800 0.193600 0.251300 0.111600 0.191700 0.117600 0.076900 0.191700 0.150500 0.111500 0.251300 0.112700 0.204200 0.000000 0.207800 0.073200 0.188400 0.155600 0.158000 0.150500 0.151600 0.153300 0.117900 0.076900 0.151000 0.000300 0.076900 0.158000 0.149100 0.150300 0.198300 0.197500 0.074100 0.243700 0.204200
HarveysDui 0.152900 0.277700 0.157500 0.467000 0.150800 0.152900 0.071700 0.197800 0.244900 0.207600 0.192400 0.204700 0.110800 0.035200 0.194400 0.114500 0.193100 0.159400 0.193200 0.157900 0.110800 0.192400 0.122100 0.122500 0.192400 0.150300 0.110700 0.157900 0.112400 0.204400 0.207800 0.000000 0.142400 0.187500 0.111800 0.157600 0.149600 0.151200 0.152900 0.078800 0.123100 0.150200 0.164600 0.122500 0.157600 0.148300 0.149500 0.200200 0.197200 0.156100 0.244900 0.204400
Pronghorn 0.081700 0.082600 0.108000 0.178700 0.083400 0.081700 0.082900 0.127300 0.176100 0.072800 0.123600 0.135400 0.043000 0.092800 0.126100 0.089500 0.001400 0.001500 0.126800 0.183800 0.042700 0.123600 0.032800 0.001500 0.123600 0.084600 0.042400 0.183800 0.043800 0.136900 0.073200 0.142400 0.000000 0.120700 0.086100 0.089400 0.083300 0.083900 0.084700 0.034500 0.001700 0.084300 0.074000 0.001500 0.089400 0.081900 0.082700 0.129300 0.123700 0.001800 0.176100 0.136900
BlueWildeb 0.104200 0.207200 0.107400 0.351400 0.103000 0.104200 0.102800 0.143400 0.185400 0.186200 0.139700 0.148700 0.067700 0.144300 0.140300 0.107100 0.136700 0.108200 0.140200 0.190100 0.067400 0.139700 0.149900 0.109900 0.139700 0.102900 0.067100 0.190100 0.068200 0.148200 0.188400 0.187500 0.120700 0.000000 0.105400 0.107900 0.102300 0.103300 0.104300 0.149900 0.109600 0.102900 0.190200 0.109900 0.107900 0.101200 0.102400 0.068700 0.142400 0.105100 0.185400 0.148200
Gemsbok 0.071400 0.172700 0.073600 0.320200 0.000300 0.071400 0.070500 0.110700 0.152200 0.154800 0.033700 0.114900 0.034700 0.111600 0.034100 0.108700 0.099000 0.074800 0.033900 0.113700 0.034600 0.033700 0.116800 0.076300 0.033700 0.000400 0.034500 0.113700 0.035000 0.114200 0.155600 0.111800 0.086100 0.105400 0.000000 0.073900 0.000200 0.000200 0.071400 0.076000 0.076000 0.000300 0.195100 0.076300 0.073900 0.069400 0.070000 0.111600 0.109800 0.072500 0.152200 0.114200
Yak 0.073700 0.084700 0.000200 0.318900 0.072000 0.073700 0.072700 0.113200 0.074300 0.157200 0.109700 0.037400 0.035800 0.114800 0.111200 0.075000 0.103900 0.076800 0.110200 0.076400 0.035700 0.109700 0.119900 0.078600 0.109700 0.072000 0.035600 0.076400 0.036100 0.037300 0.158000 0.157600 0.089400 0.107900 0.073900 0.000000 0.071800 0.072300 0.073000 0.120100 0.078700 0.072000 0.160200 0.078600 0.000000 0.071100 0.071700 0.114000 0.112200 0.075000 0.074300 0.037300
BlueSheep 0.069200 0.166400 0.071600 0.312000 0.000300 0.069200 0.068700 0.107500 0.147600 0.149700 0.032700 0.111500 0.033800 0.108500 0.033200 0.071000 0.095400 0.072600 0.032800 0.151200 0.033600 0.032700 0.112600 0.073800 0.032700 0.000400 0.033600 0.151200 0.034000 0.110700 0.150500 0.149600 0.083300 0.102300 0.000200 0.071800 0.000000 0.000200 0.069300 0.112800 0.073400 0.000300 0.152600 0.073800 0.071800 0.067500 0.068000 0.108400 0.106700 0.070400 0.147600 0.110700
BohorReedb 0.070300 0.167700 0.071900 0.312300 0.000100 0.070300 0.069300 0.108700 0.148800 0.150800 0.033100 0.112400 0.034100 0.109700 0.033500 0.071700 0.095900 0.072900 0.033300 0.152400 0.034000 0.033100 0.113600 0.074400 0.033100 0.000400 0.033900 0.152400 0.034400 0.111600 0.151600 0.151200 0.083900 0.103300 0.000200 0.072300 0.000200 0.000000 0.069600 0.113800 0.074100 0.000300 0.153700 0.074400 0.072300 0.068200 0.068800 0.108700 0.108000 0.071300 0.148800 0.111600
KirksDik 0.070800 0.169700 0.072800 0.283400 0.069500 0.070800 0.070000 0.084100 0.150200 0.152600 0.106200 0.113100 0.034500 0.110800 0.107600 0.072500 0.095500 0.074000 0.106800 0.154200 0.034300 0.106200 0.115200 0.075300 0.106200 0.069800 0.034300 0.154200 0.034700 0.112800 0.153300 0.152900 0.084700 0.104300 0.071400 0.073000 0.069300 0.069600 0.000000 0.115300 0.075000 0.069700 0.155600 0.075300 0.073000 0.068800 0.000300 0.109500 0.108200 0.071900 0.150200 0.112800
RoeDeer 0.115400 0.134500 0.150000 0.251200 0.113500 0.115400 0.114700 0.123000 0.204800 0.116900 0.153800 0.165600 0.074700 0.121900 0.156000 0.077000 0.037400 0.038100 0.155100 0.120600 0.074300 0.153800 0.079200 0.038800 0.153800 0.112900 0.074400 0.120600 0.075200 0.165700 0.117900 0.078800 0.034500 0.149900 0.076000 0.120100 0.112800 0.113800 0.115300 0.000000 0.038800 0.113200 0.077700 0.038800 0.120100 0.111700 0.112700 0.159900 0.157600 0.036500 0.204800 0.165700
WhiteLippe 0.075000 0.087900 0.103300 0.196800 0.074100 0.075000 0.074500 0.080500 0.160200 0.076400 0.111900 0.122000 0.036900 0.079300 0.114100 0.077200 0.000800 0.000700 0.113100 0.166100 0.036500 0.111900 0.038700 0.000100 0.111900 0.074100 0.036500 0.166100 0.037100 0.121700 0.076900 0.123100 0.001700 0.109600 0.076000 0.078700 0.073400 0.074100 0.075000 0.038800 0.000000 0.074200 0.077800 0.000100 0.078700 0.072700 0.073600 0.117200 0.115000 0.000800 0.160200 0.121700
ThomsonGaz 0.069900 0.167100 0.071800 0.311600 0.000400 0.069900 0.069100 0.107600 0.147900 0.150100 0.032800 0.111800 0.034000 0.109200 0.033400 0.071400 0.093700 0.072700 0.033100 0.151600 0.033800 0.032800 0.113100 0.074200 0.032800 0.000100 0.033800 0.151600 0.034200 0.111100 0.151000 0.150200 0.084300 0.102900 0.000300 0.072000 0.000300 0.000300 0.069700 0.113200 0.074200 0.000000 0.153300 0.074200 0.072000 0.067900 0.068400 0.108800 0.106800 0.071000 0.147900 0.111100
MuntiacusC 0.155800 0.178200 0.191400 0.302100 0.153300 0.155800 0.154100 0.167600 0.247500 0.000200 0.195100 0.207500 0.113400 0.163800 0.198000 0.153000 0.075300 0.076600 0.197000 0.206500 0.112900 0.195100 0.119700 0.078000 0.195100 0.153100 0.112800 0.206500 0.114500 0.207200 0.000300 0.164600 0.074000 0.190200 0.195100 0.160200 0.152600 0.153700 0.155600 0.077700 0.077800 0.153300 0.000000 0.078000 0.160200 0.151100 0.152600 0.201900 0.200800 0.075000 0.247500 0.207200
WhiteTaile 0.075200 0.087900 0.104900 0.196300 0.074200 0.075200 0.074600 0.080000 0.160000 0.076200 0.112300 0.121800 0.036900 0.079300 0.114400 0.077200 0.000700 0.000600 0.113600 0.165700 0.036700 0.112300 0.038700 0.000000 0.112300 0.074000 0.036600 0.165700 0.037000 0.121500 0.076900 0.122500 0.001500 0.109900 0.076300 0.078600 0.073800 0.074400 0.075300 0.038800 0.000100 0.074200 0.078000 0.000000 0.078600 0.072900 0.073800 0.116800 0.115100 0.000800 0.160000 0.121500
Cattle 0.073700 0.084700 0.000200 0.318900 0.072000 0.073700 0.072700 0.113200 0.074300 0.157200 0.109700 0.037400 0.035800 0.114800 0.111200 0.075000 0.103900 0.076800 0.110200 0.076400 0.035700 0.109700 0.119900 0.078600 0.109700 0.072000 0.035600 0.076400 0.036100 0.037300 0.158000 0.157600 0.089400 0.107900 0.073900 0.000000 0.071800 0.072300 0.073000 0.120100 0.078700 0.072000 0.160200 0.078600 0.000000 0.071100 0.071700 0.114000 0.112200 0.075000 0.074300 0.037300
RoyalAntel 0.069000 0.164400 0.070800 0.304000 0.068000 0.069000 0.068000 0.106700 0.146400 0.148300 0.103500 0.110500 0.033500 0.107200 0.104500 0.070400 0.096400 0.071800 0.103900 0.149800 0.033400 0.103500 0.111600 0.072900 0.103500 0.067900 0.033200 0.149800 0.033700 0.109700 0.149100 0.148300 0.081900 0.101200 0.069400 0.071100 0.067500 0.068200 0.068800 0.111700 0.072700 0.067900 0.151100 0.072900 0.071100 0.000000 0.067600 0.107400 0.105900 0.069700 0.146400 0.109700
Steenbok 0.069500 0.185900 0.071500 0.302200 0.068600 0.069500 0.068700 0.107700 0.147400 0.149600 0.104300 0.111300 0.033800 0.108500 0.105700 0.071100 0.093300 0.072500 0.104800 0.151000 0.033600 0.104300 0.112600 0.073800 0.104300 0.068500 0.033600 0.151000 0.034100 0.110600 0.150300 0.149500 0.082700 0.102400 0.070000 0.071700 0.068000 0.068800 0.000300 0.112700 0.073600 0.068400 0.152600 0.073800 0.071700 0.067600 0.000000 0.108300 0.106100 0.070400 0.147400 0.110600
Impala 0.111000 0.221300 0.113300 0.379100 0.108200 0.111000 0.109400 0.110700 0.195800 0.197700 0.148000 0.074100 0.071700 0.154700 0.070200 0.113300 0.141300 0.114800 0.148800 0.201600 0.071400 0.148000 0.159800 0.116800 0.148000 0.108900 0.071300 0.201600 0.072200 0.157000 0.198300 0.200200 0.129300 0.068700 0.111600 0.114000 0.108400 0.108700 0.109500 0.159900 0.117200 0.108800 0.201900 0.116800 0.114000 0.107400 0.108300 0.000000 0.151900 0.113000 0.195800 0.157000
Klipspring 0.109100 0.217400 0.111800 0.251000 0.107700 0.109100 0.107700 0.150000 0.193800 0.196700 0.145800 0.155500 0.070400 0.151900 0.148200 0.110800 0.140700 0.113200 0.146600 0.198300 0.069700 0.145800 0.157400 0.115100 0.145800 0.106800 0.070000 0.198300 0.070400 0.154500 0.197500 0.197200 0.123700 0.142400 0.109800 0.112200 0.106700 0.108000 0.108200 0.157600 0.115000 0.106800 0.200800 0.115100 0.112200 0.105900 0.106100 0.151900 0.000000 0.109500 0.193800 0.154500
ForestMusk 0.072300 0.083900 0.106900 0.204600 0.071000 0.072300 0.071300 0.111800 0.153500 0.073500 0.107800 0.116700 0.035200 0.112800 0.109400 0.073800 0.000500 0.000400 0.108400 0.157900 0.034900 0.107800 0.036500 0.000800 0.107800 0.071000 0.034800 0.157900 0.035500 0.115700 0.074100 0.156100 0.001800 0.105100 0.072500 0.075000 0.070400 0.071300 0.071900 0.036500 0.000800 0.071000 0.075000 0.000800 0.075000 0.069700 0.070400 0.113000 0.109500 0.000000 0.153500 0.115700
Bushbuck 0.151000 0.172100 0.074100 0.430300 0.148300 0.151000 0.149200 0.110600 0.000000 0.242400 0.188900 0.115500 0.109700 0.197500 0.191400 0.072400 0.189500 0.156600 0.106900 0.073600 0.109600 0.188900 0.204700 0.160000 0.188900 0.147900 0.109400 0.073600 0.110700 0.036000 0.243700 0.244900 0.176100 0.185400 0.152200 0.074300 0.147600 0.148800 0.150200 0.204800 0.160200 0.147900 0.247500 0.160000 0.074300 0.146400 0.147400 0.195800 0.193800 0.153500 0.000000 0.036000
GreaterKud 0.113600 0.131000 0.037200 0.379900 0.111100 0.113600 0.112200 0.155500 0.036000 0.203100 0.151100 0.077300 0.073400 0.158300 0.152800 0.036400 0.149300 0.118400 0.071400 0.037000 0.073400 0.151100 0.165500 0.121500 0.151100 0.111100 0.073200 0.037000 0.074200 0.000000 0.204200 0.204400 0.136900 0.148200 0.114200 0.037300 0.110700 0.111600 0.112800 0.165700 0.121700 0.111100 0.207200 0.121500 0.037300 0.109700 0.110600 0.157000 0.154500 0.115700 0.036000 0.000000
