1
52 1
Argali 0.000000 0.159600 0.046100 0.141000 0.045500 0.017800 0.026900 0.045800 0.055600 0.063900 0.000000 0.036400 0.008800 0.017700 0.065300 0.045600 0.064700 0.074500 0.017800 0.046100 0.036000 0.008800 0.063900 0.073800 0.008800 0.054800 0.017800 0.055600 0.036100 0.046100 0.063800 0.017800 0.045800 0.008800 0.017800 0.045700 0.000100 0.045300 0.045800 0.093100 0.073700 0.045500 0.073500 0.093400 0.055300 0.018000 0.054400 0.036500 0.035900 0.045000 0.046100 0.055800
LesserMous 0.159600 0.000000 0.151300 0.111500 0.172000 0.183400 0.149200 0.172900 0.162300 0.147500 0.159700 0.139700 0.148700 0.159800 0.174400 0.195500 0.172700 0.160800 0.160400 0.151300 0.182600 0.148800 0.147600 0.136900 0.148900 0.171000 0.147800 0.162300 0.183300 0.151300 0.147400 0.153600 0.123400 0.148700 0.153600 0.150200 0.170000 0.171300 0.149800 0.158100 0.159100 0.195200 0.158800 0.158900 0.161900 0.161900 0.204400 0.162400 0.182200 0.126500 0.151300 0.163100
LesserKudu 0.046100 0.151300 0.000000 0.155600 0.056200 0.065900 0.036900 0.056700 0.009000 0.075100 0.046100 0.027800 0.036700 0.046200 0.076900 0.056500 0.076200 0.066200 0.046400 0.000000 0.046400 0.036800 0.075100 0.065600 0.036800 0.065900 0.027500 0.009000 0.046500 0.000000 0.075100 0.046400 0.056700 0.036700 0.046400 0.037200 0.046100 0.056000 0.037200 0.075200 0.085500 0.056200 0.085200 0.085400 0.027800 0.046800 0.065400 0.047000 0.046200 0.055600 0.000000 0.009100
KillerWhal 0.141000 0.111500 0.155600 0.000000 0.131300 0.142200 0.130800 0.154100 0.166900 0.174400 0.141200 0.137000 0.130300 0.141300 0.203300 0.153500 0.177100 0.165200 0.141900 0.155600 0.141100 0.130400 0.174300 0.163200 0.130500 0.140800 0.128700 0.166900 0.141600 0.155600 0.174400 0.137100 0.159200 0.130300 0.114900 0.154200 0.150600 0.130600 0.109400 0.185500 0.186800 0.153000 0.186400 0.186500 0.166100 0.143200 0.162200 0.166800 0.163700 0.129800 0.155600 0.167700
DefassaWat 0.045500 0.172000 0.056200 0.131300 0.000000 0.045700 0.055400 0.055600 0.065900 0.093800 0.045400 0.055800 0.036100 0.045600 0.096100 0.055700 0.095200 0.105400 0.045800 0.056200 0.045700 0.036300 0.093800 0.104300 0.055000 0.065000 0.045800 0.065900 0.045900 0.056200 0.093800 0.043100 0.071200 0.036100 0.023200 0.075000 0.045500 0.017500 0.036600 0.124400 0.104300 0.055500 0.104000 0.124800 0.065600 0.046100 0.064200 0.065700 0.045500 0.054800 0.056200 0.066200
Sheep 0.017800 0.183400 0.065900 0.142200 0.045700 0.000000 0.045800 0.065100 0.075600 0.083700 0.017300 0.046100 0.026100 0.036200 0.085700 0.065200 0.084900 0.095000 0.036300 0.065900 0.055100 0.027000 0.083700 0.094000 0.026900 0.074500 0.036300 0.075600 0.055300 0.065900 0.083700 0.036300 0.065500 0.025800 0.018000 0.065000 0.017800 0.045500 0.065100 0.113800 0.094000 0.064900 0.093700 0.114300 0.075200 0.036600 0.073700 0.055800 0.054800 0.064300 0.065900 0.075900
MaxwellsDu 0.026900 0.149200 0.036900 0.130800 0.055400 0.045800 0.000000 0.055800 0.046400 0.074000 0.026900 0.027300 0.017900 0.008900 0.056100 0.055600 0.075100 0.065200 0.027100 0.036900 0.045700 0.017900 0.074000 0.064600 0.017900 0.064900 0.008900 0.046400 0.045800 0.036900 0.074000 0.008900 0.055800 0.017900 0.027100 0.036600 0.026900 0.055100 0.036700 0.083800 0.084200 0.055400 0.083900 0.084000 0.046100 0.027300 0.064400 0.046300 0.045500 0.054800 0.036900 0.046500
GazellaPrz 0.045800 0.172900 0.056700 0.154100 0.055600 0.065100 0.055800 0.000000 0.066400 0.094500 0.045600 0.066000 0.036400 0.045900 0.076300 0.036800 0.095900 0.106200 0.046100 0.056700 0.027200 0.036500 0.094400 0.105100 0.055300 0.046000 0.046100 0.066400 0.027300 0.056700 0.094400 0.046100 0.076000 0.036400 0.046100 0.075500 0.045800 0.055400 0.036700 0.125300 0.105000 0.036600 0.104700 0.125800 0.066000 0.046400 0.044700 0.066200 0.045800 0.074600 0.056700 0.066600
MountainNy 0.055600 0.162300 0.009000 0.166900 0.065900 0.075600 0.046400 0.066400 0.000000 0.084900 0.055600 0.037200 0.046100 0.055700 0.086900 0.066200 0.086100 0.076000 0.055900 0.008800 0.055900 0.046200 0.084900 0.075300 0.046200 0.075700 0.036800 0.000000 0.056100 0.009000 0.084900 0.055900 0.066400 0.046100 0.055900 0.046700 0.055600 0.065600 0.046800 0.085100 0.095400 0.065900 0.095100 0.095300 0.037200 0.056400 0.075100 0.056700 0.055700 0.065200 0.008800 0.018200
MuntiacusM 0.063900 0.147500 0.075100 0.174400 0.093800 0.083700 0.074000 0.094500 0.084900 0.000000 0.063900 0.064900 0.054500 0.064000 0.095100 0.094200 0.074400 0.084200 0.064200 0.075100 0.083600 0.054500 0.000100 0.008800 0.073800 0.103700 0.064200 0.084900 0.083800 0.075100 0.000000 0.064200 0.036400 0.054500 0.064300 0.074400 0.063900 0.093400 0.094400 0.026800 0.008800 0.093800 0.008600 0.026800 0.084400 0.064700 0.103000 0.065000 0.083300 0.054300 0.075100 0.085200
goat 0.000000 0.159700 0.046100 0.141200 0.045400 0.017300 0.026900 0.045600 0.055600 0.063900 0.000000 0.036400 0.008800 0.017800 0.065400 0.045700 0.064800 0.074600 0.017800 0.046100 0.036100 0.008800 0.063900 0.073800 0.008600 0.054900 0.017800 0.055600 0.036200 0.046100 0.063900 0.017800 0.045900 0.008600 0.017800 0.045600 0.000000 0.045200 0.045600 0.093100 0.073800 0.045500 0.073600 0.093400 0.055300 0.018000 0.054300 0.036500 0.035900 0.045100 0.046100 0.055800
AfricanBuf 0.036400 0.139700 0.027800 0.137000 0.055800 0.046100 0.027300 0.066000 0.037200 0.064900 0.036400 0.000000 0.027200 0.036500 0.066500 0.046400 0.065900 0.056100 0.036600 0.027800 0.055600 0.027200 0.064900 0.055500 0.027200 0.055700 0.018100 0.037200 0.036700 0.027800 0.064800 0.036600 0.046600 0.027200 0.027300 0.027500 0.036400 0.055600 0.046500 0.074500 0.074900 0.046200 0.074700 0.074800 0.037000 0.036900 0.074600 0.037100 0.055300 0.045800 0.027800 0.037300
Topi 0.008800 0.148700 0.036700 0.130300 0.036100 0.026100 0.017900 0.036400 0.046100 0.054500 0.008800 0.027200 0.000000 0.008800 0.055800 0.036400 0.055300 0.064900 0.008900 0.036700 0.026900 0.000000 0.054500 0.064300 0.017800 0.045500 0.008900 0.046100 0.027000 0.036700 0.054500 0.008900 0.036500 0.000000 0.008900 0.036300 0.008800 0.036000 0.036300 0.083400 0.064200 0.036300 0.064100 0.083600 0.045900 0.008900 0.045000 0.027300 0.026800 0.035900 0.036700 0.046300
CommonDuik 0.017700 0.159800 0.046200 0.141300 0.045600 0.036200 0.008900 0.045900 0.055700 0.064000 0.017800 0.036500 0.008800 0.000000 0.046200 0.045800 0.064900 0.074700 0.017800 0.046200 0.036100 0.008800 0.064000 0.073900 0.026900 0.054900 0.017900 0.055700 0.036200 0.046200 0.064000 0.000100 0.045900 0.008800 0.017900 0.045800 0.017800 0.045400 0.045900 0.093300 0.073900 0.045600 0.073700 0.093600 0.055400 0.018000 0.054500 0.036600 0.036000 0.045100 0.046200 0.055900
Suni 0.065300 0.174400 0.076900 0.203300 0.096100 0.085700 0.056100 0.076300 0.086900 0.095100 0.065400 0.066500 0.055800 0.046200 0.000000 0.096300 0.106400 0.116800 0.065700 0.076900 0.085500 0.055800 0.095000 0.105700 0.075500 0.106000 0.065700 0.086900 0.085700 0.076900 0.095000 0.046400 0.076500 0.055800 0.065800 0.066300 0.065400 0.095600 0.096700 0.125900 0.105600 0.096000 0.105400 0.126500 0.076400 0.066300 0.105100 0.066600 0.085100 0.075200 0.076900 0.087300
Springbuck 0.045600 0.195500 0.056500 0.153500 0.055700 0.065200 0.055600 0.036800 0.066200 0.094200 0.045700 0.046400 0.036400 0.045800 0.096300 0.000000 0.095500 0.105800 0.045900 0.056500 0.027100 0.036400 0.094100 0.104800 0.055400 0.027200 0.045900 0.066200 0.009000 0.056500 0.094100 0.045900 0.075700 0.036400 0.045900 0.075500 0.045700 0.055400 0.036800 0.125000 0.104700 0.018000 0.104400 0.125400 0.065800 0.046300 0.045500 0.066000 0.045700 0.074300 0.056500 0.066400
Okapi 0.064700 0.172700 0.076200 0.177100 0.095200 0.084900 0.075100 0.095900 0.086100 0.074400 0.064800 0.065900 0.055300 0.064900 0.106400 0.095500 0.000000 0.009000 0.065100 0.076200 0.084700 0.055300 0.074300 0.084500 0.074800 0.105100 0.065200 0.086100 0.085000 0.076200 0.074300 0.065100 0.056100 0.055300 0.065200 0.075600 0.064800 0.094900 0.095800 0.104100 0.065000 0.095200 0.084300 0.084500 0.085800 0.065700 0.104200 0.066000 0.084400 0.055100 0.076200 0.086500
Giraffe 0.074500 0.160800 0.066200 0.165200 0.105400 0.095000 0.065200 0.106200 0.076000 0.084200 0.074600 0.056100 0.064900 0.074700 0.116800 0.105800 0.009000 0.000000 0.074900 0.066200 0.094800 0.065000 0.084200 0.074600 0.065000 0.115400 0.055500 0.076000 0.095100 0.066200 0.084100 0.074900 0.065900 0.064900 0.075000 0.065700 0.074600 0.105000 0.085600 0.094000 0.074700 0.105400 0.094300 0.074600 0.075700 0.075600 0.114400 0.076000 0.094400 0.064700 0.066200 0.076300
TibetanAnt 0.017800 0.160400 0.046400 0.141900 0.045800 0.036300 0.027100 0.046100 0.055900 0.064200 0.017800 0.036600 0.008900 0.017800 0.065700 0.045900 0.065100 0.074900 0.000000 0.046400 0.036200 0.008900 0.064200 0.074200 0.027000 0.055100 0.017900 0.055900 0.036400 0.046400 0.064200 0.017900 0.046100 0.008900 0.017900 0.046000 0.017800 0.045600 0.046100 0.093600 0.074200 0.045800 0.073900 0.093900 0.055600 0.018100 0.054700 0.036700 0.036100 0.045300 0.046400 0.056100
Sitatunga 0.046100 0.151300 0.000000 0.155600 0.056200 0.065900 0.036900 0.056700 0.008800 0.075100 0.046100 0.027800 0.036700 0.046200 0.076900 0.056500 0.076200 0.066200 0.046400 0.000000 0.046400 0.036800 0.075100 0.065600 0.036800 0.065900 0.027500 0.008800 0.046500 0.000000 0.075100 0.046400 0.056700 0.036700 0.046400 0.037200 0.046100 0.056000 0.037200 0.075200 0.085500 0.056200 0.085200 0.085400 0.027800 0.046800 0.065400 0.047000 0.046200 0.055600 0.000000 0.009100
Oribi 0.036000 0.182600 0.046400 0.141100 0.045700 0.055100 0.045700 0.027200 0.055900 0.083600 0.036100 0.055600 0.026900 0.036100 0.085500 0.027100 0.084700 0.094800 0.036200 0.046400 0.000000 0.026900 0.083600 0.093900 0.045500 0.036200 0.036300 0.055900 0.017900 0.046400 0.083600 0.036200 0.065200 0.026900 0.036200 0.065100 0.036100 0.045500 0.027200 0.113800 0.093900 0.027000 0.093600 0.114200 0.055600 0.036500 0.035900 0.055800 0.036100 0.045200 0.046400 0.056100
BarbaryShe 0.008800 0.148800 0.036800 0.130400 0.036300 0.027000 0.017900 0.036500 0.046200 0.054500 0.008800 0.027200 0.000000 0.008800 0.055800 0.036400 0.055300 0.065000 0.008900 0.036800 0.026900 0.000000 0.054500 0.064300 0.017800 0.045500 0.008900 0.046200 0.027000 0.036800 0.054500 0.008900 0.036500 0.000000 0.008900 0.036400 0.008800 0.036100 0.036500 0.083400 0.064300 0.036300 0.064100 0.083700 0.045900 0.009000 0.045200 0.027300 0.026800 0.035900 0.036800 0.046300
Daviddeer 0.063900 0.147600 0.075100 0.174300 0.093800 0.083700 0.074000 0.094400 0.084900 0.000100 0.063900 0.064900 0.054500 0.064000 0.095000 0.094100 0.074300 0.084200 0.064200 0.075100 0.083600 0.054500 0.000000 0.008900 0.073800 0.103700 0.064200 0.084900 0.083800 0.075100 0.000100 0.064200 0.036400 0.054500 0.064300 0.074400 0.063900 0.093400 0.094400 0.026800 0.008600 0.093800 0.008800 0.026800 0.084400 0.064700 0.102900 0.065100 0.083200 0.054300 0.075100 0.085200
Reindeer 0.073800 0.136900 0.065600 0.163200 0.104300 0.094000 0.064600 0.105100 0.075300 0.008800 0.073800 0.055500 0.064300 0.073900 0.105700 0.104800 0.084500 0.074600 0.074200 0.065600 0.093900 0.064300 0.008900 0.000000 0.064400 0.114400 0.054900 0.075300 0.094200 0.065600 0.008800 0.074200 0.046000 0.064300 0.074200 0.065000 0.073800 0.103900 0.084700 0.017800 0.017900 0.104400 0.017800 0.017900 0.074800 0.074800 0.113500 0.075200 0.093500 0.064100 0.065600 0.075500
Ibex 0.008800 0.148900 0.036800 0.130500 0.055000 0.026900 0.017900 0.055300 0.046200 0.073800 0.008600 0.027200 0.017800 0.026900 0.075500 0.055400 0.074800 0.065000 0.027000 0.036800 0.045500 0.017800 0.073800 0.064400 0.000000 0.064700 0.008900 0.046200 0.045700 0.036800 0.073700 0.027000 0.055600 0.017300 0.027000 0.036300 0.008800 0.054700 0.034700 0.083500 0.083900 0.055200 0.083600 0.083800 0.045900 0.027200 0.063000 0.046100 0.045300 0.054600 0.036800 0.046400
GyrantGaze 0.054800 0.171000 0.065900 0.140800 0.065000 0.074500 0.064900 0.046000 0.075700 0.103700 0.054900 0.055700 0.045500 0.054900 0.106000 0.027200 0.105100 0.115400 0.055100 0.065900 0.036200 0.045500 0.103700 0.114400 0.064700 0.000000 0.055100 0.075700 0.017900 0.065900 0.103700 0.055100 0.085300 0.045500 0.055200 0.084900 0.054800 0.064600 0.046000 0.134900 0.114400 0.027100 0.114000 0.135300 0.075200 0.055600 0.054600 0.075500 0.054900 0.083700 0.065900 0.075900
Hartebeest 0.017800 0.147800 0.027500 0.128700 0.045800 0.036300 0.008900 0.046100 0.036800 0.064200 0.017800 0.018100 0.008900 0.017900 0.065700 0.045900 0.065200 0.055500 0.017900 0.027500 0.036300 0.008900 0.064200 0.054900 0.008900 0.055100 0.000000 0.036800 0.036400 0.027500 0.064200 0.017900 0.055400 0.008900 0.017900 0.027200 0.017300 0.045600 0.027300 0.073800 0.074200 0.045800 0.073900 0.074100 0.036600 0.018100 0.054700 0.036700 0.036100 0.045300 0.027500 0.036900
Bongo 0.055600 0.162300 0.009000 0.166900 0.065900 0.075600 0.046400 0.066400 0.000000 0.084900 0.055600 0.037200 0.046100 0.055700 0.086900 0.066200 0.086100 0.076000 0.055900 0.008800 0.055900 0.046200 0.084900 0.075300 0.046200 0.075700 0.036800 0.000000 0.056100 0.008800 0.084900 0.055900 0.066400 0.046100 0.055900 0.046700 0.055600 0.065600 0.046800 0.085100 0.095400 0.065900 0.095100 0.095300 0.037200 0.056400 0.075100 0.056700 0.055700 0.065200 0.008800 0.018200
Gerenuk 0.036100 0.183300 0.046500 0.141600 0.045900 0.055300 0.045800 0.027300 0.056100 0.083800 0.036200 0.036700 0.027000 0.036200 0.085700 0.009000 0.085000 0.095100 0.036400 0.046500 0.017900 0.027000 0.083800 0.094200 0.045700 0.017900 0.036400 0.056100 0.000000 0.046500 0.083800 0.036300 0.065500 0.027000 0.036400 0.065300 0.036200 0.045700 0.027300 0.114100 0.094200 0.008900 0.093900 0.114500 0.055800 0.036700 0.036000 0.056000 0.036200 0.064400 0.046500 0.056300
CommonElan 0.046100 0.151300 0.000000 0.155600 0.056200 0.065900 0.036900 0.056700 0.009000 0.075100 0.046100 0.027800 0.036700 0.046200 0.076900 0.056500 0.076200 0.066200 0.046400 0.000000 0.046400 0.036800 0.075100 0.065600 0.036800 0.065900 0.027500 0.008800 0.046500 0.000000 0.075100 0.046400 0.056700 0.036700 0.046400 0.037200 0.046100 0.056000 0.037200 0.075200 0.085500 0.056200 0.085200 0.085400 0.027800 0.046800 0.065400 0.047000 0.046200 0.055600 0.000000 0.009100
MuntiacusR 0.063800 0.147400 0.075100 0.174400 0.093800 0.083700 0.074000 0.094400 0.084900 0.000000 0.063900 0.064800 0.054500 0.064000 0.095000 0.094100 0.074300 0.084100 0.064200 0.075100 0.083600 0.054500 0.000100 0.008800 0.073700 0.103700 0.064200 0.084900 0.083800 0.075100 0.000000 0.064200 0.036300 0.054500 0.064200 0.074400 0.063900 0.093300 0.094400 0.026700 0.008800 0.093800 0.008800 0.026800 0.084400 0.064700 0.102900 0.065000 0.083200 0.054300 0.075100 0.085100
HarveysDui 0.017800 0.153600 0.046400 0.137100 0.043100 0.036300 0.008900 0.046100 0.055900 0.064200 0.017800 0.036600 0.008900 0.000100 0.046400 0.045900 0.065100 0.074900 0.017900 0.046400 0.036200 0.008900 0.064200 0.074200 0.027000 0.055100 0.017900 0.055900 0.036300 0.046400 0.064200 0.000000 0.046100 0.008900 0.017900 0.046000 0.017800 0.042900 0.043500 0.093600 0.074200 0.045800 0.074000 0.093900 0.055600 0.018100 0.054700 0.036700 0.036100 0.040700 0.046400 0.056100
Pronghorn 0.045800 0.123400 0.056700 0.159200 0.071200 0.065500 0.055800 0.076000 0.066400 0.036400 0.045900 0.046600 0.036500 0.045900 0.076500 0.075700 0.056100 0.065900 0.046100 0.056700 0.065200 0.036500 0.036400 0.046000 0.055600 0.085300 0.055400 0.066400 0.065500 0.056700 0.036300 0.046100 0.000000 0.036500 0.046200 0.056200 0.055200 0.070800 0.071600 0.065000 0.046000 0.075500 0.045900 0.055600 0.066100 0.046500 0.084600 0.046600 0.065100 0.030100 0.056700 0.066700
BlueWildeb 0.008800 0.148700 0.036700 0.130300 0.036100 0.025800 0.017900 0.036400 0.046100 0.054500 0.008600 0.027200 0.000000 0.008800 0.055800 0.036400 0.055300 0.064900 0.008900 0.036700 0.026900 0.000000 0.054500 0.064300 0.017300 0.045500 0.008900 0.046100 0.027000 0.036700 0.054500 0.008900 0.036500 0.000000 0.008900 0.036300 0.008800 0.036000 0.036000 0.083400 0.064200 0.036300 0.064100 0.083600 0.045900 0.008900 0.045000 0.027300 0.026800 0.035900 0.036700 0.046300
Gemsbok 0.017800 0.153600 0.046400 0.114900 0.023200 0.018000 0.027100 0.046100 0.055900 0.064300 0.017800 0.027300 0.008900 0.017900 0.065800 0.045900 0.065200 0.075000 0.017900 0.046400 0.036200 0.008900 0.064300 0.074200 0.027000 0.055200 0.017900 0.055900 0.036400 0.046400 0.064200 0.017900 0.046200 0.008900 0.000000 0.046000 0.017800 0.023000 0.043400 0.093600 0.074200 0.045800 0.074000 0.093900 0.055700 0.018000 0.054700 0.036700 0.036100 0.040700 0.046400 0.056200
Yak 0.045700 0.150200 0.037200 0.154200 0.075000 0.065000 0.036600 0.075500 0.046700 0.074400 0.045600 0.027500 0.036300 0.045800 0.066300 0.075500 0.075600 0.065700 0.046000 0.037200 0.065100 0.036400 0.074400 0.065000 0.036300 0.084900 0.027200 0.046700 0.065300 0.037200 0.074400 0.046000 0.056200 0.036300 0.046000 0.000000 0.045700 0.073300 0.055800 0.084200 0.084700 0.075200 0.084400 0.084500 0.027600 0.046300 0.083900 0.046600 0.064800 0.055200 0.037200 0.046900
BlueSheep 0.000100 0.170000 0.046100 0.150600 0.045500 0.017800 0.026900 0.045800 0.055600 0.063900 0.000000 0.036400 0.008800 0.017800 0.065400 0.045700 0.064800 0.074600 0.017800 0.046100 0.036100 0.008800 0.063900 0.073800 0.008800 0.054800 0.017300 0.055600 0.036200 0.046100 0.063900 0.017800 0.055200 0.008800 0.017800 0.045700 0.000000 0.045300 0.045800 0.093100 0.073800 0.045500 0.073600 0.093400 0.055300 0.018000 0.054400 0.036500 0.035900 0.045100 0.046100 0.055800
BohorReedb 0.045300 0.171300 0.056000 0.130600 0.017500 0.045500 0.055100 0.055400 0.065600 0.093400 0.045200 0.055600 0.036000 0.045400 0.095600 0.055400 0.094900 0.105000 0.045600 0.056000 0.045500 0.036100 0.093400 0.103900 0.054700 0.064600 0.045600 0.065600 0.045700 0.056000 0.093300 0.042900 0.070800 0.036000 0.023000 0.073300 0.045300 0.000000 0.036400 0.123700 0.103800 0.055200 0.103600 0.124300 0.065300 0.045900 0.063900 0.065400 0.045300 0.054600 0.056000 0.065800
KirksDik 0.045800 0.149800 0.037200 0.109400 0.036600 0.065100 0.036700 0.036700 0.046800 0.094400 0.045600 0.046500 0.036300 0.045900 0.096700 0.036800 0.095800 0.085600 0.046100 0.037200 0.027200 0.036500 0.094400 0.084700 0.034700 0.046000 0.027300 0.046800 0.027300 0.037200 0.094400 0.043500 0.071600 0.036000 0.043400 0.055800 0.045800 0.036400 0.000000 0.104500 0.105000 0.036600 0.104700 0.104900 0.046500 0.046400 0.045400 0.066200 0.045800 0.055200 0.037200 0.046900
RoeDeer 0.093100 0.158100 0.075200 0.185500 0.124400 0.113800 0.083800 0.125300 0.085100 0.026800 0.093100 0.074500 0.083400 0.093300 0.125900 0.125000 0.104100 0.094000 0.093600 0.075200 0.113800 0.083400 0.026800 0.017800 0.083500 0.134900 0.073800 0.085100 0.114100 0.075200 0.026700 0.093600 0.065000 0.083400 0.093600 0.084200 0.093100 0.123700 0.104500 0.000000 0.036100 0.124500 0.035900 0.036000 0.094200 0.094300 0.113300 0.094800 0.113300 0.083000 0.075200 0.085300
WhiteLippe 0.073700 0.159100 0.085500 0.186800 0.104300 0.094000 0.084200 0.105000 0.095400 0.008800 0.073800 0.074900 0.064200 0.073900 0.105600 0.104700 0.065000 0.074700 0.074200 0.085500 0.093900 0.064300 0.008600 0.017900 0.083900 0.114400 0.074200 0.095400 0.094200 0.085500 0.008800 0.074200 0.046000 0.064200 0.074200 0.084700 0.073800 0.103800 0.105000 0.036100 0.000000 0.104300 0.017800 0.034800 0.094800 0.074800 0.113400 0.075200 0.093400 0.064000 0.085500 0.095800
ThomsonGaz 0.045500 0.195200 0.056200 0.153000 0.055500 0.064900 0.055400 0.036600 0.065900 0.093800 0.045500 0.046200 0.036300 0.045600 0.096000 0.018000 0.095200 0.105400 0.045800 0.056200 0.027000 0.036300 0.093800 0.104400 0.055200 0.027100 0.045800 0.065900 0.008900 0.056200 0.093800 0.045800 0.075500 0.036300 0.045800 0.075200 0.045500 0.055200 0.036600 0.124500 0.104300 0.000000 0.084000 0.125000 0.065600 0.046100 0.045300 0.065700 0.045500 0.074100 0.056200 0.066200
MuntiacusC 0.073500 0.158800 0.085200 0.186400 0.104000 0.093700 0.083900 0.104700 0.095100 0.008600 0.073600 0.074700 0.064100 0.073700 0.105400 0.104400 0.084300 0.094300 0.073900 0.085200 0.093600 0.064100 0.008800 0.017800 0.083600 0.114000 0.073900 0.095100 0.093900 0.085200 0.008800 0.074000 0.045900 0.064100 0.074000 0.084400 0.073600 0.103600 0.104700 0.035900 0.017800 0.084000 0.000000 0.036000 0.094500 0.074500 0.113100 0.074900 0.093200 0.063900 0.085200 0.095400
WhiteTaile 0.093400 0.158900 0.085400 0.186500 0.124800 0.114300 0.084000 0.125800 0.095300 0.026800 0.093400 0.074800 0.083600 0.093600 0.126500 0.125400 0.084500 0.074600 0.093900 0.085400 0.114200 0.083700 0.026800 0.017900 0.083800 0.135300 0.074100 0.095300 0.114500 0.085400 0.026800 0.093900 0.055600 0.083600 0.093900 0.084500 0.093400 0.124300 0.104900 0.036000 0.034800 0.125000 0.036000 0.000000 0.094700 0.094700 0.134200 0.095200 0.113600 0.083300 0.085400 0.095600
Cattle 0.055300 0.161900 0.027800 0.166100 0.065600 0.075200 0.046100 0.066000 0.037200 0.084400 0.055300 0.037000 0.045900 0.055400 0.076400 0.065800 0.085800 0.075700 0.055600 0.027800 0.055600 0.045900 0.084400 0.074800 0.045900 0.075200 0.036600 0.037200 0.055800 0.027800 0.084400 0.055600 0.066100 0.045900 0.055700 0.027600 0.055300 0.065300 0.046500 0.094200 0.094800 0.065600 0.094500 0.094700 0.000000 0.056100 0.074500 0.056400 0.055300 0.064900 0.027800 0.037300
RoyalAntel 0.018000 0.161900 0.046800 0.143200 0.046100 0.036600 0.027300 0.046400 0.056400 0.064700 0.018000 0.036900 0.008900 0.018000 0.066300 0.046300 0.065700 0.075600 0.018100 0.046800 0.036500 0.009000 0.064700 0.074800 0.027200 0.055600 0.018100 0.056400 0.036700 0.046800 0.064700 0.018100 0.046500 0.008900 0.018000 0.046300 0.018000 0.045900 0.046400 0.094300 0.074800 0.046100 0.074500 0.094700 0.056100 0.000000 0.055200 0.037000 0.036400 0.045700 0.046800 0.056600
Steenbok 0.054400 0.204400 0.065400 0.162200 0.064200 0.073700 0.064400 0.044700 0.075100 0.103000 0.054300 0.074600 0.045000 0.054500 0.105100 0.045500 0.104200 0.114400 0.054700 0.065400 0.035900 0.045200 0.102900 0.113500 0.063000 0.054600 0.054700 0.075100 0.036000 0.065400 0.102900 0.054700 0.084600 0.045000 0.054700 0.083900 0.054400 0.063900 0.045400 0.113300 0.113400 0.045300 0.113100 0.134200 0.074500 0.055200 0.000000 0.074800 0.054500 0.083100 0.065400 0.075300
Impala 0.036500 0.162400 0.047000 0.166800 0.065700 0.055800 0.046300 0.066200 0.056700 0.065000 0.036500 0.037100 0.027300 0.036600 0.066600 0.066000 0.066000 0.076000 0.036700 0.047000 0.055800 0.027300 0.065100 0.075200 0.046100 0.075500 0.036700 0.056700 0.056000 0.047000 0.065000 0.036700 0.046600 0.027300 0.036700 0.046600 0.036500 0.065400 0.066200 0.094800 0.075200 0.065700 0.074900 0.095200 0.056400 0.037000 0.074800 0.000000 0.055500 0.045900 0.047000 0.056900
Klipspring 0.035900 0.182200 0.046200 0.163700 0.045500 0.054800 0.045500 0.045800 0.055700 0.083300 0.035900 0.055300 0.026800 0.036000 0.085100 0.045700 0.084400 0.094400 0.036100 0.046200 0.036100 0.026800 0.083200 0.093500 0.045300 0.054900 0.036100 0.055700 0.036200 0.046200 0.083200 0.036100 0.065100 0.026800 0.036100 0.064800 0.035900 0.045300 0.045800 0.113300 0.093400 0.045500 0.093200 0.113600 0.055300 0.036400 0.054500 0.055500 0.000000 0.063900 0.046200 0.055800
ForestMusk 0.045000 0.126500 0.055600 0.129800 0.054800 0.064300 0.054800 0.074600 0.065200 0.054300 0.045100 0.045800 0.035900 0.045100 0.075200 0.074300 0.055100 0.064700 0.045300 0.055600 0.045200 0.035900 0.054300 0.064100 0.054600 0.083700 0.045300 0.065200 0.064400 0.055600 0.054300 0.040700 0.030100 0.035900 0.040700 0.055200 0.045100 0.054600 0.055200 0.083000 0.064000 0.074100 0.063900 0.083300 0.064900 0.045700 0.083100 0.045900 0.063900 0.000000 0.055600 0.065500
Bushbuck 0.046100 0.151300 0.000000 0.155600 0.056200 0.065900 0.036900 0.056700 0.008800 0.075100 0.046100 0.027800 0.036700 0.046200 0.076900 0.056500 0.076200 0.066200 0.046400 0.000000 0.046400 0.036800 0.075100 0.065600 0.036800 0.065900 0.027500 0.008800 0.046500 0.000000 0.075100 0.046400 0.056700 0.036700 0.046400 0.037200 0.046100 0.056000 0.037200 0.075200 0.085500 0.056200 0.085200 0.085400 0.027800 0.046800 0.065400 0.047000 0.046200 0.055600 0.000000 0.009100
GreaterKud 0.055800 0.163100 0.009100 0.167700 0.066200 0.075900 0.046500 0.066600 0.018200 0.085200 0.055800 0.037300 0.046300 0.055900 0.087300 0.066400 0.086500 0.076300 0.056100 0.009100 0.056100 0.046300 0.085200 0.075500 0.046400 0.075900 0.036900 0.018200 0.056300 0.009100 0.085100 0.056100 0.066700 0.046300 0.056200 0.046900 0.055800 0.065800 0.046900 0.085300 0.095800 0.066200 0.095400 0.095600 0.037300 0.056600 0.075300 0.056900 0.055800 0.065500 0.009100 0.000000
