CODONML (in paml version 4.10.7, June 2023)  /home/rachel/ruminants_paml/6406-phy-tree/ENSBTAT00000020114.fasta.phy
Model: free dN/dS Ratios for branches,  kappa = 2.000 fixed

Codon frequency model: F3x4
ns =  54  ls =  31

Codon usage in sequences
--------------------------------------------------------------------------------------------------------------------------------------
Phe TTT   0   0   0   0   0   0 | Ser TCT   0   0   0   0   0   0 | Tyr TAT   0   0   0   0   0   0 | Cys TGT   0   0   0   0   0   0
    TTC   0   0   0   0   0   0 |     TCC   0   0   0   0   1   0 |     TAC   1   0   1   1   0   1 |     TGC   0   0   0   0   0   0
Leu TTA   0   0   0   0   0   0 |     TCA   0   0   0   0   0   0 | *** TAA   0   0   0   0   0   0 | *** TGA   0   0   0   0   0   0
    TTG   0   0   0   0   0   0 |     TCG   1   1   1   1   0   1 |     TAG   0   0   0   0   0   0 | Trp TGG   1   1   1   1   2   1
--------------------------------------------------------------------------------------------------------------------------------------
Leu CTT   0   0   0   0   0   0 | Pro CCT   0   0   0   0   0   0 | His CAT   0   0   0   0   0   0 | Arg CGT   0   0   0   0   1   0
    CTC   0   0   0   0   0   0 |     CCC   0   0   0   1   0   0 |     CAC   0   1   0   0   0   0 |     CGC   0   1   0   0   1   1
    CTA   0   0   0   0   0   1 |     CCA   0   0   0   0   0   0 | Gln CAA   1   0   1   1   1   1 |     CGA   2   1   2   2   0   0
    CTG   3   3   3   3   3   3 |     CCG   1   1   1   0   0   1 |     CAG   4   4   3   4   3   4 |     CGG   1   2   1   1   1   1
--------------------------------------------------------------------------------------------------------------------------------------
Ile ATT   0   0   0   0   0   0 | Thr ACT   0   0   0   0   0   0 | Asn AAT   0   0   0   0   0   0 | Ser AGT   0   0   0   0   0   0
    ATC   0   0   0   0   0   0 |     ACC   0   1   0   0   0   0 |     AAC   0   0   0   0   0   0 |     AGC   1   1   1   1   1   1
    ATA   0   0   0   0   0   0 |     ACA   0   0   0   0   0   0 | Lys AAA   0   0   0   0   0   0 | Arg AGA   0   0   0   0   0   0
Met ATG   1   1   1   1   1   1 |     ACG   0   0   0   0   0   0 |     AAG   1   1   2   1   1   1 |     AGG   0   0   0   0   0   0
--------------------------------------------------------------------------------------------------------------------------------------
Val GTT   0   0   0   0   0   0 | Ala GCT   1   1   1   1   0   1 | Asp GAT   0   0   0   0   0   0 | Gly GGT   0   0   0   0   0   0
    GTC   1   0   1   1   0   1 |     GCC   1   2   2   2   3   3 |     GAC   0   0   0   0   0   0 |     GGC   0   0   0   0   0   0
    GTA   0   0   0   0   0   0 |     GCA   0   0   0   0   0   0 | Glu GAA   3   2   3   3   0   1 |     GGA   0   0   0   0   0   0
    GTG   1   1   1   1   1   0 |     GCG   2   1   1   1   2   1 |     GAG   4   5   4   4   8   6 |     GGG   0   0   0   0   1   0
--------------------------------------------------------------------------------------------------------------------------------------

--------------------------------------------------------------------------------------------------------------------------------------
Phe TTT   0   0   0   0   0   0 | Ser TCT   0   0   0   0   0   0 | Tyr TAT   0   0   0   0   0   0 | Cys TGT   0   0   0   0   0   0
    TTC   0   0   0   0   0   0 |     TCC   0   0   0   0   0   0 |     TAC   1   1   1   1   1   1 |     TGC   0   0   0   0   0   0
Leu TTA   0   0   0   0   0   0 |     TCA   0   0   0   0   0   0 | *** TAA   0   0   0   0   0   0 | *** TGA   0   0   0   0   0   0
    TTG   0   0   0   0   0   0 |     TCG   1   1   1   1   1   1 |     TAG   0   0   0   0   0   0 | Trp TGG   1   1   1   1   1   1
--------------------------------------------------------------------------------------------------------------------------------------
Leu CTT   0   0   0   0   0   0 | Pro CCT   0   0   0   0   0   0 | His CAT   0   0   0   0   0   0 | Arg CGT   0   0   0   0   0   0
    CTC   0   0   0   0   0   0 |     CCC   0   0   0   0   0   0 |     CAC   0   0   0   0   0   0 |     CGC   0   0   0   0   0   0
    CTA   0   0   0   0   0   0 |     CCA   0   0   0   0   0   0 | Gln CAA   1   1   1   1   1   1 |     CGA   2   2   2   2   2   2
    CTG   3   3   3   3   3   3 |     CCG   1   1   1   1   1   1 |     CAG   4   4   4   4   3   4 |     CGG   1   1   1   1   1   1
--------------------------------------------------------------------------------------------------------------------------------------
Ile ATT   0   0   0   0   0   0 | Thr ACT   0   0   0   0   0   0 | Asn AAT   0   0   0   0   0   0 | Ser AGT   0   0   0   0   0   0
    ATC   0   0   0   0   0   0 |     ACC   0   0   0   0   0   0 |     AAC   0   0   0   0   0   0 |     AGC   1   1   1   1   1   1
    ATA   0   0   0   0   0   0 |     ACA   0   0   0   0   0   0 | Lys AAA   0   0   0   0   0   0 | Arg AGA   0   0   0   0   0   0
Met ATG   1   1   1   1   1   1 |     ACG   0   0   0   0   0   0 |     AAG   1   1   1   1   2   1 |     AGG   0   0   0   0   0   0
--------------------------------------------------------------------------------------------------------------------------------------
Val GTT   0   0   0   0   0   0 | Ala GCT   1   1   1   1   1   1 | Asp GAT   0   0   0   0   0   0 | Gly GGT   0   0   0   0   0   0
    GTC   1   1   1   1   1   1 |     GCC   1   1   1   1   2   2 |     GAC   0   0   0   0   0   0 |     GGC   0   0   0   0   0   0
    GTA   0   0   0   0   0   0 |     GCA   0   0   0   0   0   0 | Glu GAA   3   3   3   3   3   3 |     GGA   0   0   0   0   0   0
    GTG   1   1   1   1   1   1 |     GCG   2   2   2   2   1   1 |     GAG   4   4   4   4   4   4 |     GGG   0   0   0   0   0   0
--------------------------------------------------------------------------------------------------------------------------------------

--------------------------------------------------------------------------------------------------------------------------------------
Phe TTT   0   0   0   0   0   0 | Ser TCT   0   0   0   0   0   0 | Tyr TAT   0   0   0   0   0   0 | Cys TGT   0   0   0   0   0   0
    TTC   0   0   0   0   0   0 |     TCC   0   0   0   0   0   0 |     TAC   1   1   1   1   1   1 |     TGC   0   0   0   0   0   0
Leu TTA   0   0   0   0   0   0 |     TCA   0   0   0   0   0   0 | *** TAA   0   0   0   0   0   0 | *** TGA   0   0   0   0   0   0
    TTG   0   0   0   0   0   0 |     TCG   1   1   1   1   1   1 |     TAG   0   0   0   0   0   0 | Trp TGG   1   1   1   1   1   1
--------------------------------------------------------------------------------------------------------------------------------------
Leu CTT   0   0   0   0   0   0 | Pro CCT   0   0   0   0   0   0 | His CAT   0   0   0   0   0   0 | Arg CGT   0   0   0   0   0   0
    CTC   0   0   0   0   0   0 |     CCC   0   0   0   0   0   0 |     CAC   0   0   0   0   0   0 |     CGC   0   0   0   0   0   0
    CTA   0   0   0   0   0   0 |     CCA   0   0   0   0   0   0 | Gln CAA   1   1   1   1   1   2 |     CGA   2   2   2   2   2   2
    CTG   3   3   3   3   3   3 |     CCG   1   1   1   1   1   1 |     CAG   4   4   4   4   4   3 |     CGG   1   1   1   1   1   1
--------------------------------------------------------------------------------------------------------------------------------------
Ile ATT   0   0   0   0   0   0 | Thr ACT   0   0   0   0   0   0 | Asn AAT   0   0   0   0   0   0 | Ser AGT   0   0   0   0   0   0
    ATC   0   0   0   0   0   0 |     ACC   0   0   0   0   0   0 |     AAC   0   0   0   0   0   0 |     AGC   1   1   1   1   1   1
    ATA   0   0   0   0   0   0 |     ACA   0   0   0   0   0   0 | Lys AAA   0   0   0   0   0   0 | Arg AGA   0   0   0   0   0   0
Met ATG   1   1   1   1   1   1 |     ACG   0   0   0   0   0   0 |     AAG   1   1   1   1   1   1 |     AGG   0   0   0   0   0   0
--------------------------------------------------------------------------------------------------------------------------------------
Val GTT   0   0   0   0   0   0 | Ala GCT   1   1   1   0   1   1 | Asp GAT   0   0   0   0   0   0 | Gly GGT   0   0   0   0   0   0
    GTC   1   1   1   1   1   1 |     GCC   1   2   1   2   2   1 |     GAC   0   0   0   0   0   0 |     GGC   0   0   0   0   0   0
    GTA   0   0   0   0   0   0 |     GCA   0   0   0   0   0   0 | Glu GAA   3   3   3   3   3   3 |     GGA   0   0   0   0   0   0
    GTG   1   1   1   1   1   1 |     GCG   2   1   2   2   1   2 |     GAG   4   4   4   4   4   4 |     GGG   0   0   0   0   0   0
--------------------------------------------------------------------------------------------------------------------------------------

--------------------------------------------------------------------------------------------------------------------------------------
Phe TTT   0   0   0   0   0   0 | Ser TCT   0   0   0   0   0   0 | Tyr TAT   0   0   0   0   0   0 | Cys TGT   0   0   0   0   0   0
    TTC   0   0   0   0   0   0 |     TCC   0   0   0   0   0   0 |     TAC   1   1   1   1   1   1 |     TGC   0   0   0   0   0   0
Leu TTA   0   0   0   0   0   0 |     TCA   0   0   0   0   0   0 | *** TAA   0   0   0   0   0   0 | *** TGA   0   0   0   0   0   0
    TTG   0   0   0   0   0   0 |     TCG   1   1   1   1   1   1 |     TAG   0   0   0   0   0   0 | Trp TGG   1   1   1   1   1   1
--------------------------------------------------------------------------------------------------------------------------------------
Leu CTT   0   0   0   0   0   0 | Pro CCT   0   0   0   0   0   0 | His CAT   0   0   0   0   0   0 | Arg CGT   0   0   0   0   0   0
    CTC   0   0   0   0   0   0 |     CCC   0   0   0   0   0   0 |     CAC   0   0   0   0   0   0 |     CGC   0   0   0   0   0   0
    CTA   0   0   0   0   0   0 |     CCA   0   0   0   0   0   0 | Gln CAA   1   1   1   1   1   1 |     CGA   2   2   2   2   2   1
    CTG   3   3   3   3   3   3 |     CCG   1   1   1   1   1   1 |     CAG   4   4   4   3   4   4 |     CGG   1   1   1   1   1   2
--------------------------------------------------------------------------------------------------------------------------------------
Ile ATT   0   0   0   0   0   0 | Thr ACT   0   0   0   0   0   0 | Asn AAT   0   0   0   0   0   0 | Ser AGT   0   0   0   0   0   0
    ATC   0   0   0   0   0   0 |     ACC   0   0   0   0   0   0 |     AAC   0   0   0   0   0   0 |     AGC   1   1   1   1   1   1
    ATA   0   0   0   0   0   0 |     ACA   0   0   0   0   0   0 | Lys AAA   0   0   0   0   0   0 | Arg AGA   0   0   0   0   0   0
Met ATG   1   1   1   1   1   1 |     ACG   0   0   0   0   0   0 |     AAG   1   1   1   2   1   1 |     AGG   0   0   0   0   0   0
--------------------------------------------------------------------------------------------------------------------------------------
Val GTT   0   0   0   0   0   0 | Ala GCT   1   1   1   1   1   1 | Asp GAT   0   0   0   0   0   0 | Gly GGT   0   0   0   0   0   0
    GTC   0   0   1   1   1   1 |     GCC   3   3   1   2   1   1 |     GAC   0   0   0   0   0   0 |     GGC   0   0   0   0   0   0
    GTA   0   0   0   0   0   0 |     GCA   0   0   0   0   0   0 | Glu GAA   3   3   3   3   3   3 |     GGA   0   0   0   0   0   0
    GTG   1   1   1   1   1   1 |     GCG   1   1   2   1   2   2 |     GAG   4   4   4   4   4   4 |     GGG   0   0   0   0   0   0
--------------------------------------------------------------------------------------------------------------------------------------

--------------------------------------------------------------------------------------------------------------------------------------
Phe TTT   0   0   0   0   0   0 | Ser TCT   0   0   0   0   0   0 | Tyr TAT   0   0   0   0   0   0 | Cys TGT   0   0   0   0   0   0
    TTC   0   0   0   0   0   0 |     TCC   0   0   0   0   0   0 |     TAC   1   1   1   1   1   1 |     TGC   0   0   0   0   0   0
Leu TTA   0   0   0   0   0   0 |     TCA   0   0   0   0   0   0 | *** TAA   0   0   0   0   0   0 | *** TGA   0   0   0   0   0   0
    TTG   0   0   0   0   0   0 |     TCG   1   1   1   1   1   1 |     TAG   0   0   0   0   0   0 | Trp TGG   1   1   1   1   1   1
--------------------------------------------------------------------------------------------------------------------------------------
Leu CTT   0   0   0   0   0   0 | Pro CCT   0   0   0   0   0   0 | His CAT   0   0   0   0   0   0 | Arg CGT   0   0   0   0   0   0
    CTC   0   0   0   0   0   0 |     CCC   0   0   0   0   0   0 |     CAC   0   0   0   0   0   0 |     CGC   0   0   0   0   0   0
    CTA   0   0   0   0   0   0 |     CCA   0   0   0   0   0   0 | Gln CAA   1   1   1   1   1   1 |     CGA   2   2   2   3   2   2
    CTG   3   3   3   3   3   3 |     CCG   1   1   1   1   1   1 |     CAG   4   4   4   4   4   3 |     CGG   1   1   1   0   1   1
--------------------------------------------------------------------------------------------------------------------------------------
Ile ATT   0   0   0   0   0   0 | Thr ACT   0   0   0   0   0   0 | Asn AAT   0   0   0   0   0   0 | Ser AGT   0   0   0   0   0   0
    ATC   0   0   0   0   0   0 |     ACC   0   0   0   0   0   0 |     AAC   0   0   0   0   0   0 |     AGC   1   1   1   1   1   1
    ATA   0   0   0   0   0   0 |     ACA   0   0   0   0   0   0 | Lys AAA   0   0   0   0   0   0 | Arg AGA   0   0   0   0   0   0
Met ATG   1   1   1   1   1   1 |     ACG   0   0   0   0   0   0 |     AAG   1   1   1   1   1   2 |     AGG   0   0   0   0   0   0
--------------------------------------------------------------------------------------------------------------------------------------
Val GTT   0   0   0   0   0   0 | Ala GCT   1   1   1   1   1   1 | Asp GAT   0   0   0   0   0   0 | Gly GGT   0   0   0   0   0   0
    GTC   1   1   1   1   1   1 |     GCC   2   2   1   1   1   2 |     GAC   0   0   0   0   0   0 |     GGC   0   0   0   0   0   0
    GTA   0   0   0   0   0   0 |     GCA   0   0   0   0   0   0 | Glu GAA   3   3   3   3   3   3 |     GGA   0   0   0   0   0   0
    GTG   1   1   1   1   1   1 |     GCG   1   1   2   2   2   1 |     GAG   4   4   4   4   4   4 |     GGG   0   0   0   0   0   0
--------------------------------------------------------------------------------------------------------------------------------------

--------------------------------------------------------------------------------------------------------------------------------------
Phe TTT   0   0   0   0   0   0 | Ser TCT   0   0   0   0   0   0 | Tyr TAT   0   0   0   0   0   0 | Cys TGT   0   0   0   0   0   0
    TTC   0   0   0   0   0   0 |     TCC   0   0   0   0   0   0 |     TAC   1   1   1   1   1   1 |     TGC   0   0   0   0   0   0
Leu TTA   0   0   0   0   0   0 |     TCA   0   0   0   0   0   0 | *** TAA   0   0   0   0   0   0 | *** TGA   0   0   0   0   0   0
    TTG   0   0   0   0   0   0 |     TCG   1   1   1   1   1   1 |     TAG   0   0   0   0   0   0 | Trp TGG   1   1   1   1   1   1
--------------------------------------------------------------------------------------------------------------------------------------
Leu CTT   0   0   0   0   0   0 | Pro CCT   0   0   0   0   0   0 | His CAT   0   0   0   0   0   0 | Arg CGT   0   0   0   0   0   0
    CTC   0   0   0   0   0   0 |     CCC   0   0   0   0   0   0 |     CAC   0   0   0   0   0   0 |     CGC   0   0   0   0   0   0
    CTA   0   0   0   0   0   0 |     CCA   0   0   0   0   0   0 | Gln CAA   1   1   1   1   1   1 |     CGA   2   2   2   2   1   2
    CTG   3   3   3   3   3   3 |     CCG   1   1   1   1   1   1 |     CAG   4   3   4   4   4   4 |     CGG   1   1   1   1   1   1
--------------------------------------------------------------------------------------------------------------------------------------
Ile ATT   0   0   0   0   0   0 | Thr ACT   0   0   0   0   0   0 | Asn AAT   0   0   0   0   0   0 | Ser AGT   0   0   0   0   0   0
    ATC   0   0   0   0   0   0 |     ACC   0   0   0   0   0   0 |     AAC   0   0   0   0   0   0 |     AGC   1   1   1   1   1   1
    ATA   0   0   0   0   0   0 |     ACA   0   0   0   0   0   0 | Lys AAA   0   0   0   0   0   0 | Arg AGA   0   0   0   0   1   0
Met ATG   1   1   1   2   1   1 |     ACG   0   0   0   0   0   0 |     AAG   1   2   1   1   1   1 |     AGG   0   0   0   0   0   0
--------------------------------------------------------------------------------------------------------------------------------------
Val GTT   0   0   0   0   0   0 | Ala GCT   1   1   1   1   1   1 | Asp GAT   0   0   0   0   0   0 | Gly GGT   0   0   0   0   0   0
    GTC   1   1   1   1   1   1 |     GCC   1   2   2   1   2   1 |     GAC   0   0   0   0   0   0 |     GGC   0   0   0   0   0   0
    GTA   0   0   0   0   0   0 |     GCA   0   0   0   0   0   0 | Glu GAA   3   3   3   3   3   3 |     GGA   0   0   0   0   0   0
    GTG   1   1   1   0   1   1 |     GCG   2   1   1   2   1   2 |     GAG   4   4   4   4   4   4 |     GGG   0   0   0   0   0   0
--------------------------------------------------------------------------------------------------------------------------------------

--------------------------------------------------------------------------------------------------------------------------------------
Phe TTT   0   0   0   0   0   0 | Ser TCT   0   0   0   0   0   0 | Tyr TAT   0   0   0   0   0   0 | Cys TGT   0   0   0   0   0   0
    TTC   0   0   0   0   0   0 |     TCC   0   0   0   0   0   0 |     TAC   1   1   1   1   1   1 |     TGC   0   0   0   0   0   0
Leu TTA   0   0   0   0   0   0 |     TCA   0   0   0   0   0   0 | *** TAA   0   0   0   0   0   0 | *** TGA   0   0   0   0   0   0
    TTG   0   0   0   0   0   0 |     TCG   1   1   1   1   1   1 |     TAG   0   0   0   0   0   0 | Trp TGG   1   1   1   1   1   1
--------------------------------------------------------------------------------------------------------------------------------------
Leu CTT   0   0   0   0   0   0 | Pro CCT   0   0   0   0   0   0 | His CAT   0   0   0   0   0   0 | Arg CGT   0   0   0   0   0   0
    CTC   0   0   0   0   0   0 |     CCC   0   0   0   0   0   0 |     CAC   0   0   0   0   0   0 |     CGC   0   0   0   0   0   0
    CTA   0   0   0   1   0   0 |     CCA   0   0   0   0   0   0 | Gln CAA   1   1   1   1   2   1 |     CGA   2   2   2   2   2   2
    CTG   3   3   3   2   3   3 |     CCG   1   1   1   1   1   1 |     CAG   4   4   4   4   3   4 |     CGG   1   1   1   1   1   1
--------------------------------------------------------------------------------------------------------------------------------------
Ile ATT   0   0   0   0   0   0 | Thr ACT   0   0   0   0   0   0 | Asn AAT   0   0   0   0   0   0 | Ser AGT   0   0   0   0   0   0
    ATC   0   0   0   0   0   0 |     ACC   0   0   0   0   0   0 |     AAC   0   0   0   0   0   0 |     AGC   1   1   1   1   1   1
    ATA   0   0   0   0   0   0 |     ACA   0   0   0   0   0   0 | Lys AAA   0   0   0   0   0   0 | Arg AGA   0   0   0   0   0   0
Met ATG   1   1   1   1   1   1 |     ACG   0   0   0   0   0   0 |     AAG   1   1   1   1   1   1 |     AGG   0   0   0   0   0   0
--------------------------------------------------------------------------------------------------------------------------------------
Val GTT   0   0   0   0   0   0 | Ala GCT   1   1   1   1   1   1 | Asp GAT   0   0   0   0   0   0 | Gly GGT   0   0   0   0   0   0
    GTC   1   1   1   1   1   2 |     GCC   1   2   1   1   1   2 |     GAC   0   0   0   0   0   0 |     GGC   0   0   0   0   0   0
    GTA   0   0   0   0   0   0 |     GCA   0   0   0   0   0   0 | Glu GAA   3   3   3   3   3   2 |     GGA   0   0   0   0   0   0
    GTG   1   1   1   1   1   0 |     GCG   2   1   2   2   2   1 |     GAG   4   4   4   4   4   5 |     GGG   0   0   0   0   0   0
--------------------------------------------------------------------------------------------------------------------------------------

--------------------------------------------------------------------------------------------------------------------------------------
Phe TTT   0   0   0   0   0   0 | Ser TCT   0   0   0   0   0   0 | Tyr TAT   0   0   0   0   0   0 | Cys TGT   0   0   0   0   0   0
    TTC   0   0   0   0   0   0 |     TCC   0   0   0   0   0   0 |     TAC   1   1   1   1   1   1 |     TGC   0   0   0   0   0   0
Leu TTA   0   0   0   0   0   0 |     TCA   0   0   0   0   0   0 | *** TAA   0   0   0   0   0   0 | *** TGA   0   0   0   0   0   0
    TTG   0   0   0   0   0   0 |     TCG   1   1   1   1   1   1 |     TAG   0   0   0   0   0   0 | Trp TGG   1   1   1   1   1   1
--------------------------------------------------------------------------------------------------------------------------------------
Leu CTT   0   0   0   0   0   0 | Pro CCT   0   0   0   0   0   0 | His CAT   0   0   0   0   0   0 | Arg CGT   0   0   0   0   0   0
    CTC   0   0   0   0   0   0 |     CCC   0   0   0   0   0   0 |     CAC   0   0   0   0   0   0 |     CGC   0   0   0   0   0   0
    CTA   0   0   0   0   0   0 |     CCA   0   0   0   0   0   0 | Gln CAA   1   0   1   1   1   1 |     CGA   2   4   2   2   2   2
    CTG   3   3   3   3   3   3 |     CCG   1   1   1   1   1   1 |     CAG   4   4   4   4   4   4 |     CGG   1   0   1   1   1   1
--------------------------------------------------------------------------------------------------------------------------------------
Ile ATT   0   0   0   0   0   0 | Thr ACT   0   0   0   0   0   0 | Asn AAT   0   0   0   0   0   0 | Ser AGT   0   0   0   0   0   0
    ATC   0   0   0   0   0   0 |     ACC   0   0   0   0   0   0 |     AAC   0   0   0   0   0   0 |     AGC   1   1   1   1   1   1
    ATA   0   0   0   0   0   0 |     ACA   0   0   0   0   0   0 | Lys AAA   0   0   0   0   0   0 | Arg AGA   0   0   0   0   0   0
Met ATG   1   1   1   1   1   1 |     ACG   0   0   0   0   0   0 |     AAG   1   1   1   1   1   1 |     AGG   0   0   0   0   0   0
--------------------------------------------------------------------------------------------------------------------------------------
Val GTT   0   0   0   0   0   0 | Ala GCT   1   1   1   1   1   1 | Asp GAT   0   0   0   0   0   0 | Gly GGT   0   0   0   0   0   0
    GTC   1   1   1   1   1   1 |     GCC   2   1   2   2   2   1 |     GAC   0   0   0   0   0   0 |     GGC   0   0   0   0   0   0
    GTA   0   0   0   0   0   0 |     GCA   0   0   0   0   0   1 | Glu GAA   3   3   3   3   3   3 |     GGA   0   0   0   0   0   0
    GTG   1   1   1   1   1   1 |     GCG   1   2   1   1   1   1 |     GAG   4   4   4   4   4   4 |     GGG   0   0   0   0   0   0
--------------------------------------------------------------------------------------------------------------------------------------

--------------------------------------------------------------------------------------------------------------------------------------
Phe TTT   0   0   0   0   0   0 | Ser TCT   0   0   0   0   0   0 | Tyr TAT   0   0   0   0   0   0 | Cys TGT   0   0   0   0   0   0
    TTC   0   0   0   0   0   0 |     TCC   0   0   0   0   0   0 |     TAC   1   1   1   1   1   1 |     TGC   0   0   0   0   0   0
Leu TTA   0   0   0   0   0   0 |     TCA   0   0   0   0   0   0 | *** TAA   0   0   0   0   0   0 | *** TGA   0   0   0   0   0   0
    TTG   0   0   0   0   0   0 |     TCG   1   1   1   1   1   1 |     TAG   0   0   0   0   0   0 | Trp TGG   1   1   1   1   1   1
--------------------------------------------------------------------------------------------------------------------------------------
Leu CTT   0   0   0   0   0   0 | Pro CCT   0   0   0   0   0   0 | His CAT   0   0   0   0   0   0 | Arg CGT   0   0   0   0   0   0
    CTC   0   0   0   0   0   0 |     CCC   0   0   0   1   0   0 |     CAC   0   0   0   0   0   0 |     CGC   0   0   0   0   0   0
    CTA   0   0   1   0   0   0 |     CCA   0   0   0   0   0   0 | Gln CAA   1   0   0   1   1   1 |     CGA   2   2   2   2   2   2
    CTG   3   3   3   3   3   3 |     CCG   1   1   1   0   1   1 |     CAG   4   5   4   4   3   3 |     CGG   1   1   0   1   1   1
--------------------------------------------------------------------------------------------------------------------------------------
Ile ATT   0   0   0   0   0   0 | Thr ACT   0   0   0   0   0   0 | Asn AAT   0   0   0   0   0   0 | Ser AGT   0   0   0   0   0   0
    ATC   0   0   0   0   0   0 |     ACC   0   0   0   0   0   0 |     AAC   0   0   0   0   0   0 |     AGC   1   1   1   1   1   1
    ATA   0   0   0   0   0   0 |     ACA   0   0   0   0   0   0 | Lys AAA   0   0   1   0   0   0 | Arg AGA   0   0   0   0   0   0
Met ATG   1   1   1   1   1   1 |     ACG   0   0   0   0   0   0 |     AAG   1   1   0   1   2   2 |     AGG   0   0   1   0   0   0
--------------------------------------------------------------------------------------------------------------------------------------
Val GTT   0   0   0   0   0   0 | Ala GCT   1   1   1   1   1   1 | Asp GAT   0   0   0   0   0   0 | Gly GGT   0   0   0   0   0   0
    GTC   1   1   1   1   1   1 |     GCC   1   2   1   2   2   2 |     GAC   0   0   0   0   0   0 |     GGC   0   0   0   0   0   0
    GTA   0   0   0   0   0   0 |     GCA   0   0   0   0   0   0 | Glu GAA   3   3   3   3   3   3 |     GGA   0   0   0   0   0   0
    GTG   1   1   1   1   1   1 |     GCG   2   1   2   1   1   1 |     GAG   4   4   4   4   4   4 |     GGG   0   0   0   0   0   0
--------------------------------------------------------------------------------------------------------------------------------------

Codon position x base (3x4) table for each sequence.

#1: Argali         
position  1:    T:0.09677    C:0.38710    A:0.09677    G:0.41935
position  2:    T:0.19355    C:0.19355    A:0.45161    G:0.16129
position  3:    T:0.03226    C:0.12903    A:0.19355    G:0.64516
Average         T:0.10753    C:0.23656    A:0.24731    G:0.40860

#2: LesserMouseDeer
position  1:    T:0.06452    C:0.41935    A:0.12903    G:0.38710
position  2:    T:0.16129    C:0.22581    A:0.41935    G:0.19355
position  3:    T:0.03226    C:0.19355    A:0.09677    G:0.67742
Average         T:0.08602    C:0.27957    A:0.21505    G:0.41935

#3: LesserKudu     
position  1:    T:0.09677    C:0.35484    A:0.12903    G:0.41935
position  2:    T:0.19355    C:0.19355    A:0.45161    G:0.16129
position  3:    T:0.03226    C:0.16129    A:0.19355    G:0.61290
Average         T:0.10753    C:0.23656    A:0.25806    G:0.39785

#4: ForestMuskDeer2
position  1:    T:0.09677    C:0.38710    A:0.09677    G:0.41935
position  2:    T:0.19355    C:0.19355    A:0.45161    G:0.16129
position  3:    T:0.03226    C:0.19355    A:0.19355    G:0.58065
Average         T:0.10753    C:0.25806    A:0.24731    G:0.38710

#5: Camel          
position  1:    T:0.09677    C:0.32258    A:0.09677    G:0.48387
position  2:    T:0.16129    C:0.19355    A:0.41935    G:0.22581
position  3:    T:0.03226    C:0.19355    A:0.03226    G:0.74194
Average         T:0.09677    C:0.23656    A:0.18280    G:0.48387

#6: KillerWhale    
position  1:    T:0.09677    C:0.38710    A:0.09677    G:0.41935
position  2:    T:0.19355    C:0.22581    A:0.45161    G:0.12903
position  3:    T:0.03226    C:0.22581    A:0.09677    G:0.64516
Average         T:0.10753    C:0.27957    A:0.21505    G:0.39785

#7: DefassaWaterbuck
position  1:    T:0.09677    C:0.38710    A:0.09677    G:0.41935
position  2:    T:0.19355    C:0.19355    A:0.45161    G:0.16129
position  3:    T:0.03226    C:0.12903    A:0.19355    G:0.64516
Average         T:0.10753    C:0.23656    A:0.24731    G:0.40860

#8: Sheep          
position  1:    T:0.09677    C:0.38710    A:0.09677    G:0.41935
position  2:    T:0.19355    C:0.19355    A:0.45161    G:0.16129
position  3:    T:0.03226    C:0.12903    A:0.19355    G:0.64516
Average         T:0.10753    C:0.23656    A:0.24731    G:0.40860

#9: MaxwellsDuiker 
position  1:    T:0.09677    C:0.38710    A:0.09677    G:0.41935
position  2:    T:0.19355    C:0.19355    A:0.45161    G:0.16129
position  3:    T:0.03226    C:0.12903    A:0.19355    G:0.64516
Average         T:0.10753    C:0.23656    A:0.24731    G:0.40860

#10: GazellaPrzewalskyi
position  1:    T:0.09677    C:0.38710    A:0.09677    G:0.41935
position  2:    T:0.19355    C:0.19355    A:0.45161    G:0.16129
position  3:    T:0.03226    C:0.12903    A:0.19355    G:0.64516
Average         T:0.10753    C:0.23656    A:0.24731    G:0.40860

#11: MountainNyala  
position  1:    T:0.09677    C:0.35484    A:0.12903    G:0.41935
position  2:    T:0.19355    C:0.19355    A:0.45161    G:0.16129
position  3:    T:0.03226    C:0.16129    A:0.19355    G:0.61290
Average         T:0.10753    C:0.23656    A:0.25806    G:0.39785

#12: MuntiacusMuntjak
position  1:    T:0.09677    C:0.38710    A:0.09677    G:0.41935
position  2:    T:0.19355    C:0.19355    A:0.45161    G:0.16129
position  3:    T:0.03226    C:0.16129    A:0.19355    G:0.61290
Average         T:0.10753    C:0.24731    A:0.24731    G:0.39785

#13: goat           
position  1:    T:0.09677    C:0.38710    A:0.09677    G:0.41935
position  2:    T:0.19355    C:0.19355    A:0.45161    G:0.16129
position  3:    T:0.03226    C:0.12903    A:0.19355    G:0.64516
Average         T:0.10753    C:0.23656    A:0.24731    G:0.40860

#14: AfricanBuffalo 
position  1:    T:0.09677    C:0.38710    A:0.09677    G:0.41935
position  2:    T:0.19355    C:0.19355    A:0.45161    G:0.16129
position  3:    T:0.03226    C:0.16129    A:0.19355    G:0.61290
Average         T:0.10753    C:0.24731    A:0.24731    G:0.39785

#15: Topi           
position  1:    T:0.09677    C:0.38710    A:0.09677    G:0.41935
position  2:    T:0.19355    C:0.19355    A:0.45161    G:0.16129
position  3:    T:0.03226    C:0.12903    A:0.19355    G:0.64516
Average         T:0.10753    C:0.23656    A:0.24731    G:0.40860

#16: CommonDuiker   
position  1:    T:0.09677    C:0.38710    A:0.09677    G:0.41935
position  2:    T:0.19355    C:0.19355    A:0.45161    G:0.16129
position  3:    T:0.00000    C:0.16129    A:0.19355    G:0.64516
Average         T:0.09677    C:0.24731    A:0.24731    G:0.40860

#17: Suni           
position  1:    T:0.09677    C:0.38710    A:0.09677    G:0.41935
position  2:    T:0.19355    C:0.19355    A:0.45161    G:0.16129
position  3:    T:0.03226    C:0.16129    A:0.19355    G:0.61290
Average         T:0.10753    C:0.24731    A:0.24731    G:0.39785

#18: Springbuck     
position  1:    T:0.09677    C:0.38710    A:0.09677    G:0.41935
position  2:    T:0.19355    C:0.19355    A:0.45161    G:0.16129
position  3:    T:0.03226    C:0.12903    A:0.22581    G:0.61290
Average         T:0.10753    C:0.23656    A:0.25806    G:0.39785

#19: Okapi          
position  1:    T:0.09677    C:0.38710    A:0.09677    G:0.41935
position  2:    T:0.16129    C:0.22581    A:0.45161    G:0.16129
position  3:    T:0.03226    C:0.16129    A:0.19355    G:0.61290
Average         T:0.09677    C:0.25806    A:0.24731    G:0.39785

#20: Giraffe        
position  1:    T:0.09677    C:0.38710    A:0.09677    G:0.41935
position  2:    T:0.16129    C:0.22581    A:0.45161    G:0.16129
position  3:    T:0.03226    C:0.16129    A:0.19355    G:0.61290
Average         T:0.09677    C:0.25806    A:0.24731    G:0.39785

#21: TibetanAntelope
position  1:    T:0.09677    C:0.38710    A:0.09677    G:0.41935
position  2:    T:0.19355    C:0.19355    A:0.45161    G:0.16129
position  3:    T:0.03226    C:0.12903    A:0.19355    G:0.64516
Average         T:0.10753    C:0.23656    A:0.24731    G:0.40860

#22: Sitatunga      
position  1:    T:0.09677    C:0.35484    A:0.12903    G:0.41935
position  2:    T:0.19355    C:0.19355    A:0.45161    G:0.16129
position  3:    T:0.03226    C:0.16129    A:0.19355    G:0.61290
Average         T:0.10753    C:0.23656    A:0.25806    G:0.39785

#23: Oribi          
position  1:    T:0.09677    C:0.38710    A:0.09677    G:0.41935
position  2:    T:0.19355    C:0.19355    A:0.45161    G:0.16129
position  3:    T:0.03226    C:0.12903    A:0.19355    G:0.64516
Average         T:0.10753    C:0.23656    A:0.24731    G:0.40860

#24: BarbarySheep   
position  1:    T:0.09677    C:0.38710    A:0.09677    G:0.41935
position  2:    T:0.19355    C:0.19355    A:0.45161    G:0.16129
position  3:    T:0.03226    C:0.12903    A:0.16129    G:0.67742
Average         T:0.10753    C:0.23656    A:0.23656    G:0.41935

#25: Daviddeer      
position  1:    T:0.09677    C:0.38710    A:0.09677    G:0.41935
position  2:    T:0.19355    C:0.19355    A:0.45161    G:0.16129
position  3:    T:0.03226    C:0.16129    A:0.19355    G:0.61290
Average         T:0.10753    C:0.24731    A:0.24731    G:0.39785

#26: Reindeer       
position  1:    T:0.09677    C:0.38710    A:0.09677    G:0.41935
position  2:    T:0.19355    C:0.19355    A:0.45161    G:0.16129
position  3:    T:0.03226    C:0.16129    A:0.19355    G:0.61290
Average         T:0.10753    C:0.24731    A:0.24731    G:0.39785

#27: Ibex           
position  1:    T:0.09677    C:0.38710    A:0.09677    G:0.41935
position  2:    T:0.19355    C:0.19355    A:0.45161    G:0.16129
position  3:    T:0.03226    C:0.12903    A:0.19355    G:0.64516
Average         T:0.10753    C:0.23656    A:0.24731    G:0.40860

#28: GyrantGazelle  
position  1:    T:0.09677    C:0.38710    A:0.09677    G:0.41935
position  2:    T:0.19355    C:0.19355    A:0.45161    G:0.16129
position  3:    T:0.03226    C:0.12903    A:0.22581    G:0.61290
Average         T:0.10753    C:0.23656    A:0.25806    G:0.39785

#29: Hartebeest     
position  1:    T:0.09677    C:0.38710    A:0.09677    G:0.41935
position  2:    T:0.19355    C:0.19355    A:0.45161    G:0.16129
position  3:    T:0.03226    C:0.12903    A:0.19355    G:0.64516
Average         T:0.10753    C:0.23656    A:0.24731    G:0.40860

#30: Bongo          
position  1:    T:0.09677    C:0.35484    A:0.12903    G:0.41935
position  2:    T:0.19355    C:0.19355    A:0.45161    G:0.16129
position  3:    T:0.03226    C:0.16129    A:0.19355    G:0.61290
Average         T:0.10753    C:0.23656    A:0.25806    G:0.39785

#31: Gerenuk        
position  1:    T:0.09677    C:0.38710    A:0.09677    G:0.41935
position  2:    T:0.19355    C:0.19355    A:0.45161    G:0.16129
position  3:    T:0.03226    C:0.12903    A:0.19355    G:0.64516
Average         T:0.10753    C:0.23656    A:0.24731    G:0.40860

#32: CommonEland    
position  1:    T:0.09677    C:0.35484    A:0.12903    G:0.41935
position  2:    T:0.19355    C:0.19355    A:0.45161    G:0.16129
position  3:    T:0.03226    C:0.16129    A:0.19355    G:0.61290
Average         T:0.10753    C:0.23656    A:0.25806    G:0.39785

#33: MuntiacusReevesi
position  1:    T:0.09677    C:0.38710    A:0.09677    G:0.41935
position  2:    T:0.19355    C:0.19355    A:0.45161    G:0.16129
position  3:    T:0.03226    C:0.16129    A:0.19355    G:0.61290
Average         T:0.10753    C:0.24731    A:0.24731    G:0.39785

#34: HarveysDuiker  
position  1:    T:0.09677    C:0.38710    A:0.12903    G:0.38710
position  2:    T:0.19355    C:0.19355    A:0.45161    G:0.16129
position  3:    T:0.03226    C:0.12903    A:0.19355    G:0.64516
Average         T:0.10753    C:0.23656    A:0.25806    G:0.39785

#35: Pronghorn      
position  1:    T:0.09677    C:0.35484    A:0.12903    G:0.41935
position  2:    T:0.19355    C:0.19355    A:0.45161    G:0.16129
position  3:    T:0.03226    C:0.16129    A:0.19355    G:0.61290
Average         T:0.10753    C:0.23656    A:0.25806    G:0.39785

#36: BlueWildebeest 
position  1:    T:0.09677    C:0.38710    A:0.09677    G:0.41935
position  2:    T:0.19355    C:0.19355    A:0.45161    G:0.16129
position  3:    T:0.03226    C:0.12903    A:0.19355    G:0.64516
Average         T:0.10753    C:0.23656    A:0.24731    G:0.40860

#37: Gemsbok        
position  1:    T:0.09677    C:0.38710    A:0.09677    G:0.41935
position  2:    T:0.19355    C:0.19355    A:0.45161    G:0.16129
position  3:    T:0.03226    C:0.12903    A:0.19355    G:0.64516
Average         T:0.10753    C:0.23656    A:0.24731    G:0.40860

#38: Yak            
position  1:    T:0.09677    C:0.38710    A:0.09677    G:0.41935
position  2:    T:0.19355    C:0.19355    A:0.45161    G:0.16129
position  3:    T:0.03226    C:0.16129    A:0.19355    G:0.61290
Average         T:0.10753    C:0.24731    A:0.24731    G:0.39785

#39: BlueSheep      
position  1:    T:0.09677    C:0.38710    A:0.09677    G:0.41935
position  2:    T:0.19355    C:0.19355    A:0.45161    G:0.16129
position  3:    T:0.03226    C:0.12903    A:0.19355    G:0.64516
Average         T:0.10753    C:0.23656    A:0.24731    G:0.40860

#40: BohorReedbuck  
position  1:    T:0.09677    C:0.38710    A:0.09677    G:0.41935
position  2:    T:0.19355    C:0.19355    A:0.45161    G:0.16129
position  3:    T:0.03226    C:0.12903    A:0.22581    G:0.61290
Average         T:0.10753    C:0.23656    A:0.25806    G:0.39785

#41: KirksDik       
position  1:    T:0.09677    C:0.38710    A:0.09677    G:0.41935
position  2:    T:0.19355    C:0.19355    A:0.45161    G:0.16129
position  3:    T:0.03226    C:0.12903    A:0.22581    G:0.61290
Average         T:0.10753    C:0.23656    A:0.25806    G:0.39785

#42: RoeDeer        
position  1:    T:0.09677    C:0.38710    A:0.09677    G:0.41935
position  2:    T:0.19355    C:0.19355    A:0.45161    G:0.16129
position  3:    T:0.03226    C:0.19355    A:0.16129    G:0.61290
Average         T:0.10753    C:0.25806    A:0.23656    G:0.39785

#43: WhiteLippedDeer
position  1:    T:0.09677    C:0.38710    A:0.09677    G:0.41935
position  2:    T:0.19355    C:0.19355    A:0.45161    G:0.16129
position  3:    T:0.03226    C:0.16129    A:0.19355    G:0.61290
Average         T:0.10753    C:0.24731    A:0.24731    G:0.39785

#44: ThomsonGazelle 
position  1:    T:0.09677    C:0.38710    A:0.09677    G:0.41935
position  2:    T:0.19355    C:0.19355    A:0.41935    G:0.19355
position  3:    T:0.03226    C:0.12903    A:0.22581    G:0.61290
Average         T:0.10753    C:0.23656    A:0.24731    G:0.40860

#45: MuntiacusCrinifrons
position  1:    T:0.09677    C:0.38710    A:0.09677    G:0.41935
position  2:    T:0.19355    C:0.19355    A:0.45161    G:0.16129
position  3:    T:0.03226    C:0.16129    A:0.19355    G:0.61290
Average         T:0.10753    C:0.24731    A:0.24731    G:0.39785

#46: WhiteTailedDeer
position  1:    T:0.09677    C:0.38710    A:0.09677    G:0.41935
position  2:    T:0.19355    C:0.19355    A:0.45161    G:0.16129
position  3:    T:0.03226    C:0.16129    A:0.19355    G:0.61290
Average         T:0.10753    C:0.24731    A:0.24731    G:0.39785

#47: Cattle         
position  1:    T:0.09677    C:0.38710    A:0.09677    G:0.41935
position  2:    T:0.19355    C:0.19355    A:0.45161    G:0.16129
position  3:    T:0.03226    C:0.16129    A:0.19355    G:0.61290
Average         T:0.10753    C:0.24731    A:0.24731    G:0.39785

#48: RoyalAntelope  
position  1:    T:0.09677    C:0.38710    A:0.09677    G:0.41935
position  2:    T:0.19355    C:0.19355    A:0.45161    G:0.16129
position  3:    T:0.03226    C:0.12903    A:0.22581    G:0.61290
Average         T:0.10753    C:0.23656    A:0.25806    G:0.39785

#49: Steenbok       
position  1:    T:0.09677    C:0.38710    A:0.09677    G:0.41935
position  2:    T:0.19355    C:0.19355    A:0.45161    G:0.16129
position  3:    T:0.03226    C:0.12903    A:0.19355    G:0.64516
Average         T:0.10753    C:0.23656    A:0.24731    G:0.40860

#50: Impala         
position  1:    T:0.09677    C:0.38710    A:0.09677    G:0.41935
position  2:    T:0.19355    C:0.19355    A:0.45161    G:0.16129
position  3:    T:0.03226    C:0.16129    A:0.16129    G:0.64516
Average         T:0.10753    C:0.24731    A:0.23656    G:0.40860

#51: Klipspringer   
position  1:    T:0.09677    C:0.35484    A:0.12903    G:0.41935
position  2:    T:0.22581    C:0.19355    A:0.41935    G:0.16129
