1
52 1
Argali 0.000000 0.403500 0.096400 0.327400 0.077700 0.008100 0.032500 0.058100 0.096000 0.114000 0.032300 0.124100 0.075300 0.049500 0.066500 0.057500 0.106400 0.086000 0.058200 0.114900 0.084400 0.032600 0.104200 0.086700 0.032300 0.057600 0.067400 0.077500 0.057500 0.096000 0.114000 0.049000 0.145800 0.049300 0.049200 0.086500 0.024400 0.104400 0.066200 0.104600 0.104200 0.075000 0.123800 0.095800 0.086500 0.058000 0.057700 0.058400 0.057600 0.131600 0.113700 0.104200
LesserMous 0.403500 0.000000 0.354900 0.404700 0.382600 0.387500 0.365600 0.381400 0.340100 0.357600 0.392000 0.366000 0.335800 0.376800 0.397600 0.376900 0.391900 0.357200 0.378000 0.382700 0.396500 0.397300 0.339900 0.330300 0.392000 0.376700 0.311600 0.358200 0.376900 0.340100 0.357600 0.378100 0.382300 0.337200 0.364100 0.354700 0.381400 0.397600 0.411300 0.342200 0.339900 0.409600 0.372300 0.344100 0.354700 0.348400 0.378400 0.380700 0.392300 0.421200 0.396800 0.353000
LesserKudu 0.096400 0.354900 0.000000 0.372000 0.068400 0.106300 0.058800 0.086000 0.050800 0.086100 0.076300 0.085900 0.103700 0.075900 0.094700 0.084900 0.078700 0.059400 0.085700 0.068200 0.113800 0.076900 0.076800 0.059700 0.076300 0.084900 0.077100 0.033300 0.084900 0.050800 0.086100 0.076000 0.096500 0.076500 0.076300 0.042000 0.067800 0.096300 0.094200 0.095500 0.076800 0.103600 0.094800 0.068400 0.042000 0.067400 0.085300 0.086400 0.085200 0.085000 0.067700 0.058900
KillerWhal 0.327400 0.404700 0.372000 0.000000 0.337300 0.342600 0.322100 0.336700 0.314000 0.299600 0.322000 0.362700 0.346900 0.332300 0.364600 0.331800 0.360700 0.324900 0.333500 0.353600 0.348700 0.350400 0.311200 0.302200 0.346300 0.331900 0.323500 0.341600 0.331800 0.314000 0.299600 0.333300 0.330900 0.320100 0.294500 0.300300 0.336300 0.380600 0.281000 0.353000 0.311200 0.332400 0.286100 0.314700 0.300300 0.308000 0.334000 0.365100 0.360400 0.332500 0.352500 0.337000
DefassaWat 0.077700 0.382600 0.068400 0.337300 0.000000 0.085800 0.042300 0.066700 0.050200 0.103900 0.057600 0.076500 0.084100 0.057300 0.075100 0.065900 0.077800 0.058800 0.049300 0.086100 0.093300 0.058000 0.076200 0.077100 0.057600 0.066200 0.058400 0.050400 0.065900 0.050200 0.103900 0.057400 0.115300 0.057800 0.057600 0.041600 0.049400 0.024400 0.074800 0.113500 0.076200 0.083700 0.113500 0.086000 0.041600 0.049100 0.066200 0.067000 0.066100 0.102600 0.085300 0.076200
Sheep 0.008100 0.387500 0.106300 0.342600 0.085800 0.000000 0.041000 0.049500 0.105800 0.124000 0.040700 0.134400 0.066500 0.057600 0.075500 0.066300 0.096800 0.095500 0.067100 0.125000 0.093800 0.041000 0.114100 0.096400 0.040700 0.066500 0.058500 0.086900 0.066300 0.105800 0.124000 0.057700 0.156600 0.058100 0.057900 0.096100 0.032600 0.114200 0.075200 0.114500 0.114100 0.084100 0.134100 0.105500 0.096100 0.066900 0.066500 0.049700 0.066500 0.141900 0.123700 0.114000
MaxwellsDu 0.032500 0.365600 0.058800 0.322100 0.042300 0.041000 0.000000 0.024000 0.058500 0.093700 0.015800 0.085000 0.040200 0.015700 0.031900 0.023700 0.067900 0.049500 0.024000 0.076200 0.048700 0.015900 0.084400 0.067400 0.015800 0.023800 0.032400 0.041300 0.023900 0.058500 0.093600 0.015700 0.104500 0.015800 0.015800 0.050800 0.008100 0.066800 0.031900 0.084700 0.084400 0.040700 0.103000 0.076100 0.049800 0.024000 0.023800 0.024100 0.023800 0.092600 0.075400 0.066600
GazellaPrz 0.058100 0.381400 0.086000 0.336700 0.066700 0.049500 0.024000 0.000000 0.085600 0.122000 0.040300 0.113200 0.048600 0.040100 0.057200 0.031700 0.076900 0.076000 0.049000 0.104000 0.041000 0.041300 0.112300 0.094800 0.040300 0.031900 0.040700 0.067600 0.031900 0.085600 0.122000 0.040600 0.134000 0.040400 0.023800 0.076400 0.032200 0.093900 0.040100 0.112800 0.112300 0.048500 0.132000 0.103800 0.076400 0.048800 0.032000 0.032200 0.048500 0.120700 0.103000 0.093700
MountainNy 0.096000 0.340100 0.050800 0.314000 0.050200 0.105800 0.058500 0.085600 0.000000 0.085700 0.075900 0.067700 0.085000 0.075500 0.094200 0.084500 0.078700 0.059200 0.067400 0.033100 0.113300 0.076500 0.076400 0.059400 0.075900 0.084800 0.059000 0.016400 0.084500 0.000000 0.085700 0.075600 0.096500 0.058400 0.075900 0.024700 0.067500 0.077100 0.093800 0.095000 0.076400 0.103100 0.095000 0.068100 0.024700 0.049500 0.084900 0.085900 0.084800 0.084600 0.033100 0.024900
MuntiacusM 0.114000 0.357600 0.086100 0.299600 0.103900 0.124000 0.093700 0.122000 0.085700 0.000000 0.111600 0.122700 0.121200 0.092600 0.111700 0.120600 0.096100 0.076300 0.122000 0.104100 0.151000 0.112500 0.024300 0.024600 0.111600 0.121000 0.113300 0.067600 0.120600 0.085700 0.000000 0.092700 0.114500 0.112000 0.111700 0.076500 0.103100 0.133100 0.111200 0.058400 0.024300 0.140200 0.008000 0.032800 0.076500 0.102900 0.121100 0.122500 0.120900 0.083700 0.103000 0.093700
goat 0.032300 0.392000 0.076300 0.322000 0.057600 0.040700 0.015800 0.040300 0.075900 0.111600 0.000000 0.102900 0.056800 0.031700 0.048400 0.039800 0.085700 0.066600 0.040300 0.094000 0.065500 0.015800 0.102100 0.084900 0.016100 0.040000 0.049000 0.058300 0.039800 0.075900 0.111600 0.031700 0.123100 0.032000 0.032400 0.066900 0.007800 0.084100 0.048200 0.102500 0.102100 0.056600 0.121300 0.093700 0.066900 0.040200 0.040000 0.040400 0.040000 0.110400 0.093000 0.084000
AfricanBuf 0.124100 0.366000 0.085900 0.362700 0.076500 0.134400 0.085000 0.113200 0.067700 0.122700 0.102900 0.000000 0.112300 0.102400 0.122100 0.111800 0.115800 0.095000 0.093800 0.104200 0.122200 0.103700 0.112800 0.095300 0.102900 0.111800 0.085600 0.067800 0.111800 0.067700 0.122700 0.102600 0.114400 0.084900 0.102900 0.041400 0.094300 0.104500 0.102500 0.132500 0.112800 0.111900 0.131700 0.104400 0.041400 0.075500 0.112300 0.113600 0.112100 0.121200 0.103500 0.094200
Topi 0.075300 0.335800 0.103700 0.346900 0.084100 0.066500 0.040200 0.048600 0.085000 0.121200 0.056800 0.112300 0.000000 0.039900 0.056900 0.065100 0.094800 0.093600 0.065600 0.102900 0.092100 0.057200 0.111500 0.112900 0.056800 0.065100 0.023800 0.084900 0.065100 0.085000 0.121200 0.039900 0.152800 0.023800 0.056800 0.094200 0.048700 0.111900 0.056600 0.131300 0.111500 0.082700 0.130600 0.122100 0.094200 0.065600 0.065400 0.048800 0.065300 0.139300 0.102200 0.093000
CommonDuik 0.049500 0.376800 0.075900 0.332300 0.057300 0.057600 0.015700 0.040100 0.075500 0.092600 0.031700 0.102400 0.039900 0.000000 0.031700 0.039700 0.085300 0.066300 0.040100 0.093500 0.065200 0.031900 0.083500 0.084500 0.031700 0.039800 0.048700 0.058100 0.039700 0.075500 0.092600 0.015600 0.122600 0.031800 0.031700 0.066600 0.023800 0.083800 0.031600 0.102100 0.083500 0.056300 0.101900 0.093300 0.066600 0.040600 0.040300 0.040200 0.039800 0.110000 0.092600 0.083600
Suni 0.066500 0.397600 0.094700 0.364600 0.075100 0.075500 0.031900 0.057200 0.094200 0.111700 0.048400 0.122100 0.056900 0.031700 0.000000 0.056600 0.095200 0.084500 0.057200 0.112900 0.083200 0.048700 0.102200 0.103500 0.048400 0.056700 0.066200 0.076100 0.056600 0.094200 0.111700 0.031700 0.143300 0.048500 0.048400 0.085000 0.040300 0.102600 0.048200 0.121600 0.102200 0.073900 0.121500 0.112600 0.085000 0.057000 0.056800 0.057400 0.056700 0.129700 0.111800 0.102400
Springbuck 0.057500 0.376900 0.084900 0.331800 0.065900 0.066300 0.023700 0.031700 0.084500 0.120600 0.039800 0.111800 0.065100 0.039700 0.056600 0.000000 0.094500 0.075100 0.048400 0.102700 0.039900 0.040100 0.110900 0.093600 0.039800 0.000000 0.057200 0.066800 0.000000 0.084500 0.120600 0.041000 0.112900 0.039900 0.023600 0.075500 0.031900 0.092800 0.039700 0.111400 0.110900 0.015600 0.130400 0.102500 0.075500 0.048300 0.031600 0.048600 0.048000 0.119300 0.083600 0.092600
Okapi 0.106400 0.391900 0.078700 0.360700 0.077800 0.096800 0.067900 0.076900 0.078700 0.096100 0.085700 0.115800 0.094800 0.085300 0.095200 0.094500 0.000000 0.033500 0.095700 0.097000 0.124100 0.086300 0.086600 0.069200 0.085700 0.094800 0.068400 0.060100 0.094500 0.079700 0.096100 0.085400 0.107300 0.086000 0.085700 0.069100 0.077200 0.106300 0.104000 0.105700 0.086600 0.113600 0.105800 0.078100 0.069100 0.095400 0.094900 0.077300 0.094700 0.094800 0.095900 0.086600
Giraffe 0.086000 0.357200 0.059400 0.324900 0.058800 0.095500 0.049500 0.076000 0.059200 0.076300 0.066600 0.095000 0.093600 0.066300 0.084500 0.075100 0.033500 0.000000 0.076000 0.077000 0.103100 0.067100 0.067300 0.050400 0.066600 0.075300 0.067600 0.033300 0.075100 0.059200 0.076300 0.066400 0.086700 0.066800 0.066600 0.050300 0.058300 0.085900 0.084100 0.085500 0.067300 0.093200 0.085500 0.059000 0.050300 0.075700 0.075400 0.076300 0.075300 0.075400 0.076100 0.067200
TibetanAnt 0.058200 0.378000 0.085700 0.333500 0.049300 0.067100 0.024000 0.049000 0.067400 0.122000 0.040300 0.093800 0.065600 0.040100 0.057200 0.048400 0.095700 0.076000 0.000000 0.103700 0.074700 0.040600 0.112200 0.094800 0.040300 0.048400 0.057700 0.067400 0.048400 0.067400 0.122000 0.040100 0.133500 0.040400 0.040300 0.058500 0.032200 0.075600 0.056900 0.112700 0.112200 0.065500 0.131500 0.103800 0.058500 0.032100 0.048600 0.049200 0.048600 0.102100 0.103000 0.093700
Sitatunga 0.114900 0.382700 0.068200 0.353600 0.086100 0.125000 0.076200 0.104000 0.033100 0.104100 0.094000 0.104200 0.102900 0.093500 0.112900 0.102700 0.097000 0.077000 0.103700 0.000000 0.132500 0.094700 0.094600 0.077300 0.094000 0.102400 0.076500 0.033100 0.102700 0.033100 0.104100 0.093600 0.115200 0.075900 0.094000 0.059200 0.085500 0.114700 0.112300 0.113700 0.094600 0.121900 0.113400 0.086100 0.059200 0.084900 0.103200 0.104400 0.103100 0.102900 0.032500 0.041000
Oribi 0.084400 0.396500 0.113800 0.348700 0.093300 0.093800 0.048700 0.041000 0.113300 0.151000 0.065500 0.122200 0.092100 0.065200 0.083200 0.039900 0.124100 0.103100 0.074700 0.132500 0.000000 0.065900 0.140800 0.122800 0.065500 0.040000 0.084100 0.094600 0.039900 0.113300 0.151000 0.065300 0.123400 0.065700 0.048400 0.085100 0.057300 0.102600 0.048200 0.141400 0.140800 0.039900 0.161600 0.132100 0.085100 0.074500 0.040000 0.075000 0.074100 0.149400 0.131200 0.121400
BarbaryShe 0.032600 0.397300 0.076900 0.350400 0.058000 0.041000 0.015900 0.041300 0.076500 0.112500 0.015800 0.103700 0.057200 0.031900 0.048700 0.040100 0.086300 0.067100 0.040600 0.094700 0.065900 0.000000 0.104600 0.085600 0.015800 0.040200 0.049300 0.058800 0.040100 0.076500 0.112500 0.031900 0.124200 0.032800 0.032000 0.067500 0.008100 0.084800 0.048500 0.103300 0.102900 0.057000 0.122300 0.094500 0.067500 0.040400 0.040200 0.041200 0.040200 0.111300 0.093800 0.084600
Daviddeer 0.104200 0.339900 0.076800 0.311200 0.076200 0.114100 0.084400 0.112300 0.076400 0.024300 0.102100 0.112800 0.111500 0.083500 0.102200 0.110900 0.086600 0.067300 0.112200 0.094600 0.140800 0.104600 0.000000 0.016300 0.102100 0.111300 0.103600 0.058700 0.110900 0.076400 0.024300 0.083600 0.104600 0.102400 0.102200 0.067400 0.093700 0.104100 0.101700 0.049600 0.000000 0.130100 0.032600 0.025000 0.067400 0.093100 0.111400 0.112700 0.111200 0.092600 0.093600 0.084500
Reindeer 0.086700 0.330300 0.059700 0.302200 0.077100 0.096400 0.067400 0.094800 0.059400 0.024600 0.084900 0.095300 0.112900 0.084500 0.103500 0.093600 0.069200 0.050400 0.094800 0.077300 0.122800 0.085600 0.016300 0.000000 0.084900 0.093900 0.086200 0.041900 0.093600 0.059400 0.024700 0.084600 0.087100 0.085200 0.084900 0.050500 0.076500 0.105300 0.103000 0.033200 0.016700 0.112400 0.033000 0.008100 0.050500 0.076000 0.094000 0.095200 0.093800 0.075600 0.076400 0.067500
Ibex 0.032300 0.392000 0.076300 0.346300 0.057600 0.040700 0.015800 0.040300 0.075900 0.111600 0.016100 0.102900 0.056800 0.031700 0.048400 0.039800 0.085700 0.066600 0.040300 0.094000 0.065500 0.015800 0.102100 0.084900 0.000000 0.040000 0.049000 0.058300 0.039800 0.075900 0.111600 0.032500 0.123100 0.031900 0.032400 0.066900 0.008000 0.084100 0.048200 0.102500 0.102100 0.056600 0.121300 0.093700 0.066900 0.041000 0.040000 0.040400 0.040000 0.092300 0.093000 0.084000
GyrantGaze 0.057600 0.376700 0.084900 0.331900 0.066200 0.066500 0.023800 0.031900 0.084800 0.121000 0.040000 0.111800 0.065100 0.039800 0.056700 0.000000 0.094800 0.075300 0.048400 0.102400 0.040000 0.040200 0.111300 0.093900 0.040000 0.000000 0.057200 0.066800 0.000000 0.084800 0.121000 0.039800 0.113000 0.040100 0.023700 0.075700 0.032000 0.093100 0.039800 0.111800 0.111300 0.015600 0.130400 0.102900 0.075700 0.048400 0.031700 0.048700 0.048200 0.119800 0.083800 0.092900
Hartebeest 0.067400 0.311600 0.077100 0.323500 0.058400 0.058500 0.032400 0.040700 0.059000 0.113300 0.049000 0.085600 0.023800 0.048700 0.066200 0.057200 0.068400 0.067600 0.057700 0.076500 0.084100 0.049300 0.103600 0.086200 0.049000 0.057200 0.000000 0.059000 0.057200 0.059000 0.113300 0.048800 0.124500 0.015900 0.049000 0.067900 0.040800 0.085400 0.065900 0.123100 0.103600 0.074700 0.122700 0.095200 0.067900 0.057700 0.057400 0.040900 0.057400 0.112000 0.076000 0.067100
Bongo 0.077500 0.358200 0.033300 0.341600 0.050400 0.086900 0.041300 0.067600 0.016400 0.067600 0.058300 0.067800 0.084900 0.058100 0.076100 0.066800 0.060100 0.033300 0.067400 0.033100 0.094600 0.058800 0.058700 0.041900 0.058300 0.066800 0.059000 0.000000 0.066800 0.016400 0.067600 0.058100 0.077600 0.058500 0.058400 0.024800 0.050000 0.077400 0.075800 0.076800 0.058700 0.084800 0.076500 0.050400 0.024800 0.049700 0.067100 0.067900 0.067000 0.066900 0.032800 0.024500
Gerenuk 0.057500 0.376900 0.084900 0.331800 0.065900 0.066300 0.023900 0.031900 0.084500 0.120600 0.039800 0.111800 0.065100 0.039700 0.056600 0.000000 0.094500 0.075100 0.048400 0.102700 0.039900 0.040100 0.110900 0.093600 0.039800 0.000000 0.057200 0.066800 0.000000 0.084500 0.120600 0.039700 0.112900 0.039900 0.023600 0.075500 0.031900 0.092800 0.039700 0.111400 0.110900 0.015600 0.130400 0.102500 0.075500 0.048300 0.031600 0.048600 0.048000 0.119300 0.083600 0.092600
CommonElan 0.096000 0.340100 0.050800 0.314000 0.050200 0.105800 0.058500 0.085600 0.000000 0.085700 0.075900 0.067700 0.085000 0.075500 0.094200 0.084500 0.079700 0.059200 0.067400 0.033100 0.113300 0.076500 0.076400 0.059400 0.075900 0.084800 0.059000 0.016400 0.084500 0.000000 0.085700 0.075600 0.096500 0.058400 0.075900 0.024700 0.067500 0.077100 0.093800 0.095000 0.076400 0.103100 0.095000 0.068100 0.024800 0.049500 0.084900 0.085900 0.084800 0.084600 0.033600 0.025200
MuntiacusR 0.114000 0.357600 0.086100 0.299600 0.103900 0.124000 0.093600 0.122000 0.085700 0.000000 0.111600 0.122700 0.121200 0.092600 0.111700 0.120600 0.096100 0.076300 0.122000 0.104100 0.151000 0.112500 0.024300 0.024700 0.111600 0.121000 0.113300 0.067600 0.120600 0.085700 0.000000 0.092700 0.114500 0.112000 0.111700 0.076500 0.103100 0.133100 0.111200 0.058400 0.024300 0.140200 0.008000 0.033400 0.076500 0.102400 0.121100 0.122500 0.121100 0.083700 0.103000 0.093700
HarveysDui 0.049000 0.378100 0.076000 0.333300 0.057400 0.057700 0.015700 0.040600 0.075600 0.092700 0.031700 0.102600 0.039900 0.015600 0.031700 0.041000 0.085400 0.066400 0.040100 0.093600 0.065300 0.031900 0.083600 0.084600 0.032500 0.039800 0.048800 0.058100 0.039700 0.075600 0.092700 0.000000 0.122700 0.031800 0.031700 0.066700 0.024400 0.083900 0.031600 0.102200 0.083600 0.056400 0.102000 0.093400 0.066700 0.040800 0.039800 0.040300 0.039800 0.110100 0.092700 0.083700
Pronghorn 0.145800 0.382300 0.096500 0.330900 0.115300 0.156600 0.104500 0.134000 0.096500 0.114500 0.123100 0.114400 0.152800 0.122600 0.143300 0.112900 0.107300 0.086700 0.133500 0.115200 0.123400 0.124200 0.104600 0.087100 0.123100 0.113000 0.124500 0.077600 0.112900 0.096500 0.114500 0.122700 0.000000 0.123500 0.123300 0.068500 0.114400 0.145500 0.122600 0.124200 0.104600 0.113000 0.123900 0.096200 0.068500 0.113700 0.132900 0.134500 0.112700 0.113200 0.114400 0.104800
BlueWildeb 0.049300 0.337200 0.076500 0.320100 0.057800 0.058100 0.015800 0.040400 0.058400 0.112000 0.032000 0.084900 0.023800 0.031800 0.048500 0.039900 0.086000 0.066800 0.040400 0.075900 0.065700 0.032800 0.102400 0.085200 0.031900 0.040100 0.015900 0.058500 0.039900 0.058400 0.112000 0.031800 0.123500 0.000000 0.032400 0.067200 0.024500 0.084400 0.049200 0.102800 0.104300 0.056700 0.121700 0.094100 0.067200 0.040800 0.040100 0.040600 0.040100 0.110800 0.075200 0.066400
Gemsbok 0.049200 0.364100 0.076300 0.294500 0.057600 0.057900 0.015800 0.023800 0.075900 0.111700 0.032400 0.102900 0.056800 0.031700 0.048400 0.023600 0.085700 0.066600 0.040300 0.094000 0.048400 0.032000 0.102200 0.084900 0.032400 0.023700 0.049000 0.058400 0.023600 0.075900 0.111700 0.031700 0.123300 0.032400 0.000000 0.067000 0.023900 0.084200 0.031700 0.102600 0.102200 0.039900 0.121400 0.094200 0.067000 0.040200 0.023700 0.040900 0.040000 0.110600 0.093600 0.084000
Yak 0.086500 0.354700 0.042000 0.300300 0.041600 0.096100 0.050800 0.076400 0.024700 0.076500 0.066900 0.041400 0.094200 0.066600 0.085000 0.075500 0.069100 0.050300 0.058500 0.059200 0.085100 0.067500 0.067400 0.050500 0.066900 0.075700 0.067900 0.024800 0.075500 0.024700 0.076500 0.066700 0.068500 0.067200 0.067000 0.000000 0.058600 0.068000 0.066600 0.085700 0.067400 0.075500 0.085700 0.059100 0.000000 0.041000 0.076300 0.077700 0.075700 0.075600 0.058500 0.049900
BlueSheep 0.024400 0.381400 0.067800 0.336300 0.049400 0.032600 0.008100 0.032200 0.067500 0.103100 0.007800 0.094300 0.048700 0.023800 0.040300 0.031900 0.077200 0.058300 0.032200 0.085500 0.057300 0.008100 0.093700 0.076500 0.008000 0.032000 0.040800 0.050000 0.031900 0.067500 0.103100 0.024400 0.114400 0.024500 0.023900 0.058600 0.000000 0.075800 0.040100 0.094000 0.093700 0.048500 0.112700 0.085300 0.058600 0.032100 0.032900 0.032800 0.032000 0.102000 0.084800 0.075600
BohorReedb 0.104400 0.397600 0.096300 0.380600 0.024400 0.114200 0.066800 0.093900 0.077100 0.133100 0.084100 0.104500 0.111900 0.083800 0.102600 0.092800 0.106300 0.085900 0.075600 0.114700 0.102600 0.084800 0.104100 0.105300 0.084100 0.093100 0.085400 0.077400 0.092800 0.077100 0.133100 0.083900 0.145500 0.084400 0.084200 0.068000 0.075800 0.000000 0.102100 0.143200 0.104100 0.111400 0.143300 0.114500 0.068000 0.075400 0.075000 0.094300 0.093000 0.131400 0.113500 0.104000
KirksDik 0.066200 0.411300 0.094200 0.281000 0.074800 0.075200 0.031900 0.040100 0.093800 0.111200 0.048200 0.102500 0.056600 0.031600 0.048200 0.039700 0.104000 0.084100 0.056900 0.112300 0.048200 0.048500 0.101700 0.103000 0.048200 0.039800 0.065900 0.075800 0.039700 0.093800 0.111200 0.031600 0.122600 0.049200 0.031700 0.066600 0.040100 0.102100 0.000000 0.121000 0.101700 0.039700 0.102000 0.112000 0.066600 0.040000 0.039800 0.057100 0.056500 0.110100 0.101900 0.092700
RoeDeer 0.104600 0.342200 0.095500 0.353000 0.113500 0.114500 0.084700 0.112800 0.095000 0.058400 0.102500 0.132500 0.131300 0.102100 0.121600 0.111400 0.105700 0.085500 0.112700 0.113700 0.141400 0.103300 0.049600 0.033200 0.102500 0.111800 0.123100 0.076800 0.111400 0.095000 0.058400 0.102200 0.124200 0.102800 0.102600 0.085700 0.094000 0.143200 0.121000 0.000000 0.049600 0.130700 0.067200 0.041400 0.085700 0.093400 0.111900 0.113200 0.111600 0.111300 0.112500 0.103100
WhiteLippe 0.104200 0.339900 0.076800 0.311200 0.076200 0.114100 0.084400 0.112300 0.076400 0.024300 0.102100 0.112800 0.111500 0.083500 0.102200 0.110900 0.086600 0.067300 0.112200 0.094600 0.140800 0.102900 0.000000 0.016700 0.102100 0.111300 0.103600 0.058700 0.110900 0.076400 0.024300 0.083600 0.104600 0.104300 0.102200 0.067400 0.093700 0.104100 0.101700 0.049600 0.000000 0.130100 0.032600 0.024500 0.067400 0.093100 0.111400 0.112700 0.111200 0.092600 0.093600 0.084500
ThomsonGaz 0.075000 0.409600 0.103600 0.332400 0.083700 0.084100 0.040700 0.048500 0.103100 0.140200 0.056600 0.111900 0.082700 0.056300 0.073900 0.015600 0.113600 0.093200 0.065500 0.121900 0.039900 0.057000 0.130100 0.112400 0.056600 0.015600 0.074700 0.084800 0.015600 0.103100 0.140200 0.056400 0.113000 0.056700 0.039900 0.075500 0.048500 0.111400 0.039700 0.130700 0.130100 0.000000 0.150400 0.121600 0.075500 0.065300 0.048100 0.065800 0.065000 0.138700 0.101900 0.111200
MuntiacusC 0.123800 0.372300 0.094800 0.286100 0.113500 0.134100 0.103000 0.132000 0.095000 0.008000 0.121300 0.131700 0.130600 0.101900 0.121500 0.130400 0.105800 0.085500 0.131500 0.113400 0.161600 0.122300 0.032600 0.033000 0.121300 0.130400 0.122700 0.076500 0.130400 0.095000 0.008000 0.102000 0.123900 0.121700 0.121400 0.085700 0.112700 0.143300 0.102000 0.067200 0.032600 0.150400 0.000000 0.041400 0.085700 0.093300 0.131000 0.132500 0.130800 0.074900 0.103100 0.093900
WhiteTaile 0.095800 0.344100 0.068400 0.314700 0.086000 0.105500 0.076100 0.103800 0.068100 0.032800 0.093700 0.104400 0.122100 0.093300 0.112600 0.102500 0.078100 0.059000 0.103800 0.086100 0.132100 0.094500 0.025000 0.008100 0.093700 0.102900 0.095200 0.050400 0.102500 0.068100 0.033400 0.093400 0.096200 0.094100 0.094200 0.059100 0.085300 0.114500 0.112000 0.041400 0.024500 0.121600 0.041400 0.000000 0.059100 0.084700 0.103000 0.104200 0.102800 0.075400 0.085200 0.076200
Cattle 0.086500 0.354700 0.042000 0.300300 0.041600 0.096100 0.049800 0.076400 0.024700 0.076500 0.066900 0.041400 0.094200 0.066600 0.085000 0.075500 0.069100 0.050300 0.058500 0.059200 0.085100 0.067500 0.067400 0.050500 0.066900 0.075700 0.067900 0.024800 0.075500 0.024800 0.076500 0.066700 0.068500 0.067200 0.067000 0.000000 0.058600 0.068000 0.066600 0.085700 0.067400 0.075500 0.085700 0.059100 0.000000 0.041000 0.075800 0.076700 0.075700 0.075600 0.058500 0.049900
RoyalAntel 0.058000 0.348400 0.067400 0.308000 0.049100 0.066900 0.024000 0.048800 0.049500 0.102900 0.040200 0.075500 0.065600 0.040600 0.057000 0.048300 0.095400 0.075700 0.032100 0.084900 0.074500 0.040400 0.093100 0.076000 0.041000 0.048400 0.057700 0.049700 0.048300 0.049500 0.102400 0.040800 0.113700 0.040800 0.040200 0.041000 0.032100 0.075400 0.040000 0.093400 0.093100 0.065300 0.093300 0.084700 0.041000 0.000000 0.048500 0.049000 0.048400 0.083200 0.075500 0.066300
Steenbok 0.057700 0.378400 0.085300 0.334000 0.066200 0.066500 0.023800 0.032000 0.084900 0.121100 0.040000 0.112300 0.065400 0.040300 0.056800 0.031600 0.094900 0.075400 0.048600 0.103200 0.040000 0.040200 0.111400 0.094000 0.040000 0.031700 0.057400 0.067100 0.031600 0.084900 0.121100 0.039800 0.132900 0.040100 0.023700 0.076300 0.032900 0.075000 0.039800 0.111900 0.111400 0.048100 0.131000 0.103000 0.075800 0.048500 0.000000 0.048800 0.048200 0.119800 0.102200 0.093000
Impala 0.058400 0.380700 0.086400 0.365100 0.067000 0.049700 0.024100 0.032200 0.085900 0.122500 0.040400 0.113600 0.048800 0.040200 0.057400 0.048600 0.077300 0.076300 0.049200 0.104400 0.075000 0.041200 0.112700 0.095200 0.040400 0.048700 0.040900 0.067900 0.048600 0.085900 0.122500 0.040300 0.134500 0.040600 0.040900 0.077700 0.032800 0.094300 0.057100 0.113200 0.112700 0.065800 0.132500 0.104200 0.076700 0.049000 0.048800 0.000000 0.048700 0.122500 0.103300 0.094100
Klipspring 0.057600 0.392300 0.085200 0.360400 0.066100 0.066500 0.023800 0.048500 0.084800 0.120900 0.040000 0.112100 0.065300 0.039800 0.056700 0.048000 0.094700 0.075300 0.048600 0.103100 0.074100 0.040200 0.111200 0.093800 0.040000 0.048200 0.057400 0.067000 0.048000 0.084800 0.121100 0.039800 0.112700 0.040100 0.040000 0.075700 0.032000 0.093000 0.056500 0.111600 0.111200 0.065000 0.130800 0.102800 0.075700 0.048400 0.048200 0.048700 0.000000 0.119700 0.102000 0.092900
ForestMusk 0.131600 0.421200 0.085000 0.332500 0.102600 0.141900 0.092600 0.120700 0.084600 0.083700 0.110400 0.121200 0.139300 0.110000 0.129700 0.119300 0.094800 0.075400 0.102100 0.102900 0.149400 0.111300 0.092600 0.075600 0.092300 0.119800 0.112000 0.066900 0.119300 0.084600 0.083700 0.110100 0.113200 0.110800 0.110600 0.075600 0.102000 0.131400 0.110100 0.111300 0.092600 0.138700 0.074900 0.075400 0.075600 0.083200 0.119800 0.122500 0.119700 0.000000 0.092700 0.083700
Bushbuck 0.113700 0.396800 0.067700 0.352500 0.085300 0.123700 0.075400 0.103000 0.033100 0.103000 0.093000 0.103500 0.102200 0.092600 0.111800 0.083600 0.095900 0.076100 0.103000 0.032500 0.131200 0.093800 0.093600 0.076400 0.093000 0.083800 0.076000 0.032800 0.083600 0.033600 0.103000 0.092700 0.114400 0.075200 0.093600 0.058500 0.084800 0.113500 0.101900 0.112500 0.093600 0.101900 0.103100 0.085200 0.058500 0.075500 0.102200 0.103300 0.102000 0.092700 0.000000 0.024100
GreaterKud 0.104200 0.353000 0.058900 0.337000 0.076200 0.114000 0.066600 0.093700 0.024900 0.093700 0.084000 0.094200 0.093000 0.083600 0.102400 0.092600 0.086600 0.067200 0.093700 0.041000 0.121400 0.084600 0.084500 0.067500 0.084000 0.092900 0.067100 0.024500 0.092600 0.025200 0.093700 0.083700 0.104800 0.066400 0.084000 0.049900 0.075600 0.104000 0.092700 0.103100 0.084500 0.111200 0.093900 0.076200 0.049900 0.066300 0.093000 0.094100 0.092900 0.083700 0.024100 0.000000
