1
52 1
Argali 0.000000 0.247900 0.077000 0.206900 0.072000 0.000000 0.052300 0.066800 0.062000 0.114600 0.013800 0.087600 0.037400 0.057400 0.118700 0.061800 0.101900 0.091800 0.037400 0.062000 0.066800 0.018500 0.094100 0.109100 0.023200 0.057100 0.037500 0.062000 0.076300 0.072000 0.114700 0.057400 0.123100 0.046800 0.042500 0.119100 0.032600 0.071900 0.056400 0.113700 0.109200 0.056900 0.109200 0.103700 0.124500 0.042500 0.061800 0.082200 0.060300 0.072000 0.077000 0.062100
LesserMous 0.247900 0.000000 0.258700 0.241300 0.284400 0.247900 0.218400 0.229200 0.245400 0.251700 0.241600 0.248600 0.240800 0.230400 0.228700 0.234900 0.258200 0.234200 0.241700 0.245400 0.240500 0.235200 0.264600 0.282500 0.247900 0.235300 0.253600 0.232900 0.251500 0.239800 0.270700 0.242500 0.252200 0.246000 0.261100 0.261600 0.247000 0.265400 0.216900 0.262000 0.270000 0.228600 0.251700 0.263800 0.267900 0.228500 0.228700 0.217800 0.234900 0.197500 0.251800 0.246100
LesserKudu 0.077000 0.258700 0.000000 0.230500 0.102000 0.077100 0.092400 0.097200 0.013900 0.119500 0.062000 0.077200 0.087000 0.097800 0.139600 0.092000 0.086900 0.097300 0.077000 0.023300 0.087000 0.076800 0.104200 0.134500 0.067000 0.087100 0.087200 0.023300 0.106800 0.032800 0.119600 0.077300 0.127900 0.107300 0.082500 0.087500 0.077000 0.091800 0.077300 0.124000 0.108900 0.076800 0.124800 0.118300 0.092600 0.071800 0.071700 0.102500 0.092200 0.071700 0.037600 0.013900
KillerWhal 0.206900 0.241300 0.230500 0.000000 0.188700 0.206900 0.213100 0.207100 0.211900 0.227300 0.195400 0.231400 0.211500 0.213500 0.254100 0.206700 0.235600 0.206300 0.212600 0.212000 0.224000 0.189500 0.210400 0.232800 0.206900 0.201200 0.200600 0.211900 0.223000 0.212600 0.245700 0.231100 0.222900 0.199500 0.206700 0.256200 0.201300 0.188900 0.206600 0.220200 0.227000 0.206700 0.227400 0.215100 0.262300 0.194600 0.212300 0.224700 0.230200 0.189400 0.206300 0.212500
DefassaWat 0.072000 0.284400 0.102000 0.188700 0.000000 0.072000 0.092200 0.107300 0.086500 0.135200 0.066900 0.107600 0.091900 0.097600 0.139200 0.091800 0.128100 0.128400 0.091900 0.086500 0.096900 0.081700 0.114500 0.129600 0.076900 0.076800 0.082100 0.086500 0.096400 0.096800 0.135400 0.097600 0.138300 0.101900 0.082400 0.129100 0.086900 0.032700 0.077200 0.134300 0.129700 0.076700 0.140700 0.124200 0.134400 0.076600 0.081600 0.102200 0.101600 0.091700 0.101900 0.086700
Sheep 0.000000 0.247900 0.077100 0.206900 0.072000 0.000000 0.052300 0.066800 0.062000 0.114600 0.013800 0.087600 0.037400 0.057400 0.118700 0.061800 0.101800 0.091800 0.037400 0.062000 0.066800 0.018500 0.094100 0.109100 0.023200 0.057100 0.037500 0.062000 0.076300 0.072000 0.114700 0.057400 0.123200 0.046800 0.042500 0.119200 0.032600 0.072000 0.056400 0.113700 0.109200 0.056900 0.109200 0.103700 0.124500 0.042500 0.061800 0.082200 0.060100 0.072000 0.077000 0.062100
MaxwellsDu 0.052300 0.218400 0.092400 0.213100 0.092200 0.052300 0.000000 0.082000 0.077100 0.120100 0.047400 0.082800 0.052300 0.047600 0.124200 0.066900 0.107900 0.097800 0.062000 0.077000 0.062000 0.042500 0.099500 0.119700 0.057200 0.062100 0.062200 0.077100 0.091400 0.077200 0.120300 0.042400 0.123300 0.081800 0.067500 0.114200 0.067100 0.077100 0.062400 0.108700 0.114700 0.062000 0.114900 0.109200 0.119500 0.067200 0.066800 0.057500 0.055800 0.077100 0.092400 0.077300
GazellaPrz 0.066800 0.229200 0.097200 0.207100 0.107300 0.066800 0.082000 0.000000 0.091900 0.125000 0.061800 0.108100 0.086700 0.082100 0.113100 0.052000 0.101700 0.081400 0.086700 0.091900 0.066800 0.066600 0.114200 0.130000 0.071700 0.057000 0.086900 0.092000 0.076200 0.102300 0.125100 0.077100 0.133400 0.096600 0.082300 0.124100 0.066800 0.092000 0.046600 0.113500 0.124100 0.056900 0.119500 0.114100 0.129400 0.071800 0.041300 0.097300 0.076500 0.081900 0.107500 0.092200
MountainNy 0.062000 0.245400 0.013900 0.211900 0.086500 0.062000 0.077100 0.091900 0.000000 0.103400 0.047200 0.062100 0.071800 0.082300 0.123400 0.076700 0.081700 0.092000 0.061900 0.009200 0.071800 0.061800 0.088400 0.113700 0.057000 0.071900 0.072000 0.009200 0.091200 0.018600 0.103600 0.082300 0.122400 0.091700 0.067300 0.082300 0.066900 0.076500 0.062200 0.107900 0.103400 0.061800 0.108700 0.098100 0.087400 0.056900 0.066700 0.086900 0.076600 0.056800 0.023300 0.000000
MuntiacusM 0.114600 0.251700 0.119500 0.227300 0.135200 0.114600 0.120100 0.125000 0.103400 0.000000 0.098700 0.125600 0.114400 0.120400 0.152100 0.108900 0.103300 0.093100 0.114400 0.108800 0.124900 0.103700 0.053300 0.078300 0.109200 0.103900 0.114800 0.108800 0.113300 0.119500 0.038100 0.115200 0.146000 0.124800 0.120500 0.158900 0.119900 0.108600 0.093900 0.067500 0.053000 0.093300 0.014100 0.073300 0.164500 0.098400 0.088000 0.114300 0.107900 0.077800 0.114000 0.103700
goat 0.013800 0.241600 0.062000 0.195400 0.066900 0.013800 0.047400 0.061800 0.047200 0.098700 0.000000 0.072400 0.032600 0.052400 0.113300 0.056900 0.086400 0.086700 0.032600 0.047200 0.061800 0.013800 0.078500 0.103600 0.009200 0.052100 0.032700 0.047300 0.071200 0.057100 0.098800 0.052400 0.123000 0.042000 0.028100 0.103300 0.027900 0.057100 0.041600 0.097900 0.093400 0.042400 0.093400 0.088100 0.108500 0.028100 0.047100 0.077100 0.051400 0.057100 0.062000 0.047400
AfricanBuf 0.087600 0.248600 0.077200 0.231400 0.107600 0.087600 0.082800 0.108100 0.062100 0.125600 0.072400 0.000000 0.087500 0.098400 0.129100 0.092500 0.107900 0.108200 0.097700 0.062100 0.087400 0.077300 0.104800 0.130600 0.082500 0.087600 0.087800 0.062100 0.107300 0.052100 0.125700 0.098300 0.128600 0.107900 0.093200 0.037900 0.092800 0.092300 0.077800 0.114000 0.120100 0.077300 0.131000 0.114500 0.042800 0.082200 0.082200 0.092700 0.088500 0.072100 0.072100 0.062200
Topi 0.037400 0.240800 0.087000 0.211500 0.091900 0.037400 0.052300 0.086700 0.071800 0.114400 0.032600 0.087500 0.000000 0.067100 0.128900 0.071600 0.112700 0.102600 0.037300 0.071800 0.066700 0.037300 0.104300 0.130000 0.042100 0.066800 0.009200 0.071800 0.096100 0.081900 0.125100 0.057300 0.144100 0.027000 0.052100 0.119000 0.051800 0.071900 0.067100 0.124000 0.119500 0.066600 0.119800 0.114100 0.124300 0.061700 0.071500 0.082100 0.070500 0.071300 0.086600 0.071900
CommonDuik 0.057400 0.230400 0.097800 0.213500 0.097600 0.057400 0.047600 0.082100 0.082300 0.120400 0.052400 0.098400 0.067100 0.000000 0.108300 0.067000 0.108100 0.098000 0.057200 0.082300 0.077000 0.057200 0.094300 0.125500 0.062300 0.062200 0.067300 0.082300 0.091600 0.092600 0.120600 0.052600 0.128800 0.087000 0.072700 0.130400 0.072200 0.082400 0.062500 0.119400 0.115000 0.062100 0.125800 0.109500 0.135800 0.067300 0.066900 0.082300 0.066200 0.077300 0.097700 0.082500
Suni 0.118700 0.228700 0.139600 0.254100 0.139200 0.118700 0.124200 0.113100 0.123400 0.152100 0.113300 0.129100 0.128900 0.108300 0.000000 0.118300 0.133600 0.123300 0.118400 0.123300 0.128200 0.118300 0.125300 0.157200 0.123900 0.113300 0.129300 0.112700 0.122600 0.123000 0.152300 0.129800 0.155300 0.139100 0.114100 0.145400 0.124000 0.123400 0.103200 0.140000 0.146500 0.102500 0.157600 0.140800 0.150900 0.118200 0.107700 0.092200 0.111400 0.118100 0.139500 0.123700
Springbuck 0.061800 0.234900 0.092000 0.206700 0.091800 0.061800 0.066900 0.052000 0.076700 0.108900 0.056900 0.092500 0.071600 0.067000 0.118300 0.000000 0.097000 0.087100 0.071500 0.076700 0.042300 0.061700 0.093800 0.113900 0.066800 0.023300 0.071800 0.076700 0.042100 0.086900 0.109100 0.072000 0.128000 0.091400 0.077200 0.124100 0.066800 0.076800 0.032900 0.108100 0.103600 0.023300 0.114200 0.098200 0.129400 0.066800 0.037400 0.081900 0.061400 0.066800 0.091900 0.076900
Okapi 0.101900 0.258200 0.086900 0.235600 0.128100 0.101800 0.107900 0.101700 0.081700 0.103300 0.086400 0.107900 0.112700 0.108100 0.133600 0.097000 0.000000 0.037500 0.102400 0.081700 0.102400 0.091400 0.088200 0.108200 0.096700 0.092200 0.113000 0.081700 0.101600 0.092000 0.103400 0.102900 0.096900 0.122400 0.108200 0.129200 0.101800 0.112400 0.082400 0.102500 0.098000 0.081800 0.107900 0.092800 0.134500 0.091500 0.076700 0.107600 0.082700 0.081800 0.097100 0.081900
Giraffe 0.091800 0.234200 0.097300 0.206300 0.128400 0.091800 0.097800 0.081400 0.092000 0.093100 0.086700 0.108200 0.102600 0.098000 0.123300 0.087100 0.037500 0.000000 0.102600 0.092000 0.102600 0.081400 0.078100 0.098100 0.097000 0.082200 0.102900 0.092000 0.101900 0.102400 0.093200 0.092800 0.092000 0.112200 0.098200 0.129600 0.091700 0.102300 0.082600 0.082200 0.087900 0.082100 0.097700 0.082700 0.135000 0.091800 0.076900 0.097500 0.072800 0.071900 0.097200 0.092200
TibetanAnt 0.037400 0.241700 0.077000 0.212600 0.091900 0.037400 0.062000 0.086700 0.061900 0.114400 0.032600 0.097700 0.037300 0.057200 0.118400 0.071500 0.102400 0.102600 0.000000 0.061900 0.066700 0.037300 0.104300 0.130000 0.042100 0.066700 0.037400 0.061900 0.086100 0.071900 0.125100 0.057300 0.144100 0.056500 0.042400 0.129400 0.051800 0.081800 0.067000 0.124000 0.119500 0.066600 0.130300 0.114100 0.134800 0.062000 0.061600 0.092200 0.059600 0.071900 0.076900 0.062000
Sitatunga 0.062000 0.245400 0.023300 0.212000 0.086500 0.062000 0.077000 0.091900 0.009200 0.108800 0.047200 0.062100 0.071800 0.082300 0.123300 0.076700 0.081700 0.092000 0.061900 0.000000 0.071800 0.061800 0.088400 0.113700 0.057000 0.071900 0.072000 0.009100 0.091200 0.018400 0.108900 0.082300 0.122400 0.091700 0.067300 0.082300 0.066900 0.076500 0.062200 0.107900 0.103400 0.061800 0.114000 0.098100 0.087400 0.056900 0.066700 0.086900 0.076700 0.056800 0.023300 0.009200
Oribi 0.066800 0.240500 0.087000 0.224000 0.096900 0.066800 0.062000 0.066800 0.071800 0.124900 0.061800 0.087400 0.066700 0.077000 0.128200 0.042300 0.102400 0.102600 0.066700 0.071800 0.000000 0.066600 0.104300 0.129900 0.071700 0.047300 0.076800 0.071200 0.065900 0.081900 0.125100 0.077000 0.143300 0.096000 0.082200 0.118300 0.071700 0.081800 0.047400 0.124000 0.119500 0.046700 0.119700 0.114000 0.123600 0.081800 0.051900 0.081600 0.076800 0.081900 0.087000 0.071900
BarbaryShe 0.018500 0.235200 0.076800 0.189500 0.081700 0.018500 0.042500 0.066600 0.061800 0.103700 0.013800 0.077300 0.037300 0.057200 0.118300 0.061700 0.091400 0.081400 0.037300 0.061800 0.066600 0.000000 0.083400 0.108700 0.023100 0.056900 0.037400 0.061800 0.076000 0.061900 0.103800 0.057200 0.112400 0.037200 0.042400 0.108400 0.032500 0.071800 0.056300 0.092700 0.098400 0.056800 0.098400 0.093100 0.113600 0.042400 0.061600 0.062000 0.060400 0.071800 0.076800 0.061900
Daviddeer 0.094100 0.264600 0.104200 0.210400 0.114500 0.094100 0.099500 0.114200 0.088400 0.053300 0.078500 0.104800 0.104300 0.094300 0.125300 0.093800 0.088200 0.078100 0.104300 0.088400 0.104300 0.083400 0.000000 0.063400 0.088800 0.088800 0.104700 0.088400 0.098200 0.098900 0.053300 0.105000 0.130500 0.114600 0.099800 0.137500 0.099300 0.088300 0.078900 0.052900 0.038200 0.078300 0.058300 0.058400 0.143000 0.083400 0.073100 0.088400 0.086600 0.073000 0.093600 0.088700
Reindeer 0.109100 0.282500 0.134500 0.232800 0.129600 0.109100 0.119700 0.130000 0.113700 0.078300 0.103600 0.130600 0.130000 0.125500 0.157200 0.113900 0.108200 0.098100 0.130000 0.113700 0.129900 0.108700 0.063400 0.000000 0.114200 0.108900 0.130400 0.113700 0.108000 0.124500 0.078400 0.130900 0.140400 0.129800 0.125500 0.164000 0.124900 0.113600 0.098900 0.077800 0.073100 0.098200 0.083500 0.033400 0.169700 0.103300 0.092900 0.119300 0.107300 0.082700 0.119100 0.114000
Ibex 0.023200 0.247900 0.067000 0.206900 0.076900 0.023200 0.057200 0.071700 0.057000 0.109200 0.009200 0.082500 0.042100 0.062300 0.123900 0.066800 0.096700 0.097000 0.042100 0.057000 0.071700 0.023100 0.088800 0.114200 0.000000 0.061900 0.042300 0.057000 0.081100 0.067000 0.109300 0.057300 0.133600 0.051600 0.037600 0.103400 0.037400 0.066900 0.051500 0.108300 0.098600 0.052000 0.103800 0.098500 0.108600 0.037700 0.056800 0.087200 0.065700 0.067000 0.071900 0.057100
GyrantGaze 0.057100 0.235300 0.087100 0.201200 0.076800 0.057100 0.062100 0.057000 0.071900 0.103900 0.052100 0.087600 0.066800 0.062200 0.113300 0.023300 0.092200 0.082200 0.066700 0.071900 0.047300 0.056900 0.088800 0.108900 0.061900 0.000000 0.067000 0.071900 0.047000 0.082000 0.104100 0.067200 0.123000 0.086600 0.072300 0.119100 0.062000 0.062000 0.037800 0.103100 0.098600 0.018600 0.109200 0.093300 0.124400 0.062000 0.042300 0.077100 0.056800 0.062000 0.087100 0.072100
Hartebeest 0.037500 0.253600 0.087200 0.200600 0.082100 0.037500 0.062200 0.086900 0.072000 0.114800 0.032700 0.087800 0.009200 0.067300 0.129300 0.071800 0.113000 0.102900 0.037400 0.072000 0.076800 0.037400 0.104700 0.130400 0.042300 0.067000 0.000000 0.072000 0.096400 0.082100 0.125500 0.057400 0.144500 0.028000 0.052200 0.108800 0.051900 0.072100 0.067300 0.124400 0.119900 0.066800 0.130800 0.114400 0.114100 0.061800 0.071700 0.092400 0.070500 0.071400 0.086800 0.072100
Bongo 0.062000 0.232900 0.023300 0.211900 0.086500 0.062000 0.077100 0.092000 0.009200 0.108800 0.047300 0.062100 0.071800 0.082300 0.112700 0.076700 0.081700 0.092000 0.061900 0.009100 0.071200 0.061800 0.088400 0.113700 0.057000 0.071900 0.072000 0.000000 0.081100 0.018500 0.108900 0.082300 0.111900 0.081500 0.067300 0.072200 0.066900 0.076500 0.062200 0.107900 0.103400 0.052000 0.114100 0.098100 0.077200 0.056900 0.066700 0.076700 0.076000 0.056800 0.023300 0.009100
Gerenuk 0.076300 0.251500 0.106800 0.223000 0.096400 0.076300 0.091400 0.076200 0.091200 0.113300 0.071200 0.107300 0.096100 0.091600 0.122600 0.042100 0.101600 0.101900 0.086100 0.091200 0.065900 0.076000 0.098200 0.108000 0.081100 0.047000 0.096400 0.081100 0.000000 0.101500 0.113500 0.096700 0.116800 0.095900 0.081600 0.128400 0.091300 0.091300 0.047100 0.112600 0.108000 0.027800 0.118600 0.102800 0.133600 0.081300 0.042000 0.086400 0.075400 0.081300 0.106700 0.091400
CommonElan 0.072000 0.239800 0.032800 0.212600 0.096800 0.072000 0.077200 0.102300 0.018600 0.119500 0.057100 0.052100 0.081900 0.092600 0.123000 0.086900 0.092000 0.102400 0.071900 0.018400 0.081900 0.061900 0.098900 0.124500 0.067000 0.082000 0.082100 0.018500 0.101500 0.000000 0.119700 0.092600 0.122700 0.102000 0.077400 0.072100 0.077000 0.086700 0.072300 0.108200 0.114100 0.071800 0.124800 0.108700 0.077100 0.066800 0.076700 0.087100 0.087000 0.056900 0.032800 0.018400
MuntiacusR 0.114700 0.270700 0.119600 0.245700 0.135400 0.114700 0.120300 0.125100 0.103600 0.038100 0.098800 0.125700 0.125100 0.120600 0.152300 0.109100 0.103400 0.093200 0.125100 0.108900 0.125100 0.103800 0.053300 0.078400 0.109300 0.104100 0.125500 0.108900 0.113500 0.119700 0.000000 0.126000 0.146200 0.135500 0.115300 0.159100 0.120000 0.108800 0.094000 0.067600 0.053000 0.093400 0.042900 0.073400 0.164800 0.098500 0.088100 0.109100 0.107900 0.088000 0.114200 0.103800
HarveysDui 0.057400 0.242500 0.077300 0.231100 0.097600 0.057400 0.042400 0.077100 0.082300 0.115200 0.052400 0.098300 0.057300 0.052600 0.129800 0.072000 0.102900 0.092800 0.057300 0.082300 0.077000 0.057200 0.105000 0.130900 0.057300 0.067200 0.057400 0.082300 0.096700 0.092600 0.126000 0.000000 0.128700 0.077000 0.072600 0.119600 0.067200 0.082300 0.067500 0.124800 0.109700 0.067000 0.131200 0.114800 0.124900 0.072400 0.062000 0.092700 0.071300 0.072300 0.097700 0.082500
Pronghorn 0.123100 0.252200 0.127900 0.222900 0.138300 0.123200 0.123300 0.133400 0.122400 0.146000 0.123000 0.128600 0.144100 0.128800 0.155300 0.128000 0.096900 0.092000 0.144100 0.122400 0.143300 0.112400 0.130500 0.140400 0.133600 0.123000 0.144500 0.111900 0.116800 0.122700 0.146200 0.128700 0.000000 0.133000 0.139900 0.139500 0.123100 0.143700 0.118300 0.123600 0.140400 0.107100 0.151500 0.134900 0.144900 0.122700 0.112100 0.112400 0.116800 0.112200 0.138500 0.122700
BlueWildeb 0.046800 0.246000 0.107300 0.199500 0.101900 0.046800 0.081800 0.096600 0.091700 0.124800 0.042000 0.107900 0.027000 0.087000 0.139100 0.091400 0.122400 0.112200 0.056500 0.091700 0.096000 0.037200 0.114600 0.129800 0.051600 0.086600 0.028000 0.081500 0.095900 0.102000 0.135500 0.077000 0.133000 0.000000 0.066700 0.129200 0.051600 0.091800 0.086400 0.134500 0.129900 0.076400 0.129900 0.113900 0.134500 0.071400 0.091400 0.091900 0.090300 0.081300 0.106900 0.091900
Gemsbok 0.042500 0.261100 0.082500 0.206700 0.082400 0.042500 0.067500 0.082300 0.067300 0.120500 0.028100 0.093200 0.052100 0.072700 0.114100 0.077200 0.108200 0.098200 0.042400 0.067300 0.082200 0.042400 0.099800 0.125500 0.037600 0.072300 0.052200 0.067300 0.081600 0.077400 0.115300 0.072600 0.139900 0.066700 0.000000 0.125000 0.052200 0.077400 0.062600 0.109000 0.115000 0.062200 0.125900 0.109600 0.130400 0.056900 0.057200 0.098100 0.061700 0.076600 0.081900 0.067400
Yak 0.119100 0.261600 0.087500 0.256200 0.129100 0.119200 0.114200 0.124100 0.082300 0.158900 0.103300 0.037900 0.119000 0.130400 0.145400 0.124100 0.129200 0.129600 0.129400 0.082300 0.118300 0.108400 0.137500 0.164000 0.103400 0.119100 0.108800 0.072200 0.128400 0.072100 0.159100 0.119600 0.139500 0.129200 0.125000 0.000000 0.119200 0.123800 0.109000 0.146700 0.153200 0.097800 0.164500 0.147400 0.004700 0.113400 0.102900 0.113600 0.124400 0.102800 0.092600 0.082500
BlueSheep 0.032600 0.247000 0.077000 0.201300 0.086900 0.032600 0.067100 0.066800 0.066900 0.119900 0.027900 0.092800 0.051800 0.072200 0.124000 0.066800 0.101800 0.091700 0.051800 0.066900 0.071700 0.032500 0.099300 0.124900 0.037400 0.062000 0.051900 0.066900 0.091300 0.077000 0.120000 0.067200 0.123100 0.051600 0.052200 0.119200 0.000000 0.087000 0.061300 0.119000 0.114500 0.061900 0.114500 0.109000 0.124500 0.057100 0.061800 0.087200 0.075600 0.077000 0.082000 0.067100
BohorReedb 0.071900 0.265400 0.091800 0.188900 0.032700 0.072000 0.077100 0.092000 0.076500 0.108600 0.057100 0.092300 0.071900 0.082400 0.123400 0.076800 0.112400 0.102300 0.081800 0.076500 0.081800 0.071800 0.088300 0.113600 0.066900 0.062000 0.072100 0.076500 0.091300 0.086700 0.108800 0.082300 0.143700 0.091800 0.077400 0.123800 0.087000 0.000000 0.062300 0.107800 0.103300 0.061900 0.113900 0.098000 0.129100 0.066800 0.066700 0.086900 0.086300 0.066600 0.081600 0.076700
KirksDik 0.056400 0.216900 0.077300 0.206600 0.077200 0.056400 0.062400 0.046600 0.062200 0.093900 0.041600 0.077800 0.067100 0.062500 0.103200 0.032900 0.082400 0.082600 0.067000 0.062200 0.047400 0.056300 0.078900 0.098900 0.051500 0.037800 0.067300 0.062200 0.047100 0.072300 0.094000 0.067500 0.118300 0.086400 0.062600 0.109000 0.061300 0.062300 0.000000 0.093100 0.088600 0.028200 0.098300 0.083400 0.114300 0.051800 0.023400 0.077400 0.056700 0.052400 0.077300 0.062400
RoeDeer 0.113700 0.262000 0.124000 0.220200 0.134300 0.113700 0.108700 0.113500 0.107900 0.067500 0.097900 0.114000 0.124000 0.119400 0.140000 0.108100 0.102500 0.082200 0.124000 0.107900 0.124000 0.092700 0.052900 0.077800 0.108300 0.103100 0.124400 0.107900 0.112600 0.108200 0.067600 0.124800 0.123600 0.134500 0.109000 0.146700 0.119000 0.107800 0.093100 0.000000 0.062400 0.092600 0.072500 0.072800 0.152200 0.097600 0.087400 0.103100 0.107100 0.087400 0.113200 0.108200
WhiteLippe 0.109200 0.270000 0.108900 0.227000 0.129700 0.109200 0.114700 0.124100 0.103400 0.053000 0.093400 0.120100 0.119500 0.115000 0.146500 0.103600 0.098000 0.087900 0.119500 0.103400 0.119500 0.098400 0.038200 0.073100 0.098600 0.098600 0.119900 0.103400 0.108000 0.114100 0.053000 0.109700 0.140400 0.129900 0.115000 0.153200 0.114500 0.103300 0.088600 0.062400 0.000000 0.088000 0.057900 0.068100 0.158800 0.093100 0.082800 0.108900 0.096700 0.082700 0.108700 0.103700
ThomsonGaz 0.056900 0.228600 0.076800 0.206700 0.076700 0.056900 0.062000 0.056900 0.061800 0.093300 0.042400 0.077300 0.066600 0.062100 0.102500 0.023300 0.081800 0.082100 0.066600 0.061800 0.046700 0.056800 0.078300 0.098200 0.052000 0.018600 0.066800 0.052000 0.027800 0.071800 0.093400 0.067000 0.107100 0.076400 0.062200 0.097800 0.061900 0.061900 0.028200 0.092600 0.088000 0.000000 0.098500 0.082800 0.102900 0.052100 0.032700 0.066900 0.055800 0.052100 0.076800 0.062000
MuntiacusC 0.109200 0.251700 0.124800 0.227400 0.140700 0.109200 0.114900 0.119500 0.108700 0.014100 0.093400 0.131000 0.119800 0.125800 0.157600 0.114200 0.107900 0.097700 0.130300 0.114000 0.119700 0.098400 0.058300 0.083500 0.103800 0.109200 0.130800 0.114100 0.118600 0.124800 0.042900 0.131200 0.151500 0.129900 0.125900 0.164500 0.114500 0.113900 0.098300 0.072500 0.057900 0.098500 0.000000 0.078400 0.170200 0.093100 0.093200 0.109100 0.113200 0.093100 0.119400 0.108900
WhiteTaile 0.103700 0.263800 0.118300 0.215100 0.124200 0.103700 0.109200 0.114100 0.098100 0.073300 0.088100 0.114500 0.114100 0.109500 0.140800 0.098200 0.092800 0.082700 0.114100 0.098100 0.114000 0.093100 0.058400 0.033400 0.098500 0.093300 0.114400 0.098100 0.102800 0.108700 0.073400 0.114800 0.134900 0.113900 0.109600 0.147400 0.109000 0.098000 0.083400 0.072800 0.068100 0.082800 0.078400 0.000000 0.147300 0.082700 0.077600 0.103600 0.096300 0.067600 0.103400 0.098400
Cattle 0.124500 0.267900 0.092600 0.262300 0.134400 0.124500 0.119500 0.129400 0.087400 0.164500 0.108500 0.042800 0.124300 0.135800 0.150900 0.129400 0.134500 0.135000 0.134800 0.087400 0.123600 0.113600 0.143000 0.169700 0.108600 0.124400 0.114100 0.077200 0.133600 0.077100 0.164800 0.124900 0.144900 0.134500 0.130400 0.004700 0.124500 0.129100 0.114300 0.152200 0.158800 0.102900 0.170200 0.147300 0.000000 0.108100 0.108100 0.118900 0.130000 0.108000 0.097700 0.087600
RoyalAntel 0.042500 0.228500 0.071800 0.194600 0.076600 0.042500 0.067200 0.071800 0.056900 0.098400 0.028100 0.082200 0.061700 0.067300 0.118200 0.066800 0.091500 0.091800 0.062000 0.056900 0.081800 0.042400 0.083400 0.103300 0.037700 0.062000 0.061800 0.056900 0.081300 0.066800 0.098500 0.072400 0.122700 0.071400 0.056900 0.113400 0.057100 0.066800 0.051800 0.097600 0.093100 0.052100 0.093100 0.082700 0.108100 0.000000 0.056900 0.081900 0.066000 0.047100 0.061800 0.057000
Steenbok 0.061800 0.228700 0.071700 0.212300 0.081600 0.061800 0.066800 0.041300 0.066700 0.088000 0.047100 0.082200 0.071500 0.066900 0.107700 0.037400 0.076700 0.076900 0.061600 0.066700 0.051900 0.061600 0.073100 0.092900 0.056800 0.042300 0.071700 0.066700 0.042000 0.076700 0.088100 0.062000 0.112100 0.091400 0.057200 0.102900 0.061800 0.066700 0.023400 0.087400 0.082800 0.032700 0.093200 0.077600 0.108100 0.056900 0.000000 0.081900 0.051200 0.056900 0.081700 0.066800
Impala 0.082200 0.217800 0.102500 0.224700 0.102200 0.082200 0.057500 0.097300 0.086900 0.114300 0.077100 0.092700 0.082100 0.082300 0.092200 0.081900 0.107600 0.097500 0.092200 0.086900 0.081600 0.062000 0.088400 0.119300 0.087200 0.077100 0.092400 0.076700 0.086400 0.087100 0.109100 0.092700 0.112400 0.091900 0.098100 0.113600 0.087200 0.086900 0.077400 0.103100 0.108900 0.066900 0.109100 0.103600 0.118900 0.081900 0.081900 0.000000 0.086500 0.081900 0.102400 0.087100
Klipspring 0.060300 0.234900 0.092200 0.230200 0.101600 0.060100 0.055800 0.076500 0.076600 0.107900 0.051400 0.088500 0.070500 0.066200 0.111400 0.061400 0.082700 0.072800 0.059600 0.076700 0.076800 0.060400 0.086600 0.107300 0.065700 0.056800 0.070500 0.076000 0.075400 0.087000 0.107900 0.071300 0.116800 0.090300 0.061700 0.124400 0.075600 0.086300 0.056700 0.107100 0.096700 0.055800 0.113200 0.096300 0.130000 0.066000 0.051200 0.086500 0.000000 0.066200 0.092300 0.076900
ForestMusk 0.072000 0.197500 0.071700 0.189400 0.091700 0.072000 0.077100 0.081900 0.056800 0.077800 0.057100 0.072100 0.071300 0.077300 0.118100 0.066800 0.081800 0.071900 0.071900 0.056800 0.081900 0.071800 0.073000 0.082700 0.067000 0.062000 0.071400 0.056800 0.081300 0.056900 0.088000 0.072300 0.112200 0.081300 0.076600 0.102800 0.077000 0.066600 0.052400 0.087400 0.082700 0.052100 0.093100 0.067600 0.108000 0.047100 0.056900 0.081900 0.066200 0.000000 0.051900 0.056900
Bushbuck 0.077000 0.251800 0.037600 0.206300 0.101900 0.077000 0.092400 0.107500 0.023300 0.114000 0.062000 0.072100 0.086600 0.097700 0.139500 0.091900 0.097100 0.097200 0.076900 0.023300 0.087000 0.076800 0.093600 0.119100 0.071900 0.087100 0.086800 0.023300 0.106700 0.032800 0.114200 0.097700 0.138500 0.106900 0.081900 0.092600 0.082000 0.081600 0.077300 0.113200 0.108700 0.076800 0.119400 0.103400 0.097700 0.061800 0.081700 0.102400 0.092300 0.051900 0.000000 0.023300
GreaterKud 0.062100 0.246100 0.013900 0.212500 0.086700 0.062100 0.077300 0.092200 0.000000 0.103700 0.047400 0.062200 0.071900 0.082500 0.123700 0.076900 0.081900 0.092200 0.062000 0.009200 0.071900 0.061900 0.088700 0.114000 0.057100 0.072100 0.072100 0.009100 0.091400 0.018400 0.103800 0.082500 0.122700 0.091900 0.067400 0.082500 0.067100 0.076700 0.062400 0.108200 0.103700 0.062000 0.108900 0.098400 0.087600 0.057000 0.066800 0.087100 0.076900 0.056900 0.023300 0.000000
