CODONML (in paml version 4.10.7, June 2023)  /home/rachel/ruminants_paml/6406-phy-tree/ENSBTAT00000036534.fasta.phy
Model: free dN/dS Ratios for branches,  kappa = 2.000 fixed

Codon frequency model: F3x4
ns =  54  ls =  48

Codon usage in sequences
--------------------------------------------------------------------------------------------------------------------------------------
Phe TTT   1   1   1   1   1   1 | Ser TCT   1   1   1   1   1   1 | Tyr TAT   0   0   0   0   0   0 | Cys TGT   0   0   0   0   0   0
    TTC   0   0   0   0   0   0 |     TCC   0   0   0   0   0   0 |     TAC   0   0   0   0   0   0 |     TGC   0   0   0   0   0   0
Leu TTA   0   1   0   0   0   0 |     TCA   0   0   0   0   0   0 | *** TAA   0   0   0   0   0   0 | *** TGA   0   0   0   0   0   0
    TTG   0   0   0   0   0   0 |     TCG   0   0   0   0   0   0 |     TAG   0   0   0   0   0   0 | Trp TGG   0   0   0   0   0   0
--------------------------------------------------------------------------------------------------------------------------------------
Leu CTT   0   0   0   0   0   0 | Pro CCT   0   0   0   0   0   0 | His CAT   0   0   0   0   0   0 | Arg CGT   0   0   0   0   0   0
    CTC   2   2   2   2   2   2 |     CCC   0   0   0   0   0   0 |     CAC   1   1   1   1   1   1 |     CGC   0   0   0   0   0   0
    CTA   0   0   0   0   0   0 |     CCA   0   1   1   1   1   1 | Gln CAA   0   0   0   0   1   0 |     CGA   0   0   0   0   0   0
    CTG   6   5   6   6   5   6 |     CCG   1   0   0   0   0   0 |     CAG   4   4   4   4   3   4 |     CGG   0   0   0   0   0   0
--------------------------------------------------------------------------------------------------------------------------------------
Ile ATT   1   1   1   1   1   1 | Thr ACT   1   1   1   1   1   1 | Asn AAT   0   0   0   0   0   0 | Ser AGT   1   0   1   1   0   1
    ATC   1   2   1   1   1   1 |     ACC   1   1   1   1   2   1 |     AAC   0   0   0   0   0   1 |     AGC   1   2   1   1   1   0
    ATA   0   0   0   0   0   0 |     ACA   1   1   1   1   0   0 | Lys AAA   1   1   1   1   1   1 | Arg AGA   0   0   0   0   0   0
Met ATG   4   3   4   4   4   4 |     ACG   0   0   0   0   0   1 |     AAG   2   2   2   2   2   2 |     AGG   1   1   1   1   1   1
--------------------------------------------------------------------------------------------------------------------------------------
Val GTT   1   1   1   1   1   1 | Ala GCT   0   1   0   0   0   0 | Asp GAT   1   1   1   1   1   2 | Gly GGT   0   0   0   0   0   0
    GTC   0   0   0   0   0   0 |     GCC   2   2   2   1   2   2 |     GAC   2   2   2   2   2   1 |     GGC   0   0   0   0   0   0
    GTA   1   1   1   2   1   1 |     GCA   1   1   2   1   1   1 | Glu GAA   2   2   2   2   1   2 |     GGA   0   0   0   0   0   0
    GTG   1   1   1   0   2   1 |     GCG   1   0   0   2   2   1 |     GAG   3   3   3   3   4   3 |     GGG   2   2   2   2   2   2
--------------------------------------------------------------------------------------------------------------------------------------

--------------------------------------------------------------------------------------------------------------------------------------
Phe TTT   1   1   1   1   1   1 | Ser TCT   1   1   1   1   1   1 | Tyr TAT   0   0   0   0   0   0 | Cys TGT   0   0   0   0   0   0
    TTC   0   0   0   0   0   0 |     TCC   0   0   0   0   0   0 |     TAC   0   0   0   0   0   0 |     TGC   0   0   0   0   0   0
Leu TTA   0   0   0   0   0   0 |     TCA   0   0   0   0   0   0 | *** TAA   0   0   0   0   0   0 | *** TGA   0   0   0   0   0   0
    TTG   0   0   0   1   0   0 |     TCG   0   0   0   0   0   0 |     TAG   0   0   0   0   0   0 | Trp TGG   0   0   0   0   0   0
--------------------------------------------------------------------------------------------------------------------------------------
Leu CTT   0   0   0   0   0   0 | Pro CCT   0   0   0   0   0   0 | His CAT   0   0   0   0   0   0 | Arg CGT   0   0   0   0   0   0
    CTC   2   2   2   2   2   2 |     CCC   0   0   0   0   0   0 |     CAC   1   1   1   1   1   1 |     CGC   0   0   0   0   0   0
    CTA   0   0   0   0   0   0 |     CCA   1   0   1   1   1   1 | Gln CAA   0   0   0   0   0   0 |     CGA   0   0   0   0   0   0
    CTG   6   6   6   5   6   6 |     CCG   0   1   0   0   0   0 |     CAG   4   4   4   4   4   4 |     CGG   0   0   0   0   0   0
--------------------------------------------------------------------------------------------------------------------------------------
Ile ATT   1   1   1   1   1   1 | Thr ACT   1   1   1   1   1   0 | Asn AAT   0   0   0   0   0   0 | Ser AGT   1   1   1   1   1   1
    ATC   1   1   1   1   1   1 |     ACC   1   1   1   1   1   1 |     AAC   0   0   0   0   0   0 |     AGC   1   1   1   1   1   1
    ATA   0   0   0   0   0   0 |     ACA   1   1   1   1   1   2 | Lys AAA   1   1   1   1   1   1 | Arg AGA   0   0   0   0   0   0
Met ATG   4   4   4   4   4   4 |     ACG   0   0   0   0   0   0 |     AAG   2   2   2   2   2   2 |     AGG   1   1   1   1   1   1
--------------------------------------------------------------------------------------------------------------------------------------
Val GTT   1   1   1   1   1   1 | Ala GCT   0   0   0   0   0   0 | Asp GAT   1   1   1   1   1   1 | Gly GGT   0   0   0   0   0   0
    GTC   0   0   0   0   0   0 |     GCC   2   2   2   2   2   2 |     GAC   2   2   2   2   2   2 |     GGC   0   0   0   0   0   0
    GTA   1   1   1   1   1   1 |     GCA   1   1   1   1   2   0 | Glu GAA   2   2   2   2   2   2 |     GGA   0   0   0   0   0   0
    GTG   1   1   1   1   1   1 |     GCG   1   1   1   1   0   2 |     GAG   3   3   3   3   3   3 |     GGG   2   2   2   2   2   2
--------------------------------------------------------------------------------------------------------------------------------------

--------------------------------------------------------------------------------------------------------------------------------------
Phe TTT   1   1   1   1   1   1 | Ser TCT   1   1   1   1   1   1 | Tyr TAT   0   0   0   0   0   0 | Cys TGT   0   0   0   0   0   0
    TTC   0   0   0   0   0   0 |     TCC   0   0   0   0   0   0 |     TAC   0   0   0   0   0   0 |     TGC   0   0   0   0   0   0
Leu TTA   0   0   0   0   0   0 |     TCA   0   0   0   0   0   0 | *** TAA   0   0   0   0   0   0 | *** TGA   0   0   0   0   0   0
    TTG   0   0   0   0   0   0 |     TCG   0   0   0   0   0   0 |     TAG   0   0   0   0   0   0 | Trp TGG   0   0   0   0   0   0
--------------------------------------------------------------------------------------------------------------------------------------
Leu CTT   0   0   0   0   0   0 | Pro CCT   0   0   0   0   0   0 | His CAT   0   0   0   0   0   0 | Arg CGT   0   0   0   0   0   0
    CTC   2   2   2   2   2   2 |     CCC   0   0   0   0   0   0 |     CAC   1   1   1   1   1   1 |     CGC   0   0   0   0   0   0
    CTA   0   0   0   0   0   1 |     CCA   1   1   1   1   1   1 | Gln CAA   0   0   1   0   0   0 |     CGA   0   0   0   0   0   0
    CTG   6   6   6   6   6   5 |     CCG   0   0   0   0   0   0 |     CAG   4   4   3   4   4   4 |     CGG   0   0   0   0   0   0
--------------------------------------------------------------------------------------------------------------------------------------
Ile ATT   1   1   1   1   1   1 | Thr ACT   1   1   1   1   1   1 | Asn AAT   0   0   0   0   0   0 | Ser AGT   1   1   1   1   1   1
    ATC   1   1   1   1   1   1 |     ACC   1   1   1   1   1   1 |     AAC   0   0   0   0   0   0 |     AGC   1   1   1   1   1   1
    ATA   0   0   0   0   0   0 |     ACA   1   1   1   1   1   1 | Lys AAA   1   1   1   1   1   1 | Arg AGA   0   0   0   0   0   0
Met ATG   4   4   4   4   4   4 |     ACG   0   0   0   0   0   0 |     AAG   2   2   2   2   2   2 |     AGG   1   1   1   1   1   1
--------------------------------------------------------------------------------------------------------------------------------------
Val GTT   1   1   1   1   1   1 | Ala GCT   0   0   0   0   0   0 | Asp GAT   1   1   1   1   2   1 | Gly GGT   0   0   0   0   0   0
    GTC   0   0   0   0   0   0 |     GCC   2   2   2   2   2   2 |     GAC   2   2   2   2   1   2 |     GGC   0   0   0   0   0   0
    GTA   1   1   1   1   1   1 |     GCA   1   1   1   1   1   1 | Glu GAA   2   2   2   2   2   2 |     GGA   0   0   0   0   0   0
    GTG   1   1   1   1   1   1 |     GCG   1   1   1   1   1   1 |     GAG   3   3   3   3   3   3 |     GGG   2   2   2   2   2   2
--------------------------------------------------------------------------------------------------------------------------------------

--------------------------------------------------------------------------------------------------------------------------------------
Phe TTT   1   1   1   1   1   1 | Ser TCT   1   1   1   1   1   1 | Tyr TAT   0   0   0   0   0   0 | Cys TGT   0   0   0   0   0   0
    TTC   0   0   0   0   0   0 |     TCC   0   0   0   0   0   0 |     TAC   0   0   0   0   0   0 |     TGC   0   0   0   0   0   0
Leu TTA   0   0   0   0   0   0 |     TCA   0   0   0   0   0   0 | *** TAA   0   0   0   0   0   0 | *** TGA   0   0   0   0   0   0
    TTG   1   1   0   0   0   0 |     TCG   0   0   0   0   0   0 |     TAG   0   0   0   0   0   0 | Trp TGG   0   0   0   0   0   0
--------------------------------------------------------------------------------------------------------------------------------------
Leu CTT   0   0   0   0   0   0 | Pro CCT   0   0   0   0   0   0 | His CAT   0   0   0   0   0   0 | Arg CGT   0   0   0   0   0   0
    CTC   2   2   2   2   2   2 |     CCC   0   0   0   0   0   0 |     CAC   1   1   1   1   1   1 |     CGC   0   0   0   0   0   0
    CTA   0   0   0   0   1   0 |     CCA   1   1   1   1   1   1 | Gln CAA   0   0   0   0   0   0 |     CGA   0   0   0   0   0   0
    CTG   5   5   6   6   5   5 |     CCG   0   0   0   0   0   0 |     CAG   4   4   4   4   4   4 |     CGG   0   0   0   0   0   0
--------------------------------------------------------------------------------------------------------------------------------------
Ile ATT   1   1   1   1   1   1 | Thr ACT   1   1   0   1   1   1 | Asn AAT   0   0   0   0   0   0 | Ser AGT   1   0   1   1   1   1
    ATC   1   1   1   1   1   1 |     ACC   1   1   2   1   1   1 |     AAC   0   0   0   0   0   0 |     AGC   1   2   1   1   1   1
    ATA   0   0   0   0   0   0 |     ACA   1   1   1   1   1   1 | Lys AAA   1   1   1   1   1   1 | Arg AGA   0   0   0   0   0   0
Met ATG   4   4   3   4   4   4 |     ACG   0   0   1   0   0   0 |     AAG   2   2   2   2   2   2 |     AGG   1   1   1   1   1   1
--------------------------------------------------------------------------------------------------------------------------------------
Val GTT   1   1   1   1   1   1 | Ala GCT   0   0   0   0   0   0 | Asp GAT   1   1   1   1   1   1 | Gly GGT   0   0   0   0   0   0
    GTC   0   0   0   0   0   0 |     GCC   2   2   2   1   2   2 |     GAC   2   2   2   2   2   2 |     GGC   0   0   0   0   0   0
    GTA   1   1   1   1   1   1 |     GCA   0   1   1   3   1   1 | Glu GAA   3   3   2   2   2   2 |     GGA   0   0   0   0   0   0
    GTG   1   1   1   1   1   2 |     GCG   2   1   1   0   1   1 |     GAG   2   2   3   3   3   3 |     GGG   2   2   2   2   2   2
--------------------------------------------------------------------------------------------------------------------------------------

--------------------------------------------------------------------------------------------------------------------------------------
Phe TTT   1   1   1   1   1   1 | Ser TCT   1   1   1   1   1   1 | Tyr TAT   0   0   0   0   0   0 | Cys TGT   0   0   0   0   0   0
    TTC   0   0   0   0   0   0 |     TCC   0   0   0   0   0   0 |     TAC   0   0   0   0   0   0 |     TGC   0   0   0   0   0   0
Leu TTA   0   0   0   0   0   0 |     TCA   0   0   0   0   0   0 | *** TAA   0   0   0   0   0   0 | *** TGA   0   0   0   0   0   0
    TTG   0   1   0   0   0   0 |     TCG   0   0   0   0   0   0 |     TAG   0   0   0   0   0   0 | Trp TGG   0   0   0   0   0   0
--------------------------------------------------------------------------------------------------------------------------------------
Leu CTT   0   0   0   0   0   0 | Pro CCT   0   0   0   0   0   0 | His CAT   0   0   0   0   0   0 | Arg CGT   0   0   0   0   0   0
    CTC   2   2   2   2   2   2 |     CCC   0   0   0   0   0   0 |     CAC   1   1   1   1   1   1 |     CGC   0   0   0   0   0   0
    CTA   0   0   0   1   0   0 |     CCA   1   1   1   1   1   1 | Gln CAA   0   0   0   0   1   0 |     CGA   0   0   0   0   0   0
    CTG   6   5   6   5   6   6 |     CCG   0   0   0   0   0   0 |     CAG   4   4   4   4   3   4 |     CGG   0   0   0   0   0   0
--------------------------------------------------------------------------------------------------------------------------------------
Ile ATT   1   1   1   1   1   1 | Thr ACT   1   1   1   1   1   1 | Asn AAT   0   0   0   0   0   0 | Ser AGT   1   1   1   1   1   1
    ATC   1   1   1   1   1   1 |     ACC   1   1   1   1   1   1 |     AAC   0   0   0   0   0   0 |     AGC   1   1   1   1   1   1
    ATA   0   0   0   0   0   0 |     ACA   1   1   1   1   1   1 | Lys AAA   1   1   1   1   1   1 | Arg AGA   0   0   0   0   0   0
Met ATG   4   4   4   4   4   4 |     ACG   0   0   0   0   0   0 |     AAG   2   2   2   2   2   2 |     AGG   1   1   1   1   1   1
--------------------------------------------------------------------------------------------------------------------------------------
Val GTT   1   1   1   1   1   1 | Ala GCT   0   0   0   0   0   0 | Asp GAT   1   1   1   1   1   1 | Gly GGT   0   0   0   0   0   0
    GTC   0   0   0   0   0   0 |     GCC   2   2   2   2   2   2 |     GAC   2   2   2   2   2   2 |     GGC   0   0   0   0   0   0
    GTA   1   1   1   1   1   1 |     GCA   0   0   1   1   1   2 | Glu GAA   2   2   2   2   2   2 |     GGA   0   0   0   0   0   0
    GTG   1   1   1   1   1   1 |     GCG   2   2   1   1   1   0 |     GAG   3   4   3   3   3   3 |     GGG   2   1   2   2   2   2
--------------------------------------------------------------------------------------------------------------------------------------

--------------------------------------------------------------------------------------------------------------------------------------
Phe TTT   1   1   1   1   1   1 | Ser TCT   1   1   1   1   1   1 | Tyr TAT   0   0   0   0   0   0 | Cys TGT   0   0   0   0   0   0
    TTC   0   0   0   0   0   0 |     TCC   0   0   0   0   0   0 |     TAC   0   0   0   0   0   0 |     TGC   0   0   0   0   0   0
Leu TTA   0   0   0   0   0   0 |     TCA   0   0   0   0   0   0 | *** TAA   0   0   0   0   0   0 | *** TGA   0   0   0   0   0   0
    TTG   0   0   0   0   1   0 |     TCG   0   0   0   0   0   0 |     TAG   0   0   0   0   0   0 | Trp TGG   0   0   0   0   0   0
--------------------------------------------------------------------------------------------------------------------------------------
Leu CTT   0   0   0   0   0   0 | Pro CCT   0   0   0   0   0   0 | His CAT   0   0   0   0   0   0 | Arg CGT   0   0   0   0   0   0
    CTC   2   2   2   2   2   2 |     CCC   0   0   0   0   0   0 |     CAC   1   1   1   1   1   1 |     CGC   0   0   0   0   0   0
    CTA   1   0   0   0   0   0 |     CCA   1   1   1   1   1   1 | Gln CAA   0   0   0   0   0   1 |     CGA   0   0   0   0   0   0
    CTG   5   6   6   6   5   6 |     CCG   0   0   0   0   0   0 |     CAG   4   4   4   4   4   3 |     CGG   0   0   0   0   0   0
--------------------------------------------------------------------------------------------------------------------------------------
Ile ATT   1   1   1   1   1   1 | Thr ACT   1   1   0   1   1   1 | Asn AAT   0   0   0   0   0   0 | Ser AGT   1   1   1   1   1   1
    ATC   1   1   1   1   1   1 |     ACC   1   1   1   1   1   1 |     AAC   0   0   0   0   0   0 |     AGC   1   1   1   1   1   1
    ATA   0   0   0   0   0   0 |     ACA   1   1   2   1   1   1 | Lys AAA   1   1   1   1   1   1 | Arg AGA   0   0   0   0   0   0
Met ATG   4   4   4   4   4   4 |     ACG   0   0   0   0   0   0 |     AAG   2   2   2   2   2   2 |     AGG   1   1   1   1   1   1
--------------------------------------------------------------------------------------------------------------------------------------
Val GTT   1   1   1   1   1   1 | Ala GCT   0   1   0   0   2   0 | Asp GAT   1   1   1   1   1   1 | Gly GGT   0   0   0   0   0   0
    GTC   0   0   0   0   0   0 |     GCC   2   1   2   2   1   2 |     GAC   2   2   2   2   2   2 |     GGC   0   0   0   0   0   0
    GTA   1   1   1   1   1   1 |     GCA   1   2   0   1   0   2 | Glu GAA   2   2   2   2   2   2 |     GGA   0   0   0   0   0   0
    GTG   1   1   1   1   1   1 |     GCG   1   0   2   1   2   0 |     GAG   3   3   3   3   3   3 |     GGG   2   2   2   2   1   2
--------------------------------------------------------------------------------------------------------------------------------------

--------------------------------------------------------------------------------------------------------------------------------------
Phe TTT   1   1   1   1   1   1 | Ser TCT   1   1   1   1   1   1 | Tyr TAT   0   0   0   0   0   0 | Cys TGT   0   0   0   0   0   0
    TTC   0   0   0   0   0   0 |     TCC   0   0   0   0   0   0 |     TAC   0   0   0   0   0   0 |     TGC   0   0   0   0   0   0
Leu TTA   0   0   0   0   0   0 |     TCA   0   0   0   0   0   0 | *** TAA   0   0   0   0   0   0 | *** TGA   0   0   0   0   0   0
    TTG   0   0   0   0   0   0 |     TCG   0   0   0   0   0   0 |     TAG   0   0   0   0   0   0 | Trp TGG   0   0   0   0   0   0
--------------------------------------------------------------------------------------------------------------------------------------
Leu CTT   0   0   0   0   0   0 | Pro CCT   0   0   0   0   0   0 | His CAT   0   0   0   0   0   0 | Arg CGT   0   0   0   0   0   0
    CTC   2   2   2   2   2   2 |     CCC   0   0   0   0   0   0 |     CAC   1   1   1   1   1   1 |     CGC   0   0   0   0   0   0
    CTA   0   0   0   0   0   0 |     CCA   1   1   1   1   1   1 | Gln CAA   1   0   0   0   0   0 |     CGA   0   0   0   0   0   0
    CTG   6   6   6   6   6   6 |     CCG   0   0   0   0   0   0 |     CAG   3   4   4   4   4   4 |     CGG   0   0   0   0   0   0
--------------------------------------------------------------------------------------------------------------------------------------
Ile ATT   1   1   1   1   1   1 | Thr ACT   1   1   1   1   1   1 | Asn AAT   0   0   0   0   0   0 | Ser AGT   1   1   1   1   1   1
    ATC   1   1   1   1   1   1 |     ACC   1   1   1   1   1   1 |     AAC   0   0   0   0   0   0 |     AGC   1   1   1   1   1   1
    ATA   0   1   0   0   0   0 |     ACA   1   1   1   1   1   1 | Lys AAA   1   1   1   1   1   1 | Arg AGA   0   0   0   0   0   0
Met ATG   4   3   4   4   4   4 |     ACG   0   0   0   0   0   0 |     AAG   2   2   2   2   2   2 |     AGG   1   1   1   1   1   1
--------------------------------------------------------------------------------------------------------------------------------------
Val GTT   1   1   1   1   1   1 | Ala GCT   0   0   0   0   0   0 | Asp GAT   1   1   1   1   1   1 | Gly GGT   0   0   0   0   0   0
    GTC   0   0   0   0   0   0 |     GCC   2   2   2   2   2   2 |     GAC   2   2   1   2   2   2 |     GGC   0   0   0   0   0   0
    GTA   1   1   1   1   1   1 |     GCA   1   1   1   1   1   0 | Glu GAA   2   2   2   2   2   2 |     GGA   0   0   0   0   0   0
    GTG   1   1   1   1   1   1 |     GCG   1   1   1   1   1   2 |     GAG   3   3   4   3   3   3 |     GGG   2   2   2   2   2   2
--------------------------------------------------------------------------------------------------------------------------------------

--------------------------------------------------------------------------------------------------------------------------------------
Phe TTT   1   1   1   1   1   1 | Ser TCT   1   1   1   1   1   1 | Tyr TAT   0   0   0   0   0   0 | Cys TGT   0   0   0   0   0   0
    TTC   0   0   0   0   0   0 |     TCC   0   0   0   0   0   0 |     TAC   0   0   0   0   0   0 |     TGC   0   0   0   0   0   0
Leu TTA   0   0   0   0   0   0 |     TCA   0   0   0   0   0   0 | *** TAA   0   0   0   0   0   0 | *** TGA   0   0   0   0   0   0
    TTG   0   0   0   1   0   0 |     TCG   0   0   0   0   0   0 |     TAG   0   0   0   0   0   0 | Trp TGG   0   0   0   0   0   0
--------------------------------------------------------------------------------------------------------------------------------------
Leu CTT   0   0   0   0   0   0 | Pro CCT   0   0   0   0   0   0 | His CAT   0   0   0   0   0   0 | Arg CGT   0   0   0   0   0   0
    CTC   2   2   2   2   2   2 |     CCC   0   0   0   0   0   0 |     CAC   1   1   1   1   1   1 |     CGC   0   0   0   0   0   0
    CTA   0   1   0   0   0   0 |     CCA   1   1   1   1   1   1 | Gln CAA   0   0   0   0   0   0 |     CGA   0   0   0   0   0   0
    CTG   6   5   6   5   6   6 |     CCG   0   0   0   0   0   0 |     CAG   4   4   4   4   4   4 |     CGG   0   0   0   0   0   0
--------------------------------------------------------------------------------------------------------------------------------------
Ile ATT   1   2   1   2   1   1 | Thr ACT   1   1   0   0   1   1 | Asn AAT   0   0   0   0   0   0 | Ser AGT   1   1   1   1   1   1
    ATC   1   1   1   1   1   1 |     ACC   1   1   1   2   1   1 |     AAC   0   0   0   0   0   0 |     AGC   1   1   1   1   1   1
    ATA   0   0   0   0   0   0 |     ACA   1   1   2   1   1   1 | Lys AAA   1   1   1   1   1   1 | Arg AGA   0   0   0   0   0   0
Met ATG   4   3   4   4   4   4 |     ACG   0   0   0   0   0   0 |     AAG   2   2   2   2   2   2 |     AGG   1   1   1   1   1   1
--------------------------------------------------------------------------------------------------------------------------------------
Val GTT   1   1   1   0   1   1 | Ala GCT   0   0   0   0   0   0 | Asp GAT   1   1   1   1   1   1 | Gly GGT   0   0   0   0   0   0
    GTC   0   0   0   0   0   0 |     GCC   2   2   2   2   2   2 |     GAC   2   2   2   2   2   2 |     GGC   0   0   0   0   0   0
    GTA   1   1   1   1   1   1 |     GCA   0   1   0   0   1   1 | Glu GAA   2   2   2   2   2   2 |     GGA   0   0   0   0   0   0
    GTG   1   1   1   1   1   1 |     GCG   2   1   2   2   1   1 |     GAG   3   3   3   3   3   3 |     GGG   2   2   2   2   2   2
--------------------------------------------------------------------------------------------------------------------------------------

--------------------------------------------------------------------------------------------------------------------------------------
Phe TTT   1   1   1   1   1   1 | Ser TCT   1   1   1   1   1   1 | Tyr TAT   0   0   0   0   0   0 | Cys TGT   0   0   0   0   0   0
    TTC   0   0   0   0   0   0 |     TCC   0   0   0   0   0   0 |     TAC   0   0   0   0   0   0 |     TGC   0   0   0   0   0   0
Leu TTA   0   0   0   0   0   0 |     TCA   0   0   0   0   0   0 | *** TAA   0   0   0   0   0   0 | *** TGA   0   0   0   0   0   0
    TTG   1   0   0   0   0   0 |     TCG   0   0   0   0   0   0 |     TAG   0   0   0   0   0   0 | Trp TGG   0   0   0   0   0   0
--------------------------------------------------------------------------------------------------------------------------------------
Leu CTT   0   0   0   0   0   0 | Pro CCT   0   0   0   0   0   0 | His CAT   0   0   0   0   0   0 | Arg CGT   0   0   0   0   0   0
    CTC   2   2   2   2   2   2 |     CCC   0   0   0   0   0   0 |     CAC   1   1   1   1   1   1 |     CGC   0   0   0   0   0   0
    CTA   0   0   0   0   0   0 |     CCA   1   1   1   1   1   1 | Gln CAA   0   0   0   0   0   0 |     CGA   0   0   0   0   0   0
    CTG   5   6   6   6   6   6 |     CCG   0   0   0   0   0   0 |     CAG   4   4   4   4   4   4 |     CGG   0   0   0   0   0   0
--------------------------------------------------------------------------------------------------------------------------------------
Ile ATT   1   1   1   1   1   1 | Thr ACT   1   1   0   1   1   1 | Asn AAT   0   0   0   0   0   0 | Ser AGT   1   1   1   1   1   1
    ATC   1   1   1   1   1   1 |     ACC   1   1   1   1   1   1 |     AAC   0   0   0   0   0   0 |     AGC   1   1   1   1   1   1
    ATA   0   0   0   0   0   0 |     ACA   0   1   1   1   1   1 | Lys AAA   1   1   1   1   1   1 | Arg AGA   0   0   0   0   0   0
Met ATG   4   4   4   4   4   4 |     ACG   1   0   0   0   0   0 |     AAG   2   2   2   2   2   2 |     AGG   1   1   1   1   1   1
--------------------------------------------------------------------------------------------------------------------------------------
Val GTT   1   1   1   1   1   1 | Ala GCT   0   0   1   0   0   0 | Asp GAT   1   1   1   1   1   1 | Gly GGT   0   0   1   0   0   0
    GTC   0   0   0   0   0   0 |     GCC   2   2   2   1   2   2 |     GAC   2   2   2   2   2   2 |     GGC   0   0   0   0   0   0
    GTA   1   1   1   2   1   1 |     GCA   1   1   1   1   2   2 | Glu GAA   2   2   2   2   2   2 |     GGA   0   0   0   0   0   0
    GTG   1   1   1   0   1   1 |     GCG   1   1   1   2   0   0 |     GAG   3   3   3   3   3   3 |     GGG   2   2   1   2   2   2
--------------------------------------------------------------------------------------------------------------------------------------

Codon position x base (3x4) table for each sequence.

#1: Argali         
position  1:    T:0.04167    C:0.29167    A:0.31250    G:0.35417
position  2:    T:0.37500    C:0.18750    A:0.33333    G:0.10417
position  3:    T:0.14583    C:0.20833    A:0.12500    G:0.52083
Average         T:0.18750    C:0.22917    A:0.25694    G:0.32639

#2: LesserMouseDeer
position  1:    T:0.06250    C:0.27083    A:0.31250    G:0.35417
position  2:    T:0.37500    C:0.18750    A:0.33333    G:0.10417
position  3:    T:0.14583    C:0.25000    A:0.16667    G:0.43750
Average         T:0.19444    C:0.23611    A:0.27083    G:0.29861

#3: LesserKudu     
position  1:    T:0.04167    C:0.29167    A:0.31250    G:0.35417
position  2:    T:0.37500    C:0.18750    A:0.33333    G:0.10417
position  3:    T:0.14583    C:0.20833    A:0.16667    G:0.47917
Average         T:0.18750    C:0.22917    A:0.27083    G:0.31250

#4: ForestMuskDeer2
position  1:    T:0.04167    C:0.29167    A:0.31250    G:0.35417
position  2:    T:0.37500    C:0.18750    A:0.33333    G:0.10417
position  3:    T:0.14583    C:0.18750    A:0.16667    G:0.50000
Average         T:0.18750    C:0.22222    A:0.27083    G:0.31944

#5: Camel          
position  1:    T:0.04167    C:0.27083    A:0.29167    G:0.39583
position  2:    T:0.37500    C:0.20833    A:0.33333    G:0.08333
position  3:    T:0.12500    C:0.22917    A:0.12500    G:0.52083
Average         T:0.18056    C:0.23611    A:0.25000    G:0.33333

#6: KillerWhale    
position  1:    T:0.04167    C:0.29167    A:0.31250    G:0.35417
position  2:    T:0.37500    C:0.18750    A:0.35417    G:0.08333
position  3:    T:0.16667    C:0.18750    A:0.12500    G:0.52083
Average         T:0.19444    C:0.22222    A:0.26389    G:0.31944

#7: DefassaWaterbuck
position  1:    T:0.04167    C:0.29167    A:0.31250    G:0.35417
position  2:    T:0.37500    C:0.18750    A:0.33333    G:0.10417
position  3:    T:0.14583    C:0.20833    A:0.14583    G:0.50000
Average         T:0.18750    C:0.22917    A:0.26389    G:0.31944

#8: Sheep          
position  1:    T:0.04167    C:0.29167    A:0.31250    G:0.35417
position  2:    T:0.37500    C:0.18750    A:0.33333    G:0.10417
position  3:    T:0.14583    C:0.20833    A:0.12500    G:0.52083
Average         T:0.18750    C:0.22917    A:0.25694    G:0.32639

#9: MaxwellsDuiker 
position  1:    T:0.04167    C:0.29167    A:0.31250    G:0.35417
position  2:    T:0.37500    C:0.18750    A:0.33333    G:0.10417
position  3:    T:0.14583    C:0.20833    A:0.14583    G:0.50000
Average         T:0.18750    C:0.22917    A:0.26389    G:0.31944

#10: GazellaPrzewalskyi
position  1:    T:0.06250    C:0.27083    A:0.31250    G:0.35417
position  2:    T:0.37500    C:0.18750    A:0.33333    G:0.10417
position  3:    T:0.14583    C:0.20833    A:0.14583    G:0.50000
Average         T:0.19444    C:0.22222    A:0.26389    G:0.31944

#11: MountainNyala  
position  1:    T:0.04167    C:0.29167    A:0.31250    G:0.35417
position  2:    T:0.37500    C:0.18750    A:0.33333    G:0.10417
position  3:    T:0.14583    C:0.20833    A:0.16667    G:0.47917
Average         T:0.18750    C:0.22917    A:0.27083    G:0.31250

#12: MuntiacusMuntjak
position  1:    T:0.04167    C:0.29167    A:0.31250    G:0.35417
position  2:    T:0.37500    C:0.18750    A:0.33333    G:0.10417
position  3:    T:0.12500    C:0.20833    A:0.14583    G:0.52083
Average         T:0.18056    C:0.22917    A:0.26389    G:0.32639

#13: goat           
position  1:    T:0.04167    C:0.29167    A:0.31250    G:0.35417
position  2:    T:0.37500    C:0.18750    A:0.33333    G:0.10417
position  3:    T:0.14583    C:0.20833    A:0.14583    G:0.50000
Average         T:0.18750    C:0.22917    A:0.26389    G:0.31944

#14: AfricanBuffalo 
position  1:    T:0.04167    C:0.29167    A:0.31250    G:0.35417
position  2:    T:0.37500    C:0.18750    A:0.33333    G:0.10417
position  3:    T:0.14583    C:0.20833    A:0.14583    G:0.50000
Average         T:0.18750    C:0.22917    A:0.26389    G:0.31944

#15: Topi           
position  1:    T:0.04167    C:0.29167    A:0.31250    G:0.35417
position  2:    T:0.37500    C:0.18750    A:0.33333    G:0.10417
position  3:    T:0.14583    C:0.20833    A:0.16667    G:0.47917
Average         T:0.18750    C:0.22917    A:0.27083    G:0.31250

#16: CommonDuiker   
position  1:    T:0.04167    C:0.29167    A:0.31250    G:0.35417
position  2:    T:0.37500    C:0.18750    A:0.33333    G:0.10417
position  3:    T:0.14583    C:0.20833    A:0.14583    G:0.50000
Average         T:0.18750    C:0.22917    A:0.26389    G:0.31944

#17: Suni           
position  1:    T:0.04167    C:0.29167    A:0.31250    G:0.35417
position  2:    T:0.37500    C:0.18750    A:0.33333    G:0.10417
position  3:    T:0.16667    C:0.18750    A:0.14583    G:0.50000
Average         T:0.19444    C:0.22222    A:0.26389    G:0.31944

#18: Springbuck     
position  1:    T:0.04167    C:0.29167    A:0.31250    G:0.35417
position  2:    T:0.37500    C:0.18750    A:0.33333    G:0.10417
position  3:    T:0.14583    C:0.20833    A:0.16667    G:0.47917
Average         T:0.18750    C:0.22917    A:0.27083    G:0.31250

#19: Okapi          
position  1:    T:0.06250    C:0.27083    A:0.31250    G:0.35417
position  2:    T:0.37500    C:0.18750    A:0.33333    G:0.10417
position  3:    T:0.14583    C:0.20833    A:0.14583    G:0.50000
Average         T:0.19444    C:0.22222    A:0.26389    G:0.31944

#20: Giraffe        
position  1:    T:0.06250    C:0.27083    A:0.31250    G:0.35417
position  2:    T:0.37500    C:0.18750    A:0.33333    G:0.10417
position  3:    T:0.12500    C:0.22917    A:0.16667    G:0.47917
Average         T:0.18750    C:0.22917    A:0.27083    G:0.31250

#21: TibetanAntelope
position  1:    T:0.04167    C:0.29167    A:0.31250    G:0.35417
position  2:    T:0.35417    C:0.20833    A:0.33333    G:0.10417
position  3:    T:0.12500    C:0.22917    A:0.14583    G:0.50000
Average         T:0.17361    C:0.24306    A:0.26389    G:0.31944

#22: Sitatunga      
position  1:    T:0.04167    C:0.29167    A:0.31250    G:0.35417
position  2:    T:0.37500    C:0.18750    A:0.33333    G:0.10417
position  3:    T:0.14583    C:0.18750    A:0.18750    G:0.47917
Average         T:0.18750    C:0.22222    A:0.27778    G:0.31250

#23: Oribi          
position  1:    T:0.04167    C:0.29167    A:0.31250    G:0.35417
position  2:    T:0.37500    C:0.18750    A:0.33333    G:0.10417
position  3:    T:0.14583    C:0.20833    A:0.16667    G:0.47917
Average         T:0.18750    C:0.22917    A:0.27083    G:0.31250

#24: BarbarySheep   
position  1:    T:0.04167    C:0.27083    A:0.31250    G:0.37500
position  2:    T:0.37500    C:0.18750    A:0.33333    G:0.10417
position  3:    T:0.14583    C:0.20833    A:0.14583    G:0.50000
Average         T:0.18750    C:0.22222    A:0.26389    G:0.32639

#25: Daviddeer      
position  1:    T:0.04167    C:0.29167    A:0.31250    G:0.35417
position  2:    T:0.37500    C:0.18750    A:0.33333    G:0.10417
position  3:    T:0.14583    C:0.20833    A:0.12500    G:0.52083
Average         T:0.18750    C:0.22917    A:0.25694    G:0.32639

#26: Reindeer       
position  1:    T:0.06250    C:0.27083    A:0.31250    G:0.35417
position  2:    T:0.37500    C:0.18750    A:0.35417    G:0.08333
position  3:    T:0.14583    C:0.20833    A:0.12500    G:0.52083
Average         T:0.19444    C:0.22222    A:0.26389    G:0.31944

#27: Ibex           
position  1:    T:0.04167    C:0.29167    A:0.31250    G:0.35417
position  2:    T:0.37500    C:0.18750    A:0.33333    G:0.10417
position  3:    T:0.14583    C:0.20833    A:0.14583    G:0.50000
Average         T:0.18750    C:0.22917    A:0.26389    G:0.31944

#28: GyrantGazelle  
position  1:    T:0.04167    C:0.29167    A:0.31250    G:0.35417
position  2:    T:0.37500    C:0.18750    A:0.33333    G:0.10417
position  3:    T:0.14583    C:0.20833    A:0.16667    G:0.47917
Average         T:0.18750    C:0.22917    A:0.27083    G:0.31250

#29: Hartebeest     
position  1:    T:0.04167    C:0.29167    A:0.31250    G:0.35417
position  2:    T:0.37500    C:0.18750    A:0.33333    G:0.10417
position  3:    T:0.14583    C:0.20833    A:0.16667    G:0.47917
Average         T:0.18750    C:0.22917    A:0.27083    G:0.31250

#30: Bongo          
position  1:    T:0.04167    C:0.29167    A:0.31250    G:0.35417
position  2:    T:0.37500    C:0.18750    A:0.33333    G:0.10417
position  3:    T:0.14583    C:0.20833    A:0.16667    G:0.47917
Average         T:0.18750    C:0.22917    A:0.27083    G:0.31250

#31: Gerenuk        
position  1:    T:0.04167    C:0.29167    A:0.31250    G:0.35417
position  2:    T:0.37500    C:0.18750    A:0.33333    G:0.10417
position  3:    T:0.14583    C:0.20833    A:0.16667    G:0.47917
Average         T:0.18750    C:0.22917    A:0.27083    G:0.31250

#32: CommonEland    
position  1:    T:0.04167    C:0.29167    A:0.31250    G:0.35417
position  2:    T:0.37500    C:0.18750    A:0.33333    G:0.10417
position  3:    T:0.16667    C:0.18750    A:0.16667    G:0.47917
Average         T:0.19444    C:0.22222    A:0.27083    G:0.31250

#33: MuntiacusReevesi
position  1:    T:0.04167    C:0.29167    A:0.31250    G:0.35417
position  2:    T:0.37500    C:0.18750    A:0.33333    G:0.10417
position  3:    T:0.12500    C:0.20833    A:0.14583    G:0.52083
Average         T:0.18056    C:0.22917    A:0.26389    G:0.32639

#34: HarveysDuiker  
position  1:    T:0.04167    C:0.29167    A:0.31250    G:0.35417
position  2:    T:0.37500    C:0.18750    A:0.33333    G:0.10417
position  3:    T:0.14583    C:0.20833    A:0.14583    G:0.50000
Average         T:0.18750    C:0.22917    A:0.26389    G:0.31944

#35: Pronghorn      
position  1:    T:0.06250    C:0.27083    A:0.31250    G:0.35417
position  2:    T:0.37500    C:0.20833    A:0.33333    G:0.08333
position  3:    T:0.18750    C:0.18750    A:0.12500    G:0.50000
Average         T:0.20833    C:0.22222    A:0.25694    G:0.31250

#36: BlueWildebeest 
position  1:    T:0.04167    C:0.29167    A:0.31250    G:0.35417
position  2:    T:0.37500    C:0.18750    A:0.33333    G:0.10417
position  3:    T:0.14583    C:0.20833    A:0.18750    G:0.45833
Average         T:0.18750    C:0.22917    A:0.27778    G:0.30556

#37: Gemsbok        
position  1:    T:0.04167    C:0.29167    A:0.31250    G:0.35417
position  2:    T:0.37500    C:0.18750    A:0.33333    G:0.10417
position  3:    T:0.14583    C:0.20833    A:0.16667    G:0.47917
Average         T:0.18750    C:0.22917    A:0.27083    G:0.31250

#38: Yak            
position  1:    T:0.04167    C:0.29167    A:0.31250    G:0.35417
position  2:    T:0.37500    C:0.18750    A:0.33333    G:0.10417
position  3:    T:0.14583    C:0.20833    A:0.16667    G:0.47917
Average         T:0.18750    C:0.22917    A:0.27083    G:0.31250

#39: BlueSheep      
position  1:    T:0.04167    C:0.29167    A:0.31250    G:0.35417
position  2:    T:0.37500    C:0.18750    A:0.33333    G:0.10417
position  3:    T:0.14583    C:0.18750    A:0.14583    G:0.52083
Average         T:0.18750    C:0.22222    A:0.26389    G:0.32639

#40: BohorReedbuck  
position  1:    T:0.04167    C:0.29167    A:0.31250    G:0.35417
position  2:    T:0.37500    C:0.18750    A:0.33333    G:0.10417
position  3:    T:0.14583    C:0.20833    A:0.14583    G:0.50000
Average         T:0.18750    C:0.22917    A:0.26389    G:0.31944

#41: KirksDik       
position  1:    T:0.04167    C:0.29167    A:0.31250    G:0.35417
position  2:    T:0.37500    C:0.18750    A:0.33333    G:0.10417
position  3:    T:0.14583    C:0.20833    A:0.14583    G:0.50000
Average         T:0.18750    C:0.22917    A:0.26389    G:0.31944

#42: RoeDeer        
position  1:    T:0.04167    C:0.29167    A:0.31250    G:0.35417
position  2:    T:0.37500    C:0.18750    A:0.33333    G:0.10417
position  3:    T:0.14583    C:0.20833    A:0.12500    G:0.52083
Average         T:0.18750    C:0.22917    A:0.25694    G:0.32639

#43: WhiteLippedDeer
position  1:    T:0.04167    C:0.29167    A:0.31250    G:0.35417
position  2:    T:0.37500    C:0.18750    A:0.33333    G:0.10417
position  3:    T:0.14583    C:0.20833    A:0.12500    G:0.52083
Average         T:0.18750    C:0.22917    A:0.25694    G:0.32639

#44: ThomsonGazelle 
position  1:    T:0.04167    C:0.29167    A:0.31250    G:0.35417
position  2:    T:0.37500    C:0.18750    A:0.33333    G:0.10417
position  3:    T:0.16667    C:0.20833    A:0.16667    G:0.45833
Average         T:0.19444    C:0.22917    A:0.27083    G:0.30556

#45: MuntiacusCrinifrons
position  1:    T:0.04167    C:0.29167    A:0.31250    G:0.35417
position  2:    T:0.37500    C:0.18750    A:0.33333    G:0.10417
position  3:    T:0.12500    C:0.20833    A:0.14583    G:0.52083
Average         T:0.18056    C:0.22917    A:0.26389    G:0.32639

#46: WhiteTailedDeer
position  1:    T:0.06250    C:0.27083    A:0.33333    G:0.33333
position  2:    T:0.37500    C:0.18750    A:0.33333    G:0.10417
position  3:    T:0.12500    C:0.22917    A:0.12500    G:0.52083
Average         T:0.18750    C:0.22917    A:0.26389    G:0.31944

#47: Cattle         
position  1:    T:0.04167    C:0.29167    A:0.31250    G:0.35417
position  2:    T:0.37500    C:0.18750    A:0.33333    G:0.10417
position  3:    T:0.14583    C:0.20833    A:0.14583    G:0.50000
Average         T:0.18750    C:0.22917    A:0.26389    G:0.31944

#48: RoyalAntelope  
position  1:    T:0.04167    C:0.29167    A:0.31250    G:0.35417
position  2:    T:0.37500    C:0.18750    A:0.33333    G:0.10417
position  3:    T:0.14583    C:0.20833    A:0.14583    G:0.50000
Average         T:0.18750    C:0.22917    A:0.26389    G:0.31944

#49: Steenbok       
position  1:    T:0.06250    C:0.27083    A:0.31250    G:0.35417
position  2:    T:0.37500    C:0.18750    A:0.33333    G:0.10417
position  3:    T:0.14583    C:0.20833    A:0.12500    G:0.52083
Average         T:0.19444    C:0.22222    A:0.25694    G:0.32639

#50: Impala         
position  1:    T:0.04167    C:0.29167    A:0.31250    G:0.35417
position  2:    T:0.37500    C:0.18750    A:0.33333    G:0.10417
position  3:    T:0.14583    C:0.20833    A:0.14583    G:0.50000
Average         T:0.18750    C:0.22917    A:0.26389    G:0.31944

#51: Klipspringer   
position  1:    T:0.04167    C:0.29167    A:0.29167    G:0.37500
position  2:    T:0.37500    C:0.18750    A:0.33333    G:0.10417
