1
52 1
Argali 0.000000 0.269900 0.112500 0.148900 0.058900 0.008100 0.033500 0.051000 0.076200 0.051900 0.007800 0.077600 0.092100 0.033500 0.085200 0.060300 0.076500 0.096800 0.016500 0.084700 0.033600 0.000000 0.061000 0.107100 0.008100 0.114700 0.083900 0.093300 0.077300 0.084800 0.051800 0.050400 0.069900 0.084000 0.068600 0.083800 0.032700 0.059200 0.033700 0.060700 0.061200 0.068500 0.051800 0.107900 0.056000 0.059900 0.138600 0.040400 0.042000 0.085300 0.084700 0.093500
LesserMous 0.269900 0.000000 0.335100 0.229200 0.288200 0.282200 0.281400 0.293900 0.298900 0.221700 0.281300 0.281700 0.334700 0.281700 0.324100 0.295200 0.264700 0.251900 0.283100 0.329600 0.278800 0.271800 0.211000 0.266300 0.281000 0.307000 0.325800 0.339100 0.313400 0.329700 0.221200 0.300900 0.254700 0.313200 0.282900 0.309900 0.289300 0.286800 0.238000 0.231900 0.233500 0.317200 0.221200 0.234000 0.276900 0.295300 0.323500 0.281300 0.269400 0.275600 0.308700 0.320100
LesserKudu 0.112500 0.335100 0.000000 0.208200 0.122000 0.122300 0.094100 0.094400 0.032600 0.133800 0.121900 0.067300 0.154800 0.094200 0.149100 0.104300 0.160400 0.142400 0.094900 0.040800 0.094400 0.113200 0.143600 0.193200 0.121900 0.139800 0.146600 0.049000 0.112500 0.040800 0.133500 0.110200 0.133800 0.127300 0.131700 0.076200 0.120800 0.122500 0.113000 0.124200 0.144400 0.112600 0.133500 0.173600 0.067000 0.122600 0.188800 0.083100 0.103100 0.151200 0.024300 0.016100
KillerWhal 0.148900 0.229200 0.208200 0.000000 0.178600 0.159500 0.149300 0.150100 0.177100 0.112800 0.159100 0.160200 0.195000 0.149400 0.187800 0.159800 0.132100 0.121700 0.150000 0.186600 0.129700 0.150000 0.103100 0.154100 0.159000 0.160600 0.186900 0.196200 0.180100 0.187000 0.112500 0.166900 0.112700 0.165600 0.149800 0.163100 0.167200 0.176400 0.130100 0.122400 0.121800 0.170300 0.112500 0.114100 0.135100 0.160500 0.208700 0.130300 0.139200 0.150600 0.186500 0.196400
DefassaWat 0.058900 0.288200 0.122000 0.178600 0.000000 0.067900 0.059200 0.077200 0.085100 0.097100 0.067800 0.095400 0.118800 0.059200 0.121200 0.087000 0.123200 0.124800 0.059200 0.093700 0.077100 0.059200 0.088000 0.135200 0.067700 0.114300 0.110600 0.102200 0.094200 0.093700 0.096900 0.076400 0.106700 0.110700 0.077200 0.092300 0.075800 0.015900 0.059500 0.106200 0.107000 0.095200 0.096900 0.136100 0.064400 0.086400 0.158200 0.066600 0.067900 0.132900 0.093800 0.102700
Sheep 0.008100 0.282200 0.122300 0.159500 0.067900 0.000000 0.042200 0.059900 0.085300 0.061000 0.016400 0.086900 0.101700 0.042200 0.094500 0.069500 0.086100 0.106500 0.024900 0.094000 0.042300 0.008200 0.070200 0.116900 0.016400 0.124600 0.093500 0.102700 0.086600 0.094100 0.061000 0.059300 0.079300 0.093600 0.077800 0.093400 0.041200 0.068300 0.042400 0.069900 0.070500 0.077700 0.061000 0.117700 0.065400 0.069000 0.149000 0.049500 0.050800 0.078800 0.094000 0.102900
MaxwellsDu 0.033500 0.281400 0.094100 0.149300 0.059200 0.042200 0.000000 0.033700 0.058600 0.052000 0.042100 0.059700 0.073100 0.000000 0.085100 0.042700 0.076500 0.097000 0.033700 0.067000 0.033600 0.033700 0.061100 0.107300 0.042100 0.096000 0.065100 0.075500 0.059500 0.067100 0.051900 0.016500 0.070000 0.065100 0.050900 0.065600 0.050200 0.059500 0.033700 0.060800 0.061300 0.050900 0.051900 0.108100 0.038100 0.042300 0.139000 0.016700 0.025000 0.085500 0.067100 0.075700
GazellaPrz 0.051000 0.293900 0.094400 0.150100 0.077200 0.059900 0.033700 0.000000 0.058700 0.070400 0.059800 0.051200 0.091800 0.033700 0.103700 0.042900 0.095700 0.097400 0.033900 0.067200 0.033800 0.051300 0.079800 0.127300 0.059800 0.096500 0.083800 0.075800 0.042400 0.067400 0.070300 0.050700 0.088800 0.065300 0.068900 0.065800 0.067900 0.077600 0.051400 0.079300 0.080100 0.051200 0.070300 0.108700 0.038200 0.060200 0.159300 0.016800 0.042300 0.085600 0.067200 0.075900
MountainNy 0.076200 0.298900 0.032600 0.177100 0.085100 0.085300 0.058600 0.058700 0.000000 0.096200 0.085100 0.049800 0.116100 0.058700 0.129500 0.068200 0.121600 0.104600 0.059000 0.024200 0.058800 0.076600 0.105600 0.153200 0.085100 0.101600 0.108100 0.032300 0.076100 0.024200 0.096000 0.073700 0.096200 0.089500 0.094400 0.058500 0.093200 0.085500 0.076600 0.087000 0.106200 0.076200 0.096000 0.134400 0.049700 0.085600 0.149400 0.046800 0.067300 0.111600 0.008000 0.016000
MuntiacusM 0.051900 0.221700 0.133800 0.112800 0.097100 0.061000 0.052000 0.070400 0.096200 0.000000 0.060900 0.079500 0.092100 0.052000 0.087200 0.070900 0.035000 0.062100 0.070500 0.105000 0.052100 0.052300 0.008700 0.053300 0.060900 0.098400 0.084100 0.113900 0.097700 0.105200 0.000000 0.067800 0.035200 0.084200 0.070200 0.101700 0.087300 0.094600 0.052300 0.008700 0.008700 0.088700 0.000000 0.053800 0.075700 0.061300 0.123500 0.052400 0.043100 0.051400 0.105100 0.114100
goat 0.007800 0.281300 0.121900 0.159100 0.067800 0.016400 0.042100 0.059800 0.085100 0.060900 0.000000 0.086700 0.101500 0.042100 0.094300 0.069300 0.076000 0.096200 0.024800 0.093700 0.042200 0.008200 0.070100 0.116700 0.000000 0.124200 0.093300 0.102500 0.086400 0.093900 0.060800 0.059200 0.079100 0.093300 0.077600 0.093200 0.041100 0.068100 0.042300 0.069700 0.070300 0.077500 0.060800 0.117500 0.065200 0.068800 0.148700 0.049400 0.050700 0.094900 0.093800 0.102700
AfricanBuf 0.077600 0.281700 0.067300 0.160200 0.095400 0.086900 0.059700 0.051200 0.049800 0.079500 0.086700 0.000000 0.099700 0.059800 0.094900 0.069500 0.104800 0.106700 0.060100 0.041200 0.059900 0.078100 0.089000 0.136800 0.086600 0.103700 0.091600 0.049500 0.068700 0.041300 0.079300 0.075400 0.079500 0.072900 0.077900 0.059600 0.094800 0.096000 0.078100 0.088500 0.089400 0.077700 0.079300 0.117900 0.033500 0.069100 0.151700 0.042600 0.050900 0.094900 0.041200 0.049600
Topi 0.092100 0.334700 0.154800 0.195000 0.118800 0.101700 0.073100 0.091800 0.116100 0.092100 0.101500 0.099700 0.000000 0.073600 0.126900 0.101600 0.118300 0.139400 0.094200 0.125100 0.091900 0.093100 0.101600 0.150900 0.101900 0.114400 0.024900 0.133800 0.119900 0.125200 0.091900 0.091000 0.111000 0.024900 0.092000 0.125400 0.110100 0.119400 0.091700 0.101300 0.102000 0.111000 0.091900 0.151600 0.096100 0.063200 0.152000 0.073000 0.064200 0.127700 0.125000 0.134500
CommonDuik 0.033500 0.281700 0.094200 0.149400 0.059200 0.042200 0.000000 0.033700 0.058700 0.052000 0.042100 0.059800 0.073600 0.000000 0.085200 0.042700 0.076700 0.097100 0.033800 0.067100 0.033600 0.033700 0.061100 0.107400 0.042100 0.096100 0.065600 0.075600 0.059600 0.067200 0.052000 0.016500 0.070100 0.065600 0.050900 0.065900 0.050300 0.059500 0.033700 0.060800 0.061300 0.050800 0.052000 0.108200 0.038400 0.042400 0.139200 0.016700 0.025000 0.085800 0.067100 0.075800
Suni 0.085200 0.324100 0.149100 0.187800 0.121200 0.094500 0.085100 0.103700 0.129500 0.087200 0.094300 0.094900 0.126900 0.085200 0.000000 0.114000 0.112800 0.133400 0.103900 0.120000 0.085300 0.085600 0.096500 0.144000 0.094200 0.150100 0.118800 0.128700 0.131100 0.120100 0.087000 0.093800 0.110800 0.118900 0.103600 0.110100 0.120600 0.121800 0.085500 0.096100 0.096900 0.121500 0.087000 0.145000 0.091200 0.094700 0.156500 0.092900 0.076200 0.122100 0.120100 0.129200
Springbuck 0.060300 0.295200 0.104300 0.159800 0.087000 0.069500 0.042700 0.042900 0.068200 0.070900 0.069300 0.069500 0.101600 0.042700 0.114000 0.000000 0.106000 0.107800 0.042900 0.076700 0.042800 0.060700 0.080400 0.128200 0.069300 0.088200 0.093600 0.085500 0.051500 0.076900 0.070800 0.060000 0.099100 0.074700 0.078600 0.075300 0.076000 0.087500 0.060700 0.079900 0.080600 0.042900 0.070800 0.109500 0.047200 0.069700 0.161000 0.025500 0.051400 0.086200 0.076800 0.085600
Okapi 0.076500 0.264700 0.160400 0.132100 0.123200 0.086100 0.076500 0.095700 0.121600 0.035000 0.076000 0.104800 0.118300 0.076700 0.112800 0.106000 0.000000 0.061400 0.095900 0.130700 0.076700 0.076900 0.044100 0.090400 0.076100 0.116900 0.090600 0.139500 0.124000 0.130800 0.035000 0.092800 0.053100 0.110300 0.095500 0.113000 0.113100 0.106600 0.077100 0.043900 0.044300 0.114800 0.035000 0.091000 0.100900 0.086200 0.158900 0.083700 0.067100 0.087800 0.130500 0.140100
Giraffe 0.096800 0.251900 0.142400 0.121700 0.124800 0.106500 0.097000 0.097400 0.104600 0.062100 0.096200 0.106700 0.139400 0.097100 0.133400 0.107800 0.061400 0.000000 0.097600 0.132300 0.078700 0.097500 0.053100 0.099800 0.096100 0.107100 0.131400 0.141300 0.125400 0.132500 0.062000 0.113600 0.080600 0.111800 0.097300 0.110000 0.133400 0.122600 0.079100 0.071100 0.071800 0.116100 0.062000 0.081300 0.084100 0.107100 0.152000 0.086100 0.087600 0.097800 0.113500 0.122600
TibetanAnt 0.016500 0.283100 0.094900 0.150000 0.059200 0.024900 0.033700 0.033900 0.059000 0.070500 0.024800 0.060100 0.094200 0.033800 0.103900 0.042900 0.095900 0.097600 0.000000 0.067500 0.033800 0.016600 0.079800 0.127200 0.024800 0.096700 0.085900 0.076100 0.059900 0.067600 0.070400 0.050800 0.089000 0.067500 0.069100 0.065500 0.032900 0.059500 0.051400 0.079500 0.080200 0.051200 0.070400 0.108600 0.037900 0.060300 0.159500 0.016800 0.042300 0.085800 0.067600 0.076300
Sitatunga 0.084700 0.329600 0.040800 0.186600 0.093700 0.094000 0.067000 0.067200 0.024200 0.105000 0.093700 0.041200 0.125100 0.067100 0.120000 0.076700 0.130700 0.132300 0.067500 0.000000 0.067200 0.085200 0.114500 0.162300 0.093700 0.110500 0.117100 0.024100 0.084700 0.016000 0.104700 0.082500 0.105000 0.098400 0.103000 0.049800 0.101700 0.094100 0.085100 0.095700 0.105500 0.084800 0.104700 0.143400 0.041100 0.094300 0.158300 0.055700 0.075800 0.120800 0.016000 0.024100
Oribi 0.033600 0.278800 0.094400 0.129700 0.077100 0.042300 0.033600 0.033800 0.058800 0.052100 0.042200 0.059900 0.091900 0.033600 0.085300 0.042800 0.076700 0.078700 0.033800 0.067200 0.000000 0.033800 0.061200 0.107600 0.042200 0.096300 0.083800 0.075800 0.059700 0.067300 0.052100 0.050600 0.070200 0.065300 0.068800 0.065700 0.067800 0.077500 0.033800 0.060900 0.061500 0.051000 0.052100 0.089400 0.038200 0.060100 0.139300 0.016800 0.042200 0.066700 0.067300 0.075900
BarbaryShe 0.000000 0.271800 0.113200 0.150000 0.059200 0.008200 0.033700 0.051300 0.076600 0.052300 0.008200 0.078100 0.093100 0.033700 0.085600 0.060700 0.076900 0.097500 0.016600 0.085200 0.033800 0.000000 0.061400 0.107800 0.008200 0.115500 0.084900 0.093900 0.077800 0.085400 0.052200 0.050800 0.070400 0.084900 0.069000 0.084500 0.032900 0.059500 0.033900 0.061100 0.061600 0.069000 0.052200 0.108600 0.056600 0.060300 0.139700 0.034000 0.042300 0.086100 0.085300 0.094100
Daviddeer 0.061000 0.211000 0.143600 0.103100 0.088000 0.070200 0.061100 0.079800 0.105600 0.008700 0.070100 0.089000 0.101600 0.061100 0.096500 0.080400 0.044100 0.053100 0.079800 0.114500 0.061200 0.061400 0.000000 0.044400 0.070000 0.089200 0.093600 0.123500 0.107400 0.114700 0.008700 0.077400 0.044300 0.093700 0.061300 0.091700 0.096700 0.085100 0.043500 0.017400 0.017500 0.098300 0.008700 0.044800 0.066300 0.070600 0.113700 0.061600 0.052100 0.060500 0.114600 0.123700
Reindeer 0.107100 0.266300 0.193200 0.154100 0.135200 0.116900 0.107300 0.127300 0.153200 0.053300 0.116700 0.136800 0.150900 0.107400 0.144000 0.128200 0.090400 0.099800 0.127200 0.162300 0.107600 0.107800 0.044400 0.000000 0.116600 0.137200 0.142900 0.171900 0.156100 0.162800 0.053300 0.124600 0.090900 0.143000 0.107600 0.141600 0.144100 0.133300 0.089100 0.062400 0.063000 0.146700 0.053300 0.054100 0.114000 0.107800 0.153900 0.108200 0.097700 0.109200 0.162400 0.172000
Ibex 0.008100 0.281000 0.121900 0.159000 0.067700 0.016400 0.042100 0.059800 0.085100 0.060900 0.000000 0.086600 0.101900 0.042100 0.094200 0.069300 0.076100 0.096100 0.024800 0.093700 0.042200 0.008200 0.070000 0.116600 0.000000 0.124200 0.093600 0.102400 0.086400 0.093800 0.060800 0.059200 0.079100 0.093700 0.077600 0.092900 0.041000 0.068100 0.042300 0.069700 0.070300 0.077500 0.060800 0.117400 0.065000 0.068800 0.148500 0.049100 0.050700 0.094700 0.093700 0.102600
GyrantGaze 0.114700 0.307000 0.139800 0.160600 0.114300 0.124600 0.096000 0.096500 0.101600 0.098400 0.124200 0.103700 0.114400 0.096100 0.150100 0.088200 0.116900 0.107100 0.096700 0.110500 0.096300 0.115500 0.089200 0.137200 0.124200 0.000000 0.105900 0.119400 0.105500 0.110700 0.098300 0.112900 0.117500 0.087300 0.096500 0.105600 0.132300 0.112300 0.096700 0.107600 0.108600 0.060100 0.098300 0.118500 0.080100 0.106100 0.106400 0.078400 0.086800 0.116000 0.110400 0.119800
Hartebeest 0.083900 0.325800 0.146600 0.186900 0.110600 0.093500 0.065100 0.083800 0.108100 0.084100 0.093300 0.091600 0.024900 0.065600 0.118800 0.093600 0.090600 0.131400 0.085900 0.117100 0.083800 0.084900 0.093600 0.142900 0.093600 0.105900 0.000000 0.125800 0.111800 0.117300 0.083800 0.083000 0.102800 0.016700 0.083900 0.117200 0.101900 0.111200 0.083600 0.093300 0.094000 0.102900 0.083800 0.143700 0.087800 0.072400 0.143700 0.064900 0.056100 0.119300 0.117000 0.126500
Bongo 0.093300 0.339100 0.049000 0.196200 0.102200 0.102700 0.075500 0.075800 0.032300 0.113900 0.102500 0.049500 0.133800 0.075600 0.128700 0.085500 0.139500 0.141300 0.076100 0.024100 0.075800 0.093900 0.123500 0.171900 0.102400 0.119400 0.125800 0.000000 0.093300 0.008000 0.113600 0.091000 0.113800 0.107000 0.111800 0.058300 0.110400 0.102700 0.093700 0.104600 0.124100 0.075900 0.113600 0.152800 0.049500 0.103000 0.167500 0.058600 0.084300 0.129700 0.024100 0.032200
Gerenuk 0.077300 0.313400 0.112500 0.180100 0.094200 0.086600 0.059500 0.042400 0.076100 0.097700 0.086400 0.068700 0.119900 0.059600 0.131100 0.051500 0.124000 0.125400 0.059900 0.084700 0.059700 0.077800 0.107400 0.156100 0.086400 0.105500 0.111800 0.093300 0.000000 0.084800 0.097600 0.076900 0.107100 0.092900 0.095800 0.093300 0.094500 0.094700 0.077700 0.106900 0.107800 0.059800 0.097600 0.137100 0.065300 0.086900 0.179400 0.042400 0.068300 0.114500 0.084800 0.093600
CommonElan 0.084800 0.329700 0.040800 0.187000 0.093700 0.094100 0.067100 0.067400 0.024200 0.105200 0.093900 0.041300 0.125200 0.067200 0.120100 0.076900 0.130800 0.132500 0.067600 0.016000 0.067300 0.085400 0.114700 0.162800 0.093800 0.110700 0.117300 0.008000 0.084800 0.000000 0.104900 0.082600 0.105100 0.098500 0.103200 0.050000 0.101900 0.094200 0.085200 0.095900 0.115200 0.067400 0.104900 0.143900 0.041200 0.094400 0.158600 0.050200 0.075900 0.121000 0.016000 0.024100
MuntiacusR 0.051800 0.221200 0.133500 0.112500 0.096900 0.061000 0.051900 0.070300 0.096000 0.000000 0.060800 0.079300 0.091900 0.052000 0.087000 0.070800 0.035000 0.062000 0.070400 0.104700 0.052100 0.052200 0.008700 0.053300 0.060800 0.098300 0.083800 0.113600 0.097600 0.104900 0.000000 0.067500 0.035100 0.083900 0.070100 0.101100 0.087200 0.094300 0.052200 0.008600 0.008700 0.088600 0.000000 0.053400 0.075400 0.061300 0.123000 0.052400 0.043000 0.051300 0.104800 0.113800
HarveysDui 0.050400 0.300900 0.110200 0.166900 0.076400 0.059300 0.016500 0.050700 0.073700 0.067800 0.059200 0.075400 0.091000 0.016500 0.093800 0.060000 0.092800 0.113600 0.050800 0.082500 0.050600 0.050800 0.077400 0.124600 0.059200 0.112900 0.083000 0.091000 0.076900 0.082600 0.067500 0.000000 0.085500 0.083100 0.068100 0.081900 0.067300 0.076800 0.050700 0.077200 0.077700 0.068100 0.067500 0.125300 0.053800 0.059500 0.155500 0.033600 0.041800 0.102200 0.082200 0.091400
Pronghorn 0.069900 0.254700 0.133800 0.112700 0.106700 0.079300 0.070000 0.088800 0.096200 0.035200 0.079100 0.079500 0.111000 0.070100 0.110800 0.099100 0.053100 0.080600 0.089000 0.105000 0.070200 0.070400 0.044300 0.090900 0.079100 0.117500 0.102800 0.113800 0.107100 0.105100 0.035100 0.085500 0.000000 0.102900 0.088700 0.119500 0.105900 0.103800 0.070500 0.044100 0.044500 0.107500 0.035100 0.091400 0.093700 0.079700 0.142500 0.075800 0.060900 0.087700 0.105000 0.114100
BlueWildeb 0.084000 0.313200 0.127300 0.165600 0.110700 0.093600 0.065100 0.065300 0.089500 0.084200 0.093300 0.072900 0.024900 0.065600 0.118900 0.074700 0.110300 0.111800 0.067500 0.098400 0.065300 0.084900 0.093700 0.143000 0.093700 0.087300 0.016700 0.107000 0.092900 0.098500 0.083900 0.083100 0.102900 0.000000 0.083900 0.097800 0.102000 0.111300 0.083700 0.093300 0.094000 0.084200 0.083900 0.123600 0.068800 0.072500 0.143700 0.046500 0.056100 0.099300 0.098200 0.107600
Gemsbok 0.068600 0.282900 0.131700 0.149800 0.077200 0.077800 0.050900 0.068900 0.094400 0.070200 0.077600 0.077900 0.092000 0.050900 0.103600 0.078600 0.095500 0.097300 0.069100 0.103000 0.068800 0.069000 0.061300 0.107600 0.077600 0.096500 0.083900 0.111800 0.095800 0.103200 0.070100 0.068100 0.088700 0.083900 0.000000 0.084300 0.085700 0.077600 0.051200 0.079200 0.079900 0.086800 0.070100 0.108400 0.056500 0.060100 0.129900 0.051300 0.042200 0.105200 0.103100 0.112100
Yak 0.083800 0.309900 0.076200 0.163100 0.092300 0.093400 0.065600 0.065800 0.058500 0.101700 0.093200 0.059600 0.125400 0.065900 0.110100 0.075300 0.113000 0.110000 0.065500 0.049800 0.065700 0.084500 0.091700 0.141600 0.092900 0.105600 0.117200 0.058300 0.093300 0.050000 0.101100 0.081900 0.119500 0.097800 0.084300 0.000000 0.101200 0.074100 0.065100 0.091900 0.111900 0.084400 0.101100 0.121400 0.025000 0.093600 0.157900 0.047000 0.074200 0.117300 0.049900 0.058300
BlueSheep 0.032700 0.289300 0.120800 0.167200 0.075800 0.041200 0.050200 0.067900 0.093200 0.087300 0.041100 0.094800 0.110100 0.050300 0.120600 0.076000 0.113100 0.133400 0.032900 0.101700 0.067800 0.032900 0.096700 0.144100 0.041000 0.132300 0.101900 0.110400 0.094500 0.101900 0.087200 0.067300 0.105900 0.102000 0.085700 0.101200 0.000000 0.076200 0.068000 0.096300 0.097100 0.085600 0.087200 0.145000 0.073400 0.077000 0.157200 0.057500 0.058800 0.122600 0.101800 0.110700
BohorReedb 0.059200 0.286800 0.122500 0.176400 0.015900 0.068300 0.059500 0.077600 0.085500 0.094600 0.068100 0.096000 0.119400 0.059500 0.121800 0.087500 0.106600 0.122600 0.059500 0.094100 0.077500 0.059500 0.085100 0.133300 0.068100 0.112300 0.111200 0.102700 0.094700 0.094200 0.094300 0.076800 0.103800 0.111300 0.077600 0.074100 0.076200 0.000000 0.059800 0.103900 0.104600 0.095700 0.094300 0.133900 0.064700 0.086800 0.155100 0.067000 0.068200 0.130500 0.094200 0.103100
KirksDik 0.033700 0.238000 0.113000 0.130100 0.059500 0.042400 0.033700 0.051400 0.076600 0.052300 0.042300 0.078100 0.091700 0.033700 0.085500 0.060700 0.077100 0.079100 0.051400 0.085100 0.033800 0.033900 0.043500 0.089100 0.042300 0.096700 0.083600 0.093700 0.077700 0.085200 0.052200 0.050700 0.070500 0.083700 0.051200 0.065100 0.068000 0.059800 0.000000 0.061100 0.061700 0.069000 0.052200 0.089800 0.037400 0.060200 0.101000 0.034000 0.042300 0.090900 0.085200 0.094000
RoeDeer 0.060700 0.231900 0.124200 0.122400 0.106200 0.069900 0.060800 0.079300 0.087000 0.008700 0.069700 0.088500 0.101300 0.060800 0.096100 0.079900 0.043900 0.071100 0.079500 0.095700 0.060900 0.061100 0.017400 0.062400 0.069700 0.107600 0.093300 0.104600 0.106900 0.095900 0.008600 0.077200 0.044100 0.093300 0.079200 0.091900 0.096300 0.103900 0.061100 0.000000 0.017500 0.097700 0.008600 0.062900 0.084900 0.070300 0.132700 0.061300 0.051800 0.059800 0.095800 0.104800
WhiteLippe 0.061200 0.233500 0.144400 0.121800 0.107000 0.070500 0.061300 0.080100 0.106200 0.008700 0.070300 0.089400 0.102000 0.061300 0.096900 0.080600 0.044300 0.071800 0.080200 0.105500 0.061500 0.061600 0.017500 0.063000 0.070300 0.108600 0.094000 0.124100 0.107800 0.115200 0.008700 0.077700 0.044500 0.094000 0.079900 0.111900 0.097100 0.104600 0.061700 0.017500 0.000000 0.098600 0.008700 0.063500 0.085500 0.070900 0.134000 0.061800 0.052300 0.060700 0.115100 0.124300
ThomsonGaz 0.068500 0.317200 0.112600 0.170300 0.095200 0.077700 0.050900 0.051200 0.076200 0.088700 0.077500 0.077700 0.111000 0.050800 0.121500 0.042900 0.114800 0.116100 0.051200 0.084800 0.051000 0.069000 0.098300 0.146700 0.077500 0.060100 0.102900 0.075900 0.059800 0.067400 0.088600 0.068100 0.107500 0.084200 0.086800 0.084400 0.085600 0.095700 0.069000 0.097700 0.098600 0.000000 0.088600 0.127900 0.056600 0.078000 0.179700 0.033900 0.059600 0.105200 0.084800 0.093600
MuntiacusC 0.051800 0.221200 0.133500 0.112500 0.096900 0.061000 0.051900 0.070300 0.096000 0.000000 0.060800 0.079300 0.091900 0.052000 0.087000 0.070800 0.035000 0.062000 0.070400 0.104700 0.052100 0.052200 0.008700 0.053300 0.060800 0.098300 0.083800 0.113600 0.097600 0.104900 0.000000 0.067500 0.035100 0.083900 0.070100 0.101100 0.087200 0.094300 0.052200 0.008600 0.008700 0.088600 0.000000 0.053400 0.075400 0.061300 0.123000 0.052400 0.043000 0.051300 0.104800 0.113800
WhiteTaile 0.107900 0.234000 0.173600 0.114100 0.136100 0.117700 0.108100 0.108700 0.134400 0.053800 0.117500 0.117900 0.151600 0.108200 0.145000 0.109500 0.091000 0.081300 0.108600 0.143400 0.089400 0.108600 0.044800 0.054100 0.117400 0.118500 0.143700 0.152800 0.137100 0.143900 0.053400 0.125300 0.091400 0.123600 0.108400 0.121400 0.145000 0.133900 0.089800 0.062900 0.063500 0.127900 0.053400 0.000000 0.094900 0.115500 0.164400 0.089800 0.098500 0.089800 0.143500 0.152900
Cattle 0.056000 0.276900 0.067000 0.135100 0.064400 0.065400 0.038100 0.038200 0.049700 0.075700 0.065200 0.033500 0.096100 0.038400 0.091200 0.047200 0.100900 0.084100 0.037900 0.041100 0.038200 0.056600 0.066300 0.114000 0.065000 0.080100 0.087800 0.049500 0.065300 0.041200 0.075400 0.053800 0.093700 0.068800 0.056500 0.025000 0.073400 0.064700 0.037400 0.084900 0.085500 0.056600 0.075400 0.094900 0.000000 0.065500 0.131900 0.019200 0.046700 0.090400 0.041100 0.049500
RoyalAntel 0.059900 0.295300 0.122600 0.160500 0.086400 0.069000 0.042300 0.060200 0.085600 0.061300 0.068800 0.069100 0.063200 0.042400 0.094700 0.069700 0.086200 0.107100 0.060300 0.094300 0.060100 0.060300 0.070600 0.107800 0.068800 0.106100 0.072400 0.103000 0.086900 0.094400 0.061300 0.059500 0.079700 0.072500 0.060100 0.093600 0.077000 0.086800 0.060200 0.070300 0.070900 0.078000 0.061300 0.115500 0.065500 0.000000 0.149900 0.042700 0.033700 0.095500 0.094300 0.103200
Steenbok 0.138600 0.323500 0.188800 0.208700 0.158200 0.149000 0.139000 0.159300 0.149400 0.123500 0.148700 0.151700 0.152000 0.139200 0.156500 0.161000 0.158900 0.152000 0.159500 0.158300 0.139300 0.139700 0.113700 0.153900 0.148500 0.106400 0.143700 0.167500 0.179400 0.158600 0.123000 0.155500 0.142500 0.143700 0.129900 0.157900 0.157200 0.155100 0.101000 0.132700 0.134000 0.179700 0.123000 0.164400 0.131900 0.149900 0.000000 0.139800 0.128900 0.160700 0.158500 0.168000
Impala 0.040400 0.281300 0.083100 0.130300 0.066600 0.049500 0.016700 0.016800 0.046800 0.052400 0.049400 0.042600 0.073000 0.016700 0.092900 0.025500 0.083700 0.086100 0.016800 0.055700 0.016800 0.034000 0.061600 0.108200 0.049100 0.078400 0.064900 0.058600 0.042400 0.050200 0.052400 0.033600 0.075800 0.046500 0.051300 0.047000 0.057500 0.067000 0.034000 0.061300 0.061800 0.033900 0.052400 0.089800 0.019200 0.042700 0.139800 0.000000 0.025200 0.063700 0.055400 0.064600
Klipspring 0.042000 0.269400 0.103100 0.139200 0.067900 0.050800 0.025000 0.042300 0.067300 0.043100 0.050700 0.050900 0.064200 0.025000 0.076200 0.051400 0.067100 0.087600 0.042300 0.075800 0.042200 0.042300 0.052100 0.097700 0.050700 0.086800 0.056100 0.084300 0.068300 0.075900 0.043000 0.041800 0.060900 0.056100 0.042200 0.074200 0.058800 0.068200 0.042300 0.051800 0.052300 0.059600 0.043000 0.098500 0.046700 0.033700 0.128900 0.025200 0.000000 0.075500 0.075800 0.084500
ForestMusk 0.085300 0.275600 0.151200 0.150600 0.132900 0.078800 0.085500 0.085600 0.111600 0.051400 0.094900 0.094900 0.127700 0.085800 0.122100 0.086200 0.087800 0.097800 0.085800 0.120800 0.066700 0.086100 0.060500 0.109200 0.094700 0.116000 0.119300 0.129700 0.114500 0.121000 0.051300 0.102200 0.087700 0.099300 0.105200 0.117300 0.122600 0.130500 0.090900 0.059800 0.060700 0.105200 0.051300 0.089800 0.090400 0.095500 0.160700 0.063700 0.075500 0.000000 0.120700 0.130400
Bushbuck 0.084700 0.308700 0.024300 0.186500 0.093800 0.094000 0.067100 0.067200 0.008000 0.105100 0.093800 0.041200 0.125000 0.067100 0.120100 0.076800 0.130500 0.113500 0.067600 0.016000 0.067300 0.085300 0.114600 0.162400 0.093700 0.110400 0.117000 0.024100 0.084800 0.016000 0.104800 0.082200 0.105000 0.098200 0.103100 0.049900 0.101800 0.094200 0.085200 0.095800 0.115100 0.084800 0.104800 0.143500 0.041100 0.094300 0.158500 0.055400 0.075800 0.120700 0.000000 0.008000
GreaterKud 0.093500 0.320100 0.016100 0.196400 0.102700 0.102900 0.075700 0.075900 0.016000 0.114100 0.102700 0.049600 0.134500 0.075800 0.129200 0.085600 0.140100 0.122600 0.076300 0.024100 0.075900 0.094100 0.123700 0.172000 0.102600 0.119800 0.126500 0.032200 0.093600 0.024100 0.113800 0.091400 0.114100 0.107600 0.112100 0.058300 0.110700 0.103100 0.094000 0.104800 0.124300 0.093600 0.113800 0.152900 0.049500 0.103200 0.168000 0.064600 0.084500 0.130400 0.008000 0.000000
