1
52 1
Argali 0.000000 0.198900 0.087800 0.232000 0.046300 0.000000 0.062200 0.046400 0.096200 0.159500 0.022300 0.054600 0.038600 0.078500 0.062300 0.046300 0.079100 0.087200 0.046400 0.087800 0.030100 0.022900 0.131000 0.096400 0.023000 0.030700 0.038600 0.096100 0.046300 0.087800 0.131900 0.078400 0.104700 0.046700 0.022900 0.071300 0.038600 0.062500 0.062600 0.104800 0.131000 0.030600 0.150100 0.088000 0.070900 0.046300 0.022800 0.094900 0.054300 0.096300 0.071000 0.087800
LesserMous 0.198900 0.000000 0.200300 0.299100 0.178500 0.198900 0.208900 0.190000 0.209900 0.249900 0.190600 0.179400 0.190100 0.229100 0.199000 0.170700 0.207800 0.178100 0.170600 0.200300 0.170800 0.189700 0.249100 0.207200 0.190600 0.170900 0.190100 0.209700 0.170700 0.200300 0.219000 0.229700 0.208800 0.200800 0.170800 0.189500 0.190600 0.198100 0.190800 0.197800 0.249100 0.170800 0.239300 0.198000 0.189500 0.189400 0.170700 0.248800 0.189300 0.229400 0.199200 0.200300
LesserKudu 0.087800 0.200300 0.000000 0.262000 0.070600 0.087800 0.096300 0.079600 0.007400 0.132600 0.079900 0.062700 0.079900 0.113400 0.096400 0.079600 0.063100 0.087900 0.096400 0.000000 0.063000 0.079600 0.105200 0.079800 0.079900 0.063300 0.079900 0.007400 0.079600 0.000000 0.106000 0.113700 0.088200 0.088700 0.063300 0.079300 0.096900 0.087400 0.096900 0.088200 0.105200 0.063000 0.123600 0.071600 0.079300 0.079600 0.063000 0.130500 0.087900 0.088000 0.015100 0.000000
KillerWhal 0.232000 0.299100 0.262000 0.000000 0.229900 0.232000 0.261500 0.222300 0.272200 0.320100 0.242600 0.221400 0.242700 0.282400 0.221300 0.221700 0.231500 0.261700 0.242500 0.262000 0.221700 0.222000 0.294900 0.262900 0.242600 0.221900 0.242700 0.272000 0.221700 0.262000 0.286000 0.262200 0.263400 0.254100 0.222100 0.221800 0.263200 0.250800 0.263600 0.272500 0.294900 0.221700 0.308300 0.253000 0.221800 0.220700 0.221900 0.282100 0.231200 0.252200 0.262300 0.262000
DefassaWat 0.046300 0.178500 0.070600 0.229900 0.000000 0.046300 0.036600 0.038500 0.078800 0.140200 0.038600 0.054100 0.038700 0.070400 0.054400 0.038500 0.062400 0.070500 0.054400 0.070600 0.022900 0.038500 0.112700 0.079000 0.038600 0.023000 0.038700 0.078800 0.038500 0.070600 0.113500 0.070600 0.087300 0.046800 0.023000 0.070400 0.054600 0.014800 0.054600 0.087200 0.112700 0.022900 0.131100 0.070800 0.070100 0.038500 0.022900 0.070200 0.046400 0.079000 0.070500 0.070600
Sheep 0.000000 0.198900 0.087800 0.232000 0.046300 0.000000 0.062200 0.046400 0.096200 0.159500 0.022200 0.054600 0.038600 0.078500 0.062300 0.046300 0.079100 0.087200 0.046400 0.087800 0.030600 0.022900 0.131000 0.096400 0.023000 0.030700 0.038600 0.096100 0.046300 0.087800 0.131900 0.078700 0.104700 0.046700 0.022900 0.070900 0.038600 0.062700 0.062600 0.104800 0.131000 0.030600 0.150100 0.088000 0.070900 0.046300 0.022300 0.094900 0.054300 0.096300 0.071000 0.088100
MaxwellsDu 0.062200 0.208900 0.096300 0.261500 0.036600 0.062200 0.000000 0.046400 0.104700 0.168200 0.054500 0.078900 0.054500 0.046200 0.062300 0.046300 0.087400 0.095700 0.062400 0.096300 0.030600 0.054400 0.139700 0.104800 0.054500 0.030700 0.054500 0.104700 0.046300 0.096300 0.140600 0.045700 0.113600 0.062900 0.038600 0.095800 0.070800 0.054400 0.062600 0.113400 0.139700 0.030600 0.158800 0.096300 0.095800 0.046400 0.038400 0.078200 0.054300 0.104800 0.096000 0.096300
GazellaPrz 0.046400 0.190000 0.079600 0.222300 0.038500 0.046400 0.046400 0.000000 0.088000 0.132600 0.038700 0.062800 0.038700 0.062300 0.030600 0.030700 0.054700 0.062800 0.046400 0.079600 0.015200 0.038600 0.105100 0.071400 0.038700 0.015200 0.038700 0.087900 0.030700 0.079600 0.105900 0.030700 0.096700 0.046900 0.023000 0.079400 0.054700 0.038600 0.030000 0.079600 0.105100 0.015200 0.123500 0.063200 0.079400 0.030700 0.022900 0.062200 0.022900 0.088200 0.079400 0.079600
MountainNy 0.096200 0.209900 0.007400 0.272200 0.078800 0.096200 0.104700 0.088000 0.000000 0.141700 0.088200 0.070800 0.088300 0.122000 0.104900 0.087900 0.055000 0.096300 0.104900 0.007400 0.071200 0.088000 0.096800 0.088200 0.088200 0.071500 0.088300 0.015100 0.087900 0.007400 0.114700 0.122300 0.096700 0.097300 0.071500 0.087700 0.105400 0.095800 0.105000 0.096600 0.096800 0.071200 0.132500 0.079900 0.087700 0.088000 0.071200 0.121900 0.096400 0.079800 0.022800 0.007500
MuntiacusM 0.159500 0.249900 0.132600 0.320100 0.140200 0.159500 0.168200 0.132600 0.141700 0.000000 0.151000 0.140800 0.132800 0.187300 0.168600 0.150400 0.122200 0.148700 0.168800 0.132600 0.132200 0.150500 0.071500 0.071200 0.151000 0.132400 0.132800 0.141400 0.150400 0.132600 0.038900 0.169000 0.150400 0.142600 0.132500 0.159500 0.169700 0.140700 0.151400 0.079200 0.071500 0.132200 0.007600 0.063200 0.159500 0.149800 0.132300 0.206600 0.123300 0.169000 0.150400 0.132600
goat 0.022300 0.190600 0.079900 0.242600 0.038600 0.022200 0.054500 0.038700 0.088200 0.151000 0.000000 0.062900 0.030900 0.070700 0.054500 0.038600 0.071200 0.079300 0.038700 0.079900 0.023000 0.015300 0.122800 0.088400 0.000000 0.023000 0.030900 0.088200 0.038600 0.079900 0.123700 0.070900 0.096700 0.039000 0.015300 0.079500 0.015300 0.054700 0.054800 0.096800 0.122800 0.023000 0.141700 0.080000 0.079500 0.038600 0.015000 0.087000 0.046600 0.088300 0.079600 0.079900
AfricanBuf 0.054600 0.179400 0.062700 0.221400 0.054100 0.054600 0.078900 0.062800 0.070800 0.140800 0.062900 0.000000 0.063000 0.095600 0.070800 0.062700 0.062600 0.070700 0.062600 0.062700 0.046500 0.063200 0.113100 0.079300 0.062900 0.046700 0.063000 0.070800 0.062700 0.062700 0.113900 0.095900 0.070800 0.071500 0.046700 0.030800 0.079400 0.070500 0.079500 0.087500 0.113100 0.046100 0.131600 0.071100 0.030800 0.062700 0.046600 0.112400 0.070900 0.071000 0.062700 0.062700
Topi 0.038600 0.190100 0.079900 0.242700 0.038700 0.038600 0.054500 0.038700 0.088300 0.132800 0.030900 0.063000 0.000000 0.070800 0.053200 0.038700 0.071100 0.079200 0.054600 0.079900 0.023000 0.030800 0.105300 0.071500 0.030900 0.023000 0.000000 0.088300 0.038700 0.079900 0.106000 0.071000 0.096600 0.007600 0.015200 0.079700 0.046800 0.054800 0.054900 0.079700 0.105300 0.023000 0.123700 0.063300 0.079700 0.038600 0.015300 0.070700 0.046500 0.088300 0.079700 0.079900
CommonDuik 0.078500 0.229100 0.113400 0.282400 0.070400 0.078500 0.046200 0.062300 0.122000 0.187300 0.070700 0.095600 0.070800 0.000000 0.078600 0.062300 0.104300 0.112700 0.078600 0.113400 0.046300 0.070500 0.157800 0.122100 0.070700 0.046500 0.070800 0.122000 0.062300 0.113400 0.158900 0.030300 0.131200 0.079300 0.054500 0.112300 0.087300 0.087100 0.070800 0.130900 0.157800 0.046300 0.177600 0.113500 0.112900 0.062300 0.054300 0.111700 0.070400 0.113300 0.113100 0.113400
Suni 0.062300 0.199000 0.096400 0.221300 0.054400 0.062300 0.062300 0.030600 0.104900 0.168600 0.054500 0.070800 0.053200 0.078600 0.000000 0.030600 0.070700 0.070600 0.054300 0.096400 0.030600 0.038500 0.139800 0.104800 0.054500 0.030600 0.053200 0.104800 0.030600 0.096400 0.140700 0.062400 0.104700 0.061700 0.036800 0.096100 0.070800 0.070800 0.062700 0.113300 0.139800 0.030600 0.159100 0.096400 0.096100 0.030500 0.038500 0.078400 0.054200 0.104700 0.096100 0.096400
Springbuck 0.046300 0.170700 0.079600 0.221700 0.038500 0.046300 0.046300 0.030700 0.087900 0.150400 0.038600 0.062700 0.038700 0.062300 0.030600 0.000000 0.071000 0.062600 0.046300 0.079600 0.015200 0.022900 0.122400 0.088100 0.038600 0.015200 0.038700 0.087900 0.000000 0.079600 0.123300 0.062500 0.087900 0.046800 0.023000 0.062800 0.054600 0.054500 0.030300 0.096500 0.122400 0.015200 0.141200 0.079800 0.062800 0.015200 0.022300 0.078400 0.038500 0.088000 0.079400 0.079600
Okapi 0.079100 0.207800 0.063100 0.231500 0.062400 0.079100 0.087400 0.054700 0.055000 0.122200 0.071200 0.062600 0.071100 0.104300 0.070700 0.071000 0.000000 0.037900 0.087600 0.063100 0.054600 0.071000 0.078900 0.062500 0.071200 0.054600 0.071100 0.071200 0.071000 0.063100 0.096100 0.087600 0.071100 0.079700 0.054600 0.079200 0.088000 0.079000 0.088100 0.070500 0.078900 0.054600 0.113300 0.054600 0.079200 0.070600 0.054700 0.087400 0.079000 0.071200 0.079400 0.063100
Giraffe 0.087200 0.178100 0.087900 0.261700 0.070500 0.087200 0.095700 0.062800 0.096300 0.148700 0.079300 0.070700 0.079200 0.112700 0.070600 0.062600 0.037900 0.000000 0.079000 0.087900 0.062700 0.079100 0.120900 0.087000 0.079300 0.062700 0.079200 0.096200 0.062600 0.087900 0.121800 0.095900 0.070900 0.088000 0.062600 0.087400 0.096200 0.087200 0.079500 0.095300 0.120900 0.062700 0.139600 0.079100 0.087400 0.078800 0.062700 0.112500 0.087200 0.113100 0.087600 0.087900
TibetanAnt 0.046400 0.170600 0.096400 0.242500 0.054400 0.046400 0.062400 0.046400 0.104900 0.168800 0.038700 0.062600 0.054600 0.078600 0.054300 0.046300 0.087600 0.079000 0.000000 0.096400 0.030600 0.038600 0.140100 0.105000 0.038700 0.030700 0.054600 0.104900 0.046300 0.096400 0.141000 0.078800 0.096300 0.063000 0.038600 0.095900 0.054700 0.070800 0.062600 0.113600 0.140100 0.030600 0.159300 0.096600 0.095800 0.046400 0.038500 0.095000 0.054400 0.105000 0.096100 0.096400
Sitatunga 0.087800 0.200300 0.000000 0.262000 0.070600 0.087800 0.096300 0.079600 0.007400 0.132600 0.079900 0.062700 0.079900 0.113400 0.096400 0.079600 0.063100 0.087900 0.096400 0.000000 0.063000 0.079600 0.105200 0.079800 0.079900 0.063300 0.079900 0.007500 0.079600 0.000000 0.106000 0.113700 0.088200 0.088700 0.063300 0.079300 0.096900 0.087400 0.096900 0.088200 0.105200 0.063000 0.123600 0.071600 0.079300 0.079600 0.063000 0.130500 0.087900 0.088000 0.014800 0.000000
Oribi 0.030100 0.170800 0.063000 0.221700 0.022900 0.030600 0.030600 0.015200 0.071200 0.132200 0.023000 0.046500 0.023000 0.046300 0.030600 0.015200 0.054600 0.062700 0.030600 0.063000 0.000000 0.022300 0.104900 0.071300 0.023000 0.000000 0.023000 0.071200 0.015200 0.063000 0.105700 0.046400 0.079600 0.030900 0.007600 0.062800 0.038600 0.037900 0.030800 0.079500 0.104900 0.000000 0.123200 0.063200 0.062800 0.015200 0.007400 0.062100 0.022900 0.071300 0.062800 0.063000
BarbaryShe 0.022900 0.189700 0.079600 0.222000 0.038500 0.022900 0.054400 0.038600 0.088000 0.150500 0.015300 0.063200 0.030800 0.070500 0.038500 0.022900 0.071000 0.079100 0.038600 0.079600 0.022300 0.000000 0.122400 0.088100 0.014800 0.023000 0.030800 0.087900 0.022900 0.079600 0.123300 0.070700 0.096400 0.038900 0.015300 0.079200 0.030800 0.054600 0.054600 0.096500 0.122400 0.022900 0.141200 0.079800 0.079200 0.022900 0.015000 0.086800 0.046400 0.088100 0.079400 0.079600
Daviddeer 0.131000 0.249100 0.105200 0.294900 0.112700 0.131000 0.139700 0.105100 0.096800 0.071500 0.122800 0.113100 0.105300 0.157800 0.139800 0.122400 0.078900 0.120900 0.140100 0.105200 0.104900 0.122400 0.000000 0.062700 0.122800 0.105000 0.105300 0.113700 0.122400 0.105200 0.046800 0.140200 0.122300 0.114600 0.105100 0.131000 0.140700 0.113100 0.123100 0.070700 0.000000 0.104900 0.062900 0.054800 0.131000 0.121900 0.105000 0.158100 0.096300 0.122600 0.122400 0.105200
Reindeer 0.096400 0.207200 0.079800 0.262900 0.079000 0.096400 0.104800 0.071400 0.088200 0.071200 0.088400 0.079300 0.071500 0.122100 0.104800 0.088100 0.062500 0.087000 0.105000 0.079800 0.071300 0.088100 0.062700 0.000000 0.088400 0.071400 0.071500 0.088100 0.088100 0.079800 0.029700 0.105100 0.071200 0.080300 0.071400 0.096300 0.105500 0.070900 0.088500 0.022800 0.062700 0.071300 0.062900 0.007600 0.096300 0.087700 0.071300 0.139700 0.063000 0.105000 0.096500 0.079800
Ibex 0.023000 0.190600 0.079900 0.242600 0.038600 0.023000 0.054500 0.038700 0.088200 0.151000 0.000000 0.062900 0.030900 0.070700 0.054500 0.038600 0.071200 0.079300 0.038700 0.079900 0.023000 0.014800 0.122800 0.088400 0.000000 0.023000 0.030900 0.088200 0.038600 0.079900 0.123700 0.070900 0.096700 0.039000 0.015300 0.079500 0.015300 0.054700 0.054800 0.096800 0.122800 0.023000 0.141700 0.080000 0.079500 0.038600 0.015200 0.087000 0.046600 0.088300 0.079600 0.079900
GyrantGaze 0.030700 0.170900 0.063300 0.221900 0.023000 0.030700 0.030700 0.015200 0.071500 0.132400 0.023000 0.046700 0.023000 0.046500 0.030600 0.015200 0.054600 0.062700 0.030700 0.063300 0.000000 0.023000 0.105000 0.071400 0.023000 0.000000 0.023000 0.071500 0.015200 0.063300 0.105800 0.046600 0.079500 0.030900 0.007600 0.063100 0.038800 0.038700 0.030900 0.079600 0.105000 0.000000 0.123300 0.063200 0.063100 0.015200 0.007600 0.062400 0.022900 0.071400 0.063100 0.063300
Hartebeest 0.038600 0.190100 0.079900 0.242700 0.038700 0.038600 0.054500 0.038700 0.088300 0.132800 0.030900 0.063000 0.000000 0.070800 0.053200 0.038700 0.071100 0.079200 0.054600 0.079900 0.023000 0.030800 0.105300 0.071500 0.030900 0.023000 0.000000 0.088300 0.038700 0.079900 0.106000 0.071000 0.096600 0.007600 0.014900 0.079700 0.046800 0.054800 0.054900 0.079700 0.105300 0.023000 0.123700 0.063300 0.079700 0.038600 0.015300 0.070700 0.046500 0.088300 0.079700 0.079900
Bongo 0.096100 0.209700 0.007400 0.272000 0.078800 0.096100 0.104700 0.087900 0.015100 0.141400 0.088200 0.070800 0.088300 0.122000 0.104800 0.087900 0.071200 0.096200 0.104900 0.007500 0.071200 0.087900 0.113700 0.088100 0.088200 0.071500 0.088300 0.000000 0.087900 0.007400 0.114500 0.122300 0.096600 0.097200 0.071500 0.087600 0.105300 0.095600 0.105400 0.096500 0.113700 0.071200 0.132200 0.079800 0.087600 0.087900 0.071200 0.139200 0.096300 0.096400 0.022800 0.007500
Gerenuk 0.046300 0.170700 0.079600 0.221700 0.038500 0.046300 0.046300 0.030700 0.087900 0.150400 0.038600 0.062700 0.038700 0.062300 0.030600 0.000000 0.071000 0.062600 0.046300 0.079600 0.015200 0.022900 0.122400 0.088100 0.038600 0.015200 0.038700 0.087900 0.000000 0.079600 0.123300 0.062500 0.087900 0.046800 0.023000 0.062800 0.054600 0.054500 0.030700 0.096500 0.122400 0.015200 0.141200 0.079800 0.062800 0.015200 0.022200 0.078400 0.038500 0.088000 0.079400 0.079600
CommonElan 0.087800 0.200300 0.000000 0.262000 0.070600 0.087800 0.096300 0.079600 0.007400 0.132600 0.079900 0.062700 0.079900 0.113400 0.096400 0.079600 0.063100 0.087900 0.096400 0.000000 0.063000 0.079600 0.105200 0.079800 0.079900 0.063300 0.079900 0.007400 0.079600 0.000000 0.106000 0.113700 0.088200 0.088700 0.063300 0.079300 0.096900 0.087400 0.096900 0.088200 0.105200 0.063000 0.123600 0.071600 0.079300 0.079600 0.063000 0.130500 0.087900 0.088000 0.014800 0.000000
MuntiacusR 0.131900 0.219000 0.106000 0.286000 0.113500 0.131900 0.140600 0.105900 0.114700 0.038900 0.123700 0.113900 0.106000 0.158900 0.140700 0.123300 0.096100 0.121800 0.141000 0.106000 0.105700 0.123300 0.046800 0.029700 0.123700 0.105800 0.106000 0.114500 0.123300 0.106000 0.000000 0.141100 0.105600 0.115300 0.105800 0.131900 0.141800 0.105100 0.123900 0.054600 0.046800 0.105700 0.030300 0.038900 0.131900 0.122800 0.105700 0.177300 0.096900 0.141000 0.123200 0.106000
HarveysDui 0.078400 0.229700 0.113700 0.262200 0.070600 0.078700 0.045700 0.030700 0.122300 0.169000 0.070900 0.095900 0.071000 0.030300 0.062400 0.062500 0.087600 0.095900 0.078800 0.113700 0.046400 0.070700 0.140200 0.105100 0.070900 0.046600 0.071000 0.122300 0.062500 0.113700 0.141100 0.000000 0.131500 0.079600 0.054600 0.113300 0.087500 0.070800 0.062700 0.113600 0.140200 0.046400 0.159500 0.096600 0.113300 0.062500 0.054400 0.095000 0.054400 0.113700 0.114000 0.113700
Pronghorn 0.104700 0.208800 0.088200 0.263400 0.087300 0.104700 0.113600 0.096700 0.096700 0.150400 0.096700 0.070800 0.096600 0.131200 0.104700 0.087900 0.071100 0.070900 0.096300 0.088200 0.079600 0.096400 0.122300 0.071200 0.096700 0.079500 0.096600 0.096600 0.087900 0.088200 0.105600 0.131500 0.000000 0.105700 0.079500 0.096100 0.096700 0.095900 0.105600 0.096300 0.122300 0.079600 0.141100 0.079700 0.096100 0.096100 0.079600 0.148800 0.104700 0.096200 0.105100 0.088200
BlueWildeb 0.046700 0.200800 0.088700 0.254100 0.046800 0.046700 0.062900 0.046900 0.097300 0.142600 0.039000 0.071500 0.007600 0.079300 0.061700 0.046800 0.079700 0.088000 0.063000 0.088700 0.030900 0.038900 0.114600 0.080300 0.039000 0.030900 0.007600 0.097200 0.046800 0.088700 0.115300 0.079600 0.105700 0.000000 0.023000 0.088500 0.055100 0.063200 0.063400 0.088500 0.114600 0.030900 0.133300 0.071900 0.088500 0.046700 0.023100 0.079300 0.054700 0.097200 0.088500 0.088700
Gemsbok 0.022900 0.170800 0.063300 0.222100 0.023000 0.022900 0.038600 0.023000 0.071500 0.132500 0.015300 0.046700 0.015200 0.054500 0.036800 0.023000 0.054600 0.062600 0.038600 0.063300 0.007600 0.015300 0.105100 0.071400 0.015300 0.007600 0.014900 0.071500 0.023000 0.063300 0.105800 0.054600 0.079500 0.023000 0.000000 0.063100 0.030900 0.038700 0.038800 0.079700 0.105100 0.007600 0.123400 0.063200 0.063100 0.022900 0.000000 0.070500 0.030700 0.071400 0.063100 0.063300
Yak 0.071300 0.189500 0.079300 0.221800 0.070400 0.070900 0.095800 0.079400 0.087700 0.159500 0.079500 0.030800 0.079700 0.112300 0.096100 0.062800 0.079200 0.087400 0.095900 0.079300 0.062800 0.079200 0.131000 0.096300 0.079500 0.063100 0.079700 0.087600 0.062800 0.079300 0.131900 0.113300 0.096100 0.088500 0.063100 0.000000 0.096400 0.087200 0.079600 0.104700 0.131000 0.062800 0.150100 0.088000 0.000000 0.079200 0.062800 0.130100 0.087700 0.087800 0.079300 0.079300
BlueSheep 0.038600 0.190600 0.096900 0.263200 0.054600 0.038600 0.070800 0.054700 0.105400 0.169700 0.015300 0.079400 0.046800 0.087300 0.070800 0.054600 0.088000 0.096200 0.054700 0.096900 0.038600 0.030800 0.140700 0.105500 0.015300 0.038800 0.046800 0.105300 0.054600 0.096900 0.141800 0.087500 0.096700 0.055100 0.030900 0.096400 0.000000 0.071000 0.071100 0.114100 0.140700 0.038600 0.160200 0.097100 0.096400 0.054600 0.030800 0.103900 0.062700 0.088300 0.096600 0.096900
BohorReedb 0.062500 0.198100 0.087400 0.250800 0.014800 0.062700 0.054400 0.038600 0.095800 0.140700 0.054700 0.070500 0.054800 0.087100 0.070800 0.054500 0.079000 0.087200 0.070800 0.087400 0.037900 0.054600 0.113100 0.070900 0.054700 0.038700 0.054800 0.095600 0.054500 0.087400 0.105100 0.070800 0.095900 0.063200 0.038700 0.087200 0.071000 0.000000 0.054800 0.087400 0.113100 0.038600 0.131600 0.071000 0.087200 0.054500 0.038600 0.086900 0.046500 0.096000 0.087700 0.087400
KirksDik 0.062600 0.190800 0.096900 0.263600 0.054600 0.062600 0.062600 0.030000 0.105000 0.151400 0.054800 0.079500 0.054900 0.070800 0.062700 0.030300 0.088100 0.079500 0.062600 0.096900 0.030800 0.054600 0.123100 0.088500 0.054800 0.030900 0.054900 0.105400 0.030700 0.096900 0.123900 0.062700 0.105600 0.063400 0.038800 0.079600 0.071100 0.054800 0.000000 0.096900 0.123100 0.030800 0.142000 0.080200 0.079600 0.046600 0.038700 0.095500 0.038600 0.105600 0.096600 0.096900
RoeDeer 0.104800 0.197800 0.088200 0.272500 0.087200 0.104800 0.113400 0.079600 0.096600 0.079200 0.096800 0.087500 0.079700 0.130900 0.113300 0.096500 0.070500 0.095300 0.113600 0.088200 0.079500 0.096500 0.070700 0.022800 0.096800 0.079600 0.079700 0.096500 0.096500 0.088200 0.054600 0.113600 0.096300 0.088500 0.079700 0.104700 0.114100 0.087400 0.096900 0.000000 0.070700 0.079500 0.070900 0.015200 0.104700 0.096200 0.079600 0.148400 0.071100 0.113400 0.105000 0.088200
WhiteLippe 0.131000 0.249100 0.105200 0.294900 0.112700 0.131000 0.139700 0.105100 0.096800 0.071500 0.122800 0.113100 0.105300 0.157800 0.139800 0.122400 0.078900 0.120900 0.140100 0.105200 0.104900 0.122400 0.000000 0.062700 0.122800 0.105000 0.105300 0.113700 0.122400 0.105200 0.046800 0.140200 0.122300 0.114600 0.105100 0.131000 0.140700 0.113100 0.123100 0.070700 0.000000 0.104900 0.063100 0.054800 0.131000 0.121900 0.105000 0.158100 0.096300 0.122600 0.122400 0.105200
ThomsonGaz 0.030600 0.170800 0.063000 0.221700 0.022900 0.030600 0.030600 0.015200 0.071200 0.132200 0.023000 0.046100 0.023000 0.046300 0.030600 0.015200 0.054600 0.062700 0.030600 0.063000 0.000000 0.022900 0.104900 0.071300 0.023000 0.000000 0.023000 0.071200 0.015200 0.063000 0.105700 0.046400 0.079600 0.030900 0.007600 0.062800 0.038600 0.038600 0.030800 0.079500 0.104900 0.000000 0.123200 0.063200 0.062800 0.015200 0.007400 0.062100 0.022900 0.071300 0.062800 0.063000
MuntiacusC 0.150100 0.239300 0.123600 0.308300 0.131100 0.150100 0.158800 0.123500 0.132500 0.007600 0.141700 0.131600 0.123700 0.177600 0.159100 0.141200 0.113300 0.139600 0.159300 0.123600 0.123200 0.141200 0.062900 0.062900 0.141700 0.123300 0.123700 0.132200 0.141200 0.123600 0.030300 0.159500 0.141100 0.133300 0.123400 0.150100 0.160200 0.131600 0.142000 0.070900 0.063100 0.123200 0.000000 0.055000 0.150100 0.140600 0.123300 0.196600 0.114300 0.159400 0.141200 0.123600
WhiteTaile 0.088000 0.198000 0.071600 0.253000 0.070800 0.088000 0.096300 0.063200 0.079900 0.063200 0.080000 0.071100 0.063300 0.113500 0.096400 0.079800 0.054600 0.079100 0.096600 0.071600 0.063200 0.079800 0.054800 0.007600 0.080000 0.063200 0.063300 0.079800 0.079800 0.071600 0.038900 0.096600 0.079700 0.071900 0.063200 0.088000 0.097100 0.071000 0.080200 0.015200 0.054800 0.063200 0.055000 0.000000 0.088000 0.079500 0.063200 0.131000 0.054900 0.096500 0.088100 0.071600
Cattle 0.070900 0.189500 0.079300 0.221800 0.070100 0.070900 0.095800 0.079400 0.087700 0.159500 0.079500 0.030800 0.079700 0.112900 0.096100 0.062800 0.079200 0.087400 0.095800 0.079300 0.062800 0.079200 0.131000 0.096300 0.079500 0.063100 0.079700 0.087600 0.062800 0.079300 0.131900 0.113300 0.096100 0.088500 0.063100 0.000000 0.096400 0.087200 0.079600 0.104700 0.131000 0.062800 0.150100 0.088000 0.000000 0.079200 0.062800 0.130100 0.087700 0.087800 0.079300 0.079300
RoyalAntel 0.046300 0.189400 0.079600 0.220700 0.038500 0.046300 0.046400 0.030700 0.088000 0.149800 0.038600 0.062700 0.038600 0.062300 0.030500 0.015200 0.070600 0.078800 0.046400 0.079600 0.015200 0.022900 0.121900 0.087700 0.038600 0.015200 0.038600 0.087900 0.015200 0.079600 0.122800 0.062500 0.096100 0.046700 0.022900 0.079200 0.054600 0.054500 0.046600 0.096200 0.121900 0.015200 0.140600 0.079500 0.079200 0.000000 0.022900 0.078400 0.038400 0.087700 0.079400 0.079600
Steenbok 0.022800 0.170700 0.063000 0.221900 0.022900 0.022300 0.038400 0.022900 0.071200 0.132300 0.015000 0.046600 0.015300 0.054300 0.038500 0.022300 0.054700 0.062700 0.038500 0.063000 0.007400 0.015000 0.105000 0.071300 0.015200 0.007600 0.015300 0.071200 0.022200 0.063000 0.105700 0.054400 0.079600 0.023100 0.000000 0.062800 0.030800 0.038600 0.038700 0.079600 0.105000 0.007400 0.123300 0.063200 0.062800 0.022900 0.000000 0.070300 0.030600 0.071300 0.062900 0.063000
Impala 0.094900 0.248800 0.130500 0.282100 0.070200 0.094900 0.078200 0.062200 0.121900 0.206600 0.087000 0.112400 0.070700 0.111700 0.078400 0.078400 0.087400 0.112500 0.095000 0.130500 0.062100 0.086800 0.158100 0.139700 0.087000 0.062400 0.070700 0.139200 0.078400 0.130500 0.177300 0.095000 0.148800 0.079300 0.070500 0.130100 0.103900 0.086900 0.095500 0.148400 0.158100 0.062100 0.196600 0.131000 0.130100 0.078400 0.070300 0.000000 0.086700 0.122200 0.130200 0.130500
Klipspring 0.054300 0.189300 0.087900 0.231200 0.046400 0.054300 0.054300 0.022900 0.096400 0.123300 0.046600 0.070900 0.046500 0.070400 0.054200 0.038500 0.079000 0.087200 0.054400 0.087900 0.022900 0.046400 0.096300 0.063000 0.046600 0.022900 0.046500 0.096300 0.038500 0.087900 0.096900 0.054400 0.104700 0.054700 0.030700 0.087700 0.062700 0.046500 0.038600 0.071100 0.096300 0.022900 0.114300 0.054900 0.087700 0.038400 0.030600 0.086700 0.000000 0.096200 0.087700 0.087900
ForestMusk 0.096300 0.229400 0.088000 0.252200 0.079000 0.096300 0.104800 0.088200 0.079800 0.169000 0.088300 0.071000 0.088300 0.113300 0.104700 0.088000 0.071200 0.113100 0.105000 0.088000 0.071300 0.088100 0.122600 0.105000 0.088300 0.071400 0.088300 0.096400 0.088000 0.088000 0.141000 0.113700 0.096200 0.097200 0.071400 0.087800 0.088300 0.096000 0.105600 0.113400 0.122600 0.071300 0.159400 0.096500 0.087800 0.087700 0.071300 0.122200 0.096200 0.000000 0.104800 0.088000
Bushbuck 0.071000 0.199200 0.015100 0.262300 0.070500 0.071000 0.096000 0.079400 0.022800 0.150400 0.079600 0.062700 0.079700 0.113100 0.096100 0.079400 0.079400 0.087600 0.096100 0.014800 0.062800 0.079400 0.122400 0.096500 0.079600 0.063100 0.079700 0.022800 0.079400 0.014800 0.123200 0.114000 0.105100 0.088500 0.063100 0.079300 0.096600 0.087700 0.096600 0.105000 0.122400 0.062800 0.141200 0.088100 0.079300 0.079400 0.062900 0.130200 0.087700 0.104800 0.000000 0.014800
GreaterKud 0.087800 0.200300 0.000000 0.262000 0.070600 0.088100 0.096300 0.079600 0.007500 0.132600 0.079900 0.062700 0.079900 0.113400 0.096400 0.079600 0.063100 0.087900 0.096400 0.000000 0.063000 0.079600 0.105200 0.079800 0.079900 0.063300 0.079900 0.007500 0.079600 0.000000 0.106000 0.113700 0.088200 0.088700 0.063300 0.079300 0.096900 0.087400 0.096900 0.088200 0.105200 0.063000 0.123600 0.071600 0.079300 0.079600 0.063000 0.130500 0.087900 0.088000 0.014800 0.000000
