CODONML (in paml version 4.10.7, June 2023)  /home/rachel/ruminants_paml/6406-phy-tree/ENSBTAT00000015907.fasta.phy
Model: free dN/dS Ratios for branches,  kappa = 2.000 fixed

Codon frequency model: F3x4
ns =  54  ls =  28

Codon usage in sequences
--------------------------------------------------------------------------------------------------------------------------------------
Phe TTT   2   1   2   2   1   1 | Ser TCT   0   0   0   0   0   0 | Tyr TAT   1   0   1   1   0   0 | Cys TGT   0   0   0   0   0   0
    TTC   0   1   0   0   1   1 |     TCC   0   0   0   0   0   0 |     TAC   0   1   0   0   1   1 |     TGC   0   0   0   0   0   0
Leu TTA   0   0   0   0   0   0 |     TCA   0   0   0   0   0   0 | *** TAA   0   0   0   0   0   0 | *** TGA   0   0   0   0   0   0
    TTG   0   0   0   0   0   0 |     TCG   0   0   0   0   0   0 |     TAG   0   0   0   0   0   0 | Trp TGG   0   0   0   0   0   0
--------------------------------------------------------------------------------------------------------------------------------------
Leu CTT   0   0   0   0   0   0 | Pro CCT   0   0   0   0   0   1 | His CAT   0   0   0   0   0   0 | Arg CGT   0   0   0   0   0   0
    CTC   1   1   1   1   2   1 |     CCC   1   1   1   1   1   0 |     CAC   1   1   1   1   1   1 |     CGC   0   0   0   0   0   0
    CTA   2   1   2   2   1   1 |     CCA   0   0   0   0   0   0 | Gln CAA   1   1   1   1   1   1 |     CGA   0   0   0   0   0   0
    CTG   1   2   1   1   1   2 |     CCG   0   0   0   0   0   0 |     CAG   0   0   0   0   0   0 |     CGG   0   0   0   0   0   0
--------------------------------------------------------------------------------------------------------------------------------------
Ile ATT   0   0   0   0   0   0 | Thr ACT   0   0   0   0   0   0 | Asn AAT   0   0   0   0   0   0 | Ser AGT   0   0   0   0   0   0
    ATC   1   1   1   1   0   1 |     ACC   1   1   1   1   1   1 |     AAC   1   1   1   1   1   1 |     AGC   0   0   0   0   0   0
    ATA   0   0   0   0   1   0 |     ACA   1   0   1   1   1   1 | Lys AAA   1   1   1   1   1   1 | Arg AGA   1   1   1   1   1   1
Met ATG   1   1   1   1   1   1 |     ACG   0   1   0   0   0   0 |     AAG   0   0   0   0   0   0 |     AGG   0   0   0   0   0   0
--------------------------------------------------------------------------------------------------------------------------------------
Val GTT   0   1   1   1   1   1 | Ala GCT   1   0   1   1   1   1 | Asp GAT   1   0   1   1   1   1 | Gly GGT   0   0   0   0   0   0
    GTC   2   1   1   1   1   1 |     GCC   1   2   2   2   2   2 |     GAC   0   1   0   0   0   0 |     GGC   0   0   0   0   0   0
    GTA   0   0   0   0   0   0 |     GCA   2   1   1   1   1   1 | Glu GAA   2   2   2   2   2   2 |     GGA   0   0   0   0   0   0
    GTG   0   0   0   0   0   0 |     GCG   0   1   0   0   0   0 |     GAG   2   2   2   2   2   2 |     GGG   0   0   0   0   0   0
--------------------------------------------------------------------------------------------------------------------------------------

--------------------------------------------------------------------------------------------------------------------------------------
Phe TTT   2   2   2   2   2   2 | Ser TCT   0   0   0   0   0   0 | Tyr TAT   1   1   1   1   1   1 | Cys TGT   0   0   0   0   0   0
    TTC   0   0   0   0   0   0 |     TCC   0   0   0   0   0   0 |     TAC   0   0   0   0   0   0 |     TGC   0   0   0   0   0   0
Leu TTA   0   0   0   0   0   0 |     TCA   0   0   0   0   0   0 | *** TAA   0   0   0   0   0   0 | *** TGA   0   0   0   0   0   0
    TTG   0   0   0   0   0   0 |     TCG   0   0   0   0   0   0 |     TAG   0   0   0   0   0   0 | Trp TGG   0   0   0   0   0   0
--------------------------------------------------------------------------------------------------------------------------------------
Leu CTT   0   0   0   0   0   0 | Pro CCT   0   0   0   0   0   0 | His CAT   0   0   0   0   0   0 | Arg CGT   0   0   0   0   0   0
    CTC   1   1   1   1   1   1 |     CCC   1   1   1   1   1   1 |     CAC   1   1   1   1   1   1 |     CGC   0   0   0   0   0   0
    CTA   1   2   2   2   2   2 |     CCA   0   0   0   0   0   0 | Gln CAA   1   1   1   1   1   1 |     CGA   0   0   0   0   0   0
    CTG   2   1   1   1   1   1 |     CCG   0   0   0   0   0   0 |     CAG   0   0   0   0   0   0 |     CGG   0   0   0   0   0   0
--------------------------------------------------------------------------------------------------------------------------------------
Ile ATT   0   0   0   0   0   0 | Thr ACT   0   0   0   0   0   0 | Asn AAT   0   0   0   0   0   0 | Ser AGT   0   0   0   0   0   0
    ATC   1   1   1   1   1   1 |     ACC   1   1   1   1   1   1 |     AAC   1   1   1   1   1   1 |     AGC   0   0   0   0   0   0
    ATA   0   0   0   0   0   0 |     ACA   1   1   1   1   1   1 | Lys AAA   1   1   1   1   1   1 | Arg AGA   1   1   1   0   1   1
Met ATG   1   1   1   1   1   1 |     ACG   0   0   0   0   0   0 |     AAG   0   0   0   0   0   0 |     AGG   0   0   0   1   0   0
--------------------------------------------------------------------------------------------------------------------------------------
Val GTT   1   0   1   1   1   1 | Ala GCT   1   1   1   1   1   1 | Asp GAT   1   1   1   1   1   1 | Gly GGT   0   0   0   0   0   0
    GTC   1   2   1   1   1   1 |     GCC   1   1   1   2   2   2 |     GAC   0   0   0   0   0   0 |     GGC   0   0   0   0   0   0
    GTA   0   0   0   0   0   0 |     GCA   2   2   1   1   1   1 | Glu GAA   2   2   2   2   2   2 |     GGA   0   0   0   0   0   0
    GTG   0   0   0   0   0   0 |     GCG   0   0   1   0   0   0 |     GAG   2   2   2   2   2   2 |     GGG   0   0   0   0   0   0
--------------------------------------------------------------------------------------------------------------------------------------

--------------------------------------------------------------------------------------------------------------------------------------
Phe TTT   2   2   2   2   2   2 | Ser TCT   0   0   0   0   0   0 | Tyr TAT   1   1   1   1   1   1 | Cys TGT   0   0   0   0   0   0
    TTC   0   0   0   0   0   0 |     TCC   0   0   0   0   0   0 |     TAC   0   0   0   0   0   0 |     TGC   0   0   0   0   0   0
Leu TTA   0   0   0   0   0   0 |     TCA   0   0   0   0   0   0 | *** TAA   0   0   0   0   0   0 | *** TGA   0   0   0   0   0   0
    TTG   0   0   0   0   0   0 |     TCG   0   0   0   0   0   0 |     TAG   0   0   0   0   0   0 | Trp TGG   0   0   0   0   0   0
--------------------------------------------------------------------------------------------------------------------------------------
Leu CTT   0   0   0   0   0   0 | Pro CCT   0   1   0   0   0   0 | His CAT   0   0   0   0   0   0 | Arg CGT   0   0   0   0   0   0
    CTC   1   1   1   1   1   1 |     CCC   1   0   1   1   1   1 |     CAC   1   1   1   1   1   1 |     CGC   0   0   0   0   0   0
    CTA   2   2   2   2   2   2 |     CCA   0   0   0   0   0   0 | Gln CAA   1   1   1   1   1   1 |     CGA   0   0   0   0   0   0
    CTG   1   1   1   1   1   1 |     CCG   0   0   0   0   0   0 |     CAG   0   0   0   0   0   0 |     CGG   0   0   0   0   0   0
--------------------------------------------------------------------------------------------------------------------------------------
Ile ATT   0   0   0   0   0   0 | Thr ACT   0   0   0   0   0   0 | Asn AAT   0   0   0   0   0   0 | Ser AGT   0   0   0   0   0   0
    ATC   1   1   1   1   1   1 |     ACC   1   1   1   1   1   1 |     AAC   1   1   1   1   1   1 |     AGC   0   0   0   0   0   0
    ATA   0   0   0   0   0   0 |     ACA   1   1   1   1   1   1 | Lys AAA   1   1   1   1   1   1 | Arg AGA   1   1   1   1   1   0
Met ATG   1   1   1   1   1   1 |     ACG   0   0   0   0   0   0 |     AAG   0   0   0   0   0   0 |     AGG   0   0   0   0   0   1
--------------------------------------------------------------------------------------------------------------------------------------
Val GTT   0   1   1   1   1   1 | Ala GCT   1   1   1   1   1   1 | Asp GAT   1   1   1   1   1   1 | Gly GGT   0   0   0   0   0   0
    GTC   2   1   1   1   1   1 |     GCC   1   2   1   1   3   2 |     GAC   0   0   0   0   0   0 |     GGC   0   0   0   0   0   0
    GTA   0   0   0   0   0   0 |     GCA   2   1   2   2   0   1 | Glu GAA   2   2   2   2   2   2 |     GGA   0   0   0   0   0   0
    GTG   0   0   0   0   0   0 |     GCG   0   0   0   0   0   0 |     GAG   2   2   2   2   2   2 |     GGG   0   0   0   0   0   0
--------------------------------------------------------------------------------------------------------------------------------------

--------------------------------------------------------------------------------------------------------------------------------------
Phe TTT   2   2   1   1   2   2 | Ser TCT   0   0   0   0   0   0 | Tyr TAT   1   1   1   1   1   1 | Cys TGT   0   0   0   0   0   0
    TTC   0   0   1   1   0   0 |     TCC   0   0   0   0   0   0 |     TAC   0   0   0   0   0   0 |     TGC   0   0   0   0   0   0
Leu TTA   0   0   0   0   0   0 |     TCA   0   0   0   0   0   0 | *** TAA   0   0   0   0   0   0 | *** TGA   0   0   0   0   0   0
    TTG   0   0   0   0   0   0 |     TCG   0   0   0   0   0   0 |     TAG   0   0   0   0   0   0 | Trp TGG   0   0   0   0   0   0
--------------------------------------------------------------------------------------------------------------------------------------
Leu CTT   0   0   0   0   0   0 | Pro CCT   0   0   0   0   0   0 | His CAT   0   0   0   0   0   0 | Arg CGT   0   0   0   0   0   0
    CTC   1   1   1   1   1   1 |     CCC   1   1   1   1   1   1 |     CAC   1   1   1   1   1   1 |     CGC   0   0   0   0   0   0
    CTA   2   2   2   2   2   2 |     CCA   0   0   0   0   0   0 | Gln CAA   1   1   1   1   1   1 |     CGA   0   0   0   0   0   0
    CTG   1   1   1   1   1   1 |     CCG   0   0   0   0   0   0 |     CAG   0   0   0   0   0   0 |     CGG   0   0   0   0   0   0
--------------------------------------------------------------------------------------------------------------------------------------
Ile ATT   0   0   0   0   0   0 | Thr ACT   0   0   0   0   0   0 | Asn AAT   0   0   0   0   0   0 | Ser AGT   0   0   0   0   0   0
    ATC   1   1   1   1   1   1 |     ACC   1   1   1   1   1   1 |     AAC   1   1   1   1   1   1 |     AGC   0   0   0   0   0   0
    ATA   0   0   0   0   0   0 |     ACA   1   1   1   1   1   1 | Lys AAA   1   1   1   1   1   1 | Arg AGA   1   1   1   1   0   1
Met ATG   1   1   1   1   1   1 |     ACG   0   0   0   0   0   0 |     AAG   0   0   0   0   0   0 |     AGG   0   0   0   0   1   0
--------------------------------------------------------------------------------------------------------------------------------------
Val GTT   1   1   0   1   1   0 | Ala GCT   1   1   1   1   0   1 | Asp GAT   1   1   0   1   1   1 | Gly GGT   0   0   0   0   0   0
    GTC   1   1   2   1   1   2 |     GCC   2   2   1   2   3   1 |     GAC   0   0   1   0   0   0 |     GGC   0   0   0   0   0   0
    GTA   0   0   0   0   0   0 |     GCA   1   1   1   1   1   2 | Glu GAA   2   2   2   2   2   2 |     GGA   0   0   0   0   0   0
    GTG   0   0   0   0   0   0 |     GCG   0   0   1   0   0   0 |     GAG   2   2   2   2   2   2 |     GGG   0   0   0   0   0   0
--------------------------------------------------------------------------------------------------------------------------------------

--------------------------------------------------------------------------------------------------------------------------------------
Phe TTT   2   2   2   2   2   1 | Ser TCT   0   0   0   0   0   0 | Tyr TAT   1   1   1   1   1   1 | Cys TGT   0   0   0   0   0   0
    TTC   0   0   0   0   0   1 |     TCC   0   0   0   0   0   0 |     TAC   0   0   0   0   0   0 |     TGC   0   0   0   0   0   0
Leu TTA   0   0   0   0   0   0 |     TCA   0   0   0   0   0   0 | *** TAA   0   0   0   0   0   0 | *** TGA   0   0   0   0   0   0
    TTG   0   0   0   0   0   0 |     TCG   0   0   0   0   0   0 |     TAG   0   0   0   0   0   0 | Trp TGG   0   0   0   0   0   0
--------------------------------------------------------------------------------------------------------------------------------------
Leu CTT   0   0   0   0   0   0 | Pro CCT   1   0   0   1   0   0 | His CAT   0   0   0   0   0   0 | Arg CGT   0   0   0   0   0   0
    CTC   1   1   1   1   1   1 |     CCC   0   1   1   0   1   1 |     CAC   1   1   1   1   1   1 |     CGC   0   0   0   0   0   0
    CTA   2   2   2   2   2   2 |     CCA   0   0   0   0   0   0 | Gln CAA   1   1   1   1   1   1 |     CGA   0   0   0   0   0   0
    CTG   1   1   1   1   1   1 |     CCG   0   0   0   0   0   0 |     CAG   0   0   0   0   0   0 |     CGG   0   0   0   0   0   0
--------------------------------------------------------------------------------------------------------------------------------------
Ile ATT   0   0   0   0   0   0 | Thr ACT   0   0   0   0   0   0 | Asn AAT   0   0   0   0   0   0 | Ser AGT   0   0   0   0   0   0
    ATC   1   1   1   1   1   1 |     ACC   1   1   1   1   1   1 |     AAC   1   1   1   1   1   1 |     AGC   0   0   0   0   0   0
    ATA   0   0   0   0   0   0 |     ACA   1   1   1   1   1   1 | Lys AAA   1   1   1   1   1   1 | Arg AGA   1   1   1   0   1   1
Met ATG   1   1   1   1   1   1 |     ACG   0   0   0   0   0   0 |     AAG   0   0   0   0   0   0 |     AGG   0   0   0   1   0   0
--------------------------------------------------------------------------------------------------------------------------------------
Val GTT   1   1   0   1   1   1 | Ala GCT   1   1   1   1   1   1 | Asp GAT   1   1   1   1   1   1 | Gly GGT   0   0   0   0   0   0
    GTC   1   1   2   1   1   1 |     GCC   2   1   1   2   1   2 |     GAC   0   0   0   0   0   0 |     GGC   0   0   0   0   0   0
    GTA   0   0   0   0   0   0 |     GCA   1   1   2   1   2   1 | Glu GAA   2   2   2   2   2   2 |     GGA   0   0   0   0   0   0
    GTG   0   0   0   0   0   0 |     GCG   0   1   0   0   0   0 |     GAG   2   2   2   2   2   2 |     GGG   0   0   0   0   0   0
--------------------------------------------------------------------------------------------------------------------------------------

--------------------------------------------------------------------------------------------------------------------------------------
Phe TTT   2   2   2   2   2   2 | Ser TCT   0   0   0   0   0   0 | Tyr TAT   1   1   1   1   1   1 | Cys TGT   0   0   0   0   0   0
    TTC   0   0   0   0   0   0 |     TCC   0   0   0   0   0   0 |     TAC   0   0   0   0   0   0 |     TGC   0   0   0   0   0   0
Leu TTA   0   0   0   0   0   0 |     TCA   0   0   0   0   0   0 | *** TAA   0   0   0   0   0   0 | *** TGA   0   0   0   0   0   0
    TTG   0   0   0   0   0   0 |     TCG   0   0   0   0   0   0 |     TAG   0   0   0   0   0   0 | Trp TGG   0   0   0   0   0   0
--------------------------------------------------------------------------------------------------------------------------------------
Leu CTT   0   0   0   0   0   0 | Pro CCT   0   0   0   0   0   0 | His CAT   0   0   0   0   0   0 | Arg CGT   0   0   0   0   0   0
    CTC   1   1   1   2   1   1 |     CCC   1   1   1   1   1   1 |     CAC   1   1   1   1   1   1 |     CGC   0   0   0   0   0   0
    CTA   2   2   2   1   2   2 |     CCA   0   0   0   0   0   0 | Gln CAA   1   1   1   1   1   1 |     CGA   0   0   0   0   0   0
    CTG   1   1   1   1   1   1 |     CCG   0   0   0   0   0   0 |     CAG   0   0   0   0   0   0 |     CGG   0   0   0   0   0   0
--------------------------------------------------------------------------------------------------------------------------------------
Ile ATT   0   0   0   0   0   0 | Thr ACT   0   0   0   0   0   0 | Asn AAT   0   0   0   0   0   0 | Ser AGT   0   0   0   0   0   0
    ATC   1   1   1   1   1   1 |     ACC   1   1   1   1   1   1 |     AAC   1   1   1   1   1   1 |     AGC   0   0   0   0   0   0
    ATA   0   0   0   0   0   0 |     ACA   1   1   1   1   1   1 | Lys AAA   1   1   1   1   1   1 | Arg AGA   0   1   1   1   1   1
Met ATG   1   1   1   1   1   1 |     ACG   0   0   0   0   0   0 |     AAG   0   0   0   0   0   0 |     AGG   1   0   0   0   0   0
--------------------------------------------------------------------------------------------------------------------------------------
Val GTT   1   1   1   1   1   1 | Ala GCT   1   1   1   1   1   1 | Asp GAT   1   1   1   1   1   1 | Gly GGT   0   0   0   0   0   0
    GTC   1   1   1   1   1   1 |     GCC   2   2   2   1   2   1 |     GAC   0   0   0   0   0   0 |     GGC   0   0   0   0   0   0
    GTA   0   0   0   0   0   0 |     GCA   1   1   1   2   1   2 | Glu GAA   2   2   2   2   2   2 |     GGA   0   0   0   0   0   0
    GTG   0   0   0   0   0   0 |     GCG   0   0   0   0   0   0 |     GAG   2   2   2   2   2   2 |     GGG   0   0   0   0   0   0
--------------------------------------------------------------------------------------------------------------------------------------

--------------------------------------------------------------------------------------------------------------------------------------
Phe TTT   2   2   2   2   1   2 | Ser TCT   0   0   0   0   0   0 | Tyr TAT   1   0   1   1   1   1 | Cys TGT   0   0   0   0   0   0
    TTC   0   0   0   0   1   0 |     TCC   0   0   0   0   0   0 |     TAC   0   1   0   0   0   0 |     TGC   0   0   0   0   0   0
Leu TTA   0   0   0   0   1   0 |     TCA   0   0   0   0   0   0 | *** TAA   0   0   0   0   0   0 | *** TGA   0   0   0   0   0   0
    TTG   0   0   0   0   0   0 |     TCG   0   0   0   0   0   0 |     TAG   0   0   0   0   0   0 | Trp TGG   0   0   0   0   0   0
--------------------------------------------------------------------------------------------------------------------------------------
Leu CTT   0   0   0   0   0   0 | Pro CCT   0   1   0   0   0   0 | His CAT   0   0   0   0   0   0 | Arg CGT   0   0   0   0   0   0
    CTC   1   1   1   1   1   1 |     CCC   1   0   1   1   1   1 |     CAC   1   1   1   1   1   1 |     CGC   0   0   0   0   0   0
    CTA   2   2   2   1   1   2 |     CCA   0   0   0   0   0   0 | Gln CAA   1   1   1   1   1   1 |     CGA   0   0   0   0   0   0
    CTG   1   1   1   2   1   1 |     CCG   0   0   0   0   0   0 |     CAG   0   0   0   0   0   0 |     CGG   0   0   0   0   0   0
--------------------------------------------------------------------------------------------------------------------------------------
Ile ATT   0   0   0   0   0   0 | Thr ACT   0   0   0   0   0   0 | Asn AAT   0   0   0   0   0   0 | Ser AGT   0   0   0   0   0   0
    ATC   1   1   1   1   1   1 |     ACC   1   1   1   1   1   1 |     AAC   1   1   1   1   1   1 |     AGC   0   0   0   0   0   0
    ATA   0   0   0   0   0   0 |     ACA   1   1   1   1   1   1 | Lys AAA   1   1   1   1   1   1 | Arg AGA   1   1   1   1   0   1
Met ATG   1   1   1   1   0   1 |     ACG   0   0   0   0   0   0 |     AAG   0   0   0   0   0   0 |     AGG   0   0   0   0   1   0
--------------------------------------------------------------------------------------------------------------------------------------
Val GTT   1   1   0   1   1   1 | Ala GCT   1   1   1   1   1   1 | Asp GAT   1   1   1   1   0   1 | Gly GGT   0   0   0   0   0   0
    GTC   1   1   2   1   1   1 |     GCC   1   2   1   1   1   2 |     GAC   0   0   0   0   1   0 |     GGC   0   0   0   0   0   0
    GTA   0   0   0   0   0   0 |     GCA   2   1   2   2   1   1 | Glu GAA   2   2   2   2   2   2 |     GGA   0   0   0   0   0   0
    GTG   0   0   0   0   1   0 |     GCG   0   0   0   0   1   0 |     GAG   2   2   2   2   2   2 |     GGG   0   0   0   0   0   0
--------------------------------------------------------------------------------------------------------------------------------------

--------------------------------------------------------------------------------------------------------------------------------------
Phe TTT   2   2   2   2   2   2 | Ser TCT   0   0   0   0   0   0 | Tyr TAT   1   1   1   1   0   1 | Cys TGT   0   0   0   0   0   0
    TTC   0   0   0   0   0   0 |     TCC   0   0   0   0   0   0 |     TAC   0   0   0   0   1   0 |     TGC   0   0   0   0   0   0
Leu TTA   0   0   0   0   0   0 |     TCA   0   0   0   0   0   0 | *** TAA   0   0   0   0   0   0 | *** TGA   0   0   0   0   0   0
    TTG   0   0   0   0   0   0 |     TCG   0   0   0   0   0   0 |     TAG   0   0   0   0   0   0 | Trp TGG   0   0   0   0   0   0
--------------------------------------------------------------------------------------------------------------------------------------
Leu CTT   0   0   0   0   0   0 | Pro CCT   1   0   1   1   1   0 | His CAT   0   0   0   0   0   0 | Arg CGT   0   0   0   0   0   0
    CTC   1   1   1   1   1   1 |     CCC   0   1   0   0   0   1 |     CAC   1   1   1   1   1   1 |     CGC   0   0   0   0   0   0
    CTA   2   2   2   2   2   2 |     CCA   0   0   0   0   0   0 | Gln CAA   1   1   1   1   1   1 |     CGA   0   0   0   0   0   0
    CTG   1   1   1   1   1   1 |     CCG   0   0   0   0   0   0 |     CAG   0   0   0   0   0   0 |     CGG   0   0   0   0   0   0
--------------------------------------------------------------------------------------------------------------------------------------
Ile ATT   0   0   0   0   0   0 | Thr ACT   0   0   0   0   0   0 | Asn AAT   0   0   0   0   0   0 | Ser AGT   0   0   0   0   0   0
    ATC   1   1   1   1   1   1 |     ACC   1   1   1   1   1   1 |     AAC   1   1   1   1   1   1 |     AGC   0   0   0   0   0   0
    ATA   0   0   0   0   0   0 |     ACA   1   1   1   1   1   0 | Lys AAA   1   1   1   1   1   1 | Arg AGA   1   0   1   1   1   1
Met ATG   1   1   1   1   1   1 |     ACG   0   0   0   0   0   1 |     AAG   0   0   0   0   0   0 |     AGG   0   1   0   0   0   0
--------------------------------------------------------------------------------------------------------------------------------------
Val GTT   1   1   1   1   1   1 | Ala GCT   1   1   1   1   1   1 | Asp GAT   1   1   1   1   1   1 | Gly GGT   0   0   0   0   0   0
    GTC   1   1   1   1   1   1 |     GCC   2   2   2   1   2   1 |     GAC   0   0   0   0   0   0 |     GGC   0   0   0   0   0   0
    GTA   0   0   0   0   0   0 |     GCA   1   1   1   1   1   2 | Glu GAA   2   2   2   2   2   2 |     GGA   0   0   0   0   0   0
    GTG   0   0   0   0   0   0 |     GCG   0   0   0   1   0   0 |     GAG   2   2   2   2   2   2 |     GGG   0   0   0   0   0   0
--------------------------------------------------------------------------------------------------------------------------------------

--------------------------------------------------------------------------------------------------------------------------------------
Phe TTT   2   2   2   2   1   2 | Ser TCT   0   0   0   0   0   0 | Tyr TAT   1   1   1   1   1   1 | Cys TGT   0   0   0   0   0   0
    TTC   0   0   0   0   1   0 |     TCC   0   0   0   0   0   0 |     TAC   0   0   0   0   0   0 |     TGC   0   0   0   0   0   0
Leu TTA   0   0   0   0   0   0 |     TCA   0   0   0   0   0   0 | *** TAA   0   0   0   0   0   0 | *** TGA   0   0   0   0   0   0
    TTG   0   0   0   0   0   0 |     TCG   0   0   0   0   0   0 |     TAG   0   0   0   0   0   0 | Trp TGG   0   0   0   0   0   0
--------------------------------------------------------------------------------------------------------------------------------------
Leu CTT   0   0   0   0   0   0 | Pro CCT   0   1   0   0   0   0 | His CAT   0   0   0   0   0   0 | Arg CGT   0   0   0   0   0   0
    CTC   1   1   1   1   1   1 |     CCC   1   0   1   1   1   1 |     CAC   1   1   1   1   1   1 |     CGC   0   0   0   0   0   0
    CTA   2   2   2   2   2   2 |     CCA   0   0   0   0   0   0 | Gln CAA   1   1   1   1   1   1 |     CGA   0   0   0   0   0   0
    CTG   1   1   1   1   1   1 |     CCG   0   0   0   0   0   0 |     CAG   0   0   0   0   0   0 |     CGG   0   0   0   0   0   0
--------------------------------------------------------------------------------------------------------------------------------------
Ile ATT   0   0   0   0   0   0 | Thr ACT   0   0   1   0   0   0 | Asn AAT   0   0   0   0   0   0 | Ser AGT   0   0   0   0   0   0
    ATC   1   1   1   1   1   1 |     ACC   1   1   0   1   1   1 |     AAC   1   1   1   1   1   1 |     AGC   0   0   0   0   0   0
    ATA   0   0   0   0   0   0 |     ACA   1   1   1   1   1   1 | Lys AAA   1   1   1   1   1   1 | Arg AGA   0   1   1   1   1   1
Met ATG   1   1   1   1   1   1 |     ACG   0   0   0   0   0   0 |     AAG   0   0   0   0   0   0 |     AGG   1   0   0   0   0   0
--------------------------------------------------------------------------------------------------------------------------------------
Val GTT   1   1   1   1   1   1 | Ala GCT   1   1   1   1   1   1 | Asp GAT   1   1   1   1   1   1 | Gly GGT   0   0   0   0   0   0
    GTC   1   1   1   1   1   1 |     GCC   2   2   1   2   2   2 |     GAC   0   0   0   0   0   0 |     GGC   0   0   0   0   0   0
    GTA   0   0   0   0   0   0 |     GCA   1   1   2   1   1   1 | Glu GAA   2   2   2   2   2   2 |     GGA   0   0   0   0   0   0
    GTG   0   0   0   0   0   0 |     GCG   0   0   0   0   0   0 |     GAG   2   2   2   2   2   2 |     GGG   0   0   0   0   0   0
--------------------------------------------------------------------------------------------------------------------------------------

Codon position x base (3x4) table for each sequence.

#1: Argali         
position  1:    T:0.10714    C:0.25000    A:0.25000    G:0.39286
position  2:    T:0.35714    C:0.25000    A:0.35714    G:0.03571
position  3:    T:0.17857    C:0.32143    A:0.35714    G:0.14286
Average         T:0.21429    C:0.27381    A:0.32143    G:0.19048

#2: LesserMouseDeer
position  1:    T:0.10714    C:0.25000    A:0.25000    G:0.39286
position  2:    T:0.35714    C:0.25000    A:0.35714    G:0.03571
position  3:    T:0.07143    C:0.42857    A:0.25000    G:0.25000
Average         T:0.17857    C:0.30952    A:0.28571    G:0.22619

#3: LesserKudu     
position  1:    T:0.10714    C:0.25000    A:0.25000    G:0.39286
position  2:    T:0.35714    C:0.25000    A:0.35714    G:0.03571
position  3:    T:0.21429    C:0.32143    A:0.32143    G:0.14286
Average         T:0.22619    C:0.27381    A:0.30952    G:0.19048

#4: ForestMuskDeer2
position  1:    T:0.10714    C:0.25000    A:0.25000    G:0.39286
position  2:    T:0.35714    C:0.25000    A:0.35714    G:0.03571
position  3:    T:0.21429    C:0.32143    A:0.32143    G:0.14286
Average         T:0.22619    C:0.27381    A:0.30952    G:0.19048

#5: Camel          
position  1:    T:0.10714    C:0.25000    A:0.25000    G:0.39286
position  2:    T:0.35714    C:0.25000    A:0.35714    G:0.03571
position  3:    T:0.14286    C:0.39286    A:0.32143    G:0.14286
Average         T:0.20238    C:0.29762    A:0.30952    G:0.19048

#6: KillerWhale    
position  1:    T:0.10714    C:0.25000    A:0.25000    G:0.39286
position  2:    T:0.35714    C:0.25000    A:0.35714    G:0.03571
position  3:    T:0.17857    C:0.35714    A:0.28571    G:0.17857
Average         T:0.21429    C:0.28571    A:0.29762    G:0.20238

#7: DefassaWaterbuck
position  1:    T:0.10714    C:0.25000    A:0.25000    G:0.39286
position  2:    T:0.35714    C:0.25000    A:0.35714    G:0.03571
position  3:    T:0.21429    C:0.28571    A:0.32143    G:0.17857
Average         T:0.22619    C:0.26190    A:0.30952    G:0.20238

#8: Sheep          
position  1:    T:0.10714    C:0.25000    A:0.25000    G:0.39286
position  2:    T:0.35714    C:0.25000    A:0.35714    G:0.03571
position  3:    T:0.17857    C:0.32143    A:0.35714    G:0.14286
Average         T:0.21429    C:0.27381    A:0.32143    G:0.19048

#9: MaxwellsDuiker 
position  1:    T:0.10714    C:0.25000    A:0.25000    G:0.39286
position  2:    T:0.35714    C:0.25000    A:0.35714    G:0.03571
position  3:    T:0.21429    C:0.28571    A:0.32143    G:0.17857
Average         T:0.22619    C:0.26190    A:0.30952    G:0.20238

#10: GazellaPrzewalskyi
position  1:    T:0.10714    C:0.25000    A:0.25000    G:0.39286
position  2:    T:0.35714    C:0.25000    A:0.35714    G:0.03571
position  3:    T:0.21429    C:0.32143    A:0.28571    G:0.17857
Average         T:0.22619    C:0.27381    A:0.29762    G:0.20238

#11: MountainNyala  
position  1:    T:0.10714    C:0.25000    A:0.25000    G:0.39286
position  2:    T:0.35714    C:0.25000    A:0.35714    G:0.03571
position  3:    T:0.21429    C:0.32143    A:0.32143    G:0.14286
Average         T:0.22619    C:0.27381    A:0.30952    G:0.19048

#12: MuntiacusMuntjak
position  1:    T:0.10714    C:0.25000    A:0.25000    G:0.39286
position  2:    T:0.35714    C:0.25000    A:0.35714    G:0.03571
position  3:    T:0.21429    C:0.32143    A:0.32143    G:0.14286
Average         T:0.22619    C:0.27381    A:0.30952    G:0.19048

#13: goat           
position  1:    T:0.10714    C:0.25000    A:0.25000    G:0.39286
position  2:    T:0.35714    C:0.25000    A:0.35714    G:0.03571
position  3:    T:0.17857    C:0.32143    A:0.35714    G:0.14286
Average         T:0.21429    C:0.27381    A:0.32143    G:0.19048

#14: AfricanBuffalo 
position  1:    T:0.10714    C:0.25000    A:0.25000    G:0.39286
position  2:    T:0.35714    C:0.25000    A:0.35714    G:0.03571
position  3:    T:0.25000    C:0.28571    A:0.32143    G:0.14286
Average         T:0.23810    C:0.26190    A:0.30952    G:0.19048

#15: Topi           
position  1:    T:0.10714    C:0.25000    A:0.25000    G:0.39286
position  2:    T:0.35714    C:0.25000    A:0.35714    G:0.03571
position  3:    T:0.21429    C:0.28571    A:0.35714    G:0.14286
Average         T:0.22619    C:0.26190    A:0.32143    G:0.19048

#16: CommonDuiker   
position  1:    T:0.10714    C:0.25000    A:0.25000    G:0.39286
position  2:    T:0.35714    C:0.25000    A:0.35714    G:0.03571
position  3:    T:0.21429    C:0.28571    A:0.35714    G:0.14286
Average         T:0.22619    C:0.26190    A:0.32143    G:0.19048

#17: Suni           
position  1:    T:0.10714    C:0.25000    A:0.25000    G:0.39286
position  2:    T:0.35714    C:0.25000    A:0.35714    G:0.03571
position  3:    T:0.21429    C:0.35714    A:0.28571    G:0.14286
Average         T:0.22619    C:0.28571    A:0.29762    G:0.19048

#18: Springbuck     
position  1:    T:0.10714    C:0.25000    A:0.25000    G:0.39286
position  2:    T:0.35714    C:0.25000    A:0.35714    G:0.03571
position  3:    T:0.21429    C:0.32143    A:0.28571    G:0.17857
Average         T:0.22619    C:0.27381    A:0.29762    G:0.20238

#19: Okapi          
position  1:    T:0.10714    C:0.25000    A:0.25000    G:0.39286
position  2:    T:0.35714    C:0.25000    A:0.35714    G:0.03571
position  3:    T:0.21429    C:0.32143    A:0.32143    G:0.14286
Average         T:0.22619    C:0.27381    A:0.30952    G:0.19048

#20: Giraffe        
position  1:    T:0.10714    C:0.25000    A:0.25000    G:0.39286
position  2:    T:0.35714    C:0.25000    A:0.35714    G:0.03571
position  3:    T:0.21429    C:0.32143    A:0.32143    G:0.14286
Average         T:0.22619    C:0.27381    A:0.30952    G:0.19048

#21: TibetanAntelope
position  1:    T:0.10714    C:0.25000    A:0.25000    G:0.39286
position  2:    T:0.35714    C:0.25000    A:0.35714    G:0.03571
position  3:    T:0.10714    C:0.39286    A:0.32143    G:0.17857
Average         T:0.19048    C:0.29762    A:0.30952    G:0.20238

#22: Sitatunga      
position  1:    T:0.10714    C:0.25000    A:0.25000    G:0.39286
position  2:    T:0.35714    C:0.25000    A:0.35714    G:0.03571
position  3:    T:0.17857    C:0.35714    A:0.32143    G:0.14286
Average         T:0.21429    C:0.28571    A:0.30952    G:0.19048

#23: Oribi          
position  1:    T:0.10714    C:0.25000    A:0.25000    G:0.39286
position  2:    T:0.35714    C:0.25000    A:0.35714    G:0.03571
position  3:    T:0.17857    C:0.35714    A:0.28571    G:0.17857
Average         T:0.21429    C:0.28571    A:0.29762    G:0.20238

#24: BarbarySheep   
position  1:    T:0.10714    C:0.25000    A:0.25000    G:0.39286
position  2:    T:0.35714    C:0.25000    A:0.35714    G:0.03571
position  3:    T:0.17857    C:0.32143    A:0.35714    G:0.14286
Average         T:0.21429    C:0.27381    A:0.32143    G:0.19048

#25: Daviddeer      
position  1:    T:0.10714    C:0.25000    A:0.25000    G:0.39286
position  2:    T:0.35714    C:0.25000    A:0.35714    G:0.03571
position  3:    T:0.25000    C:0.28571    A:0.32143    G:0.14286
Average         T:0.23810    C:0.26190    A:0.30952    G:0.19048

#26: Reindeer       
position  1:    T:0.10714    C:0.25000    A:0.25000    G:0.39286
position  2:    T:0.35714    C:0.25000    A:0.35714    G:0.03571
position  3:    T:0.21429    C:0.28571    A:0.32143    G:0.17857
Average         T:0.22619    C:0.26190    A:0.30952    G:0.20238

#27: Ibex           
position  1:    T:0.10714    C:0.25000    A:0.25000    G:0.39286
position  2:    T:0.35714    C:0.25000    A:0.35714    G:0.03571
position  3:    T:0.17857    C:0.32143    A:0.35714    G:0.14286
Average         T:0.21429    C:0.27381    A:0.32143    G:0.19048

#28: GyrantGazelle  
position  1:    T:0.10714    C:0.25000    A:0.25000    G:0.39286
position  2:    T:0.35714    C:0.25000    A:0.35714    G:0.03571
position  3:    T:0.25000    C:0.28571    A:0.28571    G:0.17857
Average         T:0.23810    C:0.26190    A:0.29762    G:0.20238

#29: Hartebeest     
position  1:    T:0.10714    C:0.25000    A:0.25000    G:0.39286
position  2:    T:0.35714    C:0.25000    A:0.35714    G:0.03571
position  3:    T:0.21429    C:0.28571    A:0.35714    G:0.14286
Average         T:0.22619    C:0.26190    A:0.32143    G:0.19048

#30: Bongo          
position  1:    T:0.10714    C:0.25000    A:0.25000    G:0.39286
position  2:    T:0.35714    C:0.25000    A:0.35714    G:0.03571
position  3:    T:0.17857    C:0.35714    A:0.32143    G:0.14286
Average         T:0.21429    C:0.28571    A:0.30952    G:0.19048

#31: Gerenuk        
position  1:    T:0.10714    C:0.25000    A:0.25000    G:0.39286
position  2:    T:0.35714    C:0.25000    A:0.35714    G:0.03571
position  3:    T:0.21429    C:0.32143    A:0.28571    G:0.17857
Average         T:0.22619    C:0.27381    A:0.29762    G:0.20238

#32: CommonEland    
position  1:    T:0.10714    C:0.25000    A:0.25000    G:0.39286
position  2:    T:0.35714    C:0.25000    A:0.35714    G:0.03571
position  3:    T:0.21429    C:0.32143    A:0.32143    G:0.14286
Average         T:0.22619    C:0.27381    A:0.30952    G:0.19048

#33: MuntiacusReevesi
position  1:    T:0.10714    C:0.25000    A:0.25000    G:0.39286
position  2:    T:0.35714    C:0.25000    A:0.35714    G:0.03571
position  3:    T:0.21429    C:0.32143    A:0.32143    G:0.14286
Average         T:0.22619    C:0.27381    A:0.30952    G:0.19048

#34: HarveysDuiker  
position  1:    T:0.10714    C:0.25000    A:0.25000    G:0.39286
position  2:    T:0.35714    C:0.25000    A:0.35714    G:0.03571
position  3:    T:0.21429    C:0.32143    A:0.32143    G:0.14286
Average         T:0.22619    C:0.27381    A:0.30952    G:0.19048

#35: Pronghorn      
position  1:    T:0.10714    C:0.25000    A:0.25000    G:0.39286
position  2:    T:0.35714    C:0.25000    A:0.35714    G:0.03571
position  3:    T:0.21429    C:0.32143    A:0.32143    G:0.14286
Average         T:0.22619    C:0.27381    A:0.30952    G:0.19048

#36: BlueWildebeest 
position  1:    T:0.10714    C:0.25000    A:0.25000    G:0.39286
position  2:    T:0.35714    C:0.25000    A:0.35714    G:0.03571
position  3:    T:0.21429    C:0.28571    A:0.35714    G:0.14286
Average         T:0.22619    C:0.26190    A:0.32143    G:0.19048

#37: Gemsbok        
position  1:    T:0.10714    C:0.25000    A:0.25000    G:0.39286
position  2:    T:0.35714    C:0.25000    A:0.35714    G:0.03571
position  3:    T:0.21429    C:0.28571    A:0.35714    G:0.14286
Average         T:0.22619    C:0.26190    A:0.32143    G:0.19048

#38: Yak            
position  1:    T:0.10714    C:0.25000    A:0.25000    G:0.39286
position  2:    T:0.35714    C:0.25000    A:0.35714    G:0.03571
position  3:    T:0.21429    C:0.32143    A:0.32143    G:0.14286
Average         T:0.22619    C:0.27381    A:0.30952    G:0.19048

#39: BlueSheep      
position  1:    T:0.10714    C:0.25000    A:0.25000    G:0.39286
position  2:    T:0.35714    C:0.25000    A:0.35714    G:0.03571
position  3:    T:0.17857    C:0.32143    A:0.35714    G:0.14286
Average         T:0.21429    C:0.27381    A:0.32143    G:0.19048

#40: BohorReedbuck  
position  1:    T:0.10714    C:0.25000    A:0.25000    G:0.39286
position  2:    T:0.35714    C:0.25000    A:0.35714    G:0.03571
position  3:    T:0.21429    C:0.28571    A:0.32143    G:0.17857
Average         T:0.22619    C:0.26190    A:0.30952    G:0.20238

#41: KirksDik       
position  1:    T:0.14286    C:0.21429    A:0.21429    G:0.42857
position  2:    T:0.35714    C:0.25000    A:0.35714    G:0.03571
position  3:    T:0.14286    C:0.35714    A:0.28571    G:0.21429
Average         T:0.21429    C:0.27381    A:0.28571    G:0.22619

#42: RoeDeer        
position  1:    T:0.10714    C:0.25000    A:0.25000    G:0.39286
position  2:    T:0.35714    C:0.25000    A:0.35714    G:0.03571
position  3:    T:0.21429    C:0.32143    A:0.32143    G:0.14286
Average         T:0.22619    C:0.27381    A:0.30952    G:0.19048

#43: WhiteLippedDeer
position  1:    T:0.10714    C:0.25000    A:0.25000    G:0.39286
position  2:    T:0.35714    C:0.25000    A:0.35714    G:0.03571
position  3:    T:0.25000    C:0.28571    A:0.32143    G:0.14286
Average         T:0.23810    C:0.26190    A:0.30952    G:0.19048

#44: ThomsonGazelle 
position  1:    T:0.10714    C:0.25000    A:0.25000    G:0.39286
position  2:    T:0.35714    C:0.25000    A:0.35714    G:0.03571
position  3:    T:0.21429    C:0.32143    A:0.28571    G:0.17857
Average         T:0.22619    C:0.27381    A:0.29762    G:0.20238

#45: MuntiacusCrinifrons
position  1:    T:0.10714    C:0.25000    A:0.25000    G:0.39286
position  2:    T:0.35714    C:0.25000    A:0.35714    G:0.03571
position  3:    T:0.25000    C:0.28571    A:0.32143    G:0.14286
Average         T:0.23810    C:0.26190    A:0.30952    G:0.19048

#46: WhiteTailedDeer
position  1:    T:0.10714    C:0.25000    A:0.25000    G:0.39286
position  2:    T:0.35714    C:0.25000    A:0.35714    G:0.03571
position  3:    T:0.25000    C:0.25000    A:0.32143    G:0.17857
Average         T:0.23810    C:0.25000    A:0.30952    G:0.20238

#47: Cattle         
position  1:    T:0.10714    C:0.25000    A:0.25000    G:0.39286
position  2:    T:0.35714    C:0.25000    A:0.35714    G:0.03571
position  3:    T:0.21429    C:0.32143    A:0.32143    G:0.14286
Average         T:0.22619    C:0.27381    A:0.30952    G:0.19048

#48: RoyalAntelope  
position  1:    T:0.10714    C:0.25000    A:0.25000    G:0.39286
position  2:    T:0.35714    C:0.25000    A:0.35714    G:0.03571
position  3:    T:0.21429    C:0.28571    A:0.32143    G:0.17857
Average         T:0.22619    C:0.26190    A:0.30952    G:0.20238

#49: Steenbok       
position  1:    T:0.10714    C:0.25000    A:0.25000    G:0.39286
position  2:    T:0.35714    C:0.25000    A:0.35714    G:0.03571
position  3:    T:0.21429    C:0.32143    A:0.28571    G:0.17857
Average         T:0.22619    C:0.27381    A:0.29762    G:0.20238

#50: Impala         
position  1:    T:0.10714    C:0.25000    A:0.25000    G:0.39286
position  2:    T:0.35714    C:0.25000    A:0.35714    G:0.03571
position  3:    T:0.25000    C:0.28571    A:0.32143    G:0.14286
Average         T:0.23810    C:0.26190    A:0.30952    G:0.19048

#51: Klipspringer   
position  1:    T:0.10714    C:0.25000    A:0.25000    G:0.39286
position  2:    T:0.35714    C:0.25000    A:0.35714    G:0.03571
