CODONML (in paml version 4.10.7, June 2023)  /home/rachel/ruminants_paml/6406-phy-tree/ENSBTAT00000029121.fasta.phy
Model: free dN/dS Ratios for branches,  kappa = 2.000 fixed

Codon frequency model: F3x4
ns =  54  ls =  30

Codon usage in sequences
--------------------------------------------------------------------------------------------------------------------------------------
Phe TTT   2   2   2   2   2   2 | Ser TCT   2   2   2   2   2   2 | Tyr TAT   3   4   4   4   4   4 | Cys TGT   0   0   0   0   0   0
    TTC   1   1   1   1   1   1 |     TCC   0   0   0   0   0   0 |     TAC   2   1   1   1   1   1 |     TGC   0   0   0   0   0   0
Leu TTA   0   0   0   0   0   0 |     TCA   0   0   0   0   0   0 | *** TAA   0   0   0   0   0   0 | *** TGA   0   0   0   0   0   0
    TTG   1   1   1   1   1   1 |     TCG   0   0   0   0   0   0 |     TAG   0   0   0   0   0   0 | Trp TGG   1   1   1   1   1   1
--------------------------------------------------------------------------------------------------------------------------------------
Leu CTT   2   2   2   2   2   2 | Pro CCT   1   1   1   1   1   1 | His CAT   0   0   0   0   0   0 | Arg CGT   0   0   0   0   0   0
    CTC   1   1   1   1   1   1 |     CCC   0   0   0   0   0   0 |     CAC   0   0   0   0   0   0 |     CGC   0   0   0   0   0   0
    CTA   0   0   0   0   0   0 |     CCA   0   0   0   0   0   0 | Gln CAA   0   0   0   0   0   0 |     CGA   0   0   0   0   0   0
    CTG   0   0   0   0   0   0 |     CCG   0   0   0   0   0   0 |     CAG   1   1   1   1   1   1 |     CGG   0   0   0   0   0   0
--------------------------------------------------------------------------------------------------------------------------------------
Ile ATT   1   1   1   1   1   1 | Thr ACT   0   0   0   0   0   0 | Asn AAT   0   0   0   0   0   1 | Ser AGT   1   1   1   1   1   0
    ATC   1   1   1   1   1   1 |     ACC   0   0   0   0   0   0 |     AAC   0   0   0   0   0   0 |     AGC   0   0   0   0   0   0
    ATA   0   0   0   0   0   0 |     ACA   2   2   2   2   2   2 | Lys AAA   1   1   1   1   1   1 | Arg AGA   1   1   1   1   1   1
Met ATG   2   2   2   2   2   2 |     ACG   0   0   0   0   0   0 |     AAG   0   0   0   0   0   0 |     AGG   0   0   0   0   0   0
--------------------------------------------------------------------------------------------------------------------------------------
Val GTT   0   0   0   0   0   0 | Ala GCT   1   1   1   1   0   1 | Asp GAT   0   0   0   0   1   0 | Gly GGT   0   0   0   0   0   0
    GTC   0   0   0   0   0   0 |     GCC   0   0   0   0   1   0 |     GAC   1   1   1   1   0   1 |     GGC   0   0   0   0   0   0
    GTA   0   0   0   0   0   0 |     GCA   0   0   0   0   0   0 | Glu GAA   1   1   1   1   1   1 |     GGA   1   0   1   0   0   0
    GTG   0   0   0   0   0   0 |     GCG   0   0   0   0   0   0 |     GAG   0   0   0   0   0   0 |     GGG   0   1   0   1   1   1
--------------------------------------------------------------------------------------------------------------------------------------

--------------------------------------------------------------------------------------------------------------------------------------
Phe TTT   2   2   2   2   2   2 | Ser TCT   2   2   2   2   2   2 | Tyr TAT   4   3   4   4   4   4 | Cys TGT   0   0   0   0   0   0
    TTC   1   1   1   1   1   1 |     TCC   0   0   0   0   0   0 |     TAC   1   2   1   1   1   1 |     TGC   0   0   0   0   0   0
Leu TTA   0   0   0   0   0   0 |     TCA   0   0   0   0   0   0 | *** TAA   0   0   0   0   0   0 | *** TGA   0   0   0   0   0   0
    TTG   1   1   1   1   1   1 |     TCG   0   0   0   0   0   0 |     TAG   0   0   0   0   0   0 | Trp TGG   1   1   1   1   1   1
--------------------------------------------------------------------------------------------------------------------------------------
Leu CTT   1   2   1   2   2   1 | Pro CCT   1   1   1   1   1   1 | His CAT   0   0   0   0   0   0 | Arg CGT   0   0   0   0   0   0
    CTC   1   1   1   1   1   2 |     CCC   0   0   0   0   0   0 |     CAC   0   0   0   0   0   0 |     CGC   0   0   0   0   0   0
    CTA   0   0   0   0   0   0 |     CCA   0   0   0   0   0   0 | Gln CAA   0   0   0   0   0   0 |     CGA   0   0   0   0   0   0
    CTG   1   0   1   0   0   0 |     CCG   0   0   0   0   0   0 |     CAG   1   1   1   1   1   1 |     CGG   0   0   0   0   0   0
--------------------------------------------------------------------------------------------------------------------------------------
Ile ATT   2   2   2   1   1   1 | Thr ACT   0   0   0   0   0   0 | Asn AAT   0   0   0   0   0   0 | Ser AGT   1   1   1   1   1   1
    ATC   0   0   1   1   1   1 |     ACC   0   0   0   0   0   0 |     AAC   0   0   0   0   0   0 |     AGC   0   0   0   0   0   0
    ATA   0   0   1   0   0   1 |     ACA   2   2   1   2   2   1 | Lys AAA   1   1   1   1   1   1 | Arg AGA   1   1   1   1   1   1
Met ATG   2   2   1   2   2   2 |     ACG   0   0   0   0   0   0 |     AAG   0   0   0   0   0   0 |     AGG   0   0   0   0   0   0
--------------------------------------------------------------------------------------------------------------------------------------
Val GTT   0   0   0   0   0   0 | Ala GCT   1   1   1   1   1   1 | Asp GAT   0   0   0   0   0   0 | Gly GGT   0   0   0   0   0   0
    GTC   0   0   0   0   0   0 |     GCC   0   0   0   0   0   0 |     GAC   1   1   1   1   1   1 |     GGC   0   0   0   0   0   0
    GTA   0   0   0   0   0   0 |     GCA   0   0   0   0   0   0 | Glu GAA   1   1   1   1   1   1 |     GGA   0   1   1   1   1   0
    GTG   0   0   0   0   0   0 |     GCG   0   0   0   0   0   0 |     GAG   0   0   0   0   0   0 |     GGG   1   0   0   0   0   1
--------------------------------------------------------------------------------------------------------------------------------------

--------------------------------------------------------------------------------------------------------------------------------------
Phe TTT   2   2   2   2   2   2 | Ser TCT   2   2   2   2   2   2 | Tyr TAT   4   5   4   4   4   4 | Cys TGT   0   0   0   0   0   0
    TTC   1   1   1   1   1   1 |     TCC   0   0   0   0   0   0 |     TAC   1   0   1   1   1   1 |     TGC   0   0   0   0   0   0
Leu TTA   0   0   0   0   0   0 |     TCA   0   0   0   0   0   0 | *** TAA   0   0   0   0   0   0 | *** TGA   0   0   0   0   0   0
    TTG   1   1   1   1   1   1 |     TCG   0   0   0   0   0   0 |     TAG   0   0   0   0   0   0 | Trp TGG   1   1   1   1   1   1
--------------------------------------------------------------------------------------------------------------------------------------
Leu CTT   2   2   2   2   2   2 | Pro CCT   1   1   1   1   1   1 | His CAT   0   0   0   0   0   0 | Arg CGT   0   0   0   0   0   0
    CTC   1   1   1   1   1   1 |     CCC   0   0   0   0   0   0 |     CAC   0   0   0   0   0   0 |     CGC   0   0   0   0   0   0
    CTA   0   0   0   0   0   0 |     CCA   0   0   0   0   0   0 | Gln CAA   0   0   0   0   0   0 |     CGA   0   0   0   0   0   0
    CTG   0   0   0   1   0   0 |     CCG   0   0   0   0   0   0 |     CAG   1   1   1   1   1   1 |     CGG   0   0   0   0   0   0
--------------------------------------------------------------------------------------------------------------------------------------
Ile ATT   1   1   1   1   1   1 | Thr ACT   0   0   0   0   0   0 | Asn AAT   0   0   0   0   0   0 | Ser AGT   1   1   1   1   1   1
    ATC   1   1   1   1   1   1 |     ACC   0   0   0   0   0   0 |     AAC   0   0   0   0   0   0 |     AGC   0   0   0   0   0   0
    ATA   0   0   0   1   0   0 |     ACA   2   2   2   1   2   2 | Lys AAA   1   1   1   1   1   1 | Arg AGA   1   1   1   1   1   1
Met ATG   2   2   2   1   2   2 |     ACG   0   0   0   0   0   0 |     AAG   0   0   0   0   0   0 |     AGG   0   0   0   0   0   0
--------------------------------------------------------------------------------------------------------------------------------------
Val GTT   0   0   0   0   0   0 | Ala GCT   1   1   1   1   1   1 | Asp GAT   0   0   0   0   0   0 | Gly GGT   0   0   0   0   0   0
    GTC   0   0   0   0   0   0 |     GCC   0   0   0   0   0   0 |     GAC   1   1   1   1   1   1 |     GGC   0   0   0   0   0   0
    GTA   0   0   0   0   0   0 |     GCA   0   0   0   0   0   0 | Glu GAA   1   1   1   1   1   1 |     GGA   1   1   1   1   1   1
    GTG   0   0   0   0   0   0 |     GCG   0   0   0   0   0   0 |     GAG   0   0   0   0   0   0 |     GGG   0   0   0   0   0   0
--------------------------------------------------------------------------------------------------------------------------------------

--------------------------------------------------------------------------------------------------------------------------------------
Phe TTT   2   2   2   2   2   2 | Ser TCT   2   2   2   2   2   2 | Tyr TAT   4   4   4   4   4   4 | Cys TGT   0   0   0   0   0   0
    TTC   1   1   1   1   1   1 |     TCC   0   0   0   0   0   0 |     TAC   1   1   1   1   1   1 |     TGC   0   0   0   0   0   0
Leu TTA   0   0   0   0   0   0 |     TCA   0   0   0   0   0   0 | *** TAA   0   0   0   0   0   0 | *** TGA   0   0   0   0   0   0
    TTG   1   1   1   1   1   1 |     TCG   0   0   0   0   0   0 |     TAG   0   0   0   0   0   0 | Trp TGG   1   1   1   1   1   1
--------------------------------------------------------------------------------------------------------------------------------------
Leu CTT   2   2   2   2   2   2 | Pro CCT   1   1   1   1   1   1 | His CAT   0   0   0   0   0   0 | Arg CGT   0   0   0   0   0   0
    CTC   1   1   1   1   1   1 |     CCC   0   0   0   0   0   0 |     CAC   0   0   0   0   0   0 |     CGC   0   0   0   0   0   0
    CTA   0   0   0   0   0   0 |     CCA   0   0   0   0   0   0 | Gln CAA   0   0   0   0   0   0 |     CGA   0   0   0   0   0   0
    CTG   0   0   0   0   0   0 |     CCG   0   0   0   0   0   0 |     CAG   1   1   1   1   1   1 |     CGG   0   0   0   0   0   0
--------------------------------------------------------------------------------------------------------------------------------------
Ile ATT   1   1   1   1   1   1 | Thr ACT   0   0   0   0   0   0 | Asn AAT   0   0   0   0   0   0 | Ser AGT   1   1   1   1   1   1
    ATC   1   1   1   1   1   1 |     ACC   0   0   0   0   0   0 |     AAC   0   0   0   0   0   0 |     AGC   0   0   0   0   0   0
    ATA   0   0   0   0   0   0 |     ACA   2   2   2   2   2   2 | Lys AAA   1   1   1   1   1   1 | Arg AGA   1   1   1   1   1   1
Met ATG   2   2   2   2   2   2 |     ACG   0   0   0   0   0   0 |     AAG   0   0   0   0   0   0 |     AGG   0   0   0   0   0   0
--------------------------------------------------------------------------------------------------------------------------------------
Val GTT   0   0   0   0   0   0 | Ala GCT   1   1   1   1   1   1 | Asp GAT   0   0   0   0   0   0 | Gly GGT   0   0   0   0   0   0
    GTC   0   0   0   0   0   0 |     GCC   0   0   0   0   0   0 |     GAC   1   1   1   1   1   1 |     GGC   0   0   0   0   0   0
    GTA   0   0   0   0   0   0 |     GCA   0   0   0   0   0   0 | Glu GAA   1   1   1   1   1   1 |     GGA   0   0   1   1   1   1
    GTG   0   0   0   0   0   0 |     GCG   0   0   0   0   0   0 |     GAG   0   0   0   0   0   0 |     GGG   1   1   0   0   0   0
--------------------------------------------------------------------------------------------------------------------------------------

--------------------------------------------------------------------------------------------------------------------------------------
Phe TTT   2   2   2   2   2   2 | Ser TCT   2   2   2   2   2   2 | Tyr TAT   4   4   4   4   4   4 | Cys TGT   0   0   0   0   0   0
    TTC   1   1   1   1   1   1 |     TCC   0   0   0   0   0   0 |     TAC   1   1   1   1   1   1 |     TGC   0   0   0   0   0   0
Leu TTA   0   0   0   0   0   0 |     TCA   0   0   0   0   0   0 | *** TAA   0   0   0   0   0   0 | *** TGA   0   0   0   0   0   0
    TTG   1   1   1   1   1   1 |     TCG   0   0   0   0   0   0 |     TAG   0   0   0   0   0   0 | Trp TGG   1   1   1   1   1   1
--------------------------------------------------------------------------------------------------------------------------------------
Leu CTT   1   1   2   2   2   2 | Pro CCT   1   1   1   1   1   1 | His CAT   0   0   0   0   0   0 | Arg CGT   0   0   0   0   0   0
    CTC   2   2   1   1   1   1 |     CCC   0   0   0   0   0   0 |     CAC   0   0   0   0   0   0 |     CGC   0   0   0   0   0   0
    CTA   0   0   0   0   0   0 |     CCA   0   0   0   0   0   0 | Gln CAA   0   0   0   0   0   0 |     CGA   0   0   0   0   0   0
    CTG   0   0   0   0   0   0 |     CCG   0   0   0   0   0   0 |     CAG   1   1   1   1   1   1 |     CGG   0   0   0   0   0   0
--------------------------------------------------------------------------------------------------------------------------------------
Ile ATT   1   1   1   1   1   1 | Thr ACT   0   0   0   0   0   0 | Asn AAT   0   0   0   0   0   0 | Ser AGT   1   1   1   1   1   1
    ATC   1   1   1   1   1   1 |     ACC   0   0   0   0   0   0 |     AAC   0   0   0   0   0   0 |     AGC   0   0   0   0   0   0
    ATA   0   0   0   0   0   0 |     ACA   2   2   2   2   2   2 | Lys AAA   1   1   1   1   1   1 | Arg AGA   1   1   1   1   1   1
Met ATG   2   2   2   2   2   2 |     ACG   0   0   0   0   0   0 |     AAG   0   0   0   0   0   0 |     AGG   0   0   0   0   0   0
--------------------------------------------------------------------------------------------------------------------------------------
Val GTT   0   0   0   0   0   0 | Ala GCT   1   1   1   1   1   1 | Asp GAT   0   0   0   0   0   0 | Gly GGT   0   0   0   0   0   0
    GTC   0   0   0   0   0   0 |     GCC   0   0   0   0   0   0 |     GAC   1   1   1   1   1   1 |     GGC   0   0   0   0   0   0
    GTA   0   0   0   0   0   0 |     GCA   0   0   0   0   0   0 | Glu GAA   1   1   1   1   1   1 |     GGA   0   0   1   1   1   1
    GTG   0   0   0   0   0   0 |     GCG   0   0   0   0   0   0 |     GAG   0   0   0   0   0   0 |     GGG   1   1   0   0   0   0
--------------------------------------------------------------------------------------------------------------------------------------

--------------------------------------------------------------------------------------------------------------------------------------
Phe TTT   2   2   2   2   2   2 | Ser TCT   2   2   2   2   2   2 | Tyr TAT   4   4   4   4   4   4 | Cys TGT   0   0   0   0   0   0
    TTC   1   1   1   1   1   1 |     TCC   0   0   0   0   0   0 |     TAC   1   1   1   1   1   1 |     TGC   0   0   0   0   0   0
Leu TTA   0   0   0   0   0   0 |     TCA   0   0   0   0   0   0 | *** TAA   0   0   0   0   0   0 | *** TGA   0   0   0   0   0   0
    TTG   1   1   1   1   1   1 |     TCG   0   0   0   0   0   0 |     TAG   0   0   0   0   0   0 | Trp TGG   1   1   1   1   1   1
--------------------------------------------------------------------------------------------------------------------------------------
Leu CTT   2   2   1   2   2   2 | Pro CCT   1   1   1   1   1   1 | His CAT   0   0   0   0   0   0 | Arg CGT   0   0   0   0   0   0
    CTC   1   1   2   1   1   1 |     CCC   0   0   0   0   0   0 |     CAC   0   0   0   0   0   0 |     CGC   0   0   0   0   0   0
    CTA   0   0   0   0   0   0 |     CCA   0   0   0   0   0   0 | Gln CAA   0   0   0   0   0   0 |     CGA   0   0   0   0   0   0
    CTG   0   0   0   1   0   0 |     CCG   0   0   0   0   0   0 |     CAG   1   1   1   1   1   1 |     CGG   0   0   0   0   0   0
--------------------------------------------------------------------------------------------------------------------------------------
Ile ATT   1   1   1   1   1   1 | Thr ACT   0   0   0   0   0   0 | Asn AAT   0   0   0   0   0   0 | Ser AGT   1   1   1   1   1   1
    ATC   1   1   1   1   1   1 |     ACC   0   0   0   0   0   0 |     AAC   0   0   0   0   0   0 |     AGC   0   0   0   0   0   0
    ATA   0   0   0   0   0   0 |     ACA   2   2   2   2   2   2 | Lys AAA   1   1   1   1   1   1 | Arg AGA   1   1   1   1   1   1
Met ATG   2   2   2   1   2   2 |     ACG   0   0   0   0   0   0 |     AAG   0   0   0   0   0   0 |     AGG   0   0   0   0   0   0
--------------------------------------------------------------------------------------------------------------------------------------
Val GTT   0   0   0   0   0   0 | Ala GCT   1   1   1   1   1   1 | Asp GAT   0   0   0   0   0   0 | Gly GGT   0   0   0   0   0   0
    GTC   0   0   0   0   0   0 |     GCC   0   0   0   0   0   0 |     GAC   1   1   1   1   1   1 |     GGC   0   0   0   0   0   0
    GTA   0   0   0   0   0   0 |     GCA   0   0   0   0   0   0 | Glu GAA   1   1   1   1   1   1 |     GGA   1   1   0   1   0   1
    GTG   0   0   0   0   0   0 |     GCG   0   0   0   0   0   0 |     GAG   0   0   0   0   0   0 |     GGG   0   0   1   0   1   0
--------------------------------------------------------------------------------------------------------------------------------------

--------------------------------------------------------------------------------------------------------------------------------------
Phe TTT   2   2   2   2   2   3 | Ser TCT   2   2   2   2   2   2 | Tyr TAT   4   4   4   4   4   4 | Cys TGT   0   0   0   0   0   0
    TTC   1   1   1   1   1   0 |     TCC   0   0   0   0   0   0 |     TAC   1   1   1   1   1   1 |     TGC   0   0   0   0   0   0
Leu TTA   0   0   0   0   0   0 |     TCA   0   0   0   0   0   0 | *** TAA   0   0   0   0   0   0 | *** TGA   0   0   0   0   0   0
    TTG   1   1   1   1   1   1 |     TCG   0   0   0   0   0   0 |     TAG   0   0   0   0   0   0 | Trp TGG   1   1   1   1   1   1
--------------------------------------------------------------------------------------------------------------------------------------
Leu CTT   2   2   2   1   2   1 | Pro CCT   1   1   1   1   1   1 | His CAT   0   0   0   0   0   0 | Arg CGT   0   0   0   0   0   0
    CTC   1   1   1   1   1   2 |     CCC   0   0   0   0   0   0 |     CAC   0   0   0   0   0   0 |     CGC   0   0   0   0   0   0
    CTA   0   0   0   0   0   0 |     CCA   0   0   0   0   0   0 | Gln CAA   0   0   0   0   0   0 |     CGA   0   0   0   0   0   0
    CTG   0   0   0   1   0   0 |     CCG   0   0   0   0   0   0 |     CAG   1   1   1   1   1   1 |     CGG   0   0   0   0   0   0
--------------------------------------------------------------------------------------------------------------------------------------
Ile ATT   1   1   1   2   1   1 | Thr ACT   0   0   0   0   0   0 | Asn AAT   0   0   0   0   0   0 | Ser AGT   1   1   1   1   1   1
    ATC   1   1   1   0   1   1 |     ACC   0   0   0   0   0   0 |     AAC   0   0   0   0   0   0 |     AGC   0   0   0   0   0   0
    ATA   0   0   0   0   0   0 |     ACA   2   2   2   2   2   2 | Lys AAA   1   1   1   1   1   1 | Arg AGA   1   1   1   1   1   1
Met ATG   2   2   2   2   2   2 |     ACG   0   0   0   0   0   0 |     AAG   0   0   0   0   0   0 |     AGG   0   0   0   0   0   0
--------------------------------------------------------------------------------------------------------------------------------------
Val GTT   0   0   0   0   0   0 | Ala GCT   1   1   1   1   1   1 | Asp GAT   0   0   0   0   0   0 | Gly GGT   0   0   0   0   0   0
    GTC   0   0   0   0   0   0 |     GCC   0   0   0   0   0   0 |     GAC   1   1   1   1   1   1 |     GGC   0   0   0   0   0   0
    GTA   0   0   0   0   0   0 |     GCA   0   0   0   0   0   0 | Glu GAA   1   1   1   1   1   1 |     GGA   1   1   1   0   1   1
    GTG   0   0   0   0   0   0 |     GCG   0   0   0   0   0   0 |     GAG   0   0   0   0   0   0 |     GGG   0   0   0   1   0   0
--------------------------------------------------------------------------------------------------------------------------------------

--------------------------------------------------------------------------------------------------------------------------------------
Phe TTT   2   2   2   2   2   2 | Ser TCT   2   2   2   2   2   2 | Tyr TAT   4   4   4   4   4   4 | Cys TGT   0   0   0   0   0   0
    TTC   1   1   1   1   1   1 |     TCC   0   0   0   0   0   0 |     TAC   1   1   1   1   1   1 |     TGC   0   0   0   0   0   0
Leu TTA   0   0   0   0   0   0 |     TCA   0   0   0   0   0   0 | *** TAA   0   0   0   0   0   0 | *** TGA   0   0   0   0   0   0
    TTG   1   1   1   1   1   1 |     TCG   0   0   0   0   0   0 |     TAG   0   0   0   0   0   0 | Trp TGG   1   1   1   1   1   1
--------------------------------------------------------------------------------------------------------------------------------------
Leu CTT   1   2   1   1   2   2 | Pro CCT   1   1   1   1   1   1 | His CAT   0   0   0   0   0   0 | Arg CGT   0   0   0   0   0   0
    CTC   2   1   2   2   1   1 |     CCC   0   0   0   0   0   0 |     CAC   0   0   0   0   0   0 |     CGC   0   0   0   0   0   0
    CTA   0   0   0   0   0   0 |     CCA   0   0   0   0   0   0 | Gln CAA   0   0   0   0   0   0 |     CGA   0   0   0   0   0   0
    CTG   0   0   0   0   0   0 |     CCG   0   0   0   0   0   0 |     CAG   1   1   1   1   1   1 |     CGG   0   0   0   0   0   0
--------------------------------------------------------------------------------------------------------------------------------------
Ile ATT   1   1   1   1   1   1 | Thr ACT   0   0   0   0   0   0 | Asn AAT   0   0   0   0   0   0 | Ser AGT   1   1   1   1   1   1
    ATC   1   1   1   1   1   1 |     ACC   0   0   0   0   0   0 |     AAC   0   0   0   0   0   0 |     AGC   0   0   0   0   0   0
    ATA   0   0   1   0   0   0 |     ACA   2   2   1   2   2   2 | Lys AAA   1   1   1   1   1   1 | Arg AGA   1   1   1   1   1   1
Met ATG   2   2   2   2   2   2 |     ACG   0   0   0   0   0   0 |     AAG   0   0   0   0   0   0 |     AGG   0   0   0   0   0   0
--------------------------------------------------------------------------------------------------------------------------------------
Val GTT   0   0   0   0   0   0 | Ala GCT   1   1   1   1   1   1 | Asp GAT   0   0   0   0   0   0 | Gly GGT   0   0   0   0   0   0
    GTC   0   0   0   0   0   0 |     GCC   0   0   0   0   0   0 |     GAC   1   1   1   1   1   1 |     GGC   0   0   0   0   0   0
    GTA   0   0   0   0   0   0 |     GCA   0   0   0   0   0   0 | Glu GAA   1   1   1   1   1   1 |     GGA   0   1   0   0   1   1
    GTG   0   0   0   0   0   0 |     GCG   0   0   0   0   0   0 |     GAG   0   0   0   0   0   0 |     GGG   1   0   1   1   0   0
--------------------------------------------------------------------------------------------------------------------------------------

--------------------------------------------------------------------------------------------------------------------------------------
Phe TTT   2   2   2   2   2   2 | Ser TCT   2   2   2   2   2   2 | Tyr TAT   4   4   4   4   4   4 | Cys TGT   0   0   0   0   0   0
    TTC   1   1   1   1   1   1 |     TCC   0   0   0   0   0   0 |     TAC   1   1   1   1   1   1 |     TGC   0   0   0   0   0   0
Leu TTA   0   0   0   0   0   0 |     TCA   0   0   0   0   0   0 | *** TAA   0   0   0   0   0   0 | *** TGA   0   0   0   0   0   0
    TTG   1   1   1   1   1   1 |     TCG   0   0   0   0   0   0 |     TAG   0   0   0   0   0   0 | Trp TGG   1   1   1   1   1   1
--------------------------------------------------------------------------------------------------------------------------------------
Leu CTT   2   2   1   2   2   2 | Pro CCT   1   1   1   1   1   1 | His CAT   0   0   0   0   0   0 | Arg CGT   0   0   0   0   0   0
    CTC   1   1   2   1   1   1 |     CCC   0   0   0   0   0   0 |     CAC   0   0   0   0   0   0 |     CGC   0   0   0   0   0   0
    CTA   0   0   0   0   0   0 |     CCA   0   0   0   0   0   0 | Gln CAA   0   0   0   0   0   0 |     CGA   0   0   0   0   0   0
    CTG   0   0   0   0   0   0 |     CCG   0   0   0   0   0   0 |     CAG   1   1   1   1   1   1 |     CGG   0   0   0   0   0   0
--------------------------------------------------------------------------------------------------------------------------------------
Ile ATT   1   1   1   1   1   1 | Thr ACT   0   0   0   0   0   0 | Asn AAT   0   0   0   0   0   0 | Ser AGT   1   1   1   1   1   1
    ATC   1   1   1   1   1   1 |     ACC   0   0   0   0   0   0 |     AAC   0   0   0   0   0   0 |     AGC   0   0   0   0   0   0
    ATA   0   0   0   0   0   0 |     ACA   2   2   2   2   2   2 | Lys AAA   1   1   1   1   1   1 | Arg AGA   1   1   1   1   1   1
Met ATG   2   2   2   2   2   2 |     ACG   0   0   0   0   0   0 |     AAG   0   0   0   0   0   0 |     AGG   0   0   0   0   0   0
--------------------------------------------------------------------------------------------------------------------------------------
Val GTT   0   0   0   0   0   0 | Ala GCT   1   1   1   1   1   1 | Asp GAT   0   0   0   0   0   0 | Gly GGT   0   0   0   0   0   0
    GTC   0   0   0   0   0   0 |     GCC   0   0   0   0   0   0 |     GAC   1   1   1   1   1   1 |     GGC   0   0   0   0   0   0
    GTA   0   0   0   0   0   0 |     GCA   0   0   0   0   0   0 | Glu GAA   1   1   1   1   1   1 |     GGA   1   1   1   0   1   1
    GTG   0   0   0   0   0   0 |     GCG   0   0   0   0   0   0 |     GAG   0   0   0   0   0   0 |     GGG   0   0   0   1   0   0
--------------------------------------------------------------------------------------------------------------------------------------

Codon position x base (3x4) table for each sequence.

#1: Argali         
position  1:    T:0.40000    C:0.16667    A:0.30000    G:0.13333
position  2:    T:0.36667    C:0.20000    A:0.30000    G:0.13333
position  3:    T:0.43333    C:0.20000    A:0.20000    G:0.16667
Average         T:0.40000    C:0.18889    A:0.26667    G:0.14444

#2: LesserMouseDeer
position  1:    T:0.40000    C:0.16667    A:0.30000    G:0.13333
position  2:    T:0.36667    C:0.20000    A:0.30000    G:0.13333
position  3:    T:0.46667    C:0.16667    A:0.16667    G:0.20000
Average         T:0.41111    C:0.17778    A:0.25556    G:0.15556

#3: LesserKudu     
position  1:    T:0.40000    C:0.16667    A:0.30000    G:0.13333
position  2:    T:0.36667    C:0.20000    A:0.30000    G:0.13333
position  3:    T:0.46667    C:0.16667    A:0.20000    G:0.16667
Average         T:0.41111    C:0.17778    A:0.26667    G:0.14444

#4: ForestMuskDeer2
position  1:    T:0.40000    C:0.16667    A:0.30000    G:0.13333
position  2:    T:0.36667    C:0.20000    A:0.30000    G:0.13333
position  3:    T:0.46667    C:0.16667    A:0.16667    G:0.20000
Average         T:0.41111    C:0.17778    A:0.25556    G:0.15556

#5: Camel          
position  1:    T:0.40000    C:0.16667    A:0.30000    G:0.13333
position  2:    T:0.36667    C:0.20000    A:0.30000    G:0.13333
position  3:    T:0.46667    C:0.16667    A:0.16667    G:0.20000
Average         T:0.41111    C:0.17778    A:0.25556    G:0.15556

#6: KillerWhale    
position  1:    T:0.40000    C:0.16667    A:0.30000    G:0.13333
position  2:    T:0.36667    C:0.20000    A:0.33333    G:0.10000
position  3:    T:0.46667    C:0.16667    A:0.16667    G:0.20000
Average         T:0.41111    C:0.17778    A:0.26667    G:0.14444

#7: DefassaWaterbuck
position  1:    T:0.40000    C:0.16667    A:0.30000    G:0.13333
position  2:    T:0.36667    C:0.20000    A:0.30000    G:0.13333
position  3:    T:0.46667    C:0.13333    A:0.16667    G:0.23333
Average         T:0.41111    C:0.16667    A:0.25556    G:0.16667

#8: Sheep          
position  1:    T:0.40000    C:0.16667    A:0.30000    G:0.13333
position  2:    T:0.36667    C:0.20000    A:0.30000    G:0.13333
position  3:    T:0.46667    C:0.16667    A:0.20000    G:0.16667
Average         T:0.41111    C:0.17778    A:0.26667    G:0.14444

#9: MaxwellsDuiker 
position  1:    T:0.40000    C:0.16667    A:0.30000    G:0.13333
position  2:    T:0.40000    C:0.16667    A:0.30000    G:0.13333
position  3:    T:0.46667    C:0.16667    A:0.20000    G:0.16667
Average         T:0.42222    C:0.16667    A:0.26667    G:0.14444

#10: GazellaPrzewalskyi
position  1:    T:0.40000    C:0.16667    A:0.30000    G:0.13333
position  2:    T:0.36667    C:0.20000    A:0.30000    G:0.13333
position  3:    T:0.46667    C:0.16667    A:0.20000    G:0.16667
Average         T:0.41111    C:0.17778    A:0.26667    G:0.14444

#11: MountainNyala  
position  1:    T:0.40000    C:0.16667    A:0.30000    G:0.13333
position  2:    T:0.36667    C:0.20000    A:0.30000    G:0.13333
position  3:    T:0.46667    C:0.16667    A:0.20000    G:0.16667
Average         T:0.41111    C:0.17778    A:0.26667    G:0.14444

#12: MuntiacusMuntjak
position  1:    T:0.40000    C:0.16667    A:0.30000    G:0.13333
position  2:    T:0.40000    C:0.16667    A:0.30000    G:0.13333
position  3:    T:0.43333    C:0.20000    A:0.16667    G:0.20000
Average         T:0.41111    C:0.17778    A:0.25556    G:0.15556

#13: goat           
position  1:    T:0.40000    C:0.16667    A:0.30000    G:0.13333
position  2:    T:0.36667    C:0.20000    A:0.30000    G:0.13333
position  3:    T:0.46667    C:0.16667    A:0.20000    G:0.16667
Average         T:0.41111    C:0.17778    A:0.26667    G:0.14444

#14: AfricanBuffalo 
position  1:    T:0.40000    C:0.16667    A:0.30000    G:0.13333
position  2:    T:0.36667    C:0.20000    A:0.30000    G:0.13333
position  3:    T:0.50000    C:0.13333    A:0.20000    G:0.16667
Average         T:0.42222    C:0.16667    A:0.26667    G:0.14444

#15: Topi           
position  1:    T:0.40000    C:0.16667    A:0.30000    G:0.13333
position  2:    T:0.36667    C:0.20000    A:0.30000    G:0.13333
position  3:    T:0.46667    C:0.16667    A:0.20000    G:0.16667
Average         T:0.41111    C:0.17778    A:0.26667    G:0.14444

#16: CommonDuiker   
position  1:    T:0.40000    C:0.20000    A:0.26667    G:0.13333
position  2:    T:0.40000    C:0.16667    A:0.30000    G:0.13333
position  3:    T:0.46667    C:0.16667    A:0.20000    G:0.16667
Average         T:0.42222    C:0.17778    A:0.25556    G:0.14444

#17: Suni           
position  1:    T:0.40000    C:0.16667    A:0.30000    G:0.13333
position  2:    T:0.36667    C:0.20000    A:0.30000    G:0.13333
position  3:    T:0.46667    C:0.16667    A:0.20000    G:0.16667
Average         T:0.41111    C:0.17778    A:0.26667    G:0.14444

#18: Springbuck     
position  1:    T:0.40000    C:0.16667    A:0.30000    G:0.13333
position  2:    T:0.36667    C:0.20000    A:0.30000    G:0.13333
position  3:    T:0.46667    C:0.16667    A:0.20000    G:0.16667
Average         T:0.41111    C:0.17778    A:0.26667    G:0.14444

#19: Okapi          
position  1:    T:0.40000    C:0.16667    A:0.30000    G:0.13333
position  2:    T:0.36667    C:0.20000    A:0.30000    G:0.13333
position  3:    T:0.46667    C:0.16667    A:0.16667    G:0.20000
Average         T:0.41111    C:0.17778    A:0.25556    G:0.15556

#20: Giraffe        
position  1:    T:0.40000    C:0.16667    A:0.30000    G:0.13333
position  2:    T:0.36667    C:0.20000    A:0.30000    G:0.13333
position  3:    T:0.46667    C:0.16667    A:0.16667    G:0.20000
Average         T:0.41111    C:0.17778    A:0.25556    G:0.15556

#21: TibetanAntelope
position  1:    T:0.40000    C:0.16667    A:0.30000    G:0.13333
position  2:    T:0.36667    C:0.20000    A:0.30000    G:0.13333
position  3:    T:0.46667    C:0.16667    A:0.20000    G:0.16667
Average         T:0.41111    C:0.17778    A:0.26667    G:0.14444

#22: Sitatunga      
position  1:    T:0.40000    C:0.16667    A:0.30000    G:0.13333
position  2:    T:0.36667    C:0.20000    A:0.30000    G:0.13333
position  3:    T:0.46667    C:0.16667    A:0.20000    G:0.16667
Average         T:0.41111    C:0.17778    A:0.26667    G:0.14444

#23: Oribi          
position  1:    T:0.40000    C:0.16667    A:0.30000    G:0.13333
position  2:    T:0.36667    C:0.20000    A:0.30000    G:0.13333
position  3:    T:0.46667    C:0.16667    A:0.20000    G:0.16667
Average         T:0.41111    C:0.17778    A:0.26667    G:0.14444

#24: BarbarySheep   
position  1:    T:0.40000    C:0.16667    A:0.30000    G:0.13333
position  2:    T:0.36667    C:0.20000    A:0.30000    G:0.13333
position  3:    T:0.46667    C:0.16667    A:0.20000    G:0.16667
Average         T:0.41111    C:0.17778    A:0.26667    G:0.14444

#25: Daviddeer      
position  1:    T:0.40000    C:0.16667    A:0.30000    G:0.13333
position  2:    T:0.36667    C:0.20000    A:0.30000    G:0.13333
position  3:    T:0.43333    C:0.20000    A:0.16667    G:0.20000
Average         T:0.40000    C:0.18889    A:0.25556    G:0.15556

#26: Reindeer       
position  1:    T:0.40000    C:0.16667    A:0.30000    G:0.13333
position  2:    T:0.36667    C:0.20000    A:0.30000    G:0.13333
position  3:    T:0.43333    C:0.20000    A:0.16667    G:0.20000
Average         T:0.40000    C:0.18889    A:0.25556    G:0.15556

#27: Ibex           
position  1:    T:0.40000    C:0.16667    A:0.30000    G:0.13333
position  2:    T:0.36667    C:0.20000    A:0.30000    G:0.13333
position  3:    T:0.46667    C:0.16667    A:0.20000    G:0.16667
Average         T:0.41111    C:0.17778    A:0.26667    G:0.14444

#28: GyrantGazelle  
position  1:    T:0.40000    C:0.16667    A:0.30000    G:0.13333
position  2:    T:0.36667    C:0.20000    A:0.30000    G:0.13333
position  3:    T:0.46667    C:0.16667    A:0.20000    G:0.16667
Average         T:0.41111    C:0.17778    A:0.26667    G:0.14444

#29: Hartebeest     
position  1:    T:0.40000    C:0.16667    A:0.30000    G:0.13333
position  2:    T:0.36667    C:0.20000    A:0.30000    G:0.13333
position  3:    T:0.46667    C:0.16667    A:0.20000    G:0.16667
Average         T:0.41111    C:0.17778    A:0.26667    G:0.14444

#30: Bongo          
position  1:    T:0.40000    C:0.16667    A:0.30000    G:0.13333
position  2:    T:0.36667    C:0.20000    A:0.30000    G:0.13333
position  3:    T:0.46667    C:0.16667    A:0.20000    G:0.16667
Average         T:0.41111    C:0.17778    A:0.26667    G:0.14444

#31: Gerenuk        
position  1:    T:0.40000    C:0.16667    A:0.30000    G:0.13333
position  2:    T:0.36667    C:0.20000    A:0.30000    G:0.13333
position  3:    T:0.46667    C:0.16667    A:0.20000    G:0.16667
Average         T:0.41111    C:0.17778    A:0.26667    G:0.14444

#32: CommonEland    
position  1:    T:0.40000    C:0.16667    A:0.30000    G:0.13333
position  2:    T:0.36667    C:0.20000    A:0.30000    G:0.13333
position  3:    T:0.46667    C:0.16667    A:0.20000    G:0.16667
Average         T:0.41111    C:0.17778    A:0.26667    G:0.14444

#33: MuntiacusReevesi
position  1:    T:0.40000    C:0.16667    A:0.30000    G:0.13333
position  2:    T:0.36667    C:0.20000    A:0.30000    G:0.13333
position  3:    T:0.43333    C:0.20000    A:0.16667    G:0.20000
Average         T:0.40000    C:0.18889    A:0.25556    G:0.15556

#34: HarveysDuiker  
position  1:    T:0.40000    C:0.20000    A:0.26667    G:0.13333
position  2:    T:0.36667    C:0.20000    A:0.30000    G:0.13333
position  3:    T:0.46667    C:0.16667    A:0.20000    G:0.16667
Average         T:0.41111    C:0.18889    A:0.25556    G:0.14444

#35: Pronghorn      
position  1:    T:0.40000    C:0.16667    A:0.30000    G:0.13333
position  2:    T:0.36667    C:0.20000    A:0.30000    G:0.13333
position  3:    T:0.46667    C:0.16667    A:0.16667    G:0.20000
Average         T:0.41111    C:0.17778    A:0.25556    G:0.15556

#36: BlueWildebeest 
position  1:    T:0.40000    C:0.16667    A:0.30000    G:0.13333
position  2:    T:0.36667    C:0.20000    A:0.30000    G:0.13333
position  3:    T:0.46667    C:0.16667    A:0.20000    G:0.16667
Average         T:0.41111    C:0.17778    A:0.26667    G:0.14444

#37: Gemsbok        
position  1:    T:0.40000    C:0.16667    A:0.30000    G:0.13333
position  2:    T:0.36667    C:0.20000    A:0.30000    G:0.13333
position  3:    T:0.46667    C:0.16667    A:0.20000    G:0.16667
Average         T:0.41111    C:0.17778    A:0.26667    G:0.14444

#38: Yak            
position  1:    T:0.40000    C:0.16667    A:0.30000    G:0.13333
position  2:    T:0.36667    C:0.20000    A:0.30000    G:0.13333
position  3:    T:0.46667    C:0.16667    A:0.20000    G:0.16667
Average         T:0.41111    C:0.17778    A:0.26667    G:0.14444

#39: BlueSheep      
position  1:    T:0.40000    C:0.16667    A:0.30000    G:0.13333
position  2:    T:0.36667    C:0.20000    A:0.30000    G:0.13333
position  3:    T:0.46667    C:0.16667    A:0.20000    G:0.16667
Average         T:0.41111    C:0.17778    A:0.26667    G:0.14444

#40: BohorReedbuck  
position  1:    T:0.40000    C:0.16667    A:0.30000    G:0.13333
position  2:    T:0.36667    C:0.20000    A:0.30000    G:0.13333
position  3:    T:0.46667    C:0.13333    A:0.16667    G:0.23333
Average         T:0.41111    C:0.16667    A:0.25556    G:0.16667

#41: KirksDik       
position  1:    T:0.40000    C:0.16667    A:0.30000    G:0.13333
position  2:    T:0.36667    C:0.20000    A:0.30000    G:0.13333
position  3:    T:0.46667    C:0.16667    A:0.20000    G:0.16667
Average         T:0.41111    C:0.17778    A:0.26667    G:0.14444

#42: RoeDeer        
position  1:    T:0.40000    C:0.16667    A:0.30000    G:0.13333
position  2:    T:0.36667    C:0.20000    A:0.30000    G:0.13333
position  3:    T:0.46667    C:0.16667    A:0.20000    G:0.16667
Average         T:0.41111    C:0.17778    A:0.26667    G:0.14444

#43: WhiteLippedDeer
position  1:    T:0.40000    C:0.16667    A:0.30000    G:0.13333
position  2:    T:0.36667    C:0.20000    A:0.30000    G:0.13333
position  3:    T:0.43333    C:0.20000    A:0.16667    G:0.20000
Average         T:0.40000    C:0.18889    A:0.25556    G:0.15556

#44: ThomsonGazelle 
position  1:    T:0.40000    C:0.16667    A:0.30000    G:0.13333
position  2:    T:0.36667    C:0.20000    A:0.30000    G:0.13333
position  3:    T:0.46667    C:0.16667    A:0.20000    G:0.16667
Average         T:0.41111    C:0.17778    A:0.26667    G:0.14444

#45: MuntiacusCrinifrons
position  1:    T:0.40000    C:0.16667    A:0.30000    G:0.13333
position  2:    T:0.40000    C:0.16667    A:0.30000    G:0.13333
position  3:    T:0.43333    C:0.20000    A:0.16667    G:0.20000
Average         T:0.41111    C:0.17778    A:0.25556    G:0.15556

#46: WhiteTailedDeer
position  1:    T:0.40000    C:0.16667    A:0.30000    G:0.13333
position  2:    T:0.36667    C:0.20000    A:0.30000    G:0.13333
position  3:    T:0.43333    C:0.20000    A:0.16667    G:0.20000
Average         T:0.40000    C:0.18889    A:0.25556    G:0.15556

#47: Cattle         
position  1:    T:0.40000    C:0.16667    A:0.30000    G:0.13333
position  2:    T:0.36667    C:0.20000    A:0.30000    G:0.13333
position  3:    T:0.46667    C:0.16667    A:0.20000    G:0.16667
Average         T:0.41111    C:0.17778    A:0.26667    G:0.14444

#48: RoyalAntelope  
position  1:    T:0.40000    C:0.16667    A:0.30000    G:0.13333
position  2:    T:0.36667    C:0.20000    A:0.30000    G:0.13333
position  3:    T:0.46667    C:0.16667    A:0.20000    G:0.16667
Average         T:0.41111    C:0.17778    A:0.26667    G:0.14444

#49: Steenbok       
position  1:    T:0.40000    C:0.16667    A:0.30000    G:0.13333
position  2:    T:0.36667    C:0.20000    A:0.30000    G:0.13333
position  3:    T:0.46667    C:0.16667    A:0.20000    G:0.16667
Average         T:0.41111    C:0.17778    A:0.26667    G:0.14444

#50: Impala         
position  1:    T:0.40000    C:0.16667    A:0.30000    G:0.13333
position  2:    T:0.36667    C:0.20000    A:0.30000    G:0.13333
position  3:    T:0.46667    C:0.16667    A:0.20000    G:0.16667
Average         T:0.41111    C:0.17778    A:0.26667    G:0.14444

#51: Klipspringer   
position  1:    T:0.40000    C:0.16667    A:0.30000    G:0.13333
position  2:    T:0.36667    C:0.20000    A:0.30000    G:0.13333
