1
52 1
Argali 0.000000 0.629800 0.147800 0.532400 0.091200 0.010800 0.108400 0.115700 0.150700 0.182000 0.050000 0.128200 0.078700 0.094000 0.115000 0.108500 0.169800 0.163900 0.069500 0.147800 0.099900 0.050200 0.197900 0.165300 0.047500 0.117500 0.070300 0.147100 0.102500 0.146500 0.184600 0.094600 0.220000 0.067300 0.084400 0.132700 0.058700 0.097400 0.121500 0.158000 0.190700 0.112400 0.188900 0.179300 0.136900 0.117100 0.107800 0.121700 0.095000 0.165000 0.156800 0.153400
LesserMous 0.629800 0.000000 0.617400 0.575700 0.605600 0.629800 0.621400 0.651400 0.628200 0.623500 0.614600 0.614100 0.601900 0.616400 0.628800 0.629800 0.584600 0.609400 0.609400 0.635800 0.616500 0.594200 0.646000 0.645400 0.616700 0.633300 0.588100 0.643600 0.616200 0.652100 0.638900 0.610200 0.690000 0.606000 0.638900 0.639300 0.635600 0.625500 0.620600 0.631400 0.661100 0.615600 0.616400 0.651000 0.633200 0.635700 0.643200 0.656800 0.620900 0.636600 0.652000 0.658200
LesserKudu 0.147800 0.617400 0.000000 0.536300 0.123700 0.159600 0.122600 0.158500 0.029500 0.157600 0.132500 0.081600 0.131700 0.120300 0.132100 0.147500 0.161800 0.175700 0.144000 0.026800 0.126400 0.130100 0.173400 0.154100 0.130500 0.150400 0.117100 0.032200 0.150300 0.040200 0.163200 0.121000 0.194900 0.126100 0.131900 0.095000 0.142100 0.124000 0.148200 0.150200 0.172600 0.145300 0.161100 0.164300 0.092900 0.137400 0.146400 0.145300 0.140300 0.169900 0.035000 0.037600
KillerWhal 0.532400 0.575700 0.536300 0.000000 0.500100 0.544000 0.496500 0.571200 0.519500 0.521900 0.507600 0.514900 0.512100 0.501100 0.499900 0.518700 0.493500 0.489000 0.533500 0.514500 0.508800 0.505400 0.536300 0.521300 0.518700 0.540800 0.494200 0.532100 0.504400 0.538700 0.534500 0.484800 0.531400 0.509000 0.520200 0.527300 0.513100 0.516700 0.522800 0.548300 0.533400 0.542300 0.533500 0.512000 0.527800 0.520000 0.552800 0.577100 0.523400 0.510400 0.533200 0.527000
DefassaWat 0.091200 0.605600 0.123700 0.500100 0.000000 0.102700 0.073100 0.097900 0.120400 0.131300 0.070600 0.104000 0.076000 0.070700 0.109300 0.064500 0.144300 0.138400 0.075800 0.117500 0.061300 0.073900 0.152600 0.153100 0.068200 0.084900 0.067600 0.123100 0.073100 0.119600 0.133900 0.071100 0.168500 0.070500 0.076100 0.117700 0.079600 0.027700 0.085400 0.142700 0.155200 0.079700 0.137800 0.163400 0.115700 0.084500 0.090300 0.109600 0.065500 0.134000 0.126300 0.129300
Sheep 0.010800 0.629800 0.159600 0.544000 0.102700 0.000000 0.113800 0.121200 0.162500 0.187500 0.055400 0.140000 0.090000 0.105500 0.126500 0.113900 0.175400 0.169500 0.080700 0.159500 0.105300 0.061400 0.210100 0.177200 0.052900 0.122900 0.081600 0.158800 0.108000 0.158200 0.190000 0.106100 0.225500 0.078600 0.095800 0.144300 0.069900 0.109000 0.126900 0.169900 0.196100 0.117800 0.194400 0.191400 0.148700 0.122500 0.113200 0.133300 0.100600 0.170500 0.168600 0.165200
MaxwellsDu 0.108400 0.621400 0.122600 0.496500 0.073100 0.113800 0.000000 0.109200 0.125500 0.133200 0.081700 0.115300 0.093000 0.047100 0.120100 0.096100 0.143200 0.146900 0.092700 0.122600 0.075700 0.091000 0.157900 0.161500 0.079400 0.099000 0.084600 0.128100 0.098900 0.130600 0.135800 0.047400 0.186300 0.087500 0.093100 0.122800 0.084900 0.079200 0.096600 0.154300 0.160300 0.093800 0.139700 0.168600 0.120900 0.092700 0.101400 0.133600 0.088600 0.142100 0.131400 0.134300
GazellaPrz 0.115700 0.651400 0.158500 0.571200 0.097900 0.121200 0.109200 0.000000 0.155000 0.173100 0.100600 0.132300 0.106000 0.106800 0.137300 0.084700 0.167500 0.181600 0.111800 0.152000 0.076000 0.107300 0.195700 0.172400 0.095200 0.093400 0.094500 0.157600 0.087400 0.160100 0.175600 0.107400 0.204700 0.100400 0.109100 0.152500 0.113200 0.092000 0.100100 0.171600 0.191300 0.088200 0.179900 0.186500 0.157000 0.118000 0.101800 0.147500 0.114100 0.172300 0.161100 0.164100
MountainNy 0.150700 0.628200 0.029500 0.519500 0.120400 0.162500 0.125500 0.155000 0.000000 0.154300 0.135400 0.078500 0.134600 0.123200 0.128900 0.147400 0.161700 0.175500 0.149800 0.008000 0.126500 0.139100 0.170000 0.150700 0.133300 0.150200 0.119900 0.013300 0.150200 0.026600 0.159900 0.123900 0.194900 0.129000 0.137700 0.097800 0.145000 0.126900 0.151100 0.153200 0.169300 0.151500 0.157800 0.160900 0.095700 0.134200 0.155500 0.142000 0.143200 0.166500 0.016000 0.024000
MuntiacusM 0.182000 0.623500 0.157600 0.521900 0.131300 0.187500 0.133200 0.173100 0.154300 0.000000 0.153000 0.147200 0.152100 0.153000 0.165700 0.149000 0.140600 0.160900 0.142100 0.157700 0.134000 0.157000 0.047400 0.087900 0.151100 0.149100 0.143400 0.163300 0.148700 0.165600 0.010900 0.160500 0.177600 0.146300 0.155300 0.154700 0.159900 0.150600 0.165800 0.084700 0.049400 0.153300 0.010800 0.097400 0.149900 0.167300 0.157400 0.169600 0.154900 0.149500 0.166800 0.169800
goat 0.050000 0.614600 0.132500 0.507600 0.070600 0.055400 0.081700 0.100600 0.135400 0.153000 0.000000 0.113000 0.064300 0.073400 0.106000 0.081800 0.147100 0.141300 0.058100 0.132500 0.073100 0.022000 0.168700 0.165600 0.008200 0.096500 0.055900 0.131800 0.087600 0.131300 0.155600 0.073800 0.190600 0.058700 0.064200 0.126600 0.024700 0.073700 0.100200 0.142600 0.158100 0.091300 0.159700 0.163200 0.124600 0.093200 0.093000 0.112500 0.074200 0.136800 0.138400 0.138100
AfricanBuf 0.128200 0.614100 0.081600 0.514900 0.104000 0.140000 0.115300 0.132300 0.078500 0.147200 0.113000 0.000000 0.118300 0.107000 0.125000 0.127800 0.144400 0.151800 0.133600 0.075700 0.112800 0.116600 0.162800 0.130900 0.110800 0.128000 0.103600 0.081100 0.136900 0.089600 0.152800 0.101400 0.191200 0.112700 0.121400 0.064100 0.122500 0.110400 0.131700 0.143100 0.162000 0.135400 0.150700 0.134700 0.061700 0.124100 0.136200 0.131800 0.120500 0.143800 0.084200 0.087000
Topi 0.078700 0.601900 0.131700 0.512100 0.076000 0.090000 0.093000 0.106000 0.134600 0.152100 0.064300 0.118300 0.000000 0.081800 0.123600 0.081300 0.146000 0.166400 0.066600 0.131700 0.078400 0.067500 0.164400 0.154800 0.061900 0.095900 0.013400 0.137200 0.084000 0.139700 0.154700 0.082300 0.195800 0.016300 0.063800 0.131900 0.073100 0.076200 0.105600 0.150900 0.160300 0.096700 0.158700 0.164900 0.130000 0.101500 0.092400 0.124200 0.091500 0.145100 0.140500 0.143500
CommonDuik 0.094000 0.616400 0.120300 0.501100 0.070700 0.105500 0.047100 0.106800 0.123200 0.153000 0.073400 0.107000 0.081800 0.000000 0.112100 0.090900 0.144100 0.144700 0.096300 0.120300 0.067200 0.076700 0.165600 0.155800 0.071100 0.099700 0.073400 0.125800 0.093700 0.116200 0.155600 0.027700 0.187600 0.076300 0.084700 0.126700 0.082400 0.076700 0.100300 0.145600 0.171000 0.091300 0.159700 0.153400 0.121800 0.096400 0.096100 0.118900 0.080200 0.140100 0.129200 0.126000
Suni 0.115000 0.628800 0.132100 0.499900 0.109300 0.126500 0.120100 0.137300 0.128900 0.165700 0.106000 0.125000 0.123600 0.112100 0.000000 0.130000 0.160600 0.163900 0.129200 0.126000 0.112100 0.109200 0.174600 0.162000 0.109900 0.126600 0.112000 0.131500 0.132800 0.146300 0.168200 0.112700 0.193300 0.117900 0.117500 0.123300 0.118500 0.121800 0.149600 0.161000 0.164400 0.121500 0.172400 0.162700 0.121300 0.144900 0.125900 0.102900 0.113000 0.168100 0.128700 0.143900
Springbuck 0.108500 0.629800 0.147500 0.518700 0.064500 0.113900 0.096100 0.084700 0.147400 0.149000 0.081800 0.127800 0.081300 0.090900 0.130000 0.000000 0.152600 0.159900 0.092800 0.144500 0.069200 0.099600 0.170900 0.161100 0.085400 0.063300 0.072900 0.150000 0.046400 0.146300 0.151600 0.085200 0.176800 0.075700 0.081400 0.141400 0.100000 0.067500 0.084300 0.150900 0.173200 0.063800 0.155600 0.164900 0.139500 0.098700 0.077500 0.115000 0.094800 0.151500 0.153500 0.156400
Okapi 0.169800 0.584600 0.161800 0.493500 0.144300 0.175400 0.143200 0.167500 0.161700 0.140600 0.147100 0.144400 0.146000 0.144100 0.160600 0.152600 0.000000 0.052600 0.165200 0.165100 0.127200 0.157800 0.163000 0.159800 0.145100 0.139400 0.137100 0.174000 0.155600 0.183200 0.146300 0.145000 0.161400 0.140100 0.152600 0.168500 0.164000 0.144500 0.166600 0.142600 0.155600 0.140700 0.147300 0.167300 0.166700 0.161600 0.151400 0.184100 0.161900 0.146700 0.167800 0.180800
Giraffe 0.163900 0.609400 0.175700 0.489000 0.138400 0.169500 0.146900 0.181600 0.175500 0.160900 0.141300 0.151800 0.166400 0.144700 0.163900 0.159900 0.052600 0.000000 0.172500 0.172300 0.141200 0.145300 0.177000 0.184000 0.139300 0.159800 0.157400 0.184800 0.169400 0.197200 0.166600 0.145600 0.162200 0.160500 0.159900 0.172600 0.151400 0.151800 0.174100 0.176300 0.169500 0.154600 0.167700 0.178200 0.170800 0.175600 0.158600 0.171500 0.156100 0.150300 0.188600 0.194900
TibetanAnt 0.069500 0.609400 0.144000 0.533500 0.075800 0.080700 0.092700 0.111800 0.149800 0.142100 0.058100 0.133600 0.066600 0.096300 0.129200 0.092800 0.165200 0.172500 0.000000 0.146800 0.084100 0.058400 0.163700 0.167200 0.055700 0.107600 0.058300 0.146100 0.092800 0.145600 0.144700 0.096900 0.195100 0.061100 0.075100 0.147100 0.058300 0.081800 0.111400 0.157100 0.166100 0.102400 0.148600 0.177600 0.145200 0.113200 0.104000 0.129800 0.085300 0.151400 0.155700 0.152500
Sitatunga 0.147800 0.635800 0.026800 0.514500 0.117500 0.159500 0.122600 0.152000 0.008000 0.157700 0.132500 0.075700 0.131700 0.120300 0.126000 0.144500 0.165100 0.172300 0.146800 0.000000 0.117300 0.129900 0.173400 0.154000 0.130400 0.147300 0.117000 0.010600 0.147300 0.023900 0.163200 0.121000 0.191700 0.126100 0.134800 0.095000 0.135800 0.123900 0.148200 0.156500 0.172700 0.148600 0.161200 0.164200 0.092900 0.137300 0.152600 0.139100 0.140200 0.163400 0.013300 0.021300
Oribi 0.099900 0.616500 0.126400 0.508800 0.061300 0.105300 0.075700 0.076000 0.126500 0.134000 0.073100 0.112800 0.078400 0.067200 0.112100 0.069200 0.127200 0.141200 0.084100 0.117300 0.000000 0.073400 0.162000 0.152400 0.070700 0.072000 0.069900 0.129100 0.060400 0.125400 0.136600 0.073600 0.162000 0.072800 0.087300 0.132900 0.082100 0.070200 0.075500 0.135800 0.157900 0.072500 0.140500 0.162600 0.128000 0.093000 0.074700 0.124800 0.073600 0.120900 0.126100 0.135400
BarbaryShe 0.050200 0.594200 0.130100 0.505400 0.073900 0.061400 0.091000 0.107300 0.139100 0.157000 0.022000 0.116600 0.067500 0.076700 0.109200 0.099600 0.157800 0.145300 0.058400 0.129900 0.073400 0.000000 0.172600 0.163200 0.019400 0.108400 0.059100 0.135500 0.099500 0.135000 0.159600 0.077200 0.188300 0.061900 0.073200 0.130300 0.024800 0.077000 0.109800 0.146400 0.168500 0.103100 0.163700 0.167100 0.128300 0.102600 0.102400 0.116100 0.083500 0.146900 0.142100 0.141800
Daviddeer 0.197900 0.646000 0.173400 0.536300 0.152600 0.210100 0.157900 0.195700 0.170000 0.047400 0.168700 0.162800 0.164400 0.165600 0.174600 0.170900 0.163000 0.177000 0.163700 0.173400 0.162000 0.172600 0.000000 0.093800 0.173300 0.161600 0.155500 0.179000 0.170600 0.174900 0.052800 0.173200 0.206300 0.158500 0.161200 0.163900 0.175600 0.159700 0.191700 0.090500 0.027400 0.172700 0.053200 0.103200 0.159000 0.196200 0.179300 0.178600 0.169900 0.168300 0.182600 0.179100
Reindeer 0.165300 0.645400 0.154100 0.521300 0.153100 0.177200 0.161500 0.172400 0.150700 0.087900 0.165600 0.130900 0.154800 0.155800 0.162000 0.161100 0.159800 0.184000 0.167200 0.154000 0.152400 0.163200 0.093800 0.000000 0.163800 0.161000 0.139700 0.159600 0.167200 0.162000 0.090500 0.156800 0.196700 0.149000 0.158000 0.144400 0.172600 0.153500 0.188300 0.069800 0.096100 0.178600 0.094000 0.044300 0.139500 0.173600 0.169700 0.162700 0.170700 0.174500 0.163100 0.166100
Ibex 0.047500 0.616700 0.130500 0.518700 0.068200 0.052900 0.079400 0.095200 0.133300 0.151100 0.008200 0.110800 0.061900 0.071100 0.109900 0.085400 0.145100 0.139300 0.055700 0.130400 0.070700 0.019400 0.173300 0.163800 0.000000 0.094200 0.053500 0.129700 0.085300 0.129300 0.153700 0.071500 0.188900 0.056300 0.067600 0.124500 0.022100 0.068300 0.097900 0.146900 0.162600 0.089000 0.157800 0.167800 0.122500 0.090900 0.090700 0.110300 0.077800 0.141100 0.136300 0.136100
GyrantGaze 0.117500 0.633300 0.150400 0.540800 0.084900 0.122900 0.099000 0.093400 0.150200 0.149100 0.096500 0.128000 0.095900 0.099700 0.126600 0.063300 0.139400 0.159800 0.107600 0.147300 0.072000 0.108400 0.161600 0.161000 0.094200 0.000000 0.087500 0.152900 0.066000 0.155400 0.151600 0.094200 0.192800 0.090300 0.102000 0.144300 0.108900 0.088000 0.087100 0.138300 0.160900 0.032600 0.155600 0.177800 0.142500 0.110400 0.077300 0.136400 0.109800 0.135600 0.150000 0.159300
Hartebeest 0.070300 0.588100 0.117100 0.494200 0.067600 0.081600 0.084600 0.094500 0.119900 0.143400 0.055900 0.103600 0.013400 0.073400 0.112000 0.072900 0.137100 0.157400 0.058300 0.117000 0.069900 0.059100 0.155500 0.139700 0.053500 0.087500 0.000000 0.122500 0.075600 0.125100 0.145900 0.073800 0.180600 0.008100 0.055500 0.117200 0.064700 0.067800 0.091100 0.142200 0.154600 0.088200 0.149900 0.149700 0.115200 0.087200 0.084000 0.115400 0.083000 0.136400 0.125800 0.128700
Bongo 0.147100 0.643600 0.032200 0.532100 0.123100 0.158800 0.128100 0.157600 0.013300 0.163300 0.131800 0.081100 0.137200 0.125800 0.131500 0.150000 0.174000 0.184800 0.146100 0.010600 0.129100 0.135500 0.179000 0.159600 0.129700 0.152900 0.122500 0.000000 0.152800 0.029200 0.168800 0.126600 0.203800 0.131600 0.140300 0.100500 0.141300 0.129500 0.153800 0.155700 0.178300 0.154100 0.166800 0.169800 0.098300 0.136700 0.158100 0.144600 0.145900 0.175400 0.018600 0.026600
Gerenuk 0.102500 0.616200 0.150300 0.504400 0.073100 0.108000 0.098900 0.087400 0.150200 0.148700 0.087600 0.136900 0.084000 0.093700 0.132800 0.046400 0.155600 0.169400 0.092800 0.147300 0.060400 0.099500 0.170600 0.167200 0.085300 0.066000 0.075600 0.152800 0.000000 0.149000 0.151300 0.094200 0.179800 0.078500 0.096000 0.150500 0.099900 0.076200 0.069700 0.150600 0.172900 0.066600 0.155300 0.177600 0.148700 0.098500 0.074500 0.120900 0.097500 0.144900 0.156300 0.159200
CommonElan 0.146500 0.652100 0.040200 0.538700 0.119600 0.158200 0.130600 0.160100 0.026600 0.165600 0.131300 0.089600 0.139700 0.116200 0.146300 0.146300 0.183200 0.197200 0.145600 0.023900 0.125400 0.135000 0.174900 0.162000 0.129300 0.155400 0.125100 0.029200 0.149000 0.000000 0.171200 0.129100 0.215800 0.134100 0.139900 0.108800 0.140800 0.125900 0.147100 0.158100 0.174800 0.156700 0.169100 0.178600 0.103900 0.139200 0.160600 0.153300 0.148500 0.184300 0.032000 0.018500
MuntiacusR 0.184600 0.638900 0.163200 0.534500 0.133900 0.190000 0.135800 0.175600 0.159900 0.010900 0.155600 0.152800 0.154700 0.155600 0.168200 0.151600 0.146300 0.166600 0.144700 0.163200 0.136600 0.159600 0.052800 0.090500 0.153700 0.151600 0.145900 0.168800 0.151300 0.171200 0.000000 0.163000 0.173700 0.148900 0.157900 0.160300 0.162500 0.153200 0.168300 0.090200 0.054800 0.155900 0.016400 0.102900 0.155500 0.169800 0.159900 0.165600 0.157500 0.161600 0.172300 0.175300
HarveysDui 0.094600 0.610200 0.121000 0.484800 0.071100 0.106100 0.047400 0.107400 0.123900 0.160500 0.073800 0.101400 0.082300 0.027700 0.112700 0.085200 0.145000 0.145600 0.096900 0.121000 0.073600 0.077200 0.173200 0.156800 0.071500 0.094200 0.073800 0.126600 0.094200 0.129100 0.163000 0.000000 0.188800 0.076700 0.085200 0.127500 0.082900 0.077200 0.106900 0.146400 0.178700 0.091900 0.167200 0.154300 0.125500 0.090900 0.096700 0.119500 0.080600 0.137500 0.129900 0.132800
Pronghorn 0.220000 0.690000 0.194900 0.531400 0.168500 0.225500 0.186300 0.204700 0.194900 0.177600 0.190600 0.191200 0.195800 0.187600 0.193300 0.176800 0.161400 0.162200 0.195100 0.191700 0.162000 0.188300 0.206300 0.196700 0.188900 0.192800 0.180600 0.203800 0.179800 0.215800 0.173700 0.188800 0.000000 0.190100 0.202600 0.208100 0.197900 0.175200 0.200600 0.208800 0.208700 0.187900 0.181100 0.197500 0.206600 0.195100 0.191500 0.204300 0.186300 0.196400 0.201000 0.213600
BlueWildeb 0.067300 0.606000 0.126100 0.509000 0.070500 0.078600 0.087500 0.100400 0.129000 0.146300 0.058700 0.112700 0.016300 0.076300 0.117900 0.075700 0.140100 0.160500 0.061100 0.126100 0.072800 0.061900 0.158500 0.149000 0.056300 0.090300 0.008100 0.131600 0.078500 0.134100 0.148900 0.076700 0.190100 0.000000 0.058300 0.126200 0.067600 0.070600 0.100000 0.145200 0.157600 0.085200 0.152900 0.159100 0.124300 0.096000 0.086900 0.115900 0.080000 0.139500 0.134900 0.137800
Gemsbok 0.084400 0.638900 0.131900 0.520200 0.076100 0.095800 0.093100 0.109100 0.137700 0.155300 0.064200 0.121400 0.063800 0.084700 0.117500 0.081400 0.152600 0.159900 0.075100 0.134800 0.087300 0.073200 0.161200 0.158000 0.067600 0.102000 0.055500 0.140300 0.096000 0.139900 0.157900 0.085200 0.202600 0.058300 0.000000 0.141100 0.076100 0.076300 0.114700 0.145000 0.153700 0.093900 0.161900 0.165000 0.139200 0.101800 0.101600 0.111800 0.088600 0.161000 0.143700 0.146600
Yak 0.132700 0.639300 0.095000 0.527300 0.117700 0.144300 0.122800 0.152500 0.097800 0.154700 0.126600 0.064100 0.131900 0.126700 0.123300 0.141400 0.168500 0.172600 0.147100 0.095000 0.132900 0.130300 0.163900 0.144400 0.124500 0.144300 0.117200 0.100500 0.150500 0.108800 0.160300 0.127500 0.208100 0.126200 0.141100 0.000000 0.136100 0.124100 0.142100 0.163300 0.163200 0.151800 0.158200 0.148300 0.013200 0.143600 0.143700 0.130100 0.128000 0.176600 0.103600 0.106400
BlueSheep 0.058700 0.635600 0.142100 0.513100 0.079600 0.069900 0.084900 0.113200 0.145000 0.159900 0.024700 0.122500 0.073100 0.082400 0.118500 0.100000 0.164000 0.151400 0.058300 0.135800 0.082100 0.024800 0.175600 0.172600 0.022100 0.108900 0.064700 0.141300 0.099900 0.140800 0.162500 0.082900 0.197900 0.067600 0.076100 0.136100 0.000000 0.082800 0.115600 0.155700 0.178100 0.103700 0.166700 0.176700 0.134200 0.108300 0.108200 0.119000 0.089300 0.152900 0.148000 0.147700
BohorReedb 0.097400 0.625500 0.124000 0.516700 0.027700 0.109000 0.079200 0.092000 0.126900 0.150600 0.073700 0.110400 0.076200 0.076700 0.121800 0.067500 0.144500 0.151800 0.081800 0.123900 0.070200 0.077000 0.159700 0.153500 0.068300 0.088000 0.067800 0.129500 0.076200 0.125900 0.153200 0.077200 0.175200 0.070600 0.076300 0.124100 0.082800 0.000000 0.085600 0.143100 0.162000 0.082700 0.157300 0.170300 0.122100 0.084700 0.096400 0.115900 0.077500 0.143700 0.126600 0.135800
KirksDik 0.121500 0.620600 0.148200 0.522800 0.085400 0.126900 0.096600 0.100100 0.151100 0.165800 0.100200 0.131700 0.105600 0.100300 0.149600 0.084300 0.166600 0.174100 0.111400 0.148200 0.075500 0.109800 0.191700 0.188300 0.097900 0.087100 0.091100 0.153800 0.069700 0.147100 0.168300 0.106900 0.200600 0.100000 0.114700 0.142100 0.115600 0.085600 0.000000 0.184000 0.187900 0.081900 0.172500 0.192300 0.140200 0.102100 0.083700 0.153400 0.107500 0.168500 0.157200 0.150900
RoeDeer 0.158000 0.631400 0.150200 0.548300 0.142700 0.169900 0.154300 0.171600 0.153200 0.084700 0.142600 0.143100 0.150900 0.145600 0.161000 0.150900 0.142600 0.176300 0.157100 0.156500 0.135800 0.146400 0.090500 0.069800 0.146900 0.138300 0.142200 0.155700 0.150600 0.158100 0.090200 0.146400 0.208800 0.145200 0.145000 0.163300 0.155700 0.143100 0.184000 0.000000 0.092600 0.161600 0.090800 0.081900 0.158500 0.166100 0.162400 0.159100 0.160100 0.142100 0.159200 0.168500
WhiteLippe 0.190700 0.661100 0.172600 0.533400 0.155200 0.196100 0.160300 0.191300 0.169300 0.049400 0.158100 0.162000 0.160300 0.171000 0.164400 0.173200 0.155600 0.169500 0.166100 0.172700 0.157900 0.168500 0.027400 0.096100 0.162600 0.160900 0.154600 0.178300 0.172900 0.174800 0.054800 0.178700 0.208700 0.157600 0.153700 0.163200 0.178100 0.162000 0.187900 0.092600 0.000000 0.168300 0.055300 0.108400 0.158300 0.198500 0.172200 0.171400 0.172800 0.167500 0.181900 0.178900
ThomsonGaz 0.112400 0.615600 0.145300 0.542300 0.079700 0.117800 0.093800 0.088200 0.151500 0.153300 0.091300 0.135400 0.096700 0.091300 0.121500 0.063800 0.140700 0.154600 0.102400 0.148600 0.072500 0.103100 0.172700 0.178600 0.089000 0.032600 0.088200 0.154100 0.066600 0.156700 0.155900 0.091900 0.187900 0.085200 0.093900 0.151800 0.103700 0.082700 0.081900 0.161600 0.168300 0.000000 0.160000 0.182500 0.150000 0.111300 0.080900 0.135100 0.092400 0.155900 0.157600 0.160600
MuntiacusC 0.188900 0.616400 0.161100 0.533500 0.137800 0.194400 0.139700 0.179900 0.157800 0.010800 0.159700 0.150700 0.158700 0.159700 0.172400 0.155600 0.147300 0.167700 0.148600 0.161200 0.140500 0.163700 0.053200 0.094000 0.157800 0.155600 0.149900 0.166800 0.155300 0.169100 0.016400 0.167200 0.181100 0.152900 0.161900 0.158200 0.166700 0.157300 0.172500 0.090800 0.055300 0.160000 0.000000 0.103500 0.153400 0.174000 0.161000 0.169200 0.161600 0.162600 0.170300 0.173300
WhiteTaile 0.179300 0.651000 0.164300 0.512000 0.163400 0.191400 0.168600 0.186500 0.160900 0.097400 0.163200 0.134700 0.164900 0.153400 0.162700 0.164900 0.167300 0.178200 0.177600 0.164200 0.162600 0.167100 0.103200 0.044300 0.167800 0.177800 0.149700 0.169800 0.177600 0.178600 0.102900 0.154300 0.197500 0.159100 0.165000 0.148300 0.176700 0.170300 0.192300 0.081900 0.108400 0.182500 0.103500 0.000000 0.143400 0.190700 0.180100 0.166600 0.168200 0.185100 0.173400 0.182900
Cattle 0.136900 0.633200 0.092900 0.527800 0.115700 0.148700 0.120900 0.157000 0.095700 0.149900 0.124600 0.061700 0.130000 0.121800 0.121300 0.139500 0.166700 0.170800 0.145200 0.092900 0.128000 0.128300 0.159000 0.139500 0.122500 0.142500 0.115200 0.098300 0.148700 0.103900 0.155500 0.125500 0.206600 0.124300 0.139200 0.013200 0.134200 0.122100 0.140200 0.158500 0.158300 0.150000 0.153400 0.143400 0.000000 0.141800 0.141700 0.128100 0.126000 0.174900 0.101500 0.104300
RoyalAntel 0.117100 0.635700 0.137400 0.520000 0.084500 0.122500 0.092700 0.118000 0.134200 0.167300 0.093200 0.124100 0.101500 0.096400 0.144900 0.098700 0.161600 0.175600 0.113200 0.137300 0.093000 0.102600 0.196200 0.173600 0.090900 0.110400 0.087200 0.136700 0.098500 0.139200 0.169800 0.090900 0.195100 0.096000 0.101800 0.143600 0.108300 0.084700 0.102100 0.166100 0.198500 0.111300 0.174000 0.190700 0.141800 0.000000 0.112900 0.145200 0.112400 0.160500 0.146200 0.149200
Steenbok 0.107800 0.643200 0.146400 0.552800 0.090300 0.113200 0.101400 0.101800 0.155500 0.157400 0.093000 0.136200 0.092400 0.096100 0.125900 0.077500 0.151400 0.158600 0.104000 0.152600 0.074700 0.102400 0.179300 0.169700 0.090700 0.077300 0.084000 0.158100 0.074500 0.160600 0.159900 0.096700 0.191500 0.086900 0.101600 0.143700 0.108200 0.096400 0.083700 0.162400 0.172200 0.080900 0.161000 0.180100 0.141700 0.112900 0.000000 0.132700 0.106100 0.153500 0.161600 0.164500
Impala 0.121700 0.656800 0.145300 0.577100 0.109600 0.133300 0.133600 0.147500 0.142000 0.169600 0.112500 0.131800 0.124200 0.118900 0.102900 0.115000 0.184100 0.171500 0.129800 0.139100 0.124800 0.116100 0.178600 0.162700 0.110300 0.136400 0.115400 0.144600 0.120900 0.153300 0.165600 0.119500 0.204300 0.115900 0.111800 0.130100 0.119000 0.115900 0.153400 0.159100 0.171400 0.135100 0.169200 0.166600 0.128100 0.145200 0.132700 0.000000 0.119800 0.188700 0.148000 0.157300
Klipspring 0.095000 0.620900 0.140300 0.523400 0.065500 0.100600 0.088600 0.114100 0.143200 0.154900 0.074200 0.120500 0.091500 0.080200 0.113000 0.094800 0.161900 0.156100 0.085300 0.140200 0.073600 0.083500 0.169900 0.170700 0.077800 0.109800 0.083000 0.145900 0.097500 0.148500 0.157500 0.080600 0.186300 0.080000 0.088600 0.128000 0.089300 0.077500 0.107500 0.160100 0.172800 0.092400 0.161600 0.168200 0.126000 0.112400 0.106100 0.119800 0.000000 0.151000 0.149300 0.152300
ForestMusk 0.165000 0.636600 0.169900 0.510400 0.134000 0.170500 0.142100 0.172300 0.166500 0.149500 0.136800 0.143800 0.145100 0.140100 0.168100 0.151500 0.146700 0.150300 0.151400 0.163400 0.120900 0.146900 0.168300 0.174500 0.141100 0.135600 0.136400 0.175400 0.144900 0.184300 0.161600 0.137500 0.196400 0.139500 0.161000 0.176600 0.152900 0.143700 0.168500 0.142100 0.167500 0.155900 0.162600 0.185100 0.174900 0.160500 0.153500 0.188700 0.151000 0.000000 0.172500 0.182000
Bushbuck 0.156800 0.652000 0.035000 0.533200 0.126300 0.168600 0.131400 0.161100 0.016000 0.166800 0.138400 0.084200 0.140500 0.129200 0.128700 0.153500 0.167800 0.188600 0.155700 0.013300 0.126100 0.142100 0.182600 0.163100 0.136300 0.150000 0.125800 0.018600 0.156300 0.032000 0.172300 0.129900 0.201000 0.134900 0.143700 0.103600 0.148000 0.126600 0.157200 0.159200 0.181900 0.157600 0.170300 0.173400 0.101500 0.146200 0.161600 0.148000 0.149300 0.172500 0.000000 0.029400
GreaterKud 0.153400 0.658200 0.037600 0.527000 0.129300 0.165200 0.134300 0.164100 0.024000 0.169800 0.138100 0.087000 0.143500 0.126000 0.143900 0.156400 0.180800 0.194900 0.152500 0.021300 0.135400 0.141800 0.179100 0.166100 0.136100 0.159300 0.128700 0.026600 0.159200 0.018500 0.175300 0.132800 0.213600 0.137800 0.146600 0.106400 0.147700 0.135800 0.150900 0.168500 0.178900 0.160600 0.173300 0.182900 0.104300 0.149200 0.164500 0.157300 0.152300 0.182000 0.029400 0.000000
