1
52 1
Argali 0.000000 0.787400 0.061500 0.236400 0.023800 0.000000 0.075000 0.074500 0.049000 0.089400 0.011700 0.075100 0.023500 0.061500 0.049200 0.023700 0.129400 0.127500 0.036100 0.049000 0.074000 0.024000 0.088600 0.088100 0.036100 0.048600 0.049100 0.061400 0.036000 0.049000 0.103200 0.048600 0.074800 0.023600 0.036400 0.087500 0.074100 0.047600 0.036500 0.088400 0.088300 0.113700 0.075300 0.089200 0.074000 0.061100 0.049200 0.101500 0.036000 0.061100 0.074200 0.049000
LesserMous 0.787400 0.000000 0.816000 0.745500 0.787400 0.787400 0.812800 0.842400 0.781900 0.680700 0.758900 0.786600 0.763000 0.754900 0.790300 0.820100 0.887500 0.860500 0.759400 0.781900 0.763500 0.763000 0.812600 0.792500 0.788300 0.763200 0.781700 0.812500 0.791100 0.781900 0.684800 0.750900 0.773800 0.763000 0.782400 0.858500 0.837500 0.844000 0.774800 0.757600 0.812600 0.864100 0.701100 0.778600 0.819800 0.807000 0.699400 0.770900 0.804700 0.805700 0.836900 0.781900
LesserKudu 0.061500 0.816000 0.000000 0.292800 0.061800 0.061800 0.063000 0.062600 0.012000 0.104800 0.049200 0.037300 0.036800 0.049700 0.037300 0.061700 0.117300 0.101900 0.049300 0.012200 0.062200 0.035900 0.076700 0.076200 0.049200 0.036000 0.062900 0.024400 0.049200 0.012000 0.091300 0.062400 0.117100 0.036800 0.049800 0.075700 0.088500 0.062300 0.049900 0.103600 0.076700 0.129700 0.090400 0.077300 0.062600 0.075000 0.037200 0.089600 0.075000 0.075400 0.035500 0.012200
KillerWhal 0.236400 0.745500 0.292800 0.000000 0.220400 0.236400 0.276100 0.271100 0.274800 0.244400 0.221200 0.312100 0.238800 0.273400 0.276700 0.268900 0.332200 0.325400 0.254200 0.274800 0.306500 0.238800 0.278400 0.259300 0.254300 0.255600 0.208300 0.291000 0.287200 0.274800 0.263200 0.254700 0.294400 0.238800 0.257100 0.289000 0.271800 0.255800 0.258500 0.241900 0.278400 0.325000 0.226200 0.245100 0.271600 0.253500 0.275600 0.291900 0.269900 0.272800 0.289900 0.274800
DefassaWat 0.023800 0.787400 0.061800 0.220400 0.000000 0.023300 0.049100 0.061600 0.049000 0.089100 0.011700 0.075100 0.024000 0.061500 0.049200 0.047900 0.101600 0.100100 0.036100 0.049000 0.074000 0.024000 0.088600 0.061800 0.036100 0.023900 0.049100 0.061000 0.061000 0.049000 0.103200 0.048600 0.101600 0.024000 0.036400 0.087500 0.074100 0.023500 0.036500 0.088400 0.088600 0.113700 0.075300 0.089200 0.074300 0.035200 0.049200 0.101500 0.061000 0.061100 0.048600 0.049000
Sheep 0.000000 0.787400 0.061800 0.236400 0.023300 0.000000 0.075000 0.074500 0.049000 0.089100 0.011700 0.075100 0.024000 0.061500 0.049200 0.023700 0.129400 0.127500 0.036100 0.049000 0.074000 0.024000 0.088600 0.088100 0.036100 0.048600 0.049100 0.061400 0.036000 0.049000 0.103200 0.048600 0.074800 0.024000 0.036400 0.087500 0.074100 0.048700 0.036500 0.088400 0.088600 0.113700 0.075300 0.089200 0.074300 0.061100 0.049200 0.101500 0.036000 0.061100 0.074200 0.049000
MaxwellsDu 0.075000 0.812800 0.063000 0.276100 0.049100 0.075000 0.000000 0.062800 0.049900 0.105000 0.062200 0.076600 0.049500 0.035800 0.050200 0.074800 0.103400 0.101900 0.062200 0.049900 0.075400 0.049200 0.090500 0.063100 0.061300 0.024400 0.076300 0.062600 0.062100 0.049900 0.091400 0.049100 0.131700 0.049000 0.062900 0.116900 0.102300 0.049500 0.063000 0.103800 0.090500 0.101300 0.090500 0.077300 0.103200 0.035400 0.050100 0.089000 0.061500 0.062300 0.049600 0.049900
GazellaPrz 0.074500 0.842400 0.062600 0.271100 0.061600 0.074500 0.062800 0.000000 0.049600 0.118400 0.061800 0.076100 0.049200 0.062300 0.049900 0.074300 0.116900 0.115100 0.061800 0.049600 0.074900 0.049200 0.089900 0.075900 0.061800 0.036000 0.075800 0.062200 0.061700 0.049600 0.104800 0.075100 0.130700 0.049200 0.062500 0.116000 0.101600 0.062100 0.062700 0.117100 0.089900 0.129200 0.103700 0.090500 0.102200 0.074700 0.049800 0.102900 0.087800 0.075000 0.062100 0.049600
MountainNy 0.049000 0.781900 0.012000 0.274800 0.049000 0.049000 0.049900 0.049600 0.000000 0.090800 0.036600 0.024700 0.024300 0.036900 0.024600 0.048800 0.103100 0.101600 0.035900 0.000000 0.049500 0.023900 0.063300 0.062700 0.036600 0.023900 0.049900 0.011900 0.035900 0.000000 0.077500 0.049400 0.103000 0.024300 0.037000 0.062500 0.075100 0.049300 0.037100 0.089800 0.063300 0.115500 0.076700 0.063800 0.048500 0.061900 0.024000 0.076100 0.061800 0.062100 0.024300 0.000000
MuntiacusM 0.089400 0.680700 0.104800 0.244400 0.089100 0.089100 0.105000 0.118400 0.090800 0.000000 0.076000 0.119600 0.089900 0.090200 0.091300 0.116400 0.148100 0.145700 0.103200 0.090800 0.117500 0.089900 0.077300 0.076700 0.103000 0.090000 0.104600 0.104100 0.103100 0.090800 0.012400 0.076300 0.119200 0.089900 0.077000 0.132300 0.146200 0.117800 0.104700 0.050500 0.077300 0.175600 0.012400 0.051000 0.117700 0.116900 0.091100 0.104900 0.116800 0.103800 0.118000 0.090800
goat 0.011700 0.758900 0.049200 0.221200 0.011700 0.011700 0.062200 0.061800 0.036600 0.076000 0.000000 0.062200 0.011700 0.049000 0.036800 0.036000 0.115800 0.114100 0.023500 0.036300 0.061400 0.011900 0.075600 0.075200 0.024000 0.036300 0.036700 0.048900 0.048500 0.035800 0.089900 0.036300 0.088400 0.011800 0.023700 0.074600 0.061500 0.036300 0.023600 0.075400 0.075600 0.128000 0.062400 0.076100 0.061700 0.048600 0.036700 0.088400 0.048600 0.074300 0.061500 0.035900
AfricanBuf 0.075100 0.786600 0.037300 0.312100 0.075100 0.075100 0.076600 0.076100 0.024700 0.119600 0.062200 0.000000 0.049600 0.062900 0.050400 0.074900 0.132000 0.129900 0.061300 0.024700 0.075600 0.049600 0.090700 0.090100 0.062300 0.049700 0.076500 0.037100 0.062200 0.024300 0.105800 0.075800 0.131800 0.048900 0.063100 0.062800 0.102500 0.075700 0.049900 0.118200 0.090700 0.144500 0.104700 0.091400 0.049800 0.088500 0.050100 0.103800 0.088500 0.089000 0.049700 0.024300
Topi 0.023500 0.763000 0.036800 0.238800 0.024000 0.024000 0.049500 0.049200 0.024300 0.089900 0.011700 0.049600 0.000000 0.036600 0.024400 0.023900 0.102500 0.100900 0.011900 0.024300 0.048900 0.000000 0.062800 0.062400 0.011800 0.024100 0.024400 0.035800 0.036200 0.023800 0.076700 0.049000 0.075500 0.000000 0.036700 0.088200 0.049000 0.024100 0.011900 0.062800 0.062800 0.114600 0.075900 0.063200 0.075000 0.036300 0.024400 0.075400 0.036300 0.061600 0.049000 0.024300
CommonDuik 0.061500 0.754900 0.049700 0.273400 0.061500 0.061500 0.035800 0.062300 0.036900 0.090200 0.049000 0.062900 0.036600 0.000000 0.037100 0.061400 0.089300 0.087900 0.049000 0.036900 0.061900 0.036600 0.076300 0.075900 0.024100 0.035800 0.062600 0.049400 0.047600 0.036900 0.077000 0.011900 0.116700 0.036600 0.049600 0.088800 0.088200 0.062000 0.049700 0.089300 0.076300 0.114100 0.076200 0.063000 0.088700 0.047600 0.037000 0.049300 0.047700 0.075000 0.062000 0.036900
Suni 0.049200 0.790300 0.037300 0.276700 0.049200 0.049200 0.050200 0.049900 0.024600 0.091300 0.036800 0.050400 0.024400 0.037100 0.000000 0.049100 0.103800 0.102200 0.036800 0.024600 0.049600 0.023700 0.063700 0.063200 0.036100 0.024400 0.050200 0.037100 0.036700 0.024200 0.077900 0.049700 0.103700 0.024300 0.037200 0.089400 0.075600 0.049600 0.037300 0.090300 0.063900 0.116200 0.077100 0.064200 0.076000 0.062200 0.024700 0.076500 0.062200 0.062500 0.049700 0.024600
Springbuck 0.023700 0.820100 0.061700 0.268900 0.047900 0.023700 0.074800 0.074300 0.048800 0.116400 0.036000 0.074900 0.023900 0.061400 0.049100 0.000000 0.129000 0.127200 0.036000 0.048800 0.048500 0.023700 0.088400 0.087900 0.036000 0.048500 0.048000 0.061300 0.011800 0.048800 0.102900 0.074000 0.074600 0.023500 0.061500 0.114300 0.073900 0.048600 0.036500 0.088100 0.088400 0.087000 0.102000 0.089000 0.100700 0.060900 0.049100 0.101200 0.035900 0.061000 0.074000 0.047900
Okapi 0.129400 0.887500 0.117300 0.332200 0.101600 0.129400 0.103400 0.116900 0.103100 0.148100 0.115800 0.132000 0.102500 0.089300 0.103800 0.129000 0.000000 0.036200 0.115900 0.103100 0.130000 0.102500 0.118500 0.089900 0.088600 0.075400 0.131700 0.116600 0.115500 0.103100 0.133900 0.102500 0.130100 0.102500 0.117100 0.160500 0.159200 0.102300 0.117500 0.146700 0.118500 0.173500 0.132700 0.119200 0.160200 0.115500 0.103600 0.131600 0.143900 0.088800 0.102300 0.103100
Giraffe 0.127500 0.860500 0.101900 0.325400 0.100100 0.127500 0.101900 0.115100 0.101600 0.145700 0.114100 0.129900 0.100900 0.087900 0.102200 0.127200 0.036200 0.000000 0.114200 0.101600 0.128100 0.100900 0.116600 0.088500 0.087300 0.074400 0.129600 0.114800 0.113900 0.101600 0.131700 0.101000 0.142300 0.100900 0.115300 0.157900 0.156700 0.100800 0.115700 0.144400 0.116600 0.170800 0.130600 0.117300 0.157600 0.113900 0.102000 0.129500 0.141800 0.087500 0.100800 0.101600
TibetanAnt 0.036100 0.759400 0.049300 0.254200 0.036100 0.036100 0.062200 0.061800 0.035900 0.103200 0.023500 0.061300 0.011900 0.049000 0.036800 0.036000 0.115900 0.114200 0.000000 0.035800 0.061400 0.011700 0.075700 0.075200 0.024000 0.036300 0.036700 0.048400 0.048600 0.036600 0.089900 0.061600 0.088500 0.011700 0.049200 0.101400 0.061500 0.036400 0.023800 0.075400 0.075700 0.128000 0.089100 0.076200 0.087900 0.048600 0.023700 0.088400 0.048600 0.074300 0.061500 0.036600
Sitatunga 0.049000 0.781900 0.012200 0.274800 0.049000 0.049000 0.049900 0.049600 0.000000 0.090800 0.036300 0.024700 0.024300 0.036900 0.024600 0.048800 0.103100 0.101600 0.035800 0.000000 0.049300 0.024300 0.063300 0.062900 0.036600 0.023900 0.049900 0.011900 0.036500 0.000000 0.077500 0.049400 0.103000 0.023900 0.037000 0.062500 0.075100 0.049300 0.037100 0.090000 0.062200 0.115700 0.076700 0.063800 0.049600 0.061900 0.024600 0.076100 0.061800 0.062100 0.023900 0.000000
Oribi 0.074000 0.763500 0.062200 0.306500 0.074000 0.074000 0.075400 0.074900 0.049500 0.117500 0.061400 0.075600 0.048900 0.061900 0.049600 0.048500 0.130000 0.128100 0.061400 0.049300 0.000000 0.048900 0.089200 0.088600 0.061400 0.048900 0.075300 0.061800 0.036300 0.049300 0.104000 0.074600 0.101800 0.048900 0.062100 0.115200 0.074500 0.074500 0.062200 0.116200 0.089200 0.114700 0.102900 0.089800 0.101500 0.087300 0.049500 0.102100 0.087300 0.087600 0.074600 0.049300
BarbaryShe 0.024000 0.763000 0.035900 0.238800 0.024000 0.024000 0.049200 0.049200 0.023900 0.089900 0.011900 0.049600 0.000000 0.036600 0.023700 0.023700 0.102500 0.100900 0.011700 0.024300 0.048900 0.000000 0.062800 0.062400 0.011800 0.024100 0.024400 0.036600 0.036200 0.024300 0.076700 0.049000 0.075500 0.000000 0.036700 0.088200 0.048700 0.024100 0.012000 0.062600 0.062800 0.114600 0.075900 0.063200 0.075000 0.036300 0.023700 0.075400 0.036300 0.061600 0.049000 0.024300
Daviddeer 0.088600 0.812600 0.076700 0.278400 0.088600 0.088600 0.090500 0.089900 0.063300 0.077300 0.075600 0.090700 0.062800 0.076300 0.063700 0.088400 0.118500 0.116600 0.075700 0.063300 0.089200 0.062800 0.000000 0.049700 0.075600 0.062000 0.076600 0.076200 0.076100 0.063300 0.064200 0.089500 0.118300 0.062800 0.076600 0.131700 0.116800 0.062700 0.076800 0.076400 0.000000 0.144300 0.063400 0.050700 0.117500 0.102500 0.063500 0.118300 0.102400 0.076000 0.089400 0.063300
Reindeer 0.088100 0.792500 0.076200 0.259300 0.061800 0.088100 0.063100 0.075900 0.062700 0.076700 0.075200 0.090100 0.062400 0.075900 0.063200 0.087900 0.089900 0.088500 0.075200 0.062900 0.088600 0.062400 0.049700 0.000000 0.075200 0.036800 0.076100 0.075700 0.075000 0.062900 0.063600 0.088900 0.117600 0.062400 0.076000 0.131000 0.116100 0.062300 0.076200 0.075200 0.049900 0.129800 0.063000 0.050300 0.116800 0.075000 0.063000 0.117500 0.101800 0.049500 0.062300 0.062900
Ibex 0.036100 0.788300 0.049200 0.254300 0.036100 0.036100 0.061300 0.061800 0.036600 0.103000 0.024000 0.062300 0.011800 0.024100 0.036100 0.036000 0.088600 0.087300 0.024000 0.036600 0.061400 0.011800 0.075600 0.075200 0.000000 0.036300 0.036700 0.048900 0.048500 0.036600 0.089800 0.035500 0.088500 0.011900 0.049100 0.088000 0.061500 0.036300 0.024300 0.075300 0.075600 0.127900 0.088900 0.075400 0.087900 0.048600 0.036700 0.062100 0.048600 0.074300 0.061500 0.036600
GyrantGaze 0.048600 0.763200 0.036000 0.255600 0.023900 0.048600 0.024400 0.036000 0.023900 0.090000 0.036300 0.049700 0.024100 0.035800 0.024400 0.048500 0.075400 0.074400 0.036300 0.023900 0.048900 0.024100 0.062000 0.036800 0.036300 0.000000 0.049500 0.036600 0.036300 0.024300 0.076800 0.049000 0.102500 0.023700 0.036700 0.088200 0.074600 0.023600 0.036800 0.089100 0.062800 0.087600 0.076100 0.062800 0.075000 0.036300 0.024400 0.075500 0.061400 0.036400 0.024100 0.024300
Hartebeest 0.049100 0.781700 0.062900 0.208300 0.049100 0.049100 0.076300 0.075800 0.049900 0.104600 0.036700 0.076500 0.024400 0.062600 0.050200 0.048000 0.131700 0.129600 0.036700 0.049900 0.075300 0.024400 0.076600 0.076100 0.036700 0.049500 0.000000 0.062600 0.061900 0.048800 0.091100 0.075500 0.103400 0.024400 0.062800 0.116600 0.049400 0.049500 0.037200 0.076300 0.076600 0.144000 0.090200 0.077200 0.102800 0.062000 0.050000 0.076200 0.062000 0.088600 0.075400 0.049900
Bongo 0.061400 0.812500 0.024400 0.291000 0.061000 0.061400 0.062600 0.062200 0.011900 0.104100 0.048900 0.037100 0.035800 0.049400 0.037100 0.061300 0.116600 0.114800 0.048400 0.011900 0.061800 0.036600 0.076200 0.075700 0.048900 0.036600 0.062600 0.000000 0.048900 0.011900 0.090700 0.061800 0.116400 0.036600 0.049500 0.075300 0.088400 0.061900 0.049600 0.103000 0.076200 0.128900 0.089800 0.076800 0.062200 0.074500 0.037000 0.089100 0.074500 0.074800 0.036600 0.012000
Gerenuk 0.036000 0.791100 0.049200 0.287200 0.061000 0.036000 0.062100 0.061700 0.035900 0.103100 0.048500 0.062200 0.036200 0.047600 0.036700 0.011800 0.115500 0.113900 0.048600 0.036500 0.036300 0.036200 0.076100 0.075000 0.048500 0.036300 0.061900 0.048900 0.000000 0.036500 0.089800 0.061500 0.088100 0.036200 0.049100 0.101100 0.087200 0.061400 0.049200 0.102000 0.075500 0.074300 0.088900 0.076000 0.087700 0.074000 0.036700 0.088300 0.048500 0.048600 0.061500 0.036500
CommonElan 0.049000 0.781900 0.012000 0.274800 0.049000 0.049000 0.049900 0.049600 0.000000 0.090800 0.035800 0.024300 0.023800 0.036900 0.024200 0.048800 0.103100 0.101600 0.036600 0.000000 0.049300 0.024300 0.063300 0.062900 0.036600 0.024300 0.048800 0.011900 0.036500 0.000000 0.077500 0.049400 0.103000 0.023900 0.037000 0.062500 0.075100 0.049500 0.036200 0.089800 0.063300 0.114100 0.076700 0.063800 0.049600 0.061900 0.024600 0.076100 0.061800 0.062100 0.024300 0.000000
MuntiacusR 0.103200 0.684800 0.091300 0.263200 0.103200 0.103200 0.091400 0.104800 0.077500 0.012400 0.089900 0.105800 0.076700 0.077000 0.077900 0.102900 0.133900 0.131700 0.089900 0.077500 0.104000 0.076700 0.064200 0.063600 0.089800 0.076800 0.091100 0.090700 0.089800 0.077500 0.000000 0.090200 0.105500 0.076700 0.091100 0.147700 0.132200 0.104200 0.091100 0.036800 0.064200 0.161200 0.025100 0.038100 0.133200 0.103300 0.077700 0.091400 0.103300 0.090400 0.104400 0.077500
HarveysDui 0.048600 0.750900 0.062400 0.254700 0.048600 0.048600 0.049100 0.075100 0.049400 0.076300 0.036300 0.075800 0.049000 0.011900 0.049700 0.074000 0.102500 0.101000 0.061600 0.049400 0.074600 0.049000 0.089500 0.088900 0.035500 0.049000 0.075500 0.061800 0.061500 0.049400 0.090200 0.000000 0.130300 0.049000 0.036700 0.075100 0.101200 0.074800 0.062400 0.102500 0.089500 0.127500 0.062700 0.076400 0.075000 0.060900 0.049600 0.061800 0.060900 0.087800 0.074800 0.049400
Pronghorn 0.074800 0.773800 0.117100 0.294400 0.101600 0.074800 0.131700 0.130700 0.103000 0.119200 0.088400 0.131800 0.075500 0.116700 0.103700 0.074600 0.130100 0.142300 0.088500 0.103000 0.101800 0.075500 0.118300 0.117600 0.088500 0.102500 0.103400 0.116400 0.088100 0.103000 0.105500 0.130300 0.000000 0.075500 0.116900 0.175000 0.130100 0.102300 0.089700 0.090200 0.118300 0.173200 0.104400 0.119200 0.159900 0.115600 0.103400 0.131700 0.088200 0.088600 0.130100 0.103000
BlueWildeb 0.023600 0.763000 0.036800 0.238800 0.024000 0.024000 0.049000 0.049200 0.024300 0.089900 0.011800 0.048900 0.000000 0.036600 0.024300 0.023500 0.102500 0.100900 0.011700 0.023900 0.048900 0.000000 0.062800 0.062400 0.011900 0.023700 0.024400 0.036600 0.036200 0.023900 0.076700 0.049000 0.075500 0.000000 0.036700 0.088200 0.049000 0.024100 0.011800 0.062600 0.062800 0.114600 0.075900 0.063200 0.075000 0.036300 0.024400 0.075400 0.035600 0.061600 0.049000 0.024300
Gemsbok 0.036400 0.782400 0.049800 0.257100 0.036400 0.036400 0.062900 0.062500 0.037000 0.077000 0.023700 0.063100 0.036700 0.049600 0.037200 0.061500 0.117100 0.115300 0.049200 0.037000 0.062100 0.036700 0.076600 0.076000 0.049100 0.036700 0.062800 0.049500 0.049100 0.037000 0.091100 0.036700 0.116900 0.036700 0.000000 0.075400 0.088400 0.062200 0.049800 0.104300 0.076600 0.129500 0.063200 0.050300 0.062300 0.074800 0.037100 0.089500 0.074800 0.075100 0.062200 0.037000
Yak 0.087500 0.858500 0.075700 0.289000 0.087500 0.087500 0.116900 0.116000 0.062500 0.132300 0.074600 0.062800 0.088200 0.088800 0.089400 0.114300 0.160500 0.157900 0.101400 0.062500 0.115200 0.088200 0.131700 0.131000 0.088000 0.088200 0.116600 0.075300 0.101100 0.062500 0.147700 0.075100 0.175000 0.088200 0.075400 0.000000 0.143500 0.115400 0.088900 0.160400 0.131700 0.187600 0.117400 0.132600 0.011800 0.128800 0.089200 0.131000 0.128800 0.129200 0.088300 0.062500
BlueSheep 0.074100 0.837500 0.088500 0.271800 0.074100 0.074100 0.102300 0.101600 0.075100 0.146200 0.061500 0.102500 0.049000 0.088200 0.075600 0.073900 0.159200 0.156700 0.061500 0.075100 0.074500 0.048700 0.116800 0.116100 0.061500 0.074600 0.049400 0.088400 0.087200 0.075100 0.132200 0.101200 0.130100 0.049000 0.088400 0.143500 0.000000 0.074700 0.062400 0.116400 0.116800 0.171300 0.130900 0.117600 0.129300 0.087400 0.075400 0.102100 0.087300 0.114600 0.101100 0.075100
BohorReedb 0.047600 0.844000 0.062300 0.255800 0.023500 0.048700 0.049500 0.062100 0.049300 0.117800 0.036300 0.075700 0.024100 0.062000 0.049600 0.048600 0.102300 0.100800 0.036400 0.049300 0.074500 0.024100 0.062700 0.062300 0.036300 0.023600 0.049500 0.061900 0.061400 0.049500 0.104200 0.074800 0.102300 0.024100 0.062200 0.115400 0.074700 0.000000 0.035500 0.089100 0.062700 0.114600 0.103100 0.090000 0.101700 0.035400 0.049500 0.102300 0.061500 0.061600 0.049000 0.048400
KirksDik 0.036500 0.774800 0.049900 0.258500 0.036500 0.036500 0.063000 0.062700 0.037100 0.104700 0.023600 0.049900 0.011900 0.049700 0.037300 0.036500 0.117500 0.115700 0.023800 0.037100 0.062200 0.012000 0.076800 0.076200 0.024300 0.036800 0.037200 0.049600 0.049200 0.036200 0.091100 0.062400 0.089700 0.011800 0.049800 0.088900 0.062400 0.035500 0.000000 0.076500 0.076800 0.129700 0.090300 0.077300 0.075600 0.049200 0.036400 0.089700 0.049200 0.075100 0.062300 0.036300
RoeDeer 0.088400 0.757600 0.103600 0.241900 0.088400 0.088400 0.103800 0.117100 0.089800 0.050500 0.075400 0.118200 0.062800 0.089300 0.090300 0.088100 0.146700 0.144400 0.075400 0.090000 0.116200 0.062600 0.076400 0.075200 0.075300 0.089100 0.076300 0.103000 0.102000 0.089800 0.036800 0.102500 0.090200 0.062600 0.104300 0.160400 0.116400 0.089100 0.076500 0.000000 0.076400 0.173600 0.037300 0.050000 0.145700 0.088500 0.090100 0.103800 0.088400 0.102700 0.116600 0.089800
WhiteLippe 0.088300 0.812600 0.076700 0.278400 0.088600 0.088600 0.090500 0.089900 0.063300 0.077300 0.075600 0.090700 0.062800 0.076300 0.063900 0.088400 0.118500 0.116600 0.075700 0.062200 0.089200 0.062800 0.000000 0.049900 0.075600 0.062800 0.076600 0.076200 0.075500 0.063300 0.064200 0.089500 0.118300 0.062800 0.076600 0.131700 0.116800 0.062700 0.076800 0.076400 0.000000 0.144300 0.063400 0.050700 0.117600 0.102500 0.063500 0.118300 0.102400 0.076000 0.089400 0.063300
ThomsonGaz 0.113700 0.864100 0.129700 0.325000 0.113700 0.113700 0.101300 0.129200 0.115500 0.175600 0.128000 0.144500 0.114600 0.114100 0.116200 0.087000 0.173500 0.170800 0.128000 0.115700 0.114700 0.114600 0.144300 0.129800 0.127900 0.087600 0.144000 0.128900 0.074300 0.114100 0.161200 0.127500 0.173200 0.114600 0.129500 0.187600 0.171300 0.114600 0.129700 0.173600 0.144300 0.000000 0.159600 0.145800 0.172400 0.113000 0.116000 0.142700 0.112900 0.100700 0.114700 0.115500
MuntiacusC 0.075300 0.701100 0.090400 0.226200 0.075300 0.075300 0.090500 0.103700 0.076700 0.012400 0.062400 0.104700 0.075900 0.076200 0.077100 0.102000 0.132700 0.130600 0.089100 0.076700 0.102900 0.075900 0.063400 0.063000 0.088900 0.076100 0.090200 0.089800 0.088900 0.076700 0.025100 0.062700 0.104400 0.075900 0.063200 0.117400 0.130900 0.103100 0.090300 0.037300 0.063400 0.159600 0.000000 0.037700 0.103400 0.102400 0.076900 0.090500 0.102300 0.089500 0.103300 0.076700
WhiteTaile 0.089200 0.778600 0.077300 0.245100 0.089200 0.089200 0.077300 0.090500 0.063800 0.051000 0.076100 0.091400 0.063200 0.063000 0.064200 0.089000 0.119200 0.117300 0.076200 0.063800 0.089800 0.063200 0.050700 0.050300 0.075400 0.062800 0.077200 0.076800 0.076000 0.063800 0.038100 0.076400 0.119200 0.063200 0.050300 0.132600 0.117600 0.090000 0.077300 0.050000 0.050700 0.145800 0.037700 0.000000 0.118300 0.089300 0.064000 0.104800 0.089200 0.076500 0.090100 0.063800
Cattle 0.074000 0.819800 0.062600 0.271600 0.074300 0.074300 0.103200 0.102200 0.048500 0.117700 0.061700 0.049800 0.075000 0.088700 0.076000 0.100700 0.160200 0.157600 0.087900 0.049600 0.101500 0.075000 0.117500 0.116800 0.087900 0.075000 0.102800 0.062200 0.087700 0.049600 0.133200 0.075000 0.159900 0.075000 0.062300 0.011800 0.129300 0.101700 0.075600 0.145700 0.117600 0.172400 0.103400 0.118300 0.000000 0.114100 0.075800 0.130800 0.114800 0.115300 0.075100 0.049600
RoyalAntel 0.061100 0.807000 0.075000 0.253500 0.035200 0.061100 0.035400 0.074700 0.061900 0.116900 0.048600 0.088500 0.036300 0.047600 0.062200 0.060900 0.115500 0.113900 0.048600 0.061900 0.087300 0.036300 0.102500 0.075000 0.048600 0.036300 0.062000 0.074500 0.074000 0.061900 0.103300 0.060900 0.115600 0.036300 0.074800 0.128800 0.087400 0.035400 0.049200 0.088500 0.102500 0.113000 0.102400 0.089300 0.114100 0.000000 0.062100 0.100800 0.048100 0.074100 0.061400 0.061900
Steenbok 0.049200 0.699400 0.037200 0.275600 0.049200 0.049200 0.050100 0.049800 0.024000 0.091100 0.036700 0.050100 0.024400 0.037000 0.024700 0.049100 0.103600 0.102000 0.023700 0.024600 0.049500 0.023700 0.063500 0.063000 0.036700 0.024400 0.050000 0.037000 0.036700 0.024600 0.077700 0.049600 0.103400 0.024400 0.037100 0.089200 0.075400 0.049500 0.036400 0.090100 0.063500 0.116000 0.076900 0.064000 0.075800 0.062100 0.000000 0.076400 0.062100 0.062400 0.049600 0.024100
Impala 0.101500 0.770900 0.089600 0.291900 0.101500 0.101500 0.089000 0.102900 0.076100 0.104900 0.088400 0.103800 0.075400 0.049300 0.076500 0.101200 0.131600 0.129500 0.088400 0.076100 0.102100 0.075400 0.118300 0.117500 0.062100 0.075500 0.076200 0.089100 0.088300 0.076100 0.091400 0.061800 0.131700 0.075400 0.089500 0.131000 0.102100 0.102300 0.089700 0.103800 0.118300 0.142700 0.090500 0.104800 0.130800 0.100800 0.076400 0.000000 0.100800 0.116000 0.102400 0.076100
Klipspring 0.036000 0.804700 0.075000 0.269900 0.061000 0.036000 0.061500 0.087800 0.061800 0.116800 0.048600 0.088500 0.036300 0.047700 0.062200 0.035900 0.143900 0.141800 0.048600 0.061800 0.087300 0.036300 0.102400 0.101800 0.048600 0.061400 0.062000 0.074500 0.048500 0.061800 0.103300 0.060900 0.088200 0.035600 0.074800 0.128800 0.087300 0.061500 0.049200 0.088400 0.102400 0.112900 0.102300 0.089200 0.114800 0.048100 0.062100 0.100800 0.000000 0.074100 0.087500 0.061800
ForestMusk 0.061100 0.805700 0.075400 0.272800 0.061100 0.061100 0.062300 0.075000 0.062100 0.103800 0.074300 0.089000 0.061600 0.075000 0.062500 0.061000 0.088800 0.087500 0.074300 0.062100 0.087600 0.061600 0.076000 0.049500 0.074300 0.036400 0.088600 0.074800 0.048600 0.062100 0.090400 0.087800 0.088600 0.061600 0.075100 0.129200 0.114600 0.061600 0.075100 0.102700 0.076000 0.100700 0.089500 0.076500 0.115300 0.074100 0.062400 0.116000 0.074100 0.000000 0.061600 0.062100
Bushbuck 0.074200 0.836900 0.035500 0.289900 0.048600 0.074200 0.049600 0.062100 0.024300 0.118000 0.061500 0.049700 0.049000 0.062000 0.049700 0.074000 0.102300 0.100800 0.061500 0.023900 0.074600 0.049000 0.089400 0.062300 0.061500 0.024100 0.075400 0.036600 0.061500 0.024300 0.104400 0.074800 0.130100 0.049000 0.062200 0.088300 0.101100 0.049000 0.062300 0.116600 0.089400 0.114700 0.103300 0.090100 0.075100 0.061400 0.049600 0.102400 0.087500 0.061600 0.000000 0.024300
GreaterKud 0.049000 0.781900 0.012200 0.274800 0.049000 0.049000 0.049900 0.049600 0.000000 0.090800 0.035900 0.024300 0.024300 0.036900 0.024600 0.047900 0.103100 0.101600 0.036600 0.000000 0.049300 0.024300 0.063300 0.062900 0.036600 0.024300 0.049900 0.012000 0.036500 0.000000 0.077500 0.049400 0.103000 0.024300 0.037000 0.062500 0.075100 0.048400 0.036300 0.089800 0.063300 0.115500 0.076700 0.063800 0.049600 0.061900 0.024100 0.076100 0.061800 0.062100 0.024300 0.000000
