CODONML (in paml version 4.10.7, June 2023)  /home/rachel/ruminants_paml/6406-phy-tree/ENSBTAT00000000986.fasta.phy
Model: free dN/dS Ratios for branches,  kappa = 2.000 fixed

Codon frequency model: F3x4
ns =  54  ls =  33

Codon usage in sequences
--------------------------------------------------------------------------------------------------------------------------------------
Phe TTT   5   4   4   4   4   4 | Ser TCT   0   0   0   0   0   0 | Tyr TAT   2   2   2   2   1   2 | Cys TGT   0   0   0   0   0   0
    TTC   0   0   0   0   0   0 |     TCC   1   1   1   1   1   1 |     TAC   0   0   0   0   1   0 |     TGC   1   1   1   1   1   1
Leu TTA   0   0   0   0   0   0 |     TCA   2   2   2   2   2   2 | *** TAA   0   0   0   0   0   0 | *** TGA   0   0   0   0   0   0
    TTG   0   0   0   0   0   0 |     TCG   0   0   0   0   0   0 |     TAG   0   0   0   0   0   0 | Trp TGG   1   1   1   1   1   1
--------------------------------------------------------------------------------------------------------------------------------------
Leu CTT   3   2   3   3   2   2 | Pro CCT   2   2   2   2   2   2 | His CAT   0   0   0   0   1   2 | Arg CGT   0   0   0   0   0   0
    CTC   1   2   1   1   2   3 |     CCC   0   0   0   0   0   0 |     CAC   0   0   0   0   0   0 |     CGC   0   0   0   0   0   0
    CTA   0   0   0   0   0   0 |     CCA   0   0   0   0   0   0 | Gln CAA   1   1   1   1   1   1 |     CGA   0   0   0   0   0   0
    CTG   1   1   1   1   1   0 |     CCG   0   0   0   0   0   0 |     CAG   1   1   1   1   1   0 |     CGG   0   0   0   0   0   0
--------------------------------------------------------------------------------------------------------------------------------------
Ile ATT   0   1   1   0   1   1 | Thr ACT   1   1   1   1   1   1 | Asn AAT   1   1   1   1   1   1 | Ser AGT   0   0   0   0   0   0
    ATC   0   0   0   1   0   0 |     ACC   0   0   0   0   0   0 |     AAC   0   0   0   0   0   0 |     AGC   0   0   0   0   0   0
    ATA   0   0   0   0   0   0 |     ACA   0   0   0   0   0   0 | Lys AAA   0   0   0   0   0   0 | Arg AGA   0   0   0   0   0   0
Met ATG   2   2   2   2   1   2 |     ACG   0   0   0   0   1   0 |     AAG   0   0   0   0   0   0 |     AGG   0   0   0   0   0   0
--------------------------------------------------------------------------------------------------------------------------------------
Val GTT   0   0   0   0   0   0 | Ala GCT   2   2   2   2   2   2 | Asp GAT   2   2   2   1   1   1 | Gly GGT   0   0   0   0   0   0
    GTC   0   0   0   0   0   0 |     GCC   1   1   1   1   1   1 |     GAC   0   0   0   0   0   0 |     GGC   0   0   0   0   0   0
    GTA   1   1   1   1   1   1 |     GCA   1   1   1   0   1   0 | Glu GAA   0   0   0   0   0   0 |     GGA   1   1   1   1   0   0
    GTG   0   0   0   0   0   0 |     GCG   0   0   0   1   0   1 |     GAG   0   0   0   1   0   0 |     GGG   0   0   0   0   1   1
--------------------------------------------------------------------------------------------------------------------------------------

--------------------------------------------------------------------------------------------------------------------------------------
Phe TTT   4   5   5   5   4   4 | Ser TCT   0   0   0   0   0   0 | Tyr TAT   2   2   2   2   2   2 | Cys TGT   0   0   0   0   0   0
    TTC   0   0   0   0   0   0 |     TCC   1   1   1   1   1   1 |     TAC   0   0   0   0   0   0 |     TGC   1   1   1   1   1   1
Leu TTA   0   0   0   0   0   0 |     TCA   2   2   2   2   2   2 | *** TAA   0   0   0   0   0   0 | *** TGA   0   0   0   0   0   0
    TTG   0   0   0   0   0   0 |     TCG   0   0   0   0   0   0 |     TAG   0   0   0   0   0   0 | Trp TGG   1   1   1   1   1   1
--------------------------------------------------------------------------------------------------------------------------------------
Leu CTT   3   3   3   3   3   2 | Pro CCT   2   2   2   2   2   2 | His CAT   0   0   0   0   0   0 | Arg CGT   0   0   0   0   0   1
    CTC   1   1   1   1   1   1 |     CCC   0   0   0   0   0   0 |     CAC   0   0   0   0   0   0 |     CGC   0   0   0   0   0   0
    CTA   0   0   0   0   0   0 |     CCA   0   0   0   0   0   0 | Gln CAA   1   1   1   1   1   1 |     CGA   0   0   0   0   0   0
    CTG   1   1   1   1   1   1 |     CCG   0   0   0   0   0   0 |     CAG   1   1   1   1   1   1 |     CGG   0   0   0   0   0   0
--------------------------------------------------------------------------------------------------------------------------------------
Ile ATT   1   0   0   0   1   1 | Thr ACT   1   1   1   1   1   1 | Asn AAT   1   1   1   0   1   1 | Ser AGT   0   0   0   1   0   0
    ATC   0   0   0   0   0   0 |     ACC   0   0   0   0   0   0 |     AAC   0   0   0   0   0   0 |     AGC   0   0   0   0   0   0
    ATA   0   0   0   0   0   0 |     ACA   0   0   0   0   0   0 | Lys AAA   0   0   0   0   0   0 | Arg AGA   0   0   0   0   0   0
Met ATG   2   2   2   2   2   2 |     ACG   0   0   0   0   0   0 |     AAG   0   0   0   0   0   0 |     AGG   0   0   0   0   0   0
--------------------------------------------------------------------------------------------------------------------------------------
Val GTT   0   0   0   0   0   0 | Ala GCT   2   2   2   2   2   2 | Asp GAT   2   2   2   2   2   2 | Gly GGT   0   0   0   0   0   0
    GTC   0   0   0   0   0   0 |     GCC   1   1   1   1   1   1 |     GAC   0   0   0   0   0   0 |     GGC   0   0   0   0   0   0
    GTA   1   1   1   1   1   1 |     GCA   1   1   1   1   1   1 | Glu GAA   0   0   0   0   0   0 |     GGA   1   1   1   1   1   1
    GTG   0   0   0   0   0   0 |     GCG   0   0   0   0   0   0 |     GAG   0   0   0   0   0   0 |     GGG   0   0   0   0   0   0
--------------------------------------------------------------------------------------------------------------------------------------

--------------------------------------------------------------------------------------------------------------------------------------
Phe TTT   5   4   5   5   5   5 | Ser TCT   0   0   0   0   0   0 | Tyr TAT   2   1   2   2   2   1 | Cys TGT   0   0   0   0   0   0
    TTC   0   0   0   0   0   0 |     TCC   1   1   1   1   1   1 |     TAC   0   0   0   0   0   1 |     TGC   1   1   1   1   1   1
Leu TTA   0   0   0   0   0   0 |     TCA   2   2   2   2   2   2 | *** TAA   0   0   0   0   0   0 | *** TGA   0   0   0   0   0   0
    TTG   0   0   0   0   0   0 |     TCG   0   0   0   0   0   0 |     TAG   0   0   0   0   0   0 | Trp TGG   1   1   1   1   1   1
--------------------------------------------------------------------------------------------------------------------------------------
Leu CTT   3   3   3   3   3   3 | Pro CCT   2   2   2   2   2   2 | His CAT   0   1   0   0   0   0 | Arg CGT   0   0   0   0   0   0
    CTC   1   1   1   1   1   1 |     CCC   0   0   0   0   0   0 |     CAC   0   0   0   0   0   0 |     CGC   0   0   0   0   0   0
    CTA   0   0   0   0   0   0 |     CCA   0   0   0   0   0   0 | Gln CAA   1   1   1   1   1   1 |     CGA   0   0   0   0   0   0
    CTG   1   1   1   1   1   1 |     CCG   0   0   0   0   0   0 |     CAG   1   1   1   1   1   1 |     CGG   0   0   0   0   0   0
--------------------------------------------------------------------------------------------------------------------------------------
Ile ATT   0   2   0   0   0   0 | Thr ACT   1   0   1   1   1   1 | Asn AAT   1   1   1   1   1   0 | Ser AGT   0   0   0   0   0   1
    ATC   0   0   0   0   0   0 |     ACC   0   0   0   0   0   0 |     AAC   0   0   0   0   0   0 |     AGC   0   0   0   0   0   0
    ATA   0   0   0   0   0   0 |     ACA   0   0   0   0   0   0 | Lys AAA   0   0   0   0   0   0 | Arg AGA   0   0   0   0   0   0
Met ATG   2   2   2   2   2   2 |     ACG   0   0   0   0   0   0 |     AAG   0   0   0   0   0   0 |     AGG   0   0   0   0   0   0
--------------------------------------------------------------------------------------------------------------------------------------
Val GTT   0   0   0   0   0   0 | Ala GCT   2   2   2   2   2   2 | Asp GAT   2   2   2   2   2   2 | Gly GGT   0   0   0   0   0   0
    GTC   0   0   0   0   0   0 |     GCC   1   1   1   1   1   1 |     GAC   0   0   0   0   0   0 |     GGC   0   0   0   0   0   0
    GTA   1   1   1   1   1   1 |     GCA   1   1   1   1   1   1 | Glu GAA   0   0   0   0   0   0 |     GGA   1   1   1   1   1   1
    GTG   0   0   0   0   0   0 |     GCG   0   0   0   0   0   0 |     GAG   0   0   0   0   0   0 |     GGG   0   0   0   0   0   0
--------------------------------------------------------------------------------------------------------------------------------------

--------------------------------------------------------------------------------------------------------------------------------------
Phe TTT   4   3   5   4   4   5 | Ser TCT   0   0   0   0   1   0 | Tyr TAT   2   2   2   2   1   2 | Cys TGT   0   1   0   0   0   0
    TTC   0   0   0   0   0   0 |     TCC   1   1   1   1   1   1 |     TAC   0   0   0   0   1   0 |     TGC   1   1   1   1   1   1
Leu TTA   0   0   0   0   0   0 |     TCA   2   2   2   2   2   2 | *** TAA   0   0   0   0   0   0 | *** TGA   0   0   0   0   0   0
    TTG   0   0   0   0   0   0 |     TCG   0   0   0   0   0   0 |     TAG   0   0   0   0   0   0 | Trp TGG   1   1   1   1   1   1
--------------------------------------------------------------------------------------------------------------------------------------
Leu CTT   2   3   2   3   3   3 | Pro CCT   2   2   2   2   2   2 | His CAT   0   0   0   0   0   0 | Arg CGT   0   0   0   0   0   0
    CTC   2   1   2   1   1   1 |     CCC   0   0   0   0   0   0 |     CAC   0   0   0   0   0   0 |     CGC   0   0   0   0   0   0
    CTA   0   0   0   0   0   0 |     CCA   0   0   0   0   0   0 | Gln CAA   1   1   1   1   1   1 |     CGA   0   0   0   0   0   0
    CTG   1   1   1   1   1   1 |     CCG   0   0   0   0   0   0 |     CAG   1   1   1   1   1   1 |     CGG   0   0   0   0   0   0
--------------------------------------------------------------------------------------------------------------------------------------
Ile ATT   1   1   0   1   0   0 | Thr ACT   1   0   1   1   1   1 | Asn AAT   1   1   2   1   0   1 | Ser AGT   0   0   0   0   1   0
    ATC   0   0   0   0   0   0 |     ACC   0   1   0   0   0   0 |     AAC   0   0   0   0   0   0 |     AGC   0   0   0   0   0   0
    ATA   0   0   0   0   0   0 |     ACA   0   0   0   0   0   0 | Lys AAA   0   0   0   0   0   0 | Arg AGA   0   0   0   0   0   0
Met ATG   2   2   2   2   2   2 |     ACG   0   0   0   0   0   0 |     AAG   0   0   0   0   0   0 |     AGG   0   0   0   0   0   0
--------------------------------------------------------------------------------------------------------------------------------------
Val GTT   0   0   0   0   0   0 | Ala GCT   2   2   2   2   2   2 | Asp GAT   2   2   1   2   2   2 | Gly GGT   0   0   0   0   0   0
    GTC   0   0   0   0   0   0 |     GCC   1   1   1   1   1   1 |     GAC   0   0   0   0   0   0 |     GGC   0   0   0   0   0   0
    GTA   1   0   1   1   1   1 |     GCA   1   1   1   1   1   1 | Glu GAA   0   0   0   0   0   0 |     GGA   1   1   1   1   1   1
    GTG   0   1   0   0   0   0 |     GCG   0   0   0   0   0   0 |     GAG   0   0   0   0   0   0 |     GGG   0   0   0   0   0   0
--------------------------------------------------------------------------------------------------------------------------------------

--------------------------------------------------------------------------------------------------------------------------------------
Phe TTT   4   4   5   5   5   4 | Ser TCT   0   0   0   0   0   0 | Tyr TAT   2   2   2   1   2   2 | Cys TGT   0   0   0   0   0   0
    TTC   0   0   0   0   0   0 |     TCC   1   1   1   1   1   1 |     TAC   0   0   0   1   0   0 |     TGC   1   1   1   1   1   1
Leu TTA   0   0   0   0   0   0 |     TCA   2   2   2   2   2   2 | *** TAA   0   0   0   0   0   0 | *** TGA   0   0   0   0   0   0
    TTG   0   0   0   0   0   0 |     TCG   0   0   0   0   0   0 |     TAG   0   0   0   0   0   0 | Trp TGG   1   1   1   1   1   1
--------------------------------------------------------------------------------------------------------------------------------------
Leu CTT   2   2   3   3   3   3 | Pro CCT   2   2   2   2   2   2 | His CAT   0   0   0   0   0   0 | Arg CGT   1   1   0   0   0   0
    CTC   1   1   1   1   1   1 |     CCC   0   0   0   0   0   0 |     CAC   0   0   0   0   0   0 |     CGC   0   0   0   0   0   0
    CTA   0   0   0   0   0   0 |     CCA   0   0   0   0   0   0 | Gln CAA   1   1   1   1   1   1 |     CGA   0   0   0   0   0   0
    CTG   1   1   1   1   1   1 |     CCG   0   0   0   0   0   0 |     CAG   1   1   1   1   1   1 |     CGG   0   0   0   0   0   0
--------------------------------------------------------------------------------------------------------------------------------------
Ile ATT   1   1   0   0   0   1 | Thr ACT   1   1   1   1   1   1 | Asn AAT   1   1   1   0   1   1 | Ser AGT   0   0   0   1   0   0
    ATC   0   0   0   0   0   0 |     ACC   0   0   0   0   0   0 |     AAC   0   0   0   0   0   0 |     AGC   0   0   0   0   0   0
    ATA   0   0   0   0   0   0 |     ACA   0   0   0   0   0   0 | Lys AAA   0   0   0   0   0   0 | Arg AGA   0   0   0   0   0   0
Met ATG   2   2   2   2   2   2 |     ACG   0   0   0   0   0   0 |     AAG   0   0   0   0   0   0 |     AGG   0   0   0   0   0   0
--------------------------------------------------------------------------------------------------------------------------------------
Val GTT   0   0   0   0   0   0 | Ala GCT   2   2   2   2   2   2 | Asp GAT   2   2   2   2   2   2 | Gly GGT   0   0   0   0   0   0
    GTC   0   0   0   0   0   0 |     GCC   1   1   1   1   1   1 |     GAC   0   0   0   0   0   0 |     GGC   0   0   0   0   0   0
    GTA   0   1   1   1   1   1 |     GCA   1   1   1   2   1   1 | Glu GAA   0   0   0   0   0   0 |     GGA   1   1   1   0   1   1
    GTG   1   0   0   0   0   0 |     GCG   0   0   0   0   0   0 |     GAG   0   0   0   0   0   0 |     GGG   0   0   0   0   0   0
--------------------------------------------------------------------------------------------------------------------------------------

--------------------------------------------------------------------------------------------------------------------------------------
Phe TTT   5   4   4   5   4   5 | Ser TCT   0   0   0   0   0   0 | Tyr TAT   1   1   2   2   2   2 | Cys TGT   0   0   0   0   0   0
    TTC   0   0   0   0   0   0 |     TCC   1   1   1   1   1   1 |     TAC   1   1   0   0   0   0 |     TGC   1   1   1   1   1   1
Leu TTA   0   0   0   0   0   0 |     TCA   2   2   2   2   2   2 | *** TAA   0   0   0   0   0   0 | *** TGA   0   0   0   0   0   0
    TTG   0   0   0   0   0   0 |     TCG   0   0   0   0   0   0 |     TAG   0   0   0   0   0   0 | Trp TGG   1   1   1   1   1   1
--------------------------------------------------------------------------------------------------------------------------------------
Leu CTT   3   3   2   3   4   3 | Pro CCT   2   2   2   2   2   2 | His CAT   0   0   0   0   0   0 | Arg CGT   0   0   1   0   0   0
    CTC   1   1   1   1   0   1 |     CCC   0   0   0   0   0   0 |     CAC   0   0   0   0   0   0 |     CGC   0   0   0   0   0   0
    CTA   0   0   0   0   0   0 |     CCA   0   0   0   1   0   0 | Gln CAA   1   1   1   1   1   1 |     CGA   0   0   0   0   0   0
    CTG   1   1   1   1   1   1 |     CCG   0   0   0   0   0   0 |     CAG   1   1   1   0   1   1 |     CGG   0   0   0   0   0   0
--------------------------------------------------------------------------------------------------------------------------------------
Ile ATT   0   1   1   0   1   0 | Thr ACT   1   1   1   1   1   1 | Asn AAT   0   1   1   1   1   1 | Ser AGT   1   0   0   0   0   0
    ATC   0   0   0   0   0   0 |     ACC   0   0   0   0   0   0 |     AAC   0   0   0   0   0   0 |     AGC   0   0   0   0   0   0
    ATA   0   0   0   0   0   0 |     ACA   0   0   0   0   0   0 | Lys AAA   0   0   0   0   0   0 | Arg AGA   0   0   0   0   0   0
Met ATG   2   2   2   2   2   2 |     ACG   0   0   0   0   0   0 |     AAG   0   0   0   0   0   0 |     AGG   0   0   0   0   0   0
--------------------------------------------------------------------------------------------------------------------------------------
Val GTT   0   0   0   0   0   0 | Ala GCT   2   2   2   2   2   2 | Asp GAT   2   2   2   2   2   2 | Gly GGT   0   0   0   0   0   0
    GTC   0   0   0   0   0   0 |     GCC   1   1   1   1   1   1 |     GAC   0   0   0   0   0   0 |     GGC   0   0   0   0   0   0
    GTA   1   1   1   1   1   1 |     GCA   1   1   1   1   1   1 | Glu GAA   0   0   0   0   0   0 |     GGA   1   1   1   1   1   1
    GTG   0   0   0   0   0   0 |     GCG   0   0   0   0   0   0 |     GAG   0   0   0   0   0   0 |     GGG   0   0   0   0   0   0
--------------------------------------------------------------------------------------------------------------------------------------

--------------------------------------------------------------------------------------------------------------------------------------
Phe TTT   5   4   5   4   5   4 | Ser TCT   0   0   0   0   0   0 | Tyr TAT   2   1   2   2   2   2 | Cys TGT   0   0   0   0   0   0
    TTC   0   0   0   0   0   0 |     TCC   1   1   1   1   1   1 |     TAC   0   0   0   0   0   0 |     TGC   1   1   1   1   1   1
Leu TTA   0   0   0   0   0   0 |     TCA   2   2   2   2   2   2 | *** TAA   0   0   0   0   0   0 | *** TGA   0   0   0   0   0   0
    TTG   0   0   0   0   0   0 |     TCG   0   0   0   0   0   0 |     TAG   0   0   0   0   0   0 | Trp TGG   1   1   1   1   1   1
--------------------------------------------------------------------------------------------------------------------------------------
Leu CTT   2   3   3   3   3   2 | Pro CCT   2   2   2   2   2   3 | His CAT   0   1   0   0   0   0 | Arg CGT   0   0   0   0   0   1
    CTC   1   1   1   1   1   1 |     CCC   0   0   0   0   0   0 |     CAC   0   0   0   0   0   0 |     CGC   0   0   0   0   0   0
    CTA   0   0   0   0   0   0 |     CCA   0   0   0   0   0   0 | Gln CAA   1   1   1   1   1   1 |     CGA   0   0   0   0   0   0
    CTG   2   1   1   1   1   1 |     CCG   0   0   0   0   0   0 |     CAG   1   1   1   1   1   1 |     CGG   0   0   0   0   0   0
--------------------------------------------------------------------------------------------------------------------------------------
Ile ATT   0   0   0   1   0   1 | Thr ACT   1   1   1   1   1   0 | Asn AAT   1   1   1   1   0   1 | Ser AGT   0   0   0   0   1   0
    ATC   0   0   0   0   0   0 |     ACC   0   0   0   0   0   0 |     AAC   0   0   0   0   0   0 |     AGC   0   0   0   0   0   0
    ATA   0   0   0   0   0   0 |     ACA   0   0   0   0   0   0 | Lys AAA   0   0   0   0   0   0 | Arg AGA   0   0   0   0   0   0
Met ATG   2   2   2   2   2   2 |     ACG   0   0   0   0   0   0 |     AAG   0   0   0   0   0   0 |     AGG   0   0   0   0   0   0
--------------------------------------------------------------------------------------------------------------------------------------
Val GTT   0   1   0   0   0   0 | Ala GCT   2   2   2   2   2   2 | Asp GAT   2   2   2   2   2   2 | Gly GGT   0   0   0   0   0   0
    GTC   0   0   0   0   0   0 |     GCC   1   1   1   1   1   1 |     GAC   0   0   0   0   0   0 |     GGC   0   0   0   0   0   0
    GTA   1   1   1   1   1   1 |     GCA   1   1   1   1   1   1 | Glu GAA   0   0   0   0   0   0 |     GGA   1   1   1   1   1   1
    GTG   0   0   0   0   0   0 |     GCG   0   0   0   0   0   0 |     GAG   0   0   0   0   0   0 |     GGG   0   0   0   0   0   0
--------------------------------------------------------------------------------------------------------------------------------------

--------------------------------------------------------------------------------------------------------------------------------------
Phe TTT   4   5   4   4   4   5 | Ser TCT   0   0   0   0   0   0 | Tyr TAT   2   1   2   2   1   2 | Cys TGT   0   0   0   0   1   0
    TTC   0   0   0   0   0   0 |     TCC   1   1   1   1   1   1 |     TAC   0   1   0   0   0   0 |     TGC   1   1   1   1   0   1
Leu TTA   0   0   0   0   0   0 |     TCA   2   2   2   2   2   2 | *** TAA   0   0   0   0   0   0 | *** TGA   0   0   0   0   0   0
    TTG   0   0   0   0   0   0 |     TCG   0   0   0   0   0   0 |     TAG   0   0   0   0   0   0 | Trp TGG   1   1   1   1   1   1
--------------------------------------------------------------------------------------------------------------------------------------
Leu CTT   2   3   2   2   3   3 | Pro CCT   2   2   2   2   2   2 | His CAT   0   0   0   0   1   0 | Arg CGT   1   0   1   1   0   0
    CTC   1   1   1   1   1   1 |     CCC   0   0   0   0   0   0 |     CAC   0   0   0   0   0   0 |     CGC   0   0   0   0   0   0
    CTA   0   0   0   0   0   0 |     CCA   0   0   0   0   0   0 | Gln CAA   1   1   1   1   1   0 |     CGA   0   0   0   0   0   0
    CTG   1   1   1   1   1   1 |     CCG   0   0   0   0   0   0 |     CAG   1   1   1   1   1   2 |     CGG   0   0   0   0   0   0
--------------------------------------------------------------------------------------------------------------------------------------
Ile ATT   1   0   1   1   0   0 | Thr ACT   1   1   1   1   1   1 | Asn AAT   1   0   1   1   1   0 | Ser AGT   0   1   0   0   0   1
    ATC   0   0   0   0   0   0 |     ACC   0   0   0   0   0   0 |     AAC   0   0   0   0   0   0 |     AGC   0   0   0   0   0   0
    ATA   0   0   0   0   0   0 |     ACA   0   0   0   0   0   0 | Lys AAA   0   0   0   0   0   0 | Arg AGA   0   0   0   0   0   0
Met ATG   2   2   2   2   2   2 |     ACG   0   0   0   0   0   0 |     AAG   0   0   0   0   0   0 |     AGG   0   0   0   0   0   0
--------------------------------------------------------------------------------------------------------------------------------------
Val GTT   0   0   0   0   1   0 | Ala GCT   2   2   2   2   2   2 | Asp GAT   2   1   2   2   2   2 | Gly GGT   0   0   0   0   0   0
    GTC   0   0   0   0   0   0 |     GCC   1   1   1   1   1   1 |     GAC   0   1   0   0   0   0 |     GGC   0   0   0   0   0   0
    GTA   1   1   1   1   1   1 |     GCA   1   2   1   1   1   1 | Glu GAA   0   0   0   0   0   0 |     GGA   1   0   1   1   1   1
    GTG   0   0   0   0   0   0 |     GCG   0   0   0   0   0   0 |     GAG   0   0   0   0   0   0 |     GGG   0   0   0   0   0   0
--------------------------------------------------------------------------------------------------------------------------------------

--------------------------------------------------------------------------------------------------------------------------------------
Phe TTT   5   5   5   4   4   4 | Ser TCT   0   0   0   0   0   0 | Tyr TAT   2   2   2   2   2   2 | Cys TGT   0   0   0   0   0   0
    TTC   0   0   0   0   0   0 |     TCC   1   1   1   1   1   1 |     TAC   0   0   0   0   0   0 |     TGC   1   1   1   1   1   1
Leu TTA   0   0   0   0   0   0 |     TCA   2   2   2   2   2   2 | *** TAA   0   0   0   0   0   0 | *** TGA   0   0   0   0   0   0
    TTG   0   0   0   0   0   0 |     TCG   0   0   0   0   0   0 |     TAG   0   0   0   0   0   0 | Trp TGG   1   1   1   1   1   1
--------------------------------------------------------------------------------------------------------------------------------------
Leu CTT   3   3   3   3   3   2 | Pro CCT   2   2   2   2   2   2 | His CAT   0   0   0   0   0   0 | Arg CGT   0   0   0   0   0   0
    CTC   1   1   1   1   1   1 |     CCC   0   0   0   0   0   0 |     CAC   0   0   0   0   0   0 |     CGC   0   0   0   0   0   0
    CTA   0   0   0   0   0   0 |     CCA   0   0   0   0   0   0 | Gln CAA   1   1   1   1   1   1 |     CGA   0   0   0   0   0   0
    CTG   1   1   1   1   1   2 |     CCG   0   0   0   0   0   0 |     CAG   1   1   1   1   1   1 |     CGG   0   0   0   0   0   0
--------------------------------------------------------------------------------------------------------------------------------------
Ile ATT   0   0   0   0   1   1 | Thr ACT   1   1   1   1   1   1 | Asn AAT   0   1   1   1   1   1 | Ser AGT   1   0   0   0   0   0
    ATC   0   0   0   1   0   0 |     ACC   0   0   0   0   0   0 |     AAC   0   0   0   0   0   0 |     AGC   0   0   0   0   0   0
    ATA   0   0   0   0   0   0 |     ACA   0   0   0   0   0   0 | Lys AAA   0   0   0   0   0   0 | Arg AGA   0   0   0   0   0   0
Met ATG   2   2   2   2   2   2 |     ACG   0   0   0   0   0   0 |     AAG   0   0   0   0   0   0 |     AGG   0   0   0   0   0   0
--------------------------------------------------------------------------------------------------------------------------------------
Val GTT   0   0   0   0   0   0 | Ala GCT   2   2   2   2   2   2 | Asp GAT   2   2   2   1   2   2 | Gly GGT   0   0   0   0   0   0
    GTC   0   0   0   0   0   0 |     GCC   1   1   1   1   1   1 |     GAC   0   0   0   0   0   0 |     GGC   0   0   0   0   0   0
    GTA   1   1   1   1   1   1 |     GCA   1   1   2   0   1   1 | Glu GAA   0   0   0   0   0   0 |     GGA   1   1   0   1   1   1
    GTG   0   0   0   0   0   0 |     GCG   0   0   0   1   0   0 |     GAG   0   0   0   1   0   0 |     GGG   0   0   0   0   0   0
--------------------------------------------------------------------------------------------------------------------------------------

Codon position x base (3x4) table for each sequence.

#1: Argali         
position  1:    T:0.36364    C:0.27273    A:0.12121    G:0.24242
position  2:    T:0.39394    C:0.30303    A:0.21212    G:0.09091
position  3:    T:0.54545    C:0.12121    A:0.18182    G:0.15152
Average         T:0.43434    C:0.23232    A:0.17172    G:0.16162

#2: LesserMouseDeer
position  1:    T:0.33333    C:0.27273    A:0.15152    G:0.24242
position  2:    T:0.39394    C:0.30303    A:0.21212    G:0.09091
position  3:    T:0.51515    C:0.15152    A:0.18182    G:0.15152
Average         T:0.41414    C:0.24242    A:0.18182    G:0.16162

#3: LesserKudu     
position  1:    T:0.33333    C:0.27273    A:0.15152    G:0.24242
position  2:    T:0.39394    C:0.30303    A:0.21212    G:0.09091
position  3:    T:0.54545    C:0.12121    A:0.18182    G:0.15152
Average         T:0.42424    C:0.23232    A:0.18182    G:0.16162

#4: ForestMuskDeer2
position  1:    T:0.33333    C:0.27273    A:0.15152    G:0.24242
position  2:    T:0.39394    C:0.30303    A:0.21212    G:0.09091
position  3:    T:0.48485    C:0.15152    A:0.15152    G:0.21212
Average         T:0.40404    C:0.24242    A:0.17172    G:0.18182

#5: Camel          
position  1:    T:0.33333    C:0.30303    A:0.15152    G:0.21212
position  2:    T:0.36364    C:0.33333    A:0.21212    G:0.09091
position  3:    T:0.48485    C:0.18182    A:0.15152    G:0.18182
Average         T:0.39394    C:0.27273    A:0.17172    G:0.16162

#6: KillerWhale    
position  1:    T:0.33333    C:0.30303    A:0.15152    G:0.21212
position  2:    T:0.39394    C:0.30303    A:0.21212    G:0.09091
position  3:    T:0.54545    C:0.18182    A:0.12121    G:0.15152
Average         T:0.42424    C:0.26263    A:0.16162    G:0.15152

#7: DefassaWaterbuck
position  1:    T:0.33333    C:0.27273    A:0.15152    G:0.24242
position  2:    T:0.39394    C:0.30303    A:0.21212    G:0.09091
position  3:    T:0.54545    C:0.12121    A:0.18182    G:0.15152
Average         T:0.42424    C:0.23232    A:0.18182    G:0.16162

#8: Sheep          
position  1:    T:0.36364    C:0.27273    A:0.12121    G:0.24242
position  2:    T:0.39394    C:0.30303    A:0.21212    G:0.09091
position  3:    T:0.54545    C:0.12121    A:0.18182    G:0.15152
Average         T:0.43434    C:0.23232    A:0.17172    G:0.16162

#9: MaxwellsDuiker 
position  1:    T:0.36364    C:0.27273    A:0.12121    G:0.24242
position  2:    T:0.39394    C:0.30303    A:0.21212    G:0.09091
position  3:    T:0.54545    C:0.12121    A:0.18182    G:0.15152
Average         T:0.43434    C:0.23232    A:0.17172    G:0.16162

#10: GazellaPrzewalskyi
position  1:    T:0.36364    C:0.27273    A:0.12121    G:0.24242
position  2:    T:0.39394    C:0.30303    A:0.18182    G:0.12121
position  3:    T:0.54545    C:0.12121    A:0.18182    G:0.15152
Average         T:0.43434    C:0.23232    A:0.16162    G:0.17172

#11: MountainNyala  
position  1:    T:0.33333    C:0.27273    A:0.15152    G:0.24242
position  2:    T:0.39394    C:0.30303    A:0.21212    G:0.09091
position  3:    T:0.54545    C:0.12121    A:0.18182    G:0.15152
Average         T:0.42424    C:0.23232    A:0.18182    G:0.16162

#12: MuntiacusMuntjak
position  1:    T:0.33333    C:0.27273    A:0.15152    G:0.24242
position  2:    T:0.36364    C:0.30303    A:0.21212    G:0.12121
position  3:    T:0.54545    C:0.12121    A:0.18182    G:0.15152
Average         T:0.41414    C:0.23232    A:0.18182    G:0.17172

#13: goat           
position  1:    T:0.36364    C:0.27273    A:0.12121    G:0.24242
position  2:    T:0.39394    C:0.30303    A:0.21212    G:0.09091
position  3:    T:0.54545    C:0.12121    A:0.18182    G:0.15152
Average         T:0.43434    C:0.23232    A:0.17172    G:0.16162

#14: AfricanBuffalo 
position  1:    T:0.30303    C:0.30303    A:0.15152    G:0.24242
position  2:    T:0.42424    C:0.27273    A:0.21212    G:0.09091
position  3:    T:0.54545    C:0.12121    A:0.18182    G:0.15152
Average         T:0.42424    C:0.23232    A:0.18182    G:0.16162

#15: Topi           
position  1:    T:0.36364    C:0.27273    A:0.12121    G:0.24242
position  2:    T:0.39394    C:0.30303    A:0.21212    G:0.09091
position  3:    T:0.54545    C:0.12121    A:0.18182    G:0.15152
Average         T:0.43434    C:0.23232    A:0.17172    G:0.16162

#16: CommonDuiker   
position  1:    T:0.36364    C:0.27273    A:0.12121    G:0.24242
position  2:    T:0.39394    C:0.30303    A:0.21212    G:0.09091
position  3:    T:0.54545    C:0.12121    A:0.18182    G:0.15152
Average         T:0.43434    C:0.23232    A:0.17172    G:0.16162

#17: Suni           
position  1:    T:0.36364    C:0.27273    A:0.12121    G:0.24242
position  2:    T:0.39394    C:0.30303    A:0.21212    G:0.09091
position  3:    T:0.54545    C:0.12121    A:0.18182    G:0.15152
Average         T:0.43434    C:0.23232    A:0.17172    G:0.16162

#18: Springbuck     
position  1:    T:0.36364    C:0.27273    A:0.12121    G:0.24242
position  2:    T:0.39394    C:0.30303    A:0.18182    G:0.12121
position  3:    T:0.51515    C:0.15152    A:0.18182    G:0.15152
Average         T:0.42424    C:0.24242    A:0.16162    G:0.17172

#19: Okapi          
position  1:    T:0.33333    C:0.27273    A:0.15152    G:0.24242
position  2:    T:0.39394    C:0.30303    A:0.21212    G:0.09091
position  3:    T:0.51515    C:0.15152    A:0.18182    G:0.15152
Average         T:0.41414    C:0.24242    A:0.18182    G:0.16162

#20: Giraffe        
position  1:    T:0.33333    C:0.27273    A:0.15152    G:0.24242
position  2:    T:0.36364    C:0.30303    A:0.21212    G:0.12121
position  3:    T:0.51515    C:0.15152    A:0.15152    G:0.18182
Average         T:0.40404    C:0.24242    A:0.17172    G:0.18182

#21: TibetanAntelope
position  1:    T:0.36364    C:0.27273    A:0.15152    G:0.21212
position  2:    T:0.39394    C:0.30303    A:0.21212    G:0.09091
position  3:    T:0.51515    C:0.15152    A:0.18182    G:0.15152
Average         T:0.42424    C:0.24242    A:0.18182    G:0.15152

#22: Sitatunga      
position  1:    T:0.33333    C:0.27273    A:0.15152    G:0.24242
position  2:    T:0.39394    C:0.30303    A:0.21212    G:0.09091
position  3:    T:0.54545    C:0.12121    A:0.18182    G:0.15152
Average         T:0.42424    C:0.23232    A:0.18182    G:0.16162

#23: Oribi          
position  1:    T:0.36364    C:0.27273    A:0.12121    G:0.24242
position  2:    T:0.36364    C:0.33333    A:0.18182    G:0.12121
position  3:    T:0.51515    C:0.15152    A:0.18182    G:0.15152
Average         T:0.41414    C:0.25253    A:0.16162    G:0.17172

#24: BarbarySheep   
position  1:    T:0.36364    C:0.27273    A:0.12121    G:0.24242
position  2:    T:0.39394    C:0.30303    A:0.21212    G:0.09091
position  3:    T:0.54545    C:0.12121    A:0.18182    G:0.15152
Average         T:0.43434    C:0.23232    A:0.17172    G:0.16162

#25: Daviddeer      
position  1:    T:0.33333    C:0.27273    A:0.15152    G:0.24242
position  2:    T:0.36364    C:0.30303    A:0.21212    G:0.12121
position  3:    T:0.54545    C:0.12121    A:0.15152    G:0.18182
Average         T:0.41414    C:0.23232    A:0.17172    G:0.18182

#26: Reindeer       
position  1:    T:0.33333    C:0.27273    A:0.15152    G:0.24242
position  2:    T:0.36364    C:0.30303    A:0.21212    G:0.12121
position  3:    T:0.54545    C:0.12121    A:0.18182    G:0.15152
Average         T:0.41414    C:0.23232    A:0.18182    G:0.17172

#27: Ibex           
position  1:    T:0.36364    C:0.27273    A:0.12121    G:0.24242
position  2:    T:0.39394    C:0.30303    A:0.21212    G:0.09091
position  3:    T:0.54545    C:0.12121    A:0.18182    G:0.15152
Average         T:0.43434    C:0.23232    A:0.17172    G:0.16162

#28: GyrantGazelle  
position  1:    T:0.36364    C:0.27273    A:0.12121    G:0.24242
position  2:    T:0.39394    C:0.33333    A:0.18182    G:0.09091
position  3:    T:0.51515    C:0.15152    A:0.18182    G:0.15152
Average         T:0.42424    C:0.25253    A:0.16162    G:0.16162

#29: Hartebeest     
position  1:    T:0.36364    C:0.27273    A:0.12121    G:0.24242
position  2:    T:0.39394    C:0.30303    A:0.21212    G:0.09091
position  3:    T:0.54545    C:0.12121    A:0.18182    G:0.15152
Average         T:0.43434    C:0.23232    A:0.17172    G:0.16162

#30: Bongo          
position  1:    T:0.33333    C:0.27273    A:0.15152    G:0.24242
position  2:    T:0.39394    C:0.30303    A:0.21212    G:0.09091
position  3:    T:0.54545    C:0.12121    A:0.18182    G:0.15152
Average         T:0.42424    C:0.23232    A:0.18182    G:0.16162

#31: Gerenuk        
position  1:    T:0.36364    C:0.27273    A:0.12121    G:0.24242
position  2:    T:0.39394    C:0.30303    A:0.18182    G:0.12121
position  3:    T:0.51515    C:0.15152    A:0.18182    G:0.15152
Average         T:0.42424    C:0.24242    A:0.16162    G:0.17172

#32: CommonEland    
position  1:    T:0.33333    C:0.27273    A:0.15152    G:0.24242
position  2:    T:0.39394    C:0.30303    A:0.21212    G:0.09091
position  3:    T:0.51515    C:0.15152    A:0.18182    G:0.15152
Average         T:0.41414    C:0.24242    A:0.18182    G:0.16162

#33: MuntiacusReevesi
position  1:    T:0.33333    C:0.27273    A:0.15152    G:0.24242
position  2:    T:0.36364    C:0.30303    A:0.21212    G:0.12121
position  3:    T:0.54545    C:0.12121    A:0.18182    G:0.15152
Average         T:0.41414    C:0.23232    A:0.18182    G:0.17172

#34: HarveysDuiker  
position  1:    T:0.36364    C:0.27273    A:0.12121    G:0.24242
position  2:    T:0.39394    C:0.33333    A:0.18182    G:0.09091
position  3:    T:0.54545    C:0.12121    A:0.21212    G:0.12121
Average         T:0.43434    C:0.24242    A:0.17172    G:0.15152

#35: Pronghorn      
position  1:    T:0.33333    C:0.27273    A:0.15152    G:0.24242
position  2:    T:0.39394    C:0.30303    A:0.21212    G:0.09091
position  3:    T:0.57576    C:0.09091    A:0.18182    G:0.15152
Average         T:0.43434    C:0.22222    A:0.18182    G:0.16162

#36: BlueWildebeest 
position  1:    T:0.36364    C:0.27273    A:0.12121    G:0.24242
position  2:    T:0.39394    C:0.30303    A:0.21212    G:0.09091
position  3:    T:0.54545    C:0.12121    A:0.18182    G:0.15152
Average         T:0.43434    C:0.23232    A:0.17172    G:0.16162

#37: Gemsbok        
position  1:    T:0.36364    C:0.27273    A:0.12121    G:0.24242
position  2:    T:0.39394    C:0.30303    A:0.21212    G:0.09091
position  3:    T:0.51515    C:0.12121    A:0.18182    G:0.18182
Average         T:0.42424    C:0.23232    A:0.17172    G:0.17172

#38: Yak            
position  1:    T:0.30303    C:0.30303    A:0.12121    G:0.27273
position  2:    T:0.39394    C:0.30303    A:0.21212    G:0.09091
position  3:    T:0.54545    C:0.12121    A:0.18182    G:0.15152
Average         T:0.41414    C:0.24242    A:0.17172    G:0.17172

#39: BlueSheep      
position  1:    T:0.36364    C:0.27273    A:0.12121    G:0.24242
position  2:    T:0.39394    C:0.30303    A:0.21212    G:0.09091
position  3:    T:0.54545    C:0.12121    A:0.18182    G:0.15152
Average         T:0.43434    C:0.23232    A:0.17172    G:0.16162

#40: BohorReedbuck  
position  1:    T:0.33333    C:0.27273    A:0.15152    G:0.24242
position  2:    T:0.39394    C:0.30303    A:0.21212    G:0.09091
position  3:    T:0.54545    C:0.12121    A:0.18182    G:0.15152
Average         T:0.42424    C:0.23232    A:0.18182    G:0.16162

#41: KirksDik       
position  1:    T:0.36364    C:0.27273    A:0.12121    G:0.24242
position  2:    T:0.39394    C:0.30303    A:0.18182    G:0.12121
position  3:    T:0.54545    C:0.12121    A:0.18182    G:0.15152
Average         T:0.43434    C:0.23232    A:0.16162    G:0.17172

#42: RoeDeer        
position  1:    T:0.33333    C:0.30303    A:0.12121    G:0.24242
position  2:    T:0.36364    C:0.30303    A:0.21212    G:0.12121
position  3:    T:0.54545    C:0.12121    A:0.18182    G:0.15152
Average         T:0.41414    C:0.24242    A:0.17172    G:0.17172

#43: WhiteLippedDeer
position  1:    T:0.33333    C:0.27273    A:0.15152    G:0.24242
position  2:    T:0.36364    C:0.30303    A:0.21212    G:0.12121
position  3:    T:0.54545    C:0.12121    A:0.18182    G:0.15152
Average         T:0.41414    C:0.23232    A:0.18182    G:0.17172

#44: ThomsonGazelle 
position  1:    T:0.36364    C:0.27273    A:0.12121    G:0.24242
position  2:    T:0.39394    C:0.33333    A:0.18182    G:0.09091
position  3:    T:0.48485    C:0.18182    A:0.18182    G:0.15152
Average         T:0.41414    C:0.26263    A:0.16162    G:0.16162

#45: MuntiacusCrinifrons
position  1:    T:0.33333    C:0.27273    A:0.15152    G:0.24242
position  2:    T:0.36364    C:0.30303    A:0.21212    G:0.12121
position  3:    T:0.54545    C:0.12121    A:0.18182    G:0.15152
Average         T:0.41414    C:0.23232    A:0.18182    G:0.17172

#46: WhiteTailedDeer
position  1:    T:0.33333    C:0.27273    A:0.15152    G:0.24242
position  2:    T:0.36364    C:0.30303    A:0.21212    G:0.12121
position  3:    T:0.54545    C:0.12121    A:0.18182    G:0.15152
Average         T:0.41414    C:0.23232    A:0.18182    G:0.17172

#47: Cattle         
position  1:    T:0.30303    C:0.30303    A:0.12121    G:0.27273
position  2:    T:0.39394    C:0.30303    A:0.21212    G:0.09091
position  3:    T:0.57576    C:0.09091    A:0.18182    G:0.15152
Average         T:0.42424    C:0.23232    A:0.17172    G:0.17172

#48: RoyalAntelope  
position  1:    T:0.36364    C:0.27273    A:0.12121    G:0.24242
position  2:    T:0.39394    C:0.30303    A:0.18182    G:0.12121
position  3:    T:0.54545    C:0.12121    A:0.15152    G:0.18182
Average         T:0.43434    C:0.23232    A:0.15152    G:0.18182

#49: Steenbok       
position  1:    T:0.36364    C:0.27273    A:0.12121    G:0.24242
position  2:    T:0.39394    C:0.30303    A:0.18182    G:0.12121
position  3:    T:0.54545    C:0.12121    A:0.18182    G:0.15152
Average         T:0.43434    C:0.23232    A:0.16162    G:0.17172

#50: Impala         
position  1:    T:0.36364    C:0.27273    A:0.12121    G:0.24242
position  2:    T:0.39394    C:0.30303    A:0.21212    G:0.09091
position  3:    T:0.54545    C:0.12121    A:0.18182    G:0.15152
Average         T:0.43434    C:0.23232    A:0.17172    G:0.16162

#51: Klipspringer   
position  1:    T:0.36364    C:0.27273    A:0.12121    G:0.24242
position  2:    T:0.39394    C:0.33333    A:0.21212    G:0.06061
