1
52 1
Argali 0.000000 0.273400 0.084400 0.209800 0.060300 0.005600 0.066900 0.069000 0.090600 0.162300 0.019700 0.074500 0.066600 0.058200 0.088000 0.070800 0.125200 0.124700 0.034600 0.087600 0.060200 0.017000 0.138600 0.165400 0.022600 0.062700 0.054700 0.099200 0.059900 0.093400 0.154900 0.069400 0.155100 0.046000 0.054700 0.101700 0.022800 0.072500 0.060000 0.181000 0.132600 0.059500 0.155300 0.156000 0.090000 0.070100 0.048700 0.097000 0.085600 0.132000 0.092900 0.093500
LesserMous 0.273400 0.000000 0.241900 0.216200 0.288000 0.279900 0.267600 0.285300 0.247800 0.276300 0.262300 0.243800 0.292000 0.276100 0.280600 0.270400 0.232500 0.218300 0.286000 0.244500 0.271600 0.259500 0.272000 0.294300 0.273500 0.276600 0.292100 0.249500 0.263700 0.247400 0.265100 0.261700 0.263400 0.288900 0.271900 0.254700 0.274700 0.296300 0.253100 0.291300 0.265500 0.272600 0.275500 0.302500 0.248400 0.293000 0.274200 0.281800 0.290200 0.271300 0.253600 0.258200
LesserKudu 0.084400 0.241900 0.000000 0.182600 0.081300 0.090200 0.103400 0.102000 0.016200 0.146900 0.073200 0.066300 0.100300 0.097800 0.106300 0.094300 0.106500 0.106000 0.091500 0.013500 0.085000 0.074000 0.125100 0.154200 0.082300 0.081400 0.097200 0.029800 0.083700 0.024400 0.133700 0.096600 0.151000 0.088400 0.080800 0.081000 0.080200 0.091400 0.098800 0.159700 0.125500 0.084200 0.140200 0.144900 0.075500 0.097500 0.090600 0.097300 0.113400 0.118900 0.024300 0.024400
KillerWhal 0.209800 0.216200 0.182600 0.000000 0.207800 0.209000 0.203800 0.208000 0.192400 0.219300 0.192400 0.181100 0.205500 0.205200 0.199900 0.188300 0.162500 0.165000 0.213200 0.189300 0.205500 0.197900 0.202400 0.224400 0.202600 0.196900 0.205600 0.201200 0.194200 0.192100 0.205800 0.195900 0.209500 0.202700 0.197800 0.200700 0.210300 0.215300 0.187800 0.222800 0.189700 0.189900 0.212100 0.221600 0.191600 0.217400 0.189600 0.223900 0.228700 0.218100 0.200700 0.198600
DefassaWat 0.060300 0.288000 0.081300 0.207800 0.000000 0.066000 0.077700 0.086100 0.087300 0.160000 0.057200 0.076600 0.074800 0.075100 0.086900 0.057600 0.130100 0.123400 0.069100 0.084400 0.074300 0.054800 0.143000 0.173200 0.060200 0.081900 0.074800 0.095700 0.067200 0.090100 0.159100 0.080100 0.174000 0.072100 0.057000 0.109600 0.060900 0.022300 0.068200 0.195500 0.143400 0.075600 0.153100 0.163800 0.097900 0.093200 0.068800 0.099100 0.084700 0.133500 0.077800 0.084100
Sheep 0.005600 0.279900 0.090200 0.209000 0.066000 0.000000 0.072700 0.074700 0.090300 0.168300 0.025300 0.080100 0.072400 0.063900 0.087600 0.076400 0.131000 0.130500 0.040300 0.087300 0.065900 0.022700 0.144500 0.171500 0.028200 0.062400 0.060400 0.105000 0.065600 0.093100 0.160900 0.075100 0.161200 0.051700 0.060500 0.107500 0.028500 0.078300 0.065700 0.187200 0.138500 0.059300 0.161300 0.162100 0.095800 0.075900 0.054400 0.102800 0.091400 0.137900 0.098700 0.099300
MaxwellsDu 0.066900 0.267600 0.103400 0.203800 0.077700 0.072700 0.000000 0.099100 0.109600 0.178700 0.057800 0.092300 0.087800 0.031600 0.103100 0.091300 0.134400 0.133900 0.070000 0.106700 0.093200 0.055400 0.154600 0.175400 0.060800 0.092300 0.081700 0.112100 0.089700 0.112500 0.171100 0.060400 0.178800 0.072900 0.081800 0.119900 0.067700 0.090100 0.074700 0.178200 0.148500 0.086000 0.171500 0.166000 0.114200 0.082000 0.075300 0.115800 0.097800 0.144700 0.105800 0.106400
GazellaPrz 0.069000 0.285300 0.102000 0.208000 0.086100 0.074700 0.099100 0.000000 0.096000 0.176300 0.062900 0.082100 0.098800 0.087300 0.117200 0.060900 0.139300 0.138800 0.071800 0.093100 0.053400 0.063700 0.159100 0.182900 0.060100 0.050000 0.092700 0.104400 0.044500 0.098800 0.168800 0.092200 0.159900 0.084000 0.080700 0.109200 0.069700 0.086400 0.073500 0.178500 0.153000 0.049900 0.169200 0.176800 0.100700 0.099300 0.050700 0.110800 0.096500 0.145800 0.104300 0.098900
MountainNy 0.090600 0.247800 0.016200 0.192400 0.087300 0.090300 0.109600 0.096000 0.000000 0.159800 0.079200 0.066200 0.106500 0.104000 0.106400 0.094400 0.112600 0.112100 0.097800 0.002700 0.085100 0.080100 0.137700 0.167300 0.088400 0.087300 0.103400 0.024300 0.089700 0.013500 0.146300 0.102700 0.151100 0.094500 0.086900 0.086800 0.086400 0.097500 0.105000 0.172900 0.138100 0.090100 0.153000 0.158000 0.078500 0.109900 0.096800 0.109600 0.113400 0.125200 0.024300 0.018900
MuntiacusM 0.162300 0.276300 0.146900 0.219300 0.160000 0.168300 0.178700 0.176300 0.159800 0.000000 0.145600 0.136700 0.158100 0.166400 0.184600 0.166600 0.144300 0.131300 0.168900 0.156800 0.173400 0.150500 0.063900 0.088900 0.155400 0.175100 0.161400 0.168700 0.172400 0.156300 0.027100 0.167400 0.178600 0.161900 0.148200 0.158900 0.157400 0.167100 0.172600 0.103600 0.064000 0.164800 0.010700 0.080200 0.153200 0.178700 0.164400 0.187900 0.190000 0.156900 0.155500 0.163000
goat 0.019700 0.262300 0.073200 0.192400 0.057200 0.025300 0.057800 0.062900 0.079200 0.145600 0.000000 0.062500 0.057500 0.055100 0.087700 0.061800 0.109400 0.109000 0.025800 0.076300 0.051300 0.014200 0.116200 0.148400 0.008400 0.056700 0.045700 0.087800 0.054000 0.082100 0.138400 0.060400 0.145200 0.037100 0.045700 0.089300 0.019900 0.063300 0.056900 0.167600 0.116500 0.047800 0.138800 0.139100 0.077700 0.061000 0.039800 0.090600 0.076300 0.125300 0.081700 0.082100
AfricanBuf 0.074500 0.243800 0.066300 0.181100 0.076600 0.080100 0.092300 0.082100 0.066200 0.136700 0.062500 0.000000 0.089000 0.086700 0.082800 0.069200 0.107700 0.089500 0.080400 0.063400 0.073500 0.063100 0.114000 0.145600 0.071400 0.075800 0.086000 0.074500 0.076100 0.069000 0.135900 0.082600 0.132800 0.083300 0.077200 0.049700 0.075200 0.085800 0.079100 0.141800 0.111300 0.078500 0.130000 0.136500 0.041500 0.092400 0.076800 0.104400 0.095800 0.108200 0.062900 0.063300
Topi 0.066600 0.292000 0.100300 0.205500 0.074800 0.072400 0.087800 0.098800 0.106500 0.158100 0.057500 0.089000 0.000000 0.073000 0.109200 0.085100 0.147000 0.140100 0.067200 0.103500 0.093000 0.061200 0.141100 0.164500 0.060500 0.086100 0.022400 0.115000 0.083400 0.103200 0.157300 0.090300 0.178900 0.019800 0.034000 0.122800 0.055200 0.087200 0.074500 0.187300 0.135100 0.085800 0.151100 0.155200 0.111000 0.103600 0.075100 0.109000 0.119800 0.160900 0.108800 0.103200
CommonDuik 0.058200 0.276100 0.097800 0.205200 0.075100 0.063900 0.031600 0.087300 0.104000 0.166400 0.055100 0.086700 0.073000 0.000000 0.100500 0.082800 0.129000 0.128500 0.067200 0.101000 0.078300 0.052700 0.142600 0.162900 0.058200 0.080600 0.073000 0.112600 0.077900 0.106800 0.159000 0.034000 0.166100 0.064200 0.073100 0.120500 0.058800 0.087600 0.066100 0.162000 0.136600 0.077400 0.159400 0.153600 0.108600 0.070100 0.066700 0.103700 0.088900 0.139000 0.100200 0.100800
Suni 0.088000 0.280600 0.106300 0.199900 0.086900 0.087600 0.103100 0.117200 0.106400 0.184600 0.087700 0.082800 0.109200 0.100500 0.000000 0.106100 0.131000 0.130400 0.100600 0.109600 0.111300 0.082500 0.157300 0.188100 0.090900 0.104100 0.106000 0.121100 0.101500 0.115400 0.177000 0.105400 0.174600 0.103300 0.090700 0.107000 0.095100 0.105700 0.101700 0.204000 0.154400 0.103800 0.177400 0.171900 0.104600 0.106400 0.099400 0.114900 0.135400 0.138000 0.108600 0.106300
Springbuck 0.070800 0.270400 0.094300 0.188300 0.057600 0.076400 0.091300 0.060900 0.094400 0.166600 0.061800 0.069200 0.085100 0.082800 0.106100 0.000000 0.143100 0.124300 0.073500 0.091500 0.044000 0.065500 0.153100 0.179600 0.064800 0.043600 0.079200 0.102700 0.040900 0.091200 0.165700 0.081800 0.179900 0.076500 0.067500 0.107300 0.065600 0.063500 0.060800 0.182200 0.150200 0.037900 0.159800 0.177100 0.099000 0.100600 0.055600 0.109000 0.097900 0.149700 0.090800 0.097200
Okapi 0.125200 0.232500 0.106500 0.162500 0.130100 0.131000 0.134400 0.139300 0.112600 0.144300 0.109400 0.107700 0.147000 0.129000 0.131000 0.143100 0.000000 0.034800 0.128500 0.109600 0.133400 0.113700 0.130800 0.149900 0.118700 0.138300 0.143500 0.121100 0.132700 0.121400 0.131200 0.124300 0.115500 0.137600 0.118600 0.126000 0.126500 0.143200 0.135800 0.165700 0.125000 0.128800 0.137700 0.147100 0.117400 0.138000 0.121500 0.149300 0.157400 0.127500 0.114800 0.109300
Giraffe 0.124700 0.218300 0.106000 0.165000 0.123400 0.130500 0.133900 0.138800 0.112100 0.131300 0.109000 0.089500 0.140100 0.128500 0.130400 0.124300 0.034800 0.000000 0.127900 0.109100 0.126600 0.113200 0.121400 0.146400 0.118200 0.137800 0.142900 0.120600 0.125900 0.120800 0.124600 0.123800 0.108700 0.130700 0.118300 0.122300 0.126000 0.130000 0.135400 0.148800 0.121700 0.128300 0.124900 0.143700 0.110800 0.137500 0.121100 0.145600 0.150400 0.117600 0.108300 0.114900
TibetanAnt 0.034600 0.286000 0.091500 0.213200 0.069100 0.040300 0.070000 0.071800 0.097800 0.168900 0.025800 0.080400 0.067200 0.067200 0.100600 0.073500 0.128500 0.127900 0.000000 0.094800 0.069000 0.029000 0.142100 0.162400 0.028700 0.068300 0.055200 0.106500 0.065500 0.100600 0.158600 0.078600 0.166900 0.051900 0.057400 0.108300 0.029100 0.075400 0.068600 0.182000 0.136000 0.062000 0.161700 0.152900 0.096400 0.079300 0.051200 0.103600 0.095300 0.132400 0.100100 0.100700
Sitatunga 0.087600 0.244500 0.013500 0.189300 0.084400 0.087300 0.106700 0.093100 0.002700 0.156800 0.076300 0.063400 0.103500 0.101000 0.109600 0.091500 0.109600 0.109100 0.094800 0.000000 0.082200 0.077100 0.134700 0.164200 0.085500 0.084500 0.100400 0.021600 0.086800 0.010800 0.143300 0.099800 0.148000 0.091600 0.084000 0.084000 0.083400 0.094600 0.102000 0.169800 0.135000 0.087200 0.149900 0.154900 0.075600 0.106900 0.093800 0.106600 0.110400 0.122200 0.021600 0.016200
Oribi 0.060200 0.271600 0.085000 0.205500 0.074300 0.065900 0.093200 0.053400 0.085100 0.173400 0.051300 0.073500 0.093000 0.078300 0.111300 0.044000 0.133400 0.126600 0.069000 0.082200 0.000000 0.054800 0.143400 0.183600 0.060200 0.041600 0.086900 0.093600 0.038900 0.087900 0.166000 0.077400 0.163500 0.078200 0.074900 0.094300 0.060800 0.074600 0.067900 0.178900 0.137400 0.035900 0.166400 0.174200 0.085900 0.084200 0.050900 0.108000 0.084200 0.133500 0.087500 0.088000
BarbaryShe 0.017000 0.259500 0.074000 0.197900 0.054800 0.022700 0.055400 0.063700 0.080100 0.150500 0.014200 0.063100 0.061200 0.052700 0.082500 0.065500 0.113700 0.113200 0.029000 0.077100 0.054800 0.000000 0.127000 0.153500 0.017100 0.057300 0.049200 0.088700 0.054600 0.082900 0.143200 0.063800 0.143300 0.040500 0.049300 0.090300 0.017200 0.061000 0.060600 0.169100 0.120900 0.054200 0.143500 0.144100 0.078500 0.058500 0.043300 0.091700 0.074000 0.126700 0.082500 0.083000
Daviddeer 0.138600 0.272000 0.125100 0.202400 0.143000 0.144500 0.154600 0.159100 0.137700 0.063900 0.116200 0.114000 0.141100 0.142600 0.157300 0.153100 0.130800 0.121400 0.142100 0.134700 0.143400 0.127000 0.000000 0.067600 0.125700 0.158000 0.137900 0.146400 0.148800 0.134300 0.057900 0.143900 0.154600 0.144900 0.137700 0.135800 0.133600 0.149800 0.161900 0.085400 0.016200 0.147900 0.063700 0.059100 0.127200 0.154700 0.140900 0.167100 0.172000 0.133900 0.139800 0.140700
Reindeer 0.165400 0.294300 0.154200 0.224400 0.173200 0.171500 0.175400 0.182900 0.167300 0.088900 0.148400 0.145600 0.164500 0.162900 0.188100 0.179600 0.149900 0.146400 0.162400 0.164200 0.183600 0.153500 0.067600 0.000000 0.158400 0.178300 0.161100 0.176300 0.172400 0.157100 0.082500 0.164000 0.182300 0.168500 0.161200 0.168500 0.153700 0.180500 0.189300 0.083700 0.067800 0.167900 0.088600 0.019500 0.162700 0.175500 0.167500 0.195100 0.197100 0.160000 0.169400 0.170500
Ibex 0.022600 0.273500 0.082300 0.202600 0.060200 0.028200 0.060800 0.060100 0.088400 0.155400 0.008400 0.071400 0.060500 0.058200 0.090900 0.064800 0.118700 0.118200 0.028700 0.085500 0.060200 0.017100 0.125700 0.158400 0.000000 0.059700 0.048700 0.096900 0.056900 0.091300 0.148100 0.069400 0.148700 0.040100 0.048700 0.098500 0.022800 0.066400 0.059900 0.177800 0.126000 0.053600 0.148500 0.149100 0.086800 0.070100 0.042800 0.093800 0.085600 0.135000 0.090800 0.091300
GyrantGaze 0.062700 0.276600 0.081400 0.196900 0.081900 0.062400 0.092300 0.050000 0.087300 0.175100 0.056700 0.075800 0.086100 0.080600 0.104100 0.043600 0.138300 0.137800 0.068300 0.084500 0.041600 0.057300 0.158000 0.178300 0.059700 0.000000 0.077100 0.095700 0.035800 0.084200 0.167700 0.085600 0.171900 0.071500 0.074200 0.090600 0.063300 0.082100 0.058500 0.177400 0.145500 0.016200 0.168100 0.175800 0.085100 0.086500 0.050400 0.100900 0.095800 0.141800 0.089700 0.084300
Hartebeest 0.054700 0.292100 0.097200 0.205600 0.074800 0.060400 0.081700 0.092700 0.103400 0.161400 0.045700 0.086000 0.022400 0.073000 0.106000 0.079200 0.143500 0.142900 0.055200 0.100400 0.086900 0.049200 0.137900 0.161100 0.048700 0.077100 0.000000 0.111900 0.083400 0.100100 0.154000 0.084200 0.175400 0.019800 0.039800 0.119700 0.043300 0.087200 0.071500 0.183900 0.131900 0.079800 0.154400 0.151900 0.101700 0.097400 0.069100 0.102800 0.113400 0.151000 0.105700 0.100100
Bongo 0.099200 0.249500 0.029800 0.201200 0.095700 0.105000 0.112100 0.104400 0.024300 0.168700 0.087800 0.074500 0.115000 0.112600 0.121100 0.102700 0.121100 0.120600 0.106500 0.021600 0.093600 0.088700 0.146400 0.176300 0.096900 0.095700 0.111900 0.000000 0.098100 0.032500 0.155200 0.111200 0.159900 0.103000 0.095400 0.095100 0.095100 0.106100 0.107300 0.181900 0.146800 0.098500 0.161800 0.167000 0.086800 0.118500 0.105300 0.118200 0.119000 0.133800 0.032300 0.032500
Gerenuk 0.059900 0.263700 0.083700 0.194200 0.067200 0.065600 0.089700 0.044500 0.089700 0.172400 0.054000 0.076100 0.083400 0.077900 0.101500 0.040900 0.132700 0.125900 0.065500 0.086800 0.038900 0.054600 0.148800 0.172400 0.056900 0.035800 0.083400 0.098100 0.000000 0.086500 0.165000 0.083000 0.166100 0.074700 0.065600 0.096900 0.060600 0.067400 0.058800 0.171500 0.146100 0.037500 0.165400 0.173200 0.085400 0.089900 0.047700 0.101300 0.093200 0.126400 0.092000 0.092600
CommonElan 0.093400 0.247400 0.024400 0.192100 0.090100 0.093100 0.112500 0.098800 0.013500 0.156300 0.082100 0.069000 0.103200 0.106800 0.115400 0.091200 0.121400 0.120800 0.100600 0.010800 0.087900 0.082900 0.134300 0.157100 0.091300 0.084200 0.100100 0.032500 0.086500 0.000000 0.149200 0.105600 0.154000 0.097300 0.089800 0.089600 0.089200 0.100300 0.107700 0.162700 0.134700 0.086900 0.149500 0.154500 0.081300 0.112700 0.099600 0.118600 0.122500 0.128100 0.021500 0.021600
MuntiacusR 0.154900 0.265100 0.133700 0.205800 0.159100 0.160900 0.171100 0.168800 0.146300 0.027100 0.138400 0.135900 0.157300 0.159000 0.177000 0.165700 0.131200 0.124600 0.158600 0.143300 0.166000 0.143200 0.057900 0.082500 0.148100 0.167700 0.154000 0.155200 0.165000 0.149200 0.000000 0.160100 0.164600 0.161100 0.147500 0.151700 0.150000 0.166200 0.171600 0.097000 0.058000 0.157600 0.027100 0.073900 0.146100 0.171100 0.157000 0.173700 0.175600 0.149800 0.154800 0.155800
HarveysDui 0.069400 0.261700 0.096600 0.195900 0.080100 0.075100 0.060400 0.092200 0.102700 0.167400 0.060400 0.082600 0.090300 0.034000 0.105400 0.081800 0.124300 0.123800 0.078600 0.099800 0.077400 0.063800 0.143900 0.164000 0.069400 0.085600 0.084200 0.111200 0.083000 0.105600 0.160100 0.000000 0.167200 0.075400 0.084300 0.116000 0.070100 0.086300 0.071200 0.176300 0.131500 0.079500 0.160500 0.161200 0.104300 0.084300 0.071800 0.108700 0.097100 0.140400 0.099000 0.099500
Pronghorn 0.155100 0.263400 0.151000 0.209500 0.174000 0.161200 0.178800 0.159900 0.151100 0.178600 0.145200 0.132800 0.178900 0.166100 0.174600 0.179900 0.115500 0.108700 0.166900 0.148000 0.163500 0.143300 0.154600 0.182300 0.148700 0.171900 0.175400 0.159900 0.166100 0.154000 0.164600 0.167200 0.000000 0.176000 0.162100 0.158500 0.153400 0.181500 0.179600 0.194400 0.148500 0.165000 0.164900 0.182900 0.149700 0.168800 0.157900 0.192200 0.169100 0.163900 0.153100 0.154000
BlueWildeb 0.046000 0.288900 0.088400 0.202700 0.072100 0.051700 0.072900 0.084000 0.094500 0.161900 0.037100 0.083300 0.019800 0.064200 0.103300 0.076500 0.137600 0.130700 0.051900 0.091600 0.078200 0.040500 0.144900 0.168500 0.040100 0.071500 0.019800 0.103000 0.074700 0.097300 0.161100 0.075400 0.176000 0.000000 0.031300 0.110800 0.040600 0.078400 0.065900 0.191500 0.138800 0.071200 0.154900 0.159100 0.099100 0.088500 0.060500 0.093900 0.104400 0.151500 0.096800 0.091300
Gemsbok 0.054700 0.271900 0.080800 0.197800 0.057000 0.060500 0.081800 0.080700 0.086900 0.148200 0.045700 0.077200 0.034000 0.073100 0.090700 0.067500 0.118600 0.118300 0.057400 0.084000 0.074900 0.049300 0.137700 0.161200 0.048700 0.074200 0.039800 0.095400 0.065600 0.089800 0.147500 0.084300 0.162100 0.031300 0.000000 0.104400 0.049300 0.069100 0.068600 0.177000 0.131600 0.068000 0.141400 0.151800 0.092700 0.091300 0.063300 0.084400 0.107200 0.137800 0.089300 0.089900
Yak 0.101700 0.254700 0.081000 0.200700 0.109600 0.107500 0.119900 0.109200 0.086800 0.158900 0.089300 0.049700 0.122800 0.120500 0.107000 0.107300 0.126000 0.122300 0.108300 0.084000 0.094300 0.090300 0.135800 0.168500 0.098500 0.090600 0.119700 0.095100 0.096900 0.089600 0.151700 0.116000 0.158500 0.110800 0.104400 0.000000 0.102700 0.113100 0.112100 0.164400 0.133100 0.093400 0.152100 0.159200 0.019000 0.113900 0.103900 0.122900 0.123500 0.123500 0.089200 0.080800
BlueSheep 0.022800 0.274700 0.080200 0.210300 0.060900 0.028500 0.067700 0.069700 0.086400 0.157400 0.019900 0.075200 0.055200 0.058800 0.095100 0.065600 0.126500 0.126000 0.029100 0.083400 0.060800 0.017200 0.133600 0.153700 0.022800 0.063300 0.043300 0.095100 0.060600 0.089200 0.150000 0.070100 0.153400 0.040600 0.049300 0.102700 0.000000 0.067200 0.066600 0.172600 0.127500 0.060100 0.150300 0.144300 0.090900 0.070800 0.049200 0.091800 0.086600 0.140000 0.088800 0.089300
BohorReedb 0.072500 0.296300 0.091400 0.215300 0.022300 0.078300 0.090100 0.086400 0.097500 0.167100 0.063300 0.085800 0.087200 0.087600 0.105700 0.063500 0.143200 0.130000 0.075400 0.094600 0.074600 0.061000 0.149800 0.180500 0.066400 0.082100 0.087200 0.106100 0.067400 0.100300 0.166200 0.086300 0.181500 0.078400 0.069100 0.113100 0.067200 0.000000 0.080300 0.203000 0.144000 0.075800 0.160100 0.171100 0.101400 0.093400 0.069000 0.099400 0.091200 0.140200 0.087900 0.094400
KirksDik 0.060000 0.253100 0.098800 0.187800 0.068200 0.065700 0.074700 0.073500 0.105000 0.172600 0.056900 0.079100 0.074500 0.066100 0.101700 0.060800 0.135800 0.135400 0.068600 0.102000 0.067900 0.060600 0.161900 0.189300 0.059900 0.058500 0.071500 0.107300 0.058800 0.107700 0.171600 0.071200 0.179600 0.065900 0.068600 0.112100 0.066600 0.080300 0.000000 0.198700 0.149400 0.061200 0.172100 0.180000 0.097500 0.096100 0.050600 0.113800 0.099500 0.152100 0.101100 0.101700
RoeDeer 0.181000 0.291300 0.159700 0.222800 0.195500 0.187200 0.178200 0.178500 0.172900 0.103600 0.167600 0.141800 0.187300 0.162000 0.204000 0.182200 0.165700 0.148800 0.182000 0.169800 0.178900 0.169100 0.085400 0.083700 0.177800 0.177400 0.183900 0.181900 0.171500 0.162700 0.097000 0.176300 0.194400 0.191500 0.177000 0.164400 0.172600 0.203000 0.198700 0.000000 0.088600 0.170400 0.103300 0.081000 0.158700 0.187800 0.183500 0.203500 0.206100 0.162300 0.175000 0.176100
WhiteLippe 0.132600 0.265500 0.125500 0.189700 0.143400 0.138500 0.148500 0.153000 0.138100 0.064000 0.116500 0.111300 0.135100 0.136600 0.154400 0.150200 0.125000 0.121700 0.136000 0.135000 0.137400 0.120900 0.016200 0.067800 0.126000 0.145500 0.131900 0.146800 0.146100 0.134700 0.058000 0.131500 0.148500 0.138800 0.131600 0.133100 0.127500 0.144000 0.149400 0.088600 0.000000 0.132500 0.063900 0.059300 0.124500 0.148600 0.128400 0.157600 0.165800 0.134200 0.140200 0.141100
ThomsonGaz 0.059500 0.272600 0.084200 0.189900 0.075600 0.059300 0.086000 0.049900 0.090100 0.164800 0.047800 0.078500 0.085800 0.077400 0.103800 0.037900 0.128800 0.128300 0.062000 0.087200 0.035900 0.054200 0.147900 0.167900 0.053600 0.016200 0.079800 0.098500 0.037500 0.086900 0.157600 0.079500 0.165000 0.071200 0.068000 0.093400 0.060100 0.075800 0.061200 0.170400 0.132500 0.000000 0.158000 0.165400 0.090900 0.080300 0.044500 0.100500 0.089600 0.141300 0.092400 0.092900
MuntiacusC 0.155300 0.275500 0.140200 0.212100 0.153100 0.161300 0.171500 0.169200 0.153000 0.010700 0.138800 0.130000 0.151100 0.159400 0.177400 0.159800 0.137700 0.124900 0.161700 0.149900 0.166400 0.143500 0.063700 0.088600 0.148500 0.168100 0.154400 0.161800 0.165400 0.149500 0.027100 0.160500 0.164900 0.154900 0.141400 0.152100 0.150300 0.160100 0.172100 0.103300 0.063900 0.158000 0.000000 0.080000 0.146400 0.171600 0.157400 0.180800 0.182700 0.150100 0.148800 0.156100
WhiteTaile 0.156000 0.302500 0.144900 0.221600 0.163800 0.162100 0.166000 0.176800 0.158000 0.080200 0.139100 0.136500 0.155200 0.153600 0.171900 0.177100 0.147100 0.143700 0.152900 0.154900 0.174200 0.144100 0.059100 0.019500 0.149100 0.175800 0.151900 0.167000 0.173200 0.154500 0.073900 0.161200 0.182900 0.159100 0.151800 0.159200 0.144300 0.171100 0.180000 0.081000 0.059300 0.165400 0.080000 0.000000 0.153500 0.166000 0.158100 0.185600 0.190900 0.144300 0.160100 0.161200
Cattle 0.090000 0.248400 0.075500 0.191600 0.097900 0.095800 0.114200 0.100700 0.078500 0.153200 0.077700 0.041500 0.111000 0.108600 0.104600 0.099000 0.117400 0.110800 0.096400 0.075600 0.085900 0.078500 0.127200 0.162700 0.086800 0.085100 0.101700 0.086800 0.085400 0.081300 0.146100 0.104300 0.149700 0.099100 0.092700 0.019000 0.090900 0.101400 0.097500 0.158700 0.124500 0.090900 0.146400 0.153500 0.000000 0.108300 0.092300 0.117300 0.114900 0.105600 0.080800 0.075400
RoyalAntel 0.070100 0.293000 0.097500 0.217400 0.093200 0.075900 0.082000 0.099300 0.109900 0.178700 0.061000 0.092400 0.103600 0.070100 0.106400 0.100600 0.138000 0.137500 0.079300 0.106900 0.084200 0.058500 0.154700 0.175500 0.070100 0.086500 0.097400 0.118500 0.089900 0.112700 0.171100 0.084300 0.168800 0.088500 0.091300 0.113900 0.070800 0.093400 0.096100 0.187800 0.148600 0.080300 0.171600 0.166000 0.108300 0.000000 0.078600 0.119100 0.091400 0.141700 0.106000 0.106600
Steenbok 0.048700 0.274200 0.090600 0.189600 0.068800 0.054400 0.075300 0.050700 0.096800 0.164400 0.039800 0.076800 0.075100 0.066700 0.099400 0.055600 0.121500 0.121100 0.051200 0.093800 0.050900 0.043300 0.140900 0.167500 0.042800 0.050400 0.069100 0.105300 0.047700 0.099600 0.157000 0.071800 0.157900 0.060500 0.063300 0.103900 0.049200 0.069000 0.050600 0.183500 0.128400 0.044500 0.157400 0.158100 0.092300 0.078600 0.000000 0.102300 0.088000 0.140600 0.099100 0.099700
Impala 0.097000 0.281800 0.097300 0.223900 0.099100 0.102800 0.115800 0.110800 0.109600 0.187900 0.090600 0.104400 0.109000 0.103700 0.114900 0.109000 0.149300 0.145600 0.103600 0.106600 0.108000 0.091700 0.167100 0.195100 0.093800 0.100900 0.102800 0.118200 0.101300 0.118600 0.173700 0.108700 0.192200 0.093900 0.084400 0.122900 0.091800 0.099400 0.113800 0.203500 0.157600 0.100500 0.180800 0.185600 0.117300 0.119100 0.102300 0.000000 0.135700 0.160700 0.111900 0.112500
Klipspring 0.085600 0.290200 0.113400 0.228700 0.084700 0.091400 0.097800 0.096500 0.113400 0.190000 0.076300 0.095800 0.119800 0.088900 0.135400 0.097900 0.157400 0.150400 0.095300 0.110400 0.084200 0.074000 0.172000 0.197100 0.085600 0.095800 0.113400 0.119000 0.093200 0.122500 0.175600 0.097100 0.169100 0.104400 0.107200 0.123500 0.086600 0.091200 0.099500 0.206100 0.165800 0.089600 0.182700 0.190900 0.114900 0.091400 0.088000 0.135700 0.000000 0.152300 0.121900 0.122600
ForestMusk 0.132000 0.271300 0.118900 0.218100 0.133500 0.137900 0.144700 0.145800 0.125200 0.156900 0.125300 0.108200 0.160900 0.139000 0.138000 0.149700 0.127500 0.117600 0.132400 0.122200 0.133500 0.126700 0.133900 0.160000 0.135000 0.141800 0.151000 0.133800 0.126400 0.128100 0.149800 0.140400 0.163900 0.151500 0.137800 0.123500 0.140000 0.140200 0.152100 0.162300 0.134200 0.141300 0.150100 0.144300 0.105600 0.141700 0.140600 0.160700 0.152300 0.000000 0.121200 0.122100
Bushbuck 0.092900 0.253600 0.024300 0.200700 0.077800 0.098700 0.105800 0.104300 0.024300 0.155500 0.081700 0.062900 0.108800 0.100200 0.108600 0.090800 0.114800 0.108300 0.100100 0.021600 0.087500 0.082500 0.139800 0.169400 0.090800 0.089700 0.105700 0.032300 0.092000 0.021500 0.154800 0.099000 0.153100 0.096800 0.089300 0.089200 0.088800 0.087900 0.101100 0.175000 0.140200 0.092400 0.148800 0.160100 0.080800 0.106000 0.099100 0.111900 0.121900 0.121200 0.000000 0.021500
GreaterKud 0.093500 0.258200 0.024400 0.198600 0.084100 0.099300 0.106400 0.098900 0.018900 0.163000 0.082100 0.063300 0.103200 0.100800 0.106300 0.097200 0.109300 0.114900 0.100700 0.016200 0.088000 0.083000 0.140700 0.170500 0.091300 0.084300 0.100100 0.032500 0.092600 0.021600 0.155800 0.099500 0.154000 0.091300 0.089900 0.080800 0.089300 0.094400 0.101700 0.176100 0.141100 0.092900 0.156100 0.161200 0.075400 0.106600 0.099700 0.112500 0.122600 0.122100 0.021500 0.000000
