1
52 1
Argali 0.000000 0.594900 0.212400 0.589300 0.169900 0.021000 0.230300 0.211700 0.166800 0.193900 0.140500 0.169300 0.205800 0.148800 0.158900 0.202900 0.434100 0.361100 0.189400 0.140000 0.227800 0.119200 0.170300 0.188200 0.116200 0.166500 0.174500 0.141300 0.138900 0.166800 0.218200 0.162500 0.437500 0.203000 0.137800 0.147100 0.114700 0.143100 0.298900 0.224900 0.172600 0.189900 0.196300 0.167800 0.176100 0.211700 0.183600 0.234700 0.217500 0.236700 0.117800 0.142300
LesserMous 0.594900 0.000000 0.783500 0.666200 0.699200 0.645700 0.576500 0.544200 0.768000 0.685300 0.596700 0.766200 0.783900 0.581900 0.644700 0.683200 0.662000 0.600300 0.736300 0.692700 0.670500 0.622200 0.665500 0.619700 0.597000 0.585100 0.688400 0.730800 0.612000 0.682700 0.701600 0.674400 0.895600 0.780400 0.694000 0.748100 0.595400 0.689900 0.744700 0.768200 0.642300 0.612600 0.682300 0.638500 0.804600 0.634200 0.614000 0.763300 0.750100 0.845200 0.709900 0.747900
LesserKudu 0.212400 0.783500 0.000000 0.634100 0.227700 0.215200 0.270200 0.278400 0.095300 0.263700 0.196300 0.202900 0.271600 0.183400 0.213400 0.228900 0.514100 0.432000 0.192000 0.122400 0.209400 0.175100 0.256400 0.245100 0.169300 0.248800 0.235200 0.122200 0.216600 0.096500 0.282700 0.221100 0.576200 0.267800 0.191200 0.206800 0.167900 0.197100 0.312700 0.228600 0.232600 0.273300 0.260000 0.225200 0.209700 0.273400 0.188100 0.303400 0.201200 0.306700 0.099000 0.072700
KillerWhal 0.589300 0.666200 0.634100 0.000000 0.639900 0.562900 0.664500 0.745100 0.704200 0.508400 0.586200 0.657600 0.551400 0.575100 0.627800 0.596900 0.649300 0.561500 0.701700 0.585600 0.623500 0.535800 0.501100 0.490900 0.587400 0.570900 0.505100 0.666800 0.602000 0.702800 0.526200 0.673100 0.878800 0.547000 0.609800 0.643800 0.586200 0.599000 0.786600 0.443600 0.478200 0.599100 0.505700 0.503100 0.694500 0.617800 0.638200 0.749400 0.711300 0.679600 0.644500 0.675000
DefassaWat 0.169900 0.699200 0.227700 0.639900 0.000000 0.146500 0.187400 0.175700 0.178700 0.150800 0.073100 0.154700 0.194000 0.132500 0.144400 0.162400 0.363900 0.357300 0.123300 0.150400 0.142100 0.103000 0.154700 0.121800 0.099200 0.122900 0.160600 0.151700 0.095700 0.180100 0.178800 0.173300 0.394100 0.191100 0.122600 0.130900 0.098700 0.024100 0.180800 0.213200 0.130400 0.147200 0.155200 0.153000 0.161400 0.173000 0.120400 0.223400 0.181500 0.192400 0.126800 0.153700
Sheep 0.021000 0.645700 0.215200 0.562900 0.146500 0.000000 0.206000 0.242700 0.169100 0.169500 0.117800 0.146000 0.181200 0.124900 0.137000 0.181300 0.408900 0.337000 0.166700 0.142000 0.206200 0.096000 0.147000 0.165700 0.093600 0.143600 0.150500 0.143300 0.116500 0.169200 0.195000 0.140200 0.408900 0.178700 0.115500 0.123300 0.092300 0.120000 0.275800 0.201300 0.149000 0.167200 0.172700 0.144800 0.151900 0.189200 0.186000 0.210000 0.194500 0.211500 0.119500 0.144300
MaxwellsDu 0.230300 0.576500 0.270200 0.664500 0.187400 0.206000 0.000000 0.301600 0.219000 0.185900 0.185400 0.216800 0.200700 0.079800 0.203000 0.277000 0.307300 0.182200 0.241500 0.162500 0.256100 0.106600 0.187900 0.181500 0.157600 0.239900 0.139100 0.191400 0.207100 0.160200 0.213200 0.177600 0.369600 0.197500 0.181200 0.193900 0.156600 0.157600 0.339800 0.220000 0.163000 0.266000 0.189100 0.158800 0.227300 0.206400 0.234700 0.229000 0.239700 0.196200 0.166400 0.193500
GazellaPrz 0.211700 0.544200 0.278400 0.745100 0.175700 0.242700 0.301600 0.000000 0.230200 0.232000 0.169400 0.176200 0.304300 0.211800 0.217400 0.159400 0.382800 0.375700 0.278500 0.201800 0.158000 0.204700 0.232000 0.194500 0.197500 0.120400 0.266900 0.203400 0.093700 0.231400 0.256300 0.247900 0.448800 0.299800 0.219400 0.209700 0.196300 0.147700 0.222500 0.293900 0.208400 0.144200 0.233800 0.229600 0.242200 0.248100 0.113900 0.308300 0.221800 0.310600 0.179500 0.205500
MountainNy 0.166800 0.768000 0.095300 0.704200 0.178700 0.169100 0.219000 0.230200 0.000000 0.212800 0.148600 0.154600 0.220100 0.132900 0.167500 0.238300 0.431900 0.354100 0.144700 0.074700 0.163700 0.125300 0.206800 0.197300 0.121100 0.201300 0.184500 0.074600 0.169600 0.049100 0.233400 0.174100 0.513600 0.216800 0.143700 0.156900 0.119900 0.148100 0.263500 0.239000 0.182200 0.226200 0.209700 0.176200 0.158900 0.225600 0.141300 0.251700 0.153500 0.254900 0.050400 0.024700
MuntiacusM 0.193900 0.685300 0.263700 0.508400 0.150800 0.169500 0.185900 0.232000 0.212800 0.000000 0.120700 0.186600 0.128100 0.096100 0.174400 0.214400 0.369400 0.297900 0.202800 0.183700 0.166000 0.065600 0.049100 0.072600 0.120300 0.181700 0.095000 0.185200 0.143100 0.214200 0.045300 0.197600 0.366500 0.125800 0.143700 0.134600 0.118900 0.119200 0.266300 0.129200 0.024900 0.201700 0.024500 0.074500 0.165500 0.203600 0.169800 0.257100 0.215500 0.166800 0.160200 0.187200
goat 0.140500 0.596700 0.196300 0.586200 0.073100 0.117800 0.185400 0.169400 0.148600 0.120700 0.000000 0.125000 0.159700 0.102700 0.117000 0.113200 0.391200 0.318700 0.146500 0.120900 0.137300 0.074500 0.125100 0.094700 0.023500 0.071800 0.128900 0.122200 0.046600 0.148600 0.148600 0.144400 0.387500 0.157600 0.094800 0.101200 0.023400 0.047900 0.200300 0.180500 0.101200 0.095500 0.125200 0.123700 0.129700 0.144300 0.116100 0.188900 0.174800 0.190500 0.097200 0.122900
AfricanBuf 0.169300 0.766200 0.202900 0.657600 0.154700 0.146000 0.216800 0.176200 0.154600 0.186600 0.125000 0.000000 0.192500 0.131500 0.144100 0.213300 0.431300 0.354200 0.176900 0.127800 0.194300 0.102800 0.181400 0.173600 0.099100 0.175700 0.159400 0.128700 0.146500 0.155400 0.207200 0.172300 0.439800 0.190600 0.121900 0.130500 0.098500 0.126400 0.266300 0.212200 0.157200 0.200400 0.183900 0.152400 0.160600 0.200300 0.172100 0.222400 0.153700 0.224700 0.104200 0.129900
Topi 0.205800 0.783900 0.271600 0.551400 0.194000 0.181200 0.200700 0.304300 0.220100 0.128100 0.159700 0.192500 0.000000 0.111100 0.180100 0.229600 0.353500 0.279400 0.215900 0.189600 0.231500 0.080400 0.133800 0.128500 0.132100 0.190200 0.026500 0.191300 0.158000 0.221200 0.158800 0.211500 0.345600 0.054100 0.156300 0.168900 0.131200 0.163100 0.343500 0.107400 0.108400 0.216900 0.134200 0.105000 0.202500 0.240500 0.236500 0.271600 0.249300 0.143400 0.165300 0.193300
CommonDuik 0.148800 0.581900 0.183400 0.575100 0.132500 0.124900 0.079800 0.211800 0.132900 0.096100 0.102700 0.131500 0.111100 0.000000 0.123200 0.195200 0.273100 0.206400 0.155800 0.105600 0.174100 0.025900 0.104500 0.100800 0.076500 0.155300 0.080500 0.106200 0.125800 0.078000 0.128600 0.098800 0.338400 0.109400 0.100400 0.107000 0.076000 0.104000 0.247600 0.133500 0.079400 0.180700 0.103900 0.077100 0.137400 0.179700 0.152000 0.139100 0.148700 0.140500 0.080800 0.107400
Suni 0.158900 0.644700 0.213400 0.627800 0.144400 0.137000 0.203000 0.217400 0.167500 0.174400 0.117000 0.144100 0.180100 0.123200 0.000000 0.201100 0.403000 0.332500 0.165600 0.141300 0.182100 0.096000 0.169800 0.163600 0.092900 0.165100 0.149300 0.142600 0.137700 0.168000 0.194000 0.162100 0.409400 0.177600 0.114700 0.122300 0.092400 0.118200 0.249500 0.198600 0.147000 0.188400 0.172000 0.142800 0.150200 0.187500 0.161800 0.207000 0.123200 0.208800 0.119300 0.143600
Springbuck 0.202900 0.683200 0.228900 0.596900 0.162400 0.181300 0.277000 0.159400 0.238300 0.214400 0.113200 0.213300 0.229600 0.195200 0.201100 0.000000 0.451100 0.378100 0.211600 0.212100 0.084800 0.142800 0.214500 0.180400 0.138200 0.087400 0.197500 0.213600 0.064000 0.239300 0.236900 0.179400 0.492600 0.226300 0.159500 0.192900 0.137400 0.136900 0.188200 0.215200 0.192500 0.108300 0.215800 0.212300 0.222300 0.231000 0.109700 0.281500 0.216300 0.284300 0.191600 0.215400
Okapi 0.434100 0.662000 0.514100 0.649300 0.363900 0.408900 0.307300 0.382800 0.431900 0.369400 0.391200 0.431300 0.353500 0.273100 0.403000 0.451100 0.000000 0.090600 0.381900 0.398800 0.403600 0.307900 0.358600 0.344000 0.360400 0.452100 0.312100 0.432700 0.410400 0.393700 0.386900 0.373600 0.461700 0.348700 0.382100 0.407500 0.357700 0.397000 0.533200 0.397000 0.334500 0.481100 0.364200 0.324200 0.449800 0.478200 0.442300 0.464800 0.424500 0.389100 0.408800 0.440000
Giraffe 0.361100 0.600300 0.432000 0.561500 0.357300 0.337000 0.182200 0.375700 0.354100 0.297900 0.318700 0.354200 0.279400 0.206400 0.332500 0.378100 0.090600 0.000000 0.374100 0.323700 0.332200 0.240100 0.289600 0.278700 0.290300 0.375100 0.216800 0.354900 0.337900 0.318500 0.316300 0.305000 0.417900 0.275800 0.312000 0.333200 0.288300 0.323400 0.479500 0.324200 0.266100 0.401800 0.293800 0.258600 0.370100 0.337300 0.367100 0.375400 0.350600 0.311700 0.331500 0.358700
TibetanAnt 0.189400 0.736300 0.192000 0.701700 0.123300 0.166700 0.241500 0.278500 0.144700 0.202800 0.146500 0.176900 0.215900 0.155800 0.165600 0.211600 0.381900 0.374100 0.000000 0.172900 0.185400 0.125500 0.204100 0.196000 0.121100 0.174100 0.182500 0.174400 0.145100 0.145400 0.228100 0.194600 0.462400 0.213000 0.143500 0.154500 0.120400 0.149400 0.257000 0.235100 0.180400 0.199000 0.205400 0.175000 0.157100 0.195800 0.217500 0.255500 0.227300 0.248000 0.150300 0.119800
Sitatunga 0.140000 0.692700 0.122400 0.585600 0.150400 0.142000 0.162500 0.201800 0.074700 0.183700 0.120900 0.127800 0.189600 0.105600 0.141300 0.212100 0.398800 0.323700 0.172900 0.000000 0.191500 0.096600 0.178500 0.169900 0.093500 0.173800 0.155200 0.049900 0.142900 0.075100 0.204900 0.148200 0.471900 0.186900 0.116900 0.128400 0.092400 0.120300 0.262900 0.210000 0.153700 0.198500 0.181000 0.148500 0.158400 0.198100 0.114800 0.220800 0.127000 0.223900 0.025200 0.050300
Oribi 0.227800 0.670500 0.209400 0.623500 0.142100 0.206200 0.256100 0.158000 0.163700 0.166000 0.137300 0.194300 0.231500 0.174100 0.182100 0.084800 0.403600 0.332200 0.185400 0.191500 0.000000 0.168600 0.168900 0.137100 0.163000 0.091200 0.198800 0.192900 0.066700 0.164500 0.191400 0.210300 0.436800 0.228200 0.184200 0.172100 0.162100 0.116300 0.162600 0.224200 0.146300 0.113800 0.169500 0.167200 0.174900 0.211500 0.109000 0.262000 0.214400 0.235600 0.170100 0.140200
BarbaryShe 0.119200 0.622200 0.175100 0.535800 0.103000 0.096000 0.106600 0.204700 0.125300 0.065600 0.074500 0.102800 0.080400 0.025900 0.096000 0.142800 0.307900 0.240100 0.125500 0.096600 0.168600 0.000000 0.076300 0.073300 0.049300 0.101100 0.051900 0.097800 0.073700 0.125300 0.099500 0.123500 0.292200 0.079300 0.073000 0.077900 0.048600 0.075800 0.238600 0.104100 0.051400 0.126000 0.074900 0.049900 0.106800 0.149300 0.146900 0.166900 0.154200 0.109300 0.071200 0.098400
Daviddeer 0.170300 0.665500 0.256400 0.501100 0.154700 0.147000 0.187900 0.232000 0.206800 0.049100 0.125100 0.181400 0.133800 0.104500 0.169800 0.214500 0.358600 0.289600 0.204100 0.178500 0.168900 0.076300 0.000000 0.070700 0.125300 0.176600 0.103500 0.180100 0.147200 0.208000 0.071600 0.145800 0.353900 0.131800 0.148200 0.158200 0.124500 0.126500 0.267000 0.125700 0.024200 0.202300 0.048400 0.072600 0.189000 0.198100 0.172900 0.253200 0.209200 0.162100 0.155600 0.181800
Reindeer 0.188200 0.619700 0.245100 0.490900 0.121800 0.165700 0.181500 0.194500 0.197300 0.072600 0.094700 0.173600 0.128500 0.100800 0.163600 0.180400 0.344000 0.278700 0.196000 0.169900 0.137100 0.073300 0.070700 0.000000 0.120700 0.142900 0.099600 0.171400 0.116200 0.198300 0.094200 0.192400 0.337400 0.126700 0.142700 0.152100 0.119900 0.095700 0.226900 0.121300 0.047700 0.167200 0.071600 0.022800 0.181600 0.192500 0.140300 0.242900 0.200600 0.155800 0.147600 0.173000
Ibex 0.116200 0.597000 0.169300 0.587400 0.099200 0.093600 0.157600 0.197500 0.121100 0.120300 0.023500 0.099100 0.132100 0.076500 0.092900 0.138200 0.360400 0.290300 0.121100 0.093500 0.163000 0.049300 0.125300 0.120700 0.000000 0.097500 0.102400 0.094600 0.071200 0.120900 0.148700 0.119400 0.351900 0.130300 0.070600 0.075000 0.000000 0.073100 0.229600 0.153900 0.101300 0.121500 0.125200 0.098400 0.102600 0.144300 0.141800 0.160400 0.148600 0.162000 0.068900 0.095000
GyrantGaze 0.166500 0.585100 0.248800 0.570900 0.122900 0.143600 0.239900 0.120400 0.201300 0.181700 0.071800 0.175700 0.190200 0.155300 0.165100 0.087400 0.452100 0.375100 0.174100 0.173800 0.091200 0.101100 0.176600 0.142900 0.097500 0.000000 0.157300 0.175200 0.022500 0.202300 0.201700 0.193700 0.463400 0.187300 0.120200 0.154000 0.096900 0.096700 0.150000 0.234500 0.153100 0.022600 0.179100 0.174600 0.184200 0.194800 0.069600 0.213300 0.178600 0.246900 0.151500 0.176900
Hartebeest 0.174500 0.688400 0.235200 0.505100 0.160600 0.150500 0.139100 0.266900 0.184500 0.095000 0.128900 0.159400 0.026500 0.080500 0.149300 0.197500 0.312100 0.216800 0.182500 0.155200 0.198800 0.051900 0.103500 0.099600 0.102400 0.157300 0.000000 0.156700 0.127200 0.185200 0.127400 0.179100 0.321200 0.026200 0.126300 0.135600 0.101700 0.131300 0.302900 0.077900 0.078500 0.183000 0.102900 0.076300 0.167100 0.181700 0.203000 0.231800 0.235200 0.110700 0.130800 0.158100
Bongo 0.141300 0.730800 0.122200 0.666800 0.151700 0.143300 0.191400 0.203400 0.074600 0.185200 0.122200 0.128700 0.191300 0.106200 0.142600 0.213600 0.432700 0.354900 0.174400 0.049900 0.192900 0.097800 0.180100 0.171400 0.094600 0.175200 0.156700 0.000000 0.144100 0.075500 0.149100 0.149100 0.476100 0.188400 0.118100 0.129800 0.093500 0.121400 0.264700 0.211700 0.155100 0.199900 0.182600 0.149900 0.160000 0.199500 0.115900 0.222600 0.127800 0.226000 0.025200 0.050600
Gerenuk 0.138900 0.612000 0.216600 0.602000 0.095700 0.116500 0.207100 0.093700 0.169600 0.143100 0.046600 0.146500 0.158000 0.125800 0.137700 0.064000 0.410400 0.337900 0.145100 0.142900 0.066700 0.073700 0.147200 0.116200 0.071200 0.022500 0.127200 0.144100 0.000000 0.170400 0.170000 0.165100 0.412300 0.155800 0.093700 0.124200 0.070700 0.070500 0.121600 0.202500 0.124000 0.045000 0.147500 0.145600 0.152800 0.165800 0.045200 0.211600 0.148600 0.212700 0.120300 0.145300
CommonElan 0.166800 0.682700 0.096500 0.702800 0.180100 0.169200 0.160200 0.231400 0.049100 0.214200 0.148600 0.155400 0.221200 0.078000 0.168000 0.239300 0.393700 0.318500 0.145400 0.075100 0.164500 0.125300 0.208000 0.198300 0.120900 0.202300 0.185200 0.075500 0.170400 0.000000 0.234700 0.121600 0.517300 0.218000 0.144000 0.157500 0.119700 0.148700 0.265400 0.240300 0.183200 0.227500 0.211000 0.176900 0.159600 0.226700 0.141800 0.189500 0.154400 0.255700 0.051000 0.024600
MuntiacusR 0.218200 0.701600 0.282700 0.526200 0.178800 0.195000 0.213200 0.256300 0.233400 0.045300 0.148600 0.207200 0.158800 0.128600 0.194000 0.236900 0.386900 0.316300 0.228100 0.204900 0.191400 0.099500 0.071600 0.094200 0.148700 0.201700 0.127400 0.149100 0.170000 0.234700 0.000000 0.222500 0.390400 0.156400 0.171000 0.156800 0.147500 0.149500 0.292000 0.150800 0.048300 0.226200 0.023400 0.096600 0.187200 0.222900 0.195900 0.280400 0.235400 0.189000 0.182600 0.208700
HarveysDui 0.162500 0.674400 0.221100 0.673100 0.173300 0.140200 0.177600 0.247900 0.174100 0.197600 0.144400 0.172300 0.211500 0.098800 0.162100 0.179400 0.373600 0.305000 0.194600 0.148200 0.210300 0.123500 0.145800 0.192400 0.119400 0.193700 0.179100 0.149100 0.165100 0.121600 0.222500 0.000000 0.449500 0.208400 0.141500 0.150300 0.118700 0.145800 0.282300 0.229300 0.176200 0.217500 0.200300 0.171700 0.179700 0.216800 0.190000 0.180800 0.190800 0.241800 0.125800 0.150600
Pronghorn 0.437500 0.895600 0.576200 0.878800 0.394100 0.408900 0.369600 0.448800 0.513600 0.366500 0.387500 0.439800 0.345600 0.338400 0.409400 0.492600 0.461700 0.417900 0.462400 0.471900 0.436800 0.292200 0.353900 0.337400 0.351900 0.463400 0.321200 0.476100 0.412300 0.517300 0.390400 0.449500 0.000000 0.262700 0.377200 0.369100 0.349800 0.352200 0.514200 0.398600 0.326200 0.495200 0.364400 0.313400 0.415400 0.491400 0.448800 0.419100 0.348300 0.336800 0.448900 0.483300
BlueWildeb 0.203000 0.780400 0.267800 0.547000 0.191100 0.178700 0.197500 0.299800 0.216800 0.125800 0.157600 0.190600 0.054100 0.109400 0.177600 0.226300 0.348700 0.275800 0.213000 0.186900 0.228200 0.079300 0.131800 0.126700 0.130300 0.187300 0.026200 0.188400 0.155800 0.218000 0.156400 0.208400 0.262700 0.000000 0.154100 0.166500 0.129400 0.160500 0.274700 0.105800 0.106700 0.213600 0.132000 0.103500 0.199500 0.237100 0.233300 0.202200 0.186200 0.141100 0.162800 0.190500
Gemsbok 0.137800 0.694000 0.191200 0.609800 0.122600 0.115500 0.181200 0.219400 0.143700 0.143700 0.094800 0.121900 0.156300 0.100400 0.114700 0.159500 0.382100 0.312000 0.143500 0.116900 0.184200 0.073000 0.148200 0.142700 0.070600 0.120200 0.126300 0.118100 0.093700 0.144000 0.171000 0.141500 0.377200 0.154100 0.000000 0.099100 0.070200 0.096400 0.251300 0.177000 0.124800 0.143900 0.148200 0.121300 0.126900 0.166200 0.163400 0.184200 0.171000 0.186400 0.093400 0.118700
Yak 0.147100 0.748100 0.206800 0.643800 0.130900 0.123300 0.193900 0.209700 0.156900 0.134600 0.101200 0.130500 0.168900 0.107000 0.122300 0.192900 0.407500 0.333200 0.154500 0.128400 0.172100 0.077900 0.158200 0.152100 0.075000 0.154000 0.135600 0.129800 0.124200 0.157500 0.156800 0.150300 0.369100 0.166500 0.099100 0.000000 0.074600 0.102400 0.244000 0.189100 0.133400 0.179800 0.132600 0.129300 0.025400 0.178200 0.150000 0.161800 0.158600 0.200400 0.104200 0.130800
BlueSheep 0.114700 0.595400 0.167900 0.586200 0.098700 0.092300 0.156600 0.196300 0.119900 0.118900 0.023400 0.098500 0.131200 0.076000 0.092400 0.137400 0.357700 0.288300 0.120400 0.092400 0.162100 0.048600 0.124500 0.119900 0.000000 0.096900 0.101700 0.093500 0.070700 0.119700 0.147500 0.118700 0.349800 0.129400 0.070200 0.074600 0.000000 0.072800 0.228200 0.152900 0.100700 0.120800 0.124200 0.097800 0.102200 0.143400 0.141000 0.159300 0.147700 0.160800 0.067800 0.093900
BohorReedb 0.143100 0.689900 0.197100 0.599000 0.024100 0.120000 0.157600 0.147700 0.148100 0.119200 0.047900 0.126400 0.163100 0.104000 0.118200 0.136900 0.397000 0.323400 0.149400 0.120300 0.116300 0.075800 0.126500 0.095700 0.073100 0.096700 0.131300 0.121400 0.070500 0.148700 0.149500 0.145800 0.352200 0.160500 0.096400 0.102400 0.072800 0.000000 0.178900 0.183200 0.102400 0.120600 0.126000 0.125200 0.131600 0.146200 0.094700 0.191300 0.152600 0.161500 0.096100 0.122500
KirksDik 0.298900 0.744700 0.312700 0.786600 0.180800 0.275800 0.339800 0.222500 0.263500 0.266300 0.200300 0.266300 0.343500 0.247600 0.249500 0.188200 0.533200 0.479500 0.257000 0.262900 0.162600 0.238600 0.267000 0.226900 0.229600 0.150000 0.302900 0.264700 0.121600 0.265400 0.292000 0.282300 0.514200 0.274700 0.251300 0.244000 0.228200 0.178900 0.000000 0.331800 0.243300 0.174900 0.269600 0.263800 0.216600 0.284100 0.166700 0.284100 0.230700 0.349600 0.241000 0.238400
RoeDeer 0.224900 0.768200 0.228600 0.443600 0.213200 0.201300 0.220000 0.293900 0.239000 0.129200 0.180500 0.212200 0.107400 0.133500 0.198600 0.215200 0.397000 0.324200 0.235100 0.210000 0.224200 0.104100 0.125700 0.121300 0.153900 0.234500 0.077900 0.211700 0.202500 0.240300 0.150800 0.229300 0.398600 0.105800 0.177000 0.189100 0.152900 0.183200 0.331800 0.000000 0.101700 0.260000 0.127400 0.098800 0.221300 0.258500 0.229400 0.289300 0.241700 0.165400 0.187100 0.213700
WhiteLippe 0.172600 0.642300 0.232600 0.478200 0.130400 0.149000 0.163000 0.208400 0.182200 0.024900 0.101200 0.157200 0.108400 0.079400 0.147000 0.192500 0.334500 0.266100 0.180400 0.153700 0.146300 0.051400 0.024200 0.047700 0.101300 0.153100 0.078500 0.155100 0.124000 0.183200 0.048300 0.176200 0.326200 0.106700 0.124800 0.133400 0.100700 0.102400 0.243300 0.101700 0.000000 0.179100 0.024500 0.048900 0.164000 0.175200 0.149800 0.227900 0.185200 0.136600 0.129800 0.156500
ThomsonGaz 0.189900 0.612600 0.273300 0.599100 0.147200 0.167200 0.266000 0.144200 0.226200 0.201700 0.095500 0.200400 0.216900 0.180700 0.188400 0.108300 0.481100 0.401800 0.199000 0.198500 0.113800 0.126000 0.202300 0.167200 0.121500 0.022600 0.183000 0.199900 0.045000 0.227500 0.226200 0.217500 0.495200 0.213600 0.143900 0.179800 0.120800 0.120600 0.174900 0.260000 0.179100 0.000000 0.203900 0.200000 0.210900 0.218800 0.092600 0.239900 0.203900 0.273500 0.176700 0.202100
MuntiacusC 0.196300 0.682300 0.260000 0.505700 0.155200 0.172700 0.189100 0.233800 0.209700 0.024500 0.125200 0.183900 0.134200 0.103900 0.172000 0.215800 0.364200 0.293800 0.205400 0.181000 0.169500 0.074900 0.048400 0.071600 0.125200 0.179100 0.102900 0.182600 0.147500 0.211000 0.023400 0.200300 0.364400 0.132000 0.148200 0.132600 0.124200 0.126000 0.269600 0.127400 0.024500 0.203900 0.000000 0.073500 0.163000 0.200800 0.173600 0.256300 0.212400 0.164300 0.157800 0.184400
WhiteTaile 0.167800 0.638500 0.225200 0.503100 0.153000 0.144800 0.158800 0.229600 0.176200 0.074500 0.123700 0.152400 0.105000 0.077100 0.142800 0.212300 0.324200 0.258600 0.175000 0.148500 0.167200 0.049900 0.072600 0.022800 0.098400 0.174600 0.076300 0.149900 0.145600 0.176900 0.096600 0.171700 0.313400 0.103500 0.121300 0.129300 0.097800 0.125200 0.263800 0.098800 0.048900 0.200000 0.073500 0.000000 0.158800 0.197500 0.170900 0.220300 0.179000 0.132500 0.125200 0.151100
Cattle 0.176100 0.804600 0.209700 0.694500 0.161400 0.151900 0.227300 0.242200 0.158900 0.165500 0.129700 0.160600 0.202500 0.137400 0.150200 0.222300 0.449800 0.370100 0.157100 0.158400 0.174900 0.106800 0.189000 0.181600 0.102600 0.184200 0.167100 0.160000 0.152800 0.159600 0.187200 0.179700 0.415400 0.199500 0.126900 0.025400 0.102200 0.131600 0.216600 0.221300 0.164000 0.210900 0.163000 0.158800 0.000000 0.208500 0.179600 0.193700 0.189800 0.235200 0.134400 0.132400
RoyalAntel 0.211700 0.634200 0.273400 0.617800 0.173000 0.189200 0.206400 0.248100 0.225600 0.203600 0.144300 0.200300 0.240500 0.179700 0.187500 0.231000 0.478200 0.337300 0.195800 0.198100 0.211500 0.149300 0.198100 0.192500 0.144300 0.194800 0.181700 0.199500 0.165800 0.226700 0.222900 0.216800 0.491400 0.237100 0.166200 0.178200 0.143400 0.146200 0.284100 0.258500 0.175200 0.218800 0.200800 0.197500 0.208500 0.000000 0.190900 0.270700 0.227400 0.272600 0.176200 0.201400
Steenbok 0.183600 0.614000 0.188100 0.638200 0.120400 0.186000 0.234700 0.113900 0.141300 0.169800 0.116100 0.172100 0.236500 0.152000 0.161800 0.109700 0.442300 0.367100 0.217500 0.114800 0.109000 0.146900 0.172900 0.140300 0.141800 0.069600 0.203000 0.115900 0.045200 0.141800 0.195900 0.190000 0.448800 0.233300 0.163400 0.150000 0.141000 0.094700 0.166700 0.229400 0.149800 0.092600 0.173600 0.170900 0.179600 0.190900 0.000000 0.240200 0.193700 0.240900 0.091800 0.116800
Impala 0.234700 0.763300 0.303400 0.749400 0.223400 0.210000 0.229000 0.308300 0.251700 0.257100 0.188900 0.222400 0.271600 0.139100 0.207000 0.281500 0.464800 0.375400 0.255500 0.220800 0.262000 0.166900 0.253200 0.242900 0.160400 0.213300 0.231800 0.222600 0.211600 0.189500 0.280400 0.180800 0.419100 0.202200 0.184200 0.161800 0.159300 0.191300 0.284100 0.289300 0.227900 0.239900 0.256300 0.220300 0.193700 0.270700 0.240200 0.000000 0.191900 0.305700 0.197200 0.225400
Klipspring 0.217500 0.750100 0.201200 0.711300 0.181500 0.194500 0.239700 0.221800 0.153500 0.215500 0.174800 0.153700 0.249300 0.148700 0.123200 0.216300 0.424500 0.350600 0.227300 0.127000 0.214400 0.154200 0.209200 0.200600 0.148600 0.178600 0.235200 0.127800 0.148600 0.154400 0.235400 0.190800 0.348300 0.186200 0.171000 0.158600 0.147700 0.152600 0.230700 0.241700 0.185200 0.203900 0.212400 0.179000 0.189800 0.227400 0.193700 0.191900 0.000000 0.255100 0.103700 0.129200
ForestMusk 0.236700 0.845200 0.306700 0.679600 0.192400 0.211500 0.196200 0.310600 0.254900 0.166800 0.190500 0.224700 0.143400 0.140500 0.208800 0.284300 0.389100 0.311700 0.248000 0.223900 0.235600 0.109300 0.162100 0.155800 0.162000 0.246900 0.110700 0.226000 0.212700 0.255700 0.189000 0.241800 0.336800 0.141100 0.186400 0.200400 0.160800 0.161500 0.349600 0.165400 0.136600 0.273500 0.164300 0.132500 0.235200 0.272600 0.240900 0.305700 0.255100 0.000000 0.200000 0.227900
Bushbuck 0.117800 0.709900 0.099000 0.644500 0.126800 0.119500 0.166400 0.179500 0.050400 0.160200 0.097200 0.104200 0.165300 0.080800 0.119300 0.191600 0.408800 0.331500 0.150300 0.025200 0.170100 0.071200 0.155600 0.147600 0.068900 0.151500 0.130800 0.025200 0.120300 0.051000 0.182600 0.125800 0.448900 0.162800 0.093400 0.104200 0.067800 0.096100 0.241000 0.187100 0.129800 0.176700 0.157800 0.125200 0.134400 0.176200 0.091800 0.197200 0.103700 0.200000 0.000000 0.025600
GreaterKud 0.142300 0.747900 0.072700 0.675000 0.153700 0.144300 0.193500 0.205500 0.024700 0.187200 0.122900 0.129900 0.193300 0.107400 0.143600 0.215400 0.440000 0.358700 0.119800 0.050300 0.140200 0.098400 0.181800 0.173000 0.095000 0.176900 0.158100 0.050600 0.145300 0.024600 0.208700 0.150600 0.483300 0.190500 0.118700 0.130800 0.093900 0.122500 0.238400 0.213700 0.156500 0.202100 0.184400 0.151100 0.132400 0.201400 0.116800 0.225400 0.129200 0.227900 0.025600 0.000000
