1
52 1
Argali 0.000000 0.253200 0.107300 0.230400 0.067800 0.017900 0.067900 0.087300 0.090800 0.133000 0.055100 0.114500 0.064600 0.067800 0.101200 0.077700 0.147500 0.147900 0.058300 0.100600 0.083900 0.051900 0.111800 0.122200 0.061400 0.074300 0.060400 0.097600 0.084100 0.090500 0.133000 0.071300 0.112300 0.064600 0.064800 0.144200 0.048700 0.067900 0.083800 0.132900 0.125700 0.074500 0.129400 0.122200 0.143800 0.097500 0.093900 0.098000 0.071100 0.148600 0.091000 0.094300
LesserMous 0.253200 0.000000 0.266200 0.295400 0.242400 0.260800 0.274900 0.265400 0.237700 0.278700 0.274700 0.260100 0.275100 0.270300 0.287900 0.271000 0.307900 0.291300 0.256900 0.249400 0.258200 0.270200 0.252600 0.248500 0.278600 0.266400 0.269800 0.240700 0.270600 0.237300 0.278700 0.266400 0.248600 0.266700 0.267300 0.292700 0.265900 0.246400 0.261200 0.260800 0.261200 0.270500 0.274200 0.247600 0.297300 0.287800 0.278700 0.280400 0.257800 0.279400 0.245800 0.240600
LesserKudu 0.107300 0.266200 0.000000 0.233500 0.090900 0.107200 0.097600 0.117800 0.027100 0.147100 0.107500 0.090600 0.097600 0.100900 0.115200 0.104400 0.147100 0.144000 0.097500 0.030000 0.104100 0.117500 0.125300 0.118500 0.100800 0.094300 0.093900 0.027000 0.104300 0.020900 0.147100 0.097900 0.118800 0.090800 0.091100 0.086500 0.094000 0.097600 0.104000 0.132600 0.139500 0.101300 0.143400 0.122000 0.092800 0.118200 0.104200 0.118700 0.091100 0.127600 0.027000 0.024000
KillerWhal 0.230400 0.295400 0.233500 0.000000 0.219500 0.237900 0.227300 0.242400 0.199000 0.217000 0.243000 0.211000 0.235200 0.222900 0.256500 0.231600 0.212700 0.209700 0.229800 0.210300 0.234600 0.238600 0.200900 0.208600 0.246800 0.235200 0.230200 0.206500 0.247300 0.213500 0.217000 0.243100 0.193400 0.235000 0.219800 0.250900 0.234500 0.219600 0.233900 0.216800 0.201600 0.239200 0.220900 0.204100 0.251000 0.255600 0.230900 0.236200 0.230600 0.225300 0.206600 0.210400
DefassaWat 0.067800 0.242400 0.090900 0.219500 0.000000 0.067700 0.045200 0.071300 0.068200 0.130000 0.048900 0.091300 0.058500 0.055200 0.078300 0.052200 0.133700 0.137700 0.052000 0.077800 0.061500 0.064600 0.108800 0.105400 0.048900 0.049000 0.055000 0.068300 0.058500 0.074000 0.130000 0.052200 0.095600 0.058400 0.045800 0.113700 0.042100 0.017900 0.061500 0.115900 0.122800 0.055500 0.126400 0.105400 0.120100 0.078000 0.071300 0.071900 0.052100 0.117800 0.068300 0.071600
Sheep 0.017900 0.260800 0.107200 0.237900 0.067700 0.000000 0.060500 0.093700 0.090700 0.125900 0.055000 0.101000 0.058200 0.061300 0.097700 0.077600 0.147200 0.147700 0.051900 0.100600 0.077300 0.051800 0.111600 0.115200 0.055300 0.067300 0.054800 0.097500 0.077500 0.090400 0.125900 0.064800 0.112100 0.058200 0.058400 0.137200 0.042100 0.067800 0.077200 0.125800 0.125500 0.068000 0.122300 0.115200 0.136800 0.084200 0.087200 0.091300 0.064600 0.134600 0.090900 0.094200
MaxwellsDu 0.067900 0.274900 0.097600 0.227300 0.045200 0.060500 0.000000 0.080900 0.081200 0.130200 0.061600 0.104800 0.064900 0.036400 0.084800 0.058500 0.140800 0.144900 0.052100 0.091000 0.061500 0.071100 0.115700 0.105500 0.054600 0.049100 0.061500 0.088000 0.058400 0.087500 0.130200 0.045900 0.102400 0.061600 0.052200 0.120600 0.048900 0.058400 0.061400 0.109200 0.129800 0.055400 0.126500 0.105500 0.127200 0.078000 0.071200 0.075100 0.045800 0.131600 0.081400 0.084700
GazellaPrz 0.087300 0.265400 0.117800 0.242400 0.071300 0.093700 0.080900 0.000000 0.101000 0.162200 0.084200 0.124800 0.094100 0.080700 0.107700 0.068100 0.173300 0.166500 0.093800 0.111000 0.074300 0.100600 0.132900 0.143600 0.090800 0.064800 0.090500 0.100900 0.074500 0.107400 0.162200 0.087400 0.130000 0.094000 0.094300 0.147700 0.077600 0.071400 0.067800 0.154600 0.147300 0.064800 0.158400 0.143200 0.147700 0.100600 0.077700 0.084500 0.080600 0.159800 0.094300 0.104300
MountainNy 0.090800 0.237700 0.027100 0.199000 0.068200 0.090700 0.081200 0.101000 0.000000 0.122800 0.091000 0.074400 0.074700 0.084500 0.091700 0.087900 0.129700 0.126600 0.081100 0.014900 0.087600 0.100800 0.101700 0.095000 0.084400 0.078000 0.071200 0.011900 0.088000 0.011800 0.122800 0.081500 0.091900 0.074600 0.068300 0.080000 0.077700 0.068200 0.087500 0.108800 0.115500 0.084800 0.119200 0.098400 0.086300 0.101400 0.087700 0.101800 0.074800 0.114100 0.011900 0.008900
MuntiacusM 0.133000 0.278700 0.147100 0.217000 0.130000 0.125900 0.130200 0.162200 0.122800 0.000000 0.129800 0.129900 0.119700 0.112100 0.141700 0.133800 0.117000 0.121000 0.129800 0.119300 0.140600 0.133100 0.033700 0.046400 0.129800 0.137300 0.122600 0.122900 0.148100 0.129200 0.000000 0.134100 0.093300 0.126500 0.112900 0.163800 0.122700 0.137300 0.143900 0.046500 0.042200 0.137700 0.003000 0.033700 0.163300 0.141000 0.155100 0.152000 0.112700 0.129400 0.130000 0.126500
goat 0.055100 0.274700 0.107500 0.243000 0.048900 0.055000 0.061600 0.084200 0.091000 0.129800 0.000000 0.108000 0.058800 0.061500 0.091400 0.064900 0.147900 0.148300 0.052000 0.100900 0.071100 0.033200 0.108600 0.119000 0.011800 0.061600 0.055000 0.097800 0.071300 0.097300 0.129800 0.058600 0.105700 0.058300 0.052200 0.137500 0.017800 0.054500 0.067800 0.129700 0.122600 0.061800 0.126100 0.119000 0.137100 0.084400 0.081000 0.088300 0.058400 0.148900 0.091200 0.094500
AfricanBuf 0.114500 0.260100 0.090600 0.211000 0.091300 0.101000 0.104800 0.124800 0.074400 0.129900 0.108000 0.000000 0.091300 0.101300 0.121800 0.111700 0.133400 0.144700 0.097600 0.084100 0.104500 0.111100 0.115500 0.122500 0.108000 0.101400 0.094300 0.074100 0.111600 0.080600 0.129900 0.104800 0.119300 0.097900 0.091500 0.080100 0.094400 0.091400 0.111200 0.122700 0.129500 0.101300 0.126300 0.111900 0.080100 0.101500 0.104600 0.118900 0.091200 0.121400 0.067900 0.077400
Topi 0.064600 0.275100 0.097600 0.235200 0.058500 0.058200 0.064900 0.094100 0.074700 0.119700 0.058800 0.091300 0.000000 0.058400 0.075000 0.068200 0.126700 0.134200 0.055300 0.084300 0.061600 0.061500 0.105400 0.095400 0.058300 0.058500 0.015000 0.081400 0.068100 0.081000 0.119700 0.049100 0.088900 0.018000 0.032900 0.120500 0.045700 0.058500 0.067900 0.112600 0.119300 0.052300 0.116100 0.102200 0.120100 0.077900 0.071300 0.091700 0.055300 0.138600 0.081400 0.078200
CommonDuik 0.067800 0.270300 0.100900 0.222900 0.055200 0.061300 0.036400 0.080700 0.084500 0.112100 0.061500 0.101300 0.058400 0.000000 0.071500 0.058400 0.133100 0.133500 0.055100 0.094300 0.058200 0.071000 0.101800 0.098500 0.061500 0.048900 0.055000 0.084600 0.058400 0.090800 0.112100 0.039600 0.098800 0.058400 0.052100 0.130800 0.048800 0.061600 0.055000 0.108900 0.115600 0.049000 0.108600 0.098600 0.130400 0.064800 0.067900 0.074700 0.033300 0.142000 0.084600 0.088000
Suni 0.101200 0.287900 0.115200 0.256500 0.078300 0.097700 0.084800 0.107700 0.091700 0.141700 0.091400 0.121800 0.075000 0.071500 0.000000 0.081600 0.145500 0.160500 0.094500 0.101700 0.081300 0.107900 0.119800 0.123500 0.091400 0.071700 0.071400 0.090700 0.081500 0.098000 0.141700 0.081400 0.127400 0.074900 0.075100 0.145300 0.078100 0.078400 0.081200 0.134400 0.134000 0.071600 0.138000 0.123200 0.145300 0.094600 0.084700 0.101900 0.061800 0.164600 0.098300 0.094700
Springbuck 0.077700 0.271000 0.104400 0.231600 0.052200 0.077600 0.058500 0.068100 0.087900 0.133800 0.064900 0.111700 0.068200 0.058400 0.081600 0.000000 0.134100 0.134500 0.068100 0.097800 0.048900 0.081000 0.112500 0.122900 0.064900 0.014900 0.064700 0.094700 0.017800 0.094200 0.133800 0.055500 0.113000 0.068100 0.061900 0.127400 0.058400 0.058700 0.048900 0.133700 0.126500 0.021100 0.137300 0.123000 0.133900 0.081200 0.058500 0.078400 0.055300 0.152800 0.088100 0.091400
Okapi 0.147500 0.307900 0.147100 0.212700 0.133700 0.147200 0.140800 0.173300 0.129700 0.117000 0.147900 0.133400 0.126700 0.133100 0.145500 0.134100 0.000000 0.040200 0.144000 0.119300 0.151200 0.143900 0.106700 0.117100 0.151300 0.144400 0.129700 0.129900 0.148200 0.129200 0.117000 0.148500 0.103400 0.133600 0.119900 0.163800 0.140400 0.137500 0.158300 0.117400 0.120800 0.148500 0.120400 0.106700 0.166900 0.162900 0.155000 0.152000 0.130500 0.122400 0.136900 0.126500
Giraffe 0.147900 0.291300 0.144000 0.209700 0.137700 0.147700 0.144900 0.166500 0.126600 0.121000 0.148300 0.144700 0.134200 0.133500 0.160500 0.134500 0.040200 0.000000 0.137300 0.116300 0.159000 0.151600 0.103700 0.114100 0.151800 0.144900 0.130000 0.126900 0.148700 0.126200 0.121000 0.149000 0.100400 0.134000 0.127400 0.168100 0.140800 0.141600 0.158800 0.114400 0.117800 0.149000 0.124500 0.110600 0.171200 0.163500 0.162900 0.159800 0.130900 0.126400 0.133900 0.123500
TibetanAnt 0.058300 0.256900 0.097500 0.229800 0.052000 0.051900 0.052100 0.093800 0.081100 0.129800 0.052000 0.097600 0.055300 0.055100 0.094500 0.068100 0.144000 0.137300 0.000000 0.090900 0.074300 0.055100 0.118900 0.108700 0.045700 0.058400 0.051900 0.087600 0.068000 0.087400 0.129800 0.048900 0.105600 0.055200 0.042700 0.120000 0.039400 0.064800 0.071100 0.112300 0.133000 0.064800 0.126200 0.108400 0.126900 0.087500 0.084300 0.088000 0.055100 0.138400 0.081100 0.084300
Sitatunga 0.100600 0.249400 0.030000 0.210300 0.077800 0.100600 0.091000 0.111000 0.014900 0.119300 0.100900 0.084100 0.084300 0.094300 0.101700 0.097800 0.119300 0.116300 0.090900 0.000000 0.097500 0.110800 0.098300 0.091700 0.094200 0.087700 0.080900 0.014900 0.097700 0.014700 0.119300 0.091300 0.092000 0.084400 0.078000 0.083200 0.087500 0.084500 0.097400 0.097800 0.112000 0.094700 0.115000 0.095100 0.089600 0.111400 0.097600 0.111900 0.084500 0.104000 0.021000 0.011900
Oribi 0.083900 0.258200 0.104100 0.234600 0.061500 0.077300 0.061500 0.074300 0.087600 0.140600 0.071100 0.104500 0.061600 0.058200 0.081300 0.048900 0.151200 0.159000 0.074300 0.097500 0.000000 0.080700 0.118800 0.123000 0.071100 0.039100 0.058100 0.094400 0.048900 0.093900 0.140600 0.061600 0.122800 0.061500 0.068100 0.134000 0.058200 0.061600 0.042400 0.133300 0.133000 0.039600 0.136900 0.122600 0.133600 0.080900 0.052000 0.078100 0.055100 0.145300 0.087800 0.091100
BarbaryShe 0.051900 0.270200 0.117500 0.238600 0.064600 0.051800 0.071100 0.100600 0.100800 0.133100 0.033200 0.111100 0.061500 0.071000 0.107900 0.081000 0.143900 0.151600 0.055100 0.110800 0.080700 0.000000 0.118800 0.113600 0.038800 0.077500 0.064400 0.107700 0.087400 0.100400 0.133100 0.068100 0.115800 0.067800 0.048900 0.140700 0.039300 0.071200 0.083800 0.125900 0.132900 0.077800 0.129500 0.115400 0.140200 0.094200 0.093900 0.098000 0.067800 0.152200 0.101000 0.104400
Daviddeer 0.111800 0.252600 0.125300 0.200900 0.108800 0.111600 0.115700 0.132900 0.101700 0.033700 0.108600 0.115500 0.105400 0.101800 0.119800 0.112500 0.106700 0.103700 0.118900 0.098300 0.118800 0.118800 0.000000 0.036800 0.115400 0.115700 0.101500 0.101800 0.126100 0.108000 0.033700 0.119500 0.072900 0.105300 0.105600 0.148800 0.108400 0.108900 0.125600 0.036900 0.012100 0.116000 0.030600 0.030500 0.148200 0.122700 0.132900 0.144700 0.098700 0.108200 0.108600 0.105300
Reindeer 0.122200 0.248500 0.118500 0.208600 0.105400 0.115200 0.105500 0.143600 0.095000 0.046400 0.119000 0.122500 0.095400 0.098500 0.123500 0.122900 0.117100 0.114100 0.108700 0.091700 0.123000 0.113600 0.036800 0.000000 0.112100 0.112400 0.098700 0.095100 0.122800 0.101300 0.046400 0.109200 0.076200 0.102100 0.088700 0.141800 0.105100 0.119400 0.125800 0.030200 0.049500 0.119700 0.043000 0.024300 0.148400 0.133500 0.136700 0.148600 0.095400 0.115100 0.102000 0.098600
Ibex 0.061400 0.278600 0.100800 0.246800 0.048900 0.055300 0.054600 0.090800 0.084400 0.129800 0.011800 0.108000 0.058300 0.061500 0.091400 0.064900 0.151300 0.151800 0.045700 0.094200 0.071100 0.038800 0.115400 0.112100 0.000000 0.055200 0.055000 0.091100 0.064800 0.090600 0.129800 0.052200 0.109000 0.058300 0.045800 0.130600 0.017900 0.061600 0.067800 0.122900 0.129500 0.061800 0.126200 0.112100 0.137200 0.084500 0.081000 0.088300 0.058400 0.141900 0.084600 0.087900
GyrantGaze 0.074300 0.266400 0.094300 0.235200 0.049000 0.067300 0.049100 0.064800 0.078000 0.137300 0.061600 0.101400 0.058500 0.048900 0.071700 0.014900 0.144400 0.144900 0.058400 0.087700 0.039100 0.077500 0.115700 0.112400 0.055200 0.000000 0.054600 0.084600 0.015000 0.084200 0.137300 0.045900 0.109300 0.058400 0.052400 0.123900 0.048900 0.055400 0.039500 0.123000 0.129800 0.006000 0.133600 0.112400 0.130400 0.071400 0.049000 0.075100 0.045800 0.142000 0.078100 0.081400
Hartebeest 0.060400 0.269800 0.093900 0.230200 0.055000 0.054800 0.061500 0.090500 0.071200 0.122600 0.055000 0.094300 0.015000 0.055000 0.071400 0.064700 0.129700 0.130000 0.051900 0.080900 0.058100 0.064400 0.101500 0.098700 0.055000 0.054600 0.000000 0.077800 0.064600 0.077400 0.122600 0.045800 0.091900 0.014800 0.039400 0.123500 0.042400 0.055100 0.064400 0.115500 0.115300 0.048900 0.119100 0.105100 0.123100 0.074400 0.067800 0.088000 0.051900 0.134600 0.077800 0.074600
Bongo 0.097600 0.240700 0.027000 0.206500 0.068300 0.097500 0.088000 0.100900 0.011900 0.122900 0.097800 0.074100 0.081400 0.084600 0.090700 0.094700 0.129900 0.126900 0.087600 0.014900 0.094400 0.107700 0.101800 0.095100 0.091100 0.084600 0.077800 0.000000 0.094600 0.011900 0.122900 0.087900 0.102200 0.081300 0.074900 0.073600 0.084400 0.074900 0.094300 0.108900 0.115500 0.091200 0.119300 0.098200 0.080100 0.094600 0.094500 0.101700 0.074700 0.107700 0.011900 0.008800
Gerenuk 0.084100 0.270600 0.104300 0.247300 0.058500 0.077500 0.058400 0.074500 0.088000 0.148100 0.071300 0.111600 0.068100 0.058400 0.081500 0.017800 0.148200 0.148700 0.068000 0.097700 0.048900 0.087400 0.126100 0.122800 0.064800 0.015000 0.064600 0.094600 0.000000 0.094100 0.148100 0.055400 0.119700 0.068100 0.055400 0.134200 0.058400 0.065000 0.048800 0.133600 0.140400 0.021100 0.144300 0.122800 0.140800 0.081200 0.058500 0.085000 0.055300 0.152700 0.088000 0.091300
CommonElan 0.090500 0.237300 0.020900 0.213500 0.074000 0.090400 0.087500 0.107400 0.011800 0.129200 0.097300 0.080600 0.081000 0.090800 0.098000 0.094200 0.129200 0.126200 0.087400 0.014700 0.093900 0.100400 0.108000 0.101300 0.090600 0.084200 0.077400 0.011900 0.094100 0.000000 0.129200 0.087800 0.101600 0.080900 0.074600 0.079800 0.084000 0.081000 0.093800 0.115100 0.121800 0.091000 0.125600 0.104800 0.085700 0.107800 0.094000 0.108200 0.081000 0.113800 0.017900 0.008900
MuntiacusR 0.133000 0.278700 0.147100 0.217000 0.130000 0.125900 0.130200 0.162200 0.122800 0.000000 0.129800 0.129900 0.119700 0.112100 0.141700 0.133800 0.117000 0.121000 0.129800 0.119300 0.140600 0.133100 0.033700 0.046400 0.129800 0.137300 0.122600 0.122900 0.148100 0.129200 0.000000 0.134100 0.093200 0.126500 0.112900 0.163800 0.122700 0.137300 0.143900 0.046600 0.043100 0.137700 0.003000 0.033700 0.163300 0.141000 0.155100 0.152000 0.112700 0.129400 0.130000 0.126500
HarveysDui 0.071300 0.266400 0.097900 0.243100 0.052200 0.064800 0.045900 0.087400 0.081500 0.134100 0.058600 0.104800 0.049100 0.039600 0.081400 0.055500 0.148500 0.149000 0.048900 0.091300 0.061600 0.068100 0.119500 0.109200 0.052200 0.045900 0.045800 0.087900 0.055400 0.087800 0.134100 0.000000 0.085800 0.042800 0.042900 0.127300 0.045800 0.065100 0.058400 0.119800 0.126700 0.045900 0.130400 0.102000 0.134300 0.071400 0.065000 0.084900 0.042600 0.146100 0.081400 0.084700
Pronghorn 0.112300 0.248600 0.118800 0.193400 0.095600 0.112100 0.102400 0.130000 0.091900 0.093300 0.105700 0.119300 0.088900 0.098800 0.127400 0.113000 0.103400 0.100400 0.105600 0.092000 0.122800 0.115800 0.072900 0.076200 0.109000 0.109300 0.091900 0.102200 0.119700 0.101600 0.093200 0.085800 0.000000 0.088900 0.089000 0.145600 0.098700 0.102600 0.119200 0.083100 0.079700 0.106200 0.089700 0.072900 0.152300 0.130300 0.116100 0.141800 0.095700 0.105100 0.102200 0.098800
BlueWildeb 0.064600 0.266700 0.090800 0.235000 0.058400 0.058200 0.061600 0.094000 0.074600 0.126500 0.058300 0.097900 0.018000 0.058400 0.074900 0.068100 0.133600 0.134000 0.055200 0.084400 0.061500 0.067800 0.105300 0.102100 0.058300 0.058400 0.014800 0.081300 0.068100 0.080900 0.126500 0.042800 0.088900 0.000000 0.042800 0.127200 0.045700 0.058400 0.067800 0.119800 0.112300 0.052200 0.122900 0.108900 0.126900 0.077900 0.071200 0.091600 0.055300 0.138500 0.081300 0.078100
Gemsbok 0.064800 0.267300 0.091100 0.219800 0.045800 0.058400 0.052200 0.094300 0.068300 0.112900 0.052200 0.091500 0.032900 0.052100 0.075100 0.061900 0.119900 0.127400 0.042700 0.078000 0.068100 0.048900 0.105600 0.088700 0.045800 0.052400 0.039400 0.074900 0.055400 0.074600 0.112900 0.042900 0.089000 0.042800 0.000000 0.113800 0.039500 0.058600 0.064800 0.099000 0.119600 0.058800 0.109400 0.088800 0.120300 0.081400 0.074700 0.085200 0.049000 0.124900 0.075000 0.071700
Yak 0.144200 0.292700 0.086500 0.250900 0.113700 0.137200 0.120600 0.147700 0.080000 0.163800 0.137500 0.080100 0.120500 0.130800 0.145300 0.127400 0.163800 0.168100 0.120000 0.083200 0.134000 0.140700 0.148800 0.141800 0.130600 0.123900 0.123500 0.073600 0.134200 0.079800 0.163800 0.127300 0.145600 0.127200 0.113800 0.000000 0.123600 0.120500 0.120200 0.149100 0.163200 0.130700 0.160100 0.145000 0.011800 0.137900 0.127100 0.149000 0.120300 0.143900 0.073600 0.076800
BlueSheep 0.048700 0.265900 0.094000 0.234500 0.042100 0.042100 0.048900 0.077600 0.077700 0.122700 0.017800 0.094400 0.045700 0.048800 0.078100 0.058400 0.140400 0.140800 0.039400 0.087500 0.058200 0.039300 0.108400 0.105100 0.017900 0.048900 0.042400 0.084400 0.058400 0.084000 0.122700 0.045800 0.098700 0.045700 0.039500 0.123600 0.000000 0.048900 0.055000 0.115600 0.122300 0.049000 0.119100 0.105200 0.123300 0.077800 0.067900 0.075000 0.045700 0.134700 0.077900 0.081200
BohorReedb 0.067900 0.246400 0.097600 0.219600 0.017900 0.067800 0.058400 0.071400 0.068200 0.137300 0.054500 0.091400 0.058500 0.061600 0.078400 0.058700 0.137500 0.141600 0.064800 0.084500 0.061600 0.071200 0.108900 0.119400 0.061600 0.055400 0.055100 0.074900 0.065000 0.081000 0.137300 0.065100 0.102600 0.058400 0.058600 0.120500 0.048900 0.000000 0.064700 0.130500 0.122900 0.055500 0.133600 0.119400 0.120100 0.078100 0.071400 0.072000 0.058500 0.124800 0.074900 0.078200
KirksDik 0.083800 0.261200 0.104000 0.233900 0.061500 0.077200 0.061400 0.067800 0.087500 0.143900 0.067800 0.111200 0.067900 0.055000 0.081200 0.048900 0.158300 0.158800 0.071100 0.097400 0.042400 0.083800 0.125600 0.125800 0.067800 0.039500 0.064400 0.094300 0.048800 0.093800 0.143900 0.058400 0.119200 0.067800 0.064800 0.120200 0.055000 0.064700 0.000000 0.136600 0.139800 0.039500 0.140200 0.125900 0.119900 0.080900 0.051900 0.078100 0.051900 0.159400 0.087700 0.084400
RoeDeer 0.132900 0.260800 0.132600 0.216800 0.115900 0.125800 0.109200 0.154600 0.108800 0.046500 0.129700 0.122700 0.112600 0.108900 0.134400 0.133700 0.117400 0.114400 0.112300 0.097800 0.133300 0.125900 0.036900 0.030200 0.122900 0.123000 0.115500 0.108900 0.133600 0.115100 0.046600 0.119800 0.083100 0.119800 0.099000 0.149100 0.115600 0.130500 0.136600 0.000000 0.050100 0.130500 0.043300 0.024400 0.155700 0.144400 0.147600 0.159800 0.105800 0.115300 0.115800 0.112400
WhiteLippe 0.125700 0.261200 0.139500 0.201600 0.122800 0.125500 0.129800 0.147300 0.115500 0.042200 0.122600 0.129500 0.119300 0.115600 0.134000 0.126500 0.120800 0.117800 0.133000 0.112000 0.133000 0.132900 0.012100 0.049500 0.129500 0.129800 0.115300 0.115500 0.140400 0.121800 0.043100 0.126700 0.079700 0.112300 0.119600 0.163200 0.122300 0.122900 0.139800 0.050100 0.000000 0.130100 0.039900 0.043100 0.162600 0.137000 0.147300 0.159400 0.112400 0.122000 0.122600 0.119100
ThomsonGaz 0.074500 0.270500 0.101300 0.239200 0.055500 0.068000 0.055400 0.064800 0.084800 0.137700 0.061800 0.101300 0.052300 0.049000 0.071600 0.021100 0.148500 0.149000 0.064800 0.094700 0.039600 0.077800 0.116000 0.119700 0.061800 0.006000 0.048900 0.091200 0.021100 0.091000 0.137700 0.045900 0.106200 0.052200 0.058800 0.130700 0.049000 0.055500 0.039500 0.130500 0.130100 0.000000 0.134000 0.119300 0.130700 0.068100 0.042800 0.075000 0.045800 0.149600 0.084700 0.088000
MuntiacusC 0.129400 0.274200 0.143400 0.220900 0.126400 0.122300 0.126500 0.158400 0.119200 0.003000 0.126100 0.126300 0.116100 0.108600 0.138000 0.137300 0.120400 0.124500 0.126200 0.115000 0.136900 0.129500 0.030600 0.043000 0.126200 0.133600 0.119100 0.119300 0.144300 0.125600 0.003000 0.130400 0.089700 0.122900 0.109400 0.160100 0.119100 0.133600 0.140200 0.043300 0.039900 0.134000 0.000000 0.030600 0.159500 0.137300 0.151300 0.155500 0.109200 0.125800 0.126400 0.122900
WhiteTaile 0.122200 0.247600 0.122000 0.204100 0.105400 0.115200 0.105500 0.143200 0.098400 0.033700 0.119000 0.111900 0.102200 0.098600 0.123200 0.123000 0.106700 0.110600 0.108400 0.095100 0.122600 0.115400 0.030500 0.024300 0.112100 0.112400 0.105100 0.098200 0.122800 0.104800 0.033700 0.102000 0.072900 0.108900 0.088800 0.145000 0.105200 0.119400 0.125900 0.024400 0.043100 0.119300 0.030600 0.000000 0.152100 0.133100 0.136800 0.148100 0.095100 0.104900 0.105100 0.101700
Cattle 0.143800 0.297300 0.092800 0.251000 0.120100 0.136800 0.127200 0.147700 0.086300 0.163300 0.137100 0.080100 0.120100 0.130400 0.145300 0.133900 0.166900 0.171200 0.126900 0.089600 0.133600 0.140200 0.148200 0.148400 0.137200 0.130400 0.123100 0.080100 0.140800 0.085700 0.163300 0.134300 0.152300 0.126900 0.120300 0.011800 0.123300 0.120100 0.119900 0.155700 0.162600 0.130700 0.159500 0.152100 0.000000 0.137900 0.126700 0.149000 0.120300 0.154300 0.080100 0.083300
RoyalAntel 0.097500 0.287800 0.118200 0.255600 0.078000 0.084200 0.078000 0.100600 0.101400 0.141000 0.084400 0.101500 0.077900 0.064800 0.094600 0.081200 0.162900 0.163500 0.087500 0.111400 0.080900 0.094200 0.122700 0.133500 0.084500 0.071400 0.074400 0.094600 0.081200 0.107800 0.141000 0.071400 0.130300 0.077900 0.081400 0.137900 0.077800 0.078100 0.080900 0.144400 0.137000 0.068100 0.137300 0.133100 0.137900 0.000000 0.087600 0.098200 0.061500 0.156900 0.088000 0.104700
Steenbok 0.093900 0.278700 0.104200 0.230900 0.071300 0.087200 0.071200 0.077700 0.087700 0.155100 0.081000 0.104600 0.071300 0.067900 0.084700 0.058500 0.155000 0.162900 0.084300 0.097600 0.052000 0.093900 0.132900 0.136700 0.081000 0.049000 0.067800 0.094500 0.058500 0.094000 0.155100 0.065000 0.116100 0.071200 0.074700 0.127100 0.067900 0.071400 0.051900 0.147600 0.147300 0.042800 0.151300 0.136800 0.126700 0.087600 0.000000 0.084800 0.064800 0.156100 0.087900 0.091200
Impala 0.098000 0.280400 0.118700 0.236200 0.071900 0.091300 0.075100 0.084500 0.101800 0.152000 0.088300 0.118900 0.091700 0.074700 0.101900 0.078400 0.152000 0.159800 0.088000 0.111900 0.078100 0.098000 0.144700 0.148600 0.088300 0.075100 0.088000 0.101700 0.085000 0.108200 0.152000 0.084900 0.141800 0.091600 0.085200 0.149000 0.075000 0.072000 0.078100 0.159800 0.159400 0.075000 0.155500 0.148100 0.149000 0.098200 0.084800 0.000000 0.074800 0.146700 0.095100 0.105100
Klipspring 0.071100 0.257800 0.091100 0.230600 0.052100 0.064600 0.045800 0.080600 0.074800 0.112700 0.058400 0.091200 0.055300 0.033300 0.061800 0.055300 0.130500 0.130900 0.055100 0.084500 0.055100 0.067800 0.098700 0.095400 0.058400 0.045800 0.051900 0.074700 0.055300 0.081000 0.112700 0.042600 0.095700 0.055300 0.049000 0.120300 0.045700 0.058500 0.051900 0.105800 0.112400 0.045800 0.109200 0.095100 0.120300 0.061500 0.064800 0.074800 0.000000 0.131900 0.074700 0.078000
ForestMusk 0.148600 0.279400 0.127600 0.225300 0.117800 0.134600 0.131600 0.159800 0.114100 0.129400 0.148900 0.121400 0.138600 0.142000 0.164600 0.152800 0.122400 0.126400 0.138400 0.104000 0.145300 0.152200 0.108200 0.115100 0.141900 0.142000 0.134600 0.107700 0.152700 0.113800 0.129400 0.146100 0.105100 0.138500 0.124900 0.143900 0.134700 0.124800 0.159400 0.115300 0.122000 0.149600 0.125800 0.104900 0.154300 0.156900 0.156100 0.146700 0.131900 0.000000 0.114400 0.111000
Bushbuck 0.091000 0.245800 0.027000 0.206600 0.068300 0.090900 0.081400 0.094300 0.011900 0.130000 0.091200 0.067900 0.081400 0.084600 0.098300 0.088100 0.136900 0.133900 0.081100 0.021000 0.087800 0.101000 0.108600 0.102000 0.084600 0.078100 0.077800 0.011900 0.088000 0.017900 0.130000 0.081400 0.102200 0.081300 0.075000 0.073600 0.077900 0.074900 0.087700 0.115800 0.122600 0.084700 0.126400 0.105100 0.080100 0.088000 0.087900 0.095100 0.074700 0.114400 0.000000 0.014900
GreaterKud 0.094300 0.240600 0.024000 0.210400 0.071600 0.094200 0.084700 0.104300 0.008900 0.126500 0.094500 0.077400 0.078200 0.088000 0.094700 0.091400 0.126500 0.123500 0.084300 0.011900 0.091100 0.104400 0.105300 0.098600 0.087900 0.081400 0.074600 0.008800 0.091300 0.008900 0.126500 0.084700 0.098800 0.078100 0.071700 0.076800 0.081200 0.078200 0.084400 0.112400 0.119100 0.088000 0.122900 0.101700 0.083300 0.104700 0.091200 0.105100 0.078000 0.111000 0.014900 0.000000
