CODONML (in paml version 4.10.7, June 2023)  /home/rachel/ruminants_paml/6406-phy-tree/ENSBTAT00000003249.fasta.phy
Model: free dN/dS Ratios for branches,  kappa = 2.000 fixed

Codon frequency model: F3x4
ns =  54  ls =  98

Codon usage in sequences
--------------------------------------------------------------------------------------------------------------------------------------
Phe TTT   0   0   0   0   0   0 | Ser TCT   0   0   0   0   0   0 | Tyr TAT   0   0   0   0   0   0 | Cys TGT   2   2   2   2   2   2
    TTC   0   0   0   0   0   0 |     TCC   1   0   1   0   0   0 |     TAC   1   1   1   1   1   1 |     TGC   3   3   3   3   3   3
Leu TTA   0   0   0   0   0   0 |     TCA   0   0   0   1   0   0 | *** TAA   0   0   0   0   0   0 | *** TGA   0   0   0   0   0   0
    TTG   2   1   1   1   2   1 |     TCG   1   2   1   1   2   2 |     TAG   0   0   0   0   0   0 | Trp TGG   1   1   1   1   1   1
--------------------------------------------------------------------------------------------------------------------------------------
Leu CTT   2   3   2   2   1   4 | Pro CCT   0   1   0   0   0   0 | His CAT   0   0   0   0   0   0 | Arg CGT   0   0   0   0   0   0
    CTC   8   7   8   8   9   7 |     CCC   1   0   1   1   1   1 |     CAC   2   2   2   2   2   2 |     CGC   7   6   7   7   6   7
    CTA   2   2   2   2   2   1 |     CCA   0   0   0   0   2   0 | Gln CAA   0   0   0   0   0   0 |     CGA   1   1   1   1   2   1
    CTG   5   6   6   6   5   6 |     CCG   2   2   2   2   0   2 |     CAG   5   5   5   5   4   5 |     CGG   1   2   1   1   1   1
--------------------------------------------------------------------------------------------------------------------------------------
Ile ATT   0   0   0   0   0   0 | Thr ACT   0   0   1   0   0   0 | Asn AAT   1   1   1   1   2   1 | Ser AGT   0   0   0   0   0   0
    ATC   2   1   2   2   2   1 |     ACC   2   3   1   2   2   2 |     AAC   2   2   2   2   1   2 |     AGC   3   2   2   2   1   2
    ATA   0   0   0   0   0   0 |     ACA   1   0   1   1   0   0 | Lys AAA   0   0   0   0   0   0 | Arg AGA   0   0   0   0   0   0
Met ATG   0   0   0   0   0   0 |     ACG   0   0   0   0   0   0 |     AAG   1   1   1   1   1   1 |     AGG   1   1   1   1   1   1
--------------------------------------------------------------------------------------------------------------------------------------
Val GTT   0   0   0   0   0   1 | Ala GCT   2   3   2   2   3   2 | Asp GAT   3   3   3   3   2   2 | Gly GGT   1   2   1   1   1   1
    GTC   3   3   3   3   4   4 |     GCC   5   5   5   5   5   4 |     GAC   5   5   5   5   6   6 |     GGC   2   3   3   3   4   4
    GTA   2   3   3   3   1   1 |     GCA   1   3   1   1   1   3 | Glu GAA   1   1   1   1   2   2 |     GGA   1   1   1   1   1   1
    GTG   1   1   0   0   2   2 |     GCG   4   1   4   4   4   3 |     GAG   4   4   4   4   4   3 |     GGG   3   2   3   3   2   2
--------------------------------------------------------------------------------------------------------------------------------------

--------------------------------------------------------------------------------------------------------------------------------------
Phe TTT   0   0   0   0   0   0 | Ser TCT   0   0   0   0   0   0 | Tyr TAT   0   0   0   0   0   0 | Cys TGT   3   2   3   2   2   2
    TTC   0   0   0   0   0   0 |     TCC   1   1   1   1   1   0 |     TAC   1   1   1   1   1   1 |     TGC   2   3   2   3   3   3
Leu TTA   0   0   0   0   0   0 |     TCA   0   0   0   0   0   1 | *** TAA   0   0   0   0   0   0 | *** TGA   0   0   0   0   0   0
    TTG   1   2   1   1   1   1 |     TCG   1   1   1   1   1   1 |     TAG   0   0   0   0   0   0 | Trp TGG   1   1   1   1   1   1
--------------------------------------------------------------------------------------------------------------------------------------
Leu CTT   2   2   2   2   2   2 | Pro CCT   0   0   0   0   0   0 | His CAT   0   0   0   0   0   0 | Arg CGT   0   0   0   0   0   0
    CTC   8   8   7   8   8   8 |     CCC   1   1   1   1   1   1 |     CAC   2   2   2   2   2   2 |     CGC   7   7   7   7   7   7
    CTA   2   2   3   2   2   2 |     CCA   0   0   0   0   0   0 | Gln CAA   0   0   0   0   0   0 |     CGA   1   1   1   1   1   1
    CTG   6   5   6   6   6   6 |     CCG   2   2   2   2   2   2 |     CAG   5   5   5   5   5   5 |     CGG   1   1   1   1   1   1
--------------------------------------------------------------------------------------------------------------------------------------
Ile ATT   0   0   0   0   0   0 | Thr ACT   0   0   0   0   0   0 | Asn AAT   1   1   1   1   1   0 | Ser AGT   0   0   0   0   0   0
    ATC   2   2   2   2   2   3 |     ACC   1   2   2   2   2   1 |     AAC   2   2   2   2   2   3 |     AGC   2   3   2   2   2   2
    ATA   0   0   0   0   0   0 |     ACA   2   1   1   1   1   1 | Lys AAA   0   0   0   0   1   0 | Arg AGA   0   0   0   0   0   0
Met ATG   0   0   0   0   0   0 |     ACG   0   0   0   0   0   0 |     AAG   1   1   1   1   1   1 |     AGG   1   1   1   1   1   1
--------------------------------------------------------------------------------------------------------------------------------------
Val GTT   0   0   1   0   0   0 | Ala GCT   2   2   2   2   2   2 | Asp GAT   3   3   3   3   3   3 | Gly GGT   1   1   1   1   1   1
    GTC   3   3   2   3   3   3 |     GCC   5   5   5   5   5   5 |     GAC   5   5   5   5   5   5 |     GGC   3   2   3   3   3   3
    GTA   2   2   2   2   3   3 |     GCA   1   1   1   1   1   2 | Glu GAA   1   1   1   1   0   1 |     GGA   1   1   2   1   1   1
    GTG   1   1   1   1   0   0 |     GCG   4   4   4   4   4   3 |     GAG   4   4   4   4   4   4 |     GGG   3   3   2   3   3   3
--------------------------------------------------------------------------------------------------------------------------------------

--------------------------------------------------------------------------------------------------------------------------------------
Phe TTT   0   0   0   0   0   0 | Ser TCT   0   0   0   0   0   0 | Tyr TAT   0   0   0   0   0   0 | Cys TGT   2   2   2   2   2   2
    TTC   0   0   0   0   0   0 |     TCC   1   1   2   1   1   1 |     TAC   1   1   1   1   1   1 |     TGC   3   3   3   3   3   3
Leu TTA   0   0   0   1   0   0 |     TCA   0   0   0   0   0   0 | *** TAA   0   0   0   0   0   0 | *** TGA   0   0   0   0   0   0
    TTG   2   2   1   1   1   2 |     TCG   1   1   0   1   1   1 |     TAG   0   0   0   0   0   0 | Trp TGG   1   1   1   1   1   1
--------------------------------------------------------------------------------------------------------------------------------------
Leu CTT   3   2   2   2   3   2 | Pro CCT   0   0   0   0   0   0 | His CAT   0   0   0   0   1   0 | Arg CGT   0   0   0   0   0   0
    CTC   7   8   8   7   7   8 |     CCC   1   1   1   1   1   1 |     CAC   2   2   2   2   1   2 |     CGC   6   7   7   7   7   7
    CTA   2   2   2   2   3   2 |     CCA   0   0   0   0   0   0 | Gln CAA   0   0   0   0   0   0 |     CGA   2   1   1   1   0   1
    CTG   5   5   6   6   5   5 |     CCG   2   2   2   2   2   2 |     CAG   5   5   5   5   5   5 |     CGG   1   1   1   1   1   1
--------------------------------------------------------------------------------------------------------------------------------------
Ile ATT   0   0   1   0   0   0 | Thr ACT   1   0   0   0   0   0 | Asn AAT   1   1   1   1   1   1 | Ser AGT   1   0   0   0   0   0
    ATC   2   2   1   2   2   2 |     ACC   1   2   2   2   2   2 |     AAC   2   2   2   2   2   2 |     AGC   2   2   2   2   2   2
    ATA   0   0   0   0   0   0 |     ACA   1   1   1   1   1   1 | Lys AAA   0   0   0   0   0   0 | Arg AGA   0   0   0   0   1   0
Met ATG   0   0   0   0   0   0 |     ACG   0   0   0   0   0   0 |     AAG   1   2   1   1   1   1 |     AGG   1   0   1   1   1   1
--------------------------------------------------------------------------------------------------------------------------------------
Val GTT   0   0   0   0   0   0 | Ala GCT   2   2   2   2   2   2 | Asp GAT   3   3   3   3   3   2 | Gly GGT   1   1   1   1   1   1
    GTC   3   3   3   3   3   3 |     GCC   5   5   5   5   5   5 |     GAC   5   5   5   5   5   6 |     GGC   2   3   3   3   3   3
    GTA   2   3   2   2   3   2 |     GCA   1   1   1   1   2   1 | Glu GAA   1   2   1   1   1   1 |     GGA   1   1   1   1   1   1
    GTG   1   0   1   1   0   1 |     GCG   4   4   4   4   3   4 |     GAG   4   3   4   4   4   4 |     GGG   3   3   3   3   3   3
--------------------------------------------------------------------------------------------------------------------------------------

--------------------------------------------------------------------------------------------------------------------------------------
Phe TTT   0   0   0   0   0   0 | Ser TCT   0   0   0   0   0   0 | Tyr TAT   0   0   0   0   0   0 | Cys TGT   2   2   2   2   2   2
    TTC   0   0   0   0   0   0 |     TCC   0   0   1   1   1   1 |     TAC   1   1   1   1   1   1 |     TGC   3   3   3   3   3   3
Leu TTA   0   0   0   0   0   0 |     TCA   1   1   0   0   0   0 | *** TAA   0   0   0   0   0   0 | *** TGA   0   0   0   0   0   0
    TTG   1   1   1   1   1   2 |     TCG   1   1   1   1   1   1 |     TAG   0   0   0   0   0   0 | Trp TGG   1   1   1   1   1   1
--------------------------------------------------------------------------------------------------------------------------------------
Leu CTT   3   2   2   2   2   2 | Pro CCT   0   0   0   0   0   0 | His CAT   0   0   0   0   0   0 | Arg CGT   0   0   0   0   0   0
    CTC   7   8   8   8   8   8 |     CCC   1   1   1   1   1   1 |     CAC   2   2   2   2   2   2 |     CGC   7   7   7   7   7   7
    CTA   2   2   2   2   2   2 |     CCA   0   0   0   0   0   0 | Gln CAA   0   0   0   0   0   0 |     CGA   1   1   1   1   1   1
    CTG   6   6   6   6   6   5 |     CCG   2   2   2   2   2   2 |     CAG   5   5   5   5   5   5 |     CGG   1   1   1   1   1   1
--------------------------------------------------------------------------------------------------------------------------------------
Ile ATT   1   1   0   0   0   0 | Thr ACT   1   1   1   0   0   0 | Asn AAT   1   1   1   1   1   1 | Ser AGT   0   0   0   0   0   0
    ATC   1   1   2   2   2   2 |     ACC   1   1   1   2   2   2 |     AAC   2   2   2   2   2   2 |     AGC   2   2   2   2   2   3
    ATA   0   0   0   0   0   0 |     ACA   1   1   1   1   1   1 | Lys AAA   0   0   0   0   0   0 | Arg AGA   0   0   0   0   0   0
Met ATG   0   0   0   0   0   0 |     ACG   0   0   0   0   0   0 |     AAG   1   1   1   1   1   1 |     AGG   1   1   1   1   1   1
--------------------------------------------------------------------------------------------------------------------------------------
Val GTT   0   0   0   0   0   0 | Ala GCT   2   2   2   2   2   3 | Asp GAT   3   3   3   3   3   3 | Gly GGT   1   1   0   1   1   1
    GTC   3   3   3   3   3   3 |     GCC   5   5   5   5   5   5 |     GAC   5   5   5   5   5   5 |     GGC   3   3   3   3   3   2
    GTA   3   3   2   3   2   2 |     GCA   1   2   1   1   1   1 | Glu GAA   1   1   1   1   1   1 |     GGA   1   1   1   1   1   1
    GTG   0   0   1   0   1   1 |     GCG   4   3   4   4   4   3 |     GAG   4   4   4   4   4   4 |     GGG   3   3   4   3   3   3
--------------------------------------------------------------------------------------------------------------------------------------

--------------------------------------------------------------------------------------------------------------------------------------
Phe TTT   0   0   0   0   0   0 | Ser TCT   0   0   0   0   0   0 | Tyr TAT   0   0   0   0   0   0 | Cys TGT   2   2   2   2   2   2
    TTC   0   0   0   0   0   0 |     TCC   0   0   1   1   2   1 |     TAC   1   1   1   1   1   1 |     TGC   3   3   3   3   3   3
Leu TTA   0   0   0   0   0   0 |     TCA   1   1   0   0   0   0 | *** TAA   0   0   0   0   0   0 | *** TGA   0   0   0   0   0   0
    TTG   1   1   2   2   1   1 |     TCG   1   1   1   1   0   1 |     TAG   0   0   0   0   0   0 | Trp TGG   1   1   1   1   1   1
--------------------------------------------------------------------------------------------------------------------------------------
Leu CTT   3   2   3   2   2   2 | Pro CCT   0   0   0   0   0   0 | His CAT   0   0   0   0   0   0 | Arg CGT   0   1   0   0   0   0
    CTC   7   8   7   8   8   8 |     CCC   1   1   1   1   1   1 |     CAC   2   2   2   2   2   2 |     CGC   7   6   7   7   7   7
    CTA   2   2   2   2   2   2 |     CCA   0   0   0   0   0   0 | Gln CAA   0   0   0   0   0   0 |     CGA   1   1   1   2   1   2
    CTG   6   7   5   5   6   6 |     CCG   2   2   2   2   2   2 |     CAG   5   4   5   5   5   5 |     CGG   1   1   1   0   1   0
--------------------------------------------------------------------------------------------------------------------------------------
Ile ATT   0   0   0   0   1   0 | Thr ACT   0   0   1   0   0   0 | Asn AAT   0   0   1   1   1   1 | Ser AGT   0   0   1   0   0   0
    ATC   2   2   2   2   1   2 |     ACC   2   2   1   2   2   2 |     AAC   3   3   2   2   2   2 |     AGC   2   2   2   2   2   2
    ATA   0   0   0   0   0   0 |     ACA   1   1   1   1   1   1 | Lys AAA   0   0   0   0   0   0 | Arg AGA   0   0   0   0   0   0
Met ATG   0   0   0   0   0   0 |     ACG   0   0   0   0   0   0 |     AAG   1   1   1   1   1   1 |     AGG   1   1   1   1   1   1
--------------------------------------------------------------------------------------------------------------------------------------
Val GTT   0   0   0   0   0   0 | Ala GCT   2   2   2   2   2   2 | Asp GAT   3   3   3   3   3   3 | Gly GGT   1   1   2   1   1   1
    GTC   3   3   3   3   3   3 |     GCC   5   5   5   5   5   5 |     GAC   5   5   5   5   5   5 |     GGC   3   3   1   3   3   3
    GTA   3   3   2   2   2   3 |     GCA   2   2   1   2   1   1 | Glu GAA   1   1   1   1   1   1 |     GGA   1   1   1   1   1   1
    GTG   0   0   1   1   1   0 |     GCG   3   3   4   3   4   4 |     GAG   4   4   4   4   4   4 |     GGG   3   3   3   3   3   3
--------------------------------------------------------------------------------------------------------------------------------------

--------------------------------------------------------------------------------------------------------------------------------------
Phe TTT   0   0   0   0   0   0 | Ser TCT   0   0   0   0   0   0 | Tyr TAT   0   0   0   0   0   0 | Cys TGT   2   2   2   2   2   2
    TTC   0   0   0   0   0   0 |     TCC   1   1   0   1   0   2 |     TAC   1   1   1   1   1   1 |     TGC   3   3   3   3   3   3
Leu TTA   0   0   0   0   0   0 |     TCA   0   0   1   0   1   0 | *** TAA   0   0   0   0   0   0 | *** TGA   0   0   0   0   0   0
    TTG   1   1   1   1   1   1 |     TCG   1   1   1   1   1   0 |     TAG   0   0   0   0   0   0 | Trp TGG   1   1   1   1   1   1
--------------------------------------------------------------------------------------------------------------------------------------
Leu CTT   2   2   2   2   2   2 | Pro CCT   0   0   0   0   1   0 | His CAT   0   0   0   0   0   0 | Arg CGT   0   0   0   0   0   0
    CTC   8   8   8   7   8   8 |     CCC   1   1   1   1   1   1 |     CAC   2   2   2   2   2   2 |     CGC   7   7   7   7   7   7
    CTA   2   2   2   3   2   2 |     CCA   0   0   0   0   0   0 | Gln CAA   0   0   0   0   0   0 |     CGA   1   1   1   1   0   1
    CTG   6   6   6   6   6   6 |     CCG   2   2   2   2   1   2 |     CAG   5   5   5   5   5   5 |     CGG   1   1   1   1   1   1
--------------------------------------------------------------------------------------------------------------------------------------
Ile ATT   0   0   0   0   0   0 | Thr ACT   0   0   0   0   0   0 | Asn AAT   1   1   0   1   1   1 | Ser AGT   0   0   0   0   0   0
    ATC   2   2   3   2   1   2 |     ACC   2   2   1   2   2   2 |     AAC   2   2   3   2   2   2 |     AGC   2   2   2   2   2   2
    ATA   0   0   0   0   1   0 |     ACA   1   1   1   1   1   1 | Lys AAA   0   0   0   0   0   0 | Arg AGA   0   0   0   0   1   0
Met ATG   0   0   0   0   0   0 |     ACG   0   0   0   0   0   0 |     AAG   1   1   1   1   1   1 |     AGG   1   1   1   1   1   1
--------------------------------------------------------------------------------------------------------------------------------------
Val GTT   0   0   0   0   0   0 | Ala GCT   2   2   2   2   1   2 | Asp GAT   3   3   3   3   3   3 | Gly GGT   1   1   1   1   1   1
    GTC   3   3   3   3   3   3 |     GCC   5   5   5   5   5   5 |     GAC   5   5   5   5   5   5 |     GGC   3   3   3   3   3   3
    GTA   2   3   3   2   2   2 |     GCA   1   1   2   1   1   1 | Glu GAA   1   1   1   1   1   1 |     GGA   1   1   1   1   1   1
    GTG   1   0   0   1   1   1 |     GCG   4   4   3   4   5   4 |     GAG   4   4   4   4   4   4 |     GGG   3   3   3   3   3   3
--------------------------------------------------------------------------------------------------------------------------------------

--------------------------------------------------------------------------------------------------------------------------------------
Phe TTT   0   0   0   0   0   0 | Ser TCT   0   0   0   0   0   0 | Tyr TAT   0   0   0   0   0   0 | Cys TGT   2   2   2   3   2   2
    TTC   0   0   0   0   0   0 |     TCC   2   1   1   1   1   0 |     TAC   1   1   1   1   1   1 |     TGC   3   3   3   2   3   3
Leu TTA   0   0   0   0   0   0 |     TCA   0   0   0   0   0   1 | *** TAA   0   0   0   0   0   0 | *** TGA   0   0   0   0   0   0
    TTG   1   1   2   1   1   1 |     TCG   0   1   1   1   1   1 |     TAG   0   0   0   0   0   0 | Trp TGG   1   1   1   1   1   1
--------------------------------------------------------------------------------------------------------------------------------------
Leu CTT   2   2   3   2   2   2 | Pro CCT   0   0   0   0   0   0 | His CAT   0   0   0   0   0   0 | Arg CGT   0   0   0   0   0   0
    CTC   8   8   7   8   8   7 |     CCC   1   1   1   1   1   1 |     CAC   2   2   2   2   2   2 |     CGC   7   7   7   7   7   7
    CTA   2   2   2   1   2   2 |     CCA   0   0   0   0   1   0 | Gln CAA   0   0   0   1   0   1 |     CGA   1   1   1   1   1   2
    CTG   6   6   5   7   6   7 |     CCG   2   2   2   2   1   2 |     CAG   5   5   5   4   5   4 |     CGG   1   1   1   1   1   0
--------------------------------------------------------------------------------------------------------------------------------------
Ile ATT   0   0   0   0   0   0 | Thr ACT   0   0   1   0   0   0 | Asn AAT   1   1   1   1   1   0 | Ser AGT   0   0   1   0   0   0
    ATC   1   2   2   2   2   2 |     ACC   2   2   1   1   2   2 |     AAC   2   2   2   2   2   3 |     AGC   2   2   2   2   2   2
    ATA   1   0   0   0   0   0 |     ACA   1   1   1   2   1   1 | Lys AAA   0   0   0   0   0   0 | Arg AGA   0   0   0   0   0   0
Met ATG   0   0   0   0   0   0 |     ACG   0   0   0   0   0   0 |     AAG   1   1   1   1   1   1 |     AGG   1   1   1   1   1   1
--------------------------------------------------------------------------------------------------------------------------------------
Val GTT   0   0   0   0   0   0 | Ala GCT   2   2   2   2   2   2 | Asp GAT   3   3   3   3   3   3 | Gly GGT   1   1   1   1   1   1
    GTC   3   3   3   3   3   3 |     GCC   5   5   5   5   5   5 |     GAC   5   5   5   5   5   5 |     GGC   3   3   2   3   3   3
    GTA   2   3   2   2   2   3 |     GCA   2   1   1   1   1   2 | Glu GAA   1   1   1   1   1   1 |     GGA   1   1   1   1   1   0
    GTG   1   0   1   1   1   0 |     GCG   3   4   4   4   4   3 |     GAG   4   4   4   4   4   4 |     GGG   3   3   3   3   3   4
--------------------------------------------------------------------------------------------------------------------------------------

--------------------------------------------------------------------------------------------------------------------------------------
Phe TTT   0   0   0   0   0   0 | Ser TCT   0   0   0   0   0   0 | Tyr TAT   0   0   0   0   0   0 | Cys TGT   2   2   2   2   2   2
    TTC   0   0   0   0   0   0 |     TCC   0   1   0   0   1   1 |     TAC   1   1   1   1   1   1 |     TGC   3   3   3   3   3   3
Leu TTA   0   0   0   0   0   0 |     TCA   1   0   1   1   0   0 | *** TAA   0   0   0   0   0   0 | *** TGA   0   0   0   0   0   0
    TTG   1   2   1   1   1   1 |     TCG   1   1   1   1   1   1 |     TAG   0   0   0   0   0   0 | Trp TGG   1   1   1   1   1   1
--------------------------------------------------------------------------------------------------------------------------------------
Leu CTT   3   2   2   2   2   2 | Pro CCT   0   0   0   0   0   0 | His CAT   0   0   0   0   0   0 | Arg CGT   0   0   0   1   0   0
    CTC   7   8   8   8   8   8 |     CCC   1   1   1   1   1   1 |     CAC   2   2   2   2   2   2 |     CGC   7   7   7   6   7   7
    CTA   2   2   2   2   2   3 |     CCA   0   0   0   0   0   0 | Gln CAA   0   0   0   0   0   0 |     CGA   1   1   1   2   1   1
    CTG   6   5   6   6   6   5 |     CCG   2   2   2   2   2   2 |     CAG   5   5   5   5   5   5 |     CGG   1   1   1   0   1   1
--------------------------------------------------------------------------------------------------------------------------------------
Ile ATT   0   0   0   0   0   0 | Thr ACT   0   0   0   0   0   0 | Asn AAT   0   1   0   0   1   1 | Ser AGT   0   0   0   0   0   0
    ATC   2   2   3   2   2   2 |     ACC   2   2   1   2   2   2 |     AAC   3   2   3   3   3   2 |     AGC   2   2   2   2   1   2
    ATA   1   0   0   0   0   0 |     ACA   1   1   1   1   1   1 | Lys AAA   0   0   0   0   0   0 | Arg AGA   0   0   0   0   0   0
Met ATG   0   0   0   0   0   0 |     ACG   0   0   0   0   0   0 |     AAG   1   1   1   1   1   1 |     AGG   1   1   1   1   1   1
--------------------------------------------------------------------------------------------------------------------------------------
Val GTT   0   0   0   0   0   0 | Ala GCT   2   2   2   3   2   3 | Asp GAT   3   3   3   3   3   3 | Gly GGT   1   1   1   1   1   1
    GTC   3   3   3   3   3   3 |     GCC   5   5   5   4   5   4 |     GAC   5   5   5   5   5   5 |     GGC   3   3   3   3   3   3
    GTA   2   2   3   3   3   2 |     GCA   2   1   2   2   1   1 | Glu GAA   1   1   1   1   1   1 |     GGA   1   1   1   1   1   1
    GTG   0   1   0   0   0   1 |     GCG   3   4   3   3   4   4 |     GAG   4   4   4   4   4   4 |     GGG   3   3   3   3   3   3
--------------------------------------------------------------------------------------------------------------------------------------

--------------------------------------------------------------------------------------------------------------------------------------
Phe TTT   0   0   0   0   0   0 | Ser TCT   0   0   0   0   0   0 | Tyr TAT   0   0   0   0   0   0 | Cys TGT   2   2   2   2   2   2
    TTC   0   0   0   0   0   0 |     TCC   1   1   1   0   1   1 |     TAC   1   1   1   1   1   1 |     TGC   3   3   3   3   3   3
Leu TTA   0   0   0   0   0   0 |     TCA   0   0   0   1   0   0 | *** TAA   0   0   0   0   0   0 | *** TGA   0   0   0   0   0   0
    TTG   1   1   1   1   1   1 |     TCG   1   1   1   1   1   1 |     TAG   0   0   0   0   0   0 | Trp TGG   1   1   1   1   1   1
--------------------------------------------------------------------------------------------------------------------------------------
Leu CTT   2   2   2   2   2   2 | Pro CCT   0   0   0   0   0   0 | His CAT   0   0   0   0   0   0 | Arg CGT   0   1   1   0   0   0
    CTC   8   8   8   8   8   8 |     CCC   1   1   1   1   1   1 |     CAC   2   2   2   2   2   2 |     CGC   7   6   6   7   7   7
    CTA   2   3   2   2   2   2 |     CCA   0   1   1   0   0   0 | Gln CAA   0   0   0   0   0   0 |     CGA   1   1   1   1   1   1
    CTG   6   5   6   6   6   6 |     CCG   2   1   1   2   2   2 |     CAG   5   5   5   5   5   5 |     CGG   1   1   1   1   1   1
--------------------------------------------------------------------------------------------------------------------------------------
Ile ATT   0   0   0   0   0   0 | Thr ACT   0   0   1   0   0   0 | Asn AAT   1   1   1   1   1   1 | Ser AGT   0   0   0   0   0   0
    ATC   2   2   2   2   2   2 |     ACC   2   2   1   2   2   2 |     AAC   2   2   2   2   2   2 |     AGC   2   2   2   2   2   2
    ATA   0   0   0   0   0   0 |     ACA   1   1   1   1   1   1 | Lys AAA   0   0   0   0   0   0 | Arg AGA   0   0   0   0   0   0
Met ATG   0   0   0   0   0   0 |     ACG   0   0   0   0   0   0 |     AAG   1   1   1   1   1   1 |     AGG   1   1   1   1   1   1
--------------------------------------------------------------------------------------------------------------------------------------
Val GTT   0   0   0   0   0   0 | Ala GCT   2   2   3   2   2   2 | Asp GAT   3   3   3   3   3   3 | Gly GGT   1   1   1   1   1   1
    GTC   3   3   3   3   3   3 |     GCC   5   5   4   5   5   5 |     GAC   5   5   5   5   5   5 |     GGC   3   3   3   3   3   3
    GTA   3   2   2   3   3   3 |     GCA   1   1   2   1   1   1 | Glu GAA   1   1   1   1   1   1 |     GGA   1   1   1   1   1   1
    GTG   0   1   1   0   0   0 |     GCG   4   4   3   4   4   4 |     GAG   4   4   4   4   4   4 |     GGG   3   3   3   3   3   3
--------------------------------------------------------------------------------------------------------------------------------------

Codon position x base (3x4) table for each sequence.

#1: Argali         
position  1:    T:0.11224    C:0.36735    A:0.13265    G:0.38776
position  2:    T:0.27551    C:0.20408    A:0.25510    G:0.26531
position  3:    T:0.11224    C:0.47959    A:0.09184    G:0.31633
Average         T:0.16667    C:0.35034    A:0.15986    G:0.32313

#2: LesserMouseDeer
position  1:    T:0.10204    C:0.37755    A:0.11224    G:0.40816
position  2:    T:0.27551    C:0.20408    A:0.25510    G:0.26531
position  3:    T:0.15306    C:0.43878    A:0.11224    G:0.29592
Average         T:0.17687    C:0.34014    A:0.15986    G:0.32313

#3: LesserKudu     
position  1:    T:0.10204    C:0.37755    A:0.12245    G:0.39796
position  2:    T:0.27551    C:0.20408    A:0.25510    G:0.26531
position  3:    T:0.12245    C:0.46939    A:0.10204    G:0.30612
Average         T:0.16667    C:0.35034    A:0.15986    G:0.32313

#4: ForestMuskDeer2
position  1:    T:0.10204    C:0.37755    A:0.12245    G:0.39796
position  2:    T:0.27551    C:0.20408    A:0.25510    G:0.26531
position  3:    T:0.11224    C:0.46939    A:0.11224    G:0.30612
Average         T:0.16327    C:0.35034    A:0.16327    G:0.32313

#5: Camel          
position  1:    T:0.11224    C:0.35714    A:0.10204    G:0.42857
position  2:    T:0.28571    C:0.20408    A:0.25510    G:0.25510
position  3:    T:0.11224    C:0.47959    A:0.11224    G:0.29592
Average         T:0.17007    C:0.34694    A:0.15646    G:0.32653

#6: KillerWhale    
position  1:    T:0.10204    C:0.37755    A:0.10204    G:0.41837
position  2:    T:0.28571    C:0.19388    A:0.25510    G:0.26531
position  3:    T:0.13265    C:0.46939    A:0.09184    G:0.30612
Average         T:0.17347    C:0.34694    A:0.14966    G:0.32993

#7: DefassaWaterbuck
position  1:    T:0.10204    C:0.37755    A:0.12245    G:0.39796
position  2:    T:0.27551    C:0.20408    A:0.25510    G:0.26531
position  3:    T:0.12245    C:0.45918    A:0.10204    G:0.31633
Average         T:0.16667    C:0.34694    A:0.15986    G:0.32653

#8: Sheep          
position  1:    T:0.11224    C:0.36735    A:0.13265    G:0.38776
position  2:    T:0.27551    C:0.20408    A:0.25510    G:0.26531
position  3:    T:0.11224    C:0.47959    A:0.09184    G:0.31633
Average         T:0.16667    C:0.35034    A:0.15986    G:0.32313

#9: MaxwellsDuiker 
position  1:    T:0.10204    C:0.37755    A:0.12245    G:0.39796
position  2:    T:0.27551    C:0.20408    A:0.25510    G:0.26531
position  3:    T:0.13265    C:0.44898    A:0.11224    G:0.30612
Average         T:0.17007    C:0.34354    A:0.16327    G:0.32313

#10: GazellaPrzewalskyi
position  1:    T:0.10204    C:0.37755    A:0.12245    G:0.39796
position  2:    T:0.27551    C:0.20408    A:0.25510    G:0.26531
position  3:    T:0.11224    C:0.47959    A:0.09184    G:0.31633
Average         T:0.16327    C:0.35374    A:0.15646    G:0.32653

#11: MountainNyala  
position  1:    T:0.10204    C:0.37755    A:0.13265    G:0.38776
position  2:    T:0.27551    C:0.20408    A:0.25510    G:0.26531
position  3:    T:0.11224    C:0.47959    A:0.10204    G:0.30612
Average         T:0.16327    C:0.35374    A:0.16327    G:0.31973

#12: MuntiacusMuntjak
position  1:    T:0.10204    C:0.37755    A:0.12245    G:0.39796
position  2:    T:0.28571    C:0.19388    A:0.25510    G:0.26531
position  3:    T:0.10204    C:0.47959    A:0.12245    G:0.29592
Average         T:0.16327    C:0.35034    A:0.16667    G:0.31973

#13: goat           
position  1:    T:0.11224    C:0.36735    A:0.13265    G:0.38776
position  2:    T:0.27551    C:0.20408    A:0.25510    G:0.26531
position  3:    T:0.14286    C:0.43878    A:0.10204    G:0.31633
Average         T:0.17687    C:0.33673    A:0.16327    G:0.32313

#14: AfricanBuffalo 
position  1:    T:0.11224    C:0.36735    A:0.12245    G:0.39796
position  2:    T:0.27551    C:0.20408    A:0.26531    G:0.25510
position  3:    T:0.11224    C:0.47959    A:0.11224    G:0.29592
Average         T:0.16667    C:0.35034    A:0.16667    G:0.31633

#15: Topi           
position  1:    T:0.10204    C:0.37755    A:0.12245    G:0.39796
position  2:    T:0.27551    C:0.20408    A:0.25510    G:0.26531
position  3:    T:0.12245    C:0.47959    A:0.09184    G:0.30612
Average         T:0.16667    C:0.35374    A:0.15646    G:0.32313

#16: CommonDuiker   
position  1:    T:0.11224    C:0.36735    A:0.12245    G:0.39796
position  2:    T:0.27551    C:0.20408    A:0.25510    G:0.26531
position  3:    T:0.11224    C:0.46939    A:0.10204    G:0.31633
Average         T:0.16667    C:0.34694    A:0.15986    G:0.32653

#17: Suni           
position  1:    T:0.10204    C:0.36735    A:0.13265    G:0.39796
position  2:    T:0.27551    C:0.20408    A:0.25510    G:0.26531
position  3:    T:0.13265    C:0.45918    A:0.12245    G:0.28571
Average         T:0.17007    C:0.34354    A:0.17007    G:0.31633

#18: Springbuck     
position  1:    T:0.11224    C:0.36735    A:0.12245    G:0.39796
position  2:    T:0.27551    C:0.20408    A:0.25510    G:0.26531
position  3:    T:0.10204    C:0.48980    A:0.09184    G:0.31633
Average         T:0.16327    C:0.35374    A:0.15646    G:0.32653

#19: Okapi          
position  1:    T:0.10204    C:0.37755    A:0.12245    G:0.39796
position  2:    T:0.27551    C:0.20408    A:0.25510    G:0.26531
position  3:    T:0.14286    C:0.43878    A:0.11224    G:0.30612
Average         T:0.17347    C:0.34014    A:0.16327    G:0.32313

#20: Giraffe        
position  1:    T:0.10204    C:0.37755    A:0.12245    G:0.39796
position  2:    T:0.27551    C:0.20408    A:0.25510    G:0.26531
position  3:    T:0.13265    C:0.44898    A:0.12245    G:0.29592
Average         T:0.17007    C:0.34354    A:0.16667    G:0.31973

#21: TibetanAntelope
position  1:    T:0.10204    C:0.37755    A:0.12245    G:0.39796
position  2:    T:0.27551    C:0.20408    A:0.25510    G:0.26531
position  3:    T:0.11224    C:0.46939    A:0.09184    G:0.32653
Average         T:0.16327    C:0.35034    A:0.15646    G:0.32993

#22: Sitatunga      
position  1:    T:0.10204    C:0.37755    A:0.12245    G:0.39796
position  2:    T:0.27551    C:0.20408    A:0.25510    G:0.26531
position  3:    T:0.11224    C:0.47959    A:0.10204    G:0.30612
Average         T:0.16327    C:0.35374    A:0.15986    G:0.32313

#23: Oribi          
position  1:    T:0.10204    C:0.37755    A:0.12245    G:0.39796
position  2:    T:0.27551    C:0.20408    A:0.25510    G:0.26531
position  3:    T:0.11224    C:0.47959    A:0.09184    G:0.31633
Average         T:0.16327    C:0.35374    A:0.15646    G:0.32653

#24: BarbarySheep   
position  1:    T:0.11224    C:0.36735    A:0.13265    G:0.38776
position  2:    T:0.27551    C:0.20408    A:0.25510    G:0.26531
position  3:    T:0.12245    C:0.47959    A:0.09184    G:0.30612
Average         T:0.17007    C:0.35034    A:0.15986    G:0.31973

#25: Daviddeer      
position  1:    T:0.10204    C:0.37755    A:0.12245    G:0.39796
position  2:    T:0.27551    C:0.20408    A:0.25510    G:0.26531
position  3:    T:0.11224    C:0.46939    A:0.12245    G:0.29592
Average         T:0.16327    C:0.35034    A:0.16667    G:0.31973

#26: Reindeer       
position  1:    T:0.10204    C:0.37755    A:0.12245    G:0.39796
position  2:    T:0.28571    C:0.20408    A:0.24490    G:0.26531
position  3:    T:0.11224    C:0.46939    A:0.12245    G:0.29592
Average         T:0.16667    C:0.35034    A:0.16327    G:0.31973

#27: Ibex           
position  1:    T:0.11224    C:0.36735    A:0.13265    G:0.38776
position  2:    T:0.27551    C:0.20408    A:0.25510    G:0.26531
position  3:    T:0.15306    C:0.43878    A:0.09184    G:0.31633
Average         T:0.18027    C:0.33673    A:0.15986    G:0.32313

#28: GyrantGazelle  
position  1:    T:0.11224    C:0.36735    A:0.12245    G:0.39796
position  2:    T:0.27551    C:0.20408    A:0.25510    G:0.26531
position  3:    T:0.11224    C:0.47959    A:0.11224    G:0.29592
Average         T:0.16667    C:0.35034    A:0.16327    G:0.31973

#29: Hartebeest     
position  1:    T:0.10204    C:0.37755    A:0.12245    G:0.39796
position  2:    T:0.27551    C:0.20408    A:0.25510    G:0.26531
position  3:    T:0.12245    C:0.47959    A:0.09184    G:0.30612
Average         T:0.16667    C:0.35374    A:0.15646    G:0.32313

#30: Bongo          
position  1:    T:0.10204    C:0.37755    A:0.12245    G:0.39796
position  2:    T:0.27551    C:0.20408    A:0.25510    G:0.26531
position  3:    T:0.11224    C:0.47959    A:0.11224    G:0.29592
Average         T:0.16327    C:0.35374    A:0.16327    G:0.31973

#31: Gerenuk        
position  1:    T:0.10204    C:0.37755    A:0.12245    G:0.39796
position  2:    T:0.27551    C:0.20408    A:0.25510    G:0.26531
position  3:    T:0.11224    C:0.47959    A:0.09184    G:0.31633
Average         T:0.16327    C:0.35374    A:0.15646    G:0.32653

#32: CommonEland    
position  1:    T:0.10204    C:0.37755    A:0.12245    G:0.39796
position  2:    T:0.27551    C:0.20408    A:0.25510    G:0.26531
position  3:    T:0.11224    C:0.47959    A:0.10204    G:0.30612
Average         T:0.16327    C:0.35374    A:0.15986    G:0.32313

#33: MuntiacusReevesi
position  1:    T:0.10204    C:0.37755    A:0.12245    G:0.39796
position  2:    T:0.28571    C:0.19388    A:0.25510    G:0.26531
position  3:    T:0.10204    C:0.47959    A:0.12245    G:0.29592
Average         T:0.16327    C:0.35034    A:0.16667    G:0.31973

#34: HarveysDuiker  
position  1:    T:0.10204    C:0.37755    A:0.12245    G:0.39796
position  2:    T:0.27551    C:0.20408    A:0.25510    G:0.26531
position  3:    T:0.11224    C:0.46939    A:0.10204    G:0.31633
Average         T:0.16327    C:0.35034    A:0.15986    G:0.32653

#35: Pronghorn      
position  1:    T:0.10204    C:0.36735    A:0.13265    G:0.39796
position  2:    T:0.27551    C:0.20408    A:0.25510    G:0.26531
position  3:    T:0.11224    C:0.45918    A:0.11224    G:0.31633
Average         T:0.16327    C:0.34354    A:0.16667    G:0.32653

#36: BlueWildebeest 
position  1:    T:0.10204    C:0.37755    A:0.12245    G:0.39796
position  2:    T:0.27551    C:0.20408    A:0.25510    G:0.26531
position  3:    T:0.11224    C:0.48980    A:0.09184    G:0.30612
Average         T:0.16327    C:0.35714    A:0.15646    G:0.32313

#37: Gemsbok        
position  1:    T:0.10204    C:0.37755    A:0.12245    G:0.39796
position  2:    T:0.27551    C:0.20408    A:0.25510    G:0.26531
position  3:    T:0.11224    C:0.47959    A:0.11224    G:0.29592
Average         T:0.16327    C:0.35374    A:0.16327    G:0.31973

#38: Yak            
position  1:    T:0.10204    C:0.37755    A:0.12245    G:0.39796
position  2:    T:0.27551    C:0.20408    A:0.25510    G:0.26531
position  3:    T:0.11224    C:0.47959    A:0.10204    G:0.30612
Average         T:0.16327    C:0.35374    A:0.15986    G:0.32313

#39: BlueSheep      
position  1:    T:0.11224    C:0.36735    A:0.13265    G:0.38776
position  2:    T:0.27551    C:0.20408    A:0.25510    G:0.26531
position  3:    T:0.14286    C:0.44898    A:0.09184    G:0.31633
Average         T:0.17687    C:0.34014    A:0.15986    G:0.32313

#40: BohorReedbuck  
position  1:    T:0.10204    C:0.37755    A:0.12245    G:0.39796
position  2:    T:0.27551    C:0.20408    A:0.25510    G:0.26531
position  3:    T:0.12245    C:0.45918    A:0.10204    G:0.31633
Average         T:0.16667    C:0.34694    A:0.15986    G:0.32653

#41: KirksDik       
position  1:    T:0.10204    C:0.37755    A:0.12245    G:0.39796
position  2:    T:0.27551    C:0.20408    A:0.25510    G:0.26531
position  3:    T:0.11224    C:0.47959    A:0.10204    G:0.30612
Average         T:0.16327    C:0.35374    A:0.15986    G:0.32313

#42: RoeDeer        
position  1:    T:0.10204    C:0.37755    A:0.12245    G:0.39796
position  2:    T:0.27551    C:0.20408    A:0.25510    G:0.26531
position  3:    T:0.10204    C:0.46939    A:0.13265    G:0.29592
Average         T:0.15986    C:0.35034    A:0.17007    G:0.31973

#43: WhiteLippedDeer
position  1:    T:0.10204    C:0.37755    A:0.13265    G:0.38776
position  2:    T:0.27551    C:0.20408    A:0.25510    G:0.26531
position  3:    T:0.11224    C:0.46939    A:0.12245    G:0.29592
Average         T:0.16327    C:0.35034    A:0.17007    G:0.31633

#44: ThomsonGazelle 
position  1:    T:0.11224    C:0.36735    A:0.12245    G:0.39796
position  2:    T:0.27551    C:0.20408    A:0.25510    G:0.26531
position  3:    T:0.11224    C:0.47959    A:0.09184    G:0.31633
Average         T:0.16667    C:0.35034    A:0.15646    G:0.32653

#45: MuntiacusCrinifrons
position  1:    T:0.10204    C:0.37755    A:0.12245    G:0.39796
position  2:    T:0.28571    C:0.19388    A:0.25510    G:0.26531
position  3:    T:0.10204    C:0.47959    A:0.12245    G:0.29592
Average         T:0.16327    C:0.35034    A:0.16667    G:0.31973

#46: WhiteTailedDeer
position  1:    T:0.10204    C:0.37755    A:0.12245    G:0.39796
position  2:    T:0.27551    C:0.20408    A:0.25510    G:0.26531
position  3:    T:0.12245    C:0.45918    A:0.13265    G:0.28571
Average         T:0.16667    C:0.34694    A:0.17007    G:0.31633

#47: Cattle         
position  1:    T:0.10204    C:0.37755    A:0.12245    G:0.39796
position  2:    T:0.27551    C:0.20408    A:0.26531    G:0.25510
position  3:    T:0.11224    C:0.47959    A:0.10204    G:0.30612
Average         T:0.16327    C:0.35374    A:0.16327    G:0.31973

#48: RoyalAntelope  
position  1:    T:0.10204    C:0.37755    A:0.12245    G:0.39796
position  2:    T:0.27551    C:0.20408    A:0.25510    G:0.26531
position  3:    T:0.12245    C:0.46939    A:0.10204    G:0.30612
Average         T:0.16667    C:0.35034    A:0.15986    G:0.32313

#49: Steenbok       
position  1:    T:0.10204    C:0.37755    A:0.12245    G:0.39796
position  2:    T:0.27551    C:0.20408    A:0.25510    G:0.26531
position  3:    T:0.11224    C:0.47959    A:0.10204    G:0.30612
Average         T:0.16327    C:0.35374    A:0.15986    G:0.32313

#50: Impala         
position  1:    T:0.10204    C:0.37755    A:0.12245    G:0.39796
position  2:    T:0.27551    C:0.20408    A:0.25510    G:0.26531
position  3:    T:0.12245    C:0.46939    A:0.11224    G:0.29592
Average         T:0.16667    C:0.35034    A:0.16327    G:0.31973

#51: Klipspringer   
position  1:    T:0.10204    C:0.37755    A:0.12245    G:0.39796
position  2:    T:0.27551    C:0.20408    A:0.25510    G:0.26531
