CODONML (in paml version 4.10.7, June 2023)  /home/rachel/ruminants_paml/6406-phy-tree/ENSBTAT00000036795.fasta.phy
Model: free dN/dS Ratios for branches,  kappa = 2.000 fixed

Codon frequency model: F3x4
ns =  54  ls =  94

Codon usage in sequences
--------------------------------------------------------------------------------------------------------------------------------------
Phe TTT   2   1   1   1   1   2 | Ser TCT   1   2   2   1   2   0 | Tyr TAT   1   1   1   1   1   1 | Cys TGT   2   2   2   2   1   2
    TTC   3   4   4   5   4   3 |     TCC   3   2   2   3   1   2 |     TAC   2   2   2   1   2   2 |     TGC   0   0   0   0   1   0
Leu TTA   1   0   1   1   0   0 |     TCA   0   1   0   0   0   1 | *** TAA   0   0   0   0   0   0 | *** TGA   0   0   0   0   0   0
    TTG   0   0   0   0   0   0 |     TCG   2   0   2   2   2   1 |     TAG   0   0   0   0   0   0 | Trp TGG   6   6   6   6   6   6
--------------------------------------------------------------------------------------------------------------------------------------
Leu CTT   0   0   0   0   0   0 | Pro CCT   0   0   0   0   1   0 | His CAT   2   2   2   2   1   1 | Arg CGT   0   0   0   0   0   0
    CTC   2   2   1   2   2   2 |     CCC   2   2   2   2   1   2 |     CAC   3   3   3   3   4   4 |     CGC   1   1   1   1   1   1
    CTA   1   0   1   1   0   0 |     CCA   0   0   0   0   0   1 | Gln CAA   0   0   0   0   1   1 |     CGA   0   0   0   0   0   0
    CTG   1   3   2   1   3   3 |     CCG   1   1   1   1   1   0 |     CAG   2   2   2   2   2   1 |     CGG   0   0   0   0   0   0
--------------------------------------------------------------------------------------------------------------------------------------
Ile ATT   1   0   2   3   0   1 | Thr ACT   1   1   0   1   1   0 | Asn AAT   0   1   1   1   1   1 | Ser AGT   0   0   0   0   0   0
    ATC   4   5   4   3   5   5 |     ACC   1   1   2   1   1   2 |     AAC   3   3   3   3   3   3 |     AGC   0   0   0   0   0   0
    ATA   0   0   0   0   0   0 |     ACA   1   1   1   1   0   1 | Lys AAA   3   3   2   2   0   2 | Arg AGA   1   1   1   1   1   1
Met ATG   3   3   2   2   2   2 |     ACG   0   1   0   0   1   1 |     AAG   2   1   2   2   4   1 |     AGG   0   0   0   0   0   0
--------------------------------------------------------------------------------------------------------------------------------------
Val GTT   0   1   0   1   0   0 | Ala GCT   1   1   1   1   2   2 | Asp GAT   1   0   1   1   2   1 | Gly GGT   2   1   1   1   2   1
    GTC   2   1   2   1   3   2 |     GCC   2   2   2   2   1   2 |     GAC   5   4   4   3   3   3 |     GGC   7   8   9   9  11   9
    GTA   0   0   0   0   0   0 |     GCA   0   0   0   0   0   0 | Glu GAA   1   2   2   2   2   3 |     GGA   7   8   7   7   3   7
    GTG   4   4   4   4   3   4 |     GCG   0   0   0   0   0   0 |     GAG   3   3   2   3   3   3 |     GGG   1   1   1   1   2   1
--------------------------------------------------------------------------------------------------------------------------------------

--------------------------------------------------------------------------------------------------------------------------------------
Phe TTT   2   2   2   2   1   1 | Ser TCT   1   1   1   1   3   1 | Tyr TAT   1   1   1   1   1   1 | Cys TGT   2   2   2   2   2   2
    TTC   3   3   3   3   4   4 |     TCC   3   3   3   3   1   3 |     TAC   2   2   2   2   2   2 |     TGC   0   0   0   0   0   0
Leu TTA   1   1   1   1   1   1 |     TCA   1   0   0   1   1   0 | *** TAA   0   0   0   0   0   0 | *** TGA   0   0   0   0   0   0
    TTG   1   0   0   0   0   0 |     TCG   1   2   2   1   1   1 |     TAG   0   0   0   0   0   0 | Trp TGG   6   6   6   6   6   6
--------------------------------------------------------------------------------------------------------------------------------------
Leu CTT   0   0   0   0   0   0 | Pro CCT   0   0   0   0   0   0 | His CAT   2   2   2   3   2   2 | Arg CGT   0   0   0   0   0   0
    CTC   2   2   2   2   2   2 |     CCC   2   2   2   2   2   2 |     CAC   3   3   3   2   3   3 |     CGC   1   1   1   1   1   1
    CTA   1   1   2   1   1   0 |     CCA   0   0   0   0   0   0 | Gln CAA   0   0   1   0   0   0 |     CGA   0   0   0   0   0   0
    CTG   1   1   1   1   1   2 |     CCG   1   1   1   1   1   1 |     CAG   2   2   1   2   2   2 |     CGG   0   0   0   0   0   0
--------------------------------------------------------------------------------------------------------------------------------------
Ile ATT   0   1   0   0   1   0 | Thr ACT   1   1   1   1   1   1 | Asn AAT   1   0   1   1   1   1 | Ser AGT   0   0   0   0   0   0
    ATC   5   4   5   5   5   5 |     ACC   1   1   1   2   1   2 |     AAC   2   3   3   3   3   3 |     AGC   0   0   0   0   0   0
    ATA   0   0   0   1   0   0 |     ACA   1   1   1   0   1   1 | Lys AAA   2   3   2   2   2   2 | Arg AGA   1   1   1   1   1   1
Met ATG   2   3   2   2   2   3 |     ACG   0   0   0   0   0   0 |     AAG   2   2   2   2   2   2 |     AGG   0   0   0   0   0   0
--------------------------------------------------------------------------------------------------------------------------------------
Val GTT   0   0   0   0   0   0 | Ala GCT   1   1   1   1   1   1 | Asp GAT   1   1   1   0   2   1 | Gly GGT   2   2   1   1   1   1
    GTC   2   2   2   2   2   2 |     GCC   2   2   2   2   2   2 |     GAC   4   5   4   4   3   3 |     GGC   9   7   8   9   9   9
    GTA   0   0   0   0   0   0 |     GCA   0   0   0   0   0   0 | Glu GAA   2   1   2   2   2   2 |     GGA   7   7   7   7   8   7
    GTG   4   4   4   4   4   4 |     GCG   0   0   0   0   0   0 |     GAG   3   3   3   3   2   3 |     GGG   0   1   1   1   0   1
--------------------------------------------------------------------------------------------------------------------------------------

--------------------------------------------------------------------------------------------------------------------------------------
Phe TTT   2   1   1   2   2   2 | Ser TCT   1   2   1   2   1   1 | Tyr TAT   1   1   1   1   1   1 | Cys TGT   2   2   2   2   2   2
    TTC   3   4   4   3   3   3 |     TCC   3   2   3   2   3   3 |     TAC   2   2   2   2   2   2 |     TGC   0   0   0   0   0   0
Leu TTA   1   1   1   1   1   0 |     TCA   0   0   0   0   0   1 | *** TAA   0   0   0   0   0   0 | *** TGA   0   0   0   0   0   0
    TTG   0   0   0   0   0   1 |     TCG   2   2   2   2   2   1 |     TAG   0   0   0   0   0   0 | Trp TGG   6   6   6   6   6   6
--------------------------------------------------------------------------------------------------------------------------------------
Leu CTT   0   0   0   0   0   0 | Pro CCT   0   0   0   0   0   0 | His CAT   2   2   2   2   2   2 | Arg CGT   0   0   0   0   0   0
    CTC   2   2   2   2   2   2 |     CCC   2   2   2   2   2   2 |     CAC   3   3   3   3   4   3 |     CGC   1   1   1   1   1   1
    CTA   1   1   1   1   1   1 |     CCA   0   0   0   0   0   0 | Gln CAA   0   0   0   0   0   0 |     CGA   0   0   0   0   0   0
    CTG   1   1   1   1   1   1 |     CCG   1   1   1   1   1   1 |     CAG   2   2   2   2   1   2 |     CGG   0   0   0   0   0   0
--------------------------------------------------------------------------------------------------------------------------------------
Ile ATT   1   1   1   0   0   0 | Thr ACT   1   1   1   1   1   1 | Asn AAT   0   0   0   1   1   1 | Ser AGT   0   1   0   0   0   0
    ATC   4   5   4   5   5   6 |     ACC   1   1   1   1   0   1 |     AAC   3   3   3   3   3   4 |     AGC   0   0   0   0   0   0
    ATA   0   0   1   1   1   0 |     ACA   1   1   1   1   1   1 | Lys AAA   3   2   3   2   2   2 | Arg AGA   1   1   1   1   1   1
Met ATG   3   2   2   2   2   3 |     ACG   0   0   0   0   1   0 |     AAG   2   2   2   2   2   2 |     AGG   0   0   0   0   0   0
--------------------------------------------------------------------------------------------------------------------------------------
Val GTT   0   0   0   0   1   0 | Ala GCT   1   1   1   1   1   1 | Asp GAT   1   1   1   1   1   1 | Gly GGT   2   1   1   1   1   2
    GTC   2   2   2   2   1   1 |     GCC   2   2   2   2   2   2 |     GAC   5   3   5   3   3   2 |     GGC   7   9   8   9   9   8
    GTA   0   0   0   0   0   0 |     GCA   0   0   0   0   0   0 | Glu GAA   1   2   1   2   2   2 |     GGA   7   7   7   7   7   7
    GTG   4   4   4   4   4   4 |     GCG   0   0   0   0   0   0 |     GAG   3   3   3   3   3   3 |     GGG   1   1   1   1   1   1
--------------------------------------------------------------------------------------------------------------------------------------

--------------------------------------------------------------------------------------------------------------------------------------
Phe TTT   1   1   2   1   2   2 | Ser TCT   1   1   1   3   1   1 | Tyr TAT   1   1   1   1   1   1 | Cys TGT   2   2   2   2   2   2
    TTC   4   4   3   4   3   3 |     TCC   2   2   3   1   3   3 |     TAC   2   2   2   2   2   2 |     TGC   0   0   0   0   0   0
Leu TTA   1   1   1   1   1   1 |     TCA   0   0   0   1   1   0 | *** TAA   0   0   0   0   0   0 | *** TGA   0   0   0   0   0   0
    TTG   0   0   0   0   0   0 |     TCG   2   2   2   1   1   2 |     TAG   0   0   0   0   0   0 | Trp TGG   6   6   6   6   6   6
--------------------------------------------------------------------------------------------------------------------------------------
Leu CTT   0   0   0   0   0   0 | Pro CCT   0   0   0   0   0   0 | His CAT   3   2   2   2   2   2 | Arg CGT   1   0   0   0   0   0
    CTC   2   2   2   2   2   2 |     CCC   2   2   2   2   2   2 |     CAC   2   3   3   3   3   3 |     CGC   0   1   1   1   1   1
    CTA   0   0   1   1   1   1 |     CCA   0   0   0   0   1   0 | Gln CAA   0   0   0   0   0   0 |     CGA   0   0   0   0   0   0
    CTG   2   2   1   1   1   1 |     CCG   1   1   1   1   0   1 |     CAG   2   2   2   2   2   2 |     CGG   0   0   0   0   0   0
--------------------------------------------------------------------------------------------------------------------------------------
Ile ATT   0   1   1   2   0   1 | Thr ACT   1   1   1   1   1   1 | Asn AAT   1   1   0   1   1   0 | Ser AGT   0   0   0   0   0   0
    ATC   6   5   4   4   5   4 |     ACC   1   2   1   1   1   1 |     AAC   3   3   3   3   3   3 |     AGC   0   0   0   0   0   0
    ATA   0   0   1   0   0   0 |     ACA   1   1   1   1   1   1 | Lys AAA   2   2   3   2   2   3 | Arg AGA   1   1   1   1   1   1
Met ATG   3   3   2   2   3   3 |     ACG   0   0   0   0   0   0 |     AAG   2   2   2   2   2   2 |     AGG   0   0   0   0   0   0
--------------------------------------------------------------------------------------------------------------------------------------
Val GTT   0   0   0   0   0   0 | Ala GCT   1   1   1   1   1   1 | Asp GAT   1   1   1   2   1   1 | Gly GGT   1   1   2   1   1   1
    GTC   2   1   2   2   2   2 |     GCC   2   2   2   2   2   2 |     GAC   3   3   5   3   3   5 |     GGC   9   9   7   9   9   8
    GTA   0   0   0   0   0   0 |     GCA   0   0   0   0   0   0 | Glu GAA   2   2   1   2   2   1 |     GGA   7   7   7   7   7   7
    GTG   4   4   4   4   4   4 |     GCG   0   0   0   0   0   0 |     GAG   3   3   3   2   3   3 |     GGG   1   1   1   1   1   1
--------------------------------------------------------------------------------------------------------------------------------------

--------------------------------------------------------------------------------------------------------------------------------------
Phe TTT   1   1   2   2   1   1 | Ser TCT   2   1   1   1   1   3 | Tyr TAT   1   1   1   1   1   1 | Cys TGT   2   2   2   2   2   2
    TTC   4   4   3   3   4   4 |     TCC   1   3   3   3   3   1 |     TAC   2   2   2   2   2   2 |     TGC   0   0   0   0   0   0
Leu TTA   1   1   1   1   1   1 |     TCA   0   0   0   1   0   1 | *** TAA   0   0   0   0   0   0 | *** TGA   0   0   0   0   0   0
    TTG   0   0   0   0   0   0 |     TCG   2   1   2   1   2   1 |     TAG   0   0   0   0   0   0 | Trp TGG   6   6   6   6   6   6
--------------------------------------------------------------------------------------------------------------------------------------
Leu CTT   0   0   0   0   0   0 | Pro CCT   0   0   0   0   0   0 | His CAT   2   2   2   2   2   2 | Arg CGT   0   0   0   0   0   0
    CTC   2   2   2   2   2   2 |     CCC   2   2   2   2   2   2 |     CAC   3   3   3   3   3   3 |     CGC   1   1   1   1   1   1
    CTA   0   0   1   1   1   1 |     CCA   0   0   0   0   0   0 | Gln CAA   0   0   0   0   0   0 |     CGA   0   0   0   0   0   0
    CTG   2   2   1   1   1   1 |     CCG   1   1   1   1   1   1 |     CAG   2   2   2   1   2   2 |     CGG   0   0   0   0   0   0
--------------------------------------------------------------------------------------------------------------------------------------
Ile ATT   1   1   1   0   1   1 | Thr ACT   1   1   1   1   1   1 | Asn AAT   2   1   0   1   0   1 | Ser AGT   0   0   0   0   0   0
    ATC   4   4   4   5   4   5 |     ACC   2   2   1   1   1   1 |     AAC   2   3   3   3   3   3 |     AGC   0   0   0   0   0   0
    ATA   0   0   0   0   1   0 |     ACA   1   1   1   1   1   1 | Lys AAA   2   2   3   2   3   2 | Arg AGA   1   1   1   1   1   1
Met ATG   3   3   3   3   2   2 |     ACG   0   0   0   0   0   0 |     AAG   2   2   2   3   2   2 |     AGG   0   0   0   0   0   0
--------------------------------------------------------------------------------------------------------------------------------------
Val GTT   0   0   0   0   0   0 | Ala GCT   1   1   1   1   1   1 | Asp GAT   1   1   1   1   1   2 | Gly GGT   1   1   2   1   1   1
    GTC   2   2   2   2   2   2 |     GCC   2   2   2   2   2   2 |     GAC   3   3   5   3   5   3 |     GGC   9   9   7   9   8   9
    GTA   0   0   0   0   0   0 |     GCA   0   0   0   0   0   0 | Glu GAA   2   2   1   2   1   2 |     GGA   7   7   7   7   7   7
    GTG   4   4   4   4   4   4 |     GCG   0   0   0   0   0   0 |     GAG   3   3   3   3   3   2 |     GGG   1   1   1   1   1   1
--------------------------------------------------------------------------------------------------------------------------------------

--------------------------------------------------------------------------------------------------------------------------------------
Phe TTT   2   1   1   2   1   1 | Ser TCT   1   3   1   1   1   1 | Tyr TAT   1   1   1   1   1   1 | Cys TGT   2   2   2   2   2   2
    TTC   3   4   4   3   4   4 |     TCC   3   1   3   3   2   3 |     TAC   2   2   2   2   2   2 |     TGC   0   0   0   0   0   0
Leu TTA   1   1   1   1   1   1 |     TCA   1   1   0   0   0   0 | *** TAA   0   0   0   0   0   0 | *** TGA   0   0   0   0   0   0
    TTG   0   0   0   0   0   0 |     TCG   1   1   1   2   2   2 |     TAG   0   0   0   0   0   0 | Trp TGG   6   6   6   6   6   6
--------------------------------------------------------------------------------------------------------------------------------------
Leu CTT   0   0   0   0   0   0 | Pro CCT   0   0   0   0   0   0 | His CAT   2   2   2   2   3   2 | Arg CGT   0   0   0   0   0   0
    CTC   2   2   2   2   2   2 |     CCC   2   2   2   2   2   2 |     CAC   3   3   3   3   2   3 |     CGC   1   1   1   1   1   1
    CTA   1   1   0   1   0   1 |     CCA   0   0   0   0   0   0 | Gln CAA   0   0   0   0   0   0 |     CGA   0   0   0   0   0   0
    CTG   1   1   2   1   2   1 |     CCG   1   1   1   1   1   1 |     CAG   2   2   2   2   2   2 |     CGG   0   0   0   0   0   0
--------------------------------------------------------------------------------------------------------------------------------------
Ile ATT   0   1   1   0   1   1 | Thr ACT   1   1   1   1   1   0 | Asn AAT   1   1   1   1   0   0 | Ser AGT   0   0   0   0   1   0
    ATC   5   5   4   5   5   4 |     ACC   1   1   2   1   2   2 |     AAC   3   3   3   3   3   3 |     AGC   0   0   0   0   0   0
    ATA   0   0   0   1   0   1 |     ACA   1   1   1   1   1   0 | Lys AAA   2   2   2   2   2   3 | Arg AGA   1   1   1   1   1   1
Met ATG   3   2   3   2   2   2 |     ACG   0   0   0   0   0   1 |     AAG   2   2   2   2   2   2 |     AGG   0   0   0   0   0   0
--------------------------------------------------------------------------------------------------------------------------------------
Val GTT   0   0   0   0   0   0 | Ala GCT   1   1   2   1   1   1 | Asp GAT   1   2   1   1   0   1 | Gly GGT   2   1   1   1   0   1
    GTC   2   2   2   2   2   2 |     GCC   2   2   1   2   2   2 |     GAC   3   3   3   4   4   5 |     GGC   8   9   9   8  11   8
    GTA   0   0   0   0   0   0 |     GCA   0   0   0   0   0   0 | Glu GAA   2   2   2   2   2   1 |     GGA   7   7   7   7   6   7
    GTG   4   4   4   4   4   4 |     GCG   0   0   0   0   0   0 |     GAG   3   2   3   3   3   3 |     GGG   1   1   1   1   1   1
--------------------------------------------------------------------------------------------------------------------------------------

--------------------------------------------------------------------------------------------------------------------------------------
Phe TTT   2   1   2   2   1   1 | Ser TCT   2   2   1   1   2   1 | Tyr TAT   1   1   1   1   2   1 | Cys TGT   2   2   2   2   2   2
    TTC   3   4   3   3   3   4 |     TCC   2   2   3   3   2   3 |     TAC   2   2   2   2   2   2 |     TGC   0   0   0   0   0   0
Leu TTA   1   1   1   1   1   1 |     TCA   0   0   0   1   1   0 | *** TAA   0   0   0   0   0   0 | *** TGA   0   0   0   0   0   0
    TTG   0   0   0   1   0   0 |     TCG   2   2   2   1   1   1 |     TAG   0   0   0   0   0   0 | Trp TGG   6   6   6   6   6   6
--------------------------------------------------------------------------------------------------------------------------------------
Leu CTT   0   0   0   0   0   0 | Pro CCT   0   0   0   0   0   0 | His CAT   2   2   2   2   2   2 | Arg CGT   0   0   0   0   0   0
    CTC   2   2   2   2   2   2 |     CCC   2   2   2   2   2   2 |     CAC   3   3   3   3   3   3 |     CGC   1   1   1   1   1   1
    CTA   1   1   1   1   1   0 |     CCA   0   0   0   0   1   0 | Gln CAA   0   0   0   0   0   0 |     CGA   0   0   0   0   0   0
    CTG   1   1   1   1   1   2 |     CCG   1   1   1   1   0   1 |     CAG   2   2   2   2   2   2 |     CGG   0   0   0   0   0   0
--------------------------------------------------------------------------------------------------------------------------------------
Ile ATT   1   1   1   0   0   2 | Thr ACT   1   1   1   1   1   1 | Asn AAT   0   1   0   1   1   1 | Ser AGT   0   0   0   0   0   0
    ATC   4   5   4   5   5   3 |     ACC   1   1   1   1   1   2 |     AAC   3   3   3   2   3   3 |     AGC   0   0   0   0   0   0
    ATA   1   0   0   0   0   0 |     ACA   1   1   1   1   1   1 | Lys AAA   3   2   3   2   2   2 | Arg AGA   1   1   1   1   1   1
Met ATG   2   2   3   2   3   3 |     ACG   0   0   0   0   0   0 |     AAG   2   2   2   2   2   2 |     AGG   0   0   0   0   0   0
--------------------------------------------------------------------------------------------------------------------------------------
Val GTT   0   0   0   0   0   0 | Ala GCT   1   1   1   1   1   1 | Asp GAT   1   1   1   1   1   1 | Gly GGT   1   1   1   1   1   1
    GTC   2   2   2   2   2   2 |     GCC   2   2   2   2   2   2 |     GAC   5   3   5   4   3   3 |     GGC   9   9   8  10   9   9
    GTA   0   0   0   0   0   0 |     GCA   0   0   0   0   0   0 | Glu GAA   1   2   1   2   2   2 |     GGA   6   7   7   7   7   7
    GTG   4   4   4   4   4   4 |     GCG   0   0   0   0   0   0 |     GAG   3   3   3   3   3   3 |     GGG   1   1   1   0   1   1
--------------------------------------------------------------------------------------------------------------------------------------

--------------------------------------------------------------------------------------------------------------------------------------
Phe TTT   1   2   1   1   1   2 | Ser TCT   2   1   1   1   2   2 | Tyr TAT   1   1   1   1   1   2 | Cys TGT   2   2   2   2   2   2
    TTC   4   3   4   4   4   3 |     TCC   1   3   3   3   2   3 |     TAC   2   2   2   2   2   1 |     TGC   0   0   0   0   0   0
Leu TTA   1   1   1   1   1   1 |     TCA   0   1   0   0   0   0 | *** TAA   0   0   0   0   0   0 | *** TGA   0   0   0   0   0   0
    TTG   0   0   0   0   0   0 |     TCG   2   1   1   1   2   1 |     TAG   0   0   0   0   0   0 | Trp TGG   6   6   6   6   6   6
--------------------------------------------------------------------------------------------------------------------------------------
Leu CTT   0   0   0   0   0   1 | Pro CCT   0   0   0   0   0   0 | His CAT   2   2   2   2   2   2 | Arg CGT   0   0   0   0   0   0
    CTC   2   2   2   2   2   2 |     CCC   2   2   2   2   2   2 |     CAC   3   3   3   3   3   3 |     CGC   1   1   1   1   1   1
    CTA   0   1   0   0   1   0 |     CCA   0   0   0   0   0   1 | Gln CAA   0   0   0   0   0   0 |     CGA   0   0   0   0   0   0
    CTG   2   1   2   2   1   1 |     CCG   1   1   1   1   1   0 |     CAG   2   1   2   2   2   2 |     CGG   0   0   0   0   0   0
--------------------------------------------------------------------------------------------------------------------------------------
Ile ATT   1   0   0   1   1   2 | Thr ACT   1   1   1   1   1   0 | Asn AAT   1   1   1   1   1   1 | Ser AGT   0   0   0   0   0   0
    ATC   4   5   5   4   5   4 |     ACC   2   1   2   2   1   1 |     AAC   3   3   3   3   3   3 |     AGC   0   0   0   0   0   0
    ATA   0   0   0   0   0   0 |     ACA   1   1   1   1   1   1 | Lys AAA   2   2   2   2   2   2 | Arg AGA   1   1   1   1   1   1
Met ATG   3   3   3   3   2   2 |     ACG   0   0   0   0   0   1 |     AAG   2   3   2   2   2   2 |     AGG   0   0   0   0   0   0
--------------------------------------------------------------------------------------------------------------------------------------
Val GTT   0   0   0   0   0   0 | Ala GCT   1   1   1   1   1   1 | Asp GAT   2   1   1   1   1   1 | Gly GGT   1   1   1   1   1   1
    GTC   2   2   2   2   2   2 |     GCC   2   2   2   2   2   2 |     GAC   2   3   3   3   3   3 |     GGC   9   9   9   9   9   9
    GTA   0   0   0   0   0   0 |     GCA   0   0   0   0   0   0 | Glu GAA   2   2   2   3   2   2 |     GGA   7   7   7   7   7   7
    GTG   4   4   4   4   4   4 |     GCG   0   0   0   0   0   0 |     GAG   3   3   3   2   3   3 |     GGG   1   1   1   1   1   1
--------------------------------------------------------------------------------------------------------------------------------------

--------------------------------------------------------------------------------------------------------------------------------------
Phe TTT   1   2   2   1   1   1 | Ser TCT   2   1   1   1   3   3 | Tyr TAT   2   1   1   1   1   1 | Cys TGT   2   2   2   2   2   2
    TTC   3   3   3   5   4   4 |     TCC   2   3   3   3   1   1 |     TAC   2   2   2   1   2   2 |     TGC   0   0   0   0   0   0
Leu TTA   1   1   1   1   1   1 |     TCA   1   0   1   0   1   1 | *** TAA   0   0   0   0   0   0 | *** TGA   0   0   0   0   0   0
    TTG   0   0   0   0   0   0 |     TCG   1   2   1   2   1   1 |     TAG   0   0   0   0   0   0 | Trp TGG   6   6   6   6   6   6
--------------------------------------------------------------------------------------------------------------------------------------
Leu CTT   0   0   0   0   0   0 | Pro CCT   0   0   0   0   0   0 | His CAT   1   2   2   2   2   2 | Arg CGT   0   0   0   0   0   0
    CTC   2   2   2   2   2   2 |     CCC   2   2   2   2   2   2 |     CAC   4   2   3   3   3   3 |     CGC   1   1   1   1   1   1
    CTA   1   1   1   1   1   1 |     CCA   0   0   0   0   0   0 | Gln CAA   0   1   0   0   0   0 |     CGA   0   0   0   0   0   0
    CTG   1   1   1   1   1   1 |     CCG   1   1   1   1   1   1 |     CAG   2   1   2   2   2   2 |     CGG   0   0   0   0   0   0
--------------------------------------------------------------------------------------------------------------------------------------
Ile ATT   0   0   1   3   1   1 | Thr ACT   1   1   1   1   1   1 | Asn AAT   1   2   1   1   1   0 | Ser AGT   0   0   0   0   0   0
    ATC   4   5   4   3   5   5 |     ACC   1   1   1   1   1   1 |     AAC   3   3   3   3   3   3 |     AGC   0   0   0   0   0   0
    ATA   1   0   1   0   0   0 |     ACA   1   1   1   1   1   1 | Lys AAA   2   2   2   2   2   3 | Arg AGA   1   1   1   1   1   1
Met ATG   3   3   2   2   2   2 |     ACG   0   0   0   0   0   0 |     AAG   2   1   2   2   2   2 |     AGG   0   0   0   0   0   0
--------------------------------------------------------------------------------------------------------------------------------------
Val GTT   0   1   0   1   0   0 | Ala GCT   1   1   1   1   1   1 | Asp GAT   1   1   1   1   2   2 | Gly GGT   1   1   0   1   1   1
    GTC   2   1   2   1   2   2 |     GCC   2   2   2   2   2   2 |     GAC   3   3   3   3   3   3 |     GGC   9   9  10   9   9   9
    GTA   0   0   0   0   0   0 |     GCA   0   0   0   0   0   0 | Glu GAA   2   2   2   2   2   2 |     GGA   6   7   7   7   7   7
    GTG   4   4   3   4   4   4 |     GCG   0   0   0   0   0   0 |     GAG   3   4   4   3   2   2 |     GGG   2   1   1   1   1   1
--------------------------------------------------------------------------------------------------------------------------------------

Codon position x base (3x4) table for each sequence.

#1: Argali         
position  1:    T:0.24468    C:0.15957    A:0.21277    G:0.38298
position  2:    T:0.25532    C:0.15957    A:0.29787    G:0.28723
position  3:    T:0.14894    C:0.42553    A:0.15957    G:0.26596
Average         T:0.21631    C:0.24823    A:0.22340    G:0.31206

#2: LesserMouseDeer
position  1:    T:0.22340    C:0.17021    A:0.22340    G:0.38298
position  2:    T:0.25532    C:0.15957    A:0.28723    G:0.29787
position  3:    T:0.13830    C:0.42553    A:0.17021    G:0.26596
Average         T:0.20567    C:0.25177    A:0.22695    G:0.31560

#3: LesserKudu     
position  1:    T:0.24468    C:0.15957    A:0.21277    G:0.38298
position  2:    T:0.25532    C:0.15957    A:0.28723    G:0.29787
position  3:    T:0.14894    C:0.43617    A:0.15957    G:0.25532
Average         T:0.21631    C:0.25177    A:0.21986    G:0.31206

#4: ForestMuskDeer2
position  1:    T:0.24468    C:0.15957    A:0.21277    G:0.38298
position  2:    T:0.26596    C:0.15957    A:0.27660    G:0.29787
position  3:    T:0.17021    C:0.41489    A:0.15957    G:0.25532
Average         T:0.22695    C:0.24468    A:0.21631    G:0.31206

#5: Camel          
position  1:    T:0.22340    C:0.18085    A:0.20213    G:0.39362
position  2:    T:0.24468    C:0.14894    A:0.30851    G:0.29787
position  3:    T:0.15957    C:0.45745    A:0.07447    G:0.30851
Average         T:0.20922    C:0.26241    A:0.19504    G:0.33333

#6: KillerWhale    
position  1:    T:0.21277    C:0.17021    A:0.21277    G:0.40426
position  2:    T:0.25532    C:0.15957    A:0.28723    G:0.29787
position  3:    T:0.12766    C:0.44681    A:0.18085    G:0.24468
Average         T:0.19858    C:0.25887    A:0.22695    G:0.31560

#7: DefassaWaterbuck
position  1:    T:0.25532    C:0.15957    A:0.19149    G:0.39362
position  2:    T:0.25532    C:0.15957    A:0.28723    G:0.29787
position  3:    T:0.14894    C:0.43617    A:0.17021    G:0.24468
Average         T:0.21986    C:0.25177    A:0.21631    G:0.31206

#8: Sheep          
position  1:    T:0.24468    C:0.15957    A:0.21277    G:0.38298
position  2:    T:0.25532    C:0.15957    A:0.29787    G:0.28723
position  3:    T:0.14894    C:0.42553    A:0.15957    G:0.26596
Average         T:0.21631    C:0.24823    A:0.22340    G:0.31206

#9: MaxwellsDuiker 
position  1:    T:0.24468    C:0.17021    A:0.20213    G:0.38298
position  2:    T:0.25532    C:0.15957    A:0.29787    G:0.28723
position  3:    T:0.13830    C:0.43617    A:0.18085    G:0.24468
Average         T:0.21277    C:0.25532    A:0.22695    G:0.30496

#10: GazellaPrzewalskyi
position  1:    T:0.24468    C:0.15957    A:0.21277    G:0.38298
position  2:    T:0.25532    C:0.15957    A:0.28723    G:0.29787
position  3:    T:0.13830    C:0.44681    A:0.17021    G:0.24468
Average         T:0.21277    C:0.25532    A:0.22340    G:0.30851

#11: MountainNyala  
position  1:    T:0.24468    C:0.15957    A:0.21277    G:0.38298
position  2:    T:0.25532    C:0.15957    A:0.28723    G:0.29787
position  3:    T:0.17021    C:0.42553    A:0.18085    G:0.22340
Average         T:0.22340    C:0.24823    A:0.22695    G:0.30142

#12: MuntiacusMuntjak
position  1:    T:0.23404    C:0.15957    A:0.22340    G:0.38298
position  2:    T:0.25532    C:0.15957    A:0.28723    G:0.29787
position  3:    T:0.12766    C:0.45745    A:0.14894    G:0.26596
Average         T:0.20567    C:0.25887    A:0.21986    G:0.31560

#13: goat           
position  1:    T:0.24468    C:0.15957    A:0.21277    G:0.38298
position  2:    T:0.25532    C:0.15957    A:0.29787    G:0.28723
position  3:    T:0.14894    C:0.42553    A:0.15957    G:0.26596
Average         T:0.21631    C:0.24823    A:0.22340    G:0.31206

#14: AfricanBuffalo 
position  1:    T:0.24468    C:0.15957    A:0.21277    G:0.38298
position  2:    T:0.25532    C:0.15957    A:0.27660    G:0.30851
position  3:    T:0.14894    C:0.43617    A:0.15957    G:0.25532
Average         T:0.21631    C:0.25177    A:0.21631    G:0.31560

#15: Topi           
position  1:    T:0.24468    C:0.15957    A:0.21277    G:0.38298
position  2:    T:0.25532    C:0.15957    A:0.29787    G:0.28723
position  3:    T:0.12766    C:0.44681    A:0.17021    G:0.25532
Average         T:0.20922    C:0.25532    A:0.22695    G:0.30851

#16: CommonDuiker   
position  1:    T:0.24468    C:0.15957    A:0.21277    G:0.38298
position  2:    T:0.25532    C:0.15957    A:0.28723    G:0.29787
position  3:    T:0.14894    C:0.42553    A:0.17021    G:0.25532
Average         T:0.21631    C:0.24823    A:0.22340    G:0.31206

#17: Suni           
position  1:    T:0.24468    C:0.15957    A:0.21277    G:0.38298
position  2:    T:0.25532    C:0.15957    A:0.28723    G:0.29787
position  3:    T:0.14894    C:0.42553    A:0.17021    G:0.25532
Average         T:0.21631    C:0.24823    A:0.22340    G:0.31206

#18: Springbuck     
position  1:    T:0.24468    C:0.15957    A:0.23404    G:0.36170
position  2:    T:0.25532    C:0.15957    A:0.28723    G:0.29787
position  3:    T:0.14894    C:0.42553    A:0.15957    G:0.26596
Average         T:0.21631    C:0.24823    A:0.22695    G:0.30851

#19: Okapi          
position  1:    T:0.23404    C:0.15957    A:0.22340    G:0.38298
position  2:    T:0.26596    C:0.14894    A:0.28723    G:0.29787
position  3:    T:0.14894    C:0.42553    A:0.14894    G:0.27660
Average         T:0.21631    C:0.24468    A:0.21986    G:0.31915

#20: Giraffe        
position  1:    T:0.23404    C:0.15957    A:0.23404    G:0.37234
position  2:    T:0.25532    C:0.15957    A:0.28723    G:0.29787
position  3:    T:0.13830    C:0.43617    A:0.14894    G:0.27660
Average         T:0.20922    C:0.25177    A:0.22340    G:0.31560

#21: TibetanAntelope
position  1:    T:0.24468    C:0.15957    A:0.21277    G:0.38298
position  2:    T:0.25532    C:0.15957    A:0.29787    G:0.28723
position  3:    T:0.14894    C:0.42553    A:0.17021    G:0.25532
Average         T:0.21631    C:0.24823    A:0.22695    G:0.30851

#22: Sitatunga      
position  1:    T:0.24468    C:0.15957    A:0.21277    G:0.38298
position  2:    T:0.25532    C:0.15957    A:0.28723    G:0.29787
position  3:    T:0.18085    C:0.41489    A:0.17021    G:0.23404
Average         T:0.22695    C:0.24468    A:0.22340    G:0.30496

#23: Oribi          
position  1:    T:0.24468    C:0.15957    A:0.21277    G:0.38298
position  2:    T:0.25532    C:0.15957    A:0.28723    G:0.29787
position  3:    T:0.13830    C:0.43617    A:0.18085    G:0.24468
Average         T:0.21277    C:0.25177    A:0.22695    G:0.30851

#24: BarbarySheep   
position  1:    T:0.24468    C:0.15957    A:0.21277    G:0.38298
position  2:    T:0.25532    C:0.15957    A:0.29787    G:0.28723
position  3:    T:0.13830    C:0.43617    A:0.15957    G:0.26596
Average         T:0.21277    C:0.25177    A:0.22340    G:0.31206

#25: Daviddeer      
position  1:    T:0.23404    C:0.15957    A:0.22340    G:0.38298
position  2:    T:0.25532    C:0.15957    A:0.28723    G:0.29787
position  3:    T:0.15957    C:0.41489    A:0.14894    G:0.27660
Average         T:0.21631    C:0.24468    A:0.21986    G:0.31915

#26: Reindeer       
position  1:    T:0.23404    C:0.15957    A:0.22340    G:0.38298
position  2:    T:0.25532    C:0.15957    A:0.28723    G:0.29787
position  3:    T:0.13830    C:0.44681    A:0.14894    G:0.26596
Average         T:0.20922    C:0.25532    A:0.21986    G:0.31560

#27: Ibex           
position  1:    T:0.24468    C:0.15957    A:0.21277    G:0.38298
position  2:    T:0.25532    C:0.15957    A:0.29787    G:0.28723
position  3:    T:0.14894    C:0.42553    A:0.15957    G:0.26596
Average         T:0.21631    C:0.24823    A:0.22340    G:0.31206

#28: GyrantGazelle  
position  1:    T:0.24468    C:0.14894    A:0.22340    G:0.38298
position  2:    T:0.25532    C:0.15957    A:0.28723    G:0.29787
position  3:    T:0.13830    C:0.43617    A:0.17021    G:0.25532
Average         T:0.21277    C:0.24823    A:0.22695    G:0.31206

#29: Hartebeest     
position  1:    T:0.24468    C:0.15957    A:0.21277    G:0.38298
position  2:    T:0.25532    C:0.15957    A:0.29787    G:0.28723
position  3:    T:0.12766    C:0.44681    A:0.17021    G:0.25532
Average         T:0.20922    C:0.25532    A:0.22695    G:0.30851

#30: Bongo          
position  1:    T:0.24468    C:0.15957    A:0.21277    G:0.38298
position  2:    T:0.25532    C:0.15957    A:0.28723    G:0.29787
position  3:    T:0.17021    C:0.42553    A:0.17021    G:0.23404
Average         T:0.22340    C:0.24823    A:0.22340    G:0.30496

#31: Gerenuk        
position  1:    T:0.24468    C:0.15957    A:0.21277    G:0.38298
position  2:    T:0.25532    C:0.15957    A:0.28723    G:0.29787
position  3:    T:0.14894    C:0.42553    A:0.17021    G:0.25532
Average         T:0.21631    C:0.24823    A:0.22340    G:0.31206

#32: CommonEland    
position  1:    T:0.24468    C:0.15957    A:0.21277    G:0.38298
position  2:    T:0.25532    C:0.15957    A:0.28723    G:0.29787
position  3:    T:0.17021    C:0.42553    A:0.17021    G:0.23404
Average         T:0.22340    C:0.24823    A:0.22340    G:0.30496

#33: MuntiacusReevesi
position  1:    T:0.23404    C:0.15957    A:0.22340    G:0.38298
position  2:    T:0.25532    C:0.15957    A:0.28723    G:0.29787
position  3:    T:0.14894    C:0.43617    A:0.14894    G:0.26596
Average         T:0.21277    C:0.25177    A:0.21986    G:0.31560

#34: HarveysDuiker  
position  1:    T:0.24468    C:0.15957    A:0.21277    G:0.38298
position  2:    T:0.25532    C:0.15957    A:0.29787    G:0.28723
position  3:    T:0.13830    C:0.43617    A:0.17021    G:0.25532
Average         T:0.21277    C:0.25177    A:0.22695    G:0.30851

#35: Pronghorn      
position  1:    T:0.23404    C:0.15957    A:0.22340    G:0.38298
position  2:    T:0.25532    C:0.15957    A:0.27660    G:0.30851
position  3:    T:0.12766    C:0.46809    A:0.13830    G:0.26596
Average         T:0.20567    C:0.26241    A:0.21277    G:0.31915

#36: BlueWildebeest 
position  1:    T:0.24468    C:0.15957    A:0.21277    G:0.38298
position  2:    T:0.25532    C:0.15957    A:0.29787    G:0.28723
position  3:    T:0.11702    C:0.45745    A:0.15957    G:0.26596
Average         T:0.20567    C:0.25887    A:0.22340    G:0.31206

#37: Gemsbok        
position  1:    T:0.24468    C:0.15957    A:0.21277    G:0.38298
position  2:    T:0.25532    C:0.15957    A:0.29787    G:0.28723
position  3:    T:0.14894    C:0.43617    A:0.15957    G:0.25532
Average         T:0.21631    C:0.25177    A:0.22340    G:0.30851

#38: Yak            
position  1:    T:0.24468    C:0.15957    A:0.21277    G:0.38298
position  2:    T:0.25532    C:0.15957    A:0.28723    G:0.29787
position  3:    T:0.14894    C:0.43617    A:0.15957    G:0.25532
Average         T:0.21631    C:0.25177    A:0.21986    G:0.31206

#39: BlueSheep      
position  1:    T:0.24468    C:0.15957    A:0.21277    G:0.38298
position  2:    T:0.25532    C:0.15957    A:0.29787    G:0.28723
position  3:    T:0.13830    C:0.43617    A:0.15957    G:0.26596
Average         T:0.21277    C:0.25177    A:0.22340    G:0.31206

#40: BohorReedbuck  
position  1:    T:0.25532    C:0.15957    A:0.19149    G:0.39362
position  2:    T:0.25532    C:0.15957    A:0.28723    G:0.29787
position  3:    T:0.13830    C:0.44681    A:0.17021    G:0.24468
Average         T:0.21631    C:0.25532    A:0.21631    G:0.31206

#41: KirksDik       
position  1:    T:0.24468    C:0.15957    A:0.21277    G:0.38298
position  2:    T:0.24468    C:0.15957    A:0.29787    G:0.29787
position  3:    T:0.14894    C:0.42553    A:0.18085    G:0.24468
Average         T:0.21277    C:0.24823    A:0.23050    G:0.30851

#42: RoeDeer        
position  1:    T:0.23404    C:0.15957    A:0.22340    G:0.38298
position  2:    T:0.25532    C:0.15957    A:0.28723    G:0.29787
position  3:    T:0.14894    C:0.43617    A:0.14894    G:0.26596
Average         T:0.21277    C:0.25177    A:0.21986    G:0.31560

#43: WhiteLippedDeer
position  1:    T:0.23404    C:0.15957    A:0.22340    G:0.38298
position  2:    T:0.25532    C:0.15957    A:0.28723    G:0.29787
position  3:    T:0.15957    C:0.41489    A:0.14894    G:0.27660
Average         T:0.21631    C:0.24468    A:0.21986    G:0.31915

#44: ThomsonGazelle 
position  1:    T:0.24468    C:0.14894    A:0.22340    G:0.38298
position  2:    T:0.25532    C:0.15957    A:0.28723    G:0.29787
position  3:    T:0.13830    C:0.43617    A:0.17021    G:0.25532
Average         T:0.21277    C:0.24823    A:0.22695    G:0.31206

#45: MuntiacusCrinifrons
position  1:    T:0.23404    C:0.15957    A:0.22340    G:0.38298
position  2:    T:0.25532    C:0.15957    A:0.28723    G:0.29787
position  3:    T:0.12766    C:0.45745    A:0.14894    G:0.26596
Average         T:0.20567    C:0.25887    A:0.21986    G:0.31560

#46: WhiteTailedDeer
position  1:    T:0.23404    C:0.15957    A:0.22340    G:0.38298
position  2:    T:0.25532    C:0.15957    A:0.28723    G:0.29787
position  3:    T:0.13830    C:0.44681    A:0.15957    G:0.25532
Average         T:0.20922    C:0.25532    A:0.22340    G:0.31206

#47: Cattle         
position  1:    T:0.24468    C:0.15957    A:0.21277    G:0.38298
position  2:    T:0.25532    C:0.15957    A:0.28723    G:0.29787
position  3:    T:0.14894    C:0.43617    A:0.15957    G:0.25532
Average         T:0.21631    C:0.25177    A:0.21986    G:0.31206

#48: RoyalAntelope  
position  1:    T:0.24468    C:0.15957    A:0.21277    G:0.38298
position  2:    T:0.25532    C:0.15957    A:0.28723    G:0.29787
position  3:    T:0.18085    C:0.41489    A:0.15957    G:0.24468
Average         T:0.22695    C:0.24468    A:0.21986    G:0.30851

#49: Steenbok       
position  1:    T:0.24468    C:0.15957    A:0.21277    G:0.38298
position  2:    T:0.24468    C:0.15957    A:0.29787    G:0.29787
position  3:    T:0.13830    C:0.42553    A:0.17021    G:0.26596
Average         T:0.20922    C:0.24823    A:0.22695    G:0.31560

#50: Impala         
position  1:    T:0.24468    C:0.14894    A:0.21277    G:0.39362
position  2:    T:0.25532    C:0.15957    A:0.28723    G:0.29787
position  3:    T:0.15957    C:0.41489    A:0.17021    G:0.25532
Average         T:0.21986    C:0.24113    A:0.22340    G:0.31560

#51: Klipspringer   
position  1:    T:0.24468    C:0.15957    A:0.21277    G:0.38298
position  2:    T:0.24468    C:0.15957    A:0.29787    G:0.29787
