1
52 1
Argali 0.000000 0.186200 0.069500 0.172500 0.101500 0.011800 0.048700 0.032300 0.044700 0.092200 0.012100 0.048700 0.044600 0.061600 0.088600 0.044400 0.066400 0.079500 0.036500 0.061300 0.044600 0.007900 0.087600 0.094500 0.019600 0.057300 0.060700 0.052900 0.044600 0.056900 0.083500 0.044800 0.105000 0.057300 0.048900 0.070700 0.015900 0.061400 0.051800 0.118900 0.083200 0.048700 0.078700 0.087200 0.079400 0.044600 0.044700 0.066100 0.070500 0.065800 0.056900 0.061200
LesserMous 0.186200 0.000000 0.192900 0.203900 0.222100 0.191400 0.189600 0.175200 0.164900 0.220100 0.186700 0.169600 0.185200 0.194900 0.213300 0.164500 0.195000 0.190500 0.200700 0.179400 0.179900 0.186300 0.224700 0.203100 0.185700 0.185100 0.169000 0.189200 0.170000 0.193300 0.220300 0.175200 0.193800 0.180900 0.190300 0.181100 0.196400 0.194100 0.181200 0.240600 0.219700 0.165000 0.204200 0.198900 0.191400 0.179200 0.189500 0.200900 0.190700 0.215000 0.183400 0.174400
LesserKudu 0.069500 0.192900 0.000000 0.203800 0.122300 0.073900 0.069000 0.060600 0.052400 0.112900 0.065400 0.048200 0.073400 0.082200 0.096300 0.052000 0.095700 0.100200 0.069100 0.031900 0.055400 0.070100 0.117100 0.116100 0.072100 0.069200 0.081100 0.023800 0.056400 0.026900 0.113000 0.065100 0.126100 0.077800 0.077700 0.061400 0.078100 0.081600 0.065200 0.130900 0.112600 0.060500 0.099200 0.107700 0.069800 0.056400 0.064800 0.090900 0.086800 0.077700 0.035800 0.019800
KillerWhal 0.172500 0.203900 0.203800 0.000000 0.241700 0.177500 0.185600 0.180900 0.161100 0.240200 0.172900 0.170600 0.181400 0.200200 0.212800 0.156500 0.162200 0.171900 0.191100 0.189800 0.185500 0.172600 0.224900 0.238200 0.181400 0.190700 0.179700 0.194600 0.166400 0.189400 0.230300 0.180700 0.214600 0.196100 0.195700 0.186700 0.172600 0.199900 0.196200 0.271400 0.229700 0.170800 0.224300 0.233700 0.196800 0.175600 0.195100 0.186900 0.205600 0.191100 0.194200 0.184800
DefassaWat 0.101500 0.222100 0.122300 0.241700 0.000000 0.106200 0.100700 0.087600 0.100600 0.156600 0.097300 0.109300 0.114200 0.123800 0.123800 0.095600 0.129000 0.129500 0.114700 0.109300 0.083100 0.101600 0.151500 0.150000 0.105600 0.105400 0.113000 0.104900 0.091700 0.108900 0.147300 0.105600 0.151300 0.119000 0.110000 0.110900 0.110600 0.044600 0.097400 0.165700 0.146800 0.096100 0.141900 0.141400 0.110900 0.096200 0.100500 0.133500 0.124200 0.122900 0.113600 0.113600
Sheep 0.011800 0.191400 0.073900 0.177500 0.106200 0.000000 0.053300 0.044800 0.048900 0.105600 0.016200 0.053000 0.057200 0.066000 0.093200 0.048600 0.070800 0.084000 0.040700 0.065600 0.048900 0.011800 0.100900 0.109700 0.024200 0.061700 0.065000 0.057200 0.048800 0.061200 0.096900 0.049000 0.109600 0.059800 0.053200 0.075200 0.020100 0.065700 0.057700 0.132700 0.096500 0.053000 0.091900 0.100500 0.083800 0.048900 0.057300 0.070500 0.066300 0.070200 0.061200 0.065500
MaxwellsDu 0.048700 0.189600 0.069000 0.185600 0.100700 0.053300 0.000000 0.048500 0.044300 0.109100 0.044600 0.060900 0.052600 0.052800 0.096800 0.044000 0.083100 0.087600 0.061100 0.060800 0.044300 0.048700 0.104400 0.103500 0.052700 0.056900 0.060300 0.052500 0.044200 0.048200 0.100300 0.035400 0.095400 0.056900 0.056800 0.074500 0.057100 0.069300 0.052900 0.128000 0.100000 0.048400 0.095500 0.095200 0.074400 0.036100 0.052600 0.074100 0.078600 0.065400 0.064800 0.060700
GazellaPrz 0.032300 0.175200 0.060600 0.180900 0.087600 0.044800 0.048500 0.000000 0.040200 0.082900 0.036500 0.052500 0.044400 0.053000 0.088000 0.035900 0.061700 0.078900 0.061300 0.052500 0.027800 0.040600 0.078400 0.077700 0.044600 0.039500 0.060500 0.044200 0.027800 0.047300 0.074300 0.044500 0.104500 0.057000 0.057000 0.065900 0.048900 0.056700 0.044600 0.109200 0.074100 0.031800 0.069700 0.069500 0.074400 0.036100 0.027900 0.069900 0.070000 0.065400 0.048200 0.052400
MountainNy 0.044700 0.164900 0.052400 0.161100 0.100600 0.048900 0.044300 0.040200 0.000000 0.100300 0.040600 0.052500 0.040300 0.057100 0.088000 0.027800 0.074200 0.078700 0.057100 0.036100 0.036100 0.044700 0.095700 0.094800 0.048700 0.048600 0.048100 0.036100 0.027900 0.040000 0.091600 0.040400 0.090700 0.044500 0.044500 0.057200 0.053100 0.060900 0.044600 0.127000 0.091300 0.040100 0.086800 0.086500 0.065800 0.036000 0.044300 0.061300 0.070000 0.065300 0.056400 0.036000
MuntiacusM 0.092200 0.220100 0.112900 0.240200 0.156600 0.105600 0.109100 0.082900 0.100300 0.000000 0.096800 0.104400 0.104900 0.113800 0.138500 0.095200 0.109900 0.105700 0.114100 0.113300 0.095800 0.101100 0.023500 0.048200 0.105100 0.109400 0.121500 0.103000 0.095700 0.108500 0.016000 0.096000 0.150000 0.118600 0.118500 0.128600 0.110300 0.122300 0.096500 0.078500 0.015700 0.100100 0.011900 0.040300 0.137600 0.095800 0.086900 0.123400 0.109600 0.109400 0.108400 0.104300
goat 0.012100 0.186700 0.065400 0.172900 0.097300 0.016200 0.044600 0.036500 0.040600 0.096800 0.000000 0.048800 0.048900 0.057500 0.084500 0.040300 0.062300 0.075300 0.032400 0.057200 0.040600 0.011800 0.092200 0.100100 0.016100 0.053200 0.056700 0.048800 0.040500 0.052800 0.088000 0.040700 0.100800 0.053200 0.044600 0.070900 0.020200 0.057300 0.049300 0.123700 0.087800 0.044700 0.083200 0.091800 0.079500 0.040600 0.048900 0.062000 0.066400 0.061700 0.052800 0.057100
AfricanBuf 0.048700 0.169600 0.048200 0.170600 0.109300 0.053000 0.060900 0.052500 0.052500 0.104400 0.048800 0.000000 0.065200 0.073900 0.083400 0.048100 0.069900 0.065800 0.057000 0.031200 0.048400 0.048700 0.099800 0.107700 0.056900 0.052600 0.072900 0.031900 0.047100 0.035900 0.095700 0.056300 0.099700 0.069600 0.069500 0.036400 0.057100 0.064900 0.057000 0.122200 0.095400 0.044100 0.090900 0.099400 0.044700 0.048300 0.056600 0.069600 0.074100 0.061000 0.035000 0.040100
Topi 0.044600 0.185200 0.073400 0.181400 0.114200 0.057200 0.052600 0.044400 0.040300 0.104900 0.048900 0.065200 0.000000 0.065500 0.101400 0.040000 0.087600 0.083400 0.065400 0.056800 0.048500 0.053000 0.100300 0.099400 0.057000 0.061200 0.039700 0.056800 0.040000 0.060800 0.096100 0.048600 0.095600 0.019800 0.044300 0.070300 0.061400 0.073700 0.048800 0.131900 0.095200 0.052600 0.091300 0.091000 0.078800 0.048500 0.048500 0.074300 0.083000 0.078300 0.068300 0.056700
CommonDuik 0.061600 0.194900 0.082200 0.200200 0.123800 0.066000 0.052800 0.053000 0.057100 0.113800 0.057500 0.073900 0.065500 0.000000 0.106300 0.056700 0.079000 0.083500 0.074300 0.069700 0.056200 0.052200 0.109100 0.108100 0.057300 0.070000 0.073200 0.061600 0.057000 0.069400 0.105000 0.032200 0.108900 0.069900 0.069900 0.083500 0.070300 0.082500 0.066000 0.131900 0.104600 0.061200 0.100000 0.099700 0.092200 0.057100 0.065500 0.087600 0.083100 0.070000 0.073600 0.073800
Suni 0.088600 0.213300 0.096300 0.212800 0.123800 0.093200 0.096800 0.088000 0.088000 0.138500 0.084500 0.083400 0.101400 0.106300 0.000000 0.074400 0.111400 0.116200 0.092800 0.092200 0.083600 0.088700 0.123900 0.141500 0.092800 0.088200 0.109100 0.083500 0.083400 0.087500 0.129300 0.088400 0.138200 0.106200 0.106100 0.098000 0.097600 0.100500 0.084300 0.161800 0.128900 0.079100 0.124000 0.132900 0.106900 0.083600 0.092300 0.102000 0.097700 0.101000 0.096200 0.083300
Springbuck 0.044400 0.164500 0.052000 0.156500 0.095600 0.048600 0.044000 0.035900 0.027800 0.095200 0.040300 0.048100 0.040000 0.056700 0.074400 0.000000 0.069700 0.074100 0.048400 0.039900 0.031800 0.044400 0.082100 0.089900 0.048400 0.044100 0.047800 0.039900 0.015500 0.043800 0.086600 0.040100 0.090800 0.044200 0.044200 0.052800 0.052700 0.056300 0.040200 0.121700 0.086400 0.035800 0.081900 0.081700 0.061200 0.031800 0.038500 0.056800 0.065300 0.052500 0.052000 0.031700
Okapi 0.066400 0.195000 0.095700 0.162200 0.129000 0.070800 0.083100 0.061700 0.074200 0.109900 0.062300 0.069900 0.087600 0.079000 0.111400 0.069700 0.000000 0.036500 0.087900 0.087300 0.065900 0.066400 0.105100 0.113100 0.070500 0.070300 0.095400 0.078600 0.065800 0.082600 0.101000 0.061700 0.118200 0.092200 0.092100 0.101500 0.075100 0.087300 0.070600 0.146300 0.100700 0.053100 0.104900 0.104700 0.110700 0.069900 0.065900 0.092400 0.087800 0.074400 0.082600 0.087100
Giraffe 0.079500 0.190500 0.100200 0.171900 0.129500 0.084000 0.087600 0.078900 0.078700 0.105700 0.075300 0.065800 0.083400 0.083500 0.116200 0.074100 0.036500 0.000000 0.092500 0.083100 0.074600 0.079600 0.100900 0.108900 0.083600 0.079100 0.091200 0.083100 0.074400 0.087100 0.096800 0.066100 0.096200 0.096800 0.096700 0.097200 0.088400 0.091800 0.075100 0.142100 0.096500 0.070100 0.100800 0.100500 0.106400 0.074300 0.074600 0.097000 0.092400 0.078900 0.087000 0.091700
TibetanAnt 0.036500 0.200700 0.069100 0.191100 0.114700 0.040700 0.061100 0.061300 0.057100 0.114100 0.032400 0.057000 0.065400 0.074300 0.092800 0.048400 0.087900 0.092500 0.000000 0.065400 0.057000 0.036500 0.109300 0.117300 0.039900 0.069900 0.073200 0.057000 0.056900 0.061000 0.105200 0.057200 0.118100 0.069900 0.061400 0.079200 0.044900 0.073900 0.065600 0.141300 0.104900 0.059700 0.100300 0.108900 0.087900 0.057000 0.065500 0.078800 0.083300 0.070000 0.068700 0.056900
Sitatunga 0.061300 0.179400 0.031900 0.189800 0.109300 0.065600 0.060800 0.052500 0.036100 0.113300 0.057200 0.031200 0.056800 0.069700 0.092200 0.039900 0.087300 0.083100 0.065400 0.000000 0.048500 0.057100 0.108600 0.107700 0.065300 0.061000 0.064500 0.007900 0.040100 0.019800 0.105000 0.056900 0.108600 0.061100 0.061000 0.036500 0.069900 0.064900 0.057000 0.131400 0.104200 0.052400 0.099600 0.099300 0.044700 0.048300 0.056600 0.082600 0.082600 0.065300 0.019700 0.015500
Oribi 0.044600 0.179900 0.055400 0.185500 0.083100 0.048900 0.044300 0.027800 0.036100 0.095800 0.040600 0.048400 0.048500 0.056200 0.083600 0.031800 0.065900 0.074600 0.057000 0.048500 0.000000 0.044700 0.091300 0.090500 0.048700 0.027200 0.056300 0.040100 0.015400 0.043000 0.086100 0.040400 0.100000 0.052800 0.052800 0.061600 0.053100 0.051200 0.040000 0.122500 0.087600 0.019800 0.082400 0.082200 0.070100 0.032000 0.031400 0.065600 0.065700 0.061100 0.052300 0.048300
BarbaryShe 0.007900 0.186300 0.070100 0.172600 0.101600 0.011800 0.048700 0.040600 0.044700 0.101100 0.011800 0.048700 0.053000 0.052200 0.088700 0.044400 0.066400 0.079600 0.036500 0.057100 0.044700 0.000000 0.096400 0.104400 0.019700 0.057400 0.060800 0.048800 0.044600 0.056900 0.092300 0.043500 0.105100 0.057300 0.048900 0.070700 0.015700 0.061400 0.053400 0.128000 0.092000 0.048800 0.087400 0.095800 0.079300 0.044700 0.052800 0.066100 0.070500 0.057400 0.052800 0.061200
Daviddeer 0.087600 0.224700 0.117100 0.224900 0.151500 0.100900 0.104400 0.078400 0.095700 0.023500 0.092200 0.099800 0.100300 0.109100 0.123900 0.082100 0.105100 0.100900 0.109300 0.108600 0.091300 0.096400 0.000000 0.043400 0.100400 0.104700 0.116800 0.099800 0.082500 0.103800 0.015600 0.091400 0.145000 0.113800 0.113700 0.123700 0.105300 0.117600 0.091800 0.074000 0.015600 0.095400 0.019600 0.036100 0.132700 0.091200 0.086700 0.109600 0.109300 0.096000 0.112600 0.108400
Reindeer 0.094500 0.203100 0.116100 0.238200 0.150000 0.109700 0.103500 0.077700 0.094800 0.048200 0.100100 0.107700 0.099400 0.108100 0.141500 0.089900 0.113100 0.108900 0.117300 0.107700 0.090500 0.104400 0.043400 0.000000 0.107900 0.103800 0.107100 0.099000 0.090300 0.103000 0.039900 0.090600 0.143700 0.112800 0.112700 0.122600 0.113100 0.116600 0.091000 0.069200 0.040000 0.094700 0.044000 0.015500 0.131400 0.090500 0.086100 0.126600 0.118200 0.112700 0.111700 0.107500
Ibex 0.019600 0.185700 0.072100 0.181400 0.105600 0.024200 0.052700 0.044600 0.048700 0.105100 0.016100 0.056900 0.057000 0.057300 0.092800 0.048400 0.070500 0.083600 0.039900 0.065300 0.048700 0.019700 0.100400 0.107900 0.000000 0.061400 0.064700 0.056900 0.048600 0.060900 0.096300 0.048800 0.109100 0.053000 0.052900 0.079100 0.028300 0.065400 0.057400 0.132100 0.096000 0.052800 0.091500 0.100000 0.087800 0.048600 0.057000 0.070100 0.074600 0.069900 0.060900 0.065200
GyrantGaze 0.057300 0.185100 0.069200 0.190700 0.105400 0.061700 0.056900 0.039500 0.048600 0.109400 0.053200 0.052600 0.061200 0.070000 0.088200 0.044100 0.070300 0.079100 0.069900 0.061000 0.027200 0.057400 0.104700 0.103800 0.061400 0.000000 0.069200 0.052600 0.027900 0.056600 0.099400 0.053000 0.104600 0.065600 0.065500 0.074600 0.065900 0.065300 0.048800 0.136500 0.100400 0.015400 0.095700 0.095400 0.083200 0.044400 0.043100 0.078000 0.078800 0.074000 0.064900 0.060900
Hartebeest 0.060700 0.169000 0.081100 0.179700 0.113000 0.065000 0.060300 0.060500 0.048100 0.121500 0.056700 0.072900 0.039700 0.073200 0.109100 0.047800 0.095400 0.091200 0.073200 0.064500 0.056300 0.060800 0.116800 0.107100 0.064700 0.069200 0.000000 0.064500 0.048000 0.068500 0.112600 0.048300 0.099000 0.035700 0.060500 0.073800 0.060800 0.077200 0.065000 0.130400 0.103500 0.060400 0.107800 0.098700 0.082300 0.056300 0.064600 0.082100 0.090800 0.086000 0.068500 0.064400
Bongo 0.052900 0.189200 0.023800 0.194600 0.104900 0.057200 0.052500 0.044200 0.036100 0.103000 0.048800 0.031900 0.056800 0.061600 0.083500 0.039900 0.078600 0.083100 0.057000 0.007900 0.040100 0.048800 0.099800 0.099000 0.056900 0.052600 0.064500 0.000000 0.040000 0.011600 0.095700 0.048600 0.108700 0.061100 0.061000 0.044800 0.061400 0.064900 0.048700 0.122700 0.095400 0.044200 0.090900 0.090600 0.053100 0.040100 0.047400 0.074000 0.074100 0.056900 0.019400 0.015800
Gerenuk 0.044600 0.170000 0.056400 0.166400 0.091700 0.048800 0.044200 0.027800 0.027900 0.095700 0.040500 0.047100 0.040000 0.057000 0.083400 0.015500 0.065800 0.074400 0.056900 0.040100 0.015400 0.044600 0.082500 0.090300 0.048600 0.027900 0.048000 0.040000 0.000000 0.044000 0.087000 0.040300 0.099800 0.044400 0.044400 0.053100 0.053000 0.052400 0.040400 0.122200 0.086700 0.019600 0.082300 0.082000 0.061400 0.032000 0.031800 0.057100 0.065600 0.052700 0.051000 0.040000
CommonElan 0.056900 0.193300 0.026900 0.189400 0.108900 0.061200 0.048200 0.047300 0.040000 0.108500 0.052800 0.035900 0.060800 0.069400 0.087500 0.043800 0.082600 0.087100 0.061000 0.019800 0.043000 0.056900 0.103800 0.103000 0.060900 0.056600 0.068500 0.011600 0.044000 0.000000 0.099700 0.052600 0.112700 0.065100 0.064400 0.048800 0.065500 0.068900 0.052600 0.126300 0.099500 0.048100 0.094900 0.094700 0.057100 0.035900 0.052300 0.078000 0.078200 0.056700 0.031700 0.019800
MuntiacusR 0.083500 0.220300 0.113000 0.230300 0.147300 0.096900 0.100300 0.074300 0.091600 0.016000 0.088000 0.095700 0.096100 0.105000 0.129300 0.086600 0.101000 0.096800 0.105200 0.105000 0.086100 0.092300 0.015600 0.039900 0.096300 0.099400 0.112600 0.095700 0.087000 0.099700 0.000000 0.087300 0.140800 0.109700 0.109500 0.119500 0.101100 0.113400 0.087700 0.070000 0.007800 0.092200 0.011700 0.031100 0.128500 0.078400 0.078300 0.114400 0.105200 0.100600 0.108500 0.104300
HarveysDui 0.044800 0.175200 0.065100 0.180700 0.105600 0.049000 0.035400 0.044500 0.040400 0.096000 0.040700 0.056300 0.048600 0.032200 0.088400 0.040100 0.061700 0.066100 0.057200 0.056900 0.040400 0.043500 0.091400 0.090600 0.048800 0.053000 0.048300 0.048600 0.040300 0.052600 0.087300 0.000000 0.091200 0.043400 0.052900 0.070500 0.053200 0.065400 0.049000 0.104800 0.078400 0.043600 0.082500 0.082300 0.079100 0.040400 0.048700 0.065900 0.065800 0.061500 0.060900 0.056800
Pronghorn 0.105000 0.193800 0.126100 0.214600 0.151300 0.109600 0.095400 0.104500 0.090700 0.150000 0.100800 0.099700 0.095600 0.108900 0.138200 0.090800 0.118200 0.096200 0.118100 0.108600 0.100000 0.105100 0.145000 0.143700 0.109100 0.104600 0.099000 0.108700 0.099800 0.112700 0.140800 0.091200 0.000000 0.109000 0.113400 0.118700 0.114000 0.108600 0.100700 0.159100 0.140400 0.095400 0.135600 0.135200 0.128100 0.099700 0.108900 0.132300 0.127600 0.122500 0.112600 0.117400
BlueWildeb 0.057300 0.180900 0.077800 0.196100 0.119000 0.059800 0.056900 0.057000 0.044500 0.118600 0.053200 0.069600 0.019800 0.069900 0.106200 0.044200 0.092200 0.096800 0.069900 0.061100 0.052800 0.057300 0.113800 0.112800 0.053000 0.065600 0.035700 0.061100 0.044400 0.065100 0.109700 0.043400 0.109000 0.000000 0.048600 0.074800 0.065800 0.078100 0.053100 0.136700 0.100400 0.056900 0.104700 0.104400 0.083400 0.052800 0.061200 0.078800 0.087500 0.082800 0.073500 0.061000
Gemsbok 0.048900 0.190300 0.077700 0.195700 0.110000 0.053200 0.056800 0.057000 0.044500 0.118500 0.044600 0.069500 0.044300 0.069900 0.106100 0.044200 0.092100 0.096700 0.061400 0.061000 0.052800 0.048900 0.113700 0.112700 0.052900 0.065500 0.060500 0.061000 0.044400 0.064400 0.109500 0.052900 0.113400 0.048600 0.000000 0.074700 0.057400 0.069500 0.057300 0.145800 0.109200 0.055400 0.104600 0.104300 0.074700 0.052700 0.061100 0.083000 0.087500 0.082700 0.073400 0.060900
Yak 0.070700 0.181100 0.061400 0.186700 0.110900 0.075200 0.074500 0.065900 0.057200 0.128600 0.070900 0.036400 0.070300 0.083500 0.098000 0.052800 0.101500 0.097200 0.079200 0.036500 0.061600 0.070700 0.123700 0.122600 0.079100 0.074600 0.073800 0.044800 0.053100 0.048800 0.119500 0.070500 0.118700 0.074800 0.074700 0.000000 0.079500 0.061400 0.070600 0.142600 0.119100 0.065800 0.114400 0.114000 0.008000 0.061400 0.070100 0.096900 0.097100 0.083400 0.048800 0.044700
BlueSheep 0.015900 0.196400 0.078100 0.172600 0.110600 0.020100 0.057100 0.048900 0.053100 0.110300 0.020200 0.057100 0.061400 0.070300 0.097600 0.052700 0.075100 0.088400 0.044900 0.069900 0.053100 0.015700 0.105300 0.113100 0.028300 0.065900 0.060800 0.061400 0.053000 0.065500 0.101100 0.053200 0.114000 0.065800 0.057400 0.079500 0.000000 0.069900 0.061900 0.137200 0.100800 0.057200 0.096200 0.104800 0.088100 0.053000 0.061500 0.074800 0.078700 0.074400 0.065400 0.069700
BohorReedb 0.061400 0.194100 0.081600 0.199900 0.044600 0.065700 0.069300 0.056700 0.060900 0.122300 0.057300 0.064900 0.073700 0.082500 0.100500 0.056300 0.087300 0.091800 0.073900 0.064900 0.051200 0.061400 0.117600 0.116600 0.065400 0.065300 0.077200 0.064900 0.052400 0.068900 0.113400 0.065400 0.108600 0.078100 0.069500 0.061400 0.069900 0.000000 0.065500 0.140400 0.113100 0.056600 0.108500 0.108200 0.069800 0.056700 0.060900 0.091300 0.082800 0.082000 0.068800 0.073300
KirksDik 0.051800 0.181200 0.065200 0.196200 0.097400 0.057700 0.052900 0.044600 0.044600 0.096500 0.049300 0.057000 0.048800 0.066000 0.084300 0.040200 0.070600 0.075100 0.065600 0.057000 0.040000 0.053400 0.091800 0.091000 0.057400 0.048800 0.065000 0.048700 0.040400 0.052600 0.087700 0.049000 0.100700 0.053100 0.057300 0.070600 0.061900 0.065500 0.000000 0.132400 0.087500 0.043800 0.090800 0.074100 0.079200 0.040400 0.048700 0.074600 0.074800 0.061500 0.061000 0.056900
RoeDeer 0.118900 0.240600 0.130900 0.271400 0.165700 0.132700 0.128000 0.109200 0.127000 0.078500 0.123700 0.122200 0.131900 0.131900 0.161800 0.121700 0.146300 0.142100 0.141300 0.131400 0.122500 0.128000 0.074000 0.069200 0.132100 0.136500 0.130400 0.122700 0.122200 0.126300 0.070000 0.104800 0.159100 0.136700 0.145800 0.142600 0.137200 0.140400 0.132400 0.000000 0.059500 0.126800 0.065400 0.061000 0.151700 0.122500 0.117900 0.151000 0.141300 0.131800 0.135300 0.131200
WhiteLippe 0.083200 0.219700 0.112600 0.229700 0.146800 0.096500 0.100000 0.074100 0.091300 0.015700 0.087800 0.095400 0.095200 0.104600 0.128900 0.086400 0.100700 0.096500 0.104900 0.104200 0.087600 0.092000 0.015600 0.040000 0.096000 0.100400 0.103500 0.095400 0.086700 0.099500 0.007800 0.078400 0.140400 0.100400 0.109200 0.119100 0.100800 0.113100 0.087500 0.059500 0.000000 0.091100 0.011800 0.032000 0.128100 0.086900 0.078100 0.114000 0.104400 0.100600 0.108200 0.104000
ThomsonGaz 0.048700 0.165000 0.060500 0.170800 0.096100 0.053000 0.048400 0.031800 0.040100 0.100100 0.044700 0.044100 0.052600 0.061200 0.079100 0.035800 0.053100 0.070100 0.059700 0.052400 0.019800 0.048800 0.095400 0.094700 0.052800 0.015400 0.060400 0.044200 0.019600 0.048100 0.092200 0.043600 0.095400 0.056900 0.055400 0.065800 0.057200 0.056600 0.043800 0.126800 0.091100 0.000000 0.086600 0.086400 0.074200 0.036000 0.035900 0.069700 0.069900 0.065300 0.056300 0.052300
MuntiacusC 0.078700 0.204200 0.099200 0.224300 0.141900 0.091900 0.095500 0.069700 0.086800 0.011900 0.083200 0.090900 0.091300 0.100000 0.124000 0.081900 0.104900 0.100800 0.100300 0.099600 0.082400 0.087400 0.019600 0.044000 0.091500 0.095700 0.107800 0.090900 0.082300 0.094900 0.011700 0.082500 0.135600 0.104700 0.104600 0.114400 0.096200 0.108500 0.090800 0.065400 0.011800 0.086600 0.000000 0.036000 0.123300 0.082400 0.073700 0.109400 0.095800 0.095700 0.094900 0.090700
WhiteTaile 0.087200 0.198900 0.107700 0.233700 0.141400 0.100500 0.095200 0.069500 0.086500 0.040300 0.091800 0.099400 0.091000 0.099700 0.132900 0.081700 0.104700 0.100500 0.108900 0.099300 0.082200 0.095800 0.036100 0.015500 0.100000 0.095400 0.098700 0.090600 0.082000 0.094700 0.031100 0.082300 0.135200 0.104400 0.104300 0.114000 0.104800 0.108200 0.074100 0.061000 0.032000 0.086400 0.036000 0.000000 0.122900 0.082200 0.077900 0.118000 0.108800 0.095500 0.103300 0.099200
Cattle 0.079400 0.191400 0.069800 0.196800 0.110900 0.083800 0.074400 0.074400 0.065800 0.137600 0.079500 0.044700 0.078800 0.092200 0.106900 0.061200 0.110700 0.106400 0.087900 0.044700 0.070100 0.079300 0.132700 0.131400 0.087800 0.083200 0.082300 0.053100 0.061400 0.057100 0.128500 0.079100 0.128100 0.083400 0.074700 0.008000 0.088100 0.069800 0.079200 0.151700 0.128100 0.074200 0.123300 0.122900 0.000000 0.070100 0.078600 0.105700 0.105900 0.092000 0.057100 0.053000
RoyalAntel 0.044600 0.179200 0.056400 0.175600 0.096200 0.048900 0.036100 0.036100 0.036000 0.095800 0.040600 0.048300 0.048500 0.057100 0.083600 0.031800 0.069900 0.074300 0.057000 0.048300 0.032000 0.044700 0.091200 0.090500 0.048600 0.044400 0.056300 0.040100 0.032000 0.035900 0.078400 0.040400 0.099700 0.052800 0.052700 0.061400 0.053000 0.056700 0.040400 0.122500 0.086900 0.036000 0.082400 0.082200 0.070100 0.000000 0.040200 0.065600 0.065700 0.052800 0.052300 0.048300
Steenbok 0.044700 0.189500 0.064800 0.195100 0.100500 0.057300 0.052600 0.027900 0.044300 0.086900 0.048900 0.056600 0.048500 0.065500 0.092300 0.038500 0.065900 0.074600 0.065500 0.056600 0.031400 0.052800 0.086700 0.086100 0.057000 0.043100 0.064600 0.047400 0.031800 0.052300 0.078300 0.048700 0.108900 0.061200 0.061100 0.070100 0.061500 0.060900 0.048700 0.117900 0.078100 0.035900 0.073700 0.077900 0.078600 0.040200 0.000000 0.074100 0.074300 0.069600 0.060600 0.056600
Impala 0.066100 0.200900 0.090900 0.186900 0.133500 0.070500 0.074100 0.069900 0.061300 0.123400 0.062000 0.069600 0.074300 0.087600 0.102000 0.056800 0.092400 0.097000 0.078800 0.082600 0.065600 0.066100 0.109600 0.126600 0.070100 0.078000 0.082100 0.074000 0.057100 0.078000 0.114400 0.065900 0.132300 0.078800 0.083000 0.096900 0.074800 0.091300 0.074600 0.151000 0.114000 0.069700 0.109400 0.118000 0.105700 0.065600 0.074100 0.000000 0.087800 0.078700 0.086600 0.082500
Klipspring 0.070500 0.190700 0.086800 0.205600 0.124200 0.066300 0.078600 0.070000 0.070000 0.109600 0.066400 0.074100 0.083000 0.083100 0.097700 0.065300 0.087800 0.092400 0.083300 0.082600 0.065700 0.070500 0.109300 0.118200 0.074600 0.078800 0.090800 0.074100 0.065600 0.078200 0.105200 0.065800 0.127600 0.087500 0.087500 0.097100 0.078700 0.082800 0.074800 0.141300 0.104400 0.069900 0.095800 0.108800 0.105900 0.065700 0.074300 0.087800 0.000000 0.087500 0.082400 0.078300
ForestMusk 0.065800 0.215000 0.077700 0.191100 0.122900 0.070200 0.065400 0.065400 0.065300 0.109400 0.061700 0.061000 0.078300 0.070000 0.101000 0.052500 0.074400 0.078900 0.070000 0.065300 0.061100 0.057400 0.096000 0.112700 0.069900 0.074000 0.086000 0.056900 0.052700 0.056700 0.100600 0.061500 0.122500 0.082800 0.082700 0.083400 0.074400 0.082000 0.061500 0.131800 0.100600 0.065300 0.095700 0.095500 0.092000 0.052800 0.069600 0.078700 0.087500 0.000000 0.069200 0.069400
Bushbuck 0.056900 0.183400 0.035800 0.194200 0.113600 0.061200 0.064800 0.048200 0.056400 0.108400 0.052800 0.035000 0.068300 0.073600 0.096200 0.052000 0.082600 0.087000 0.068700 0.019700 0.052300 0.052800 0.112600 0.111700 0.060900 0.064900 0.068500 0.019400 0.051000 0.031700 0.108500 0.060900 0.112600 0.073500 0.073400 0.048800 0.065400 0.068800 0.061000 0.135300 0.108200 0.056300 0.094900 0.103300 0.057100 0.052300 0.060600 0.086600 0.082400 0.069200 0.000000 0.027200
GreaterKud 0.061200 0.174400 0.019800 0.184800 0.113600 0.065500 0.060700 0.052400 0.036000 0.104300 0.057100 0.040100 0.056700 0.073800 0.083300 0.031700 0.087100 0.091700 0.056900 0.015500 0.048300 0.061200 0.108400 0.107500 0.065200 0.060900 0.064400 0.015800 0.040000 0.019800 0.104300 0.056800 0.117400 0.061000 0.060900 0.044700 0.069700 0.073300 0.056900 0.131200 0.104000 0.052300 0.090700 0.099200 0.053000 0.048300 0.056600 0.082500 0.078300 0.069400 0.027200 0.000000
