CODONML (in paml version 4.10.7, June 2023)  /home/rachel/ruminants_paml/6406-phy-tree/ENSBTAT00000028982.fasta.phy
Model: free dN/dS Ratios for branches,  kappa = 2.000 fixed

Codon frequency model: F3x4
ns =  54  ls =  35

Codon usage in sequences
--------------------------------------------------------------------------------------------------------------------------------------
Phe TTT   0   0   0   0   0   0 | Ser TCT   0   0   0   0   0   0 | Tyr TAT   0   0   0   0   0   0 | Cys TGT   1   1   0   0   0   0
    TTC   1   1   1   1   1   1 |     TCC   0   0   0   0   0   0 |     TAC   1   1   1   1   1   1 |     TGC   3   3   4   4   4   4
Leu TTA   0   0   0   0   0   0 |     TCA   0   0   0   0   0   0 | *** TAA   0   0   0   0   0   0 | *** TGA   0   0   0   0   0   0
    TTG   0   0   0   0   0   0 |     TCG   0   0   0   0   0   0 |     TAG   0   0   0   0   0   0 | Trp TGG   2   2   2   2   2   2
--------------------------------------------------------------------------------------------------------------------------------------
Leu CTT   0   0   0   0   0   0 | Pro CCT   0   0   0   0   0   0 | His CAT   0   0   0   0   0   0 | Arg CGT   1   0   1   1   0   1
    CTC   0   0   0   0   0   0 |     CCC   0   1   1   1   1   1 |     CAC   0   0   0   0   0   0 |     CGC   1   2   1   1   1   1
    CTA   0   0   0   0   0   0 |     CCA   0   0   0   0   0   0 | Gln CAA   0   0   0   0   0   0 |     CGA   0   1   0   1   0   0
    CTG   0   0   0   0   0   0 |     CCG   1   0   0   0   0   0 |     CAG   1   1   1   1   1   1 |     CGG   3   2   3   2   3   3
--------------------------------------------------------------------------------------------------------------------------------------
Ile ATT   0   0   0   1   0   1 | Thr ACT   1   0   1   0   1   0 | Asn AAT   1   0   1   0   0   0 | Ser AGT   0   0   0   0   0   0
    ATC   0   0   0   0   0   0 |     ACC   0   1   0   0   0   0 |     AAC   0   1   0   1   1   1 |     AGC   0   0   0   0   0   0
    ATA   0   0   0   0   0   0 |     ACA   0   0   1   0   0   0 | Lys AAA   0   1   0   0   0   0 | Arg AGA   0   0   0   0   0   0
Met ATG   2   2   2   2   2   2 |     ACG   1   1   0   1   1   1 |     AAG   6   5   6   6   6   6 |     AGG   0   0   0   0   1   0
--------------------------------------------------------------------------------------------------------------------------------------
Val GTT   0   0   0   0   0   0 | Ala GCT   0   0   1   0   0   0 | Asp GAT   0   0   0   0   0   0 | Gly GGT   0   1   0   0   0   0
    GTC   0   0   0   0   0   0 |     GCC   2   2   1   2   2   2 |     GAC   1   1   1   1   1   1 |     GGC   2   1   2   2   2   2
    GTA   0   0   0   0   0   0 |     GCA   0   0   0   0   0   0 | Glu GAA   0   0   0   0   0   0 |     GGA   1   1   1   1   1   1
    GTG   1   1   1   1   1   1 |     GCG   0   0   0   0   0   0 |     GAG   2   2   2   2   2   2 |     GGG   0   0   0   0   0   0
--------------------------------------------------------------------------------------------------------------------------------------

--------------------------------------------------------------------------------------------------------------------------------------
Phe TTT   0   0   0   0   0   0 | Ser TCT   0   0   0   0   0   0 | Tyr TAT   0   0   0   0   0   0 | Cys TGT   1   1   1   1   0   0
    TTC   1   1   1   1   1   1 |     TCC   0   0   0   0   0   0 |     TAC   1   1   1   1   1   1 |     TGC   3   3   3   3   4   4
Leu TTA   0   0   0   0   0   0 |     TCA   0   0   0   0   0   0 | *** TAA   0   0   0   0   0   0 | *** TGA   0   0   0   0   0   0
    TTG   0   0   0   0   0   0 |     TCG   0   0   0   0   0   0 |     TAG   0   0   0   0   0   0 | Trp TGG   2   2   2   2   2   2
--------------------------------------------------------------------------------------------------------------------------------------
Leu CTT   0   0   0   0   0   0 | Pro CCT   0   0   0   0   0   0 | His CAT   0   0   0   0   0   0 | Arg CGT   1   1   1   1   1   1
    CTC   0   0   0   0   0   0 |     CCC   1   0   1   1   1   1 |     CAC   0   0   0   0   0   0 |     CGC   1   1   1   2   1   1
    CTA   0   0   0   0   0   0 |     CCA   0   0   0   0   0   0 | Gln CAA   0   0   0   0   0   0 |     CGA   0   0   0   1   0   0
    CTG   0   0   0   0   0   0 |     CCG   0   1   0   0   0   0 |     CAG   1   1   1   1   1   1 |     CGG   3   3   3   1   3   2
--------------------------------------------------------------------------------------------------------------------------------------
Ile ATT   0   0   0   0   0   1 | Thr ACT   1   1   1   1   1   0 | Asn AAT   1   1   1   1   1   0 | Ser AGT   0   0   0   0   0   0
    ATC   0   0   0   0   0   0 |     ACC   0   0   0   0   0   0 |     AAC   0   0   0   0   0   1 |     AGC   0   0   0   0   0   0
    ATA   0   0   0   0   0   0 |     ACA   0   0   0   0   1   1 | Lys AAA   0   0   0   0   0   0 | Arg AGA   0   0   0   0   0   0
Met ATG   2   2   2   2   2   2 |     ACG   1   1   1   1   0   0 |     AAG   6   6   6   6   6   6 |     AGG   0   0   0   0   0   1
--------------------------------------------------------------------------------------------------------------------------------------
Val GTT   0   0   0   0   0   0 | Ala GCT   0   0   0   0   0   0 | Asp GAT   0   0   0   0   0   0 | Gly GGT   0   0   0   0   0   0
    GTC   0   0   0   0   0   0 |     GCC   2   2   2   2   2   2 |     GAC   1   1   1   1   1   1 |     GGC   2   2   2   2   2   2
    GTA   0   0   0   0   0   0 |     GCA   0   0   0   0   0   0 | Glu GAA   0   0   0   0   0   0 |     GGA   1   1   1   1   1   1
    GTG   1   1   1   1   1   1 |     GCG   0   0   0   0   0   0 |     GAG   2   2   2   2   2   2 |     GGG   0   0   0   0   0   0
--------------------------------------------------------------------------------------------------------------------------------------

--------------------------------------------------------------------------------------------------------------------------------------
Phe TTT   0   0   0   0   0   0 | Ser TCT   0   0   0   0   0   0 | Tyr TAT   0   0   0   0   0   0 | Cys TGT   1   0   1   1   1   1
    TTC   1   1   1   1   1   1 |     TCC   0   0   0   0   0   0 |     TAC   1   1   1   1   1   1 |     TGC   3   4   3   3   3   3
Leu TTA   0   0   0   0   0   0 |     TCA   0   0   0   0   0   0 | *** TAA   0   0   0   0   0   0 | *** TGA   0   0   0   0   0   0
    TTG   0   0   0   0   0   0 |     TCG   0   0   0   0   0   0 |     TAG   0   0   0   0   0   0 | Trp TGG   2   2   2   2   2   2
--------------------------------------------------------------------------------------------------------------------------------------
Leu CTT   0   0   0   0   0   0 | Pro CCT   0   0   0   0   0   0 | His CAT   0   0   0   0   0   0 | Arg CGT   1   1   1   1   1   1
    CTC   0   0   0   0   0   0 |     CCC   1   1   1   1   1   1 |     CAC   0   0   0   0   0   0 |     CGC   1   2   1   1   1   1
    CTA   0   0   0   0   0   0 |     CCA   0   0   0   0   0   0 | Gln CAA   0   0   0   0   0   0 |     CGA   0   0   0   0   0   0
    CTG   0   0   0   0   0   0 |     CCG   0   0   0   0   0   0 |     CAG   1   1   1   1   1   1 |     CGG   3   2   3   3   3   3
--------------------------------------------------------------------------------------------------------------------------------------
Ile ATT   0   0   0   0   0   0 | Thr ACT   1   0   1   1   1   1 | Asn AAT   1   1   1   1   1   1 | Ser AGT   0   0   0   0   0   0
    ATC   0   0   0   0   0   0 |     ACC   0   1   0   0   0   0 |     AAC   0   0   0   0   0   0 |     AGC   0   0   0   0   0   0
    ATA   0   0   0   0   0   0 |     ACA   0   0   1   0   1   0 | Lys AAA   0   0   0   0   0   0 | Arg AGA   0   0   0   0   0   0
Met ATG   2   2   2   2   2   2 |     ACG   1   1   0   1   0   1 |     AAG   6   6   6   6   6   6 |     AGG   0   0   0   0   0   0
--------------------------------------------------------------------------------------------------------------------------------------
Val GTT   0   0   0   0   0   0 | Ala GCT   0   0   0   0   0   0 | Asp GAT   0   0   0   0   0   0 | Gly GGT   0   0   0   0   0   0
    GTC   0   0   0   0   0   0 |     GCC   2   2   2   2   2   2 |     GAC   1   1   1   1   1   1 |     GGC   2   2   2   2   2   2
    GTA   0   0   0   0   0   0 |     GCA   0   0   0   0   0   0 | Glu GAA   0   0   0   0   0   0 |     GGA   1   1   1   1   1   1
    GTG   1   1   1   1   1   1 |     GCG   0   0   0   0   0   0 |     GAG   2   2   2   2   2   2 |     GGG   0   0   0   0   0   0
--------------------------------------------------------------------------------------------------------------------------------------

--------------------------------------------------------------------------------------------------------------------------------------
Phe TTT   0   0   0   0   1   0 | Ser TCT   0   0   0   0   0   0 | Tyr TAT   1   1   0   0   0   0 | Cys TGT   0   0   1   0   0   1
    TTC   1   1   1   1   0   1 |     TCC   0   0   0   0   0   0 |     TAC   0   0   1   1   1   1 |     TGC   4   4   3   4   4   3
Leu TTA   0   0   0   0   0   0 |     TCA   0   0   0   0   0   0 | *** TAA   0   0   0   0   0   0 | *** TGA   0   0   0   0   0   0
    TTG   0   0   0   0   0   0 |     TCG   0   0   0   0   0   0 |     TAG   0   0   0   0   0   0 | Trp TGG   2   2   2   2   2   2
--------------------------------------------------------------------------------------------------------------------------------------
Leu CTT   0   0   0   0   0   0 | Pro CCT   0   0   0   0   0   0 | His CAT   0   0   0   0   0   0 | Arg CGT   1   1   1   1   1   1
    CTC   0   0   0   0   0   0 |     CCC   1   1   1   1   1   1 |     CAC   0   0   0   0   0   0 |     CGC   1   1   1   1   1   1
    CTA   0   0   0   0   0   0 |     CCA   0   0   0   0   0   0 | Gln CAA   0   0   0   0   0   0 |     CGA   0   0   0   0   0   0
    CTG   0   0   0   0   0   0 |     CCG   0   0   0   0   0   0 |     CAG   1   1   1   1   1   1 |     CGG   3   3   3   3   3   3
--------------------------------------------------------------------------------------------------------------------------------------
Ile ATT   1   1   0   0   0   0 | Thr ACT   0   0   1   1   1   1 | Asn AAT   0   0   1   1   0   1 | Ser AGT   0   0   0   0   0   0
    ATC   0   0   0   0   0   0 |     ACC   0   0   0   0   0   0 |     AAC   1   1   0   0   1   0 |     AGC   0   0   0   0   0   0
    ATA   0   0   0   0   0   0 |     ACA   0   0   0   1   0   0 | Lys AAA   0   0   0   0   0   0 | Arg AGA   0   0   0   0   0   0
Met ATG   2   2   2   2   2   2 |     ACG   1   1   1   0   1   1 |     AAG   6   6   6   6   6   6 |     AGG   0   0   0   0   0   0
--------------------------------------------------------------------------------------------------------------------------------------
Val GTT   0   0   0   0   0   0 | Ala GCT   0   0   0   0   0   0 | Asp GAT   0   0   0   0   0   0 | Gly GGT   0   0   0   0   0   0
    GTC   0   0   0   0   0   0 |     GCC   2   2   2   1   2   2 |     GAC   1   1   1   1   1   1 |     GGC   2   2   2   2   2   2
    GTA   0   0   0   0   0   0 |     GCA   0   0   0   1   0   0 | Glu GAA   0   0   0   1   0   0 |     GGA   1   1   1   1   1   1
    GTG   1   1   1   1   1   1 |     GCG   0   0   0   0   0   0 |     GAG   2   2   2   1   2   2 |     GGG   0   0   0   0   0   0
--------------------------------------------------------------------------------------------------------------------------------------

--------------------------------------------------------------------------------------------------------------------------------------
Phe TTT   0   0   0   0   0   0 | Ser TCT   0   0   0   0   0   0 | Tyr TAT   0   1   0   0   0   0 | Cys TGT   0   0   1   1   1   0
    TTC   1   1   1   1   1   1 |     TCC   0   0   0   0   0   0 |     TAC   1   0   1   1   1   1 |     TGC   4   4   3   3   3   4
Leu TTA   0   0   0   0   0   0 |     TCA   0   0   0   0   0   0 | *** TAA   0   0   0   0   0   0 | *** TGA   0   0   0   0   0   0
    TTG   0   0   0   0   0   0 |     TCG   0   0   0   0   0   0 |     TAG   0   0   0   0   0   0 | Trp TGG   2   2   2   2   2   2
--------------------------------------------------------------------------------------------------------------------------------------
Leu CTT   0   0   0   0   0   0 | Pro CCT   0   0   0   0   0   0 | His CAT   0   0   0   0   0   0 | Arg CGT   1   1   1   1   1   1
    CTC   0   0   0   0   0   0 |     CCC   1   1   1   1   1   1 |     CAC   0   0   0   0   0   0 |     CGC   1   1   1   1   1   1
    CTA   0   0   0   0   0   0 |     CCA   0   0   0   0   0   0 | Gln CAA   0   0   0   0   0   0 |     CGA   0   0   1   0   0   0
    CTG   0   0   0   0   0   0 |     CCG   0   0   0   0   0   0 |     CAG   1   1   1   1   1   1 |     CGG   2   2   2   3   3   3
--------------------------------------------------------------------------------------------------------------------------------------
Ile ATT   1   1   0   0   0   0 | Thr ACT   0   0   1   1   1   1 | Asn AAT   0   0   1   1   1   1 | Ser AGT   0   0   0   0   0   0
    ATC   0   0   0   0   0   0 |     ACC   0   0   0   0   0   0 |     AAC   1   1   0   0   0   0 |     AGC   0   0   0   0   0   0
    ATA   0   0   0   0   0   0 |     ACA   1   1   0   0   1   1 | Lys AAA   0   0   0   0   0   0 | Arg AGA   0   0   0   0   0   0
Met ATG   2   2   2   2   2   2 |     ACG   0   0   1   1   0   0 |     AAG   6   6   6   6   6   6 |     AGG   1   1   0   0   0   0
--------------------------------------------------------------------------------------------------------------------------------------
Val GTT   0   0   0   0   0   0 | Ala GCT   0   0   0   0   0   0 | Asp GAT   0   0   0   0   0   0 | Gly GGT   0   1   0   0   0   0
    GTC   0   0   0   0   0   0 |     GCC   2   2   2   2   2   2 |     GAC   1   1   1   1   1   1 |     GGC   2   1   2   2   2   2
    GTA   0   0   0   0   0   0 |     GCA   0   0   0   0   0   0 | Glu GAA   0   0   0   0   0   0 |     GGA   1   1   1   1   1   1
    GTG   1   1   1   1   1   1 |     GCG   0   0   0   0   0   0 |     GAG   2   2   2   2   2   2 |     GGG   0   0   0   0   0   0
--------------------------------------------------------------------------------------------------------------------------------------

--------------------------------------------------------------------------------------------------------------------------------------
Phe TTT   0   0   0   0   0   0 | Ser TCT   0   0   0   0   0   0 | Tyr TAT   0   0   0   0   0   0 | Cys TGT   1   0   0   1   0   1
    TTC   1   1   1   1   1   1 |     TCC   0   0   0   0   0   0 |     TAC   1   1   1   1   1   1 |     TGC   3   4   4   3   4   3
Leu TTA   0   0   0   0   0   0 |     TCA   0   0   0   0   0   0 | *** TAA   0   0   0   0   0   0 | *** TGA   0   0   0   0   0   0
    TTG   0   0   0   0   0   0 |     TCG   0   0   0   0   0   0 |     TAG   0   0   0   0   0   0 | Trp TGG   2   2   2   2   2   2
--------------------------------------------------------------------------------------------------------------------------------------
Leu CTT   0   0   0   0   0   0 | Pro CCT   0   0   0   0   0   0 | His CAT   0   0   0   0   0   0 | Arg CGT   1   1   1   1   0   1
    CTC   0   0   0   0   0   0 |     CCC   1   1   1   1   1   1 |     CAC   0   0   0   0   0   0 |     CGC   1   1   1   1   1   1
    CTA   0   0   0   0   0   0 |     CCA   0   0   0   0   0   0 | Gln CAA   0   0   0   0   0   0 |     CGA   0   0   0   0   0   0
    CTG   0   0   0   0   1   0 |     CCG   0   0   0   0   0   0 |     CAG   1   1   1   1   1   1 |     CGG   3   3   2   3   4   3
--------------------------------------------------------------------------------------------------------------------------------------
Ile ATT   0   0   1   0   0   0 | Thr ACT   1   1   0   1   1   1 | Asn AAT   1   1   0   1   0   1 | Ser AGT   0   0   0   0   0   0
    ATC   0   0   0   0   0   0 |     ACC   0   0   0   0   0   0 |     AAC   0   0   1   0   1   0 |     AGC   0   0   0   0   0   0
    ATA   0   0   0   0   0   0 |     ACA   0   1   1   0   1   1 | Lys AAA   0   0   0   0   0   0 | Arg AGA   0   0   0   0   0   0
Met ATG   2   2   2   2   1   2 |     ACG   1   0   0   1   0   0 |     AAG   6   6   6   6   6   6 |     AGG   0   0   1   0   0   0
--------------------------------------------------------------------------------------------------------------------------------------
Val GTT   0   0   0   0   0   0 | Ala GCT   0   0   0   0   0   0 | Asp GAT   0   0   0   0   0   0 | Gly GGT   0   0   0   0   0   0
    GTC   0   0   0   0   0   0 |     GCC   2   2   2   2   2   2 |     GAC   1   1   1   1   1   1 |     GGC   2   2   2   2   2   2
    GTA   0   0   0   0   0   0 |     GCA   0   0   0   0   0   0 | Glu GAA   0   0   0   0   0   0 |     GGA   1   1   1   1   1   1
    GTG   1   1   1   1   1   1 |     GCG   0   0   0   0   0   0 |     GAG   2   2   2   2   2   2 |     GGG   0   0   0   0   0   0
--------------------------------------------------------------------------------------------------------------------------------------

--------------------------------------------------------------------------------------------------------------------------------------
Phe TTT   0   0   0   0   0   0 | Ser TCT   0   0   0   0   0   0 | Tyr TAT   0   0   0   0   0   0 | Cys TGT   1   0   1   1   1   0
    TTC   1   1   1   1   1   1 |     TCC   0   0   0   0   0   0 |     TAC   1   1   1   1   1   1 |     TGC   3   4   3   3   3   4
Leu TTA   0   0   0   0   0   0 |     TCA   0   0   0   0   0   0 | *** TAA   0   0   0   0   0   0 | *** TGA   0   0   0   0   0   0
    TTG   0   0   0   0   0   0 |     TCG   0   0   0   0   0   0 |     TAG   0   0   0   0   0   0 | Trp TGG   2   2   2   2   2   2
--------------------------------------------------------------------------------------------------------------------------------------
Leu CTT   0   0   0   0   0   0 | Pro CCT   0   0   0   0   0   0 | His CAT   0   0   0   0   0   0 | Arg CGT   2   0   1   1   1   1
    CTC   0   0   0   0   0   0 |     CCC   1   1   1   1   1   1 |     CAC   0   0   0   0   0   0 |     CGC   1   2   1   1   1   1
    CTA   0   0   0   0   0   0 |     CCA   0   0   0   0   0   0 | Gln CAA   0   0   0   0   0   0 |     CGA   0   0   0   0   0   0
    CTG   0   0   0   0   0   0 |     CCG   0   0   0   0   0   0 |     CAG   1   1   1   1   1   1 |     CGG   2   3   3   3   3   2
--------------------------------------------------------------------------------------------------------------------------------------
Ile ATT   0   0   0   0   0   0 | Thr ACT   1   1   1   1   1   1 | Asn AAT   1   1   1   1   1   0 | Ser AGT   0   0   0   0   0   0
    ATC   0   0   0   0   0   0 |     ACC   0   0   0   0   0   0 |     AAC   0   0   0   0   0   1 |     AGC   0   0   0   0   0   0
    ATA   0   0   0   0   0   0 |     ACA   0   0   0   0   0   1 | Lys AAA   0   0   0   0   0   0 | Arg AGA   0   0   0   0   0   0
Met ATG   2   2   2   2   2   2 |     ACG   1   1   1   1   1   0 |     AAG   6   6   6   6   6   6 |     AGG   0   0   0   0   0   1
--------------------------------------------------------------------------------------------------------------------------------------
Val GTT   0   0   0   0   0   0 | Ala GCT   0   0   0   0   0   0 | Asp GAT   0   0   0   0   0   0 | Gly GGT   0   0   0   0   0   0
    GTC   0   0   0   0   0   0 |     GCC   2   2   2   2   2   2 |     GAC   1   1   1   1   1   1 |     GGC   2   2   2   2   2   2
    GTA   0   0   0   0   0   0 |     GCA   0   0   0   0   0   0 | Glu GAA   0   0   0   0   0   0 |     GGA   1   1   1   1   1   1
    GTG   1   1   1   1   1   1 |     GCG   0   0   0   0   0   0 |     GAG   2   2   2   2   2   2 |     GGG   0   0   0   0   0   0
--------------------------------------------------------------------------------------------------------------------------------------

--------------------------------------------------------------------------------------------------------------------------------------
Phe TTT   0   0   0   0   0   0 | Ser TCT   0   0   0   0   0   0 | Tyr TAT   0   0   0   1   0   0 | Cys TGT   0   1   0   0   0   1
    TTC   1   1   1   1   1   1 |     TCC   0   0   0   0   0   0 |     TAC   1   1   1   0   1   1 |     TGC   4   3   4   4   4   3
Leu TTA   0   0   0   0   0   0 |     TCA   0   0   0   0   0   0 | *** TAA   0   0   0   0   0   0 | *** TGA   0   0   0   0   0   0
    TTG   0   0   0   0   0   0 |     TCG   0   0   0   0   0   0 |     TAG   0   0   0   0   0   0 | Trp TGG   2   2   2   2   2   2
--------------------------------------------------------------------------------------------------------------------------------------
Leu CTT   0   0   0   0   0   0 | Pro CCT   0   0   0   0   0   0 | His CAT   0   0   0   0   0   0 | Arg CGT   1   1   1   1   0   1
    CTC   0   0   0   0   0   0 |     CCC   1   1   1   1   1   1 |     CAC   0   0   0   0   0   0 |     CGC   1   1   1   1   2   1
    CTA   0   0   0   0   0   0 |     CCA   0   0   0   0   0   0 | Gln CAA   0   0   0   0   0   0 |     CGA   0   0   0   0   0   0
    CTG   0   0   0   0   0   0 |     CCG   0   0   0   0   0   0 |     CAG   1   1   1   1   1   1 |     CGG   2   3   2   2   3   3
--------------------------------------------------------------------------------------------------------------------------------------
Ile ATT   1   0   1   1   0   0 | Thr ACT   0   1   0   0   1   1 | Asn AAT   0   1   0   0   1   1 | Ser AGT   0   0   0   0   0   0
    ATC   0   0   0   0   0   0 |     ACC   0   0   0   0   0   0 |     AAC   1   0   1   1   0   0 |     AGC   0   0   0   0   0   0
    ATA   0   0   0   0   0   0 |     ACA   1   0   1   1   1   0 | Lys AAA   0   0   0   0   0   0 | Arg AGA   0   0   0   0   0   0
Met ATG   2   2   2   2   2   2 |     ACG   0   1   0   0   0   1 |     AAG   6   6   6   6   6   6 |     AGG   1   0   1   1   0   0
--------------------------------------------------------------------------------------------------------------------------------------
Val GTT   0   0   0   0   0   0 | Ala GCT   0   0   0   0   0   0 | Asp GAT   0   0   0   0   0   0 | Gly GGT   0   0   0   1   0   0
    GTC   0   0   0   0   0   0 |     GCC   2   2   2   2   2   2 |     GAC   1   1   1   1   1   1 |     GGC   2   2   2   1   2   2
    GTA   0   0   0   0   0   0 |     GCA   0   0   0   0   0   0 | Glu GAA   0   0   0   0   0   0 |     GGA   1   1   1   1   1   1
    GTG   1   1   1   1   1   1 |     GCG   0   0   0   0   0   0 |     GAG   2   2   2   2   2   2 |     GGG   0   0   0   0   0   0
--------------------------------------------------------------------------------------------------------------------------------------

--------------------------------------------------------------------------------------------------------------------------------------
Phe TTT   0   0   0   0   0   0 | Ser TCT   0   0   0   0   0   0 | Tyr TAT   0   0   0   0   0   0 | Cys TGT   1   1   1   0   0   0
    TTC   1   1   1   1   1   1 |     TCC   0   0   0   0   0   0 |     TAC   1   1   1   1   1   1 |     TGC   3   3   3   4   4   4
Leu TTA   0   0   0   0   0   0 |     TCA   0   0   0   0   0   0 | *** TAA   0   0   0   0   0   0 | *** TGA   0   0   0   0   0   0
    TTG   0   0   0   0   0   0 |     TCG   0   0   0   0   0   0 |     TAG   0   0   0   0   0   0 | Trp TGG   2   2   2   2   2   2
--------------------------------------------------------------------------------------------------------------------------------------
Leu CTT   0   0   0   0   0   0 | Pro CCT   0   0   0   0   0   0 | His CAT   0   0   0   0   0   0 | Arg CGT   1   1   1   1   1   1
    CTC   0   0   0   0   0   0 |     CCC   1   1   1   1   1   1 |     CAC   0   0   0   0   0   0 |     CGC   1   1   1   1   1   1
    CTA   0   0   0   0   0   0 |     CCA   0   0   0   0   0   0 | Gln CAA   0   0   0   0   0   0 |     CGA   0   0   0   1   0   0
    CTG   0   0   0   0   0   0 |     CCG   0   0   0   0   0   0 |     CAG   1   1   1   1   1   1 |     CGG   3   3   3   2   3   3
--------------------------------------------------------------------------------------------------------------------------------------
Ile ATT   0   0   0   1   0   0 | Thr ACT   1   0   1   0   1   1 | Asn AAT   1   1   1   0   1   1 | Ser AGT   0   0   0   0   0   0
    ATC   0   0   0   0   0   0 |     ACC   0   1   0   0   0   0 |     AAC   0   0   0   1   0   0 |     AGC   0   0   0   0   0   0
    ATA   0   0   0   0   0   0 |     ACA   0   0   0   0   1   1 | Lys AAA   0   0   0   0   0   0 | Arg AGA   0   0   0   0   0   0
Met ATG   2   2   2   2   2   2 |     ACG   1   1   1   1   0   0 |     AAG   6   6   6   6   6   6 |     AGG   0   0   0   0   0   0
--------------------------------------------------------------------------------------------------------------------------------------
Val GTT   0   0   0   0   0   0 | Ala GCT   0   0   0   0   0   0 | Asp GAT   0   0   0   0   0   0 | Gly GGT   0   0   0   0   0   0
    GTC   0   0   0   0   0   0 |     GCC   2   2   2   2   2   2 |     GAC   1   1   1   1   1   1 |     GGC   2   2   2   2   2   2
    GTA   0   0   0   0   0   0 |     GCA   0   0   0   0   0   0 | Glu GAA   0   0   0   0   0   0 |     GGA   1   1   1   1   1   1
    GTG   1   1   1   1   1   1 |     GCG   0   0   0   0   0   0 |     GAG   2   2   2   2   2   2 |     GGG   0   0   0   0   0   0
--------------------------------------------------------------------------------------------------------------------------------------

Codon position x base (3x4) table for each sequence.

#1: Argali         
position  1:    T:0.22857    C:0.20000    A:0.31429    G:0.25714
position  2:    T:0.11429    C:0.14286    A:0.34286    G:0.40000
position  3:    T:0.11429    C:0.31429    A:0.02857    G:0.54286
Average         T:0.15238    C:0.21905    A:0.22857    G:0.40000

#2: LesserMouseDeer
position  1:    T:0.22857    C:0.20000    A:0.31429    G:0.25714
position  2:    T:0.11429    C:0.14286    A:0.34286    G:0.40000
position  3:    T:0.05714    C:0.40000    A:0.08571    G:0.45714
Average         T:0.13333    C:0.24762    A:0.24762    G:0.37143

#3: LesserKudu     
position  1:    T:0.22857    C:0.20000    A:0.31429    G:0.25714
position  2:    T:0.11429    C:0.14286    A:0.34286    G:0.40000
position  3:    T:0.11429    C:0.34286    A:0.05714    G:0.48571
Average         T:0.15238    C:0.22857    A:0.23810    G:0.38095

#4: ForestMuskDeer2
position  1:    T:0.22857    C:0.20000    A:0.31429    G:0.25714
position  2:    T:0.14286    C:0.11429    A:0.34286    G:0.40000
position  3:    T:0.05714    C:0.40000    A:0.05714    G:0.48571
Average         T:0.14286    C:0.23810    A:0.23810    G:0.38095

#5: Camel          
position  1:    T:0.22857    C:0.17143    A:0.34286    G:0.25714
position  2:    T:0.11429    C:0.14286    A:0.34286    G:0.40000
position  3:    T:0.02857    C:0.40000    A:0.02857    G:0.54286
Average         T:0.12381    C:0.23810    A:0.23810    G:0.40000

#6: KillerWhale    
position  1:    T:0.22857    C:0.20000    A:0.31429    G:0.25714
position  2:    T:0.14286    C:0.11429    A:0.34286    G:0.40000
position  3:    T:0.05714    C:0.40000    A:0.02857    G:0.51429
Average         T:0.14286    C:0.23810    A:0.22857    G:0.39048

#7: DefassaWaterbuck
position  1:    T:0.22857    C:0.20000    A:0.31429    G:0.25714
position  2:    T:0.11429    C:0.14286    A:0.34286    G:0.40000
position  3:    T:0.11429    C:0.34286    A:0.02857    G:0.51429
Average         T:0.15238    C:0.22857    A:0.22857    G:0.39048

#8: Sheep          
position  1:    T:0.22857    C:0.20000    A:0.31429    G:0.25714
position  2:    T:0.11429    C:0.14286    A:0.34286    G:0.40000
position  3:    T:0.11429    C:0.31429    A:0.02857    G:0.54286
Average         T:0.15238    C:0.21905    A:0.22857    G:0.40000

#9: MaxwellsDuiker 
position  1:    T:0.22857    C:0.20000    A:0.31429    G:0.25714
position  2:    T:0.11429    C:0.14286    A:0.34286    G:0.40000
position  3:    T:0.11429    C:0.34286    A:0.02857    G:0.51429
Average         T:0.15238    C:0.22857    A:0.22857    G:0.39048

#10: GazellaPrzewalskyi
position  1:    T:0.22857    C:0.20000    A:0.31429    G:0.25714
position  2:    T:0.11429    C:0.14286    A:0.34286    G:0.40000
position  3:    T:0.11429    C:0.37143    A:0.05714    G:0.45714
Average         T:0.15238    C:0.23810    A:0.23810    G:0.37143

#11: MountainNyala  
position  1:    T:0.22857    C:0.20000    A:0.31429    G:0.25714
position  2:    T:0.11429    C:0.14286    A:0.34286    G:0.40000
position  3:    T:0.08571    C:0.37143    A:0.05714    G:0.48571
Average         T:0.14286    C:0.23810    A:0.23810    G:0.38095

#12: MuntiacusMuntjak
position  1:    T:0.22857    C:0.17143    A:0.34286    G:0.25714
position  2:    T:0.14286    C:0.11429    A:0.34286    G:0.40000
position  3:    T:0.05714    C:0.40000    A:0.05714    G:0.48571
Average         T:0.14286    C:0.22857    A:0.24762    G:0.38095

#13: goat           
position  1:    T:0.22857    C:0.20000    A:0.31429    G:0.25714
position  2:    T:0.11429    C:0.14286    A:0.34286    G:0.40000
position  3:    T:0.11429    C:0.34286    A:0.02857    G:0.51429
Average         T:0.15238    C:0.22857    A:0.22857    G:0.39048

#14: AfricanBuffalo 
position  1:    T:0.22857    C:0.20000    A:0.31429    G:0.25714
position  2:    T:0.11429    C:0.14286    A:0.34286    G:0.40000
position  3:    T:0.05714    C:0.42857    A:0.02857    G:0.48571
Average         T:0.13333    C:0.25714    A:0.22857    G:0.38095

#15: Topi           
position  1:    T:0.22857    C:0.20000    A:0.31429    G:0.25714
position  2:    T:0.11429    C:0.14286    A:0.34286    G:0.40000
position  3:    T:0.11429    C:0.34286    A:0.05714    G:0.48571
Average         T:0.15238    C:0.22857    A:0.23810    G:0.38095

#16: CommonDuiker   
position  1:    T:0.22857    C:0.20000    A:0.31429    G:0.25714
position  2:    T:0.11429    C:0.14286    A:0.34286    G:0.40000
position  3:    T:0.11429    C:0.34286    A:0.02857    G:0.51429
Average         T:0.15238    C:0.22857    A:0.22857    G:0.39048

#17: Suni           
position  1:    T:0.22857    C:0.20000    A:0.31429    G:0.25714
position  2:    T:0.11429    C:0.14286    A:0.34286    G:0.40000
position  3:    T:0.11429    C:0.34286    A:0.05714    G:0.48571
Average         T:0.15238    C:0.22857    A:0.23810    G:0.38095

#18: Springbuck     
position  1:    T:0.22857    C:0.20000    A:0.31429    G:0.25714
position  2:    T:0.11429    C:0.14286    A:0.34286    G:0.40000
position  3:    T:0.11429    C:0.34286    A:0.02857    G:0.51429
Average         T:0.15238    C:0.22857    A:0.22857    G:0.39048

#19: Okapi          
position  1:    T:0.22857    C:0.20000    A:0.31429    G:0.25714
position  2:    T:0.14286    C:0.11429    A:0.34286    G:0.40000
position  3:    T:0.08571    C:0.37143    A:0.02857    G:0.51429
Average         T:0.15238    C:0.22857    A:0.22857    G:0.39048

#20: Giraffe        
position  1:    T:0.22857    C:0.20000    A:0.31429    G:0.25714
position  2:    T:0.14286    C:0.11429    A:0.34286    G:0.40000
position  3:    T:0.08571    C:0.37143    A:0.02857    G:0.51429
Average         T:0.15238    C:0.22857    A:0.22857    G:0.39048

#21: TibetanAntelope
position  1:    T:0.22857    C:0.20000    A:0.31429    G:0.25714
position  2:    T:0.11429    C:0.14286    A:0.34286    G:0.40000
position  3:    T:0.11429    C:0.34286    A:0.02857    G:0.51429
Average         T:0.15238    C:0.22857    A:0.22857    G:0.39048

#22: Sitatunga      
position  1:    T:0.22857    C:0.20000    A:0.31429    G:0.25714
position  2:    T:0.11429    C:0.14286    A:0.34286    G:0.40000
position  3:    T:0.08571    C:0.34286    A:0.11429    G:0.45714
Average         T:0.14286    C:0.22857    A:0.25714    G:0.37143

#23: Oribi          
position  1:    T:0.22857    C:0.20000    A:0.31429    G:0.25714
position  2:    T:0.11429    C:0.14286    A:0.34286    G:0.40000
position  3:    T:0.08571    C:0.37143    A:0.02857    G:0.51429
Average         T:0.14286    C:0.23810    A:0.22857    G:0.39048

#24: BarbarySheep   
position  1:    T:0.22857    C:0.20000    A:0.31429    G:0.25714
position  2:    T:0.11429    C:0.14286    A:0.34286    G:0.40000
position  3:    T:0.11429    C:0.34286    A:0.02857    G:0.51429
Average         T:0.15238    C:0.22857    A:0.22857    G:0.39048

#25: Daviddeer      
position  1:    T:0.22857    C:0.17143    A:0.34286    G:0.25714
position  2:    T:0.14286    C:0.11429    A:0.34286    G:0.40000
position  3:    T:0.05714    C:0.40000    A:0.05714    G:0.48571
Average         T:0.14286    C:0.22857    A:0.24762    G:0.38095

#26: Reindeer       
position  1:    T:0.22857    C:0.17143    A:0.34286    G:0.25714
position  2:    T:0.14286    C:0.11429    A:0.34286    G:0.40000
position  3:    T:0.11429    C:0.34286    A:0.05714    G:0.48571
Average         T:0.16190    C:0.20952    A:0.24762    G:0.38095

#27: Ibex           
position  1:    T:0.22857    C:0.20000    A:0.31429    G:0.25714
position  2:    T:0.11429    C:0.14286    A:0.34286    G:0.40000
position  3:    T:0.11429    C:0.34286    A:0.05714    G:0.48571
Average         T:0.15238    C:0.22857    A:0.23810    G:0.38095

#28: GyrantGazelle  
position  1:    T:0.22857    C:0.20000    A:0.31429    G:0.25714
position  2:    T:0.11429    C:0.14286    A:0.34286    G:0.40000
position  3:    T:0.11429    C:0.34286    A:0.02857    G:0.51429
Average         T:0.15238    C:0.22857    A:0.22857    G:0.39048

#29: Hartebeest     
position  1:    T:0.22857    C:0.20000    A:0.31429    G:0.25714
position  2:    T:0.11429    C:0.14286    A:0.34286    G:0.40000
position  3:    T:0.11429    C:0.34286    A:0.05714    G:0.48571
Average         T:0.15238    C:0.22857    A:0.23810    G:0.38095

#30: Bongo          
position  1:    T:0.22857    C:0.20000    A:0.31429    G:0.25714
position  2:    T:0.11429    C:0.14286    A:0.34286    G:0.40000
position  3:    T:0.08571    C:0.37143    A:0.05714    G:0.48571
Average         T:0.14286    C:0.23810    A:0.23810    G:0.38095

#31: Gerenuk        
position  1:    T:0.22857    C:0.20000    A:0.31429    G:0.25714
position  2:    T:0.11429    C:0.14286    A:0.34286    G:0.40000
position  3:    T:0.11429    C:0.34286    A:0.02857    G:0.51429
Average         T:0.15238    C:0.22857    A:0.22857    G:0.39048

#32: CommonEland    
position  1:    T:0.22857    C:0.20000    A:0.31429    G:0.25714
position  2:    T:0.11429    C:0.14286    A:0.34286    G:0.40000
position  3:    T:0.08571    C:0.37143    A:0.05714    G:0.48571
Average         T:0.14286    C:0.23810    A:0.23810    G:0.38095

#33: MuntiacusReevesi
position  1:    T:0.22857    C:0.17143    A:0.34286    G:0.25714
position  2:    T:0.14286    C:0.11429    A:0.34286    G:0.40000
position  3:    T:0.05714    C:0.40000    A:0.05714    G:0.48571
Average         T:0.14286    C:0.22857    A:0.24762    G:0.38095

#34: HarveysDuiker  
position  1:    T:0.22857    C:0.20000    A:0.31429    G:0.25714
position  2:    T:0.11429    C:0.14286    A:0.34286    G:0.40000
position  3:    T:0.11429    C:0.34286    A:0.02857    G:0.51429
Average         T:0.15238    C:0.22857    A:0.22857    G:0.39048

#35: Pronghorn      
position  1:    T:0.22857    C:0.22857    A:0.28571    G:0.25714
position  2:    T:0.11429    C:0.14286    A:0.34286    G:0.40000
position  3:    T:0.02857    C:0.40000    A:0.05714    G:0.51429
Average         T:0.12381    C:0.25714    A:0.22857    G:0.39048

#36: BlueWildebeest 
position  1:    T:0.22857    C:0.20000    A:0.31429    G:0.25714
position  2:    T:0.11429    C:0.14286    A:0.34286    G:0.40000
position  3:    T:0.11429    C:0.34286    A:0.05714    G:0.48571
Average         T:0.15238    C:0.22857    A:0.23810    G:0.38095

#37: Gemsbok        
position  1:    T:0.22857    C:0.20000    A:0.31429    G:0.25714
position  2:    T:0.11429    C:0.14286    A:0.34286    G:0.40000
position  3:    T:0.14286    C:0.34286    A:0.02857    G:0.48571
Average         T:0.16190    C:0.22857    A:0.22857    G:0.38095

#38: Yak            
position  1:    T:0.22857    C:0.20000    A:0.31429    G:0.25714
position  2:    T:0.11429    C:0.14286    A:0.34286    G:0.40000
position  3:    T:0.05714    C:0.40000    A:0.02857    G:0.51429
Average         T:0.13333    C:0.24762    A:0.22857    G:0.39048

#39: BlueSheep      
position  1:    T:0.22857    C:0.20000    A:0.31429    G:0.25714
position  2:    T:0.11429    C:0.14286    A:0.34286    G:0.40000
position  3:    T:0.11429    C:0.34286    A:0.02857    G:0.51429
Average         T:0.15238    C:0.22857    A:0.22857    G:0.39048

#40: BohorReedbuck  
position  1:    T:0.22857    C:0.20000    A:0.31429    G:0.25714
position  2:    T:0.11429    C:0.14286    A:0.34286    G:0.40000
position  3:    T:0.11429    C:0.34286    A:0.02857    G:0.51429
Average         T:0.15238    C:0.22857    A:0.22857    G:0.39048

#41: KirksDik       
position  1:    T:0.22857    C:0.20000    A:0.31429    G:0.25714
position  2:    T:0.11429    C:0.14286    A:0.34286    G:0.40000
position  3:    T:0.11429    C:0.34286    A:0.02857    G:0.51429
Average         T:0.15238    C:0.22857    A:0.22857    G:0.39048

#42: RoeDeer        
position  1:    T:0.22857    C:0.17143    A:0.34286    G:0.25714
position  2:    T:0.11429    C:0.14286    A:0.34286    G:0.40000
position  3:    T:0.05714    C:0.40000    A:0.05714    G:0.48571
Average         T:0.13333    C:0.23810    A:0.24762    G:0.38095

#43: WhiteLippedDeer
position  1:    T:0.22857    C:0.17143    A:0.34286    G:0.25714
position  2:    T:0.14286    C:0.11429    A:0.34286    G:0.40000
position  3:    T:0.05714    C:0.40000    A:0.05714    G:0.48571
Average         T:0.14286    C:0.22857    A:0.24762    G:0.38095

#44: ThomsonGazelle 
position  1:    T:0.22857    C:0.20000    A:0.31429    G:0.25714
position  2:    T:0.11429    C:0.14286    A:0.34286    G:0.40000
position  3:    T:0.11429    C:0.34286    A:0.02857    G:0.51429
Average         T:0.15238    C:0.22857    A:0.22857    G:0.39048

#45: MuntiacusCrinifrons
position  1:    T:0.22857    C:0.17143    A:0.34286    G:0.25714
position  2:    T:0.14286    C:0.11429    A:0.34286    G:0.40000
position  3:    T:0.05714    C:0.40000    A:0.05714    G:0.48571
Average         T:0.14286    C:0.22857    A:0.24762    G:0.38095

#46: WhiteTailedDeer
position  1:    T:0.22857    C:0.17143    A:0.34286    G:0.25714
position  2:    T:0.14286    C:0.11429    A:0.34286    G:0.40000
position  3:    T:0.11429    C:0.34286    A:0.05714    G:0.48571
Average         T:0.16190    C:0.20952    A:0.24762    G:0.38095

#47: Cattle         
position  1:    T:0.22857    C:0.20000    A:0.31429    G:0.25714
position  2:    T:0.11429    C:0.14286    A:0.34286    G:0.40000
position  3:    T:0.05714    C:0.40000    A:0.05714    G:0.48571
Average         T:0.13333    C:0.24762    A:0.23810    G:0.38095

#48: RoyalAntelope  
position  1:    T:0.22857    C:0.20000    A:0.31429    G:0.25714
position  2:    T:0.11429    C:0.14286    A:0.34286    G:0.40000
position  3:    T:0.11429    C:0.34286    A:0.02857    G:0.51429
Average         T:0.15238    C:0.22857    A:0.22857    G:0.39048

#49: Steenbok       
position  1:    T:0.22857    C:0.20000    A:0.31429    G:0.25714
position  2:    T:0.11429    C:0.14286    A:0.34286    G:0.40000
position  3:    T:0.11429    C:0.34286    A:0.02857    G:0.51429
Average         T:0.15238    C:0.22857    A:0.22857    G:0.39048

#50: Impala         
position  1:    T:0.22857    C:0.20000    A:0.31429    G:0.25714
position  2:    T:0.11429    C:0.14286    A:0.34286    G:0.40000
position  3:    T:0.08571    C:0.37143    A:0.02857    G:0.51429
Average         T:0.14286    C:0.23810    A:0.22857    G:0.39048

#51: Klipspringer   
position  1:    T:0.22857    C:0.20000    A:0.31429    G:0.25714
position  2:    T:0.11429    C:0.14286    A:0.34286    G:0.40000
