1
52 1
Argali 0.000000 0.183800 0.031100 0.146400 0.043100 0.010000 0.029300 0.128300 0.040500 0.113600 0.010300 0.030600 0.052800 0.031200 0.113600 0.052500 0.076200 0.086700 0.020600 0.031100 0.042500 0.010000 0.078300 0.122100 0.010300 0.042200 0.052800 0.031100 0.039500 0.041500 0.124800 0.031200 0.098500 0.063700 0.050000 0.063600 0.010000 0.054100 0.042300 0.100400 0.078300 0.030100 0.112400 0.111100 0.042000 0.074500 0.042200 0.073400 0.031800 0.052900 0.030200 0.062400
LesserMous 0.183800 0.000000 0.169900 0.163700 0.163300 0.197400 0.158400 0.237100 0.181800 0.193400 0.170000 0.171000 0.196400 0.158400 0.233100 0.169300 0.139000 0.124200 0.181400 0.169900 0.172800 0.170000 0.180200 0.200300 0.170000 0.159700 0.196400 0.169900 0.159400 0.156500 0.165500 0.158400 0.149500 0.196000 0.186000 0.168500 0.170000 0.175500 0.184500 0.203400 0.180200 0.170700 0.165000 0.188600 0.183000 0.207400 0.171900 0.180300 0.198300 0.171300 0.169900 0.167200
LesserKudu 0.031100 0.169900 0.000000 0.133300 0.053700 0.042000 0.020500 0.139300 0.010200 0.100700 0.020500 0.020600 0.041700 0.019800 0.124300 0.041400 0.086800 0.074800 0.030700 0.000000 0.031000 0.020500 0.089100 0.109400 0.020500 0.031300 0.041700 0.000000 0.031200 0.010100 0.111800 0.020000 0.086300 0.052400 0.064000 0.052300 0.020500 0.064600 0.031300 0.111100 0.089100 0.019900 0.099700 0.098500 0.031100 0.063100 0.031200 0.062100 0.042200 0.041700 0.000000 0.030500
KillerWhal 0.146400 0.163700 0.133300 0.000000 0.126000 0.159300 0.109900 0.211300 0.144800 0.154100 0.133300 0.134100 0.158500 0.109900 0.178300 0.157000 0.113200 0.100300 0.144400 0.133300 0.135500 0.133300 0.141600 0.161700 0.133300 0.147000 0.158500 0.133300 0.122900 0.144400 0.165700 0.109900 0.112400 0.170300 0.160100 0.169800 0.133300 0.137800 0.146900 0.164300 0.141600 0.133900 0.152500 0.150000 0.145600 0.170800 0.146900 0.155200 0.160100 0.134300 0.133300 0.142600
DefassaWat 0.043100 0.163300 0.053700 0.126000 0.000000 0.054400 0.053800 0.158000 0.064600 0.116800 0.053700 0.054100 0.054100 0.053800 0.116700 0.075900 0.055300 0.066000 0.064300 0.053700 0.066000 0.053700 0.080500 0.125300 0.053700 0.065600 0.054100 0.053700 0.043200 0.064300 0.128300 0.053800 0.077800 0.065200 0.054800 0.087600 0.053700 0.010900 0.065600 0.103200 0.080500 0.053900 0.115500 0.114100 0.065100 0.099100 0.065500 0.097500 0.054800 0.076500 0.053700 0.085800
Sheep 0.010000 0.197400 0.042000 0.159300 0.054400 0.000000 0.042100 0.141500 0.052600 0.126400 0.020800 0.042300 0.064100 0.042100 0.126400 0.063700 0.088000 0.098600 0.031100 0.042000 0.053700 0.020800 0.090500 0.134600 0.020800 0.053400 0.064100 0.042000 0.053300 0.052400 0.137800 0.042100 0.110600 0.075100 0.065000 0.075000 0.020800 0.065600 0.053400 0.112800 0.090500 0.042100 0.125100 0.123600 0.053000 0.086100 0.053300 0.084800 0.042800 0.064100 0.042000 0.073500
MaxwellsDu 0.029300 0.158400 0.020500 0.109900 0.053800 0.042100 0.000000 0.127600 0.030900 0.101000 0.019800 0.020700 0.041800 0.000000 0.100700 0.041500 0.087000 0.075000 0.030800 0.020500 0.031500 0.020600 0.089400 0.109700 0.020600 0.031300 0.041800 0.020500 0.031300 0.030800 0.112100 0.000000 0.064100 0.048700 0.063300 0.052400 0.020600 0.064800 0.031400 0.111400 0.089300 0.020600 0.100000 0.099400 0.031100 0.052500 0.031300 0.041000 0.042300 0.041800 0.020500 0.029400
GazellaPrz 0.128300 0.237100 0.139300 0.211300 0.158000 0.141500 0.127600 0.000000 0.151400 0.187600 0.139300 0.140400 0.165900 0.127600 0.230900 0.164200 0.169800 0.180700 0.150800 0.139300 0.142000 0.139300 0.147800 0.208600 0.138600 0.154000 0.165900 0.139300 0.153500 0.150800 0.199700 0.127600 0.209200 0.178400 0.168100 0.177800 0.139300 0.170700 0.128800 0.185300 0.147800 0.140000 0.185500 0.196600 0.152500 0.151600 0.153800 0.175200 0.117300 0.165900 0.139300 0.161800
MountainNy 0.040500 0.181800 0.010200 0.144800 0.064600 0.052600 0.030900 0.151400 0.000000 0.112300 0.030800 0.031100 0.052300 0.030900 0.136100 0.052000 0.097900 0.085800 0.041100 0.009800 0.042000 0.030800 0.100500 0.120700 0.030800 0.041800 0.048800 0.009900 0.041700 0.020400 0.123400 0.030900 0.097400 0.063000 0.075000 0.063000 0.030800 0.075600 0.041800 0.122600 0.100500 0.031000 0.111100 0.109800 0.041600 0.073800 0.041800 0.072800 0.052900 0.052300 0.009800 0.040800
MuntiacusM 0.113600 0.193400 0.100700 0.154100 0.116800 0.126400 0.101000 0.187600 0.112300 0.000000 0.100700 0.101500 0.125600 0.101000 0.145100 0.124500 0.128500 0.114900 0.111800 0.100700 0.114800 0.100700 0.034000 0.079600 0.100700 0.114100 0.125600 0.100700 0.113800 0.111800 0.033500 0.101000 0.127700 0.137600 0.127300 0.137300 0.100700 0.128900 0.114200 0.081000 0.032700 0.101200 0.022200 0.068400 0.113200 0.149600 0.114000 0.146900 0.127300 0.089800 0.100700 0.134300
goat 0.010300 0.170000 0.020500 0.133300 0.053700 0.020800 0.019800 0.139300 0.030800 0.100700 0.000000 0.019900 0.041700 0.020600 0.124400 0.041400 0.086100 0.074800 0.010100 0.020500 0.031400 0.000000 0.089100 0.109400 0.000000 0.031300 0.041700 0.020500 0.031200 0.030700 0.111800 0.020600 0.086300 0.052400 0.064000 0.052300 0.000000 0.064600 0.031300 0.111100 0.089100 0.020600 0.099700 0.098600 0.031100 0.063100 0.030000 0.062200 0.042200 0.041700 0.020500 0.051300
AfricanBuf 0.030600 0.171000 0.020600 0.134100 0.054100 0.042300 0.020700 0.140400 0.031100 0.101500 0.019900 0.000000 0.042000 0.020700 0.125500 0.041700 0.087400 0.075400 0.030900 0.020600 0.031700 0.020600 0.089800 0.110300 0.020600 0.031500 0.042000 0.020600 0.031400 0.030900 0.112700 0.020700 0.087000 0.052800 0.064600 0.030000 0.019800 0.065100 0.031500 0.112000 0.089800 0.020700 0.100500 0.099300 0.010000 0.063500 0.031500 0.062600 0.042500 0.042000 0.019900 0.051700
Topi 0.052800 0.196400 0.041700 0.158500 0.054100 0.064100 0.041800 0.165900 0.052300 0.125600 0.041700 0.042000 0.000000 0.041800 0.150000 0.063300 0.087500 0.098000 0.052100 0.041700 0.053300 0.041700 0.113500 0.133800 0.041700 0.053000 0.000000 0.041700 0.052900 0.052100 0.136900 0.041800 0.110000 0.009900 0.064500 0.052700 0.041700 0.065200 0.053100 0.135900 0.113500 0.041900 0.124300 0.122800 0.031300 0.085600 0.053000 0.084300 0.064500 0.042000 0.041700 0.073100
CommonDuik 0.031200 0.158400 0.019800 0.109900 0.053800 0.042100 0.000000 0.127600 0.030900 0.101000 0.020600 0.020700 0.041800 0.000000 0.100700 0.041500 0.087000 0.075000 0.030800 0.020500 0.031500 0.019800 0.089300 0.109700 0.020600 0.031300 0.041800 0.020500 0.031300 0.030800 0.112100 0.000000 0.064100 0.052500 0.064200 0.052400 0.020600 0.064800 0.030500 0.111400 0.089300 0.020600 0.100000 0.098800 0.031100 0.052500 0.031300 0.041000 0.042300 0.041800 0.020500 0.030500
Suni 0.113600 0.233100 0.124300 0.178300 0.116700 0.126400 0.100700 0.230900 0.136100 0.145100 0.124400 0.125500 0.150000 0.100700 0.000000 0.136500 0.128300 0.114700 0.135500 0.124300 0.139300 0.124400 0.107100 0.128200 0.124400 0.138300 0.150000 0.124300 0.125700 0.135500 0.157000 0.100700 0.127200 0.162300 0.103300 0.162100 0.124400 0.116400 0.138500 0.105700 0.107100 0.124900 0.143400 0.116800 0.137400 0.136900 0.113600 0.121600 0.103100 0.125600 0.124300 0.110400
Springbuck 0.052500 0.169300 0.041400 0.157000 0.075900 0.063700 0.041500 0.164200 0.052000 0.124500 0.041400 0.041700 0.063300 0.041500 0.136500 0.000000 0.109600 0.097200 0.051800 0.041400 0.053000 0.041400 0.112500 0.132800 0.041400 0.052700 0.063300 0.041400 0.031100 0.051800 0.123700 0.041500 0.109100 0.074200 0.086400 0.074100 0.041400 0.087100 0.052700 0.134800 0.112500 0.041600 0.123200 0.121800 0.052400 0.085000 0.052600 0.072900 0.064000 0.063300 0.041400 0.072700
Okapi 0.076200 0.139000 0.086800 0.113200 0.055300 0.088000 0.087000 0.169800 0.097900 0.128500 0.086100 0.087400 0.087500 0.087000 0.128300 0.109600 0.000000 0.032200 0.097600 0.086800 0.088300 0.086800 0.092000 0.136800 0.086800 0.099400 0.087500 0.086800 0.076400 0.097600 0.140000 0.087000 0.088900 0.098800 0.065800 0.098600 0.086800 0.066600 0.099500 0.114700 0.092000 0.087100 0.127200 0.125500 0.075900 0.134300 0.099300 0.131500 0.088600 0.064900 0.086800 0.119400
Giraffe 0.086700 0.124200 0.074800 0.100300 0.066000 0.098600 0.075000 0.180700 0.085800 0.114900 0.074800 0.075400 0.098000 0.075000 0.114700 0.097200 0.032200 0.000000 0.085500 0.074800 0.076100 0.074800 0.102900 0.099900 0.074800 0.087000 0.098000 0.074800 0.064500 0.084800 0.126200 0.075000 0.076600 0.109300 0.076400 0.109100 0.074800 0.077300 0.087100 0.101500 0.102900 0.075100 0.113700 0.088900 0.086400 0.120800 0.086900 0.118800 0.076300 0.075400 0.074800 0.084700
TibetanAnt 0.020600 0.181400 0.030700 0.144400 0.064300 0.031100 0.030800 0.150800 0.041100 0.111800 0.010100 0.030900 0.052100 0.030800 0.135500 0.051800 0.097600 0.085500 0.000000 0.030700 0.041900 0.009900 0.100100 0.120300 0.009800 0.041700 0.052100 0.030700 0.041600 0.041000 0.122800 0.029600 0.097100 0.062400 0.074600 0.062700 0.009800 0.075300 0.041700 0.122100 0.100100 0.030800 0.110700 0.109400 0.041400 0.073600 0.041600 0.072500 0.052700 0.052100 0.030700 0.061600
Sitatunga 0.031100 0.169900 0.000000 0.133300 0.053700 0.042000 0.020500 0.139300 0.009800 0.100700 0.020500 0.020600 0.041700 0.020500 0.124300 0.041400 0.086800 0.074800 0.030700 0.000000 0.031400 0.020500 0.089100 0.109400 0.020500 0.031300 0.041700 0.000000 0.031200 0.009800 0.111800 0.019800 0.086300 0.052400 0.064000 0.052300 0.020500 0.064100 0.029900 0.111100 0.089100 0.020600 0.099700 0.098500 0.030000 0.063100 0.031200 0.062100 0.042200 0.041700 0.000000 0.030500
Oribi 0.042500 0.172800 0.031000 0.135500 0.066000 0.053700 0.031500 0.142000 0.042000 0.114800 0.031400 0.031700 0.053300 0.031500 0.139300 0.053000 0.088300 0.076100 0.041900 0.031400 0.000000 0.031400 0.102900 0.099800 0.031400 0.042600 0.053300 0.030300 0.042600 0.041900 0.126200 0.031500 0.099500 0.064300 0.076500 0.064200 0.031400 0.077300 0.042700 0.101400 0.102900 0.031600 0.113600 0.088800 0.042300 0.075200 0.042600 0.074100 0.054000 0.053300 0.030700 0.062900
BarbaryShe 0.010000 0.170000 0.020500 0.133300 0.053700 0.020800 0.020600 0.139300 0.030800 0.100700 0.000000 0.020600 0.041700 0.019800 0.124400 0.041400 0.086800 0.074800 0.009900 0.020500 0.031400 0.000000 0.089100 0.109400 0.000000 0.031300 0.041700 0.019800 0.031200 0.030000 0.111800 0.020600 0.086300 0.052400 0.064000 0.052300 0.000000 0.064600 0.029800 0.111100 0.089100 0.019700 0.099700 0.098600 0.031100 0.063100 0.031200 0.062200 0.042200 0.041700 0.020500 0.051300
Daviddeer 0.078300 0.180200 0.089100 0.141600 0.080500 0.090500 0.089400 0.147800 0.100500 0.034000 0.089100 0.089800 0.113500 0.089300 0.107100 0.112500 0.092000 0.102900 0.100100 0.089100 0.102900 0.089100 0.000000 0.068000 0.089100 0.102200 0.113500 0.089100 0.101900 0.100100 0.045300 0.089300 0.115500 0.125400 0.091200 0.125100 0.089100 0.092300 0.102200 0.045600 0.000000 0.089500 0.033700 0.056800 0.101300 0.137300 0.102000 0.134800 0.091100 0.089900 0.089100 0.122400
Reindeer 0.122100 0.200300 0.109400 0.161700 0.125300 0.134600 0.109700 0.208600 0.120700 0.079600 0.109400 0.110300 0.133800 0.109700 0.128200 0.132800 0.136800 0.099900 0.120300 0.109400 0.099800 0.109400 0.068000 0.000000 0.109400 0.122600 0.133800 0.109400 0.122300 0.120200 0.090900 0.109700 0.135900 0.145600 0.111900 0.145300 0.109400 0.137100 0.122700 0.021200 0.068000 0.109900 0.078800 0.010500 0.121700 0.157300 0.122400 0.154700 0.111800 0.110400 0.109400 0.119200
Ibex 0.010300 0.170000 0.020500 0.133300 0.053700 0.020800 0.020600 0.138600 0.030800 0.100700 0.000000 0.020600 0.041700 0.020600 0.124400 0.041400 0.086800 0.074800 0.009800 0.020500 0.031400 0.000000 0.089100 0.109400 0.000000 0.031300 0.041700 0.019700 0.031200 0.030700 0.111800 0.020600 0.086300 0.052400 0.064000 0.052300 0.000000 0.064600 0.031300 0.111100 0.089100 0.019700 0.099700 0.098600 0.031100 0.063100 0.031200 0.062200 0.042200 0.041700 0.020500 0.051300
GyrantGaze 0.042200 0.159700 0.031300 0.147000 0.065600 0.053400 0.031300 0.154000 0.041800 0.114100 0.031300 0.031500 0.053000 0.031300 0.138300 0.052700 0.099400 0.087000 0.041700 0.031300 0.042600 0.031300 0.102200 0.122600 0.031300 0.000000 0.053000 0.031300 0.042300 0.041600 0.125300 0.031300 0.098900 0.063900 0.076000 0.063800 0.031300 0.076800 0.042400 0.124500 0.102200 0.010000 0.112900 0.111600 0.042100 0.074800 0.042400 0.073700 0.053700 0.053000 0.031300 0.062600
Hartebeest 0.052800 0.196400 0.041700 0.158500 0.054100 0.064100 0.041800 0.165900 0.048800 0.125600 0.041700 0.042000 0.000000 0.041800 0.150000 0.063300 0.087500 0.098000 0.052100 0.041700 0.053300 0.041700 0.113500 0.133800 0.041700 0.053000 0.000000 0.041700 0.052900 0.052100 0.136900 0.041800 0.110000 0.010300 0.064500 0.052700 0.041700 0.065200 0.053100 0.135900 0.113500 0.041900 0.124300 0.122800 0.031300 0.085600 0.053000 0.084300 0.064500 0.042000 0.041700 0.073100
Bongo 0.031100 0.169900 0.000000 0.133300 0.053700 0.042000 0.020500 0.139300 0.009900 0.100700 0.020500 0.020600 0.041700 0.020500 0.124300 0.041400 0.086800 0.074800 0.030700 0.000000 0.030300 0.019800 0.089100 0.109400 0.019700 0.031300 0.041700 0.000000 0.029700 0.010100 0.111800 0.020500 0.086300 0.052400 0.064000 0.052300 0.020500 0.064600 0.031300 0.111100 0.089100 0.020600 0.099700 0.098500 0.031100 0.063100 0.031200 0.062100 0.042200 0.041700 0.000000 0.030500
Gerenuk 0.039500 0.159400 0.031200 0.122900 0.043200 0.053300 0.031300 0.153500 0.041700 0.113800 0.031200 0.031400 0.052900 0.031300 0.125700 0.031100 0.076400 0.064500 0.041600 0.031200 0.042600 0.031200 0.101900 0.122300 0.031200 0.042300 0.052900 0.029700 0.000000 0.041600 0.125100 0.031300 0.076000 0.063800 0.075900 0.063700 0.031200 0.054200 0.042400 0.124200 0.101900 0.031300 0.112700 0.111300 0.042000 0.074700 0.042300 0.062700 0.053600 0.052900 0.030000 0.062500
CommonElan 0.041500 0.156500 0.010100 0.144400 0.064300 0.052400 0.030800 0.150800 0.020400 0.111800 0.030700 0.030900 0.052100 0.030800 0.135500 0.051800 0.097600 0.084800 0.041000 0.009800 0.041900 0.030000 0.100100 0.120200 0.030700 0.041600 0.052100 0.010100 0.041600 0.000000 0.099200 0.030800 0.097100 0.062800 0.074600 0.062700 0.030700 0.075300 0.041700 0.122000 0.100100 0.030800 0.110700 0.109400 0.041400 0.073600 0.039300 0.072500 0.052700 0.052100 0.010100 0.020100
MuntiacusR 0.124800 0.165500 0.111800 0.165700 0.128300 0.137800 0.112100 0.199700 0.123400 0.033500 0.111800 0.112700 0.136900 0.112100 0.157000 0.123700 0.140000 0.126200 0.122800 0.111800 0.126200 0.111800 0.045300 0.090900 0.111800 0.125300 0.136900 0.111800 0.125100 0.099200 0.000000 0.112100 0.139200 0.148900 0.138800 0.148600 0.111800 0.140400 0.125500 0.092500 0.045300 0.112300 0.033200 0.079600 0.124400 0.160900 0.125200 0.157600 0.138900 0.100900 0.111800 0.121400
HarveysDui 0.031200 0.158400 0.020000 0.109900 0.053800 0.042100 0.000000 0.127600 0.030900 0.101000 0.020600 0.020700 0.041800 0.000000 0.100700 0.041500 0.087000 0.075000 0.029600 0.019800 0.031500 0.020600 0.089300 0.109700 0.020600 0.031300 0.041800 0.020500 0.031300 0.030800 0.112100 0.000000 0.063800 0.052500 0.064200 0.052400 0.020600 0.064800 0.031400 0.111400 0.089300 0.019900 0.100000 0.098800 0.031100 0.052500 0.031300 0.041000 0.042300 0.041800 0.020500 0.030500
Pronghorn 0.098500 0.149500 0.086300 0.112400 0.077800 0.110600 0.064100 0.209200 0.097400 0.127700 0.086300 0.087000 0.110000 0.064100 0.127200 0.109100 0.088900 0.076600 0.097100 0.086300 0.099500 0.086300 0.115500 0.135900 0.086300 0.098900 0.110000 0.086300 0.076000 0.097100 0.139200 0.063800 0.000000 0.098000 0.111400 0.109500 0.086300 0.089200 0.098900 0.138200 0.115500 0.086700 0.126400 0.124800 0.098100 0.121400 0.075800 0.107700 0.111300 0.087100 0.086300 0.096000
BlueWildeb 0.063700 0.196000 0.052400 0.170300 0.065200 0.075100 0.048700 0.178400 0.063000 0.137600 0.052400 0.052800 0.009900 0.052500 0.162300 0.074200 0.098800 0.109300 0.062400 0.052400 0.064300 0.052400 0.125400 0.145600 0.052400 0.063900 0.010300 0.052400 0.063800 0.062800 0.148900 0.052500 0.098000 0.000000 0.075700 0.052600 0.052400 0.076300 0.064000 0.147900 0.125400 0.052600 0.135900 0.134500 0.041900 0.096700 0.042000 0.095300 0.075600 0.052800 0.052400 0.083900
Gemsbok 0.050000 0.186000 0.064000 0.160100 0.054800 0.065000 0.063300 0.168100 0.075000 0.127300 0.064000 0.064600 0.064500 0.064200 0.103300 0.086400 0.065800 0.076400 0.074600 0.064000 0.076500 0.064000 0.091200 0.111900 0.064000 0.076000 0.064500 0.064000 0.075900 0.074600 0.138800 0.064200 0.111400 0.075700 0.000000 0.064600 0.064000 0.066100 0.076200 0.090100 0.091200 0.064000 0.114100 0.100900 0.053400 0.109500 0.076000 0.096600 0.043200 0.064600 0.064000 0.074100
Yak 0.063600 0.168500 0.052300 0.169800 0.087600 0.075000 0.052400 0.177800 0.063000 0.137300 0.052300 0.030000 0.052700 0.052400 0.162100 0.074100 0.098600 0.109100 0.062700 0.052300 0.064200 0.052300 0.125100 0.145300 0.052300 0.063800 0.052700 0.052300 0.063700 0.062700 0.148600 0.052400 0.109500 0.052600 0.064600 0.000000 0.048500 0.099000 0.063900 0.147600 0.125100 0.052500 0.111700 0.134200 0.020700 0.096600 0.052800 0.073100 0.075500 0.052700 0.052300 0.083900
BlueSheep 0.010000 0.170000 0.020500 0.133300 0.053700 0.020800 0.020600 0.139300 0.030800 0.100700 0.000000 0.019800 0.041700 0.020600 0.124400 0.041400 0.086800 0.074800 0.009800 0.020500 0.031400 0.000000 0.089100 0.109400 0.000000 0.031300 0.041700 0.020500 0.031200 0.030700 0.111800 0.020600 0.086300 0.052400 0.064000 0.048500 0.000000 0.064600 0.030100 0.111100 0.089100 0.020600 0.099700 0.098600 0.031100 0.063100 0.031200 0.062200 0.042200 0.041600 0.020500 0.051300
BohorReedb 0.054100 0.175500 0.064600 0.137800 0.010900 0.065600 0.064800 0.170700 0.075600 0.128900 0.064600 0.065100 0.065200 0.064800 0.116400 0.087100 0.066600 0.077300 0.075300 0.064100 0.077300 0.064600 0.092300 0.137100 0.064600 0.076800 0.065200 0.064600 0.054200 0.075300 0.140400 0.064800 0.089200 0.076300 0.066100 0.099000 0.064600 0.000000 0.076800 0.115100 0.092300 0.064900 0.127500 0.125900 0.076200 0.110500 0.076700 0.108700 0.066000 0.087800 0.064600 0.096900
KirksDik 0.042300 0.184500 0.031300 0.146900 0.065600 0.053400 0.031400 0.128800 0.041800 0.114200 0.031300 0.031500 0.053100 0.030500 0.138500 0.052700 0.099500 0.087100 0.041700 0.029900 0.042700 0.029800 0.102200 0.122700 0.031300 0.042400 0.053100 0.031300 0.042400 0.041700 0.125500 0.031400 0.098900 0.064000 0.076200 0.063900 0.030100 0.076800 0.000000 0.124700 0.102200 0.031400 0.113000 0.111200 0.042200 0.052900 0.039700 0.073700 0.031900 0.053100 0.031300 0.062600
RoeDeer 0.100400 0.203400 0.111100 0.164300 0.103200 0.112800 0.111400 0.185300 0.122600 0.081000 0.111100 0.112000 0.135900 0.111400 0.105700 0.134800 0.114700 0.101500 0.122100 0.111100 0.101400 0.111100 0.045600 0.021200 0.111100 0.124500 0.135900 0.111100 0.124200 0.122000 0.092500 0.111400 0.138200 0.147900 0.090100 0.147600 0.111100 0.115100 0.124700 0.000000 0.045600 0.111600 0.080200 0.011000 0.123600 0.159700 0.124400 0.156900 0.090000 0.112100 0.111100 0.120900
WhiteLippe 0.078300 0.180200 0.089100 0.141600 0.080500 0.090500 0.089300 0.147800 0.100500 0.032700 0.089100 0.089800 0.113500 0.089300 0.107100 0.112500 0.092000 0.102900 0.100100 0.089100 0.102900 0.089100 0.000000 0.068000 0.089100 0.102200 0.113500 0.089100 0.101900 0.100100 0.045300 0.089300 0.115500 0.125400 0.091200 0.125100 0.089100 0.092300 0.102200 0.045600 0.000000 0.089500 0.033700 0.056800 0.101300 0.137300 0.102000 0.134800 0.091100 0.089900 0.089100 0.122400
ThomsonGaz 0.030100 0.170700 0.019900 0.133900 0.053900 0.042100 0.020600 0.140000 0.031000 0.101200 0.020600 0.020700 0.041900 0.020600 0.124900 0.041600 0.087100 0.075100 0.030800 0.020600 0.031600 0.019700 0.089500 0.109900 0.019700 0.010000 0.041900 0.020600 0.031300 0.030800 0.112300 0.019900 0.086700 0.052600 0.064000 0.052500 0.020600 0.064900 0.031400 0.111600 0.089500 0.000000 0.100100 0.099000 0.029700 0.063300 0.031300 0.062400 0.040000 0.041900 0.020600 0.047900
MuntiacusC 0.112400 0.165000 0.099700 0.152500 0.115500 0.125100 0.100000 0.185500 0.111100 0.022200 0.099700 0.100500 0.124300 0.100000 0.143400 0.123200 0.127200 0.113700 0.110700 0.099700 0.113600 0.099700 0.033700 0.078800 0.099700 0.112900 0.124300 0.099700 0.112700 0.110700 0.033200 0.100000 0.126400 0.135900 0.114100 0.111700 0.099700 0.127500 0.113000 0.080200 0.033700 0.100100 0.000000 0.067600 0.112000 0.148000 0.112800 0.121500 0.125900 0.088900 0.099700 0.133000
WhiteTaile 0.111100 0.188600 0.098500 0.150000 0.114100 0.123600 0.099400 0.196600 0.109800 0.068400 0.098600 0.099300 0.122800 0.098800 0.116800 0.121800 0.125500 0.088900 0.109400 0.098500 0.088800 0.098600 0.056800 0.010500 0.098600 0.111600 0.122800 0.098500 0.111300 0.109400 0.079600 0.098800 0.124800 0.134500 0.100900 0.134200 0.098600 0.125900 0.111200 0.011000 0.056800 0.099000 0.067600 0.000000 0.110700 0.146200 0.111400 0.143700 0.100800 0.099400 0.098500 0.108400
Cattle 0.042000 0.183000 0.031100 0.145600 0.065100 0.053000 0.031100 0.152500 0.041600 0.113200 0.031100 0.010000 0.031300 0.031100 0.137400 0.052400 0.075900 0.086400 0.041400 0.030000 0.042300 0.031100 0.101300 0.121700 0.031100 0.042100 0.031300 0.031100 0.042000 0.041400 0.124400 0.031100 0.098100 0.041900 0.053400 0.020700 0.031100 0.076200 0.042200 0.123600 0.101300 0.029700 0.112000 0.110700 0.000000 0.074300 0.042100 0.073200 0.053400 0.031300 0.031100 0.062200
RoyalAntel 0.074500 0.207400 0.063100 0.170800 0.099100 0.086100 0.052500 0.151600 0.073800 0.149600 0.063100 0.063500 0.085600 0.052500 0.136900 0.085000 0.134300 0.120800 0.073600 0.063100 0.075200 0.063100 0.137300 0.157300 0.063100 0.074800 0.085600 0.063100 0.074700 0.073600 0.160900 0.052500 0.121400 0.096700 0.109500 0.096600 0.063100 0.110500 0.052900 0.159700 0.137300 0.063300 0.148000 0.146200 0.074300 0.000000 0.052700 0.095300 0.064200 0.085600 0.063100 0.083900
Steenbok 0.042200 0.171900 0.031200 0.146900 0.065500 0.053300 0.031300 0.153800 0.041800 0.114000 0.030000 0.031500 0.053000 0.031300 0.113600 0.052600 0.099300 0.086900 0.041600 0.031200 0.042600 0.031200 0.102000 0.122400 0.031200 0.042400 0.053000 0.031200 0.042300 0.039300 0.125200 0.031300 0.075800 0.042000 0.076000 0.052800 0.031200 0.076700 0.039700 0.124400 0.102000 0.031300 0.112800 0.111400 0.042100 0.052700 0.000000 0.073600 0.053600 0.053000 0.031200 0.062500
Impala 0.073400 0.180300 0.062100 0.155200 0.097500 0.084800 0.041000 0.175200 0.072800 0.146900 0.062200 0.062600 0.084300 0.041000 0.121600 0.072900 0.131500 0.118800 0.072500 0.062100 0.074100 0.062200 0.134800 0.154700 0.062200 0.073700 0.084300 0.062100 0.062700 0.072500 0.157600 0.041000 0.107700 0.095300 0.096600 0.073100 0.062200 0.108700 0.073700 0.156900 0.134800 0.062400 0.121500 0.143700 0.073200 0.095300 0.073600 0.000000 0.085200 0.084300 0.062100 0.071800
Klipspring 0.031800 0.198300 0.042200 0.160100 0.054800 0.042800 0.042300 0.117300 0.052900 0.127300 0.042200 0.042500 0.064500 0.042300 0.103100 0.064000 0.088600 0.076300 0.052700 0.042200 0.054000 0.042200 0.091100 0.111800 0.042200 0.053700 0.064500 0.042200 0.053600 0.052700 0.138900 0.042300 0.111300 0.075600 0.043200 0.075500 0.042200 0.066000 0.031900 0.090000 0.091100 0.040000 0.125900 0.100800 0.053400 0.064200 0.053600 0.085200 0.000000 0.064500 0.042200 0.052300
ForestMusk 0.052900 0.171300 0.041700 0.134300 0.076500 0.064100 0.041800 0.165900 0.052300 0.089800 0.041700 0.042000 0.042000 0.041800 0.125600 0.063300 0.064900 0.075400 0.052100 0.041700 0.053300 0.041700 0.089900 0.110400 0.041700 0.053000 0.042000 0.041700 0.052900 0.052100 0.100900 0.041800 0.087100 0.052800 0.064600 0.052700 0.041600 0.087800 0.053100 0.112100 0.089900 0.041900 0.088900 0.099400 0.031300 0.085600 0.053000 0.084300 0.064500 0.000000 0.041700 0.073100
Bushbuck 0.030200 0.169900 0.000000 0.133300 0.053700 0.042000 0.020500 0.139300 0.009800 0.100700 0.020500 0.019900 0.041700 0.020500 0.124300 0.041400 0.086800 0.074800 0.030700 0.000000 0.030700 0.020500 0.089100 0.109400 0.020500 0.031300 0.041700 0.000000 0.030000 0.010100 0.111800 0.020500 0.086300 0.052400 0.064000 0.052300 0.020500 0.064600 0.031300 0.111100 0.089100 0.020600 0.099700 0.098500 0.031100 0.063100 0.031200 0.062100 0.042200 0.041700 0.000000 0.030500
GreaterKud 0.062400 0.167200 0.030500 0.142600 0.085800 0.073500 0.029400 0.161800 0.040800 0.134300 0.051300 0.051700 0.073100 0.030500 0.110400 0.072700 0.119400 0.084700 0.061600 0.030500 0.062900 0.051300 0.122400 0.119200 0.051300 0.062600 0.073100 0.030500 0.062500 0.020100 0.121400 0.030500 0.096000 0.083900 0.074100 0.083900 0.051300 0.096900 0.062600 0.120900 0.122400 0.047900 0.133000 0.108400 0.062200 0.083900 0.062500 0.071800 0.052300 0.073100 0.030500 0.000000
