1
52 1
Argali 0.000000 0.422200 0.070400 0.275200 0.094400 0.010800 0.057700 0.120800 0.070400 0.124000 0.022300 0.082800 0.105900 0.081700 0.133400 0.107000 0.148600 0.136800 0.069500 0.108100 0.068900 0.056700 0.081900 0.120600 0.045200 0.120500 0.105900 0.082500 0.107100 0.082100 0.151400 0.082400 0.094100 0.093200 0.057700 0.094500 0.022300 0.117400 0.120600 0.198700 0.081600 0.081300 0.124000 0.106700 0.094500 0.069400 0.144400 0.120500 0.107700 0.081500 0.070400 0.095900
LesserMous 0.422200 0.000000 0.387900 0.421100 0.473000 0.406100 0.428300 0.357100 0.387900 0.383100 0.389800 0.405800 0.371900 0.446100 0.383600 0.350700 0.385700 0.421700 0.423200 0.468800 0.341700 0.426100 0.365200 0.405200 0.428800 0.299800 0.371900 0.405900 0.328500 0.403200 0.403300 0.412700 0.362800 0.350300 0.392100 0.423300 0.389800 0.499000 0.330400 0.428800 0.365800 0.347100 0.383100 0.402300 0.423300 0.389800 0.359100 0.390500 0.411800 0.396700 0.387900 0.431800
LesserKudu 0.070400 0.387900 0.000000 0.275600 0.047100 0.058600 0.059300 0.071300 0.000000 0.069300 0.046900 0.011500 0.047000 0.083500 0.082700 0.058500 0.072000 0.073100 0.070800 0.046900 0.045600 0.083400 0.034600 0.071400 0.046800 0.071100 0.047000 0.011200 0.058500 0.011200 0.094200 0.059700 0.046400 0.058700 0.035100 0.022800 0.046900 0.070500 0.071200 0.146200 0.034500 0.034300 0.069300 0.058400 0.022500 0.046900 0.094200 0.083200 0.046600 0.034100 0.000000 0.023300
KillerWhal 0.275200 0.421100 0.275600 0.000000 0.345100 0.291500 0.325700 0.304700 0.275600 0.331800 0.277200 0.291700 0.306300 0.323800 0.353000 0.257700 0.343400 0.384000 0.374400 0.341800 0.299400 0.324000 0.286600 0.321100 0.293600 0.290400 0.306300 0.260600 0.241700 0.289500 0.365800 0.327200 0.287100 0.321100 0.293800 0.290000 0.277200 0.338900 0.303800 0.438100 0.287800 0.271100 0.331800 0.319400 0.290000 0.245700 0.333000 0.274400 0.291800 0.286800 0.275600 0.309400
DefassaWat 0.094400 0.473000 0.047100 0.345100 0.000000 0.082500 0.083300 0.123100 0.047100 0.107200 0.070700 0.059400 0.097300 0.107900 0.108800 0.109100 0.098100 0.112800 0.082500 0.084500 0.094700 0.107800 0.083800 0.123700 0.070500 0.123000 0.097300 0.059200 0.109200 0.058800 0.133300 0.083800 0.096100 0.109600 0.058700 0.071000 0.070700 0.045700 0.123100 0.202700 0.083400 0.082900 0.107200 0.109400 0.071000 0.070500 0.120400 0.109300 0.096700 0.082500 0.047100 0.072400
Sheep 0.010800 0.406100 0.058600 0.291500 0.082500 0.000000 0.046100 0.108700 0.058600 0.111900 0.011100 0.071000 0.093800 0.069900 0.121100 0.095100 0.136200 0.124400 0.057900 0.096000 0.057300 0.045300 0.070200 0.108500 0.033800 0.108300 0.093800 0.070700 0.095200 0.070400 0.139000 0.070600 0.082300 0.081200 0.046200 0.082600 0.010900 0.105500 0.108500 0.186100 0.069900 0.069600 0.111900 0.094800 0.082600 0.057800 0.132200 0.108300 0.095700 0.069700 0.058600 0.083900
MaxwellsDu 0.057700 0.428300 0.059300 0.325700 0.083300 0.046100 0.000000 0.109800 0.059300 0.106900 0.058300 0.071700 0.059300 0.046100 0.096100 0.096000 0.137700 0.125900 0.058000 0.097000 0.082000 0.094800 0.071100 0.109900 0.082700 0.109500 0.059300 0.071600 0.096100 0.071100 0.133200 0.046700 0.083300 0.071200 0.022900 0.083500 0.058300 0.106600 0.109600 0.188300 0.070800 0.070400 0.106900 0.096000 0.083500 0.058300 0.133200 0.096000 0.083700 0.095000 0.059300 0.084900
GazellaPrz 0.120800 0.357100 0.071300 0.304700 0.123100 0.108700 0.109800 0.000000 0.071300 0.094300 0.096600 0.083700 0.097000 0.135500 0.096100 0.058800 0.123200 0.125200 0.121600 0.122300 0.069500 0.135100 0.058700 0.096700 0.122200 0.059300 0.097000 0.083500 0.058700 0.083000 0.120400 0.110900 0.070900 0.109100 0.084700 0.095500 0.096600 0.146400 0.071600 0.095900 0.058500 0.058100 0.094300 0.083000 0.095500 0.071400 0.070000 0.083800 0.096700 0.106800 0.071300 0.097100
MountainNy 0.070400 0.387900 0.000000 0.275600 0.047100 0.058600 0.059300 0.071300 0.000000 0.069300 0.046900 0.011200 0.047000 0.083500 0.082000 0.058500 0.072000 0.073100 0.070800 0.046900 0.045600 0.083400 0.034600 0.071400 0.046800 0.071100 0.047000 0.011200 0.058500 0.011400 0.094200 0.059700 0.046400 0.058700 0.035100 0.022800 0.046900 0.070200 0.071200 0.146200 0.034500 0.034300 0.069300 0.058400 0.022300 0.046900 0.094200 0.083200 0.046600 0.034100 0.000000 0.023300
MuntiacusM 0.124000 0.383100 0.069300 0.331800 0.107200 0.111900 0.106900 0.094300 0.069300 0.000000 0.099800 0.081500 0.069700 0.131800 0.131600 0.081100 0.146600 0.122600 0.144400 0.119300 0.067600 0.138400 0.033800 0.069800 0.125600 0.094300 0.069700 0.081300 0.081100 0.080800 0.022100 0.107800 0.092900 0.081300 0.082200 0.092900 0.099800 0.143100 0.093900 0.143500 0.033700 0.056400 0.000000 0.057100 0.092900 0.094100 0.116800 0.106100 0.094000 0.104000 0.069300 0.094600
goat 0.022300 0.389800 0.046900 0.277200 0.070700 0.011100 0.058300 0.096600 0.046900 0.099800 0.000000 0.059100 0.081500 0.082400 0.134800 0.083200 0.123800 0.112000 0.070200 0.084000 0.045900 0.033900 0.058500 0.096500 0.022500 0.096100 0.081500 0.059000 0.083300 0.058600 0.126600 0.058800 0.070600 0.069100 0.034600 0.070800 0.000000 0.093700 0.096500 0.173400 0.058300 0.058000 0.099800 0.083000 0.070800 0.046200 0.120000 0.096200 0.083700 0.058000 0.046900 0.071900
AfricanBuf 0.082800 0.405800 0.011500 0.291700 0.059400 0.071000 0.071700 0.083700 0.011200 0.081500 0.059100 0.000000 0.059100 0.096300 0.095300 0.070700 0.084700 0.085900 0.083200 0.059200 0.045800 0.096100 0.046500 0.084000 0.059000 0.083600 0.059100 0.022600 0.070800 0.022900 0.093100 0.072200 0.058400 0.071000 0.047200 0.034500 0.059100 0.082700 0.083700 0.159600 0.046300 0.046100 0.081500 0.070700 0.034500 0.059100 0.106900 0.095800 0.058700 0.045600 0.011500 0.035200
Topi 0.105900 0.371900 0.047000 0.306300 0.097300 0.093800 0.059300 0.097000 0.047000 0.069700 0.081500 0.059100 0.000000 0.083700 0.108100 0.083400 0.123800 0.099400 0.096000 0.083100 0.069500 0.119900 0.058600 0.096600 0.107200 0.096000 0.000000 0.059000 0.083400 0.058600 0.094800 0.059800 0.070800 0.011300 0.035200 0.070800 0.081500 0.120700 0.096700 0.174500 0.058400 0.058100 0.069700 0.083000 0.070800 0.071700 0.120000 0.083400 0.071100 0.082100 0.047000 0.058900
CommonDuik 0.081700 0.446100 0.083500 0.323800 0.107900 0.069900 0.046100 0.135500 0.083500 0.131800 0.082400 0.096300 0.083700 0.000000 0.121300 0.095400 0.163800 0.152100 0.082100 0.122000 0.106400 0.094200 0.095400 0.135000 0.094900 0.135400 0.083700 0.096000 0.095500 0.095500 0.132200 0.022900 0.108000 0.095700 0.046200 0.095600 0.082400 0.105700 0.108700 0.216100 0.095000 0.094600 0.131800 0.120600 0.095600 0.058000 0.133000 0.095800 0.083300 0.094400 0.083500 0.109800
Suni 0.133400 0.383600 0.082700 0.353000 0.108800 0.121100 0.096100 0.096100 0.082000 0.131600 0.134800 0.095300 0.108100 0.121300 0.000000 0.095200 0.135400 0.165000 0.095300 0.134400 0.106200 0.174900 0.095200 0.135000 0.134400 0.082800 0.108100 0.095000 0.095300 0.094500 0.158600 0.122500 0.120100 0.120400 0.096000 0.107000 0.134800 0.132200 0.083200 0.201600 0.094900 0.094500 0.131600 0.094900 0.107000 0.108200 0.094000 0.070300 0.083000 0.118400 0.083100 0.108900
Springbuck 0.107000 0.350700 0.058500 0.257700 0.109100 0.095100 0.096000 0.058800 0.058500 0.081100 0.083200 0.070700 0.083400 0.095400 0.095200 0.000000 0.136000 0.138200 0.133900 0.108400 0.057100 0.120800 0.046100 0.083200 0.095700 0.058700 0.083400 0.070500 0.022800 0.070100 0.106400 0.096800 0.082300 0.095300 0.071400 0.070100 0.083200 0.106800 0.058600 0.133200 0.046000 0.045800 0.081100 0.070100 0.070100 0.034600 0.081500 0.046300 0.058500 0.069200 0.058500 0.083600
Okapi 0.148600 0.385700 0.072000 0.343400 0.098100 0.136200 0.137700 0.123200 0.072000 0.146600 0.123800 0.084700 0.123800 0.163800 0.135400 0.136000 0.000000 0.099800 0.109900 0.123800 0.120200 0.163600 0.109600 0.095200 0.123500 0.150100 0.123800 0.084500 0.135900 0.083900 0.174200 0.138600 0.122300 0.136200 0.111400 0.096400 0.123800 0.095900 0.150300 0.203200 0.109100 0.108400 0.146600 0.109200 0.096400 0.123900 0.146900 0.136200 0.123300 0.108000 0.072000 0.098100
Giraffe 0.136800 0.421700 0.073100 0.384000 0.112800 0.124400 0.125900 0.125200 0.073100 0.122600 0.112000 0.085900 0.099400 0.152100 0.165000 0.138200 0.099800 0.000000 0.110900 0.098800 0.121800 0.151800 0.111200 0.153400 0.111600 0.152400 0.099400 0.085700 0.137900 0.085100 0.149700 0.126800 0.124200 0.111700 0.099700 0.097800 0.112000 0.136900 0.152800 0.206800 0.110700 0.110000 0.122600 0.137900 0.097800 0.112200 0.176700 0.166100 0.125200 0.109300 0.073100 0.099600
TibetanAnt 0.069500 0.423200 0.070800 0.374400 0.082500 0.057900 0.058000 0.121600 0.070800 0.144400 0.070200 0.083200 0.096000 0.082100 0.095300 0.133900 0.109900 0.110900 0.000000 0.108800 0.093900 0.107100 0.107900 0.148400 0.070000 0.148500 0.096000 0.083000 0.134100 0.082100 0.171900 0.082800 0.120600 0.083200 0.057900 0.094900 0.070200 0.105500 0.148200 0.200200 0.107500 0.107000 0.144400 0.133600 0.094900 0.094600 0.159400 0.121500 0.095500 0.081800 0.070800 0.096600
Sitatunga 0.108100 0.468800 0.046900 0.341800 0.084500 0.096000 0.097000 0.122300 0.046900 0.119300 0.084000 0.059200 0.083100 0.122000 0.134400 0.108400 0.123800 0.098800 0.108800 0.000000 0.094000 0.096300 0.083300 0.123000 0.083800 0.122000 0.083100 0.059000 0.108500 0.058600 0.145700 0.097600 0.095500 0.094900 0.072000 0.070700 0.084000 0.108200 0.122300 0.201600 0.083000 0.082400 0.119300 0.108700 0.070700 0.084000 0.145800 0.134600 0.096000 0.082100 0.046900 0.022100
Oribi 0.068900 0.341700 0.045600 0.299400 0.094700 0.057300 0.082000 0.069500 0.045600 0.067600 0.045900 0.045800 0.069500 0.106400 0.106200 0.057100 0.120200 0.121800 0.093900 0.094000 0.000000 0.081500 0.033700 0.069600 0.069600 0.069500 0.069500 0.057300 0.057000 0.057000 0.080100 0.082600 0.068700 0.057300 0.058000 0.068800 0.045900 0.117700 0.069500 0.142900 0.033600 0.033400 0.067600 0.057000 0.068800 0.069600 0.092100 0.081400 0.069400 0.056500 0.045600 0.069900
BarbaryShe 0.056700 0.426100 0.083400 0.324000 0.107800 0.045300 0.094800 0.135100 0.083400 0.138400 0.033900 0.096100 0.119900 0.094200 0.174900 0.120800 0.163600 0.151800 0.107100 0.096300 0.081500 0.000000 0.095100 0.134900 0.057200 0.134900 0.119900 0.095800 0.120900 0.095300 0.138900 0.070500 0.107600 0.106900 0.070300 0.107900 0.033900 0.131000 0.108400 0.214900 0.094700 0.094300 0.138400 0.120500 0.107900 0.082200 0.158900 0.134600 0.121700 0.094400 0.083400 0.109600
Daviddeer 0.081900 0.365200 0.034600 0.286600 0.083800 0.070200 0.071100 0.058700 0.034600 0.033800 0.058500 0.046500 0.058600 0.095400 0.095200 0.046100 0.109600 0.111200 0.107900 0.083300 0.033700 0.095100 0.000000 0.034900 0.083000 0.058600 0.058600 0.046400 0.046200 0.046100 0.057400 0.071500 0.057800 0.070300 0.046900 0.057900 0.058500 0.107100 0.058500 0.107000 0.000000 0.022500 0.033800 0.022800 0.057900 0.058600 0.081500 0.070300 0.058400 0.069200 0.034600 0.058900
Reindeer 0.120600 0.405200 0.071400 0.321100 0.123700 0.108500 0.109900 0.096700 0.071400 0.069800 0.096500 0.084000 0.096600 0.135000 0.135000 0.083200 0.095200 0.153400 0.148400 0.123000 0.069600 0.134900 0.034900 0.000000 0.122300 0.096600 0.096600 0.083800 0.083300 0.083200 0.094700 0.110500 0.095500 0.108600 0.084500 0.095600 0.096500 0.121000 0.096500 0.147400 0.034700 0.058100 0.069800 0.034800 0.095600 0.096700 0.119800 0.108500 0.096300 0.107000 0.071400 0.097400
Ibex 0.045200 0.428800 0.046800 0.293600 0.070500 0.033800 0.082700 0.122200 0.046800 0.125600 0.022500 0.059000 0.107200 0.094900 0.134400 0.095700 0.123500 0.111600 0.070000 0.083800 0.069600 0.057200 0.083000 0.122300 0.000000 0.121900 0.107200 0.058800 0.095800 0.058500 0.153200 0.083300 0.095300 0.094300 0.058400 0.046200 0.022500 0.081400 0.122100 0.201000 0.082600 0.082300 0.125600 0.108200 0.046200 0.058200 0.146000 0.108900 0.071100 0.046100 0.046800 0.071800
GyrantGaze 0.120500 0.299800 0.071100 0.290400 0.123000 0.108300 0.109500 0.059300 0.071100 0.094300 0.096100 0.083600 0.096000 0.135400 0.082800 0.058700 0.150100 0.152400 0.148500 0.122000 0.069500 0.134900 0.058600 0.096600 0.121900 0.000000 0.096000 0.083300 0.058600 0.082900 0.120300 0.110400 0.082800 0.108600 0.084500 0.095300 0.096100 0.146400 0.071500 0.134600 0.058400 0.058000 0.094300 0.082900 0.095300 0.071200 0.082200 0.083800 0.096700 0.106700 0.071100 0.096800
Hartebeest 0.105900 0.371900 0.047000 0.306300 0.097300 0.093800 0.059300 0.097000 0.047000 0.069700 0.081500 0.059100 0.000000 0.083700 0.108100 0.083400 0.123800 0.099400 0.096000 0.083100 0.069500 0.119900 0.058600 0.096600 0.107200 0.096000 0.000000 0.059000 0.083400 0.058600 0.094800 0.059800 0.070800 0.011300 0.035200 0.070800 0.081500 0.120700 0.096700 0.174500 0.058400 0.058100 0.069700 0.083000 0.070800 0.071700 0.120000 0.083400 0.071100 0.082100 0.047000 0.058900
Bongo 0.082500 0.405900 0.011200 0.260600 0.059200 0.070700 0.071600 0.083500 0.011200 0.081300 0.059000 0.022600 0.059000 0.096000 0.095000 0.070500 0.084500 0.085700 0.083000 0.059000 0.057300 0.095800 0.046400 0.083800 0.058800 0.083300 0.059000 0.000000 0.070600 0.022800 0.106500 0.072000 0.058200 0.070800 0.047100 0.034400 0.059000 0.082500 0.083500 0.159200 0.046200 0.046000 0.081300 0.070600 0.034400 0.058900 0.106500 0.095500 0.058600 0.045700 0.011300 0.035100
Gerenuk 0.107100 0.328500 0.058500 0.241700 0.109200 0.095200 0.096100 0.058700 0.058500 0.081100 0.083300 0.070800 0.083400 0.095500 0.095300 0.022800 0.135900 0.137900 0.134100 0.108500 0.057000 0.120900 0.046200 0.083300 0.095800 0.058600 0.083400 0.070600 0.000000 0.070100 0.106400 0.096900 0.057300 0.095400 0.071400 0.070200 0.083300 0.106900 0.058600 0.160000 0.046000 0.045700 0.081100 0.070100 0.070200 0.034700 0.081400 0.046400 0.058600 0.069200 0.058500 0.083700
CommonElan 0.082100 0.403200 0.011200 0.289500 0.058800 0.070400 0.071100 0.083000 0.011400 0.080800 0.058600 0.022900 0.058600 0.095500 0.094500 0.070100 0.083900 0.085100 0.082100 0.058600 0.057000 0.095300 0.046100 0.083200 0.058500 0.082900 0.058600 0.022800 0.070100 0.000000 0.105900 0.071600 0.057900 0.070400 0.046800 0.034200 0.058600 0.081900 0.083000 0.145500 0.045900 0.045700 0.080800 0.070100 0.034200 0.054800 0.106000 0.095000 0.058200 0.022400 0.011100 0.034900
MuntiacusR 0.151400 0.403300 0.094200 0.365800 0.133300 0.139000 0.133200 0.120400 0.094200 0.022100 0.126600 0.093100 0.094800 0.132200 0.158600 0.106400 0.174200 0.149700 0.171900 0.145700 0.080100 0.138900 0.057400 0.094700 0.153200 0.120300 0.094800 0.106500 0.106400 0.105900 0.000000 0.108100 0.118500 0.106600 0.107800 0.118400 0.126600 0.169800 0.094200 0.171200 0.057200 0.080600 0.022100 0.081300 0.118400 0.119900 0.143200 0.132500 0.119800 0.129600 0.094200 0.120400
HarveysDui 0.082400 0.412700 0.059700 0.327200 0.083800 0.070600 0.046700 0.110900 0.059700 0.107800 0.058800 0.072200 0.059800 0.022900 0.122500 0.096800 0.138600 0.126800 0.082800 0.097600 0.082600 0.070500 0.071500 0.110500 0.083300 0.110400 0.059800 0.072000 0.096900 0.071600 0.108100 0.000000 0.084000 0.071800 0.023100 0.084000 0.058800 0.107000 0.084500 0.190200 0.071200 0.070900 0.107800 0.096500 0.084000 0.058800 0.108600 0.097000 0.084400 0.095600 0.059700 0.085400
Pronghorn 0.094100 0.362800 0.046400 0.287100 0.096100 0.082300 0.083300 0.070900 0.046400 0.092900 0.070600 0.058400 0.070800 0.108000 0.120100 0.082300 0.122300 0.124200 0.120600 0.095500 0.068700 0.107600 0.057800 0.095500 0.095300 0.082800 0.070800 0.058200 0.057300 0.057900 0.118500 0.084000 0.000000 0.082500 0.058900 0.069800 0.070600 0.119300 0.095600 0.145600 0.057600 0.057400 0.092900 0.082000 0.069800 0.070700 0.093600 0.107700 0.095200 0.081000 0.046400 0.071100
BlueWildeb 0.093200 0.350300 0.058700 0.321100 0.109600 0.081200 0.071200 0.109100 0.058700 0.081300 0.069100 0.071000 0.011300 0.095700 0.120400 0.095300 0.136200 0.111700 0.083200 0.094900 0.057300 0.106900 0.070300 0.108600 0.094300 0.108600 0.011300 0.070800 0.095400 0.070400 0.106600 0.071800 0.082500 0.000000 0.047000 0.082600 0.069100 0.133000 0.108800 0.187000 0.070000 0.069700 0.081300 0.094800 0.082600 0.083700 0.132200 0.095400 0.082900 0.069600 0.058700 0.070600
Gemsbok 0.057700 0.392100 0.035100 0.293800 0.058700 0.046200 0.022900 0.084700 0.035100 0.082200 0.034600 0.047200 0.035200 0.046200 0.096000 0.071400 0.111400 0.099700 0.057900 0.072000 0.058000 0.070300 0.046900 0.084500 0.058400 0.084500 0.035200 0.047100 0.071400 0.046800 0.107800 0.023100 0.058900 0.047000 0.000000 0.058800 0.034600 0.081600 0.084500 0.161300 0.046700 0.046400 0.082200 0.071200 0.058800 0.034600 0.107900 0.071400 0.059200 0.070200 0.033500 0.060000
Yak 0.094500 0.423300 0.022800 0.290000 0.071000 0.082600 0.083500 0.095500 0.022800 0.092900 0.070800 0.034500 0.070800 0.095600 0.107000 0.070100 0.096400 0.097800 0.094900 0.070700 0.068800 0.107900 0.057900 0.095600 0.046200 0.095300 0.070800 0.034400 0.070200 0.034200 0.118400 0.084000 0.069800 0.082600 0.058800 0.000000 0.070800 0.081900 0.095400 0.171800 0.057700 0.057400 0.092900 0.082200 0.000000 0.058600 0.118600 0.095100 0.058200 0.045400 0.022800 0.046700
BlueSheep 0.022300 0.389800 0.046900 0.277200 0.070700 0.010900 0.058300 0.096600 0.046900 0.099800 0.000000 0.059100 0.081500 0.082400 0.134800 0.083200 0.123800 0.112000 0.070200 0.084000 0.045900 0.033900 0.058500 0.096500 0.022500 0.096100 0.081500 0.059000 0.083300 0.058600 0.126600 0.058800 0.070600 0.069100 0.034600 0.070800 0.000000 0.093700 0.096500 0.173400 0.058300 0.058000 0.099800 0.083000 0.070800 0.046200 0.120000 0.096200 0.083700 0.058000 0.046900 0.071900
BohorReedb 0.117400 0.499000 0.070500 0.338900 0.045700 0.105500 0.106600 0.146400 0.070200 0.143100 0.093700 0.082700 0.120700 0.105700 0.132200 0.106800 0.095900 0.136900 0.105500 0.108200 0.117700 0.131000 0.107100 0.121000 0.081400 0.146400 0.120700 0.082500 0.106900 0.081900 0.169800 0.107000 0.119300 0.133000 0.081600 0.081900 0.093700 0.000000 0.146600 0.225800 0.106700 0.106000 0.143100 0.107000 0.081900 0.069100 0.143600 0.106900 0.094800 0.081000 0.070200 0.096000
KirksDik 0.120600 0.330400 0.071200 0.303800 0.123100 0.108500 0.109600 0.071600 0.071200 0.093900 0.096500 0.083700 0.096700 0.108700 0.083200 0.058600 0.150300 0.152800 0.148200 0.122300 0.069500 0.108400 0.058500 0.096500 0.122100 0.071500 0.096700 0.083500 0.058600 0.083000 0.094200 0.084500 0.095600 0.108800 0.084500 0.095400 0.096500 0.146600 0.000000 0.160600 0.058300 0.058000 0.093900 0.058300 0.095400 0.071200 0.069100 0.083400 0.096500 0.106700 0.071200 0.097100
RoeDeer 0.198700 0.428800 0.146200 0.438100 0.202700 0.186100 0.188300 0.095900 0.146200 0.143500 0.173400 0.159600 0.174500 0.216100 0.201600 0.133200 0.203200 0.206800 0.200200 0.201600 0.142900 0.214900 0.107000 0.147400 0.201000 0.134600 0.174500 0.159200 0.160000 0.145500 0.171200 0.190200 0.145600 0.187000 0.161300 0.171800 0.173400 0.225800 0.160600 0.000000 0.106600 0.131400 0.143500 0.132100 0.171800 0.173900 0.157200 0.188500 0.174600 0.169900 0.146200 0.174900
WhiteLippe 0.081600 0.365800 0.034500 0.287800 0.083400 0.069900 0.070800 0.058500 0.034500 0.033700 0.058300 0.046300 0.058400 0.095000 0.094900 0.046000 0.109100 0.110700 0.107500 0.083000 0.033600 0.094700 0.000000 0.034700 0.082600 0.058400 0.058400 0.046200 0.046000 0.045900 0.057200 0.071200 0.057600 0.070000 0.046700 0.057700 0.058300 0.106700 0.058300 0.106600 0.000000 0.022500 0.033700 0.022700 0.057700 0.058400 0.081100 0.070100 0.058200 0.068900 0.034500 0.058700
ThomsonGaz 0.081300 0.347100 0.034300 0.271100 0.082900 0.069600 0.070400 0.058100 0.034300 0.056400 0.058000 0.046100 0.058100 0.094600 0.094500 0.045800 0.108400 0.110000 0.107000 0.082400 0.033400 0.094300 0.022500 0.058100 0.082300 0.058000 0.058100 0.046000 0.045700 0.045700 0.080600 0.070900 0.057400 0.069700 0.046400 0.057400 0.058000 0.106000 0.058000 0.131400 0.022500 0.000000 0.056400 0.045700 0.057400 0.058100 0.080700 0.069800 0.057900 0.068600 0.034300 0.058400
MuntiacusC 0.124000 0.383100 0.069300 0.331800 0.107200 0.111900 0.106900 0.094300 0.069300 0.000000 0.099800 0.081500 0.069700 0.131800 0.131600 0.081100 0.146600 0.122600 0.144400 0.119300 0.067600 0.138400 0.033800 0.069800 0.125600 0.094300 0.069700 0.081300 0.081100 0.080800 0.022100 0.107800 0.092900 0.081300 0.082200 0.092900 0.099800 0.143100 0.093900 0.143500 0.033700 0.056400 0.000000 0.057100 0.092900 0.094100 0.116800 0.106100 0.094000 0.104000 0.069300 0.094600
WhiteTaile 0.106700 0.402300 0.058400 0.319400 0.109400 0.094800 0.096000 0.083000 0.058400 0.057100 0.083000 0.070700 0.083000 0.120600 0.094900 0.070100 0.109200 0.137900 0.133600 0.108700 0.057000 0.120500 0.022800 0.034800 0.108200 0.082900 0.083000 0.070600 0.070100 0.070100 0.081300 0.096500 0.082000 0.094800 0.071200 0.082200 0.083000 0.107000 0.058300 0.132100 0.022700 0.045700 0.057100 0.000000 0.082200 0.083100 0.105900 0.094800 0.082800 0.093500 0.058400 0.083700
Cattle 0.094500 0.423300 0.022500 0.290000 0.071000 0.082600 0.083500 0.095500 0.022300 0.092900 0.070800 0.034500 0.070800 0.095600 0.107000 0.070100 0.096400 0.097800 0.094900 0.070700 0.068800 0.107900 0.057900 0.095600 0.046200 0.095300 0.070800 0.034400 0.070200 0.034200 0.118400 0.084000 0.069800 0.082600 0.058800 0.000000 0.070800 0.081900 0.095400 0.171800 0.057700 0.057400 0.092900 0.082200 0.000000 0.054600 0.118600 0.095100 0.058200 0.045000 0.022800 0.046700
RoyalAntel 0.069400 0.389800 0.046900 0.245700 0.070500 0.057800 0.058300 0.071400 0.046900 0.094100 0.046200 0.059100 0.071700 0.058000 0.108200 0.034600 0.123900 0.112200 0.094600 0.084000 0.069600 0.082200 0.058600 0.096700 0.058200 0.071200 0.071700 0.058900 0.034700 0.054800 0.119900 0.058800 0.070700 0.083700 0.034600 0.058600 0.046200 0.069100 0.071200 0.173900 0.058400 0.058100 0.094100 0.083100 0.054600 0.000000 0.094400 0.058700 0.071300 0.057800 0.046900 0.072000
Steenbok 0.144400 0.359100 0.094200 0.333000 0.120400 0.132200 0.133200 0.070000 0.094200 0.116800 0.120000 0.106900 0.120000 0.133000 0.094000 0.081500 0.146900 0.176700 0.159400 0.145800 0.092100 0.158900 0.081500 0.119800 0.146000 0.082200 0.120000 0.106500 0.081400 0.106000 0.143200 0.108600 0.093600 0.132200 0.107900 0.118600 0.120000 0.143600 0.069100 0.157200 0.081100 0.080700 0.116800 0.105900 0.118600 0.094400 0.000000 0.081800 0.119900 0.129900 0.094200 0.120400
Impala 0.120500 0.390500 0.083200 0.274400 0.109300 0.108300 0.096000 0.083800 0.083200 0.106100 0.096200 0.095800 0.083400 0.095800 0.070300 0.046300 0.136200 0.166100 0.121500 0.134600 0.081400 0.134600 0.070300 0.108500 0.108900 0.083800 0.083400 0.095500 0.046400 0.095000 0.132500 0.097000 0.107700 0.095400 0.071400 0.095100 0.096200 0.106900 0.083400 0.188500 0.070100 0.069800 0.106100 0.094800 0.095100 0.058700 0.081800 0.000000 0.034500 0.093900 0.083200 0.109200
Klipspring 0.107700 0.411800 0.046600 0.291800 0.096700 0.095700 0.083700 0.096700 0.046600 0.094000 0.083700 0.058700 0.071100 0.083300 0.083000 0.058500 0.123300 0.125200 0.095500 0.096000 0.069400 0.121700 0.058400 0.096300 0.071100 0.096700 0.071100 0.058600 0.058600 0.058200 0.119800 0.084400 0.095200 0.082900 0.059200 0.058200 0.083700 0.094800 0.096500 0.174600 0.058200 0.057900 0.094000 0.082800 0.058200 0.071300 0.119900 0.034500 0.000000 0.057500 0.046600 0.071400
ForestMusk 0.081500 0.396700 0.034100 0.286800 0.082500 0.069700 0.095000 0.106800 0.034100 0.104000 0.058000 0.045600 0.082100 0.094400 0.118400 0.069200 0.108000 0.109300 0.081800 0.082100 0.056500 0.094400 0.069200 0.107000 0.046100 0.106700 0.082100 0.045700 0.069200 0.022400 0.129600 0.095600 0.081000 0.069600 0.070200 0.045400 0.058000 0.081000 0.106700 0.169900 0.068900 0.068600 0.104000 0.093500 0.045000 0.057800 0.129900 0.093900 0.057500 0.000000 0.034100 0.058100
Bushbuck 0.070400 0.387900 0.000000 0.275600 0.047100 0.058600 0.059300 0.071300 0.000000 0.069300 0.046900 0.011500 0.047000 0.083500 0.083100 0.058500 0.072000 0.073100 0.070800 0.046900 0.045600 0.083400 0.034600 0.071400 0.046800 0.071100 0.047000 0.011300 0.058500 0.011100 0.094200 0.059700 0.046400 0.058700 0.033500 0.022800 0.046900 0.070200 0.071200 0.146200 0.034500 0.034300 0.069300 0.058400 0.022800 0.046900 0.094200 0.083200 0.046600 0.034100 0.000000 0.023300
GreaterKud 0.095900 0.431800 0.023300 0.309400 0.072400 0.083900 0.084900 0.097100 0.023300 0.094600 0.071900 0.035200 0.058900 0.109800 0.108900 0.083600 0.098100 0.099600 0.096600 0.022100 0.069900 0.109600 0.058900 0.097400 0.071800 0.096800 0.058900 0.035100 0.083700 0.034900 0.120400 0.085400 0.071100 0.070600 0.060000 0.046700 0.071900 0.096000 0.097100 0.174900 0.058700 0.058400 0.094600 0.083700 0.046700 0.072000 0.120400 0.109200 0.071400 0.058100 0.023300 0.000000
