1
52 1
Argali 0.000000 0.275000 0.267400 0.027200 0.056900 0.000000 0.092200 0.086300 0.266700 0.118200 0.028100 0.055400 0.028700 0.094600 0.028200 0.086200 0.086500 0.116300 0.028200 0.230800 0.086300 0.058100 0.058100 0.056900 0.087600 0.086300 0.028700 0.230800 0.086300 0.230800 0.118200 0.092200 0.056800 0.028700 0.057400 0.027500 0.056100 0.056900 0.192800 0.088100 0.057800 0.116100 0.118200 0.056900 0.027400 0.058000 0.089400 0.028200 0.028100 0.085300 0.265700 0.230800
LesserMous 0.275000 0.000000 0.484200 0.315000 0.277200 0.275000 0.293400 0.318900 0.484800 0.271400 0.238700 0.357700 0.242900 0.259200 0.238700 0.318500 0.319700 0.359900 0.238700 0.436000 0.318900 0.282900 0.282900 0.277400 0.233600 0.318900 0.242900 0.436000 0.318900 0.436000 0.271400 0.210100 0.275700 0.242900 0.280800 0.317500 0.275600 0.277200 0.432100 0.323800 0.282900 0.266500 0.271400 0.277400 0.314500 0.282300 0.331900 0.238700 0.238200 0.227800 0.480900 0.436000
LesserKudu 0.267400 0.484200 0.000000 0.303900 0.266000 0.267400 0.283200 0.265600 0.061600 0.352800 0.231000 0.342200 0.233800 0.294100 0.231000 0.265500 0.304700 0.302300 0.231000 0.030700 0.265600 0.274300 0.274300 0.267300 0.235900 0.265600 0.233800 0.030700 0.265600 0.030700 0.352800 0.205000 0.229900 0.233800 0.270700 0.306000 0.190200 0.266000 0.290100 0.313100 0.274300 0.303400 0.352800 0.267300 0.303300 0.196200 0.317200 0.231000 0.230200 0.225000 0.061400 0.030900
KillerWhal 0.027200 0.315000 0.303900 0.000000 0.085800 0.027200 0.122800 0.115800 0.303400 0.147900 0.056600 0.083500 0.057400 0.126100 0.056600 0.115400 0.116000 0.146400 0.056600 0.265900 0.115800 0.087300 0.087300 0.085800 0.117400 0.115800 0.057400 0.265900 0.115800 0.265900 0.147900 0.122700 0.085200 0.057400 0.057000 0.055000 0.085500 0.085800 0.226400 0.117300 0.087300 0.146300 0.147900 0.085800 0.055000 0.086900 0.119800 0.056600 0.056400 0.115000 0.301800 0.265900
DefassaWat 0.056900 0.277200 0.266000 0.085800 0.000000 0.056900 0.092700 0.086900 0.266400 0.118500 0.028400 0.056300 0.028900 0.094700 0.028400 0.086800 0.087400 0.117300 0.028400 0.230100 0.086900 0.058400 0.058000 0.057300 0.087900 0.086900 0.028900 0.230100 0.086900 0.230100 0.118500 0.092500 0.057000 0.028900 0.057800 0.027900 0.057000 0.000000 0.193000 0.088400 0.057900 0.116700 0.118500 0.057300 0.027800 0.058200 0.090100 0.028200 0.028300 0.085700 0.190600 0.230100
Sheep 0.000000 0.275000 0.267400 0.027200 0.056900 0.000000 0.092200 0.086300 0.266700 0.118200 0.028200 0.055400 0.028700 0.094600 0.028200 0.086200 0.086500 0.116300 0.028200 0.230800 0.086300 0.058100 0.057500 0.056900 0.087700 0.086300 0.028700 0.230800 0.086300 0.230800 0.118200 0.092200 0.056800 0.028700 0.057400 0.027500 0.056000 0.056900 0.192800 0.088100 0.058100 0.116100 0.118200 0.056900 0.027200 0.057700 0.089400 0.028200 0.028100 0.085300 0.265700 0.230800
MaxwellsDu 0.092200 0.293400 0.283200 0.122800 0.092700 0.092200 0.000000 0.125000 0.283200 0.187900 0.061200 0.157300 0.062200 0.062200 0.061200 0.124300 0.125200 0.157600 0.061200 0.244900 0.125000 0.094900 0.094900 0.092700 0.127000 0.125000 0.062200 0.244900 0.125000 0.244900 0.187900 0.060800 0.116500 0.062200 0.093000 0.124600 0.092200 0.092700 0.131200 0.154600 0.094900 0.157300 0.187900 0.092700 0.124100 0.094200 0.130000 0.061200 0.060800 0.122800 0.281800 0.244900
GazellaPrz 0.086300 0.318900 0.265600 0.115800 0.086900 0.086300 0.125000 0.000000 0.190700 0.150000 0.057200 0.085600 0.058300 0.128100 0.056800 0.000100 0.056600 0.085600 0.057200 0.229400 0.000000 0.088300 0.088300 0.086800 0.118600 0.000000 0.058300 0.229400 0.000000 0.229400 0.150000 0.124800 0.086400 0.058300 0.087500 0.117300 0.086300 0.086900 0.156700 0.119100 0.088300 0.026800 0.150000 0.086800 0.116700 0.088500 0.058500 0.057200 0.057100 0.085100 0.264600 0.229400
MountainNy 0.266700 0.484800 0.061600 0.303400 0.266400 0.266700 0.283200 0.190700 0.000000 0.351100 0.230900 0.261100 0.234200 0.293100 0.230900 0.190800 0.226700 0.224600 0.230900 0.030500 0.190700 0.273600 0.273600 0.267300 0.234900 0.190700 0.234200 0.030500 0.190700 0.030500 0.351100 0.204500 0.229400 0.234200 0.270800 0.305800 0.267100 0.266400 0.206800 0.312300 0.273600 0.224900 0.351100 0.267300 0.303000 0.195900 0.235800 0.230900 0.230200 0.224300 0.061100 0.030500
MuntiacusM 0.118200 0.271400 0.352800 0.147900 0.118500 0.118200 0.187900 0.150000 0.351100 0.000000 0.088100 0.181400 0.089200 0.157300 0.088100 0.149300 0.150100 0.181700 0.088100 0.312700 0.150000 0.058700 0.058700 0.056500 0.087400 0.150000 0.089200 0.312700 0.150000 0.312700 0.000000 0.188300 0.117300 0.089200 0.119100 0.149600 0.118300 0.118500 0.270900 0.027900 0.058700 0.115200 0.000000 0.056500 0.149200 0.120500 0.155400 0.088100 0.087600 0.084600 0.349200 0.312700
goat 0.028100 0.238700 0.231000 0.056600 0.028400 0.028200 0.061200 0.057200 0.230900 0.088100 0.000000 0.086500 0.000100 0.062700 0.000000 0.057100 0.057400 0.086700 0.000000 0.195900 0.057200 0.028900 0.028900 0.028300 0.058000 0.057200 0.000100 0.195900 0.057200 0.195900 0.088100 0.061200 0.028200 0.000100 0.028500 0.057200 0.028200 0.028400 0.159800 0.058400 0.028900 0.086300 0.088100 0.028300 0.056900 0.028700 0.059400 0.000000 0.000100 0.056500 0.230100 0.195900
AfricanBuf 0.055400 0.357700 0.342200 0.083500 0.056300 0.055400 0.157300 0.085600 0.261100 0.181400 0.086500 0.000000 0.088400 0.160800 0.086500 0.085500 0.086100 0.115700 0.086500 0.303000 0.085600 0.118500 0.118500 0.116900 0.149200 0.085600 0.088400 0.303000 0.085600 0.303000 0.181400 0.156700 0.116300 0.088400 0.118000 0.027100 0.116300 0.056300 0.188500 0.150000 0.118500 0.115100 0.181400 0.116900 0.026700 0.118100 0.088000 0.086500 0.086500 0.145800 0.260100 0.303000
Topi 0.028700 0.242900 0.233800 0.057400 0.028900 0.028700 0.062200 0.058300 0.234200 0.089200 0.000100 0.088400 0.000000 0.063600 0.000100 0.058100 0.058700 0.088400 0.000100 0.198400 0.058300 0.029400 0.029400 0.028900 0.059000 0.058300 0.000000 0.198400 0.058300 0.198400 0.089200 0.062000 0.028600 0.000000 0.028200 0.058100 0.028700 0.028900 0.162200 0.059300 0.029400 0.088000 0.089200 0.028900 0.058100 0.029200 0.060600 0.000100 0.000200 0.057300 0.233400 0.198400
CommonDuik 0.094600 0.259200 0.294100 0.126100 0.094700 0.094600 0.062200 0.128100 0.293100 0.157300 0.062700 0.160800 0.063600 0.000000 0.062700 0.127400 0.127900 0.161300 0.062700 0.253700 0.128100 0.097600 0.097600 0.095000 0.096600 0.128100 0.063600 0.253700 0.128100 0.253700 0.157300 0.062400 0.119800 0.063600 0.095200 0.127700 0.094700 0.094700 0.135400 0.159000 0.097600 0.126900 0.157300 0.095000 0.127100 0.096700 0.133200 0.062700 0.062300 0.093100 0.291300 0.253700
Suni 0.028200 0.238700 0.231000 0.056600 0.028400 0.028200 0.061200 0.056800 0.230900 0.088100 0.000000 0.086500 0.000100 0.062700 0.000000 0.057100 0.057400 0.086600 0.000000 0.195900 0.057200 0.028900 0.028900 0.028100 0.058200 0.057200 0.000100 0.195900 0.057700 0.195900 0.088100 0.061200 0.028200 0.000100 0.028500 0.057200 0.028200 0.028200 0.159800 0.058400 0.028900 0.086300 0.088100 0.028500 0.056900 0.028700 0.059400 0.000000 0.000100 0.056500 0.230100 0.195900
Springbuck 0.086200 0.318500 0.265500 0.115400 0.086800 0.086200 0.124300 0.000100 0.190800 0.149300 0.057100 0.085500 0.058100 0.127400 0.057100 0.000000 0.056700 0.085500 0.057100 0.229400 0.000100 0.088300 0.088300 0.086700 0.118400 0.000100 0.058100 0.229400 0.000100 0.229400 0.149300 0.124200 0.086000 0.058100 0.087100 0.116800 0.086300 0.086800 0.156900 0.118600 0.088300 0.027400 0.149300 0.086700 0.116500 0.087800 0.058400 0.057100 0.056900 0.084800 0.264500 0.229400
Okapi 0.086500 0.319700 0.304700 0.116000 0.087400 0.086500 0.125200 0.056600 0.226700 0.150100 0.057400 0.086100 0.058700 0.127900 0.057400 0.056700 0.000000 0.027700 0.057400 0.267300 0.056700 0.088500 0.088500 0.087200 0.118600 0.055900 0.058700 0.267300 0.056700 0.267300 0.150100 0.124900 0.086600 0.058700 0.088000 0.117800 0.086600 0.087400 0.156600 0.119400 0.088700 0.085600 0.150100 0.087200 0.117200 0.088100 0.058700 0.057400 0.057400 0.115800 0.304300 0.267300
Giraffe 0.116300 0.359900 0.302300 0.146400 0.117300 0.116300 0.157600 0.085600 0.224600 0.181700 0.086700 0.115700 0.088400 0.161300 0.086600 0.085500 0.027700 0.000000 0.086600 0.264900 0.085600 0.118700 0.118700 0.117000 0.149400 0.085600 0.088400 0.264900 0.085600 0.264900 0.181700 0.157100 0.055500 0.088400 0.118100 0.148600 0.116400 0.117300 0.189100 0.150200 0.118700 0.115200 0.181700 0.117000 0.147800 0.118200 0.088400 0.086600 0.086500 0.146100 0.301500 0.264900
TibetanAnt 0.028200 0.238700 0.231000 0.056600 0.028400 0.028200 0.061200 0.057200 0.230900 0.088100 0.000000 0.086500 0.000100 0.062700 0.000000 0.057100 0.057400 0.086600 0.000000 0.195900 0.057200 0.028900 0.028900 0.028300 0.058100 0.057200 0.000100 0.195900 0.057200 0.195900 0.088100 0.061200 0.028200 0.000100 0.028500 0.057200 0.028200 0.028200 0.159800 0.058400 0.028900 0.086300 0.088100 0.028300 0.056900 0.028700 0.059400 0.000000 0.000100 0.056500 0.230100 0.195900
Sitatunga 0.230800 0.436000 0.030700 0.265900 0.230100 0.230800 0.244900 0.229400 0.030500 0.312700 0.195900 0.303000 0.198400 0.253700 0.195900 0.229400 0.267300 0.264900 0.195900 0.000000 0.229400 0.237500 0.237500 0.231000 0.199400 0.229400 0.198400 0.000000 0.229400 0.000000 0.312700 0.169200 0.194700 0.198400 0.234000 0.268000 0.231000 0.230100 0.250600 0.275000 0.237500 0.265300 0.312700 0.231000 0.265700 0.162000 0.278600 0.195900 0.195300 0.190600 0.030400 0.000000
Oribi 0.086300 0.318900 0.265600 0.115800 0.086900 0.086300 0.125000 0.000000 0.190700 0.150000 0.057200 0.085600 0.058300 0.128100 0.057200 0.000100 0.056700 0.085600 0.057200 0.229400 0.000000 0.088300 0.088300 0.086800 0.118500 0.000000 0.058300 0.229400 0.000000 0.229400 0.150000 0.124800 0.086400 0.058300 0.087500 0.117300 0.086300 0.086900 0.156700 0.119100 0.088600 0.027400 0.150000 0.086800 0.116700 0.087900 0.058500 0.057200 0.057100 0.085100 0.264600 0.229400
BarbaryShe 0.058100 0.282900 0.274300 0.087300 0.058400 0.058100 0.094900 0.088300 0.273600 0.058700 0.028900 0.118500 0.029400 0.097600 0.028900 0.088300 0.088500 0.118700 0.028900 0.237500 0.088300 0.000000 0.000000 0.058400 0.090100 0.088300 0.029400 0.237500 0.088300 0.237500 0.058700 0.095200 0.058200 0.029400 0.058800 0.088300 0.058100 0.057900 0.199400 0.029200 0.000000 0.118500 0.058700 0.058400 0.087900 0.059400 0.091900 0.028900 0.028900 0.087400 0.272400 0.237500
Daviddeer 0.058100 0.282900 0.274300 0.087300 0.058000 0.057500 0.094900 0.088300 0.273600 0.058700 0.028900 0.118500 0.029400 0.097600 0.028900 0.088300 0.088500 0.118700 0.028900 0.237500 0.088300 0.000000 0.000000 0.058400 0.090100 0.088300 0.029400 0.237500 0.087200 0.237500 0.058700 0.095200 0.058200 0.029400 0.058800 0.088300 0.058100 0.058400 0.199400 0.029200 0.000000 0.117700 0.058700 0.058400 0.087900 0.059400 0.091900 0.028900 0.028900 0.087400 0.272400 0.237500
Reindeer 0.056900 0.277400 0.267300 0.085800 0.057300 0.056900 0.092700 0.086800 0.267300 0.056500 0.028300 0.116900 0.028900 0.095000 0.028100 0.086700 0.087200 0.117000 0.028300 0.231000 0.086800 0.058400 0.058400 0.000000 0.087900 0.086800 0.028900 0.231000 0.086800 0.231000 0.056500 0.092700 0.057000 0.028900 0.057700 0.086800 0.056900 0.057300 0.193700 0.028100 0.058400 0.116500 0.056500 0.000000 0.086400 0.058000 0.090000 0.028100 0.028300 0.085600 0.266400 0.231000
Ibex 0.087600 0.233600 0.235900 0.117400 0.087900 0.087700 0.127000 0.118600 0.234900 0.087400 0.058000 0.149200 0.059000 0.096600 0.058200 0.118400 0.118600 0.149400 0.058100 0.199400 0.118500 0.090100 0.090100 0.087900 0.000000 0.118500 0.059000 0.199400 0.118500 0.199400 0.087400 0.127400 0.087800 0.059000 0.088600 0.118500 0.087600 0.087400 0.233900 0.121300 0.090100 0.085300 0.087400 0.087900 0.117900 0.089400 0.122900 0.058100 0.058000 0.056000 0.234000 0.199400
GyrantGaze 0.086300 0.318900 0.265600 0.115800 0.086900 0.086300 0.125000 0.000000 0.190700 0.150000 0.057200 0.085600 0.058300 0.128100 0.057200 0.000100 0.055900 0.085600 0.057200 0.229400 0.000000 0.088300 0.088300 0.086800 0.118500 0.000000 0.058300 0.229400 0.000000 0.229400 0.150000 0.124800 0.086400 0.058300 0.087500 0.117300 0.086300 0.086900 0.156700 0.119100 0.088300 0.027300 0.150000 0.086800 0.116700 0.087900 0.058500 0.057200 0.057100 0.085100 0.264600 0.229400
Hartebeest 0.028700 0.242900 0.233800 0.057400 0.028900 0.028700 0.062200 0.058300 0.234200 0.089200 0.000100 0.088400 0.000000 0.063600 0.000100 0.058100 0.058700 0.088400 0.000100 0.198400 0.058300 0.029400 0.029400 0.028900 0.059000 0.058300 0.000000 0.198400 0.058300 0.198400 0.089200 0.062000 0.028600 0.000000 0.028200 0.058100 0.028700 0.028900 0.162200 0.059300 0.029400 0.088000 0.089200 0.028900 0.058100 0.029200 0.060600 0.000100 0.000200 0.057300 0.233400 0.198400
Bongo 0.230800 0.436000 0.030700 0.265900 0.230100 0.230800 0.244900 0.229400 0.030500 0.312700 0.195900 0.303000 0.198400 0.253700 0.195900 0.229400 0.267300 0.264900 0.195900 0.000000 0.229400 0.237500 0.237500 0.231000 0.199400 0.229400 0.198400 0.000000 0.229400 0.000000 0.312700 0.169200 0.194700 0.198400 0.234000 0.268000 0.231000 0.230100 0.250600 0.275000 0.237500 0.265300 0.312700 0.231000 0.265700 0.162000 0.278600 0.195900 0.195300 0.190600 0.030400 0.000000
Gerenuk 0.086300 0.318900 0.265600 0.115800 0.086900 0.086300 0.125000 0.000000 0.190700 0.150000 0.057200 0.085600 0.058300 0.128100 0.057700 0.000100 0.056700 0.085600 0.057200 0.229400 0.000000 0.088300 0.087200 0.086800 0.118500 0.000000 0.058300 0.229400 0.000000 0.229400 0.150000 0.124800 0.086400 0.058300 0.087500 0.117300 0.086300 0.086900 0.156700 0.119100 0.088300 0.027400 0.150000 0.086800 0.116700 0.087900 0.058500 0.057200 0.057100 0.085100 0.264600 0.229400
CommonElan 0.230800 0.436000 0.030700 0.265900 0.230100 0.230800 0.244900 0.229400 0.030500 0.312700 0.195900 0.303000 0.198400 0.253700 0.195900 0.229400 0.267300 0.264900 0.195900 0.000000 0.229400 0.237500 0.237500 0.231000 0.199400 0.229400 0.198400 0.000000 0.229400 0.000000 0.312700 0.169200 0.194700 0.198400 0.234000 0.268000 0.231000 0.230100 0.250600 0.275000 0.237500 0.265300 0.312700 0.231000 0.265700 0.162000 0.278600 0.195900 0.195300 0.190600 0.030400 0.000000
MuntiacusR 0.118200 0.271400 0.352800 0.147900 0.118500 0.118200 0.187900 0.150000 0.351100 0.000000 0.088100 0.181400 0.089200 0.157300 0.088100 0.149300 0.150100 0.181700 0.088100 0.312700 0.150000 0.058700 0.058700 0.056500 0.087400 0.150000 0.089200 0.312700 0.150000 0.312700 0.000000 0.188300 0.117300 0.089200 0.119100 0.149600 0.118300 0.118500 0.270900 0.027900 0.058700 0.115200 0.000000 0.056500 0.149200 0.120500 0.155400 0.088100 0.087600 0.084600 0.349200 0.312700
HarveysDui 0.092200 0.210100 0.205000 0.122700 0.092500 0.092200 0.060800 0.124800 0.204500 0.188300 0.061200 0.156700 0.062000 0.062400 0.061200 0.124200 0.124900 0.157100 0.061200 0.169200 0.124800 0.095200 0.095200 0.092700 0.127400 0.124800 0.062000 0.169200 0.124800 0.169200 0.188300 0.000000 0.116800 0.062000 0.093500 0.124500 0.092300 0.092500 0.131900 0.155000 0.095200 0.157100 0.188300 0.092700 0.123900 0.094400 0.129900 0.061200 0.060900 0.123000 0.203700 0.169200
Pronghorn 0.056800 0.275700 0.229900 0.085200 0.057000 0.056800 0.116500 0.086400 0.229400 0.117300 0.028200 0.116300 0.028600 0.119800 0.028200 0.086000 0.086600 0.055500 0.028200 0.194700 0.086400 0.058200 0.058200 0.057000 0.087800 0.086400 0.028600 0.194700 0.086400 0.194700 0.117300 0.116800 0.000000 0.028600 0.057300 0.086300 0.056800 0.057000 0.193400 0.087400 0.058200 0.116200 0.117300 0.057000 0.086100 0.057800 0.089400 0.028200 0.028100 0.085200 0.228600 0.194700
BlueWildeb 0.028700 0.242900 0.233800 0.057400 0.028900 0.028700 0.062200 0.058300 0.234200 0.089200 0.000100 0.088400 0.000000 0.063600 0.000100 0.058100 0.058700 0.088400 0.000100 0.198400 0.058300 0.029400 0.029400 0.028900 0.059000 0.058300 0.000000 0.198400 0.058300 0.198400 0.089200 0.062000 0.028600 0.000000 0.028200 0.058100 0.028700 0.028900 0.162200 0.059300 0.029400 0.088000 0.089200 0.028900 0.058100 0.029200 0.060600 0.000100 0.000200 0.057300 0.233400 0.198400
Gemsbok 0.057400 0.280800 0.270700 0.057000 0.057800 0.057400 0.093000 0.087500 0.270800 0.119100 0.028500 0.118000 0.028200 0.095200 0.028500 0.087100 0.088000 0.118100 0.028500 0.234000 0.087500 0.058800 0.058800 0.057700 0.088600 0.087500 0.028200 0.234000 0.087500 0.234000 0.119100 0.093500 0.057300 0.028200 0.000000 0.087300 0.057400 0.057800 0.194500 0.088800 0.058800 0.117600 0.119100 0.057700 0.087200 0.058400 0.090700 0.028500 0.028400 0.086000 0.269800 0.234000
Yak 0.027500 0.317500 0.306000 0.055000 0.027900 0.027500 0.124600 0.117300 0.305800 0.149600 0.057200 0.027100 0.058100 0.127700 0.057200 0.116800 0.117800 0.148600 0.057200 0.268000 0.117300 0.088300 0.088300 0.086800 0.118500 0.117300 0.058100 0.268000 0.117300 0.268000 0.149600 0.124500 0.086300 0.058100 0.087300 0.000000 0.086400 0.027900 0.228300 0.118800 0.088300 0.148000 0.149600 0.086800 0.000100 0.087900 0.121400 0.057200 0.057000 0.115300 0.226200 0.268000
BlueSheep 0.056100 0.275600 0.190200 0.085500 0.057000 0.056000 0.092200 0.086300 0.267100 0.118300 0.028200 0.116300 0.028700 0.094700 0.028200 0.086300 0.086600 0.116400 0.028200 0.231000 0.086300 0.058100 0.058100 0.056900 0.087600 0.086300 0.028700 0.231000 0.086300 0.231000 0.118300 0.092300 0.056800 0.028700 0.057400 0.086400 0.000000 0.057000 0.193000 0.088100 0.058100 0.116100 0.118300 0.056900 0.086000 0.057700 0.089500 0.028200 0.028200 0.085400 0.266000 0.231000
BohorReedb 0.056900 0.277200 0.266000 0.085800 0.000000 0.056900 0.092700 0.086900 0.266400 0.118500 0.028400 0.056300 0.028900 0.094700 0.028200 0.086800 0.087400 0.117300 0.028200 0.230100 0.086900 0.057900 0.058400 0.057300 0.087400 0.086900 0.028900 0.230100 0.086900 0.230100 0.118500 0.092500 0.057000 0.028900 0.057800 0.027900 0.057000 0.000000 0.193000 0.088400 0.058400 0.116700 0.118500 0.057300 0.027800 0.058000 0.090100 0.028400 0.028300 0.085700 0.190600 0.230100
KirksDik 0.192800 0.432100 0.290100 0.226400 0.193000 0.192800 0.131200 0.156700 0.206800 0.270900 0.159800 0.188500 0.162200 0.135400 0.159800 0.156900 0.156600 0.189100 0.159800 0.250600 0.156700 0.199400 0.199400 0.193700 0.233900 0.156700 0.162200 0.250600 0.156700 0.250600 0.270900 0.131900 0.193400 0.162200 0.194500 0.228300 0.193000 0.193000 0.000000 0.235400 0.199400 0.189400 0.270900 0.193700 0.226500 0.126900 0.163600 0.159800 0.159500 0.226300 0.287000 0.250600
RoeDeer 0.088100 0.323800 0.313100 0.117300 0.088400 0.088100 0.154600 0.119100 0.312300 0.027900 0.058400 0.150000 0.059300 0.159000 0.058400 0.118600 0.119400 0.150200 0.058400 0.275000 0.119100 0.029200 0.029200 0.028100 0.121300 0.119100 0.059300 0.275000 0.119100 0.275000 0.027900 0.155000 0.087400 0.059300 0.088800 0.118800 0.088100 0.088400 0.235400 0.000000 0.029200 0.150000 0.028100 0.028100 0.118500 0.089900 0.123800 0.058400 0.058100 0.117300 0.310800 0.275000
WhiteLippe 0.057800 0.282900 0.274300 0.087300 0.057900 0.058100 0.094900 0.088300 0.273600 0.058700 0.028900 0.118500 0.029400 0.097600 0.028900 0.088300 0.088700 0.118700 0.028900 0.237500 0.088600 0.000000 0.000000 0.058400 0.090100 0.088300 0.029400 0.237500 0.088300 0.237500 0.058700 0.095200 0.058200 0.029400 0.058800 0.088300 0.058100 0.058400 0.199400 0.029200 0.000000 0.118500 0.058700 0.058400 0.087900 0.059400 0.091900 0.028900 0.028900 0.087400 0.272400 0.237500
ThomsonGaz 0.116100 0.266500 0.303400 0.146300 0.116700 0.116100 0.157300 0.026800 0.224900 0.115200 0.086300 0.115100 0.088000 0.126900 0.086300 0.027400 0.085600 0.115200 0.086300 0.265300 0.027400 0.118500 0.117700 0.116500 0.085300 0.027300 0.088000 0.265300 0.027400 0.265300 0.115200 0.157100 0.116200 0.088000 0.117600 0.148000 0.116100 0.116700 0.189400 0.150000 0.118500 0.000000 0.115200 0.116500 0.147300 0.117900 0.088100 0.086100 0.086200 0.054500 0.301500 0.265300
MuntiacusC 0.118200 0.271400 0.352800 0.147900 0.118500 0.118200 0.187900 0.150000 0.351100 0.000000 0.088100 0.181400 0.089200 0.157300 0.088100 0.149300 0.150100 0.181700 0.088100 0.312700 0.150000 0.058700 0.058700 0.056500 0.087400 0.150000 0.089200 0.312700 0.150000 0.312700 0.000000 0.188300 0.117300 0.089200 0.119100 0.149600 0.118300 0.118500 0.270900 0.028100 0.058700 0.115200 0.000000 0.056500 0.149200 0.120500 0.155400 0.088100 0.087600 0.084600 0.349200 0.312700
WhiteTaile 0.056900 0.277400 0.267300 0.085800 0.057300 0.056900 0.092700 0.086800 0.267300 0.056500 0.028300 0.116900 0.028900 0.095000 0.028500 0.086700 0.087200 0.117000 0.028300 0.231000 0.086800 0.058400 0.058400 0.000000 0.087900 0.086800 0.028900 0.231000 0.086800 0.231000 0.056500 0.092700 0.057000 0.028900 0.057700 0.086800 0.056900 0.057300 0.193700 0.028100 0.058400 0.116500 0.056500 0.000000 0.086400 0.058000 0.090000 0.028300 0.028300 0.085600 0.266400 0.231000
Cattle 0.027400 0.314500 0.303300 0.055000 0.027800 0.027200 0.124100 0.116700 0.303000 0.149200 0.056900 0.026700 0.058100 0.127100 0.056900 0.116500 0.117200 0.147800 0.056900 0.265700 0.116700 0.087900 0.087900 0.086400 0.117900 0.116700 0.058100 0.265700 0.116700 0.265700 0.149200 0.123900 0.086100 0.058100 0.087200 0.000100 0.086000 0.027800 0.226500 0.118500 0.087900 0.147300 0.149200 0.086400 0.000000 0.087400 0.120600 0.056900 0.056900 0.115000 0.224400 0.265700
RoyalAntel 0.058000 0.282300 0.196200 0.086900 0.058200 0.057700 0.094200 0.088500 0.195900 0.120500 0.028700 0.118100 0.029200 0.096700 0.028700 0.087800 0.088100 0.118200 0.028700 0.162000 0.087900 0.059400 0.059400 0.058000 0.089400 0.087900 0.029200 0.162000 0.087900 0.162000 0.120500 0.094400 0.057800 0.029200 0.058400 0.087900 0.057700 0.058000 0.126900 0.089900 0.059400 0.117900 0.120500 0.058000 0.087400 0.000000 0.091300 0.028700 0.028700 0.086900 0.195300 0.162000
Steenbok 0.089400 0.331900 0.317200 0.119800 0.090100 0.089400 0.130000 0.058500 0.235800 0.155400 0.059400 0.088000 0.060600 0.133200 0.059400 0.058400 0.058700 0.088400 0.059400 0.278600 0.058500 0.091900 0.091900 0.090000 0.122900 0.058500 0.060600 0.278600 0.058500 0.278600 0.155400 0.129900 0.089400 0.060600 0.090700 0.121400 0.089500 0.090100 0.163600 0.123800 0.091900 0.088100 0.155400 0.090000 0.120600 0.091300 0.000000 0.059400 0.059300 0.119600 0.316000 0.278600
Impala 0.028200 0.238700 0.231000 0.056600 0.028200 0.028200 0.061200 0.057200 0.230900 0.088100 0.000000 0.086500 0.000100 0.062700 0.000000 0.057100 0.057400 0.086600 0.000000 0.195900 0.057200 0.028900 0.028900 0.028100 0.058100 0.057200 0.000100 0.195900 0.057200 0.195900 0.088100 0.061200 0.028200 0.000100 0.028500 0.057200 0.028200 0.028400 0.159800 0.058400 0.028900 0.086100 0.088100 0.028300 0.056900 0.028700 0.059400 0.000000 0.000100 0.056500 0.230100 0.195900
Klipspring 0.028100 0.238200 0.230200 0.056400 0.028300 0.028100 0.060800 0.057100 0.230200 0.087600 0.000100 0.086500 0.000200 0.062300 0.000100 0.056900 0.057400 0.086500 0.000100 0.195300 0.057100 0.028900 0.028900 0.028300 0.058000 0.057100 0.000200 0.195300 0.057100 0.195300 0.087600 0.060900 0.028100 0.000200 0.028400 0.057000 0.028200 0.028300 0.159500 0.058100 0.028900 0.086200 0.087600 0.028300 0.056900 0.028700 0.059300 0.000100 0.000000 0.056300 0.229300 0.195300
ForestMusk 0.085300 0.227800 0.225000 0.115000 0.085700 0.085300 0.122800 0.085100 0.224300 0.084600 0.056500 0.145800 0.057300 0.093100 0.056500 0.084800 0.115800 0.146100 0.056500 0.190600 0.085100 0.087400 0.087400 0.085600 0.056000 0.085100 0.057300 0.190600 0.085100 0.190600 0.084600 0.123000 0.085200 0.057300 0.086000 0.115300 0.085400 0.085700 0.226300 0.117300 0.087400 0.054500 0.084600 0.085600 0.115000 0.086900 0.119600 0.056500 0.056300 0.000000 0.223400 0.190600
Bushbuck 0.265700 0.480900 0.061400 0.301800 0.190600 0.265700 0.281800 0.264600 0.061100 0.349200 0.230100 0.260100 0.233400 0.291300 0.230100 0.264500 0.304300 0.301500 0.230100 0.030400 0.264600 0.272400 0.272400 0.266400 0.234000 0.264600 0.233400 0.030400 0.264600 0.030400 0.349200 0.203700 0.228600 0.233400 0.269800 0.226200 0.266000 0.190600 0.287000 0.310800 0.272400 0.301500 0.349200 0.266400 0.224400 0.195300 0.316000 0.230100 0.229300 0.223400 0.000000 0.030400
GreaterKud 0.230800 0.436000 0.030900 0.265900 0.230100 0.230800 0.244900 0.229400 0.030500 0.312700 0.195900 0.303000 0.198400 0.253700 0.195900 0.229400 0.267300 0.264900 0.195900 0.000000 0.229400 0.237500 0.237500 0.231000 0.199400 0.229400 0.198400 0.000000 0.229400 0.000000 0.312700 0.169200 0.194700 0.198400 0.234000 0.268000 0.231000 0.230100 0.250600 0.275000 0.237500 0.265300 0.312700 0.231000 0.265700 0.162000 0.278600 0.195900 0.195300 0.190600 0.030400 0.000000
