CODONML (in paml version 4.10.7, June 2023)  /home/rachel/ruminants_paml/6406-phy-tree/ENSBTAT00000054674.fasta.phy
Model: free dN/dS Ratios for branches,  kappa = 2.000 fixed

Codon frequency model: F3x4
ns =  54  ls =  29

Codon usage in sequences
--------------------------------------------------------------------------------------------------------------------------------------
Phe TTT   1   1   1   1   1   1 | Ser TCT   1   1   1   1   1   1 | Tyr TAT   1   1   1   1   1   2 | Cys TGT   0   0   0   0   0   0
    TTC   0   0   0   1   0   0 |     TCC   0   1   0   0   1   0 |     TAC   3   3   3   2   3   3 |     TGC   0   0   0   0   0   0
Leu TTA   0   0   0   0   0   0 |     TCA   4   3   4   4   3   4 | *** TAA   0   0   0   0   0   0 | *** TGA   0   0   0   0   0   0
    TTG   0   0   0   0   0   0 |     TCG   0   0   0   0   0   0 |     TAG   0   0   0   0   0   0 | Trp TGG   1   1   1   1   1   1
--------------------------------------------------------------------------------------------------------------------------------------
Leu CTT   0   0   0   0   0   0 | Pro CCT   0   0   0   0   0   0 | His CAT   0   0   0   0   0   0 | Arg CGT   0   0   0   0   0   0
    CTC   0   0   0   0   0   0 |     CCC   0   0   0   0   0   0 |     CAC   0   0   0   0   0   0 |     CGC   0   0   0   0   0   0
    CTA   0   0   0   0   0   0 |     CCA   1   1   1   1   1   1 | Gln CAA   0   0   0   0   0   0 |     CGA   0   0   0   0   0   0
    CTG   0   0   0   0   0   0 |     CCG   0   0   0   0   0   0 |     CAG   0   0   0   0   0   0 |     CGG   0   0   0   0   0   0
--------------------------------------------------------------------------------------------------------------------------------------
Ile ATT   1   0   1   1   0   1 | Thr ACT   1   1   1   1   1   2 | Asn AAT   0   0   0   0   1   0 | Ser AGT   1   0   1   1   0   0
    ATC   0   1   0   0   1   0 |     ACC   0   0   0   0   0   0 |     AAC   0   0   0   0   0   0 |     AGC   0   0   0   0   0   0
    ATA   1   0   1   1   1   1 |     ACA   3   3   3   3   0   2 | Lys AAA   2   2   2   2   2   2 | Arg AGA   1   3   1   1   1   2
Met ATG   0   0   0   0   0   0 |     ACG   0   0   0   0   3   0 |     AAG   1   0   1   1   1   1 |     AGG   0   0   0   0   0   0
--------------------------------------------------------------------------------------------------------------------------------------
Val GTT   0   1   0   0   1   0 | Ala GCT   0   0   0   0   0   0 | Asp GAT   1   1   1   1   0   1 | Gly GGT   0   0   0   0   0   0
    GTC   1   0   1   1   0   1 |     GCC   2   2   2   2   2   2 |     GAC   0   0   0   0   1   0 |     GGC   0   0   0   0   0   0
    GTA   0   0   0   0   0   0 |     GCA   0   1   0   0   0   0 | Glu GAA   1   2   1   1   1   1 |     GGA   1   0   1   1   0   0
    GTG   0   0   0   0   0   0 |     GCG   0   0   0   0   0   0 |     GAG   0   0   0   0   1   0 |     GGG   0   0   0   0   0   0
--------------------------------------------------------------------------------------------------------------------------------------

--------------------------------------------------------------------------------------------------------------------------------------
Phe TTT   1   1   1   1   1   1 | Ser TCT   1   1   1   1   1   1 | Tyr TAT   1   1   1   0   0   1 | Cys TGT   0   0   0   0   0   0
    TTC   0   0   0   0   0   0 |     TCC   0   0   0   0   0   0 |     TAC   3   3   3   4   4   3 |     TGC   0   0   0   0   0   0
Leu TTA   0   0   0   0   0   0 |     TCA   4   4   4   4   4   4 | *** TAA   0   0   0   0   0   0 | *** TGA   0   0   0   0   0   0
    TTG   0   0   0   0   0   0 |     TCG   0   0   0   0   0   0 |     TAG   0   0   0   0   0   0 | Trp TGG   1   1   1   1   1   1
--------------------------------------------------------------------------------------------------------------------------------------
Leu CTT   0   0   0   0   0   0 | Pro CCT   0   0   0   0   0   0 | His CAT   0   0   0   0   0   0 | Arg CGT   0   0   0   0   0   0
    CTC   0   0   0   0   0   0 |     CCC   0   0   0   0   0   0 |     CAC   0   0   0   0   0   0 |     CGC   0   0   0   0   0   0
    CTA   0   0   0   0   0   0 |     CCA   1   1   1   1   1   1 | Gln CAA   0   0   0   0   0   0 |     CGA   0   0   0   0   0   0
    CTG   0   0   0   0   0   0 |     CCG   0   0   0   0   0   0 |     CAG   0   0   0   0   0   0 |     CGG   0   0   0   0   0   0
--------------------------------------------------------------------------------------------------------------------------------------
Ile ATT   1   1   1   1   1   1 | Thr ACT   2   1   1   2   1   1 | Asn AAT   0   0   0   0   0   0 | Ser AGT   1   1   0   1   1   1
    ATC   0   0   0   0   0   0 |     ACC   0   0   0   0   0   0 |     AAC   0   0   0   0   0   0 |     AGC   0   0   1   0   0   0
    ATA   1   1   1   1   1   1 |     ACA   2   3   3   2   3   3 | Lys AAA   2   2   2   2   2   2 | Arg AGA   1   1   1   1   1   1
Met ATG   0   0   0   0   0   0 |     ACG   0   0   0   0   0   0 |     AAG   1   1   1   1   1   1 |     AGG   0   0   0   0   0   0
--------------------------------------------------------------------------------------------------------------------------------------
Val GTT   0   0   0   0   0   0 | Ala GCT   0   0   0   0   0   0 | Asp GAT   1   1   1   1   1   1 | Gly GGT   0   0   0   0   0   0
    GTC   1   1   1   1   1   1 |     GCC   2   2   2   2   2   2 |     GAC   0   0   0   0   0   0 |     GGC   0   0   0   0   0   0
    GTA   0   0   0   0   0   0 |     GCA   0   0   0   0   0   0 | Glu GAA   1   1   1   1   1   1 |     GGA   1   1   1   1   1   1
    GTG   0   0   0   0   0   0 |     GCG   0   0   0   0   0   0 |     GAG   0   0   0   0   0   0 |     GGG   0   0   0   0   0   0
--------------------------------------------------------------------------------------------------------------------------------------

--------------------------------------------------------------------------------------------------------------------------------------
Phe TTT   1   1   1   1   1   1 | Ser TCT   1   1   1   1   1   1 | Tyr TAT   1   1   1   1   1   1 | Cys TGT   0   0   0   0   0   0
    TTC   0   0   0   0   0   0 |     TCC   0   0   0   0   0   0 |     TAC   3   3   3   3   3   3 |     TGC   0   0   0   0   0   0
Leu TTA   0   0   0   0   0   0 |     TCA   4   4   4   4   3   4 | *** TAA   0   0   0   0   0   0 | *** TGA   0   0   0   0   0   0
    TTG   0   0   0   0   0   0 |     TCG   0   0   0   0   1   0 |     TAG   0   0   0   0   0   0 | Trp TGG   1   1   1   1   1   1
--------------------------------------------------------------------------------------------------------------------------------------
Leu CTT   0   0   0   0   0   0 | Pro CCT   0   0   0   0   0   0 | His CAT   0   0   0   0   0   0 | Arg CGT   0   0   0   0   0   0
    CTC   0   0   0   0   0   0 |     CCC   0   0   0   0   0   0 |     CAC   0   0   0   0   0   0 |     CGC   0   0   0   0   0   0
    CTA   0   0   0   0   0   0 |     CCA   1   1   1   1   1   1 | Gln CAA   0   0   0   0   0   0 |     CGA   0   0   0   0   0   0
    CTG   0   0   0   0   0   0 |     CCG   0   0   0   0   0   0 |     CAG   0   0   0   0   0   0 |     CGG   0   0   0   0   0   0
--------------------------------------------------------------------------------------------------------------------------------------
Ile ATT   1   1   1   1   1   1 | Thr ACT   1   1   1   1   1   2 | Asn AAT   0   0   0   0   0   0 | Ser AGT   1   1   1   0   1   1
    ATC   0   0   0   0   0   0 |     ACC   0   0   0   0   0   0 |     AAC   0   0   0   0   0   0 |     AGC   0   0   0   1   0   0
    ATA   1   1   1   1   1   1 |     ACA   3   3   3   3   3   2 | Lys AAA   2   2   2   2   2   2 | Arg AGA   1   1   1   1   1   1
Met ATG   0   0   0   0   0   0 |     ACG   0   0   0   0   0   0 |     AAG   1   1   1   1   1   1 |     AGG   0   0   0   0   0   0
--------------------------------------------------------------------------------------------------------------------------------------
Val GTT   0   0   0   0   0   0 | Ala GCT   0   0   0   0   0   0 | Asp GAT   1   1   1   1   1   1 | Gly GGT   0   0   0   0   0   0
    GTC   1   1   1   1   1   1 |     GCC   2   2   2   2   2   2 |     GAC   0   0   0   0   0   0 |     GGC   0   0   0   0   0   0
    GTA   0   0   0   0   0   0 |     GCA   0   0   0   0   0   0 | Glu GAA   1   1   1   1   1   1 |     GGA   1   1   1   1   1   1
    GTG   0   0   0   0   0   0 |     GCG   0   0   0   0   0   0 |     GAG   0   0   0   0   0   0 |     GGG   0   0   0   0   0   0
--------------------------------------------------------------------------------------------------------------------------------------

--------------------------------------------------------------------------------------------------------------------------------------
Phe TTT   1   1   1   1   1   1 | Ser TCT   1   1   1   1   1   1 | Tyr TAT   1   1   1   1   1   1 | Cys TGT   0   0   0   0   0   0
    TTC   0   0   0   0   0   0 |     TCC   0   0   0   0   0   0 |     TAC   3   3   3   3   3   3 |     TGC   0   0   0   0   0   0
Leu TTA   0   0   0   0   0   0 |     TCA   3   3   4   4   4   4 | *** TAA   0   0   0   0   0   0 | *** TGA   0   0   0   0   0   0
    TTG   0   0   0   0   0   0 |     TCG   0   0   0   0   0   0 |     TAG   0   0   0   0   0   0 | Trp TGG   1   1   1   1   1   1
--------------------------------------------------------------------------------------------------------------------------------------
Leu CTT   0   0   0   0   0   0 | Pro CCT   0   0   0   0   0   0 | His CAT   0   0   0   0   0   0 | Arg CGT   0   0   0   0   0   0
    CTC   0   0   0   0   0   0 |     CCC   0   0   0   0   0   0 |     CAC   0   0   0   0   0   0 |     CGC   0   0   0   0   0   0
    CTA   0   0   0   0   0   0 |     CCA   1   1   1   1   1   1 | Gln CAA   1   1   0   0   0   0 |     CGA   0   0   0   0   0   0
    CTG   0   0   0   0   0   0 |     CCG   0   0   0   0   0   0 |     CAG   0   0   0   0   0   0 |     CGG   0   0   0   0   0   0
--------------------------------------------------------------------------------------------------------------------------------------
Ile ATT   1   1   1   1   1   1 | Thr ACT   1   1   1   1   2   1 | Asn AAT   0   0   0   0   0   0 | Ser AGT   1   1   1   1   1   1
    ATC   0   0   0   0   0   0 |     ACC   0   0   0   0   0   0 |     AAC   0   0   0   0   0   0 |     AGC   0   0   0   0   0   0
    ATA   1   1   1   1   1   1 |     ACA   4   4   3   3   2   3 | Lys AAA   1   1   2   2   2   2 | Arg AGA   1   1   1   1   1   1
Met ATG   0   0   0   0   0   0 |     ACG   0   0   0   0   0   0 |     AAG   1   1   1   1   1   1 |     AGG   0   0   0   0   0   0
--------------------------------------------------------------------------------------------------------------------------------------
Val GTT   0   0   0   0   0   0 | Ala GCT   0   0   0   0   0   0 | Asp GAT   1   1   1   1   1   1 | Gly GGT   0   0   0   0   0   0
    GTC   1   1   1   1   1   1 |     GCC   2   2   2   2   2   2 |     GAC   0   0   0   0   0   0 |     GGC   0   0   0   0   0   0
    GTA   0   0   0   0   0   0 |     GCA   0   0   0   0   0   0 | Glu GAA   1   1   1   1   1   1 |     GGA   1   1   1   1   1   1
    GTG   0   0   0   0   0   0 |     GCG   0   0   0   0   0   0 |     GAG   0   0   0   0   0   0 |     GGG   0   0   0   0   0   0
--------------------------------------------------------------------------------------------------------------------------------------

--------------------------------------------------------------------------------------------------------------------------------------
Phe TTT   1   1   1   1   1   1 | Ser TCT   1   1   1   1   1   1 | Tyr TAT   1   1   1   1   1   1 | Cys TGT   0   0   0   0   0   0
    TTC   0   0   0   0   0   0 |     TCC   0   0   0   0   0   0 |     TAC   3   3   3   3   3   3 |     TGC   0   0   0   0   0   0
Leu TTA   0   0   0   0   0   0 |     TCA   4   4   4   4   4   4 | *** TAA   0   0   0   0   0   0 | *** TGA   0   0   0   0   0   0
    TTG   0   0   0   0   0   0 |     TCG   0   0   0   0   0   0 |     TAG   0   0   0   0   0   0 | Trp TGG   1   1   1   1   1   1
--------------------------------------------------------------------------------------------------------------------------------------
Leu CTT   0   0   0   0   0   0 | Pro CCT   0   0   0   0   0   0 | His CAT   0   0   0   0   0   0 | Arg CGT   0   0   0   0   0   0
    CTC   0   0   0   0   0   0 |     CCC   0   0   0   0   0   0 |     CAC   0   0   0   0   0   0 |     CGC   0   0   0   0   0   0
    CTA   0   0   0   0   0   0 |     CCA   1   1   1   1   1   1 | Gln CAA   0   0   0   0   0   0 |     CGA   0   0   0   0   0   0
    CTG   0   0   0   0   0   0 |     CCG   0   0   0   0   0   0 |     CAG   0   0   0   0   0   0 |     CGG   0   0   0   0   0   0
--------------------------------------------------------------------------------------------------------------------------------------
Ile ATT   1   1   1   1   1   1 | Thr ACT   1   1   1   2   1   1 | Asn AAT   0   0   0   0   0   0 | Ser AGT   1   1   1   1   1   1
    ATC   0   0   0   0   0   0 |     ACC   0   0   0   0   0   0 |     AAC   0   0   0   0   0   0 |     AGC   0   0   0   0   0   0
    ATA   1   1   1   1   1   1 |     ACA   3   3   3   2   3   3 | Lys AAA   2   2   2   2   2   2 | Arg AGA   1   1   1   1   1   1
Met ATG   0   0   0   0   0   0 |     ACG   0   0   0   0   0   0 |     AAG   1   1   1   1   1   1 |     AGG   0   0   0   0   0   0
--------------------------------------------------------------------------------------------------------------------------------------
Val GTT   0   0   0   0   0   0 | Ala GCT   0   0   0   0   0   0 | Asp GAT   1   1   1   1   1   1 | Gly GGT   0   0   0   0   0   0
    GTC   1   1   1   1   1   1 |     GCC   2   2   2   2   2   2 |     GAC   0   0   0   0   0   0 |     GGC   0   0   0   0   0   0
    GTA   0   0   0   0   0   0 |     GCA   0   0   0   0   0   0 | Glu GAA   1   1   1   1   1   1 |     GGA   1   1   1   1   1   1
    GTG   0   0   0   0   0   0 |     GCG   0   0   0   0   0   0 |     GAG   0   0   0   0   0   0 |     GGG   0   0   0   0   0   0
--------------------------------------------------------------------------------------------------------------------------------------

--------------------------------------------------------------------------------------------------------------------------------------
Phe TTT   1   1   1   1   1   1 | Ser TCT   1   1   1   1   1   1 | Tyr TAT   1   1   1   1   1   1 | Cys TGT   0   0   0   0   0   0
    TTC   0   0   0   0   0   0 |     TCC   0   0   0   0   0   0 |     TAC   3   3   3   3   3   3 |     TGC   0   0   0   0   0   0
Leu TTA   0   0   0   0   0   0 |     TCA   4   4   4   4   3   4 | *** TAA   0   0   0   0   0   0 | *** TGA   0   0   0   0   0   0
    TTG   0   0   0   0   0   0 |     TCG   0   0   0   0   0   0 |     TAG   0   0   0   0   0   0 | Trp TGG   1   1   1   1   1   1
--------------------------------------------------------------------------------------------------------------------------------------
Leu CTT   0   0   0   0   0   0 | Pro CCT   0   0   0   0   0   0 | His CAT   0   0   0   0   0   0 | Arg CGT   0   0   0   0   0   0
    CTC   0   0   0   0   0   0 |     CCC   0   0   0   0   0   0 |     CAC   0   0   0   0   0   0 |     CGC   0   0   0   0   0   0
    CTA   0   0   0   0   0   0 |     CCA   1   1   1   1   2   1 | Gln CAA   0   0   0   0   1   0 |     CGA   0   0   0   0   0   0
    CTG   0   0   0   0   0   0 |     CCG   0   0   0   0   0   0 |     CAG   0   0   0   0   0   0 |     CGG   0   0   0   0   0   0
--------------------------------------------------------------------------------------------------------------------------------------
Ile ATT   1   1   1   2   1   1 | Thr ACT   2   1   1   0   1   1 | Asn AAT   0   0   0   0   0   0 | Ser AGT   1   1   1   0   1   1
    ATC   0   0   0   0   1   0 |     ACC   0   0   0   0   0   0 |     AAC   0   0   0   0   0   0 |     AGC   0   0   0   1   0   0
    ATA   1   1   1   1   1   1 |     ACA   2   3   2   3   3   3 | Lys AAA   2   2   2   2   0   2 | Arg AGA   1   1   1   1   1   1
Met ATG   0   0   0   0   0   0 |     ACG   0   0   1   0   0   0 |     AAG   1   1   1   1   2   1 |     AGG   0   0   0   0   0   0
--------------------------------------------------------------------------------------------------------------------------------------
Val GTT   0   0   0   0   0   0 | Ala GCT   0   0   0   0   0   0 | Asp GAT   1   1   1   1   1   1 | Gly GGT   0   0   0   0   0   0
    GTC   1   1   1   1   0   1 |     GCC   2   2   2   2   2   2 |     GAC   0   0   0   0   0   0 |     GGC   0   0   0   0   0   0
    GTA   0   0   0   0   0   0 |     GCA   0   0   0   0   0   0 | Glu GAA   1   1   1   0   1   1 |     GGA   1   1   1   1   1   1
    GTG   0   0   0   0   0   0 |     GCG   0   0   0   0   0   0 |     GAG   0   0   0   1   0   0 |     GGG   0   0   0   0   0   0
--------------------------------------------------------------------------------------------------------------------------------------

--------------------------------------------------------------------------------------------------------------------------------------
Phe TTT   1   1   1   1   1   1 | Ser TCT   1   1   1   1   1   1 | Tyr TAT   1   1   1   1   1   1 | Cys TGT   0   0   0   0   0   0
    TTC   0   0   0   0   0   0 |     TCC   1   0   0   0   0   0 |     TAC   3   3   3   3   3   3 |     TGC   0   0   0   0   0   0
Leu TTA   0   0   0   0   0   0 |     TCA   3   3   4   4   4   4 | *** TAA   0   0   0   0   0   0 | *** TGA   0   0   0   0   0   0
    TTG   0   0   0   0   0   0 |     TCG   0   0   0   0   0   0 |     TAG   0   0   0   0   0   0 | Trp TGG   1   1   1   1   1   1
--------------------------------------------------------------------------------------------------------------------------------------
Leu CTT   0   0   0   0   0   0 | Pro CCT   0   0   0   0   0   0 | His CAT   0   0   0   0   0   0 | Arg CGT   0   0   0   0   0   0
    CTC   0   0   0   0   0   0 |     CCC   0   0   0   0   0   0 |     CAC   0   0   0   0   0   0 |     CGC   0   0   0   0   0   0
    CTA   0   0   0   0   0   0 |     CCA   1   2   1   1   1   1 | Gln CAA   0   0   0   0   0   0 |     CGA   0   0   0   0   0   0
    CTG   0   0   0   0   0   0 |     CCG   0   0   0   0   0   0 |     CAG   0   0   0   0   0   0 |     CGG   0   0   0   0   0   0
--------------------------------------------------------------------------------------------------------------------------------------
Ile ATT   1   1   1   1   1   1 | Thr ACT   1   1   1   2   2   1 | Asn AAT   0   0   0   0   0   0 | Ser AGT   1   1   1   1   1   1
    ATC   0   0   0   0   0   0 |     ACC   0   0   0   0   0   0 |     AAC   0   0   0   0   0   0 |     AGC   0   0   0   0   0   0
    ATA   1   1   1   1   1   1 |     ACA   3   3   3   2   2   3 | Lys AAA   1   2   2   2   2   2 | Arg AGA   1   1   1   1   1   1
Met ATG   0   0   0   0   0   0 |     ACG   0   0   0   0   0   0 |     AAG   2   1   1   1   1   1 |     AGG   0   0   0   0   0   0
--------------------------------------------------------------------------------------------------------------------------------------
Val GTT   0   0   0   0   0   0 | Ala GCT   0   0   0   0   0   0 | Asp GAT   1   1   1   1   1   1 | Gly GGT   0   0   0   0   0   0
    GTC   1   1   1   1   1   1 |     GCC   2   2   2   2   2   2 |     GAC   0   0   0   0   0   0 |     GGC   0   0   0   0   0   0
    GTA   0   0   0   0   0   0 |     GCA   0   0   0   0   0   0 | Glu GAA   1   1   1   1   1   1 |     GGA   1   1   1   1   1   1
    GTG   0   0   0   0   0   0 |     GCG   0   0   0   0   0   0 |     GAG   0   0   0   0   0   0 |     GGG   0   0   0   0   0   0
--------------------------------------------------------------------------------------------------------------------------------------

--------------------------------------------------------------------------------------------------------------------------------------
Phe TTT   1   1   1   1   1   1 | Ser TCT   1   1   1   1   1   1 | Tyr TAT   1   1   1   1   1   1 | Cys TGT   0   0   0   0   0   0
    TTC   0   0   0   0   0   0 |     TCC   0   0   0   0   0   0 |     TAC   3   3   3   3   3   3 |     TGC   0   0   0   0   0   0
Leu TTA   0   0   0   0   0   0 |     TCA   4   4   4   4   2   4 | *** TAA   0   0   0   0   0   0 | *** TGA   0   0   0   0   0   0
    TTG   0   0   0   0   0   0 |     TCG   0   0   0   0   0   0 |     TAG   0   0   0   0   0   0 | Trp TGG   1   1   1   1   1   1
--------------------------------------------------------------------------------------------------------------------------------------
Leu CTT   0   0   0   0   0   0 | Pro CCT   0   0   0   0   0   0 | His CAT   0   0   0   0   0   0 | Arg CGT   0   0   0   0   0   0
    CTC   0   0   0   0   0   0 |     CCC   0   0   0   0   0   0 |     CAC   0   0   0   0   0   0 |     CGC   0   0   0   0   0   0
    CTA   0   0   0   0   0   0 |     CCA   1   1   1   1   2   1 | Gln CAA   0   0   0   0   0   0 |     CGA   0   0   0   0   0   0
    CTG   0   0   0   0   0   0 |     CCG   0   0   0   0   0   0 |     CAG   0   0   0   0   0   0 |     CGG   0   0   0   0   0   0
--------------------------------------------------------------------------------------------------------------------------------------
Ile ATT   1   1   1   1   1   1 | Thr ACT   1   2   1   1   1   2 | Asn AAT   0   0   0   0   0   0 | Ser AGT   1   1   1   1   1   1
    ATC   0   0   0   0   0   0 |     ACC   0   0   0   0   0   0 |     AAC   0   0   0   0   0   0 |     AGC   0   0   0   0   0   0
    ATA   1   1   1   1   1   1 |     ACA   3   2   2   3   4   1 | Lys AAA   2   2   2   2   2   2 | Arg AGA   1   1   1   1   1   1
Met ATG   0   0   0   0   0   0 |     ACG   0   0   1   0   0   1 |     AAG   1   1   1   1   1   1 |     AGG   0   0   0   0   0   0
--------------------------------------------------------------------------------------------------------------------------------------
Val GTT   0   0   0   0   0   0 | Ala GCT   0   0   0   0   0   0 | Asp GAT   1   1   1   1   1   1 | Gly GGT   0   0   0   0   0   0
    GTC   1   1   1   1   1   1 |     GCC   2   2   2   2   2   2 |     GAC   0   0   0   0   0   0 |     GGC   0   0   0   0   0   0
    GTA   0   0   0   0   0   0 |     GCA   0   0   0   0   0   0 | Glu GAA   1   1   1   1   1   1 |     GGA   1   1   1   1   1   1
    GTG   0   0   0   0   0   0 |     GCG   0   0   0   0   0   0 |     GAG   0   0   0   0   0   0 |     GGG   0   0   0   0   0   0
--------------------------------------------------------------------------------------------------------------------------------------

--------------------------------------------------------------------------------------------------------------------------------------
Phe TTT   1   1   1   1   1   1 | Ser TCT   1   1   1   1   1   1 | Tyr TAT   1   1   1   1   1   1 | Cys TGT   0   0   0   0   0   0
    TTC   0   0   0   1   0   0 |     TCC   0   0   0   0   0   0 |     TAC   3   3   3   2   3   3 |     TGC   0   0   0   0   0   0
Leu TTA   0   0   0   0   0   0 |     TCA   4   3   4   4   4   3 | *** TAA   0   0   0   0   0   0 | *** TGA   0   0   0   0   0   0
    TTG   0   0   0   0   0   0 |     TCG   0   0   0   0   0   1 |     TAG   0   0   0   0   0   0 | Trp TGG   1   1   1   1   1   1
--------------------------------------------------------------------------------------------------------------------------------------
Leu CTT   0   0   0   0   0   0 | Pro CCT   0   0   0   0   0   0 | His CAT   0   0   0   0   0   0 | Arg CGT   0   0   0   0   0   0
    CTC   0   0   0   0   0   0 |     CCC   0   0   0   0   0   0 |     CAC   0   0   0   0   0   0 |     CGC   0   0   0   0   0   0
    CTA   0   0   0   0   0   0 |     CCA   1   2   1   1   1   1 | Gln CAA   0   0   0   0   0   0 |     CGA   0   0   0   0   0   0
    CTG   0   0   0   0   0   0 |     CCG   0   0   0   0   0   0 |     CAG   0   0   0   0   0   0 |     CGG   0   0   0   0   0   0
--------------------------------------------------------------------------------------------------------------------------------------
Ile ATT   1   1   1   1   1   1 | Thr ACT   2   1   1   1   1   1 | Asn AAT   0   0   0   0   0   0 | Ser AGT   1   1   1   1   1   1
    ATC   0   0   0   0   0   0 |     ACC   0   0   0   0   0   0 |     AAC   0   0   0   0   0   0 |     AGC   0   0   0   0   0   0
    ATA   1   1   1   1   1   1 |     ACA   2   3   3   3   3   3 | Lys AAA   2   2   2   2   2   2 | Arg AGA   1   1   1   1   1   1
Met ATG   0   0   0   0   0   0 |     ACG   0   0   0   0   0   0 |     AAG   1   1   1   1   1   1 |     AGG   0   0   0   0   0   0
--------------------------------------------------------------------------------------------------------------------------------------
Val GTT   0   0   0   0   0   0 | Ala GCT   0   0   0   0   0   0 | Asp GAT   1   1   1   1   1   1 | Gly GGT   0   0   0   0   0   0
    GTC   1   1   1   1   1   1 |     GCC   2   2   2   2   2   2 |     GAC   0   0   0   0   0   0 |     GGC   0   0   0   0   0   0
    GTA   0   0   0   0   0   0 |     GCA   0   0   0   0   0   0 | Glu GAA   1   1   1   1   1   1 |     GGA   1   1   1   1   1   1
    GTG   0   0   0   0   0   0 |     GCG   0   0   0   0   0   0 |     GAG   0   0   0   0   0   0 |     GGG   0   0   0   0   0   0
--------------------------------------------------------------------------------------------------------------------------------------

Codon position x base (3x4) table for each sequence.

#1: Argali         
position  1:    T:0.37931    C:0.03448    A:0.37931    G:0.20690
position  2:    T:0.13793    C:0.41379    A:0.31034    G:0.13793
position  3:    T:0.24138    C:0.20690    A:0.48276    G:0.06897
Average         T:0.25287    C:0.21839    A:0.39080    G:0.13793

#2: LesserMouseDeer
position  1:    T:0.37931    C:0.03448    A:0.34483    G:0.24138
position  2:    T:0.10345    C:0.44828    A:0.31034    G:0.13793
position  3:    T:0.20690    C:0.24138    A:0.51724    G:0.03448
Average         T:0.22989    C:0.24138    A:0.39080    G:0.13793

#3: LesserKudu     
position  1:    T:0.37931    C:0.03448    A:0.37931    G:0.20690
position  2:    T:0.13793    C:0.41379    A:0.31034    G:0.13793
position  3:    T:0.24138    C:0.20690    A:0.48276    G:0.06897
Average         T:0.25287    C:0.21839    A:0.39080    G:0.13793

#4: ForestMuskDeer2
position  1:    T:0.37931    C:0.03448    A:0.37931    G:0.20690
position  2:    T:0.17241    C:0.41379    A:0.27586    G:0.13793
position  3:    T:0.24138    C:0.20690    A:0.48276    G:0.06897
Average         T:0.26437    C:0.21839    A:0.37931    G:0.13793

#5: Camel          
position  1:    T:0.37931    C:0.03448    A:0.37931    G:0.20690
position  2:    T:0.13793    C:0.41379    A:0.37931    G:0.06897
position  3:    T:0.20690    C:0.27586    A:0.31034    G:0.20690
Average         T:0.24138    C:0.24138    A:0.35632    G:0.16092

#6: KillerWhale    
position  1:    T:0.41379    C:0.03448    A:0.37931    G:0.17241
position  2:    T:0.13793    C:0.41379    A:0.34483    G:0.10345
position  3:    T:0.27586    C:0.20690    A:0.44828    G:0.06897
Average         T:0.27586    C:0.21839    A:0.39080    G:0.11494

#7: DefassaWaterbuck
position  1:    T:0.37931    C:0.03448    A:0.37931    G:0.20690
position  2:    T:0.13793    C:0.41379    A:0.31034    G:0.13793
position  3:    T:0.27586    C:0.20690    A:0.44828    G:0.06897
Average         T:0.26437    C:0.21839    A:0.37931    G:0.13793

#8: Sheep          
position  1:    T:0.37931    C:0.03448    A:0.37931    G:0.20690
position  2:    T:0.13793    C:0.41379    A:0.31034    G:0.13793
position  3:    T:0.24138    C:0.20690    A:0.48276    G:0.06897
Average         T:0.25287    C:0.21839    A:0.39080    G:0.13793

#9: MaxwellsDuiker 
position  1:    T:0.37931    C:0.03448    A:0.37931    G:0.20690
position  2:    T:0.13793    C:0.41379    A:0.31034    G:0.13793
position  3:    T:0.20690    C:0.24138    A:0.48276    G:0.06897
Average         T:0.24138    C:0.22989    A:0.39080    G:0.13793

#10: GazellaPrzewalskyi
position  1:    T:0.37931    C:0.03448    A:0.37931    G:0.20690
position  2:    T:0.13793    C:0.41379    A:0.31034    G:0.13793
position  3:    T:0.24138    C:0.24138    A:0.44828    G:0.06897
Average         T:0.25287    C:0.22989    A:0.37931    G:0.13793

#11: MountainNyala  
position  1:    T:0.37931    C:0.03448    A:0.37931    G:0.20690
position  2:    T:0.13793    C:0.41379    A:0.31034    G:0.13793
position  3:    T:0.20690    C:0.24138    A:0.48276    G:0.06897
Average         T:0.24138    C:0.22989    A:0.39080    G:0.13793

#12: MuntiacusMuntjak
position  1:    T:0.37931    C:0.03448    A:0.37931    G:0.20690
position  2:    T:0.13793    C:0.41379    A:0.31034    G:0.13793
position  3:    T:0.24138    C:0.20690    A:0.48276    G:0.06897
Average         T:0.25287    C:0.21839    A:0.39080    G:0.13793

#13: goat           
position  1:    T:0.37931    C:0.03448    A:0.37931    G:0.20690
position  2:    T:0.13793    C:0.41379    A:0.31034    G:0.13793
position  3:    T:0.24138    C:0.20690    A:0.48276    G:0.06897
Average         T:0.25287    C:0.21839    A:0.39080    G:0.13793

#14: AfricanBuffalo 
position  1:    T:0.37931    C:0.03448    A:0.37931    G:0.20690
position  2:    T:0.13793    C:0.41379    A:0.31034    G:0.13793
position  3:    T:0.24138    C:0.20690    A:0.48276    G:0.06897
Average         T:0.25287    C:0.21839    A:0.39080    G:0.13793

#15: Topi           
position  1:    T:0.37931    C:0.03448    A:0.37931    G:0.20690
position  2:    T:0.13793    C:0.41379    A:0.31034    G:0.13793
position  3:    T:0.24138    C:0.20690    A:0.48276    G:0.06897
Average         T:0.25287    C:0.21839    A:0.39080    G:0.13793

#16: CommonDuiker   
position  1:    T:0.37931    C:0.03448    A:0.37931    G:0.20690
position  2:    T:0.13793    C:0.41379    A:0.31034    G:0.13793
position  3:    T:0.20690    C:0.24138    A:0.48276    G:0.06897
Average         T:0.24138    C:0.22989    A:0.39080    G:0.13793

#17: Suni           
position  1:    T:0.37931    C:0.03448    A:0.37931    G:0.20690
position  2:    T:0.13793    C:0.41379    A:0.31034    G:0.13793
position  3:    T:0.24138    C:0.20690    A:0.44828    G:0.10345
Average         T:0.25287    C:0.21839    A:0.37931    G:0.14943

#18: Springbuck     
position  1:    T:0.37931    C:0.03448    A:0.37931    G:0.20690
position  2:    T:0.13793    C:0.41379    A:0.31034    G:0.13793
position  3:    T:0.27586    C:0.20690    A:0.44828    G:0.06897
Average         T:0.26437    C:0.21839    A:0.37931    G:0.13793

#19: Okapi          
position  1:    T:0.34483    C:0.06897    A:0.37931    G:0.20690
position  2:    T:0.13793    C:0.41379    A:0.31034    G:0.13793
position  3:    T:0.24138    C:0.20690    A:0.48276    G:0.06897
Average         T:0.24138    C:0.22989    A:0.39080    G:0.13793

#20: Giraffe        
position  1:    T:0.34483    C:0.06897    A:0.37931    G:0.20690
position  2:    T:0.13793    C:0.41379    A:0.31034    G:0.13793
position  3:    T:0.24138    C:0.20690    A:0.48276    G:0.06897
Average         T:0.24138    C:0.22989    A:0.39080    G:0.13793

#21: TibetanAntelope
position  1:    T:0.37931    C:0.03448    A:0.37931    G:0.20690
position  2:    T:0.13793    C:0.41379    A:0.31034    G:0.13793
position  3:    T:0.24138    C:0.20690    A:0.48276    G:0.06897
Average         T:0.25287    C:0.21839    A:0.39080    G:0.13793

#22: Sitatunga      
position  1:    T:0.37931    C:0.03448    A:0.37931    G:0.20690
position  2:    T:0.13793    C:0.41379    A:0.31034    G:0.13793
position  3:    T:0.24138    C:0.20690    A:0.48276    G:0.06897
Average         T:0.25287    C:0.21839    A:0.39080    G:0.13793

#23: Oribi          
position  1:    T:0.37931    C:0.03448    A:0.37931    G:0.20690
position  2:    T:0.13793    C:0.41379    A:0.31034    G:0.13793
position  3:    T:0.27586    C:0.20690    A:0.44828    G:0.06897
Average         T:0.26437    C:0.21839    A:0.37931    G:0.13793

#24: BarbarySheep   
position  1:    T:0.37931    C:0.03448    A:0.37931    G:0.20690
position  2:    T:0.13793    C:0.41379    A:0.31034    G:0.13793
position  3:    T:0.24138    C:0.20690    A:0.48276    G:0.06897
Average         T:0.25287    C:0.21839    A:0.39080    G:0.13793

#25: Daviddeer      
position  1:    T:0.37931    C:0.03448    A:0.37931    G:0.20690
position  2:    T:0.13793    C:0.41379    A:0.31034    G:0.13793
position  3:    T:0.24138    C:0.20690    A:0.48276    G:0.06897
Average         T:0.25287    C:0.21839    A:0.39080    G:0.13793

#26: Reindeer       
position  1:    T:0.37931    C:0.03448    A:0.37931    G:0.20690
position  2:    T:0.13793    C:0.41379    A:0.31034    G:0.13793
position  3:    T:0.24138    C:0.20690    A:0.48276    G:0.06897
Average         T:0.25287    C:0.21839    A:0.39080    G:0.13793

#27: Ibex           
position  1:    T:0.37931    C:0.03448    A:0.37931    G:0.20690
position  2:    T:0.13793    C:0.41379    A:0.31034    G:0.13793
position  3:    T:0.24138    C:0.20690    A:0.48276    G:0.06897
Average         T:0.25287    C:0.21839    A:0.39080    G:0.13793

#28: GyrantGazelle  
position  1:    T:0.37931    C:0.03448    A:0.37931    G:0.20690
position  2:    T:0.13793    C:0.41379    A:0.31034    G:0.13793
position  3:    T:0.27586    C:0.20690    A:0.44828    G:0.06897
Average         T:0.26437    C:0.21839    A:0.37931    G:0.13793

#29: Hartebeest     
position  1:    T:0.37931    C:0.03448    A:0.37931    G:0.20690
position  2:    T:0.13793    C:0.41379    A:0.31034    G:0.13793
position  3:    T:0.24138    C:0.20690    A:0.48276    G:0.06897
Average         T:0.25287    C:0.21839    A:0.39080    G:0.13793

#30: Bongo          
position  1:    T:0.37931    C:0.03448    A:0.37931    G:0.20690
position  2:    T:0.13793    C:0.41379    A:0.31034    G:0.13793
position  3:    T:0.24138    C:0.20690    A:0.48276    G:0.06897
Average         T:0.25287    C:0.21839    A:0.39080    G:0.13793

#31: Gerenuk        
position  1:    T:0.37931    C:0.03448    A:0.37931    G:0.20690
position  2:    T:0.13793    C:0.41379    A:0.31034    G:0.13793
position  3:    T:0.27586    C:0.20690    A:0.44828    G:0.06897
Average         T:0.26437    C:0.21839    A:0.37931    G:0.13793

#32: CommonEland    
position  1:    T:0.37931    C:0.03448    A:0.37931    G:0.20690
position  2:    T:0.13793    C:0.41379    A:0.31034    G:0.13793
position  3:    T:0.24138    C:0.20690    A:0.48276    G:0.06897
Average         T:0.25287    C:0.21839    A:0.39080    G:0.13793

#33: MuntiacusReevesi
position  1:    T:0.37931    C:0.03448    A:0.37931    G:0.20690
position  2:    T:0.13793    C:0.41379    A:0.31034    G:0.13793
position  3:    T:0.24138    C:0.20690    A:0.44828    G:0.10345
Average         T:0.25287    C:0.21839    A:0.37931    G:0.14943

#34: HarveysDuiker  
position  1:    T:0.37931    C:0.03448    A:0.37931    G:0.20690
position  2:    T:0.17241    C:0.37931    A:0.31034    G:0.13793
position  3:    T:0.20690    C:0.24138    A:0.44828    G:0.10345
Average         T:0.25287    C:0.21839    A:0.37931    G:0.14943

#35: Pronghorn      
position  1:    T:0.34483    C:0.10345    A:0.37931    G:0.17241
position  2:    T:0.13793    C:0.41379    A:0.31034    G:0.13793
position  3:    T:0.24138    C:0.20690    A:0.44828    G:0.10345
Average         T:0.24138    C:0.24138    A:0.37931    G:0.13793

#36: BlueWildebeest 
position  1:    T:0.37931    C:0.03448    A:0.37931    G:0.20690
position  2:    T:0.13793    C:0.41379    A:0.31034    G:0.13793
position  3:    T:0.24138    C:0.20690    A:0.48276    G:0.06897
Average         T:0.25287    C:0.21839    A:0.39080    G:0.13793

#37: Gemsbok        
position  1:    T:0.37931    C:0.03448    A:0.37931    G:0.20690
position  2:    T:0.13793    C:0.41379    A:0.31034    G:0.13793
position  3:    T:0.24138    C:0.24138    A:0.41379    G:0.10345
Average         T:0.25287    C:0.22989    A:0.36782    G:0.14943

#38: Yak            
position  1:    T:0.34483    C:0.06897    A:0.37931    G:0.20690
position  2:    T:0.13793    C:0.41379    A:0.31034    G:0.13793
position  3:    T:0.24138    C:0.20690    A:0.48276    G:0.06897
Average         T:0.24138    C:0.22989    A:0.39080    G:0.13793

#39: BlueSheep      
position  1:    T:0.37931    C:0.03448    A:0.37931    G:0.20690
position  2:    T:0.13793    C:0.41379    A:0.31034    G:0.13793
position  3:    T:0.24138    C:0.20690    A:0.48276    G:0.06897
Average         T:0.25287    C:0.21839    A:0.39080    G:0.13793

#40: BohorReedbuck  
position  1:    T:0.37931    C:0.03448    A:0.37931    G:0.20690
position  2:    T:0.13793    C:0.41379    A:0.31034    G:0.13793
position  3:    T:0.27586    C:0.20690    A:0.44828    G:0.06897
Average         T:0.26437    C:0.21839    A:0.37931    G:0.13793

#41: KirksDik       
position  1:    T:0.37931    C:0.03448    A:0.37931    G:0.20690
position  2:    T:0.13793    C:0.41379    A:0.31034    G:0.13793
position  3:    T:0.27586    C:0.20690    A:0.44828    G:0.06897
Average         T:0.26437    C:0.21839    A:0.37931    G:0.13793

#42: RoeDeer        
position  1:    T:0.37931    C:0.03448    A:0.37931    G:0.20690
position  2:    T:0.13793    C:0.41379    A:0.31034    G:0.13793
position  3:    T:0.24138    C:0.20690    A:0.48276    G:0.06897
Average         T:0.25287    C:0.21839    A:0.39080    G:0.13793

#43: WhiteLippedDeer
position  1:    T:0.37931    C:0.03448    A:0.37931    G:0.20690
position  2:    T:0.13793    C:0.41379    A:0.31034    G:0.13793
position  3:    T:0.24138    C:0.20690    A:0.48276    G:0.06897
Average         T:0.25287    C:0.21839    A:0.39080    G:0.13793

#44: ThomsonGazelle 
position  1:    T:0.37931    C:0.03448    A:0.37931    G:0.20690
position  2:    T:0.13793    C:0.41379    A:0.31034    G:0.13793
position  3:    T:0.27586    C:0.20690    A:0.44828    G:0.06897
Average         T:0.26437    C:0.21839    A:0.37931    G:0.13793

#45: MuntiacusCrinifrons
position  1:    T:0.37931    C:0.03448    A:0.37931    G:0.20690
position  2:    T:0.13793    C:0.41379    A:0.31034    G:0.13793
position  3:    T:0.24138    C:0.20690    A:0.44828    G:0.10345
Average         T:0.25287    C:0.21839    A:0.37931    G:0.14943

#46: WhiteTailedDeer
position  1:    T:0.37931    C:0.03448    A:0.37931    G:0.20690
position  2:    T:0.13793    C:0.41379    A:0.31034    G:0.13793
position  3:    T:0.24138    C:0.20690    A:0.48276    G:0.06897
Average         T:0.25287    C:0.21839    A:0.39080    G:0.13793

#47: Cattle         
position  1:    T:0.31034    C:0.06897    A:0.41379    G:0.20690
position  2:    T:0.13793    C:0.41379    A:0.31034    G:0.13793
position  3:    T:0.24138    C:0.20690    A:0.48276    G:0.06897
Average         T:0.22989    C:0.22989    A:0.40230    G:0.13793

#48: RoyalAntelope  
position  1:    T:0.37931    C:0.03448    A:0.37931    G:0.20690
position  2:    T:0.13793    C:0.41379    A:0.31034    G:0.13793
position  3:    T:0.27586    C:0.20690    A:0.41379    G:0.10345
Average         T:0.26437    C:0.21839    A:0.36782    G:0.14943

#49: Steenbok       
position  1:    T:0.37931    C:0.03448    A:0.37931    G:0.20690
position  2:    T:0.13793    C:0.41379    A:0.31034    G:0.13793
position  3:    T:0.27586    C:0.20690    A:0.44828    G:0.06897
Average         T:0.26437    C:0.21839    A:0.37931    G:0.13793

#50: Impala         
position  1:    T:0.34483    C:0.06897    A:0.37931    G:0.20690
position  2:    T:0.13793    C:0.41379    A:0.31034    G:0.13793
position  3:    T:0.24138    C:0.20690    A:0.48276    G:0.06897
Average         T:0.24138    C:0.22989    A:0.39080    G:0.13793

#51: Klipspringer   
position  1:    T:0.37931    C:0.03448    A:0.37931    G:0.20690
position  2:    T:0.13793    C:0.41379    A:0.31034    G:0.13793
