1
52 1
Argali 0.000000 0.283500 0.095800 0.236000 0.060500 0.013000 0.053700 0.074100 0.111400 0.119700 0.033200 0.060400 0.046600 0.053600 0.089100 0.061000 0.095700 0.113400 0.019800 0.127000 0.075700 0.040100 0.106700 0.127800 0.033300 0.060700 0.046400 0.095800 0.054200 0.088500 0.119300 0.074700 0.132600 0.046600 0.046000 0.074100 0.027000 0.067500 0.068500 0.141600 0.113500 0.067400 0.119700 0.135000 0.080700 0.046300 0.082700 0.053300 0.082800 0.089500 0.125000 0.110200
LesserMous 0.283500 0.000000 0.260300 0.327500 0.244300 0.276500 0.252400 0.294300 0.280700 0.277900 0.269700 0.251900 0.276300 0.251900 0.261500 0.262300 0.280100 0.288600 0.261000 0.282100 0.281700 0.288800 0.265200 0.287900 0.269400 0.278600 0.275100 0.277800 0.254600 0.277800 0.276700 0.252100 0.322900 0.276600 0.289600 0.267800 0.268800 0.252900 0.291900 0.284800 0.262900 0.286200 0.277800 0.295600 0.274600 0.275000 0.309200 0.276000 0.308600 0.257900 0.287600 0.277600
LesserKudu 0.095800 0.260300 0.000000 0.264000 0.061000 0.096300 0.068100 0.089000 0.026300 0.120500 0.089800 0.053700 0.089100 0.067900 0.096800 0.090100 0.096300 0.114000 0.075300 0.046800 0.105600 0.097400 0.107300 0.128600 0.089800 0.075400 0.088800 0.013000 0.083000 0.026300 0.120100 0.089600 0.133100 0.089200 0.102200 0.060500 0.082200 0.075000 0.098200 0.142600 0.114300 0.082200 0.120500 0.135900 0.067000 0.060500 0.112800 0.067400 0.098000 0.075700 0.053800 0.039400
KillerWhal 0.236000 0.327500 0.264000 0.000000 0.212500 0.237500 0.221400 0.219400 0.266600 0.247200 0.221800 0.212700 0.228800 0.221000 0.256100 0.222400 0.233300 0.258600 0.213400 0.276100 0.207100 0.240800 0.251600 0.266000 0.221700 0.221500 0.228200 0.264100 0.214500 0.246200 0.246100 0.204400 0.263000 0.229100 0.242200 0.245600 0.221300 0.229500 0.233500 0.281200 0.249400 0.229100 0.247100 0.273900 0.252500 0.210200 0.250600 0.219300 0.259200 0.227500 0.281900 0.300200
DefassaWat 0.060500 0.244300 0.061000 0.212500 0.000000 0.060900 0.033500 0.067800 0.075800 0.083600 0.054400 0.026600 0.053900 0.033400 0.082700 0.054500 0.074900 0.077100 0.040400 0.090800 0.069200 0.061600 0.070400 0.091300 0.054400 0.054300 0.053700 0.061000 0.047600 0.053900 0.083300 0.054200 0.111300 0.054000 0.067000 0.040000 0.047200 0.026600 0.062100 0.105100 0.069800 0.061000 0.083600 0.098400 0.046600 0.039900 0.076200 0.046800 0.062000 0.054500 0.089400 0.089300
Sheep 0.013000 0.276500 0.096300 0.237500 0.060900 0.000000 0.054000 0.074500 0.111900 0.120400 0.033400 0.060800 0.046800 0.053900 0.089600 0.061300 0.096200 0.114000 0.019900 0.127700 0.076100 0.040400 0.107300 0.128600 0.033500 0.061100 0.046700 0.096300 0.054400 0.088900 0.120000 0.075100 0.133300 0.046900 0.046200 0.074500 0.027200 0.067900 0.068900 0.142500 0.114200 0.067800 0.120400 0.135800 0.081100 0.046500 0.083100 0.053500 0.083300 0.090000 0.125600 0.110800
MaxwellsDu 0.053700 0.252400 0.068100 0.221400 0.033500 0.054000 0.000000 0.060800 0.083100 0.083900 0.047600 0.033400 0.047100 0.013300 0.075600 0.047600 0.082200 0.084600 0.033600 0.098300 0.062200 0.054700 0.070700 0.091600 0.047500 0.047400 0.046900 0.068100 0.040800 0.061000 0.083600 0.033600 0.118900 0.047200 0.060200 0.047000 0.040400 0.047200 0.055000 0.105500 0.077500 0.054100 0.083800 0.098700 0.053500 0.033200 0.069100 0.040100 0.055000 0.061700 0.096700 0.096700
GazellaPrz 0.074100 0.294300 0.089000 0.219400 0.067800 0.074500 0.060800 0.000000 0.089800 0.127600 0.054000 0.067600 0.067500 0.060700 0.096600 0.040100 0.074500 0.106000 0.053900 0.075700 0.054300 0.061100 0.114500 0.120400 0.054000 0.026500 0.053400 0.082000 0.033400 0.067600 0.127100 0.082000 0.125500 0.067600 0.080600 0.067000 0.046900 0.081800 0.047300 0.149700 0.121400 0.033100 0.127500 0.127600 0.073800 0.039700 0.061100 0.060300 0.090300 0.082600 0.103400 0.103500
MountainNy 0.111400 0.280700 0.026300 0.266600 0.075800 0.111900 0.083100 0.089800 0.000000 0.137200 0.105500 0.068300 0.104600 0.083000 0.097900 0.091000 0.097200 0.115200 0.090600 0.033500 0.106600 0.113300 0.124000 0.137800 0.105500 0.090700 0.104200 0.026300 0.083900 0.026500 0.136700 0.105200 0.134300 0.104700 0.117800 0.075200 0.097600 0.090200 0.114200 0.152000 0.131000 0.097600 0.137100 0.145100 0.081800 0.075200 0.129200 0.082200 0.114100 0.091100 0.039700 0.040500
MuntiacusM 0.119700 0.277900 0.120500 0.247200 0.083600 0.120400 0.083900 0.127600 0.137200 0.000000 0.106200 0.083500 0.097900 0.090900 0.136300 0.099000 0.095900 0.113800 0.098700 0.153800 0.115100 0.121900 0.027400 0.054700 0.106200 0.113600 0.112500 0.120600 0.106900 0.112800 0.000000 0.105900 0.147800 0.113000 0.126300 0.097700 0.105900 0.098300 0.107400 0.068300 0.041100 0.120600 0.000000 0.061600 0.104400 0.082700 0.137900 0.105000 0.122600 0.083000 0.151200 0.151100
goat 0.033200 0.269700 0.089800 0.221800 0.054400 0.033400 0.047600 0.054000 0.105500 0.106200 0.000000 0.054300 0.040300 0.047400 0.068800 0.054800 0.082400 0.099700 0.013600 0.106100 0.069600 0.020100 0.093100 0.099100 0.000000 0.054600 0.026600 0.089900 0.047900 0.082500 0.105900 0.068700 0.118900 0.040400 0.053500 0.054000 0.006600 0.061400 0.062400 0.128200 0.100000 0.061300 0.106200 0.106200 0.060600 0.040100 0.076600 0.047100 0.076800 0.076100 0.119200 0.119200
AfricanBuf 0.060400 0.251900 0.053700 0.212700 0.026600 0.060800 0.033400 0.067600 0.068300 0.083500 0.054300 0.000000 0.053800 0.033400 0.075100 0.054400 0.074800 0.076900 0.040300 0.075800 0.069100 0.061500 0.070300 0.091100 0.054300 0.054200 0.053600 0.053800 0.047600 0.039900 0.083200 0.040300 0.096600 0.053900 0.066900 0.033100 0.047100 0.040200 0.061900 0.104900 0.077100 0.060900 0.083400 0.098200 0.039600 0.039800 0.076100 0.039800 0.061900 0.054400 0.074600 0.081800
Topi 0.046600 0.276300 0.089100 0.228800 0.053900 0.046800 0.047100 0.067500 0.104600 0.097900 0.040300 0.053800 0.000000 0.047000 0.082400 0.040400 0.074600 0.106400 0.026600 0.120100 0.069000 0.047400 0.084800 0.105800 0.040300 0.054100 0.013100 0.089100 0.047500 0.081800 0.097600 0.068000 0.125800 0.026500 0.039400 0.067500 0.033300 0.060900 0.047700 0.119600 0.091700 0.060800 0.097900 0.112900 0.074000 0.026300 0.075900 0.046700 0.076100 0.082700 0.118200 0.118100
CommonDuik 0.053600 0.251900 0.067900 0.221000 0.033400 0.053900 0.013300 0.060700 0.083000 0.090900 0.047400 0.033400 0.047000 0.000000 0.075400 0.047500 0.082000 0.084400 0.033500 0.098100 0.062000 0.054500 0.077700 0.098700 0.047400 0.047300 0.046800 0.068000 0.040700 0.060800 0.090600 0.033400 0.118600 0.047000 0.060100 0.046800 0.040300 0.047100 0.054900 0.112600 0.084600 0.054000 0.090900 0.105800 0.053400 0.033100 0.068900 0.040000 0.054900 0.061500 0.096500 0.096500
Suni 0.089100 0.261500 0.096800 0.256100 0.082700 0.089600 0.075600 0.096600 0.097900 0.136300 0.068800 0.075100 0.082400 0.075400 0.000000 0.068900 0.096700 0.114600 0.068600 0.120900 0.098800 0.090700 0.123300 0.144600 0.068800 0.082900 0.082100 0.096900 0.062000 0.096600 0.135800 0.097400 0.141300 0.082500 0.095600 0.081900 0.075500 0.097200 0.091300 0.158800 0.130200 0.089800 0.136300 0.152000 0.088600 0.067700 0.105900 0.060700 0.106000 0.105200 0.118900 0.111500
Springbuck 0.061000 0.262300 0.090100 0.222400 0.054500 0.061300 0.047600 0.040100 0.091000 0.099000 0.054800 0.054400 0.040400 0.047500 0.068900 0.000000 0.075400 0.107600 0.040700 0.091500 0.041000 0.062100 0.085800 0.106900 0.054800 0.026800 0.054100 0.082900 0.006700 0.082700 0.098700 0.068800 0.127100 0.054400 0.067500 0.068200 0.047500 0.068600 0.020200 0.120900 0.092700 0.033500 0.099000 0.114100 0.074800 0.026600 0.047800 0.047200 0.076900 0.083700 0.104700 0.104700
Okapi 0.095700 0.280100 0.096300 0.233300 0.074900 0.096200 0.082200 0.074500 0.097200 0.095900 0.082400 0.074800 0.074600 0.082000 0.096700 0.075400 0.000000 0.054000 0.075200 0.112600 0.090600 0.097300 0.083000 0.096000 0.082300 0.075200 0.088600 0.096400 0.082800 0.074700 0.095500 0.103900 0.101100 0.089100 0.108100 0.088700 0.082100 0.089200 0.083300 0.109500 0.089700 0.082000 0.095800 0.102900 0.095300 0.046500 0.112500 0.081500 0.112700 0.074500 0.110800 0.125700
Giraffe 0.113400 0.288600 0.114000 0.258600 0.077100 0.114000 0.084600 0.106000 0.115200 0.113800 0.099700 0.076900 0.106400 0.084400 0.114600 0.107600 0.054000 0.000000 0.092200 0.131400 0.108500 0.115400 0.100600 0.113900 0.099700 0.107100 0.106000 0.114100 0.100300 0.091400 0.113400 0.107000 0.118600 0.106600 0.104800 0.091200 0.099400 0.091800 0.116200 0.127900 0.107600 0.114100 0.113700 0.121100 0.098000 0.090900 0.131400 0.098500 0.100900 0.091200 0.129200 0.144800
TibetanAnt 0.019800 0.261000 0.075300 0.213400 0.040400 0.019900 0.033600 0.053900 0.090600 0.098700 0.013600 0.040300 0.026600 0.033500 0.068600 0.040700 0.075200 0.092200 0.000000 0.105900 0.055200 0.020100 0.085500 0.106600 0.013400 0.040600 0.026600 0.075300 0.033900 0.068100 0.098400 0.054400 0.111700 0.026700 0.039700 0.053900 0.006800 0.047300 0.048000 0.120500 0.092400 0.047300 0.098700 0.113800 0.060500 0.026500 0.062100 0.033300 0.062200 0.068900 0.104200 0.104200
Sitatunga 0.127000 0.282100 0.046800 0.276100 0.090800 0.127700 0.098300 0.075700 0.033500 0.153800 0.106100 0.075800 0.120100 0.098100 0.120900 0.091500 0.112600 0.131400 0.105900 0.000000 0.122400 0.113900 0.140500 0.146300 0.106000 0.091100 0.104700 0.046800 0.084300 0.033400 0.153200 0.120900 0.150500 0.120300 0.133400 0.082600 0.098100 0.105500 0.114700 0.176800 0.147600 0.098000 0.153700 0.153700 0.089300 0.090000 0.129800 0.104500 0.130100 0.106500 0.046700 0.060600
Oribi 0.075700 0.281700 0.105600 0.207100 0.069200 0.076100 0.062200 0.054300 0.106600 0.115100 0.069600 0.069100 0.069000 0.062000 0.098800 0.041000 0.090600 0.108500 0.055200 0.122400 0.000000 0.077100 0.101800 0.115600 0.069600 0.040800 0.068800 0.098300 0.034100 0.098000 0.114600 0.083900 0.128100 0.069000 0.082300 0.083200 0.062100 0.083600 0.048400 0.129700 0.108800 0.047600 0.115000 0.122900 0.089900 0.054400 0.062500 0.061600 0.092300 0.084300 0.135800 0.135700
BarbaryShe 0.040100 0.288800 0.097400 0.240800 0.061600 0.040400 0.054700 0.061100 0.113300 0.121900 0.020100 0.061500 0.047400 0.054500 0.090700 0.062100 0.097300 0.115400 0.020100 0.113900 0.077100 0.000000 0.108800 0.114700 0.020200 0.061800 0.033400 0.097400 0.055100 0.090000 0.121500 0.076000 0.134800 0.047400 0.060500 0.061200 0.013700 0.068700 0.069800 0.144200 0.115700 0.068600 0.121900 0.121900 0.067800 0.047100 0.069700 0.054200 0.084300 0.091100 0.127100 0.127000
Daviddeer 0.106700 0.265200 0.107300 0.251600 0.070400 0.107300 0.070700 0.114500 0.124000 0.027400 0.093100 0.070300 0.084800 0.077700 0.123300 0.085800 0.083000 0.100600 0.085500 0.140500 0.101800 0.108800 0.000000 0.041500 0.093000 0.100400 0.099400 0.107400 0.093600 0.099600 0.027300 0.092700 0.135000 0.099900 0.113400 0.084600 0.092700 0.085100 0.094100 0.055200 0.027700 0.107500 0.027400 0.048400 0.091400 0.069600 0.124600 0.091900 0.109300 0.069900 0.138000 0.137900
Reindeer 0.127800 0.287900 0.128600 0.266000 0.091300 0.128600 0.091600 0.120400 0.137800 0.054700 0.099100 0.091100 0.105800 0.098700 0.144600 0.106900 0.096000 0.113900 0.106600 0.146300 0.115600 0.114700 0.041500 0.000000 0.099000 0.121600 0.105400 0.128700 0.114900 0.120700 0.054600 0.113900 0.148100 0.121100 0.134400 0.090700 0.098800 0.106200 0.115400 0.040200 0.055300 0.128700 0.054700 0.006600 0.097400 0.090300 0.146300 0.112900 0.123400 0.090600 0.159600 0.159500
Ibex 0.033300 0.269400 0.089800 0.221700 0.054400 0.033500 0.047500 0.054000 0.105500 0.106200 0.000000 0.054300 0.040300 0.047400 0.068800 0.054800 0.082300 0.099700 0.013400 0.106000 0.069600 0.020200 0.093000 0.099000 0.000000 0.054500 0.026600 0.089800 0.047900 0.082500 0.105800 0.068600 0.118900 0.040400 0.053500 0.054000 0.006600 0.061400 0.062400 0.128100 0.099900 0.061300 0.106100 0.106100 0.060600 0.040100 0.076600 0.047100 0.076700 0.076100 0.119200 0.119100
GyrantGaze 0.060700 0.278600 0.075400 0.221500 0.054300 0.061100 0.047400 0.026500 0.090700 0.113600 0.054600 0.054200 0.054100 0.047300 0.082900 0.026800 0.075200 0.107100 0.040600 0.091100 0.040800 0.061800 0.100400 0.121600 0.054500 0.000000 0.053900 0.068400 0.020100 0.068200 0.113200 0.068500 0.126600 0.054200 0.067300 0.067900 0.047300 0.068300 0.033900 0.135600 0.107300 0.006600 0.113600 0.128900 0.074500 0.026500 0.047700 0.047000 0.076500 0.068900 0.104400 0.104400
Hartebeest 0.046400 0.275100 0.088800 0.228200 0.053700 0.046700 0.046900 0.053400 0.104200 0.112500 0.026600 0.053600 0.013100 0.046800 0.082100 0.054100 0.088600 0.106000 0.026600 0.104700 0.068800 0.033400 0.099400 0.105400 0.026600 0.053900 0.000000 0.088800 0.047300 0.081500 0.112100 0.067800 0.125300 0.026400 0.039300 0.053400 0.019800 0.060700 0.061600 0.134300 0.106300 0.060600 0.112400 0.112400 0.059900 0.039600 0.075700 0.046500 0.075800 0.082500 0.117800 0.117700
Bongo 0.095800 0.277800 0.013000 0.264100 0.061000 0.096300 0.068100 0.082000 0.026300 0.120600 0.089900 0.053800 0.089100 0.068000 0.096900 0.082900 0.096400 0.114100 0.075300 0.046800 0.098300 0.097400 0.107400 0.128700 0.089800 0.068400 0.088800 0.000000 0.076000 0.026300 0.120100 0.089600 0.133200 0.089200 0.102200 0.060500 0.082300 0.075000 0.090900 0.142600 0.114300 0.075200 0.120500 0.135900 0.067000 0.060500 0.105500 0.067400 0.098100 0.075800 0.054000 0.039400
Gerenuk 0.054200 0.254600 0.083000 0.214500 0.047600 0.054400 0.040800 0.033400 0.083900 0.106900 0.047900 0.047600 0.047500 0.040700 0.062000 0.006700 0.082800 0.100300 0.033900 0.084300 0.034100 0.055100 0.093600 0.114900 0.047900 0.020100 0.047300 0.076000 0.000000 0.075700 0.106500 0.061800 0.119900 0.047500 0.060700 0.061300 0.040700 0.061700 0.027200 0.128900 0.100500 0.026700 0.106800 0.122200 0.067900 0.033400 0.041000 0.040400 0.069800 0.076600 0.097700 0.097600
CommonElan 0.088500 0.277800 0.026300 0.246200 0.053900 0.088900 0.061000 0.067600 0.026500 0.112800 0.082500 0.039900 0.081800 0.060800 0.096600 0.082700 0.074700 0.091400 0.068100 0.033400 0.098000 0.090000 0.099600 0.120700 0.082500 0.068200 0.081500 0.026300 0.075700 0.000000 0.112400 0.082300 0.110600 0.081900 0.094900 0.060300 0.075000 0.067800 0.090700 0.134700 0.106500 0.075000 0.112700 0.127900 0.066900 0.053500 0.105200 0.067300 0.090500 0.068500 0.039600 0.053300
MuntiacusR 0.119300 0.276700 0.120100 0.246100 0.083300 0.120000 0.083600 0.127100 0.136700 0.000000 0.105900 0.083200 0.097600 0.090600 0.135800 0.098700 0.095500 0.113400 0.098400 0.153200 0.114600 0.121500 0.027300 0.054600 0.105800 0.113200 0.112100 0.120100 0.106500 0.112400 0.000000 0.105500 0.147300 0.112600 0.125900 0.097400 0.105500 0.097900 0.107000 0.068000 0.041000 0.120200 0.000100 0.061400 0.104100 0.082400 0.137400 0.104600 0.122100 0.082700 0.150600 0.150500
HarveysDui 0.074700 0.252100 0.089600 0.204400 0.054200 0.075100 0.033600 0.082000 0.105200 0.105900 0.068700 0.040300 0.068000 0.033400 0.097400 0.068800 0.103900 0.107000 0.054400 0.120900 0.083900 0.076000 0.092700 0.113900 0.068600 0.068500 0.067800 0.089600 0.061800 0.082300 0.105500 0.000000 0.126600 0.068100 0.081200 0.067800 0.061300 0.068200 0.076500 0.127800 0.099600 0.075300 0.105800 0.121100 0.074400 0.053700 0.090900 0.060800 0.076500 0.075900 0.118900 0.118900
Pronghorn 0.132600 0.322900 0.133100 0.263000 0.111300 0.133300 0.118900 0.125500 0.134300 0.147800 0.118900 0.096600 0.125800 0.118600 0.141300 0.127100 0.101100 0.118600 0.111700 0.150500 0.128100 0.134800 0.135000 0.148100 0.118900 0.126600 0.125300 0.133200 0.119900 0.110600 0.147300 0.126600 0.000000 0.125900 0.131700 0.125400 0.118800 0.123800 0.135900 0.154400 0.141900 0.133600 0.147800 0.155400 0.132000 0.110300 0.151000 0.117900 0.151100 0.130000 0.155700 0.163600
BlueWildeb 0.046600 0.276600 0.089200 0.229100 0.054000 0.046900 0.047200 0.067600 0.104700 0.113000 0.040400 0.053900 0.026500 0.047000 0.082500 0.054400 0.089100 0.106600 0.026700 0.120300 0.069000 0.047400 0.099900 0.121100 0.040400 0.054200 0.026400 0.089200 0.047500 0.081900 0.112600 0.068100 0.125900 0.000000 0.039500 0.067600 0.033400 0.061000 0.054800 0.119700 0.106800 0.060900 0.113000 0.128300 0.074100 0.039800 0.068800 0.046700 0.076200 0.082900 0.118300 0.118300
Gemsbok 0.046000 0.289600 0.102200 0.242200 0.067000 0.046200 0.060200 0.080600 0.117800 0.126300 0.053500 0.066900 0.039400 0.060100 0.095600 0.067500 0.108100 0.104800 0.039700 0.133400 0.082300 0.060500 0.113400 0.134400 0.053500 0.067300 0.039300 0.102200 0.060700 0.094900 0.125900 0.081200 0.131700 0.039500 0.000000 0.080600 0.046400 0.074000 0.075100 0.132900 0.120200 0.073900 0.126300 0.141600 0.087100 0.052700 0.089200 0.059700 0.089400 0.096000 0.131300 0.116600
Yak 0.074100 0.267800 0.060500 0.245600 0.040000 0.074500 0.047000 0.067000 0.075200 0.097700 0.054000 0.033100 0.067500 0.046800 0.081900 0.068200 0.088700 0.091200 0.053900 0.082600 0.083200 0.061200 0.084600 0.090700 0.054000 0.067900 0.053400 0.060500 0.061300 0.060300 0.097400 0.067800 0.125400 0.067600 0.080600 0.000000 0.046900 0.053700 0.075900 0.119300 0.091400 0.074700 0.097700 0.097700 0.006500 0.053200 0.090200 0.033000 0.075800 0.068200 0.095700 0.088600
BlueSheep 0.027000 0.268800 0.082200 0.221300 0.047200 0.027200 0.040400 0.046900 0.097600 0.105900 0.006600 0.047100 0.033300 0.040300 0.075500 0.047500 0.082100 0.099400 0.006800 0.098100 0.062100 0.013700 0.092700 0.098800 0.006600 0.047300 0.019800 0.082300 0.040700 0.075000 0.105500 0.061300 0.118800 0.033400 0.046400 0.046900 0.000000 0.054100 0.055000 0.127800 0.099600 0.054100 0.105800 0.105900 0.053400 0.033100 0.069000 0.040000 0.069200 0.075900 0.111200 0.111200
BohorReedb 0.067500 0.252900 0.075000 0.229500 0.026600 0.067900 0.047200 0.081800 0.090200 0.098300 0.061400 0.040200 0.060900 0.047100 0.097200 0.068600 0.089200 0.091800 0.047300 0.105500 0.083600 0.068700 0.085100 0.106200 0.061400 0.068300 0.060700 0.075000 0.061700 0.067800 0.097900 0.068200 0.123800 0.061000 0.074000 0.053700 0.054100 0.000000 0.076400 0.119100 0.084400 0.075100 0.098200 0.106000 0.060300 0.053500 0.090700 0.060600 0.076300 0.068600 0.103800 0.103800
KirksDik 0.068500 0.291900 0.098200 0.233500 0.062100 0.068900 0.055000 0.047300 0.114200 0.107400 0.062400 0.061900 0.047700 0.054900 0.091300 0.020200 0.083300 0.116200 0.048000 0.114700 0.048400 0.069800 0.094100 0.115400 0.062400 0.033900 0.061600 0.090900 0.027200 0.090700 0.107000 0.076500 0.135900 0.054800 0.075100 0.075900 0.055000 0.076400 0.000000 0.129600 0.101000 0.040600 0.107300 0.122700 0.082600 0.033600 0.041200 0.054600 0.084900 0.091700 0.128100 0.128100
RoeDeer 0.141600 0.284800 0.142600 0.281200 0.105100 0.142500 0.105500 0.149700 0.152000 0.068300 0.128200 0.104900 0.119600 0.112600 0.158800 0.120900 0.109500 0.127900 0.120500 0.176800 0.129700 0.144200 0.055200 0.040200 0.128100 0.135600 0.134300 0.142600 0.128900 0.134700 0.068000 0.127800 0.154400 0.119700 0.132900 0.119300 0.127800 0.119100 0.129600 0.000000 0.069000 0.142700 0.068200 0.047000 0.126100 0.104000 0.160500 0.126700 0.145100 0.104400 0.173800 0.173600
WhiteLippe 0.113500 0.262900 0.114300 0.249400 0.069800 0.114200 0.077500 0.121400 0.131000 0.041100 0.100000 0.077100 0.091700 0.084600 0.130200 0.092700 0.089700 0.107600 0.092400 0.147600 0.108800 0.115700 0.027700 0.055300 0.099900 0.107300 0.106300 0.114300 0.100500 0.106500 0.041000 0.099600 0.141900 0.106800 0.120200 0.091400 0.099600 0.084400 0.101000 0.069000 0.000000 0.114400 0.041100 0.062200 0.098200 0.076400 0.131700 0.098700 0.116300 0.076700 0.145000 0.144900
ThomsonGaz 0.067400 0.286200 0.082200 0.229100 0.061000 0.067800 0.054100 0.033100 0.097600 0.120600 0.061300 0.060900 0.060800 0.054000 0.089800 0.033500 0.082000 0.114100 0.047300 0.098000 0.047600 0.068600 0.107500 0.128700 0.061300 0.006600 0.060600 0.075200 0.026700 0.075000 0.120200 0.075300 0.133600 0.060900 0.073900 0.074700 0.054100 0.075100 0.040600 0.142700 0.114400 0.000000 0.120600 0.136000 0.081200 0.033100 0.054400 0.053700 0.083400 0.075800 0.111300 0.111300
MuntiacusC 0.119700 0.277800 0.120500 0.247100 0.083600 0.120400 0.083800 0.127500 0.137100 0.000000 0.106200 0.083400 0.097900 0.090900 0.136300 0.099000 0.095800 0.113700 0.098700 0.153700 0.115000 0.121900 0.027400 0.054700 0.106100 0.113600 0.112400 0.120500 0.106800 0.112700 0.000100 0.105800 0.147800 0.113000 0.126300 0.097700 0.105800 0.098200 0.107300 0.068200 0.041100 0.120600 0.000000 0.061600 0.104400 0.082700 0.137800 0.105000 0.122500 0.083000 0.151100 0.151000
WhiteTaile 0.135000 0.295600 0.135900 0.273900 0.098400 0.135800 0.098700 0.127600 0.145100 0.061600 0.106200 0.098200 0.112900 0.105800 0.152000 0.114100 0.102900 0.121100 0.113800 0.153700 0.122900 0.121900 0.048400 0.006600 0.106100 0.128900 0.112400 0.135900 0.122200 0.127900 0.061400 0.121100 0.155400 0.128300 0.141600 0.097700 0.105900 0.106000 0.122700 0.047000 0.062200 0.136000 0.061600 0.000000 0.104400 0.097300 0.153700 0.120000 0.130700 0.097600 0.167100 0.166900
Cattle 0.080700 0.274600 0.067000 0.252500 0.046600 0.081100 0.053500 0.073800 0.081800 0.104400 0.060600 0.039600 0.074000 0.053400 0.088600 0.074800 0.095300 0.098000 0.060500 0.089300 0.089900 0.067800 0.091400 0.097400 0.060600 0.074500 0.059900 0.067000 0.067900 0.066900 0.104100 0.074400 0.132000 0.074100 0.087100 0.006500 0.053400 0.060300 0.082600 0.126100 0.098200 0.081200 0.104400 0.104400 0.000000 0.059700 0.096800 0.039400 0.082500 0.074900 0.102300 0.095100
RoyalAntel 0.046300 0.275000 0.060500 0.210200 0.039900 0.046500 0.033200 0.039700 0.075200 0.082700 0.040100 0.039800 0.026300 0.033100 0.067700 0.026600 0.046500 0.090900 0.026500 0.090000 0.054400 0.047100 0.069600 0.090300 0.040100 0.026500 0.039600 0.060500 0.033400 0.053500 0.082400 0.053700 0.110300 0.039800 0.052700 0.053200 0.033100 0.053500 0.033600 0.104000 0.076400 0.033100 0.082700 0.097300 0.059700 0.000000 0.061300 0.032900 0.061300 0.054000 0.088600 0.088600
Steenbok 0.082700 0.309200 0.112800 0.250600 0.076200 0.083100 0.069100 0.061100 0.129200 0.137900 0.076600 0.076100 0.075900 0.068900 0.105900 0.047800 0.112500 0.131400 0.062100 0.129800 0.062500 0.069700 0.124600 0.146300 0.076600 0.047700 0.075700 0.105500 0.041000 0.105200 0.137400 0.090900 0.151000 0.068800 0.089200 0.090200 0.069000 0.090700 0.041200 0.160500 0.131700 0.054400 0.137800 0.153700 0.096800 0.061300 0.000000 0.068500 0.099500 0.106400 0.143200 0.143100
Impala 0.053300 0.276000 0.067400 0.219300 0.046800 0.053500 0.040100 0.060300 0.082200 0.105000 0.047100 0.039800 0.046700 0.040000 0.060700 0.047200 0.081500 0.098500 0.033300 0.104500 0.061600 0.054200 0.091900 0.112900 0.047100 0.047000 0.046500 0.067400 0.040400 0.067300 0.104600 0.060800 0.117900 0.046700 0.059700 0.033000 0.040000 0.060600 0.054600 0.126700 0.098700 0.053700 0.105000 0.120000 0.039400 0.032900 0.068500 0.000000 0.068600 0.075300 0.102900 0.095700
Klipspring 0.082800 0.308600 0.098000 0.259200 0.062000 0.083300 0.055000 0.090300 0.114100 0.122600 0.076800 0.061900 0.076100 0.054900 0.106000 0.076900 0.112700 0.100900 0.062200 0.130100 0.092300 0.084300 0.109300 0.123400 0.076700 0.076500 0.075800 0.098100 0.069800 0.090500 0.122100 0.076500 0.151100 0.076200 0.089400 0.075800 0.069200 0.076300 0.084900 0.145100 0.116300 0.083400 0.122500 0.130700 0.082500 0.061300 0.099500 0.068600 0.000000 0.091600 0.127900 0.127900
ForestMusk 0.089500 0.257900 0.075700 0.227500 0.054500 0.090000 0.061700 0.082600 0.091100 0.083000 0.076100 0.054400 0.082700 0.061500 0.105200 0.083700 0.074500 0.091200 0.068900 0.106500 0.084300 0.091100 0.069900 0.090600 0.076100 0.068900 0.082500 0.075800 0.076600 0.068500 0.082700 0.075900 0.130000 0.082900 0.096000 0.068200 0.075900 0.068600 0.091700 0.104400 0.076700 0.075800 0.083000 0.097600 0.074900 0.054000 0.106400 0.075300 0.091600 0.000000 0.104800 0.104700
Bushbuck 0.125000 0.287600 0.053800 0.281900 0.089400 0.125600 0.096700 0.103400 0.039700 0.151200 0.119200 0.074600 0.118200 0.096500 0.118900 0.104700 0.110800 0.129200 0.104200 0.046700 0.135800 0.127100 0.138000 0.159600 0.119200 0.104400 0.117800 0.054000 0.097700 0.039600 0.150600 0.118900 0.155700 0.118300 0.131300 0.095700 0.111200 0.103800 0.128100 0.173800 0.145000 0.111300 0.151100 0.167100 0.102300 0.088600 0.143200 0.102900 0.127900 0.104800 0.000000 0.059800
GreaterKud 0.110200 0.277600 0.039400 0.300200 0.089300 0.110800 0.096700 0.103500 0.040500 0.151100 0.119200 0.081800 0.118100 0.096500 0.111500 0.104700 0.125700 0.144800 0.104200 0.060600 0.135700 0.127000 0.137900 0.159500 0.119100 0.104400 0.117700 0.039400 0.097600 0.053300 0.150500 0.118900 0.163600 0.118300 0.116600 0.088600 0.111200 0.103800 0.128100 0.173600 0.144900 0.111300 0.151000 0.166900 0.095100 0.088600 0.143100 0.095700 0.127900 0.104700 0.059800 0.000000
