1
52 1
Argali 0.000000 0.365400 0.063900 0.279300 0.058100 0.000000 0.058300 0.047500 0.075100 0.092000 0.015400 0.080700 0.058500 0.053000 0.065000 0.052800 0.103200 0.097900 0.031300 0.069800 0.047500 0.020600 0.086800 0.085900 0.000000 0.036500 0.058300 0.080900 0.068900 0.075300 0.103600 0.064400 0.114500 0.058200 0.036700 0.063600 0.005100 0.074800 0.086900 0.091200 0.080700 0.047100 0.075400 0.080100 0.058000 0.042000 0.041900 0.064100 0.042000 0.064100 0.063900 0.075300
LesserMous 0.365400 0.000000 0.382400 0.435700 0.341900 0.365400 0.366300 0.374900 0.399000 0.376500 0.349200 0.408500 0.367800 0.368100 0.359500 0.366700 0.392300 0.354200 0.358200 0.399900 0.368200 0.381700 0.351400 0.350200 0.365500 0.357400 0.365300 0.400700 0.349600 0.400200 0.360700 0.389000 0.414800 0.349300 0.341500 0.382600 0.357200 0.366200 0.370900 0.329900 0.356900 0.348100 0.378400 0.357000 0.372200 0.336100 0.366100 0.388500 0.366500 0.384100 0.382200 0.401400
LesserKudu 0.063900 0.382400 0.000000 0.254300 0.058600 0.063900 0.058300 0.037100 0.010400 0.092600 0.069500 0.036800 0.075700 0.052500 0.052900 0.047800 0.110100 0.098800 0.064300 0.005200 0.047000 0.063900 0.099100 0.086600 0.063900 0.046700 0.075300 0.015700 0.069500 0.010400 0.104300 0.064100 0.127000 0.075300 0.058700 0.020700 0.058400 0.064000 0.087600 0.097700 0.081300 0.058500 0.075900 0.092200 0.015500 0.042300 0.041200 0.053600 0.053300 0.064600 0.000000 0.010400
KillerWhal 0.279300 0.435700 0.254300 0.000000 0.258400 0.279300 0.260200 0.232600 0.269300 0.289800 0.287200 0.283300 0.298100 0.246500 0.248200 0.245400 0.286200 0.257800 0.252000 0.263700 0.262100 0.294500 0.274300 0.265300 0.279500 0.259300 0.296200 0.263000 0.280200 0.255200 0.282200 0.261400 0.309800 0.295700 0.266000 0.266000 0.272200 0.281900 0.300400 0.285000 0.251300 0.258800 0.268600 0.288100 0.258700 0.245200 0.252300 0.255000 0.252800 0.268100 0.254100 0.261000
DefassaWat 0.058100 0.341900 0.058600 0.258400 0.000000 0.058100 0.031400 0.042200 0.058600 0.075200 0.052600 0.075100 0.058600 0.036900 0.048400 0.042100 0.091900 0.092400 0.047400 0.064400 0.031500 0.069100 0.081300 0.080500 0.058100 0.042000 0.047400 0.064300 0.052600 0.069900 0.075200 0.047900 0.097100 0.047400 0.052900 0.058200 0.052600 0.025500 0.058900 0.091500 0.075200 0.041900 0.064400 0.086000 0.052600 0.031400 0.036600 0.058700 0.047500 0.058700 0.058500 0.069800
Sheep 0.000000 0.365400 0.063900 0.279300 0.058100 0.000000 0.058300 0.047500 0.075100 0.092000 0.015400 0.080700 0.058500 0.053000 0.065000 0.052800 0.103200 0.097900 0.031300 0.069800 0.047500 0.020600 0.086800 0.085900 0.000000 0.036500 0.058300 0.080900 0.068900 0.075300 0.103600 0.064400 0.114500 0.058200 0.036700 0.063600 0.005100 0.074800 0.086900 0.091200 0.080700 0.047100 0.075400 0.080100 0.058000 0.042000 0.041900 0.064100 0.042000 0.064100 0.063900 0.075300
MaxwellsDu 0.058300 0.366300 0.058300 0.260200 0.031400 0.058300 0.000000 0.036900 0.069100 0.074800 0.052800 0.075000 0.069900 0.005200 0.048600 0.036800 0.092300 0.092200 0.047400 0.063600 0.031600 0.069300 0.086400 0.080200 0.058200 0.042100 0.069600 0.075200 0.052800 0.063800 0.074700 0.020900 0.108600 0.058400 0.053100 0.058400 0.052800 0.058500 0.070300 0.091000 0.069800 0.052900 0.063800 0.085900 0.052800 0.036800 0.036800 0.053300 0.042200 0.058200 0.058000 0.063800
GazellaPrz 0.047500 0.374900 0.037100 0.232600 0.042200 0.047500 0.036900 0.000000 0.048000 0.075600 0.053000 0.064500 0.059000 0.031700 0.053900 0.010400 0.092700 0.081600 0.042300 0.042700 0.026100 0.058500 0.075300 0.069700 0.047500 0.020900 0.058700 0.053700 0.042100 0.037200 0.087100 0.042700 0.109500 0.058600 0.042300 0.047600 0.042100 0.058700 0.059300 0.080700 0.058300 0.031400 0.059200 0.075300 0.042200 0.026200 0.015600 0.026400 0.026200 0.048000 0.037100 0.048100
MountainNy 0.075100 0.399000 0.010400 0.269300 0.058600 0.075100 0.069100 0.048000 0.000000 0.104200 0.080700 0.047600 0.087100 0.063500 0.064100 0.058800 0.121900 0.110500 0.075500 0.015700 0.057900 0.075100 0.110900 0.098100 0.075100 0.057500 0.075400 0.026300 0.080700 0.021000 0.116200 0.075200 0.139000 0.086700 0.069800 0.031300 0.069500 0.064100 0.087700 0.109400 0.092800 0.069600 0.087300 0.103800 0.026000 0.053300 0.051900 0.064700 0.064400 0.075800 0.010400 0.020900
MuntiacusM 0.092000 0.376500 0.092600 0.289800 0.075200 0.092000 0.074800 0.075600 0.104200 0.000000 0.097700 0.109900 0.104400 0.069500 0.094100 0.075400 0.121400 0.110100 0.092400 0.098800 0.075600 0.103400 0.048000 0.036700 0.092000 0.075200 0.103900 0.110400 0.086200 0.104500 0.020700 0.081300 0.138700 0.092300 0.086700 0.092000 0.086200 0.103800 0.116800 0.047300 0.031500 0.086300 0.010300 0.042000 0.086200 0.069800 0.069600 0.092900 0.081100 0.081200 0.092500 0.104500
goat 0.015400 0.349200 0.069500 0.287200 0.052600 0.015400 0.052800 0.053000 0.080700 0.097700 0.000000 0.086300 0.064000 0.058500 0.059300 0.058300 0.097400 0.103700 0.036600 0.075400 0.042100 0.025700 0.092500 0.091600 0.015400 0.041800 0.063700 0.086600 0.063400 0.080900 0.097700 0.069900 0.097100 0.063700 0.042000 0.069100 0.010100 0.069100 0.069900 0.102500 0.086300 0.052500 0.081000 0.085700 0.063500 0.036700 0.047300 0.069600 0.047400 0.069600 0.069400 0.080900
AfricanBuf 0.080700 0.408500 0.036800 0.283300 0.075100 0.080700 0.075000 0.064500 0.047600 0.109900 0.086300 0.000000 0.092800 0.069100 0.069700 0.075400 0.127700 0.116200 0.081100 0.037000 0.063700 0.092000 0.116600 0.103700 0.080600 0.063300 0.092300 0.053200 0.086200 0.047700 0.121900 0.081200 0.145100 0.092300 0.075400 0.036500 0.075000 0.080700 0.104900 0.126900 0.098500 0.075000 0.093000 0.109400 0.031200 0.058700 0.057700 0.081500 0.069900 0.081400 0.036800 0.047700
Topi 0.058500 0.367800 0.075700 0.298100 0.058600 0.058500 0.069900 0.059000 0.087100 0.104400 0.064000 0.092800 0.000000 0.064600 0.077000 0.058500 0.121800 0.110500 0.058800 0.081700 0.059000 0.064000 0.093400 0.098100 0.058500 0.053100 0.010100 0.081700 0.080700 0.087300 0.116300 0.076200 0.127200 0.010300 0.047600 0.075300 0.053000 0.064300 0.099300 0.103600 0.092900 0.064000 0.087500 0.086600 0.069500 0.047800 0.053200 0.064600 0.058800 0.075900 0.075600 0.087300
CommonDuik 0.053000 0.368100 0.052500 0.246500 0.036900 0.053000 0.005200 0.031700 0.063500 0.069500 0.058500 0.069100 0.064600 0.000000 0.053900 0.031600 0.098500 0.086800 0.042200 0.058200 0.037100 0.064000 0.081000 0.074800 0.053000 0.036900 0.064300 0.069500 0.047600 0.058100 0.080800 0.015700 0.115000 0.053200 0.047800 0.053100 0.047600 0.064300 0.076300 0.085700 0.064500 0.047600 0.058400 0.080600 0.047600 0.031600 0.031500 0.048100 0.037000 0.052600 0.052300 0.058100
Suni 0.065000 0.359500 0.052900 0.248200 0.048400 0.065000 0.048600 0.053900 0.064100 0.094100 0.059300 0.069700 0.077000 0.053900 0.000000 0.059800 0.087700 0.088200 0.065400 0.058700 0.037300 0.076300 0.099800 0.082200 0.065000 0.048400 0.076600 0.070200 0.070600 0.064400 0.094200 0.066000 0.117200 0.076500 0.059700 0.052400 0.059400 0.053900 0.077400 0.111100 0.081900 0.059400 0.077100 0.087900 0.046800 0.043000 0.042900 0.065800 0.054200 0.065700 0.052700 0.064400
Springbuck 0.052800 0.366700 0.047800 0.245400 0.042100 0.052800 0.036800 0.010400 0.058800 0.075400 0.058300 0.075400 0.058500 0.031600 0.059800 0.000000 0.103900 0.092800 0.047600 0.053500 0.031600 0.063800 0.075800 0.080700 0.052800 0.026100 0.058200 0.064600 0.042000 0.047900 0.086900 0.042600 0.120900 0.047300 0.053100 0.058400 0.047400 0.069600 0.070400 0.074900 0.064200 0.036700 0.064600 0.080700 0.052800 0.036900 0.026100 0.037000 0.031500 0.058900 0.047800 0.059000
Okapi 0.103200 0.392300 0.110100 0.286200 0.091900 0.103200 0.092300 0.092700 0.121900 0.121400 0.097400 0.127700 0.121800 0.098500 0.087700 0.103900 0.000000 0.063600 0.109700 0.116500 0.081100 0.114800 0.128200 0.115000 0.103200 0.092000 0.121200 0.128300 0.114800 0.122300 0.121500 0.110700 0.126400 0.121100 0.103700 0.109400 0.097400 0.109400 0.122500 0.138300 0.109800 0.103300 0.104300 0.120800 0.103400 0.086600 0.086400 0.110200 0.098100 0.104100 0.110000 0.122300
Giraffe 0.097900 0.354200 0.098800 0.257800 0.092400 0.097900 0.092200 0.081600 0.110500 0.110100 0.103700 0.116200 0.110500 0.086800 0.088200 0.092800 0.063600 0.000000 0.098500 0.105100 0.081600 0.109500 0.116800 0.081000 0.097900 0.081100 0.110000 0.116800 0.103700 0.110900 0.110300 0.099000 0.127100 0.109800 0.081200 0.098200 0.092200 0.110000 0.123200 0.126900 0.098600 0.092300 0.093200 0.109600 0.092200 0.075700 0.075500 0.099000 0.087100 0.093000 0.098700 0.110800
TibetanAnt 0.031300 0.358200 0.064300 0.252000 0.047400 0.031300 0.047400 0.042300 0.075500 0.092400 0.036600 0.081100 0.058800 0.042200 0.065400 0.047600 0.109700 0.098500 0.000000 0.070200 0.047800 0.042000 0.081400 0.086400 0.031300 0.036700 0.058500 0.070100 0.069300 0.070000 0.104100 0.052800 0.103300 0.058500 0.036800 0.063900 0.026000 0.064000 0.087400 0.097300 0.075400 0.036600 0.075800 0.080500 0.058300 0.042200 0.042100 0.058800 0.036800 0.064400 0.064300 0.075700
Sitatunga 0.069800 0.399900 0.005200 0.263700 0.064400 0.069800 0.063600 0.042700 0.015700 0.098800 0.075400 0.037000 0.081700 0.058200 0.058700 0.053500 0.116500 0.105100 0.070200 0.000000 0.052500 0.069800 0.105400 0.092700 0.069800 0.052200 0.081300 0.021100 0.075400 0.015700 0.110700 0.069900 0.133600 0.081300 0.064500 0.026100 0.064200 0.069900 0.093900 0.104000 0.087400 0.064300 0.081900 0.098400 0.020800 0.048000 0.046600 0.059400 0.059100 0.070000 0.005200 0.015700
Oribi 0.047500 0.368200 0.047000 0.262100 0.031500 0.047500 0.031600 0.026100 0.057900 0.075600 0.042100 0.063700 0.059000 0.037100 0.037300 0.031600 0.081100 0.081600 0.047800 0.052500 0.000000 0.058400 0.081100 0.069800 0.047500 0.020900 0.058700 0.063900 0.042100 0.058200 0.075700 0.048200 0.097800 0.058600 0.042300 0.046500 0.042100 0.047700 0.048200 0.092000 0.063900 0.031400 0.059200 0.069500 0.041100 0.026200 0.015600 0.048100 0.037000 0.048000 0.046800 0.052400
BarbaryShe 0.020600 0.381700 0.063900 0.294500 0.069100 0.020600 0.069300 0.058500 0.075100 0.103400 0.025700 0.092000 0.064000 0.064000 0.076300 0.063800 0.114800 0.109500 0.042000 0.069800 0.058400 0.000000 0.098200 0.097300 0.020200 0.047200 0.069300 0.081000 0.068900 0.075300 0.115200 0.075600 0.126200 0.069200 0.036600 0.074600 0.015400 0.074700 0.098400 0.108300 0.092000 0.057900 0.086700 0.091400 0.069000 0.052900 0.052700 0.075200 0.052800 0.075200 0.063900 0.075300
Daviddeer 0.086800 0.351400 0.099100 0.274300 0.081300 0.086800 0.086400 0.075300 0.110900 0.048000 0.092500 0.116600 0.093400 0.081000 0.099800 0.075800 0.128200 0.116800 0.081400 0.105400 0.081100 0.098200 0.000000 0.042400 0.086800 0.070000 0.092900 0.117200 0.098200 0.099200 0.059100 0.093100 0.145800 0.092800 0.093000 0.098500 0.081000 0.098700 0.123700 0.042000 0.015500 0.081100 0.042700 0.036900 0.092500 0.064700 0.075800 0.087500 0.064500 0.087500 0.099000 0.111200
Reindeer 0.085900 0.350200 0.086600 0.265300 0.080500 0.085900 0.080200 0.069700 0.098100 0.036700 0.091600 0.103700 0.098100 0.074800 0.082200 0.080700 0.115000 0.081000 0.086400 0.092700 0.069800 0.097300 0.042400 0.000000 0.085900 0.069300 0.097700 0.104200 0.091500 0.098400 0.036800 0.086700 0.132100 0.097600 0.069500 0.086100 0.080300 0.097700 0.110500 0.052500 0.026100 0.080300 0.031500 0.026000 0.080300 0.064000 0.063900 0.086800 0.075200 0.075300 0.086500 0.098400
Ibex 0.000000 0.365500 0.063900 0.279500 0.058100 0.000000 0.058200 0.047500 0.075100 0.092000 0.015400 0.080600 0.058500 0.053000 0.065000 0.052800 0.103200 0.097900 0.031300 0.069800 0.047500 0.020200 0.086800 0.085900 0.000000 0.036500 0.058200 0.080900 0.068900 0.075300 0.103600 0.064400 0.114500 0.058200 0.036700 0.063600 0.005000 0.074700 0.086900 0.091200 0.080700 0.047100 0.075400 0.080100 0.058000 0.042000 0.041900 0.064100 0.042000 0.064100 0.063900 0.075300
GyrantGaze 0.036500 0.357400 0.046700 0.259300 0.042000 0.036500 0.042100 0.020900 0.057500 0.075200 0.041800 0.063300 0.053100 0.036900 0.048400 0.026100 0.092000 0.081100 0.036700 0.052200 0.020900 0.047200 0.070000 0.069300 0.036500 0.000000 0.052900 0.063400 0.041900 0.057800 0.086600 0.047900 0.108900 0.052800 0.042100 0.046200 0.031200 0.058300 0.059000 0.080100 0.064100 0.010300 0.058800 0.063700 0.040800 0.026100 0.015500 0.047700 0.026100 0.047700 0.046400 0.057700
Hartebeest 0.058300 0.365300 0.075300 0.296200 0.047400 0.058300 0.069600 0.058700 0.075400 0.103900 0.063700 0.092300 0.010100 0.064300 0.076600 0.058200 0.121200 0.110000 0.058500 0.081300 0.058700 0.069300 0.092900 0.097700 0.058200 0.052900 0.000000 0.081300 0.080400 0.086900 0.115700 0.075900 0.126600 0.010200 0.052900 0.074900 0.052800 0.053000 0.087300 0.103100 0.092400 0.063700 0.087100 0.086200 0.069200 0.047600 0.052900 0.064300 0.058500 0.075500 0.075300 0.086900
Bongo 0.080900 0.400700 0.015700 0.263000 0.064300 0.080900 0.075200 0.053700 0.026300 0.110400 0.086600 0.053200 0.081700 0.069500 0.070200 0.064600 0.128300 0.116800 0.070100 0.021100 0.063900 0.081000 0.117200 0.104200 0.080900 0.063400 0.081300 0.000000 0.086700 0.025900 0.122500 0.081400 0.133400 0.081200 0.075700 0.036700 0.075300 0.069800 0.105500 0.115600 0.098900 0.064200 0.093400 0.110000 0.031300 0.059000 0.057900 0.059300 0.070200 0.081800 0.015700 0.025700
Gerenuk 0.068900 0.349600 0.069500 0.280200 0.052600 0.068900 0.052800 0.042100 0.080700 0.086200 0.063400 0.086200 0.080700 0.047600 0.070600 0.042000 0.114800 0.103700 0.069300 0.075400 0.042100 0.068900 0.098200 0.091500 0.068900 0.041900 0.080400 0.086700 0.000000 0.080900 0.097800 0.058800 0.120100 0.069200 0.063700 0.069000 0.063400 0.069200 0.058800 0.085600 0.080600 0.041800 0.075400 0.097200 0.063400 0.026000 0.036500 0.058500 0.058300 0.069600 0.069400 0.080900
CommonElan 0.075300 0.400200 0.010400 0.255200 0.069900 0.075300 0.063800 0.037200 0.021000 0.104500 0.080900 0.047700 0.087300 0.058100 0.064400 0.047900 0.122300 0.110900 0.070000 0.015700 0.058200 0.075300 0.099200 0.098400 0.075300 0.057800 0.086900 0.025900 0.080900 0.000000 0.116500 0.069700 0.139400 0.086900 0.070000 0.031400 0.069700 0.075400 0.099600 0.109600 0.081500 0.069800 0.087600 0.104100 0.026000 0.053400 0.052200 0.053700 0.053400 0.076000 0.010400 0.020900
MuntiacusR 0.103600 0.360700 0.104300 0.282200 0.075200 0.103600 0.074700 0.087100 0.116200 0.020700 0.097700 0.121900 0.116300 0.080800 0.094200 0.086900 0.121500 0.110300 0.104100 0.110700 0.075700 0.115200 0.059100 0.036800 0.103600 0.086600 0.115700 0.122500 0.097800 0.116500 0.000000 0.092800 0.138800 0.103900 0.098200 0.103700 0.097800 0.103900 0.105000 0.058300 0.042300 0.097900 0.020800 0.053000 0.097700 0.081200 0.081000 0.104600 0.092700 0.092800 0.104300 0.116500
HarveysDui 0.064400 0.389000 0.064100 0.261400 0.047900 0.064400 0.020900 0.042700 0.075200 0.081300 0.069900 0.081200 0.076200 0.015700 0.066000 0.042600 0.110700 0.099000 0.052800 0.069900 0.048200 0.075600 0.093100 0.086700 0.064400 0.047900 0.075900 0.081400 0.058800 0.069700 0.092800 0.000000 0.127700 0.064600 0.059100 0.064500 0.058800 0.075900 0.088200 0.097700 0.076100 0.058900 0.070100 0.092500 0.058800 0.042600 0.042500 0.059400 0.048100 0.064200 0.063900 0.063700
Pronghorn 0.114500 0.414800 0.127000 0.309800 0.097100 0.114500 0.108600 0.109500 0.139000 0.138700 0.097100 0.145100 0.127200 0.115000 0.117200 0.120900 0.126400 0.127100 0.103300 0.133600 0.097800 0.126200 0.145800 0.132100 0.114500 0.108900 0.126600 0.133400 0.120100 0.139400 0.138800 0.127700 0.000000 0.126500 0.109200 0.114500 0.108600 0.103000 0.127800 0.143600 0.126900 0.108500 0.121500 0.126100 0.108500 0.092000 0.103200 0.127400 0.115100 0.121100 0.126900 0.139500
BlueWildeb 0.058200 0.349300 0.075300 0.295700 0.047400 0.058200 0.058400 0.058600 0.086700 0.092300 0.063700 0.092300 0.010300 0.053200 0.076500 0.047300 0.121100 0.109800 0.058500 0.081300 0.058600 0.069200 0.092800 0.097600 0.058200 0.052800 0.010200 0.081200 0.069200 0.086900 0.103900 0.064600 0.126500 0.000000 0.052800 0.074900 0.052700 0.063900 0.098700 0.091600 0.092300 0.063600 0.081300 0.086100 0.069200 0.047600 0.052800 0.064200 0.058500 0.075400 0.075300 0.086900
Gemsbok 0.036700 0.341500 0.058700 0.266000 0.052900 0.036700 0.053100 0.042300 0.069800 0.086700 0.042000 0.075400 0.047600 0.047800 0.059700 0.053100 0.103700 0.081200 0.036800 0.064500 0.042300 0.036600 0.093000 0.069500 0.036700 0.042100 0.052900 0.075700 0.063700 0.070000 0.098200 0.059100 0.109200 0.052800 0.000000 0.058400 0.031300 0.069500 0.086500 0.103200 0.075400 0.052800 0.070100 0.086200 0.052800 0.036800 0.036700 0.058800 0.047700 0.058800 0.058600 0.070000
Yak 0.063600 0.382600 0.020700 0.266000 0.058200 0.063600 0.058400 0.047600 0.031300 0.092000 0.069100 0.036500 0.075300 0.053100 0.052400 0.058400 0.109400 0.098200 0.063900 0.026100 0.046500 0.074600 0.098500 0.086100 0.063600 0.046200 0.074900 0.036700 0.069000 0.031400 0.103700 0.064500 0.114500 0.074900 0.058400 0.000000 0.058100 0.063600 0.087100 0.108800 0.080800 0.058100 0.075300 0.091700 0.005100 0.042100 0.040700 0.064200 0.053000 0.064200 0.020700 0.031400
BlueSheep 0.005100 0.357200 0.058400 0.272200 0.052600 0.005100 0.052800 0.042100 0.069500 0.086200 0.010100 0.075000 0.053000 0.047600 0.059400 0.047400 0.097400 0.092200 0.026000 0.064200 0.042100 0.015400 0.081000 0.080300 0.005000 0.031200 0.052800 0.075300 0.063400 0.069700 0.097800 0.058800 0.108600 0.052700 0.031300 0.058100 0.000000 0.069200 0.081200 0.091200 0.075100 0.041700 0.069800 0.074500 0.052500 0.036700 0.036600 0.058500 0.036600 0.058500 0.058400 0.069700
BohorReedb 0.074800 0.366200 0.064000 0.281900 0.025500 0.074800 0.058500 0.058700 0.064100 0.103800 0.069100 0.080700 0.064300 0.064300 0.053900 0.069600 0.109400 0.110000 0.064000 0.069900 0.047700 0.074700 0.098700 0.097700 0.074700 0.058300 0.053000 0.069800 0.069200 0.075400 0.103900 0.075900 0.103000 0.063900 0.069500 0.063600 0.069200 0.000000 0.075900 0.108900 0.092400 0.058200 0.087000 0.091900 0.058100 0.047600 0.052900 0.075500 0.064100 0.075500 0.064000 0.075400
KirksDik 0.086900 0.370900 0.087600 0.300400 0.058900 0.086900 0.070300 0.059300 0.087700 0.116800 0.069900 0.104900 0.099300 0.076300 0.077400 0.070400 0.122500 0.123200 0.087400 0.093900 0.048200 0.098400 0.123700 0.110500 0.086900 0.059000 0.087300 0.105500 0.058800 0.099600 0.105000 0.088200 0.127800 0.098700 0.086500 0.087100 0.081200 0.075900 0.000000 0.133800 0.105100 0.070000 0.099700 0.116300 0.081200 0.053600 0.053500 0.076300 0.076100 0.087800 0.087600 0.099600
RoeDeer 0.091200 0.329900 0.097700 0.285000 0.091500 0.091200 0.091000 0.080700 0.109400 0.047300 0.102500 0.126900 0.103600 0.085700 0.111100 0.074900 0.138300 0.126900 0.097300 0.104000 0.092000 0.108300 0.042000 0.052500 0.091200 0.080100 0.103100 0.115600 0.085600 0.109600 0.058300 0.097700 0.143600 0.091600 0.103200 0.108800 0.091200 0.108900 0.133800 0.000000 0.036400 0.079900 0.047600 0.036400 0.102800 0.080500 0.085900 0.097900 0.086000 0.097700 0.097700 0.109700
WhiteLippe 0.080700 0.356900 0.081300 0.251300 0.075200 0.080700 0.069800 0.058300 0.092800 0.031500 0.086300 0.098500 0.092900 0.064500 0.081900 0.064200 0.109800 0.098600 0.075400 0.087400 0.063900 0.092000 0.015500 0.026100 0.080700 0.064100 0.092400 0.098900 0.080600 0.081500 0.042300 0.076100 0.126900 0.092300 0.075400 0.080800 0.075100 0.092400 0.105100 0.036400 0.000000 0.075100 0.026300 0.031400 0.075100 0.053200 0.058600 0.070100 0.058700 0.070000 0.081300 0.093100
ThomsonGaz 0.047100 0.348100 0.058500 0.258800 0.041900 0.047100 0.052900 0.031400 0.069600 0.086300 0.052500 0.075000 0.064000 0.047600 0.059400 0.036700 0.103300 0.092300 0.036600 0.064300 0.031400 0.057900 0.081100 0.080300 0.047100 0.010300 0.063700 0.064200 0.041800 0.069800 0.097900 0.058900 0.108500 0.063600 0.052800 0.058100 0.041700 0.058200 0.070000 0.079900 0.075100 0.000000 0.069800 0.074600 0.052600 0.036700 0.026000 0.058600 0.036600 0.058600 0.058400 0.069700
MuntiacusC 0.075400 0.378400 0.075900 0.268600 0.064400 0.075400 0.063800 0.059200 0.087300 0.010300 0.081000 0.093000 0.087500 0.058400 0.077100 0.064600 0.104300 0.093200 0.075800 0.081900 0.059200 0.086700 0.042700 0.031500 0.075400 0.058800 0.087100 0.093400 0.075400 0.087600 0.020800 0.070100 0.121500 0.081300 0.070100 0.075300 0.069800 0.087000 0.099700 0.047600 0.026300 0.069800 0.000000 0.036900 0.069600 0.053500 0.053300 0.076100 0.064600 0.064700 0.075800 0.087600
WhiteTaile 0.080100 0.357000 0.092200 0.288100 0.086000 0.080100 0.085900 0.075300 0.103800 0.042000 0.085700 0.109400 0.086600 0.080600 0.087900 0.080700 0.120800 0.109600 0.080500 0.098400 0.069500 0.091400 0.036900 0.026000 0.080100 0.063700 0.086200 0.110000 0.097200 0.104100 0.053000 0.092500 0.126100 0.086100 0.086200 0.091700 0.074500 0.091900 0.116300 0.036400 0.031400 0.074600 0.036900 0.000000 0.085800 0.069500 0.069300 0.092400 0.069400 0.080900 0.092200 0.092200
Cattle 0.058000 0.372200 0.015500 0.258700 0.052600 0.058000 0.052800 0.042200 0.026000 0.086200 0.063500 0.031200 0.069500 0.047600 0.046800 0.052800 0.103400 0.092200 0.058300 0.020800 0.041100 0.069000 0.092500 0.080300 0.058000 0.040800 0.069200 0.031300 0.063400 0.026000 0.097700 0.058800 0.108500 0.069200 0.052800 0.005100 0.052500 0.058100 0.081200 0.102800 0.075100 0.052600 0.069600 0.085800 0.000000 0.036700 0.035400 0.058600 0.047400 0.058500 0.015500 0.026000
RoyalAntel 0.042000 0.336100 0.042300 0.245200 0.031400 0.042000 0.036800 0.026200 0.053300 0.069800 0.036700 0.058700 0.047800 0.031600 0.043000 0.036900 0.086600 0.075700 0.042200 0.048000 0.026200 0.052900 0.064700 0.064000 0.042000 0.026100 0.047600 0.059000 0.026000 0.053400 0.081200 0.042600 0.092000 0.047600 0.036800 0.042100 0.036700 0.047600 0.053600 0.080500 0.053200 0.036700 0.053500 0.069500 0.036700 0.000000 0.020800 0.042400 0.031500 0.042400 0.042300 0.053400
Steenbok 0.041900 0.366100 0.041200 0.252300 0.036600 0.041900 0.036800 0.015600 0.051900 0.069600 0.047300 0.057700 0.053200 0.031500 0.042900 0.026100 0.086400 0.075500 0.042100 0.046600 0.015600 0.052700 0.075800 0.063900 0.041900 0.015500 0.052900 0.057900 0.036500 0.052200 0.081000 0.042500 0.103200 0.052800 0.036700 0.040700 0.036600 0.052900 0.053500 0.085900 0.058600 0.026000 0.053300 0.069300 0.035400 0.020800 0.000000 0.042300 0.031400 0.042300 0.040900 0.052200
Impala 0.064100 0.388500 0.053600 0.255000 0.058700 0.064100 0.053300 0.026400 0.064700 0.092900 0.069600 0.081500 0.064600 0.048100 0.065800 0.037000 0.110200 0.099000 0.058800 0.059400 0.048100 0.075200 0.087500 0.086800 0.064100 0.047700 0.064300 0.059300 0.058500 0.053700 0.104600 0.059400 0.127400 0.064200 0.058800 0.064200 0.058500 0.075500 0.076300 0.097900 0.070100 0.058600 0.076100 0.092400 0.058600 0.042400 0.042300 0.000000 0.042400 0.064700 0.053500 0.064900
Klipspring 0.042000 0.366500 0.053300 0.252800 0.047500 0.042000 0.042200 0.026200 0.064400 0.081100 0.047400 0.069900 0.058800 0.037000 0.054200 0.031500 0.098100 0.087100 0.036800 0.059100 0.037000 0.052800 0.064500 0.075200 0.042000 0.026100 0.058500 0.070200 0.058300 0.053400 0.092700 0.048100 0.115100 0.058500 0.047700 0.053000 0.036600 0.064100 0.076100 0.086000 0.058700 0.036600 0.064600 0.069400 0.047400 0.031500 0.031400 0.042400 0.000000 0.053400 0.053300 0.064600
ForestMusk 0.064100 0.384100 0.064600 0.268100 0.058700 0.064100 0.058200 0.048000 0.075800 0.081200 0.069600 0.081400 0.075900 0.052600 0.065700 0.058900 0.104100 0.093000 0.064400 0.070000 0.048000 0.075200 0.087500 0.075300 0.064100 0.047700 0.075500 0.081800 0.069600 0.076000 0.092800 0.064200 0.121100 0.075400 0.058800 0.064200 0.058500 0.075500 0.087800 0.097700 0.070000 0.058600 0.064700 0.080900 0.058500 0.042400 0.042300 0.064700 0.053400 0.000000 0.064500 0.076000
Bushbuck 0.063900 0.382200 0.000000 0.254100 0.058500 0.063900 0.058000 0.037100 0.010400 0.092500 0.069400 0.036800 0.075600 0.052300 0.052700 0.047800 0.110000 0.098700 0.064300 0.005200 0.046800 0.063900 0.099000 0.086500 0.063900 0.046400 0.075300 0.015700 0.069400 0.010400 0.104300 0.063900 0.126900 0.075300 0.058600 0.020700 0.058400 0.064000 0.087600 0.097700 0.081300 0.058400 0.075800 0.092200 0.015500 0.042300 0.040900 0.053500 0.053300 0.064500 0.000000 0.010400
GreaterKud 0.075300 0.401400 0.010400 0.261000 0.069800 0.075300 0.063800 0.048100 0.020900 0.104500 0.080900 0.047700 0.087300 0.058100 0.064400 0.059000 0.122300 0.110800 0.075700 0.015700 0.052400 0.075300 0.111200 0.098400 0.075300 0.057700 0.086900 0.025700 0.080900 0.020900 0.116500 0.063700 0.139500 0.086900 0.070000 0.031400 0.069700 0.075400 0.099600 0.109700 0.093100 0.069700 0.087600 0.092200 0.026000 0.053400 0.052200 0.064900 0.064600 0.076000 0.010400 0.000000
