CODONML (in paml version 4.10.7, June 2023)  /home/rachel/ruminants_paml/6406-phy-tree/ENSBTAT00000017277.fasta.phy
Model: free dN/dS Ratios for branches,  kappa = 2.000 fixed

Codon frequency model: F3x4
ns =  54  ls = 106

Codon usage in sequences
--------------------------------------------------------------------------------------------------------------------------------------
Phe TTT   2   2   2   2   2   2 | Ser TCT   0   0   0   0   0   0 | Tyr TAT   5   5   5   5   5   5 | Cys TGT   3   3   3   3   4   3
    TTC   1   1   1   1   1   1 |     TCC   3   3   3   3   3   3 |     TAC   1   1   1   1   0   1 |     TGC   3   3   3   3   3   3
Leu TTA   0   0   0   0   0   0 |     TCA   1   1   1   1   2   2 | *** TAA   0   0   0   0   0   0 | *** TGA   0   0   0   0   0   0
    TTG   0   1   0   0   0   0 |     TCG   1   1   1   1   0   0 |     TAG   0   0   0   0   0   0 | Trp TGG   1   1   1   1   1   1
--------------------------------------------------------------------------------------------------------------------------------------
Leu CTT   2   1   2   2   2   2 | Pro CCT   3   3   3   3   3   3 | His CAT   2   2   2   2   2   2 | Arg CGT   0   0   0   0   0   0
    CTC   0   0   0   0   0   0 |     CCC   1   1   1   1   1   1 |     CAC   2   2   2   2   2   2 |     CGC   1   1   1   1   1   1
    CTA   0   1   1   1   1   1 |     CCA   3   3   3   3   3   3 | Gln CAA   2   2   2   2   2   2 |     CGA   1   1   1   1   1   1
    CTG   6   5   5   5   5   5 |     CCG   0   0   0   0   1   0 |     CAG   4   4   4   4   3   4 |     CGG   1   1   1   1   1   1
--------------------------------------------------------------------------------------------------------------------------------------
Ile ATT   2   2   2   2   2   2 | Thr ACT   4   4   4   4   4   4 | Asn AAT   1   1   1   1   1   1 | Ser AGT   0   0   0   0   0   0
    ATC   3   3   3   3   3   3 |     ACC   0   0   0   0   0   0 |     AAC   0   0   0   0   0   0 |     AGC   1   1   1   1   1   1
    ATA   4   4   4   4   4   4 |     ACA   1   1   1   1   1   1 | Lys AAA   2   2   2   2   2   2 | Arg AGA   3   3   3   3   3   3
Met ATG   5   5   5   5   5   5 |     ACG   1   1   1   1   1   1 |     AAG   1   1   1   1   1   1 |     AGG   1   1   1   1   1   1
--------------------------------------------------------------------------------------------------------------------------------------
Val GTT   3   3   3   2   3   3 | Ala GCT   1   1   1   1   1   1 | Asp GAT   3   3   3   3   3   3 | Gly GGT   0   0   0   0   0   0
    GTC   0   0   0   0   0   0 |     GCC   0   0   0   0   0   0 |     GAC   5   5   5   5   5   5 |     GGC   1   1   1   1   1   1
    GTA   0   0   0   0   0   0 |     GCA   3   3   3   3   3   3 | Glu GAA   3   3   3   3   3   3 |     GGA   3   3   3   3   3   3
    GTG   1   1   1   2   1   1 |     GCG   0   0   0   0   0   0 |     GAG   4   4   4   4   4   4 |     GGG   1   1   1   1   1   1
--------------------------------------------------------------------------------------------------------------------------------------

--------------------------------------------------------------------------------------------------------------------------------------
Phe TTT   2   2   2   2   2   2 | Ser TCT   0   0   0   0   0   0 | Tyr TAT   5   5   6   5   5   5 | Cys TGT   3   3   3   3   3   3
    TTC   1   1   1   1   1   1 |     TCC   3   3   3   3   3   3 |     TAC   1   1   0   1   1   1 |     TGC   3   3   3   3   3   3
Leu TTA   0   0   0   0   0   0 |     TCA   1   1   1   1   1   1 | *** TAA   0   0   0   0   0   0 | *** TGA   0   0   0   0   0   0
    TTG   0   0   0   0   0   0 |     TCG   1   1   1   1   1   1 |     TAG   0   0   0   0   0   0 | Trp TGG   1   1   1   1   1   1
--------------------------------------------------------------------------------------------------------------------------------------
Leu CTT   2   2   2   2   2   2 | Pro CCT   3   3   3   3   3   3 | His CAT   2   2   2   3   2   2 | Arg CGT   0   0   0   0   0   0
    CTC   0   0   0   1   0   0 |     CCC   1   1   1   1   1   1 |     CAC   2   2   2   1   2   2 |     CGC   1   1   1   1   1   1
    CTA   1   0   1   0   1   1 |     CCA   3   3   3   3   3   3 | Gln CAA   2   2   2   2   2   2 |     CGA   1   1   1   1   1   1
    CTG   5   6   5   5   5   5 |     CCG   0   0   0   0   0   0 |     CAG   4   4   4   4   4   4 |     CGG   1   1   1   1   1   1
--------------------------------------------------------------------------------------------------------------------------------------
Ile ATT   2   2   2   2   2   2 | Thr ACT   4   4   4   4   4   4 | Asn AAT   1   1   1   1   1   1 | Ser AGT   0   0   0   0   0   0
    ATC   3   3   3   3   3   3 |     ACC   0   0   0   0   0   0 |     AAC   0   0   0   0   0   0 |     AGC   1   1   1   1   1   1
    ATA   4   4   4   4   4   4 |     ACA   1   1   1   1   1   1 | Lys AAA   2   2   2   2   2   2 | Arg AGA   3   3   3   3   3   3
Met ATG   5   5   5   5   5   5 |     ACG   1   1   1   1   1   1 |     AAG   1   1   1   1   1   1 |     AGG   1   1   1   1   1   1
--------------------------------------------------------------------------------------------------------------------------------------
Val GTT   3   3   3   3   3   3 | Ala GCT   1   1   1   1   1   1 | Asp GAT   3   3   3   2   3   2 | Gly GGT   0   0   0   0   0   0
    GTC   0   0   0   0   0   0 |     GCC   0   0   0   0   0   0 |     GAC   5   5   5   6   5   6 |     GGC   1   1   1   1   1   1
    GTA   0   0   0   0   0   0 |     GCA   3   3   3   3   3   3 | Glu GAA   3   3   3   4   3   3 |     GGA   3   3   3   3   3   3
    GTG   1   1   1   1   1   1 |     GCG   0   0   0   0   0   0 |     GAG   4   4   4   3   4   4 |     GGG   1   1   1   1   1   1
--------------------------------------------------------------------------------------------------------------------------------------

--------------------------------------------------------------------------------------------------------------------------------------
Phe TTT   2   2   2   2   2   2 | Ser TCT   0   0   0   0   0   0 | Tyr TAT   5   6   4   5   5   6 | Cys TGT   3   3   2   3   3   3
    TTC   1   1   1   1   1   1 |     TCC   3   3   3   3   3   3 |     TAC   1   0   2   1   1   0 |     TGC   3   3   4   3   3   3
Leu TTA   0   0   0   0   0   0 |     TCA   1   1   1   1   1   1 | *** TAA   0   0   0   0   0   0 | *** TGA   0   0   0   0   0   0
    TTG   0   0   0   0   0   0 |     TCG   1   1   1   1   1   1 |     TAG   0   0   0   0   0   0 | Trp TGG   1   1   1   1   1   1
--------------------------------------------------------------------------------------------------------------------------------------
Leu CTT   2   2   2   2   2   2 | Pro CCT   3   3   3   3   3   3 | His CAT   2   2   2   2   2   2 | Arg CGT   0   0   0   0   0   0
    CTC   0   0   0   0   0   1 |     CCC   1   1   1   1   1   1 |     CAC   2   2   2   2   2   2 |     CGC   1   1   1   1   1   1
    CTA   0   1   1   1   1   0 |     CCA   3   3   3   3   3   3 | Gln CAA   2   2   2   2   2   2 |     CGA   1   1   1   1   2   1
    CTG   6   5   5   5   5   5 |     CCG   0   0   0   0   0   0 |     CAG   4   4   4   4   4   4 |     CGG   1   1   1   1   1   1
--------------------------------------------------------------------------------------------------------------------------------------
Ile ATT   2   3   2   2   2   2 | Thr ACT   4   4   4   4   4   4 | Asn AAT   1   1   1   1   1   1 | Ser AGT   0   0   0   0   0   0
    ATC   3   2   3   3   3   3 |     ACC   0   0   0   0   0   0 |     AAC   0   0   0   0   0   0 |     AGC   1   1   1   1   1   1
    ATA   4   4   4   4   4   4 |     ACA   1   1   1   1   1   1 | Lys AAA   2   2   2   2   2   2 | Arg AGA   3   3   3   3   2   3
Met ATG   5   5   5   5   5   5 |     ACG   1   1   1   1   1   1 |     AAG   1   1   1   1   1   1 |     AGG   1   1   1   1   1   1
--------------------------------------------------------------------------------------------------------------------------------------
Val GTT   3   3   2   3   3   3 | Ala GCT   1   1   1   1   1   1 | Asp GAT   3   3   3   3   3   2 | Gly GGT   0   0   0   0   0   0
    GTC   0   0   0   0   0   0 |     GCC   0   0   0   0   0   0 |     GAC   5   5   5   5   5   6 |     GGC   1   1   1   1   1   1
    GTA   0   0   0   0   0   0 |     GCA   3   3   3   3   3   3 | Glu GAA   3   3   3   3   3   3 |     GGA   3   3   3   3   3   3
    GTG   1   1   2   1   1   1 |     GCG   0   0   0   0   0   0 |     GAG   4   4   4   4   4   4 |     GGG   1   1   1   1   1   1
--------------------------------------------------------------------------------------------------------------------------------------

--------------------------------------------------------------------------------------------------------------------------------------
Phe TTT   2   2   2   2   2   2 | Ser TCT   0   0   0   0   0   0 | Tyr TAT   5   5   4   5   6   5 | Cys TGT   3   3   3   3   3   3
    TTC   1   1   1   1   1   1 |     TCC   3   3   3   3   3   3 |     TAC   1   1   2   1   0   1 |     TGC   3   3   3   3   3   3
Leu TTA   0   0   0   0   0   0 |     TCA   1   1   1   1   1   1 | *** TAA   0   0   0   0   0   0 | *** TGA   0   0   0   0   0   0
    TTG   0   0   0   0   0   0 |     TCG   1   1   1   1   1   1 |     TAG   0   0   0   0   0   0 | Trp TGG   1   1   1   1   1   1
--------------------------------------------------------------------------------------------------------------------------------------
Leu CTT   2   2   2   2   2   2 | Pro CCT   3   3   3   3   3   3 | His CAT   2   2   2   2   2   2 | Arg CGT   0   0   0   0   0   0
    CTC   0   0   0   0   1   0 |     CCC   1   1   1   1   1   1 |     CAC   2   2   2   2   2   2 |     CGC   1   1   1   1   1   1
    CTA   1   1   0   1   0   0 |     CCA   3   3   3   3   3   3 | Gln CAA   2   2   2   2   2   2 |     CGA   1   1   1   1   1   1
    CTG   5   5   6   5   5   6 |     CCG   0   0   0   0   0   0 |     CAG   4   4   4   4   4   4 |     CGG   1   1   1   1   1   1
--------------------------------------------------------------------------------------------------------------------------------------
Ile ATT   2   2   2   2   2   2 | Thr ACT   4   4   4   4   4   4 | Asn AAT   1   1   1   1   1   1 | Ser AGT   0   0   0   0   0   0
    ATC   3   3   3   3   3   3 |     ACC   0   0   0   0   0   0 |     AAC   0   0   0   0   0   0 |     AGC   1   1   1   1   1   1
    ATA   4   4   4   4   4   4 |     ACA   1   1   1   1   1   1 | Lys AAA   2   2   2   2   2   2 | Arg AGA   3   3   3   3   3   3
Met ATG   5   5   5   5   5   5 |     ACG   1   1   1   1   1   1 |     AAG   1   1   1   1   1   1 |     AGG   1   1   1   1   1   1
--------------------------------------------------------------------------------------------------------------------------------------
Val GTT   3   3   3   3   3   3 | Ala GCT   1   1   1   1   1   1 | Asp GAT   3   3   3   3   2   3 | Gly GGT   0   0   0   0   0   0
    GTC   0   0   0   0   0   0 |     GCC   0   0   0   0   0   0 |     GAC   5   5   5   5   6   5 |     GGC   1   1   1   1   1   1
    GTA   0   0   0   0   0   0 |     GCA   3   3   3   3   3   3 | Glu GAA   3   3   3   3   3   3 |     GGA   3   3   3   3   3   3
    GTG   1   1   1   1   1   1 |     GCG   0   0   0   0   0   0 |     GAG   4   4   4   4   4   4 |     GGG   1   1   1   1   1   1
--------------------------------------------------------------------------------------------------------------------------------------

--------------------------------------------------------------------------------------------------------------------------------------
Phe TTT   2   2   2   2   2   2 | Ser TCT   0   0   0   0   0   0 | Tyr TAT   5   5   5   5   4   5 | Cys TGT   3   3   3   3   2   3
    TTC   1   1   1   1   1   1 |     TCC   3   3   3   3   3   3 |     TAC   1   1   1   1   2   1 |     TGC   3   3   3   3   4   3
Leu TTA   0   0   0   0   0   0 |     TCA   1   1   1   1   1   1 | *** TAA   0   0   0   0   0   0 | *** TGA   0   0   0   0   0   0
    TTG   0   0   0   0   0   0 |     TCG   1   1   1   1   1   1 |     TAG   0   0   0   0   0   0 | Trp TGG   1   1   1   1   1   1
--------------------------------------------------------------------------------------------------------------------------------------
Leu CTT   2   2   2   2   2   2 | Pro CCT   3   3   3   3   3   3 | His CAT   2   2   2   2   2   2 | Arg CGT   0   0   0   0   0   0
    CTC   0   0   0   1   0   0 |     CCC   1   1   1   1   1   1 |     CAC   2   2   2   2   2   2 |     CGC   1   1   1   1   1   1
    CTA   1   1   0   0   1   1 |     CCA   3   3   3   3   3   3 | Gln CAA   2   2   2   2   2   2 |     CGA   1   1   1   1   1   1
    CTG   5   5   6   5   5   5 |     CCG   0   0   0   0   0   0 |     CAG   4   4   4   4   4   4 |     CGG   1   1   1   1   1   1
--------------------------------------------------------------------------------------------------------------------------------------
Ile ATT   2   2   2   2   2   2 | Thr ACT   4   4   4   4   4   4 | Asn AAT   1   1   1   1   1   1 | Ser AGT   0   0   0   0   0   0
    ATC   3   3   3   3   3   3 |     ACC   0   0   0   0   0   0 |     AAC   0   0   0   0   0   0 |     AGC   1   1   1   1   1   1
    ATA   4   4   4   4   4   4 |     ACA   1   1   1   1   1   1 | Lys AAA   2   2   2   2   2   2 | Arg AGA   3   3   3   3   3   3
Met ATG   5   5   5   5   5   5 |     ACG   1   1   1   1   1   1 |     AAG   1   1   1   1   1   1 |     AGG   1   1   1   1   1   1
--------------------------------------------------------------------------------------------------------------------------------------
Val GTT   3   3   3   3   2   3 | Ala GCT   1   1   1   1   1   1 | Asp GAT   3   3   3   2   3   3 | Gly GGT   0   0   0   0   0   0
    GTC   0   0   0   0   0   0 |     GCC   0   0   0   0   0   0 |     GAC   5   5   5   6   5   5 |     GGC   1   1   1   1   1   1
    GTA   0   0   0   0   0   0 |     GCA   3   3   3   3   3   3 | Glu GAA   3   3   3   3   3   3 |     GGA   3   3   3   3   3   3
    GTG   1   1   1   1   2   1 |     GCG   0   0   0   0   0   0 |     GAG   4   4   4   4   4   4 |     GGG   1   1   1   1   1   1
--------------------------------------------------------------------------------------------------------------------------------------

--------------------------------------------------------------------------------------------------------------------------------------
Phe TTT   2   2   2   2   2   2 | Ser TCT   0   0   0   0   0   0 | Tyr TAT   5   5   4   5   5   4 | Cys TGT   3   3   4   3   3   2
    TTC   1   1   1   1   1   1 |     TCC   3   3   3   3   3   3 |     TAC   1   1   1   1   1   2 |     TGC   3   3   3   3   3   4
Leu TTA   0   0   0   0   0   0 |     TCA   1   1   1   1   1   1 | *** TAA   0   0   0   0   0   0 | *** TGA   0   0   0   0   0   0
    TTG   0   0   0   0   0   0 |     TCG   1   1   1   1   1   1 |     TAG   0   0   0   0   0   0 | Trp TGG   1   1   1   1   1   1
--------------------------------------------------------------------------------------------------------------------------------------
Leu CTT   2   2   2   2   2   2 | Pro CCT   3   3   3   3   3   3 | His CAT   2   2   2   2   2   2 | Arg CGT   0   0   0   0   0   0
    CTC   1   0   0   0   0   0 |     CCC   1   1   1   1   1   1 |     CAC   2   2   2   2   2   2 |     CGC   1   1   1   1   1   1
    CTA   0   1   1   1   1   1 |     CCA   3   3   3   3   3   3 | Gln CAA   2   2   2   2   2   2 |     CGA   1   1   1   1   1   1
    CTG   5   5   5   5   5   5 |     CCG   0   0   0   0   0   0 |     CAG   4   4   4   4   4   4 |     CGG   1   1   1   1   1   1
--------------------------------------------------------------------------------------------------------------------------------------
Ile ATT   2   2   2   2   2   2 | Thr ACT   4   4   4   4   4   4 | Asn AAT   1   1   1   1   1   1 | Ser AGT   0   0   0   0   0   0
    ATC   3   3   3   3   3   3 |     ACC   0   0   0   0   0   0 |     AAC   0   0   0   0   0   0 |     AGC   1   1   1   1   1   1
    ATA   4   4   4   4   4   4 |     ACA   1   1   1   1   2   1 | Lys AAA   2   2   2   2   2   2 | Arg AGA   3   3   3   3   3   3
Met ATG   5   5   5   5   5   5 |     ACG   1   1   1   1   0   1 |     AAG   1   1   1   1   1   1 |     AGG   1   1   1   1   1   1
--------------------------------------------------------------------------------------------------------------------------------------
Val GTT   3   3   3   3   3   2 | Ala GCT   1   1   1   1   1   1 | Asp GAT   2   3   2   3   2   3 | Gly GGT   0   0   0   0   0   0
    GTC   0   0   0   0   0   0 |     GCC   0   0   0   0   0   0 |     GAC   6   5   6   5   6   5 |     GGC   1   1   1   1   1   1
    GTA   0   0   0   0   0   0 |     GCA   3   3   3   3   3   3 | Glu GAA   3   3   3   3   3   3 |     GGA   3   3   3   3   3   3
    GTG   1   1   1   1   1   2 |     GCG   0   0   0   0   0   0 |     GAG   4   4   4   4   4   4 |     GGG   1   1   1   1   1   1
--------------------------------------------------------------------------------------------------------------------------------------

--------------------------------------------------------------------------------------------------------------------------------------
Phe TTT   2   2   2   2   2   2 | Ser TCT   0   0   0   0   0   0 | Tyr TAT   5   5   5   5   5   5 | Cys TGT   2   3   3   2   3   4
    TTC   1   1   1   1   1   1 |     TCC   3   3   3   3   3   3 |     TAC   1   1   1   1   1   1 |     TGC   4   3   3   4   3   2
Leu TTA   0   0   0   0   0   0 |     TCA   1   1   1   1   1   1 | *** TAA   0   0   0   0   0   0 | *** TGA   0   0   0   0   0   0
    TTG   0   0   0   0   0   0 |     TCG   1   1   1   1   1   1 |     TAG   0   0   0   0   0   0 | Trp TGG   1   1   1   1   1   1
--------------------------------------------------------------------------------------------------------------------------------------
Leu CTT   2   2   2   2   2   2 | Pro CCT   3   3   3   3   2   3 | His CAT   2   2   2   2   2   2 | Arg CGT   0   0   0   0   0   0
    CTC   0   0   0   0   1   0 |     CCC   1   1   1   1   2   1 |     CAC   2   2   2   2   2   2 |     CGC   1   1   1   1   1   1
    CTA   1   1   0   1   0   1 |     CCA   2   3   3   3   3   3 | Gln CAA   2   2   2   2   2   2 |     CGA   1   1   1   1   1   1
    CTG   5   5   6   5   5   5 |     CCG   1   0   0   0   0   0 |     CAG   4   4   4   4   4   4 |     CGG   1   1   1   1   1   1
--------------------------------------------------------------------------------------------------------------------------------------
Ile ATT   1   2   2   2   2   2 | Thr ACT   4   4   4   4   4   4 | Asn AAT   1   1   1   1   1   1 | Ser AGT   0   0   0   0   0   0
    ATC   5   3   3   3   3   3 |     ACC   0   0   0   0   0   0 |     AAC   0   0   0   0   0   0 |     AGC   1   1   1   1   1   1
    ATA   3   4   4   4   4   4 |     ACA   1   1   1   1   1   1 | Lys AAA   2   2   2   2   2   2 | Arg AGA   2   3   3   3   3   3
Met ATG   5   5   5   5   5   5 |     ACG   1   1   1   1   1   1 |     AAG   1   1   1   1   1   1 |     AGG   2   1   1   1   1   1
--------------------------------------------------------------------------------------------------------------------------------------
Val GTT   2   3   3   2   3   3 | Ala GCT   1   1   1   2   1   1 | Asp GAT   3   3   3   3   2   3 | Gly GGT   0   0   0   0   0   0
    GTC   0   0   0   0   0   0 |     GCC   0   0   0   0   0   0 |     GAC   5   5   5   5   6   5 |     GGC   1   1   1   1   1   1
    GTA   0   0   0   0   0   0 |     GCA   3   3   3   3   3   3 | Glu GAA   3   3   3   3   3   3 |     GGA   4   3   3   3   3   3
    GTG   2   1   1   1   1   1 |     GCG   0   0   0   0   0   0 |     GAG   4   4   4   4   4   4 |     GGG   0   1   1   1   1   1
--------------------------------------------------------------------------------------------------------------------------------------

--------------------------------------------------------------------------------------------------------------------------------------
Phe TTT   2   2   2   2   2   2 | Ser TCT   0   0   0   0   0   0 | Tyr TAT   5   5   6   5   5   5 | Cys TGT   3   3   3   3   3   3
    TTC   1   1   1   1   1   1 |     TCC   3   3   3   3   3   3 |     TAC   1   1   0   1   1   1 |     TGC   3   3   3   3   3   3
Leu TTA   0   0   0   0   0   0 |     TCA   1   1   1   1   1   1 | *** TAA   0   0   0   0   0   0 | *** TGA   0   0   0   0   0   0
    TTG   0   0   0   0   0   0 |     TCG   1   1   1   1   1   1 |     TAG   0   0   0   0   0   0 | Trp TGG   1   1   1   1   1   1
--------------------------------------------------------------------------------------------------------------------------------------
Leu CTT   2   2   2   2   2   2 | Pro CCT   3   3   3   3   3   3 | His CAT   2   2   2   2   2   2 | Arg CGT   0   0   0   0   0   0
    CTC   0   1   0   0   0   0 |     CCC   1   1   1   1   1   1 |     CAC   2   2   2   2   2   2 |     CGC   1   1   1   1   1   1
    CTA   1   0   1   1   1   1 |     CCA   3   3   3   3   3   3 | Gln CAA   2   2   2   2   2   2 |     CGA   1   1   1   1   1   1
    CTG   5   5   5   5   5   5 |     CCG   0   0   0   0   0   0 |     CAG   4   4   4   4   4   4 |     CGG   1   1   1   1   1   1
--------------------------------------------------------------------------------------------------------------------------------------
Ile ATT   2   2   2   2   2   2 | Thr ACT   4   4   4   4   4   4 | Asn AAT   1   1   1   1   1   1 | Ser AGT   0   0   0   0   0   0
    ATC   3   3   3   3   3   3 |     ACC   0   0   0   0   0   0 |     AAC   0   0   0   0   0   0 |     AGC   1   1   1   1   1   1
    ATA   4   4   4   4   4   4 |     ACA   1   2   1   1   1   1 | Lys AAA   2   2   2   2   2   2 | Arg AGA   3   3   3   3   3   3
Met ATG   5   5   5   5   5   5 |     ACG   1   0   1   1   1   1 |     AAG   1   1   1   1   1   1 |     AGG   1   1   1   1   1   1
--------------------------------------------------------------------------------------------------------------------------------------
Val GTT   3   3   3   3   3   3 | Ala GCT   1   1   1   1   1   1 | Asp GAT   3   2   2   3   3   3 | Gly GGT   0   0   0   0   0   0
    GTC   0   0   0   0   0   0 |     GCC   0   0   0   0   0   0 |     GAC   5   6   6   5   5   5 |     GGC   1   1   1   1   1   1
    GTA   0   0   0   0   0   0 |     GCA   3   3   3   3   3   3 | Glu GAA   3   3   3   3   3   3 |     GGA   3   3   3   3   3   3
    GTG   1   1   1   1   1   1 |     GCG   0   0   0   0   0   0 |     GAG   4   4   4   4   4   4 |     GGG   1   1   1   1   1   1
--------------------------------------------------------------------------------------------------------------------------------------

--------------------------------------------------------------------------------------------------------------------------------------
Phe TTT   2   2   2   2   2   2 | Ser TCT   0   0   0   0   0   0 | Tyr TAT   5   3   5   5   5   5 | Cys TGT   3   2   3   3   3   3
    TTC   1   1   1   1   1   1 |     TCC   3   3   3   3   3   3 |     TAC   1   3   1   1   1   1 |     TGC   3   4   3   3   3   3
Leu TTA   0   0   0   0   0   0 |     TCA   1   1   1   1   1   1 | *** TAA   0   0   0   0   0   0 | *** TGA   0   0   0   0   0   0
    TTG   0   0   0   0   0   0 |     TCG   1   1   1   1   1   1 |     TAG   0   0   0   0   0   0 | Trp TGG   1   1   1   1   1   1
--------------------------------------------------------------------------------------------------------------------------------------
Leu CTT   2   2   2   2   2   2 | Pro CCT   3   3   3   3   3   3 | His CAT   2   2   2   2   2   2 | Arg CGT   0   0   0   0   0   0
    CTC   1   0   0   0   0   0 |     CCC   1   1   1   1   1   1 |     CAC   2   2   2   2   2   2 |     CGC   1   1   1   1   1   1
    CTA   0   1   1   1   1   1 |     CCA   3   2   3   3   3   3 | Gln CAA   2   2   2   2   2   2 |     CGA   1   1   1   1   1   1
    CTG   5   5   5   5   5   5 |     CCG   0   1   0   0   0   0 |     CAG   4   4   4   4   4   4 |     CGG   1   1   1   1   1   1
--------------------------------------------------------------------------------------------------------------------------------------
Ile ATT   2   2   2   2   2   2 | Thr ACT   4   4   4   4   4   4 | Asn AAT   1   0   1   1   1   1 | Ser AGT   0   0   0   0   0   0
    ATC   3   3   3   3   3   3 |     ACC   0   0   0   0   0   0 |     AAC   0   1   0   0   0   0 |     AGC   1   1   1   1   1   1
    ATA   4   4   4   4   4   4 |     ACA   1   1   1   1   1   1 | Lys AAA   2   2   2   2   2   2 | Arg AGA   3   2   3   3   3   3
Met ATG   5   5   5   5   5   5 |     ACG   1   1   1   1   1   1 |     AAG   1   1   1   1   1   1 |     AGG   1   2   1   1   1   1
--------------------------------------------------------------------------------------------------------------------------------------
Val GTT   3   3   3   2   3   3 | Ala GCT   1   1   1   1   1   1 | Asp GAT   2   2   3   3   3   3 | Gly GGT   0   0   0   0   0   0
    GTC   0   0   0   0   0   0 |     GCC   0   0   0   0   0   0 |     GAC   6   6   5   5   5   5 |     GGC   1   1   1   1   1   1
    GTA   0   0   0   0   0   0 |     GCA   3   3   3   3   3   3 | Glu GAA   3   3   3   3   3   3 |     GGA   3   3   3   3   3   3
    GTG   1   1   1   2   1   1 |     GCG   0   0   0   0   0   0 |     GAG   4   4   4   4   4   4 |     GGG   1   1   1   1   1   1
--------------------------------------------------------------------------------------------------------------------------------------

Codon position x base (3x4) table for each sequence.

#1: Argali         
position  1:    T:0.19811    C:0.26415    A:0.27358    G:0.26415
position  2:    T:0.27358    C:0.20755    A:0.33019    G:0.18868
position  3:    T:0.29245    C:0.20755    A:0.24528    G:0.25472
Average         T:0.25472    C:0.22642    A:0.28302    G:0.23585

#2: LesserMouseDeer
position  1:    T:0.20755    C:0.25472    A:0.27358    G:0.26415
position  2:    T:0.27358    C:0.20755    A:0.33019    G:0.18868
position  3:    T:0.28302    C:0.20755    A:0.25472    G:0.25472
Average         T:0.25472    C:0.22327    A:0.28616    G:0.23585

#3: LesserKudu     
position  1:    T:0.19811    C:0.26415    A:0.27358    G:0.26415
position  2:    T:0.27358    C:0.20755    A:0.33019    G:0.18868
position  3:    T:0.29245    C:0.20755    A:0.25472    G:0.24528
Average         T:0.25472    C:0.22642    A:0.28616    G:0.23270

#4: ForestMuskDeer2
position  1:    T:0.19811    C:0.26415    A:0.27358    G:0.26415
position  2:    T:0.27358    C:0.20755    A:0.33019    G:0.18868
position  3:    T:0.28302    C:0.20755    A:0.25472    G:0.25472
Average         T:0.25157    C:0.22642    A:0.28616    G:0.23585

#5: Camel          
position  1:    T:0.19811    C:0.26415    A:0.27358    G:0.26415
position  2:    T:0.27358    C:0.21698    A:0.31132    G:0.19811
position  3:    T:0.30189    C:0.19811    A:0.26415    G:0.23585
Average         T:0.25786    C:0.22642    A:0.28302    G:0.23270

#6: KillerWhale    
position  1:    T:0.19811    C:0.26415    A:0.27358    G:0.26415
position  2:    T:0.27358    C:0.20755    A:0.33019    G:0.18868
position  3:    T:0.29245    C:0.20755    A:0.26415    G:0.23585
Average         T:0.25472    C:0.22642    A:0.28931    G:0.22956

#7: DefassaWaterbuck
position  1:    T:0.19811    C:0.26415    A:0.27358    G:0.26415
position  2:    T:0.27358    C:0.20755    A:0.33019    G:0.18868
position  3:    T:0.29245    C:0.20755    A:0.25472    G:0.24528
Average         T:0.25472    C:0.22642    A:0.28616    G:0.23270

#8: Sheep          
position  1:    T:0.19811    C:0.26415    A:0.27358    G:0.26415
position  2:    T:0.27358    C:0.20755    A:0.33019    G:0.18868
position  3:    T:0.29245    C:0.20755    A:0.24528    G:0.25472
Average         T:0.25472    C:0.22642    A:0.28302    G:0.23585

#9: MaxwellsDuiker 
position  1:    T:0.19811    C:0.26415    A:0.27358    G:0.26415
position  2:    T:0.27358    C:0.20755    A:0.33019    G:0.18868
position  3:    T:0.30189    C:0.19811    A:0.25472    G:0.24528
Average         T:0.25786    C:0.22327    A:0.28616    G:0.23270

#10: GazellaPrzewalskyi
position  1:    T:0.19811    C:0.26415    A:0.27358    G:0.26415
position  2:    T:0.27358    C:0.20755    A:0.33019    G:0.18868
position  3:    T:0.29245    C:0.21698    A:0.25472    G:0.23585
Average         T:0.25472    C:0.22956    A:0.28616    G:0.22956

#11: MountainNyala  
position  1:    T:0.19811    C:0.26415    A:0.27358    G:0.26415
position  2:    T:0.27358    C:0.20755    A:0.33019    G:0.18868
position  3:    T:0.29245    C:0.20755    A:0.25472    G:0.24528
Average         T:0.25472    C:0.22642    A:0.28616    G:0.23270

#12: MuntiacusMuntjak
position  1:    T:0.19811    C:0.26415    A:0.27358    G:0.26415
position  2:    T:0.27358    C:0.20755    A:0.33019    G:0.18868
position  3:    T:0.28302    C:0.21698    A:0.25472    G:0.24528
Average         T:0.25157    C:0.22956    A:0.28616    G:0.23270

#13: goat           
position  1:    T:0.19811    C:0.26415    A:0.27358    G:0.26415
position  2:    T:0.27358    C:0.20755    A:0.33019    G:0.18868
position  3:    T:0.29245    C:0.20755    A:0.24528    G:0.25472
Average         T:0.25472    C:0.22642    A:0.28302    G:0.23585

#14: AfricanBuffalo 
position  1:    T:0.19811    C:0.26415    A:0.27358    G:0.26415
position  2:    T:0.27358    C:0.20755    A:0.33019    G:0.18868
position  3:    T:0.31132    C:0.18868    A:0.25472    G:0.24528
Average         T:0.26101    C:0.22013    A:0.28616    G:0.23270

#15: Topi           
position  1:    T:0.19811    C:0.26415    A:0.27358    G:0.26415
position  2:    T:0.27358    C:0.20755    A:0.33019    G:0.18868
position  3:    T:0.26415    C:0.22642    A:0.25472    G:0.25472
Average         T:0.24528    C:0.23270    A:0.28616    G:0.23585

#16: CommonDuiker   
position  1:    T:0.19811    C:0.26415    A:0.27358    G:0.26415
position  2:    T:0.27358    C:0.20755    A:0.33019    G:0.18868
position  3:    T:0.29245    C:0.20755    A:0.25472    G:0.24528
Average         T:0.25472    C:0.22642    A:0.28616    G:0.23270

#17: Suni           
position  1:    T:0.19811    C:0.27358    A:0.26415    G:0.26415
position  2:    T:0.27358    C:0.20755    A:0.33019    G:0.18868
position  3:    T:0.29245    C:0.20755    A:0.25472    G:0.24528
Average         T:0.25472    C:0.22956    A:0.28302    G:0.23270

#18: Springbuck     
position  1:    T:0.19811    C:0.26415    A:0.27358    G:0.26415
position  2:    T:0.27358    C:0.20755    A:0.33019    G:0.18868
position  3:    T:0.29245    C:0.21698    A:0.24528    G:0.24528
Average         T:0.25472    C:0.22956    A:0.28302    G:0.23270

#19: Okapi          
position  1:    T:0.19811    C:0.26415    A:0.27358    G:0.26415
position  2:    T:0.27358    C:0.20755    A:0.33019    G:0.18868
position  3:    T:0.29245    C:0.20755    A:0.25472    G:0.24528
Average         T:0.25472    C:0.22642    A:0.28616    G:0.23270

#20: Giraffe        
position  1:    T:0.19811    C:0.26415    A:0.27358    G:0.26415
position  2:    T:0.27358    C:0.20755    A:0.33019    G:0.18868
position  3:    T:0.29245    C:0.20755    A:0.25472    G:0.24528
Average         T:0.25472    C:0.22642    A:0.28616    G:0.23270

#21: TibetanAntelope
position  1:    T:0.19811    C:0.26415    A:0.27358    G:0.26415
position  2:    T:0.27358    C:0.20755    A:0.33019    G:0.18868
position  3:    T:0.28302    C:0.21698    A:0.24528    G:0.25472
Average         T:0.25157    C:0.22956    A:0.28302    G:0.23585

#22: Sitatunga      
position  1:    T:0.19811    C:0.26415    A:0.27358    G:0.26415
position  2:    T:0.27358    C:0.20755    A:0.33019    G:0.18868
position  3:    T:0.29245    C:0.20755    A:0.25472    G:0.24528
Average         T:0.25472    C:0.22642    A:0.28616    G:0.23270

#23: Oribi          
position  1:    T:0.19811    C:0.26415    A:0.27358    G:0.26415
position  2:    T:0.27358    C:0.20755    A:0.33019    G:0.18868
position  3:    T:0.29245    C:0.21698    A:0.24528    G:0.24528
Average         T:0.25472    C:0.22956    A:0.28302    G:0.23270

#24: BarbarySheep   
position  1:    T:0.19811    C:0.26415    A:0.27358    G:0.26415
position  2:    T:0.27358    C:0.20755    A:0.33019    G:0.18868
position  3:    T:0.29245    C:0.20755    A:0.24528    G:0.25472
Average         T:0.25472    C:0.22642    A:0.28302    G:0.23585

#25: Daviddeer      
position  1:    T:0.19811    C:0.26415    A:0.27358    G:0.26415
position  2:    T:0.27358    C:0.20755    A:0.33019    G:0.18868
position  3:    T:0.29245    C:0.20755    A:0.25472    G:0.24528
Average         T:0.25472    C:0.22642    A:0.28616    G:0.23270

#26: Reindeer       
position  1:    T:0.19811    C:0.26415    A:0.27358    G:0.26415
position  2:    T:0.27358    C:0.20755    A:0.33019    G:0.18868
position  3:    T:0.29245    C:0.20755    A:0.25472    G:0.24528
Average         T:0.25472    C:0.22642    A:0.28616    G:0.23270

#27: Ibex           
position  1:    T:0.19811    C:0.26415    A:0.27358    G:0.26415
position  2:    T:0.27358    C:0.20755    A:0.33019    G:0.18868
position  3:    T:0.29245    C:0.20755    A:0.24528    G:0.25472
Average         T:0.25472    C:0.22642    A:0.28302    G:0.23585

#28: GyrantGazelle  
position  1:    T:0.19811    C:0.26415    A:0.27358    G:0.26415
position  2:    T:0.27358    C:0.20755    A:0.33019    G:0.18868
position  3:    T:0.28302    C:0.22642    A:0.24528    G:0.24528
Average         T:0.25157    C:0.23270    A:0.28302    G:0.23270

#29: Hartebeest     
position  1:    T:0.19811    C:0.26415    A:0.27358    G:0.26415
position  2:    T:0.27358    C:0.20755    A:0.33019    G:0.18868
position  3:    T:0.26415    C:0.22642    A:0.25472    G:0.25472
Average         T:0.24528    C:0.23270    A:0.28616    G:0.23585

#30: Bongo          
position  1:    T:0.19811    C:0.26415    A:0.27358    G:0.26415
position  2:    T:0.27358    C:0.20755    A:0.33019    G:0.18868
position  3:    T:0.29245    C:0.20755    A:0.25472    G:0.24528
Average         T:0.25472    C:0.22642    A:0.28616    G:0.23270

#31: Gerenuk        
position  1:    T:0.19811    C:0.26415    A:0.27358    G:0.26415
position  2:    T:0.27358    C:0.20755    A:0.33019    G:0.18868
position  3:    T:0.28302    C:0.22642    A:0.24528    G:0.24528
Average         T:0.25157    C:0.23270    A:0.28302    G:0.23270

#32: CommonEland    
position  1:    T:0.19811    C:0.26415    A:0.27358    G:0.26415
position  2:    T:0.27358    C:0.20755    A:0.33019    G:0.18868
position  3:    T:0.29245    C:0.20755    A:0.25472    G:0.24528
Average         T:0.25472    C:0.22642    A:0.28616    G:0.23270

#33: MuntiacusReevesi
position  1:    T:0.19811    C:0.26415    A:0.27358    G:0.26415
position  2:    T:0.27358    C:0.20755    A:0.32075    G:0.19811
position  3:    T:0.28302    C:0.21698    A:0.25472    G:0.24528
Average         T:0.25157    C:0.22956    A:0.28302    G:0.23585

#34: HarveysDuiker  
position  1:    T:0.19811    C:0.26415    A:0.27358    G:0.26415
position  2:    T:0.27358    C:0.20755    A:0.33019    G:0.18868
position  3:    T:0.29245    C:0.20755    A:0.25472    G:0.24528
Average         T:0.25472    C:0.22642    A:0.28616    G:0.23270

#35: Pronghorn      
position  1:    T:0.19811    C:0.26415    A:0.27358    G:0.26415
position  2:    T:0.27358    C:0.20755    A:0.33019    G:0.18868
position  3:    T:0.28302    C:0.21698    A:0.26415    G:0.23585
Average         T:0.25157    C:0.22956    A:0.28931    G:0.22956

#36: BlueWildebeest 
position  1:    T:0.19811    C:0.26415    A:0.27358    G:0.26415
position  2:    T:0.27358    C:0.20755    A:0.33019    G:0.18868
position  3:    T:0.26415    C:0.22642    A:0.25472    G:0.25472
Average         T:0.24528    C:0.23270    A:0.28616    G:0.23585

#37: Gemsbok        
position  1:    T:0.19811    C:0.26415    A:0.27358    G:0.26415
position  2:    T:0.27358    C:0.20755    A:0.33019    G:0.18868
position  3:    T:0.26415    C:0.23585    A:0.23585    G:0.26415
Average         T:0.24528    C:0.23585    A:0.27987    G:0.23899

#38: Yak            
position  1:    T:0.19811    C:0.26415    A:0.27358    G:0.26415
position  2:    T:0.27358    C:0.20755    A:0.33019    G:0.18868
position  3:    T:0.29245    C:0.20755    A:0.25472    G:0.24528
Average         T:0.25472    C:0.22642    A:0.28616    G:0.23270

#39: BlueSheep      
position  1:    T:0.19811    C:0.26415    A:0.27358    G:0.26415
position  2:    T:0.27358    C:0.20755    A:0.33019    G:0.18868
position  3:    T:0.29245    C:0.20755    A:0.24528    G:0.25472
Average         T:0.25472    C:0.22642    A:0.28302    G:0.23585

#40: BohorReedbuck  
position  1:    T:0.19811    C:0.26415    A:0.27358    G:0.26415
position  2:    T:0.26415    C:0.21698    A:0.33019    G:0.18868
position  3:    T:0.28302    C:0.21698    A:0.25472    G:0.24528
Average         T:0.24843    C:0.23270    A:0.28616    G:0.23270

#41: KirksDik       
position  1:    T:0.19811    C:0.26415    A:0.27358    G:0.26415
position  2:    T:0.27358    C:0.20755    A:0.33019    G:0.18868
position  3:    T:0.27358    C:0.23585    A:0.24528    G:0.24528
Average         T:0.24843    C:0.23585    A:0.28302    G:0.23270

#42: RoeDeer        
position  1:    T:0.19811    C:0.26415    A:0.27358    G:0.26415
position  2:    T:0.27358    C:0.20755    A:0.33019    G:0.18868
position  3:    T:0.30189    C:0.19811    A:0.25472    G:0.24528
Average         T:0.25786    C:0.22327    A:0.28616    G:0.23270

#43: WhiteLippedDeer
position  1:    T:0.19811    C:0.26415    A:0.27358    G:0.26415
position  2:    T:0.27358    C:0.20755    A:0.33019    G:0.18868
position  3:    T:0.29245    C:0.20755    A:0.25472    G:0.24528
Average         T:0.25472    C:0.22642    A:0.28616    G:0.23270

#44: ThomsonGazelle 
position  1:    T:0.19811    C:0.26415    A:0.27358    G:0.26415
position  2:    T:0.27358    C:0.20755    A:0.33019    G:0.18868
position  3:    T:0.28302    C:0.22642    A:0.25472    G:0.23585
Average         T:0.25157    C:0.23270    A:0.28616    G:0.22956

#45: MuntiacusCrinifrons
position  1:    T:0.19811    C:0.26415    A:0.27358    G:0.26415
position  2:    T:0.27358    C:0.20755    A:0.33019    G:0.18868
position  3:    T:0.29245    C:0.20755    A:0.25472    G:0.24528
Average         T:0.25472    C:0.22642    A:0.28616    G:0.23270

#46: WhiteTailedDeer
position  1:    T:0.19811    C:0.26415    A:0.27358    G:0.26415
position  2:    T:0.27358    C:0.20755    A:0.33019    G:0.18868
position  3:    T:0.29245    C:0.20755    A:0.25472    G:0.24528
Average         T:0.25472    C:0.22642    A:0.28616    G:0.23270

#47: Cattle         
position  1:    T:0.19811    C:0.26415    A:0.27358    G:0.26415
position  2:    T:0.27358    C:0.20755    A:0.33019    G:0.18868
position  3:    T:0.29245    C:0.20755    A:0.25472    G:0.24528
Average         T:0.25472    C:0.22642    A:0.28616    G:0.23270

#48: RoyalAntelope  
position  1:    T:0.19811    C:0.26415    A:0.27358    G:0.26415
position  2:    T:0.27358    C:0.20755    A:0.33019    G:0.18868
position  3:    T:0.29245    C:0.20755    A:0.25472    G:0.24528
Average         T:0.25472    C:0.22642    A:0.28616    G:0.23270

#49: Steenbok       
position  1:    T:0.19811    C:0.26415    A:0.27358    G:0.26415
position  2:    T:0.27358    C:0.20755    A:0.33019    G:0.18868
position  3:    T:0.28302    C:0.22642    A:0.24528    G:0.24528
Average         T:0.25157    C:0.23270    A:0.28302    G:0.23270

#50: Impala         
position  1:    T:0.19811    C:0.26415    A:0.27358    G:0.26415
position  2:    T:0.27358    C:0.20755    A:0.33019    G:0.18868
position  3:    T:0.24528    C:0.25472    A:0.23585    G:0.26415
Average         T:0.23899    C:0.24214    A:0.27987    G:0.23899

#51: Klipspringer   
position  1:    T:0.19811    C:0.26415    A:0.27358    G:0.26415
position  2:    T:0.27358    C:0.20755    A:0.33019    G:0.18868
