CODONML (in paml version 4.10.7, June 2023)  /home/rachel/ruminants_paml/6406-phy-tree/ENSBTAT00000026299.fasta.phy
Model: free dN/dS Ratios for branches,  kappa = 2.000 fixed

Codon frequency model: F3x4
ns =  54  ls =  70

Codon usage in sequences
--------------------------------------------------------------------------------------------------------------------------------------
Phe TTT   6   5   6   6   5   6 | Ser TCT   0   0   0   0   0   0 | Tyr TAT   5   5   5   5   4   5 | Cys TGT   1   0   1   1   1   1
    TTC   2   3   2   2   3   2 |     TCC   1   1   1   1   0   1 |     TAC   2   2   2   2   3   2 |     TGC   2   3   2   2   2   2
Leu TTA   2   2   2   2   2   2 |     TCA   2   1   2   2   3   2 | *** TAA   0   0   0   0   0   0 | *** TGA   0   0   0   0   0   0
    TTG   1   0   1   1   1   1 |     TCG   0   1   0   0   0   0 |     TAG   0   0   0   0   0   0 | Trp TGG   1   1   1   1   1   1
--------------------------------------------------------------------------------------------------------------------------------------
Leu CTT   0   0   0   0   0   0 | Pro CCT   0   0   0   0   0   0 | His CAT   0   0   0   0   0   1 | Arg CGT   0   0   0   0   0   0
    CTC   4   4   4   4   4   4 |     CCC   0   0   0   0   0   0 |     CAC   3   3   3   3   3   2 |     CGC   0   0   0   0   0   0
    CTA   0   0   0   0   0   0 |     CCA   1   1   1   1   1   1 | Gln CAA   0   0   0   0   0   0 |     CGA   0   0   0   0   0   0
    CTG   2   3   2   2   2   2 |     CCG   0   0   0   0   0   0 |     CAG   0   0   0   0   0   0 |     CGG   0   0   0   0   0   0
--------------------------------------------------------------------------------------------------------------------------------------
Ile ATT   3   2   3   3   1   3 | Thr ACT   0   0   0   0   0   0 | Asn AAT   1   2   1   1   1   1 | Ser AGT   0   0   0   0   0   0
    ATC   3   4   3   3   4   4 |     ACC   0   0   0   0   0   0 |     AAC   1   0   1   1   1   1 |     AGC   1   1   1   1   1   1
    ATA   1   1   0   1   1   1 |     ACA   0   0   0   0   0   0 | Lys AAA   1   1   1   1   1   0 | Arg AGA   1   1   1   1   1   0
Met ATG   1   1   1   1   1   1 |     ACG   0   0   0   0   0   0 |     AAG   1   1   1   1   1   2 |     AGG   0   0   0   0   0   1
--------------------------------------------------------------------------------------------------------------------------------------
Val GTT   3   3   3   3   1   2 | Ala GCT   3   2   2   2   2   2 | Asp GAT   0   0   0   0   0   0 | Gly GGT   0   1   0   0   0   0
    GTC   1   1   1   1   3   1 |     GCC   1   2   2   2   2   2 |     GAC   0   0   0   0   0   0 |     GGC   2   1   2   2   2   2
    GTA   2   2   3   2   3   2 |     GCA   2   1   2   2   1   2 | Glu GAA   1   1   1   1   1   1 |     GGA   4   4   4   4   3   4
    GTG   1   1   1   1   1   1 |     GCG   0   1   0   0   1   0 |     GAG   0   0   0   0   0   0 |     GGG   1   1   1   1   2   1
--------------------------------------------------------------------------------------------------------------------------------------

--------------------------------------------------------------------------------------------------------------------------------------
Phe TTT   6   6   6   6   6   6 | Ser TCT   0   0   0   0   0   0 | Tyr TAT   5   5   5   5   5   6 | Cys TGT   1   1   1   1   1   1
    TTC   2   2   2   2   2   2 |     TCC   1   1   1   1   1   1 |     TAC   2   2   2   2   2   1 |     TGC   2   2   2   2   2   2
Leu TTA   2   2   2   2   3   2 |     TCA   2   2   2   2   2   2 | *** TAA   0   0   0   0   0   0 | *** TGA   0   0   0   0   0   0
    TTG   1   1   1   1   0   1 |     TCG   0   0   0   0   0   0 |     TAG   0   0   0   0   0   0 | Trp TGG   1   1   1   1   1   1
--------------------------------------------------------------------------------------------------------------------------------------
Leu CTT   0   0   0   0   0   0 | Pro CCT   0   0   0   0   0   0 | His CAT   0   0   0   0   0   0 | Arg CGT   0   0   0   0   0   0
    CTC   4   4   4   4   4   4 |     CCC   0   0   0   0   0   0 |     CAC   3   3   3   3   3   3 |     CGC   0   0   0   0   0   0
    CTA   0   0   0   0   0   1 |     CCA   1   1   1   1   1   1 | Gln CAA   0   0   0   0   0   0 |     CGA   0   0   0   0   0   0
    CTG   2   2   2   2   2   1 |     CCG   0   0   0   0   0   0 |     CAG   0   0   0   0   0   0 |     CGG   0   0   0   0   0   0
--------------------------------------------------------------------------------------------------------------------------------------
Ile ATT   3   3   3   3   3   2 | Thr ACT   0   0   0   0   0   0 | Asn AAT   1   1   1   1   1   1 | Ser AGT   0   0   0   0   0   0
    ATC   3   3   3   3   3   4 |     ACC   0   0   0   0   0   0 |     AAC   1   1   1   1   1   1 |     AGC   1   1   1   1   1   1
    ATA   1   1   1   1   0   0 |     ACA   0   0   0   0   0   0 | Lys AAA   1   1   1   1   1   1 | Arg AGA   1   1   1   1   1   1
Met ATG   1   1   1   1   1   1 |     ACG   0   0   0   0   0   0 |     AAG   1   1   1   1   1   1 |     AGG   0   0   0   0   0   0
--------------------------------------------------------------------------------------------------------------------------------------
Val GTT   3   3   3   3   3   3 | Ala GCT   3   3   3   4   2   3 | Asp GAT   0   0   0   0   0   0 | Gly GGT   0   0   0   0   0   0
    GTC   1   1   1   1   1   1 |     GCC   1   1   1   0   2   1 |     GAC   0   0   0   0   0   0 |     GGC   2   2   2   2   2   2
    GTA   2   2   2   2   3   3 |     GCA   2   2   2   2   2   2 | Glu GAA   1   1   1   1   1   1 |     GGA   4   4   4   4   4   4
    GTG   1   1   1   1   1   1 |     GCG   0   0   0   0   0   0 |     GAG   0   0   0   0   0   0 |     GGG   1   1   1   1   1   1
--------------------------------------------------------------------------------------------------------------------------------------

--------------------------------------------------------------------------------------------------------------------------------------
Phe TTT   6   6   6   5   6   6 | Ser TCT   0   0   0   0   0   0 | Tyr TAT   5   5   5   5   5   5 | Cys TGT   1   1   1   1   1   1
    TTC   2   2   2   3   2   2 |     TCC   1   1   1   1   1   1 |     TAC   2   2   2   2   2   2 |     TGC   2   2   2   2   2   2
Leu TTA   2   2   2   2   1   2 |     TCA   2   2   2   2   2   2 | *** TAA   0   0   0   0   0   0 | *** TGA   0   0   0   0   0   0
    TTG   1   1   1   1   1   1 |     TCG   0   0   0   0   0   0 |     TAG   0   0   0   0   0   0 | Trp TGG   1   1   1   1   1   1
--------------------------------------------------------------------------------------------------------------------------------------
Leu CTT   0   0   0   0   1   0 | Pro CCT   0   0   0   0   0   0 | His CAT   0   0   0   0   0   0 | Arg CGT   0   0   0   0   0   0
    CTC   4   4   3   4   3   4 |     CCC   0   0   0   0   0   0 |     CAC   3   3   3   3   3   3 |     CGC   0   0   0   0   0   0
    CTA   0   0   0   0   1   0 |     CCA   1   1   1   1   1   1 | Gln CAA   0   0   0   0   0   0 |     CGA   0   0   0   0   0   0
    CTG   2   2   3   2   2   2 |     CCG   0   0   0   0   0   0 |     CAG   0   0   0   0   0   0 |     CGG   0   0   0   0   0   0
--------------------------------------------------------------------------------------------------------------------------------------
Ile ATT   3   3   3   3   3   3 | Thr ACT   0   0   0   0   0   0 | Asn AAT   1   1   1   1   1   1 | Ser AGT   0   0   0   0   0   0
    ATC   3   3   3   3   3   3 |     ACC   0   0   0   0   0   0 |     AAC   1   1   1   1   1   1 |     AGC   1   1   1   1   1   1
    ATA   1   0   1   1   1   1 |     ACA   0   0   0   0   0   0 | Lys AAA   1   1   1   1   1   1 | Arg AGA   1   1   1   1   1   1
Met ATG   1   1   1   1   1   1 |     ACG   0   0   0   0   0   0 |     AAG   1   1   1   1   1   1 |     AGG   0   0   0   0   0   0
--------------------------------------------------------------------------------------------------------------------------------------
Val GTT   3   3   3   3   3   3 | Ala GCT   3   2   3   3   3   3 | Asp GAT   0   0   0   0   0   0 | Gly GGT   0   0   0   0   0   0
    GTC   1   1   1   1   1   1 |     GCC   1   2   1   1   1   1 |     GAC   0   0   0   0   0   0 |     GGC   3   2   2   2   3   2
    GTA   2   3   2   2   2   2 |     GCA   2   2   2   2   2   2 | Glu GAA   1   1   1   1   1   1 |     GGA   4   4   4   4   3   4
    GTG   1   1   1   1   1   1 |     GCG   0   0   0   0   0   0 |     GAG   0   0   0   0   0   0 |     GGG   0   1   1   1   1   1
--------------------------------------------------------------------------------------------------------------------------------------

--------------------------------------------------------------------------------------------------------------------------------------
Phe TTT   6   6   6   6   6   6 | Ser TCT   0   0   0   0   0   0 | Tyr TAT   4   4   5   5   5   5 | Cys TGT   1   1   1   1   1   1
    TTC   2   2   2   2   2   2 |     TCC   1   1   1   1   1   1 |     TAC   3   3   2   2   2   2 |     TGC   2   2   2   2   2   2
Leu TTA   2   2   2   2   2   2 |     TCA   2   2   2   2   2   2 | *** TAA   0   0   0   0   0   0 | *** TGA   0   0   0   0   0   0
    TTG   1   1   1   1   1   1 |     TCG   0   0   0   0   0   0 |     TAG   0   0   0   0   0   0 | Trp TGG   1   1   1   1   1   1
--------------------------------------------------------------------------------------------------------------------------------------
Leu CTT   0   0   0   0   0   0 | Pro CCT   0   0   0   0   0   0 | His CAT   0   0   0   0   0   0 | Arg CGT   0   0   0   0   0   0
    CTC   4   4   4   4   4   4 |     CCC   0   0   0   0   0   0 |     CAC   3   3   3   3   3   3 |     CGC   0   0   0   0   0   0
    CTA   0   0   0   0   0   0 |     CCA   1   1   1   1   1   1 | Gln CAA   0   0   0   0   0   0 |     CGA   0   0   0   0   0   0
    CTG   2   2   2   2   2   2 |     CCG   0   0   0   0   0   0 |     CAG   0   0   0   0   0   0 |     CGG   0   0   0   0   0   0
--------------------------------------------------------------------------------------------------------------------------------------
Ile ATT   4   4   3   3   2   3 | Thr ACT   0   0   0   0   0   0 | Asn AAT   1   1   1   1   1   1 | Ser AGT   1   0   0   0   0   0
    ATC   2   2   3   3   3   3 |     ACC   0   0   0   0   0   0 |     AAC   1   1   1   1   1   1 |     AGC   0   1   1   1   1   1
    ATA   0   1   1   0   1   1 |     ACA   0   0   0   0   0   0 | Lys AAA   1   1   1   1   1   1 | Arg AGA   1   1   1   1   1   1
Met ATG   1   1   1   1   1   1 |     ACG   0   0   0   0   0   0 |     AAG   1   1   1   1   1   1 |     AGG   0   0   0   0   0   0
--------------------------------------------------------------------------------------------------------------------------------------
Val GTT   3   3   3   3   4   3 | Ala GCT   2   2   3   2   3   3 | Asp GAT   0   0   0   0   0   0 | Gly GGT   0   0   0   0   0   0
    GTC   1   1   1   1   1   1 |     GCC   2   2   1   2   1   1 |     GAC   0   0   0   0   0   0 |     GGC   2   2   2   2   2   2
    GTA   3   2   2   3   2   2 |     GCA   2   2   2   2   2   2 | Glu GAA   1   1   1   1   1   1 |     GGA   4   4   4   4   4   4
    GTG   1   1   1   1   1   1 |     GCG   0   0   0   0   0   0 |     GAG   0   0   0   0   0   0 |     GGG   1   1   1   1   1   1
--------------------------------------------------------------------------------------------------------------------------------------

--------------------------------------------------------------------------------------------------------------------------------------
Phe TTT   6   6   6   6   6   6 | Ser TCT   0   0   0   0   0   0 | Tyr TAT   6   7   5   5   5   5 | Cys TGT   2   1   1   1   1   1
    TTC   2   2   2   2   2   2 |     TCC   1   1   1   1   1   1 |     TAC   1   0   2   2   2   2 |     TGC   1   2   2   2   2   2
Leu TTA   2   2   2   2   2   2 |     TCA   2   2   2   2   2   2 | *** TAA   0   0   0   0   0   0 | *** TGA   0   0   0   0   0   0
    TTG   1   1   1   1   1   1 |     TCG   0   0   0   0   0   0 |     TAG   0   0   0   0   0   0 | Trp TGG   1   1   1   1   1   1
--------------------------------------------------------------------------------------------------------------------------------------
Leu CTT   0   0   0   0   0   0 | Pro CCT   0   0   0   0   0   0 | His CAT   0   0   0   0   0   0 | Arg CGT   0   0   0   0   0   0
    CTC   4   4   4   4   3   4 |     CCC   0   0   0   0   0   0 |     CAC   3   3   3   3   3   3 |     CGC   0   0   0   0   0   0
    CTA   0   0   0   0   0   0 |     CCA   1   1   1   1   1   1 | Gln CAA   0   0   0   0   0   0 |     CGA   0   0   0   0   0   0
    CTG   2   2   2   2   3   2 |     CCG   0   0   0   0   0   0 |     CAG   0   0   0   0   0   0 |     CGG   0   0   0   0   0   0
--------------------------------------------------------------------------------------------------------------------------------------
Ile ATT   4   3   3   3   3   3 | Thr ACT   0   0   0   0   0   0 | Asn AAT   1   1   1   1   1   1 | Ser AGT   0   0   0   0   0   0
    ATC   3   3   3   3   3   3 |     ACC   0   0   0   0   0   0 |     AAC   1   1   1   1   1   1 |     AGC   1   1   1   1   1   1
    ATA   0   0   1   1   1   0 |     ACA   0   0   0   0   0   0 | Lys AAA   1   1   1   1   1   1 | Arg AGA   1   1   1   1   1   1
Met ATG   1   1   1   1   1   1 |     ACG   0   0   0   0   0   0 |     AAG   1   1   1   1   1   1 |     AGG   0   0   0   0   0   0
--------------------------------------------------------------------------------------------------------------------------------------
Val GTT   2   3   3   3   3   3 | Ala GCT   3   3   3   3   3   2 | Asp GAT   0   0   0   0   0   0 | Gly GGT   0   0   0   0   0   0
    GTC   1   1   1   1   1   1 |     GCC   1   1   1   1   1   2 |     GAC   0   0   0   0   0   0 |     GGC   2   2   3   2   2   2
    GTA   3   3   2   2   2   3 |     GCA   2   2   2   2   2   2 | Glu GAA   1   1   1   1   1   1 |     GGA   4   4   4   4   4   4
    GTG   1   1   1   1   1   1 |     GCG   0   0   0   0   0   0 |     GAG   0   0   0   0   0   0 |     GGG   1   1   0   1   1   1
--------------------------------------------------------------------------------------------------------------------------------------

--------------------------------------------------------------------------------------------------------------------------------------
Phe TTT   6   6   6   6   6   6 | Ser TCT   0   0   0   0   0   0 | Tyr TAT   5   5   6   5   5   5 | Cys TGT   1   1   1   1   1   1
    TTC   2   2   2   2   2   2 |     TCC   1   1   1   1   1   1 |     TAC   2   2   1   2   2   2 |     TGC   2   2   2   2   2   2
Leu TTA   2   3   2   1   2   2 |     TCA   2   2   2   2   2   2 | *** TAA   0   0   0   0   0   0 | *** TGA   0   0   0   0   0   0
    TTG   1   0   1   1   1   1 |     TCG   0   0   0   0   0   0 |     TAG   0   0   0   0   0   0 | Trp TGG   1   1   1   1   1   1
--------------------------------------------------------------------------------------------------------------------------------------
Leu CTT   0   0   0   0   0   0 | Pro CCT   0   0   0   0   0   0 | His CAT   0   0   0   0   0   0 | Arg CGT   0   0   0   0   0   0
    CTC   4   4   4   4   4   3 |     CCC   0   0   0   0   0   0 |     CAC   3   3   3   3   3   3 |     CGC   0   0   0   0   0   0
    CTA   0   0   1   1   1   0 |     CCA   1   1   1   1   1   1 | Gln CAA   0   0   0   0   0   0 |     CGA   0   0   0   0   0   0
    CTG   2   2   1   2   1   3 |     CCG   0   0   0   0   0   0 |     CAG   0   0   0   0   0   0 |     CGG   0   0   0   0   0   0
--------------------------------------------------------------------------------------------------------------------------------------
Ile ATT   3   3   2   3   2   3 | Thr ACT   0   0   0   0   0   0 | Asn AAT   1   1   1   1   1   1 | Ser AGT   0   0   0   0   0   0
    ATC   3   3   4   3   4   3 |     ACC   0   0   0   0   0   0 |     AAC   1   1   1   1   1   1 |     AGC   1   1   1   1   1   1
    ATA   1   0   0   1   1   1 |     ACA   0   0   0   0   0   0 | Lys AAA   1   1   1   1   1   1 | Arg AGA   1   1   1   1   1   1
Met ATG   1   1   1   1   1   1 |     ACG   0   0   0   0   0   0 |     AAG   1   1   1   1   1   1 |     AGG   0   0   0   0   0   0
--------------------------------------------------------------------------------------------------------------------------------------
Val GTT   3   3   3   3   3   3 | Ala GCT   3   2   3   3   2   3 | Asp GAT   0   0   0   0   0   0 | Gly GGT   0   0   0   0   0   0
    GTC   1   1   1   1   1   1 |     GCC   1   2   1   1   1   1 |     GAC   0   0   0   0   0   0 |     GGC   2   2   2   2   3   2
    GTA   2   3   3   2   3   2 |     GCA   2   2   2   2   3   2 | Glu GAA   1   1   1   1   1   1 |     GGA   4   4   4   4   2   4
    GTG   1   1   1   1   1   1 |     GCG   0   0   0   0   0   0 |     GAG   0   0   0   0   0   0 |     GGG   1   1   1   1   1   1
--------------------------------------------------------------------------------------------------------------------------------------

--------------------------------------------------------------------------------------------------------------------------------------
Phe TTT   6   6   6   6   6   6 | Ser TCT   0   0   0   0   0   0 | Tyr TAT   5   5   5   5   5   7 | Cys TGT   1   1   1   1   1   1
    TTC   2   2   2   2   2   2 |     TCC   1   1   1   1   1   1 |     TAC   2   2   2   2   2   0 |     TGC   2   2   2   2   2   2
Leu TTA   2   2   2   2   2   2 |     TCA   2   2   2   2   2   2 | *** TAA   0   0   0   0   0   0 | *** TGA   0   0   0   0   0   0
    TTG   1   1   1   1   1   1 |     TCG   0   0   0   0   0   0 |     TAG   0   0   0   0   0   0 | Trp TGG   1   1   1   1   1   1
--------------------------------------------------------------------------------------------------------------------------------------
Leu CTT   0   0   0   0   0   0 | Pro CCT   0   0   0   0   0   0 | His CAT   0   0   0   0   0   0 | Arg CGT   0   0   0   0   0   0
    CTC   4   4   4   4   4   4 |     CCC   0   0   0   0   0   0 |     CAC   3   3   3   3   3   3 |     CGC   0   0   0   0   0   0
    CTA   0   0   0   0   0   0 |     CCA   1   1   1   1   1   1 | Gln CAA   0   0   0   0   0   0 |     CGA   0   0   0   0   0   0
    CTG   2   2   2   2   2   2 |     CCG   0   0   0   0   0   0 |     CAG   0   0   0   0   0   0 |     CGG   0   0   0   0   0   0
--------------------------------------------------------------------------------------------------------------------------------------
Ile ATT   3   3   3   3   3   3 | Thr ACT   0   0   0   0   0   0 | Asn AAT   1   1   1   1   1   1 | Ser AGT   0   0   0   0   0   0
    ATC   3   3   3   3   3   3 |     ACC   0   0   0   0   0   0 |     AAC   1   1   1   1   1   1 |     AGC   1   1   1   1   1   1
    ATA   1   0   1   1   1   0 |     ACA   0   0   0   0   0   0 | Lys AAA   1   1   1   1   1   1 | Arg AGA   1   1   1   1   1   1
Met ATG   1   1   1   1   1   1 |     ACG   0   0   0   0   0   0 |     AAG   1   1   1   1   1   1 |     AGG   0   0   0   0   0   0
--------------------------------------------------------------------------------------------------------------------------------------
Val GTT   3   3   3   3   3   3 | Ala GCT   3   3   3   3   3   3 | Asp GAT   0   0   0   0   0   0 | Gly GGT   0   0   0   0   0   0
    GTC   1   1   1   1   1   1 |     GCC   1   1   1   1   1   1 |     GAC   0   0   0   0   0   0 |     GGC   2   2   2   2   2   2
    GTA   2   3   2   2   2   3 |     GCA   2   2   2   2   2   2 | Glu GAA   1   1   1   1   1   1 |     GGA   4   4   4   4   4   5
    GTG   1   1   1   1   1   1 |     GCG   0   0   0   0   0   0 |     GAG   0   0   0   0   0   0 |     GGG   1   1   1   1   1   0
--------------------------------------------------------------------------------------------------------------------------------------

--------------------------------------------------------------------------------------------------------------------------------------
Phe TTT   6   6   6   6   6   6 | Ser TCT   0   0   0   0   0   0 | Tyr TAT   6   5   6   7   5   5 | Cys TGT   1   1   1   1   1   1
    TTC   2   2   2   2   2   2 |     TCC   1   1   1   1   1   1 |     TAC   1   2   1   0   2   2 |     TGC   2   2   2   2   2   2
Leu TTA   2   2   2   2   2   2 |     TCA   2   2   2   2   2   2 | *** TAA   0   0   0   0   0   0 | *** TGA   0   0   0   0   0   0
    TTG   0   1   1   1   1   1 |     TCG   0   0   0   0   0   0 |     TAG   0   0   0   0   0   0 | Trp TGG   1   1   1   1   1   1
--------------------------------------------------------------------------------------------------------------------------------------
Leu CTT   0   0   0   0   0   0 | Pro CCT   0   0   0   0   0   0 | His CAT   0   0   0   0   0   0 | Arg CGT   0   0   0   0   0   0
    CTC   4   4   4   4   4   4 |     CCC   0   0   0   0   0   0 |     CAC   3   3   3   3   3   3 |     CGC   0   0   0   0   0   0
    CTA   0   0   1   0   0   0 |     CCA   1   1   1   1   1   1 | Gln CAA   0   0   0   0   0   0 |     CGA   0   0   0   0   0   0
    CTG   3   2   1   2   2   2 |     CCG   0   0   0   0   0   0 |     CAG   0   0   0   0   0   0 |     CGG   0   0   0   0   0   0
--------------------------------------------------------------------------------------------------------------------------------------
Ile ATT   3   3   2   3   3   3 | Thr ACT   0   0   0   0   0   0 | Asn AAT   1   1   1   1   1   1 | Ser AGT   0   0   0   0   0   0
    ATC   3   3   4   3   3   3 |     ACC   0   0   0   0   0   0 |     AAC   1   1   1   1   1   1 |     AGC   1   1   1   1   1   1
    ATA   0   1   0   0   0   0 |     ACA   0   0   0   0   0   0 | Lys AAA   1   1   1   1   1   1 | Arg AGA   1   1   1   1   1   1
Met ATG   1   1   1   1   1   1 |     ACG   0   0   0   0   0   0 |     AAG   1   1   1   1   1   1 |     AGG   0   0   0   0   0   0
--------------------------------------------------------------------------------------------------------------------------------------
Val GTT   3   3   3   3   3   3 | Ala GCT   3   3   3   3   3   3 | Asp GAT   0   0   0   0   0   0 | Gly GGT   0   0   0   0   0   0
    GTC   1   1   1   1   1   1 |     GCC   1   1   1   1   1   1 |     GAC   0   0   0   0   0   0 |     GGC   2   2   2   2   2   2
    GTA   3   2   3   3   3   3 |     GCA   2   2   2   2   2   2 | Glu GAA   1   1   1   1   1   1 |     GGA   4   4   4   4   4   4
    GTG   1   1   1   1   1   1 |     GCG   0   0   0   0   0   0 |     GAG   0   0   0   0   0   0 |     GGG   1   1   1   1   1   1
--------------------------------------------------------------------------------------------------------------------------------------

--------------------------------------------------------------------------------------------------------------------------------------
Phe TTT   6   6   6   6   6   6 | Ser TCT   0   0   0   0   0   0 | Tyr TAT   5   5   5   5   5   5 | Cys TGT   1   1   1   1   1   1
    TTC   2   2   2   2   2   2 |     TCC   1   1   1   1   1   1 |     TAC   2   2   2   2   2   2 |     TGC   2   2   2   2   2   2
Leu TTA   1   2   2   2   2   3 |     TCA   2   2   2   2   2   2 | *** TAA   0   0   0   0   0   0 | *** TGA   0   0   0   0   0   0
    TTG   1   1   1   1   1   0 |     TCG   0   0   0   0   0   0 |     TAG   0   0   0   0   0   0 | Trp TGG   1   1   1   1   1   1
--------------------------------------------------------------------------------------------------------------------------------------
Leu CTT   0   0   0   0   0   0 | Pro CCT   0   0   0   0   0   0 | His CAT   0   0   0   0   0   0 | Arg CGT   0   0   0   0   0   0
    CTC   4   4   4   4   4   4 |     CCC   0   0   0   0   0   0 |     CAC   3   3   3   3   3   3 |     CGC   0   0   0   0   0   0
    CTA   1   0   0   0   0   0 |     CCA   1   1   1   1   1   1 | Gln CAA   0   0   0   0   0   0 |     CGA   0   0   0   0   0   0
    CTG   2   2   2   2   2   2 |     CCG   0   0   0   0   0   0 |     CAG   0   0   0   0   0   0 |     CGG   0   0   0   0   0   0
--------------------------------------------------------------------------------------------------------------------------------------
Ile ATT   3   3   3   3   3   3 | Thr ACT   0   0   0   0   0   0 | Asn AAT   1   1   1   1   1   1 | Ser AGT   0   0   0   0   0   0
    ATC   2   3   3   3   3   3 |     ACC   0   0   0   0   0   0 |     AAC   1   1   1   1   1   1 |     AGC   1   1   1   1   1   1
    ATA   2   1   1   1   0   0 |     ACA   0   0   0   0   0   0 | Lys AAA   1   1   1   1   1   1 | Arg AGA   1   1   1   1   1   1
Met ATG   1   1   1   1   1   1 |     ACG   0   0   0   0   0   0 |     AAG   1   1   1   1   1   1 |     AGG   0   0   0   0   0   0
--------------------------------------------------------------------------------------------------------------------------------------
Val GTT   3   3   3   3   3   3 | Ala GCT   3   3   3   2   2   2 | Asp GAT   0   0   0   0   0   0 | Gly GGT   0   0   0   0   0   0
    GTC   1   1   1   1   1   1 |     GCC   1   1   1   2   2   2 |     GAC   0   0   0   0   0   0 |     GGC   2   2   2   2   2   2
    GTA   2   2   2   2   3   3 |     GCA   2   2   2   2   2   2 | Glu GAA   1   1   1   1   1   1 |     GGA   4   4   4   4   4   4
    GTG   1   1   1   1   1   1 |     GCG   0   0   0   0   0   0 |     GAG   0   0   0   0   0   0 |     GGG   1   1   1   1   1   1
--------------------------------------------------------------------------------------------------------------------------------------

Codon position x base (3x4) table for each sequence.

#1: Argali         
position  1:    T:0.35714    C:0.14286    A:0.20000    G:0.30000
position  2:    T:0.45714    C:0.14286    A:0.21429    G:0.18571
position  3:    T:0.31429    C:0.32857    A:0.24286    G:0.11429
Average         T:0.37619    C:0.20476    A:0.21905    G:0.20000

#2: LesserMouseDeer
position  1:    T:0.34286    C:0.15714    A:0.20000    G:0.30000
position  2:    T:0.45714    C:0.14286    A:0.21429    G:0.18571
position  3:    T:0.28571    C:0.35714    A:0.21429    G:0.14286
Average         T:0.36190    C:0.21905    A:0.20952    G:0.20952

#3: LesserKudu     
position  1:    T:0.35714    C:0.14286    A:0.18571    G:0.31429
position  2:    T:0.45714    C:0.14286    A:0.21429    G:0.18571
position  3:    T:0.30000    C:0.34286    A:0.24286    G:0.11429
Average         T:0.37143    C:0.20952    A:0.21429    G:0.20476

#4: ForestMuskDeer2
position  1:    T:0.35714    C:0.14286    A:0.20000    G:0.30000
position  2:    T:0.45714    C:0.14286    A:0.21429    G:0.18571
position  3:    T:0.30000    C:0.34286    A:0.24286    G:0.11429
Average         T:0.37143    C:0.20952    A:0.21905    G:0.20000

#5: Camel          
position  1:    T:0.35714    C:0.14286    A:0.18571    G:0.31429
position  2:    T:0.45714    C:0.14286    A:0.21429    G:0.18571
position  3:    T:0.21429    C:0.40000    A:0.24286    G:0.14286
Average         T:0.34286    C:0.22857    A:0.21429    G:0.21429

#6: KillerWhale    
position  1:    T:0.35714    C:0.14286    A:0.21429    G:0.28571
position  2:    T:0.45714    C:0.14286    A:0.21429    G:0.18571
position  3:    T:0.30000    C:0.34286    A:0.21429    G:0.14286
Average         T:0.37143    C:0.20952    A:0.21429    G:0.20476

#7: DefassaWaterbuck
position  1:    T:0.35714    C:0.14286    A:0.20000    G:0.30000
position  2:    T:0.45714    C:0.14286    A:0.21429    G:0.18571
position  3:    T:0.31429    C:0.32857    A:0.24286    G:0.11429
Average         T:0.37619    C:0.20476    A:0.21905    G:0.20000

#8: Sheep          
position  1:    T:0.35714    C:0.14286    A:0.20000    G:0.30000
position  2:    T:0.45714    C:0.14286    A:0.21429    G:0.18571
position  3:    T:0.31429    C:0.32857    A:0.24286    G:0.11429
Average         T:0.37619    C:0.20476    A:0.21905    G:0.20000

#9: MaxwellsDuiker 
position  1:    T:0.35714    C:0.14286    A:0.20000    G:0.30000
position  2:    T:0.45714    C:0.14286    A:0.21429    G:0.18571
position  3:    T:0.31429    C:0.32857    A:0.24286    G:0.11429
Average         T:0.37619    C:0.20476    A:0.21905    G:0.20000

#10: GazellaPrzewalskyi
position  1:    T:0.35714    C:0.14286    A:0.20000    G:0.30000
position  2:    T:0.45714    C:0.14286    A:0.21429    G:0.18571
position  3:    T:0.32857    C:0.31429    A:0.24286    G:0.11429
Average         T:0.38095    C:0.20000    A:0.21905    G:0.20000

#11: MountainNyala  
position  1:    T:0.35714    C:0.14286    A:0.18571    G:0.31429
position  2:    T:0.45714    C:0.14286    A:0.21429    G:0.18571
position  3:    T:0.30000    C:0.34286    A:0.25714    G:0.10000
Average         T:0.37143    C:0.20952    A:0.21905    G:0.20000

#12: MuntiacusMuntjak
position  1:    T:0.35714    C:0.14286    A:0.18571    G:0.31429
position  2:    T:0.45714    C:0.14286    A:0.21429    G:0.18571
position  3:    T:0.31429    C:0.32857    A:0.25714    G:0.10000
Average         T:0.37619    C:0.20476    A:0.21905    G:0.20000

#13: goat           
position  1:    T:0.35714    C:0.14286    A:0.20000    G:0.30000
position  2:    T:0.45714    C:0.14286    A:0.21429    G:0.18571
position  3:    T:0.31429    C:0.34286    A:0.24286    G:0.10000
Average         T:0.37619    C:0.20952    A:0.21905    G:0.19524

#14: AfricanBuffalo 
position  1:    T:0.35714    C:0.14286    A:0.18571    G:0.31429
position  2:    T:0.45714    C:0.14286    A:0.21429    G:0.18571
position  3:    T:0.30000    C:0.34286    A:0.24286    G:0.11429
Average         T:0.37143    C:0.20952    A:0.21429    G:0.20476

#15: Topi           
position  1:    T:0.35714    C:0.14286    A:0.20000    G:0.30000
position  2:    T:0.45714    C:0.14286    A:0.21429    G:0.18571
position  3:    T:0.31429    C:0.31429    A:0.24286    G:0.12857
Average         T:0.37619    C:0.20000    A:0.21905    G:0.20476

#16: CommonDuiker   
position  1:    T:0.35714    C:0.14286    A:0.20000    G:0.30000
position  2:    T:0.45714    C:0.14286    A:0.21429    G:0.18571
position  3:    T:0.30000    C:0.34286    A:0.24286    G:0.11429
Average         T:0.37143    C:0.20952    A:0.21905    G:0.20000

#17: Suni           
position  1:    T:0.34286    C:0.15714    A:0.20000    G:0.30000
position  2:    T:0.45714    C:0.14286    A:0.21429    G:0.18571
position  3:    T:0.32857    C:0.32857    A:0.22857    G:0.11429
Average         T:0.37619    C:0.20952    A:0.21429    G:0.20000

#18: Springbuck     
position  1:    T:0.35714    C:0.14286    A:0.20000    G:0.30000
position  2:    T:0.45714    C:0.14286    A:0.21429    G:0.18571
position  3:    T:0.31429    C:0.32857    A:0.24286    G:0.11429
Average         T:0.37619    C:0.20476    A:0.21905    G:0.20000

#19: Okapi          
position  1:    T:0.35714    C:0.14286    A:0.18571    G:0.31429
position  2:    T:0.45714    C:0.14286    A:0.21429    G:0.18571
position  3:    T:0.31429    C:0.32857    A:0.24286    G:0.11429
Average         T:0.37619    C:0.20476    A:0.21429    G:0.20476

#20: Giraffe        
position  1:    T:0.35714    C:0.14286    A:0.20000    G:0.30000
position  2:    T:0.45714    C:0.14286    A:0.21429    G:0.18571
position  3:    T:0.30000    C:0.34286    A:0.24286    G:0.11429
Average         T:0.37143    C:0.20952    A:0.21905    G:0.20000

#21: TibetanAntelope
position  1:    T:0.35714    C:0.14286    A:0.20000    G:0.30000
position  2:    T:0.45714    C:0.14286    A:0.21429    G:0.18571
position  3:    T:0.31429    C:0.32857    A:0.24286    G:0.11429
Average         T:0.37619    C:0.20476    A:0.21905    G:0.20000

#22: Sitatunga      
position  1:    T:0.35714    C:0.14286    A:0.18571    G:0.31429
position  2:    T:0.45714    C:0.14286    A:0.21429    G:0.18571
position  3:    T:0.30000    C:0.34286    A:0.24286    G:0.11429
Average         T:0.37143    C:0.20952    A:0.21429    G:0.20476

#23: Oribi          
position  1:    T:0.35714    C:0.14286    A:0.18571    G:0.31429
position  2:    T:0.45714    C:0.14286    A:0.21429    G:0.18571
position  3:    T:0.31429    C:0.32857    A:0.24286    G:0.11429
Average         T:0.37619    C:0.20476    A:0.21429    G:0.20476

#24: BarbarySheep   
position  1:    T:0.35714    C:0.14286    A:0.20000    G:0.30000
position  2:    T:0.45714    C:0.14286    A:0.21429    G:0.18571
position  3:    T:0.31429    C:0.32857    A:0.24286    G:0.11429
Average         T:0.37619    C:0.20476    A:0.21905    G:0.20000

#25: Daviddeer      
position  1:    T:0.35714    C:0.14286    A:0.20000    G:0.30000
position  2:    T:0.45714    C:0.14286    A:0.21429    G:0.18571
position  3:    T:0.34286    C:0.30000    A:0.24286    G:0.11429
Average         T:0.38571    C:0.19524    A:0.21905    G:0.20000

#26: Reindeer       
position  1:    T:0.35714    C:0.14286    A:0.18571    G:0.31429
position  2:    T:0.45714    C:0.14286    A:0.21429    G:0.18571
position  3:    T:0.34286    C:0.30000    A:0.24286    G:0.11429
Average         T:0.38571    C:0.19524    A:0.21429    G:0.20476

#27: Ibex           
position  1:    T:0.35714    C:0.14286    A:0.20000    G:0.30000
position  2:    T:0.45714    C:0.14286    A:0.21429    G:0.18571
position  3:    T:0.31429    C:0.34286    A:0.24286    G:0.10000
Average         T:0.37619    C:0.20952    A:0.21905    G:0.19524

#28: GyrantGazelle  
position  1:    T:0.35714    C:0.14286    A:0.20000    G:0.30000
position  2:    T:0.45714    C:0.14286    A:0.21429    G:0.18571
position  3:    T:0.31429    C:0.32857    A:0.24286    G:0.11429
Average         T:0.37619    C:0.20476    A:0.21905    G:0.20000

#29: Hartebeest     
position  1:    T:0.35714    C:0.14286    A:0.20000    G:0.30000
position  2:    T:0.45714    C:0.14286    A:0.21429    G:0.18571
position  3:    T:0.31429    C:0.31429    A:0.24286    G:0.12857
Average         T:0.37619    C:0.20000    A:0.21905    G:0.20476

#30: Bongo          
position  1:    T:0.35714    C:0.14286    A:0.18571    G:0.31429
position  2:    T:0.45714    C:0.14286    A:0.21429    G:0.18571
position  3:    T:0.30000    C:0.34286    A:0.24286    G:0.11429
Average         T:0.37143    C:0.20952    A:0.21429    G:0.20476

#31: Gerenuk        
position  1:    T:0.35714    C:0.14286    A:0.20000    G:0.30000
position  2:    T:0.45714    C:0.14286    A:0.21429    G:0.18571
position  3:    T:0.31429    C:0.32857    A:0.24286    G:0.11429
Average         T:0.37619    C:0.20476    A:0.21905    G:0.20000

#32: CommonEland    
position  1:    T:0.35714    C:0.14286    A:0.18571    G:0.31429
position  2:    T:0.45714    C:0.14286    A:0.21429    G:0.18571
position  3:    T:0.30000    C:0.34286    A:0.25714    G:0.10000
Average         T:0.37143    C:0.20952    A:0.21905    G:0.20000

#33: MuntiacusReevesi
position  1:    T:0.35714    C:0.14286    A:0.18571    G:0.31429
position  2:    T:0.45714    C:0.14286    A:0.21429    G:0.18571
position  3:    T:0.31429    C:0.32857    A:0.25714    G:0.10000
Average         T:0.37619    C:0.20476    A:0.21905    G:0.20000

#34: HarveysDuiker  
position  1:    T:0.34286    C:0.15714    A:0.20000    G:0.30000
position  2:    T:0.45714    C:0.14286    A:0.21429    G:0.18571
position  3:    T:0.31429    C:0.32857    A:0.24286    G:0.11429
Average         T:0.37143    C:0.20952    A:0.21905    G:0.20000

#35: Pronghorn      
position  1:    T:0.35714    C:0.14286    A:0.20000    G:0.30000
position  2:    T:0.47143    C:0.14286    A:0.21429    G:0.17143
position  3:    T:0.28571    C:0.35714    A:0.25714    G:0.10000
Average         T:0.37143    C:0.21429    A:0.22381    G:0.19048

#36: BlueWildebeest 
position  1:    T:0.35714    C:0.14286    A:0.20000    G:0.30000
position  2:    T:0.45714    C:0.14286    A:0.21429    G:0.18571
position  3:    T:0.31429    C:0.31429    A:0.24286    G:0.12857
Average         T:0.37619    C:0.20000    A:0.21905    G:0.20476

#37: Gemsbok        
position  1:    T:0.35714    C:0.14286    A:0.20000    G:0.30000
position  2:    T:0.45714    C:0.14286    A:0.21429    G:0.18571
position  3:    T:0.31429    C:0.32857    A:0.24286    G:0.11429
Average         T:0.37619    C:0.20476    A:0.21905    G:0.20000

#38: Yak            
position  1:    T:0.35714    C:0.14286    A:0.18571    G:0.31429
position  2:    T:0.45714    C:0.14286    A:0.21429    G:0.18571
position  3:    T:0.31429    C:0.32857    A:0.24286    G:0.11429
Average         T:0.37619    C:0.20476    A:0.21429    G:0.20476

#39: BlueSheep      
position  1:    T:0.35714    C:0.14286    A:0.20000    G:0.30000
position  2:    T:0.45714    C:0.14286    A:0.21429    G:0.18571
position  3:    T:0.31429    C:0.32857    A:0.24286    G:0.11429
Average         T:0.37619    C:0.20476    A:0.21905    G:0.20000

#40: BohorReedbuck  
position  1:    T:0.35714    C:0.14286    A:0.20000    G:0.30000
position  2:    T:0.45714    C:0.14286    A:0.21429    G:0.18571
position  3:    T:0.31429    C:0.32857    A:0.24286    G:0.11429
Average         T:0.37619    C:0.20476    A:0.21905    G:0.20000

#41: KirksDik       
position  1:    T:0.35714    C:0.14286    A:0.20000    G:0.30000
position  2:    T:0.45714    C:0.14286    A:0.21429    G:0.18571
position  3:    T:0.31429    C:0.32857    A:0.24286    G:0.11429
Average         T:0.37619    C:0.20476    A:0.21905    G:0.20000

#42: RoeDeer        
position  1:    T:0.35714    C:0.14286    A:0.18571    G:0.31429
position  2:    T:0.45714    C:0.14286    A:0.21429    G:0.18571
position  3:    T:0.34286    C:0.30000    A:0.25714    G:0.10000
Average         T:0.38571    C:0.19524    A:0.21905    G:0.20000

#43: WhiteLippedDeer
position  1:    T:0.34286    C:0.15714    A:0.18571    G:0.31429
position  2:    T:0.45714    C:0.14286    A:0.21429    G:0.18571
position  3:    T:0.32857    C:0.31429    A:0.24286    G:0.11429
Average         T:0.37619    C:0.20476    A:0.21429    G:0.20476

#44: ThomsonGazelle 
position  1:    T:0.35714    C:0.14286    A:0.20000    G:0.30000
position  2:    T:0.45714    C:0.14286    A:0.21429    G:0.18571
position  3:    T:0.31429    C:0.32857    A:0.24286    G:0.11429
Average         T:0.37619    C:0.20476    A:0.21905    G:0.20000

#45: MuntiacusCrinifrons
position  1:    T:0.35714    C:0.14286    A:0.18571    G:0.31429
position  2:    T:0.45714    C:0.14286    A:0.21429    G:0.18571
position  3:    T:0.31429    C:0.32857    A:0.25714    G:0.10000
Average         T:0.37619    C:0.20476    A:0.21905    G:0.20000

#46: WhiteTailedDeer
position  1:    T:0.35714    C:0.14286    A:0.18571    G:0.31429
position  2:    T:0.45714    C:0.14286    A:0.21429    G:0.18571
position  3:    T:0.34286    C:0.30000    A:0.24286    G:0.11429
Average         T:0.38571    C:0.19524    A:0.21429    G:0.20476

#47: Cattle         
position  1:    T:0.35714    C:0.14286    A:0.18571    G:0.31429
position  2:    T:0.45714    C:0.14286    A:0.21429    G:0.18571
position  3:    T:0.31429    C:0.32857    A:0.24286    G:0.11429
Average         T:0.37619    C:0.20476    A:0.21429    G:0.20476

#48: RoyalAntelope  
position  1:    T:0.35714    C:0.14286    A:0.18571    G:0.31429
position  2:    T:0.45714    C:0.14286    A:0.21429    G:0.18571
position  3:    T:0.31429    C:0.32857    A:0.24286    G:0.11429
Average         T:0.37619    C:0.20476    A:0.21429    G:0.20476

#49: Steenbok       
position  1:    T:0.34286    C:0.15714    A:0.20000    G:0.30000
position  2:    T:0.45714    C:0.14286    A:0.21429    G:0.18571
position  3:    T:0.31429    C:0.31429    A:0.25714    G:0.11429
Average         T:0.37143    C:0.20476    A:0.22381    G:0.20000

#50: Impala         
position  1:    T:0.35714    C:0.14286    A:0.20000    G:0.30000
position  2:    T:0.45714    C:0.14286    A:0.21429    G:0.18571
position  3:    T:0.31429    C:0.32857    A:0.24286    G:0.11429
Average         T:0.37619    C:0.20476    A:0.21905    G:0.20000

#51: Klipspringer   
position  1:    T:0.35714    C:0.14286    A:0.20000    G:0.30000
position  2:    T:0.45714    C:0.14286    A:0.21429    G:0.18571
