1
52 1
Argali 0.000000 0.269400 0.082100 0.283300 0.040100 0.000000 0.040500 0.082000 0.081000 0.205800 0.020000 0.078300 0.039800 0.100500 0.059600 0.080900 0.151000 0.110100 0.019900 0.081000 0.080800 0.000000 0.145600 0.168000 0.000000 0.081000 0.019900 0.081000 0.061200 0.081000 0.185600 0.040400 0.101800 0.019900 0.041100 0.078700 0.000000 0.060400 0.080300 0.173500 0.171500 0.081000 0.205800 0.147300 0.078900 0.125300 0.081000 0.103700 0.040500 0.103800 0.081000 0.081000
LesserMous 0.269400 0.000000 0.189000 0.245400 0.241200 0.269400 0.217300 0.270000 0.186100 0.277300 0.304600 0.229100 0.267600 0.288300 0.262400 0.265800 0.193600 0.203400 0.246000 0.186100 0.265500 0.269400 0.236900 0.211100 0.269400 0.266600 0.243700 0.186100 0.244100 0.186100 0.254800 0.217200 0.293300 0.243700 0.246600 0.231300 0.269400 0.240300 0.263600 0.218900 0.269700 0.266600 0.277300 0.188100 0.231300 0.269000 0.266600 0.242500 0.217300 0.243900 0.186100 0.186100
LesserKudu 0.082100 0.189000 0.000000 0.256900 0.040000 0.082100 0.061400 0.103700 0.000000 0.160600 0.105800 0.038300 0.102800 0.121300 0.059400 0.102300 0.128300 0.087100 0.061900 0.000000 0.102200 0.082100 0.123500 0.145500 0.082100 0.102500 0.082400 0.000000 0.081900 0.000000 0.140800 0.060900 0.122900 0.082400 0.106300 0.038600 0.082100 0.081500 0.101600 0.150100 0.148300 0.102500 0.160600 0.125000 0.038600 0.148100 0.102500 0.125800 0.061400 0.126000 0.000000 0.000000
KillerWhal 0.283300 0.245400 0.256900 0.000000 0.256100 0.283300 0.232600 0.284400 0.252500 0.344000 0.317100 0.294300 0.281100 0.302500 0.276400 0.279700 0.288400 0.191800 0.260700 0.252500 0.279400 0.283300 0.251700 0.277900 0.283300 0.281100 0.258100 0.252500 0.259000 0.252500 0.321000 0.232500 0.306700 0.258100 0.261200 0.297000 0.283300 0.254700 0.278000 0.287300 0.283300 0.281100 0.344000 0.255300 0.297000 0.284300 0.281100 0.256700 0.232600 0.258600 0.252500 0.252500
DefassaWat 0.040100 0.241200 0.040000 0.256100 0.000000 0.040100 0.020000 0.060700 0.039400 0.160000 0.061900 0.038100 0.060200 0.079400 0.019300 0.059900 0.127600 0.086900 0.061700 0.039400 0.059800 0.040100 0.123100 0.145000 0.040100 0.060000 0.040200 0.039400 0.040200 0.039400 0.140300 0.019900 0.080400 0.040200 0.062200 0.038400 0.040100 0.039800 0.059500 0.149700 0.147900 0.060000 0.160000 0.124600 0.038400 0.103100 0.060000 0.081800 0.020000 0.081900 0.039400 0.039400
Sheep 0.000000 0.269400 0.082100 0.283300 0.040100 0.000000 0.040500 0.082000 0.081000 0.205800 0.020000 0.078300 0.039800 0.100500 0.059600 0.080900 0.151000 0.110100 0.019900 0.081000 0.080800 0.000000 0.145600 0.168000 0.000000 0.081000 0.019900 0.081000 0.061200 0.081000 0.185600 0.040400 0.101800 0.021300 0.041100 0.078900 0.000000 0.060400 0.080300 0.173500 0.171500 0.081000 0.205800 0.147300 0.078900 0.125300 0.081000 0.109400 0.040500 0.103800 0.081000 0.086400
MaxwellsDu 0.040500 0.217300 0.061400 0.232600 0.020000 0.040500 0.000000 0.040600 0.060500 0.184200 0.062600 0.058500 0.040200 0.059600 0.039600 0.040000 0.106500 0.065300 0.062300 0.060500 0.040000 0.040500 0.102700 0.124400 0.040500 0.040100 0.020200 0.060500 0.020200 0.060500 0.164100 0.000000 0.060400 0.020200 0.041600 0.058900 0.040500 0.019900 0.039700 0.128600 0.127000 0.040100 0.184200 0.104000 0.058900 0.082600 0.040100 0.061500 0.000000 0.061500 0.060500 0.060500
GazellaPrz 0.082000 0.270000 0.103700 0.284400 0.060700 0.082000 0.040600 0.000000 0.102200 0.228900 0.105700 0.098800 0.081500 0.100800 0.080200 0.039200 0.151300 0.110400 0.111400 0.102200 0.039200 0.082000 0.145900 0.168400 0.082000 0.039300 0.061300 0.102400 0.019800 0.102200 0.208400 0.040500 0.102100 0.061300 0.084300 0.099500 0.082000 0.060600 0.039000 0.174000 0.171900 0.039300 0.228900 0.147700 0.099500 0.125700 0.042900 0.103900 0.040600 0.104000 0.102200 0.102200
MountainNy 0.081000 0.186100 0.000000 0.252500 0.039400 0.081000 0.060500 0.102200 0.000000 0.158200 0.104300 0.037800 0.101400 0.120300 0.058600 0.100800 0.126500 0.085800 0.061000 0.000000 0.100700 0.081000 0.121700 0.143400 0.081000 0.101000 0.081300 0.000000 0.081300 0.000000 0.138700 0.060400 0.121900 0.081300 0.104700 0.038100 0.081000 0.080300 0.100200 0.148000 0.146200 0.101000 0.158200 0.123200 0.038100 0.145800 0.101000 0.124100 0.060500 0.124200 0.000000 0.000000
MuntiacusM 0.205800 0.277300 0.160600 0.344000 0.160000 0.205800 0.184200 0.228900 0.158200 0.000000 0.233200 0.153400 0.226800 0.199300 0.136100 0.225700 0.256100 0.218100 0.185800 0.158200 0.225500 0.205800 0.076200 0.096100 0.205800 0.226300 0.206400 0.158200 0.206700 0.158200 0.018000 0.183900 0.248800 0.206400 0.234500 0.197000 0.205800 0.204000 0.224300 0.099100 0.097800 0.226300 0.000000 0.077100 0.197000 0.182200 0.226300 0.205500 0.184200 0.253100 0.158200 0.158200
goat 0.020000 0.304600 0.105800 0.317100 0.061900 0.020000 0.062600 0.105700 0.104300 0.233200 0.000000 0.100800 0.061500 0.124100 0.081800 0.104200 0.178200 0.136500 0.041000 0.104300 0.104100 0.020000 0.171500 0.194800 0.021300 0.104400 0.041100 0.104700 0.084100 0.104300 0.212500 0.062500 0.126000 0.041100 0.063600 0.101500 0.020000 0.083100 0.103400 0.201500 0.199100 0.104400 0.233200 0.173500 0.101500 0.150500 0.104400 0.128400 0.062600 0.128400 0.104300 0.104300
AfricanBuf 0.078300 0.229100 0.038300 0.294300 0.038100 0.078300 0.058500 0.098800 0.037800 0.153400 0.100800 0.000000 0.098000 0.116300 0.018600 0.097500 0.122100 0.126900 0.100300 0.037800 0.097400 0.078300 0.117900 0.148200 0.078300 0.097600 0.078600 0.037800 0.078600 0.037800 0.134600 0.058400 0.117800 0.078600 0.101100 0.036900 0.078300 0.077700 0.096800 0.143200 0.141600 0.097600 0.153400 0.119200 0.036900 0.140700 0.097600 0.119900 0.064000 0.119900 0.037800 0.037800
Topi 0.039800 0.267600 0.102800 0.281100 0.060200 0.039800 0.040200 0.081500 0.101400 0.226800 0.061500 0.098000 0.000000 0.099800 0.079500 0.080400 0.150000 0.109400 0.061200 0.101400 0.080400 0.039800 0.144700 0.166900 0.039800 0.080500 0.019800 0.101400 0.060800 0.101400 0.206600 0.040200 0.101200 0.019800 0.040800 0.103900 0.039800 0.060100 0.079800 0.172500 0.170500 0.080500 0.226800 0.146400 0.098700 0.124400 0.080500 0.103100 0.040200 0.103100 0.101400 0.101400
CommonDuik 0.100500 0.288300 0.121300 0.302500 0.079400 0.100500 0.059600 0.100800 0.120300 0.199300 0.124100 0.116300 0.099800 0.000000 0.098300 0.099400 0.124000 0.129800 0.123700 0.120300 0.099300 0.100500 0.163500 0.185900 0.100500 0.099700 0.080100 0.120300 0.079600 0.120300 0.225000 0.058800 0.119400 0.080100 0.103200 0.117100 0.100500 0.079200 0.058300 0.191700 0.189300 0.099700 0.199300 0.165600 0.117100 0.100400 0.099700 0.122200 0.059600 0.122300 0.120300 0.120300
Suni 0.059600 0.262400 0.059400 0.276400 0.019300 0.059600 0.039600 0.080200 0.058600 0.136100 0.081800 0.018600 0.079500 0.098300 0.000000 0.079100 0.147400 0.107500 0.081500 0.058600 0.079000 0.059600 0.099700 0.120700 0.059600 0.079300 0.059800 0.058600 0.059800 0.058600 0.116900 0.039500 0.099600 0.059800 0.082100 0.057100 0.059600 0.059100 0.078600 0.124600 0.123200 0.079300 0.136100 0.100900 0.057100 0.122500 0.079300 0.101500 0.039600 0.101400 0.058600 0.058600
Springbuck 0.080900 0.265800 0.102300 0.279700 0.059900 0.080900 0.040000 0.039200 0.100800 0.225700 0.104200 0.097500 0.080400 0.099400 0.079100 0.000000 0.149200 0.108700 0.103800 0.100800 0.038700 0.080900 0.143900 0.166000 0.080900 0.038800 0.060500 0.100800 0.019500 0.100800 0.205500 0.039900 0.100700 0.060500 0.083100 0.098200 0.080900 0.019500 0.038500 0.171400 0.169500 0.038800 0.225700 0.145600 0.098200 0.123900 0.038800 0.081500 0.040000 0.102500 0.100800 0.100800
Okapi 0.151000 0.193600 0.128300 0.288400 0.127600 0.151000 0.106500 0.151300 0.126500 0.256100 0.178200 0.122100 0.150000 0.124000 0.147400 0.149200 0.000000 0.087100 0.177300 0.126500 0.149000 0.151000 0.219500 0.244100 0.151000 0.149500 0.128900 0.126500 0.128900 0.126500 0.285500 0.106400 0.171900 0.135300 0.155300 0.123000 0.151000 0.127300 0.148000 0.252400 0.249300 0.149500 0.256100 0.222300 0.123000 0.150400 0.149500 0.175000 0.106500 0.128800 0.126500 0.126500
Giraffe 0.110100 0.203400 0.087100 0.191800 0.086900 0.110100 0.065300 0.110400 0.085800 0.218100 0.136500 0.126900 0.109400 0.129800 0.107500 0.108700 0.087100 0.000000 0.088500 0.085800 0.108600 0.110100 0.131300 0.154800 0.110100 0.109000 0.087800 0.085800 0.087800 0.085800 0.196700 0.065200 0.131500 0.087800 0.113400 0.127900 0.110100 0.086600 0.108000 0.160300 0.158200 0.109000 0.218100 0.133100 0.127900 0.157800 0.109000 0.134100 0.065300 0.092000 0.085800 0.085800
TibetanAnt 0.019900 0.246000 0.061900 0.260700 0.061700 0.019900 0.062300 0.111400 0.061000 0.185800 0.041000 0.100300 0.061200 0.123700 0.081500 0.103800 0.177300 0.088500 0.000000 0.061000 0.108100 0.019900 0.125200 0.147600 0.019900 0.104000 0.040900 0.061000 0.083700 0.061000 0.165600 0.062200 0.125500 0.040900 0.063300 0.101100 0.019900 0.082700 0.103200 0.152500 0.150600 0.104000 0.185800 0.126800 0.101100 0.150200 0.104000 0.127800 0.062300 0.127900 0.061000 0.061000
Sitatunga 0.081000 0.186100 0.000000 0.252500 0.039400 0.081000 0.060500 0.102200 0.000000 0.158200 0.104300 0.037800 0.101400 0.120300 0.058600 0.100800 0.126500 0.085800 0.061000 0.000000 0.100700 0.081000 0.121700 0.143400 0.081000 0.101000 0.081300 0.000000 0.081300 0.000000 0.138700 0.060400 0.121900 0.081300 0.104700 0.038100 0.081000 0.080300 0.100200 0.148000 0.146200 0.101000 0.158200 0.123200 0.038100 0.145800 0.100500 0.124100 0.060500 0.124200 0.000000 0.000000
Oribi 0.080800 0.265500 0.102200 0.279400 0.059800 0.080800 0.040000 0.039200 0.100700 0.225500 0.104100 0.097400 0.080400 0.099300 0.079000 0.038700 0.149000 0.108600 0.108100 0.100700 0.000000 0.085000 0.143800 0.165900 0.080800 0.038700 0.060400 0.100700 0.019500 0.100800 0.205300 0.039900 0.100600 0.060400 0.083000 0.098100 0.080600 0.059700 0.038400 0.171300 0.169300 0.038700 0.225500 0.145400 0.098100 0.123700 0.038700 0.102400 0.040000 0.102400 0.100700 0.100700
BarbaryShe 0.000000 0.269400 0.082100 0.283300 0.040100 0.000000 0.040500 0.082000 0.081000 0.205800 0.020000 0.078300 0.039800 0.100500 0.059600 0.080900 0.151000 0.110100 0.019900 0.081000 0.085000 0.000000 0.145600 0.168000 0.000000 0.081000 0.019900 0.081000 0.061200 0.081000 0.185600 0.040400 0.101800 0.019900 0.041100 0.078900 0.000000 0.060400 0.080300 0.173500 0.171500 0.081000 0.205800 0.147300 0.078900 0.125300 0.081000 0.103700 0.040500 0.103800 0.081000 0.081000
Daviddeer 0.145600 0.236900 0.123500 0.251700 0.123100 0.145600 0.102700 0.145900 0.121700 0.076200 0.171500 0.117900 0.144700 0.163500 0.099700 0.143900 0.219500 0.131300 0.125200 0.121700 0.143800 0.145600 0.000000 0.059000 0.145600 0.144200 0.124300 0.121700 0.124300 0.121700 0.057300 0.102500 0.165900 0.124300 0.149600 0.161400 0.145600 0.122800 0.151900 0.060900 0.019700 0.144200 0.076200 0.039500 0.161400 0.145400 0.144200 0.123700 0.102700 0.168900 0.121700 0.121700
Reindeer 0.168000 0.211100 0.145500 0.277900 0.145000 0.168000 0.124400 0.168400 0.143400 0.096100 0.194800 0.148200 0.166900 0.185900 0.120700 0.166000 0.244100 0.154800 0.147600 0.143400 0.165900 0.168000 0.059000 0.000000 0.168000 0.166500 0.146400 0.143400 0.146500 0.143400 0.077100 0.124300 0.188500 0.146400 0.172700 0.183400 0.168000 0.144600 0.164900 0.040200 0.081000 0.166500 0.096200 0.019600 0.183400 0.167900 0.166500 0.145700 0.124400 0.192000 0.143400 0.143400
Ibex 0.000000 0.269400 0.082100 0.283300 0.040100 0.000000 0.040500 0.082000 0.081000 0.205800 0.021300 0.078300 0.039800 0.100500 0.059600 0.080900 0.151000 0.110100 0.019900 0.081000 0.080800 0.000000 0.145600 0.168000 0.000000 0.081000 0.021300 0.081000 0.061200 0.081000 0.185600 0.040400 0.101800 0.019900 0.041100 0.078900 0.000000 0.060400 0.080300 0.173500 0.171500 0.081000 0.205800 0.147300 0.078900 0.125300 0.081000 0.103700 0.040500 0.103800 0.081000 0.081000
GyrantGaze 0.081000 0.266600 0.102500 0.281100 0.060000 0.081000 0.040100 0.039300 0.101000 0.226300 0.104400 0.097600 0.080500 0.099700 0.079300 0.038800 0.149500 0.109000 0.104000 0.101000 0.038700 0.081000 0.144200 0.166500 0.081000 0.000000 0.060600 0.101000 0.019500 0.101000 0.206000 0.040000 0.100900 0.060600 0.083200 0.098300 0.081000 0.059800 0.038500 0.171800 0.169800 0.000000 0.226300 0.146000 0.098300 0.124300 0.038800 0.102700 0.040100 0.102700 0.101000 0.101000
Hartebeest 0.019900 0.243700 0.082400 0.258100 0.040200 0.019900 0.020200 0.061300 0.081300 0.206400 0.041100 0.078600 0.019800 0.080100 0.059800 0.060500 0.128900 0.087800 0.040900 0.081300 0.060400 0.019900 0.124300 0.146400 0.021300 0.060600 0.000000 0.081300 0.040600 0.081300 0.186200 0.020100 0.081200 0.000000 0.020500 0.079100 0.019900 0.040200 0.060000 0.151200 0.149400 0.060600 0.206400 0.125800 0.079100 0.103900 0.060600 0.082700 0.020200 0.082700 0.081300 0.081300
Bongo 0.081000 0.186100 0.000000 0.252500 0.039400 0.081000 0.060500 0.102400 0.000000 0.158200 0.104700 0.037800 0.101400 0.120300 0.058600 0.100800 0.126500 0.085800 0.061000 0.000000 0.100700 0.081000 0.121700 0.143400 0.081000 0.101000 0.081300 0.000000 0.081300 0.000000 0.138700 0.060400 0.121900 0.081300 0.104500 0.038100 0.081000 0.080300 0.100200 0.148000 0.146200 0.101000 0.158200 0.123200 0.038100 0.145800 0.101000 0.124100 0.060500 0.131200 0.000000 0.000000
Gerenuk 0.061200 0.244100 0.081900 0.259000 0.040200 0.061200 0.020200 0.019800 0.081300 0.206700 0.084100 0.078600 0.060800 0.079600 0.059800 0.019500 0.128900 0.087800 0.083700 0.081300 0.019500 0.061200 0.124300 0.146500 0.061200 0.019500 0.040600 0.081300 0.000000 0.081300 0.186400 0.020000 0.080600 0.040600 0.062800 0.079100 0.061200 0.040100 0.019400 0.151300 0.149500 0.019500 0.206700 0.125800 0.079100 0.104100 0.019500 0.082700 0.020200 0.082700 0.081300 0.081300
CommonElan 0.081000 0.186100 0.000000 0.252500 0.039400 0.081000 0.060500 0.102200 0.000000 0.158200 0.104300 0.037800 0.101400 0.120300 0.058600 0.100800 0.126500 0.085800 0.061000 0.000000 0.100800 0.081000 0.121700 0.143400 0.081000 0.101000 0.081300 0.000000 0.081300 0.000000 0.138700 0.060400 0.121900 0.081300 0.104700 0.038100 0.081000 0.080300 0.100200 0.148000 0.146200 0.101000 0.158200 0.123200 0.038100 0.145800 0.101000 0.124100 0.060500 0.124200 0.000000 0.000000
MuntiacusR 0.185600 0.254800 0.140800 0.321000 0.140300 0.185600 0.164100 0.208400 0.138700 0.018000 0.212500 0.134600 0.206600 0.225000 0.116900 0.205500 0.285500 0.196700 0.165600 0.138700 0.205300 0.185600 0.057300 0.077100 0.185600 0.206000 0.186200 0.138700 0.186400 0.138700 0.000000 0.163800 0.228300 0.186200 0.213600 0.177600 0.185600 0.184000 0.204100 0.079500 0.078500 0.206000 0.018000 0.058000 0.177600 0.207700 0.206000 0.185400 0.164100 0.232400 0.138700 0.138700
HarveysDui 0.040400 0.217200 0.060900 0.232500 0.019900 0.040400 0.000000 0.040500 0.060400 0.183900 0.062500 0.058400 0.040200 0.058800 0.039500 0.039900 0.106400 0.065200 0.062200 0.060400 0.039900 0.040400 0.102500 0.124300 0.040400 0.040000 0.020100 0.060400 0.020000 0.060400 0.163800 0.000000 0.059900 0.020100 0.041500 0.058800 0.040400 0.019900 0.039700 0.128400 0.126800 0.040000 0.183900 0.103800 0.058800 0.082400 0.040000 0.061400 0.000000 0.061400 0.060400 0.060400
Pronghorn 0.101800 0.293300 0.122900 0.306700 0.080400 0.101800 0.060400 0.102100 0.121900 0.248800 0.126000 0.117800 0.101200 0.119400 0.099600 0.100700 0.171900 0.131500 0.125500 0.121900 0.100600 0.101800 0.165900 0.188500 0.101800 0.100900 0.081200 0.121900 0.080600 0.121900 0.228300 0.059900 0.000000 0.081200 0.104600 0.118700 0.101800 0.080200 0.100000 0.194600 0.192300 0.100900 0.248800 0.167800 0.118700 0.145700 0.100800 0.124000 0.060400 0.124000 0.121900 0.121900
BlueWildeb 0.019900 0.243700 0.082400 0.258100 0.040200 0.021300 0.020200 0.061300 0.081300 0.206400 0.041100 0.078600 0.019800 0.080100 0.059800 0.060500 0.135300 0.087800 0.040900 0.081300 0.060400 0.019900 0.124300 0.146400 0.019900 0.060600 0.000000 0.081300 0.040600 0.081300 0.186200 0.020100 0.081200 0.000000 0.020500 0.079100 0.019900 0.040200 0.060000 0.151200 0.158800 0.060600 0.206400 0.125800 0.079100 0.103900 0.060500 0.082700 0.020200 0.082700 0.081300 0.081300
Gemsbok 0.041100 0.246600 0.106300 0.261200 0.062200 0.041100 0.041600 0.084300 0.104700 0.234500 0.063600 0.101100 0.040800 0.103200 0.082100 0.083100 0.155300 0.113400 0.063300 0.104700 0.083000 0.041100 0.149600 0.172700 0.041100 0.083200 0.020500 0.104500 0.062800 0.104700 0.213600 0.041500 0.104600 0.020500 0.000000 0.101900 0.041100 0.062100 0.082500 0.178500 0.176300 0.083200 0.234500 0.151400 0.101900 0.128800 0.083200 0.106600 0.041600 0.106700 0.104700 0.104700
Yak 0.078700 0.231300 0.038600 0.297000 0.038400 0.078900 0.058900 0.099500 0.038100 0.197000 0.101500 0.036900 0.103900 0.117100 0.057100 0.098200 0.123000 0.127900 0.101100 0.038100 0.098100 0.078900 0.161400 0.183400 0.078900 0.098300 0.079100 0.038100 0.079100 0.038100 0.177600 0.058800 0.118700 0.079100 0.101900 0.000000 0.078900 0.078600 0.097500 0.189200 0.187000 0.098300 0.197000 0.163300 0.000000 0.141800 0.103000 0.120700 0.058900 0.099800 0.038100 0.038100
BlueSheep 0.000000 0.269400 0.082100 0.283300 0.040100 0.000000 0.040500 0.082000 0.081000 0.205800 0.020000 0.078300 0.039800 0.100500 0.059600 0.080900 0.151000 0.110100 0.019900 0.081000 0.080600 0.000000 0.145600 0.168000 0.000000 0.081000 0.019900 0.081000 0.061200 0.081000 0.185600 0.040400 0.101800 0.019900 0.041100 0.078900 0.000000 0.060400 0.080300 0.173500 0.171500 0.081000 0.205800 0.147300 0.078900 0.125300 0.084900 0.103700 0.040500 0.103800 0.081000 0.081000
BohorReedb 0.060400 0.240300 0.081500 0.254700 0.039800 0.060400 0.019900 0.060600 0.080300 0.204000 0.083100 0.077700 0.060100 0.079200 0.059100 0.019500 0.127300 0.086600 0.082700 0.080300 0.059700 0.060400 0.122800 0.144600 0.060400 0.059800 0.040200 0.080300 0.040100 0.080300 0.184000 0.019900 0.080200 0.040200 0.062100 0.078600 0.060400 0.000000 0.059300 0.149300 0.147600 0.059800 0.204000 0.124200 0.078200 0.102700 0.059800 0.060900 0.019900 0.081700 0.080300 0.080300
KirksDik 0.080300 0.263600 0.101600 0.278000 0.059500 0.080300 0.039700 0.039000 0.100200 0.224300 0.103400 0.096800 0.079800 0.058300 0.078600 0.038500 0.148000 0.108000 0.103200 0.100200 0.038400 0.080300 0.151900 0.164900 0.080300 0.038500 0.060000 0.100200 0.019400 0.100200 0.204100 0.039700 0.100000 0.060000 0.082500 0.097500 0.080300 0.059300 0.000000 0.170200 0.168100 0.038500 0.224300 0.144700 0.097500 0.123200 0.038500 0.101800 0.039700 0.101800 0.100200 0.100200
RoeDeer 0.173500 0.218900 0.150100 0.287300 0.149700 0.173500 0.128600 0.174000 0.148000 0.099100 0.201500 0.143200 0.172500 0.191700 0.124600 0.171400 0.252400 0.160300 0.152500 0.148000 0.171300 0.173500 0.060900 0.040200 0.173500 0.171800 0.151200 0.148000 0.151300 0.148000 0.079500 0.128400 0.194600 0.151200 0.178500 0.189200 0.173500 0.149300 0.170200 0.000000 0.041100 0.171800 0.099100 0.020200 0.189200 0.173200 0.171800 0.150500 0.128600 0.198400 0.148000 0.148000
WhiteLippe 0.171500 0.269700 0.148300 0.283300 0.147900 0.171500 0.127000 0.171900 0.146200 0.097800 0.199100 0.141600 0.170500 0.189300 0.123200 0.169500 0.249300 0.158200 0.150600 0.146200 0.169300 0.171500 0.019700 0.081000 0.171500 0.169800 0.149400 0.146200 0.149500 0.146200 0.078500 0.126800 0.192300 0.158800 0.176300 0.187000 0.171500 0.147600 0.168100 0.041100 0.000000 0.169800 0.097800 0.060900 0.187000 0.171100 0.169800 0.148700 0.127000 0.196000 0.146200 0.146200
ThomsonGaz 0.081000 0.266600 0.102500 0.281100 0.060000 0.081000 0.040100 0.039300 0.101000 0.226300 0.104400 0.097600 0.080500 0.099700 0.079300 0.038800 0.149500 0.109000 0.104000 0.101000 0.038700 0.081000 0.144200 0.166500 0.081000 0.000000 0.060600 0.101000 0.019500 0.101000 0.206000 0.040000 0.100900 0.060600 0.083200 0.098300 0.081000 0.059800 0.038500 0.171800 0.169800 0.000000 0.226300 0.146000 0.098300 0.124300 0.038800 0.109000 0.040100 0.102700 0.101000 0.101000
MuntiacusC 0.205800 0.277300 0.160600 0.344000 0.160000 0.205800 0.184200 0.228900 0.158200 0.000000 0.233200 0.153400 0.226800 0.199300 0.136100 0.225700 0.256100 0.218100 0.185800 0.158200 0.225500 0.205800 0.076200 0.096200 0.205800 0.226300 0.206400 0.158200 0.206700 0.158200 0.018000 0.183900 0.248800 0.206400 0.234500 0.197000 0.205800 0.204000 0.224300 0.099100 0.097800 0.226300 0.000000 0.077100 0.197000 0.182200 0.226300 0.205500 0.184200 0.253100 0.158200 0.158200
WhiteTaile 0.147300 0.188100 0.125000 0.255300 0.124600 0.147300 0.104000 0.147700 0.123200 0.077100 0.173500 0.119200 0.146400 0.165600 0.100900 0.145600 0.222300 0.133100 0.126800 0.123200 0.145400 0.147300 0.039500 0.019600 0.147300 0.146000 0.125800 0.123200 0.125800 0.123200 0.058000 0.103800 0.167800 0.125800 0.151400 0.163300 0.147300 0.124200 0.144700 0.020200 0.060900 0.146000 0.077100 0.000000 0.163300 0.147300 0.146000 0.125200 0.104000 0.171000 0.123200 0.123200
Cattle 0.078900 0.231300 0.038600 0.297000 0.038400 0.078900 0.058900 0.099500 0.038100 0.197000 0.101500 0.036900 0.098700 0.117100 0.057100 0.098200 0.123000 0.127900 0.101100 0.038100 0.098100 0.078900 0.161400 0.183400 0.078900 0.098300 0.079100 0.038100 0.079100 0.038100 0.177600 0.058800 0.118700 0.079100 0.101900 0.000000 0.078900 0.078200 0.097500 0.189200 0.187000 0.098300 0.197000 0.163300 0.000000 0.141800 0.098300 0.120700 0.058900 0.099800 0.038100 0.038100
RoyalAntel 0.125300 0.269000 0.148100 0.284300 0.103100 0.125300 0.082600 0.125700 0.145800 0.182200 0.150500 0.140700 0.124400 0.100400 0.122500 0.123900 0.150400 0.157800 0.150200 0.145800 0.123700 0.125300 0.145400 0.167900 0.125300 0.124300 0.103900 0.145800 0.104100 0.145800 0.207700 0.082400 0.145700 0.103900 0.128800 0.141800 0.125300 0.102700 0.123200 0.173200 0.171100 0.124300 0.182200 0.147300 0.141800 0.000000 0.102800 0.103500 0.082600 0.148500 0.145800 0.145800
Steenbok 0.081000 0.266600 0.102500 0.281100 0.060000 0.081000 0.040100 0.042900 0.101000 0.226300 0.104400 0.097600 0.080500 0.099700 0.079300 0.038800 0.149500 0.109000 0.104000 0.100500 0.038700 0.081000 0.144200 0.166500 0.081000 0.038800 0.060600 0.101000 0.019500 0.101000 0.206000 0.040000 0.100800 0.060500 0.083200 0.103000 0.084900 0.059800 0.038500 0.171800 0.169800 0.038800 0.226300 0.146000 0.098300 0.102800 0.000000 0.102700 0.040100 0.102700 0.101000 0.101000
Impala 0.103700 0.242500 0.125800 0.256700 0.081800 0.109400 0.061500 0.103900 0.124100 0.205500 0.128400 0.119900 0.103100 0.122200 0.101500 0.081500 0.175000 0.134100 0.127800 0.124100 0.102400 0.103700 0.123700 0.145700 0.103700 0.102700 0.082700 0.124100 0.082700 0.124100 0.185400 0.061400 0.124000 0.082700 0.106600 0.120700 0.103700 0.060900 0.101800 0.150500 0.148700 0.109000 0.205500 0.125200 0.120700 0.103500 0.102700 0.000000 0.061500 0.126300 0.124100 0.124100
Klipspring 0.040500 0.217300 0.061400 0.232600 0.020000 0.040500 0.000000 0.040600 0.060500 0.184200 0.062600 0.064000 0.040200 0.059600 0.039600 0.040000 0.106500 0.065300 0.062300 0.060500 0.040000 0.040500 0.102700 0.124400 0.040500 0.040100 0.020200 0.060500 0.020200 0.060500 0.164100 0.000000 0.060400 0.020200 0.041600 0.058900 0.040500 0.019900 0.039700 0.128600 0.127000 0.040100 0.184200 0.104000 0.058900 0.082600 0.040100 0.061500 0.000000 0.066200 0.060500 0.060500
ForestMusk 0.103800 0.243900 0.126000 0.258600 0.081900 0.103800 0.061500 0.104000 0.124200 0.253100 0.128400 0.119900 0.103100 0.122300 0.101400 0.102500 0.128800 0.092000 0.127900 0.124200 0.102400 0.103800 0.168900 0.192000 0.103800 0.102700 0.082700 0.131200 0.082700 0.124200 0.232400 0.061400 0.124000 0.082700 0.106700 0.099800 0.103800 0.081700 0.101800 0.198400 0.196000 0.102700 0.253100 0.171000 0.099800 0.148500 0.102700 0.126300 0.066200 0.000000 0.124200 0.124200
Bushbuck 0.081000 0.186100 0.000000 0.252500 0.039400 0.081000 0.060500 0.102200 0.000000 0.158200 0.104300 0.037800 0.101400 0.120300 0.058600 0.100800 0.126500 0.085800 0.061000 0.000000 0.100700 0.081000 0.121700 0.143400 0.081000 0.101000 0.081300 0.000000 0.081300 0.000000 0.138700 0.060400 0.121900 0.081300 0.104700 0.038100 0.081000 0.080300 0.100200 0.148000 0.146200 0.101000 0.158200 0.123200 0.038100 0.145800 0.101000 0.124100 0.060500 0.124200 0.000000 0.000000
GreaterKud 0.081000 0.186100 0.000000 0.252500 0.039400 0.086400 0.060500 0.102200 0.000000 0.158200 0.104300 0.037800 0.101400 0.120300 0.058600 0.100800 0.126500 0.085800 0.061000 0.000000 0.100700 0.081000 0.121700 0.143400 0.081000 0.101000 0.081300 0.000000 0.081300 0.000000 0.138700 0.060400 0.121900 0.081300 0.104700 0.038100 0.081000 0.080300 0.100200 0.148000 0.146200 0.101000 0.158200 0.123200 0.038100 0.145800 0.101000 0.124100 0.060500 0.124200 0.000000 0.000000
