1
52 1
Argali 0.000000 0.259400 0.093900 0.285000 0.059500 0.000000 0.108500 0.045100 0.093900 0.061600 0.014600 0.061300 0.029600 0.044100 0.113700 0.059600 0.108800 0.092600 0.014400 0.126200 0.044900 0.030400 0.061100 0.106100 0.014600 0.023600 0.014800 0.093900 0.059300 0.094400 0.077100 0.014800 0.106800 0.014800 0.074600 0.046200 0.043200 0.044300 0.062500 0.109900 0.076500 0.060600 0.061600 0.060800 0.046500 0.059500 0.042000 0.088100 0.102700 0.062400 0.109400 0.093900
LesserMous 0.259400 0.000000 0.250400 0.227800 0.273800 0.259400 0.299300 0.283500 0.250400 0.245300 0.236200 0.250100 0.258800 0.273400 0.339100 0.227900 0.262900 0.246400 0.273400 0.268300 0.261100 0.309600 0.249000 0.280500 0.259100 0.255100 0.241100 0.250400 0.295400 0.251900 0.263000 0.241000 0.204900 0.241100 0.318900 0.234200 0.289300 0.274000 0.312900 0.269200 0.266300 0.302400 0.245300 0.248000 0.235700 0.256100 0.279500 0.245900 0.282900 0.255700 0.267200 0.250400
LesserKudu 0.093900 0.250400 0.000000 0.276600 0.092900 0.093900 0.181100 0.111900 0.000000 0.062300 0.076800 0.062000 0.094200 0.108700 0.189900 0.125300 0.077200 0.061300 0.108400 0.030000 0.094700 0.131000 0.061800 0.107500 0.093900 0.090400 0.078500 0.000000 0.125800 0.000000 0.077900 0.078600 0.075700 0.078500 0.142700 0.046700 0.091100 0.076900 0.130500 0.111100 0.077300 0.128500 0.062300 0.061500 0.047000 0.126300 0.109200 0.090100 0.089600 0.096000 0.014500 0.000000
KillerWhal 0.285000 0.227800 0.276600 0.000000 0.325300 0.285000 0.302700 0.313500 0.276600 0.235200 0.302400 0.193500 0.284700 0.300400 0.376600 0.292300 0.246600 0.229300 0.300100 0.316700 0.244700 0.343300 0.233000 0.291300 0.304700 0.280300 0.265200 0.276600 0.324700 0.278600 0.253300 0.265200 0.286100 0.265200 0.261100 0.216700 0.318900 0.304100 0.347000 0.212900 0.250900 0.334200 0.235200 0.231500 0.218000 0.280600 0.307800 0.355100 0.354500 0.281900 0.251800 0.276600
DefassaWat 0.059500 0.273800 0.092900 0.325300 0.000000 0.059500 0.140500 0.075900 0.092900 0.093100 0.074300 0.092700 0.059700 0.073900 0.147100 0.074700 0.141200 0.124600 0.073600 0.124900 0.075400 0.093100 0.092300 0.138900 0.074700 0.056000 0.044800 0.092900 0.089700 0.093400 0.108800 0.044800 0.106000 0.044800 0.105200 0.077600 0.072600 0.014200 0.094400 0.142300 0.107900 0.091600 0.093100 0.091900 0.078100 0.089900 0.073500 0.072400 0.101800 0.094300 0.108200 0.092900
Sheep 0.000000 0.259400 0.093900 0.285000 0.059500 0.000000 0.108500 0.045100 0.093900 0.061600 0.014600 0.061300 0.029600 0.044100 0.113700 0.059600 0.108800 0.092600 0.014400 0.126200 0.044900 0.030400 0.061100 0.106100 0.014600 0.023600 0.014800 0.093900 0.059300 0.094400 0.077100 0.014800 0.106800 0.014800 0.074600 0.046200 0.043200 0.044300 0.062500 0.109900 0.076500 0.060600 0.061600 0.060800 0.046500 0.059500 0.042000 0.088100 0.102700 0.062400 0.109400 0.093900
MaxwellsDu 0.108500 0.299300 0.181100 0.302700 0.140500 0.108500 0.000000 0.126700 0.181100 0.145400 0.123800 0.145100 0.108800 0.123100 0.168300 0.141000 0.196600 0.178700 0.122600 0.215900 0.125500 0.146000 0.144500 0.194300 0.124500 0.106500 0.093300 0.181100 0.140200 0.182100 0.161800 0.093400 0.157200 0.093300 0.157200 0.129600 0.153700 0.124100 0.148000 0.145500 0.160700 0.143400 0.145400 0.143500 0.130500 0.138800 0.124500 0.153200 0.184500 0.147800 0.197400 0.181100
GazellaPrz 0.045100 0.283500 0.111900 0.313500 0.075900 0.045100 0.126700 0.000000 0.111900 0.078600 0.060200 0.078300 0.045400 0.059900 0.133000 0.045100 0.126900 0.110300 0.059700 0.144900 0.061100 0.078900 0.078000 0.124900 0.060600 0.015000 0.030300 0.111900 0.044800 0.112400 0.094500 0.030300 0.124500 0.030300 0.091600 0.063000 0.089400 0.060300 0.047300 0.128400 0.093700 0.045900 0.078600 0.077600 0.063400 0.076000 0.030600 0.104800 0.119500 0.079700 0.127600 0.111900
MountainNy 0.093900 0.250400 0.000000 0.276600 0.092900 0.093900 0.181100 0.111900 0.000000 0.062300 0.076800 0.062000 0.094200 0.108700 0.189900 0.125300 0.077200 0.061300 0.108400 0.028900 0.094700 0.131000 0.061800 0.107500 0.093900 0.090400 0.078500 0.000000 0.125800 0.000000 0.077900 0.078600 0.075700 0.078500 0.142700 0.046700 0.091100 0.076900 0.130500 0.111100 0.077300 0.128500 0.062300 0.061500 0.047000 0.126300 0.109200 0.090100 0.089600 0.096000 0.014600 0.000000
MuntiacusM 0.061600 0.245300 0.062300 0.235200 0.093100 0.061600 0.145400 0.078600 0.062300 0.000000 0.076900 0.030500 0.061700 0.076300 0.153000 0.091000 0.077300 0.061400 0.076000 0.094200 0.062100 0.096700 0.000100 0.042500 0.077300 0.053600 0.046200 0.062300 0.092800 0.062700 0.015200 0.046100 0.076000 0.046200 0.109300 0.015200 0.091100 0.077200 0.097000 0.046300 0.015100 0.094600 0.000000 0.000300 0.015200 0.093300 0.072100 0.122200 0.121400 0.062900 0.077800 0.062300
goat 0.014600 0.236200 0.076800 0.302400 0.074300 0.014600 0.123800 0.060200 0.076800 0.076900 0.000000 0.076500 0.044400 0.058700 0.129800 0.074500 0.091400 0.075600 0.028800 0.108300 0.059800 0.045300 0.076200 0.122200 0.014300 0.039400 0.029600 0.076800 0.074100 0.077100 0.092300 0.029600 0.089800 0.029600 0.089500 0.061500 0.057900 0.059200 0.077300 0.125300 0.091600 0.075700 0.076900 0.075900 0.061900 0.074300 0.057100 0.072200 0.086600 0.077900 0.091900 0.076800
AfricanBuf 0.061300 0.250100 0.062000 0.193500 0.092700 0.061300 0.145100 0.078300 0.062000 0.030500 0.076500 0.000000 0.061500 0.076100 0.151800 0.091200 0.045300 0.030000 0.075800 0.093800 0.030300 0.096100 0.030300 0.073500 0.076900 0.055800 0.046100 0.062000 0.092400 0.062400 0.045800 0.046200 0.075600 0.046100 0.076300 0.015300 0.090800 0.076900 0.096600 0.045800 0.045500 0.094500 0.030500 0.030200 0.015400 0.092900 0.074000 0.121900 0.121100 0.062700 0.045600 0.062000
Topi 0.029600 0.258800 0.094200 0.284700 0.059700 0.029600 0.108800 0.045400 0.094200 0.061700 0.044400 0.061500 0.000000 0.044200 0.113900 0.059800 0.076300 0.092800 0.043900 0.126500 0.045000 0.061900 0.061300 0.105500 0.044600 0.021700 0.014800 0.094200 0.029200 0.094700 0.077200 0.014900 0.107000 0.014800 0.044200 0.046400 0.073400 0.044500 0.062700 0.110300 0.076700 0.060800 0.061700 0.061000 0.046600 0.029300 0.022800 0.088300 0.102800 0.062600 0.109700 0.094200
CommonDuik 0.044100 0.273400 0.108700 0.300400 0.073900 0.044100 0.123100 0.059900 0.108700 0.076300 0.058700 0.076100 0.044200 0.000000 0.129000 0.074000 0.123600 0.107400 0.058100 0.140900 0.059500 0.076600 0.075900 0.119800 0.059000 0.038000 0.029500 0.108700 0.073700 0.109200 0.091700 0.029500 0.121200 0.029500 0.088900 0.061200 0.087500 0.058800 0.077500 0.124400 0.091200 0.044000 0.076300 0.075300 0.061600 0.073900 0.055600 0.102200 0.116800 0.077500 0.124000 0.108700
Suni 0.113700 0.339100 0.189900 0.376600 0.147100 0.113700 0.168300 0.133000 0.189900 0.153000 0.129800 0.151800 0.113900 0.129000 0.000000 0.147500 0.205800 0.187300 0.128500 0.226300 0.131600 0.116800 0.151600 0.205200 0.130500 0.111400 0.097800 0.189900 0.146800 0.190800 0.170200 0.098000 0.201400 0.097800 0.164100 0.135800 0.161300 0.129900 0.155700 0.170200 0.168500 0.150500 0.153000 0.151100 0.136900 0.145700 0.131200 0.177100 0.176200 0.135700 0.206600 0.189900
Springbuck 0.059600 0.227900 0.125300 0.292300 0.074700 0.059600 0.141000 0.045100 0.125300 0.091000 0.074500 0.091200 0.059800 0.074000 0.147500 0.000000 0.139600 0.123100 0.073700 0.158300 0.075500 0.093500 0.090500 0.136400 0.074900 0.029700 0.044800 0.125300 0.059100 0.125800 0.107000 0.044800 0.104600 0.044800 0.105700 0.076100 0.103500 0.059400 0.062300 0.141200 0.106000 0.060400 0.091000 0.089400 0.076000 0.090200 0.045400 0.087200 0.132900 0.092900 0.141000 0.125300
Okapi 0.108800 0.262900 0.077200 0.246600 0.141200 0.108800 0.196600 0.126900 0.077200 0.077300 0.091400 0.045300 0.076300 0.123600 0.205800 0.139600 0.000000 0.014700 0.123000 0.109000 0.076900 0.146200 0.076700 0.122200 0.108700 0.104500 0.093100 0.077200 0.107500 0.077600 0.092800 0.093100 0.090400 0.093100 0.091200 0.061900 0.138400 0.124900 0.146900 0.092800 0.092200 0.143700 0.077300 0.076500 0.062300 0.107900 0.106200 0.136700 0.136100 0.111100 0.060600 0.077200
Giraffe 0.092600 0.246400 0.061300 0.229300 0.124600 0.092600 0.178700 0.110300 0.061300 0.061400 0.075600 0.030000 0.092800 0.107400 0.187300 0.123100 0.014700 0.000000 0.106900 0.092700 0.061100 0.129000 0.060900 0.105800 0.092500 0.088100 0.077400 0.061300 0.124100 0.061600 0.076800 0.077400 0.074800 0.077400 0.107400 0.046100 0.122100 0.108500 0.129600 0.076800 0.076300 0.126800 0.061400 0.060700 0.046400 0.124600 0.106600 0.120700 0.120100 0.094600 0.045100 0.061300
TibetanAnt 0.014400 0.273400 0.108400 0.300100 0.073600 0.014400 0.122600 0.059700 0.108400 0.076000 0.028800 0.075800 0.043900 0.058100 0.128500 0.073700 0.123000 0.106900 0.000000 0.140500 0.059200 0.045100 0.075500 0.120100 0.028900 0.038200 0.029300 0.108400 0.073400 0.108900 0.091400 0.029300 0.120800 0.029300 0.088700 0.060900 0.057300 0.058500 0.077200 0.124300 0.090700 0.074900 0.076000 0.075100 0.061300 0.073600 0.055800 0.071700 0.116400 0.077200 0.123700 0.108400
Sitatunga 0.126200 0.268300 0.030000 0.316700 0.124900 0.126200 0.215900 0.144900 0.028900 0.094200 0.108300 0.093800 0.126500 0.140900 0.226300 0.158300 0.109000 0.092700 0.140500 0.000000 0.127300 0.165000 0.093400 0.124000 0.126200 0.123600 0.110700 0.030000 0.158600 0.030200 0.110000 0.110800 0.106900 0.110700 0.175900 0.078400 0.122500 0.108500 0.165800 0.144000 0.109100 0.162000 0.094200 0.093000 0.079000 0.159200 0.143000 0.121100 0.120500 0.129000 0.044900 0.030000
Oribi 0.044900 0.261100 0.094700 0.244700 0.075400 0.044900 0.125500 0.061100 0.094700 0.062100 0.059800 0.030300 0.045000 0.059500 0.131600 0.075500 0.076900 0.061100 0.059200 0.127300 0.000000 0.078100 0.061600 0.106100 0.060100 0.039100 0.030000 0.094700 0.075100 0.095200 0.077700 0.030100 0.107600 0.030000 0.059400 0.046700 0.058400 0.059900 0.079100 0.072700 0.077100 0.076800 0.062100 0.061300 0.046900 0.075400 0.057100 0.103000 0.087500 0.062900 0.077300 0.094700
BarbaryShe 0.030400 0.309600 0.131000 0.343300 0.093100 0.030400 0.146000 0.078900 0.131000 0.096700 0.045300 0.096100 0.061900 0.076600 0.116800 0.093500 0.146200 0.129000 0.045100 0.165000 0.078100 0.000000 0.095800 0.127800 0.045600 0.058100 0.046400 0.131000 0.093000 0.131600 0.112800 0.046500 0.143400 0.046400 0.077000 0.080600 0.075200 0.077300 0.097200 0.147900 0.111900 0.095200 0.096700 0.095600 0.081100 0.093300 0.076400 0.122400 0.137400 0.098000 0.147100 0.131000
Daviddeer 0.061100 0.249000 0.061800 0.233000 0.092300 0.061100 0.144500 0.078000 0.061800 0.000100 0.076200 0.030300 0.061300 0.075900 0.151600 0.090500 0.076700 0.060900 0.075500 0.093400 0.061600 0.095800 0.000000 0.043200 0.076700 0.054600 0.045900 0.061800 0.092100 0.062100 0.015000 0.045900 0.075300 0.045900 0.108400 0.015200 0.090400 0.076600 0.096200 0.045900 0.014900 0.094100 0.000100 0.000200 0.015200 0.092500 0.072800 0.121500 0.120600 0.062500 0.077100 0.061800
Reindeer 0.106100 0.280500 0.107500 0.291300 0.138900 0.106100 0.194300 0.124900 0.107500 0.042500 0.122200 0.073500 0.105500 0.119800 0.205200 0.136400 0.122200 0.105800 0.120100 0.124000 0.106100 0.127800 0.043200 0.000000 0.122800 0.099500 0.089300 0.107500 0.138800 0.107800 0.058000 0.088500 0.120700 0.089300 0.139200 0.056800 0.136200 0.121700 0.145200 0.090900 0.058200 0.140300 0.042500 0.045500 0.056000 0.139000 0.119600 0.167500 0.167200 0.108600 0.123600 0.107500
Ibex 0.014600 0.259100 0.093900 0.304700 0.074700 0.014600 0.124500 0.060600 0.093900 0.077300 0.014300 0.076900 0.044600 0.059000 0.130500 0.074900 0.108700 0.092500 0.028900 0.126200 0.060100 0.045600 0.076700 0.122800 0.000000 0.039600 0.029800 0.093900 0.074500 0.094400 0.092800 0.029800 0.106800 0.029800 0.090000 0.061900 0.058100 0.059500 0.077700 0.126000 0.092100 0.076100 0.077300 0.076300 0.062300 0.074700 0.057400 0.088100 0.102800 0.078400 0.109400 0.093900
GyrantGaze 0.023600 0.255100 0.090400 0.280300 0.056000 0.023600 0.106500 0.015000 0.090400 0.053600 0.039400 0.055800 0.021700 0.038000 0.111400 0.029700 0.104500 0.088100 0.038200 0.123600 0.039100 0.058100 0.054600 0.099500 0.039600 0.000000 0.000300 0.090400 0.029500 0.090400 0.070500 0.000400 0.104200 0.000300 0.072300 0.039800 0.070900 0.038500 0.031100 0.105700 0.070500 0.030200 0.053600 0.053200 0.038700 0.055900 0.015100 0.084700 0.114400 0.056800 0.106400 0.090400
Hartebeest 0.014800 0.241100 0.078500 0.265200 0.044800 0.014800 0.093300 0.030300 0.078500 0.046200 0.029600 0.046100 0.014800 0.029500 0.097800 0.044800 0.093100 0.077400 0.029300 0.110700 0.030000 0.046400 0.045900 0.089300 0.029800 0.000300 0.000000 0.078500 0.044600 0.078900 0.061700 0.000200 0.091700 0.000000 0.059900 0.030900 0.058800 0.029700 0.047100 0.094500 0.061300 0.045600 0.046200 0.045600 0.031100 0.044700 0.023000 0.073600 0.088200 0.047000 0.094000 0.078500
Bongo 0.093900 0.250400 0.000000 0.276600 0.092900 0.093900 0.181100 0.111900 0.000000 0.062300 0.076800 0.062000 0.094200 0.108700 0.189900 0.125300 0.077200 0.061300 0.108400 0.030000 0.094700 0.131000 0.061800 0.107500 0.093900 0.090400 0.078500 0.000000 0.125800 0.000000 0.077900 0.078600 0.075700 0.078500 0.142700 0.046700 0.091100 0.076900 0.130500 0.111100 0.077300 0.128500 0.062300 0.061500 0.047000 0.126300 0.109200 0.090100 0.089600 0.096000 0.014900 0.000000
Gerenuk 0.059300 0.295400 0.125800 0.324700 0.089700 0.059300 0.140200 0.044800 0.125800 0.092800 0.074100 0.092400 0.029200 0.073700 0.146800 0.059100 0.107500 0.124100 0.073400 0.158600 0.075100 0.093000 0.092100 0.138800 0.074500 0.029500 0.044600 0.125800 0.000000 0.126500 0.108400 0.044700 0.138000 0.044600 0.073800 0.077300 0.103100 0.074200 0.061900 0.142000 0.107500 0.060100 0.092800 0.091500 0.077800 0.058800 0.029900 0.118100 0.132700 0.094000 0.141400 0.125800
CommonElan 0.094400 0.251900 0.000000 0.278600 0.093400 0.094400 0.182100 0.112400 0.000000 0.062700 0.077100 0.062400 0.094700 0.109200 0.190800 0.125800 0.077600 0.061600 0.108900 0.030200 0.095200 0.131600 0.062100 0.107800 0.094400 0.090400 0.078900 0.000000 0.126500 0.000000 0.078400 0.079000 0.076100 0.078900 0.143600 0.047000 0.091500 0.077300 0.130600 0.111700 0.077800 0.129200 0.062700 0.061900 0.047300 0.127000 0.109400 0.090500 0.090000 0.096500 0.015000 0.000000
MuntiacusR 0.077100 0.263000 0.077900 0.253300 0.108800 0.077100 0.161800 0.094500 0.077900 0.015200 0.092300 0.045800 0.077200 0.091700 0.170200 0.107000 0.092800 0.076800 0.091400 0.110000 0.077700 0.112800 0.015000 0.058000 0.092800 0.070500 0.061700 0.077900 0.108400 0.078400 0.000000 0.061600 0.091200 0.061700 0.125000 0.030600 0.106600 0.092800 0.113300 0.061800 0.030100 0.110500 0.015200 0.015000 0.030700 0.108900 0.089000 0.137700 0.137000 0.078700 0.093400 0.077900
HarveysDui 0.014800 0.241000 0.078600 0.265200 0.044800 0.014800 0.093400 0.030300 0.078600 0.046100 0.029600 0.046200 0.014900 0.029500 0.098000 0.044800 0.093100 0.077400 0.029300 0.110800 0.030100 0.046500 0.045900 0.088500 0.029800 0.000400 0.000200 0.078600 0.044700 0.079000 0.061600 0.000000 0.091800 0.000200 0.060000 0.030900 0.058900 0.029700 0.047000 0.094400 0.061400 0.045700 0.046100 0.045500 0.031100 0.044800 0.021600 0.073700 0.088300 0.047000 0.094100 0.078600
Pronghorn 0.106800 0.204900 0.075700 0.286100 0.106000 0.106800 0.157200 0.124500 0.075700 0.076000 0.089800 0.075600 0.107000 0.121200 0.201400 0.104600 0.090400 0.074800 0.120800 0.106900 0.107600 0.143400 0.075300 0.120700 0.106800 0.104200 0.091700 0.075700 0.138000 0.076100 0.091200 0.091800 0.000000 0.091700 0.154500 0.060700 0.135800 0.106400 0.145200 0.107900 0.090500 0.140900 0.076000 0.075000 0.061100 0.138500 0.122700 0.087500 0.133700 0.109100 0.090800 0.075700
BlueWildeb 0.014800 0.241100 0.078500 0.265200 0.044800 0.014800 0.093300 0.030300 0.078500 0.046200 0.029600 0.046100 0.014800 0.029500 0.097800 0.044800 0.093100 0.077400 0.029300 0.110700 0.030000 0.046400 0.045900 0.089300 0.029800 0.000300 0.000000 0.078500 0.044600 0.078900 0.061700 0.000200 0.091700 0.000000 0.059900 0.030900 0.058800 0.029700 0.047100 0.094500 0.061300 0.045600 0.046200 0.045600 0.031100 0.044700 0.023000 0.073600 0.088200 0.047000 0.094000 0.078500
Gemsbok 0.074600 0.318900 0.142700 0.261100 0.105200 0.074600 0.157200 0.091600 0.142700 0.109300 0.089500 0.076300 0.044200 0.088900 0.164100 0.105700 0.091200 0.107400 0.088700 0.175900 0.059400 0.077000 0.108400 0.139200 0.090000 0.072300 0.059900 0.142700 0.073800 0.143600 0.125000 0.060000 0.154500 0.059900 0.000000 0.093700 0.118300 0.089600 0.110700 0.125100 0.124000 0.107400 0.109300 0.108100 0.094400 0.074100 0.072700 0.133400 0.147800 0.110500 0.124300 0.142700
Yak 0.046200 0.234200 0.046700 0.216700 0.077600 0.046200 0.129600 0.063000 0.046700 0.015200 0.061500 0.015300 0.046400 0.061200 0.135800 0.076100 0.061900 0.046100 0.060900 0.078400 0.046700 0.080600 0.015200 0.056800 0.061900 0.039800 0.030900 0.046700 0.077300 0.047000 0.030600 0.030900 0.060700 0.030900 0.093700 0.000000 0.076000 0.061600 0.081600 0.062600 0.030500 0.079100 0.015200 0.015100 0.000100 0.077700 0.058400 0.107000 0.106400 0.047300 0.062300 0.046700
BlueSheep 0.043200 0.289300 0.091100 0.318900 0.072600 0.043200 0.153700 0.089400 0.091100 0.091100 0.057900 0.090800 0.073400 0.087500 0.161300 0.103500 0.138400 0.122100 0.057300 0.122500 0.058400 0.075200 0.090400 0.136200 0.058100 0.070900 0.058800 0.091100 0.103100 0.091500 0.106600 0.058900 0.135800 0.058800 0.118300 0.076000 0.000000 0.057700 0.108500 0.139300 0.105600 0.105200 0.091100 0.090000 0.076500 0.103400 0.088300 0.100600 0.085000 0.092400 0.106100 0.091100
BohorReedb 0.044300 0.274000 0.076900 0.304100 0.014200 0.044300 0.124100 0.060300 0.076900 0.077200 0.059200 0.076900 0.044500 0.058800 0.129900 0.059400 0.124900 0.108500 0.058500 0.108500 0.059900 0.077300 0.076600 0.121700 0.059500 0.038500 0.029700 0.076900 0.074200 0.077300 0.092800 0.029700 0.106400 0.029700 0.089600 0.061600 0.057700 0.000000 0.079100 0.126000 0.092000 0.075700 0.077200 0.076100 0.062100 0.074400 0.056100 0.057500 0.086600 0.078100 0.092200 0.076900
KirksDik 0.062500 0.312900 0.130500 0.347000 0.094400 0.062500 0.148000 0.047300 0.130500 0.097000 0.077300 0.096600 0.062700 0.077500 0.155700 0.062300 0.146900 0.129600 0.077200 0.165800 0.079100 0.097200 0.096200 0.145200 0.077700 0.031100 0.047100 0.130500 0.061900 0.130600 0.113300 0.047000 0.145200 0.047100 0.110700 0.081600 0.108500 0.079100 0.000000 0.148700 0.112300 0.063300 0.097000 0.095700 0.082100 0.094400 0.047600 0.124000 0.139300 0.099400 0.147200 0.130500
RoeDeer 0.109900 0.269200 0.111100 0.212900 0.142300 0.109900 0.145500 0.128400 0.111100 0.046300 0.125300 0.045800 0.110300 0.124400 0.170200 0.141200 0.092800 0.076800 0.124300 0.144000 0.072700 0.147900 0.045900 0.090900 0.126000 0.105700 0.094500 0.111100 0.142000 0.111700 0.061800 0.094400 0.107900 0.094500 0.125100 0.062600 0.139300 0.126000 0.148700 0.000000 0.061200 0.145000 0.046300 0.045800 0.063000 0.142600 0.124900 0.152800 0.170300 0.112400 0.093400 0.111100
WhiteLippe 0.076500 0.266300 0.077300 0.250900 0.107900 0.076500 0.160700 0.093700 0.077300 0.015100 0.091600 0.045500 0.076700 0.091200 0.168500 0.106000 0.092200 0.076300 0.090700 0.109100 0.077100 0.111900 0.014900 0.058200 0.092100 0.070500 0.061300 0.077300 0.107500 0.077800 0.030100 0.061400 0.090500 0.061300 0.124000 0.030500 0.105600 0.092000 0.112300 0.061200 0.000000 0.109900 0.015100 0.014900 0.030600 0.108000 0.088800 0.137000 0.136000 0.078200 0.092700 0.077300
ThomsonGaz 0.060600 0.302400 0.128500 0.334200 0.091600 0.060600 0.143400 0.045900 0.128500 0.094600 0.075700 0.094500 0.060800 0.044000 0.150500 0.060400 0.143700 0.126800 0.074900 0.162000 0.076800 0.095200 0.094100 0.140300 0.076100 0.030200 0.045600 0.128500 0.060100 0.129200 0.110500 0.045700 0.140900 0.045600 0.107400 0.079100 0.105200 0.075700 0.063300 0.145000 0.109900 0.000000 0.094600 0.093300 0.079600 0.091700 0.046100 0.120500 0.149400 0.096100 0.144400 0.128500
MuntiacusC 0.061600 0.245300 0.062300 0.235200 0.093100 0.061600 0.145400 0.078600 0.062300 0.000000 0.076900 0.030500 0.061700 0.076300 0.153000 0.091000 0.077300 0.061400 0.076000 0.094200 0.062100 0.096700 0.000100 0.042500 0.077300 0.053600 0.046200 0.062300 0.092800 0.062700 0.015200 0.046100 0.076000 0.046200 0.109300 0.015200 0.091100 0.077200 0.097000 0.046300 0.015100 0.094600 0.000000 0.000300 0.015200 0.093300 0.072100 0.122200 0.121400 0.062900 0.077800 0.062300
WhiteTaile 0.060800 0.248000 0.061500 0.231500 0.091900 0.060800 0.143500 0.077600 0.061500 0.000300 0.075900 0.030200 0.061000 0.075300 0.151100 0.089400 0.076500 0.060700 0.075100 0.093000 0.061300 0.095600 0.000200 0.045500 0.076300 0.053200 0.045600 0.061500 0.091500 0.061900 0.015000 0.045500 0.075000 0.045600 0.108100 0.015100 0.090000 0.076100 0.095700 0.045800 0.014900 0.093300 0.000300 0.000000 0.015100 0.092100 0.071400 0.120700 0.120000 0.062200 0.076900 0.061500
Cattle 0.046500 0.235700 0.047000 0.218000 0.078100 0.046500 0.130500 0.063400 0.047000 0.015200 0.061900 0.015400 0.046600 0.061600 0.136900 0.076000 0.062300 0.046400 0.061300 0.079000 0.046900 0.081100 0.015200 0.056000 0.062300 0.038700 0.031100 0.047000 0.077800 0.047300 0.030700 0.031100 0.061100 0.031100 0.094400 0.000100 0.076500 0.062100 0.082100 0.063000 0.030600 0.079600 0.015200 0.015100 0.000000 0.078200 0.057400 0.107800 0.107100 0.047600 0.062700 0.047000
RoyalAntel 0.059500 0.256100 0.126300 0.280600 0.089900 0.059500 0.138800 0.076000 0.126300 0.093300 0.074300 0.092900 0.029300 0.073900 0.145700 0.090200 0.107900 0.124600 0.073600 0.159200 0.075400 0.093300 0.092500 0.139000 0.074700 0.055900 0.044700 0.126300 0.058800 0.127000 0.108900 0.044800 0.138500 0.044700 0.074100 0.077700 0.103400 0.074400 0.094400 0.142600 0.108000 0.091700 0.093300 0.092100 0.078200 0.000000 0.057300 0.118300 0.133000 0.094400 0.141900 0.126300
Steenbok 0.042000 0.279500 0.109200 0.307800 0.073500 0.042000 0.124500 0.030600 0.109200 0.072100 0.057100 0.074000 0.022800 0.055600 0.131200 0.045400 0.106200 0.106600 0.055800 0.143000 0.057100 0.076400 0.072800 0.119600 0.057400 0.015100 0.023000 0.109200 0.029900 0.109400 0.089000 0.021600 0.122700 0.023000 0.072700 0.058400 0.088300 0.056100 0.047600 0.124900 0.088800 0.046100 0.072100 0.071400 0.057400 0.057300 0.000000 0.102200 0.118200 0.075400 0.125400 0.109200
Impala 0.088100 0.245900 0.090100 0.355100 0.072400 0.088100 0.153200 0.104800 0.090100 0.122200 0.072200 0.121900 0.088300 0.102200 0.177100 0.087200 0.136700 0.120700 0.071700 0.121100 0.103000 0.122400 0.121500 0.167500 0.088100 0.084700 0.073600 0.090100 0.118100 0.090500 0.137700 0.073700 0.087500 0.073600 0.133400 0.107000 0.100600 0.057500 0.124000 0.152800 0.137000 0.120500 0.122200 0.120700 0.107800 0.118300 0.102200 0.000000 0.099200 0.124000 0.104900 0.090100
Klipspring 0.102700 0.282900 0.089600 0.354500 0.101800 0.102700 0.184500 0.119500 0.089600 0.121400 0.086600 0.121100 0.102800 0.116800 0.176200 0.132900 0.136100 0.120100 0.116400 0.120500 0.087500 0.137400 0.120600 0.167200 0.102800 0.114400 0.088200 0.089600 0.132700 0.090000 0.137000 0.088300 0.133700 0.088200 0.147800 0.106400 0.085000 0.086600 0.139300 0.170300 0.136000 0.149400 0.121400 0.120000 0.107100 0.133000 0.118200 0.099200 0.000000 0.123200 0.104400 0.089600
ForestMusk 0.062400 0.255700 0.096000 0.281900 0.094300 0.062400 0.147800 0.079700 0.096000 0.062900 0.077900 0.062700 0.062600 0.077500 0.135700 0.092900 0.111100 0.094600 0.077200 0.129000 0.062900 0.098000 0.062500 0.108600 0.078400 0.056800 0.047000 0.096000 0.094000 0.096500 0.078700 0.047000 0.109100 0.047000 0.110500 0.047300 0.092400 0.078100 0.099400 0.112400 0.078200 0.096100 0.062900 0.062200 0.047600 0.094400 0.075400 0.124000 0.123200 0.000000 0.111800 0.096000
Bushbuck 0.109400 0.267200 0.014500 0.251800 0.108200 0.109400 0.197400 0.127600 0.014600 0.077800 0.091900 0.045600 0.109700 0.124000 0.206600 0.141000 0.060600 0.045100 0.123700 0.044900 0.077300 0.147100 0.077100 0.123600 0.109400 0.106400 0.094000 0.014900 0.141400 0.015000 0.093400 0.094100 0.090800 0.094000 0.124300 0.062300 0.106100 0.092200 0.147200 0.093400 0.092700 0.144400 0.077800 0.076900 0.062700 0.141900 0.125400 0.104900 0.104400 0.111800 0.000000 0.014900
GreaterKud 0.093900 0.250400 0.000000 0.276600 0.092900 0.093900 0.181100 0.111900 0.000000 0.062300 0.076800 0.062000 0.094200 0.108700 0.189900 0.125300 0.077200 0.061300 0.108400 0.030000 0.094700 0.131000 0.061800 0.107500 0.093900 0.090400 0.078500 0.000000 0.125800 0.000000 0.077900 0.078600 0.075700 0.078500 0.142700 0.046700 0.091100 0.076900 0.130500 0.111100 0.077300 0.128500 0.062300 0.061500 0.047000 0.126300 0.109200 0.090100 0.089600 0.096000 0.014900 0.000000
