CODONML (in paml version 4.10.7, June 2023)  /home/rachel/ruminants_paml/6406-phy-tree/ENSBTAT00000009691.fasta.phy
Model: free dN/dS Ratios for branches,  kappa = 2.000 fixed

Codon frequency model: F3x4
ns =  54  ls =  23

Codon usage in sequences
--------------------------------------------------------------------------------------------------------------------------------------
Phe TTT   2   0   2   2   2   2 | Ser TCT   0   0   0   0   0   0 | Tyr TAT   0   1   0   0   0   0 | Cys TGT   0   0   0   0   0   0
    TTC   0   1   0   0   0   0 |     TCC   0   0   0   0   0   0 |     TAC   1   1   1   1   1   1 |     TGC   0   0   0   0   0   0
Leu TTA   0   0   0   0   0   0 |     TCA   0   0   0   0   0   0 | *** TAA   0   0   0   0   0   0 | *** TGA   0   0   0   0   0   0
    TTG   1   0   1   1   1   1 |     TCG   0   0   0   0   0   0 |     TAG   0   0   0   0   0   0 | Trp TGG   0   0   0   0   0   0
--------------------------------------------------------------------------------------------------------------------------------------
Leu CTT   0   0   0   0   0   0 | Pro CCT   0   0   0   0   0   0 | His CAT   1   1   1   2   1   1 | Arg CGT   0   0   0   0   0   0
    CTC   0   0   0   0   0   0 |     CCC   0   0   0   0   0   0 |     CAC   1   2   1   0   1   1 |     CGC   0   0   0   0   0   0
    CTA   0   0   0   0   1   1 |     CCA   0   0   0   0   0   0 | Gln CAA   0   0   0   0   1   1 |     CGA   0   1   0   0   0   0
    CTG   1   2   1   1   0   0 |     CCG   0   0   0   0   0   0 |     CAG   1   0   1   1   0   0 |     CGG   0   0   0   0   0   0
--------------------------------------------------------------------------------------------------------------------------------------
Ile ATT   2   2   2   2   2   2 | Thr ACT   0   0   0   0   0   0 | Asn AAT   0   0   0   0   0   0 | Ser AGT   0   0   0   0   0   0
    ATC   0   0   0   0   0   0 |     ACC   0   0   0   0   0   0 |     AAC   1   0   1   1   1   1 |     AGC   0   0   0   0   0   0
    ATA   1   1   1   1   1   1 |     ACA   0   0   0   0   0   0 | Lys AAA   0   0   0   0   0   0 | Arg AGA   1   1   1   1   1   1
Met ATG   1   1   1   1   1   1 |     ACG   0   0   0   0   0   0 |     AAG   1   1   1   1   1   1 |     AGG   0   0   0   0   0   0
--------------------------------------------------------------------------------------------------------------------------------------
Val GTT   0   0   0   0   1   0 | Ala GCT   0   0   0   0   0   0 | Asp GAT   1   0   1   1   1   1 | Gly GGT   1   0   1   1   1   1
    GTC   0   0   0   0   0   0 |     GCC   0   0   0   0   0   0 |     GAC   0   1   0   0   0   0 |     GGC   0   0   0   0   0   0
    GTA   1   1   2   1   1   2 |     GCA   0   0   0   0   0   0 | Glu GAA   2   2   2   2   2   2 |     GGA   0   1   1   1   1   1
    GTG   2   2   1   2   1   1 |     GCG   0   0   0   0   0   0 |     GAG   0   0   0   0   0   0 |     GGG   1   1   0   0   0   0
--------------------------------------------------------------------------------------------------------------------------------------

--------------------------------------------------------------------------------------------------------------------------------------
Phe TTT   1   2   2   2   2   2 | Ser TCT   0   0   0   0   0   0 | Tyr TAT   0   0   0   0   0   0 | Cys TGT   0   0   0   0   0   0
    TTC   1   0   0   0   0   0 |     TCC   0   0   0   0   0   0 |     TAC   1   1   1   1   1   1 |     TGC   0   0   0   0   0   0
Leu TTA   0   0   0   0   0   0 |     TCA   0   0   0   0   0   0 | *** TAA   0   0   0   0   0   0 | *** TGA   0   0   0   0   0   0
    TTG   2   1   1   1   1   1 |     TCG   0   0   0   0   0   0 |     TAG   0   0   0   0   0   0 | Trp TGG   0   0   0   0   0   0
--------------------------------------------------------------------------------------------------------------------------------------
Leu CTT   0   0   0   0   0   0 | Pro CCT   0   0   0   0   0   0 | His CAT   1   1   1   1   1   1 | Arg CGT   0   0   0   0   0   0
    CTC   0   0   0   0   0   0 |     CCC   0   0   0   0   0   0 |     CAC   1   1   1   1   1   1 |     CGC   0   0   0   0   0   0
    CTA   0   0   0   0   0   0 |     CCA   0   0   0   0   0   0 | Gln CAA   0   0   0   1   0   0 |     CGA   0   0   0   0   0   0
    CTG   0   1   1   1   1   1 |     CCG   0   0   0   0   0   0 |     CAG   1   1   1   0   1   1 |     CGG   0   0   0   0   0   0
--------------------------------------------------------------------------------------------------------------------------------------
Ile ATT   3   2   2   2   2   2 | Thr ACT   0   0   0   0   0   0 | Asn AAT   0   0   0   0   0   0 | Ser AGT   0   0   0   0   0   0
    ATC   0   0   0   0   0   0 |     ACC   0   0   0   0   0   0 |     AAC   1   1   1   1   1   1 |     AGC   0   0   0   0   0   0
    ATA   0   1   1   1   1   1 |     ACA   0   0   0   0   0   0 | Lys AAA   0   0   0   0   0   0 | Arg AGA   1   1   1   1   1   1
Met ATG   1   1   1   1   1   1 |     ACG   0   0   0   0   0   0 |     AAG   1   1   1   1   1   1 |     AGG   0   0   0   0   0   0
--------------------------------------------------------------------------------------------------------------------------------------
Val GTT   0   0   0   1   0   0 | Ala GCT   0   0   0   0   0   0 | Asp GAT   1   1   1   1   1   1 | Gly GGT   1   1   1   1   1   1
    GTC   0   0   0   0   0   0 |     GCC   0   0   0   0   0   0 |     GAC   0   0   0   0   0   0 |     GGC   0   0   0   0   0   0
    GTA   2   1   2   1   2   2 |     GCA   0   0   0   0   0   0 | Glu GAA   2   2   1   2   2   2 |     GGA   1   0   1   1   1   1
    GTG   1   2   1   1   1   1 |     GCG   0   0   0   0   0   0 |     GAG   0   0   1   0   0   0 |     GGG   0   1   0   0   0   0
--------------------------------------------------------------------------------------------------------------------------------------

--------------------------------------------------------------------------------------------------------------------------------------
Phe TTT   2   2   2   2   2   2 | Ser TCT   0   0   0   0   0   0 | Tyr TAT   0   1   0   0   0   0 | Cys TGT   0   0   0   0   0   0
    TTC   0   0   0   0   0   0 |     TCC   0   0   0   0   0   0 |     TAC   1   0   1   1   1   1 |     TGC   0   0   0   0   0   0
Leu TTA   0   0   0   0   0   0 |     TCA   0   0   0   0   0   0 | *** TAA   0   0   0   0   0   0 | *** TGA   0   0   0   0   0   0
    TTG   1   1   1   1   1   1 |     TCG   0   0   0   0   0   0 |     TAG   0   0   0   0   0   0 | Trp TGG   0   0   0   0   0   0
--------------------------------------------------------------------------------------------------------------------------------------
Leu CTT   0   0   0   0   0   0 | Pro CCT   0   0   0   0   0   0 | His CAT   1   1   1   1   1   1 | Arg CGT   0   0   0   0   0   0
    CTC   0   0   0   0   0   0 |     CCC   0   0   0   0   0   0 |     CAC   1   1   1   1   1   1 |     CGC   0   0   0   0   0   0
    CTA   0   0   0   0   0   0 |     CCA   0   0   0   0   0   0 | Gln CAA   0   0   0   0   0   0 |     CGA   0   0   0   0   0   0
    CTG   1   1   1   1   1   1 |     CCG   0   0   0   0   0   0 |     CAG   1   0   1   1   1   1 |     CGG   0   1   0   0   0   0
--------------------------------------------------------------------------------------------------------------------------------------
Ile ATT   2   2   2   2   2   2 | Thr ACT   0   0   0   0   0   0 | Asn AAT   0   0   0   0   0   0 | Ser AGT   0   0   0   0   0   0
    ATC   0   0   0   0   0   0 |     ACC   0   0   0   0   0   0 |     AAC   1   1   1   1   1   1 |     AGC   0   0   0   0   0   0
    ATA   1   1   1   1   1   1 |     ACA   0   0   0   0   0   0 | Lys AAA   0   0   0   0   0   0 | Arg AGA   1   1   1   1   1   1
Met ATG   1   1   1   1   1   1 |     ACG   0   0   0   0   0   0 |     AAG   1   1   1   1   1   1 |     AGG   0   0   0   0   0   0
--------------------------------------------------------------------------------------------------------------------------------------
Val GTT   0   0   0   0   0   1 | Ala GCT   0   0   0   0   0   0 | Asp GAT   1   1   1   1   1   1 | Gly GGT   1   1   1   1   1   1
    GTC   0   0   0   0   0   0 |     GCC   0   0   0   0   0   0 |     GAC   0   0   0   0   0   0 |     GGC   0   0   0   0   0   0
    GTA   1   2   2   2   2   1 |     GCA   0   0   0   0   0   0 | Glu GAA   1   2   2   1   2   2 |     GGA   0   1   1   1   1   1
    GTG   2   1   1   1   1   1 |     GCG   0   0   0   0   0   0 |     GAG   1   0   0   1   0   0 |     GGG   1   0   0   0   0   0
--------------------------------------------------------------------------------------------------------------------------------------

--------------------------------------------------------------------------------------------------------------------------------------
Phe TTT   2   2   2   2   2   2 | Ser TCT   0   0   0   0   0   0 | Tyr TAT   0   0   0   0   0   0 | Cys TGT   0   0   0   0   0   0
    TTC   0   0   0   0   0   0 |     TCC   0   0   0   0   0   0 |     TAC   1   1   1   1   1   1 |     TGC   0   0   0   0   0   0
Leu TTA   0   0   0   0   0   0 |     TCA   0   0   0   0   0   0 | *** TAA   0   0   0   0   0   0 | *** TGA   0   0   0   0   0   0
    TTG   1   1   1   1   1   1 |     TCG   0   0   0   0   0   0 |     TAG   0   0   0   0   0   0 | Trp TGG   0   0   0   0   0   0
--------------------------------------------------------------------------------------------------------------------------------------
Leu CTT   0   0   0   0   0   0 | Pro CCT   0   0   0   0   0   0 | His CAT   1   1   1   1   1   1 | Arg CGT   0   0   0   0   0   0
    CTC   0   0   0   0   0   0 |     CCC   0   0   0   0   0   0 |     CAC   1   1   1   1   1   1 |     CGC   0   0   0   0   0   0
    CTA   0   0   0   0   0   0 |     CCA   0   0   0   0   0   0 | Gln CAA   0   0   0   0   0   0 |     CGA   0   0   0   0   0   0
    CTG   1   1   1   1   1   1 |     CCG   0   0   0   0   0   0 |     CAG   1   1   1   1   1   1 |     CGG   0   0   0   0   0   0
--------------------------------------------------------------------------------------------------------------------------------------
Ile ATT   2   2   2   2   2   2 | Thr ACT   0   0   0   0   0   0 | Asn AAT   0   0   0   0   0   0 | Ser AGT   0   0   0   0   0   0
    ATC   0   0   0   0   0   0 |     ACC   0   0   0   0   0   0 |     AAC   1   1   1   1   1   1 |     AGC   0   0   0   0   0   0
    ATA   1   1   1   1   1   1 |     ACA   0   0   0   0   0   0 | Lys AAA   0   0   0   0   0   0 | Arg AGA   1   1   1   1   1   1
Met ATG   1   1   1   1   1   1 |     ACG   0   0   0   0   0   0 |     AAG   1   1   1   1   1   1 |     AGG   0   0   0   0   0   0
--------------------------------------------------------------------------------------------------------------------------------------
Val GTT   0   0   0   0   1   0 | Ala GCT   0   0   0   0   0   0 | Asp GAT   1   1   1   1   1   1 | Gly GGT   1   1   1   1   1   1
    GTC   0   0   0   0   0   0 |     GCC   0   0   0   0   0   0 |     GAC   0   0   0   0   0   0 |     GGC   0   0   0   0   0   0
    GTA   2   2   2   2   1   1 |     GCA   0   0   0   0   0   0 | Glu GAA   2   2   2   2   2   1 |     GGA   1   1   1   1   1   0
    GTG   1   1   1   1   1   2 |     GCG   0   0   0   0   0   0 |     GAG   0   0   0   0   0   1 |     GGG   0   0   0   0   0   1
--------------------------------------------------------------------------------------------------------------------------------------

--------------------------------------------------------------------------------------------------------------------------------------
Phe TTT   2   2   2   2   2   2 | Ser TCT   0   0   0   0   0   0 | Tyr TAT   0   0   0   0   0   0 | Cys TGT   0   0   0   0   0   0
    TTC   0   0   0   0   0   0 |     TCC   0   0   0   0   0   0 |     TAC   1   1   1   1   1   1 |     TGC   0   0   0   0   0   0
Leu TTA   0   0   0   0   0   0 |     TCA   0   0   0   0   0   0 | *** TAA   0   0   0   0   0   0 | *** TGA   0   0   0   0   0   0
    TTG   1   1   1   1   1   1 |     TCG   0   0   0   0   0   0 |     TAG   0   0   0   0   0   0 | Trp TGG   0   0   0   0   0   0
--------------------------------------------------------------------------------------------------------------------------------------
Leu CTT   0   0   0   0   0   0 | Pro CCT   0   0   0   0   0   0 | His CAT   1   1   1   1   1   1 | Arg CGT   0   0   0   0   0   0
    CTC   0   0   0   0   0   0 |     CCC   0   0   0   0   0   0 |     CAC   1   1   1   1   1   1 |     CGC   0   0   0   0   0   0
    CTA   0   0   0   0   0   0 |     CCA   0   0   0   0   0   0 | Gln CAA   0   0   0   0   0   0 |     CGA   0   0   0   0   0   0
    CTG   1   1   1   1   1   1 |     CCG   0   0   0   0   0   0 |     CAG   1   1   1   1   1   1 |     CGG   0   0   0   0   0   0
--------------------------------------------------------------------------------------------------------------------------------------
Ile ATT   2   2   2   2   2   2 | Thr ACT   0   0   0   0   0   0 | Asn AAT   0   0   0   0   0   0 | Ser AGT   0   0   0   0   0   0
    ATC   0   0   0   0   0   0 |     ACC   0   0   0   0   0   0 |     AAC   1   1   1   1   1   1 |     AGC   0   0   0   0   0   0
    ATA   1   1   1   1   1   1 |     ACA   0   0   0   0   0   0 | Lys AAA   0   0   0   0   0   0 | Arg AGA   1   1   1   1   1   1
Met ATG   1   1   1   1   1   1 |     ACG   0   0   0   0   0   0 |     AAG   1   1   1   1   1   1 |     AGG   0   0   0   0   0   0
--------------------------------------------------------------------------------------------------------------------------------------
Val GTT   0   0   0   1   0   0 | Ala GCT   0   0   0   0   0   0 | Asp GAT   1   1   1   1   1   1 | Gly GGT   1   1   1   1   1   1
    GTC   0   0   0   0   0   0 |     GCC   0   0   0   0   0   0 |     GAC   0   0   0   0   0   0 |     GGC   0   0   0   0   0   0
    GTA   2   2   1   1   2   2 |     GCA   0   0   0   0   0   0 | Glu GAA   2   2   1   2   2   2 |     GGA   1   1   0   1   1   1
    GTG   1   1   2   1   1   1 |     GCG   0   0   0   0   0   0 |     GAG   0   0   1   0   0   0 |     GGG   0   0   1   0   0   0
--------------------------------------------------------------------------------------------------------------------------------------

--------------------------------------------------------------------------------------------------------------------------------------
Phe TTT   2   2   2   2   2   2 | Ser TCT   0   0   0   0   0   0 | Tyr TAT   0   0   0   0   0   0 | Cys TGT   0   0   0   0   0   0
    TTC   0   0   0   0   0   0 |     TCC   0   0   0   0   0   0 |     TAC   0   1   1   1   1   1 |     TGC   0   0   0   0   0   0
Leu TTA   0   0   0   0   0   0 |     TCA   0   0   0   0   0   0 | *** TAA   0   0   0   0   0   0 | *** TGA   0   0   0   0   0   0
    TTG   1   1   1   1   0   1 |     TCG   0   0   0   0   0   0 |     TAG   0   0   0   0   0   0 | Trp TGG   0   0   0   0   0   0
--------------------------------------------------------------------------------------------------------------------------------------
Leu CTT   0   0   0   0   0   0 | Pro CCT   0   0   0   0   0   0 | His CAT   1   1   1   1   1   1 | Arg CGT   0   0   0   0   0   0
    CTC   0   0   0   0   0   0 |     CCC   0   0   0   0   0   0 |     CAC   2   1   1   1   1   1 |     CGC   0   0   0   0   0   0
    CTA   0   0   0   0   0   0 |     CCA   0   0   0   0   0   0 | Gln CAA   0   0   0   0   0   0 |     CGA   0   0   0   0   0   0
    CTG   1   1   1   1   2   1 |     CCG   0   0   0   0   0   0 |     CAG   0   1   1   1   1   1 |     CGG   1   0   0   0   0   0
--------------------------------------------------------------------------------------------------------------------------------------
Ile ATT   2   2   2   2   0   2 | Thr ACT   0   0   0   0   0   0 | Asn AAT   0   0   0   0   0   0 | Ser AGT   0   0   0   0   0   0
    ATC   0   0   0   0   1   0 |     ACC   0   0   0   0   0   0 |     AAC   1   1   1   1   1   1 |     AGC   0   0   0   0   0   0
    ATA   1   1   1   1   1   1 |     ACA   0   0   0   0   0   0 | Lys AAA   0   0   0   0   0   0 | Arg AGA   1   1   1   1   1   1
Met ATG   1   1   1   1   1   1 |     ACG   0   0   0   0   0   0 |     AAG   1   1   1   1   1   1 |     AGG   0   0   0   0   0   0
--------------------------------------------------------------------------------------------------------------------------------------
Val GTT   0   0   0   0   1   0 | Ala GCT   0   0   0   0   0   0 | Asp GAT   1   1   1   1   1   1 | Gly GGT   1   1   1   1   1   1
    GTC   1   0   0   0   0   0 |     GCC   0   0   0   0   0   0 |     GAC   0   0   0   0   0   0 |     GGC   1   0   0   0   0   0
    GTA   1   2   2   2   2   2 |     GCA   0   0   0   0   0   0 | Glu GAA   2   2   2   1   2   2 |     GGA   0   1   1   1   1   1
    GTG   1   1   1   1   1   1 |     GCG   0   0   0   0   0   0 |     GAG   0   0   0   1   0   0 |     GGG   0   0   0   0   0   0
--------------------------------------------------------------------------------------------------------------------------------------

--------------------------------------------------------------------------------------------------------------------------------------
Phe TTT   2   2   2   1   2   2 | Ser TCT   0   0   0   0   0   0 | Tyr TAT   0   0   0   0   0   0 | Cys TGT   0   0   0   0   0   0
    TTC   0   0   0   1   0   0 |     TCC   0   0   0   0   0   0 |     TAC   1   1   1   1   1   1 |     TGC   0   0   0   0   0   0
Leu TTA   0   0   0   0   0   0 |     TCA   0   0   0   0   0   0 | *** TAA   0   0   0   0   0   0 | *** TGA   0   0   0   0   0   0
    TTG   1   1   1   1   1   1 |     TCG   0   0   0   0   0   0 |     TAG   0   0   0   0   0   0 | Trp TGG   0   0   0   0   0   0
--------------------------------------------------------------------------------------------------------------------------------------
Leu CTT   0   0   0   0   0   0 | Pro CCT   0   0   0   0   0   0 | His CAT   1   1   1   1   1   1 | Arg CGT   0   0   0   0   0   0
    CTC   0   0   0   0   0   0 |     CCC   0   0   0   0   0   0 |     CAC   1   1   1   1   1   1 |     CGC   0   0   0   0   0   0
    CTA   0   0   0   0   0   0 |     CCA   0   0   0   0   0   0 | Gln CAA   0   0   0   0   0   0 |     CGA   0   0   0   0   0   0
    CTG   1   1   1   1   1   1 |     CCG   0   0   0   0   0   0 |     CAG   1   0   1   1   1   1 |     CGG   0   1   0   0   0   0
--------------------------------------------------------------------------------------------------------------------------------------
Ile ATT   2   2   2   3   2   2 | Thr ACT   0   0   0   0   0   0 | Asn AAT   0   0   0   0   0   0 | Ser AGT   0   0   0   0   0   0
    ATC   0   0   0   0   0   0 |     ACC   0   0   0   0   0   0 |     AAC   1   1   1   1   1   1 |     AGC   0   0   0   0   0   0
    ATA   1   1   1   0   1   1 |     ACA   0   0   0   0   0   0 | Lys AAA   0   0   0   0   0   0 | Arg AGA   1   1   1   1   1   1
Met ATG   1   1   1   1   1   1 |     ACG   0   0   0   0   0   0 |     AAG   1   1   1   1   1   1 |     AGG   0   0   0   0   0   0
--------------------------------------------------------------------------------------------------------------------------------------
Val GTT   0   0   0   0   1   0 | Ala GCT   0   0   0   0   0   0 | Asp GAT   1   1   1   1   1   1 | Gly GGT   1   1   1   1   1   1
    GTC   0   0   0   0   0   0 |     GCC   0   0   0   0   0   0 |     GAC   0   0   0   0   0   0 |     GGC   0   0   0   0   0   0
    GTA   2   2   1   2   1   2 |     GCA   0   0   0   0   0   0 | Glu GAA   2   2   1   2   2   2 |     GGA   1   1   0   1   1   1
    GTG   1   1   2   1   1   1 |     GCG   0   0   0   0   0   0 |     GAG   0   0   1   0   0   0 |     GGG   0   0   1   0   0   0
--------------------------------------------------------------------------------------------------------------------------------------

--------------------------------------------------------------------------------------------------------------------------------------
Phe TTT   2   2   2   2   2   2 | Ser TCT   0   0   0   0   0   0 | Tyr TAT   0   0   0   0   0   0 | Cys TGT   0   0   0   0   0   0
    TTC   0   0   0   0   0   0 |     TCC   0   0   0   0   0   0 |     TAC   1   1   1   1   1   1 |     TGC   0   0   0   0   0   0
Leu TTA   0   0   0   0   0   0 |     TCA   0   0   0   0   0   0 | *** TAA   0   0   0   0   0   0 | *** TGA   0   0   0   0   0   0
    TTG   1   1   1   1   1   1 |     TCG   0   0   0   0   0   0 |     TAG   0   0   0   0   0   0 | Trp TGG   0   0   0   0   0   0
--------------------------------------------------------------------------------------------------------------------------------------
Leu CTT   0   0   0   0   0   0 | Pro CCT   0   0   0   0   0   0 | His CAT   1   1   1   1   1   1 | Arg CGT   0   0   0   0   0   0
    CTC   0   0   0   0   0   0 |     CCC   0   0   0   0   0   0 |     CAC   1   1   1   1   1   1 |     CGC   0   0   0   0   0   0
    CTA   0   0   0   0   0   0 |     CCA   0   0   0   0   0   0 | Gln CAA   0   0   0   0   0   0 |     CGA   0   0   0   0   0   0
    CTG   1   1   1   1   1   1 |     CCG   0   0   0   0   0   0 |     CAG   1   1   1   1   0   1 |     CGG   0   0   0   0   1   0
--------------------------------------------------------------------------------------------------------------------------------------
Ile ATT   2   2   2   2   2   2 | Thr ACT   0   0   0   0   0   0 | Asn AAT   0   0   0   0   0   0 | Ser AGT   0   0   0   0   0   0
    ATC   0   0   0   0   0   0 |     ACC   0   0   0   0   0   0 |     AAC   1   1   1   1   1   1 |     AGC   0   0   0   0   0   0
    ATA   1   1   1   1   1   1 |     ACA   0   0   0   0   0   0 | Lys AAA   0   0   0   0   0   0 | Arg AGA   1   1   1   1   1   1
Met ATG   1   1   1   1   1   1 |     ACG   0   0   0   0   0   0 |     AAG   1   1   1   1   1   1 |     AGG   0   0   0   0   0   0
--------------------------------------------------------------------------------------------------------------------------------------
Val GTT   0   1   0   0   0   0 | Ala GCT   0   0   0   0   0   0 | Asp GAT   1   1   1   1   1   1 | Gly GGT   1   1   1   1   1   1
    GTC   0   0   0   0   0   0 |     GCC   0   0   0   0   0   0 |     GAC   0   0   0   0   0   0 |     GGC   0   0   0   0   0   0
    GTA   2   1   2   2   2   2 |     GCA   0   0   0   0   0   0 | Glu GAA   2   2   2   2   2   2 |     GGA   1   1   1   1   1   1
    GTG   1   1   1   1   1   1 |     GCG   0   0   0   0   0   0 |     GAG   0   0   0   0   0   0 |     GGG   0   0   0   0   0   0
--------------------------------------------------------------------------------------------------------------------------------------

--------------------------------------------------------------------------------------------------------------------------------------
Phe TTT   2   2   2   2   2   2 | Ser TCT   0   0   0   0   0   0 | Tyr TAT   0   0   0   0   0   0 | Cys TGT   0   0   0   0   0   0
    TTC   0   0   0   0   0   0 |     TCC   0   0   0   0   0   0 |     TAC   1   1   1   1   1   1 |     TGC   0   0   0   0   0   0
Leu TTA   0   0   0   0   0   0 |     TCA   0   0   0   0   0   0 | *** TAA   0   0   0   0   0   0 | *** TGA   0   0   0   0   0   0
    TTG   1   1   1   1   1   1 |     TCG   0   0   0   0   0   0 |     TAG   0   0   0   0   0   0 | Trp TGG   0   0   0   0   0   0
--------------------------------------------------------------------------------------------------------------------------------------
Leu CTT   0   0   0   0   0   0 | Pro CCT   0   0   0   0   0   0 | His CAT   1   1   1   2   1   1 | Arg CGT   0   0   0   0   0   0
    CTC   0   1   0   0   0   0 |     CCC   0   0   0   0   0   0 |     CAC   1   1   1   0   1   1 |     CGC   0   0   0   0   0   0
    CTA   0   0   0   0   0   0 |     CCA   0   0   0   0   0   0 | Gln CAA   0   0   0   0   0   0 |     CGA   0   0   0   0   0   0
    CTG   1   0   1   1   1   1 |     CCG   0   0   0   0   0   0 |     CAG   1   1   1   1   1   1 |     CGG   0   0   0   0   0   0
--------------------------------------------------------------------------------------------------------------------------------------
Ile ATT   2   2   2   2   2   2 | Thr ACT   0   0   0   0   0   0 | Asn AAT   0   0   0   0   0   0 | Ser AGT   0   0   0   0   0   0
    ATC   0   0   0   0   0   0 |     ACC   0   0   0   0   0   0 |     AAC   1   1   1   1   1   1 |     AGC   0   0   0   0   0   0
    ATA   1   1   1   1   1   1 |     ACA   0   0   0   0   0   0 | Lys AAA   0   0   0   0   0   0 | Arg AGA   1   1   1   1   1   1
Met ATG   1   1   1   1   1   1 |     ACG   0   0   0   0   0   0 |     AAG   1   1   1   1   1   1 |     AGG   0   0   0   0   0   0
--------------------------------------------------------------------------------------------------------------------------------------
Val GTT   1   0   0   0   0   0 | Ala GCT   0   0   0   0   0   0 | Asp GAT   1   1   1   1   1   1 | Gly GGT   1   1   1   1   1   1
    GTC   0   0   0   0   0   0 |     GCC   0   0   0   0   0   0 |     GAC   0   0   0   0   0   0 |     GGC   0   0   0   0   0   0
    GTA   2   2   2   1   2   2 |     GCA   0   0   0   0   0   0 | Glu GAA   2   2   2   2   2   2 |     GGA   1   1   1   1   1   1
    GTG   0   1   1   2   1   1 |     GCG   0   0   0   0   0   0 |     GAG   0   0   0   0   0   0 |     GGG   0   0   0   0   0   0
--------------------------------------------------------------------------------------------------------------------------------------

Codon position x base (3x4) table for each sequence.

#1: Argali         
position  1:    T:0.17391    C:0.17391    A:0.30435    G:0.34783
position  2:    T:0.47826    C:0.00000    A:0.39130    G:0.13043
position  3:    T:0.30435    C:0.13043    A:0.21739    G:0.34783
Average         T:0.31884    C:0.10145    A:0.30435    G:0.27536

#2: LesserMouseDeer
position  1:    T:0.13043    C:0.26087    A:0.26087    G:0.34783
position  2:    T:0.43478    C:0.00000    A:0.39130    G:0.17391
position  3:    T:0.17391    C:0.21739    A:0.30435    G:0.30435
Average         T:0.24638    C:0.15942    A:0.31884    G:0.27536

#3: LesserKudu     
position  1:    T:0.17391    C:0.17391    A:0.30435    G:0.34783
position  2:    T:0.47826    C:0.00000    A:0.39130    G:0.13043
position  3:    T:0.30435    C:0.13043    A:0.30435    G:0.26087
Average         T:0.31884    C:0.10145    A:0.33333    G:0.24638

#4: ForestMuskDeer2
position  1:    T:0.17391    C:0.17391    A:0.30435    G:0.34783
position  2:    T:0.47826    C:0.00000    A:0.39130    G:0.13043
position  3:    T:0.34783    C:0.08696    A:0.26087    G:0.30435
Average         T:0.33333    C:0.08696    A:0.31884    G:0.26087

#5: Camel          
position  1:    T:0.17391    C:0.17391    A:0.30435    G:0.34783
position  2:    T:0.47826    C:0.00000    A:0.39130    G:0.13043
position  3:    T:0.34783    C:0.13043    A:0.34783    G:0.17391
Average         T:0.33333    C:0.10145    A:0.34783    G:0.21739

#6: KillerWhale    
position  1:    T:0.17391    C:0.17391    A:0.30435    G:0.34783
position  2:    T:0.47826    C:0.00000    A:0.39130    G:0.13043
position  3:    T:0.30435    C:0.13043    A:0.39130    G:0.17391
Average         T:0.31884    C:0.10145    A:0.36232    G:0.21739

#7: DefassaWaterbuck
position  1:    T:0.21739    C:0.13043    A:0.30435    G:0.34783
position  2:    T:0.47826    C:0.00000    A:0.39130    G:0.13043
position  3:    T:0.30435    C:0.17391    A:0.26087    G:0.26087
Average         T:0.33333    C:0.10145    A:0.31884    G:0.24638

#8: Sheep          
position  1:    T:0.17391    C:0.17391    A:0.30435    G:0.34783
position  2:    T:0.47826    C:0.00000    A:0.39130    G:0.13043
position  3:    T:0.30435    C:0.13043    A:0.21739    G:0.34783
Average         T:0.31884    C:0.10145    A:0.30435    G:0.27536

#9: MaxwellsDuiker 
position  1:    T:0.17391    C:0.17391    A:0.30435    G:0.34783
position  2:    T:0.47826    C:0.00000    A:0.39130    G:0.13043
position  3:    T:0.30435    C:0.13043    A:0.26087    G:0.30435
Average         T:0.31884    C:0.10145    A:0.31884    G:0.26087

#10: GazellaPrzewalskyi
position  1:    T:0.17391    C:0.17391    A:0.30435    G:0.34783
position  2:    T:0.47826    C:0.00000    A:0.39130    G:0.13043
position  3:    T:0.34783    C:0.13043    A:0.30435    G:0.21739
Average         T:0.33333    C:0.10145    A:0.33333    G:0.23188

#11: MountainNyala  
position  1:    T:0.17391    C:0.17391    A:0.30435    G:0.34783
position  2:    T:0.47826    C:0.00000    A:0.39130    G:0.13043
position  3:    T:0.30435    C:0.13043    A:0.30435    G:0.26087
Average         T:0.31884    C:0.10145    A:0.33333    G:0.24638

#12: MuntiacusMuntjak
position  1:    T:0.17391    C:0.17391    A:0.30435    G:0.34783
position  2:    T:0.47826    C:0.00000    A:0.39130    G:0.13043
position  3:    T:0.30435    C:0.13043    A:0.30435    G:0.26087
Average         T:0.31884    C:0.10145    A:0.33333    G:0.24638

#13: goat           
position  1:    T:0.17391    C:0.17391    A:0.30435    G:0.34783
position  2:    T:0.47826    C:0.00000    A:0.39130    G:0.13043
position  3:    T:0.30435    C:0.13043    A:0.17391    G:0.39130
Average         T:0.31884    C:0.10145    A:0.28986    G:0.28986

#14: AfricanBuffalo 
position  1:    T:0.17391    C:0.17391    A:0.30435    G:0.34783
position  2:    T:0.47826    C:0.00000    A:0.34783    G:0.17391
position  3:    T:0.34783    C:0.08696    A:0.30435    G:0.26087
Average         T:0.33333    C:0.08696    A:0.31884    G:0.26087

#15: Topi           
position  1:    T:0.17391    C:0.17391    A:0.30435    G:0.34783
position  2:    T:0.47826    C:0.00000    A:0.39130    G:0.13043
position  3:    T:0.30435    C:0.13043    A:0.30435    G:0.26087
Average         T:0.31884    C:0.10145    A:0.33333    G:0.24638

#16: CommonDuiker   
position  1:    T:0.17391    C:0.17391    A:0.30435    G:0.34783
position  2:    T:0.47826    C:0.00000    A:0.39130    G:0.13043
position  3:    T:0.30435    C:0.13043    A:0.26087    G:0.30435
Average         T:0.31884    C:0.10145    A:0.31884    G:0.26087

#17: Suni           
position  1:    T:0.17391    C:0.17391    A:0.30435    G:0.34783
position  2:    T:0.47826    C:0.00000    A:0.39130    G:0.13043
position  3:    T:0.30435    C:0.13043    A:0.30435    G:0.26087
Average         T:0.31884    C:0.10145    A:0.33333    G:0.24638

#18: Springbuck     
position  1:    T:0.17391    C:0.17391    A:0.30435    G:0.34783
position  2:    T:0.47826    C:0.00000    A:0.39130    G:0.13043
position  3:    T:0.34783    C:0.13043    A:0.26087    G:0.26087
Average         T:0.33333    C:0.10145    A:0.31884    G:0.24638

#19: Okapi          
position  1:    T:0.17391    C:0.17391    A:0.30435    G:0.34783
position  2:    T:0.47826    C:0.00000    A:0.39130    G:0.13043
position  3:    T:0.30435    C:0.13043    A:0.30435    G:0.26087
Average         T:0.31884    C:0.10145    A:0.33333    G:0.24638

#20: Giraffe        
position  1:    T:0.17391    C:0.17391    A:0.30435    G:0.34783
position  2:    T:0.47826    C:0.00000    A:0.39130    G:0.13043
position  3:    T:0.30435    C:0.13043    A:0.30435    G:0.26087
Average         T:0.31884    C:0.10145    A:0.33333    G:0.24638

#21: TibetanAntelope
position  1:    T:0.17391    C:0.17391    A:0.30435    G:0.34783
position  2:    T:0.47826    C:0.00000    A:0.39130    G:0.13043
position  3:    T:0.30435    C:0.13043    A:0.30435    G:0.26087
Average         T:0.31884    C:0.10145    A:0.33333    G:0.24638

#22: Sitatunga      
position  1:    T:0.17391    C:0.17391    A:0.30435    G:0.34783
position  2:    T:0.47826    C:0.00000    A:0.39130    G:0.13043
position  3:    T:0.30435    C:0.13043    A:0.30435    G:0.26087
Average         T:0.31884    C:0.10145    A:0.33333    G:0.24638

#23: Oribi          
position  1:    T:0.17391    C:0.17391    A:0.30435    G:0.34783
position  2:    T:0.47826    C:0.00000    A:0.39130    G:0.13043
position  3:    T:0.34783    C:0.13043    A:0.26087    G:0.26087
Average         T:0.33333    C:0.10145    A:0.31884    G:0.24638

#24: BarbarySheep   
position  1:    T:0.17391    C:0.17391    A:0.30435    G:0.34783
position  2:    T:0.47826    C:0.00000    A:0.39130    G:0.13043
position  3:    T:0.30435    C:0.13043    A:0.17391    G:0.39130
Average         T:0.31884    C:0.10145    A:0.28986    G:0.28986

#25: Daviddeer      
position  1:    T:0.17391    C:0.17391    A:0.30435    G:0.34783
position  2:    T:0.47826    C:0.00000    A:0.39130    G:0.13043
position  3:    T:0.30435    C:0.13043    A:0.30435    G:0.26087
Average         T:0.31884    C:0.10145    A:0.33333    G:0.24638

#26: Reindeer       
position  1:    T:0.17391    C:0.17391    A:0.30435    G:0.34783
position  2:    T:0.47826    C:0.00000    A:0.39130    G:0.13043
position  3:    T:0.30435    C:0.13043    A:0.30435    G:0.26087
Average         T:0.31884    C:0.10145    A:0.33333    G:0.24638

#27: Ibex           
position  1:    T:0.17391    C:0.17391    A:0.30435    G:0.34783
position  2:    T:0.47826    C:0.00000    A:0.39130    G:0.13043
position  3:    T:0.30435    C:0.13043    A:0.17391    G:0.39130
Average         T:0.31884    C:0.10145    A:0.28986    G:0.28986

#28: GyrantGazelle  
position  1:    T:0.17391    C:0.17391    A:0.30435    G:0.34783
position  2:    T:0.47826    C:0.00000    A:0.39130    G:0.13043
position  3:    T:0.34783    C:0.13043    A:0.26087    G:0.26087
Average         T:0.33333    C:0.10145    A:0.31884    G:0.24638

#29: Hartebeest     
position  1:    T:0.17391    C:0.17391    A:0.30435    G:0.34783
position  2:    T:0.47826    C:0.00000    A:0.39130    G:0.13043
position  3:    T:0.30435    C:0.13043    A:0.30435    G:0.26087
Average         T:0.31884    C:0.10145    A:0.33333    G:0.24638

#30: Bongo          
position  1:    T:0.17391    C:0.17391    A:0.30435    G:0.34783
position  2:    T:0.47826    C:0.00000    A:0.39130    G:0.13043
position  3:    T:0.30435    C:0.13043    A:0.30435    G:0.26087
Average         T:0.31884    C:0.10145    A:0.33333    G:0.24638

#31: Gerenuk        
position  1:    T:0.13043    C:0.21739    A:0.30435    G:0.34783
position  2:    T:0.47826    C:0.00000    A:0.34783    G:0.17391
position  3:    T:0.30435    C:0.21739    A:0.21739    G:0.26087
Average         T:0.30435    C:0.14493    A:0.28986    G:0.26087

#32: CommonEland    
position  1:    T:0.17391    C:0.17391    A:0.30435    G:0.34783
position  2:    T:0.47826    C:0.00000    A:0.39130    G:0.13043
position  3:    T:0.30435    C:0.13043    A:0.30435    G:0.26087
Average         T:0.31884    C:0.10145    A:0.33333    G:0.24638

#33: MuntiacusReevesi
position  1:    T:0.17391    C:0.17391    A:0.30435    G:0.34783
position  2:    T:0.47826    C:0.00000    A:0.39130    G:0.13043
position  3:    T:0.30435    C:0.13043    A:0.30435    G:0.26087
Average         T:0.31884    C:0.10145    A:0.33333    G:0.24638

#34: HarveysDuiker  
position  1:    T:0.17391    C:0.17391    A:0.30435    G:0.34783
position  2:    T:0.47826    C:0.00000    A:0.39130    G:0.13043
position  3:    T:0.30435    C:0.13043    A:0.26087    G:0.30435
Average         T:0.31884    C:0.10145    A:0.31884    G:0.26087

#35: Pronghorn      
position  1:    T:0.13043    C:0.21739    A:0.26087    G:0.39130
position  2:    T:0.47826    C:0.00000    A:0.39130    G:0.13043
position  3:    T:0.26087    C:0.17391    A:0.30435    G:0.26087
Average         T:0.28986    C:0.13043    A:0.31884    G:0.26087

#36: BlueWildebeest 
position  1:    T:0.17391    C:0.17391    A:0.30435    G:0.34783
position  2:    T:0.47826    C:0.00000    A:0.39130    G:0.13043
position  3:    T:0.30435    C:0.13043    A:0.30435    G:0.26087
Average         T:0.31884    C:0.10145    A:0.33333    G:0.24638

#37: Gemsbok        
position  1:    T:0.17391    C:0.17391    A:0.30435    G:0.34783
position  2:    T:0.47826    C:0.00000    A:0.39130    G:0.13043
position  3:    T:0.30435    C:0.13043    A:0.30435    G:0.26087
Average         T:0.31884    C:0.10145    A:0.33333    G:0.24638

#38: Yak            
position  1:    T:0.17391    C:0.17391    A:0.30435    G:0.34783
position  2:    T:0.47826    C:0.00000    A:0.34783    G:0.17391
position  3:    T:0.30435    C:0.13043    A:0.30435    G:0.26087
Average         T:0.31884    C:0.10145    A:0.31884    G:0.26087

#39: BlueSheep      
position  1:    T:0.17391    C:0.17391    A:0.30435    G:0.34783
position  2:    T:0.47826    C:0.00000    A:0.39130    G:0.13043
position  3:    T:0.30435    C:0.13043    A:0.17391    G:0.39130
Average         T:0.31884    C:0.10145    A:0.28986    G:0.28986

#40: BohorReedbuck  
position  1:    T:0.17391    C:0.17391    A:0.30435    G:0.34783
position  2:    T:0.47826    C:0.00000    A:0.39130    G:0.13043
position  3:    T:0.30435    C:0.17391    A:0.26087    G:0.26087
Average         T:0.31884    C:0.11594    A:0.31884    G:0.24638

#41: KirksDik       
position  1:    T:0.17391    C:0.17391    A:0.30435    G:0.34783
position  2:    T:0.47826    C:0.00000    A:0.39130    G:0.13043
position  3:    T:0.34783    C:0.13043    A:0.26087    G:0.26087
Average         T:0.33333    C:0.10145    A:0.31884    G:0.24638

#42: RoeDeer        
position  1:    T:0.17391    C:0.17391    A:0.30435    G:0.34783
position  2:    T:0.47826    C:0.00000    A:0.39130    G:0.13043
position  3:    T:0.30435    C:0.13043    A:0.30435    G:0.26087
Average         T:0.31884    C:0.10145    A:0.33333    G:0.24638

#43: WhiteLippedDeer
position  1:    T:0.17391    C:0.17391    A:0.30435    G:0.34783
position  2:    T:0.47826    C:0.00000    A:0.39130    G:0.13043
position  3:    T:0.30435    C:0.13043    A:0.30435    G:0.26087
Average         T:0.31884    C:0.10145    A:0.33333    G:0.24638

#44: ThomsonGazelle 
position  1:    T:0.17391    C:0.17391    A:0.30435    G:0.34783
position  2:    T:0.47826    C:0.00000    A:0.39130    G:0.13043
position  3:    T:0.34783    C:0.13043    A:0.26087    G:0.26087
Average         T:0.33333    C:0.10145    A:0.31884    G:0.24638

#45: MuntiacusCrinifrons
position  1:    T:0.17391    C:0.17391    A:0.30435    G:0.34783
position  2:    T:0.47826    C:0.00000    A:0.39130    G:0.13043
position  3:    T:0.30435    C:0.13043    A:0.30435    G:0.26087
Average         T:0.31884    C:0.10145    A:0.33333    G:0.24638

#46: WhiteTailedDeer
position  1:    T:0.17391    C:0.17391    A:0.30435    G:0.34783
position  2:    T:0.47826    C:0.00000    A:0.39130    G:0.13043
position  3:    T:0.30435    C:0.13043    A:0.30435    G:0.26087
Average         T:0.31884    C:0.10145    A:0.33333    G:0.24638

#47: Cattle         
position  1:    T:0.17391    C:0.17391    A:0.30435    G:0.34783
position  2:    T:0.47826    C:0.00000    A:0.34783    G:0.17391
position  3:    T:0.30435    C:0.13043    A:0.30435    G:0.26087
Average         T:0.31884    C:0.10145    A:0.31884    G:0.26087

#48: RoyalAntelope  
position  1:    T:0.17391    C:0.17391    A:0.30435    G:0.34783
position  2:    T:0.47826    C:0.00000    A:0.39130    G:0.13043
position  3:    T:0.30435    C:0.13043    A:0.30435    G:0.26087
Average         T:0.31884    C:0.10145    A:0.33333    G:0.24638

#49: Steenbok       
position  1:    T:0.17391    C:0.17391    A:0.30435    G:0.34783
position  2:    T:0.47826    C:0.00000    A:0.39130    G:0.13043
position  3:    T:0.34783    C:0.13043    A:0.30435    G:0.21739
Average         T:0.33333    C:0.10145    A:0.33333    G:0.23188

#50: Impala         
position  1:    T:0.17391    C:0.17391    A:0.30435    G:0.34783
position  2:    T:0.47826    C:0.00000    A:0.39130    G:0.13043
position  3:    T:0.30435    C:0.17391    A:0.30435    G:0.21739
Average         T:0.31884    C:0.11594    A:0.33333    G:0.23188

#51: Klipspringer   
position  1:    T:0.17391    C:0.17391    A:0.30435    G:0.34783
position  2:    T:0.47826    C:0.00000    A:0.39130    G:0.13043
