CODONML (in paml version 4.10.7, June 2023)  /home/rachel/ruminants_paml/6406-phy-tree/ENSBTAT00000015248.fasta.phy
Model: free dN/dS Ratios for branches,  kappa = 2.000 fixed

Codon frequency model: F3x4
ns =  54  ls =  34

Codon usage in sequences
--------------------------------------------------------------------------------------------------------------------------------------
Phe TTT   1   1   1   1   0   1 | Ser TCT   0   0   0   0   0   0 | Tyr TAT   0   0   0   0   0   0 | Cys TGT   0   0   0   0   0   0
    TTC   2   2   2   2   3   2 |     TCC   0   0   0   0   0   0 |     TAC   1   1   1   1   1   1 |     TGC   0   0   0   0   0   0
Leu TTA   0   0   0   0   0   0 |     TCA   0   0   0   0   0   0 | *** TAA   0   0   0   0   0   0 | *** TGA   0   0   0   0   0   0
    TTG   0   0   0   0   0   0 |     TCG   0   0   0   0   0   0 |     TAG   0   0   0   0   0   0 | Trp TGG   0   0   0   0   0   0
--------------------------------------------------------------------------------------------------------------------------------------
Leu CTT   0   0   0   0   0   0 | Pro CCT   0   0   0   0   0   0 | His CAT   0   0   0   0   0   0 | Arg CGT   0   0   0   0   0   0
    CTC   1   1   1   1   1   1 |     CCC   2   2   2   2   2   2 |     CAC   0   0   0   0   0   0 |     CGC   0   0   0   0   0   0
    CTA   0   0   0   0   0   0 |     CCA   0   0   0   0   0   0 | Gln CAA   0   0   0   0   0   0 |     CGA   0   0   0   0   0   0
    CTG   2   2   2   2   2   2 |     CCG   1   1   1   1   1   1 |     CAG   0   0   0   0   0   0 |     CGG   0   0   0   0   0   0
--------------------------------------------------------------------------------------------------------------------------------------
Ile ATT   0   0   0   0   0   0 | Thr ACT   0   0   0   1   0   1 | Asn AAT   0   0   0   0   0   0 | Ser AGT   0   0   0   0   0   0
    ATC   1   1   1   1   1   1 |     ACC   2   2   2   1   2   0 |     AAC   2   2   2   2   2   2 |     AGC   1   1   1   1   1   1
    ATA   0   0   0   0   0   0 |     ACA   1   0   1   1   0   0 | Lys AAA   0   0   0   0   0   0 | Arg AGA   0   0   0   0   0   0
Met ATG   4   4   4   4   4   4 |     ACG   1   2   1   1   2   3 |     AAG   2   2   2   2   2   2 |     AGG   0   0   0   0   0   0
--------------------------------------------------------------------------------------------------------------------------------------
Val GTT   0   0   0   0   0   0 | Ala GCT   0   0   0   0   0   0 | Asp GAT   0   0   0   1   0   0 | Gly GGT   0   0   0   0   0   0
    GTC   0   0   0   0   0   0 |     GCC   1   1   1   1   1   1 |     GAC   2   2   2   1   2   2 |     GGC   1   1   1   1   1   1
    GTA   0   0   0   0   0   0 |     GCA   0   0   0   0   0   0 | Glu GAA   0   0   2   0   0   0 |     GGA   0   0   0   0   0   0
    GTG   0   0   0   0   0   0 |     GCG   0   0   0   0   0   0 |     GAG   4   4   2   4   4   4 |     GGG   2   2   2   2   2   2
--------------------------------------------------------------------------------------------------------------------------------------

--------------------------------------------------------------------------------------------------------------------------------------
Phe TTT   1   1   1   1   1   0 | Ser TCT   0   0   0   0   0   0 | Tyr TAT   0   0   0   0   0   0 | Cys TGT   0   0   0   0   0   0
    TTC   2   2   2   2   2   3 |     TCC   0   0   0   0   0   0 |     TAC   1   1   1   1   1   1 |     TGC   0   0   0   0   0   0
Leu TTA   0   0   0   0   0   0 |     TCA   0   0   0   0   0   0 | *** TAA   0   0   0   0   0   0 | *** TGA   0   0   0   0   0   0
    TTG   0   0   0   0   0   0 |     TCG   0   0   0   0   0   0 |     TAG   0   0   0   0   0   0 | Trp TGG   0   0   0   0   0   0
--------------------------------------------------------------------------------------------------------------------------------------
Leu CTT   0   0   0   0   0   0 | Pro CCT   0   0   0   0   0   0 | His CAT   0   0   0   0   0   0 | Arg CGT   0   0   0   0   0   0
    CTC   1   1   1   1   1   1 |     CCC   2   2   1   2   2   2 |     CAC   0   0   0   0   0   0 |     CGC   0   0   0   0   0   0
    CTA   0   0   0   0   0   0 |     CCA   0   0   2   0   0   0 | Gln CAA   0   0   0   0   0   0 |     CGA   0   0   0   0   0   0
    CTG   2   2   2   2   2   2 |     CCG   1   1   0   1   1   1 |     CAG   0   0   0   0   0   0 |     CGG   0   0   0   0   0   0
--------------------------------------------------------------------------------------------------------------------------------------
Ile ATT   0   0   0   0   0   0 | Thr ACT   0   0   0   0   0   0 | Asn AAT   0   0   0   0   0   0 | Ser AGT   0   0   0   0   0   0
    ATC   1   1   1   1   1   1 |     ACC   2   2   3   2   2   2 |     AAC   2   2   3   2   2   2 |     AGC   1   1   0   1   1   1
    ATA   0   0   0   0   0   0 |     ACA   1   1   1   1   2   1 | Lys AAA   0   0   0   0   0   0 | Arg AGA   0   0   0   0   0   0
Met ATG   4   4   4   4   4   4 |     ACG   1   1   0   1   0   1 |     AAG   2   2   2   2   2   2 |     AGG   0   0   0   0   0   0
--------------------------------------------------------------------------------------------------------------------------------------
Val GTT   0   0   0   0   0   0 | Ala GCT   0   0   1   0   0   0 | Asp GAT   1   0   0   0   0   0 | Gly GGT   0   0   0   0   0   0
    GTC   0   0   0   0   0   0 |     GCC   1   1   1   1   1   1 |     GAC   1   2   2   2   2   2 |     GGC   1   1   0   1   1   1
    GTA   0   0   0   0   0   0 |     GCA   0   0   0   0   0   0 | Glu GAA   0   0   1   0   2   1 |     GGA   0   0   0   0   0   0
    GTG   0   0   0   0   0   0 |     GCG   0   0   1   0   0   0 |     GAG   4   4   2   4   2   3 |     GGG   2   2   2   2   2   2
--------------------------------------------------------------------------------------------------------------------------------------

--------------------------------------------------------------------------------------------------------------------------------------
Phe TTT   1   1   1   1   1   1 | Ser TCT   0   0   0   0   0   0 | Tyr TAT   0   0   0   0   0   0 | Cys TGT   0   0   0   0   0   0
    TTC   2   2   2   2   2   2 |     TCC   0   0   0   0   0   0 |     TAC   1   1   1   1   1   1 |     TGC   0   0   0   0   0   0
Leu TTA   0   0   0   0   0   0 |     TCA   0   0   0   0   0   0 | *** TAA   0   0   0   0   0   0 | *** TGA   0   0   0   0   0   0
    TTG   0   0   0   0   0   0 |     TCG   0   0   0   0   0   0 |     TAG   0   0   0   0   0   0 | Trp TGG   0   0   0   0   0   0
--------------------------------------------------------------------------------------------------------------------------------------
Leu CTT   0   0   0   0   0   0 | Pro CCT   0   0   0   0   0   0 | His CAT   0   0   0   0   0   0 | Arg CGT   0   0   0   0   0   0
    CTC   1   1   1   1   1   1 |     CCC   2   2   2   2   2   2 |     CAC   0   0   0   0   0   0 |     CGC   0   0   0   0   0   0
    CTA   0   0   0   0   0   0 |     CCA   0   0   0   0   0   0 | Gln CAA   0   0   0   0   0   0 |     CGA   0   0   0   0   0   0
    CTG   2   2   2   2   2   2 |     CCG   1   1   1   1   1   1 |     CAG   0   0   0   0   0   0 |     CGG   0   0   0   0   0   0
--------------------------------------------------------------------------------------------------------------------------------------
Ile ATT   0   0   0   0   0   0 | Thr ACT   0   0   0   0   0   0 | Asn AAT   0   0   0   0   0   0 | Ser AGT   0   0   0   0   0   0
    ATC   1   1   1   1   1   1 |     ACC   2   2   2   2   2   2 |     AAC   2   2   2   2   2   2 |     AGC   1   1   1   1   1   1
    ATA   0   0   0   0   0   0 |     ACA   1   1   1   1   2   1 | Lys AAA   0   0   0   0   0   0 | Arg AGA   0   0   0   0   0   0
Met ATG   4   4   4   4   4   4 |     ACG   1   1   1   1   0   1 |     AAG   2   2   2   2   2   2 |     AGG   0   0   0   0   0   0
--------------------------------------------------------------------------------------------------------------------------------------
Val GTT   0   0   0   0   0   0 | Ala GCT   0   0   0   0   0   0 | Asp GAT   0   0   1   0   0   0 | Gly GGT   0   0   0   0   0   0
    GTC   0   0   0   0   0   0 |     GCC   1   1   1   1   1   1 |     GAC   2   2   1   2   2   2 |     GGC   1   1   1   1   1   1
    GTA   0   0   0   0   0   0 |     GCA   0   0   0   0   0   0 | Glu GAA   0   0   0   0   0   0 |     GGA   0   0   0   1   0   0
    GTG   0   0   0   0   0   0 |     GCG   0   0   0   0   0   0 |     GAG   4   4   4   4   4   4 |     GGG   2   2   2   1   2   2
--------------------------------------------------------------------------------------------------------------------------------------

--------------------------------------------------------------------------------------------------------------------------------------
Phe TTT   1   1   1   1   1   1 | Ser TCT   0   0   0   0   0   0 | Tyr TAT   0   0   0   0   0   0 | Cys TGT   0   0   0   0   0   0
    TTC   2   2   2   2   2   2 |     TCC   0   0   0   0   0   0 |     TAC   1   1   1   1   1   1 |     TGC   0   0   0   0   0   0
Leu TTA   0   0   0   0   0   0 |     TCA   0   0   0   0   0   0 | *** TAA   0   0   0   0   0   0 | *** TGA   0   0   0   0   0   0
    TTG   0   0   0   0   0   0 |     TCG   0   0   0   0   0   0 |     TAG   0   0   0   0   0   0 | Trp TGG   0   0   0   0   0   0
--------------------------------------------------------------------------------------------------------------------------------------
Leu CTT   0   0   0   0   0   0 | Pro CCT   1   1   0   0   0   0 | His CAT   0   0   0   0   0   0 | Arg CGT   0   0   0   0   0   0
    CTC   1   1   1   1   1   1 |     CCC   1   1   2   2   2   2 |     CAC   0   0   0   0   0   0 |     CGC   0   0   0   0   0   0
    CTA   0   0   0   0   0   0 |     CCA   0   0   0   0   1   0 | Gln CAA   0   0   0   0   0   0 |     CGA   0   0   0   0   0   0
    CTG   2   2   2   2   2   2 |     CCG   1   1   1   1   0   1 |     CAG   0   0   0   0   0   0 |     CGG   0   0   0   0   0   0
--------------------------------------------------------------------------------------------------------------------------------------
Ile ATT   0   0   0   0   0   0 | Thr ACT   0   0   0   0   0   0 | Asn AAT   0   0   1   0   0   0 | Ser AGT   1   0   0   0   0   0
    ATC   1   1   1   1   1   1 |     ACC   2   2   2   2   2   2 |     AAC   2   2   1   2   2   2 |     AGC   0   1   1   1   1   1
    ATA   0   0   0   0   0   0 |     ACA   1   1   1   1   1   1 | Lys AAA   0   0   0   0   0   0 | Arg AGA   0   0   0   0   0   0
Met ATG   4   4   4   4   4   4 |     ACG   1   1   1   1   1   1 |     AAG   2   2   2   2   2   2 |     AGG   0   0   0   0   0   0
--------------------------------------------------------------------------------------------------------------------------------------
Val GTT   0   0   0   0   0   0 | Ala GCT   0   0   0   0   0   0 | Asp GAT   0   1   0   0   0   0 | Gly GGT   0   0   0   0   0   0
    GTC   0   0   0   0   0   0 |     GCC   1   1   1   1   1   1 |     GAC   2   1   2   2   2   2 |     GGC   1   1   1   1   1   1
    GTA   0   0   0   0   0   0 |     GCA   0   0   0   0   0   0 | Glu GAA   1   1   0   2   0   0 |     GGA   0   0   0   0   0   0
    GTG   0   0   0   0   0   0 |     GCG   0   0   0   0   0   0 |     GAG   3   3   4   2   4   4 |     GGG   2   2   2   2   2   2
--------------------------------------------------------------------------------------------------------------------------------------

--------------------------------------------------------------------------------------------------------------------------------------
Phe TTT   0   1   1   1   1   1 | Ser TCT   0   0   0   0   0   0 | Tyr TAT   0   0   0   0   0   0 | Cys TGT   0   0   0   0   0   0
    TTC   3   2   2   2   2   2 |     TCC   0   0   0   0   0   0 |     TAC   1   1   1   1   1   1 |     TGC   0   0   0   0   0   0
Leu TTA   0   0   0   0   0   0 |     TCA   0   0   0   0   0   0 | *** TAA   0   0   0   0   0   0 | *** TGA   0   0   0   0   0   0
    TTG   0   0   0   0   0   0 |     TCG   0   0   0   0   0   0 |     TAG   0   0   0   0   0   0 | Trp TGG   0   0   0   0   0   0
--------------------------------------------------------------------------------------------------------------------------------------
Leu CTT   0   0   0   0   0   0 | Pro CCT   0   0   0   1   0   0 | His CAT   0   0   0   0   0   0 | Arg CGT   0   0   0   0   0   0
    CTC   1   1   1   1   1   1 |     CCC   2   2   2   1   2   2 |     CAC   0   0   0   0   0   0 |     CGC   0   0   0   0   0   0
    CTA   0   0   0   0   0   0 |     CCA   0   0   0   0   0   0 | Gln CAA   0   0   0   0   0   0 |     CGA   0   0   0   0   0   0
    CTG   2   2   2   2   2   2 |     CCG   1   1   1   1   1   1 |     CAG   0   0   0   0   0   0 |     CGG   0   0   0   0   0   0
--------------------------------------------------------------------------------------------------------------------------------------
Ile ATT   0   0   0   0   0   0 | Thr ACT   0   0   0   0   0   0 | Asn AAT   0   0   0   0   0   0 | Ser AGT   0   0   0   0   0   0
    ATC   1   1   1   1   1   1 |     ACC   2   2   1   2   2   2 |     AAC   2   2   2   2   2   2 |     AGC   1   1   1   1   1   1
    ATA   0   0   0   0   0   0 |     ACA   2   2   1   1   1   1 | Lys AAA   0   0   0   0   0   0 | Arg AGA   0   0   0   0   0   0
Met ATG   4   4   4   4   4   4 |     ACG   0   0   2   1   1   1 |     AAG   2   2   2   2   2   2 |     AGG   0   0   0   0   0   0
--------------------------------------------------------------------------------------------------------------------------------------
Val GTT   0   0   0   0   0   0 | Ala GCT   0   0   0   0   0   0 | Asp GAT   0   0   0   0   0   0 | Gly GGT   0   0   0   0   0   0
    GTC   0   0   0   0   0   0 |     GCC   1   1   1   1   1   1 |     GAC   2   2   2   2   2   2 |     GGC   1   1   1   1   1   1
    GTA   0   0   0   0   0   0 |     GCA   0   0   0   0   0   0 | Glu GAA   1   1   0   0   0   2 |     GGA   0   0   0   0   0   0
    GTG   0   0   0   0   0   0 |     GCG   0   0   0   0   0   0 |     GAG   3   3   4   4   4   2 |     GGG   2   2   2   2   2   2
--------------------------------------------------------------------------------------------------------------------------------------

--------------------------------------------------------------------------------------------------------------------------------------
Phe TTT   1   1   0   1   1   1 | Ser TCT   0   0   0   0   0   0 | Tyr TAT   0   0   0   0   0   0 | Cys TGT   0   0   0   0   0   0
    TTC   2   2   3   2   2   2 |     TCC   0   0   0   0   0   0 |     TAC   1   1   1   1   1   1 |     TGC   0   0   0   0   0   0
Leu TTA   0   0   0   0   0   0 |     TCA   0   0   0   0   0   0 | *** TAA   0   0   0   0   0   0 | *** TGA   0   0   0   0   0   0
    TTG   0   0   0   0   0   0 |     TCG   0   0   0   0   0   0 |     TAG   0   0   0   0   0   0 | Trp TGG   0   0   0   0   0   0
--------------------------------------------------------------------------------------------------------------------------------------
Leu CTT   0   0   0   0   0   0 | Pro CCT   0   0   0   0   0   0 | His CAT   0   0   0   0   0   0 | Arg CGT   0   0   0   0   0   0
    CTC   1   1   1   1   1   1 |     CCC   2   2   2   2   2   2 |     CAC   0   0   0   0   0   0 |     CGC   0   0   0   0   0   0
    CTA   0   0   0   0   0   0 |     CCA   0   0   0   0   0   0 | Gln CAA   0   0   0   0   0   0 |     CGA   0   0   0   0   0   0
    CTG   2   2   2   2   2   2 |     CCG   1   1   1   1   1   1 |     CAG   0   0   0   0   0   0 |     CGG   0   0   0   0   0   0
--------------------------------------------------------------------------------------------------------------------------------------
Ile ATT   0   0   0   0   0   0 | Thr ACT   0   0   0   0   0   0 | Asn AAT   0   0   0   0   0   0 | Ser AGT   0   0   0   0   0   0
    ATC   1   1   1   1   1   1 |     ACC   2   2   2   2   2   2 |     AAC   2   2   2   2   2   2 |     AGC   1   1   1   1   1   1
    ATA   0   0   0   0   0   0 |     ACA   1   1   1   1   1   1 | Lys AAA   0   0   0   0   0   0 | Arg AGA   0   0   0   0   0   0
Met ATG   4   4   4   4   4   4 |     ACG   1   1   1   1   1   1 |     AAG   2   2   2   2   2   2 |     AGG   0   0   0   0   0   0
--------------------------------------------------------------------------------------------------------------------------------------
Val GTT   0   0   0   0   0   0 | Ala GCT   0   0   0   0   0   0 | Asp GAT   0   0   0   0   0   0 | Gly GGT   0   0   0   0   0   0
    GTC   0   0   0   0   0   0 |     GCC   1   1   1   1   1   1 |     GAC   2   2   2   2   2   2 |     GGC   1   1   1   1   1   1
    GTA   0   0   0   0   0   0 |     GCA   0   0   0   0   0   0 | Glu GAA   0   2   1   1   0   0 |     GGA   0   0   0   0   0   0
    GTG   0   0   0   0   0   0 |     GCG   0   0   0   0   0   0 |     GAG   4   2   3   3   4   4 |     GGG   2   2   2   2   2   2
--------------------------------------------------------------------------------------------------------------------------------------

--------------------------------------------------------------------------------------------------------------------------------------
Phe TTT   1   1   1   1   1   1 | Ser TCT   0   0   0   0   0   0 | Tyr TAT   0   0   0   0   0   0 | Cys TGT   0   0   0   0   0   0
    TTC   2   2   2   2   2   2 |     TCC   0   0   0   0   0   0 |     TAC   1   1   1   1   1   1 |     TGC   0   0   0   0   0   0
Leu TTA   0   0   0   0   0   0 |     TCA   0   0   0   0   0   0 | *** TAA   0   0   0   0   0   0 | *** TGA   0   0   0   0   0   0
    TTG   0   0   0   0   0   0 |     TCG   0   0   0   0   0   0 |     TAG   0   0   0   0   0   0 | Trp TGG   0   0   0   0   0   0
--------------------------------------------------------------------------------------------------------------------------------------
Leu CTT   0   0   0   0   0   0 | Pro CCT   0   0   0   0   0   0 | His CAT   0   0   0   0   0   0 | Arg CGT   0   0   0   0   0   0
    CTC   1   1   1   1   1   1 |     CCC   1   2   2   2   2   2 |     CAC   0   0   0   0   0   0 |     CGC   0   0   0   0   0   0
    CTA   0   1   0   0   0   0 |     CCA   2   0   0   0   0   0 | Gln CAA   0   0   0   0   0   0 |     CGA   0   0   0   0   0   0
    CTG   2   1   2   2   2   2 |     CCG   0   1   1   1   1   1 |     CAG   0   0   0   0   0   0 |     CGG   0   0   0   0   0   0
--------------------------------------------------------------------------------------------------------------------------------------
Ile ATT   0   0   0   0   0   0 | Thr ACT   0   0   0   0   0   0 | Asn AAT   1   0   0   0   0   0 | Ser AGT   0   0   0   0   0   0
    ATC   1   1   1   1   1   1 |     ACC   3   2   2   2   2   2 |     AAC   2   2   2   2   2   2 |     AGC   0   1   1   1   1   1
    ATA   0   0   0   0   0   0 |     ACA   1   1   1   1   1   1 | Lys AAA   0   0   0   0   0   0 | Arg AGA   0   0   0   0   0   0
Met ATG   4   4   4   4   4   4 |     ACG   0   1   1   1   1   1 |     AAG   2   2   2   2   2   2 |     AGG   0   0   0   0   0   0
--------------------------------------------------------------------------------------------------------------------------------------
Val GTT   0   0   0   0   0   0 | Ala GCT   1   0   0   0   0   0 | Asp GAT   0   0   0   1   0   0 | Gly GGT   0   0   0   0   0   0
    GTC   0   0   0   0   0   0 |     GCC   1   1   1   1   1   1 |     GAC   2   2   2   1   2   2 |     GGC   0   1   1   1   1   1
    GTA   0   0   0   0   0   0 |     GCA   0   0   0   0   0   0 | Glu GAA   1   0   0   0   0   1 |     GGA   0   0   0   0   0   1
    GTG   0   0   0   0   0   0 |     GCG   1   0   0   0   0   0 |     GAG   2   4   4   4   4   3 |     GGG   2   2   2   2   2   1
--------------------------------------------------------------------------------------------------------------------------------------

--------------------------------------------------------------------------------------------------------------------------------------
Phe TTT   0   1   0   1   1   1 | Ser TCT   0   0   0   0   0   0 | Tyr TAT   0   0   0   0   0   0 | Cys TGT   0   0   0   0   0   0
    TTC   3   2   3   2   2   2 |     TCC   0   0   0   0   0   0 |     TAC   1   1   1   1   1   1 |     TGC   0   0   0   0   0   0
Leu TTA   0   0   0   0   0   0 |     TCA   0   0   0   0   0   0 | *** TAA   0   0   0   0   0   0 | *** TGA   0   0   0   0   0   0
    TTG   0   0   0   0   0   0 |     TCG   0   0   0   0   0   0 |     TAG   0   0   0   0   0   0 | Trp TGG   0   0   0   0   0   0
--------------------------------------------------------------------------------------------------------------------------------------
Leu CTT   0   0   0   0   0   0 | Pro CCT   0   1   0   0   0   0 | His CAT   0   0   0   0   0   0 | Arg CGT   0   0   0   0   0   0
    CTC   1   1   1   1   1   1 |     CCC   2   1   2   2   2   2 |     CAC   0   0   0   0   0   0 |     CGC   0   0   0   0   0   0
    CTA   0   0   0   0   0   0 |     CCA   0   0   0   0   1   0 | Gln CAA   0   0   0   0   0   0 |     CGA   0   0   0   0   0   0
    CTG   2   2   2   2   2   2 |     CCG   1   1   1   1   0   1 |     CAG   0   0   0   0   0   0 |     CGG   0   0   0   0   0   0
--------------------------------------------------------------------------------------------------------------------------------------
Ile ATT   0   0   0   0   0   0 | Thr ACT   0   0   0   0   0   0 | Asn AAT   0   0   0   0   0   0 | Ser AGT   1   0   0   0   1   0
    ATC   1   1   1   1   1   1 |     ACC   2   2   2   2   2   2 |     AAC   2   2   2   2   2   2 |     AGC   0   1   1   1   0   1
    ATA   0   0   0   0   0   0 |     ACA   1   1   1   1   1   2 | Lys AAA   0   0   0   0   0   0 | Arg AGA   0   0   0   0   0   0
Met ATG   4   4   4   4   4   4 |     ACG   1   1   1   1   1   0 |     AAG   2   2   2   2   2   2 |     AGG   0   0   0   0   0   0
--------------------------------------------------------------------------------------------------------------------------------------
Val GTT   0   0   0   0   0   0 | Ala GCT   0   0   0   0   0   0 | Asp GAT   0   0   0   0   0   0 | Gly GGT   0   0   0   0   0   0
    GTC   0   0   0   0   0   0 |     GCC   1   1   1   1   1   1 |     GAC   2   2   2   2   2   2 |     GGC   1   1   1   1   1   1
    GTA   0   0   0   0   0   0 |     GCA   0   0   0   0   0   0 | Glu GAA   1   0   1   1   0   0 |     GGA   0   0   0   0   0   0
    GTG   0   0   0   0   0   0 |     GCG   0   0   0   0   0   0 |     GAG   3   4   3   3   4   4 |     GGG   2   2   2   2   2   2
--------------------------------------------------------------------------------------------------------------------------------------

--------------------------------------------------------------------------------------------------------------------------------------
Phe TTT   1   1   1   1   1   1 | Ser TCT   0   0   0   0   0   0 | Tyr TAT   0   0   0   0   0   0 | Cys TGT   0   0   0   0   0   0
    TTC   2   2   2   2   2   2 |     TCC   0   0   0   0   0   0 |     TAC   1   1   1   1   1   1 |     TGC   0   0   0   0   0   0
Leu TTA   0   0   0   0   0   0 |     TCA   0   0   0   0   0   0 | *** TAA   0   0   0   0   0   0 | *** TGA   0   0   0   0   0   0
    TTG   0   0   0   0   0   0 |     TCG   0   0   0   0   0   0 |     TAG   0   0   0   0   0   0 | Trp TGG   0   0   0   0   0   0
--------------------------------------------------------------------------------------------------------------------------------------
Leu CTT   0   0   0   0   0   0 | Pro CCT   0   0   0   0   0   0 | His CAT   0   0   0   0   0   0 | Arg CGT   0   0   0   0   0   0
    CTC   1   1   1   1   1   1 |     CCC   2   2   2   2   2   2 |     CAC   0   0   0   0   0   0 |     CGC   0   0   0   0   0   0
    CTA   0   0   0   0   0   0 |     CCA   0   0   0   0   0   0 | Gln CAA   0   0   0   0   0   0 |     CGA   0   0   0   0   0   0
    CTG   2   2   2   2   2   2 |     CCG   1   1   1   1   1   1 |     CAG   0   0   0   0   0   0 |     CGG   0   0   0   0   0   0
--------------------------------------------------------------------------------------------------------------------------------------
Ile ATT   0   0   0   0   0   0 | Thr ACT   0   0   0   0   0   0 | Asn AAT   0   0   0   0   0   0 | Ser AGT   0   0   0   0   0   0
    ATC   1   1   1   1   1   1 |     ACC   2   2   2   2   2   2 |     AAC   2   2   2   2   2   2 |     AGC   1   1   1   1   1   1
    ATA   0   0   0   0   0   0 |     ACA   1   1   1   1   1   1 | Lys AAA   0   0   0   0   0   0 | Arg AGA   0   0   0   0   0   0
Met ATG   4   4   4   4   4   4 |     ACG   1   1   1   1   1   1 |     AAG   2   2   2   2   2   2 |     AGG   0   0   0   0   0   0
--------------------------------------------------------------------------------------------------------------------------------------
Val GTT   0   0   0   0   0   0 | Ala GCT   0   0   0   0   0   0 | Asp GAT   0   0   0   1   0   0 | Gly GGT   0   0   0   0   0   0
    GTC   0   0   0   0   0   0 |     GCC   1   1   1   1   1   1 |     GAC   2   2   2   1   2   2 |     GGC   1   1   1   1   1   1
    GTA   0   0   0   0   0   0 |     GCA   0   0   0   0   0   0 | Glu GAA   0   0   0   0   2   2 |     GGA   0   1   0   0   0   0
    GTG   0   0   0   0   0   0 |     GCG   0   0   0   0   0   0 |     GAG   4   4   4   4   2   2 |     GGG   2   1   2   2   2   2
--------------------------------------------------------------------------------------------------------------------------------------

Codon position x base (3x4) table for each sequence.

#1: Argali         
position  1:    T:0.11765    C:0.17647    A:0.41176    G:0.29412
position  2:    T:0.32353    C:0.23529    A:0.32353    G:0.11765
position  3:    T:0.02941    C:0.47059    A:0.02941    G:0.47059
Average         T:0.15686    C:0.29412    A:0.25490    G:0.29412

#2: LesserMouseDeer
position  1:    T:0.11765    C:0.17647    A:0.41176    G:0.29412
position  2:    T:0.32353    C:0.23529    A:0.32353    G:0.11765
position  3:    T:0.02941    C:0.47059    A:0.00000    G:0.50000
Average         T:0.15686    C:0.29412    A:0.24510    G:0.30392

#3: LesserKudu     
position  1:    T:0.11765    C:0.17647    A:0.41176    G:0.29412
position  2:    T:0.32353    C:0.23529    A:0.32353    G:0.11765
position  3:    T:0.02941    C:0.47059    A:0.08824    G:0.41176
Average         T:0.15686    C:0.29412    A:0.27451    G:0.27451

#4: ForestMuskDeer2
position  1:    T:0.11765    C:0.17647    A:0.41176    G:0.29412
position  2:    T:0.32353    C:0.23529    A:0.32353    G:0.11765
position  3:    T:0.08824    C:0.41176    A:0.02941    G:0.47059
Average         T:0.17647    C:0.27451    A:0.25490    G:0.29412

#5: Camel          
position  1:    T:0.11765    C:0.17647    A:0.41176    G:0.29412
position  2:    T:0.32353    C:0.23529    A:0.32353    G:0.11765
position  3:    T:0.00000    C:0.50000    A:0.00000    G:0.50000
Average         T:0.14706    C:0.30392    A:0.24510    G:0.30392

#6: KillerWhale    
position  1:    T:0.11765    C:0.17647    A:0.41176    G:0.29412
position  2:    T:0.32353    C:0.23529    A:0.32353    G:0.11765
position  3:    T:0.05882    C:0.41176    A:0.00000    G:0.52941
Average         T:0.16667    C:0.27451    A:0.24510    G:0.31373

#7: DefassaWaterbuck
position  1:    T:0.11765    C:0.17647    A:0.41176    G:0.29412
position  2:    T:0.32353    C:0.23529    A:0.32353    G:0.11765
position  3:    T:0.05882    C:0.44118    A:0.02941    G:0.47059
Average         T:0.16667    C:0.28431    A:0.25490    G:0.29412

#8: Sheep          
position  1:    T:0.11765    C:0.17647    A:0.41176    G:0.29412
position  2:    T:0.32353    C:0.23529    A:0.32353    G:0.11765
position  3:    T:0.02941    C:0.47059    A:0.02941    G:0.47059
Average         T:0.15686    C:0.29412    A:0.25490    G:0.29412

#9: MaxwellsDuiker 
position  1:    T:0.11765    C:0.17647    A:0.41176    G:0.29412
position  2:    T:0.32353    C:0.29412    A:0.32353    G:0.05882
position  3:    T:0.05882    C:0.44118    A:0.11765    G:0.38235
Average         T:0.16667    C:0.30392    A:0.28431    G:0.24510

#10: GazellaPrzewalskyi
position  1:    T:0.11765    C:0.17647    A:0.41176    G:0.29412
position  2:    T:0.32353    C:0.23529    A:0.32353    G:0.11765
position  3:    T:0.02941    C:0.47059    A:0.02941    G:0.47059
Average         T:0.15686    C:0.29412    A:0.25490    G:0.29412

#11: MountainNyala  
position  1:    T:0.11765    C:0.17647    A:0.41176    G:0.29412
position  2:    T:0.32353    C:0.23529    A:0.32353    G:0.11765
position  3:    T:0.02941    C:0.47059    A:0.11765    G:0.38235
Average         T:0.15686    C:0.29412    A:0.28431    G:0.26471

#12: MuntiacusMuntjak
position  1:    T:0.11765    C:0.17647    A:0.41176    G:0.29412
position  2:    T:0.32353    C:0.23529    A:0.32353    G:0.11765
position  3:    T:0.00000    C:0.50000    A:0.05882    G:0.44118
Average         T:0.14706    C:0.30392    A:0.26471    G:0.28431

#13: goat           
position  1:    T:0.11765    C:0.17647    A:0.41176    G:0.29412
position  2:    T:0.32353    C:0.23529    A:0.32353    G:0.11765
position  3:    T:0.02941    C:0.47059    A:0.02941    G:0.47059
Average         T:0.15686    C:0.29412    A:0.25490    G:0.29412

#14: AfricanBuffalo 
position  1:    T:0.11765    C:0.17647    A:0.41176    G:0.29412
position  2:    T:0.32353    C:0.23529    A:0.32353    G:0.11765
position  3:    T:0.02941    C:0.47059    A:0.02941    G:0.47059
Average         T:0.15686    C:0.29412    A:0.25490    G:0.29412

#15: Topi           
position  1:    T:0.11765    C:0.17647    A:0.41176    G:0.29412
position  2:    T:0.32353    C:0.23529    A:0.32353    G:0.11765
position  3:    T:0.05882    C:0.44118    A:0.02941    G:0.47059
Average         T:0.16667    C:0.28431    A:0.25490    G:0.29412

#16: CommonDuiker   
position  1:    T:0.11765    C:0.17647    A:0.41176    G:0.29412
position  2:    T:0.32353    C:0.23529    A:0.32353    G:0.11765
position  3:    T:0.02941    C:0.47059    A:0.05882    G:0.44118
Average         T:0.15686    C:0.29412    A:0.26471    G:0.28431

#17: Suni           
position  1:    T:0.11765    C:0.17647    A:0.41176    G:0.29412
position  2:    T:0.32353    C:0.23529    A:0.32353    G:0.11765
position  3:    T:0.02941    C:0.47059    A:0.05882    G:0.44118
Average         T:0.15686    C:0.29412    A:0.26471    G:0.28431

#18: Springbuck     
position  1:    T:0.11765    C:0.17647    A:0.41176    G:0.29412
position  2:    T:0.32353    C:0.23529    A:0.32353    G:0.11765
position  3:    T:0.02941    C:0.47059    A:0.02941    G:0.47059
Average         T:0.15686    C:0.29412    A:0.25490    G:0.29412

#19: Okapi          
position  1:    T:0.11765    C:0.17647    A:0.41176    G:0.29412
position  2:    T:0.32353    C:0.23529    A:0.32353    G:0.11765
position  3:    T:0.08824    C:0.41176    A:0.05882    G:0.44118
Average         T:0.17647    C:0.27451    A:0.26471    G:0.28431

#20: Giraffe        
position  1:    T:0.11765    C:0.17647    A:0.41176    G:0.29412
position  2:    T:0.32353    C:0.23529    A:0.32353    G:0.11765
position  3:    T:0.08824    C:0.41176    A:0.05882    G:0.44118
Average         T:0.17647    C:0.27451    A:0.26471    G:0.28431

#21: TibetanAntelope
position  1:    T:0.11765    C:0.17647    A:0.41176    G:0.29412
position  2:    T:0.32353    C:0.23529    A:0.32353    G:0.11765
position  3:    T:0.05882    C:0.44118    A:0.02941    G:0.47059
Average         T:0.16667    C:0.28431    A:0.25490    G:0.29412

#22: Sitatunga      
position  1:    T:0.11765    C:0.17647    A:0.41176    G:0.29412
position  2:    T:0.32353    C:0.23529    A:0.32353    G:0.11765
position  3:    T:0.02941    C:0.47059    A:0.08824    G:0.41176
Average         T:0.15686    C:0.29412    A:0.27451    G:0.27451

#23: Oribi          
position  1:    T:0.11765    C:0.17647    A:0.41176    G:0.29412
position  2:    T:0.32353    C:0.23529    A:0.32353    G:0.11765
position  3:    T:0.02941    C:0.47059    A:0.05882    G:0.44118
Average         T:0.15686    C:0.29412    A:0.26471    G:0.28431

#24: BarbarySheep   
position  1:    T:0.11765    C:0.17647    A:0.41176    G:0.29412
position  2:    T:0.32353    C:0.23529    A:0.32353    G:0.11765
position  3:    T:0.02941    C:0.47059    A:0.02941    G:0.47059
Average         T:0.15686    C:0.29412    A:0.25490    G:0.29412

#25: Daviddeer      
position  1:    T:0.11765    C:0.17647    A:0.41176    G:0.29412
position  2:    T:0.32353    C:0.23529    A:0.32353    G:0.11765
position  3:    T:0.00000    C:0.50000    A:0.08824    G:0.41176
Average         T:0.14706    C:0.30392    A:0.27451    G:0.27451

#26: Reindeer       
position  1:    T:0.11765    C:0.17647    A:0.41176    G:0.29412
position  2:    T:0.32353    C:0.23529    A:0.32353    G:0.11765
position  3:    T:0.02941    C:0.47059    A:0.08824    G:0.41176
Average         T:0.15686    C:0.29412    A:0.27451    G:0.27451

#27: Ibex           
position  1:    T:0.11765    C:0.17647    A:0.41176    G:0.29412
position  2:    T:0.32353    C:0.23529    A:0.32353    G:0.11765
position  3:    T:0.02941    C:0.44118    A:0.02941    G:0.50000
Average         T:0.15686    C:0.28431    A:0.25490    G:0.30392

#28: GyrantGazelle  
position  1:    T:0.11765    C:0.17647    A:0.41176    G:0.29412
position  2:    T:0.32353    C:0.23529    A:0.32353    G:0.11765
position  3:    T:0.05882    C:0.44118    A:0.02941    G:0.47059
Average         T:0.16667    C:0.28431    A:0.25490    G:0.29412

#29: Hartebeest     
position  1:    T:0.11765    C:0.17647    A:0.41176    G:0.29412
position  2:    T:0.32353    C:0.23529    A:0.32353    G:0.11765
position  3:    T:0.02941    C:0.47059    A:0.02941    G:0.47059
Average         T:0.15686    C:0.29412    A:0.25490    G:0.29412

#30: Bongo          
position  1:    T:0.11765    C:0.17647    A:0.41176    G:0.29412
position  2:    T:0.32353    C:0.23529    A:0.32353    G:0.11765
position  3:    T:0.02941    C:0.47059    A:0.08824    G:0.41176
Average         T:0.15686    C:0.29412    A:0.27451    G:0.27451

#31: Gerenuk        
position  1:    T:0.11765    C:0.17647    A:0.41176    G:0.29412
position  2:    T:0.32353    C:0.23529    A:0.32353    G:0.11765
position  3:    T:0.02941    C:0.47059    A:0.02941    G:0.47059
Average         T:0.15686    C:0.29412    A:0.25490    G:0.29412

#32: CommonEland    
position  1:    T:0.11765    C:0.17647    A:0.41176    G:0.29412
position  2:    T:0.32353    C:0.23529    A:0.32353    G:0.11765
position  3:    T:0.02941    C:0.47059    A:0.08824    G:0.41176
Average         T:0.15686    C:0.29412    A:0.27451    G:0.27451

#33: MuntiacusReevesi
position  1:    T:0.11765    C:0.17647    A:0.41176    G:0.29412
position  2:    T:0.32353    C:0.23529    A:0.32353    G:0.11765
position  3:    T:0.00000    C:0.50000    A:0.05882    G:0.44118
Average         T:0.14706    C:0.30392    A:0.26471    G:0.28431

#34: HarveysDuiker  
position  1:    T:0.11765    C:0.17647    A:0.41176    G:0.29412
position  2:    T:0.32353    C:0.23529    A:0.32353    G:0.11765
position  3:    T:0.02941    C:0.47059    A:0.05882    G:0.44118
Average         T:0.15686    C:0.29412    A:0.26471    G:0.28431

#35: Pronghorn      
position  1:    T:0.11765    C:0.17647    A:0.41176    G:0.29412
position  2:    T:0.32353    C:0.23529    A:0.32353    G:0.11765
position  3:    T:0.02941    C:0.47059    A:0.02941    G:0.47059
Average         T:0.15686    C:0.29412    A:0.25490    G:0.29412

#36: BlueWildebeest 
position  1:    T:0.11765    C:0.17647    A:0.41176    G:0.29412
position  2:    T:0.32353    C:0.23529    A:0.32353    G:0.11765
position  3:    T:0.02941    C:0.47059    A:0.02941    G:0.47059
Average         T:0.15686    C:0.29412    A:0.25490    G:0.29412

#37: Gemsbok        
position  1:    T:0.11765    C:0.17647    A:0.41176    G:0.29412
position  2:    T:0.32353    C:0.29412    A:0.32353    G:0.05882
position  3:    T:0.08824    C:0.41176    A:0.11765    G:0.38235
Average         T:0.17647    C:0.29412    A:0.28431    G:0.24510

#38: Yak            
position  1:    T:0.11765    C:0.17647    A:0.41176    G:0.29412
position  2:    T:0.32353    C:0.23529    A:0.32353    G:0.11765
position  3:    T:0.02941    C:0.47059    A:0.05882    G:0.44118
Average         T:0.15686    C:0.29412    A:0.26471    G:0.28431

#39: BlueSheep      
position  1:    T:0.11765    C:0.17647    A:0.41176    G:0.29412
position  2:    T:0.32353    C:0.23529    A:0.32353    G:0.11765
position  3:    T:0.02941    C:0.47059    A:0.02941    G:0.47059
Average         T:0.15686    C:0.29412    A:0.25490    G:0.29412

#40: BohorReedbuck  
position  1:    T:0.11765    C:0.17647    A:0.41176    G:0.29412
position  2:    T:0.32353    C:0.23529    A:0.32353    G:0.11765
position  3:    T:0.05882    C:0.44118    A:0.02941    G:0.47059
Average         T:0.16667    C:0.28431    A:0.25490    G:0.29412

#41: KirksDik       
position  1:    T:0.11765    C:0.17647    A:0.41176    G:0.29412
position  2:    T:0.32353    C:0.23529    A:0.32353    G:0.11765
position  3:    T:0.02941    C:0.47059    A:0.02941    G:0.47059
Average         T:0.15686    C:0.29412    A:0.25490    G:0.29412

#42: RoeDeer        
position  1:    T:0.11765    C:0.17647    A:0.41176    G:0.29412
position  2:    T:0.32353    C:0.23529    A:0.32353    G:0.11765
position  3:    T:0.02941    C:0.47059    A:0.08824    G:0.41176
Average         T:0.15686    C:0.29412    A:0.27451    G:0.27451

#43: WhiteLippedDeer
position  1:    T:0.11765    C:0.17647    A:0.41176    G:0.29412
position  2:    T:0.32353    C:0.23529    A:0.32353    G:0.11765
position  3:    T:0.02941    C:0.47059    A:0.05882    G:0.44118
Average         T:0.15686    C:0.29412    A:0.26471    G:0.28431

#44: ThomsonGazelle 
position  1:    T:0.11765    C:0.17647    A:0.41176    G:0.29412
position  2:    T:0.32353    C:0.23529    A:0.32353    G:0.11765
position  3:    T:0.05882    C:0.44118    A:0.02941    G:0.47059
Average         T:0.16667    C:0.28431    A:0.25490    G:0.29412

#45: MuntiacusCrinifrons
position  1:    T:0.11765    C:0.17647    A:0.41176    G:0.29412
position  2:    T:0.32353    C:0.23529    A:0.32353    G:0.11765
position  3:    T:0.00000    C:0.50000    A:0.05882    G:0.44118
Average         T:0.14706    C:0.30392    A:0.26471    G:0.28431

#46: WhiteTailedDeer
position  1:    T:0.11765    C:0.17647    A:0.41176    G:0.29412
position  2:    T:0.32353    C:0.23529    A:0.32353    G:0.11765
position  3:    T:0.02941    C:0.47059    A:0.05882    G:0.44118
Average         T:0.15686    C:0.29412    A:0.26471    G:0.28431

#47: Cattle         
position  1:    T:0.11765    C:0.17647    A:0.41176    G:0.29412
position  2:    T:0.32353    C:0.23529    A:0.32353    G:0.11765
position  3:    T:0.05882    C:0.44118    A:0.05882    G:0.44118
Average         T:0.16667    C:0.28431    A:0.26471    G:0.28431

#48: RoyalAntelope  
position  1:    T:0.11765    C:0.17647    A:0.41176    G:0.29412
position  2:    T:0.32353    C:0.23529    A:0.32353    G:0.11765
position  3:    T:0.02941    C:0.47059    A:0.05882    G:0.44118
Average         T:0.15686    C:0.29412    A:0.26471    G:0.28431

#49: Steenbok       
position  1:    T:0.11765    C:0.17647    A:0.41176    G:0.29412
position  2:    T:0.32353    C:0.23529    A:0.32353    G:0.11765
position  3:    T:0.02941    C:0.47059    A:0.02941    G:0.47059
Average         T:0.15686    C:0.29412    A:0.25490    G:0.29412

#50: Impala         
position  1:    T:0.11765    C:0.17647    A:0.41176    G:0.29412
position  2:    T:0.32353    C:0.23529    A:0.32353    G:0.11765
position  3:    T:0.02941    C:0.47059    A:0.05882    G:0.44118
Average         T:0.15686    C:0.29412    A:0.26471    G:0.28431

#51: Klipspringer   
position  1:    T:0.11765    C:0.17647    A:0.41176    G:0.29412
position  2:    T:0.32353    C:0.23529    A:0.32353    G:0.11765
