CODONML (in paml version 4.10.7, June 2023)  /home/rachel/ruminants_paml/6406-phy-tree/ENSBTAT00000020673.fasta.phy
Model: free dN/dS Ratios for branches,  kappa = 2.000 fixed

Codon frequency model: F3x4
ns =  54  ls =  33

Codon usage in sequences
--------------------------------------------------------------------------------------------------------------------------------------
Phe TTT   0   0   0   0   0   0 | Ser TCT   0   0   1   1   1   1 | Tyr TAT   1   2   2   2   2   2 | Cys TGT   4   3   3   4   4   4
    TTC   0   0   0   0   0   0 |     TCC   0   0   0   0   1   0 |     TAC   1   0   0   0   0   0 |     TGC   1   2   2   1   1   1
Leu TTA   1   1   1   1   1   1 |     TCA   0   0   0   0   0   0 | *** TAA   0   0   0   0   0   0 | *** TGA   0   0   0   0   0   0
    TTG   1   0   1   1   0   0 |     TCG   0   0   0   0   0   0 |     TAG   0   0   0   0   0   0 | Trp TGG   0   0   0   0   0   0
--------------------------------------------------------------------------------------------------------------------------------------
Leu CTT   0   0   0   0   0   0 | Pro CCT   1   1   0   1   1   1 | His CAT   0   0   0   0   0   0 | Arg CGT   0   0   0   0   0   0
    CTC   0   0   0   0   0   0 |     CCC   1   1   1   1   0   1 |     CAC   0   0   0   0   0   0 |     CGC   0   0   0   0   0   0
    CTA   0   0   0   0   0   0 |     CCA   0   0   0   0   0   0 | Gln CAA   0   0   0   0   0   0 |     CGA   0   0   0   0   0   0
    CTG   0   0   0   0   0   0 |     CCG   0   0   1   0   0   0 |     CAG   0   0   0   0   0   0 |     CGG   0   0   0   0   0   0
--------------------------------------------------------------------------------------------------------------------------------------
Ile ATT   0   0   0   0   2   2 | Thr ACT   1   1   1   1   2   1 | Asn AAT   3   3   3   3   3   2 | Ser AGT   0   0   0   0   1   2
    ATC   1   1   1   1   0   0 |     ACC   0   0   0   0   0   0 |     AAC   2   1   2   2   1   1 |     AGC   0   1   0   0   1   0
    ATA   0   0   0   0   0   0 |     ACA   2   2   2   2   0   2 | Lys AAA   0   0   0   0   0   0 | Arg AGA   0   0   0   0   0   0
Met ATG   1   2   1   1   1   0 |     ACG   0   0   0   0   0   0 |     AAG   0   0   0   0   1   1 |     AGG   1   1   1   1   0   0
--------------------------------------------------------------------------------------------------------------------------------------
Val GTT   1   0   1   1   1   1 | Ala GCT   1   2   0   0   0   0 | Asp GAT   1   0   1   1   1   1 | Gly GGT   0   0   0   0   0   0
    GTC   1   1   1   1   1   1 |     GCC   0   0   0   0   0   0 |     GAC   0   1   0   0   0   0 |     GGC   0   0   0   0   0   0
    GTA   0   0   0   0   0   0 |     GCA   0   0   0   0   0   1 | Glu GAA   3   3   2   3   3   2 |     GGA   2   2   3   2   2   2
    GTG   1   1   1   1   1   2 |     GCG   0   0   0   0   0   0 |     GAG   0   0   0   0   0   0 |     GGG   1   1   1   1   1   1
--------------------------------------------------------------------------------------------------------------------------------------

--------------------------------------------------------------------------------------------------------------------------------------
Phe TTT   0   0   0   0   0   0 | Ser TCT   1   0   1   1   1   1 | Tyr TAT   2   1   2   2   2   2 | Cys TGT   4   4   4   4   3   4
    TTC   0   0   0   0   0   0 |     TCC   0   0   0   0   0   0 |     TAC   0   1   0   0   0   0 |     TGC   1   1   1   1   2   1
Leu TTA   1   1   1   1   1   1 |     TCA   0   0   0   0   0   0 | *** TAA   0   0   0   0   0   0 | *** TGA   0   0   0   0   0   0
    TTG   1   1   1   1   1   1 |     TCG   0   0   0   0   0   0 |     TAG   0   0   0   0   0   0 | Trp TGG   0   0   0   0   0   0
--------------------------------------------------------------------------------------------------------------------------------------
Leu CTT   0   0   0   0   0   0 | Pro CCT   1   1   1   1   0   1 | His CAT   0   0   0   0   0   0 | Arg CGT   0   0   0   0   0   0
    CTC   0   0   0   0   0   0 |     CCC   1   1   1   1   1   1 |     CAC   0   0   0   0   0   0 |     CGC   0   0   0   0   0   0
    CTA   0   0   0   0   0   0 |     CCA   0   0   0   0   0   0 | Gln CAA   0   0   0   0   0   0 |     CGA   0   0   0   0   0   0
    CTG   0   0   0   0   0   0 |     CCG   0   0   0   0   1   0 |     CAG   0   0   0   0   0   0 |     CGG   0   0   0   0   0   0
--------------------------------------------------------------------------------------------------------------------------------------
Ile ATT   0   0   0   0   0   0 | Thr ACT   1   1   1   1   1   1 | Asn AAT   3   3   3   3   3   3 | Ser AGT   0   0   0   0   0   0
    ATC   1   1   1   1   1   1 |     ACC   0   0   0   0   0   0 |     AAC   2   2   2   2   2   2 |     AGC   0   0   0   0   0   0
    ATA   0   0   0   0   0   0 |     ACA   2   2   2   2   2   2 | Lys AAA   0   0   0   0   0   0 | Arg AGA   0   0   0   0   0   0
Met ATG   0   1   1   1   1   1 |     ACG   1   0   0   0   0   0 |     AAG   0   0   0   0   0   0 |     AGG   1   1   1   1   1   1
--------------------------------------------------------------------------------------------------------------------------------------
Val GTT   1   1   1   1   1   1 | Ala GCT   0   1   0   0   0   0 | Asp GAT   1   1   1   1   1   1 | Gly GGT   0   0   0   0   0   0
    GTC   1   1   1   1   1   1 |     GCC   0   0   0   0   0   0 |     GAC   0   0   0   0   0   0 |     GGC   0   0   0   0   0   0
    GTA   0   0   0   0   0   0 |     GCA   0   0   0   0   0   0 | Glu GAA   3   3   3   3   2   2 |     GGA   2   2   2   2   3   3
    GTG   1   1   1   1   1   1 |     GCG   0   0   0   0   0   0 |     GAG   0   0   0   0   0   0 |     GGG   1   1   1   1   1   1
--------------------------------------------------------------------------------------------------------------------------------------

--------------------------------------------------------------------------------------------------------------------------------------
Phe TTT   0   0   0   0   0   0 | Ser TCT   0   1   0   1   1   1 | Tyr TAT   1   2   2   2   2   2 | Cys TGT   4   3   4   4   4   4
    TTC   0   0   0   0   0   0 |     TCC   0   0   0   0   0   0 |     TAC   1   0   0   0   0   0 |     TGC   1   2   1   1   1   1
Leu TTA   1   1   1   1   1   1 |     TCA   0   0   0   0   0   0 | *** TAA   0   0   0   0   0   0 | *** TGA   0   0   0   0   0   0
    TTG   1   1   1   1   1   1 |     TCG   0   0   0   0   0   0 |     TAG   0   0   0   0   0   0 | Trp TGG   0   0   0   0   0   0
--------------------------------------------------------------------------------------------------------------------------------------
Leu CTT   0   0   0   0   0   0 | Pro CCT   1   1   1   1   1   1 | His CAT   0   0   0   0   0   0 | Arg CGT   0   0   0   0   0   0
    CTC   0   0   0   0   0   0 |     CCC   1   1   1   1   1   1 |     CAC   0   0   0   0   0   0 |     CGC   0   0   0   0   0   0
    CTA   0   0   0   0   0   0 |     CCA   0   0   0   0   0   0 | Gln CAA   0   0   0   0   0   0 |     CGA   0   0   0   0   0   0
    CTG   0   0   0   0   0   0 |     CCG   0   0   0   0   0   0 |     CAG   0   0   0   0   0   0 |     CGG   0   0   0   0   0   0
--------------------------------------------------------------------------------------------------------------------------------------
Ile ATT   0   0   0   0   0   0 | Thr ACT   1   1   1   1   1   1 | Asn AAT   2   3   3   3   4   3 | Ser AGT   0   0   0   0   0   0
    ATC   1   1   1   1   1   1 |     ACC   0   0   0   0   0   0 |     AAC   3   2   2   2   1   2 |     AGC   0   0   0   0   0   0
    ATA   0   0   0   0   0   0 |     ACA   2   2   2   2   1   2 | Lys AAA   0   0   0   0   0   0 | Arg AGA   0   0   0   0   0   0
Met ATG   1   1   1   1   1   1 |     ACG   0   0   0   0   0   0 |     AAG   0   0   0   0   0   0 |     AGG   1   1   1   1   1   1
--------------------------------------------------------------------------------------------------------------------------------------
Val GTT   1   1   1   1   1   1 | Ala GCT   1   0   1   0   0   0 | Asp GAT   1   1   1   1   1   1 | Gly GGT   0   0   0   0   0   0
    GTC   1   1   1   1   1   1 |     GCC   0   0   0   0   0   0 |     GAC   0   0   0   0   0   0 |     GGC   0   0   0   0   0   0
    GTA   0   0   0   0   0   0 |     GCA   0   0   0   0   1   0 | Glu GAA   3   3   3   3   3   3 |     GGA   2   2   2   2   2   2
    GTG   1   1   1   1   1   1 |     GCG   0   0   0   0   0   0 |     GAG   0   0   0   0   0   0 |     GGG   1   1   1   1   1   1
--------------------------------------------------------------------------------------------------------------------------------------

--------------------------------------------------------------------------------------------------------------------------------------
Phe TTT   0   0   0   0   0   0 | Ser TCT   1   1   1   1   1   0 | Tyr TAT   2   2   1   2   2   1 | Cys TGT   4   3   4   3   4   4
    TTC   0   0   0   0   0   0 |     TCC   0   0   0   0   0   0 |     TAC   0   0   1   0   0   1 |     TGC   1   2   1   2   1   1
Leu TTA   1   1   1   1   1   1 |     TCA   0   0   0   0   0   0 | *** TAA   0   0   0   0   0   0 | *** TGA   0   0   0   0   0   0
    TTG   1   1   1   1   1   1 |     TCG   0   0   0   0   0   0 |     TAG   0   0   0   0   0   0 | Trp TGG   0   0   0   0   0   0
--------------------------------------------------------------------------------------------------------------------------------------
Leu CTT   0   0   0   0   0   0 | Pro CCT   1   1   1   0   1   1 | His CAT   0   0   1   0   0   0 | Arg CGT   0   0   0   0   0   0
    CTC   0   0   0   0   0   0 |     CCC   1   1   1   1   1   1 |     CAC   0   0   0   0   0   0 |     CGC   0   0   0   0   0   0
    CTA   0   0   0   0   0   0 |     CCA   0   0   0   0   0   0 | Gln CAA   0   0   0   0   0   0 |     CGA   0   0   0   0   0   0
    CTG   0   0   0   0   0   0 |     CCG   0   0   0   1   0   0 |     CAG   0   0   0   0   0   0 |     CGG   0   0   0   0   0   0
--------------------------------------------------------------------------------------------------------------------------------------
Ile ATT   0   0   0   0   0   0 | Thr ACT   1   1   1   1   1   1 | Asn AAT   3   3   2   3   3   3 | Ser AGT   0   0   0   0   0   0
    ATC   1   1   1   1   1   1 |     ACC   0   0   0   0   0   0 |     AAC   2   2   2   2   2   2 |     AGC   0   0   0   0   0   0
    ATA   0   0   0   0   0   0 |     ACA   2   2   2   2   2   2 | Lys AAA   0   0   0   0   0   0 | Arg AGA   0   0   0   0   0   0
Met ATG   1   1   1   1   1   1 |     ACG   0   0   0   0   0   0 |     AAG   1   0   0   0   0   0 |     AGG   0   1   1   1   1   1
--------------------------------------------------------------------------------------------------------------------------------------
Val GTT   1   1   1   1   1   1 | Ala GCT   0   0   0   0   0   1 | Asp GAT   1   1   0   1   1   1 | Gly GGT   0   0   0   0   0   0
    GTC   1   1   1   1   1   1 |     GCC   0   0   0   0   0   0 |     GAC   0   0   1   0   0   0 |     GGC   0   0   0   0   0   0
    GTA   0   0   0   0   0   0 |     GCA   0   0   0   0   0   0 | Glu GAA   3   3   3   2   3   3 |     GGA   2   2   2   3   2   2
    GTG   1   1   1   1   1   1 |     GCG   0   0   0   0   0   0 |     GAG   0   0   0   0   0   0 |     GGG   1   1   1   1   1   1
--------------------------------------------------------------------------------------------------------------------------------------

--------------------------------------------------------------------------------------------------------------------------------------
Phe TTT   0   0   0   0   0   0 | Ser TCT   1   1   0   1   0   1 | Tyr TAT   2   2   1   2   2   2 | Cys TGT   4   4   4   4   4   3
    TTC   0   0   0   0   0   0 |     TCC   0   0   0   0   0   0 |     TAC   0   0   1   0   0   0 |     TGC   1   1   1   1   1   2
Leu TTA   1   1   1   1   1   1 |     TCA   0   0   0   0   0   0 | *** TAA   0   0   0   0   0   0 | *** TGA   0   0   0   0   0   0
    TTG   1   1   1   1   1   1 |     TCG   0   0   0   0   0   0 |     TAG   0   0   0   0   0   0 | Trp TGG   0   0   0   0   0   0
--------------------------------------------------------------------------------------------------------------------------------------
Leu CTT   0   0   0   0   0   0 | Pro CCT   1   1   1   1   1   0 | His CAT   0   0   0   0   0   0 | Arg CGT   0   0   0   0   0   0
    CTC   0   0   0   0   0   0 |     CCC   1   1   1   1   1   1 |     CAC   0   0   0   0   0   0 |     CGC   0   0   0   0   0   0
    CTA   0   0   0   0   0   0 |     CCA   0   0   0   0   0   0 | Gln CAA   0   0   0   0   0   0 |     CGA   0   0   0   0   0   0
    CTG   0   0   0   0   0   0 |     CCG   0   0   0   0   0   1 |     CAG   0   0   0   0   0   0 |     CGG   0   0   0   0   0   0
--------------------------------------------------------------------------------------------------------------------------------------
Ile ATT   0   0   0   0   0   0 | Thr ACT   1   1   1   1   1   1 | Asn AAT   3   3   2   4   3   3 | Ser AGT   0   0   0   0   0   0
    ATC   1   1   1   1   1   1 |     ACC   0   0   0   0   0   0 |     AAC   2   2   3   1   2   2 |     AGC   0   0   0   0   0   0
    ATA   0   0   0   0   0   0 |     ACA   2   2   2   2   2   2 | Lys AAA   0   0   0   0   0   0 | Arg AGA   0   0   0   0   0   0
Met ATG   0   1   1   1   1   1 |     ACG   0   0   0   0   0   0 |     AAG   0   0   0   0   0   0 |     AGG   1   1   1   1   1   1
--------------------------------------------------------------------------------------------------------------------------------------
Val GTT   1   1   1   1   1   1 | Ala GCT   0   0   1   0   1   0 | Asp GAT   1   1   1   1   1   1 | Gly GGT   0   0   0   0   0   0
    GTC   1   1   1   1   1   1 |     GCC   0   0   0   0   0   0 |     GAC   0   0   0   0   0   0 |     GGC   0   0   0   0   0   0
    GTA   0   0   0   0   0   0 |     GCA   0   0   0   0   0   0 | Glu GAA   2   2   3   3   3   2 |     GGA   3   3   2   2   2   3
    GTG   2   1   1   1   1   1 |     GCG   0   0   0   0   0   0 |     GAG   0   0   0   0   0   0 |     GGG   1   1   1   1   1   1
--------------------------------------------------------------------------------------------------------------------------------------

--------------------------------------------------------------------------------------------------------------------------------------
Phe TTT   0   0   0   0   0   0 | Ser TCT   1   1   1   1   1   0 | Tyr TAT   2   2   2   2   2   2 | Cys TGT   4   3   4   4   4   4
    TTC   0   0   0   0   0   0 |     TCC   0   0   0   0   0   0 |     TAC   0   0   0   0   0   0 |     TGC   1   2   1   1   1   1
Leu TTA   1   1   1   1   1   1 |     TCA   0   0   0   0   0   0 | *** TAA   0   0   0   0   0   0 | *** TGA   0   0   0   0   0   0
    TTG   1   1   1   1   1   1 |     TCG   0   0   0   0   0   0 |     TAG   0   0   0   0   0   0 | Trp TGG   0   0   0   0   0   0
--------------------------------------------------------------------------------------------------------------------------------------
Leu CTT   0   0   0   0   0   0 | Pro CCT   1   0   1   1   1   1 | His CAT   0   0   0   0   0   0 | Arg CGT   0   0   0   0   0   0
    CTC   0   0   0   0   0   0 |     CCC   1   1   1   1   1   1 |     CAC   0   0   0   0   0   0 |     CGC   0   0   0   0   0   0
    CTA   0   0   0   0   0   0 |     CCA   0   0   0   0   0   0 | Gln CAA   0   0   0   0   0   0 |     CGA   0   0   0   0   0   0
    CTG   0   0   0   0   0   0 |     CCG   0   1   0   0   0   0 |     CAG   0   0   0   0   0   0 |     CGG   0   0   0   0   0   0
--------------------------------------------------------------------------------------------------------------------------------------
Ile ATT   0   0   0   0   0   0 | Thr ACT   1   1   1   1   1   1 | Asn AAT   3   3   3   3   4   3 | Ser AGT   0   0   0   0   0   0
    ATC   1   1   1   1   1   1 |     ACC   0   0   0   0   0   0 |     AAC   2   2   2   2   1   2 |     AGC   0   0   0   0   0   0
    ATA   0   1   0   0   0   0 |     ACA   2   2   2   2   1   2 | Lys AAA   0   0   0   0   0   0 | Arg AGA   0   0   0   0   0   0
Met ATG   1   0   1   1   1   1 |     ACG   0   0   0   0   0   0 |     AAG   0   0   0   0   0   0 |     AGG   1   1   1   1   1   1
--------------------------------------------------------------------------------------------------------------------------------------
Val GTT   1   1   1   1   1   1 | Ala GCT   0   0   0   0   0   1 | Asp GAT   1   1   1   1   1   1 | Gly GGT   0   0   0   0   0   0
    GTC   1   1   1   1   1   1 |     GCC   0   0   0   0   0   0 |     GAC   0   0   0   0   0   0 |     GGC   0   0   0   0   0   0
    GTA   0   0   0   0   0   0 |     GCA   0   0   0   0   1   0 | Glu GAA   3   2   2   3   3   3 |     GGA   2   3   3   2   2   2
    GTG   1   1   1   1   1   1 |     GCG   0   0   0   0   0   0 |     GAG   0   0   0   0   0   0 |     GGG   1   1   1   1   1   1
--------------------------------------------------------------------------------------------------------------------------------------

--------------------------------------------------------------------------------------------------------------------------------------
Phe TTT   0   0   0   0   0   0 | Ser TCT   1   1   0   1   1   1 | Tyr TAT   2   2   1   2   2   2 | Cys TGT   4   3   4   4   4   4
    TTC   0   0   0   0   0   0 |     TCC   0   0   0   0   0   0 |     TAC   0   0   1   0   0   0 |     TGC   1   2   1   1   1   1
Leu TTA   1   1   1   1   1   1 |     TCA   0   0   0   0   0   0 | *** TAA   0   0   0   0   0   0 | *** TGA   0   0   0   0   0   0
    TTG   1   1   1   1   1   1 |     TCG   0   0   0   0   0   0 |     TAG   0   0   0   0   0   0 | Trp TGG   0   0   0   0   0   0
--------------------------------------------------------------------------------------------------------------------------------------
Leu CTT   0   0   0   0   0   0 | Pro CCT   1   1   1   1   1   1 | His CAT   0   0   0   0   0   0 | Arg CGT   0   0   0   0   0   0
    CTC   0   0   0   0   0   0 |     CCC   1   1   1   1   1   1 |     CAC   0   0   0   0   0   0 |     CGC   0   0   0   0   0   0
    CTA   0   0   0   0   0   0 |     CCA   0   0   0   0   0   0 | Gln CAA   0   0   0   0   0   0 |     CGA   0   0   0   0   0   0
    CTG   0   0   0   0   0   0 |     CCG   0   0   0   0   0   0 |     CAG   0   0   0   0   0   0 |     CGG   0   0   0   0   0   0
--------------------------------------------------------------------------------------------------------------------------------------
Ile ATT   0   0   0   0   0   0 | Thr ACT   1   1   1   1   1   1 | Asn AAT   3   3   2   4   3   3 | Ser AGT   0   0   0   0   0   0
    ATC   1   1   1   1   1   1 |     ACC   0   0   0   0   0   0 |     AAC   2   2   3   1   2   2 |     AGC   0   0   0   0   0   0
    ATA   0   0   0   0   0   0 |     ACA   2   2   2   1   2   2 | Lys AAA   0   0   0   0   0   0 | Arg AGA   0   0   0   1   0   0
Met ATG   1   1   1   1   1   1 |     ACG   0   0   0   0   0   0 |     AAG   0   0   0   0   0   0 |     AGG   1   1   1   1   1   1
--------------------------------------------------------------------------------------------------------------------------------------
Val GTT   1   1   1   1   1   1 | Ala GCT   0   0   1   0   0   0 | Asp GAT   1   1   1   1   1   1 | Gly GGT   0   0   0   0   0   0
    GTC   1   1   1   1   1   1 |     GCC   0   0   0   0   0   0 |     GAC   0   0   0   0   0   0 |     GGC   0   0   0   0   0   0
    GTA   0   0   0   0   0   0 |     GCA   0   0   0   0   0   0 | Glu GAA   3   3   3   3   3   2 |     GGA   2   2   2   2   2   3
    GTG   1   1   1   1   1   1 |     GCG   0   0   0   0   0   0 |     GAG   0   0   0   0   0   0 |     GGG   1   1   1   1   1   1
--------------------------------------------------------------------------------------------------------------------------------------

--------------------------------------------------------------------------------------------------------------------------------------
Phe TTT   0   0   0   0   0   0 | Ser TCT   1   0   1   1   1   1 | Tyr TAT   2   2   2   2   2   2 | Cys TGT   4   4   5   4   3   4
    TTC   0   0   0   0   0   0 |     TCC   0   0   0   0   0   0 |     TAC   0   0   0   0   0   0 |     TGC   1   1   0   1   2   1
Leu TTA   1   1   1   1   1   1 |     TCA   0   0   0   0   0   0 | *** TAA   0   0   0   0   0   0 | *** TGA   0   0   0   0   0   0
    TTG   1   1   1   1   1   1 |     TCG   0   0   0   0   0   0 |     TAG   0   0   0   0   0   0 | Trp TGG   0   0   0   0   0   0
--------------------------------------------------------------------------------------------------------------------------------------
Leu CTT   0   0   0   0   0   0 | Pro CCT   1   1   1   1   1   1 | His CAT   0   0   0   0   0   0 | Arg CGT   0   0   0   0   0   0
    CTC   0   0   0   0   0   0 |     CCC   1   1   1   1   1   1 |     CAC   0   0   0   0   0   0 |     CGC   0   0   0   0   0   0
    CTA   0   0   0   0   0   0 |     CCA   0   0   0   0   0   0 | Gln CAA   0   0   0   0   0   0 |     CGA   0   0   0   0   0   0
    CTG   0   0   0   0   0   0 |     CCG   0   0   0   0   0   0 |     CAG   0   0   0   0   0   0 |     CGG   0   0   0   0   0   0
--------------------------------------------------------------------------------------------------------------------------------------
Ile ATT   0   0   0   0   0   0 | Thr ACT   1   1   1   1   1   1 | Asn AAT   3   3   4   3   3   4 | Ser AGT   0   0   0   0   0   0
    ATC   1   1   1   1   1   1 |     ACC   0   0   0   0   0   0 |     AAC   2   2   1   2   2   1 |     AGC   0   0   0   0   0   0
    ATA   0   0   0   0   0   0 |     ACA   2   2   2   2   2   2 | Lys AAA   0   0   0   0   0   0 | Arg AGA   0   0   0   0   0   0
Met ATG   0   1   1   1   1   1 |     ACG   0   0   0   0   0   0 |     AAG   0   0   0   0   0   0 |     AGG   1   1   1   1   1   1
--------------------------------------------------------------------------------------------------------------------------------------
Val GTT   1   1   1   1   1   1 | Ala GCT   0   1   0   0   0   0 | Asp GAT   1   1   1   1   1   1 | Gly GGT   0   0   0   0   0   0
    GTC   1   1   1   1   1   1 |     GCC   0   0   0   0   0   0 |     GAC   0   0   0   0   0   0 |     GGC   0   0   0   0   0   0
    GTA   0   0   0   0   0   0 |     GCA   0   0   0   0   0   0 | Glu GAA   2   3   2   2   3   3 |     GGA   3   2   3   3   2   2
    GTG   2   1   1   1   1   1 |     GCG   0   0   0   0   0   0 |     GAG   0   0   0   0   0   0 |     GGG   1   1   1   1   1   1
--------------------------------------------------------------------------------------------------------------------------------------

--------------------------------------------------------------------------------------------------------------------------------------
Phe TTT   0   0   0   0   0   0 | Ser TCT   1   1   1   1   1   1 | Tyr TAT   2   2   2   2   2   2 | Cys TGT   4   4   4   4   3   3
    TTC   0   0   0   0   0   0 |     TCC   0   0   0   0   0   0 |     TAC   0   0   0   0   0   0 |     TGC   1   1   1   1   2   2
Leu TTA   1   1   1   1   1   1 |     TCA   0   0   0   0   0   0 | *** TAA   0   0   0   0   0   0 | *** TGA   0   0   0   0   0   0
    TTG   1   1   1   1   1   1 |     TCG   0   0   0   0   0   0 |     TAG   0   0   0   0   0   0 | Trp TGG   0   0   0   0   0   0
--------------------------------------------------------------------------------------------------------------------------------------
Leu CTT   0   0   0   0   0   0 | Pro CCT   1   1   1   1   0   0 | His CAT   0   0   0   0   0   0 | Arg CGT   0   0   0   0   0   0
    CTC   0   0   0   0   0   0 |     CCC   1   1   1   1   1   1 |     CAC   0   0   0   0   0   0 |     CGC   0   0   0   0   0   0
    CTA   0   0   0   0   0   0 |     CCA   0   0   0   0   0   0 | Gln CAA   0   0   0   0   0   0 |     CGA   0   0   0   0   0   0
    CTG   0   0   0   0   0   0 |     CCG   0   0   0   0   1   1 |     CAG   0   0   0   0   0   0 |     CGG   0   0   0   0   0   0
--------------------------------------------------------------------------------------------------------------------------------------
Ile ATT   0   0   0   0   0   0 | Thr ACT   1   1   1   1   1   1 | Asn AAT   4   4   3   3   3   3 | Ser AGT   0   0   0   0   0   0
    ATC   1   1   1   1   1   1 |     ACC   0   0   0   0   0   0 |     AAC   1   1   2   2   2   2 |     AGC   0   0   0   0   0   0
    ATA   0   0   0   0   0   0 |     ACA   2   2   2   2   2   2 | Lys AAA   0   0   0   0   0   0 | Arg AGA   0   0   0   0   0   0
Met ATG   1   1   1   1   1   1 |     ACG   0   0   0   0   0   0 |     AAG   0   0   0   0   0   0 |     AGG   1   1   1   1   1   1
--------------------------------------------------------------------------------------------------------------------------------------
Val GTT   1   1   1   1   1   1 | Ala GCT   0   0   0   0   0   0 | Asp GAT   1   1   1   1   1   1 | Gly GGT   0   0   0   0   0   0
    GTC   1   1   1   1   1   1 |     GCC   0   0   0   0   0   0 |     GAC   0   0   0   0   0   0 |     GGC   0   0   0   0   0   0
    GTA   0   0   0   0   0   0 |     GCA   0   0   0   0   0   0 | Glu GAA   3   3   3   3   2   2 |     GGA   2   2   2   2   3   3
    GTG   1   1   1   1   1   1 |     GCG   0   0   0   0   0   0 |     GAG   0   0   0   0   0   0 |     GGG   1   1   1   1   1   1
--------------------------------------------------------------------------------------------------------------------------------------

Codon position x base (3x4) table for each sequence.

#1: Argali         
position  1:    T:0.27273    C:0.06061    A:0.33333    G:0.33333
position  2:    T:0.21212    C:0.18182    A:0.33333    G:0.27273
position  3:    T:0.39394    C:0.21212    A:0.24242    G:0.15152
Average         T:0.29293    C:0.15152    A:0.30303    G:0.25253

#2: LesserMouseDeer
position  1:    T:0.24242    C:0.06061    A:0.36364    G:0.33333
position  2:    T:0.18182    C:0.21212    A:0.30303    G:0.30303
position  3:    T:0.36364    C:0.24242    A:0.24242    G:0.15152
Average         T:0.26263    C:0.17172    A:0.30303    G:0.26263

#3: LesserKudu     
position  1:    T:0.30303    C:0.06061    A:0.33333    G:0.30303
position  2:    T:0.21212    C:0.18182    A:0.30303    G:0.30303
position  3:    T:0.36364    C:0.21212    A:0.24242    G:0.18182
Average         T:0.29293    C:0.15152    A:0.29293    G:0.26263

#4: ForestMuskDeer2
position  1:    T:0.30303    C:0.06061    A:0.33333    G:0.30303
position  2:    T:0.21212    C:0.18182    A:0.33333    G:0.27273
position  3:    T:0.42424    C:0.18182    A:0.24242    G:0.15152
Average         T:0.31313    C:0.14141    A:0.30303    G:0.24242

#5: Camel          
position  1:    T:0.30303    C:0.03030    A:0.36364    G:0.30303
position  2:    T:0.21212    C:0.15152    A:0.33333    G:0.30303
position  3:    T:0.54545    C:0.15152    A:0.18182    G:0.12121
Average         T:0.35354    C:0.11111    A:0.29293    G:0.24242

#6: KillerWhale    
position  1:    T:0.27273    C:0.06061    A:0.33333    G:0.33333
position  2:    T:0.21212    C:0.21212    A:0.27273    G:0.30303
position  3:    T:0.51515    C:0.12121    A:0.24242    G:0.12121
Average         T:0.33333    C:0.13131    A:0.28283    G:0.25253

#7: DefassaWaterbuck
position  1:    T:0.30303    C:0.06061    A:0.33333    G:0.30303
position  2:    T:0.18182    C:0.21212    A:0.33333    G:0.27273
position  3:    T:0.42424    C:0.18182    A:0.24242    G:0.15152
Average         T:0.30303    C:0.15152    A:0.30303    G:0.24242

#8: Sheep          
position  1:    T:0.27273    C:0.06061    A:0.33333    G:0.33333
position  2:    T:0.21212    C:0.18182    A:0.33333    G:0.27273
position  3:    T:0.39394    C:0.21212    A:0.24242    G:0.15152
Average         T:0.29293    C:0.15152    A:0.30303    G:0.25253

#9: MaxwellsDuiker 
position  1:    T:0.30303    C:0.06061    A:0.33333    G:0.30303
position  2:    T:0.21212    C:0.18182    A:0.33333    G:0.27273
position  3:    T:0.42424    C:0.18182    A:0.24242    G:0.15152
Average         T:0.31313    C:0.14141    A:0.30303    G:0.24242

#10: GazellaPrzewalskyi
position  1:    T:0.30303    C:0.06061    A:0.33333    G:0.30303
position  2:    T:0.21212    C:0.18182    A:0.33333    G:0.27273
position  3:    T:0.42424    C:0.18182    A:0.24242    G:0.15152
Average         T:0.31313    C:0.14141    A:0.30303    G:0.24242

#11: MountainNyala  
position  1:    T:0.30303    C:0.06061    A:0.33333    G:0.30303
position  2:    T:0.21212    C:0.18182    A:0.30303    G:0.30303
position  3:    T:0.36364    C:0.21212    A:0.24242    G:0.18182
Average         T:0.29293    C:0.15152    A:0.29293    G:0.26263

#12: MuntiacusMuntjak
position  1:    T:0.30303    C:0.06061    A:0.33333    G:0.30303
position  2:    T:0.21212    C:0.18182    A:0.30303    G:0.30303
position  3:    T:0.42424    C:0.18182    A:0.24242    G:0.15152
Average         T:0.31313    C:0.14141    A:0.29293    G:0.25253

#13: goat           
position  1:    T:0.27273    C:0.06061    A:0.33333    G:0.33333
position  2:    T:0.21212    C:0.18182    A:0.33333    G:0.27273
position  3:    T:0.36364    C:0.24242    A:0.24242    G:0.15152
Average         T:0.28283    C:0.16162    A:0.30303    G:0.25253

#14: AfricanBuffalo 
position  1:    T:0.30303    C:0.06061    A:0.33333    G:0.30303
position  2:    T:0.21212    C:0.18182    A:0.33333    G:0.27273
position  3:    T:0.39394    C:0.21212    A:0.24242    G:0.15152
Average         T:0.30303    C:0.15152    A:0.30303    G:0.24242

#15: Topi           
position  1:    T:0.27273    C:0.06061    A:0.33333    G:0.33333
position  2:    T:0.21212    C:0.18182    A:0.33333    G:0.27273
position  3:    T:0.42424    C:0.18182    A:0.24242    G:0.15152
Average         T:0.30303    C:0.14141    A:0.30303    G:0.25253

#16: CommonDuiker   
position  1:    T:0.30303    C:0.06061    A:0.33333    G:0.30303
position  2:    T:0.21212    C:0.18182    A:0.33333    G:0.27273
position  3:    T:0.42424    C:0.18182    A:0.24242    G:0.15152
Average         T:0.31313    C:0.14141    A:0.30303    G:0.24242

#17: Suni           
position  1:    T:0.30303    C:0.06061    A:0.30303    G:0.33333
position  2:    T:0.21212    C:0.18182    A:0.33333    G:0.27273
position  3:    T:0.45455    C:0.15152    A:0.24242    G:0.15152
Average         T:0.32323    C:0.13131    A:0.29293    G:0.25253

#18: Springbuck     
position  1:    T:0.30303    C:0.06061    A:0.33333    G:0.30303
position  2:    T:0.21212    C:0.18182    A:0.33333    G:0.27273
position  3:    T:0.42424    C:0.18182    A:0.24242    G:0.15152
Average         T:0.31313    C:0.14141    A:0.30303    G:0.24242

#19: Okapi          
position  1:    T:0.30303    C:0.06061    A:0.33333    G:0.30303
position  2:    T:0.21212    C:0.18182    A:0.36364    G:0.24242
position  3:    T:0.42424    C:0.18182    A:0.24242    G:0.15152
Average         T:0.31313    C:0.14141    A:0.31313    G:0.23232

#20: Giraffe        
position  1:    T:0.30303    C:0.06061    A:0.33333    G:0.30303
position  2:    T:0.21212    C:0.18182    A:0.33333    G:0.27273
position  3:    T:0.39394    C:0.21212    A:0.24242    G:0.15152
Average         T:0.30303    C:0.15152    A:0.30303    G:0.24242

#21: TibetanAntelope
position  1:    T:0.30303    C:0.09091    A:0.30303    G:0.30303
position  2:    T:0.21212    C:0.18182    A:0.33333    G:0.27273
position  3:    T:0.36364    C:0.24242    A:0.24242    G:0.15152
Average         T:0.29293    C:0.17172    A:0.29293    G:0.24242

#22: Sitatunga      
position  1:    T:0.30303    C:0.06061    A:0.33333    G:0.30303
position  2:    T:0.21212    C:0.18182    A:0.30303    G:0.30303
position  3:    T:0.36364    C:0.21212    A:0.24242    G:0.18182
Average         T:0.29293    C:0.15152    A:0.29293    G:0.26263

#23: Oribi          
position  1:    T:0.30303    C:0.06061    A:0.33333    G:0.30303
position  2:    T:0.21212    C:0.18182    A:0.33333    G:0.27273
position  3:    T:0.42424    C:0.18182    A:0.24242    G:0.15152
Average         T:0.31313    C:0.14141    A:0.30303    G:0.24242

#24: BarbarySheep   
position  1:    T:0.27273    C:0.06061    A:0.33333    G:0.33333
position  2:    T:0.21212    C:0.18182    A:0.33333    G:0.27273
position  3:    T:0.39394    C:0.21212    A:0.24242    G:0.15152
Average         T:0.29293    C:0.15152    A:0.30303    G:0.25253

#25: Daviddeer      
position  1:    T:0.30303    C:0.06061    A:0.30303    G:0.33333
position  2:    T:0.21212    C:0.18182    A:0.30303    G:0.30303
position  3:    T:0.42424    C:0.18182    A:0.24242    G:0.15152
Average         T:0.31313    C:0.14141    A:0.28283    G:0.26263

#26: Reindeer       
position  1:    T:0.30303    C:0.06061    A:0.33333    G:0.30303
position  2:    T:0.21212    C:0.18182    A:0.30303    G:0.30303
position  3:    T:0.42424    C:0.18182    A:0.24242    G:0.15152
Average         T:0.31313    C:0.14141    A:0.29293    G:0.25253

#27: Ibex           
position  1:    T:0.27273    C:0.06061    A:0.33333    G:0.33333
position  2:    T:0.21212    C:0.18182    A:0.33333    G:0.27273
position  3:    T:0.36364    C:0.24242    A:0.24242    G:0.15152
Average         T:0.28283    C:0.16162    A:0.30303    G:0.25253

#28: GyrantGazelle  
position  1:    T:0.30303    C:0.06061    A:0.33333    G:0.30303
position  2:    T:0.21212    C:0.18182    A:0.33333    G:0.27273
position  3:    T:0.45455    C:0.15152    A:0.24242    G:0.15152
Average         T:0.32323    C:0.13131    A:0.30303    G:0.24242

#29: Hartebeest     
position  1:    T:0.27273    C:0.06061    A:0.33333    G:0.33333
position  2:    T:0.21212    C:0.18182    A:0.33333    G:0.27273
position  3:    T:0.42424    C:0.18182    A:0.24242    G:0.15152
Average         T:0.30303    C:0.14141    A:0.30303    G:0.25253

#30: Bongo          
position  1:    T:0.30303    C:0.06061    A:0.33333    G:0.30303
position  2:    T:0.21212    C:0.18182    A:0.30303    G:0.30303
position  3:    T:0.36364    C:0.21212    A:0.24242    G:0.18182
Average         T:0.29293    C:0.15152    A:0.29293    G:0.26263

#31: Gerenuk        
position  1:    T:0.30303    C:0.06061    A:0.33333    G:0.30303
position  2:    T:0.21212    C:0.18182    A:0.33333    G:0.27273
position  3:    T:0.42424    C:0.18182    A:0.24242    G:0.15152
Average         T:0.31313    C:0.14141    A:0.30303    G:0.24242

#32: CommonEland    
position  1:    T:0.30303    C:0.06061    A:0.33333    G:0.30303
position  2:    T:0.21212    C:0.18182    A:0.30303    G:0.30303
position  3:    T:0.36364    C:0.21212    A:0.27273    G:0.15152
Average         T:0.29293    C:0.15152    A:0.30303    G:0.25253

#33: MuntiacusReevesi
position  1:    T:0.30303    C:0.06061    A:0.33333    G:0.30303
position  2:    T:0.21212    C:0.18182    A:0.30303    G:0.30303
position  3:    T:0.42424    C:0.18182    A:0.24242    G:0.15152
Average         T:0.31313    C:0.14141    A:0.29293    G:0.25253

#34: HarveysDuiker  
position  1:    T:0.30303    C:0.06061    A:0.33333    G:0.30303
position  2:    T:0.21212    C:0.18182    A:0.33333    G:0.27273
position  3:    T:0.42424    C:0.18182    A:0.24242    G:0.15152
Average         T:0.31313    C:0.14141    A:0.30303    G:0.24242

#35: Pronghorn      
position  1:    T:0.30303    C:0.06061    A:0.30303    G:0.33333
position  2:    T:0.21212    C:0.18182    A:0.33333    G:0.27273
position  3:    T:0.45455    C:0.15152    A:0.24242    G:0.15152
Average         T:0.32323    C:0.13131    A:0.29293    G:0.25253

#36: BlueWildebeest 
position  1:    T:0.27273    C:0.06061    A:0.33333    G:0.33333
position  2:    T:0.21212    C:0.18182    A:0.33333    G:0.27273
position  3:    T:0.42424    C:0.18182    A:0.24242    G:0.15152
Average         T:0.30303    C:0.14141    A:0.30303    G:0.25253

#37: Gemsbok        
position  1:    T:0.30303    C:0.06061    A:0.33333    G:0.30303
position  2:    T:0.21212    C:0.18182    A:0.33333    G:0.27273
position  3:    T:0.42424    C:0.18182    A:0.24242    G:0.15152
Average         T:0.31313    C:0.14141    A:0.30303    G:0.24242

#38: Yak            
position  1:    T:0.30303    C:0.06061    A:0.33333    G:0.30303
position  2:    T:0.21212    C:0.18182    A:0.33333    G:0.27273
position  3:    T:0.39394    C:0.21212    A:0.24242    G:0.15152
Average         T:0.30303    C:0.15152    A:0.30303    G:0.24242

#39: BlueSheep      
position  1:    T:0.27273    C:0.06061    A:0.33333    G:0.33333
position  2:    T:0.21212    C:0.18182    A:0.33333    G:0.27273
position  3:    T:0.36364    C:0.24242    A:0.24242    G:0.15152
Average         T:0.28283    C:0.16162    A:0.30303    G:0.25253

#40: BohorReedbuck  
position  1:    T:0.30303    C:0.06061    A:0.33333    G:0.30303
position  2:    T:0.21212    C:0.15152    A:0.33333    G:0.30303
position  3:    T:0.45455    C:0.15152    A:0.24242    G:0.15152
Average         T:0.32323    C:0.12121    A:0.30303    G:0.25253

#41: KirksDik       
position  1:    T:0.30303    C:0.06061    A:0.33333    G:0.30303
position  2:    T:0.21212    C:0.18182    A:0.33333    G:0.27273
position  3:    T:0.42424    C:0.18182    A:0.24242    G:0.15152
Average         T:0.31313    C:0.14141    A:0.30303    G:0.24242

#42: RoeDeer        
position  1:    T:0.30303    C:0.06061    A:0.33333    G:0.30303
position  2:    T:0.21212    C:0.18182    A:0.30303    G:0.30303
position  3:    T:0.42424    C:0.18182    A:0.24242    G:0.15152
Average         T:0.31313    C:0.14141    A:0.29293    G:0.25253

#43: WhiteLippedDeer
position  1:    T:0.30303    C:0.06061    A:0.30303    G:0.33333
position  2:    T:0.21212    C:0.18182    A:0.30303    G:0.30303
position  3:    T:0.42424    C:0.18182    A:0.24242    G:0.15152
Average         T:0.31313    C:0.14141    A:0.28283    G:0.26263

#44: ThomsonGazelle 
position  1:    T:0.27273    C:0.06061    A:0.33333    G:0.33333
position  2:    T:0.21212    C:0.18182    A:0.33333    G:0.27273
position  3:    T:0.42424    C:0.18182    A:0.24242    G:0.15152
Average         T:0.30303    C:0.14141    A:0.30303    G:0.25253

#45: MuntiacusCrinifrons
position  1:    T:0.30303    C:0.06061    A:0.33333    G:0.30303
position  2:    T:0.21212    C:0.18182    A:0.30303    G:0.30303
position  3:    T:0.48485    C:0.12121    A:0.24242    G:0.15152
Average         T:0.33333    C:0.12121    A:0.29293    G:0.25253

#46: WhiteTailedDeer
position  1:    T:0.30303    C:0.06061    A:0.33333    G:0.30303
position  2:    T:0.21212    C:0.18182    A:0.30303    G:0.30303
position  3:    T:0.42424    C:0.18182    A:0.24242    G:0.15152
Average         T:0.31313    C:0.14141    A:0.29293    G:0.25253

#47: Cattle         
position  1:    T:0.30303    C:0.06061    A:0.33333    G:0.30303
position  2:    T:0.21212    C:0.18182    A:0.33333    G:0.27273
position  3:    T:0.39394    C:0.21212    A:0.24242    G:0.15152
Average         T:0.30303    C:0.15152    A:0.30303    G:0.24242

#48: RoyalAntelope  
position  1:    T:0.30303    C:0.06061    A:0.33333    G:0.30303
position  2:    T:0.21212    C:0.18182    A:0.33333    G:0.27273
position  3:    T:0.45455    C:0.15152    A:0.24242    G:0.15152
Average         T:0.32323    C:0.13131    A:0.30303    G:0.24242

#49: Steenbok       
position  1:    T:0.30303    C:0.06061    A:0.33333    G:0.30303
position  2:    T:0.21212    C:0.18182    A:0.33333    G:0.27273
position  3:    T:0.45455    C:0.15152    A:0.24242    G:0.15152
Average         T:0.32323    C:0.13131    A:0.30303    G:0.24242

#50: Impala         
position  1:    T:0.30303    C:0.06061    A:0.33333    G:0.30303
position  2:    T:0.21212    C:0.18182    A:0.33333    G:0.27273
position  3:    T:0.45455    C:0.15152    A:0.24242    G:0.15152
Average         T:0.32323    C:0.13131    A:0.30303    G:0.24242

#51: Klipspringer   
position  1:    T:0.30303    C:0.06061    A:0.33333    G:0.30303
position  2:    T:0.21212    C:0.18182    A:0.33333    G:0.27273
