1
52 1
Argali 0.000000 0.214200 0.041200 0.117400 0.031500 0.000000 0.031800 0.031700 0.046100 0.056000 0.009000 0.031900 0.036700 0.027100 0.031700 0.036100 0.041000 0.036500 0.013400 0.045800 0.036100 0.004300 0.031900 0.050800 0.000000 0.036300 0.027400 0.045800 0.031500 0.050400 0.060900 0.031700 0.041300 0.022800 0.022700 0.027200 0.000000 0.022500 0.031500 0.046400 0.031900 0.036000 0.060900 0.065900 0.027200 0.036600 0.022500 0.050800 0.027000 0.036200 0.036500 0.036500
LesserMous 0.214200 0.000000 0.215200 0.231400 0.207500 0.214200 0.220800 0.197400 0.215800 0.205700 0.215000 0.203900 0.232600 0.214800 0.220400 0.201000 0.180500 0.181100 0.219900 0.214600 0.190900 0.219400 0.209100 0.221300 0.214200 0.214000 0.232600 0.214700 0.207000 0.214100 0.211800 0.221000 0.198500 0.227600 0.227000 0.198000 0.214200 0.209000 0.207500 0.199800 0.208800 0.212700 0.211700 0.229400 0.198000 0.215900 0.197000 0.215900 0.208500 0.206600 0.209200 0.209200
LesserKudu 0.041200 0.215200 0.000000 0.112900 0.045600 0.041200 0.036700 0.046000 0.022800 0.065900 0.050800 0.018200 0.070500 0.032000 0.046000 0.050400 0.050500 0.046000 0.055400 0.021700 0.050300 0.045800 0.041400 0.060600 0.041200 0.050600 0.060700 0.022700 0.045600 0.027200 0.070900 0.036700 0.050900 0.056100 0.046200 0.022700 0.041200 0.045900 0.045700 0.056100 0.041300 0.050300 0.070900 0.071100 0.022700 0.046300 0.036500 0.065500 0.041200 0.045600 0.013500 0.013500
KillerWhal 0.117400 0.231400 0.112900 0.000000 0.121900 0.117400 0.123200 0.122900 0.113200 0.114300 0.128500 0.102400 0.140100 0.117800 0.123000 0.127300 0.112100 0.112500 0.133300 0.117900 0.116800 0.122400 0.107600 0.139800 0.117400 0.127900 0.129200 0.118000 0.121700 0.122800 0.119800 0.123300 0.112800 0.124300 0.123700 0.097100 0.117400 0.112400 0.122100 0.124600 0.107400 0.127200 0.119700 0.141600 0.097100 0.133500 0.112000 0.145500 0.112200 0.116400 0.107500 0.107500
DefassaWat 0.031500 0.207500 0.045600 0.121900 0.000000 0.031500 0.036200 0.036100 0.050500 0.050900 0.040800 0.031700 0.059900 0.031600 0.036100 0.040500 0.045300 0.040800 0.045300 0.050200 0.040400 0.036000 0.036300 0.055200 0.031500 0.040700 0.050400 0.050200 0.035800 0.054700 0.055700 0.036200 0.045700 0.045900 0.045700 0.031600 0.031500 0.017800 0.035900 0.050800 0.036300 0.040400 0.055700 0.070200 0.031600 0.050300 0.026900 0.055100 0.031400 0.040600 0.040900 0.040900
Sheep 0.000000 0.214200 0.041200 0.117400 0.031500 0.000000 0.031800 0.031700 0.046100 0.056000 0.009000 0.031900 0.036700 0.027100 0.031700 0.036100 0.041000 0.036500 0.013400 0.045800 0.036100 0.004400 0.031900 0.050800 0.000000 0.036300 0.027400 0.045800 0.031500 0.050400 0.060900 0.031700 0.041300 0.022800 0.022700 0.027200 0.000000 0.022500 0.031500 0.046400 0.031900 0.036000 0.060900 0.065900 0.027200 0.036600 0.022500 0.050800 0.027000 0.036200 0.036500 0.036500
MaxwellsDu 0.031800 0.220800 0.036700 0.123200 0.036200 0.031800 0.000000 0.036500 0.051000 0.061100 0.041300 0.036600 0.060600 0.004500 0.036500 0.040900 0.045800 0.041300 0.045800 0.050700 0.040900 0.036400 0.036700 0.055800 0.031800 0.041100 0.051000 0.050700 0.036200 0.055300 0.066000 0.009000 0.046100 0.046300 0.046200 0.031900 0.031800 0.036400 0.036300 0.051400 0.036700 0.040900 0.066000 0.071100 0.031900 0.050900 0.027100 0.055700 0.031800 0.041000 0.041300 0.041300
GazellaPrz 0.031700 0.197400 0.046000 0.122900 0.036100 0.031700 0.036500 0.000000 0.050900 0.051300 0.041200 0.036600 0.050900 0.031800 0.036400 0.022500 0.036400 0.031900 0.036400 0.050600 0.022400 0.036300 0.036700 0.046200 0.031700 0.022600 0.041400 0.050600 0.017900 0.045800 0.056200 0.036500 0.046100 0.036900 0.036700 0.031900 0.031700 0.036400 0.017900 0.046400 0.036600 0.022400 0.056100 0.061100 0.031900 0.041300 0.008900 0.046100 0.031700 0.040900 0.041200 0.041200
MountainNy 0.046100 0.215800 0.022800 0.113200 0.050500 0.046100 0.051000 0.050900 0.000000 0.071100 0.055800 0.022800 0.070700 0.046200 0.050900 0.055300 0.055400 0.050900 0.060400 0.009000 0.055200 0.050700 0.046300 0.065700 0.046100 0.055500 0.060900 0.009100 0.050400 0.022700 0.076200 0.051000 0.055800 0.056200 0.051200 0.027400 0.046000 0.050800 0.050600 0.061200 0.046200 0.055200 0.076100 0.066400 0.027400 0.051300 0.041300 0.060900 0.046000 0.050500 0.008700 0.009000
MuntiacusM 0.056000 0.205700 0.065900 0.114300 0.050900 0.056000 0.061100 0.051300 0.071100 0.000000 0.065900 0.056100 0.076200 0.056100 0.060900 0.065400 0.051000 0.046400 0.070600 0.070700 0.065300 0.060700 0.032400 0.061300 0.056000 0.056000 0.066300 0.070700 0.060400 0.065600 0.004600 0.061100 0.056200 0.061600 0.066100 0.051300 0.056000 0.051200 0.060500 0.056800 0.032300 0.055700 0.004600 0.072000 0.051300 0.076000 0.051100 0.071200 0.055900 0.055600 0.060900 0.060900
goat 0.009000 0.215000 0.050800 0.128500 0.040800 0.009000 0.041300 0.041200 0.055800 0.065900 0.000000 0.041300 0.046300 0.036500 0.041200 0.045600 0.050500 0.046000 0.022700 0.055500 0.045500 0.013500 0.041400 0.060700 0.008600 0.045800 0.036800 0.055500 0.040800 0.060100 0.071000 0.041300 0.050900 0.032300 0.032100 0.036600 0.009000 0.031800 0.040900 0.046600 0.041300 0.045500 0.070900 0.076000 0.036600 0.046200 0.031700 0.051000 0.036400 0.045700 0.046000 0.046000
AfricanBuf 0.031900 0.203900 0.018200 0.102400 0.031700 0.031900 0.036600 0.036600 0.022800 0.056100 0.041300 0.000000 0.060700 0.031900 0.036600 0.041000 0.041100 0.036600 0.045900 0.022700 0.040900 0.036400 0.032000 0.051000 0.031900 0.041200 0.051100 0.022700 0.036300 0.027300 0.061100 0.036700 0.041400 0.046400 0.036800 0.013500 0.031800 0.031900 0.036400 0.046500 0.032000 0.040900 0.061000 0.061200 0.013500 0.036800 0.027200 0.055900 0.031800 0.036300 0.013600 0.013600
Topi 0.036700 0.232600 0.070500 0.140100 0.059900 0.036700 0.060600 0.050900 0.070700 0.076200 0.046300 0.060700 0.000000 0.055700 0.060500 0.064900 0.060300 0.055800 0.050900 0.070300 0.064800 0.041300 0.051200 0.080600 0.036700 0.065100 0.008700 0.070300 0.059900 0.079900 0.081300 0.060600 0.065600 0.013700 0.032300 0.055800 0.036700 0.050900 0.060100 0.076200 0.051100 0.064800 0.081300 0.091500 0.055800 0.065700 0.050700 0.075500 0.055500 0.065000 0.065500 0.065500
CommonDuik 0.027100 0.214800 0.032000 0.117800 0.031600 0.027100 0.004500 0.031800 0.046200 0.056100 0.036500 0.031900 0.055700 0.000000 0.031800 0.036200 0.041100 0.036600 0.040900 0.045900 0.036200 0.031600 0.032000 0.051000 0.027200 0.036400 0.046200 0.045900 0.031600 0.050500 0.061100 0.004300 0.041400 0.041600 0.041300 0.027300 0.027200 0.031800 0.031600 0.046500 0.032000 0.036100 0.061000 0.066100 0.027300 0.046100 0.022500 0.050900 0.027000 0.036300 0.036600 0.036600
Suni 0.031700 0.220400 0.046000 0.123000 0.036100 0.031700 0.036500 0.036400 0.050900 0.060900 0.041200 0.036600 0.060500 0.031800 0.000000 0.040800 0.045700 0.041200 0.045700 0.050600 0.040600 0.036300 0.036600 0.055700 0.031700 0.036400 0.050900 0.050600 0.036100 0.055200 0.065900 0.036500 0.046100 0.046300 0.046100 0.031900 0.031700 0.036400 0.036200 0.051300 0.036600 0.040800 0.065900 0.070900 0.031900 0.050800 0.027100 0.046100 0.031700 0.040900 0.041200 0.041200
Springbuck 0.036100 0.201000 0.050400 0.127300 0.040500 0.036100 0.040900 0.022500 0.055300 0.065400 0.045600 0.041000 0.064900 0.036200 0.040800 0.000000 0.050100 0.045600 0.040800 0.055000 0.026800 0.040700 0.041100 0.050600 0.036100 0.027000 0.055300 0.055000 0.012800 0.059600 0.070300 0.041000 0.050500 0.050700 0.050500 0.036300 0.036000 0.040800 0.022300 0.050900 0.041000 0.026800 0.070300 0.065600 0.036300 0.045700 0.013400 0.060000 0.036100 0.045300 0.045600 0.045600
Okapi 0.041000 0.180500 0.050500 0.112100 0.045300 0.041000 0.045800 0.036400 0.055400 0.051000 0.050500 0.041100 0.060300 0.041100 0.045700 0.050100 0.000000 0.012900 0.055100 0.055100 0.040800 0.045500 0.036500 0.055400 0.041000 0.050300 0.060300 0.055100 0.045300 0.050200 0.055900 0.045800 0.036500 0.055700 0.050600 0.036400 0.041000 0.045600 0.045400 0.051000 0.036400 0.050000 0.055800 0.075500 0.036400 0.060200 0.036300 0.055500 0.031700 0.040700 0.045700 0.045700
Giraffe 0.036500 0.181100 0.046000 0.112500 0.040800 0.036500 0.041300 0.031900 0.050900 0.046400 0.046000 0.036600 0.055800 0.036600 0.041200 0.045600 0.012900 0.000000 0.050600 0.050600 0.036300 0.041000 0.032000 0.050900 0.036500 0.045800 0.055800 0.050600 0.040900 0.045700 0.051300 0.041300 0.032000 0.051200 0.046100 0.031900 0.036500 0.041100 0.041000 0.046500 0.031900 0.045600 0.051300 0.070900 0.031900 0.055700 0.031800 0.051000 0.036400 0.036200 0.041200 0.041200
TibetanAnt 0.013400 0.219900 0.055400 0.133300 0.045300 0.013400 0.045800 0.036400 0.060400 0.070600 0.022700 0.045900 0.050900 0.040900 0.045700 0.040800 0.055100 0.050600 0.000000 0.060000 0.040700 0.017900 0.046000 0.055700 0.013500 0.040900 0.041400 0.060000 0.036100 0.064700 0.075600 0.045700 0.055500 0.036800 0.036600 0.041100 0.013500 0.036400 0.036200 0.056000 0.045900 0.040600 0.075600 0.070800 0.041100 0.041300 0.027000 0.065200 0.040800 0.050200 0.050600 0.050600
Sitatunga 0.045800 0.214600 0.021700 0.117900 0.050200 0.045800 0.050700 0.050600 0.009000 0.070700 0.055500 0.022700 0.070300 0.045900 0.050600 0.055000 0.055100 0.050600 0.060000 0.000000 0.054900 0.050400 0.046000 0.065300 0.045800 0.055200 0.060500 0.009000 0.050200 0.022600 0.075700 0.050800 0.055500 0.055900 0.050900 0.027300 0.045800 0.050500 0.050300 0.060900 0.045900 0.054900 0.075700 0.066000 0.027300 0.051000 0.041000 0.060600 0.045800 0.050200 0.009000 0.009000
Oribi 0.036100 0.190900 0.050300 0.116800 0.040400 0.036100 0.040900 0.022400 0.055200 0.065300 0.045500 0.040900 0.064800 0.036200 0.040600 0.026800 0.040800 0.036300 0.040700 0.054900 0.000000 0.040600 0.041000 0.050500 0.036100 0.026900 0.055200 0.054900 0.022200 0.059500 0.070200 0.040900 0.036400 0.050600 0.050500 0.036200 0.036100 0.040700 0.022300 0.050800 0.040900 0.026800 0.070200 0.065500 0.036200 0.045600 0.013400 0.060000 0.036100 0.045200 0.045500 0.045500
BarbaryShe 0.004300 0.219400 0.045800 0.122400 0.036000 0.004400 0.036400 0.036300 0.050700 0.060700 0.013500 0.036400 0.041300 0.031600 0.036300 0.040700 0.045500 0.041000 0.017900 0.050400 0.040600 0.000000 0.036500 0.055500 0.004500 0.040900 0.032000 0.050400 0.036000 0.055000 0.065600 0.036300 0.045900 0.027400 0.027200 0.031700 0.004500 0.027100 0.036100 0.051100 0.036400 0.040500 0.065600 0.070600 0.031700 0.041200 0.027000 0.055400 0.031500 0.040800 0.041000 0.041000
Daviddeer 0.031900 0.209100 0.041400 0.107600 0.036300 0.031900 0.036700 0.036700 0.046300 0.032400 0.041400 0.032000 0.051200 0.032000 0.036600 0.041100 0.036500 0.032000 0.046000 0.046000 0.041000 0.036500 0.000000 0.036900 0.031900 0.041300 0.041600 0.046000 0.036300 0.050600 0.037200 0.036800 0.032000 0.037000 0.041500 0.027300 0.031900 0.036600 0.036400 0.032400 0.009000 0.041000 0.037200 0.056600 0.027300 0.051100 0.027200 0.056000 0.031900 0.031700 0.036700 0.036700
Reindeer 0.050800 0.221300 0.060600 0.139800 0.055200 0.050800 0.055800 0.046200 0.065700 0.061300 0.060700 0.051000 0.080600 0.051000 0.055700 0.050600 0.055400 0.050900 0.055700 0.065300 0.050500 0.055500 0.036900 0.000000 0.050900 0.050800 0.070700 0.065300 0.045800 0.070000 0.066100 0.055900 0.055900 0.066000 0.060800 0.046200 0.050800 0.055600 0.045900 0.027600 0.036800 0.050600 0.066000 0.037200 0.046200 0.060800 0.036600 0.070700 0.050800 0.050500 0.055700 0.055700
Ibex 0.000000 0.214200 0.041200 0.117400 0.031500 0.000000 0.031800 0.031700 0.046100 0.056000 0.008600 0.031900 0.036700 0.027200 0.031700 0.036100 0.041000 0.036500 0.013500 0.045800 0.036100 0.004500 0.031900 0.050900 0.000000 0.036300 0.027400 0.045800 0.031500 0.050400 0.060900 0.031800 0.041300 0.022800 0.022800 0.027200 0.000000 0.022500 0.031600 0.046400 0.031900 0.036100 0.060900 0.065900 0.027200 0.036600 0.022500 0.050800 0.027100 0.036200 0.036500 0.036500
GyrantGaze 0.036300 0.214000 0.050600 0.127900 0.040700 0.036300 0.041100 0.022600 0.055500 0.056000 0.045800 0.041200 0.065100 0.036400 0.036400 0.027000 0.050300 0.045800 0.040900 0.055200 0.026900 0.040900 0.041300 0.050800 0.036300 0.000000 0.055500 0.055300 0.022400 0.059900 0.061000 0.041100 0.050700 0.050900 0.050700 0.036500 0.036300 0.040900 0.022400 0.051100 0.041200 0.017900 0.060900 0.065900 0.036500 0.045900 0.013400 0.055500 0.036300 0.045500 0.045800 0.045800
Hartebeest 0.027400 0.232600 0.060700 0.129200 0.050400 0.027400 0.051000 0.041400 0.060900 0.066300 0.036800 0.051100 0.008700 0.046200 0.050900 0.055300 0.060300 0.055800 0.041400 0.060500 0.055200 0.032000 0.041600 0.070700 0.027400 0.055500 0.000000 0.060600 0.050400 0.070100 0.071300 0.051000 0.055900 0.004500 0.023000 0.046200 0.027400 0.041400 0.050500 0.066300 0.041600 0.055200 0.071300 0.081400 0.046200 0.056000 0.041200 0.065700 0.046000 0.055400 0.055800 0.055800
Bongo 0.045800 0.214700 0.022700 0.118000 0.050200 0.045800 0.050700 0.050600 0.009100 0.070700 0.055500 0.022700 0.070300 0.045900 0.050600 0.055000 0.055100 0.050600 0.060000 0.009000 0.054900 0.050400 0.046000 0.065300 0.045800 0.055300 0.060600 0.000000 0.050200 0.022700 0.075700 0.050800 0.055500 0.055900 0.050900 0.027300 0.045800 0.050600 0.050300 0.060900 0.046000 0.055000 0.075700 0.066100 0.027300 0.051000 0.041100 0.060600 0.045800 0.050300 0.009000 0.009000
Gerenuk 0.031500 0.207000 0.045600 0.121700 0.035800 0.031500 0.036200 0.017900 0.050400 0.060400 0.040800 0.036300 0.059900 0.031600 0.036100 0.012800 0.045300 0.040900 0.036100 0.050200 0.022200 0.036000 0.036300 0.045800 0.031500 0.022400 0.050400 0.050200 0.000000 0.054700 0.065300 0.036200 0.045600 0.045800 0.045700 0.031600 0.031300 0.036100 0.017800 0.046000 0.036300 0.022300 0.065300 0.060600 0.031600 0.040900 0.008900 0.055100 0.031400 0.040600 0.040800 0.040800
CommonElan 0.050400 0.214100 0.027200 0.122800 0.054700 0.050400 0.055300 0.045800 0.022700 0.065600 0.060100 0.027300 0.079900 0.050500 0.055200 0.059600 0.050200 0.045700 0.064700 0.022600 0.059500 0.055000 0.050600 0.070000 0.050400 0.059900 0.070100 0.022700 0.054700 0.000000 0.070600 0.055400 0.060200 0.065400 0.055500 0.022600 0.050400 0.055100 0.054900 0.065600 0.050500 0.059500 0.070500 0.080700 0.022600 0.055600 0.045600 0.065200 0.050300 0.054800 0.013500 0.013500
MuntiacusR 0.060900 0.211800 0.070900 0.119800 0.055700 0.060900 0.066000 0.056200 0.076200 0.004600 0.071000 0.061100 0.081300 0.061100 0.065900 0.070300 0.055900 0.051300 0.075600 0.075700 0.070200 0.065600 0.037200 0.066100 0.060900 0.061000 0.071300 0.075700 0.065300 0.070600 0.000000 0.066100 0.061100 0.066600 0.071100 0.056200 0.060900 0.056100 0.065500 0.055900 0.037100 0.060600 0.009300 0.076900 0.056200 0.081200 0.056000 0.076300 0.060900 0.060500 0.065900 0.065900
HarveysDui 0.031700 0.221000 0.036700 0.123300 0.036200 0.031700 0.009000 0.036500 0.051000 0.061100 0.041300 0.036700 0.060600 0.004300 0.036500 0.041000 0.045800 0.041300 0.045700 0.050800 0.040900 0.036300 0.036800 0.055900 0.031800 0.041100 0.051000 0.050800 0.036200 0.055400 0.066100 0.000000 0.046200 0.046400 0.046100 0.032000 0.031800 0.036500 0.036300 0.051400 0.036700 0.040800 0.066100 0.071100 0.032000 0.050900 0.027200 0.055800 0.031700 0.041000 0.041300 0.041300
Pronghorn 0.041300 0.198500 0.050900 0.112800 0.045700 0.041300 0.046100 0.046100 0.055800 0.056200 0.050900 0.041400 0.065600 0.041400 0.046100 0.050500 0.036500 0.032000 0.055500 0.055500 0.036400 0.045900 0.032000 0.055900 0.041300 0.050700 0.055900 0.055500 0.045600 0.060200 0.061100 0.046200 0.000000 0.051300 0.051000 0.036600 0.041300 0.046000 0.045800 0.051400 0.032000 0.050400 0.061100 0.076100 0.036600 0.060700 0.036500 0.065700 0.041200 0.041000 0.046100 0.046100
BlueWildeb 0.022800 0.227600 0.056100 0.124300 0.045900 0.022800 0.046300 0.036900 0.056200 0.061600 0.032300 0.046400 0.013700 0.041600 0.046300 0.050700 0.055700 0.051200 0.036800 0.055900 0.050600 0.027400 0.037000 0.066000 0.022800 0.050900 0.004500 0.055900 0.045800 0.065400 0.066600 0.046400 0.051300 0.000000 0.018400 0.041600 0.022800 0.036800 0.046000 0.061600 0.037000 0.050600 0.066600 0.076700 0.041600 0.051400 0.036700 0.061000 0.041400 0.050800 0.051200 0.051200
Gemsbok 0.022700 0.227000 0.046200 0.123700 0.045700 0.022700 0.046200 0.036700 0.051200 0.066100 0.032100 0.036800 0.032300 0.041300 0.046100 0.050500 0.050600 0.046100 0.036600 0.050900 0.050500 0.027200 0.041500 0.060800 0.022800 0.050700 0.023000 0.050900 0.045700 0.055500 0.071100 0.046100 0.051000 0.018400 0.000000 0.032000 0.022800 0.036700 0.045800 0.056300 0.041400 0.046900 0.071100 0.071300 0.032000 0.051200 0.036600 0.065700 0.041100 0.045800 0.041400 0.041400
Yak 0.027200 0.198000 0.022700 0.097100 0.031600 0.027200 0.031900 0.031900 0.027400 0.051300 0.036600 0.013500 0.055800 0.027300 0.031900 0.036300 0.036400 0.031900 0.041100 0.027300 0.036200 0.031700 0.027300 0.046200 0.027200 0.036500 0.046200 0.027300 0.031600 0.022600 0.056200 0.032000 0.036600 0.041600 0.032000 0.000000 0.027200 0.031800 0.031700 0.041700 0.027300 0.036300 0.056100 0.056300 0.000000 0.036800 0.022600 0.051000 0.027200 0.031700 0.018100 0.018100
BlueSheep 0.000000 0.214200 0.041200 0.117400 0.031500 0.000000 0.031800 0.031700 0.046000 0.056000 0.009000 0.031800 0.036700 0.027200 0.031700 0.036000 0.041000 0.036500 0.013500 0.045800 0.036100 0.004500 0.031900 0.050800 0.000000 0.036300 0.027400 0.045800 0.031300 0.050400 0.060900 0.031800 0.041300 0.022800 0.022800 0.027200 0.000000 0.022500 0.031500 0.046400 0.031900 0.036100 0.060900 0.065900 0.027200 0.036600 0.022500 0.050800 0.027100 0.036200 0.036500 0.036500
BohorReedb 0.022500 0.209000 0.045900 0.112400 0.017800 0.022500 0.036400 0.036400 0.050800 0.051200 0.031800 0.031900 0.050900 0.031800 0.036400 0.040800 0.045600 0.041100 0.036400 0.050500 0.040700 0.027100 0.036600 0.055600 0.022500 0.040900 0.041400 0.050600 0.036100 0.055100 0.056100 0.036500 0.046000 0.036800 0.036700 0.031800 0.022500 0.000000 0.036200 0.051200 0.036500 0.040700 0.056100 0.061100 0.031800 0.050700 0.027000 0.055500 0.031700 0.040900 0.041200 0.041200
KirksDik 0.031500 0.207500 0.045700 0.122100 0.035900 0.031500 0.036300 0.017900 0.050600 0.060500 0.040900 0.036400 0.060100 0.031600 0.036200 0.022300 0.045400 0.041000 0.036200 0.050300 0.022300 0.036100 0.036400 0.045900 0.031600 0.022400 0.050500 0.050300 0.017800 0.054900 0.065500 0.036300 0.045800 0.046000 0.045800 0.031700 0.031500 0.036200 0.000000 0.046100 0.036400 0.013300 0.065400 0.060700 0.031700 0.041000 0.008900 0.055300 0.031500 0.040700 0.041000 0.041000
RoeDeer 0.046400 0.199800 0.056100 0.124600 0.050800 0.046400 0.051400 0.046400 0.061200 0.056800 0.046600 0.046500 0.076200 0.046500 0.051300 0.050900 0.051000 0.046500 0.056000 0.060900 0.050800 0.051100 0.032400 0.027600 0.046400 0.051100 0.066300 0.060900 0.046000 0.065600 0.055900 0.051400 0.051400 0.061600 0.056300 0.041700 0.046400 0.051200 0.046100 0.000000 0.032300 0.050800 0.061600 0.047000 0.041700 0.061200 0.036800 0.056500 0.046300 0.046100 0.051300 0.051300
WhiteLippe 0.031900 0.208800 0.041300 0.107400 0.036300 0.031900 0.036700 0.036600 0.046200 0.032300 0.041300 0.032000 0.051100 0.032000 0.036600 0.041000 0.036400 0.031900 0.045900 0.045900 0.040900 0.036400 0.009000 0.036800 0.031900 0.041200 0.041600 0.046000 0.036300 0.050500 0.037100 0.036700 0.032000 0.037000 0.041400 0.027300 0.031900 0.036500 0.036400 0.032300 0.000000 0.041000 0.037100 0.056400 0.027300 0.051000 0.027200 0.055900 0.031800 0.031700 0.036600 0.036600
ThomsonGaz 0.036000 0.212700 0.050300 0.127200 0.040400 0.036000 0.040900 0.022400 0.055200 0.055700 0.045500 0.040900 0.064800 0.036100 0.040800 0.026800 0.050000 0.045600 0.040600 0.054900 0.026800 0.040500 0.041000 0.050600 0.036100 0.017900 0.055200 0.055000 0.022300 0.059500 0.060600 0.040800 0.050400 0.050600 0.046900 0.036300 0.036100 0.040700 0.013300 0.050800 0.041000 0.000000 0.060600 0.065500 0.036300 0.045700 0.013400 0.060000 0.035900 0.045300 0.045600 0.045600
MuntiacusC 0.060900 0.211700 0.070900 0.119700 0.055700 0.060900 0.066000 0.056100 0.076100 0.004600 0.070900 0.061000 0.081300 0.061000 0.065900 0.070300 0.055800 0.051300 0.075600 0.075700 0.070200 0.065600 0.037200 0.066000 0.060900 0.060900 0.071300 0.075700 0.065300 0.070500 0.009300 0.066100 0.061100 0.066600 0.071100 0.056100 0.060900 0.056100 0.065400 0.061600 0.037100 0.060600 0.000000 0.076800 0.056100 0.081100 0.055900 0.076200 0.060800 0.060500 0.065900 0.065900
WhiteTaile 0.065900 0.229400 0.071100 0.141600 0.070200 0.065900 0.071100 0.061100 0.066400 0.072000 0.076000 0.061200 0.091500 0.066100 0.070900 0.065600 0.075500 0.070900 0.070800 0.066000 0.065500 0.070600 0.056600 0.037200 0.065900 0.065900 0.081400 0.066100 0.060600 0.080700 0.076900 0.071100 0.076100 0.076700 0.071300 0.056300 0.065900 0.061100 0.060700 0.047000 0.056400 0.065500 0.076800 0.000000 0.056300 0.076300 0.051300 0.076400 0.065800 0.070400 0.066100 0.066100
Cattle 0.027200 0.198000 0.022700 0.097100 0.031600 0.027200 0.031900 0.031900 0.027400 0.051300 0.036600 0.013500 0.055800 0.027300 0.031900 0.036300 0.036400 0.031900 0.041100 0.027300 0.036200 0.031700 0.027300 0.046200 0.027200 0.036500 0.046200 0.027300 0.031600 0.022600 0.056200 0.032000 0.036600 0.041600 0.032000 0.000000 0.027200 0.031800 0.031700 0.041700 0.027300 0.036300 0.056100 0.056300 0.000000 0.036800 0.022600 0.051000 0.027200 0.031700 0.018100 0.018100
RoyalAntel 0.036600 0.215900 0.046300 0.133500 0.050300 0.036600 0.050900 0.041300 0.051300 0.076000 0.046200 0.036800 0.065700 0.046100 0.050800 0.045700 0.060200 0.055700 0.041300 0.051000 0.045600 0.041200 0.051100 0.060800 0.036600 0.045900 0.056000 0.051000 0.040900 0.055600 0.081200 0.050900 0.060700 0.051400 0.051200 0.036800 0.036600 0.050700 0.041000 0.061200 0.051000 0.045700 0.081100 0.076300 0.036800 0.000000 0.031800 0.070500 0.036500 0.045900 0.041500 0.041500
Steenbok 0.022500 0.197000 0.036500 0.112000 0.026900 0.022500 0.027100 0.008900 0.041300 0.051100 0.031700 0.027200 0.050700 0.022500 0.027100 0.013400 0.036300 0.031800 0.027000 0.041000 0.013400 0.027000 0.027200 0.036600 0.022500 0.013400 0.041200 0.041100 0.008900 0.045600 0.056000 0.027200 0.036500 0.036700 0.036600 0.022600 0.022500 0.027000 0.008900 0.036800 0.027200 0.013400 0.055900 0.051300 0.022600 0.031800 0.000000 0.046000 0.022500 0.031600 0.031800 0.031800
Impala 0.050800 0.215900 0.065500 0.145500 0.055100 0.050800 0.055700 0.046100 0.060900 0.071200 0.051000 0.055900 0.075500 0.050900 0.046100 0.060000 0.055500 0.051000 0.065200 0.060600 0.060000 0.055400 0.056000 0.070700 0.050800 0.055500 0.065700 0.060600 0.055100 0.065200 0.076300 0.055800 0.065700 0.061000 0.065700 0.051000 0.050800 0.055500 0.055300 0.056500 0.055900 0.060000 0.076200 0.076400 0.051000 0.070500 0.046000 0.000000 0.050700 0.060200 0.060600 0.060600
Klipspring 0.027000 0.208500 0.041200 0.112200 0.031400 0.027000 0.031800 0.031700 0.046000 0.055900 0.036400 0.031800 0.055500 0.027000 0.031700 0.036100 0.031700 0.036400 0.040800 0.045800 0.036100 0.031500 0.031900 0.050800 0.027100 0.036300 0.046000 0.045800 0.031400 0.050300 0.060900 0.031700 0.041200 0.041400 0.041100 0.027200 0.027100 0.031700 0.031500 0.046300 0.031800 0.035900 0.060800 0.065800 0.027200 0.036500 0.022500 0.050700 0.000000 0.036200 0.036400 0.036400
ForestMusk 0.036200 0.206600 0.045600 0.116400 0.040600 0.036200 0.041000 0.040900 0.050500 0.055600 0.045700 0.036300 0.065000 0.036300 0.040900 0.045300 0.040700 0.036200 0.050200 0.050200 0.045200 0.040800 0.031700 0.050500 0.036200 0.045500 0.055400 0.050300 0.040600 0.054800 0.060500 0.041000 0.041000 0.050800 0.045800 0.031700 0.036200 0.040900 0.040700 0.046100 0.031700 0.045300 0.060500 0.070400 0.031700 0.045900 0.031600 0.060200 0.036200 0.000000 0.040900 0.040900
Bushbuck 0.036500 0.209200 0.013500 0.107500 0.040900 0.036500 0.041300 0.041200 0.008700 0.060900 0.046000 0.013600 0.065500 0.036600 0.041200 0.045600 0.045700 0.041200 0.050600 0.009000 0.045500 0.041000 0.036700 0.055700 0.036500 0.045800 0.055800 0.009000 0.040800 0.013500 0.065900 0.041300 0.046100 0.051200 0.041400 0.018100 0.036500 0.041200 0.041000 0.051300 0.036600 0.045600 0.065900 0.066100 0.018100 0.041500 0.031800 0.060600 0.036400 0.040900 0.000000 0.000000
GreaterKud 0.036500 0.209200 0.013500 0.107500 0.040900 0.036500 0.041300 0.041200 0.009000 0.060900 0.046000 0.013600 0.065500 0.036600 0.041200 0.045600 0.045700 0.041200 0.050600 0.009000 0.045500 0.041000 0.036700 0.055700 0.036500 0.045800 0.055800 0.009000 0.040800 0.013500 0.065900 0.041300 0.046100 0.051200 0.041400 0.018100 0.036500 0.041200 0.041000 0.051300 0.036600 0.045600 0.065900 0.066100 0.018100 0.041500 0.031800 0.060600 0.036400 0.040900 0.000000 0.000000
