CODONML (in paml version 4.10.7, June 2023)  /home/rachel/ruminants_paml/6406-phy-tree/ENSBTAT00000044884.fasta.phy
Model: free dN/dS Ratios for branches,  kappa = 2.000 fixed

Codon frequency model: F3x4
ns =  54  ls =  33

Codon usage in sequences
--------------------------------------------------------------------------------------------------------------------------------------
Phe TTT   0   0   0   0   0   0 | Ser TCT   0   0   1   0   0   0 | Tyr TAT   1   1   1   1   0   1 | Cys TGT   0   0   0   0   0   0
    TTC   0   0   0   0   0   0 |     TCC   1   1   0   1   1   1 |     TAC   0   0   0   0   1   0 |     TGC   0   0   0   0   0   0
Leu TTA   0   0   0   0   0   0 |     TCA   0   0   0   0   0   0 | *** TAA   0   0   0   0   0   0 | *** TGA   0   0   0   0   0   0
    TTG   0   0   0   0   0   0 |     TCG   0   0   0   0   0   0 |     TAG   0   0   0   0   0   0 | Trp TGG   1   1   1   1   1   1
--------------------------------------------------------------------------------------------------------------------------------------
Leu CTT   1   0   1   1   0   1 | Pro CCT   0   0   1   0   0   0 | His CAT   0   0   0   0   0   0 | Arg CGT   0   1   1   1   1   1
    CTC   0   0   0   0   1   0 |     CCC   1   1   0   1   1   1 |     CAC   0   0   0   0   0   0 |     CGC   1   0   0   0   0   0
    CTA   0   2   1   1   0   1 |     CCA   0   0   0   0   0   0 | Gln CAA   0   0   0   0   0   0 |     CGA   0   0   0   0   0   0
    CTG   3   2   2   2   3   2 |     CCG   0   0   0   0   0   0 |     CAG   0   0   0   0   0   0 |     CGG   0   0   0   0   0   0
--------------------------------------------------------------------------------------------------------------------------------------
Ile ATT   1   1   2   1   0   1 | Thr ACT   1   1   1   2   0   1 | Asn AAT   0   0   0   0   0   0 | Ser AGT   0   0   0   0   0   0
    ATC   1   1   0   1   2   1 |     ACC   1   1   0   0   1   1 |     AAC   1   1   1   1   1   1 |     AGC   0   0   0   0   0   0
    ATA   0   0   0   0   0   0 |     ACA   0   0   1   1   1   0 | Lys AAA   3   3   3   3   3   4 | Arg AGA   0   0   0   0   0   0
Met ATG   0   0   0   0   0   0 |     ACG   1   1   1   0   1   1 |     AAG   4   4   4   4   4   3 |     AGG   1   1   1   1   1   1
--------------------------------------------------------------------------------------------------------------------------------------
Val GTT   0   0   0   0   0   0 | Ala GCT   0   0   0   0   0   0 | Asp GAT   1   3   1   1   1   2 | Gly GGT   1   1   1   1   1   1
    GTC   0   1   0   0   0   0 |     GCC   0   0   0   0   0   0 |     GAC   2   0   2   2   2   1 |     GGC   0   0   0   0   0   0
    GTA   0   0   0   0   0   0 |     GCA   0   0   0   0   0   0 | Glu GAA   1   1   1   1   0   1 |     GGA   0   0   0   0   0   0
    GTG   1   0   1   1   1   1 |     GCG   0   0   0   0   0   0 |     GAG   3   3   3   3   4   3 |     GGG   1   1   1   1   1   1
--------------------------------------------------------------------------------------------------------------------------------------

--------------------------------------------------------------------------------------------------------------------------------------
Phe TTT   0   0   0   0   0   0 | Ser TCT   0   0   0   0   0   0 | Tyr TAT   1   1   1   1   1   1 | Cys TGT   0   0   0   0   0   0
    TTC   0   0   0   0   0   0 |     TCC   1   1   1   1   1   1 |     TAC   0   0   0   0   0   0 |     TGC   0   0   0   0   0   0
Leu TTA   0   0   0   0   0   0 |     TCA   0   0   0   0   0   0 | *** TAA   0   0   0   0   0   0 | *** TGA   0   0   0   0   0   0
    TTG   0   0   0   0   0   0 |     TCG   0   0   0   0   0   0 |     TAG   0   0   0   0   0   0 | Trp TGG   1   1   1   1   1   1
--------------------------------------------------------------------------------------------------------------------------------------
Leu CTT   1   1   1   1   1   1 | Pro CCT   0   0   0   0   0   0 | His CAT   0   0   0   0   0   0 | Arg CGT   0   0   0   0   1   1
    CTC   0   0   0   0   0   0 |     CCC   1   1   1   1   1   1 |     CAC   0   0   0   0   0   0 |     CGC   1   1   1   1   0   0
    CTA   1   1   1   1   1   1 |     CCA   0   0   0   0   0   0 | Gln CAA   0   0   0   0   0   0 |     CGA   0   0   0   0   0   0
    CTG   2   2   2   2   2   2 |     CCG   0   0   0   0   0   0 |     CAG   0   0   0   0   0   0 |     CGG   0   0   0   0   0   0
--------------------------------------------------------------------------------------------------------------------------------------
Ile ATT   1   1   1   1   1   1 | Thr ACT   1   1   1   1   1   1 | Asn AAT   0   0   0   0   0   0 | Ser AGT   0   0   0   0   0   0
    ATC   1   1   1   1   1   1 |     ACC   1   1   1   1   1   1 |     AAC   1   1   1   1   1   1 |     AGC   0   0   0   0   0   0
    ATA   0   0   0   0   0   0 |     ACA   0   0   0   0   0   0 | Lys AAA   3   3   3   3   3   3 | Arg AGA   0   0   0   0   0   0
Met ATG   0   0   0   0   0   0 |     ACG   1   1   1   1   1   1 |     AAG   4   4   4   4   4   4 |     AGG   1   1   1   1   1   1
--------------------------------------------------------------------------------------------------------------------------------------
Val GTT   0   0   0   0   0   0 | Ala GCT   0   0   0   0   0   0 | Asp GAT   1   1   1   1   1   1 | Gly GGT   1   1   1   1   1   1
    GTC   0   0   0   0   0   0 |     GCC   0   0   0   0   0   0 |     GAC   2   2   2   2   2   2 |     GGC   0   0   0   0   0   0
    GTA   0   0   0   0   0   0 |     GCA   0   0   0   0   0   0 | Glu GAA   1   1   1   1   1   1 |     GGA   0   0   0   0   0   0
    GTG   1   1   1   1   1   1 |     GCG   0   0   0   0   0   0 |     GAG   3   3   3   3   3   3 |     GGG   1   1   1   1   1   1
--------------------------------------------------------------------------------------------------------------------------------------

--------------------------------------------------------------------------------------------------------------------------------------
Phe TTT   0   0   0   0   0   0 | Ser TCT   0   0   0   0   0   0 | Tyr TAT   1   1   1   1   1   1 | Cys TGT   0   0   0   0   0   0
    TTC   0   0   0   0   0   0 |     TCC   1   1   1   1   1   1 |     TAC   0   0   0   0   0   0 |     TGC   0   0   0   0   0   0
Leu TTA   0   0   0   0   0   0 |     TCA   0   0   0   0   0   0 | *** TAA   0   0   0   0   0   0 | *** TGA   0   0   0   0   0   0
    TTG   0   0   0   0   0   0 |     TCG   0   0   0   0   0   0 |     TAG   0   0   0   0   0   0 | Trp TGG   1   1   1   1   1   1
--------------------------------------------------------------------------------------------------------------------------------------
Leu CTT   1   1   1   1   1   1 | Pro CCT   0   0   0   0   0   0 | His CAT   0   0   0   0   0   0 | Arg CGT   0   1   0   0   0   1
    CTC   0   0   0   0   0   0 |     CCC   1   1   1   1   1   1 |     CAC   0   0   0   0   0   0 |     CGC   1   0   1   1   1   0
    CTA   1   1   1   1   1   2 |     CCA   0   0   0   0   0   0 | Gln CAA   0   0   0   0   0   0 |     CGA   0   0   0   0   0   0
    CTG   2   2   2   2   2   1 |     CCG   0   0   0   0   0   0 |     CAG   0   0   0   0   0   0 |     CGG   0   0   0   0   0   0
--------------------------------------------------------------------------------------------------------------------------------------
Ile ATT   1   1   1   1   1   1 | Thr ACT   1   1   1   1   1   1 | Asn AAT   0   0   0   0   0   0 | Ser AGT   0   0   0   0   0   0
    ATC   1   1   1   1   1   1 |     ACC   1   1   1   1   1   1 |     AAC   1   1   1   1   1   1 |     AGC   0   0   0   0   0   0
    ATA   0   0   0   0   0   0 |     ACA   0   0   0   0   0   0 | Lys AAA   3   3   3   3   3   3 | Arg AGA   0   0   0   0   0   0
Met ATG   0   0   0   0   0   0 |     ACG   1   1   1   1   1   1 |     AAG   4   4   4   4   4   4 |     AGG   1   1   1   1   1   1
--------------------------------------------------------------------------------------------------------------------------------------
Val GTT   0   0   0   0   0   0 | Ala GCT   0   0   0   0   0   0 | Asp GAT   1   1   2   1   1   2 | Gly GGT   1   1   1   1   1   1
    GTC   0   0   0   0   0   0 |     GCC   0   0   0   0   0   0 |     GAC   2   2   1   2   2   1 |     GGC   0   0   0   0   0   0
    GTA   0   0   0   0   0   0 |     GCA   0   0   0   0   0   0 | Glu GAA   1   1   1   1   1   1 |     GGA   0   0   0   0   0   0
    GTG   1   1   1   1   1   1 |     GCG   0   0   0   0   0   0 |     GAG   3   3   3   3   3   3 |     GGG   1   1   1   1   1   1
--------------------------------------------------------------------------------------------------------------------------------------

--------------------------------------------------------------------------------------------------------------------------------------
Phe TTT   0   0   0   0   0   0 | Ser TCT   0   0   0   0   0   0 | Tyr TAT   1   1   1   1   1   1 | Cys TGT   0   0   0   0   0   0
    TTC   0   0   0   0   0   0 |     TCC   1   1   1   1   1   1 |     TAC   0   0   0   0   0   0 |     TGC   0   0   0   0   0   0
Leu TTA   0   0   0   0   1   0 |     TCA   0   0   0   0   0   0 | *** TAA   0   0   0   0   0   0 | *** TGA   0   0   0   0   0   0
    TTG   0   0   0   0   0   0 |     TCG   0   0   0   0   0   0 |     TAG   0   0   0   0   0   0 | Trp TGG   1   1   1   1   1   1
--------------------------------------------------------------------------------------------------------------------------------------
Leu CTT   1   1   1   1   1   1 | Pro CCT   0   0   0   0   0   0 | His CAT   0   0   0   0   0   0 | Arg CGT   0   0   0   1   1   0
    CTC   0   0   0   0   0   0 |     CCC   1   1   1   1   1   1 |     CAC   0   0   0   0   0   0 |     CGC   1   1   1   0   0   1
    CTA   1   1   1   1   1   1 |     CCA   0   0   0   0   0   0 | Gln CAA   0   0   0   0   0   0 |     CGA   0   0   0   0   0   0
    CTG   2   2   2   2   1   2 |     CCG   0   0   0   0   0   0 |     CAG   0   0   0   0   0   0 |     CGG   0   0   0   0   0   0
--------------------------------------------------------------------------------------------------------------------------------------
Ile ATT   1   1   1   1   1   1 | Thr ACT   1   1   1   1   1   1 | Asn AAT   0   0   0   0   0   0 | Ser AGT   0   0   0   0   0   0
    ATC   1   1   1   1   1   1 |     ACC   1   1   1   0   1   1 |     AAC   1   1   1   1   1   1 |     AGC   0   0   0   0   0   0
    ATA   0   0   0   0   0   0 |     ACA   1   1   0   1   0   0 | Lys AAA   3   3   3   3   3   3 | Arg AGA   0   0   0   0   0   0
Met ATG   0   0   0   0   0   0 |     ACG   0   0   1   1   1   1 |     AAG   4   4   4   4   4   4 |     AGG   1   1   1   1   1   1
--------------------------------------------------------------------------------------------------------------------------------------
Val GTT   0   0   0   0   0   0 | Ala GCT   0   0   0   0   0   0 | Asp GAT   1   1   1   1   1   1 | Gly GGT   1   1   1   1   1   1
    GTC   0   0   0   0   0   0 |     GCC   0   0   0   0   0   0 |     GAC   2   2   2   2   2   2 |     GGC   0   0   0   0   0   0
    GTA   0   0   0   0   0   0 |     GCA   0   0   0   0   0   0 | Glu GAA   1   1   1   1   1   1 |     GGA   0   0   0   0   0   0
    GTG   1   1   1   1   1   1 |     GCG   0   0   0   0   0   0 |     GAG   3   3   3   3   3   3 |     GGG   1   1   1   1   1   1
--------------------------------------------------------------------------------------------------------------------------------------

--------------------------------------------------------------------------------------------------------------------------------------
Phe TTT   0   0   0   0   0   0 | Ser TCT   0   0   0   0   0   0 | Tyr TAT   1   1   1   1   1   1 | Cys TGT   0   0   0   0   0   0
    TTC   0   0   0   0   0   0 |     TCC   1   1   1   1   1   1 |     TAC   0   0   0   0   0   0 |     TGC   0   0   0   0   0   0
Leu TTA   0   0   0   0   0   0 |     TCA   0   0   0   0   0   0 | *** TAA   0   0   0   0   0   0 | *** TGA   0   0   0   0   0   0
    TTG   0   0   0   0   0   0 |     TCG   0   0   0   0   0   0 |     TAG   0   0   0   0   0   0 | Trp TGG   1   1   1   1   1   1
--------------------------------------------------------------------------------------------------------------------------------------
Leu CTT   1   1   1   1   1   1 | Pro CCT   0   0   0   0   0   0 | His CAT   0   0   0   0   0   0 | Arg CGT   0   0   0   0   0   1
    CTC   0   0   0   0   0   0 |     CCC   1   1   1   0   1   1 |     CAC   0   0   0   0   0   0 |     CGC   1   1   1   1   1   0
    CTA   1   1   1   1   1   1 |     CCA   0   0   0   1   0   0 | Gln CAA   0   0   0   0   0   0 |     CGA   0   0   0   0   0   0
    CTG   2   2   2   2   2   2 |     CCG   0   0   0   0   0   0 |     CAG   0   0   0   0   0   0 |     CGG   0   0   0   0   0   0
--------------------------------------------------------------------------------------------------------------------------------------
Ile ATT   1   1   1   1   1   1 | Thr ACT   1   1   1   2   1   1 | Asn AAT   0   0   0   0   0   0 | Ser AGT   0   0   0   0   0   0
    ATC   1   1   1   1   1   1 |     ACC   1   1   1   0   1   0 |     AAC   1   1   1   1   1   1 |     AGC   0   0   0   0   0   0
    ATA   0   0   0   0   0   0 |     ACA   0   0   0   0   0   1 | Lys AAA   3   3   3   3   3   3 | Arg AGA   0   0   0   0   0   0
Met ATG   0   0   0   0   0   0 |     ACG   1   1   1   1   1   1 |     AAG   4   4   4   4   4   4 |     AGG   1   1   1   1   1   1
--------------------------------------------------------------------------------------------------------------------------------------
Val GTT   0   0   0   0   0   0 | Ala GCT   0   0   0   0   0   0 | Asp GAT   1   1   1   2   2   1 | Gly GGT   1   1   1   1   1   1
    GTC   0   0   0   0   0   0 |     GCC   0   0   0   0   0   0 |     GAC   2   2   2   1   1   2 |     GGC   0   0   0   0   0   0
    GTA   0   0   0   0   0   0 |     GCA   0   0   0   0   0   0 | Glu GAA   1   1   1   2   1   1 |     GGA   0   0   0   0   0   0
    GTG   1   1   1   1   1   1 |     GCG   0   0   0   0   0   0 |     GAG   3   3   3   2   3   3 |     GGG   1   1   1   1   1   1
--------------------------------------------------------------------------------------------------------------------------------------

--------------------------------------------------------------------------------------------------------------------------------------
Phe TTT   0   0   0   0   0   0 | Ser TCT   0   0   0   0   0   0 | Tyr TAT   1   1   1   1   1   1 | Cys TGT   0   0   0   0   0   0
    TTC   0   0   0   0   0   0 |     TCC   1   1   1   1   1   1 |     TAC   0   0   0   0   0   0 |     TGC   0   0   0   0   0   0
Leu TTA   0   0   0   0   0   0 |     TCA   0   0   0   0   0   0 | *** TAA   0   0   0   0   0   0 | *** TGA   0   0   0   0   0   0
    TTG   0   0   0   0   0   0 |     TCG   0   0   0   0   0   0 |     TAG   0   0   0   0   0   0 | Trp TGG   1   1   1   1   1   1
--------------------------------------------------------------------------------------------------------------------------------------
Leu CTT   1   1   1   1   1   1 | Pro CCT   0   0   0   0   0   0 | His CAT   0   0   0   0   0   0 | Arg CGT   0   1   1   0   0   0
    CTC   0   0   0   0   0   0 |     CCC   0   1   1   1   1   1 |     CAC   0   0   0   0   0   0 |     CGC   1   0   0   1   0   1
    CTA   1   1   1   1   1   1 |     CCA   1   0   0   0   0   0 | Gln CAA   0   0   0   0   0   0 |     CGA   0   0   0   0   0   0
    CTG   2   2   2   2   2   2 |     CCG   0   0   0   0   0   0 |     CAG   0   0   0   0   0   0 |     CGG   0   0   0   0   1   0
--------------------------------------------------------------------------------------------------------------------------------------
Ile ATT   1   1   1   1   1   1 | Thr ACT   2   1   1   1   1   1 | Asn AAT   0   0   0   0   0   0 | Ser AGT   0   0   0   0   0   0
    ATC   1   1   1   1   1   1 |     ACC   0   0   1   1   2   1 |     AAC   1   1   1   1   1   1 |     AGC   0   0   0   0   0   0
    ATA   0   0   0   0   0   0 |     ACA   0   1   0   0   0   0 | Lys AAA   3   3   3   3   3   3 | Arg AGA   0   0   0   0   0   0
Met ATG   0   0   0   0   0   0 |     ACG   1   1   1   1   0   1 |     AAG   4   4   4   4   4   4 |     AGG   1   1   1   1   1   1
--------------------------------------------------------------------------------------------------------------------------------------
Val GTT   0   0   0   0   0   0 | Ala GCT   0   0   0   0   0   0 | Asp GAT   1   1   1   1   1   2 | Gly GGT   1   1   1   1   1   1
    GTC   0   0   0   0   0   0 |     GCC   0   0   0   0   0   0 |     GAC   2   2   2   2   2   1 |     GGC   0   0   0   0   0   0
    GTA   0   0   0   0   0   0 |     GCA   0   0   0   0   0   0 | Glu GAA   1   1   1   1   1   1 |     GGA   0   0   0   0   0   0
    GTG   1   1   1   1   1   1 |     GCG   0   0   0   0   0   0 |     GAG   3   3   3   3   3   3 |     GGG   1   1   1   1   1   1
--------------------------------------------------------------------------------------------------------------------------------------

--------------------------------------------------------------------------------------------------------------------------------------
Phe TTT   0   0   0   0   0   0 | Ser TCT   0   0   0   0   0   0 | Tyr TAT   1   1   0   1   1   1 | Cys TGT   0   0   0   0   0   0
    TTC   0   0   0   0   0   0 |     TCC   1   1   1   1   1   1 |     TAC   0   0   1   0   0   0 |     TGC   0   0   0   0   0   0
Leu TTA   0   0   0   0   0   0 |     TCA   0   0   0   0   0   0 | *** TAA   0   0   0   0   0   0 | *** TGA   0   0   0   0   0   0
    TTG   0   0   0   0   0   0 |     TCG   0   0   0   0   0   0 |     TAG   0   0   0   0   0   0 | Trp TGG   1   1   1   1   1   1
--------------------------------------------------------------------------------------------------------------------------------------
Leu CTT   1   1   1   1   1   1 | Pro CCT   0   0   0   0   0   0 | His CAT   0   0   0   0   0   0 | Arg CGT   0   1   0   0   1   0
    CTC   0   0   0   0   0   0 |     CCC   1   1   1   1   1   1 |     CAC   0   0   0   0   0   0 |     CGC   1   0   1   1   0   1
    CTA   1   1   1   1   1   1 |     CCA   0   0   0   0   0   0 | Gln CAA   0   0   0   0   0   0 |     CGA   0   0   0   0   0   0
    CTG   2   2   2   2   2   2 |     CCG   0   0   0   0   0   0 |     CAG   0   0   0   0   0   0 |     CGG   0   0   0   0   0   0
--------------------------------------------------------------------------------------------------------------------------------------
Ile ATT   1   1   1   1   1   1 | Thr ACT   1   1   1   1   1   1 | Asn AAT   0   0   0   0   0   0 | Ser AGT   0   0   0   0   0   0
    ATC   1   1   1   1   1   1 |     ACC   1   1   1   1   1   1 |     AAC   1   1   1   1   1   1 |     AGC   0   0   0   0   0   0
    ATA   0   0   0   0   0   0 |     ACA   0   0   0   0   0   0 | Lys AAA   3   3   3   3   3   3 | Arg AGA   0   0   0   0   0   0
Met ATG   0   0   0   0   0   0 |     ACG   1   1   1   1   1   1 |     AAG   4   4   4   4   4   4 |     AGG   1   1   1   1   1   1
--------------------------------------------------------------------------------------------------------------------------------------
Val GTT   0   0   0   0   0   0 | Ala GCT   0   0   0   0   0   0 | Asp GAT   2   1   1   1   1   1 | Gly GGT   1   1   1   1   1   1
    GTC   0   0   0   0   0   0 |     GCC   0   0   0   0   0   0 |     GAC   1   2   2   2   2   2 |     GGC   0   0   0   0   0   0
    GTA   0   0   0   0   0   0 |     GCA   0   0   0   0   0   0 | Glu GAA   1   1   1   1   1   1 |     GGA   0   0   0   0   0   0
    GTG   1   1   1   1   1   1 |     GCG   0   0   0   0   0   0 |     GAG   3   3   3   3   3   3 |     GGG   1   1   1   1   1   1
--------------------------------------------------------------------------------------------------------------------------------------

--------------------------------------------------------------------------------------------------------------------------------------
Phe TTT   0   0   0   0   0   0 | Ser TCT   0   0   0   0   0   0 | Tyr TAT   1   1   1   1   1   1 | Cys TGT   0   0   0   0   0   0
    TTC   0   0   0   0   0   0 |     TCC   1   1   1   1   1   1 |     TAC   0   0   0   0   0   0 |     TGC   0   0   0   0   0   0
Leu TTA   0   0   0   0   0   0 |     TCA   0   0   0   0   0   0 | *** TAA   0   0   0   0   0   0 | *** TGA   0   0   0   0   0   0
    TTG   0   0   0   0   0   0 |     TCG   0   0   0   0   0   0 |     TAG   0   0   0   0   0   0 | Trp TGG   1   1   1   1   1   1
--------------------------------------------------------------------------------------------------------------------------------------
Leu CTT   1   1   1   1   1   1 | Pro CCT   0   0   0   0   0   0 | His CAT   0   0   0   0   0   0 | Arg CGT   0   0   1   0   1   1
    CTC   0   0   0   0   0   0 |     CCC   1   0   1   1   1   1 |     CAC   0   0   0   0   0   0 |     CGC   1   1   0   1   0   0
    CTA   1   1   1   1   1   1 |     CCA   0   1   0   0   0   0 | Gln CAA   0   0   0   0   0   0 |     CGA   0   0   0   0   0   0
    CTG   2   2   2   2   2   2 |     CCG   0   0   0   0   0   0 |     CAG   0   0   0   0   0   0 |     CGG   0   0   0   0   0   0
--------------------------------------------------------------------------------------------------------------------------------------
Ile ATT   1   1   1   1   1   1 | Thr ACT   1   2   1   1   1   1 | Asn AAT   0   0   0   0   0   0 | Ser AGT   0   0   0   0   0   0
    ATC   1   1   1   1   1   1 |     ACC   1   0   1   1   1   1 |     AAC   1   1   1   1   1   1 |     AGC   0   0   0   0   0   0
    ATA   0   0   0   0   0   0 |     ACA   0   0   0   0   0   0 | Lys AAA   3   3   3   3   3   3 | Arg AGA   0   0   0   0   0   0
Met ATG   0   0   0   0   0   0 |     ACG   1   1   1   1   1   1 |     AAG   4   4   4   4   4   4 |     AGG   1   1   1   1   1   1
--------------------------------------------------------------------------------------------------------------------------------------
Val GTT   0   0   0   0   0   0 | Ala GCT   0   0   0   0   0   0 | Asp GAT   1   2   1   1   1   1 | Gly GGT   1   1   1   1   1   1
    GTC   0   0   0   0   0   0 |     GCC   0   0   0   0   0   0 |     GAC   2   1   2   2   2   2 |     GGC   0   0   0   0   0   0
    GTA   0   0   0   0   0   0 |     GCA   0   0   0   0   0   0 | Glu GAA   2   2   1   1   1   1 |     GGA   0   0   0   0   0   0
    GTG   1   1   1   1   1   1 |     GCG   0   0   0   0   0   0 |     GAG   2   2   3   3   3   3 |     GGG   1   1   1   1   1   1
--------------------------------------------------------------------------------------------------------------------------------------

--------------------------------------------------------------------------------------------------------------------------------------
Phe TTT   0   0   0   0   0   0 | Ser TCT   0   0   0   0   0   0 | Tyr TAT   1   1   1   1   1   1 | Cys TGT   0   0   0   0   0   0
    TTC   0   0   0   0   0   0 |     TCC   1   1   1   1   1   1 |     TAC   0   0   0   0   0   0 |     TGC   0   0   0   0   0   0
Leu TTA   0   0   0   0   0   0 |     TCA   0   0   0   0   0   0 | *** TAA   0   0   0   0   0   0 | *** TGA   0   0   0   0   0   0
    TTG   0   0   0   0   0   0 |     TCG   0   0   0   0   0   0 |     TAG   0   0   0   0   0   0 | Trp TGG   1   1   1   1   1   1
--------------------------------------------------------------------------------------------------------------------------------------
Leu CTT   1   1   1   1   1   1 | Pro CCT   0   0   0   0   0   0 | His CAT   0   0   0   0   0   0 | Arg CGT   0   1   0   1   1   1
    CTC   0   0   0   0   0   0 |     CCC   1   0   1   1   1   1 |     CAC   0   0   0   0   0   0 |     CGC   1   0   1   0   0   0
    CTA   1   1   1   1   1   1 |     CCA   0   0   0   0   0   0 | Gln CAA   0   0   0   0   0   0 |     CGA   0   0   0   0   0   0
    CTG   2   2   2   2   2   2 |     CCG   0   1   0   0   0   0 |     CAG   0   0   0   0   0   0 |     CGG   0   0   0   0   0   0
--------------------------------------------------------------------------------------------------------------------------------------
Ile ATT   1   1   1   1   1   1 | Thr ACT   1   1   1   2   1   1 | Asn AAT   0   0   0   0   0   0 | Ser AGT   0   0   0   0   0   0
    ATC   1   1   1   1   1   1 |     ACC   1   1   1   0   0   0 |     AAC   1   1   1   1   1   1 |     AGC   0   0   0   0   0   0
    ATA   0   0   0   0   0   0 |     ACA   0   0   0   1   1   1 | Lys AAA   3   3   3   3   3   3 | Arg AGA   0   0   0   0   0   0
Met ATG   0   0   0   0   0   0 |     ACG   1   1   1   0   1   1 |     AAG   4   4   4   4   4   4 |     AGG   1   1   1   1   1   1
--------------------------------------------------------------------------------------------------------------------------------------
Val GTT   0   0   0   0   0   0 | Ala GCT   0   0   0   0   0   0 | Asp GAT   1   1   1   1   1   1 | Gly GGT   1   1   0   1   1   1
    GTC   0   0   0   0   0   0 |     GCC   0   0   0   0   0   0 |     GAC   2   2   2   2   2   2 |     GGC   0   0   1   0   0   0
    GTA   0   0   0   0   0   0 |     GCA   0   0   0   0   0   0 | Glu GAA   1   1   1   1   1   1 |     GGA   0   0   0   0   0   0
    GTG   1   1   1   1   1   1 |     GCG   0   0   0   0   0   0 |     GAG   3   3   3   3   3   3 |     GGG   1   1   1   1   1   1
--------------------------------------------------------------------------------------------------------------------------------------

Codon position x base (3x4) table for each sequence.

#1: Argali         
position  1:    T:0.09091    C:0.18182    A:0.42424    G:0.30303
position  2:    T:0.21212    C:0.15152    A:0.48485    G:0.15152
position  3:    T:0.18182    C:0.24242    A:0.12121    G:0.45455
Average         T:0.16162    C:0.19192    A:0.34343    G:0.30303

#2: LesserMouseDeer
position  1:    T:0.09091    C:0.18182    A:0.42424    G:0.30303
position  2:    T:0.21212    C:0.15152    A:0.48485    G:0.15152
position  3:    T:0.24242    C:0.18182    A:0.18182    G:0.39394
Average         T:0.18182    C:0.17172    A:0.36364    G:0.28283

#3: LesserKudu     
position  1:    T:0.09091    C:0.18182    A:0.42424    G:0.30303
position  2:    T:0.21212    C:0.15152    A:0.48485    G:0.15152
position  3:    T:0.30303    C:0.09091    A:0.18182    G:0.42424
Average         T:0.20202    C:0.14141    A:0.36364    G:0.29293

#4: ForestMuskDeer2
position  1:    T:0.09091    C:0.18182    A:0.42424    G:0.30303
position  2:    T:0.21212    C:0.15152    A:0.48485    G:0.15152
position  3:    T:0.24242    C:0.18182    A:0.18182    G:0.39394
Average         T:0.18182    C:0.17172    A:0.36364    G:0.28283

#5: Camel          
position  1:    T:0.09091    C:0.18182    A:0.42424    G:0.30303
position  2:    T:0.21212    C:0.15152    A:0.48485    G:0.15152
position  3:    T:0.09091    C:0.30303    A:0.12121    G:0.48485
Average         T:0.13131    C:0.21212    A:0.34343    G:0.31313

#6: KillerWhale    
position  1:    T:0.09091    C:0.18182    A:0.42424    G:0.30303
position  2:    T:0.21212    C:0.15152    A:0.48485    G:0.15152
position  3:    T:0.24242    C:0.18182    A:0.18182    G:0.39394
Average         T:0.18182    C:0.17172    A:0.36364    G:0.28283

#7: DefassaWaterbuck
position  1:    T:0.09091    C:0.18182    A:0.42424    G:0.30303
position  2:    T:0.21212    C:0.15152    A:0.48485    G:0.15152
position  3:    T:0.18182    C:0.24242    A:0.15152    G:0.42424
Average         T:0.16162    C:0.19192    A:0.35354    G:0.29293

#8: Sheep          
position  1:    T:0.09091    C:0.18182    A:0.42424    G:0.30303
position  2:    T:0.21212    C:0.15152    A:0.48485    G:0.15152
position  3:    T:0.18182    C:0.24242    A:0.15152    G:0.42424
Average         T:0.16162    C:0.19192    A:0.35354    G:0.29293

#9: MaxwellsDuiker 
position  1:    T:0.09091    C:0.18182    A:0.42424    G:0.30303
position  2:    T:0.21212    C:0.15152    A:0.48485    G:0.15152
position  3:    T:0.18182    C:0.24242    A:0.15152    G:0.42424
Average         T:0.16162    C:0.19192    A:0.35354    G:0.29293

#10: GazellaPrzewalskyi
position  1:    T:0.09091    C:0.18182    A:0.42424    G:0.30303
position  2:    T:0.21212    C:0.15152    A:0.48485    G:0.15152
position  3:    T:0.18182    C:0.24242    A:0.15152    G:0.42424
Average         T:0.16162    C:0.19192    A:0.35354    G:0.29293

#11: MountainNyala  
position  1:    T:0.09091    C:0.18182    A:0.42424    G:0.30303
position  2:    T:0.21212    C:0.15152    A:0.48485    G:0.15152
position  3:    T:0.21212    C:0.21212    A:0.15152    G:0.42424
Average         T:0.17172    C:0.18182    A:0.35354    G:0.29293

#12: MuntiacusMuntjak
position  1:    T:0.09091    C:0.18182    A:0.42424    G:0.30303
position  2:    T:0.21212    C:0.15152    A:0.48485    G:0.15152
position  3:    T:0.21212    C:0.21212    A:0.15152    G:0.42424
Average         T:0.17172    C:0.18182    A:0.35354    G:0.29293

#13: goat           
position  1:    T:0.09091    C:0.18182    A:0.42424    G:0.30303
position  2:    T:0.21212    C:0.15152    A:0.48485    G:0.15152
position  3:    T:0.18182    C:0.24242    A:0.15152    G:0.42424
Average         T:0.16162    C:0.19192    A:0.35354    G:0.29293

#14: AfricanBuffalo 
position  1:    T:0.09091    C:0.18182    A:0.42424    G:0.30303
position  2:    T:0.21212    C:0.15152    A:0.48485    G:0.15152
position  3:    T:0.21212    C:0.21212    A:0.15152    G:0.42424
Average         T:0.17172    C:0.18182    A:0.35354    G:0.29293

#15: Topi           
position  1:    T:0.09091    C:0.18182    A:0.42424    G:0.30303
position  2:    T:0.21212    C:0.15152    A:0.48485    G:0.15152
position  3:    T:0.21212    C:0.21212    A:0.15152    G:0.42424
Average         T:0.17172    C:0.18182    A:0.35354    G:0.29293

#16: CommonDuiker   
position  1:    T:0.09091    C:0.18182    A:0.42424    G:0.30303
position  2:    T:0.21212    C:0.15152    A:0.48485    G:0.15152
position  3:    T:0.18182    C:0.24242    A:0.15152    G:0.42424
Average         T:0.16162    C:0.19192    A:0.35354    G:0.29293

#17: Suni           
position  1:    T:0.09091    C:0.18182    A:0.42424    G:0.30303
position  2:    T:0.21212    C:0.15152    A:0.48485    G:0.15152
position  3:    T:0.18182    C:0.24242    A:0.15152    G:0.42424
Average         T:0.16162    C:0.19192    A:0.35354    G:0.29293

#18: Springbuck     
position  1:    T:0.09091    C:0.18182    A:0.42424    G:0.30303
position  2:    T:0.21212    C:0.15152    A:0.48485    G:0.15152
position  3:    T:0.24242    C:0.18182    A:0.18182    G:0.39394
Average         T:0.18182    C:0.17172    A:0.36364    G:0.28283

#19: Okapi          
position  1:    T:0.09091    C:0.18182    A:0.42424    G:0.30303
position  2:    T:0.21212    C:0.15152    A:0.48485    G:0.15152
position  3:    T:0.18182    C:0.24242    A:0.18182    G:0.39394
Average         T:0.16162    C:0.19192    A:0.36364    G:0.28283

#20: Giraffe        
position  1:    T:0.09091    C:0.18182    A:0.42424    G:0.30303
position  2:    T:0.21212    C:0.15152    A:0.48485    G:0.15152
position  3:    T:0.18182    C:0.24242    A:0.18182    G:0.39394
Average         T:0.16162    C:0.19192    A:0.36364    G:0.28283

#21: TibetanAntelope
position  1:    T:0.09091    C:0.18182    A:0.42424    G:0.30303
position  2:    T:0.21212    C:0.15152    A:0.48485    G:0.15152
position  3:    T:0.18182    C:0.24242    A:0.15152    G:0.42424
Average         T:0.16162    C:0.19192    A:0.35354    G:0.29293

#22: Sitatunga      
position  1:    T:0.09091    C:0.18182    A:0.42424    G:0.30303
position  2:    T:0.21212    C:0.15152    A:0.48485    G:0.15152
position  3:    T:0.21212    C:0.18182    A:0.18182    G:0.42424
Average         T:0.17172    C:0.17172    A:0.36364    G:0.29293

#23: Oribi          
position  1:    T:0.12121    C:0.15152    A:0.42424    G:0.30303
position  2:    T:0.21212    C:0.15152    A:0.48485    G:0.15152
position  3:    T:0.21212    C:0.21212    A:0.18182    G:0.39394
Average         T:0.18182    C:0.17172    A:0.36364    G:0.28283

#24: BarbarySheep   
position  1:    T:0.09091    C:0.18182    A:0.42424    G:0.30303
position  2:    T:0.21212    C:0.15152    A:0.48485    G:0.15152
position  3:    T:0.18182    C:0.24242    A:0.15152    G:0.42424
Average         T:0.16162    C:0.19192    A:0.35354    G:0.29293

#25: Daviddeer      
position  1:    T:0.09091    C:0.18182    A:0.42424    G:0.30303
position  2:    T:0.21212    C:0.15152    A:0.48485    G:0.15152
position  3:    T:0.18182    C:0.24242    A:0.15152    G:0.42424
Average         T:0.16162    C:0.19192    A:0.35354    G:0.29293

#26: Reindeer       
position  1:    T:0.09091    C:0.18182    A:0.42424    G:0.30303
position  2:    T:0.21212    C:0.15152    A:0.48485    G:0.15152
position  3:    T:0.18182    C:0.24242    A:0.15152    G:0.42424
Average         T:0.16162    C:0.19192    A:0.35354    G:0.29293

#27: Ibex           
position  1:    T:0.09091    C:0.18182    A:0.42424    G:0.30303
position  2:    T:0.21212    C:0.15152    A:0.48485    G:0.15152
position  3:    T:0.18182    C:0.24242    A:0.15152    G:0.42424
Average         T:0.16162    C:0.19192    A:0.35354    G:0.29293

#28: GyrantGazelle  
position  1:    T:0.09091    C:0.18182    A:0.42424    G:0.30303
position  2:    T:0.21212    C:0.15152    A:0.48485    G:0.15152
position  3:    T:0.24242    C:0.15152    A:0.21212    G:0.39394
Average         T:0.18182    C:0.16162    A:0.37374    G:0.28283

#29: Hartebeest     
position  1:    T:0.09091    C:0.18182    A:0.42424    G:0.30303
position  2:    T:0.21212    C:0.15152    A:0.48485    G:0.15152
position  3:    T:0.21212    C:0.21212    A:0.15152    G:0.42424
Average         T:0.17172    C:0.18182    A:0.35354    G:0.29293

#30: Bongo          
position  1:    T:0.09091    C:0.18182    A:0.42424    G:0.30303
position  2:    T:0.21212    C:0.15152    A:0.48485    G:0.15152
position  3:    T:0.21212    C:0.18182    A:0.18182    G:0.42424
Average         T:0.17172    C:0.17172    A:0.36364    G:0.29293

#31: Gerenuk        
position  1:    T:0.09091    C:0.18182    A:0.42424    G:0.30303
position  2:    T:0.21212    C:0.15152    A:0.48485    G:0.15152
position  3:    T:0.21212    C:0.18182    A:0.18182    G:0.42424
Average         T:0.17172    C:0.17172    A:0.36364    G:0.29293

#32: CommonEland    
position  1:    T:0.09091    C:0.18182    A:0.42424    G:0.30303
position  2:    T:0.21212    C:0.15152    A:0.48485    G:0.15152
position  3:    T:0.21212    C:0.18182    A:0.18182    G:0.42424
Average         T:0.17172    C:0.17172    A:0.36364    G:0.29293

#33: MuntiacusReevesi
position  1:    T:0.09091    C:0.18182    A:0.42424    G:0.30303
position  2:    T:0.21212    C:0.15152    A:0.48485    G:0.15152
position  3:    T:0.21212    C:0.21212    A:0.15152    G:0.42424
Average         T:0.17172    C:0.18182    A:0.35354    G:0.29293

#34: HarveysDuiker  
position  1:    T:0.09091    C:0.18182    A:0.42424    G:0.30303
position  2:    T:0.21212    C:0.15152    A:0.48485    G:0.15152
position  3:    T:0.18182    C:0.24242    A:0.15152    G:0.42424
Average         T:0.16162    C:0.19192    A:0.35354    G:0.29293

#35: Pronghorn      
position  1:    T:0.09091    C:0.18182    A:0.42424    G:0.30303
position  2:    T:0.21212    C:0.15152    A:0.48485    G:0.15152
position  3:    T:0.18182    C:0.24242    A:0.15152    G:0.42424
Average         T:0.16162    C:0.19192    A:0.35354    G:0.29293

#36: BlueWildebeest 
position  1:    T:0.09091    C:0.18182    A:0.42424    G:0.30303
position  2:    T:0.21212    C:0.15152    A:0.48485    G:0.15152
position  3:    T:0.21212    C:0.21212    A:0.15152    G:0.42424
Average         T:0.17172    C:0.18182    A:0.35354    G:0.29293

#37: Gemsbok        
position  1:    T:0.09091    C:0.18182    A:0.42424    G:0.30303
position  2:    T:0.21212    C:0.15152    A:0.48485    G:0.15152
position  3:    T:0.21212    C:0.21212    A:0.15152    G:0.42424
Average         T:0.17172    C:0.18182    A:0.35354    G:0.29293

#38: Yak            
position  1:    T:0.09091    C:0.18182    A:0.42424    G:0.30303
position  2:    T:0.21212    C:0.15152    A:0.48485    G:0.15152
position  3:    T:0.21212    C:0.21212    A:0.15152    G:0.42424
Average         T:0.17172    C:0.18182    A:0.35354    G:0.29293

#39: BlueSheep      
position  1:    T:0.09091    C:0.18182    A:0.42424    G:0.30303
position  2:    T:0.21212    C:0.15152    A:0.48485    G:0.15152
position  3:    T:0.15152    C:0.27273    A:0.15152    G:0.42424
Average         T:0.15152    C:0.20202    A:0.35354    G:0.29293

#40: BohorReedbuck  
position  1:    T:0.09091    C:0.18182    A:0.42424    G:0.30303
position  2:    T:0.21212    C:0.15152    A:0.48485    G:0.15152
position  3:    T:0.18182    C:0.24242    A:0.15152    G:0.42424
Average         T:0.16162    C:0.19192    A:0.35354    G:0.29293

#41: KirksDik       
position  1:    T:0.09091    C:0.18182    A:0.42424    G:0.30303
position  2:    T:0.21212    C:0.15152    A:0.48485    G:0.15152
position  3:    T:0.21212    C:0.21212    A:0.15152    G:0.42424
Average         T:0.17172    C:0.18182    A:0.35354    G:0.29293

#42: RoeDeer        
position  1:    T:0.09091    C:0.18182    A:0.42424    G:0.30303
position  2:    T:0.21212    C:0.15152    A:0.48485    G:0.15152
position  3:    T:0.18182    C:0.24242    A:0.15152    G:0.42424
Average         T:0.16162    C:0.19192    A:0.35354    G:0.29293

#43: WhiteLippedDeer
position  1:    T:0.09091    C:0.18182    A:0.42424    G:0.30303
position  2:    T:0.21212    C:0.15152    A:0.48485    G:0.15152
position  3:    T:0.18182    C:0.24242    A:0.18182    G:0.39394
Average         T:0.16162    C:0.19192    A:0.36364    G:0.28283

#44: ThomsonGazelle 
position  1:    T:0.09091    C:0.18182    A:0.42424    G:0.30303
position  2:    T:0.21212    C:0.15152    A:0.48485    G:0.15152
position  3:    T:0.24242    C:0.15152    A:0.21212    G:0.39394
Average         T:0.18182    C:0.16162    A:0.37374    G:0.28283

#45: MuntiacusCrinifrons
position  1:    T:0.09091    C:0.18182    A:0.42424    G:0.30303
position  2:    T:0.21212    C:0.15152    A:0.48485    G:0.15152
position  3:    T:0.21212    C:0.21212    A:0.15152    G:0.42424
Average         T:0.17172    C:0.18182    A:0.35354    G:0.29293

#46: WhiteTailedDeer
position  1:    T:0.09091    C:0.18182    A:0.42424    G:0.30303
position  2:    T:0.21212    C:0.15152    A:0.48485    G:0.15152
position  3:    T:0.18182    C:0.24242    A:0.15152    G:0.42424
Average         T:0.16162    C:0.19192    A:0.35354    G:0.29293

#47: Cattle         
position  1:    T:0.09091    C:0.18182    A:0.42424    G:0.30303
position  2:    T:0.21212    C:0.15152    A:0.48485    G:0.15152
position  3:    T:0.21212    C:0.21212    A:0.15152    G:0.42424
Average         T:0.17172    C:0.18182    A:0.35354    G:0.29293

#48: RoyalAntelope  
position  1:    T:0.09091    C:0.18182    A:0.42424    G:0.30303
position  2:    T:0.21212    C:0.15152    A:0.48485    G:0.15152
position  3:    T:0.21212    C:0.21212    A:0.15152    G:0.42424
Average         T:0.17172    C:0.18182    A:0.35354    G:0.29293

#49: Steenbok       
position  1:    T:0.09091    C:0.18182    A:0.42424    G:0.30303
position  2:    T:0.21212    C:0.15152    A:0.48485    G:0.15152
position  3:    T:0.18182    C:0.24242    A:0.15152    G:0.42424
Average         T:0.16162    C:0.19192    A:0.35354    G:0.29293

#50: Impala         
position  1:    T:0.09091    C:0.18182    A:0.42424    G:0.30303
position  2:    T:0.21212    C:0.15152    A:0.48485    G:0.15152
position  3:    T:0.21212    C:0.18182    A:0.15152    G:0.45455
Average         T:0.17172    C:0.17172    A:0.35354    G:0.30303

#51: Klipspringer   
position  1:    T:0.09091    C:0.18182    A:0.42424    G:0.30303
position  2:    T:0.21212    C:0.15152    A:0.48485    G:0.15152
