CODONML (in paml version 4.10.7, June 2023)  /home/rachel/ruminants_paml/6406-phy-tree/ENSBTAT00000023694.fasta.phy
Model: free dN/dS Ratios for branches,  kappa = 2.000 fixed

Codon frequency model: F3x4
ns =  54  ls =  45

Codon usage in sequences
--------------------------------------------------------------------------------------------------------------------------------------
Phe TTT   0   0   0   0   1   0 | Ser TCT   0   0   0   0   0   0 | Tyr TAT   0   0   0   0   0   0 | Cys TGT   0   0   0   0   1   0
    TTC   2   2   2   2   1   2 |     TCC   1   1   1   1   2   2 |     TAC   3   3   3   3   3   3 |     TGC   2   2   2   2   1   2
Leu TTA   0   0   0   0   0   0 |     TCA   0   0   0   0   0   0 | *** TAA   0   0   0   0   0   0 | *** TGA   0   0   0   0   0   0
    TTG   0   0   0   0   0   0 |     TCG   1   1   1   1   0   0 |     TAG   0   0   0   0   0   0 | Trp TGG   1   1   1   1   1   1
--------------------------------------------------------------------------------------------------------------------------------------
Leu CTT   0   0   0   0   0   0 | Pro CCT   0   0   0   0   1   1 | His CAT   0   0   0   0   1   0 | Arg CGT   0   0   0   0   0   0
    CTC   0   0   0   0   0   0 |     CCC   2   2   2   2   0   1 |     CAC   1   1   1   1   0   1 |     CGC   1   1   1   1   1   1
    CTA   0   0   1   1   0   0 |     CCA   0   0   0   0   0   0 | Gln CAA   0   0   0   0   0   0 |     CGA   0   0   0   0   0   0
    CTG   3   3   2   2   3   3 |     CCG   0   0   0   0   1   0 |     CAG   4   4   4   4   4   4 |     CGG   1   1   1   1   1   1
--------------------------------------------------------------------------------------------------------------------------------------
Ile ATT   0   0   0   0   0   0 | Thr ACT   0   0   0   0   0   0 | Asn AAT   0   0   0   0   0   0 | Ser AGT   0   0   0   0   0   0
    ATC   2   2   2   2   2   2 |     ACC   3   3   3   3   4   3 |     AAC   1   1   1   1   1   1 |     AGC   1   1   1   1   2   1
    ATA   0   0   0   0   0   0 |     ACA   0   0   1   0   0   0 | Lys AAA   1   1   1   1   1   2 | Arg AGA   0   0   0   0   0   0
Met ATG   1   1   1   1   1   2 |     ACG   1   1   0   1   0   1 |     AAG   2   2   2   2   2   1 |     AGG   0   0   0   0   0   0
--------------------------------------------------------------------------------------------------------------------------------------
Val GTT   0   0   0   0   0   0 | Ala GCT   1   0   0   0   0   0 | Asp GAT   0   0   0   0   0   1 | Gly GGT   0   0   1   0   0   0
    GTC   1   1   1   1   1   1 |     GCC   0   1   1   1   1   1 |     GAC   1   1   1   1   2   0 |     GGC   5   5   4   5   3   5
    GTA   0   0   0   0   0   0 |     GCA   0   0   0   0   0   0 | Glu GAA   0   0   0   1   0   0 |     GGA   0   0   0   0   0   0
    GTG   1   1   1   1   1   0 |     GCG   0   0   0   0   0   0 |     GAG   1   1   1   0   0   1 |     GGG   1   1   1   1   2   1
--------------------------------------------------------------------------------------------------------------------------------------

--------------------------------------------------------------------------------------------------------------------------------------
Phe TTT   0   0   0   0   0   0 | Ser TCT   0   0   0   0   0   0 | Tyr TAT   0   0   0   0   0   0 | Cys TGT   0   0   0   0   0   0
    TTC   2   2   2   2   2   2 |     TCC   1   1   1   1   1   1 |     TAC   3   3   3   3   3   3 |     TGC   2   2   2   2   2   2
Leu TTA   0   0   0   0   0   0 |     TCA   0   0   0   0   0   0 | *** TAA   0   0   0   0   0   0 | *** TGA   0   0   0   0   0   0
    TTG   0   1   0   0   0   0 |     TCG   1   1   1   1   1   1 |     TAG   0   0   0   0   0   0 | Trp TGG   1   1   1   1   1   1
--------------------------------------------------------------------------------------------------------------------------------------
Leu CTT   0   0   1   0   0   0 | Pro CCT   0   0   0   0   0   0 | His CAT   0   0   0   0   0   1 | Arg CGT   0   0   0   0   0   0
    CTC   0   0   0   1   0   0 |     CCC   2   2   1   2   2   2 |     CAC   1   1   1   1   1   0 |     CGC   1   1   1   0   1   1
    CTA   0   0   0   0   1   0 |     CCA   0   0   0   0   0   0 | Gln CAA   0   0   0   0   0   0 |     CGA   0   0   0   0   0   0
    CTG   3   2   3   3   2   3 |     CCG   0   0   0   0   0   0 |     CAG   4   4   4   4   4   4 |     CGG   1   1   1   1   1   1
--------------------------------------------------------------------------------------------------------------------------------------
Ile ATT   0   0   0   0   0   0 | Thr ACT   0   0   0   0   0   0 | Asn AAT   0   0   0   0   0   0 | Ser AGT   0   0   0   0   0   0
    ATC   2   2   2   3   2   2 |     ACC   3   3   3   3   3   2 |     AAC   1   1   1   1   1   1 |     AGC   1   1   1   0   1   1
    ATA   0   0   0   0   0   0 |     ACA   1   0   0   0   0   0 | Lys AAA   1   1   1   1   1   1 | Arg AGA   0   0   0   0   0   0
Met ATG   1   1   1   1   1   2 |     ACG   0   1   1   1   1   1 |     AAG   2   2   2   2   2   2 |     AGG   0   0   0   0   0   0
--------------------------------------------------------------------------------------------------------------------------------------
Val GTT   0   0   0   0   0   0 | Ala GCT   1   1   1   1   0   0 | Asp GAT   0   0   0   0   0   0 | Gly GGT   0   0   0   0   1   0
    GTC   1   1   1   1   1   1 |     GCC   0   0   0   0   1   2 |     GAC   1   1   1   1   1   1 |     GGC   5   5   5   5   4   5
    GTA   0   0   0   0   0   0 |     GCA   0   0   0   0   0   0 | Glu GAA   0   0   0   0   0   0 |     GGA   0   0   0   0   0   0
    GTG   1   1   1   1   1   0 |     GCG   0   0   0   0   0   0 |     GAG   1   1   1   1   1   1 |     GGG   1   1   1   1   1   1
--------------------------------------------------------------------------------------------------------------------------------------

--------------------------------------------------------------------------------------------------------------------------------------
Phe TTT   0   0   0   0   0   0 | Ser TCT   0   0   0   0   0   0 | Tyr TAT   0   0   0   0   0   1 | Cys TGT   0   0   0   0   0   0
    TTC   2   2   3   2   2   2 |     TCC   1   1   1   1   2   1 |     TAC   3   3   3   3   3   2 |     TGC   2   2   2   2   2   2
Leu TTA   0   0   0   0   0   0 |     TCA   0   0   0   0   1   0 | *** TAA   0   0   0   0   0   0 | *** TGA   0   0   0   0   0   0
    TTG   0   0   0   0   0   0 |     TCG   1   1   1   1   0   1 |     TAG   0   0   0   0   0   0 | Trp TGG   1   1   1   1   1   1
--------------------------------------------------------------------------------------------------------------------------------------
Leu CTT   0   0   0   2   0   0 | Pro CCT   0   0   0   0   0   0 | His CAT   0   1   0   0   0   0 | Arg CGT   0   0   0   0   0   0
    CTC   0   0   0   0   0   0 |     CCC   2   2   2   1   1   2 |     CAC   1   0   1   1   1   1 |     CGC   1   1   1   1   1   1
    CTA   0   0   0   0   0   0 |     CCA   0   0   0   0   0   0 | Gln CAA   0   0   0   1   0   0 |     CGA   0   0   0   0   0   0
    CTG   3   3   3   2   3   3 |     CCG   0   0   0   0   0   0 |     CAG   4   4   4   3   5   4 |     CGG   1   1   1   1   1   1
--------------------------------------------------------------------------------------------------------------------------------------
Ile ATT   0   0   0   0   0   0 | Thr ACT   0   0   0   0   0   0 | Asn AAT   0   0   0   0   0   0 | Ser AGT   0   0   0   0   0   0
    ATC   2   2   2   2   2   2 |     ACC   3   3   3   3   3   3 |     AAC   1   1   1   1   1   1 |     AGC   1   1   1   1   1   0
    ATA   0   0   0   0   0   0 |     ACA   0   0   0   0   0   0 | Lys AAA   1   1   1   1   1   1 | Arg AGA   0   0   0   0   0   0
Met ATG   1   1   1   2   1   1 |     ACG   1   1   1   1   1   1 |     AAG   2   2   2   2   2   2 |     AGG   0   0   0   0   0   0
--------------------------------------------------------------------------------------------------------------------------------------
Val GTT   0   0   0   0   0   0 | Ala GCT   1   0   1   1   1   1 | Asp GAT   0   0   0   0   0   0 | Gly GGT   0   1   0   0   0   0
    GTC   1   1   0   1   1   2 |     GCC   0   1   0   0   0   0 |     GAC   1   1   1   1   1   1 |     GGC   5   4   5   5   5   5
    GTA   0   0   0   0   0   0 |     GCA   0   0   0   0   0   0 | Glu GAA   0   0   0   0   0   0 |     GGA   0   0   0   0   0   0
    GTG   1   1   1   0   1   1 |     GCG   0   0   0   0   0   0 |     GAG   1   1   1   1   0   1 |     GGG   1   1   1   1   1   1
--------------------------------------------------------------------------------------------------------------------------------------

--------------------------------------------------------------------------------------------------------------------------------------
Phe TTT   0   0   0   0   0   0 | Ser TCT   0   0   0   0   0   0 | Tyr TAT   0   0   1   0   0   0 | Cys TGT   0   0   0   0   0   0
    TTC   2   2   2   2   2   2 |     TCC   1   1   1   1   1   1 |     TAC   3   3   2   3   3   3 |     TGC   2   2   2   2   2   2
Leu TTA   0   0   0   0   0   0 |     TCA   0   1   0   0   1   0 | *** TAA   0   0   0   0   0   0 | *** TGA   0   0   0   0   0   0
    TTG   0   0   0   0   0   1 |     TCG   1   0   1   1   0   1 |     TAG   0   0   0   0   0   0 | Trp TGG   1   1   1   1   1   1
--------------------------------------------------------------------------------------------------------------------------------------
Leu CTT   0   0   0   0   0   0 | Pro CCT   0   1   0   0   0   0 | His CAT   1   1   1   0   0   0 | Arg CGT   0   0   0   0   0   0
    CTC   0   0   0   0   0   0 |     CCC   2   1   2   2   2   2 |     CAC   0   0   0   1   1   1 |     CGC   1   1   1   1   1   1
    CTA   0   0   0   1   0   0 |     CCA   0   0   0   0   0   0 | Gln CAA   0   0   0   0   0   0 |     CGA   0   0   0   0   0   0
    CTG   3   3   3   2   3   2 |     CCG   0   0   0   0   0   0 |     CAG   4   4   4   4   5   4 |     CGG   1   1   1   1   1   1
--------------------------------------------------------------------------------------------------------------------------------------
Ile ATT   0   0   0   1   0   0 | Thr ACT   0   0   0   0   0   0 | Asn AAT   0   0   0   0   0   0 | Ser AGT   0   0   0   0   0   0
    ATC   2   2   2   1   3   2 |     ACC   2   2   3   3   3   3 |     AAC   1   1   1   1   1   1 |     AGC   1   1   1   1   0   1
    ATA   0   0   0   0   0   0 |     ACA   1   1   0   0   0   0 | Lys AAA   1   1   1   1   1   1 | Arg AGA   0   0   0   0   0   0
Met ATG   1   1   1   1   1   1 |     ACG   1   1   1   1   1   1 |     AAG   2   2   2   2   2   2 |     AGG   0   0   0   0   0   0
--------------------------------------------------------------------------------------------------------------------------------------
Val GTT   0   0   0   0   0   0 | Ala GCT   1   1   1   0   1   1 | Asp GAT   0   0   1   0   0   0 | Gly GGT   0   0   0   1   0   0
    GTC   1   1   1   1   1   1 |     GCC   0   0   0   1   0   0 |     GAC   1   1   0   1   1   1 |     GGC   5   5   5   4   5   5
    GTA   0   0   0   0   0   0 |     GCA   0   0   0   0   0   0 | Glu GAA   0   0   0   0   0   0 |     GGA   0   0   0   0   0   0
    GTG   1   1   1   1   1   1 |     GCG   0   0   0   0   0   0 |     GAG   1   1   1   1   0   1 |     GGG   1   1   1   1   1   1
--------------------------------------------------------------------------------------------------------------------------------------

--------------------------------------------------------------------------------------------------------------------------------------
Phe TTT   0   0   0   0   0   0 | Ser TCT   0   0   0   0   0   0 | Tyr TAT   0   0   0   0   0   0 | Cys TGT   0   0   0   0   0   0
    TTC   3   2   2   2   3   2 |     TCC   1   1   1   1   1   1 |     TAC   3   3   3   3   3   3 |     TGC   2   2   2   2   2   2
Leu TTA   0   0   0   0   0   0 |     TCA   0   0   0   1   0   0 | *** TAA   0   0   0   0   0   0 | *** TGA   0   0   0   0   0   0
    TTG   0   0   0   0   0   0 |     TCG   1   1   1   0   1   1 |     TAG   0   0   0   0   0   0 | Trp TGG   1   1   1   1   1   1
--------------------------------------------------------------------------------------------------------------------------------------
Leu CTT   0   0   0   0   0   0 | Pro CCT   0   0   0   0   0   0 | His CAT   1   1   0   0   0   0 | Arg CGT   0   0   0   0   0   0
    CTC   0   0   0   1   0   0 |     CCC   2   2   2   2   2   2 |     CAC   0   0   1   1   1   1 |     CGC   1   1   1   1   1   1
    CTA   0   0   0   0   0   1 |     CCA   0   0   0   0   0   0 | Gln CAA   0   0   0   0   0   0 |     CGA   0   0   0   0   0   0
    CTG   3   3   3   2   3   2 |     CCG   0   0   0   0   0   0 |     CAG   4   4   4   4   4   4 |     CGG   1   1   1   1   1   1
--------------------------------------------------------------------------------------------------------------------------------------
Ile ATT   0   0   0   0   0   0 | Thr ACT   0   0   0   0   0   0 | Asn AAT   0   0   0   0   0   0 | Ser AGT   0   0   0   0   0   0
    ATC   2   2   2   3   2   2 |     ACC   3   3   3   3   3   3 |     AAC   1   1   1   1   1   1 |     AGC   1   1   1   0   1   1
    ATA   0   0   0   0   0   0 |     ACA   0   0   0   0   0   0 | Lys AAA   1   1   1   1   1   1 | Arg AGA   0   0   0   0   0   0
Met ATG   1   1   1   1   1   1 |     ACG   1   1   1   1   1   1 |     AAG   2   2   2   2   2   2 |     AGG   0   0   0   0   0   0
--------------------------------------------------------------------------------------------------------------------------------------
Val GTT   0   0   0   0   0   0 | Ala GCT   0   1   1   1   1   1 | Asp GAT   0   0   0   0   0   0 | Gly GGT   0   0   0   0   0   1
    GTC   0   1   1   1   0   1 |     GCC   1   0   0   0   0   0 |     GAC   1   1   1   1   1   1 |     GGC   5   5   5   5   5   4
    GTA   0   0   0   0   0   0 |     GCA   0   0   0   0   0   0 | Glu GAA   0   0   0   0   0   0 |     GGA   0   1   0   0   0   0
    GTG   1   1   1   1   1   1 |     GCG   0   0   0   0   0   0 |     GAG   1   1   1   1   1   1 |     GGG   1   0   1   1   1   1
--------------------------------------------------------------------------------------------------------------------------------------

--------------------------------------------------------------------------------------------------------------------------------------
Phe TTT   0   0   0   0   0   0 | Ser TCT   0   1   0   0   0   0 | Tyr TAT   0   0   0   0   0   0 | Cys TGT   0   0   0   0   0   0
    TTC   2   2   2   2   2   3 |     TCC   1   1   1   1   1   1 |     TAC   3   3   3   3   3   3 |     TGC   2   2   2   2   2   2
Leu TTA   0   0   0   0   0   0 |     TCA   0   0   0   0   0   1 | *** TAA   0   0   0   0   0   0 | *** TGA   0   0   0   0   0   0
    TTG   0   0   0   0   0   0 |     TCG   1   0   1   1   1   0 |     TAG   0   0   0   0   0   0 | Trp TGG   1   1   1   1   1   1
--------------------------------------------------------------------------------------------------------------------------------------
Leu CTT   0   0   0   1   0   0 | Pro CCT   0   0   0   0   0   1 | His CAT   0   0   1   0   1   0 | Arg CGT   0   0   0   0   0   0
    CTC   0   0   0   0   0   0 |     CCC   2   2   2   1   2   1 |     CAC   1   1   0   1   0   1 |     CGC   1   1   1   1   1   1
    CTA   0   1   0   0   1   0 |     CCA   0   0   0   0   0   0 | Gln CAA   0   0   0   0   1   0 |     CGA   0   0   0   0   0   0
    CTG   3   2   2   3   2   3 |     CCG   0   0   0   0   0   0 |     CAG   4   4   4   4   3   4 |     CGG   1   1   2   1   1   1
--------------------------------------------------------------------------------------------------------------------------------------
Ile ATT   0   0   0   0   0   0 | Thr ACT   0   0   0   1   0   0 | Asn AAT   0   0   0   0   0   0 | Ser AGT   0   0   0   0   0   0
    ATC   3   2   2   2   2   2 |     ACC   3   3   3   2   3   3 |     AAC   1   1   1   1   1   1 |     AGC   0   1   1   1   1   1
    ATA   0   0   0   0   0   0 |     ACA   0   0   0   0   0   0 | Lys AAA   1   1   1   1   1   1 | Arg AGA   0   0   0   0   0   0
Met ATG   1   1   2   1   1   1 |     ACG   1   1   1   1   1   1 |     AAG   2   2   2   2   2   2 |     AGG   0   0   0   0   0   0
--------------------------------------------------------------------------------------------------------------------------------------
Val GTT   0   0   0   0   0   0 | Ala GCT   1   1   0   1   1   1 | Asp GAT   0   0   0   0   0   0 | Gly GGT   0   1   0   0   0   0
    GTC   1   1   1   1   1   0 |     GCC   0   0   1   0   0   0 |     GAC   1   1   1   1   1   1 |     GGC   5   4   5   5   5   5
    GTA   0   0   0   0   1   0 |     GCA   0   0   0   0   0   0 | Glu GAA   0   0   0   0   0   0 |     GGA   0   0   0   0   0   0
    GTG   1   1   0   1   0   1 |     GCG   0   0   0   0   0   0 |     GAG   1   1   1   1   1   1 |     GGG   1   1   1   1   1   1
--------------------------------------------------------------------------------------------------------------------------------------

--------------------------------------------------------------------------------------------------------------------------------------
Phe TTT   0   0   0   0   0   0 | Ser TCT   0   0   0   0   0   0 | Tyr TAT   0   0   0   0   0   0 | Cys TGT   0   0   0   0   0   0
    TTC   2   2   2   2   2   2 |     TCC   1   1   1   1   1   1 |     TAC   3   3   3   3   3   3 |     TGC   2   2   2   2   2   2
Leu TTA   0   0   0   0   0   0 |     TCA   0   0   0   0   0   0 | *** TAA   0   0   0   0   0   0 | *** TGA   0   0   0   0   0   0
    TTG   0   0   0   0   0   0 |     TCG   2   1   1   1   1   1 |     TAG   0   0   0   0   0   0 | Trp TGG   1   1   1   1   1   1
--------------------------------------------------------------------------------------------------------------------------------------
Leu CTT   0   0   0   0   0   0 | Pro CCT   0   0   0   0   0   1 | His CAT   0   0   0   0   0   0 | Arg CGT   0   0   0   0   0   0
    CTC   0   0   0   0   0   0 |     CCC   2   2   2   2   2   1 |     CAC   1   1   1   1   1   1 |     CGC   1   1   1   1   1   1
    CTA   0   0   0   0   0   0 |     CCA   0   0   0   0   0   0 | Gln CAA   0   0   0   0   0   0 |     CGA   0   0   0   0   0   0
    CTG   3   3   3   3   3   3 |     CCG   0   0   0   0   0   0 |     CAG   4   4   4   4   4   4 |     CGG   1   1   1   1   1   1
--------------------------------------------------------------------------------------------------------------------------------------
Ile ATT   0   0   0   0   0   0 | Thr ACT   0   1   0   0   0   0 | Asn AAT   0   0   0   0   0   0 | Ser AGT   0   0   0   0   0   0
    ATC   2   2   2   2   2   2 |     ACC   3   2   3   3   3   3 |     AAC   1   1   1   1   1   1 |     AGC   1   1   1   1   1   1
    ATA   0   0   0   0   0   0 |     ACA   0   0   0   1   0   0 | Lys AAA   1   1   1   1   1   1 | Arg AGA   0   0   0   0   0   0
Met ATG   1   1   1   1   1   1 |     ACG   0   1   1   0   1   1 |     AAG   2   2   2   2   2   2 |     AGG   0   0   0   0   0   0
--------------------------------------------------------------------------------------------------------------------------------------
Val GTT   0   0   0   0   0   0 | Ala GCT   0   0   1   1   1   0 | Asp GAT   0   0   0   0   0   0 | Gly GGT   0   1   0   0   0   0
    GTC   1   1   1   1   1   1 |     GCC   1   1   0   0   0   1 |     GAC   1   1   1   1   1   1 |     GGC   5   4   5   5   5   5
    GTA   0   0   0   0   0   0 |     GCA   0   0   0   0   0   0 | Glu GAA   0   0   0   0   0   0 |     GGA   0   0   0   0   0   0
    GTG   1   1   1   1   1   1 |     GCG   0   0   0   0   0   0 |     GAG   1   1   1   1   1   1 |     GGG   1   1   1   1   1   1
--------------------------------------------------------------------------------------------------------------------------------------

--------------------------------------------------------------------------------------------------------------------------------------
Phe TTT   0   0   0   0   0   0 | Ser TCT   0   0   0   0   0   0 | Tyr TAT   0   0   0   0   0   0 | Cys TGT   0   0   0   0   0   0
    TTC   3   2   2   2   2   2 |     TCC   1   1   1   1   1   1 |     TAC   3   3   3   3   3   3 |     TGC   2   2   2   2   2   2
Leu TTA   0   0   0   0   0   0 |     TCA   0   0   0   0   0   0 | *** TAA   0   0   0   0   0   0 | *** TGA   0   0   0   0   0   0
    TTG   0   0   0   0   0   0 |     TCG   1   1   1   1   1   1 |     TAG   0   0   0   0   0   0 | Trp TGG   1   1   1   1   1   1
--------------------------------------------------------------------------------------------------------------------------------------
Leu CTT   0   0   0   0   0   0 | Pro CCT   0   0   0   0   0   0 | His CAT   1   0   1   1   0   0 | Arg CGT   0   0   0   0   0   0
    CTC   0   1   0   0   0   0 |     CCC   2   2   2   2   2   2 |     CAC   0   1   0   0   1   1 |     CGC   1   1   1   1   1   1
    CTA   0   0   0   0   0   0 |     CCA   0   0   0   0   0   0 | Gln CAA   0   0   0   0   0   0 |     CGA   0   0   0   0   0   0
    CTG   3   2   3   3   3   3 |     CCG   0   0   0   0   0   0 |     CAG   4   4   4   4   4   4 |     CGG   1   1   1   1   1   1
--------------------------------------------------------------------------------------------------------------------------------------
Ile ATT   0   0   0   0   0   0 | Thr ACT   0   0   0   0   1   0 | Asn AAT   0   0   0   0   0   0 | Ser AGT   0   0   0   0   0   0
    ATC   2   3   2   2   2   2 |     ACC   3   3   3   3   2   3 |     AAC   1   1   1   1   1   1 |     AGC   1   0   1   1   1   1
    ATA   0   0   0   0   0   0 |     ACA   0   0   0   0   0   0 | Lys AAA   1   1   1   2   1   1 | Arg AGA   0   0   0   0   0   0
Met ATG   1   1   2   1   1   1 |     ACG   1   1   1   1   1   1 |     AAG   2   2   2   1   2   2 |     AGG   0   0   0   0   0   0
--------------------------------------------------------------------------------------------------------------------------------------
Val GTT   0   0   0   0   0   0 | Ala GCT   0   1   0   0   0   1 | Asp GAT   0   0   0   0   0   0 | Gly GGT   0   0   0   0   1   1
    GTC   0   1   1   1   1   1 |     GCC   1   0   1   1   1   0 |     GAC   1   1   1   1   1   1 |     GGC   5   5   5   5   4   4
    GTA   0   0   0   0   0   0 |     GCA   0   0   0   0   0   0 | Glu GAA   0   0   0   0   0   0 |     GGA   0   0   0   0   0   0
    GTG   1   1   0   1   1   1 |     GCG   0   0   0   0   0   0 |     GAG   1   1   1   1   1   1 |     GGG   1   1   1   1   1   1
--------------------------------------------------------------------------------------------------------------------------------------

--------------------------------------------------------------------------------------------------------------------------------------
Phe TTT   0   0   0   0   0   0 | Ser TCT   1   0   0   0   0   0 | Tyr TAT   0   0   0   0   0   1 | Cys TGT   0   0   0   0   0   0
    TTC   2   2   2   2   2   2 |     TCC   1   2   1   1   1   1 |     TAC   3   3   3   3   3   2 |     TGC   2   2   2   2   2   2
Leu TTA   0   0   0   0   0   0 |     TCA   0   1   0   0   0   0 | *** TAA   0   0   0   0   0   0 | *** TGA   0   0   0   0   0   0
    TTG   0   0   0   0   0   0 |     TCG   0   0   1   1   1   1 |     TAG   0   0   0   0   0   0 | Trp TGG   1   1   1   1   1   1
--------------------------------------------------------------------------------------------------------------------------------------
Leu CTT   0   0   0   0   0   0 | Pro CCT   0   0   0   0   0   0 | His CAT   2   0   0   0   0   0 | Arg CGT   0   0   0   0   0   0
    CTC   0   0   0   0   0   0 |     CCC   2   1   2   2   2   2 |     CAC   0   1   1   1   1   1 |     CGC   1   1   1   2   1   1
    CTA   0   0   0   1   1   1 |     CCA   0   0   0   0   0   0 | Gln CAA   1   0   0   1   0   0 |     CGA   0   0   0   0   0   0
    CTG   3   3   3   2   2   2 |     CCG   0   0   0   0   0   0 |     CAG   2   4   4   3   4   4 |     CGG   1   1   1   0   1   1
--------------------------------------------------------------------------------------------------------------------------------------
Ile ATT   0   0   0   0   0   0 | Thr ACT   0   0   0   0   0   0 | Asn AAT   0   0   0   0   0   0 | Ser AGT   0   0   0   0   0   0
    ATC   2   2   2   2   2   2 |     ACC   3   3   3   3   3   3 |     AAC   1   1   1   1   1   1 |     AGC   1   1   1   1   1   1
    ATA   0   0   0   0   0   0 |     ACA   0   0   0   0   0   0 | Lys AAA   1   1   1   0   1   1 | Arg AGA   0   0   0   0   0   0
Met ATG   1   1   1   1   1   1 |     ACG   1   1   1   1   1   1 |     AAG   2   2   2   3   2   2 |     AGG   0   0   0   0   0   0
--------------------------------------------------------------------------------------------------------------------------------------
Val GTT   0   0   0   0   0   0 | Ala GCT   1   1   1   0   0   0 | Asp GAT   0   0   0   0   0   0 | Gly GGT   0   0   0   0   1   1
    GTC   1   1   1   1   1   1 |     GCC   0   0   0   0   1   1 |     GAC   1   1   1   1   1   1 |     GGC   5   5   5   5   4   4
    GTA   0   0   0   0   0   0 |     GCA   0   0   0   0   0   0 | Glu GAA   0   1   0   1   0   0 |     GGA   0   0   0   0   0   0
    GTG   1   1   1   1   1   1 |     GCG   0   0   0   1   0   0 |     GAG   1   0   1   0   1   1 |     GGG   1   1   1   1   1   1
--------------------------------------------------------------------------------------------------------------------------------------

Codon position x base (3x4) table for each sequence.

#1: Argali         
position  1:    T:0.22222    C:0.26667    A:0.26667    G:0.24444
position  2:    T:0.22222    C:0.20000    A:0.31111    G:0.26667
position  3:    T:0.02222    C:0.57778    A:0.02222    G:0.37778
Average         T:0.15556    C:0.34815    A:0.20000    G:0.29630

#2: LesserMouseDeer
position  1:    T:0.22222    C:0.26667    A:0.26667    G:0.24444
position  2:    T:0.22222    C:0.20000    A:0.31111    G:0.26667
position  3:    T:0.00000    C:0.60000    A:0.02222    G:0.37778
Average         T:0.14815    C:0.35556    A:0.20000    G:0.29630

#3: LesserKudu     
position  1:    T:0.22222    C:0.26667    A:0.26667    G:0.24444
position  2:    T:0.22222    C:0.20000    A:0.31111    G:0.26667
position  3:    T:0.02222    C:0.57778    A:0.06667    G:0.33333
Average         T:0.15556    C:0.34815    A:0.21481    G:0.28148

#4: ForestMuskDeer2
position  1:    T:0.22222    C:0.26667    A:0.26667    G:0.24444
position  2:    T:0.22222    C:0.20000    A:0.31111    G:0.26667
position  3:    T:0.00000    C:0.60000    A:0.06667    G:0.33333
Average         T:0.14815    C:0.35556    A:0.21481    G:0.28148

#5: Camel          
position  1:    T:0.22222    C:0.26667    A:0.28889    G:0.22222
position  2:    T:0.22222    C:0.20000    A:0.31111    G:0.26667
position  3:    T:0.08889    C:0.53333    A:0.02222    G:0.35556
Average         T:0.17778    C:0.33333    A:0.20741    G:0.28148

#6: KillerWhale    
position  1:    T:0.22222    C:0.26667    A:0.28889    G:0.22222
position  2:    T:0.22222    C:0.20000    A:0.31111    G:0.26667
position  3:    T:0.04444    C:0.57778    A:0.04444    G:0.33333
Average         T:0.16296    C:0.34815    A:0.21481    G:0.27407

#7: DefassaWaterbuck
position  1:    T:0.22222    C:0.26667    A:0.26667    G:0.24444
position  2:    T:0.22222    C:0.20000    A:0.31111    G:0.26667
position  3:    T:0.02222    C:0.57778    A:0.04444    G:0.35556
Average         T:0.15556    C:0.34815    A:0.20741    G:0.28889

#8: Sheep          
position  1:    T:0.24444    C:0.24444    A:0.26667    G:0.24444
position  2:    T:0.22222    C:0.20000    A:0.31111    G:0.26667
position  3:    T:0.02222    C:0.57778    A:0.02222    G:0.37778
Average         T:0.16296    C:0.34074    A:0.20000    G:0.29630

#9: MaxwellsDuiker 
position  1:    T:0.22222    C:0.26667    A:0.26667    G:0.24444
position  2:    T:0.24444    C:0.17778    A:0.31111    G:0.26667
position  3:    T:0.04444    C:0.55556    A:0.02222    G:0.37778
Average         T:0.17037    C:0.33333    A:0.20000    G:0.29630

#10: GazellaPrzewalskyi
position  1:    T:0.22222    C:0.26667    A:0.26667    G:0.24444
position  2:    T:0.26667    C:0.20000    A:0.31111    G:0.22222
position  3:    T:0.02222    C:0.57778    A:0.02222    G:0.37778
Average         T:0.17037    C:0.34815    A:0.20000    G:0.28148

#11: MountainNyala  
position  1:    T:0.22222    C:0.26667    A:0.26667    G:0.24444
position  2:    T:0.22222    C:0.20000    A:0.31111    G:0.26667
position  3:    T:0.02222    C:0.57778    A:0.04444    G:0.35556
Average         T:0.15556    C:0.34815    A:0.20741    G:0.28889

#12: MuntiacusMuntjak
position  1:    T:0.22222    C:0.26667    A:0.26667    G:0.24444
position  2:    T:0.22222    C:0.20000    A:0.31111    G:0.26667
position  3:    T:0.02222    C:0.57778    A:0.02222    G:0.37778
Average         T:0.15556    C:0.34815    A:0.20000    G:0.29630

#13: goat           
position  1:    T:0.22222    C:0.26667    A:0.26667    G:0.24444
position  2:    T:0.22222    C:0.20000    A:0.31111    G:0.26667
position  3:    T:0.02222    C:0.57778    A:0.02222    G:0.37778
Average         T:0.15556    C:0.34815    A:0.20000    G:0.29630

#14: AfricanBuffalo 
position  1:    T:0.22222    C:0.26667    A:0.26667    G:0.24444
position  2:    T:0.22222    C:0.20000    A:0.31111    G:0.26667
position  3:    T:0.04444    C:0.55556    A:0.02222    G:0.37778
Average         T:0.16296    C:0.34074    A:0.20000    G:0.29630

#15: Topi           
position  1:    T:0.24444    C:0.26667    A:0.26667    G:0.22222
position  2:    T:0.22222    C:0.20000    A:0.31111    G:0.26667
position  3:    T:0.02222    C:0.57778    A:0.02222    G:0.37778
Average         T:0.16296    C:0.34815    A:0.20000    G:0.28889

#16: CommonDuiker   
position  1:    T:0.22222    C:0.26667    A:0.28889    G:0.22222
position  2:    T:0.24444    C:0.17778    A:0.31111    G:0.26667
position  3:    T:0.06667    C:0.55556    A:0.04444    G:0.33333
Average         T:0.17778    C:0.33333    A:0.21481    G:0.27407

#17: Suni           
position  1:    T:0.24444    C:0.26667    A:0.26667    G:0.22222
position  2:    T:0.22222    C:0.20000    A:0.31111    G:0.26667
position  3:    T:0.02222    C:0.57778    A:0.04444    G:0.35556
Average         T:0.16296    C:0.34815    A:0.20741    G:0.28148

#18: Springbuck     
position  1:    T:0.22222    C:0.26667    A:0.24444    G:0.26667
position  2:    T:0.24444    C:0.20000    A:0.31111    G:0.24444
position  3:    T:0.04444    C:0.55556    A:0.02222    G:0.37778
Average         T:0.17037    C:0.34074    A:0.19259    G:0.29630

#19: Okapi          
position  1:    T:0.22222    C:0.26667    A:0.26667    G:0.24444
position  2:    T:0.22222    C:0.20000    A:0.31111    G:0.26667
position  3:    T:0.04444    C:0.53333    A:0.04444    G:0.37778
Average         T:0.16296    C:0.33333    A:0.20741    G:0.29630

#20: Giraffe        
position  1:    T:0.22222    C:0.26667    A:0.26667    G:0.24444
position  2:    T:0.22222    C:0.20000    A:0.31111    G:0.26667
position  3:    T:0.06667    C:0.51111    A:0.06667    G:0.35556
Average         T:0.17037    C:0.32593    A:0.21481    G:0.28889

#21: TibetanAntelope
position  1:    T:0.22222    C:0.26667    A:0.26667    G:0.24444
position  2:    T:0.22222    C:0.20000    A:0.31111    G:0.26667
position  3:    T:0.08889    C:0.51111    A:0.02222    G:0.37778
Average         T:0.17778    C:0.32593    A:0.20000    G:0.29630

#22: Sitatunga      
position  1:    T:0.22222    C:0.26667    A:0.26667    G:0.24444
position  2:    T:0.22222    C:0.20000    A:0.31111    G:0.26667
position  3:    T:0.04444    C:0.55556    A:0.04444    G:0.35556
Average         T:0.16296    C:0.34074    A:0.20741    G:0.28889

#23: Oribi          
position  1:    T:0.22222    C:0.28889    A:0.26667    G:0.22222
position  2:    T:0.24444    C:0.20000    A:0.31111    G:0.24444
position  3:    T:0.02222    C:0.57778    A:0.04444    G:0.35556
Average         T:0.16296    C:0.35556    A:0.20741    G:0.27407

#24: BarbarySheep   
position  1:    T:0.24444    C:0.24444    A:0.26667    G:0.24444
position  2:    T:0.22222    C:0.20000    A:0.31111    G:0.26667
position  3:    T:0.02222    C:0.57778    A:0.02222    G:0.37778
Average         T:0.16296    C:0.34074    A:0.20000    G:0.29630

#25: Daviddeer      
position  1:    T:0.24444    C:0.26667    A:0.26667    G:0.22222
position  2:    T:0.22222    C:0.20000    A:0.31111    G:0.26667
position  3:    T:0.02222    C:0.57778    A:0.02222    G:0.37778
Average         T:0.16296    C:0.34815    A:0.20000    G:0.28889

#26: Reindeer       
position  1:    T:0.22222    C:0.26667    A:0.26667    G:0.24444
position  2:    T:0.22222    C:0.20000    A:0.31111    G:0.26667
position  3:    T:0.04444    C:0.55556    A:0.04444    G:0.35556
Average         T:0.16296    C:0.34074    A:0.20741    G:0.28889

#27: Ibex           
position  1:    T:0.22222    C:0.26667    A:0.26667    G:0.24444
position  2:    T:0.22222    C:0.20000    A:0.31111    G:0.26667
position  3:    T:0.02222    C:0.57778    A:0.02222    G:0.37778
Average         T:0.15556    C:0.34815    A:0.20000    G:0.29630

#28: GyrantGazelle  
position  1:    T:0.22222    C:0.26667    A:0.26667    G:0.24444
position  2:    T:0.24444    C:0.20000    A:0.31111    G:0.24444
position  3:    T:0.02222    C:0.60000    A:0.04444    G:0.33333
Average         T:0.16296    C:0.35556    A:0.20741    G:0.27407

#29: Hartebeest     
position  1:    T:0.24444    C:0.26667    A:0.26667    G:0.22222
position  2:    T:0.22222    C:0.20000    A:0.31111    G:0.26667
position  3:    T:0.02222    C:0.57778    A:0.02222    G:0.37778
Average         T:0.16296    C:0.34815    A:0.20000    G:0.28889

#30: Bongo          
position  1:    T:0.22222    C:0.26667    A:0.26667    G:0.24444
position  2:    T:0.22222    C:0.20000    A:0.31111    G:0.26667
position  3:    T:0.04444    C:0.55556    A:0.04444    G:0.35556
Average         T:0.16296    C:0.34074    A:0.20741    G:0.28889

#31: Gerenuk        
position  1:    T:0.22222    C:0.26667    A:0.26667    G:0.24444
position  2:    T:0.24444    C:0.20000    A:0.31111    G:0.24444
position  3:    T:0.02222    C:0.57778    A:0.02222    G:0.37778
Average         T:0.16296    C:0.34815    A:0.20000    G:0.28889

#32: CommonEland    
position  1:    T:0.22222    C:0.26667    A:0.26667    G:0.24444
position  2:    T:0.22222    C:0.20000    A:0.31111    G:0.26667
position  3:    T:0.06667    C:0.55556    A:0.04444    G:0.33333
Average         T:0.17037    C:0.34074    A:0.20741    G:0.28148

#33: MuntiacusReevesi
position  1:    T:0.22222    C:0.26667    A:0.28889    G:0.22222
position  2:    T:0.20000    C:0.20000    A:0.31111    G:0.28889
position  3:    T:0.02222    C:0.57778    A:0.02222    G:0.37778
Average         T:0.14815    C:0.34815    A:0.20741    G:0.29630

#34: HarveysDuiker  
position  1:    T:0.22222    C:0.26667    A:0.26667    G:0.24444
position  2:    T:0.24444    C:0.17778    A:0.31111    G:0.26667
position  3:    T:0.06667    C:0.53333    A:0.02222    G:0.37778
Average         T:0.17778    C:0.32593    A:0.20000    G:0.29630

#35: Pronghorn      
position  1:    T:0.22222    C:0.26667    A:0.26667    G:0.24444
position  2:    T:0.22222    C:0.20000    A:0.31111    G:0.26667
position  3:    T:0.04444    C:0.55556    A:0.08889    G:0.31111
Average         T:0.16296    C:0.34074    A:0.22222    G:0.27407

#36: BlueWildebeest 
position  1:    T:0.24444    C:0.26667    A:0.26667    G:0.22222
position  2:    T:0.22222    C:0.20000    A:0.31111    G:0.26667
position  3:    T:0.04444    C:0.55556    A:0.04444    G:0.35556
Average         T:0.17037    C:0.34074    A:0.20741    G:0.28148

#37: Gemsbok        
position  1:    T:0.24444    C:0.26667    A:0.24444    G:0.24444
position  2:    T:0.22222    C:0.20000    A:0.31111    G:0.26667
position  3:    T:0.00000    C:0.60000    A:0.02222    G:0.37778
Average         T:0.15556    C:0.35556    A:0.19259    G:0.29630

#38: Yak            
position  1:    T:0.22222    C:0.26667    A:0.26667    G:0.24444
position  2:    T:0.22222    C:0.20000    A:0.31111    G:0.26667
position  3:    T:0.04444    C:0.55556    A:0.02222    G:0.37778
Average         T:0.16296    C:0.34074    A:0.20000    G:0.29630

#39: BlueSheep      
position  1:    T:0.22222    C:0.26667    A:0.26667    G:0.24444
position  2:    T:0.22222    C:0.20000    A:0.31111    G:0.26667
position  3:    T:0.02222    C:0.57778    A:0.02222    G:0.37778
Average         T:0.15556    C:0.34815    A:0.20000    G:0.29630

#40: BohorReedbuck  
position  1:    T:0.22222    C:0.26667    A:0.26667    G:0.24444
position  2:    T:0.22222    C:0.20000    A:0.31111    G:0.26667
position  3:    T:0.02222    C:0.57778    A:0.04444    G:0.35556
Average         T:0.15556    C:0.34815    A:0.20741    G:0.28889

#41: KirksDik       
position  1:    T:0.22222    C:0.26667    A:0.26667    G:0.24444
position  2:    T:0.22222    C:0.20000    A:0.31111    G:0.26667
position  3:    T:0.02222    C:0.57778    A:0.02222    G:0.37778
Average         T:0.15556    C:0.34815    A:0.20000    G:0.29630

#42: RoeDeer        
position  1:    T:0.22222    C:0.26667    A:0.26667    G:0.24444
position  2:    T:0.22222    C:0.20000    A:0.31111    G:0.26667
position  3:    T:0.02222    C:0.57778    A:0.02222    G:0.37778
Average         T:0.15556    C:0.34815    A:0.20000    G:0.29630

#43: WhiteLippedDeer
position  1:    T:0.24444    C:0.26667    A:0.26667    G:0.22222
position  2:    T:0.22222    C:0.20000    A:0.31111    G:0.26667
position  3:    T:0.02222    C:0.57778    A:0.02222    G:0.37778
Average         T:0.16296    C:0.34815    A:0.20000    G:0.28889

#44: ThomsonGazelle 
position  1:    T:0.22222    C:0.26667    A:0.26667    G:0.24444
position  2:    T:0.24444    C:0.20000    A:0.31111    G:0.24444
position  3:    T:0.02222    C:0.60000    A:0.02222    G:0.35556
Average         T:0.16296    C:0.35556    A:0.20000    G:0.28148

#45: MuntiacusCrinifrons
position  1:    T:0.22222    C:0.26667    A:0.28889    G:0.22222
position  2:    T:0.22222    C:0.20000    A:0.31111    G:0.26667
position  3:    T:0.02222    C:0.57778    A:0.02222    G:0.37778
Average         T:0.15556    C:0.34815    A:0.20741    G:0.28889

#46: WhiteTailedDeer
position  1:    T:0.22222    C:0.26667    A:0.26667    G:0.24444
position  2:    T:0.22222    C:0.20000    A:0.31111    G:0.26667
position  3:    T:0.02222    C:0.57778    A:0.04444    G:0.35556
Average         T:0.15556    C:0.34815    A:0.20741    G:0.28889

#47: Cattle         
position  1:    T:0.22222    C:0.26667    A:0.26667    G:0.24444
position  2:    T:0.22222    C:0.20000    A:0.31111    G:0.26667
position  3:    T:0.04444    C:0.55556    A:0.02222    G:0.37778
Average         T:0.16296    C:0.34074    A:0.20000    G:0.29630

#48: RoyalAntelope  
position  1:    T:0.22222    C:0.26667    A:0.26667    G:0.24444
position  2:    T:0.22222    C:0.20000    A:0.31111    G:0.26667
position  3:    T:0.04444    C:0.55556    A:0.02222    G:0.37778
Average         T:0.16296    C:0.34074    A:0.20000    G:0.29630

#49: Steenbok       
position  1:    T:0.22222    C:0.26667    A:0.26667    G:0.24444
position  2:    T:0.22222    C:0.20000    A:0.31111    G:0.26667
position  3:    T:0.08889    C:0.55556    A:0.04444    G:0.31111
Average         T:0.17778    C:0.34074    A:0.20741    G:0.27407

#50: Impala         
position  1:    T:0.24444    C:0.24444    A:0.26667    G:0.24444
position  2:    T:0.22222    C:0.20000    A:0.31111    G:0.26667
position  3:    T:0.02222    C:0.57778    A:0.06667    G:0.33333
Average         T:0.16296    C:0.34074    A:0.21481    G:0.28148

#51: Klipspringer   
position  1:    T:0.22222    C:0.26667    A:0.26667    G:0.24444
position  2:    T:0.22222    C:0.20000    A:0.31111    G:0.26667
