CODONML (in paml version 4.10.7, June 2023)  /home/rachel/ruminants_paml/6406-phy-tree/ENSBTAT00000020417.fasta.phy
Model: free dN/dS Ratios for branches,  kappa = 2.000 fixed

Codon frequency model: F3x4
ns =  54  ls =  77

Codon usage in sequences
--------------------------------------------------------------------------------------------------------------------------------------
Phe TTT   2   2   2   2   2   2 | Ser TCT   2   2   2   2   2   2 | Tyr TAT   0   0   0   0   0   0 | Cys TGT   0   1   0   0   1   0
    TTC   0   0   0   0   0   0 |     TCC   1   1   1   1   1   1 |     TAC   0   0   0   0   0   0 |     TGC   2   1   2   2   1   2
Leu TTA   1   0   1   1   0   0 |     TCA   0   0   0   0   0   0 | *** TAA   0   0   0   0   0   0 | *** TGA   0   0   0   0   0   0
    TTG   0   1   0   0   1   1 |     TCG   0   0   0   0   0   0 |     TAG   0   0   0   0   0   0 | Trp TGG   1   1   1   1   1   1
--------------------------------------------------------------------------------------------------------------------------------------
Leu CTT   1   1   1   1   1   1 | Pro CCT   0   0   0   0   0   0 | His CAT   0   0   0   0   0   0 | Arg CGT   0   0   0   0   0   0
    CTC   0   0   0   0   0   0 |     CCC   1   1   1   1   1   1 |     CAC   3   3   3   3   3   3 |     CGC   0   0   0   0   0   0
    CTA   0   0   0   0   0   0 |     CCA   2   1   2   2   1   1 | Gln CAA   0   0   0   0   0   0 |     CGA   2   1   1   1   1   1
    CTG   2   2   2   2   2   2 |     CCG   0   1   0   0   1   1 |     CAG   3   3   3   3   3   3 |     CGG   1   2   2   2   2   2
--------------------------------------------------------------------------------------------------------------------------------------
Ile ATT   3   2   3   3   3   3 | Thr ACT   1   1   1   1   1   1 | Asn AAT   2   3   2   2   2   2 | Ser AGT   1   1   1   1   1   1
    ATC   0   1   0   0   0   0 |     ACC   1   1   1   1   1   1 |     AAC   1   0   1   1   1   1 |     AGC   1   1   1   1   1   1
    ATA   0   0   0   0   0   0 |     ACA   1   1   1   1   1   1 | Lys AAA   2   4   2   2   2   2 | Arg AGA   2   2   2   2   2   3
Met ATG   6   6   6   6   6   6 |     ACG   0   0   0   0   0   0 |     AAG   4   2   4   4   4   4 |     AGG   3   3   3   3   3   2
--------------------------------------------------------------------------------------------------------------------------------------
Val GTT   1   1   1   1   1   1 | Ala GCT   0   0   1   1   0   1 | Asp GAT   2   0   1   1   1   1 | Gly GGT   1   1   1   1   1   2
    GTC   1   1   1   1   1   1 |     GCC   2   2   1   1   3   1 |     GAC   1   3   2   2   2   2 |     GGC   3   3   3   3   3   3
    GTA   1   1   1   1   1   1 |     GCA   1   1   1   1   0   1 | Glu GAA   2   2   2   2   2   2 |     GGA   3   3   3   3   3   3
    GTG   1   1   1   1   1   1 |     GCG   0   0   0   0   0   0 |     GAG   3   3   3   3   3   3 |     GGG   3   3   3   3   3   2
--------------------------------------------------------------------------------------------------------------------------------------

--------------------------------------------------------------------------------------------------------------------------------------
Phe TTT   2   2   2   2   2   2 | Ser TCT   2   2   2   2   2   2 | Tyr TAT   0   0   0   0   0   0 | Cys TGT   0   0   0   0   0   0
    TTC   0   0   0   0   0   0 |     TCC   1   1   1   1   1   1 |     TAC   0   0   0   0   0   0 |     TGC   2   2   2   2   2   2
Leu TTA   1   1   1   1   1   1 |     TCA   0   0   0   0   0   0 | *** TAA   0   0   0   0   0   0 | *** TGA   0   0   0   0   0   0
    TTG   0   0   0   0   0   0 |     TCG   0   0   0   0   0   0 |     TAG   0   0   0   0   0   0 | Trp TGG   1   1   1   1   1   1
--------------------------------------------------------------------------------------------------------------------------------------
Leu CTT   1   1   1   1   1   1 | Pro CCT   0   0   0   0   0   0 | His CAT   0   0   0   0   0   0 | Arg CGT   0   0   0   0   0   0
    CTC   0   0   0   0   0   0 |     CCC   1   1   1   1   1   1 |     CAC   3   3   3   3   3   3 |     CGC   0   0   0   0   0   0
    CTA   0   0   0   0   0   0 |     CCA   2   2   1   1   2   2 | Gln CAA   0   0   0   0   0   0 |     CGA   1   2   1   1   1   1
    CTG   2   2   2   2   2   2 |     CCG   0   0   1   1   0   0 |     CAG   3   3   3   3   3   3 |     CGG   2   1   2   2   2   2
--------------------------------------------------------------------------------------------------------------------------------------
Ile ATT   3   3   3   3   3   3 | Thr ACT   1   1   1   1   1   1 | Asn AAT   2   2   2   2   2   2 | Ser AGT   1   1   1   1   1   1
    ATC   0   0   0   0   0   0 |     ACC   1   1   1   1   1   1 |     AAC   1   1   1   1   1   1 |     AGC   1   1   1   1   1   1
    ATA   0   0   0   0   0   0 |     ACA   1   1   1   1   1   1 | Lys AAA   2   2   2   2   2   2 | Arg AGA   1   2   2   2   2   2
Met ATG   6   6   6   6   6   6 |     ACG   0   0   0   0   0   0 |     AAG   4   4   4   4   4   4 |     AGG   4   3   3   3   3   3
--------------------------------------------------------------------------------------------------------------------------------------
Val GTT   1   1   1   1   1   1 | Ala GCT   0   0   0   0   1   0 | Asp GAT   1   2   1   1   1   1 | Gly GGT   1   1   1   1   1   1
    GTC   1   1   1   1   1   1 |     GCC   2   2   2   2   1   2 |     GAC   2   1   2   2   2   2 |     GGC   3   3   3   3   3   3
    GTA   1   1   1   1   1   1 |     GCA   1   1   1   1   1   1 | Glu GAA   2   2   2   2   2   2 |     GGA   3   3   3   3   3   3
    GTG   1   1   1   1   1   1 |     GCG   0   0   0   0   0   0 |     GAG   3   3   3   3   3   3 |     GGG   3   3   3   3   3   3
--------------------------------------------------------------------------------------------------------------------------------------

--------------------------------------------------------------------------------------------------------------------------------------
Phe TTT   2   2   2   2   2   2 | Ser TCT   2   2   2   2   2   2 | Tyr TAT   0   0   0   0   0   0 | Cys TGT   0   0   0   0   1   0
    TTC   0   0   0   0   0   0 |     TCC   1   1   1   1   1   1 |     TAC   0   0   0   0   0   0 |     TGC   2   2   2   2   1   2
Leu TTA   1   1   1   1   1   1 |     TCA   0   0   0   0   0   0 | *** TAA   0   0   0   0   0   0 | *** TGA   0   0   0   0   0   0
    TTG   0   0   0   0   0   0 |     TCG   0   0   0   0   0   0 |     TAG   0   0   0   0   0   0 | Trp TGG   1   1   1   1   1   1
--------------------------------------------------------------------------------------------------------------------------------------
Leu CTT   1   1   1   1   1   1 | Pro CCT   0   0   0   0   0   0 | His CAT   0   0   0   0   0   0 | Arg CGT   0   0   0   0   0   0
    CTC   0   0   0   0   0   0 |     CCC   1   1   1   1   1   1 |     CAC   3   3   3   3   3   3 |     CGC   0   0   0   0   0   0
    CTA   0   0   0   0   0   0 |     CCA   2   2   2   1   2   1 | Gln CAA   0   0   0   0   0   0 |     CGA   2   1   1   1   1   1
    CTG   2   2   2   2   2   2 |     CCG   0   0   0   1   0   1 |     CAG   3   3   3   3   3   3 |     CGG   1   2   2   2   2   2
--------------------------------------------------------------------------------------------------------------------------------------
Ile ATT   3   3   3   3   3   3 | Thr ACT   1   1   1   1   1   1 | Asn AAT   2   2   2   2   2   2 | Ser AGT   1   1   1   1   1   1
    ATC   0   0   0   0   0   0 |     ACC   1   1   1   1   1   1 |     AAC   1   1   1   1   1   1 |     AGC   1   1   1   1   1   1
    ATA   0   0   0   0   0   0 |     ACA   1   1   1   1   1   1 | Lys AAA   2   2   2   2   2   2 | Arg AGA   2   2   2   2   2   2
Met ATG   6   6   6   6   6   6 |     ACG   0   0   0   0   0   0 |     AAG   4   4   4   4   4   4 |     AGG   3   3   3   3   3   3
--------------------------------------------------------------------------------------------------------------------------------------
Val GTT   1   1   1   1   1   1 | Ala GCT   0   0   0   0   1   0 | Asp GAT   2   1   1   1   1   1 | Gly GGT   1   1   1   1   1   2
    GTC   1   1   1   1   1   1 |     GCC   3   2   2   2   1   2 |     GAC   1   2   2   2   2   2 |     GGC   2   3   3   3   3   3
    GTA   1   1   1   1   1   1 |     GCA   1   1   1   1   1   1 | Glu GAA   2   2   2   2   2   2 |     GGA   3   3   3   3   3   3
    GTG   1   1   1   1   1   1 |     GCG   0   0   0   0   0   0 |     GAG   3   3   3   3   3   3 |     GGG   3   3   3   3   3   2
--------------------------------------------------------------------------------------------------------------------------------------

--------------------------------------------------------------------------------------------------------------------------------------
Phe TTT   2   2   2   2   2   2 | Ser TCT   2   2   2   1   2   2 | Tyr TAT   0   0   0   0   0   0 | Cys TGT   0   1   0   0   0   0
    TTC   0   0   0   0   0   0 |     TCC   1   1   1   1   1   1 |     TAC   0   0   0   0   0   0 |     TGC   2   1   2   2   2   2
Leu TTA   1   1   1   1   1   1 |     TCA   0   0   0   0   0   0 | *** TAA   0   0   0   0   0   0 | *** TGA   0   0   0   0   0   0
    TTG   0   0   0   0   0   0 |     TCG   0   0   0   1   0   0 |     TAG   0   0   0   0   0   0 | Trp TGG   1   1   1   1   1   1
--------------------------------------------------------------------------------------------------------------------------------------
Leu CTT   1   1   1   1   1   1 | Pro CCT   1   1   0   0   0   0 | His CAT   0   0   0   0   0   0 | Arg CGT   0   0   0   0   0   0
    CTC   0   0   0   0   0   0 |     CCC   0   0   1   1   1   1 |     CAC   3   3   3   3   3   3 |     CGC   0   0   0   0   0   0
    CTA   0   0   0   0   0   0 |     CCA   2   2   2   2   1   2 | Gln CAA   0   0   0   0   0   0 |     CGA   1   2   1   1   1   2
    CTG   2   2   2   2   2   2 |     CCG   0   0   0   0   1   0 |     CAG   3   3   3   3   3   3 |     CGG   2   1   2   2   2   1
--------------------------------------------------------------------------------------------------------------------------------------
Ile ATT   3   3   3   3   3   3 | Thr ACT   1   1   1   1   1   1 | Asn AAT   2   2   2   2   2   2 | Ser AGT   1   1   1   1   1   1
    ATC   0   0   0   0   0   0 |     ACC   1   1   1   1   1   1 |     AAC   1   1   1   1   1   1 |     AGC   1   1   1   1   1   1
    ATA   0   0   0   0   0   0 |     ACA   1   1   1   1   1   1 | Lys AAA   2   2   2   2   2   2 | Arg AGA   2   2   2   2   2   2
Met ATG   6   6   6   6   6   6 |     ACG   0   0   0   0   0   0 |     AAG   4   4   4   4   4   4 |     AGG   3   3   3   3   3   3
--------------------------------------------------------------------------------------------------------------------------------------
Val GTT   1   1   1   1   1   1 | Ala GCT   0   0   0   1   0   0 | Asp GAT   1   1   2   1   1   2 | Gly GGT   1   1   1   1   2   1
    GTC   1   1   1   1   1   1 |     GCC   2   2   2   1   3   2 |     GAC   2   2   1   2   2   1 |     GGC   3   3   3   3   2   3
    GTA   1   1   1   1   1   1 |     GCA   1   1   1   1   1   1 | Glu GAA   2   2   2   2   2   2 |     GGA   3   3   3   3   3   3
    GTG   1   1   1   1   1   1 |     GCG   0   0   0   0   0   0 |     GAG   3   3   3   3   3   3 |     GGG   3   3   3   3   2   3
--------------------------------------------------------------------------------------------------------------------------------------

--------------------------------------------------------------------------------------------------------------------------------------
Phe TTT   2   2   2   2   2   2 | Ser TCT   2   2   2   2   2   2 | Tyr TAT   0   0   0   0   0   0 | Cys TGT   0   0   0   0   0   0
    TTC   0   0   0   0   0   0 |     TCC   1   1   1   1   1   1 |     TAC   0   0   0   0   0   0 |     TGC   2   2   2   2   2   2
Leu TTA   1   1   1   1   1   1 |     TCA   0   0   0   0   0   0 | *** TAA   0   0   0   0   0   0 | *** TGA   0   0   0   0   0   0
    TTG   0   0   0   0   0   0 |     TCG   0   0   0   0   0   0 |     TAG   0   0   0   0   0   0 | Trp TGG   1   1   1   1   1   1
--------------------------------------------------------------------------------------------------------------------------------------
Leu CTT   1   1   1   1   1   1 | Pro CCT   0   0   0   0   0   0 | His CAT   0   0   1   0   0   0 | Arg CGT   0   0   0   0   0   0
    CTC   0   0   0   0   0   0 |     CCC   1   1   1   1   1   1 |     CAC   3   3   2   3   3   3 |     CGC   0   0   0   0   0   0
    CTA   0   0   0   0   0   0 |     CCA   2   2   2   1   2   2 | Gln CAA   0   0   1   0   0   0 |     CGA   1   1   2   1   1   1
    CTG   2   2   2   2   2   2 |     CCG   0   0   0   1   0   0 |     CAG   3   3   2   3   3   3 |     CGG   2   2   1   2   2   2
--------------------------------------------------------------------------------------------------------------------------------------
Ile ATT   3   3   3   3   3   3 | Thr ACT   1   1   1   1   1   1 | Asn AAT   2   2   2   2   2   2 | Ser AGT   1   1   1   1   1   1
    ATC   0   0   0   0   0   0 |     ACC   1   1   1   1   1   1 |     AAC   1   1   1   1   1   1 |     AGC   1   1   1   1   1   1
    ATA   0   0   0   0   0   0 |     ACA   1   1   1   1   1   1 | Lys AAA   2   2   2   2   2   2 | Arg AGA   2   2   2   2   2   2
Met ATG   6   6   6   6   6   6 |     ACG   0   0   0   0   0   0 |     AAG   4   4   4   4   4   4 |     AGG   3   3   3   3   3   3
--------------------------------------------------------------------------------------------------------------------------------------
Val GTT   1   1   1   1   1   1 | Ala GCT   0   0   0   1   0   1 | Asp GAT   1   1   2   1   1   1 | Gly GGT   1   0   1   2   1   1
    GTC   1   1   1   1   1   1 |     GCC   2   2   2   1   2   1 |     GAC   2   2   1   2   2   2 |     GGC   3   4   3   3   3   3
    GTA   1   1   1   1   1   1 |     GCA   1   1   1   1   1   1 | Glu GAA   2   2   2   2   2   2 |     GGA   4   3   3   3   3   3
    GTG   1   1   1   1   1   1 |     GCG   0   0   0   0   0   0 |     GAG   3   3   3   3   3   3 |     GGG   2   3   3   2   3   3
--------------------------------------------------------------------------------------------------------------------------------------

--------------------------------------------------------------------------------------------------------------------------------------
Phe TTT   2   2   2   2   2   2 | Ser TCT   2   1   2   2   2   2 | Tyr TAT   0   0   0   0   0   0 | Cys TGT   0   0   0   0   0   0
    TTC   0   0   0   0   0   0 |     TCC   1   1   1   1   1   1 |     TAC   0   0   0   0   0   0 |     TGC   2   2   2   2   2   2
Leu TTA   1   1   1   1   1   1 |     TCA   0   0   0   0   0   0 | *** TAA   0   0   0   0   0   0 | *** TGA   0   0   0   0   0   0
    TTG   0   0   0   0   0   0 |     TCG   0   1   0   0   0   0 |     TAG   0   0   0   0   0   0 | Trp TGG   1   1   1   1   1   1
--------------------------------------------------------------------------------------------------------------------------------------
Leu CTT   1   1   1   1   1   1 | Pro CCT   0   0   0   0   0   0 | His CAT   0   0   0   0   2   0 | Arg CGT   0   0   0   0   0   0
    CTC   0   0   0   0   0   0 |     CCC   1   1   1   1   1   1 |     CAC   3   3   3   3   1   3 |     CGC   0   0   0   0   0   0
    CTA   0   0   0   0   0   0 |     CCA   1   2   2   1   2   2 | Gln CAA   0   0   0   0   0   0 |     CGA   1   1   1   1   0   1
    CTG   2   2   2   2   2   2 |     CCG   1   0   0   1   0   0 |     CAG   3   3   3   3   3   3 |     CGG   2   2   2   2   3   2
--------------------------------------------------------------------------------------------------------------------------------------
Ile ATT   3   3   3   3   3   3 | Thr ACT   1   1   1   1   1   1 | Asn AAT   2   2   2   2   2   2 | Ser AGT   1   1   1   1   0   1
    ATC   0   0   0   0   0   0 |     ACC   1   1   1   1   1   1 |     AAC   1   1   1   1   1   1 |     AGC   1   1   1   1   2   1
    ATA   0   0   0   0   0   0 |     ACA   1   1   1   1   1   1 | Lys AAA   2   2   2   2   2   2 | Arg AGA   2   2   2   2   2   2
Met ATG   6   6   6   6   6   6 |     ACG   0   0   0   0   0   0 |     AAG   4   4   4   4   4   4 |     AGG   3   3   3   3   3   3
--------------------------------------------------------------------------------------------------------------------------------------
Val GTT   1   1   1   1   1   1 | Ala GCT   0   1   0   0   0   0 | Asp GAT   1   1   1   1   1   1 | Gly GGT   2   1   1   1   1   1
    GTC   1   1   1   1   1   1 |     GCC   2   1   2   2   2   2 |     GAC   2   2   2   2   2   2 |     GGC   3   3   3   3   3   3
    GTA   1   1   1   1   1   1 |     GCA   1   1   1   1   1   1 | Glu GAA   2   2   2   2   2   2 |     GGA   3   3   3   3   3   3
    GTG   1   1   1   1   1   1 |     GCG   0   0   0   0   0   0 |     GAG   3   3   3   3   3   3 |     GGG   2   3   3   3   3   3
--------------------------------------------------------------------------------------------------------------------------------------

--------------------------------------------------------------------------------------------------------------------------------------
Phe TTT   2   2   2   2   2   2 | Ser TCT   2   1   2   2   2   2 | Tyr TAT   0   0   0   0   0   0 | Cys TGT   0   0   0   0   0   0
    TTC   0   0   0   0   0   0 |     TCC   1   2   1   1   1   1 |     TAC   0   0   0   0   0   0 |     TGC   2   2   2   2   2   2
Leu TTA   1   1   1   1   1   1 |     TCA   0   0   0   0   0   0 | *** TAA   0   0   0   0   0   0 | *** TGA   0   0   0   0   0   0
    TTG   0   0   0   0   0   0 |     TCG   0   0   0   0   0   0 |     TAG   0   0   0   0   0   0 | Trp TGG   1   1   1   1   1   1
--------------------------------------------------------------------------------------------------------------------------------------
Leu CTT   1   1   1   1   1   1 | Pro CCT   0   0   0   0   0   0 | His CAT   0   0   0   0   0   0 | Arg CGT   0   0   0   0   0   0
    CTC   0   0   0   0   0   0 |     CCC   1   1   1   1   1   1 |     CAC   3   3   3   3   3   3 |     CGC   0   0   0   0   0   0
    CTA   0   0   0   0   1   0 |     CCA   2   2   2   2   1   2 | Gln CAA   0   0   0   0   0   1 |     CGA   1   1   2   1   1   0
    CTG   2   2   2   2   1   2 |     CCG   0   0   0   0   1   0 |     CAG   3   3   3   3   3   2 |     CGG   2   2   1   2   2   2
--------------------------------------------------------------------------------------------------------------------------------------
Ile ATT   3   3   3   3   3   3 | Thr ACT   1   1   1   1   1   1 | Asn AAT   2   2   2   2   2   2 | Ser AGT   1   1   1   1   1   1
    ATC   0   0   0   0   0   0 |     ACC   1   1   1   1   1   1 |     AAC   1   1   1   1   1   1 |     AGC   1   1   1   1   1   1
    ATA   0   0   0   0   0   0 |     ACA   1   1   1   1   1   1 | Lys AAA   2   2   2   2   2   2 | Arg AGA   2   2   2   1   2   3
Met ATG   6   6   6   6   6   6 |     ACG   0   0   0   0   0   0 |     AAG   4   4   4   4   4   4 |     AGG   3   3   3   4   3   3
--------------------------------------------------------------------------------------------------------------------------------------
Val GTT   1   1   1   1   1   1 | Ala GCT   0   0   0   0   1   0 | Asp GAT   1   1   2   1   1   1 | Gly GGT   1   1   1   1   1   1
    GTC   1   1   1   1   1   1 |     GCC   2   2   2   2   1   2 |     GAC   2   2   1   2   2   2 |     GGC   3   3   3   3   3   3
    GTA   1   1   1   1   1   1 |     GCA   1   1   1   1   1   1 | Glu GAA   2   2   2   2   2   2 |     GGA   3   3   3   3   4   3
    GTG   1   1   1   1   1   1 |     GCG   0   0   0   0   0   0 |     GAG   3   3   3   3   3   3 |     GGG   3   3   3   3   2   3
--------------------------------------------------------------------------------------------------------------------------------------

--------------------------------------------------------------------------------------------------------------------------------------
Phe TTT   2   2   2   2   2   2 | Ser TCT   2   2   2   2   2   2 | Tyr TAT   0   0   0   0   0   0 | Cys TGT   0   0   0   0   0   0
    TTC   0   0   0   0   0   0 |     TCC   1   1   1   1   1   1 |     TAC   0   0   0   0   0   0 |     TGC   2   2   2   2   2   2
Leu TTA   1   1   1   1   1   1 |     TCA   0   0   0   0   0   0 | *** TAA   0   0   0   0   0   0 | *** TGA   0   0   0   0   0   0
    TTG   0   0   0   0   0   0 |     TCG   0   0   0   0   0   0 |     TAG   0   0   0   0   0   0 | Trp TGG   1   1   1   1   1   1
--------------------------------------------------------------------------------------------------------------------------------------
Leu CTT   1   1   1   1   1   1 | Pro CCT   0   0   0   0   0   0 | His CAT   0   0   0   0   0   0 | Arg CGT   0   0   0   0   0   0
    CTC   0   0   0   0   0   0 |     CCC   1   1   1   1   1   1 |     CAC   3   3   3   3   3   3 |     CGC   0   0   0   0   0   0
    CTA   0   0   1   0   0   0 |     CCA   2   2   2   2   2   2 | Gln CAA   0   0   0   0   0   0 |     CGA   1   1   1   1   1   1
    CTG   2   2   1   2   2   2 |     CCG   0   0   0   0   0   0 |     CAG   3   3   3   3   3   3 |     CGG   2   2   2   2   2   2
--------------------------------------------------------------------------------------------------------------------------------------
Ile ATT   3   3   3   3   2   3 | Thr ACT   1   1   1   1   1   1 | Asn AAT   2   2   2   2   2   3 | Ser AGT   1   1   1   1   1   1
    ATC   0   0   0   0   1   0 |     ACC   1   1   1   1   1   1 |     AAC   1   1   1   1   1   0 |     AGC   1   1   1   1   1   1
    ATA   0   0   0   0   0   0 |     ACA   1   1   1   1   1   1 | Lys AAA   2   2   1   2   2   2 | Arg AGA   2   2   3   2   2   2
Met ATG   6   6   7   6   6   6 |     ACG   0   0   0   0   0   0 |     AAG   4   4   5   4   4   4 |     AGG   3   3   3   3   3   3
--------------------------------------------------------------------------------------------------------------------------------------
Val GTT   1   1   1   1   1   1 | Ala GCT   0   1   0   0   0   0 | Asp GAT   1   1   1   1   1   1 | Gly GGT   1   2   1   0   1   1
    GTC   1   1   1   1   1   1 |     GCC   2   1   2   2   2   2 |     GAC   2   2   2   2   2   2 |     GGC   3   3   3   4   3   3
    GTA   1   1   1   1   1   1 |     GCA   1   1   1   1   1   1 | Glu GAA   2   2   3   2   2   2 |     GGA   4   3   3   3   3   3
    GTG   1   1   0   1   1   1 |     GCG   0   0   0   0   0   0 |     GAG   3   3   1   3   3   3 |     GGG   2   2   3   3   3   3
--------------------------------------------------------------------------------------------------------------------------------------

--------------------------------------------------------------------------------------------------------------------------------------
Phe TTT   2   2   2   2   2   2 | Ser TCT   2   2   2   2   2   2 | Tyr TAT   0   0   0   0   0   0 | Cys TGT   0   0   0   0   0   0
    TTC   0   0   0   0   0   0 |     TCC   1   1   1   1   1   1 |     TAC   0   0   0   0   0   0 |     TGC   2   2   2   2   2   2
Leu TTA   1   1   1   1   1   1 |     TCA   0   0   0   0   0   0 | *** TAA   0   0   0   0   0   0 | *** TGA   0   0   0   0   0   0
    TTG   0   0   0   0   0   0 |     TCG   0   0   0   0   0   0 |     TAG   0   0   0   0   0   0 | Trp TGG   1   1   1   1   1   1
--------------------------------------------------------------------------------------------------------------------------------------
Leu CTT   1   1   1   1   1   1 | Pro CCT   0   0   0   0   0   0 | His CAT   0   0   0   0   0   0 | Arg CGT   0   0   0   0   0   0
    CTC   0   0   0   0   0   0 |     CCC   1   1   1   1   1   1 |     CAC   3   3   3   3   3   3 |     CGC   0   0   0   0   0   0
    CTA   0   0   0   0   0   0 |     CCA   1   2   2   2   2   2 | Gln CAA   0   0   0   0   0   0 |     CGA   1   1   1   1   1   1
    CTG   2   2   2   2   2   2 |     CCG   1   0   0   0   0   0 |     CAG   3   3   3   3   3   3 |     CGG   2   2   2   2   2   2
--------------------------------------------------------------------------------------------------------------------------------------
Ile ATT   3   3   3   3   3   3 | Thr ACT   1   1   1   1   1   1 | Asn AAT   2   2   2   2   2   2 | Ser AGT   1   1   1   1   1   1
    ATC   0   0   0   0   0   0 |     ACC   1   1   1   1   1   1 |     AAC   1   1   1   1   1   1 |     AGC   1   1   1   1   1   1
    ATA   0   0   0   0   0   0 |     ACA   1   1   1   1   1   1 | Lys AAA   2   2   2   2   2   2 | Arg AGA   1   2   2   2   2   2
Met ATG   6   6   6   6   6   6 |     ACG   0   0   0   0   0   0 |     AAG   4   4   4   4   4   4 |     AGG   4   3   3   3   3   3
--------------------------------------------------------------------------------------------------------------------------------------
Val GTT   1   1   1   1   1   1 | Ala GCT   0   0   0   1   1   1 | Asp GAT   1   1   1   1   1   1 | Gly GGT   1   1   1   1   1   1
    GTC   1   1   1   1   1   1 |     GCC   2   2   2   1   1   1 |     GAC   2   2   2   2   2   2 |     GGC   3   3   3   3   3   3
    GTA   1   1   1   1   1   1 |     GCA   1   1   1   1   1   1 | Glu GAA   2   2   2   2   2   2 |     GGA   3   3   3   3   3   3
    GTG   1   1   1   1   1   1 |     GCG   0   0   0   0   0   0 |     GAG   3   3   3   3   3   3 |     GGG   3   3   3   3   3   3
--------------------------------------------------------------------------------------------------------------------------------------

Codon position x base (3x4) table for each sequence.

#1: Argali         
position  1:    T:0.11688    C:0.19481    A:0.36364    G:0.32468
position  2:    T:0.24675    C:0.15584    A:0.29870    G:0.29870
position  3:    T:0.20779    C:0.22078    A:0.22078    G:0.35065
Average         T:0.19048    C:0.19048    A:0.29437    G:0.32468

#2: LesserMouseDeer
position  1:    T:0.11688    C:0.19481    A:0.36364    G:0.32468
position  2:    T:0.24675    C:0.15584    A:0.29870    G:0.29870
position  3:    T:0.19481    C:0.23377    A:0.20779    G:0.36364
Average         T:0.18615    C:0.19481    A:0.29004    G:0.32900

#3: LesserKudu     
position  1:    T:0.11688    C:0.19481    A:0.36364    G:0.32468
position  2:    T:0.24675    C:0.15584    A:0.29870    G:0.29870
position  3:    T:0.20779    C:0.22078    A:0.20779    G:0.36364
Average         T:0.19048    C:0.19048    A:0.29004    G:0.32900

#4: ForestMuskDeer2
position  1:    T:0.11688    C:0.19481    A:0.36364    G:0.32468
position  2:    T:0.24675    C:0.15584    A:0.29870    G:0.29870
position  3:    T:0.20779    C:0.22078    A:0.20779    G:0.36364
Average         T:0.19048    C:0.19048    A:0.29004    G:0.32900

#5: Camel          
position  1:    T:0.11688    C:0.19481    A:0.36364    G:0.32468
position  2:    T:0.24675    C:0.15584    A:0.29870    G:0.29870
position  3:    T:0.20779    C:0.23377    A:0.16883    G:0.38961
Average         T:0.19048    C:0.19481    A:0.27706    G:0.33766

#6: KillerWhale    
position  1:    T:0.11688    C:0.19481    A:0.36364    G:0.32468
position  2:    T:0.24675    C:0.15584    A:0.29870    G:0.29870
position  3:    T:0.22078    C:0.22078    A:0.19481    G:0.36364
Average         T:0.19481    C:0.19048    A:0.28571    G:0.32900

#7: DefassaWaterbuck
position  1:    T:0.11688    C:0.19481    A:0.36364    G:0.32468
position  2:    T:0.24675    C:0.15584    A:0.29870    G:0.29870
position  3:    T:0.19481    C:0.23377    A:0.19481    G:0.37662
Average         T:0.18615    C:0.19481    A:0.28571    G:0.33333

#8: Sheep          
position  1:    T:0.11688    C:0.19481    A:0.36364    G:0.32468
position  2:    T:0.24675    C:0.15584    A:0.29870    G:0.29870
position  3:    T:0.20779    C:0.22078    A:0.22078    G:0.35065
Average         T:0.19048    C:0.19048    A:0.29437    G:0.32468

#9: MaxwellsDuiker 
position  1:    T:0.11688    C:0.19481    A:0.36364    G:0.32468
position  2:    T:0.24675    C:0.15584    A:0.29870    G:0.29870
position  3:    T:0.19481    C:0.23377    A:0.19481    G:0.37662
Average         T:0.18615    C:0.19481    A:0.28571    G:0.33333

#10: GazellaPrzewalskyi
position  1:    T:0.11688    C:0.19481    A:0.36364    G:0.32468
position  2:    T:0.24675    C:0.15584    A:0.29870    G:0.29870
position  3:    T:0.19481    C:0.23377    A:0.19481    G:0.37662
Average         T:0.18615    C:0.19481    A:0.28571    G:0.33333

#11: MountainNyala  
position  1:    T:0.11688    C:0.19481    A:0.36364    G:0.32468
position  2:    T:0.24675    C:0.15584    A:0.29870    G:0.29870
position  3:    T:0.20779    C:0.22078    A:0.20779    G:0.36364
Average         T:0.19048    C:0.19048    A:0.29004    G:0.32900

#12: MuntiacusMuntjak
position  1:    T:0.11688    C:0.19481    A:0.36364    G:0.32468
position  2:    T:0.24675    C:0.15584    A:0.29870    G:0.29870
position  3:    T:0.19481    C:0.23377    A:0.20779    G:0.36364
Average         T:0.18615    C:0.19481    A:0.29004    G:0.32900

#13: goat           
position  1:    T:0.11688    C:0.19481    A:0.36364    G:0.32468
position  2:    T:0.24675    C:0.16883    A:0.29870    G:0.28571
position  3:    T:0.20779    C:0.22078    A:0.22078    G:0.35065
Average         T:0.19048    C:0.19481    A:0.29437    G:0.32035

#14: AfricanBuffalo 
position  1:    T:0.11688    C:0.19481    A:0.36364    G:0.32468
position  2:    T:0.24675    C:0.15584    A:0.29870    G:0.29870
position  3:    T:0.19481    C:0.23377    A:0.20779    G:0.36364
Average         T:0.18615    C:0.19481    A:0.29004    G:0.32900

#15: Topi           
position  1:    T:0.11688    C:0.19481    A:0.36364    G:0.32468
position  2:    T:0.24675    C:0.15584    A:0.29870    G:0.29870
position  3:    T:0.19481    C:0.23377    A:0.20779    G:0.36364
Average         T:0.18615    C:0.19481    A:0.29004    G:0.32900

#16: CommonDuiker   
position  1:    T:0.11688    C:0.19481    A:0.36364    G:0.32468
position  2:    T:0.24675    C:0.15584    A:0.29870    G:0.29870
position  3:    T:0.19481    C:0.23377    A:0.19481    G:0.37662
Average         T:0.18615    C:0.19481    A:0.28571    G:0.33333

#17: Suni           
position  1:    T:0.11688    C:0.19481    A:0.36364    G:0.32468
position  2:    T:0.24675    C:0.15584    A:0.29870    G:0.29870
position  3:    T:0.22078    C:0.20779    A:0.20779    G:0.36364
Average         T:0.19481    C:0.18615    A:0.29004    G:0.32900

#18: Springbuck     
position  1:    T:0.11688    C:0.19481    A:0.36364    G:0.32468
position  2:    T:0.24675    C:0.15584    A:0.29870    G:0.29870
position  3:    T:0.20779    C:0.23377    A:0.19481    G:0.36364
Average         T:0.19048    C:0.19481    A:0.28571    G:0.32900

#19: Okapi          
position  1:    T:0.11688    C:0.19481    A:0.36364    G:0.32468
position  2:    T:0.24675    C:0.15584    A:0.29870    G:0.29870
position  3:    T:0.20779    C:0.22078    A:0.20779    G:0.36364
Average         T:0.19048    C:0.19048    A:0.29004    G:0.32900

#20: Giraffe        
position  1:    T:0.11688    C:0.19481    A:0.36364    G:0.32468
position  2:    T:0.24675    C:0.15584    A:0.29870    G:0.29870
position  3:    T:0.22078    C:0.20779    A:0.22078    G:0.35065
Average         T:0.19481    C:0.18615    A:0.29437    G:0.32468

#21: TibetanAntelope
position  1:    T:0.11688    C:0.19481    A:0.36364    G:0.32468
position  2:    T:0.24675    C:0.15584    A:0.29870    G:0.29870
position  3:    T:0.20779    C:0.22078    A:0.20779    G:0.36364
Average         T:0.19048    C:0.19048    A:0.29004    G:0.32900

#22: Sitatunga      
position  1:    T:0.11688    C:0.19481    A:0.36364    G:0.32468
position  2:    T:0.24675    C:0.15584    A:0.29870    G:0.29870
position  3:    T:0.19481    C:0.22078    A:0.20779    G:0.37662
Average         T:0.18615    C:0.19048    A:0.29004    G:0.33333

#23: Oribi          
position  1:    T:0.11688    C:0.19481    A:0.36364    G:0.32468
position  2:    T:0.24675    C:0.16883    A:0.29870    G:0.28571
position  3:    T:0.20779    C:0.23377    A:0.19481    G:0.36364
Average         T:0.19048    C:0.19913    A:0.28571    G:0.32468

#24: BarbarySheep   
position  1:    T:0.11688    C:0.19481    A:0.36364    G:0.32468
position  2:    T:0.24675    C:0.15584    A:0.29870    G:0.29870
position  3:    T:0.20779    C:0.22078    A:0.22078    G:0.35065
Average         T:0.19048    C:0.19048    A:0.29437    G:0.32468

#25: Daviddeer      
position  1:    T:0.11688    C:0.19481    A:0.36364    G:0.32468
position  2:    T:0.24675    C:0.15584    A:0.29870    G:0.29870
position  3:    T:0.19481    C:0.23377    A:0.22078    G:0.35065
Average         T:0.18615    C:0.19481    A:0.29437    G:0.32468

#26: Reindeer       
position  1:    T:0.11688    C:0.19481    A:0.36364    G:0.32468
position  2:    T:0.24675    C:0.15584    A:0.29870    G:0.29870
position  3:    T:0.18182    C:0.24675    A:0.20779    G:0.36364
Average         T:0.18182    C:0.19913    A:0.29004    G:0.32900

#27: Ibex           
position  1:    T:0.11688    C:0.19481    A:0.36364    G:0.32468
position  2:    T:0.24675    C:0.15584    A:0.29870    G:0.29870
position  3:    T:0.22078    C:0.20779    A:0.23377    G:0.33766
Average         T:0.19481    C:0.18615    A:0.29870    G:0.32035

#28: GyrantGazelle  
position  1:    T:0.11688    C:0.19481    A:0.36364    G:0.32468
position  2:    T:0.24675    C:0.15584    A:0.29870    G:0.29870
position  3:    T:0.22078    C:0.22078    A:0.19481    G:0.36364
Average         T:0.19481    C:0.19048    A:0.28571    G:0.32900

#29: Hartebeest     
position  1:    T:0.11688    C:0.19481    A:0.36364    G:0.32468
position  2:    T:0.24675    C:0.15584    A:0.29870    G:0.29870
position  3:    T:0.19481    C:0.23377    A:0.20779    G:0.36364
Average         T:0.18615    C:0.19481    A:0.29004    G:0.32900

#30: Bongo          
position  1:    T:0.11688    C:0.19481    A:0.36364    G:0.32468
position  2:    T:0.24675    C:0.15584    A:0.29870    G:0.29870
position  3:    T:0.20779    C:0.22078    A:0.20779    G:0.36364
Average         T:0.19048    C:0.19048    A:0.29004    G:0.32900

#31: Gerenuk        
position  1:    T:0.11688    C:0.19481    A:0.36364    G:0.32468
position  2:    T:0.24675    C:0.15584    A:0.29870    G:0.29870
position  3:    T:0.20779    C:0.23377    A:0.19481    G:0.36364
Average         T:0.19048    C:0.19481    A:0.28571    G:0.32900

#32: CommonEland    
position  1:    T:0.11688    C:0.19481    A:0.36364    G:0.32468
position  2:    T:0.24675    C:0.15584    A:0.29870    G:0.29870
position  3:    T:0.19481    C:0.22078    A:0.20779    G:0.37662
Average         T:0.18615    C:0.19048    A:0.29004    G:0.33333

#33: MuntiacusReevesi
position  1:    T:0.11688    C:0.19481    A:0.36364    G:0.32468
position  2:    T:0.24675    C:0.15584    A:0.29870    G:0.29870
position  3:    T:0.19481    C:0.23377    A:0.20779    G:0.36364
Average         T:0.18615    C:0.19481    A:0.29004    G:0.32900

#34: HarveysDuiker  
position  1:    T:0.11688    C:0.19481    A:0.36364    G:0.32468
position  2:    T:0.24675    C:0.15584    A:0.29870    G:0.29870
position  3:    T:0.19481    C:0.23377    A:0.19481    G:0.37662
Average         T:0.18615    C:0.19481    A:0.28571    G:0.33333

#35: Pronghorn      
position  1:    T:0.11688    C:0.19481    A:0.36364    G:0.32468
position  2:    T:0.24675    C:0.15584    A:0.29870    G:0.29870
position  3:    T:0.20779    C:0.22078    A:0.19481    G:0.37662
Average         T:0.19048    C:0.19048    A:0.28571    G:0.33333

#36: BlueWildebeest 
position  1:    T:0.11688    C:0.19481    A:0.36364    G:0.32468
position  2:    T:0.24675    C:0.15584    A:0.29870    G:0.29870
position  3:    T:0.19481    C:0.23377    A:0.20779    G:0.36364
Average         T:0.18615    C:0.19481    A:0.29004    G:0.32900

#37: Gemsbok        
position  1:    T:0.11688    C:0.19481    A:0.36364    G:0.32468
position  2:    T:0.24675    C:0.15584    A:0.29870    G:0.29870
position  3:    T:0.19481    C:0.23377    A:0.20779    G:0.36364
Average         T:0.18615    C:0.19481    A:0.29004    G:0.32900

#38: Yak            
position  1:    T:0.11688    C:0.19481    A:0.36364    G:0.32468
position  2:    T:0.24675    C:0.15584    A:0.29870    G:0.29870
position  3:    T:0.18182    C:0.24675    A:0.20779    G:0.36364
Average         T:0.18182    C:0.19913    A:0.29004    G:0.32900

#39: BlueSheep      
position  1:    T:0.11688    C:0.19481    A:0.36364    G:0.32468
position  2:    T:0.24675    C:0.15584    A:0.29870    G:0.29870
position  3:    T:0.20779    C:0.22078    A:0.22078    G:0.35065
Average         T:0.19048    C:0.19048    A:0.29437    G:0.32468

#40: BohorReedbuck  
position  1:    T:0.11688    C:0.19481    A:0.36364    G:0.32468
position  2:    T:0.24675    C:0.15584    A:0.29870    G:0.29870
position  3:    T:0.19481    C:0.23377    A:0.19481    G:0.37662
Average         T:0.18615    C:0.19481    A:0.28571    G:0.33333

#41: KirksDik       
position  1:    T:0.11688    C:0.19481    A:0.36364    G:0.32468
position  2:    T:0.24675    C:0.15584    A:0.29870    G:0.29870
position  3:    T:0.20779    C:0.22078    A:0.22078    G:0.35065
Average         T:0.19048    C:0.19048    A:0.29437    G:0.32468

#42: RoeDeer        
position  1:    T:0.11688    C:0.18182    A:0.37662    G:0.32468
position  2:    T:0.24675    C:0.15584    A:0.29870    G:0.29870
position  3:    T:0.19481    C:0.23377    A:0.22078    G:0.35065
Average         T:0.18615    C:0.19048    A:0.29870    G:0.32468

#43: WhiteLippedDeer
position  1:    T:0.11688    C:0.19481    A:0.36364    G:0.32468
position  2:    T:0.24675    C:0.15584    A:0.29870    G:0.29870
position  3:    T:0.19481    C:0.23377    A:0.22078    G:0.35065
Average         T:0.18615    C:0.19481    A:0.29437    G:0.32468

#44: ThomsonGazelle 
position  1:    T:0.11688    C:0.19481    A:0.36364    G:0.32468
position  2:    T:0.24675    C:0.15584    A:0.29870    G:0.29870
position  3:    T:0.22078    C:0.22078    A:0.20779    G:0.35065
Average         T:0.19481    C:0.19048    A:0.29004    G:0.32468

#45: MuntiacusCrinifrons
position  1:    T:0.11688    C:0.19481    A:0.38961    G:0.29870
position  2:    T:0.24675    C:0.15584    A:0.28571    G:0.31169
position  3:    T:0.19481    C:0.23377    A:0.23377    G:0.33766
Average         T:0.18615    C:0.19481    A:0.30303    G:0.31602

#46: WhiteTailedDeer
position  1:    T:0.11688    C:0.19481    A:0.36364    G:0.32468
position  2:    T:0.24675    C:0.15584    A:0.29870    G:0.29870
position  3:    T:0.18182    C:0.24675    A:0.20779    G:0.36364
Average         T:0.18182    C:0.19913    A:0.29004    G:0.32900

#47: Cattle         
position  1:    T:0.11688    C:0.19481    A:0.36364    G:0.32468
position  2:    T:0.24675    C:0.15584    A:0.29870    G:0.29870
position  3:    T:0.18182    C:0.24675    A:0.20779    G:0.36364
Average         T:0.18182    C:0.19913    A:0.29004    G:0.32900

#48: RoyalAntelope  
position  1:    T:0.11688    C:0.19481    A:0.36364    G:0.32468
position  2:    T:0.24675    C:0.15584    A:0.29870    G:0.29870
position  3:    T:0.20779    C:0.22078    A:0.20779    G:0.36364
Average         T:0.19048    C:0.19048    A:0.29004    G:0.32900

#49: Steenbok       
position  1:    T:0.11688    C:0.19481    A:0.36364    G:0.32468
position  2:    T:0.24675    C:0.15584    A:0.29870    G:0.29870
position  3:    T:0.19481    C:0.23377    A:0.18182    G:0.38961
Average         T:0.18615    C:0.19481    A:0.28139    G:0.33766

#50: Impala         
position  1:    T:0.11688    C:0.19481    A:0.36364    G:0.32468
position  2:    T:0.24675    C:0.15584    A:0.29870    G:0.29870
position  3:    T:0.19481    C:0.23377    A:0.20779    G:0.36364
Average         T:0.18615    C:0.19481    A:0.29004    G:0.32900

#51: Klipspringer   
position  1:    T:0.11688    C:0.19481    A:0.36364    G:0.32468
position  2:    T:0.24675    C:0.15584    A:0.29870    G:0.29870
