1
52 1
Argali 0.000000 0.318000 0.084200 0.276400 0.089500 0.007500 0.047000 0.042800 0.088800 0.092900 0.023100 0.084700 0.039200 0.055500 0.088200 0.074800 0.141800 0.092600 0.026400 0.092500 0.043300 0.015300 0.071300 0.103700 0.011500 0.046900 0.033900 0.084500 0.047400 0.088400 0.087900 0.055300 0.209500 0.043100 0.035100 0.093200 0.011500 0.076400 0.071600 0.092000 0.079300 0.050900 0.096700 0.075300 0.093200 0.059000 0.059400 0.081100 0.071800 0.098100 0.080100 0.092600
LesserMous 0.318000 0.000000 0.318600 0.473300 0.359300 0.315500 0.345300 0.316100 0.327200 0.338300 0.339900 0.298200 0.319100 0.330000 0.346100 0.390000 0.319600 0.314100 0.313900 0.330900 0.338000 0.331500 0.320800 0.343500 0.321000 0.344400 0.313600 0.321200 0.332100 0.325600 0.331600 0.319700 0.347400 0.301500 0.323800 0.328600 0.320800 0.344800 0.347800 0.323600 0.342800 0.339500 0.336500 0.308800 0.339900 0.325900 0.341000 0.349900 0.359500 0.320600 0.326300 0.320500
LesserKudu 0.084200 0.318600 0.000000 0.306400 0.085300 0.083800 0.084200 0.067200 0.015500 0.123000 0.101000 0.080900 0.084500 0.079400 0.088300 0.112600 0.159600 0.100500 0.100400 0.019200 0.080400 0.092300 0.092000 0.099600 0.088000 0.092200 0.088800 0.011600 0.084700 0.015400 0.118200 0.084500 0.234400 0.097200 0.088600 0.098100 0.079600 0.089200 0.092700 0.104500 0.108800 0.088000 0.126800 0.087700 0.098000 0.096600 0.088700 0.085500 0.088700 0.102300 0.015400 0.027100
KillerWhal 0.276400 0.473300 0.306400 0.000000 0.334500 0.264100 0.300200 0.302900 0.313300 0.301300 0.297300 0.263300 0.316600 0.287600 0.322700 0.349100 0.301700 0.251200 0.274600 0.311200 0.307800 0.274900 0.283400 0.287400 0.280300 0.316200 0.310900 0.301200 0.302600 0.295200 0.295200 0.300900 0.378300 0.298900 0.314300 0.302600 0.279800 0.312500 0.313500 0.299300 0.291000 0.321100 0.306500 0.267500 0.302400 0.316800 0.290500 0.327700 0.325300 0.337500 0.306500 0.315800
DefassaWat 0.089500 0.359300 0.085300 0.334500 0.000000 0.089000 0.080900 0.076300 0.089900 0.138100 0.101700 0.097500 0.098500 0.081400 0.115100 0.109700 0.190600 0.128700 0.105800 0.093600 0.077200 0.097700 0.097600 0.130800 0.089000 0.084800 0.094200 0.085600 0.081500 0.089500 0.132700 0.081300 0.253500 0.102700 0.089600 0.103500 0.093200 0.027700 0.081100 0.130600 0.114500 0.076400 0.141900 0.093100 0.103500 0.101900 0.085500 0.094100 0.098300 0.117200 0.089700 0.102400
Sheep 0.007500 0.315500 0.083800 0.264100 0.089000 0.000000 0.046800 0.042600 0.088400 0.092500 0.023000 0.084300 0.039000 0.051100 0.087800 0.074400 0.141000 0.092100 0.026000 0.092100 0.043100 0.015300 0.070900 0.094700 0.011400 0.046700 0.034900 0.084100 0.047100 0.088000 0.087500 0.055100 0.208300 0.042900 0.034900 0.092700 0.011400 0.076000 0.071200 0.091500 0.078900 0.050700 0.096300 0.075000 0.092800 0.058800 0.059200 0.080700 0.063200 0.097600 0.079700 0.092200
MaxwellsDu 0.047000 0.345300 0.084200 0.300200 0.080900 0.046800 0.000000 0.034800 0.088800 0.110100 0.063100 0.093500 0.063500 0.031200 0.088200 0.066500 0.159800 0.101100 0.062700 0.092500 0.035200 0.054900 0.071300 0.112200 0.050800 0.046800 0.059400 0.084500 0.039200 0.088400 0.105100 0.031100 0.239300 0.067600 0.059300 0.093500 0.050800 0.059700 0.047000 0.100400 0.083500 0.042800 0.113900 0.083600 0.093500 0.050900 0.043200 0.081000 0.055200 0.106700 0.080100 0.101100
GazellaPrz 0.042800 0.316100 0.067200 0.302900 0.076300 0.042600 0.034800 0.000000 0.075800 0.100900 0.058800 0.088300 0.043000 0.035000 0.083400 0.054100 0.149900 0.092100 0.058500 0.079500 0.023200 0.050700 0.062800 0.094600 0.046600 0.034700 0.047000 0.071500 0.027200 0.075400 0.095900 0.034900 0.228200 0.055000 0.046900 0.088700 0.038700 0.063500 0.050800 0.083100 0.070600 0.030800 0.104700 0.074900 0.088700 0.062700 0.038900 0.076400 0.054900 0.097500 0.067200 0.087800
MountainNy 0.088800 0.327200 0.015500 0.313300 0.089900 0.088400 0.088800 0.075800 0.000000 0.124300 0.105800 0.076900 0.097800 0.080900 0.093000 0.126100 0.161200 0.101600 0.105100 0.015400 0.085000 0.097000 0.092900 0.117800 0.092700 0.096900 0.093500 0.007700 0.089400 0.011600 0.119000 0.089100 0.241900 0.102000 0.093200 0.102900 0.092600 0.093900 0.097400 0.114300 0.109900 0.092700 0.128100 0.088600 0.102900 0.101300 0.093400 0.090200 0.097700 0.103300 0.011600 0.023300
MuntiacusM 0.092900 0.338300 0.123000 0.301300 0.138100 0.092500 0.110100 0.100900 0.124300 0.000000 0.109900 0.098200 0.114900 0.105700 0.127700 0.130400 0.141700 0.105400 0.100600 0.119300 0.106200 0.092500 0.055000 0.082800 0.096800 0.109600 0.110600 0.119800 0.110800 0.123700 0.007700 0.110400 0.223000 0.119200 0.114600 0.124400 0.096700 0.119700 0.127600 0.071300 0.063000 0.113900 0.011500 0.054900 0.124400 0.105500 0.097600 0.147500 0.128000 0.106500 0.115100 0.137000
goat 0.023100 0.339900 0.101000 0.297300 0.101700 0.023000 0.063100 0.058800 0.105800 0.109900 0.000000 0.101600 0.055200 0.071800 0.105000 0.091100 0.159600 0.109400 0.042500 0.109500 0.059400 0.030900 0.087800 0.120600 0.011400 0.054800 0.051100 0.101400 0.063600 0.105300 0.104800 0.071600 0.208600 0.059200 0.042900 0.101600 0.026900 0.088500 0.088100 0.108800 0.096000 0.067100 0.113700 0.091900 0.101600 0.075300 0.075800 0.098000 0.080000 0.115300 0.096800 0.109600
AfricanBuf 0.084700 0.298200 0.080900 0.263300 0.097500 0.084300 0.093500 0.088300 0.076900 0.098200 0.101600 0.000000 0.097900 0.085500 0.101900 0.130700 0.134200 0.084900 0.088100 0.085000 0.089100 0.084300 0.072100 0.100800 0.088500 0.101300 0.093700 0.077000 0.093500 0.080900 0.092900 0.093300 0.221600 0.102200 0.097700 0.068600 0.088500 0.090000 0.110400 0.097200 0.088600 0.096800 0.102100 0.071900 0.068600 0.101600 0.088800 0.112500 0.119900 0.121400 0.081100 0.093600
Topi 0.039200 0.319100 0.084500 0.316600 0.098500 0.039000 0.063500 0.043000 0.097800 0.114900 0.055200 0.097900 0.000000 0.063900 0.097000 0.083300 0.142300 0.101400 0.054900 0.101400 0.051600 0.047000 0.084000 0.108300 0.043000 0.063300 0.003800 0.093400 0.055700 0.097300 0.109900 0.063700 0.225500 0.019300 0.031100 0.097900 0.035000 0.085200 0.080100 0.096500 0.092300 0.059200 0.118700 0.088100 0.097900 0.075700 0.067900 0.090000 0.076200 0.093900 0.088900 0.093000
CommonDuik 0.055500 0.330000 0.079400 0.287600 0.081400 0.051100 0.031200 0.035000 0.080900 0.105700 0.071800 0.085500 0.063900 0.000000 0.080300 0.075100 0.155400 0.096600 0.071400 0.084600 0.035400 0.063400 0.066300 0.103300 0.059300 0.047100 0.059800 0.076600 0.035400 0.080500 0.100600 0.027300 0.229900 0.068000 0.059600 0.094100 0.059300 0.068500 0.047300 0.095700 0.082900 0.043100 0.109500 0.078900 0.094100 0.059300 0.039300 0.081600 0.051400 0.102000 0.072200 0.093200
Suni 0.088200 0.346100 0.088300 0.322700 0.115100 0.087800 0.088200 0.083400 0.093000 0.127700 0.105000 0.101900 0.097000 0.080300 0.000000 0.125200 0.169000 0.109600 0.104300 0.096700 0.084300 0.096300 0.091000 0.120800 0.092000 0.087700 0.092800 0.088700 0.088400 0.084200 0.122600 0.088400 0.249500 0.101200 0.092500 0.110600 0.092000 0.101700 0.096600 0.109100 0.096700 0.083500 0.131600 0.100600 0.110600 0.100600 0.092700 0.115300 0.088300 0.124300 0.092800 0.105300
Springbuck 0.074800 0.390000 0.112600 0.349100 0.109700 0.074400 0.066500 0.054100 0.126100 0.130400 0.091100 0.130700 0.083300 0.075100 0.125200 0.000000 0.190100 0.129700 0.090600 0.129800 0.054700 0.082700 0.099400 0.132600 0.078500 0.058200 0.087500 0.121700 0.042800 0.125500 0.125200 0.074900 0.261400 0.095800 0.087200 0.122400 0.070300 0.096400 0.091300 0.111900 0.107800 0.062300 0.134200 0.111900 0.122500 0.095200 0.070800 0.109800 0.095700 0.144800 0.117000 0.138600
Okapi 0.141800 0.319600 0.159600 0.301700 0.190600 0.141000 0.159800 0.149900 0.161200 0.141700 0.159600 0.134200 0.142300 0.155400 0.169000 0.190100 0.000000 0.066700 0.140600 0.151000 0.156100 0.141100 0.136200 0.161800 0.145500 0.159100 0.137800 0.151600 0.160700 0.155700 0.136400 0.160500 0.184200 0.151400 0.151100 0.157200 0.145500 0.175400 0.169400 0.153800 0.145100 0.163800 0.145500 0.135900 0.166400 0.173200 0.146700 0.181600 0.179100 0.134300 0.146600 0.151000
Giraffe 0.092600 0.314100 0.100500 0.251200 0.128700 0.092100 0.101100 0.092100 0.101600 0.105400 0.109400 0.084900 0.101400 0.096600 0.109600 0.129700 0.066700 0.000000 0.091900 0.100900 0.097200 0.083800 0.087600 0.112200 0.096300 0.100600 0.097200 0.092800 0.101500 0.096800 0.100400 0.101400 0.168100 0.110000 0.101200 0.106400 0.096300 0.115000 0.109800 0.104400 0.104500 0.104900 0.109200 0.087500 0.106400 0.113700 0.097100 0.129000 0.118700 0.119600 0.088300 0.109500
TibetanAnt 0.026400 0.313900 0.100400 0.274600 0.105800 0.026000 0.062700 0.058500 0.105100 0.100600 0.042500 0.088100 0.054900 0.071400 0.104300 0.090600 0.140600 0.091900 0.000000 0.108700 0.059000 0.034600 0.078900 0.111300 0.030700 0.062600 0.050700 0.100700 0.063200 0.104600 0.095600 0.071200 0.207600 0.058800 0.054700 0.100800 0.030700 0.092600 0.079300 0.099600 0.087000 0.066700 0.104400 0.082900 0.100800 0.070700 0.075400 0.097300 0.087900 0.110200 0.096200 0.108800
Sitatunga 0.092500 0.330900 0.019200 0.311200 0.093600 0.092100 0.092500 0.079500 0.015400 0.119300 0.109500 0.085000 0.101400 0.084600 0.096700 0.129800 0.151000 0.100900 0.108700 0.000000 0.088700 0.100700 0.088200 0.121500 0.096300 0.100600 0.097200 0.007700 0.093100 0.011300 0.114000 0.092800 0.245400 0.105700 0.096900 0.106600 0.096300 0.097600 0.101100 0.118000 0.105100 0.096300 0.123100 0.092300 0.106500 0.105000 0.088700 0.093900 0.101400 0.098400 0.011500 0.023100
Oribi 0.043300 0.338000 0.080400 0.307800 0.077200 0.043100 0.035200 0.023200 0.085000 0.106200 0.059400 0.089100 0.051600 0.035400 0.084300 0.054700 0.156100 0.097200 0.059000 0.088700 0.000000 0.051200 0.067500 0.108200 0.047100 0.027200 0.047500 0.080700 0.019500 0.084600 0.101000 0.035300 0.235900 0.055600 0.047400 0.081200 0.047100 0.064200 0.051300 0.096600 0.075300 0.023200 0.110000 0.079800 0.081200 0.063400 0.039300 0.068900 0.059600 0.102900 0.076300 0.097300
BarbaryShe 0.015300 0.331500 0.092300 0.274900 0.097700 0.015300 0.054900 0.050700 0.097000 0.092500 0.030900 0.084300 0.047000 0.063400 0.096300 0.082700 0.141100 0.083800 0.034600 0.100700 0.051200 0.000000 0.075100 0.103200 0.019100 0.054800 0.043000 0.092600 0.055300 0.096500 0.087500 0.063300 0.208300 0.051000 0.042900 0.092800 0.019100 0.084500 0.079600 0.091600 0.083100 0.058800 0.096300 0.075000 0.092800 0.067000 0.059200 0.089200 0.079900 0.102100 0.088200 0.100800
Daviddeer 0.071300 0.320800 0.092000 0.283400 0.097600 0.070900 0.071300 0.062800 0.092900 0.055000 0.087800 0.072100 0.084000 0.066300 0.091000 0.099400 0.136200 0.087600 0.078900 0.088200 0.067500 0.075100 0.000000 0.066100 0.075100 0.079200 0.079900 0.088600 0.071700 0.092500 0.050000 0.071500 0.212600 0.088200 0.083800 0.088900 0.075000 0.084500 0.088000 0.050400 0.015200 0.075100 0.058800 0.038500 0.088900 0.075100 0.055200 0.106400 0.092400 0.084300 0.084200 0.101000
Reindeer 0.103700 0.343500 0.099600 0.287400 0.130800 0.094700 0.112200 0.094600 0.117800 0.082800 0.120600 0.100800 0.108300 0.103300 0.120800 0.132600 0.161800 0.112200 0.111300 0.121500 0.108200 0.103200 0.066100 0.000000 0.107500 0.120300 0.112600 0.113400 0.112700 0.117300 0.074000 0.112400 0.210200 0.121100 0.116500 0.109300 0.098900 0.117300 0.112200 0.062000 0.074200 0.115900 0.078300 0.042200 0.109300 0.103300 0.108600 0.148900 0.108200 0.122100 0.108800 0.130200
Ibex 0.011500 0.321000 0.088000 0.280300 0.089000 0.011400 0.050800 0.046600 0.092700 0.096800 0.011400 0.088500 0.043000 0.059300 0.092000 0.078500 0.145500 0.096300 0.030700 0.096300 0.047100 0.019100 0.075100 0.107500 0.000000 0.042700 0.039000 0.088400 0.051200 0.092200 0.091700 0.059100 0.203100 0.046900 0.030900 0.097000 0.015300 0.076100 0.075400 0.095800 0.083100 0.054700 0.100600 0.079100 0.097100 0.062900 0.063300 0.084900 0.075600 0.102000 0.083900 0.096400
GyrantGaze 0.046900 0.344400 0.092200 0.316200 0.084800 0.046700 0.046800 0.034700 0.096900 0.109600 0.054800 0.101300 0.063300 0.047100 0.087700 0.058200 0.159100 0.100600 0.062600 0.100600 0.027200 0.054800 0.079200 0.120300 0.042700 0.000000 0.059200 0.092600 0.031200 0.096400 0.104600 0.047000 0.227900 0.067400 0.050900 0.093100 0.050700 0.071900 0.063000 0.108500 0.087300 0.011400 0.113400 0.091600 0.093200 0.075200 0.051100 0.080700 0.063100 0.114900 0.088100 0.108800
Hartebeest 0.033900 0.313600 0.088800 0.310900 0.094200 0.034900 0.059400 0.047000 0.093500 0.110600 0.051100 0.093700 0.003800 0.059800 0.092800 0.087500 0.137800 0.097200 0.050700 0.097200 0.047500 0.043000 0.079900 0.112600 0.039000 0.059200 0.000000 0.089200 0.051700 0.093000 0.105500 0.059700 0.220500 0.015400 0.027200 0.093600 0.039000 0.081000 0.076000 0.100800 0.088000 0.055200 0.114400 0.084000 0.093600 0.071600 0.063800 0.085700 0.076200 0.089700 0.084700 0.088800
Bongo 0.084500 0.321200 0.011600 0.301200 0.085600 0.084100 0.084500 0.071500 0.007700 0.119800 0.101400 0.077000 0.093400 0.076600 0.088700 0.121700 0.151600 0.092800 0.100700 0.007700 0.080700 0.092600 0.088600 0.113400 0.088400 0.092600 0.089200 0.000000 0.085000 0.003800 0.114600 0.084800 0.236500 0.097600 0.088900 0.098500 0.088300 0.089500 0.093000 0.109900 0.105500 0.088400 0.123600 0.084300 0.098400 0.097000 0.089100 0.085800 0.093300 0.098900 0.003800 0.014600
Gerenuk 0.047400 0.332100 0.084700 0.302600 0.081500 0.047100 0.039200 0.027200 0.089400 0.110800 0.063600 0.093500 0.055700 0.035400 0.088400 0.042800 0.160700 0.101500 0.063200 0.093100 0.019500 0.055300 0.071700 0.112700 0.051200 0.031200 0.051700 0.085000 0.000000 0.088900 0.105700 0.031300 0.230700 0.059800 0.051500 0.085600 0.051200 0.068500 0.055500 0.101000 0.079700 0.027200 0.114600 0.084100 0.085600 0.067600 0.035300 0.073200 0.063800 0.107400 0.080600 0.101700
CommonElan 0.088400 0.325600 0.015400 0.295200 0.089500 0.088000 0.088400 0.075400 0.011600 0.123700 0.105300 0.080900 0.097300 0.080500 0.084200 0.125500 0.155700 0.096800 0.104600 0.011300 0.084600 0.096500 0.092500 0.117300 0.092200 0.096400 0.093000 0.003800 0.088900 0.000000 0.118500 0.088700 0.240600 0.101500 0.092800 0.102400 0.092200 0.093400 0.096900 0.113800 0.109400 0.092200 0.127500 0.088200 0.102300 0.100800 0.093000 0.089700 0.097200 0.102800 0.007700 0.019200
MuntiacusR 0.087900 0.331600 0.118200 0.295200 0.132700 0.087500 0.105100 0.095900 0.119000 0.007700 0.104800 0.092900 0.109900 0.100600 0.122600 0.125200 0.136400 0.100400 0.095600 0.114000 0.101000 0.087500 0.050000 0.074000 0.091700 0.104600 0.105500 0.114600 0.105700 0.118500 0.000000 0.105300 0.212700 0.114100 0.109400 0.119200 0.091500 0.114400 0.122400 0.063000 0.054600 0.108800 0.011500 0.050100 0.119200 0.100400 0.092300 0.142200 0.118700 0.101400 0.109900 0.131200
HarveysDui 0.055300 0.319700 0.084500 0.300900 0.081300 0.055100 0.031100 0.034900 0.089100 0.110400 0.071600 0.093300 0.063700 0.027300 0.088400 0.074900 0.160500 0.101400 0.071200 0.092800 0.035300 0.063300 0.071500 0.112400 0.059100 0.047000 0.059700 0.084800 0.031300 0.088700 0.105300 0.000000 0.230200 0.067800 0.059500 0.093800 0.059100 0.068300 0.039100 0.100700 0.087900 0.043000 0.114200 0.083900 0.093800 0.059100 0.035200 0.072900 0.055400 0.107100 0.080400 0.101400
Pronghorn 0.209500 0.347400 0.234400 0.378300 0.253500 0.208300 0.239300 0.228200 0.241900 0.223000 0.208600 0.221600 0.225500 0.229900 0.249500 0.261400 0.184200 0.168100 0.207600 0.245400 0.235900 0.208300 0.212600 0.210200 0.203100 0.227900 0.220500 0.236500 0.230700 0.240600 0.212700 0.230200 0.000000 0.240700 0.204900 0.227100 0.213000 0.236800 0.240000 0.217100 0.232300 0.243500 0.216900 0.202500 0.237100 0.233500 0.214600 0.254900 0.250600 0.226400 0.230800 0.245800
BlueWildeb 0.043100 0.301500 0.097200 0.298900 0.102700 0.042900 0.067600 0.055000 0.102000 0.119200 0.059200 0.102200 0.019300 0.068000 0.101200 0.095800 0.151400 0.110000 0.058800 0.105700 0.055600 0.051000 0.088200 0.121100 0.046900 0.067400 0.015400 0.097600 0.059800 0.101500 0.114100 0.067800 0.240700 0.000000 0.043000 0.102100 0.046900 0.089400 0.084300 0.109300 0.096400 0.063300 0.123000 0.092300 0.102200 0.079800 0.072000 0.094300 0.084500 0.089600 0.093100 0.097200
Gemsbok 0.035100 0.323800 0.088600 0.314300 0.089600 0.034900 0.059300 0.046900 0.093200 0.114600 0.042900 0.097700 0.031100 0.059600 0.092500 0.087200 0.151100 0.101200 0.054700 0.096900 0.047400 0.042900 0.083800 0.116500 0.030900 0.050900 0.027200 0.088900 0.051500 0.092800 0.109400 0.059500 0.204900 0.043000 0.000000 0.097700 0.038900 0.076500 0.075800 0.096400 0.091900 0.055000 0.118400 0.079600 0.097700 0.071400 0.063600 0.085500 0.076000 0.102600 0.084400 0.097100
Yak 0.093200 0.328600 0.098100 0.302600 0.103500 0.092700 0.093500 0.088700 0.102900 0.124400 0.101600 0.068600 0.097900 0.094100 0.110600 0.122400 0.157200 0.106400 0.100800 0.106600 0.081200 0.092800 0.088900 0.109300 0.097000 0.093100 0.093600 0.098500 0.085600 0.102400 0.119200 0.093800 0.227100 0.102100 0.097700 0.000000 0.097000 0.090000 0.102000 0.114400 0.105800 0.088900 0.128200 0.088700 0.007800 0.105600 0.089600 0.086300 0.115400 0.121100 0.102600 0.115400
BlueSheep 0.011500 0.320800 0.079600 0.279800 0.093200 0.011400 0.050800 0.038700 0.092600 0.096700 0.026900 0.088500 0.035000 0.059300 0.092000 0.070300 0.145500 0.096300 0.030700 0.096300 0.047100 0.019100 0.075000 0.098900 0.015300 0.050700 0.039000 0.088300 0.051200 0.092200 0.091500 0.059100 0.213000 0.046900 0.038900 0.097000 0.000000 0.080200 0.075400 0.087300 0.082900 0.054700 0.100500 0.079100 0.097000 0.062800 0.063300 0.084900 0.071500 0.102000 0.083900 0.096400
BohorReedb 0.076400 0.344800 0.089200 0.312500 0.027700 0.076000 0.059700 0.063500 0.093900 0.119700 0.088500 0.090000 0.085200 0.068500 0.101700 0.096400 0.175400 0.115000 0.092600 0.097600 0.064200 0.084500 0.084500 0.117300 0.076100 0.071900 0.081000 0.089500 0.068500 0.093400 0.114400 0.068300 0.236800 0.089400 0.076500 0.090000 0.080200 0.000000 0.076500 0.114200 0.096800 0.063700 0.123500 0.080100 0.090000 0.088700 0.072500 0.086200 0.093600 0.107700 0.093600 0.106300
KirksDik 0.071600 0.347800 0.092700 0.313500 0.081100 0.071200 0.047000 0.050800 0.097400 0.127600 0.088100 0.110400 0.080100 0.047300 0.096600 0.091300 0.169400 0.109800 0.079300 0.101100 0.051300 0.079600 0.088000 0.112200 0.075400 0.063000 0.076000 0.093000 0.055500 0.096900 0.122400 0.039100 0.240000 0.084300 0.075800 0.102000 0.075400 0.076500 0.000000 0.117600 0.104700 0.050900 0.131400 0.092000 0.102100 0.075400 0.059400 0.072600 0.059300 0.106700 0.088500 0.109700
RoeDeer 0.092000 0.323600 0.104500 0.299300 0.130600 0.091500 0.100400 0.083100 0.114300 0.071300 0.108800 0.097200 0.096500 0.095700 0.109100 0.111900 0.153800 0.104400 0.099600 0.118000 0.096600 0.091600 0.050400 0.062000 0.095800 0.108500 0.100800 0.109900 0.101000 0.113800 0.063000 0.100700 0.217100 0.109300 0.096400 0.114400 0.087300 0.114200 0.117600 0.000000 0.058400 0.104200 0.071000 0.038500 0.114400 0.087400 0.096500 0.136900 0.105000 0.101400 0.105300 0.126800
WhiteLippe 0.079300 0.342800 0.108800 0.291000 0.114500 0.078900 0.083500 0.070600 0.109900 0.063000 0.096000 0.088600 0.092300 0.082900 0.096700 0.107800 0.145100 0.104500 0.087000 0.105100 0.075300 0.083100 0.015200 0.074200 0.083100 0.087300 0.088000 0.105500 0.079700 0.109400 0.054600 0.087900 0.232300 0.096400 0.091900 0.105800 0.082900 0.096800 0.104700 0.058400 0.000000 0.083400 0.066800 0.046200 0.105800 0.091500 0.071100 0.123600 0.109400 0.092600 0.100900 0.118000
ThomsonGaz 0.050900 0.339500 0.088000 0.321100 0.076400 0.050700 0.042800 0.030800 0.092700 0.113900 0.067100 0.096800 0.059200 0.043100 0.083500 0.062300 0.163800 0.104900 0.066700 0.096300 0.023200 0.058800 0.075100 0.115900 0.054700 0.011400 0.055200 0.088400 0.027200 0.092200 0.108800 0.043000 0.243500 0.063300 0.055000 0.088900 0.054700 0.063700 0.050900 0.104200 0.083400 0.000000 0.117700 0.087400 0.088900 0.071000 0.047000 0.076600 0.059000 0.110600 0.083900 0.104500
MuntiacusC 0.096700 0.336500 0.126800 0.306500 0.141900 0.096300 0.113900 0.104700 0.128100 0.011500 0.113700 0.102100 0.118700 0.109500 0.131600 0.134200 0.145500 0.109200 0.104400 0.123100 0.110000 0.096300 0.058800 0.078300 0.100600 0.113400 0.114400 0.123600 0.114600 0.127500 0.011500 0.114200 0.216900 0.123000 0.118400 0.128200 0.100500 0.123500 0.131400 0.071000 0.066800 0.117700 0.000000 0.058700 0.128200 0.109300 0.101400 0.151300 0.131900 0.110300 0.118900 0.140800
WhiteTaile 0.075300 0.308800 0.087700 0.267500 0.093100 0.075000 0.083600 0.074900 0.088600 0.054900 0.091900 0.071900 0.088100 0.078900 0.100600 0.111900 0.135900 0.087500 0.082900 0.092300 0.079800 0.075000 0.038500 0.042200 0.079100 0.091600 0.084000 0.084300 0.084100 0.088200 0.050100 0.083900 0.202500 0.092300 0.079600 0.088700 0.079100 0.080100 0.092000 0.038500 0.046200 0.087400 0.058700 0.000000 0.088700 0.079200 0.079700 0.119300 0.100800 0.093000 0.079900 0.100900
Cattle 0.093200 0.339900 0.098000 0.302400 0.103500 0.092800 0.093500 0.088700 0.102900 0.124400 0.101600 0.068600 0.097900 0.094100 0.110600 0.122500 0.166400 0.106400 0.100800 0.106500 0.081200 0.092800 0.088900 0.109300 0.097100 0.093200 0.093600 0.098400 0.085600 0.102300 0.119200 0.093800 0.237100 0.102200 0.097700 0.007800 0.097000 0.090000 0.102100 0.114400 0.105800 0.088900 0.128200 0.088700 0.000000 0.105600 0.089600 0.077800 0.115400 0.121100 0.102600 0.115400
RoyalAntel 0.059000 0.325900 0.096600 0.316800 0.101900 0.058800 0.050900 0.062700 0.101300 0.105500 0.075300 0.101600 0.075700 0.059300 0.100600 0.095200 0.173200 0.113700 0.070700 0.105000 0.063400 0.067000 0.075100 0.103300 0.062900 0.075200 0.071600 0.097000 0.067600 0.100800 0.100400 0.059100 0.233500 0.079800 0.071400 0.105600 0.062800 0.088700 0.075400 0.087400 0.091500 0.071000 0.109300 0.079200 0.105600 0.000000 0.063300 0.102000 0.075600 0.110400 0.092500 0.105100
Steenbok 0.059400 0.341000 0.088700 0.290500 0.085500 0.059200 0.043200 0.038900 0.093400 0.097600 0.075800 0.088800 0.067900 0.039300 0.092700 0.070800 0.146700 0.097100 0.075400 0.088700 0.039300 0.059200 0.055200 0.108600 0.063300 0.051100 0.063800 0.089100 0.035300 0.093000 0.092300 0.035200 0.214600 0.072000 0.063600 0.089600 0.063300 0.072500 0.059400 0.096500 0.071100 0.047000 0.101400 0.079700 0.089600 0.063300 0.000000 0.085600 0.067800 0.098300 0.084600 0.101500
Impala 0.081100 0.349900 0.085500 0.327700 0.094100 0.080700 0.081000 0.076400 0.090200 0.147500 0.098000 0.112500 0.090000 0.081600 0.115300 0.109800 0.181600 0.129000 0.097300 0.093900 0.068900 0.089200 0.106400 0.148900 0.084900 0.080700 0.085700 0.085800 0.073200 0.089700 0.142200 0.072900 0.254900 0.094300 0.085500 0.086300 0.084900 0.086200 0.072600 0.136900 0.123600 0.076600 0.151300 0.119300 0.077800 0.102000 0.085600 0.000000 0.094000 0.108500 0.089900 0.094000
Klipspring 0.071800 0.359500 0.088700 0.325300 0.098300 0.063200 0.055200 0.054900 0.097700 0.128000 0.080000 0.119900 0.076200 0.051400 0.088300 0.095700 0.179100 0.118700 0.087900 0.101400 0.059600 0.079900 0.092400 0.108200 0.075600 0.063100 0.076200 0.093300 0.063800 0.097200 0.118700 0.055400 0.250600 0.084500 0.076000 0.115400 0.071500 0.093600 0.059300 0.105000 0.109400 0.059000 0.131900 0.100800 0.115400 0.075600 0.067800 0.094000 0.000000 0.111300 0.088800 0.110000
ForestMusk 0.098100 0.320600 0.102300 0.337500 0.117200 0.097600 0.106700 0.097500 0.103300 0.106500 0.115300 0.121400 0.093900 0.102000 0.124300 0.144800 0.134300 0.119600 0.110200 0.098400 0.102900 0.102100 0.084300 0.122100 0.102000 0.114900 0.089700 0.098900 0.107400 0.102800 0.101400 0.107100 0.226400 0.089600 0.102600 0.121100 0.102000 0.107700 0.106700 0.101400 0.092600 0.110600 0.110300 0.093000 0.121100 0.110400 0.098300 0.108500 0.111300 0.000000 0.094300 0.098400
Bushbuck 0.080100 0.326300 0.015400 0.306500 0.089700 0.079700 0.080100 0.067200 0.011600 0.115100 0.096800 0.081100 0.088900 0.072200 0.092800 0.117000 0.146600 0.088300 0.096200 0.011500 0.076300 0.088200 0.084200 0.108800 0.083900 0.088100 0.084700 0.003800 0.080600 0.007700 0.109900 0.080400 0.230800 0.093100 0.084400 0.102600 0.083900 0.093600 0.088500 0.105300 0.100900 0.083900 0.118900 0.079900 0.102600 0.092500 0.084600 0.089900 0.088800 0.094300 0.000000 0.019300
GreaterKud 0.092600 0.320500 0.027100 0.315800 0.102400 0.092200 0.101100 0.087800 0.023300 0.137000 0.109600 0.093600 0.093000 0.093200 0.105300 0.138600 0.151000 0.109500 0.108800 0.023100 0.097300 0.100800 0.101000 0.130200 0.096400 0.108800 0.088800 0.014600 0.101700 0.019200 0.131200 0.101400 0.245800 0.097200 0.097100 0.115400 0.096400 0.106300 0.109700 0.126800 0.118000 0.104500 0.140800 0.100900 0.115400 0.105100 0.101500 0.094000 0.110000 0.098400 0.019300 0.000000
