1
52 1
Argali 0.000000 0.137400 0.060700 0.173900 0.019000 0.000000 0.057700 0.059500 0.060700 0.060500 0.000200 0.060400 0.059000 0.019000 0.019100 0.064100 0.107400 0.060900 0.018900 0.039400 0.058900 0.000100 0.039300 0.059500 0.018800 0.079100 0.081700 0.039300 0.042100 0.039300 0.060500 0.019000 0.061000 0.101600 0.101700 0.039300 0.000200 0.019000 0.038100 0.100800 0.039300 0.019000 0.060500 0.019000 0.060900 0.038200 0.058100 0.039500 0.060700 0.059300 0.039300 0.060700
LesserMous 0.137400 0.000000 0.118500 0.186000 0.114500 0.137400 0.162900 0.193700 0.118500 0.118100 0.137800 0.117700 0.166800 0.114100 0.114000 0.174400 0.149000 0.119200 0.113000 0.091600 0.167100 0.137700 0.091400 0.115600 0.165600 0.192300 0.200900 0.091500 0.147000 0.091500 0.118100 0.113900 0.119100 0.225500 0.224100 0.091500 0.137700 0.114500 0.136800 0.163500 0.091400 0.113100 0.118100 0.115700 0.118900 0.137500 0.163800 0.143800 0.118500 0.168900 0.091500 0.118500
LesserKudu 0.060700 0.118500 0.000000 0.216400 0.040600 0.060700 0.082000 0.084800 0.000100 0.041600 0.060900 0.041600 0.084000 0.040600 0.040500 0.092100 0.088700 0.041900 0.040000 0.020300 0.084000 0.060900 0.020300 0.040900 0.083100 0.105800 0.109600 0.020300 0.068700 0.020300 0.041600 0.040400 0.041900 0.083700 0.130700 0.020300 0.060800 0.040600 0.060500 0.083300 0.020300 0.040100 0.041600 0.040900 0.041900 0.061000 0.082500 0.063300 0.041800 0.084500 0.020300 0.000100
KillerWhal 0.173900 0.186000 0.216400 0.000000 0.153700 0.173900 0.203900 0.208300 0.216900 0.215400 0.175300 0.213900 0.157400 0.152100 0.151200 0.152900 0.222200 0.187200 0.147000 0.184500 0.207900 0.175300 0.183600 0.209200 0.204900 0.231300 0.124400 0.184800 0.182600 0.184800 0.215400 0.150600 0.215800 0.205200 0.150100 0.184800 0.173700 0.153700 0.174300 0.259800 0.183600 0.147600 0.215400 0.209200 0.158200 0.175200 0.096800 0.126300 0.216600 0.150000 0.184800 0.216900
DefassaWat 0.019000 0.114500 0.040600 0.153700 0.000000 0.019000 0.038900 0.039700 0.040400 0.040500 0.019100 0.040400 0.039400 0.000100 0.000100 0.044800 0.086000 0.040700 0.000300 0.019800 0.039400 0.019100 0.019700 0.039700 0.039000 0.059600 0.061500 0.020100 0.021800 0.020100 0.040500 0.000100 0.040700 0.081400 0.081200 0.019700 0.019100 0.000000 0.019000 0.081200 0.019700 0.000300 0.040500 0.039800 0.040600 0.019100 0.038800 0.019800 0.040500 0.039600 0.019700 0.040400
Sheep 0.000000 0.137400 0.060700 0.173900 0.019000 0.000000 0.057700 0.059500 0.060700 0.060500 0.000200 0.060400 0.059000 0.019000 0.019100 0.064100 0.107400 0.060900 0.018900 0.039400 0.058900 0.000100 0.039300 0.059500 0.018800 0.079100 0.081700 0.039300 0.042100 0.039300 0.060500 0.019000 0.061000 0.101600 0.101700 0.039300 0.000200 0.019000 0.038100 0.100800 0.039300 0.019000 0.060500 0.019000 0.060900 0.038200 0.058100 0.039500 0.060700 0.059300 0.039300 0.060700
MaxwellsDu 0.057700 0.162900 0.082000 0.203900 0.038900 0.057700 0.000000 0.080500 0.081600 0.081700 0.058000 0.081500 0.079700 0.038500 0.038500 0.088200 0.130600 0.082200 0.038100 0.060000 0.079800 0.057900 0.059700 0.080500 0.079000 0.100900 0.103500 0.059500 0.065900 0.059500 0.081700 0.038400 0.082300 0.123800 0.123200 0.059500 0.057800 0.038400 0.057800 0.123000 0.059700 0.038200 0.081700 0.080500 0.081800 0.058000 0.078600 0.059900 0.081700 0.038500 0.059500 0.081600
GazellaPrz 0.059500 0.193700 0.084800 0.208300 0.039700 0.059500 0.080500 0.000000 0.084800 0.084500 0.059800 0.084300 0.082200 0.039700 0.039600 0.044500 0.086400 0.085000 0.052600 0.061800 0.039700 0.059700 0.061700 0.083100 0.081300 0.060000 0.107000 0.061700 0.021800 0.061700 0.084500 0.039500 0.085100 0.127900 0.127800 0.061700 0.059600 0.039700 0.019100 0.126800 0.061700 0.039300 0.084500 0.083100 0.085000 0.059800 0.081100 0.061800 0.084800 0.082700 0.061700 0.084800
MountainNy 0.060700 0.118500 0.000100 0.216900 0.040400 0.060700 0.081600 0.084800 0.000000 0.041600 0.060900 0.041600 0.083900 0.040500 0.040500 0.092700 0.088600 0.041900 0.040000 0.020300 0.084000 0.060800 0.020300 0.040800 0.083000 0.105700 0.109500 0.020200 0.069300 0.020200 0.041600 0.040400 0.041900 0.083600 0.129900 0.020200 0.060700 0.040400 0.060500 0.083200 0.020300 0.040200 0.041600 0.040800 0.041700 0.061000 0.082400 0.063300 0.041600 0.084400 0.020600 0.000000
MuntiacusM 0.060500 0.118100 0.041600 0.215400 0.040500 0.060500 0.081700 0.084500 0.041600 0.000000 0.060700 0.041400 0.083600 0.040400 0.040400 0.091700 0.088400 0.041800 0.040000 0.020300 0.083600 0.060600 0.020800 0.040700 0.082700 0.105400 0.109100 0.020200 0.068300 0.020200 0.000000 0.040300 0.041800 0.130200 0.130200 0.020200 0.060600 0.040500 0.060400 0.083000 0.020300 0.040000 0.000000 0.040700 0.041800 0.060900 0.082300 0.063100 0.041700 0.084100 0.020200 0.041600
goat 0.000200 0.137800 0.060900 0.175300 0.019100 0.000200 0.058000 0.059800 0.060900 0.060700 0.000000 0.060600 0.059200 0.019100 0.019200 0.064300 0.107800 0.061100 0.018900 0.039500 0.059100 0.000100 0.039500 0.059700 0.018700 0.079700 0.082100 0.039500 0.042200 0.039500 0.060700 0.019000 0.061000 0.102000 0.102100 0.039500 0.000200 0.019100 0.038000 0.101500 0.039500 0.019100 0.060700 0.019000 0.061100 0.038300 0.058300 0.039700 0.060900 0.059500 0.039500 0.060900
AfricanBuf 0.060400 0.117700 0.041600 0.213900 0.040400 0.060400 0.081500 0.084300 0.041600 0.041400 0.060600 0.000000 0.083400 0.040400 0.040300 0.091100 0.088200 0.041700 0.039700 0.020200 0.083600 0.060500 0.020200 0.040600 0.082600 0.105100 0.105900 0.020200 0.067900 0.020200 0.041400 0.040200 0.041700 0.129700 0.129600 0.020200 0.060400 0.040400 0.060200 0.082700 0.020200 0.039900 0.041400 0.040700 0.041700 0.060700 0.082000 0.062900 0.000100 0.084000 0.020200 0.041600
Topi 0.059000 0.166800 0.084000 0.157400 0.039400 0.059000 0.079700 0.082200 0.083900 0.083600 0.059200 0.083400 0.000000 0.039400 0.039400 0.042800 0.134000 0.084400 0.038900 0.061500 0.081300 0.059100 0.061100 0.082300 0.080700 0.102900 0.019700 0.061200 0.066200 0.061200 0.083600 0.039300 0.084400 0.039000 0.081300 0.061200 0.059100 0.039400 0.058800 0.126300 0.061100 0.039100 0.083600 0.082400 0.084400 0.059400 0.038400 0.061400 0.083900 0.082000 0.061200 0.083900
CommonDuik 0.019000 0.114100 0.040600 0.152100 0.000100 0.019000 0.038500 0.039700 0.040500 0.040400 0.019100 0.040400 0.039400 0.000000 0.000200 0.044300 0.085800 0.040700 0.000400 0.019800 0.039400 0.019100 0.019700 0.039700 0.039000 0.059500 0.061400 0.019700 0.021300 0.019700 0.040400 0.000200 0.040600 0.081300 0.081400 0.019700 0.019100 0.000100 0.018900 0.081200 0.019700 0.000400 0.040400 0.039700 0.040700 0.019100 0.038700 0.019800 0.040600 0.039600 0.019700 0.040500
Suni 0.019100 0.114000 0.040500 0.151200 0.000100 0.019100 0.038500 0.039600 0.040500 0.040400 0.019200 0.040300 0.039400 0.000200 0.000000 0.043700 0.085800 0.040700 0.000400 0.019700 0.039400 0.019100 0.019700 0.039700 0.039000 0.059400 0.061400 0.019700 0.020800 0.019700 0.040400 0.000200 0.040600 0.081300 0.081500 0.019700 0.019100 0.000100 0.018800 0.080900 0.019700 0.000500 0.040400 0.039700 0.040700 0.019000 0.038700 0.019800 0.040600 0.039600 0.019700 0.040500
Springbuck 0.064100 0.174400 0.092100 0.152900 0.044800 0.064100 0.088200 0.044500 0.092700 0.091700 0.064300 0.091100 0.042800 0.044300 0.043700 0.000000 0.144600 0.092000 0.041400 0.067700 0.045300 0.065000 0.067500 0.090500 0.087200 0.069800 0.066300 0.068500 0.018800 0.068500 0.091700 0.043100 0.090500 0.088400 0.090100 0.068500 0.064000 0.044800 0.022000 0.123700 0.067500 0.049400 0.091700 0.090400 0.093500 0.064700 0.042200 0.067400 0.092700 0.088900 0.068500 0.092700
Okapi 0.107400 0.149000 0.088700 0.222200 0.086000 0.107400 0.130600 0.086400 0.088600 0.088400 0.107800 0.088200 0.134000 0.085800 0.085800 0.144600 0.000000 0.042100 0.084900 0.064600 0.134000 0.107500 0.064300 0.086700 0.132800 0.157800 0.136600 0.064400 0.119600 0.064400 0.088400 0.085700 0.089300 0.186800 0.158100 0.064400 0.107500 0.086000 0.107000 0.132200 0.064300 0.085300 0.088400 0.086700 0.065000 0.107800 0.131500 0.087400 0.088700 0.109500 0.064400 0.088600
Giraffe 0.060900 0.119200 0.041900 0.187200 0.040700 0.060900 0.082200 0.085000 0.041900 0.041800 0.061100 0.041700 0.084400 0.040700 0.040700 0.092000 0.042100 0.000000 0.040100 0.020400 0.084100 0.061000 0.020300 0.041000 0.083400 0.106200 0.085900 0.020300 0.068400 0.020300 0.041800 0.040500 0.042100 0.131600 0.106900 0.020300 0.060900 0.040700 0.060600 0.083800 0.020300 0.040300 0.041800 0.041000 0.020600 0.061300 0.082800 0.041300 0.041900 0.062000 0.020300 0.041900
TibetanAnt 0.018900 0.113000 0.040000 0.147000 0.000300 0.018900 0.038100 0.052600 0.040000 0.040000 0.018900 0.039700 0.038900 0.000400 0.000400 0.041400 0.084900 0.040100 0.000000 0.019200 0.038700 0.018900 0.019400 0.039200 0.038600 0.058700 0.060700 0.019400 0.018600 0.019400 0.040000 0.000300 0.039800 0.080400 0.080600 0.019400 0.018900 0.000300 0.018500 0.080000 0.019400 0.000700 0.040000 0.039300 0.040200 0.018700 0.038300 0.019600 0.040000 0.039200 0.019400 0.040000
Sitatunga 0.039400 0.091600 0.020300 0.184500 0.019800 0.039400 0.060000 0.061800 0.020300 0.020300 0.039500 0.020200 0.061500 0.019800 0.019700 0.067700 0.064600 0.020400 0.019200 0.000000 0.061300 0.039500 0.000200 0.019800 0.060600 0.082400 0.085500 0.000100 0.044400 0.000100 0.020300 0.019600 0.020300 0.106200 0.106300 0.000100 0.039500 0.019800 0.039300 0.061000 0.000200 0.019200 0.020300 0.019900 0.020400 0.039600 0.060300 0.041100 0.020300 0.061500 0.000100 0.020300
Oribi 0.058900 0.167100 0.084000 0.207900 0.039400 0.058900 0.079800 0.039700 0.084000 0.083600 0.059100 0.083600 0.081300 0.039400 0.039400 0.045300 0.134000 0.084100 0.038700 0.061300 0.000000 0.059100 0.061000 0.082200 0.080500 0.059500 0.105700 0.061100 0.022400 0.061100 0.083600 0.039200 0.084300 0.126300 0.126100 0.061100 0.059000 0.039400 0.019000 0.125100 0.061000 0.039100 0.083600 0.082200 0.084200 0.059200 0.080200 0.061300 0.084000 0.081900 0.061100 0.084000
BarbaryShe 0.000100 0.137700 0.060900 0.175300 0.019100 0.000100 0.057900 0.059700 0.060800 0.060600 0.000100 0.060500 0.059100 0.019100 0.019100 0.065000 0.107500 0.061000 0.018900 0.039500 0.059100 0.000000 0.039400 0.059600 0.018800 0.079600 0.081900 0.039400 0.042900 0.039400 0.060600 0.019000 0.061000 0.101800 0.101800 0.039400 0.000100 0.019100 0.038000 0.101400 0.039400 0.019000 0.060600 0.019100 0.061000 0.038300 0.058200 0.039600 0.060800 0.059400 0.039400 0.060800
Daviddeer 0.039300 0.091400 0.020300 0.183600 0.019700 0.039300 0.059700 0.061700 0.020300 0.020800 0.039500 0.020200 0.061100 0.019700 0.019700 0.067500 0.064300 0.020300 0.019400 0.000200 0.061000 0.039400 0.000000 0.019800 0.060400 0.082000 0.084900 0.000100 0.044400 0.000100 0.020500 0.019600 0.020200 0.105500 0.105700 0.000100 0.039400 0.019700 0.039200 0.060800 0.000000 0.019200 0.020100 0.019900 0.020300 0.039600 0.060100 0.040900 0.020300 0.061400 0.000100 0.020300
Reindeer 0.059500 0.115600 0.040900 0.209200 0.039700 0.059500 0.080500 0.083100 0.040800 0.040700 0.059700 0.040600 0.082300 0.039700 0.039700 0.090500 0.086700 0.041000 0.039200 0.019800 0.082200 0.059600 0.019800 0.000000 0.081400 0.104100 0.107300 0.019800 0.067400 0.019800 0.040700 0.039500 0.040900 0.128200 0.128300 0.019800 0.059600 0.039700 0.059400 0.081900 0.019800 0.039400 0.040700 0.039900 0.041000 0.059900 0.081000 0.062000 0.040900 0.082700 0.019800 0.040800
Ibex 0.018800 0.165600 0.083100 0.204900 0.039000 0.018800 0.079000 0.081300 0.083000 0.082700 0.018700 0.082600 0.080700 0.039000 0.039000 0.087200 0.132800 0.083400 0.038600 0.060600 0.080500 0.018800 0.060400 0.081400 0.000000 0.101800 0.104900 0.060400 0.064800 0.060400 0.082700 0.038800 0.083400 0.125400 0.125300 0.060400 0.018800 0.039000 0.058200 0.124500 0.060400 0.038800 0.082700 0.039100 0.083200 0.058600 0.079300 0.060800 0.083000 0.081100 0.060400 0.083000
GyrantGaze 0.079100 0.192300 0.105800 0.231300 0.059600 0.079100 0.100900 0.060000 0.105700 0.105400 0.079700 0.105100 0.102900 0.059500 0.059400 0.069800 0.157800 0.106200 0.058700 0.082400 0.059500 0.079600 0.082000 0.104100 0.101800 0.000000 0.128700 0.082200 0.047500 0.082200 0.105400 0.059300 0.105900 0.149800 0.149800 0.082200 0.079500 0.059600 0.018900 0.101700 0.082000 0.059400 0.105400 0.103900 0.106200 0.079800 0.101400 0.082500 0.105700 0.103300 0.082200 0.105700
Hartebeest 0.081700 0.200900 0.109600 0.124400 0.061500 0.081700 0.103500 0.107000 0.109500 0.109100 0.082100 0.105900 0.019700 0.061400 0.061400 0.066300 0.136600 0.085900 0.060700 0.085500 0.105700 0.081900 0.084900 0.107300 0.104900 0.128700 0.000000 0.085100 0.090700 0.085100 0.109100 0.061300 0.110600 0.060800 0.060900 0.085100 0.081800 0.061500 0.081500 0.153700 0.084900 0.061100 0.109100 0.107300 0.063200 0.082300 0.059900 0.040900 0.107000 0.061300 0.085100 0.109500
Bongo 0.039300 0.091500 0.020300 0.184800 0.020100 0.039300 0.059500 0.061700 0.020200 0.020200 0.039500 0.020200 0.061200 0.019700 0.019700 0.068500 0.064400 0.020300 0.019400 0.000100 0.061100 0.039400 0.000100 0.019800 0.060400 0.082200 0.085100 0.000000 0.045300 0.000000 0.020200 0.019600 0.020300 0.105700 0.105400 0.000000 0.039400 0.019700 0.039200 0.060800 0.000100 0.019400 0.020200 0.019900 0.020800 0.039600 0.060100 0.041000 0.020200 0.061500 0.000000 0.020600
Gerenuk 0.042100 0.147000 0.068700 0.182600 0.021800 0.042100 0.065900 0.021800 0.069300 0.068300 0.042200 0.067900 0.066200 0.021300 0.020800 0.018800 0.119600 0.068400 0.018600 0.044400 0.022400 0.042900 0.044400 0.067400 0.064800 0.047500 0.090700 0.045300 0.000000 0.045300 0.068300 0.020300 0.066700 0.112900 0.114500 0.045300 0.042000 0.021800 0.000800 0.101100 0.044400 0.026300 0.068300 0.067300 0.069900 0.042100 0.065500 0.044500 0.069200 0.066200 0.045300 0.069300
CommonElan 0.039300 0.091500 0.020300 0.184800 0.020100 0.039300 0.059500 0.061700 0.020200 0.020200 0.039500 0.020200 0.061200 0.019700 0.019700 0.068500 0.064400 0.020300 0.019400 0.000100 0.061100 0.039400 0.000100 0.019800 0.060400 0.082200 0.085100 0.000000 0.045300 0.000000 0.020200 0.019600 0.020300 0.105700 0.105400 0.000000 0.039400 0.019700 0.039200 0.060800 0.000100 0.019400 0.020200 0.019900 0.020800 0.039600 0.060100 0.041000 0.020600 0.061500 0.000000 0.020200
MuntiacusR 0.060500 0.118100 0.041600 0.215400 0.040500 0.060500 0.081700 0.084500 0.041600 0.000000 0.060700 0.041400 0.083600 0.040400 0.040400 0.091700 0.088400 0.041800 0.040000 0.020300 0.083600 0.060600 0.020500 0.040700 0.082700 0.105400 0.109100 0.020200 0.068300 0.020200 0.000000 0.040300 0.041800 0.130200 0.130200 0.020200 0.060600 0.040500 0.060400 0.083000 0.020100 0.040000 0.000000 0.040700 0.041800 0.060900 0.082300 0.063100 0.041700 0.084100 0.020200 0.041600
HarveysDui 0.019000 0.113900 0.040400 0.150600 0.000100 0.019000 0.038400 0.039500 0.040400 0.040300 0.019000 0.040200 0.039300 0.000200 0.000200 0.043100 0.085700 0.040500 0.000300 0.019600 0.039200 0.019000 0.019600 0.039500 0.038800 0.059300 0.061300 0.019600 0.020300 0.019600 0.040300 0.000000 0.040400 0.081100 0.081300 0.019600 0.019000 0.000100 0.018700 0.080800 0.019600 0.000500 0.040300 0.039500 0.040600 0.018900 0.038500 0.019700 0.040400 0.039500 0.019600 0.040400
Pronghorn 0.061000 0.119100 0.041900 0.215800 0.040700 0.061000 0.082300 0.085100 0.041900 0.041800 0.061000 0.041700 0.084400 0.040600 0.040600 0.090500 0.089300 0.042100 0.039800 0.020300 0.084300 0.061000 0.020200 0.040900 0.083400 0.105900 0.110600 0.020300 0.066700 0.020300 0.041800 0.040400 0.000000 0.131900 0.132000 0.020300 0.060900 0.040700 0.060800 0.083300 0.020200 0.039900 0.041800 0.041000 0.042100 0.061100 0.082700 0.045800 0.041900 0.084700 0.020300 0.041900
BlueWildeb 0.101600 0.225500 0.083700 0.205200 0.081400 0.101600 0.123800 0.127900 0.083600 0.130200 0.102000 0.129700 0.039000 0.081300 0.081300 0.088400 0.186800 0.131600 0.080400 0.106200 0.126300 0.101800 0.105500 0.128200 0.125400 0.149800 0.060800 0.105700 0.112900 0.105700 0.130200 0.081100 0.131900 0.000000 0.126300 0.105700 0.101700 0.081400 0.101500 0.174900 0.105500 0.080900 0.130200 0.128300 0.131500 0.102400 0.079600 0.106000 0.130500 0.127600 0.105700 0.083600
Gemsbok 0.101700 0.224100 0.130700 0.150100 0.081200 0.101700 0.123200 0.127800 0.129900 0.130200 0.102100 0.129600 0.081300 0.081400 0.081500 0.090100 0.158100 0.106900 0.080600 0.106300 0.126100 0.101800 0.105700 0.128300 0.125300 0.149800 0.060900 0.105400 0.114500 0.105400 0.130200 0.081300 0.132000 0.126300 0.000000 0.105400 0.101800 0.081200 0.101600 0.175600 0.105700 0.081100 0.130200 0.128300 0.083500 0.102600 0.079800 0.061000 0.129800 0.081400 0.105400 0.129900
Yak 0.039300 0.091500 0.020300 0.184800 0.019700 0.039300 0.059500 0.061700 0.020200 0.020200 0.039500 0.020200 0.061200 0.019700 0.019700 0.068500 0.064400 0.020300 0.019400 0.000100 0.061100 0.039400 0.000100 0.019800 0.060400 0.082200 0.085100 0.000000 0.045300 0.000000 0.020200 0.019600 0.020300 0.105700 0.105400 0.000000 0.039400 0.019700 0.039200 0.060800 0.000100 0.019400 0.020200 0.019900 0.020300 0.039600 0.060100 0.041000 0.020200 0.061500 0.000000 0.020800
BlueSheep 0.000200 0.137700 0.060800 0.173700 0.019100 0.000200 0.057800 0.059600 0.060700 0.060600 0.000200 0.060400 0.059100 0.019100 0.019100 0.064000 0.107500 0.060900 0.018900 0.039500 0.059000 0.000100 0.039400 0.059600 0.018800 0.079500 0.081800 0.039400 0.042000 0.039400 0.060600 0.019000 0.060900 0.101700 0.101800 0.039400 0.000000 0.019100 0.038000 0.101200 0.039400 0.019000 0.060600 0.019000 0.061000 0.038200 0.058200 0.039600 0.060800 0.059400 0.039400 0.060700
BohorReedb 0.019000 0.114500 0.040600 0.153700 0.000000 0.019000 0.038400 0.039700 0.040400 0.040500 0.019100 0.040400 0.039400 0.000100 0.000100 0.044800 0.086000 0.040700 0.000300 0.019800 0.039400 0.019100 0.019700 0.039700 0.039000 0.059600 0.061500 0.019700 0.021800 0.019700 0.040500 0.000100 0.040700 0.081400 0.081200 0.019700 0.019100 0.000000 0.019000 0.081200 0.019700 0.000300 0.040500 0.039800 0.040600 0.019100 0.038800 0.019800 0.040500 0.039600 0.019700 0.040400
KirksDik 0.038100 0.136800 0.060500 0.174300 0.019000 0.038100 0.057800 0.019100 0.060500 0.060400 0.038000 0.060200 0.058800 0.018900 0.018800 0.022000 0.107000 0.060600 0.018500 0.039300 0.019000 0.038000 0.039200 0.059400 0.058200 0.018900 0.081500 0.039200 0.000800 0.039200 0.060400 0.018700 0.060800 0.101500 0.101600 0.039200 0.038000 0.019000 0.000000 0.079500 0.039200 0.018500 0.060400 0.059400 0.060700 0.038100 0.058100 0.039300 0.060500 0.059200 0.039200 0.060500
RoeDeer 0.100800 0.163500 0.083300 0.259800 0.081200 0.100800 0.123000 0.126800 0.083200 0.083000 0.101500 0.082700 0.126300 0.081200 0.080900 0.123700 0.132200 0.083800 0.080000 0.061000 0.125100 0.101400 0.060800 0.081900 0.124500 0.101700 0.153700 0.060800 0.101100 0.060800 0.083000 0.080800 0.083300 0.174900 0.175600 0.060800 0.101200 0.081200 0.079500 0.000000 0.060800 0.080400 0.083000 0.081900 0.083800 0.102100 0.124100 0.105500 0.083200 0.126600 0.060800 0.083200
WhiteLippe 0.039300 0.091400 0.020300 0.183600 0.019700 0.039300 0.059700 0.061700 0.020300 0.020300 0.039500 0.020200 0.061100 0.019700 0.019700 0.067500 0.064300 0.020300 0.019400 0.000200 0.061000 0.039400 0.000000 0.019800 0.060400 0.082000 0.084900 0.000100 0.044400 0.000100 0.020100 0.019600 0.020200 0.105500 0.105700 0.000100 0.039400 0.019700 0.039200 0.060800 0.000000 0.019200 0.020400 0.019900 0.020300 0.039600 0.060100 0.040900 0.020300 0.061400 0.000100 0.020300
ThomsonGaz 0.019000 0.113100 0.040100 0.147600 0.000300 0.019000 0.038200 0.039300 0.040200 0.040000 0.019100 0.039900 0.039100 0.000400 0.000500 0.049400 0.085300 0.040300 0.000700 0.019200 0.039100 0.019000 0.019200 0.039400 0.038800 0.059400 0.061100 0.019400 0.026300 0.019400 0.040000 0.000500 0.039900 0.080900 0.081100 0.019400 0.019000 0.000300 0.018500 0.080400 0.019200 0.000000 0.040000 0.039400 0.040400 0.018400 0.038400 0.019700 0.040200 0.039500 0.019400 0.040200
MuntiacusC 0.060500 0.118100 0.041600 0.215400 0.040500 0.060500 0.081700 0.084500 0.041600 0.000000 0.060700 0.041400 0.083600 0.040400 0.040400 0.091700 0.088400 0.041800 0.040000 0.020300 0.083600 0.060600 0.020100 0.040700 0.082700 0.105400 0.109100 0.020200 0.068300 0.020200 0.000000 0.040300 0.041800 0.130200 0.130200 0.020200 0.060600 0.040500 0.060400 0.083000 0.020400 0.040000 0.000000 0.040700 0.041800 0.060900 0.082300 0.063100 0.041700 0.084100 0.020200 0.041600
WhiteTaile 0.019000 0.115700 0.040900 0.209200 0.039800 0.019000 0.080500 0.083100 0.040800 0.040700 0.019000 0.040700 0.082400 0.039700 0.039700 0.090400 0.086700 0.041000 0.039300 0.019900 0.082200 0.019100 0.019900 0.039900 0.039100 0.103900 0.107300 0.019900 0.067300 0.019900 0.040700 0.039500 0.041000 0.128300 0.128300 0.019900 0.019000 0.039800 0.059400 0.081900 0.019900 0.039400 0.040700 0.000000 0.041000 0.059900 0.081000 0.062000 0.040900 0.082700 0.019900 0.040800
Cattle 0.060900 0.118900 0.041900 0.158200 0.040600 0.060900 0.081800 0.085000 0.041700 0.041800 0.061100 0.041700 0.084400 0.040700 0.040700 0.093500 0.065000 0.020600 0.040200 0.020400 0.084200 0.061000 0.020300 0.041000 0.083200 0.106200 0.063200 0.020800 0.069900 0.020800 0.041800 0.040600 0.042100 0.131500 0.083500 0.020300 0.061000 0.040600 0.060700 0.083800 0.020300 0.040400 0.041800 0.041000 0.000000 0.061300 0.082800 0.020300 0.041800 0.040600 0.020800 0.042200
RoyalAntel 0.038200 0.137500 0.061000 0.175200 0.019100 0.038200 0.058000 0.059800 0.061000 0.060900 0.038300 0.060700 0.059400 0.019100 0.019000 0.064700 0.107800 0.061300 0.018700 0.039600 0.059200 0.038300 0.039600 0.059900 0.058600 0.079800 0.082300 0.039600 0.042100 0.039600 0.060900 0.018900 0.061100 0.102400 0.102600 0.039600 0.038200 0.019100 0.038100 0.102100 0.039600 0.018400 0.060900 0.059900 0.061300 0.000000 0.058400 0.039600 0.061000 0.059600 0.039600 0.061000
Steenbok 0.058100 0.163800 0.082500 0.096800 0.038800 0.058100 0.078600 0.081100 0.082400 0.082300 0.058300 0.082000 0.038400 0.038700 0.038700 0.042200 0.131500 0.082800 0.038300 0.060300 0.080200 0.058200 0.060100 0.081000 0.079300 0.101400 0.059900 0.060100 0.065500 0.060100 0.082300 0.038500 0.082700 0.079600 0.079800 0.060100 0.058200 0.038800 0.058100 0.124100 0.060100 0.038400 0.082300 0.081000 0.082800 0.058400 0.000000 0.060200 0.082500 0.080600 0.060100 0.082400
Impala 0.039500 0.143800 0.063300 0.126300 0.019800 0.039500 0.059900 0.061800 0.063300 0.063100 0.039700 0.062900 0.061400 0.019800 0.019800 0.067400 0.087400 0.041300 0.019600 0.041100 0.061300 0.039600 0.040900 0.062000 0.060800 0.082500 0.040900 0.041000 0.044500 0.041000 0.063100 0.019700 0.045800 0.106000 0.061000 0.041000 0.039600 0.019800 0.039300 0.105500 0.040900 0.019700 0.063100 0.062000 0.020300 0.039600 0.060200 0.000000 0.063300 0.019800 0.041000 0.063300
Klipspring 0.060700 0.118500 0.041800 0.216600 0.040500 0.060700 0.081700 0.084800 0.041600 0.041700 0.060900 0.000100 0.083900 0.040600 0.040600 0.092700 0.088700 0.041900 0.040000 0.020300 0.084000 0.060800 0.020300 0.040900 0.083000 0.105700 0.107000 0.020200 0.069200 0.020600 0.041700 0.040400 0.041900 0.130500 0.129800 0.020200 0.060800 0.040500 0.060500 0.083200 0.020300 0.040200 0.041700 0.040900 0.041800 0.061000 0.082500 0.063300 0.000000 0.084500 0.020300 0.041600
ForestMusk 0.059300 0.168900 0.084500 0.150000 0.039600 0.059300 0.038500 0.082700 0.084400 0.084100 0.059500 0.084000 0.082000 0.039600 0.039600 0.088900 0.109500 0.062000 0.039200 0.061500 0.081900 0.059400 0.061400 0.082700 0.081100 0.103300 0.061300 0.061500 0.066200 0.061500 0.084100 0.039500 0.084700 0.127600 0.081400 0.061500 0.059400 0.039600 0.059200 0.126600 0.061400 0.039500 0.084100 0.082700 0.040600 0.059600 0.080600 0.019800 0.084500 0.000000 0.061500 0.084400
Bushbuck 0.039300 0.091500 0.020300 0.184800 0.019700 0.039300 0.059500 0.061700 0.020600 0.020200 0.039500 0.020200 0.061200 0.019700 0.019700 0.068500 0.064400 0.020300 0.019400 0.000100 0.061100 0.039400 0.000100 0.019800 0.060400 0.082200 0.085100 0.000000 0.045300 0.000000 0.020200 0.019600 0.020300 0.105700 0.105400 0.000000 0.039400 0.019700 0.039200 0.060800 0.000100 0.019400 0.020200 0.019900 0.020800 0.039600 0.060100 0.041000 0.020300 0.061500 0.000000 0.020200
GreaterKud 0.060700 0.118500 0.000100 0.216900 0.040400 0.060700 0.081600 0.084800 0.000000 0.041600 0.060900 0.041600 0.083900 0.040500 0.040500 0.092700 0.088600 0.041900 0.040000 0.020300 0.084000 0.060800 0.020300 0.040800 0.083000 0.105700 0.109500 0.020600 0.069300 0.020200 0.041600 0.040400 0.041900 0.083600 0.129900 0.020800 0.060700 0.040400 0.060500 0.083200 0.020300 0.040200 0.041600 0.040800 0.042200 0.061000 0.082400 0.063300 0.041600 0.084400 0.020200 0.000000
