1
52 1
Argali 0.000000 0.146600 0.102200 0.122000 0.053300 0.010500 0.053500 0.086400 0.065200 0.053600 0.021300 0.065800 0.021300 0.053500 0.055500 0.099000 0.054300 0.087900 0.010500 0.076100 0.064600 0.032400 0.042700 0.054200 0.021300 0.087400 0.032200 0.065300 0.088000 0.065300 0.053600 0.042700 0.087100 0.021300 0.020400 0.065000 0.032400 0.064600 0.042500 0.053900 0.042700 0.088500 0.053600 0.053500 0.064900 0.064900 0.064600 0.106800 0.065500 0.121800 0.065200 0.065300
LesserMous 0.146600 0.000000 0.164500 0.158500 0.133700 0.159800 0.134200 0.169700 0.148000 0.110900 0.124300 0.149100 0.123900 0.134200 0.139200 0.184500 0.112200 0.147800 0.134800 0.159400 0.146400 0.113000 0.099300 0.111900 0.124300 0.171300 0.136900 0.148000 0.172900 0.148000 0.110900 0.122700 0.133900 0.123900 0.123900 0.147100 0.113000 0.146500 0.122000 0.111400 0.099300 0.173900 0.110900 0.110700 0.146800 0.146900 0.146400 0.193900 0.148600 0.183500 0.147900 0.148000
LesserKudu 0.102200 0.164500 0.000000 0.138800 0.089600 0.090800 0.090000 0.124900 0.032900 0.090300 0.079800 0.079800 0.079500 0.090000 0.093600 0.114300 0.091600 0.102900 0.090600 0.042200 0.078200 0.068400 0.078700 0.091400 0.079800 0.102000 0.068100 0.032800 0.102900 0.032800 0.090300 0.078600 0.125900 0.079500 0.079500 0.078700 0.068400 0.102000 0.078100 0.090800 0.078700 0.103400 0.090300 0.090200 0.078700 0.102300 0.078300 0.148900 0.103700 0.138000 0.032900 0.032800
KillerWhal 0.122000 0.158500 0.138800 0.000000 0.109600 0.110900 0.086800 0.144700 0.123300 0.064600 0.123700 0.124100 0.099800 0.086800 0.114200 0.134300 0.088400 0.087800 0.110500 0.134500 0.098400 0.112600 0.076000 0.088100 0.123700 0.110100 0.088600 0.123400 0.123100 0.123400 0.064600 0.075800 0.121700 0.099800 0.099800 0.122500 0.112600 0.121900 0.098200 0.087700 0.076000 0.111600 0.064600 0.087100 0.122300 0.122300 0.098400 0.168000 0.147900 0.158000 0.123300 0.123400
DefassaWat 0.053300 0.133700 0.089600 0.109600 0.000000 0.064700 0.020800 0.052600 0.053700 0.042400 0.054100 0.054100 0.032000 0.020800 0.043800 0.064300 0.042900 0.076000 0.042500 0.064400 0.031500 0.043300 0.031600 0.042800 0.054100 0.075500 0.043100 0.053700 0.053500 0.053700 0.042400 0.031600 0.075200 0.032000 0.032000 0.053400 0.043300 0.010400 0.031500 0.042600 0.031600 0.053800 0.042400 0.042300 0.053400 0.053400 0.031500 0.071600 0.053700 0.109300 0.053700 0.053700
Sheep 0.010500 0.159800 0.090800 0.110900 0.064700 0.000000 0.064900 0.098400 0.077000 0.065100 0.032300 0.077700 0.032200 0.064900 0.067400 0.087900 0.066000 0.076900 0.021300 0.088000 0.053800 0.043600 0.054000 0.065800 0.032300 0.076400 0.021500 0.077000 0.076900 0.077000 0.065100 0.054000 0.099100 0.031300 0.032200 0.076700 0.043600 0.076300 0.053700 0.065500 0.054000 0.077300 0.065100 0.065000 0.076600 0.076600 0.053800 0.119100 0.077300 0.110600 0.077000 0.077000
MaxwellsDu 0.053500 0.134200 0.090000 0.086800 0.020800 0.064900 0.000000 0.052600 0.053800 0.021000 0.054200 0.054300 0.032100 0.000000 0.043900 0.064500 0.043100 0.076300 0.042600 0.064600 0.031400 0.043400 0.031700 0.043000 0.054200 0.075400 0.043200 0.053900 0.053500 0.053900 0.021000 0.010400 0.075500 0.032100 0.032100 0.053600 0.043400 0.031500 0.031400 0.042700 0.031700 0.054000 0.021000 0.042500 0.053500 0.053600 0.031600 0.072500 0.053900 0.109800 0.053900 0.053900
GazellaPrz 0.086400 0.169700 0.124900 0.144700 0.052600 0.098400 0.052600 0.000000 0.087000 0.075200 0.087600 0.087700 0.064700 0.052600 0.077600 0.075100 0.076100 0.110100 0.075300 0.097900 0.041800 0.076700 0.064100 0.075900 0.087600 0.086000 0.076400 0.087100 0.064100 0.087100 0.075200 0.063800 0.108900 0.064700 0.064700 0.086600 0.076700 0.063500 0.041800 0.075600 0.064100 0.064700 0.075200 0.075100 0.086500 0.086600 0.042000 0.105900 0.087100 0.144400 0.087100 0.087100
MountainNy 0.065200 0.148000 0.032900 0.123300 0.053700 0.077000 0.053800 0.087000 0.000000 0.054000 0.066200 0.043600 0.043500 0.053800 0.055900 0.099800 0.054800 0.088700 0.054200 0.010500 0.065000 0.055200 0.043000 0.054600 0.066200 0.087900 0.055000 0.000000 0.088700 0.000000 0.054000 0.043000 0.087700 0.043500 0.043500 0.043000 0.055200 0.065100 0.042800 0.054300 0.043000 0.089100 0.054000 0.053900 0.043000 0.065300 0.065100 0.109600 0.089200 0.122800 0.000100 0.000000
MuntiacusM 0.053600 0.110900 0.090300 0.064600 0.042400 0.065100 0.021000 0.075200 0.054000 0.000000 0.054400 0.054500 0.032100 0.021000 0.044100 0.087500 0.021300 0.054000 0.042800 0.064800 0.053500 0.043500 0.010500 0.021300 0.054400 0.076000 0.043400 0.054100 0.076600 0.054100 0.000000 0.010400 0.053400 0.032100 0.032100 0.053800 0.043500 0.053500 0.031700 0.021200 0.010500 0.076900 0.000000 0.021100 0.053700 0.053700 0.053500 0.097200 0.077000 0.110100 0.054000 0.054100
goat 0.021300 0.124300 0.079800 0.123700 0.054100 0.032300 0.054200 0.087600 0.066200 0.054400 0.000000 0.066800 0.021600 0.054200 0.056300 0.100400 0.055100 0.089200 0.010700 0.077100 0.065500 0.010800 0.043300 0.055000 0.000000 0.088700 0.032700 0.066200 0.089300 0.066200 0.054400 0.043300 0.088300 0.020400 0.021600 0.066000 0.010800 0.065600 0.043100 0.054700 0.043300 0.089800 0.054400 0.054300 0.065900 0.065900 0.065600 0.108300 0.043800 0.123500 0.066200 0.066200
AfricanBuf 0.065800 0.149100 0.079800 0.124100 0.054100 0.077700 0.054300 0.087700 0.043600 0.054500 0.066800 0.000000 0.043900 0.054300 0.056400 0.100600 0.055100 0.089300 0.054700 0.054500 0.065600 0.055700 0.043400 0.055100 0.066800 0.088800 0.055500 0.043600 0.089400 0.043600 0.054500 0.043400 0.088400 0.043900 0.043900 0.021400 0.055700 0.065600 0.043100 0.054700 0.043400 0.089900 0.054500 0.054400 0.021400 0.065900 0.065600 0.084000 0.089800 0.123700 0.043600 0.043600
Topi 0.021300 0.123900 0.079500 0.099800 0.032000 0.032200 0.032100 0.064700 0.043500 0.032100 0.021600 0.043900 0.000000 0.032100 0.033300 0.076900 0.032600 0.065900 0.010600 0.054300 0.043000 0.010800 0.021300 0.032500 0.021000 0.065500 0.010400 0.043500 0.066000 0.043500 0.032100 0.021300 0.065200 0.000000 0.000000 0.043300 0.010400 0.043100 0.021200 0.032300 0.021300 0.066300 0.032100 0.032100 0.043200 0.043300 0.043100 0.084500 0.043600 0.099500 0.043500 0.043500
CommonDuik 0.053500 0.134200 0.090000 0.086800 0.020800 0.064900 0.000000 0.052600 0.053800 0.021000 0.054200 0.054300 0.032100 0.000000 0.043900 0.064500 0.043100 0.076300 0.042600 0.064600 0.031400 0.043400 0.031700 0.043000 0.054200 0.075400 0.043200 0.053900 0.053500 0.053900 0.021000 0.010100 0.075500 0.032100 0.032100 0.053600 0.043400 0.031500 0.031400 0.042700 0.031700 0.054000 0.021000 0.042500 0.053500 0.053600 0.031600 0.072500 0.053900 0.109800 0.053900 0.053900
Suni 0.055500 0.139200 0.093600 0.114200 0.043800 0.067400 0.043900 0.077600 0.055900 0.044100 0.056300 0.056400 0.033300 0.043900 0.000000 0.090500 0.044700 0.079100 0.044200 0.067000 0.055300 0.045100 0.032900 0.044600 0.056300 0.078500 0.044900 0.055900 0.079200 0.055900 0.044100 0.032900 0.078200 0.033300 0.033300 0.055600 0.045100 0.055300 0.032700 0.044300 0.032900 0.079500 0.044100 0.044000 0.055500 0.055500 0.055300 0.097600 0.079500 0.113800 0.055900 0.055900
Springbuck 0.099000 0.184500 0.114300 0.134300 0.064300 0.087900 0.064500 0.075100 0.099800 0.087500 0.100400 0.100600 0.076900 0.064500 0.090500 0.000000 0.088700 0.099700 0.087700 0.110900 0.031700 0.089300 0.076200 0.088400 0.100400 0.053600 0.065900 0.099800 0.010500 0.099800 0.087500 0.076200 0.122000 0.076900 0.076900 0.076200 0.089300 0.075800 0.053500 0.088000 0.076200 0.032100 0.087500 0.087400 0.076100 0.076200 0.031700 0.118300 0.076600 0.133900 0.099800 0.099800
Okapi 0.054300 0.112200 0.091600 0.088400 0.042900 0.066000 0.043100 0.076100 0.054800 0.021300 0.055100 0.055100 0.032600 0.043100 0.044700 0.088700 0.000000 0.032400 0.043300 0.065700 0.054200 0.044100 0.010600 0.021500 0.055100 0.076900 0.044000 0.054800 0.077600 0.054800 0.021300 0.032200 0.054100 0.032600 0.032600 0.054500 0.044100 0.032100 0.032000 0.021400 0.010600 0.077900 0.021300 0.021300 0.054400 0.054400 0.054200 0.098300 0.077900 0.111500 0.054800 0.054800
Giraffe 0.087900 0.147800 0.102900 0.087800 0.076000 0.076900 0.076300 0.110100 0.088700 0.054000 0.089200 0.089300 0.065900 0.076300 0.079100 0.099700 0.032400 0.000000 0.076700 0.099800 0.065000 0.078100 0.043000 0.054600 0.089200 0.087800 0.054900 0.088700 0.088600 0.088700 0.054000 0.065200 0.087600 0.065900 0.065900 0.088200 0.078100 0.065000 0.064900 0.054300 0.043000 0.089000 0.054000 0.053900 0.088000 0.065200 0.065000 0.109300 0.112700 0.122600 0.088700 0.088700
TibetanAnt 0.010500 0.134800 0.090600 0.110500 0.042500 0.021300 0.042600 0.075300 0.054200 0.042800 0.010700 0.054700 0.010600 0.042600 0.044200 0.087700 0.043300 0.076700 0.000000 0.065000 0.053600 0.021600 0.031900 0.043200 0.010700 0.076200 0.021500 0.054200 0.076800 0.054200 0.042800 0.031900 0.075900 0.010600 0.010600 0.054000 0.021600 0.053700 0.031800 0.043000 0.031900 0.077200 0.042800 0.042700 0.053900 0.053900 0.053700 0.095400 0.054400 0.110300 0.054200 0.054200
Sitatunga 0.076100 0.159400 0.042200 0.134500 0.064400 0.088000 0.064600 0.097900 0.010500 0.064800 0.077100 0.054500 0.054300 0.064600 0.067000 0.110900 0.065700 0.099800 0.065000 0.000000 0.075900 0.066200 0.053800 0.065500 0.077100 0.098900 0.066000 0.010500 0.099800 0.010300 0.064800 0.053700 0.098600 0.054300 0.054300 0.053800 0.066200 0.075900 0.053500 0.065200 0.053800 0.100300 0.064800 0.064800 0.053800 0.076200 0.075900 0.120600 0.100300 0.134000 0.010500 0.010200
Oribi 0.064600 0.146400 0.078200 0.098400 0.031500 0.053800 0.031400 0.041800 0.065000 0.053500 0.065500 0.065600 0.043000 0.031400 0.055300 0.031700 0.054200 0.065000 0.053600 0.075900 0.000000 0.054600 0.042600 0.054000 0.065500 0.042300 0.032200 0.065100 0.020300 0.065100 0.053500 0.042400 0.086800 0.043000 0.043000 0.064700 0.054600 0.042200 0.020100 0.053800 0.042600 0.021200 0.053500 0.053400 0.064600 0.064700 0.000000 0.083800 0.065100 0.098100 0.065000 0.065100
BarbaryShe 0.032400 0.113000 0.068400 0.112600 0.043300 0.043600 0.043400 0.076700 0.055200 0.043500 0.010800 0.055700 0.010800 0.043400 0.045100 0.089300 0.044100 0.078100 0.021600 0.066200 0.054600 0.000000 0.032500 0.044000 0.010800 0.077600 0.020800 0.055200 0.078200 0.055200 0.043500 0.032500 0.077300 0.010800 0.010800 0.055000 0.000000 0.054600 0.032400 0.043800 0.032500 0.078600 0.043500 0.043400 0.054900 0.054900 0.054600 0.097000 0.032800 0.112200 0.055200 0.055200
Daviddeer 0.042700 0.099300 0.078700 0.076000 0.031600 0.054000 0.031700 0.064100 0.043000 0.010500 0.043300 0.043400 0.021300 0.031700 0.032900 0.076200 0.010600 0.043000 0.031900 0.053800 0.042600 0.032500 0.000000 0.010600 0.043300 0.064800 0.032400 0.043100 0.065300 0.043100 0.010500 0.021100 0.042500 0.021300 0.021300 0.042800 0.032500 0.042600 0.021000 0.010300 0.000000 0.065600 0.010500 0.010500 0.042800 0.042800 0.042600 0.086000 0.065700 0.098600 0.043000 0.043100
Reindeer 0.054200 0.111900 0.091400 0.088100 0.042800 0.065800 0.043000 0.075900 0.054600 0.021300 0.055000 0.055100 0.032500 0.043000 0.044600 0.088400 0.021500 0.054600 0.043200 0.065500 0.054000 0.044000 0.010600 0.000000 0.055000 0.076800 0.043900 0.054600 0.077400 0.054600 0.021300 0.032200 0.054000 0.032500 0.032500 0.054400 0.044000 0.054100 0.032000 0.021300 0.010300 0.077700 0.021300 0.021300 0.054300 0.054300 0.054100 0.098200 0.077900 0.111200 0.054600 0.054600
Ibex 0.021300 0.124300 0.079800 0.123700 0.054100 0.032300 0.054200 0.087600 0.066200 0.054400 0.000000 0.066800 0.021000 0.054200 0.056300 0.100400 0.055100 0.089200 0.010700 0.077100 0.065500 0.010800 0.043300 0.055000 0.000000 0.088700 0.032700 0.066200 0.089300 0.066200 0.054400 0.043300 0.088300 0.021600 0.021600 0.066000 0.010400 0.065600 0.043100 0.054700 0.043300 0.089800 0.054400 0.054300 0.065900 0.065900 0.065600 0.108300 0.043800 0.123500 0.066200 0.066200
GyrantGaze 0.087400 0.171300 0.102000 0.110100 0.075500 0.076400 0.075400 0.086000 0.087900 0.076000 0.088700 0.088800 0.065500 0.075400 0.078500 0.053600 0.076900 0.087800 0.076200 0.098900 0.042300 0.077600 0.064800 0.076800 0.088700 0.000000 0.054500 0.088000 0.042700 0.088000 0.076000 0.064500 0.110100 0.065500 0.065500 0.064900 0.077600 0.086800 0.042300 0.076300 0.064800 0.021200 0.076000 0.075800 0.064800 0.064800 0.042500 0.130900 0.088200 0.121700 0.088000 0.088000
Hartebeest 0.032200 0.136900 0.068100 0.088600 0.043100 0.021500 0.043200 0.076400 0.055000 0.043400 0.032700 0.055500 0.010400 0.043200 0.044900 0.065900 0.044000 0.054900 0.021500 0.066000 0.032200 0.020800 0.032400 0.043900 0.032700 0.054500 0.000000 0.055000 0.054900 0.055000 0.043400 0.032400 0.077000 0.010700 0.010700 0.054700 0.021800 0.054500 0.032200 0.043600 0.032400 0.055200 0.043400 0.043300 0.054700 0.054700 0.032300 0.096600 0.055200 0.088300 0.055000 0.055000
Bongo 0.065300 0.148000 0.032800 0.123400 0.053700 0.077000 0.053900 0.087100 0.000000 0.054100 0.066200 0.043600 0.043500 0.053900 0.055900 0.099800 0.054800 0.088700 0.054200 0.010500 0.065100 0.055200 0.043100 0.054600 0.066200 0.088000 0.055000 0.000000 0.088700 0.000000 0.054100 0.043000 0.087700 0.043500 0.043500 0.043100 0.055200 0.065100 0.042800 0.054300 0.043100 0.089200 0.054100 0.054000 0.043100 0.065400 0.065100 0.109700 0.089300 0.122800 0.000000 0.000000
Gerenuk 0.088000 0.172900 0.102900 0.123100 0.053500 0.076900 0.053500 0.064100 0.088700 0.076600 0.089300 0.089400 0.066000 0.053500 0.079200 0.010500 0.077600 0.088600 0.076800 0.099800 0.020300 0.078200 0.065300 0.077400 0.089300 0.042700 0.054900 0.088700 0.000000 0.088700 0.076600 0.065000 0.110900 0.066000 0.066000 0.065400 0.078200 0.064700 0.042600 0.077000 0.065300 0.021400 0.076600 0.076500 0.065200 0.065300 0.021100 0.107700 0.065700 0.122700 0.088700 0.088700
CommonElan 0.065300 0.148000 0.032800 0.123400 0.053700 0.077000 0.053900 0.087100 0.000000 0.054100 0.066200 0.043600 0.043500 0.053900 0.055900 0.099800 0.054800 0.088700 0.054200 0.010300 0.065100 0.055200 0.043100 0.054600 0.066200 0.088000 0.055000 0.000000 0.088700 0.000000 0.054100 0.043000 0.087700 0.043500 0.043500 0.043100 0.055200 0.065100 0.042800 0.054300 0.043100 0.089200 0.054100 0.054000 0.043100 0.065400 0.065100 0.109700 0.089300 0.122800 0.000000 0.000000
MuntiacusR 0.053600 0.110900 0.090300 0.064600 0.042400 0.065100 0.021000 0.075200 0.054000 0.000000 0.054400 0.054500 0.032100 0.021000 0.044100 0.087500 0.021300 0.054000 0.042800 0.064800 0.053500 0.043500 0.010500 0.021300 0.054400 0.076000 0.043400 0.054100 0.076600 0.054100 0.000000 0.010400 0.053400 0.032100 0.032100 0.053800 0.043500 0.053500 0.031700 0.021200 0.010500 0.076900 0.000000 0.021100 0.053700 0.053700 0.053500 0.097200 0.077000 0.110100 0.054000 0.054100
HarveysDui 0.042700 0.122700 0.078600 0.075800 0.031600 0.054000 0.010400 0.063800 0.043000 0.010400 0.043300 0.043400 0.021300 0.010100 0.032900 0.076200 0.032200 0.065200 0.031900 0.053700 0.042400 0.032500 0.021100 0.032200 0.043300 0.064500 0.032400 0.043000 0.065000 0.043000 0.010400 0.000000 0.064600 0.021300 0.021300 0.042800 0.032500 0.042400 0.020900 0.032000 0.021100 0.065600 0.010400 0.031800 0.042800 0.042800 0.042600 0.084300 0.065500 0.098500 0.043000 0.043000
Pronghorn 0.087100 0.133900 0.125900 0.121700 0.075200 0.099100 0.075500 0.108900 0.087700 0.053400 0.088300 0.088400 0.065200 0.075500 0.078200 0.122000 0.054100 0.087600 0.075900 0.098600 0.086800 0.077300 0.042500 0.054000 0.088300 0.110100 0.077000 0.087700 0.110900 0.087700 0.053400 0.064600 0.000000 0.065200 0.065200 0.087300 0.077300 0.086900 0.064200 0.053700 0.042500 0.111500 0.053400 0.053300 0.087200 0.087200 0.086800 0.131900 0.111600 0.145300 0.087700 0.087700
BlueWildeb 0.021300 0.123900 0.079500 0.099800 0.032000 0.031300 0.032100 0.064700 0.043500 0.032100 0.020400 0.043900 0.000000 0.032100 0.033300 0.076900 0.032600 0.065900 0.010600 0.054300 0.043000 0.010800 0.021300 0.032500 0.021600 0.065500 0.010700 0.043500 0.066000 0.043500 0.032100 0.021300 0.065200 0.000000 0.000000 0.043300 0.010800 0.043100 0.021200 0.032300 0.021300 0.066300 0.032100 0.032100 0.043200 0.043300 0.043100 0.084500 0.043600 0.099500 0.043500 0.043500
Gemsbok 0.020400 0.123900 0.079500 0.099800 0.032000 0.032200 0.032100 0.064700 0.043500 0.032100 0.021600 0.043900 0.000000 0.032100 0.033300 0.076900 0.032600 0.065900 0.010600 0.054300 0.043000 0.010800 0.021300 0.032500 0.021600 0.065500 0.010700 0.043500 0.066000 0.043500 0.032100 0.021300 0.065200 0.000000 0.000000 0.043300 0.010400 0.043100 0.021200 0.032300 0.021300 0.066300 0.032100 0.032100 0.043200 0.043300 0.043100 0.084500 0.043600 0.099500 0.043500 0.043500
Yak 0.065000 0.147100 0.078700 0.122500 0.053400 0.076700 0.053600 0.086600 0.043000 0.053800 0.066000 0.021400 0.043300 0.053600 0.055600 0.076200 0.054500 0.088200 0.054000 0.053800 0.064700 0.055000 0.042800 0.054400 0.066000 0.064900 0.054700 0.043100 0.065400 0.043100 0.053800 0.042800 0.087300 0.043300 0.043300 0.000000 0.055000 0.064800 0.042600 0.054100 0.042800 0.065700 0.053800 0.053700 0.000000 0.042900 0.064800 0.086200 0.065800 0.122100 0.043100 0.043100
BlueSheep 0.032400 0.113000 0.068400 0.112600 0.043300 0.043600 0.043400 0.076700 0.055200 0.043500 0.010800 0.055700 0.010400 0.043400 0.045100 0.089300 0.044100 0.078100 0.021600 0.066200 0.054600 0.000000 0.032500 0.044000 0.010400 0.077600 0.021800 0.055200 0.078200 0.055200 0.043500 0.032500 0.077300 0.010800 0.010400 0.055000 0.000000 0.054600 0.032400 0.043800 0.032500 0.078600 0.043500 0.043400 0.054900 0.054900 0.054600 0.097000 0.032800 0.112200 0.055200 0.055200
BohorReedb 0.064600 0.146500 0.102000 0.121900 0.010400 0.076300 0.031500 0.063500 0.065100 0.053500 0.065600 0.065600 0.043100 0.031500 0.055300 0.075800 0.032100 0.065000 0.053700 0.075900 0.042200 0.054600 0.042600 0.054100 0.065600 0.086800 0.054500 0.065100 0.064700 0.065100 0.053500 0.042400 0.086900 0.043100 0.043100 0.064800 0.054600 0.000000 0.042200 0.053800 0.042600 0.065300 0.053500 0.053500 0.064700 0.064800 0.042400 0.083800 0.065100 0.121600 0.065100 0.065100
KirksDik 0.042500 0.122000 0.078100 0.098200 0.031500 0.053700 0.031400 0.041800 0.042800 0.031700 0.043100 0.043100 0.021200 0.031400 0.032700 0.053500 0.032000 0.064900 0.031800 0.053500 0.020100 0.032400 0.021000 0.032000 0.043100 0.042300 0.032200 0.042800 0.042600 0.042800 0.031700 0.020900 0.064200 0.021200 0.021200 0.042600 0.032400 0.042200 0.000000 0.031800 0.021000 0.043000 0.031700 0.031600 0.042600 0.042600 0.020900 0.083900 0.065200 0.098000 0.042800 0.042800
RoeDeer 0.053900 0.111400 0.090800 0.087700 0.042600 0.065500 0.042700 0.075600 0.054300 0.021200 0.054700 0.054700 0.032300 0.042700 0.044300 0.088000 0.021400 0.054300 0.043000 0.065200 0.053800 0.043800 0.010300 0.021300 0.054700 0.076300 0.043600 0.054300 0.077000 0.054300 0.021200 0.032000 0.053700 0.032300 0.032300 0.054100 0.043800 0.053800 0.031800 0.000000 0.010300 0.077400 0.021200 0.021200 0.054000 0.054000 0.053800 0.097700 0.077400 0.110700 0.054300 0.054300
WhiteLippe 0.042700 0.099300 0.078700 0.076000 0.031600 0.054000 0.031700 0.064100 0.043000 0.010500 0.043300 0.043400 0.021300 0.031700 0.032900 0.076200 0.010600 0.043000 0.031900 0.053800 0.042600 0.032500 0.000000 0.010300 0.043300 0.064800 0.032400 0.043100 0.065300 0.043100 0.010500 0.021100 0.042500 0.021300 0.021300 0.042800 0.032500 0.042600 0.021000 0.010300 0.000000 0.065600 0.010500 0.010500 0.042800 0.042800 0.042600 0.086000 0.065700 0.098600 0.043000 0.043100
ThomsonGaz 0.088500 0.173900 0.103400 0.111600 0.053800 0.077300 0.054000 0.064700 0.089100 0.076900 0.089800 0.089900 0.066300 0.054000 0.079500 0.032100 0.077900 0.089000 0.077200 0.100300 0.021200 0.078600 0.065600 0.077700 0.089800 0.021200 0.055200 0.089200 0.021400 0.089200 0.076900 0.065600 0.111500 0.066300 0.066300 0.065700 0.078600 0.065300 0.043000 0.077400 0.065600 0.000000 0.076900 0.076800 0.065600 0.065600 0.021200 0.107300 0.066000 0.123400 0.089200 0.089200
MuntiacusC 0.053600 0.110900 0.090300 0.064600 0.042400 0.065100 0.021000 0.075200 0.054000 0.000000 0.054400 0.054500 0.032100 0.021000 0.044100 0.087500 0.021300 0.054000 0.042800 0.064800 0.053500 0.043500 0.010500 0.021300 0.054400 0.076000 0.043400 0.054100 0.076600 0.054100 0.000000 0.010400 0.053400 0.032100 0.032100 0.053800 0.043500 0.053500 0.031700 0.021200 0.010500 0.076900 0.000000 0.021100 0.053700 0.053700 0.053500 0.097200 0.077000 0.110100 0.054000 0.054100
WhiteTaile 0.053500 0.110700 0.090200 0.087100 0.042300 0.065000 0.042500 0.075100 0.053900 0.021100 0.054300 0.054400 0.032100 0.042500 0.044000 0.087400 0.021300 0.053900 0.042700 0.064800 0.053400 0.043400 0.010500 0.021300 0.054300 0.075800 0.043300 0.054000 0.076500 0.054000 0.021100 0.031800 0.053300 0.032100 0.032100 0.053700 0.043400 0.053500 0.031600 0.021200 0.010500 0.076800 0.021100 0.000000 0.053600 0.053600 0.053400 0.097000 0.076900 0.110000 0.053900 0.054000
Cattle 0.064900 0.146800 0.078700 0.122300 0.053400 0.076600 0.053500 0.086500 0.043000 0.053700 0.065900 0.021400 0.043200 0.053500 0.055500 0.076100 0.054400 0.088000 0.053900 0.053800 0.064600 0.054900 0.042800 0.054300 0.065900 0.064800 0.054700 0.043100 0.065200 0.043100 0.053700 0.042800 0.087200 0.043200 0.043200 0.000000 0.054900 0.064700 0.042600 0.054000 0.042800 0.065600 0.053700 0.053600 0.000000 0.042800 0.064700 0.086000 0.065700 0.122000 0.043000 0.043100
RoyalAntel 0.064900 0.146900 0.102300 0.122300 0.053400 0.076600 0.053600 0.086600 0.065300 0.053700 0.065900 0.065900 0.043300 0.053600 0.055500 0.076200 0.054400 0.065200 0.053900 0.076200 0.064700 0.054900 0.042800 0.054300 0.065900 0.064800 0.054700 0.065400 0.065300 0.065400 0.053700 0.042800 0.087200 0.043300 0.043300 0.042900 0.054900 0.064800 0.042600 0.054000 0.042800 0.065600 0.053700 0.053600 0.042800 0.000000 0.064700 0.083800 0.065500 0.122100 0.065300 0.065400
Steenbok 0.064600 0.146400 0.078300 0.098400 0.031500 0.053800 0.031600 0.042000 0.065100 0.053500 0.065600 0.065600 0.043100 0.031600 0.055300 0.031700 0.054200 0.065000 0.053700 0.075900 0.000000 0.054600 0.042600 0.054100 0.065600 0.042500 0.032300 0.065100 0.021100 0.065100 0.053500 0.042600 0.086800 0.043100 0.043100 0.064800 0.054600 0.042400 0.020900 0.053800 0.042600 0.021200 0.053500 0.053400 0.064700 0.064700 0.000000 0.083200 0.065100 0.098200 0.065100 0.065100
Impala 0.106800 0.193900 0.148900 0.168000 0.071600 0.119100 0.072500 0.105900 0.109600 0.097200 0.108300 0.084000 0.084500 0.072500 0.097600 0.118300 0.098300 0.109300 0.095400 0.120600 0.083800 0.097000 0.086000 0.098200 0.108300 0.130900 0.096600 0.109700 0.107700 0.109700 0.097200 0.084300 0.131900 0.084500 0.084500 0.086200 0.097000 0.083800 0.083900 0.097700 0.086000 0.107300 0.097200 0.097000 0.086000 0.083800 0.083200 0.000000 0.109800 0.168200 0.109600 0.109700
Klipspring 0.065500 0.148600 0.103700 0.147900 0.053700 0.077300 0.053900 0.087100 0.089200 0.077000 0.043800 0.089800 0.043600 0.053900 0.079500 0.076600 0.077900 0.112700 0.054400 0.100300 0.065100 0.032800 0.065700 0.077900 0.043800 0.088200 0.055200 0.089300 0.065700 0.089300 0.077000 0.065500 0.111600 0.043600 0.043600 0.065800 0.032800 0.065100 0.065200 0.077400 0.065700 0.066000 0.077000 0.076900 0.065700 0.065500 0.065100 0.109800 0.000000 0.123000 0.089200 0.089300
ForestMusk 0.121800 0.183500 0.138000 0.158000 0.109300 0.110600 0.109800 0.144400 0.122800 0.110100 0.123500 0.123700 0.099500 0.109800 0.113800 0.133900 0.111500 0.122600 0.110300 0.134000 0.098100 0.112200 0.098600 0.111200 0.123500 0.121700 0.088300 0.122800 0.122700 0.122800 0.110100 0.098500 0.145300 0.099500 0.099500 0.122100 0.112200 0.121600 0.098000 0.110700 0.098600 0.123400 0.110100 0.110000 0.122000 0.122100 0.098200 0.168200 0.123000 0.000000 0.122800 0.122800
Bushbuck 0.065200 0.147900 0.032900 0.123300 0.053700 0.077000 0.053900 0.087100 0.000100 0.054000 0.066200 0.043600 0.043500 0.053900 0.055900 0.099800 0.054800 0.088700 0.054200 0.010500 0.065000 0.055200 0.043000 0.054600 0.066200 0.088000 0.055000 0.000000 0.088700 0.000000 0.054000 0.043000 0.087700 0.043500 0.043500 0.043100 0.055200 0.065100 0.042800 0.054300 0.043000 0.089200 0.054000 0.053900 0.043000 0.065300 0.065100 0.109600 0.089200 0.122800 0.000000 0.000000
GreaterKud 0.065300 0.148000 0.032800 0.123400 0.053700 0.077000 0.053900 0.087100 0.000000 0.054100 0.066200 0.043600 0.043500 0.053900 0.055900 0.099800 0.054800 0.088700 0.054200 0.010200 0.065100 0.055200 0.043100 0.054600 0.066200 0.088000 0.055000 0.000000 0.088700 0.000000 0.054100 0.043000 0.087700 0.043500 0.043500 0.043100 0.055200 0.065100 0.042800 0.054300 0.043100 0.089200 0.054100 0.054000 0.043100 0.065400 0.065100 0.109700 0.089300 0.122800 0.000000 0.000000
