CODONML (in paml version 4.10.7, June 2023)  /home/rachel/ruminants_paml/6406-phy-tree/ENSBTAT00000004198.fasta.phy
Model: free dN/dS Ratios for branches,  kappa = 2.000 fixed

Codon frequency model: F3x4
ns =  54  ls =  56

Codon usage in sequences
--------------------------------------------------------------------------------------------------------------------------------------
Phe TTT   0   0   0   0   0   0 | Ser TCT   1   0   1   1   1   1 | Tyr TAT   0   0   0   0   0   0 | Cys TGT   0   0   0   0   0   0
    TTC   1   1   1   1   1   1 |     TCC   0   2   0   0   0   0 |     TAC   0   0   0   0   0   0 |     TGC   0   0   0   0   0   0
Leu TTA   1   1   1   1   1   1 |     TCA   1   0   1   2   2   2 | *** TAA   0   0   0   0   0   0 | *** TGA   0   0   0   0   0   0
    TTG   0   0   0   0   0   0 |     TCG   2   2   2   1   1   1 |     TAG   0   0   0   0   0   0 | Trp TGG   2   2   2   2   2   2
--------------------------------------------------------------------------------------------------------------------------------------
Leu CTT   0   1   0   0   1   1 | Pro CCT   0   0   0   0   0   0 | His CAT   1   0   1   1   1   1 | Arg CGT   0   0   0   0   0   0
    CTC   1   1   1   1   0   0 |     CCC   0   0   0   0   0   0 |     CAC   3   4   3   3   3   3 |     CGC   0   0   0   0   0   0
    CTA   1   0   1   1   1   1 |     CCA   0   0   0   0   0   0 | Gln CAA   2   2   2   2   2   3 |     CGA   1   1   1   0   0   1
    CTG   0   0   0   0   0   0 |     CCG   0   0   0   0   0   0 |     CAG   3   3   3   3   3   2 |     CGG   0   0   0   0   1   0
--------------------------------------------------------------------------------------------------------------------------------------
Ile ATT   0   0   0   0   1   0 | Thr ACT   0   0   0   0   0   1 | Asn AAT   0   0   1   0   0   1 | Ser AGT   1   0   1   2   1   1
    ATC   1   1   1   1   0   1 |     ACC   1   1   1   1   1   0 |     AAC   2   2   1   2   2   1 |     AGC   2   3   2   2   2   2
    ATA   0   0   0   0   0   0 |     ACA   1   1   1   1   1   1 | Lys AAA   2   2   2   2   2   2 | Arg AGA   0   1   0   1   1   1
Met ATG   1   1   1   1   1   1 |     ACG   0   0   0   0   0   0 |     AAG   2   2   2   2   2   2 |     AGG   2   1   2   2   1   1
--------------------------------------------------------------------------------------------------------------------------------------
Val GTT   0   0   0   0   0   0 | Ala GCT   1   1   1   1   1   1 | Asp GAT   1   0   1   0   0   0 | Gly GGT   1   2   1   0   2   1
    GTC   0   2   0   0   1   1 |     GCC   1   1   2   1   2   1 |     GAC   3   4   3   4   4   4 |     GGC   1   1   1   1   0   0
    GTA   1   0   1   1   1   1 |     GCA   3   2   2   3   1   2 | Glu GAA   1   1   1   1   1   1 |     GGA   3   2   3   3   3   4
    GTG   2   1   2   2   1   1 |     GCG   0   1   0   0   1   1 |     GAG   2   2   2   2   2   2 |     GGG   1   1   1   1   1   1
--------------------------------------------------------------------------------------------------------------------------------------

--------------------------------------------------------------------------------------------------------------------------------------
Phe TTT   0   0   0   0   0   0 | Ser TCT   1   1   1   1   1   1 | Tyr TAT   0   0   0   0   0   0 | Cys TGT   0   0   0   0   0   0
    TTC   1   1   1   1   1   1 |     TCC   1   0   0   0   0   0 |     TAC   0   0   0   0   0   0 |     TGC   0   0   0   0   0   0
Leu TTA   1   1   1   1   1   1 |     TCA   0   1   0   1   1   1 | *** TAA   0   0   0   0   0   0 | *** TGA   0   0   0   0   0   0
    TTG   0   0   0   0   0   0 |     TCG   2   2   3   2   2   2 |     TAG   0   0   0   0   0   0 | Trp TGG   2   2   2   2   2   2
--------------------------------------------------------------------------------------------------------------------------------------
Leu CTT   0   0   0   0   0   0 | Pro CCT   0   0   0   0   0   0 | His CAT   1   1   1   0   1   1 | Arg CGT   0   0   0   0   0   0
    CTC   1   1   1   1   1   1 |     CCC   0   0   0   0   0   0 |     CAC   3   3   3   4   3   3 |     CGC   0   0   0   0   0   0
    CTA   1   1   1   1   1   1 |     CCA   0   0   0   0   0   0 | Gln CAA   2   2   2   2   2   2 |     CGA   1   1   1   1   1   1
    CTG   0   0   0   0   0   0 |     CCG   0   0   0   0   0   0 |     CAG   3   3   3   3   3   3 |     CGG   0   0   0   0   0   0
--------------------------------------------------------------------------------------------------------------------------------------
Ile ATT   0   0   0   0   0   0 | Thr ACT   0   0   0   0   0   0 | Asn AAT   0   0   1   1   1   0 | Ser AGT   1   1   0   1   1   1
    ATC   1   1   1   1   1   1 |     ACC   0   1   1   1   1   1 |     AAC   2   2   1   1   1   2 |     AGC   2   2   3   2   2   2
    ATA   0   0   0   0   0   0 |     ACA   1   1   1   1   1   1 | Lys AAA   2   2   2   2   2   2 | Arg AGA   0   0   0   0   0   1
Met ATG   1   1   1   1   1   1 |     ACG   0   0   0   0   0   0 |     AAG   2   2   2   2   2   2 |     AGG   2   2   2   2   2   1
--------------------------------------------------------------------------------------------------------------------------------------
Val GTT   0   0   0   0   0   0 | Ala GCT   1   1   1   1   1   2 | Asp GAT   0   1   0   0   0   0 | Gly GGT   1   1   0   2   1   1
    GTC   0   0   0   0   0   0 |     GCC   2   1   1   1   2   2 |     GAC   4   3   4   4   4   4 |     GGC   1   1   2   0   1   1
    GTA   1   1   1   1   1   1 |     GCA   3   3   2   3   2   1 | Glu GAA   1   1   1   1   1   1 |     GGA   3   3   3   3   3   3
    GTG   2   2   2   2   2   2 |     GCG   0   0   1   0   0   0 |     GAG   2   2   2   2   2   2 |     GGG   1   1   1   1   1   1
--------------------------------------------------------------------------------------------------------------------------------------

--------------------------------------------------------------------------------------------------------------------------------------
Phe TTT   0   0   0   0   0   0 | Ser TCT   1   1   1   0   1   1 | Tyr TAT   0   0   0   0   0   0 | Cys TGT   0   0   0   0   0   0
    TTC   1   1   1   1   1   1 |     TCC   0   0   0   1   0   0 |     TAC   0   0   0   0   0   0 |     TGC   0   0   0   0   0   0
Leu TTA   1   1   1   1   1   1 |     TCA   1   1   1   0   1   1 | *** TAA   0   0   0   0   0   0 | *** TGA   0   0   0   0   0   0
    TTG   0   0   0   0   0   0 |     TCG   2   2   2   3   2   2 |     TAG   0   0   0   0   0   0 | Trp TGG   2   2   2   2   2   2
--------------------------------------------------------------------------------------------------------------------------------------
Leu CTT   0   0   0   0   0   0 | Pro CCT   0   0   0   0   0   0 | His CAT   1   1   1   1   1   0 | Arg CGT   0   0   0   0   0   0
    CTC   1   1   1   1   1   1 |     CCC   0   0   0   0   0   0 |     CAC   3   3   3   3   3   4 |     CGC   0   0   0   0   0   0
    CTA   1   1   1   1   1   1 |     CCA   0   0   0   0   0   0 | Gln CAA   2   2   2   2   2   2 |     CGA   1   1   0   1   1   1
    CTG   0   0   0   0   0   0 |     CCG   0   0   0   0   0   0 |     CAG   3   3   3   3   3   3 |     CGG   0   0   1   0   0   0
--------------------------------------------------------------------------------------------------------------------------------------
Ile ATT   0   0   0   0   1   0 | Thr ACT   0   0   0   0   0   0 | Asn AAT   0   1   1   1   1   1 | Ser AGT   1   1   1   0   1   1
    ATC   1   1   1   1   0   1 |     ACC   1   1   1   1   1   1 |     AAC   2   1   1   1   1   1 |     AGC   2   2   2   3   2   2
    ATA   0   0   0   0   0   0 |     ACA   1   1   1   1   1   1 | Lys AAA   2   2   2   2   2   2 | Arg AGA   0   0   0   0   0   0
Met ATG   1   1   1   1   1   1 |     ACG   0   0   0   0   0   0 |     AAG   2   2   2   2   2   2 |     AGG   2   2   2   2   2   2
--------------------------------------------------------------------------------------------------------------------------------------
Val GTT   0   0   0   0   0   0 | Ala GCT   1   1   1   1   1   2 | Asp GAT   0   0   0   0   0   0 | Gly GGT   1   1   1   0   1   1
    GTC   0   0   0   0   0   0 |     GCC   1   1   1   1   1   1 |     GAC   4   4   4   4   4   4 |     GGC   1   1   1   2   1   1
    GTA   1   1   1   0   1   1 |     GCA   3   3   3   2   3   2 | Glu GAA   1   1   1   1   1   1 |     GGA   3   3   3   3   3   3
    GTG   2   2   2   3   2   2 |     GCG   0   0   0   1   0   0 |     GAG   2   2   2   2   2   2 |     GGG   1   1   1   1   1   1
--------------------------------------------------------------------------------------------------------------------------------------

--------------------------------------------------------------------------------------------------------------------------------------
Phe TTT   0   0   0   0   0   0 | Ser TCT   1   1   1   1   1   1 | Tyr TAT   0   0   0   0   0   0 | Cys TGT   0   0   0   0   0   0
    TTC   1   1   1   1   1   1 |     TCC   0   0   0   0   0   0 |     TAC   0   0   0   0   0   0 |     TGC   0   0   0   0   0   0
Leu TTA   1   1   1   1   1   1 |     TCA   1   1   1   1   1   1 | *** TAA   0   0   0   0   0   0 | *** TGA   0   0   0   0   0   0
    TTG   0   0   0   0   0   0 |     TCG   2   2   2   2   2   2 |     TAG   0   0   0   0   0   0 | Trp TGG   2   2   2   2   2   2
--------------------------------------------------------------------------------------------------------------------------------------
Leu CTT   0   0   0   0   0   0 | Pro CCT   0   0   0   0   0   0 | His CAT   1   1   1   1   0   1 | Arg CGT   0   0   0   0   0   0
    CTC   1   1   1   1   1   1 |     CCC   0   0   0   0   0   0 |     CAC   3   2   3   3   4   3 |     CGC   0   1   0   0   0   0
    CTA   1   1   1   1   1   1 |     CCA   0   0   0   0   0   0 | Gln CAA   2   2   2   2   2   2 |     CGA   1   1   1   1   1   1
    CTG   0   0   0   0   0   0 |     CCG   0   0   0   0   0   0 |     CAG   3   3   3   3   3   3 |     CGG   0   0   0   0   0   0
--------------------------------------------------------------------------------------------------------------------------------------
Ile ATT   0   0   0   0   0   0 | Thr ACT   0   0   0   0   0   0 | Asn AAT   0   0   0   1   1   0 | Ser AGT   1   1   1   2   1   1
    ATC   1   1   1   1   1   1 |     ACC   1   1   1   1   1   1 |     AAC   2   2   2   1   1   2 |     AGC   2   2   2   2   2   2
    ATA   0   0   0   0   0   0 |     ACA   1   1   1   1   1   1 | Lys AAA   2   2   2   2   2   2 | Arg AGA   0   0   0   0   0   0
Met ATG   1   1   1   1   1   1 |     ACG   0   0   0   0   0   0 |     AAG   2   2   2   2   2   2 |     AGG   2   2   2   2   2   2
--------------------------------------------------------------------------------------------------------------------------------------
Val GTT   0   0   0   0   0   0 | Ala GCT   1   1   1   1   1   1 | Asp GAT   0   0   1   0   0   0 | Gly GGT   1   1   1   0   1   1
    GTC   0   0   0   0   0   0 |     GCC   1   1   1   2   1   1 |     GAC   4   4   3   4   4   4 |     GGC   1   1   1   1   1   1
    GTA   1   1   1   1   1   1 |     GCA   3   3   3   2   3   3 | Glu GAA   1   1   1   1   1   1 |     GGA   3   3   3   3   3   3
    GTG   2   2   2   2   2   2 |     GCG   0   0   0   0   0   0 |     GAG   2   2   2   2   2   2 |     GGG   1   1   1   1   1   1
--------------------------------------------------------------------------------------------------------------------------------------

--------------------------------------------------------------------------------------------------------------------------------------
Phe TTT   0   0   0   0   0   0 | Ser TCT   1   1   1   1   1   1 | Tyr TAT   0   0   0   0   0   0 | Cys TGT   0   0   0   0   0   0
    TTC   1   1   1   1   1   1 |     TCC   0   0   0   0   0   0 |     TAC   0   0   0   0   0   0 |     TGC   0   0   0   0   0   0
Leu TTA   1   1   1   1   1   1 |     TCA   1   1   1   1   1   1 | *** TAA   0   0   0   0   0   0 | *** TGA   0   0   0   0   0   0
    TTG   0   0   0   0   0   0 |     TCG   2   2   2   2   2   2 |     TAG   0   0   0   0   0   0 | Trp TGG   2   2   2   2   2   2
--------------------------------------------------------------------------------------------------------------------------------------
Leu CTT   0   0   0   0   0   0 | Pro CCT   0   0   0   0   0   0 | His CAT   1   1   1   0   1   1 | Arg CGT   0   0   0   0   0   0
    CTC   1   1   1   1   1   1 |     CCC   0   0   0   0   0   0 |     CAC   3   3   3   4   3   3 |     CGC   0   0   0   0   0   0
    CTA   1   1   1   1   1   1 |     CCA   0   0   0   0   0   0 | Gln CAA   2   2   2   2   2   2 |     CGA   1   1   1   1   1   1
    CTG   0   0   0   0   0   0 |     CCG   0   0   0   0   0   0 |     CAG   3   3   3   3   3   3 |     CGG   0   0   0   0   0   0
--------------------------------------------------------------------------------------------------------------------------------------
Ile ATT   0   0   0   0   0   0 | Thr ACT   0   0   0   0   0   0 | Asn AAT   0   0   0   1   1   1 | Ser AGT   1   1   1   1   1   2
    ATC   1   1   1   1   1   1 |     ACC   1   1   1   1   1   1 |     AAC   2   2   2   1   1   1 |     AGC   2   2   2   2   2   2
    ATA   0   0   0   0   0   0 |     ACA   1   1   1   1   1   1 | Lys AAA   1   2   2   2   2   2 | Arg AGA   1   1   0   0   0   0
Met ATG   1   1   1   1   1   1 |     ACG   0   0   0   0   0   0 |     AAG   3   2   2   2   2   2 |     AGG   1   1   2   2   2   2
--------------------------------------------------------------------------------------------------------------------------------------
Val GTT   0   0   0   0   0   0 | Ala GCT   1   1   1   1   1   1 | Asp GAT   0   0   0   0   0   0 | Gly GGT   1   1   1   1   1   1
    GTC   0   0   0   0   0   0 |     GCC   2   1   1   1   1   2 |     GAC   4   4   4   4   4   4 |     GGC   1   1   1   1   1   0
    GTA   1   1   1   1   1   1 |     GCA   2   3   3   3   3   2 | Glu GAA   1   1   1   1   1   1 |     GGA   3   3   3   3   3   3
    GTG   2   2   2   2   2   2 |     GCG   0   0   0   0   0   0 |     GAG   2   2   2   2   2   2 |     GGG   1   1   1   1   1   1
--------------------------------------------------------------------------------------------------------------------------------------

--------------------------------------------------------------------------------------------------------------------------------------
Phe TTT   0   0   0   0   0   0 | Ser TCT   1   1   1   0   1   1 | Tyr TAT   0   0   0   0   0   0 | Cys TGT   0   0   0   0   0   0
    TTC   1   1   1   1   1   1 |     TCC   0   0   0   1   0   0 |     TAC   0   0   0   0   0   0 |     TGC   0   0   0   0   0   0
Leu TTA   1   1   1   1   1   1 |     TCA   1   1   1   1   1   1 | *** TAA   0   0   0   0   0   0 | *** TGA   0   0   0   0   0   0
    TTG   0   0   0   0   0   0 |     TCG   2   2   2   2   2   2 |     TAG   0   0   0   0   0   0 | Trp TGG   2   2   2   2   2   2
--------------------------------------------------------------------------------------------------------------------------------------
Leu CTT   0   0   0   0   0   0 | Pro CCT   0   0   0   0   0   0 | His CAT   0   1   1   1   1   0 | Arg CGT   0   0   0   0   0   0
    CTC   1   1   0   1   1   1 |     CCC   0   0   0   0   0   0 |     CAC   4   3   3   3   3   3 |     CGC   0   0   0   0   0   1
    CTA   1   1   1   1   1   1 |     CCA   0   0   0   0   0   0 | Gln CAA   2   2   2   2   2   2 |     CGA   1   1   1   1   1   1
    CTG   0   0   1   0   0   0 |     CCG   0   0   0   0   0   0 |     CAG   3   3   3   3   3   3 |     CGG   0   0   0   0   0   0
--------------------------------------------------------------------------------------------------------------------------------------
Ile ATT   1   0   0   0   0   0 | Thr ACT   0   0   0   0   0   0 | Asn AAT   1   1   0   1   0   1 | Ser AGT   1   1   1   0   1   1
    ATC   0   1   1   1   1   1 |     ACC   1   1   1   1   1   1 |     AAC   1   1   2   1   2   1 |     AGC   2   2   2   3   2   2
    ATA   0   0   0   0   0   0 |     ACA   1   1   1   1   1   1 | Lys AAA   2   2   2   2   2   2 | Arg AGA   0   0   1   0   0   0
Met ATG   1   1   1   1   1   1 |     ACG   0   0   0   0   0   0 |     AAG   2   2   2   2   2   2 |     AGG   2   2   1   2   2   2
--------------------------------------------------------------------------------------------------------------------------------------
Val GTT   0   0   0   0   0   0 | Ala GCT   1   1   2   1   1   1 | Asp GAT   0   0   0   0   1   0 | Gly GGT   1   1   1   0   0   1
    GTC   0   0   0   0   0   0 |     GCC   1   2   2   1   1   1 |     GAC   4   4   4   4   3   4 |     GGC   1   1   1   2   2   1
    GTA   1   1   1   1   1   1 |     GCA   3   2   1   2   3   3 | Glu GAA   1   1   1   1   1   1 |     GGA   3   3   3   3   3   3
    GTG   2   2   2   2   2   2 |     GCG   0   0   0   1   0   0 |     GAG   2   2   2   2   2   2 |     GGG   1   1   1   1   1   1
--------------------------------------------------------------------------------------------------------------------------------------

--------------------------------------------------------------------------------------------------------------------------------------
Phe TTT   0   0   0   0   0   0 | Ser TCT   1   1   1   1   1   1 | Tyr TAT   0   0   0   0   0   0 | Cys TGT   0   0   0   0   0   0
    TTC   1   1   1   1   1   1 |     TCC   0   0   0   1   1   1 |     TAC   0   0   0   0   0   0 |     TGC   0   0   0   0   0   0
Leu TTA   1   1   1   1   1   1 |     TCA   1   1   1   0   1   0 | *** TAA   0   0   0   0   0   0 | *** TGA   0   0   0   0   0   0
    TTG   0   0   0   0   0   0 |     TCG   2   2   2   2   1   2 |     TAG   0   0   0   0   0   0 | Trp TGG   2   2   2   2   2   2
--------------------------------------------------------------------------------------------------------------------------------------
Leu CTT   0   0   0   0   0   0 | Pro CCT   0   0   0   0   0   0 | His CAT   1   1   1   1   1   1 | Arg CGT   0   0   0   0   0   0
    CTC   1   1   1   1   1   1 |     CCC   0   0   0   0   0   0 |     CAC   3   3   3   3   2   3 |     CGC   0   0   0   0   1   0
    CTA   1   1   1   1   1   1 |     CCA   0   0   0   0   0   0 | Gln CAA   1   2   2   2   2   2 |     CGA   1   1   1   1   1   1
    CTG   0   0   0   0   0   0 |     CCG   0   0   0   0   0   0 |     CAG   4   3   3   3   3   3 |     CGG   0   0   0   0   0   0
--------------------------------------------------------------------------------------------------------------------------------------
Ile ATT   0   0   0   0   0   0 | Thr ACT   0   0   0   0   0   0 | Asn AAT   1   1   0   0   1   0 | Ser AGT   1   1   1   1   2   1
    ATC   1   1   1   0   1   1 |     ACC   1   1   1   0   1   1 |     AAC   1   1   2   2   1   2 |     AGC   2   2   2   2   2   2
    ATA   0   0   0   1   0   0 |     ACA   1   1   1   1   1   1 | Lys AAA   2   2   2   2   2   2 | Arg AGA   0   0   0   0   0   1
Met ATG   1   1   1   1   1   1 |     ACG   0   0   0   0   0   0 |     AAG   2   2   2   2   2   2 |     AGG   2   2   2   2   2   1
--------------------------------------------------------------------------------------------------------------------------------------
Val GTT   0   0   0   0   0   0 | Ala GCT   1   1   1   1   1   1 | Asp GAT   1   0   0   0   0   0 | Gly GGT   1   2   1   1   0   1
    GTC   0   0   0   0   0   0 |     GCC   1   1   1   2   1   1 |     GAC   3   4   4   4   4   4 |     GGC   1   0   1   1   1   2
    GTA   1   1   1   1   1   1 |     GCA   3   3   3   3   3   3 | Glu GAA   1   1   1   1   1   1 |     GGA   3   3   3   3   3   2
    GTG   2   2   2   2   2   2 |     GCG   0   0   0   0   0   0 |     GAG   2   2   2   2   2   2 |     GGG   1   1   1   1   1   1
--------------------------------------------------------------------------------------------------------------------------------------

--------------------------------------------------------------------------------------------------------------------------------------
Phe TTT   0   0   0   0   0   0 | Ser TCT   1   1   1   1   1   0 | Tyr TAT   0   0   0   0   0   0 | Cys TGT   0   0   0   0   0   0
    TTC   1   1   1   1   1   1 |     TCC   0   0   0   2   0   1 |     TAC   0   0   0   0   0   0 |     TGC   0   0   0   0   0   0
Leu TTA   1   1   1   1   1   1 |     TCA   1   1   1   0   1   1 | *** TAA   0   0   0   0   0   0 | *** TGA   0   0   0   0   0   0
    TTG   0   0   0   0   0   0 |     TCG   2   2   2   1   2   2 |     TAG   0   0   0   0   0   0 | Trp TGG   2   2   2   2   2   2
--------------------------------------------------------------------------------------------------------------------------------------
Leu CTT   0   0   0   0   0   0 | Pro CCT   0   0   0   0   0   0 | His CAT   1   0   1   0   1   0 | Arg CGT   0   0   0   0   0   0
    CTC   1   1   1   1   1   1 |     CCC   0   0   0   0   0   0 |     CAC   3   4   3   4   3   3 |     CGC   0   0   0   0   0   1
    CTA   1   1   1   1   1   1 |     CCA   0   0   0   0   0   0 | Gln CAA   2   2   2   2   2   2 |     CGA   1   1   1   1   1   1
    CTG   0   0   0   0   0   0 |     CCG   0   0   0   0   0   0 |     CAG   3   3   3   3   3   3 |     CGG   0   0   0   0   0   0
--------------------------------------------------------------------------------------------------------------------------------------
Ile ATT   0   0   0   0   0   0 | Thr ACT   0   0   0   0   0   0 | Asn AAT   0   1   0   0   1   1 | Ser AGT   1   0   1   1   1   1
    ATC   1   1   1   1   1   1 |     ACC   1   1   1   1   1   1 |     AAC   2   1   2   2   1   1 |     AGC   2   3   2   2   2   2
    ATA   0   0   0   0   0   0 |     ACA   1   1   1   1   1   1 | Lys AAA   1   2   2   2   2   2 | Arg AGA   1   0   1   0   0   0
Met ATG   1   1   1   1   1   1 |     ACG   0   0   0   0   0   0 |     AAG   3   2   2   2   2   2 |     AGG   1   2   1   2   2   2
--------------------------------------------------------------------------------------------------------------------------------------
Val GTT   0   0   0   0   0   0 | Ala GCT   1   1   2   1   1   1 | Asp GAT   0   0   0   0   0   0 | Gly GGT   1   1   1   1   2   0
    GTC   0   0   0   0   0   0 |     GCC   2   1   2   1   1   1 |     GAC   4   4   4   4   4   4 |     GGC   1   1   1   1   0   2
    GTA   1   1   1   1   1   1 |     GCA   2   3   1   3   3   2 | Glu GAA   1   1   1   1   1   1 |     GGA   3   3   3   2   3   3
    GTG   2   2   2   2   2   2 |     GCG   0   0   0   0   0   1 |     GAG   2   2   2   2   2   2 |     GGG   1   1   1   2   1   1
--------------------------------------------------------------------------------------------------------------------------------------

--------------------------------------------------------------------------------------------------------------------------------------
Phe TTT   0   0   0   0   0   0 | Ser TCT   2   1   1   1   1   1 | Tyr TAT   0   0   0   0   0   0 | Cys TGT   0   0   0   0   0   0
    TTC   1   1   1   1   1   1 |     TCC   0   0   0   0   0   0 |     TAC   0   0   0   0   0   0 |     TGC   0   0   0   0   0   0
Leu TTA   1   1   1   1   1   1 |     TCA   0   2   1   2   1   1 | *** TAA   0   0   0   0   0   0 | *** TGA   0   0   0   0   0   0
    TTG   0   0   0   0   0   0 |     TCG   2   1   2   1   2   2 |     TAG   0   0   0   0   0   0 | Trp TGG   2   2   2   2   2   2
--------------------------------------------------------------------------------------------------------------------------------------
Leu CTT   0   0   0   0   0   0 | Pro CCT   0   0   0   0   0   0 | His CAT   0   1   1   1   1   1 | Arg CGT   0   0   0   0   0   0
    CTC   1   1   1   1   1   1 |     CCC   0   0   0   0   0   0 |     CAC   4   3   3   3   3   3 |     CGC   0   0   0   0   0   0
    CTA   1   1   1   1   1   1 |     CCA   0   0   0   0   0   0 | Gln CAA   2   2   2   2   2   2 |     CGA   1   1   1   0   1   1
    CTG   0   0   0   0   0   0 |     CCG   0   0   0   0   0   0 |     CAG   3   3   3   3   3   3 |     CGG   0   0   0   0   0   0
--------------------------------------------------------------------------------------------------------------------------------------
Ile ATT   0   0   0   0   0   0 | Thr ACT   0   0   0   0   0   0 | Asn AAT   1   1   1   0   1   1 | Ser AGT   1   0   1   2   1   1
    ATC   1   1   1   1   1   1 |     ACC   1   1   1   1   1   1 |     AAC   1   1   1   2   1   1 |     AGC   2   3   2   2   2   2
    ATA   0   0   0   0   0   0 |     ACA   1   1   1   1   1   1 | Lys AAA   2   2   2   2   2   2 | Arg AGA   0   0   0   1   0   0
Met ATG   1   1   1   1   1   1 |     ACG   0   0   0   0   0   0 |     AAG   2   2   2   2   2   2 |     AGG   2   2   2   2   2   2
--------------------------------------------------------------------------------------------------------------------------------------
Val GTT   0   0   0   0   0   0 | Ala GCT   1   1   1   1   1   1 | Asp GAT   0   0   0   0   0   0 | Gly GGT   1   1   0   0   1   1
    GTC   0   0   0   0   0   0 |     GCC   1   1   1   1   2   2 |     GAC   4   4   4   4   4   4 |     GGC   1   1   2   1   1   1
    GTA   1   1   1   1   1   1 |     GCA   3   3   3   3   1   2 | Glu GAA   1   1   1   1   1   1 |     GGA   3   3   2   3   3   3
    GTG   2   2   2   2   2   2 |     GCG   0   0   0   0   1   0 |     GAG   2   2   2   2   2   2 |     GGG   1   1   2   1   1   1
--------------------------------------------------------------------------------------------------------------------------------------

Codon position x base (3x4) table for each sequence.

#1: Argali         
position  1:    T:0.14286    C:0.21429    A:0.26786    G:0.37500
position  2:    T:0.16071    C:0.19643    A:0.39286    G:0.25000
position  3:    T:0.10714    C:0.28571    A:0.30357    G:0.30357
Average         T:0.13690    C:0.23214    A:0.32143    G:0.30952

#2: LesserMouseDeer
position  1:    T:0.14286    C:0.21429    A:0.26786    G:0.37500
position  2:    T:0.16071    C:0.19643    A:0.39286    G:0.25000
position  3:    T:0.07143    C:0.41071    A:0.23214    G:0.28571
Average         T:0.12500    C:0.27381    A:0.29762    G:0.30357

#3: LesserKudu     
position  1:    T:0.14286    C:0.21429    A:0.26786    G:0.37500
position  2:    T:0.16071    C:0.19643    A:0.39286    G:0.25000
position  3:    T:0.12500    C:0.28571    A:0.28571    G:0.30357
Average         T:0.14286    C:0.23214    A:0.31548    G:0.30952

#4: ForestMuskDeer2
position  1:    T:0.14286    C:0.19643    A:0.30357    G:0.35714
position  2:    T:0.16071    C:0.19643    A:0.39286    G:0.25000
position  3:    T:0.08929    C:0.30357    A:0.32143    G:0.28571
Average         T:0.13095    C:0.23214    A:0.33929    G:0.29762

#5: Camel          
position  1:    T:0.14286    C:0.21429    A:0.26786    G:0.37500
position  2:    T:0.16071    C:0.19643    A:0.39286    G:0.25000
position  3:    T:0.14286    C:0.28571    A:0.28571    G:0.28571
Average         T:0.14881    C:0.23214    A:0.31548    G:0.30357

#6: KillerWhale    
position  1:    T:0.14286    C:0.21429    A:0.26786    G:0.37500
position  2:    T:0.16071    C:0.19643    A:0.39286    G:0.25000
position  3:    T:0.14286    C:0.25000    A:0.35714    G:0.25000
Average         T:0.14881    C:0.22024    A:0.33929    G:0.29167

#7: DefassaWaterbuck
position  1:    T:0.14286    C:0.21429    A:0.25000    G:0.39286
position  2:    T:0.16071    C:0.19643    A:0.39286    G:0.25000
position  3:    T:0.08929    C:0.32143    A:0.28571    G:0.30357
Average         T:0.13095    C:0.24405    A:0.30952    G:0.31548

#8: Sheep          
position  1:    T:0.14286    C:0.21429    A:0.26786    G:0.37500
position  2:    T:0.16071    C:0.19643    A:0.39286    G:0.25000
position  3:    T:0.10714    C:0.28571    A:0.30357    G:0.30357
Average         T:0.13690    C:0.23214    A:0.32143    G:0.30952

#9: MaxwellsDuiker 
position  1:    T:0.14286    C:0.21429    A:0.26786    G:0.37500
position  2:    T:0.16071    C:0.19643    A:0.39286    G:0.25000
position  3:    T:0.07143    C:0.32143    A:0.26786    G:0.33929
Average         T:0.12500    C:0.24405    A:0.30952    G:0.32143

#10: GazellaPrzewalskyi
position  1:    T:0.14286    C:0.21429    A:0.26786    G:0.37500
position  2:    T:0.16071    C:0.19643    A:0.39286    G:0.25000
position  3:    T:0.10714    C:0.28571    A:0.30357    G:0.30357
Average         T:0.13690    C:0.23214    A:0.32143    G:0.30952

#11: MountainNyala  
position  1:    T:0.14286    C:0.21429    A:0.26786    G:0.37500
position  2:    T:0.16071    C:0.19643    A:0.39286    G:0.25000
position  3:    T:0.10714    C:0.30357    A:0.28571    G:0.30357
Average         T:0.13690    C:0.23810    A:0.31548    G:0.30952

#12: MuntiacusMuntjak
position  1:    T:0.14286    C:0.21429    A:0.26786    G:0.37500
position  2:    T:0.16071    C:0.19643    A:0.39286    G:0.25000
position  3:    T:0.10714    C:0.32143    A:0.28571    G:0.28571
Average         T:0.13690    C:0.24405    A:0.31548    G:0.30357

#13: goat           
position  1:    T:0.14286    C:0.21429    A:0.26786    G:0.37500
position  2:    T:0.16071    C:0.19643    A:0.39286    G:0.25000
position  3:    T:0.08929    C:0.30357    A:0.30357    G:0.30357
Average         T:0.13095    C:0.23810    A:0.32143    G:0.30952

#14: AfricanBuffalo 
position  1:    T:0.14286    C:0.21429    A:0.26786    G:0.37500
position  2:    T:0.16071    C:0.19643    A:0.39286    G:0.25000
position  3:    T:0.10714    C:0.28571    A:0.30357    G:0.30357
Average         T:0.13690    C:0.23214    A:0.32143    G:0.30952

#15: Topi           
position  1:    T:0.14286    C:0.21429    A:0.26786    G:0.37500
position  2:    T:0.16071    C:0.19643    A:0.39286    G:0.25000
position  3:    T:0.10714    C:0.28571    A:0.28571    G:0.32143
Average         T:0.13690    C:0.23214    A:0.31548    G:0.31548

#16: CommonDuiker   
position  1:    T:0.14286    C:0.21429    A:0.26786    G:0.37500
position  2:    T:0.16071    C:0.19643    A:0.39286    G:0.25000
position  3:    T:0.05357    C:0.33929    A:0.25000    G:0.35714
Average         T:0.11905    C:0.25000    A:0.30357    G:0.32738

#17: Suni           
position  1:    T:0.14286    C:0.21429    A:0.26786    G:0.37500
position  2:    T:0.16071    C:0.19643    A:0.39286    G:0.25000
position  3:    T:0.12500    C:0.26786    A:0.30357    G:0.30357
Average         T:0.14286    C:0.22619    A:0.32143    G:0.30952

#18: Springbuck     
position  1:    T:0.14286    C:0.21429    A:0.26786    G:0.37500
position  2:    T:0.16071    C:0.19643    A:0.39286    G:0.25000
position  3:    T:0.10714    C:0.30357    A:0.28571    G:0.30357
Average         T:0.13690    C:0.23810    A:0.31548    G:0.30952

#19: Okapi          
position  1:    T:0.14286    C:0.21429    A:0.26786    G:0.37500
position  2:    T:0.16071    C:0.19643    A:0.39286    G:0.25000
position  3:    T:0.08929    C:0.30357    A:0.30357    G:0.30357
Average         T:0.13095    C:0.23810    A:0.32143    G:0.30952

#20: Giraffe        
position  1:    T:0.14286    C:0.21429    A:0.26786    G:0.37500
position  2:    T:0.16071    C:0.19643    A:0.37500    G:0.26786
position  3:    T:0.08929    C:0.30357    A:0.30357    G:0.30357
Average         T:0.13095    C:0.23810    A:0.31548    G:0.31548

#21: TibetanAntelope
position  1:    T:0.14286    C:0.21429    A:0.26786    G:0.37500
position  2:    T:0.16071    C:0.19643    A:0.39286    G:0.25000
position  3:    T:0.10714    C:0.28571    A:0.30357    G:0.30357
Average         T:0.13690    C:0.23214    A:0.32143    G:0.30952

#22: Sitatunga      
position  1:    T:0.14286    C:0.21429    A:0.28571    G:0.35714
position  2:    T:0.16071    C:0.19643    A:0.39286    G:0.25000
position  3:    T:0.10714    C:0.30357    A:0.28571    G:0.30357
Average         T:0.13690    C:0.23810    A:0.32143    G:0.30357

#23: Oribi          
position  1:    T:0.14286    C:0.21429    A:0.26786    G:0.37500
position  2:    T:0.16071    C:0.19643    A:0.39286    G:0.25000
position  3:    T:0.08929    C:0.30357    A:0.30357    G:0.30357
Average         T:0.13095    C:0.23810    A:0.32143    G:0.30952

#24: BarbarySheep   
position  1:    T:0.14286    C:0.21429    A:0.26786    G:0.37500
position  2:    T:0.16071    C:0.19643    A:0.39286    G:0.25000
position  3:    T:0.08929    C:0.30357    A:0.30357    G:0.30357
Average         T:0.13095    C:0.23810    A:0.32143    G:0.30952

#25: Daviddeer      
position  1:    T:0.14286    C:0.21429    A:0.26786    G:0.37500
position  2:    T:0.16071    C:0.19643    A:0.39286    G:0.25000
position  3:    T:0.08929    C:0.32143    A:0.28571    G:0.30357
Average         T:0.13095    C:0.24405    A:0.31548    G:0.30952

#26: Reindeer       
position  1:    T:0.14286    C:0.21429    A:0.26786    G:0.37500
position  2:    T:0.16071    C:0.19643    A:0.39286    G:0.25000
position  3:    T:0.08929    C:0.30357    A:0.32143    G:0.28571
Average         T:0.13095    C:0.23810    A:0.32738    G:0.30357

#27: Ibex           
position  1:    T:0.14286    C:0.21429    A:0.26786    G:0.37500
position  2:    T:0.16071    C:0.19643    A:0.39286    G:0.25000
position  3:    T:0.08929    C:0.30357    A:0.30357    G:0.30357
Average         T:0.13095    C:0.23810    A:0.32143    G:0.30952

#28: GyrantGazelle  
position  1:    T:0.14286    C:0.21429    A:0.26786    G:0.37500
position  2:    T:0.16071    C:0.19643    A:0.39286    G:0.25000
position  3:    T:0.08929    C:0.30357    A:0.30357    G:0.30357
Average         T:0.13095    C:0.23810    A:0.32143    G:0.30952

#29: Hartebeest     
position  1:    T:0.14286    C:0.21429    A:0.26786    G:0.37500
position  2:    T:0.16071    C:0.19643    A:0.39286    G:0.25000
position  3:    T:0.10714    C:0.28571    A:0.30357    G:0.30357
Average         T:0.13690    C:0.23214    A:0.32143    G:0.30952

#30: Bongo          
position  1:    T:0.14286    C:0.21429    A:0.28571    G:0.35714
position  2:    T:0.16071    C:0.19643    A:0.39286    G:0.25000
position  3:    T:0.12500    C:0.28571    A:0.28571    G:0.30357
Average         T:0.14286    C:0.23214    A:0.32143    G:0.30357

#31: Gerenuk        
position  1:    T:0.14286    C:0.21429    A:0.26786    G:0.37500
position  2:    T:0.16071    C:0.19643    A:0.39286    G:0.25000
position  3:    T:0.10714    C:0.28571    A:0.30357    G:0.30357
Average         T:0.13690    C:0.23214    A:0.32143    G:0.30952

#32: CommonEland    
position  1:    T:0.14286    C:0.21429    A:0.26786    G:0.37500
position  2:    T:0.16071    C:0.19643    A:0.39286    G:0.25000
position  3:    T:0.10714    C:0.30357    A:0.28571    G:0.30357
Average         T:0.13690    C:0.23810    A:0.31548    G:0.30952

#33: MuntiacusReevesi
position  1:    T:0.14286    C:0.21429    A:0.26786    G:0.37500
position  2:    T:0.16071    C:0.19643    A:0.39286    G:0.25000
position  3:    T:0.10714    C:0.30357    A:0.28571    G:0.30357
Average         T:0.13690    C:0.23810    A:0.31548    G:0.30952

#34: HarveysDuiker  
position  1:    T:0.14286    C:0.21429    A:0.26786    G:0.37500
position  2:    T:0.16071    C:0.19643    A:0.39286    G:0.25000
position  3:    T:0.05357    C:0.33929    A:0.28571    G:0.32143
Average         T:0.11905    C:0.25000    A:0.31548    G:0.31548

#35: Pronghorn      
position  1:    T:0.14286    C:0.21429    A:0.26786    G:0.37500
position  2:    T:0.16071    C:0.19643    A:0.39286    G:0.25000
position  3:    T:0.08929    C:0.30357    A:0.30357    G:0.30357
Average         T:0.13095    C:0.23810    A:0.32143    G:0.30952

#36: BlueWildebeest 
position  1:    T:0.14286    C:0.21429    A:0.26786    G:0.37500
position  2:    T:0.16071    C:0.19643    A:0.37500    G:0.26786
position  3:    T:0.08929    C:0.30357    A:0.30357    G:0.30357
Average         T:0.13095    C:0.23810    A:0.31548    G:0.31548

#37: Gemsbok        
position  1:    T:0.14286    C:0.21429    A:0.26786    G:0.37500
position  2:    T:0.16071    C:0.19643    A:0.39286    G:0.25000
position  3:    T:0.12500    C:0.26786    A:0.28571    G:0.32143
Average         T:0.14286    C:0.22619    A:0.31548    G:0.31548

#38: Yak            
position  1:    T:0.14286    C:0.21429    A:0.26786    G:0.37500
position  2:    T:0.16071    C:0.19643    A:0.39286    G:0.25000
position  3:    T:0.12500    C:0.26786    A:0.30357    G:0.30357
Average         T:0.14286    C:0.22619    A:0.32143    G:0.30952

#39: BlueSheep      
position  1:    T:0.14286    C:0.21429    A:0.26786    G:0.37500
position  2:    T:0.16071    C:0.19643    A:0.39286    G:0.25000
position  3:    T:0.08929    C:0.30357    A:0.30357    G:0.30357
Average         T:0.13095    C:0.23810    A:0.32143    G:0.30952

#40: BohorReedbuck  
position  1:    T:0.14286    C:0.21429    A:0.25000    G:0.39286
position  2:    T:0.16071    C:0.19643    A:0.39286    G:0.25000
position  3:    T:0.08929    C:0.30357    A:0.30357    G:0.30357
Average         T:0.13095    C:0.23810    A:0.31548    G:0.31548

#41: KirksDik       
position  1:    T:0.14286    C:0.21429    A:0.28571    G:0.35714
position  2:    T:0.16071    C:0.19643    A:0.37500    G:0.26786
position  3:    T:0.10714    C:0.30357    A:0.30357    G:0.28571
Average         T:0.13690    C:0.23810    A:0.32143    G:0.30357

#42: RoeDeer        
position  1:    T:0.14286    C:0.21429    A:0.26786    G:0.37500
position  2:    T:0.16071    C:0.19643    A:0.39286    G:0.25000
position  3:    T:0.08929    C:0.33929    A:0.28571    G:0.28571
Average         T:0.13095    C:0.25000    A:0.31548    G:0.30357

#43: WhiteLippedDeer
position  1:    T:0.14286    C:0.21429    A:0.26786    G:0.37500
position  2:    T:0.16071    C:0.19643    A:0.39286    G:0.25000
position  3:    T:0.08929    C:0.32143    A:0.28571    G:0.30357
Average         T:0.13095    C:0.24405    A:0.31548    G:0.30952

#44: ThomsonGazelle 
position  1:    T:0.14286    C:0.21429    A:0.26786    G:0.37500
position  2:    T:0.16071    C:0.19643    A:0.39286    G:0.25000
position  3:    T:0.07143    C:0.32143    A:0.30357    G:0.30357
Average         T:0.12500    C:0.24405    A:0.32143    G:0.30952

#45: MuntiacusCrinifrons
position  1:    T:0.14286    C:0.21429    A:0.26786    G:0.37500
position  2:    T:0.16071    C:0.19643    A:0.39286    G:0.25000
position  3:    T:0.10714    C:0.32143    A:0.28571    G:0.28571
Average         T:0.13690    C:0.24405    A:0.31548    G:0.30357

#46: WhiteTailedDeer
position  1:    T:0.14286    C:0.21429    A:0.26786    G:0.37500
position  2:    T:0.16071    C:0.19643    A:0.39286    G:0.25000
position  3:    T:0.07143    C:0.35714    A:0.26786    G:0.30357
Average         T:0.12500    C:0.25595    A:0.30952    G:0.30952

#47: Cattle         
position  1:    T:0.14286    C:0.21429    A:0.26786    G:0.37500
position  2:    T:0.16071    C:0.19643    A:0.39286    G:0.25000
position  3:    T:0.12500    C:0.26786    A:0.30357    G:0.30357
Average         T:0.14286    C:0.22619    A:0.32143    G:0.30952

#48: RoyalAntelope  
position  1:    T:0.14286    C:0.21429    A:0.26786    G:0.37500
position  2:    T:0.16071    C:0.19643    A:0.37500    G:0.26786
position  3:    T:0.05357    C:0.33929    A:0.28571    G:0.32143
Average         T:0.11905    C:0.25000    A:0.30952    G:0.32143

#49: Steenbok       
position  1:    T:0.14286    C:0.21429    A:0.26786    G:0.37500
position  2:    T:0.16071    C:0.19643    A:0.39286    G:0.25000
position  3:    T:0.10714    C:0.30357    A:0.28571    G:0.30357
Average         T:0.13690    C:0.23810    A:0.31548    G:0.30952

#50: Impala         
position  1:    T:0.14286    C:0.21429    A:0.26786    G:0.37500
position  2:    T:0.16071    C:0.19643    A:0.39286    G:0.25000
position  3:    T:0.08929    C:0.30357    A:0.32143    G:0.28571
Average         T:0.13095    C:0.23810    A:0.32738    G:0.30357

#51: Klipspringer   
position  1:    T:0.14286    C:0.21429    A:0.26786    G:0.37500
position  2:    T:0.16071    C:0.19643    A:0.39286    G:0.25000
