1
52 1
Argali 0.000000 0.147100 0.037000 0.120600 0.022100 0.005000 0.026800 0.027700 0.040500 0.043600 0.007700 0.027800 0.016600 0.027800 0.027800 0.027600 0.038000 0.037200 0.014300 0.035700 0.026500 0.009800 0.034500 0.040100 0.008800 0.034400 0.011000 0.033500 0.028800 0.033500 0.043700 0.026700 0.051100 0.011000 0.014300 0.030100 0.008700 0.018800 0.019800 0.040200 0.034400 0.031100 0.041800 0.044800 0.027800 0.026600 0.025400 0.024500 0.034700 0.038100 0.032300 0.033700
LesserMous 0.147100 0.000000 0.153800 0.164600 0.148700 0.152000 0.153700 0.150600 0.158000 0.157500 0.140600 0.151000 0.151200 0.158400 0.150300 0.156400 0.146300 0.148200 0.144700 0.157000 0.154600 0.143000 0.148500 0.156000 0.141900 0.162300 0.144500 0.151900 0.157600 0.154600 0.157700 0.160400 0.166600 0.147000 0.150100 0.146700 0.141800 0.144800 0.150200 0.155000 0.149700 0.162800 0.154800 0.161500 0.144000 0.160800 0.152800 0.152200 0.155800 0.150600 0.153000 0.154500
LesserKudu 0.037000 0.153800 0.000000 0.127500 0.035900 0.039900 0.044100 0.043200 0.014300 0.049800 0.031300 0.029300 0.038500 0.043000 0.040600 0.043800 0.046400 0.045600 0.035900 0.012100 0.040400 0.033500 0.040500 0.046200 0.032500 0.050800 0.032700 0.009900 0.045200 0.009900 0.049600 0.044100 0.058500 0.032700 0.040600 0.031600 0.032400 0.032500 0.037000 0.046300 0.039300 0.047400 0.047400 0.053300 0.029400 0.046300 0.041500 0.034900 0.043000 0.046400 0.008800 0.009900
KillerWhal 0.120600 0.164600 0.127500 0.000000 0.121700 0.124100 0.125000 0.120100 0.137100 0.126600 0.114400 0.118000 0.121300 0.131500 0.123100 0.130200 0.105100 0.113200 0.121000 0.131900 0.127800 0.116800 0.116300 0.123900 0.115700 0.136800 0.116200 0.127000 0.126000 0.129600 0.129400 0.132900 0.130200 0.116100 0.120900 0.120700 0.115500 0.118000 0.122500 0.125200 0.118800 0.133200 0.127200 0.130700 0.120800 0.129000 0.130600 0.122600 0.135300 0.115300 0.128400 0.129500
DefassaWat 0.022100 0.148700 0.035900 0.121700 0.000000 0.024900 0.029000 0.029900 0.039300 0.043700 0.016500 0.027900 0.023400 0.030100 0.027800 0.032100 0.035800 0.032600 0.023300 0.034600 0.026500 0.018700 0.034500 0.040100 0.017600 0.036700 0.017700 0.032300 0.031000 0.032300 0.041400 0.031200 0.046600 0.020000 0.025500 0.030100 0.017600 0.005500 0.023500 0.040200 0.034500 0.033400 0.041400 0.047200 0.027800 0.031100 0.025400 0.024500 0.037000 0.038300 0.031200 0.032500
Sheep 0.005000 0.152000 0.039900 0.124100 0.024900 0.000000 0.029700 0.030600 0.043500 0.046600 0.010300 0.030700 0.019400 0.030700 0.030700 0.030500 0.041000 0.040100 0.017100 0.038700 0.029400 0.012700 0.037400 0.043100 0.011400 0.037400 0.013700 0.036400 0.031700 0.036400 0.046600 0.029600 0.054200 0.013700 0.017100 0.033000 0.011500 0.021500 0.022500 0.043100 0.037400 0.034000 0.044700 0.047800 0.030700 0.029500 0.028300 0.027300 0.037700 0.041100 0.035200 0.036600
MaxwellsDu 0.026800 0.153700 0.044100 0.125000 0.029000 0.029700 0.000000 0.028800 0.047700 0.046100 0.021200 0.034900 0.030200 0.017700 0.034700 0.036900 0.040600 0.044300 0.026800 0.038200 0.033300 0.023400 0.036900 0.044900 0.022300 0.041500 0.024600 0.040600 0.035800 0.040600 0.046100 0.018800 0.056200 0.024600 0.029100 0.037200 0.022300 0.025700 0.027800 0.042700 0.036900 0.035900 0.044300 0.051900 0.034900 0.033600 0.032400 0.031500 0.039600 0.038400 0.039400 0.038500
GazellaPrz 0.027700 0.150600 0.043200 0.120100 0.029900 0.030600 0.028800 0.000000 0.046800 0.051700 0.022100 0.035200 0.031300 0.029000 0.035800 0.026500 0.041500 0.043000 0.028900 0.042000 0.025800 0.024300 0.042500 0.048100 0.023200 0.033200 0.025600 0.037400 0.027600 0.039700 0.051800 0.030100 0.053400 0.025600 0.030000 0.037500 0.023200 0.026600 0.019800 0.045900 0.041300 0.027700 0.049900 0.055200 0.035200 0.036800 0.024200 0.032400 0.039900 0.043800 0.038500 0.039900
MountainNy 0.040500 0.158000 0.014300 0.137100 0.039300 0.043500 0.047700 0.046800 0.000000 0.053000 0.034800 0.032800 0.041800 0.046400 0.044100 0.047200 0.049800 0.046600 0.039400 0.015400 0.043800 0.037000 0.043800 0.049500 0.035900 0.054200 0.036000 0.013200 0.048700 0.013200 0.050600 0.047500 0.062000 0.036000 0.044000 0.035200 0.035900 0.035900 0.040300 0.049600 0.042600 0.050900 0.050700 0.056100 0.032900 0.049700 0.045000 0.038300 0.046500 0.049800 0.012100 0.008800
MuntiacusM 0.043600 0.157500 0.049800 0.126600 0.043700 0.046600 0.046100 0.051700 0.053000 0.000000 0.038000 0.040300 0.045300 0.047300 0.047300 0.051500 0.034600 0.036000 0.045000 0.048300 0.047300 0.040200 0.015400 0.023100 0.039100 0.056300 0.039500 0.046000 0.052800 0.048400 0.008700 0.048600 0.055900 0.039500 0.047400 0.042800 0.039000 0.040300 0.042400 0.020900 0.015300 0.051700 0.004300 0.027600 0.040500 0.053000 0.049300 0.041600 0.052000 0.043800 0.047100 0.046200
goat 0.007700 0.140600 0.031300 0.114400 0.016500 0.010300 0.021200 0.022100 0.034800 0.038000 0.000000 0.022200 0.011000 0.022200 0.022200 0.022000 0.032400 0.031500 0.008800 0.030000 0.021000 0.002200 0.028900 0.034500 0.001100 0.028800 0.005500 0.027800 0.023200 0.027800 0.038000 0.021100 0.045400 0.005500 0.011000 0.023300 0.001100 0.013200 0.015400 0.034600 0.028900 0.025500 0.036200 0.041400 0.021100 0.021000 0.019800 0.018900 0.029000 0.032400 0.026700 0.028000
AfricanBuf 0.027800 0.151000 0.029300 0.118000 0.027900 0.030700 0.034900 0.035200 0.032800 0.040300 0.022200 0.000000 0.031400 0.036000 0.031400 0.038000 0.032700 0.031800 0.029200 0.028000 0.031200 0.024400 0.031200 0.036800 0.023300 0.040300 0.025700 0.025800 0.037100 0.025800 0.040200 0.037100 0.047800 0.025700 0.031300 0.018900 0.023300 0.024500 0.028900 0.036900 0.031200 0.034600 0.038000 0.043800 0.016600 0.033500 0.033600 0.028000 0.040900 0.037100 0.024600 0.026000
Topi 0.016600 0.151200 0.038500 0.121300 0.023400 0.019400 0.030200 0.031300 0.041800 0.045300 0.011000 0.031400 0.000000 0.031400 0.031400 0.031500 0.039400 0.038600 0.017800 0.037100 0.030100 0.013200 0.036100 0.041800 0.012100 0.038000 0.005500 0.034800 0.032300 0.034800 0.045300 0.028200 0.055300 0.007700 0.017800 0.033700 0.012100 0.020000 0.022200 0.041800 0.036000 0.034700 0.043400 0.048800 0.031400 0.030200 0.029100 0.028000 0.038400 0.041800 0.033800 0.035000
CommonDuik 0.027800 0.158400 0.043000 0.131500 0.030100 0.030700 0.017700 0.029000 0.046400 0.047300 0.022200 0.036000 0.031400 0.000000 0.036000 0.038000 0.044000 0.045600 0.027900 0.037000 0.032700 0.024400 0.040400 0.046100 0.023400 0.042600 0.025800 0.039400 0.036900 0.039400 0.047400 0.007700 0.057300 0.025700 0.030200 0.038300 0.023300 0.026800 0.028900 0.043900 0.040400 0.037000 0.045500 0.053200 0.036000 0.037000 0.033500 0.032600 0.039500 0.041700 0.038200 0.037200
Suni 0.027800 0.150300 0.040600 0.123100 0.027800 0.030700 0.034700 0.035800 0.044100 0.047300 0.022200 0.031400 0.031400 0.036000 0.000000 0.037900 0.041900 0.041000 0.027900 0.039300 0.034600 0.024400 0.035800 0.043700 0.023300 0.042600 0.025700 0.037100 0.036900 0.037100 0.047400 0.037100 0.050100 0.025700 0.031300 0.033600 0.023400 0.025000 0.028900 0.043800 0.038000 0.038800 0.045500 0.050800 0.031400 0.037000 0.031300 0.026800 0.040600 0.039400 0.035900 0.037300
Springbuck 0.027600 0.156400 0.043800 0.130200 0.032100 0.030500 0.036900 0.026500 0.047200 0.051500 0.022000 0.038000 0.031500 0.038000 0.037900 0.000000 0.048300 0.047500 0.028800 0.044700 0.025300 0.024200 0.042400 0.048200 0.023100 0.021900 0.025500 0.040200 0.016400 0.042500 0.051600 0.036800 0.056900 0.025500 0.028800 0.037900 0.023100 0.028900 0.022000 0.048300 0.041100 0.018700 0.049700 0.055200 0.033400 0.038900 0.026400 0.027800 0.039100 0.048300 0.041300 0.042700
Okapi 0.038000 0.146300 0.046400 0.105100 0.035800 0.041000 0.040600 0.041500 0.049800 0.034600 0.032400 0.032700 0.039400 0.044000 0.041900 0.048300 0.000000 0.014400 0.040000 0.044900 0.041400 0.034600 0.027800 0.035600 0.033500 0.050600 0.033700 0.040400 0.047200 0.042700 0.036900 0.045400 0.046500 0.033600 0.041600 0.036300 0.033500 0.032400 0.034500 0.033400 0.027700 0.047200 0.035000 0.042800 0.034000 0.042700 0.043700 0.038300 0.048600 0.035900 0.041500 0.042900
Giraffe 0.037200 0.148200 0.045600 0.113200 0.032600 0.040100 0.044300 0.043000 0.046600 0.036000 0.031500 0.031800 0.038600 0.045600 0.041000 0.047500 0.014400 0.000000 0.038600 0.044200 0.040600 0.033800 0.031400 0.037100 0.032700 0.049900 0.032800 0.039600 0.046300 0.041900 0.038300 0.046900 0.052700 0.032800 0.040800 0.035400 0.032600 0.031500 0.036000 0.037200 0.031400 0.046500 0.036400 0.044300 0.033100 0.046500 0.042900 0.037400 0.052600 0.042100 0.040700 0.042100
TibetanAnt 0.014300 0.144700 0.035900 0.121000 0.023300 0.017100 0.026800 0.028900 0.039400 0.045000 0.008800 0.029200 0.017800 0.027900 0.027900 0.028800 0.040000 0.038600 0.000000 0.034600 0.027700 0.011000 0.034700 0.041500 0.009900 0.035600 0.012200 0.032400 0.029900 0.032400 0.045000 0.026700 0.051400 0.012200 0.017700 0.031300 0.009900 0.019900 0.022100 0.041500 0.035800 0.032300 0.043200 0.048500 0.029000 0.027800 0.026600 0.025700 0.033600 0.039300 0.031200 0.032600
Sitatunga 0.035700 0.157000 0.012100 0.131900 0.034600 0.038700 0.038200 0.042000 0.015400 0.048300 0.030000 0.028000 0.037100 0.037000 0.039300 0.044700 0.044900 0.044200 0.034600 0.000000 0.037900 0.032300 0.039100 0.044700 0.031200 0.049400 0.031300 0.006600 0.043900 0.004400 0.048100 0.038100 0.057000 0.031300 0.039200 0.030400 0.031100 0.031200 0.035600 0.044800 0.037900 0.046000 0.045900 0.051800 0.028100 0.044900 0.040200 0.033600 0.044000 0.040400 0.005500 0.006600
Oribi 0.026500 0.154600 0.040400 0.127800 0.026500 0.029400 0.033300 0.025800 0.043800 0.047300 0.021000 0.031200 0.030100 0.032700 0.034600 0.025300 0.041400 0.040600 0.027700 0.037900 0.000000 0.023200 0.038200 0.043400 0.022100 0.029800 0.024500 0.036800 0.026500 0.035700 0.047300 0.036100 0.054500 0.024400 0.027700 0.035700 0.022000 0.023200 0.018700 0.043500 0.036900 0.024300 0.045500 0.049300 0.033500 0.035600 0.023100 0.027800 0.039200 0.040300 0.035700 0.037000
BarbaryShe 0.009800 0.143000 0.033500 0.116800 0.018700 0.012700 0.023400 0.024300 0.037000 0.040200 0.002200 0.024400 0.013200 0.024400 0.024400 0.024200 0.034600 0.033800 0.011000 0.032300 0.023200 0.000000 0.031100 0.036700 0.003300 0.031000 0.007700 0.030000 0.025400 0.030000 0.040200 0.023300 0.047600 0.007700 0.013200 0.025500 0.003300 0.015400 0.017600 0.036800 0.031000 0.027700 0.038400 0.043600 0.023300 0.023200 0.022000 0.021100 0.031200 0.034700 0.028900 0.030200
Daviddeer 0.034500 0.148500 0.040500 0.116300 0.034500 0.037400 0.036900 0.042500 0.043800 0.015400 0.028900 0.031200 0.036100 0.040400 0.035800 0.042400 0.027800 0.031400 0.034700 0.039100 0.038200 0.031100 0.000000 0.014200 0.030000 0.047100 0.030300 0.036800 0.043600 0.039200 0.015400 0.039400 0.047500 0.030300 0.038200 0.033500 0.030000 0.031200 0.033300 0.012000 0.002200 0.042500 0.013100 0.018700 0.031200 0.041400 0.039000 0.032400 0.045100 0.032400 0.038000 0.037000
Reindeer 0.040100 0.156000 0.046200 0.123900 0.040100 0.043100 0.044900 0.048100 0.049500 0.023100 0.034500 0.036800 0.041800 0.046100 0.043700 0.048200 0.035600 0.037100 0.041500 0.044700 0.043400 0.036700 0.014200 0.000000 0.035600 0.052900 0.036100 0.042500 0.047100 0.044800 0.023100 0.046300 0.050900 0.036100 0.044000 0.039100 0.035500 0.036700 0.038900 0.015300 0.014200 0.047200 0.020800 0.010900 0.037000 0.049300 0.045700 0.038000 0.048400 0.037900 0.043600 0.042700
Ibex 0.008800 0.141900 0.032500 0.115700 0.017600 0.011400 0.022300 0.023200 0.035900 0.039100 0.001100 0.023300 0.012100 0.023400 0.023300 0.023100 0.033500 0.032700 0.009900 0.031200 0.022100 0.003300 0.030000 0.035600 0.000000 0.029900 0.006600 0.028900 0.024300 0.029000 0.039100 0.022200 0.046500 0.006600 0.012100 0.024500 0.002200 0.014300 0.016500 0.035700 0.030000 0.026600 0.036800 0.042600 0.022200 0.022100 0.020900 0.020000 0.030100 0.033600 0.027800 0.029100
GyrantGaze 0.034400 0.162300 0.050800 0.136800 0.036700 0.037400 0.041500 0.033200 0.054200 0.056300 0.028800 0.040300 0.038000 0.042600 0.042600 0.021900 0.050600 0.049900 0.035600 0.049400 0.029800 0.031000 0.047100 0.052900 0.029900 0.000000 0.032400 0.044800 0.023100 0.047100 0.056300 0.043700 0.064100 0.032300 0.035600 0.039400 0.029900 0.033500 0.026400 0.053000 0.045800 0.016400 0.054500 0.060300 0.035900 0.037800 0.030900 0.034600 0.046100 0.051900 0.045900 0.047400
Hartebeest 0.011000 0.144500 0.032700 0.116200 0.017700 0.013700 0.024600 0.025600 0.036000 0.039500 0.005500 0.025700 0.005500 0.025800 0.025700 0.025500 0.033700 0.032800 0.012200 0.031300 0.024500 0.007700 0.030300 0.036100 0.006600 0.032400 0.000000 0.029100 0.026700 0.029100 0.039500 0.024800 0.049400 0.002200 0.014400 0.028000 0.006600 0.014400 0.016600 0.036000 0.030300 0.029000 0.037600 0.043000 0.025700 0.024500 0.023400 0.022400 0.032600 0.036100 0.028100 0.029200
Bongo 0.033500 0.151900 0.009900 0.127000 0.032300 0.036400 0.040600 0.037400 0.013200 0.046000 0.027800 0.025800 0.034800 0.039400 0.037100 0.040200 0.040400 0.039600 0.032400 0.006600 0.036800 0.030000 0.036800 0.042500 0.028900 0.044800 0.029100 0.000000 0.039300 0.004400 0.045900 0.040500 0.052400 0.029100 0.037000 0.025800 0.028900 0.029000 0.033400 0.042500 0.035600 0.043800 0.043700 0.049500 0.023600 0.042700 0.037900 0.033600 0.041700 0.042800 0.003300 0.006600
Gerenuk 0.028800 0.157600 0.045200 0.126000 0.031000 0.031700 0.035800 0.027600 0.048700 0.052800 0.023200 0.037100 0.032300 0.036900 0.036900 0.016400 0.047200 0.046300 0.029900 0.043900 0.026500 0.025400 0.043600 0.047100 0.024300 0.023100 0.026700 0.039300 0.000000 0.041600 0.052800 0.038000 0.055800 0.026700 0.027700 0.037100 0.024300 0.027900 0.023100 0.047200 0.042400 0.019800 0.051000 0.054200 0.032500 0.037800 0.027600 0.028900 0.036900 0.044900 0.040400 0.041800
CommonElan 0.033500 0.154600 0.009900 0.129600 0.032300 0.036400 0.040600 0.039700 0.013200 0.048400 0.027800 0.025800 0.034800 0.039400 0.037100 0.042500 0.042700 0.041900 0.032400 0.004400 0.035700 0.030000 0.039200 0.044800 0.029000 0.047100 0.029100 0.004400 0.041600 0.000000 0.048200 0.040500 0.054800 0.029100 0.037000 0.028200 0.028900 0.029000 0.033400 0.044900 0.038000 0.043800 0.046000 0.051900 0.025900 0.042700 0.038000 0.031400 0.041700 0.040500 0.003300 0.006600
MuntiacusR 0.043700 0.157700 0.049600 0.129400 0.041400 0.046600 0.046100 0.051800 0.050600 0.008700 0.038000 0.040200 0.045300 0.047400 0.047400 0.051600 0.036900 0.038300 0.045000 0.048100 0.047300 0.040200 0.015400 0.023100 0.039100 0.056300 0.039500 0.045900 0.052800 0.048200 0.000000 0.048700 0.055900 0.039500 0.047500 0.042500 0.039100 0.038000 0.042500 0.020900 0.015400 0.051700 0.006500 0.027700 0.040200 0.053000 0.049300 0.041700 0.052000 0.043800 0.047000 0.046100
HarveysDui 0.026700 0.160400 0.044100 0.132900 0.031200 0.029600 0.018800 0.030100 0.047500 0.048600 0.021100 0.037100 0.028200 0.007700 0.037100 0.036800 0.045400 0.046900 0.026700 0.038100 0.036100 0.023300 0.039400 0.046300 0.022200 0.043700 0.024800 0.040500 0.038000 0.040500 0.048700 0.000000 0.058500 0.024700 0.026800 0.039400 0.022200 0.027900 0.030200 0.042800 0.039400 0.036900 0.046800 0.052200 0.037100 0.038100 0.034600 0.033700 0.040600 0.042900 0.039300 0.038400
Pronghorn 0.051100 0.166600 0.058500 0.130200 0.046600 0.054200 0.056200 0.053400 0.062000 0.055900 0.045400 0.047800 0.055300 0.057300 0.050100 0.056900 0.046500 0.052700 0.051400 0.057000 0.054500 0.047600 0.047500 0.050900 0.046500 0.064100 0.049400 0.052400 0.055800 0.054800 0.055900 0.058500 0.000000 0.049300 0.055000 0.052500 0.046400 0.043000 0.052200 0.048700 0.047400 0.060300 0.053500 0.058100 0.050100 0.058200 0.054600 0.050600 0.057300 0.047600 0.053500 0.055000
BlueWildeb 0.011000 0.147000 0.032700 0.116100 0.020000 0.013700 0.024600 0.025600 0.036000 0.039500 0.005500 0.025700 0.007700 0.025700 0.025700 0.025500 0.033600 0.032800 0.012200 0.031300 0.024400 0.007700 0.030300 0.036100 0.006600 0.032300 0.002200 0.029100 0.026700 0.029100 0.039500 0.024700 0.049300 0.000000 0.014400 0.028000 0.006600 0.016600 0.016600 0.036000 0.030300 0.029000 0.037600 0.043000 0.025700 0.024500 0.023400 0.022400 0.032600 0.036000 0.028000 0.029200
Gemsbok 0.014300 0.150100 0.040600 0.120900 0.025500 0.017100 0.029100 0.030000 0.044000 0.047400 0.011000 0.031300 0.017800 0.030200 0.031300 0.028800 0.041600 0.040800 0.017700 0.039200 0.027700 0.013200 0.038200 0.044000 0.012100 0.035600 0.014400 0.037000 0.027700 0.037000 0.047500 0.026800 0.055000 0.014400 0.000000 0.033600 0.012100 0.022200 0.024300 0.044000 0.038200 0.031100 0.045600 0.051000 0.031300 0.026700 0.026600 0.025600 0.034800 0.041600 0.035800 0.037200
Yak 0.030100 0.146700 0.031600 0.120700 0.030100 0.033000 0.037200 0.037500 0.035200 0.042800 0.023300 0.018900 0.033700 0.038300 0.033600 0.037900 0.036300 0.035400 0.031300 0.030400 0.035700 0.025500 0.033500 0.039100 0.024500 0.039400 0.028000 0.025800 0.037100 0.028200 0.042500 0.039400 0.052500 0.028000 0.033600 0.000000 0.024400 0.026700 0.031200 0.039100 0.033400 0.038100 0.040300 0.043700 0.004400 0.038100 0.035700 0.028200 0.039400 0.039400 0.027000 0.028400
BlueSheep 0.008700 0.141800 0.032400 0.115500 0.017600 0.011500 0.022300 0.023200 0.035900 0.039000 0.001100 0.023300 0.012100 0.023300 0.023400 0.023100 0.033500 0.032600 0.009900 0.031100 0.022000 0.003300 0.030000 0.035500 0.002200 0.029900 0.006600 0.028900 0.024300 0.028900 0.039100 0.022200 0.046400 0.006600 0.012100 0.024400 0.000000 0.014300 0.016500 0.035600 0.029900 0.026600 0.037200 0.042500 0.022200 0.022200 0.018700 0.020000 0.030100 0.033500 0.027800 0.029100
BohorReedb 0.018800 0.144800 0.032500 0.118000 0.005500 0.021500 0.025700 0.026600 0.035900 0.040300 0.013200 0.024500 0.020000 0.026800 0.025000 0.028900 0.032400 0.031500 0.019900 0.031200 0.023200 0.015400 0.031200 0.036700 0.014300 0.033500 0.014400 0.029000 0.027900 0.029000 0.038000 0.027900 0.043000 0.016600 0.022200 0.026700 0.014300 0.000000 0.018700 0.036800 0.031100 0.030200 0.038000 0.043700 0.024600 0.025500 0.022100 0.021100 0.033600 0.034700 0.027800 0.029100
KirksDik 0.019800 0.150200 0.037000 0.122500 0.023500 0.022500 0.027800 0.019800 0.040300 0.042400 0.015400 0.028900 0.022200 0.028900 0.028900 0.022000 0.034500 0.036000 0.022100 0.035600 0.018700 0.017600 0.033300 0.038900 0.016500 0.026400 0.016600 0.033400 0.023100 0.033400 0.042500 0.030200 0.052200 0.016600 0.024300 0.031200 0.016500 0.018700 0.000000 0.039000 0.032100 0.023200 0.040600 0.045900 0.028900 0.028800 0.017500 0.025600 0.035700 0.039200 0.032200 0.033600
RoeDeer 0.040200 0.155000 0.046300 0.125200 0.040200 0.043100 0.042700 0.045900 0.049600 0.020900 0.034600 0.036900 0.041800 0.043900 0.043800 0.048300 0.033400 0.037200 0.041500 0.044800 0.043500 0.036800 0.012000 0.015300 0.035700 0.053000 0.036000 0.042500 0.047200 0.044900 0.020900 0.042800 0.048700 0.036000 0.044000 0.039100 0.035600 0.036800 0.039000 0.000000 0.012000 0.046100 0.018700 0.019800 0.037100 0.049500 0.046000 0.038100 0.048800 0.038000 0.043700 0.042800
WhiteLippe 0.034400 0.149700 0.039300 0.118800 0.034500 0.037400 0.036900 0.041300 0.042600 0.015300 0.028900 0.031200 0.036000 0.040400 0.038000 0.041100 0.027700 0.031400 0.035800 0.037900 0.036900 0.031000 0.002200 0.014200 0.030000 0.045800 0.030300 0.035600 0.042400 0.038000 0.015400 0.039400 0.047400 0.030300 0.038200 0.033400 0.029900 0.031100 0.032100 0.012000 0.000000 0.041300 0.013100 0.018700 0.031200 0.041400 0.037800 0.032400 0.045000 0.032300 0.036800 0.035800
ThomsonGaz 0.031100 0.162800 0.047400 0.133200 0.033400 0.034000 0.035900 0.027700 0.050900 0.051700 0.025500 0.034600 0.034700 0.037000 0.038800 0.018700 0.047200 0.046500 0.032300 0.046000 0.024300 0.027700 0.042500 0.047200 0.026600 0.016400 0.029000 0.043800 0.019800 0.043800 0.051700 0.036900 0.060300 0.029000 0.031100 0.038100 0.026600 0.030200 0.023200 0.046100 0.041300 0.000000 0.049900 0.055400 0.034600 0.036800 0.027400 0.031300 0.042400 0.049300 0.042600 0.044000
MuntiacusC 0.041800 0.154800 0.047400 0.127200 0.041400 0.044700 0.044300 0.049900 0.050700 0.004300 0.036200 0.038000 0.043400 0.045500 0.045500 0.049700 0.035000 0.036400 0.043200 0.045900 0.045500 0.038400 0.013100 0.020800 0.036800 0.054500 0.037600 0.043700 0.051000 0.046000 0.006500 0.046800 0.053500 0.037600 0.045600 0.040300 0.037200 0.038000 0.040600 0.018700 0.013100 0.049900 0.000000 0.025400 0.038000 0.051200 0.047500 0.039700 0.049600 0.041900 0.044800 0.043900
WhiteTaile 0.044800 0.161500 0.053300 0.130700 0.047200 0.047800 0.051900 0.055200 0.056100 0.027600 0.041400 0.043800 0.048800 0.053200 0.050800 0.055200 0.042800 0.044300 0.048500 0.051800 0.049300 0.043600 0.018700 0.010900 0.042600 0.060300 0.043000 0.049500 0.054200 0.051900 0.027700 0.052200 0.058100 0.043000 0.051000 0.043700 0.042500 0.043700 0.045900 0.019800 0.018700 0.055400 0.025400 0.000000 0.041700 0.056500 0.052800 0.045100 0.055500 0.044900 0.050600 0.049800
Cattle 0.027800 0.144000 0.029400 0.120800 0.027800 0.030700 0.034900 0.035200 0.032900 0.040500 0.021100 0.016600 0.031400 0.036000 0.031400 0.033400 0.034000 0.033100 0.029000 0.028100 0.033500 0.023300 0.031200 0.037000 0.022200 0.035900 0.025700 0.023600 0.032500 0.025900 0.040200 0.037100 0.050100 0.025700 0.031300 0.004400 0.022200 0.024600 0.028900 0.037100 0.031200 0.034600 0.038000 0.041700 0.000000 0.037000 0.033400 0.025900 0.037100 0.037100 0.024700 0.026100
RoyalAntel 0.026600 0.160800 0.046300 0.129000 0.031100 0.029500 0.033600 0.036800 0.049700 0.053000 0.021000 0.033500 0.030200 0.037000 0.037000 0.038900 0.042700 0.046500 0.027800 0.044900 0.035600 0.023200 0.041400 0.049300 0.022100 0.037800 0.024500 0.042700 0.037800 0.042700 0.053000 0.038100 0.058200 0.024500 0.026700 0.038100 0.022200 0.025500 0.028800 0.049500 0.041400 0.036800 0.051200 0.056500 0.037000 0.000000 0.033500 0.033600 0.043900 0.045100 0.041500 0.042900
Steenbok 0.025400 0.152800 0.041500 0.130600 0.025400 0.028300 0.032400 0.024200 0.045000 0.049300 0.019800 0.033600 0.029100 0.033500 0.031300 0.026400 0.043700 0.042900 0.026600 0.040200 0.023100 0.022000 0.039000 0.045700 0.020900 0.030900 0.023400 0.037900 0.027600 0.038000 0.049300 0.034600 0.054600 0.023400 0.026600 0.035700 0.018700 0.022100 0.017500 0.046000 0.037800 0.027400 0.047500 0.052800 0.033400 0.033500 0.000000 0.030100 0.038000 0.041400 0.036800 0.038200
Impala 0.024500 0.152200 0.034900 0.122600 0.024500 0.027300 0.031500 0.032400 0.038300 0.041600 0.018900 0.028000 0.028000 0.032600 0.026800 0.027800 0.038300 0.037400 0.025700 0.033600 0.027800 0.021100 0.032400 0.038000 0.020000 0.034600 0.022400 0.033600 0.028900 0.031400 0.041700 0.033700 0.050600 0.022400 0.025600 0.028200 0.020000 0.021100 0.025600 0.038100 0.032400 0.031300 0.039700 0.045100 0.025900 0.033600 0.030100 0.000000 0.033700 0.036000 0.032500 0.033800
Klipspring 0.034700 0.155800 0.043000 0.135300 0.037000 0.037700 0.039600 0.039900 0.046500 0.052000 0.029000 0.040900 0.038400 0.039500 0.040600 0.039100 0.048600 0.052600 0.033600 0.044000 0.039200 0.031200 0.045100 0.048400 0.030100 0.046100 0.032600 0.041700 0.036900 0.041700 0.052000 0.040600 0.057300 0.032600 0.034800 0.039400 0.030100 0.033600 0.035700 0.048800 0.045000 0.042400 0.049600 0.055500 0.037100 0.043900 0.038000 0.033700 0.000000 0.042900 0.040500 0.042000
ForestMusk 0.038100 0.150600 0.046400 0.115300 0.038300 0.041100 0.038400 0.043800 0.049800 0.043800 0.032400 0.037100 0.041800 0.041700 0.039400 0.048300 0.035900 0.042100 0.039300 0.040400 0.040300 0.034700 0.032400 0.037900 0.033600 0.051900 0.036100 0.042800 0.044900 0.040500 0.043800 0.042900 0.047600 0.036000 0.041600 0.039400 0.033500 0.034700 0.039200 0.038000 0.032300 0.049300 0.041900 0.044900 0.037100 0.045100 0.041400 0.036000 0.042900 0.000000 0.041600 0.040700
Bushbuck 0.032300 0.153000 0.008800 0.128400 0.031200 0.035200 0.039400 0.038500 0.012100 0.047100 0.026700 0.024600 0.033800 0.038200 0.035900 0.041300 0.041500 0.040700 0.031200 0.005500 0.035700 0.028900 0.038000 0.043600 0.027800 0.045900 0.028100 0.003300 0.040400 0.003300 0.047000 0.039300 0.053500 0.028000 0.035800 0.027000 0.027800 0.027800 0.032200 0.043700 0.036800 0.042600 0.044800 0.050600 0.024700 0.041500 0.036800 0.032500 0.040500 0.041600 0.000000 0.005500
GreaterKud 0.033700 0.154500 0.009900 0.129500 0.032500 0.036600 0.038500 0.039900 0.008800 0.046200 0.028000 0.026000 0.035000 0.037200 0.037300 0.042700 0.042900 0.042100 0.032600 0.006600 0.037000 0.030200 0.037000 0.042700 0.029100 0.047400 0.029200 0.006600 0.041800 0.006600 0.046100 0.038400 0.055000 0.029200 0.037200 0.028400 0.029100 0.029100 0.033600 0.042800 0.035800 0.044000 0.043900 0.049800 0.026100 0.042900 0.038200 0.033800 0.042000 0.040700 0.005500 0.000000
