1
52 1
Argali 0.000000 0.305100 0.093200 0.317300 0.062000 0.000000 0.060700 0.092200 0.092200 0.126800 0.059800 0.092900 0.029800 0.092200 0.091800 0.092200 0.157700 0.092200 0.030300 0.126400 0.060500 0.060800 0.129200 0.230700 0.059800 0.126500 0.029800 0.126400 0.092200 0.126400 0.126800 0.060700 0.124900 0.029900 0.061300 0.092900 0.029800 0.062000 0.092200 0.126800 0.163300 0.092200 0.159800 0.196000 0.158100 0.060600 0.060700 0.091300 0.061500 0.126800 0.093200 0.126400
LesserMous 0.305100 0.000000 0.348200 0.493000 0.311700 0.305100 0.227800 0.263700 0.263700 0.307000 0.300300 0.345300 0.264700 0.263700 0.189800 0.263700 0.261100 0.263700 0.270200 0.390100 0.303600 0.303700 0.312800 0.429900 0.300300 0.305300 0.264700 0.390100 0.263700 0.390100 0.307000 0.227800 0.302400 0.264700 0.306600 0.345300 0.264700 0.311700 0.263700 0.307000 0.351700 0.263700 0.346500 0.389100 0.427600 0.303000 0.227800 0.341400 0.306600 0.307000 0.348200 0.390100
LesserKudu 0.093200 0.348200 0.000000 0.462400 0.095500 0.093200 0.092900 0.126000 0.126000 0.162100 0.091800 0.061800 0.061100 0.126000 0.125000 0.126000 0.195000 0.126000 0.062100 0.030700 0.160200 0.093400 0.164600 0.270200 0.091800 0.162200 0.061100 0.030500 0.126000 0.030500 0.162100 0.092900 0.160700 0.061100 0.094200 0.061800 0.061100 0.095500 0.126000 0.162100 0.200700 0.126000 0.196400 0.234200 0.125700 0.093400 0.092900 0.125200 0.094200 0.162100 0.000000 0.030500
KillerWhal 0.317300 0.493000 0.462400 0.000000 0.423300 0.317300 0.318500 0.280500 0.280500 0.326400 0.399200 0.370800 0.362600 0.361100 0.315200 0.280500 0.240400 0.280500 0.369100 0.422400 0.238900 0.410100 0.420100 0.459600 0.399200 0.327700 0.362600 0.422400 0.280500 0.422400 0.326400 0.318500 0.324200 0.362600 0.414800 0.370800 0.362600 0.423300 0.280500 0.326400 0.377600 0.280500 0.366400 0.414900 0.456600 0.323400 0.318500 0.452500 0.414800 0.326400 0.462400 0.422400
DefassaWat 0.062000 0.311700 0.095500 0.423300 0.000000 0.061800 0.061900 0.094300 0.094700 0.129500 0.061000 0.095300 0.030500 0.094300 0.093600 0.094300 0.161800 0.094300 0.030900 0.130000 0.128000 0.062000 0.131800 0.236200 0.061000 0.129600 0.030500 0.130000 0.094300 0.130000 0.129500 0.061900 0.128200 0.030500 0.062800 0.095300 0.030400 0.000000 0.094300 0.129500 0.167200 0.094300 0.163200 0.200500 0.161800 0.062100 0.061700 0.093500 0.062800 0.129500 0.095500 0.130000
Sheep 0.000000 0.305100 0.093200 0.317300 0.061800 0.000000 0.060700 0.092200 0.092200 0.126800 0.059800 0.092900 0.029800 0.092200 0.091800 0.092200 0.157700 0.092200 0.030300 0.126400 0.060500 0.060600 0.129200 0.230700 0.059700 0.126500 0.029800 0.126400 0.092200 0.126400 0.126800 0.060700 0.124900 0.029800 0.061300 0.092900 0.029800 0.062000 0.092200 0.126800 0.163300 0.092200 0.159800 0.196000 0.158100 0.060600 0.061300 0.091300 0.061300 0.126800 0.093200 0.126400
MaxwellsDu 0.060700 0.227800 0.092900 0.318500 0.061900 0.060700 0.000000 0.029800 0.029800 0.061300 0.059700 0.092600 0.029800 0.029800 0.029600 0.029900 0.091400 0.029900 0.030200 0.126000 0.060600 0.060700 0.062400 0.158800 0.060000 0.061200 0.029900 0.126000 0.029800 0.126000 0.061300 0.000000 0.060400 0.029800 0.061200 0.092600 0.029800 0.061900 0.029800 0.060800 0.094600 0.029900 0.091900 0.126100 0.157600 0.060600 0.000000 0.091600 0.061200 0.061300 0.092900 0.126000
GazellaPrz 0.092200 0.263700 0.126000 0.280500 0.094300 0.092200 0.029800 0.000000 0.000000 0.030200 0.090800 0.061100 0.060600 0.060400 0.060000 0.000000 0.060300 0.000000 0.061300 0.093600 0.029800 0.092200 0.094600 0.125100 0.090800 0.030400 0.060400 0.093600 0.000000 0.093600 0.030200 0.029800 0.030000 0.060400 0.093200 0.061100 0.060400 0.094300 0.000000 0.030200 0.062100 0.000000 0.060500 0.093100 0.124400 0.092200 0.029800 0.123500 0.093200 0.030200 0.126000 0.093700
MountainNy 0.092200 0.263700 0.126000 0.280500 0.094700 0.092200 0.029800 0.000000 0.000000 0.030200 0.091000 0.061100 0.060400 0.060400 0.060000 0.000000 0.060300 0.000000 0.061300 0.093600 0.029800 0.092200 0.094600 0.125100 0.090800 0.030200 0.060600 0.093600 0.000000 0.093600 0.030200 0.029800 0.029900 0.060400 0.093200 0.061400 0.060500 0.094300 0.000000 0.030200 0.062100 0.000000 0.060900 0.093100 0.124400 0.092800 0.029800 0.123500 0.093200 0.030200 0.126000 0.093600
MuntiacusM 0.126800 0.307000 0.162100 0.326400 0.129500 0.126800 0.061300 0.030200 0.030200 0.000000 0.124500 0.094100 0.093300 0.093200 0.092000 0.030200 0.092900 0.030200 0.094600 0.128300 0.061500 0.126400 0.061800 0.092100 0.124500 0.062100 0.093300 0.128300 0.030200 0.128300 0.000000 0.061500 0.061400 0.093000 0.128000 0.094200 0.093300 0.129500 0.030200 0.000000 0.030400 0.030300 0.029700 0.060600 0.160100 0.126400 0.061400 0.158700 0.128000 0.000000 0.162100 0.128300
goat 0.059800 0.300300 0.091800 0.399200 0.061000 0.059800 0.059700 0.090800 0.091000 0.124500 0.000000 0.091600 0.029400 0.090800 0.090400 0.090800 0.155800 0.090800 0.000100 0.124800 0.123200 0.059700 0.126300 0.226300 0.000000 0.124200 0.029400 0.124800 0.090800 0.124800 0.124500 0.059700 0.123100 0.029500 0.060300 0.091600 0.029700 0.061000 0.090800 0.124500 0.159900 0.090800 0.157200 0.192300 0.155900 0.059700 0.059700 0.090200 0.060300 0.124500 0.091800 0.124800
AfricanBuf 0.092900 0.345300 0.061800 0.370800 0.095300 0.092900 0.092600 0.061100 0.061100 0.094100 0.091600 0.000000 0.061000 0.125700 0.124600 0.061100 0.126000 0.061100 0.062000 0.030700 0.093000 0.093200 0.163800 0.195700 0.091600 0.094200 0.061000 0.030700 0.061100 0.030700 0.094200 0.092600 0.093500 0.061000 0.094000 0.000000 0.061000 0.095300 0.061100 0.094200 0.129400 0.061100 0.126600 0.161700 0.060600 0.093300 0.092600 0.125000 0.094000 0.094200 0.061800 0.030700
Topi 0.029800 0.264700 0.061100 0.362600 0.030500 0.029800 0.029800 0.060600 0.060400 0.093300 0.029400 0.061000 0.000000 0.060400 0.060000 0.060400 0.124100 0.060400 0.000100 0.093400 0.092200 0.030000 0.094800 0.193600 0.029400 0.093200 0.000000 0.093400 0.060400 0.093400 0.093300 0.029800 0.092200 0.000000 0.030500 0.061000 0.000000 0.030400 0.060400 0.093300 0.128000 0.060400 0.125300 0.159900 0.124100 0.029800 0.029800 0.059900 0.030400 0.093300 0.061100 0.093400
CommonDuik 0.092200 0.263700 0.126000 0.361100 0.094300 0.092200 0.029800 0.060400 0.060400 0.093200 0.090800 0.125700 0.060400 0.000000 0.060000 0.060400 0.124000 0.060400 0.061300 0.160600 0.092100 0.092200 0.094600 0.193100 0.090800 0.093100 0.060400 0.160600 0.060400 0.160600 0.093200 0.029800 0.092200 0.060400 0.093200 0.125700 0.060800 0.094300 0.060400 0.093200 0.127900 0.060400 0.125100 0.159700 0.191900 0.092200 0.029800 0.123500 0.093200 0.093200 0.126000 0.160600
Suni 0.091800 0.189800 0.125000 0.315200 0.093600 0.091800 0.029600 0.060000 0.060000 0.092000 0.090400 0.124600 0.060000 0.060000 0.000000 0.059900 0.059400 0.060000 0.061000 0.159000 0.091700 0.091400 0.094200 0.192400 0.090400 0.092300 0.060000 0.159000 0.060000 0.159000 0.092600 0.029600 0.091300 0.060000 0.092400 0.124600 0.060000 0.093600 0.059700 0.092600 0.127000 0.060000 0.124700 0.159000 0.191300 0.091300 0.029600 0.122700 0.092400 0.092600 0.125000 0.159000
Springbuck 0.092200 0.263700 0.126000 0.280500 0.094300 0.092200 0.029900 0.000000 0.000000 0.030200 0.090800 0.061100 0.060400 0.060400 0.059900 0.000000 0.060300 0.000000 0.061300 0.093600 0.030000 0.092200 0.094600 0.125100 0.090800 0.030200 0.060900 0.093600 0.000000 0.093600 0.030200 0.029800 0.029900 0.060400 0.093300 0.061100 0.060400 0.093800 0.000000 0.030200 0.062100 0.000000 0.060400 0.093100 0.124400 0.092200 0.029800 0.123500 0.093200 0.030200 0.126000 0.093700
Okapi 0.157700 0.261100 0.195000 0.240400 0.161800 0.157700 0.091400 0.060300 0.060300 0.092900 0.155800 0.126000 0.124100 0.124000 0.059400 0.060300 0.000000 0.060300 0.126400 0.161500 0.091800 0.158300 0.161300 0.193100 0.155800 0.092900 0.124100 0.161500 0.060300 0.161500 0.092900 0.091400 0.092300 0.124100 0.159400 0.126000 0.124700 0.161800 0.060300 0.092900 0.127400 0.060300 0.125100 0.159600 0.192700 0.158300 0.091400 0.191300 0.159400 0.092900 0.195000 0.161500
Giraffe 0.092200 0.263700 0.126000 0.280500 0.094300 0.092200 0.029900 0.000000 0.000000 0.030200 0.090800 0.061100 0.060400 0.060400 0.060000 0.000000 0.060300 0.000000 0.061300 0.093600 0.029800 0.092200 0.094600 0.125100 0.090800 0.030300 0.060400 0.093600 0.000000 0.093600 0.030200 0.029900 0.030200 0.060400 0.093200 0.061100 0.060600 0.094300 0.000000 0.030200 0.062100 0.000000 0.060800 0.093100 0.124400 0.092200 0.029800 0.123500 0.093200 0.030200 0.126000 0.093600
TibetanAnt 0.030300 0.270200 0.062100 0.369100 0.030900 0.030300 0.030200 0.061300 0.061300 0.094600 0.000100 0.062000 0.000100 0.061300 0.061000 0.061300 0.126400 0.061300 0.000000 0.095000 0.093600 0.030300 0.095900 0.196600 0.000100 0.094500 0.000100 0.095000 0.061300 0.095000 0.094600 0.030200 0.093700 0.000100 0.030500 0.062000 0.000100 0.030900 0.061300 0.094600 0.129800 0.061300 0.127400 0.162400 0.126400 0.030300 0.030200 0.060900 0.030500 0.094600 0.062100 0.095000
Sitatunga 0.126400 0.390100 0.030700 0.422400 0.130000 0.126400 0.126000 0.093600 0.093600 0.128300 0.124800 0.030700 0.093400 0.160600 0.159000 0.093600 0.161500 0.093600 0.095000 0.000000 0.126700 0.127200 0.200700 0.233900 0.124800 0.128500 0.093400 0.000000 0.093600 0.000000 0.128300 0.126000 0.127700 0.093400 0.128100 0.030700 0.093400 0.130000 0.093600 0.128300 0.165400 0.093600 0.161900 0.198600 0.093400 0.127300 0.126000 0.160000 0.128100 0.128300 0.030500 0.000000
Oribi 0.060500 0.303600 0.160200 0.238900 0.128000 0.060500 0.060600 0.029800 0.029800 0.061500 0.123200 0.093000 0.092200 0.092100 0.091700 0.030000 0.091800 0.029800 0.093600 0.126700 0.000000 0.124900 0.128900 0.159500 0.123200 0.061600 0.092200 0.126700 0.029800 0.126700 0.061300 0.060600 0.060600 0.092200 0.126500 0.093000 0.092200 0.128000 0.029800 0.061600 0.094900 0.029800 0.092900 0.126500 0.158400 0.124800 0.060600 0.156900 0.126500 0.061500 0.160200 0.126700
BarbaryShe 0.060800 0.303700 0.093400 0.410100 0.062000 0.060600 0.060700 0.092200 0.092200 0.126400 0.059700 0.093200 0.030000 0.092200 0.091400 0.092200 0.158300 0.092200 0.030300 0.127200 0.124900 0.000000 0.128200 0.230000 0.059700 0.126400 0.029800 0.127200 0.092200 0.127200 0.126400 0.060400 0.125300 0.029800 0.061300 0.093200 0.030000 0.062000 0.092200 0.126400 0.162800 0.092200 0.159300 0.195400 0.158000 0.060800 0.060400 0.091500 0.061300 0.126400 0.093400 0.127200
Daviddeer 0.129200 0.312800 0.164600 0.420100 0.131800 0.129200 0.062400 0.094600 0.094600 0.061800 0.126300 0.163800 0.094800 0.094600 0.094200 0.094600 0.161300 0.094600 0.095900 0.200700 0.128900 0.128200 0.000000 0.092700 0.126300 0.063000 0.094800 0.200700 0.094600 0.200700 0.061800 0.062400 0.128000 0.094800 0.063200 0.163800 0.094800 0.131800 0.094600 0.061800 0.030900 0.094700 0.093500 0.061600 0.234500 0.128100 0.062400 0.160800 0.062900 0.061800 0.164600 0.200700
Reindeer 0.230700 0.429900 0.270200 0.459600 0.236200 0.230700 0.158800 0.125100 0.125100 0.092100 0.226300 0.195700 0.193600 0.193100 0.192400 0.125100 0.193100 0.125100 0.196600 0.233900 0.159500 0.230000 0.092700 0.000000 0.226300 0.093200 0.193600 0.233900 0.125100 0.233900 0.091600 0.158800 0.159200 0.193600 0.160100 0.195700 0.193600 0.236200 0.125100 0.091600 0.060800 0.125100 0.123000 0.029500 0.267100 0.229700 0.158800 0.264500 0.160100 0.091600 0.270200 0.233900
Ibex 0.059800 0.300300 0.091800 0.399200 0.061000 0.059700 0.060000 0.090800 0.090800 0.124500 0.000000 0.091600 0.029400 0.090800 0.090400 0.090800 0.155800 0.090800 0.000100 0.124800 0.123200 0.059700 0.126300 0.226300 0.000000 0.124200 0.029400 0.124800 0.090800 0.124800 0.124500 0.059700 0.123100 0.029400 0.060300 0.091600 0.029400 0.061000 0.090800 0.124500 0.159900 0.090800 0.157200 0.192300 0.155900 0.059700 0.059700 0.090200 0.060300 0.124500 0.091800 0.124800
GyrantGaze 0.126500 0.305300 0.162200 0.327700 0.129600 0.126500 0.061200 0.030400 0.030200 0.062100 0.124200 0.094200 0.093200 0.093100 0.092300 0.030200 0.092900 0.030300 0.094500 0.128500 0.061600 0.126400 0.063000 0.093200 0.124200 0.000000 0.093200 0.128500 0.030300 0.128500 0.062100 0.061200 0.061600 0.093200 0.062000 0.094200 0.093700 0.129600 0.030200 0.062100 0.031000 0.030200 0.094200 0.062200 0.159900 0.126400 0.061500 0.158600 0.062000 0.062100 0.162200 0.128500
Hartebeest 0.029800 0.264700 0.061100 0.362600 0.030500 0.029800 0.029900 0.060400 0.060600 0.093300 0.029400 0.061000 0.000000 0.060400 0.060000 0.060900 0.124100 0.060400 0.000100 0.093400 0.092200 0.029800 0.094800 0.193600 0.029400 0.093200 0.000000 0.093400 0.060400 0.093400 0.093300 0.030000 0.092200 0.000000 0.030100 0.061000 0.000000 0.030500 0.060400 0.093500 0.128000 0.060400 0.125300 0.159900 0.124100 0.029800 0.029800 0.059900 0.030100 0.093300 0.061100 0.093400
Bongo 0.126400 0.390100 0.030500 0.422400 0.130000 0.126400 0.126000 0.093600 0.093600 0.128300 0.124800 0.030700 0.093400 0.160600 0.159000 0.093600 0.161500 0.093600 0.095000 0.000000 0.126700 0.127200 0.200700 0.233900 0.124800 0.128500 0.093400 0.000000 0.093600 0.000000 0.128300 0.126000 0.127700 0.093400 0.128100 0.030700 0.093400 0.130000 0.093600 0.128300 0.165400 0.093600 0.161900 0.198600 0.093400 0.127300 0.126000 0.160000 0.128100 0.128300 0.030500 0.000000
Gerenuk 0.092200 0.263700 0.126000 0.280500 0.094300 0.092200 0.029800 0.000000 0.000000 0.030200 0.090800 0.061100 0.060400 0.060400 0.060000 0.000000 0.060300 0.000000 0.061300 0.093600 0.029800 0.092200 0.094600 0.125100 0.090800 0.030300 0.060400 0.093600 0.000000 0.093600 0.030200 0.029800 0.030000 0.060400 0.093200 0.061100 0.060400 0.094300 0.000000 0.030200 0.062100 0.000000 0.060800 0.093100 0.124400 0.092200 0.029900 0.123500 0.093200 0.030200 0.126000 0.093600
CommonElan 0.126400 0.390100 0.030500 0.422400 0.130000 0.126400 0.126000 0.093600 0.093600 0.128300 0.124800 0.030700 0.093400 0.160600 0.159000 0.093600 0.161500 0.093600 0.095000 0.000000 0.126700 0.127200 0.200700 0.233900 0.124800 0.128500 0.093400 0.000000 0.093600 0.000000 0.128300 0.126000 0.127700 0.093800 0.128100 0.030700 0.093400 0.130000 0.093600 0.128300 0.165400 0.093600 0.161900 0.198600 0.093400 0.127300 0.126000 0.160000 0.128100 0.128300 0.030500 0.000000
MuntiacusR 0.126800 0.307000 0.162100 0.326400 0.129500 0.126800 0.061300 0.030200 0.030200 0.000000 0.124500 0.094200 0.093300 0.093200 0.092600 0.030200 0.092900 0.030200 0.094600 0.128300 0.061300 0.126400 0.061800 0.091600 0.124500 0.062100 0.093300 0.128300 0.030200 0.128300 0.000000 0.061300 0.061400 0.093300 0.128000 0.094200 0.093300 0.129500 0.030200 0.000000 0.030400 0.030200 0.029700 0.060600 0.160100 0.126400 0.061300 0.158700 0.128000 0.000000 0.162100 0.128300
HarveysDui 0.060700 0.227800 0.092900 0.318500 0.061900 0.060700 0.000000 0.029800 0.029800 0.061500 0.059700 0.092600 0.029800 0.029800 0.029600 0.029800 0.091400 0.029900 0.030200 0.126000 0.060600 0.060400 0.062400 0.158800 0.059700 0.061200 0.030000 0.126000 0.029800 0.126000 0.061300 0.000000 0.060400 0.029800 0.061600 0.092600 0.030000 0.061900 0.029800 0.061300 0.094600 0.029800 0.092600 0.126100 0.157600 0.060400 0.000000 0.091100 0.061200 0.061300 0.092900 0.126000
Pronghorn 0.124900 0.302400 0.160700 0.324200 0.128200 0.124900 0.060400 0.030000 0.029900 0.061400 0.123100 0.093500 0.092200 0.092200 0.091300 0.029900 0.092300 0.030200 0.093700 0.127700 0.060600 0.125300 0.128000 0.159200 0.123100 0.061600 0.092200 0.127700 0.030000 0.127700 0.061400 0.060400 0.000000 0.092200 0.126400 0.093500 0.092200 0.128200 0.029900 0.061100 0.094800 0.029900 0.092800 0.126300 0.158500 0.125300 0.060900 0.091600 0.126400 0.061400 0.160700 0.127700
BlueWildeb 0.029900 0.264700 0.061100 0.362600 0.030500 0.029800 0.029800 0.060400 0.060400 0.093000 0.029500 0.061000 0.000000 0.060400 0.060000 0.060400 0.124100 0.060400 0.000100 0.093400 0.092200 0.029800 0.094800 0.193600 0.029400 0.093200 0.000000 0.093400 0.060400 0.093800 0.093300 0.029800 0.092200 0.000000 0.030500 0.061000 0.000000 0.030500 0.060400 0.093300 0.128000 0.060600 0.125300 0.159900 0.124100 0.030100 0.029800 0.059900 0.030100 0.093300 0.061100 0.093400
Gemsbok 0.061300 0.306600 0.094200 0.414800 0.062800 0.061300 0.061200 0.093200 0.093200 0.128000 0.060300 0.094000 0.030500 0.093200 0.092400 0.093300 0.159400 0.093200 0.030500 0.128100 0.126500 0.061300 0.063200 0.160100 0.060300 0.062000 0.030100 0.128100 0.093200 0.128100 0.128000 0.061600 0.126400 0.030500 0.000000 0.094000 0.030300 0.062800 0.093200 0.128000 0.095900 0.093200 0.161100 0.127500 0.159500 0.061300 0.061200 0.092200 0.000000 0.128000 0.094200 0.128100
Yak 0.092900 0.345300 0.061800 0.370800 0.095300 0.092900 0.092600 0.061100 0.061400 0.094200 0.091600 0.000000 0.061000 0.125700 0.124600 0.061100 0.126000 0.061100 0.062000 0.030700 0.093000 0.093200 0.163800 0.195700 0.091600 0.094200 0.061000 0.030700 0.061100 0.030700 0.094200 0.092600 0.093500 0.061000 0.094000 0.000000 0.061000 0.095300 0.061100 0.094200 0.129400 0.061100 0.126600 0.161700 0.060900 0.093300 0.092600 0.125000 0.094000 0.094200 0.061800 0.030700
BlueSheep 0.029800 0.264700 0.061100 0.362600 0.030400 0.029800 0.029800 0.060400 0.060500 0.093300 0.029700 0.061000 0.000000 0.060800 0.060000 0.060400 0.124700 0.060600 0.000100 0.093400 0.092200 0.030000 0.094800 0.193600 0.029400 0.093700 0.000000 0.093400 0.060400 0.093400 0.093300 0.030000 0.092200 0.000000 0.030300 0.061000 0.000000 0.030600 0.060400 0.093300 0.128000 0.060500 0.125300 0.159900 0.124100 0.030000 0.029800 0.059900 0.030100 0.093300 0.061100 0.093400
BohorReedb 0.062000 0.311700 0.095500 0.423300 0.000000 0.062000 0.061900 0.094300 0.094300 0.129500 0.061000 0.095300 0.030400 0.094300 0.093600 0.093800 0.161800 0.094300 0.030900 0.130000 0.128000 0.062000 0.131800 0.236200 0.061000 0.129600 0.030500 0.130000 0.094300 0.130000 0.129500 0.061900 0.128200 0.030500 0.062800 0.095300 0.030600 0.000000 0.094300 0.129500 0.167200 0.094900 0.163200 0.200500 0.161800 0.062100 0.062200 0.093500 0.063600 0.129500 0.095500 0.130000
KirksDik 0.092200 0.263700 0.126000 0.280500 0.094300 0.092200 0.029800 0.000000 0.000000 0.030200 0.090800 0.061100 0.060400 0.060400 0.059700 0.000000 0.060300 0.000000 0.061300 0.093600 0.029800 0.092200 0.094600 0.125100 0.090800 0.030200 0.060400 0.093600 0.000000 0.093600 0.030200 0.029800 0.029900 0.060400 0.093200 0.061100 0.060400 0.094300 0.000000 0.030200 0.062100 0.000000 0.060800 0.093100 0.124400 0.092200 0.029800 0.123500 0.093200 0.030200 0.126000 0.093600
RoeDeer 0.126800 0.307000 0.162100 0.326400 0.129500 0.126800 0.060800 0.030200 0.030200 0.000000 0.124500 0.094200 0.093300 0.093200 0.092600 0.030200 0.092900 0.030200 0.094600 0.128300 0.061600 0.126400 0.061800 0.091600 0.124500 0.062100 0.093500 0.128300 0.030200 0.128300 0.000000 0.061300 0.061100 0.093300 0.128000 0.094200 0.093300 0.129500 0.030200 0.000000 0.030400 0.030200 0.029700 0.060600 0.160100 0.126400 0.061300 0.158700 0.128000 0.000000 0.162100 0.128300
WhiteLippe 0.163300 0.351700 0.200700 0.377600 0.167200 0.163300 0.094600 0.062100 0.062100 0.030400 0.159900 0.129400 0.128000 0.127900 0.127000 0.062100 0.127400 0.062100 0.129800 0.165400 0.094900 0.162800 0.030900 0.060800 0.159900 0.031000 0.128000 0.165400 0.062100 0.165400 0.030400 0.094600 0.094800 0.128000 0.095900 0.129400 0.128000 0.167200 0.062100 0.030400 0.000000 0.062100 0.061500 0.030300 0.197900 0.162700 0.095100 0.196100 0.095900 0.030600 0.200700 0.165400
ThomsonGaz 0.092200 0.263700 0.126000 0.280500 0.094300 0.092200 0.029900 0.000000 0.000000 0.030300 0.090800 0.061100 0.060400 0.060400 0.060000 0.000000 0.060300 0.000000 0.061300 0.093600 0.029800 0.092200 0.094700 0.125100 0.090800 0.030200 0.060400 0.093600 0.000000 0.093600 0.030200 0.029800 0.029900 0.060600 0.093200 0.061100 0.060500 0.094900 0.000000 0.030200 0.062100 0.000000 0.060800 0.093100 0.124400 0.092200 0.029900 0.123500 0.093200 0.030200 0.126000 0.093600
MuntiacusC 0.159800 0.346500 0.196400 0.366400 0.163200 0.159800 0.091900 0.060500 0.060900 0.029700 0.157200 0.126600 0.125300 0.125100 0.124700 0.060400 0.125100 0.060800 0.127400 0.161900 0.092900 0.159300 0.093500 0.123000 0.157200 0.094200 0.125300 0.161900 0.060800 0.161900 0.029700 0.092600 0.092800 0.125300 0.161100 0.126600 0.125300 0.163200 0.060800 0.029700 0.061500 0.060800 0.000000 0.091500 0.194300 0.159200 0.092600 0.192500 0.161100 0.029800 0.196400 0.161900
WhiteTaile 0.196000 0.389100 0.234200 0.414900 0.200500 0.196000 0.126100 0.093100 0.093100 0.060600 0.192300 0.161700 0.159900 0.159700 0.159000 0.093100 0.159600 0.093100 0.162400 0.198600 0.126500 0.195400 0.061600 0.029500 0.192300 0.062200 0.159900 0.198600 0.093100 0.198600 0.060600 0.126100 0.126300 0.159900 0.127500 0.161700 0.159900 0.200500 0.093100 0.060600 0.030300 0.093100 0.091500 0.000000 0.231500 0.195100 0.126100 0.229200 0.127500 0.060600 0.234200 0.198600
Cattle 0.158100 0.427600 0.125700 0.456600 0.161800 0.158100 0.157600 0.124400 0.124400 0.160100 0.155900 0.060600 0.124100 0.191900 0.191300 0.124400 0.192700 0.124400 0.126400 0.093400 0.158400 0.158000 0.234500 0.267100 0.155900 0.159900 0.124100 0.093400 0.124400 0.093400 0.160100 0.157600 0.158500 0.124100 0.159500 0.060900 0.124100 0.161800 0.124400 0.160100 0.197900 0.124400 0.194300 0.231500 0.000000 0.157900 0.157600 0.123200 0.159500 0.160100 0.125700 0.093400
RoyalAntel 0.060600 0.303000 0.093400 0.323400 0.062100 0.060600 0.060600 0.092200 0.092800 0.126400 0.059700 0.093300 0.029800 0.092200 0.091300 0.092200 0.158300 0.092200 0.030300 0.127300 0.124800 0.060800 0.128100 0.229700 0.059700 0.126400 0.029800 0.127300 0.092200 0.127300 0.126400 0.060400 0.125300 0.030100 0.061300 0.093300 0.030000 0.062100 0.092200 0.126400 0.162700 0.092200 0.159200 0.195100 0.157900 0.000000 0.060400 0.091600 0.061300 0.126400 0.093400 0.127300
Steenbok 0.060700 0.227800 0.092900 0.318500 0.061700 0.061300 0.000000 0.029800 0.029800 0.061400 0.059700 0.092600 0.029800 0.029800 0.029600 0.029800 0.091400 0.029800 0.030200 0.126000 0.060600 0.060400 0.062400 0.158800 0.059700 0.061500 0.029800 0.126000 0.029900 0.126000 0.061300 0.000000 0.060900 0.029800 0.061200 0.092600 0.029800 0.062200 0.029800 0.061300 0.095100 0.029900 0.092600 0.126100 0.157600 0.060400 0.000000 0.091100 0.061200 0.061300 0.092900 0.126000
Impala 0.091300 0.341400 0.125200 0.452500 0.093500 0.091300 0.091600 0.123500 0.123500 0.158700 0.090200 0.125000 0.059900 0.123500 0.122700 0.123500 0.191300 0.123500 0.060900 0.160000 0.156900 0.091500 0.160800 0.264500 0.090200 0.158600 0.059900 0.160000 0.123500 0.160000 0.158700 0.091100 0.091600 0.059900 0.092200 0.125000 0.059900 0.093500 0.123500 0.158700 0.196100 0.123500 0.192500 0.229200 0.123200 0.091600 0.091100 0.000000 0.092200 0.158700 0.125200 0.160000
Klipspring 0.061500 0.306600 0.094200 0.414800 0.062800 0.061300 0.061200 0.093200 0.093200 0.128000 0.060300 0.094000 0.030400 0.093200 0.092400 0.093200 0.159400 0.093200 0.030500 0.128100 0.126500 0.061300 0.062900 0.160100 0.060300 0.062000 0.030100 0.128100 0.093200 0.128100 0.128000 0.061200 0.126400 0.030100 0.000000 0.094000 0.030100 0.063600 0.093200 0.128000 0.095900 0.093200 0.161100 0.127500 0.159500 0.061300 0.061200 0.092200 0.000000 0.128000 0.094200 0.128100
ForestMusk 0.126800 0.307000 0.162100 0.326400 0.129500 0.126800 0.061300 0.030200 0.030200 0.000000 0.124500 0.094200 0.093300 0.093200 0.092600 0.030200 0.092900 0.030200 0.094600 0.128300 0.061500 0.126400 0.061800 0.091600 0.124500 0.062100 0.093300 0.128300 0.030200 0.128300 0.000000 0.061300 0.061400 0.093300 0.128000 0.094200 0.093300 0.129500 0.030200 0.000000 0.030600 0.030200 0.029800 0.060600 0.160100 0.126400 0.061300 0.158700 0.128000 0.000000 0.162100 0.128300
Bushbuck 0.093200 0.348200 0.000000 0.462400 0.095500 0.093200 0.092900 0.126000 0.126000 0.162100 0.091800 0.061800 0.061100 0.126000 0.125000 0.126000 0.195000 0.126000 0.062100 0.030500 0.160200 0.093400 0.164600 0.270200 0.091800 0.162200 0.061100 0.030500 0.126000 0.030500 0.162100 0.092900 0.160700 0.061100 0.094200 0.061800 0.061100 0.095500 0.126000 0.162100 0.200700 0.126000 0.196400 0.234200 0.125700 0.093400 0.092900 0.125200 0.094200 0.162100 0.000000 0.030500
GreaterKud 0.126400 0.390100 0.030500 0.422400 0.130000 0.126400 0.126000 0.093700 0.093600 0.128300 0.124800 0.030700 0.093400 0.160600 0.159000 0.093700 0.161500 0.093600 0.095000 0.000000 0.126700 0.127200 0.200700 0.233900 0.124800 0.128500 0.093400 0.000000 0.093600 0.000000 0.128300 0.126000 0.127700 0.093400 0.128100 0.030700 0.093400 0.130000 0.093600 0.128300 0.165400 0.093600 0.161900 0.198600 0.093400 0.127300 0.126000 0.160000 0.128100 0.128300 0.030500 0.000000
