CODONML (in paml version 4.10.7, June 2023)  /home/rachel/ruminants_paml/6406-phy-tree/ENSBTAT00000016650.fasta.phy
Model: free dN/dS Ratios for branches,  kappa = 2.000 fixed

Codon frequency model: F3x4
ns =  54  ls =  49

Codon usage in sequences
--------------------------------------------------------------------------------------------------------------------------------------
Phe TTT   2   3   3   3   3   3 | Ser TCT   1   0   0   0   0   0 | Tyr TAT   2   3   3   3   2   3 | Cys TGT   0   0   0   0   1   0
    TTC   0   0   0   0   0   0 |     TCC   2   3   3   3   3   3 |     TAC   1   0   0   0   1   0 |     TGC   0   0   0   0   0   0
Leu TTA   2   1   2   1   1   1 |     TCA   1   1   1   1   1   1 | *** TAA   0   0   0   0   0   0 | *** TGA   0   0   0   0   0   0
    TTG   1   1   0   1   1   1 |     TCG   0   0   0   0   0   0 |     TAG   0   0   0   0   0   0 | Trp TGG   0   0   0   0   0   0
--------------------------------------------------------------------------------------------------------------------------------------
Leu CTT   2   1   1   2   1   1 | Pro CCT   0   2   0   0   1   1 | His CAT   0   1   0   1   1   1 | Arg CGT   0   1   0   0   0   0
    CTC   0   1   1   0   0   0 |     CCC   0   0   0   0   0   1 |     CAC   1   0   1   0   0   0 |     CGC   0   0   0   0   0   0
    CTA   0   0   0   0   0   0 |     CCA   0   0   1   1   1   0 | Gln CAA   1   0   1   1   0   0 |     CGA   0   0   0   0   0   0
    CTG   2   1   2   2   2   2 |     CCG   1   0   0   0   0   0 |     CAG   0   1   0   0   1   1 |     CGG   0   0   0   0   0   0
--------------------------------------------------------------------------------------------------------------------------------------
Ile ATT   0   0   0   0   0   0 | Thr ACT   0   1   0   1   2   0 | Asn AAT   0   0   0   0   0   0 | Ser AGT   0   0   0   0   0   0
    ATC   0   0   0   0   0   0 |     ACC   4   4   4   3   2   5 |     AAC   2   1   2   2   1   1 |     AGC   0   0   0   0   0   0
    ATA   0   0   0   0   0   0 |     ACA   1   0   1   1   1   1 | Lys AAA   2   1   2   3   3   2 | Arg AGA   3   4   3   2   2   3
Met ATG   1   1   1   1   0   1 |     ACG   0   1   0   0   0   0 |     AAG   0   0   0   0   1   0 |     AGG   0   0   0   0   0   0
--------------------------------------------------------------------------------------------------------------------------------------
Val GTT   0   1   0   0   0   0 | Ala GCT   0   0   0   0   1   0 | Asp GAT   3   2   3   4   3   3 | Gly GGT   4   2   4   4   2   4
    GTC   0   0   0   0   0   0 |     GCC   0   0   0   0   1   0 |     GAC   1   3   1   0   1   1 |     GGC   0   0   0   0   0   0
    GTA   1   1   1   1   1   2 |     GCA   1   1   1   1   0   1 | Glu GAA   1   1   1   1   1   1 |     GGA   0   0   0   0   0   0
    GTG   4   4   4   4   4   3 |     GCG   0   0   0   0   1   0 |     GAG   2   0   2   2   2   2 |     GGG   0   1   0   0   0   0
--------------------------------------------------------------------------------------------------------------------------------------

--------------------------------------------------------------------------------------------------------------------------------------
Phe TTT   2   2   2   2   3   3 | Ser TCT   0   1   0   0   0   0 | Tyr TAT   2   1   3   2   3   3 | Cys TGT   0   0   0   0   0   0
    TTC   0   0   0   0   0   0 |     TCC   3   2   3   3   3   3 |     TAC   1   2   0   1   0   0 |     TGC   0   0   0   0   0   0
Leu TTA   2   2   2   2   2   1 |     TCA   1   1   1   1   1   1 | *** TAA   0   0   0   0   0   0 | *** TGA   0   0   0   0   0   0
    TTG   1   1   0   1   0   1 |     TCG   0   0   0   0   0   0 |     TAG   0   0   0   0   0   0 | Trp TGG   0   0   0   0   0   0
--------------------------------------------------------------------------------------------------------------------------------------
Leu CTT   2   2   2   2   1   2 | Pro CCT   0   0   0   0   0   0 | His CAT   1   0   1   1   0   1 | Arg CGT   0   0   0   0   0   0
    CTC   0   0   0   0   1   0 |     CCC   0   0   0   0   0   0 |     CAC   0   1   0   0   1   0 |     CGC   0   0   0   0   0   0
    CTA   0   0   1   0   0   0 |     CCA   0   0   0   1   0   1 | Gln CAA   1   1   1   1   1   1 |     CGA   0   0   0   0   0   0
    CTG   2   2   1   2   2   2 |     CCG   1   1   1   0   1   0 |     CAG   0   0   0   0   0   0 |     CGG   0   0   0   0   0   0
--------------------------------------------------------------------------------------------------------------------------------------
Ile ATT   0   0   0   0   0   0 | Thr ACT   0   0   0   0   0   0 | Asn AAT   0   0   0   0   0   0 | Ser AGT   0   0   0   0   0   0
    ATC   0   0   0   0   0   0 |     ACC   4   4   4   4   4   4 |     AAC   2   2   2   2   2   2 |     AGC   0   0   0   0   0   0
    ATA   0   0   0   0   0   0 |     ACA   1   1   1   1   1   1 | Lys AAA   2   2   2   2   2   2 | Arg AGA   3   3   3   2   3   3
Met ATG   1   1   1   1   1   1 |     ACG   0   0   0   0   0   0 |     AAG   0   0   0   0   0   0 |     AGG   0   0   0   0   0   0
--------------------------------------------------------------------------------------------------------------------------------------
Val GTT   0   0   0   0   0   0 | Ala GCT   0   0   0   0   0   0 | Asp GAT   3   3   3   2   3   2 | Gly GGT   4   4   4   3   4   4
    GTC   0   0   0   0   0   0 |     GCC   0   0   0   0   0   0 |     GAC   1   1   1   2   1   2 |     GGC   0   0   0   0   0   0
    GTA   1   1   1   1   1   1 |     GCA   1   1   1   1   1   1 | Glu GAA   1   1   1   1   1   1 |     GGA   0   0   0   1   0   0
    GTG   4   4   5   4   4   4 |     GCG   0   0   0   0   0   0 |     GAG   2   2   2   2   2   2 |     GGG   0   0   0   1   0   0
--------------------------------------------------------------------------------------------------------------------------------------

--------------------------------------------------------------------------------------------------------------------------------------
Phe TTT   2   3   2   2   2   2 | Ser TCT   0   0   0   0   0   0 | Tyr TAT   1   3   3   2   3   3 | Cys TGT   0   0   0   0   0   0
    TTC   0   0   0   0   0   0 |     TCC   3   3   3   3   3   3 |     TAC   2   0   0   1   0   0 |     TGC   0   0   0   0   0   0
Leu TTA   2   2   2   2   1   2 |     TCA   1   1   1   1   1   1 | *** TAA   0   0   0   0   0   0 | *** TGA   0   0   0   0   0   0
    TTG   1   0   1   1   1   2 |     TCG   0   0   0   0   0   0 |     TAG   0   0   0   0   0   0 | Trp TGG   0   0   0   0   0   0
--------------------------------------------------------------------------------------------------------------------------------------
Leu CTT   2   2   2   2   1   2 | Pro CCT   0   0   0   0   0   0 | His CAT   0   1   1   1   0   1 | Arg CGT   0   0   0   0   0   0
    CTC   0   0   0   0   1   0 |     CCC   0   0   0   0   0   0 |     CAC   1   0   0   0   1   0 |     CGC   0   0   0   0   0   0
    CTA   0   0   0   0   0   0 |     CCA   0   0   0   0   0   1 | Gln CAA   1   1   1   1   1   1 |     CGA   0   0   0   0   0   0
    CTG   2   2   2   2   2   1 |     CCG   1   1   1   1   1   0 |     CAG   0   0   0   0   0   0 |     CGG   0   0   0   0   0   0
--------------------------------------------------------------------------------------------------------------------------------------
Ile ATT   0   0   0   0   0   0 | Thr ACT   0   0   0   0   0   1 | Asn AAT   0   0   0   0   0   0 | Ser AGT   0   0   0   0   0   0
    ATC   0   0   0   0   0   0 |     ACC   4   4   4   4   4   3 |     AAC   2   2   2   2   2   2 |     AGC   0   0   0   0   0   0
    ATA   0   0   0   0   1   0 |     ACA   1   1   2   1   1   1 | Lys AAA   2   2   2   2   2   2 | Arg AGA   2   3   2   3   3   3
Met ATG   1   1   1   1   1   1 |     ACG   0   0   0   0   0   0 |     AAG   0   0   0   0   0   0 |     AGG   0   0   0   0   0   0
--------------------------------------------------------------------------------------------------------------------------------------
Val GTT   0   0   0   0   0   0 | Ala GCT   0   0   0   0   0   0 | Asp GAT   3   3   2   3   3   3 | Gly GGT   4   4   4   4   3   4
    GTC   0   0   0   0   0   0 |     GCC   0   0   0   0   0   0 |     GAC   1   1   1   1   1   1 |     GGC   0   0   0   0   1   0
    GTA   1   1   1   1   1   1 |     GCA   1   1   1   1   1   1 | Glu GAA   1   1   1   1   1   1 |     GGA   1   0   0   0   0   0
    GTG   4   4   4   4   4   4 |     GCG   0   0   0   0   0   0 |     GAG   2   2   3   2   2   2 |     GGG   0   0   0   0   0   0
--------------------------------------------------------------------------------------------------------------------------------------

--------------------------------------------------------------------------------------------------------------------------------------
Phe TTT   2   2   2   3   2   2 | Ser TCT   0   0   0   0   0   0 | Tyr TAT   3   3   2   3   3   1 | Cys TGT   0   0   0   0   0   0
    TTC   1   1   0   0   0   0 |     TCC   2   3   3   3   3   3 |     TAC   0   0   1   0   0   2 |     TGC   0   0   0   0   0   0
Leu TTA   1   1   2   2   2   2 |     TCA   1   1   1   1   1   1 | *** TAA   0   0   0   0   0   0 | *** TGA   0   0   0   0   0   0
    TTG   1   1   1   0   2   1 |     TCG   0   0   0   0   0   0 |     TAG   0   0   0   0   0   0 | Trp TGG   0   0   0   0   0   0
--------------------------------------------------------------------------------------------------------------------------------------
Leu CTT   2   2   2   1   2   2 | Pro CCT   0   0   0   0   0   0 | His CAT   1   1   1   0   1   0 | Arg CGT   0   0   0   0   0   0
    CTC   0   0   0   1   0   0 |     CCC   0   0   0   0   0   0 |     CAC   0   0   0   1   0   1 |     CGC   0   0   0   0   0   0
    CTA   0   0   0   0   0   0 |     CCA   0   0   0   0   1   0 | Gln CAA   1   1   1   1   1   1 |     CGA   0   0   0   0   0   0
    CTG   2   2   2   2   0   2 |     CCG   1   1   1   1   1   1 |     CAG   0   0   0   0   0   0 |     CGG   0   0   0   0   0   0
--------------------------------------------------------------------------------------------------------------------------------------
Ile ATT   0   0   0   0   0   0 | Thr ACT   1   1   0   0   0   0 | Asn AAT   0   0   0   0   0   0 | Ser AGT   0   0   0   0   0   0
    ATC   0   0   0   0   0   0 |     ACC   2   3   4   4   4   4 |     AAC   2   2   2   2   2   2 |     AGC   0   0   0   0   0   0
    ATA   0   0   0   0   0   0 |     ACA   1   1   1   1   1   1 | Lys AAA   2   2   2   2   2   2 | Arg AGA   3   3   3   3   3   2
Met ATG   1   1   1   1   1   1 |     ACG   0   0   0   0   0   0 |     AAG   0   0   0   0   0   0 |     AGG   0   0   0   0   0   0
--------------------------------------------------------------------------------------------------------------------------------------
Val GTT   0   0   0   0   0   0 | Ala GCT   0   0   0   0   0   0 | Asp GAT   3   3   3   3   3   3 | Gly GGT   4   4   4   4   4   4
    GTC   0   0   0   0   0   0 |     GCC   2   0   0   0   0   0 |     GAC   1   1   1   1   1   1 |     GGC   0   0   0   0   0   0
    GTA   2   2   2   1   1   1 |     GCA   1   1   1   1   1   1 | Glu GAA   1   1   1   1   1   1 |     GGA   0   0   0   0   0   1
    GTG   3   3   3   4   4   4 |     GCG   0   0   0   0   0   0 |     GAG   2   2   2   2   2   2 |     GGG   0   0   0   0   0   0
--------------------------------------------------------------------------------------------------------------------------------------

--------------------------------------------------------------------------------------------------------------------------------------
Phe TTT   3   3   2   2   2   3 | Ser TCT   0   0   0   0   0   0 | Tyr TAT   3   3   1   3   3   3 | Cys TGT   0   0   0   0   0   0
    TTC   0   0   0   0   0   0 |     TCC   3   3   3   3   3   3 |     TAC   0   0   2   0   0   0 |     TGC   0   0   0   0   0   0
Leu TTA   1   1   2   2   2   2 |     TCA   1   1   1   1   1   1 | *** TAA   0   0   0   0   0   0 | *** TGA   0   0   0   0   0   0
    TTG   1   1   1   2   1   0 |     TCG   0   0   0   0   0   0 |     TAG   0   0   0   0   0   0 | Trp TGG   0   0   0   0   0   0
--------------------------------------------------------------------------------------------------------------------------------------
Leu CTT   2   2   2   2   2   1 | Pro CCT   0   0   0   0   0   0 | His CAT   1   1   0   1   1   0 | Arg CGT   0   0   0   0   0   0
    CTC   0   0   0   0   0   1 |     CCC   0   0   0   0   0   0 |     CAC   0   0   1   0   0   1 |     CGC   0   0   0   0   0   0
    CTA   0   0   0   0   0   0 |     CCA   1   1   0   1   0   0 | Gln CAA   1   1   1   1   1   1 |     CGA   0   0   0   0   0   0
    CTG   2   2   2   1   2   2 |     CCG   0   0   1   0   1   1 |     CAG   0   0   0   0   0   0 |     CGG   0   0   0   0   0   0
--------------------------------------------------------------------------------------------------------------------------------------
Ile ATT   0   0   0   0   0   0 | Thr ACT   0   0   0   1   1   0 | Asn AAT   0   0   0   0   0   0 | Ser AGT   0   0   0   0   0   0
    ATC   0   0   0   0   0   0 |     ACC   4   4   4   3   3   4 |     AAC   2   2   2   2   2   2 |     AGC   0   0   0   0   0   0
    ATA   0   0   0   0   0   0 |     ACA   1   1   1   1   2   1 | Lys AAA   2   2   2   2   2   2 | Arg AGA   3   3   2   3   2   3
Met ATG   1   1   1   1   2   1 |     ACG   0   0   0   0   0   0 |     AAG   0   0   0   0   0   0 |     AGG   0   0   0   0   0   0
--------------------------------------------------------------------------------------------------------------------------------------
Val GTT   0   0   0   0   0   0 | Ala GCT   0   0   0   0   0   0 | Asp GAT   2   2   3   3   2   3 | Gly GGT   4   4   4   4   4   4
    GTC   0   0   0   0   0   0 |     GCC   0   0   0   0   0   0 |     GAC   2   2   1   1   1   1 |     GGC   0   0   0   0   0   0
    GTA   1   1   1   0   1   1 |     GCA   1   1   1   2   1   1 | Glu GAA   1   1   1   1   1   1 |     GGA   0   0   1   0   0   0
    GTG   4   4   4   4   3   4 |     GCG   0   0   0   0   0   0 |     GAG   2   2   2   2   3   2 |     GGG   0   0   0   0   0   0
--------------------------------------------------------------------------------------------------------------------------------------

--------------------------------------------------------------------------------------------------------------------------------------
Phe TTT   2   3   3   2   3   2 | Ser TCT   0   0   0   0   0   0 | Tyr TAT   3   3   3   3   2   3 | Cys TGT   0   0   0   0   0   0
    TTC   0   0   0   0   0   0 |     TCC   3   3   3   3   3   3 |     TAC   0   0   0   0   1   0 |     TGC   0   0   0   0   0   0
Leu TTA   2   2   1   2   1   2 |     TCA   1   1   1   1   1   1 | *** TAA   0   0   0   0   0   0 | *** TGA   0   0   0   0   0   0
    TTG   2   0   1   1   1   1 |     TCG   0   0   0   0   0   0 |     TAG   0   0   0   0   0   0 | Trp TGG   0   0   0   0   0   0
--------------------------------------------------------------------------------------------------------------------------------------
Leu CTT   2   1   2   2   2   2 | Pro CCT   0   0   0   0   0   0 | His CAT   1   0   1   1   1   1 | Arg CGT   0   0   0   0   0   0
    CTC   0   1   0   0   0   0 |     CCC   0   0   0   0   0   0 |     CAC   0   1   0   0   0   0 |     CGC   0   0   0   0   0   0
    CTA   0   0   0   0   0   0 |     CCA   1   0   1   0   1   0 | Gln CAA   1   1   1   1   1   1 |     CGA   0   0   0   0   0   0
    CTG   1   2   2   2   2   2 |     CCG   0   1   0   1   0   1 |     CAG   0   0   0   0   0   0 |     CGG   0   0   0   0   0   0
--------------------------------------------------------------------------------------------------------------------------------------
Ile ATT   0   0   0   0   0   0 | Thr ACT   1   0   0   0   0   0 | Asn AAT   0   0   0   0   0   0 | Ser AGT   0   0   0   0   0   0
    ATC   0   0   0   0   0   0 |     ACC   3   4   4   4   4   4 |     AAC   2   2   2   2   2   2 |     AGC   0   0   0   0   0   0
    ATA   0   0   0   0   0   0 |     ACA   1   1   1   1   1   2 | Lys AAA   2   2   2   2   2   2 | Arg AGA   3   3   3   3   2   2
Met ATG   1   1   1   1   1   1 |     ACG   0   0   0   0   0   0 |     AAG   0   0   0   0   0   0 |     AGG   0   0   0   0   0   0
--------------------------------------------------------------------------------------------------------------------------------------
Val GTT   0   0   0   0   0   0 | Ala GCT   0   0   0   0   0   0 | Asp GAT   3   3   2   3   3   2 | Gly GGT   4   3   4   4   4   4
    GTC   0   0   0   0   0   0 |     GCC   0   0   0   0   0   0 |     GAC   1   1   2   1   1   1 |     GGC   0   0   0   0   0   0
    GTA   1   1   1   1   1   1 |     GCA   1   1   1   1   1   1 | Glu GAA   1   1   1   1   1   1 |     GGA   0   0   0   0   1   0
    GTG   4   4   4   4   4   4 |     GCG   0   0   0   0   0   0 |     GAG   2   2   2   2   2   3 |     GGG   0   1   0   0   0   0
--------------------------------------------------------------------------------------------------------------------------------------

--------------------------------------------------------------------------------------------------------------------------------------
Phe TTT   2   3   2   2   2   3 | Ser TCT   0   0   0   0   0   0 | Tyr TAT   3   2   1   2   3   3 | Cys TGT   0   0   0   0   0   0
    TTC   0   0   0   0   0   0 |     TCC   3   3   3   3   3   3 |     TAC   0   1   2   1   0   0 |     TGC   0   0   0   0   0   0
Leu TTA   2   2   2   2   2   1 |     TCA   1   1   1   1   1   1 | *** TAA   0   0   0   0   0   0 | *** TGA   0   0   0   0   0   0
    TTG   1   0   1   1   1   1 |     TCG   0   0   0   0   0   0 |     TAG   0   0   0   0   0   0 | Trp TGG   0   0   0   0   0   0
--------------------------------------------------------------------------------------------------------------------------------------
Leu CTT   2   2   2   2   2   2 | Pro CCT   0   0   0   0   0   0 | His CAT   1   1   0   1   1   1 | Arg CGT   0   0   0   0   0   0
    CTC   0   0   0   0   0   0 |     CCC   0   0   0   0   1   0 |     CAC   0   0   1   0   0   0 |     CGC   0   0   0   0   0   0
    CTA   1   0   0   0   0   0 |     CCA   0   0   0   0   0   1 | Gln CAA   1   1   1   1   1   1 |     CGA   0   0   0   0   0   0
    CTG   1   2   2   2   2   2 |     CCG   1   1   1   1   0   0 |     CAG   0   0   0   0   0   0 |     CGG   0   0   0   0   0   0
--------------------------------------------------------------------------------------------------------------------------------------
Ile ATT   0   0   0   0   0   0 | Thr ACT   0   0   0   0   1   0 | Asn AAT   0   0   0   0   0   0 | Ser AGT   0   0   0   0   0   0
    ATC   0   0   0   0   0   0 |     ACC   4   4   4   4   3   4 |     AAC   2   2   2   2   2   1 |     AGC   0   0   0   0   0   1
    ATA   0   0   0   0   0   0 |     ACA   1   1   1   1   1   0 | Lys AAA   2   2   2   2   2   2 | Arg AGA   3   3   2   3   3   3
Met ATG   1   1   1   1   1   1 |     ACG   0   0   0   0   0   0 |     AAG   0   0   0   0   0   0 |     AGG   0   0   0   0   0   0
--------------------------------------------------------------------------------------------------------------------------------------
Val GTT   0   0   0   0   1   0 | Ala GCT   0   0   0   0   0   0 | Asp GAT   2   3   3   3   3   1 | Gly GGT   4   4   4   4   4   4
    GTC   0   0   0   0   0   0 |     GCC   0   0   0   0   0   0 |     GAC   1   1   1   1   1   3 |     GGC   0   0   0   0   0   0
    GTA   1   1   1   1   0   1 |     GCA   1   1   1   1   1   2 | Glu GAA   1   1   1   1   1   1 |     GGA   0   0   1   0   0   0
    GTG   4   4   4   4   4   4 |     GCG   0   0   0   0   0   0 |     GAG   3   2   2   2   2   2 |     GGG   0   0   0   0   0   0
--------------------------------------------------------------------------------------------------------------------------------------

--------------------------------------------------------------------------------------------------------------------------------------
Phe TTT   3   2   3   3   3   2 | Ser TCT   0   0   0   0   0   0 | Tyr TAT   3   3   3   3   2   3 | Cys TGT   0   0   0   0   0   0
    TTC   0   0   0   0   0   0 |     TCC   3   3   3   3   3   3 |     TAC   0   0   0   0   1   0 |     TGC   0   0   0   0   0   0
Leu TTA   1   2   1   1   2   2 |     TCA   1   1   1   1   1   1 | *** TAA   0   0   0   0   0   0 | *** TGA   0   0   0   0   0   0
    TTG   1   2   1   1   0   1 |     TCG   0   0   0   0   0   0 |     TAG   0   0   0   0   0   0 | Trp TGG   0   0   0   0   0   0
--------------------------------------------------------------------------------------------------------------------------------------
Leu CTT   2   2   2   1   2   2 | Pro CCT   0   0   0   1   0   0 | His CAT   1   1   1   1   1   1 | Arg CGT   0   0   0   0   0   0
    CTC   0   0   0   0   0   0 |     CCC   0   0   0   0   0   0 |     CAC   0   0   0   0   0   0 |     CGC   0   0   0   0   0   0
    CTA   0   0   0   0   0   0 |     CCA   1   1   1   1   0   0 | Gln CAA   1   1   1   1   1   1 |     CGA   0   0   0   0   0   0
    CTG   2   1   2   2   2   2 |     CCG   0   0   0   0   1   1 |     CAG   0   0   0   0   0   0 |     CGG   0   0   0   0   0   0
--------------------------------------------------------------------------------------------------------------------------------------
Ile ATT   0   0   0   0   0   0 | Thr ACT   0   2   0   0   0   0 | Asn AAT   0   0   0   0   0   0 | Ser AGT   0   0   0   0   0   0
    ATC   0   0   0   0   0   0 |     ACC   4   2   4   4   4   4 |     AAC   2   2   2   2   2   2 |     AGC   0   0   0   0   0   0
    ATA   0   0   0   0   0   0 |     ACA   1   1   1   1   1   1 | Lys AAA   2   2   2   2   2   2 | Arg AGA   3   3   3   3   3   3
Met ATG   1   1   1   1   1   1 |     ACG   0   0   0   0   0   0 |     AAG   0   0   0   0   0   0 |     AGG   0   0   0   0   0   0
--------------------------------------------------------------------------------------------------------------------------------------
Val GTT   0   1   0   0   0   0 | Ala GCT   0   0   0   0   0   0 | Asp GAT   2   3   2   2   3   3 | Gly GGT   4   3   4   4   4   4
    GTC   0   0   0   0   0   0 |     GCC   0   0   0   0   0   0 |     GAC   2   1   2   2   1   1 |     GGC   0   0   0   0   0   0
    GTA   1   1   1   1   1   1 |     GCA   1   1   1   1   1   1 | Glu GAA   1   1   1   1   1   1 |     GGA   0   0   0   0   0   0
    GTG   4   4   4   4   4   4 |     GCG   0   0   0   0   0   0 |     GAG   2   2   2   2   2   2 |     GGG   0   0   0   0   0   0
--------------------------------------------------------------------------------------------------------------------------------------

--------------------------------------------------------------------------------------------------------------------------------------
Phe TTT   2   2   2   3   3   3 | Ser TCT   0   0   0   0   0   0 | Tyr TAT   3   3   3   3   3   3 | Cys TGT   0   0   0   0   0   0
    TTC   0   0   0   0   0   0 |     TCC   3   3   3   3   3   3 |     TAC   0   0   0   0   0   0 |     TGC   0   0   0   0   0   0
Leu TTA   2   2   1   1   2   2 |     TCA   1   0   1   1   1   1 | *** TAA   0   0   0   0   0   0 | *** TGA   0   0   0   0   0   0
    TTG   1   1   2   1   0   0 |     TCG   0   1   0   0   0   0 |     TAG   0   0   0   0   0   0 | Trp TGG   0   0   0   0   0   0
--------------------------------------------------------------------------------------------------------------------------------------
Leu CTT   2   2   1   2   1   1 | Pro CCT   0   0   1   0   0   0 | His CAT   1   0   1   1   0   0 | Arg CGT   0   0   0   0   0   0
    CTC   0   0   0   0   1   1 |     CCC   0   0   0   0   0   0 |     CAC   0   1   0   0   1   1 |     CGC   0   0   0   0   0   0
    CTA   0   0   0   0   0   0 |     CCA   1   0   0   1   0   0 | Gln CAA   1   1   1   1   1   1 |     CGA   0   0   0   0   0   0
    CTG   2   2   2   2   2   2 |     CCG   0   1   1   0   1   1 |     CAG   0   0   0   0   0   0 |     CGG   0   0   0   0   0   0
--------------------------------------------------------------------------------------------------------------------------------------
Ile ATT   0   0   0   0   0   0 | Thr ACT   0   0   0   1   0   0 | Asn AAT   0   0   0   0   0   0 | Ser AGT   0   0   0   0   0   0
    ATC   0   0   0   0   0   0 |     ACC   4   4   4   3   4   4 |     AAC   2   2   2   2   2   2 |     AGC   0   0   0   0   0   0
    ATA   0   0   0   0   0   0 |     ACA   1   1   1   1   1   1 | Lys AAA   2   2   2   3   2   2 | Arg AGA   3   2   3   2   3   3
Met ATG   1   1   1   1   1   1 |     ACG   0   0   0   0   0   0 |     AAG   0   0   0   0   0   0 |     AGG   0   1   0   0   0   0
--------------------------------------------------------------------------------------------------------------------------------------
Val GTT   0   0   0   0   0   0 | Ala GCT   0   0   0   0   0   0 | Asp GAT   3   3   3   4   3   3 | Gly GGT   4   4   4   4   4   4
    GTC   0   0   0   0   0   0 |     GCC   0   0   0   0   0   0 |     GAC   1   1   1   0   1   1 |     GGC   0   0   0   0   0   0
    GTA   1   1   1   1   1   1 |     GCA   1   1   1   1   1   1 | Glu GAA   1   1   1   1   1   1 |     GGA   0   0   0   0   0   0
    GTG   4   4   4   4   4   4 |     GCG   0   0   0   0   0   0 |     GAG   2   2   2   2   2   2 |     GGG   0   0   0   0   0   0
--------------------------------------------------------------------------------------------------------------------------------------

Codon position x base (3x4) table for each sequence.

#1: Argali         
position  1:    T:0.24490    C:0.14286    A:0.26531    G:0.34694
position  2:    T:0.30612    C:0.22449    A:0.32653    G:0.14286
position  3:    T:0.28571    C:0.22449    A:0.26531    G:0.22449
Average         T:0.27891    C:0.19728    A:0.28571    G:0.23810

#2: LesserMouseDeer
position  1:    T:0.24490    C:0.16327    A:0.26531    G:0.32653
position  2:    T:0.30612    C:0.26531    A:0.26531    G:0.16327
position  3:    T:0.34694    C:0.24490    A:0.20408    G:0.20408
Average         T:0.29932    C:0.22449    A:0.24490    G:0.23129

#3: LesserKudu     
position  1:    T:0.24490    C:0.14286    A:0.26531    G:0.34694
position  2:    T:0.30612    C:0.22449    A:0.32653    G:0.14286
position  3:    T:0.28571    C:0.24490    A:0.28571    G:0.18367
Average         T:0.27891    C:0.20408    A:0.29252    G:0.22449

#4: ForestMuskDeer2
position  1:    T:0.24490    C:0.14286    A:0.26531    G:0.34694
position  2:    T:0.30612    C:0.22449    A:0.34694    G:0.12245
position  3:    T:0.36735    C:0.16327    A:0.26531    G:0.20408
Average         T:0.30612    C:0.17687    A:0.29252    G:0.22449

#5: Camel          
position  1:    T:0.26531    C:0.14286    A:0.24490    G:0.34694
position  2:    T:0.26531    C:0.28571    A:0.34694    G:0.10204
position  3:    T:0.34694    C:0.18367    A:0.22449    G:0.24490
Average         T:0.29252    C:0.20408    A:0.27211    G:0.23129

#6: KillerWhale    
position  1:    T:0.24490    C:0.14286    A:0.26531    G:0.34694
position  2:    T:0.28571    C:0.26531    A:0.30612    G:0.14286
position  3:    T:0.32653    C:0.22449    A:0.24490    G:0.20408
Average         T:0.28571    C:0.21088    A:0.27211    G:0.23129

#7: DefassaWaterbuck
position  1:    T:0.24490    C:0.14286    A:0.26531    G:0.34694
position  2:    T:0.30612    C:0.22449    A:0.32653    G:0.14286
position  3:    T:0.28571    C:0.22449    A:0.26531    G:0.22449
Average         T:0.27891    C:0.19728    A:0.28571    G:0.23810

#8: Sheep          
position  1:    T:0.24490    C:0.14286    A:0.26531    G:0.34694
position  2:    T:0.30612    C:0.22449    A:0.32653    G:0.14286
position  3:    T:0.26531    C:0.24490    A:0.26531    G:0.22449
Average         T:0.27211    C:0.20408    A:0.28571    G:0.23810

#9: MaxwellsDuiker 
position  1:    T:0.22449    C:0.14286    A:0.26531    G:0.36735
position  2:    T:0.30612    C:0.22449    A:0.32653    G:0.14286
position  3:    T:0.30612    C:0.20408    A:0.28571    G:0.20408
Average         T:0.27891    C:0.19048    A:0.29252    G:0.23810

#10: GazellaPrzewalskyi
position  1:    T:0.24490    C:0.14286    A:0.24490    G:0.36735
position  2:    T:0.30612    C:0.22449    A:0.32653    G:0.14286
position  3:    T:0.24490    C:0.24490    A:0.28571    G:0.22449
Average         T:0.26531    C:0.20408    A:0.28571    G:0.24490

#11: MountainNyala  
position  1:    T:0.24490    C:0.14286    A:0.26531    G:0.34694
position  2:    T:0.30612    C:0.22449    A:0.32653    G:0.14286
position  3:    T:0.28571    C:0.24490    A:0.26531    G:0.20408
Average         T:0.27891    C:0.20408    A:0.28571    G:0.23129

#12: MuntiacusMuntjak
position  1:    T:0.24490    C:0.14286    A:0.26531    G:0.34694
position  2:    T:0.30612    C:0.22449    A:0.32653    G:0.14286
position  3:    T:0.30612    C:0.22449    A:0.26531    G:0.20408
Average         T:0.28571    C:0.19728    A:0.28571    G:0.23129

#13: goat           
position  1:    T:0.24490    C:0.14286    A:0.24490    G:0.36735
position  2:    T:0.30612    C:0.22449    A:0.32653    G:0.14286
position  3:    T:0.24490    C:0.26531    A:0.26531    G:0.22449
Average         T:0.26531    C:0.21088    A:0.27891    G:0.24490

#14: AfricanBuffalo 
position  1:    T:0.24490    C:0.14286    A:0.26531    G:0.34694
position  2:    T:0.30612    C:0.22449    A:0.32653    G:0.14286
position  3:    T:0.32653    C:0.20408    A:0.26531    G:0.20408
Average         T:0.29252    C:0.19048    A:0.28571    G:0.23129

#15: Topi           
position  1:    T:0.24490    C:0.14286    A:0.26531    G:0.34694
position  2:    T:0.30612    C:0.24490    A:0.32653    G:0.12245
position  3:    T:0.28571    C:0.20408    A:0.26531    G:0.24490
Average         T:0.27891    C:0.19728    A:0.28571    G:0.23810

#16: CommonDuiker   
position  1:    T:0.24490    C:0.14286    A:0.26531    G:0.34694
position  2:    T:0.30612    C:0.22449    A:0.32653    G:0.14286
position  3:    T:0.28571    C:0.22449    A:0.26531    G:0.22449
Average         T:0.27891    C:0.19728    A:0.28571    G:0.23810

#17: Suni           
position  1:    T:0.22449    C:0.14286    A:0.28571    G:0.34694
position  2:    T:0.30612    C:0.22449    A:0.32653    G:0.14286
position  3:    T:0.24490    C:0.26531    A:0.26531    G:0.22449
Average         T:0.25850    C:0.21088    A:0.29252    G:0.23810

#18: Springbuck     
position  1:    T:0.26531    C:0.12245    A:0.26531    G:0.34694
position  2:    T:0.30612    C:0.22449    A:0.32653    G:0.14286
position  3:    T:0.32653    C:0.18367    A:0.28571    G:0.20408
Average         T:0.29932    C:0.17687    A:0.29252    G:0.23129

#19: Okapi          
position  1:    T:0.22449    C:0.14286    A:0.24490    G:0.38776
position  2:    T:0.30612    C:0.22449    A:0.32653    G:0.14286
position  3:    T:0.32653    C:0.20408    A:0.26531    G:0.20408
Average         T:0.28571    C:0.19048    A:0.27891    G:0.24490

#20: Giraffe        
position  1:    T:0.24490    C:0.14286    A:0.26531    G:0.34694
position  2:    T:0.30612    C:0.22449    A:0.32653    G:0.14286
position  3:    T:0.32653    C:0.20408    A:0.26531    G:0.20408
Average         T:0.29252    C:0.19048    A:0.28571    G:0.23129

#21: TibetanAntelope
position  1:    T:0.24490    C:0.14286    A:0.26531    G:0.34694
position  2:    T:0.30612    C:0.22449    A:0.32653    G:0.14286
position  3:    T:0.28571    C:0.22449    A:0.28571    G:0.20408
Average         T:0.27891    C:0.19728    A:0.29252    G:0.23129

#22: Sitatunga      
position  1:    T:0.24490    C:0.14286    A:0.26531    G:0.34694
position  2:    T:0.30612    C:0.22449    A:0.32653    G:0.14286
position  3:    T:0.28571    C:0.24490    A:0.26531    G:0.20408
Average         T:0.27891    C:0.20408    A:0.28571    G:0.23129

#23: Oribi          
position  1:    T:0.26531    C:0.12245    A:0.26531    G:0.34694
position  2:    T:0.28571    C:0.24490    A:0.32653    G:0.14286
position  3:    T:0.30612    C:0.20408    A:0.28571    G:0.20408
Average         T:0.28571    C:0.19048    A:0.29252    G:0.23129

#24: BarbarySheep   
position  1:    T:0.24490    C:0.14286    A:0.24490    G:0.36735
position  2:    T:0.30612    C:0.22449    A:0.32653    G:0.14286
position  3:    T:0.24490    C:0.26531    A:0.26531    G:0.22449
Average         T:0.26531    C:0.21088    A:0.27891    G:0.24490

#25: Daviddeer      
position  1:    T:0.24490    C:0.14286    A:0.26531    G:0.34694
position  2:    T:0.30612    C:0.22449    A:0.32653    G:0.14286
position  3:    T:0.30612    C:0.22449    A:0.26531    G:0.20408
Average         T:0.28571    C:0.19728    A:0.28571    G:0.23129

#26: Reindeer       
position  1:    T:0.24490    C:0.14286    A:0.26531    G:0.34694
position  2:    T:0.30612    C:0.22449    A:0.32653    G:0.14286
position  3:    T:0.30612    C:0.22449    A:0.26531    G:0.20408
Average         T:0.28571    C:0.19728    A:0.28571    G:0.23129

#27: Ibex           
position  1:    T:0.24490    C:0.14286    A:0.24490    G:0.36735
position  2:    T:0.30612    C:0.22449    A:0.32653    G:0.14286
position  3:    T:0.24490    C:0.26531    A:0.26531    G:0.22449
Average         T:0.26531    C:0.21088    A:0.27891    G:0.24490

#28: GyrantGazelle  
position  1:    T:0.26531    C:0.12245    A:0.26531    G:0.34694
position  2:    T:0.28571    C:0.24490    A:0.32653    G:0.14286
position  3:    T:0.32653    C:0.18367    A:0.28571    G:0.20408
Average         T:0.29252    C:0.18367    A:0.29252    G:0.23129

#29: Hartebeest     
position  1:    T:0.24490    C:0.14286    A:0.28571    G:0.32653
position  2:    T:0.30612    C:0.24490    A:0.32653    G:0.12245
position  3:    T:0.30612    C:0.18367    A:0.26531    G:0.24490
Average         T:0.28571    C:0.19048    A:0.29252    G:0.23129

#30: Bongo          
position  1:    T:0.24490    C:0.14286    A:0.26531    G:0.34694
position  2:    T:0.30612    C:0.22449    A:0.32653    G:0.14286
position  3:    T:0.28571    C:0.24490    A:0.26531    G:0.20408
Average         T:0.27891    C:0.20408    A:0.28571    G:0.23129

#31: Gerenuk        
position  1:    T:0.26531    C:0.12245    A:0.26531    G:0.34694
position  2:    T:0.30612    C:0.22449    A:0.32653    G:0.14286
position  3:    T:0.32653    C:0.18367    A:0.28571    G:0.20408
Average         T:0.29932    C:0.17687    A:0.29252    G:0.23129

#32: CommonEland    
position  1:    T:0.24490    C:0.14286    A:0.26531    G:0.34694
position  2:    T:0.30612    C:0.22449    A:0.32653    G:0.14286
position  3:    T:0.26531    C:0.24490    A:0.26531    G:0.22449
Average         T:0.27211    C:0.20408    A:0.28571    G:0.23810

#33: MuntiacusReevesi
position  1:    T:0.24490    C:0.14286    A:0.26531    G:0.34694
position  2:    T:0.30612    C:0.22449    A:0.32653    G:0.14286
position  3:    T:0.30612    C:0.22449    A:0.26531    G:0.20408
Average         T:0.28571    C:0.19728    A:0.28571    G:0.23129

#34: HarveysDuiker  
position  1:    T:0.24490    C:0.14286    A:0.26531    G:0.34694
position  2:    T:0.30612    C:0.22449    A:0.32653    G:0.14286
position  3:    T:0.30612    C:0.20408    A:0.26531    G:0.22449
Average         T:0.28571    C:0.19048    A:0.28571    G:0.23810

#35: Pronghorn      
position  1:    T:0.24490    C:0.14286    A:0.24490    G:0.36735
position  2:    T:0.30612    C:0.22449    A:0.32653    G:0.14286
position  3:    T:0.30612    C:0.22449    A:0.26531    G:0.20408
Average         T:0.28571    C:0.19728    A:0.27891    G:0.23810

#36: BlueWildebeest 
position  1:    T:0.24490    C:0.14286    A:0.26531    G:0.34694
position  2:    T:0.30612    C:0.24490    A:0.32653    G:0.12245
position  3:    T:0.28571    C:0.20408    A:0.26531    G:0.24490
Average         T:0.27891    C:0.19728    A:0.28571    G:0.23810

#37: Gemsbok        
position  1:    T:0.24490    C:0.14286    A:0.26531    G:0.34694
position  2:    T:0.30612    C:0.22449    A:0.32653    G:0.14286
position  3:    T:0.28571    C:0.20408    A:0.28571    G:0.22449
Average         T:0.27891    C:0.19048    A:0.29252    G:0.23810

#38: Yak            
position  1:    T:0.24490    C:0.14286    A:0.26531    G:0.34694
position  2:    T:0.30612    C:0.22449    A:0.32653    G:0.14286
position  3:    T:0.30612    C:0.22449    A:0.26531    G:0.20408
Average         T:0.28571    C:0.19728    A:0.28571    G:0.23129

#39: BlueSheep      
position  1:    T:0.24490    C:0.14286    A:0.24490    G:0.36735
position  2:    T:0.30612    C:0.22449    A:0.32653    G:0.14286
position  3:    T:0.24490    C:0.26531    A:0.26531    G:0.22449
Average         T:0.26531    C:0.21088    A:0.27891    G:0.24490

#40: BohorReedbuck  
position  1:    T:0.24490    C:0.14286    A:0.26531    G:0.34694
position  2:    T:0.30612    C:0.22449    A:0.32653    G:0.14286
position  3:    T:0.28571    C:0.22449    A:0.26531    G:0.22449
Average         T:0.27891    C:0.19728    A:0.28571    G:0.23810

#41: KirksDik       
position  1:    T:0.24490    C:0.14286    A:0.26531    G:0.34694
position  2:    T:0.30612    C:0.22449    A:0.32653    G:0.14286
position  3:    T:0.34694    C:0.20408    A:0.24490    G:0.20408
Average         T:0.29932    C:0.19048    A:0.27891    G:0.23129

#42: RoeDeer        
position  1:    T:0.24490    C:0.14286    A:0.24490    G:0.36735
position  2:    T:0.30612    C:0.22449    A:0.30612    G:0.16327
position  3:    T:0.28571    C:0.24490    A:0.26531    G:0.20408
Average         T:0.27891    C:0.20408    A:0.27211    G:0.24490

#43: WhiteLippedDeer
position  1:    T:0.24490    C:0.14286    A:0.26531    G:0.34694
position  2:    T:0.30612    C:0.22449    A:0.32653    G:0.14286
position  3:    T:0.30612    C:0.22449    A:0.26531    G:0.20408
Average         T:0.28571    C:0.19728    A:0.28571    G:0.23129

#44: ThomsonGazelle 
position  1:    T:0.26531    C:0.12245    A:0.26531    G:0.34694
position  2:    T:0.32653    C:0.22449    A:0.32653    G:0.12245
position  3:    T:0.34694    C:0.16327    A:0.28571    G:0.20408
Average         T:0.31293    C:0.17007    A:0.29252    G:0.22449

#45: MuntiacusCrinifrons
position  1:    T:0.24490    C:0.14286    A:0.26531    G:0.34694
position  2:    T:0.30612    C:0.22449    A:0.32653    G:0.14286
position  3:    T:0.30612    C:0.22449    A:0.26531    G:0.20408
Average         T:0.28571    C:0.19728    A:0.28571    G:0.23129

#46: WhiteTailedDeer
position  1:    T:0.24490    C:0.14286    A:0.26531    G:0.34694
position  2:    T:0.28571    C:0.24490    A:0.32653    G:0.14286
position  3:    T:0.30612    C:0.22449    A:0.26531    G:0.20408
Average         T:0.27891    C:0.20408    A:0.28571    G:0.23129

#47: Cattle         
position  1:    T:0.24490    C:0.14286    A:0.26531    G:0.34694
position  2:    T:0.30612    C:0.22449    A:0.32653    G:0.14286
position  3:    T:0.30612    C:0.22449    A:0.26531    G:0.20408
Average         T:0.28571    C:0.19728    A:0.28571    G:0.23129

#48: RoyalAntelope  
position  1:    T:0.24490    C:0.14286    A:0.26531    G:0.34694
position  2:    T:0.30612    C:0.22449    A:0.32653    G:0.14286
position  3:    T:0.30612    C:0.20408    A:0.26531    G:0.22449
Average         T:0.28571    C:0.19048    A:0.28571    G:0.23810

#49: Steenbok       
position  1:    T:0.24490    C:0.14286    A:0.26531    G:0.34694
position  2:    T:0.30612    C:0.22449    A:0.32653    G:0.14286
position  3:    T:0.30612    C:0.20408    A:0.28571    G:0.20408
Average         T:0.28571    C:0.19048    A:0.29252    G:0.23129

#50: Impala         
position  1:    T:0.24490    C:0.14286    A:0.26531    G:0.34694
position  2:    T:0.30612    C:0.22449    A:0.32653    G:0.14286
position  3:    T:0.28571    C:0.22449    A:0.22449    G:0.26531
Average         T:0.27891    C:0.19728    A:0.27211    G:0.25170

#51: Klipspringer   
position  1:    T:0.24490    C:0.14286    A:0.26531    G:0.34694
position  2:    T:0.28571    C:0.24490    A:0.32653    G:0.14286
