1
52 1
Argali 0.000000 0.566600 0.154700 0.383100 0.172600 0.014600 0.193600 0.179200 0.173300 0.209700 0.068800 0.182000 0.116700 0.162300 0.152000 0.196500 0.270200 0.282000 0.121400 0.172200 0.215200 0.066800 0.207600 0.200000 0.079600 0.184700 0.128300 0.159600 0.195700 0.165000 0.214300 0.151300 0.256500 0.128700 0.131200 0.175200 0.078600 0.163600 0.215800 0.200000 0.214000 0.200500 0.208000 0.195000 0.182300 0.158300 0.156400 0.181100 0.177200 0.210100 0.174300 0.166100
LesserMous 0.566600 0.000000 0.494500 0.466900 0.529100 0.550400 0.539200 0.571600 0.524300 0.522000 0.540700 0.541300 0.534900 0.538400 0.516700 0.625200 0.583000 0.575600 0.568000 0.511700 0.563300 0.511600 0.513000 0.563800 0.558600 0.629300 0.533500 0.488600 0.576500 0.475600 0.546900 0.519300 0.543700 0.536700 0.547700 0.520400 0.552000 0.559900 0.594100 0.574600 0.491400 0.612200 0.515700 0.535600 0.514600 0.518500 0.537500 0.549300 0.496200 0.542900 0.515700 0.500200
LesserKudu 0.154700 0.494500 0.000000 0.315600 0.136500 0.150000 0.163000 0.143800 0.054700 0.161200 0.107600 0.110700 0.103700 0.120800 0.134600 0.161200 0.193800 0.198600 0.150500 0.037800 0.185600 0.106500 0.145500 0.158000 0.119000 0.163300 0.115700 0.026800 0.179500 0.037600 0.166000 0.108800 0.188100 0.116000 0.106800 0.081600 0.118100 0.152300 0.162600 0.170700 0.151700 0.179100 0.159900 0.165400 0.076400 0.127900 0.126400 0.137400 0.139700 0.149000 0.043800 0.032300
KillerWhal 0.383100 0.466900 0.315600 0.000000 0.346400 0.379000 0.325200 0.394800 0.339600 0.336000 0.365800 0.394200 0.349500 0.346800 0.370700 0.413600 0.424500 0.373000 0.381000 0.337100 0.371800 0.353300 0.366600 0.342700 0.363600 0.419400 0.348300 0.314100 0.413200 0.326600 0.355100 0.331100 0.378100 0.350400 0.369800 0.352600 0.376300 0.347800 0.385000 0.390100 0.374300 0.404200 0.332900 0.353300 0.347300 0.372600 0.374000 0.376800 0.396100 0.376100 0.339400 0.307500
DefassaWat 0.172600 0.529100 0.136500 0.346400 0.000000 0.167900 0.169300 0.131000 0.161300 0.186100 0.131400 0.164700 0.103100 0.138900 0.122200 0.166500 0.246300 0.224200 0.126400 0.154400 0.184800 0.130000 0.183200 0.194900 0.143000 0.168400 0.115100 0.141600 0.160400 0.147200 0.203500 0.126800 0.232800 0.103400 0.106300 0.164300 0.141800 0.047300 0.174200 0.195000 0.203100 0.184300 0.184500 0.189700 0.159100 0.133900 0.144000 0.162800 0.139100 0.186700 0.162300 0.148200
Sheep 0.014600 0.550400 0.150000 0.379000 0.167900 0.000000 0.188800 0.174600 0.161300 0.205200 0.063900 0.177400 0.111700 0.157500 0.141100 0.191900 0.265800 0.277600 0.116800 0.154500 0.204300 0.063000 0.202900 0.195500 0.074700 0.180200 0.123400 0.142200 0.191200 0.147600 0.209800 0.146400 0.252100 0.123800 0.126400 0.170600 0.073700 0.159000 0.211400 0.195500 0.209400 0.196000 0.203500 0.190400 0.177700 0.153500 0.151600 0.176300 0.172300 0.205500 0.162200 0.148600
MaxwellsDu 0.193600 0.539200 0.163000 0.325200 0.169300 0.188800 0.000000 0.130900 0.176400 0.188300 0.157600 0.159100 0.127700 0.094700 0.159700 0.149500 0.209400 0.228200 0.195400 0.182000 0.133700 0.142900 0.185600 0.191100 0.156600 0.170500 0.140500 0.155300 0.161900 0.174000 0.193300 0.082400 0.217400 0.128000 0.143200 0.184800 0.168500 0.159600 0.157200 0.190900 0.199000 0.148200 0.186600 0.199000 0.179500 0.140300 0.119500 0.178300 0.160300 0.189300 0.183500 0.169100
GazellaPrz 0.179200 0.571600 0.143800 0.394800 0.131000 0.174600 0.130900 0.000000 0.169000 0.167800 0.131900 0.153600 0.116000 0.114800 0.134900 0.071200 0.227100 0.225600 0.156500 0.161900 0.084700 0.118500 0.178100 0.165300 0.131200 0.086100 0.128200 0.148900 0.079500 0.154500 0.172600 0.102900 0.214300 0.128600 0.131000 0.146800 0.142500 0.146600 0.126700 0.183900 0.191600 0.087700 0.166400 0.178600 0.154000 0.134600 0.084200 0.176900 0.173500 0.168400 0.170000 0.149700
MountainNy 0.173300 0.524300 0.054700 0.339600 0.161300 0.161300 0.176400 0.169000 0.000000 0.186700 0.131800 0.134500 0.128300 0.133300 0.152600 0.186700 0.226700 0.231500 0.169300 0.026600 0.206000 0.130500 0.171100 0.182900 0.143500 0.188200 0.140600 0.026700 0.204600 0.048500 0.191400 0.121100 0.213700 0.128600 0.130900 0.110300 0.142300 0.177200 0.187400 0.195900 0.177400 0.204900 0.185100 0.190700 0.105100 0.153200 0.151300 0.163500 0.166300 0.180300 0.032300 0.043200
MuntiacusM 0.209700 0.522000 0.161200 0.336000 0.186100 0.205200 0.188300 0.167800 0.186700 0.000000 0.162500 0.182800 0.152800 0.157100 0.170800 0.185200 0.225100 0.249700 0.204800 0.179400 0.197500 0.160800 0.044200 0.086900 0.161600 0.192900 0.165300 0.166200 0.209000 0.171900 0.026500 0.132600 0.244800 0.165800 0.154700 0.157200 0.173000 0.189000 0.186000 0.087000 0.066900 0.196700 0.021200 0.081700 0.152100 0.178100 0.156200 0.196400 0.206600 0.173200 0.187800 0.167100
goat 0.068800 0.540700 0.107600 0.365800 0.131400 0.063900 0.157600 0.131900 0.131800 0.162500 0.000000 0.141300 0.086200 0.115400 0.117400 0.149500 0.242100 0.246700 0.092600 0.125100 0.166900 0.021500 0.159500 0.171900 0.010800 0.151500 0.098000 0.112700 0.162000 0.118200 0.167400 0.103300 0.228700 0.098400 0.089700 0.128800 0.021500 0.135000 0.169800 0.172000 0.165800 0.166900 0.161100 0.166700 0.135700 0.122400 0.108800 0.119100 0.127300 0.162700 0.132600 0.113200
AfricanBuf 0.182000 0.541300 0.110700 0.394200 0.164700 0.177400 0.159100 0.153600 0.134500 0.182800 0.141300 0.000000 0.113600 0.142500 0.144400 0.164100 0.203500 0.240700 0.177300 0.127900 0.195100 0.139900 0.167400 0.180100 0.152800 0.178300 0.125500 0.115700 0.188700 0.121200 0.187400 0.130500 0.197400 0.125900 0.128200 0.091200 0.151600 0.162000 0.177900 0.173500 0.173800 0.194300 0.181200 0.175100 0.086000 0.137000 0.148000 0.159900 0.162600 0.189300 0.135200 0.122000
Topi 0.116700 0.534900 0.103700 0.349500 0.103100 0.111700 0.127700 0.116000 0.128300 0.152800 0.086200 0.113600 0.000000 0.099100 0.101600 0.133500 0.199200 0.217600 0.123600 0.121500 0.138000 0.085200 0.136700 0.162400 0.097800 0.142400 0.011200 0.108900 0.152600 0.114600 0.157700 0.087000 0.187000 0.011300 0.073600 0.125300 0.096900 0.107200 0.154500 0.162500 0.156100 0.145300 0.151500 0.157100 0.120000 0.081500 0.098500 0.102600 0.110200 0.153100 0.129100 0.115400
CommonDuik 0.162300 0.538400 0.120800 0.346800 0.138900 0.157500 0.094700 0.114800 0.133300 0.157100 0.115400 0.142500 0.099100 0.000000 0.130500 0.132200 0.223400 0.228300 0.140200 0.138700 0.142400 0.101600 0.154100 0.179500 0.114700 0.134800 0.111200 0.113900 0.151100 0.131600 0.149500 0.022200 0.210500 0.111600 0.102400 0.142200 0.125300 0.142500 0.146400 0.179500 0.173600 0.149800 0.155800 0.187000 0.136900 0.104800 0.097500 0.133200 0.122200 0.170500 0.146400 0.126600
Suni 0.152000 0.516700 0.134600 0.370700 0.122200 0.141100 0.159700 0.134900 0.152600 0.170800 0.117400 0.144400 0.101600 0.130500 0.000000 0.164200 0.215800 0.260800 0.130100 0.133900 0.169900 0.104500 0.167800 0.179800 0.128800 0.154200 0.113400 0.133200 0.170000 0.126800 0.175500 0.118600 0.216700 0.113800 0.104800 0.149800 0.127800 0.114100 0.184200 0.192400 0.187100 0.169400 0.157000 0.162400 0.144700 0.131900 0.141900 0.128900 0.149700 0.171000 0.153300 0.139700
Springbuck 0.196500 0.625200 0.161200 0.413600 0.166500 0.191900 0.149500 0.071200 0.186700 0.185200 0.149500 0.164100 0.133500 0.132200 0.164200 0.000000 0.239000 0.257500 0.155000 0.179400 0.114200 0.135700 0.195700 0.182500 0.148700 0.080000 0.145700 0.166300 0.073400 0.171900 0.190000 0.120100 0.225900 0.146200 0.148200 0.169600 0.159900 0.181900 0.143600 0.195300 0.209600 0.081500 0.183700 0.195900 0.177000 0.158200 0.101100 0.195300 0.192000 0.192000 0.187800 0.167200
Okapi 0.270200 0.583000 0.193800 0.424500 0.246300 0.265800 0.209400 0.227100 0.226700 0.225100 0.242100 0.203500 0.199200 0.223400 0.215800 0.239000 0.000000 0.111300 0.278600 0.218800 0.288700 0.239500 0.223100 0.241200 0.254700 0.286200 0.212400 0.192200 0.261500 0.210600 0.229700 0.210500 0.168400 0.213000 0.226500 0.221200 0.252600 0.221600 0.257500 0.227500 0.237300 0.292000 0.236500 0.236000 0.209800 0.226000 0.228900 0.252700 0.273100 0.245500 0.228000 0.212100
Giraffe 0.282000 0.575600 0.198600 0.373000 0.224200 0.277600 0.228200 0.225600 0.231500 0.249700 0.246700 0.240700 0.217600 0.228300 0.260800 0.257500 0.111300 0.000000 0.263500 0.223600 0.293400 0.230600 0.234600 0.252600 0.259200 0.284700 0.231000 0.197000 0.247400 0.215400 0.254300 0.215400 0.179000 0.231600 0.244800 0.233200 0.257100 0.227100 0.235700 0.238600 0.248800 0.290400 0.254800 0.260800 0.227800 0.244900 0.240300 0.272400 0.293400 0.236900 0.232800 0.216900
TibetanAnt 0.121400 0.568000 0.150500 0.381000 0.126400 0.116800 0.195400 0.156500 0.169300 0.204800 0.092600 0.177300 0.123600 0.140200 0.130100 0.155000 0.278600 0.263500 0.000000 0.168000 0.191400 0.080400 0.202600 0.201000 0.103600 0.175100 0.135400 0.155400 0.167200 0.148800 0.209400 0.128400 0.238500 0.135800 0.114500 0.164700 0.102800 0.147100 0.187400 0.188600 0.222300 0.190700 0.203100 0.196000 0.171700 0.147400 0.151500 0.170000 0.172700 0.186700 0.176000 0.162000
Sitatunga 0.172200 0.511700 0.037800 0.337100 0.154400 0.154500 0.182000 0.161900 0.026600 0.179400 0.125100 0.127900 0.121500 0.138700 0.133900 0.179400 0.218800 0.223600 0.168000 0.000000 0.198300 0.123800 0.163900 0.175900 0.136600 0.181100 0.133700 0.021000 0.197400 0.031300 0.184100 0.126500 0.212200 0.121800 0.124200 0.104000 0.135600 0.170100 0.180300 0.188700 0.170100 0.197500 0.177900 0.183400 0.098800 0.146100 0.144300 0.143400 0.158800 0.160700 0.026800 0.026200
Oribi 0.215200 0.563300 0.185600 0.371800 0.184800 0.204300 0.133700 0.084700 0.206000 0.197500 0.166900 0.195100 0.138000 0.142400 0.169900 0.114200 0.288700 0.293400 0.191400 0.198300 0.000000 0.152300 0.215400 0.213900 0.165900 0.129000 0.150700 0.184400 0.133400 0.190200 0.202400 0.135700 0.253100 0.151100 0.165600 0.193800 0.177600 0.200600 0.152600 0.220200 0.216000 0.107500 0.195800 0.222000 0.201900 0.176700 0.116400 0.181100 0.198700 0.211600 0.199800 0.185500
BarbaryShe 0.066800 0.511600 0.106500 0.353300 0.130000 0.063000 0.142900 0.118500 0.130500 0.160800 0.021500 0.139900 0.085200 0.101600 0.104500 0.135700 0.239500 0.230600 0.080400 0.123800 0.152300 0.000000 0.157800 0.157800 0.032300 0.138100 0.097000 0.111500 0.148400 0.105300 0.165600 0.090400 0.213300 0.097300 0.088800 0.127500 0.031900 0.133600 0.155900 0.170200 0.164100 0.153000 0.159400 0.165000 0.134300 0.121200 0.095700 0.130500 0.125900 0.136300 0.131200 0.117900
Daviddeer 0.207600 0.513000 0.145500 0.366600 0.183200 0.202900 0.185600 0.178100 0.171100 0.044200 0.159500 0.167400 0.136700 0.154100 0.167800 0.195700 0.223100 0.234600 0.202600 0.163900 0.215400 0.157800 0.000000 0.082800 0.171500 0.203600 0.149300 0.150700 0.220000 0.156400 0.054900 0.129100 0.229500 0.149800 0.139000 0.154400 0.170100 0.186300 0.195500 0.082900 0.039200 0.207700 0.060600 0.077600 0.143200 0.162100 0.166500 0.186700 0.189900 0.170500 0.172200 0.157500
Reindeer 0.200000 0.563800 0.158000 0.342700 0.194900 0.195500 0.191100 0.165300 0.182900 0.086900 0.171900 0.180100 0.162400 0.179500 0.179800 0.182500 0.241200 0.252600 0.201000 0.175900 0.213900 0.157800 0.082800 0.000000 0.183700 0.190200 0.174700 0.163000 0.206200 0.168500 0.091800 0.154800 0.221300 0.175300 0.145900 0.142300 0.169700 0.185200 0.202100 0.074300 0.088600 0.187900 0.097600 0.036600 0.149200 0.187300 0.159800 0.225900 0.216000 0.170000 0.184000 0.169700
Ibex 0.079600 0.558600 0.119000 0.363600 0.143000 0.074700 0.156600 0.131200 0.143500 0.161600 0.010800 0.152800 0.097800 0.114700 0.128800 0.148700 0.254700 0.259200 0.103600 0.136600 0.165900 0.032300 0.171500 0.183700 0.000000 0.150800 0.109700 0.124100 0.161200 0.129700 0.166400 0.102800 0.240900 0.110100 0.101100 0.140200 0.032200 0.146500 0.168900 0.183800 0.178000 0.166100 0.160200 0.178500 0.147200 0.134300 0.108200 0.131200 0.139600 0.174600 0.144300 0.118900
GyrantGaze 0.184700 0.629300 0.163300 0.419400 0.168400 0.180200 0.170500 0.086100 0.188200 0.192900 0.151500 0.178300 0.142400 0.134800 0.154200 0.080000 0.286200 0.284700 0.175100 0.181100 0.129000 0.138100 0.203600 0.190200 0.150800 0.000000 0.154500 0.168200 0.098800 0.173700 0.197500 0.123000 0.245500 0.154900 0.150500 0.171500 0.161800 0.183500 0.157600 0.208600 0.217400 0.030900 0.191300 0.203500 0.178800 0.172800 0.116000 0.183800 0.193600 0.206100 0.189200 0.169100
Hartebeest 0.128300 0.533500 0.115700 0.348300 0.115100 0.123400 0.140500 0.128200 0.140600 0.165300 0.098000 0.125500 0.011200 0.111200 0.113400 0.145700 0.212400 0.231000 0.135400 0.133700 0.150700 0.097000 0.149300 0.174700 0.109700 0.154500 0.000000 0.120900 0.164600 0.126600 0.170200 0.099100 0.199700 0.022700 0.085300 0.137300 0.108800 0.107100 0.166600 0.174900 0.168900 0.157600 0.163900 0.169500 0.132000 0.093600 0.110600 0.115200 0.116200 0.165700 0.141500 0.127500
Bongo 0.159600 0.488600 0.026800 0.314100 0.141600 0.142200 0.155300 0.148900 0.026700 0.166200 0.112700 0.115700 0.108900 0.113900 0.133200 0.166300 0.192200 0.197000 0.155400 0.021000 0.184400 0.111500 0.150700 0.163000 0.124100 0.168200 0.120900 0.000000 0.184400 0.020900 0.171000 0.102100 0.193000 0.109200 0.111900 0.092200 0.123100 0.157300 0.167500 0.175600 0.156800 0.184100 0.164800 0.170300 0.087100 0.133100 0.131500 0.142700 0.145100 0.160000 0.026800 0.015800
Gerenuk 0.195700 0.576500 0.179500 0.413200 0.160400 0.191200 0.161900 0.079500 0.204600 0.209000 0.162000 0.188700 0.152600 0.151100 0.170000 0.073400 0.261500 0.247400 0.167200 0.197400 0.133400 0.148400 0.220000 0.206200 0.161200 0.098800 0.164600 0.184400 0.000000 0.189900 0.213500 0.139300 0.235600 0.165100 0.154500 0.181800 0.172100 0.175300 0.149900 0.224600 0.233800 0.100700 0.207300 0.219500 0.189200 0.171100 0.120400 0.213700 0.210900 0.191500 0.205800 0.185300
CommonElan 0.165000 0.475600 0.037600 0.326600 0.147200 0.147600 0.174000 0.154500 0.048500 0.171900 0.118200 0.121200 0.114600 0.131600 0.126800 0.171900 0.210600 0.215400 0.148800 0.031300 0.190200 0.105300 0.156400 0.168500 0.129700 0.173700 0.126600 0.020900 0.189900 0.000000 0.176600 0.119600 0.204400 0.114800 0.117400 0.097600 0.128700 0.162800 0.173000 0.181100 0.162600 0.189700 0.170400 0.175900 0.092400 0.138800 0.137200 0.148600 0.151100 0.153200 0.037700 0.026400
MuntiacusR 0.214300 0.546900 0.166000 0.355100 0.203500 0.209800 0.193300 0.172600 0.191400 0.026500 0.167400 0.187400 0.157700 0.149500 0.175500 0.190000 0.229700 0.254300 0.209400 0.184100 0.202400 0.165600 0.054900 0.091800 0.166400 0.197500 0.170200 0.171000 0.213500 0.176600 0.000000 0.137500 0.249400 0.170700 0.159600 0.161900 0.177700 0.206200 0.196500 0.091400 0.072000 0.201400 0.036400 0.086700 0.169200 0.182900 0.161100 0.201300 0.211600 0.178000 0.192500 0.171900
HarveysDui 0.151300 0.519300 0.108800 0.331100 0.126800 0.146400 0.082400 0.102900 0.121100 0.132600 0.103300 0.130500 0.087000 0.022200 0.118600 0.120100 0.210500 0.215400 0.128400 0.126500 0.135700 0.090400 0.129100 0.154800 0.102800 0.123000 0.099100 0.102100 0.139300 0.119600 0.137500 0.000000 0.197800 0.099400 0.090600 0.130200 0.114100 0.130500 0.134500 0.154800 0.148200 0.137600 0.131400 0.162100 0.124900 0.092700 0.085900 0.120600 0.109400 0.158100 0.134100 0.114500
Pronghorn 0.256500 0.543700 0.188100 0.378100 0.232800 0.252100 0.217400 0.214300 0.213700 0.244800 0.228700 0.197400 0.187000 0.210500 0.216700 0.225900 0.168400 0.179000 0.238500 0.212200 0.253100 0.213300 0.229500 0.221300 0.240900 0.245500 0.199700 0.193000 0.235600 0.204400 0.249400 0.197800 0.000000 0.200300 0.200700 0.220400 0.239000 0.248100 0.225800 0.234000 0.243400 0.250300 0.242800 0.229100 0.209500 0.225100 0.209500 0.252100 0.256600 0.219400 0.221000 0.205800
BlueWildeb 0.128700 0.536700 0.116000 0.350400 0.103400 0.123800 0.128000 0.128600 0.128600 0.165800 0.098400 0.125900 0.011300 0.111600 0.113800 0.146200 0.213000 0.231600 0.135800 0.121800 0.151100 0.097300 0.149800 0.175300 0.110100 0.154900 0.022700 0.109200 0.165100 0.114800 0.170700 0.099400 0.200300 0.000000 0.085600 0.137700 0.109100 0.107400 0.167100 0.175400 0.169400 0.158000 0.164300 0.170000 0.132400 0.093900 0.110900 0.115500 0.110500 0.153500 0.129400 0.115600
Gemsbok 0.131200 0.547700 0.106800 0.369800 0.106300 0.126400 0.143200 0.131000 0.130900 0.154700 0.089700 0.128200 0.073600 0.102400 0.104800 0.148200 0.226500 0.244800 0.114500 0.124200 0.165600 0.088800 0.139000 0.145900 0.101100 0.150500 0.085300 0.111900 0.154500 0.117400 0.159600 0.090600 0.200700 0.085600 0.000000 0.127900 0.100300 0.110200 0.168500 0.151800 0.157900 0.165800 0.153400 0.140700 0.122700 0.109200 0.113800 0.118200 0.120100 0.161900 0.131600 0.118300
Yak 0.175200 0.520400 0.081600 0.352600 0.164300 0.170600 0.184800 0.146800 0.110300 0.157200 0.128800 0.091200 0.125300 0.142200 0.149800 0.169600 0.221200 0.233200 0.164700 0.104000 0.193800 0.127500 0.154400 0.142300 0.140200 0.171500 0.137300 0.092200 0.181800 0.097600 0.161900 0.130200 0.220400 0.137700 0.127900 0.000000 0.127200 0.167400 0.159100 0.166600 0.173200 0.181200 0.155900 0.149300 0.015500 0.143000 0.129300 0.159500 0.162200 0.151500 0.110900 0.098200
BlueSheep 0.078600 0.552000 0.118100 0.376300 0.141800 0.073700 0.168500 0.142500 0.142300 0.173000 0.021500 0.151600 0.096900 0.125300 0.127800 0.159900 0.252600 0.257100 0.102800 0.135600 0.177600 0.031900 0.170100 0.169700 0.032200 0.161800 0.108800 0.123100 0.172100 0.128700 0.177700 0.114100 0.239000 0.109100 0.100300 0.127200 0.000000 0.145300 0.180000 0.169800 0.176500 0.171400 0.171500 0.164500 0.134000 0.133200 0.119400 0.130100 0.138400 0.173200 0.143100 0.123700
BohorReedb 0.163600 0.559900 0.152300 0.347800 0.047300 0.159000 0.159600 0.146600 0.177200 0.189000 0.135000 0.162000 0.107200 0.142500 0.114100 0.181900 0.221600 0.227100 0.147100 0.170100 0.200600 0.133600 0.186300 0.185200 0.146500 0.183500 0.107100 0.157300 0.175300 0.162800 0.206200 0.130500 0.248100 0.107400 0.110200 0.167400 0.145300 0.000000 0.201800 0.197800 0.205800 0.199600 0.187500 0.180100 0.162300 0.137600 0.147500 0.166200 0.142800 0.189700 0.178200 0.163900
KirksDik 0.215800 0.594100 0.162600 0.385000 0.174200 0.211400 0.157200 0.126700 0.187400 0.186000 0.169800 0.177900 0.154500 0.146400 0.184200 0.143600 0.257500 0.235700 0.187400 0.180300 0.152600 0.155900 0.195500 0.202100 0.168900 0.157600 0.166600 0.167500 0.149900 0.173000 0.196500 0.134500 0.225800 0.167100 0.168500 0.159100 0.180000 0.201800 0.000000 0.207800 0.216100 0.160600 0.190300 0.209400 0.160500 0.178900 0.087000 0.209100 0.200000 0.199500 0.188400 0.168400
RoeDeer 0.200000 0.574600 0.170700 0.390100 0.195000 0.195500 0.190900 0.183900 0.195900 0.087000 0.172000 0.173500 0.162500 0.179500 0.192400 0.195300 0.227500 0.238600 0.188600 0.188700 0.220200 0.170200 0.082900 0.074300 0.183800 0.208600 0.174900 0.175600 0.224600 0.181100 0.091400 0.154800 0.234000 0.175400 0.151800 0.166600 0.169800 0.197800 0.207800 0.000000 0.088700 0.206600 0.097100 0.069300 0.173900 0.187700 0.172400 0.212300 0.216200 0.182500 0.197100 0.182400
WhiteLippe 0.214000 0.491400 0.151700 0.374300 0.203100 0.209400 0.199000 0.191600 0.177400 0.066900 0.165800 0.173800 0.156100 0.173600 0.187100 0.209600 0.237300 0.248800 0.222300 0.170100 0.216000 0.164100 0.039200 0.088600 0.178000 0.217400 0.168900 0.156800 0.233800 0.162600 0.072000 0.148200 0.243400 0.169400 0.157900 0.173200 0.176500 0.205800 0.216100 0.088700 0.000000 0.221700 0.077900 0.083400 0.167900 0.182000 0.173700 0.207600 0.211300 0.190100 0.178600 0.163700
ThomsonGaz 0.200500 0.612200 0.179100 0.404200 0.184300 0.196000 0.148200 0.087700 0.204900 0.196700 0.166900 0.194300 0.145300 0.149800 0.169400 0.081500 0.292000 0.290400 0.190700 0.197500 0.107500 0.153000 0.207700 0.187900 0.166100 0.030900 0.157600 0.184100 0.100700 0.189700 0.201400 0.137600 0.250300 0.158000 0.165800 0.181200 0.171400 0.199600 0.160600 0.206600 0.221700 0.000000 0.195000 0.201300 0.188800 0.176300 0.118200 0.201000 0.211500 0.210200 0.199100 0.185100
MuntiacusC 0.208000 0.515700 0.159900 0.332900 0.184500 0.203500 0.186600 0.166400 0.185100 0.021200 0.161100 0.181200 0.151500 0.155800 0.157000 0.183700 0.236500 0.254800 0.203100 0.177900 0.195800 0.159400 0.060600 0.097600 0.160200 0.191300 0.163900 0.164800 0.207300 0.170400 0.036400 0.131400 0.242800 0.164300 0.153400 0.155900 0.171500 0.187500 0.190300 0.097100 0.077900 0.195000 0.000000 0.081100 0.163100 0.176500 0.154900 0.194600 0.204600 0.184400 0.186200 0.165700
WhiteTaile 0.195000 0.535600 0.165400 0.353300 0.189700 0.190400 0.199000 0.178600 0.190700 0.081700 0.166700 0.175100 0.157100 0.187000 0.162400 0.195900 0.236000 0.260800 0.196000 0.183400 0.222000 0.165000 0.077600 0.036600 0.178500 0.203500 0.169500 0.170300 0.219500 0.175900 0.086700 0.162100 0.229100 0.170000 0.140700 0.149300 0.164500 0.180100 0.209400 0.069300 0.083400 0.201300 0.081100 0.000000 0.156400 0.182200 0.167000 0.220500 0.210500 0.177300 0.191800 0.177200
Cattle 0.182300 0.514600 0.076400 0.347300 0.159100 0.177700 0.179500 0.154000 0.105100 0.152100 0.135700 0.086000 0.120000 0.136900 0.144700 0.177000 0.209800 0.227800 0.171700 0.098800 0.201900 0.134300 0.143200 0.149200 0.147200 0.178800 0.132000 0.087100 0.189200 0.092400 0.169200 0.124900 0.209500 0.132400 0.122700 0.015500 0.134000 0.162300 0.160500 0.173900 0.167900 0.188800 0.163100 0.156400 0.000000 0.137700 0.136300 0.154100 0.156700 0.158500 0.105600 0.093100
RoyalAntel 0.158300 0.518500 0.127900 0.372600 0.133900 0.153500 0.140300 0.134600 0.153200 0.178100 0.122400 0.137000 0.081500 0.104800 0.131900 0.158200 0.226000 0.244900 0.147400 0.146100 0.176700 0.121200 0.162100 0.187300 0.134300 0.172800 0.093600 0.133100 0.171100 0.138800 0.182900 0.092700 0.225100 0.093900 0.109200 0.143000 0.133200 0.137600 0.178900 0.187700 0.182000 0.176300 0.176500 0.182200 0.137700 0.000000 0.122800 0.141200 0.142800 0.178600 0.154100 0.139800
Steenbok 0.156400 0.537500 0.126400 0.374000 0.144000 0.151600 0.119500 0.084200 0.151300 0.156200 0.108800 0.148000 0.098500 0.097500 0.141900 0.101100 0.228900 0.240300 0.151500 0.144300 0.116400 0.095700 0.166500 0.159800 0.108200 0.116000 0.110600 0.131500 0.120400 0.137200 0.161100 0.085900 0.209500 0.110900 0.113800 0.129300 0.119400 0.147500 0.087000 0.172400 0.173700 0.118200 0.154900 0.167000 0.136300 0.122800 0.000000 0.151500 0.154900 0.156700 0.152200 0.132200
Impala 0.181100 0.549300 0.137400 0.376800 0.162800 0.176300 0.178300 0.176900 0.163500 0.196400 0.119100 0.159900 0.102600 0.133200 0.128900 0.195300 0.252700 0.272400 0.170000 0.143400 0.181100 0.130500 0.186700 0.225900 0.131200 0.183800 0.115200 0.142700 0.213700 0.148600 0.201300 0.120600 0.252100 0.115500 0.118200 0.159500 0.130100 0.166200 0.209100 0.212300 0.207600 0.201000 0.194600 0.220500 0.154100 0.141200 0.151500 0.000000 0.168400 0.196300 0.164600 0.143400
Klipspring 0.177200 0.496200 0.139700 0.396100 0.139100 0.172300 0.160300 0.173500 0.166300 0.206600 0.127300 0.162600 0.110200 0.122200 0.149700 0.192000 0.273100 0.293400 0.172700 0.158800 0.198700 0.125900 0.189900 0.216000 0.139600 0.193600 0.116200 0.145100 0.210900 0.151100 0.211600 0.109400 0.256600 0.110500 0.120100 0.162200 0.138400 0.142800 0.200000 0.216200 0.211300 0.211500 0.204600 0.210500 0.156700 0.142800 0.154900 0.168400 0.000000 0.193300 0.167300 0.152200
ForestMusk 0.210100 0.542900 0.149000 0.376100 0.186700 0.205500 0.189300 0.168400 0.180300 0.173200 0.162700 0.189300 0.153100 0.170500 0.171000 0.192000 0.245500 0.236900 0.186700 0.160700 0.211600 0.136300 0.170500 0.170000 0.174600 0.206100 0.165700 0.160000 0.191500 0.153200 0.178000 0.158100 0.219400 0.153500 0.161900 0.151500 0.173200 0.189700 0.199500 0.182500 0.190100 0.210200 0.184400 0.177300 0.158500 0.178600 0.156700 0.196300 0.193300 0.000000 0.181300 0.166800
Bushbuck 0.174300 0.515700 0.043800 0.339400 0.162300 0.162200 0.183500 0.170000 0.032300 0.187800 0.132600 0.135200 0.129100 0.146400 0.153300 0.187800 0.228000 0.232800 0.176000 0.026800 0.199800 0.131200 0.172200 0.184000 0.144300 0.189200 0.141500 0.026800 0.205800 0.037700 0.192500 0.134100 0.221000 0.129400 0.131600 0.110900 0.143100 0.178200 0.188400 0.197100 0.178600 0.199100 0.186200 0.191800 0.105600 0.154100 0.152200 0.164600 0.167300 0.181300 0.000000 0.032400
GreaterKud 0.166100 0.500200 0.032300 0.307500 0.148200 0.148600 0.169100 0.149700 0.043200 0.167100 0.113200 0.122000 0.115400 0.126600 0.139700 0.167200 0.212100 0.216900 0.162000 0.026200 0.185500 0.117900 0.157500 0.169700 0.118900 0.169100 0.127500 0.015800 0.185300 0.026400 0.171900 0.114500 0.205800 0.115600 0.118300 0.098200 0.123700 0.163900 0.168400 0.182400 0.163700 0.185100 0.165700 0.177200 0.093100 0.139800 0.132200 0.143400 0.152200 0.166800 0.032400 0.000000
