CODONML (in paml version 4.10.7, June 2023)  /home/rachel/ruminants_paml/6406-phy-tree/ENSBTAT00000028793.fasta.phy
Model: free dN/dS Ratios for branches,  kappa = 2.000 fixed

Codon frequency model: F3x4
ns =  54  ls =  14

Codon usage in sequences
--------------------------------------------------------------------------------------------------------------------------------------
Phe TTT   0   0   0   0   0   0 | Ser TCT   0   0   0   0   0   0 | Tyr TAT   0   0   0   0   0   0 | Cys TGT   0   0   0   0   0   0
    TTC   0   0   0   0   0   0 |     TCC   0   0   0   0   0   0 |     TAC   0   0   0   0   0   0 |     TGC   0   0   0   0   0   0
Leu TTA   0   0   0   0   0   0 |     TCA   1   1   1   1   1   1 | *** TAA   0   0   0   0   0   0 | *** TGA   0   0   0   0   0   0
    TTG   0   0   0   0   0   0 |     TCG   0   0   0   0   0   0 |     TAG   0   0   0   0   0   0 | Trp TGG   0   0   0   0   0   0
--------------------------------------------------------------------------------------------------------------------------------------
Leu CTT   0   0   0   0   0   0 | Pro CCT   0   0   0   0   0   0 | His CAT   0   0   0   0   0   0 | Arg CGT   0   0   0   0   0   0
    CTC   0   0   0   0   0   0 |     CCC   0   0   0   0   0   0 |     CAC   0   0   0   0   0   0 |     CGC   0   0   0   0   0   0
    CTA   0   1   0   0   1   0 |     CCA   0   0   0   0   0   0 | Gln CAA   1   0   1   1   0   1 |     CGA   0   0   0   1   0   0
    CTG   1   1   1   1   1   1 |     CCG   0   0   0   0   1   0 |     CAG   0   0   0   0   0   0 |     CGG   0   0   0   0   0   0
--------------------------------------------------------------------------------------------------------------------------------------
Ile ATT   0   0   0   0   0   0 | Thr ACT   0   0   0   0   0   0 | Asn AAT   0   0   0   0   0   0 | Ser AGT   0   0   0   0   0   0
    ATC   0   0   0   0   0   0 |     ACC   0   0   0   0   0   0 |     AAC   0   0   1   0   0   0 |     AGC   0   0   0   0   0   0
    ATA   0   0   0   0   0   0 |     ACA   1   1   1   1   1   1 | Lys AAA   1   0   2   1   0   0 | Arg AGA   1   1   1   0   1   1
Met ATG   0   0   0   0   0   0 |     ACG   0   0   0   0   0   0 |     AAG   1   2   0   1   2   2 |     AGG   0   0   0   0   0   0
--------------------------------------------------------------------------------------------------------------------------------------
Val GTT   0   0   0   0   0   0 | Ala GCT   0   0   0   0   0   0 | Asp GAT   0   0   0   0   0   0 | Gly GGT   0   0   0   0   0   0
    GTC   0   0   0   0   0   0 |     GCC   0   0   0   0   0   0 |     GAC   1   1   0   1   1   1 |     GGC   1   1   1   1   1   1
    GTA   0   0   0   0   0   0 |     GCA   1   1   1   0   0   0 | Glu GAA   1   1   1   1   1   1 |     GGA   0   0   0   0   0   0
    GTG   2   2   2   2   2   2 |     GCG   0   0   0   1   0   1 |     GAG   1   1   1   1   1   1 |     GGG   0   0   0   0   0   0
--------------------------------------------------------------------------------------------------------------------------------------

--------------------------------------------------------------------------------------------------------------------------------------
Phe TTT   0   0   0   0   0   0 | Ser TCT   0   0   0   0   0   0 | Tyr TAT   0   0   0   0   0   0 | Cys TGT   0   0   0   0   0   0
    TTC   0   0   0   0   0   0 |     TCC   0   0   0   0   0   0 |     TAC   0   0   0   0   0   0 |     TGC   0   0   0   0   0   0
Leu TTA   0   0   0   0   0   0 |     TCA   1   1   1   1   0   1 | *** TAA   0   0   0   0   0   0 | *** TGA   0   0   0   0   0   0
    TTG   0   0   0   0   0   0 |     TCG   0   0   0   0   1   0 |     TAG   0   0   0   0   0   0 | Trp TGG   0   0   0   0   0   0
--------------------------------------------------------------------------------------------------------------------------------------
Leu CTT   0   0   0   0   0   0 | Pro CCT   0   0   0   0   0   0 | His CAT   0   0   0   0   0   0 | Arg CGT   0   0   0   0   0   0
    CTC   0   0   0   0   0   0 |     CCC   0   0   0   0   0   0 |     CAC   0   0   0   0   0   0 |     CGC   0   0   0   0   0   0
    CTA   0   0   0   0   0   0 |     CCA   0   0   0   0   0   0 | Gln CAA   1   1   1   1   1   1 |     CGA   0   0   0   0   0   1
    CTG   1   1   1   1   1   1 |     CCG   0   0   0   0   0   0 |     CAG   0   0   0   0   0   0 |     CGG   0   0   0   0   0   0
--------------------------------------------------------------------------------------------------------------------------------------
Ile ATT   0   0   0   0   0   0 | Thr ACT   0   0   0   0   0   0 | Asn AAT   0   0   0   0   0   0 | Ser AGT   0   0   0   0   0   0
    ATC   0   0   0   0   0   0 |     ACC   0   0   0   0   0   0 |     AAC   0   0   0   0   0   0 |     AGC   0   0   0   0   0   0
    ATA   0   0   0   0   0   0 |     ACA   1   1   1   1   1   1 | Lys AAA   1   1   1   1   1   0 | Arg AGA   1   1   1   1   1   0
Met ATG   0   0   0   0   0   0 |     ACG   0   0   0   0   0   0 |     AAG   1   1   1   1   1   2 |     AGG   0   0   0   0   0   0
--------------------------------------------------------------------------------------------------------------------------------------
Val GTT   0   0   0   0   0   0 | Ala GCT   0   0   0   0   0   0 | Asp GAT   0   0   0   0   0   0 | Gly GGT   0   0   0   0   0   0
    GTC   0   0   0   0   0   0 |     GCC   0   0   0   0   0   0 |     GAC   1   1   1   1   1   1 |     GGC   1   1   1   1   1   1
    GTA   0   0   0   0   0   1 |     GCA   1   1   1   1   1   0 | Glu GAA   1   1   1   1   1   1 |     GGA   0   0   0   0   0   0
    GTG   2   2   2   2   2   2 |     GCG   0   0   0   0   0   0 |     GAG   1   1   1   1   1   1 |     GGG   0   0   0   0   0   0
--------------------------------------------------------------------------------------------------------------------------------------

--------------------------------------------------------------------------------------------------------------------------------------
Phe TTT   0   0   0   0   0   0 | Ser TCT   0   0   0   0   0   0 | Tyr TAT   0   0   0   0   0   0 | Cys TGT   0   0   0   0   0   0
    TTC   0   0   0   0   0   0 |     TCC   0   0   0   0   0   0 |     TAC   0   0   0   0   0   0 |     TGC   0   0   0   0   0   0
Leu TTA   0   0   0   0   0   0 |     TCA   1   1   0   1   1   1 | *** TAA   0   0   0   0   0   0 | *** TGA   0   0   0   0   0   0
    TTG   0   0   0   0   0   0 |     TCG   0   0   0   0   0   0 |     TAG   0   0   0   0   0   0 | Trp TGG   0   0   0   0   0   0
--------------------------------------------------------------------------------------------------------------------------------------
Leu CTT   0   0   0   0   0   0 | Pro CCT   0   0   0   0   0   0 | His CAT   0   0   0   0   0   0 | Arg CGT   0   0   0   0   0   0
    CTC   0   0   0   0   0   0 |     CCC   0   0   0   0   0   0 |     CAC   0   0   0   0   0   0 |     CGC   0   0   0   0   0   0
    CTA   0   0   0   0   0   0 |     CCA   0   0   1   0   0   0 | Gln CAA   1   1   1   1   1   1 |     CGA   0   0   0   0   0   0
    CTG   1   1   1   1   1   1 |     CCG   0   0   0   0   0   0 |     CAG   0   0   0   0   0   0 |     CGG   0   0   0   0   0   0
--------------------------------------------------------------------------------------------------------------------------------------
Ile ATT   0   0   0   0   0   0 | Thr ACT   0   0   0   0   1   0 | Asn AAT   0   0   0   0   0   0 | Ser AGT   0   0   0   0   0   0
    ATC   0   0   0   0   0   0 |     ACC   0   0   0   0   0   0 |     AAC   0   0   0   0   0   0 |     AGC   0   0   0   0   0   0
    ATA   0   0   0   0   0   0 |     ACA   1   1   1   1   1   1 | Lys AAA   1   1   1   1   0   1 | Arg AGA   1   1   1   1   1   1
Met ATG   0   0   0   0   0   0 |     ACG   0   0   0   0   0   0 |     AAG   1   1   1   1   2   1 |     AGG   0   0   0   0   0   0
--------------------------------------------------------------------------------------------------------------------------------------
Val GTT   0   0   0   0   0   0 | Ala GCT   0   0   0   0   0   0 | Asp GAT   0   0   0   0   0   0 | Gly GGT   0   0   0   0   0   0
    GTC   0   0   0   0   0   0 |     GCC   0   0   0   0   0   0 |     GAC   1   1   1   1   1   1 |     GGC   1   1   1   1   1   1
    GTA   0   0   0   0   0   0 |     GCA   1   1   1   1   0   1 | Glu GAA   1   1   1   1   1   1 |     GGA   0   0   0   0   0   0
    GTG   2   2   2   2   2   2 |     GCG   0   0   0   0   0   0 |     GAG   1   1   1   1   1   1 |     GGG   0   0   0   0   0   0
--------------------------------------------------------------------------------------------------------------------------------------

--------------------------------------------------------------------------------------------------------------------------------------
Phe TTT   0   0   0   0   0   0 | Ser TCT   0   0   0   0   0   0 | Tyr TAT   0   0   0   0   0   0 | Cys TGT   0   0   0   0   0   0
    TTC   0   0   0   0   0   0 |     TCC   0   0   0   0   0   0 |     TAC   0   0   0   0   0   0 |     TGC   0   0   0   0   0   0
Leu TTA   0   0   0   0   0   0 |     TCA   1   1   1   0   1   1 | *** TAA   0   0   0   0   0   0 | *** TGA   0   0   0   0   0   0
    TTG   0   0   0   0   0   0 |     TCG   0   0   0   1   0   0 |     TAG   0   0   0   0   0   0 | Trp TGG   0   0   0   0   0   0
--------------------------------------------------------------------------------------------------------------------------------------
Leu CTT   0   0   0   0   0   0 | Pro CCT   0   0   0   0   0   0 | His CAT   0   0   0   0   0   0 | Arg CGT   0   0   0   0   0   0
    CTC   0   0   0   0   0   0 |     CCC   0   0   0   0   0   0 |     CAC   0   0   0   0   0   0 |     CGC   0   0   0   0   0   0
    CTA   0   0   0   0   0   0 |     CCA   0   0   0   0   0   0 | Gln CAA   1   1   1   1   1   1 |     CGA   0   0   0   0   0   0
    CTG   1   1   1   1   1   1 |     CCG   0   0   0   0   0   0 |     CAG   0   0   0   0   0   0 |     CGG   0   0   0   0   0   0
--------------------------------------------------------------------------------------------------------------------------------------
Ile ATT   0   0   0   0   0   0 | Thr ACT   0   0   0   0   0   0 | Asn AAT   0   0   0   0   0   0 | Ser AGT   0   0   0   0   0   0
    ATC   0   0   0   0   0   0 |     ACC   0   0   0   0   0   0 |     AAC   0   0   0   0   0   0 |     AGC   0   0   0   0   0   0
    ATA   0   0   1   0   0   0 |     ACA   0   0   0   1   1   1 | Lys AAA   0   0   1   1   1   1 | Arg AGA   1   1   1   1   1   1
Met ATG   0   0   0   0   0   0 |     ACG   1   1   0   0   0   0 |     AAG   2   2   1   1   1   1 |     AGG   0   0   0   0   0   0
--------------------------------------------------------------------------------------------------------------------------------------
Val GTT   0   0   0   0   0   0 | Ala GCT   0   0   0   0   0   0 | Asp GAT   0   0   0   0   0   0 | Gly GGT   0   0   0   0   0   0
    GTC   0   0   0   0   0   0 |     GCC   0   0   0   0   0   0 |     GAC   1   1   1   1   1   1 |     GGC   1   1   1   1   1   1
    GTA   0   0   0   0   0   0 |     GCA   0   0   1   1   1   0 | Glu GAA   1   1   1   1   1   1 |     GGA   0   0   0   0   0   1
    GTG   2   2   2   2   2   2 |     GCG   1   1   0   0   0   0 |     GAG   1   1   1   1   1   1 |     GGG   0   0   0   0   0   0
--------------------------------------------------------------------------------------------------------------------------------------

--------------------------------------------------------------------------------------------------------------------------------------
Phe TTT   0   0   0   0   0   0 | Ser TCT   0   0   0   0   0   0 | Tyr TAT   0   0   0   0   0   0 | Cys TGT   0   0   0   0   0   0
    TTC   0   0   0   0   0   0 |     TCC   0   0   0   0   0   0 |     TAC   0   0   0   0   0   0 |     TGC   0   0   0   0   0   0
Leu TTA   0   0   0   0   0   0 |     TCA   1   1   1   1   1   0 | *** TAA   0   0   0   0   0   0 | *** TGA   0   0   0   0   0   0
    TTG   0   0   0   0   0   0 |     TCG   0   0   0   0   0   1 |     TAG   0   0   0   0   0   0 | Trp TGG   0   0   0   0   0   0
--------------------------------------------------------------------------------------------------------------------------------------
Leu CTT   0   0   0   0   0   0 | Pro CCT   0   0   0   0   0   0 | His CAT   0   0   0   0   0   0 | Arg CGT   0   0   0   0   0   0
    CTC   0   0   0   0   0   0 |     CCC   0   0   0   0   0   0 |     CAC   0   0   0   0   0   0 |     CGC   0   0   0   0   0   0
    CTA   0   0   0   1   0   0 |     CCA   0   0   0   0   0   0 | Gln CAA   1   1   1   0   1   1 |     CGA   1   1   0   0   0   0
    CTG   1   1   1   1   1   1 |     CCG   0   0   0   0   0   0 |     CAG   0   0   0   0   0   0 |     CGG   0   0   0   0   0   0
--------------------------------------------------------------------------------------------------------------------------------------
Ile ATT   0   0   0   0   0   0 | Thr ACT   0   0   0   0   0   0 | Asn AAT   0   0   0   0   0   0 | Ser AGT   0   0   0   0   0   0
    ATC   0   0   0   0   0   0 |     ACC   0   0   0   0   0   0 |     AAC   0   0   0   0   0   0 |     AGC   0   0   0   0   0   0
    ATA   0   0   0   0   0   0 |     ACA   1   1   1   1   1   1 | Lys AAA   0   1   1   1   1   1 | Arg AGA   0   0   1   1   1   1
Met ATG   0   0   0   0   0   0 |     ACG   0   0   0   0   0   0 |     AAG   2   1   1   1   1   1 |     AGG   0   0   0   0   0   0
--------------------------------------------------------------------------------------------------------------------------------------
Val GTT   0   0   0   0   0   0 | Ala GCT   0   0   0   0   0   0 | Asp GAT   0   0   0   0   0   0 | Gly GGT   0   0   0   0   0   0
    GTC   0   0   0   0   0   0 |     GCC   0   0   0   0   0   0 |     GAC   1   1   1   1   1   1 |     GGC   1   1   1   1   1   1
    GTA   0   0   0   0   0   0 |     GCA   1   1   1   1   1   1 | Glu GAA   1   1   1   1   1   1 |     GGA   0   0   0   0   0   0
    GTG   2   2   2   2   2   2 |     GCG   0   0   0   0   0   0 |     GAG   1   1   1   1   1   1 |     GGG   0   0   0   0   0   0
--------------------------------------------------------------------------------------------------------------------------------------

--------------------------------------------------------------------------------------------------------------------------------------
Phe TTT   0   0   0   0   0   0 | Ser TCT   0   0   0   0   0   0 | Tyr TAT   0   0   0   0   0   0 | Cys TGT   0   0   0   0   0   0
    TTC   0   0   0   0   0   0 |     TCC   0   0   0   0   0   0 |     TAC   0   0   0   0   0   0 |     TGC   0   0   0   0   0   0
Leu TTA   0   0   0   0   0   0 |     TCA   1   0   1   1   1   1 | *** TAA   0   0   0   0   0   0 | *** TGA   0   0   0   0   0   0
    TTG   0   0   0   0   0   0 |     TCG   0   1   0   0   0   0 |     TAG   0   0   0   0   0   0 | Trp TGG   0   0   0   0   0   0
--------------------------------------------------------------------------------------------------------------------------------------
Leu CTT   0   0   0   0   0   0 | Pro CCT   0   0   0   0   0   0 | His CAT   0   0   0   0   0   0 | Arg CGT   0   0   0   0   0   0
    CTC   0   0   0   0   0   0 |     CCC   0   0   0   0   0   0 |     CAC   0   0   0   0   0   0 |     CGC   0   0   0   0   0   0
    CTA   0   0   0   0   0   0 |     CCA   0   0   0   0   0   0 | Gln CAA   1   1   1   1   1   1 |     CGA   0   0   1   0   0   0
    CTG   1   1   1   1   1   1 |     CCG   0   0   0   0   0   0 |     CAG   0   0   0   0   0   0 |     CGG   0   0   0   0   0   0
--------------------------------------------------------------------------------------------------------------------------------------
Ile ATT   0   0   0   0   0   0 | Thr ACT   0   0   0   0   0   0 | Asn AAT   0   0   0   0   0   0 | Ser AGT   0   0   0   0   0   0
    ATC   0   0   0   0   0   0 |     ACC   0   0   0   0   0   0 |     AAC   0   0   0   0   0   0 |     AGC   0   0   0   0   0   0
    ATA   0   0   0   0   0   0 |     ACA   1   1   1   1   1   1 | Lys AAA   1   1   0   1   0   1 | Arg AGA   1   1   0   1   1   1
Met ATG   0   0   0   0   0   0 |     ACG   0   0   0   0   0   0 |     AAG   1   1   2   1   2   1 |     AGG   0   0   0   0   0   0
--------------------------------------------------------------------------------------------------------------------------------------
Val GTT   0   0   0   0   0   0 | Ala GCT   0   0   0   0   0   0 | Asp GAT   0   0   0   0   0   0 | Gly GGT   0   0   1   0   0   0
    GTC   0   0   0   0   0   0 |     GCC   0   0   0   0   1   0 |     GAC   1   1   1   1   1   1 |     GGC   1   1   0   1   1   1
    GTA   0   0   1   0   0   0 |     GCA   1   1   0   1   0   1 | Glu GAA   1   1   1   1   1   1 |     GGA   0   0   0   0   0   0
    GTG   2   2   2   2   2   2 |     GCG   0   0   0   0   0   0 |     GAG   1   1   1   1   1   1 |     GGG   0   0   0   0   0   0
--------------------------------------------------------------------------------------------------------------------------------------

--------------------------------------------------------------------------------------------------------------------------------------
Phe TTT   0   0   0   0   0   0 | Ser TCT   0   0   0   0   0   0 | Tyr TAT   0   0   0   0   0   0 | Cys TGT   0   0   0   0   0   0
    TTC   0   0   0   0   0   0 |     TCC   0   0   0   0   0   0 |     TAC   0   0   0   0   0   0 |     TGC   0   0   0   0   0   0
Leu TTA   0   0   0   0   0   0 |     TCA   1   1   1   1   1   1 | *** TAA   0   0   0   0   0   0 | *** TGA   0   0   0   0   0   0
    TTG   0   0   0   0   0   0 |     TCG   0   0   0   0   0   0 |     TAG   0   0   0   0   0   0 | Trp TGG   0   0   0   0   0   0
--------------------------------------------------------------------------------------------------------------------------------------
Leu CTT   0   0   0   0   0   0 | Pro CCT   0   0   0   0   0   0 | His CAT   0   0   0   0   0   0 | Arg CGT   0   0   0   0   0   0
    CTC   0   0   0   0   0   0 |     CCC   0   0   0   0   0   0 |     CAC   0   0   0   0   0   0 |     CGC   0   0   0   0   0   0
    CTA   0   0   0   0   0   0 |     CCA   0   0   0   0   0   0 | Gln CAA   1   1   1   1   1   1 |     CGA   0   0   0   0   0   1
    CTG   1   1   1   1   1   1 |     CCG   0   0   0   0   0   0 |     CAG   0   0   0   0   0   0 |     CGG   0   0   0   0   0   0
--------------------------------------------------------------------------------------------------------------------------------------
Ile ATT   0   0   0   0   0   0 | Thr ACT   0   0   0   0   0   0 | Asn AAT   0   0   0   0   0   0 | Ser AGT   0   0   0   0   0   0
    ATC   0   0   0   0   0   0 |     ACC   0   0   0   0   0   0 |     AAC   0   0   0   0   0   0 |     AGC   0   0   0   0   0   0
    ATA   0   0   0   0   0   0 |     ACA   1   1   1   1   1   1 | Lys AAA   1   1   1   1   1   0 | Arg AGA   1   1   1   1   1   0
Met ATG   0   0   0   0   0   0 |     ACG   0   0   0   0   0   0 |     AAG   1   1   1   1   1   2 |     AGG   0   0   0   0   0   0
--------------------------------------------------------------------------------------------------------------------------------------
Val GTT   0   0   0   0   0   0 | Ala GCT   0   0   0   0   0   0 | Asp GAT   0   0   0   0   0   0 | Gly GGT   0   0   0   0   0   0
    GTC   0   0   0   0   0   0 |     GCC   0   0   0   0   0   0 |     GAC   1   1   1   1   1   1 |     GGC   1   1   1   1   1   1
    GTA   0   0   0   0   0   0 |     GCA   1   1   1   1   1   1 | Glu GAA   1   1   1   1   1   1 |     GGA   0   0   0   0   0   0
    GTG   2   2   2   2   2   2 |     GCG   0   0   0   0   0   0 |     GAG   1   1   1   1   1   1 |     GGG   0   0   0   0   0   0
--------------------------------------------------------------------------------------------------------------------------------------

--------------------------------------------------------------------------------------------------------------------------------------
Phe TTT   0   0   0   0   0   0 | Ser TCT   0   0   0   0   0   0 | Tyr TAT   0   0   0   0   0   0 | Cys TGT   0   0   0   0   0   0
    TTC   0   0   0   0   0   0 |     TCC   0   0   0   0   0   0 |     TAC   0   0   0   0   0   0 |     TGC   0   0   0   0   0   0
Leu TTA   0   0   0   0   0   0 |     TCA   1   1   1   1   1   1 | *** TAA   0   0   0   0   0   0 | *** TGA   0   0   0   0   0   0
    TTG   0   0   0   0   0   0 |     TCG   0   0   0   0   0   0 |     TAG   0   0   0   0   0   0 | Trp TGG   0   0   0   0   0   0
--------------------------------------------------------------------------------------------------------------------------------------
Leu CTT   0   0   0   0   0   0 | Pro CCT   0   0   0   0   0   0 | His CAT   0   0   0   0   0   0 | Arg CGT   0   0   0   0   0   0
    CTC   0   0   0   0   0   0 |     CCC   0   0   0   0   0   0 |     CAC   0   0   0   0   0   0 |     CGC   0   0   0   0   0   0
    CTA   0   1   0   0   0   0 |     CCA   0   0   0   0   0   0 | Gln CAA   1   0   1   1   1   1 |     CGA   1   0   1   1   0   0
    CTG   1   1   1   1   1   1 |     CCG   0   0   0   0   0   0 |     CAG   0   0   0   0   0   0 |     CGG   0   0   0   0   0   0
--------------------------------------------------------------------------------------------------------------------------------------
Ile ATT   0   0   0   0   0   0 | Thr ACT   0   0   0   0   0   0 | Asn AAT   0   0   0   0   0   0 | Ser AGT   0   0   0   0   0   0
    ATC   0   0   0   0   0   0 |     ACC   0   0   0   0   0   0 |     AAC   0   0   0   0   0   0 |     AGC   0   0   0   0   0   0
    ATA   0   0   0   0   0   0 |     ACA   1   1   1   1   1   1 | Lys AAA   0   1   0   1   1   1 | Arg AGA   0   1   0   0   1   1
Met ATG   0   0   0   0   0   0 |     ACG   0   0   0   0   0   0 |     AAG   2   1   2   1   1   1 |     AGG   0   0   0   0   0   0
--------------------------------------------------------------------------------------------------------------------------------------
Val GTT   0   0   0   0   0   0 | Ala GCT   0   0   0   0   0   0 | Asp GAT   0   0   0   0   0   0 | Gly GGT   0   0   0   0   0   0
    GTC   0   0   0   0   0   0 |     GCC   0   0   0   0   0   0 |     GAC   1   1   1   1   1   1 |     GGC   1   1   1   1   1   1
    GTA   0   0   1   0   0   0 |     GCA   1   1   0   1   1   1 | Glu GAA   1   1   1   1   1   1 |     GGA   0   0   0   0   0   0
    GTG   2   2   2   2   2   2 |     GCG   0   0   0   0   0   0 |     GAG   1   1   1   1   1   1 |     GGG   0   0   0   0   0   0
--------------------------------------------------------------------------------------------------------------------------------------

--------------------------------------------------------------------------------------------------------------------------------------
Phe TTT   0   0   0   0   0   0 | Ser TCT   0   0   0   0   0   0 | Tyr TAT   0   0   0   0   0   0 | Cys TGT   0   0   0   0   0   0
    TTC   0   0   0   0   0   0 |     TCC   0   0   0   0   0   0 |     TAC   0   0   0   0   0   0 |     TGC   0   0   0   0   0   0
Leu TTA   0   0   0   0   0   0 |     TCA   1   1   1   1   1   0 | *** TAA   0   0   0   0   0   0 | *** TGA   0   0   0   0   0   0
    TTG   0   0   0   0   0   0 |     TCG   0   0   0   0   0   1 |     TAG   0   0   0   0   0   0 | Trp TGG   0   0   0   0   0   0
--------------------------------------------------------------------------------------------------------------------------------------
Leu CTT   0   0   0   0   0   0 | Pro CCT   0   0   0   0   0   0 | His CAT   0   0   0   0   0   0 | Arg CGT   0   0   0   0   0   0
    CTC   0   0   0   0   0   0 |     CCC   0   0   0   0   0   0 |     CAC   0   0   0   0   0   0 |     CGC   0   0   0   0   0   0
    CTA   0   0   0   0   0   0 |     CCA   0   0   0   0   0   0 | Gln CAA   1   1   1   1   1   1 |     CGA   0   0   0   1   0   0
    CTG   1   1   1   1   1   1 |     CCG   0   0   0   0   0   0 |     CAG   0   0   0   0   0   0 |     CGG   0   0   0   0   0   0
--------------------------------------------------------------------------------------------------------------------------------------
Ile ATT   0   0   0   0   0   0 | Thr ACT   0   0   0   0   0   0 | Asn AAT   0   0   0   0   0   0 | Ser AGT   0   0   0   0   0   0
    ATC   0   0   0   0   0   0 |     ACC   0   0   0   0   0   0 |     AAC   0   0   0   0   0   0 |     AGC   0   0   0   0   0   0
    ATA   0   0   0   0   0   0 |     ACA   1   1   1   1   1   1 | Lys AAA   1   1   1   1   1   1 | Arg AGA   1   1   1   0   1   1
Met ATG   0   0   0   0   0   0 |     ACG   0   0   0   0   0   0 |     AAG   1   1   1   1   1   1 |     AGG   0   0   0   0   0   0
--------------------------------------------------------------------------------------------------------------------------------------
Val GTT   0   0   0   0   1   0 | Ala GCT   0   0   0   0   0   0 | Asp GAT   0   0   0   0   0   0 | Gly GGT   0   0   0   0   0   0
    GTC   0   0   0   0   0   0 |     GCC   0   0   0   0   0   0 |     GAC   1   1   1   1   1   1 |     GGC   1   1   1   1   1   1
    GTA   0   0   0   0   0   0 |     GCA   1   1   1   0   1   1 | Glu GAA   1   1   1   1   1   1 |     GGA   0   0   0   0   0   0
    GTG   2   2   2   2   1   2 |     GCG   0   0   0   1   0   0 |     GAG   1   1   1   1   1   1 |     GGG   0   0   0   0   0   0
--------------------------------------------------------------------------------------------------------------------------------------

Codon position x base (3x4) table for each sequence.

#1: Argali         
position  1:    T:0.07143    C:0.14286    A:0.28571    G:0.50000
position  2:    T:0.21429    C:0.21429    A:0.42857    G:0.14286
position  3:    T:0.00000    C:0.14286    A:0.50000    G:0.35714
Average         T:0.09524    C:0.16667    A:0.40476    G:0.33333

#2: LesserMouseDeer
position  1:    T:0.07143    C:0.14286    A:0.28571    G:0.50000
position  2:    T:0.28571    C:0.21429    A:0.35714    G:0.14286
position  3:    T:0.00000    C:0.14286    A:0.42857    G:0.42857
Average         T:0.11905    C:0.16667    A:0.35714    G:0.35714

#3: LesserKudu     
position  1:    T:0.07143    C:0.14286    A:0.35714    G:0.42857
position  2:    T:0.21429    C:0.21429    A:0.42857    G:0.14286
position  3:    T:0.00000    C:0.14286    A:0.57143    G:0.28571
Average         T:0.09524    C:0.16667    A:0.45238    G:0.28571

#4: ForestMuskDeer2
position  1:    T:0.07143    C:0.21429    A:0.21429    G:0.50000
position  2:    T:0.21429    C:0.21429    A:0.42857    G:0.14286
position  3:    T:0.00000    C:0.14286    A:0.42857    G:0.42857
Average         T:0.09524    C:0.19048    A:0.35714    G:0.35714

#5: Camel          
position  1:    T:0.07143    C:0.21429    A:0.28571    G:0.42857
position  2:    T:0.28571    C:0.21429    A:0.35714    G:0.14286
position  3:    T:0.00000    C:0.14286    A:0.35714    G:0.50000
Average         T:0.11905    C:0.19048    A:0.33333    G:0.35714

#6: KillerWhale    
position  1:    T:0.07143    C:0.14286    A:0.28571    G:0.50000
position  2:    T:0.21429    C:0.21429    A:0.42857    G:0.14286
position  3:    T:0.00000    C:0.14286    A:0.35714    G:0.50000
Average         T:0.09524    C:0.16667    A:0.35714    G:0.38095

#7: DefassaWaterbuck
position  1:    T:0.07143    C:0.14286    A:0.28571    G:0.50000
position  2:    T:0.21429    C:0.21429    A:0.42857    G:0.14286
position  3:    T:0.00000    C:0.14286    A:0.50000    G:0.35714
Average         T:0.09524    C:0.16667    A:0.40476    G:0.33333

#8: Sheep          
position  1:    T:0.07143    C:0.14286    A:0.28571    G:0.50000
position  2:    T:0.21429    C:0.21429    A:0.42857    G:0.14286
position  3:    T:0.00000    C:0.14286    A:0.50000    G:0.35714
Average         T:0.09524    C:0.16667    A:0.40476    G:0.33333

#9: MaxwellsDuiker 
position  1:    T:0.07143    C:0.14286    A:0.28571    G:0.50000
position  2:    T:0.21429    C:0.21429    A:0.42857    G:0.14286
position  3:    T:0.00000    C:0.14286    A:0.50000    G:0.35714
Average         T:0.09524    C:0.16667    A:0.40476    G:0.33333

#10: GazellaPrzewalskyi
position  1:    T:0.07143    C:0.14286    A:0.28571    G:0.50000
position  2:    T:0.21429    C:0.21429    A:0.42857    G:0.14286
position  3:    T:0.00000    C:0.14286    A:0.50000    G:0.35714
Average         T:0.09524    C:0.16667    A:0.40476    G:0.33333

#11: MountainNyala  
position  1:    T:0.07143    C:0.14286    A:0.28571    G:0.50000
position  2:    T:0.21429    C:0.21429    A:0.42857    G:0.14286
position  3:    T:0.00000    C:0.14286    A:0.42857    G:0.42857
Average         T:0.09524    C:0.16667    A:0.38095    G:0.35714

#12: MuntiacusMuntjak
position  1:    T:0.07143    C:0.21429    A:0.21429    G:0.50000
position  2:    T:0.28571    C:0.14286    A:0.42857    G:0.14286
position  3:    T:0.00000    C:0.14286    A:0.42857    G:0.42857
Average         T:0.11905    C:0.16667    A:0.35714    G:0.35714

#13: goat           
position  1:    T:0.07143    C:0.14286    A:0.28571    G:0.50000
position  2:    T:0.21429    C:0.21429    A:0.42857    G:0.14286
position  3:    T:0.00000    C:0.14286    A:0.50000    G:0.35714
Average         T:0.09524    C:0.16667    A:0.40476    G:0.33333

#14: AfricanBuffalo 
position  1:    T:0.07143    C:0.14286    A:0.28571    G:0.50000
position  2:    T:0.21429    C:0.21429    A:0.42857    G:0.14286
position  3:    T:0.00000    C:0.14286    A:0.50000    G:0.35714
Average         T:0.09524    C:0.16667    A:0.40476    G:0.33333

#15: Topi           
position  1:    T:0.00000    C:0.21429    A:0.28571    G:0.50000
position  2:    T:0.21429    C:0.21429    A:0.42857    G:0.14286
position  3:    T:0.00000    C:0.14286    A:0.50000    G:0.35714
Average         T:0.07143    C:0.19048    A:0.40476    G:0.33333

#16: CommonDuiker   
position  1:    T:0.07143    C:0.14286    A:0.28571    G:0.50000
position  2:    T:0.21429    C:0.21429    A:0.42857    G:0.14286
position  3:    T:0.00000    C:0.14286    A:0.50000    G:0.35714
Average         T:0.09524    C:0.16667    A:0.40476    G:0.33333

#17: Suni           
position  1:    T:0.07143    C:0.14286    A:0.35714    G:0.42857
position  2:    T:0.21429    C:0.21429    A:0.42857    G:0.14286
position  3:    T:0.07143    C:0.14286    A:0.35714    G:0.42857
Average         T:0.11905    C:0.16667    A:0.38095    G:0.33333

#18: Springbuck     
position  1:    T:0.07143    C:0.14286    A:0.28571    G:0.50000
position  2:    T:0.21429    C:0.21429    A:0.42857    G:0.14286
position  3:    T:0.00000    C:0.14286    A:0.50000    G:0.35714
Average         T:0.09524    C:0.16667    A:0.40476    G:0.33333

#19: Okapi          
position  1:    T:0.07143    C:0.14286    A:0.28571    G:0.50000
position  2:    T:0.21429    C:0.21429    A:0.42857    G:0.14286
position  3:    T:0.00000    C:0.14286    A:0.28571    G:0.57143
Average         T:0.09524    C:0.16667    A:0.33333    G:0.40476

#20: Giraffe        
position  1:    T:0.07143    C:0.14286    A:0.28571    G:0.50000
position  2:    T:0.21429    C:0.21429    A:0.42857    G:0.14286
position  3:    T:0.00000    C:0.14286    A:0.28571    G:0.57143
Average         T:0.09524    C:0.16667    A:0.33333    G:0.40476

#21: TibetanAntelope
position  1:    T:0.07143    C:0.14286    A:0.28571    G:0.50000
position  2:    T:0.28571    C:0.14286    A:0.42857    G:0.14286
position  3:    T:0.00000    C:0.14286    A:0.50000    G:0.35714
Average         T:0.11905    C:0.14286    A:0.40476    G:0.33333

#22: Sitatunga      
position  1:    T:0.07143    C:0.14286    A:0.28571    G:0.50000
position  2:    T:0.21429    C:0.21429    A:0.42857    G:0.14286
position  3:    T:0.00000    C:0.14286    A:0.42857    G:0.42857
Average         T:0.09524    C:0.16667    A:0.38095    G:0.35714

#23: Oribi          
position  1:    T:0.07143    C:0.14286    A:0.28571    G:0.50000
position  2:    T:0.21429    C:0.21429    A:0.42857    G:0.14286
position  3:    T:0.00000    C:0.14286    A:0.50000    G:0.35714
Average         T:0.09524    C:0.16667    A:0.40476    G:0.33333

#24: BarbarySheep   
position  1:    T:0.07143    C:0.14286    A:0.28571    G:0.50000
position  2:    T:0.21429    C:0.14286    A:0.42857    G:0.21429
position  3:    T:0.00000    C:0.14286    A:0.50000    G:0.35714
Average         T:0.09524    C:0.14286    A:0.40476    G:0.35714

#25: Daviddeer      
position  1:    T:0.07143    C:0.21429    A:0.21429    G:0.50000
position  2:    T:0.21429    C:0.21429    A:0.42857    G:0.14286
position  3:    T:0.00000    C:0.14286    A:0.42857    G:0.42857
Average         T:0.09524    C:0.19048    A:0.35714    G:0.35714

#26: Reindeer       
position  1:    T:0.07143    C:0.21429    A:0.21429    G:0.50000
position  2:    T:0.21429    C:0.21429    A:0.42857    G:0.14286
position  3:    T:0.00000    C:0.14286    A:0.50000    G:0.35714
Average         T:0.09524    C:0.19048    A:0.38095    G:0.33333

#27: Ibex           
position  1:    T:0.07143    C:0.14286    A:0.28571    G:0.50000
position  2:    T:0.21429    C:0.21429    A:0.42857    G:0.14286
position  3:    T:0.00000    C:0.14286    A:0.50000    G:0.35714
Average         T:0.09524    C:0.16667    A:0.40476    G:0.33333

#28: GyrantGazelle  
position  1:    T:0.07143    C:0.14286    A:0.28571    G:0.50000
position  2:    T:0.28571    C:0.21429    A:0.35714    G:0.14286
position  3:    T:0.00000    C:0.14286    A:0.50000    G:0.35714
Average         T:0.11905    C:0.16667    A:0.38095    G:0.33333

#29: Hartebeest     
position  1:    T:0.07143    C:0.14286    A:0.28571    G:0.50000
position  2:    T:0.21429    C:0.21429    A:0.42857    G:0.14286
position  3:    T:0.00000    C:0.14286    A:0.50000    G:0.35714
Average         T:0.09524    C:0.16667    A:0.40476    G:0.33333

#30: Bongo          
position  1:    T:0.07143    C:0.14286    A:0.28571    G:0.50000
position  2:    T:0.21429    C:0.21429    A:0.42857    G:0.14286
position  3:    T:0.00000    C:0.14286    A:0.42857    G:0.42857
Average         T:0.09524    C:0.16667    A:0.38095    G:0.35714

#31: Gerenuk        
position  1:    T:0.07143    C:0.14286    A:0.28571    G:0.50000
position  2:    T:0.21429    C:0.21429    A:0.42857    G:0.14286
position  3:    T:0.00000    C:0.14286    A:0.50000    G:0.35714
Average         T:0.09524    C:0.16667    A:0.40476    G:0.33333

#32: CommonEland    
position  1:    T:0.07143    C:0.14286    A:0.28571    G:0.50000
position  2:    T:0.21429    C:0.21429    A:0.42857    G:0.14286
position  3:    T:0.00000    C:0.14286    A:0.42857    G:0.42857
Average         T:0.09524    C:0.16667    A:0.38095    G:0.35714

#33: MuntiacusReevesi
position  1:    T:0.07143    C:0.21429    A:0.21429    G:0.50000
position  2:    T:0.28571    C:0.14286    A:0.42857    G:0.14286
position  3:    T:0.07143    C:0.07143    A:0.42857    G:0.42857
Average         T:0.14286    C:0.14286    A:0.35714    G:0.35714

#34: HarveysDuiker  
position  1:    T:0.07143    C:0.14286    A:0.28571    G:0.50000
position  2:    T:0.21429    C:0.21429    A:0.42857    G:0.14286
position  3:    T:0.00000    C:0.14286    A:0.50000    G:0.35714
Average         T:0.09524    C:0.16667    A:0.40476    G:0.33333

#35: Pronghorn      
position  1:    T:0.07143    C:0.14286    A:0.28571    G:0.50000
position  2:    T:0.21429    C:0.21429    A:0.42857    G:0.14286
position  3:    T:0.00000    C:0.21429    A:0.35714    G:0.42857
Average         T:0.09524    C:0.19048    A:0.35714    G:0.35714

#36: BlueWildebeest 
position  1:    T:0.07143    C:0.14286    A:0.28571    G:0.50000
position  2:    T:0.21429    C:0.21429    A:0.42857    G:0.14286
position  3:    T:0.00000    C:0.14286    A:0.50000    G:0.35714
Average         T:0.09524    C:0.16667    A:0.40476    G:0.33333

#37: Gemsbok        
position  1:    T:0.07143    C:0.14286    A:0.28571    G:0.50000
position  2:    T:0.21429    C:0.21429    A:0.42857    G:0.14286
position  3:    T:0.00000    C:0.14286    A:0.50000    G:0.35714
Average         T:0.09524    C:0.16667    A:0.40476    G:0.33333

#38: Yak            
position  1:    T:0.07143    C:0.14286    A:0.28571    G:0.50000
position  2:    T:0.21429    C:0.21429    A:0.42857    G:0.14286
position  3:    T:0.00000    C:0.14286    A:0.50000    G:0.35714
Average         T:0.09524    C:0.16667    A:0.40476    G:0.33333

#39: BlueSheep      
position  1:    T:0.07143    C:0.14286    A:0.28571    G:0.50000
position  2:    T:0.21429    C:0.21429    A:0.42857    G:0.14286
position  3:    T:0.00000    C:0.14286    A:0.50000    G:0.35714
Average         T:0.09524    C:0.16667    A:0.40476    G:0.33333

#40: BohorReedbuck  
position  1:    T:0.07143    C:0.14286    A:0.28571    G:0.50000
position  2:    T:0.21429    C:0.21429    A:0.42857    G:0.14286
position  3:    T:0.00000    C:0.14286    A:0.50000    G:0.35714
Average         T:0.09524    C:0.16667    A:0.40476    G:0.33333

#41: KirksDik       
position  1:    T:0.07143    C:0.14286    A:0.28571    G:0.50000
position  2:    T:0.21429    C:0.21429    A:0.42857    G:0.14286
position  3:    T:0.00000    C:0.14286    A:0.50000    G:0.35714
Average         T:0.09524    C:0.16667    A:0.40476    G:0.33333

#42: RoeDeer        
position  1:    T:0.07143    C:0.21429    A:0.21429    G:0.50000
position  2:    T:0.21429    C:0.21429    A:0.42857    G:0.14286
position  3:    T:0.00000    C:0.14286    A:0.42857    G:0.42857
Average         T:0.09524    C:0.19048    A:0.35714    G:0.35714

#43: WhiteLippedDeer
position  1:    T:0.07143    C:0.21429    A:0.21429    G:0.50000
position  2:    T:0.21429    C:0.21429    A:0.42857    G:0.14286
position  3:    T:0.00000    C:0.14286    A:0.42857    G:0.42857
Average         T:0.09524    C:0.19048    A:0.35714    G:0.35714

#44: ThomsonGazelle 
position  1:    T:0.07143    C:0.14286    A:0.28571    G:0.50000
position  2:    T:0.28571    C:0.21429    A:0.35714    G:0.14286
position  3:    T:0.00000    C:0.14286    A:0.50000    G:0.35714
Average         T:0.11905    C:0.16667    A:0.38095    G:0.33333

#45: MuntiacusCrinifrons
position  1:    T:0.07143    C:0.21429    A:0.21429    G:0.50000
position  2:    T:0.28571    C:0.14286    A:0.42857    G:0.14286
position  3:    T:0.00000    C:0.14286    A:0.42857    G:0.42857
Average         T:0.11905    C:0.16667    A:0.35714    G:0.35714

#46: WhiteTailedDeer
position  1:    T:0.07143    C:0.21429    A:0.21429    G:0.50000
position  2:    T:0.21429    C:0.21429    A:0.42857    G:0.14286
position  3:    T:0.00000    C:0.14286    A:0.50000    G:0.35714
Average         T:0.09524    C:0.19048    A:0.38095    G:0.33333

#47: Cattle         
position  1:    T:0.07143    C:0.14286    A:0.28571    G:0.50000
position  2:    T:0.21429    C:0.21429    A:0.42857    G:0.14286
position  3:    T:0.00000    C:0.14286    A:0.50000    G:0.35714
Average         T:0.09524    C:0.16667    A:0.40476    G:0.33333

#48: RoyalAntelope  
position  1:    T:0.07143    C:0.14286    A:0.28571    G:0.50000
position  2:    T:0.21429    C:0.21429    A:0.42857    G:0.14286
position  3:    T:0.00000    C:0.14286    A:0.50000    G:0.35714
Average         T:0.09524    C:0.16667    A:0.40476    G:0.33333

#49: Steenbok       
position  1:    T:0.07143    C:0.14286    A:0.28571    G:0.50000
position  2:    T:0.21429    C:0.21429    A:0.42857    G:0.14286
position  3:    T:0.00000    C:0.14286    A:0.50000    G:0.35714
Average         T:0.09524    C:0.16667    A:0.40476    G:0.33333

#50: Impala         
position  1:    T:0.07143    C:0.14286    A:0.28571    G:0.50000
position  2:    T:0.21429    C:0.21429    A:0.42857    G:0.14286
position  3:    T:0.00000    C:0.14286    A:0.50000    G:0.35714
Average         T:0.09524    C:0.16667    A:0.40476    G:0.33333

#51: Klipspringer   
position  1:    T:0.07143    C:0.14286    A:0.28571    G:0.50000
position  2:    T:0.21429    C:0.21429    A:0.42857    G:0.14286
