1
52 1
Argali 0.000000 0.384700 0.177900 0.332600 0.091600 0.013400 0.135600 0.141700 0.169800 0.181100 0.042100 0.162600 0.076600 0.097600 0.109700 0.123800 0.168800 0.159800 0.098700 0.143300 0.099400 0.074800 0.179400 0.172300 0.037500 0.127800 0.085500 0.157700 0.124800 0.158000 0.172200 0.113200 0.195400 0.066400 0.110300 0.155500 0.037600 0.107600 0.133900 0.162800 0.183600 0.136900 0.171000 0.168700 0.164900 0.105000 0.135100 0.114800 0.131600 0.147100 0.165500 0.157800
LesserMous 0.384700 0.000000 0.394000 0.352600 0.348700 0.378900 0.423500 0.376000 0.395300 0.356700 0.388200 0.376200 0.376400 0.380100 0.345900 0.397800 0.349600 0.374400 0.382000 0.376400 0.371300 0.359400 0.354000 0.352200 0.382500 0.366000 0.399800 0.364400 0.414600 0.379000 0.347100 0.402800 0.362400 0.375500 0.374400 0.366200 0.383200 0.349600 0.426600 0.352200 0.331000 0.376400 0.359300 0.329200 0.363400 0.403400 0.385600 0.346100 0.405800 0.322600 0.397800 0.378300
LesserKudu 0.177900 0.394000 0.000000 0.364800 0.169500 0.191400 0.209100 0.210600 0.045600 0.211600 0.184900 0.145400 0.180500 0.181900 0.187400 0.224900 0.228700 0.202900 0.218800 0.031900 0.198000 0.192300 0.209600 0.224800 0.180000 0.216700 0.189200 0.036100 0.226500 0.036100 0.203000 0.181600 0.198900 0.179700 0.205000 0.185500 0.180300 0.187300 0.253400 0.232400 0.213800 0.226200 0.212800 0.210000 0.195000 0.198700 0.214900 0.198200 0.195200 0.177900 0.072600 0.036100
KillerWhal 0.332600 0.352600 0.364800 0.000000 0.323800 0.327800 0.329800 0.331100 0.345000 0.345500 0.346200 0.321500 0.341000 0.313900 0.311300 0.370800 0.316900 0.306600 0.337500 0.346300 0.339700 0.333700 0.330800 0.339500 0.340800 0.360000 0.356900 0.330900 0.371500 0.331300 0.323600 0.301600 0.346800 0.341000 0.347200 0.299500 0.341400 0.349800 0.383400 0.328900 0.322100 0.345300 0.347500 0.318000 0.292600 0.311100 0.326200 0.292200 0.381100 0.304200 0.329100 0.343100
DefassaWat 0.091600 0.348700 0.169500 0.323800 0.000000 0.105300 0.148100 0.137500 0.183700 0.177600 0.082200 0.170200 0.082800 0.099000 0.105500 0.119700 0.187700 0.196200 0.120100 0.156500 0.095100 0.095500 0.187100 0.179800 0.077400 0.123500 0.091900 0.171300 0.120600 0.171500 0.180100 0.104300 0.209700 0.082500 0.111500 0.190000 0.077600 0.023500 0.140400 0.192200 0.191400 0.132800 0.167400 0.187500 0.199800 0.111600 0.120800 0.120800 0.122800 0.154700 0.178800 0.171300
Sheep 0.013400 0.378900 0.191400 0.327800 0.105300 0.000000 0.138700 0.144600 0.183500 0.189500 0.046200 0.176200 0.090300 0.101100 0.112900 0.126800 0.177400 0.168500 0.102200 0.157000 0.102700 0.078600 0.187700 0.180700 0.041700 0.130800 0.099100 0.160400 0.127800 0.171600 0.180800 0.116600 0.203800 0.080100 0.123800 0.163800 0.041700 0.121400 0.136800 0.171200 0.191900 0.129700 0.179500 0.166200 0.173100 0.118600 0.138100 0.128300 0.145200 0.160600 0.178800 0.171400
MaxwellsDu 0.135600 0.423500 0.209100 0.329800 0.148100 0.138700 0.000000 0.150900 0.184700 0.213400 0.120800 0.183100 0.126800 0.066500 0.154800 0.180800 0.172800 0.196900 0.137800 0.174200 0.139100 0.134000 0.211400 0.198100 0.116000 0.173700 0.135600 0.166600 0.160500 0.177900 0.204500 0.071100 0.205200 0.126400 0.166900 0.164800 0.116300 0.143300 0.175200 0.216700 0.227100 0.172300 0.203200 0.177800 0.163500 0.114000 0.165400 0.149600 0.156700 0.178300 0.201900 0.177700
GazellaPrz 0.141700 0.376000 0.210600 0.331100 0.137500 0.144600 0.150900 0.000000 0.197400 0.221200 0.132000 0.200700 0.117200 0.112800 0.144400 0.116800 0.189700 0.186400 0.122000 0.175500 0.073700 0.134300 0.195800 0.211000 0.127100 0.111000 0.115600 0.184800 0.097600 0.185100 0.206800 0.123000 0.199500 0.116800 0.146400 0.187300 0.127400 0.132700 0.112100 0.223900 0.200000 0.110100 0.210800 0.196300 0.208100 0.146400 0.107900 0.139300 0.168600 0.157100 0.208600 0.184900
MountainNy 0.169800 0.395300 0.045600 0.345000 0.183700 0.183500 0.184700 0.197400 0.000000 0.215100 0.176800 0.136900 0.172300 0.173800 0.174200 0.223400 0.202700 0.177200 0.194500 0.023100 0.196200 0.184500 0.190400 0.205500 0.171900 0.214900 0.170000 0.018100 0.213300 0.018200 0.194900 0.184700 0.179100 0.171600 0.208600 0.171700 0.172200 0.202200 0.240400 0.224600 0.194700 0.224600 0.204900 0.190700 0.181100 0.179600 0.207100 0.190400 0.210000 0.158600 0.059300 0.018100
MuntiacusM 0.181100 0.356700 0.211600 0.345500 0.177600 0.189500 0.213400 0.221200 0.215100 0.000000 0.188000 0.214200 0.183600 0.197000 0.201800 0.216600 0.174400 0.187900 0.204700 0.211600 0.179500 0.184300 0.074000 0.087500 0.183000 0.209400 0.180900 0.202300 0.224800 0.202500 0.037000 0.214900 0.207300 0.182800 0.207600 0.211200 0.183400 0.172800 0.217300 0.098100 0.082700 0.230500 0.008900 0.098400 0.209600 0.196400 0.219000 0.201600 0.204000 0.174900 0.257200 0.202200
goat 0.042100 0.388200 0.184900 0.346200 0.082200 0.046200 0.120800 0.132000 0.176800 0.188000 0.000000 0.158300 0.062200 0.072700 0.110500 0.114500 0.169800 0.171800 0.065100 0.150000 0.090000 0.041700 0.197700 0.179000 0.004600 0.108300 0.071300 0.164500 0.105100 0.164800 0.179100 0.088000 0.179600 0.052200 0.095800 0.151100 0.004700 0.087700 0.135000 0.169300 0.201900 0.117400 0.177900 0.175400 0.160500 0.105600 0.125500 0.105300 0.106500 0.142800 0.172100 0.164600
AfricanBuf 0.162600 0.376200 0.145400 0.321500 0.170200 0.176200 0.183100 0.200700 0.136900 0.214200 0.158300 0.000000 0.153900 0.139000 0.166300 0.180600 0.189100 0.158300 0.203000 0.126900 0.165800 0.171300 0.212400 0.193400 0.153500 0.189800 0.151700 0.136100 0.176900 0.136400 0.182300 0.144600 0.182300 0.153300 0.189300 0.112600 0.153800 0.176700 0.219500 0.217400 0.205300 0.177500 0.204000 0.178800 0.121800 0.161300 0.171300 0.155600 0.173300 0.120100 0.164300 0.125600
Topi 0.076600 0.376400 0.180500 0.341000 0.082800 0.090300 0.126800 0.117200 0.172300 0.183600 0.062200 0.153900 0.000000 0.078300 0.106000 0.125600 0.176100 0.167000 0.105100 0.145500 0.090600 0.085700 0.181800 0.163500 0.057500 0.119200 0.027900 0.160000 0.105900 0.160300 0.174600 0.093800 0.163400 0.018700 0.091200 0.162900 0.057600 0.088300 0.146600 0.164300 0.174700 0.123400 0.173400 0.159700 0.177600 0.101100 0.116000 0.090800 0.101900 0.127600 0.167400 0.160100
CommonDuik 0.097600 0.380100 0.181900 0.313900 0.099000 0.101100 0.066500 0.112800 0.173800 0.197000 0.072700 0.139000 0.078300 0.000000 0.111500 0.137300 0.172300 0.185800 0.121200 0.146700 0.106400 0.086300 0.195000 0.187500 0.067900 0.130600 0.087500 0.150300 0.117100 0.161700 0.188000 0.014300 0.164900 0.078000 0.112600 0.137400 0.068100 0.104800 0.153100 0.200200 0.199200 0.129400 0.186600 0.161400 0.146900 0.101800 0.117000 0.101600 0.113100 0.134100 0.180100 0.161500
Suni 0.109700 0.345900 0.187400 0.311300 0.105500 0.112900 0.154800 0.144400 0.174200 0.201800 0.110500 0.166300 0.106000 0.111500 0.000000 0.147300 0.194600 0.180000 0.148600 0.152900 0.102600 0.133800 0.199900 0.192600 0.105700 0.130700 0.109800 0.151200 0.127800 0.162400 0.181600 0.127300 0.204300 0.110900 0.145300 0.175400 0.106000 0.121600 0.152100 0.205000 0.192800 0.129600 0.191700 0.189300 0.184800 0.139900 0.138200 0.118100 0.156300 0.156500 0.185400 0.162200
Springbuck 0.123800 0.397800 0.224900 0.370800 0.119700 0.126800 0.180800 0.116800 0.223400 0.216600 0.114500 0.180600 0.125600 0.137300 0.147300 0.000000 0.210000 0.195600 0.125600 0.201000 0.058400 0.127400 0.237900 0.218600 0.109800 0.076000 0.113600 0.210400 0.053700 0.210600 0.208000 0.153400 0.214100 0.114900 0.133700 0.195000 0.110000 0.115000 0.110100 0.208600 0.242000 0.094100 0.206500 0.215100 0.193400 0.148900 0.111300 0.163200 0.160600 0.182100 0.222800 0.198900
Okapi 0.168800 0.349600 0.228700 0.316900 0.187700 0.177400 0.172800 0.189700 0.202700 0.174400 0.169800 0.189100 0.176100 0.172300 0.194600 0.210000 0.000000 0.070200 0.181400 0.198400 0.183200 0.171800 0.151100 0.171100 0.164800 0.190900 0.184800 0.196300 0.199800 0.196700 0.165600 0.178300 0.165000 0.164600 0.217800 0.180800 0.165200 0.188300 0.215500 0.188600 0.166100 0.200400 0.164400 0.172900 0.179400 0.172400 0.216200 0.188600 0.207400 0.146000 0.219600 0.196400
Giraffe 0.159800 0.374400 0.202900 0.306600 0.196200 0.168500 0.196900 0.186400 0.177200 0.187900 0.171800 0.158300 0.167000 0.185800 0.180000 0.195600 0.070200 0.000000 0.200500 0.178000 0.157800 0.185100 0.164100 0.173100 0.166800 0.198600 0.175900 0.176100 0.196600 0.176400 0.156700 0.191800 0.162000 0.155400 0.197100 0.189000 0.167200 0.202400 0.212600 0.179800 0.179500 0.208200 0.177800 0.174800 0.198600 0.163400 0.201700 0.174200 0.210100 0.121600 0.205300 0.176200
TibetanAnt 0.098700 0.382000 0.218800 0.337500 0.120100 0.102200 0.137800 0.122000 0.194500 0.204700 0.065100 0.203000 0.105100 0.121200 0.148600 0.125600 0.181400 0.200500 0.000000 0.183900 0.101200 0.068600 0.202900 0.195600 0.060500 0.109500 0.103700 0.187100 0.116400 0.187500 0.196000 0.137000 0.220500 0.094800 0.128900 0.173400 0.060700 0.105200 0.156200 0.186000 0.207000 0.118600 0.194700 0.192200 0.182700 0.143400 0.130800 0.142900 0.155000 0.154700 0.200400 0.187300
Sitatunga 0.143300 0.376400 0.031900 0.346300 0.156500 0.157000 0.174200 0.175500 0.023100 0.211600 0.150000 0.126900 0.145500 0.146700 0.152900 0.201000 0.198400 0.178000 0.183900 0.000000 0.174400 0.163000 0.186700 0.201900 0.145100 0.193100 0.154400 0.013700 0.191200 0.013700 0.191200 0.157400 0.168600 0.144900 0.181100 0.162100 0.145400 0.174300 0.217700 0.214700 0.191000 0.202600 0.201300 0.187000 0.171600 0.163900 0.179800 0.163500 0.187700 0.154200 0.040900 0.013700
Oribi 0.099400 0.371300 0.198000 0.339700 0.095100 0.102700 0.139100 0.073700 0.196200 0.179500 0.090000 0.165800 0.090600 0.106400 0.102600 0.058400 0.183200 0.157800 0.101200 0.174400 0.000000 0.113100 0.200300 0.181800 0.085300 0.053300 0.089400 0.183500 0.049500 0.183900 0.159500 0.122000 0.198400 0.090300 0.108900 0.180100 0.085500 0.090500 0.086800 0.182900 0.204500 0.080600 0.169500 0.178200 0.189500 0.118900 0.087500 0.117700 0.129700 0.145400 0.207100 0.183700
BarbaryShe 0.074800 0.359400 0.192300 0.333700 0.095500 0.078600 0.134000 0.134300 0.184500 0.184300 0.041700 0.171300 0.085700 0.086300 0.133800 0.127400 0.171800 0.185100 0.068600 0.163000 0.113100 0.000000 0.182600 0.165000 0.037100 0.131300 0.094500 0.172300 0.128300 0.172500 0.175600 0.101600 0.181400 0.075500 0.109000 0.169500 0.037100 0.090900 0.158400 0.161000 0.186700 0.140300 0.174300 0.171900 0.168300 0.128900 0.138600 0.128600 0.119800 0.145000 0.184800 0.172300
Daviddeer 0.179400 0.354000 0.209600 0.330800 0.187100 0.187700 0.211400 0.195800 0.190400 0.074000 0.197700 0.212400 0.181800 0.195000 0.199900 0.237900 0.151100 0.164100 0.202900 0.186700 0.200300 0.182600 0.000000 0.096500 0.192800 0.230400 0.179200 0.178100 0.234400 0.178300 0.055700 0.212600 0.176500 0.180900 0.217100 0.215400 0.193100 0.193900 0.226800 0.097400 0.026600 0.239900 0.064800 0.097600 0.213800 0.189200 0.228800 0.211300 0.237100 0.151600 0.219800 0.178100
Reindeer 0.172300 0.352200 0.224800 0.339500 0.179800 0.180700 0.198100 0.211000 0.205500 0.087500 0.179000 0.193400 0.163500 0.187500 0.192600 0.218600 0.171100 0.173100 0.195600 0.201900 0.181800 0.165000 0.096500 0.000000 0.174100 0.211400 0.161200 0.193000 0.215000 0.193200 0.088600 0.204800 0.197200 0.162700 0.192500 0.212900 0.174400 0.175100 0.219000 0.071900 0.095700 0.220800 0.078300 0.035300 0.211400 0.176300 0.209400 0.192500 0.205800 0.150000 0.246700 0.193000
Ibex 0.037500 0.382500 0.180000 0.340800 0.077400 0.041700 0.116000 0.127100 0.171900 0.183000 0.004600 0.153500 0.057500 0.067900 0.105700 0.109800 0.164800 0.166800 0.060500 0.145100 0.085300 0.037100 0.192800 0.174100 0.000000 0.103700 0.066600 0.159600 0.100400 0.159900 0.174100 0.083200 0.174600 0.047500 0.091100 0.146300 0.000000 0.082900 0.140700 0.164400 0.197000 0.112800 0.172900 0.170400 0.155700 0.100900 0.120800 0.100600 0.101700 0.138000 0.167300 0.159700
GyrantGaze 0.127800 0.366000 0.216700 0.360000 0.123500 0.130800 0.173700 0.111000 0.214900 0.209400 0.108300 0.189800 0.119200 0.130600 0.130700 0.076000 0.190900 0.198600 0.109500 0.193100 0.053300 0.131300 0.230400 0.211400 0.103700 0.000000 0.117600 0.202300 0.057900 0.202600 0.200700 0.146400 0.229100 0.108800 0.137400 0.187600 0.103900 0.118800 0.124000 0.201600 0.234500 0.025600 0.199400 0.208100 0.196900 0.152900 0.105300 0.156400 0.143000 0.174500 0.214800 0.202400
Hartebeest 0.085500 0.399800 0.189200 0.356900 0.091900 0.099100 0.135600 0.115600 0.170000 0.180900 0.071300 0.151700 0.027900 0.087500 0.109800 0.113600 0.184800 0.175900 0.103700 0.154400 0.089400 0.094500 0.179200 0.161200 0.066600 0.117600 0.000000 0.168800 0.094400 0.169100 0.172000 0.102900 0.184000 0.027800 0.095200 0.160600 0.066700 0.087100 0.134000 0.173000 0.183300 0.111700 0.170900 0.168500 0.175200 0.099800 0.114400 0.109900 0.121300 0.136500 0.187200 0.157900
Bongo 0.157700 0.364400 0.036100 0.330900 0.171300 0.160400 0.166600 0.184800 0.018100 0.202300 0.164500 0.136100 0.160000 0.150300 0.151200 0.210400 0.196300 0.176100 0.187100 0.013700 0.183500 0.172300 0.178100 0.193000 0.159600 0.202300 0.168800 0.000000 0.200400 0.009000 0.182300 0.160900 0.172600 0.159400 0.195700 0.160400 0.159900 0.189300 0.226900 0.211700 0.182300 0.200500 0.192100 0.167500 0.169900 0.167400 0.194300 0.177900 0.196900 0.157600 0.054400 0.009000
Gerenuk 0.124800 0.414600 0.226500 0.371500 0.120600 0.127800 0.160500 0.097600 0.213300 0.224800 0.105100 0.176900 0.105900 0.117100 0.127800 0.053700 0.199800 0.196600 0.116400 0.191200 0.049500 0.128300 0.234400 0.215000 0.100400 0.057900 0.094400 0.200400 0.000000 0.200800 0.216000 0.133000 0.215700 0.105500 0.134600 0.196100 0.100600 0.115900 0.101200 0.227800 0.238600 0.066600 0.214500 0.211600 0.205600 0.129200 0.092300 0.143400 0.151000 0.172400 0.224200 0.189100
CommonElan 0.158000 0.379000 0.036100 0.331300 0.171500 0.171600 0.177900 0.185100 0.018200 0.202500 0.164800 0.136400 0.160300 0.161700 0.162400 0.210600 0.196700 0.176400 0.187500 0.013700 0.183900 0.172500 0.178300 0.193200 0.159900 0.202600 0.169100 0.009000 0.200800 0.000000 0.182500 0.172500 0.173000 0.159700 0.196100 0.165900 0.160200 0.189500 0.227200 0.212000 0.182600 0.212100 0.192400 0.178700 0.175300 0.167700 0.194600 0.178300 0.197300 0.158000 0.054500 0.009000
MuntiacusR 0.172200 0.347100 0.203000 0.323600 0.180100 0.180800 0.204500 0.206800 0.194900 0.037000 0.179100 0.182300 0.174600 0.188000 0.181600 0.208000 0.165600 0.156700 0.196000 0.191200 0.159500 0.175600 0.055700 0.088600 0.174100 0.200700 0.172000 0.182300 0.216000 0.182500 0.000000 0.205800 0.192500 0.173700 0.198900 0.202500 0.174500 0.175200 0.220200 0.079600 0.064700 0.221800 0.027800 0.089700 0.201000 0.187700 0.210300 0.181400 0.206700 0.144200 0.236800 0.182300
HarveysDui 0.113200 0.402800 0.181600 0.301600 0.104300 0.116600 0.071100 0.123000 0.184700 0.214900 0.088000 0.144600 0.093800 0.014300 0.127300 0.153400 0.178300 0.191800 0.137000 0.157400 0.122000 0.101600 0.212600 0.204800 0.083200 0.146400 0.102900 0.160900 0.133000 0.172500 0.205800 0.000000 0.182200 0.093500 0.128400 0.153600 0.083400 0.110200 0.169500 0.217900 0.216800 0.134800 0.204400 0.178300 0.163200 0.117500 0.132800 0.106800 0.129000 0.139700 0.190900 0.172200
Pronghorn 0.195400 0.362400 0.198900 0.346800 0.209700 0.203800 0.205200 0.199500 0.179100 0.207300 0.179600 0.182300 0.163400 0.164900 0.204300 0.214100 0.165000 0.162000 0.220500 0.168600 0.198400 0.181400 0.176500 0.197200 0.174600 0.229100 0.184000 0.172600 0.215700 0.173000 0.192500 0.182200 0.000000 0.174200 0.205700 0.191200 0.175000 0.217000 0.249600 0.187100 0.169600 0.238800 0.196900 0.182100 0.189400 0.205300 0.216000 0.176000 0.195200 0.149900 0.178500 0.172800
BlueWildeb 0.066400 0.375500 0.179700 0.341000 0.082500 0.080100 0.126400 0.116800 0.171600 0.182800 0.052200 0.153300 0.018700 0.078000 0.110900 0.114900 0.164600 0.155400 0.094800 0.144900 0.090300 0.075500 0.180900 0.162700 0.047500 0.108800 0.027800 0.159400 0.105500 0.159700 0.173700 0.093500 0.174200 0.000000 0.090800 0.151700 0.047600 0.088000 0.146000 0.163900 0.185100 0.113000 0.172600 0.159100 0.166300 0.100800 0.126000 0.100700 0.111900 0.127100 0.167200 0.159500
Gemsbok 0.110300 0.374400 0.205000 0.347200 0.111500 0.123800 0.166900 0.146400 0.208600 0.207600 0.095800 0.189300 0.091200 0.112600 0.145300 0.133700 0.217800 0.197100 0.128900 0.181100 0.108900 0.109000 0.217100 0.192500 0.091100 0.137400 0.095200 0.195700 0.134600 0.196100 0.198900 0.128400 0.205700 0.090800 0.000000 0.192900 0.091300 0.112200 0.175900 0.193800 0.221200 0.151900 0.197500 0.189000 0.207700 0.135000 0.155600 0.145500 0.146800 0.156800 0.214100 0.195800
Yak 0.155500 0.366200 0.185500 0.299500 0.190000 0.163800 0.164800 0.187300 0.171700 0.211200 0.151100 0.112600 0.162900 0.137400 0.175400 0.195000 0.180800 0.189000 0.173400 0.162100 0.180100 0.169500 0.215400 0.212900 0.146300 0.187600 0.160600 0.160400 0.196100 0.165900 0.202500 0.153600 0.191200 0.151700 0.192900 0.000000 0.146600 0.196500 0.222400 0.203300 0.208200 0.170200 0.212400 0.193000 0.026200 0.159100 0.179400 0.164000 0.193200 0.165300 0.183100 0.154800
BlueSheep 0.037600 0.383200 0.180300 0.341400 0.077600 0.041700 0.116300 0.127400 0.172200 0.183400 0.004700 0.153800 0.057600 0.068100 0.106000 0.110000 0.165200 0.167200 0.060700 0.145400 0.085500 0.037100 0.193100 0.174400 0.000000 0.103900 0.066700 0.159900 0.100600 0.160200 0.174500 0.083400 0.175000 0.047600 0.091300 0.146600 0.000000 0.083000 0.141000 0.164700 0.197300 0.113000 0.173200 0.170700 0.156000 0.101100 0.121000 0.100800 0.102000 0.138300 0.167600 0.160000
BohorReedb 0.107600 0.349600 0.187300 0.349800 0.023500 0.121400 0.143300 0.132700 0.202200 0.172800 0.087700 0.176700 0.088300 0.104800 0.121600 0.115000 0.188300 0.202400 0.105200 0.174300 0.090500 0.090900 0.193900 0.175100 0.082900 0.118800 0.087100 0.189300 0.115900 0.189500 0.175200 0.110200 0.217000 0.088000 0.112200 0.196500 0.083000 0.000000 0.135700 0.187500 0.198100 0.128100 0.162600 0.182700 0.195100 0.132900 0.126400 0.126600 0.128700 0.161000 0.207900 0.189300
KirksDik 0.133900 0.426600 0.253400 0.383400 0.140400 0.136800 0.175200 0.112100 0.240400 0.217300 0.135000 0.219500 0.146600 0.153100 0.152100 0.110100 0.215500 0.212600 0.156200 0.217700 0.086800 0.158400 0.226800 0.219000 0.140700 0.124000 0.134000 0.226900 0.101200 0.227200 0.220200 0.169500 0.249600 0.146000 0.175900 0.222400 0.141000 0.135700 0.000000 0.243600 0.230900 0.122900 0.207100 0.227200 0.209600 0.149200 0.106200 0.179100 0.176700 0.209600 0.250800 0.215300
RoeDeer 0.162800 0.352200 0.232400 0.328900 0.192200 0.171200 0.216700 0.223900 0.224600 0.098100 0.169300 0.217400 0.164300 0.200200 0.205000 0.208600 0.188600 0.179800 0.186000 0.214700 0.182900 0.161000 0.097400 0.071900 0.164400 0.201600 0.173000 0.211700 0.227800 0.212000 0.079600 0.217900 0.187100 0.163900 0.193800 0.203300 0.164700 0.187500 0.243600 0.000000 0.096600 0.222300 0.088800 0.073100 0.201900 0.199700 0.210400 0.193500 0.206800 0.172600 0.236600 0.211700
WhiteLippe 0.183600 0.331000 0.213800 0.322100 0.191400 0.191900 0.227100 0.200000 0.194700 0.082700 0.201900 0.205300 0.174700 0.199200 0.192800 0.242000 0.166100 0.179500 0.207000 0.191000 0.204500 0.186700 0.026600 0.095700 0.197000 0.234500 0.183300 0.182300 0.238600 0.182600 0.064700 0.216800 0.169600 0.185100 0.221200 0.208200 0.197300 0.198100 0.230900 0.096600 0.000000 0.244000 0.073500 0.106600 0.206700 0.204700 0.221100 0.203900 0.229200 0.155800 0.201300 0.182300
ThomsonGaz 0.136900 0.376400 0.226200 0.345300 0.132800 0.129700 0.172300 0.110100 0.224600 0.230500 0.117400 0.177500 0.123400 0.129400 0.129600 0.094100 0.200400 0.208200 0.118600 0.202600 0.080600 0.140300 0.239900 0.220800 0.112800 0.025600 0.111700 0.200500 0.066600 0.212100 0.221800 0.134800 0.238800 0.113000 0.151900 0.170200 0.113000 0.128100 0.122900 0.222300 0.244000 0.000000 0.220300 0.206300 0.190100 0.151500 0.104400 0.155100 0.162700 0.173300 0.224300 0.200400
MuntiacusC 0.171000 0.359300 0.212800 0.347500 0.167400 0.179500 0.203200 0.210800 0.204900 0.008900 0.177900 0.204000 0.173400 0.186600 0.191700 0.206500 0.164400 0.177800 0.194700 0.201300 0.169500 0.174300 0.064800 0.078300 0.172900 0.199400 0.170900 0.192100 0.214500 0.192400 0.027800 0.204400 0.196900 0.172600 0.197500 0.212400 0.173200 0.162600 0.207100 0.088800 0.073500 0.220300 0.000000 0.089100 0.210800 0.186300 0.208900 0.191600 0.205200 0.164900 0.246800 0.192100
WhiteTaile 0.168700 0.329200 0.210000 0.318000 0.187500 0.166200 0.177800 0.196300 0.190700 0.098400 0.175400 0.178800 0.159700 0.161400 0.189300 0.215100 0.172900 0.174800 0.192200 0.187000 0.178200 0.171900 0.097600 0.035300 0.170400 0.208100 0.168500 0.167500 0.211600 0.178700 0.089700 0.178300 0.182100 0.159100 0.189000 0.193000 0.170700 0.182700 0.227200 0.073100 0.106600 0.206300 0.089100 0.000000 0.191600 0.172800 0.205900 0.177900 0.202300 0.146300 0.232000 0.178500
Cattle 0.164900 0.363400 0.195000 0.292600 0.199800 0.173100 0.163500 0.208100 0.181100 0.209600 0.160500 0.121800 0.177600 0.146900 0.184800 0.193400 0.179400 0.198600 0.182700 0.171600 0.189500 0.168300 0.213800 0.211400 0.155700 0.196900 0.175200 0.169900 0.205600 0.175300 0.201000 0.163200 0.189400 0.166300 0.207700 0.026200 0.156000 0.195100 0.209600 0.201900 0.206700 0.190100 0.210800 0.191600 0.000000 0.168400 0.188700 0.184200 0.202700 0.174700 0.192500 0.164200
RoyalAntel 0.105000 0.403400 0.198700 0.311100 0.111600 0.118600 0.114000 0.146400 0.179600 0.196400 0.105600 0.161300 0.101100 0.101800 0.139900 0.148900 0.172400 0.163400 0.143400 0.163900 0.118900 0.128900 0.189200 0.176300 0.100900 0.152900 0.099800 0.167400 0.129200 0.167700 0.187700 0.117500 0.205300 0.100800 0.135000 0.159100 0.101100 0.132900 0.149200 0.199700 0.204700 0.151500 0.186300 0.172800 0.168400 0.000000 0.123800 0.134600 0.146000 0.151500 0.186000 0.156500
Steenbok 0.135100 0.385600 0.214900 0.326200 0.120800 0.138100 0.165400 0.107900 0.207100 0.219000 0.125500 0.171300 0.116000 0.117000 0.138200 0.111300 0.216200 0.201700 0.130800 0.179800 0.087500 0.138600 0.228800 0.209400 0.120800 0.105300 0.114400 0.194300 0.092300 0.194600 0.210300 0.132800 0.216000 0.126000 0.155600 0.179400 0.121000 0.126400 0.106200 0.210400 0.221100 0.104400 0.208900 0.205900 0.188700 0.123800 0.000000 0.133000 0.140400 0.166600 0.190400 0.183100
Impala 0.114800 0.346100 0.198200 0.292200 0.120800 0.128300 0.149600 0.139300 0.190400 0.201600 0.105300 0.155600 0.090800 0.101600 0.118100 0.163200 0.188600 0.174200 0.142900 0.163500 0.117700 0.128600 0.211300 0.192500 0.100600 0.156400 0.109900 0.177900 0.143400 0.178300 0.181400 0.106800 0.176000 0.100700 0.145500 0.164000 0.100800 0.126600 0.179100 0.193500 0.203900 0.155100 0.191600 0.177900 0.184200 0.134600 0.133000 0.000000 0.135100 0.135100 0.185100 0.178000
Klipspring 0.131600 0.405800 0.195200 0.381100 0.122800 0.145200 0.156700 0.168600 0.210000 0.204000 0.106500 0.173300 0.101900 0.113100 0.156300 0.160600 0.207400 0.210100 0.155000 0.187700 0.129700 0.119800 0.237100 0.205800 0.101700 0.143000 0.121300 0.196900 0.151000 0.197300 0.206700 0.129000 0.195200 0.111900 0.146800 0.193200 0.102000 0.128700 0.176700 0.206800 0.229200 0.162700 0.205200 0.202300 0.202700 0.146000 0.140400 0.135100 0.000000 0.168900 0.209200 0.197100
ForestMusk 0.147100 0.322600 0.177900 0.304200 0.154700 0.160600 0.178300 0.157100 0.158600 0.174900 0.142800 0.120100 0.127600 0.134100 0.156500 0.182100 0.146000 0.121600 0.154700 0.154200 0.145400 0.145000 0.151600 0.150000 0.138000 0.174500 0.136500 0.157600 0.172400 0.158000 0.144200 0.139700 0.149900 0.127100 0.156800 0.165300 0.138300 0.161000 0.209600 0.172600 0.155800 0.173300 0.164900 0.146300 0.174700 0.151500 0.166600 0.135100 0.168900 0.000000 0.180900 0.157800
Bushbuck 0.165500 0.397800 0.072600 0.329100 0.178800 0.178800 0.201900 0.208600 0.059300 0.257200 0.172100 0.164300 0.167400 0.180100 0.185400 0.222800 0.219600 0.205300 0.200400 0.040900 0.207100 0.184800 0.219800 0.246700 0.167300 0.214800 0.187200 0.054400 0.224200 0.054500 0.236800 0.190900 0.178500 0.167200 0.214100 0.183100 0.167600 0.207900 0.250800 0.236600 0.201300 0.224300 0.246800 0.232000 0.192500 0.186000 0.190400 0.185100 0.209200 0.180900 0.000000 0.054400
GreaterKud 0.157800 0.378300 0.036100 0.343100 0.171300 0.171400 0.177700 0.184900 0.018100 0.202200 0.164600 0.125600 0.160100 0.161500 0.162200 0.198900 0.196400 0.176200 0.187300 0.013700 0.183700 0.172300 0.178100 0.193000 0.159700 0.202400 0.157900 0.009000 0.189100 0.009000 0.182300 0.172200 0.172800 0.159500 0.195800 0.154800 0.160000 0.189300 0.215300 0.211700 0.182300 0.200400 0.192100 0.178500 0.164200 0.156500 0.183100 0.178000 0.197100 0.157800 0.054400 0.000000
