1
52 1
Argali 0.000000 0.294900 0.089100 0.277800 0.057700 0.009300 0.072000 0.093100 0.073600 0.111400 0.014100 0.063600 0.037700 0.067500 0.087100 0.053800 0.100600 0.095200 0.023300 0.078500 0.067800 0.027700 0.099300 0.143400 0.018800 0.088200 0.042600 0.088200 0.074100 0.073800 0.105900 0.086800 0.117600 0.061600 0.067300 0.094400 0.023500 0.063000 0.073400 0.169500 0.098200 0.092700 0.115600 0.133900 0.088700 0.092700 0.073200 0.078200 0.067700 0.069600 0.088800 0.083900
LesserMous 0.294900 0.000000 0.296700 0.332500 0.303000 0.293000 0.306200 0.295900 0.290600 0.320100 0.297500 0.265500 0.287000 0.302900 0.313400 0.294500 0.285000 0.285500 0.300600 0.283100 0.308900 0.328500 0.272200 0.306100 0.296200 0.324200 0.294100 0.307000 0.314600 0.278600 0.303100 0.313900 0.306000 0.304600 0.321700 0.292000 0.309500 0.317100 0.323800 0.324300 0.287300 0.327600 0.309500 0.316100 0.277600 0.328100 0.323800 0.318800 0.311100 0.277200 0.283100 0.290600
LesserKudu 0.089100 0.296700 0.000000 0.291400 0.079600 0.099000 0.084000 0.094700 0.024200 0.128500 0.084300 0.054100 0.078500 0.074100 0.079000 0.054900 0.080200 0.074900 0.083600 0.029000 0.068900 0.108100 0.084300 0.128000 0.089800 0.084700 0.083900 0.038700 0.065200 0.024300 0.122700 0.093800 0.102000 0.103600 0.110400 0.074500 0.094800 0.090300 0.074700 0.165000 0.104000 0.089300 0.121600 0.118400 0.058800 0.105500 0.074500 0.090600 0.079500 0.054700 0.038900 0.039000
KillerWhal 0.277800 0.332500 0.291400 0.000000 0.272300 0.289000 0.280900 0.271000 0.279300 0.281400 0.284300 0.261900 0.269200 0.278400 0.282800 0.275700 0.268300 0.274600 0.293600 0.284500 0.277500 0.296400 0.275700 0.313300 0.277300 0.311500 0.264100 0.295400 0.302700 0.280100 0.274700 0.300400 0.282000 0.298500 0.308900 0.274800 0.277100 0.273600 0.312100 0.331000 0.284600 0.321800 0.279000 0.303700 0.278700 0.296700 0.299100 0.282100 0.285800 0.264100 0.284500 0.292100
DefassaWat 0.057700 0.303000 0.079600 0.272300 0.000000 0.067300 0.062700 0.083700 0.064100 0.123300 0.053000 0.044000 0.047700 0.058100 0.077800 0.049300 0.091000 0.085600 0.042700 0.069000 0.058300 0.076400 0.100100 0.128300 0.058100 0.078800 0.052700 0.078800 0.054300 0.064300 0.106700 0.077400 0.118600 0.071900 0.067900 0.074500 0.063000 0.024000 0.063900 0.171200 0.109300 0.083300 0.127400 0.129800 0.068900 0.083300 0.063800 0.078900 0.058200 0.059900 0.079400 0.084600
Sheep 0.009300 0.293000 0.099000 0.289000 0.067300 0.000000 0.081700 0.103000 0.083500 0.121700 0.023400 0.073400 0.047100 0.077200 0.096900 0.063600 0.110700 0.105200 0.023200 0.088400 0.077500 0.037000 0.109300 0.153800 0.028300 0.098000 0.052100 0.098100 0.084100 0.083700 0.116000 0.096500 0.127900 0.071100 0.076900 0.104400 0.033000 0.072700 0.083200 0.180300 0.108100 0.102600 0.125700 0.144300 0.098600 0.102500 0.083000 0.088100 0.077400 0.079500 0.098800 0.093800
MaxwellsDu 0.072000 0.306200 0.084000 0.280900 0.062700 0.081700 0.000000 0.082900 0.068600 0.121500 0.067400 0.058500 0.057100 0.033000 0.082100 0.048900 0.084500 0.084300 0.066800 0.073500 0.052800 0.090600 0.099400 0.137300 0.072600 0.078100 0.062200 0.083200 0.064000 0.068800 0.115900 0.051800 0.116900 0.081400 0.092400 0.068500 0.077400 0.078100 0.068400 0.163000 0.108500 0.077700 0.125500 0.127900 0.063100 0.087700 0.063200 0.083300 0.062700 0.064400 0.078700 0.089000
GazellaPrz 0.093100 0.295900 0.094700 0.271000 0.083700 0.103000 0.082900 0.000000 0.079100 0.139000 0.088400 0.079100 0.077600 0.083400 0.093200 0.054000 0.117100 0.111500 0.087600 0.084000 0.062900 0.106800 0.110300 0.172100 0.093800 0.083300 0.082800 0.093800 0.069200 0.079300 0.133200 0.103000 0.145500 0.102400 0.114100 0.105400 0.093700 0.104300 0.078900 0.187700 0.119400 0.087900 0.143000 0.162500 0.099500 0.109400 0.068300 0.089400 0.078600 0.080300 0.094400 0.099800
MountainNy 0.073600 0.290600 0.024200 0.279300 0.064100 0.083500 0.068600 0.079100 0.000000 0.117700 0.068900 0.039000 0.063300 0.064000 0.063600 0.039600 0.075200 0.069900 0.068300 0.014400 0.053700 0.092600 0.074100 0.117200 0.074200 0.069200 0.068500 0.014300 0.049700 0.009600 0.112000 0.083600 0.097000 0.088100 0.094500 0.059100 0.079200 0.074600 0.059300 0.153600 0.093700 0.073800 0.121800 0.107600 0.043700 0.089700 0.059100 0.074800 0.064100 0.044600 0.024100 0.029100
MuntiacusM 0.111400 0.320100 0.128500 0.281400 0.123300 0.121700 0.121500 0.139000 0.117700 0.000000 0.106600 0.107000 0.105700 0.112000 0.139000 0.107500 0.124000 0.123900 0.116200 0.117400 0.122600 0.130800 0.059500 0.075000 0.112300 0.144200 0.100800 0.132800 0.129800 0.112700 0.014600 0.132300 0.141200 0.131700 0.144400 0.129000 0.117500 0.118500 0.129100 0.092700 0.068900 0.148900 0.014500 0.060200 0.133600 0.133100 0.128600 0.118900 0.111600 0.102900 0.128400 0.123200
goat 0.014100 0.297500 0.084300 0.284300 0.053000 0.023400 0.067400 0.088400 0.068900 0.106600 0.000000 0.058800 0.033100 0.062800 0.082500 0.049000 0.095800 0.084900 0.018700 0.073800 0.063100 0.032600 0.094500 0.138700 0.014100 0.083500 0.038000 0.083500 0.069400 0.069100 0.101100 0.076900 0.112700 0.057000 0.062700 0.089700 0.018900 0.058300 0.068700 0.159100 0.103800 0.088100 0.110900 0.129100 0.084000 0.088100 0.068500 0.073500 0.063000 0.064700 0.084100 0.079200
AfricanBuf 0.063600 0.265500 0.054100 0.261900 0.044000 0.073400 0.058500 0.079100 0.039000 0.107000 0.058800 0.000000 0.053300 0.053900 0.063600 0.044600 0.064900 0.059700 0.058300 0.043900 0.053700 0.082500 0.084300 0.106500 0.064100 0.064000 0.058500 0.053500 0.059900 0.039100 0.090700 0.073400 0.091700 0.078000 0.084200 0.039100 0.069000 0.054200 0.059300 0.142400 0.093600 0.078800 0.111200 0.107800 0.033900 0.079400 0.059100 0.064600 0.054000 0.034500 0.053900 0.059000
Topi 0.037700 0.287000 0.078500 0.269200 0.047700 0.047100 0.057100 0.077600 0.063300 0.105700 0.033100 0.053300 0.000000 0.052600 0.066800 0.048600 0.079300 0.084400 0.032800 0.068100 0.057600 0.046600 0.073300 0.126700 0.038000 0.077700 0.004600 0.077800 0.063700 0.063400 0.100200 0.071700 0.117000 0.023200 0.057200 0.083800 0.033100 0.062800 0.063100 0.151900 0.082500 0.082300 0.109900 0.117200 0.078200 0.072200 0.062900 0.077900 0.047700 0.059100 0.068100 0.083500
CommonDuik 0.067500 0.302900 0.074100 0.278400 0.058100 0.077200 0.033000 0.083400 0.064000 0.112000 0.062800 0.053900 0.052600 0.000000 0.077600 0.044100 0.080200 0.080000 0.062300 0.068900 0.058200 0.086200 0.089400 0.127900 0.068000 0.078600 0.057600 0.078600 0.064400 0.064200 0.106400 0.018700 0.112700 0.076900 0.087900 0.084700 0.072900 0.073600 0.063800 0.153400 0.098600 0.083100 0.116200 0.118400 0.079000 0.083200 0.063600 0.078700 0.058100 0.049500 0.079200 0.084400
Suni 0.087100 0.313400 0.079000 0.282800 0.077800 0.096900 0.082100 0.093200 0.063600 0.139000 0.082500 0.063600 0.066800 0.077600 0.000000 0.059000 0.079700 0.084800 0.081700 0.068500 0.057800 0.105700 0.104700 0.149500 0.087800 0.088300 0.071900 0.078200 0.074300 0.063800 0.132400 0.097000 0.128500 0.091200 0.107800 0.094600 0.092700 0.093500 0.073500 0.175800 0.113800 0.092900 0.143000 0.140000 0.088800 0.093000 0.073300 0.078300 0.077900 0.069600 0.058400 0.084000
Springbuck 0.053800 0.294500 0.054900 0.275700 0.049300 0.063600 0.048900 0.054000 0.039600 0.107500 0.049000 0.044600 0.048600 0.044100 0.059000 0.000000 0.070900 0.065600 0.053600 0.044500 0.019300 0.072700 0.089900 0.134900 0.054200 0.039000 0.053800 0.054300 0.024600 0.039700 0.101800 0.063600 0.103600 0.073300 0.079500 0.070400 0.059100 0.059700 0.044400 0.161200 0.099300 0.043700 0.100900 0.125200 0.064800 0.074700 0.034200 0.064900 0.049300 0.050300 0.054700 0.054700
Okapi 0.100600 0.285000 0.080200 0.268300 0.091000 0.110700 0.084500 0.117100 0.075200 0.124000 0.095800 0.064900 0.079300 0.080200 0.079700 0.070900 0.000000 0.034400 0.094900 0.080200 0.090400 0.119800 0.101200 0.123600 0.101400 0.112000 0.084700 0.090100 0.097600 0.075400 0.118300 0.100200 0.107600 0.104700 0.122400 0.096500 0.106500 0.102000 0.085900 0.149100 0.110400 0.116600 0.117200 0.113900 0.090600 0.106700 0.096400 0.102300 0.090900 0.065700 0.080200 0.096200
Giraffe 0.095200 0.285500 0.074900 0.274600 0.085600 0.105200 0.084300 0.111500 0.069900 0.123900 0.084900 0.059700 0.084400 0.080000 0.084800 0.065600 0.034400 0.000000 0.089600 0.074900 0.085100 0.114300 0.101000 0.134500 0.095900 0.106500 0.089900 0.084800 0.092100 0.070100 0.118100 0.089300 0.102500 0.109900 0.116800 0.091100 0.101000 0.096500 0.091100 0.154800 0.110300 0.111100 0.117000 0.124800 0.085200 0.112100 0.090900 0.096900 0.085600 0.060400 0.085300 0.090700
TibetanAnt 0.023300 0.300600 0.083600 0.293600 0.042700 0.023200 0.066800 0.087600 0.068300 0.116200 0.018700 0.058300 0.032800 0.062300 0.081700 0.053600 0.094900 0.089600 0.000000 0.073100 0.062500 0.041600 0.093700 0.137400 0.023500 0.082700 0.037600 0.082800 0.058600 0.068400 0.110600 0.081400 0.122300 0.056500 0.062100 0.088800 0.028200 0.057700 0.068000 0.163100 0.102800 0.087300 0.120300 0.127900 0.083200 0.087200 0.067900 0.082900 0.062400 0.064100 0.083300 0.088600
Sitatunga 0.078500 0.283100 0.029000 0.284500 0.069000 0.088400 0.073500 0.084000 0.014400 0.117400 0.073800 0.043900 0.068100 0.068900 0.068500 0.044500 0.080200 0.074900 0.073100 0.000000 0.058600 0.097400 0.073900 0.117000 0.079100 0.074100 0.073400 0.028800 0.054700 0.004800 0.111800 0.088500 0.102000 0.093000 0.099500 0.064000 0.084100 0.079500 0.064200 0.153300 0.093500 0.078700 0.121600 0.107400 0.048600 0.094600 0.064000 0.079800 0.069000 0.049500 0.028900 0.024100
Oribi 0.067800 0.308900 0.068900 0.277500 0.058300 0.077500 0.052800 0.062900 0.053700 0.122600 0.063100 0.053700 0.057600 0.058200 0.057800 0.019300 0.090400 0.085100 0.062500 0.058600 0.000000 0.086500 0.094400 0.144000 0.068300 0.048200 0.062700 0.068200 0.034000 0.053900 0.116900 0.077500 0.118000 0.082000 0.088200 0.074000 0.073200 0.073800 0.053500 0.170100 0.103600 0.047900 0.126700 0.134500 0.068500 0.083500 0.043400 0.079000 0.058300 0.059500 0.063700 0.073900
BarbaryShe 0.027700 0.328500 0.108100 0.296400 0.076400 0.037000 0.090600 0.106800 0.092600 0.130800 0.032600 0.082500 0.046600 0.086200 0.105700 0.072700 0.119800 0.114300 0.041600 0.097400 0.086500 0.000000 0.107900 0.162800 0.037400 0.107000 0.051500 0.107100 0.093200 0.092800 0.125100 0.105300 0.137000 0.070200 0.085900 0.113500 0.032600 0.081800 0.092300 0.189300 0.106700 0.111500 0.134700 0.153400 0.107600 0.106500 0.092000 0.097100 0.076400 0.088800 0.107800 0.102900
Daviddeer 0.099300 0.272200 0.084300 0.275700 0.100100 0.109300 0.099400 0.110300 0.074100 0.059500 0.094500 0.084300 0.073300 0.089400 0.104700 0.089900 0.101200 0.101000 0.093700 0.073900 0.094400 0.107900 0.000000 0.074600 0.100000 0.120300 0.078600 0.088800 0.106000 0.069200 0.054200 0.109200 0.133800 0.098300 0.120700 0.110800 0.094600 0.106000 0.105700 0.103100 0.018900 0.114200 0.063900 0.059900 0.094300 0.121200 0.105500 0.106200 0.089600 0.069900 0.074000 0.089600
Reindeer 0.143400 0.306100 0.128000 0.313300 0.128300 0.153800 0.137300 0.172100 0.117200 0.075000 0.138700 0.106500 0.126700 0.127900 0.149500 0.134900 0.123600 0.134500 0.137400 0.117000 0.144000 0.162800 0.074600 0.000000 0.144700 0.166200 0.121700 0.132400 0.151900 0.112200 0.059400 0.148300 0.157600 0.153100 0.166300 0.128500 0.149900 0.134500 0.151000 0.075900 0.094300 0.170800 0.079400 0.014500 0.122100 0.154700 0.150600 0.157100 0.127100 0.113500 0.127900 0.133500
Ibex 0.018800 0.296200 0.089800 0.277300 0.058100 0.028300 0.072600 0.093800 0.074200 0.112300 0.014100 0.064100 0.038000 0.068000 0.087800 0.054200 0.101400 0.095900 0.023500 0.079100 0.068300 0.037400 0.100000 0.144700 0.000000 0.088800 0.042900 0.088900 0.074700 0.074400 0.106700 0.087400 0.107700 0.062000 0.067800 0.095200 0.023700 0.063500 0.074000 0.171000 0.109300 0.093500 0.116500 0.135000 0.089400 0.093500 0.073800 0.078800 0.068200 0.070100 0.089500 0.084600
GyrantGaze 0.088200 0.324200 0.084700 0.311500 0.078800 0.098000 0.078100 0.083300 0.069200 0.144200 0.083500 0.064000 0.077700 0.078600 0.088300 0.039000 0.112000 0.106500 0.082700 0.074100 0.048200 0.107000 0.120300 0.166200 0.088800 0.000000 0.083000 0.083900 0.054000 0.069400 0.138300 0.098100 0.134400 0.102600 0.098600 0.090000 0.093800 0.094700 0.073900 0.181700 0.129500 0.033000 0.148200 0.156600 0.084200 0.104500 0.058300 0.094900 0.068300 0.069900 0.084400 0.089800
Hartebeest 0.042600 0.294100 0.083900 0.264100 0.052700 0.052100 0.062200 0.082800 0.068500 0.100800 0.038000 0.058500 0.004600 0.057600 0.071900 0.053800 0.084700 0.089900 0.037600 0.073400 0.062700 0.051500 0.078600 0.121700 0.042900 0.083000 0.000000 0.083000 0.069000 0.068700 0.095300 0.076800 0.122800 0.027900 0.062300 0.078900 0.038000 0.067900 0.068300 0.146800 0.087800 0.087500 0.105000 0.112200 0.083500 0.077400 0.068100 0.083200 0.052700 0.064400 0.073300 0.088900
Bongo 0.088200 0.307000 0.038700 0.295400 0.078800 0.098100 0.083200 0.093800 0.014300 0.132800 0.083500 0.053500 0.077800 0.078600 0.078200 0.054300 0.090100 0.084800 0.082800 0.028800 0.068200 0.107100 0.088800 0.132400 0.088900 0.083900 0.083000 0.000000 0.064600 0.024000 0.127100 0.098200 0.112100 0.102700 0.109300 0.073800 0.093900 0.089400 0.074000 0.169300 0.108300 0.088400 0.136900 0.122800 0.058200 0.104500 0.073800 0.089700 0.078700 0.059300 0.038500 0.043500
Gerenuk 0.074100 0.314600 0.065200 0.302700 0.054300 0.084100 0.064000 0.069200 0.049700 0.129800 0.069400 0.059900 0.063700 0.064400 0.074300 0.024600 0.097600 0.092100 0.058600 0.054700 0.034000 0.093200 0.106000 0.151900 0.074700 0.054000 0.069000 0.064600 0.000000 0.049900 0.124000 0.084200 0.125800 0.088700 0.095100 0.080900 0.079700 0.070000 0.057000 0.178900 0.115300 0.058700 0.134000 0.142200 0.075200 0.090300 0.049300 0.085800 0.064500 0.065900 0.065000 0.070300
CommonElan 0.073800 0.278600 0.024300 0.280100 0.064300 0.083700 0.068800 0.079300 0.009600 0.112700 0.069100 0.039100 0.063400 0.064200 0.063800 0.039700 0.075400 0.070100 0.068400 0.004800 0.053900 0.092800 0.069200 0.112200 0.074400 0.069400 0.068700 0.024000 0.049900 0.000000 0.107000 0.083800 0.097300 0.088300 0.094800 0.059300 0.079400 0.074800 0.059400 0.148500 0.088800 0.074000 0.116900 0.102600 0.043800 0.090000 0.059300 0.075100 0.064300 0.044700 0.024200 0.019300
MuntiacusR 0.105900 0.303100 0.122700 0.274700 0.106700 0.116000 0.115900 0.133200 0.112000 0.014600 0.101100 0.090700 0.100200 0.106400 0.132400 0.101800 0.118300 0.118100 0.110600 0.111800 0.116900 0.125100 0.054200 0.059400 0.106700 0.138300 0.095300 0.127100 0.124000 0.107000 0.000000 0.126600 0.135200 0.126000 0.138600 0.112300 0.111800 0.101900 0.123400 0.087100 0.063600 0.143000 0.019300 0.055000 0.116900 0.127400 0.123100 0.123300 0.106000 0.097300 0.122600 0.117500
HarveysDui 0.086800 0.313900 0.093800 0.300400 0.077400 0.096500 0.051800 0.103000 0.083600 0.132300 0.076900 0.073400 0.071700 0.018700 0.097000 0.063600 0.100200 0.089300 0.081400 0.088500 0.077500 0.105300 0.109200 0.148300 0.087400 0.098100 0.076800 0.098200 0.084200 0.083800 0.126600 0.000000 0.133100 0.096100 0.107300 0.104500 0.092300 0.093100 0.083300 0.157600 0.118300 0.102700 0.136300 0.138800 0.098700 0.102700 0.083100 0.098400 0.077400 0.069200 0.098900 0.104200
Pronghorn 0.117600 0.306000 0.102000 0.282000 0.118600 0.127900 0.116900 0.145500 0.097000 0.141200 0.112700 0.091700 0.117000 0.112700 0.128500 0.103600 0.107600 0.102500 0.122300 0.102000 0.118000 0.137000 0.133800 0.157600 0.107700 0.134400 0.122800 0.112100 0.125800 0.097300 0.135200 0.133100 0.000000 0.143400 0.145000 0.124000 0.123800 0.119100 0.121900 0.190700 0.148600 0.144900 0.145200 0.148000 0.112700 0.134800 0.124200 0.119600 0.118600 0.096800 0.112900 0.107800
BlueWildeb 0.061600 0.304600 0.103600 0.298500 0.071900 0.071100 0.081400 0.102400 0.088100 0.131700 0.057000 0.078000 0.023200 0.076900 0.091200 0.073300 0.104700 0.109900 0.056500 0.093000 0.082000 0.070200 0.098300 0.153100 0.062000 0.102600 0.027900 0.102700 0.088700 0.088300 0.126000 0.096100 0.143400 0.000000 0.081500 0.109000 0.057000 0.087400 0.087800 0.179300 0.107400 0.107100 0.135700 0.143600 0.103200 0.096700 0.077500 0.102800 0.071900 0.084200 0.092900 0.108700
Gemsbok 0.067300 0.321700 0.110400 0.308900 0.067900 0.076900 0.092400 0.114100 0.094500 0.144400 0.062700 0.084200 0.057200 0.087900 0.107800 0.079500 0.122400 0.116800 0.062100 0.099500 0.088200 0.085900 0.120700 0.166300 0.067800 0.098600 0.062300 0.109300 0.095100 0.094800 0.138600 0.107300 0.145000 0.081500 0.000000 0.115800 0.072700 0.093700 0.083900 0.193400 0.129800 0.113700 0.148400 0.156800 0.109900 0.113700 0.093900 0.109400 0.088000 0.090600 0.110100 0.115500
Yak 0.094400 0.292000 0.074500 0.274800 0.074500 0.104400 0.068500 0.105400 0.059100 0.129000 0.089700 0.039100 0.083800 0.084700 0.094600 0.070400 0.096500 0.091100 0.088800 0.064000 0.074000 0.113500 0.110800 0.128500 0.095200 0.090000 0.078900 0.073800 0.080900 0.059300 0.112300 0.104500 0.124000 0.109000 0.115800 0.000000 0.100200 0.085100 0.090400 0.165700 0.120000 0.099800 0.133200 0.130000 0.014300 0.111000 0.085000 0.096000 0.084800 0.065200 0.069200 0.079600
BlueSheep 0.023500 0.309500 0.094800 0.277100 0.063000 0.033000 0.077400 0.093700 0.079200 0.117500 0.018900 0.069000 0.033100 0.072900 0.092700 0.059100 0.106500 0.101000 0.028200 0.084100 0.073200 0.032600 0.094600 0.149900 0.023700 0.093800 0.038000 0.093900 0.079700 0.079400 0.111800 0.092300 0.123800 0.057000 0.072700 0.100200 0.000000 0.068400 0.078900 0.170300 0.103800 0.098400 0.121700 0.140300 0.094400 0.098400 0.078700 0.083800 0.063000 0.075100 0.094500 0.089600
BohorReedb 0.063000 0.317100 0.090300 0.273600 0.024000 0.072700 0.078100 0.104300 0.074600 0.118500 0.058300 0.054200 0.062800 0.073600 0.093500 0.059700 0.102000 0.096500 0.057700 0.079500 0.073800 0.081800 0.106000 0.134500 0.063500 0.094700 0.067900 0.089400 0.070000 0.074800 0.101900 0.093100 0.119100 0.087400 0.093700 0.085100 0.068400 0.000000 0.079600 0.171900 0.115200 0.099300 0.122700 0.136100 0.079400 0.099300 0.079400 0.084500 0.073700 0.070500 0.090000 0.085000
KirksDik 0.073400 0.323800 0.074700 0.312100 0.063900 0.083200 0.068400 0.078900 0.059300 0.129100 0.068700 0.059300 0.063100 0.063800 0.073500 0.044400 0.085900 0.091100 0.068000 0.064200 0.053500 0.092300 0.105700 0.151000 0.074000 0.073900 0.068300 0.074000 0.057000 0.059400 0.123400 0.083300 0.121900 0.087800 0.083900 0.090400 0.078900 0.079600 0.000000 0.177600 0.114900 0.073500 0.133300 0.141400 0.084700 0.089400 0.058900 0.084900 0.063900 0.062400 0.074500 0.079800
RoeDeer 0.169500 0.324300 0.165000 0.331000 0.171200 0.180300 0.163000 0.187700 0.153600 0.092700 0.159100 0.142400 0.151900 0.153400 0.175800 0.161200 0.149100 0.154800 0.163100 0.153300 0.170100 0.189300 0.103100 0.075900 0.171000 0.181700 0.146800 0.169300 0.178900 0.148500 0.087100 0.157600 0.190700 0.179300 0.193400 0.165700 0.170300 0.171900 0.177600 0.000000 0.112500 0.186400 0.097100 0.071600 0.170300 0.181300 0.177200 0.166100 0.152300 0.138600 0.164900 0.171000
WhiteLippe 0.098200 0.287300 0.104000 0.284600 0.109300 0.108100 0.108500 0.119400 0.093700 0.068900 0.103800 0.093600 0.082500 0.098600 0.113800 0.099300 0.110400 0.110300 0.102800 0.093500 0.103600 0.106700 0.018900 0.094300 0.109300 0.129500 0.087800 0.108300 0.115300 0.088800 0.063600 0.118300 0.148600 0.107400 0.129800 0.120000 0.103800 0.115200 0.114900 0.112500 0.000000 0.123400 0.073200 0.079700 0.114000 0.130300 0.114700 0.115500 0.098900 0.079400 0.093500 0.109300
ThomsonGaz 0.092700 0.327600 0.089300 0.321800 0.083300 0.102600 0.077700 0.087900 0.073800 0.148900 0.088100 0.078800 0.082300 0.083100 0.092900 0.043700 0.116600 0.111100 0.087300 0.078700 0.047900 0.111500 0.114200 0.170800 0.093500 0.033000 0.087500 0.088400 0.058700 0.074000 0.143000 0.102700 0.144900 0.107100 0.113700 0.099800 0.098400 0.099300 0.073500 0.186400 0.123400 0.000000 0.152900 0.161300 0.094000 0.109000 0.062900 0.104600 0.072800 0.074600 0.078700 0.094400
MuntiacusC 0.115600 0.309500 0.121600 0.279000 0.127400 0.125700 0.125500 0.143000 0.121800 0.014500 0.110900 0.111200 0.109900 0.116200 0.143000 0.100900 0.117200 0.117000 0.120300 0.121600 0.126700 0.134700 0.063900 0.079400 0.116500 0.148200 0.105000 0.136900 0.134000 0.116900 0.019300 0.136300 0.145200 0.135700 0.148400 0.133200 0.121700 0.122700 0.133300 0.097100 0.073200 0.152900 0.000000 0.064800 0.137600 0.137100 0.132900 0.123000 0.115700 0.107200 0.132500 0.127300
WhiteTaile 0.133900 0.316100 0.118400 0.303700 0.129800 0.144300 0.127900 0.162500 0.107600 0.060200 0.129100 0.107800 0.117200 0.118400 0.140000 0.125200 0.113900 0.124800 0.127900 0.107400 0.134500 0.153400 0.059900 0.014500 0.135000 0.156600 0.112200 0.122800 0.142200 0.102600 0.055000 0.138800 0.148000 0.143600 0.156800 0.130000 0.140300 0.136100 0.141400 0.071600 0.079700 0.161300 0.064800 0.000000 0.123500 0.145200 0.141000 0.147400 0.117600 0.103700 0.118300 0.123900
Cattle 0.088700 0.277600 0.058800 0.278700 0.068900 0.098600 0.063100 0.099500 0.043700 0.133600 0.084000 0.033900 0.078200 0.079000 0.088800 0.064800 0.090600 0.085200 0.083200 0.048600 0.068500 0.107600 0.094300 0.122100 0.089400 0.084200 0.083500 0.058200 0.075200 0.043800 0.116900 0.098700 0.112700 0.103200 0.109900 0.014300 0.094400 0.079400 0.084700 0.170300 0.114000 0.094000 0.137600 0.123500 0.000000 0.105100 0.079300 0.090200 0.079200 0.059600 0.053600 0.063700
RoyalAntel 0.092700 0.328100 0.105500 0.296700 0.083300 0.102500 0.087700 0.109400 0.089700 0.133100 0.088100 0.079400 0.072200 0.083200 0.093000 0.074700 0.106700 0.112100 0.087200 0.094600 0.083500 0.106500 0.121200 0.154700 0.093500 0.104500 0.077400 0.104500 0.090300 0.090000 0.127400 0.102700 0.134800 0.096700 0.113700 0.111000 0.098400 0.099300 0.089400 0.181300 0.130300 0.109000 0.137100 0.145200 0.105100 0.000000 0.089200 0.104600 0.072700 0.085700 0.094600 0.110700
Steenbok 0.073200 0.323800 0.074500 0.299100 0.063800 0.083000 0.063200 0.068300 0.059100 0.128600 0.068500 0.059100 0.062900 0.063600 0.073300 0.034200 0.096400 0.090900 0.067900 0.064000 0.043400 0.092000 0.105500 0.150600 0.073800 0.058300 0.068100 0.073800 0.049300 0.059300 0.123100 0.083100 0.124200 0.077500 0.093900 0.085000 0.078700 0.079400 0.058900 0.177200 0.114700 0.062900 0.132900 0.141000 0.079300 0.089200 0.000000 0.084700 0.063700 0.065100 0.074300 0.079600
Impala 0.078200 0.318800 0.090600 0.282100 0.078900 0.088100 0.083300 0.089400 0.074800 0.118900 0.073500 0.064600 0.077900 0.078700 0.078300 0.064900 0.102300 0.096900 0.082900 0.079800 0.079000 0.097100 0.106200 0.157100 0.078800 0.094900 0.083200 0.089700 0.085800 0.075100 0.123300 0.098400 0.119600 0.102800 0.109400 0.096000 0.083800 0.084500 0.084900 0.166100 0.115500 0.104600 0.123000 0.147400 0.090200 0.104600 0.084700 0.000000 0.078900 0.070700 0.090300 0.085300
Klipspring 0.067700 0.311100 0.079500 0.285800 0.058200 0.077400 0.062700 0.078600 0.064100 0.111600 0.063000 0.054000 0.047700 0.058100 0.077900 0.049300 0.090900 0.085600 0.062400 0.069000 0.058300 0.076400 0.089600 0.127100 0.068200 0.068300 0.052700 0.078700 0.064500 0.064300 0.106000 0.077400 0.118600 0.071900 0.088000 0.084800 0.063000 0.073700 0.063900 0.152300 0.098900 0.072800 0.115700 0.117600 0.079200 0.072700 0.063700 0.078900 0.000000 0.059900 0.079300 0.084600
ForestMusk 0.069600 0.277200 0.054700 0.264100 0.059900 0.079500 0.064400 0.080300 0.044600 0.102900 0.064700 0.034500 0.059100 0.049500 0.069600 0.050300 0.065700 0.060400 0.064100 0.049500 0.059500 0.088800 0.069900 0.113500 0.070100 0.069900 0.064400 0.059300 0.065900 0.044700 0.097300 0.069200 0.096800 0.084200 0.090600 0.065200 0.075100 0.070500 0.062400 0.138600 0.079400 0.074600 0.107200 0.103700 0.059600 0.085700 0.065100 0.070700 0.059900 0.000000 0.059700 0.065000
Bushbuck 0.088800 0.283100 0.038900 0.284500 0.079400 0.098800 0.078700 0.094400 0.024100 0.128400 0.084100 0.053900 0.068100 0.079200 0.058400 0.054700 0.080200 0.085300 0.083300 0.028900 0.063700 0.107800 0.074000 0.127900 0.089500 0.084400 0.073300 0.038500 0.065000 0.024200 0.122600 0.098900 0.112900 0.092900 0.110100 0.069200 0.094500 0.090000 0.074500 0.164900 0.093500 0.078700 0.132500 0.118300 0.053600 0.094600 0.074300 0.090300 0.079300 0.059700 0.000000 0.043800
GreaterKud 0.083900 0.290600 0.039000 0.292100 0.084600 0.093800 0.089000 0.099800 0.029100 0.123200 0.079200 0.059000 0.083500 0.084400 0.084000 0.054700 0.096200 0.090700 0.088600 0.024100 0.073900 0.102900 0.089600 0.133500 0.084600 0.089800 0.088900 0.043500 0.070300 0.019300 0.117500 0.104200 0.107800 0.108700 0.115500 0.079600 0.089600 0.085000 0.079800 0.171000 0.109300 0.094400 0.127300 0.123900 0.063700 0.110700 0.079600 0.085300 0.084600 0.065000 0.043800 0.000000
