1
52 1
Argali 0.000000 0.481000 0.162800 0.571700 0.156100 0.000000 0.145700 0.128800 0.224500 0.474600 0.102800 0.188200 0.153600 0.184200 0.161500 0.202700 0.328600 0.348400 0.128300 0.224500 0.211100 0.077600 0.367800 0.482100 0.130400 0.148500 0.177800 0.250500 0.148300 0.186000 0.510100 0.134400 0.428400 0.153600 0.128000 0.196400 0.077600 0.130500 0.153000 0.406000 0.300000 0.147600 0.474600 0.382300 0.196800 0.239300 0.201600 0.130400 0.075500 0.254300 0.252100 0.197100
LesserMous 0.481000 0.000000 0.570300 0.418100 0.610600 0.481000 0.441500 0.552000 0.523600 0.348300 0.620300 0.505100 0.592000 0.537300 0.517400 0.656300 0.389000 0.356000 0.547100 0.523600 0.585400 0.577800 0.434900 0.261300 0.686200 0.616000 0.630100 0.561100 0.662500 0.443900 0.384600 0.470500 0.303200 0.592000 0.544300 0.480200 0.577800 0.564100 0.578600 0.276100 0.352700 0.658200 0.348300 0.259100 0.482200 0.555000 0.657900 0.454700 0.544000 0.564700 0.570500 0.477400
LesserKudu 0.162800 0.570300 0.000000 0.551400 0.165800 0.162800 0.342000 0.136700 0.080500 0.450700 0.170300 0.165300 0.224400 0.194700 0.053300 0.213600 0.303700 0.362800 0.196700 0.080500 0.290600 0.143200 0.262100 0.457800 0.202100 0.216200 0.250700 0.106300 0.215700 0.105600 0.487000 0.207100 0.506200 0.224400 0.196100 0.110700 0.143200 0.138700 0.288500 0.380100 0.273900 0.214500 0.450700 0.357200 0.172900 0.281700 0.212400 0.137600 0.137300 0.231800 0.106900 0.053900
KillerWhal 0.571700 0.418100 0.551400 0.000000 0.585800 0.571700 0.623300 0.534900 0.508000 0.362400 0.723500 0.657200 0.687000 0.632100 0.503000 0.759100 0.514400 0.479600 0.643300 0.508000 0.689300 0.681100 0.449600 0.476400 0.792100 0.778800 0.724800 0.542600 0.766600 0.535200 0.399900 0.566400 0.416700 0.687000 0.640400 0.577600 0.681100 0.545800 0.670400 0.390600 0.475000 0.761300 0.362400 0.471200 0.580200 0.657400 0.638900 0.442200 0.655300 0.549300 0.548500 0.470100
DefassaWat 0.156100 0.610600 0.165800 0.585800 0.000000 0.156100 0.235800 0.050900 0.166100 0.484900 0.161900 0.255100 0.075500 0.160000 0.106600 0.179900 0.422600 0.396300 0.104100 0.166100 0.187600 0.135600 0.291600 0.492800 0.191700 0.180700 0.099900 0.191900 0.180400 0.190400 0.520800 0.109100 0.541600 0.075500 0.103800 0.138100 0.135600 0.024400 0.186300 0.415400 0.392700 0.179400 0.484900 0.390200 0.138400 0.146500 0.123900 0.077300 0.132000 0.259500 0.133400 0.138900
Sheep 0.000000 0.481000 0.162800 0.571700 0.156100 0.000000 0.145700 0.129300 0.224500 0.474600 0.102800 0.188200 0.153600 0.184200 0.161500 0.202700 0.328600 0.348400 0.128300 0.224500 0.211100 0.077600 0.367800 0.482100 0.130400 0.148500 0.177800 0.250500 0.148300 0.186000 0.510100 0.134400 0.428400 0.153600 0.128000 0.196400 0.077600 0.130500 0.153000 0.406000 0.300000 0.147600 0.474600 0.382300 0.196800 0.239300 0.201600 0.130400 0.075500 0.254300 0.252100 0.197100
MaxwellsDu 0.145700 0.441500 0.342000 0.623300 0.235800 0.145700 0.000000 0.175900 0.342600 0.528900 0.268300 0.367800 0.199700 0.173500 0.272800 0.247700 0.568800 0.404800 0.175200 0.342600 0.258100 0.242400 0.510700 0.440500 0.300000 0.248900 0.223000 0.368300 0.248400 0.234300 0.562700 0.126700 0.482600 0.199700 0.174800 0.313300 0.242400 0.210200 0.199100 0.463800 0.439600 0.247200 0.528900 0.352700 0.314000 0.254100 0.246000 0.237500 0.235400 0.373300 0.371000 0.314500
GazellaPrz 0.128800 0.552000 0.136700 0.534900 0.050900 0.129300 0.175900 0.000000 0.137100 0.437400 0.133700 0.224400 0.074900 0.102400 0.079300 0.123900 0.379900 0.353200 0.050200 0.137100 0.129000 0.107600 0.334000 0.444200 0.162700 0.124300 0.098900 0.162800 0.124200 0.161400 0.471800 0.052500 0.490400 0.074900 0.050100 0.169800 0.107600 0.024600 0.128000 0.370100 0.350000 0.123500 0.437400 0.347900 0.170100 0.144900 0.122800 0.105300 0.104600 0.229600 0.163800 0.110100
MountainNy 0.224500 0.523600 0.080500 0.508000 0.166100 0.224500 0.342600 0.137100 0.000000 0.409200 0.231700 0.198900 0.224900 0.194900 0.053400 0.214100 0.351500 0.323600 0.197200 0.000000 0.291800 0.203700 0.305900 0.415600 0.265300 0.280100 0.251100 0.024700 0.279200 0.078700 0.445000 0.207700 0.462500 0.224900 0.195100 0.082600 0.203700 0.139000 0.289300 0.339300 0.320700 0.277600 0.409200 0.318700 0.143300 0.290500 0.212700 0.137900 0.199000 0.201800 0.024700 0.026800
MuntiacusM 0.474600 0.348300 0.450700 0.362400 0.484900 0.474600 0.528900 0.437400 0.409200 0.000000 0.492600 0.440400 0.472600 0.429200 0.405400 0.534900 0.172200 0.140300 0.434300 0.409200 0.468400 0.455600 0.208300 0.139500 0.547500 0.543800 0.507300 0.443900 0.538300 0.439200 0.031700 0.364700 0.177300 0.472600 0.432400 0.369900 0.455600 0.445900 0.566900 0.070400 0.139200 0.534900 0.000000 0.138400 0.371100 0.430300 0.440000 0.445600 0.440400 0.316900 0.448500 0.372400
goat 0.102800 0.620300 0.170300 0.723500 0.161900 0.102800 0.268300 0.133700 0.231700 0.492600 0.000000 0.194300 0.159300 0.191000 0.167800 0.210600 0.340100 0.402200 0.133200 0.231700 0.220100 0.026100 0.379400 0.500900 0.025600 0.154100 0.184200 0.258200 0.154000 0.255800 0.528800 0.139800 0.550100 0.159300 0.132800 0.202600 0.025300 0.135500 0.218100 0.422600 0.310100 0.153100 0.492600 0.395800 0.203100 0.251700 0.208900 0.195400 0.078300 0.197800 0.260000 0.203500
AfricanBuf 0.188200 0.505100 0.165300 0.657200 0.255100 0.188200 0.367800 0.224400 0.198900 0.440400 0.194300 0.000000 0.250600 0.287000 0.197800 0.240500 0.222000 0.354800 0.162300 0.198300 0.251800 0.167300 0.335300 0.447400 0.225400 0.126300 0.213900 0.224400 0.182200 0.222400 0.380500 0.235000 0.494400 0.250600 0.222600 0.169800 0.167300 0.227500 0.315400 0.372000 0.268100 0.125000 0.440400 0.349400 0.170200 0.319600 0.301400 0.225700 0.163700 0.228500 0.225900 0.170700
Topi 0.153600 0.592000 0.224400 0.687000 0.075500 0.153600 0.199700 0.074900 0.224900 0.472600 0.159300 0.250600 0.000000 0.127100 0.161900 0.147400 0.412800 0.387000 0.074600 0.224900 0.153500 0.133400 0.364700 0.435900 0.188500 0.148000 0.023200 0.250700 0.147800 0.248600 0.507300 0.078100 0.527100 0.000000 0.074500 0.135800 0.133400 0.104200 0.152300 0.405100 0.383400 0.147100 0.472600 0.381100 0.136000 0.111200 0.094900 0.130300 0.129900 0.254900 0.189300 0.197300
CommonDuik 0.184200 0.537300 0.194700 0.632100 0.160000 0.184200 0.173500 0.102400 0.194900 0.429200 0.191000 0.287000 0.127100 0.000000 0.133800 0.121900 0.467600 0.347000 0.099500 0.194900 0.183400 0.164600 0.414300 0.435600 0.221800 0.176900 0.151200 0.220700 0.176600 0.219100 0.463200 0.051900 0.480400 0.127100 0.101700 0.167100 0.164600 0.133900 0.182200 0.362700 0.344000 0.175700 0.429200 0.342000 0.232400 0.172600 0.121100 0.221800 0.159700 0.291800 0.222100 0.167600
Suni 0.161500 0.517400 0.053300 0.503000 0.106600 0.161500 0.272800 0.079300 0.053400 0.405400 0.167800 0.197800 0.161900 0.133800 0.000000 0.154800 0.348900 0.321400 0.135400 0.051200 0.223500 0.140600 0.303900 0.411600 0.198900 0.214200 0.187300 0.079200 0.214400 0.078600 0.440400 0.142200 0.457900 0.161900 0.135000 0.082500 0.140600 0.080300 0.221800 0.336700 0.318500 0.213200 0.405400 0.316600 0.143000 0.254900 0.153700 0.079600 0.136500 0.201300 0.079700 0.026800
Springbuck 0.202700 0.656300 0.213600 0.759100 0.179900 0.202700 0.247700 0.123900 0.214100 0.534900 0.210600 0.240500 0.147400 0.121900 0.154800 0.000000 0.387900 0.449500 0.072300 0.214100 0.096100 0.184700 0.515900 0.543400 0.240200 0.092100 0.118800 0.238500 0.045100 0.236400 0.471700 0.128900 0.590100 0.147400 0.123100 0.187400 0.185100 0.154900 0.201600 0.470600 0.445400 0.092300 0.534900 0.442700 0.250600 0.227600 0.090500 0.240000 0.179900 0.308200 0.240000 0.188200
Okapi 0.328600 0.389000 0.303700 0.514400 0.422600 0.328600 0.568800 0.379900 0.351500 0.172200 0.340100 0.222000 0.412800 0.467600 0.348900 0.387900 0.000000 0.175300 0.295100 0.351500 0.327200 0.307400 0.166200 0.174300 0.383200 0.313000 0.358800 0.383900 0.311600 0.379900 0.131300 0.403300 0.212700 0.412800 0.376000 0.315000 0.307400 0.386700 0.499900 0.105400 0.100200 0.309600 0.172200 0.172900 0.315900 0.426100 0.472900 0.385600 0.298500 0.351400 0.387500 0.317900
Giraffe 0.348400 0.356000 0.362800 0.479600 0.396300 0.348400 0.404800 0.353200 0.323600 0.140300 0.402200 0.354800 0.387000 0.347000 0.321400 0.449500 0.175300 0.000000 0.350900 0.323600 0.479000 0.366900 0.135400 0.142000 0.451200 0.455600 0.420200 0.357000 0.452000 0.314100 0.174100 0.283500 0.180500 0.387000 0.349500 0.286600 0.366900 0.359700 0.474200 0.071600 0.068000 0.449000 0.140300 0.067700 0.287500 0.440300 0.448900 0.358700 0.355500 0.323500 0.360400 0.288300
TibetanAnt 0.128300 0.547100 0.196700 0.643300 0.104100 0.128300 0.175200 0.050200 0.197200 0.434300 0.133200 0.162300 0.074600 0.099500 0.135400 0.072300 0.295100 0.350900 0.000000 0.197200 0.075200 0.107100 0.418500 0.441000 0.162000 0.072500 0.048100 0.223100 0.072400 0.221100 0.376200 0.052300 0.486500 0.074600 0.049200 0.169000 0.107100 0.078500 0.127400 0.367500 0.347700 0.070600 0.434300 0.345600 0.169300 0.144200 0.122300 0.161900 0.104200 0.227100 0.224600 0.169800
Sitatunga 0.224500 0.523600 0.080500 0.508000 0.166100 0.224500 0.342600 0.137100 0.000000 0.409200 0.231700 0.198300 0.224900 0.194900 0.051200 0.214100 0.351500 0.323600 0.197200 0.000000 0.291800 0.203700 0.305900 0.415600 0.265300 0.280100 0.251100 0.024800 0.279200 0.078700 0.445000 0.207700 0.462500 0.224900 0.196600 0.082600 0.203700 0.139000 0.289300 0.339300 0.320700 0.277600 0.409200 0.318700 0.143300 0.290500 0.212700 0.137900 0.199000 0.201800 0.025900 0.026800
Oribi 0.211100 0.585400 0.290600 0.689300 0.187600 0.211100 0.258100 0.129000 0.291800 0.468400 0.220100 0.251800 0.153500 0.183400 0.223500 0.096100 0.327200 0.479000 0.075200 0.291800 0.000000 0.193300 0.550600 0.475900 0.251100 0.096300 0.123400 0.317700 0.096300 0.314100 0.408300 0.134500 0.521400 0.153500 0.128200 0.262100 0.193300 0.161600 0.210300 0.403400 0.474200 0.095800 0.468400 0.471000 0.262700 0.173400 0.145300 0.251000 0.187800 0.323400 0.320100 0.263800
BarbaryShe 0.077600 0.577800 0.143200 0.681100 0.135600 0.077600 0.242400 0.107600 0.203700 0.455600 0.026100 0.167300 0.133400 0.164600 0.140600 0.184700 0.307400 0.366900 0.107100 0.203700 0.193300 0.000000 0.346400 0.463100 0.052800 0.129000 0.158700 0.230500 0.128900 0.229500 0.491800 0.112400 0.511700 0.133400 0.106800 0.174600 0.000000 0.109000 0.191700 0.385300 0.277100 0.128200 0.455600 0.361200 0.175000 0.221900 0.183700 0.168300 0.052500 0.234700 0.232100 0.175300
Daviddeer 0.367800 0.434900 0.262100 0.449600 0.291600 0.367800 0.510700 0.334000 0.305900 0.208300 0.379400 0.335300 0.364700 0.414300 0.303900 0.515900 0.166200 0.135400 0.418500 0.305900 0.550600 0.346400 0.000000 0.210900 0.425200 0.430700 0.396300 0.337700 0.427600 0.335200 0.241700 0.351300 0.250400 0.364700 0.416800 0.270200 0.346400 0.340000 0.545300 0.141200 0.064600 0.424800 0.208300 0.133600 0.270900 0.411800 0.423600 0.258200 0.337100 0.392800 0.259000 0.272700
Reindeer 0.482100 0.261300 0.457800 0.476400 0.492800 0.482100 0.440500 0.444200 0.415600 0.139500 0.500900 0.447400 0.435900 0.435600 0.411600 0.543400 0.174300 0.142000 0.441000 0.415600 0.475900 0.463100 0.210900 0.000000 0.557400 0.552800 0.470400 0.450900 0.547000 0.351200 0.173100 0.370100 0.179400 0.435900 0.439100 0.375500 0.463100 0.452900 0.577100 0.071200 0.140800 0.543500 0.139500 0.067300 0.376700 0.437200 0.543700 0.452600 0.447200 0.414400 0.455800 0.378400
Ibex 0.130400 0.686200 0.202100 0.792100 0.191700 0.130400 0.300000 0.162700 0.265300 0.547500 0.025600 0.225400 0.188500 0.221800 0.198900 0.240200 0.383200 0.451200 0.162000 0.265300 0.251100 0.052800 0.425200 0.557400 0.000000 0.182200 0.213800 0.292100 0.181900 0.289600 0.585700 0.170100 0.609700 0.188500 0.161600 0.235500 0.052800 0.165000 0.249000 0.474400 0.352900 0.180900 0.547500 0.443700 0.236000 0.288200 0.238600 0.227100 0.105800 0.229500 0.294200 0.236600
GyrantGaze 0.148500 0.616000 0.216200 0.778800 0.180700 0.148500 0.248900 0.124300 0.280100 0.543800 0.154100 0.126300 0.148000 0.176900 0.214200 0.092100 0.313000 0.455600 0.072500 0.280100 0.096300 0.129000 0.430700 0.552800 0.182200 0.000000 0.119100 0.305300 0.045400 0.302300 0.478200 0.129400 0.601600 0.148000 0.123500 0.251700 0.129000 0.155500 0.202500 0.477600 0.363800 0.045200 0.543800 0.448500 0.252200 0.228900 0.141200 0.241300 0.125600 0.310400 0.307400 0.253100
Hartebeest 0.177800 0.630100 0.250700 0.724800 0.099900 0.177800 0.223000 0.098900 0.251100 0.507300 0.184200 0.213900 0.023200 0.151200 0.187300 0.118800 0.358800 0.420200 0.048100 0.251100 0.123400 0.158700 0.396300 0.470400 0.213800 0.119100 0.000000 0.276700 0.119000 0.274500 0.444400 0.103000 0.563100 0.023200 0.098300 0.161600 0.158700 0.129100 0.176100 0.439600 0.416300 0.118400 0.507300 0.413700 0.161800 0.137600 0.117600 0.155100 0.154500 0.280900 0.214700 0.224100
Bongo 0.250500 0.561100 0.106300 0.542600 0.191900 0.250500 0.368300 0.162800 0.024700 0.443900 0.258200 0.224400 0.250700 0.220700 0.079200 0.238500 0.383900 0.357000 0.223100 0.024800 0.317700 0.230500 0.337700 0.450900 0.292100 0.305300 0.276700 0.000000 0.304200 0.104000 0.479900 0.234900 0.498200 0.250700 0.222500 0.109000 0.230500 0.165100 0.315200 0.373900 0.353700 0.302500 0.443900 0.351600 0.170300 0.319500 0.237200 0.163800 0.225200 0.228400 0.051200 0.053100
Gerenuk 0.148300 0.662500 0.215700 0.766600 0.180400 0.148300 0.248400 0.124200 0.279200 0.538300 0.154000 0.182200 0.147800 0.176600 0.214400 0.045100 0.311600 0.452000 0.072400 0.279200 0.096300 0.128900 0.427600 0.547000 0.181900 0.045400 0.119000 0.304200 0.000000 0.301200 0.474300 0.129800 0.594100 0.147800 0.123400 0.250900 0.128900 0.155300 0.202100 0.473500 0.361700 0.044500 0.538300 0.445000 0.251500 0.228400 0.141000 0.240700 0.125500 0.309400 0.306300 0.252300
CommonElan 0.186000 0.443900 0.105600 0.535200 0.190400 0.186000 0.234300 0.161400 0.078700 0.439200 0.255800 0.222400 0.248600 0.219100 0.078600 0.236400 0.379900 0.314100 0.221100 0.078700 0.314100 0.229500 0.335200 0.351200 0.289600 0.302300 0.274500 0.104000 0.301200 0.000000 0.475000 0.232700 0.492600 0.248600 0.220500 0.108200 0.228600 0.163700 0.312100 0.369700 0.350400 0.299600 0.439200 0.265600 0.169000 0.315800 0.235400 0.162600 0.223100 0.226300 0.104600 0.052700
MuntiacusR 0.510100 0.384600 0.487000 0.399900 0.520800 0.510100 0.562700 0.471800 0.445000 0.031700 0.528800 0.380500 0.507300 0.463200 0.440400 0.471700 0.131300 0.174100 0.376200 0.445000 0.408300 0.491800 0.241700 0.173100 0.585700 0.478200 0.444400 0.479900 0.474300 0.475000 0.000000 0.398900 0.211200 0.507300 0.466400 0.405400 0.491800 0.481100 0.602900 0.104600 0.172700 0.471300 0.031700 0.171800 0.406700 0.466900 0.472000 0.481400 0.475100 0.350100 0.485100 0.409400
HarveysDui 0.134400 0.470500 0.207100 0.566400 0.109100 0.134400 0.126700 0.052500 0.207700 0.364700 0.139800 0.235000 0.078100 0.051900 0.142200 0.128900 0.403300 0.283500 0.052300 0.207700 0.134500 0.112400 0.351300 0.370100 0.170100 0.129400 0.103000 0.234900 0.129800 0.232700 0.398900 0.000000 0.414400 0.078100 0.052200 0.178000 0.112400 0.082300 0.133300 0.297100 0.281100 0.128500 0.364700 0.279400 0.178300 0.118200 0.127800 0.170200 0.109200 0.239100 0.236600 0.178600
Pronghorn 0.428400 0.303200 0.506200 0.416700 0.541600 0.428400 0.482600 0.490400 0.462500 0.177300 0.550100 0.494400 0.527100 0.480400 0.457900 0.590100 0.212700 0.180500 0.486500 0.462500 0.521400 0.511700 0.250400 0.179400 0.609700 0.601600 0.563100 0.498200 0.594100 0.492600 0.211200 0.414400 0.000000 0.527100 0.484600 0.421200 0.511700 0.500400 0.516200 0.108500 0.179000 0.590100 0.177300 0.178000 0.422700 0.486400 0.590900 0.399400 0.494000 0.460800 0.504100 0.424300
BlueWildeb 0.153600 0.592000 0.224400 0.687000 0.075500 0.153600 0.199700 0.074900 0.224900 0.472600 0.159300 0.250600 0.000000 0.127100 0.161900 0.147400 0.412800 0.387000 0.074600 0.224900 0.153500 0.133400 0.364700 0.435900 0.188500 0.148000 0.023200 0.250700 0.147800 0.248600 0.507300 0.078100 0.527100 0.000000 0.074500 0.135800 0.133400 0.104200 0.152300 0.405100 0.383400 0.147100 0.472600 0.381100 0.136000 0.111200 0.094900 0.130300 0.129900 0.254900 0.189300 0.197300
Gemsbok 0.128000 0.544300 0.196100 0.640400 0.103800 0.128000 0.174800 0.050100 0.195100 0.432400 0.132800 0.222600 0.074500 0.101700 0.135000 0.123100 0.376000 0.349500 0.049200 0.196600 0.128200 0.106800 0.416800 0.439100 0.161600 0.123500 0.098300 0.222500 0.123400 0.220500 0.466400 0.052200 0.484600 0.074500 0.000000 0.168500 0.106800 0.078300 0.127200 0.366000 0.346400 0.122700 0.432400 0.344300 0.168800 0.143800 0.122100 0.161500 0.103900 0.226400 0.223900 0.169100
Yak 0.196400 0.480200 0.110700 0.577600 0.138100 0.196400 0.313300 0.169800 0.082600 0.369900 0.202600 0.169800 0.135800 0.167100 0.082500 0.187400 0.315000 0.286600 0.169000 0.082600 0.262100 0.174600 0.270200 0.375500 0.235500 0.251700 0.161600 0.109000 0.250900 0.108200 0.405400 0.178000 0.421200 0.135800 0.168500 0.000000 0.174600 0.172200 0.259900 0.300200 0.284100 0.249500 0.369900 0.282400 0.055500 0.185600 0.128900 0.110100 0.170900 0.173000 0.053100 0.055300
BlueSheep 0.077600 0.577800 0.143200 0.681100 0.135600 0.077600 0.242400 0.107600 0.203700 0.455600 0.025300 0.167300 0.133400 0.164600 0.140600 0.185100 0.307400 0.366900 0.107100 0.203700 0.193300 0.000000 0.346400 0.463100 0.052800 0.129000 0.158700 0.230500 0.128900 0.228600 0.491800 0.112400 0.511700 0.133400 0.106800 0.174600 0.000000 0.109000 0.191700 0.385300 0.277100 0.128200 0.455600 0.361200 0.175000 0.221900 0.183700 0.168300 0.052500 0.234700 0.232100 0.175300
BohorReedb 0.130500 0.564100 0.138700 0.545800 0.024400 0.130500 0.210200 0.024600 0.139000 0.445900 0.135500 0.227500 0.104200 0.133900 0.080300 0.154900 0.386700 0.359700 0.078500 0.139000 0.161600 0.109000 0.340000 0.452900 0.165000 0.155500 0.129100 0.165100 0.155300 0.163700 0.481100 0.082300 0.500400 0.104200 0.078300 0.172200 0.109000 0.000000 0.160400 0.377100 0.356400 0.154500 0.445900 0.354200 0.172600 0.183000 0.153800 0.106700 0.106000 0.231500 0.166100 0.111600
KirksDik 0.153000 0.578600 0.288500 0.670400 0.186300 0.153000 0.199100 0.128000 0.289300 0.566900 0.218100 0.315400 0.152300 0.182200 0.221800 0.201600 0.499900 0.474200 0.127400 0.289300 0.210300 0.191700 0.545300 0.577100 0.249000 0.202500 0.176100 0.315200 0.202100 0.312100 0.602900 0.133300 0.516200 0.152300 0.127200 0.259900 0.191700 0.160400 0.000000 0.498100 0.469600 0.201100 0.566900 0.466400 0.260500 0.236400 0.199900 0.187600 0.186400 0.320500 0.317500 0.261100
RoeDeer 0.406000 0.276100 0.380100 0.390600 0.415400 0.406000 0.463800 0.370100 0.339300 0.070400 0.422600 0.372000 0.405100 0.362700 0.336700 0.470600 0.105400 0.071600 0.367500 0.339300 0.403400 0.385300 0.141200 0.071200 0.474400 0.477600 0.439600 0.373900 0.473500 0.369700 0.104600 0.297100 0.108500 0.405100 0.366000 0.300200 0.385300 0.377100 0.498100 0.000000 0.071000 0.470300 0.067300 0.070700 0.301200 0.358400 0.469400 0.376000 0.372500 0.339200 0.377800 0.302200
WhiteLippe 0.300000 0.352700 0.273900 0.475000 0.392700 0.300000 0.439600 0.350000 0.320700 0.139200 0.310100 0.268100 0.383400 0.344000 0.318500 0.445400 0.100200 0.068000 0.347700 0.320700 0.474200 0.277100 0.064600 0.140800 0.352900 0.363800 0.416300 0.353700 0.361700 0.350400 0.172700 0.281100 0.179000 0.383400 0.346400 0.284100 0.277100 0.356400 0.469600 0.071000 0.000000 0.359300 0.139200 0.067200 0.284900 0.436000 0.444800 0.355400 0.269000 0.320500 0.357100 0.285800
ThomsonGaz 0.147600 0.658200 0.214500 0.761300 0.179400 0.147600 0.247200 0.123500 0.277600 0.534900 0.153100 0.125000 0.147100 0.175700 0.213200 0.092300 0.309600 0.449000 0.070600 0.277600 0.095800 0.128200 0.424800 0.543500 0.180900 0.045200 0.118400 0.302500 0.044500 0.299600 0.471300 0.128500 0.590100 0.147100 0.122700 0.249500 0.128200 0.154500 0.201100 0.470300 0.359300 0.000000 0.534900 0.442100 0.250000 0.227100 0.140400 0.239400 0.124900 0.307700 0.304600 0.250800
MuntiacusC 0.474600 0.348300 0.450700 0.362400 0.484900 0.474600 0.528900 0.437400 0.409200 0.000000 0.492600 0.440400 0.472600 0.429200 0.405400 0.534900 0.172200 0.140300 0.434300 0.409200 0.468400 0.455600 0.208300 0.139500 0.547500 0.543800 0.507300 0.443900 0.538300 0.439200 0.031700 0.364700 0.177300 0.472600 0.432400 0.369900 0.455600 0.445900 0.566900 0.067300 0.139200 0.534900 0.000000 0.138400 0.371100 0.430300 0.440000 0.445600 0.440400 0.316900 0.448500 0.372400
WhiteTaile 0.382300 0.259100 0.357200 0.471200 0.390200 0.382300 0.352700 0.347900 0.318700 0.138400 0.395800 0.349400 0.381100 0.342000 0.316600 0.442700 0.172900 0.067700 0.345600 0.318700 0.471000 0.361200 0.133600 0.067300 0.443700 0.448500 0.413700 0.351600 0.445000 0.265600 0.171800 0.279400 0.178000 0.381100 0.344300 0.282400 0.361200 0.354200 0.466400 0.070700 0.067200 0.442100 0.138400 0.000000 0.283200 0.432700 0.442000 0.353200 0.350100 0.318600 0.354800 0.284100
Cattle 0.196800 0.482200 0.172900 0.580200 0.138400 0.196800 0.314000 0.170100 0.143300 0.371100 0.203100 0.170200 0.136000 0.232400 0.143000 0.250600 0.315900 0.287500 0.169300 0.143300 0.262700 0.175000 0.270900 0.376700 0.236000 0.252200 0.161800 0.170300 0.251500 0.169000 0.406700 0.178300 0.422700 0.136000 0.168800 0.055500 0.175000 0.172600 0.260500 0.301200 0.284900 0.250000 0.371100 0.283200 0.000000 0.186000 0.187200 0.110300 0.171200 0.173300 0.110300 0.115100
RoyalAntel 0.239300 0.555000 0.281700 0.657400 0.146500 0.239300 0.254100 0.144900 0.290500 0.430300 0.251700 0.319600 0.111200 0.172600 0.254900 0.227600 0.426100 0.440300 0.144200 0.290500 0.173400 0.221900 0.411800 0.437200 0.288200 0.228900 0.137600 0.319500 0.228400 0.315800 0.466900 0.118200 0.486400 0.111200 0.143800 0.185600 0.221900 0.183000 0.236400 0.358400 0.436000 0.227100 0.430300 0.432700 0.186000 0.000000 0.163700 0.214000 0.213000 0.324800 0.246800 0.258800
Steenbok 0.201600 0.657900 0.212400 0.638900 0.123900 0.201600 0.246000 0.122800 0.212700 0.440000 0.208900 0.301400 0.094900 0.121100 0.153700 0.090500 0.472900 0.448900 0.122300 0.212700 0.145300 0.183700 0.423600 0.543700 0.238600 0.141200 0.117600 0.237200 0.141000 0.235400 0.472000 0.127800 0.590900 0.094900 0.122100 0.128900 0.183700 0.153800 0.199900 0.469400 0.444800 0.140400 0.440000 0.442000 0.187200 0.163700 0.000000 0.179500 0.178800 0.242800 0.179600 0.186600
Impala 0.130400 0.454700 0.137600 0.442200 0.077300 0.130400 0.237500 0.105300 0.137900 0.445600 0.195400 0.225700 0.130300 0.221800 0.079600 0.240000 0.385600 0.358700 0.161900 0.137900 0.251000 0.168300 0.258200 0.452600 0.227100 0.241300 0.155100 0.163800 0.240700 0.162600 0.481400 0.170200 0.399400 0.130300 0.161500 0.110100 0.168300 0.106700 0.187600 0.376000 0.355400 0.239400 0.445600 0.353200 0.110300 0.214000 0.179500 0.000000 0.163700 0.229700 0.106300 0.110700
Klipspring 0.075500 0.544000 0.137300 0.655300 0.132000 0.075500 0.235400 0.104600 0.199000 0.440400 0.078300 0.163700 0.129900 0.159700 0.136500 0.179900 0.298500 0.355500 0.104200 0.199000 0.187800 0.052500 0.337100 0.447200 0.105800 0.125600 0.154500 0.225200 0.125500 0.223100 0.475100 0.109200 0.494000 0.129900 0.103900 0.170900 0.052500 0.106000 0.186400 0.372500 0.269000 0.124900 0.440400 0.350100 0.171200 0.213000 0.178800 0.163700 0.000000 0.229100 0.227200 0.170000
ForestMusk 0.254300 0.564700 0.231800 0.549300 0.259500 0.254300 0.373300 0.229600 0.201800 0.316900 0.197800 0.228500 0.254900 0.291800 0.201300 0.308200 0.351400 0.323500 0.227100 0.201800 0.323400 0.234700 0.392800 0.414400 0.229500 0.310400 0.280900 0.228400 0.309400 0.226300 0.350100 0.239100 0.460800 0.254900 0.226400 0.173000 0.234700 0.231500 0.320500 0.339200 0.320500 0.307700 0.316900 0.318600 0.173300 0.324800 0.242800 0.229700 0.229100 0.000000 0.229900 0.173600
Bushbuck 0.252100 0.570500 0.106900 0.548500 0.133400 0.252100 0.371000 0.163800 0.024700 0.448500 0.260000 0.225900 0.189300 0.222100 0.079700 0.240000 0.387500 0.360400 0.224600 0.025900 0.320100 0.232100 0.259000 0.455800 0.294200 0.307400 0.214700 0.051200 0.306300 0.104600 0.485100 0.236600 0.504100 0.189300 0.223900 0.053100 0.232100 0.166100 0.317500 0.377800 0.357100 0.304600 0.448500 0.354800 0.110300 0.246800 0.179600 0.106300 0.227200 0.229900 0.000000 0.053400
GreaterKud 0.197100 0.477400 0.053900 0.470100 0.138900 0.197100 0.314500 0.110100 0.026800 0.372400 0.203500 0.170700 0.197300 0.167600 0.026800 0.188200 0.317900 0.288300 0.169800 0.026800 0.263800 0.175300 0.272700 0.378400 0.236600 0.253100 0.224100 0.053100 0.252300 0.052700 0.409400 0.178600 0.424300 0.197300 0.169100 0.055300 0.175300 0.111600 0.261100 0.302200 0.285800 0.250800 0.372400 0.284100 0.115100 0.258800 0.186600 0.110700 0.170000 0.173600 0.053400 0.000000
