CODONML (in paml version 4.10.7, June 2023)  /home/rachel/ruminants_paml/6406-phy-tree/ENSBTAT00000001522.fasta.phy
Model: free dN/dS Ratios for branches,  kappa = 2.000 fixed

Codon frequency model: F3x4
ns =  54  ls = 115

Codon usage in sequences
--------------------------------------------------------------------------------------------------------------------------------------
Phe TTT   4   4   4   4   3   3 | Ser TCT   2   2   2   3   2   2 | Tyr TAT   2   2   3   4   0   2 | Cys TGT   0   0   0   0   0   0
    TTC   1   1   1   1   2   2 |     TCC   0   0   0   0   1   0 |     TAC   6   6   5   4   8   6 |     TGC   0   0   0   0   0   0
Leu TTA   3   1   3   3   1   4 |     TCA   2   2   2   2   1   1 | *** TAA   0   0   0   0   0   0 | *** TGA   0   0   0   0   0   0
    TTG   2   2   2   3   1   1 |     TCG   1   1   1   1   1   2 |     TAG   0   0   0   0   0   0 | Trp TGG   2   2   2   2   2   2
--------------------------------------------------------------------------------------------------------------------------------------
Leu CTT   3   3   3   3   2   3 | Pro CCT   1   2   1   0   0   1 | His CAT   1   1   1   1   0   0 | Arg CGT   0   0   0   0   0   0
    CTC   1   1   1   1   2   1 |     CCC   1   1   1   1   3   1 |     CAC   2   2   2   2   3   3 |     CGC   1   1   1   1   1   1
    CTA   0   1   0   1   0   0 |     CCA   2   1   2   1   1   2 | Gln CAA   1   1   1   1   0   1 |     CGA   0   1   0   0   1   1
    CTG   2   3   2   1   5   2 |     CCG   1   1   1   1   1   1 |     CAG   1   1   1   1   2   1 |     CGG   1   0   1   1   1   0
--------------------------------------------------------------------------------------------------------------------------------------
Ile ATT   1   0   2   1   1   2 | Thr ACT   1   1   1   1   1   1 | Asn AAT   0   0   0   0   0   0 | Ser AGT   0   0   0   0   0   1
    ATC   1   2   0   1   2   0 |     ACC   0   0   0   0   1   0 |     AAC   2   2   2   2   1   2 |     AGC   2   2   2   2   3   1
    ATA   1   1   1   1   0   1 |     ACA   3   3   3   3   1   3 | Lys AAA   2   2   2   2   1   1 | Arg AGA   2   2   2   2   1   2
Met ATG   4   4   4   4   4   4 |     ACG   0   0   0   0   1   0 |     AAG   1   1   1   1   2   2 |     AGG   2   2   2   2   2   2
--------------------------------------------------------------------------------------------------------------------------------------
Val GTT   3   4   3   4   1   4 | Ala GCT   3   3   3   3   1   3 | Asp GAT   2   3   2   3   2   4 | Gly GGT   3   4   3   4   3   4
    GTC   4   3   4   3   5   3 |     GCC   3   3   3   3   3   3 |     GAC   2   1   2   1   2   0 |     GGC   4   3   4   3   4   3
    GTA   1   1   1   1   0   1 |     GCA   2   3   3   3   1   2 | Glu GAA   7   7   6   6   2   5 |     GGA   2   3   2   2   0   2
    GTG   3   3   3   3   5   3 |     GCG   1   0   0   0   4   1 |     GAG   8   8   9   8  13  10 |     GGG   2   1   2   3   4   2
--------------------------------------------------------------------------------------------------------------------------------------

--------------------------------------------------------------------------------------------------------------------------------------
Phe TTT   4   4   4   4   4   4 | Ser TCT   2   2   2   2   2   1 | Tyr TAT   3   2   1   2   3   2 | Cys TGT   0   0   0   0   0   0
    TTC   1   1   1   1   1   1 |     TCC   1   0   0   0   0   1 |     TAC   5   6   7   6   5   6 |     TGC   0   0   0   0   0   0
Leu TTA   3   3   3   3   3   2 |     TCA   2   2   2   2   2   2 | *** TAA   0   0   0   0   0   0 | *** TGA   0   0   0   0   0   0
    TTG   2   2   2   2   2   2 |     TCG   0   1   1   1   1   1 |     TAG   0   0   0   0   0   0 | Trp TGG   2   2   2   2   2   2
--------------------------------------------------------------------------------------------------------------------------------------
Leu CTT   3   3   3   3   3   3 | Pro CCT   1   1   2   1   1   1 | His CAT   1   1   1   1   1   1 | Arg CGT   0   0   0   0   0   0
    CTC   1   1   1   1   1   1 |     CCC   1   1   0   1   1   1 |     CAC   2   2   2   2   2   2 |     CGC   1   1   1   1   1   1
    CTA   0   0   0   0   0   1 |     CCA   2   2   2   2   2   2 | Gln CAA   1   1   1   1   1   1 |     CGA   0   0   0   1   0   0
    CTG   2   2   2   2   2   2 |     CCG   1   1   1   1   1   1 |     CAG   1   1   1   1   1   1 |     CGG   1   1   1   0   1   1
--------------------------------------------------------------------------------------------------------------------------------------
Ile ATT   1   1   1   2   2   1 | Thr ACT   1   1   1   1   1   1 | Asn AAT   0   0   0   0   0   0 | Ser AGT   0   0   0   1   0   0
    ATC   1   1   1   0   0   1 |     ACC   0   0   0   0   0   0 |     AAC   2   2   2   2   2   2 |     AGC   2   2   2   1   2   2
    ATA   1   1   1   1   1   1 |     ACA   3   3   3   3   3   3 | Lys AAA   2   2   2   2   2   2 | Arg AGA   2   2   2   2   2   2
Met ATG   4   4   4   4   4   4 |     ACG   0   0   0   0   0   0 |     AAG   1   1   1   1   1   1 |     AGG   2   2   2   2   2   2
--------------------------------------------------------------------------------------------------------------------------------------
Val GTT   3   3   3   4   3   3 | Ala GCT   3   3   3   3   3   3 | Asp GAT   2   2   2   2   2   2 | Gly GGT   3   3   2   3   3   3
    GTC   4   4   4   3   4   4 |     GCC   3   3   3   3   3   3 |     GAC   2   2   2   2   2   2 |     GGC   4   4   5   4   4   3
    GTA   1   1   1   1   1   1 |     GCA   3   2   3   3   3   2 | Glu GAA   6   7   6   6   6   7 |     GGA   2   2   2   2   2   3
    GTG   3   3   3   3   3   3 |     GCG   0   1   0   0   0   1 |     GAG   9   8   9   9   9   8 |     GGG   2   2   2   2   2   2
--------------------------------------------------------------------------------------------------------------------------------------

--------------------------------------------------------------------------------------------------------------------------------------
Phe TTT   4   4   4   4   4   4 | Ser TCT   2   2   2   2   2   2 | Tyr TAT   2   2   2   2   2   2 | Cys TGT   0   0   0   0   0   0
    TTC   1   1   1   1   1   1 |     TCC   0   0   0   0   0   0 |     TAC   6   6   6   6   6   6 |     TGC   0   0   0   0   0   0
Leu TTA   3   2   3   3   3   3 |     TCA   2   2   2   2   2   2 | *** TAA   0   0   0   0   0   0 | *** TGA   0   0   0   0   0   0
    TTG   2   2   2   2   2   2 |     TCG   1   1   1   1   1   1 |     TAG   0   0   0   0   0   0 | Trp TGG   2   2   2   2   2   2
--------------------------------------------------------------------------------------------------------------------------------------
Leu CTT   3   3   2   3   3   3 | Pro CCT   1   1   1   1   2   2 | His CAT   1   1   0   1   1   1 | Arg CGT   0   0   0   0   0   0
    CTC   1   1   2   1   1   1 |     CCC   1   1   1   1   0   0 |     CAC   2   2   3   2   2   2 |     CGC   1   1   1   1   1   1
    CTA   0   1   0   0   0   0 |     CCA   2   2   2   2   2   2 | Gln CAA   1   1   1   1   1   1 |     CGA   0   0   0   0   0   1
    CTG   2   2   2   2   2   2 |     CCG   1   1   1   1   1   1 |     CAG   1   1   1   1   1   1 |     CGG   1   1   1   1   1   0
--------------------------------------------------------------------------------------------------------------------------------------
Ile ATT   2   1   1   1   1   2 | Thr ACT   1   1   1   1   1   1 | Asn AAT   0   0   0   0   0   0 | Ser AGT   0   0   0   0   0   0
    ATC   0   1   1   1   1   0 |     ACC   0   0   0   0   0   0 |     AAC   2   2   2   2   2   2 |     AGC   2   2   2   2   2   2
    ATA   1   1   1   1   1   1 |     ACA   3   3   3   3   3   3 | Lys AAA   2   2   2   2   2   2 | Arg AGA   2   2   2   2   2   2
Met ATG   4   4   4   4   4   4 |     ACG   0   0   0   0   0   0 |     AAG   1   1   1   1   1   1 |     AGG   2   2   2   2   2   2
--------------------------------------------------------------------------------------------------------------------------------------
Val GTT   3   3   3   3   4   3 | Ala GCT   2   3   3   3   4   3 | Asp GAT   2   3   2   2   2   2 | Gly GGT   3   3   3   2   3   3
    GTC   4   4   4   4   3   4 |     GCC   4   3   3   3   2   3 |     GAC   2   1   2   2   2   2 |     GGC   4   4   4   5   4   4
    GTA   1   1   1   1   1   1 |     GCA   2   3   2   3   3   3 | Glu GAA   6   6   6   6   6   6 |     GGA   2   2   2   3   2   2
    GTG   3   3   3   3   3   3 |     GCG   1   0   1   0   0   0 |     GAG   9   9   9   9   9   9 |     GGG   2   2   2   1   2   2
--------------------------------------------------------------------------------------------------------------------------------------

--------------------------------------------------------------------------------------------------------------------------------------
Phe TTT   4   4   4   4   4   4 | Ser TCT   2   2   2   2   2   2 | Tyr TAT   2   2   2   3   2   2 | Cys TGT   0   0   0   0   0   0
    TTC   1   1   1   1   1   1 |     TCC   0   0   1   0   0   0 |     TAC   6   6   6   5   6   6 |     TGC   0   0   0   0   0   0
Leu TTA   2   2   3   3   3   3 |     TCA   2   2   2   2   2   2 | *** TAA   0   0   0   0   0   0 | *** TGA   0   0   0   0   0   0
    TTG   2   2   2   2   2   2 |     TCG   1   1   0   1   1   1 |     TAG   0   0   0   0   0   0 | Trp TGG   2   2   2   2   2   2
--------------------------------------------------------------------------------------------------------------------------------------
Leu CTT   3   3   3   3   3   3 | Pro CCT   2   1   1   1   1   1 | His CAT   1   1   1   1   1   1 | Arg CGT   0   0   0   0   0   0
    CTC   1   1   1   1   1   1 |     CCC   0   1   1   1   1   1 |     CAC   2   2   2   2   2   2 |     CGC   1   1   1   1   1   1
    CTA   1   1   0   0   1   0 |     CCA   2   2   2   2   2   2 | Gln CAA   1   1   1   1   1   1 |     CGA   0   0   0   0   1   0
    CTG   2   2   2   2   1   2 |     CCG   1   1   1   1   1   1 |     CAG   1   1   1   1   1   1 |     CGG   1   1   1   1   0   1
--------------------------------------------------------------------------------------------------------------------------------------
Ile ATT   1   1   1   2   2   1 | Thr ACT   1   1   1   1   1   1 | Asn AAT   0   0   0   0   0   0 | Ser AGT   0   0   1   0   0   0
    ATC   2   1   2   0   0   1 |     ACC   0   0   0   0   0   0 |     AAC   2   2   2   2   2   2 |     AGC   2   2   1   2   2   2
    ATA   0   1   0   1   1   1 |     ACA   3   3   3   3   3   3 | Lys AAA   2   2   2   2   2   2 | Arg AGA   2   2   2   2   2   2
Met ATG   4   4   4   4   4   4 |     ACG   0   0   0   0   0   0 |     AAG   1   1   1   1   1   1 |     AGG   2   2   2   2   2   2
--------------------------------------------------------------------------------------------------------------------------------------
Val GTT   4   4   3   3   3   3 | Ala GCT   3   3   3   3   3   2 | Asp GAT   4   3   2   2   2   2 | Gly GGT   3   3   3   3   3   3
    GTC   2   2   4   4   4   4 |     GCC   3   3   3   3   3   4 |     GAC   0   1   2   2   2   2 |     GGC   3   3   4   4   4   4
    GTA   1   1   1   1   1   1 |     GCA   3   3   2   3   3   2 | Glu GAA   7   7   6   6   6   6 |     GGA   3   3   2   2   2   2
    GTG   4   4   3   3   3   3 |     GCG   0   0   1   0   0   1 |     GAG   8   8   9   9   9   9 |     GGG   2   2   2   2   2   2
--------------------------------------------------------------------------------------------------------------------------------------

--------------------------------------------------------------------------------------------------------------------------------------
Phe TTT   4   4   4   4   4   4 | Ser TCT   1   1   2   2   2   2 | Tyr TAT   2   2   2   2   2   3 | Cys TGT   0   0   0   0   0   0
    TTC   1   1   1   1   1   1 |     TCC   1   1   0   0   0   0 |     TAC   6   6   6   6   6   5 |     TGC   0   0   0   0   0   0
Leu TTA   2   2   3   3   3   3 |     TCA   2   2   2   2   2   2 | *** TAA   0   0   0   0   0   0 | *** TGA   0   0   0   0   0   0
    TTG   2   2   2   2   2   2 |     TCG   1   1   1   1   1   1 |     TAG   0   0   0   0   0   0 | Trp TGG   2   2   2   2   2   2
--------------------------------------------------------------------------------------------------------------------------------------
Leu CTT   3   4   3   4   2   3 | Pro CCT   1   1   1   1   1   2 | His CAT   1   0   1   1   0   1 | Arg CGT   0   0   0   0   0   0
    CTC   1   1   1   0   2   1 |     CCC   1   1   1   1   1   0 |     CAC   2   3   2   2   3   2 |     CGC   1   1   1   1   1   1
    CTA   1   1   0   0   0   0 |     CCA   2   3   2   2   2   2 | Gln CAA   1   1   1   1   1   1 |     CGA   0   0   0   1   0   0
    CTG   2   1   2   2   2   2 |     CCG   1   0   1   1   1   1 |     CAG   1   1   1   1   1   1 |     CGG   1   1   1   0   1   1
--------------------------------------------------------------------------------------------------------------------------------------
Ile ATT   2   2   1   2   1   2 | Thr ACT   1   1   1   1   1   1 | Asn AAT   0   0   0   0   0   0 | Ser AGT   0   0   0   1   0   0
    ATC   1   0   1   0   1   0 |     ACC   0   0   0   0   0   0 |     AAC   2   2   2   2   2   2 |     AGC   2   2   2   1   2   2
    ATA   0   1   1   1   1   1 |     ACA   3   3   3   3   3   3 | Lys AAA   2   2   1   2   2   2 | Arg AGA   2   2   2   2   2   2
Met ATG   4   4   4   4   4   4 |     ACG   0   0   0   0   0   0 |     AAG   1   1   2   1   1   1 |     AGG   2   2   2   2   2   2
--------------------------------------------------------------------------------------------------------------------------------------
Val GTT   3   3   3   3   3   3 | Ala GCT   3   3   2   3   3   3 | Asp GAT   2   2   2   3   2   2 | Gly GGT   3   4   3   3   3   3
    GTC   4   5   4   4   4   4 |     GCC   3   3   4   3   3   3 |     GAC   2   2   2   1   2   2 |     GGC   3   3   4   4   4   4
    GTA   1   1   1   1   1   1 |     GCA   2   2   2   3   2   3 | Glu GAA   7   7   6   6   6   6 |     GGA   3   2   2   2   2   2
    GTG   3   2   3   3   3   3 |     GCG   1   1   1   0   1   0 |     GAG   8   8   9   9   9   9 |     GGG   2   2   2   2   2   2
--------------------------------------------------------------------------------------------------------------------------------------

--------------------------------------------------------------------------------------------------------------------------------------
Phe TTT   4   4   4   4   4   4 | Ser TCT   2   2   1   2   2   2 | Tyr TAT   2   2   2   1   2   2 | Cys TGT   0   0   0   0   0   0
    TTC   1   1   1   1   1   1 |     TCC   0   0   1   0   0   0 |     TAC   6   6   6   7   6   6 |     TGC   0   0   0   0   0   0
Leu TTA   2   3   2   3   3   3 |     TCA   2   2   2   2   2   2 | *** TAA   0   0   0   0   0   0 | *** TGA   0   0   0   0   0   0
    TTG   2   2   2   2   2   2 |     TCG   1   1   1   1   1   1 |     TAG   0   0   0   0   0   0 | Trp TGG   2   2   2   2   2   2
--------------------------------------------------------------------------------------------------------------------------------------
Leu CTT   3   3   3   3   3   2 | Pro CCT   1   1   1   1   2   1 | His CAT   1   2   1   1   1   1 | Arg CGT   0   0   0   0   0   0
    CTC   1   1   1   1   1   2 |     CCC   1   1   1   1   0   1 |     CAC   2   1   2   2   2   2 |     CGC   1   1   1   1   2   1
    CTA   1   0   1   0   0   0 |     CCA   2   2   2   2   2   2 | Gln CAA   1   1   1   1   1   1 |     CGA   1   0   0   0   0   0
    CTG   2   2   2   2   2   2 |     CCG   1   1   1   1   1   1 |     CAG   1   1   1   1   1   1 |     CGG   0   1   1   1   0   1
--------------------------------------------------------------------------------------------------------------------------------------
Ile ATT   2   2   1   1   1   1 | Thr ACT   1   1   1   1   1   1 | Asn AAT   0   0   0   0   0   0 | Ser AGT   0   0   0   0   1   0
    ATC   0   0   1   1   1   1 |     ACC   0   0   0   0   0   0 |     AAC   2   2   2   2   2   2 |     AGC   2   2   2   2   1   2
    ATA   1   1   1   1   1   1 |     ACA   3   3   3   3   3   3 | Lys AAA   2   2   2   2   2   2 | Arg AGA   2   2   2   2   1   2
Met ATG   4   4   4   4   4   4 |     ACG   0   0   0   0   0   0 |     AAG   1   1   1   1   1   1 |     AGG   2   2   2   2   3   2
--------------------------------------------------------------------------------------------------------------------------------------
Val GTT   3   3   3   3   3   3 | Ala GCT   3   3   3   3   2   3 | Asp GAT   3   2   2   2   3   2 | Gly GGT   3   3   3   2   3   3
    GTC   4   4   4   4   5   4 |     GCC   3   3   3   3   3   3 |     GAC   1   2   2   2   1   2 |     GGC   4   4   3   5   3   4
    GTA   1   1   1   1   1   1 |     GCA   3   3   2   3   3   2 | Glu GAA   6   6   7   6   7   6 |     GGA   2   2   3   2   3   2
    GTG   3   3   3   3   2   3 |     GCG   0   0   1   0   1   1 |     GAG   9   9   8   9   8   9 |     GGG   2   2   2   2   2   2
--------------------------------------------------------------------------------------------------------------------------------------

--------------------------------------------------------------------------------------------------------------------------------------
Phe TTT   5   4   4   4   4   4 | Ser TCT   2   2   2   2   2   1 | Tyr TAT   2   2   1   2   2   2 | Cys TGT   0   0   0   0   0   0
    TTC   1   1   1   1   1   1 |     TCC   0   0   0   1   0   1 |     TAC   6   6   7   6   6   6 |     TGC   0   0   0   0   0   0
Leu TTA   2   2   3   3   3   2 |     TCA   3   2   2   2   2   2 | *** TAA   0   0   0   0   0   0 | *** TGA   0   0   0   0   0   0
    TTG   2   2   2   2   3   2 |     TCG   0   1   1   0   1   1 |     TAG   0   0   0   0   0   0 | Trp TGG   2   2   2   2   2   2
--------------------------------------------------------------------------------------------------------------------------------------
Leu CTT   3   3   3   3   3   3 | Pro CCT   2   1   1   1   1   1 | His CAT   2   1   1   1   0   0 | Arg CGT   0   0   0   0   0   0
    CTC   2   1   1   1   1   1 |     CCC   0   1   1   1   1   1 |     CAC   1   2   2   2   3   3 |     CGC   1   1   1   1   1   1
    CTA   0   1   0   0   0   1 |     CCA   2   2   2   2   2   3 | Gln CAA   1   1   1   1   1   1 |     CGA   0   0   0   0   1   0
    CTG   1   2   2   2   1   2 |     CCG   1   1   1   1   1   0 |     CAG   1   1   1   1   1   1 |     CGG   1   1   1   1   0   1
--------------------------------------------------------------------------------------------------------------------------------------
Ile ATT   1   1   1   1   2   1 | Thr ACT   1   1   1   1   1   1 | Asn AAT   0   0   0   0   0   0 | Ser AGT   0   0   0   0   0   0
    ATC   1   1   1   1   0   1 |     ACC   0   0   0   0   0   0 |     AAC   2   2   2   2   2   2 |     AGC   2   2   2   2   2   2
    ATA   1   1   1   1   1   1 |     ACA   3   3   3   3   3   3 | Lys AAA   2   2   2   2   2   2 | Arg AGA   2   2   2   2   2   2
Met ATG   4   4   4   4   4   4 |     ACG   0   0   0   0   0   0 |     AAG   1   1   1   1   1   1 |     AGG   2   2   2   2   2   2
--------------------------------------------------------------------------------------------------------------------------------------
Val GTT   4   3   3   3   3   3 | Ala GCT   3   3   2   3   3   3 | Asp GAT   2   3   2   2   3   2 | Gly GGT   3   3   3   3   3   4
    GTC   3   4   4   4   4   4 |     GCC   3   3   4   3   3   3 |     GAC   2   1   2   2   1   2 |     GGC   4   4   4   4   4   3
    GTA   1   1   1   1   1   1 |     GCA   3   3   2   3   3   2 | Glu GAA   6   6   6   6   6   7 |     GGA   2   2   2   2   2   2
    GTG   3   3   3   3   3   3 |     GCG   0   0   1   0   0   1 |     GAG   9   9   9   9   9   8 |     GGG   2   2   2   2   2   2
--------------------------------------------------------------------------------------------------------------------------------------

--------------------------------------------------------------------------------------------------------------------------------------
Phe TTT   4   4   4   4   4   4 | Ser TCT   1   2   1   1   2   2 | Tyr TAT   2   2   2   2   2   2 | Cys TGT   0   0   0   0   0   0
    TTC   1   1   1   1   1   1 |     TCC   1   0   1   1   0   0 |     TAC   6   6   6   6   6   6 |     TGC   0   0   0   0   0   0
Leu TTA   2   3   2   2   2   2 |     TCA   2   2   2   2   2   2 | *** TAA   0   0   0   0   0   0 | *** TGA   0   0   0   0   0   0
    TTG   2   2   2   2   2   2 |     TCG   1   1   1   1   1   1 |     TAG   0   0   0   0   0   0 | Trp TGG   2   2   2   2   2   2
--------------------------------------------------------------------------------------------------------------------------------------
Leu CTT   3   3   3   3   3   3 | Pro CCT   1   1   1   1   1   1 | His CAT   1   1   1   0   1   1 | Arg CGT   0   0   0   0   0   0
    CTC   1   1   1   1   1   1 |     CCC   1   1   1   1   1   1 |     CAC   2   2   2   3   2   2 |     CGC   1   1   1   1   1   1
    CTA   1   0   1   1   1   1 |     CCA   2   2   2   3   2   2 | Gln CAA   1   1   1   1   1   1 |     CGA   0   1   0   0   0   0
    CTG   2   2   2   2   2   2 |     CCG   1   1   1   0   1   1 |     CAG   1   1   1   1   1   1 |     CGG   1   0   1   1   1   1
--------------------------------------------------------------------------------------------------------------------------------------
Ile ATT   2   2   1   2   1   1 | Thr ACT   1   1   1   1   1   1 | Asn AAT   0   0   0   0   0   0 | Ser AGT   0   0   0   0   0   0
    ATC   1   0   1   0   1   2 |     ACC   0   0   0   0   0   0 |     AAC   2   2   2   2   2   2 |     AGC   2   2   2   2   2   2
    ATA   0   1   1   1   1   0 |     ACA   3   3   3   3   3   3 | Lys AAA   2   2   2   2   2   2 | Arg AGA   2   2   2   2   2   2
Met ATG   4   4   4   4   4   4 |     ACG   0   0   0   0   0   0 |     AAG   1   1   1   1   1   1 |     AGG   2   2   2   2   2   2
--------------------------------------------------------------------------------------------------------------------------------------
Val GTT   3   3   3   3   3   2 | Ala GCT   3   3   3   3   3   3 | Asp GAT   2   3   2   2   2   2 | Gly GGT   3   3   3   4   3   3
    GTC   4   4   4   4   4   5 |     GCC   3   3   3   3   3   3 |     GAC   2   1   2   2   2   2 |     GGC   3   4   3   3   4   4
    GTA   1   1   1   1   1   1 |     GCA   2   3   2   2   3   2 | Glu GAA   8   6   7   7   7   6 |     GGA   3   2   3   2   2   2
    GTG   3   3   3   3   3   3 |     GCG   1   0   1   1   0   1 |     GAG   7   9   8   8   8   9 |     GGG   2   2   2   2   2   2
--------------------------------------------------------------------------------------------------------------------------------------

--------------------------------------------------------------------------------------------------------------------------------------
Phe TTT   4   4   4   4   4   4 | Ser TCT   2   2   2   2   2   2 | Tyr TAT   2   2   3   4   3   3 | Cys TGT   0   0   0   0   0   0
    TTC   1   1   1   1   1   1 |     TCC   0   0   0   0   0   0 |     TAC   6   6   5   4   5   5 |     TGC   0   0   0   0   0   0
Leu TTA   3   3   3   3   3   3 |     TCA   2   2   2   2   2   2 | *** TAA   0   0   0   0   0   0 | *** TGA   0   0   0   0   0   0
    TTG   2   2   2   3   2   2 |     TCG   1   1   1   1   1   1 |     TAG   0   0   0   0   0   0 | Trp TGG   2   2   2   2   2   2
--------------------------------------------------------------------------------------------------------------------------------------
Leu CTT   3   2   3   3   3   3 | Pro CCT   1   1   1   1   1   1 | His CAT   1   1   1   1   1   2 | Arg CGT   0   0   0   1   0   0
    CTC   1   1   1   1   1   1 |     CCC   1   1   1   2   1   1 |     CAC   2   2   2   2   2   1 |     CGC   1   1   1   0   1   1
    CTA   0   2   0   0   0   0 |     CCA   2   2   2   1   2   2 | Gln CAA   1   1   1   1   1   1 |     CGA   1   0   0   0   0   0
    CTG   2   1   2   1   2   2 |     CCG   1   1   1   1   1   1 |     CAG   1   1   1   1   1   1 |     CGG   0   1   1   1   1   1
--------------------------------------------------------------------------------------------------------------------------------------
Ile ATT   2   1   2   1   2   2 | Thr ACT   1   1   1   1   1   1 | Asn AAT   0   0   0   0   0   0 | Ser AGT   0   0   0   0   0   0
    ATC   0   1   0   1   0   0 |     ACC   0   0   0   0   0   0 |     AAC   2   2   2   2   2   2 |     AGC   2   2   2   2   2   2
    ATA   1   1   1   1   1   1 |     ACA   3   3   3   3   3   3 | Lys AAA   2   2   2   2   2   2 | Arg AGA   2   2   2   2   2   2
Met ATG   4   4   4   4   4   4 |     ACG   0   0   0   0   0   0 |     AAG   1   1   1   1   1   1 |     AGG   2   2   2   2   2   2
--------------------------------------------------------------------------------------------------------------------------------------
Val GTT   4   4   3   3   3   3 | Ala GCT   3   3   3   3   3   3 | Asp GAT   2   2   2   3   2   2 | Gly GGT   3   3   3   3   3   3
    GTC   3   3   4   4   4   4 |     GCC   3   3   3   3   3   3 |     GAC   2   2   2   1   2   2 |     GGC   4   4   4   3   4   4
    GTA   1   1   1   1   1   1 |     GCA   3   3   3   3   3   3 | Glu GAA   6   6   6   6   6   6 |     GGA   2   2   2   3   2   2
    GTG   3   3   3   3   3   3 |     GCG   0   0   0   0   0   0 |     GAG   9   9   9   9   9   9 |     GGG   2   2   2   2   2   2
--------------------------------------------------------------------------------------------------------------------------------------

Codon position x base (3x4) table for each sequence.

#1: Argali         
position  1:    T:0.21739    C:0.15652    A:0.19130    G:0.43478
position  2:    T:0.29565    C:0.20000    A:0.32174    G:0.18261
position  3:    T:0.22609    C:0.26087    A:0.24348    G:0.26957
Average         T:0.24638    C:0.20580    A:0.25217    G:0.29565

#2: LesserMouseDeer
position  1:    T:0.20000    C:0.17391    A:0.19130    G:0.43478
position  2:    T:0.29565    C:0.20000    A:0.32174    G:0.18261
position  3:    T:0.25217    C:0.24348    A:0.25217    G:0.25217
Average         T:0.24928    C:0.20580    A:0.25507    G:0.28986

#3: LesserKudu     
position  1:    T:0.21739    C:0.15652    A:0.19130    G:0.43478
position  2:    T:0.29565    C:0.20000    A:0.32174    G:0.18261
position  3:    T:0.24348    C:0.24348    A:0.24348    G:0.26957
Average         T:0.25217    C:0.20000    A:0.25217    G:0.29565

#4: ForestMuskDeer2
position  1:    T:0.23478    C:0.13913    A:0.19130    G:0.43478
position  2:    T:0.30435    C:0.19130    A:0.31304    G:0.19130
position  3:    T:0.26957    C:0.21739    A:0.24348    G:0.26957
Average         T:0.26957    C:0.18261    A:0.24928    G:0.29855

#5: Camel          
position  1:    T:0.19130    C:0.19130    A:0.18261    G:0.43478
position  2:    T:0.29565    C:0.20000    A:0.31304    G:0.19130
position  3:    T:0.13913    C:0.35652    A:0.08696    G:0.41739
Average         T:0.20870    C:0.24928    A:0.19420    G:0.34783

#6: KillerWhale    
position  1:    T:0.21739    C:0.15652    A:0.19130    G:0.43478
position  2:    T:0.29565    C:0.20000    A:0.32174    G:0.18261
position  3:    T:0.26087    C:0.22609    A:0.22609    G:0.28696
Average         T:0.25797    C:0.19420    A:0.24638    G:0.30145

#7: DefassaWaterbuck
position  1:    T:0.21739    C:0.15652    A:0.19130    G:0.43478
position  2:    T:0.29565    C:0.20000    A:0.32174    G:0.18261
position  3:    T:0.23478    C:0.26087    A:0.24348    G:0.26087
Average         T:0.24928    C:0.20580    A:0.25217    G:0.29275

#8: Sheep          
position  1:    T:0.21739    C:0.15652    A:0.19130    G:0.43478
position  2:    T:0.29565    C:0.20000    A:0.32174    G:0.18261
position  3:    T:0.22609    C:0.26087    A:0.24348    G:0.26957
Average         T:0.24638    C:0.20580    A:0.25217    G:0.29565

#9: MaxwellsDuiker 
position  1:    T:0.21739    C:0.15652    A:0.19130    G:0.43478
position  2:    T:0.29565    C:0.20000    A:0.32174    G:0.18261
position  3:    T:0.21739    C:0.26957    A:0.24348    G:0.26957
Average         T:0.24348    C:0.20870    A:0.25217    G:0.29565

#10: GazellaPrzewalskyi
position  1:    T:0.21739    C:0.15652    A:0.19130    G:0.43478
position  2:    T:0.29565    C:0.20000    A:0.32174    G:0.18261
position  3:    T:0.25217    C:0.23478    A:0.25217    G:0.26087
Average         T:0.25507    C:0.19710    A:0.25507    G:0.29275

#11: MountainNyala  
position  1:    T:0.21739    C:0.15652    A:0.19130    G:0.43478
position  2:    T:0.29565    C:0.20000    A:0.32174    G:0.18261
position  3:    T:0.24348    C:0.24348    A:0.24348    G:0.26957
Average         T:0.25217    C:0.20000    A:0.25217    G:0.29565

#12: MuntiacusMuntjak
position  1:    T:0.20870    C:0.16522    A:0.19130    G:0.43478
position  2:    T:0.29565    C:0.20000    A:0.32174    G:0.18261
position  3:    T:0.21739    C:0.26087    A:0.25217    G:0.26957
Average         T:0.24058    C:0.20870    A:0.25507    G:0.29565

#13: goat           
position  1:    T:0.21739    C:0.15652    A:0.19130    G:0.43478
position  2:    T:0.29565    C:0.20000    A:0.32174    G:0.18261
position  3:    T:0.22609    C:0.26087    A:0.23478    G:0.27826
Average         T:0.24638    C:0.20580    A:0.24928    G:0.29855

#14: AfricanBuffalo 
position  1:    T:0.20870    C:0.16522    A:0.19130    G:0.43478
position  2:    T:0.29565    C:0.20000    A:0.32174    G:0.18261
position  3:    T:0.23478    C:0.25217    A:0.24348    G:0.26957
Average         T:0.24638    C:0.20580    A:0.25217    G:0.29565

#15: Topi           
position  1:    T:0.21739    C:0.15652    A:0.19130    G:0.43478
position  2:    T:0.29565    C:0.20000    A:0.32174    G:0.18261
position  3:    T:0.20870    C:0.27826    A:0.23478    G:0.27826
Average         T:0.24058    C:0.21159    A:0.24928    G:0.29855

#16: CommonDuiker   
position  1:    T:0.21739    C:0.15652    A:0.19130    G:0.43478
position  2:    T:0.29565    C:0.20000    A:0.32174    G:0.18261
position  3:    T:0.21739    C:0.26957    A:0.25217    G:0.26087
Average         T:0.24348    C:0.20870    A:0.25507    G:0.29275

#17: Suni           
position  1:    T:0.21739    C:0.15652    A:0.19130    G:0.43478
position  2:    T:0.29565    C:0.20000    A:0.32174    G:0.18261
position  3:    T:0.25217    C:0.23478    A:0.24348    G:0.26957
Average         T:0.25507    C:0.19710    A:0.25217    G:0.29565

#18: Springbuck     
position  1:    T:0.21739    C:0.15652    A:0.19130    G:0.43478
position  2:    T:0.29565    C:0.20000    A:0.32174    G:0.18261
position  3:    T:0.24348    C:0.24348    A:0.25217    G:0.26087
Average         T:0.25217    C:0.20000    A:0.25507    G:0.29275

#19: Okapi          
position  1:    T:0.20870    C:0.16522    A:0.19130    G:0.43478
position  2:    T:0.29565    C:0.20000    A:0.32174    G:0.18261
position  3:    T:0.26087    C:0.21739    A:0.25217    G:0.26957
Average         T:0.25507    C:0.19420    A:0.25507    G:0.29565

#20: Giraffe        
position  1:    T:0.20870    C:0.16522    A:0.19130    G:0.43478
position  2:    T:0.29565    C:0.20000    A:0.32174    G:0.18261
position  3:    T:0.24348    C:0.22609    A:0.26087    G:0.26957
Average         T:0.24928    C:0.19710    A:0.25797    G:0.29565

#21: TibetanAntelope
position  1:    T:0.21739    C:0.15652    A:0.19130    G:0.43478
position  2:    T:0.29565    C:0.20000    A:0.32174    G:0.18261
position  3:    T:0.23478    C:0.26957    A:0.22609    G:0.26957
Average         T:0.24928    C:0.20870    A:0.24638    G:0.29565

#22: Sitatunga      
position  1:    T:0.21739    C:0.15652    A:0.19130    G:0.43478
position  2:    T:0.29565    C:0.20000    A:0.32174    G:0.18261
position  3:    T:0.24348    C:0.24348    A:0.24348    G:0.26957
Average         T:0.25217    C:0.20000    A:0.25217    G:0.29565

#23: Oribi          
position  1:    T:0.21739    C:0.15652    A:0.19130    G:0.43478
position  2:    T:0.29565    C:0.20000    A:0.32174    G:0.18261
position  3:    T:0.23478    C:0.25217    A:0.26087    G:0.25217
Average         T:0.24928    C:0.20290    A:0.25797    G:0.28986

#24: BarbarySheep   
position  1:    T:0.21739    C:0.15652    A:0.19130    G:0.43478
position  2:    T:0.29565    C:0.20000    A:0.32174    G:0.18261
position  3:    T:0.21739    C:0.26957    A:0.23478    G:0.27826
Average         T:0.24348    C:0.20870    A:0.24928    G:0.29855

#25: Daviddeer      
position  1:    T:0.20870    C:0.16522    A:0.19130    G:0.43478
position  2:    T:0.29565    C:0.20000    A:0.32174    G:0.18261
position  3:    T:0.22609    C:0.26087    A:0.24348    G:0.26957
Average         T:0.24348    C:0.20870    A:0.25217    G:0.29565

#26: Reindeer       
position  1:    T:0.20870    C:0.16522    A:0.19130    G:0.43478
position  2:    T:0.29565    C:0.20000    A:0.32174    G:0.18261
position  3:    T:0.23478    C:0.26957    A:0.25217    G:0.24348
Average         T:0.24638    C:0.21159    A:0.25507    G:0.28696

#27: Ibex           
position  1:    T:0.21739    C:0.15652    A:0.19130    G:0.43478
position  2:    T:0.29565    C:0.20000    A:0.32174    G:0.18261
position  3:    T:0.21739    C:0.26957    A:0.22609    G:0.28696
Average         T:0.24348    C:0.20870    A:0.24638    G:0.30145

#28: GyrantGazelle  
position  1:    T:0.21739    C:0.15652    A:0.19130    G:0.43478
position  2:    T:0.29565    C:0.20000    A:0.32174    G:0.18261
position  3:    T:0.26087    C:0.22609    A:0.25217    G:0.26087
Average         T:0.25797    C:0.19420    A:0.25507    G:0.29275

#29: Hartebeest     
position  1:    T:0.21739    C:0.15652    A:0.19130    G:0.43478
position  2:    T:0.29565    C:0.20000    A:0.32174    G:0.18261
position  3:    T:0.20870    C:0.27826    A:0.23478    G:0.27826
Average         T:0.24058    C:0.21159    A:0.24928    G:0.29855

#30: Bongo          
position  1:    T:0.21739    C:0.15652    A:0.19130    G:0.43478
position  2:    T:0.29565    C:0.20000    A:0.32174    G:0.18261
position  3:    T:0.25217    C:0.23478    A:0.24348    G:0.26957
Average         T:0.25507    C:0.19710    A:0.25217    G:0.29565

#31: Gerenuk        
position  1:    T:0.20870    C:0.16522    A:0.19130    G:0.43478
position  2:    T:0.29565    C:0.20000    A:0.32174    G:0.18261
position  3:    T:0.24348    C:0.24348    A:0.25217    G:0.26087
Average         T:0.24928    C:0.20290    A:0.25507    G:0.29275

#32: CommonEland    
position  1:    T:0.21739    C:0.15652    A:0.19130    G:0.43478
position  2:    T:0.29565    C:0.20000    A:0.32174    G:0.18261
position  3:    T:0.24348    C:0.24348    A:0.24348    G:0.26957
Average         T:0.25217    C:0.20000    A:0.25217    G:0.29565

#33: MuntiacusReevesi
position  1:    T:0.20870    C:0.16522    A:0.19130    G:0.43478
position  2:    T:0.29565    C:0.20000    A:0.32174    G:0.18261
position  3:    T:0.21739    C:0.26087    A:0.25217    G:0.26957
Average         T:0.24058    C:0.20870    A:0.25507    G:0.29565

#34: HarveysDuiker  
position  1:    T:0.21739    C:0.15652    A:0.19130    G:0.43478
position  2:    T:0.29565    C:0.20000    A:0.32174    G:0.18261
position  3:    T:0.20870    C:0.27826    A:0.24348    G:0.26957
Average         T:0.24058    C:0.21159    A:0.25217    G:0.29565

#35: Pronghorn      
position  1:    T:0.21739    C:0.15652    A:0.19130    G:0.43478
position  2:    T:0.29565    C:0.20000    A:0.32174    G:0.18261
position  3:    T:0.24348    C:0.24348    A:0.25217    G:0.26087
Average         T:0.25217    C:0.20000    A:0.25507    G:0.29275

#36: BlueWildebeest 
position  1:    T:0.21739    C:0.15652    A:0.19130    G:0.43478
position  2:    T:0.29565    C:0.20000    A:0.32174    G:0.18261
position  3:    T:0.21739    C:0.26957    A:0.23478    G:0.27826
Average         T:0.24348    C:0.20870    A:0.24928    G:0.29855

#37: Gemsbok        
position  1:    T:0.21739    C:0.15652    A:0.19130    G:0.43478
position  2:    T:0.29565    C:0.20000    A:0.32174    G:0.18261
position  3:    T:0.26087    C:0.24348    A:0.24348    G:0.25217
Average         T:0.25797    C:0.20000    A:0.25217    G:0.28986

#38: Yak            
position  1:    T:0.20870    C:0.16522    A:0.19130    G:0.43478
position  2:    T:0.29565    C:0.20000    A:0.32174    G:0.18261
position  3:    T:0.23478    C:0.25217    A:0.24348    G:0.26957
Average         T:0.24638    C:0.20580    A:0.25217    G:0.29565

#39: BlueSheep      
position  1:    T:0.21739    C:0.15652    A:0.19130    G:0.43478
position  2:    T:0.29565    C:0.20000    A:0.32174    G:0.18261
position  3:    T:0.20870    C:0.27826    A:0.23478    G:0.27826
Average         T:0.24058    C:0.21159    A:0.24928    G:0.29855

#40: BohorReedbuck  
position  1:    T:0.21739    C:0.15652    A:0.19130    G:0.43478
position  2:    T:0.29565    C:0.20000    A:0.32174    G:0.18261
position  3:    T:0.22609    C:0.26957    A:0.24348    G:0.26087
Average         T:0.24638    C:0.20870    A:0.25217    G:0.29275

#41: KirksDik       
position  1:    T:0.22609    C:0.14783    A:0.19130    G:0.43478
position  2:    T:0.29565    C:0.20000    A:0.32174    G:0.18261
position  3:    T:0.23478    C:0.25217    A:0.25217    G:0.26087
Average         T:0.25217    C:0.20000    A:0.25507    G:0.29275

#42: RoeDeer        
position  1:    T:0.20870    C:0.16522    A:0.19130    G:0.43478
position  2:    T:0.29565    C:0.20000    A:0.32174    G:0.18261
position  3:    T:0.21739    C:0.26957    A:0.25217    G:0.26087
Average         T:0.24058    C:0.21159    A:0.25507    G:0.29275

#43: WhiteLippedDeer
position  1:    T:0.20870    C:0.16522    A:0.19130    G:0.43478
position  2:    T:0.29565    C:0.20000    A:0.32174    G:0.18261
position  3:    T:0.22609    C:0.26087    A:0.25217    G:0.26087
Average         T:0.24348    C:0.20870    A:0.25507    G:0.29275

#44: ThomsonGazelle 
position  1:    T:0.21739    C:0.15652    A:0.19130    G:0.43478
position  2:    T:0.29565    C:0.20000    A:0.32174    G:0.18261
position  3:    T:0.24348    C:0.24348    A:0.25217    G:0.26087
Average         T:0.25217    C:0.20000    A:0.25507    G:0.29275

#45: MuntiacusCrinifrons
position  1:    T:0.20870    C:0.16522    A:0.19130    G:0.43478
position  2:    T:0.29565    C:0.20000    A:0.32174    G:0.18261
position  3:    T:0.21739    C:0.26087    A:0.25217    G:0.26957
Average         T:0.24058    C:0.20870    A:0.25507    G:0.29565

#46: WhiteTailedDeer
position  1:    T:0.20870    C:0.16522    A:0.19130    G:0.43478
position  2:    T:0.29565    C:0.20000    A:0.32174    G:0.18261
position  3:    T:0.22609    C:0.26087    A:0.25217    G:0.26087
Average         T:0.24348    C:0.20870    A:0.25507    G:0.29275

#47: Cattle         
position  1:    T:0.20870    C:0.16522    A:0.19130    G:0.43478
position  2:    T:0.29565    C:0.20000    A:0.32174    G:0.18261
position  3:    T:0.22609    C:0.26087    A:0.25217    G:0.26087
Average         T:0.24348    C:0.20870    A:0.25507    G:0.29275

#48: RoyalAntelope  
position  1:    T:0.20870    C:0.16522    A:0.19130    G:0.43478
position  2:    T:0.29565    C:0.20000    A:0.32174    G:0.18261
position  3:    T:0.21739    C:0.27826    A:0.22609    G:0.27826
Average         T:0.24058    C:0.21449    A:0.24638    G:0.29855

#49: Steenbok       
position  1:    T:0.21739    C:0.15652    A:0.19130    G:0.43478
position  2:    T:0.29565    C:0.20000    A:0.32174    G:0.18261
position  3:    T:0.24348    C:0.24348    A:0.25217    G:0.26087
Average         T:0.25217    C:0.20000    A:0.25507    G:0.29275

#50: Impala         
position  1:    T:0.21739    C:0.15652    A:0.19130    G:0.43478
position  2:    T:0.29565    C:0.20000    A:0.32174    G:0.18261
position  3:    T:0.22609    C:0.25217    A:0.26087    G:0.26087
Average         T:0.24638    C:0.20290    A:0.25797    G:0.29275

#51: Klipspringer   
position  1:    T:0.21739    C:0.15652    A:0.19130    G:0.43478
position  2:    T:0.29565    C:0.20000    A:0.32174    G:0.18261
